region_4,timestep_6,value,scenario_1,parameter,technology_3
AT,h0505,0.4189616602698403,scr1995,avaStIn,bevFrtRoadLight
AT,h0506,0.44316263746287865,scr1995,avaStIn,bevFrtRoadLight
AT,h0507,0.4666151112420711,scr1995,avaStIn,bevFrtRoadLight
AT,h0508,0.45832645881139567,scr1995,avaStIn,bevFrtRoadLight
AT,h0509,0.4575215740258525,scr1995,avaStIn,bevFrtRoadLight
AT,h0510,0.4714802227826498,scr1995,avaStIn,bevFrtRoadLight
AT,h0511,0.45278396719135405,scr1995,avaStIn,bevFrtRoadLight
AT,h0512,0.4321968269076082,scr1995,avaStIn,bevFrtRoadLight
AT,h0513,0.41692976682231464,scr1995,avaStIn,bevFrtRoadLight
AT,h0514,0.4492241211131014,scr1995,avaStIn,bevFrtRoadLight
AT,h0515,0.48975714412554394,scr1995,avaStIn,bevFrtRoadLight
AT,h0516,0.5206617867481357,scr1995,avaStIn,bevFrtRoadLight
AT,h0517,0.5030312066648692,scr1995,avaStIn,bevFrtRoadLight
AT,h0518,0.46430567818254775,scr1995,avaStIn,bevFrtRoadLight
AT,h0519,0.3930115245300315,scr1995,avaStIn,bevFrtRoadLight
AT,h0520,0.3383128612832066,scr1995,avaStIn,bevFrtRoadLight
AT,h0521,0.2949078707645617,scr1995,avaStIn,bevFrtRoadLight
AT,h0522,0.30032532288300284,scr1995,avaStIn,bevFrtRoadLight
AT,h0523,0.37031889442133714,scr1995,avaStIn,bevFrtRoadLight
AT,h0524,0.439566819115495,scr1995,avaStIn,bevFrtRoadLight
AT,h0525,0.4842205316258411,scr1995,avaStIn,bevFrtRoadLight
AT,h0526,0.48177042584781093,scr1995,avaStIn,bevFrtRoadLight
AT,h0527,0.4649933341110367,scr1995,avaStIn,bevFrtRoadLight
AT,h0528,0.4421476660354571,scr1995,avaStIn,bevFrtRoadLight
AT,h0529,0.40457118840562833,scr1995,avaStIn,bevFrtRoadLight
AT,h0530,0.3965887476744546,scr1995,avaStIn,bevFrtRoadLight
AT,h0531,0.4189648810301997,scr1995,avaStIn,bevFrtRoadLight
AT,h0532,0.47669159584913956,scr1995,avaStIn,bevFrtRoadLight
AT,h0533,0.5156198975065492,scr1995,avaStIn,bevFrtRoadLight
AT,h0534,0.5320199439771598,scr1995,avaStIn,bevFrtRoadLight
AT,h0535,0.489664575276482,scr1995,avaStIn,bevFrtRoadLight
AT,h0536,0.445275594397034,scr1995,avaStIn,bevFrtRoadLight
AT,h0537,0.41692976682231464,scr1995,avaStIn,bevFrtRoadLight
AT,h0538,0.4492241211131014,scr1995,avaStIn,bevFrtRoadLight
AT,h0539,0.48975714412554394,scr1995,avaStIn,bevFrtRoadLight
AT,h0540,0.5206617867481357,scr1995,avaStIn,bevFrtRoadLight
AT,h0541,0.5280978832077089,scr1995,avaStIn,bevFrtRoadLight
AT,h0542,0.5124807931759494,scr1995,avaStIn,bevFrtRoadLight
AT,h0543,0.4761436847441386,scr1995,avaStIn,bevFrtRoadLight
AT,h0544,0.43500854961948865,scr1995,avaStIn,bevFrtRoadLight
AT,h0545,0.409416438142285,scr1995,avaStIn,bevFrtRoadLight
AT,h0546,0.41070005893656325,scr1995,avaStIn,bevFrtRoadLight
AT,h0547,0.43881390042054824,scr1995,avaStIn,bevFrtRoadLight
AT,h0548,0.46852756847703914,scr1995,avaStIn,bevFrtRoadLight
AT,h0549,0.4842205316258411,scr1995,avaStIn,bevFrtRoadLight
AT,h0550,0.48177042584781093,scr1995,avaStIn,bevFrtRoadLight
AT,h0551,0.4649933341110367,scr1995,avaStIn,bevFrtRoadLight
AT,h0552,0.4421476660354571,scr1995,avaStIn,bevFrtRoadLight
AT,h0553,0.4241707546574749,scr1995,avaStIn,bevFrtRoadLight
AT,h0554,0.42041737236492693,scr1995,avaStIn,bevFrtRoadLight
AT,h0555,0.4350085499835714,scr1995,avaStIn,bevFrtRoadLight
AT,h0556,0.4517463294475459,scr1995,avaStIn,bevFrtRoadLight
AT,h0557,0.4604138747613745,scr1995,avaStIn,bevFrtRoadLight
AT,h0558,0.45012798266384146,scr1995,avaStIn,bevFrtRoadLight
AT,h0559,0.4275548125092713,scr1995,avaStIn,bevFrtRoadLight
AT,h0560,0.40971929895410075,scr1995,avaStIn,bevFrtRoadLight
AT,h0561,0.41692976682231464,scr1995,avaStIn,bevFrtRoadLight
AT,h0562,0.4492241211131014,scr1995,avaStIn,bevFrtRoadLight
AT,h0563,0.48975714412554394,scr1995,avaStIn,bevFrtRoadLight
AT,h0564,0.5206617867481357,scr1995,avaStIn,bevFrtRoadLight
AT,h0565,0.49529424560017543,scr1995,avaStIn,bevFrtRoadLight
AT,h0566,0.4628450451116344,scr1995,avaStIn,bevFrtRoadLight
AT,h0567,0.4354358800677709,scr1995,avaStIn,bevFrtRoadLight
AT,h0568,0.46070491956491055,scr1995,avaStIn,bevFrtRoadLight
AT,h0569,0.49302297014458063,scr1995,avaStIn,bevFrtRoadLight
AT,h0570,0.5227219694183841,scr1995,avaStIn,bevFrtRoadLight
AT,h0571,0.4973028397836038,scr1995,avaStIn,bevFrtRoadLight
AT,h0572,0.44105087136717536,scr1995,avaStIn,bevFrtRoadLight
AT,h0573,0.3780715220810563,scr1995,avaStIn,bevFrtRoadLight
AT,h0574,0.3651732684624296,scr1995,avaStIn,bevFrtRoadLight
AT,h0575,0.37819407508686786,scr1995,avaStIn,bevFrtRoadLight
AT,h0576,0.39030528136459486,scr1995,avaStIn,bevFrtRoadLight
AT,h0577,0.39676844770380715,scr1995,avaStIn,bevFrtRoadLight
AT,h0578,0.394126679824481,scr1995,avaStIn,bevFrtRoadLight
AT,h0579,0.38987622113496045,scr1995,avaStIn,bevFrtRoadLight
AT,h0580,0.3949010730157553,scr1995,avaStIn,bevFrtRoadLight
AT,h0581,0.4070515770334633,scr1995,avaStIn,bevFrtRoadLight
AT,h0582,0.4208976614733183,scr1995,avaStIn,bevFrtRoadLight
AT,h0583,0.431200373449243,scr1995,avaStIn,bevFrtRoadLight
AT,h0584,0.4476631091420812,scr1995,avaStIn,bevFrtRoadLight
AT,h0585,0.459819945642168,scr1995,avaStIn,bevFrtRoadLight
AT,h0586,0.4680993229495969,scr1995,avaStIn,bevFrtRoadLight
AT,h0587,0.46486237923748064,scr1995,avaStIn,bevFrtRoadLight
AT,h0588,0.4365357697383475,scr1995,avaStIn,bevFrtRoadLight
AT,h0589,0.42024922761105055,scr1995,avaStIn,bevFrtRoadLight
AT,h0590,0.4096206610494807,scr1995,avaStIn,bevFrtRoadLight
AT,h0591,0.4354358800677709,scr1995,avaStIn,bevFrtRoadLight
AT,h0592,0.46070491956491055,scr1995,avaStIn,bevFrtRoadLight
AT,h0593,0.49302297014458063,scr1995,avaStIn,bevFrtRoadLight
AT,h0594,0.5227219694183841,scr1995,avaStIn,bevFrtRoadLight
AT,h0595,0.4973028397836038,scr1995,avaStIn,bevFrtRoadLight
AT,h0596,0.44105087136717536,scr1995,avaStIn,bevFrtRoadLight
AT,h0597,0.3780715220810563,scr1995,avaStIn,bevFrtRoadLight
AT,h0598,0.3651732684624296,scr1995,avaStIn,bevFrtRoadLight
AT,h0599,0.37819407508686786,scr1995,avaStIn,bevFrtRoadLight
AT,h0600,0.39030528136459486,scr1995,avaStIn,bevFrtRoadLight
AT,h0601,0.39676844770380715,scr1995,avaStIn,bevFrtRoadLight
AT,h0602,0.394126679824481,scr1995,avaStIn,bevFrtRoadLight
AT,h0603,0.38987622113496045,scr1995,avaStIn,bevFrtRoadLight
AT,h0604,0.3949010730157553,scr1995,avaStIn,bevFrtRoadLight
AT,h0605,0.4070515770334633,scr1995,avaStIn,bevFrtRoadLight
AT,h0606,0.4208976614733183,scr1995,avaStIn,bevFrtRoadLight
AT,h0607,0.431200373449243,scr1995,avaStIn,bevFrtRoadLight
AT,h0608,0.4476631091420812,scr1995,avaStIn,bevFrtRoadLight
AT,h0609,0.459819945642168,scr1995,avaStIn,bevFrtRoadLight
AT,h0610,0.4680993229495969,scr1995,avaStIn,bevFrtRoadLight
AT,h0611,0.46486237923748064,scr1995,avaStIn,bevFrtRoadLight
AT,h0612,0.4365357697383475,scr1995,avaStIn,bevFrtRoadLight
AT,h0613,0.42024922761105055,scr1995,avaStIn,bevFrtRoadLight
AT,h0614,0.4096206610494807,scr1995,avaStIn,bevFrtRoadLight
AT,h0615,0.4354358800677709,scr1995,avaStIn,bevFrtRoadLight
AT,h0616,0.46070491956491055,scr1995,avaStIn,bevFrtRoadLight
AT,h0617,0.49302297014458063,scr1995,avaStIn,bevFrtRoadLight
AT,h0618,0.5227219694183841,scr1995,avaStIn,bevFrtRoadLight
AT,h0619,0.5491092959310323,scr1995,avaStIn,bevFrtRoadLight
AT,h0620,0.5660273446388822,scr1995,avaStIn,bevFrtRoadLight
AT,h0621,0.5694377234652451,scr1995,avaStIn,bevFrtRoadLight
AT,h0622,0.5523077077296228,scr1995,avaStIn,bevFrtRoadLight
AT,h0623,0.5202159512310937,scr1995,avaStIn,bevFrtRoadLight
AT,h0624,0.47844313410101147,scr1995,avaStIn,bevFrtRoadLight
AT,h0625,0.4496409140263561,scr1995,avaStIn,bevFrtRoadLight
AT,h0626,0.43209058696765357,scr1995,avaStIn,bevFrtRoadLight
AT,h0627,0.41839596165892534,scr1995,avaStIn,bevFrtRoadLight
AT,h0628,0.39560193318277737,scr1995,avaStIn,bevFrtRoadLight
AT,h0629,0.3767263211064922,scr1995,avaStIn,bevFrtRoadLight
AT,h0630,0.3834870441325797,scr1995,avaStIn,bevFrtRoadLight
AT,h0631,0.41751535673084994,scr1995,avaStIn,bevFrtRoadLight
AT,h0632,0.46915180370731313,scr1995,avaStIn,bevFrtRoadLight
AT,h0633,0.508919129197644,scr1995,avaStIn,bevFrtRoadLight
AT,h0634,0.5246670544400583,scr1995,avaStIn,bevFrtRoadLight
AT,h0635,0.5146754500258794,scr1995,avaStIn,bevFrtRoadLight
AT,h0636,0.4951064908438997,scr1995,avaStIn,bevFrtRoadLight
AT,h0637,0.485940470592523,scr1995,avaStIn,bevFrtRoadLight
AT,h0638,0.4874922753166979,scr1995,avaStIn,bevFrtRoadLight
AT,h0639,0.49902806979994396,scr1995,avaStIn,bevFrtRoadLight
AT,h0640,0.5156345122766356,scr1995,avaStIn,bevFrtRoadLight
AT,h0641,0.5202103771791662,scr1995,avaStIn,bevFrtRoadLight
AT,h0642,0.509835145303465,scr1995,avaStIn,bevFrtRoadLight
AT,h0643,0.47835906407490014,scr1995,avaStIn,bevFrtRoadLight
AT,h0644,0.4418819895704986,scr1995,avaStIn,bevFrtRoadLight
AT,h0645,0.4127872338607794,scr1995,avaStIn,bevFrtRoadLight
AT,h0646,0.397048616042487,scr1995,avaStIn,bevFrtRoadLight
AT,h0647,0.39602459376056587,scr1995,avaStIn,bevFrtRoadLight
AT,h0648,0.40316203252430516,scr1995,avaStIn,bevFrtRoadLight
AT,h0649,0.416180688141642,scr1995,avaStIn,bevFrtRoadLight
AT,h0650,0.4247932393212722,scr1995,avaStIn,bevFrtRoadLight
AT,h0651,0.41839596165892534,scr1995,avaStIn,bevFrtRoadLight
AT,h0652,0.39560193318277737,scr1995,avaStIn,bevFrtRoadLight
AT,h0653,0.3767263211064922,scr1995,avaStIn,bevFrtRoadLight
AT,h0654,0.3834870441325797,scr1995,avaStIn,bevFrtRoadLight
AT,h0655,0.41751535673084994,scr1995,avaStIn,bevFrtRoadLight
AT,h0656,0.46915180370731313,scr1995,avaStIn,bevFrtRoadLight
AT,h0657,0.508919129197644,scr1995,avaStIn,bevFrtRoadLight
AT,h0658,0.5246670544400583,scr1995,avaStIn,bevFrtRoadLight
AT,h0659,0.5146754500258794,scr1995,avaStIn,bevFrtRoadLight
AT,h0660,0.4951064908438997,scr1995,avaStIn,bevFrtRoadLight
AT,h0661,0.4246653332821728,scr1995,avaStIn,bevFrtRoadLight
AT,h0662,0.37996946347264304,scr1995,avaStIn,bevFrtRoadLight
AT,h0663,0.36834480165138994,scr1995,avaStIn,bevFrtRoadLight
AT,h0664,0.43639289954265337,scr1995,avaStIn,bevFrtRoadLight
AT,h0665,0.48453569830379983,scr1995,avaStIn,bevFrtRoadLight
AT,h0666,0.4983772155540289,scr1995,avaStIn,bevFrtRoadLight
AT,h0667,0.479716893383465,scr1995,avaStIn,bevFrtRoadLight
AT,h0668,0.4442036654846514,scr1995,avaStIn,bevFrtRoadLight
AT,h0669,0.4127872338607794,scr1995,avaStIn,bevFrtRoadLight
AT,h0670,0.397048616042487,scr1995,avaStIn,bevFrtRoadLight
AT,h0671,0.39602459376056587,scr1995,avaStIn,bevFrtRoadLight
AT,h0672,0.40316203252430516,scr1995,avaStIn,bevFrtRoadLight
BE,h0505,0.4189616602698403,scr1995,avaStIn,bevFrtRoadLight
BE,h0506,0.44316263746287865,scr1995,avaStIn,bevFrtRoadLight
BE,h0507,0.4666151112420711,scr1995,avaStIn,bevFrtRoadLight
BE,h0508,0.45832645881139567,scr1995,avaStIn,bevFrtRoadLight
BE,h0509,0.4575215740258525,scr1995,avaStIn,bevFrtRoadLight
BE,h0510,0.4714802227826498,scr1995,avaStIn,bevFrtRoadLight
BE,h0511,0.45278396719135405,scr1995,avaStIn,bevFrtRoadLight
BE,h0512,0.4321968269076082,scr1995,avaStIn,bevFrtRoadLight
BE,h0513,0.41692976682231464,scr1995,avaStIn,bevFrtRoadLight
BE,h0514,0.4492241211131014,scr1995,avaStIn,bevFrtRoadLight
BE,h0515,0.48975714412554394,scr1995,avaStIn,bevFrtRoadLight
BE,h0516,0.5206617867481357,scr1995,avaStIn,bevFrtRoadLight
BE,h0517,0.5030312066648692,scr1995,avaStIn,bevFrtRoadLight
BE,h0518,0.46430567818254775,scr1995,avaStIn,bevFrtRoadLight
BE,h0519,0.3930115245300315,scr1995,avaStIn,bevFrtRoadLight
BE,h0520,0.3383128612832066,scr1995,avaStIn,bevFrtRoadLight
BE,h0521,0.2949078707645617,scr1995,avaStIn,bevFrtRoadLight
BE,h0522,0.30032532288300284,scr1995,avaStIn,bevFrtRoadLight
BE,h0523,0.37031889442133714,scr1995,avaStIn,bevFrtRoadLight
BE,h0524,0.439566819115495,scr1995,avaStIn,bevFrtRoadLight
BE,h0525,0.4842205316258411,scr1995,avaStIn,bevFrtRoadLight
BE,h0526,0.48177042584781093,scr1995,avaStIn,bevFrtRoadLight
BE,h0527,0.4649933341110367,scr1995,avaStIn,bevFrtRoadLight
BE,h0528,0.4421476660354572,scr1995,avaStIn,bevFrtRoadLight
BE,h0529,0.40457118840562833,scr1995,avaStIn,bevFrtRoadLight
BE,h0530,0.3965887476744546,scr1995,avaStIn,bevFrtRoadLight
BE,h0531,0.4189648810301997,scr1995,avaStIn,bevFrtRoadLight
BE,h0532,0.47669159584913956,scr1995,avaStIn,bevFrtRoadLight
BE,h0533,0.5156198975065492,scr1995,avaStIn,bevFrtRoadLight
BE,h0534,0.5320199439771598,scr1995,avaStIn,bevFrtRoadLight
BE,h0535,0.489664575276482,scr1995,avaStIn,bevFrtRoadLight
BE,h0536,0.445275594397034,scr1995,avaStIn,bevFrtRoadLight
BE,h0537,0.41692976682231464,scr1995,avaStIn,bevFrtRoadLight
BE,h0538,0.4492241211131014,scr1995,avaStIn,bevFrtRoadLight
BE,h0539,0.48975714412554394,scr1995,avaStIn,bevFrtRoadLight
BE,h0540,0.5206617867481357,scr1995,avaStIn,bevFrtRoadLight
BE,h0541,0.5280978832077089,scr1995,avaStIn,bevFrtRoadLight
BE,h0542,0.5124807931759494,scr1995,avaStIn,bevFrtRoadLight
BE,h0543,0.4761436847441386,scr1995,avaStIn,bevFrtRoadLight
BE,h0544,0.43500854961948865,scr1995,avaStIn,bevFrtRoadLight
BE,h0545,0.409416438142285,scr1995,avaStIn,bevFrtRoadLight
BE,h0546,0.41070005893656325,scr1995,avaStIn,bevFrtRoadLight
BE,h0547,0.43881390042054824,scr1995,avaStIn,bevFrtRoadLight
BE,h0548,0.46852756847703914,scr1995,avaStIn,bevFrtRoadLight
BE,h0549,0.4842205316258411,scr1995,avaStIn,bevFrtRoadLight
BE,h0550,0.48177042584781093,scr1995,avaStIn,bevFrtRoadLight
BE,h0551,0.4649933341110367,scr1995,avaStIn,bevFrtRoadLight
BE,h0552,0.4421476660354572,scr1995,avaStIn,bevFrtRoadLight
BE,h0553,0.4241707546574749,scr1995,avaStIn,bevFrtRoadLight
BE,h0554,0.42041737236492704,scr1995,avaStIn,bevFrtRoadLight
BE,h0555,0.4350085499835714,scr1995,avaStIn,bevFrtRoadLight
BE,h0556,0.451746329447546,scr1995,avaStIn,bevFrtRoadLight
BE,h0557,0.4604138747613745,scr1995,avaStIn,bevFrtRoadLight
BE,h0558,0.45012798266384146,scr1995,avaStIn,bevFrtRoadLight
BE,h0559,0.4275548125092713,scr1995,avaStIn,bevFrtRoadLight
BE,h0560,0.40971929895410075,scr1995,avaStIn,bevFrtRoadLight
BE,h0561,0.41692976682231464,scr1995,avaStIn,bevFrtRoadLight
BE,h0562,0.4492241211131014,scr1995,avaStIn,bevFrtRoadLight
BE,h0563,0.48975714412554394,scr1995,avaStIn,bevFrtRoadLight
BE,h0564,0.5206617867481357,scr1995,avaStIn,bevFrtRoadLight
BE,h0565,0.49529424560017543,scr1995,avaStIn,bevFrtRoadLight
BE,h0566,0.4628450451116344,scr1995,avaStIn,bevFrtRoadLight
BE,h0567,0.4354358800677709,scr1995,avaStIn,bevFrtRoadLight
BE,h0568,0.46070491956491055,scr1995,avaStIn,bevFrtRoadLight
BE,h0569,0.4930229701445805,scr1995,avaStIn,bevFrtRoadLight
BE,h0570,0.5227219694183841,scr1995,avaStIn,bevFrtRoadLight
BE,h0571,0.4973028397836038,scr1995,avaStIn,bevFrtRoadLight
BE,h0572,0.44105087136717547,scr1995,avaStIn,bevFrtRoadLight
BE,h0573,0.3780715220810563,scr1995,avaStIn,bevFrtRoadLight
BE,h0574,0.3651732684624296,scr1995,avaStIn,bevFrtRoadLight
BE,h0575,0.37819407508686786,scr1995,avaStIn,bevFrtRoadLight
BE,h0576,0.39030528136459475,scr1995,avaStIn,bevFrtRoadLight
BE,h0577,0.39676844770380715,scr1995,avaStIn,bevFrtRoadLight
BE,h0578,0.394126679824481,scr1995,avaStIn,bevFrtRoadLight
BE,h0579,0.38987622113496045,scr1995,avaStIn,bevFrtRoadLight
BE,h0580,0.3949010730157553,scr1995,avaStIn,bevFrtRoadLight
BE,h0581,0.4070515770334633,scr1995,avaStIn,bevFrtRoadLight
BE,h0582,0.4208976614733183,scr1995,avaStIn,bevFrtRoadLight
BE,h0583,0.431200373449243,scr1995,avaStIn,bevFrtRoadLight
BE,h0584,0.4476631091420812,scr1995,avaStIn,bevFrtRoadLight
BE,h0585,0.459819945642168,scr1995,avaStIn,bevFrtRoadLight
BE,h0586,0.4680993229495969,scr1995,avaStIn,bevFrtRoadLight
BE,h0587,0.46486237923748064,scr1995,avaStIn,bevFrtRoadLight
BE,h0588,0.4365357697383475,scr1995,avaStIn,bevFrtRoadLight
BE,h0589,0.42024922761105055,scr1995,avaStIn,bevFrtRoadLight
BE,h0590,0.4096206610494807,scr1995,avaStIn,bevFrtRoadLight
BE,h0591,0.4354358800677709,scr1995,avaStIn,bevFrtRoadLight
BE,h0592,0.46070491956491055,scr1995,avaStIn,bevFrtRoadLight
BE,h0593,0.4930229701445805,scr1995,avaStIn,bevFrtRoadLight
BE,h0594,0.5227219694183841,scr1995,avaStIn,bevFrtRoadLight
BE,h0595,0.4973028397836038,scr1995,avaStIn,bevFrtRoadLight
BE,h0596,0.44105087136717547,scr1995,avaStIn,bevFrtRoadLight
BE,h0597,0.3780715220810563,scr1995,avaStIn,bevFrtRoadLight
BE,h0598,0.3651732684624296,scr1995,avaStIn,bevFrtRoadLight
BE,h0599,0.37819407508686786,scr1995,avaStIn,bevFrtRoadLight
BE,h0600,0.39030528136459475,scr1995,avaStIn,bevFrtRoadLight
BE,h0601,0.39676844770380715,scr1995,avaStIn,bevFrtRoadLight
BE,h0602,0.394126679824481,scr1995,avaStIn,bevFrtRoadLight
BE,h0603,0.38987622113496045,scr1995,avaStIn,bevFrtRoadLight
BE,h0604,0.3949010730157553,scr1995,avaStIn,bevFrtRoadLight
BE,h0605,0.4070515770334633,scr1995,avaStIn,bevFrtRoadLight
BE,h0606,0.4208976614733183,scr1995,avaStIn,bevFrtRoadLight
BE,h0607,0.431200373449243,scr1995,avaStIn,bevFrtRoadLight
BE,h0608,0.4476631091420812,scr1995,avaStIn,bevFrtRoadLight
BE,h0609,0.459819945642168,scr1995,avaStIn,bevFrtRoadLight
BE,h0610,0.4680993229495969,scr1995,avaStIn,bevFrtRoadLight
BE,h0611,0.46486237923748064,scr1995,avaStIn,bevFrtRoadLight
BE,h0612,0.4365357697383475,scr1995,avaStIn,bevFrtRoadLight
BE,h0613,0.42024922761105055,scr1995,avaStIn,bevFrtRoadLight
BE,h0614,0.4096206610494807,scr1995,avaStIn,bevFrtRoadLight
BE,h0615,0.4354358800677709,scr1995,avaStIn,bevFrtRoadLight
BE,h0616,0.46070491956491055,scr1995,avaStIn,bevFrtRoadLight
BE,h0617,0.4930229701445805,scr1995,avaStIn,bevFrtRoadLight
BE,h0618,0.5227219694183841,scr1995,avaStIn,bevFrtRoadLight
BE,h0619,0.5491092959310323,scr1995,avaStIn,bevFrtRoadLight
BE,h0620,0.5660273446388822,scr1995,avaStIn,bevFrtRoadLight
BE,h0621,0.5694377234652451,scr1995,avaStIn,bevFrtRoadLight
BE,h0622,0.5523077077296228,scr1995,avaStIn,bevFrtRoadLight
BE,h0623,0.5202159512310937,scr1995,avaStIn,bevFrtRoadLight
BE,h0624,0.47844313410101147,scr1995,avaStIn,bevFrtRoadLight
BE,h0625,0.4496409140263561,scr1995,avaStIn,bevFrtRoadLight
BE,h0626,0.43209058696765357,scr1995,avaStIn,bevFrtRoadLight
BE,h0627,0.41839596165892534,scr1995,avaStIn,bevFrtRoadLight
BE,h0628,0.39560193318277737,scr1995,avaStIn,bevFrtRoadLight
BE,h0629,0.3767263211064922,scr1995,avaStIn,bevFrtRoadLight
BE,h0630,0.3834870441325797,scr1995,avaStIn,bevFrtRoadLight
BE,h0631,0.41751535673084994,scr1995,avaStIn,bevFrtRoadLight
BE,h0632,0.46915180370731313,scr1995,avaStIn,bevFrtRoadLight
BE,h0633,0.508919129197644,scr1995,avaStIn,bevFrtRoadLight
BE,h0634,0.5246670544400583,scr1995,avaStIn,bevFrtRoadLight
BE,h0635,0.5146754500258794,scr1995,avaStIn,bevFrtRoadLight
BE,h0636,0.4951064908438997,scr1995,avaStIn,bevFrtRoadLight
BE,h0637,0.485940470592523,scr1995,avaStIn,bevFrtRoadLight
BE,h0638,0.4874922753166979,scr1995,avaStIn,bevFrtRoadLight
BE,h0639,0.49902806979994396,scr1995,avaStIn,bevFrtRoadLight
BE,h0640,0.5156345122766356,scr1995,avaStIn,bevFrtRoadLight
BE,h0641,0.5202103771791662,scr1995,avaStIn,bevFrtRoadLight
BE,h0642,0.509835145303465,scr1995,avaStIn,bevFrtRoadLight
BE,h0643,0.47835906407490014,scr1995,avaStIn,bevFrtRoadLight
BE,h0644,0.4418819895704986,scr1995,avaStIn,bevFrtRoadLight
BE,h0645,0.4127872338607794,scr1995,avaStIn,bevFrtRoadLight
BE,h0646,0.397048616042487,scr1995,avaStIn,bevFrtRoadLight
BE,h0647,0.39602459376056587,scr1995,avaStIn,bevFrtRoadLight
BE,h0648,0.40316203252430516,scr1995,avaStIn,bevFrtRoadLight
BE,h0649,0.416180688141642,scr1995,avaStIn,bevFrtRoadLight
BE,h0650,0.4247932393212722,scr1995,avaStIn,bevFrtRoadLight
BE,h0651,0.41839596165892534,scr1995,avaStIn,bevFrtRoadLight
BE,h0652,0.39560193318277737,scr1995,avaStIn,bevFrtRoadLight
BE,h0653,0.3767263211064922,scr1995,avaStIn,bevFrtRoadLight
BE,h0654,0.3834870441325797,scr1995,avaStIn,bevFrtRoadLight
BE,h0655,0.41751535673084994,scr1995,avaStIn,bevFrtRoadLight
BE,h0656,0.46915180370731313,scr1995,avaStIn,bevFrtRoadLight
BE,h0657,0.508919129197644,scr1995,avaStIn,bevFrtRoadLight
BE,h0658,0.5246670544400583,scr1995,avaStIn,bevFrtRoadLight
BE,h0659,0.5146754500258794,scr1995,avaStIn,bevFrtRoadLight
BE,h0660,0.4951064908438997,scr1995,avaStIn,bevFrtRoadLight
BE,h0661,0.4246653332821728,scr1995,avaStIn,bevFrtRoadLight
BE,h0662,0.37996946347264304,scr1995,avaStIn,bevFrtRoadLight
BE,h0663,0.36834480165138994,scr1995,avaStIn,bevFrtRoadLight
BE,h0664,0.43639289954265337,scr1995,avaStIn,bevFrtRoadLight
BE,h0665,0.48453569830379983,scr1995,avaStIn,bevFrtRoadLight
BE,h0666,0.4983772155540289,scr1995,avaStIn,bevFrtRoadLight
BE,h0667,0.479716893383465,scr1995,avaStIn,bevFrtRoadLight
BE,h0668,0.4442036654846514,scr1995,avaStIn,bevFrtRoadLight
BE,h0669,0.4127872338607794,scr1995,avaStIn,bevFrtRoadLight
BE,h0670,0.397048616042487,scr1995,avaStIn,bevFrtRoadLight
BE,h0671,0.39602459376056587,scr1995,avaStIn,bevFrtRoadLight
BE,h0672,0.40316203252430516,scr1995,avaStIn,bevFrtRoadLight
BG,h0505,0.4189616602698403,scr1995,avaStIn,bevFrtRoadLight
BG,h0506,0.44316263746287865,scr1995,avaStIn,bevFrtRoadLight
BG,h0507,0.4666151112420711,scr1995,avaStIn,bevFrtRoadLight
BG,h0508,0.45832645881139567,scr1995,avaStIn,bevFrtRoadLight
BG,h0509,0.4575215740258525,scr1995,avaStIn,bevFrtRoadLight
BG,h0510,0.4714802227826498,scr1995,avaStIn,bevFrtRoadLight
BG,h0511,0.45278396719135405,scr1995,avaStIn,bevFrtRoadLight
BG,h0512,0.4321968269076082,scr1995,avaStIn,bevFrtRoadLight
BG,h0513,0.41692976682231464,scr1995,avaStIn,bevFrtRoadLight
BG,h0514,0.4492241211131014,scr1995,avaStIn,bevFrtRoadLight
BG,h0515,0.48975714412554394,scr1995,avaStIn,bevFrtRoadLight
BG,h0516,0.5206617867481357,scr1995,avaStIn,bevFrtRoadLight
BG,h0517,0.5030312066648692,scr1995,avaStIn,bevFrtRoadLight
BG,h0518,0.46430567818254775,scr1995,avaStIn,bevFrtRoadLight
BG,h0519,0.3930115245300315,scr1995,avaStIn,bevFrtRoadLight
BG,h0520,0.3383128612832066,scr1995,avaStIn,bevFrtRoadLight
BG,h0521,0.2949078707645617,scr1995,avaStIn,bevFrtRoadLight
BG,h0522,0.30032532288300284,scr1995,avaStIn,bevFrtRoadLight
BG,h0523,0.37031889442133714,scr1995,avaStIn,bevFrtRoadLight
BG,h0524,0.439566819115495,scr1995,avaStIn,bevFrtRoadLight
BG,h0525,0.4842205316258411,scr1995,avaStIn,bevFrtRoadLight
BG,h0526,0.48177042584781093,scr1995,avaStIn,bevFrtRoadLight
BG,h0527,0.4649933341110367,scr1995,avaStIn,bevFrtRoadLight
BG,h0528,0.4421476660354572,scr1995,avaStIn,bevFrtRoadLight
BG,h0529,0.40457118840562833,scr1995,avaStIn,bevFrtRoadLight
BG,h0530,0.3965887476744546,scr1995,avaStIn,bevFrtRoadLight
BG,h0531,0.4189648810301997,scr1995,avaStIn,bevFrtRoadLight
BG,h0532,0.47669159584913956,scr1995,avaStIn,bevFrtRoadLight
BG,h0533,0.5156198975065492,scr1995,avaStIn,bevFrtRoadLight
BG,h0534,0.5320199439771598,scr1995,avaStIn,bevFrtRoadLight
BG,h0535,0.489664575276482,scr1995,avaStIn,bevFrtRoadLight
BG,h0536,0.445275594397034,scr1995,avaStIn,bevFrtRoadLight
BG,h0537,0.41692976682231464,scr1995,avaStIn,bevFrtRoadLight
BG,h0538,0.4492241211131014,scr1995,avaStIn,bevFrtRoadLight
BG,h0539,0.48975714412554394,scr1995,avaStIn,bevFrtRoadLight
BG,h0540,0.5206617867481357,scr1995,avaStIn,bevFrtRoadLight
BG,h0541,0.5280978832077089,scr1995,avaStIn,bevFrtRoadLight
BG,h0542,0.5124807931759494,scr1995,avaStIn,bevFrtRoadLight
BG,h0543,0.4761436847441386,scr1995,avaStIn,bevFrtRoadLight
BG,h0544,0.43500854961948865,scr1995,avaStIn,bevFrtRoadLight
BG,h0545,0.409416438142285,scr1995,avaStIn,bevFrtRoadLight
BG,h0546,0.41070005893656325,scr1995,avaStIn,bevFrtRoadLight
BG,h0547,0.43881390042054824,scr1995,avaStIn,bevFrtRoadLight
BG,h0548,0.46852756847703914,scr1995,avaStIn,bevFrtRoadLight
BG,h0549,0.4842205316258411,scr1995,avaStIn,bevFrtRoadLight
BG,h0550,0.48177042584781093,scr1995,avaStIn,bevFrtRoadLight
BG,h0551,0.4649933341110367,scr1995,avaStIn,bevFrtRoadLight
BG,h0552,0.4421476660354572,scr1995,avaStIn,bevFrtRoadLight
BG,h0553,0.4241707546574749,scr1995,avaStIn,bevFrtRoadLight
BG,h0554,0.42041737236492704,scr1995,avaStIn,bevFrtRoadLight
BG,h0555,0.4350085499835714,scr1995,avaStIn,bevFrtRoadLight
BG,h0556,0.451746329447546,scr1995,avaStIn,bevFrtRoadLight
BG,h0557,0.4604138747613745,scr1995,avaStIn,bevFrtRoadLight
BG,h0558,0.45012798266384146,scr1995,avaStIn,bevFrtRoadLight
BG,h0559,0.4275548125092713,scr1995,avaStIn,bevFrtRoadLight
BG,h0560,0.40971929895410075,scr1995,avaStIn,bevFrtRoadLight
BG,h0561,0.41692976682231464,scr1995,avaStIn,bevFrtRoadLight
BG,h0562,0.4492241211131014,scr1995,avaStIn,bevFrtRoadLight
BG,h0563,0.48975714412554394,scr1995,avaStIn,bevFrtRoadLight
BG,h0564,0.5206617867481357,scr1995,avaStIn,bevFrtRoadLight
BG,h0565,0.49529424560017543,scr1995,avaStIn,bevFrtRoadLight
BG,h0566,0.4628450451116344,scr1995,avaStIn,bevFrtRoadLight
BG,h0567,0.4354358800677709,scr1995,avaStIn,bevFrtRoadLight
BG,h0568,0.46070491956491055,scr1995,avaStIn,bevFrtRoadLight
BG,h0569,0.4930229701445805,scr1995,avaStIn,bevFrtRoadLight
BG,h0570,0.5227219694183841,scr1995,avaStIn,bevFrtRoadLight
BG,h0571,0.4973028397836038,scr1995,avaStIn,bevFrtRoadLight
BG,h0572,0.44105087136717547,scr1995,avaStIn,bevFrtRoadLight
BG,h0573,0.3780715220810563,scr1995,avaStIn,bevFrtRoadLight
BG,h0574,0.3651732684624296,scr1995,avaStIn,bevFrtRoadLight
BG,h0575,0.37819407508686786,scr1995,avaStIn,bevFrtRoadLight
BG,h0576,0.39030528136459475,scr1995,avaStIn,bevFrtRoadLight
BG,h0577,0.39676844770380715,scr1995,avaStIn,bevFrtRoadLight
BG,h0578,0.394126679824481,scr1995,avaStIn,bevFrtRoadLight
BG,h0579,0.38987622113496045,scr1995,avaStIn,bevFrtRoadLight
BG,h0580,0.3949010730157553,scr1995,avaStIn,bevFrtRoadLight
BG,h0581,0.4070515770334633,scr1995,avaStIn,bevFrtRoadLight
BG,h0582,0.4208976614733183,scr1995,avaStIn,bevFrtRoadLight
BG,h0583,0.431200373449243,scr1995,avaStIn,bevFrtRoadLight
BG,h0584,0.4476631091420812,scr1995,avaStIn,bevFrtRoadLight
BG,h0585,0.459819945642168,scr1995,avaStIn,bevFrtRoadLight
BG,h0586,0.4680993229495969,scr1995,avaStIn,bevFrtRoadLight
BG,h0587,0.46486237923748064,scr1995,avaStIn,bevFrtRoadLight
BG,h0588,0.4365357697383475,scr1995,avaStIn,bevFrtRoadLight
BG,h0589,0.42024922761105055,scr1995,avaStIn,bevFrtRoadLight
BG,h0590,0.4096206610494807,scr1995,avaStIn,bevFrtRoadLight
BG,h0591,0.4354358800677709,scr1995,avaStIn,bevFrtRoadLight
BG,h0592,0.46070491956491055,scr1995,avaStIn,bevFrtRoadLight
BG,h0593,0.4930229701445805,scr1995,avaStIn,bevFrtRoadLight
BG,h0594,0.5227219694183841,scr1995,avaStIn,bevFrtRoadLight
BG,h0595,0.4973028397836038,scr1995,avaStIn,bevFrtRoadLight
BG,h0596,0.44105087136717547,scr1995,avaStIn,bevFrtRoadLight
BG,h0597,0.3780715220810563,scr1995,avaStIn,bevFrtRoadLight
BG,h0598,0.3651732684624296,scr1995,avaStIn,bevFrtRoadLight
BG,h0599,0.37819407508686786,scr1995,avaStIn,bevFrtRoadLight
BG,h0600,0.39030528136459475,scr1995,avaStIn,bevFrtRoadLight
BG,h0601,0.39676844770380715,scr1995,avaStIn,bevFrtRoadLight
BG,h0602,0.394126679824481,scr1995,avaStIn,bevFrtRoadLight
BG,h0603,0.38987622113496045,scr1995,avaStIn,bevFrtRoadLight
BG,h0604,0.3949010730157553,scr1995,avaStIn,bevFrtRoadLight
BG,h0605,0.4070515770334633,scr1995,avaStIn,bevFrtRoadLight
BG,h0606,0.4208976614733183,scr1995,avaStIn,bevFrtRoadLight
BG,h0607,0.431200373449243,scr1995,avaStIn,bevFrtRoadLight
BG,h0608,0.4476631091420812,scr1995,avaStIn,bevFrtRoadLight
BG,h0609,0.459819945642168,scr1995,avaStIn,bevFrtRoadLight
BG,h0610,0.4680993229495969,scr1995,avaStIn,bevFrtRoadLight
BG,h0611,0.46486237923748064,scr1995,avaStIn,bevFrtRoadLight
BG,h0612,0.4365357697383475,scr1995,avaStIn,bevFrtRoadLight
BG,h0613,0.42024922761105055,scr1995,avaStIn,bevFrtRoadLight
BG,h0614,0.4096206610494807,scr1995,avaStIn,bevFrtRoadLight
BG,h0615,0.4354358800677709,scr1995,avaStIn,bevFrtRoadLight
BG,h0616,0.46070491956491055,scr1995,avaStIn,bevFrtRoadLight
BG,h0617,0.4930229701445805,scr1995,avaStIn,bevFrtRoadLight
BG,h0618,0.5227219694183841,scr1995,avaStIn,bevFrtRoadLight
BG,h0619,0.5491092959310323,scr1995,avaStIn,bevFrtRoadLight
BG,h0620,0.5660273446388822,scr1995,avaStIn,bevFrtRoadLight
BG,h0621,0.5694377234652451,scr1995,avaStIn,bevFrtRoadLight
BG,h0622,0.5523077077296228,scr1995,avaStIn,bevFrtRoadLight
BG,h0623,0.5202159512310937,scr1995,avaStIn,bevFrtRoadLight
BG,h0624,0.47844313410101147,scr1995,avaStIn,bevFrtRoadLight
BG,h0625,0.4496409140263561,scr1995,avaStIn,bevFrtRoadLight
BG,h0626,0.43209058696765357,scr1995,avaStIn,bevFrtRoadLight
BG,h0627,0.41839596165892534,scr1995,avaStIn,bevFrtRoadLight
BG,h0628,0.39560193318277737,scr1995,avaStIn,bevFrtRoadLight
BG,h0629,0.3767263211064922,scr1995,avaStIn,bevFrtRoadLight
BG,h0630,0.3834870441325797,scr1995,avaStIn,bevFrtRoadLight
BG,h0631,0.41751535673084994,scr1995,avaStIn,bevFrtRoadLight
BG,h0632,0.46915180370731313,scr1995,avaStIn,bevFrtRoadLight
BG,h0633,0.508919129197644,scr1995,avaStIn,bevFrtRoadLight
BG,h0634,0.5246670544400583,scr1995,avaStIn,bevFrtRoadLight
BG,h0635,0.5146754500258794,scr1995,avaStIn,bevFrtRoadLight
BG,h0636,0.4951064908438997,scr1995,avaStIn,bevFrtRoadLight
BG,h0637,0.485940470592523,scr1995,avaStIn,bevFrtRoadLight
BG,h0638,0.4874922753166979,scr1995,avaStIn,bevFrtRoadLight
BG,h0639,0.49902806979994396,scr1995,avaStIn,bevFrtRoadLight
BG,h0640,0.5156345122766356,scr1995,avaStIn,bevFrtRoadLight
BG,h0641,0.5202103771791662,scr1995,avaStIn,bevFrtRoadLight
BG,h0642,0.509835145303465,scr1995,avaStIn,bevFrtRoadLight
BG,h0643,0.47835906407490014,scr1995,avaStIn,bevFrtRoadLight
BG,h0644,0.4418819895704986,scr1995,avaStIn,bevFrtRoadLight
BG,h0645,0.4127872338607794,scr1995,avaStIn,bevFrtRoadLight
BG,h0646,0.397048616042487,scr1995,avaStIn,bevFrtRoadLight
BG,h0647,0.39602459376056587,scr1995,avaStIn,bevFrtRoadLight
BG,h0648,0.40316203252430516,scr1995,avaStIn,bevFrtRoadLight
BG,h0649,0.416180688141642,scr1995,avaStIn,bevFrtRoadLight
BG,h0650,0.4247932393212722,scr1995,avaStIn,bevFrtRoadLight
BG,h0651,0.41839596165892534,scr1995,avaStIn,bevFrtRoadLight
BG,h0652,0.39560193318277737,scr1995,avaStIn,bevFrtRoadLight
BG,h0653,0.3767263211064922,scr1995,avaStIn,bevFrtRoadLight
BG,h0654,0.3834870441325797,scr1995,avaStIn,bevFrtRoadLight
BG,h0655,0.41751535673084994,scr1995,avaStIn,bevFrtRoadLight
BG,h0656,0.46915180370731313,scr1995,avaStIn,bevFrtRoadLight
BG,h0657,0.508919129197644,scr1995,avaStIn,bevFrtRoadLight
BG,h0658,0.5246670544400583,scr1995,avaStIn,bevFrtRoadLight
BG,h0659,0.5146754500258794,scr1995,avaStIn,bevFrtRoadLight
BG,h0660,0.4951064908438997,scr1995,avaStIn,bevFrtRoadLight
BG,h0661,0.4246653332821728,scr1995,avaStIn,bevFrtRoadLight
BG,h0662,0.37996946347264304,scr1995,avaStIn,bevFrtRoadLight
BG,h0663,0.36834480165138994,scr1995,avaStIn,bevFrtRoadLight
BG,h0664,0.43639289954265337,scr1995,avaStIn,bevFrtRoadLight
BG,h0665,0.48453569830379983,scr1995,avaStIn,bevFrtRoadLight
BG,h0666,0.4983772155540289,scr1995,avaStIn,bevFrtRoadLight
BG,h0667,0.479716893383465,scr1995,avaStIn,bevFrtRoadLight
BG,h0668,0.4442036654846514,scr1995,avaStIn,bevFrtRoadLight
BG,h0669,0.4127872338607794,scr1995,avaStIn,bevFrtRoadLight
BG,h0670,0.397048616042487,scr1995,avaStIn,bevFrtRoadLight
BG,h0671,0.39602459376056587,scr1995,avaStIn,bevFrtRoadLight
BG,h0672,0.40316203252430516,scr1995,avaStIn,bevFrtRoadLight
CH,h0505,0.4189616602698403,scr1995,avaStIn,bevFrtRoadLight
CH,h0506,0.44316263746287865,scr1995,avaStIn,bevFrtRoadLight
CH,h0507,0.4666151112420711,scr1995,avaStIn,bevFrtRoadLight
CH,h0508,0.45832645881139567,scr1995,avaStIn,bevFrtRoadLight
CH,h0509,0.4575215740258525,scr1995,avaStIn,bevFrtRoadLight
CH,h0510,0.4714802227826498,scr1995,avaStIn,bevFrtRoadLight
CH,h0511,0.45278396719135405,scr1995,avaStIn,bevFrtRoadLight
CH,h0512,0.4321968269076082,scr1995,avaStIn,bevFrtRoadLight
CH,h0513,0.41692976682231464,scr1995,avaStIn,bevFrtRoadLight
CH,h0514,0.4492241211131014,scr1995,avaStIn,bevFrtRoadLight
CH,h0515,0.48975714412554394,scr1995,avaStIn,bevFrtRoadLight
CH,h0516,0.5206617867481357,scr1995,avaStIn,bevFrtRoadLight
CH,h0517,0.5030312066648692,scr1995,avaStIn,bevFrtRoadLight
CH,h0518,0.46430567818254775,scr1995,avaStIn,bevFrtRoadLight
CH,h0519,0.3930115245300315,scr1995,avaStIn,bevFrtRoadLight
CH,h0520,0.3383128612832066,scr1995,avaStIn,bevFrtRoadLight
CH,h0521,0.2949078707645617,scr1995,avaStIn,bevFrtRoadLight
CH,h0522,0.30032532288300284,scr1995,avaStIn,bevFrtRoadLight
CH,h0523,0.37031889442133714,scr1995,avaStIn,bevFrtRoadLight
CH,h0524,0.439566819115495,scr1995,avaStIn,bevFrtRoadLight
CH,h0525,0.4842205316258411,scr1995,avaStIn,bevFrtRoadLight
CH,h0526,0.48177042584781093,scr1995,avaStIn,bevFrtRoadLight
CH,h0527,0.4649933341110367,scr1995,avaStIn,bevFrtRoadLight
CH,h0528,0.4421476660354572,scr1995,avaStIn,bevFrtRoadLight
CH,h0529,0.40457118840562833,scr1995,avaStIn,bevFrtRoadLight
CH,h0530,0.3965887476744546,scr1995,avaStIn,bevFrtRoadLight
CH,h0531,0.4189648810301997,scr1995,avaStIn,bevFrtRoadLight
CH,h0532,0.47669159584913956,scr1995,avaStIn,bevFrtRoadLight
CH,h0533,0.5156198975065492,scr1995,avaStIn,bevFrtRoadLight
CH,h0534,0.5320199439771598,scr1995,avaStIn,bevFrtRoadLight
CH,h0535,0.489664575276482,scr1995,avaStIn,bevFrtRoadLight
CH,h0536,0.445275594397034,scr1995,avaStIn,bevFrtRoadLight
CH,h0537,0.41692976682231464,scr1995,avaStIn,bevFrtRoadLight
CH,h0538,0.4492241211131014,scr1995,avaStIn,bevFrtRoadLight
CH,h0539,0.48975714412554394,scr1995,avaStIn,bevFrtRoadLight
CH,h0540,0.5206617867481357,scr1995,avaStIn,bevFrtRoadLight
CH,h0541,0.5280978832077089,scr1995,avaStIn,bevFrtRoadLight
CH,h0542,0.5124807931759494,scr1995,avaStIn,bevFrtRoadLight
CH,h0543,0.4761436847441386,scr1995,avaStIn,bevFrtRoadLight
CH,h0544,0.43500854961948865,scr1995,avaStIn,bevFrtRoadLight
CH,h0545,0.409416438142285,scr1995,avaStIn,bevFrtRoadLight
CH,h0546,0.41070005893656325,scr1995,avaStIn,bevFrtRoadLight
CH,h0547,0.43881390042054824,scr1995,avaStIn,bevFrtRoadLight
CH,h0548,0.46852756847703914,scr1995,avaStIn,bevFrtRoadLight
CH,h0549,0.4842205316258411,scr1995,avaStIn,bevFrtRoadLight
CH,h0550,0.48177042584781093,scr1995,avaStIn,bevFrtRoadLight
CH,h0551,0.4649933341110367,scr1995,avaStIn,bevFrtRoadLight
CH,h0552,0.4421476660354572,scr1995,avaStIn,bevFrtRoadLight
CH,h0553,0.4241707546574749,scr1995,avaStIn,bevFrtRoadLight
CH,h0554,0.42041737236492704,scr1995,avaStIn,bevFrtRoadLight
CH,h0555,0.4350085499835714,scr1995,avaStIn,bevFrtRoadLight
CH,h0556,0.451746329447546,scr1995,avaStIn,bevFrtRoadLight
CH,h0557,0.4604138747613745,scr1995,avaStIn,bevFrtRoadLight
CH,h0558,0.45012798266384146,scr1995,avaStIn,bevFrtRoadLight
CH,h0559,0.4275548125092713,scr1995,avaStIn,bevFrtRoadLight
CH,h0560,0.40971929895410075,scr1995,avaStIn,bevFrtRoadLight
CH,h0561,0.41692976682231464,scr1995,avaStIn,bevFrtRoadLight
CH,h0562,0.4492241211131014,scr1995,avaStIn,bevFrtRoadLight
CH,h0563,0.48975714412554394,scr1995,avaStIn,bevFrtRoadLight
CH,h0564,0.5206617867481357,scr1995,avaStIn,bevFrtRoadLight
CH,h0565,0.49529424560017543,scr1995,avaStIn,bevFrtRoadLight
CH,h0566,0.4628450451116344,scr1995,avaStIn,bevFrtRoadLight
CH,h0567,0.4354358800677709,scr1995,avaStIn,bevFrtRoadLight
CH,h0568,0.46070491956491055,scr1995,avaStIn,bevFrtRoadLight
CH,h0569,0.4930229701445805,scr1995,avaStIn,bevFrtRoadLight
CH,h0570,0.5227219694183841,scr1995,avaStIn,bevFrtRoadLight
CH,h0571,0.4973028397836038,scr1995,avaStIn,bevFrtRoadLight
CH,h0572,0.44105087136717547,scr1995,avaStIn,bevFrtRoadLight
CH,h0573,0.3780715220810563,scr1995,avaStIn,bevFrtRoadLight
CH,h0574,0.3651732684624296,scr1995,avaStIn,bevFrtRoadLight
CH,h0575,0.37819407508686786,scr1995,avaStIn,bevFrtRoadLight
CH,h0576,0.39030528136459475,scr1995,avaStIn,bevFrtRoadLight
CH,h0577,0.39676844770380715,scr1995,avaStIn,bevFrtRoadLight
CH,h0578,0.394126679824481,scr1995,avaStIn,bevFrtRoadLight
CH,h0579,0.38987622113496045,scr1995,avaStIn,bevFrtRoadLight
CH,h0580,0.3949010730157553,scr1995,avaStIn,bevFrtRoadLight
CH,h0581,0.4070515770334633,scr1995,avaStIn,bevFrtRoadLight
CH,h0582,0.4208976614733183,scr1995,avaStIn,bevFrtRoadLight
CH,h0583,0.431200373449243,scr1995,avaStIn,bevFrtRoadLight
CH,h0584,0.4476631091420812,scr1995,avaStIn,bevFrtRoadLight
CH,h0585,0.459819945642168,scr1995,avaStIn,bevFrtRoadLight
CH,h0586,0.4680993229495969,scr1995,avaStIn,bevFrtRoadLight
CH,h0587,0.46486237923748064,scr1995,avaStIn,bevFrtRoadLight
CH,h0588,0.4365357697383475,scr1995,avaStIn,bevFrtRoadLight
CH,h0589,0.42024922761105055,scr1995,avaStIn,bevFrtRoadLight
CH,h0590,0.4096206610494807,scr1995,avaStIn,bevFrtRoadLight
CH,h0591,0.4354358800677709,scr1995,avaStIn,bevFrtRoadLight
CH,h0592,0.46070491956491055,scr1995,avaStIn,bevFrtRoadLight
CH,h0593,0.4930229701445805,scr1995,avaStIn,bevFrtRoadLight
CH,h0594,0.5227219694183841,scr1995,avaStIn,bevFrtRoadLight
CH,h0595,0.4973028397836038,scr1995,avaStIn,bevFrtRoadLight
CH,h0596,0.44105087136717547,scr1995,avaStIn,bevFrtRoadLight
CH,h0597,0.3780715220810563,scr1995,avaStIn,bevFrtRoadLight
CH,h0598,0.3651732684624296,scr1995,avaStIn,bevFrtRoadLight
CH,h0599,0.37819407508686786,scr1995,avaStIn,bevFrtRoadLight
CH,h0600,0.39030528136459475,scr1995,avaStIn,bevFrtRoadLight
CH,h0601,0.39676844770380715,scr1995,avaStIn,bevFrtRoadLight
CH,h0602,0.394126679824481,scr1995,avaStIn,bevFrtRoadLight
CH,h0603,0.38987622113496045,scr1995,avaStIn,bevFrtRoadLight
CH,h0604,0.3949010730157553,scr1995,avaStIn,bevFrtRoadLight
CH,h0605,0.4070515770334633,scr1995,avaStIn,bevFrtRoadLight
CH,h0606,0.4208976614733183,scr1995,avaStIn,bevFrtRoadLight
CH,h0607,0.431200373449243,scr1995,avaStIn,bevFrtRoadLight
CH,h0608,0.4476631091420812,scr1995,avaStIn,bevFrtRoadLight
CH,h0609,0.459819945642168,scr1995,avaStIn,bevFrtRoadLight
CH,h0610,0.4680993229495969,scr1995,avaStIn,bevFrtRoadLight
CH,h0611,0.46486237923748064,scr1995,avaStIn,bevFrtRoadLight
CH,h0612,0.4365357697383475,scr1995,avaStIn,bevFrtRoadLight
CH,h0613,0.42024922761105055,scr1995,avaStIn,bevFrtRoadLight
CH,h0614,0.4096206610494807,scr1995,avaStIn,bevFrtRoadLight
CH,h0615,0.4354358800677709,scr1995,avaStIn,bevFrtRoadLight
CH,h0616,0.46070491956491055,scr1995,avaStIn,bevFrtRoadLight
CH,h0617,0.4930229701445805,scr1995,avaStIn,bevFrtRoadLight
CH,h0618,0.5227219694183841,scr1995,avaStIn,bevFrtRoadLight
CH,h0619,0.5491092959310323,scr1995,avaStIn,bevFrtRoadLight
CH,h0620,0.5660273446388822,scr1995,avaStIn,bevFrtRoadLight
CH,h0621,0.5694377234652451,scr1995,avaStIn,bevFrtRoadLight
CH,h0622,0.5523077077296228,scr1995,avaStIn,bevFrtRoadLight
CH,h0623,0.5202159512310937,scr1995,avaStIn,bevFrtRoadLight
CH,h0624,0.47844313410101147,scr1995,avaStIn,bevFrtRoadLight
CH,h0625,0.4496409140263561,scr1995,avaStIn,bevFrtRoadLight
CH,h0626,0.43209058696765357,scr1995,avaStIn,bevFrtRoadLight
CH,h0627,0.41839596165892534,scr1995,avaStIn,bevFrtRoadLight
CH,h0628,0.39560193318277737,scr1995,avaStIn,bevFrtRoadLight
CH,h0629,0.3767263211064922,scr1995,avaStIn,bevFrtRoadLight
CH,h0630,0.3834870441325797,scr1995,avaStIn,bevFrtRoadLight
CH,h0631,0.41751535673084994,scr1995,avaStIn,bevFrtRoadLight
CH,h0632,0.46915180370731313,scr1995,avaStIn,bevFrtRoadLight
CH,h0633,0.508919129197644,scr1995,avaStIn,bevFrtRoadLight
CH,h0634,0.5246670544400583,scr1995,avaStIn,bevFrtRoadLight
CH,h0635,0.5146754500258794,scr1995,avaStIn,bevFrtRoadLight
CH,h0636,0.4951064908438997,scr1995,avaStIn,bevFrtRoadLight
CH,h0637,0.485940470592523,scr1995,avaStIn,bevFrtRoadLight
CH,h0638,0.4874922753166979,scr1995,avaStIn,bevFrtRoadLight
CH,h0639,0.49902806979994396,scr1995,avaStIn,bevFrtRoadLight
CH,h0640,0.5156345122766356,scr1995,avaStIn,bevFrtRoadLight
CH,h0641,0.5202103771791662,scr1995,avaStIn,bevFrtRoadLight
CH,h0642,0.509835145303465,scr1995,avaStIn,bevFrtRoadLight
CH,h0643,0.47835906407490014,scr1995,avaStIn,bevFrtRoadLight
CH,h0644,0.4418819895704986,scr1995,avaStIn,bevFrtRoadLight
CH,h0645,0.4127872338607794,scr1995,avaStIn,bevFrtRoadLight
CH,h0646,0.397048616042487,scr1995,avaStIn,bevFrtRoadLight
CH,h0647,0.39602459376056587,scr1995,avaStIn,bevFrtRoadLight
CH,h0648,0.40316203252430516,scr1995,avaStIn,bevFrtRoadLight
CH,h0649,0.416180688141642,scr1995,avaStIn,bevFrtRoadLight
CH,h0650,0.4247932393212722,scr1995,avaStIn,bevFrtRoadLight
CH,h0651,0.41839596165892534,scr1995,avaStIn,bevFrtRoadLight
CH,h0652,0.39560193318277737,scr1995,avaStIn,bevFrtRoadLight
CH,h0653,0.3767263211064922,scr1995,avaStIn,bevFrtRoadLight
CH,h0654,0.3834870441325797,scr1995,avaStIn,bevFrtRoadLight
CH,h0655,0.41751535673084994,scr1995,avaStIn,bevFrtRoadLight
CH,h0656,0.46915180370731313,scr1995,avaStIn,bevFrtRoadLight
CH,h0657,0.508919129197644,scr1995,avaStIn,bevFrtRoadLight
CH,h0658,0.5246670544400583,scr1995,avaStIn,bevFrtRoadLight
CH,h0659,0.5146754500258794,scr1995,avaStIn,bevFrtRoadLight
CH,h0660,0.4951064908438997,scr1995,avaStIn,bevFrtRoadLight
CH,h0661,0.4246653332821728,scr1995,avaStIn,bevFrtRoadLight
CH,h0662,0.37996946347264304,scr1995,avaStIn,bevFrtRoadLight
CH,h0663,0.36834480165138994,scr1995,avaStIn,bevFrtRoadLight
CH,h0664,0.43639289954265337,scr1995,avaStIn,bevFrtRoadLight
CH,h0665,0.48453569830379983,scr1995,avaStIn,bevFrtRoadLight
CH,h0666,0.4983772155540289,scr1995,avaStIn,bevFrtRoadLight
CH,h0667,0.479716893383465,scr1995,avaStIn,bevFrtRoadLight
CH,h0668,0.4442036654846514,scr1995,avaStIn,bevFrtRoadLight
CH,h0669,0.4127872338607794,scr1995,avaStIn,bevFrtRoadLight
CH,h0670,0.397048616042487,scr1995,avaStIn,bevFrtRoadLight
CH,h0671,0.39602459376056587,scr1995,avaStIn,bevFrtRoadLight
CH,h0672,0.40316203252430516,scr1995,avaStIn,bevFrtRoadLight
CZ,h0505,0.4189616602698403,scr1995,avaStIn,bevFrtRoadLight
CZ,h0506,0.44316263746287865,scr1995,avaStIn,bevFrtRoadLight
CZ,h0507,0.4666151112420711,scr1995,avaStIn,bevFrtRoadLight
CZ,h0508,0.45832645881139567,scr1995,avaStIn,bevFrtRoadLight
CZ,h0509,0.4575215740258525,scr1995,avaStIn,bevFrtRoadLight
CZ,h0510,0.4714802227826498,scr1995,avaStIn,bevFrtRoadLight
CZ,h0511,0.45278396719135405,scr1995,avaStIn,bevFrtRoadLight
CZ,h0512,0.4321968269076082,scr1995,avaStIn,bevFrtRoadLight
CZ,h0513,0.41692976682231464,scr1995,avaStIn,bevFrtRoadLight
CZ,h0514,0.4492241211131014,scr1995,avaStIn,bevFrtRoadLight
CZ,h0515,0.48975714412554394,scr1995,avaStIn,bevFrtRoadLight
CZ,h0516,0.5206617867481357,scr1995,avaStIn,bevFrtRoadLight
CZ,h0517,0.5030312066648692,scr1995,avaStIn,bevFrtRoadLight
CZ,h0518,0.46430567818254775,scr1995,avaStIn,bevFrtRoadLight
CZ,h0519,0.3930115245300315,scr1995,avaStIn,bevFrtRoadLight
CZ,h0520,0.3383128612832066,scr1995,avaStIn,bevFrtRoadLight
CZ,h0521,0.2949078707645617,scr1995,avaStIn,bevFrtRoadLight
CZ,h0522,0.30032532288300284,scr1995,avaStIn,bevFrtRoadLight
CZ,h0523,0.37031889442133714,scr1995,avaStIn,bevFrtRoadLight
CZ,h0524,0.439566819115495,scr1995,avaStIn,bevFrtRoadLight
CZ,h0525,0.4842205316258411,scr1995,avaStIn,bevFrtRoadLight
CZ,h0526,0.48177042584781093,scr1995,avaStIn,bevFrtRoadLight
CZ,h0527,0.4649933341110367,scr1995,avaStIn,bevFrtRoadLight
CZ,h0528,0.4421476660354572,scr1995,avaStIn,bevFrtRoadLight
CZ,h0529,0.40457118840562833,scr1995,avaStIn,bevFrtRoadLight
CZ,h0530,0.3965887476744546,scr1995,avaStIn,bevFrtRoadLight
CZ,h0531,0.4189648810301997,scr1995,avaStIn,bevFrtRoadLight
CZ,h0532,0.47669159584913956,scr1995,avaStIn,bevFrtRoadLight
CZ,h0533,0.5156198975065492,scr1995,avaStIn,bevFrtRoadLight
CZ,h0534,0.5320199439771598,scr1995,avaStIn,bevFrtRoadLight
CZ,h0535,0.489664575276482,scr1995,avaStIn,bevFrtRoadLight
CZ,h0536,0.445275594397034,scr1995,avaStIn,bevFrtRoadLight
CZ,h0537,0.41692976682231464,scr1995,avaStIn,bevFrtRoadLight
CZ,h0538,0.4492241211131014,scr1995,avaStIn,bevFrtRoadLight
CZ,h0539,0.48975714412554394,scr1995,avaStIn,bevFrtRoadLight
CZ,h0540,0.5206617867481357,scr1995,avaStIn,bevFrtRoadLight
CZ,h0541,0.5280978832077089,scr1995,avaStIn,bevFrtRoadLight
CZ,h0542,0.5124807931759494,scr1995,avaStIn,bevFrtRoadLight
CZ,h0543,0.4761436847441386,scr1995,avaStIn,bevFrtRoadLight
CZ,h0544,0.43500854961948865,scr1995,avaStIn,bevFrtRoadLight
CZ,h0545,0.409416438142285,scr1995,avaStIn,bevFrtRoadLight
CZ,h0546,0.41070005893656325,scr1995,avaStIn,bevFrtRoadLight
CZ,h0547,0.43881390042054824,scr1995,avaStIn,bevFrtRoadLight
CZ,h0548,0.46852756847703914,scr1995,avaStIn,bevFrtRoadLight
CZ,h0549,0.4842205316258411,scr1995,avaStIn,bevFrtRoadLight
CZ,h0550,0.48177042584781093,scr1995,avaStIn,bevFrtRoadLight
CZ,h0551,0.4649933341110367,scr1995,avaStIn,bevFrtRoadLight
CZ,h0552,0.4421476660354572,scr1995,avaStIn,bevFrtRoadLight
CZ,h0553,0.4241707546574749,scr1995,avaStIn,bevFrtRoadLight
CZ,h0554,0.42041737236492704,scr1995,avaStIn,bevFrtRoadLight
CZ,h0555,0.4350085499835714,scr1995,avaStIn,bevFrtRoadLight
CZ,h0556,0.451746329447546,scr1995,avaStIn,bevFrtRoadLight
CZ,h0557,0.4604138747613745,scr1995,avaStIn,bevFrtRoadLight
CZ,h0558,0.45012798266384146,scr1995,avaStIn,bevFrtRoadLight
CZ,h0559,0.4275548125092713,scr1995,avaStIn,bevFrtRoadLight
CZ,h0560,0.40971929895410075,scr1995,avaStIn,bevFrtRoadLight
CZ,h0561,0.41692976682231464,scr1995,avaStIn,bevFrtRoadLight
CZ,h0562,0.4492241211131014,scr1995,avaStIn,bevFrtRoadLight
CZ,h0563,0.48975714412554394,scr1995,avaStIn,bevFrtRoadLight
CZ,h0564,0.5206617867481357,scr1995,avaStIn,bevFrtRoadLight
CZ,h0565,0.49529424560017543,scr1995,avaStIn,bevFrtRoadLight
CZ,h0566,0.4628450451116344,scr1995,avaStIn,bevFrtRoadLight
CZ,h0567,0.4354358800677709,scr1995,avaStIn,bevFrtRoadLight
CZ,h0568,0.46070491956491055,scr1995,avaStIn,bevFrtRoadLight
CZ,h0569,0.4930229701445805,scr1995,avaStIn,bevFrtRoadLight
CZ,h0570,0.5227219694183841,scr1995,avaStIn,bevFrtRoadLight
CZ,h0571,0.4973028397836038,scr1995,avaStIn,bevFrtRoadLight
CZ,h0572,0.44105087136717547,scr1995,avaStIn,bevFrtRoadLight
CZ,h0573,0.3780715220810563,scr1995,avaStIn,bevFrtRoadLight
CZ,h0574,0.3651732684624296,scr1995,avaStIn,bevFrtRoadLight
CZ,h0575,0.37819407508686786,scr1995,avaStIn,bevFrtRoadLight
CZ,h0576,0.39030528136459475,scr1995,avaStIn,bevFrtRoadLight
CZ,h0577,0.39676844770380715,scr1995,avaStIn,bevFrtRoadLight
CZ,h0578,0.394126679824481,scr1995,avaStIn,bevFrtRoadLight
CZ,h0579,0.38987622113496045,scr1995,avaStIn,bevFrtRoadLight
CZ,h0580,0.3949010730157553,scr1995,avaStIn,bevFrtRoadLight
CZ,h0581,0.4070515770334633,scr1995,avaStIn,bevFrtRoadLight
CZ,h0582,0.4208976614733183,scr1995,avaStIn,bevFrtRoadLight
CZ,h0583,0.431200373449243,scr1995,avaStIn,bevFrtRoadLight
CZ,h0584,0.4476631091420812,scr1995,avaStIn,bevFrtRoadLight
CZ,h0585,0.459819945642168,scr1995,avaStIn,bevFrtRoadLight
CZ,h0586,0.4680993229495969,scr1995,avaStIn,bevFrtRoadLight
CZ,h0587,0.46486237923748064,scr1995,avaStIn,bevFrtRoadLight
CZ,h0588,0.4365357697383475,scr1995,avaStIn,bevFrtRoadLight
CZ,h0589,0.42024922761105055,scr1995,avaStIn,bevFrtRoadLight
CZ,h0590,0.4096206610494807,scr1995,avaStIn,bevFrtRoadLight
CZ,h0591,0.4354358800677709,scr1995,avaStIn,bevFrtRoadLight
CZ,h0592,0.46070491956491055,scr1995,avaStIn,bevFrtRoadLight
CZ,h0593,0.4930229701445805,scr1995,avaStIn,bevFrtRoadLight
CZ,h0594,0.5227219694183841,scr1995,avaStIn,bevFrtRoadLight
CZ,h0595,0.4973028397836038,scr1995,avaStIn,bevFrtRoadLight
CZ,h0596,0.44105087136717547,scr1995,avaStIn,bevFrtRoadLight
CZ,h0597,0.3780715220810563,scr1995,avaStIn,bevFrtRoadLight
CZ,h0598,0.3651732684624296,scr1995,avaStIn,bevFrtRoadLight
CZ,h0599,0.37819407508686786,scr1995,avaStIn,bevFrtRoadLight
CZ,h0600,0.39030528136459475,scr1995,avaStIn,bevFrtRoadLight
CZ,h0601,0.39676844770380715,scr1995,avaStIn,bevFrtRoadLight
CZ,h0602,0.394126679824481,scr1995,avaStIn,bevFrtRoadLight
CZ,h0603,0.38987622113496045,scr1995,avaStIn,bevFrtRoadLight
CZ,h0604,0.3949010730157553,scr1995,avaStIn,bevFrtRoadLight
CZ,h0605,0.4070515770334633,scr1995,avaStIn,bevFrtRoadLight
CZ,h0606,0.4208976614733183,scr1995,avaStIn,bevFrtRoadLight
CZ,h0607,0.431200373449243,scr1995,avaStIn,bevFrtRoadLight
CZ,h0608,0.4476631091420812,scr1995,avaStIn,bevFrtRoadLight
CZ,h0609,0.459819945642168,scr1995,avaStIn,bevFrtRoadLight
CZ,h0610,0.4680993229495969,scr1995,avaStIn,bevFrtRoadLight
CZ,h0611,0.46486237923748064,scr1995,avaStIn,bevFrtRoadLight
CZ,h0612,0.4365357697383475,scr1995,avaStIn,bevFrtRoadLight
CZ,h0613,0.42024922761105055,scr1995,avaStIn,bevFrtRoadLight
CZ,h0614,0.4096206610494807,scr1995,avaStIn,bevFrtRoadLight
CZ,h0615,0.4354358800677709,scr1995,avaStIn,bevFrtRoadLight
CZ,h0616,0.46070491956491055,scr1995,avaStIn,bevFrtRoadLight
CZ,h0617,0.4930229701445805,scr1995,avaStIn,bevFrtRoadLight
CZ,h0618,0.5227219694183841,scr1995,avaStIn,bevFrtRoadLight
CZ,h0619,0.5491092959310323,scr1995,avaStIn,bevFrtRoadLight
CZ,h0620,0.5660273446388822,scr1995,avaStIn,bevFrtRoadLight
CZ,h0621,0.5694377234652451,scr1995,avaStIn,bevFrtRoadLight
CZ,h0622,0.5523077077296228,scr1995,avaStIn,bevFrtRoadLight
CZ,h0623,0.5202159512310937,scr1995,avaStIn,bevFrtRoadLight
CZ,h0624,0.47844313410101147,scr1995,avaStIn,bevFrtRoadLight
CZ,h0625,0.4496409140263561,scr1995,avaStIn,bevFrtRoadLight
CZ,h0626,0.43209058696765357,scr1995,avaStIn,bevFrtRoadLight
CZ,h0627,0.41839596165892534,scr1995,avaStIn,bevFrtRoadLight
CZ,h0628,0.39560193318277737,scr1995,avaStIn,bevFrtRoadLight
CZ,h0629,0.3767263211064922,scr1995,avaStIn,bevFrtRoadLight
CZ,h0630,0.3834870441325797,scr1995,avaStIn,bevFrtRoadLight
CZ,h0631,0.41751535673084994,scr1995,avaStIn,bevFrtRoadLight
CZ,h0632,0.46915180370731313,scr1995,avaStIn,bevFrtRoadLight
CZ,h0633,0.508919129197644,scr1995,avaStIn,bevFrtRoadLight
CZ,h0634,0.5246670544400583,scr1995,avaStIn,bevFrtRoadLight
CZ,h0635,0.5146754500258794,scr1995,avaStIn,bevFrtRoadLight
CZ,h0636,0.4951064908438997,scr1995,avaStIn,bevFrtRoadLight
CZ,h0637,0.485940470592523,scr1995,avaStIn,bevFrtRoadLight
CZ,h0638,0.4874922753166979,scr1995,avaStIn,bevFrtRoadLight
CZ,h0639,0.49902806979994396,scr1995,avaStIn,bevFrtRoadLight
CZ,h0640,0.5156345122766356,scr1995,avaStIn,bevFrtRoadLight
CZ,h0641,0.5202103771791662,scr1995,avaStIn,bevFrtRoadLight
CZ,h0642,0.509835145303465,scr1995,avaStIn,bevFrtRoadLight
CZ,h0643,0.47835906407490014,scr1995,avaStIn,bevFrtRoadLight
CZ,h0644,0.4418819895704986,scr1995,avaStIn,bevFrtRoadLight
CZ,h0645,0.4127872338607794,scr1995,avaStIn,bevFrtRoadLight
CZ,h0646,0.397048616042487,scr1995,avaStIn,bevFrtRoadLight
CZ,h0647,0.39602459376056587,scr1995,avaStIn,bevFrtRoadLight
CZ,h0648,0.40316203252430516,scr1995,avaStIn,bevFrtRoadLight
CZ,h0649,0.416180688141642,scr1995,avaStIn,bevFrtRoadLight
CZ,h0650,0.4247932393212722,scr1995,avaStIn,bevFrtRoadLight
CZ,h0651,0.41839596165892534,scr1995,avaStIn,bevFrtRoadLight
CZ,h0652,0.39560193318277737,scr1995,avaStIn,bevFrtRoadLight
CZ,h0653,0.3767263211064922,scr1995,avaStIn,bevFrtRoadLight
CZ,h0654,0.3834870441325797,scr1995,avaStIn,bevFrtRoadLight
CZ,h0655,0.41751535673084994,scr1995,avaStIn,bevFrtRoadLight
CZ,h0656,0.46915180370731313,scr1995,avaStIn,bevFrtRoadLight
CZ,h0657,0.508919129197644,scr1995,avaStIn,bevFrtRoadLight
CZ,h0658,0.5246670544400583,scr1995,avaStIn,bevFrtRoadLight
CZ,h0659,0.5146754500258794,scr1995,avaStIn,bevFrtRoadLight
CZ,h0660,0.4951064908438997,scr1995,avaStIn,bevFrtRoadLight
CZ,h0661,0.4246653332821728,scr1995,avaStIn,bevFrtRoadLight
CZ,h0662,0.37996946347264304,scr1995,avaStIn,bevFrtRoadLight
CZ,h0663,0.36834480165138994,scr1995,avaStIn,bevFrtRoadLight
CZ,h0664,0.43639289954265337,scr1995,avaStIn,bevFrtRoadLight
CZ,h0665,0.48453569830379983,scr1995,avaStIn,bevFrtRoadLight
CZ,h0666,0.4983772155540289,scr1995,avaStIn,bevFrtRoadLight
CZ,h0667,0.479716893383465,scr1995,avaStIn,bevFrtRoadLight
CZ,h0668,0.4442036654846514,scr1995,avaStIn,bevFrtRoadLight
CZ,h0669,0.4127872338607794,scr1995,avaStIn,bevFrtRoadLight
CZ,h0670,0.397048616042487,scr1995,avaStIn,bevFrtRoadLight
CZ,h0671,0.39602459376056587,scr1995,avaStIn,bevFrtRoadLight
CZ,h0672,0.40316203252430516,scr1995,avaStIn,bevFrtRoadLight
DE,h0505,0.4189616602698403,scr1995,avaStIn,bevFrtRoadLight
DE,h0506,0.44316263746287854,scr1995,avaStIn,bevFrtRoadLight
DE,h0507,0.4666151112420711,scr1995,avaStIn,bevFrtRoadLight
DE,h0508,0.45832645881139555,scr1995,avaStIn,bevFrtRoadLight
DE,h0509,0.4575215740258525,scr1995,avaStIn,bevFrtRoadLight
DE,h0510,0.47148022278264967,scr1995,avaStIn,bevFrtRoadLight
DE,h0511,0.45278396719135405,scr1995,avaStIn,bevFrtRoadLight
DE,h0512,0.4321968269076082,scr1995,avaStIn,bevFrtRoadLight
DE,h0513,0.41692976682231464,scr1995,avaStIn,bevFrtRoadLight
DE,h0514,0.4492241211131014,scr1995,avaStIn,bevFrtRoadLight
DE,h0515,0.48975714412554394,scr1995,avaStIn,bevFrtRoadLight
DE,h0516,0.5206617867481357,scr1995,avaStIn,bevFrtRoadLight
DE,h0517,0.5030312066648693,scr1995,avaStIn,bevFrtRoadLight
DE,h0518,0.46430567818254775,scr1995,avaStIn,bevFrtRoadLight
DE,h0519,0.3930115245300315,scr1995,avaStIn,bevFrtRoadLight
DE,h0520,0.3383128612832066,scr1995,avaStIn,bevFrtRoadLight
DE,h0521,0.2949078707645617,scr1995,avaStIn,bevFrtRoadLight
DE,h0522,0.30032532288300284,scr1995,avaStIn,bevFrtRoadLight
DE,h0523,0.37031889442133714,scr1995,avaStIn,bevFrtRoadLight
DE,h0524,0.439566819115495,scr1995,avaStIn,bevFrtRoadLight
DE,h0525,0.4842205316258411,scr1995,avaStIn,bevFrtRoadLight
DE,h0526,0.48177042584781093,scr1995,avaStIn,bevFrtRoadLight
DE,h0527,0.4649933341110368,scr1995,avaStIn,bevFrtRoadLight
DE,h0528,0.4421476660354572,scr1995,avaStIn,bevFrtRoadLight
DE,h0529,0.40457118840562833,scr1995,avaStIn,bevFrtRoadLight
DE,h0530,0.3965887476744546,scr1995,avaStIn,bevFrtRoadLight
DE,h0531,0.4189648810301996,scr1995,avaStIn,bevFrtRoadLight
DE,h0532,0.47669159584913956,scr1995,avaStIn,bevFrtRoadLight
DE,h0533,0.5156198975065492,scr1995,avaStIn,bevFrtRoadLight
DE,h0534,0.5320199439771598,scr1995,avaStIn,bevFrtRoadLight
DE,h0535,0.489664575276482,scr1995,avaStIn,bevFrtRoadLight
DE,h0536,0.445275594397034,scr1995,avaStIn,bevFrtRoadLight
DE,h0537,0.41692976682231464,scr1995,avaStIn,bevFrtRoadLight
DE,h0538,0.4492241211131014,scr1995,avaStIn,bevFrtRoadLight
DE,h0539,0.48975714412554394,scr1995,avaStIn,bevFrtRoadLight
DE,h0540,0.5206617867481357,scr1995,avaStIn,bevFrtRoadLight
DE,h0541,0.5280978832077089,scr1995,avaStIn,bevFrtRoadLight
DE,h0542,0.5124807931759494,scr1995,avaStIn,bevFrtRoadLight
DE,h0543,0.4761436847441386,scr1995,avaStIn,bevFrtRoadLight
DE,h0544,0.43500854961948865,scr1995,avaStIn,bevFrtRoadLight
DE,h0545,0.4094164381422851,scr1995,avaStIn,bevFrtRoadLight
DE,h0546,0.41070005893656325,scr1995,avaStIn,bevFrtRoadLight
DE,h0547,0.43881390042054824,scr1995,avaStIn,bevFrtRoadLight
DE,h0548,0.46852756847703914,scr1995,avaStIn,bevFrtRoadLight
DE,h0549,0.4842205316258411,scr1995,avaStIn,bevFrtRoadLight
DE,h0550,0.48177042584781093,scr1995,avaStIn,bevFrtRoadLight
DE,h0551,0.4649933341110368,scr1995,avaStIn,bevFrtRoadLight
DE,h0552,0.4421476660354572,scr1995,avaStIn,bevFrtRoadLight
DE,h0553,0.4241707546574749,scr1995,avaStIn,bevFrtRoadLight
DE,h0554,0.42041737236492704,scr1995,avaStIn,bevFrtRoadLight
DE,h0555,0.4350085499835714,scr1995,avaStIn,bevFrtRoadLight
DE,h0556,0.4517463294475461,scr1995,avaStIn,bevFrtRoadLight
DE,h0557,0.46041387476137463,scr1995,avaStIn,bevFrtRoadLight
DE,h0558,0.45012798266384146,scr1995,avaStIn,bevFrtRoadLight
DE,h0559,0.4275548125092713,scr1995,avaStIn,bevFrtRoadLight
DE,h0560,0.40971929895410075,scr1995,avaStIn,bevFrtRoadLight
DE,h0561,0.41692976682231464,scr1995,avaStIn,bevFrtRoadLight
DE,h0562,0.4492241211131014,scr1995,avaStIn,bevFrtRoadLight
DE,h0563,0.48975714412554394,scr1995,avaStIn,bevFrtRoadLight
DE,h0564,0.5206617867481357,scr1995,avaStIn,bevFrtRoadLight
DE,h0565,0.49529424560017543,scr1995,avaStIn,bevFrtRoadLight
DE,h0566,0.4628450451116344,scr1995,avaStIn,bevFrtRoadLight
DE,h0567,0.4354358800677708,scr1995,avaStIn,bevFrtRoadLight
DE,h0568,0.46070491956491055,scr1995,avaStIn,bevFrtRoadLight
DE,h0569,0.4930229701445805,scr1995,avaStIn,bevFrtRoadLight
DE,h0570,0.5227219694183841,scr1995,avaStIn,bevFrtRoadLight
DE,h0571,0.4973028397836038,scr1995,avaStIn,bevFrtRoadLight
DE,h0572,0.44105087136717547,scr1995,avaStIn,bevFrtRoadLight
DE,h0573,0.3780715220810563,scr1995,avaStIn,bevFrtRoadLight
DE,h0574,0.3651732684624295,scr1995,avaStIn,bevFrtRoadLight
DE,h0575,0.37819407508686786,scr1995,avaStIn,bevFrtRoadLight
DE,h0576,0.39030528136459475,scr1995,avaStIn,bevFrtRoadLight
DE,h0577,0.39676844770380715,scr1995,avaStIn,bevFrtRoadLight
DE,h0578,0.394126679824481,scr1995,avaStIn,bevFrtRoadLight
DE,h0579,0.38987622113496045,scr1995,avaStIn,bevFrtRoadLight
DE,h0580,0.3949010730157553,scr1995,avaStIn,bevFrtRoadLight
DE,h0581,0.4070515770334633,scr1995,avaStIn,bevFrtRoadLight
DE,h0582,0.4208976614733184,scr1995,avaStIn,bevFrtRoadLight
DE,h0583,0.431200373449243,scr1995,avaStIn,bevFrtRoadLight
DE,h0584,0.4476631091420812,scr1995,avaStIn,bevFrtRoadLight
DE,h0585,0.459819945642168,scr1995,avaStIn,bevFrtRoadLight
DE,h0586,0.4680993229495969,scr1995,avaStIn,bevFrtRoadLight
DE,h0587,0.46486237923748064,scr1995,avaStIn,bevFrtRoadLight
DE,h0588,0.4365357697383475,scr1995,avaStIn,bevFrtRoadLight
DE,h0589,0.42024922761105055,scr1995,avaStIn,bevFrtRoadLight
DE,h0590,0.4096206610494807,scr1995,avaStIn,bevFrtRoadLight
DE,h0591,0.4354358800677708,scr1995,avaStIn,bevFrtRoadLight
DE,h0592,0.46070491956491055,scr1995,avaStIn,bevFrtRoadLight
DE,h0593,0.4930229701445805,scr1995,avaStIn,bevFrtRoadLight
DE,h0594,0.5227219694183841,scr1995,avaStIn,bevFrtRoadLight
DE,h0595,0.4973028397836038,scr1995,avaStIn,bevFrtRoadLight
DE,h0596,0.44105087136717547,scr1995,avaStIn,bevFrtRoadLight
DE,h0597,0.3780715220810563,scr1995,avaStIn,bevFrtRoadLight
DE,h0598,0.3651732684624295,scr1995,avaStIn,bevFrtRoadLight
DE,h0599,0.37819407508686786,scr1995,avaStIn,bevFrtRoadLight
DE,h0600,0.39030528136459475,scr1995,avaStIn,bevFrtRoadLight
DE,h0601,0.39676844770380715,scr1995,avaStIn,bevFrtRoadLight
DE,h0602,0.394126679824481,scr1995,avaStIn,bevFrtRoadLight
DE,h0603,0.38987622113496045,scr1995,avaStIn,bevFrtRoadLight
DE,h0604,0.3949010730157553,scr1995,avaStIn,bevFrtRoadLight
DE,h0605,0.4070515770334633,scr1995,avaStIn,bevFrtRoadLight
DE,h0606,0.4208976614733184,scr1995,avaStIn,bevFrtRoadLight
DE,h0607,0.431200373449243,scr1995,avaStIn,bevFrtRoadLight
DE,h0608,0.4476631091420812,scr1995,avaStIn,bevFrtRoadLight
DE,h0609,0.459819945642168,scr1995,avaStIn,bevFrtRoadLight
DE,h0610,0.4680993229495969,scr1995,avaStIn,bevFrtRoadLight
DE,h0611,0.46486237923748064,scr1995,avaStIn,bevFrtRoadLight
DE,h0612,0.4365357697383475,scr1995,avaStIn,bevFrtRoadLight
DE,h0613,0.42024922761105055,scr1995,avaStIn,bevFrtRoadLight
DE,h0614,0.4096206610494807,scr1995,avaStIn,bevFrtRoadLight
DE,h0615,0.4354358800677708,scr1995,avaStIn,bevFrtRoadLight
DE,h0616,0.46070491956491055,scr1995,avaStIn,bevFrtRoadLight
DE,h0617,0.4930229701445805,scr1995,avaStIn,bevFrtRoadLight
DE,h0618,0.5227219694183841,scr1995,avaStIn,bevFrtRoadLight
DE,h0619,0.5491092959310323,scr1995,avaStIn,bevFrtRoadLight
DE,h0620,0.5660273446388822,scr1995,avaStIn,bevFrtRoadLight
DE,h0621,0.5694377234652451,scr1995,avaStIn,bevFrtRoadLight
DE,h0622,0.5523077077296228,scr1995,avaStIn,bevFrtRoadLight
DE,h0623,0.5202159512310937,scr1995,avaStIn,bevFrtRoadLight
DE,h0624,0.47844313410101147,scr1995,avaStIn,bevFrtRoadLight
DE,h0625,0.4496409140263561,scr1995,avaStIn,bevFrtRoadLight
DE,h0626,0.4320905869676537,scr1995,avaStIn,bevFrtRoadLight
DE,h0627,0.4183959616589257,scr1995,avaStIn,bevFrtRoadLight
DE,h0628,0.3956019331827775,scr1995,avaStIn,bevFrtRoadLight
DE,h0629,0.3767263211064922,scr1995,avaStIn,bevFrtRoadLight
DE,h0630,0.3834870441325797,scr1995,avaStIn,bevFrtRoadLight
DE,h0631,0.41751535673084994,scr1995,avaStIn,bevFrtRoadLight
DE,h0632,0.46915180370731313,scr1995,avaStIn,bevFrtRoadLight
DE,h0633,0.508919129197644,scr1995,avaStIn,bevFrtRoadLight
DE,h0634,0.5246670544400582,scr1995,avaStIn,bevFrtRoadLight
DE,h0635,0.5146754500258794,scr1995,avaStIn,bevFrtRoadLight
DE,h0636,0.4951064908438997,scr1995,avaStIn,bevFrtRoadLight
DE,h0637,0.4859404705925229,scr1995,avaStIn,bevFrtRoadLight
DE,h0638,0.4874922753166979,scr1995,avaStIn,bevFrtRoadLight
DE,h0639,0.49902806979994396,scr1995,avaStIn,bevFrtRoadLight
DE,h0640,0.5156345122766356,scr1995,avaStIn,bevFrtRoadLight
DE,h0641,0.5202103771791663,scr1995,avaStIn,bevFrtRoadLight
DE,h0642,0.509835145303465,scr1995,avaStIn,bevFrtRoadLight
DE,h0643,0.47835906407490014,scr1995,avaStIn,bevFrtRoadLight
DE,h0644,0.4418819895704986,scr1995,avaStIn,bevFrtRoadLight
DE,h0645,0.4127872338607794,scr1995,avaStIn,bevFrtRoadLight
DE,h0646,0.397048616042487,scr1995,avaStIn,bevFrtRoadLight
DE,h0647,0.39602459376056576,scr1995,avaStIn,bevFrtRoadLight
DE,h0648,0.40316203252430516,scr1995,avaStIn,bevFrtRoadLight
DE,h0649,0.416180688141642,scr1995,avaStIn,bevFrtRoadLight
DE,h0650,0.42479323932127233,scr1995,avaStIn,bevFrtRoadLight
DE,h0651,0.4183959616589257,scr1995,avaStIn,bevFrtRoadLight
DE,h0652,0.3956019331827775,scr1995,avaStIn,bevFrtRoadLight
DE,h0653,0.3767263211064922,scr1995,avaStIn,bevFrtRoadLight
DE,h0654,0.3834870441325797,scr1995,avaStIn,bevFrtRoadLight
DE,h0655,0.41751535673084994,scr1995,avaStIn,bevFrtRoadLight
DE,h0656,0.46915180370731313,scr1995,avaStIn,bevFrtRoadLight
DE,h0657,0.508919129197644,scr1995,avaStIn,bevFrtRoadLight
DE,h0658,0.5246670544400582,scr1995,avaStIn,bevFrtRoadLight
DE,h0659,0.5146754500258794,scr1995,avaStIn,bevFrtRoadLight
DE,h0660,0.4951064908438997,scr1995,avaStIn,bevFrtRoadLight
DE,h0661,0.4246653332821728,scr1995,avaStIn,bevFrtRoadLight
DE,h0662,0.37996946347264315,scr1995,avaStIn,bevFrtRoadLight
DE,h0663,0.36834480165138994,scr1995,avaStIn,bevFrtRoadLight
DE,h0664,0.43639289954265337,scr1995,avaStIn,bevFrtRoadLight
DE,h0665,0.48453569830379983,scr1995,avaStIn,bevFrtRoadLight
DE,h0666,0.4983772155540289,scr1995,avaStIn,bevFrtRoadLight
DE,h0667,0.479716893383465,scr1995,avaStIn,bevFrtRoadLight
DE,h0668,0.4442036654846514,scr1995,avaStIn,bevFrtRoadLight
DE,h0669,0.4127872338607794,scr1995,avaStIn,bevFrtRoadLight
DE,h0670,0.397048616042487,scr1995,avaStIn,bevFrtRoadLight
DE,h0671,0.39602459376056576,scr1995,avaStIn,bevFrtRoadLight
DE,h0672,0.40316203252430516,scr1995,avaStIn,bevFrtRoadLight
GR,h0505,0.4189616602698403,scr1995,avaStIn,bevFrtRoadLight
GR,h0506,0.44316263746287865,scr1995,avaStIn,bevFrtRoadLight
GR,h0507,0.4666151112420711,scr1995,avaStIn,bevFrtRoadLight
GR,h0508,0.45832645881139567,scr1995,avaStIn,bevFrtRoadLight
GR,h0509,0.4575215740258525,scr1995,avaStIn,bevFrtRoadLight
GR,h0510,0.4714802227826498,scr1995,avaStIn,bevFrtRoadLight
GR,h0511,0.45278396719135405,scr1995,avaStIn,bevFrtRoadLight
GR,h0512,0.4321968269076082,scr1995,avaStIn,bevFrtRoadLight
GR,h0513,0.41692976682231464,scr1995,avaStIn,bevFrtRoadLight
GR,h0514,0.4492241211131014,scr1995,avaStIn,bevFrtRoadLight
GR,h0515,0.48975714412554394,scr1995,avaStIn,bevFrtRoadLight
GR,h0516,0.5206617867481357,scr1995,avaStIn,bevFrtRoadLight
GR,h0517,0.5030312066648692,scr1995,avaStIn,bevFrtRoadLight
GR,h0518,0.46430567818254775,scr1995,avaStIn,bevFrtRoadLight
GR,h0519,0.3930115245300315,scr1995,avaStIn,bevFrtRoadLight
GR,h0520,0.3383128612832066,scr1995,avaStIn,bevFrtRoadLight
GR,h0521,0.2949078707645617,scr1995,avaStIn,bevFrtRoadLight
GR,h0522,0.30032532288300284,scr1995,avaStIn,bevFrtRoadLight
GR,h0523,0.37031889442133714,scr1995,avaStIn,bevFrtRoadLight
GR,h0524,0.439566819115495,scr1995,avaStIn,bevFrtRoadLight
GR,h0525,0.4842205316258411,scr1995,avaStIn,bevFrtRoadLight
GR,h0526,0.48177042584781093,scr1995,avaStIn,bevFrtRoadLight
GR,h0527,0.4649933341110367,scr1995,avaStIn,bevFrtRoadLight
GR,h0528,0.4421476660354572,scr1995,avaStIn,bevFrtRoadLight
GR,h0529,0.40457118840562833,scr1995,avaStIn,bevFrtRoadLight
GR,h0530,0.3965887476744546,scr1995,avaStIn,bevFrtRoadLight
GR,h0531,0.4189648810301997,scr1995,avaStIn,bevFrtRoadLight
GR,h0532,0.47669159584913956,scr1995,avaStIn,bevFrtRoadLight
GR,h0533,0.5156198975065492,scr1995,avaStIn,bevFrtRoadLight
GR,h0534,0.5320199439771598,scr1995,avaStIn,bevFrtRoadLight
GR,h0535,0.489664575276482,scr1995,avaStIn,bevFrtRoadLight
GR,h0536,0.445275594397034,scr1995,avaStIn,bevFrtRoadLight
GR,h0537,0.41692976682231464,scr1995,avaStIn,bevFrtRoadLight
GR,h0538,0.4492241211131014,scr1995,avaStIn,bevFrtRoadLight
GR,h0539,0.48975714412554394,scr1995,avaStIn,bevFrtRoadLight
GR,h0540,0.5206617867481357,scr1995,avaStIn,bevFrtRoadLight
GR,h0541,0.5280978832077089,scr1995,avaStIn,bevFrtRoadLight
GR,h0542,0.5124807931759494,scr1995,avaStIn,bevFrtRoadLight
GR,h0543,0.4761436847441386,scr1995,avaStIn,bevFrtRoadLight
GR,h0544,0.43500854961948865,scr1995,avaStIn,bevFrtRoadLight
GR,h0545,0.409416438142285,scr1995,avaStIn,bevFrtRoadLight
GR,h0546,0.41070005893656325,scr1995,avaStIn,bevFrtRoadLight
GR,h0547,0.43881390042054824,scr1995,avaStIn,bevFrtRoadLight
GR,h0548,0.46852756847703914,scr1995,avaStIn,bevFrtRoadLight
GR,h0549,0.4842205316258411,scr1995,avaStIn,bevFrtRoadLight
GR,h0550,0.48177042584781093,scr1995,avaStIn,bevFrtRoadLight
GR,h0551,0.4649933341110367,scr1995,avaStIn,bevFrtRoadLight
GR,h0552,0.4421476660354572,scr1995,avaStIn,bevFrtRoadLight
GR,h0553,0.4241707546574749,scr1995,avaStIn,bevFrtRoadLight
GR,h0554,0.42041737236492704,scr1995,avaStIn,bevFrtRoadLight
GR,h0555,0.4350085499835714,scr1995,avaStIn,bevFrtRoadLight
GR,h0556,0.451746329447546,scr1995,avaStIn,bevFrtRoadLight
GR,h0557,0.4604138747613745,scr1995,avaStIn,bevFrtRoadLight
GR,h0558,0.45012798266384146,scr1995,avaStIn,bevFrtRoadLight
GR,h0559,0.4275548125092713,scr1995,avaStIn,bevFrtRoadLight
GR,h0560,0.40971929895410075,scr1995,avaStIn,bevFrtRoadLight
GR,h0561,0.41692976682231464,scr1995,avaStIn,bevFrtRoadLight
GR,h0562,0.4492241211131014,scr1995,avaStIn,bevFrtRoadLight
GR,h0563,0.48975714412554394,scr1995,avaStIn,bevFrtRoadLight
GR,h0564,0.5206617867481357,scr1995,avaStIn,bevFrtRoadLight
GR,h0565,0.49529424560017543,scr1995,avaStIn,bevFrtRoadLight
GR,h0566,0.4628450451116344,scr1995,avaStIn,bevFrtRoadLight
GR,h0567,0.4354358800677709,scr1995,avaStIn,bevFrtRoadLight
GR,h0568,0.46070491956491055,scr1995,avaStIn,bevFrtRoadLight
GR,h0569,0.4930229701445805,scr1995,avaStIn,bevFrtRoadLight
GR,h0570,0.5227219694183841,scr1995,avaStIn,bevFrtRoadLight
GR,h0571,0.4973028397836038,scr1995,avaStIn,bevFrtRoadLight
GR,h0572,0.44105087136717547,scr1995,avaStIn,bevFrtRoadLight
GR,h0573,0.3780715220810563,scr1995,avaStIn,bevFrtRoadLight
GR,h0574,0.3651732684624296,scr1995,avaStIn,bevFrtRoadLight
GR,h0575,0.37819407508686786,scr1995,avaStIn,bevFrtRoadLight
GR,h0576,0.39030528136459475,scr1995,avaStIn,bevFrtRoadLight
GR,h0577,0.39676844770380715,scr1995,avaStIn,bevFrtRoadLight
GR,h0578,0.394126679824481,scr1995,avaStIn,bevFrtRoadLight
GR,h0579,0.38987622113496045,scr1995,avaStIn,bevFrtRoadLight
GR,h0580,0.3949010730157553,scr1995,avaStIn,bevFrtRoadLight
GR,h0581,0.4070515770334633,scr1995,avaStIn,bevFrtRoadLight
GR,h0582,0.4208976614733183,scr1995,avaStIn,bevFrtRoadLight
GR,h0583,0.431200373449243,scr1995,avaStIn,bevFrtRoadLight
GR,h0584,0.4476631091420812,scr1995,avaStIn,bevFrtRoadLight
GR,h0585,0.459819945642168,scr1995,avaStIn,bevFrtRoadLight
GR,h0586,0.4680993229495969,scr1995,avaStIn,bevFrtRoadLight
GR,h0587,0.46486237923748064,scr1995,avaStIn,bevFrtRoadLight
GR,h0588,0.4365357697383475,scr1995,avaStIn,bevFrtRoadLight
GR,h0589,0.42024922761105055,scr1995,avaStIn,bevFrtRoadLight
GR,h0590,0.4096206610494807,scr1995,avaStIn,bevFrtRoadLight
GR,h0591,0.4354358800677709,scr1995,avaStIn,bevFrtRoadLight
GR,h0592,0.46070491956491055,scr1995,avaStIn,bevFrtRoadLight
GR,h0593,0.4930229701445805,scr1995,avaStIn,bevFrtRoadLight
GR,h0594,0.5227219694183841,scr1995,avaStIn,bevFrtRoadLight
GR,h0595,0.4973028397836038,scr1995,avaStIn,bevFrtRoadLight
GR,h0596,0.44105087136717547,scr1995,avaStIn,bevFrtRoadLight
GR,h0597,0.3780715220810563,scr1995,avaStIn,bevFrtRoadLight
GR,h0598,0.3651732684624296,scr1995,avaStIn,bevFrtRoadLight
GR,h0599,0.37819407508686786,scr1995,avaStIn,bevFrtRoadLight
GR,h0600,0.39030528136459475,scr1995,avaStIn,bevFrtRoadLight
GR,h0601,0.39676844770380715,scr1995,avaStIn,bevFrtRoadLight
GR,h0602,0.394126679824481,scr1995,avaStIn,bevFrtRoadLight
GR,h0603,0.38987622113496045,scr1995,avaStIn,bevFrtRoadLight
GR,h0604,0.3949010730157553,scr1995,avaStIn,bevFrtRoadLight
GR,h0605,0.4070515770334633,scr1995,avaStIn,bevFrtRoadLight
GR,h0606,0.4208976614733183,scr1995,avaStIn,bevFrtRoadLight
GR,h0607,0.431200373449243,scr1995,avaStIn,bevFrtRoadLight
GR,h0608,0.4476631091420812,scr1995,avaStIn,bevFrtRoadLight
GR,h0609,0.459819945642168,scr1995,avaStIn,bevFrtRoadLight
GR,h0610,0.4680993229495969,scr1995,avaStIn,bevFrtRoadLight
GR,h0611,0.46486237923748064,scr1995,avaStIn,bevFrtRoadLight
GR,h0612,0.4365357697383475,scr1995,avaStIn,bevFrtRoadLight
GR,h0613,0.42024922761105055,scr1995,avaStIn,bevFrtRoadLight
GR,h0614,0.4096206610494807,scr1995,avaStIn,bevFrtRoadLight
GR,h0615,0.4354358800677709,scr1995,avaStIn,bevFrtRoadLight
GR,h0616,0.46070491956491055,scr1995,avaStIn,bevFrtRoadLight
GR,h0617,0.4930229701445805,scr1995,avaStIn,bevFrtRoadLight
GR,h0618,0.5227219694183841,scr1995,avaStIn,bevFrtRoadLight
GR,h0619,0.5491092959310323,scr1995,avaStIn,bevFrtRoadLight
GR,h0620,0.5660273446388822,scr1995,avaStIn,bevFrtRoadLight
GR,h0621,0.5694377234652451,scr1995,avaStIn,bevFrtRoadLight
GR,h0622,0.5523077077296228,scr1995,avaStIn,bevFrtRoadLight
GR,h0623,0.5202159512310937,scr1995,avaStIn,bevFrtRoadLight
GR,h0624,0.47844313410101147,scr1995,avaStIn,bevFrtRoadLight
GR,h0625,0.4496409140263561,scr1995,avaStIn,bevFrtRoadLight
GR,h0626,0.43209058696765357,scr1995,avaStIn,bevFrtRoadLight
GR,h0627,0.41839596165892534,scr1995,avaStIn,bevFrtRoadLight
GR,h0628,0.39560193318277737,scr1995,avaStIn,bevFrtRoadLight
GR,h0629,0.3767263211064922,scr1995,avaStIn,bevFrtRoadLight
GR,h0630,0.3834870441325797,scr1995,avaStIn,bevFrtRoadLight
GR,h0631,0.41751535673084994,scr1995,avaStIn,bevFrtRoadLight
GR,h0632,0.46915180370731313,scr1995,avaStIn,bevFrtRoadLight
GR,h0633,0.508919129197644,scr1995,avaStIn,bevFrtRoadLight
GR,h0634,0.5246670544400583,scr1995,avaStIn,bevFrtRoadLight
GR,h0635,0.5146754500258794,scr1995,avaStIn,bevFrtRoadLight
GR,h0636,0.4951064908438997,scr1995,avaStIn,bevFrtRoadLight
GR,h0637,0.485940470592523,scr1995,avaStIn,bevFrtRoadLight
GR,h0638,0.4874922753166979,scr1995,avaStIn,bevFrtRoadLight
GR,h0639,0.49902806979994396,scr1995,avaStIn,bevFrtRoadLight
GR,h0640,0.5156345122766356,scr1995,avaStIn,bevFrtRoadLight
GR,h0641,0.5202103771791662,scr1995,avaStIn,bevFrtRoadLight
GR,h0642,0.509835145303465,scr1995,avaStIn,bevFrtRoadLight
GR,h0643,0.47835906407490014,scr1995,avaStIn,bevFrtRoadLight
GR,h0644,0.4418819895704986,scr1995,avaStIn,bevFrtRoadLight
GR,h0645,0.4127872338607794,scr1995,avaStIn,bevFrtRoadLight
GR,h0646,0.397048616042487,scr1995,avaStIn,bevFrtRoadLight
GR,h0647,0.39602459376056587,scr1995,avaStIn,bevFrtRoadLight
GR,h0648,0.40316203252430516,scr1995,avaStIn,bevFrtRoadLight
GR,h0649,0.416180688141642,scr1995,avaStIn,bevFrtRoadLight
GR,h0650,0.4247932393212722,scr1995,avaStIn,bevFrtRoadLight
GR,h0651,0.41839596165892534,scr1995,avaStIn,bevFrtRoadLight
GR,h0652,0.39560193318277737,scr1995,avaStIn,bevFrtRoadLight
GR,h0653,0.3767263211064922,scr1995,avaStIn,bevFrtRoadLight
GR,h0654,0.3834870441325797,scr1995,avaStIn,bevFrtRoadLight
GR,h0655,0.41751535673084994,scr1995,avaStIn,bevFrtRoadLight
GR,h0656,0.46915180370731313,scr1995,avaStIn,bevFrtRoadLight
GR,h0657,0.508919129197644,scr1995,avaStIn,bevFrtRoadLight
GR,h0658,0.5246670544400583,scr1995,avaStIn,bevFrtRoadLight
GR,h0659,0.5146754500258794,scr1995,avaStIn,bevFrtRoadLight
GR,h0660,0.4951064908438997,scr1995,avaStIn,bevFrtRoadLight
GR,h0661,0.4246653332821728,scr1995,avaStIn,bevFrtRoadLight
GR,h0662,0.37996946347264304,scr1995,avaStIn,bevFrtRoadLight
GR,h0663,0.36834480165138994,scr1995,avaStIn,bevFrtRoadLight
GR,h0664,0.43639289954265337,scr1995,avaStIn,bevFrtRoadLight
GR,h0665,0.48453569830379983,scr1995,avaStIn,bevFrtRoadLight
GR,h0666,0.4983772155540289,scr1995,avaStIn,bevFrtRoadLight
GR,h0667,0.479716893383465,scr1995,avaStIn,bevFrtRoadLight
GR,h0668,0.4442036654846514,scr1995,avaStIn,bevFrtRoadLight
GR,h0669,0.4127872338607794,scr1995,avaStIn,bevFrtRoadLight
GR,h0670,0.397048616042487,scr1995,avaStIn,bevFrtRoadLight
GR,h0671,0.39602459376056587,scr1995,avaStIn,bevFrtRoadLight
GR,h0672,0.40316203252430516,scr1995,avaStIn,bevFrtRoadLight
ES,h0505,0.41896166026984033,scr1995,avaStIn,bevFrtRoadLight
ES,h0506,0.4431626374628784,scr1995,avaStIn,bevFrtRoadLight
ES,h0507,0.46661511124207106,scr1995,avaStIn,bevFrtRoadLight
ES,h0508,0.4583264588113956,scr1995,avaStIn,bevFrtRoadLight
ES,h0509,0.45752157402585253,scr1995,avaStIn,bevFrtRoadLight
ES,h0510,0.47148022278264984,scr1995,avaStIn,bevFrtRoadLight
ES,h0511,0.4527839671913541,scr1995,avaStIn,bevFrtRoadLight
ES,h0512,0.43219682690760836,scr1995,avaStIn,bevFrtRoadLight
ES,h0513,0.4169297668223147,scr1995,avaStIn,bevFrtRoadLight
ES,h0514,0.44922412111310156,scr1995,avaStIn,bevFrtRoadLight
ES,h0515,0.4897571441255441,scr1995,avaStIn,bevFrtRoadLight
ES,h0516,0.5206617867481358,scr1995,avaStIn,bevFrtRoadLight
ES,h0517,0.5030312066648694,scr1995,avaStIn,bevFrtRoadLight
ES,h0518,0.4643056781825478,scr1995,avaStIn,bevFrtRoadLight
ES,h0519,0.3930115245300316,scr1995,avaStIn,bevFrtRoadLight
ES,h0520,0.33831286128320665,scr1995,avaStIn,bevFrtRoadLight
ES,h0521,0.29490787076456176,scr1995,avaStIn,bevFrtRoadLight
ES,h0522,0.3003253228830029,scr1995,avaStIn,bevFrtRoadLight
ES,h0523,0.3703188944213372,scr1995,avaStIn,bevFrtRoadLight
ES,h0524,0.43956681911549494,scr1995,avaStIn,bevFrtRoadLight
ES,h0525,0.48422053162584117,scr1995,avaStIn,bevFrtRoadLight
ES,h0526,0.481770425847811,scr1995,avaStIn,bevFrtRoadLight
ES,h0527,0.4649933341110369,scr1995,avaStIn,bevFrtRoadLight
ES,h0528,0.44214766603545724,scr1995,avaStIn,bevFrtRoadLight
ES,h0529,0.4045711884056284,scr1995,avaStIn,bevFrtRoadLight
ES,h0530,0.3965887476744547,scr1995,avaStIn,bevFrtRoadLight
ES,h0531,0.41896488103019974,scr1995,avaStIn,bevFrtRoadLight
ES,h0532,0.4766915958491396,scr1995,avaStIn,bevFrtRoadLight
ES,h0533,0.5156198975065494,scr1995,avaStIn,bevFrtRoadLight
ES,h0534,0.53201994397716,scr1995,avaStIn,bevFrtRoadLight
ES,h0535,0.48966457527648205,scr1995,avaStIn,bevFrtRoadLight
ES,h0536,0.44527559439703407,scr1995,avaStIn,bevFrtRoadLight
ES,h0537,0.4169297668223147,scr1995,avaStIn,bevFrtRoadLight
ES,h0538,0.44922412111310156,scr1995,avaStIn,bevFrtRoadLight
ES,h0539,0.4897571441255441,scr1995,avaStIn,bevFrtRoadLight
ES,h0540,0.5206617867481358,scr1995,avaStIn,bevFrtRoadLight
ES,h0541,0.528097883207709,scr1995,avaStIn,bevFrtRoadLight
ES,h0542,0.5124807931759494,scr1995,avaStIn,bevFrtRoadLight
ES,h0543,0.47614368474413865,scr1995,avaStIn,bevFrtRoadLight
ES,h0544,0.4350085496194887,scr1995,avaStIn,bevFrtRoadLight
ES,h0545,0.4094164381422852,scr1995,avaStIn,bevFrtRoadLight
ES,h0546,0.4107000589365633,scr1995,avaStIn,bevFrtRoadLight
ES,h0547,0.4388139004205482,scr1995,avaStIn,bevFrtRoadLight
ES,h0548,0.4685275684770392,scr1995,avaStIn,bevFrtRoadLight
ES,h0549,0.48422053162584117,scr1995,avaStIn,bevFrtRoadLight
ES,h0550,0.481770425847811,scr1995,avaStIn,bevFrtRoadLight
ES,h0551,0.4649933341110369,scr1995,avaStIn,bevFrtRoadLight
ES,h0552,0.44214766603545724,scr1995,avaStIn,bevFrtRoadLight
ES,h0553,0.42417075465747495,scr1995,avaStIn,bevFrtRoadLight
ES,h0554,0.4204173723649271,scr1995,avaStIn,bevFrtRoadLight
ES,h0555,0.43500854998357147,scr1995,avaStIn,bevFrtRoadLight
ES,h0556,0.45174632944754606,scr1995,avaStIn,bevFrtRoadLight
ES,h0557,0.4604138747613747,scr1995,avaStIn,bevFrtRoadLight
ES,h0558,0.4501279826638415,scr1995,avaStIn,bevFrtRoadLight
ES,h0559,0.42755481250927135,scr1995,avaStIn,bevFrtRoadLight
ES,h0560,0.4097192989541008,scr1995,avaStIn,bevFrtRoadLight
ES,h0561,0.4169297668223147,scr1995,avaStIn,bevFrtRoadLight
ES,h0562,0.44922412111310156,scr1995,avaStIn,bevFrtRoadLight
ES,h0563,0.4897571441255441,scr1995,avaStIn,bevFrtRoadLight
ES,h0564,0.5206617867481358,scr1995,avaStIn,bevFrtRoadLight
ES,h0565,0.4952942456001755,scr1995,avaStIn,bevFrtRoadLight
ES,h0566,0.46284504511163443,scr1995,avaStIn,bevFrtRoadLight
ES,h0567,0.43543588006777095,scr1995,avaStIn,bevFrtRoadLight
ES,h0568,0.4607049195649106,scr1995,avaStIn,bevFrtRoadLight
ES,h0569,0.4930229701445806,scr1995,avaStIn,bevFrtRoadLight
ES,h0570,0.522721969418384,scr1995,avaStIn,bevFrtRoadLight
ES,h0571,0.49730283978360385,scr1995,avaStIn,bevFrtRoadLight
ES,h0572,0.4410508713671755,scr1995,avaStIn,bevFrtRoadLight
ES,h0573,0.3780715220810564,scr1995,avaStIn,bevFrtRoadLight
ES,h0574,0.36517326846242953,scr1995,avaStIn,bevFrtRoadLight
ES,h0575,0.3781940750868679,scr1995,avaStIn,bevFrtRoadLight
ES,h0576,0.3903052813645948,scr1995,avaStIn,bevFrtRoadLight
ES,h0577,0.3967684477038072,scr1995,avaStIn,bevFrtRoadLight
ES,h0578,0.3941266798244811,scr1995,avaStIn,bevFrtRoadLight
ES,h0579,0.3898762211349605,scr1995,avaStIn,bevFrtRoadLight
ES,h0580,0.39490107301575533,scr1995,avaStIn,bevFrtRoadLight
ES,h0581,0.40705157703346334,scr1995,avaStIn,bevFrtRoadLight
ES,h0582,0.42089766147331836,scr1995,avaStIn,bevFrtRoadLight
ES,h0583,0.43120037344924306,scr1995,avaStIn,bevFrtRoadLight
ES,h0584,0.44766310914208124,scr1995,avaStIn,bevFrtRoadLight
ES,h0585,0.45981994564216805,scr1995,avaStIn,bevFrtRoadLight
ES,h0586,0.46809932294959694,scr1995,avaStIn,bevFrtRoadLight
ES,h0587,0.4648623792374807,scr1995,avaStIn,bevFrtRoadLight
ES,h0588,0.43653576973834757,scr1995,avaStIn,bevFrtRoadLight
ES,h0589,0.4202492276110506,scr1995,avaStIn,bevFrtRoadLight
ES,h0590,0.40962066104948075,scr1995,avaStIn,bevFrtRoadLight
ES,h0591,0.43543588006777095,scr1995,avaStIn,bevFrtRoadLight
ES,h0592,0.4607049195649106,scr1995,avaStIn,bevFrtRoadLight
ES,h0593,0.4930229701445806,scr1995,avaStIn,bevFrtRoadLight
ES,h0594,0.522721969418384,scr1995,avaStIn,bevFrtRoadLight
ES,h0595,0.49730283978360385,scr1995,avaStIn,bevFrtRoadLight
ES,h0596,0.4410508713671755,scr1995,avaStIn,bevFrtRoadLight
ES,h0597,0.3780715220810564,scr1995,avaStIn,bevFrtRoadLight
ES,h0598,0.36517326846242953,scr1995,avaStIn,bevFrtRoadLight
ES,h0599,0.3781940750868679,scr1995,avaStIn,bevFrtRoadLight
ES,h0600,0.3903052813645948,scr1995,avaStIn,bevFrtRoadLight
ES,h0601,0.3967684477038072,scr1995,avaStIn,bevFrtRoadLight
ES,h0602,0.3941266798244811,scr1995,avaStIn,bevFrtRoadLight
ES,h0603,0.3898762211349605,scr1995,avaStIn,bevFrtRoadLight
ES,h0604,0.39490107301575533,scr1995,avaStIn,bevFrtRoadLight
ES,h0605,0.40705157703346334,scr1995,avaStIn,bevFrtRoadLight
ES,h0606,0.42089766147331836,scr1995,avaStIn,bevFrtRoadLight
ES,h0607,0.43120037344924306,scr1995,avaStIn,bevFrtRoadLight
ES,h0608,0.44766310914208124,scr1995,avaStIn,bevFrtRoadLight
ES,h0609,0.45981994564216805,scr1995,avaStIn,bevFrtRoadLight
ES,h0610,0.46809932294959694,scr1995,avaStIn,bevFrtRoadLight
ES,h0611,0.4648623792374807,scr1995,avaStIn,bevFrtRoadLight
ES,h0612,0.43653576973834757,scr1995,avaStIn,bevFrtRoadLight
ES,h0613,0.4202492276110506,scr1995,avaStIn,bevFrtRoadLight
ES,h0614,0.40962066104948075,scr1995,avaStIn,bevFrtRoadLight
ES,h0615,0.43543588006777095,scr1995,avaStIn,bevFrtRoadLight
ES,h0616,0.4607049195649106,scr1995,avaStIn,bevFrtRoadLight
ES,h0617,0.4930229701445806,scr1995,avaStIn,bevFrtRoadLight
ES,h0618,0.522721969418384,scr1995,avaStIn,bevFrtRoadLight
ES,h0619,0.5491092959310324,scr1995,avaStIn,bevFrtRoadLight
ES,h0620,0.5660273446388819,scr1995,avaStIn,bevFrtRoadLight
ES,h0621,0.5694377234652452,scr1995,avaStIn,bevFrtRoadLight
ES,h0622,0.5523077077296228,scr1995,avaStIn,bevFrtRoadLight
ES,h0623,0.5202159512310938,scr1995,avaStIn,bevFrtRoadLight
ES,h0624,0.4784431341010115,scr1995,avaStIn,bevFrtRoadLight
ES,h0625,0.44964091402635614,scr1995,avaStIn,bevFrtRoadLight
ES,h0626,0.43209058696765373,scr1995,avaStIn,bevFrtRoadLight
ES,h0627,0.41839596165892573,scr1995,avaStIn,bevFrtRoadLight
ES,h0628,0.39560193318277753,scr1995,avaStIn,bevFrtRoadLight
ES,h0629,0.37672632110649223,scr1995,avaStIn,bevFrtRoadLight
ES,h0630,0.3834870441325798,scr1995,avaStIn,bevFrtRoadLight
ES,h0631,0.41751535673085,scr1995,avaStIn,bevFrtRoadLight
ES,h0632,0.4691518037073132,scr1995,avaStIn,bevFrtRoadLight
ES,h0633,0.508919129197644,scr1995,avaStIn,bevFrtRoadLight
ES,h0634,0.5246670544400582,scr1995,avaStIn,bevFrtRoadLight
ES,h0635,0.5146754500258794,scr1995,avaStIn,bevFrtRoadLight
ES,h0636,0.49510649084389974,scr1995,avaStIn,bevFrtRoadLight
ES,h0637,0.48594047059252293,scr1995,avaStIn,bevFrtRoadLight
ES,h0638,0.487492275316698,scr1995,avaStIn,bevFrtRoadLight
ES,h0639,0.499028069799944,scr1995,avaStIn,bevFrtRoadLight
ES,h0640,0.5156345122766357,scr1995,avaStIn,bevFrtRoadLight
ES,h0641,0.5202103771791664,scr1995,avaStIn,bevFrtRoadLight
ES,h0642,0.5098351453034651,scr1995,avaStIn,bevFrtRoadLight
ES,h0643,0.4783590640749002,scr1995,avaStIn,bevFrtRoadLight
ES,h0644,0.4418819895704987,scr1995,avaStIn,bevFrtRoadLight
ES,h0645,0.4127872338607795,scr1995,avaStIn,bevFrtRoadLight
ES,h0646,0.3970486160424868,scr1995,avaStIn,bevFrtRoadLight
ES,h0647,0.3960245937605658,scr1995,avaStIn,bevFrtRoadLight
ES,h0648,0.4031620325243052,scr1995,avaStIn,bevFrtRoadLight
ES,h0649,0.41618068814164205,scr1995,avaStIn,bevFrtRoadLight
ES,h0650,0.4247932393212724,scr1995,avaStIn,bevFrtRoadLight
ES,h0651,0.41839596165892573,scr1995,avaStIn,bevFrtRoadLight
ES,h0652,0.39560193318277753,scr1995,avaStIn,bevFrtRoadLight
ES,h0653,0.37672632110649223,scr1995,avaStIn,bevFrtRoadLight
ES,h0654,0.3834870441325798,scr1995,avaStIn,bevFrtRoadLight
ES,h0655,0.41751535673085,scr1995,avaStIn,bevFrtRoadLight
ES,h0656,0.4691518037073132,scr1995,avaStIn,bevFrtRoadLight
ES,h0657,0.508919129197644,scr1995,avaStIn,bevFrtRoadLight
ES,h0658,0.5246670544400582,scr1995,avaStIn,bevFrtRoadLight
ES,h0659,0.5146754500258794,scr1995,avaStIn,bevFrtRoadLight
ES,h0660,0.49510649084389974,scr1995,avaStIn,bevFrtRoadLight
ES,h0661,0.4246653332821729,scr1995,avaStIn,bevFrtRoadLight
ES,h0662,0.3799694634726431,scr1995,avaStIn,bevFrtRoadLight
ES,h0663,0.36834480165139,scr1995,avaStIn,bevFrtRoadLight
ES,h0664,0.4363928995426534,scr1995,avaStIn,bevFrtRoadLight
ES,h0665,0.4845356983037999,scr1995,avaStIn,bevFrtRoadLight
ES,h0666,0.498377215554029,scr1995,avaStIn,bevFrtRoadLight
ES,h0667,0.47971689338346507,scr1995,avaStIn,bevFrtRoadLight
ES,h0668,0.44420366548465123,scr1995,avaStIn,bevFrtRoadLight
ES,h0669,0.4127872338607795,scr1995,avaStIn,bevFrtRoadLight
ES,h0670,0.3970486160424868,scr1995,avaStIn,bevFrtRoadLight
ES,h0671,0.3960245937605658,scr1995,avaStIn,bevFrtRoadLight
ES,h0672,0.4031620325243052,scr1995,avaStIn,bevFrtRoadLight
DK,h0505,0.4189616602698403,scr1995,avaStIn,bevFrtRoadLight
DK,h0506,0.44316263746287865,scr1995,avaStIn,bevFrtRoadLight
DK,h0507,0.4666151112420711,scr1995,avaStIn,bevFrtRoadLight
DK,h0508,0.45832645881139567,scr1995,avaStIn,bevFrtRoadLight
DK,h0509,0.4575215740258525,scr1995,avaStIn,bevFrtRoadLight
DK,h0510,0.4714802227826498,scr1995,avaStIn,bevFrtRoadLight
DK,h0511,0.45278396719135405,scr1995,avaStIn,bevFrtRoadLight
DK,h0512,0.4321968269076082,scr1995,avaStIn,bevFrtRoadLight
DK,h0513,0.41692976682231464,scr1995,avaStIn,bevFrtRoadLight
DK,h0514,0.4492241211131014,scr1995,avaStIn,bevFrtRoadLight
DK,h0515,0.48975714412554394,scr1995,avaStIn,bevFrtRoadLight
DK,h0516,0.5206617867481357,scr1995,avaStIn,bevFrtRoadLight
DK,h0517,0.5030312066648692,scr1995,avaStIn,bevFrtRoadLight
DK,h0518,0.46430567818254775,scr1995,avaStIn,bevFrtRoadLight
DK,h0519,0.3930115245300315,scr1995,avaStIn,bevFrtRoadLight
DK,h0520,0.3383128612832066,scr1995,avaStIn,bevFrtRoadLight
DK,h0521,0.2949078707645617,scr1995,avaStIn,bevFrtRoadLight
DK,h0522,0.30032532288300284,scr1995,avaStIn,bevFrtRoadLight
DK,h0523,0.37031889442133714,scr1995,avaStIn,bevFrtRoadLight
DK,h0524,0.439566819115495,scr1995,avaStIn,bevFrtRoadLight
DK,h0525,0.4842205316258411,scr1995,avaStIn,bevFrtRoadLight
DK,h0526,0.48177042584781093,scr1995,avaStIn,bevFrtRoadLight
DK,h0527,0.4649933341110367,scr1995,avaStIn,bevFrtRoadLight
DK,h0528,0.4421476660354572,scr1995,avaStIn,bevFrtRoadLight
DK,h0529,0.40457118840562833,scr1995,avaStIn,bevFrtRoadLight
DK,h0530,0.3965887476744546,scr1995,avaStIn,bevFrtRoadLight
DK,h0531,0.4189648810301997,scr1995,avaStIn,bevFrtRoadLight
DK,h0532,0.47669159584913956,scr1995,avaStIn,bevFrtRoadLight
DK,h0533,0.5156198975065492,scr1995,avaStIn,bevFrtRoadLight
DK,h0534,0.5320199439771598,scr1995,avaStIn,bevFrtRoadLight
DK,h0535,0.489664575276482,scr1995,avaStIn,bevFrtRoadLight
DK,h0536,0.445275594397034,scr1995,avaStIn,bevFrtRoadLight
DK,h0537,0.41692976682231464,scr1995,avaStIn,bevFrtRoadLight
DK,h0538,0.4492241211131014,scr1995,avaStIn,bevFrtRoadLight
DK,h0539,0.48975714412554394,scr1995,avaStIn,bevFrtRoadLight
DK,h0540,0.5206617867481357,scr1995,avaStIn,bevFrtRoadLight
DK,h0541,0.5280978832077089,scr1995,avaStIn,bevFrtRoadLight
DK,h0542,0.5124807931759494,scr1995,avaStIn,bevFrtRoadLight
DK,h0543,0.4761436847441386,scr1995,avaStIn,bevFrtRoadLight
DK,h0544,0.43500854961948865,scr1995,avaStIn,bevFrtRoadLight
DK,h0545,0.409416438142285,scr1995,avaStIn,bevFrtRoadLight
DK,h0546,0.41070005893656325,scr1995,avaStIn,bevFrtRoadLight
DK,h0547,0.43881390042054824,scr1995,avaStIn,bevFrtRoadLight
DK,h0548,0.46852756847703914,scr1995,avaStIn,bevFrtRoadLight
DK,h0549,0.4842205316258411,scr1995,avaStIn,bevFrtRoadLight
DK,h0550,0.48177042584781093,scr1995,avaStIn,bevFrtRoadLight
DK,h0551,0.4649933341110367,scr1995,avaStIn,bevFrtRoadLight
DK,h0552,0.4421476660354572,scr1995,avaStIn,bevFrtRoadLight
DK,h0553,0.4241707546574749,scr1995,avaStIn,bevFrtRoadLight
DK,h0554,0.42041737236492704,scr1995,avaStIn,bevFrtRoadLight
DK,h0555,0.4350085499835714,scr1995,avaStIn,bevFrtRoadLight
DK,h0556,0.451746329447546,scr1995,avaStIn,bevFrtRoadLight
DK,h0557,0.4604138747613745,scr1995,avaStIn,bevFrtRoadLight
DK,h0558,0.45012798266384146,scr1995,avaStIn,bevFrtRoadLight
DK,h0559,0.4275548125092713,scr1995,avaStIn,bevFrtRoadLight
DK,h0560,0.40971929895410075,scr1995,avaStIn,bevFrtRoadLight
DK,h0561,0.41692976682231464,scr1995,avaStIn,bevFrtRoadLight
DK,h0562,0.4492241211131014,scr1995,avaStIn,bevFrtRoadLight
DK,h0563,0.48975714412554394,scr1995,avaStIn,bevFrtRoadLight
DK,h0564,0.5206617867481357,scr1995,avaStIn,bevFrtRoadLight
DK,h0565,0.49529424560017543,scr1995,avaStIn,bevFrtRoadLight
DK,h0566,0.4628450451116344,scr1995,avaStIn,bevFrtRoadLight
DK,h0567,0.4354358800677709,scr1995,avaStIn,bevFrtRoadLight
DK,h0568,0.46070491956491055,scr1995,avaStIn,bevFrtRoadLight
DK,h0569,0.4930229701445805,scr1995,avaStIn,bevFrtRoadLight
DK,h0570,0.5227219694183841,scr1995,avaStIn,bevFrtRoadLight
DK,h0571,0.4973028397836038,scr1995,avaStIn,bevFrtRoadLight
DK,h0572,0.44105087136717547,scr1995,avaStIn,bevFrtRoadLight
DK,h0573,0.3780715220810563,scr1995,avaStIn,bevFrtRoadLight
DK,h0574,0.3651732684624296,scr1995,avaStIn,bevFrtRoadLight
DK,h0575,0.37819407508686786,scr1995,avaStIn,bevFrtRoadLight
DK,h0576,0.39030528136459475,scr1995,avaStIn,bevFrtRoadLight
DK,h0577,0.39676844770380715,scr1995,avaStIn,bevFrtRoadLight
DK,h0578,0.394126679824481,scr1995,avaStIn,bevFrtRoadLight
DK,h0579,0.38987622113496045,scr1995,avaStIn,bevFrtRoadLight
DK,h0580,0.3949010730157553,scr1995,avaStIn,bevFrtRoadLight
DK,h0581,0.4070515770334633,scr1995,avaStIn,bevFrtRoadLight
DK,h0582,0.4208976614733183,scr1995,avaStIn,bevFrtRoadLight
DK,h0583,0.431200373449243,scr1995,avaStIn,bevFrtRoadLight
DK,h0584,0.4476631091420812,scr1995,avaStIn,bevFrtRoadLight
DK,h0585,0.459819945642168,scr1995,avaStIn,bevFrtRoadLight
DK,h0586,0.4680993229495969,scr1995,avaStIn,bevFrtRoadLight
DK,h0587,0.46486237923748064,scr1995,avaStIn,bevFrtRoadLight
DK,h0588,0.4365357697383475,scr1995,avaStIn,bevFrtRoadLight
DK,h0589,0.42024922761105055,scr1995,avaStIn,bevFrtRoadLight
DK,h0590,0.4096206610494807,scr1995,avaStIn,bevFrtRoadLight
DK,h0591,0.4354358800677709,scr1995,avaStIn,bevFrtRoadLight
DK,h0592,0.46070491956491055,scr1995,avaStIn,bevFrtRoadLight
DK,h0593,0.4930229701445805,scr1995,avaStIn,bevFrtRoadLight
DK,h0594,0.5227219694183841,scr1995,avaStIn,bevFrtRoadLight
DK,h0595,0.4973028397836038,scr1995,avaStIn,bevFrtRoadLight
DK,h0596,0.44105087136717547,scr1995,avaStIn,bevFrtRoadLight
DK,h0597,0.3780715220810563,scr1995,avaStIn,bevFrtRoadLight
DK,h0598,0.3651732684624296,scr1995,avaStIn,bevFrtRoadLight
DK,h0599,0.37819407508686786,scr1995,avaStIn,bevFrtRoadLight
DK,h0600,0.39030528136459475,scr1995,avaStIn,bevFrtRoadLight
DK,h0601,0.39676844770380715,scr1995,avaStIn,bevFrtRoadLight
DK,h0602,0.394126679824481,scr1995,avaStIn,bevFrtRoadLight
DK,h0603,0.38987622113496045,scr1995,avaStIn,bevFrtRoadLight
DK,h0604,0.3949010730157553,scr1995,avaStIn,bevFrtRoadLight
DK,h0605,0.4070515770334633,scr1995,avaStIn,bevFrtRoadLight
DK,h0606,0.4208976614733183,scr1995,avaStIn,bevFrtRoadLight
DK,h0607,0.431200373449243,scr1995,avaStIn,bevFrtRoadLight
DK,h0608,0.4476631091420812,scr1995,avaStIn,bevFrtRoadLight
DK,h0609,0.459819945642168,scr1995,avaStIn,bevFrtRoadLight
DK,h0610,0.4680993229495969,scr1995,avaStIn,bevFrtRoadLight
DK,h0611,0.46486237923748064,scr1995,avaStIn,bevFrtRoadLight
DK,h0612,0.4365357697383475,scr1995,avaStIn,bevFrtRoadLight
DK,h0613,0.42024922761105055,scr1995,avaStIn,bevFrtRoadLight
DK,h0614,0.4096206610494807,scr1995,avaStIn,bevFrtRoadLight
DK,h0615,0.4354358800677709,scr1995,avaStIn,bevFrtRoadLight
DK,h0616,0.46070491956491055,scr1995,avaStIn,bevFrtRoadLight
DK,h0617,0.4930229701445805,scr1995,avaStIn,bevFrtRoadLight
DK,h0618,0.5227219694183841,scr1995,avaStIn,bevFrtRoadLight
DK,h0619,0.5491092959310323,scr1995,avaStIn,bevFrtRoadLight
DK,h0620,0.5660273446388822,scr1995,avaStIn,bevFrtRoadLight
DK,h0621,0.5694377234652451,scr1995,avaStIn,bevFrtRoadLight
DK,h0622,0.5523077077296228,scr1995,avaStIn,bevFrtRoadLight
DK,h0623,0.5202159512310937,scr1995,avaStIn,bevFrtRoadLight
DK,h0624,0.47844313410101147,scr1995,avaStIn,bevFrtRoadLight
DK,h0625,0.4496409140263561,scr1995,avaStIn,bevFrtRoadLight
DK,h0626,0.43209058696765357,scr1995,avaStIn,bevFrtRoadLight
DK,h0627,0.41839596165892534,scr1995,avaStIn,bevFrtRoadLight
DK,h0628,0.39560193318277737,scr1995,avaStIn,bevFrtRoadLight
DK,h0629,0.3767263211064922,scr1995,avaStIn,bevFrtRoadLight
DK,h0630,0.3834870441325797,scr1995,avaStIn,bevFrtRoadLight
DK,h0631,0.41751535673084994,scr1995,avaStIn,bevFrtRoadLight
DK,h0632,0.46915180370731313,scr1995,avaStIn,bevFrtRoadLight
DK,h0633,0.508919129197644,scr1995,avaStIn,bevFrtRoadLight
DK,h0634,0.5246670544400583,scr1995,avaStIn,bevFrtRoadLight
DK,h0635,0.5146754500258794,scr1995,avaStIn,bevFrtRoadLight
DK,h0636,0.4951064908438997,scr1995,avaStIn,bevFrtRoadLight
DK,h0637,0.485940470592523,scr1995,avaStIn,bevFrtRoadLight
DK,h0638,0.4874922753166979,scr1995,avaStIn,bevFrtRoadLight
DK,h0639,0.49902806979994396,scr1995,avaStIn,bevFrtRoadLight
DK,h0640,0.5156345122766356,scr1995,avaStIn,bevFrtRoadLight
DK,h0641,0.5202103771791662,scr1995,avaStIn,bevFrtRoadLight
DK,h0642,0.509835145303465,scr1995,avaStIn,bevFrtRoadLight
DK,h0643,0.47835906407490014,scr1995,avaStIn,bevFrtRoadLight
DK,h0644,0.4418819895704986,scr1995,avaStIn,bevFrtRoadLight
DK,h0645,0.4127872338607794,scr1995,avaStIn,bevFrtRoadLight
DK,h0646,0.397048616042487,scr1995,avaStIn,bevFrtRoadLight
DK,h0647,0.39602459376056587,scr1995,avaStIn,bevFrtRoadLight
DK,h0648,0.40316203252430516,scr1995,avaStIn,bevFrtRoadLight
DK,h0649,0.416180688141642,scr1995,avaStIn,bevFrtRoadLight
DK,h0650,0.4247932393212722,scr1995,avaStIn,bevFrtRoadLight
DK,h0651,0.41839596165892534,scr1995,avaStIn,bevFrtRoadLight
DK,h0652,0.39560193318277737,scr1995,avaStIn,bevFrtRoadLight
DK,h0653,0.3767263211064922,scr1995,avaStIn,bevFrtRoadLight
DK,h0654,0.3834870441325797,scr1995,avaStIn,bevFrtRoadLight
DK,h0655,0.41751535673084994,scr1995,avaStIn,bevFrtRoadLight
DK,h0656,0.46915180370731313,scr1995,avaStIn,bevFrtRoadLight
DK,h0657,0.508919129197644,scr1995,avaStIn,bevFrtRoadLight
DK,h0658,0.5246670544400583,scr1995,avaStIn,bevFrtRoadLight
DK,h0659,0.5146754500258794,scr1995,avaStIn,bevFrtRoadLight
DK,h0660,0.4951064908438997,scr1995,avaStIn,bevFrtRoadLight
DK,h0661,0.4246653332821728,scr1995,avaStIn,bevFrtRoadLight
DK,h0662,0.37996946347264304,scr1995,avaStIn,bevFrtRoadLight
DK,h0663,0.36834480165138994,scr1995,avaStIn,bevFrtRoadLight
DK,h0664,0.43639289954265337,scr1995,avaStIn,bevFrtRoadLight
DK,h0665,0.48453569830379983,scr1995,avaStIn,bevFrtRoadLight
DK,h0666,0.4983772155540289,scr1995,avaStIn,bevFrtRoadLight
DK,h0667,0.479716893383465,scr1995,avaStIn,bevFrtRoadLight
DK,h0668,0.4442036654846514,scr1995,avaStIn,bevFrtRoadLight
DK,h0669,0.4127872338607794,scr1995,avaStIn,bevFrtRoadLight
DK,h0670,0.397048616042487,scr1995,avaStIn,bevFrtRoadLight
DK,h0671,0.39602459376056587,scr1995,avaStIn,bevFrtRoadLight
DK,h0672,0.40316203252430516,scr1995,avaStIn,bevFrtRoadLight
EE,h0505,0.4189616602698403,scr1995,avaStIn,bevFrtRoadLight
EE,h0506,0.44316263746287865,scr1995,avaStIn,bevFrtRoadLight
EE,h0507,0.4666151112420711,scr1995,avaStIn,bevFrtRoadLight
EE,h0508,0.45832645881139567,scr1995,avaStIn,bevFrtRoadLight
EE,h0509,0.4575215740258525,scr1995,avaStIn,bevFrtRoadLight
EE,h0510,0.4714802227826498,scr1995,avaStIn,bevFrtRoadLight
EE,h0511,0.45278396719135405,scr1995,avaStIn,bevFrtRoadLight
EE,h0512,0.4321968269076082,scr1995,avaStIn,bevFrtRoadLight
EE,h0513,0.41692976682231464,scr1995,avaStIn,bevFrtRoadLight
EE,h0514,0.4492241211131014,scr1995,avaStIn,bevFrtRoadLight
EE,h0515,0.48975714412554394,scr1995,avaStIn,bevFrtRoadLight
EE,h0516,0.5206617867481357,scr1995,avaStIn,bevFrtRoadLight
EE,h0517,0.5030312066648692,scr1995,avaStIn,bevFrtRoadLight
EE,h0518,0.46430567818254775,scr1995,avaStIn,bevFrtRoadLight
EE,h0519,0.3930115245300315,scr1995,avaStIn,bevFrtRoadLight
EE,h0520,0.3383128612832066,scr1995,avaStIn,bevFrtRoadLight
EE,h0521,0.2949078707645617,scr1995,avaStIn,bevFrtRoadLight
EE,h0522,0.30032532288300284,scr1995,avaStIn,bevFrtRoadLight
EE,h0523,0.37031889442133714,scr1995,avaStIn,bevFrtRoadLight
EE,h0524,0.439566819115495,scr1995,avaStIn,bevFrtRoadLight
EE,h0525,0.4842205316258411,scr1995,avaStIn,bevFrtRoadLight
EE,h0526,0.48177042584781093,scr1995,avaStIn,bevFrtRoadLight
EE,h0527,0.4649933341110367,scr1995,avaStIn,bevFrtRoadLight
EE,h0528,0.4421476660354572,scr1995,avaStIn,bevFrtRoadLight
EE,h0529,0.40457118840562833,scr1995,avaStIn,bevFrtRoadLight
EE,h0530,0.3965887476744546,scr1995,avaStIn,bevFrtRoadLight
EE,h0531,0.4189648810301997,scr1995,avaStIn,bevFrtRoadLight
EE,h0532,0.47669159584913956,scr1995,avaStIn,bevFrtRoadLight
EE,h0533,0.5156198975065492,scr1995,avaStIn,bevFrtRoadLight
EE,h0534,0.5320199439771598,scr1995,avaStIn,bevFrtRoadLight
EE,h0535,0.489664575276482,scr1995,avaStIn,bevFrtRoadLight
EE,h0536,0.445275594397034,scr1995,avaStIn,bevFrtRoadLight
EE,h0537,0.41692976682231464,scr1995,avaStIn,bevFrtRoadLight
EE,h0538,0.4492241211131014,scr1995,avaStIn,bevFrtRoadLight
EE,h0539,0.48975714412554394,scr1995,avaStIn,bevFrtRoadLight
EE,h0540,0.5206617867481357,scr1995,avaStIn,bevFrtRoadLight
EE,h0541,0.5280978832077089,scr1995,avaStIn,bevFrtRoadLight
EE,h0542,0.5124807931759494,scr1995,avaStIn,bevFrtRoadLight
EE,h0543,0.4761436847441386,scr1995,avaStIn,bevFrtRoadLight
EE,h0544,0.43500854961948865,scr1995,avaStIn,bevFrtRoadLight
EE,h0545,0.409416438142285,scr1995,avaStIn,bevFrtRoadLight
EE,h0546,0.41070005893656325,scr1995,avaStIn,bevFrtRoadLight
EE,h0547,0.43881390042054824,scr1995,avaStIn,bevFrtRoadLight
EE,h0548,0.46852756847703914,scr1995,avaStIn,bevFrtRoadLight
EE,h0549,0.4842205316258411,scr1995,avaStIn,bevFrtRoadLight
EE,h0550,0.48177042584781093,scr1995,avaStIn,bevFrtRoadLight
EE,h0551,0.4649933341110367,scr1995,avaStIn,bevFrtRoadLight
EE,h0552,0.4421476660354572,scr1995,avaStIn,bevFrtRoadLight
EE,h0553,0.4241707546574749,scr1995,avaStIn,bevFrtRoadLight
EE,h0554,0.42041737236492704,scr1995,avaStIn,bevFrtRoadLight
EE,h0555,0.4350085499835714,scr1995,avaStIn,bevFrtRoadLight
EE,h0556,0.451746329447546,scr1995,avaStIn,bevFrtRoadLight
EE,h0557,0.4604138747613745,scr1995,avaStIn,bevFrtRoadLight
EE,h0558,0.45012798266384146,scr1995,avaStIn,bevFrtRoadLight
EE,h0559,0.4275548125092713,scr1995,avaStIn,bevFrtRoadLight
EE,h0560,0.40971929895410075,scr1995,avaStIn,bevFrtRoadLight
EE,h0561,0.41692976682231464,scr1995,avaStIn,bevFrtRoadLight
EE,h0562,0.4492241211131014,scr1995,avaStIn,bevFrtRoadLight
EE,h0563,0.48975714412554394,scr1995,avaStIn,bevFrtRoadLight
EE,h0564,0.5206617867481357,scr1995,avaStIn,bevFrtRoadLight
EE,h0565,0.49529424560017543,scr1995,avaStIn,bevFrtRoadLight
EE,h0566,0.4628450451116344,scr1995,avaStIn,bevFrtRoadLight
EE,h0567,0.4354358800677709,scr1995,avaStIn,bevFrtRoadLight
EE,h0568,0.46070491956491055,scr1995,avaStIn,bevFrtRoadLight
EE,h0569,0.4930229701445805,scr1995,avaStIn,bevFrtRoadLight
EE,h0570,0.5227219694183841,scr1995,avaStIn,bevFrtRoadLight
EE,h0571,0.4973028397836038,scr1995,avaStIn,bevFrtRoadLight
EE,h0572,0.44105087136717547,scr1995,avaStIn,bevFrtRoadLight
EE,h0573,0.3780715220810563,scr1995,avaStIn,bevFrtRoadLight
EE,h0574,0.3651732684624296,scr1995,avaStIn,bevFrtRoadLight
EE,h0575,0.37819407508686786,scr1995,avaStIn,bevFrtRoadLight
EE,h0576,0.39030528136459475,scr1995,avaStIn,bevFrtRoadLight
EE,h0577,0.39676844770380715,scr1995,avaStIn,bevFrtRoadLight
EE,h0578,0.394126679824481,scr1995,avaStIn,bevFrtRoadLight
EE,h0579,0.38987622113496045,scr1995,avaStIn,bevFrtRoadLight
EE,h0580,0.3949010730157553,scr1995,avaStIn,bevFrtRoadLight
EE,h0581,0.4070515770334633,scr1995,avaStIn,bevFrtRoadLight
EE,h0582,0.4208976614733183,scr1995,avaStIn,bevFrtRoadLight
EE,h0583,0.431200373449243,scr1995,avaStIn,bevFrtRoadLight
EE,h0584,0.4476631091420812,scr1995,avaStIn,bevFrtRoadLight
EE,h0585,0.459819945642168,scr1995,avaStIn,bevFrtRoadLight
EE,h0586,0.4680993229495969,scr1995,avaStIn,bevFrtRoadLight
EE,h0587,0.46486237923748064,scr1995,avaStIn,bevFrtRoadLight
EE,h0588,0.4365357697383475,scr1995,avaStIn,bevFrtRoadLight
EE,h0589,0.42024922761105055,scr1995,avaStIn,bevFrtRoadLight
EE,h0590,0.4096206610494807,scr1995,avaStIn,bevFrtRoadLight
EE,h0591,0.4354358800677709,scr1995,avaStIn,bevFrtRoadLight
EE,h0592,0.46070491956491055,scr1995,avaStIn,bevFrtRoadLight
EE,h0593,0.4930229701445805,scr1995,avaStIn,bevFrtRoadLight
EE,h0594,0.5227219694183841,scr1995,avaStIn,bevFrtRoadLight
EE,h0595,0.4973028397836038,scr1995,avaStIn,bevFrtRoadLight
EE,h0596,0.44105087136717547,scr1995,avaStIn,bevFrtRoadLight
EE,h0597,0.3780715220810563,scr1995,avaStIn,bevFrtRoadLight
EE,h0598,0.3651732684624296,scr1995,avaStIn,bevFrtRoadLight
EE,h0599,0.37819407508686786,scr1995,avaStIn,bevFrtRoadLight
EE,h0600,0.39030528136459475,scr1995,avaStIn,bevFrtRoadLight
EE,h0601,0.39676844770380715,scr1995,avaStIn,bevFrtRoadLight
EE,h0602,0.394126679824481,scr1995,avaStIn,bevFrtRoadLight
EE,h0603,0.38987622113496045,scr1995,avaStIn,bevFrtRoadLight
EE,h0604,0.3949010730157553,scr1995,avaStIn,bevFrtRoadLight
EE,h0605,0.4070515770334633,scr1995,avaStIn,bevFrtRoadLight
EE,h0606,0.4208976614733183,scr1995,avaStIn,bevFrtRoadLight
EE,h0607,0.431200373449243,scr1995,avaStIn,bevFrtRoadLight
EE,h0608,0.4476631091420812,scr1995,avaStIn,bevFrtRoadLight
EE,h0609,0.459819945642168,scr1995,avaStIn,bevFrtRoadLight
EE,h0610,0.4680993229495969,scr1995,avaStIn,bevFrtRoadLight
EE,h0611,0.46486237923748064,scr1995,avaStIn,bevFrtRoadLight
EE,h0612,0.4365357697383475,scr1995,avaStIn,bevFrtRoadLight
EE,h0613,0.42024922761105055,scr1995,avaStIn,bevFrtRoadLight
EE,h0614,0.4096206610494807,scr1995,avaStIn,bevFrtRoadLight
EE,h0615,0.4354358800677709,scr1995,avaStIn,bevFrtRoadLight
EE,h0616,0.46070491956491055,scr1995,avaStIn,bevFrtRoadLight
EE,h0617,0.4930229701445805,scr1995,avaStIn,bevFrtRoadLight
EE,h0618,0.5227219694183841,scr1995,avaStIn,bevFrtRoadLight
EE,h0619,0.5491092959310323,scr1995,avaStIn,bevFrtRoadLight
EE,h0620,0.5660273446388822,scr1995,avaStIn,bevFrtRoadLight
EE,h0621,0.5694377234652451,scr1995,avaStIn,bevFrtRoadLight
EE,h0622,0.5523077077296228,scr1995,avaStIn,bevFrtRoadLight
EE,h0623,0.5202159512310937,scr1995,avaStIn,bevFrtRoadLight
EE,h0624,0.47844313410101147,scr1995,avaStIn,bevFrtRoadLight
EE,h0625,0.4496409140263561,scr1995,avaStIn,bevFrtRoadLight
EE,h0626,0.43209058696765357,scr1995,avaStIn,bevFrtRoadLight
EE,h0627,0.41839596165892534,scr1995,avaStIn,bevFrtRoadLight
EE,h0628,0.39560193318277737,scr1995,avaStIn,bevFrtRoadLight
EE,h0629,0.3767263211064922,scr1995,avaStIn,bevFrtRoadLight
EE,h0630,0.3834870441325797,scr1995,avaStIn,bevFrtRoadLight
EE,h0631,0.41751535673084994,scr1995,avaStIn,bevFrtRoadLight
EE,h0632,0.46915180370731313,scr1995,avaStIn,bevFrtRoadLight
EE,h0633,0.508919129197644,scr1995,avaStIn,bevFrtRoadLight
EE,h0634,0.5246670544400583,scr1995,avaStIn,bevFrtRoadLight
EE,h0635,0.5146754500258794,scr1995,avaStIn,bevFrtRoadLight
EE,h0636,0.4951064908438997,scr1995,avaStIn,bevFrtRoadLight
EE,h0637,0.485940470592523,scr1995,avaStIn,bevFrtRoadLight
EE,h0638,0.4874922753166979,scr1995,avaStIn,bevFrtRoadLight
EE,h0639,0.49902806979994396,scr1995,avaStIn,bevFrtRoadLight
EE,h0640,0.5156345122766356,scr1995,avaStIn,bevFrtRoadLight
EE,h0641,0.5202103771791662,scr1995,avaStIn,bevFrtRoadLight
EE,h0642,0.509835145303465,scr1995,avaStIn,bevFrtRoadLight
EE,h0643,0.47835906407490014,scr1995,avaStIn,bevFrtRoadLight
EE,h0644,0.4418819895704986,scr1995,avaStIn,bevFrtRoadLight
EE,h0645,0.4127872338607794,scr1995,avaStIn,bevFrtRoadLight
EE,h0646,0.397048616042487,scr1995,avaStIn,bevFrtRoadLight
EE,h0647,0.39602459376056587,scr1995,avaStIn,bevFrtRoadLight
EE,h0648,0.40316203252430516,scr1995,avaStIn,bevFrtRoadLight
EE,h0649,0.416180688141642,scr1995,avaStIn,bevFrtRoadLight
EE,h0650,0.4247932393212722,scr1995,avaStIn,bevFrtRoadLight
EE,h0651,0.41839596165892534,scr1995,avaStIn,bevFrtRoadLight
EE,h0652,0.39560193318277737,scr1995,avaStIn,bevFrtRoadLight
EE,h0653,0.3767263211064922,scr1995,avaStIn,bevFrtRoadLight
EE,h0654,0.3834870441325797,scr1995,avaStIn,bevFrtRoadLight
EE,h0655,0.41751535673084994,scr1995,avaStIn,bevFrtRoadLight
EE,h0656,0.46915180370731313,scr1995,avaStIn,bevFrtRoadLight
EE,h0657,0.508919129197644,scr1995,avaStIn,bevFrtRoadLight
EE,h0658,0.5246670544400583,scr1995,avaStIn,bevFrtRoadLight
EE,h0659,0.5146754500258794,scr1995,avaStIn,bevFrtRoadLight
EE,h0660,0.4951064908438997,scr1995,avaStIn,bevFrtRoadLight
EE,h0661,0.4246653332821728,scr1995,avaStIn,bevFrtRoadLight
EE,h0662,0.37996946347264304,scr1995,avaStIn,bevFrtRoadLight
EE,h0663,0.36834480165138994,scr1995,avaStIn,bevFrtRoadLight
EE,h0664,0.43639289954265337,scr1995,avaStIn,bevFrtRoadLight
EE,h0665,0.48453569830379983,scr1995,avaStIn,bevFrtRoadLight
EE,h0666,0.4983772155540289,scr1995,avaStIn,bevFrtRoadLight
EE,h0667,0.479716893383465,scr1995,avaStIn,bevFrtRoadLight
EE,h0668,0.4442036654846514,scr1995,avaStIn,bevFrtRoadLight
EE,h0669,0.4127872338607794,scr1995,avaStIn,bevFrtRoadLight
EE,h0670,0.397048616042487,scr1995,avaStIn,bevFrtRoadLight
EE,h0671,0.39602459376056587,scr1995,avaStIn,bevFrtRoadLight
EE,h0672,0.40316203252430516,scr1995,avaStIn,bevFrtRoadLight
FI,h0505,0.4189616602698403,scr1995,avaStIn,bevFrtRoadLight
FI,h0506,0.44316263746287865,scr1995,avaStIn,bevFrtRoadLight
FI,h0507,0.4666151112420711,scr1995,avaStIn,bevFrtRoadLight
FI,h0508,0.45832645881139567,scr1995,avaStIn,bevFrtRoadLight
FI,h0509,0.4575215740258525,scr1995,avaStIn,bevFrtRoadLight
FI,h0510,0.4714802227826498,scr1995,avaStIn,bevFrtRoadLight
FI,h0511,0.45278396719135405,scr1995,avaStIn,bevFrtRoadLight
FI,h0512,0.4321968269076082,scr1995,avaStIn,bevFrtRoadLight
FI,h0513,0.41692976682231464,scr1995,avaStIn,bevFrtRoadLight
FI,h0514,0.4492241211131014,scr1995,avaStIn,bevFrtRoadLight
FI,h0515,0.48975714412554394,scr1995,avaStIn,bevFrtRoadLight
FI,h0516,0.5206617867481357,scr1995,avaStIn,bevFrtRoadLight
FI,h0517,0.5030312066648692,scr1995,avaStIn,bevFrtRoadLight
FI,h0518,0.46430567818254775,scr1995,avaStIn,bevFrtRoadLight
FI,h0519,0.3930115245300315,scr1995,avaStIn,bevFrtRoadLight
FI,h0520,0.3383128612832066,scr1995,avaStIn,bevFrtRoadLight
FI,h0521,0.2949078707645617,scr1995,avaStIn,bevFrtRoadLight
FI,h0522,0.30032532288300284,scr1995,avaStIn,bevFrtRoadLight
FI,h0523,0.37031889442133714,scr1995,avaStIn,bevFrtRoadLight
FI,h0524,0.439566819115495,scr1995,avaStIn,bevFrtRoadLight
FI,h0525,0.4842205316258411,scr1995,avaStIn,bevFrtRoadLight
FI,h0526,0.48177042584781093,scr1995,avaStIn,bevFrtRoadLight
FI,h0527,0.4649933341110367,scr1995,avaStIn,bevFrtRoadLight
FI,h0528,0.4421476660354572,scr1995,avaStIn,bevFrtRoadLight
FI,h0529,0.40457118840562833,scr1995,avaStIn,bevFrtRoadLight
FI,h0530,0.3965887476744546,scr1995,avaStIn,bevFrtRoadLight
FI,h0531,0.4189648810301997,scr1995,avaStIn,bevFrtRoadLight
FI,h0532,0.47669159584913956,scr1995,avaStIn,bevFrtRoadLight
FI,h0533,0.5156198975065492,scr1995,avaStIn,bevFrtRoadLight
FI,h0534,0.5320199439771598,scr1995,avaStIn,bevFrtRoadLight
FI,h0535,0.489664575276482,scr1995,avaStIn,bevFrtRoadLight
FI,h0536,0.445275594397034,scr1995,avaStIn,bevFrtRoadLight
FI,h0537,0.41692976682231464,scr1995,avaStIn,bevFrtRoadLight
FI,h0538,0.4492241211131014,scr1995,avaStIn,bevFrtRoadLight
FI,h0539,0.48975714412554394,scr1995,avaStIn,bevFrtRoadLight
FI,h0540,0.5206617867481357,scr1995,avaStIn,bevFrtRoadLight
FI,h0541,0.5280978832077089,scr1995,avaStIn,bevFrtRoadLight
FI,h0542,0.5124807931759494,scr1995,avaStIn,bevFrtRoadLight
FI,h0543,0.4761436847441386,scr1995,avaStIn,bevFrtRoadLight
FI,h0544,0.43500854961948865,scr1995,avaStIn,bevFrtRoadLight
FI,h0545,0.409416438142285,scr1995,avaStIn,bevFrtRoadLight
FI,h0546,0.41070005893656325,scr1995,avaStIn,bevFrtRoadLight
FI,h0547,0.43881390042054824,scr1995,avaStIn,bevFrtRoadLight
FI,h0548,0.46852756847703914,scr1995,avaStIn,bevFrtRoadLight
FI,h0549,0.4842205316258411,scr1995,avaStIn,bevFrtRoadLight
FI,h0550,0.48177042584781093,scr1995,avaStIn,bevFrtRoadLight
FI,h0551,0.4649933341110367,scr1995,avaStIn,bevFrtRoadLight
FI,h0552,0.4421476660354572,scr1995,avaStIn,bevFrtRoadLight
FI,h0553,0.4241707546574749,scr1995,avaStIn,bevFrtRoadLight
FI,h0554,0.42041737236492704,scr1995,avaStIn,bevFrtRoadLight
FI,h0555,0.4350085499835714,scr1995,avaStIn,bevFrtRoadLight
FI,h0556,0.451746329447546,scr1995,avaStIn,bevFrtRoadLight
FI,h0557,0.4604138747613745,scr1995,avaStIn,bevFrtRoadLight
FI,h0558,0.45012798266384146,scr1995,avaStIn,bevFrtRoadLight
FI,h0559,0.4275548125092713,scr1995,avaStIn,bevFrtRoadLight
FI,h0560,0.40971929895410075,scr1995,avaStIn,bevFrtRoadLight
FI,h0561,0.41692976682231464,scr1995,avaStIn,bevFrtRoadLight
FI,h0562,0.4492241211131014,scr1995,avaStIn,bevFrtRoadLight
FI,h0563,0.48975714412554394,scr1995,avaStIn,bevFrtRoadLight
FI,h0564,0.5206617867481357,scr1995,avaStIn,bevFrtRoadLight
FI,h0565,0.49529424560017543,scr1995,avaStIn,bevFrtRoadLight
FI,h0566,0.4628450451116344,scr1995,avaStIn,bevFrtRoadLight
FI,h0567,0.4354358800677709,scr1995,avaStIn,bevFrtRoadLight
FI,h0568,0.46070491956491055,scr1995,avaStIn,bevFrtRoadLight
FI,h0569,0.4930229701445805,scr1995,avaStIn,bevFrtRoadLight
FI,h0570,0.5227219694183841,scr1995,avaStIn,bevFrtRoadLight
FI,h0571,0.4973028397836038,scr1995,avaStIn,bevFrtRoadLight
FI,h0572,0.44105087136717547,scr1995,avaStIn,bevFrtRoadLight
FI,h0573,0.3780715220810563,scr1995,avaStIn,bevFrtRoadLight
FI,h0574,0.3651732684624296,scr1995,avaStIn,bevFrtRoadLight
FI,h0575,0.37819407508686786,scr1995,avaStIn,bevFrtRoadLight
FI,h0576,0.39030528136459475,scr1995,avaStIn,bevFrtRoadLight
FI,h0577,0.39676844770380715,scr1995,avaStIn,bevFrtRoadLight
FI,h0578,0.394126679824481,scr1995,avaStIn,bevFrtRoadLight
FI,h0579,0.38987622113496045,scr1995,avaStIn,bevFrtRoadLight
FI,h0580,0.3949010730157553,scr1995,avaStIn,bevFrtRoadLight
FI,h0581,0.4070515770334633,scr1995,avaStIn,bevFrtRoadLight
FI,h0582,0.4208976614733183,scr1995,avaStIn,bevFrtRoadLight
FI,h0583,0.431200373449243,scr1995,avaStIn,bevFrtRoadLight
FI,h0584,0.4476631091420812,scr1995,avaStIn,bevFrtRoadLight
FI,h0585,0.459819945642168,scr1995,avaStIn,bevFrtRoadLight
FI,h0586,0.4680993229495969,scr1995,avaStIn,bevFrtRoadLight
FI,h0587,0.46486237923748064,scr1995,avaStIn,bevFrtRoadLight
FI,h0588,0.4365357697383475,scr1995,avaStIn,bevFrtRoadLight
FI,h0589,0.42024922761105055,scr1995,avaStIn,bevFrtRoadLight
FI,h0590,0.4096206610494807,scr1995,avaStIn,bevFrtRoadLight
FI,h0591,0.4354358800677709,scr1995,avaStIn,bevFrtRoadLight
FI,h0592,0.46070491956491055,scr1995,avaStIn,bevFrtRoadLight
FI,h0593,0.4930229701445805,scr1995,avaStIn,bevFrtRoadLight
FI,h0594,0.5227219694183841,scr1995,avaStIn,bevFrtRoadLight
FI,h0595,0.4973028397836038,scr1995,avaStIn,bevFrtRoadLight
FI,h0596,0.44105087136717547,scr1995,avaStIn,bevFrtRoadLight
FI,h0597,0.3780715220810563,scr1995,avaStIn,bevFrtRoadLight
FI,h0598,0.3651732684624296,scr1995,avaStIn,bevFrtRoadLight
FI,h0599,0.37819407508686786,scr1995,avaStIn,bevFrtRoadLight
FI,h0600,0.39030528136459475,scr1995,avaStIn,bevFrtRoadLight
FI,h0601,0.39676844770380715,scr1995,avaStIn,bevFrtRoadLight
FI,h0602,0.394126679824481,scr1995,avaStIn,bevFrtRoadLight
FI,h0603,0.38987622113496045,scr1995,avaStIn,bevFrtRoadLight
FI,h0604,0.3949010730157553,scr1995,avaStIn,bevFrtRoadLight
FI,h0605,0.4070515770334633,scr1995,avaStIn,bevFrtRoadLight
FI,h0606,0.4208976614733183,scr1995,avaStIn,bevFrtRoadLight
FI,h0607,0.431200373449243,scr1995,avaStIn,bevFrtRoadLight
FI,h0608,0.4476631091420812,scr1995,avaStIn,bevFrtRoadLight
FI,h0609,0.459819945642168,scr1995,avaStIn,bevFrtRoadLight
FI,h0610,0.4680993229495969,scr1995,avaStIn,bevFrtRoadLight
FI,h0611,0.46486237923748064,scr1995,avaStIn,bevFrtRoadLight
FI,h0612,0.4365357697383475,scr1995,avaStIn,bevFrtRoadLight
FI,h0613,0.42024922761105055,scr1995,avaStIn,bevFrtRoadLight
FI,h0614,0.4096206610494807,scr1995,avaStIn,bevFrtRoadLight
FI,h0615,0.4354358800677709,scr1995,avaStIn,bevFrtRoadLight
FI,h0616,0.46070491956491055,scr1995,avaStIn,bevFrtRoadLight
FI,h0617,0.4930229701445805,scr1995,avaStIn,bevFrtRoadLight
FI,h0618,0.5227219694183841,scr1995,avaStIn,bevFrtRoadLight
FI,h0619,0.5491092959310323,scr1995,avaStIn,bevFrtRoadLight
FI,h0620,0.5660273446388822,scr1995,avaStIn,bevFrtRoadLight
FI,h0621,0.5694377234652451,scr1995,avaStIn,bevFrtRoadLight
FI,h0622,0.5523077077296228,scr1995,avaStIn,bevFrtRoadLight
FI,h0623,0.5202159512310937,scr1995,avaStIn,bevFrtRoadLight
FI,h0624,0.47844313410101147,scr1995,avaStIn,bevFrtRoadLight
FI,h0625,0.4496409140263561,scr1995,avaStIn,bevFrtRoadLight
FI,h0626,0.43209058696765357,scr1995,avaStIn,bevFrtRoadLight
FI,h0627,0.41839596165892534,scr1995,avaStIn,bevFrtRoadLight
FI,h0628,0.39560193318277737,scr1995,avaStIn,bevFrtRoadLight
FI,h0629,0.3767263211064922,scr1995,avaStIn,bevFrtRoadLight
FI,h0630,0.3834870441325797,scr1995,avaStIn,bevFrtRoadLight
FI,h0631,0.41751535673084994,scr1995,avaStIn,bevFrtRoadLight
FI,h0632,0.46915180370731313,scr1995,avaStIn,bevFrtRoadLight
FI,h0633,0.508919129197644,scr1995,avaStIn,bevFrtRoadLight
FI,h0634,0.5246670544400583,scr1995,avaStIn,bevFrtRoadLight
FI,h0635,0.5146754500258794,scr1995,avaStIn,bevFrtRoadLight
FI,h0636,0.4951064908438997,scr1995,avaStIn,bevFrtRoadLight
FI,h0637,0.485940470592523,scr1995,avaStIn,bevFrtRoadLight
FI,h0638,0.4874922753166979,scr1995,avaStIn,bevFrtRoadLight
FI,h0639,0.49902806979994396,scr1995,avaStIn,bevFrtRoadLight
FI,h0640,0.5156345122766356,scr1995,avaStIn,bevFrtRoadLight
FI,h0641,0.5202103771791662,scr1995,avaStIn,bevFrtRoadLight
FI,h0642,0.509835145303465,scr1995,avaStIn,bevFrtRoadLight
FI,h0643,0.47835906407490014,scr1995,avaStIn,bevFrtRoadLight
FI,h0644,0.4418819895704986,scr1995,avaStIn,bevFrtRoadLight
FI,h0645,0.4127872338607794,scr1995,avaStIn,bevFrtRoadLight
FI,h0646,0.397048616042487,scr1995,avaStIn,bevFrtRoadLight
FI,h0647,0.39602459376056587,scr1995,avaStIn,bevFrtRoadLight
FI,h0648,0.40316203252430516,scr1995,avaStIn,bevFrtRoadLight
FI,h0649,0.416180688141642,scr1995,avaStIn,bevFrtRoadLight
FI,h0650,0.4247932393212722,scr1995,avaStIn,bevFrtRoadLight
FI,h0651,0.41839596165892534,scr1995,avaStIn,bevFrtRoadLight
FI,h0652,0.39560193318277737,scr1995,avaStIn,bevFrtRoadLight
FI,h0653,0.3767263211064922,scr1995,avaStIn,bevFrtRoadLight
FI,h0654,0.3834870441325797,scr1995,avaStIn,bevFrtRoadLight
FI,h0655,0.41751535673084994,scr1995,avaStIn,bevFrtRoadLight
FI,h0656,0.46915180370731313,scr1995,avaStIn,bevFrtRoadLight
FI,h0657,0.508919129197644,scr1995,avaStIn,bevFrtRoadLight
FI,h0658,0.5246670544400583,scr1995,avaStIn,bevFrtRoadLight
FI,h0659,0.5146754500258794,scr1995,avaStIn,bevFrtRoadLight
FI,h0660,0.4951064908438997,scr1995,avaStIn,bevFrtRoadLight
FI,h0661,0.4246653332821728,scr1995,avaStIn,bevFrtRoadLight
FI,h0662,0.37996946347264304,scr1995,avaStIn,bevFrtRoadLight
FI,h0663,0.36834480165138994,scr1995,avaStIn,bevFrtRoadLight
FI,h0664,0.43639289954265337,scr1995,avaStIn,bevFrtRoadLight
FI,h0665,0.48453569830379983,scr1995,avaStIn,bevFrtRoadLight
FI,h0666,0.4983772155540289,scr1995,avaStIn,bevFrtRoadLight
FI,h0667,0.479716893383465,scr1995,avaStIn,bevFrtRoadLight
FI,h0668,0.4442036654846514,scr1995,avaStIn,bevFrtRoadLight
FI,h0669,0.4127872338607794,scr1995,avaStIn,bevFrtRoadLight
FI,h0670,0.397048616042487,scr1995,avaStIn,bevFrtRoadLight
FI,h0671,0.39602459376056587,scr1995,avaStIn,bevFrtRoadLight
FI,h0672,0.40316203252430516,scr1995,avaStIn,bevFrtRoadLight
FR,h0505,0.4189616602698402,scr1995,avaStIn,bevFrtRoadLight
FR,h0506,0.4431626374628786,scr1995,avaStIn,bevFrtRoadLight
FR,h0507,0.46661511124207106,scr1995,avaStIn,bevFrtRoadLight
FR,h0508,0.4583264588113956,scr1995,avaStIn,bevFrtRoadLight
FR,h0509,0.45752157402585253,scr1995,avaStIn,bevFrtRoadLight
FR,h0510,0.47148022278264984,scr1995,avaStIn,bevFrtRoadLight
FR,h0511,0.4527839671913541,scr1995,avaStIn,bevFrtRoadLight
FR,h0512,0.43219682690760836,scr1995,avaStIn,bevFrtRoadLight
FR,h0513,0.4169297668223148,scr1995,avaStIn,bevFrtRoadLight
FR,h0514,0.44922412111310156,scr1995,avaStIn,bevFrtRoadLight
FR,h0515,0.4897571441255441,scr1995,avaStIn,bevFrtRoadLight
FR,h0516,0.5206617867481358,scr1995,avaStIn,bevFrtRoadLight
FR,h0517,0.5030312066648692,scr1995,avaStIn,bevFrtRoadLight
FR,h0518,0.4643056781825478,scr1995,avaStIn,bevFrtRoadLight
FR,h0519,0.3930115245300316,scr1995,avaStIn,bevFrtRoadLight
FR,h0520,0.33831286128320653,scr1995,avaStIn,bevFrtRoadLight
FR,h0521,0.29490787076456176,scr1995,avaStIn,bevFrtRoadLight
FR,h0522,0.3003253228830028,scr1995,avaStIn,bevFrtRoadLight
FR,h0523,0.3703188944213371,scr1995,avaStIn,bevFrtRoadLight
FR,h0524,0.43956681911549494,scr1995,avaStIn,bevFrtRoadLight
FR,h0525,0.48422053162584106,scr1995,avaStIn,bevFrtRoadLight
FR,h0526,0.481770425847811,scr1995,avaStIn,bevFrtRoadLight
FR,h0527,0.4649933341110369,scr1995,avaStIn,bevFrtRoadLight
FR,h0528,0.44214766603545724,scr1995,avaStIn,bevFrtRoadLight
FR,h0529,0.4045711884056284,scr1995,avaStIn,bevFrtRoadLight
FR,h0530,0.3965887476744547,scr1995,avaStIn,bevFrtRoadLight
FR,h0531,0.41896488103019974,scr1995,avaStIn,bevFrtRoadLight
FR,h0532,0.4766915958491396,scr1995,avaStIn,bevFrtRoadLight
FR,h0533,0.5156198975065494,scr1995,avaStIn,bevFrtRoadLight
FR,h0534,0.53201994397716,scr1995,avaStIn,bevFrtRoadLight
FR,h0535,0.48966457527648205,scr1995,avaStIn,bevFrtRoadLight
FR,h0536,0.44527559439703407,scr1995,avaStIn,bevFrtRoadLight
FR,h0537,0.4169297668223148,scr1995,avaStIn,bevFrtRoadLight
FR,h0538,0.44922412111310156,scr1995,avaStIn,bevFrtRoadLight
FR,h0539,0.4897571441255441,scr1995,avaStIn,bevFrtRoadLight
FR,h0540,0.5206617867481358,scr1995,avaStIn,bevFrtRoadLight
FR,h0541,0.528097883207709,scr1995,avaStIn,bevFrtRoadLight
FR,h0542,0.5124807931759494,scr1995,avaStIn,bevFrtRoadLight
FR,h0543,0.47614368474413865,scr1995,avaStIn,bevFrtRoadLight
FR,h0544,0.4350085496194887,scr1995,avaStIn,bevFrtRoadLight
FR,h0545,0.40941643814228507,scr1995,avaStIn,bevFrtRoadLight
FR,h0546,0.4107000589365633,scr1995,avaStIn,bevFrtRoadLight
FR,h0547,0.4388139004205482,scr1995,avaStIn,bevFrtRoadLight
FR,h0548,0.4685275684770392,scr1995,avaStIn,bevFrtRoadLight
FR,h0549,0.48422053162584106,scr1995,avaStIn,bevFrtRoadLight
FR,h0550,0.481770425847811,scr1995,avaStIn,bevFrtRoadLight
FR,h0551,0.4649933341110369,scr1995,avaStIn,bevFrtRoadLight
FR,h0552,0.44214766603545724,scr1995,avaStIn,bevFrtRoadLight
FR,h0553,0.42417075465747495,scr1995,avaStIn,bevFrtRoadLight
FR,h0554,0.4204173723649271,scr1995,avaStIn,bevFrtRoadLight
FR,h0555,0.43500854998357147,scr1995,avaStIn,bevFrtRoadLight
FR,h0556,0.45174632944754606,scr1995,avaStIn,bevFrtRoadLight
FR,h0557,0.4604138747613747,scr1995,avaStIn,bevFrtRoadLight
FR,h0558,0.4501279826638415,scr1995,avaStIn,bevFrtRoadLight
FR,h0559,0.42755481250927135,scr1995,avaStIn,bevFrtRoadLight
FR,h0560,0.4097192989541008,scr1995,avaStIn,bevFrtRoadLight
FR,h0561,0.4169297668223148,scr1995,avaStIn,bevFrtRoadLight
FR,h0562,0.44922412111310156,scr1995,avaStIn,bevFrtRoadLight
FR,h0563,0.4897571441255441,scr1995,avaStIn,bevFrtRoadLight
FR,h0564,0.5206617867481358,scr1995,avaStIn,bevFrtRoadLight
FR,h0565,0.4952942456001754,scr1995,avaStIn,bevFrtRoadLight
FR,h0566,0.4628450451116343,scr1995,avaStIn,bevFrtRoadLight
FR,h0567,0.43543588006777084,scr1995,avaStIn,bevFrtRoadLight
FR,h0568,0.4607049195649106,scr1995,avaStIn,bevFrtRoadLight
FR,h0569,0.4930229701445806,scr1995,avaStIn,bevFrtRoadLight
FR,h0570,0.522721969418384,scr1995,avaStIn,bevFrtRoadLight
FR,h0571,0.49730283978360385,scr1995,avaStIn,bevFrtRoadLight
FR,h0572,0.44105087136717563,scr1995,avaStIn,bevFrtRoadLight
FR,h0573,0.3780715220810565,scr1995,avaStIn,bevFrtRoadLight
FR,h0574,0.36517326846242953,scr1995,avaStIn,bevFrtRoadLight
FR,h0575,0.3781940750868679,scr1995,avaStIn,bevFrtRoadLight
FR,h0576,0.3903052813645948,scr1995,avaStIn,bevFrtRoadLight
FR,h0577,0.3967684477038073,scr1995,avaStIn,bevFrtRoadLight
FR,h0578,0.3941266798244811,scr1995,avaStIn,bevFrtRoadLight
FR,h0579,0.3898762211349605,scr1995,avaStIn,bevFrtRoadLight
FR,h0580,0.39490107301575533,scr1995,avaStIn,bevFrtRoadLight
FR,h0581,0.40705157703346323,scr1995,avaStIn,bevFrtRoadLight
FR,h0582,0.42089766147331836,scr1995,avaStIn,bevFrtRoadLight
FR,h0583,0.43120037344924295,scr1995,avaStIn,bevFrtRoadLight
FR,h0584,0.44766310914208124,scr1995,avaStIn,bevFrtRoadLight
FR,h0585,0.45981994564216805,scr1995,avaStIn,bevFrtRoadLight
FR,h0586,0.46809932294959705,scr1995,avaStIn,bevFrtRoadLight
FR,h0587,0.4648623792374809,scr1995,avaStIn,bevFrtRoadLight
FR,h0588,0.4365357697383477,scr1995,avaStIn,bevFrtRoadLight
FR,h0589,0.4202492276110504,scr1995,avaStIn,bevFrtRoadLight
FR,h0590,0.40962066104948075,scr1995,avaStIn,bevFrtRoadLight
FR,h0591,0.43543588006777084,scr1995,avaStIn,bevFrtRoadLight
FR,h0592,0.4607049195649106,scr1995,avaStIn,bevFrtRoadLight
FR,h0593,0.4930229701445806,scr1995,avaStIn,bevFrtRoadLight
FR,h0594,0.522721969418384,scr1995,avaStIn,bevFrtRoadLight
FR,h0595,0.49730283978360385,scr1995,avaStIn,bevFrtRoadLight
FR,h0596,0.44105087136717563,scr1995,avaStIn,bevFrtRoadLight
FR,h0597,0.3780715220810565,scr1995,avaStIn,bevFrtRoadLight
FR,h0598,0.36517326846242953,scr1995,avaStIn,bevFrtRoadLight
FR,h0599,0.3781940750868679,scr1995,avaStIn,bevFrtRoadLight
FR,h0600,0.3903052813645948,scr1995,avaStIn,bevFrtRoadLight
FR,h0601,0.3967684477038073,scr1995,avaStIn,bevFrtRoadLight
FR,h0602,0.3941266798244811,scr1995,avaStIn,bevFrtRoadLight
FR,h0603,0.3898762211349605,scr1995,avaStIn,bevFrtRoadLight
FR,h0604,0.39490107301575533,scr1995,avaStIn,bevFrtRoadLight
FR,h0605,0.40705157703346323,scr1995,avaStIn,bevFrtRoadLight
FR,h0606,0.42089766147331836,scr1995,avaStIn,bevFrtRoadLight
FR,h0607,0.43120037344924295,scr1995,avaStIn,bevFrtRoadLight
FR,h0608,0.44766310914208124,scr1995,avaStIn,bevFrtRoadLight
FR,h0609,0.45981994564216805,scr1995,avaStIn,bevFrtRoadLight
FR,h0610,0.46809932294959705,scr1995,avaStIn,bevFrtRoadLight
FR,h0611,0.4648623792374809,scr1995,avaStIn,bevFrtRoadLight
FR,h0612,0.4365357697383477,scr1995,avaStIn,bevFrtRoadLight
FR,h0613,0.4202492276110504,scr1995,avaStIn,bevFrtRoadLight
FR,h0614,0.40962066104948075,scr1995,avaStIn,bevFrtRoadLight
FR,h0615,0.43543588006777084,scr1995,avaStIn,bevFrtRoadLight
FR,h0616,0.4607049195649106,scr1995,avaStIn,bevFrtRoadLight
FR,h0617,0.4930229701445806,scr1995,avaStIn,bevFrtRoadLight
FR,h0618,0.522721969418384,scr1995,avaStIn,bevFrtRoadLight
FR,h0619,0.5491092959310324,scr1995,avaStIn,bevFrtRoadLight
FR,h0620,0.5660273446388819,scr1995,avaStIn,bevFrtRoadLight
FR,h0621,0.5694377234652452,scr1995,avaStIn,bevFrtRoadLight
FR,h0622,0.5523077077296228,scr1995,avaStIn,bevFrtRoadLight
FR,h0623,0.5202159512310938,scr1995,avaStIn,bevFrtRoadLight
FR,h0624,0.4784431341010115,scr1995,avaStIn,bevFrtRoadLight
FR,h0625,0.44964091402635636,scr1995,avaStIn,bevFrtRoadLight
FR,h0626,0.43209058696765396,scr1995,avaStIn,bevFrtRoadLight
FR,h0627,0.41839596165892573,scr1995,avaStIn,bevFrtRoadLight
FR,h0628,0.39560193318277753,scr1995,avaStIn,bevFrtRoadLight
FR,h0629,0.37672632110649223,scr1995,avaStIn,bevFrtRoadLight
FR,h0630,0.3834870441325798,scr1995,avaStIn,bevFrtRoadLight
FR,h0631,0.41751535673085,scr1995,avaStIn,bevFrtRoadLight
FR,h0632,0.4691518037073132,scr1995,avaStIn,bevFrtRoadLight
FR,h0633,0.508919129197644,scr1995,avaStIn,bevFrtRoadLight
FR,h0634,0.5246670544400582,scr1995,avaStIn,bevFrtRoadLight
FR,h0635,0.5146754500258794,scr1995,avaStIn,bevFrtRoadLight
FR,h0636,0.49510649084389974,scr1995,avaStIn,bevFrtRoadLight
FR,h0637,0.48594047059252293,scr1995,avaStIn,bevFrtRoadLight
FR,h0638,0.487492275316698,scr1995,avaStIn,bevFrtRoadLight
FR,h0639,0.499028069799944,scr1995,avaStIn,bevFrtRoadLight
FR,h0640,0.5156345122766357,scr1995,avaStIn,bevFrtRoadLight
FR,h0641,0.5202103771791664,scr1995,avaStIn,bevFrtRoadLight
FR,h0642,0.5098351453034651,scr1995,avaStIn,bevFrtRoadLight
FR,h0643,0.4783590640749002,scr1995,avaStIn,bevFrtRoadLight
FR,h0644,0.44188198957049857,scr1995,avaStIn,bevFrtRoadLight
FR,h0645,0.41278723386077926,scr1995,avaStIn,bevFrtRoadLight
FR,h0646,0.3970486160424867,scr1995,avaStIn,bevFrtRoadLight
FR,h0647,0.3960245937605658,scr1995,avaStIn,bevFrtRoadLight
FR,h0648,0.4031620325243052,scr1995,avaStIn,bevFrtRoadLight
FR,h0649,0.41618068814164205,scr1995,avaStIn,bevFrtRoadLight
FR,h0650,0.4247932393212724,scr1995,avaStIn,bevFrtRoadLight
FR,h0651,0.41839596165892573,scr1995,avaStIn,bevFrtRoadLight
FR,h0652,0.39560193318277753,scr1995,avaStIn,bevFrtRoadLight
FR,h0653,0.37672632110649223,scr1995,avaStIn,bevFrtRoadLight
FR,h0654,0.3834870441325798,scr1995,avaStIn,bevFrtRoadLight
FR,h0655,0.41751535673085,scr1995,avaStIn,bevFrtRoadLight
FR,h0656,0.4691518037073132,scr1995,avaStIn,bevFrtRoadLight
FR,h0657,0.508919129197644,scr1995,avaStIn,bevFrtRoadLight
FR,h0658,0.5246670544400582,scr1995,avaStIn,bevFrtRoadLight
FR,h0659,0.5146754500258794,scr1995,avaStIn,bevFrtRoadLight
FR,h0660,0.49510649084389974,scr1995,avaStIn,bevFrtRoadLight
FR,h0661,0.4246653332821729,scr1995,avaStIn,bevFrtRoadLight
FR,h0662,0.3799694634726431,scr1995,avaStIn,bevFrtRoadLight
FR,h0663,0.36834480165139,scr1995,avaStIn,bevFrtRoadLight
FR,h0664,0.4363928995426534,scr1995,avaStIn,bevFrtRoadLight
FR,h0665,0.4845356983037999,scr1995,avaStIn,bevFrtRoadLight
FR,h0666,0.498377215554029,scr1995,avaStIn,bevFrtRoadLight
FR,h0667,0.47971689338346507,scr1995,avaStIn,bevFrtRoadLight
FR,h0668,0.44420366548465123,scr1995,avaStIn,bevFrtRoadLight
FR,h0669,0.41278723386077926,scr1995,avaStIn,bevFrtRoadLight
FR,h0670,0.3970486160424867,scr1995,avaStIn,bevFrtRoadLight
FR,h0671,0.3960245937605658,scr1995,avaStIn,bevFrtRoadLight
FR,h0672,0.4031620325243052,scr1995,avaStIn,bevFrtRoadLight
IT,h0505,0.4189616602698403,scr1995,avaStIn,bevFrtRoadLight
IT,h0506,0.44316263746287854,scr1995,avaStIn,bevFrtRoadLight
IT,h0507,0.4666151112420711,scr1995,avaStIn,bevFrtRoadLight
IT,h0508,0.45832645881139567,scr1995,avaStIn,bevFrtRoadLight
IT,h0509,0.4575215740258525,scr1995,avaStIn,bevFrtRoadLight
IT,h0510,0.4714802227826498,scr1995,avaStIn,bevFrtRoadLight
IT,h0511,0.45278396719135405,scr1995,avaStIn,bevFrtRoadLight
IT,h0512,0.4321968269076082,scr1995,avaStIn,bevFrtRoadLight
IT,h0513,0.41692976682231464,scr1995,avaStIn,bevFrtRoadLight
IT,h0514,0.4492241211131014,scr1995,avaStIn,bevFrtRoadLight
IT,h0515,0.48975714412554394,scr1995,avaStIn,bevFrtRoadLight
IT,h0516,0.5206617867481357,scr1995,avaStIn,bevFrtRoadLight
IT,h0517,0.5030312066648692,scr1995,avaStIn,bevFrtRoadLight
IT,h0518,0.46430567818254775,scr1995,avaStIn,bevFrtRoadLight
IT,h0519,0.3930115245300315,scr1995,avaStIn,bevFrtRoadLight
IT,h0520,0.3383128612832066,scr1995,avaStIn,bevFrtRoadLight
IT,h0521,0.2949078707645617,scr1995,avaStIn,bevFrtRoadLight
IT,h0522,0.30032532288300284,scr1995,avaStIn,bevFrtRoadLight
IT,h0523,0.37031889442133714,scr1995,avaStIn,bevFrtRoadLight
IT,h0524,0.439566819115495,scr1995,avaStIn,bevFrtRoadLight
IT,h0525,0.4842205316258411,scr1995,avaStIn,bevFrtRoadLight
IT,h0526,0.48177042584781093,scr1995,avaStIn,bevFrtRoadLight
IT,h0527,0.4649933341110368,scr1995,avaStIn,bevFrtRoadLight
IT,h0528,0.4421476660354572,scr1995,avaStIn,bevFrtRoadLight
IT,h0529,0.40457118840562833,scr1995,avaStIn,bevFrtRoadLight
IT,h0530,0.3965887476744546,scr1995,avaStIn,bevFrtRoadLight
IT,h0531,0.4189648810301997,scr1995,avaStIn,bevFrtRoadLight
IT,h0532,0.47669159584913956,scr1995,avaStIn,bevFrtRoadLight
IT,h0533,0.5156198975065492,scr1995,avaStIn,bevFrtRoadLight
IT,h0534,0.5320199439771598,scr1995,avaStIn,bevFrtRoadLight
IT,h0535,0.489664575276482,scr1995,avaStIn,bevFrtRoadLight
IT,h0536,0.445275594397034,scr1995,avaStIn,bevFrtRoadLight
IT,h0537,0.41692976682231464,scr1995,avaStIn,bevFrtRoadLight
IT,h0538,0.4492241211131014,scr1995,avaStIn,bevFrtRoadLight
IT,h0539,0.48975714412554394,scr1995,avaStIn,bevFrtRoadLight
IT,h0540,0.5206617867481357,scr1995,avaStIn,bevFrtRoadLight
IT,h0541,0.5280978832077089,scr1995,avaStIn,bevFrtRoadLight
IT,h0542,0.5124807931759494,scr1995,avaStIn,bevFrtRoadLight
IT,h0543,0.4761436847441386,scr1995,avaStIn,bevFrtRoadLight
IT,h0544,0.43500854961948865,scr1995,avaStIn,bevFrtRoadLight
IT,h0545,0.409416438142285,scr1995,avaStIn,bevFrtRoadLight
IT,h0546,0.41070005893656325,scr1995,avaStIn,bevFrtRoadLight
IT,h0547,0.43881390042054824,scr1995,avaStIn,bevFrtRoadLight
IT,h0548,0.46852756847703914,scr1995,avaStIn,bevFrtRoadLight
IT,h0549,0.4842205316258411,scr1995,avaStIn,bevFrtRoadLight
IT,h0550,0.48177042584781093,scr1995,avaStIn,bevFrtRoadLight
IT,h0551,0.4649933341110368,scr1995,avaStIn,bevFrtRoadLight
IT,h0552,0.4421476660354572,scr1995,avaStIn,bevFrtRoadLight
IT,h0553,0.4241707546574749,scr1995,avaStIn,bevFrtRoadLight
IT,h0554,0.42041737236492704,scr1995,avaStIn,bevFrtRoadLight
IT,h0555,0.4350085499835714,scr1995,avaStIn,bevFrtRoadLight
IT,h0556,0.4517463294475461,scr1995,avaStIn,bevFrtRoadLight
IT,h0557,0.46041387476137463,scr1995,avaStIn,bevFrtRoadLight
IT,h0558,0.45012798266384146,scr1995,avaStIn,bevFrtRoadLight
IT,h0559,0.4275548125092713,scr1995,avaStIn,bevFrtRoadLight
IT,h0560,0.40971929895410075,scr1995,avaStIn,bevFrtRoadLight
IT,h0561,0.41692976682231464,scr1995,avaStIn,bevFrtRoadLight
IT,h0562,0.4492241211131014,scr1995,avaStIn,bevFrtRoadLight
IT,h0563,0.48975714412554394,scr1995,avaStIn,bevFrtRoadLight
IT,h0564,0.5206617867481357,scr1995,avaStIn,bevFrtRoadLight
IT,h0565,0.49529424560017543,scr1995,avaStIn,bevFrtRoadLight
IT,h0566,0.4628450451116344,scr1995,avaStIn,bevFrtRoadLight
IT,h0567,0.4354358800677708,scr1995,avaStIn,bevFrtRoadLight
IT,h0568,0.46070491956491055,scr1995,avaStIn,bevFrtRoadLight
IT,h0569,0.4930229701445805,scr1995,avaStIn,bevFrtRoadLight
IT,h0570,0.5227219694183841,scr1995,avaStIn,bevFrtRoadLight
IT,h0571,0.4973028397836038,scr1995,avaStIn,bevFrtRoadLight
IT,h0572,0.44105087136717547,scr1995,avaStIn,bevFrtRoadLight
IT,h0573,0.3780715220810563,scr1995,avaStIn,bevFrtRoadLight
IT,h0574,0.3651732684624295,scr1995,avaStIn,bevFrtRoadLight
IT,h0575,0.37819407508686786,scr1995,avaStIn,bevFrtRoadLight
IT,h0576,0.39030528136459475,scr1995,avaStIn,bevFrtRoadLight
IT,h0577,0.39676844770380715,scr1995,avaStIn,bevFrtRoadLight
IT,h0578,0.394126679824481,scr1995,avaStIn,bevFrtRoadLight
IT,h0579,0.38987622113496045,scr1995,avaStIn,bevFrtRoadLight
IT,h0580,0.3949010730157553,scr1995,avaStIn,bevFrtRoadLight
IT,h0581,0.4070515770334633,scr1995,avaStIn,bevFrtRoadLight
IT,h0582,0.4208976614733184,scr1995,avaStIn,bevFrtRoadLight
IT,h0583,0.431200373449243,scr1995,avaStIn,bevFrtRoadLight
IT,h0584,0.4476631091420812,scr1995,avaStIn,bevFrtRoadLight
IT,h0585,0.459819945642168,scr1995,avaStIn,bevFrtRoadLight
IT,h0586,0.4680993229495969,scr1995,avaStIn,bevFrtRoadLight
IT,h0587,0.46486237923748064,scr1995,avaStIn,bevFrtRoadLight
IT,h0588,0.4365357697383475,scr1995,avaStIn,bevFrtRoadLight
IT,h0589,0.42024922761105055,scr1995,avaStIn,bevFrtRoadLight
IT,h0590,0.4096206610494807,scr1995,avaStIn,bevFrtRoadLight
IT,h0591,0.4354358800677708,scr1995,avaStIn,bevFrtRoadLight
IT,h0592,0.46070491956491055,scr1995,avaStIn,bevFrtRoadLight
IT,h0593,0.4930229701445805,scr1995,avaStIn,bevFrtRoadLight
IT,h0594,0.5227219694183841,scr1995,avaStIn,bevFrtRoadLight
IT,h0595,0.4973028397836038,scr1995,avaStIn,bevFrtRoadLight
IT,h0596,0.44105087136717547,scr1995,avaStIn,bevFrtRoadLight
IT,h0597,0.3780715220810563,scr1995,avaStIn,bevFrtRoadLight
IT,h0598,0.3651732684624295,scr1995,avaStIn,bevFrtRoadLight
IT,h0599,0.37819407508686786,scr1995,avaStIn,bevFrtRoadLight
IT,h0600,0.39030528136459475,scr1995,avaStIn,bevFrtRoadLight
IT,h0601,0.39676844770380715,scr1995,avaStIn,bevFrtRoadLight
IT,h0602,0.394126679824481,scr1995,avaStIn,bevFrtRoadLight
IT,h0603,0.38987622113496045,scr1995,avaStIn,bevFrtRoadLight
IT,h0604,0.3949010730157553,scr1995,avaStIn,bevFrtRoadLight
IT,h0605,0.4070515770334633,scr1995,avaStIn,bevFrtRoadLight
IT,h0606,0.4208976614733184,scr1995,avaStIn,bevFrtRoadLight
IT,h0607,0.431200373449243,scr1995,avaStIn,bevFrtRoadLight
IT,h0608,0.4476631091420812,scr1995,avaStIn,bevFrtRoadLight
IT,h0609,0.459819945642168,scr1995,avaStIn,bevFrtRoadLight
IT,h0610,0.4680993229495969,scr1995,avaStIn,bevFrtRoadLight
IT,h0611,0.46486237923748064,scr1995,avaStIn,bevFrtRoadLight
IT,h0612,0.4365357697383475,scr1995,avaStIn,bevFrtRoadLight
IT,h0613,0.42024922761105055,scr1995,avaStIn,bevFrtRoadLight
IT,h0614,0.4096206610494807,scr1995,avaStIn,bevFrtRoadLight
IT,h0615,0.4354358800677708,scr1995,avaStIn,bevFrtRoadLight
IT,h0616,0.46070491956491055,scr1995,avaStIn,bevFrtRoadLight
IT,h0617,0.4930229701445805,scr1995,avaStIn,bevFrtRoadLight
IT,h0618,0.5227219694183841,scr1995,avaStIn,bevFrtRoadLight
IT,h0619,0.5491092959310323,scr1995,avaStIn,bevFrtRoadLight
IT,h0620,0.5660273446388822,scr1995,avaStIn,bevFrtRoadLight
IT,h0621,0.5694377234652451,scr1995,avaStIn,bevFrtRoadLight
IT,h0622,0.5523077077296228,scr1995,avaStIn,bevFrtRoadLight
IT,h0623,0.5202159512310937,scr1995,avaStIn,bevFrtRoadLight
IT,h0624,0.47844313410101147,scr1995,avaStIn,bevFrtRoadLight
IT,h0625,0.4496409140263561,scr1995,avaStIn,bevFrtRoadLight
IT,h0626,0.43209058696765357,scr1995,avaStIn,bevFrtRoadLight
IT,h0627,0.41839596165892556,scr1995,avaStIn,bevFrtRoadLight
IT,h0628,0.39560193318277737,scr1995,avaStIn,bevFrtRoadLight
IT,h0629,0.3767263211064922,scr1995,avaStIn,bevFrtRoadLight
IT,h0630,0.3834870441325797,scr1995,avaStIn,bevFrtRoadLight
IT,h0631,0.41751535673084994,scr1995,avaStIn,bevFrtRoadLight
IT,h0632,0.46915180370731313,scr1995,avaStIn,bevFrtRoadLight
IT,h0633,0.508919129197644,scr1995,avaStIn,bevFrtRoadLight
IT,h0634,0.5246670544400582,scr1995,avaStIn,bevFrtRoadLight
IT,h0635,0.5146754500258794,scr1995,avaStIn,bevFrtRoadLight
IT,h0636,0.4951064908438997,scr1995,avaStIn,bevFrtRoadLight
IT,h0637,0.485940470592523,scr1995,avaStIn,bevFrtRoadLight
IT,h0638,0.4874922753166979,scr1995,avaStIn,bevFrtRoadLight
IT,h0639,0.49902806979994396,scr1995,avaStIn,bevFrtRoadLight
IT,h0640,0.5156345122766356,scr1995,avaStIn,bevFrtRoadLight
IT,h0641,0.5202103771791663,scr1995,avaStIn,bevFrtRoadLight
IT,h0642,0.509835145303465,scr1995,avaStIn,bevFrtRoadLight
IT,h0643,0.47835906407490014,scr1995,avaStIn,bevFrtRoadLight
IT,h0644,0.4418819895704986,scr1995,avaStIn,bevFrtRoadLight
IT,h0645,0.4127872338607794,scr1995,avaStIn,bevFrtRoadLight
IT,h0646,0.397048616042487,scr1995,avaStIn,bevFrtRoadLight
IT,h0647,0.39602459376056587,scr1995,avaStIn,bevFrtRoadLight
IT,h0648,0.40316203252430516,scr1995,avaStIn,bevFrtRoadLight
IT,h0649,0.416180688141642,scr1995,avaStIn,bevFrtRoadLight
IT,h0650,0.4247932393212722,scr1995,avaStIn,bevFrtRoadLight
IT,h0651,0.41839596165892556,scr1995,avaStIn,bevFrtRoadLight
IT,h0652,0.39560193318277737,scr1995,avaStIn,bevFrtRoadLight
IT,h0653,0.3767263211064922,scr1995,avaStIn,bevFrtRoadLight
IT,h0654,0.3834870441325797,scr1995,avaStIn,bevFrtRoadLight
IT,h0655,0.41751535673084994,scr1995,avaStIn,bevFrtRoadLight
IT,h0656,0.46915180370731313,scr1995,avaStIn,bevFrtRoadLight
IT,h0657,0.508919129197644,scr1995,avaStIn,bevFrtRoadLight
IT,h0658,0.5246670544400582,scr1995,avaStIn,bevFrtRoadLight
IT,h0659,0.5146754500258794,scr1995,avaStIn,bevFrtRoadLight
IT,h0660,0.4951064908438997,scr1995,avaStIn,bevFrtRoadLight
IT,h0661,0.42466533328217293,scr1995,avaStIn,bevFrtRoadLight
IT,h0662,0.37996946347264315,scr1995,avaStIn,bevFrtRoadLight
IT,h0663,0.36834480165138994,scr1995,avaStIn,bevFrtRoadLight
IT,h0664,0.43639289954265337,scr1995,avaStIn,bevFrtRoadLight
IT,h0665,0.48453569830379983,scr1995,avaStIn,bevFrtRoadLight
IT,h0666,0.4983772155540289,scr1995,avaStIn,bevFrtRoadLight
IT,h0667,0.479716893383465,scr1995,avaStIn,bevFrtRoadLight
IT,h0668,0.4442036654846514,scr1995,avaStIn,bevFrtRoadLight
IT,h0669,0.4127872338607794,scr1995,avaStIn,bevFrtRoadLight
IT,h0670,0.397048616042487,scr1995,avaStIn,bevFrtRoadLight
IT,h0671,0.39602459376056587,scr1995,avaStIn,bevFrtRoadLight
IT,h0672,0.40316203252430516,scr1995,avaStIn,bevFrtRoadLight
NL,h0505,0.4189616602698403,scr1995,avaStIn,bevFrtRoadLight
NL,h0506,0.44316263746287865,scr1995,avaStIn,bevFrtRoadLight
NL,h0507,0.4666151112420711,scr1995,avaStIn,bevFrtRoadLight
NL,h0508,0.45832645881139567,scr1995,avaStIn,bevFrtRoadLight
NL,h0509,0.4575215740258525,scr1995,avaStIn,bevFrtRoadLight
NL,h0510,0.4714802227826498,scr1995,avaStIn,bevFrtRoadLight
NL,h0511,0.45278396719135405,scr1995,avaStIn,bevFrtRoadLight
NL,h0512,0.4321968269076082,scr1995,avaStIn,bevFrtRoadLight
NL,h0513,0.41692976682231464,scr1995,avaStIn,bevFrtRoadLight
NL,h0514,0.4492241211131014,scr1995,avaStIn,bevFrtRoadLight
NL,h0515,0.48975714412554394,scr1995,avaStIn,bevFrtRoadLight
NL,h0516,0.5206617867481357,scr1995,avaStIn,bevFrtRoadLight
NL,h0517,0.5030312066648692,scr1995,avaStIn,bevFrtRoadLight
NL,h0518,0.46430567818254775,scr1995,avaStIn,bevFrtRoadLight
NL,h0519,0.3930115245300315,scr1995,avaStIn,bevFrtRoadLight
NL,h0520,0.3383128612832066,scr1995,avaStIn,bevFrtRoadLight
NL,h0521,0.2949078707645617,scr1995,avaStIn,bevFrtRoadLight
NL,h0522,0.30032532288300284,scr1995,avaStIn,bevFrtRoadLight
NL,h0523,0.37031889442133714,scr1995,avaStIn,bevFrtRoadLight
NL,h0524,0.439566819115495,scr1995,avaStIn,bevFrtRoadLight
NL,h0525,0.4842205316258411,scr1995,avaStIn,bevFrtRoadLight
NL,h0526,0.48177042584781093,scr1995,avaStIn,bevFrtRoadLight
NL,h0527,0.4649933341110367,scr1995,avaStIn,bevFrtRoadLight
NL,h0528,0.4421476660354572,scr1995,avaStIn,bevFrtRoadLight
NL,h0529,0.40457118840562833,scr1995,avaStIn,bevFrtRoadLight
NL,h0530,0.3965887476744546,scr1995,avaStIn,bevFrtRoadLight
NL,h0531,0.4189648810301997,scr1995,avaStIn,bevFrtRoadLight
NL,h0532,0.47669159584913956,scr1995,avaStIn,bevFrtRoadLight
NL,h0533,0.5156198975065492,scr1995,avaStIn,bevFrtRoadLight
NL,h0534,0.5320199439771598,scr1995,avaStIn,bevFrtRoadLight
NL,h0535,0.489664575276482,scr1995,avaStIn,bevFrtRoadLight
NL,h0536,0.445275594397034,scr1995,avaStIn,bevFrtRoadLight
NL,h0537,0.41692976682231464,scr1995,avaStIn,bevFrtRoadLight
NL,h0538,0.4492241211131014,scr1995,avaStIn,bevFrtRoadLight
NL,h0539,0.48975714412554394,scr1995,avaStIn,bevFrtRoadLight
NL,h0540,0.5206617867481357,scr1995,avaStIn,bevFrtRoadLight
NL,h0541,0.5280978832077089,scr1995,avaStIn,bevFrtRoadLight
NL,h0542,0.5124807931759494,scr1995,avaStIn,bevFrtRoadLight
NL,h0543,0.4761436847441386,scr1995,avaStIn,bevFrtRoadLight
NL,h0544,0.43500854961948865,scr1995,avaStIn,bevFrtRoadLight
NL,h0545,0.409416438142285,scr1995,avaStIn,bevFrtRoadLight
NL,h0546,0.41070005893656325,scr1995,avaStIn,bevFrtRoadLight
NL,h0547,0.43881390042054824,scr1995,avaStIn,bevFrtRoadLight
NL,h0548,0.46852756847703914,scr1995,avaStIn,bevFrtRoadLight
NL,h0549,0.4842205316258411,scr1995,avaStIn,bevFrtRoadLight
NL,h0550,0.48177042584781093,scr1995,avaStIn,bevFrtRoadLight
NL,h0551,0.4649933341110367,scr1995,avaStIn,bevFrtRoadLight
NL,h0552,0.4421476660354572,scr1995,avaStIn,bevFrtRoadLight
NL,h0553,0.4241707546574749,scr1995,avaStIn,bevFrtRoadLight
NL,h0554,0.42041737236492704,scr1995,avaStIn,bevFrtRoadLight
NL,h0555,0.4350085499835714,scr1995,avaStIn,bevFrtRoadLight
NL,h0556,0.451746329447546,scr1995,avaStIn,bevFrtRoadLight
NL,h0557,0.4604138747613745,scr1995,avaStIn,bevFrtRoadLight
NL,h0558,0.45012798266384146,scr1995,avaStIn,bevFrtRoadLight
NL,h0559,0.4275548125092713,scr1995,avaStIn,bevFrtRoadLight
NL,h0560,0.40971929895410075,scr1995,avaStIn,bevFrtRoadLight
NL,h0561,0.41692976682231464,scr1995,avaStIn,bevFrtRoadLight
NL,h0562,0.4492241211131014,scr1995,avaStIn,bevFrtRoadLight
NL,h0563,0.48975714412554394,scr1995,avaStIn,bevFrtRoadLight
NL,h0564,0.5206617867481357,scr1995,avaStIn,bevFrtRoadLight
NL,h0565,0.49529424560017543,scr1995,avaStIn,bevFrtRoadLight
NL,h0566,0.4628450451116344,scr1995,avaStIn,bevFrtRoadLight
NL,h0567,0.4354358800677709,scr1995,avaStIn,bevFrtRoadLight
NL,h0568,0.46070491956491055,scr1995,avaStIn,bevFrtRoadLight
NL,h0569,0.4930229701445805,scr1995,avaStIn,bevFrtRoadLight
NL,h0570,0.5227219694183841,scr1995,avaStIn,bevFrtRoadLight
NL,h0571,0.4973028397836038,scr1995,avaStIn,bevFrtRoadLight
NL,h0572,0.44105087136717547,scr1995,avaStIn,bevFrtRoadLight
NL,h0573,0.3780715220810563,scr1995,avaStIn,bevFrtRoadLight
NL,h0574,0.3651732684624296,scr1995,avaStIn,bevFrtRoadLight
NL,h0575,0.37819407508686786,scr1995,avaStIn,bevFrtRoadLight
NL,h0576,0.39030528136459475,scr1995,avaStIn,bevFrtRoadLight
NL,h0577,0.39676844770380715,scr1995,avaStIn,bevFrtRoadLight
NL,h0578,0.394126679824481,scr1995,avaStIn,bevFrtRoadLight
NL,h0579,0.38987622113496045,scr1995,avaStIn,bevFrtRoadLight
NL,h0580,0.3949010730157553,scr1995,avaStIn,bevFrtRoadLight
NL,h0581,0.4070515770334633,scr1995,avaStIn,bevFrtRoadLight
NL,h0582,0.4208976614733183,scr1995,avaStIn,bevFrtRoadLight
NL,h0583,0.431200373449243,scr1995,avaStIn,bevFrtRoadLight
NL,h0584,0.4476631091420812,scr1995,avaStIn,bevFrtRoadLight
NL,h0585,0.459819945642168,scr1995,avaStIn,bevFrtRoadLight
NL,h0586,0.4680993229495969,scr1995,avaStIn,bevFrtRoadLight
NL,h0587,0.46486237923748064,scr1995,avaStIn,bevFrtRoadLight
NL,h0588,0.4365357697383475,scr1995,avaStIn,bevFrtRoadLight
NL,h0589,0.42024922761105055,scr1995,avaStIn,bevFrtRoadLight
NL,h0590,0.4096206610494807,scr1995,avaStIn,bevFrtRoadLight
NL,h0591,0.4354358800677709,scr1995,avaStIn,bevFrtRoadLight
NL,h0592,0.46070491956491055,scr1995,avaStIn,bevFrtRoadLight
NL,h0593,0.4930229701445805,scr1995,avaStIn,bevFrtRoadLight
NL,h0594,0.5227219694183841,scr1995,avaStIn,bevFrtRoadLight
NL,h0595,0.4973028397836038,scr1995,avaStIn,bevFrtRoadLight
NL,h0596,0.44105087136717547,scr1995,avaStIn,bevFrtRoadLight
NL,h0597,0.3780715220810563,scr1995,avaStIn,bevFrtRoadLight
NL,h0598,0.3651732684624296,scr1995,avaStIn,bevFrtRoadLight
NL,h0599,0.37819407508686786,scr1995,avaStIn,bevFrtRoadLight
NL,h0600,0.39030528136459475,scr1995,avaStIn,bevFrtRoadLight
NL,h0601,0.39676844770380715,scr1995,avaStIn,bevFrtRoadLight
NL,h0602,0.394126679824481,scr1995,avaStIn,bevFrtRoadLight
NL,h0603,0.38987622113496045,scr1995,avaStIn,bevFrtRoadLight
NL,h0604,0.3949010730157553,scr1995,avaStIn,bevFrtRoadLight
NL,h0605,0.4070515770334633,scr1995,avaStIn,bevFrtRoadLight
NL,h0606,0.4208976614733183,scr1995,avaStIn,bevFrtRoadLight
NL,h0607,0.431200373449243,scr1995,avaStIn,bevFrtRoadLight
NL,h0608,0.4476631091420812,scr1995,avaStIn,bevFrtRoadLight
NL,h0609,0.459819945642168,scr1995,avaStIn,bevFrtRoadLight
NL,h0610,0.4680993229495969,scr1995,avaStIn,bevFrtRoadLight
NL,h0611,0.46486237923748064,scr1995,avaStIn,bevFrtRoadLight
NL,h0612,0.4365357697383475,scr1995,avaStIn,bevFrtRoadLight
NL,h0613,0.42024922761105055,scr1995,avaStIn,bevFrtRoadLight
NL,h0614,0.4096206610494807,scr1995,avaStIn,bevFrtRoadLight
NL,h0615,0.4354358800677709,scr1995,avaStIn,bevFrtRoadLight
NL,h0616,0.46070491956491055,scr1995,avaStIn,bevFrtRoadLight
NL,h0617,0.4930229701445805,scr1995,avaStIn,bevFrtRoadLight
NL,h0618,0.5227219694183841,scr1995,avaStIn,bevFrtRoadLight
NL,h0619,0.5491092959310323,scr1995,avaStIn,bevFrtRoadLight
NL,h0620,0.5660273446388822,scr1995,avaStIn,bevFrtRoadLight
NL,h0621,0.5694377234652451,scr1995,avaStIn,bevFrtRoadLight
NL,h0622,0.5523077077296228,scr1995,avaStIn,bevFrtRoadLight
NL,h0623,0.5202159512310937,scr1995,avaStIn,bevFrtRoadLight
NL,h0624,0.47844313410101147,scr1995,avaStIn,bevFrtRoadLight
NL,h0625,0.4496409140263561,scr1995,avaStIn,bevFrtRoadLight
NL,h0626,0.43209058696765357,scr1995,avaStIn,bevFrtRoadLight
NL,h0627,0.41839596165892534,scr1995,avaStIn,bevFrtRoadLight
NL,h0628,0.39560193318277737,scr1995,avaStIn,bevFrtRoadLight
NL,h0629,0.3767263211064922,scr1995,avaStIn,bevFrtRoadLight
NL,h0630,0.3834870441325797,scr1995,avaStIn,bevFrtRoadLight
NL,h0631,0.41751535673084994,scr1995,avaStIn,bevFrtRoadLight
NL,h0632,0.46915180370731313,scr1995,avaStIn,bevFrtRoadLight
NL,h0633,0.508919129197644,scr1995,avaStIn,bevFrtRoadLight
NL,h0634,0.5246670544400583,scr1995,avaStIn,bevFrtRoadLight
NL,h0635,0.5146754500258794,scr1995,avaStIn,bevFrtRoadLight
NL,h0636,0.4951064908438997,scr1995,avaStIn,bevFrtRoadLight
NL,h0637,0.485940470592523,scr1995,avaStIn,bevFrtRoadLight
NL,h0638,0.4874922753166979,scr1995,avaStIn,bevFrtRoadLight
NL,h0639,0.49902806979994396,scr1995,avaStIn,bevFrtRoadLight
NL,h0640,0.5156345122766356,scr1995,avaStIn,bevFrtRoadLight
NL,h0641,0.5202103771791662,scr1995,avaStIn,bevFrtRoadLight
NL,h0642,0.509835145303465,scr1995,avaStIn,bevFrtRoadLight
NL,h0643,0.47835906407490014,scr1995,avaStIn,bevFrtRoadLight
NL,h0644,0.4418819895704986,scr1995,avaStIn,bevFrtRoadLight
NL,h0645,0.4127872338607794,scr1995,avaStIn,bevFrtRoadLight
NL,h0646,0.397048616042487,scr1995,avaStIn,bevFrtRoadLight
NL,h0647,0.39602459376056587,scr1995,avaStIn,bevFrtRoadLight
NL,h0648,0.40316203252430516,scr1995,avaStIn,bevFrtRoadLight
NL,h0649,0.416180688141642,scr1995,avaStIn,bevFrtRoadLight
NL,h0650,0.4247932393212722,scr1995,avaStIn,bevFrtRoadLight
NL,h0651,0.41839596165892534,scr1995,avaStIn,bevFrtRoadLight
NL,h0652,0.39560193318277737,scr1995,avaStIn,bevFrtRoadLight
NL,h0653,0.3767263211064922,scr1995,avaStIn,bevFrtRoadLight
NL,h0654,0.3834870441325797,scr1995,avaStIn,bevFrtRoadLight
NL,h0655,0.41751535673084994,scr1995,avaStIn,bevFrtRoadLight
NL,h0656,0.46915180370731313,scr1995,avaStIn,bevFrtRoadLight
NL,h0657,0.508919129197644,scr1995,avaStIn,bevFrtRoadLight
NL,h0658,0.5246670544400583,scr1995,avaStIn,bevFrtRoadLight
NL,h0659,0.5146754500258794,scr1995,avaStIn,bevFrtRoadLight
NL,h0660,0.4951064908438997,scr1995,avaStIn,bevFrtRoadLight
NL,h0661,0.4246653332821728,scr1995,avaStIn,bevFrtRoadLight
NL,h0662,0.37996946347264304,scr1995,avaStIn,bevFrtRoadLight
NL,h0663,0.36834480165138994,scr1995,avaStIn,bevFrtRoadLight
NL,h0664,0.43639289954265337,scr1995,avaStIn,bevFrtRoadLight
NL,h0665,0.48453569830379983,scr1995,avaStIn,bevFrtRoadLight
NL,h0666,0.4983772155540289,scr1995,avaStIn,bevFrtRoadLight
NL,h0667,0.479716893383465,scr1995,avaStIn,bevFrtRoadLight
NL,h0668,0.4442036654846514,scr1995,avaStIn,bevFrtRoadLight
NL,h0669,0.4127872338607794,scr1995,avaStIn,bevFrtRoadLight
NL,h0670,0.397048616042487,scr1995,avaStIn,bevFrtRoadLight
NL,h0671,0.39602459376056587,scr1995,avaStIn,bevFrtRoadLight
NL,h0672,0.40316203252430516,scr1995,avaStIn,bevFrtRoadLight
IE,h0505,0.4189616602698403,scr1995,avaStIn,bevFrtRoadLight
IE,h0506,0.44316263746287865,scr1995,avaStIn,bevFrtRoadLight
IE,h0507,0.4666151112420711,scr1995,avaStIn,bevFrtRoadLight
IE,h0508,0.45832645881139567,scr1995,avaStIn,bevFrtRoadLight
IE,h0509,0.4575215740258525,scr1995,avaStIn,bevFrtRoadLight
IE,h0510,0.4714802227826498,scr1995,avaStIn,bevFrtRoadLight
IE,h0511,0.45278396719135405,scr1995,avaStIn,bevFrtRoadLight
IE,h0512,0.4321968269076082,scr1995,avaStIn,bevFrtRoadLight
IE,h0513,0.41692976682231464,scr1995,avaStIn,bevFrtRoadLight
IE,h0514,0.4492241211131014,scr1995,avaStIn,bevFrtRoadLight
IE,h0515,0.48975714412554394,scr1995,avaStIn,bevFrtRoadLight
IE,h0516,0.5206617867481357,scr1995,avaStIn,bevFrtRoadLight
IE,h0517,0.5030312066648692,scr1995,avaStIn,bevFrtRoadLight
IE,h0518,0.46430567818254775,scr1995,avaStIn,bevFrtRoadLight
IE,h0519,0.3930115245300315,scr1995,avaStIn,bevFrtRoadLight
IE,h0520,0.3383128612832066,scr1995,avaStIn,bevFrtRoadLight
IE,h0521,0.2949078707645617,scr1995,avaStIn,bevFrtRoadLight
IE,h0522,0.30032532288300284,scr1995,avaStIn,bevFrtRoadLight
IE,h0523,0.37031889442133714,scr1995,avaStIn,bevFrtRoadLight
IE,h0524,0.439566819115495,scr1995,avaStIn,bevFrtRoadLight
IE,h0525,0.4842205316258411,scr1995,avaStIn,bevFrtRoadLight
IE,h0526,0.48177042584781093,scr1995,avaStIn,bevFrtRoadLight
IE,h0527,0.4649933341110367,scr1995,avaStIn,bevFrtRoadLight
IE,h0528,0.4421476660354572,scr1995,avaStIn,bevFrtRoadLight
IE,h0529,0.40457118840562833,scr1995,avaStIn,bevFrtRoadLight
IE,h0530,0.3965887476744546,scr1995,avaStIn,bevFrtRoadLight
IE,h0531,0.4189648810301997,scr1995,avaStIn,bevFrtRoadLight
IE,h0532,0.47669159584913956,scr1995,avaStIn,bevFrtRoadLight
IE,h0533,0.5156198975065492,scr1995,avaStIn,bevFrtRoadLight
IE,h0534,0.5320199439771598,scr1995,avaStIn,bevFrtRoadLight
IE,h0535,0.489664575276482,scr1995,avaStIn,bevFrtRoadLight
IE,h0536,0.445275594397034,scr1995,avaStIn,bevFrtRoadLight
IE,h0537,0.41692976682231464,scr1995,avaStIn,bevFrtRoadLight
IE,h0538,0.4492241211131014,scr1995,avaStIn,bevFrtRoadLight
IE,h0539,0.48975714412554394,scr1995,avaStIn,bevFrtRoadLight
IE,h0540,0.5206617867481357,scr1995,avaStIn,bevFrtRoadLight
IE,h0541,0.5280978832077089,scr1995,avaStIn,bevFrtRoadLight
IE,h0542,0.5124807931759494,scr1995,avaStIn,bevFrtRoadLight
IE,h0543,0.4761436847441386,scr1995,avaStIn,bevFrtRoadLight
IE,h0544,0.43500854961948865,scr1995,avaStIn,bevFrtRoadLight
IE,h0545,0.409416438142285,scr1995,avaStIn,bevFrtRoadLight
IE,h0546,0.41070005893656325,scr1995,avaStIn,bevFrtRoadLight
IE,h0547,0.43881390042054824,scr1995,avaStIn,bevFrtRoadLight
IE,h0548,0.46852756847703914,scr1995,avaStIn,bevFrtRoadLight
IE,h0549,0.4842205316258411,scr1995,avaStIn,bevFrtRoadLight
IE,h0550,0.48177042584781093,scr1995,avaStIn,bevFrtRoadLight
IE,h0551,0.4649933341110367,scr1995,avaStIn,bevFrtRoadLight
IE,h0552,0.4421476660354572,scr1995,avaStIn,bevFrtRoadLight
IE,h0553,0.4241707546574749,scr1995,avaStIn,bevFrtRoadLight
IE,h0554,0.42041737236492704,scr1995,avaStIn,bevFrtRoadLight
IE,h0555,0.4350085499835714,scr1995,avaStIn,bevFrtRoadLight
IE,h0556,0.451746329447546,scr1995,avaStIn,bevFrtRoadLight
IE,h0557,0.4604138747613745,scr1995,avaStIn,bevFrtRoadLight
IE,h0558,0.45012798266384146,scr1995,avaStIn,bevFrtRoadLight
IE,h0559,0.4275548125092713,scr1995,avaStIn,bevFrtRoadLight
IE,h0560,0.40971929895410075,scr1995,avaStIn,bevFrtRoadLight
IE,h0561,0.41692976682231464,scr1995,avaStIn,bevFrtRoadLight
IE,h0562,0.4492241211131014,scr1995,avaStIn,bevFrtRoadLight
IE,h0563,0.48975714412554394,scr1995,avaStIn,bevFrtRoadLight
IE,h0564,0.5206617867481357,scr1995,avaStIn,bevFrtRoadLight
IE,h0565,0.49529424560017543,scr1995,avaStIn,bevFrtRoadLight
IE,h0566,0.4628450451116344,scr1995,avaStIn,bevFrtRoadLight
IE,h0567,0.4354358800677709,scr1995,avaStIn,bevFrtRoadLight
IE,h0568,0.46070491956491055,scr1995,avaStIn,bevFrtRoadLight
IE,h0569,0.4930229701445805,scr1995,avaStIn,bevFrtRoadLight
IE,h0570,0.5227219694183841,scr1995,avaStIn,bevFrtRoadLight
IE,h0571,0.4973028397836038,scr1995,avaStIn,bevFrtRoadLight
IE,h0572,0.44105087136717547,scr1995,avaStIn,bevFrtRoadLight
IE,h0573,0.3780715220810563,scr1995,avaStIn,bevFrtRoadLight
IE,h0574,0.3651732684624296,scr1995,avaStIn,bevFrtRoadLight
IE,h0575,0.37819407508686786,scr1995,avaStIn,bevFrtRoadLight
IE,h0576,0.39030528136459475,scr1995,avaStIn,bevFrtRoadLight
IE,h0577,0.39676844770380715,scr1995,avaStIn,bevFrtRoadLight
IE,h0578,0.394126679824481,scr1995,avaStIn,bevFrtRoadLight
IE,h0579,0.38987622113496045,scr1995,avaStIn,bevFrtRoadLight
IE,h0580,0.3949010730157553,scr1995,avaStIn,bevFrtRoadLight
IE,h0581,0.4070515770334633,scr1995,avaStIn,bevFrtRoadLight
IE,h0582,0.4208976614733183,scr1995,avaStIn,bevFrtRoadLight
IE,h0583,0.431200373449243,scr1995,avaStIn,bevFrtRoadLight
IE,h0584,0.4476631091420812,scr1995,avaStIn,bevFrtRoadLight
IE,h0585,0.459819945642168,scr1995,avaStIn,bevFrtRoadLight
IE,h0586,0.4680993229495969,scr1995,avaStIn,bevFrtRoadLight
IE,h0587,0.46486237923748064,scr1995,avaStIn,bevFrtRoadLight
IE,h0588,0.4365357697383475,scr1995,avaStIn,bevFrtRoadLight
IE,h0589,0.42024922761105055,scr1995,avaStIn,bevFrtRoadLight
IE,h0590,0.4096206610494807,scr1995,avaStIn,bevFrtRoadLight
IE,h0591,0.4354358800677709,scr1995,avaStIn,bevFrtRoadLight
IE,h0592,0.46070491956491055,scr1995,avaStIn,bevFrtRoadLight
IE,h0593,0.4930229701445805,scr1995,avaStIn,bevFrtRoadLight
IE,h0594,0.5227219694183841,scr1995,avaStIn,bevFrtRoadLight
IE,h0595,0.4973028397836038,scr1995,avaStIn,bevFrtRoadLight
IE,h0596,0.44105087136717547,scr1995,avaStIn,bevFrtRoadLight
IE,h0597,0.3780715220810563,scr1995,avaStIn,bevFrtRoadLight
IE,h0598,0.3651732684624296,scr1995,avaStIn,bevFrtRoadLight
IE,h0599,0.37819407508686786,scr1995,avaStIn,bevFrtRoadLight
IE,h0600,0.39030528136459475,scr1995,avaStIn,bevFrtRoadLight
IE,h0601,0.39676844770380715,scr1995,avaStIn,bevFrtRoadLight
IE,h0602,0.394126679824481,scr1995,avaStIn,bevFrtRoadLight
IE,h0603,0.38987622113496045,scr1995,avaStIn,bevFrtRoadLight
IE,h0604,0.3949010730157553,scr1995,avaStIn,bevFrtRoadLight
IE,h0605,0.4070515770334633,scr1995,avaStIn,bevFrtRoadLight
IE,h0606,0.4208976614733183,scr1995,avaStIn,bevFrtRoadLight
IE,h0607,0.431200373449243,scr1995,avaStIn,bevFrtRoadLight
IE,h0608,0.4476631091420812,scr1995,avaStIn,bevFrtRoadLight
IE,h0609,0.459819945642168,scr1995,avaStIn,bevFrtRoadLight
IE,h0610,0.4680993229495969,scr1995,avaStIn,bevFrtRoadLight
IE,h0611,0.46486237923748064,scr1995,avaStIn,bevFrtRoadLight
IE,h0612,0.4365357697383475,scr1995,avaStIn,bevFrtRoadLight
IE,h0613,0.42024922761105055,scr1995,avaStIn,bevFrtRoadLight
IE,h0614,0.4096206610494807,scr1995,avaStIn,bevFrtRoadLight
IE,h0615,0.4354358800677709,scr1995,avaStIn,bevFrtRoadLight
IE,h0616,0.46070491956491055,scr1995,avaStIn,bevFrtRoadLight
IE,h0617,0.4930229701445805,scr1995,avaStIn,bevFrtRoadLight
IE,h0618,0.5227219694183841,scr1995,avaStIn,bevFrtRoadLight
IE,h0619,0.5491092959310323,scr1995,avaStIn,bevFrtRoadLight
IE,h0620,0.5660273446388822,scr1995,avaStIn,bevFrtRoadLight
IE,h0621,0.5694377234652451,scr1995,avaStIn,bevFrtRoadLight
IE,h0622,0.5523077077296228,scr1995,avaStIn,bevFrtRoadLight
IE,h0623,0.5202159512310937,scr1995,avaStIn,bevFrtRoadLight
IE,h0624,0.47844313410101147,scr1995,avaStIn,bevFrtRoadLight
IE,h0625,0.4496409140263561,scr1995,avaStIn,bevFrtRoadLight
IE,h0626,0.43209058696765357,scr1995,avaStIn,bevFrtRoadLight
IE,h0627,0.41839596165892534,scr1995,avaStIn,bevFrtRoadLight
IE,h0628,0.39560193318277737,scr1995,avaStIn,bevFrtRoadLight
IE,h0629,0.3767263211064922,scr1995,avaStIn,bevFrtRoadLight
IE,h0630,0.3834870441325797,scr1995,avaStIn,bevFrtRoadLight
IE,h0631,0.41751535673084994,scr1995,avaStIn,bevFrtRoadLight
IE,h0632,0.46915180370731313,scr1995,avaStIn,bevFrtRoadLight
IE,h0633,0.508919129197644,scr1995,avaStIn,bevFrtRoadLight
IE,h0634,0.5246670544400583,scr1995,avaStIn,bevFrtRoadLight
IE,h0635,0.5146754500258794,scr1995,avaStIn,bevFrtRoadLight
IE,h0636,0.4951064908438997,scr1995,avaStIn,bevFrtRoadLight
IE,h0637,0.485940470592523,scr1995,avaStIn,bevFrtRoadLight
IE,h0638,0.4874922753166979,scr1995,avaStIn,bevFrtRoadLight
IE,h0639,0.49902806979994396,scr1995,avaStIn,bevFrtRoadLight
IE,h0640,0.5156345122766356,scr1995,avaStIn,bevFrtRoadLight
IE,h0641,0.5202103771791662,scr1995,avaStIn,bevFrtRoadLight
IE,h0642,0.509835145303465,scr1995,avaStIn,bevFrtRoadLight
IE,h0643,0.47835906407490014,scr1995,avaStIn,bevFrtRoadLight
IE,h0644,0.4418819895704986,scr1995,avaStIn,bevFrtRoadLight
IE,h0645,0.4127872338607794,scr1995,avaStIn,bevFrtRoadLight
IE,h0646,0.397048616042487,scr1995,avaStIn,bevFrtRoadLight
IE,h0647,0.39602459376056587,scr1995,avaStIn,bevFrtRoadLight
IE,h0648,0.40316203252430516,scr1995,avaStIn,bevFrtRoadLight
IE,h0649,0.416180688141642,scr1995,avaStIn,bevFrtRoadLight
IE,h0650,0.4247932393212722,scr1995,avaStIn,bevFrtRoadLight
IE,h0651,0.41839596165892534,scr1995,avaStIn,bevFrtRoadLight
IE,h0652,0.39560193318277737,scr1995,avaStIn,bevFrtRoadLight
IE,h0653,0.3767263211064922,scr1995,avaStIn,bevFrtRoadLight
IE,h0654,0.3834870441325797,scr1995,avaStIn,bevFrtRoadLight
IE,h0655,0.41751535673084994,scr1995,avaStIn,bevFrtRoadLight
IE,h0656,0.46915180370731313,scr1995,avaStIn,bevFrtRoadLight
IE,h0657,0.508919129197644,scr1995,avaStIn,bevFrtRoadLight
IE,h0658,0.5246670544400583,scr1995,avaStIn,bevFrtRoadLight
IE,h0659,0.5146754500258794,scr1995,avaStIn,bevFrtRoadLight
IE,h0660,0.4951064908438997,scr1995,avaStIn,bevFrtRoadLight
IE,h0661,0.4246653332821728,scr1995,avaStIn,bevFrtRoadLight
IE,h0662,0.37996946347264304,scr1995,avaStIn,bevFrtRoadLight
IE,h0663,0.36834480165138994,scr1995,avaStIn,bevFrtRoadLight
IE,h0664,0.43639289954265337,scr1995,avaStIn,bevFrtRoadLight
IE,h0665,0.48453569830379983,scr1995,avaStIn,bevFrtRoadLight
IE,h0666,0.4983772155540289,scr1995,avaStIn,bevFrtRoadLight
IE,h0667,0.479716893383465,scr1995,avaStIn,bevFrtRoadLight
IE,h0668,0.4442036654846514,scr1995,avaStIn,bevFrtRoadLight
IE,h0669,0.4127872338607794,scr1995,avaStIn,bevFrtRoadLight
IE,h0670,0.397048616042487,scr1995,avaStIn,bevFrtRoadLight
IE,h0671,0.39602459376056587,scr1995,avaStIn,bevFrtRoadLight
IE,h0672,0.40316203252430516,scr1995,avaStIn,bevFrtRoadLight
HR,h0505,0.4189616602698403,scr1995,avaStIn,bevFrtRoadLight
HR,h0506,0.44316263746287865,scr1995,avaStIn,bevFrtRoadLight
HR,h0507,0.4666151112420711,scr1995,avaStIn,bevFrtRoadLight
HR,h0508,0.45832645881139567,scr1995,avaStIn,bevFrtRoadLight
HR,h0509,0.4575215740258525,scr1995,avaStIn,bevFrtRoadLight
HR,h0510,0.4714802227826498,scr1995,avaStIn,bevFrtRoadLight
HR,h0511,0.45278396719135405,scr1995,avaStIn,bevFrtRoadLight
HR,h0512,0.4321968269076082,scr1995,avaStIn,bevFrtRoadLight
HR,h0513,0.41692976682231464,scr1995,avaStIn,bevFrtRoadLight
HR,h0514,0.4492241211131014,scr1995,avaStIn,bevFrtRoadLight
HR,h0515,0.48975714412554394,scr1995,avaStIn,bevFrtRoadLight
HR,h0516,0.5206617867481357,scr1995,avaStIn,bevFrtRoadLight
HR,h0517,0.5030312066648692,scr1995,avaStIn,bevFrtRoadLight
HR,h0518,0.46430567818254775,scr1995,avaStIn,bevFrtRoadLight
HR,h0519,0.3930115245300315,scr1995,avaStIn,bevFrtRoadLight
HR,h0520,0.3383128612832066,scr1995,avaStIn,bevFrtRoadLight
HR,h0521,0.2949078707645617,scr1995,avaStIn,bevFrtRoadLight
HR,h0522,0.30032532288300284,scr1995,avaStIn,bevFrtRoadLight
HR,h0523,0.37031889442133714,scr1995,avaStIn,bevFrtRoadLight
HR,h0524,0.439566819115495,scr1995,avaStIn,bevFrtRoadLight
HR,h0525,0.4842205316258411,scr1995,avaStIn,bevFrtRoadLight
HR,h0526,0.48177042584781093,scr1995,avaStIn,bevFrtRoadLight
HR,h0527,0.4649933341110367,scr1995,avaStIn,bevFrtRoadLight
HR,h0528,0.4421476660354572,scr1995,avaStIn,bevFrtRoadLight
HR,h0529,0.40457118840562833,scr1995,avaStIn,bevFrtRoadLight
HR,h0530,0.3965887476744546,scr1995,avaStIn,bevFrtRoadLight
HR,h0531,0.4189648810301997,scr1995,avaStIn,bevFrtRoadLight
HR,h0532,0.47669159584913956,scr1995,avaStIn,bevFrtRoadLight
HR,h0533,0.5156198975065492,scr1995,avaStIn,bevFrtRoadLight
HR,h0534,0.5320199439771598,scr1995,avaStIn,bevFrtRoadLight
HR,h0535,0.489664575276482,scr1995,avaStIn,bevFrtRoadLight
HR,h0536,0.445275594397034,scr1995,avaStIn,bevFrtRoadLight
HR,h0537,0.41692976682231464,scr1995,avaStIn,bevFrtRoadLight
HR,h0538,0.4492241211131014,scr1995,avaStIn,bevFrtRoadLight
HR,h0539,0.48975714412554394,scr1995,avaStIn,bevFrtRoadLight
HR,h0540,0.5206617867481357,scr1995,avaStIn,bevFrtRoadLight
HR,h0541,0.5280978832077089,scr1995,avaStIn,bevFrtRoadLight
HR,h0542,0.5124807931759494,scr1995,avaStIn,bevFrtRoadLight
HR,h0543,0.4761436847441386,scr1995,avaStIn,bevFrtRoadLight
HR,h0544,0.43500854961948865,scr1995,avaStIn,bevFrtRoadLight
HR,h0545,0.409416438142285,scr1995,avaStIn,bevFrtRoadLight
HR,h0546,0.41070005893656325,scr1995,avaStIn,bevFrtRoadLight
HR,h0547,0.43881390042054824,scr1995,avaStIn,bevFrtRoadLight
HR,h0548,0.46852756847703914,scr1995,avaStIn,bevFrtRoadLight
HR,h0549,0.4842205316258411,scr1995,avaStIn,bevFrtRoadLight
HR,h0550,0.48177042584781093,scr1995,avaStIn,bevFrtRoadLight
HR,h0551,0.4649933341110367,scr1995,avaStIn,bevFrtRoadLight
HR,h0552,0.4421476660354572,scr1995,avaStIn,bevFrtRoadLight
HR,h0553,0.4241707546574749,scr1995,avaStIn,bevFrtRoadLight
HR,h0554,0.42041737236492704,scr1995,avaStIn,bevFrtRoadLight
HR,h0555,0.4350085499835714,scr1995,avaStIn,bevFrtRoadLight
HR,h0556,0.451746329447546,scr1995,avaStIn,bevFrtRoadLight
HR,h0557,0.4604138747613745,scr1995,avaStIn,bevFrtRoadLight
HR,h0558,0.45012798266384146,scr1995,avaStIn,bevFrtRoadLight
HR,h0559,0.4275548125092713,scr1995,avaStIn,bevFrtRoadLight
HR,h0560,0.40971929895410075,scr1995,avaStIn,bevFrtRoadLight
HR,h0561,0.41692976682231464,scr1995,avaStIn,bevFrtRoadLight
HR,h0562,0.4492241211131014,scr1995,avaStIn,bevFrtRoadLight
HR,h0563,0.48975714412554394,scr1995,avaStIn,bevFrtRoadLight
HR,h0564,0.5206617867481357,scr1995,avaStIn,bevFrtRoadLight
HR,h0565,0.49529424560017543,scr1995,avaStIn,bevFrtRoadLight
HR,h0566,0.4628450451116344,scr1995,avaStIn,bevFrtRoadLight
HR,h0567,0.4354358800677709,scr1995,avaStIn,bevFrtRoadLight
HR,h0568,0.46070491956491055,scr1995,avaStIn,bevFrtRoadLight
HR,h0569,0.4930229701445805,scr1995,avaStIn,bevFrtRoadLight
HR,h0570,0.5227219694183841,scr1995,avaStIn,bevFrtRoadLight
HR,h0571,0.4973028397836038,scr1995,avaStIn,bevFrtRoadLight
HR,h0572,0.44105087136717547,scr1995,avaStIn,bevFrtRoadLight
HR,h0573,0.3780715220810563,scr1995,avaStIn,bevFrtRoadLight
HR,h0574,0.3651732684624296,scr1995,avaStIn,bevFrtRoadLight
HR,h0575,0.37819407508686786,scr1995,avaStIn,bevFrtRoadLight
HR,h0576,0.39030528136459475,scr1995,avaStIn,bevFrtRoadLight
HR,h0577,0.39676844770380715,scr1995,avaStIn,bevFrtRoadLight
HR,h0578,0.394126679824481,scr1995,avaStIn,bevFrtRoadLight
HR,h0579,0.38987622113496045,scr1995,avaStIn,bevFrtRoadLight
HR,h0580,0.3949010730157553,scr1995,avaStIn,bevFrtRoadLight
HR,h0581,0.4070515770334633,scr1995,avaStIn,bevFrtRoadLight
HR,h0582,0.4208976614733183,scr1995,avaStIn,bevFrtRoadLight
HR,h0583,0.431200373449243,scr1995,avaStIn,bevFrtRoadLight
HR,h0584,0.4476631091420812,scr1995,avaStIn,bevFrtRoadLight
HR,h0585,0.459819945642168,scr1995,avaStIn,bevFrtRoadLight
HR,h0586,0.4680993229495969,scr1995,avaStIn,bevFrtRoadLight
HR,h0587,0.46486237923748064,scr1995,avaStIn,bevFrtRoadLight
HR,h0588,0.4365357697383475,scr1995,avaStIn,bevFrtRoadLight
HR,h0589,0.42024922761105055,scr1995,avaStIn,bevFrtRoadLight
HR,h0590,0.4096206610494807,scr1995,avaStIn,bevFrtRoadLight
HR,h0591,0.4354358800677709,scr1995,avaStIn,bevFrtRoadLight
HR,h0592,0.46070491956491055,scr1995,avaStIn,bevFrtRoadLight
HR,h0593,0.4930229701445805,scr1995,avaStIn,bevFrtRoadLight
HR,h0594,0.5227219694183841,scr1995,avaStIn,bevFrtRoadLight
HR,h0595,0.4973028397836038,scr1995,avaStIn,bevFrtRoadLight
HR,h0596,0.44105087136717547,scr1995,avaStIn,bevFrtRoadLight
HR,h0597,0.3780715220810563,scr1995,avaStIn,bevFrtRoadLight
HR,h0598,0.3651732684624296,scr1995,avaStIn,bevFrtRoadLight
HR,h0599,0.37819407508686786,scr1995,avaStIn,bevFrtRoadLight
HR,h0600,0.39030528136459475,scr1995,avaStIn,bevFrtRoadLight
HR,h0601,0.39676844770380715,scr1995,avaStIn,bevFrtRoadLight
HR,h0602,0.394126679824481,scr1995,avaStIn,bevFrtRoadLight
HR,h0603,0.38987622113496045,scr1995,avaStIn,bevFrtRoadLight
HR,h0604,0.3949010730157553,scr1995,avaStIn,bevFrtRoadLight
HR,h0605,0.4070515770334633,scr1995,avaStIn,bevFrtRoadLight
HR,h0606,0.4208976614733183,scr1995,avaStIn,bevFrtRoadLight
HR,h0607,0.431200373449243,scr1995,avaStIn,bevFrtRoadLight
HR,h0608,0.4476631091420812,scr1995,avaStIn,bevFrtRoadLight
HR,h0609,0.459819945642168,scr1995,avaStIn,bevFrtRoadLight
HR,h0610,0.4680993229495969,scr1995,avaStIn,bevFrtRoadLight
HR,h0611,0.46486237923748064,scr1995,avaStIn,bevFrtRoadLight
HR,h0612,0.4365357697383475,scr1995,avaStIn,bevFrtRoadLight
HR,h0613,0.42024922761105055,scr1995,avaStIn,bevFrtRoadLight
HR,h0614,0.4096206610494807,scr1995,avaStIn,bevFrtRoadLight
HR,h0615,0.4354358800677709,scr1995,avaStIn,bevFrtRoadLight
HR,h0616,0.46070491956491055,scr1995,avaStIn,bevFrtRoadLight
HR,h0617,0.4930229701445805,scr1995,avaStIn,bevFrtRoadLight
HR,h0618,0.5227219694183841,scr1995,avaStIn,bevFrtRoadLight
HR,h0619,0.5491092959310323,scr1995,avaStIn,bevFrtRoadLight
HR,h0620,0.5660273446388822,scr1995,avaStIn,bevFrtRoadLight
HR,h0621,0.5694377234652451,scr1995,avaStIn,bevFrtRoadLight
HR,h0622,0.5523077077296228,scr1995,avaStIn,bevFrtRoadLight
HR,h0623,0.5202159512310937,scr1995,avaStIn,bevFrtRoadLight
HR,h0624,0.47844313410101147,scr1995,avaStIn,bevFrtRoadLight
HR,h0625,0.4496409140263561,scr1995,avaStIn,bevFrtRoadLight
HR,h0626,0.43209058696765357,scr1995,avaStIn,bevFrtRoadLight
HR,h0627,0.41839596165892534,scr1995,avaStIn,bevFrtRoadLight
HR,h0628,0.39560193318277737,scr1995,avaStIn,bevFrtRoadLight
HR,h0629,0.3767263211064922,scr1995,avaStIn,bevFrtRoadLight
HR,h0630,0.3834870441325797,scr1995,avaStIn,bevFrtRoadLight
HR,h0631,0.41751535673084994,scr1995,avaStIn,bevFrtRoadLight
HR,h0632,0.46915180370731313,scr1995,avaStIn,bevFrtRoadLight
HR,h0633,0.508919129197644,scr1995,avaStIn,bevFrtRoadLight
HR,h0634,0.5246670544400583,scr1995,avaStIn,bevFrtRoadLight
HR,h0635,0.5146754500258794,scr1995,avaStIn,bevFrtRoadLight
HR,h0636,0.4951064908438997,scr1995,avaStIn,bevFrtRoadLight
HR,h0637,0.485940470592523,scr1995,avaStIn,bevFrtRoadLight
HR,h0638,0.4874922753166979,scr1995,avaStIn,bevFrtRoadLight
HR,h0639,0.49902806979994396,scr1995,avaStIn,bevFrtRoadLight
HR,h0640,0.5156345122766356,scr1995,avaStIn,bevFrtRoadLight
HR,h0641,0.5202103771791662,scr1995,avaStIn,bevFrtRoadLight
HR,h0642,0.509835145303465,scr1995,avaStIn,bevFrtRoadLight
HR,h0643,0.47835906407490014,scr1995,avaStIn,bevFrtRoadLight
HR,h0644,0.4418819895704986,scr1995,avaStIn,bevFrtRoadLight
HR,h0645,0.4127872338607794,scr1995,avaStIn,bevFrtRoadLight
HR,h0646,0.397048616042487,scr1995,avaStIn,bevFrtRoadLight
HR,h0647,0.39602459376056587,scr1995,avaStIn,bevFrtRoadLight
HR,h0648,0.40316203252430516,scr1995,avaStIn,bevFrtRoadLight
HR,h0649,0.416180688141642,scr1995,avaStIn,bevFrtRoadLight
HR,h0650,0.4247932393212722,scr1995,avaStIn,bevFrtRoadLight
HR,h0651,0.41839596165892534,scr1995,avaStIn,bevFrtRoadLight
HR,h0652,0.39560193318277737,scr1995,avaStIn,bevFrtRoadLight
HR,h0653,0.3767263211064922,scr1995,avaStIn,bevFrtRoadLight
HR,h0654,0.3834870441325797,scr1995,avaStIn,bevFrtRoadLight
HR,h0655,0.41751535673084994,scr1995,avaStIn,bevFrtRoadLight
HR,h0656,0.46915180370731313,scr1995,avaStIn,bevFrtRoadLight
HR,h0657,0.508919129197644,scr1995,avaStIn,bevFrtRoadLight
HR,h0658,0.5246670544400583,scr1995,avaStIn,bevFrtRoadLight
HR,h0659,0.5146754500258794,scr1995,avaStIn,bevFrtRoadLight
HR,h0660,0.4951064908438997,scr1995,avaStIn,bevFrtRoadLight
HR,h0661,0.4246653332821728,scr1995,avaStIn,bevFrtRoadLight
HR,h0662,0.37996946347264304,scr1995,avaStIn,bevFrtRoadLight
HR,h0663,0.36834480165138994,scr1995,avaStIn,bevFrtRoadLight
HR,h0664,0.43639289954265337,scr1995,avaStIn,bevFrtRoadLight
HR,h0665,0.48453569830379983,scr1995,avaStIn,bevFrtRoadLight
HR,h0666,0.4983772155540289,scr1995,avaStIn,bevFrtRoadLight
HR,h0667,0.479716893383465,scr1995,avaStIn,bevFrtRoadLight
HR,h0668,0.4442036654846514,scr1995,avaStIn,bevFrtRoadLight
HR,h0669,0.4127872338607794,scr1995,avaStIn,bevFrtRoadLight
HR,h0670,0.397048616042487,scr1995,avaStIn,bevFrtRoadLight
HR,h0671,0.39602459376056587,scr1995,avaStIn,bevFrtRoadLight
HR,h0672,0.40316203252430516,scr1995,avaStIn,bevFrtRoadLight
HU,h0505,0.4189616602698403,scr1995,avaStIn,bevFrtRoadLight
HU,h0506,0.44316263746287865,scr1995,avaStIn,bevFrtRoadLight
HU,h0507,0.4666151112420711,scr1995,avaStIn,bevFrtRoadLight
HU,h0508,0.45832645881139567,scr1995,avaStIn,bevFrtRoadLight
HU,h0509,0.4575215740258525,scr1995,avaStIn,bevFrtRoadLight
HU,h0510,0.4714802227826498,scr1995,avaStIn,bevFrtRoadLight
HU,h0511,0.45278396719135405,scr1995,avaStIn,bevFrtRoadLight
HU,h0512,0.4321968269076082,scr1995,avaStIn,bevFrtRoadLight
HU,h0513,0.41692976682231464,scr1995,avaStIn,bevFrtRoadLight
HU,h0514,0.4492241211131014,scr1995,avaStIn,bevFrtRoadLight
HU,h0515,0.48975714412554394,scr1995,avaStIn,bevFrtRoadLight
HU,h0516,0.5206617867481357,scr1995,avaStIn,bevFrtRoadLight
HU,h0517,0.5030312066648692,scr1995,avaStIn,bevFrtRoadLight
HU,h0518,0.46430567818254775,scr1995,avaStIn,bevFrtRoadLight
HU,h0519,0.3930115245300315,scr1995,avaStIn,bevFrtRoadLight
HU,h0520,0.3383128612832066,scr1995,avaStIn,bevFrtRoadLight
HU,h0521,0.2949078707645617,scr1995,avaStIn,bevFrtRoadLight
HU,h0522,0.30032532288300284,scr1995,avaStIn,bevFrtRoadLight
HU,h0523,0.37031889442133714,scr1995,avaStIn,bevFrtRoadLight
HU,h0524,0.439566819115495,scr1995,avaStIn,bevFrtRoadLight
HU,h0525,0.4842205316258411,scr1995,avaStIn,bevFrtRoadLight
HU,h0526,0.48177042584781093,scr1995,avaStIn,bevFrtRoadLight
HU,h0527,0.4649933341110367,scr1995,avaStIn,bevFrtRoadLight
HU,h0528,0.4421476660354572,scr1995,avaStIn,bevFrtRoadLight
HU,h0529,0.40457118840562833,scr1995,avaStIn,bevFrtRoadLight
HU,h0530,0.3965887476744546,scr1995,avaStIn,bevFrtRoadLight
HU,h0531,0.4189648810301997,scr1995,avaStIn,bevFrtRoadLight
HU,h0532,0.47669159584913956,scr1995,avaStIn,bevFrtRoadLight
HU,h0533,0.5156198975065492,scr1995,avaStIn,bevFrtRoadLight
HU,h0534,0.5320199439771598,scr1995,avaStIn,bevFrtRoadLight
HU,h0535,0.489664575276482,scr1995,avaStIn,bevFrtRoadLight
HU,h0536,0.445275594397034,scr1995,avaStIn,bevFrtRoadLight
HU,h0537,0.41692976682231464,scr1995,avaStIn,bevFrtRoadLight
HU,h0538,0.4492241211131014,scr1995,avaStIn,bevFrtRoadLight
HU,h0539,0.48975714412554394,scr1995,avaStIn,bevFrtRoadLight
HU,h0540,0.5206617867481357,scr1995,avaStIn,bevFrtRoadLight
HU,h0541,0.5280978832077089,scr1995,avaStIn,bevFrtRoadLight
HU,h0542,0.5124807931759494,scr1995,avaStIn,bevFrtRoadLight
HU,h0543,0.4761436847441386,scr1995,avaStIn,bevFrtRoadLight
HU,h0544,0.43500854961948865,scr1995,avaStIn,bevFrtRoadLight
HU,h0545,0.409416438142285,scr1995,avaStIn,bevFrtRoadLight
HU,h0546,0.41070005893656325,scr1995,avaStIn,bevFrtRoadLight
HU,h0547,0.43881390042054824,scr1995,avaStIn,bevFrtRoadLight
HU,h0548,0.46852756847703914,scr1995,avaStIn,bevFrtRoadLight
HU,h0549,0.4842205316258411,scr1995,avaStIn,bevFrtRoadLight
HU,h0550,0.48177042584781093,scr1995,avaStIn,bevFrtRoadLight
HU,h0551,0.4649933341110367,scr1995,avaStIn,bevFrtRoadLight
HU,h0552,0.4421476660354572,scr1995,avaStIn,bevFrtRoadLight
HU,h0553,0.4241707546574749,scr1995,avaStIn,bevFrtRoadLight
HU,h0554,0.42041737236492704,scr1995,avaStIn,bevFrtRoadLight
HU,h0555,0.4350085499835714,scr1995,avaStIn,bevFrtRoadLight
HU,h0556,0.451746329447546,scr1995,avaStIn,bevFrtRoadLight
HU,h0557,0.4604138747613745,scr1995,avaStIn,bevFrtRoadLight
HU,h0558,0.45012798266384146,scr1995,avaStIn,bevFrtRoadLight
HU,h0559,0.4275548125092713,scr1995,avaStIn,bevFrtRoadLight
HU,h0560,0.40971929895410075,scr1995,avaStIn,bevFrtRoadLight
HU,h0561,0.41692976682231464,scr1995,avaStIn,bevFrtRoadLight
HU,h0562,0.4492241211131014,scr1995,avaStIn,bevFrtRoadLight
HU,h0563,0.48975714412554394,scr1995,avaStIn,bevFrtRoadLight
HU,h0564,0.5206617867481357,scr1995,avaStIn,bevFrtRoadLight
HU,h0565,0.49529424560017543,scr1995,avaStIn,bevFrtRoadLight
HU,h0566,0.4628450451116344,scr1995,avaStIn,bevFrtRoadLight
HU,h0567,0.4354358800677709,scr1995,avaStIn,bevFrtRoadLight
HU,h0568,0.46070491956491055,scr1995,avaStIn,bevFrtRoadLight
HU,h0569,0.4930229701445805,scr1995,avaStIn,bevFrtRoadLight
HU,h0570,0.5227219694183841,scr1995,avaStIn,bevFrtRoadLight
HU,h0571,0.4973028397836038,scr1995,avaStIn,bevFrtRoadLight
HU,h0572,0.44105087136717547,scr1995,avaStIn,bevFrtRoadLight
HU,h0573,0.3780715220810563,scr1995,avaStIn,bevFrtRoadLight
HU,h0574,0.3651732684624296,scr1995,avaStIn,bevFrtRoadLight
HU,h0575,0.37819407508686786,scr1995,avaStIn,bevFrtRoadLight
HU,h0576,0.39030528136459475,scr1995,avaStIn,bevFrtRoadLight
HU,h0577,0.39676844770380715,scr1995,avaStIn,bevFrtRoadLight
HU,h0578,0.394126679824481,scr1995,avaStIn,bevFrtRoadLight
HU,h0579,0.38987622113496045,scr1995,avaStIn,bevFrtRoadLight
HU,h0580,0.3949010730157553,scr1995,avaStIn,bevFrtRoadLight
HU,h0581,0.4070515770334633,scr1995,avaStIn,bevFrtRoadLight
HU,h0582,0.4208976614733183,scr1995,avaStIn,bevFrtRoadLight
HU,h0583,0.431200373449243,scr1995,avaStIn,bevFrtRoadLight
HU,h0584,0.4476631091420812,scr1995,avaStIn,bevFrtRoadLight
HU,h0585,0.459819945642168,scr1995,avaStIn,bevFrtRoadLight
HU,h0586,0.4680993229495969,scr1995,avaStIn,bevFrtRoadLight
HU,h0587,0.46486237923748064,scr1995,avaStIn,bevFrtRoadLight
HU,h0588,0.4365357697383475,scr1995,avaStIn,bevFrtRoadLight
HU,h0589,0.42024922761105055,scr1995,avaStIn,bevFrtRoadLight
HU,h0590,0.4096206610494807,scr1995,avaStIn,bevFrtRoadLight
HU,h0591,0.4354358800677709,scr1995,avaStIn,bevFrtRoadLight
HU,h0592,0.46070491956491055,scr1995,avaStIn,bevFrtRoadLight
HU,h0593,0.4930229701445805,scr1995,avaStIn,bevFrtRoadLight
HU,h0594,0.5227219694183841,scr1995,avaStIn,bevFrtRoadLight
HU,h0595,0.4973028397836038,scr1995,avaStIn,bevFrtRoadLight
HU,h0596,0.44105087136717547,scr1995,avaStIn,bevFrtRoadLight
HU,h0597,0.3780715220810563,scr1995,avaStIn,bevFrtRoadLight
HU,h0598,0.3651732684624296,scr1995,avaStIn,bevFrtRoadLight
HU,h0599,0.37819407508686786,scr1995,avaStIn,bevFrtRoadLight
HU,h0600,0.39030528136459475,scr1995,avaStIn,bevFrtRoadLight
HU,h0601,0.39676844770380715,scr1995,avaStIn,bevFrtRoadLight
HU,h0602,0.394126679824481,scr1995,avaStIn,bevFrtRoadLight
HU,h0603,0.38987622113496045,scr1995,avaStIn,bevFrtRoadLight
HU,h0604,0.3949010730157553,scr1995,avaStIn,bevFrtRoadLight
HU,h0605,0.4070515770334633,scr1995,avaStIn,bevFrtRoadLight
HU,h0606,0.4208976614733183,scr1995,avaStIn,bevFrtRoadLight
HU,h0607,0.431200373449243,scr1995,avaStIn,bevFrtRoadLight
HU,h0608,0.4476631091420812,scr1995,avaStIn,bevFrtRoadLight
HU,h0609,0.459819945642168,scr1995,avaStIn,bevFrtRoadLight
HU,h0610,0.4680993229495969,scr1995,avaStIn,bevFrtRoadLight
HU,h0611,0.46486237923748064,scr1995,avaStIn,bevFrtRoadLight
HU,h0612,0.4365357697383475,scr1995,avaStIn,bevFrtRoadLight
HU,h0613,0.42024922761105055,scr1995,avaStIn,bevFrtRoadLight
HU,h0614,0.4096206610494807,scr1995,avaStIn,bevFrtRoadLight
HU,h0615,0.4354358800677709,scr1995,avaStIn,bevFrtRoadLight
HU,h0616,0.46070491956491055,scr1995,avaStIn,bevFrtRoadLight
HU,h0617,0.4930229701445805,scr1995,avaStIn,bevFrtRoadLight
HU,h0618,0.5227219694183841,scr1995,avaStIn,bevFrtRoadLight
HU,h0619,0.5491092959310323,scr1995,avaStIn,bevFrtRoadLight
HU,h0620,0.5660273446388822,scr1995,avaStIn,bevFrtRoadLight
HU,h0621,0.5694377234652451,scr1995,avaStIn,bevFrtRoadLight
HU,h0622,0.5523077077296228,scr1995,avaStIn,bevFrtRoadLight
HU,h0623,0.5202159512310937,scr1995,avaStIn,bevFrtRoadLight
HU,h0624,0.47844313410101147,scr1995,avaStIn,bevFrtRoadLight
HU,h0625,0.4496409140263561,scr1995,avaStIn,bevFrtRoadLight
HU,h0626,0.43209058696765357,scr1995,avaStIn,bevFrtRoadLight
HU,h0627,0.41839596165892534,scr1995,avaStIn,bevFrtRoadLight
HU,h0628,0.39560193318277737,scr1995,avaStIn,bevFrtRoadLight
HU,h0629,0.3767263211064922,scr1995,avaStIn,bevFrtRoadLight
HU,h0630,0.3834870441325797,scr1995,avaStIn,bevFrtRoadLight
HU,h0631,0.41751535673084994,scr1995,avaStIn,bevFrtRoadLight
HU,h0632,0.46915180370731313,scr1995,avaStIn,bevFrtRoadLight
HU,h0633,0.508919129197644,scr1995,avaStIn,bevFrtRoadLight
HU,h0634,0.5246670544400583,scr1995,avaStIn,bevFrtRoadLight
HU,h0635,0.5146754500258794,scr1995,avaStIn,bevFrtRoadLight
HU,h0636,0.4951064908438997,scr1995,avaStIn,bevFrtRoadLight
HU,h0637,0.485940470592523,scr1995,avaStIn,bevFrtRoadLight
HU,h0638,0.4874922753166979,scr1995,avaStIn,bevFrtRoadLight
HU,h0639,0.49902806979994396,scr1995,avaStIn,bevFrtRoadLight
HU,h0640,0.5156345122766356,scr1995,avaStIn,bevFrtRoadLight
HU,h0641,0.5202103771791662,scr1995,avaStIn,bevFrtRoadLight
HU,h0642,0.509835145303465,scr1995,avaStIn,bevFrtRoadLight
HU,h0643,0.47835906407490014,scr1995,avaStIn,bevFrtRoadLight
HU,h0644,0.4418819895704986,scr1995,avaStIn,bevFrtRoadLight
HU,h0645,0.4127872338607794,scr1995,avaStIn,bevFrtRoadLight
HU,h0646,0.397048616042487,scr1995,avaStIn,bevFrtRoadLight
HU,h0647,0.39602459376056587,scr1995,avaStIn,bevFrtRoadLight
HU,h0648,0.40316203252430516,scr1995,avaStIn,bevFrtRoadLight
HU,h0649,0.416180688141642,scr1995,avaStIn,bevFrtRoadLight
HU,h0650,0.4247932393212722,scr1995,avaStIn,bevFrtRoadLight
HU,h0651,0.41839596165892534,scr1995,avaStIn,bevFrtRoadLight
HU,h0652,0.39560193318277737,scr1995,avaStIn,bevFrtRoadLight
HU,h0653,0.3767263211064922,scr1995,avaStIn,bevFrtRoadLight
HU,h0654,0.3834870441325797,scr1995,avaStIn,bevFrtRoadLight
HU,h0655,0.41751535673084994,scr1995,avaStIn,bevFrtRoadLight
HU,h0656,0.46915180370731313,scr1995,avaStIn,bevFrtRoadLight
HU,h0657,0.508919129197644,scr1995,avaStIn,bevFrtRoadLight
HU,h0658,0.5246670544400583,scr1995,avaStIn,bevFrtRoadLight
HU,h0659,0.5146754500258794,scr1995,avaStIn,bevFrtRoadLight
HU,h0660,0.4951064908438997,scr1995,avaStIn,bevFrtRoadLight
HU,h0661,0.4246653332821728,scr1995,avaStIn,bevFrtRoadLight
HU,h0662,0.37996946347264304,scr1995,avaStIn,bevFrtRoadLight
HU,h0663,0.36834480165138994,scr1995,avaStIn,bevFrtRoadLight
HU,h0664,0.43639289954265337,scr1995,avaStIn,bevFrtRoadLight
HU,h0665,0.48453569830379983,scr1995,avaStIn,bevFrtRoadLight
HU,h0666,0.4983772155540289,scr1995,avaStIn,bevFrtRoadLight
HU,h0667,0.479716893383465,scr1995,avaStIn,bevFrtRoadLight
HU,h0668,0.4442036654846514,scr1995,avaStIn,bevFrtRoadLight
HU,h0669,0.4127872338607794,scr1995,avaStIn,bevFrtRoadLight
HU,h0670,0.397048616042487,scr1995,avaStIn,bevFrtRoadLight
HU,h0671,0.39602459376056587,scr1995,avaStIn,bevFrtRoadLight
HU,h0672,0.40316203252430516,scr1995,avaStIn,bevFrtRoadLight
MK,h0505,0.4189616602698403,scr1995,avaStIn,bevFrtRoadLight
MK,h0506,0.44316263746287865,scr1995,avaStIn,bevFrtRoadLight
MK,h0507,0.4666151112420711,scr1995,avaStIn,bevFrtRoadLight
MK,h0508,0.45832645881139567,scr1995,avaStIn,bevFrtRoadLight
MK,h0509,0.4575215740258525,scr1995,avaStIn,bevFrtRoadLight
MK,h0510,0.4714802227826498,scr1995,avaStIn,bevFrtRoadLight
MK,h0511,0.45278396719135405,scr1995,avaStIn,bevFrtRoadLight
MK,h0512,0.4321968269076082,scr1995,avaStIn,bevFrtRoadLight
MK,h0513,0.41692976682231464,scr1995,avaStIn,bevFrtRoadLight
MK,h0514,0.4492241211131014,scr1995,avaStIn,bevFrtRoadLight
MK,h0515,0.48975714412554394,scr1995,avaStIn,bevFrtRoadLight
MK,h0516,0.5206617867481357,scr1995,avaStIn,bevFrtRoadLight
MK,h0517,0.5030312066648692,scr1995,avaStIn,bevFrtRoadLight
MK,h0518,0.46430567818254775,scr1995,avaStIn,bevFrtRoadLight
MK,h0519,0.3930115245300315,scr1995,avaStIn,bevFrtRoadLight
MK,h0520,0.3383128612832066,scr1995,avaStIn,bevFrtRoadLight
MK,h0521,0.2949078707645617,scr1995,avaStIn,bevFrtRoadLight
MK,h0522,0.30032532288300284,scr1995,avaStIn,bevFrtRoadLight
MK,h0523,0.37031889442133714,scr1995,avaStIn,bevFrtRoadLight
MK,h0524,0.439566819115495,scr1995,avaStIn,bevFrtRoadLight
MK,h0525,0.4842205316258411,scr1995,avaStIn,bevFrtRoadLight
MK,h0526,0.48177042584781093,scr1995,avaStIn,bevFrtRoadLight
MK,h0527,0.4649933341110367,scr1995,avaStIn,bevFrtRoadLight
MK,h0528,0.4421476660354572,scr1995,avaStIn,bevFrtRoadLight
MK,h0529,0.40457118840562833,scr1995,avaStIn,bevFrtRoadLight
MK,h0530,0.3965887476744546,scr1995,avaStIn,bevFrtRoadLight
MK,h0531,0.4189648810301997,scr1995,avaStIn,bevFrtRoadLight
MK,h0532,0.47669159584913956,scr1995,avaStIn,bevFrtRoadLight
MK,h0533,0.5156198975065492,scr1995,avaStIn,bevFrtRoadLight
MK,h0534,0.5320199439771598,scr1995,avaStIn,bevFrtRoadLight
MK,h0535,0.489664575276482,scr1995,avaStIn,bevFrtRoadLight
MK,h0536,0.445275594397034,scr1995,avaStIn,bevFrtRoadLight
MK,h0537,0.41692976682231464,scr1995,avaStIn,bevFrtRoadLight
MK,h0538,0.4492241211131014,scr1995,avaStIn,bevFrtRoadLight
MK,h0539,0.48975714412554394,scr1995,avaStIn,bevFrtRoadLight
MK,h0540,0.5206617867481357,scr1995,avaStIn,bevFrtRoadLight
MK,h0541,0.5280978832077089,scr1995,avaStIn,bevFrtRoadLight
MK,h0542,0.5124807931759494,scr1995,avaStIn,bevFrtRoadLight
MK,h0543,0.4761436847441386,scr1995,avaStIn,bevFrtRoadLight
MK,h0544,0.43500854961948865,scr1995,avaStIn,bevFrtRoadLight
MK,h0545,0.409416438142285,scr1995,avaStIn,bevFrtRoadLight
MK,h0546,0.41070005893656325,scr1995,avaStIn,bevFrtRoadLight
MK,h0547,0.43881390042054824,scr1995,avaStIn,bevFrtRoadLight
MK,h0548,0.46852756847703914,scr1995,avaStIn,bevFrtRoadLight
MK,h0549,0.4842205316258411,scr1995,avaStIn,bevFrtRoadLight
MK,h0550,0.48177042584781093,scr1995,avaStIn,bevFrtRoadLight
MK,h0551,0.4649933341110367,scr1995,avaStIn,bevFrtRoadLight
MK,h0552,0.4421476660354572,scr1995,avaStIn,bevFrtRoadLight
MK,h0553,0.4241707546574749,scr1995,avaStIn,bevFrtRoadLight
MK,h0554,0.42041737236492704,scr1995,avaStIn,bevFrtRoadLight
MK,h0555,0.4350085499835714,scr1995,avaStIn,bevFrtRoadLight
MK,h0556,0.451746329447546,scr1995,avaStIn,bevFrtRoadLight
MK,h0557,0.4604138747613745,scr1995,avaStIn,bevFrtRoadLight
MK,h0558,0.45012798266384146,scr1995,avaStIn,bevFrtRoadLight
MK,h0559,0.4275548125092713,scr1995,avaStIn,bevFrtRoadLight
MK,h0560,0.40971929895410075,scr1995,avaStIn,bevFrtRoadLight
MK,h0561,0.41692976682231464,scr1995,avaStIn,bevFrtRoadLight
MK,h0562,0.4492241211131014,scr1995,avaStIn,bevFrtRoadLight
MK,h0563,0.48975714412554394,scr1995,avaStIn,bevFrtRoadLight
MK,h0564,0.5206617867481357,scr1995,avaStIn,bevFrtRoadLight
MK,h0565,0.49529424560017543,scr1995,avaStIn,bevFrtRoadLight
MK,h0566,0.4628450451116344,scr1995,avaStIn,bevFrtRoadLight
MK,h0567,0.4354358800677709,scr1995,avaStIn,bevFrtRoadLight
MK,h0568,0.46070491956491055,scr1995,avaStIn,bevFrtRoadLight
MK,h0569,0.4930229701445805,scr1995,avaStIn,bevFrtRoadLight
MK,h0570,0.5227219694183841,scr1995,avaStIn,bevFrtRoadLight
MK,h0571,0.4973028397836038,scr1995,avaStIn,bevFrtRoadLight
MK,h0572,0.44105087136717547,scr1995,avaStIn,bevFrtRoadLight
MK,h0573,0.3780715220810563,scr1995,avaStIn,bevFrtRoadLight
MK,h0574,0.3651732684624296,scr1995,avaStIn,bevFrtRoadLight
MK,h0575,0.37819407508686786,scr1995,avaStIn,bevFrtRoadLight
MK,h0576,0.39030528136459475,scr1995,avaStIn,bevFrtRoadLight
MK,h0577,0.39676844770380715,scr1995,avaStIn,bevFrtRoadLight
MK,h0578,0.394126679824481,scr1995,avaStIn,bevFrtRoadLight
MK,h0579,0.38987622113496045,scr1995,avaStIn,bevFrtRoadLight
MK,h0580,0.3949010730157553,scr1995,avaStIn,bevFrtRoadLight
MK,h0581,0.4070515770334633,scr1995,avaStIn,bevFrtRoadLight
MK,h0582,0.4208976614733183,scr1995,avaStIn,bevFrtRoadLight
MK,h0583,0.431200373449243,scr1995,avaStIn,bevFrtRoadLight
MK,h0584,0.4476631091420812,scr1995,avaStIn,bevFrtRoadLight
MK,h0585,0.459819945642168,scr1995,avaStIn,bevFrtRoadLight
MK,h0586,0.4680993229495969,scr1995,avaStIn,bevFrtRoadLight
MK,h0587,0.46486237923748064,scr1995,avaStIn,bevFrtRoadLight
MK,h0588,0.4365357697383475,scr1995,avaStIn,bevFrtRoadLight
MK,h0589,0.42024922761105055,scr1995,avaStIn,bevFrtRoadLight
MK,h0590,0.4096206610494807,scr1995,avaStIn,bevFrtRoadLight
MK,h0591,0.4354358800677709,scr1995,avaStIn,bevFrtRoadLight
MK,h0592,0.46070491956491055,scr1995,avaStIn,bevFrtRoadLight
MK,h0593,0.4930229701445805,scr1995,avaStIn,bevFrtRoadLight
MK,h0594,0.5227219694183841,scr1995,avaStIn,bevFrtRoadLight
MK,h0595,0.4973028397836038,scr1995,avaStIn,bevFrtRoadLight
MK,h0596,0.44105087136717547,scr1995,avaStIn,bevFrtRoadLight
MK,h0597,0.3780715220810563,scr1995,avaStIn,bevFrtRoadLight
MK,h0598,0.3651732684624296,scr1995,avaStIn,bevFrtRoadLight
MK,h0599,0.37819407508686786,scr1995,avaStIn,bevFrtRoadLight
MK,h0600,0.39030528136459475,scr1995,avaStIn,bevFrtRoadLight
MK,h0601,0.39676844770380715,scr1995,avaStIn,bevFrtRoadLight
MK,h0602,0.394126679824481,scr1995,avaStIn,bevFrtRoadLight
MK,h0603,0.38987622113496045,scr1995,avaStIn,bevFrtRoadLight
MK,h0604,0.3949010730157553,scr1995,avaStIn,bevFrtRoadLight
MK,h0605,0.4070515770334633,scr1995,avaStIn,bevFrtRoadLight
MK,h0606,0.4208976614733183,scr1995,avaStIn,bevFrtRoadLight
MK,h0607,0.431200373449243,scr1995,avaStIn,bevFrtRoadLight
MK,h0608,0.4476631091420812,scr1995,avaStIn,bevFrtRoadLight
MK,h0609,0.459819945642168,scr1995,avaStIn,bevFrtRoadLight
MK,h0610,0.4680993229495969,scr1995,avaStIn,bevFrtRoadLight
MK,h0611,0.46486237923748064,scr1995,avaStIn,bevFrtRoadLight
MK,h0612,0.4365357697383475,scr1995,avaStIn,bevFrtRoadLight
MK,h0613,0.42024922761105055,scr1995,avaStIn,bevFrtRoadLight
MK,h0614,0.4096206610494807,scr1995,avaStIn,bevFrtRoadLight
MK,h0615,0.4354358800677709,scr1995,avaStIn,bevFrtRoadLight
MK,h0616,0.46070491956491055,scr1995,avaStIn,bevFrtRoadLight
MK,h0617,0.4930229701445805,scr1995,avaStIn,bevFrtRoadLight
MK,h0618,0.5227219694183841,scr1995,avaStIn,bevFrtRoadLight
MK,h0619,0.5491092959310323,scr1995,avaStIn,bevFrtRoadLight
MK,h0620,0.5660273446388822,scr1995,avaStIn,bevFrtRoadLight
MK,h0621,0.5694377234652451,scr1995,avaStIn,bevFrtRoadLight
MK,h0622,0.5523077077296228,scr1995,avaStIn,bevFrtRoadLight
MK,h0623,0.5202159512310937,scr1995,avaStIn,bevFrtRoadLight
MK,h0624,0.47844313410101147,scr1995,avaStIn,bevFrtRoadLight
MK,h0625,0.4496409140263561,scr1995,avaStIn,bevFrtRoadLight
MK,h0626,0.43209058696765357,scr1995,avaStIn,bevFrtRoadLight
MK,h0627,0.41839596165892534,scr1995,avaStIn,bevFrtRoadLight
MK,h0628,0.39560193318277737,scr1995,avaStIn,bevFrtRoadLight
MK,h0629,0.3767263211064922,scr1995,avaStIn,bevFrtRoadLight
MK,h0630,0.3834870441325797,scr1995,avaStIn,bevFrtRoadLight
MK,h0631,0.41751535673084994,scr1995,avaStIn,bevFrtRoadLight
MK,h0632,0.46915180370731313,scr1995,avaStIn,bevFrtRoadLight
MK,h0633,0.508919129197644,scr1995,avaStIn,bevFrtRoadLight
MK,h0634,0.5246670544400583,scr1995,avaStIn,bevFrtRoadLight
MK,h0635,0.5146754500258794,scr1995,avaStIn,bevFrtRoadLight
MK,h0636,0.4951064908438997,scr1995,avaStIn,bevFrtRoadLight
MK,h0637,0.485940470592523,scr1995,avaStIn,bevFrtRoadLight
MK,h0638,0.4874922753166979,scr1995,avaStIn,bevFrtRoadLight
MK,h0639,0.49902806979994396,scr1995,avaStIn,bevFrtRoadLight
MK,h0640,0.5156345122766356,scr1995,avaStIn,bevFrtRoadLight
MK,h0641,0.5202103771791662,scr1995,avaStIn,bevFrtRoadLight
MK,h0642,0.509835145303465,scr1995,avaStIn,bevFrtRoadLight
MK,h0643,0.47835906407490014,scr1995,avaStIn,bevFrtRoadLight
MK,h0644,0.4418819895704986,scr1995,avaStIn,bevFrtRoadLight
MK,h0645,0.4127872338607794,scr1995,avaStIn,bevFrtRoadLight
MK,h0646,0.397048616042487,scr1995,avaStIn,bevFrtRoadLight
MK,h0647,0.39602459376056587,scr1995,avaStIn,bevFrtRoadLight
MK,h0648,0.40316203252430516,scr1995,avaStIn,bevFrtRoadLight
MK,h0649,0.416180688141642,scr1995,avaStIn,bevFrtRoadLight
MK,h0650,0.4247932393212722,scr1995,avaStIn,bevFrtRoadLight
MK,h0651,0.41839596165892534,scr1995,avaStIn,bevFrtRoadLight
MK,h0652,0.39560193318277737,scr1995,avaStIn,bevFrtRoadLight
MK,h0653,0.3767263211064922,scr1995,avaStIn,bevFrtRoadLight
MK,h0654,0.3834870441325797,scr1995,avaStIn,bevFrtRoadLight
MK,h0655,0.41751535673084994,scr1995,avaStIn,bevFrtRoadLight
MK,h0656,0.46915180370731313,scr1995,avaStIn,bevFrtRoadLight
MK,h0657,0.508919129197644,scr1995,avaStIn,bevFrtRoadLight
MK,h0658,0.5246670544400583,scr1995,avaStIn,bevFrtRoadLight
MK,h0659,0.5146754500258794,scr1995,avaStIn,bevFrtRoadLight
MK,h0660,0.4951064908438997,scr1995,avaStIn,bevFrtRoadLight
MK,h0661,0.4246653332821728,scr1995,avaStIn,bevFrtRoadLight
MK,h0662,0.37996946347264304,scr1995,avaStIn,bevFrtRoadLight
MK,h0663,0.36834480165138994,scr1995,avaStIn,bevFrtRoadLight
MK,h0664,0.43639289954265337,scr1995,avaStIn,bevFrtRoadLight
MK,h0665,0.48453569830379983,scr1995,avaStIn,bevFrtRoadLight
MK,h0666,0.4983772155540289,scr1995,avaStIn,bevFrtRoadLight
MK,h0667,0.479716893383465,scr1995,avaStIn,bevFrtRoadLight
MK,h0668,0.4442036654846514,scr1995,avaStIn,bevFrtRoadLight
MK,h0669,0.4127872338607794,scr1995,avaStIn,bevFrtRoadLight
MK,h0670,0.397048616042487,scr1995,avaStIn,bevFrtRoadLight
MK,h0671,0.39602459376056587,scr1995,avaStIn,bevFrtRoadLight
MK,h0672,0.40316203252430516,scr1995,avaStIn,bevFrtRoadLight
LV,h0505,0.4189616602698403,scr1995,avaStIn,bevFrtRoadLight
LV,h0506,0.44316263746287865,scr1995,avaStIn,bevFrtRoadLight
LV,h0507,0.4666151112420711,scr1995,avaStIn,bevFrtRoadLight
LV,h0508,0.45832645881139567,scr1995,avaStIn,bevFrtRoadLight
LV,h0509,0.4575215740258525,scr1995,avaStIn,bevFrtRoadLight
LV,h0510,0.4714802227826498,scr1995,avaStIn,bevFrtRoadLight
LV,h0511,0.45278396719135405,scr1995,avaStIn,bevFrtRoadLight
LV,h0512,0.4321968269076082,scr1995,avaStIn,bevFrtRoadLight
LV,h0513,0.41692976682231464,scr1995,avaStIn,bevFrtRoadLight
LV,h0514,0.4492241211131014,scr1995,avaStIn,bevFrtRoadLight
LV,h0515,0.48975714412554394,scr1995,avaStIn,bevFrtRoadLight
LV,h0516,0.5206617867481357,scr1995,avaStIn,bevFrtRoadLight
LV,h0517,0.5030312066648692,scr1995,avaStIn,bevFrtRoadLight
LV,h0518,0.46430567818254775,scr1995,avaStIn,bevFrtRoadLight
LV,h0519,0.3930115245300315,scr1995,avaStIn,bevFrtRoadLight
LV,h0520,0.3383128612832066,scr1995,avaStIn,bevFrtRoadLight
LV,h0521,0.2949078707645617,scr1995,avaStIn,bevFrtRoadLight
LV,h0522,0.30032532288300284,scr1995,avaStIn,bevFrtRoadLight
LV,h0523,0.37031889442133714,scr1995,avaStIn,bevFrtRoadLight
LV,h0524,0.439566819115495,scr1995,avaStIn,bevFrtRoadLight
LV,h0525,0.4842205316258411,scr1995,avaStIn,bevFrtRoadLight
LV,h0526,0.48177042584781093,scr1995,avaStIn,bevFrtRoadLight
LV,h0527,0.4649933341110367,scr1995,avaStIn,bevFrtRoadLight
LV,h0528,0.4421476660354572,scr1995,avaStIn,bevFrtRoadLight
LV,h0529,0.40457118840562833,scr1995,avaStIn,bevFrtRoadLight
LV,h0530,0.3965887476744546,scr1995,avaStIn,bevFrtRoadLight
LV,h0531,0.4189648810301997,scr1995,avaStIn,bevFrtRoadLight
LV,h0532,0.47669159584913956,scr1995,avaStIn,bevFrtRoadLight
LV,h0533,0.5156198975065492,scr1995,avaStIn,bevFrtRoadLight
LV,h0534,0.5320199439771598,scr1995,avaStIn,bevFrtRoadLight
LV,h0535,0.489664575276482,scr1995,avaStIn,bevFrtRoadLight
LV,h0536,0.445275594397034,scr1995,avaStIn,bevFrtRoadLight
LV,h0537,0.41692976682231464,scr1995,avaStIn,bevFrtRoadLight
LV,h0538,0.4492241211131014,scr1995,avaStIn,bevFrtRoadLight
LV,h0539,0.48975714412554394,scr1995,avaStIn,bevFrtRoadLight
LV,h0540,0.5206617867481357,scr1995,avaStIn,bevFrtRoadLight
LV,h0541,0.5280978832077089,scr1995,avaStIn,bevFrtRoadLight
LV,h0542,0.5124807931759494,scr1995,avaStIn,bevFrtRoadLight
LV,h0543,0.4761436847441386,scr1995,avaStIn,bevFrtRoadLight
LV,h0544,0.43500854961948865,scr1995,avaStIn,bevFrtRoadLight
LV,h0545,0.409416438142285,scr1995,avaStIn,bevFrtRoadLight
LV,h0546,0.41070005893656325,scr1995,avaStIn,bevFrtRoadLight
LV,h0547,0.43881390042054824,scr1995,avaStIn,bevFrtRoadLight
LV,h0548,0.46852756847703914,scr1995,avaStIn,bevFrtRoadLight
LV,h0549,0.4842205316258411,scr1995,avaStIn,bevFrtRoadLight
LV,h0550,0.48177042584781093,scr1995,avaStIn,bevFrtRoadLight
LV,h0551,0.4649933341110367,scr1995,avaStIn,bevFrtRoadLight
LV,h0552,0.4421476660354572,scr1995,avaStIn,bevFrtRoadLight
LV,h0553,0.4241707546574749,scr1995,avaStIn,bevFrtRoadLight
LV,h0554,0.42041737236492704,scr1995,avaStIn,bevFrtRoadLight
LV,h0555,0.4350085499835714,scr1995,avaStIn,bevFrtRoadLight
LV,h0556,0.451746329447546,scr1995,avaStIn,bevFrtRoadLight
LV,h0557,0.4604138747613745,scr1995,avaStIn,bevFrtRoadLight
LV,h0558,0.45012798266384146,scr1995,avaStIn,bevFrtRoadLight
LV,h0559,0.4275548125092713,scr1995,avaStIn,bevFrtRoadLight
LV,h0560,0.40971929895410075,scr1995,avaStIn,bevFrtRoadLight
LV,h0561,0.41692976682231464,scr1995,avaStIn,bevFrtRoadLight
LV,h0562,0.4492241211131014,scr1995,avaStIn,bevFrtRoadLight
LV,h0563,0.48975714412554394,scr1995,avaStIn,bevFrtRoadLight
LV,h0564,0.5206617867481357,scr1995,avaStIn,bevFrtRoadLight
LV,h0565,0.49529424560017543,scr1995,avaStIn,bevFrtRoadLight
LV,h0566,0.4628450451116344,scr1995,avaStIn,bevFrtRoadLight
LV,h0567,0.4354358800677709,scr1995,avaStIn,bevFrtRoadLight
LV,h0568,0.46070491956491055,scr1995,avaStIn,bevFrtRoadLight
LV,h0569,0.4930229701445805,scr1995,avaStIn,bevFrtRoadLight
LV,h0570,0.5227219694183841,scr1995,avaStIn,bevFrtRoadLight
LV,h0571,0.4973028397836038,scr1995,avaStIn,bevFrtRoadLight
LV,h0572,0.44105087136717547,scr1995,avaStIn,bevFrtRoadLight
LV,h0573,0.3780715220810563,scr1995,avaStIn,bevFrtRoadLight
LV,h0574,0.3651732684624296,scr1995,avaStIn,bevFrtRoadLight
LV,h0575,0.37819407508686786,scr1995,avaStIn,bevFrtRoadLight
LV,h0576,0.39030528136459475,scr1995,avaStIn,bevFrtRoadLight
LV,h0577,0.39676844770380715,scr1995,avaStIn,bevFrtRoadLight
LV,h0578,0.394126679824481,scr1995,avaStIn,bevFrtRoadLight
LV,h0579,0.38987622113496045,scr1995,avaStIn,bevFrtRoadLight
LV,h0580,0.3949010730157553,scr1995,avaStIn,bevFrtRoadLight
LV,h0581,0.4070515770334633,scr1995,avaStIn,bevFrtRoadLight
LV,h0582,0.4208976614733183,scr1995,avaStIn,bevFrtRoadLight
LV,h0583,0.431200373449243,scr1995,avaStIn,bevFrtRoadLight
LV,h0584,0.4476631091420812,scr1995,avaStIn,bevFrtRoadLight
LV,h0585,0.459819945642168,scr1995,avaStIn,bevFrtRoadLight
LV,h0586,0.4680993229495969,scr1995,avaStIn,bevFrtRoadLight
LV,h0587,0.46486237923748064,scr1995,avaStIn,bevFrtRoadLight
LV,h0588,0.4365357697383475,scr1995,avaStIn,bevFrtRoadLight
LV,h0589,0.42024922761105055,scr1995,avaStIn,bevFrtRoadLight
LV,h0590,0.4096206610494807,scr1995,avaStIn,bevFrtRoadLight
LV,h0591,0.4354358800677709,scr1995,avaStIn,bevFrtRoadLight
LV,h0592,0.46070491956491055,scr1995,avaStIn,bevFrtRoadLight
LV,h0593,0.4930229701445805,scr1995,avaStIn,bevFrtRoadLight
LV,h0594,0.5227219694183841,scr1995,avaStIn,bevFrtRoadLight
LV,h0595,0.4973028397836038,scr1995,avaStIn,bevFrtRoadLight
LV,h0596,0.44105087136717547,scr1995,avaStIn,bevFrtRoadLight
LV,h0597,0.3780715220810563,scr1995,avaStIn,bevFrtRoadLight
LV,h0598,0.3651732684624296,scr1995,avaStIn,bevFrtRoadLight
LV,h0599,0.37819407508686786,scr1995,avaStIn,bevFrtRoadLight
LV,h0600,0.39030528136459475,scr1995,avaStIn,bevFrtRoadLight
LV,h0601,0.39676844770380715,scr1995,avaStIn,bevFrtRoadLight
LV,h0602,0.394126679824481,scr1995,avaStIn,bevFrtRoadLight
LV,h0603,0.38987622113496045,scr1995,avaStIn,bevFrtRoadLight
LV,h0604,0.3949010730157553,scr1995,avaStIn,bevFrtRoadLight
LV,h0605,0.4070515770334633,scr1995,avaStIn,bevFrtRoadLight
LV,h0606,0.4208976614733183,scr1995,avaStIn,bevFrtRoadLight
LV,h0607,0.431200373449243,scr1995,avaStIn,bevFrtRoadLight
LV,h0608,0.4476631091420812,scr1995,avaStIn,bevFrtRoadLight
LV,h0609,0.459819945642168,scr1995,avaStIn,bevFrtRoadLight
LV,h0610,0.4680993229495969,scr1995,avaStIn,bevFrtRoadLight
LV,h0611,0.46486237923748064,scr1995,avaStIn,bevFrtRoadLight
LV,h0612,0.4365357697383475,scr1995,avaStIn,bevFrtRoadLight
LV,h0613,0.42024922761105055,scr1995,avaStIn,bevFrtRoadLight
LV,h0614,0.4096206610494807,scr1995,avaStIn,bevFrtRoadLight
LV,h0615,0.4354358800677709,scr1995,avaStIn,bevFrtRoadLight
LV,h0616,0.46070491956491055,scr1995,avaStIn,bevFrtRoadLight
LV,h0617,0.4930229701445805,scr1995,avaStIn,bevFrtRoadLight
LV,h0618,0.5227219694183841,scr1995,avaStIn,bevFrtRoadLight
LV,h0619,0.5491092959310323,scr1995,avaStIn,bevFrtRoadLight
LV,h0620,0.5660273446388822,scr1995,avaStIn,bevFrtRoadLight
LV,h0621,0.5694377234652451,scr1995,avaStIn,bevFrtRoadLight
LV,h0622,0.5523077077296228,scr1995,avaStIn,bevFrtRoadLight
LV,h0623,0.5202159512310937,scr1995,avaStIn,bevFrtRoadLight
LV,h0624,0.47844313410101147,scr1995,avaStIn,bevFrtRoadLight
LV,h0625,0.4496409140263561,scr1995,avaStIn,bevFrtRoadLight
LV,h0626,0.43209058696765357,scr1995,avaStIn,bevFrtRoadLight
LV,h0627,0.41839596165892534,scr1995,avaStIn,bevFrtRoadLight
LV,h0628,0.39560193318277737,scr1995,avaStIn,bevFrtRoadLight
LV,h0629,0.3767263211064922,scr1995,avaStIn,bevFrtRoadLight
LV,h0630,0.3834870441325797,scr1995,avaStIn,bevFrtRoadLight
LV,h0631,0.41751535673084994,scr1995,avaStIn,bevFrtRoadLight
LV,h0632,0.46915180370731313,scr1995,avaStIn,bevFrtRoadLight
LV,h0633,0.508919129197644,scr1995,avaStIn,bevFrtRoadLight
LV,h0634,0.5246670544400583,scr1995,avaStIn,bevFrtRoadLight
LV,h0635,0.5146754500258794,scr1995,avaStIn,bevFrtRoadLight
LV,h0636,0.4951064908438997,scr1995,avaStIn,bevFrtRoadLight
LV,h0637,0.485940470592523,scr1995,avaStIn,bevFrtRoadLight
LV,h0638,0.4874922753166979,scr1995,avaStIn,bevFrtRoadLight
LV,h0639,0.49902806979994396,scr1995,avaStIn,bevFrtRoadLight
LV,h0640,0.5156345122766356,scr1995,avaStIn,bevFrtRoadLight
LV,h0641,0.5202103771791662,scr1995,avaStIn,bevFrtRoadLight
LV,h0642,0.509835145303465,scr1995,avaStIn,bevFrtRoadLight
LV,h0643,0.47835906407490014,scr1995,avaStIn,bevFrtRoadLight
LV,h0644,0.4418819895704986,scr1995,avaStIn,bevFrtRoadLight
LV,h0645,0.4127872338607794,scr1995,avaStIn,bevFrtRoadLight
LV,h0646,0.397048616042487,scr1995,avaStIn,bevFrtRoadLight
LV,h0647,0.39602459376056587,scr1995,avaStIn,bevFrtRoadLight
LV,h0648,0.40316203252430516,scr1995,avaStIn,bevFrtRoadLight
LV,h0649,0.416180688141642,scr1995,avaStIn,bevFrtRoadLight
LV,h0650,0.4247932393212722,scr1995,avaStIn,bevFrtRoadLight
LV,h0651,0.41839596165892534,scr1995,avaStIn,bevFrtRoadLight
LV,h0652,0.39560193318277737,scr1995,avaStIn,bevFrtRoadLight
LV,h0653,0.3767263211064922,scr1995,avaStIn,bevFrtRoadLight
LV,h0654,0.3834870441325797,scr1995,avaStIn,bevFrtRoadLight
LV,h0655,0.41751535673084994,scr1995,avaStIn,bevFrtRoadLight
LV,h0656,0.46915180370731313,scr1995,avaStIn,bevFrtRoadLight
LV,h0657,0.508919129197644,scr1995,avaStIn,bevFrtRoadLight
LV,h0658,0.5246670544400583,scr1995,avaStIn,bevFrtRoadLight
LV,h0659,0.5146754500258794,scr1995,avaStIn,bevFrtRoadLight
LV,h0660,0.4951064908438997,scr1995,avaStIn,bevFrtRoadLight
LV,h0661,0.4246653332821728,scr1995,avaStIn,bevFrtRoadLight
LV,h0662,0.37996946347264304,scr1995,avaStIn,bevFrtRoadLight
LV,h0663,0.36834480165138994,scr1995,avaStIn,bevFrtRoadLight
LV,h0664,0.43639289954265337,scr1995,avaStIn,bevFrtRoadLight
LV,h0665,0.48453569830379983,scr1995,avaStIn,bevFrtRoadLight
LV,h0666,0.4983772155540289,scr1995,avaStIn,bevFrtRoadLight
LV,h0667,0.479716893383465,scr1995,avaStIn,bevFrtRoadLight
LV,h0668,0.4442036654846514,scr1995,avaStIn,bevFrtRoadLight
LV,h0669,0.4127872338607794,scr1995,avaStIn,bevFrtRoadLight
LV,h0670,0.397048616042487,scr1995,avaStIn,bevFrtRoadLight
LV,h0671,0.39602459376056587,scr1995,avaStIn,bevFrtRoadLight
LV,h0672,0.40316203252430516,scr1995,avaStIn,bevFrtRoadLight
ME,h0505,0.4189616602698403,scr1995,avaStIn,bevFrtRoadLight
ME,h0506,0.44316263746287865,scr1995,avaStIn,bevFrtRoadLight
ME,h0507,0.4666151112420711,scr1995,avaStIn,bevFrtRoadLight
ME,h0508,0.45832645881139567,scr1995,avaStIn,bevFrtRoadLight
ME,h0509,0.4575215740258525,scr1995,avaStIn,bevFrtRoadLight
ME,h0510,0.4714802227826498,scr1995,avaStIn,bevFrtRoadLight
ME,h0511,0.45278396719135405,scr1995,avaStIn,bevFrtRoadLight
ME,h0512,0.4321968269076082,scr1995,avaStIn,bevFrtRoadLight
ME,h0513,0.41692976682231464,scr1995,avaStIn,bevFrtRoadLight
ME,h0514,0.4492241211131014,scr1995,avaStIn,bevFrtRoadLight
ME,h0515,0.48975714412554394,scr1995,avaStIn,bevFrtRoadLight
ME,h0516,0.5206617867481357,scr1995,avaStIn,bevFrtRoadLight
ME,h0517,0.5030312066648692,scr1995,avaStIn,bevFrtRoadLight
ME,h0518,0.46430567818254775,scr1995,avaStIn,bevFrtRoadLight
ME,h0519,0.3930115245300315,scr1995,avaStIn,bevFrtRoadLight
ME,h0520,0.3383128612832066,scr1995,avaStIn,bevFrtRoadLight
ME,h0521,0.2949078707645617,scr1995,avaStIn,bevFrtRoadLight
ME,h0522,0.30032532288300284,scr1995,avaStIn,bevFrtRoadLight
ME,h0523,0.37031889442133714,scr1995,avaStIn,bevFrtRoadLight
ME,h0524,0.439566819115495,scr1995,avaStIn,bevFrtRoadLight
ME,h0525,0.4842205316258411,scr1995,avaStIn,bevFrtRoadLight
ME,h0526,0.48177042584781093,scr1995,avaStIn,bevFrtRoadLight
ME,h0527,0.4649933341110367,scr1995,avaStIn,bevFrtRoadLight
ME,h0528,0.4421476660354572,scr1995,avaStIn,bevFrtRoadLight
ME,h0529,0.40457118840562833,scr1995,avaStIn,bevFrtRoadLight
ME,h0530,0.3965887476744546,scr1995,avaStIn,bevFrtRoadLight
ME,h0531,0.4189648810301997,scr1995,avaStIn,bevFrtRoadLight
ME,h0532,0.47669159584913956,scr1995,avaStIn,bevFrtRoadLight
ME,h0533,0.5156198975065492,scr1995,avaStIn,bevFrtRoadLight
ME,h0534,0.5320199439771598,scr1995,avaStIn,bevFrtRoadLight
ME,h0535,0.489664575276482,scr1995,avaStIn,bevFrtRoadLight
ME,h0536,0.445275594397034,scr1995,avaStIn,bevFrtRoadLight
ME,h0537,0.41692976682231464,scr1995,avaStIn,bevFrtRoadLight
ME,h0538,0.4492241211131014,scr1995,avaStIn,bevFrtRoadLight
ME,h0539,0.48975714412554394,scr1995,avaStIn,bevFrtRoadLight
ME,h0540,0.5206617867481357,scr1995,avaStIn,bevFrtRoadLight
ME,h0541,0.5280978832077089,scr1995,avaStIn,bevFrtRoadLight
ME,h0542,0.5124807931759494,scr1995,avaStIn,bevFrtRoadLight
ME,h0543,0.4761436847441386,scr1995,avaStIn,bevFrtRoadLight
ME,h0544,0.43500854961948865,scr1995,avaStIn,bevFrtRoadLight
ME,h0545,0.409416438142285,scr1995,avaStIn,bevFrtRoadLight
ME,h0546,0.41070005893656325,scr1995,avaStIn,bevFrtRoadLight
ME,h0547,0.43881390042054824,scr1995,avaStIn,bevFrtRoadLight
ME,h0548,0.46852756847703914,scr1995,avaStIn,bevFrtRoadLight
ME,h0549,0.4842205316258411,scr1995,avaStIn,bevFrtRoadLight
ME,h0550,0.48177042584781093,scr1995,avaStIn,bevFrtRoadLight
ME,h0551,0.4649933341110367,scr1995,avaStIn,bevFrtRoadLight
ME,h0552,0.4421476660354572,scr1995,avaStIn,bevFrtRoadLight
ME,h0553,0.4241707546574749,scr1995,avaStIn,bevFrtRoadLight
ME,h0554,0.42041737236492704,scr1995,avaStIn,bevFrtRoadLight
ME,h0555,0.4350085499835714,scr1995,avaStIn,bevFrtRoadLight
ME,h0556,0.451746329447546,scr1995,avaStIn,bevFrtRoadLight
ME,h0557,0.4604138747613745,scr1995,avaStIn,bevFrtRoadLight
ME,h0558,0.45012798266384146,scr1995,avaStIn,bevFrtRoadLight
ME,h0559,0.4275548125092713,scr1995,avaStIn,bevFrtRoadLight
ME,h0560,0.40971929895410075,scr1995,avaStIn,bevFrtRoadLight
ME,h0561,0.41692976682231464,scr1995,avaStIn,bevFrtRoadLight
ME,h0562,0.4492241211131014,scr1995,avaStIn,bevFrtRoadLight
ME,h0563,0.48975714412554394,scr1995,avaStIn,bevFrtRoadLight
ME,h0564,0.5206617867481357,scr1995,avaStIn,bevFrtRoadLight
ME,h0565,0.49529424560017543,scr1995,avaStIn,bevFrtRoadLight
ME,h0566,0.4628450451116344,scr1995,avaStIn,bevFrtRoadLight
ME,h0567,0.4354358800677709,scr1995,avaStIn,bevFrtRoadLight
ME,h0568,0.46070491956491055,scr1995,avaStIn,bevFrtRoadLight
ME,h0569,0.4930229701445805,scr1995,avaStIn,bevFrtRoadLight
ME,h0570,0.5227219694183841,scr1995,avaStIn,bevFrtRoadLight
ME,h0571,0.4973028397836038,scr1995,avaStIn,bevFrtRoadLight
ME,h0572,0.44105087136717547,scr1995,avaStIn,bevFrtRoadLight
ME,h0573,0.3780715220810563,scr1995,avaStIn,bevFrtRoadLight
ME,h0574,0.3651732684624296,scr1995,avaStIn,bevFrtRoadLight
ME,h0575,0.37819407508686786,scr1995,avaStIn,bevFrtRoadLight
ME,h0576,0.39030528136459475,scr1995,avaStIn,bevFrtRoadLight
ME,h0577,0.39676844770380715,scr1995,avaStIn,bevFrtRoadLight
ME,h0578,0.394126679824481,scr1995,avaStIn,bevFrtRoadLight
ME,h0579,0.38987622113496045,scr1995,avaStIn,bevFrtRoadLight
ME,h0580,0.3949010730157553,scr1995,avaStIn,bevFrtRoadLight
ME,h0581,0.4070515770334633,scr1995,avaStIn,bevFrtRoadLight
ME,h0582,0.4208976614733183,scr1995,avaStIn,bevFrtRoadLight
ME,h0583,0.431200373449243,scr1995,avaStIn,bevFrtRoadLight
ME,h0584,0.4476631091420812,scr1995,avaStIn,bevFrtRoadLight
ME,h0585,0.459819945642168,scr1995,avaStIn,bevFrtRoadLight
ME,h0586,0.4680993229495969,scr1995,avaStIn,bevFrtRoadLight
ME,h0587,0.46486237923748064,scr1995,avaStIn,bevFrtRoadLight
ME,h0588,0.4365357697383475,scr1995,avaStIn,bevFrtRoadLight
ME,h0589,0.42024922761105055,scr1995,avaStIn,bevFrtRoadLight
ME,h0590,0.4096206610494807,scr1995,avaStIn,bevFrtRoadLight
ME,h0591,0.4354358800677709,scr1995,avaStIn,bevFrtRoadLight
ME,h0592,0.46070491956491055,scr1995,avaStIn,bevFrtRoadLight
ME,h0593,0.4930229701445805,scr1995,avaStIn,bevFrtRoadLight
ME,h0594,0.5227219694183841,scr1995,avaStIn,bevFrtRoadLight
ME,h0595,0.4973028397836038,scr1995,avaStIn,bevFrtRoadLight
ME,h0596,0.44105087136717547,scr1995,avaStIn,bevFrtRoadLight
ME,h0597,0.3780715220810563,scr1995,avaStIn,bevFrtRoadLight
ME,h0598,0.3651732684624296,scr1995,avaStIn,bevFrtRoadLight
ME,h0599,0.37819407508686786,scr1995,avaStIn,bevFrtRoadLight
ME,h0600,0.39030528136459475,scr1995,avaStIn,bevFrtRoadLight
ME,h0601,0.39676844770380715,scr1995,avaStIn,bevFrtRoadLight
ME,h0602,0.394126679824481,scr1995,avaStIn,bevFrtRoadLight
ME,h0603,0.38987622113496045,scr1995,avaStIn,bevFrtRoadLight
ME,h0604,0.3949010730157553,scr1995,avaStIn,bevFrtRoadLight
ME,h0605,0.4070515770334633,scr1995,avaStIn,bevFrtRoadLight
ME,h0606,0.4208976614733183,scr1995,avaStIn,bevFrtRoadLight
ME,h0607,0.431200373449243,scr1995,avaStIn,bevFrtRoadLight
ME,h0608,0.4476631091420812,scr1995,avaStIn,bevFrtRoadLight
ME,h0609,0.459819945642168,scr1995,avaStIn,bevFrtRoadLight
ME,h0610,0.4680993229495969,scr1995,avaStIn,bevFrtRoadLight
ME,h0611,0.46486237923748064,scr1995,avaStIn,bevFrtRoadLight
ME,h0612,0.4365357697383475,scr1995,avaStIn,bevFrtRoadLight
ME,h0613,0.42024922761105055,scr1995,avaStIn,bevFrtRoadLight
ME,h0614,0.4096206610494807,scr1995,avaStIn,bevFrtRoadLight
ME,h0615,0.4354358800677709,scr1995,avaStIn,bevFrtRoadLight
ME,h0616,0.46070491956491055,scr1995,avaStIn,bevFrtRoadLight
ME,h0617,0.4930229701445805,scr1995,avaStIn,bevFrtRoadLight
ME,h0618,0.5227219694183841,scr1995,avaStIn,bevFrtRoadLight
ME,h0619,0.5491092959310323,scr1995,avaStIn,bevFrtRoadLight
ME,h0620,0.5660273446388822,scr1995,avaStIn,bevFrtRoadLight
ME,h0621,0.5694377234652451,scr1995,avaStIn,bevFrtRoadLight
ME,h0622,0.5523077077296228,scr1995,avaStIn,bevFrtRoadLight
ME,h0623,0.5202159512310937,scr1995,avaStIn,bevFrtRoadLight
ME,h0624,0.47844313410101147,scr1995,avaStIn,bevFrtRoadLight
ME,h0625,0.4496409140263561,scr1995,avaStIn,bevFrtRoadLight
ME,h0626,0.43209058696765357,scr1995,avaStIn,bevFrtRoadLight
ME,h0627,0.41839596165892534,scr1995,avaStIn,bevFrtRoadLight
ME,h0628,0.39560193318277737,scr1995,avaStIn,bevFrtRoadLight
ME,h0629,0.3767263211064922,scr1995,avaStIn,bevFrtRoadLight
ME,h0630,0.3834870441325797,scr1995,avaStIn,bevFrtRoadLight
ME,h0631,0.41751535673084994,scr1995,avaStIn,bevFrtRoadLight
ME,h0632,0.46915180370731313,scr1995,avaStIn,bevFrtRoadLight
ME,h0633,0.508919129197644,scr1995,avaStIn,bevFrtRoadLight
ME,h0634,0.5246670544400583,scr1995,avaStIn,bevFrtRoadLight
ME,h0635,0.5146754500258794,scr1995,avaStIn,bevFrtRoadLight
ME,h0636,0.4951064908438997,scr1995,avaStIn,bevFrtRoadLight
ME,h0637,0.485940470592523,scr1995,avaStIn,bevFrtRoadLight
ME,h0638,0.4874922753166979,scr1995,avaStIn,bevFrtRoadLight
ME,h0639,0.49902806979994396,scr1995,avaStIn,bevFrtRoadLight
ME,h0640,0.5156345122766356,scr1995,avaStIn,bevFrtRoadLight
ME,h0641,0.5202103771791662,scr1995,avaStIn,bevFrtRoadLight
ME,h0642,0.509835145303465,scr1995,avaStIn,bevFrtRoadLight
ME,h0643,0.47835906407490014,scr1995,avaStIn,bevFrtRoadLight
ME,h0644,0.4418819895704986,scr1995,avaStIn,bevFrtRoadLight
ME,h0645,0.4127872338607794,scr1995,avaStIn,bevFrtRoadLight
ME,h0646,0.397048616042487,scr1995,avaStIn,bevFrtRoadLight
ME,h0647,0.39602459376056587,scr1995,avaStIn,bevFrtRoadLight
ME,h0648,0.40316203252430516,scr1995,avaStIn,bevFrtRoadLight
ME,h0649,0.416180688141642,scr1995,avaStIn,bevFrtRoadLight
ME,h0650,0.4247932393212722,scr1995,avaStIn,bevFrtRoadLight
ME,h0651,0.41839596165892534,scr1995,avaStIn,bevFrtRoadLight
ME,h0652,0.39560193318277737,scr1995,avaStIn,bevFrtRoadLight
ME,h0653,0.3767263211064922,scr1995,avaStIn,bevFrtRoadLight
ME,h0654,0.3834870441325797,scr1995,avaStIn,bevFrtRoadLight
ME,h0655,0.41751535673084994,scr1995,avaStIn,bevFrtRoadLight
ME,h0656,0.46915180370731313,scr1995,avaStIn,bevFrtRoadLight
ME,h0657,0.508919129197644,scr1995,avaStIn,bevFrtRoadLight
ME,h0658,0.5246670544400583,scr1995,avaStIn,bevFrtRoadLight
ME,h0659,0.5146754500258794,scr1995,avaStIn,bevFrtRoadLight
ME,h0660,0.4951064908438997,scr1995,avaStIn,bevFrtRoadLight
ME,h0661,0.4246653332821728,scr1995,avaStIn,bevFrtRoadLight
ME,h0662,0.37996946347264304,scr1995,avaStIn,bevFrtRoadLight
ME,h0663,0.36834480165138994,scr1995,avaStIn,bevFrtRoadLight
ME,h0664,0.43639289954265337,scr1995,avaStIn,bevFrtRoadLight
ME,h0665,0.48453569830379983,scr1995,avaStIn,bevFrtRoadLight
ME,h0666,0.4983772155540289,scr1995,avaStIn,bevFrtRoadLight
ME,h0667,0.479716893383465,scr1995,avaStIn,bevFrtRoadLight
ME,h0668,0.4442036654846514,scr1995,avaStIn,bevFrtRoadLight
ME,h0669,0.4127872338607794,scr1995,avaStIn,bevFrtRoadLight
ME,h0670,0.397048616042487,scr1995,avaStIn,bevFrtRoadLight
ME,h0671,0.39602459376056587,scr1995,avaStIn,bevFrtRoadLight
ME,h0672,0.40316203252430516,scr1995,avaStIn,bevFrtRoadLight
LT,h0505,0.4189616602698403,scr1995,avaStIn,bevFrtRoadLight
LT,h0506,0.44316263746287865,scr1995,avaStIn,bevFrtRoadLight
LT,h0507,0.4666151112420711,scr1995,avaStIn,bevFrtRoadLight
LT,h0508,0.45832645881139567,scr1995,avaStIn,bevFrtRoadLight
LT,h0509,0.4575215740258525,scr1995,avaStIn,bevFrtRoadLight
LT,h0510,0.4714802227826498,scr1995,avaStIn,bevFrtRoadLight
LT,h0511,0.45278396719135405,scr1995,avaStIn,bevFrtRoadLight
LT,h0512,0.4321968269076082,scr1995,avaStIn,bevFrtRoadLight
LT,h0513,0.41692976682231464,scr1995,avaStIn,bevFrtRoadLight
LT,h0514,0.4492241211131014,scr1995,avaStIn,bevFrtRoadLight
LT,h0515,0.48975714412554394,scr1995,avaStIn,bevFrtRoadLight
LT,h0516,0.5206617867481357,scr1995,avaStIn,bevFrtRoadLight
LT,h0517,0.5030312066648692,scr1995,avaStIn,bevFrtRoadLight
LT,h0518,0.46430567818254775,scr1995,avaStIn,bevFrtRoadLight
LT,h0519,0.3930115245300315,scr1995,avaStIn,bevFrtRoadLight
LT,h0520,0.3383128612832066,scr1995,avaStIn,bevFrtRoadLight
LT,h0521,0.2949078707645617,scr1995,avaStIn,bevFrtRoadLight
LT,h0522,0.30032532288300284,scr1995,avaStIn,bevFrtRoadLight
LT,h0523,0.37031889442133714,scr1995,avaStIn,bevFrtRoadLight
LT,h0524,0.439566819115495,scr1995,avaStIn,bevFrtRoadLight
LT,h0525,0.4842205316258411,scr1995,avaStIn,bevFrtRoadLight
LT,h0526,0.48177042584781093,scr1995,avaStIn,bevFrtRoadLight
LT,h0527,0.4649933341110367,scr1995,avaStIn,bevFrtRoadLight
LT,h0528,0.4421476660354572,scr1995,avaStIn,bevFrtRoadLight
LT,h0529,0.40457118840562833,scr1995,avaStIn,bevFrtRoadLight
LT,h0530,0.3965887476744546,scr1995,avaStIn,bevFrtRoadLight
LT,h0531,0.4189648810301997,scr1995,avaStIn,bevFrtRoadLight
LT,h0532,0.47669159584913956,scr1995,avaStIn,bevFrtRoadLight
LT,h0533,0.5156198975065492,scr1995,avaStIn,bevFrtRoadLight
LT,h0534,0.5320199439771598,scr1995,avaStIn,bevFrtRoadLight
LT,h0535,0.489664575276482,scr1995,avaStIn,bevFrtRoadLight
LT,h0536,0.445275594397034,scr1995,avaStIn,bevFrtRoadLight
LT,h0537,0.41692976682231464,scr1995,avaStIn,bevFrtRoadLight
LT,h0538,0.4492241211131014,scr1995,avaStIn,bevFrtRoadLight
LT,h0539,0.48975714412554394,scr1995,avaStIn,bevFrtRoadLight
LT,h0540,0.5206617867481357,scr1995,avaStIn,bevFrtRoadLight
LT,h0541,0.5280978832077089,scr1995,avaStIn,bevFrtRoadLight
LT,h0542,0.5124807931759494,scr1995,avaStIn,bevFrtRoadLight
LT,h0543,0.4761436847441386,scr1995,avaStIn,bevFrtRoadLight
LT,h0544,0.43500854961948865,scr1995,avaStIn,bevFrtRoadLight
LT,h0545,0.409416438142285,scr1995,avaStIn,bevFrtRoadLight
LT,h0546,0.41070005893656325,scr1995,avaStIn,bevFrtRoadLight
LT,h0547,0.43881390042054824,scr1995,avaStIn,bevFrtRoadLight
LT,h0548,0.46852756847703914,scr1995,avaStIn,bevFrtRoadLight
LT,h0549,0.4842205316258411,scr1995,avaStIn,bevFrtRoadLight
LT,h0550,0.48177042584781093,scr1995,avaStIn,bevFrtRoadLight
LT,h0551,0.4649933341110367,scr1995,avaStIn,bevFrtRoadLight
LT,h0552,0.4421476660354572,scr1995,avaStIn,bevFrtRoadLight
LT,h0553,0.4241707546574749,scr1995,avaStIn,bevFrtRoadLight
LT,h0554,0.42041737236492704,scr1995,avaStIn,bevFrtRoadLight
LT,h0555,0.4350085499835714,scr1995,avaStIn,bevFrtRoadLight
LT,h0556,0.451746329447546,scr1995,avaStIn,bevFrtRoadLight
LT,h0557,0.4604138747613745,scr1995,avaStIn,bevFrtRoadLight
LT,h0558,0.45012798266384146,scr1995,avaStIn,bevFrtRoadLight
LT,h0559,0.4275548125092713,scr1995,avaStIn,bevFrtRoadLight
LT,h0560,0.40971929895410075,scr1995,avaStIn,bevFrtRoadLight
LT,h0561,0.41692976682231464,scr1995,avaStIn,bevFrtRoadLight
LT,h0562,0.4492241211131014,scr1995,avaStIn,bevFrtRoadLight
LT,h0563,0.48975714412554394,scr1995,avaStIn,bevFrtRoadLight
LT,h0564,0.5206617867481357,scr1995,avaStIn,bevFrtRoadLight
LT,h0565,0.49529424560017543,scr1995,avaStIn,bevFrtRoadLight
LT,h0566,0.4628450451116344,scr1995,avaStIn,bevFrtRoadLight
LT,h0567,0.4354358800677709,scr1995,avaStIn,bevFrtRoadLight
LT,h0568,0.46070491956491055,scr1995,avaStIn,bevFrtRoadLight
LT,h0569,0.4930229701445805,scr1995,avaStIn,bevFrtRoadLight
LT,h0570,0.5227219694183841,scr1995,avaStIn,bevFrtRoadLight
LT,h0571,0.4973028397836038,scr1995,avaStIn,bevFrtRoadLight
LT,h0572,0.44105087136717547,scr1995,avaStIn,bevFrtRoadLight
LT,h0573,0.3780715220810563,scr1995,avaStIn,bevFrtRoadLight
LT,h0574,0.3651732684624296,scr1995,avaStIn,bevFrtRoadLight
LT,h0575,0.37819407508686786,scr1995,avaStIn,bevFrtRoadLight
LT,h0576,0.39030528136459475,scr1995,avaStIn,bevFrtRoadLight
LT,h0577,0.39676844770380715,scr1995,avaStIn,bevFrtRoadLight
LT,h0578,0.394126679824481,scr1995,avaStIn,bevFrtRoadLight
LT,h0579,0.38987622113496045,scr1995,avaStIn,bevFrtRoadLight
LT,h0580,0.3949010730157553,scr1995,avaStIn,bevFrtRoadLight
LT,h0581,0.4070515770334633,scr1995,avaStIn,bevFrtRoadLight
LT,h0582,0.4208976614733183,scr1995,avaStIn,bevFrtRoadLight
LT,h0583,0.431200373449243,scr1995,avaStIn,bevFrtRoadLight
LT,h0584,0.4476631091420812,scr1995,avaStIn,bevFrtRoadLight
LT,h0585,0.459819945642168,scr1995,avaStIn,bevFrtRoadLight
LT,h0586,0.4680993229495969,scr1995,avaStIn,bevFrtRoadLight
LT,h0587,0.46486237923748064,scr1995,avaStIn,bevFrtRoadLight
LT,h0588,0.4365357697383475,scr1995,avaStIn,bevFrtRoadLight
LT,h0589,0.42024922761105055,scr1995,avaStIn,bevFrtRoadLight
LT,h0590,0.4096206610494807,scr1995,avaStIn,bevFrtRoadLight
LT,h0591,0.4354358800677709,scr1995,avaStIn,bevFrtRoadLight
LT,h0592,0.46070491956491055,scr1995,avaStIn,bevFrtRoadLight
LT,h0593,0.4930229701445805,scr1995,avaStIn,bevFrtRoadLight
LT,h0594,0.5227219694183841,scr1995,avaStIn,bevFrtRoadLight
LT,h0595,0.4973028397836038,scr1995,avaStIn,bevFrtRoadLight
LT,h0596,0.44105087136717547,scr1995,avaStIn,bevFrtRoadLight
LT,h0597,0.3780715220810563,scr1995,avaStIn,bevFrtRoadLight
LT,h0598,0.3651732684624296,scr1995,avaStIn,bevFrtRoadLight
LT,h0599,0.37819407508686786,scr1995,avaStIn,bevFrtRoadLight
LT,h0600,0.39030528136459475,scr1995,avaStIn,bevFrtRoadLight
LT,h0601,0.39676844770380715,scr1995,avaStIn,bevFrtRoadLight
LT,h0602,0.394126679824481,scr1995,avaStIn,bevFrtRoadLight
LT,h0603,0.38987622113496045,scr1995,avaStIn,bevFrtRoadLight
LT,h0604,0.3949010730157553,scr1995,avaStIn,bevFrtRoadLight
LT,h0605,0.4070515770334633,scr1995,avaStIn,bevFrtRoadLight
LT,h0606,0.4208976614733183,scr1995,avaStIn,bevFrtRoadLight
LT,h0607,0.431200373449243,scr1995,avaStIn,bevFrtRoadLight
LT,h0608,0.4476631091420812,scr1995,avaStIn,bevFrtRoadLight
LT,h0609,0.459819945642168,scr1995,avaStIn,bevFrtRoadLight
LT,h0610,0.4680993229495969,scr1995,avaStIn,bevFrtRoadLight
LT,h0611,0.46486237923748064,scr1995,avaStIn,bevFrtRoadLight
LT,h0612,0.4365357697383475,scr1995,avaStIn,bevFrtRoadLight
LT,h0613,0.42024922761105055,scr1995,avaStIn,bevFrtRoadLight
LT,h0614,0.4096206610494807,scr1995,avaStIn,bevFrtRoadLight
LT,h0615,0.4354358800677709,scr1995,avaStIn,bevFrtRoadLight
LT,h0616,0.46070491956491055,scr1995,avaStIn,bevFrtRoadLight
LT,h0617,0.4930229701445805,scr1995,avaStIn,bevFrtRoadLight
LT,h0618,0.5227219694183841,scr1995,avaStIn,bevFrtRoadLight
LT,h0619,0.5491092959310323,scr1995,avaStIn,bevFrtRoadLight
LT,h0620,0.5660273446388822,scr1995,avaStIn,bevFrtRoadLight
LT,h0621,0.5694377234652451,scr1995,avaStIn,bevFrtRoadLight
LT,h0622,0.5523077077296228,scr1995,avaStIn,bevFrtRoadLight
LT,h0623,0.5202159512310937,scr1995,avaStIn,bevFrtRoadLight
LT,h0624,0.47844313410101147,scr1995,avaStIn,bevFrtRoadLight
LT,h0625,0.4496409140263561,scr1995,avaStIn,bevFrtRoadLight
LT,h0626,0.43209058696765357,scr1995,avaStIn,bevFrtRoadLight
LT,h0627,0.41839596165892534,scr1995,avaStIn,bevFrtRoadLight
LT,h0628,0.39560193318277737,scr1995,avaStIn,bevFrtRoadLight
LT,h0629,0.3767263211064922,scr1995,avaStIn,bevFrtRoadLight
LT,h0630,0.3834870441325797,scr1995,avaStIn,bevFrtRoadLight
LT,h0631,0.41751535673084994,scr1995,avaStIn,bevFrtRoadLight
LT,h0632,0.46915180370731313,scr1995,avaStIn,bevFrtRoadLight
LT,h0633,0.508919129197644,scr1995,avaStIn,bevFrtRoadLight
LT,h0634,0.5246670544400583,scr1995,avaStIn,bevFrtRoadLight
LT,h0635,0.5146754500258794,scr1995,avaStIn,bevFrtRoadLight
LT,h0636,0.4951064908438997,scr1995,avaStIn,bevFrtRoadLight
LT,h0637,0.485940470592523,scr1995,avaStIn,bevFrtRoadLight
LT,h0638,0.4874922753166979,scr1995,avaStIn,bevFrtRoadLight
LT,h0639,0.49902806979994396,scr1995,avaStIn,bevFrtRoadLight
LT,h0640,0.5156345122766356,scr1995,avaStIn,bevFrtRoadLight
LT,h0641,0.5202103771791662,scr1995,avaStIn,bevFrtRoadLight
LT,h0642,0.509835145303465,scr1995,avaStIn,bevFrtRoadLight
LT,h0643,0.47835906407490014,scr1995,avaStIn,bevFrtRoadLight
LT,h0644,0.4418819895704986,scr1995,avaStIn,bevFrtRoadLight
LT,h0645,0.4127872338607794,scr1995,avaStIn,bevFrtRoadLight
LT,h0646,0.397048616042487,scr1995,avaStIn,bevFrtRoadLight
LT,h0647,0.39602459376056587,scr1995,avaStIn,bevFrtRoadLight
LT,h0648,0.40316203252430516,scr1995,avaStIn,bevFrtRoadLight
LT,h0649,0.416180688141642,scr1995,avaStIn,bevFrtRoadLight
LT,h0650,0.4247932393212722,scr1995,avaStIn,bevFrtRoadLight
LT,h0651,0.41839596165892534,scr1995,avaStIn,bevFrtRoadLight
LT,h0652,0.39560193318277737,scr1995,avaStIn,bevFrtRoadLight
LT,h0653,0.3767263211064922,scr1995,avaStIn,bevFrtRoadLight
LT,h0654,0.3834870441325797,scr1995,avaStIn,bevFrtRoadLight
LT,h0655,0.41751535673084994,scr1995,avaStIn,bevFrtRoadLight
LT,h0656,0.46915180370731313,scr1995,avaStIn,bevFrtRoadLight
LT,h0657,0.508919129197644,scr1995,avaStIn,bevFrtRoadLight
LT,h0658,0.5246670544400583,scr1995,avaStIn,bevFrtRoadLight
LT,h0659,0.5146754500258794,scr1995,avaStIn,bevFrtRoadLight
LT,h0660,0.4951064908438997,scr1995,avaStIn,bevFrtRoadLight
LT,h0661,0.4246653332821728,scr1995,avaStIn,bevFrtRoadLight
LT,h0662,0.37996946347264304,scr1995,avaStIn,bevFrtRoadLight
LT,h0663,0.36834480165138994,scr1995,avaStIn,bevFrtRoadLight
LT,h0664,0.43639289954265337,scr1995,avaStIn,bevFrtRoadLight
LT,h0665,0.48453569830379983,scr1995,avaStIn,bevFrtRoadLight
LT,h0666,0.4983772155540289,scr1995,avaStIn,bevFrtRoadLight
LT,h0667,0.479716893383465,scr1995,avaStIn,bevFrtRoadLight
LT,h0668,0.4442036654846514,scr1995,avaStIn,bevFrtRoadLight
LT,h0669,0.4127872338607794,scr1995,avaStIn,bevFrtRoadLight
LT,h0670,0.397048616042487,scr1995,avaStIn,bevFrtRoadLight
LT,h0671,0.39602459376056587,scr1995,avaStIn,bevFrtRoadLight
LT,h0672,0.40316203252430516,scr1995,avaStIn,bevFrtRoadLight
LU,h0505,0.4189616602698403,scr1995,avaStIn,bevFrtRoadLight
LU,h0506,0.44316263746287865,scr1995,avaStIn,bevFrtRoadLight
LU,h0507,0.4666151112420711,scr1995,avaStIn,bevFrtRoadLight
LU,h0508,0.45832645881139567,scr1995,avaStIn,bevFrtRoadLight
LU,h0509,0.4575215740258525,scr1995,avaStIn,bevFrtRoadLight
LU,h0510,0.4714802227826498,scr1995,avaStIn,bevFrtRoadLight
LU,h0511,0.45278396719135405,scr1995,avaStIn,bevFrtRoadLight
LU,h0512,0.4321968269076082,scr1995,avaStIn,bevFrtRoadLight
LU,h0513,0.41692976682231464,scr1995,avaStIn,bevFrtRoadLight
LU,h0514,0.4492241211131014,scr1995,avaStIn,bevFrtRoadLight
LU,h0515,0.48975714412554394,scr1995,avaStIn,bevFrtRoadLight
LU,h0516,0.5206617867481357,scr1995,avaStIn,bevFrtRoadLight
LU,h0517,0.5030312066648692,scr1995,avaStIn,bevFrtRoadLight
LU,h0518,0.46430567818254775,scr1995,avaStIn,bevFrtRoadLight
LU,h0519,0.3930115245300315,scr1995,avaStIn,bevFrtRoadLight
LU,h0520,0.3383128612832066,scr1995,avaStIn,bevFrtRoadLight
LU,h0521,0.2949078707645617,scr1995,avaStIn,bevFrtRoadLight
LU,h0522,0.30032532288300284,scr1995,avaStIn,bevFrtRoadLight
LU,h0523,0.37031889442133714,scr1995,avaStIn,bevFrtRoadLight
LU,h0524,0.439566819115495,scr1995,avaStIn,bevFrtRoadLight
LU,h0525,0.4842205316258411,scr1995,avaStIn,bevFrtRoadLight
LU,h0526,0.48177042584781093,scr1995,avaStIn,bevFrtRoadLight
LU,h0527,0.4649933341110367,scr1995,avaStIn,bevFrtRoadLight
LU,h0528,0.4421476660354572,scr1995,avaStIn,bevFrtRoadLight
LU,h0529,0.40457118840562833,scr1995,avaStIn,bevFrtRoadLight
LU,h0530,0.3965887476744546,scr1995,avaStIn,bevFrtRoadLight
LU,h0531,0.4189648810301997,scr1995,avaStIn,bevFrtRoadLight
LU,h0532,0.47669159584913956,scr1995,avaStIn,bevFrtRoadLight
LU,h0533,0.5156198975065492,scr1995,avaStIn,bevFrtRoadLight
LU,h0534,0.5320199439771598,scr1995,avaStIn,bevFrtRoadLight
LU,h0535,0.489664575276482,scr1995,avaStIn,bevFrtRoadLight
LU,h0536,0.445275594397034,scr1995,avaStIn,bevFrtRoadLight
LU,h0537,0.41692976682231464,scr1995,avaStIn,bevFrtRoadLight
LU,h0538,0.4492241211131014,scr1995,avaStIn,bevFrtRoadLight
LU,h0539,0.48975714412554394,scr1995,avaStIn,bevFrtRoadLight
LU,h0540,0.5206617867481357,scr1995,avaStIn,bevFrtRoadLight
LU,h0541,0.5280978832077089,scr1995,avaStIn,bevFrtRoadLight
LU,h0542,0.5124807931759494,scr1995,avaStIn,bevFrtRoadLight
LU,h0543,0.4761436847441386,scr1995,avaStIn,bevFrtRoadLight
LU,h0544,0.43500854961948865,scr1995,avaStIn,bevFrtRoadLight
LU,h0545,0.409416438142285,scr1995,avaStIn,bevFrtRoadLight
LU,h0546,0.41070005893656325,scr1995,avaStIn,bevFrtRoadLight
LU,h0547,0.43881390042054824,scr1995,avaStIn,bevFrtRoadLight
LU,h0548,0.46852756847703914,scr1995,avaStIn,bevFrtRoadLight
LU,h0549,0.4842205316258411,scr1995,avaStIn,bevFrtRoadLight
LU,h0550,0.48177042584781093,scr1995,avaStIn,bevFrtRoadLight
LU,h0551,0.4649933341110367,scr1995,avaStIn,bevFrtRoadLight
LU,h0552,0.4421476660354572,scr1995,avaStIn,bevFrtRoadLight
LU,h0553,0.4241707546574749,scr1995,avaStIn,bevFrtRoadLight
LU,h0554,0.42041737236492704,scr1995,avaStIn,bevFrtRoadLight
LU,h0555,0.4350085499835714,scr1995,avaStIn,bevFrtRoadLight
LU,h0556,0.451746329447546,scr1995,avaStIn,bevFrtRoadLight
LU,h0557,0.4604138747613745,scr1995,avaStIn,bevFrtRoadLight
LU,h0558,0.45012798266384146,scr1995,avaStIn,bevFrtRoadLight
LU,h0559,0.4275548125092713,scr1995,avaStIn,bevFrtRoadLight
LU,h0560,0.40971929895410075,scr1995,avaStIn,bevFrtRoadLight
LU,h0561,0.41692976682231464,scr1995,avaStIn,bevFrtRoadLight
LU,h0562,0.4492241211131014,scr1995,avaStIn,bevFrtRoadLight
LU,h0563,0.48975714412554394,scr1995,avaStIn,bevFrtRoadLight
LU,h0564,0.5206617867481357,scr1995,avaStIn,bevFrtRoadLight
LU,h0565,0.49529424560017543,scr1995,avaStIn,bevFrtRoadLight
LU,h0566,0.4628450451116344,scr1995,avaStIn,bevFrtRoadLight
LU,h0567,0.4354358800677709,scr1995,avaStIn,bevFrtRoadLight
LU,h0568,0.46070491956491055,scr1995,avaStIn,bevFrtRoadLight
LU,h0569,0.4930229701445805,scr1995,avaStIn,bevFrtRoadLight
LU,h0570,0.5227219694183841,scr1995,avaStIn,bevFrtRoadLight
LU,h0571,0.4973028397836038,scr1995,avaStIn,bevFrtRoadLight
LU,h0572,0.44105087136717547,scr1995,avaStIn,bevFrtRoadLight
LU,h0573,0.3780715220810563,scr1995,avaStIn,bevFrtRoadLight
LU,h0574,0.3651732684624296,scr1995,avaStIn,bevFrtRoadLight
LU,h0575,0.37819407508686786,scr1995,avaStIn,bevFrtRoadLight
LU,h0576,0.39030528136459475,scr1995,avaStIn,bevFrtRoadLight
LU,h0577,0.39676844770380715,scr1995,avaStIn,bevFrtRoadLight
LU,h0578,0.394126679824481,scr1995,avaStIn,bevFrtRoadLight
LU,h0579,0.38987622113496045,scr1995,avaStIn,bevFrtRoadLight
LU,h0580,0.3949010730157553,scr1995,avaStIn,bevFrtRoadLight
LU,h0581,0.4070515770334633,scr1995,avaStIn,bevFrtRoadLight
LU,h0582,0.4208976614733183,scr1995,avaStIn,bevFrtRoadLight
LU,h0583,0.431200373449243,scr1995,avaStIn,bevFrtRoadLight
LU,h0584,0.4476631091420812,scr1995,avaStIn,bevFrtRoadLight
LU,h0585,0.459819945642168,scr1995,avaStIn,bevFrtRoadLight
LU,h0586,0.4680993229495969,scr1995,avaStIn,bevFrtRoadLight
LU,h0587,0.46486237923748064,scr1995,avaStIn,bevFrtRoadLight
LU,h0588,0.4365357697383475,scr1995,avaStIn,bevFrtRoadLight
LU,h0589,0.42024922761105055,scr1995,avaStIn,bevFrtRoadLight
LU,h0590,0.4096206610494807,scr1995,avaStIn,bevFrtRoadLight
LU,h0591,0.4354358800677709,scr1995,avaStIn,bevFrtRoadLight
LU,h0592,0.46070491956491055,scr1995,avaStIn,bevFrtRoadLight
LU,h0593,0.4930229701445805,scr1995,avaStIn,bevFrtRoadLight
LU,h0594,0.5227219694183841,scr1995,avaStIn,bevFrtRoadLight
LU,h0595,0.4973028397836038,scr1995,avaStIn,bevFrtRoadLight
LU,h0596,0.44105087136717547,scr1995,avaStIn,bevFrtRoadLight
LU,h0597,0.3780715220810563,scr1995,avaStIn,bevFrtRoadLight
LU,h0598,0.3651732684624296,scr1995,avaStIn,bevFrtRoadLight
LU,h0599,0.37819407508686786,scr1995,avaStIn,bevFrtRoadLight
LU,h0600,0.39030528136459475,scr1995,avaStIn,bevFrtRoadLight
LU,h0601,0.39676844770380715,scr1995,avaStIn,bevFrtRoadLight
LU,h0602,0.394126679824481,scr1995,avaStIn,bevFrtRoadLight
LU,h0603,0.38987622113496045,scr1995,avaStIn,bevFrtRoadLight
LU,h0604,0.3949010730157553,scr1995,avaStIn,bevFrtRoadLight
LU,h0605,0.4070515770334633,scr1995,avaStIn,bevFrtRoadLight
LU,h0606,0.4208976614733183,scr1995,avaStIn,bevFrtRoadLight
LU,h0607,0.431200373449243,scr1995,avaStIn,bevFrtRoadLight
LU,h0608,0.4476631091420812,scr1995,avaStIn,bevFrtRoadLight
LU,h0609,0.459819945642168,scr1995,avaStIn,bevFrtRoadLight
LU,h0610,0.4680993229495969,scr1995,avaStIn,bevFrtRoadLight
LU,h0611,0.46486237923748064,scr1995,avaStIn,bevFrtRoadLight
LU,h0612,0.4365357697383475,scr1995,avaStIn,bevFrtRoadLight
LU,h0613,0.42024922761105055,scr1995,avaStIn,bevFrtRoadLight
LU,h0614,0.4096206610494807,scr1995,avaStIn,bevFrtRoadLight
LU,h0615,0.4354358800677709,scr1995,avaStIn,bevFrtRoadLight
LU,h0616,0.46070491956491055,scr1995,avaStIn,bevFrtRoadLight
LU,h0617,0.4930229701445805,scr1995,avaStIn,bevFrtRoadLight
LU,h0618,0.5227219694183841,scr1995,avaStIn,bevFrtRoadLight
LU,h0619,0.5491092959310323,scr1995,avaStIn,bevFrtRoadLight
LU,h0620,0.5660273446388822,scr1995,avaStIn,bevFrtRoadLight
LU,h0621,0.5694377234652451,scr1995,avaStIn,bevFrtRoadLight
LU,h0622,0.5523077077296228,scr1995,avaStIn,bevFrtRoadLight
LU,h0623,0.5202159512310937,scr1995,avaStIn,bevFrtRoadLight
LU,h0624,0.47844313410101147,scr1995,avaStIn,bevFrtRoadLight
LU,h0625,0.4496409140263561,scr1995,avaStIn,bevFrtRoadLight
LU,h0626,0.43209058696765357,scr1995,avaStIn,bevFrtRoadLight
LU,h0627,0.41839596165892534,scr1995,avaStIn,bevFrtRoadLight
LU,h0628,0.39560193318277737,scr1995,avaStIn,bevFrtRoadLight
LU,h0629,0.3767263211064922,scr1995,avaStIn,bevFrtRoadLight
LU,h0630,0.3834870441325797,scr1995,avaStIn,bevFrtRoadLight
LU,h0631,0.41751535673084994,scr1995,avaStIn,bevFrtRoadLight
LU,h0632,0.46915180370731313,scr1995,avaStIn,bevFrtRoadLight
LU,h0633,0.508919129197644,scr1995,avaStIn,bevFrtRoadLight
LU,h0634,0.5246670544400583,scr1995,avaStIn,bevFrtRoadLight
LU,h0635,0.5146754500258794,scr1995,avaStIn,bevFrtRoadLight
LU,h0636,0.4951064908438997,scr1995,avaStIn,bevFrtRoadLight
LU,h0637,0.485940470592523,scr1995,avaStIn,bevFrtRoadLight
LU,h0638,0.4874922753166979,scr1995,avaStIn,bevFrtRoadLight
LU,h0639,0.49902806979994396,scr1995,avaStIn,bevFrtRoadLight
LU,h0640,0.5156345122766356,scr1995,avaStIn,bevFrtRoadLight
LU,h0641,0.5202103771791662,scr1995,avaStIn,bevFrtRoadLight
LU,h0642,0.509835145303465,scr1995,avaStIn,bevFrtRoadLight
LU,h0643,0.47835906407490014,scr1995,avaStIn,bevFrtRoadLight
LU,h0644,0.4418819895704986,scr1995,avaStIn,bevFrtRoadLight
LU,h0645,0.4127872338607794,scr1995,avaStIn,bevFrtRoadLight
LU,h0646,0.397048616042487,scr1995,avaStIn,bevFrtRoadLight
LU,h0647,0.39602459376056587,scr1995,avaStIn,bevFrtRoadLight
LU,h0648,0.40316203252430516,scr1995,avaStIn,bevFrtRoadLight
LU,h0649,0.416180688141642,scr1995,avaStIn,bevFrtRoadLight
LU,h0650,0.4247932393212722,scr1995,avaStIn,bevFrtRoadLight
LU,h0651,0.41839596165892534,scr1995,avaStIn,bevFrtRoadLight
LU,h0652,0.39560193318277737,scr1995,avaStIn,bevFrtRoadLight
LU,h0653,0.3767263211064922,scr1995,avaStIn,bevFrtRoadLight
LU,h0654,0.3834870441325797,scr1995,avaStIn,bevFrtRoadLight
LU,h0655,0.41751535673084994,scr1995,avaStIn,bevFrtRoadLight
LU,h0656,0.46915180370731313,scr1995,avaStIn,bevFrtRoadLight
LU,h0657,0.508919129197644,scr1995,avaStIn,bevFrtRoadLight
LU,h0658,0.5246670544400583,scr1995,avaStIn,bevFrtRoadLight
LU,h0659,0.5146754500258794,scr1995,avaStIn,bevFrtRoadLight
LU,h0660,0.4951064908438997,scr1995,avaStIn,bevFrtRoadLight
LU,h0661,0.4246653332821728,scr1995,avaStIn,bevFrtRoadLight
LU,h0662,0.37996946347264304,scr1995,avaStIn,bevFrtRoadLight
LU,h0663,0.36834480165138994,scr1995,avaStIn,bevFrtRoadLight
LU,h0664,0.43639289954265337,scr1995,avaStIn,bevFrtRoadLight
LU,h0665,0.48453569830379983,scr1995,avaStIn,bevFrtRoadLight
LU,h0666,0.4983772155540289,scr1995,avaStIn,bevFrtRoadLight
LU,h0667,0.479716893383465,scr1995,avaStIn,bevFrtRoadLight
LU,h0668,0.4442036654846514,scr1995,avaStIn,bevFrtRoadLight
LU,h0669,0.4127872338607794,scr1995,avaStIn,bevFrtRoadLight
LU,h0670,0.397048616042487,scr1995,avaStIn,bevFrtRoadLight
LU,h0671,0.39602459376056587,scr1995,avaStIn,bevFrtRoadLight
LU,h0672,0.40316203252430516,scr1995,avaStIn,bevFrtRoadLight
NO,h0505,0.4189616602698403,scr1995,avaStIn,bevFrtRoadLight
NO,h0506,0.44316263746287854,scr1995,avaStIn,bevFrtRoadLight
NO,h0507,0.4666151112420711,scr1995,avaStIn,bevFrtRoadLight
NO,h0508,0.45832645881139555,scr1995,avaStIn,bevFrtRoadLight
NO,h0509,0.4575215740258525,scr1995,avaStIn,bevFrtRoadLight
NO,h0510,0.47148022278264967,scr1995,avaStIn,bevFrtRoadLight
NO,h0511,0.45278396719135405,scr1995,avaStIn,bevFrtRoadLight
NO,h0512,0.4321968269076082,scr1995,avaStIn,bevFrtRoadLight
NO,h0513,0.41692976682231464,scr1995,avaStIn,bevFrtRoadLight
NO,h0514,0.4492241211131014,scr1995,avaStIn,bevFrtRoadLight
NO,h0515,0.48975714412554394,scr1995,avaStIn,bevFrtRoadLight
NO,h0516,0.5206617867481357,scr1995,avaStIn,bevFrtRoadLight
NO,h0517,0.5030312066648693,scr1995,avaStIn,bevFrtRoadLight
NO,h0518,0.46430567818254775,scr1995,avaStIn,bevFrtRoadLight
NO,h0519,0.3930115245300315,scr1995,avaStIn,bevFrtRoadLight
NO,h0520,0.3383128612832066,scr1995,avaStIn,bevFrtRoadLight
NO,h0521,0.2949078707645617,scr1995,avaStIn,bevFrtRoadLight
NO,h0522,0.30032532288300284,scr1995,avaStIn,bevFrtRoadLight
NO,h0523,0.37031889442133714,scr1995,avaStIn,bevFrtRoadLight
NO,h0524,0.439566819115495,scr1995,avaStIn,bevFrtRoadLight
NO,h0525,0.4842205316258411,scr1995,avaStIn,bevFrtRoadLight
NO,h0526,0.48177042584781093,scr1995,avaStIn,bevFrtRoadLight
NO,h0527,0.4649933341110368,scr1995,avaStIn,bevFrtRoadLight
NO,h0528,0.4421476660354572,scr1995,avaStIn,bevFrtRoadLight
NO,h0529,0.40457118840562833,scr1995,avaStIn,bevFrtRoadLight
NO,h0530,0.3965887476744546,scr1995,avaStIn,bevFrtRoadLight
NO,h0531,0.4189648810301996,scr1995,avaStIn,bevFrtRoadLight
NO,h0532,0.47669159584913956,scr1995,avaStIn,bevFrtRoadLight
NO,h0533,0.5156198975065492,scr1995,avaStIn,bevFrtRoadLight
NO,h0534,0.5320199439771598,scr1995,avaStIn,bevFrtRoadLight
NO,h0535,0.489664575276482,scr1995,avaStIn,bevFrtRoadLight
NO,h0536,0.445275594397034,scr1995,avaStIn,bevFrtRoadLight
NO,h0537,0.41692976682231464,scr1995,avaStIn,bevFrtRoadLight
NO,h0538,0.4492241211131014,scr1995,avaStIn,bevFrtRoadLight
NO,h0539,0.48975714412554394,scr1995,avaStIn,bevFrtRoadLight
NO,h0540,0.5206617867481357,scr1995,avaStIn,bevFrtRoadLight
NO,h0541,0.5280978832077089,scr1995,avaStIn,bevFrtRoadLight
NO,h0542,0.5124807931759494,scr1995,avaStIn,bevFrtRoadLight
NO,h0543,0.4761436847441386,scr1995,avaStIn,bevFrtRoadLight
NO,h0544,0.43500854961948865,scr1995,avaStIn,bevFrtRoadLight
NO,h0545,0.4094164381422851,scr1995,avaStIn,bevFrtRoadLight
NO,h0546,0.41070005893656325,scr1995,avaStIn,bevFrtRoadLight
NO,h0547,0.43881390042054824,scr1995,avaStIn,bevFrtRoadLight
NO,h0548,0.46852756847703914,scr1995,avaStIn,bevFrtRoadLight
NO,h0549,0.4842205316258411,scr1995,avaStIn,bevFrtRoadLight
NO,h0550,0.48177042584781093,scr1995,avaStIn,bevFrtRoadLight
NO,h0551,0.4649933341110368,scr1995,avaStIn,bevFrtRoadLight
NO,h0552,0.4421476660354572,scr1995,avaStIn,bevFrtRoadLight
NO,h0553,0.4241707546574749,scr1995,avaStIn,bevFrtRoadLight
NO,h0554,0.42041737236492704,scr1995,avaStIn,bevFrtRoadLight
NO,h0555,0.4350085499835714,scr1995,avaStIn,bevFrtRoadLight
NO,h0556,0.4517463294475461,scr1995,avaStIn,bevFrtRoadLight
NO,h0557,0.46041387476137463,scr1995,avaStIn,bevFrtRoadLight
NO,h0558,0.45012798266384146,scr1995,avaStIn,bevFrtRoadLight
NO,h0559,0.4275548125092713,scr1995,avaStIn,bevFrtRoadLight
NO,h0560,0.40971929895410075,scr1995,avaStIn,bevFrtRoadLight
NO,h0561,0.41692976682231464,scr1995,avaStIn,bevFrtRoadLight
NO,h0562,0.4492241211131014,scr1995,avaStIn,bevFrtRoadLight
NO,h0563,0.48975714412554394,scr1995,avaStIn,bevFrtRoadLight
NO,h0564,0.5206617867481357,scr1995,avaStIn,bevFrtRoadLight
NO,h0565,0.49529424560017543,scr1995,avaStIn,bevFrtRoadLight
NO,h0566,0.4628450451116344,scr1995,avaStIn,bevFrtRoadLight
NO,h0567,0.4354358800677708,scr1995,avaStIn,bevFrtRoadLight
NO,h0568,0.46070491956491055,scr1995,avaStIn,bevFrtRoadLight
NO,h0569,0.4930229701445805,scr1995,avaStIn,bevFrtRoadLight
NO,h0570,0.5227219694183841,scr1995,avaStIn,bevFrtRoadLight
NO,h0571,0.4973028397836038,scr1995,avaStIn,bevFrtRoadLight
NO,h0572,0.44105087136717547,scr1995,avaStIn,bevFrtRoadLight
NO,h0573,0.3780715220810563,scr1995,avaStIn,bevFrtRoadLight
NO,h0574,0.3651732684624295,scr1995,avaStIn,bevFrtRoadLight
NO,h0575,0.37819407508686786,scr1995,avaStIn,bevFrtRoadLight
NO,h0576,0.39030528136459475,scr1995,avaStIn,bevFrtRoadLight
NO,h0577,0.39676844770380715,scr1995,avaStIn,bevFrtRoadLight
NO,h0578,0.394126679824481,scr1995,avaStIn,bevFrtRoadLight
NO,h0579,0.38987622113496045,scr1995,avaStIn,bevFrtRoadLight
NO,h0580,0.3949010730157553,scr1995,avaStIn,bevFrtRoadLight
NO,h0581,0.4070515770334633,scr1995,avaStIn,bevFrtRoadLight
NO,h0582,0.4208976614733184,scr1995,avaStIn,bevFrtRoadLight
NO,h0583,0.431200373449243,scr1995,avaStIn,bevFrtRoadLight
NO,h0584,0.4476631091420812,scr1995,avaStIn,bevFrtRoadLight
NO,h0585,0.459819945642168,scr1995,avaStIn,bevFrtRoadLight
NO,h0586,0.4680993229495969,scr1995,avaStIn,bevFrtRoadLight
NO,h0587,0.46486237923748064,scr1995,avaStIn,bevFrtRoadLight
NO,h0588,0.4365357697383475,scr1995,avaStIn,bevFrtRoadLight
NO,h0589,0.42024922761105055,scr1995,avaStIn,bevFrtRoadLight
NO,h0590,0.4096206610494807,scr1995,avaStIn,bevFrtRoadLight
NO,h0591,0.4354358800677708,scr1995,avaStIn,bevFrtRoadLight
NO,h0592,0.46070491956491055,scr1995,avaStIn,bevFrtRoadLight
NO,h0593,0.4930229701445805,scr1995,avaStIn,bevFrtRoadLight
NO,h0594,0.5227219694183841,scr1995,avaStIn,bevFrtRoadLight
NO,h0595,0.4973028397836038,scr1995,avaStIn,bevFrtRoadLight
NO,h0596,0.44105087136717547,scr1995,avaStIn,bevFrtRoadLight
NO,h0597,0.3780715220810563,scr1995,avaStIn,bevFrtRoadLight
NO,h0598,0.3651732684624295,scr1995,avaStIn,bevFrtRoadLight
NO,h0599,0.37819407508686786,scr1995,avaStIn,bevFrtRoadLight
NO,h0600,0.39030528136459475,scr1995,avaStIn,bevFrtRoadLight
NO,h0601,0.39676844770380715,scr1995,avaStIn,bevFrtRoadLight
NO,h0602,0.394126679824481,scr1995,avaStIn,bevFrtRoadLight
NO,h0603,0.38987622113496045,scr1995,avaStIn,bevFrtRoadLight
NO,h0604,0.3949010730157553,scr1995,avaStIn,bevFrtRoadLight
NO,h0605,0.4070515770334633,scr1995,avaStIn,bevFrtRoadLight
NO,h0606,0.4208976614733184,scr1995,avaStIn,bevFrtRoadLight
NO,h0607,0.431200373449243,scr1995,avaStIn,bevFrtRoadLight
NO,h0608,0.4476631091420812,scr1995,avaStIn,bevFrtRoadLight
NO,h0609,0.459819945642168,scr1995,avaStIn,bevFrtRoadLight
NO,h0610,0.4680993229495969,scr1995,avaStIn,bevFrtRoadLight
NO,h0611,0.46486237923748064,scr1995,avaStIn,bevFrtRoadLight
NO,h0612,0.4365357697383475,scr1995,avaStIn,bevFrtRoadLight
NO,h0613,0.42024922761105055,scr1995,avaStIn,bevFrtRoadLight
NO,h0614,0.4096206610494807,scr1995,avaStIn,bevFrtRoadLight
NO,h0615,0.4354358800677708,scr1995,avaStIn,bevFrtRoadLight
NO,h0616,0.46070491956491055,scr1995,avaStIn,bevFrtRoadLight
NO,h0617,0.4930229701445805,scr1995,avaStIn,bevFrtRoadLight
NO,h0618,0.5227219694183841,scr1995,avaStIn,bevFrtRoadLight
NO,h0619,0.5491092959310323,scr1995,avaStIn,bevFrtRoadLight
NO,h0620,0.5660273446388822,scr1995,avaStIn,bevFrtRoadLight
NO,h0621,0.5694377234652451,scr1995,avaStIn,bevFrtRoadLight
NO,h0622,0.5523077077296228,scr1995,avaStIn,bevFrtRoadLight
NO,h0623,0.5202159512310937,scr1995,avaStIn,bevFrtRoadLight
NO,h0624,0.47844313410101147,scr1995,avaStIn,bevFrtRoadLight
NO,h0625,0.4496409140263561,scr1995,avaStIn,bevFrtRoadLight
NO,h0626,0.4320905869676537,scr1995,avaStIn,bevFrtRoadLight
NO,h0627,0.4183959616589257,scr1995,avaStIn,bevFrtRoadLight
NO,h0628,0.3956019331827775,scr1995,avaStIn,bevFrtRoadLight
NO,h0629,0.3767263211064922,scr1995,avaStIn,bevFrtRoadLight
NO,h0630,0.3834870441325797,scr1995,avaStIn,bevFrtRoadLight
NO,h0631,0.41751535673084994,scr1995,avaStIn,bevFrtRoadLight
NO,h0632,0.46915180370731313,scr1995,avaStIn,bevFrtRoadLight
NO,h0633,0.508919129197644,scr1995,avaStIn,bevFrtRoadLight
NO,h0634,0.5246670544400582,scr1995,avaStIn,bevFrtRoadLight
NO,h0635,0.5146754500258794,scr1995,avaStIn,bevFrtRoadLight
NO,h0636,0.4951064908438997,scr1995,avaStIn,bevFrtRoadLight
NO,h0637,0.4859404705925229,scr1995,avaStIn,bevFrtRoadLight
NO,h0638,0.4874922753166979,scr1995,avaStIn,bevFrtRoadLight
NO,h0639,0.49902806979994396,scr1995,avaStIn,bevFrtRoadLight
NO,h0640,0.5156345122766356,scr1995,avaStIn,bevFrtRoadLight
NO,h0641,0.5202103771791663,scr1995,avaStIn,bevFrtRoadLight
NO,h0642,0.509835145303465,scr1995,avaStIn,bevFrtRoadLight
NO,h0643,0.47835906407490014,scr1995,avaStIn,bevFrtRoadLight
NO,h0644,0.4418819895704986,scr1995,avaStIn,bevFrtRoadLight
NO,h0645,0.4127872338607794,scr1995,avaStIn,bevFrtRoadLight
NO,h0646,0.397048616042487,scr1995,avaStIn,bevFrtRoadLight
NO,h0647,0.39602459376056576,scr1995,avaStIn,bevFrtRoadLight
NO,h0648,0.40316203252430516,scr1995,avaStIn,bevFrtRoadLight
NO,h0649,0.416180688141642,scr1995,avaStIn,bevFrtRoadLight
NO,h0650,0.42479323932127233,scr1995,avaStIn,bevFrtRoadLight
NO,h0651,0.4183959616589257,scr1995,avaStIn,bevFrtRoadLight
NO,h0652,0.3956019331827775,scr1995,avaStIn,bevFrtRoadLight
NO,h0653,0.3767263211064922,scr1995,avaStIn,bevFrtRoadLight
NO,h0654,0.3834870441325797,scr1995,avaStIn,bevFrtRoadLight
NO,h0655,0.41751535673084994,scr1995,avaStIn,bevFrtRoadLight
NO,h0656,0.46915180370731313,scr1995,avaStIn,bevFrtRoadLight
NO,h0657,0.508919129197644,scr1995,avaStIn,bevFrtRoadLight
NO,h0658,0.5246670544400582,scr1995,avaStIn,bevFrtRoadLight
NO,h0659,0.5146754500258794,scr1995,avaStIn,bevFrtRoadLight
NO,h0660,0.4951064908438997,scr1995,avaStIn,bevFrtRoadLight
NO,h0661,0.4246653332821728,scr1995,avaStIn,bevFrtRoadLight
NO,h0662,0.37996946347264315,scr1995,avaStIn,bevFrtRoadLight
NO,h0663,0.36834480165138994,scr1995,avaStIn,bevFrtRoadLight
NO,h0664,0.43639289954265337,scr1995,avaStIn,bevFrtRoadLight
NO,h0665,0.48453569830379983,scr1995,avaStIn,bevFrtRoadLight
NO,h0666,0.4983772155540289,scr1995,avaStIn,bevFrtRoadLight
NO,h0667,0.479716893383465,scr1995,avaStIn,bevFrtRoadLight
NO,h0668,0.4442036654846514,scr1995,avaStIn,bevFrtRoadLight
NO,h0669,0.4127872338607794,scr1995,avaStIn,bevFrtRoadLight
NO,h0670,0.397048616042487,scr1995,avaStIn,bevFrtRoadLight
NO,h0671,0.39602459376056576,scr1995,avaStIn,bevFrtRoadLight
NO,h0672,0.40316203252430516,scr1995,avaStIn,bevFrtRoadLight
PL,h0505,0.4189616602698403,scr1995,avaStIn,bevFrtRoadLight
PL,h0506,0.44316263746287865,scr1995,avaStIn,bevFrtRoadLight
PL,h0507,0.466615111242071,scr1995,avaStIn,bevFrtRoadLight
PL,h0508,0.45832645881139567,scr1995,avaStIn,bevFrtRoadLight
PL,h0509,0.4575215740258525,scr1995,avaStIn,bevFrtRoadLight
PL,h0510,0.4714802227826498,scr1995,avaStIn,bevFrtRoadLight
PL,h0511,0.45278396719135405,scr1995,avaStIn,bevFrtRoadLight
PL,h0512,0.4321968269076083,scr1995,avaStIn,bevFrtRoadLight
PL,h0513,0.41692976682231475,scr1995,avaStIn,bevFrtRoadLight
PL,h0514,0.4492241211131014,scr1995,avaStIn,bevFrtRoadLight
PL,h0515,0.48975714412554394,scr1995,avaStIn,bevFrtRoadLight
PL,h0516,0.5206617867481357,scr1995,avaStIn,bevFrtRoadLight
PL,h0517,0.5030312066648692,scr1995,avaStIn,bevFrtRoadLight
PL,h0518,0.46430567818254775,scr1995,avaStIn,bevFrtRoadLight
PL,h0519,0.3930115245300315,scr1995,avaStIn,bevFrtRoadLight
PL,h0520,0.3383128612832066,scr1995,avaStIn,bevFrtRoadLight
PL,h0521,0.2949078707645617,scr1995,avaStIn,bevFrtRoadLight
PL,h0522,0.30032532288300284,scr1995,avaStIn,bevFrtRoadLight
PL,h0523,0.37031889442133714,scr1995,avaStIn,bevFrtRoadLight
PL,h0524,0.439566819115495,scr1995,avaStIn,bevFrtRoadLight
PL,h0525,0.4842205316258411,scr1995,avaStIn,bevFrtRoadLight
PL,h0526,0.48177042584781093,scr1995,avaStIn,bevFrtRoadLight
PL,h0527,0.4649933341110368,scr1995,avaStIn,bevFrtRoadLight
PL,h0528,0.4421476660354572,scr1995,avaStIn,bevFrtRoadLight
PL,h0529,0.40457118840562833,scr1995,avaStIn,bevFrtRoadLight
PL,h0530,0.3965887476744546,scr1995,avaStIn,bevFrtRoadLight
PL,h0531,0.4189648810301997,scr1995,avaStIn,bevFrtRoadLight
PL,h0532,0.47669159584913956,scr1995,avaStIn,bevFrtRoadLight
PL,h0533,0.5156198975065492,scr1995,avaStIn,bevFrtRoadLight
PL,h0534,0.5320199439771598,scr1995,avaStIn,bevFrtRoadLight
PL,h0535,0.489664575276482,scr1995,avaStIn,bevFrtRoadLight
PL,h0536,0.4452755943970341,scr1995,avaStIn,bevFrtRoadLight
PL,h0537,0.41692976682231475,scr1995,avaStIn,bevFrtRoadLight
PL,h0538,0.4492241211131014,scr1995,avaStIn,bevFrtRoadLight
PL,h0539,0.48975714412554394,scr1995,avaStIn,bevFrtRoadLight
PL,h0540,0.5206617867481357,scr1995,avaStIn,bevFrtRoadLight
PL,h0541,0.5280978832077089,scr1995,avaStIn,bevFrtRoadLight
PL,h0542,0.5124807931759494,scr1995,avaStIn,bevFrtRoadLight
PL,h0543,0.4761436847441386,scr1995,avaStIn,bevFrtRoadLight
PL,h0544,0.43500854961948876,scr1995,avaStIn,bevFrtRoadLight
PL,h0545,0.409416438142285,scr1995,avaStIn,bevFrtRoadLight
PL,h0546,0.41070005893656325,scr1995,avaStIn,bevFrtRoadLight
PL,h0547,0.43881390042054813,scr1995,avaStIn,bevFrtRoadLight
PL,h0548,0.46852756847703914,scr1995,avaStIn,bevFrtRoadLight
PL,h0549,0.4842205316258411,scr1995,avaStIn,bevFrtRoadLight
PL,h0550,0.48177042584781093,scr1995,avaStIn,bevFrtRoadLight
PL,h0551,0.4649933341110368,scr1995,avaStIn,bevFrtRoadLight
PL,h0552,0.4421476660354572,scr1995,avaStIn,bevFrtRoadLight
PL,h0553,0.4241707546574749,scr1995,avaStIn,bevFrtRoadLight
PL,h0554,0.42041737236492704,scr1995,avaStIn,bevFrtRoadLight
PL,h0555,0.4350085499835714,scr1995,avaStIn,bevFrtRoadLight
PL,h0556,0.451746329447546,scr1995,avaStIn,bevFrtRoadLight
PL,h0557,0.4604138747613745,scr1995,avaStIn,bevFrtRoadLight
PL,h0558,0.45012798266384146,scr1995,avaStIn,bevFrtRoadLight
PL,h0559,0.4275548125092713,scr1995,avaStIn,bevFrtRoadLight
PL,h0560,0.40971929895410086,scr1995,avaStIn,bevFrtRoadLight
PL,h0561,0.41692976682231475,scr1995,avaStIn,bevFrtRoadLight
PL,h0562,0.4492241211131014,scr1995,avaStIn,bevFrtRoadLight
PL,h0563,0.48975714412554394,scr1995,avaStIn,bevFrtRoadLight
PL,h0564,0.5206617867481357,scr1995,avaStIn,bevFrtRoadLight
PL,h0565,0.49529424560017543,scr1995,avaStIn,bevFrtRoadLight
PL,h0566,0.4628450451116344,scr1995,avaStIn,bevFrtRoadLight
PL,h0567,0.4354358800677709,scr1995,avaStIn,bevFrtRoadLight
PL,h0568,0.46070491956491055,scr1995,avaStIn,bevFrtRoadLight
PL,h0569,0.4930229701445805,scr1995,avaStIn,bevFrtRoadLight
PL,h0570,0.5227219694183841,scr1995,avaStIn,bevFrtRoadLight
PL,h0571,0.4973028397836038,scr1995,avaStIn,bevFrtRoadLight
PL,h0572,0.44105087136717547,scr1995,avaStIn,bevFrtRoadLight
PL,h0573,0.3780715220810563,scr1995,avaStIn,bevFrtRoadLight
PL,h0574,0.3651732684624296,scr1995,avaStIn,bevFrtRoadLight
PL,h0575,0.37819407508686786,scr1995,avaStIn,bevFrtRoadLight
PL,h0576,0.39030528136459475,scr1995,avaStIn,bevFrtRoadLight
PL,h0577,0.39676844770380715,scr1995,avaStIn,bevFrtRoadLight
PL,h0578,0.394126679824481,scr1995,avaStIn,bevFrtRoadLight
PL,h0579,0.38987622113496045,scr1995,avaStIn,bevFrtRoadLight
PL,h0580,0.39490107301575517,scr1995,avaStIn,bevFrtRoadLight
PL,h0581,0.4070515770334632,scr1995,avaStIn,bevFrtRoadLight
PL,h0582,0.4208976614733184,scr1995,avaStIn,bevFrtRoadLight
PL,h0583,0.431200373449243,scr1995,avaStIn,bevFrtRoadLight
PL,h0584,0.4476631091420812,scr1995,avaStIn,bevFrtRoadLight
PL,h0585,0.459819945642168,scr1995,avaStIn,bevFrtRoadLight
PL,h0586,0.4680993229495969,scr1995,avaStIn,bevFrtRoadLight
PL,h0587,0.46486237923748064,scr1995,avaStIn,bevFrtRoadLight
PL,h0588,0.4365357697383475,scr1995,avaStIn,bevFrtRoadLight
PL,h0589,0.4202492276110503,scr1995,avaStIn,bevFrtRoadLight
PL,h0590,0.4096206610494807,scr1995,avaStIn,bevFrtRoadLight
PL,h0591,0.4354358800677709,scr1995,avaStIn,bevFrtRoadLight
PL,h0592,0.46070491956491055,scr1995,avaStIn,bevFrtRoadLight
PL,h0593,0.4930229701445805,scr1995,avaStIn,bevFrtRoadLight
PL,h0594,0.5227219694183841,scr1995,avaStIn,bevFrtRoadLight
PL,h0595,0.4973028397836038,scr1995,avaStIn,bevFrtRoadLight
PL,h0596,0.44105087136717547,scr1995,avaStIn,bevFrtRoadLight
PL,h0597,0.3780715220810563,scr1995,avaStIn,bevFrtRoadLight
PL,h0598,0.3651732684624296,scr1995,avaStIn,bevFrtRoadLight
PL,h0599,0.37819407508686786,scr1995,avaStIn,bevFrtRoadLight
PL,h0600,0.39030528136459475,scr1995,avaStIn,bevFrtRoadLight
PL,h0601,0.39676844770380715,scr1995,avaStIn,bevFrtRoadLight
PL,h0602,0.394126679824481,scr1995,avaStIn,bevFrtRoadLight
PL,h0603,0.38987622113496045,scr1995,avaStIn,bevFrtRoadLight
PL,h0604,0.39490107301575517,scr1995,avaStIn,bevFrtRoadLight
PL,h0605,0.4070515770334632,scr1995,avaStIn,bevFrtRoadLight
PL,h0606,0.4208976614733184,scr1995,avaStIn,bevFrtRoadLight
PL,h0607,0.431200373449243,scr1995,avaStIn,bevFrtRoadLight
PL,h0608,0.4476631091420812,scr1995,avaStIn,bevFrtRoadLight
PL,h0609,0.459819945642168,scr1995,avaStIn,bevFrtRoadLight
PL,h0610,0.4680993229495969,scr1995,avaStIn,bevFrtRoadLight
PL,h0611,0.46486237923748064,scr1995,avaStIn,bevFrtRoadLight
PL,h0612,0.4365357697383475,scr1995,avaStIn,bevFrtRoadLight
PL,h0613,0.4202492276110503,scr1995,avaStIn,bevFrtRoadLight
PL,h0614,0.4096206610494807,scr1995,avaStIn,bevFrtRoadLight
PL,h0615,0.4354358800677709,scr1995,avaStIn,bevFrtRoadLight
PL,h0616,0.46070491956491055,scr1995,avaStIn,bevFrtRoadLight
PL,h0617,0.4930229701445805,scr1995,avaStIn,bevFrtRoadLight
PL,h0618,0.5227219694183841,scr1995,avaStIn,bevFrtRoadLight
PL,h0619,0.5491092959310323,scr1995,avaStIn,bevFrtRoadLight
PL,h0620,0.5660273446388822,scr1995,avaStIn,bevFrtRoadLight
PL,h0621,0.5694377234652451,scr1995,avaStIn,bevFrtRoadLight
PL,h0622,0.5523077077296228,scr1995,avaStIn,bevFrtRoadLight
PL,h0623,0.5202159512310937,scr1995,avaStIn,bevFrtRoadLight
PL,h0624,0.47844313410101147,scr1995,avaStIn,bevFrtRoadLight
PL,h0625,0.4496409140263563,scr1995,avaStIn,bevFrtRoadLight
PL,h0626,0.4320905869676537,scr1995,avaStIn,bevFrtRoadLight
PL,h0627,0.41839596165892556,scr1995,avaStIn,bevFrtRoadLight
PL,h0628,0.39560193318277737,scr1995,avaStIn,bevFrtRoadLight
PL,h0629,0.3767263211064922,scr1995,avaStIn,bevFrtRoadLight
PL,h0630,0.3834870441325797,scr1995,avaStIn,bevFrtRoadLight
PL,h0631,0.41751535673084994,scr1995,avaStIn,bevFrtRoadLight
PL,h0632,0.46915180370731313,scr1995,avaStIn,bevFrtRoadLight
PL,h0633,0.508919129197644,scr1995,avaStIn,bevFrtRoadLight
PL,h0634,0.5246670544400583,scr1995,avaStIn,bevFrtRoadLight
PL,h0635,0.5146754500258794,scr1995,avaStIn,bevFrtRoadLight
PL,h0636,0.4951064908438997,scr1995,avaStIn,bevFrtRoadLight
PL,h0637,0.4859404705925229,scr1995,avaStIn,bevFrtRoadLight
PL,h0638,0.4874922753166979,scr1995,avaStIn,bevFrtRoadLight
PL,h0639,0.49902806979994396,scr1995,avaStIn,bevFrtRoadLight
PL,h0640,0.5156345122766356,scr1995,avaStIn,bevFrtRoadLight
PL,h0641,0.5202103771791662,scr1995,avaStIn,bevFrtRoadLight
PL,h0642,0.509835145303465,scr1995,avaStIn,bevFrtRoadLight
PL,h0643,0.47835906407490014,scr1995,avaStIn,bevFrtRoadLight
PL,h0644,0.4418819895704986,scr1995,avaStIn,bevFrtRoadLight
PL,h0645,0.4127872338607794,scr1995,avaStIn,bevFrtRoadLight
PL,h0646,0.397048616042487,scr1995,avaStIn,bevFrtRoadLight
PL,h0647,0.39602459376056587,scr1995,avaStIn,bevFrtRoadLight
PL,h0648,0.40316203252430516,scr1995,avaStIn,bevFrtRoadLight
PL,h0649,0.416180688141642,scr1995,avaStIn,bevFrtRoadLight
PL,h0650,0.4247932393212722,scr1995,avaStIn,bevFrtRoadLight
PL,h0651,0.41839596165892556,scr1995,avaStIn,bevFrtRoadLight
PL,h0652,0.39560193318277737,scr1995,avaStIn,bevFrtRoadLight
PL,h0653,0.3767263211064922,scr1995,avaStIn,bevFrtRoadLight
PL,h0654,0.3834870441325797,scr1995,avaStIn,bevFrtRoadLight
PL,h0655,0.41751535673084994,scr1995,avaStIn,bevFrtRoadLight
PL,h0656,0.46915180370731313,scr1995,avaStIn,bevFrtRoadLight
PL,h0657,0.508919129197644,scr1995,avaStIn,bevFrtRoadLight
PL,h0658,0.5246670544400583,scr1995,avaStIn,bevFrtRoadLight
PL,h0659,0.5146754500258794,scr1995,avaStIn,bevFrtRoadLight
PL,h0660,0.4951064908438997,scr1995,avaStIn,bevFrtRoadLight
PL,h0661,0.4246653332821728,scr1995,avaStIn,bevFrtRoadLight
PL,h0662,0.37996946347264304,scr1995,avaStIn,bevFrtRoadLight
PL,h0663,0.36834480165138994,scr1995,avaStIn,bevFrtRoadLight
PL,h0664,0.43639289954265337,scr1995,avaStIn,bevFrtRoadLight
PL,h0665,0.48453569830379983,scr1995,avaStIn,bevFrtRoadLight
PL,h0666,0.4983772155540289,scr1995,avaStIn,bevFrtRoadLight
PL,h0667,0.479716893383465,scr1995,avaStIn,bevFrtRoadLight
PL,h0668,0.4442036654846512,scr1995,avaStIn,bevFrtRoadLight
PL,h0669,0.4127872338607794,scr1995,avaStIn,bevFrtRoadLight
PL,h0670,0.397048616042487,scr1995,avaStIn,bevFrtRoadLight
PL,h0671,0.39602459376056587,scr1995,avaStIn,bevFrtRoadLight
PL,h0672,0.40316203252430516,scr1995,avaStIn,bevFrtRoadLight
RO,h0505,0.4189616602698403,scr1995,avaStIn,bevFrtRoadLight
RO,h0506,0.44316263746287865,scr1995,avaStIn,bevFrtRoadLight
RO,h0507,0.4666151112420711,scr1995,avaStIn,bevFrtRoadLight
RO,h0508,0.45832645881139567,scr1995,avaStIn,bevFrtRoadLight
RO,h0509,0.4575215740258525,scr1995,avaStIn,bevFrtRoadLight
RO,h0510,0.4714802227826498,scr1995,avaStIn,bevFrtRoadLight
RO,h0511,0.45278396719135405,scr1995,avaStIn,bevFrtRoadLight
RO,h0512,0.4321968269076082,scr1995,avaStIn,bevFrtRoadLight
RO,h0513,0.41692976682231464,scr1995,avaStIn,bevFrtRoadLight
RO,h0514,0.4492241211131014,scr1995,avaStIn,bevFrtRoadLight
RO,h0515,0.48975714412554394,scr1995,avaStIn,bevFrtRoadLight
RO,h0516,0.5206617867481357,scr1995,avaStIn,bevFrtRoadLight
RO,h0517,0.5030312066648692,scr1995,avaStIn,bevFrtRoadLight
RO,h0518,0.46430567818254775,scr1995,avaStIn,bevFrtRoadLight
RO,h0519,0.3930115245300315,scr1995,avaStIn,bevFrtRoadLight
RO,h0520,0.3383128612832066,scr1995,avaStIn,bevFrtRoadLight
RO,h0521,0.2949078707645617,scr1995,avaStIn,bevFrtRoadLight
RO,h0522,0.30032532288300284,scr1995,avaStIn,bevFrtRoadLight
RO,h0523,0.37031889442133714,scr1995,avaStIn,bevFrtRoadLight
RO,h0524,0.439566819115495,scr1995,avaStIn,bevFrtRoadLight
RO,h0525,0.4842205316258411,scr1995,avaStIn,bevFrtRoadLight
RO,h0526,0.48177042584781093,scr1995,avaStIn,bevFrtRoadLight
RO,h0527,0.4649933341110367,scr1995,avaStIn,bevFrtRoadLight
RO,h0528,0.4421476660354571,scr1995,avaStIn,bevFrtRoadLight
RO,h0529,0.40457118840562833,scr1995,avaStIn,bevFrtRoadLight
RO,h0530,0.3965887476744546,scr1995,avaStIn,bevFrtRoadLight
RO,h0531,0.4189648810301997,scr1995,avaStIn,bevFrtRoadLight
RO,h0532,0.47669159584913956,scr1995,avaStIn,bevFrtRoadLight
RO,h0533,0.5156198975065492,scr1995,avaStIn,bevFrtRoadLight
RO,h0534,0.5320199439771598,scr1995,avaStIn,bevFrtRoadLight
RO,h0535,0.489664575276482,scr1995,avaStIn,bevFrtRoadLight
RO,h0536,0.445275594397034,scr1995,avaStIn,bevFrtRoadLight
RO,h0537,0.41692976682231464,scr1995,avaStIn,bevFrtRoadLight
RO,h0538,0.4492241211131014,scr1995,avaStIn,bevFrtRoadLight
RO,h0539,0.48975714412554394,scr1995,avaStIn,bevFrtRoadLight
RO,h0540,0.5206617867481357,scr1995,avaStIn,bevFrtRoadLight
RO,h0541,0.5280978832077089,scr1995,avaStIn,bevFrtRoadLight
RO,h0542,0.5124807931759494,scr1995,avaStIn,bevFrtRoadLight
RO,h0543,0.4761436847441386,scr1995,avaStIn,bevFrtRoadLight
RO,h0544,0.43500854961948865,scr1995,avaStIn,bevFrtRoadLight
RO,h0545,0.409416438142285,scr1995,avaStIn,bevFrtRoadLight
RO,h0546,0.41070005893656325,scr1995,avaStIn,bevFrtRoadLight
RO,h0547,0.43881390042054824,scr1995,avaStIn,bevFrtRoadLight
RO,h0548,0.46852756847703914,scr1995,avaStIn,bevFrtRoadLight
RO,h0549,0.4842205316258411,scr1995,avaStIn,bevFrtRoadLight
RO,h0550,0.48177042584781093,scr1995,avaStIn,bevFrtRoadLight
RO,h0551,0.4649933341110367,scr1995,avaStIn,bevFrtRoadLight
RO,h0552,0.4421476660354571,scr1995,avaStIn,bevFrtRoadLight
RO,h0553,0.4241707546574749,scr1995,avaStIn,bevFrtRoadLight
RO,h0554,0.42041737236492693,scr1995,avaStIn,bevFrtRoadLight
RO,h0555,0.4350085499835714,scr1995,avaStIn,bevFrtRoadLight
RO,h0556,0.4517463294475459,scr1995,avaStIn,bevFrtRoadLight
RO,h0557,0.4604138747613745,scr1995,avaStIn,bevFrtRoadLight
RO,h0558,0.45012798266384146,scr1995,avaStIn,bevFrtRoadLight
RO,h0559,0.4275548125092713,scr1995,avaStIn,bevFrtRoadLight
RO,h0560,0.40971929895410075,scr1995,avaStIn,bevFrtRoadLight
RO,h0561,0.41692976682231464,scr1995,avaStIn,bevFrtRoadLight
RO,h0562,0.4492241211131014,scr1995,avaStIn,bevFrtRoadLight
RO,h0563,0.48975714412554394,scr1995,avaStIn,bevFrtRoadLight
RO,h0564,0.5206617867481357,scr1995,avaStIn,bevFrtRoadLight
RO,h0565,0.49529424560017543,scr1995,avaStIn,bevFrtRoadLight
RO,h0566,0.4628450451116344,scr1995,avaStIn,bevFrtRoadLight
RO,h0567,0.4354358800677709,scr1995,avaStIn,bevFrtRoadLight
RO,h0568,0.46070491956491055,scr1995,avaStIn,bevFrtRoadLight
RO,h0569,0.49302297014458063,scr1995,avaStIn,bevFrtRoadLight
RO,h0570,0.5227219694183841,scr1995,avaStIn,bevFrtRoadLight
RO,h0571,0.4973028397836038,scr1995,avaStIn,bevFrtRoadLight
RO,h0572,0.44105087136717536,scr1995,avaStIn,bevFrtRoadLight
RO,h0573,0.3780715220810563,scr1995,avaStIn,bevFrtRoadLight
RO,h0574,0.3651732684624296,scr1995,avaStIn,bevFrtRoadLight
RO,h0575,0.37819407508686786,scr1995,avaStIn,bevFrtRoadLight
RO,h0576,0.39030528136459486,scr1995,avaStIn,bevFrtRoadLight
RO,h0577,0.39676844770380715,scr1995,avaStIn,bevFrtRoadLight
RO,h0578,0.394126679824481,scr1995,avaStIn,bevFrtRoadLight
RO,h0579,0.38987622113496045,scr1995,avaStIn,bevFrtRoadLight
RO,h0580,0.3949010730157553,scr1995,avaStIn,bevFrtRoadLight
RO,h0581,0.4070515770334633,scr1995,avaStIn,bevFrtRoadLight
RO,h0582,0.4208976614733183,scr1995,avaStIn,bevFrtRoadLight
RO,h0583,0.431200373449243,scr1995,avaStIn,bevFrtRoadLight
RO,h0584,0.4476631091420812,scr1995,avaStIn,bevFrtRoadLight
RO,h0585,0.459819945642168,scr1995,avaStIn,bevFrtRoadLight
RO,h0586,0.4680993229495969,scr1995,avaStIn,bevFrtRoadLight
RO,h0587,0.46486237923748064,scr1995,avaStIn,bevFrtRoadLight
RO,h0588,0.4365357697383475,scr1995,avaStIn,bevFrtRoadLight
RO,h0589,0.42024922761105055,scr1995,avaStIn,bevFrtRoadLight
RO,h0590,0.4096206610494807,scr1995,avaStIn,bevFrtRoadLight
RO,h0591,0.4354358800677709,scr1995,avaStIn,bevFrtRoadLight
RO,h0592,0.46070491956491055,scr1995,avaStIn,bevFrtRoadLight
RO,h0593,0.49302297014458063,scr1995,avaStIn,bevFrtRoadLight
RO,h0594,0.5227219694183841,scr1995,avaStIn,bevFrtRoadLight
RO,h0595,0.4973028397836038,scr1995,avaStIn,bevFrtRoadLight
RO,h0596,0.44105087136717536,scr1995,avaStIn,bevFrtRoadLight
RO,h0597,0.3780715220810563,scr1995,avaStIn,bevFrtRoadLight
RO,h0598,0.3651732684624296,scr1995,avaStIn,bevFrtRoadLight
RO,h0599,0.37819407508686786,scr1995,avaStIn,bevFrtRoadLight
RO,h0600,0.39030528136459486,scr1995,avaStIn,bevFrtRoadLight
RO,h0601,0.39676844770380715,scr1995,avaStIn,bevFrtRoadLight
RO,h0602,0.394126679824481,scr1995,avaStIn,bevFrtRoadLight
RO,h0603,0.38987622113496045,scr1995,avaStIn,bevFrtRoadLight
RO,h0604,0.3949010730157553,scr1995,avaStIn,bevFrtRoadLight
RO,h0605,0.4070515770334633,scr1995,avaStIn,bevFrtRoadLight
RO,h0606,0.4208976614733183,scr1995,avaStIn,bevFrtRoadLight
RO,h0607,0.431200373449243,scr1995,avaStIn,bevFrtRoadLight
RO,h0608,0.4476631091420812,scr1995,avaStIn,bevFrtRoadLight
RO,h0609,0.459819945642168,scr1995,avaStIn,bevFrtRoadLight
RO,h0610,0.4680993229495969,scr1995,avaStIn,bevFrtRoadLight
RO,h0611,0.46486237923748064,scr1995,avaStIn,bevFrtRoadLight
RO,h0612,0.4365357697383475,scr1995,avaStIn,bevFrtRoadLight
RO,h0613,0.42024922761105055,scr1995,avaStIn,bevFrtRoadLight
RO,h0614,0.4096206610494807,scr1995,avaStIn,bevFrtRoadLight
RO,h0615,0.4354358800677709,scr1995,avaStIn,bevFrtRoadLight
RO,h0616,0.46070491956491055,scr1995,avaStIn,bevFrtRoadLight
RO,h0617,0.49302297014458063,scr1995,avaStIn,bevFrtRoadLight
RO,h0618,0.5227219694183841,scr1995,avaStIn,bevFrtRoadLight
RO,h0619,0.5491092959310323,scr1995,avaStIn,bevFrtRoadLight
RO,h0620,0.5660273446388822,scr1995,avaStIn,bevFrtRoadLight
RO,h0621,0.5694377234652451,scr1995,avaStIn,bevFrtRoadLight
RO,h0622,0.5523077077296228,scr1995,avaStIn,bevFrtRoadLight
RO,h0623,0.5202159512310937,scr1995,avaStIn,bevFrtRoadLight
RO,h0624,0.47844313410101147,scr1995,avaStIn,bevFrtRoadLight
RO,h0625,0.4496409140263561,scr1995,avaStIn,bevFrtRoadLight
RO,h0626,0.43209058696765357,scr1995,avaStIn,bevFrtRoadLight
RO,h0627,0.41839596165892534,scr1995,avaStIn,bevFrtRoadLight
RO,h0628,0.39560193318277737,scr1995,avaStIn,bevFrtRoadLight
RO,h0629,0.3767263211064922,scr1995,avaStIn,bevFrtRoadLight
RO,h0630,0.3834870441325797,scr1995,avaStIn,bevFrtRoadLight
RO,h0631,0.41751535673084994,scr1995,avaStIn,bevFrtRoadLight
RO,h0632,0.46915180370731313,scr1995,avaStIn,bevFrtRoadLight
RO,h0633,0.508919129197644,scr1995,avaStIn,bevFrtRoadLight
RO,h0634,0.5246670544400583,scr1995,avaStIn,bevFrtRoadLight
RO,h0635,0.5146754500258794,scr1995,avaStIn,bevFrtRoadLight
RO,h0636,0.4951064908438997,scr1995,avaStIn,bevFrtRoadLight
RO,h0637,0.485940470592523,scr1995,avaStIn,bevFrtRoadLight
RO,h0638,0.4874922753166979,scr1995,avaStIn,bevFrtRoadLight
RO,h0639,0.49902806979994396,scr1995,avaStIn,bevFrtRoadLight
RO,h0640,0.5156345122766356,scr1995,avaStIn,bevFrtRoadLight
RO,h0641,0.5202103771791662,scr1995,avaStIn,bevFrtRoadLight
RO,h0642,0.509835145303465,scr1995,avaStIn,bevFrtRoadLight
RO,h0643,0.47835906407490014,scr1995,avaStIn,bevFrtRoadLight
RO,h0644,0.4418819895704986,scr1995,avaStIn,bevFrtRoadLight
RO,h0645,0.4127872338607794,scr1995,avaStIn,bevFrtRoadLight
RO,h0646,0.397048616042487,scr1995,avaStIn,bevFrtRoadLight
RO,h0647,0.39602459376056587,scr1995,avaStIn,bevFrtRoadLight
RO,h0648,0.40316203252430516,scr1995,avaStIn,bevFrtRoadLight
RO,h0649,0.416180688141642,scr1995,avaStIn,bevFrtRoadLight
RO,h0650,0.4247932393212722,scr1995,avaStIn,bevFrtRoadLight
RO,h0651,0.41839596165892534,scr1995,avaStIn,bevFrtRoadLight
RO,h0652,0.39560193318277737,scr1995,avaStIn,bevFrtRoadLight
RO,h0653,0.3767263211064922,scr1995,avaStIn,bevFrtRoadLight
RO,h0654,0.3834870441325797,scr1995,avaStIn,bevFrtRoadLight
RO,h0655,0.41751535673084994,scr1995,avaStIn,bevFrtRoadLight
RO,h0656,0.46915180370731313,scr1995,avaStIn,bevFrtRoadLight
RO,h0657,0.508919129197644,scr1995,avaStIn,bevFrtRoadLight
RO,h0658,0.5246670544400583,scr1995,avaStIn,bevFrtRoadLight
RO,h0659,0.5146754500258794,scr1995,avaStIn,bevFrtRoadLight
RO,h0660,0.4951064908438997,scr1995,avaStIn,bevFrtRoadLight
RO,h0661,0.4246653332821728,scr1995,avaStIn,bevFrtRoadLight
RO,h0662,0.37996946347264304,scr1995,avaStIn,bevFrtRoadLight
RO,h0663,0.36834480165138994,scr1995,avaStIn,bevFrtRoadLight
RO,h0664,0.43639289954265337,scr1995,avaStIn,bevFrtRoadLight
RO,h0665,0.48453569830379983,scr1995,avaStIn,bevFrtRoadLight
RO,h0666,0.4983772155540289,scr1995,avaStIn,bevFrtRoadLight
RO,h0667,0.479716893383465,scr1995,avaStIn,bevFrtRoadLight
RO,h0668,0.4442036654846514,scr1995,avaStIn,bevFrtRoadLight
RO,h0669,0.4127872338607794,scr1995,avaStIn,bevFrtRoadLight
RO,h0670,0.397048616042487,scr1995,avaStIn,bevFrtRoadLight
RO,h0671,0.39602459376056587,scr1995,avaStIn,bevFrtRoadLight
RO,h0672,0.40316203252430516,scr1995,avaStIn,bevFrtRoadLight
PT,h0505,0.4189616602698403,scr1995,avaStIn,bevFrtRoadLight
PT,h0506,0.44316263746287865,scr1995,avaStIn,bevFrtRoadLight
PT,h0507,0.4666151112420711,scr1995,avaStIn,bevFrtRoadLight
PT,h0508,0.45832645881139567,scr1995,avaStIn,bevFrtRoadLight
PT,h0509,0.4575215740258525,scr1995,avaStIn,bevFrtRoadLight
PT,h0510,0.4714802227826498,scr1995,avaStIn,bevFrtRoadLight
PT,h0511,0.45278396719135405,scr1995,avaStIn,bevFrtRoadLight
PT,h0512,0.4321968269076082,scr1995,avaStIn,bevFrtRoadLight
PT,h0513,0.41692976682231464,scr1995,avaStIn,bevFrtRoadLight
PT,h0514,0.4492241211131014,scr1995,avaStIn,bevFrtRoadLight
PT,h0515,0.48975714412554394,scr1995,avaStIn,bevFrtRoadLight
PT,h0516,0.5206617867481357,scr1995,avaStIn,bevFrtRoadLight
PT,h0517,0.5030312066648692,scr1995,avaStIn,bevFrtRoadLight
PT,h0518,0.46430567818254775,scr1995,avaStIn,bevFrtRoadLight
PT,h0519,0.3930115245300315,scr1995,avaStIn,bevFrtRoadLight
PT,h0520,0.3383128612832066,scr1995,avaStIn,bevFrtRoadLight
PT,h0521,0.2949078707645617,scr1995,avaStIn,bevFrtRoadLight
PT,h0522,0.30032532288300284,scr1995,avaStIn,bevFrtRoadLight
PT,h0523,0.37031889442133714,scr1995,avaStIn,bevFrtRoadLight
PT,h0524,0.439566819115495,scr1995,avaStIn,bevFrtRoadLight
PT,h0525,0.4842205316258411,scr1995,avaStIn,bevFrtRoadLight
PT,h0526,0.48177042584781093,scr1995,avaStIn,bevFrtRoadLight
PT,h0527,0.4649933341110367,scr1995,avaStIn,bevFrtRoadLight
PT,h0528,0.4421476660354572,scr1995,avaStIn,bevFrtRoadLight
PT,h0529,0.40457118840562833,scr1995,avaStIn,bevFrtRoadLight
PT,h0530,0.3965887476744546,scr1995,avaStIn,bevFrtRoadLight
PT,h0531,0.4189648810301997,scr1995,avaStIn,bevFrtRoadLight
PT,h0532,0.47669159584913956,scr1995,avaStIn,bevFrtRoadLight
PT,h0533,0.5156198975065492,scr1995,avaStIn,bevFrtRoadLight
PT,h0534,0.5320199439771598,scr1995,avaStIn,bevFrtRoadLight
PT,h0535,0.489664575276482,scr1995,avaStIn,bevFrtRoadLight
PT,h0536,0.445275594397034,scr1995,avaStIn,bevFrtRoadLight
PT,h0537,0.41692976682231464,scr1995,avaStIn,bevFrtRoadLight
PT,h0538,0.4492241211131014,scr1995,avaStIn,bevFrtRoadLight
PT,h0539,0.48975714412554394,scr1995,avaStIn,bevFrtRoadLight
PT,h0540,0.5206617867481357,scr1995,avaStIn,bevFrtRoadLight
PT,h0541,0.5280978832077089,scr1995,avaStIn,bevFrtRoadLight
PT,h0542,0.5124807931759494,scr1995,avaStIn,bevFrtRoadLight
PT,h0543,0.4761436847441386,scr1995,avaStIn,bevFrtRoadLight
PT,h0544,0.43500854961948865,scr1995,avaStIn,bevFrtRoadLight
PT,h0545,0.409416438142285,scr1995,avaStIn,bevFrtRoadLight
PT,h0546,0.41070005893656325,scr1995,avaStIn,bevFrtRoadLight
PT,h0547,0.43881390042054824,scr1995,avaStIn,bevFrtRoadLight
PT,h0548,0.46852756847703914,scr1995,avaStIn,bevFrtRoadLight
PT,h0549,0.4842205316258411,scr1995,avaStIn,bevFrtRoadLight
PT,h0550,0.48177042584781093,scr1995,avaStIn,bevFrtRoadLight
PT,h0551,0.4649933341110367,scr1995,avaStIn,bevFrtRoadLight
PT,h0552,0.4421476660354572,scr1995,avaStIn,bevFrtRoadLight
PT,h0553,0.4241707546574749,scr1995,avaStIn,bevFrtRoadLight
PT,h0554,0.42041737236492704,scr1995,avaStIn,bevFrtRoadLight
PT,h0555,0.4350085499835714,scr1995,avaStIn,bevFrtRoadLight
PT,h0556,0.451746329447546,scr1995,avaStIn,bevFrtRoadLight
PT,h0557,0.4604138747613745,scr1995,avaStIn,bevFrtRoadLight
PT,h0558,0.45012798266384146,scr1995,avaStIn,bevFrtRoadLight
PT,h0559,0.4275548125092713,scr1995,avaStIn,bevFrtRoadLight
PT,h0560,0.40971929895410075,scr1995,avaStIn,bevFrtRoadLight
PT,h0561,0.41692976682231464,scr1995,avaStIn,bevFrtRoadLight
PT,h0562,0.4492241211131014,scr1995,avaStIn,bevFrtRoadLight
PT,h0563,0.48975714412554394,scr1995,avaStIn,bevFrtRoadLight
PT,h0564,0.5206617867481357,scr1995,avaStIn,bevFrtRoadLight
PT,h0565,0.49529424560017543,scr1995,avaStIn,bevFrtRoadLight
PT,h0566,0.4628450451116344,scr1995,avaStIn,bevFrtRoadLight
PT,h0567,0.4354358800677709,scr1995,avaStIn,bevFrtRoadLight
PT,h0568,0.46070491956491055,scr1995,avaStIn,bevFrtRoadLight
PT,h0569,0.4930229701445805,scr1995,avaStIn,bevFrtRoadLight
PT,h0570,0.5227219694183841,scr1995,avaStIn,bevFrtRoadLight
PT,h0571,0.4973028397836038,scr1995,avaStIn,bevFrtRoadLight
PT,h0572,0.44105087136717547,scr1995,avaStIn,bevFrtRoadLight
PT,h0573,0.3780715220810563,scr1995,avaStIn,bevFrtRoadLight
PT,h0574,0.3651732684624296,scr1995,avaStIn,bevFrtRoadLight
PT,h0575,0.37819407508686786,scr1995,avaStIn,bevFrtRoadLight
PT,h0576,0.39030528136459475,scr1995,avaStIn,bevFrtRoadLight
PT,h0577,0.39676844770380715,scr1995,avaStIn,bevFrtRoadLight
PT,h0578,0.394126679824481,scr1995,avaStIn,bevFrtRoadLight
PT,h0579,0.38987622113496045,scr1995,avaStIn,bevFrtRoadLight
PT,h0580,0.3949010730157553,scr1995,avaStIn,bevFrtRoadLight
PT,h0581,0.4070515770334633,scr1995,avaStIn,bevFrtRoadLight
PT,h0582,0.4208976614733183,scr1995,avaStIn,bevFrtRoadLight
PT,h0583,0.431200373449243,scr1995,avaStIn,bevFrtRoadLight
PT,h0584,0.4476631091420812,scr1995,avaStIn,bevFrtRoadLight
PT,h0585,0.459819945642168,scr1995,avaStIn,bevFrtRoadLight
PT,h0586,0.4680993229495969,scr1995,avaStIn,bevFrtRoadLight
PT,h0587,0.46486237923748064,scr1995,avaStIn,bevFrtRoadLight
PT,h0588,0.4365357697383475,scr1995,avaStIn,bevFrtRoadLight
PT,h0589,0.42024922761105055,scr1995,avaStIn,bevFrtRoadLight
PT,h0590,0.4096206610494807,scr1995,avaStIn,bevFrtRoadLight
PT,h0591,0.4354358800677709,scr1995,avaStIn,bevFrtRoadLight
PT,h0592,0.46070491956491055,scr1995,avaStIn,bevFrtRoadLight
PT,h0593,0.4930229701445805,scr1995,avaStIn,bevFrtRoadLight
PT,h0594,0.5227219694183841,scr1995,avaStIn,bevFrtRoadLight
PT,h0595,0.4973028397836038,scr1995,avaStIn,bevFrtRoadLight
PT,h0596,0.44105087136717547,scr1995,avaStIn,bevFrtRoadLight
PT,h0597,0.3780715220810563,scr1995,avaStIn,bevFrtRoadLight
PT,h0598,0.3651732684624296,scr1995,avaStIn,bevFrtRoadLight
PT,h0599,0.37819407508686786,scr1995,avaStIn,bevFrtRoadLight
PT,h0600,0.39030528136459475,scr1995,avaStIn,bevFrtRoadLight
PT,h0601,0.39676844770380715,scr1995,avaStIn,bevFrtRoadLight
PT,h0602,0.394126679824481,scr1995,avaStIn,bevFrtRoadLight
PT,h0603,0.38987622113496045,scr1995,avaStIn,bevFrtRoadLight
PT,h0604,0.3949010730157553,scr1995,avaStIn,bevFrtRoadLight
PT,h0605,0.4070515770334633,scr1995,avaStIn,bevFrtRoadLight
PT,h0606,0.4208976614733183,scr1995,avaStIn,bevFrtRoadLight
PT,h0607,0.431200373449243,scr1995,avaStIn,bevFrtRoadLight
PT,h0608,0.4476631091420812,scr1995,avaStIn,bevFrtRoadLight
PT,h0609,0.459819945642168,scr1995,avaStIn,bevFrtRoadLight
PT,h0610,0.4680993229495969,scr1995,avaStIn,bevFrtRoadLight
PT,h0611,0.46486237923748064,scr1995,avaStIn,bevFrtRoadLight
PT,h0612,0.4365357697383475,scr1995,avaStIn,bevFrtRoadLight
PT,h0613,0.42024922761105055,scr1995,avaStIn,bevFrtRoadLight
PT,h0614,0.4096206610494807,scr1995,avaStIn,bevFrtRoadLight
PT,h0615,0.4354358800677709,scr1995,avaStIn,bevFrtRoadLight
PT,h0616,0.46070491956491055,scr1995,avaStIn,bevFrtRoadLight
PT,h0617,0.4930229701445805,scr1995,avaStIn,bevFrtRoadLight
PT,h0618,0.5227219694183841,scr1995,avaStIn,bevFrtRoadLight
PT,h0619,0.5491092959310323,scr1995,avaStIn,bevFrtRoadLight
PT,h0620,0.5660273446388822,scr1995,avaStIn,bevFrtRoadLight
PT,h0621,0.5694377234652451,scr1995,avaStIn,bevFrtRoadLight
PT,h0622,0.5523077077296228,scr1995,avaStIn,bevFrtRoadLight
PT,h0623,0.5202159512310937,scr1995,avaStIn,bevFrtRoadLight
PT,h0624,0.47844313410101147,scr1995,avaStIn,bevFrtRoadLight
PT,h0625,0.4496409140263561,scr1995,avaStIn,bevFrtRoadLight
PT,h0626,0.43209058696765357,scr1995,avaStIn,bevFrtRoadLight
PT,h0627,0.41839596165892534,scr1995,avaStIn,bevFrtRoadLight
PT,h0628,0.39560193318277737,scr1995,avaStIn,bevFrtRoadLight
PT,h0629,0.3767263211064922,scr1995,avaStIn,bevFrtRoadLight
PT,h0630,0.3834870441325797,scr1995,avaStIn,bevFrtRoadLight
PT,h0631,0.41751535673084994,scr1995,avaStIn,bevFrtRoadLight
PT,h0632,0.46915180370731313,scr1995,avaStIn,bevFrtRoadLight
PT,h0633,0.508919129197644,scr1995,avaStIn,bevFrtRoadLight
PT,h0634,0.5246670544400583,scr1995,avaStIn,bevFrtRoadLight
PT,h0635,0.5146754500258794,scr1995,avaStIn,bevFrtRoadLight
PT,h0636,0.4951064908438997,scr1995,avaStIn,bevFrtRoadLight
PT,h0637,0.485940470592523,scr1995,avaStIn,bevFrtRoadLight
PT,h0638,0.4874922753166979,scr1995,avaStIn,bevFrtRoadLight
PT,h0639,0.49902806979994396,scr1995,avaStIn,bevFrtRoadLight
PT,h0640,0.5156345122766356,scr1995,avaStIn,bevFrtRoadLight
PT,h0641,0.5202103771791662,scr1995,avaStIn,bevFrtRoadLight
PT,h0642,0.509835145303465,scr1995,avaStIn,bevFrtRoadLight
PT,h0643,0.47835906407490014,scr1995,avaStIn,bevFrtRoadLight
PT,h0644,0.4418819895704986,scr1995,avaStIn,bevFrtRoadLight
PT,h0645,0.4127872338607794,scr1995,avaStIn,bevFrtRoadLight
PT,h0646,0.397048616042487,scr1995,avaStIn,bevFrtRoadLight
PT,h0647,0.39602459376056587,scr1995,avaStIn,bevFrtRoadLight
PT,h0648,0.40316203252430516,scr1995,avaStIn,bevFrtRoadLight
PT,h0649,0.416180688141642,scr1995,avaStIn,bevFrtRoadLight
PT,h0650,0.4247932393212722,scr1995,avaStIn,bevFrtRoadLight
PT,h0651,0.41839596165892534,scr1995,avaStIn,bevFrtRoadLight
PT,h0652,0.39560193318277737,scr1995,avaStIn,bevFrtRoadLight
PT,h0653,0.3767263211064922,scr1995,avaStIn,bevFrtRoadLight
PT,h0654,0.3834870441325797,scr1995,avaStIn,bevFrtRoadLight
PT,h0655,0.41751535673084994,scr1995,avaStIn,bevFrtRoadLight
PT,h0656,0.46915180370731313,scr1995,avaStIn,bevFrtRoadLight
PT,h0657,0.508919129197644,scr1995,avaStIn,bevFrtRoadLight
PT,h0658,0.5246670544400583,scr1995,avaStIn,bevFrtRoadLight
PT,h0659,0.5146754500258794,scr1995,avaStIn,bevFrtRoadLight
PT,h0660,0.4951064908438997,scr1995,avaStIn,bevFrtRoadLight
PT,h0661,0.4246653332821728,scr1995,avaStIn,bevFrtRoadLight
PT,h0662,0.37996946347264304,scr1995,avaStIn,bevFrtRoadLight
PT,h0663,0.36834480165138994,scr1995,avaStIn,bevFrtRoadLight
PT,h0664,0.43639289954265337,scr1995,avaStIn,bevFrtRoadLight
PT,h0665,0.48453569830379983,scr1995,avaStIn,bevFrtRoadLight
PT,h0666,0.4983772155540289,scr1995,avaStIn,bevFrtRoadLight
PT,h0667,0.479716893383465,scr1995,avaStIn,bevFrtRoadLight
PT,h0668,0.4442036654846514,scr1995,avaStIn,bevFrtRoadLight
PT,h0669,0.4127872338607794,scr1995,avaStIn,bevFrtRoadLight
PT,h0670,0.397048616042487,scr1995,avaStIn,bevFrtRoadLight
PT,h0671,0.39602459376056587,scr1995,avaStIn,bevFrtRoadLight
PT,h0672,0.40316203252430516,scr1995,avaStIn,bevFrtRoadLight
SK,h0505,0.4189616602698403,scr1995,avaStIn,bevFrtRoadLight
SK,h0506,0.44316263746287865,scr1995,avaStIn,bevFrtRoadLight
SK,h0507,0.4666151112420711,scr1995,avaStIn,bevFrtRoadLight
SK,h0508,0.45832645881139567,scr1995,avaStIn,bevFrtRoadLight
SK,h0509,0.4575215740258525,scr1995,avaStIn,bevFrtRoadLight
SK,h0510,0.4714802227826498,scr1995,avaStIn,bevFrtRoadLight
SK,h0511,0.45278396719135405,scr1995,avaStIn,bevFrtRoadLight
SK,h0512,0.4321968269076082,scr1995,avaStIn,bevFrtRoadLight
SK,h0513,0.41692976682231464,scr1995,avaStIn,bevFrtRoadLight
SK,h0514,0.4492241211131014,scr1995,avaStIn,bevFrtRoadLight
SK,h0515,0.48975714412554394,scr1995,avaStIn,bevFrtRoadLight
SK,h0516,0.5206617867481357,scr1995,avaStIn,bevFrtRoadLight
SK,h0517,0.5030312066648692,scr1995,avaStIn,bevFrtRoadLight
SK,h0518,0.46430567818254775,scr1995,avaStIn,bevFrtRoadLight
SK,h0519,0.3930115245300315,scr1995,avaStIn,bevFrtRoadLight
SK,h0520,0.3383128612832066,scr1995,avaStIn,bevFrtRoadLight
SK,h0521,0.2949078707645617,scr1995,avaStIn,bevFrtRoadLight
SK,h0522,0.30032532288300284,scr1995,avaStIn,bevFrtRoadLight
SK,h0523,0.37031889442133714,scr1995,avaStIn,bevFrtRoadLight
SK,h0524,0.439566819115495,scr1995,avaStIn,bevFrtRoadLight
SK,h0525,0.4842205316258411,scr1995,avaStIn,bevFrtRoadLight
SK,h0526,0.48177042584781093,scr1995,avaStIn,bevFrtRoadLight
SK,h0527,0.4649933341110367,scr1995,avaStIn,bevFrtRoadLight
SK,h0528,0.4421476660354572,scr1995,avaStIn,bevFrtRoadLight
SK,h0529,0.40457118840562833,scr1995,avaStIn,bevFrtRoadLight
SK,h0530,0.3965887476744546,scr1995,avaStIn,bevFrtRoadLight
SK,h0531,0.4189648810301997,scr1995,avaStIn,bevFrtRoadLight
SK,h0532,0.47669159584913956,scr1995,avaStIn,bevFrtRoadLight
SK,h0533,0.5156198975065492,scr1995,avaStIn,bevFrtRoadLight
SK,h0534,0.5320199439771598,scr1995,avaStIn,bevFrtRoadLight
SK,h0535,0.489664575276482,scr1995,avaStIn,bevFrtRoadLight
SK,h0536,0.445275594397034,scr1995,avaStIn,bevFrtRoadLight
SK,h0537,0.41692976682231464,scr1995,avaStIn,bevFrtRoadLight
SK,h0538,0.4492241211131014,scr1995,avaStIn,bevFrtRoadLight
SK,h0539,0.48975714412554394,scr1995,avaStIn,bevFrtRoadLight
SK,h0540,0.5206617867481357,scr1995,avaStIn,bevFrtRoadLight
SK,h0541,0.5280978832077089,scr1995,avaStIn,bevFrtRoadLight
SK,h0542,0.5124807931759494,scr1995,avaStIn,bevFrtRoadLight
SK,h0543,0.4761436847441386,scr1995,avaStIn,bevFrtRoadLight
SK,h0544,0.43500854961948865,scr1995,avaStIn,bevFrtRoadLight
SK,h0545,0.409416438142285,scr1995,avaStIn,bevFrtRoadLight
SK,h0546,0.41070005893656325,scr1995,avaStIn,bevFrtRoadLight
SK,h0547,0.43881390042054824,scr1995,avaStIn,bevFrtRoadLight
SK,h0548,0.46852756847703914,scr1995,avaStIn,bevFrtRoadLight
SK,h0549,0.4842205316258411,scr1995,avaStIn,bevFrtRoadLight
SK,h0550,0.48177042584781093,scr1995,avaStIn,bevFrtRoadLight
SK,h0551,0.4649933341110367,scr1995,avaStIn,bevFrtRoadLight
SK,h0552,0.4421476660354572,scr1995,avaStIn,bevFrtRoadLight
SK,h0553,0.4241707546574749,scr1995,avaStIn,bevFrtRoadLight
SK,h0554,0.42041737236492704,scr1995,avaStIn,bevFrtRoadLight
SK,h0555,0.4350085499835714,scr1995,avaStIn,bevFrtRoadLight
SK,h0556,0.451746329447546,scr1995,avaStIn,bevFrtRoadLight
SK,h0557,0.4604138747613745,scr1995,avaStIn,bevFrtRoadLight
SK,h0558,0.45012798266384146,scr1995,avaStIn,bevFrtRoadLight
SK,h0559,0.4275548125092713,scr1995,avaStIn,bevFrtRoadLight
SK,h0560,0.40971929895410075,scr1995,avaStIn,bevFrtRoadLight
SK,h0561,0.41692976682231464,scr1995,avaStIn,bevFrtRoadLight
SK,h0562,0.4492241211131014,scr1995,avaStIn,bevFrtRoadLight
SK,h0563,0.48975714412554394,scr1995,avaStIn,bevFrtRoadLight
SK,h0564,0.5206617867481357,scr1995,avaStIn,bevFrtRoadLight
SK,h0565,0.49529424560017543,scr1995,avaStIn,bevFrtRoadLight
SK,h0566,0.4628450451116344,scr1995,avaStIn,bevFrtRoadLight
SK,h0567,0.4354358800677709,scr1995,avaStIn,bevFrtRoadLight
SK,h0568,0.46070491956491055,scr1995,avaStIn,bevFrtRoadLight
SK,h0569,0.4930229701445805,scr1995,avaStIn,bevFrtRoadLight
SK,h0570,0.5227219694183841,scr1995,avaStIn,bevFrtRoadLight
SK,h0571,0.4973028397836038,scr1995,avaStIn,bevFrtRoadLight
SK,h0572,0.44105087136717547,scr1995,avaStIn,bevFrtRoadLight
SK,h0573,0.3780715220810563,scr1995,avaStIn,bevFrtRoadLight
SK,h0574,0.3651732684624296,scr1995,avaStIn,bevFrtRoadLight
SK,h0575,0.37819407508686786,scr1995,avaStIn,bevFrtRoadLight
SK,h0576,0.39030528136459475,scr1995,avaStIn,bevFrtRoadLight
SK,h0577,0.39676844770380715,scr1995,avaStIn,bevFrtRoadLight
SK,h0578,0.394126679824481,scr1995,avaStIn,bevFrtRoadLight
SK,h0579,0.38987622113496045,scr1995,avaStIn,bevFrtRoadLight
SK,h0580,0.3949010730157553,scr1995,avaStIn,bevFrtRoadLight
SK,h0581,0.4070515770334633,scr1995,avaStIn,bevFrtRoadLight
SK,h0582,0.4208976614733183,scr1995,avaStIn,bevFrtRoadLight
SK,h0583,0.431200373449243,scr1995,avaStIn,bevFrtRoadLight
SK,h0584,0.4476631091420812,scr1995,avaStIn,bevFrtRoadLight
SK,h0585,0.459819945642168,scr1995,avaStIn,bevFrtRoadLight
SK,h0586,0.4680993229495969,scr1995,avaStIn,bevFrtRoadLight
SK,h0587,0.46486237923748064,scr1995,avaStIn,bevFrtRoadLight
SK,h0588,0.4365357697383475,scr1995,avaStIn,bevFrtRoadLight
SK,h0589,0.42024922761105055,scr1995,avaStIn,bevFrtRoadLight
SK,h0590,0.4096206610494807,scr1995,avaStIn,bevFrtRoadLight
SK,h0591,0.4354358800677709,scr1995,avaStIn,bevFrtRoadLight
SK,h0592,0.46070491956491055,scr1995,avaStIn,bevFrtRoadLight
SK,h0593,0.4930229701445805,scr1995,avaStIn,bevFrtRoadLight
SK,h0594,0.5227219694183841,scr1995,avaStIn,bevFrtRoadLight
SK,h0595,0.4973028397836038,scr1995,avaStIn,bevFrtRoadLight
SK,h0596,0.44105087136717547,scr1995,avaStIn,bevFrtRoadLight
SK,h0597,0.3780715220810563,scr1995,avaStIn,bevFrtRoadLight
SK,h0598,0.3651732684624296,scr1995,avaStIn,bevFrtRoadLight
SK,h0599,0.37819407508686786,scr1995,avaStIn,bevFrtRoadLight
SK,h0600,0.39030528136459475,scr1995,avaStIn,bevFrtRoadLight
SK,h0601,0.39676844770380715,scr1995,avaStIn,bevFrtRoadLight
SK,h0602,0.394126679824481,scr1995,avaStIn,bevFrtRoadLight
SK,h0603,0.38987622113496045,scr1995,avaStIn,bevFrtRoadLight
SK,h0604,0.3949010730157553,scr1995,avaStIn,bevFrtRoadLight
SK,h0605,0.4070515770334633,scr1995,avaStIn,bevFrtRoadLight
SK,h0606,0.4208976614733183,scr1995,avaStIn,bevFrtRoadLight
SK,h0607,0.431200373449243,scr1995,avaStIn,bevFrtRoadLight
SK,h0608,0.4476631091420812,scr1995,avaStIn,bevFrtRoadLight
SK,h0609,0.459819945642168,scr1995,avaStIn,bevFrtRoadLight
SK,h0610,0.4680993229495969,scr1995,avaStIn,bevFrtRoadLight
SK,h0611,0.46486237923748064,scr1995,avaStIn,bevFrtRoadLight
SK,h0612,0.4365357697383475,scr1995,avaStIn,bevFrtRoadLight
SK,h0613,0.42024922761105055,scr1995,avaStIn,bevFrtRoadLight
SK,h0614,0.4096206610494807,scr1995,avaStIn,bevFrtRoadLight
SK,h0615,0.4354358800677709,scr1995,avaStIn,bevFrtRoadLight
SK,h0616,0.46070491956491055,scr1995,avaStIn,bevFrtRoadLight
SK,h0617,0.4930229701445805,scr1995,avaStIn,bevFrtRoadLight
SK,h0618,0.5227219694183841,scr1995,avaStIn,bevFrtRoadLight
SK,h0619,0.5491092959310323,scr1995,avaStIn,bevFrtRoadLight
SK,h0620,0.5660273446388822,scr1995,avaStIn,bevFrtRoadLight
SK,h0621,0.5694377234652451,scr1995,avaStIn,bevFrtRoadLight
SK,h0622,0.5523077077296228,scr1995,avaStIn,bevFrtRoadLight
SK,h0623,0.5202159512310937,scr1995,avaStIn,bevFrtRoadLight
SK,h0624,0.47844313410101147,scr1995,avaStIn,bevFrtRoadLight
SK,h0625,0.4496409140263561,scr1995,avaStIn,bevFrtRoadLight
SK,h0626,0.43209058696765357,scr1995,avaStIn,bevFrtRoadLight
SK,h0627,0.41839596165892534,scr1995,avaStIn,bevFrtRoadLight
SK,h0628,0.39560193318277737,scr1995,avaStIn,bevFrtRoadLight
SK,h0629,0.3767263211064922,scr1995,avaStIn,bevFrtRoadLight
SK,h0630,0.3834870441325797,scr1995,avaStIn,bevFrtRoadLight
SK,h0631,0.41751535673084994,scr1995,avaStIn,bevFrtRoadLight
SK,h0632,0.46915180370731313,scr1995,avaStIn,bevFrtRoadLight
SK,h0633,0.508919129197644,scr1995,avaStIn,bevFrtRoadLight
SK,h0634,0.5246670544400583,scr1995,avaStIn,bevFrtRoadLight
SK,h0635,0.5146754500258794,scr1995,avaStIn,bevFrtRoadLight
SK,h0636,0.4951064908438997,scr1995,avaStIn,bevFrtRoadLight
SK,h0637,0.485940470592523,scr1995,avaStIn,bevFrtRoadLight
SK,h0638,0.4874922753166979,scr1995,avaStIn,bevFrtRoadLight
SK,h0639,0.49902806979994396,scr1995,avaStIn,bevFrtRoadLight
SK,h0640,0.5156345122766356,scr1995,avaStIn,bevFrtRoadLight
SK,h0641,0.5202103771791662,scr1995,avaStIn,bevFrtRoadLight
SK,h0642,0.509835145303465,scr1995,avaStIn,bevFrtRoadLight
SK,h0643,0.47835906407490014,scr1995,avaStIn,bevFrtRoadLight
SK,h0644,0.4418819895704986,scr1995,avaStIn,bevFrtRoadLight
SK,h0645,0.4127872338607794,scr1995,avaStIn,bevFrtRoadLight
SK,h0646,0.397048616042487,scr1995,avaStIn,bevFrtRoadLight
SK,h0647,0.39602459376056587,scr1995,avaStIn,bevFrtRoadLight
SK,h0648,0.40316203252430516,scr1995,avaStIn,bevFrtRoadLight
SK,h0649,0.416180688141642,scr1995,avaStIn,bevFrtRoadLight
SK,h0650,0.4247932393212722,scr1995,avaStIn,bevFrtRoadLight
SK,h0651,0.41839596165892534,scr1995,avaStIn,bevFrtRoadLight
SK,h0652,0.39560193318277737,scr1995,avaStIn,bevFrtRoadLight
SK,h0653,0.3767263211064922,scr1995,avaStIn,bevFrtRoadLight
SK,h0654,0.3834870441325797,scr1995,avaStIn,bevFrtRoadLight
SK,h0655,0.41751535673084994,scr1995,avaStIn,bevFrtRoadLight
SK,h0656,0.46915180370731313,scr1995,avaStIn,bevFrtRoadLight
SK,h0657,0.508919129197644,scr1995,avaStIn,bevFrtRoadLight
SK,h0658,0.5246670544400583,scr1995,avaStIn,bevFrtRoadLight
SK,h0659,0.5146754500258794,scr1995,avaStIn,bevFrtRoadLight
SK,h0660,0.4951064908438997,scr1995,avaStIn,bevFrtRoadLight
SK,h0661,0.4246653332821728,scr1995,avaStIn,bevFrtRoadLight
SK,h0662,0.37996946347264304,scr1995,avaStIn,bevFrtRoadLight
SK,h0663,0.36834480165138994,scr1995,avaStIn,bevFrtRoadLight
SK,h0664,0.43639289954265337,scr1995,avaStIn,bevFrtRoadLight
SK,h0665,0.48453569830379983,scr1995,avaStIn,bevFrtRoadLight
SK,h0666,0.4983772155540289,scr1995,avaStIn,bevFrtRoadLight
SK,h0667,0.479716893383465,scr1995,avaStIn,bevFrtRoadLight
SK,h0668,0.4442036654846514,scr1995,avaStIn,bevFrtRoadLight
SK,h0669,0.4127872338607794,scr1995,avaStIn,bevFrtRoadLight
SK,h0670,0.397048616042487,scr1995,avaStIn,bevFrtRoadLight
SK,h0671,0.39602459376056587,scr1995,avaStIn,bevFrtRoadLight
SK,h0672,0.40316203252430516,scr1995,avaStIn,bevFrtRoadLight
SI,h0505,0.4189616602698403,scr1995,avaStIn,bevFrtRoadLight
SI,h0506,0.44316263746287865,scr1995,avaStIn,bevFrtRoadLight
SI,h0507,0.4666151112420711,scr1995,avaStIn,bevFrtRoadLight
SI,h0508,0.45832645881139567,scr1995,avaStIn,bevFrtRoadLight
SI,h0509,0.4575215740258525,scr1995,avaStIn,bevFrtRoadLight
SI,h0510,0.4714802227826498,scr1995,avaStIn,bevFrtRoadLight
SI,h0511,0.45278396719135405,scr1995,avaStIn,bevFrtRoadLight
SI,h0512,0.4321968269076082,scr1995,avaStIn,bevFrtRoadLight
SI,h0513,0.41692976682231464,scr1995,avaStIn,bevFrtRoadLight
SI,h0514,0.4492241211131014,scr1995,avaStIn,bevFrtRoadLight
SI,h0515,0.48975714412554394,scr1995,avaStIn,bevFrtRoadLight
SI,h0516,0.5206617867481357,scr1995,avaStIn,bevFrtRoadLight
SI,h0517,0.5030312066648692,scr1995,avaStIn,bevFrtRoadLight
SI,h0518,0.46430567818254775,scr1995,avaStIn,bevFrtRoadLight
SI,h0519,0.3930115245300315,scr1995,avaStIn,bevFrtRoadLight
SI,h0520,0.3383128612832066,scr1995,avaStIn,bevFrtRoadLight
SI,h0521,0.2949078707645617,scr1995,avaStIn,bevFrtRoadLight
SI,h0522,0.30032532288300284,scr1995,avaStIn,bevFrtRoadLight
SI,h0523,0.37031889442133714,scr1995,avaStIn,bevFrtRoadLight
SI,h0524,0.439566819115495,scr1995,avaStIn,bevFrtRoadLight
SI,h0525,0.4842205316258411,scr1995,avaStIn,bevFrtRoadLight
SI,h0526,0.48177042584781093,scr1995,avaStIn,bevFrtRoadLight
SI,h0527,0.4649933341110367,scr1995,avaStIn,bevFrtRoadLight
SI,h0528,0.4421476660354572,scr1995,avaStIn,bevFrtRoadLight
SI,h0529,0.40457118840562833,scr1995,avaStIn,bevFrtRoadLight
SI,h0530,0.3965887476744546,scr1995,avaStIn,bevFrtRoadLight
SI,h0531,0.4189648810301997,scr1995,avaStIn,bevFrtRoadLight
SI,h0532,0.47669159584913956,scr1995,avaStIn,bevFrtRoadLight
SI,h0533,0.5156198975065492,scr1995,avaStIn,bevFrtRoadLight
SI,h0534,0.5320199439771598,scr1995,avaStIn,bevFrtRoadLight
SI,h0535,0.489664575276482,scr1995,avaStIn,bevFrtRoadLight
SI,h0536,0.445275594397034,scr1995,avaStIn,bevFrtRoadLight
SI,h0537,0.41692976682231464,scr1995,avaStIn,bevFrtRoadLight
SI,h0538,0.4492241211131014,scr1995,avaStIn,bevFrtRoadLight
SI,h0539,0.48975714412554394,scr1995,avaStIn,bevFrtRoadLight
SI,h0540,0.5206617867481357,scr1995,avaStIn,bevFrtRoadLight
SI,h0541,0.5280978832077089,scr1995,avaStIn,bevFrtRoadLight
SI,h0542,0.5124807931759494,scr1995,avaStIn,bevFrtRoadLight
SI,h0543,0.4761436847441386,scr1995,avaStIn,bevFrtRoadLight
SI,h0544,0.43500854961948865,scr1995,avaStIn,bevFrtRoadLight
SI,h0545,0.409416438142285,scr1995,avaStIn,bevFrtRoadLight
SI,h0546,0.41070005893656325,scr1995,avaStIn,bevFrtRoadLight
SI,h0547,0.43881390042054824,scr1995,avaStIn,bevFrtRoadLight
SI,h0548,0.46852756847703914,scr1995,avaStIn,bevFrtRoadLight
SI,h0549,0.4842205316258411,scr1995,avaStIn,bevFrtRoadLight
SI,h0550,0.48177042584781093,scr1995,avaStIn,bevFrtRoadLight
SI,h0551,0.4649933341110367,scr1995,avaStIn,bevFrtRoadLight
SI,h0552,0.4421476660354572,scr1995,avaStIn,bevFrtRoadLight
SI,h0553,0.4241707546574749,scr1995,avaStIn,bevFrtRoadLight
SI,h0554,0.42041737236492704,scr1995,avaStIn,bevFrtRoadLight
SI,h0555,0.4350085499835714,scr1995,avaStIn,bevFrtRoadLight
SI,h0556,0.451746329447546,scr1995,avaStIn,bevFrtRoadLight
SI,h0557,0.4604138747613745,scr1995,avaStIn,bevFrtRoadLight
SI,h0558,0.45012798266384146,scr1995,avaStIn,bevFrtRoadLight
SI,h0559,0.4275548125092713,scr1995,avaStIn,bevFrtRoadLight
SI,h0560,0.40971929895410075,scr1995,avaStIn,bevFrtRoadLight
SI,h0561,0.41692976682231464,scr1995,avaStIn,bevFrtRoadLight
SI,h0562,0.4492241211131014,scr1995,avaStIn,bevFrtRoadLight
SI,h0563,0.48975714412554394,scr1995,avaStIn,bevFrtRoadLight
SI,h0564,0.5206617867481357,scr1995,avaStIn,bevFrtRoadLight
SI,h0565,0.49529424560017543,scr1995,avaStIn,bevFrtRoadLight
SI,h0566,0.4628450451116344,scr1995,avaStIn,bevFrtRoadLight
SI,h0567,0.4354358800677709,scr1995,avaStIn,bevFrtRoadLight
SI,h0568,0.46070491956491055,scr1995,avaStIn,bevFrtRoadLight
SI,h0569,0.4930229701445805,scr1995,avaStIn,bevFrtRoadLight
SI,h0570,0.5227219694183841,scr1995,avaStIn,bevFrtRoadLight
SI,h0571,0.4973028397836038,scr1995,avaStIn,bevFrtRoadLight
SI,h0572,0.44105087136717547,scr1995,avaStIn,bevFrtRoadLight
SI,h0573,0.3780715220810563,scr1995,avaStIn,bevFrtRoadLight
SI,h0574,0.3651732684624296,scr1995,avaStIn,bevFrtRoadLight
SI,h0575,0.37819407508686786,scr1995,avaStIn,bevFrtRoadLight
SI,h0576,0.39030528136459475,scr1995,avaStIn,bevFrtRoadLight
SI,h0577,0.39676844770380715,scr1995,avaStIn,bevFrtRoadLight
SI,h0578,0.394126679824481,scr1995,avaStIn,bevFrtRoadLight
SI,h0579,0.38987622113496045,scr1995,avaStIn,bevFrtRoadLight
SI,h0580,0.3949010730157553,scr1995,avaStIn,bevFrtRoadLight
SI,h0581,0.4070515770334633,scr1995,avaStIn,bevFrtRoadLight
SI,h0582,0.4208976614733183,scr1995,avaStIn,bevFrtRoadLight
SI,h0583,0.431200373449243,scr1995,avaStIn,bevFrtRoadLight
SI,h0584,0.4476631091420812,scr1995,avaStIn,bevFrtRoadLight
SI,h0585,0.459819945642168,scr1995,avaStIn,bevFrtRoadLight
SI,h0586,0.4680993229495969,scr1995,avaStIn,bevFrtRoadLight
SI,h0587,0.46486237923748064,scr1995,avaStIn,bevFrtRoadLight
SI,h0588,0.4365357697383475,scr1995,avaStIn,bevFrtRoadLight
SI,h0589,0.42024922761105055,scr1995,avaStIn,bevFrtRoadLight
SI,h0590,0.4096206610494807,scr1995,avaStIn,bevFrtRoadLight
SI,h0591,0.4354358800677709,scr1995,avaStIn,bevFrtRoadLight
SI,h0592,0.46070491956491055,scr1995,avaStIn,bevFrtRoadLight
SI,h0593,0.4930229701445805,scr1995,avaStIn,bevFrtRoadLight
SI,h0594,0.5227219694183841,scr1995,avaStIn,bevFrtRoadLight
SI,h0595,0.4973028397836038,scr1995,avaStIn,bevFrtRoadLight
SI,h0596,0.44105087136717547,scr1995,avaStIn,bevFrtRoadLight
SI,h0597,0.3780715220810563,scr1995,avaStIn,bevFrtRoadLight
SI,h0598,0.3651732684624296,scr1995,avaStIn,bevFrtRoadLight
SI,h0599,0.37819407508686786,scr1995,avaStIn,bevFrtRoadLight
SI,h0600,0.39030528136459475,scr1995,avaStIn,bevFrtRoadLight
SI,h0601,0.39676844770380715,scr1995,avaStIn,bevFrtRoadLight
SI,h0602,0.394126679824481,scr1995,avaStIn,bevFrtRoadLight
SI,h0603,0.38987622113496045,scr1995,avaStIn,bevFrtRoadLight
SI,h0604,0.3949010730157553,scr1995,avaStIn,bevFrtRoadLight
SI,h0605,0.4070515770334633,scr1995,avaStIn,bevFrtRoadLight
SI,h0606,0.4208976614733183,scr1995,avaStIn,bevFrtRoadLight
SI,h0607,0.431200373449243,scr1995,avaStIn,bevFrtRoadLight
SI,h0608,0.4476631091420812,scr1995,avaStIn,bevFrtRoadLight
SI,h0609,0.459819945642168,scr1995,avaStIn,bevFrtRoadLight
SI,h0610,0.4680993229495969,scr1995,avaStIn,bevFrtRoadLight
SI,h0611,0.46486237923748064,scr1995,avaStIn,bevFrtRoadLight
SI,h0612,0.4365357697383475,scr1995,avaStIn,bevFrtRoadLight
SI,h0613,0.42024922761105055,scr1995,avaStIn,bevFrtRoadLight
SI,h0614,0.4096206610494807,scr1995,avaStIn,bevFrtRoadLight
SI,h0615,0.4354358800677709,scr1995,avaStIn,bevFrtRoadLight
SI,h0616,0.46070491956491055,scr1995,avaStIn,bevFrtRoadLight
SI,h0617,0.4930229701445805,scr1995,avaStIn,bevFrtRoadLight
SI,h0618,0.5227219694183841,scr1995,avaStIn,bevFrtRoadLight
SI,h0619,0.5491092959310323,scr1995,avaStIn,bevFrtRoadLight
SI,h0620,0.5660273446388822,scr1995,avaStIn,bevFrtRoadLight
SI,h0621,0.5694377234652451,scr1995,avaStIn,bevFrtRoadLight
SI,h0622,0.5523077077296228,scr1995,avaStIn,bevFrtRoadLight
SI,h0623,0.5202159512310937,scr1995,avaStIn,bevFrtRoadLight
SI,h0624,0.47844313410101147,scr1995,avaStIn,bevFrtRoadLight
SI,h0625,0.4496409140263561,scr1995,avaStIn,bevFrtRoadLight
SI,h0626,0.43209058696765357,scr1995,avaStIn,bevFrtRoadLight
SI,h0627,0.41839596165892534,scr1995,avaStIn,bevFrtRoadLight
SI,h0628,0.39560193318277737,scr1995,avaStIn,bevFrtRoadLight
SI,h0629,0.3767263211064922,scr1995,avaStIn,bevFrtRoadLight
SI,h0630,0.3834870441325797,scr1995,avaStIn,bevFrtRoadLight
SI,h0631,0.41751535673084994,scr1995,avaStIn,bevFrtRoadLight
SI,h0632,0.46915180370731313,scr1995,avaStIn,bevFrtRoadLight
SI,h0633,0.508919129197644,scr1995,avaStIn,bevFrtRoadLight
SI,h0634,0.5246670544400583,scr1995,avaStIn,bevFrtRoadLight
SI,h0635,0.5146754500258794,scr1995,avaStIn,bevFrtRoadLight
SI,h0636,0.4951064908438997,scr1995,avaStIn,bevFrtRoadLight
SI,h0637,0.485940470592523,scr1995,avaStIn,bevFrtRoadLight
SI,h0638,0.4874922753166979,scr1995,avaStIn,bevFrtRoadLight
SI,h0639,0.49902806979994396,scr1995,avaStIn,bevFrtRoadLight
SI,h0640,0.5156345122766356,scr1995,avaStIn,bevFrtRoadLight
SI,h0641,0.5202103771791662,scr1995,avaStIn,bevFrtRoadLight
SI,h0642,0.509835145303465,scr1995,avaStIn,bevFrtRoadLight
SI,h0643,0.47835906407490014,scr1995,avaStIn,bevFrtRoadLight
SI,h0644,0.4418819895704986,scr1995,avaStIn,bevFrtRoadLight
SI,h0645,0.4127872338607794,scr1995,avaStIn,bevFrtRoadLight
SI,h0646,0.397048616042487,scr1995,avaStIn,bevFrtRoadLight
SI,h0647,0.39602459376056587,scr1995,avaStIn,bevFrtRoadLight
SI,h0648,0.40316203252430516,scr1995,avaStIn,bevFrtRoadLight
SI,h0649,0.416180688141642,scr1995,avaStIn,bevFrtRoadLight
SI,h0650,0.4247932393212722,scr1995,avaStIn,bevFrtRoadLight
SI,h0651,0.41839596165892534,scr1995,avaStIn,bevFrtRoadLight
SI,h0652,0.39560193318277737,scr1995,avaStIn,bevFrtRoadLight
SI,h0653,0.3767263211064922,scr1995,avaStIn,bevFrtRoadLight
SI,h0654,0.3834870441325797,scr1995,avaStIn,bevFrtRoadLight
SI,h0655,0.41751535673084994,scr1995,avaStIn,bevFrtRoadLight
SI,h0656,0.46915180370731313,scr1995,avaStIn,bevFrtRoadLight
SI,h0657,0.508919129197644,scr1995,avaStIn,bevFrtRoadLight
SI,h0658,0.5246670544400583,scr1995,avaStIn,bevFrtRoadLight
SI,h0659,0.5146754500258794,scr1995,avaStIn,bevFrtRoadLight
SI,h0660,0.4951064908438997,scr1995,avaStIn,bevFrtRoadLight
SI,h0661,0.4246653332821728,scr1995,avaStIn,bevFrtRoadLight
SI,h0662,0.37996946347264304,scr1995,avaStIn,bevFrtRoadLight
SI,h0663,0.36834480165138994,scr1995,avaStIn,bevFrtRoadLight
SI,h0664,0.43639289954265337,scr1995,avaStIn,bevFrtRoadLight
SI,h0665,0.48453569830379983,scr1995,avaStIn,bevFrtRoadLight
SI,h0666,0.4983772155540289,scr1995,avaStIn,bevFrtRoadLight
SI,h0667,0.479716893383465,scr1995,avaStIn,bevFrtRoadLight
SI,h0668,0.4442036654846514,scr1995,avaStIn,bevFrtRoadLight
SI,h0669,0.4127872338607794,scr1995,avaStIn,bevFrtRoadLight
SI,h0670,0.397048616042487,scr1995,avaStIn,bevFrtRoadLight
SI,h0671,0.39602459376056587,scr1995,avaStIn,bevFrtRoadLight
SI,h0672,0.40316203252430516,scr1995,avaStIn,bevFrtRoadLight
SE,h0505,0.4189616602698403,scr1995,avaStIn,bevFrtRoadLight
SE,h0506,0.44316263746287865,scr1995,avaStIn,bevFrtRoadLight
SE,h0507,0.4666151112420711,scr1995,avaStIn,bevFrtRoadLight
SE,h0508,0.45832645881139567,scr1995,avaStIn,bevFrtRoadLight
SE,h0509,0.4575215740258525,scr1995,avaStIn,bevFrtRoadLight
SE,h0510,0.4714802227826498,scr1995,avaStIn,bevFrtRoadLight
SE,h0511,0.45278396719135405,scr1995,avaStIn,bevFrtRoadLight
SE,h0512,0.4321968269076082,scr1995,avaStIn,bevFrtRoadLight
SE,h0513,0.41692976682231464,scr1995,avaStIn,bevFrtRoadLight
SE,h0514,0.4492241211131014,scr1995,avaStIn,bevFrtRoadLight
SE,h0515,0.48975714412554394,scr1995,avaStIn,bevFrtRoadLight
SE,h0516,0.5206617867481357,scr1995,avaStIn,bevFrtRoadLight
SE,h0517,0.5030312066648692,scr1995,avaStIn,bevFrtRoadLight
SE,h0518,0.46430567818254775,scr1995,avaStIn,bevFrtRoadLight
SE,h0519,0.3930115245300315,scr1995,avaStIn,bevFrtRoadLight
SE,h0520,0.3383128612832066,scr1995,avaStIn,bevFrtRoadLight
SE,h0521,0.2949078707645617,scr1995,avaStIn,bevFrtRoadLight
SE,h0522,0.30032532288300284,scr1995,avaStIn,bevFrtRoadLight
SE,h0523,0.37031889442133714,scr1995,avaStIn,bevFrtRoadLight
SE,h0524,0.439566819115495,scr1995,avaStIn,bevFrtRoadLight
SE,h0525,0.4842205316258411,scr1995,avaStIn,bevFrtRoadLight
SE,h0526,0.48177042584781093,scr1995,avaStIn,bevFrtRoadLight
SE,h0527,0.4649933341110367,scr1995,avaStIn,bevFrtRoadLight
SE,h0528,0.4421476660354572,scr1995,avaStIn,bevFrtRoadLight
SE,h0529,0.40457118840562833,scr1995,avaStIn,bevFrtRoadLight
SE,h0530,0.3965887476744546,scr1995,avaStIn,bevFrtRoadLight
SE,h0531,0.4189648810301997,scr1995,avaStIn,bevFrtRoadLight
SE,h0532,0.47669159584913956,scr1995,avaStIn,bevFrtRoadLight
SE,h0533,0.5156198975065492,scr1995,avaStIn,bevFrtRoadLight
SE,h0534,0.5320199439771598,scr1995,avaStIn,bevFrtRoadLight
SE,h0535,0.489664575276482,scr1995,avaStIn,bevFrtRoadLight
SE,h0536,0.445275594397034,scr1995,avaStIn,bevFrtRoadLight
SE,h0537,0.41692976682231464,scr1995,avaStIn,bevFrtRoadLight
SE,h0538,0.4492241211131014,scr1995,avaStIn,bevFrtRoadLight
SE,h0539,0.48975714412554394,scr1995,avaStIn,bevFrtRoadLight
SE,h0540,0.5206617867481357,scr1995,avaStIn,bevFrtRoadLight
SE,h0541,0.5280978832077089,scr1995,avaStIn,bevFrtRoadLight
SE,h0542,0.5124807931759494,scr1995,avaStIn,bevFrtRoadLight
SE,h0543,0.4761436847441386,scr1995,avaStIn,bevFrtRoadLight
SE,h0544,0.43500854961948865,scr1995,avaStIn,bevFrtRoadLight
SE,h0545,0.409416438142285,scr1995,avaStIn,bevFrtRoadLight
SE,h0546,0.41070005893656325,scr1995,avaStIn,bevFrtRoadLight
SE,h0547,0.43881390042054824,scr1995,avaStIn,bevFrtRoadLight
SE,h0548,0.46852756847703914,scr1995,avaStIn,bevFrtRoadLight
SE,h0549,0.4842205316258411,scr1995,avaStIn,bevFrtRoadLight
SE,h0550,0.48177042584781093,scr1995,avaStIn,bevFrtRoadLight
SE,h0551,0.4649933341110367,scr1995,avaStIn,bevFrtRoadLight
SE,h0552,0.4421476660354572,scr1995,avaStIn,bevFrtRoadLight
SE,h0553,0.4241707546574749,scr1995,avaStIn,bevFrtRoadLight
SE,h0554,0.42041737236492704,scr1995,avaStIn,bevFrtRoadLight
SE,h0555,0.4350085499835714,scr1995,avaStIn,bevFrtRoadLight
SE,h0556,0.451746329447546,scr1995,avaStIn,bevFrtRoadLight
SE,h0557,0.4604138747613745,scr1995,avaStIn,bevFrtRoadLight
SE,h0558,0.45012798266384146,scr1995,avaStIn,bevFrtRoadLight
SE,h0559,0.4275548125092713,scr1995,avaStIn,bevFrtRoadLight
SE,h0560,0.40971929895410075,scr1995,avaStIn,bevFrtRoadLight
SE,h0561,0.41692976682231464,scr1995,avaStIn,bevFrtRoadLight
SE,h0562,0.4492241211131014,scr1995,avaStIn,bevFrtRoadLight
SE,h0563,0.48975714412554394,scr1995,avaStIn,bevFrtRoadLight
SE,h0564,0.5206617867481357,scr1995,avaStIn,bevFrtRoadLight
SE,h0565,0.49529424560017543,scr1995,avaStIn,bevFrtRoadLight
SE,h0566,0.4628450451116344,scr1995,avaStIn,bevFrtRoadLight
SE,h0567,0.4354358800677709,scr1995,avaStIn,bevFrtRoadLight
SE,h0568,0.46070491956491055,scr1995,avaStIn,bevFrtRoadLight
SE,h0569,0.4930229701445805,scr1995,avaStIn,bevFrtRoadLight
SE,h0570,0.5227219694183841,scr1995,avaStIn,bevFrtRoadLight
SE,h0571,0.4973028397836038,scr1995,avaStIn,bevFrtRoadLight
SE,h0572,0.44105087136717547,scr1995,avaStIn,bevFrtRoadLight
SE,h0573,0.3780715220810563,scr1995,avaStIn,bevFrtRoadLight
SE,h0574,0.3651732684624296,scr1995,avaStIn,bevFrtRoadLight
SE,h0575,0.37819407508686786,scr1995,avaStIn,bevFrtRoadLight
SE,h0576,0.39030528136459475,scr1995,avaStIn,bevFrtRoadLight
SE,h0577,0.39676844770380715,scr1995,avaStIn,bevFrtRoadLight
SE,h0578,0.394126679824481,scr1995,avaStIn,bevFrtRoadLight
SE,h0579,0.38987622113496045,scr1995,avaStIn,bevFrtRoadLight
SE,h0580,0.3949010730157553,scr1995,avaStIn,bevFrtRoadLight
SE,h0581,0.4070515770334633,scr1995,avaStIn,bevFrtRoadLight
SE,h0582,0.4208976614733183,scr1995,avaStIn,bevFrtRoadLight
SE,h0583,0.431200373449243,scr1995,avaStIn,bevFrtRoadLight
SE,h0584,0.4476631091420812,scr1995,avaStIn,bevFrtRoadLight
SE,h0585,0.459819945642168,scr1995,avaStIn,bevFrtRoadLight
SE,h0586,0.4680993229495969,scr1995,avaStIn,bevFrtRoadLight
SE,h0587,0.46486237923748064,scr1995,avaStIn,bevFrtRoadLight
SE,h0588,0.4365357697383475,scr1995,avaStIn,bevFrtRoadLight
SE,h0589,0.42024922761105055,scr1995,avaStIn,bevFrtRoadLight
SE,h0590,0.4096206610494807,scr1995,avaStIn,bevFrtRoadLight
SE,h0591,0.4354358800677709,scr1995,avaStIn,bevFrtRoadLight
SE,h0592,0.46070491956491055,scr1995,avaStIn,bevFrtRoadLight
SE,h0593,0.4930229701445805,scr1995,avaStIn,bevFrtRoadLight
SE,h0594,0.5227219694183841,scr1995,avaStIn,bevFrtRoadLight
SE,h0595,0.4973028397836038,scr1995,avaStIn,bevFrtRoadLight
SE,h0596,0.44105087136717547,scr1995,avaStIn,bevFrtRoadLight
SE,h0597,0.3780715220810563,scr1995,avaStIn,bevFrtRoadLight
SE,h0598,0.3651732684624296,scr1995,avaStIn,bevFrtRoadLight
SE,h0599,0.37819407508686786,scr1995,avaStIn,bevFrtRoadLight
SE,h0600,0.39030528136459475,scr1995,avaStIn,bevFrtRoadLight
SE,h0601,0.39676844770380715,scr1995,avaStIn,bevFrtRoadLight
SE,h0602,0.394126679824481,scr1995,avaStIn,bevFrtRoadLight
SE,h0603,0.38987622113496045,scr1995,avaStIn,bevFrtRoadLight
SE,h0604,0.3949010730157553,scr1995,avaStIn,bevFrtRoadLight
SE,h0605,0.4070515770334633,scr1995,avaStIn,bevFrtRoadLight
SE,h0606,0.4208976614733183,scr1995,avaStIn,bevFrtRoadLight
SE,h0607,0.431200373449243,scr1995,avaStIn,bevFrtRoadLight
SE,h0608,0.4476631091420812,scr1995,avaStIn,bevFrtRoadLight
SE,h0609,0.459819945642168,scr1995,avaStIn,bevFrtRoadLight
SE,h0610,0.4680993229495969,scr1995,avaStIn,bevFrtRoadLight
SE,h0611,0.46486237923748064,scr1995,avaStIn,bevFrtRoadLight
SE,h0612,0.4365357697383475,scr1995,avaStIn,bevFrtRoadLight
SE,h0613,0.42024922761105055,scr1995,avaStIn,bevFrtRoadLight
SE,h0614,0.4096206610494807,scr1995,avaStIn,bevFrtRoadLight
SE,h0615,0.4354358800677709,scr1995,avaStIn,bevFrtRoadLight
SE,h0616,0.46070491956491055,scr1995,avaStIn,bevFrtRoadLight
SE,h0617,0.4930229701445805,scr1995,avaStIn,bevFrtRoadLight
SE,h0618,0.5227219694183841,scr1995,avaStIn,bevFrtRoadLight
SE,h0619,0.5491092959310323,scr1995,avaStIn,bevFrtRoadLight
SE,h0620,0.5660273446388822,scr1995,avaStIn,bevFrtRoadLight
SE,h0621,0.5694377234652451,scr1995,avaStIn,bevFrtRoadLight
SE,h0622,0.5523077077296228,scr1995,avaStIn,bevFrtRoadLight
SE,h0623,0.5202159512310937,scr1995,avaStIn,bevFrtRoadLight
SE,h0624,0.47844313410101147,scr1995,avaStIn,bevFrtRoadLight
SE,h0625,0.4496409140263561,scr1995,avaStIn,bevFrtRoadLight
SE,h0626,0.43209058696765357,scr1995,avaStIn,bevFrtRoadLight
SE,h0627,0.41839596165892534,scr1995,avaStIn,bevFrtRoadLight
SE,h0628,0.39560193318277737,scr1995,avaStIn,bevFrtRoadLight
SE,h0629,0.3767263211064922,scr1995,avaStIn,bevFrtRoadLight
SE,h0630,0.3834870441325797,scr1995,avaStIn,bevFrtRoadLight
SE,h0631,0.41751535673084994,scr1995,avaStIn,bevFrtRoadLight
SE,h0632,0.46915180370731313,scr1995,avaStIn,bevFrtRoadLight
SE,h0633,0.508919129197644,scr1995,avaStIn,bevFrtRoadLight
SE,h0634,0.5246670544400583,scr1995,avaStIn,bevFrtRoadLight
SE,h0635,0.5146754500258794,scr1995,avaStIn,bevFrtRoadLight
SE,h0636,0.4951064908438997,scr1995,avaStIn,bevFrtRoadLight
SE,h0637,0.485940470592523,scr1995,avaStIn,bevFrtRoadLight
SE,h0638,0.4874922753166979,scr1995,avaStIn,bevFrtRoadLight
SE,h0639,0.49902806979994396,scr1995,avaStIn,bevFrtRoadLight
SE,h0640,0.5156345122766356,scr1995,avaStIn,bevFrtRoadLight
SE,h0641,0.5202103771791662,scr1995,avaStIn,bevFrtRoadLight
SE,h0642,0.509835145303465,scr1995,avaStIn,bevFrtRoadLight
SE,h0643,0.47835906407490014,scr1995,avaStIn,bevFrtRoadLight
SE,h0644,0.4418819895704986,scr1995,avaStIn,bevFrtRoadLight
SE,h0645,0.4127872338607794,scr1995,avaStIn,bevFrtRoadLight
SE,h0646,0.397048616042487,scr1995,avaStIn,bevFrtRoadLight
SE,h0647,0.39602459376056587,scr1995,avaStIn,bevFrtRoadLight
SE,h0648,0.40316203252430516,scr1995,avaStIn,bevFrtRoadLight
SE,h0649,0.416180688141642,scr1995,avaStIn,bevFrtRoadLight
SE,h0650,0.4247932393212722,scr1995,avaStIn,bevFrtRoadLight
SE,h0651,0.41839596165892534,scr1995,avaStIn,bevFrtRoadLight
SE,h0652,0.39560193318277737,scr1995,avaStIn,bevFrtRoadLight
SE,h0653,0.3767263211064922,scr1995,avaStIn,bevFrtRoadLight
SE,h0654,0.3834870441325797,scr1995,avaStIn,bevFrtRoadLight
SE,h0655,0.41751535673084994,scr1995,avaStIn,bevFrtRoadLight
SE,h0656,0.46915180370731313,scr1995,avaStIn,bevFrtRoadLight
SE,h0657,0.508919129197644,scr1995,avaStIn,bevFrtRoadLight
SE,h0658,0.5246670544400583,scr1995,avaStIn,bevFrtRoadLight
SE,h0659,0.5146754500258794,scr1995,avaStIn,bevFrtRoadLight
SE,h0660,0.4951064908438997,scr1995,avaStIn,bevFrtRoadLight
SE,h0661,0.4246653332821728,scr1995,avaStIn,bevFrtRoadLight
SE,h0662,0.37996946347264304,scr1995,avaStIn,bevFrtRoadLight
SE,h0663,0.36834480165138994,scr1995,avaStIn,bevFrtRoadLight
SE,h0664,0.43639289954265337,scr1995,avaStIn,bevFrtRoadLight
SE,h0665,0.48453569830379983,scr1995,avaStIn,bevFrtRoadLight
SE,h0666,0.4983772155540289,scr1995,avaStIn,bevFrtRoadLight
SE,h0667,0.479716893383465,scr1995,avaStIn,bevFrtRoadLight
SE,h0668,0.4442036654846514,scr1995,avaStIn,bevFrtRoadLight
SE,h0669,0.4127872338607794,scr1995,avaStIn,bevFrtRoadLight
SE,h0670,0.397048616042487,scr1995,avaStIn,bevFrtRoadLight
SE,h0671,0.39602459376056587,scr1995,avaStIn,bevFrtRoadLight
SE,h0672,0.40316203252430516,scr1995,avaStIn,bevFrtRoadLight
UK,h0505,0.4189616602698403,scr1995,avaStIn,bevFrtRoadLight
UK,h0506,0.44316263746287854,scr1995,avaStIn,bevFrtRoadLight
UK,h0507,0.4666151112420711,scr1995,avaStIn,bevFrtRoadLight
UK,h0508,0.45832645881139567,scr1995,avaStIn,bevFrtRoadLight
UK,h0509,0.4575215740258525,scr1995,avaStIn,bevFrtRoadLight
UK,h0510,0.4714802227826498,scr1995,avaStIn,bevFrtRoadLight
UK,h0511,0.45278396719135405,scr1995,avaStIn,bevFrtRoadLight
UK,h0512,0.4321968269076082,scr1995,avaStIn,bevFrtRoadLight
UK,h0513,0.41692976682231464,scr1995,avaStIn,bevFrtRoadLight
UK,h0514,0.4492241211131014,scr1995,avaStIn,bevFrtRoadLight
UK,h0515,0.48975714412554394,scr1995,avaStIn,bevFrtRoadLight
UK,h0516,0.5206617867481357,scr1995,avaStIn,bevFrtRoadLight
UK,h0517,0.5030312066648692,scr1995,avaStIn,bevFrtRoadLight
UK,h0518,0.46430567818254775,scr1995,avaStIn,bevFrtRoadLight
UK,h0519,0.3930115245300315,scr1995,avaStIn,bevFrtRoadLight
UK,h0520,0.3383128612832066,scr1995,avaStIn,bevFrtRoadLight
UK,h0521,0.2949078707645617,scr1995,avaStIn,bevFrtRoadLight
UK,h0522,0.30032532288300284,scr1995,avaStIn,bevFrtRoadLight
UK,h0523,0.37031889442133714,scr1995,avaStIn,bevFrtRoadLight
UK,h0524,0.439566819115495,scr1995,avaStIn,bevFrtRoadLight
UK,h0525,0.4842205316258411,scr1995,avaStIn,bevFrtRoadLight
UK,h0526,0.48177042584781093,scr1995,avaStIn,bevFrtRoadLight
UK,h0527,0.4649933341110368,scr1995,avaStIn,bevFrtRoadLight
UK,h0528,0.4421476660354572,scr1995,avaStIn,bevFrtRoadLight
UK,h0529,0.40457118840562833,scr1995,avaStIn,bevFrtRoadLight
UK,h0530,0.3965887476744546,scr1995,avaStIn,bevFrtRoadLight
UK,h0531,0.4189648810301997,scr1995,avaStIn,bevFrtRoadLight
UK,h0532,0.47669159584913956,scr1995,avaStIn,bevFrtRoadLight
UK,h0533,0.5156198975065492,scr1995,avaStIn,bevFrtRoadLight
UK,h0534,0.5320199439771598,scr1995,avaStIn,bevFrtRoadLight
UK,h0535,0.489664575276482,scr1995,avaStIn,bevFrtRoadLight
UK,h0536,0.445275594397034,scr1995,avaStIn,bevFrtRoadLight
UK,h0537,0.41692976682231464,scr1995,avaStIn,bevFrtRoadLight
UK,h0538,0.4492241211131014,scr1995,avaStIn,bevFrtRoadLight
UK,h0539,0.48975714412554394,scr1995,avaStIn,bevFrtRoadLight
UK,h0540,0.5206617867481357,scr1995,avaStIn,bevFrtRoadLight
UK,h0541,0.5280978832077089,scr1995,avaStIn,bevFrtRoadLight
UK,h0542,0.5124807931759494,scr1995,avaStIn,bevFrtRoadLight
UK,h0543,0.4761436847441386,scr1995,avaStIn,bevFrtRoadLight
UK,h0544,0.43500854961948865,scr1995,avaStIn,bevFrtRoadLight
UK,h0545,0.409416438142285,scr1995,avaStIn,bevFrtRoadLight
UK,h0546,0.41070005893656325,scr1995,avaStIn,bevFrtRoadLight
UK,h0547,0.43881390042054824,scr1995,avaStIn,bevFrtRoadLight
UK,h0548,0.46852756847703914,scr1995,avaStIn,bevFrtRoadLight
UK,h0549,0.4842205316258411,scr1995,avaStIn,bevFrtRoadLight
UK,h0550,0.48177042584781093,scr1995,avaStIn,bevFrtRoadLight
UK,h0551,0.4649933341110368,scr1995,avaStIn,bevFrtRoadLight
UK,h0552,0.4421476660354572,scr1995,avaStIn,bevFrtRoadLight
UK,h0553,0.4241707546574749,scr1995,avaStIn,bevFrtRoadLight
UK,h0554,0.42041737236492704,scr1995,avaStIn,bevFrtRoadLight
UK,h0555,0.4350085499835714,scr1995,avaStIn,bevFrtRoadLight
UK,h0556,0.4517463294475461,scr1995,avaStIn,bevFrtRoadLight
UK,h0557,0.46041387476137463,scr1995,avaStIn,bevFrtRoadLight
UK,h0558,0.45012798266384146,scr1995,avaStIn,bevFrtRoadLight
UK,h0559,0.4275548125092713,scr1995,avaStIn,bevFrtRoadLight
UK,h0560,0.40971929895410075,scr1995,avaStIn,bevFrtRoadLight
UK,h0561,0.41692976682231464,scr1995,avaStIn,bevFrtRoadLight
UK,h0562,0.4492241211131014,scr1995,avaStIn,bevFrtRoadLight
UK,h0563,0.48975714412554394,scr1995,avaStIn,bevFrtRoadLight
UK,h0564,0.5206617867481357,scr1995,avaStIn,bevFrtRoadLight
UK,h0565,0.49529424560017543,scr1995,avaStIn,bevFrtRoadLight
UK,h0566,0.4628450451116344,scr1995,avaStIn,bevFrtRoadLight
UK,h0567,0.4354358800677708,scr1995,avaStIn,bevFrtRoadLight
UK,h0568,0.46070491956491055,scr1995,avaStIn,bevFrtRoadLight
UK,h0569,0.4930229701445805,scr1995,avaStIn,bevFrtRoadLight
UK,h0570,0.5227219694183841,scr1995,avaStIn,bevFrtRoadLight
UK,h0571,0.4973028397836038,scr1995,avaStIn,bevFrtRoadLight
UK,h0572,0.44105087136717547,scr1995,avaStIn,bevFrtRoadLight
UK,h0573,0.3780715220810563,scr1995,avaStIn,bevFrtRoadLight
UK,h0574,0.3651732684624295,scr1995,avaStIn,bevFrtRoadLight
UK,h0575,0.37819407508686786,scr1995,avaStIn,bevFrtRoadLight
UK,h0576,0.39030528136459475,scr1995,avaStIn,bevFrtRoadLight
UK,h0577,0.39676844770380715,scr1995,avaStIn,bevFrtRoadLight
UK,h0578,0.394126679824481,scr1995,avaStIn,bevFrtRoadLight
UK,h0579,0.38987622113496045,scr1995,avaStIn,bevFrtRoadLight
UK,h0580,0.3949010730157553,scr1995,avaStIn,bevFrtRoadLight
UK,h0581,0.4070515770334633,scr1995,avaStIn,bevFrtRoadLight
UK,h0582,0.4208976614733184,scr1995,avaStIn,bevFrtRoadLight
UK,h0583,0.431200373449243,scr1995,avaStIn,bevFrtRoadLight
UK,h0584,0.4476631091420812,scr1995,avaStIn,bevFrtRoadLight
UK,h0585,0.459819945642168,scr1995,avaStIn,bevFrtRoadLight
UK,h0586,0.4680993229495969,scr1995,avaStIn,bevFrtRoadLight
UK,h0587,0.46486237923748064,scr1995,avaStIn,bevFrtRoadLight
UK,h0588,0.4365357697383475,scr1995,avaStIn,bevFrtRoadLight
UK,h0589,0.42024922761105055,scr1995,avaStIn,bevFrtRoadLight
UK,h0590,0.4096206610494807,scr1995,avaStIn,bevFrtRoadLight
UK,h0591,0.4354358800677708,scr1995,avaStIn,bevFrtRoadLight
UK,h0592,0.46070491956491055,scr1995,avaStIn,bevFrtRoadLight
UK,h0593,0.4930229701445805,scr1995,avaStIn,bevFrtRoadLight
UK,h0594,0.5227219694183841,scr1995,avaStIn,bevFrtRoadLight
UK,h0595,0.4973028397836038,scr1995,avaStIn,bevFrtRoadLight
UK,h0596,0.44105087136717547,scr1995,avaStIn,bevFrtRoadLight
UK,h0597,0.3780715220810563,scr1995,avaStIn,bevFrtRoadLight
UK,h0598,0.3651732684624295,scr1995,avaStIn,bevFrtRoadLight
UK,h0599,0.37819407508686786,scr1995,avaStIn,bevFrtRoadLight
UK,h0600,0.39030528136459475,scr1995,avaStIn,bevFrtRoadLight
UK,h0601,0.39676844770380715,scr1995,avaStIn,bevFrtRoadLight
UK,h0602,0.394126679824481,scr1995,avaStIn,bevFrtRoadLight
UK,h0603,0.38987622113496045,scr1995,avaStIn,bevFrtRoadLight
UK,h0604,0.3949010730157553,scr1995,avaStIn,bevFrtRoadLight
UK,h0605,0.4070515770334633,scr1995,avaStIn,bevFrtRoadLight
UK,h0606,0.4208976614733184,scr1995,avaStIn,bevFrtRoadLight
UK,h0607,0.431200373449243,scr1995,avaStIn,bevFrtRoadLight
UK,h0608,0.4476631091420812,scr1995,avaStIn,bevFrtRoadLight
UK,h0609,0.459819945642168,scr1995,avaStIn,bevFrtRoadLight
UK,h0610,0.4680993229495969,scr1995,avaStIn,bevFrtRoadLight
UK,h0611,0.46486237923748064,scr1995,avaStIn,bevFrtRoadLight
UK,h0612,0.4365357697383475,scr1995,avaStIn,bevFrtRoadLight
UK,h0613,0.42024922761105055,scr1995,avaStIn,bevFrtRoadLight
UK,h0614,0.4096206610494807,scr1995,avaStIn,bevFrtRoadLight
UK,h0615,0.4354358800677708,scr1995,avaStIn,bevFrtRoadLight
UK,h0616,0.46070491956491055,scr1995,avaStIn,bevFrtRoadLight
UK,h0617,0.4930229701445805,scr1995,avaStIn,bevFrtRoadLight
UK,h0618,0.5227219694183841,scr1995,avaStIn,bevFrtRoadLight
UK,h0619,0.5491092959310323,scr1995,avaStIn,bevFrtRoadLight
UK,h0620,0.5660273446388822,scr1995,avaStIn,bevFrtRoadLight
UK,h0621,0.5694377234652451,scr1995,avaStIn,bevFrtRoadLight
UK,h0622,0.5523077077296228,scr1995,avaStIn,bevFrtRoadLight
UK,h0623,0.5202159512310937,scr1995,avaStIn,bevFrtRoadLight
UK,h0624,0.47844313410101147,scr1995,avaStIn,bevFrtRoadLight
UK,h0625,0.4496409140263561,scr1995,avaStIn,bevFrtRoadLight
UK,h0626,0.43209058696765357,scr1995,avaStIn,bevFrtRoadLight
UK,h0627,0.41839596165892556,scr1995,avaStIn,bevFrtRoadLight
UK,h0628,0.39560193318277737,scr1995,avaStIn,bevFrtRoadLight
UK,h0629,0.3767263211064922,scr1995,avaStIn,bevFrtRoadLight
UK,h0630,0.3834870441325797,scr1995,avaStIn,bevFrtRoadLight
UK,h0631,0.41751535673084994,scr1995,avaStIn,bevFrtRoadLight
UK,h0632,0.46915180370731313,scr1995,avaStIn,bevFrtRoadLight
UK,h0633,0.508919129197644,scr1995,avaStIn,bevFrtRoadLight
UK,h0634,0.5246670544400582,scr1995,avaStIn,bevFrtRoadLight
UK,h0635,0.5146754500258794,scr1995,avaStIn,bevFrtRoadLight
UK,h0636,0.4951064908438997,scr1995,avaStIn,bevFrtRoadLight
UK,h0637,0.485940470592523,scr1995,avaStIn,bevFrtRoadLight
UK,h0638,0.4874922753166979,scr1995,avaStIn,bevFrtRoadLight
UK,h0639,0.49902806979994396,scr1995,avaStIn,bevFrtRoadLight
UK,h0640,0.5156345122766356,scr1995,avaStIn,bevFrtRoadLight
UK,h0641,0.5202103771791663,scr1995,avaStIn,bevFrtRoadLight
UK,h0642,0.509835145303465,scr1995,avaStIn,bevFrtRoadLight
UK,h0643,0.47835906407490014,scr1995,avaStIn,bevFrtRoadLight
UK,h0644,0.4418819895704986,scr1995,avaStIn,bevFrtRoadLight
UK,h0645,0.4127872338607794,scr1995,avaStIn,bevFrtRoadLight
UK,h0646,0.397048616042487,scr1995,avaStIn,bevFrtRoadLight
UK,h0647,0.39602459376056587,scr1995,avaStIn,bevFrtRoadLight
UK,h0648,0.40316203252430516,scr1995,avaStIn,bevFrtRoadLight
UK,h0649,0.416180688141642,scr1995,avaStIn,bevFrtRoadLight
UK,h0650,0.4247932393212722,scr1995,avaStIn,bevFrtRoadLight
UK,h0651,0.41839596165892556,scr1995,avaStIn,bevFrtRoadLight
UK,h0652,0.39560193318277737,scr1995,avaStIn,bevFrtRoadLight
UK,h0653,0.3767263211064922,scr1995,avaStIn,bevFrtRoadLight
UK,h0654,0.3834870441325797,scr1995,avaStIn,bevFrtRoadLight
UK,h0655,0.41751535673084994,scr1995,avaStIn,bevFrtRoadLight
UK,h0656,0.46915180370731313,scr1995,avaStIn,bevFrtRoadLight
UK,h0657,0.508919129197644,scr1995,avaStIn,bevFrtRoadLight
UK,h0658,0.5246670544400582,scr1995,avaStIn,bevFrtRoadLight
UK,h0659,0.5146754500258794,scr1995,avaStIn,bevFrtRoadLight
UK,h0660,0.4951064908438997,scr1995,avaStIn,bevFrtRoadLight
UK,h0661,0.42466533328217293,scr1995,avaStIn,bevFrtRoadLight
UK,h0662,0.37996946347264315,scr1995,avaStIn,bevFrtRoadLight
UK,h0663,0.36834480165138994,scr1995,avaStIn,bevFrtRoadLight
UK,h0664,0.43639289954265337,scr1995,avaStIn,bevFrtRoadLight
UK,h0665,0.48453569830379983,scr1995,avaStIn,bevFrtRoadLight
UK,h0666,0.4983772155540289,scr1995,avaStIn,bevFrtRoadLight
UK,h0667,0.479716893383465,scr1995,avaStIn,bevFrtRoadLight
UK,h0668,0.4442036654846514,scr1995,avaStIn,bevFrtRoadLight
UK,h0669,0.4127872338607794,scr1995,avaStIn,bevFrtRoadLight
UK,h0670,0.397048616042487,scr1995,avaStIn,bevFrtRoadLight
UK,h0671,0.39602459376056587,scr1995,avaStIn,bevFrtRoadLight
UK,h0672,0.40316203252430516,scr1995,avaStIn,bevFrtRoadLight
RS,h0505,0.4189616602698403,scr1995,avaStIn,bevFrtRoadLight
RS,h0506,0.44316263746287865,scr1995,avaStIn,bevFrtRoadLight
RS,h0507,0.4666151112420711,scr1995,avaStIn,bevFrtRoadLight
RS,h0508,0.45832645881139567,scr1995,avaStIn,bevFrtRoadLight
RS,h0509,0.4575215740258525,scr1995,avaStIn,bevFrtRoadLight
RS,h0510,0.4714802227826498,scr1995,avaStIn,bevFrtRoadLight
RS,h0511,0.45278396719135405,scr1995,avaStIn,bevFrtRoadLight
RS,h0512,0.4321968269076082,scr1995,avaStIn,bevFrtRoadLight
RS,h0513,0.41692976682231464,scr1995,avaStIn,bevFrtRoadLight
RS,h0514,0.4492241211131014,scr1995,avaStIn,bevFrtRoadLight
RS,h0515,0.48975714412554394,scr1995,avaStIn,bevFrtRoadLight
RS,h0516,0.5206617867481357,scr1995,avaStIn,bevFrtRoadLight
RS,h0517,0.5030312066648692,scr1995,avaStIn,bevFrtRoadLight
RS,h0518,0.46430567818254775,scr1995,avaStIn,bevFrtRoadLight
RS,h0519,0.3930115245300315,scr1995,avaStIn,bevFrtRoadLight
RS,h0520,0.3383128612832066,scr1995,avaStIn,bevFrtRoadLight
RS,h0521,0.2949078707645617,scr1995,avaStIn,bevFrtRoadLight
RS,h0522,0.30032532288300284,scr1995,avaStIn,bevFrtRoadLight
RS,h0523,0.37031889442133714,scr1995,avaStIn,bevFrtRoadLight
RS,h0524,0.439566819115495,scr1995,avaStIn,bevFrtRoadLight
RS,h0525,0.4842205316258411,scr1995,avaStIn,bevFrtRoadLight
RS,h0526,0.48177042584781093,scr1995,avaStIn,bevFrtRoadLight
RS,h0527,0.4649933341110367,scr1995,avaStIn,bevFrtRoadLight
RS,h0528,0.4421476660354572,scr1995,avaStIn,bevFrtRoadLight
RS,h0529,0.40457118840562833,scr1995,avaStIn,bevFrtRoadLight
RS,h0530,0.3965887476744546,scr1995,avaStIn,bevFrtRoadLight
RS,h0531,0.4189648810301997,scr1995,avaStIn,bevFrtRoadLight
RS,h0532,0.47669159584913956,scr1995,avaStIn,bevFrtRoadLight
RS,h0533,0.5156198975065492,scr1995,avaStIn,bevFrtRoadLight
RS,h0534,0.5320199439771598,scr1995,avaStIn,bevFrtRoadLight
RS,h0535,0.489664575276482,scr1995,avaStIn,bevFrtRoadLight
RS,h0536,0.445275594397034,scr1995,avaStIn,bevFrtRoadLight
RS,h0537,0.41692976682231464,scr1995,avaStIn,bevFrtRoadLight
RS,h0538,0.4492241211131014,scr1995,avaStIn,bevFrtRoadLight
RS,h0539,0.48975714412554394,scr1995,avaStIn,bevFrtRoadLight
RS,h0540,0.5206617867481357,scr1995,avaStIn,bevFrtRoadLight
RS,h0541,0.5280978832077089,scr1995,avaStIn,bevFrtRoadLight
RS,h0542,0.5124807931759494,scr1995,avaStIn,bevFrtRoadLight
RS,h0543,0.4761436847441386,scr1995,avaStIn,bevFrtRoadLight
RS,h0544,0.43500854961948865,scr1995,avaStIn,bevFrtRoadLight
RS,h0545,0.409416438142285,scr1995,avaStIn,bevFrtRoadLight
RS,h0546,0.41070005893656325,scr1995,avaStIn,bevFrtRoadLight
RS,h0547,0.43881390042054824,scr1995,avaStIn,bevFrtRoadLight
RS,h0548,0.46852756847703914,scr1995,avaStIn,bevFrtRoadLight
RS,h0549,0.4842205316258411,scr1995,avaStIn,bevFrtRoadLight
RS,h0550,0.48177042584781093,scr1995,avaStIn,bevFrtRoadLight
RS,h0551,0.4649933341110367,scr1995,avaStIn,bevFrtRoadLight
RS,h0552,0.4421476660354572,scr1995,avaStIn,bevFrtRoadLight
RS,h0553,0.4241707546574749,scr1995,avaStIn,bevFrtRoadLight
RS,h0554,0.42041737236492704,scr1995,avaStIn,bevFrtRoadLight
RS,h0555,0.4350085499835714,scr1995,avaStIn,bevFrtRoadLight
RS,h0556,0.451746329447546,scr1995,avaStIn,bevFrtRoadLight
RS,h0557,0.4604138747613745,scr1995,avaStIn,bevFrtRoadLight
RS,h0558,0.45012798266384146,scr1995,avaStIn,bevFrtRoadLight
RS,h0559,0.4275548125092713,scr1995,avaStIn,bevFrtRoadLight
RS,h0560,0.40971929895410075,scr1995,avaStIn,bevFrtRoadLight
RS,h0561,0.41692976682231464,scr1995,avaStIn,bevFrtRoadLight
RS,h0562,0.4492241211131014,scr1995,avaStIn,bevFrtRoadLight
RS,h0563,0.48975714412554394,scr1995,avaStIn,bevFrtRoadLight
RS,h0564,0.5206617867481357,scr1995,avaStIn,bevFrtRoadLight
RS,h0565,0.49529424560017543,scr1995,avaStIn,bevFrtRoadLight
RS,h0566,0.4628450451116344,scr1995,avaStIn,bevFrtRoadLight
RS,h0567,0.4354358800677709,scr1995,avaStIn,bevFrtRoadLight
RS,h0568,0.46070491956491055,scr1995,avaStIn,bevFrtRoadLight
RS,h0569,0.4930229701445805,scr1995,avaStIn,bevFrtRoadLight
RS,h0570,0.5227219694183841,scr1995,avaStIn,bevFrtRoadLight
RS,h0571,0.4973028397836038,scr1995,avaStIn,bevFrtRoadLight
RS,h0572,0.44105087136717547,scr1995,avaStIn,bevFrtRoadLight
RS,h0573,0.3780715220810563,scr1995,avaStIn,bevFrtRoadLight
RS,h0574,0.3651732684624296,scr1995,avaStIn,bevFrtRoadLight
RS,h0575,0.37819407508686786,scr1995,avaStIn,bevFrtRoadLight
RS,h0576,0.39030528136459475,scr1995,avaStIn,bevFrtRoadLight
RS,h0577,0.39676844770380715,scr1995,avaStIn,bevFrtRoadLight
RS,h0578,0.394126679824481,scr1995,avaStIn,bevFrtRoadLight
RS,h0579,0.38987622113496045,scr1995,avaStIn,bevFrtRoadLight
RS,h0580,0.3949010730157553,scr1995,avaStIn,bevFrtRoadLight
RS,h0581,0.4070515770334633,scr1995,avaStIn,bevFrtRoadLight
RS,h0582,0.4208976614733183,scr1995,avaStIn,bevFrtRoadLight
RS,h0583,0.431200373449243,scr1995,avaStIn,bevFrtRoadLight
RS,h0584,0.4476631091420812,scr1995,avaStIn,bevFrtRoadLight
RS,h0585,0.459819945642168,scr1995,avaStIn,bevFrtRoadLight
RS,h0586,0.4680993229495969,scr1995,avaStIn,bevFrtRoadLight
RS,h0587,0.46486237923748064,scr1995,avaStIn,bevFrtRoadLight
RS,h0588,0.4365357697383475,scr1995,avaStIn,bevFrtRoadLight
RS,h0589,0.42024922761105055,scr1995,avaStIn,bevFrtRoadLight
RS,h0590,0.4096206610494807,scr1995,avaStIn,bevFrtRoadLight
RS,h0591,0.4354358800677709,scr1995,avaStIn,bevFrtRoadLight
RS,h0592,0.46070491956491055,scr1995,avaStIn,bevFrtRoadLight
RS,h0593,0.4930229701445805,scr1995,avaStIn,bevFrtRoadLight
RS,h0594,0.5227219694183841,scr1995,avaStIn,bevFrtRoadLight
RS,h0595,0.4973028397836038,scr1995,avaStIn,bevFrtRoadLight
RS,h0596,0.44105087136717547,scr1995,avaStIn,bevFrtRoadLight
RS,h0597,0.3780715220810563,scr1995,avaStIn,bevFrtRoadLight
RS,h0598,0.3651732684624296,scr1995,avaStIn,bevFrtRoadLight
RS,h0599,0.37819407508686786,scr1995,avaStIn,bevFrtRoadLight
RS,h0600,0.39030528136459475,scr1995,avaStIn,bevFrtRoadLight
RS,h0601,0.39676844770380715,scr1995,avaStIn,bevFrtRoadLight
RS,h0602,0.394126679824481,scr1995,avaStIn,bevFrtRoadLight
RS,h0603,0.38987622113496045,scr1995,avaStIn,bevFrtRoadLight
RS,h0604,0.3949010730157553,scr1995,avaStIn,bevFrtRoadLight
RS,h0605,0.4070515770334633,scr1995,avaStIn,bevFrtRoadLight
RS,h0606,0.4208976614733183,scr1995,avaStIn,bevFrtRoadLight
RS,h0607,0.431200373449243,scr1995,avaStIn,bevFrtRoadLight
RS,h0608,0.4476631091420812,scr1995,avaStIn,bevFrtRoadLight
RS,h0609,0.459819945642168,scr1995,avaStIn,bevFrtRoadLight
RS,h0610,0.4680993229495969,scr1995,avaStIn,bevFrtRoadLight
RS,h0611,0.46486237923748064,scr1995,avaStIn,bevFrtRoadLight
RS,h0612,0.4365357697383475,scr1995,avaStIn,bevFrtRoadLight
RS,h0613,0.42024922761105055,scr1995,avaStIn,bevFrtRoadLight
RS,h0614,0.4096206610494807,scr1995,avaStIn,bevFrtRoadLight
RS,h0615,0.4354358800677709,scr1995,avaStIn,bevFrtRoadLight
RS,h0616,0.46070491956491055,scr1995,avaStIn,bevFrtRoadLight
RS,h0617,0.4930229701445805,scr1995,avaStIn,bevFrtRoadLight
RS,h0618,0.5227219694183841,scr1995,avaStIn,bevFrtRoadLight
RS,h0619,0.5491092959310323,scr1995,avaStIn,bevFrtRoadLight
RS,h0620,0.5660273446388822,scr1995,avaStIn,bevFrtRoadLight
RS,h0621,0.5694377234652451,scr1995,avaStIn,bevFrtRoadLight
RS,h0622,0.5523077077296228,scr1995,avaStIn,bevFrtRoadLight
RS,h0623,0.5202159512310937,scr1995,avaStIn,bevFrtRoadLight
RS,h0624,0.47844313410101147,scr1995,avaStIn,bevFrtRoadLight
RS,h0625,0.4496409140263561,scr1995,avaStIn,bevFrtRoadLight
RS,h0626,0.43209058696765357,scr1995,avaStIn,bevFrtRoadLight
RS,h0627,0.41839596165892534,scr1995,avaStIn,bevFrtRoadLight
RS,h0628,0.39560193318277737,scr1995,avaStIn,bevFrtRoadLight
RS,h0629,0.3767263211064922,scr1995,avaStIn,bevFrtRoadLight
RS,h0630,0.3834870441325797,scr1995,avaStIn,bevFrtRoadLight
RS,h0631,0.41751535673084994,scr1995,avaStIn,bevFrtRoadLight
RS,h0632,0.46915180370731313,scr1995,avaStIn,bevFrtRoadLight
RS,h0633,0.508919129197644,scr1995,avaStIn,bevFrtRoadLight
RS,h0634,0.5246670544400583,scr1995,avaStIn,bevFrtRoadLight
RS,h0635,0.5146754500258794,scr1995,avaStIn,bevFrtRoadLight
RS,h0636,0.4951064908438997,scr1995,avaStIn,bevFrtRoadLight
RS,h0637,0.485940470592523,scr1995,avaStIn,bevFrtRoadLight
RS,h0638,0.4874922753166979,scr1995,avaStIn,bevFrtRoadLight
RS,h0639,0.49902806979994396,scr1995,avaStIn,bevFrtRoadLight
RS,h0640,0.5156345122766356,scr1995,avaStIn,bevFrtRoadLight
RS,h0641,0.5202103771791662,scr1995,avaStIn,bevFrtRoadLight
RS,h0642,0.509835145303465,scr1995,avaStIn,bevFrtRoadLight
RS,h0643,0.47835906407490014,scr1995,avaStIn,bevFrtRoadLight
RS,h0644,0.4418819895704986,scr1995,avaStIn,bevFrtRoadLight
RS,h0645,0.4127872338607794,scr1995,avaStIn,bevFrtRoadLight
RS,h0646,0.397048616042487,scr1995,avaStIn,bevFrtRoadLight
RS,h0647,0.39602459376056587,scr1995,avaStIn,bevFrtRoadLight
RS,h0648,0.40316203252430516,scr1995,avaStIn,bevFrtRoadLight
RS,h0649,0.416180688141642,scr1995,avaStIn,bevFrtRoadLight
RS,h0650,0.4247932393212722,scr1995,avaStIn,bevFrtRoadLight
RS,h0651,0.41839596165892534,scr1995,avaStIn,bevFrtRoadLight
RS,h0652,0.39560193318277737,scr1995,avaStIn,bevFrtRoadLight
RS,h0653,0.3767263211064922,scr1995,avaStIn,bevFrtRoadLight
RS,h0654,0.3834870441325797,scr1995,avaStIn,bevFrtRoadLight
RS,h0655,0.41751535673084994,scr1995,avaStIn,bevFrtRoadLight
RS,h0656,0.46915180370731313,scr1995,avaStIn,bevFrtRoadLight
RS,h0657,0.508919129197644,scr1995,avaStIn,bevFrtRoadLight
RS,h0658,0.5246670544400583,scr1995,avaStIn,bevFrtRoadLight
RS,h0659,0.5146754500258794,scr1995,avaStIn,bevFrtRoadLight
RS,h0660,0.4951064908438997,scr1995,avaStIn,bevFrtRoadLight
RS,h0661,0.4246653332821728,scr1995,avaStIn,bevFrtRoadLight
RS,h0662,0.37996946347264304,scr1995,avaStIn,bevFrtRoadLight
RS,h0663,0.36834480165138994,scr1995,avaStIn,bevFrtRoadLight
RS,h0664,0.43639289954265337,scr1995,avaStIn,bevFrtRoadLight
RS,h0665,0.48453569830379983,scr1995,avaStIn,bevFrtRoadLight
RS,h0666,0.4983772155540289,scr1995,avaStIn,bevFrtRoadLight
RS,h0667,0.479716893383465,scr1995,avaStIn,bevFrtRoadLight
RS,h0668,0.4442036654846514,scr1995,avaStIn,bevFrtRoadLight
RS,h0669,0.4127872338607794,scr1995,avaStIn,bevFrtRoadLight
RS,h0670,0.397048616042487,scr1995,avaStIn,bevFrtRoadLight
RS,h0671,0.39602459376056587,scr1995,avaStIn,bevFrtRoadLight
RS,h0672,0.40316203252430516,scr1995,avaStIn,bevFrtRoadLight
BA,h0505,0.4189616602698403,scr1995,avaStIn,bevFrtRoadLight
BA,h0506,0.44316263746287865,scr1995,avaStIn,bevFrtRoadLight
BA,h0507,0.4666151112420711,scr1995,avaStIn,bevFrtRoadLight
BA,h0508,0.45832645881139567,scr1995,avaStIn,bevFrtRoadLight
BA,h0509,0.4575215740258525,scr1995,avaStIn,bevFrtRoadLight
BA,h0510,0.4714802227826498,scr1995,avaStIn,bevFrtRoadLight
BA,h0511,0.45278396719135405,scr1995,avaStIn,bevFrtRoadLight
BA,h0512,0.4321968269076082,scr1995,avaStIn,bevFrtRoadLight
BA,h0513,0.41692976682231464,scr1995,avaStIn,bevFrtRoadLight
BA,h0514,0.4492241211131014,scr1995,avaStIn,bevFrtRoadLight
BA,h0515,0.48975714412554394,scr1995,avaStIn,bevFrtRoadLight
BA,h0516,0.5206617867481357,scr1995,avaStIn,bevFrtRoadLight
BA,h0517,0.5030312066648692,scr1995,avaStIn,bevFrtRoadLight
BA,h0518,0.46430567818254775,scr1995,avaStIn,bevFrtRoadLight
BA,h0519,0.3930115245300315,scr1995,avaStIn,bevFrtRoadLight
BA,h0520,0.3383128612832066,scr1995,avaStIn,bevFrtRoadLight
BA,h0521,0.2949078707645617,scr1995,avaStIn,bevFrtRoadLight
BA,h0522,0.30032532288300284,scr1995,avaStIn,bevFrtRoadLight
BA,h0523,0.37031889442133714,scr1995,avaStIn,bevFrtRoadLight
BA,h0524,0.439566819115495,scr1995,avaStIn,bevFrtRoadLight
BA,h0525,0.4842205316258411,scr1995,avaStIn,bevFrtRoadLight
BA,h0526,0.48177042584781093,scr1995,avaStIn,bevFrtRoadLight
BA,h0527,0.4649933341110367,scr1995,avaStIn,bevFrtRoadLight
BA,h0528,0.4421476660354572,scr1995,avaStIn,bevFrtRoadLight
BA,h0529,0.40457118840562833,scr1995,avaStIn,bevFrtRoadLight
BA,h0530,0.3965887476744546,scr1995,avaStIn,bevFrtRoadLight
BA,h0531,0.4189648810301997,scr1995,avaStIn,bevFrtRoadLight
BA,h0532,0.47669159584913956,scr1995,avaStIn,bevFrtRoadLight
BA,h0533,0.5156198975065492,scr1995,avaStIn,bevFrtRoadLight
BA,h0534,0.5320199439771598,scr1995,avaStIn,bevFrtRoadLight
BA,h0535,0.489664575276482,scr1995,avaStIn,bevFrtRoadLight
BA,h0536,0.445275594397034,scr1995,avaStIn,bevFrtRoadLight
BA,h0537,0.41692976682231464,scr1995,avaStIn,bevFrtRoadLight
BA,h0538,0.4492241211131014,scr1995,avaStIn,bevFrtRoadLight
BA,h0539,0.48975714412554394,scr1995,avaStIn,bevFrtRoadLight
BA,h0540,0.5206617867481357,scr1995,avaStIn,bevFrtRoadLight
BA,h0541,0.5280978832077089,scr1995,avaStIn,bevFrtRoadLight
BA,h0542,0.5124807931759494,scr1995,avaStIn,bevFrtRoadLight
BA,h0543,0.4761436847441386,scr1995,avaStIn,bevFrtRoadLight
BA,h0544,0.43500854961948865,scr1995,avaStIn,bevFrtRoadLight
BA,h0545,0.409416438142285,scr1995,avaStIn,bevFrtRoadLight
BA,h0546,0.41070005893656325,scr1995,avaStIn,bevFrtRoadLight
BA,h0547,0.43881390042054824,scr1995,avaStIn,bevFrtRoadLight
BA,h0548,0.46852756847703914,scr1995,avaStIn,bevFrtRoadLight
BA,h0549,0.4842205316258411,scr1995,avaStIn,bevFrtRoadLight
BA,h0550,0.48177042584781093,scr1995,avaStIn,bevFrtRoadLight
BA,h0551,0.4649933341110367,scr1995,avaStIn,bevFrtRoadLight
BA,h0552,0.4421476660354572,scr1995,avaStIn,bevFrtRoadLight
BA,h0553,0.4241707546574749,scr1995,avaStIn,bevFrtRoadLight
BA,h0554,0.42041737236492704,scr1995,avaStIn,bevFrtRoadLight
BA,h0555,0.4350085499835714,scr1995,avaStIn,bevFrtRoadLight
BA,h0556,0.451746329447546,scr1995,avaStIn,bevFrtRoadLight
BA,h0557,0.4604138747613745,scr1995,avaStIn,bevFrtRoadLight
BA,h0558,0.45012798266384146,scr1995,avaStIn,bevFrtRoadLight
BA,h0559,0.4275548125092713,scr1995,avaStIn,bevFrtRoadLight
BA,h0560,0.40971929895410075,scr1995,avaStIn,bevFrtRoadLight
BA,h0561,0.41692976682231464,scr1995,avaStIn,bevFrtRoadLight
BA,h0562,0.4492241211131014,scr1995,avaStIn,bevFrtRoadLight
BA,h0563,0.48975714412554394,scr1995,avaStIn,bevFrtRoadLight
BA,h0564,0.5206617867481357,scr1995,avaStIn,bevFrtRoadLight
BA,h0565,0.49529424560017543,scr1995,avaStIn,bevFrtRoadLight
BA,h0566,0.4628450451116344,scr1995,avaStIn,bevFrtRoadLight
BA,h0567,0.4354358800677709,scr1995,avaStIn,bevFrtRoadLight
BA,h0568,0.46070491956491055,scr1995,avaStIn,bevFrtRoadLight
BA,h0569,0.4930229701445805,scr1995,avaStIn,bevFrtRoadLight
BA,h0570,0.5227219694183841,scr1995,avaStIn,bevFrtRoadLight
BA,h0571,0.4973028397836038,scr1995,avaStIn,bevFrtRoadLight
BA,h0572,0.44105087136717547,scr1995,avaStIn,bevFrtRoadLight
BA,h0573,0.3780715220810563,scr1995,avaStIn,bevFrtRoadLight
BA,h0574,0.3651732684624296,scr1995,avaStIn,bevFrtRoadLight
BA,h0575,0.37819407508686786,scr1995,avaStIn,bevFrtRoadLight
BA,h0576,0.39030528136459475,scr1995,avaStIn,bevFrtRoadLight
BA,h0577,0.39676844770380715,scr1995,avaStIn,bevFrtRoadLight
BA,h0578,0.394126679824481,scr1995,avaStIn,bevFrtRoadLight
BA,h0579,0.38987622113496045,scr1995,avaStIn,bevFrtRoadLight
BA,h0580,0.3949010730157553,scr1995,avaStIn,bevFrtRoadLight
BA,h0581,0.4070515770334633,scr1995,avaStIn,bevFrtRoadLight
BA,h0582,0.4208976614733183,scr1995,avaStIn,bevFrtRoadLight
BA,h0583,0.431200373449243,scr1995,avaStIn,bevFrtRoadLight
BA,h0584,0.4476631091420812,scr1995,avaStIn,bevFrtRoadLight
BA,h0585,0.459819945642168,scr1995,avaStIn,bevFrtRoadLight
BA,h0586,0.4680993229495969,scr1995,avaStIn,bevFrtRoadLight
BA,h0587,0.46486237923748064,scr1995,avaStIn,bevFrtRoadLight
BA,h0588,0.4365357697383475,scr1995,avaStIn,bevFrtRoadLight
BA,h0589,0.42024922761105055,scr1995,avaStIn,bevFrtRoadLight
BA,h0590,0.4096206610494807,scr1995,avaStIn,bevFrtRoadLight
BA,h0591,0.4354358800677709,scr1995,avaStIn,bevFrtRoadLight
BA,h0592,0.46070491956491055,scr1995,avaStIn,bevFrtRoadLight
BA,h0593,0.4930229701445805,scr1995,avaStIn,bevFrtRoadLight
BA,h0594,0.5227219694183841,scr1995,avaStIn,bevFrtRoadLight
BA,h0595,0.4973028397836038,scr1995,avaStIn,bevFrtRoadLight
BA,h0596,0.44105087136717547,scr1995,avaStIn,bevFrtRoadLight
BA,h0597,0.3780715220810563,scr1995,avaStIn,bevFrtRoadLight
BA,h0598,0.3651732684624296,scr1995,avaStIn,bevFrtRoadLight
BA,h0599,0.37819407508686786,scr1995,avaStIn,bevFrtRoadLight
BA,h0600,0.39030528136459475,scr1995,avaStIn,bevFrtRoadLight
BA,h0601,0.39676844770380715,scr1995,avaStIn,bevFrtRoadLight
BA,h0602,0.394126679824481,scr1995,avaStIn,bevFrtRoadLight
BA,h0603,0.38987622113496045,scr1995,avaStIn,bevFrtRoadLight
BA,h0604,0.3949010730157553,scr1995,avaStIn,bevFrtRoadLight
BA,h0605,0.4070515770334633,scr1995,avaStIn,bevFrtRoadLight
BA,h0606,0.4208976614733183,scr1995,avaStIn,bevFrtRoadLight
BA,h0607,0.431200373449243,scr1995,avaStIn,bevFrtRoadLight
BA,h0608,0.4476631091420812,scr1995,avaStIn,bevFrtRoadLight
BA,h0609,0.459819945642168,scr1995,avaStIn,bevFrtRoadLight
BA,h0610,0.4680993229495969,scr1995,avaStIn,bevFrtRoadLight
BA,h0611,0.46486237923748064,scr1995,avaStIn,bevFrtRoadLight
BA,h0612,0.4365357697383475,scr1995,avaStIn,bevFrtRoadLight
BA,h0613,0.42024922761105055,scr1995,avaStIn,bevFrtRoadLight
BA,h0614,0.4096206610494807,scr1995,avaStIn,bevFrtRoadLight
BA,h0615,0.4354358800677709,scr1995,avaStIn,bevFrtRoadLight
BA,h0616,0.46070491956491055,scr1995,avaStIn,bevFrtRoadLight
BA,h0617,0.4930229701445805,scr1995,avaStIn,bevFrtRoadLight
BA,h0618,0.5227219694183841,scr1995,avaStIn,bevFrtRoadLight
BA,h0619,0.5491092959310323,scr1995,avaStIn,bevFrtRoadLight
BA,h0620,0.5660273446388822,scr1995,avaStIn,bevFrtRoadLight
BA,h0621,0.5694377234652451,scr1995,avaStIn,bevFrtRoadLight
BA,h0622,0.5523077077296228,scr1995,avaStIn,bevFrtRoadLight
BA,h0623,0.5202159512310937,scr1995,avaStIn,bevFrtRoadLight
BA,h0624,0.47844313410101147,scr1995,avaStIn,bevFrtRoadLight
BA,h0625,0.4496409140263561,scr1995,avaStIn,bevFrtRoadLight
BA,h0626,0.43209058696765357,scr1995,avaStIn,bevFrtRoadLight
BA,h0627,0.41839596165892534,scr1995,avaStIn,bevFrtRoadLight
BA,h0628,0.39560193318277737,scr1995,avaStIn,bevFrtRoadLight
BA,h0629,0.3767263211064922,scr1995,avaStIn,bevFrtRoadLight
BA,h0630,0.3834870441325797,scr1995,avaStIn,bevFrtRoadLight
BA,h0631,0.41751535673084994,scr1995,avaStIn,bevFrtRoadLight
BA,h0632,0.46915180370731313,scr1995,avaStIn,bevFrtRoadLight
BA,h0633,0.508919129197644,scr1995,avaStIn,bevFrtRoadLight
BA,h0634,0.5246670544400583,scr1995,avaStIn,bevFrtRoadLight
BA,h0635,0.5146754500258794,scr1995,avaStIn,bevFrtRoadLight
BA,h0636,0.4951064908438997,scr1995,avaStIn,bevFrtRoadLight
BA,h0637,0.485940470592523,scr1995,avaStIn,bevFrtRoadLight
BA,h0638,0.4874922753166979,scr1995,avaStIn,bevFrtRoadLight
BA,h0639,0.49902806979994396,scr1995,avaStIn,bevFrtRoadLight
BA,h0640,0.5156345122766356,scr1995,avaStIn,bevFrtRoadLight
BA,h0641,0.5202103771791662,scr1995,avaStIn,bevFrtRoadLight
BA,h0642,0.509835145303465,scr1995,avaStIn,bevFrtRoadLight
BA,h0643,0.47835906407490014,scr1995,avaStIn,bevFrtRoadLight
BA,h0644,0.4418819895704986,scr1995,avaStIn,bevFrtRoadLight
BA,h0645,0.4127872338607794,scr1995,avaStIn,bevFrtRoadLight
BA,h0646,0.397048616042487,scr1995,avaStIn,bevFrtRoadLight
BA,h0647,0.39602459376056587,scr1995,avaStIn,bevFrtRoadLight
BA,h0648,0.40316203252430516,scr1995,avaStIn,bevFrtRoadLight
BA,h0649,0.416180688141642,scr1995,avaStIn,bevFrtRoadLight
BA,h0650,0.4247932393212722,scr1995,avaStIn,bevFrtRoadLight
BA,h0651,0.41839596165892534,scr1995,avaStIn,bevFrtRoadLight
BA,h0652,0.39560193318277737,scr1995,avaStIn,bevFrtRoadLight
BA,h0653,0.3767263211064922,scr1995,avaStIn,bevFrtRoadLight
BA,h0654,0.3834870441325797,scr1995,avaStIn,bevFrtRoadLight
BA,h0655,0.41751535673084994,scr1995,avaStIn,bevFrtRoadLight
BA,h0656,0.46915180370731313,scr1995,avaStIn,bevFrtRoadLight
BA,h0657,0.508919129197644,scr1995,avaStIn,bevFrtRoadLight
BA,h0658,0.5246670544400583,scr1995,avaStIn,bevFrtRoadLight
BA,h0659,0.5146754500258794,scr1995,avaStIn,bevFrtRoadLight
BA,h0660,0.4951064908438997,scr1995,avaStIn,bevFrtRoadLight
BA,h0661,0.4246653332821728,scr1995,avaStIn,bevFrtRoadLight
BA,h0662,0.37996946347264304,scr1995,avaStIn,bevFrtRoadLight
BA,h0663,0.36834480165138994,scr1995,avaStIn,bevFrtRoadLight
BA,h0664,0.43639289954265337,scr1995,avaStIn,bevFrtRoadLight
BA,h0665,0.48453569830379983,scr1995,avaStIn,bevFrtRoadLight
BA,h0666,0.4983772155540289,scr1995,avaStIn,bevFrtRoadLight
BA,h0667,0.479716893383465,scr1995,avaStIn,bevFrtRoadLight
BA,h0668,0.4442036654846514,scr1995,avaStIn,bevFrtRoadLight
BA,h0669,0.4127872338607794,scr1995,avaStIn,bevFrtRoadLight
BA,h0670,0.397048616042487,scr1995,avaStIn,bevFrtRoadLight
BA,h0671,0.39602459376056587,scr1995,avaStIn,bevFrtRoadLight
BA,h0672,0.40316203252430516,scr1995,avaStIn,bevFrtRoadLight
AL,h0505,0.4189616602698403,scr1995,avaStIn,bevFrtRoadLight
AL,h0506,0.44316263746287865,scr1995,avaStIn,bevFrtRoadLight
AL,h0507,0.4666151112420711,scr1995,avaStIn,bevFrtRoadLight
AL,h0508,0.45832645881139567,scr1995,avaStIn,bevFrtRoadLight
AL,h0509,0.4575215740258525,scr1995,avaStIn,bevFrtRoadLight
AL,h0510,0.4714802227826498,scr1995,avaStIn,bevFrtRoadLight
AL,h0511,0.45278396719135405,scr1995,avaStIn,bevFrtRoadLight
AL,h0512,0.4321968269076082,scr1995,avaStIn,bevFrtRoadLight
AL,h0513,0.41692976682231464,scr1995,avaStIn,bevFrtRoadLight
AL,h0514,0.4492241211131014,scr1995,avaStIn,bevFrtRoadLight
AL,h0515,0.48975714412554394,scr1995,avaStIn,bevFrtRoadLight
AL,h0516,0.5206617867481357,scr1995,avaStIn,bevFrtRoadLight
AL,h0517,0.5030312066648692,scr1995,avaStIn,bevFrtRoadLight
AL,h0518,0.46430567818254775,scr1995,avaStIn,bevFrtRoadLight
AL,h0519,0.3930115245300315,scr1995,avaStIn,bevFrtRoadLight
AL,h0520,0.3383128612832066,scr1995,avaStIn,bevFrtRoadLight
AL,h0521,0.2949078707645617,scr1995,avaStIn,bevFrtRoadLight
AL,h0522,0.30032532288300284,scr1995,avaStIn,bevFrtRoadLight
AL,h0523,0.37031889442133714,scr1995,avaStIn,bevFrtRoadLight
AL,h0524,0.439566819115495,scr1995,avaStIn,bevFrtRoadLight
AL,h0525,0.4842205316258411,scr1995,avaStIn,bevFrtRoadLight
AL,h0526,0.48177042584781093,scr1995,avaStIn,bevFrtRoadLight
AL,h0527,0.4649933341110367,scr1995,avaStIn,bevFrtRoadLight
AL,h0528,0.4421476660354572,scr1995,avaStIn,bevFrtRoadLight
AL,h0529,0.40457118840562833,scr1995,avaStIn,bevFrtRoadLight
AL,h0530,0.3965887476744546,scr1995,avaStIn,bevFrtRoadLight
AL,h0531,0.4189648810301997,scr1995,avaStIn,bevFrtRoadLight
AL,h0532,0.47669159584913956,scr1995,avaStIn,bevFrtRoadLight
AL,h0533,0.5156198975065492,scr1995,avaStIn,bevFrtRoadLight
AL,h0534,0.5320199439771598,scr1995,avaStIn,bevFrtRoadLight
AL,h0535,0.489664575276482,scr1995,avaStIn,bevFrtRoadLight
AL,h0536,0.445275594397034,scr1995,avaStIn,bevFrtRoadLight
AL,h0537,0.41692976682231464,scr1995,avaStIn,bevFrtRoadLight
AL,h0538,0.4492241211131014,scr1995,avaStIn,bevFrtRoadLight
AL,h0539,0.48975714412554394,scr1995,avaStIn,bevFrtRoadLight
AL,h0540,0.5206617867481357,scr1995,avaStIn,bevFrtRoadLight
AL,h0541,0.5280978832077089,scr1995,avaStIn,bevFrtRoadLight
AL,h0542,0.5124807931759494,scr1995,avaStIn,bevFrtRoadLight
AL,h0543,0.4761436847441386,scr1995,avaStIn,bevFrtRoadLight
AL,h0544,0.43500854961948865,scr1995,avaStIn,bevFrtRoadLight
AL,h0545,0.409416438142285,scr1995,avaStIn,bevFrtRoadLight
AL,h0546,0.41070005893656325,scr1995,avaStIn,bevFrtRoadLight
AL,h0547,0.43881390042054824,scr1995,avaStIn,bevFrtRoadLight
AL,h0548,0.46852756847703914,scr1995,avaStIn,bevFrtRoadLight
AL,h0549,0.4842205316258411,scr1995,avaStIn,bevFrtRoadLight
AL,h0550,0.48177042584781093,scr1995,avaStIn,bevFrtRoadLight
AL,h0551,0.4649933341110367,scr1995,avaStIn,bevFrtRoadLight
AL,h0552,0.4421476660354572,scr1995,avaStIn,bevFrtRoadLight
AL,h0553,0.4241707546574749,scr1995,avaStIn,bevFrtRoadLight
AL,h0554,0.42041737236492704,scr1995,avaStIn,bevFrtRoadLight
AL,h0555,0.4350085499835714,scr1995,avaStIn,bevFrtRoadLight
AL,h0556,0.451746329447546,scr1995,avaStIn,bevFrtRoadLight
AL,h0557,0.4604138747613745,scr1995,avaStIn,bevFrtRoadLight
AL,h0558,0.45012798266384146,scr1995,avaStIn,bevFrtRoadLight
AL,h0559,0.4275548125092713,scr1995,avaStIn,bevFrtRoadLight
AL,h0560,0.40971929895410075,scr1995,avaStIn,bevFrtRoadLight
AL,h0561,0.41692976682231464,scr1995,avaStIn,bevFrtRoadLight
AL,h0562,0.4492241211131014,scr1995,avaStIn,bevFrtRoadLight
AL,h0563,0.48975714412554394,scr1995,avaStIn,bevFrtRoadLight
AL,h0564,0.5206617867481357,scr1995,avaStIn,bevFrtRoadLight
AL,h0565,0.49529424560017543,scr1995,avaStIn,bevFrtRoadLight
AL,h0566,0.4628450451116344,scr1995,avaStIn,bevFrtRoadLight
AL,h0567,0.4354358800677709,scr1995,avaStIn,bevFrtRoadLight
AL,h0568,0.46070491956491055,scr1995,avaStIn,bevFrtRoadLight
AL,h0569,0.4930229701445805,scr1995,avaStIn,bevFrtRoadLight
AL,h0570,0.5227219694183841,scr1995,avaStIn,bevFrtRoadLight
AL,h0571,0.4973028397836038,scr1995,avaStIn,bevFrtRoadLight
AL,h0572,0.44105087136717547,scr1995,avaStIn,bevFrtRoadLight
AL,h0573,0.3780715220810563,scr1995,avaStIn,bevFrtRoadLight
AL,h0574,0.3651732684624296,scr1995,avaStIn,bevFrtRoadLight
AL,h0575,0.37819407508686786,scr1995,avaStIn,bevFrtRoadLight
AL,h0576,0.39030528136459475,scr1995,avaStIn,bevFrtRoadLight
AL,h0577,0.39676844770380715,scr1995,avaStIn,bevFrtRoadLight
AL,h0578,0.394126679824481,scr1995,avaStIn,bevFrtRoadLight
AL,h0579,0.38987622113496045,scr1995,avaStIn,bevFrtRoadLight
AL,h0580,0.3949010730157553,scr1995,avaStIn,bevFrtRoadLight
AL,h0581,0.4070515770334633,scr1995,avaStIn,bevFrtRoadLight
AL,h0582,0.4208976614733183,scr1995,avaStIn,bevFrtRoadLight
AL,h0583,0.431200373449243,scr1995,avaStIn,bevFrtRoadLight
AL,h0584,0.4476631091420812,scr1995,avaStIn,bevFrtRoadLight
AL,h0585,0.459819945642168,scr1995,avaStIn,bevFrtRoadLight
AL,h0586,0.4680993229495969,scr1995,avaStIn,bevFrtRoadLight
AL,h0587,0.46486237923748064,scr1995,avaStIn,bevFrtRoadLight
AL,h0588,0.4365357697383475,scr1995,avaStIn,bevFrtRoadLight
AL,h0589,0.42024922761105055,scr1995,avaStIn,bevFrtRoadLight
AL,h0590,0.4096206610494807,scr1995,avaStIn,bevFrtRoadLight
AL,h0591,0.4354358800677709,scr1995,avaStIn,bevFrtRoadLight
AL,h0592,0.46070491956491055,scr1995,avaStIn,bevFrtRoadLight
AL,h0593,0.4930229701445805,scr1995,avaStIn,bevFrtRoadLight
AL,h0594,0.5227219694183841,scr1995,avaStIn,bevFrtRoadLight
AL,h0595,0.4973028397836038,scr1995,avaStIn,bevFrtRoadLight
AL,h0596,0.44105087136717547,scr1995,avaStIn,bevFrtRoadLight
AL,h0597,0.3780715220810563,scr1995,avaStIn,bevFrtRoadLight
AL,h0598,0.3651732684624296,scr1995,avaStIn,bevFrtRoadLight
AL,h0599,0.37819407508686786,scr1995,avaStIn,bevFrtRoadLight
AL,h0600,0.39030528136459475,scr1995,avaStIn,bevFrtRoadLight
AL,h0601,0.39676844770380715,scr1995,avaStIn,bevFrtRoadLight
AL,h0602,0.394126679824481,scr1995,avaStIn,bevFrtRoadLight
AL,h0603,0.38987622113496045,scr1995,avaStIn,bevFrtRoadLight
AL,h0604,0.3949010730157553,scr1995,avaStIn,bevFrtRoadLight
AL,h0605,0.4070515770334633,scr1995,avaStIn,bevFrtRoadLight
AL,h0606,0.4208976614733183,scr1995,avaStIn,bevFrtRoadLight
AL,h0607,0.431200373449243,scr1995,avaStIn,bevFrtRoadLight
AL,h0608,0.4476631091420812,scr1995,avaStIn,bevFrtRoadLight
AL,h0609,0.459819945642168,scr1995,avaStIn,bevFrtRoadLight
AL,h0610,0.4680993229495969,scr1995,avaStIn,bevFrtRoadLight
AL,h0611,0.46486237923748064,scr1995,avaStIn,bevFrtRoadLight
AL,h0612,0.4365357697383475,scr1995,avaStIn,bevFrtRoadLight
AL,h0613,0.42024922761105055,scr1995,avaStIn,bevFrtRoadLight
AL,h0614,0.4096206610494807,scr1995,avaStIn,bevFrtRoadLight
AL,h0615,0.4354358800677709,scr1995,avaStIn,bevFrtRoadLight
AL,h0616,0.46070491956491055,scr1995,avaStIn,bevFrtRoadLight
AL,h0617,0.4930229701445805,scr1995,avaStIn,bevFrtRoadLight
AL,h0618,0.5227219694183841,scr1995,avaStIn,bevFrtRoadLight
AL,h0619,0.5491092959310323,scr1995,avaStIn,bevFrtRoadLight
AL,h0620,0.5660273446388822,scr1995,avaStIn,bevFrtRoadLight
AL,h0621,0.5694377234652451,scr1995,avaStIn,bevFrtRoadLight
AL,h0622,0.5523077077296228,scr1995,avaStIn,bevFrtRoadLight
AL,h0623,0.5202159512310937,scr1995,avaStIn,bevFrtRoadLight
AL,h0624,0.47844313410101147,scr1995,avaStIn,bevFrtRoadLight
AL,h0625,0.4496409140263561,scr1995,avaStIn,bevFrtRoadLight
AL,h0626,0.43209058696765357,scr1995,avaStIn,bevFrtRoadLight
AL,h0627,0.41839596165892534,scr1995,avaStIn,bevFrtRoadLight
AL,h0628,0.39560193318277737,scr1995,avaStIn,bevFrtRoadLight
AL,h0629,0.3767263211064922,scr1995,avaStIn,bevFrtRoadLight
AL,h0630,0.3834870441325797,scr1995,avaStIn,bevFrtRoadLight
AL,h0631,0.41751535673084994,scr1995,avaStIn,bevFrtRoadLight
AL,h0632,0.46915180370731313,scr1995,avaStIn,bevFrtRoadLight
AL,h0633,0.508919129197644,scr1995,avaStIn,bevFrtRoadLight
AL,h0634,0.5246670544400583,scr1995,avaStIn,bevFrtRoadLight
AL,h0635,0.5146754500258794,scr1995,avaStIn,bevFrtRoadLight
AL,h0636,0.4951064908438997,scr1995,avaStIn,bevFrtRoadLight
AL,h0637,0.485940470592523,scr1995,avaStIn,bevFrtRoadLight
AL,h0638,0.4874922753166979,scr1995,avaStIn,bevFrtRoadLight
AL,h0639,0.49902806979994396,scr1995,avaStIn,bevFrtRoadLight
AL,h0640,0.5156345122766356,scr1995,avaStIn,bevFrtRoadLight
AL,h0641,0.5202103771791662,scr1995,avaStIn,bevFrtRoadLight
AL,h0642,0.509835145303465,scr1995,avaStIn,bevFrtRoadLight
AL,h0643,0.47835906407490014,scr1995,avaStIn,bevFrtRoadLight
AL,h0644,0.4418819895704986,scr1995,avaStIn,bevFrtRoadLight
AL,h0645,0.4127872338607794,scr1995,avaStIn,bevFrtRoadLight
AL,h0646,0.397048616042487,scr1995,avaStIn,bevFrtRoadLight
AL,h0647,0.39602459376056587,scr1995,avaStIn,bevFrtRoadLight
AL,h0648,0.40316203252430516,scr1995,avaStIn,bevFrtRoadLight
AL,h0649,0.416180688141642,scr1995,avaStIn,bevFrtRoadLight
AL,h0650,0.4247932393212722,scr1995,avaStIn,bevFrtRoadLight
AL,h0651,0.41839596165892534,scr1995,avaStIn,bevFrtRoadLight
AL,h0652,0.39560193318277737,scr1995,avaStIn,bevFrtRoadLight
AL,h0653,0.3767263211064922,scr1995,avaStIn,bevFrtRoadLight
AL,h0654,0.3834870441325797,scr1995,avaStIn,bevFrtRoadLight
AL,h0655,0.41751535673084994,scr1995,avaStIn,bevFrtRoadLight
AL,h0656,0.46915180370731313,scr1995,avaStIn,bevFrtRoadLight
AL,h0657,0.508919129197644,scr1995,avaStIn,bevFrtRoadLight
AL,h0658,0.5246670544400583,scr1995,avaStIn,bevFrtRoadLight
AL,h0659,0.5146754500258794,scr1995,avaStIn,bevFrtRoadLight
AL,h0660,0.4951064908438997,scr1995,avaStIn,bevFrtRoadLight
AL,h0661,0.4246653332821728,scr1995,avaStIn,bevFrtRoadLight
AL,h0662,0.37996946347264304,scr1995,avaStIn,bevFrtRoadLight
AL,h0663,0.36834480165138994,scr1995,avaStIn,bevFrtRoadLight
AL,h0664,0.43639289954265337,scr1995,avaStIn,bevFrtRoadLight
AL,h0665,0.48453569830379983,scr1995,avaStIn,bevFrtRoadLight
AL,h0666,0.4983772155540289,scr1995,avaStIn,bevFrtRoadLight
AL,h0667,0.479716893383465,scr1995,avaStIn,bevFrtRoadLight
AL,h0668,0.4442036654846514,scr1995,avaStIn,bevFrtRoadLight
AL,h0669,0.4127872338607794,scr1995,avaStIn,bevFrtRoadLight
AL,h0670,0.397048616042487,scr1995,avaStIn,bevFrtRoadLight
AL,h0671,0.39602459376056587,scr1995,avaStIn,bevFrtRoadLight
AL,h0672,0.40316203252430516,scr1995,avaStIn,bevFrtRoadLight
