region_4,timestep_5,value,scenario_1,parameter,technology_3
AT,hh0085,6.055682625263216,scr2000,effConv,heatpumpGroundSpace
AT,hh0086,6.149285009511004,scr2000,effConv,heatpumpGroundSpace
AT,hh0087,6.297036462847245,scr2000,effConv,heatpumpGroundSpace
AT,hh0088,6.260899816637902,scr2000,effConv,heatpumpGroundSpace
AT,hh0089,6.1048502381454455,scr2000,effConv,heatpumpGroundSpace
AT,hh0090,5.838197475664856,scr2000,effConv,heatpumpGroundSpace
AT,hh0091,5.774999404060509,scr2000,effConv,heatpumpGroundSpace
AT,hh0092,5.8132587753971166,scr2000,effConv,heatpumpGroundSpace
AT,hh0093,6.103525788999832,scr2000,effConv,heatpumpGroundSpace
AT,hh0094,6.279668339313503,scr2000,effConv,heatpumpGroundSpace
AT,hh0095,6.282003945641918,scr2000,effConv,heatpumpGroundSpace
AT,hh0096,6.241624610136569,scr2000,effConv,heatpumpGroundSpace
AT,hh0097,6.18576401028804,scr2000,effConv,heatpumpGroundSpace
AT,hh0098,6.168686426030035,scr2000,effConv,heatpumpGroundSpace
AT,hh0099,6.233411095727206,scr2000,effConv,heatpumpGroundSpace
AT,hh0100,6.309675392541976,scr2000,effConv,heatpumpGroundSpace
AT,hh0101,6.2500175849563675,scr2000,effConv,heatpumpGroundSpace
AT,hh0102,6.1448073737483355,scr2000,effConv,heatpumpGroundSpace
AT,hh0103,6.0315315305415425,scr2000,effConv,heatpumpGroundSpace
AT,hh0104,6.078700120608119,scr2000,effConv,heatpumpGroundSpace
AT,hh0105,6.317371309083683,scr2000,effConv,heatpumpGroundSpace
AT,hh0106,6.3400000000037835,scr2000,effConv,heatpumpGroundSpace
AT,hh0107,6.338619923310034,scr2000,effConv,heatpumpGroundSpace
AT,hh0108,6.298675852827728,scr2000,effConv,heatpumpGroundSpace
AT,hh0109,6.1799333468461555,scr2000,effConv,heatpumpGroundSpace
AT,hh0110,6.172390405217811,scr2000,effConv,heatpumpGroundSpace
AT,hh0111,6.31938058407286,scr2000,effConv,heatpumpGroundSpace
AT,hh0112,6.328432418418743,scr2000,effConv,heatpumpGroundSpace
AT,hh0113,6.272427549563872,scr2000,effConv,heatpumpGroundSpace
AT,hh0114,6.128610009289332,scr2000,effConv,heatpumpGroundSpace
AT,hh0115,5.644806846596111,scr2000,effConv,heatpumpGroundSpace
AT,hh0116,5.598074482313677,scr2000,effConv,heatpumpGroundSpace
AT,hh0117,6.039736522343446,scr2000,effConv,heatpumpGroundSpace
AT,hh0118,6.304915820253882,scr2000,effConv,heatpumpGroundSpace
AT,hh0119,6.2852554583550955,scr2000,effConv,heatpumpGroundSpace
AT,hh0120,6.1406953516871,scr2000,effConv,heatpumpGroundSpace
AT,hh0121,5.897390275848011,scr2000,effConv,heatpumpGroundSpace
AT,hh0122,5.876398273640007,scr2000,effConv,heatpumpGroundSpace
AT,hh0123,6.054605544684819,scr2000,effConv,heatpumpGroundSpace
AT,hh0124,6.156154873884589,scr2000,effConv,heatpumpGroundSpace
AT,hh0125,6.05059673309006,scr2000,effConv,heatpumpGroundSpace
AT,hh0126,5.9173158628382225,scr2000,effConv,heatpumpGroundSpace
BE,hh0085,6.218003062105213,scr2000,effConv,heatpumpGroundSpace
BE,hh0086,6.34,scr2000,effConv,heatpumpGroundSpace
BE,hh0087,6.34,scr2000,effConv,heatpumpGroundSpace
BE,hh0088,6.34,scr2000,effConv,heatpumpGroundSpace
BE,hh0089,6.309217960572631,scr2000,effConv,heatpumpGroundSpace
BE,hh0090,6.042181249672083,scr2000,effConv,heatpumpGroundSpace
BE,hh0091,5.99626607537696,scr2000,effConv,heatpumpGroundSpace
BE,hh0092,6.048342336280627,scr2000,effConv,heatpumpGroundSpace
BE,hh0093,6.296533955961266,scr2000,effConv,heatpumpGroundSpace
BE,hh0094,6.34,scr2000,effConv,heatpumpGroundSpace
BE,hh0095,6.34,scr2000,effConv,heatpumpGroundSpace
BE,hh0096,6.34,scr2000,effConv,heatpumpGroundSpace
BE,hh0097,6.34,scr2000,effConv,heatpumpGroundSpace
BE,hh0098,6.34,scr2000,effConv,heatpumpGroundSpace
BE,hh0099,6.34,scr2000,effConv,heatpumpGroundSpace
BE,hh0100,6.34,scr2000,effConv,heatpumpGroundSpace
BE,hh0101,6.34,scr2000,effConv,heatpumpGroundSpace
BE,hh0102,6.34,scr2000,effConv,heatpumpGroundSpace
BE,hh0103,6.34,scr2000,effConv,heatpumpGroundSpace
BE,hh0104,6.34,scr2000,effConv,heatpumpGroundSpace
BE,hh0105,6.34,scr2000,effConv,heatpumpGroundSpace
BE,hh0106,6.34,scr2000,effConv,heatpumpGroundSpace
BE,hh0107,6.34,scr2000,effConv,heatpumpGroundSpace
BE,hh0108,6.34,scr2000,effConv,heatpumpGroundSpace
BE,hh0109,6.243395828717006,scr2000,effConv,heatpumpGroundSpace
BE,hh0110,6.234579523775629,scr2000,effConv,heatpumpGroundSpace
BE,hh0111,6.34,scr2000,effConv,heatpumpGroundSpace
BE,hh0112,6.34,scr2000,effConv,heatpumpGroundSpace
BE,hh0113,6.34,scr2000,effConv,heatpumpGroundSpace
BE,hh0114,6.335281260375418,scr2000,effConv,heatpumpGroundSpace
BE,hh0115,5.979480096822241,scr2000,effConv,heatpumpGroundSpace
BE,hh0116,5.927590748110325,scr2000,effConv,heatpumpGroundSpace
BE,hh0117,6.336854083888204,scr2000,effConv,heatpumpGroundSpace
BE,hh0118,6.34,scr2000,effConv,heatpumpGroundSpace
BE,hh0119,6.34,scr2000,effConv,heatpumpGroundSpace
BE,hh0120,6.336854083888204,scr2000,effConv,heatpumpGroundSpace
BE,hh0121,6.264956353991984,scr2000,effConv,heatpumpGroundSpace
BE,hh0122,6.142614824471988,scr2000,effConv,heatpumpGroundSpace
BE,hh0123,6.241363132818197,scr2000,effConv,heatpumpGroundSpace
BE,hh0124,6.34,scr2000,effConv,heatpumpGroundSpace
BE,hh0125,6.34,scr2000,effConv,heatpumpGroundSpace
BE,hh0126,6.337640899157184,scr2000,effConv,heatpumpGroundSpace
BG,hh0085,6.176496210277037,scr2000,effConv,heatpumpGroundSpace
BG,hh0086,6.318024197677005,scr2000,effConv,heatpumpGroundSpace
BG,hh0087,6.3399999999965075,scr2000,effConv,heatpumpGroundSpace
BG,hh0088,6.3399999999965075,scr2000,effConv,heatpumpGroundSpace
BG,hh0089,6.3399999999965075,scr2000,effConv,heatpumpGroundSpace
BG,hh0090,6.3399999999965075,scr2000,effConv,heatpumpGroundSpace
BG,hh0091,6.030469343375444,scr2000,effConv,heatpumpGroundSpace
BG,hh0092,6.263929131882833,scr2000,effConv,heatpumpGroundSpace
BG,hh0093,6.3399999999965075,scr2000,effConv,heatpumpGroundSpace
BG,hh0094,6.3399999999965075,scr2000,effConv,heatpumpGroundSpace
BG,hh0095,6.335766203512321,scr2000,effConv,heatpumpGroundSpace
BG,hh0096,6.337883101754414,scr2000,effConv,heatpumpGroundSpace
BG,hh0097,6.337883101754414,scr2000,effConv,heatpumpGroundSpace
BG,hh0098,6.3399999999965075,scr2000,effConv,heatpumpGroundSpace
BG,hh0099,6.3399999999965075,scr2000,effConv,heatpumpGroundSpace
BG,hh0100,6.3399999999965075,scr2000,effConv,heatpumpGroundSpace
BG,hh0101,6.3399999999965075,scr2000,effConv,heatpumpGroundSpace
BG,hh0102,6.335764346020369,scr2000,effConv,heatpumpGroundSpace
BG,hh0103,6.330115444156036,scr2000,effConv,heatpumpGroundSpace
BG,hh0104,6.339294490979228,scr2000,effConv,heatpumpGroundSpace
BG,hh0105,6.3399999999965075,scr2000,effConv,heatpumpGroundSpace
BG,hh0106,6.3399999999965075,scr2000,effConv,heatpumpGroundSpace
BG,hh0107,6.3399999999965075,scr2000,effConv,heatpumpGroundSpace
BG,hh0108,6.331523854500119,scr2000,effConv,heatpumpGroundSpace
BG,hh0109,6.315256582442089,scr2000,effConv,heatpumpGroundSpace
BG,hh0110,6.335057349911949,scr2000,effConv,heatpumpGroundSpace
BG,hh0111,6.3399999999965075,scr2000,effConv,heatpumpGroundSpace
BG,hh0112,6.3399999999965075,scr2000,effConv,heatpumpGroundSpace
BG,hh0113,6.323748001424974,scr2000,effConv,heatpumpGroundSpace
BG,hh0114,6.300339993802481,scr2000,effConv,heatpumpGroundSpace
BG,hh0115,6.286118332825936,scr2000,effConv,heatpumpGroundSpace
BG,hh0116,6.3230413729561405,scr2000,effConv,heatpumpGroundSpace
BG,hh0117,6.337175735245182,scr2000,effConv,heatpumpGroundSpace
BG,hh0118,6.3399999999965075,scr2000,effConv,heatpumpGroundSpace
BG,hh0119,6.326560688332393,scr2000,effConv,heatpumpGroundSpace
BG,hh0120,6.236680371059265,scr2000,effConv,heatpumpGroundSpace
BG,hh0121,6.248906412765791,scr2000,effConv,heatpumpGroundSpace
BG,hh0122,6.31095802119853,scr2000,effConv,heatpumpGroundSpace
BG,hh0123,6.3399999999965075,scr2000,effConv,heatpumpGroundSpace
BG,hh0124,6.198038893593548,scr2000,effConv,heatpumpGroundSpace
BG,hh0125,5.870897174389029,scr2000,effConv,heatpumpGroundSpace
BG,hh0126,5.11638292457792,scr2000,effConv,heatpumpGroundSpace
CH,hh0085,5.927077719985012,scr2000,effConv,heatpumpGroundSpace
CH,hh0086,6.00237028282093,scr2000,effConv,heatpumpGroundSpace
CH,hh0087,6.228486056706899,scr2000,effConv,heatpumpGroundSpace
CH,hh0088,6.10109253292231,scr2000,effConv,heatpumpGroundSpace
CH,hh0089,5.784367967675952,scr2000,effConv,heatpumpGroundSpace
CH,hh0090,5.466452658413628,scr2000,effConv,heatpumpGroundSpace
CH,hh0091,5.37177641499289,scr2000,effConv,heatpumpGroundSpace
CH,hh0092,5.36806147395475,scr2000,effConv,heatpumpGroundSpace
CH,hh0093,5.83627459477639,scr2000,effConv,heatpumpGroundSpace
CH,hh0094,6.231948509810904,scr2000,effConv,heatpumpGroundSpace
CH,hh0095,6.260496442521479,scr2000,effConv,heatpumpGroundSpace
CH,hh0096,6.027627962522169,scr2000,effConv,heatpumpGroundSpace
CH,hh0097,5.99746020266252,scr2000,effConv,heatpumpGroundSpace
CH,hh0098,5.99126745581431,scr2000,effConv,heatpumpGroundSpace
CH,hh0099,6.18828152894028,scr2000,effConv,heatpumpGroundSpace
CH,hh0100,6.129665789818584,scr2000,effConv,heatpumpGroundSpace
CH,hh0101,5.993704045224312,scr2000,effConv,heatpumpGroundSpace
CH,hh0102,5.865104638602235,scr2000,effConv,heatpumpGroundSpace
CH,hh0103,5.761464375255789,scr2000,effConv,heatpumpGroundSpace
CH,hh0104,5.860275241211935,scr2000,effConv,heatpumpGroundSpace
CH,hh0105,6.262931260042485,scr2000,effConv,heatpumpGroundSpace
CH,hh0106,6.3392912896485765,scr2000,effConv,heatpumpGroundSpace
CH,hh0107,6.330394261056658,scr2000,effConv,heatpumpGroundSpace
CH,hh0108,6.229118234249881,scr2000,effConv,heatpumpGroundSpace
CH,hh0109,5.847536763281159,scr2000,effConv,heatpumpGroundSpace
CH,hh0110,5.837735488912686,scr2000,effConv,heatpumpGroundSpace
CH,hh0111,6.308115716664691,scr2000,effConv,heatpumpGroundSpace
CH,hh0112,6.330238342850789,scr2000,effConv,heatpumpGroundSpace
CH,hh0113,6.216308695757263,scr2000,effConv,heatpumpGroundSpace
CH,hh0114,5.973414705046711,scr2000,effConv,heatpumpGroundSpace
CH,hh0115,5.373366829823791,scr2000,effConv,heatpumpGroundSpace
CH,hh0116,5.194304388903108,scr2000,effConv,heatpumpGroundSpace
CH,hh0117,5.9196446563797664,scr2000,effConv,heatpumpGroundSpace
CH,hh0118,6.319081115789331,scr2000,effConv,heatpumpGroundSpace
CH,hh0119,6.271842160183963,scr2000,effConv,heatpumpGroundSpace
CH,hh0120,5.971222027295351,scr2000,effConv,heatpumpGroundSpace
CH,hh0121,5.285457913137998,scr2000,effConv,heatpumpGroundSpace
CH,hh0122,5.145903183910818,scr2000,effConv,heatpumpGroundSpace
CH,hh0123,5.533491707551564,scr2000,effConv,heatpumpGroundSpace
CH,hh0124,6.056398521614257,scr2000,effConv,heatpumpGroundSpace
CH,hh0125,6.096992716826112,scr2000,effConv,heatpumpGroundSpace
CH,hh0126,5.881490945838415,scr2000,effConv,heatpumpGroundSpace
CZ,hh0085,6.179922417008921,scr2000,effConv,heatpumpGroundSpace
CZ,hh0086,6.339138499384177,scr2000,effConv,heatpumpGroundSpace
CZ,hh0087,6.34,scr2000,effConv,heatpumpGroundSpace
CZ,hh0088,6.296061896418651,scr2000,effConv,heatpumpGroundSpace
CZ,hh0089,6.256835488026352,scr2000,effConv,heatpumpGroundSpace
CZ,hh0090,6.1913260900573235,scr2000,effConv,heatpumpGroundSpace
CZ,hh0091,6.081086222688568,scr2000,effConv,heatpumpGroundSpace
CZ,hh0092,6.117646731319362,scr2000,effConv,heatpumpGroundSpace
CZ,hh0093,6.300967461384714,scr2000,effConv,heatpumpGroundSpace
CZ,hh0094,6.331813097397768,scr2000,effConv,heatpumpGroundSpace
CZ,hh0095,6.329657444554362,scr2000,effConv,heatpumpGroundSpace
CZ,hh0096,6.34,scr2000,effConv,heatpumpGroundSpace
CZ,hh0097,6.34,scr2000,effConv,heatpumpGroundSpace
CZ,hh0098,6.3382768631087085,scr2000,effConv,heatpumpGroundSpace
CZ,hh0099,6.339138431554354,scr2000,effConv,heatpumpGroundSpace
CZ,hh0100,6.34,scr2000,effConv,heatpumpGroundSpace
CZ,hh0101,6.34,scr2000,effConv,heatpumpGroundSpace
CZ,hh0102,6.34,scr2000,effConv,heatpumpGroundSpace
CZ,hh0103,6.211816280470878,scr2000,effConv,heatpumpGroundSpace
CZ,hh0104,6.2717568494568265,scr2000,effConv,heatpumpGroundSpace
CZ,hh0105,6.34,scr2000,effConv,heatpumpGroundSpace
CZ,hh0106,6.34,scr2000,effConv,heatpumpGroundSpace
CZ,hh0107,6.34,scr2000,effConv,heatpumpGroundSpace
CZ,hh0108,6.34,scr2000,effConv,heatpumpGroundSpace
CZ,hh0109,6.260819809986542,scr2000,effConv,heatpumpGroundSpace
CZ,hh0110,6.22128113295801,scr2000,effConv,heatpumpGroundSpace
CZ,hh0111,6.320221124404841,scr2000,effConv,heatpumpGroundSpace
CZ,hh0112,6.34,scr2000,effConv,heatpumpGroundSpace
CZ,hh0113,6.34,scr2000,effConv,heatpumpGroundSpace
CZ,hh0114,6.302392914065271,scr2000,effConv,heatpumpGroundSpace
CZ,hh0115,5.900907861930174,scr2000,effConv,heatpumpGroundSpace
CZ,hh0116,5.737930861776494,scr2000,effConv,heatpumpGroundSpace
CZ,hh0117,6.180455076182136,scr2000,effConv,heatpumpGroundSpace
CZ,hh0118,6.34,scr2000,effConv,heatpumpGroundSpace
CZ,hh0119,6.339569249692088,scr2000,effConv,heatpumpGroundSpace
CZ,hh0120,6.3010587999684775,scr2000,effConv,heatpumpGroundSpace
CZ,hh0121,6.028701176024256,scr2000,effConv,heatpumpGroundSpace
CZ,hh0122,5.800966310987407,scr2000,effConv,heatpumpGroundSpace
CZ,hh0123,5.723821991843019,scr2000,effConv,heatpumpGroundSpace
CZ,hh0124,6.1430615022501005,scr2000,effConv,heatpumpGroundSpace
CZ,hh0125,6.089598180748901,scr2000,effConv,heatpumpGroundSpace
CZ,hh0126,6.062714966037113,scr2000,effConv,heatpumpGroundSpace
DE,hh0085,6.187428308014205,scr2000,effConv,heatpumpGroundSpace
DE,hh0086,6.312216094498581,scr2000,effConv,heatpumpGroundSpace
DE,hh0087,6.338859843213868,scr2000,effConv,heatpumpGroundSpace
DE,hh0088,6.313046018542082,scr2000,effConv,heatpumpGroundSpace
DE,hh0089,6.295256718154633,scr2000,effConv,heatpumpGroundSpace
DE,hh0090,6.209301040003993,scr2000,effConv,heatpumpGroundSpace
DE,hh0091,5.999133879444344,scr2000,effConv,heatpumpGroundSpace
DE,hh0092,5.990762383962647,scr2000,effConv,heatpumpGroundSpace
DE,hh0093,6.2718493050924735,scr2000,effConv,heatpumpGroundSpace
DE,hh0094,6.338000802928946,scr2000,effConv,heatpumpGroundSpace
DE,hh0095,6.338455799848816,scr2000,effConv,heatpumpGroundSpace
DE,hh0096,6.3374915376061836,scr2000,effConv,heatpumpGroundSpace
DE,hh0097,6.336008759562901,scr2000,effConv,heatpumpGroundSpace
DE,hh0098,6.3330816884245,scr2000,effConv,heatpumpGroundSpace
DE,hh0099,6.336540981619692,scr2000,effConv,heatpumpGroundSpace
DE,hh0100,6.338517809441328,scr2000,effConv,heatpumpGroundSpace
DE,hh0101,6.333612276184795,scr2000,effConv,heatpumpGroundSpace
DE,hh0102,6.3288172016273165,scr2000,effConv,heatpumpGroundSpace
DE,hh0103,6.271914040256888,scr2000,effConv,heatpumpGroundSpace
DE,hh0104,6.289748864759531,scr2000,effConv,heatpumpGroundSpace
DE,hh0105,6.339886001367631,scr2000,effConv,heatpumpGroundSpace
DE,hh0106,6.3399999999965075,scr2000,effConv,heatpumpGroundSpace
DE,hh0107,6.3399999999965075,scr2000,effConv,heatpumpGroundSpace
DE,hh0108,6.3393159703409765,scr2000,effConv,heatpumpGroundSpace
DE,hh0109,6.121338550854489,scr2000,effConv,heatpumpGroundSpace
DE,hh0110,6.077861442834546,scr2000,effConv,heatpumpGroundSpace
DE,hh0111,6.335950338365365,scr2000,effConv,heatpumpGroundSpace
DE,hh0112,6.3399999999965075,scr2000,effConv,heatpumpGroundSpace
DE,hh0113,6.338289689014346,scr2000,effConv,heatpumpGroundSpace
DE,hh0114,6.32866472567548,scr2000,effConv,heatpumpGroundSpace
DE,hh0115,5.9484965203555475,scr2000,effConv,heatpumpGroundSpace
DE,hh0116,5.893503709892684,scr2000,effConv,heatpumpGroundSpace
DE,hh0117,6.2776492837783735,scr2000,effConv,heatpumpGroundSpace
DE,hh0118,6.339543977070207,scr2000,effConv,heatpumpGroundSpace
DE,hh0119,6.338745721415762,scr2000,effConv,heatpumpGroundSpace
DE,hh0120,6.32686791542983,scr2000,effConv,heatpumpGroundSpace
DE,hh0121,6.154680699448363,scr2000,effConv,heatpumpGroundSpace
DE,hh0122,6.028340395603664,scr2000,effConv,heatpumpGroundSpace
DE,hh0123,6.011230597365284,scr2000,effConv,heatpumpGroundSpace
DE,hh0124,6.27453097378384,scr2000,effConv,heatpumpGroundSpace
DE,hh0125,6.305805284369853,scr2000,effConv,heatpumpGroundSpace
DE,hh0126,6.318805127017185,scr2000,effConv,heatpumpGroundSpace
GR,hh0085,6.336238824708813,scr2000,effConv,heatpumpGroundSpace
GR,hh0086,6.339731398485157,scr2000,effConv,heatpumpGroundSpace
GR,hh0087,6.34,scr2000,effConv,heatpumpGroundSpace
GR,hh0088,6.34,scr2000,effConv,heatpumpGroundSpace
GR,hh0089,6.34,scr2000,effConv,heatpumpGroundSpace
GR,hh0090,6.34,scr2000,effConv,heatpumpGroundSpace
GR,hh0091,6.306639717010317,scr2000,effConv,heatpumpGroundSpace
GR,hh0092,6.3356998962413025,scr2000,effConv,heatpumpGroundSpace
GR,hh0093,6.34,scr2000,effConv,heatpumpGroundSpace
GR,hh0094,6.34,scr2000,effConv,heatpumpGroundSpace
GR,hh0095,6.34,scr2000,effConv,heatpumpGroundSpace
GR,hh0096,6.34,scr2000,effConv,heatpumpGroundSpace
GR,hh0097,6.34,scr2000,effConv,heatpumpGroundSpace
GR,hh0098,6.34,scr2000,effConv,heatpumpGroundSpace
GR,hh0099,6.34,scr2000,effConv,heatpumpGroundSpace
GR,hh0100,6.34,scr2000,effConv,heatpumpGroundSpace
GR,hh0101,6.34,scr2000,effConv,heatpumpGroundSpace
GR,hh0102,6.34,scr2000,effConv,heatpumpGroundSpace
GR,hh0103,6.34,scr2000,effConv,heatpumpGroundSpace
GR,hh0104,6.34,scr2000,effConv,heatpumpGroundSpace
GR,hh0105,6.34,scr2000,effConv,heatpumpGroundSpace
GR,hh0106,6.34,scr2000,effConv,heatpumpGroundSpace
GR,hh0107,6.34,scr2000,effConv,heatpumpGroundSpace
GR,hh0108,6.34,scr2000,effConv,heatpumpGroundSpace
GR,hh0109,6.34,scr2000,effConv,heatpumpGroundSpace
GR,hh0110,6.34,scr2000,effConv,heatpumpGroundSpace
GR,hh0111,6.34,scr2000,effConv,heatpumpGroundSpace
GR,hh0112,6.34,scr2000,effConv,heatpumpGroundSpace
GR,hh0113,6.34,scr2000,effConv,heatpumpGroundSpace
GR,hh0114,6.338388202434386,scr2000,effConv,heatpumpGroundSpace
GR,hh0115,6.333283103752704,scr2000,effConv,heatpumpGroundSpace
GR,hh0116,6.339462770049492,scr2000,effConv,heatpumpGroundSpace
GR,hh0117,6.34,scr2000,effConv,heatpumpGroundSpace
GR,hh0118,6.34,scr2000,effConv,heatpumpGroundSpace
GR,hh0119,6.34,scr2000,effConv,heatpumpGroundSpace
GR,hh0120,6.328442073775903,scr2000,effConv,heatpumpGroundSpace
GR,hh0121,6.315530476396424,scr2000,effConv,heatpumpGroundSpace
GR,hh0122,6.33328135080005,scr2000,effConv,heatpumpGroundSpace
GR,hh0123,6.34,scr2000,effConv,heatpumpGroundSpace
GR,hh0124,6.339194168534649,scr2000,effConv,heatpumpGroundSpace
GR,hh0125,6.291161146291913,scr2000,effConv,heatpumpGroundSpace
GR,hh0126,6.032389512145476,scr2000,effConv,heatpumpGroundSpace
ES,hh0085,6.3398576404943014,scr2000,effConv,heatpumpGroundSpace
ES,hh0086,6.336662208726921,scr2000,effConv,heatpumpGroundSpace
ES,hh0087,6.338544715199532,scr2000,effConv,heatpumpGroundSpace
ES,hh0088,6.3399999999965075,scr2000,effConv,heatpumpGroundSpace
ES,hh0089,6.337460886346889,scr2000,effConv,heatpumpGroundSpace
ES,hh0090,6.3071197746958205,scr2000,effConv,heatpumpGroundSpace
ES,hh0091,6.3199141679288005,scr2000,effConv,heatpumpGroundSpace
ES,hh0092,6.333549236283943,scr2000,effConv,heatpumpGroundSpace
ES,hh0093,6.3399999999965075,scr2000,effConv,heatpumpGroundSpace
ES,hh0094,6.3399999999965075,scr2000,effConv,heatpumpGroundSpace
ES,hh0095,6.3399999999965075,scr2000,effConv,heatpumpGroundSpace
ES,hh0096,6.338576160484081,scr2000,effConv,heatpumpGroundSpace
ES,hh0097,6.338283286704609,scr2000,effConv,heatpumpGroundSpace
ES,hh0098,6.338623689935048,scr2000,effConv,heatpumpGroundSpace
ES,hh0099,6.3399999999965075,scr2000,effConv,heatpumpGroundSpace
ES,hh0100,6.33964000674132,scr2000,effConv,heatpumpGroundSpace
ES,hh0101,6.337708743254552,scr2000,effConv,heatpumpGroundSpace
ES,hh0102,6.3298172283739405,scr2000,effConv,heatpumpGroundSpace
ES,hh0103,6.332200246568391,scr2000,effConv,heatpumpGroundSpace
ES,hh0104,6.335989711662478,scr2000,effConv,heatpumpGroundSpace
ES,hh0105,6.3398609104460775,scr2000,effConv,heatpumpGroundSpace
ES,hh0106,6.3399999999965075,scr2000,effConv,heatpumpGroundSpace
ES,hh0107,6.3399999999965075,scr2000,effConv,heatpumpGroundSpace
ES,hh0108,6.3399999999965075,scr2000,effConv,heatpumpGroundSpace
ES,hh0109,6.329145807190798,scr2000,effConv,heatpumpGroundSpace
ES,hh0110,6.326328977884259,scr2000,effConv,heatpumpGroundSpace
ES,hh0111,6.339952547310531,scr2000,effConv,heatpumpGroundSpace
ES,hh0112,6.3399999999965075,scr2000,effConv,heatpumpGroundSpace
ES,hh0113,6.3399999999965075,scr2000,effConv,heatpumpGroundSpace
ES,hh0114,6.337936053621888,scr2000,effConv,heatpumpGroundSpace
ES,hh0115,6.282481592839758,scr2000,effConv,heatpumpGroundSpace
ES,hh0116,6.263587582359833,scr2000,effConv,heatpumpGroundSpace
ES,hh0117,6.339697259780223,scr2000,effConv,heatpumpGroundSpace
ES,hh0118,6.3399999999965075,scr2000,effConv,heatpumpGroundSpace
ES,hh0119,6.3399999999965075,scr2000,effConv,heatpumpGroundSpace
ES,hh0120,6.3398609104460775,scr2000,effConv,heatpumpGroundSpace
ES,hh0121,6.325556141666311,scr2000,effConv,heatpumpGroundSpace
ES,hh0122,6.236867037139746,scr2000,effConv,heatpumpGroundSpace
ES,hh0123,6.265432846688782,scr2000,effConv,heatpumpGroundSpace
ES,hh0124,6.3399999999965075,scr2000,effConv,heatpumpGroundSpace
ES,hh0125,6.339345404208871,scr2000,effConv,heatpumpGroundSpace
ES,hh0126,6.33086065133466,scr2000,effConv,heatpumpGroundSpace
DK,hh0085,6.059409037466667,scr2000,effConv,heatpumpGroundSpace
DK,hh0086,6.250888019091332,scr2000,effConv,heatpumpGroundSpace
DK,hh0087,6.34,scr2000,effConv,heatpumpGroundSpace
DK,hh0088,6.34,scr2000,effConv,heatpumpGroundSpace
DK,hh0089,6.34,scr2000,effConv,heatpumpGroundSpace
DK,hh0090,6.322799974415876,scr2000,effConv,heatpumpGroundSpace
DK,hh0091,6.114113848373709,scr2000,effConv,heatpumpGroundSpace
DK,hh0092,6.227483326724885,scr2000,effConv,heatpumpGroundSpace
DK,hh0093,6.333711852427791,scr2000,effConv,heatpumpGroundSpace
DK,hh0094,6.34,scr2000,effConv,heatpumpGroundSpace
DK,hh0095,6.34,scr2000,effConv,heatpumpGroundSpace
DK,hh0096,6.34,scr2000,effConv,heatpumpGroundSpace
DK,hh0097,6.34,scr2000,effConv,heatpumpGroundSpace
DK,hh0098,6.34,scr2000,effConv,heatpumpGroundSpace
DK,hh0099,6.34,scr2000,effConv,heatpumpGroundSpace
DK,hh0100,6.34,scr2000,effConv,heatpumpGroundSpace
DK,hh0101,6.34,scr2000,effConv,heatpumpGroundSpace
DK,hh0102,6.3177596023498985,scr2000,effConv,heatpumpGroundSpace
DK,hh0103,6.204496125415868,scr2000,effConv,heatpumpGroundSpace
DK,hh0104,6.278530479861975,scr2000,effConv,heatpumpGroundSpace
DK,hh0105,6.34,scr2000,effConv,heatpumpGroundSpace
DK,hh0106,6.34,scr2000,effConv,heatpumpGroundSpace
DK,hh0107,6.34,scr2000,effConv,heatpumpGroundSpace
DK,hh0108,6.34,scr2000,effConv,heatpumpGroundSpace
DK,hh0109,6.0063567495200685,scr2000,effConv,heatpumpGroundSpace
DK,hh0110,6.058732669985275,scr2000,effConv,heatpumpGroundSpace
DK,hh0111,6.31828061771337,scr2000,effConv,heatpumpGroundSpace
DK,hh0112,6.34,scr2000,effConv,heatpumpGroundSpace
DK,hh0113,6.339224118180633,scr2000,effConv,heatpumpGroundSpace
DK,hh0114,6.278562002305436,scr2000,effConv,heatpumpGroundSpace
DK,hh0115,5.676767260284631,scr2000,effConv,heatpumpGroundSpace
DK,hh0116,5.81063990229371,scr2000,effConv,heatpumpGroundSpace
DK,hh0117,6.34,scr2000,effConv,heatpumpGroundSpace
DK,hh0118,6.34,scr2000,effConv,heatpumpGroundSpace
DK,hh0119,6.310883328758893,scr2000,effConv,heatpumpGroundSpace
DK,hh0120,6.165002151162874,scr2000,effConv,heatpumpGroundSpace
DK,hh0121,6.026617528707202,scr2000,effConv,heatpumpGroundSpace
DK,hh0122,6.012612851246224,scr2000,effConv,heatpumpGroundSpace
DK,hh0123,6.294696678904493,scr2000,effConv,heatpumpGroundSpace
DK,hh0124,6.34,scr2000,effConv,heatpumpGroundSpace
DK,hh0125,6.201088844759608,scr2000,effConv,heatpumpGroundSpace
DK,hh0126,6.29471306262589,scr2000,effConv,heatpumpGroundSpace
EE,hh0085,6.153333096456057,scr2000,effConv,heatpumpGroundSpace
EE,hh0086,6.263012609428538,scr2000,effConv,heatpumpGroundSpace
EE,hh0087,6.34,scr2000,effConv,heatpumpGroundSpace
EE,hh0088,6.34,scr2000,effConv,heatpumpGroundSpace
EE,hh0089,6.34,scr2000,effConv,heatpumpGroundSpace
EE,hh0090,6.34,scr2000,effConv,heatpumpGroundSpace
EE,hh0091,6.305884592978995,scr2000,effConv,heatpumpGroundSpace
EE,hh0092,6.319528834553915,scr2000,effConv,heatpumpGroundSpace
EE,hh0093,6.34,scr2000,effConv,heatpumpGroundSpace
EE,hh0094,6.34,scr2000,effConv,heatpumpGroundSpace
EE,hh0095,6.34,scr2000,effConv,heatpumpGroundSpace
EE,hh0096,6.34,scr2000,effConv,heatpumpGroundSpace
EE,hh0097,5.8077426353012385,scr2000,effConv,heatpumpGroundSpace
EE,hh0098,6.123211594666484,scr2000,effConv,heatpumpGroundSpace
EE,hh0099,6.34,scr2000,effConv,heatpumpGroundSpace
EE,hh0100,6.34,scr2000,effConv,heatpumpGroundSpace
EE,hh0101,6.34,scr2000,effConv,heatpumpGroundSpace
EE,hh0102,6.34,scr2000,effConv,heatpumpGroundSpace
EE,hh0103,6.335459230961277,scr2000,effConv,heatpumpGroundSpace
EE,hh0104,6.34,scr2000,effConv,heatpumpGroundSpace
EE,hh0105,6.34,scr2000,effConv,heatpumpGroundSpace
EE,hh0106,6.34,scr2000,effConv,heatpumpGroundSpace
EE,hh0107,6.34,scr2000,effConv,heatpumpGroundSpace
EE,hh0108,6.195437993344944,scr2000,effConv,heatpumpGroundSpace
EE,hh0109,6.20578323642248,scr2000,effConv,heatpumpGroundSpace
EE,hh0110,6.283078633230041,scr2000,effConv,heatpumpGroundSpace
EE,hh0111,6.323297679971746,scr2000,effConv,heatpumpGroundSpace
EE,hh0112,6.34,scr2000,effConv,heatpumpGroundSpace
EE,hh0113,6.33393968063544,scr2000,effConv,heatpumpGroundSpace
EE,hh0114,5.963349497734787,scr2000,effConv,heatpumpGroundSpace
EE,hh0115,6.007833182439035,scr2000,effConv,heatpumpGroundSpace
EE,hh0116,5.928990141905178,scr2000,effConv,heatpumpGroundSpace
EE,hh0117,6.060334463322661,scr2000,effConv,heatpumpGroundSpace
EE,hh0118,6.299716890336602,scr2000,effConv,heatpumpGroundSpace
EE,hh0119,5.950476556021385,scr2000,effConv,heatpumpGroundSpace
EE,hh0120,5.094189159633938,scr2000,effConv,heatpumpGroundSpace
EE,hh0121,4.592718407099168,scr2000,effConv,heatpumpGroundSpace
EE,hh0122,4.909837341961708,scr2000,effConv,heatpumpGroundSpace
EE,hh0123,6.0009906913781945,scr2000,effConv,heatpumpGroundSpace
EE,hh0124,6.272409390065943,scr2000,effConv,heatpumpGroundSpace
EE,hh0125,5.739706239511861,scr2000,effConv,heatpumpGroundSpace
EE,hh0126,5.548556252229262,scr2000,effConv,heatpumpGroundSpace
FI,hh0085,6.17781896831857,scr2000,effConv,heatpumpGroundSpace
FI,hh0086,6.282850755783087,scr2000,effConv,heatpumpGroundSpace
FI,hh0087,6.3078951109113675,scr2000,effConv,heatpumpGroundSpace
FI,hh0088,6.323584862066024,scr2000,effConv,heatpumpGroundSpace
FI,hh0089,6.333476884355771,scr2000,effConv,heatpumpGroundSpace
FI,hh0090,6.309840307686014,scr2000,effConv,heatpumpGroundSpace
FI,hh0091,5.953954056950573,scr2000,effConv,heatpumpGroundSpace
FI,hh0092,6.246179070673356,scr2000,effConv,heatpumpGroundSpace
FI,hh0093,6.340000000000001,scr2000,effConv,heatpumpGroundSpace
FI,hh0094,6.340000000000001,scr2000,effConv,heatpumpGroundSpace
FI,hh0095,6.339338416149558,scr2000,effConv,heatpumpGroundSpace
FI,hh0096,6.316913941396864,scr2000,effConv,heatpumpGroundSpace
FI,hh0097,5.799900206843796,scr2000,effConv,heatpumpGroundSpace
FI,hh0098,6.099594377780172,scr2000,effConv,heatpumpGroundSpace
FI,hh0099,6.333288206991387,scr2000,effConv,heatpumpGroundSpace
FI,hh0100,6.338676763913438,scr2000,effConv,heatpumpGroundSpace
FI,hh0101,6.340000000000001,scr2000,effConv,heatpumpGroundSpace
FI,hh0102,6.333760800278302,scr2000,effConv,heatpumpGroundSpace
FI,hh0103,6.130086269089861,scr2000,effConv,heatpumpGroundSpace
FI,hh0104,6.2138190057475775,scr2000,effConv,heatpumpGroundSpace
FI,hh0105,6.339621970224712,scr2000,effConv,heatpumpGroundSpace
FI,hh0106,6.338204264964056,scr2000,effConv,heatpumpGroundSpace
FI,hh0107,6.265695060455501,scr2000,effConv,heatpumpGroundSpace
FI,hh0108,5.732716176605512,scr2000,effConv,heatpumpGroundSpace
FI,hh0109,5.866877437703704,scr2000,effConv,heatpumpGroundSpace
FI,hh0110,6.13554301686736,scr2000,effConv,heatpumpGroundSpace
FI,hh0111,6.339905494997622,scr2000,effConv,heatpumpGroundSpace
FI,hh0112,6.340000000000001,scr2000,effConv,heatpumpGroundSpace
FI,hh0113,6.203703532931923,scr2000,effConv,heatpumpGroundSpace
FI,hh0114,5.459150317225164,scr2000,effConv,heatpumpGroundSpace
FI,hh0115,4.9609123327515245,scr2000,effConv,heatpumpGroundSpace
FI,hh0116,5.2643666105968885,scr2000,effConv,heatpumpGroundSpace
FI,hh0117,5.858341893673929,scr2000,effConv,heatpumpGroundSpace
FI,hh0118,5.982468687666804,scr2000,effConv,heatpumpGroundSpace
FI,hh0119,5.496637151594402,scr2000,effConv,heatpumpGroundSpace
FI,hh0120,4.329452204832222,scr2000,effConv,heatpumpGroundSpace
FI,hh0121,4.62327681865229,scr2000,effConv,heatpumpGroundSpace
FI,hh0122,5.180818788136417,scr2000,effConv,heatpumpGroundSpace
FI,hh0123,5.829293184796993,scr2000,effConv,heatpumpGroundSpace
FI,hh0124,5.986842619504099,scr2000,effConv,heatpumpGroundSpace
FI,hh0125,5.365232474395275,scr2000,effConv,heatpumpGroundSpace
FI,hh0126,5.019338912516735,scr2000,effConv,heatpumpGroundSpace
FR,hh0085,6.308442234083807,scr2000,effConv,heatpumpGroundSpace
FR,hh0086,6.317778896173788,scr2000,effConv,heatpumpGroundSpace
FR,hh0087,6.335645448246804,scr2000,effConv,heatpumpGroundSpace
FR,hh0088,6.333769387685323,scr2000,effConv,heatpumpGroundSpace
FR,hh0089,6.300448307663322,scr2000,effConv,heatpumpGroundSpace
FR,hh0090,6.094193164005752,scr2000,effConv,heatpumpGroundSpace
FR,hh0091,6.094975561570621,scr2000,effConv,heatpumpGroundSpace
FR,hh0092,6.156352888324582,scr2000,effConv,heatpumpGroundSpace
FR,hh0093,6.317225361914955,scr2000,effConv,heatpumpGroundSpace
FR,hh0094,6.3394335754229445,scr2000,effConv,heatpumpGroundSpace
FR,hh0095,6.337557524012615,scr2000,effConv,heatpumpGroundSpace
FR,hh0096,6.322862692211059,scr2000,effConv,heatpumpGroundSpace
FR,hh0097,6.320089041263427,scr2000,effConv,heatpumpGroundSpace
FR,hh0098,6.321927232767491,scr2000,effConv,heatpumpGroundSpace
FR,hh0099,6.335075611422743,scr2000,effConv,heatpumpGroundSpace
FR,hh0100,6.330348609102633,scr2000,effConv,heatpumpGroundSpace
FR,hh0101,6.322687599665416,scr2000,effConv,heatpumpGroundSpace
FR,hh0102,6.297032731102545,scr2000,effConv,heatpumpGroundSpace
FR,hh0103,6.293928852633745,scr2000,effConv,heatpumpGroundSpace
FR,hh0104,6.302606181569519,scr2000,effConv,heatpumpGroundSpace
FR,hh0105,6.335091904627062,scr2000,effConv,heatpumpGroundSpace
FR,hh0106,6.34,scr2000,effConv,heatpumpGroundSpace
FR,hh0107,6.339905595752612,scr2000,effConv,heatpumpGroundSpace
FR,hh0108,6.3341985017077445,scr2000,effConv,heatpumpGroundSpace
FR,hh0109,6.2875624222460464,scr2000,effConv,heatpumpGroundSpace
FR,hh0110,6.286269743882935,scr2000,effConv,heatpumpGroundSpace
FR,hh0111,6.339386374027869,scr2000,effConv,heatpumpGroundSpace
FR,hh0112,6.34,scr2000,effConv,heatpumpGroundSpace
FR,hh0113,6.335748434067526,scr2000,effConv,heatpumpGroundSpace
FR,hh0114,6.313332807041855,scr2000,effConv,heatpumpGroundSpace
FR,hh0115,5.848554064131529,scr2000,effConv,heatpumpGroundSpace
FR,hh0116,5.721249079831038,scr2000,effConv,heatpumpGroundSpace
FR,hh0117,6.314832953726146,scr2000,effConv,heatpumpGroundSpace
FR,hh0118,6.339905595752612,scr2000,effConv,heatpumpGroundSpace
FR,hh0119,6.337706850716283,scr2000,effConv,heatpumpGroundSpace
FR,hh0120,6.322333190840681,scr2000,effConv,heatpumpGroundSpace
FR,hh0121,6.065435729561002,scr2000,effConv,heatpumpGroundSpace
FR,hh0122,5.9081054065153715,scr2000,effConv,heatpumpGroundSpace
FR,hh0123,6.204127776526725,scr2000,effConv,heatpumpGroundSpace
FR,hh0124,6.332651229028643,scr2000,effConv,heatpumpGroundSpace
FR,hh0125,6.329604595593301,scr2000,effConv,heatpumpGroundSpace
FR,hh0126,6.292475524148061,scr2000,effConv,heatpumpGroundSpace
IT,hh0085,6.147020159802659,scr2000,effConv,heatpumpGroundSpace
IT,hh0086,6.185521765004238,scr2000,effConv,heatpumpGroundSpace
IT,hh0087,6.295267880294488,scr2000,effConv,heatpumpGroundSpace
IT,hh0088,6.27102291180895,scr2000,effConv,heatpumpGroundSpace
IT,hh0089,6.183658127340518,scr2000,effConv,heatpumpGroundSpace
IT,hh0090,6.140743378090072,scr2000,effConv,heatpumpGroundSpace
IT,hh0091,6.067546146374063,scr2000,effConv,heatpumpGroundSpace
IT,hh0092,6.093662493836826,scr2000,effConv,heatpumpGroundSpace
IT,hh0093,6.20243252869839,scr2000,effConv,heatpumpGroundSpace
IT,hh0094,6.3157772948694335,scr2000,effConv,heatpumpGroundSpace
IT,hh0095,6.303847680385851,scr2000,effConv,heatpumpGroundSpace
IT,hh0096,6.232222392312554,scr2000,effConv,heatpumpGroundSpace
IT,hh0097,6.190761714672373,scr2000,effConv,heatpumpGroundSpace
IT,hh0098,6.191509406318636,scr2000,effConv,heatpumpGroundSpace
IT,hh0099,6.266163605653455,scr2000,effConv,heatpumpGroundSpace
IT,hh0100,6.281848938173341,scr2000,effConv,heatpumpGroundSpace
IT,hh0101,6.23782137135958,scr2000,effConv,heatpumpGroundSpace
IT,hh0102,6.191508864342547,scr2000,effConv,heatpumpGroundSpace
IT,hh0103,6.122697660084405,scr2000,effConv,heatpumpGroundSpace
IT,hh0104,6.158970184218978,scr2000,effConv,heatpumpGroundSpace
IT,hh0105,6.312048809062912,scr2000,effConv,heatpumpGroundSpace
IT,hh0106,6.339627491254368,scr2000,effConv,heatpumpGroundSpace
IT,hh0107,6.335901970410701,scr2000,effConv,heatpumpGroundSpace
IT,hh0108,6.286325438817271,scr2000,effConv,heatpumpGroundSpace
IT,hh0109,6.159343089607893,scr2000,effConv,heatpumpGroundSpace
IT,hh0110,6.1529861775847206,scr2000,effConv,heatpumpGroundSpace
IT,hh0111,6.3198745803615735,scr2000,effConv,heatpumpGroundSpace
IT,hh0112,6.327332781118429,scr2000,effConv,heatpumpGroundSpace
IT,hh0113,6.272521311061419,scr2000,effConv,heatpumpGroundSpace
IT,hh0114,6.182158964543139,scr2000,effConv,heatpumpGroundSpace
IT,hh0115,6.015980282947648,scr2000,effConv,heatpumpGroundSpace
IT,hh0116,6.033005840381293,scr2000,effConv,heatpumpGroundSpace
IT,hh0117,6.210194021956459,scr2000,effConv,heatpumpGroundSpace
IT,hh0118,6.3288460851318975,scr2000,effConv,heatpumpGroundSpace
IT,hh0119,6.304589819012768,scr2000,effConv,heatpumpGroundSpace
IT,hh0120,6.193444098937109,scr2000,effConv,heatpumpGroundSpace
IT,hh0121,6.065196344404887,scr2000,effConv,heatpumpGroundSpace
IT,hh0122,6.093052203530476,scr2000,effConv,heatpumpGroundSpace
IT,hh0123,6.123364836869735,scr2000,effConv,heatpumpGroundSpace
IT,hh0124,6.23406507172208,scr2000,effConv,heatpumpGroundSpace
IT,hh0125,6.228859169652187,scr2000,effConv,heatpumpGroundSpace
IT,hh0126,6.184652937412961,scr2000,effConv,heatpumpGroundSpace
NL,hh0085,6.239275706805884,scr2000,effConv,heatpumpGroundSpace
NL,hh0086,6.338501544440561,scr2000,effConv,heatpumpGroundSpace
NL,hh0087,6.339999999999975,scr2000,effConv,heatpumpGroundSpace
NL,hh0088,6.339999999999975,scr2000,effConv,heatpumpGroundSpace
NL,hh0089,6.333248437252607,scr2000,effConv,heatpumpGroundSpace
NL,hh0090,6.215466745941754,scr2000,effConv,heatpumpGroundSpace
NL,hh0091,6.173541846303934,scr2000,effConv,heatpumpGroundSpace
NL,hh0092,6.199668883706025,scr2000,effConv,heatpumpGroundSpace
NL,hh0093,6.322711081822774,scr2000,effConv,heatpumpGroundSpace
NL,hh0094,6.339999999999975,scr2000,effConv,heatpumpGroundSpace
NL,hh0095,6.339999999999975,scr2000,effConv,heatpumpGroundSpace
NL,hh0096,6.339999999999975,scr2000,effConv,heatpumpGroundSpace
NL,hh0097,6.339999999999975,scr2000,effConv,heatpumpGroundSpace
NL,hh0098,6.339999999999975,scr2000,effConv,heatpumpGroundSpace
NL,hh0099,6.339999999999975,scr2000,effConv,heatpumpGroundSpace
NL,hh0100,6.339999999999975,scr2000,effConv,heatpumpGroundSpace
NL,hh0101,6.339999999999975,scr2000,effConv,heatpumpGroundSpace
NL,hh0102,6.339999999999975,scr2000,effConv,heatpumpGroundSpace
NL,hh0103,6.339999999999975,scr2000,effConv,heatpumpGroundSpace
NL,hh0104,6.339999999999975,scr2000,effConv,heatpumpGroundSpace
NL,hh0105,6.339999999999975,scr2000,effConv,heatpumpGroundSpace
NL,hh0106,6.339999999999975,scr2000,effConv,heatpumpGroundSpace
NL,hh0107,6.339999999999975,scr2000,effConv,heatpumpGroundSpace
NL,hh0108,6.339999999999975,scr2000,effConv,heatpumpGroundSpace
NL,hh0109,6.182283054788158,scr2000,effConv,heatpumpGroundSpace
NL,hh0110,6.179900716095588,scr2000,effConv,heatpumpGroundSpace
NL,hh0111,6.339999999999975,scr2000,effConv,heatpumpGroundSpace
NL,hh0112,6.339999999999975,scr2000,effConv,heatpumpGroundSpace
NL,hh0113,6.339999999999975,scr2000,effConv,heatpumpGroundSpace
NL,hh0114,6.339999999999975,scr2000,effConv,heatpumpGroundSpace
NL,hh0115,6.146676909939643,scr2000,effConv,heatpumpGroundSpace
NL,hh0116,6.122526518877621,scr2000,effConv,heatpumpGroundSpace
NL,hh0117,6.339999999999975,scr2000,effConv,heatpumpGroundSpace
NL,hh0118,6.339999999999975,scr2000,effConv,heatpumpGroundSpace
NL,hh0119,6.339999999999975,scr2000,effConv,heatpumpGroundSpace
NL,hh0120,6.339999999999975,scr2000,effConv,heatpumpGroundSpace
NL,hh0121,6.312957628892221,scr2000,effConv,heatpumpGroundSpace
NL,hh0122,6.265970058386955,scr2000,effConv,heatpumpGroundSpace
NL,hh0123,6.217264033921936,scr2000,effConv,heatpumpGroundSpace
NL,hh0124,6.321205654287965,scr2000,effConv,heatpumpGroundSpace
NL,hh0125,6.339999999999975,scr2000,effConv,heatpumpGroundSpace
NL,hh0126,6.339999999999975,scr2000,effConv,heatpumpGroundSpace
IE,hh0085,6.3192305299600555,scr2000,effConv,heatpumpGroundSpace
IE,hh0086,6.325389350410365,scr2000,effConv,heatpumpGroundSpace
IE,hh0087,6.339231851883653,scr2000,effConv,heatpumpGroundSpace
IE,hh0088,6.3353903757887124,scr2000,effConv,heatpumpGroundSpace
IE,hh0089,6.339999999999996,scr2000,effConv,heatpumpGroundSpace
IE,hh0090,6.264056210798252,scr2000,effConv,heatpumpGroundSpace
IE,hh0091,6.0459259939652945,scr2000,effConv,heatpumpGroundSpace
IE,hh0092,6.0571441502091155,scr2000,effConv,heatpumpGroundSpace
IE,hh0093,6.339999999999996,scr2000,effConv,heatpumpGroundSpace
IE,hh0094,6.339999999999996,scr2000,effConv,heatpumpGroundSpace
IE,hh0095,6.339999999999996,scr2000,effConv,heatpumpGroundSpace
IE,hh0096,6.3346189141624265,scr2000,effConv,heatpumpGroundSpace
IE,hh0097,6.333850030163099,scr2000,effConv,heatpumpGroundSpace
IE,hh0098,6.339999999999996,scr2000,effConv,heatpumpGroundSpace
IE,hh0099,6.339999999999996,scr2000,effConv,heatpumpGroundSpace
IE,hh0100,6.339999999999996,scr2000,effConv,heatpumpGroundSpace
IE,hh0101,6.339999999999996,scr2000,effConv,heatpumpGroundSpace
IE,hh0102,6.339999999999996,scr2000,effConv,heatpumpGroundSpace
IE,hh0103,6.339999999999996,scr2000,effConv,heatpumpGroundSpace
IE,hh0104,6.339999999999996,scr2000,effConv,heatpumpGroundSpace
IE,hh0105,6.339999999999996,scr2000,effConv,heatpumpGroundSpace
IE,hh0106,6.339999999999996,scr2000,effConv,heatpumpGroundSpace
IE,hh0107,6.339999999999996,scr2000,effConv,heatpumpGroundSpace
IE,hh0108,6.130906339066833,scr2000,effConv,heatpumpGroundSpace
IE,hh0109,5.935797762710752,scr2000,effConv,heatpumpGroundSpace
IE,hh0110,6.053200131704745,scr2000,effConv,heatpumpGroundSpace
IE,hh0111,6.339999999999996,scr2000,effConv,heatpumpGroundSpace
IE,hh0112,6.339999999999996,scr2000,effConv,heatpumpGroundSpace
IE,hh0113,6.339999999999996,scr2000,effConv,heatpumpGroundSpace
IE,hh0114,6.332307833148487,scr2000,effConv,heatpumpGroundSpace
IE,hh0115,6.305347374428841,scr2000,effConv,heatpumpGroundSpace
IE,hh0116,6.2952974211392,scr2000,effConv,heatpumpGroundSpace
IE,hh0117,6.323059404575805,scr2000,effConv,heatpumpGroundSpace
IE,hh0118,6.339999999999996,scr2000,effConv,heatpumpGroundSpace
IE,hh0119,6.33769445201137,scr2000,effConv,heatpumpGroundSpace
IE,hh0120,6.251679438347281,scr2000,effConv,heatpumpGroundSpace
IE,hh0121,5.910951832530955,scr2000,effConv,heatpumpGroundSpace
IE,hh0122,5.72283778862791,scr2000,effConv,heatpumpGroundSpace
IE,hh0123,6.168468581899358,scr2000,effConv,heatpumpGroundSpace
IE,hh0124,6.326140861465191,scr2000,effConv,heatpumpGroundSpace
IE,hh0125,6.235118773085929,scr2000,effConv,heatpumpGroundSpace
IE,hh0126,5.702624359243586,scr2000,effConv,heatpumpGroundSpace
HR,hh0085,6.340000000000001,scr2000,effConv,heatpumpGroundSpace
HR,hh0086,6.340000000000001,scr2000,effConv,heatpumpGroundSpace
HR,hh0087,6.340000000000001,scr2000,effConv,heatpumpGroundSpace
HR,hh0088,6.340000000000001,scr2000,effConv,heatpumpGroundSpace
HR,hh0089,6.340000000000001,scr2000,effConv,heatpumpGroundSpace
HR,hh0090,6.340000000000001,scr2000,effConv,heatpumpGroundSpace
HR,hh0091,6.332837663000779,scr2000,effConv,heatpumpGroundSpace
HR,hh0092,6.328061170210685,scr2000,effConv,heatpumpGroundSpace
HR,hh0093,6.337612451067848,scr2000,effConv,heatpumpGroundSpace
HR,hh0094,6.340000000000001,scr2000,effConv,heatpumpGroundSpace
HR,hh0095,6.340000000000001,scr2000,effConv,heatpumpGroundSpace
HR,hh0096,6.340000000000001,scr2000,effConv,heatpumpGroundSpace
HR,hh0097,6.340000000000001,scr2000,effConv,heatpumpGroundSpace
HR,hh0098,6.340000000000001,scr2000,effConv,heatpumpGroundSpace
HR,hh0099,6.340000000000001,scr2000,effConv,heatpumpGroundSpace
HR,hh0100,6.340000000000001,scr2000,effConv,heatpumpGroundSpace
HR,hh0101,6.340000000000001,scr2000,effConv,heatpumpGroundSpace
HR,hh0102,6.340000000000001,scr2000,effConv,heatpumpGroundSpace
HR,hh0103,6.340000000000001,scr2000,effConv,heatpumpGroundSpace
HR,hh0104,6.340000000000001,scr2000,effConv,heatpumpGroundSpace
HR,hh0105,6.340000000000001,scr2000,effConv,heatpumpGroundSpace
HR,hh0106,6.340000000000001,scr2000,effConv,heatpumpGroundSpace
HR,hh0107,6.340000000000001,scr2000,effConv,heatpumpGroundSpace
HR,hh0108,6.340000000000001,scr2000,effConv,heatpumpGroundSpace
HR,hh0109,6.340000000000001,scr2000,effConv,heatpumpGroundSpace
HR,hh0110,6.340000000000001,scr2000,effConv,heatpumpGroundSpace
HR,hh0111,6.340000000000001,scr2000,effConv,heatpumpGroundSpace
HR,hh0112,6.340000000000001,scr2000,effConv,heatpumpGroundSpace
HR,hh0113,6.340000000000001,scr2000,effConv,heatpumpGroundSpace
HR,hh0114,6.340000000000001,scr2000,effConv,heatpumpGroundSpace
HR,hh0115,6.3025493475811505,scr2000,effConv,heatpumpGroundSpace
HR,hh0116,6.292177908271408,scr2000,effConv,heatpumpGroundSpace
HR,hh0117,6.336816756303806,scr2000,effConv,heatpumpGroundSpace
HR,hh0118,6.340000000000001,scr2000,effConv,heatpumpGroundSpace
HR,hh0119,6.340000000000001,scr2000,effConv,heatpumpGroundSpace
HR,hh0120,6.328059308742867,scr2000,effConv,heatpumpGroundSpace
HR,hh0121,6.33522474706946,scr2000,effConv,heatpumpGroundSpace
HR,hh0122,6.340000000000001,scr2000,effConv,heatpumpGroundSpace
HR,hh0123,6.340000000000001,scr2000,effConv,heatpumpGroundSpace
HR,hh0124,6.340000000000001,scr2000,effConv,heatpumpGroundSpace
HR,hh0125,6.328851583638325,scr2000,effConv,heatpumpGroundSpace
HR,hh0126,5.991495906418831,scr2000,effConv,heatpumpGroundSpace
HU,hh0085,6.336279232054949,scr2000,effConv,heatpumpGroundSpace
HU,hh0086,6.339999996125698,scr2000,effConv,heatpumpGroundSpace
HU,hh0087,6.339999996125698,scr2000,effConv,heatpumpGroundSpace
HU,hh0088,6.339999996125698,scr2000,effConv,heatpumpGroundSpace
HU,hh0089,6.339999996125698,scr2000,effConv,heatpumpGroundSpace
HU,hh0090,6.339999996125698,scr2000,effConv,heatpumpGroundSpace
HU,hh0091,6.33479037694633,scr2000,effConv,heatpumpGroundSpace
HU,hh0092,6.336279232054949,scr2000,effConv,heatpumpGroundSpace
HU,hh0093,6.339999996125698,scr2000,effConv,heatpumpGroundSpace
HU,hh0094,6.339999996125698,scr2000,effConv,heatpumpGroundSpace
HU,hh0095,6.339999996125698,scr2000,effConv,heatpumpGroundSpace
HU,hh0096,6.339999996125698,scr2000,effConv,heatpumpGroundSpace
HU,hh0097,6.339999996125698,scr2000,effConv,heatpumpGroundSpace
HU,hh0098,6.339999996125698,scr2000,effConv,heatpumpGroundSpace
HU,hh0099,6.339999996125698,scr2000,effConv,heatpumpGroundSpace
HU,hh0100,6.339999996125698,scr2000,effConv,heatpumpGroundSpace
HU,hh0101,6.339999996125698,scr2000,effConv,heatpumpGroundSpace
HU,hh0102,6.339999996125698,scr2000,effConv,heatpumpGroundSpace
HU,hh0103,6.339999996125698,scr2000,effConv,heatpumpGroundSpace
HU,hh0104,6.339999996125698,scr2000,effConv,heatpumpGroundSpace
HU,hh0105,6.339999996125698,scr2000,effConv,heatpumpGroundSpace
HU,hh0106,6.339999996125698,scr2000,effConv,heatpumpGroundSpace
HU,hh0107,6.339999996125698,scr2000,effConv,heatpumpGroundSpace
HU,hh0108,6.339999996125698,scr2000,effConv,heatpumpGroundSpace
HU,hh0109,6.339999996125698,scr2000,effConv,heatpumpGroundSpace
HU,hh0110,6.339999996125698,scr2000,effConv,heatpumpGroundSpace
HU,hh0111,6.339999996125698,scr2000,effConv,heatpumpGroundSpace
HU,hh0112,6.339999996125698,scr2000,effConv,heatpumpGroundSpace
HU,hh0113,6.339999996125698,scr2000,effConv,heatpumpGroundSpace
HU,hh0114,6.339999996125698,scr2000,effConv,heatpumpGroundSpace
HU,hh0115,6.232380833476782,scr2000,effConv,heatpumpGroundSpace
HU,hh0116,6.220283187925816,scr2000,effConv,heatpumpGroundSpace
HU,hh0117,6.330299431458116,scr2000,effConv,heatpumpGroundSpace
HU,hh0118,6.339999996125698,scr2000,effConv,heatpumpGroundSpace
HU,hh0119,6.339999996125698,scr2000,effConv,heatpumpGroundSpace
HU,hh0120,6.339999996125698,scr2000,effConv,heatpumpGroundSpace
HU,hh0121,6.305655084550381,scr2000,effConv,heatpumpGroundSpace
HU,hh0122,6.295173097401857,scr2000,effConv,heatpumpGroundSpace
HU,hh0123,6.336278447881341,scr2000,effConv,heatpumpGroundSpace
HU,hh0124,6.339999996125698,scr2000,effConv,heatpumpGroundSpace
HU,hh0125,6.301785347983241,scr2000,effConv,heatpumpGroundSpace
HU,hh0126,5.862661169841886,scr2000,effConv,heatpumpGroundSpace
MK,hh0085,6.216445031875665,scr2000,effConv,heatpumpGroundSpace
MK,hh0086,6.302769368895397,scr2000,effConv,heatpumpGroundSpace
MK,hh0087,6.340000000000003,scr2000,effConv,heatpumpGroundSpace
MK,hh0088,6.340000000000003,scr2000,effConv,heatpumpGroundSpace
MK,hh0089,6.340000000000003,scr2000,effConv,heatpumpGroundSpace
MK,hh0090,6.340000000000003,scr2000,effConv,heatpumpGroundSpace
MK,hh0091,6.015378144909739,scr2000,effConv,heatpumpGroundSpace
MK,hh0092,6.173821141952985,scr2000,effConv,heatpumpGroundSpace
MK,hh0093,6.337203644361985,scr2000,effConv,heatpumpGroundSpace
MK,hh0094,6.340000000000003,scr2000,effConv,heatpumpGroundSpace
MK,hh0095,6.340000000000003,scr2000,effConv,heatpumpGroundSpace
MK,hh0096,6.340000000000003,scr2000,effConv,heatpumpGroundSpace
MK,hh0097,6.340000000000003,scr2000,effConv,heatpumpGroundSpace
MK,hh0098,6.340000000000003,scr2000,effConv,heatpumpGroundSpace
MK,hh0099,6.340000000000003,scr2000,effConv,heatpumpGroundSpace
MK,hh0100,6.340000000000003,scr2000,effConv,heatpumpGroundSpace
MK,hh0101,6.340000000000003,scr2000,effConv,heatpumpGroundSpace
MK,hh0102,6.340000000000003,scr2000,effConv,heatpumpGroundSpace
MK,hh0103,6.340000000000003,scr2000,effConv,heatpumpGroundSpace
MK,hh0104,6.340000000000003,scr2000,effConv,heatpumpGroundSpace
MK,hh0105,6.340000000000003,scr2000,effConv,heatpumpGroundSpace
MK,hh0106,6.340000000000003,scr2000,effConv,heatpumpGroundSpace
MK,hh0107,6.340000000000003,scr2000,effConv,heatpumpGroundSpace
MK,hh0108,6.340000000000003,scr2000,effConv,heatpumpGroundSpace
MK,hh0109,6.340000000000003,scr2000,effConv,heatpumpGroundSpace
MK,hh0110,6.340000000000003,scr2000,effConv,heatpumpGroundSpace
MK,hh0111,6.340000000000003,scr2000,effConv,heatpumpGroundSpace
MK,hh0112,6.340000000000003,scr2000,effConv,heatpumpGroundSpace
MK,hh0113,6.340000000000003,scr2000,effConv,heatpumpGroundSpace
MK,hh0114,6.322508543404961,scr2000,effConv,heatpumpGroundSpace
MK,hh0115,6.273956317512951,scr2000,effConv,heatpumpGroundSpace
MK,hh0116,6.246224039898561,scr2000,effConv,heatpumpGroundSpace
MK,hh0117,6.306177134529616,scr2000,effConv,heatpumpGroundSpace
MK,hh0118,6.340000000000003,scr2000,effConv,heatpumpGroundSpace
MK,hh0119,6.33440420311663,scr2000,effConv,heatpumpGroundSpace
MK,hh0120,6.2031676534272755,scr2000,effConv,heatpumpGroundSpace
MK,hh0121,6.14605979642997,scr2000,effConv,heatpumpGroundSpace
MK,hh0122,6.218962074656076,scr2000,effConv,heatpumpGroundSpace
MK,hh0123,6.340000000000003,scr2000,effConv,heatpumpGroundSpace
MK,hh0124,6.328809433024116,scr2000,effConv,heatpumpGroundSpace
MK,hh0125,6.230213665669684,scr2000,effConv,heatpumpGroundSpace
MK,hh0126,5.589130084663729,scr2000,effConv,heatpumpGroundSpace
LV,hh0085,6.159716734122916,scr2000,effConv,heatpumpGroundSpace
LV,hh0086,6.221535281561638,scr2000,effConv,heatpumpGroundSpace
LV,hh0087,6.34,scr2000,effConv,heatpumpGroundSpace
LV,hh0088,6.34,scr2000,effConv,heatpumpGroundSpace
LV,hh0089,6.34,scr2000,effConv,heatpumpGroundSpace
LV,hh0090,6.34,scr2000,effConv,heatpumpGroundSpace
LV,hh0091,6.316547435455751,scr2000,effConv,heatpumpGroundSpace
LV,hh0092,6.322210731548417,scr2000,effConv,heatpumpGroundSpace
LV,hh0093,6.34,scr2000,effConv,heatpumpGroundSpace
LV,hh0094,6.34,scr2000,effConv,heatpumpGroundSpace
LV,hh0095,6.34,scr2000,effConv,heatpumpGroundSpace
LV,hh0096,6.34,scr2000,effConv,heatpumpGroundSpace
LV,hh0097,6.199558901689784,scr2000,effConv,heatpumpGroundSpace
LV,hh0098,6.278379992219706,scr2000,effConv,heatpumpGroundSpace
LV,hh0099,6.34,scr2000,effConv,heatpumpGroundSpace
LV,hh0100,6.34,scr2000,effConv,heatpumpGroundSpace
LV,hh0101,6.34,scr2000,effConv,heatpumpGroundSpace
LV,hh0102,6.34,scr2000,effConv,heatpumpGroundSpace
LV,hh0103,6.172664689592056,scr2000,effConv,heatpumpGroundSpace
LV,hh0104,6.258876990169685,scr2000,effConv,heatpumpGroundSpace
LV,hh0105,6.34,scr2000,effConv,heatpumpGroundSpace
LV,hh0106,6.34,scr2000,effConv,heatpumpGroundSpace
LV,hh0107,6.34,scr2000,effConv,heatpumpGroundSpace
LV,hh0108,6.332724033825361,scr2000,effConv,heatpumpGroundSpace
LV,hh0109,6.2362559244330615,scr2000,effConv,heatpumpGroundSpace
LV,hh0110,6.250873421679254,scr2000,effConv,heatpumpGroundSpace
LV,hh0111,6.314068248862462,scr2000,effConv,heatpumpGroundSpace
LV,hh0112,6.34,scr2000,effConv,heatpumpGroundSpace
LV,hh0113,6.3367662071126025,scr2000,effConv,heatpumpGroundSpace
LV,hh0114,6.006508565826696,scr2000,effConv,heatpumpGroundSpace
LV,hh0115,6.133133371515784,scr2000,effConv,heatpumpGroundSpace
LV,hh0116,6.089591421593342,scr2000,effConv,heatpumpGroundSpace
LV,hh0117,6.181741948468187,scr2000,effConv,heatpumpGroundSpace
LV,hh0118,6.34,scr2000,effConv,heatpumpGroundSpace
LV,hh0119,6.086278068932061,scr2000,effConv,heatpumpGroundSpace
LV,hh0120,5.268346549625662,scr2000,effConv,heatpumpGroundSpace
LV,hh0121,4.662953576701924,scr2000,effConv,heatpumpGroundSpace
LV,hh0122,4.891455128011424,scr2000,effConv,heatpumpGroundSpace
LV,hh0123,5.904429883522006,scr2000,effConv,heatpumpGroundSpace
LV,hh0124,6.249243638164224,scr2000,effConv,heatpumpGroundSpace
LV,hh0125,5.586622686042143,scr2000,effConv,heatpumpGroundSpace
LV,hh0126,5.38698189260226,scr2000,effConv,heatpumpGroundSpace
ME,hh0085,5.941343484037134,scr2000,effConv,heatpumpGroundSpace
ME,hh0086,6.180041190958946,scr2000,effConv,heatpumpGroundSpace
ME,hh0087,6.3399999999965075,scr2000,effConv,heatpumpGroundSpace
ME,hh0088,6.3399999999965075,scr2000,effConv,heatpumpGroundSpace
ME,hh0089,6.3399999999965075,scr2000,effConv,heatpumpGroundSpace
ME,hh0090,6.333614288974786,scr2000,effConv,heatpumpGroundSpace
ME,hh0091,5.826761608419474,scr2000,effConv,heatpumpGroundSpace
ME,hh0092,5.908745358081433,scr2000,effConv,heatpumpGroundSpace
ME,hh0093,6.327178639859994,scr2000,effConv,heatpumpGroundSpace
ME,hh0094,6.3399999999965075,scr2000,effConv,heatpumpGroundSpace
ME,hh0095,6.33574422858328,scr2000,effConv,heatpumpGroundSpace
ME,hh0096,6.311529530226835,scr2000,effConv,heatpumpGroundSpace
ME,hh0097,6.313701611556098,scr2000,effConv,heatpumpGroundSpace
ME,hh0098,6.329349166571774,scr2000,effConv,heatpumpGroundSpace
ME,hh0099,6.3392908913028805,scr2000,effConv,heatpumpGroundSpace
ME,hh0100,6.3399999999965075,scr2000,effConv,heatpumpGroundSpace
ME,hh0101,6.3399999999965075,scr2000,effConv,heatpumpGroundSpace
ME,hh0102,6.337871554276717,scr2000,effConv,heatpumpGroundSpace
ME,hh0103,6.213496992791988,scr2000,effConv,heatpumpGroundSpace
ME,hh0104,6.259614240716473,scr2000,effConv,heatpumpGroundSpace
ME,hh0105,6.3399999999965075,scr2000,effConv,heatpumpGroundSpace
ME,hh0106,6.3399999999965075,scr2000,effConv,heatpumpGroundSpace
ME,hh0107,6.3399999999965075,scr2000,effConv,heatpumpGroundSpace
ME,hh0108,6.3399999999965075,scr2000,effConv,heatpumpGroundSpace
ME,hh0109,6.3399999999965075,scr2000,effConv,heatpumpGroundSpace
ME,hh0110,6.3399999999965075,scr2000,effConv,heatpumpGroundSpace
ME,hh0111,6.3399999999965075,scr2000,effConv,heatpumpGroundSpace
ME,hh0112,6.3399999999965075,scr2000,effConv,heatpumpGroundSpace
ME,hh0113,6.337871554276717,scr2000,effConv,heatpumpGroundSpace
ME,hh0114,6.184020329776104,scr2000,effConv,heatpumpGroundSpace
ME,hh0115,6.083007507677394,scr2000,effConv,heatpumpGroundSpace
ME,hh0116,5.963727464406475,scr2000,effConv,heatpumpGroundSpace
ME,hh0117,6.117804642439296,scr2000,effConv,heatpumpGroundSpace
ME,hh0118,6.319351047939563,scr2000,effConv,heatpumpGroundSpace
ME,hh0119,6.321493390196338,scr2000,effConv,heatpumpGroundSpace
ME,hh0120,6.000127660225189,scr2000,effConv,heatpumpGroundSpace
ME,hh0121,6.108581882312137,scr2000,effConv,heatpumpGroundSpace
ME,hh0122,6.265651027595595,scr2000,effConv,heatpumpGroundSpace
ME,hh0123,6.338581409525432,scr2000,effConv,heatpumpGroundSpace
ME,hh0124,6.268474256236004,scr2000,effConv,heatpumpGroundSpace
ME,hh0125,5.944503344986515,scr2000,effConv,heatpumpGroundSpace
ME,hh0126,5.229700626932754,scr2000,effConv,heatpumpGroundSpace
LT,hh0085,5.955676303290522,scr2000,effConv,heatpumpGroundSpace
LT,hh0086,6.15070103363978,scr2000,effConv,heatpumpGroundSpace
LT,hh0087,6.34,scr2000,effConv,heatpumpGroundSpace
LT,hh0088,6.34,scr2000,effConv,heatpumpGroundSpace
LT,hh0089,6.34,scr2000,effConv,heatpumpGroundSpace
LT,hh0090,6.34,scr2000,effConv,heatpumpGroundSpace
LT,hh0091,6.266284380485237,scr2000,effConv,heatpumpGroundSpace
LT,hh0092,6.241433980443131,scr2000,effConv,heatpumpGroundSpace
LT,hh0093,6.34,scr2000,effConv,heatpumpGroundSpace
LT,hh0094,6.34,scr2000,effConv,heatpumpGroundSpace
LT,hh0095,6.34,scr2000,effConv,heatpumpGroundSpace
LT,hh0096,6.34,scr2000,effConv,heatpumpGroundSpace
LT,hh0097,6.34,scr2000,effConv,heatpumpGroundSpace
LT,hh0098,6.34,scr2000,effConv,heatpumpGroundSpace
LT,hh0099,6.34,scr2000,effConv,heatpumpGroundSpace
LT,hh0100,6.34,scr2000,effConv,heatpumpGroundSpace
LT,hh0101,6.34,scr2000,effConv,heatpumpGroundSpace
LT,hh0102,6.34,scr2000,effConv,heatpumpGroundSpace
LT,hh0103,5.9113895089035715,scr2000,effConv,heatpumpGroundSpace
LT,hh0104,6.116589417769494,scr2000,effConv,heatpumpGroundSpace
LT,hh0105,6.34,scr2000,effConv,heatpumpGroundSpace
LT,hh0106,6.34,scr2000,effConv,heatpumpGroundSpace
LT,hh0107,6.34,scr2000,effConv,heatpumpGroundSpace
LT,hh0108,6.324566207249733,scr2000,effConv,heatpumpGroundSpace
LT,hh0109,6.031777608037796,scr2000,effConv,heatpumpGroundSpace
LT,hh0110,6.14211403701321,scr2000,effConv,heatpumpGroundSpace
LT,hh0111,6.314286417451941,scr2000,effConv,heatpumpGroundSpace
LT,hh0112,6.34,scr2000,effConv,heatpumpGroundSpace
LT,hh0113,6.333140645120049,scr2000,effConv,heatpumpGroundSpace
LT,hh0114,5.885911672669504,scr2000,effConv,heatpumpGroundSpace
LT,hh0115,6.050683554692062,scr2000,effConv,heatpumpGroundSpace
LT,hh0116,5.9985039317024125,scr2000,effConv,heatpumpGroundSpace
LT,hh0117,6.199609529810107,scr2000,effConv,heatpumpGroundSpace
LT,hh0118,6.34,scr2000,effConv,heatpumpGroundSpace
LT,hh0119,6.047502531630991,scr2000,effConv,heatpumpGroundSpace
LT,hh0120,5.157590226952221,scr2000,effConv,heatpumpGroundSpace
LT,hh0121,4.55835550676673,scr2000,effConv,heatpumpGroundSpace
LT,hh0122,4.762412375770531,scr2000,effConv,heatpumpGroundSpace
LT,hh0123,6.0030880808416,scr2000,effConv,heatpumpGroundSpace
LT,hh0124,6.222592378493935,scr2000,effConv,heatpumpGroundSpace
LT,hh0125,5.478628654501942,scr2000,effConv,heatpumpGroundSpace
LT,hh0126,5.180502495624966,scr2000,effConv,heatpumpGroundSpace
LU,hh0085,6.282533538837077,scr2000,effConv,heatpumpGroundSpace
LU,hh0086,6.34,scr2000,effConv,heatpumpGroundSpace
LU,hh0087,6.34,scr2000,effConv,heatpumpGroundSpace
LU,hh0088,6.34,scr2000,effConv,heatpumpGroundSpace
LU,hh0089,6.310043530534383,scr2000,effConv,heatpumpGroundSpace
LU,hh0090,6.0406097548409186,scr2000,effConv,heatpumpGroundSpace
LU,hh0091,5.9150366026861505,scr2000,effConv,heatpumpGroundSpace
LU,hh0092,5.9436979577332,scr2000,effConv,heatpumpGroundSpace
LU,hh0093,6.2975206595511155,scr2000,effConv,heatpumpGroundSpace
LU,hh0094,6.34,scr2000,effConv,heatpumpGroundSpace
LU,hh0095,6.34,scr2000,effConv,heatpumpGroundSpace
LU,hh0096,6.34,scr2000,effConv,heatpumpGroundSpace
LU,hh0097,6.34,scr2000,effConv,heatpumpGroundSpace
LU,hh0098,6.34,scr2000,effConv,heatpumpGroundSpace
LU,hh0099,6.34,scr2000,effConv,heatpumpGroundSpace
LU,hh0100,6.34,scr2000,effConv,heatpumpGroundSpace
LU,hh0101,6.34,scr2000,effConv,heatpumpGroundSpace
LU,hh0102,6.34,scr2000,effConv,heatpumpGroundSpace
LU,hh0103,6.34,scr2000,effConv,heatpumpGroundSpace
LU,hh0104,6.34,scr2000,effConv,heatpumpGroundSpace
LU,hh0105,6.34,scr2000,effConv,heatpumpGroundSpace
LU,hh0106,6.34,scr2000,effConv,heatpumpGroundSpace
LU,hh0107,6.34,scr2000,effConv,heatpumpGroundSpace
LU,hh0108,6.34,scr2000,effConv,heatpumpGroundSpace
LU,hh0109,6.2283157262123705,scr2000,effConv,heatpumpGroundSpace
LU,hh0110,6.219099238683738,scr2000,effConv,heatpumpGroundSpace
LU,hh0111,6.34,scr2000,effConv,heatpumpGroundSpace
LU,hh0112,6.34,scr2000,effConv,heatpumpGroundSpace
LU,hh0113,6.34,scr2000,effConv,heatpumpGroundSpace
LU,hh0114,6.34,scr2000,effConv,heatpumpGroundSpace
LU,hh0115,5.8778530319360245,scr2000,effConv,heatpumpGroundSpace
LU,hh0116,5.803435062121838,scr2000,effConv,heatpumpGroundSpace
LU,hh0117,6.322528487786744,scr2000,effConv,heatpumpGroundSpace
LU,hh0118,6.34,scr2000,effConv,heatpumpGroundSpace
LU,hh0119,6.34,scr2000,effConv,heatpumpGroundSpace
LU,hh0120,6.34,scr2000,effConv,heatpumpGroundSpace
LU,hh0121,6.236707053344959,scr2000,effConv,heatpumpGroundSpace
LU,hh0122,6.073426874997599,scr2000,effConv,heatpumpGroundSpace
LU,hh0123,6.234028848092891,scr2000,effConv,heatpumpGroundSpace
LU,hh0124,6.34,scr2000,effConv,heatpumpGroundSpace
LU,hh0125,6.34,scr2000,effConv,heatpumpGroundSpace
LU,hh0126,6.34,scr2000,effConv,heatpumpGroundSpace
NO,hh0085,5.901783010804901,scr2000,effConv,heatpumpGroundSpace
NO,hh0086,6.10363376448819,scr2000,effConv,heatpumpGroundSpace
NO,hh0087,6.046824046167223,scr2000,effConv,heatpumpGroundSpace
NO,hh0088,5.93622917092657,scr2000,effConv,heatpumpGroundSpace
NO,hh0089,5.940987513908434,scr2000,effConv,heatpumpGroundSpace
NO,hh0090,6.021368738709368,scr2000,effConv,heatpumpGroundSpace
NO,hh0091,5.758445623544692,scr2000,effConv,heatpumpGroundSpace
NO,hh0092,5.908163190133652,scr2000,effConv,heatpumpGroundSpace
NO,hh0093,6.167936755734238,scr2000,effConv,heatpumpGroundSpace
NO,hh0094,6.26181659149809,scr2000,effConv,heatpumpGroundSpace
NO,hh0095,6.286817307790392,scr2000,effConv,heatpumpGroundSpace
NO,hh0096,6.218741693259779,scr2000,effConv,heatpumpGroundSpace
NO,hh0097,5.972229715227089,scr2000,effConv,heatpumpGroundSpace
NO,hh0098,6.050406054496773,scr2000,effConv,heatpumpGroundSpace
NO,hh0099,6.224646034779294,scr2000,effConv,heatpumpGroundSpace
NO,hh0100,6.305001112708943,scr2000,effConv,heatpumpGroundSpace
NO,hh0101,6.230287345070593,scr2000,effConv,heatpumpGroundSpace
NO,hh0102,5.7966189835370425,scr2000,effConv,heatpumpGroundSpace
NO,hh0103,5.4368742682951,scr2000,effConv,heatpumpGroundSpace
NO,hh0104,5.559161427399822,scr2000,effConv,heatpumpGroundSpace
NO,hh0105,6.2033334291535285,scr2000,effConv,heatpumpGroundSpace
NO,hh0106,6.257284774192539,scr2000,effConv,heatpumpGroundSpace
NO,hh0107,6.189406682200834,scr2000,effConv,heatpumpGroundSpace
NO,hh0108,5.836642694180977,scr2000,effConv,heatpumpGroundSpace
NO,hh0109,5.38268594945933,scr2000,effConv,heatpumpGroundSpace
NO,hh0110,5.450055212485234,scr2000,effConv,heatpumpGroundSpace
NO,hh0111,6.175490958424283,scr2000,effConv,heatpumpGroundSpace
NO,hh0112,6.208745786712832,scr2000,effConv,heatpumpGroundSpace
NO,hh0113,6.151146171650239,scr2000,effConv,heatpumpGroundSpace
NO,hh0114,5.682652201905383,scr2000,effConv,heatpumpGroundSpace
NO,hh0115,5.007673463966764,scr2000,effConv,heatpumpGroundSpace
NO,hh0116,5.115251011971669,scr2000,effConv,heatpumpGroundSpace
NO,hh0117,5.9725445469455565,scr2000,effConv,heatpumpGroundSpace
NO,hh0118,5.845726746433497,scr2000,effConv,heatpumpGroundSpace
NO,hh0119,5.589732877008032,scr2000,effConv,heatpumpGroundSpace
NO,hh0120,5.010158904279667,scr2000,effConv,heatpumpGroundSpace
NO,hh0121,5.38744521258307,scr2000,effConv,heatpumpGroundSpace
NO,hh0122,5.481062629594224,scr2000,effConv,heatpumpGroundSpace
NO,hh0123,5.693960672402707,scr2000,effConv,heatpumpGroundSpace
NO,hh0124,6.0331326576217,scr2000,effConv,heatpumpGroundSpace
NO,hh0125,5.795185782871091,scr2000,effConv,heatpumpGroundSpace
NO,hh0126,5.563566811962536,scr2000,effConv,heatpumpGroundSpace
PL,hh0085,6.049197387476446,scr2000,effConv,heatpumpGroundSpace
PL,hh0086,6.270427963250376,scr2000,effConv,heatpumpGroundSpace
PL,hh0087,6.34,scr2000,effConv,heatpumpGroundSpace
PL,hh0088,6.333557350019921,scr2000,effConv,heatpumpGroundSpace
PL,hh0089,6.3280090712414205,scr2000,effConv,heatpumpGroundSpace
PL,hh0090,6.3297245864508405,scr2000,effConv,heatpumpGroundSpace
PL,hh0091,6.22269675543243,scr2000,effConv,heatpumpGroundSpace
PL,hh0092,6.273063960959769,scr2000,effConv,heatpumpGroundSpace
PL,hh0093,6.326470135849364,scr2000,effConv,heatpumpGroundSpace
PL,hh0094,6.338198122871514,scr2000,effConv,heatpumpGroundSpace
PL,hh0095,6.337852583107956,scr2000,effConv,heatpumpGroundSpace
PL,hh0096,6.33980868142463,scr2000,effConv,heatpumpGroundSpace
PL,hh0097,6.3325380184216815,scr2000,effConv,heatpumpGroundSpace
PL,hh0098,6.334834129729779,scr2000,effConv,heatpumpGroundSpace
PL,hh0099,6.33961736005086,scr2000,effConv,heatpumpGroundSpace
PL,hh0100,6.34,scr2000,effConv,heatpumpGroundSpace
PL,hh0101,6.34,scr2000,effConv,heatpumpGroundSpace
PL,hh0102,6.34,scr2000,effConv,heatpumpGroundSpace
PL,hh0103,5.992259427074379,scr2000,effConv,heatpumpGroundSpace
PL,hh0104,6.104650386265945,scr2000,effConv,heatpumpGroundSpace
PL,hh0105,6.34,scr2000,effConv,heatpumpGroundSpace
PL,hh0106,6.34,scr2000,effConv,heatpumpGroundSpace
PL,hh0107,6.34,scr2000,effConv,heatpumpGroundSpace
PL,hh0108,6.34,scr2000,effConv,heatpumpGroundSpace
PL,hh0109,6.195793148419829,scr2000,effConv,heatpumpGroundSpace
PL,hh0110,6.2159303546623885,scr2000,effConv,heatpumpGroundSpace
PL,hh0111,6.325135202698095,scr2000,effConv,heatpumpGroundSpace
PL,hh0112,6.33942604147549,scr2000,effConv,heatpumpGroundSpace
PL,hh0113,6.339043390331216,scr2000,effConv,heatpumpGroundSpace
PL,hh0114,6.297080756775506,scr2000,effConv,heatpumpGroundSpace
PL,hh0115,5.957716771257518,scr2000,effConv,heatpumpGroundSpace
PL,hh0116,5.79240179260129,scr2000,effConv,heatpumpGroundSpace
PL,hh0117,6.254435157750409,scr2000,effConv,heatpumpGroundSpace
PL,hh0118,6.34,scr2000,effConv,heatpumpGroundSpace
PL,hh0119,6.309577118135452,scr2000,effConv,heatpumpGroundSpace
PL,hh0120,6.124256051930602,scr2000,effConv,heatpumpGroundSpace
PL,hh0121,5.430509542257463,scr2000,effConv,heatpumpGroundSpace
PL,hh0122,5.2497099654585835,scr2000,effConv,heatpumpGroundSpace
PL,hh0123,5.915802438521184,scr2000,effConv,heatpumpGroundSpace
PL,hh0124,6.22234224036955,scr2000,effConv,heatpumpGroundSpace
PL,hh0125,5.847351259583107,scr2000,effConv,heatpumpGroundSpace
PL,hh0126,5.6862386076932285,scr2000,effConv,heatpumpGroundSpace
RO,hh0085,6.005358023568988,scr2000,effConv,heatpumpGroundSpace
RO,hh0086,6.31068360991776,scr2000,effConv,heatpumpGroundSpace
RO,hh0087,6.339999996125698,scr2000,effConv,heatpumpGroundSpace
RO,hh0088,6.339999996125698,scr2000,effConv,heatpumpGroundSpace
RO,hh0089,6.339999996125698,scr2000,effConv,heatpumpGroundSpace
RO,hh0090,6.339999996125698,scr2000,effConv,heatpumpGroundSpace
RO,hh0091,5.86555465310812,scr2000,effConv,heatpumpGroundSpace
RO,hh0092,6.044714920222759,scr2000,effConv,heatpumpGroundSpace
RO,hh0093,6.284805668517947,scr2000,effConv,heatpumpGroundSpace
RO,hh0094,6.336458412930369,scr2000,effConv,heatpumpGroundSpace
RO,hh0095,6.33550139144063,scr2000,effConv,heatpumpGroundSpace
RO,hh0096,6.326382307335734,scr2000,effConv,heatpumpGroundSpace
RO,hh0097,6.206686543300748,scr2000,effConv,heatpumpGroundSpace
RO,hh0098,6.306438773870468,scr2000,effConv,heatpumpGroundSpace
RO,hh0099,6.339570438489318,scr2000,effConv,heatpumpGroundSpace
RO,hh0100,6.339999996125698,scr2000,effConv,heatpumpGroundSpace
RO,hh0101,6.339999996125698,scr2000,effConv,heatpumpGroundSpace
RO,hh0102,6.337291980162263,scr2000,effConv,heatpumpGroundSpace
RO,hh0103,6.139369500800967,scr2000,effConv,heatpumpGroundSpace
RO,hh0104,6.271051613613963,scr2000,effConv,heatpumpGroundSpace
RO,hh0105,6.339999996125698,scr2000,effConv,heatpumpGroundSpace
RO,hh0106,6.339999996125698,scr2000,effConv,heatpumpGroundSpace
RO,hh0107,6.339999996125698,scr2000,effConv,heatpumpGroundSpace
RO,hh0108,6.339999996125698,scr2000,effConv,heatpumpGroundSpace
RO,hh0109,6.339999996125698,scr2000,effConv,heatpumpGroundSpace
RO,hh0110,6.301292451098561,scr2000,effConv,heatpumpGroundSpace
RO,hh0111,6.250137345865369,scr2000,effConv,heatpumpGroundSpace
RO,hh0112,6.3229057509452105,scr2000,effConv,heatpumpGroundSpace
RO,hh0113,6.287357410416007,scr2000,effConv,heatpumpGroundSpace
RO,hh0114,6.25318949110806,scr2000,effConv,heatpumpGroundSpace
RO,hh0115,5.944047667086124,scr2000,effConv,heatpumpGroundSpace
RO,hh0116,5.963826159015298,scr2000,effConv,heatpumpGroundSpace
RO,hh0117,6.2510619554668665,scr2000,effConv,heatpumpGroundSpace
RO,hh0118,6.329612199217081,scr2000,effConv,heatpumpGroundSpace
RO,hh0119,6.31542918458581,scr2000,effConv,heatpumpGroundSpace
RO,hh0120,6.212134283035994,scr2000,effConv,heatpumpGroundSpace
RO,hh0121,6.0112622156739235,scr2000,effConv,heatpumpGroundSpace
RO,hh0122,5.984352465718985,scr2000,effConv,heatpumpGroundSpace
RO,hh0123,6.175365397706628,scr2000,effConv,heatpumpGroundSpace
RO,hh0124,5.829319778829813,scr2000,effConv,heatpumpGroundSpace
RO,hh0125,5.336062153801322,scr2000,effConv,heatpumpGroundSpace
RO,hh0126,4.85202925466001,scr2000,effConv,heatpumpGroundSpace
PT,hh0085,6.3399999999965075,scr2000,effConv,heatpumpGroundSpace
PT,hh0086,6.339207316232205,scr2000,effConv,heatpumpGroundSpace
PT,hh0087,6.339603658114356,scr2000,effConv,heatpumpGroundSpace
PT,hh0088,6.3399999999965075,scr2000,effConv,heatpumpGroundSpace
PT,hh0089,6.3399999999965075,scr2000,effConv,heatpumpGroundSpace
PT,hh0090,6.338810869505323,scr2000,effConv,heatpumpGroundSpace
PT,hh0091,6.338810869505323,scr2000,effConv,heatpumpGroundSpace
PT,hh0092,6.3399999999965075,scr2000,effConv,heatpumpGroundSpace
PT,hh0093,6.3399999999965075,scr2000,effConv,heatpumpGroundSpace
PT,hh0094,6.3399999999965075,scr2000,effConv,heatpumpGroundSpace
PT,hh0095,6.3399999999965075,scr2000,effConv,heatpumpGroundSpace
PT,hh0096,6.3399999999965075,scr2000,effConv,heatpumpGroundSpace
PT,hh0097,6.3399999999965075,scr2000,effConv,heatpumpGroundSpace
PT,hh0098,6.3399999999965075,scr2000,effConv,heatpumpGroundSpace
PT,hh0099,6.3399999999965075,scr2000,effConv,heatpumpGroundSpace
PT,hh0100,6.3399999999965075,scr2000,effConv,heatpumpGroundSpace
PT,hh0101,6.3399999999965075,scr2000,effConv,heatpumpGroundSpace
PT,hh0102,6.3399999999965075,scr2000,effConv,heatpumpGroundSpace
PT,hh0103,6.3399999999965075,scr2000,effConv,heatpumpGroundSpace
PT,hh0104,6.3399999999965075,scr2000,effConv,heatpumpGroundSpace
PT,hh0105,6.3399999999965075,scr2000,effConv,heatpumpGroundSpace
PT,hh0106,6.3399999999965075,scr2000,effConv,heatpumpGroundSpace
PT,hh0107,6.3399999999965075,scr2000,effConv,heatpumpGroundSpace
PT,hh0108,6.3399999999965075,scr2000,effConv,heatpumpGroundSpace
PT,hh0109,6.3399999999965075,scr2000,effConv,heatpumpGroundSpace
PT,hh0110,6.3399999999965075,scr2000,effConv,heatpumpGroundSpace
PT,hh0111,6.3399999999965075,scr2000,effConv,heatpumpGroundSpace
PT,hh0112,6.3399999999965075,scr2000,effConv,heatpumpGroundSpace
PT,hh0113,6.3399999999965075,scr2000,effConv,heatpumpGroundSpace
PT,hh0114,6.3399999999965075,scr2000,effConv,heatpumpGroundSpace
PT,hh0115,6.3399999999965075,scr2000,effConv,heatpumpGroundSpace
PT,hh0116,6.338810974350054,scr2000,effConv,heatpumpGroundSpace
PT,hh0117,6.3399999999965075,scr2000,effConv,heatpumpGroundSpace
PT,hh0118,6.3399999999965075,scr2000,effConv,heatpumpGroundSpace
PT,hh0119,6.3399999999965075,scr2000,effConv,heatpumpGroundSpace
PT,hh0120,6.3399999999965075,scr2000,effConv,heatpumpGroundSpace
PT,hh0121,6.3399999999965075,scr2000,effConv,heatpumpGroundSpace
PT,hh0122,6.316145173183031,scr2000,effConv,heatpumpGroundSpace
PT,hh0123,6.319719759072541,scr2000,effConv,heatpumpGroundSpace
PT,hh0124,6.3399999999965075,scr2000,effConv,heatpumpGroundSpace
PT,hh0125,6.3399999999965075,scr2000,effConv,heatpumpGroundSpace
PT,hh0126,6.338414317875504,scr2000,effConv,heatpumpGroundSpace
SK,hh0085,6.06704712559258,scr2000,effConv,heatpumpGroundSpace
SK,hh0086,6.299884600301084,scr2000,effConv,heatpumpGroundSpace
SK,hh0087,6.3399999999965075,scr2000,effConv,heatpumpGroundSpace
SK,hh0088,6.3399999999965075,scr2000,effConv,heatpumpGroundSpace
SK,hh0089,6.3399999999965075,scr2000,effConv,heatpumpGroundSpace
SK,hh0090,6.33510691882293,scr2000,effConv,heatpumpGroundSpace
SK,hh0091,6.056217473524157,scr2000,effConv,heatpumpGroundSpace
SK,hh0092,6.125766322658819,scr2000,effConv,heatpumpGroundSpace
SK,hh0093,6.23262458690624,scr2000,effConv,heatpumpGroundSpace
SK,hh0094,6.332305816931694,scr2000,effConv,heatpumpGroundSpace
SK,hh0095,6.3399999999965075,scr2000,effConv,heatpumpGroundSpace
SK,hh0096,6.335108391000176,scr2000,effConv,heatpumpGroundSpace
SK,hh0097,6.23475077204057,scr2000,effConv,heatpumpGroundSpace
SK,hh0098,6.267452517120546,scr2000,effConv,heatpumpGroundSpace
SK,hh0099,6.334404800902121,scr2000,effConv,heatpumpGroundSpace
SK,hh0100,6.3399999999965075,scr2000,effConv,heatpumpGroundSpace
SK,hh0101,6.3399999999965075,scr2000,effConv,heatpumpGroundSpace
SK,hh0102,6.3399999999965075,scr2000,effConv,heatpumpGroundSpace
SK,hh0103,6.214598199549073,scr2000,effConv,heatpumpGroundSpace
SK,hh0104,6.2637154055319115,scr2000,effConv,heatpumpGroundSpace
SK,hh0105,6.3399999999965075,scr2000,effConv,heatpumpGroundSpace
SK,hh0106,6.3399999999965075,scr2000,effConv,heatpumpGroundSpace
SK,hh0107,6.3399999999965075,scr2000,effConv,heatpumpGroundSpace
SK,hh0108,6.3399999999965075,scr2000,effConv,heatpumpGroundSpace
SK,hh0109,6.3399999999965075,scr2000,effConv,heatpumpGroundSpace
SK,hh0110,6.292784326231413,scr2000,effConv,heatpumpGroundSpace
SK,hh0111,6.277271259026747,scr2000,effConv,heatpumpGroundSpace
SK,hh0112,6.337904331730897,scr2000,effConv,heatpumpGroundSpace
SK,hh0113,6.3301972241297335,scr2000,effConv,heatpumpGroundSpace
SK,hh0114,6.134885146881061,scr2000,effConv,heatpumpGroundSpace
SK,hh0115,5.882148907896408,scr2000,effConv,heatpumpGroundSpace
SK,hh0116,5.862447374072872,scr2000,effConv,heatpumpGroundSpace
SK,hh0117,6.157740219559855,scr2000,effConv,heatpumpGroundSpace
SK,hh0118,6.3399999999965075,scr2000,effConv,heatpumpGroundSpace
SK,hh0119,6.336505625666177,scr2000,effConv,heatpumpGroundSpace
SK,hh0120,6.201476084050228,scr2000,effConv,heatpumpGroundSpace
SK,hh0121,5.93806032208704,scr2000,effConv,heatpumpGroundSpace
SK,hh0122,5.857881215473753,scr2000,effConv,heatpumpGroundSpace
SK,hh0123,5.963330678212515,scr2000,effConv,heatpumpGroundSpace
SK,hh0124,6.136409098284275,scr2000,effConv,heatpumpGroundSpace
SK,hh0125,5.908836501821497,scr2000,effConv,heatpumpGroundSpace
SK,hh0126,5.522724233149347,scr2000,effConv,heatpumpGroundSpace
SI,hh0085,6.328890311689831,scr2000,effConv,heatpumpGroundSpace
SI,hh0086,6.337619777780399,scr2000,effConv,heatpumpGroundSpace
SI,hh0087,6.34,scr2000,effConv,heatpumpGroundSpace
SI,hh0088,6.34,scr2000,effConv,heatpumpGroundSpace
SI,hh0089,6.337619777780398,scr2000,effConv,heatpumpGroundSpace
SI,hh0090,6.307439630077077,scr2000,effConv,heatpumpGroundSpace
SI,hh0091,6.196622174492573,scr2000,effConv,heatpumpGroundSpace
SI,hh0092,6.114978151128648,scr2000,effConv,heatpumpGroundSpace
SI,hh0093,6.2771109102584175,scr2000,effConv,heatpumpGroundSpace
SI,hh0094,6.34,scr2000,effConv,heatpumpGroundSpace
SI,hh0095,6.34,scr2000,effConv,heatpumpGroundSpace
SI,hh0096,6.34,scr2000,effConv,heatpumpGroundSpace
SI,hh0097,6.336032919852542,scr2000,effConv,heatpumpGroundSpace
SI,hh0098,6.336032919852542,scr2000,effConv,heatpumpGroundSpace
SI,hh0099,6.338413142072143,scr2000,effConv,heatpumpGroundSpace
SI,hh0100,6.34,scr2000,effConv,heatpumpGroundSpace
SI,hh0101,6.34,scr2000,effConv,heatpumpGroundSpace
SI,hh0102,6.329683416489127,scr2000,effConv,heatpumpGroundSpace
SI,hh0103,6.326508794508945,scr2000,effConv,heatpumpGroundSpace
SI,hh0104,6.332858815785356,scr2000,effConv,heatpumpGroundSpace
SI,hh0105,6.34,scr2000,effConv,heatpumpGroundSpace
SI,hh0106,6.34,scr2000,effConv,heatpumpGroundSpace
SI,hh0107,6.34,scr2000,effConv,heatpumpGroundSpace
SI,hh0108,6.34,scr2000,effConv,heatpumpGroundSpace
SI,hh0109,6.34,scr2000,effConv,heatpumpGroundSpace
SI,hh0110,6.34,scr2000,effConv,heatpumpGroundSpace
SI,hh0111,6.34,scr2000,effConv,heatpumpGroundSpace
SI,hh0112,6.34,scr2000,effConv,heatpumpGroundSpace
SI,hh0113,6.34,scr2000,effConv,heatpumpGroundSpace
SI,hh0114,6.335239296782878,scr2000,effConv,heatpumpGroundSpace
SI,hh0115,5.905041816505822,scr2000,effConv,heatpumpGroundSpace
SI,hh0116,5.85329206924108,scr2000,effConv,heatpumpGroundSpace
SI,hh0117,6.299426733046059,scr2000,effConv,heatpumpGroundSpace
SI,hh0118,6.34,scr2000,effConv,heatpumpGroundSpace
SI,hh0119,6.34,scr2000,effConv,heatpumpGroundSpace
SI,hh0120,6.329682639083031,scr2000,effConv,heatpumpGroundSpace
SI,hh0121,6.2205948417464505,scr2000,effConv,heatpumpGroundSpace
SI,hh0122,6.264436904229701,scr2000,effConv,heatpumpGroundSpace
SI,hh0123,6.34,scr2000,effConv,heatpumpGroundSpace
SI,hh0124,6.324920511381785,scr2000,effConv,heatpumpGroundSpace
SI,hh0125,6.244512549295834,scr2000,effConv,heatpumpGroundSpace
SI,hh0126,5.827036783500812,scr2000,effConv,heatpumpGroundSpace
SE,hh0085,5.739581479395697,scr2000,effConv,heatpumpGroundSpace
SE,hh0086,6.158382354980529,scr2000,effConv,heatpumpGroundSpace
SE,hh0087,6.306682370194778,scr2000,effConv,heatpumpGroundSpace
SE,hh0088,6.281828488920111,scr2000,effConv,heatpumpGroundSpace
SE,hh0089,6.280219215405591,scr2000,effConv,heatpumpGroundSpace
SE,hh0090,6.2720942182642805,scr2000,effConv,heatpumpGroundSpace
SE,hh0091,5.781735216277513,scr2000,effConv,heatpumpGroundSpace
SE,hh0092,6.0892550244047134,scr2000,effConv,heatpumpGroundSpace
SE,hh0093,6.335205790597629,scr2000,effConv,heatpumpGroundSpace
SE,hh0094,6.338249162713705,scr2000,effConv,heatpumpGroundSpace
SE,hh0095,6.339781149398658,scr2000,effConv,heatpumpGroundSpace
SE,hh0096,6.331951851273089,scr2000,effConv,heatpumpGroundSpace
SE,hh0097,5.809931183818335,scr2000,effConv,heatpumpGroundSpace
SE,hh0098,6.043715830949495,scr2000,effConv,heatpumpGroundSpace
SE,hh0099,6.331605607151078,scr2000,effConv,heatpumpGroundSpace
SE,hh0100,6.339331414227397,scr2000,effConv,heatpumpGroundSpace
SE,hh0101,6.325208813894206,scr2000,effConv,heatpumpGroundSpace
SE,hh0102,6.15537954607124,scr2000,effConv,heatpumpGroundSpace
SE,hh0103,5.719904381531564,scr2000,effConv,heatpumpGroundSpace
SE,hh0104,5.970672987135018,scr2000,effConv,heatpumpGroundSpace
SE,hh0105,6.331489320734729,scr2000,effConv,heatpumpGroundSpace
SE,hh0106,6.324362889449875,scr2000,effConv,heatpumpGroundSpace
SE,hh0107,6.30365812777286,scr2000,effConv,heatpumpGroundSpace
SE,hh0108,6.010165065653164,scr2000,effConv,heatpumpGroundSpace
SE,hh0109,5.731153500198666,scr2000,effConv,heatpumpGroundSpace
SE,hh0110,5.849508623673186,scr2000,effConv,heatpumpGroundSpace
SE,hh0111,6.289742675562728,scr2000,effConv,heatpumpGroundSpace
SE,hh0112,6.339462091961213,scr2000,effConv,heatpumpGroundSpace
SE,hh0113,6.291025189101244,scr2000,effConv,heatpumpGroundSpace
SE,hh0114,5.675283850070459,scr2000,effConv,heatpumpGroundSpace
SE,hh0115,4.847364609716514,scr2000,effConv,heatpumpGroundSpace
SE,hh0116,5.162004683045553,scr2000,effConv,heatpumpGroundSpace
SE,hh0117,6.281186035607176,scr2000,effConv,heatpumpGroundSpace
SE,hh0118,6.283475535072123,scr2000,effConv,heatpumpGroundSpace
SE,hh0119,5.856075317493325,scr2000,effConv,heatpumpGroundSpace
SE,hh0120,4.880815862886529,scr2000,effConv,heatpumpGroundSpace
SE,hh0121,4.913478820566112,scr2000,effConv,heatpumpGroundSpace
SE,hh0122,5.130226164987304,scr2000,effConv,heatpumpGroundSpace
SE,hh0123,5.726356919123163,scr2000,effConv,heatpumpGroundSpace
SE,hh0124,6.12875403252119,scr2000,effConv,heatpumpGroundSpace
SE,hh0125,5.724542303274495,scr2000,effConv,heatpumpGroundSpace
SE,hh0126,5.739308845548782,scr2000,effConv,heatpumpGroundSpace
UK,hh0085,6.299217387674233,scr2000,effConv,heatpumpGroundSpace
UK,hh0086,6.309703654648533,scr2000,effConv,heatpumpGroundSpace
UK,hh0087,6.3172998403890706,scr2000,effConv,heatpumpGroundSpace
UK,hh0088,6.3307280332332905,scr2000,effConv,heatpumpGroundSpace
UK,hh0089,6.3180877277122,scr2000,effConv,heatpumpGroundSpace
UK,hh0090,6.046319920476003,scr2000,effConv,heatpumpGroundSpace
UK,hh0091,5.941767265857312,scr2000,effConv,heatpumpGroundSpace
UK,hh0092,6.077908379708504,scr2000,effConv,heatpumpGroundSpace
UK,hh0093,6.331164527079462,scr2000,effConv,heatpumpGroundSpace
UK,hh0094,6.33557415119256,scr2000,effConv,heatpumpGroundSpace
UK,hh0095,6.335292926384987,scr2000,effConv,heatpumpGroundSpace
UK,hh0096,6.327950512697267,scr2000,effConv,heatpumpGroundSpace
UK,hh0097,6.316562820591196,scr2000,effConv,heatpumpGroundSpace
UK,hh0098,6.319266611591253,scr2000,effConv,heatpumpGroundSpace
UK,hh0099,6.339489031078216,scr2000,effConv,heatpumpGroundSpace
UK,hh0100,6.339276114076087,scr2000,effConv,heatpumpGroundSpace
UK,hh0101,6.339318698140801,scr2000,effConv,heatpumpGroundSpace
UK,hh0102,6.334656203706702,scr2000,effConv,heatpumpGroundSpace
UK,hh0103,6.335763955178946,scr2000,effConv,heatpumpGroundSpace
UK,hh0104,6.339701932581539,scr2000,effConv,heatpumpGroundSpace
UK,hh0105,6.339787095175483,scr2000,effConv,heatpumpGroundSpace
UK,hh0106,6.339999999999996,scr2000,effConv,heatpumpGroundSpace
UK,hh0107,6.338595265275227,scr2000,effConv,heatpumpGroundSpace
UK,hh0108,6.2486820906711955,scr2000,effConv,heatpumpGroundSpace
UK,hh0109,6.16158068396293,scr2000,effConv,heatpumpGroundSpace
UK,hh0110,6.200641798925899,scr2000,effConv,heatpumpGroundSpace
UK,hh0111,6.339999999999996,scr2000,effConv,heatpumpGroundSpace
UK,hh0112,6.339659357373131,scr2000,effConv,heatpumpGroundSpace
UK,hh0113,6.339455722294089,scr2000,effConv,heatpumpGroundSpace
UK,hh0114,6.325750367542067,scr2000,effConv,heatpumpGroundSpace
UK,hh0115,6.230301398073985,scr2000,effConv,heatpumpGroundSpace
UK,hh0116,6.2259375482903305,scr2000,effConv,heatpumpGroundSpace
UK,hh0117,6.327759300738091,scr2000,effConv,heatpumpGroundSpace
UK,hh0118,6.329227907171589,scr2000,effConv,heatpumpGroundSpace
UK,hh0119,6.3285697444174644,scr2000,effConv,heatpumpGroundSpace
UK,hh0120,6.318483069330771,scr2000,effConv,heatpumpGroundSpace
UK,hh0121,6.279416069267954,scr2000,effConv,heatpumpGroundSpace
UK,hh0122,6.0755502405466775,scr2000,effConv,heatpumpGroundSpace
UK,hh0123,6.079389658007669,scr2000,effConv,heatpumpGroundSpace
UK,hh0124,6.335596982013712,scr2000,effConv,heatpumpGroundSpace
UK,hh0125,6.329842781811152,scr2000,effConv,heatpumpGroundSpace
UK,hh0126,6.254135565048664,scr2000,effConv,heatpumpGroundSpace
RS,hh0085,6.258234782144427,scr2000,effConv,heatpumpGroundSpace
RS,hh0086,6.311541009694338,scr2000,effConv,heatpumpGroundSpace
RS,hh0087,6.339999996125698,scr2000,effConv,heatpumpGroundSpace
RS,hh0088,6.339999996125698,scr2000,effConv,heatpumpGroundSpace
RS,hh0089,6.339999996125698,scr2000,effConv,heatpumpGroundSpace
RS,hh0090,6.339999996125698,scr2000,effConv,heatpumpGroundSpace
RS,hh0091,6.0784689877182245,scr2000,effConv,heatpumpGroundSpace
RS,hh0092,6.1935890391469,scr2000,effConv,heatpumpGroundSpace
RS,hh0093,6.339233834296465,scr2000,effConv,heatpumpGroundSpace
RS,hh0094,6.339999996125698,scr2000,effConv,heatpumpGroundSpace
RS,hh0095,6.339999996125698,scr2000,effConv,heatpumpGroundSpace
RS,hh0096,6.339999996125698,scr2000,effConv,heatpumpGroundSpace
RS,hh0097,6.339999996125698,scr2000,effConv,heatpumpGroundSpace
RS,hh0098,6.339999996125698,scr2000,effConv,heatpumpGroundSpace
RS,hh0099,6.339999996125698,scr2000,effConv,heatpumpGroundSpace
RS,hh0100,6.339999996125698,scr2000,effConv,heatpumpGroundSpace
RS,hh0101,6.339999996125698,scr2000,effConv,heatpumpGroundSpace
RS,hh0102,6.339999996125698,scr2000,effConv,heatpumpGroundSpace
RS,hh0103,6.320812048390508,scr2000,effConv,heatpumpGroundSpace
RS,hh0104,6.326954264193773,scr2000,effConv,heatpumpGroundSpace
RS,hh0105,6.339999996125698,scr2000,effConv,heatpumpGroundSpace
RS,hh0106,6.339999996125698,scr2000,effConv,heatpumpGroundSpace
RS,hh0107,6.339999996125698,scr2000,effConv,heatpumpGroundSpace
RS,hh0108,6.339999996125698,scr2000,effConv,heatpumpGroundSpace
RS,hh0109,6.339999996125698,scr2000,effConv,heatpumpGroundSpace
RS,hh0110,6.339999996125698,scr2000,effConv,heatpumpGroundSpace
RS,hh0111,6.339999996125698,scr2000,effConv,heatpumpGroundSpace
RS,hh0112,6.339999996125698,scr2000,effConv,heatpumpGroundSpace
RS,hh0113,6.339999996125698,scr2000,effConv,heatpumpGroundSpace
RS,hh0114,6.312334414571524,scr2000,effConv,heatpumpGroundSpace
RS,hh0115,6.286907171830535,scr2000,effConv,heatpumpGroundSpace
RS,hh0116,6.244162464514375,scr2000,effConv,heatpumpGroundSpace
RS,hh0117,6.292191671207547,scr2000,effConv,heatpumpGroundSpace
RS,hh0118,6.335400212556124,scr2000,effConv,heatpumpGroundSpace
RS,hh0119,6.336934143677354,scr2000,effConv,heatpumpGroundSpace
RS,hh0120,6.268986318260431,scr2000,effConv,heatpumpGroundSpace
RS,hh0121,6.288395451381803,scr2000,effConv,heatpumpGroundSpace
RS,hh0122,6.322346389293671,scr2000,effConv,heatpumpGroundSpace
RS,hh0123,6.339999996125698,scr2000,effConv,heatpumpGroundSpace
RS,hh0124,6.3254211358726025,scr2000,effConv,heatpumpGroundSpace
RS,hh0125,6.21339781396091,scr2000,effConv,heatpumpGroundSpace
RS,hh0126,5.63369550742209,scr2000,effConv,heatpumpGroundSpace
BA,hh0085,6.285095331088087,scr2000,effConv,heatpumpGroundSpace
BA,hh0086,6.320272307491905,scr2000,effConv,heatpumpGroundSpace
BA,hh0087,6.3399999999965075,scr2000,effConv,heatpumpGroundSpace
BA,hh0088,6.3399999999965075,scr2000,effConv,heatpumpGroundSpace
BA,hh0089,6.3399999999965075,scr2000,effConv,heatpumpGroundSpace
BA,hh0090,6.3399999999965075,scr2000,effConv,heatpumpGroundSpace
BA,hh0091,6.195946526360785,scr2000,effConv,heatpumpGroundSpace
BA,hh0092,6.211665793756765,scr2000,effConv,heatpumpGroundSpace
BA,hh0093,6.335625026120397,scr2000,effConv,heatpumpGroundSpace
BA,hh0094,6.3399999999965075,scr2000,effConv,heatpumpGroundSpace
BA,hh0095,6.3399999999965075,scr2000,effConv,heatpumpGroundSpace
BA,hh0096,6.3399999999965075,scr2000,effConv,heatpumpGroundSpace
BA,hh0097,6.3399999999965075,scr2000,effConv,heatpumpGroundSpace
BA,hh0098,6.3399999999965075,scr2000,effConv,heatpumpGroundSpace
BA,hh0099,6.3399999999965075,scr2000,effConv,heatpumpGroundSpace
BA,hh0100,6.3399999999965075,scr2000,effConv,heatpumpGroundSpace
BA,hh0101,6.3399999999965075,scr2000,effConv,heatpumpGroundSpace
BA,hh0102,6.3399999999965075,scr2000,effConv,heatpumpGroundSpace
BA,hh0103,6.314442895481989,scr2000,effConv,heatpumpGroundSpace
BA,hh0104,6.323943022016465,scr2000,effConv,heatpumpGroundSpace
BA,hh0105,6.3399999999965075,scr2000,effConv,heatpumpGroundSpace
BA,hh0106,6.3399999999965075,scr2000,effConv,heatpumpGroundSpace
BA,hh0107,6.3399999999965075,scr2000,effConv,heatpumpGroundSpace
BA,hh0108,6.3399999999965075,scr2000,effConv,heatpumpGroundSpace
BA,hh0109,6.3399999999965075,scr2000,effConv,heatpumpGroundSpace
BA,hh0110,6.3399999999965075,scr2000,effConv,heatpumpGroundSpace
BA,hh0111,6.3399999999965075,scr2000,effConv,heatpumpGroundSpace
BA,hh0112,6.3399999999965075,scr2000,effConv,heatpumpGroundSpace
BA,hh0113,6.3399999999965075,scr2000,effConv,heatpumpGroundSpace
BA,hh0114,6.32393838065218,scr2000,effConv,heatpumpGroundSpace
BA,hh0115,6.178023461885459,scr2000,effConv,heatpumpGroundSpace
BA,hh0116,6.116409880743959,scr2000,effConv,heatpumpGroundSpace
BA,hh0117,6.233059557214801,scr2000,effConv,heatpumpGroundSpace
BA,hh0118,6.335626945790864,scr2000,effConv,heatpumpGroundSpace
BA,hh0119,6.3399999999965075,scr2000,effConv,heatpumpGroundSpace
BA,hh0120,6.275358374445204,scr2000,effConv,heatpumpGroundSpace
BA,hh0121,6.282135393799763,scr2000,effConv,heatpumpGroundSpace
BA,hh0122,6.3239480318261485,scr2000,effConv,heatpumpGroundSpace
BA,hh0123,6.3399999999965075,scr2000,effConv,heatpumpGroundSpace
BA,hh0124,6.338543210564239,scr2000,effConv,heatpumpGroundSpace
BA,hh0125,6.184132632562978,scr2000,effConv,heatpumpGroundSpace
BA,hh0126,5.560732296287824,scr2000,effConv,heatpumpGroundSpace
AL,hh0085,6.29543265391059,scr2000,effConv,heatpumpGroundSpace
AL,hh0086,6.324089674586941,scr2000,effConv,heatpumpGroundSpace
AL,hh0087,6.34,scr2000,effConv,heatpumpGroundSpace
AL,hh0088,6.34,scr2000,effConv,heatpumpGroundSpace
AL,hh0089,6.34,scr2000,effConv,heatpumpGroundSpace
AL,hh0090,6.34,scr2000,effConv,heatpumpGroundSpace
AL,hh0091,6.112809690823755,scr2000,effConv,heatpumpGroundSpace
AL,hh0092,6.228273324943347,scr2000,effConv,heatpumpGroundSpace
AL,hh0093,6.338409781504724,scr2000,effConv,heatpumpGroundSpace
AL,hh0094,6.34,scr2000,effConv,heatpumpGroundSpace
AL,hh0095,6.34,scr2000,effConv,heatpumpGroundSpace
AL,hh0096,6.34,scr2000,effConv,heatpumpGroundSpace
AL,hh0097,6.34,scr2000,effConv,heatpumpGroundSpace
AL,hh0098,6.34,scr2000,effConv,heatpumpGroundSpace
AL,hh0099,6.34,scr2000,effConv,heatpumpGroundSpace
AL,hh0100,6.34,scr2000,effConv,heatpumpGroundSpace
AL,hh0101,6.34,scr2000,effConv,heatpumpGroundSpace
AL,hh0102,6.34,scr2000,effConv,heatpumpGroundSpace
AL,hh0103,6.34,scr2000,effConv,heatpumpGroundSpace
AL,hh0104,6.34,scr2000,effConv,heatpumpGroundSpace
AL,hh0105,6.34,scr2000,effConv,heatpumpGroundSpace
AL,hh0106,6.34,scr2000,effConv,heatpumpGroundSpace
AL,hh0107,6.34,scr2000,effConv,heatpumpGroundSpace
AL,hh0108,6.34,scr2000,effConv,heatpumpGroundSpace
AL,hh0109,6.34,scr2000,effConv,heatpumpGroundSpace
AL,hh0110,6.34,scr2000,effConv,heatpumpGroundSpace
AL,hh0111,6.34,scr2000,effConv,heatpumpGroundSpace
AL,hh0112,6.34,scr2000,effConv,heatpumpGroundSpace
AL,hh0113,6.34,scr2000,effConv,heatpumpGroundSpace
AL,hh0114,6.322500794499997,scr2000,effConv,heatpumpGroundSpace
AL,hh0115,6.281882572022569,scr2000,effConv,heatpumpGroundSpace
AL,hh0116,6.270699387756401,scr2000,effConv,heatpumpGroundSpace
AL,hh0117,6.308142910115794,scr2000,effConv,heatpumpGroundSpace
AL,hh0118,6.337614732883645,scr2000,effConv,heatpumpGroundSpace
AL,hh0119,6.336819441674001,scr2000,effConv,heatpumpGroundSpace
AL,hh0120,6.24589513037645,scr2000,effConv,heatpumpGroundSpace
AL,hh0121,6.1763818870382625,scr2000,effConv,heatpumpGroundSpace
AL,hh0122,6.237119196769868,scr2000,effConv,heatpumpGroundSpace
AL,hh0123,6.34,scr2000,effConv,heatpumpGroundSpace
AL,hh0124,6.329661698379954,scr2000,effConv,heatpumpGroundSpace
AL,hh0125,6.266678422250714,scr2000,effConv,heatpumpGroundSpace
AL,hh0126,5.820620913959284,scr2000,effConv,heatpumpGroundSpace
