region_4,timestep_6,value,scenario_1,parameter,technology_3
AT,h0337,0.3678036568409198,scr2011,avaStIn,bevFrtRoadLight
AT,h0338,0.38100501157978334,scr2011,avaStIn,bevFrtRoadLight
AT,h0339,0.42032176592981213,scr2011,avaStIn,bevFrtRoadLight
AT,h0340,0.4678707275631267,scr2011,avaStIn,bevFrtRoadLight
AT,h0341,0.49735170425311465,scr2011,avaStIn,bevFrtRoadLight
AT,h0342,0.49246620022282833,scr2011,avaStIn,bevFrtRoadLight
AT,h0343,0.46957643614972294,scr2011,avaStIn,bevFrtRoadLight
AT,h0344,0.44291495111013074,scr2011,avaStIn,bevFrtRoadLight
AT,h0345,0.43317780370144005,scr2011,avaStIn,bevFrtRoadLight
AT,h0346,0.4244403929737686,scr2011,avaStIn,bevFrtRoadLight
AT,h0347,0.39810902826774003,scr2011,avaStIn,bevFrtRoadLight
AT,h0348,0.35180500961733624,scr2011,avaStIn,bevFrtRoadLight
AT,h0349,0.30389998964037984,scr2011,avaStIn,bevFrtRoadLight
AT,h0350,0.27557726013127576,scr2011,avaStIn,bevFrtRoadLight
AT,h0351,0.28185139851797575,scr2011,avaStIn,bevFrtRoadLight
AT,h0352,0.3273885307468892,scr2011,avaStIn,bevFrtRoadLight
AT,h0353,0.3915946734624394,scr2011,avaStIn,bevFrtRoadLight
AT,h0354,0.46336564370545036,scr2011,avaStIn,bevFrtRoadLight
AT,h0355,0.527956642454245,scr2011,avaStIn,bevFrtRoadLight
AT,h0356,0.5755570526745453,scr2011,avaStIn,bevFrtRoadLight
AT,h0357,0.5975822668314505,scr2011,avaStIn,bevFrtRoadLight
AT,h0358,0.6006542847867082,scr2011,avaStIn,bevFrtRoadLight
AT,h0359,0.591186709414723,scr2011,avaStIn,bevFrtRoadLight
AT,h0360,0.5759821519560271,scr2011,avaStIn,bevFrtRoadLight
AT,h0361,0.5498241784401583,scr2011,avaStIn,bevFrtRoadLight
AT,h0362,0.5224639091238412,scr2011,avaStIn,bevFrtRoadLight
AT,h0363,0.49755075776430474,scr2011,avaStIn,bevFrtRoadLight
AT,h0364,0.47501810053413557,scr2011,avaStIn,bevFrtRoadLight
AT,h0365,0.45199901493300093,scr2011,avaStIn,bevFrtRoadLight
AT,h0366,0.4326171139765777,scr2011,avaStIn,bevFrtRoadLight
AT,h0367,0.42537184676479983,scr2011,avaStIn,bevFrtRoadLight
AT,h0368,0.4276648478494673,scr2011,avaStIn,bevFrtRoadLight
AT,h0369,0.43317780370144005,scr2011,avaStIn,bevFrtRoadLight
AT,h0370,0.4244403929737686,scr2011,avaStIn,bevFrtRoadLight
AT,h0371,0.39810902826774003,scr2011,avaStIn,bevFrtRoadLight
AT,h0372,0.35180500961733624,scr2011,avaStIn,bevFrtRoadLight
AT,h0373,0.30389998964037984,scr2011,avaStIn,bevFrtRoadLight
AT,h0374,0.27557726013127576,scr2011,avaStIn,bevFrtRoadLight
AT,h0375,0.28185139851797575,scr2011,avaStIn,bevFrtRoadLight
AT,h0376,0.3273885307468892,scr2011,avaStIn,bevFrtRoadLight
AT,h0377,0.3915946734624394,scr2011,avaStIn,bevFrtRoadLight
AT,h0378,0.46336564370545036,scr2011,avaStIn,bevFrtRoadLight
AT,h0379,0.526475609069496,scr2011,avaStIn,bevFrtRoadLight
AT,h0380,0.5778818879811951,scr2011,avaStIn,bevFrtRoadLight
AT,h0381,0.6070507011789035,scr2011,avaStIn,bevFrtRoadLight
AT,h0382,0.6079501872476674,scr2011,avaStIn,bevFrtRoadLight
AT,h0383,0.5849169235034561,scr2011,avaStIn,bevFrtRoadLight
AT,h0384,0.5483501020925658,scr2011,avaStIn,bevFrtRoadLight
AT,h0385,0.5254703461687369,scr2011,avaStIn,bevFrtRoadLight
AT,h0386,0.5081317932952782,scr2011,avaStIn,bevFrtRoadLight
AT,h0387,0.49755075776430474,scr2011,avaStIn,bevFrtRoadLight
AT,h0388,0.47501810053413557,scr2011,avaStIn,bevFrtRoadLight
AT,h0389,0.45199901493300093,scr2011,avaStIn,bevFrtRoadLight
AT,h0390,0.4326171139765777,scr2011,avaStIn,bevFrtRoadLight
AT,h0391,0.40793603108458326,scr2011,avaStIn,bevFrtRoadLight
AT,h0392,0.39786250383483696,scr2011,avaStIn,bevFrtRoadLight
AT,h0393,0.3995885000442824,scr2011,avaStIn,bevFrtRoadLight
AT,h0394,0.4101381139863069,scr2011,avaStIn,bevFrtRoadLight
AT,h0395,0.3993074674603108,scr2011,avaStIn,bevFrtRoadLight
AT,h0396,0.3567007734162259,scr2011,avaStIn,bevFrtRoadLight
AT,h0397,0.4041503392203238,scr2011,avaStIn,bevFrtRoadLight
AT,h0398,0.4476847573510618,scr2011,avaStIn,bevFrtRoadLight
AT,h0399,0.4955374531835875,scr2011,avaStIn,bevFrtRoadLight
AT,h0400,0.4542442586158291,scr2011,avaStIn,bevFrtRoadLight
AT,h0401,0.4212820877816386,scr2011,avaStIn,bevFrtRoadLight
AT,h0402,0.40349092388744084,scr2011,avaStIn,bevFrtRoadLight
AT,h0403,0.3880713815348768,scr2011,avaStIn,bevFrtRoadLight
AT,h0404,0.3753582116188942,scr2011,avaStIn,bevFrtRoadLight
AT,h0405,0.3507189311524727,scr2011,avaStIn,bevFrtRoadLight
AT,h0406,0.31190996289315026,scr2011,avaStIn,bevFrtRoadLight
AT,h0407,0.2678335745963705,scr2011,avaStIn,bevFrtRoadLight
AT,h0408,0.23523187451793154,scr2011,avaStIn,bevFrtRoadLight
AT,h0409,0.28048656175765735,scr2011,avaStIn,bevFrtRoadLight
AT,h0410,0.3425122697993718,scr2011,avaStIn,bevFrtRoadLight
AT,h0411,0.40712743601677065,scr2011,avaStIn,bevFrtRoadLight
AT,h0412,0.4268707928932293,scr2011,avaStIn,bevFrtRoadLight
AT,h0413,0.4378903855523765,scr2011,avaStIn,bevFrtRoadLight
AT,h0414,0.4543422498691934,scr2011,avaStIn,bevFrtRoadLight
AT,h0415,0.5176382610803405,scr2011,avaStIn,bevFrtRoadLight
AT,h0416,0.5849527839367337,scr2011,avaStIn,bevFrtRoadLight
AT,h0417,0.6407291256079393,scr2011,avaStIn,bevFrtRoadLight
AT,h0418,0.648916667,scr2011,avaStIn,bevFrtRoadLight
AT,h0419,0.6398287207412086,scr2011,avaStIn,bevFrtRoadLight
AT,h0420,0.615144421172021,scr2011,avaStIn,bevFrtRoadLight
AT,h0421,0.5791035442682768,scr2011,avaStIn,bevFrtRoadLight
AT,h0422,0.5374942054623928,scr2011,avaStIn,bevFrtRoadLight
AT,h0423,0.4955374531835875,scr2011,avaStIn,bevFrtRoadLight
AT,h0424,0.4542442586158291,scr2011,avaStIn,bevFrtRoadLight
AT,h0425,0.4212820877816386,scr2011,avaStIn,bevFrtRoadLight
AT,h0426,0.40349092388744084,scr2011,avaStIn,bevFrtRoadLight
AT,h0427,0.39580205446884725,scr2011,avaStIn,bevFrtRoadLight
AT,h0428,0.3906798200666239,scr2011,avaStIn,bevFrtRoadLight
AT,h0429,0.3773711612383875,scr2011,avaStIn,bevFrtRoadLight
AT,h0430,0.3461356730709699,scr2011,avaStIn,bevFrtRoadLight
AT,h0431,0.30875150341473084,scr2011,avaStIn,bevFrtRoadLight
AT,h0432,0.2787960842643315,scr2011,avaStIn,bevFrtRoadLight
AT,h0433,0.3071358468676361,scr2011,avaStIn,bevFrtRoadLight
AT,h0434,0.3550193798223838,scr2011,avaStIn,bevFrtRoadLight
AT,h0435,0.40712743601677065,scr2011,avaStIn,bevFrtRoadLight
AT,h0436,0.4268707928932293,scr2011,avaStIn,bevFrtRoadLight
AT,h0437,0.4378903855523765,scr2011,avaStIn,bevFrtRoadLight
AT,h0438,0.4543422498691934,scr2011,avaStIn,bevFrtRoadLight
AT,h0439,0.48587277215499686,scr2011,avaStIn,bevFrtRoadLight
AT,h0440,0.5291767067485698,scr2011,avaStIn,bevFrtRoadLight
AT,h0441,0.5695703515713371,scr2011,avaStIn,bevFrtRoadLight
AT,h0442,0.5969876037561683,scr2011,avaStIn,bevFrtRoadLight
AT,h0443,0.6074971913610454,scr2011,avaStIn,bevFrtRoadLight
AT,h0444,0.6000100054494701,scr2011,avaStIn,bevFrtRoadLight
AT,h0445,0.5749025389682099,scr2011,avaStIn,bevFrtRoadLight
AT,h0446,0.5380051395763279,scr2011,avaStIn,bevFrtRoadLight
AT,h0447,0.4955374531835875,scr2011,avaStIn,bevFrtRoadLight
AT,h0448,0.4542442586158291,scr2011,avaStIn,bevFrtRoadLight
AT,h0449,0.4212820877816386,scr2011,avaStIn,bevFrtRoadLight
AT,h0450,0.40349092388744084,scr2011,avaStIn,bevFrtRoadLight
AT,h0451,0.39580205446884725,scr2011,avaStIn,bevFrtRoadLight
AT,h0452,0.3906798200666239,scr2011,avaStIn,bevFrtRoadLight
AT,h0453,0.3773711612383875,scr2011,avaStIn,bevFrtRoadLight
AT,h0454,0.3461356730709699,scr2011,avaStIn,bevFrtRoadLight
AT,h0455,0.30875150341473084,scr2011,avaStIn,bevFrtRoadLight
AT,h0456,0.2787960842643315,scr2011,avaStIn,bevFrtRoadLight
AT,h0457,0.30375090267424804,scr2011,avaStIn,bevFrtRoadLight
AT,h0458,0.3330411984835136,scr2011,avaStIn,bevFrtRoadLight
AT,h0459,0.3629168834376801,scr2011,avaStIn,bevFrtRoadLight
AT,h0460,0.37094662163702835,scr2011,avaStIn,bevFrtRoadLight
AT,h0461,0.3990691513435753,scr2011,avaStIn,bevFrtRoadLight
AT,h0462,0.4431358704852784,scr2011,avaStIn,bevFrtRoadLight
AT,h0463,0.49456203496038703,scr2011,avaStIn,bevFrtRoadLight
AT,h0464,0.5399104862874597,scr2011,avaStIn,bevFrtRoadLight
AT,h0465,0.5721232857004457,scr2011,avaStIn,bevFrtRoadLight
AT,h0466,0.586730659153248,scr2011,avaStIn,bevFrtRoadLight
AT,h0467,0.5906659856205043,scr2011,avaStIn,bevFrtRoadLight
AT,h0468,0.5823669061077958,scr2011,avaStIn,bevFrtRoadLight
AT,h0469,0.5527330513011219,scr2011,avaStIn,bevFrtRoadLight
AT,h0470,0.5032590983182406,scr2011,avaStIn,bevFrtRoadLight
AT,h0471,0.4368359940619068,scr2011,avaStIn,bevFrtRoadLight
AT,h0472,0.37155562437412587,scr2011,avaStIn,bevFrtRoadLight
AT,h0473,0.31489452652740507,scr2011,avaStIn,bevFrtRoadLight
AT,h0474,0.2851222046948409,scr2011,avaStIn,bevFrtRoadLight
AT,h0475,0.3046863266974262,scr2011,avaStIn,bevFrtRoadLight
AT,h0476,0.3438174878466404,scr2011,avaStIn,bevFrtRoadLight
AT,h0477,0.39049635340354866,scr2011,avaStIn,bevFrtRoadLight
AT,h0478,0.406539379317612,scr2011,avaStIn,bevFrtRoadLight
AT,h0479,0.40895502615645823,scr2011,avaStIn,bevFrtRoadLight
AT,h0480,0.39420741365117734,scr2011,avaStIn,bevFrtRoadLight
AT,h0481,0.41810100737018757,scr2011,avaStIn,bevFrtRoadLight
AT,h0482,0.4423441034942934,scr2011,avaStIn,bevFrtRoadLight
AT,h0483,0.4658490823624793,scr2011,avaStIn,bevFrtRoadLight
AT,h0484,0.4575405809516427,scr2011,avaStIn,bevFrtRoadLight
AT,h0485,0.45673384350089713,scr2011,avaStIn,bevFrtRoadLight
AT,h0486,0.4707264947039714,scr2011,avaStIn,bevFrtRoadLight
AT,h0487,0.501755266224529,scr2011,avaStIn,bevFrtRoadLight
AT,h0488,0.5390652375194709,scr2011,avaStIn,bevFrtRoadLight
AT,h0489,0.5721232857004457,scr2011,avaStIn,bevFrtRoadLight
AT,h0490,0.586730659153248,scr2011,avaStIn,bevFrtRoadLight
AT,h0491,0.5906659856205043,scr2011,avaStIn,bevFrtRoadLight
AT,h0492,0.5823669061077958,scr2011,avaStIn,bevFrtRoadLight
AT,h0493,0.5527330513011219,scr2011,avaStIn,bevFrtRoadLight
AT,h0494,0.5032590983182406,scr2011,avaStIn,bevFrtRoadLight
AT,h0495,0.4368359940619068,scr2011,avaStIn,bevFrtRoadLight
AT,h0496,0.37155562437412587,scr2011,avaStIn,bevFrtRoadLight
AT,h0497,0.31489452652740507,scr2011,avaStIn,bevFrtRoadLight
AT,h0498,0.2851222046948409,scr2011,avaStIn,bevFrtRoadLight
AT,h0499,0.3046863266974262,scr2011,avaStIn,bevFrtRoadLight
AT,h0500,0.3438174878466404,scr2011,avaStIn,bevFrtRoadLight
AT,h0501,0.39049635340354866,scr2011,avaStIn,bevFrtRoadLight
AT,h0502,0.406539379317612,scr2011,avaStIn,bevFrtRoadLight
AT,h0503,0.40895502615645823,scr2011,avaStIn,bevFrtRoadLight
AT,h0504,0.39420741365117734,scr2011,avaStIn,bevFrtRoadLight
BE,h0337,0.3678036568409198,scr2011,avaStIn,bevFrtRoadLight
BE,h0338,0.38100501157978334,scr2011,avaStIn,bevFrtRoadLight
BE,h0339,0.42032176592981213,scr2011,avaStIn,bevFrtRoadLight
BE,h0340,0.4678707275631267,scr2011,avaStIn,bevFrtRoadLight
BE,h0341,0.49735170425311476,scr2011,avaStIn,bevFrtRoadLight
BE,h0342,0.49246620022282833,scr2011,avaStIn,bevFrtRoadLight
BE,h0343,0.46957643614972294,scr2011,avaStIn,bevFrtRoadLight
BE,h0344,0.44291495111013074,scr2011,avaStIn,bevFrtRoadLight
BE,h0345,0.43317780370144005,scr2011,avaStIn,bevFrtRoadLight
BE,h0346,0.4244403929737686,scr2011,avaStIn,bevFrtRoadLight
BE,h0347,0.39810902826774003,scr2011,avaStIn,bevFrtRoadLight
BE,h0348,0.351805009617336,scr2011,avaStIn,bevFrtRoadLight
BE,h0349,0.30389998964037984,scr2011,avaStIn,bevFrtRoadLight
BE,h0350,0.27557726013127576,scr2011,avaStIn,bevFrtRoadLight
BE,h0351,0.28185139851797575,scr2011,avaStIn,bevFrtRoadLight
BE,h0352,0.3273885307468892,scr2011,avaStIn,bevFrtRoadLight
BE,h0353,0.3915946734624394,scr2011,avaStIn,bevFrtRoadLight
BE,h0354,0.46336564370545036,scr2011,avaStIn,bevFrtRoadLight
BE,h0355,0.527956642454245,scr2011,avaStIn,bevFrtRoadLight
BE,h0356,0.5755570526745453,scr2011,avaStIn,bevFrtRoadLight
BE,h0357,0.5975822668314505,scr2011,avaStIn,bevFrtRoadLight
BE,h0358,0.6006542847867082,scr2011,avaStIn,bevFrtRoadLight
BE,h0359,0.591186709414723,scr2011,avaStIn,bevFrtRoadLight
BE,h0360,0.5759821519560271,scr2011,avaStIn,bevFrtRoadLight
BE,h0361,0.5498241784401583,scr2011,avaStIn,bevFrtRoadLight
BE,h0362,0.5224639091238412,scr2011,avaStIn,bevFrtRoadLight
BE,h0363,0.49755075776430474,scr2011,avaStIn,bevFrtRoadLight
BE,h0364,0.47501810053413557,scr2011,avaStIn,bevFrtRoadLight
BE,h0365,0.45199901493300093,scr2011,avaStIn,bevFrtRoadLight
BE,h0366,0.4326171139765777,scr2011,avaStIn,bevFrtRoadLight
BE,h0367,0.42537184676479983,scr2011,avaStIn,bevFrtRoadLight
BE,h0368,0.4276648478494673,scr2011,avaStIn,bevFrtRoadLight
BE,h0369,0.43317780370144005,scr2011,avaStIn,bevFrtRoadLight
BE,h0370,0.4244403929737686,scr2011,avaStIn,bevFrtRoadLight
BE,h0371,0.39810902826774003,scr2011,avaStIn,bevFrtRoadLight
BE,h0372,0.351805009617336,scr2011,avaStIn,bevFrtRoadLight
BE,h0373,0.30389998964037984,scr2011,avaStIn,bevFrtRoadLight
BE,h0374,0.27557726013127576,scr2011,avaStIn,bevFrtRoadLight
BE,h0375,0.28185139851797575,scr2011,avaStIn,bevFrtRoadLight
BE,h0376,0.3273885307468892,scr2011,avaStIn,bevFrtRoadLight
BE,h0377,0.3915946734624394,scr2011,avaStIn,bevFrtRoadLight
BE,h0378,0.46336564370545036,scr2011,avaStIn,bevFrtRoadLight
BE,h0379,0.526475609069496,scr2011,avaStIn,bevFrtRoadLight
BE,h0380,0.5778818879811951,scr2011,avaStIn,bevFrtRoadLight
BE,h0381,0.6070507011789035,scr2011,avaStIn,bevFrtRoadLight
BE,h0382,0.6079501872476674,scr2011,avaStIn,bevFrtRoadLight
BE,h0383,0.5849169235034561,scr2011,avaStIn,bevFrtRoadLight
BE,h0384,0.5483501020925658,scr2011,avaStIn,bevFrtRoadLight
BE,h0385,0.5254703461687369,scr2011,avaStIn,bevFrtRoadLight
BE,h0386,0.5081317932952782,scr2011,avaStIn,bevFrtRoadLight
BE,h0387,0.49755075776430474,scr2011,avaStIn,bevFrtRoadLight
BE,h0388,0.47501810053413557,scr2011,avaStIn,bevFrtRoadLight
BE,h0389,0.45199901493300093,scr2011,avaStIn,bevFrtRoadLight
BE,h0390,0.4326171139765777,scr2011,avaStIn,bevFrtRoadLight
BE,h0391,0.40793603108458326,scr2011,avaStIn,bevFrtRoadLight
BE,h0392,0.39786250383483696,scr2011,avaStIn,bevFrtRoadLight
BE,h0393,0.3995885000442824,scr2011,avaStIn,bevFrtRoadLight
BE,h0394,0.4101381139863069,scr2011,avaStIn,bevFrtRoadLight
BE,h0395,0.3993074674603107,scr2011,avaStIn,bevFrtRoadLight
BE,h0396,0.3567007734162259,scr2011,avaStIn,bevFrtRoadLight
BE,h0397,0.4041503392203238,scr2011,avaStIn,bevFrtRoadLight
BE,h0398,0.4476847573510618,scr2011,avaStIn,bevFrtRoadLight
BE,h0399,0.4955374531835875,scr2011,avaStIn,bevFrtRoadLight
BE,h0400,0.4542442586158291,scr2011,avaStIn,bevFrtRoadLight
BE,h0401,0.4212820877816386,scr2011,avaStIn,bevFrtRoadLight
BE,h0402,0.40349092388744084,scr2011,avaStIn,bevFrtRoadLight
BE,h0403,0.3880713815348768,scr2011,avaStIn,bevFrtRoadLight
BE,h0404,0.3753582116188943,scr2011,avaStIn,bevFrtRoadLight
BE,h0405,0.3507189311524727,scr2011,avaStIn,bevFrtRoadLight
BE,h0406,0.31190996289315026,scr2011,avaStIn,bevFrtRoadLight
BE,h0407,0.2678335745963705,scr2011,avaStIn,bevFrtRoadLight
BE,h0408,0.23523187451793154,scr2011,avaStIn,bevFrtRoadLight
BE,h0409,0.28048656175765735,scr2011,avaStIn,bevFrtRoadLight
BE,h0410,0.3425122697993718,scr2011,avaStIn,bevFrtRoadLight
BE,h0411,0.40712743601677065,scr2011,avaStIn,bevFrtRoadLight
BE,h0412,0.4268707928932293,scr2011,avaStIn,bevFrtRoadLight
BE,h0413,0.4378903855523765,scr2011,avaStIn,bevFrtRoadLight
BE,h0414,0.4543422498691934,scr2011,avaStIn,bevFrtRoadLight
BE,h0415,0.5176382610803405,scr2011,avaStIn,bevFrtRoadLight
BE,h0416,0.5849527839367337,scr2011,avaStIn,bevFrtRoadLight
BE,h0417,0.6407291256079393,scr2011,avaStIn,bevFrtRoadLight
BE,h0418,0.648916667,scr2011,avaStIn,bevFrtRoadLight
BE,h0419,0.6398287207412086,scr2011,avaStIn,bevFrtRoadLight
BE,h0420,0.615144421172021,scr2011,avaStIn,bevFrtRoadLight
BE,h0421,0.5791035442682768,scr2011,avaStIn,bevFrtRoadLight
BE,h0422,0.5374942054623928,scr2011,avaStIn,bevFrtRoadLight
BE,h0423,0.4955374531835875,scr2011,avaStIn,bevFrtRoadLight
BE,h0424,0.4542442586158291,scr2011,avaStIn,bevFrtRoadLight
BE,h0425,0.4212820877816386,scr2011,avaStIn,bevFrtRoadLight
BE,h0426,0.40349092388744084,scr2011,avaStIn,bevFrtRoadLight
BE,h0427,0.39580205446884725,scr2011,avaStIn,bevFrtRoadLight
BE,h0428,0.3906798200666239,scr2011,avaStIn,bevFrtRoadLight
BE,h0429,0.3773711612383875,scr2011,avaStIn,bevFrtRoadLight
BE,h0430,0.3461356730709699,scr2011,avaStIn,bevFrtRoadLight
BE,h0431,0.30875150341473095,scr2011,avaStIn,bevFrtRoadLight
BE,h0432,0.2787960842643315,scr2011,avaStIn,bevFrtRoadLight
BE,h0433,0.3071358468676361,scr2011,avaStIn,bevFrtRoadLight
BE,h0434,0.3550193798223838,scr2011,avaStIn,bevFrtRoadLight
BE,h0435,0.40712743601677065,scr2011,avaStIn,bevFrtRoadLight
BE,h0436,0.4268707928932293,scr2011,avaStIn,bevFrtRoadLight
BE,h0437,0.4378903855523765,scr2011,avaStIn,bevFrtRoadLight
BE,h0438,0.4543422498691934,scr2011,avaStIn,bevFrtRoadLight
BE,h0439,0.48587277215499686,scr2011,avaStIn,bevFrtRoadLight
BE,h0440,0.5291767067485698,scr2011,avaStIn,bevFrtRoadLight
BE,h0441,0.5695703515713371,scr2011,avaStIn,bevFrtRoadLight
BE,h0442,0.5969876037561683,scr2011,avaStIn,bevFrtRoadLight
BE,h0443,0.6074971913610454,scr2011,avaStIn,bevFrtRoadLight
BE,h0444,0.6000100054494701,scr2011,avaStIn,bevFrtRoadLight
BE,h0445,0.5749025389682099,scr2011,avaStIn,bevFrtRoadLight
BE,h0446,0.5380051395763279,scr2011,avaStIn,bevFrtRoadLight
BE,h0447,0.4955374531835875,scr2011,avaStIn,bevFrtRoadLight
BE,h0448,0.4542442586158291,scr2011,avaStIn,bevFrtRoadLight
BE,h0449,0.4212820877816386,scr2011,avaStIn,bevFrtRoadLight
BE,h0450,0.40349092388744084,scr2011,avaStIn,bevFrtRoadLight
BE,h0451,0.39580205446884725,scr2011,avaStIn,bevFrtRoadLight
BE,h0452,0.3906798200666239,scr2011,avaStIn,bevFrtRoadLight
BE,h0453,0.3773711612383875,scr2011,avaStIn,bevFrtRoadLight
BE,h0454,0.3461356730709699,scr2011,avaStIn,bevFrtRoadLight
BE,h0455,0.30875150341473095,scr2011,avaStIn,bevFrtRoadLight
BE,h0456,0.2787960842643315,scr2011,avaStIn,bevFrtRoadLight
BE,h0457,0.30375090267424804,scr2011,avaStIn,bevFrtRoadLight
BE,h0458,0.3330411984835136,scr2011,avaStIn,bevFrtRoadLight
BE,h0459,0.3629168834376801,scr2011,avaStIn,bevFrtRoadLight
BE,h0460,0.37094662163702835,scr2011,avaStIn,bevFrtRoadLight
BE,h0461,0.3990691513435753,scr2011,avaStIn,bevFrtRoadLight
BE,h0462,0.4431358704852784,scr2011,avaStIn,bevFrtRoadLight
BE,h0463,0.49456203496038703,scr2011,avaStIn,bevFrtRoadLight
BE,h0464,0.5399104862874597,scr2011,avaStIn,bevFrtRoadLight
BE,h0465,0.5721232857004457,scr2011,avaStIn,bevFrtRoadLight
BE,h0466,0.586730659153248,scr2011,avaStIn,bevFrtRoadLight
BE,h0467,0.5906659856205043,scr2011,avaStIn,bevFrtRoadLight
BE,h0468,0.5823669061077958,scr2011,avaStIn,bevFrtRoadLight
BE,h0469,0.5527330513011219,scr2011,avaStIn,bevFrtRoadLight
BE,h0470,0.5032590983182406,scr2011,avaStIn,bevFrtRoadLight
BE,h0471,0.4368359940619068,scr2011,avaStIn,bevFrtRoadLight
BE,h0472,0.37155562437412587,scr2011,avaStIn,bevFrtRoadLight
BE,h0473,0.31489452652740507,scr2011,avaStIn,bevFrtRoadLight
BE,h0474,0.2851222046948409,scr2011,avaStIn,bevFrtRoadLight
BE,h0475,0.3046863266974262,scr2011,avaStIn,bevFrtRoadLight
BE,h0476,0.3438174878466404,scr2011,avaStIn,bevFrtRoadLight
BE,h0477,0.39049635340354866,scr2011,avaStIn,bevFrtRoadLight
BE,h0478,0.406539379317612,scr2011,avaStIn,bevFrtRoadLight
BE,h0479,0.40895502615645823,scr2011,avaStIn,bevFrtRoadLight
BE,h0480,0.39420741365117734,scr2011,avaStIn,bevFrtRoadLight
BE,h0481,0.41810100737018757,scr2011,avaStIn,bevFrtRoadLight
BE,h0482,0.4423441034942934,scr2011,avaStIn,bevFrtRoadLight
BE,h0483,0.4658490823624793,scr2011,avaStIn,bevFrtRoadLight
BE,h0484,0.4575405809516427,scr2011,avaStIn,bevFrtRoadLight
BE,h0485,0.45673384350089713,scr2011,avaStIn,bevFrtRoadLight
BE,h0486,0.4707264947039714,scr2011,avaStIn,bevFrtRoadLight
BE,h0487,0.501755266224529,scr2011,avaStIn,bevFrtRoadLight
BE,h0488,0.5390652375194709,scr2011,avaStIn,bevFrtRoadLight
BE,h0489,0.5721232857004457,scr2011,avaStIn,bevFrtRoadLight
BE,h0490,0.586730659153248,scr2011,avaStIn,bevFrtRoadLight
BE,h0491,0.5906659856205043,scr2011,avaStIn,bevFrtRoadLight
BE,h0492,0.5823669061077958,scr2011,avaStIn,bevFrtRoadLight
BE,h0493,0.5527330513011219,scr2011,avaStIn,bevFrtRoadLight
BE,h0494,0.5032590983182406,scr2011,avaStIn,bevFrtRoadLight
BE,h0495,0.4368359940619068,scr2011,avaStIn,bevFrtRoadLight
BE,h0496,0.37155562437412587,scr2011,avaStIn,bevFrtRoadLight
BE,h0497,0.31489452652740507,scr2011,avaStIn,bevFrtRoadLight
BE,h0498,0.2851222046948409,scr2011,avaStIn,bevFrtRoadLight
BE,h0499,0.3046863266974262,scr2011,avaStIn,bevFrtRoadLight
BE,h0500,0.3438174878466404,scr2011,avaStIn,bevFrtRoadLight
BE,h0501,0.39049635340354866,scr2011,avaStIn,bevFrtRoadLight
BE,h0502,0.406539379317612,scr2011,avaStIn,bevFrtRoadLight
BE,h0503,0.40895502615645823,scr2011,avaStIn,bevFrtRoadLight
BE,h0504,0.39420741365117734,scr2011,avaStIn,bevFrtRoadLight
BG,h0337,0.3678036568409198,scr2011,avaStIn,bevFrtRoadLight
BG,h0338,0.38100501157978334,scr2011,avaStIn,bevFrtRoadLight
BG,h0339,0.42032176592981213,scr2011,avaStIn,bevFrtRoadLight
BG,h0340,0.4678707275631267,scr2011,avaStIn,bevFrtRoadLight
BG,h0341,0.49735170425311476,scr2011,avaStIn,bevFrtRoadLight
BG,h0342,0.49246620022282833,scr2011,avaStIn,bevFrtRoadLight
BG,h0343,0.46957643614972294,scr2011,avaStIn,bevFrtRoadLight
BG,h0344,0.44291495111013074,scr2011,avaStIn,bevFrtRoadLight
BG,h0345,0.43317780370144005,scr2011,avaStIn,bevFrtRoadLight
BG,h0346,0.4244403929737686,scr2011,avaStIn,bevFrtRoadLight
BG,h0347,0.39810902826774003,scr2011,avaStIn,bevFrtRoadLight
BG,h0348,0.351805009617336,scr2011,avaStIn,bevFrtRoadLight
BG,h0349,0.30389998964037984,scr2011,avaStIn,bevFrtRoadLight
BG,h0350,0.27557726013127576,scr2011,avaStIn,bevFrtRoadLight
BG,h0351,0.28185139851797575,scr2011,avaStIn,bevFrtRoadLight
BG,h0352,0.3273885307468892,scr2011,avaStIn,bevFrtRoadLight
BG,h0353,0.3915946734624394,scr2011,avaStIn,bevFrtRoadLight
BG,h0354,0.46336564370545036,scr2011,avaStIn,bevFrtRoadLight
BG,h0355,0.527956642454245,scr2011,avaStIn,bevFrtRoadLight
BG,h0356,0.5755570526745453,scr2011,avaStIn,bevFrtRoadLight
BG,h0357,0.5975822668314505,scr2011,avaStIn,bevFrtRoadLight
BG,h0358,0.6006542847867082,scr2011,avaStIn,bevFrtRoadLight
BG,h0359,0.591186709414723,scr2011,avaStIn,bevFrtRoadLight
BG,h0360,0.5759821519560271,scr2011,avaStIn,bevFrtRoadLight
BG,h0361,0.5498241784401583,scr2011,avaStIn,bevFrtRoadLight
BG,h0362,0.5224639091238412,scr2011,avaStIn,bevFrtRoadLight
BG,h0363,0.49755075776430474,scr2011,avaStIn,bevFrtRoadLight
BG,h0364,0.47501810053413557,scr2011,avaStIn,bevFrtRoadLight
BG,h0365,0.45199901493300093,scr2011,avaStIn,bevFrtRoadLight
BG,h0366,0.4326171139765777,scr2011,avaStIn,bevFrtRoadLight
BG,h0367,0.42537184676479983,scr2011,avaStIn,bevFrtRoadLight
BG,h0368,0.4276648478494673,scr2011,avaStIn,bevFrtRoadLight
BG,h0369,0.43317780370144005,scr2011,avaStIn,bevFrtRoadLight
BG,h0370,0.4244403929737686,scr2011,avaStIn,bevFrtRoadLight
BG,h0371,0.39810902826774003,scr2011,avaStIn,bevFrtRoadLight
BG,h0372,0.351805009617336,scr2011,avaStIn,bevFrtRoadLight
BG,h0373,0.30389998964037984,scr2011,avaStIn,bevFrtRoadLight
BG,h0374,0.27557726013127576,scr2011,avaStIn,bevFrtRoadLight
BG,h0375,0.28185139851797575,scr2011,avaStIn,bevFrtRoadLight
BG,h0376,0.3273885307468892,scr2011,avaStIn,bevFrtRoadLight
BG,h0377,0.3915946734624394,scr2011,avaStIn,bevFrtRoadLight
BG,h0378,0.46336564370545036,scr2011,avaStIn,bevFrtRoadLight
BG,h0379,0.526475609069496,scr2011,avaStIn,bevFrtRoadLight
BG,h0380,0.5778818879811951,scr2011,avaStIn,bevFrtRoadLight
BG,h0381,0.6070507011789035,scr2011,avaStIn,bevFrtRoadLight
BG,h0382,0.6079501872476674,scr2011,avaStIn,bevFrtRoadLight
BG,h0383,0.5849169235034561,scr2011,avaStIn,bevFrtRoadLight
BG,h0384,0.5483501020925658,scr2011,avaStIn,bevFrtRoadLight
BG,h0385,0.5254703461687369,scr2011,avaStIn,bevFrtRoadLight
BG,h0386,0.5081317932952782,scr2011,avaStIn,bevFrtRoadLight
BG,h0387,0.49755075776430474,scr2011,avaStIn,bevFrtRoadLight
BG,h0388,0.47501810053413557,scr2011,avaStIn,bevFrtRoadLight
BG,h0389,0.45199901493300093,scr2011,avaStIn,bevFrtRoadLight
BG,h0390,0.4326171139765777,scr2011,avaStIn,bevFrtRoadLight
BG,h0391,0.40793603108458326,scr2011,avaStIn,bevFrtRoadLight
BG,h0392,0.39786250383483696,scr2011,avaStIn,bevFrtRoadLight
BG,h0393,0.3995885000442824,scr2011,avaStIn,bevFrtRoadLight
BG,h0394,0.4101381139863069,scr2011,avaStIn,bevFrtRoadLight
BG,h0395,0.3993074674603107,scr2011,avaStIn,bevFrtRoadLight
BG,h0396,0.3567007734162259,scr2011,avaStIn,bevFrtRoadLight
BG,h0397,0.4041503392203238,scr2011,avaStIn,bevFrtRoadLight
BG,h0398,0.4476847573510618,scr2011,avaStIn,bevFrtRoadLight
BG,h0399,0.4955374531835875,scr2011,avaStIn,bevFrtRoadLight
BG,h0400,0.4542442586158291,scr2011,avaStIn,bevFrtRoadLight
BG,h0401,0.4212820877816386,scr2011,avaStIn,bevFrtRoadLight
BG,h0402,0.40349092388744084,scr2011,avaStIn,bevFrtRoadLight
BG,h0403,0.3880713815348768,scr2011,avaStIn,bevFrtRoadLight
BG,h0404,0.3753582116188943,scr2011,avaStIn,bevFrtRoadLight
BG,h0405,0.3507189311524727,scr2011,avaStIn,bevFrtRoadLight
BG,h0406,0.31190996289315026,scr2011,avaStIn,bevFrtRoadLight
BG,h0407,0.2678335745963705,scr2011,avaStIn,bevFrtRoadLight
BG,h0408,0.23523187451793154,scr2011,avaStIn,bevFrtRoadLight
BG,h0409,0.28048656175765735,scr2011,avaStIn,bevFrtRoadLight
BG,h0410,0.3425122697993718,scr2011,avaStIn,bevFrtRoadLight
BG,h0411,0.40712743601677065,scr2011,avaStIn,bevFrtRoadLight
BG,h0412,0.4268707928932293,scr2011,avaStIn,bevFrtRoadLight
BG,h0413,0.4378903855523765,scr2011,avaStIn,bevFrtRoadLight
BG,h0414,0.4543422498691934,scr2011,avaStIn,bevFrtRoadLight
BG,h0415,0.5176382610803405,scr2011,avaStIn,bevFrtRoadLight
BG,h0416,0.5849527839367337,scr2011,avaStIn,bevFrtRoadLight
BG,h0417,0.6407291256079393,scr2011,avaStIn,bevFrtRoadLight
BG,h0418,0.648916667,scr2011,avaStIn,bevFrtRoadLight
BG,h0419,0.6398287207412086,scr2011,avaStIn,bevFrtRoadLight
BG,h0420,0.615144421172021,scr2011,avaStIn,bevFrtRoadLight
BG,h0421,0.5791035442682768,scr2011,avaStIn,bevFrtRoadLight
BG,h0422,0.5374942054623928,scr2011,avaStIn,bevFrtRoadLight
BG,h0423,0.4955374531835875,scr2011,avaStIn,bevFrtRoadLight
BG,h0424,0.4542442586158291,scr2011,avaStIn,bevFrtRoadLight
BG,h0425,0.4212820877816386,scr2011,avaStIn,bevFrtRoadLight
BG,h0426,0.40349092388744084,scr2011,avaStIn,bevFrtRoadLight
BG,h0427,0.39580205446884725,scr2011,avaStIn,bevFrtRoadLight
BG,h0428,0.3906798200666239,scr2011,avaStIn,bevFrtRoadLight
BG,h0429,0.3773711612383875,scr2011,avaStIn,bevFrtRoadLight
BG,h0430,0.3461356730709699,scr2011,avaStIn,bevFrtRoadLight
BG,h0431,0.30875150341473095,scr2011,avaStIn,bevFrtRoadLight
BG,h0432,0.2787960842643315,scr2011,avaStIn,bevFrtRoadLight
BG,h0433,0.3071358468676361,scr2011,avaStIn,bevFrtRoadLight
BG,h0434,0.3550193798223838,scr2011,avaStIn,bevFrtRoadLight
BG,h0435,0.40712743601677065,scr2011,avaStIn,bevFrtRoadLight
BG,h0436,0.4268707928932293,scr2011,avaStIn,bevFrtRoadLight
BG,h0437,0.4378903855523765,scr2011,avaStIn,bevFrtRoadLight
BG,h0438,0.4543422498691934,scr2011,avaStIn,bevFrtRoadLight
BG,h0439,0.48587277215499686,scr2011,avaStIn,bevFrtRoadLight
BG,h0440,0.5291767067485698,scr2011,avaStIn,bevFrtRoadLight
BG,h0441,0.5695703515713371,scr2011,avaStIn,bevFrtRoadLight
BG,h0442,0.5969876037561683,scr2011,avaStIn,bevFrtRoadLight
BG,h0443,0.6074971913610454,scr2011,avaStIn,bevFrtRoadLight
BG,h0444,0.6000100054494701,scr2011,avaStIn,bevFrtRoadLight
BG,h0445,0.5749025389682099,scr2011,avaStIn,bevFrtRoadLight
BG,h0446,0.5380051395763279,scr2011,avaStIn,bevFrtRoadLight
BG,h0447,0.4955374531835875,scr2011,avaStIn,bevFrtRoadLight
BG,h0448,0.4542442586158291,scr2011,avaStIn,bevFrtRoadLight
BG,h0449,0.4212820877816386,scr2011,avaStIn,bevFrtRoadLight
BG,h0450,0.40349092388744084,scr2011,avaStIn,bevFrtRoadLight
BG,h0451,0.39580205446884725,scr2011,avaStIn,bevFrtRoadLight
BG,h0452,0.3906798200666239,scr2011,avaStIn,bevFrtRoadLight
BG,h0453,0.3773711612383875,scr2011,avaStIn,bevFrtRoadLight
BG,h0454,0.3461356730709699,scr2011,avaStIn,bevFrtRoadLight
BG,h0455,0.30875150341473095,scr2011,avaStIn,bevFrtRoadLight
BG,h0456,0.2787960842643315,scr2011,avaStIn,bevFrtRoadLight
BG,h0457,0.30375090267424804,scr2011,avaStIn,bevFrtRoadLight
BG,h0458,0.3330411984835136,scr2011,avaStIn,bevFrtRoadLight
BG,h0459,0.3629168834376801,scr2011,avaStIn,bevFrtRoadLight
BG,h0460,0.37094662163702835,scr2011,avaStIn,bevFrtRoadLight
BG,h0461,0.3990691513435753,scr2011,avaStIn,bevFrtRoadLight
BG,h0462,0.4431358704852784,scr2011,avaStIn,bevFrtRoadLight
BG,h0463,0.49456203496038703,scr2011,avaStIn,bevFrtRoadLight
BG,h0464,0.5399104862874597,scr2011,avaStIn,bevFrtRoadLight
BG,h0465,0.5721232857004457,scr2011,avaStIn,bevFrtRoadLight
BG,h0466,0.586730659153248,scr2011,avaStIn,bevFrtRoadLight
BG,h0467,0.5906659856205043,scr2011,avaStIn,bevFrtRoadLight
BG,h0468,0.5823669061077958,scr2011,avaStIn,bevFrtRoadLight
BG,h0469,0.5527330513011219,scr2011,avaStIn,bevFrtRoadLight
BG,h0470,0.5032590983182406,scr2011,avaStIn,bevFrtRoadLight
BG,h0471,0.4368359940619068,scr2011,avaStIn,bevFrtRoadLight
BG,h0472,0.37155562437412587,scr2011,avaStIn,bevFrtRoadLight
BG,h0473,0.31489452652740507,scr2011,avaStIn,bevFrtRoadLight
BG,h0474,0.2851222046948409,scr2011,avaStIn,bevFrtRoadLight
BG,h0475,0.3046863266974262,scr2011,avaStIn,bevFrtRoadLight
BG,h0476,0.3438174878466404,scr2011,avaStIn,bevFrtRoadLight
BG,h0477,0.39049635340354866,scr2011,avaStIn,bevFrtRoadLight
BG,h0478,0.406539379317612,scr2011,avaStIn,bevFrtRoadLight
BG,h0479,0.40895502615645823,scr2011,avaStIn,bevFrtRoadLight
BG,h0480,0.39420741365117734,scr2011,avaStIn,bevFrtRoadLight
BG,h0481,0.41810100737018757,scr2011,avaStIn,bevFrtRoadLight
BG,h0482,0.4423441034942934,scr2011,avaStIn,bevFrtRoadLight
BG,h0483,0.4658490823624793,scr2011,avaStIn,bevFrtRoadLight
BG,h0484,0.4575405809516427,scr2011,avaStIn,bevFrtRoadLight
BG,h0485,0.45673384350089713,scr2011,avaStIn,bevFrtRoadLight
BG,h0486,0.4707264947039714,scr2011,avaStIn,bevFrtRoadLight
BG,h0487,0.501755266224529,scr2011,avaStIn,bevFrtRoadLight
BG,h0488,0.5390652375194709,scr2011,avaStIn,bevFrtRoadLight
BG,h0489,0.5721232857004457,scr2011,avaStIn,bevFrtRoadLight
BG,h0490,0.586730659153248,scr2011,avaStIn,bevFrtRoadLight
BG,h0491,0.5906659856205043,scr2011,avaStIn,bevFrtRoadLight
BG,h0492,0.5823669061077958,scr2011,avaStIn,bevFrtRoadLight
BG,h0493,0.5527330513011219,scr2011,avaStIn,bevFrtRoadLight
BG,h0494,0.5032590983182406,scr2011,avaStIn,bevFrtRoadLight
BG,h0495,0.4368359940619068,scr2011,avaStIn,bevFrtRoadLight
BG,h0496,0.37155562437412587,scr2011,avaStIn,bevFrtRoadLight
BG,h0497,0.31489452652740507,scr2011,avaStIn,bevFrtRoadLight
BG,h0498,0.2851222046948409,scr2011,avaStIn,bevFrtRoadLight
BG,h0499,0.3046863266974262,scr2011,avaStIn,bevFrtRoadLight
BG,h0500,0.3438174878466404,scr2011,avaStIn,bevFrtRoadLight
BG,h0501,0.39049635340354866,scr2011,avaStIn,bevFrtRoadLight
BG,h0502,0.406539379317612,scr2011,avaStIn,bevFrtRoadLight
BG,h0503,0.40895502615645823,scr2011,avaStIn,bevFrtRoadLight
BG,h0504,0.39420741365117734,scr2011,avaStIn,bevFrtRoadLight
CH,h0337,0.3678036568409198,scr2011,avaStIn,bevFrtRoadLight
CH,h0338,0.38100501157978334,scr2011,avaStIn,bevFrtRoadLight
CH,h0339,0.42032176592981213,scr2011,avaStIn,bevFrtRoadLight
CH,h0340,0.4678707275631267,scr2011,avaStIn,bevFrtRoadLight
CH,h0341,0.49735170425311476,scr2011,avaStIn,bevFrtRoadLight
CH,h0342,0.49246620022282833,scr2011,avaStIn,bevFrtRoadLight
CH,h0343,0.46957643614972294,scr2011,avaStIn,bevFrtRoadLight
CH,h0344,0.44291495111013074,scr2011,avaStIn,bevFrtRoadLight
CH,h0345,0.43317780370144005,scr2011,avaStIn,bevFrtRoadLight
CH,h0346,0.4244403929737686,scr2011,avaStIn,bevFrtRoadLight
CH,h0347,0.39810902826774003,scr2011,avaStIn,bevFrtRoadLight
CH,h0348,0.351805009617336,scr2011,avaStIn,bevFrtRoadLight
CH,h0349,0.30389998964037984,scr2011,avaStIn,bevFrtRoadLight
CH,h0350,0.27557726013127576,scr2011,avaStIn,bevFrtRoadLight
CH,h0351,0.28185139851797575,scr2011,avaStIn,bevFrtRoadLight
CH,h0352,0.3273885307468892,scr2011,avaStIn,bevFrtRoadLight
CH,h0353,0.3915946734624394,scr2011,avaStIn,bevFrtRoadLight
CH,h0354,0.46336564370545036,scr2011,avaStIn,bevFrtRoadLight
CH,h0355,0.527956642454245,scr2011,avaStIn,bevFrtRoadLight
CH,h0356,0.5755570526745453,scr2011,avaStIn,bevFrtRoadLight
CH,h0357,0.5975822668314505,scr2011,avaStIn,bevFrtRoadLight
CH,h0358,0.6006542847867082,scr2011,avaStIn,bevFrtRoadLight
CH,h0359,0.591186709414723,scr2011,avaStIn,bevFrtRoadLight
CH,h0360,0.5759821519560271,scr2011,avaStIn,bevFrtRoadLight
CH,h0361,0.5498241784401583,scr2011,avaStIn,bevFrtRoadLight
CH,h0362,0.5224639091238412,scr2011,avaStIn,bevFrtRoadLight
CH,h0363,0.49755075776430474,scr2011,avaStIn,bevFrtRoadLight
CH,h0364,0.47501810053413557,scr2011,avaStIn,bevFrtRoadLight
CH,h0365,0.45199901493300093,scr2011,avaStIn,bevFrtRoadLight
CH,h0366,0.4326171139765777,scr2011,avaStIn,bevFrtRoadLight
CH,h0367,0.42537184676479983,scr2011,avaStIn,bevFrtRoadLight
CH,h0368,0.4276648478494673,scr2011,avaStIn,bevFrtRoadLight
CH,h0369,0.43317780370144005,scr2011,avaStIn,bevFrtRoadLight
CH,h0370,0.4244403929737686,scr2011,avaStIn,bevFrtRoadLight
CH,h0371,0.39810902826774003,scr2011,avaStIn,bevFrtRoadLight
CH,h0372,0.351805009617336,scr2011,avaStIn,bevFrtRoadLight
CH,h0373,0.30389998964037984,scr2011,avaStIn,bevFrtRoadLight
CH,h0374,0.27557726013127576,scr2011,avaStIn,bevFrtRoadLight
CH,h0375,0.28185139851797575,scr2011,avaStIn,bevFrtRoadLight
CH,h0376,0.3273885307468892,scr2011,avaStIn,bevFrtRoadLight
CH,h0377,0.3915946734624394,scr2011,avaStIn,bevFrtRoadLight
CH,h0378,0.46336564370545036,scr2011,avaStIn,bevFrtRoadLight
CH,h0379,0.526475609069496,scr2011,avaStIn,bevFrtRoadLight
CH,h0380,0.5778818879811951,scr2011,avaStIn,bevFrtRoadLight
CH,h0381,0.6070507011789035,scr2011,avaStIn,bevFrtRoadLight
CH,h0382,0.6079501872476674,scr2011,avaStIn,bevFrtRoadLight
CH,h0383,0.5849169235034561,scr2011,avaStIn,bevFrtRoadLight
CH,h0384,0.5483501020925658,scr2011,avaStIn,bevFrtRoadLight
CH,h0385,0.5254703461687369,scr2011,avaStIn,bevFrtRoadLight
CH,h0386,0.5081317932952782,scr2011,avaStIn,bevFrtRoadLight
CH,h0387,0.49755075776430474,scr2011,avaStIn,bevFrtRoadLight
CH,h0388,0.47501810053413557,scr2011,avaStIn,bevFrtRoadLight
CH,h0389,0.45199901493300093,scr2011,avaStIn,bevFrtRoadLight
CH,h0390,0.4326171139765777,scr2011,avaStIn,bevFrtRoadLight
CH,h0391,0.40793603108458326,scr2011,avaStIn,bevFrtRoadLight
CH,h0392,0.39786250383483696,scr2011,avaStIn,bevFrtRoadLight
CH,h0393,0.3995885000442824,scr2011,avaStIn,bevFrtRoadLight
CH,h0394,0.4101381139863069,scr2011,avaStIn,bevFrtRoadLight
CH,h0395,0.3993074674603107,scr2011,avaStIn,bevFrtRoadLight
CH,h0396,0.3567007734162259,scr2011,avaStIn,bevFrtRoadLight
CH,h0397,0.4041503392203238,scr2011,avaStIn,bevFrtRoadLight
CH,h0398,0.4476847573510618,scr2011,avaStIn,bevFrtRoadLight
CH,h0399,0.4955374531835875,scr2011,avaStIn,bevFrtRoadLight
CH,h0400,0.4542442586158291,scr2011,avaStIn,bevFrtRoadLight
CH,h0401,0.4212820877816386,scr2011,avaStIn,bevFrtRoadLight
CH,h0402,0.40349092388744084,scr2011,avaStIn,bevFrtRoadLight
CH,h0403,0.3880713815348768,scr2011,avaStIn,bevFrtRoadLight
CH,h0404,0.3753582116188943,scr2011,avaStIn,bevFrtRoadLight
CH,h0405,0.3507189311524727,scr2011,avaStIn,bevFrtRoadLight
CH,h0406,0.31190996289315026,scr2011,avaStIn,bevFrtRoadLight
CH,h0407,0.2678335745963705,scr2011,avaStIn,bevFrtRoadLight
CH,h0408,0.23523187451793154,scr2011,avaStIn,bevFrtRoadLight
CH,h0409,0.28048656175765735,scr2011,avaStIn,bevFrtRoadLight
CH,h0410,0.3425122697993718,scr2011,avaStIn,bevFrtRoadLight
CH,h0411,0.40712743601677065,scr2011,avaStIn,bevFrtRoadLight
CH,h0412,0.4268707928932293,scr2011,avaStIn,bevFrtRoadLight
CH,h0413,0.4378903855523765,scr2011,avaStIn,bevFrtRoadLight
CH,h0414,0.4543422498691934,scr2011,avaStIn,bevFrtRoadLight
CH,h0415,0.5176382610803405,scr2011,avaStIn,bevFrtRoadLight
CH,h0416,0.5849527839367337,scr2011,avaStIn,bevFrtRoadLight
CH,h0417,0.6407291256079393,scr2011,avaStIn,bevFrtRoadLight
CH,h0418,0.648916667,scr2011,avaStIn,bevFrtRoadLight
CH,h0419,0.6398287207412086,scr2011,avaStIn,bevFrtRoadLight
CH,h0420,0.615144421172021,scr2011,avaStIn,bevFrtRoadLight
CH,h0421,0.5791035442682768,scr2011,avaStIn,bevFrtRoadLight
CH,h0422,0.5374942054623928,scr2011,avaStIn,bevFrtRoadLight
CH,h0423,0.4955374531835875,scr2011,avaStIn,bevFrtRoadLight
CH,h0424,0.4542442586158291,scr2011,avaStIn,bevFrtRoadLight
CH,h0425,0.4212820877816386,scr2011,avaStIn,bevFrtRoadLight
CH,h0426,0.40349092388744084,scr2011,avaStIn,bevFrtRoadLight
CH,h0427,0.39580205446884725,scr2011,avaStIn,bevFrtRoadLight
CH,h0428,0.3906798200666239,scr2011,avaStIn,bevFrtRoadLight
CH,h0429,0.3773711612383875,scr2011,avaStIn,bevFrtRoadLight
CH,h0430,0.3461356730709699,scr2011,avaStIn,bevFrtRoadLight
CH,h0431,0.30875150341473095,scr2011,avaStIn,bevFrtRoadLight
CH,h0432,0.2787960842643315,scr2011,avaStIn,bevFrtRoadLight
CH,h0433,0.3071358468676361,scr2011,avaStIn,bevFrtRoadLight
CH,h0434,0.3550193798223838,scr2011,avaStIn,bevFrtRoadLight
CH,h0435,0.40712743601677065,scr2011,avaStIn,bevFrtRoadLight
CH,h0436,0.4268707928932293,scr2011,avaStIn,bevFrtRoadLight
CH,h0437,0.4378903855523765,scr2011,avaStIn,bevFrtRoadLight
CH,h0438,0.4543422498691934,scr2011,avaStIn,bevFrtRoadLight
CH,h0439,0.48587277215499686,scr2011,avaStIn,bevFrtRoadLight
CH,h0440,0.5291767067485698,scr2011,avaStIn,bevFrtRoadLight
CH,h0441,0.5695703515713371,scr2011,avaStIn,bevFrtRoadLight
CH,h0442,0.5969876037561683,scr2011,avaStIn,bevFrtRoadLight
CH,h0443,0.6074971913610454,scr2011,avaStIn,bevFrtRoadLight
CH,h0444,0.6000100054494701,scr2011,avaStIn,bevFrtRoadLight
CH,h0445,0.5749025389682099,scr2011,avaStIn,bevFrtRoadLight
CH,h0446,0.5380051395763279,scr2011,avaStIn,bevFrtRoadLight
CH,h0447,0.4955374531835875,scr2011,avaStIn,bevFrtRoadLight
CH,h0448,0.4542442586158291,scr2011,avaStIn,bevFrtRoadLight
CH,h0449,0.4212820877816386,scr2011,avaStIn,bevFrtRoadLight
CH,h0450,0.40349092388744084,scr2011,avaStIn,bevFrtRoadLight
CH,h0451,0.39580205446884725,scr2011,avaStIn,bevFrtRoadLight
CH,h0452,0.3906798200666239,scr2011,avaStIn,bevFrtRoadLight
CH,h0453,0.3773711612383875,scr2011,avaStIn,bevFrtRoadLight
CH,h0454,0.3461356730709699,scr2011,avaStIn,bevFrtRoadLight
CH,h0455,0.30875150341473095,scr2011,avaStIn,bevFrtRoadLight
CH,h0456,0.2787960842643315,scr2011,avaStIn,bevFrtRoadLight
CH,h0457,0.30375090267424804,scr2011,avaStIn,bevFrtRoadLight
CH,h0458,0.3330411984835136,scr2011,avaStIn,bevFrtRoadLight
CH,h0459,0.3629168834376801,scr2011,avaStIn,bevFrtRoadLight
CH,h0460,0.37094662163702835,scr2011,avaStIn,bevFrtRoadLight
CH,h0461,0.3990691513435753,scr2011,avaStIn,bevFrtRoadLight
CH,h0462,0.4431358704852784,scr2011,avaStIn,bevFrtRoadLight
CH,h0463,0.49456203496038703,scr2011,avaStIn,bevFrtRoadLight
CH,h0464,0.5399104862874597,scr2011,avaStIn,bevFrtRoadLight
CH,h0465,0.5721232857004457,scr2011,avaStIn,bevFrtRoadLight
CH,h0466,0.586730659153248,scr2011,avaStIn,bevFrtRoadLight
CH,h0467,0.5906659856205043,scr2011,avaStIn,bevFrtRoadLight
CH,h0468,0.5823669061077958,scr2011,avaStIn,bevFrtRoadLight
CH,h0469,0.5527330513011219,scr2011,avaStIn,bevFrtRoadLight
CH,h0470,0.5032590983182406,scr2011,avaStIn,bevFrtRoadLight
CH,h0471,0.4368359940619068,scr2011,avaStIn,bevFrtRoadLight
CH,h0472,0.37155562437412587,scr2011,avaStIn,bevFrtRoadLight
CH,h0473,0.31489452652740507,scr2011,avaStIn,bevFrtRoadLight
CH,h0474,0.2851222046948409,scr2011,avaStIn,bevFrtRoadLight
CH,h0475,0.3046863266974262,scr2011,avaStIn,bevFrtRoadLight
CH,h0476,0.3438174878466404,scr2011,avaStIn,bevFrtRoadLight
CH,h0477,0.39049635340354866,scr2011,avaStIn,bevFrtRoadLight
CH,h0478,0.406539379317612,scr2011,avaStIn,bevFrtRoadLight
CH,h0479,0.40895502615645823,scr2011,avaStIn,bevFrtRoadLight
CH,h0480,0.39420741365117734,scr2011,avaStIn,bevFrtRoadLight
CH,h0481,0.41810100737018757,scr2011,avaStIn,bevFrtRoadLight
CH,h0482,0.4423441034942934,scr2011,avaStIn,bevFrtRoadLight
CH,h0483,0.4658490823624793,scr2011,avaStIn,bevFrtRoadLight
CH,h0484,0.4575405809516427,scr2011,avaStIn,bevFrtRoadLight
CH,h0485,0.45673384350089713,scr2011,avaStIn,bevFrtRoadLight
CH,h0486,0.4707264947039714,scr2011,avaStIn,bevFrtRoadLight
CH,h0487,0.501755266224529,scr2011,avaStIn,bevFrtRoadLight
CH,h0488,0.5390652375194709,scr2011,avaStIn,bevFrtRoadLight
CH,h0489,0.5721232857004457,scr2011,avaStIn,bevFrtRoadLight
CH,h0490,0.586730659153248,scr2011,avaStIn,bevFrtRoadLight
CH,h0491,0.5906659856205043,scr2011,avaStIn,bevFrtRoadLight
CH,h0492,0.5823669061077958,scr2011,avaStIn,bevFrtRoadLight
CH,h0493,0.5527330513011219,scr2011,avaStIn,bevFrtRoadLight
CH,h0494,0.5032590983182406,scr2011,avaStIn,bevFrtRoadLight
CH,h0495,0.4368359940619068,scr2011,avaStIn,bevFrtRoadLight
CH,h0496,0.37155562437412587,scr2011,avaStIn,bevFrtRoadLight
CH,h0497,0.31489452652740507,scr2011,avaStIn,bevFrtRoadLight
CH,h0498,0.2851222046948409,scr2011,avaStIn,bevFrtRoadLight
CH,h0499,0.3046863266974262,scr2011,avaStIn,bevFrtRoadLight
CH,h0500,0.3438174878466404,scr2011,avaStIn,bevFrtRoadLight
CH,h0501,0.39049635340354866,scr2011,avaStIn,bevFrtRoadLight
CH,h0502,0.406539379317612,scr2011,avaStIn,bevFrtRoadLight
CH,h0503,0.40895502615645823,scr2011,avaStIn,bevFrtRoadLight
CH,h0504,0.39420741365117734,scr2011,avaStIn,bevFrtRoadLight
CZ,h0337,0.3678036568409198,scr2011,avaStIn,bevFrtRoadLight
CZ,h0338,0.38100501157978334,scr2011,avaStIn,bevFrtRoadLight
CZ,h0339,0.42032176592981213,scr2011,avaStIn,bevFrtRoadLight
CZ,h0340,0.4678707275631267,scr2011,avaStIn,bevFrtRoadLight
CZ,h0341,0.49735170425311476,scr2011,avaStIn,bevFrtRoadLight
CZ,h0342,0.49246620022282833,scr2011,avaStIn,bevFrtRoadLight
CZ,h0343,0.46957643614972294,scr2011,avaStIn,bevFrtRoadLight
CZ,h0344,0.44291495111013074,scr2011,avaStIn,bevFrtRoadLight
CZ,h0345,0.43317780370144005,scr2011,avaStIn,bevFrtRoadLight
CZ,h0346,0.4244403929737686,scr2011,avaStIn,bevFrtRoadLight
CZ,h0347,0.39810902826774003,scr2011,avaStIn,bevFrtRoadLight
CZ,h0348,0.351805009617336,scr2011,avaStIn,bevFrtRoadLight
CZ,h0349,0.30389998964037984,scr2011,avaStIn,bevFrtRoadLight
CZ,h0350,0.27557726013127576,scr2011,avaStIn,bevFrtRoadLight
CZ,h0351,0.28185139851797575,scr2011,avaStIn,bevFrtRoadLight
CZ,h0352,0.3273885307468892,scr2011,avaStIn,bevFrtRoadLight
CZ,h0353,0.3915946734624394,scr2011,avaStIn,bevFrtRoadLight
CZ,h0354,0.46336564370545036,scr2011,avaStIn,bevFrtRoadLight
CZ,h0355,0.527956642454245,scr2011,avaStIn,bevFrtRoadLight
CZ,h0356,0.5755570526745453,scr2011,avaStIn,bevFrtRoadLight
CZ,h0357,0.5975822668314505,scr2011,avaStIn,bevFrtRoadLight
CZ,h0358,0.6006542847867082,scr2011,avaStIn,bevFrtRoadLight
CZ,h0359,0.591186709414723,scr2011,avaStIn,bevFrtRoadLight
CZ,h0360,0.5759821519560271,scr2011,avaStIn,bevFrtRoadLight
CZ,h0361,0.5498241784401583,scr2011,avaStIn,bevFrtRoadLight
CZ,h0362,0.5224639091238412,scr2011,avaStIn,bevFrtRoadLight
CZ,h0363,0.49755075776430474,scr2011,avaStIn,bevFrtRoadLight
CZ,h0364,0.47501810053413557,scr2011,avaStIn,bevFrtRoadLight
CZ,h0365,0.45199901493300093,scr2011,avaStIn,bevFrtRoadLight
CZ,h0366,0.4326171139765777,scr2011,avaStIn,bevFrtRoadLight
CZ,h0367,0.42537184676479983,scr2011,avaStIn,bevFrtRoadLight
CZ,h0368,0.4276648478494673,scr2011,avaStIn,bevFrtRoadLight
CZ,h0369,0.43317780370144005,scr2011,avaStIn,bevFrtRoadLight
CZ,h0370,0.4244403929737686,scr2011,avaStIn,bevFrtRoadLight
CZ,h0371,0.39810902826774003,scr2011,avaStIn,bevFrtRoadLight
CZ,h0372,0.351805009617336,scr2011,avaStIn,bevFrtRoadLight
CZ,h0373,0.30389998964037984,scr2011,avaStIn,bevFrtRoadLight
CZ,h0374,0.27557726013127576,scr2011,avaStIn,bevFrtRoadLight
CZ,h0375,0.28185139851797575,scr2011,avaStIn,bevFrtRoadLight
CZ,h0376,0.3273885307468892,scr2011,avaStIn,bevFrtRoadLight
CZ,h0377,0.3915946734624394,scr2011,avaStIn,bevFrtRoadLight
CZ,h0378,0.46336564370545036,scr2011,avaStIn,bevFrtRoadLight
CZ,h0379,0.526475609069496,scr2011,avaStIn,bevFrtRoadLight
CZ,h0380,0.5778818879811951,scr2011,avaStIn,bevFrtRoadLight
CZ,h0381,0.6070507011789035,scr2011,avaStIn,bevFrtRoadLight
CZ,h0382,0.6079501872476674,scr2011,avaStIn,bevFrtRoadLight
CZ,h0383,0.5849169235034561,scr2011,avaStIn,bevFrtRoadLight
CZ,h0384,0.5483501020925658,scr2011,avaStIn,bevFrtRoadLight
CZ,h0385,0.5254703461687369,scr2011,avaStIn,bevFrtRoadLight
CZ,h0386,0.5081317932952782,scr2011,avaStIn,bevFrtRoadLight
CZ,h0387,0.49755075776430474,scr2011,avaStIn,bevFrtRoadLight
CZ,h0388,0.47501810053413557,scr2011,avaStIn,bevFrtRoadLight
CZ,h0389,0.45199901493300093,scr2011,avaStIn,bevFrtRoadLight
CZ,h0390,0.4326171139765777,scr2011,avaStIn,bevFrtRoadLight
CZ,h0391,0.40793603108458326,scr2011,avaStIn,bevFrtRoadLight
CZ,h0392,0.39786250383483696,scr2011,avaStIn,bevFrtRoadLight
CZ,h0393,0.3995885000442824,scr2011,avaStIn,bevFrtRoadLight
CZ,h0394,0.4101381139863069,scr2011,avaStIn,bevFrtRoadLight
CZ,h0395,0.3993074674603107,scr2011,avaStIn,bevFrtRoadLight
CZ,h0396,0.3567007734162259,scr2011,avaStIn,bevFrtRoadLight
CZ,h0397,0.4041503392203238,scr2011,avaStIn,bevFrtRoadLight
CZ,h0398,0.4476847573510618,scr2011,avaStIn,bevFrtRoadLight
CZ,h0399,0.4955374531835875,scr2011,avaStIn,bevFrtRoadLight
CZ,h0400,0.4542442586158291,scr2011,avaStIn,bevFrtRoadLight
CZ,h0401,0.4212820877816386,scr2011,avaStIn,bevFrtRoadLight
CZ,h0402,0.40349092388744084,scr2011,avaStIn,bevFrtRoadLight
CZ,h0403,0.3880713815348768,scr2011,avaStIn,bevFrtRoadLight
CZ,h0404,0.3753582116188943,scr2011,avaStIn,bevFrtRoadLight
CZ,h0405,0.3507189311524727,scr2011,avaStIn,bevFrtRoadLight
CZ,h0406,0.31190996289315026,scr2011,avaStIn,bevFrtRoadLight
CZ,h0407,0.2678335745963705,scr2011,avaStIn,bevFrtRoadLight
CZ,h0408,0.23523187451793154,scr2011,avaStIn,bevFrtRoadLight
CZ,h0409,0.28048656175765735,scr2011,avaStIn,bevFrtRoadLight
CZ,h0410,0.3425122697993718,scr2011,avaStIn,bevFrtRoadLight
CZ,h0411,0.40712743601677065,scr2011,avaStIn,bevFrtRoadLight
CZ,h0412,0.4268707928932293,scr2011,avaStIn,bevFrtRoadLight
CZ,h0413,0.4378903855523765,scr2011,avaStIn,bevFrtRoadLight
CZ,h0414,0.4543422498691934,scr2011,avaStIn,bevFrtRoadLight
CZ,h0415,0.5176382610803405,scr2011,avaStIn,bevFrtRoadLight
CZ,h0416,0.5849527839367337,scr2011,avaStIn,bevFrtRoadLight
CZ,h0417,0.6407291256079393,scr2011,avaStIn,bevFrtRoadLight
CZ,h0418,0.648916667,scr2011,avaStIn,bevFrtRoadLight
CZ,h0419,0.6398287207412086,scr2011,avaStIn,bevFrtRoadLight
CZ,h0420,0.615144421172021,scr2011,avaStIn,bevFrtRoadLight
CZ,h0421,0.5791035442682768,scr2011,avaStIn,bevFrtRoadLight
CZ,h0422,0.5374942054623928,scr2011,avaStIn,bevFrtRoadLight
CZ,h0423,0.4955374531835875,scr2011,avaStIn,bevFrtRoadLight
CZ,h0424,0.4542442586158291,scr2011,avaStIn,bevFrtRoadLight
CZ,h0425,0.4212820877816386,scr2011,avaStIn,bevFrtRoadLight
CZ,h0426,0.40349092388744084,scr2011,avaStIn,bevFrtRoadLight
CZ,h0427,0.39580205446884725,scr2011,avaStIn,bevFrtRoadLight
CZ,h0428,0.3906798200666239,scr2011,avaStIn,bevFrtRoadLight
CZ,h0429,0.3773711612383875,scr2011,avaStIn,bevFrtRoadLight
CZ,h0430,0.3461356730709699,scr2011,avaStIn,bevFrtRoadLight
CZ,h0431,0.30875150341473095,scr2011,avaStIn,bevFrtRoadLight
CZ,h0432,0.2787960842643315,scr2011,avaStIn,bevFrtRoadLight
CZ,h0433,0.3071358468676361,scr2011,avaStIn,bevFrtRoadLight
CZ,h0434,0.3550193798223838,scr2011,avaStIn,bevFrtRoadLight
CZ,h0435,0.40712743601677065,scr2011,avaStIn,bevFrtRoadLight
CZ,h0436,0.4268707928932293,scr2011,avaStIn,bevFrtRoadLight
CZ,h0437,0.4378903855523765,scr2011,avaStIn,bevFrtRoadLight
CZ,h0438,0.4543422498691934,scr2011,avaStIn,bevFrtRoadLight
CZ,h0439,0.48587277215499686,scr2011,avaStIn,bevFrtRoadLight
CZ,h0440,0.5291767067485698,scr2011,avaStIn,bevFrtRoadLight
CZ,h0441,0.5695703515713371,scr2011,avaStIn,bevFrtRoadLight
CZ,h0442,0.5969876037561683,scr2011,avaStIn,bevFrtRoadLight
CZ,h0443,0.6074971913610454,scr2011,avaStIn,bevFrtRoadLight
CZ,h0444,0.6000100054494701,scr2011,avaStIn,bevFrtRoadLight
CZ,h0445,0.5749025389682099,scr2011,avaStIn,bevFrtRoadLight
CZ,h0446,0.5380051395763279,scr2011,avaStIn,bevFrtRoadLight
CZ,h0447,0.4955374531835875,scr2011,avaStIn,bevFrtRoadLight
CZ,h0448,0.4542442586158291,scr2011,avaStIn,bevFrtRoadLight
CZ,h0449,0.4212820877816386,scr2011,avaStIn,bevFrtRoadLight
CZ,h0450,0.40349092388744084,scr2011,avaStIn,bevFrtRoadLight
CZ,h0451,0.39580205446884725,scr2011,avaStIn,bevFrtRoadLight
CZ,h0452,0.3906798200666239,scr2011,avaStIn,bevFrtRoadLight
CZ,h0453,0.3773711612383875,scr2011,avaStIn,bevFrtRoadLight
CZ,h0454,0.3461356730709699,scr2011,avaStIn,bevFrtRoadLight
CZ,h0455,0.30875150341473095,scr2011,avaStIn,bevFrtRoadLight
CZ,h0456,0.2787960842643315,scr2011,avaStIn,bevFrtRoadLight
CZ,h0457,0.30375090267424804,scr2011,avaStIn,bevFrtRoadLight
CZ,h0458,0.3330411984835136,scr2011,avaStIn,bevFrtRoadLight
CZ,h0459,0.3629168834376801,scr2011,avaStIn,bevFrtRoadLight
CZ,h0460,0.37094662163702835,scr2011,avaStIn,bevFrtRoadLight
CZ,h0461,0.3990691513435753,scr2011,avaStIn,bevFrtRoadLight
CZ,h0462,0.4431358704852784,scr2011,avaStIn,bevFrtRoadLight
CZ,h0463,0.49456203496038703,scr2011,avaStIn,bevFrtRoadLight
CZ,h0464,0.5399104862874597,scr2011,avaStIn,bevFrtRoadLight
CZ,h0465,0.5721232857004457,scr2011,avaStIn,bevFrtRoadLight
CZ,h0466,0.586730659153248,scr2011,avaStIn,bevFrtRoadLight
CZ,h0467,0.5906659856205043,scr2011,avaStIn,bevFrtRoadLight
CZ,h0468,0.5823669061077958,scr2011,avaStIn,bevFrtRoadLight
CZ,h0469,0.5527330513011219,scr2011,avaStIn,bevFrtRoadLight
CZ,h0470,0.5032590983182406,scr2011,avaStIn,bevFrtRoadLight
CZ,h0471,0.4368359940619068,scr2011,avaStIn,bevFrtRoadLight
CZ,h0472,0.37155562437412587,scr2011,avaStIn,bevFrtRoadLight
CZ,h0473,0.31489452652740507,scr2011,avaStIn,bevFrtRoadLight
CZ,h0474,0.2851222046948409,scr2011,avaStIn,bevFrtRoadLight
CZ,h0475,0.3046863266974262,scr2011,avaStIn,bevFrtRoadLight
CZ,h0476,0.3438174878466404,scr2011,avaStIn,bevFrtRoadLight
CZ,h0477,0.39049635340354866,scr2011,avaStIn,bevFrtRoadLight
CZ,h0478,0.406539379317612,scr2011,avaStIn,bevFrtRoadLight
CZ,h0479,0.40895502615645823,scr2011,avaStIn,bevFrtRoadLight
CZ,h0480,0.39420741365117734,scr2011,avaStIn,bevFrtRoadLight
CZ,h0481,0.41810100737018757,scr2011,avaStIn,bevFrtRoadLight
CZ,h0482,0.4423441034942934,scr2011,avaStIn,bevFrtRoadLight
CZ,h0483,0.4658490823624793,scr2011,avaStIn,bevFrtRoadLight
CZ,h0484,0.4575405809516427,scr2011,avaStIn,bevFrtRoadLight
CZ,h0485,0.45673384350089713,scr2011,avaStIn,bevFrtRoadLight
CZ,h0486,0.4707264947039714,scr2011,avaStIn,bevFrtRoadLight
CZ,h0487,0.501755266224529,scr2011,avaStIn,bevFrtRoadLight
CZ,h0488,0.5390652375194709,scr2011,avaStIn,bevFrtRoadLight
CZ,h0489,0.5721232857004457,scr2011,avaStIn,bevFrtRoadLight
CZ,h0490,0.586730659153248,scr2011,avaStIn,bevFrtRoadLight
CZ,h0491,0.5906659856205043,scr2011,avaStIn,bevFrtRoadLight
CZ,h0492,0.5823669061077958,scr2011,avaStIn,bevFrtRoadLight
CZ,h0493,0.5527330513011219,scr2011,avaStIn,bevFrtRoadLight
CZ,h0494,0.5032590983182406,scr2011,avaStIn,bevFrtRoadLight
CZ,h0495,0.4368359940619068,scr2011,avaStIn,bevFrtRoadLight
CZ,h0496,0.37155562437412587,scr2011,avaStIn,bevFrtRoadLight
CZ,h0497,0.31489452652740507,scr2011,avaStIn,bevFrtRoadLight
CZ,h0498,0.2851222046948409,scr2011,avaStIn,bevFrtRoadLight
CZ,h0499,0.3046863266974262,scr2011,avaStIn,bevFrtRoadLight
CZ,h0500,0.3438174878466404,scr2011,avaStIn,bevFrtRoadLight
CZ,h0501,0.39049635340354866,scr2011,avaStIn,bevFrtRoadLight
CZ,h0502,0.406539379317612,scr2011,avaStIn,bevFrtRoadLight
CZ,h0503,0.40895502615645823,scr2011,avaStIn,bevFrtRoadLight
CZ,h0504,0.39420741365117734,scr2011,avaStIn,bevFrtRoadLight
DE,h0337,0.36780365684091976,scr2011,avaStIn,bevFrtRoadLight
DE,h0338,0.3810050115797833,scr2011,avaStIn,bevFrtRoadLight
DE,h0339,0.4203217659298122,scr2011,avaStIn,bevFrtRoadLight
DE,h0340,0.46787072756312675,scr2011,avaStIn,bevFrtRoadLight
DE,h0341,0.4973517042531148,scr2011,avaStIn,bevFrtRoadLight
DE,h0342,0.4924662002228283,scr2011,avaStIn,bevFrtRoadLight
DE,h0343,0.4695764361497229,scr2011,avaStIn,bevFrtRoadLight
DE,h0344,0.4429149511101307,scr2011,avaStIn,bevFrtRoadLight
DE,h0345,0.43317780370144,scr2011,avaStIn,bevFrtRoadLight
DE,h0346,0.42444039297376845,scr2011,avaStIn,bevFrtRoadLight
DE,h0347,0.39810902826774,scr2011,avaStIn,bevFrtRoadLight
DE,h0348,0.35180500961733596,scr2011,avaStIn,bevFrtRoadLight
DE,h0349,0.3038999896403798,scr2011,avaStIn,bevFrtRoadLight
DE,h0350,0.2755772601312757,scr2011,avaStIn,bevFrtRoadLight
DE,h0351,0.2818513985179757,scr2011,avaStIn,bevFrtRoadLight
DE,h0352,0.3273885307468891,scr2011,avaStIn,bevFrtRoadLight
DE,h0353,0.39159467346243937,scr2011,avaStIn,bevFrtRoadLight
DE,h0354,0.4633656437054503,scr2011,avaStIn,bevFrtRoadLight
DE,h0355,0.5279566424542449,scr2011,avaStIn,bevFrtRoadLight
DE,h0356,0.5755570526745453,scr2011,avaStIn,bevFrtRoadLight
DE,h0357,0.5975822668314504,scr2011,avaStIn,bevFrtRoadLight
DE,h0358,0.6006542847867081,scr2011,avaStIn,bevFrtRoadLight
DE,h0359,0.5911867094147228,scr2011,avaStIn,bevFrtRoadLight
DE,h0360,0.5759821519560271,scr2011,avaStIn,bevFrtRoadLight
DE,h0361,0.5498241784401583,scr2011,avaStIn,bevFrtRoadLight
DE,h0362,0.5224639091238412,scr2011,avaStIn,bevFrtRoadLight
DE,h0363,0.4975507577643047,scr2011,avaStIn,bevFrtRoadLight
DE,h0364,0.4750181005341354,scr2011,avaStIn,bevFrtRoadLight
DE,h0365,0.45199901493300076,scr2011,avaStIn,bevFrtRoadLight
DE,h0366,0.43261711397657765,scr2011,avaStIn,bevFrtRoadLight
DE,h0367,0.4253718467647998,scr2011,avaStIn,bevFrtRoadLight
DE,h0368,0.42766484784946723,scr2011,avaStIn,bevFrtRoadLight
DE,h0369,0.43317780370144,scr2011,avaStIn,bevFrtRoadLight
DE,h0370,0.42444039297376845,scr2011,avaStIn,bevFrtRoadLight
DE,h0371,0.39810902826774,scr2011,avaStIn,bevFrtRoadLight
DE,h0372,0.35180500961733596,scr2011,avaStIn,bevFrtRoadLight
DE,h0373,0.3038999896403798,scr2011,avaStIn,bevFrtRoadLight
DE,h0374,0.2755772601312757,scr2011,avaStIn,bevFrtRoadLight
DE,h0375,0.2818513985179757,scr2011,avaStIn,bevFrtRoadLight
DE,h0376,0.3273885307468891,scr2011,avaStIn,bevFrtRoadLight
DE,h0377,0.39159467346243937,scr2011,avaStIn,bevFrtRoadLight
DE,h0378,0.4633656437054503,scr2011,avaStIn,bevFrtRoadLight
DE,h0379,0.5264756090694959,scr2011,avaStIn,bevFrtRoadLight
DE,h0380,0.5778818879811952,scr2011,avaStIn,bevFrtRoadLight
DE,h0381,0.6070507011789035,scr2011,avaStIn,bevFrtRoadLight
DE,h0382,0.6079501872476676,scr2011,avaStIn,bevFrtRoadLight
DE,h0383,0.584916923503456,scr2011,avaStIn,bevFrtRoadLight
DE,h0384,0.5483501020925657,scr2011,avaStIn,bevFrtRoadLight
DE,h0385,0.5254703461687369,scr2011,avaStIn,bevFrtRoadLight
DE,h0386,0.5081317932952782,scr2011,avaStIn,bevFrtRoadLight
DE,h0387,0.4975507577643047,scr2011,avaStIn,bevFrtRoadLight
DE,h0388,0.4750181005341354,scr2011,avaStIn,bevFrtRoadLight
DE,h0389,0.45199901493300076,scr2011,avaStIn,bevFrtRoadLight
DE,h0390,0.43261711397657765,scr2011,avaStIn,bevFrtRoadLight
DE,h0391,0.4079360310845832,scr2011,avaStIn,bevFrtRoadLight
DE,h0392,0.3978625038348369,scr2011,avaStIn,bevFrtRoadLight
DE,h0393,0.39958850004428226,scr2011,avaStIn,bevFrtRoadLight
DE,h0394,0.41013811398630684,scr2011,avaStIn,bevFrtRoadLight
DE,h0395,0.39930746746031065,scr2011,avaStIn,bevFrtRoadLight
DE,h0396,0.35670077341622586,scr2011,avaStIn,bevFrtRoadLight
DE,h0397,0.40415033922032373,scr2011,avaStIn,bevFrtRoadLight
DE,h0398,0.4476847573510617,scr2011,avaStIn,bevFrtRoadLight
DE,h0399,0.49553745318358744,scr2011,avaStIn,bevFrtRoadLight
DE,h0400,0.45424425861582907,scr2011,avaStIn,bevFrtRoadLight
DE,h0401,0.42128208778163845,scr2011,avaStIn,bevFrtRoadLight
DE,h0402,0.4034909238874408,scr2011,avaStIn,bevFrtRoadLight
DE,h0403,0.38807138153487675,scr2011,avaStIn,bevFrtRoadLight
DE,h0404,0.37535821161889427,scr2011,avaStIn,bevFrtRoadLight
DE,h0405,0.35071893115247266,scr2011,avaStIn,bevFrtRoadLight
DE,h0406,0.3119099628931502,scr2011,avaStIn,bevFrtRoadLight
DE,h0407,0.26783357459637047,scr2011,avaStIn,bevFrtRoadLight
DE,h0408,0.23523187451793148,scr2011,avaStIn,bevFrtRoadLight
DE,h0409,0.2804865617576573,scr2011,avaStIn,bevFrtRoadLight
DE,h0410,0.34251226979937177,scr2011,avaStIn,bevFrtRoadLight
DE,h0411,0.4071274360167706,scr2011,avaStIn,bevFrtRoadLight
DE,h0412,0.42687079289322927,scr2011,avaStIn,bevFrtRoadLight
DE,h0413,0.43789038555237647,scr2011,avaStIn,bevFrtRoadLight
DE,h0414,0.45434224986919336,scr2011,avaStIn,bevFrtRoadLight
DE,h0415,0.5176382610803405,scr2011,avaStIn,bevFrtRoadLight
DE,h0416,0.5849527839367336,scr2011,avaStIn,bevFrtRoadLight
DE,h0417,0.6407291256079394,scr2011,avaStIn,bevFrtRoadLight
DE,h0418,0.648916667,scr2011,avaStIn,bevFrtRoadLight
DE,h0419,0.6398287207412084,scr2011,avaStIn,bevFrtRoadLight
DE,h0420,0.6151444211720208,scr2011,avaStIn,bevFrtRoadLight
DE,h0421,0.5791035442682767,scr2011,avaStIn,bevFrtRoadLight
DE,h0422,0.5374942054623928,scr2011,avaStIn,bevFrtRoadLight
DE,h0423,0.49553745318358744,scr2011,avaStIn,bevFrtRoadLight
DE,h0424,0.45424425861582907,scr2011,avaStIn,bevFrtRoadLight
DE,h0425,0.42128208778163845,scr2011,avaStIn,bevFrtRoadLight
DE,h0426,0.4034909238874408,scr2011,avaStIn,bevFrtRoadLight
DE,h0427,0.3958020544688471,scr2011,avaStIn,bevFrtRoadLight
DE,h0428,0.3906798200666236,scr2011,avaStIn,bevFrtRoadLight
DE,h0429,0.37737116123838743,scr2011,avaStIn,bevFrtRoadLight
DE,h0430,0.3461356730709698,scr2011,avaStIn,bevFrtRoadLight
DE,h0431,0.3087515034147309,scr2011,avaStIn,bevFrtRoadLight
DE,h0432,0.27879608426433145,scr2011,avaStIn,bevFrtRoadLight
DE,h0433,0.30713584686763606,scr2011,avaStIn,bevFrtRoadLight
DE,h0434,0.35501937982238374,scr2011,avaStIn,bevFrtRoadLight
DE,h0435,0.4071274360167706,scr2011,avaStIn,bevFrtRoadLight
DE,h0436,0.42687079289322927,scr2011,avaStIn,bevFrtRoadLight
DE,h0437,0.43789038555237647,scr2011,avaStIn,bevFrtRoadLight
DE,h0438,0.45434224986919336,scr2011,avaStIn,bevFrtRoadLight
DE,h0439,0.4858727721549968,scr2011,avaStIn,bevFrtRoadLight
DE,h0440,0.52917670674857,scr2011,avaStIn,bevFrtRoadLight
DE,h0441,0.569570351571337,scr2011,avaStIn,bevFrtRoadLight
DE,h0442,0.5969876037561683,scr2011,avaStIn,bevFrtRoadLight
DE,h0443,0.6074971913610454,scr2011,avaStIn,bevFrtRoadLight
DE,h0444,0.6000100054494701,scr2011,avaStIn,bevFrtRoadLight
DE,h0445,0.5749025389682101,scr2011,avaStIn,bevFrtRoadLight
DE,h0446,0.538005139576328,scr2011,avaStIn,bevFrtRoadLight
DE,h0447,0.49553745318358744,scr2011,avaStIn,bevFrtRoadLight
DE,h0448,0.45424425861582907,scr2011,avaStIn,bevFrtRoadLight
DE,h0449,0.42128208778163845,scr2011,avaStIn,bevFrtRoadLight
DE,h0450,0.4034909238874408,scr2011,avaStIn,bevFrtRoadLight
DE,h0451,0.3958020544688471,scr2011,avaStIn,bevFrtRoadLight
DE,h0452,0.3906798200666236,scr2011,avaStIn,bevFrtRoadLight
DE,h0453,0.37737116123838743,scr2011,avaStIn,bevFrtRoadLight
DE,h0454,0.3461356730709698,scr2011,avaStIn,bevFrtRoadLight
DE,h0455,0.3087515034147309,scr2011,avaStIn,bevFrtRoadLight
DE,h0456,0.27879608426433145,scr2011,avaStIn,bevFrtRoadLight
DE,h0457,0.303750902674248,scr2011,avaStIn,bevFrtRoadLight
DE,h0458,0.33304119848351355,scr2011,avaStIn,bevFrtRoadLight
DE,h0459,0.36291688343768,scr2011,avaStIn,bevFrtRoadLight
DE,h0460,0.3709466216370283,scr2011,avaStIn,bevFrtRoadLight
DE,h0461,0.39906915134357523,scr2011,avaStIn,bevFrtRoadLight
DE,h0462,0.44313587048527836,scr2011,avaStIn,bevFrtRoadLight
DE,h0463,0.494562034960387,scr2011,avaStIn,bevFrtRoadLight
DE,h0464,0.5399104862874597,scr2011,avaStIn,bevFrtRoadLight
DE,h0465,0.5721232857004457,scr2011,avaStIn,bevFrtRoadLight
DE,h0466,0.586730659153248,scr2011,avaStIn,bevFrtRoadLight
DE,h0467,0.5906659856205042,scr2011,avaStIn,bevFrtRoadLight
DE,h0468,0.582366906107796,scr2011,avaStIn,bevFrtRoadLight
DE,h0469,0.5527330513011223,scr2011,avaStIn,bevFrtRoadLight
DE,h0470,0.5032590983182407,scr2011,avaStIn,bevFrtRoadLight
DE,h0471,0.43683599406190676,scr2011,avaStIn,bevFrtRoadLight
DE,h0472,0.3715556243741257,scr2011,avaStIn,bevFrtRoadLight
DE,h0473,0.314894526527405,scr2011,avaStIn,bevFrtRoadLight
DE,h0474,0.28512220469484084,scr2011,avaStIn,bevFrtRoadLight
DE,h0475,0.3046863266974261,scr2011,avaStIn,bevFrtRoadLight
DE,h0476,0.34381748784664024,scr2011,avaStIn,bevFrtRoadLight
DE,h0477,0.3904963534035486,scr2011,avaStIn,bevFrtRoadLight
DE,h0478,0.40653937931761186,scr2011,avaStIn,bevFrtRoadLight
DE,h0479,0.4089550261564582,scr2011,avaStIn,bevFrtRoadLight
DE,h0480,0.3942074136511773,scr2011,avaStIn,bevFrtRoadLight
DE,h0481,0.4181010073701875,scr2011,avaStIn,bevFrtRoadLight
DE,h0482,0.4423441034942932,scr2011,avaStIn,bevFrtRoadLight
DE,h0483,0.46584908236247924,scr2011,avaStIn,bevFrtRoadLight
DE,h0484,0.45754058095164263,scr2011,avaStIn,bevFrtRoadLight
DE,h0485,0.4567338435008971,scr2011,avaStIn,bevFrtRoadLight
DE,h0486,0.4707264947039711,scr2011,avaStIn,bevFrtRoadLight
DE,h0487,0.501755266224529,scr2011,avaStIn,bevFrtRoadLight
DE,h0488,0.5390652375194708,scr2011,avaStIn,bevFrtRoadLight
DE,h0489,0.5721232857004457,scr2011,avaStIn,bevFrtRoadLight
DE,h0490,0.586730659153248,scr2011,avaStIn,bevFrtRoadLight
DE,h0491,0.5906659856205042,scr2011,avaStIn,bevFrtRoadLight
DE,h0492,0.582366906107796,scr2011,avaStIn,bevFrtRoadLight
DE,h0493,0.5527330513011223,scr2011,avaStIn,bevFrtRoadLight
DE,h0494,0.5032590983182407,scr2011,avaStIn,bevFrtRoadLight
DE,h0495,0.43683599406190676,scr2011,avaStIn,bevFrtRoadLight
DE,h0496,0.3715556243741257,scr2011,avaStIn,bevFrtRoadLight
DE,h0497,0.314894526527405,scr2011,avaStIn,bevFrtRoadLight
DE,h0498,0.28512220469484084,scr2011,avaStIn,bevFrtRoadLight
DE,h0499,0.3046863266974261,scr2011,avaStIn,bevFrtRoadLight
DE,h0500,0.34381748784664024,scr2011,avaStIn,bevFrtRoadLight
DE,h0501,0.3904963534035486,scr2011,avaStIn,bevFrtRoadLight
DE,h0502,0.40653937931761186,scr2011,avaStIn,bevFrtRoadLight
DE,h0503,0.4089550261564582,scr2011,avaStIn,bevFrtRoadLight
DE,h0504,0.3942074136511773,scr2011,avaStIn,bevFrtRoadLight
GR,h0337,0.3678036568409198,scr2011,avaStIn,bevFrtRoadLight
GR,h0338,0.38100501157978334,scr2011,avaStIn,bevFrtRoadLight
GR,h0339,0.42032176592981213,scr2011,avaStIn,bevFrtRoadLight
GR,h0340,0.4678707275631267,scr2011,avaStIn,bevFrtRoadLight
GR,h0341,0.49735170425311476,scr2011,avaStIn,bevFrtRoadLight
GR,h0342,0.49246620022282833,scr2011,avaStIn,bevFrtRoadLight
GR,h0343,0.46957643614972294,scr2011,avaStIn,bevFrtRoadLight
GR,h0344,0.44291495111013074,scr2011,avaStIn,bevFrtRoadLight
GR,h0345,0.43317780370144005,scr2011,avaStIn,bevFrtRoadLight
GR,h0346,0.4244403929737686,scr2011,avaStIn,bevFrtRoadLight
GR,h0347,0.39810902826774003,scr2011,avaStIn,bevFrtRoadLight
GR,h0348,0.351805009617336,scr2011,avaStIn,bevFrtRoadLight
GR,h0349,0.30389998964037984,scr2011,avaStIn,bevFrtRoadLight
GR,h0350,0.27557726013127576,scr2011,avaStIn,bevFrtRoadLight
GR,h0351,0.28185139851797575,scr2011,avaStIn,bevFrtRoadLight
GR,h0352,0.3273885307468892,scr2011,avaStIn,bevFrtRoadLight
GR,h0353,0.3915946734624394,scr2011,avaStIn,bevFrtRoadLight
GR,h0354,0.46336564370545036,scr2011,avaStIn,bevFrtRoadLight
GR,h0355,0.527956642454245,scr2011,avaStIn,bevFrtRoadLight
GR,h0356,0.5755570526745453,scr2011,avaStIn,bevFrtRoadLight
GR,h0357,0.5975822668314505,scr2011,avaStIn,bevFrtRoadLight
GR,h0358,0.6006542847867082,scr2011,avaStIn,bevFrtRoadLight
GR,h0359,0.591186709414723,scr2011,avaStIn,bevFrtRoadLight
GR,h0360,0.5759821519560271,scr2011,avaStIn,bevFrtRoadLight
GR,h0361,0.5498241784401583,scr2011,avaStIn,bevFrtRoadLight
GR,h0362,0.5224639091238412,scr2011,avaStIn,bevFrtRoadLight
GR,h0363,0.49755075776430474,scr2011,avaStIn,bevFrtRoadLight
GR,h0364,0.47501810053413557,scr2011,avaStIn,bevFrtRoadLight
GR,h0365,0.45199901493300093,scr2011,avaStIn,bevFrtRoadLight
GR,h0366,0.4326171139765777,scr2011,avaStIn,bevFrtRoadLight
GR,h0367,0.42537184676479983,scr2011,avaStIn,bevFrtRoadLight
GR,h0368,0.4276648478494673,scr2011,avaStIn,bevFrtRoadLight
GR,h0369,0.43317780370144005,scr2011,avaStIn,bevFrtRoadLight
GR,h0370,0.4244403929737686,scr2011,avaStIn,bevFrtRoadLight
GR,h0371,0.39810902826774003,scr2011,avaStIn,bevFrtRoadLight
GR,h0372,0.351805009617336,scr2011,avaStIn,bevFrtRoadLight
GR,h0373,0.30389998964037984,scr2011,avaStIn,bevFrtRoadLight
GR,h0374,0.27557726013127576,scr2011,avaStIn,bevFrtRoadLight
GR,h0375,0.28185139851797575,scr2011,avaStIn,bevFrtRoadLight
GR,h0376,0.3273885307468892,scr2011,avaStIn,bevFrtRoadLight
GR,h0377,0.3915946734624394,scr2011,avaStIn,bevFrtRoadLight
GR,h0378,0.46336564370545036,scr2011,avaStIn,bevFrtRoadLight
GR,h0379,0.526475609069496,scr2011,avaStIn,bevFrtRoadLight
GR,h0380,0.5778818879811951,scr2011,avaStIn,bevFrtRoadLight
GR,h0381,0.6070507011789035,scr2011,avaStIn,bevFrtRoadLight
GR,h0382,0.6079501872476674,scr2011,avaStIn,bevFrtRoadLight
GR,h0383,0.5849169235034561,scr2011,avaStIn,bevFrtRoadLight
GR,h0384,0.5483501020925658,scr2011,avaStIn,bevFrtRoadLight
GR,h0385,0.5254703461687369,scr2011,avaStIn,bevFrtRoadLight
GR,h0386,0.5081317932952782,scr2011,avaStIn,bevFrtRoadLight
GR,h0387,0.49755075776430474,scr2011,avaStIn,bevFrtRoadLight
GR,h0388,0.47501810053413557,scr2011,avaStIn,bevFrtRoadLight
GR,h0389,0.45199901493300093,scr2011,avaStIn,bevFrtRoadLight
GR,h0390,0.4326171139765777,scr2011,avaStIn,bevFrtRoadLight
GR,h0391,0.40793603108458326,scr2011,avaStIn,bevFrtRoadLight
GR,h0392,0.39786250383483696,scr2011,avaStIn,bevFrtRoadLight
GR,h0393,0.3995885000442824,scr2011,avaStIn,bevFrtRoadLight
GR,h0394,0.4101381139863069,scr2011,avaStIn,bevFrtRoadLight
GR,h0395,0.3993074674603107,scr2011,avaStIn,bevFrtRoadLight
GR,h0396,0.3567007734162259,scr2011,avaStIn,bevFrtRoadLight
GR,h0397,0.4041503392203238,scr2011,avaStIn,bevFrtRoadLight
GR,h0398,0.4476847573510618,scr2011,avaStIn,bevFrtRoadLight
GR,h0399,0.4955374531835875,scr2011,avaStIn,bevFrtRoadLight
GR,h0400,0.4542442586158291,scr2011,avaStIn,bevFrtRoadLight
GR,h0401,0.4212820877816386,scr2011,avaStIn,bevFrtRoadLight
GR,h0402,0.40349092388744084,scr2011,avaStIn,bevFrtRoadLight
GR,h0403,0.3880713815348768,scr2011,avaStIn,bevFrtRoadLight
GR,h0404,0.3753582116188943,scr2011,avaStIn,bevFrtRoadLight
GR,h0405,0.3507189311524727,scr2011,avaStIn,bevFrtRoadLight
GR,h0406,0.31190996289315026,scr2011,avaStIn,bevFrtRoadLight
GR,h0407,0.2678335745963705,scr2011,avaStIn,bevFrtRoadLight
GR,h0408,0.23523187451793154,scr2011,avaStIn,bevFrtRoadLight
GR,h0409,0.28048656175765735,scr2011,avaStIn,bevFrtRoadLight
GR,h0410,0.3425122697993718,scr2011,avaStIn,bevFrtRoadLight
GR,h0411,0.40712743601677065,scr2011,avaStIn,bevFrtRoadLight
GR,h0412,0.4268707928932293,scr2011,avaStIn,bevFrtRoadLight
GR,h0413,0.4378903855523765,scr2011,avaStIn,bevFrtRoadLight
GR,h0414,0.4543422498691934,scr2011,avaStIn,bevFrtRoadLight
GR,h0415,0.5176382610803405,scr2011,avaStIn,bevFrtRoadLight
GR,h0416,0.5849527839367337,scr2011,avaStIn,bevFrtRoadLight
GR,h0417,0.6407291256079393,scr2011,avaStIn,bevFrtRoadLight
GR,h0418,0.648916667,scr2011,avaStIn,bevFrtRoadLight
GR,h0419,0.6398287207412086,scr2011,avaStIn,bevFrtRoadLight
GR,h0420,0.615144421172021,scr2011,avaStIn,bevFrtRoadLight
GR,h0421,0.5791035442682768,scr2011,avaStIn,bevFrtRoadLight
GR,h0422,0.5374942054623928,scr2011,avaStIn,bevFrtRoadLight
GR,h0423,0.4955374531835875,scr2011,avaStIn,bevFrtRoadLight
GR,h0424,0.4542442586158291,scr2011,avaStIn,bevFrtRoadLight
GR,h0425,0.4212820877816386,scr2011,avaStIn,bevFrtRoadLight
GR,h0426,0.40349092388744084,scr2011,avaStIn,bevFrtRoadLight
GR,h0427,0.39580205446884725,scr2011,avaStIn,bevFrtRoadLight
GR,h0428,0.3906798200666239,scr2011,avaStIn,bevFrtRoadLight
GR,h0429,0.3773711612383875,scr2011,avaStIn,bevFrtRoadLight
GR,h0430,0.3461356730709699,scr2011,avaStIn,bevFrtRoadLight
GR,h0431,0.30875150341473095,scr2011,avaStIn,bevFrtRoadLight
GR,h0432,0.2787960842643315,scr2011,avaStIn,bevFrtRoadLight
GR,h0433,0.3071358468676361,scr2011,avaStIn,bevFrtRoadLight
GR,h0434,0.3550193798223838,scr2011,avaStIn,bevFrtRoadLight
GR,h0435,0.40712743601677065,scr2011,avaStIn,bevFrtRoadLight
GR,h0436,0.4268707928932293,scr2011,avaStIn,bevFrtRoadLight
GR,h0437,0.4378903855523765,scr2011,avaStIn,bevFrtRoadLight
GR,h0438,0.4543422498691934,scr2011,avaStIn,bevFrtRoadLight
GR,h0439,0.48587277215499686,scr2011,avaStIn,bevFrtRoadLight
GR,h0440,0.5291767067485698,scr2011,avaStIn,bevFrtRoadLight
GR,h0441,0.5695703515713371,scr2011,avaStIn,bevFrtRoadLight
GR,h0442,0.5969876037561683,scr2011,avaStIn,bevFrtRoadLight
GR,h0443,0.6074971913610454,scr2011,avaStIn,bevFrtRoadLight
GR,h0444,0.6000100054494701,scr2011,avaStIn,bevFrtRoadLight
GR,h0445,0.5749025389682099,scr2011,avaStIn,bevFrtRoadLight
GR,h0446,0.5380051395763279,scr2011,avaStIn,bevFrtRoadLight
GR,h0447,0.4955374531835875,scr2011,avaStIn,bevFrtRoadLight
GR,h0448,0.4542442586158291,scr2011,avaStIn,bevFrtRoadLight
GR,h0449,0.4212820877816386,scr2011,avaStIn,bevFrtRoadLight
GR,h0450,0.40349092388744084,scr2011,avaStIn,bevFrtRoadLight
GR,h0451,0.39580205446884725,scr2011,avaStIn,bevFrtRoadLight
GR,h0452,0.3906798200666239,scr2011,avaStIn,bevFrtRoadLight
GR,h0453,0.3773711612383875,scr2011,avaStIn,bevFrtRoadLight
GR,h0454,0.3461356730709699,scr2011,avaStIn,bevFrtRoadLight
GR,h0455,0.30875150341473095,scr2011,avaStIn,bevFrtRoadLight
GR,h0456,0.2787960842643315,scr2011,avaStIn,bevFrtRoadLight
GR,h0457,0.30375090267424804,scr2011,avaStIn,bevFrtRoadLight
GR,h0458,0.3330411984835136,scr2011,avaStIn,bevFrtRoadLight
GR,h0459,0.3629168834376801,scr2011,avaStIn,bevFrtRoadLight
GR,h0460,0.37094662163702835,scr2011,avaStIn,bevFrtRoadLight
GR,h0461,0.3990691513435753,scr2011,avaStIn,bevFrtRoadLight
GR,h0462,0.4431358704852784,scr2011,avaStIn,bevFrtRoadLight
GR,h0463,0.49456203496038703,scr2011,avaStIn,bevFrtRoadLight
GR,h0464,0.5399104862874597,scr2011,avaStIn,bevFrtRoadLight
GR,h0465,0.5721232857004457,scr2011,avaStIn,bevFrtRoadLight
GR,h0466,0.586730659153248,scr2011,avaStIn,bevFrtRoadLight
GR,h0467,0.5906659856205043,scr2011,avaStIn,bevFrtRoadLight
GR,h0468,0.5823669061077958,scr2011,avaStIn,bevFrtRoadLight
GR,h0469,0.5527330513011219,scr2011,avaStIn,bevFrtRoadLight
GR,h0470,0.5032590983182406,scr2011,avaStIn,bevFrtRoadLight
GR,h0471,0.4368359940619068,scr2011,avaStIn,bevFrtRoadLight
GR,h0472,0.37155562437412587,scr2011,avaStIn,bevFrtRoadLight
GR,h0473,0.31489452652740507,scr2011,avaStIn,bevFrtRoadLight
GR,h0474,0.2851222046948409,scr2011,avaStIn,bevFrtRoadLight
GR,h0475,0.3046863266974262,scr2011,avaStIn,bevFrtRoadLight
GR,h0476,0.3438174878466404,scr2011,avaStIn,bevFrtRoadLight
GR,h0477,0.39049635340354866,scr2011,avaStIn,bevFrtRoadLight
GR,h0478,0.406539379317612,scr2011,avaStIn,bevFrtRoadLight
GR,h0479,0.40895502615645823,scr2011,avaStIn,bevFrtRoadLight
GR,h0480,0.39420741365117734,scr2011,avaStIn,bevFrtRoadLight
GR,h0481,0.41810100737018757,scr2011,avaStIn,bevFrtRoadLight
GR,h0482,0.4423441034942934,scr2011,avaStIn,bevFrtRoadLight
GR,h0483,0.4658490823624793,scr2011,avaStIn,bevFrtRoadLight
GR,h0484,0.4575405809516427,scr2011,avaStIn,bevFrtRoadLight
GR,h0485,0.45673384350089713,scr2011,avaStIn,bevFrtRoadLight
GR,h0486,0.4707264947039714,scr2011,avaStIn,bevFrtRoadLight
GR,h0487,0.501755266224529,scr2011,avaStIn,bevFrtRoadLight
GR,h0488,0.5390652375194709,scr2011,avaStIn,bevFrtRoadLight
GR,h0489,0.5721232857004457,scr2011,avaStIn,bevFrtRoadLight
GR,h0490,0.586730659153248,scr2011,avaStIn,bevFrtRoadLight
GR,h0491,0.5906659856205043,scr2011,avaStIn,bevFrtRoadLight
GR,h0492,0.5823669061077958,scr2011,avaStIn,bevFrtRoadLight
GR,h0493,0.5527330513011219,scr2011,avaStIn,bevFrtRoadLight
GR,h0494,0.5032590983182406,scr2011,avaStIn,bevFrtRoadLight
GR,h0495,0.4368359940619068,scr2011,avaStIn,bevFrtRoadLight
GR,h0496,0.37155562437412587,scr2011,avaStIn,bevFrtRoadLight
GR,h0497,0.31489452652740507,scr2011,avaStIn,bevFrtRoadLight
GR,h0498,0.2851222046948409,scr2011,avaStIn,bevFrtRoadLight
GR,h0499,0.3046863266974262,scr2011,avaStIn,bevFrtRoadLight
GR,h0500,0.3438174878466404,scr2011,avaStIn,bevFrtRoadLight
GR,h0501,0.39049635340354866,scr2011,avaStIn,bevFrtRoadLight
GR,h0502,0.406539379317612,scr2011,avaStIn,bevFrtRoadLight
GR,h0503,0.40895502615645823,scr2011,avaStIn,bevFrtRoadLight
GR,h0504,0.39420741365117734,scr2011,avaStIn,bevFrtRoadLight
ES,h0337,0.36780365684091976,scr2011,avaStIn,bevFrtRoadLight
ES,h0338,0.3810050115797833,scr2011,avaStIn,bevFrtRoadLight
ES,h0339,0.4203217659298122,scr2011,avaStIn,bevFrtRoadLight
ES,h0340,0.46787072756312664,scr2011,avaStIn,bevFrtRoadLight
ES,h0341,0.4973517042531148,scr2011,avaStIn,bevFrtRoadLight
ES,h0342,0.4924662002228283,scr2011,avaStIn,bevFrtRoadLight
ES,h0343,0.4695764361497229,scr2011,avaStIn,bevFrtRoadLight
ES,h0344,0.4429149511101307,scr2011,avaStIn,bevFrtRoadLight
ES,h0345,0.43317780370144,scr2011,avaStIn,bevFrtRoadLight
ES,h0346,0.42444039297376845,scr2011,avaStIn,bevFrtRoadLight
ES,h0347,0.39810902826774,scr2011,avaStIn,bevFrtRoadLight
ES,h0348,0.35180500961733596,scr2011,avaStIn,bevFrtRoadLight
ES,h0349,0.3038999896403798,scr2011,avaStIn,bevFrtRoadLight
ES,h0350,0.2755772601312756,scr2011,avaStIn,bevFrtRoadLight
ES,h0351,0.2818513985179757,scr2011,avaStIn,bevFrtRoadLight
ES,h0352,0.3273885307468891,scr2011,avaStIn,bevFrtRoadLight
ES,h0353,0.3915946734624395,scr2011,avaStIn,bevFrtRoadLight
ES,h0354,0.4633656437054503,scr2011,avaStIn,bevFrtRoadLight
ES,h0355,0.5279566424542449,scr2011,avaStIn,bevFrtRoadLight
ES,h0356,0.5755570526745453,scr2011,avaStIn,bevFrtRoadLight
ES,h0357,0.5975822668314504,scr2011,avaStIn,bevFrtRoadLight
ES,h0358,0.6006542847867081,scr2011,avaStIn,bevFrtRoadLight
ES,h0359,0.5911867094147228,scr2011,avaStIn,bevFrtRoadLight
ES,h0360,0.5759821519560271,scr2011,avaStIn,bevFrtRoadLight
ES,h0361,0.5498241784401581,scr2011,avaStIn,bevFrtRoadLight
ES,h0362,0.5224639091238412,scr2011,avaStIn,bevFrtRoadLight
ES,h0363,0.4975507577643047,scr2011,avaStIn,bevFrtRoadLight
ES,h0364,0.4750181005341355,scr2011,avaStIn,bevFrtRoadLight
ES,h0365,0.4519990149330009,scr2011,avaStIn,bevFrtRoadLight
ES,h0366,0.43261711397657754,scr2011,avaStIn,bevFrtRoadLight
ES,h0367,0.42537184676479967,scr2011,avaStIn,bevFrtRoadLight
ES,h0368,0.42766484784946723,scr2011,avaStIn,bevFrtRoadLight
ES,h0369,0.43317780370144,scr2011,avaStIn,bevFrtRoadLight
ES,h0370,0.42444039297376845,scr2011,avaStIn,bevFrtRoadLight
ES,h0371,0.39810902826774,scr2011,avaStIn,bevFrtRoadLight
ES,h0372,0.35180500961733596,scr2011,avaStIn,bevFrtRoadLight
ES,h0373,0.3038999896403798,scr2011,avaStIn,bevFrtRoadLight
ES,h0374,0.2755772601312756,scr2011,avaStIn,bevFrtRoadLight
ES,h0375,0.2818513985179757,scr2011,avaStIn,bevFrtRoadLight
ES,h0376,0.3273885307468891,scr2011,avaStIn,bevFrtRoadLight
ES,h0377,0.3915946734624395,scr2011,avaStIn,bevFrtRoadLight
ES,h0378,0.4633656437054503,scr2011,avaStIn,bevFrtRoadLight
ES,h0379,0.5264756090694959,scr2011,avaStIn,bevFrtRoadLight
ES,h0380,0.577881887981195,scr2011,avaStIn,bevFrtRoadLight
ES,h0381,0.6070507011789034,scr2011,avaStIn,bevFrtRoadLight
ES,h0382,0.6079501872476676,scr2011,avaStIn,bevFrtRoadLight
ES,h0383,0.584916923503456,scr2011,avaStIn,bevFrtRoadLight
ES,h0384,0.5483501020925657,scr2011,avaStIn,bevFrtRoadLight
ES,h0385,0.5254703461687369,scr2011,avaStIn,bevFrtRoadLight
ES,h0386,0.5081317932952782,scr2011,avaStIn,bevFrtRoadLight
ES,h0387,0.4975507577643047,scr2011,avaStIn,bevFrtRoadLight
ES,h0388,0.4750181005341355,scr2011,avaStIn,bevFrtRoadLight
ES,h0389,0.4519990149330009,scr2011,avaStIn,bevFrtRoadLight
ES,h0390,0.43261711397657754,scr2011,avaStIn,bevFrtRoadLight
ES,h0391,0.4079360310845832,scr2011,avaStIn,bevFrtRoadLight
ES,h0392,0.3978625038348368,scr2011,avaStIn,bevFrtRoadLight
ES,h0393,0.39958850004428226,scr2011,avaStIn,bevFrtRoadLight
ES,h0394,0.41013811398630684,scr2011,avaStIn,bevFrtRoadLight
ES,h0395,0.39930746746031065,scr2011,avaStIn,bevFrtRoadLight
ES,h0396,0.35670077341622586,scr2011,avaStIn,bevFrtRoadLight
ES,h0397,0.40415033922032373,scr2011,avaStIn,bevFrtRoadLight
ES,h0398,0.44768475735106195,scr2011,avaStIn,bevFrtRoadLight
ES,h0399,0.49553745318358755,scr2011,avaStIn,bevFrtRoadLight
ES,h0400,0.45424425861582907,scr2011,avaStIn,bevFrtRoadLight
ES,h0401,0.42128208778163845,scr2011,avaStIn,bevFrtRoadLight
ES,h0402,0.4034909238874408,scr2011,avaStIn,bevFrtRoadLight
ES,h0403,0.38807138153487675,scr2011,avaStIn,bevFrtRoadLight
ES,h0404,0.37535821161889427,scr2011,avaStIn,bevFrtRoadLight
ES,h0405,0.35071893115247266,scr2011,avaStIn,bevFrtRoadLight
ES,h0406,0.3119099628931502,scr2011,avaStIn,bevFrtRoadLight
ES,h0407,0.26783357459637047,scr2011,avaStIn,bevFrtRoadLight
ES,h0408,0.2352318745179317,scr2011,avaStIn,bevFrtRoadLight
ES,h0409,0.2804865617576573,scr2011,avaStIn,bevFrtRoadLight
ES,h0410,0.3425122697993719,scr2011,avaStIn,bevFrtRoadLight
ES,h0411,0.4071274360167706,scr2011,avaStIn,bevFrtRoadLight
ES,h0412,0.42687079289322927,scr2011,avaStIn,bevFrtRoadLight
ES,h0413,0.43789038555237647,scr2011,avaStIn,bevFrtRoadLight
ES,h0414,0.45434224986919336,scr2011,avaStIn,bevFrtRoadLight
ES,h0415,0.5176382610803405,scr2011,avaStIn,bevFrtRoadLight
ES,h0416,0.5849527839367336,scr2011,avaStIn,bevFrtRoadLight
ES,h0417,0.6407291256079393,scr2011,avaStIn,bevFrtRoadLight
ES,h0418,0.648916667,scr2011,avaStIn,bevFrtRoadLight
ES,h0419,0.6398287207412084,scr2011,avaStIn,bevFrtRoadLight
ES,h0420,0.6151444211720208,scr2011,avaStIn,bevFrtRoadLight
ES,h0421,0.5791035442682767,scr2011,avaStIn,bevFrtRoadLight
ES,h0422,0.5374942054623928,scr2011,avaStIn,bevFrtRoadLight
ES,h0423,0.49553745318358755,scr2011,avaStIn,bevFrtRoadLight
ES,h0424,0.45424425861582907,scr2011,avaStIn,bevFrtRoadLight
ES,h0425,0.42128208778163845,scr2011,avaStIn,bevFrtRoadLight
ES,h0426,0.4034909238874408,scr2011,avaStIn,bevFrtRoadLight
ES,h0427,0.3958020544688471,scr2011,avaStIn,bevFrtRoadLight
ES,h0428,0.3906798200666236,scr2011,avaStIn,bevFrtRoadLight
ES,h0429,0.37737116123838743,scr2011,avaStIn,bevFrtRoadLight
ES,h0430,0.3461356730709698,scr2011,avaStIn,bevFrtRoadLight
ES,h0431,0.3087515034147309,scr2011,avaStIn,bevFrtRoadLight
ES,h0432,0.27879608426433145,scr2011,avaStIn,bevFrtRoadLight
ES,h0433,0.30713584686763606,scr2011,avaStIn,bevFrtRoadLight
ES,h0434,0.35501937982238374,scr2011,avaStIn,bevFrtRoadLight
ES,h0435,0.4071274360167706,scr2011,avaStIn,bevFrtRoadLight
ES,h0436,0.42687079289322927,scr2011,avaStIn,bevFrtRoadLight
ES,h0437,0.43789038555237647,scr2011,avaStIn,bevFrtRoadLight
ES,h0438,0.45434224986919336,scr2011,avaStIn,bevFrtRoadLight
ES,h0439,0.4858727721549968,scr2011,avaStIn,bevFrtRoadLight
ES,h0440,0.52917670674857,scr2011,avaStIn,bevFrtRoadLight
ES,h0441,0.569570351571337,scr2011,avaStIn,bevFrtRoadLight
ES,h0442,0.5969876037561683,scr2011,avaStIn,bevFrtRoadLight
ES,h0443,0.6074971913610454,scr2011,avaStIn,bevFrtRoadLight
ES,h0444,0.6000100054494703,scr2011,avaStIn,bevFrtRoadLight
ES,h0445,0.5749025389682101,scr2011,avaStIn,bevFrtRoadLight
ES,h0446,0.5380051395763279,scr2011,avaStIn,bevFrtRoadLight
ES,h0447,0.49553745318358755,scr2011,avaStIn,bevFrtRoadLight
ES,h0448,0.45424425861582907,scr2011,avaStIn,bevFrtRoadLight
ES,h0449,0.42128208778163845,scr2011,avaStIn,bevFrtRoadLight
ES,h0450,0.4034909238874408,scr2011,avaStIn,bevFrtRoadLight
ES,h0451,0.3958020544688471,scr2011,avaStIn,bevFrtRoadLight
ES,h0452,0.3906798200666236,scr2011,avaStIn,bevFrtRoadLight
ES,h0453,0.37737116123838743,scr2011,avaStIn,bevFrtRoadLight
ES,h0454,0.3461356730709698,scr2011,avaStIn,bevFrtRoadLight
ES,h0455,0.3087515034147309,scr2011,avaStIn,bevFrtRoadLight
ES,h0456,0.27879608426433145,scr2011,avaStIn,bevFrtRoadLight
ES,h0457,0.303750902674248,scr2011,avaStIn,bevFrtRoadLight
ES,h0458,0.33304119848351355,scr2011,avaStIn,bevFrtRoadLight
ES,h0459,0.36291688343768,scr2011,avaStIn,bevFrtRoadLight
ES,h0460,0.3709466216370283,scr2011,avaStIn,bevFrtRoadLight
ES,h0461,0.39906915134357523,scr2011,avaStIn,bevFrtRoadLight
ES,h0462,0.44313587048527836,scr2011,avaStIn,bevFrtRoadLight
ES,h0463,0.494562034960387,scr2011,avaStIn,bevFrtRoadLight
ES,h0464,0.5399104862874596,scr2011,avaStIn,bevFrtRoadLight
ES,h0465,0.5721232857004457,scr2011,avaStIn,bevFrtRoadLight
ES,h0466,0.5867306591532483,scr2011,avaStIn,bevFrtRoadLight
ES,h0467,0.5906659856205042,scr2011,avaStIn,bevFrtRoadLight
ES,h0468,0.582366906107796,scr2011,avaStIn,bevFrtRoadLight
ES,h0469,0.552733051301122,scr2011,avaStIn,bevFrtRoadLight
ES,h0470,0.5032590983182406,scr2011,avaStIn,bevFrtRoadLight
ES,h0471,0.43683599406190676,scr2011,avaStIn,bevFrtRoadLight
ES,h0472,0.3715556243741258,scr2011,avaStIn,bevFrtRoadLight
ES,h0473,0.314894526527405,scr2011,avaStIn,bevFrtRoadLight
ES,h0474,0.28512220469484073,scr2011,avaStIn,bevFrtRoadLight
ES,h0475,0.3046863266974261,scr2011,avaStIn,bevFrtRoadLight
ES,h0476,0.34381748784664024,scr2011,avaStIn,bevFrtRoadLight
ES,h0477,0.3904963534035486,scr2011,avaStIn,bevFrtRoadLight
ES,h0478,0.40653937931761186,scr2011,avaStIn,bevFrtRoadLight
ES,h0479,0.4089550261564582,scr2011,avaStIn,bevFrtRoadLight
ES,h0480,0.3942074136511773,scr2011,avaStIn,bevFrtRoadLight
ES,h0481,0.4181010073701875,scr2011,avaStIn,bevFrtRoadLight
ES,h0482,0.4423441034942931,scr2011,avaStIn,bevFrtRoadLight
ES,h0483,0.4658490823624791,scr2011,avaStIn,bevFrtRoadLight
ES,h0484,0.45754058095164263,scr2011,avaStIn,bevFrtRoadLight
ES,h0485,0.4567338435008971,scr2011,avaStIn,bevFrtRoadLight
ES,h0486,0.4707264947039713,scr2011,avaStIn,bevFrtRoadLight
ES,h0487,0.501755266224529,scr2011,avaStIn,bevFrtRoadLight
ES,h0488,0.5390652375194708,scr2011,avaStIn,bevFrtRoadLight
ES,h0489,0.5721232857004457,scr2011,avaStIn,bevFrtRoadLight
ES,h0490,0.5867306591532483,scr2011,avaStIn,bevFrtRoadLight
ES,h0491,0.5906659856205042,scr2011,avaStIn,bevFrtRoadLight
ES,h0492,0.582366906107796,scr2011,avaStIn,bevFrtRoadLight
ES,h0493,0.552733051301122,scr2011,avaStIn,bevFrtRoadLight
ES,h0494,0.5032590983182406,scr2011,avaStIn,bevFrtRoadLight
ES,h0495,0.43683599406190676,scr2011,avaStIn,bevFrtRoadLight
ES,h0496,0.3715556243741258,scr2011,avaStIn,bevFrtRoadLight
ES,h0497,0.314894526527405,scr2011,avaStIn,bevFrtRoadLight
ES,h0498,0.28512220469484073,scr2011,avaStIn,bevFrtRoadLight
ES,h0499,0.3046863266974261,scr2011,avaStIn,bevFrtRoadLight
ES,h0500,0.34381748784664024,scr2011,avaStIn,bevFrtRoadLight
ES,h0501,0.3904963534035486,scr2011,avaStIn,bevFrtRoadLight
ES,h0502,0.40653937931761186,scr2011,avaStIn,bevFrtRoadLight
ES,h0503,0.4089550261564582,scr2011,avaStIn,bevFrtRoadLight
ES,h0504,0.3942074136511773,scr2011,avaStIn,bevFrtRoadLight
DK,h0337,0.3678036568409198,scr2011,avaStIn,bevFrtRoadLight
DK,h0338,0.38100501157978334,scr2011,avaStIn,bevFrtRoadLight
DK,h0339,0.42032176592981213,scr2011,avaStIn,bevFrtRoadLight
DK,h0340,0.4678707275631267,scr2011,avaStIn,bevFrtRoadLight
DK,h0341,0.49735170425311476,scr2011,avaStIn,bevFrtRoadLight
DK,h0342,0.49246620022282833,scr2011,avaStIn,bevFrtRoadLight
DK,h0343,0.46957643614972294,scr2011,avaStIn,bevFrtRoadLight
DK,h0344,0.44291495111013074,scr2011,avaStIn,bevFrtRoadLight
DK,h0345,0.43317780370144005,scr2011,avaStIn,bevFrtRoadLight
DK,h0346,0.4244403929737686,scr2011,avaStIn,bevFrtRoadLight
DK,h0347,0.39810902826774003,scr2011,avaStIn,bevFrtRoadLight
DK,h0348,0.351805009617336,scr2011,avaStIn,bevFrtRoadLight
DK,h0349,0.30389998964037984,scr2011,avaStIn,bevFrtRoadLight
DK,h0350,0.27557726013127576,scr2011,avaStIn,bevFrtRoadLight
DK,h0351,0.28185139851797575,scr2011,avaStIn,bevFrtRoadLight
DK,h0352,0.3273885307468892,scr2011,avaStIn,bevFrtRoadLight
DK,h0353,0.3915946734624394,scr2011,avaStIn,bevFrtRoadLight
DK,h0354,0.46336564370545036,scr2011,avaStIn,bevFrtRoadLight
DK,h0355,0.527956642454245,scr2011,avaStIn,bevFrtRoadLight
DK,h0356,0.5755570526745453,scr2011,avaStIn,bevFrtRoadLight
DK,h0357,0.5975822668314505,scr2011,avaStIn,bevFrtRoadLight
DK,h0358,0.6006542847867082,scr2011,avaStIn,bevFrtRoadLight
DK,h0359,0.591186709414723,scr2011,avaStIn,bevFrtRoadLight
DK,h0360,0.5759821519560271,scr2011,avaStIn,bevFrtRoadLight
DK,h0361,0.5498241784401583,scr2011,avaStIn,bevFrtRoadLight
DK,h0362,0.5224639091238412,scr2011,avaStIn,bevFrtRoadLight
DK,h0363,0.49755075776430474,scr2011,avaStIn,bevFrtRoadLight
DK,h0364,0.47501810053413557,scr2011,avaStIn,bevFrtRoadLight
DK,h0365,0.45199901493300093,scr2011,avaStIn,bevFrtRoadLight
DK,h0366,0.4326171139765777,scr2011,avaStIn,bevFrtRoadLight
DK,h0367,0.42537184676479983,scr2011,avaStIn,bevFrtRoadLight
DK,h0368,0.4276648478494673,scr2011,avaStIn,bevFrtRoadLight
DK,h0369,0.43317780370144005,scr2011,avaStIn,bevFrtRoadLight
DK,h0370,0.4244403929737686,scr2011,avaStIn,bevFrtRoadLight
DK,h0371,0.39810902826774003,scr2011,avaStIn,bevFrtRoadLight
DK,h0372,0.351805009617336,scr2011,avaStIn,bevFrtRoadLight
DK,h0373,0.30389998964037984,scr2011,avaStIn,bevFrtRoadLight
DK,h0374,0.27557726013127576,scr2011,avaStIn,bevFrtRoadLight
DK,h0375,0.28185139851797575,scr2011,avaStIn,bevFrtRoadLight
DK,h0376,0.3273885307468892,scr2011,avaStIn,bevFrtRoadLight
DK,h0377,0.3915946734624394,scr2011,avaStIn,bevFrtRoadLight
DK,h0378,0.46336564370545036,scr2011,avaStIn,bevFrtRoadLight
DK,h0379,0.526475609069496,scr2011,avaStIn,bevFrtRoadLight
DK,h0380,0.5778818879811951,scr2011,avaStIn,bevFrtRoadLight
DK,h0381,0.6070507011789035,scr2011,avaStIn,bevFrtRoadLight
DK,h0382,0.6079501872476674,scr2011,avaStIn,bevFrtRoadLight
DK,h0383,0.5849169235034561,scr2011,avaStIn,bevFrtRoadLight
DK,h0384,0.5483501020925658,scr2011,avaStIn,bevFrtRoadLight
DK,h0385,0.5254703461687369,scr2011,avaStIn,bevFrtRoadLight
DK,h0386,0.5081317932952782,scr2011,avaStIn,bevFrtRoadLight
DK,h0387,0.49755075776430474,scr2011,avaStIn,bevFrtRoadLight
DK,h0388,0.47501810053413557,scr2011,avaStIn,bevFrtRoadLight
DK,h0389,0.45199901493300093,scr2011,avaStIn,bevFrtRoadLight
DK,h0390,0.4326171139765777,scr2011,avaStIn,bevFrtRoadLight
DK,h0391,0.40793603108458326,scr2011,avaStIn,bevFrtRoadLight
DK,h0392,0.39786250383483696,scr2011,avaStIn,bevFrtRoadLight
DK,h0393,0.3995885000442824,scr2011,avaStIn,bevFrtRoadLight
DK,h0394,0.4101381139863069,scr2011,avaStIn,bevFrtRoadLight
DK,h0395,0.3993074674603107,scr2011,avaStIn,bevFrtRoadLight
DK,h0396,0.3567007734162259,scr2011,avaStIn,bevFrtRoadLight
DK,h0397,0.4041503392203238,scr2011,avaStIn,bevFrtRoadLight
DK,h0398,0.4476847573510618,scr2011,avaStIn,bevFrtRoadLight
DK,h0399,0.4955374531835875,scr2011,avaStIn,bevFrtRoadLight
DK,h0400,0.4542442586158291,scr2011,avaStIn,bevFrtRoadLight
DK,h0401,0.4212820877816386,scr2011,avaStIn,bevFrtRoadLight
DK,h0402,0.40349092388744084,scr2011,avaStIn,bevFrtRoadLight
DK,h0403,0.3880713815348768,scr2011,avaStIn,bevFrtRoadLight
DK,h0404,0.3753582116188943,scr2011,avaStIn,bevFrtRoadLight
DK,h0405,0.3507189311524727,scr2011,avaStIn,bevFrtRoadLight
DK,h0406,0.31190996289315026,scr2011,avaStIn,bevFrtRoadLight
DK,h0407,0.2678335745963705,scr2011,avaStIn,bevFrtRoadLight
DK,h0408,0.23523187451793154,scr2011,avaStIn,bevFrtRoadLight
DK,h0409,0.28048656175765735,scr2011,avaStIn,bevFrtRoadLight
DK,h0410,0.3425122697993718,scr2011,avaStIn,bevFrtRoadLight
DK,h0411,0.40712743601677065,scr2011,avaStIn,bevFrtRoadLight
DK,h0412,0.4268707928932293,scr2011,avaStIn,bevFrtRoadLight
DK,h0413,0.4378903855523765,scr2011,avaStIn,bevFrtRoadLight
DK,h0414,0.4543422498691934,scr2011,avaStIn,bevFrtRoadLight
DK,h0415,0.5176382610803405,scr2011,avaStIn,bevFrtRoadLight
DK,h0416,0.5849527839367337,scr2011,avaStIn,bevFrtRoadLight
DK,h0417,0.6407291256079393,scr2011,avaStIn,bevFrtRoadLight
DK,h0418,0.648916667,scr2011,avaStIn,bevFrtRoadLight
DK,h0419,0.6398287207412086,scr2011,avaStIn,bevFrtRoadLight
DK,h0420,0.615144421172021,scr2011,avaStIn,bevFrtRoadLight
DK,h0421,0.5791035442682768,scr2011,avaStIn,bevFrtRoadLight
DK,h0422,0.5374942054623928,scr2011,avaStIn,bevFrtRoadLight
DK,h0423,0.4955374531835875,scr2011,avaStIn,bevFrtRoadLight
DK,h0424,0.4542442586158291,scr2011,avaStIn,bevFrtRoadLight
DK,h0425,0.4212820877816386,scr2011,avaStIn,bevFrtRoadLight
DK,h0426,0.40349092388744084,scr2011,avaStIn,bevFrtRoadLight
DK,h0427,0.39580205446884725,scr2011,avaStIn,bevFrtRoadLight
DK,h0428,0.3906798200666239,scr2011,avaStIn,bevFrtRoadLight
DK,h0429,0.3773711612383875,scr2011,avaStIn,bevFrtRoadLight
DK,h0430,0.3461356730709699,scr2011,avaStIn,bevFrtRoadLight
DK,h0431,0.30875150341473095,scr2011,avaStIn,bevFrtRoadLight
DK,h0432,0.2787960842643315,scr2011,avaStIn,bevFrtRoadLight
DK,h0433,0.3071358468676361,scr2011,avaStIn,bevFrtRoadLight
DK,h0434,0.3550193798223838,scr2011,avaStIn,bevFrtRoadLight
DK,h0435,0.40712743601677065,scr2011,avaStIn,bevFrtRoadLight
DK,h0436,0.4268707928932293,scr2011,avaStIn,bevFrtRoadLight
DK,h0437,0.4378903855523765,scr2011,avaStIn,bevFrtRoadLight
DK,h0438,0.4543422498691934,scr2011,avaStIn,bevFrtRoadLight
DK,h0439,0.48587277215499686,scr2011,avaStIn,bevFrtRoadLight
DK,h0440,0.5291767067485698,scr2011,avaStIn,bevFrtRoadLight
DK,h0441,0.5695703515713371,scr2011,avaStIn,bevFrtRoadLight
DK,h0442,0.5969876037561683,scr2011,avaStIn,bevFrtRoadLight
DK,h0443,0.6074971913610454,scr2011,avaStIn,bevFrtRoadLight
DK,h0444,0.6000100054494701,scr2011,avaStIn,bevFrtRoadLight
DK,h0445,0.5749025389682099,scr2011,avaStIn,bevFrtRoadLight
DK,h0446,0.5380051395763279,scr2011,avaStIn,bevFrtRoadLight
DK,h0447,0.4955374531835875,scr2011,avaStIn,bevFrtRoadLight
DK,h0448,0.4542442586158291,scr2011,avaStIn,bevFrtRoadLight
DK,h0449,0.4212820877816386,scr2011,avaStIn,bevFrtRoadLight
DK,h0450,0.40349092388744084,scr2011,avaStIn,bevFrtRoadLight
DK,h0451,0.39580205446884725,scr2011,avaStIn,bevFrtRoadLight
DK,h0452,0.3906798200666239,scr2011,avaStIn,bevFrtRoadLight
DK,h0453,0.3773711612383875,scr2011,avaStIn,bevFrtRoadLight
DK,h0454,0.3461356730709699,scr2011,avaStIn,bevFrtRoadLight
DK,h0455,0.30875150341473095,scr2011,avaStIn,bevFrtRoadLight
DK,h0456,0.2787960842643315,scr2011,avaStIn,bevFrtRoadLight
DK,h0457,0.30375090267424804,scr2011,avaStIn,bevFrtRoadLight
DK,h0458,0.3330411984835136,scr2011,avaStIn,bevFrtRoadLight
DK,h0459,0.3629168834376801,scr2011,avaStIn,bevFrtRoadLight
DK,h0460,0.37094662163702835,scr2011,avaStIn,bevFrtRoadLight
DK,h0461,0.3990691513435753,scr2011,avaStIn,bevFrtRoadLight
DK,h0462,0.4431358704852784,scr2011,avaStIn,bevFrtRoadLight
DK,h0463,0.49456203496038703,scr2011,avaStIn,bevFrtRoadLight
DK,h0464,0.5399104862874597,scr2011,avaStIn,bevFrtRoadLight
DK,h0465,0.5721232857004457,scr2011,avaStIn,bevFrtRoadLight
DK,h0466,0.586730659153248,scr2011,avaStIn,bevFrtRoadLight
DK,h0467,0.5906659856205043,scr2011,avaStIn,bevFrtRoadLight
DK,h0468,0.5823669061077958,scr2011,avaStIn,bevFrtRoadLight
DK,h0469,0.5527330513011219,scr2011,avaStIn,bevFrtRoadLight
DK,h0470,0.5032590983182406,scr2011,avaStIn,bevFrtRoadLight
DK,h0471,0.4368359940619068,scr2011,avaStIn,bevFrtRoadLight
DK,h0472,0.37155562437412587,scr2011,avaStIn,bevFrtRoadLight
DK,h0473,0.31489452652740507,scr2011,avaStIn,bevFrtRoadLight
DK,h0474,0.2851222046948409,scr2011,avaStIn,bevFrtRoadLight
DK,h0475,0.3046863266974262,scr2011,avaStIn,bevFrtRoadLight
DK,h0476,0.3438174878466404,scr2011,avaStIn,bevFrtRoadLight
DK,h0477,0.39049635340354866,scr2011,avaStIn,bevFrtRoadLight
DK,h0478,0.406539379317612,scr2011,avaStIn,bevFrtRoadLight
DK,h0479,0.40895502615645823,scr2011,avaStIn,bevFrtRoadLight
DK,h0480,0.39420741365117734,scr2011,avaStIn,bevFrtRoadLight
DK,h0481,0.41810100737018757,scr2011,avaStIn,bevFrtRoadLight
DK,h0482,0.4423441034942934,scr2011,avaStIn,bevFrtRoadLight
DK,h0483,0.4658490823624793,scr2011,avaStIn,bevFrtRoadLight
DK,h0484,0.4575405809516427,scr2011,avaStIn,bevFrtRoadLight
DK,h0485,0.45673384350089713,scr2011,avaStIn,bevFrtRoadLight
DK,h0486,0.4707264947039714,scr2011,avaStIn,bevFrtRoadLight
DK,h0487,0.501755266224529,scr2011,avaStIn,bevFrtRoadLight
DK,h0488,0.5390652375194709,scr2011,avaStIn,bevFrtRoadLight
DK,h0489,0.5721232857004457,scr2011,avaStIn,bevFrtRoadLight
DK,h0490,0.586730659153248,scr2011,avaStIn,bevFrtRoadLight
DK,h0491,0.5906659856205043,scr2011,avaStIn,bevFrtRoadLight
DK,h0492,0.5823669061077958,scr2011,avaStIn,bevFrtRoadLight
DK,h0493,0.5527330513011219,scr2011,avaStIn,bevFrtRoadLight
DK,h0494,0.5032590983182406,scr2011,avaStIn,bevFrtRoadLight
DK,h0495,0.4368359940619068,scr2011,avaStIn,bevFrtRoadLight
DK,h0496,0.37155562437412587,scr2011,avaStIn,bevFrtRoadLight
DK,h0497,0.31489452652740507,scr2011,avaStIn,bevFrtRoadLight
DK,h0498,0.2851222046948409,scr2011,avaStIn,bevFrtRoadLight
DK,h0499,0.3046863266974262,scr2011,avaStIn,bevFrtRoadLight
DK,h0500,0.3438174878466404,scr2011,avaStIn,bevFrtRoadLight
DK,h0501,0.39049635340354866,scr2011,avaStIn,bevFrtRoadLight
DK,h0502,0.406539379317612,scr2011,avaStIn,bevFrtRoadLight
DK,h0503,0.40895502615645823,scr2011,avaStIn,bevFrtRoadLight
DK,h0504,0.39420741365117734,scr2011,avaStIn,bevFrtRoadLight
EE,h0337,0.3678036568409198,scr2011,avaStIn,bevFrtRoadLight
EE,h0338,0.38100501157978334,scr2011,avaStIn,bevFrtRoadLight
EE,h0339,0.42032176592981213,scr2011,avaStIn,bevFrtRoadLight
EE,h0340,0.4678707275631267,scr2011,avaStIn,bevFrtRoadLight
EE,h0341,0.49735170425311476,scr2011,avaStIn,bevFrtRoadLight
EE,h0342,0.49246620022282833,scr2011,avaStIn,bevFrtRoadLight
EE,h0343,0.46957643614972294,scr2011,avaStIn,bevFrtRoadLight
EE,h0344,0.44291495111013074,scr2011,avaStIn,bevFrtRoadLight
EE,h0345,0.43317780370144005,scr2011,avaStIn,bevFrtRoadLight
EE,h0346,0.4244403929737686,scr2011,avaStIn,bevFrtRoadLight
EE,h0347,0.39810902826774003,scr2011,avaStIn,bevFrtRoadLight
EE,h0348,0.351805009617336,scr2011,avaStIn,bevFrtRoadLight
EE,h0349,0.30389998964037984,scr2011,avaStIn,bevFrtRoadLight
EE,h0350,0.27557726013127576,scr2011,avaStIn,bevFrtRoadLight
EE,h0351,0.28185139851797575,scr2011,avaStIn,bevFrtRoadLight
EE,h0352,0.3273885307468892,scr2011,avaStIn,bevFrtRoadLight
EE,h0353,0.3915946734624394,scr2011,avaStIn,bevFrtRoadLight
EE,h0354,0.46336564370545036,scr2011,avaStIn,bevFrtRoadLight
EE,h0355,0.527956642454245,scr2011,avaStIn,bevFrtRoadLight
EE,h0356,0.5755570526745453,scr2011,avaStIn,bevFrtRoadLight
EE,h0357,0.5975822668314505,scr2011,avaStIn,bevFrtRoadLight
EE,h0358,0.6006542847867082,scr2011,avaStIn,bevFrtRoadLight
EE,h0359,0.591186709414723,scr2011,avaStIn,bevFrtRoadLight
EE,h0360,0.5759821519560271,scr2011,avaStIn,bevFrtRoadLight
EE,h0361,0.5498241784401583,scr2011,avaStIn,bevFrtRoadLight
EE,h0362,0.5224639091238412,scr2011,avaStIn,bevFrtRoadLight
EE,h0363,0.49755075776430474,scr2011,avaStIn,bevFrtRoadLight
EE,h0364,0.47501810053413557,scr2011,avaStIn,bevFrtRoadLight
EE,h0365,0.45199901493300093,scr2011,avaStIn,bevFrtRoadLight
EE,h0366,0.4326171139765777,scr2011,avaStIn,bevFrtRoadLight
EE,h0367,0.42537184676479983,scr2011,avaStIn,bevFrtRoadLight
EE,h0368,0.4276648478494673,scr2011,avaStIn,bevFrtRoadLight
EE,h0369,0.43317780370144005,scr2011,avaStIn,bevFrtRoadLight
EE,h0370,0.4244403929737686,scr2011,avaStIn,bevFrtRoadLight
EE,h0371,0.39810902826774003,scr2011,avaStIn,bevFrtRoadLight
EE,h0372,0.351805009617336,scr2011,avaStIn,bevFrtRoadLight
EE,h0373,0.30389998964037984,scr2011,avaStIn,bevFrtRoadLight
EE,h0374,0.27557726013127576,scr2011,avaStIn,bevFrtRoadLight
EE,h0375,0.28185139851797575,scr2011,avaStIn,bevFrtRoadLight
EE,h0376,0.3273885307468892,scr2011,avaStIn,bevFrtRoadLight
EE,h0377,0.3915946734624394,scr2011,avaStIn,bevFrtRoadLight
EE,h0378,0.46336564370545036,scr2011,avaStIn,bevFrtRoadLight
EE,h0379,0.526475609069496,scr2011,avaStIn,bevFrtRoadLight
EE,h0380,0.5778818879811951,scr2011,avaStIn,bevFrtRoadLight
EE,h0381,0.6070507011789035,scr2011,avaStIn,bevFrtRoadLight
EE,h0382,0.6079501872476674,scr2011,avaStIn,bevFrtRoadLight
EE,h0383,0.5849169235034561,scr2011,avaStIn,bevFrtRoadLight
EE,h0384,0.5483501020925658,scr2011,avaStIn,bevFrtRoadLight
EE,h0385,0.5254703461687369,scr2011,avaStIn,bevFrtRoadLight
EE,h0386,0.5081317932952782,scr2011,avaStIn,bevFrtRoadLight
EE,h0387,0.49755075776430474,scr2011,avaStIn,bevFrtRoadLight
EE,h0388,0.47501810053413557,scr2011,avaStIn,bevFrtRoadLight
EE,h0389,0.45199901493300093,scr2011,avaStIn,bevFrtRoadLight
EE,h0390,0.4326171139765777,scr2011,avaStIn,bevFrtRoadLight
EE,h0391,0.40793603108458326,scr2011,avaStIn,bevFrtRoadLight
EE,h0392,0.39786250383483696,scr2011,avaStIn,bevFrtRoadLight
EE,h0393,0.3995885000442824,scr2011,avaStIn,bevFrtRoadLight
EE,h0394,0.4101381139863069,scr2011,avaStIn,bevFrtRoadLight
EE,h0395,0.3993074674603107,scr2011,avaStIn,bevFrtRoadLight
EE,h0396,0.3567007734162259,scr2011,avaStIn,bevFrtRoadLight
EE,h0397,0.4041503392203238,scr2011,avaStIn,bevFrtRoadLight
EE,h0398,0.4476847573510618,scr2011,avaStIn,bevFrtRoadLight
EE,h0399,0.4955374531835875,scr2011,avaStIn,bevFrtRoadLight
EE,h0400,0.4542442586158291,scr2011,avaStIn,bevFrtRoadLight
EE,h0401,0.4212820877816386,scr2011,avaStIn,bevFrtRoadLight
EE,h0402,0.40349092388744084,scr2011,avaStIn,bevFrtRoadLight
EE,h0403,0.3880713815348768,scr2011,avaStIn,bevFrtRoadLight
EE,h0404,0.3753582116188943,scr2011,avaStIn,bevFrtRoadLight
EE,h0405,0.3507189311524727,scr2011,avaStIn,bevFrtRoadLight
EE,h0406,0.31190996289315026,scr2011,avaStIn,bevFrtRoadLight
EE,h0407,0.2678335745963705,scr2011,avaStIn,bevFrtRoadLight
EE,h0408,0.23523187451793154,scr2011,avaStIn,bevFrtRoadLight
EE,h0409,0.28048656175765735,scr2011,avaStIn,bevFrtRoadLight
EE,h0410,0.3425122697993718,scr2011,avaStIn,bevFrtRoadLight
EE,h0411,0.40712743601677065,scr2011,avaStIn,bevFrtRoadLight
EE,h0412,0.4268707928932293,scr2011,avaStIn,bevFrtRoadLight
EE,h0413,0.4378903855523765,scr2011,avaStIn,bevFrtRoadLight
EE,h0414,0.4543422498691934,scr2011,avaStIn,bevFrtRoadLight
EE,h0415,0.5176382610803405,scr2011,avaStIn,bevFrtRoadLight
EE,h0416,0.5849527839367337,scr2011,avaStIn,bevFrtRoadLight
EE,h0417,0.6407291256079393,scr2011,avaStIn,bevFrtRoadLight
EE,h0418,0.648916667,scr2011,avaStIn,bevFrtRoadLight
EE,h0419,0.6398287207412086,scr2011,avaStIn,bevFrtRoadLight
EE,h0420,0.615144421172021,scr2011,avaStIn,bevFrtRoadLight
EE,h0421,0.5791035442682768,scr2011,avaStIn,bevFrtRoadLight
EE,h0422,0.5374942054623928,scr2011,avaStIn,bevFrtRoadLight
EE,h0423,0.4955374531835875,scr2011,avaStIn,bevFrtRoadLight
EE,h0424,0.4542442586158291,scr2011,avaStIn,bevFrtRoadLight
EE,h0425,0.4212820877816386,scr2011,avaStIn,bevFrtRoadLight
EE,h0426,0.40349092388744084,scr2011,avaStIn,bevFrtRoadLight
EE,h0427,0.39580205446884725,scr2011,avaStIn,bevFrtRoadLight
EE,h0428,0.3906798200666239,scr2011,avaStIn,bevFrtRoadLight
EE,h0429,0.3773711612383875,scr2011,avaStIn,bevFrtRoadLight
EE,h0430,0.3461356730709699,scr2011,avaStIn,bevFrtRoadLight
EE,h0431,0.30875150341473095,scr2011,avaStIn,bevFrtRoadLight
EE,h0432,0.2787960842643315,scr2011,avaStIn,bevFrtRoadLight
EE,h0433,0.3071358468676361,scr2011,avaStIn,bevFrtRoadLight
EE,h0434,0.3550193798223838,scr2011,avaStIn,bevFrtRoadLight
EE,h0435,0.40712743601677065,scr2011,avaStIn,bevFrtRoadLight
EE,h0436,0.4268707928932293,scr2011,avaStIn,bevFrtRoadLight
EE,h0437,0.4378903855523765,scr2011,avaStIn,bevFrtRoadLight
EE,h0438,0.4543422498691934,scr2011,avaStIn,bevFrtRoadLight
EE,h0439,0.48587277215499686,scr2011,avaStIn,bevFrtRoadLight
EE,h0440,0.5291767067485698,scr2011,avaStIn,bevFrtRoadLight
EE,h0441,0.5695703515713371,scr2011,avaStIn,bevFrtRoadLight
EE,h0442,0.5969876037561683,scr2011,avaStIn,bevFrtRoadLight
EE,h0443,0.6074971913610454,scr2011,avaStIn,bevFrtRoadLight
EE,h0444,0.6000100054494701,scr2011,avaStIn,bevFrtRoadLight
EE,h0445,0.5749025389682099,scr2011,avaStIn,bevFrtRoadLight
EE,h0446,0.5380051395763279,scr2011,avaStIn,bevFrtRoadLight
EE,h0447,0.4955374531835875,scr2011,avaStIn,bevFrtRoadLight
EE,h0448,0.4542442586158291,scr2011,avaStIn,bevFrtRoadLight
EE,h0449,0.4212820877816386,scr2011,avaStIn,bevFrtRoadLight
EE,h0450,0.40349092388744084,scr2011,avaStIn,bevFrtRoadLight
EE,h0451,0.39580205446884725,scr2011,avaStIn,bevFrtRoadLight
EE,h0452,0.3906798200666239,scr2011,avaStIn,bevFrtRoadLight
EE,h0453,0.3773711612383875,scr2011,avaStIn,bevFrtRoadLight
EE,h0454,0.3461356730709699,scr2011,avaStIn,bevFrtRoadLight
EE,h0455,0.30875150341473095,scr2011,avaStIn,bevFrtRoadLight
EE,h0456,0.2787960842643315,scr2011,avaStIn,bevFrtRoadLight
EE,h0457,0.30375090267424804,scr2011,avaStIn,bevFrtRoadLight
EE,h0458,0.3330411984835136,scr2011,avaStIn,bevFrtRoadLight
EE,h0459,0.3629168834376801,scr2011,avaStIn,bevFrtRoadLight
EE,h0460,0.37094662163702835,scr2011,avaStIn,bevFrtRoadLight
EE,h0461,0.3990691513435753,scr2011,avaStIn,bevFrtRoadLight
EE,h0462,0.4431358704852784,scr2011,avaStIn,bevFrtRoadLight
EE,h0463,0.49456203496038703,scr2011,avaStIn,bevFrtRoadLight
EE,h0464,0.5399104862874597,scr2011,avaStIn,bevFrtRoadLight
EE,h0465,0.5721232857004457,scr2011,avaStIn,bevFrtRoadLight
EE,h0466,0.586730659153248,scr2011,avaStIn,bevFrtRoadLight
EE,h0467,0.5906659856205043,scr2011,avaStIn,bevFrtRoadLight
EE,h0468,0.5823669061077958,scr2011,avaStIn,bevFrtRoadLight
EE,h0469,0.5527330513011219,scr2011,avaStIn,bevFrtRoadLight
EE,h0470,0.5032590983182406,scr2011,avaStIn,bevFrtRoadLight
EE,h0471,0.4368359940619068,scr2011,avaStIn,bevFrtRoadLight
EE,h0472,0.37155562437412587,scr2011,avaStIn,bevFrtRoadLight
EE,h0473,0.31489452652740507,scr2011,avaStIn,bevFrtRoadLight
EE,h0474,0.2851222046948409,scr2011,avaStIn,bevFrtRoadLight
EE,h0475,0.3046863266974262,scr2011,avaStIn,bevFrtRoadLight
EE,h0476,0.3438174878466404,scr2011,avaStIn,bevFrtRoadLight
EE,h0477,0.39049635340354866,scr2011,avaStIn,bevFrtRoadLight
EE,h0478,0.406539379317612,scr2011,avaStIn,bevFrtRoadLight
EE,h0479,0.40895502615645823,scr2011,avaStIn,bevFrtRoadLight
EE,h0480,0.39420741365117734,scr2011,avaStIn,bevFrtRoadLight
EE,h0481,0.41810100737018757,scr2011,avaStIn,bevFrtRoadLight
EE,h0482,0.4423441034942934,scr2011,avaStIn,bevFrtRoadLight
EE,h0483,0.4658490823624793,scr2011,avaStIn,bevFrtRoadLight
EE,h0484,0.4575405809516427,scr2011,avaStIn,bevFrtRoadLight
EE,h0485,0.45673384350089713,scr2011,avaStIn,bevFrtRoadLight
EE,h0486,0.4707264947039714,scr2011,avaStIn,bevFrtRoadLight
EE,h0487,0.501755266224529,scr2011,avaStIn,bevFrtRoadLight
EE,h0488,0.5390652375194709,scr2011,avaStIn,bevFrtRoadLight
EE,h0489,0.5721232857004457,scr2011,avaStIn,bevFrtRoadLight
EE,h0490,0.586730659153248,scr2011,avaStIn,bevFrtRoadLight
EE,h0491,0.5906659856205043,scr2011,avaStIn,bevFrtRoadLight
EE,h0492,0.5823669061077958,scr2011,avaStIn,bevFrtRoadLight
EE,h0493,0.5527330513011219,scr2011,avaStIn,bevFrtRoadLight
EE,h0494,0.5032590983182406,scr2011,avaStIn,bevFrtRoadLight
EE,h0495,0.4368359940619068,scr2011,avaStIn,bevFrtRoadLight
EE,h0496,0.37155562437412587,scr2011,avaStIn,bevFrtRoadLight
EE,h0497,0.31489452652740507,scr2011,avaStIn,bevFrtRoadLight
EE,h0498,0.2851222046948409,scr2011,avaStIn,bevFrtRoadLight
EE,h0499,0.3046863266974262,scr2011,avaStIn,bevFrtRoadLight
EE,h0500,0.3438174878466404,scr2011,avaStIn,bevFrtRoadLight
EE,h0501,0.39049635340354866,scr2011,avaStIn,bevFrtRoadLight
EE,h0502,0.406539379317612,scr2011,avaStIn,bevFrtRoadLight
EE,h0503,0.40895502615645823,scr2011,avaStIn,bevFrtRoadLight
EE,h0504,0.39420741365117734,scr2011,avaStIn,bevFrtRoadLight
FI,h0337,0.3678036568409198,scr2011,avaStIn,bevFrtRoadLight
FI,h0338,0.38100501157978334,scr2011,avaStIn,bevFrtRoadLight
FI,h0339,0.42032176592981213,scr2011,avaStIn,bevFrtRoadLight
FI,h0340,0.4678707275631267,scr2011,avaStIn,bevFrtRoadLight
FI,h0341,0.49735170425311476,scr2011,avaStIn,bevFrtRoadLight
FI,h0342,0.49246620022282833,scr2011,avaStIn,bevFrtRoadLight
FI,h0343,0.46957643614972294,scr2011,avaStIn,bevFrtRoadLight
FI,h0344,0.44291495111013074,scr2011,avaStIn,bevFrtRoadLight
FI,h0345,0.43317780370144005,scr2011,avaStIn,bevFrtRoadLight
FI,h0346,0.4244403929737686,scr2011,avaStIn,bevFrtRoadLight
FI,h0347,0.39810902826774003,scr2011,avaStIn,bevFrtRoadLight
FI,h0348,0.351805009617336,scr2011,avaStIn,bevFrtRoadLight
FI,h0349,0.30389998964037984,scr2011,avaStIn,bevFrtRoadLight
FI,h0350,0.27557726013127576,scr2011,avaStIn,bevFrtRoadLight
FI,h0351,0.28185139851797575,scr2011,avaStIn,bevFrtRoadLight
FI,h0352,0.3273885307468892,scr2011,avaStIn,bevFrtRoadLight
FI,h0353,0.3915946734624394,scr2011,avaStIn,bevFrtRoadLight
FI,h0354,0.46336564370545036,scr2011,avaStIn,bevFrtRoadLight
FI,h0355,0.527956642454245,scr2011,avaStIn,bevFrtRoadLight
FI,h0356,0.5755570526745453,scr2011,avaStIn,bevFrtRoadLight
FI,h0357,0.5975822668314505,scr2011,avaStIn,bevFrtRoadLight
FI,h0358,0.6006542847867082,scr2011,avaStIn,bevFrtRoadLight
FI,h0359,0.591186709414723,scr2011,avaStIn,bevFrtRoadLight
FI,h0360,0.5759821519560271,scr2011,avaStIn,bevFrtRoadLight
FI,h0361,0.5498241784401583,scr2011,avaStIn,bevFrtRoadLight
FI,h0362,0.5224639091238412,scr2011,avaStIn,bevFrtRoadLight
FI,h0363,0.49755075776430474,scr2011,avaStIn,bevFrtRoadLight
FI,h0364,0.47501810053413557,scr2011,avaStIn,bevFrtRoadLight
FI,h0365,0.45199901493300093,scr2011,avaStIn,bevFrtRoadLight
FI,h0366,0.4326171139765777,scr2011,avaStIn,bevFrtRoadLight
FI,h0367,0.42537184676479983,scr2011,avaStIn,bevFrtRoadLight
FI,h0368,0.4276648478494673,scr2011,avaStIn,bevFrtRoadLight
FI,h0369,0.43317780370144005,scr2011,avaStIn,bevFrtRoadLight
FI,h0370,0.4244403929737686,scr2011,avaStIn,bevFrtRoadLight
FI,h0371,0.39810902826774003,scr2011,avaStIn,bevFrtRoadLight
FI,h0372,0.351805009617336,scr2011,avaStIn,bevFrtRoadLight
FI,h0373,0.30389998964037984,scr2011,avaStIn,bevFrtRoadLight
FI,h0374,0.27557726013127576,scr2011,avaStIn,bevFrtRoadLight
FI,h0375,0.28185139851797575,scr2011,avaStIn,bevFrtRoadLight
FI,h0376,0.3273885307468892,scr2011,avaStIn,bevFrtRoadLight
FI,h0377,0.3915946734624394,scr2011,avaStIn,bevFrtRoadLight
FI,h0378,0.46336564370545036,scr2011,avaStIn,bevFrtRoadLight
FI,h0379,0.526475609069496,scr2011,avaStIn,bevFrtRoadLight
FI,h0380,0.5778818879811951,scr2011,avaStIn,bevFrtRoadLight
FI,h0381,0.6070507011789035,scr2011,avaStIn,bevFrtRoadLight
FI,h0382,0.6079501872476674,scr2011,avaStIn,bevFrtRoadLight
FI,h0383,0.5849169235034561,scr2011,avaStIn,bevFrtRoadLight
FI,h0384,0.5483501020925658,scr2011,avaStIn,bevFrtRoadLight
FI,h0385,0.5254703461687369,scr2011,avaStIn,bevFrtRoadLight
FI,h0386,0.5081317932952782,scr2011,avaStIn,bevFrtRoadLight
FI,h0387,0.49755075776430474,scr2011,avaStIn,bevFrtRoadLight
FI,h0388,0.47501810053413557,scr2011,avaStIn,bevFrtRoadLight
FI,h0389,0.45199901493300093,scr2011,avaStIn,bevFrtRoadLight
FI,h0390,0.4326171139765777,scr2011,avaStIn,bevFrtRoadLight
FI,h0391,0.40793603108458326,scr2011,avaStIn,bevFrtRoadLight
FI,h0392,0.39786250383483696,scr2011,avaStIn,bevFrtRoadLight
FI,h0393,0.3995885000442824,scr2011,avaStIn,bevFrtRoadLight
FI,h0394,0.4101381139863069,scr2011,avaStIn,bevFrtRoadLight
FI,h0395,0.3993074674603107,scr2011,avaStIn,bevFrtRoadLight
FI,h0396,0.3567007734162259,scr2011,avaStIn,bevFrtRoadLight
FI,h0397,0.4041503392203238,scr2011,avaStIn,bevFrtRoadLight
FI,h0398,0.4476847573510618,scr2011,avaStIn,bevFrtRoadLight
FI,h0399,0.4955374531835875,scr2011,avaStIn,bevFrtRoadLight
FI,h0400,0.4542442586158291,scr2011,avaStIn,bevFrtRoadLight
FI,h0401,0.4212820877816386,scr2011,avaStIn,bevFrtRoadLight
FI,h0402,0.40349092388744084,scr2011,avaStIn,bevFrtRoadLight
FI,h0403,0.3880713815348768,scr2011,avaStIn,bevFrtRoadLight
FI,h0404,0.3753582116188943,scr2011,avaStIn,bevFrtRoadLight
FI,h0405,0.3507189311524727,scr2011,avaStIn,bevFrtRoadLight
FI,h0406,0.31190996289315026,scr2011,avaStIn,bevFrtRoadLight
FI,h0407,0.2678335745963705,scr2011,avaStIn,bevFrtRoadLight
FI,h0408,0.23523187451793154,scr2011,avaStIn,bevFrtRoadLight
FI,h0409,0.28048656175765735,scr2011,avaStIn,bevFrtRoadLight
FI,h0410,0.3425122697993718,scr2011,avaStIn,bevFrtRoadLight
FI,h0411,0.40712743601677065,scr2011,avaStIn,bevFrtRoadLight
FI,h0412,0.4268707928932293,scr2011,avaStIn,bevFrtRoadLight
FI,h0413,0.4378903855523765,scr2011,avaStIn,bevFrtRoadLight
FI,h0414,0.4543422498691934,scr2011,avaStIn,bevFrtRoadLight
FI,h0415,0.5176382610803405,scr2011,avaStIn,bevFrtRoadLight
FI,h0416,0.5849527839367337,scr2011,avaStIn,bevFrtRoadLight
FI,h0417,0.6407291256079393,scr2011,avaStIn,bevFrtRoadLight
FI,h0418,0.648916667,scr2011,avaStIn,bevFrtRoadLight
FI,h0419,0.6398287207412086,scr2011,avaStIn,bevFrtRoadLight
FI,h0420,0.615144421172021,scr2011,avaStIn,bevFrtRoadLight
FI,h0421,0.5791035442682768,scr2011,avaStIn,bevFrtRoadLight
FI,h0422,0.5374942054623928,scr2011,avaStIn,bevFrtRoadLight
FI,h0423,0.4955374531835875,scr2011,avaStIn,bevFrtRoadLight
FI,h0424,0.4542442586158291,scr2011,avaStIn,bevFrtRoadLight
FI,h0425,0.4212820877816386,scr2011,avaStIn,bevFrtRoadLight
FI,h0426,0.40349092388744084,scr2011,avaStIn,bevFrtRoadLight
FI,h0427,0.39580205446884725,scr2011,avaStIn,bevFrtRoadLight
FI,h0428,0.3906798200666239,scr2011,avaStIn,bevFrtRoadLight
FI,h0429,0.3773711612383875,scr2011,avaStIn,bevFrtRoadLight
FI,h0430,0.3461356730709699,scr2011,avaStIn,bevFrtRoadLight
FI,h0431,0.30875150341473095,scr2011,avaStIn,bevFrtRoadLight
FI,h0432,0.2787960842643315,scr2011,avaStIn,bevFrtRoadLight
FI,h0433,0.3071358468676361,scr2011,avaStIn,bevFrtRoadLight
FI,h0434,0.3550193798223838,scr2011,avaStIn,bevFrtRoadLight
FI,h0435,0.40712743601677065,scr2011,avaStIn,bevFrtRoadLight
FI,h0436,0.4268707928932293,scr2011,avaStIn,bevFrtRoadLight
FI,h0437,0.4378903855523765,scr2011,avaStIn,bevFrtRoadLight
FI,h0438,0.4543422498691934,scr2011,avaStIn,bevFrtRoadLight
FI,h0439,0.48587277215499686,scr2011,avaStIn,bevFrtRoadLight
FI,h0440,0.5291767067485698,scr2011,avaStIn,bevFrtRoadLight
FI,h0441,0.5695703515713371,scr2011,avaStIn,bevFrtRoadLight
FI,h0442,0.5969876037561683,scr2011,avaStIn,bevFrtRoadLight
FI,h0443,0.6074971913610454,scr2011,avaStIn,bevFrtRoadLight
FI,h0444,0.6000100054494701,scr2011,avaStIn,bevFrtRoadLight
FI,h0445,0.5749025389682099,scr2011,avaStIn,bevFrtRoadLight
FI,h0446,0.5380051395763279,scr2011,avaStIn,bevFrtRoadLight
FI,h0447,0.4955374531835875,scr2011,avaStIn,bevFrtRoadLight
FI,h0448,0.4542442586158291,scr2011,avaStIn,bevFrtRoadLight
FI,h0449,0.4212820877816386,scr2011,avaStIn,bevFrtRoadLight
FI,h0450,0.40349092388744084,scr2011,avaStIn,bevFrtRoadLight
FI,h0451,0.39580205446884725,scr2011,avaStIn,bevFrtRoadLight
FI,h0452,0.3906798200666239,scr2011,avaStIn,bevFrtRoadLight
FI,h0453,0.3773711612383875,scr2011,avaStIn,bevFrtRoadLight
FI,h0454,0.3461356730709699,scr2011,avaStIn,bevFrtRoadLight
FI,h0455,0.30875150341473095,scr2011,avaStIn,bevFrtRoadLight
FI,h0456,0.2787960842643315,scr2011,avaStIn,bevFrtRoadLight
FI,h0457,0.30375090267424804,scr2011,avaStIn,bevFrtRoadLight
FI,h0458,0.3330411984835136,scr2011,avaStIn,bevFrtRoadLight
FI,h0459,0.3629168834376801,scr2011,avaStIn,bevFrtRoadLight
FI,h0460,0.37094662163702835,scr2011,avaStIn,bevFrtRoadLight
FI,h0461,0.3990691513435753,scr2011,avaStIn,bevFrtRoadLight
FI,h0462,0.4431358704852784,scr2011,avaStIn,bevFrtRoadLight
FI,h0463,0.49456203496038703,scr2011,avaStIn,bevFrtRoadLight
FI,h0464,0.5399104862874597,scr2011,avaStIn,bevFrtRoadLight
FI,h0465,0.5721232857004457,scr2011,avaStIn,bevFrtRoadLight
FI,h0466,0.586730659153248,scr2011,avaStIn,bevFrtRoadLight
FI,h0467,0.5906659856205043,scr2011,avaStIn,bevFrtRoadLight
FI,h0468,0.5823669061077958,scr2011,avaStIn,bevFrtRoadLight
FI,h0469,0.5527330513011219,scr2011,avaStIn,bevFrtRoadLight
FI,h0470,0.5032590983182406,scr2011,avaStIn,bevFrtRoadLight
FI,h0471,0.4368359940619068,scr2011,avaStIn,bevFrtRoadLight
FI,h0472,0.37155562437412587,scr2011,avaStIn,bevFrtRoadLight
FI,h0473,0.31489452652740507,scr2011,avaStIn,bevFrtRoadLight
FI,h0474,0.2851222046948409,scr2011,avaStIn,bevFrtRoadLight
FI,h0475,0.3046863266974262,scr2011,avaStIn,bevFrtRoadLight
FI,h0476,0.3438174878466404,scr2011,avaStIn,bevFrtRoadLight
FI,h0477,0.39049635340354866,scr2011,avaStIn,bevFrtRoadLight
FI,h0478,0.406539379317612,scr2011,avaStIn,bevFrtRoadLight
FI,h0479,0.40895502615645823,scr2011,avaStIn,bevFrtRoadLight
FI,h0480,0.39420741365117734,scr2011,avaStIn,bevFrtRoadLight
FI,h0481,0.41810100737018757,scr2011,avaStIn,bevFrtRoadLight
FI,h0482,0.4423441034942934,scr2011,avaStIn,bevFrtRoadLight
FI,h0483,0.4658490823624793,scr2011,avaStIn,bevFrtRoadLight
FI,h0484,0.4575405809516427,scr2011,avaStIn,bevFrtRoadLight
FI,h0485,0.45673384350089713,scr2011,avaStIn,bevFrtRoadLight
FI,h0486,0.4707264947039714,scr2011,avaStIn,bevFrtRoadLight
FI,h0487,0.501755266224529,scr2011,avaStIn,bevFrtRoadLight
FI,h0488,0.5390652375194709,scr2011,avaStIn,bevFrtRoadLight
FI,h0489,0.5721232857004457,scr2011,avaStIn,bevFrtRoadLight
FI,h0490,0.586730659153248,scr2011,avaStIn,bevFrtRoadLight
FI,h0491,0.5906659856205043,scr2011,avaStIn,bevFrtRoadLight
FI,h0492,0.5823669061077958,scr2011,avaStIn,bevFrtRoadLight
FI,h0493,0.5527330513011219,scr2011,avaStIn,bevFrtRoadLight
FI,h0494,0.5032590983182406,scr2011,avaStIn,bevFrtRoadLight
FI,h0495,0.4368359940619068,scr2011,avaStIn,bevFrtRoadLight
FI,h0496,0.37155562437412587,scr2011,avaStIn,bevFrtRoadLight
FI,h0497,0.31489452652740507,scr2011,avaStIn,bevFrtRoadLight
FI,h0498,0.2851222046948409,scr2011,avaStIn,bevFrtRoadLight
FI,h0499,0.3046863266974262,scr2011,avaStIn,bevFrtRoadLight
FI,h0500,0.3438174878466404,scr2011,avaStIn,bevFrtRoadLight
FI,h0501,0.39049635340354866,scr2011,avaStIn,bevFrtRoadLight
FI,h0502,0.406539379317612,scr2011,avaStIn,bevFrtRoadLight
FI,h0503,0.40895502615645823,scr2011,avaStIn,bevFrtRoadLight
FI,h0504,0.39420741365117734,scr2011,avaStIn,bevFrtRoadLight
FR,h0337,0.3678036568409198,scr2011,avaStIn,bevFrtRoadLight
FR,h0338,0.38100501157978334,scr2011,avaStIn,bevFrtRoadLight
FR,h0339,0.42032176592981213,scr2011,avaStIn,bevFrtRoadLight
FR,h0340,0.4678707275631267,scr2011,avaStIn,bevFrtRoadLight
FR,h0341,0.49735170425311465,scr2011,avaStIn,bevFrtRoadLight
FR,h0342,0.49246620022282833,scr2011,avaStIn,bevFrtRoadLight
FR,h0343,0.46957643614972294,scr2011,avaStIn,bevFrtRoadLight
FR,h0344,0.44291495111013074,scr2011,avaStIn,bevFrtRoadLight
FR,h0345,0.43317780370143993,scr2011,avaStIn,bevFrtRoadLight
FR,h0346,0.4244403929737685,scr2011,avaStIn,bevFrtRoadLight
FR,h0347,0.39810902826774003,scr2011,avaStIn,bevFrtRoadLight
FR,h0348,0.351805009617336,scr2011,avaStIn,bevFrtRoadLight
FR,h0349,0.30389998964037984,scr2011,avaStIn,bevFrtRoadLight
FR,h0350,0.27557726013127565,scr2011,avaStIn,bevFrtRoadLight
FR,h0351,0.28185139851797564,scr2011,avaStIn,bevFrtRoadLight
FR,h0352,0.3273885307468892,scr2011,avaStIn,bevFrtRoadLight
FR,h0353,0.39159467346243965,scr2011,avaStIn,bevFrtRoadLight
FR,h0354,0.4633656437054506,scr2011,avaStIn,bevFrtRoadLight
FR,h0355,0.527956642454245,scr2011,avaStIn,bevFrtRoadLight
FR,h0356,0.5755570526745455,scr2011,avaStIn,bevFrtRoadLight
FR,h0357,0.5975822668314505,scr2011,avaStIn,bevFrtRoadLight
FR,h0358,0.6006542847867082,scr2011,avaStIn,bevFrtRoadLight
FR,h0359,0.5911867094147227,scr2011,avaStIn,bevFrtRoadLight
FR,h0360,0.5759821519560271,scr2011,avaStIn,bevFrtRoadLight
FR,h0361,0.5498241784401583,scr2011,avaStIn,bevFrtRoadLight
FR,h0362,0.5224639091238412,scr2011,avaStIn,bevFrtRoadLight
FR,h0363,0.49755075776430485,scr2011,avaStIn,bevFrtRoadLight
FR,h0364,0.4750181005341357,scr2011,avaStIn,bevFrtRoadLight
FR,h0365,0.45199901493300104,scr2011,avaStIn,bevFrtRoadLight
FR,h0366,0.4326171139765776,scr2011,avaStIn,bevFrtRoadLight
FR,h0367,0.4253718467647997,scr2011,avaStIn,bevFrtRoadLight
FR,h0368,0.4276648478494673,scr2011,avaStIn,bevFrtRoadLight
FR,h0369,0.43317780370143993,scr2011,avaStIn,bevFrtRoadLight
FR,h0370,0.4244403929737685,scr2011,avaStIn,bevFrtRoadLight
FR,h0371,0.39810902826774003,scr2011,avaStIn,bevFrtRoadLight
FR,h0372,0.351805009617336,scr2011,avaStIn,bevFrtRoadLight
FR,h0373,0.30389998964037984,scr2011,avaStIn,bevFrtRoadLight
FR,h0374,0.27557726013127565,scr2011,avaStIn,bevFrtRoadLight
FR,h0375,0.28185139851797564,scr2011,avaStIn,bevFrtRoadLight
FR,h0376,0.3273885307468892,scr2011,avaStIn,bevFrtRoadLight
FR,h0377,0.39159467346243965,scr2011,avaStIn,bevFrtRoadLight
FR,h0378,0.4633656437054506,scr2011,avaStIn,bevFrtRoadLight
FR,h0379,0.526475609069496,scr2011,avaStIn,bevFrtRoadLight
FR,h0380,0.5778818879811953,scr2011,avaStIn,bevFrtRoadLight
FR,h0381,0.6070507011789037,scr2011,avaStIn,bevFrtRoadLight
FR,h0382,0.6079501872476676,scr2011,avaStIn,bevFrtRoadLight
FR,h0383,0.5849169235034561,scr2011,avaStIn,bevFrtRoadLight
FR,h0384,0.5483501020925658,scr2011,avaStIn,bevFrtRoadLight
FR,h0385,0.5254703461687369,scr2011,avaStIn,bevFrtRoadLight
FR,h0386,0.5081317932952785,scr2011,avaStIn,bevFrtRoadLight
FR,h0387,0.49755075776430485,scr2011,avaStIn,bevFrtRoadLight
FR,h0388,0.4750181005341357,scr2011,avaStIn,bevFrtRoadLight
FR,h0389,0.45199901493300104,scr2011,avaStIn,bevFrtRoadLight
FR,h0390,0.4326171139765776,scr2011,avaStIn,bevFrtRoadLight
FR,h0391,0.4079360310845835,scr2011,avaStIn,bevFrtRoadLight
FR,h0392,0.39786250383483684,scr2011,avaStIn,bevFrtRoadLight
FR,h0393,0.3995885000442824,scr2011,avaStIn,bevFrtRoadLight
FR,h0394,0.4101381139863069,scr2011,avaStIn,bevFrtRoadLight
FR,h0395,0.3993074674603108,scr2011,avaStIn,bevFrtRoadLight
FR,h0396,0.3567007734162259,scr2011,avaStIn,bevFrtRoadLight
FR,h0397,0.4041503392203238,scr2011,avaStIn,bevFrtRoadLight
FR,h0398,0.447684757351062,scr2011,avaStIn,bevFrtRoadLight
FR,h0399,0.4955374531835876,scr2011,avaStIn,bevFrtRoadLight
FR,h0400,0.4542442586158291,scr2011,avaStIn,bevFrtRoadLight
FR,h0401,0.4212820877816387,scr2011,avaStIn,bevFrtRoadLight
FR,h0402,0.40349092388744084,scr2011,avaStIn,bevFrtRoadLight
FR,h0403,0.3880713815348768,scr2011,avaStIn,bevFrtRoadLight
FR,h0404,0.3753582116188943,scr2011,avaStIn,bevFrtRoadLight
FR,h0405,0.3507189311524727,scr2011,avaStIn,bevFrtRoadLight
FR,h0406,0.31190996289315026,scr2011,avaStIn,bevFrtRoadLight
FR,h0407,0.2678335745963704,scr2011,avaStIn,bevFrtRoadLight
FR,h0408,0.23523187451793165,scr2011,avaStIn,bevFrtRoadLight
FR,h0409,0.28048656175765735,scr2011,avaStIn,bevFrtRoadLight
FR,h0410,0.3425122697993718,scr2011,avaStIn,bevFrtRoadLight
FR,h0411,0.40712743601677076,scr2011,avaStIn,bevFrtRoadLight
FR,h0412,0.4268707928932293,scr2011,avaStIn,bevFrtRoadLight
FR,h0413,0.4378903855523765,scr2011,avaStIn,bevFrtRoadLight
FR,h0414,0.4543422498691934,scr2011,avaStIn,bevFrtRoadLight
FR,h0415,0.5176382610803407,scr2011,avaStIn,bevFrtRoadLight
FR,h0416,0.5849527839367337,scr2011,avaStIn,bevFrtRoadLight
FR,h0417,0.6407291256079393,scr2011,avaStIn,bevFrtRoadLight
FR,h0418,0.648916667,scr2011,avaStIn,bevFrtRoadLight
FR,h0419,0.6398287207412086,scr2011,avaStIn,bevFrtRoadLight
FR,h0420,0.615144421172021,scr2011,avaStIn,bevFrtRoadLight
FR,h0421,0.579103544268277,scr2011,avaStIn,bevFrtRoadLight
FR,h0422,0.537494205462393,scr2011,avaStIn,bevFrtRoadLight
FR,h0423,0.4955374531835876,scr2011,avaStIn,bevFrtRoadLight
FR,h0424,0.4542442586158291,scr2011,avaStIn,bevFrtRoadLight
FR,h0425,0.4212820877816387,scr2011,avaStIn,bevFrtRoadLight
FR,h0426,0.40349092388744084,scr2011,avaStIn,bevFrtRoadLight
FR,h0427,0.39580205446884714,scr2011,avaStIn,bevFrtRoadLight
FR,h0428,0.3906798200666238,scr2011,avaStIn,bevFrtRoadLight
FR,h0429,0.37737116123838726,scr2011,avaStIn,bevFrtRoadLight
FR,h0430,0.34613567307096976,scr2011,avaStIn,bevFrtRoadLight
FR,h0431,0.30875150341473084,scr2011,avaStIn,bevFrtRoadLight
FR,h0432,0.2787960842643314,scr2011,avaStIn,bevFrtRoadLight
FR,h0433,0.3071358468676361,scr2011,avaStIn,bevFrtRoadLight
FR,h0434,0.3550193798223838,scr2011,avaStIn,bevFrtRoadLight
FR,h0435,0.40712743601677076,scr2011,avaStIn,bevFrtRoadLight
FR,h0436,0.4268707928932293,scr2011,avaStIn,bevFrtRoadLight
FR,h0437,0.4378903855523765,scr2011,avaStIn,bevFrtRoadLight
FR,h0438,0.4543422498691934,scr2011,avaStIn,bevFrtRoadLight
FR,h0439,0.48587277215499697,scr2011,avaStIn,bevFrtRoadLight
FR,h0440,0.52917670674857,scr2011,avaStIn,bevFrtRoadLight
FR,h0441,0.5695703515713373,scr2011,avaStIn,bevFrtRoadLight
FR,h0442,0.5969876037561686,scr2011,avaStIn,bevFrtRoadLight
FR,h0443,0.6074971913610456,scr2011,avaStIn,bevFrtRoadLight
FR,h0444,0.6000100054494706,scr2011,avaStIn,bevFrtRoadLight
FR,h0445,0.5749025389682101,scr2011,avaStIn,bevFrtRoadLight
FR,h0446,0.5380051395763281,scr2011,avaStIn,bevFrtRoadLight
FR,h0447,0.4955374531835876,scr2011,avaStIn,bevFrtRoadLight
FR,h0448,0.4542442586158291,scr2011,avaStIn,bevFrtRoadLight
FR,h0449,0.4212820877816387,scr2011,avaStIn,bevFrtRoadLight
FR,h0450,0.40349092388744084,scr2011,avaStIn,bevFrtRoadLight
FR,h0451,0.39580205446884714,scr2011,avaStIn,bevFrtRoadLight
FR,h0452,0.3906798200666238,scr2011,avaStIn,bevFrtRoadLight
FR,h0453,0.37737116123838726,scr2011,avaStIn,bevFrtRoadLight
FR,h0454,0.34613567307096976,scr2011,avaStIn,bevFrtRoadLight
FR,h0455,0.30875150341473084,scr2011,avaStIn,bevFrtRoadLight
FR,h0456,0.2787960842643314,scr2011,avaStIn,bevFrtRoadLight
FR,h0457,0.30375090267424804,scr2011,avaStIn,bevFrtRoadLight
FR,h0458,0.3330411984835136,scr2011,avaStIn,bevFrtRoadLight
FR,h0459,0.3629168834376801,scr2011,avaStIn,bevFrtRoadLight
FR,h0460,0.37094662163702835,scr2011,avaStIn,bevFrtRoadLight
FR,h0461,0.3990691513435753,scr2011,avaStIn,bevFrtRoadLight
FR,h0462,0.4431358704852783,scr2011,avaStIn,bevFrtRoadLight
FR,h0463,0.4945620349603869,scr2011,avaStIn,bevFrtRoadLight
FR,h0464,0.5399104862874597,scr2011,avaStIn,bevFrtRoadLight
FR,h0465,0.5721232857004457,scr2011,avaStIn,bevFrtRoadLight
FR,h0466,0.5867306591532482,scr2011,avaStIn,bevFrtRoadLight
FR,h0467,0.5906659856205043,scr2011,avaStIn,bevFrtRoadLight
FR,h0468,0.5823669061077961,scr2011,avaStIn,bevFrtRoadLight
FR,h0469,0.5527330513011222,scr2011,avaStIn,bevFrtRoadLight
FR,h0470,0.5032590983182406,scr2011,avaStIn,bevFrtRoadLight
FR,h0471,0.4368359940619068,scr2011,avaStIn,bevFrtRoadLight
FR,h0472,0.37155562437412587,scr2011,avaStIn,bevFrtRoadLight
FR,h0473,0.3148945265274052,scr2011,avaStIn,bevFrtRoadLight
FR,h0474,0.2851222046948408,scr2011,avaStIn,bevFrtRoadLight
FR,h0475,0.3046863266974262,scr2011,avaStIn,bevFrtRoadLight
FR,h0476,0.3438174878466404,scr2011,avaStIn,bevFrtRoadLight
FR,h0477,0.3904963534035489,scr2011,avaStIn,bevFrtRoadLight
FR,h0478,0.406539379317612,scr2011,avaStIn,bevFrtRoadLight
FR,h0479,0.40895502615645835,scr2011,avaStIn,bevFrtRoadLight
FR,h0480,0.39420741365117723,scr2011,avaStIn,bevFrtRoadLight
FR,h0481,0.41810100737018746,scr2011,avaStIn,bevFrtRoadLight
FR,h0482,0.44234410349429326,scr2011,avaStIn,bevFrtRoadLight
FR,h0483,0.4658490823624792,scr2011,avaStIn,bevFrtRoadLight
FR,h0484,0.4575405809516427,scr2011,avaStIn,bevFrtRoadLight
FR,h0485,0.45673384350089713,scr2011,avaStIn,bevFrtRoadLight
FR,h0486,0.4707264947039714,scr2011,avaStIn,bevFrtRoadLight
FR,h0487,0.501755266224529,scr2011,avaStIn,bevFrtRoadLight
FR,h0488,0.5390652375194709,scr2011,avaStIn,bevFrtRoadLight
FR,h0489,0.5721232857004457,scr2011,avaStIn,bevFrtRoadLight
FR,h0490,0.5867306591532482,scr2011,avaStIn,bevFrtRoadLight
FR,h0491,0.5906659856205043,scr2011,avaStIn,bevFrtRoadLight
FR,h0492,0.5823669061077961,scr2011,avaStIn,bevFrtRoadLight
FR,h0493,0.5527330513011222,scr2011,avaStIn,bevFrtRoadLight
FR,h0494,0.5032590983182406,scr2011,avaStIn,bevFrtRoadLight
FR,h0495,0.4368359940619068,scr2011,avaStIn,bevFrtRoadLight
FR,h0496,0.37155562437412587,scr2011,avaStIn,bevFrtRoadLight
FR,h0497,0.3148945265274052,scr2011,avaStIn,bevFrtRoadLight
FR,h0498,0.2851222046948408,scr2011,avaStIn,bevFrtRoadLight
FR,h0499,0.3046863266974262,scr2011,avaStIn,bevFrtRoadLight
FR,h0500,0.3438174878466404,scr2011,avaStIn,bevFrtRoadLight
FR,h0501,0.3904963534035489,scr2011,avaStIn,bevFrtRoadLight
FR,h0502,0.406539379317612,scr2011,avaStIn,bevFrtRoadLight
FR,h0503,0.40895502615645835,scr2011,avaStIn,bevFrtRoadLight
FR,h0504,0.39420741365117723,scr2011,avaStIn,bevFrtRoadLight
IT,h0337,0.3678036568409197,scr2011,avaStIn,bevFrtRoadLight
IT,h0338,0.3810050115797832,scr2011,avaStIn,bevFrtRoadLight
IT,h0339,0.42032176592981213,scr2011,avaStIn,bevFrtRoadLight
IT,h0340,0.4678707275631267,scr2011,avaStIn,bevFrtRoadLight
IT,h0341,0.49735170425311476,scr2011,avaStIn,bevFrtRoadLight
IT,h0342,0.4924662002228282,scr2011,avaStIn,bevFrtRoadLight
IT,h0343,0.46957643614972283,scr2011,avaStIn,bevFrtRoadLight
IT,h0344,0.44291495111013063,scr2011,avaStIn,bevFrtRoadLight
IT,h0345,0.43317780370143993,scr2011,avaStIn,bevFrtRoadLight
IT,h0346,0.4244403929737685,scr2011,avaStIn,bevFrtRoadLight
IT,h0347,0.3981090282677399,scr2011,avaStIn,bevFrtRoadLight
IT,h0348,0.3518050096173359,scr2011,avaStIn,bevFrtRoadLight
IT,h0349,0.30389998964037973,scr2011,avaStIn,bevFrtRoadLight
IT,h0350,0.27557726013127565,scr2011,avaStIn,bevFrtRoadLight
IT,h0351,0.28185139851797564,scr2011,avaStIn,bevFrtRoadLight
IT,h0352,0.32738853074688906,scr2011,avaStIn,bevFrtRoadLight
IT,h0353,0.3915946734624394,scr2011,avaStIn,bevFrtRoadLight
IT,h0354,0.46336564370545025,scr2011,avaStIn,bevFrtRoadLight
IT,h0355,0.5279566424542448,scr2011,avaStIn,bevFrtRoadLight
IT,h0356,0.5755570526745453,scr2011,avaStIn,bevFrtRoadLight
IT,h0357,0.5975822668314503,scr2011,avaStIn,bevFrtRoadLight
IT,h0358,0.600654284786708,scr2011,avaStIn,bevFrtRoadLight
IT,h0359,0.5911867094147227,scr2011,avaStIn,bevFrtRoadLight
IT,h0360,0.5759821519560271,scr2011,avaStIn,bevFrtRoadLight
IT,h0361,0.5498241784401583,scr2011,avaStIn,bevFrtRoadLight
IT,h0362,0.5224639091238412,scr2011,avaStIn,bevFrtRoadLight
IT,h0363,0.49755075776430463,scr2011,avaStIn,bevFrtRoadLight
IT,h0364,0.47501810053413546,scr2011,avaStIn,bevFrtRoadLight
IT,h0365,0.4519990149330008,scr2011,avaStIn,bevFrtRoadLight
IT,h0366,0.4326171139765776,scr2011,avaStIn,bevFrtRoadLight
IT,h0367,0.4253718467647997,scr2011,avaStIn,bevFrtRoadLight
IT,h0368,0.4276648478494672,scr2011,avaStIn,bevFrtRoadLight
IT,h0369,0.43317780370143993,scr2011,avaStIn,bevFrtRoadLight
IT,h0370,0.4244403929737685,scr2011,avaStIn,bevFrtRoadLight
IT,h0371,0.3981090282677399,scr2011,avaStIn,bevFrtRoadLight
IT,h0372,0.3518050096173359,scr2011,avaStIn,bevFrtRoadLight
IT,h0373,0.30389998964037973,scr2011,avaStIn,bevFrtRoadLight
IT,h0374,0.27557726013127565,scr2011,avaStIn,bevFrtRoadLight
IT,h0375,0.28185139851797564,scr2011,avaStIn,bevFrtRoadLight
IT,h0376,0.32738853074688906,scr2011,avaStIn,bevFrtRoadLight
IT,h0377,0.3915946734624394,scr2011,avaStIn,bevFrtRoadLight
IT,h0378,0.46336564370545025,scr2011,avaStIn,bevFrtRoadLight
IT,h0379,0.5264756090694958,scr2011,avaStIn,bevFrtRoadLight
IT,h0380,0.5778818879811951,scr2011,avaStIn,bevFrtRoadLight
IT,h0381,0.6070507011789035,scr2011,avaStIn,bevFrtRoadLight
IT,h0382,0.6079501872476676,scr2011,avaStIn,bevFrtRoadLight
IT,h0383,0.5849169235034559,scr2011,avaStIn,bevFrtRoadLight
IT,h0384,0.5483501020925656,scr2011,avaStIn,bevFrtRoadLight
IT,h0385,0.5254703461687369,scr2011,avaStIn,bevFrtRoadLight
IT,h0386,0.508131793295278,scr2011,avaStIn,bevFrtRoadLight
IT,h0387,0.49755075776430463,scr2011,avaStIn,bevFrtRoadLight
IT,h0388,0.47501810053413546,scr2011,avaStIn,bevFrtRoadLight
IT,h0389,0.4519990149330008,scr2011,avaStIn,bevFrtRoadLight
IT,h0390,0.4326171139765776,scr2011,avaStIn,bevFrtRoadLight
IT,h0391,0.40793603108458315,scr2011,avaStIn,bevFrtRoadLight
IT,h0392,0.39786250383483684,scr2011,avaStIn,bevFrtRoadLight
IT,h0393,0.3995885000442822,scr2011,avaStIn,bevFrtRoadLight
IT,h0394,0.4101381139863068,scr2011,avaStIn,bevFrtRoadLight
IT,h0395,0.3993074674603106,scr2011,avaStIn,bevFrtRoadLight
IT,h0396,0.3567007734162258,scr2011,avaStIn,bevFrtRoadLight
IT,h0397,0.4041503392203237,scr2011,avaStIn,bevFrtRoadLight
IT,h0398,0.44768475735106167,scr2011,avaStIn,bevFrtRoadLight
IT,h0399,0.4955374531835875,scr2011,avaStIn,bevFrtRoadLight
IT,h0400,0.454244258615829,scr2011,avaStIn,bevFrtRoadLight
IT,h0401,0.4212820877816385,scr2011,avaStIn,bevFrtRoadLight
IT,h0402,0.40349092388744073,scr2011,avaStIn,bevFrtRoadLight
IT,h0403,0.3880713815348768,scr2011,avaStIn,bevFrtRoadLight
IT,h0404,0.3753582116188942,scr2011,avaStIn,bevFrtRoadLight
IT,h0405,0.3507189311524726,scr2011,avaStIn,bevFrtRoadLight
IT,h0406,0.31190996289315015,scr2011,avaStIn,bevFrtRoadLight
IT,h0407,0.2678335745963704,scr2011,avaStIn,bevFrtRoadLight
IT,h0408,0.23523187451793143,scr2011,avaStIn,bevFrtRoadLight
IT,h0409,0.28048656175765724,scr2011,avaStIn,bevFrtRoadLight
IT,h0410,0.3425122697993717,scr2011,avaStIn,bevFrtRoadLight
IT,h0411,0.40712743601677054,scr2011,avaStIn,bevFrtRoadLight
IT,h0412,0.426870792893229,scr2011,avaStIn,bevFrtRoadLight
IT,h0413,0.4378903855523764,scr2011,avaStIn,bevFrtRoadLight
IT,h0414,0.4543422498691933,scr2011,avaStIn,bevFrtRoadLight
IT,h0415,0.5176382610803405,scr2011,avaStIn,bevFrtRoadLight
IT,h0416,0.5849527839367334,scr2011,avaStIn,bevFrtRoadLight
IT,h0417,0.6407291256079393,scr2011,avaStIn,bevFrtRoadLight
IT,h0418,0.648916667,scr2011,avaStIn,bevFrtRoadLight
IT,h0419,0.6398287207412083,scr2011,avaStIn,bevFrtRoadLight
IT,h0420,0.6151444211720207,scr2011,avaStIn,bevFrtRoadLight
IT,h0421,0.5791035442682766,scr2011,avaStIn,bevFrtRoadLight
IT,h0422,0.5374942054623928,scr2011,avaStIn,bevFrtRoadLight
IT,h0423,0.4955374531835875,scr2011,avaStIn,bevFrtRoadLight
IT,h0424,0.454244258615829,scr2011,avaStIn,bevFrtRoadLight
IT,h0425,0.4212820877816385,scr2011,avaStIn,bevFrtRoadLight
IT,h0426,0.40349092388744073,scr2011,avaStIn,bevFrtRoadLight
IT,h0427,0.39580205446884714,scr2011,avaStIn,bevFrtRoadLight
IT,h0428,0.3906798200666238,scr2011,avaStIn,bevFrtRoadLight
IT,h0429,0.3773711612383874,scr2011,avaStIn,bevFrtRoadLight
IT,h0430,0.3461356730709699,scr2011,avaStIn,bevFrtRoadLight
IT,h0431,0.30875150341473084,scr2011,avaStIn,bevFrtRoadLight
IT,h0432,0.2787960842643314,scr2011,avaStIn,bevFrtRoadLight
IT,h0433,0.307135846867636,scr2011,avaStIn,bevFrtRoadLight
IT,h0434,0.3550193798223837,scr2011,avaStIn,bevFrtRoadLight
IT,h0435,0.40712743601677054,scr2011,avaStIn,bevFrtRoadLight
IT,h0436,0.426870792893229,scr2011,avaStIn,bevFrtRoadLight
IT,h0437,0.4378903855523764,scr2011,avaStIn,bevFrtRoadLight
IT,h0438,0.4543422498691933,scr2011,avaStIn,bevFrtRoadLight
IT,h0439,0.48587277215499675,scr2011,avaStIn,bevFrtRoadLight
IT,h0440,0.52917670674857,scr2011,avaStIn,bevFrtRoadLight
IT,h0441,0.5695703515713368,scr2011,avaStIn,bevFrtRoadLight
IT,h0442,0.5969876037561683,scr2011,avaStIn,bevFrtRoadLight
IT,h0443,0.6074971913610454,scr2011,avaStIn,bevFrtRoadLight
IT,h0444,0.6000100054494704,scr2011,avaStIn,bevFrtRoadLight
IT,h0445,0.5749025389682101,scr2011,avaStIn,bevFrtRoadLight
IT,h0446,0.5380051395763279,scr2011,avaStIn,bevFrtRoadLight
IT,h0447,0.4955374531835875,scr2011,avaStIn,bevFrtRoadLight
IT,h0448,0.454244258615829,scr2011,avaStIn,bevFrtRoadLight
IT,h0449,0.4212820877816385,scr2011,avaStIn,bevFrtRoadLight
IT,h0450,0.40349092388744073,scr2011,avaStIn,bevFrtRoadLight
IT,h0451,0.39580205446884714,scr2011,avaStIn,bevFrtRoadLight
IT,h0452,0.3906798200666238,scr2011,avaStIn,bevFrtRoadLight
IT,h0453,0.3773711612383874,scr2011,avaStIn,bevFrtRoadLight
IT,h0454,0.3461356730709699,scr2011,avaStIn,bevFrtRoadLight
IT,h0455,0.30875150341473084,scr2011,avaStIn,bevFrtRoadLight
IT,h0456,0.2787960842643314,scr2011,avaStIn,bevFrtRoadLight
IT,h0457,0.3037509026742479,scr2011,avaStIn,bevFrtRoadLight
IT,h0458,0.3330411984835135,scr2011,avaStIn,bevFrtRoadLight
IT,h0459,0.36291688343767997,scr2011,avaStIn,bevFrtRoadLight
IT,h0460,0.37094662163702824,scr2011,avaStIn,bevFrtRoadLight
IT,h0461,0.3990691513435752,scr2011,avaStIn,bevFrtRoadLight
IT,h0462,0.4431358704852783,scr2011,avaStIn,bevFrtRoadLight
IT,h0463,0.4945620349603869,scr2011,avaStIn,bevFrtRoadLight
IT,h0464,0.5399104862874597,scr2011,avaStIn,bevFrtRoadLight
IT,h0465,0.5721232857004457,scr2011,avaStIn,bevFrtRoadLight
IT,h0466,0.5867306591532482,scr2011,avaStIn,bevFrtRoadLight
IT,h0467,0.5906659856205041,scr2011,avaStIn,bevFrtRoadLight
IT,h0468,0.5823669061077958,scr2011,avaStIn,bevFrtRoadLight
IT,h0469,0.5527330513011219,scr2011,avaStIn,bevFrtRoadLight
IT,h0470,0.5032590983182406,scr2011,avaStIn,bevFrtRoadLight
IT,h0471,0.4368359940619067,scr2011,avaStIn,bevFrtRoadLight
IT,h0472,0.37155562437412576,scr2011,avaStIn,bevFrtRoadLight
IT,h0473,0.31489452652740496,scr2011,avaStIn,bevFrtRoadLight
IT,h0474,0.2851222046948408,scr2011,avaStIn,bevFrtRoadLight
IT,h0475,0.30468632669742607,scr2011,avaStIn,bevFrtRoadLight
IT,h0476,0.3438174878466403,scr2011,avaStIn,bevFrtRoadLight
IT,h0477,0.39049635340354855,scr2011,avaStIn,bevFrtRoadLight
IT,h0478,0.4065393793176118,scr2011,avaStIn,bevFrtRoadLight
IT,h0479,0.4089550261564581,scr2011,avaStIn,bevFrtRoadLight
IT,h0480,0.39420741365117723,scr2011,avaStIn,bevFrtRoadLight
IT,h0481,0.41810100737018746,scr2011,avaStIn,bevFrtRoadLight
IT,h0482,0.44234410349429315,scr2011,avaStIn,bevFrtRoadLight
IT,h0483,0.4658490823624792,scr2011,avaStIn,bevFrtRoadLight
IT,h0484,0.4575405809516426,scr2011,avaStIn,bevFrtRoadLight
IT,h0485,0.456733843500897,scr2011,avaStIn,bevFrtRoadLight
IT,h0486,0.47072649470397127,scr2011,avaStIn,bevFrtRoadLight
IT,h0487,0.501755266224529,scr2011,avaStIn,bevFrtRoadLight
IT,h0488,0.5390652375194707,scr2011,avaStIn,bevFrtRoadLight
IT,h0489,0.5721232857004457,scr2011,avaStIn,bevFrtRoadLight
IT,h0490,0.5867306591532482,scr2011,avaStIn,bevFrtRoadLight
IT,h0491,0.5906659856205041,scr2011,avaStIn,bevFrtRoadLight
IT,h0492,0.5823669061077958,scr2011,avaStIn,bevFrtRoadLight
IT,h0493,0.5527330513011219,scr2011,avaStIn,bevFrtRoadLight
IT,h0494,0.5032590983182406,scr2011,avaStIn,bevFrtRoadLight
IT,h0495,0.4368359940619067,scr2011,avaStIn,bevFrtRoadLight
IT,h0496,0.37155562437412576,scr2011,avaStIn,bevFrtRoadLight
IT,h0497,0.31489452652740496,scr2011,avaStIn,bevFrtRoadLight
IT,h0498,0.2851222046948408,scr2011,avaStIn,bevFrtRoadLight
IT,h0499,0.30468632669742607,scr2011,avaStIn,bevFrtRoadLight
IT,h0500,0.3438174878466403,scr2011,avaStIn,bevFrtRoadLight
IT,h0501,0.39049635340354855,scr2011,avaStIn,bevFrtRoadLight
IT,h0502,0.4065393793176118,scr2011,avaStIn,bevFrtRoadLight
IT,h0503,0.4089550261564581,scr2011,avaStIn,bevFrtRoadLight
IT,h0504,0.39420741365117723,scr2011,avaStIn,bevFrtRoadLight
NL,h0337,0.3678036568409198,scr2011,avaStIn,bevFrtRoadLight
NL,h0338,0.38100501157978334,scr2011,avaStIn,bevFrtRoadLight
NL,h0339,0.42032176592981213,scr2011,avaStIn,bevFrtRoadLight
NL,h0340,0.4678707275631267,scr2011,avaStIn,bevFrtRoadLight
NL,h0341,0.49735170425311476,scr2011,avaStIn,bevFrtRoadLight
NL,h0342,0.49246620022282833,scr2011,avaStIn,bevFrtRoadLight
NL,h0343,0.46957643614972294,scr2011,avaStIn,bevFrtRoadLight
NL,h0344,0.44291495111013074,scr2011,avaStIn,bevFrtRoadLight
NL,h0345,0.43317780370144005,scr2011,avaStIn,bevFrtRoadLight
NL,h0346,0.4244403929737686,scr2011,avaStIn,bevFrtRoadLight
NL,h0347,0.39810902826774003,scr2011,avaStIn,bevFrtRoadLight
NL,h0348,0.351805009617336,scr2011,avaStIn,bevFrtRoadLight
NL,h0349,0.30389998964037984,scr2011,avaStIn,bevFrtRoadLight
NL,h0350,0.27557726013127576,scr2011,avaStIn,bevFrtRoadLight
NL,h0351,0.28185139851797575,scr2011,avaStIn,bevFrtRoadLight
NL,h0352,0.3273885307468892,scr2011,avaStIn,bevFrtRoadLight
NL,h0353,0.3915946734624394,scr2011,avaStIn,bevFrtRoadLight
NL,h0354,0.46336564370545036,scr2011,avaStIn,bevFrtRoadLight
NL,h0355,0.527956642454245,scr2011,avaStIn,bevFrtRoadLight
NL,h0356,0.5755570526745453,scr2011,avaStIn,bevFrtRoadLight
NL,h0357,0.5975822668314505,scr2011,avaStIn,bevFrtRoadLight
NL,h0358,0.6006542847867082,scr2011,avaStIn,bevFrtRoadLight
NL,h0359,0.591186709414723,scr2011,avaStIn,bevFrtRoadLight
NL,h0360,0.5759821519560271,scr2011,avaStIn,bevFrtRoadLight
NL,h0361,0.5498241784401583,scr2011,avaStIn,bevFrtRoadLight
NL,h0362,0.5224639091238412,scr2011,avaStIn,bevFrtRoadLight
NL,h0363,0.49755075776430474,scr2011,avaStIn,bevFrtRoadLight
NL,h0364,0.47501810053413557,scr2011,avaStIn,bevFrtRoadLight
NL,h0365,0.45199901493300093,scr2011,avaStIn,bevFrtRoadLight
NL,h0366,0.4326171139765777,scr2011,avaStIn,bevFrtRoadLight
NL,h0367,0.42537184676479983,scr2011,avaStIn,bevFrtRoadLight
NL,h0368,0.4276648478494673,scr2011,avaStIn,bevFrtRoadLight
NL,h0369,0.43317780370144005,scr2011,avaStIn,bevFrtRoadLight
NL,h0370,0.4244403929737686,scr2011,avaStIn,bevFrtRoadLight
NL,h0371,0.39810902826774003,scr2011,avaStIn,bevFrtRoadLight
NL,h0372,0.351805009617336,scr2011,avaStIn,bevFrtRoadLight
NL,h0373,0.30389998964037984,scr2011,avaStIn,bevFrtRoadLight
NL,h0374,0.27557726013127576,scr2011,avaStIn,bevFrtRoadLight
NL,h0375,0.28185139851797575,scr2011,avaStIn,bevFrtRoadLight
NL,h0376,0.3273885307468892,scr2011,avaStIn,bevFrtRoadLight
NL,h0377,0.3915946734624394,scr2011,avaStIn,bevFrtRoadLight
NL,h0378,0.46336564370545036,scr2011,avaStIn,bevFrtRoadLight
NL,h0379,0.526475609069496,scr2011,avaStIn,bevFrtRoadLight
NL,h0380,0.5778818879811951,scr2011,avaStIn,bevFrtRoadLight
NL,h0381,0.6070507011789035,scr2011,avaStIn,bevFrtRoadLight
NL,h0382,0.6079501872476674,scr2011,avaStIn,bevFrtRoadLight
NL,h0383,0.5849169235034561,scr2011,avaStIn,bevFrtRoadLight
NL,h0384,0.5483501020925658,scr2011,avaStIn,bevFrtRoadLight
NL,h0385,0.5254703461687369,scr2011,avaStIn,bevFrtRoadLight
NL,h0386,0.5081317932952782,scr2011,avaStIn,bevFrtRoadLight
NL,h0387,0.49755075776430474,scr2011,avaStIn,bevFrtRoadLight
NL,h0388,0.47501810053413557,scr2011,avaStIn,bevFrtRoadLight
NL,h0389,0.45199901493300093,scr2011,avaStIn,bevFrtRoadLight
NL,h0390,0.4326171139765777,scr2011,avaStIn,bevFrtRoadLight
NL,h0391,0.40793603108458326,scr2011,avaStIn,bevFrtRoadLight
NL,h0392,0.39786250383483696,scr2011,avaStIn,bevFrtRoadLight
NL,h0393,0.3995885000442824,scr2011,avaStIn,bevFrtRoadLight
NL,h0394,0.4101381139863069,scr2011,avaStIn,bevFrtRoadLight
NL,h0395,0.3993074674603107,scr2011,avaStIn,bevFrtRoadLight
NL,h0396,0.3567007734162259,scr2011,avaStIn,bevFrtRoadLight
NL,h0397,0.4041503392203238,scr2011,avaStIn,bevFrtRoadLight
NL,h0398,0.4476847573510618,scr2011,avaStIn,bevFrtRoadLight
NL,h0399,0.4955374531835875,scr2011,avaStIn,bevFrtRoadLight
NL,h0400,0.4542442586158291,scr2011,avaStIn,bevFrtRoadLight
NL,h0401,0.4212820877816386,scr2011,avaStIn,bevFrtRoadLight
NL,h0402,0.40349092388744084,scr2011,avaStIn,bevFrtRoadLight
NL,h0403,0.3880713815348768,scr2011,avaStIn,bevFrtRoadLight
NL,h0404,0.3753582116188943,scr2011,avaStIn,bevFrtRoadLight
NL,h0405,0.3507189311524727,scr2011,avaStIn,bevFrtRoadLight
NL,h0406,0.31190996289315026,scr2011,avaStIn,bevFrtRoadLight
NL,h0407,0.2678335745963705,scr2011,avaStIn,bevFrtRoadLight
NL,h0408,0.23523187451793154,scr2011,avaStIn,bevFrtRoadLight
NL,h0409,0.28048656175765735,scr2011,avaStIn,bevFrtRoadLight
NL,h0410,0.3425122697993718,scr2011,avaStIn,bevFrtRoadLight
NL,h0411,0.40712743601677065,scr2011,avaStIn,bevFrtRoadLight
NL,h0412,0.4268707928932293,scr2011,avaStIn,bevFrtRoadLight
NL,h0413,0.4378903855523765,scr2011,avaStIn,bevFrtRoadLight
NL,h0414,0.4543422498691934,scr2011,avaStIn,bevFrtRoadLight
NL,h0415,0.5176382610803405,scr2011,avaStIn,bevFrtRoadLight
NL,h0416,0.5849527839367337,scr2011,avaStIn,bevFrtRoadLight
NL,h0417,0.6407291256079393,scr2011,avaStIn,bevFrtRoadLight
NL,h0418,0.648916667,scr2011,avaStIn,bevFrtRoadLight
NL,h0419,0.6398287207412086,scr2011,avaStIn,bevFrtRoadLight
NL,h0420,0.615144421172021,scr2011,avaStIn,bevFrtRoadLight
NL,h0421,0.5791035442682768,scr2011,avaStIn,bevFrtRoadLight
NL,h0422,0.5374942054623928,scr2011,avaStIn,bevFrtRoadLight
NL,h0423,0.4955374531835875,scr2011,avaStIn,bevFrtRoadLight
NL,h0424,0.4542442586158291,scr2011,avaStIn,bevFrtRoadLight
NL,h0425,0.4212820877816386,scr2011,avaStIn,bevFrtRoadLight
NL,h0426,0.40349092388744084,scr2011,avaStIn,bevFrtRoadLight
NL,h0427,0.39580205446884725,scr2011,avaStIn,bevFrtRoadLight
NL,h0428,0.3906798200666239,scr2011,avaStIn,bevFrtRoadLight
NL,h0429,0.3773711612383875,scr2011,avaStIn,bevFrtRoadLight
NL,h0430,0.3461356730709699,scr2011,avaStIn,bevFrtRoadLight
NL,h0431,0.30875150341473095,scr2011,avaStIn,bevFrtRoadLight
NL,h0432,0.2787960842643315,scr2011,avaStIn,bevFrtRoadLight
NL,h0433,0.3071358468676361,scr2011,avaStIn,bevFrtRoadLight
NL,h0434,0.3550193798223838,scr2011,avaStIn,bevFrtRoadLight
NL,h0435,0.40712743601677065,scr2011,avaStIn,bevFrtRoadLight
NL,h0436,0.4268707928932293,scr2011,avaStIn,bevFrtRoadLight
NL,h0437,0.4378903855523765,scr2011,avaStIn,bevFrtRoadLight
NL,h0438,0.4543422498691934,scr2011,avaStIn,bevFrtRoadLight
NL,h0439,0.48587277215499686,scr2011,avaStIn,bevFrtRoadLight
NL,h0440,0.5291767067485698,scr2011,avaStIn,bevFrtRoadLight
NL,h0441,0.5695703515713371,scr2011,avaStIn,bevFrtRoadLight
NL,h0442,0.5969876037561683,scr2011,avaStIn,bevFrtRoadLight
NL,h0443,0.6074971913610454,scr2011,avaStIn,bevFrtRoadLight
NL,h0444,0.6000100054494701,scr2011,avaStIn,bevFrtRoadLight
NL,h0445,0.5749025389682099,scr2011,avaStIn,bevFrtRoadLight
NL,h0446,0.5380051395763279,scr2011,avaStIn,bevFrtRoadLight
NL,h0447,0.4955374531835875,scr2011,avaStIn,bevFrtRoadLight
NL,h0448,0.4542442586158291,scr2011,avaStIn,bevFrtRoadLight
NL,h0449,0.4212820877816386,scr2011,avaStIn,bevFrtRoadLight
NL,h0450,0.40349092388744084,scr2011,avaStIn,bevFrtRoadLight
NL,h0451,0.39580205446884725,scr2011,avaStIn,bevFrtRoadLight
NL,h0452,0.3906798200666239,scr2011,avaStIn,bevFrtRoadLight
NL,h0453,0.3773711612383875,scr2011,avaStIn,bevFrtRoadLight
NL,h0454,0.3461356730709699,scr2011,avaStIn,bevFrtRoadLight
NL,h0455,0.30875150341473095,scr2011,avaStIn,bevFrtRoadLight
NL,h0456,0.2787960842643315,scr2011,avaStIn,bevFrtRoadLight
NL,h0457,0.30375090267424804,scr2011,avaStIn,bevFrtRoadLight
NL,h0458,0.3330411984835136,scr2011,avaStIn,bevFrtRoadLight
NL,h0459,0.3629168834376801,scr2011,avaStIn,bevFrtRoadLight
NL,h0460,0.37094662163702835,scr2011,avaStIn,bevFrtRoadLight
NL,h0461,0.3990691513435753,scr2011,avaStIn,bevFrtRoadLight
NL,h0462,0.4431358704852784,scr2011,avaStIn,bevFrtRoadLight
NL,h0463,0.49456203496038703,scr2011,avaStIn,bevFrtRoadLight
NL,h0464,0.5399104862874597,scr2011,avaStIn,bevFrtRoadLight
NL,h0465,0.5721232857004457,scr2011,avaStIn,bevFrtRoadLight
NL,h0466,0.586730659153248,scr2011,avaStIn,bevFrtRoadLight
NL,h0467,0.5906659856205043,scr2011,avaStIn,bevFrtRoadLight
NL,h0468,0.5823669061077958,scr2011,avaStIn,bevFrtRoadLight
NL,h0469,0.5527330513011219,scr2011,avaStIn,bevFrtRoadLight
NL,h0470,0.5032590983182406,scr2011,avaStIn,bevFrtRoadLight
NL,h0471,0.4368359940619068,scr2011,avaStIn,bevFrtRoadLight
NL,h0472,0.37155562437412587,scr2011,avaStIn,bevFrtRoadLight
NL,h0473,0.31489452652740507,scr2011,avaStIn,bevFrtRoadLight
NL,h0474,0.2851222046948409,scr2011,avaStIn,bevFrtRoadLight
NL,h0475,0.3046863266974262,scr2011,avaStIn,bevFrtRoadLight
NL,h0476,0.3438174878466404,scr2011,avaStIn,bevFrtRoadLight
NL,h0477,0.39049635340354866,scr2011,avaStIn,bevFrtRoadLight
NL,h0478,0.406539379317612,scr2011,avaStIn,bevFrtRoadLight
NL,h0479,0.40895502615645823,scr2011,avaStIn,bevFrtRoadLight
NL,h0480,0.39420741365117734,scr2011,avaStIn,bevFrtRoadLight
NL,h0481,0.41810100737018757,scr2011,avaStIn,bevFrtRoadLight
NL,h0482,0.4423441034942934,scr2011,avaStIn,bevFrtRoadLight
NL,h0483,0.4658490823624793,scr2011,avaStIn,bevFrtRoadLight
NL,h0484,0.4575405809516427,scr2011,avaStIn,bevFrtRoadLight
NL,h0485,0.45673384350089713,scr2011,avaStIn,bevFrtRoadLight
NL,h0486,0.4707264947039714,scr2011,avaStIn,bevFrtRoadLight
NL,h0487,0.501755266224529,scr2011,avaStIn,bevFrtRoadLight
NL,h0488,0.5390652375194709,scr2011,avaStIn,bevFrtRoadLight
NL,h0489,0.5721232857004457,scr2011,avaStIn,bevFrtRoadLight
NL,h0490,0.586730659153248,scr2011,avaStIn,bevFrtRoadLight
NL,h0491,0.5906659856205043,scr2011,avaStIn,bevFrtRoadLight
NL,h0492,0.5823669061077958,scr2011,avaStIn,bevFrtRoadLight
NL,h0493,0.5527330513011219,scr2011,avaStIn,bevFrtRoadLight
NL,h0494,0.5032590983182406,scr2011,avaStIn,bevFrtRoadLight
NL,h0495,0.4368359940619068,scr2011,avaStIn,bevFrtRoadLight
NL,h0496,0.37155562437412587,scr2011,avaStIn,bevFrtRoadLight
NL,h0497,0.31489452652740507,scr2011,avaStIn,bevFrtRoadLight
NL,h0498,0.2851222046948409,scr2011,avaStIn,bevFrtRoadLight
NL,h0499,0.3046863266974262,scr2011,avaStIn,bevFrtRoadLight
NL,h0500,0.3438174878466404,scr2011,avaStIn,bevFrtRoadLight
NL,h0501,0.39049635340354866,scr2011,avaStIn,bevFrtRoadLight
NL,h0502,0.406539379317612,scr2011,avaStIn,bevFrtRoadLight
NL,h0503,0.40895502615645823,scr2011,avaStIn,bevFrtRoadLight
NL,h0504,0.39420741365117734,scr2011,avaStIn,bevFrtRoadLight
IE,h0337,0.3678036568409198,scr2011,avaStIn,bevFrtRoadLight
IE,h0338,0.38100501157978334,scr2011,avaStIn,bevFrtRoadLight
IE,h0339,0.42032176592981213,scr2011,avaStIn,bevFrtRoadLight
IE,h0340,0.4678707275631267,scr2011,avaStIn,bevFrtRoadLight
IE,h0341,0.49735170425311476,scr2011,avaStIn,bevFrtRoadLight
IE,h0342,0.49246620022282833,scr2011,avaStIn,bevFrtRoadLight
IE,h0343,0.46957643614972294,scr2011,avaStIn,bevFrtRoadLight
IE,h0344,0.44291495111013074,scr2011,avaStIn,bevFrtRoadLight
IE,h0345,0.43317780370144005,scr2011,avaStIn,bevFrtRoadLight
IE,h0346,0.4244403929737686,scr2011,avaStIn,bevFrtRoadLight
IE,h0347,0.39810902826774003,scr2011,avaStIn,bevFrtRoadLight
IE,h0348,0.351805009617336,scr2011,avaStIn,bevFrtRoadLight
IE,h0349,0.30389998964037984,scr2011,avaStIn,bevFrtRoadLight
IE,h0350,0.27557726013127576,scr2011,avaStIn,bevFrtRoadLight
IE,h0351,0.28185139851797575,scr2011,avaStIn,bevFrtRoadLight
IE,h0352,0.3273885307468892,scr2011,avaStIn,bevFrtRoadLight
IE,h0353,0.3915946734624394,scr2011,avaStIn,bevFrtRoadLight
IE,h0354,0.46336564370545036,scr2011,avaStIn,bevFrtRoadLight
IE,h0355,0.527956642454245,scr2011,avaStIn,bevFrtRoadLight
IE,h0356,0.5755570526745453,scr2011,avaStIn,bevFrtRoadLight
IE,h0357,0.5975822668314505,scr2011,avaStIn,bevFrtRoadLight
IE,h0358,0.6006542847867082,scr2011,avaStIn,bevFrtRoadLight
IE,h0359,0.591186709414723,scr2011,avaStIn,bevFrtRoadLight
IE,h0360,0.5759821519560271,scr2011,avaStIn,bevFrtRoadLight
IE,h0361,0.5498241784401583,scr2011,avaStIn,bevFrtRoadLight
IE,h0362,0.5224639091238412,scr2011,avaStIn,bevFrtRoadLight
IE,h0363,0.49755075776430474,scr2011,avaStIn,bevFrtRoadLight
IE,h0364,0.47501810053413557,scr2011,avaStIn,bevFrtRoadLight
IE,h0365,0.45199901493300093,scr2011,avaStIn,bevFrtRoadLight
IE,h0366,0.4326171139765777,scr2011,avaStIn,bevFrtRoadLight
IE,h0367,0.42537184676479983,scr2011,avaStIn,bevFrtRoadLight
IE,h0368,0.4276648478494673,scr2011,avaStIn,bevFrtRoadLight
IE,h0369,0.43317780370144005,scr2011,avaStIn,bevFrtRoadLight
IE,h0370,0.4244403929737686,scr2011,avaStIn,bevFrtRoadLight
IE,h0371,0.39810902826774003,scr2011,avaStIn,bevFrtRoadLight
IE,h0372,0.351805009617336,scr2011,avaStIn,bevFrtRoadLight
IE,h0373,0.30389998964037984,scr2011,avaStIn,bevFrtRoadLight
IE,h0374,0.27557726013127576,scr2011,avaStIn,bevFrtRoadLight
IE,h0375,0.28185139851797575,scr2011,avaStIn,bevFrtRoadLight
IE,h0376,0.3273885307468892,scr2011,avaStIn,bevFrtRoadLight
IE,h0377,0.3915946734624394,scr2011,avaStIn,bevFrtRoadLight
IE,h0378,0.46336564370545036,scr2011,avaStIn,bevFrtRoadLight
IE,h0379,0.526475609069496,scr2011,avaStIn,bevFrtRoadLight
IE,h0380,0.5778818879811951,scr2011,avaStIn,bevFrtRoadLight
IE,h0381,0.6070507011789035,scr2011,avaStIn,bevFrtRoadLight
IE,h0382,0.6079501872476674,scr2011,avaStIn,bevFrtRoadLight
IE,h0383,0.5849169235034561,scr2011,avaStIn,bevFrtRoadLight
IE,h0384,0.5483501020925658,scr2011,avaStIn,bevFrtRoadLight
IE,h0385,0.5254703461687369,scr2011,avaStIn,bevFrtRoadLight
IE,h0386,0.5081317932952782,scr2011,avaStIn,bevFrtRoadLight
IE,h0387,0.49755075776430474,scr2011,avaStIn,bevFrtRoadLight
IE,h0388,0.47501810053413557,scr2011,avaStIn,bevFrtRoadLight
IE,h0389,0.45199901493300093,scr2011,avaStIn,bevFrtRoadLight
IE,h0390,0.4326171139765777,scr2011,avaStIn,bevFrtRoadLight
IE,h0391,0.40793603108458326,scr2011,avaStIn,bevFrtRoadLight
IE,h0392,0.39786250383483696,scr2011,avaStIn,bevFrtRoadLight
IE,h0393,0.3995885000442824,scr2011,avaStIn,bevFrtRoadLight
IE,h0394,0.4101381139863069,scr2011,avaStIn,bevFrtRoadLight
IE,h0395,0.3993074674603107,scr2011,avaStIn,bevFrtRoadLight
IE,h0396,0.3567007734162259,scr2011,avaStIn,bevFrtRoadLight
IE,h0397,0.4041503392203238,scr2011,avaStIn,bevFrtRoadLight
IE,h0398,0.4476847573510618,scr2011,avaStIn,bevFrtRoadLight
IE,h0399,0.4955374531835875,scr2011,avaStIn,bevFrtRoadLight
IE,h0400,0.4542442586158291,scr2011,avaStIn,bevFrtRoadLight
IE,h0401,0.4212820877816386,scr2011,avaStIn,bevFrtRoadLight
IE,h0402,0.40349092388744084,scr2011,avaStIn,bevFrtRoadLight
IE,h0403,0.3880713815348768,scr2011,avaStIn,bevFrtRoadLight
IE,h0404,0.3753582116188943,scr2011,avaStIn,bevFrtRoadLight
IE,h0405,0.3507189311524727,scr2011,avaStIn,bevFrtRoadLight
IE,h0406,0.31190996289315026,scr2011,avaStIn,bevFrtRoadLight
IE,h0407,0.2678335745963705,scr2011,avaStIn,bevFrtRoadLight
IE,h0408,0.23523187451793154,scr2011,avaStIn,bevFrtRoadLight
IE,h0409,0.28048656175765735,scr2011,avaStIn,bevFrtRoadLight
IE,h0410,0.3425122697993718,scr2011,avaStIn,bevFrtRoadLight
IE,h0411,0.40712743601677065,scr2011,avaStIn,bevFrtRoadLight
IE,h0412,0.4268707928932293,scr2011,avaStIn,bevFrtRoadLight
IE,h0413,0.4378903855523765,scr2011,avaStIn,bevFrtRoadLight
IE,h0414,0.4543422498691934,scr2011,avaStIn,bevFrtRoadLight
IE,h0415,0.5176382610803405,scr2011,avaStIn,bevFrtRoadLight
IE,h0416,0.5849527839367337,scr2011,avaStIn,bevFrtRoadLight
IE,h0417,0.6407291256079393,scr2011,avaStIn,bevFrtRoadLight
IE,h0418,0.648916667,scr2011,avaStIn,bevFrtRoadLight
IE,h0419,0.6398287207412086,scr2011,avaStIn,bevFrtRoadLight
IE,h0420,0.615144421172021,scr2011,avaStIn,bevFrtRoadLight
IE,h0421,0.5791035442682768,scr2011,avaStIn,bevFrtRoadLight
IE,h0422,0.5374942054623928,scr2011,avaStIn,bevFrtRoadLight
IE,h0423,0.4955374531835875,scr2011,avaStIn,bevFrtRoadLight
IE,h0424,0.4542442586158291,scr2011,avaStIn,bevFrtRoadLight
IE,h0425,0.4212820877816386,scr2011,avaStIn,bevFrtRoadLight
IE,h0426,0.40349092388744084,scr2011,avaStIn,bevFrtRoadLight
IE,h0427,0.39580205446884725,scr2011,avaStIn,bevFrtRoadLight
IE,h0428,0.3906798200666239,scr2011,avaStIn,bevFrtRoadLight
IE,h0429,0.3773711612383875,scr2011,avaStIn,bevFrtRoadLight
IE,h0430,0.3461356730709699,scr2011,avaStIn,bevFrtRoadLight
IE,h0431,0.30875150341473095,scr2011,avaStIn,bevFrtRoadLight
IE,h0432,0.2787960842643315,scr2011,avaStIn,bevFrtRoadLight
IE,h0433,0.3071358468676361,scr2011,avaStIn,bevFrtRoadLight
IE,h0434,0.3550193798223838,scr2011,avaStIn,bevFrtRoadLight
IE,h0435,0.40712743601677065,scr2011,avaStIn,bevFrtRoadLight
IE,h0436,0.4268707928932293,scr2011,avaStIn,bevFrtRoadLight
IE,h0437,0.4378903855523765,scr2011,avaStIn,bevFrtRoadLight
IE,h0438,0.4543422498691934,scr2011,avaStIn,bevFrtRoadLight
IE,h0439,0.48587277215499686,scr2011,avaStIn,bevFrtRoadLight
IE,h0440,0.5291767067485698,scr2011,avaStIn,bevFrtRoadLight
IE,h0441,0.5695703515713371,scr2011,avaStIn,bevFrtRoadLight
IE,h0442,0.5969876037561683,scr2011,avaStIn,bevFrtRoadLight
IE,h0443,0.6074971913610454,scr2011,avaStIn,bevFrtRoadLight
IE,h0444,0.6000100054494701,scr2011,avaStIn,bevFrtRoadLight
IE,h0445,0.5749025389682099,scr2011,avaStIn,bevFrtRoadLight
IE,h0446,0.5380051395763279,scr2011,avaStIn,bevFrtRoadLight
IE,h0447,0.4955374531835875,scr2011,avaStIn,bevFrtRoadLight
IE,h0448,0.4542442586158291,scr2011,avaStIn,bevFrtRoadLight
IE,h0449,0.4212820877816386,scr2011,avaStIn,bevFrtRoadLight
IE,h0450,0.40349092388744084,scr2011,avaStIn,bevFrtRoadLight
IE,h0451,0.39580205446884725,scr2011,avaStIn,bevFrtRoadLight
IE,h0452,0.3906798200666239,scr2011,avaStIn,bevFrtRoadLight
IE,h0453,0.3773711612383875,scr2011,avaStIn,bevFrtRoadLight
IE,h0454,0.3461356730709699,scr2011,avaStIn,bevFrtRoadLight
IE,h0455,0.30875150341473095,scr2011,avaStIn,bevFrtRoadLight
IE,h0456,0.2787960842643315,scr2011,avaStIn,bevFrtRoadLight
IE,h0457,0.30375090267424804,scr2011,avaStIn,bevFrtRoadLight
IE,h0458,0.3330411984835136,scr2011,avaStIn,bevFrtRoadLight
IE,h0459,0.3629168834376801,scr2011,avaStIn,bevFrtRoadLight
IE,h0460,0.37094662163702835,scr2011,avaStIn,bevFrtRoadLight
IE,h0461,0.3990691513435753,scr2011,avaStIn,bevFrtRoadLight
IE,h0462,0.4431358704852784,scr2011,avaStIn,bevFrtRoadLight
IE,h0463,0.49456203496038703,scr2011,avaStIn,bevFrtRoadLight
IE,h0464,0.5399104862874597,scr2011,avaStIn,bevFrtRoadLight
IE,h0465,0.5721232857004457,scr2011,avaStIn,bevFrtRoadLight
IE,h0466,0.586730659153248,scr2011,avaStIn,bevFrtRoadLight
IE,h0467,0.5906659856205043,scr2011,avaStIn,bevFrtRoadLight
IE,h0468,0.5823669061077958,scr2011,avaStIn,bevFrtRoadLight
IE,h0469,0.5527330513011219,scr2011,avaStIn,bevFrtRoadLight
IE,h0470,0.5032590983182406,scr2011,avaStIn,bevFrtRoadLight
IE,h0471,0.4368359940619068,scr2011,avaStIn,bevFrtRoadLight
IE,h0472,0.37155562437412587,scr2011,avaStIn,bevFrtRoadLight
IE,h0473,0.31489452652740507,scr2011,avaStIn,bevFrtRoadLight
IE,h0474,0.2851222046948409,scr2011,avaStIn,bevFrtRoadLight
IE,h0475,0.3046863266974262,scr2011,avaStIn,bevFrtRoadLight
IE,h0476,0.3438174878466404,scr2011,avaStIn,bevFrtRoadLight
IE,h0477,0.39049635340354866,scr2011,avaStIn,bevFrtRoadLight
IE,h0478,0.406539379317612,scr2011,avaStIn,bevFrtRoadLight
IE,h0479,0.40895502615645823,scr2011,avaStIn,bevFrtRoadLight
IE,h0480,0.39420741365117734,scr2011,avaStIn,bevFrtRoadLight
IE,h0481,0.41810100737018757,scr2011,avaStIn,bevFrtRoadLight
IE,h0482,0.4423441034942934,scr2011,avaStIn,bevFrtRoadLight
IE,h0483,0.4658490823624793,scr2011,avaStIn,bevFrtRoadLight
IE,h0484,0.4575405809516427,scr2011,avaStIn,bevFrtRoadLight
IE,h0485,0.45673384350089713,scr2011,avaStIn,bevFrtRoadLight
IE,h0486,0.4707264947039714,scr2011,avaStIn,bevFrtRoadLight
IE,h0487,0.501755266224529,scr2011,avaStIn,bevFrtRoadLight
IE,h0488,0.5390652375194709,scr2011,avaStIn,bevFrtRoadLight
IE,h0489,0.5721232857004457,scr2011,avaStIn,bevFrtRoadLight
IE,h0490,0.586730659153248,scr2011,avaStIn,bevFrtRoadLight
IE,h0491,0.5906659856205043,scr2011,avaStIn,bevFrtRoadLight
IE,h0492,0.5823669061077958,scr2011,avaStIn,bevFrtRoadLight
IE,h0493,0.5527330513011219,scr2011,avaStIn,bevFrtRoadLight
IE,h0494,0.5032590983182406,scr2011,avaStIn,bevFrtRoadLight
IE,h0495,0.4368359940619068,scr2011,avaStIn,bevFrtRoadLight
IE,h0496,0.37155562437412587,scr2011,avaStIn,bevFrtRoadLight
IE,h0497,0.31489452652740507,scr2011,avaStIn,bevFrtRoadLight
IE,h0498,0.2851222046948409,scr2011,avaStIn,bevFrtRoadLight
IE,h0499,0.3046863266974262,scr2011,avaStIn,bevFrtRoadLight
IE,h0500,0.3438174878466404,scr2011,avaStIn,bevFrtRoadLight
IE,h0501,0.39049635340354866,scr2011,avaStIn,bevFrtRoadLight
IE,h0502,0.406539379317612,scr2011,avaStIn,bevFrtRoadLight
IE,h0503,0.40895502615645823,scr2011,avaStIn,bevFrtRoadLight
IE,h0504,0.39420741365117734,scr2011,avaStIn,bevFrtRoadLight
HR,h0337,0.3678036568409198,scr2011,avaStIn,bevFrtRoadLight
HR,h0338,0.38100501157978334,scr2011,avaStIn,bevFrtRoadLight
HR,h0339,0.42032176592981213,scr2011,avaStIn,bevFrtRoadLight
HR,h0340,0.4678707275631267,scr2011,avaStIn,bevFrtRoadLight
HR,h0341,0.49735170425311476,scr2011,avaStIn,bevFrtRoadLight
HR,h0342,0.49246620022282833,scr2011,avaStIn,bevFrtRoadLight
HR,h0343,0.46957643614972294,scr2011,avaStIn,bevFrtRoadLight
HR,h0344,0.44291495111013074,scr2011,avaStIn,bevFrtRoadLight
HR,h0345,0.43317780370144005,scr2011,avaStIn,bevFrtRoadLight
HR,h0346,0.4244403929737686,scr2011,avaStIn,bevFrtRoadLight
HR,h0347,0.39810902826774003,scr2011,avaStIn,bevFrtRoadLight
HR,h0348,0.351805009617336,scr2011,avaStIn,bevFrtRoadLight
HR,h0349,0.30389998964037984,scr2011,avaStIn,bevFrtRoadLight
HR,h0350,0.27557726013127576,scr2011,avaStIn,bevFrtRoadLight
HR,h0351,0.28185139851797575,scr2011,avaStIn,bevFrtRoadLight
HR,h0352,0.3273885307468892,scr2011,avaStIn,bevFrtRoadLight
HR,h0353,0.3915946734624394,scr2011,avaStIn,bevFrtRoadLight
HR,h0354,0.46336564370545036,scr2011,avaStIn,bevFrtRoadLight
HR,h0355,0.527956642454245,scr2011,avaStIn,bevFrtRoadLight
HR,h0356,0.5755570526745453,scr2011,avaStIn,bevFrtRoadLight
HR,h0357,0.5975822668314505,scr2011,avaStIn,bevFrtRoadLight
HR,h0358,0.6006542847867082,scr2011,avaStIn,bevFrtRoadLight
HR,h0359,0.591186709414723,scr2011,avaStIn,bevFrtRoadLight
HR,h0360,0.5759821519560271,scr2011,avaStIn,bevFrtRoadLight
HR,h0361,0.5498241784401583,scr2011,avaStIn,bevFrtRoadLight
HR,h0362,0.5224639091238412,scr2011,avaStIn,bevFrtRoadLight
HR,h0363,0.49755075776430474,scr2011,avaStIn,bevFrtRoadLight
HR,h0364,0.47501810053413557,scr2011,avaStIn,bevFrtRoadLight
HR,h0365,0.45199901493300093,scr2011,avaStIn,bevFrtRoadLight
HR,h0366,0.4326171139765777,scr2011,avaStIn,bevFrtRoadLight
HR,h0367,0.42537184676479983,scr2011,avaStIn,bevFrtRoadLight
HR,h0368,0.4276648478494673,scr2011,avaStIn,bevFrtRoadLight
HR,h0369,0.43317780370144005,scr2011,avaStIn,bevFrtRoadLight
HR,h0370,0.4244403929737686,scr2011,avaStIn,bevFrtRoadLight
HR,h0371,0.39810902826774003,scr2011,avaStIn,bevFrtRoadLight
HR,h0372,0.351805009617336,scr2011,avaStIn,bevFrtRoadLight
HR,h0373,0.30389998964037984,scr2011,avaStIn,bevFrtRoadLight
HR,h0374,0.27557726013127576,scr2011,avaStIn,bevFrtRoadLight
HR,h0375,0.28185139851797575,scr2011,avaStIn,bevFrtRoadLight
HR,h0376,0.3273885307468892,scr2011,avaStIn,bevFrtRoadLight
HR,h0377,0.3915946734624394,scr2011,avaStIn,bevFrtRoadLight
HR,h0378,0.46336564370545036,scr2011,avaStIn,bevFrtRoadLight
HR,h0379,0.526475609069496,scr2011,avaStIn,bevFrtRoadLight
HR,h0380,0.5778818879811951,scr2011,avaStIn,bevFrtRoadLight
HR,h0381,0.6070507011789035,scr2011,avaStIn,bevFrtRoadLight
HR,h0382,0.6079501872476674,scr2011,avaStIn,bevFrtRoadLight
HR,h0383,0.5849169235034561,scr2011,avaStIn,bevFrtRoadLight
HR,h0384,0.5483501020925658,scr2011,avaStIn,bevFrtRoadLight
HR,h0385,0.5254703461687369,scr2011,avaStIn,bevFrtRoadLight
HR,h0386,0.5081317932952782,scr2011,avaStIn,bevFrtRoadLight
HR,h0387,0.49755075776430474,scr2011,avaStIn,bevFrtRoadLight
HR,h0388,0.47501810053413557,scr2011,avaStIn,bevFrtRoadLight
HR,h0389,0.45199901493300093,scr2011,avaStIn,bevFrtRoadLight
HR,h0390,0.4326171139765777,scr2011,avaStIn,bevFrtRoadLight
HR,h0391,0.40793603108458326,scr2011,avaStIn,bevFrtRoadLight
HR,h0392,0.39786250383483696,scr2011,avaStIn,bevFrtRoadLight
HR,h0393,0.3995885000442824,scr2011,avaStIn,bevFrtRoadLight
HR,h0394,0.4101381139863069,scr2011,avaStIn,bevFrtRoadLight
HR,h0395,0.3993074674603107,scr2011,avaStIn,bevFrtRoadLight
HR,h0396,0.3567007734162259,scr2011,avaStIn,bevFrtRoadLight
HR,h0397,0.4041503392203238,scr2011,avaStIn,bevFrtRoadLight
HR,h0398,0.4476847573510618,scr2011,avaStIn,bevFrtRoadLight
HR,h0399,0.4955374531835875,scr2011,avaStIn,bevFrtRoadLight
HR,h0400,0.4542442586158291,scr2011,avaStIn,bevFrtRoadLight
HR,h0401,0.4212820877816386,scr2011,avaStIn,bevFrtRoadLight
HR,h0402,0.40349092388744084,scr2011,avaStIn,bevFrtRoadLight
HR,h0403,0.3880713815348768,scr2011,avaStIn,bevFrtRoadLight
HR,h0404,0.3753582116188943,scr2011,avaStIn,bevFrtRoadLight
HR,h0405,0.3507189311524727,scr2011,avaStIn,bevFrtRoadLight
HR,h0406,0.31190996289315026,scr2011,avaStIn,bevFrtRoadLight
HR,h0407,0.2678335745963705,scr2011,avaStIn,bevFrtRoadLight
HR,h0408,0.23523187451793154,scr2011,avaStIn,bevFrtRoadLight
HR,h0409,0.28048656175765735,scr2011,avaStIn,bevFrtRoadLight
HR,h0410,0.3425122697993718,scr2011,avaStIn,bevFrtRoadLight
HR,h0411,0.40712743601677065,scr2011,avaStIn,bevFrtRoadLight
HR,h0412,0.4268707928932293,scr2011,avaStIn,bevFrtRoadLight
HR,h0413,0.4378903855523765,scr2011,avaStIn,bevFrtRoadLight
HR,h0414,0.4543422498691934,scr2011,avaStIn,bevFrtRoadLight
HR,h0415,0.5176382610803405,scr2011,avaStIn,bevFrtRoadLight
HR,h0416,0.5849527839367337,scr2011,avaStIn,bevFrtRoadLight
HR,h0417,0.6407291256079393,scr2011,avaStIn,bevFrtRoadLight
HR,h0418,0.648916667,scr2011,avaStIn,bevFrtRoadLight
HR,h0419,0.6398287207412086,scr2011,avaStIn,bevFrtRoadLight
HR,h0420,0.615144421172021,scr2011,avaStIn,bevFrtRoadLight
HR,h0421,0.5791035442682768,scr2011,avaStIn,bevFrtRoadLight
HR,h0422,0.5374942054623928,scr2011,avaStIn,bevFrtRoadLight
HR,h0423,0.4955374531835875,scr2011,avaStIn,bevFrtRoadLight
HR,h0424,0.4542442586158291,scr2011,avaStIn,bevFrtRoadLight
HR,h0425,0.4212820877816386,scr2011,avaStIn,bevFrtRoadLight
HR,h0426,0.40349092388744084,scr2011,avaStIn,bevFrtRoadLight
HR,h0427,0.39580205446884725,scr2011,avaStIn,bevFrtRoadLight
HR,h0428,0.3906798200666239,scr2011,avaStIn,bevFrtRoadLight
HR,h0429,0.3773711612383875,scr2011,avaStIn,bevFrtRoadLight
HR,h0430,0.3461356730709699,scr2011,avaStIn,bevFrtRoadLight
HR,h0431,0.30875150341473095,scr2011,avaStIn,bevFrtRoadLight
HR,h0432,0.2787960842643315,scr2011,avaStIn,bevFrtRoadLight
HR,h0433,0.3071358468676361,scr2011,avaStIn,bevFrtRoadLight
HR,h0434,0.3550193798223838,scr2011,avaStIn,bevFrtRoadLight
HR,h0435,0.40712743601677065,scr2011,avaStIn,bevFrtRoadLight
HR,h0436,0.4268707928932293,scr2011,avaStIn,bevFrtRoadLight
HR,h0437,0.4378903855523765,scr2011,avaStIn,bevFrtRoadLight
HR,h0438,0.4543422498691934,scr2011,avaStIn,bevFrtRoadLight
HR,h0439,0.48587277215499686,scr2011,avaStIn,bevFrtRoadLight
HR,h0440,0.5291767067485698,scr2011,avaStIn,bevFrtRoadLight
HR,h0441,0.5695703515713371,scr2011,avaStIn,bevFrtRoadLight
HR,h0442,0.5969876037561683,scr2011,avaStIn,bevFrtRoadLight
HR,h0443,0.6074971913610454,scr2011,avaStIn,bevFrtRoadLight
HR,h0444,0.6000100054494701,scr2011,avaStIn,bevFrtRoadLight
HR,h0445,0.5749025389682099,scr2011,avaStIn,bevFrtRoadLight
HR,h0446,0.5380051395763279,scr2011,avaStIn,bevFrtRoadLight
HR,h0447,0.4955374531835875,scr2011,avaStIn,bevFrtRoadLight
HR,h0448,0.4542442586158291,scr2011,avaStIn,bevFrtRoadLight
HR,h0449,0.4212820877816386,scr2011,avaStIn,bevFrtRoadLight
HR,h0450,0.40349092388744084,scr2011,avaStIn,bevFrtRoadLight
HR,h0451,0.39580205446884725,scr2011,avaStIn,bevFrtRoadLight
HR,h0452,0.3906798200666239,scr2011,avaStIn,bevFrtRoadLight
HR,h0453,0.3773711612383875,scr2011,avaStIn,bevFrtRoadLight
HR,h0454,0.3461356730709699,scr2011,avaStIn,bevFrtRoadLight
HR,h0455,0.30875150341473095,scr2011,avaStIn,bevFrtRoadLight
HR,h0456,0.2787960842643315,scr2011,avaStIn,bevFrtRoadLight
HR,h0457,0.30375090267424804,scr2011,avaStIn,bevFrtRoadLight
HR,h0458,0.3330411984835136,scr2011,avaStIn,bevFrtRoadLight
HR,h0459,0.3629168834376801,scr2011,avaStIn,bevFrtRoadLight
HR,h0460,0.37094662163702835,scr2011,avaStIn,bevFrtRoadLight
HR,h0461,0.3990691513435753,scr2011,avaStIn,bevFrtRoadLight
HR,h0462,0.4431358704852784,scr2011,avaStIn,bevFrtRoadLight
HR,h0463,0.49456203496038703,scr2011,avaStIn,bevFrtRoadLight
HR,h0464,0.5399104862874597,scr2011,avaStIn,bevFrtRoadLight
HR,h0465,0.5721232857004457,scr2011,avaStIn,bevFrtRoadLight
HR,h0466,0.586730659153248,scr2011,avaStIn,bevFrtRoadLight
HR,h0467,0.5906659856205043,scr2011,avaStIn,bevFrtRoadLight
HR,h0468,0.5823669061077958,scr2011,avaStIn,bevFrtRoadLight
HR,h0469,0.5527330513011219,scr2011,avaStIn,bevFrtRoadLight
HR,h0470,0.5032590983182406,scr2011,avaStIn,bevFrtRoadLight
HR,h0471,0.4368359940619068,scr2011,avaStIn,bevFrtRoadLight
HR,h0472,0.37155562437412587,scr2011,avaStIn,bevFrtRoadLight
HR,h0473,0.31489452652740507,scr2011,avaStIn,bevFrtRoadLight
HR,h0474,0.2851222046948409,scr2011,avaStIn,bevFrtRoadLight
HR,h0475,0.3046863266974262,scr2011,avaStIn,bevFrtRoadLight
HR,h0476,0.3438174878466404,scr2011,avaStIn,bevFrtRoadLight
HR,h0477,0.39049635340354866,scr2011,avaStIn,bevFrtRoadLight
HR,h0478,0.406539379317612,scr2011,avaStIn,bevFrtRoadLight
HR,h0479,0.40895502615645823,scr2011,avaStIn,bevFrtRoadLight
HR,h0480,0.39420741365117734,scr2011,avaStIn,bevFrtRoadLight
HR,h0481,0.41810100737018757,scr2011,avaStIn,bevFrtRoadLight
HR,h0482,0.4423441034942934,scr2011,avaStIn,bevFrtRoadLight
HR,h0483,0.4658490823624793,scr2011,avaStIn,bevFrtRoadLight
HR,h0484,0.4575405809516427,scr2011,avaStIn,bevFrtRoadLight
HR,h0485,0.45673384350089713,scr2011,avaStIn,bevFrtRoadLight
HR,h0486,0.4707264947039714,scr2011,avaStIn,bevFrtRoadLight
HR,h0487,0.501755266224529,scr2011,avaStIn,bevFrtRoadLight
HR,h0488,0.5390652375194709,scr2011,avaStIn,bevFrtRoadLight
HR,h0489,0.5721232857004457,scr2011,avaStIn,bevFrtRoadLight
HR,h0490,0.586730659153248,scr2011,avaStIn,bevFrtRoadLight
HR,h0491,0.5906659856205043,scr2011,avaStIn,bevFrtRoadLight
HR,h0492,0.5823669061077958,scr2011,avaStIn,bevFrtRoadLight
HR,h0493,0.5527330513011219,scr2011,avaStIn,bevFrtRoadLight
HR,h0494,0.5032590983182406,scr2011,avaStIn,bevFrtRoadLight
HR,h0495,0.4368359940619068,scr2011,avaStIn,bevFrtRoadLight
HR,h0496,0.37155562437412587,scr2011,avaStIn,bevFrtRoadLight
HR,h0497,0.31489452652740507,scr2011,avaStIn,bevFrtRoadLight
HR,h0498,0.2851222046948409,scr2011,avaStIn,bevFrtRoadLight
HR,h0499,0.3046863266974262,scr2011,avaStIn,bevFrtRoadLight
HR,h0500,0.3438174878466404,scr2011,avaStIn,bevFrtRoadLight
HR,h0501,0.39049635340354866,scr2011,avaStIn,bevFrtRoadLight
HR,h0502,0.406539379317612,scr2011,avaStIn,bevFrtRoadLight
HR,h0503,0.40895502615645823,scr2011,avaStIn,bevFrtRoadLight
HR,h0504,0.39420741365117734,scr2011,avaStIn,bevFrtRoadLight
HU,h0337,0.3678036568409198,scr2011,avaStIn,bevFrtRoadLight
HU,h0338,0.38100501157978334,scr2011,avaStIn,bevFrtRoadLight
HU,h0339,0.42032176592981213,scr2011,avaStIn,bevFrtRoadLight
HU,h0340,0.4678707275631267,scr2011,avaStIn,bevFrtRoadLight
HU,h0341,0.49735170425311476,scr2011,avaStIn,bevFrtRoadLight
HU,h0342,0.49246620022282833,scr2011,avaStIn,bevFrtRoadLight
HU,h0343,0.46957643614972294,scr2011,avaStIn,bevFrtRoadLight
HU,h0344,0.44291495111013074,scr2011,avaStIn,bevFrtRoadLight
HU,h0345,0.43317780370144005,scr2011,avaStIn,bevFrtRoadLight
HU,h0346,0.4244403929737686,scr2011,avaStIn,bevFrtRoadLight
HU,h0347,0.39810902826774003,scr2011,avaStIn,bevFrtRoadLight
HU,h0348,0.351805009617336,scr2011,avaStIn,bevFrtRoadLight
HU,h0349,0.30389998964037984,scr2011,avaStIn,bevFrtRoadLight
HU,h0350,0.27557726013127576,scr2011,avaStIn,bevFrtRoadLight
HU,h0351,0.28185139851797575,scr2011,avaStIn,bevFrtRoadLight
HU,h0352,0.3273885307468892,scr2011,avaStIn,bevFrtRoadLight
HU,h0353,0.3915946734624394,scr2011,avaStIn,bevFrtRoadLight
HU,h0354,0.46336564370545036,scr2011,avaStIn,bevFrtRoadLight
HU,h0355,0.527956642454245,scr2011,avaStIn,bevFrtRoadLight
HU,h0356,0.5755570526745453,scr2011,avaStIn,bevFrtRoadLight
HU,h0357,0.5975822668314505,scr2011,avaStIn,bevFrtRoadLight
HU,h0358,0.6006542847867082,scr2011,avaStIn,bevFrtRoadLight
HU,h0359,0.591186709414723,scr2011,avaStIn,bevFrtRoadLight
HU,h0360,0.5759821519560271,scr2011,avaStIn,bevFrtRoadLight
HU,h0361,0.5498241784401583,scr2011,avaStIn,bevFrtRoadLight
HU,h0362,0.5224639091238412,scr2011,avaStIn,bevFrtRoadLight
HU,h0363,0.49755075776430474,scr2011,avaStIn,bevFrtRoadLight
HU,h0364,0.47501810053413557,scr2011,avaStIn,bevFrtRoadLight
HU,h0365,0.45199901493300093,scr2011,avaStIn,bevFrtRoadLight
HU,h0366,0.4326171139765777,scr2011,avaStIn,bevFrtRoadLight
HU,h0367,0.42537184676479983,scr2011,avaStIn,bevFrtRoadLight
HU,h0368,0.4276648478494673,scr2011,avaStIn,bevFrtRoadLight
HU,h0369,0.43317780370144005,scr2011,avaStIn,bevFrtRoadLight
HU,h0370,0.4244403929737686,scr2011,avaStIn,bevFrtRoadLight
HU,h0371,0.39810902826774003,scr2011,avaStIn,bevFrtRoadLight
HU,h0372,0.351805009617336,scr2011,avaStIn,bevFrtRoadLight
HU,h0373,0.30389998964037984,scr2011,avaStIn,bevFrtRoadLight
HU,h0374,0.27557726013127576,scr2011,avaStIn,bevFrtRoadLight
HU,h0375,0.28185139851797575,scr2011,avaStIn,bevFrtRoadLight
HU,h0376,0.3273885307468892,scr2011,avaStIn,bevFrtRoadLight
HU,h0377,0.3915946734624394,scr2011,avaStIn,bevFrtRoadLight
HU,h0378,0.46336564370545036,scr2011,avaStIn,bevFrtRoadLight
HU,h0379,0.526475609069496,scr2011,avaStIn,bevFrtRoadLight
HU,h0380,0.5778818879811951,scr2011,avaStIn,bevFrtRoadLight
HU,h0381,0.6070507011789035,scr2011,avaStIn,bevFrtRoadLight
HU,h0382,0.6079501872476674,scr2011,avaStIn,bevFrtRoadLight
HU,h0383,0.5849169235034561,scr2011,avaStIn,bevFrtRoadLight
HU,h0384,0.5483501020925658,scr2011,avaStIn,bevFrtRoadLight
HU,h0385,0.5254703461687369,scr2011,avaStIn,bevFrtRoadLight
HU,h0386,0.5081317932952782,scr2011,avaStIn,bevFrtRoadLight
HU,h0387,0.49755075776430474,scr2011,avaStIn,bevFrtRoadLight
HU,h0388,0.47501810053413557,scr2011,avaStIn,bevFrtRoadLight
HU,h0389,0.45199901493300093,scr2011,avaStIn,bevFrtRoadLight
HU,h0390,0.4326171139765777,scr2011,avaStIn,bevFrtRoadLight
HU,h0391,0.40793603108458326,scr2011,avaStIn,bevFrtRoadLight
HU,h0392,0.39786250383483696,scr2011,avaStIn,bevFrtRoadLight
HU,h0393,0.3995885000442824,scr2011,avaStIn,bevFrtRoadLight
HU,h0394,0.4101381139863069,scr2011,avaStIn,bevFrtRoadLight
HU,h0395,0.3993074674603107,scr2011,avaStIn,bevFrtRoadLight
HU,h0396,0.3567007734162259,scr2011,avaStIn,bevFrtRoadLight
HU,h0397,0.4041503392203238,scr2011,avaStIn,bevFrtRoadLight
HU,h0398,0.4476847573510618,scr2011,avaStIn,bevFrtRoadLight
HU,h0399,0.4955374531835875,scr2011,avaStIn,bevFrtRoadLight
HU,h0400,0.4542442586158291,scr2011,avaStIn,bevFrtRoadLight
HU,h0401,0.4212820877816386,scr2011,avaStIn,bevFrtRoadLight
HU,h0402,0.40349092388744084,scr2011,avaStIn,bevFrtRoadLight
HU,h0403,0.3880713815348768,scr2011,avaStIn,bevFrtRoadLight
HU,h0404,0.3753582116188943,scr2011,avaStIn,bevFrtRoadLight
HU,h0405,0.3507189311524727,scr2011,avaStIn,bevFrtRoadLight
HU,h0406,0.31190996289315026,scr2011,avaStIn,bevFrtRoadLight
HU,h0407,0.2678335745963705,scr2011,avaStIn,bevFrtRoadLight
HU,h0408,0.23523187451793154,scr2011,avaStIn,bevFrtRoadLight
HU,h0409,0.28048656175765735,scr2011,avaStIn,bevFrtRoadLight
HU,h0410,0.3425122697993718,scr2011,avaStIn,bevFrtRoadLight
HU,h0411,0.40712743601677065,scr2011,avaStIn,bevFrtRoadLight
HU,h0412,0.4268707928932293,scr2011,avaStIn,bevFrtRoadLight
HU,h0413,0.4378903855523765,scr2011,avaStIn,bevFrtRoadLight
HU,h0414,0.4543422498691934,scr2011,avaStIn,bevFrtRoadLight
HU,h0415,0.5176382610803405,scr2011,avaStIn,bevFrtRoadLight
HU,h0416,0.5849527839367337,scr2011,avaStIn,bevFrtRoadLight
HU,h0417,0.6407291256079393,scr2011,avaStIn,bevFrtRoadLight
HU,h0418,0.648916667,scr2011,avaStIn,bevFrtRoadLight
HU,h0419,0.6398287207412086,scr2011,avaStIn,bevFrtRoadLight
HU,h0420,0.615144421172021,scr2011,avaStIn,bevFrtRoadLight
HU,h0421,0.5791035442682768,scr2011,avaStIn,bevFrtRoadLight
HU,h0422,0.5374942054623928,scr2011,avaStIn,bevFrtRoadLight
HU,h0423,0.4955374531835875,scr2011,avaStIn,bevFrtRoadLight
HU,h0424,0.4542442586158291,scr2011,avaStIn,bevFrtRoadLight
HU,h0425,0.4212820877816386,scr2011,avaStIn,bevFrtRoadLight
HU,h0426,0.40349092388744084,scr2011,avaStIn,bevFrtRoadLight
HU,h0427,0.39580205446884725,scr2011,avaStIn,bevFrtRoadLight
HU,h0428,0.3906798200666239,scr2011,avaStIn,bevFrtRoadLight
HU,h0429,0.3773711612383875,scr2011,avaStIn,bevFrtRoadLight
HU,h0430,0.3461356730709699,scr2011,avaStIn,bevFrtRoadLight
HU,h0431,0.30875150341473095,scr2011,avaStIn,bevFrtRoadLight
HU,h0432,0.2787960842643315,scr2011,avaStIn,bevFrtRoadLight
HU,h0433,0.3071358468676361,scr2011,avaStIn,bevFrtRoadLight
HU,h0434,0.3550193798223838,scr2011,avaStIn,bevFrtRoadLight
HU,h0435,0.40712743601677065,scr2011,avaStIn,bevFrtRoadLight
HU,h0436,0.4268707928932293,scr2011,avaStIn,bevFrtRoadLight
HU,h0437,0.4378903855523765,scr2011,avaStIn,bevFrtRoadLight
HU,h0438,0.4543422498691934,scr2011,avaStIn,bevFrtRoadLight
HU,h0439,0.48587277215499686,scr2011,avaStIn,bevFrtRoadLight
HU,h0440,0.5291767067485698,scr2011,avaStIn,bevFrtRoadLight
HU,h0441,0.5695703515713371,scr2011,avaStIn,bevFrtRoadLight
HU,h0442,0.5969876037561683,scr2011,avaStIn,bevFrtRoadLight
HU,h0443,0.6074971913610454,scr2011,avaStIn,bevFrtRoadLight
HU,h0444,0.6000100054494701,scr2011,avaStIn,bevFrtRoadLight
HU,h0445,0.5749025389682099,scr2011,avaStIn,bevFrtRoadLight
HU,h0446,0.5380051395763279,scr2011,avaStIn,bevFrtRoadLight
HU,h0447,0.4955374531835875,scr2011,avaStIn,bevFrtRoadLight
HU,h0448,0.4542442586158291,scr2011,avaStIn,bevFrtRoadLight
HU,h0449,0.4212820877816386,scr2011,avaStIn,bevFrtRoadLight
HU,h0450,0.40349092388744084,scr2011,avaStIn,bevFrtRoadLight
HU,h0451,0.39580205446884725,scr2011,avaStIn,bevFrtRoadLight
HU,h0452,0.3906798200666239,scr2011,avaStIn,bevFrtRoadLight
HU,h0453,0.3773711612383875,scr2011,avaStIn,bevFrtRoadLight
HU,h0454,0.3461356730709699,scr2011,avaStIn,bevFrtRoadLight
HU,h0455,0.30875150341473095,scr2011,avaStIn,bevFrtRoadLight
HU,h0456,0.2787960842643315,scr2011,avaStIn,bevFrtRoadLight
HU,h0457,0.30375090267424804,scr2011,avaStIn,bevFrtRoadLight
HU,h0458,0.3330411984835136,scr2011,avaStIn,bevFrtRoadLight
HU,h0459,0.3629168834376801,scr2011,avaStIn,bevFrtRoadLight
HU,h0460,0.37094662163702835,scr2011,avaStIn,bevFrtRoadLight
HU,h0461,0.3990691513435753,scr2011,avaStIn,bevFrtRoadLight
HU,h0462,0.4431358704852784,scr2011,avaStIn,bevFrtRoadLight
HU,h0463,0.49456203496038703,scr2011,avaStIn,bevFrtRoadLight
HU,h0464,0.5399104862874597,scr2011,avaStIn,bevFrtRoadLight
HU,h0465,0.5721232857004457,scr2011,avaStIn,bevFrtRoadLight
HU,h0466,0.586730659153248,scr2011,avaStIn,bevFrtRoadLight
HU,h0467,0.5906659856205043,scr2011,avaStIn,bevFrtRoadLight
HU,h0468,0.5823669061077958,scr2011,avaStIn,bevFrtRoadLight
HU,h0469,0.5527330513011219,scr2011,avaStIn,bevFrtRoadLight
HU,h0470,0.5032590983182406,scr2011,avaStIn,bevFrtRoadLight
HU,h0471,0.4368359940619068,scr2011,avaStIn,bevFrtRoadLight
HU,h0472,0.37155562437412587,scr2011,avaStIn,bevFrtRoadLight
HU,h0473,0.31489452652740507,scr2011,avaStIn,bevFrtRoadLight
HU,h0474,0.2851222046948409,scr2011,avaStIn,bevFrtRoadLight
HU,h0475,0.3046863266974262,scr2011,avaStIn,bevFrtRoadLight
HU,h0476,0.3438174878466404,scr2011,avaStIn,bevFrtRoadLight
HU,h0477,0.39049635340354866,scr2011,avaStIn,bevFrtRoadLight
HU,h0478,0.406539379317612,scr2011,avaStIn,bevFrtRoadLight
HU,h0479,0.40895502615645823,scr2011,avaStIn,bevFrtRoadLight
HU,h0480,0.39420741365117734,scr2011,avaStIn,bevFrtRoadLight
HU,h0481,0.41810100737018757,scr2011,avaStIn,bevFrtRoadLight
HU,h0482,0.4423441034942934,scr2011,avaStIn,bevFrtRoadLight
HU,h0483,0.4658490823624793,scr2011,avaStIn,bevFrtRoadLight
HU,h0484,0.4575405809516427,scr2011,avaStIn,bevFrtRoadLight
HU,h0485,0.45673384350089713,scr2011,avaStIn,bevFrtRoadLight
HU,h0486,0.4707264947039714,scr2011,avaStIn,bevFrtRoadLight
HU,h0487,0.501755266224529,scr2011,avaStIn,bevFrtRoadLight
HU,h0488,0.5390652375194709,scr2011,avaStIn,bevFrtRoadLight
HU,h0489,0.5721232857004457,scr2011,avaStIn,bevFrtRoadLight
HU,h0490,0.586730659153248,scr2011,avaStIn,bevFrtRoadLight
HU,h0491,0.5906659856205043,scr2011,avaStIn,bevFrtRoadLight
HU,h0492,0.5823669061077958,scr2011,avaStIn,bevFrtRoadLight
HU,h0493,0.5527330513011219,scr2011,avaStIn,bevFrtRoadLight
HU,h0494,0.5032590983182406,scr2011,avaStIn,bevFrtRoadLight
HU,h0495,0.4368359940619068,scr2011,avaStIn,bevFrtRoadLight
HU,h0496,0.37155562437412587,scr2011,avaStIn,bevFrtRoadLight
HU,h0497,0.31489452652740507,scr2011,avaStIn,bevFrtRoadLight
HU,h0498,0.2851222046948409,scr2011,avaStIn,bevFrtRoadLight
HU,h0499,0.3046863266974262,scr2011,avaStIn,bevFrtRoadLight
HU,h0500,0.3438174878466404,scr2011,avaStIn,bevFrtRoadLight
HU,h0501,0.39049635340354866,scr2011,avaStIn,bevFrtRoadLight
HU,h0502,0.406539379317612,scr2011,avaStIn,bevFrtRoadLight
HU,h0503,0.40895502615645823,scr2011,avaStIn,bevFrtRoadLight
HU,h0504,0.39420741365117734,scr2011,avaStIn,bevFrtRoadLight
MK,h0337,0.3678036568409198,scr2011,avaStIn,bevFrtRoadLight
MK,h0338,0.38100501157978334,scr2011,avaStIn,bevFrtRoadLight
MK,h0339,0.42032176592981213,scr2011,avaStIn,bevFrtRoadLight
MK,h0340,0.4678707275631267,scr2011,avaStIn,bevFrtRoadLight
MK,h0341,0.49735170425311476,scr2011,avaStIn,bevFrtRoadLight
MK,h0342,0.49246620022282833,scr2011,avaStIn,bevFrtRoadLight
MK,h0343,0.46957643614972294,scr2011,avaStIn,bevFrtRoadLight
MK,h0344,0.44291495111013074,scr2011,avaStIn,bevFrtRoadLight
MK,h0345,0.43317780370144005,scr2011,avaStIn,bevFrtRoadLight
MK,h0346,0.4244403929737686,scr2011,avaStIn,bevFrtRoadLight
MK,h0347,0.39810902826774003,scr2011,avaStIn,bevFrtRoadLight
MK,h0348,0.351805009617336,scr2011,avaStIn,bevFrtRoadLight
MK,h0349,0.30389998964037984,scr2011,avaStIn,bevFrtRoadLight
MK,h0350,0.27557726013127576,scr2011,avaStIn,bevFrtRoadLight
MK,h0351,0.28185139851797575,scr2011,avaStIn,bevFrtRoadLight
MK,h0352,0.3273885307468892,scr2011,avaStIn,bevFrtRoadLight
MK,h0353,0.3915946734624394,scr2011,avaStIn,bevFrtRoadLight
MK,h0354,0.46336564370545036,scr2011,avaStIn,bevFrtRoadLight
MK,h0355,0.527956642454245,scr2011,avaStIn,bevFrtRoadLight
MK,h0356,0.5755570526745453,scr2011,avaStIn,bevFrtRoadLight
MK,h0357,0.5975822668314505,scr2011,avaStIn,bevFrtRoadLight
MK,h0358,0.6006542847867082,scr2011,avaStIn,bevFrtRoadLight
MK,h0359,0.591186709414723,scr2011,avaStIn,bevFrtRoadLight
MK,h0360,0.5759821519560271,scr2011,avaStIn,bevFrtRoadLight
MK,h0361,0.5498241784401583,scr2011,avaStIn,bevFrtRoadLight
MK,h0362,0.5224639091238412,scr2011,avaStIn,bevFrtRoadLight
MK,h0363,0.49755075776430474,scr2011,avaStIn,bevFrtRoadLight
MK,h0364,0.47501810053413557,scr2011,avaStIn,bevFrtRoadLight
MK,h0365,0.45199901493300093,scr2011,avaStIn,bevFrtRoadLight
MK,h0366,0.4326171139765777,scr2011,avaStIn,bevFrtRoadLight
MK,h0367,0.42537184676479983,scr2011,avaStIn,bevFrtRoadLight
MK,h0368,0.4276648478494673,scr2011,avaStIn,bevFrtRoadLight
MK,h0369,0.43317780370144005,scr2011,avaStIn,bevFrtRoadLight
MK,h0370,0.4244403929737686,scr2011,avaStIn,bevFrtRoadLight
MK,h0371,0.39810902826774003,scr2011,avaStIn,bevFrtRoadLight
MK,h0372,0.351805009617336,scr2011,avaStIn,bevFrtRoadLight
MK,h0373,0.30389998964037984,scr2011,avaStIn,bevFrtRoadLight
MK,h0374,0.27557726013127576,scr2011,avaStIn,bevFrtRoadLight
MK,h0375,0.28185139851797575,scr2011,avaStIn,bevFrtRoadLight
MK,h0376,0.3273885307468892,scr2011,avaStIn,bevFrtRoadLight
MK,h0377,0.3915946734624394,scr2011,avaStIn,bevFrtRoadLight
MK,h0378,0.46336564370545036,scr2011,avaStIn,bevFrtRoadLight
MK,h0379,0.526475609069496,scr2011,avaStIn,bevFrtRoadLight
MK,h0380,0.5778818879811951,scr2011,avaStIn,bevFrtRoadLight
MK,h0381,0.6070507011789035,scr2011,avaStIn,bevFrtRoadLight
MK,h0382,0.6079501872476674,scr2011,avaStIn,bevFrtRoadLight
MK,h0383,0.5849169235034561,scr2011,avaStIn,bevFrtRoadLight
MK,h0384,0.5483501020925658,scr2011,avaStIn,bevFrtRoadLight
MK,h0385,0.5254703461687369,scr2011,avaStIn,bevFrtRoadLight
MK,h0386,0.5081317932952782,scr2011,avaStIn,bevFrtRoadLight
MK,h0387,0.49755075776430474,scr2011,avaStIn,bevFrtRoadLight
MK,h0388,0.47501810053413557,scr2011,avaStIn,bevFrtRoadLight
MK,h0389,0.45199901493300093,scr2011,avaStIn,bevFrtRoadLight
MK,h0390,0.4326171139765777,scr2011,avaStIn,bevFrtRoadLight
MK,h0391,0.40793603108458326,scr2011,avaStIn,bevFrtRoadLight
MK,h0392,0.39786250383483696,scr2011,avaStIn,bevFrtRoadLight
MK,h0393,0.3995885000442824,scr2011,avaStIn,bevFrtRoadLight
MK,h0394,0.4101381139863069,scr2011,avaStIn,bevFrtRoadLight
MK,h0395,0.3993074674603107,scr2011,avaStIn,bevFrtRoadLight
MK,h0396,0.3567007734162259,scr2011,avaStIn,bevFrtRoadLight
MK,h0397,0.4041503392203238,scr2011,avaStIn,bevFrtRoadLight
MK,h0398,0.4476847573510618,scr2011,avaStIn,bevFrtRoadLight
MK,h0399,0.4955374531835875,scr2011,avaStIn,bevFrtRoadLight
MK,h0400,0.4542442586158291,scr2011,avaStIn,bevFrtRoadLight
MK,h0401,0.4212820877816386,scr2011,avaStIn,bevFrtRoadLight
MK,h0402,0.40349092388744084,scr2011,avaStIn,bevFrtRoadLight
MK,h0403,0.3880713815348768,scr2011,avaStIn,bevFrtRoadLight
MK,h0404,0.3753582116188943,scr2011,avaStIn,bevFrtRoadLight
MK,h0405,0.3507189311524727,scr2011,avaStIn,bevFrtRoadLight
MK,h0406,0.31190996289315026,scr2011,avaStIn,bevFrtRoadLight
MK,h0407,0.2678335745963705,scr2011,avaStIn,bevFrtRoadLight
MK,h0408,0.23523187451793154,scr2011,avaStIn,bevFrtRoadLight
MK,h0409,0.28048656175765735,scr2011,avaStIn,bevFrtRoadLight
MK,h0410,0.3425122697993718,scr2011,avaStIn,bevFrtRoadLight
MK,h0411,0.40712743601677065,scr2011,avaStIn,bevFrtRoadLight
MK,h0412,0.4268707928932293,scr2011,avaStIn,bevFrtRoadLight
MK,h0413,0.4378903855523765,scr2011,avaStIn,bevFrtRoadLight
MK,h0414,0.4543422498691934,scr2011,avaStIn,bevFrtRoadLight
MK,h0415,0.5176382610803405,scr2011,avaStIn,bevFrtRoadLight
MK,h0416,0.5849527839367337,scr2011,avaStIn,bevFrtRoadLight
MK,h0417,0.6407291256079393,scr2011,avaStIn,bevFrtRoadLight
MK,h0418,0.648916667,scr2011,avaStIn,bevFrtRoadLight
MK,h0419,0.6398287207412086,scr2011,avaStIn,bevFrtRoadLight
MK,h0420,0.615144421172021,scr2011,avaStIn,bevFrtRoadLight
MK,h0421,0.5791035442682768,scr2011,avaStIn,bevFrtRoadLight
MK,h0422,0.5374942054623928,scr2011,avaStIn,bevFrtRoadLight
MK,h0423,0.4955374531835875,scr2011,avaStIn,bevFrtRoadLight
MK,h0424,0.4542442586158291,scr2011,avaStIn,bevFrtRoadLight
MK,h0425,0.4212820877816386,scr2011,avaStIn,bevFrtRoadLight
MK,h0426,0.40349092388744084,scr2011,avaStIn,bevFrtRoadLight
MK,h0427,0.39580205446884725,scr2011,avaStIn,bevFrtRoadLight
MK,h0428,0.3906798200666239,scr2011,avaStIn,bevFrtRoadLight
MK,h0429,0.3773711612383875,scr2011,avaStIn,bevFrtRoadLight
MK,h0430,0.3461356730709699,scr2011,avaStIn,bevFrtRoadLight
MK,h0431,0.30875150341473095,scr2011,avaStIn,bevFrtRoadLight
MK,h0432,0.2787960842643315,scr2011,avaStIn,bevFrtRoadLight
MK,h0433,0.3071358468676361,scr2011,avaStIn,bevFrtRoadLight
MK,h0434,0.3550193798223838,scr2011,avaStIn,bevFrtRoadLight
MK,h0435,0.40712743601677065,scr2011,avaStIn,bevFrtRoadLight
MK,h0436,0.4268707928932293,scr2011,avaStIn,bevFrtRoadLight
MK,h0437,0.4378903855523765,scr2011,avaStIn,bevFrtRoadLight
MK,h0438,0.4543422498691934,scr2011,avaStIn,bevFrtRoadLight
MK,h0439,0.48587277215499686,scr2011,avaStIn,bevFrtRoadLight
MK,h0440,0.5291767067485698,scr2011,avaStIn,bevFrtRoadLight
MK,h0441,0.5695703515713371,scr2011,avaStIn,bevFrtRoadLight
MK,h0442,0.5969876037561683,scr2011,avaStIn,bevFrtRoadLight
MK,h0443,0.6074971913610454,scr2011,avaStIn,bevFrtRoadLight
MK,h0444,0.6000100054494701,scr2011,avaStIn,bevFrtRoadLight
MK,h0445,0.5749025389682099,scr2011,avaStIn,bevFrtRoadLight
MK,h0446,0.5380051395763279,scr2011,avaStIn,bevFrtRoadLight
MK,h0447,0.4955374531835875,scr2011,avaStIn,bevFrtRoadLight
MK,h0448,0.4542442586158291,scr2011,avaStIn,bevFrtRoadLight
MK,h0449,0.4212820877816386,scr2011,avaStIn,bevFrtRoadLight
MK,h0450,0.40349092388744084,scr2011,avaStIn,bevFrtRoadLight
MK,h0451,0.39580205446884725,scr2011,avaStIn,bevFrtRoadLight
MK,h0452,0.3906798200666239,scr2011,avaStIn,bevFrtRoadLight
MK,h0453,0.3773711612383875,scr2011,avaStIn,bevFrtRoadLight
MK,h0454,0.3461356730709699,scr2011,avaStIn,bevFrtRoadLight
MK,h0455,0.30875150341473095,scr2011,avaStIn,bevFrtRoadLight
MK,h0456,0.2787960842643315,scr2011,avaStIn,bevFrtRoadLight
MK,h0457,0.30375090267424804,scr2011,avaStIn,bevFrtRoadLight
MK,h0458,0.3330411984835136,scr2011,avaStIn,bevFrtRoadLight
MK,h0459,0.3629168834376801,scr2011,avaStIn,bevFrtRoadLight
MK,h0460,0.37094662163702835,scr2011,avaStIn,bevFrtRoadLight
MK,h0461,0.3990691513435753,scr2011,avaStIn,bevFrtRoadLight
MK,h0462,0.4431358704852784,scr2011,avaStIn,bevFrtRoadLight
MK,h0463,0.49456203496038703,scr2011,avaStIn,bevFrtRoadLight
MK,h0464,0.5399104862874597,scr2011,avaStIn,bevFrtRoadLight
MK,h0465,0.5721232857004457,scr2011,avaStIn,bevFrtRoadLight
MK,h0466,0.586730659153248,scr2011,avaStIn,bevFrtRoadLight
MK,h0467,0.5906659856205043,scr2011,avaStIn,bevFrtRoadLight
MK,h0468,0.5823669061077958,scr2011,avaStIn,bevFrtRoadLight
MK,h0469,0.5527330513011219,scr2011,avaStIn,bevFrtRoadLight
MK,h0470,0.5032590983182406,scr2011,avaStIn,bevFrtRoadLight
MK,h0471,0.4368359940619068,scr2011,avaStIn,bevFrtRoadLight
MK,h0472,0.37155562437412587,scr2011,avaStIn,bevFrtRoadLight
MK,h0473,0.31489452652740507,scr2011,avaStIn,bevFrtRoadLight
MK,h0474,0.2851222046948409,scr2011,avaStIn,bevFrtRoadLight
MK,h0475,0.3046863266974262,scr2011,avaStIn,bevFrtRoadLight
MK,h0476,0.3438174878466404,scr2011,avaStIn,bevFrtRoadLight
MK,h0477,0.39049635340354866,scr2011,avaStIn,bevFrtRoadLight
MK,h0478,0.406539379317612,scr2011,avaStIn,bevFrtRoadLight
MK,h0479,0.40895502615645823,scr2011,avaStIn,bevFrtRoadLight
MK,h0480,0.39420741365117734,scr2011,avaStIn,bevFrtRoadLight
MK,h0481,0.41810100737018757,scr2011,avaStIn,bevFrtRoadLight
MK,h0482,0.4423441034942934,scr2011,avaStIn,bevFrtRoadLight
MK,h0483,0.4658490823624793,scr2011,avaStIn,bevFrtRoadLight
MK,h0484,0.4575405809516427,scr2011,avaStIn,bevFrtRoadLight
MK,h0485,0.45673384350089713,scr2011,avaStIn,bevFrtRoadLight
MK,h0486,0.4707264947039714,scr2011,avaStIn,bevFrtRoadLight
MK,h0487,0.501755266224529,scr2011,avaStIn,bevFrtRoadLight
MK,h0488,0.5390652375194709,scr2011,avaStIn,bevFrtRoadLight
MK,h0489,0.5721232857004457,scr2011,avaStIn,bevFrtRoadLight
MK,h0490,0.586730659153248,scr2011,avaStIn,bevFrtRoadLight
MK,h0491,0.5906659856205043,scr2011,avaStIn,bevFrtRoadLight
MK,h0492,0.5823669061077958,scr2011,avaStIn,bevFrtRoadLight
MK,h0493,0.5527330513011219,scr2011,avaStIn,bevFrtRoadLight
MK,h0494,0.5032590983182406,scr2011,avaStIn,bevFrtRoadLight
MK,h0495,0.4368359940619068,scr2011,avaStIn,bevFrtRoadLight
MK,h0496,0.37155562437412587,scr2011,avaStIn,bevFrtRoadLight
MK,h0497,0.31489452652740507,scr2011,avaStIn,bevFrtRoadLight
MK,h0498,0.2851222046948409,scr2011,avaStIn,bevFrtRoadLight
MK,h0499,0.3046863266974262,scr2011,avaStIn,bevFrtRoadLight
MK,h0500,0.3438174878466404,scr2011,avaStIn,bevFrtRoadLight
MK,h0501,0.39049635340354866,scr2011,avaStIn,bevFrtRoadLight
MK,h0502,0.406539379317612,scr2011,avaStIn,bevFrtRoadLight
MK,h0503,0.40895502615645823,scr2011,avaStIn,bevFrtRoadLight
MK,h0504,0.39420741365117734,scr2011,avaStIn,bevFrtRoadLight
LV,h0337,0.3678036568409198,scr2011,avaStIn,bevFrtRoadLight
LV,h0338,0.38100501157978334,scr2011,avaStIn,bevFrtRoadLight
LV,h0339,0.42032176592981213,scr2011,avaStIn,bevFrtRoadLight
LV,h0340,0.4678707275631267,scr2011,avaStIn,bevFrtRoadLight
LV,h0341,0.49735170425311476,scr2011,avaStIn,bevFrtRoadLight
LV,h0342,0.49246620022282833,scr2011,avaStIn,bevFrtRoadLight
LV,h0343,0.46957643614972294,scr2011,avaStIn,bevFrtRoadLight
LV,h0344,0.44291495111013074,scr2011,avaStIn,bevFrtRoadLight
LV,h0345,0.43317780370144005,scr2011,avaStIn,bevFrtRoadLight
LV,h0346,0.4244403929737686,scr2011,avaStIn,bevFrtRoadLight
LV,h0347,0.39810902826774003,scr2011,avaStIn,bevFrtRoadLight
LV,h0348,0.351805009617336,scr2011,avaStIn,bevFrtRoadLight
LV,h0349,0.30389998964037984,scr2011,avaStIn,bevFrtRoadLight
LV,h0350,0.27557726013127576,scr2011,avaStIn,bevFrtRoadLight
LV,h0351,0.28185139851797575,scr2011,avaStIn,bevFrtRoadLight
LV,h0352,0.3273885307468892,scr2011,avaStIn,bevFrtRoadLight
LV,h0353,0.3915946734624394,scr2011,avaStIn,bevFrtRoadLight
LV,h0354,0.46336564370545036,scr2011,avaStIn,bevFrtRoadLight
LV,h0355,0.527956642454245,scr2011,avaStIn,bevFrtRoadLight
LV,h0356,0.5755570526745453,scr2011,avaStIn,bevFrtRoadLight
LV,h0357,0.5975822668314505,scr2011,avaStIn,bevFrtRoadLight
LV,h0358,0.6006542847867082,scr2011,avaStIn,bevFrtRoadLight
LV,h0359,0.591186709414723,scr2011,avaStIn,bevFrtRoadLight
LV,h0360,0.5759821519560271,scr2011,avaStIn,bevFrtRoadLight
LV,h0361,0.5498241784401583,scr2011,avaStIn,bevFrtRoadLight
LV,h0362,0.5224639091238412,scr2011,avaStIn,bevFrtRoadLight
LV,h0363,0.49755075776430474,scr2011,avaStIn,bevFrtRoadLight
LV,h0364,0.47501810053413557,scr2011,avaStIn,bevFrtRoadLight
LV,h0365,0.45199901493300093,scr2011,avaStIn,bevFrtRoadLight
LV,h0366,0.4326171139765777,scr2011,avaStIn,bevFrtRoadLight
LV,h0367,0.42537184676479983,scr2011,avaStIn,bevFrtRoadLight
LV,h0368,0.4276648478494673,scr2011,avaStIn,bevFrtRoadLight
LV,h0369,0.43317780370144005,scr2011,avaStIn,bevFrtRoadLight
LV,h0370,0.4244403929737686,scr2011,avaStIn,bevFrtRoadLight
LV,h0371,0.39810902826774003,scr2011,avaStIn,bevFrtRoadLight
LV,h0372,0.351805009617336,scr2011,avaStIn,bevFrtRoadLight
LV,h0373,0.30389998964037984,scr2011,avaStIn,bevFrtRoadLight
LV,h0374,0.27557726013127576,scr2011,avaStIn,bevFrtRoadLight
LV,h0375,0.28185139851797575,scr2011,avaStIn,bevFrtRoadLight
LV,h0376,0.3273885307468892,scr2011,avaStIn,bevFrtRoadLight
LV,h0377,0.3915946734624394,scr2011,avaStIn,bevFrtRoadLight
LV,h0378,0.46336564370545036,scr2011,avaStIn,bevFrtRoadLight
LV,h0379,0.526475609069496,scr2011,avaStIn,bevFrtRoadLight
LV,h0380,0.5778818879811951,scr2011,avaStIn,bevFrtRoadLight
LV,h0381,0.6070507011789035,scr2011,avaStIn,bevFrtRoadLight
LV,h0382,0.6079501872476674,scr2011,avaStIn,bevFrtRoadLight
LV,h0383,0.5849169235034561,scr2011,avaStIn,bevFrtRoadLight
LV,h0384,0.5483501020925658,scr2011,avaStIn,bevFrtRoadLight
LV,h0385,0.5254703461687369,scr2011,avaStIn,bevFrtRoadLight
LV,h0386,0.5081317932952782,scr2011,avaStIn,bevFrtRoadLight
LV,h0387,0.49755075776430474,scr2011,avaStIn,bevFrtRoadLight
LV,h0388,0.47501810053413557,scr2011,avaStIn,bevFrtRoadLight
LV,h0389,0.45199901493300093,scr2011,avaStIn,bevFrtRoadLight
LV,h0390,0.4326171139765777,scr2011,avaStIn,bevFrtRoadLight
LV,h0391,0.40793603108458326,scr2011,avaStIn,bevFrtRoadLight
LV,h0392,0.39786250383483696,scr2011,avaStIn,bevFrtRoadLight
LV,h0393,0.3995885000442824,scr2011,avaStIn,bevFrtRoadLight
LV,h0394,0.4101381139863069,scr2011,avaStIn,bevFrtRoadLight
LV,h0395,0.3993074674603107,scr2011,avaStIn,bevFrtRoadLight
LV,h0396,0.3567007734162259,scr2011,avaStIn,bevFrtRoadLight
LV,h0397,0.4041503392203238,scr2011,avaStIn,bevFrtRoadLight
LV,h0398,0.4476847573510618,scr2011,avaStIn,bevFrtRoadLight
LV,h0399,0.4955374531835875,scr2011,avaStIn,bevFrtRoadLight
LV,h0400,0.4542442586158291,scr2011,avaStIn,bevFrtRoadLight
LV,h0401,0.4212820877816386,scr2011,avaStIn,bevFrtRoadLight
LV,h0402,0.40349092388744084,scr2011,avaStIn,bevFrtRoadLight
LV,h0403,0.3880713815348768,scr2011,avaStIn,bevFrtRoadLight
LV,h0404,0.3753582116188943,scr2011,avaStIn,bevFrtRoadLight
LV,h0405,0.3507189311524727,scr2011,avaStIn,bevFrtRoadLight
LV,h0406,0.31190996289315026,scr2011,avaStIn,bevFrtRoadLight
LV,h0407,0.2678335745963705,scr2011,avaStIn,bevFrtRoadLight
LV,h0408,0.23523187451793154,scr2011,avaStIn,bevFrtRoadLight
LV,h0409,0.28048656175765735,scr2011,avaStIn,bevFrtRoadLight
LV,h0410,0.3425122697993718,scr2011,avaStIn,bevFrtRoadLight
LV,h0411,0.40712743601677065,scr2011,avaStIn,bevFrtRoadLight
LV,h0412,0.4268707928932293,scr2011,avaStIn,bevFrtRoadLight
LV,h0413,0.4378903855523765,scr2011,avaStIn,bevFrtRoadLight
LV,h0414,0.4543422498691934,scr2011,avaStIn,bevFrtRoadLight
LV,h0415,0.5176382610803405,scr2011,avaStIn,bevFrtRoadLight
LV,h0416,0.5849527839367337,scr2011,avaStIn,bevFrtRoadLight
LV,h0417,0.6407291256079393,scr2011,avaStIn,bevFrtRoadLight
LV,h0418,0.648916667,scr2011,avaStIn,bevFrtRoadLight
LV,h0419,0.6398287207412086,scr2011,avaStIn,bevFrtRoadLight
LV,h0420,0.615144421172021,scr2011,avaStIn,bevFrtRoadLight
LV,h0421,0.5791035442682768,scr2011,avaStIn,bevFrtRoadLight
LV,h0422,0.5374942054623928,scr2011,avaStIn,bevFrtRoadLight
LV,h0423,0.4955374531835875,scr2011,avaStIn,bevFrtRoadLight
LV,h0424,0.4542442586158291,scr2011,avaStIn,bevFrtRoadLight
LV,h0425,0.4212820877816386,scr2011,avaStIn,bevFrtRoadLight
LV,h0426,0.40349092388744084,scr2011,avaStIn,bevFrtRoadLight
LV,h0427,0.39580205446884725,scr2011,avaStIn,bevFrtRoadLight
LV,h0428,0.3906798200666239,scr2011,avaStIn,bevFrtRoadLight
LV,h0429,0.3773711612383875,scr2011,avaStIn,bevFrtRoadLight
LV,h0430,0.3461356730709699,scr2011,avaStIn,bevFrtRoadLight
LV,h0431,0.30875150341473095,scr2011,avaStIn,bevFrtRoadLight
LV,h0432,0.2787960842643315,scr2011,avaStIn,bevFrtRoadLight
LV,h0433,0.3071358468676361,scr2011,avaStIn,bevFrtRoadLight
LV,h0434,0.3550193798223838,scr2011,avaStIn,bevFrtRoadLight
LV,h0435,0.40712743601677065,scr2011,avaStIn,bevFrtRoadLight
LV,h0436,0.4268707928932293,scr2011,avaStIn,bevFrtRoadLight
LV,h0437,0.4378903855523765,scr2011,avaStIn,bevFrtRoadLight
LV,h0438,0.4543422498691934,scr2011,avaStIn,bevFrtRoadLight
LV,h0439,0.48587277215499686,scr2011,avaStIn,bevFrtRoadLight
LV,h0440,0.5291767067485698,scr2011,avaStIn,bevFrtRoadLight
LV,h0441,0.5695703515713371,scr2011,avaStIn,bevFrtRoadLight
LV,h0442,0.5969876037561683,scr2011,avaStIn,bevFrtRoadLight
LV,h0443,0.6074971913610454,scr2011,avaStIn,bevFrtRoadLight
LV,h0444,0.6000100054494701,scr2011,avaStIn,bevFrtRoadLight
LV,h0445,0.5749025389682099,scr2011,avaStIn,bevFrtRoadLight
LV,h0446,0.5380051395763279,scr2011,avaStIn,bevFrtRoadLight
LV,h0447,0.4955374531835875,scr2011,avaStIn,bevFrtRoadLight
LV,h0448,0.4542442586158291,scr2011,avaStIn,bevFrtRoadLight
LV,h0449,0.4212820877816386,scr2011,avaStIn,bevFrtRoadLight
LV,h0450,0.40349092388744084,scr2011,avaStIn,bevFrtRoadLight
LV,h0451,0.39580205446884725,scr2011,avaStIn,bevFrtRoadLight
LV,h0452,0.3906798200666239,scr2011,avaStIn,bevFrtRoadLight
LV,h0453,0.3773711612383875,scr2011,avaStIn,bevFrtRoadLight
LV,h0454,0.3461356730709699,scr2011,avaStIn,bevFrtRoadLight
LV,h0455,0.30875150341473095,scr2011,avaStIn,bevFrtRoadLight
LV,h0456,0.2787960842643315,scr2011,avaStIn,bevFrtRoadLight
LV,h0457,0.30375090267424804,scr2011,avaStIn,bevFrtRoadLight
LV,h0458,0.3330411984835136,scr2011,avaStIn,bevFrtRoadLight
LV,h0459,0.3629168834376801,scr2011,avaStIn,bevFrtRoadLight
LV,h0460,0.37094662163702835,scr2011,avaStIn,bevFrtRoadLight
LV,h0461,0.3990691513435753,scr2011,avaStIn,bevFrtRoadLight
LV,h0462,0.4431358704852784,scr2011,avaStIn,bevFrtRoadLight
LV,h0463,0.49456203496038703,scr2011,avaStIn,bevFrtRoadLight
LV,h0464,0.5399104862874597,scr2011,avaStIn,bevFrtRoadLight
LV,h0465,0.5721232857004457,scr2011,avaStIn,bevFrtRoadLight
LV,h0466,0.586730659153248,scr2011,avaStIn,bevFrtRoadLight
LV,h0467,0.5906659856205043,scr2011,avaStIn,bevFrtRoadLight
LV,h0468,0.5823669061077958,scr2011,avaStIn,bevFrtRoadLight
LV,h0469,0.5527330513011219,scr2011,avaStIn,bevFrtRoadLight
LV,h0470,0.5032590983182406,scr2011,avaStIn,bevFrtRoadLight
LV,h0471,0.4368359940619068,scr2011,avaStIn,bevFrtRoadLight
LV,h0472,0.37155562437412587,scr2011,avaStIn,bevFrtRoadLight
LV,h0473,0.31489452652740507,scr2011,avaStIn,bevFrtRoadLight
LV,h0474,0.2851222046948409,scr2011,avaStIn,bevFrtRoadLight
LV,h0475,0.3046863266974262,scr2011,avaStIn,bevFrtRoadLight
LV,h0476,0.3438174878466404,scr2011,avaStIn,bevFrtRoadLight
LV,h0477,0.39049635340354866,scr2011,avaStIn,bevFrtRoadLight
LV,h0478,0.406539379317612,scr2011,avaStIn,bevFrtRoadLight
LV,h0479,0.40895502615645823,scr2011,avaStIn,bevFrtRoadLight
LV,h0480,0.39420741365117734,scr2011,avaStIn,bevFrtRoadLight
LV,h0481,0.41810100737018757,scr2011,avaStIn,bevFrtRoadLight
LV,h0482,0.4423441034942934,scr2011,avaStIn,bevFrtRoadLight
LV,h0483,0.4658490823624793,scr2011,avaStIn,bevFrtRoadLight
LV,h0484,0.4575405809516427,scr2011,avaStIn,bevFrtRoadLight
LV,h0485,0.45673384350089713,scr2011,avaStIn,bevFrtRoadLight
LV,h0486,0.4707264947039714,scr2011,avaStIn,bevFrtRoadLight
LV,h0487,0.501755266224529,scr2011,avaStIn,bevFrtRoadLight
LV,h0488,0.5390652375194709,scr2011,avaStIn,bevFrtRoadLight
LV,h0489,0.5721232857004457,scr2011,avaStIn,bevFrtRoadLight
LV,h0490,0.586730659153248,scr2011,avaStIn,bevFrtRoadLight
LV,h0491,0.5906659856205043,scr2011,avaStIn,bevFrtRoadLight
LV,h0492,0.5823669061077958,scr2011,avaStIn,bevFrtRoadLight
LV,h0493,0.5527330513011219,scr2011,avaStIn,bevFrtRoadLight
LV,h0494,0.5032590983182406,scr2011,avaStIn,bevFrtRoadLight
LV,h0495,0.4368359940619068,scr2011,avaStIn,bevFrtRoadLight
LV,h0496,0.37155562437412587,scr2011,avaStIn,bevFrtRoadLight
LV,h0497,0.31489452652740507,scr2011,avaStIn,bevFrtRoadLight
LV,h0498,0.2851222046948409,scr2011,avaStIn,bevFrtRoadLight
LV,h0499,0.3046863266974262,scr2011,avaStIn,bevFrtRoadLight
LV,h0500,0.3438174878466404,scr2011,avaStIn,bevFrtRoadLight
LV,h0501,0.39049635340354866,scr2011,avaStIn,bevFrtRoadLight
LV,h0502,0.406539379317612,scr2011,avaStIn,bevFrtRoadLight
LV,h0503,0.40895502615645823,scr2011,avaStIn,bevFrtRoadLight
LV,h0504,0.39420741365117734,scr2011,avaStIn,bevFrtRoadLight
ME,h0337,0.3678036568409198,scr2011,avaStIn,bevFrtRoadLight
ME,h0338,0.38100501157978334,scr2011,avaStIn,bevFrtRoadLight
ME,h0339,0.42032176592981213,scr2011,avaStIn,bevFrtRoadLight
ME,h0340,0.4678707275631267,scr2011,avaStIn,bevFrtRoadLight
ME,h0341,0.49735170425311476,scr2011,avaStIn,bevFrtRoadLight
ME,h0342,0.49246620022282833,scr2011,avaStIn,bevFrtRoadLight
ME,h0343,0.46957643614972294,scr2011,avaStIn,bevFrtRoadLight
ME,h0344,0.44291495111013074,scr2011,avaStIn,bevFrtRoadLight
ME,h0345,0.43317780370144005,scr2011,avaStIn,bevFrtRoadLight
ME,h0346,0.4244403929737686,scr2011,avaStIn,bevFrtRoadLight
ME,h0347,0.39810902826774003,scr2011,avaStIn,bevFrtRoadLight
ME,h0348,0.351805009617336,scr2011,avaStIn,bevFrtRoadLight
ME,h0349,0.30389998964037984,scr2011,avaStIn,bevFrtRoadLight
ME,h0350,0.27557726013127576,scr2011,avaStIn,bevFrtRoadLight
ME,h0351,0.28185139851797575,scr2011,avaStIn,bevFrtRoadLight
ME,h0352,0.3273885307468892,scr2011,avaStIn,bevFrtRoadLight
ME,h0353,0.3915946734624394,scr2011,avaStIn,bevFrtRoadLight
ME,h0354,0.46336564370545036,scr2011,avaStIn,bevFrtRoadLight
ME,h0355,0.527956642454245,scr2011,avaStIn,bevFrtRoadLight
ME,h0356,0.5755570526745453,scr2011,avaStIn,bevFrtRoadLight
ME,h0357,0.5975822668314505,scr2011,avaStIn,bevFrtRoadLight
ME,h0358,0.6006542847867082,scr2011,avaStIn,bevFrtRoadLight
ME,h0359,0.591186709414723,scr2011,avaStIn,bevFrtRoadLight
ME,h0360,0.5759821519560271,scr2011,avaStIn,bevFrtRoadLight
ME,h0361,0.5498241784401583,scr2011,avaStIn,bevFrtRoadLight
ME,h0362,0.5224639091238412,scr2011,avaStIn,bevFrtRoadLight
ME,h0363,0.49755075776430474,scr2011,avaStIn,bevFrtRoadLight
ME,h0364,0.47501810053413557,scr2011,avaStIn,bevFrtRoadLight
ME,h0365,0.45199901493300093,scr2011,avaStIn,bevFrtRoadLight
ME,h0366,0.4326171139765777,scr2011,avaStIn,bevFrtRoadLight
ME,h0367,0.42537184676479983,scr2011,avaStIn,bevFrtRoadLight
ME,h0368,0.4276648478494673,scr2011,avaStIn,bevFrtRoadLight
ME,h0369,0.43317780370144005,scr2011,avaStIn,bevFrtRoadLight
ME,h0370,0.4244403929737686,scr2011,avaStIn,bevFrtRoadLight
ME,h0371,0.39810902826774003,scr2011,avaStIn,bevFrtRoadLight
ME,h0372,0.351805009617336,scr2011,avaStIn,bevFrtRoadLight
ME,h0373,0.30389998964037984,scr2011,avaStIn,bevFrtRoadLight
ME,h0374,0.27557726013127576,scr2011,avaStIn,bevFrtRoadLight
ME,h0375,0.28185139851797575,scr2011,avaStIn,bevFrtRoadLight
ME,h0376,0.3273885307468892,scr2011,avaStIn,bevFrtRoadLight
ME,h0377,0.3915946734624394,scr2011,avaStIn,bevFrtRoadLight
ME,h0378,0.46336564370545036,scr2011,avaStIn,bevFrtRoadLight
ME,h0379,0.526475609069496,scr2011,avaStIn,bevFrtRoadLight
ME,h0380,0.5778818879811951,scr2011,avaStIn,bevFrtRoadLight
ME,h0381,0.6070507011789035,scr2011,avaStIn,bevFrtRoadLight
ME,h0382,0.6079501872476674,scr2011,avaStIn,bevFrtRoadLight
ME,h0383,0.5849169235034561,scr2011,avaStIn,bevFrtRoadLight
ME,h0384,0.5483501020925658,scr2011,avaStIn,bevFrtRoadLight
ME,h0385,0.5254703461687369,scr2011,avaStIn,bevFrtRoadLight
ME,h0386,0.5081317932952782,scr2011,avaStIn,bevFrtRoadLight
ME,h0387,0.49755075776430474,scr2011,avaStIn,bevFrtRoadLight
ME,h0388,0.47501810053413557,scr2011,avaStIn,bevFrtRoadLight
ME,h0389,0.45199901493300093,scr2011,avaStIn,bevFrtRoadLight
ME,h0390,0.4326171139765777,scr2011,avaStIn,bevFrtRoadLight
ME,h0391,0.40793603108458326,scr2011,avaStIn,bevFrtRoadLight
ME,h0392,0.39786250383483696,scr2011,avaStIn,bevFrtRoadLight
ME,h0393,0.3995885000442824,scr2011,avaStIn,bevFrtRoadLight
ME,h0394,0.4101381139863069,scr2011,avaStIn,bevFrtRoadLight
ME,h0395,0.3993074674603107,scr2011,avaStIn,bevFrtRoadLight
ME,h0396,0.3567007734162259,scr2011,avaStIn,bevFrtRoadLight
ME,h0397,0.4041503392203238,scr2011,avaStIn,bevFrtRoadLight
ME,h0398,0.4476847573510618,scr2011,avaStIn,bevFrtRoadLight
ME,h0399,0.4955374531835875,scr2011,avaStIn,bevFrtRoadLight
ME,h0400,0.4542442586158291,scr2011,avaStIn,bevFrtRoadLight
ME,h0401,0.4212820877816386,scr2011,avaStIn,bevFrtRoadLight
ME,h0402,0.40349092388744084,scr2011,avaStIn,bevFrtRoadLight
ME,h0403,0.3880713815348768,scr2011,avaStIn,bevFrtRoadLight
ME,h0404,0.3753582116188943,scr2011,avaStIn,bevFrtRoadLight
ME,h0405,0.3507189311524727,scr2011,avaStIn,bevFrtRoadLight
ME,h0406,0.31190996289315026,scr2011,avaStIn,bevFrtRoadLight
ME,h0407,0.2678335745963705,scr2011,avaStIn,bevFrtRoadLight
ME,h0408,0.23523187451793154,scr2011,avaStIn,bevFrtRoadLight
ME,h0409,0.28048656175765735,scr2011,avaStIn,bevFrtRoadLight
ME,h0410,0.3425122697993718,scr2011,avaStIn,bevFrtRoadLight
ME,h0411,0.40712743601677065,scr2011,avaStIn,bevFrtRoadLight
ME,h0412,0.4268707928932293,scr2011,avaStIn,bevFrtRoadLight
ME,h0413,0.4378903855523765,scr2011,avaStIn,bevFrtRoadLight
ME,h0414,0.4543422498691934,scr2011,avaStIn,bevFrtRoadLight
ME,h0415,0.5176382610803405,scr2011,avaStIn,bevFrtRoadLight
ME,h0416,0.5849527839367337,scr2011,avaStIn,bevFrtRoadLight
ME,h0417,0.6407291256079393,scr2011,avaStIn,bevFrtRoadLight
ME,h0418,0.648916667,scr2011,avaStIn,bevFrtRoadLight
ME,h0419,0.6398287207412086,scr2011,avaStIn,bevFrtRoadLight
ME,h0420,0.615144421172021,scr2011,avaStIn,bevFrtRoadLight
ME,h0421,0.5791035442682768,scr2011,avaStIn,bevFrtRoadLight
ME,h0422,0.5374942054623928,scr2011,avaStIn,bevFrtRoadLight
ME,h0423,0.4955374531835875,scr2011,avaStIn,bevFrtRoadLight
ME,h0424,0.4542442586158291,scr2011,avaStIn,bevFrtRoadLight
ME,h0425,0.4212820877816386,scr2011,avaStIn,bevFrtRoadLight
ME,h0426,0.40349092388744084,scr2011,avaStIn,bevFrtRoadLight
ME,h0427,0.39580205446884725,scr2011,avaStIn,bevFrtRoadLight
ME,h0428,0.3906798200666239,scr2011,avaStIn,bevFrtRoadLight
ME,h0429,0.3773711612383875,scr2011,avaStIn,bevFrtRoadLight
ME,h0430,0.3461356730709699,scr2011,avaStIn,bevFrtRoadLight
ME,h0431,0.30875150341473095,scr2011,avaStIn,bevFrtRoadLight
ME,h0432,0.2787960842643315,scr2011,avaStIn,bevFrtRoadLight
ME,h0433,0.3071358468676361,scr2011,avaStIn,bevFrtRoadLight
ME,h0434,0.3550193798223838,scr2011,avaStIn,bevFrtRoadLight
ME,h0435,0.40712743601677065,scr2011,avaStIn,bevFrtRoadLight
ME,h0436,0.4268707928932293,scr2011,avaStIn,bevFrtRoadLight
ME,h0437,0.4378903855523765,scr2011,avaStIn,bevFrtRoadLight
ME,h0438,0.4543422498691934,scr2011,avaStIn,bevFrtRoadLight
ME,h0439,0.48587277215499686,scr2011,avaStIn,bevFrtRoadLight
ME,h0440,0.5291767067485698,scr2011,avaStIn,bevFrtRoadLight
ME,h0441,0.5695703515713371,scr2011,avaStIn,bevFrtRoadLight
ME,h0442,0.5969876037561683,scr2011,avaStIn,bevFrtRoadLight
ME,h0443,0.6074971913610454,scr2011,avaStIn,bevFrtRoadLight
ME,h0444,0.6000100054494701,scr2011,avaStIn,bevFrtRoadLight
ME,h0445,0.5749025389682099,scr2011,avaStIn,bevFrtRoadLight
ME,h0446,0.5380051395763279,scr2011,avaStIn,bevFrtRoadLight
ME,h0447,0.4955374531835875,scr2011,avaStIn,bevFrtRoadLight
ME,h0448,0.4542442586158291,scr2011,avaStIn,bevFrtRoadLight
ME,h0449,0.4212820877816386,scr2011,avaStIn,bevFrtRoadLight
ME,h0450,0.40349092388744084,scr2011,avaStIn,bevFrtRoadLight
ME,h0451,0.39580205446884725,scr2011,avaStIn,bevFrtRoadLight
ME,h0452,0.3906798200666239,scr2011,avaStIn,bevFrtRoadLight
ME,h0453,0.3773711612383875,scr2011,avaStIn,bevFrtRoadLight
ME,h0454,0.3461356730709699,scr2011,avaStIn,bevFrtRoadLight
ME,h0455,0.30875150341473095,scr2011,avaStIn,bevFrtRoadLight
ME,h0456,0.2787960842643315,scr2011,avaStIn,bevFrtRoadLight
ME,h0457,0.30375090267424804,scr2011,avaStIn,bevFrtRoadLight
ME,h0458,0.3330411984835136,scr2011,avaStIn,bevFrtRoadLight
ME,h0459,0.3629168834376801,scr2011,avaStIn,bevFrtRoadLight
ME,h0460,0.37094662163702835,scr2011,avaStIn,bevFrtRoadLight
ME,h0461,0.3990691513435753,scr2011,avaStIn,bevFrtRoadLight
ME,h0462,0.4431358704852784,scr2011,avaStIn,bevFrtRoadLight
ME,h0463,0.49456203496038703,scr2011,avaStIn,bevFrtRoadLight
ME,h0464,0.5399104862874597,scr2011,avaStIn,bevFrtRoadLight
ME,h0465,0.5721232857004457,scr2011,avaStIn,bevFrtRoadLight
ME,h0466,0.586730659153248,scr2011,avaStIn,bevFrtRoadLight
ME,h0467,0.5906659856205043,scr2011,avaStIn,bevFrtRoadLight
ME,h0468,0.5823669061077958,scr2011,avaStIn,bevFrtRoadLight
ME,h0469,0.5527330513011219,scr2011,avaStIn,bevFrtRoadLight
ME,h0470,0.5032590983182406,scr2011,avaStIn,bevFrtRoadLight
ME,h0471,0.4368359940619068,scr2011,avaStIn,bevFrtRoadLight
ME,h0472,0.37155562437412587,scr2011,avaStIn,bevFrtRoadLight
ME,h0473,0.31489452652740507,scr2011,avaStIn,bevFrtRoadLight
ME,h0474,0.2851222046948409,scr2011,avaStIn,bevFrtRoadLight
ME,h0475,0.3046863266974262,scr2011,avaStIn,bevFrtRoadLight
ME,h0476,0.3438174878466404,scr2011,avaStIn,bevFrtRoadLight
ME,h0477,0.39049635340354866,scr2011,avaStIn,bevFrtRoadLight
ME,h0478,0.406539379317612,scr2011,avaStIn,bevFrtRoadLight
ME,h0479,0.40895502615645823,scr2011,avaStIn,bevFrtRoadLight
ME,h0480,0.39420741365117734,scr2011,avaStIn,bevFrtRoadLight
ME,h0481,0.41810100737018757,scr2011,avaStIn,bevFrtRoadLight
ME,h0482,0.4423441034942934,scr2011,avaStIn,bevFrtRoadLight
ME,h0483,0.4658490823624793,scr2011,avaStIn,bevFrtRoadLight
ME,h0484,0.4575405809516427,scr2011,avaStIn,bevFrtRoadLight
ME,h0485,0.45673384350089713,scr2011,avaStIn,bevFrtRoadLight
ME,h0486,0.4707264947039714,scr2011,avaStIn,bevFrtRoadLight
ME,h0487,0.501755266224529,scr2011,avaStIn,bevFrtRoadLight
ME,h0488,0.5390652375194709,scr2011,avaStIn,bevFrtRoadLight
ME,h0489,0.5721232857004457,scr2011,avaStIn,bevFrtRoadLight
ME,h0490,0.586730659153248,scr2011,avaStIn,bevFrtRoadLight
ME,h0491,0.5906659856205043,scr2011,avaStIn,bevFrtRoadLight
ME,h0492,0.5823669061077958,scr2011,avaStIn,bevFrtRoadLight
ME,h0493,0.5527330513011219,scr2011,avaStIn,bevFrtRoadLight
ME,h0494,0.5032590983182406,scr2011,avaStIn,bevFrtRoadLight
ME,h0495,0.4368359940619068,scr2011,avaStIn,bevFrtRoadLight
ME,h0496,0.37155562437412587,scr2011,avaStIn,bevFrtRoadLight
ME,h0497,0.31489452652740507,scr2011,avaStIn,bevFrtRoadLight
ME,h0498,0.2851222046948409,scr2011,avaStIn,bevFrtRoadLight
ME,h0499,0.3046863266974262,scr2011,avaStIn,bevFrtRoadLight
ME,h0500,0.3438174878466404,scr2011,avaStIn,bevFrtRoadLight
ME,h0501,0.39049635340354866,scr2011,avaStIn,bevFrtRoadLight
ME,h0502,0.406539379317612,scr2011,avaStIn,bevFrtRoadLight
ME,h0503,0.40895502615645823,scr2011,avaStIn,bevFrtRoadLight
ME,h0504,0.39420741365117734,scr2011,avaStIn,bevFrtRoadLight
LT,h0337,0.3678036568409198,scr2011,avaStIn,bevFrtRoadLight
LT,h0338,0.38100501157978334,scr2011,avaStIn,bevFrtRoadLight
LT,h0339,0.42032176592981213,scr2011,avaStIn,bevFrtRoadLight
LT,h0340,0.4678707275631267,scr2011,avaStIn,bevFrtRoadLight
LT,h0341,0.49735170425311476,scr2011,avaStIn,bevFrtRoadLight
LT,h0342,0.49246620022282833,scr2011,avaStIn,bevFrtRoadLight
LT,h0343,0.46957643614972294,scr2011,avaStIn,bevFrtRoadLight
LT,h0344,0.44291495111013074,scr2011,avaStIn,bevFrtRoadLight
LT,h0345,0.43317780370144005,scr2011,avaStIn,bevFrtRoadLight
LT,h0346,0.4244403929737686,scr2011,avaStIn,bevFrtRoadLight
LT,h0347,0.39810902826774003,scr2011,avaStIn,bevFrtRoadLight
LT,h0348,0.351805009617336,scr2011,avaStIn,bevFrtRoadLight
LT,h0349,0.30389998964037984,scr2011,avaStIn,bevFrtRoadLight
LT,h0350,0.27557726013127576,scr2011,avaStIn,bevFrtRoadLight
LT,h0351,0.28185139851797575,scr2011,avaStIn,bevFrtRoadLight
LT,h0352,0.3273885307468892,scr2011,avaStIn,bevFrtRoadLight
LT,h0353,0.3915946734624394,scr2011,avaStIn,bevFrtRoadLight
LT,h0354,0.46336564370545036,scr2011,avaStIn,bevFrtRoadLight
LT,h0355,0.527956642454245,scr2011,avaStIn,bevFrtRoadLight
LT,h0356,0.5755570526745453,scr2011,avaStIn,bevFrtRoadLight
LT,h0357,0.5975822668314505,scr2011,avaStIn,bevFrtRoadLight
LT,h0358,0.6006542847867082,scr2011,avaStIn,bevFrtRoadLight
LT,h0359,0.591186709414723,scr2011,avaStIn,bevFrtRoadLight
LT,h0360,0.5759821519560271,scr2011,avaStIn,bevFrtRoadLight
LT,h0361,0.5498241784401583,scr2011,avaStIn,bevFrtRoadLight
LT,h0362,0.5224639091238412,scr2011,avaStIn,bevFrtRoadLight
LT,h0363,0.49755075776430474,scr2011,avaStIn,bevFrtRoadLight
LT,h0364,0.47501810053413557,scr2011,avaStIn,bevFrtRoadLight
LT,h0365,0.45199901493300093,scr2011,avaStIn,bevFrtRoadLight
LT,h0366,0.4326171139765777,scr2011,avaStIn,bevFrtRoadLight
LT,h0367,0.42537184676479983,scr2011,avaStIn,bevFrtRoadLight
LT,h0368,0.4276648478494673,scr2011,avaStIn,bevFrtRoadLight
LT,h0369,0.43317780370144005,scr2011,avaStIn,bevFrtRoadLight
LT,h0370,0.4244403929737686,scr2011,avaStIn,bevFrtRoadLight
LT,h0371,0.39810902826774003,scr2011,avaStIn,bevFrtRoadLight
LT,h0372,0.351805009617336,scr2011,avaStIn,bevFrtRoadLight
LT,h0373,0.30389998964037984,scr2011,avaStIn,bevFrtRoadLight
LT,h0374,0.27557726013127576,scr2011,avaStIn,bevFrtRoadLight
LT,h0375,0.28185139851797575,scr2011,avaStIn,bevFrtRoadLight
LT,h0376,0.3273885307468892,scr2011,avaStIn,bevFrtRoadLight
LT,h0377,0.3915946734624394,scr2011,avaStIn,bevFrtRoadLight
LT,h0378,0.46336564370545036,scr2011,avaStIn,bevFrtRoadLight
LT,h0379,0.526475609069496,scr2011,avaStIn,bevFrtRoadLight
LT,h0380,0.5778818879811951,scr2011,avaStIn,bevFrtRoadLight
LT,h0381,0.6070507011789035,scr2011,avaStIn,bevFrtRoadLight
LT,h0382,0.6079501872476674,scr2011,avaStIn,bevFrtRoadLight
LT,h0383,0.5849169235034561,scr2011,avaStIn,bevFrtRoadLight
LT,h0384,0.5483501020925658,scr2011,avaStIn,bevFrtRoadLight
LT,h0385,0.5254703461687369,scr2011,avaStIn,bevFrtRoadLight
LT,h0386,0.5081317932952782,scr2011,avaStIn,bevFrtRoadLight
LT,h0387,0.49755075776430474,scr2011,avaStIn,bevFrtRoadLight
LT,h0388,0.47501810053413557,scr2011,avaStIn,bevFrtRoadLight
LT,h0389,0.45199901493300093,scr2011,avaStIn,bevFrtRoadLight
LT,h0390,0.4326171139765777,scr2011,avaStIn,bevFrtRoadLight
LT,h0391,0.40793603108458326,scr2011,avaStIn,bevFrtRoadLight
LT,h0392,0.39786250383483696,scr2011,avaStIn,bevFrtRoadLight
LT,h0393,0.3995885000442824,scr2011,avaStIn,bevFrtRoadLight
LT,h0394,0.4101381139863069,scr2011,avaStIn,bevFrtRoadLight
LT,h0395,0.3993074674603107,scr2011,avaStIn,bevFrtRoadLight
LT,h0396,0.3567007734162259,scr2011,avaStIn,bevFrtRoadLight
LT,h0397,0.4041503392203238,scr2011,avaStIn,bevFrtRoadLight
LT,h0398,0.4476847573510618,scr2011,avaStIn,bevFrtRoadLight
LT,h0399,0.4955374531835875,scr2011,avaStIn,bevFrtRoadLight
LT,h0400,0.4542442586158291,scr2011,avaStIn,bevFrtRoadLight
LT,h0401,0.4212820877816386,scr2011,avaStIn,bevFrtRoadLight
LT,h0402,0.40349092388744084,scr2011,avaStIn,bevFrtRoadLight
LT,h0403,0.3880713815348768,scr2011,avaStIn,bevFrtRoadLight
LT,h0404,0.3753582116188943,scr2011,avaStIn,bevFrtRoadLight
LT,h0405,0.3507189311524727,scr2011,avaStIn,bevFrtRoadLight
LT,h0406,0.31190996289315026,scr2011,avaStIn,bevFrtRoadLight
LT,h0407,0.2678335745963705,scr2011,avaStIn,bevFrtRoadLight
LT,h0408,0.23523187451793154,scr2011,avaStIn,bevFrtRoadLight
LT,h0409,0.28048656175765735,scr2011,avaStIn,bevFrtRoadLight
LT,h0410,0.3425122697993718,scr2011,avaStIn,bevFrtRoadLight
LT,h0411,0.40712743601677065,scr2011,avaStIn,bevFrtRoadLight
LT,h0412,0.4268707928932293,scr2011,avaStIn,bevFrtRoadLight
LT,h0413,0.4378903855523765,scr2011,avaStIn,bevFrtRoadLight
LT,h0414,0.4543422498691934,scr2011,avaStIn,bevFrtRoadLight
LT,h0415,0.5176382610803405,scr2011,avaStIn,bevFrtRoadLight
LT,h0416,0.5849527839367337,scr2011,avaStIn,bevFrtRoadLight
LT,h0417,0.6407291256079393,scr2011,avaStIn,bevFrtRoadLight
LT,h0418,0.648916667,scr2011,avaStIn,bevFrtRoadLight
LT,h0419,0.6398287207412086,scr2011,avaStIn,bevFrtRoadLight
LT,h0420,0.615144421172021,scr2011,avaStIn,bevFrtRoadLight
LT,h0421,0.5791035442682768,scr2011,avaStIn,bevFrtRoadLight
LT,h0422,0.5374942054623928,scr2011,avaStIn,bevFrtRoadLight
LT,h0423,0.4955374531835875,scr2011,avaStIn,bevFrtRoadLight
LT,h0424,0.4542442586158291,scr2011,avaStIn,bevFrtRoadLight
LT,h0425,0.4212820877816386,scr2011,avaStIn,bevFrtRoadLight
LT,h0426,0.40349092388744084,scr2011,avaStIn,bevFrtRoadLight
LT,h0427,0.39580205446884725,scr2011,avaStIn,bevFrtRoadLight
LT,h0428,0.3906798200666239,scr2011,avaStIn,bevFrtRoadLight
LT,h0429,0.3773711612383875,scr2011,avaStIn,bevFrtRoadLight
LT,h0430,0.3461356730709699,scr2011,avaStIn,bevFrtRoadLight
LT,h0431,0.30875150341473095,scr2011,avaStIn,bevFrtRoadLight
LT,h0432,0.2787960842643315,scr2011,avaStIn,bevFrtRoadLight
LT,h0433,0.3071358468676361,scr2011,avaStIn,bevFrtRoadLight
LT,h0434,0.3550193798223838,scr2011,avaStIn,bevFrtRoadLight
LT,h0435,0.40712743601677065,scr2011,avaStIn,bevFrtRoadLight
LT,h0436,0.4268707928932293,scr2011,avaStIn,bevFrtRoadLight
LT,h0437,0.4378903855523765,scr2011,avaStIn,bevFrtRoadLight
LT,h0438,0.4543422498691934,scr2011,avaStIn,bevFrtRoadLight
LT,h0439,0.48587277215499686,scr2011,avaStIn,bevFrtRoadLight
LT,h0440,0.5291767067485698,scr2011,avaStIn,bevFrtRoadLight
LT,h0441,0.5695703515713371,scr2011,avaStIn,bevFrtRoadLight
LT,h0442,0.5969876037561683,scr2011,avaStIn,bevFrtRoadLight
LT,h0443,0.6074971913610454,scr2011,avaStIn,bevFrtRoadLight
LT,h0444,0.6000100054494701,scr2011,avaStIn,bevFrtRoadLight
LT,h0445,0.5749025389682099,scr2011,avaStIn,bevFrtRoadLight
LT,h0446,0.5380051395763279,scr2011,avaStIn,bevFrtRoadLight
LT,h0447,0.4955374531835875,scr2011,avaStIn,bevFrtRoadLight
LT,h0448,0.4542442586158291,scr2011,avaStIn,bevFrtRoadLight
LT,h0449,0.4212820877816386,scr2011,avaStIn,bevFrtRoadLight
LT,h0450,0.40349092388744084,scr2011,avaStIn,bevFrtRoadLight
LT,h0451,0.39580205446884725,scr2011,avaStIn,bevFrtRoadLight
LT,h0452,0.3906798200666239,scr2011,avaStIn,bevFrtRoadLight
LT,h0453,0.3773711612383875,scr2011,avaStIn,bevFrtRoadLight
LT,h0454,0.3461356730709699,scr2011,avaStIn,bevFrtRoadLight
LT,h0455,0.30875150341473095,scr2011,avaStIn,bevFrtRoadLight
LT,h0456,0.2787960842643315,scr2011,avaStIn,bevFrtRoadLight
LT,h0457,0.30375090267424804,scr2011,avaStIn,bevFrtRoadLight
LT,h0458,0.3330411984835136,scr2011,avaStIn,bevFrtRoadLight
LT,h0459,0.3629168834376801,scr2011,avaStIn,bevFrtRoadLight
LT,h0460,0.37094662163702835,scr2011,avaStIn,bevFrtRoadLight
LT,h0461,0.3990691513435753,scr2011,avaStIn,bevFrtRoadLight
LT,h0462,0.4431358704852784,scr2011,avaStIn,bevFrtRoadLight
LT,h0463,0.49456203496038703,scr2011,avaStIn,bevFrtRoadLight
LT,h0464,0.5399104862874597,scr2011,avaStIn,bevFrtRoadLight
LT,h0465,0.5721232857004457,scr2011,avaStIn,bevFrtRoadLight
LT,h0466,0.586730659153248,scr2011,avaStIn,bevFrtRoadLight
LT,h0467,0.5906659856205043,scr2011,avaStIn,bevFrtRoadLight
LT,h0468,0.5823669061077958,scr2011,avaStIn,bevFrtRoadLight
LT,h0469,0.5527330513011219,scr2011,avaStIn,bevFrtRoadLight
LT,h0470,0.5032590983182406,scr2011,avaStIn,bevFrtRoadLight
LT,h0471,0.4368359940619068,scr2011,avaStIn,bevFrtRoadLight
LT,h0472,0.37155562437412587,scr2011,avaStIn,bevFrtRoadLight
LT,h0473,0.31489452652740507,scr2011,avaStIn,bevFrtRoadLight
LT,h0474,0.2851222046948409,scr2011,avaStIn,bevFrtRoadLight
LT,h0475,0.3046863266974262,scr2011,avaStIn,bevFrtRoadLight
LT,h0476,0.3438174878466404,scr2011,avaStIn,bevFrtRoadLight
LT,h0477,0.39049635340354866,scr2011,avaStIn,bevFrtRoadLight
LT,h0478,0.406539379317612,scr2011,avaStIn,bevFrtRoadLight
LT,h0479,0.40895502615645823,scr2011,avaStIn,bevFrtRoadLight
LT,h0480,0.39420741365117734,scr2011,avaStIn,bevFrtRoadLight
LT,h0481,0.41810100737018757,scr2011,avaStIn,bevFrtRoadLight
LT,h0482,0.4423441034942934,scr2011,avaStIn,bevFrtRoadLight
LT,h0483,0.4658490823624793,scr2011,avaStIn,bevFrtRoadLight
LT,h0484,0.4575405809516427,scr2011,avaStIn,bevFrtRoadLight
LT,h0485,0.45673384350089713,scr2011,avaStIn,bevFrtRoadLight
LT,h0486,0.4707264947039714,scr2011,avaStIn,bevFrtRoadLight
LT,h0487,0.501755266224529,scr2011,avaStIn,bevFrtRoadLight
LT,h0488,0.5390652375194709,scr2011,avaStIn,bevFrtRoadLight
LT,h0489,0.5721232857004457,scr2011,avaStIn,bevFrtRoadLight
LT,h0490,0.586730659153248,scr2011,avaStIn,bevFrtRoadLight
LT,h0491,0.5906659856205043,scr2011,avaStIn,bevFrtRoadLight
LT,h0492,0.5823669061077958,scr2011,avaStIn,bevFrtRoadLight
LT,h0493,0.5527330513011219,scr2011,avaStIn,bevFrtRoadLight
LT,h0494,0.5032590983182406,scr2011,avaStIn,bevFrtRoadLight
LT,h0495,0.4368359940619068,scr2011,avaStIn,bevFrtRoadLight
LT,h0496,0.37155562437412587,scr2011,avaStIn,bevFrtRoadLight
LT,h0497,0.31489452652740507,scr2011,avaStIn,bevFrtRoadLight
LT,h0498,0.2851222046948409,scr2011,avaStIn,bevFrtRoadLight
LT,h0499,0.3046863266974262,scr2011,avaStIn,bevFrtRoadLight
LT,h0500,0.3438174878466404,scr2011,avaStIn,bevFrtRoadLight
LT,h0501,0.39049635340354866,scr2011,avaStIn,bevFrtRoadLight
LT,h0502,0.406539379317612,scr2011,avaStIn,bevFrtRoadLight
LT,h0503,0.40895502615645823,scr2011,avaStIn,bevFrtRoadLight
LT,h0504,0.39420741365117734,scr2011,avaStIn,bevFrtRoadLight
LU,h0337,0.3678036568409198,scr2011,avaStIn,bevFrtRoadLight
LU,h0338,0.38100501157978334,scr2011,avaStIn,bevFrtRoadLight
LU,h0339,0.42032176592981213,scr2011,avaStIn,bevFrtRoadLight
LU,h0340,0.4678707275631267,scr2011,avaStIn,bevFrtRoadLight
LU,h0341,0.49735170425311476,scr2011,avaStIn,bevFrtRoadLight
LU,h0342,0.49246620022282833,scr2011,avaStIn,bevFrtRoadLight
LU,h0343,0.46957643614972294,scr2011,avaStIn,bevFrtRoadLight
LU,h0344,0.44291495111013074,scr2011,avaStIn,bevFrtRoadLight
LU,h0345,0.43317780370144005,scr2011,avaStIn,bevFrtRoadLight
LU,h0346,0.4244403929737686,scr2011,avaStIn,bevFrtRoadLight
LU,h0347,0.39810902826774003,scr2011,avaStIn,bevFrtRoadLight
LU,h0348,0.351805009617336,scr2011,avaStIn,bevFrtRoadLight
LU,h0349,0.30389998964037984,scr2011,avaStIn,bevFrtRoadLight
LU,h0350,0.27557726013127576,scr2011,avaStIn,bevFrtRoadLight
LU,h0351,0.28185139851797575,scr2011,avaStIn,bevFrtRoadLight
LU,h0352,0.3273885307468892,scr2011,avaStIn,bevFrtRoadLight
LU,h0353,0.3915946734624394,scr2011,avaStIn,bevFrtRoadLight
LU,h0354,0.46336564370545036,scr2011,avaStIn,bevFrtRoadLight
LU,h0355,0.527956642454245,scr2011,avaStIn,bevFrtRoadLight
LU,h0356,0.5755570526745453,scr2011,avaStIn,bevFrtRoadLight
LU,h0357,0.5975822668314505,scr2011,avaStIn,bevFrtRoadLight
LU,h0358,0.6006542847867082,scr2011,avaStIn,bevFrtRoadLight
LU,h0359,0.591186709414723,scr2011,avaStIn,bevFrtRoadLight
LU,h0360,0.5759821519560271,scr2011,avaStIn,bevFrtRoadLight
LU,h0361,0.5498241784401583,scr2011,avaStIn,bevFrtRoadLight
LU,h0362,0.5224639091238412,scr2011,avaStIn,bevFrtRoadLight
LU,h0363,0.49755075776430474,scr2011,avaStIn,bevFrtRoadLight
LU,h0364,0.47501810053413557,scr2011,avaStIn,bevFrtRoadLight
LU,h0365,0.45199901493300093,scr2011,avaStIn,bevFrtRoadLight
LU,h0366,0.4326171139765777,scr2011,avaStIn,bevFrtRoadLight
LU,h0367,0.42537184676479983,scr2011,avaStIn,bevFrtRoadLight
LU,h0368,0.4276648478494673,scr2011,avaStIn,bevFrtRoadLight
LU,h0369,0.43317780370144005,scr2011,avaStIn,bevFrtRoadLight
LU,h0370,0.4244403929737686,scr2011,avaStIn,bevFrtRoadLight
LU,h0371,0.39810902826774003,scr2011,avaStIn,bevFrtRoadLight
LU,h0372,0.351805009617336,scr2011,avaStIn,bevFrtRoadLight
LU,h0373,0.30389998964037984,scr2011,avaStIn,bevFrtRoadLight
LU,h0374,0.27557726013127576,scr2011,avaStIn,bevFrtRoadLight
LU,h0375,0.28185139851797575,scr2011,avaStIn,bevFrtRoadLight
LU,h0376,0.3273885307468892,scr2011,avaStIn,bevFrtRoadLight
LU,h0377,0.3915946734624394,scr2011,avaStIn,bevFrtRoadLight
LU,h0378,0.46336564370545036,scr2011,avaStIn,bevFrtRoadLight
LU,h0379,0.526475609069496,scr2011,avaStIn,bevFrtRoadLight
LU,h0380,0.5778818879811951,scr2011,avaStIn,bevFrtRoadLight
LU,h0381,0.6070507011789035,scr2011,avaStIn,bevFrtRoadLight
LU,h0382,0.6079501872476674,scr2011,avaStIn,bevFrtRoadLight
LU,h0383,0.5849169235034561,scr2011,avaStIn,bevFrtRoadLight
LU,h0384,0.5483501020925658,scr2011,avaStIn,bevFrtRoadLight
LU,h0385,0.5254703461687369,scr2011,avaStIn,bevFrtRoadLight
LU,h0386,0.5081317932952782,scr2011,avaStIn,bevFrtRoadLight
LU,h0387,0.49755075776430474,scr2011,avaStIn,bevFrtRoadLight
LU,h0388,0.47501810053413557,scr2011,avaStIn,bevFrtRoadLight
LU,h0389,0.45199901493300093,scr2011,avaStIn,bevFrtRoadLight
LU,h0390,0.4326171139765777,scr2011,avaStIn,bevFrtRoadLight
LU,h0391,0.40793603108458326,scr2011,avaStIn,bevFrtRoadLight
LU,h0392,0.39786250383483696,scr2011,avaStIn,bevFrtRoadLight
LU,h0393,0.3995885000442824,scr2011,avaStIn,bevFrtRoadLight
LU,h0394,0.4101381139863069,scr2011,avaStIn,bevFrtRoadLight
LU,h0395,0.3993074674603107,scr2011,avaStIn,bevFrtRoadLight
LU,h0396,0.3567007734162259,scr2011,avaStIn,bevFrtRoadLight
LU,h0397,0.4041503392203238,scr2011,avaStIn,bevFrtRoadLight
LU,h0398,0.4476847573510618,scr2011,avaStIn,bevFrtRoadLight
LU,h0399,0.4955374531835875,scr2011,avaStIn,bevFrtRoadLight
LU,h0400,0.4542442586158291,scr2011,avaStIn,bevFrtRoadLight
LU,h0401,0.4212820877816386,scr2011,avaStIn,bevFrtRoadLight
LU,h0402,0.40349092388744084,scr2011,avaStIn,bevFrtRoadLight
LU,h0403,0.3880713815348768,scr2011,avaStIn,bevFrtRoadLight
LU,h0404,0.3753582116188943,scr2011,avaStIn,bevFrtRoadLight
LU,h0405,0.3507189311524727,scr2011,avaStIn,bevFrtRoadLight
LU,h0406,0.31190996289315026,scr2011,avaStIn,bevFrtRoadLight
LU,h0407,0.2678335745963705,scr2011,avaStIn,bevFrtRoadLight
LU,h0408,0.23523187451793154,scr2011,avaStIn,bevFrtRoadLight
LU,h0409,0.28048656175765735,scr2011,avaStIn,bevFrtRoadLight
LU,h0410,0.3425122697993718,scr2011,avaStIn,bevFrtRoadLight
LU,h0411,0.40712743601677065,scr2011,avaStIn,bevFrtRoadLight
LU,h0412,0.4268707928932293,scr2011,avaStIn,bevFrtRoadLight
LU,h0413,0.4378903855523765,scr2011,avaStIn,bevFrtRoadLight
LU,h0414,0.4543422498691934,scr2011,avaStIn,bevFrtRoadLight
LU,h0415,0.5176382610803405,scr2011,avaStIn,bevFrtRoadLight
LU,h0416,0.5849527839367337,scr2011,avaStIn,bevFrtRoadLight
LU,h0417,0.6407291256079393,scr2011,avaStIn,bevFrtRoadLight
LU,h0418,0.648916667,scr2011,avaStIn,bevFrtRoadLight
LU,h0419,0.6398287207412086,scr2011,avaStIn,bevFrtRoadLight
LU,h0420,0.615144421172021,scr2011,avaStIn,bevFrtRoadLight
LU,h0421,0.5791035442682768,scr2011,avaStIn,bevFrtRoadLight
LU,h0422,0.5374942054623928,scr2011,avaStIn,bevFrtRoadLight
LU,h0423,0.4955374531835875,scr2011,avaStIn,bevFrtRoadLight
LU,h0424,0.4542442586158291,scr2011,avaStIn,bevFrtRoadLight
LU,h0425,0.4212820877816386,scr2011,avaStIn,bevFrtRoadLight
LU,h0426,0.40349092388744084,scr2011,avaStIn,bevFrtRoadLight
LU,h0427,0.39580205446884725,scr2011,avaStIn,bevFrtRoadLight
LU,h0428,0.3906798200666239,scr2011,avaStIn,bevFrtRoadLight
LU,h0429,0.3773711612383875,scr2011,avaStIn,bevFrtRoadLight
LU,h0430,0.3461356730709699,scr2011,avaStIn,bevFrtRoadLight
LU,h0431,0.30875150341473095,scr2011,avaStIn,bevFrtRoadLight
LU,h0432,0.2787960842643315,scr2011,avaStIn,bevFrtRoadLight
LU,h0433,0.3071358468676361,scr2011,avaStIn,bevFrtRoadLight
LU,h0434,0.3550193798223838,scr2011,avaStIn,bevFrtRoadLight
LU,h0435,0.40712743601677065,scr2011,avaStIn,bevFrtRoadLight
LU,h0436,0.4268707928932293,scr2011,avaStIn,bevFrtRoadLight
LU,h0437,0.4378903855523765,scr2011,avaStIn,bevFrtRoadLight
LU,h0438,0.4543422498691934,scr2011,avaStIn,bevFrtRoadLight
LU,h0439,0.48587277215499686,scr2011,avaStIn,bevFrtRoadLight
LU,h0440,0.5291767067485698,scr2011,avaStIn,bevFrtRoadLight
LU,h0441,0.5695703515713371,scr2011,avaStIn,bevFrtRoadLight
LU,h0442,0.5969876037561683,scr2011,avaStIn,bevFrtRoadLight
LU,h0443,0.6074971913610454,scr2011,avaStIn,bevFrtRoadLight
LU,h0444,0.6000100054494701,scr2011,avaStIn,bevFrtRoadLight
LU,h0445,0.5749025389682099,scr2011,avaStIn,bevFrtRoadLight
LU,h0446,0.5380051395763279,scr2011,avaStIn,bevFrtRoadLight
LU,h0447,0.4955374531835875,scr2011,avaStIn,bevFrtRoadLight
LU,h0448,0.4542442586158291,scr2011,avaStIn,bevFrtRoadLight
LU,h0449,0.4212820877816386,scr2011,avaStIn,bevFrtRoadLight
LU,h0450,0.40349092388744084,scr2011,avaStIn,bevFrtRoadLight
LU,h0451,0.39580205446884725,scr2011,avaStIn,bevFrtRoadLight
LU,h0452,0.3906798200666239,scr2011,avaStIn,bevFrtRoadLight
LU,h0453,0.3773711612383875,scr2011,avaStIn,bevFrtRoadLight
LU,h0454,0.3461356730709699,scr2011,avaStIn,bevFrtRoadLight
LU,h0455,0.30875150341473095,scr2011,avaStIn,bevFrtRoadLight
LU,h0456,0.2787960842643315,scr2011,avaStIn,bevFrtRoadLight
LU,h0457,0.30375090267424804,scr2011,avaStIn,bevFrtRoadLight
LU,h0458,0.3330411984835136,scr2011,avaStIn,bevFrtRoadLight
LU,h0459,0.3629168834376801,scr2011,avaStIn,bevFrtRoadLight
LU,h0460,0.37094662163702835,scr2011,avaStIn,bevFrtRoadLight
LU,h0461,0.3990691513435753,scr2011,avaStIn,bevFrtRoadLight
LU,h0462,0.4431358704852784,scr2011,avaStIn,bevFrtRoadLight
LU,h0463,0.49456203496038703,scr2011,avaStIn,bevFrtRoadLight
LU,h0464,0.5399104862874597,scr2011,avaStIn,bevFrtRoadLight
LU,h0465,0.5721232857004457,scr2011,avaStIn,bevFrtRoadLight
LU,h0466,0.586730659153248,scr2011,avaStIn,bevFrtRoadLight
LU,h0467,0.5906659856205043,scr2011,avaStIn,bevFrtRoadLight
LU,h0468,0.5823669061077958,scr2011,avaStIn,bevFrtRoadLight
LU,h0469,0.5527330513011219,scr2011,avaStIn,bevFrtRoadLight
LU,h0470,0.5032590983182406,scr2011,avaStIn,bevFrtRoadLight
LU,h0471,0.4368359940619068,scr2011,avaStIn,bevFrtRoadLight
LU,h0472,0.37155562437412587,scr2011,avaStIn,bevFrtRoadLight
LU,h0473,0.31489452652740507,scr2011,avaStIn,bevFrtRoadLight
LU,h0474,0.2851222046948409,scr2011,avaStIn,bevFrtRoadLight
LU,h0475,0.3046863266974262,scr2011,avaStIn,bevFrtRoadLight
LU,h0476,0.3438174878466404,scr2011,avaStIn,bevFrtRoadLight
LU,h0477,0.39049635340354866,scr2011,avaStIn,bevFrtRoadLight
LU,h0478,0.406539379317612,scr2011,avaStIn,bevFrtRoadLight
LU,h0479,0.40895502615645823,scr2011,avaStIn,bevFrtRoadLight
LU,h0480,0.39420741365117734,scr2011,avaStIn,bevFrtRoadLight
LU,h0481,0.41810100737018757,scr2011,avaStIn,bevFrtRoadLight
LU,h0482,0.4423441034942934,scr2011,avaStIn,bevFrtRoadLight
LU,h0483,0.4658490823624793,scr2011,avaStIn,bevFrtRoadLight
LU,h0484,0.4575405809516427,scr2011,avaStIn,bevFrtRoadLight
LU,h0485,0.45673384350089713,scr2011,avaStIn,bevFrtRoadLight
LU,h0486,0.4707264947039714,scr2011,avaStIn,bevFrtRoadLight
LU,h0487,0.501755266224529,scr2011,avaStIn,bevFrtRoadLight
LU,h0488,0.5390652375194709,scr2011,avaStIn,bevFrtRoadLight
LU,h0489,0.5721232857004457,scr2011,avaStIn,bevFrtRoadLight
LU,h0490,0.586730659153248,scr2011,avaStIn,bevFrtRoadLight
LU,h0491,0.5906659856205043,scr2011,avaStIn,bevFrtRoadLight
LU,h0492,0.5823669061077958,scr2011,avaStIn,bevFrtRoadLight
LU,h0493,0.5527330513011219,scr2011,avaStIn,bevFrtRoadLight
LU,h0494,0.5032590983182406,scr2011,avaStIn,bevFrtRoadLight
LU,h0495,0.4368359940619068,scr2011,avaStIn,bevFrtRoadLight
LU,h0496,0.37155562437412587,scr2011,avaStIn,bevFrtRoadLight
LU,h0497,0.31489452652740507,scr2011,avaStIn,bevFrtRoadLight
LU,h0498,0.2851222046948409,scr2011,avaStIn,bevFrtRoadLight
LU,h0499,0.3046863266974262,scr2011,avaStIn,bevFrtRoadLight
LU,h0500,0.3438174878466404,scr2011,avaStIn,bevFrtRoadLight
LU,h0501,0.39049635340354866,scr2011,avaStIn,bevFrtRoadLight
LU,h0502,0.406539379317612,scr2011,avaStIn,bevFrtRoadLight
LU,h0503,0.40895502615645823,scr2011,avaStIn,bevFrtRoadLight
LU,h0504,0.39420741365117734,scr2011,avaStIn,bevFrtRoadLight
NO,h0337,0.36780365684091976,scr2011,avaStIn,bevFrtRoadLight
NO,h0338,0.3810050115797833,scr2011,avaStIn,bevFrtRoadLight
NO,h0339,0.4203217659298122,scr2011,avaStIn,bevFrtRoadLight
NO,h0340,0.46787072756312675,scr2011,avaStIn,bevFrtRoadLight
NO,h0341,0.4973517042531148,scr2011,avaStIn,bevFrtRoadLight
NO,h0342,0.4924662002228283,scr2011,avaStIn,bevFrtRoadLight
NO,h0343,0.4695764361497229,scr2011,avaStIn,bevFrtRoadLight
NO,h0344,0.4429149511101307,scr2011,avaStIn,bevFrtRoadLight
NO,h0345,0.43317780370144,scr2011,avaStIn,bevFrtRoadLight
NO,h0346,0.42444039297376845,scr2011,avaStIn,bevFrtRoadLight
NO,h0347,0.39810902826774,scr2011,avaStIn,bevFrtRoadLight
NO,h0348,0.35180500961733596,scr2011,avaStIn,bevFrtRoadLight
NO,h0349,0.3038999896403798,scr2011,avaStIn,bevFrtRoadLight
NO,h0350,0.2755772601312757,scr2011,avaStIn,bevFrtRoadLight
NO,h0351,0.2818513985179757,scr2011,avaStIn,bevFrtRoadLight
NO,h0352,0.3273885307468891,scr2011,avaStIn,bevFrtRoadLight
NO,h0353,0.39159467346243937,scr2011,avaStIn,bevFrtRoadLight
NO,h0354,0.4633656437054503,scr2011,avaStIn,bevFrtRoadLight
NO,h0355,0.5279566424542449,scr2011,avaStIn,bevFrtRoadLight
NO,h0356,0.5755570526745453,scr2011,avaStIn,bevFrtRoadLight
NO,h0357,0.5975822668314504,scr2011,avaStIn,bevFrtRoadLight
NO,h0358,0.6006542847867081,scr2011,avaStIn,bevFrtRoadLight
NO,h0359,0.5911867094147228,scr2011,avaStIn,bevFrtRoadLight
NO,h0360,0.5759821519560271,scr2011,avaStIn,bevFrtRoadLight
NO,h0361,0.5498241784401583,scr2011,avaStIn,bevFrtRoadLight
NO,h0362,0.5224639091238412,scr2011,avaStIn,bevFrtRoadLight
NO,h0363,0.4975507577643047,scr2011,avaStIn,bevFrtRoadLight
NO,h0364,0.4750181005341354,scr2011,avaStIn,bevFrtRoadLight
NO,h0365,0.45199901493300076,scr2011,avaStIn,bevFrtRoadLight
NO,h0366,0.43261711397657765,scr2011,avaStIn,bevFrtRoadLight
NO,h0367,0.4253718467647998,scr2011,avaStIn,bevFrtRoadLight
NO,h0368,0.42766484784946723,scr2011,avaStIn,bevFrtRoadLight
NO,h0369,0.43317780370144,scr2011,avaStIn,bevFrtRoadLight
NO,h0370,0.42444039297376845,scr2011,avaStIn,bevFrtRoadLight
NO,h0371,0.39810902826774,scr2011,avaStIn,bevFrtRoadLight
NO,h0372,0.35180500961733596,scr2011,avaStIn,bevFrtRoadLight
NO,h0373,0.3038999896403798,scr2011,avaStIn,bevFrtRoadLight
NO,h0374,0.2755772601312757,scr2011,avaStIn,bevFrtRoadLight
NO,h0375,0.2818513985179757,scr2011,avaStIn,bevFrtRoadLight
NO,h0376,0.3273885307468891,scr2011,avaStIn,bevFrtRoadLight
NO,h0377,0.39159467346243937,scr2011,avaStIn,bevFrtRoadLight
NO,h0378,0.4633656437054503,scr2011,avaStIn,bevFrtRoadLight
NO,h0379,0.5264756090694959,scr2011,avaStIn,bevFrtRoadLight
NO,h0380,0.5778818879811952,scr2011,avaStIn,bevFrtRoadLight
NO,h0381,0.6070507011789035,scr2011,avaStIn,bevFrtRoadLight
NO,h0382,0.6079501872476676,scr2011,avaStIn,bevFrtRoadLight
NO,h0383,0.584916923503456,scr2011,avaStIn,bevFrtRoadLight
NO,h0384,0.5483501020925657,scr2011,avaStIn,bevFrtRoadLight
NO,h0385,0.5254703461687369,scr2011,avaStIn,bevFrtRoadLight
NO,h0386,0.5081317932952782,scr2011,avaStIn,bevFrtRoadLight
NO,h0387,0.4975507577643047,scr2011,avaStIn,bevFrtRoadLight
NO,h0388,0.4750181005341354,scr2011,avaStIn,bevFrtRoadLight
NO,h0389,0.45199901493300076,scr2011,avaStIn,bevFrtRoadLight
NO,h0390,0.43261711397657765,scr2011,avaStIn,bevFrtRoadLight
NO,h0391,0.4079360310845832,scr2011,avaStIn,bevFrtRoadLight
NO,h0392,0.3978625038348369,scr2011,avaStIn,bevFrtRoadLight
NO,h0393,0.39958850004428226,scr2011,avaStIn,bevFrtRoadLight
NO,h0394,0.41013811398630684,scr2011,avaStIn,bevFrtRoadLight
NO,h0395,0.39930746746031065,scr2011,avaStIn,bevFrtRoadLight
NO,h0396,0.35670077341622586,scr2011,avaStIn,bevFrtRoadLight
NO,h0397,0.40415033922032373,scr2011,avaStIn,bevFrtRoadLight
NO,h0398,0.4476847573510617,scr2011,avaStIn,bevFrtRoadLight
NO,h0399,0.49553745318358744,scr2011,avaStIn,bevFrtRoadLight
NO,h0400,0.45424425861582907,scr2011,avaStIn,bevFrtRoadLight
NO,h0401,0.42128208778163845,scr2011,avaStIn,bevFrtRoadLight
NO,h0402,0.4034909238874408,scr2011,avaStIn,bevFrtRoadLight
NO,h0403,0.38807138153487675,scr2011,avaStIn,bevFrtRoadLight
NO,h0404,0.37535821161889427,scr2011,avaStIn,bevFrtRoadLight
NO,h0405,0.35071893115247266,scr2011,avaStIn,bevFrtRoadLight
NO,h0406,0.3119099628931502,scr2011,avaStIn,bevFrtRoadLight
NO,h0407,0.26783357459637047,scr2011,avaStIn,bevFrtRoadLight
NO,h0408,0.23523187451793148,scr2011,avaStIn,bevFrtRoadLight
NO,h0409,0.2804865617576573,scr2011,avaStIn,bevFrtRoadLight
NO,h0410,0.34251226979937177,scr2011,avaStIn,bevFrtRoadLight
NO,h0411,0.4071274360167706,scr2011,avaStIn,bevFrtRoadLight
NO,h0412,0.42687079289322927,scr2011,avaStIn,bevFrtRoadLight
NO,h0413,0.43789038555237647,scr2011,avaStIn,bevFrtRoadLight
NO,h0414,0.45434224986919336,scr2011,avaStIn,bevFrtRoadLight
NO,h0415,0.5176382610803405,scr2011,avaStIn,bevFrtRoadLight
NO,h0416,0.5849527839367336,scr2011,avaStIn,bevFrtRoadLight
NO,h0417,0.6407291256079394,scr2011,avaStIn,bevFrtRoadLight
NO,h0418,0.648916667,scr2011,avaStIn,bevFrtRoadLight
NO,h0419,0.6398287207412084,scr2011,avaStIn,bevFrtRoadLight
NO,h0420,0.6151444211720208,scr2011,avaStIn,bevFrtRoadLight
NO,h0421,0.5791035442682767,scr2011,avaStIn,bevFrtRoadLight
NO,h0422,0.5374942054623928,scr2011,avaStIn,bevFrtRoadLight
NO,h0423,0.49553745318358744,scr2011,avaStIn,bevFrtRoadLight
NO,h0424,0.45424425861582907,scr2011,avaStIn,bevFrtRoadLight
NO,h0425,0.42128208778163845,scr2011,avaStIn,bevFrtRoadLight
NO,h0426,0.4034909238874408,scr2011,avaStIn,bevFrtRoadLight
NO,h0427,0.3958020544688471,scr2011,avaStIn,bevFrtRoadLight
NO,h0428,0.3906798200666236,scr2011,avaStIn,bevFrtRoadLight
NO,h0429,0.37737116123838743,scr2011,avaStIn,bevFrtRoadLight
NO,h0430,0.3461356730709698,scr2011,avaStIn,bevFrtRoadLight
NO,h0431,0.3087515034147309,scr2011,avaStIn,bevFrtRoadLight
NO,h0432,0.27879608426433145,scr2011,avaStIn,bevFrtRoadLight
NO,h0433,0.30713584686763606,scr2011,avaStIn,bevFrtRoadLight
NO,h0434,0.35501937982238374,scr2011,avaStIn,bevFrtRoadLight
NO,h0435,0.4071274360167706,scr2011,avaStIn,bevFrtRoadLight
NO,h0436,0.42687079289322927,scr2011,avaStIn,bevFrtRoadLight
NO,h0437,0.43789038555237647,scr2011,avaStIn,bevFrtRoadLight
NO,h0438,0.45434224986919336,scr2011,avaStIn,bevFrtRoadLight
NO,h0439,0.4858727721549968,scr2011,avaStIn,bevFrtRoadLight
NO,h0440,0.52917670674857,scr2011,avaStIn,bevFrtRoadLight
NO,h0441,0.569570351571337,scr2011,avaStIn,bevFrtRoadLight
NO,h0442,0.5969876037561683,scr2011,avaStIn,bevFrtRoadLight
NO,h0443,0.6074971913610454,scr2011,avaStIn,bevFrtRoadLight
NO,h0444,0.6000100054494701,scr2011,avaStIn,bevFrtRoadLight
NO,h0445,0.5749025389682101,scr2011,avaStIn,bevFrtRoadLight
NO,h0446,0.538005139576328,scr2011,avaStIn,bevFrtRoadLight
NO,h0447,0.49553745318358744,scr2011,avaStIn,bevFrtRoadLight
NO,h0448,0.45424425861582907,scr2011,avaStIn,bevFrtRoadLight
NO,h0449,0.42128208778163845,scr2011,avaStIn,bevFrtRoadLight
NO,h0450,0.4034909238874408,scr2011,avaStIn,bevFrtRoadLight
NO,h0451,0.3958020544688471,scr2011,avaStIn,bevFrtRoadLight
NO,h0452,0.3906798200666236,scr2011,avaStIn,bevFrtRoadLight
NO,h0453,0.37737116123838743,scr2011,avaStIn,bevFrtRoadLight
NO,h0454,0.3461356730709698,scr2011,avaStIn,bevFrtRoadLight
NO,h0455,0.3087515034147309,scr2011,avaStIn,bevFrtRoadLight
NO,h0456,0.27879608426433145,scr2011,avaStIn,bevFrtRoadLight
NO,h0457,0.303750902674248,scr2011,avaStIn,bevFrtRoadLight
NO,h0458,0.33304119848351355,scr2011,avaStIn,bevFrtRoadLight
NO,h0459,0.36291688343768,scr2011,avaStIn,bevFrtRoadLight
NO,h0460,0.3709466216370283,scr2011,avaStIn,bevFrtRoadLight
NO,h0461,0.39906915134357523,scr2011,avaStIn,bevFrtRoadLight
NO,h0462,0.44313587048527836,scr2011,avaStIn,bevFrtRoadLight
NO,h0463,0.494562034960387,scr2011,avaStIn,bevFrtRoadLight
NO,h0464,0.5399104862874597,scr2011,avaStIn,bevFrtRoadLight
NO,h0465,0.5721232857004457,scr2011,avaStIn,bevFrtRoadLight
NO,h0466,0.586730659153248,scr2011,avaStIn,bevFrtRoadLight
NO,h0467,0.5906659856205042,scr2011,avaStIn,bevFrtRoadLight
NO,h0468,0.582366906107796,scr2011,avaStIn,bevFrtRoadLight
NO,h0469,0.5527330513011223,scr2011,avaStIn,bevFrtRoadLight
NO,h0470,0.5032590983182407,scr2011,avaStIn,bevFrtRoadLight
NO,h0471,0.43683599406190676,scr2011,avaStIn,bevFrtRoadLight
NO,h0472,0.3715556243741257,scr2011,avaStIn,bevFrtRoadLight
NO,h0473,0.314894526527405,scr2011,avaStIn,bevFrtRoadLight
NO,h0474,0.28512220469484084,scr2011,avaStIn,bevFrtRoadLight
NO,h0475,0.3046863266974261,scr2011,avaStIn,bevFrtRoadLight
NO,h0476,0.34381748784664024,scr2011,avaStIn,bevFrtRoadLight
NO,h0477,0.3904963534035486,scr2011,avaStIn,bevFrtRoadLight
NO,h0478,0.40653937931761186,scr2011,avaStIn,bevFrtRoadLight
NO,h0479,0.4089550261564582,scr2011,avaStIn,bevFrtRoadLight
NO,h0480,0.3942074136511773,scr2011,avaStIn,bevFrtRoadLight
NO,h0481,0.4181010073701875,scr2011,avaStIn,bevFrtRoadLight
NO,h0482,0.4423441034942932,scr2011,avaStIn,bevFrtRoadLight
NO,h0483,0.46584908236247924,scr2011,avaStIn,bevFrtRoadLight
NO,h0484,0.45754058095164263,scr2011,avaStIn,bevFrtRoadLight
NO,h0485,0.4567338435008971,scr2011,avaStIn,bevFrtRoadLight
NO,h0486,0.4707264947039711,scr2011,avaStIn,bevFrtRoadLight
NO,h0487,0.501755266224529,scr2011,avaStIn,bevFrtRoadLight
NO,h0488,0.5390652375194708,scr2011,avaStIn,bevFrtRoadLight
NO,h0489,0.5721232857004457,scr2011,avaStIn,bevFrtRoadLight
NO,h0490,0.586730659153248,scr2011,avaStIn,bevFrtRoadLight
NO,h0491,0.5906659856205042,scr2011,avaStIn,bevFrtRoadLight
NO,h0492,0.582366906107796,scr2011,avaStIn,bevFrtRoadLight
NO,h0493,0.5527330513011223,scr2011,avaStIn,bevFrtRoadLight
NO,h0494,0.5032590983182407,scr2011,avaStIn,bevFrtRoadLight
NO,h0495,0.43683599406190676,scr2011,avaStIn,bevFrtRoadLight
NO,h0496,0.3715556243741257,scr2011,avaStIn,bevFrtRoadLight
NO,h0497,0.314894526527405,scr2011,avaStIn,bevFrtRoadLight
NO,h0498,0.28512220469484084,scr2011,avaStIn,bevFrtRoadLight
NO,h0499,0.3046863266974261,scr2011,avaStIn,bevFrtRoadLight
NO,h0500,0.34381748784664024,scr2011,avaStIn,bevFrtRoadLight
NO,h0501,0.3904963534035486,scr2011,avaStIn,bevFrtRoadLight
NO,h0502,0.40653937931761186,scr2011,avaStIn,bevFrtRoadLight
NO,h0503,0.4089550261564582,scr2011,avaStIn,bevFrtRoadLight
NO,h0504,0.3942074136511773,scr2011,avaStIn,bevFrtRoadLight
PL,h0337,0.36780365684091976,scr2011,avaStIn,bevFrtRoadLight
PL,h0338,0.3810050115797833,scr2011,avaStIn,bevFrtRoadLight
PL,h0339,0.4203217659298121,scr2011,avaStIn,bevFrtRoadLight
PL,h0340,0.46787072756312675,scr2011,avaStIn,bevFrtRoadLight
PL,h0341,0.4973517042531147,scr2011,avaStIn,bevFrtRoadLight
PL,h0342,0.4924662002228283,scr2011,avaStIn,bevFrtRoadLight
PL,h0343,0.4695764361497229,scr2011,avaStIn,bevFrtRoadLight
PL,h0344,0.4429149511101307,scr2011,avaStIn,bevFrtRoadLight
PL,h0345,0.43317780370144,scr2011,avaStIn,bevFrtRoadLight
PL,h0346,0.42444039297376845,scr2011,avaStIn,bevFrtRoadLight
PL,h0347,0.39810902826774,scr2011,avaStIn,bevFrtRoadLight
PL,h0348,0.35180500961733596,scr2011,avaStIn,bevFrtRoadLight
PL,h0349,0.3038999896403798,scr2011,avaStIn,bevFrtRoadLight
PL,h0350,0.2755772601312757,scr2011,avaStIn,bevFrtRoadLight
PL,h0351,0.2818513985179756,scr2011,avaStIn,bevFrtRoadLight
PL,h0352,0.3273885307468891,scr2011,avaStIn,bevFrtRoadLight
PL,h0353,0.39159467346243937,scr2011,avaStIn,bevFrtRoadLight
PL,h0354,0.4633656437054504,scr2011,avaStIn,bevFrtRoadLight
PL,h0355,0.5279566424542449,scr2011,avaStIn,bevFrtRoadLight
PL,h0356,0.5755570526745454,scr2011,avaStIn,bevFrtRoadLight
PL,h0357,0.5975822668314505,scr2011,avaStIn,bevFrtRoadLight
PL,h0358,0.6006542847867082,scr2011,avaStIn,bevFrtRoadLight
PL,h0359,0.5911867094147228,scr2011,avaStIn,bevFrtRoadLight
PL,h0360,0.5759821519560271,scr2011,avaStIn,bevFrtRoadLight
PL,h0361,0.5498241784401583,scr2011,avaStIn,bevFrtRoadLight
PL,h0362,0.5224639091238412,scr2011,avaStIn,bevFrtRoadLight
PL,h0363,0.4975507577643048,scr2011,avaStIn,bevFrtRoadLight
PL,h0364,0.4750181005341356,scr2011,avaStIn,bevFrtRoadLight
PL,h0365,0.451999014933001,scr2011,avaStIn,bevFrtRoadLight
PL,h0366,0.43261711397657765,scr2011,avaStIn,bevFrtRoadLight
PL,h0367,0.42537184676479967,scr2011,avaStIn,bevFrtRoadLight
PL,h0368,0.42766484784946723,scr2011,avaStIn,bevFrtRoadLight
PL,h0369,0.43317780370144,scr2011,avaStIn,bevFrtRoadLight
PL,h0370,0.42444039297376845,scr2011,avaStIn,bevFrtRoadLight
PL,h0371,0.39810902826774,scr2011,avaStIn,bevFrtRoadLight
PL,h0372,0.35180500961733596,scr2011,avaStIn,bevFrtRoadLight
PL,h0373,0.3038999896403798,scr2011,avaStIn,bevFrtRoadLight
PL,h0374,0.2755772601312757,scr2011,avaStIn,bevFrtRoadLight
PL,h0375,0.2818513985179756,scr2011,avaStIn,bevFrtRoadLight
PL,h0376,0.3273885307468891,scr2011,avaStIn,bevFrtRoadLight
PL,h0377,0.39159467346243937,scr2011,avaStIn,bevFrtRoadLight
PL,h0378,0.4633656437054504,scr2011,avaStIn,bevFrtRoadLight
PL,h0379,0.5264756090694959,scr2011,avaStIn,bevFrtRoadLight
PL,h0380,0.5778818879811951,scr2011,avaStIn,bevFrtRoadLight
PL,h0381,0.6070507011789036,scr2011,avaStIn,bevFrtRoadLight
PL,h0382,0.6079501872476675,scr2011,avaStIn,bevFrtRoadLight
PL,h0383,0.5849169235034561,scr2011,avaStIn,bevFrtRoadLight
PL,h0384,0.5483501020925658,scr2011,avaStIn,bevFrtRoadLight
PL,h0385,0.5254703461687369,scr2011,avaStIn,bevFrtRoadLight
PL,h0386,0.5081317932952781,scr2011,avaStIn,bevFrtRoadLight
PL,h0387,0.4975507577643048,scr2011,avaStIn,bevFrtRoadLight
PL,h0388,0.4750181005341356,scr2011,avaStIn,bevFrtRoadLight
PL,h0389,0.451999014933001,scr2011,avaStIn,bevFrtRoadLight
PL,h0390,0.43261711397657765,scr2011,avaStIn,bevFrtRoadLight
PL,h0391,0.4079360310845832,scr2011,avaStIn,bevFrtRoadLight
PL,h0392,0.3978625038348369,scr2011,avaStIn,bevFrtRoadLight
PL,h0393,0.39958850004428237,scr2011,avaStIn,bevFrtRoadLight
PL,h0394,0.41013811398630684,scr2011,avaStIn,bevFrtRoadLight
PL,h0395,0.39930746746031065,scr2011,avaStIn,bevFrtRoadLight
PL,h0396,0.35670077341622586,scr2011,avaStIn,bevFrtRoadLight
PL,h0397,0.40415033922032373,scr2011,avaStIn,bevFrtRoadLight
PL,h0398,0.44768475735106183,scr2011,avaStIn,bevFrtRoadLight
PL,h0399,0.49553745318358755,scr2011,avaStIn,bevFrtRoadLight
PL,h0400,0.45424425861582907,scr2011,avaStIn,bevFrtRoadLight
PL,h0401,0.42128208778163867,scr2011,avaStIn,bevFrtRoadLight
PL,h0402,0.4034909238874408,scr2011,avaStIn,bevFrtRoadLight
PL,h0403,0.38807138153487675,scr2011,avaStIn,bevFrtRoadLight
PL,h0404,0.37535821161889427,scr2011,avaStIn,bevFrtRoadLight
PL,h0405,0.35071893115247266,scr2011,avaStIn,bevFrtRoadLight
PL,h0406,0.3119099628931502,scr2011,avaStIn,bevFrtRoadLight
PL,h0407,0.26783357459637036,scr2011,avaStIn,bevFrtRoadLight
PL,h0408,0.23523187451793148,scr2011,avaStIn,bevFrtRoadLight
PL,h0409,0.2804865617576573,scr2011,avaStIn,bevFrtRoadLight
PL,h0410,0.34251226979937177,scr2011,avaStIn,bevFrtRoadLight
PL,h0411,0.4071274360167707,scr2011,avaStIn,bevFrtRoadLight
PL,h0412,0.42687079289322927,scr2011,avaStIn,bevFrtRoadLight
PL,h0413,0.43789038555237647,scr2011,avaStIn,bevFrtRoadLight
PL,h0414,0.45434224986919336,scr2011,avaStIn,bevFrtRoadLight
PL,h0415,0.5176382610803406,scr2011,avaStIn,bevFrtRoadLight
PL,h0416,0.5849527839367337,scr2011,avaStIn,bevFrtRoadLight
PL,h0417,0.6407291256079393,scr2011,avaStIn,bevFrtRoadLight
PL,h0418,0.6489166669999998,scr2011,avaStIn,bevFrtRoadLight
PL,h0419,0.6398287207412086,scr2011,avaStIn,bevFrtRoadLight
PL,h0420,0.615144421172021,scr2011,avaStIn,bevFrtRoadLight
PL,h0421,0.5791035442682769,scr2011,avaStIn,bevFrtRoadLight
PL,h0422,0.5374942054623928,scr2011,avaStIn,bevFrtRoadLight
PL,h0423,0.49553745318358755,scr2011,avaStIn,bevFrtRoadLight
PL,h0424,0.45424425861582907,scr2011,avaStIn,bevFrtRoadLight
PL,h0425,0.42128208778163867,scr2011,avaStIn,bevFrtRoadLight
PL,h0426,0.4034909238874408,scr2011,avaStIn,bevFrtRoadLight
PL,h0427,0.3958020544688472,scr2011,avaStIn,bevFrtRoadLight
PL,h0428,0.39067982006662383,scr2011,avaStIn,bevFrtRoadLight
PL,h0429,0.37737116123838743,scr2011,avaStIn,bevFrtRoadLight
PL,h0430,0.3461356730709698,scr2011,avaStIn,bevFrtRoadLight
PL,h0431,0.3087515034147309,scr2011,avaStIn,bevFrtRoadLight
PL,h0432,0.27879608426433133,scr2011,avaStIn,bevFrtRoadLight
PL,h0433,0.30713584686763606,scr2011,avaStIn,bevFrtRoadLight
PL,h0434,0.35501937982238374,scr2011,avaStIn,bevFrtRoadLight
PL,h0435,0.4071274360167707,scr2011,avaStIn,bevFrtRoadLight
PL,h0436,0.42687079289322927,scr2011,avaStIn,bevFrtRoadLight
PL,h0437,0.43789038555237647,scr2011,avaStIn,bevFrtRoadLight
PL,h0438,0.45434224986919336,scr2011,avaStIn,bevFrtRoadLight
PL,h0439,0.4858727721549969,scr2011,avaStIn,bevFrtRoadLight
PL,h0440,0.5291767067485699,scr2011,avaStIn,bevFrtRoadLight
PL,h0441,0.5695703515713372,scr2011,avaStIn,bevFrtRoadLight
PL,h0442,0.5969876037561684,scr2011,avaStIn,bevFrtRoadLight
PL,h0443,0.6074971913610455,scr2011,avaStIn,bevFrtRoadLight
PL,h0444,0.6000100054494701,scr2011,avaStIn,bevFrtRoadLight
PL,h0445,0.57490253896821,scr2011,avaStIn,bevFrtRoadLight
PL,h0446,0.5380051395763279,scr2011,avaStIn,bevFrtRoadLight
PL,h0447,0.49553745318358755,scr2011,avaStIn,bevFrtRoadLight
PL,h0448,0.45424425861582907,scr2011,avaStIn,bevFrtRoadLight
PL,h0449,0.42128208778163867,scr2011,avaStIn,bevFrtRoadLight
PL,h0450,0.4034909238874408,scr2011,avaStIn,bevFrtRoadLight
PL,h0451,0.3958020544688472,scr2011,avaStIn,bevFrtRoadLight
PL,h0452,0.39067982006662383,scr2011,avaStIn,bevFrtRoadLight
PL,h0453,0.37737116123838743,scr2011,avaStIn,bevFrtRoadLight
PL,h0454,0.3461356730709698,scr2011,avaStIn,bevFrtRoadLight
PL,h0455,0.3087515034147309,scr2011,avaStIn,bevFrtRoadLight
PL,h0456,0.27879608426433133,scr2011,avaStIn,bevFrtRoadLight
PL,h0457,0.303750902674248,scr2011,avaStIn,bevFrtRoadLight
PL,h0458,0.33304119848351355,scr2011,avaStIn,bevFrtRoadLight
PL,h0459,0.36291688343768,scr2011,avaStIn,bevFrtRoadLight
PL,h0460,0.3709466216370283,scr2011,avaStIn,bevFrtRoadLight
PL,h0461,0.39906915134357523,scr2011,avaStIn,bevFrtRoadLight
PL,h0462,0.44313587048527836,scr2011,avaStIn,bevFrtRoadLight
PL,h0463,0.494562034960387,scr2011,avaStIn,bevFrtRoadLight
PL,h0464,0.5399104862874597,scr2011,avaStIn,bevFrtRoadLight
PL,h0465,0.5721232857004457,scr2011,avaStIn,bevFrtRoadLight
PL,h0466,0.5867306591532481,scr2011,avaStIn,bevFrtRoadLight
PL,h0467,0.5906659856205042,scr2011,avaStIn,bevFrtRoadLight
PL,h0468,0.5823669061077958,scr2011,avaStIn,bevFrtRoadLight
PL,h0469,0.552733051301122,scr2011,avaStIn,bevFrtRoadLight
PL,h0470,0.5032590983182406,scr2011,avaStIn,bevFrtRoadLight
PL,h0471,0.43683599406190676,scr2011,avaStIn,bevFrtRoadLight
PL,h0472,0.3715556243741257,scr2011,avaStIn,bevFrtRoadLight
PL,h0473,0.314894526527405,scr2011,avaStIn,bevFrtRoadLight
PL,h0474,0.28512220469484073,scr2011,avaStIn,bevFrtRoadLight
PL,h0475,0.3046863266974261,scr2011,avaStIn,bevFrtRoadLight
PL,h0476,0.34381748784664035,scr2011,avaStIn,bevFrtRoadLight
PL,h0477,0.3904963534035486,scr2011,avaStIn,bevFrtRoadLight
PL,h0478,0.40653937931761197,scr2011,avaStIn,bevFrtRoadLight
PL,h0479,0.4089550261564583,scr2011,avaStIn,bevFrtRoadLight
PL,h0480,0.3942074136511773,scr2011,avaStIn,bevFrtRoadLight
PL,h0481,0.4181010073701875,scr2011,avaStIn,bevFrtRoadLight
PL,h0482,0.4423441034942933,scr2011,avaStIn,bevFrtRoadLight
PL,h0483,0.4658490823624791,scr2011,avaStIn,bevFrtRoadLight
PL,h0484,0.45754058095164263,scr2011,avaStIn,bevFrtRoadLight
PL,h0485,0.4567338435008971,scr2011,avaStIn,bevFrtRoadLight
PL,h0486,0.4707264947039713,scr2011,avaStIn,bevFrtRoadLight
PL,h0487,0.501755266224529,scr2011,avaStIn,bevFrtRoadLight
PL,h0488,0.5390652375194708,scr2011,avaStIn,bevFrtRoadLight
PL,h0489,0.5721232857004457,scr2011,avaStIn,bevFrtRoadLight
PL,h0490,0.5867306591532481,scr2011,avaStIn,bevFrtRoadLight
PL,h0491,0.5906659856205042,scr2011,avaStIn,bevFrtRoadLight
PL,h0492,0.5823669061077958,scr2011,avaStIn,bevFrtRoadLight
PL,h0493,0.552733051301122,scr2011,avaStIn,bevFrtRoadLight
PL,h0494,0.5032590983182406,scr2011,avaStIn,bevFrtRoadLight
PL,h0495,0.43683599406190676,scr2011,avaStIn,bevFrtRoadLight
PL,h0496,0.3715556243741257,scr2011,avaStIn,bevFrtRoadLight
PL,h0497,0.314894526527405,scr2011,avaStIn,bevFrtRoadLight
PL,h0498,0.28512220469484073,scr2011,avaStIn,bevFrtRoadLight
PL,h0499,0.3046863266974261,scr2011,avaStIn,bevFrtRoadLight
PL,h0500,0.34381748784664035,scr2011,avaStIn,bevFrtRoadLight
PL,h0501,0.3904963534035486,scr2011,avaStIn,bevFrtRoadLight
PL,h0502,0.40653937931761197,scr2011,avaStIn,bevFrtRoadLight
PL,h0503,0.4089550261564583,scr2011,avaStIn,bevFrtRoadLight
PL,h0504,0.3942074136511773,scr2011,avaStIn,bevFrtRoadLight
RO,h0337,0.3678036568409198,scr2011,avaStIn,bevFrtRoadLight
RO,h0338,0.38100501157978334,scr2011,avaStIn,bevFrtRoadLight
RO,h0339,0.42032176592981213,scr2011,avaStIn,bevFrtRoadLight
RO,h0340,0.4678707275631267,scr2011,avaStIn,bevFrtRoadLight
RO,h0341,0.49735170425311465,scr2011,avaStIn,bevFrtRoadLight
RO,h0342,0.49246620022282833,scr2011,avaStIn,bevFrtRoadLight
RO,h0343,0.46957643614972294,scr2011,avaStIn,bevFrtRoadLight
RO,h0344,0.44291495111013074,scr2011,avaStIn,bevFrtRoadLight
RO,h0345,0.43317780370144005,scr2011,avaStIn,bevFrtRoadLight
RO,h0346,0.4244403929737686,scr2011,avaStIn,bevFrtRoadLight
RO,h0347,0.39810902826774003,scr2011,avaStIn,bevFrtRoadLight
RO,h0348,0.35180500961733624,scr2011,avaStIn,bevFrtRoadLight
RO,h0349,0.30389998964037984,scr2011,avaStIn,bevFrtRoadLight
RO,h0350,0.27557726013127576,scr2011,avaStIn,bevFrtRoadLight
RO,h0351,0.28185139851797575,scr2011,avaStIn,bevFrtRoadLight
RO,h0352,0.3273885307468892,scr2011,avaStIn,bevFrtRoadLight
RO,h0353,0.3915946734624394,scr2011,avaStIn,bevFrtRoadLight
RO,h0354,0.46336564370545036,scr2011,avaStIn,bevFrtRoadLight
RO,h0355,0.527956642454245,scr2011,avaStIn,bevFrtRoadLight
RO,h0356,0.5755570526745453,scr2011,avaStIn,bevFrtRoadLight
RO,h0357,0.5975822668314505,scr2011,avaStIn,bevFrtRoadLight
RO,h0358,0.6006542847867082,scr2011,avaStIn,bevFrtRoadLight
RO,h0359,0.591186709414723,scr2011,avaStIn,bevFrtRoadLight
RO,h0360,0.5759821519560271,scr2011,avaStIn,bevFrtRoadLight
RO,h0361,0.5498241784401583,scr2011,avaStIn,bevFrtRoadLight
RO,h0362,0.5224639091238412,scr2011,avaStIn,bevFrtRoadLight
RO,h0363,0.49755075776430474,scr2011,avaStIn,bevFrtRoadLight
RO,h0364,0.47501810053413557,scr2011,avaStIn,bevFrtRoadLight
RO,h0365,0.45199901493300093,scr2011,avaStIn,bevFrtRoadLight
RO,h0366,0.4326171139765777,scr2011,avaStIn,bevFrtRoadLight
RO,h0367,0.42537184676479983,scr2011,avaStIn,bevFrtRoadLight
RO,h0368,0.4276648478494673,scr2011,avaStIn,bevFrtRoadLight
RO,h0369,0.43317780370144005,scr2011,avaStIn,bevFrtRoadLight
RO,h0370,0.4244403929737686,scr2011,avaStIn,bevFrtRoadLight
RO,h0371,0.39810902826774003,scr2011,avaStIn,bevFrtRoadLight
RO,h0372,0.35180500961733624,scr2011,avaStIn,bevFrtRoadLight
RO,h0373,0.30389998964037984,scr2011,avaStIn,bevFrtRoadLight
RO,h0374,0.27557726013127576,scr2011,avaStIn,bevFrtRoadLight
RO,h0375,0.28185139851797575,scr2011,avaStIn,bevFrtRoadLight
RO,h0376,0.3273885307468892,scr2011,avaStIn,bevFrtRoadLight
RO,h0377,0.3915946734624394,scr2011,avaStIn,bevFrtRoadLight
RO,h0378,0.46336564370545036,scr2011,avaStIn,bevFrtRoadLight
RO,h0379,0.526475609069496,scr2011,avaStIn,bevFrtRoadLight
RO,h0380,0.5778818879811951,scr2011,avaStIn,bevFrtRoadLight
RO,h0381,0.6070507011789035,scr2011,avaStIn,bevFrtRoadLight
RO,h0382,0.6079501872476674,scr2011,avaStIn,bevFrtRoadLight
RO,h0383,0.5849169235034561,scr2011,avaStIn,bevFrtRoadLight
RO,h0384,0.5483501020925658,scr2011,avaStIn,bevFrtRoadLight
RO,h0385,0.5254703461687369,scr2011,avaStIn,bevFrtRoadLight
RO,h0386,0.5081317932952782,scr2011,avaStIn,bevFrtRoadLight
RO,h0387,0.49755075776430474,scr2011,avaStIn,bevFrtRoadLight
RO,h0388,0.47501810053413557,scr2011,avaStIn,bevFrtRoadLight
RO,h0389,0.45199901493300093,scr2011,avaStIn,bevFrtRoadLight
RO,h0390,0.4326171139765777,scr2011,avaStIn,bevFrtRoadLight
RO,h0391,0.40793603108458326,scr2011,avaStIn,bevFrtRoadLight
RO,h0392,0.39786250383483696,scr2011,avaStIn,bevFrtRoadLight
RO,h0393,0.3995885000442824,scr2011,avaStIn,bevFrtRoadLight
RO,h0394,0.4101381139863069,scr2011,avaStIn,bevFrtRoadLight
RO,h0395,0.3993074674603108,scr2011,avaStIn,bevFrtRoadLight
RO,h0396,0.3567007734162259,scr2011,avaStIn,bevFrtRoadLight
RO,h0397,0.4041503392203238,scr2011,avaStIn,bevFrtRoadLight
RO,h0398,0.4476847573510618,scr2011,avaStIn,bevFrtRoadLight
RO,h0399,0.4955374531835875,scr2011,avaStIn,bevFrtRoadLight
RO,h0400,0.4542442586158291,scr2011,avaStIn,bevFrtRoadLight
RO,h0401,0.4212820877816386,scr2011,avaStIn,bevFrtRoadLight
RO,h0402,0.40349092388744084,scr2011,avaStIn,bevFrtRoadLight
RO,h0403,0.3880713815348768,scr2011,avaStIn,bevFrtRoadLight
RO,h0404,0.3753582116188942,scr2011,avaStIn,bevFrtRoadLight
RO,h0405,0.3507189311524727,scr2011,avaStIn,bevFrtRoadLight
RO,h0406,0.31190996289315026,scr2011,avaStIn,bevFrtRoadLight
RO,h0407,0.2678335745963705,scr2011,avaStIn,bevFrtRoadLight
RO,h0408,0.23523187451793154,scr2011,avaStIn,bevFrtRoadLight
RO,h0409,0.28048656175765735,scr2011,avaStIn,bevFrtRoadLight
RO,h0410,0.3425122697993718,scr2011,avaStIn,bevFrtRoadLight
RO,h0411,0.40712743601677065,scr2011,avaStIn,bevFrtRoadLight
RO,h0412,0.4268707928932293,scr2011,avaStIn,bevFrtRoadLight
RO,h0413,0.4378903855523765,scr2011,avaStIn,bevFrtRoadLight
RO,h0414,0.4543422498691934,scr2011,avaStIn,bevFrtRoadLight
RO,h0415,0.5176382610803405,scr2011,avaStIn,bevFrtRoadLight
RO,h0416,0.5849527839367337,scr2011,avaStIn,bevFrtRoadLight
RO,h0417,0.6407291256079393,scr2011,avaStIn,bevFrtRoadLight
RO,h0418,0.648916667,scr2011,avaStIn,bevFrtRoadLight
RO,h0419,0.6398287207412086,scr2011,avaStIn,bevFrtRoadLight
RO,h0420,0.615144421172021,scr2011,avaStIn,bevFrtRoadLight
RO,h0421,0.5791035442682768,scr2011,avaStIn,bevFrtRoadLight
RO,h0422,0.5374942054623928,scr2011,avaStIn,bevFrtRoadLight
RO,h0423,0.4955374531835875,scr2011,avaStIn,bevFrtRoadLight
RO,h0424,0.4542442586158291,scr2011,avaStIn,bevFrtRoadLight
RO,h0425,0.4212820877816386,scr2011,avaStIn,bevFrtRoadLight
RO,h0426,0.40349092388744084,scr2011,avaStIn,bevFrtRoadLight
RO,h0427,0.39580205446884725,scr2011,avaStIn,bevFrtRoadLight
RO,h0428,0.3906798200666239,scr2011,avaStIn,bevFrtRoadLight
RO,h0429,0.3773711612383875,scr2011,avaStIn,bevFrtRoadLight
RO,h0430,0.3461356730709699,scr2011,avaStIn,bevFrtRoadLight
RO,h0431,0.30875150341473084,scr2011,avaStIn,bevFrtRoadLight
RO,h0432,0.2787960842643315,scr2011,avaStIn,bevFrtRoadLight
RO,h0433,0.3071358468676361,scr2011,avaStIn,bevFrtRoadLight
RO,h0434,0.3550193798223838,scr2011,avaStIn,bevFrtRoadLight
RO,h0435,0.40712743601677065,scr2011,avaStIn,bevFrtRoadLight
RO,h0436,0.4268707928932293,scr2011,avaStIn,bevFrtRoadLight
RO,h0437,0.4378903855523765,scr2011,avaStIn,bevFrtRoadLight
RO,h0438,0.4543422498691934,scr2011,avaStIn,bevFrtRoadLight
RO,h0439,0.48587277215499686,scr2011,avaStIn,bevFrtRoadLight
RO,h0440,0.5291767067485698,scr2011,avaStIn,bevFrtRoadLight
RO,h0441,0.5695703515713371,scr2011,avaStIn,bevFrtRoadLight
RO,h0442,0.5969876037561683,scr2011,avaStIn,bevFrtRoadLight
RO,h0443,0.6074971913610454,scr2011,avaStIn,bevFrtRoadLight
RO,h0444,0.6000100054494701,scr2011,avaStIn,bevFrtRoadLight
RO,h0445,0.5749025389682099,scr2011,avaStIn,bevFrtRoadLight
RO,h0446,0.5380051395763279,scr2011,avaStIn,bevFrtRoadLight
RO,h0447,0.4955374531835875,scr2011,avaStIn,bevFrtRoadLight
RO,h0448,0.4542442586158291,scr2011,avaStIn,bevFrtRoadLight
RO,h0449,0.4212820877816386,scr2011,avaStIn,bevFrtRoadLight
RO,h0450,0.40349092388744084,scr2011,avaStIn,bevFrtRoadLight
RO,h0451,0.39580205446884725,scr2011,avaStIn,bevFrtRoadLight
RO,h0452,0.3906798200666239,scr2011,avaStIn,bevFrtRoadLight
RO,h0453,0.3773711612383875,scr2011,avaStIn,bevFrtRoadLight
RO,h0454,0.3461356730709699,scr2011,avaStIn,bevFrtRoadLight
RO,h0455,0.30875150341473084,scr2011,avaStIn,bevFrtRoadLight
RO,h0456,0.2787960842643315,scr2011,avaStIn,bevFrtRoadLight
RO,h0457,0.30375090267424804,scr2011,avaStIn,bevFrtRoadLight
RO,h0458,0.3330411984835136,scr2011,avaStIn,bevFrtRoadLight
RO,h0459,0.3629168834376801,scr2011,avaStIn,bevFrtRoadLight
RO,h0460,0.37094662163702835,scr2011,avaStIn,bevFrtRoadLight
RO,h0461,0.3990691513435753,scr2011,avaStIn,bevFrtRoadLight
RO,h0462,0.4431358704852784,scr2011,avaStIn,bevFrtRoadLight
RO,h0463,0.49456203496038703,scr2011,avaStIn,bevFrtRoadLight
RO,h0464,0.5399104862874597,scr2011,avaStIn,bevFrtRoadLight
RO,h0465,0.5721232857004457,scr2011,avaStIn,bevFrtRoadLight
RO,h0466,0.586730659153248,scr2011,avaStIn,bevFrtRoadLight
RO,h0467,0.5906659856205043,scr2011,avaStIn,bevFrtRoadLight
RO,h0468,0.5823669061077958,scr2011,avaStIn,bevFrtRoadLight
RO,h0469,0.5527330513011219,scr2011,avaStIn,bevFrtRoadLight
RO,h0470,0.5032590983182406,scr2011,avaStIn,bevFrtRoadLight
RO,h0471,0.4368359940619068,scr2011,avaStIn,bevFrtRoadLight
RO,h0472,0.37155562437412587,scr2011,avaStIn,bevFrtRoadLight
RO,h0473,0.31489452652740507,scr2011,avaStIn,bevFrtRoadLight
RO,h0474,0.2851222046948409,scr2011,avaStIn,bevFrtRoadLight
RO,h0475,0.3046863266974262,scr2011,avaStIn,bevFrtRoadLight
RO,h0476,0.3438174878466404,scr2011,avaStIn,bevFrtRoadLight
RO,h0477,0.39049635340354866,scr2011,avaStIn,bevFrtRoadLight
RO,h0478,0.406539379317612,scr2011,avaStIn,bevFrtRoadLight
RO,h0479,0.40895502615645823,scr2011,avaStIn,bevFrtRoadLight
RO,h0480,0.39420741365117734,scr2011,avaStIn,bevFrtRoadLight
RO,h0481,0.41810100737018757,scr2011,avaStIn,bevFrtRoadLight
RO,h0482,0.4423441034942934,scr2011,avaStIn,bevFrtRoadLight
RO,h0483,0.4658490823624793,scr2011,avaStIn,bevFrtRoadLight
RO,h0484,0.4575405809516427,scr2011,avaStIn,bevFrtRoadLight
RO,h0485,0.45673384350089713,scr2011,avaStIn,bevFrtRoadLight
RO,h0486,0.4707264947039714,scr2011,avaStIn,bevFrtRoadLight
RO,h0487,0.501755266224529,scr2011,avaStIn,bevFrtRoadLight
RO,h0488,0.5390652375194709,scr2011,avaStIn,bevFrtRoadLight
RO,h0489,0.5721232857004457,scr2011,avaStIn,bevFrtRoadLight
RO,h0490,0.586730659153248,scr2011,avaStIn,bevFrtRoadLight
RO,h0491,0.5906659856205043,scr2011,avaStIn,bevFrtRoadLight
RO,h0492,0.5823669061077958,scr2011,avaStIn,bevFrtRoadLight
RO,h0493,0.5527330513011219,scr2011,avaStIn,bevFrtRoadLight
RO,h0494,0.5032590983182406,scr2011,avaStIn,bevFrtRoadLight
RO,h0495,0.4368359940619068,scr2011,avaStIn,bevFrtRoadLight
RO,h0496,0.37155562437412587,scr2011,avaStIn,bevFrtRoadLight
RO,h0497,0.31489452652740507,scr2011,avaStIn,bevFrtRoadLight
RO,h0498,0.2851222046948409,scr2011,avaStIn,bevFrtRoadLight
RO,h0499,0.3046863266974262,scr2011,avaStIn,bevFrtRoadLight
RO,h0500,0.3438174878466404,scr2011,avaStIn,bevFrtRoadLight
RO,h0501,0.39049635340354866,scr2011,avaStIn,bevFrtRoadLight
RO,h0502,0.406539379317612,scr2011,avaStIn,bevFrtRoadLight
RO,h0503,0.40895502615645823,scr2011,avaStIn,bevFrtRoadLight
RO,h0504,0.39420741365117734,scr2011,avaStIn,bevFrtRoadLight
PT,h0337,0.3678036568409198,scr2011,avaStIn,bevFrtRoadLight
PT,h0338,0.38100501157978334,scr2011,avaStIn,bevFrtRoadLight
PT,h0339,0.42032176592981213,scr2011,avaStIn,bevFrtRoadLight
PT,h0340,0.4678707275631267,scr2011,avaStIn,bevFrtRoadLight
PT,h0341,0.49735170425311476,scr2011,avaStIn,bevFrtRoadLight
PT,h0342,0.49246620022282833,scr2011,avaStIn,bevFrtRoadLight
PT,h0343,0.46957643614972294,scr2011,avaStIn,bevFrtRoadLight
PT,h0344,0.44291495111013074,scr2011,avaStIn,bevFrtRoadLight
PT,h0345,0.43317780370144005,scr2011,avaStIn,bevFrtRoadLight
PT,h0346,0.4244403929737686,scr2011,avaStIn,bevFrtRoadLight
PT,h0347,0.39810902826774003,scr2011,avaStIn,bevFrtRoadLight
PT,h0348,0.351805009617336,scr2011,avaStIn,bevFrtRoadLight
PT,h0349,0.30389998964037984,scr2011,avaStIn,bevFrtRoadLight
PT,h0350,0.27557726013127576,scr2011,avaStIn,bevFrtRoadLight
PT,h0351,0.28185139851797575,scr2011,avaStIn,bevFrtRoadLight
PT,h0352,0.3273885307468892,scr2011,avaStIn,bevFrtRoadLight
PT,h0353,0.3915946734624394,scr2011,avaStIn,bevFrtRoadLight
PT,h0354,0.46336564370545036,scr2011,avaStIn,bevFrtRoadLight
PT,h0355,0.527956642454245,scr2011,avaStIn,bevFrtRoadLight
PT,h0356,0.5755570526745453,scr2011,avaStIn,bevFrtRoadLight
PT,h0357,0.5975822668314505,scr2011,avaStIn,bevFrtRoadLight
PT,h0358,0.6006542847867082,scr2011,avaStIn,bevFrtRoadLight
PT,h0359,0.591186709414723,scr2011,avaStIn,bevFrtRoadLight
PT,h0360,0.5759821519560271,scr2011,avaStIn,bevFrtRoadLight
PT,h0361,0.5498241784401583,scr2011,avaStIn,bevFrtRoadLight
PT,h0362,0.5224639091238412,scr2011,avaStIn,bevFrtRoadLight
PT,h0363,0.49755075776430474,scr2011,avaStIn,bevFrtRoadLight
PT,h0364,0.47501810053413557,scr2011,avaStIn,bevFrtRoadLight
PT,h0365,0.45199901493300093,scr2011,avaStIn,bevFrtRoadLight
PT,h0366,0.4326171139765777,scr2011,avaStIn,bevFrtRoadLight
PT,h0367,0.42537184676479983,scr2011,avaStIn,bevFrtRoadLight
PT,h0368,0.4276648478494673,scr2011,avaStIn,bevFrtRoadLight
PT,h0369,0.43317780370144005,scr2011,avaStIn,bevFrtRoadLight
PT,h0370,0.4244403929737686,scr2011,avaStIn,bevFrtRoadLight
PT,h0371,0.39810902826774003,scr2011,avaStIn,bevFrtRoadLight
PT,h0372,0.351805009617336,scr2011,avaStIn,bevFrtRoadLight
PT,h0373,0.30389998964037984,scr2011,avaStIn,bevFrtRoadLight
PT,h0374,0.27557726013127576,scr2011,avaStIn,bevFrtRoadLight
PT,h0375,0.28185139851797575,scr2011,avaStIn,bevFrtRoadLight
PT,h0376,0.3273885307468892,scr2011,avaStIn,bevFrtRoadLight
PT,h0377,0.3915946734624394,scr2011,avaStIn,bevFrtRoadLight
PT,h0378,0.46336564370545036,scr2011,avaStIn,bevFrtRoadLight
PT,h0379,0.526475609069496,scr2011,avaStIn,bevFrtRoadLight
PT,h0380,0.5778818879811951,scr2011,avaStIn,bevFrtRoadLight
PT,h0381,0.6070507011789035,scr2011,avaStIn,bevFrtRoadLight
PT,h0382,0.6079501872476674,scr2011,avaStIn,bevFrtRoadLight
PT,h0383,0.5849169235034561,scr2011,avaStIn,bevFrtRoadLight
PT,h0384,0.5483501020925658,scr2011,avaStIn,bevFrtRoadLight
PT,h0385,0.5254703461687369,scr2011,avaStIn,bevFrtRoadLight
PT,h0386,0.5081317932952782,scr2011,avaStIn,bevFrtRoadLight
PT,h0387,0.49755075776430474,scr2011,avaStIn,bevFrtRoadLight
PT,h0388,0.47501810053413557,scr2011,avaStIn,bevFrtRoadLight
PT,h0389,0.45199901493300093,scr2011,avaStIn,bevFrtRoadLight
PT,h0390,0.4326171139765777,scr2011,avaStIn,bevFrtRoadLight
PT,h0391,0.40793603108458326,scr2011,avaStIn,bevFrtRoadLight
PT,h0392,0.39786250383483696,scr2011,avaStIn,bevFrtRoadLight
PT,h0393,0.3995885000442824,scr2011,avaStIn,bevFrtRoadLight
PT,h0394,0.4101381139863069,scr2011,avaStIn,bevFrtRoadLight
PT,h0395,0.3993074674603107,scr2011,avaStIn,bevFrtRoadLight
PT,h0396,0.3567007734162259,scr2011,avaStIn,bevFrtRoadLight
PT,h0397,0.4041503392203238,scr2011,avaStIn,bevFrtRoadLight
PT,h0398,0.4476847573510618,scr2011,avaStIn,bevFrtRoadLight
PT,h0399,0.4955374531835875,scr2011,avaStIn,bevFrtRoadLight
PT,h0400,0.4542442586158291,scr2011,avaStIn,bevFrtRoadLight
PT,h0401,0.4212820877816386,scr2011,avaStIn,bevFrtRoadLight
PT,h0402,0.40349092388744084,scr2011,avaStIn,bevFrtRoadLight
PT,h0403,0.3880713815348768,scr2011,avaStIn,bevFrtRoadLight
PT,h0404,0.3753582116188943,scr2011,avaStIn,bevFrtRoadLight
PT,h0405,0.3507189311524727,scr2011,avaStIn,bevFrtRoadLight
PT,h0406,0.31190996289315026,scr2011,avaStIn,bevFrtRoadLight
PT,h0407,0.2678335745963705,scr2011,avaStIn,bevFrtRoadLight
PT,h0408,0.23523187451793154,scr2011,avaStIn,bevFrtRoadLight
PT,h0409,0.28048656175765735,scr2011,avaStIn,bevFrtRoadLight
PT,h0410,0.3425122697993718,scr2011,avaStIn,bevFrtRoadLight
PT,h0411,0.40712743601677065,scr2011,avaStIn,bevFrtRoadLight
PT,h0412,0.4268707928932293,scr2011,avaStIn,bevFrtRoadLight
PT,h0413,0.4378903855523765,scr2011,avaStIn,bevFrtRoadLight
PT,h0414,0.4543422498691934,scr2011,avaStIn,bevFrtRoadLight
PT,h0415,0.5176382610803405,scr2011,avaStIn,bevFrtRoadLight
PT,h0416,0.5849527839367337,scr2011,avaStIn,bevFrtRoadLight
PT,h0417,0.6407291256079393,scr2011,avaStIn,bevFrtRoadLight
PT,h0418,0.648916667,scr2011,avaStIn,bevFrtRoadLight
PT,h0419,0.6398287207412086,scr2011,avaStIn,bevFrtRoadLight
PT,h0420,0.615144421172021,scr2011,avaStIn,bevFrtRoadLight
PT,h0421,0.5791035442682768,scr2011,avaStIn,bevFrtRoadLight
PT,h0422,0.5374942054623928,scr2011,avaStIn,bevFrtRoadLight
PT,h0423,0.4955374531835875,scr2011,avaStIn,bevFrtRoadLight
PT,h0424,0.4542442586158291,scr2011,avaStIn,bevFrtRoadLight
PT,h0425,0.4212820877816386,scr2011,avaStIn,bevFrtRoadLight
PT,h0426,0.40349092388744084,scr2011,avaStIn,bevFrtRoadLight
PT,h0427,0.39580205446884725,scr2011,avaStIn,bevFrtRoadLight
PT,h0428,0.3906798200666239,scr2011,avaStIn,bevFrtRoadLight
PT,h0429,0.3773711612383875,scr2011,avaStIn,bevFrtRoadLight
PT,h0430,0.3461356730709699,scr2011,avaStIn,bevFrtRoadLight
PT,h0431,0.30875150341473095,scr2011,avaStIn,bevFrtRoadLight
PT,h0432,0.2787960842643315,scr2011,avaStIn,bevFrtRoadLight
PT,h0433,0.3071358468676361,scr2011,avaStIn,bevFrtRoadLight
PT,h0434,0.3550193798223838,scr2011,avaStIn,bevFrtRoadLight
PT,h0435,0.40712743601677065,scr2011,avaStIn,bevFrtRoadLight
PT,h0436,0.4268707928932293,scr2011,avaStIn,bevFrtRoadLight
PT,h0437,0.4378903855523765,scr2011,avaStIn,bevFrtRoadLight
PT,h0438,0.4543422498691934,scr2011,avaStIn,bevFrtRoadLight
PT,h0439,0.48587277215499686,scr2011,avaStIn,bevFrtRoadLight
PT,h0440,0.5291767067485698,scr2011,avaStIn,bevFrtRoadLight
PT,h0441,0.5695703515713371,scr2011,avaStIn,bevFrtRoadLight
PT,h0442,0.5969876037561683,scr2011,avaStIn,bevFrtRoadLight
PT,h0443,0.6074971913610454,scr2011,avaStIn,bevFrtRoadLight
PT,h0444,0.6000100054494701,scr2011,avaStIn,bevFrtRoadLight
PT,h0445,0.5749025389682099,scr2011,avaStIn,bevFrtRoadLight
PT,h0446,0.5380051395763279,scr2011,avaStIn,bevFrtRoadLight
PT,h0447,0.4955374531835875,scr2011,avaStIn,bevFrtRoadLight
PT,h0448,0.4542442586158291,scr2011,avaStIn,bevFrtRoadLight
PT,h0449,0.4212820877816386,scr2011,avaStIn,bevFrtRoadLight
PT,h0450,0.40349092388744084,scr2011,avaStIn,bevFrtRoadLight
PT,h0451,0.39580205446884725,scr2011,avaStIn,bevFrtRoadLight
PT,h0452,0.3906798200666239,scr2011,avaStIn,bevFrtRoadLight
PT,h0453,0.3773711612383875,scr2011,avaStIn,bevFrtRoadLight
PT,h0454,0.3461356730709699,scr2011,avaStIn,bevFrtRoadLight
PT,h0455,0.30875150341473095,scr2011,avaStIn,bevFrtRoadLight
PT,h0456,0.2787960842643315,scr2011,avaStIn,bevFrtRoadLight
PT,h0457,0.30375090267424804,scr2011,avaStIn,bevFrtRoadLight
PT,h0458,0.3330411984835136,scr2011,avaStIn,bevFrtRoadLight
PT,h0459,0.3629168834376801,scr2011,avaStIn,bevFrtRoadLight
PT,h0460,0.37094662163702835,scr2011,avaStIn,bevFrtRoadLight
PT,h0461,0.3990691513435753,scr2011,avaStIn,bevFrtRoadLight
PT,h0462,0.4431358704852784,scr2011,avaStIn,bevFrtRoadLight
PT,h0463,0.49456203496038703,scr2011,avaStIn,bevFrtRoadLight
PT,h0464,0.5399104862874597,scr2011,avaStIn,bevFrtRoadLight
PT,h0465,0.5721232857004457,scr2011,avaStIn,bevFrtRoadLight
PT,h0466,0.586730659153248,scr2011,avaStIn,bevFrtRoadLight
PT,h0467,0.5906659856205043,scr2011,avaStIn,bevFrtRoadLight
PT,h0468,0.5823669061077958,scr2011,avaStIn,bevFrtRoadLight
PT,h0469,0.5527330513011219,scr2011,avaStIn,bevFrtRoadLight
PT,h0470,0.5032590983182406,scr2011,avaStIn,bevFrtRoadLight
PT,h0471,0.4368359940619068,scr2011,avaStIn,bevFrtRoadLight
PT,h0472,0.37155562437412587,scr2011,avaStIn,bevFrtRoadLight
PT,h0473,0.31489452652740507,scr2011,avaStIn,bevFrtRoadLight
PT,h0474,0.2851222046948409,scr2011,avaStIn,bevFrtRoadLight
PT,h0475,0.3046863266974262,scr2011,avaStIn,bevFrtRoadLight
PT,h0476,0.3438174878466404,scr2011,avaStIn,bevFrtRoadLight
PT,h0477,0.39049635340354866,scr2011,avaStIn,bevFrtRoadLight
PT,h0478,0.406539379317612,scr2011,avaStIn,bevFrtRoadLight
PT,h0479,0.40895502615645823,scr2011,avaStIn,bevFrtRoadLight
PT,h0480,0.39420741365117734,scr2011,avaStIn,bevFrtRoadLight
PT,h0481,0.41810100737018757,scr2011,avaStIn,bevFrtRoadLight
PT,h0482,0.4423441034942934,scr2011,avaStIn,bevFrtRoadLight
PT,h0483,0.4658490823624793,scr2011,avaStIn,bevFrtRoadLight
PT,h0484,0.4575405809516427,scr2011,avaStIn,bevFrtRoadLight
PT,h0485,0.45673384350089713,scr2011,avaStIn,bevFrtRoadLight
PT,h0486,0.4707264947039714,scr2011,avaStIn,bevFrtRoadLight
PT,h0487,0.501755266224529,scr2011,avaStIn,bevFrtRoadLight
PT,h0488,0.5390652375194709,scr2011,avaStIn,bevFrtRoadLight
PT,h0489,0.5721232857004457,scr2011,avaStIn,bevFrtRoadLight
PT,h0490,0.586730659153248,scr2011,avaStIn,bevFrtRoadLight
PT,h0491,0.5906659856205043,scr2011,avaStIn,bevFrtRoadLight
PT,h0492,0.5823669061077958,scr2011,avaStIn,bevFrtRoadLight
PT,h0493,0.5527330513011219,scr2011,avaStIn,bevFrtRoadLight
PT,h0494,0.5032590983182406,scr2011,avaStIn,bevFrtRoadLight
PT,h0495,0.4368359940619068,scr2011,avaStIn,bevFrtRoadLight
PT,h0496,0.37155562437412587,scr2011,avaStIn,bevFrtRoadLight
PT,h0497,0.31489452652740507,scr2011,avaStIn,bevFrtRoadLight
PT,h0498,0.2851222046948409,scr2011,avaStIn,bevFrtRoadLight
PT,h0499,0.3046863266974262,scr2011,avaStIn,bevFrtRoadLight
PT,h0500,0.3438174878466404,scr2011,avaStIn,bevFrtRoadLight
PT,h0501,0.39049635340354866,scr2011,avaStIn,bevFrtRoadLight
PT,h0502,0.406539379317612,scr2011,avaStIn,bevFrtRoadLight
PT,h0503,0.40895502615645823,scr2011,avaStIn,bevFrtRoadLight
PT,h0504,0.39420741365117734,scr2011,avaStIn,bevFrtRoadLight
SK,h0337,0.3678036568409198,scr2011,avaStIn,bevFrtRoadLight
SK,h0338,0.38100501157978334,scr2011,avaStIn,bevFrtRoadLight
SK,h0339,0.42032176592981213,scr2011,avaStIn,bevFrtRoadLight
SK,h0340,0.4678707275631267,scr2011,avaStIn,bevFrtRoadLight
SK,h0341,0.49735170425311476,scr2011,avaStIn,bevFrtRoadLight
SK,h0342,0.49246620022282833,scr2011,avaStIn,bevFrtRoadLight
SK,h0343,0.46957643614972294,scr2011,avaStIn,bevFrtRoadLight
SK,h0344,0.44291495111013074,scr2011,avaStIn,bevFrtRoadLight
SK,h0345,0.43317780370144005,scr2011,avaStIn,bevFrtRoadLight
SK,h0346,0.4244403929737686,scr2011,avaStIn,bevFrtRoadLight
SK,h0347,0.39810902826774003,scr2011,avaStIn,bevFrtRoadLight
SK,h0348,0.351805009617336,scr2011,avaStIn,bevFrtRoadLight
SK,h0349,0.30389998964037984,scr2011,avaStIn,bevFrtRoadLight
SK,h0350,0.27557726013127576,scr2011,avaStIn,bevFrtRoadLight
SK,h0351,0.28185139851797575,scr2011,avaStIn,bevFrtRoadLight
SK,h0352,0.3273885307468892,scr2011,avaStIn,bevFrtRoadLight
SK,h0353,0.3915946734624394,scr2011,avaStIn,bevFrtRoadLight
SK,h0354,0.46336564370545036,scr2011,avaStIn,bevFrtRoadLight
SK,h0355,0.527956642454245,scr2011,avaStIn,bevFrtRoadLight
SK,h0356,0.5755570526745453,scr2011,avaStIn,bevFrtRoadLight
SK,h0357,0.5975822668314505,scr2011,avaStIn,bevFrtRoadLight
SK,h0358,0.6006542847867082,scr2011,avaStIn,bevFrtRoadLight
SK,h0359,0.591186709414723,scr2011,avaStIn,bevFrtRoadLight
SK,h0360,0.5759821519560271,scr2011,avaStIn,bevFrtRoadLight
SK,h0361,0.5498241784401583,scr2011,avaStIn,bevFrtRoadLight
SK,h0362,0.5224639091238412,scr2011,avaStIn,bevFrtRoadLight
SK,h0363,0.49755075776430474,scr2011,avaStIn,bevFrtRoadLight
SK,h0364,0.47501810053413557,scr2011,avaStIn,bevFrtRoadLight
SK,h0365,0.45199901493300093,scr2011,avaStIn,bevFrtRoadLight
SK,h0366,0.4326171139765777,scr2011,avaStIn,bevFrtRoadLight
SK,h0367,0.42537184676479983,scr2011,avaStIn,bevFrtRoadLight
SK,h0368,0.4276648478494673,scr2011,avaStIn,bevFrtRoadLight
SK,h0369,0.43317780370144005,scr2011,avaStIn,bevFrtRoadLight
SK,h0370,0.4244403929737686,scr2011,avaStIn,bevFrtRoadLight
SK,h0371,0.39810902826774003,scr2011,avaStIn,bevFrtRoadLight
SK,h0372,0.351805009617336,scr2011,avaStIn,bevFrtRoadLight
SK,h0373,0.30389998964037984,scr2011,avaStIn,bevFrtRoadLight
SK,h0374,0.27557726013127576,scr2011,avaStIn,bevFrtRoadLight
SK,h0375,0.28185139851797575,scr2011,avaStIn,bevFrtRoadLight
SK,h0376,0.3273885307468892,scr2011,avaStIn,bevFrtRoadLight
SK,h0377,0.3915946734624394,scr2011,avaStIn,bevFrtRoadLight
SK,h0378,0.46336564370545036,scr2011,avaStIn,bevFrtRoadLight
SK,h0379,0.526475609069496,scr2011,avaStIn,bevFrtRoadLight
SK,h0380,0.5778818879811951,scr2011,avaStIn,bevFrtRoadLight
SK,h0381,0.6070507011789035,scr2011,avaStIn,bevFrtRoadLight
SK,h0382,0.6079501872476674,scr2011,avaStIn,bevFrtRoadLight
SK,h0383,0.5849169235034561,scr2011,avaStIn,bevFrtRoadLight
SK,h0384,0.5483501020925658,scr2011,avaStIn,bevFrtRoadLight
SK,h0385,0.5254703461687369,scr2011,avaStIn,bevFrtRoadLight
SK,h0386,0.5081317932952782,scr2011,avaStIn,bevFrtRoadLight
SK,h0387,0.49755075776430474,scr2011,avaStIn,bevFrtRoadLight
SK,h0388,0.47501810053413557,scr2011,avaStIn,bevFrtRoadLight
SK,h0389,0.45199901493300093,scr2011,avaStIn,bevFrtRoadLight
SK,h0390,0.4326171139765777,scr2011,avaStIn,bevFrtRoadLight
SK,h0391,0.40793603108458326,scr2011,avaStIn,bevFrtRoadLight
SK,h0392,0.39786250383483696,scr2011,avaStIn,bevFrtRoadLight
SK,h0393,0.3995885000442824,scr2011,avaStIn,bevFrtRoadLight
SK,h0394,0.4101381139863069,scr2011,avaStIn,bevFrtRoadLight
SK,h0395,0.3993074674603107,scr2011,avaStIn,bevFrtRoadLight
SK,h0396,0.3567007734162259,scr2011,avaStIn,bevFrtRoadLight
SK,h0397,0.4041503392203238,scr2011,avaStIn,bevFrtRoadLight
SK,h0398,0.4476847573510618,scr2011,avaStIn,bevFrtRoadLight
SK,h0399,0.4955374531835875,scr2011,avaStIn,bevFrtRoadLight
SK,h0400,0.4542442586158291,scr2011,avaStIn,bevFrtRoadLight
SK,h0401,0.4212820877816386,scr2011,avaStIn,bevFrtRoadLight
SK,h0402,0.40349092388744084,scr2011,avaStIn,bevFrtRoadLight
SK,h0403,0.3880713815348768,scr2011,avaStIn,bevFrtRoadLight
SK,h0404,0.3753582116188943,scr2011,avaStIn,bevFrtRoadLight
SK,h0405,0.3507189311524727,scr2011,avaStIn,bevFrtRoadLight
SK,h0406,0.31190996289315026,scr2011,avaStIn,bevFrtRoadLight
SK,h0407,0.2678335745963705,scr2011,avaStIn,bevFrtRoadLight
SK,h0408,0.23523187451793154,scr2011,avaStIn,bevFrtRoadLight
SK,h0409,0.28048656175765735,scr2011,avaStIn,bevFrtRoadLight
SK,h0410,0.3425122697993718,scr2011,avaStIn,bevFrtRoadLight
SK,h0411,0.40712743601677065,scr2011,avaStIn,bevFrtRoadLight
SK,h0412,0.4268707928932293,scr2011,avaStIn,bevFrtRoadLight
SK,h0413,0.4378903855523765,scr2011,avaStIn,bevFrtRoadLight
SK,h0414,0.4543422498691934,scr2011,avaStIn,bevFrtRoadLight
SK,h0415,0.5176382610803405,scr2011,avaStIn,bevFrtRoadLight
SK,h0416,0.5849527839367337,scr2011,avaStIn,bevFrtRoadLight
SK,h0417,0.6407291256079393,scr2011,avaStIn,bevFrtRoadLight
SK,h0418,0.648916667,scr2011,avaStIn,bevFrtRoadLight
SK,h0419,0.6398287207412086,scr2011,avaStIn,bevFrtRoadLight
SK,h0420,0.615144421172021,scr2011,avaStIn,bevFrtRoadLight
SK,h0421,0.5791035442682768,scr2011,avaStIn,bevFrtRoadLight
SK,h0422,0.5374942054623928,scr2011,avaStIn,bevFrtRoadLight
SK,h0423,0.4955374531835875,scr2011,avaStIn,bevFrtRoadLight
SK,h0424,0.4542442586158291,scr2011,avaStIn,bevFrtRoadLight
SK,h0425,0.4212820877816386,scr2011,avaStIn,bevFrtRoadLight
SK,h0426,0.40349092388744084,scr2011,avaStIn,bevFrtRoadLight
SK,h0427,0.39580205446884725,scr2011,avaStIn,bevFrtRoadLight
SK,h0428,0.3906798200666239,scr2011,avaStIn,bevFrtRoadLight
SK,h0429,0.3773711612383875,scr2011,avaStIn,bevFrtRoadLight
SK,h0430,0.3461356730709699,scr2011,avaStIn,bevFrtRoadLight
SK,h0431,0.30875150341473095,scr2011,avaStIn,bevFrtRoadLight
SK,h0432,0.2787960842643315,scr2011,avaStIn,bevFrtRoadLight
SK,h0433,0.3071358468676361,scr2011,avaStIn,bevFrtRoadLight
SK,h0434,0.3550193798223838,scr2011,avaStIn,bevFrtRoadLight
SK,h0435,0.40712743601677065,scr2011,avaStIn,bevFrtRoadLight
SK,h0436,0.4268707928932293,scr2011,avaStIn,bevFrtRoadLight
SK,h0437,0.4378903855523765,scr2011,avaStIn,bevFrtRoadLight
SK,h0438,0.4543422498691934,scr2011,avaStIn,bevFrtRoadLight
SK,h0439,0.48587277215499686,scr2011,avaStIn,bevFrtRoadLight
SK,h0440,0.5291767067485698,scr2011,avaStIn,bevFrtRoadLight
SK,h0441,0.5695703515713371,scr2011,avaStIn,bevFrtRoadLight
SK,h0442,0.5969876037561683,scr2011,avaStIn,bevFrtRoadLight
SK,h0443,0.6074971913610454,scr2011,avaStIn,bevFrtRoadLight
SK,h0444,0.6000100054494701,scr2011,avaStIn,bevFrtRoadLight
SK,h0445,0.5749025389682099,scr2011,avaStIn,bevFrtRoadLight
SK,h0446,0.5380051395763279,scr2011,avaStIn,bevFrtRoadLight
SK,h0447,0.4955374531835875,scr2011,avaStIn,bevFrtRoadLight
SK,h0448,0.4542442586158291,scr2011,avaStIn,bevFrtRoadLight
SK,h0449,0.4212820877816386,scr2011,avaStIn,bevFrtRoadLight
SK,h0450,0.40349092388744084,scr2011,avaStIn,bevFrtRoadLight
SK,h0451,0.39580205446884725,scr2011,avaStIn,bevFrtRoadLight
SK,h0452,0.3906798200666239,scr2011,avaStIn,bevFrtRoadLight
SK,h0453,0.3773711612383875,scr2011,avaStIn,bevFrtRoadLight
SK,h0454,0.3461356730709699,scr2011,avaStIn,bevFrtRoadLight
SK,h0455,0.30875150341473095,scr2011,avaStIn,bevFrtRoadLight
SK,h0456,0.2787960842643315,scr2011,avaStIn,bevFrtRoadLight
SK,h0457,0.30375090267424804,scr2011,avaStIn,bevFrtRoadLight
SK,h0458,0.3330411984835136,scr2011,avaStIn,bevFrtRoadLight
SK,h0459,0.3629168834376801,scr2011,avaStIn,bevFrtRoadLight
SK,h0460,0.37094662163702835,scr2011,avaStIn,bevFrtRoadLight
SK,h0461,0.3990691513435753,scr2011,avaStIn,bevFrtRoadLight
SK,h0462,0.4431358704852784,scr2011,avaStIn,bevFrtRoadLight
SK,h0463,0.49456203496038703,scr2011,avaStIn,bevFrtRoadLight
SK,h0464,0.5399104862874597,scr2011,avaStIn,bevFrtRoadLight
SK,h0465,0.5721232857004457,scr2011,avaStIn,bevFrtRoadLight
SK,h0466,0.586730659153248,scr2011,avaStIn,bevFrtRoadLight
SK,h0467,0.5906659856205043,scr2011,avaStIn,bevFrtRoadLight
SK,h0468,0.5823669061077958,scr2011,avaStIn,bevFrtRoadLight
SK,h0469,0.5527330513011219,scr2011,avaStIn,bevFrtRoadLight
SK,h0470,0.5032590983182406,scr2011,avaStIn,bevFrtRoadLight
SK,h0471,0.4368359940619068,scr2011,avaStIn,bevFrtRoadLight
SK,h0472,0.37155562437412587,scr2011,avaStIn,bevFrtRoadLight
SK,h0473,0.31489452652740507,scr2011,avaStIn,bevFrtRoadLight
SK,h0474,0.2851222046948409,scr2011,avaStIn,bevFrtRoadLight
SK,h0475,0.3046863266974262,scr2011,avaStIn,bevFrtRoadLight
SK,h0476,0.3438174878466404,scr2011,avaStIn,bevFrtRoadLight
SK,h0477,0.39049635340354866,scr2011,avaStIn,bevFrtRoadLight
SK,h0478,0.406539379317612,scr2011,avaStIn,bevFrtRoadLight
SK,h0479,0.40895502615645823,scr2011,avaStIn,bevFrtRoadLight
SK,h0480,0.39420741365117734,scr2011,avaStIn,bevFrtRoadLight
SK,h0481,0.41810100737018757,scr2011,avaStIn,bevFrtRoadLight
SK,h0482,0.4423441034942934,scr2011,avaStIn,bevFrtRoadLight
SK,h0483,0.4658490823624793,scr2011,avaStIn,bevFrtRoadLight
SK,h0484,0.4575405809516427,scr2011,avaStIn,bevFrtRoadLight
SK,h0485,0.45673384350089713,scr2011,avaStIn,bevFrtRoadLight
SK,h0486,0.4707264947039714,scr2011,avaStIn,bevFrtRoadLight
SK,h0487,0.501755266224529,scr2011,avaStIn,bevFrtRoadLight
SK,h0488,0.5390652375194709,scr2011,avaStIn,bevFrtRoadLight
SK,h0489,0.5721232857004457,scr2011,avaStIn,bevFrtRoadLight
SK,h0490,0.586730659153248,scr2011,avaStIn,bevFrtRoadLight
SK,h0491,0.5906659856205043,scr2011,avaStIn,bevFrtRoadLight
SK,h0492,0.5823669061077958,scr2011,avaStIn,bevFrtRoadLight
SK,h0493,0.5527330513011219,scr2011,avaStIn,bevFrtRoadLight
SK,h0494,0.5032590983182406,scr2011,avaStIn,bevFrtRoadLight
SK,h0495,0.4368359940619068,scr2011,avaStIn,bevFrtRoadLight
SK,h0496,0.37155562437412587,scr2011,avaStIn,bevFrtRoadLight
SK,h0497,0.31489452652740507,scr2011,avaStIn,bevFrtRoadLight
SK,h0498,0.2851222046948409,scr2011,avaStIn,bevFrtRoadLight
SK,h0499,0.3046863266974262,scr2011,avaStIn,bevFrtRoadLight
SK,h0500,0.3438174878466404,scr2011,avaStIn,bevFrtRoadLight
SK,h0501,0.39049635340354866,scr2011,avaStIn,bevFrtRoadLight
SK,h0502,0.406539379317612,scr2011,avaStIn,bevFrtRoadLight
SK,h0503,0.40895502615645823,scr2011,avaStIn,bevFrtRoadLight
SK,h0504,0.39420741365117734,scr2011,avaStIn,bevFrtRoadLight
SI,h0337,0.3678036568409198,scr2011,avaStIn,bevFrtRoadLight
SI,h0338,0.38100501157978334,scr2011,avaStIn,bevFrtRoadLight
SI,h0339,0.42032176592981213,scr2011,avaStIn,bevFrtRoadLight
SI,h0340,0.4678707275631267,scr2011,avaStIn,bevFrtRoadLight
SI,h0341,0.49735170425311476,scr2011,avaStIn,bevFrtRoadLight
SI,h0342,0.49246620022282833,scr2011,avaStIn,bevFrtRoadLight
SI,h0343,0.46957643614972294,scr2011,avaStIn,bevFrtRoadLight
SI,h0344,0.44291495111013074,scr2011,avaStIn,bevFrtRoadLight
SI,h0345,0.43317780370144005,scr2011,avaStIn,bevFrtRoadLight
SI,h0346,0.4244403929737686,scr2011,avaStIn,bevFrtRoadLight
SI,h0347,0.39810902826774003,scr2011,avaStIn,bevFrtRoadLight
SI,h0348,0.351805009617336,scr2011,avaStIn,bevFrtRoadLight
SI,h0349,0.30389998964037984,scr2011,avaStIn,bevFrtRoadLight
SI,h0350,0.27557726013127576,scr2011,avaStIn,bevFrtRoadLight
SI,h0351,0.28185139851797575,scr2011,avaStIn,bevFrtRoadLight
SI,h0352,0.3273885307468892,scr2011,avaStIn,bevFrtRoadLight
SI,h0353,0.3915946734624394,scr2011,avaStIn,bevFrtRoadLight
SI,h0354,0.46336564370545036,scr2011,avaStIn,bevFrtRoadLight
SI,h0355,0.527956642454245,scr2011,avaStIn,bevFrtRoadLight
SI,h0356,0.5755570526745453,scr2011,avaStIn,bevFrtRoadLight
SI,h0357,0.5975822668314505,scr2011,avaStIn,bevFrtRoadLight
SI,h0358,0.6006542847867082,scr2011,avaStIn,bevFrtRoadLight
SI,h0359,0.591186709414723,scr2011,avaStIn,bevFrtRoadLight
SI,h0360,0.5759821519560271,scr2011,avaStIn,bevFrtRoadLight
SI,h0361,0.5498241784401583,scr2011,avaStIn,bevFrtRoadLight
SI,h0362,0.5224639091238412,scr2011,avaStIn,bevFrtRoadLight
SI,h0363,0.49755075776430474,scr2011,avaStIn,bevFrtRoadLight
SI,h0364,0.47501810053413557,scr2011,avaStIn,bevFrtRoadLight
SI,h0365,0.45199901493300093,scr2011,avaStIn,bevFrtRoadLight
SI,h0366,0.4326171139765777,scr2011,avaStIn,bevFrtRoadLight
SI,h0367,0.42537184676479983,scr2011,avaStIn,bevFrtRoadLight
SI,h0368,0.4276648478494673,scr2011,avaStIn,bevFrtRoadLight
SI,h0369,0.43317780370144005,scr2011,avaStIn,bevFrtRoadLight
SI,h0370,0.4244403929737686,scr2011,avaStIn,bevFrtRoadLight
SI,h0371,0.39810902826774003,scr2011,avaStIn,bevFrtRoadLight
SI,h0372,0.351805009617336,scr2011,avaStIn,bevFrtRoadLight
SI,h0373,0.30389998964037984,scr2011,avaStIn,bevFrtRoadLight
SI,h0374,0.27557726013127576,scr2011,avaStIn,bevFrtRoadLight
SI,h0375,0.28185139851797575,scr2011,avaStIn,bevFrtRoadLight
SI,h0376,0.3273885307468892,scr2011,avaStIn,bevFrtRoadLight
SI,h0377,0.3915946734624394,scr2011,avaStIn,bevFrtRoadLight
SI,h0378,0.46336564370545036,scr2011,avaStIn,bevFrtRoadLight
SI,h0379,0.526475609069496,scr2011,avaStIn,bevFrtRoadLight
SI,h0380,0.5778818879811951,scr2011,avaStIn,bevFrtRoadLight
SI,h0381,0.6070507011789035,scr2011,avaStIn,bevFrtRoadLight
SI,h0382,0.6079501872476674,scr2011,avaStIn,bevFrtRoadLight
SI,h0383,0.5849169235034561,scr2011,avaStIn,bevFrtRoadLight
SI,h0384,0.5483501020925658,scr2011,avaStIn,bevFrtRoadLight
SI,h0385,0.5254703461687369,scr2011,avaStIn,bevFrtRoadLight
SI,h0386,0.5081317932952782,scr2011,avaStIn,bevFrtRoadLight
SI,h0387,0.49755075776430474,scr2011,avaStIn,bevFrtRoadLight
SI,h0388,0.47501810053413557,scr2011,avaStIn,bevFrtRoadLight
SI,h0389,0.45199901493300093,scr2011,avaStIn,bevFrtRoadLight
SI,h0390,0.4326171139765777,scr2011,avaStIn,bevFrtRoadLight
SI,h0391,0.40793603108458326,scr2011,avaStIn,bevFrtRoadLight
SI,h0392,0.39786250383483696,scr2011,avaStIn,bevFrtRoadLight
SI,h0393,0.3995885000442824,scr2011,avaStIn,bevFrtRoadLight
SI,h0394,0.4101381139863069,scr2011,avaStIn,bevFrtRoadLight
SI,h0395,0.3993074674603107,scr2011,avaStIn,bevFrtRoadLight
SI,h0396,0.3567007734162259,scr2011,avaStIn,bevFrtRoadLight
SI,h0397,0.4041503392203238,scr2011,avaStIn,bevFrtRoadLight
SI,h0398,0.4476847573510618,scr2011,avaStIn,bevFrtRoadLight
SI,h0399,0.4955374531835875,scr2011,avaStIn,bevFrtRoadLight
SI,h0400,0.4542442586158291,scr2011,avaStIn,bevFrtRoadLight
SI,h0401,0.4212820877816386,scr2011,avaStIn,bevFrtRoadLight
SI,h0402,0.40349092388744084,scr2011,avaStIn,bevFrtRoadLight
SI,h0403,0.3880713815348768,scr2011,avaStIn,bevFrtRoadLight
SI,h0404,0.3753582116188943,scr2011,avaStIn,bevFrtRoadLight
SI,h0405,0.3507189311524727,scr2011,avaStIn,bevFrtRoadLight
SI,h0406,0.31190996289315026,scr2011,avaStIn,bevFrtRoadLight
SI,h0407,0.2678335745963705,scr2011,avaStIn,bevFrtRoadLight
SI,h0408,0.23523187451793154,scr2011,avaStIn,bevFrtRoadLight
SI,h0409,0.28048656175765735,scr2011,avaStIn,bevFrtRoadLight
SI,h0410,0.3425122697993718,scr2011,avaStIn,bevFrtRoadLight
SI,h0411,0.40712743601677065,scr2011,avaStIn,bevFrtRoadLight
SI,h0412,0.4268707928932293,scr2011,avaStIn,bevFrtRoadLight
SI,h0413,0.4378903855523765,scr2011,avaStIn,bevFrtRoadLight
SI,h0414,0.4543422498691934,scr2011,avaStIn,bevFrtRoadLight
SI,h0415,0.5176382610803405,scr2011,avaStIn,bevFrtRoadLight
SI,h0416,0.5849527839367337,scr2011,avaStIn,bevFrtRoadLight
SI,h0417,0.6407291256079393,scr2011,avaStIn,bevFrtRoadLight
SI,h0418,0.648916667,scr2011,avaStIn,bevFrtRoadLight
SI,h0419,0.6398287207412086,scr2011,avaStIn,bevFrtRoadLight
SI,h0420,0.615144421172021,scr2011,avaStIn,bevFrtRoadLight
SI,h0421,0.5791035442682768,scr2011,avaStIn,bevFrtRoadLight
SI,h0422,0.5374942054623928,scr2011,avaStIn,bevFrtRoadLight
SI,h0423,0.4955374531835875,scr2011,avaStIn,bevFrtRoadLight
SI,h0424,0.4542442586158291,scr2011,avaStIn,bevFrtRoadLight
SI,h0425,0.4212820877816386,scr2011,avaStIn,bevFrtRoadLight
SI,h0426,0.40349092388744084,scr2011,avaStIn,bevFrtRoadLight
SI,h0427,0.39580205446884725,scr2011,avaStIn,bevFrtRoadLight
SI,h0428,0.3906798200666239,scr2011,avaStIn,bevFrtRoadLight
SI,h0429,0.3773711612383875,scr2011,avaStIn,bevFrtRoadLight
SI,h0430,0.3461356730709699,scr2011,avaStIn,bevFrtRoadLight
SI,h0431,0.30875150341473095,scr2011,avaStIn,bevFrtRoadLight
SI,h0432,0.2787960842643315,scr2011,avaStIn,bevFrtRoadLight
SI,h0433,0.3071358468676361,scr2011,avaStIn,bevFrtRoadLight
SI,h0434,0.3550193798223838,scr2011,avaStIn,bevFrtRoadLight
SI,h0435,0.40712743601677065,scr2011,avaStIn,bevFrtRoadLight
SI,h0436,0.4268707928932293,scr2011,avaStIn,bevFrtRoadLight
SI,h0437,0.4378903855523765,scr2011,avaStIn,bevFrtRoadLight
SI,h0438,0.4543422498691934,scr2011,avaStIn,bevFrtRoadLight
SI,h0439,0.48587277215499686,scr2011,avaStIn,bevFrtRoadLight
SI,h0440,0.5291767067485698,scr2011,avaStIn,bevFrtRoadLight
SI,h0441,0.5695703515713371,scr2011,avaStIn,bevFrtRoadLight
SI,h0442,0.5969876037561683,scr2011,avaStIn,bevFrtRoadLight
SI,h0443,0.6074971913610454,scr2011,avaStIn,bevFrtRoadLight
SI,h0444,0.6000100054494701,scr2011,avaStIn,bevFrtRoadLight
SI,h0445,0.5749025389682099,scr2011,avaStIn,bevFrtRoadLight
SI,h0446,0.5380051395763279,scr2011,avaStIn,bevFrtRoadLight
SI,h0447,0.4955374531835875,scr2011,avaStIn,bevFrtRoadLight
SI,h0448,0.4542442586158291,scr2011,avaStIn,bevFrtRoadLight
SI,h0449,0.4212820877816386,scr2011,avaStIn,bevFrtRoadLight
SI,h0450,0.40349092388744084,scr2011,avaStIn,bevFrtRoadLight
SI,h0451,0.39580205446884725,scr2011,avaStIn,bevFrtRoadLight
SI,h0452,0.3906798200666239,scr2011,avaStIn,bevFrtRoadLight
SI,h0453,0.3773711612383875,scr2011,avaStIn,bevFrtRoadLight
SI,h0454,0.3461356730709699,scr2011,avaStIn,bevFrtRoadLight
SI,h0455,0.30875150341473095,scr2011,avaStIn,bevFrtRoadLight
SI,h0456,0.2787960842643315,scr2011,avaStIn,bevFrtRoadLight
SI,h0457,0.30375090267424804,scr2011,avaStIn,bevFrtRoadLight
SI,h0458,0.3330411984835136,scr2011,avaStIn,bevFrtRoadLight
SI,h0459,0.3629168834376801,scr2011,avaStIn,bevFrtRoadLight
SI,h0460,0.37094662163702835,scr2011,avaStIn,bevFrtRoadLight
SI,h0461,0.3990691513435753,scr2011,avaStIn,bevFrtRoadLight
SI,h0462,0.4431358704852784,scr2011,avaStIn,bevFrtRoadLight
SI,h0463,0.49456203496038703,scr2011,avaStIn,bevFrtRoadLight
SI,h0464,0.5399104862874597,scr2011,avaStIn,bevFrtRoadLight
SI,h0465,0.5721232857004457,scr2011,avaStIn,bevFrtRoadLight
SI,h0466,0.586730659153248,scr2011,avaStIn,bevFrtRoadLight
SI,h0467,0.5906659856205043,scr2011,avaStIn,bevFrtRoadLight
SI,h0468,0.5823669061077958,scr2011,avaStIn,bevFrtRoadLight
SI,h0469,0.5527330513011219,scr2011,avaStIn,bevFrtRoadLight
SI,h0470,0.5032590983182406,scr2011,avaStIn,bevFrtRoadLight
SI,h0471,0.4368359940619068,scr2011,avaStIn,bevFrtRoadLight
SI,h0472,0.37155562437412587,scr2011,avaStIn,bevFrtRoadLight
SI,h0473,0.31489452652740507,scr2011,avaStIn,bevFrtRoadLight
SI,h0474,0.2851222046948409,scr2011,avaStIn,bevFrtRoadLight
SI,h0475,0.3046863266974262,scr2011,avaStIn,bevFrtRoadLight
SI,h0476,0.3438174878466404,scr2011,avaStIn,bevFrtRoadLight
SI,h0477,0.39049635340354866,scr2011,avaStIn,bevFrtRoadLight
SI,h0478,0.406539379317612,scr2011,avaStIn,bevFrtRoadLight
SI,h0479,0.40895502615645823,scr2011,avaStIn,bevFrtRoadLight
SI,h0480,0.39420741365117734,scr2011,avaStIn,bevFrtRoadLight
SI,h0481,0.41810100737018757,scr2011,avaStIn,bevFrtRoadLight
SI,h0482,0.4423441034942934,scr2011,avaStIn,bevFrtRoadLight
SI,h0483,0.4658490823624793,scr2011,avaStIn,bevFrtRoadLight
SI,h0484,0.4575405809516427,scr2011,avaStIn,bevFrtRoadLight
SI,h0485,0.45673384350089713,scr2011,avaStIn,bevFrtRoadLight
SI,h0486,0.4707264947039714,scr2011,avaStIn,bevFrtRoadLight
SI,h0487,0.501755266224529,scr2011,avaStIn,bevFrtRoadLight
SI,h0488,0.5390652375194709,scr2011,avaStIn,bevFrtRoadLight
SI,h0489,0.5721232857004457,scr2011,avaStIn,bevFrtRoadLight
SI,h0490,0.586730659153248,scr2011,avaStIn,bevFrtRoadLight
SI,h0491,0.5906659856205043,scr2011,avaStIn,bevFrtRoadLight
SI,h0492,0.5823669061077958,scr2011,avaStIn,bevFrtRoadLight
SI,h0493,0.5527330513011219,scr2011,avaStIn,bevFrtRoadLight
SI,h0494,0.5032590983182406,scr2011,avaStIn,bevFrtRoadLight
SI,h0495,0.4368359940619068,scr2011,avaStIn,bevFrtRoadLight
SI,h0496,0.37155562437412587,scr2011,avaStIn,bevFrtRoadLight
SI,h0497,0.31489452652740507,scr2011,avaStIn,bevFrtRoadLight
SI,h0498,0.2851222046948409,scr2011,avaStIn,bevFrtRoadLight
SI,h0499,0.3046863266974262,scr2011,avaStIn,bevFrtRoadLight
SI,h0500,0.3438174878466404,scr2011,avaStIn,bevFrtRoadLight
SI,h0501,0.39049635340354866,scr2011,avaStIn,bevFrtRoadLight
SI,h0502,0.406539379317612,scr2011,avaStIn,bevFrtRoadLight
SI,h0503,0.40895502615645823,scr2011,avaStIn,bevFrtRoadLight
SI,h0504,0.39420741365117734,scr2011,avaStIn,bevFrtRoadLight
SE,h0337,0.3678036568409198,scr2011,avaStIn,bevFrtRoadLight
SE,h0338,0.38100501157978334,scr2011,avaStIn,bevFrtRoadLight
SE,h0339,0.42032176592981213,scr2011,avaStIn,bevFrtRoadLight
SE,h0340,0.4678707275631267,scr2011,avaStIn,bevFrtRoadLight
SE,h0341,0.49735170425311476,scr2011,avaStIn,bevFrtRoadLight
SE,h0342,0.49246620022282833,scr2011,avaStIn,bevFrtRoadLight
SE,h0343,0.46957643614972294,scr2011,avaStIn,bevFrtRoadLight
SE,h0344,0.44291495111013074,scr2011,avaStIn,bevFrtRoadLight
SE,h0345,0.43317780370144005,scr2011,avaStIn,bevFrtRoadLight
SE,h0346,0.4244403929737686,scr2011,avaStIn,bevFrtRoadLight
SE,h0347,0.39810902826774003,scr2011,avaStIn,bevFrtRoadLight
SE,h0348,0.351805009617336,scr2011,avaStIn,bevFrtRoadLight
SE,h0349,0.30389998964037984,scr2011,avaStIn,bevFrtRoadLight
SE,h0350,0.27557726013127576,scr2011,avaStIn,bevFrtRoadLight
SE,h0351,0.28185139851797575,scr2011,avaStIn,bevFrtRoadLight
SE,h0352,0.3273885307468892,scr2011,avaStIn,bevFrtRoadLight
SE,h0353,0.3915946734624394,scr2011,avaStIn,bevFrtRoadLight
SE,h0354,0.46336564370545036,scr2011,avaStIn,bevFrtRoadLight
SE,h0355,0.527956642454245,scr2011,avaStIn,bevFrtRoadLight
SE,h0356,0.5755570526745453,scr2011,avaStIn,bevFrtRoadLight
SE,h0357,0.5975822668314505,scr2011,avaStIn,bevFrtRoadLight
SE,h0358,0.6006542847867082,scr2011,avaStIn,bevFrtRoadLight
SE,h0359,0.591186709414723,scr2011,avaStIn,bevFrtRoadLight
SE,h0360,0.5759821519560271,scr2011,avaStIn,bevFrtRoadLight
SE,h0361,0.5498241784401583,scr2011,avaStIn,bevFrtRoadLight
SE,h0362,0.5224639091238412,scr2011,avaStIn,bevFrtRoadLight
SE,h0363,0.49755075776430474,scr2011,avaStIn,bevFrtRoadLight
SE,h0364,0.47501810053413557,scr2011,avaStIn,bevFrtRoadLight
SE,h0365,0.45199901493300093,scr2011,avaStIn,bevFrtRoadLight
SE,h0366,0.4326171139765777,scr2011,avaStIn,bevFrtRoadLight
SE,h0367,0.42537184676479983,scr2011,avaStIn,bevFrtRoadLight
SE,h0368,0.4276648478494673,scr2011,avaStIn,bevFrtRoadLight
SE,h0369,0.43317780370144005,scr2011,avaStIn,bevFrtRoadLight
SE,h0370,0.4244403929737686,scr2011,avaStIn,bevFrtRoadLight
SE,h0371,0.39810902826774003,scr2011,avaStIn,bevFrtRoadLight
SE,h0372,0.351805009617336,scr2011,avaStIn,bevFrtRoadLight
SE,h0373,0.30389998964037984,scr2011,avaStIn,bevFrtRoadLight
SE,h0374,0.27557726013127576,scr2011,avaStIn,bevFrtRoadLight
SE,h0375,0.28185139851797575,scr2011,avaStIn,bevFrtRoadLight
SE,h0376,0.3273885307468892,scr2011,avaStIn,bevFrtRoadLight
SE,h0377,0.3915946734624394,scr2011,avaStIn,bevFrtRoadLight
SE,h0378,0.46336564370545036,scr2011,avaStIn,bevFrtRoadLight
SE,h0379,0.526475609069496,scr2011,avaStIn,bevFrtRoadLight
SE,h0380,0.5778818879811951,scr2011,avaStIn,bevFrtRoadLight
SE,h0381,0.6070507011789035,scr2011,avaStIn,bevFrtRoadLight
SE,h0382,0.6079501872476674,scr2011,avaStIn,bevFrtRoadLight
SE,h0383,0.5849169235034561,scr2011,avaStIn,bevFrtRoadLight
SE,h0384,0.5483501020925658,scr2011,avaStIn,bevFrtRoadLight
SE,h0385,0.5254703461687369,scr2011,avaStIn,bevFrtRoadLight
SE,h0386,0.5081317932952782,scr2011,avaStIn,bevFrtRoadLight
SE,h0387,0.49755075776430474,scr2011,avaStIn,bevFrtRoadLight
SE,h0388,0.47501810053413557,scr2011,avaStIn,bevFrtRoadLight
SE,h0389,0.45199901493300093,scr2011,avaStIn,bevFrtRoadLight
SE,h0390,0.4326171139765777,scr2011,avaStIn,bevFrtRoadLight
SE,h0391,0.40793603108458326,scr2011,avaStIn,bevFrtRoadLight
SE,h0392,0.39786250383483696,scr2011,avaStIn,bevFrtRoadLight
SE,h0393,0.3995885000442824,scr2011,avaStIn,bevFrtRoadLight
SE,h0394,0.4101381139863069,scr2011,avaStIn,bevFrtRoadLight
SE,h0395,0.3993074674603107,scr2011,avaStIn,bevFrtRoadLight
SE,h0396,0.3567007734162259,scr2011,avaStIn,bevFrtRoadLight
SE,h0397,0.4041503392203238,scr2011,avaStIn,bevFrtRoadLight
SE,h0398,0.4476847573510618,scr2011,avaStIn,bevFrtRoadLight
SE,h0399,0.4955374531835875,scr2011,avaStIn,bevFrtRoadLight
SE,h0400,0.4542442586158291,scr2011,avaStIn,bevFrtRoadLight
SE,h0401,0.4212820877816386,scr2011,avaStIn,bevFrtRoadLight
SE,h0402,0.40349092388744084,scr2011,avaStIn,bevFrtRoadLight
SE,h0403,0.3880713815348768,scr2011,avaStIn,bevFrtRoadLight
SE,h0404,0.3753582116188943,scr2011,avaStIn,bevFrtRoadLight
SE,h0405,0.3507189311524727,scr2011,avaStIn,bevFrtRoadLight
SE,h0406,0.31190996289315026,scr2011,avaStIn,bevFrtRoadLight
SE,h0407,0.2678335745963705,scr2011,avaStIn,bevFrtRoadLight
SE,h0408,0.23523187451793154,scr2011,avaStIn,bevFrtRoadLight
SE,h0409,0.28048656175765735,scr2011,avaStIn,bevFrtRoadLight
SE,h0410,0.3425122697993718,scr2011,avaStIn,bevFrtRoadLight
SE,h0411,0.40712743601677065,scr2011,avaStIn,bevFrtRoadLight
SE,h0412,0.4268707928932293,scr2011,avaStIn,bevFrtRoadLight
SE,h0413,0.4378903855523765,scr2011,avaStIn,bevFrtRoadLight
SE,h0414,0.4543422498691934,scr2011,avaStIn,bevFrtRoadLight
SE,h0415,0.5176382610803405,scr2011,avaStIn,bevFrtRoadLight
SE,h0416,0.5849527839367337,scr2011,avaStIn,bevFrtRoadLight
SE,h0417,0.6407291256079393,scr2011,avaStIn,bevFrtRoadLight
SE,h0418,0.648916667,scr2011,avaStIn,bevFrtRoadLight
SE,h0419,0.6398287207412086,scr2011,avaStIn,bevFrtRoadLight
SE,h0420,0.615144421172021,scr2011,avaStIn,bevFrtRoadLight
SE,h0421,0.5791035442682768,scr2011,avaStIn,bevFrtRoadLight
SE,h0422,0.5374942054623928,scr2011,avaStIn,bevFrtRoadLight
SE,h0423,0.4955374531835875,scr2011,avaStIn,bevFrtRoadLight
SE,h0424,0.4542442586158291,scr2011,avaStIn,bevFrtRoadLight
SE,h0425,0.4212820877816386,scr2011,avaStIn,bevFrtRoadLight
SE,h0426,0.40349092388744084,scr2011,avaStIn,bevFrtRoadLight
SE,h0427,0.39580205446884725,scr2011,avaStIn,bevFrtRoadLight
SE,h0428,0.3906798200666239,scr2011,avaStIn,bevFrtRoadLight
SE,h0429,0.3773711612383875,scr2011,avaStIn,bevFrtRoadLight
SE,h0430,0.3461356730709699,scr2011,avaStIn,bevFrtRoadLight
SE,h0431,0.30875150341473095,scr2011,avaStIn,bevFrtRoadLight
SE,h0432,0.2787960842643315,scr2011,avaStIn,bevFrtRoadLight
SE,h0433,0.3071358468676361,scr2011,avaStIn,bevFrtRoadLight
SE,h0434,0.3550193798223838,scr2011,avaStIn,bevFrtRoadLight
SE,h0435,0.40712743601677065,scr2011,avaStIn,bevFrtRoadLight
SE,h0436,0.4268707928932293,scr2011,avaStIn,bevFrtRoadLight
SE,h0437,0.4378903855523765,scr2011,avaStIn,bevFrtRoadLight
SE,h0438,0.4543422498691934,scr2011,avaStIn,bevFrtRoadLight
SE,h0439,0.48587277215499686,scr2011,avaStIn,bevFrtRoadLight
SE,h0440,0.5291767067485698,scr2011,avaStIn,bevFrtRoadLight
SE,h0441,0.5695703515713371,scr2011,avaStIn,bevFrtRoadLight
SE,h0442,0.5969876037561683,scr2011,avaStIn,bevFrtRoadLight
SE,h0443,0.6074971913610454,scr2011,avaStIn,bevFrtRoadLight
SE,h0444,0.6000100054494701,scr2011,avaStIn,bevFrtRoadLight
SE,h0445,0.5749025389682099,scr2011,avaStIn,bevFrtRoadLight
SE,h0446,0.5380051395763279,scr2011,avaStIn,bevFrtRoadLight
SE,h0447,0.4955374531835875,scr2011,avaStIn,bevFrtRoadLight
SE,h0448,0.4542442586158291,scr2011,avaStIn,bevFrtRoadLight
SE,h0449,0.4212820877816386,scr2011,avaStIn,bevFrtRoadLight
SE,h0450,0.40349092388744084,scr2011,avaStIn,bevFrtRoadLight
SE,h0451,0.39580205446884725,scr2011,avaStIn,bevFrtRoadLight
SE,h0452,0.3906798200666239,scr2011,avaStIn,bevFrtRoadLight
SE,h0453,0.3773711612383875,scr2011,avaStIn,bevFrtRoadLight
SE,h0454,0.3461356730709699,scr2011,avaStIn,bevFrtRoadLight
SE,h0455,0.30875150341473095,scr2011,avaStIn,bevFrtRoadLight
SE,h0456,0.2787960842643315,scr2011,avaStIn,bevFrtRoadLight
SE,h0457,0.30375090267424804,scr2011,avaStIn,bevFrtRoadLight
SE,h0458,0.3330411984835136,scr2011,avaStIn,bevFrtRoadLight
SE,h0459,0.3629168834376801,scr2011,avaStIn,bevFrtRoadLight
SE,h0460,0.37094662163702835,scr2011,avaStIn,bevFrtRoadLight
SE,h0461,0.3990691513435753,scr2011,avaStIn,bevFrtRoadLight
SE,h0462,0.4431358704852784,scr2011,avaStIn,bevFrtRoadLight
SE,h0463,0.49456203496038703,scr2011,avaStIn,bevFrtRoadLight
SE,h0464,0.5399104862874597,scr2011,avaStIn,bevFrtRoadLight
SE,h0465,0.5721232857004457,scr2011,avaStIn,bevFrtRoadLight
SE,h0466,0.586730659153248,scr2011,avaStIn,bevFrtRoadLight
SE,h0467,0.5906659856205043,scr2011,avaStIn,bevFrtRoadLight
SE,h0468,0.5823669061077958,scr2011,avaStIn,bevFrtRoadLight
SE,h0469,0.5527330513011219,scr2011,avaStIn,bevFrtRoadLight
SE,h0470,0.5032590983182406,scr2011,avaStIn,bevFrtRoadLight
SE,h0471,0.4368359940619068,scr2011,avaStIn,bevFrtRoadLight
SE,h0472,0.37155562437412587,scr2011,avaStIn,bevFrtRoadLight
SE,h0473,0.31489452652740507,scr2011,avaStIn,bevFrtRoadLight
SE,h0474,0.2851222046948409,scr2011,avaStIn,bevFrtRoadLight
SE,h0475,0.3046863266974262,scr2011,avaStIn,bevFrtRoadLight
SE,h0476,0.3438174878466404,scr2011,avaStIn,bevFrtRoadLight
SE,h0477,0.39049635340354866,scr2011,avaStIn,bevFrtRoadLight
SE,h0478,0.406539379317612,scr2011,avaStIn,bevFrtRoadLight
SE,h0479,0.40895502615645823,scr2011,avaStIn,bevFrtRoadLight
SE,h0480,0.39420741365117734,scr2011,avaStIn,bevFrtRoadLight
SE,h0481,0.41810100737018757,scr2011,avaStIn,bevFrtRoadLight
SE,h0482,0.4423441034942934,scr2011,avaStIn,bevFrtRoadLight
SE,h0483,0.4658490823624793,scr2011,avaStIn,bevFrtRoadLight
SE,h0484,0.4575405809516427,scr2011,avaStIn,bevFrtRoadLight
SE,h0485,0.45673384350089713,scr2011,avaStIn,bevFrtRoadLight
SE,h0486,0.4707264947039714,scr2011,avaStIn,bevFrtRoadLight
SE,h0487,0.501755266224529,scr2011,avaStIn,bevFrtRoadLight
SE,h0488,0.5390652375194709,scr2011,avaStIn,bevFrtRoadLight
SE,h0489,0.5721232857004457,scr2011,avaStIn,bevFrtRoadLight
SE,h0490,0.586730659153248,scr2011,avaStIn,bevFrtRoadLight
SE,h0491,0.5906659856205043,scr2011,avaStIn,bevFrtRoadLight
SE,h0492,0.5823669061077958,scr2011,avaStIn,bevFrtRoadLight
SE,h0493,0.5527330513011219,scr2011,avaStIn,bevFrtRoadLight
SE,h0494,0.5032590983182406,scr2011,avaStIn,bevFrtRoadLight
SE,h0495,0.4368359940619068,scr2011,avaStIn,bevFrtRoadLight
SE,h0496,0.37155562437412587,scr2011,avaStIn,bevFrtRoadLight
SE,h0497,0.31489452652740507,scr2011,avaStIn,bevFrtRoadLight
SE,h0498,0.2851222046948409,scr2011,avaStIn,bevFrtRoadLight
SE,h0499,0.3046863266974262,scr2011,avaStIn,bevFrtRoadLight
SE,h0500,0.3438174878466404,scr2011,avaStIn,bevFrtRoadLight
SE,h0501,0.39049635340354866,scr2011,avaStIn,bevFrtRoadLight
SE,h0502,0.406539379317612,scr2011,avaStIn,bevFrtRoadLight
SE,h0503,0.40895502615645823,scr2011,avaStIn,bevFrtRoadLight
SE,h0504,0.39420741365117734,scr2011,avaStIn,bevFrtRoadLight
UK,h0337,0.3678036568409197,scr2011,avaStIn,bevFrtRoadLight
UK,h0338,0.3810050115797832,scr2011,avaStIn,bevFrtRoadLight
UK,h0339,0.42032176592981213,scr2011,avaStIn,bevFrtRoadLight
UK,h0340,0.4678707275631267,scr2011,avaStIn,bevFrtRoadLight
UK,h0341,0.49735170425311476,scr2011,avaStIn,bevFrtRoadLight
UK,h0342,0.4924662002228282,scr2011,avaStIn,bevFrtRoadLight
UK,h0343,0.46957643614972283,scr2011,avaStIn,bevFrtRoadLight
UK,h0344,0.44291495111013063,scr2011,avaStIn,bevFrtRoadLight
UK,h0345,0.43317780370143993,scr2011,avaStIn,bevFrtRoadLight
UK,h0346,0.4244403929737685,scr2011,avaStIn,bevFrtRoadLight
UK,h0347,0.3981090282677399,scr2011,avaStIn,bevFrtRoadLight
UK,h0348,0.3518050096173359,scr2011,avaStIn,bevFrtRoadLight
UK,h0349,0.30389998964037973,scr2011,avaStIn,bevFrtRoadLight
UK,h0350,0.27557726013127565,scr2011,avaStIn,bevFrtRoadLight
UK,h0351,0.28185139851797564,scr2011,avaStIn,bevFrtRoadLight
UK,h0352,0.32738853074688906,scr2011,avaStIn,bevFrtRoadLight
UK,h0353,0.3915946734624394,scr2011,avaStIn,bevFrtRoadLight
UK,h0354,0.46336564370545025,scr2011,avaStIn,bevFrtRoadLight
UK,h0355,0.5279566424542448,scr2011,avaStIn,bevFrtRoadLight
UK,h0356,0.5755570526745453,scr2011,avaStIn,bevFrtRoadLight
UK,h0357,0.5975822668314503,scr2011,avaStIn,bevFrtRoadLight
UK,h0358,0.600654284786708,scr2011,avaStIn,bevFrtRoadLight
UK,h0359,0.5911867094147227,scr2011,avaStIn,bevFrtRoadLight
UK,h0360,0.5759821519560271,scr2011,avaStIn,bevFrtRoadLight
UK,h0361,0.5498241784401583,scr2011,avaStIn,bevFrtRoadLight
UK,h0362,0.5224639091238412,scr2011,avaStIn,bevFrtRoadLight
UK,h0363,0.49755075776430463,scr2011,avaStIn,bevFrtRoadLight
UK,h0364,0.47501810053413546,scr2011,avaStIn,bevFrtRoadLight
UK,h0365,0.4519990149330008,scr2011,avaStIn,bevFrtRoadLight
UK,h0366,0.4326171139765776,scr2011,avaStIn,bevFrtRoadLight
UK,h0367,0.4253718467647997,scr2011,avaStIn,bevFrtRoadLight
UK,h0368,0.4276648478494672,scr2011,avaStIn,bevFrtRoadLight
UK,h0369,0.43317780370143993,scr2011,avaStIn,bevFrtRoadLight
UK,h0370,0.4244403929737685,scr2011,avaStIn,bevFrtRoadLight
UK,h0371,0.3981090282677399,scr2011,avaStIn,bevFrtRoadLight
UK,h0372,0.3518050096173359,scr2011,avaStIn,bevFrtRoadLight
UK,h0373,0.30389998964037973,scr2011,avaStIn,bevFrtRoadLight
UK,h0374,0.27557726013127565,scr2011,avaStIn,bevFrtRoadLight
UK,h0375,0.28185139851797564,scr2011,avaStIn,bevFrtRoadLight
UK,h0376,0.32738853074688906,scr2011,avaStIn,bevFrtRoadLight
UK,h0377,0.3915946734624394,scr2011,avaStIn,bevFrtRoadLight
UK,h0378,0.46336564370545025,scr2011,avaStIn,bevFrtRoadLight
UK,h0379,0.5264756090694958,scr2011,avaStIn,bevFrtRoadLight
UK,h0380,0.5778818879811951,scr2011,avaStIn,bevFrtRoadLight
UK,h0381,0.6070507011789035,scr2011,avaStIn,bevFrtRoadLight
UK,h0382,0.6079501872476676,scr2011,avaStIn,bevFrtRoadLight
UK,h0383,0.5849169235034559,scr2011,avaStIn,bevFrtRoadLight
UK,h0384,0.5483501020925656,scr2011,avaStIn,bevFrtRoadLight
UK,h0385,0.5254703461687369,scr2011,avaStIn,bevFrtRoadLight
UK,h0386,0.508131793295278,scr2011,avaStIn,bevFrtRoadLight
UK,h0387,0.49755075776430463,scr2011,avaStIn,bevFrtRoadLight
UK,h0388,0.47501810053413546,scr2011,avaStIn,bevFrtRoadLight
UK,h0389,0.4519990149330008,scr2011,avaStIn,bevFrtRoadLight
UK,h0390,0.4326171139765776,scr2011,avaStIn,bevFrtRoadLight
UK,h0391,0.40793603108458315,scr2011,avaStIn,bevFrtRoadLight
UK,h0392,0.39786250383483684,scr2011,avaStIn,bevFrtRoadLight
UK,h0393,0.3995885000442822,scr2011,avaStIn,bevFrtRoadLight
UK,h0394,0.4101381139863068,scr2011,avaStIn,bevFrtRoadLight
UK,h0395,0.3993074674603106,scr2011,avaStIn,bevFrtRoadLight
UK,h0396,0.3567007734162258,scr2011,avaStIn,bevFrtRoadLight
UK,h0397,0.4041503392203237,scr2011,avaStIn,bevFrtRoadLight
UK,h0398,0.44768475735106167,scr2011,avaStIn,bevFrtRoadLight
UK,h0399,0.4955374531835875,scr2011,avaStIn,bevFrtRoadLight
UK,h0400,0.454244258615829,scr2011,avaStIn,bevFrtRoadLight
UK,h0401,0.4212820877816385,scr2011,avaStIn,bevFrtRoadLight
UK,h0402,0.40349092388744073,scr2011,avaStIn,bevFrtRoadLight
UK,h0403,0.3880713815348768,scr2011,avaStIn,bevFrtRoadLight
UK,h0404,0.3753582116188942,scr2011,avaStIn,bevFrtRoadLight
UK,h0405,0.3507189311524726,scr2011,avaStIn,bevFrtRoadLight
UK,h0406,0.31190996289315015,scr2011,avaStIn,bevFrtRoadLight
UK,h0407,0.2678335745963704,scr2011,avaStIn,bevFrtRoadLight
UK,h0408,0.23523187451793143,scr2011,avaStIn,bevFrtRoadLight
UK,h0409,0.28048656175765724,scr2011,avaStIn,bevFrtRoadLight
UK,h0410,0.3425122697993717,scr2011,avaStIn,bevFrtRoadLight
UK,h0411,0.40712743601677054,scr2011,avaStIn,bevFrtRoadLight
UK,h0412,0.426870792893229,scr2011,avaStIn,bevFrtRoadLight
UK,h0413,0.4378903855523764,scr2011,avaStIn,bevFrtRoadLight
UK,h0414,0.4543422498691933,scr2011,avaStIn,bevFrtRoadLight
UK,h0415,0.5176382610803405,scr2011,avaStIn,bevFrtRoadLight
UK,h0416,0.5849527839367334,scr2011,avaStIn,bevFrtRoadLight
UK,h0417,0.6407291256079393,scr2011,avaStIn,bevFrtRoadLight
UK,h0418,0.648916667,scr2011,avaStIn,bevFrtRoadLight
UK,h0419,0.6398287207412083,scr2011,avaStIn,bevFrtRoadLight
UK,h0420,0.6151444211720207,scr2011,avaStIn,bevFrtRoadLight
UK,h0421,0.5791035442682766,scr2011,avaStIn,bevFrtRoadLight
UK,h0422,0.5374942054623928,scr2011,avaStIn,bevFrtRoadLight
UK,h0423,0.4955374531835875,scr2011,avaStIn,bevFrtRoadLight
UK,h0424,0.454244258615829,scr2011,avaStIn,bevFrtRoadLight
UK,h0425,0.4212820877816385,scr2011,avaStIn,bevFrtRoadLight
UK,h0426,0.40349092388744073,scr2011,avaStIn,bevFrtRoadLight
UK,h0427,0.39580205446884714,scr2011,avaStIn,bevFrtRoadLight
UK,h0428,0.3906798200666238,scr2011,avaStIn,bevFrtRoadLight
UK,h0429,0.3773711612383874,scr2011,avaStIn,bevFrtRoadLight
UK,h0430,0.3461356730709699,scr2011,avaStIn,bevFrtRoadLight
UK,h0431,0.30875150341473084,scr2011,avaStIn,bevFrtRoadLight
UK,h0432,0.2787960842643314,scr2011,avaStIn,bevFrtRoadLight
UK,h0433,0.307135846867636,scr2011,avaStIn,bevFrtRoadLight
UK,h0434,0.3550193798223837,scr2011,avaStIn,bevFrtRoadLight
UK,h0435,0.40712743601677054,scr2011,avaStIn,bevFrtRoadLight
UK,h0436,0.426870792893229,scr2011,avaStIn,bevFrtRoadLight
UK,h0437,0.4378903855523764,scr2011,avaStIn,bevFrtRoadLight
UK,h0438,0.4543422498691933,scr2011,avaStIn,bevFrtRoadLight
UK,h0439,0.48587277215499675,scr2011,avaStIn,bevFrtRoadLight
UK,h0440,0.52917670674857,scr2011,avaStIn,bevFrtRoadLight
UK,h0441,0.5695703515713368,scr2011,avaStIn,bevFrtRoadLight
UK,h0442,0.5969876037561683,scr2011,avaStIn,bevFrtRoadLight
UK,h0443,0.6074971913610454,scr2011,avaStIn,bevFrtRoadLight
UK,h0444,0.6000100054494704,scr2011,avaStIn,bevFrtRoadLight
UK,h0445,0.5749025389682101,scr2011,avaStIn,bevFrtRoadLight
UK,h0446,0.5380051395763279,scr2011,avaStIn,bevFrtRoadLight
UK,h0447,0.4955374531835875,scr2011,avaStIn,bevFrtRoadLight
UK,h0448,0.454244258615829,scr2011,avaStIn,bevFrtRoadLight
UK,h0449,0.4212820877816385,scr2011,avaStIn,bevFrtRoadLight
UK,h0450,0.40349092388744073,scr2011,avaStIn,bevFrtRoadLight
UK,h0451,0.39580205446884714,scr2011,avaStIn,bevFrtRoadLight
UK,h0452,0.3906798200666238,scr2011,avaStIn,bevFrtRoadLight
UK,h0453,0.3773711612383874,scr2011,avaStIn,bevFrtRoadLight
UK,h0454,0.3461356730709699,scr2011,avaStIn,bevFrtRoadLight
UK,h0455,0.30875150341473084,scr2011,avaStIn,bevFrtRoadLight
UK,h0456,0.2787960842643314,scr2011,avaStIn,bevFrtRoadLight
UK,h0457,0.3037509026742479,scr2011,avaStIn,bevFrtRoadLight
UK,h0458,0.3330411984835135,scr2011,avaStIn,bevFrtRoadLight
UK,h0459,0.36291688343767997,scr2011,avaStIn,bevFrtRoadLight
UK,h0460,0.37094662163702824,scr2011,avaStIn,bevFrtRoadLight
UK,h0461,0.3990691513435752,scr2011,avaStIn,bevFrtRoadLight
UK,h0462,0.4431358704852783,scr2011,avaStIn,bevFrtRoadLight
UK,h0463,0.4945620349603869,scr2011,avaStIn,bevFrtRoadLight
UK,h0464,0.5399104862874597,scr2011,avaStIn,bevFrtRoadLight
UK,h0465,0.5721232857004457,scr2011,avaStIn,bevFrtRoadLight
UK,h0466,0.5867306591532482,scr2011,avaStIn,bevFrtRoadLight
UK,h0467,0.5906659856205041,scr2011,avaStIn,bevFrtRoadLight
UK,h0468,0.5823669061077958,scr2011,avaStIn,bevFrtRoadLight
UK,h0469,0.5527330513011219,scr2011,avaStIn,bevFrtRoadLight
UK,h0470,0.5032590983182406,scr2011,avaStIn,bevFrtRoadLight
UK,h0471,0.4368359940619067,scr2011,avaStIn,bevFrtRoadLight
UK,h0472,0.37155562437412576,scr2011,avaStIn,bevFrtRoadLight
UK,h0473,0.31489452652740496,scr2011,avaStIn,bevFrtRoadLight
UK,h0474,0.2851222046948408,scr2011,avaStIn,bevFrtRoadLight
UK,h0475,0.30468632669742607,scr2011,avaStIn,bevFrtRoadLight
UK,h0476,0.3438174878466403,scr2011,avaStIn,bevFrtRoadLight
UK,h0477,0.39049635340354855,scr2011,avaStIn,bevFrtRoadLight
UK,h0478,0.4065393793176118,scr2011,avaStIn,bevFrtRoadLight
UK,h0479,0.4089550261564581,scr2011,avaStIn,bevFrtRoadLight
UK,h0480,0.39420741365117723,scr2011,avaStIn,bevFrtRoadLight
UK,h0481,0.41810100737018746,scr2011,avaStIn,bevFrtRoadLight
UK,h0482,0.44234410349429315,scr2011,avaStIn,bevFrtRoadLight
UK,h0483,0.4658490823624792,scr2011,avaStIn,bevFrtRoadLight
UK,h0484,0.4575405809516426,scr2011,avaStIn,bevFrtRoadLight
UK,h0485,0.456733843500897,scr2011,avaStIn,bevFrtRoadLight
UK,h0486,0.47072649470397127,scr2011,avaStIn,bevFrtRoadLight
UK,h0487,0.501755266224529,scr2011,avaStIn,bevFrtRoadLight
UK,h0488,0.5390652375194707,scr2011,avaStIn,bevFrtRoadLight
UK,h0489,0.5721232857004457,scr2011,avaStIn,bevFrtRoadLight
UK,h0490,0.5867306591532482,scr2011,avaStIn,bevFrtRoadLight
UK,h0491,0.5906659856205041,scr2011,avaStIn,bevFrtRoadLight
UK,h0492,0.5823669061077958,scr2011,avaStIn,bevFrtRoadLight
UK,h0493,0.5527330513011219,scr2011,avaStIn,bevFrtRoadLight
UK,h0494,0.5032590983182406,scr2011,avaStIn,bevFrtRoadLight
UK,h0495,0.4368359940619067,scr2011,avaStIn,bevFrtRoadLight
UK,h0496,0.37155562437412576,scr2011,avaStIn,bevFrtRoadLight
UK,h0497,0.31489452652740496,scr2011,avaStIn,bevFrtRoadLight
UK,h0498,0.2851222046948408,scr2011,avaStIn,bevFrtRoadLight
UK,h0499,0.30468632669742607,scr2011,avaStIn,bevFrtRoadLight
UK,h0500,0.3438174878466403,scr2011,avaStIn,bevFrtRoadLight
UK,h0501,0.39049635340354855,scr2011,avaStIn,bevFrtRoadLight
UK,h0502,0.4065393793176118,scr2011,avaStIn,bevFrtRoadLight
UK,h0503,0.4089550261564581,scr2011,avaStIn,bevFrtRoadLight
UK,h0504,0.39420741365117723,scr2011,avaStIn,bevFrtRoadLight
RS,h0337,0.3678036568409198,scr2011,avaStIn,bevFrtRoadLight
RS,h0338,0.38100501157978334,scr2011,avaStIn,bevFrtRoadLight
RS,h0339,0.42032176592981213,scr2011,avaStIn,bevFrtRoadLight
RS,h0340,0.4678707275631267,scr2011,avaStIn,bevFrtRoadLight
RS,h0341,0.49735170425311476,scr2011,avaStIn,bevFrtRoadLight
RS,h0342,0.49246620022282833,scr2011,avaStIn,bevFrtRoadLight
RS,h0343,0.46957643614972294,scr2011,avaStIn,bevFrtRoadLight
RS,h0344,0.44291495111013074,scr2011,avaStIn,bevFrtRoadLight
RS,h0345,0.43317780370144005,scr2011,avaStIn,bevFrtRoadLight
RS,h0346,0.4244403929737686,scr2011,avaStIn,bevFrtRoadLight
RS,h0347,0.39810902826774003,scr2011,avaStIn,bevFrtRoadLight
RS,h0348,0.351805009617336,scr2011,avaStIn,bevFrtRoadLight
RS,h0349,0.30389998964037984,scr2011,avaStIn,bevFrtRoadLight
RS,h0350,0.27557726013127576,scr2011,avaStIn,bevFrtRoadLight
RS,h0351,0.28185139851797575,scr2011,avaStIn,bevFrtRoadLight
RS,h0352,0.3273885307468892,scr2011,avaStIn,bevFrtRoadLight
RS,h0353,0.3915946734624394,scr2011,avaStIn,bevFrtRoadLight
RS,h0354,0.46336564370545036,scr2011,avaStIn,bevFrtRoadLight
RS,h0355,0.527956642454245,scr2011,avaStIn,bevFrtRoadLight
RS,h0356,0.5755570526745453,scr2011,avaStIn,bevFrtRoadLight
RS,h0357,0.5975822668314505,scr2011,avaStIn,bevFrtRoadLight
RS,h0358,0.6006542847867082,scr2011,avaStIn,bevFrtRoadLight
RS,h0359,0.591186709414723,scr2011,avaStIn,bevFrtRoadLight
RS,h0360,0.5759821519560271,scr2011,avaStIn,bevFrtRoadLight
RS,h0361,0.5498241784401583,scr2011,avaStIn,bevFrtRoadLight
RS,h0362,0.5224639091238412,scr2011,avaStIn,bevFrtRoadLight
RS,h0363,0.49755075776430474,scr2011,avaStIn,bevFrtRoadLight
RS,h0364,0.47501810053413557,scr2011,avaStIn,bevFrtRoadLight
RS,h0365,0.45199901493300093,scr2011,avaStIn,bevFrtRoadLight
RS,h0366,0.4326171139765777,scr2011,avaStIn,bevFrtRoadLight
RS,h0367,0.42537184676479983,scr2011,avaStIn,bevFrtRoadLight
RS,h0368,0.4276648478494673,scr2011,avaStIn,bevFrtRoadLight
RS,h0369,0.43317780370144005,scr2011,avaStIn,bevFrtRoadLight
RS,h0370,0.4244403929737686,scr2011,avaStIn,bevFrtRoadLight
RS,h0371,0.39810902826774003,scr2011,avaStIn,bevFrtRoadLight
RS,h0372,0.351805009617336,scr2011,avaStIn,bevFrtRoadLight
RS,h0373,0.30389998964037984,scr2011,avaStIn,bevFrtRoadLight
RS,h0374,0.27557726013127576,scr2011,avaStIn,bevFrtRoadLight
RS,h0375,0.28185139851797575,scr2011,avaStIn,bevFrtRoadLight
RS,h0376,0.3273885307468892,scr2011,avaStIn,bevFrtRoadLight
RS,h0377,0.3915946734624394,scr2011,avaStIn,bevFrtRoadLight
RS,h0378,0.46336564370545036,scr2011,avaStIn,bevFrtRoadLight
RS,h0379,0.526475609069496,scr2011,avaStIn,bevFrtRoadLight
RS,h0380,0.5778818879811951,scr2011,avaStIn,bevFrtRoadLight
RS,h0381,0.6070507011789035,scr2011,avaStIn,bevFrtRoadLight
RS,h0382,0.6079501872476674,scr2011,avaStIn,bevFrtRoadLight
RS,h0383,0.5849169235034561,scr2011,avaStIn,bevFrtRoadLight
RS,h0384,0.5483501020925658,scr2011,avaStIn,bevFrtRoadLight
RS,h0385,0.5254703461687369,scr2011,avaStIn,bevFrtRoadLight
RS,h0386,0.5081317932952782,scr2011,avaStIn,bevFrtRoadLight
RS,h0387,0.49755075776430474,scr2011,avaStIn,bevFrtRoadLight
RS,h0388,0.47501810053413557,scr2011,avaStIn,bevFrtRoadLight
RS,h0389,0.45199901493300093,scr2011,avaStIn,bevFrtRoadLight
RS,h0390,0.4326171139765777,scr2011,avaStIn,bevFrtRoadLight
RS,h0391,0.40793603108458326,scr2011,avaStIn,bevFrtRoadLight
RS,h0392,0.39786250383483696,scr2011,avaStIn,bevFrtRoadLight
RS,h0393,0.3995885000442824,scr2011,avaStIn,bevFrtRoadLight
RS,h0394,0.4101381139863069,scr2011,avaStIn,bevFrtRoadLight
RS,h0395,0.3993074674603107,scr2011,avaStIn,bevFrtRoadLight
RS,h0396,0.3567007734162259,scr2011,avaStIn,bevFrtRoadLight
RS,h0397,0.4041503392203238,scr2011,avaStIn,bevFrtRoadLight
RS,h0398,0.4476847573510618,scr2011,avaStIn,bevFrtRoadLight
RS,h0399,0.4955374531835875,scr2011,avaStIn,bevFrtRoadLight
RS,h0400,0.4542442586158291,scr2011,avaStIn,bevFrtRoadLight
RS,h0401,0.4212820877816386,scr2011,avaStIn,bevFrtRoadLight
RS,h0402,0.40349092388744084,scr2011,avaStIn,bevFrtRoadLight
RS,h0403,0.3880713815348768,scr2011,avaStIn,bevFrtRoadLight
RS,h0404,0.3753582116188943,scr2011,avaStIn,bevFrtRoadLight
RS,h0405,0.3507189311524727,scr2011,avaStIn,bevFrtRoadLight
RS,h0406,0.31190996289315026,scr2011,avaStIn,bevFrtRoadLight
RS,h0407,0.2678335745963705,scr2011,avaStIn,bevFrtRoadLight
RS,h0408,0.23523187451793154,scr2011,avaStIn,bevFrtRoadLight
RS,h0409,0.28048656175765735,scr2011,avaStIn,bevFrtRoadLight
RS,h0410,0.3425122697993718,scr2011,avaStIn,bevFrtRoadLight
RS,h0411,0.40712743601677065,scr2011,avaStIn,bevFrtRoadLight
RS,h0412,0.4268707928932293,scr2011,avaStIn,bevFrtRoadLight
RS,h0413,0.4378903855523765,scr2011,avaStIn,bevFrtRoadLight
RS,h0414,0.4543422498691934,scr2011,avaStIn,bevFrtRoadLight
RS,h0415,0.5176382610803405,scr2011,avaStIn,bevFrtRoadLight
RS,h0416,0.5849527839367337,scr2011,avaStIn,bevFrtRoadLight
RS,h0417,0.6407291256079393,scr2011,avaStIn,bevFrtRoadLight
RS,h0418,0.648916667,scr2011,avaStIn,bevFrtRoadLight
RS,h0419,0.6398287207412086,scr2011,avaStIn,bevFrtRoadLight
RS,h0420,0.615144421172021,scr2011,avaStIn,bevFrtRoadLight
RS,h0421,0.5791035442682768,scr2011,avaStIn,bevFrtRoadLight
RS,h0422,0.5374942054623928,scr2011,avaStIn,bevFrtRoadLight
RS,h0423,0.4955374531835875,scr2011,avaStIn,bevFrtRoadLight
RS,h0424,0.4542442586158291,scr2011,avaStIn,bevFrtRoadLight
RS,h0425,0.4212820877816386,scr2011,avaStIn,bevFrtRoadLight
RS,h0426,0.40349092388744084,scr2011,avaStIn,bevFrtRoadLight
RS,h0427,0.39580205446884725,scr2011,avaStIn,bevFrtRoadLight
RS,h0428,0.3906798200666239,scr2011,avaStIn,bevFrtRoadLight
RS,h0429,0.3773711612383875,scr2011,avaStIn,bevFrtRoadLight
RS,h0430,0.3461356730709699,scr2011,avaStIn,bevFrtRoadLight
RS,h0431,0.30875150341473095,scr2011,avaStIn,bevFrtRoadLight
RS,h0432,0.2787960842643315,scr2011,avaStIn,bevFrtRoadLight
RS,h0433,0.3071358468676361,scr2011,avaStIn,bevFrtRoadLight
RS,h0434,0.3550193798223838,scr2011,avaStIn,bevFrtRoadLight
RS,h0435,0.40712743601677065,scr2011,avaStIn,bevFrtRoadLight
RS,h0436,0.4268707928932293,scr2011,avaStIn,bevFrtRoadLight
RS,h0437,0.4378903855523765,scr2011,avaStIn,bevFrtRoadLight
RS,h0438,0.4543422498691934,scr2011,avaStIn,bevFrtRoadLight
RS,h0439,0.48587277215499686,scr2011,avaStIn,bevFrtRoadLight
RS,h0440,0.5291767067485698,scr2011,avaStIn,bevFrtRoadLight
RS,h0441,0.5695703515713371,scr2011,avaStIn,bevFrtRoadLight
RS,h0442,0.5969876037561683,scr2011,avaStIn,bevFrtRoadLight
RS,h0443,0.6074971913610454,scr2011,avaStIn,bevFrtRoadLight
RS,h0444,0.6000100054494701,scr2011,avaStIn,bevFrtRoadLight
RS,h0445,0.5749025389682099,scr2011,avaStIn,bevFrtRoadLight
RS,h0446,0.5380051395763279,scr2011,avaStIn,bevFrtRoadLight
RS,h0447,0.4955374531835875,scr2011,avaStIn,bevFrtRoadLight
RS,h0448,0.4542442586158291,scr2011,avaStIn,bevFrtRoadLight
RS,h0449,0.4212820877816386,scr2011,avaStIn,bevFrtRoadLight
RS,h0450,0.40349092388744084,scr2011,avaStIn,bevFrtRoadLight
RS,h0451,0.39580205446884725,scr2011,avaStIn,bevFrtRoadLight
RS,h0452,0.3906798200666239,scr2011,avaStIn,bevFrtRoadLight
RS,h0453,0.3773711612383875,scr2011,avaStIn,bevFrtRoadLight
RS,h0454,0.3461356730709699,scr2011,avaStIn,bevFrtRoadLight
RS,h0455,0.30875150341473095,scr2011,avaStIn,bevFrtRoadLight
RS,h0456,0.2787960842643315,scr2011,avaStIn,bevFrtRoadLight
RS,h0457,0.30375090267424804,scr2011,avaStIn,bevFrtRoadLight
RS,h0458,0.3330411984835136,scr2011,avaStIn,bevFrtRoadLight
RS,h0459,0.3629168834376801,scr2011,avaStIn,bevFrtRoadLight
RS,h0460,0.37094662163702835,scr2011,avaStIn,bevFrtRoadLight
RS,h0461,0.3990691513435753,scr2011,avaStIn,bevFrtRoadLight
RS,h0462,0.4431358704852784,scr2011,avaStIn,bevFrtRoadLight
RS,h0463,0.49456203496038703,scr2011,avaStIn,bevFrtRoadLight
RS,h0464,0.5399104862874597,scr2011,avaStIn,bevFrtRoadLight
RS,h0465,0.5721232857004457,scr2011,avaStIn,bevFrtRoadLight
RS,h0466,0.586730659153248,scr2011,avaStIn,bevFrtRoadLight
RS,h0467,0.5906659856205043,scr2011,avaStIn,bevFrtRoadLight
RS,h0468,0.5823669061077958,scr2011,avaStIn,bevFrtRoadLight
RS,h0469,0.5527330513011219,scr2011,avaStIn,bevFrtRoadLight
RS,h0470,0.5032590983182406,scr2011,avaStIn,bevFrtRoadLight
RS,h0471,0.4368359940619068,scr2011,avaStIn,bevFrtRoadLight
RS,h0472,0.37155562437412587,scr2011,avaStIn,bevFrtRoadLight
RS,h0473,0.31489452652740507,scr2011,avaStIn,bevFrtRoadLight
RS,h0474,0.2851222046948409,scr2011,avaStIn,bevFrtRoadLight
RS,h0475,0.3046863266974262,scr2011,avaStIn,bevFrtRoadLight
RS,h0476,0.3438174878466404,scr2011,avaStIn,bevFrtRoadLight
RS,h0477,0.39049635340354866,scr2011,avaStIn,bevFrtRoadLight
RS,h0478,0.406539379317612,scr2011,avaStIn,bevFrtRoadLight
RS,h0479,0.40895502615645823,scr2011,avaStIn,bevFrtRoadLight
RS,h0480,0.39420741365117734,scr2011,avaStIn,bevFrtRoadLight
RS,h0481,0.41810100737018757,scr2011,avaStIn,bevFrtRoadLight
RS,h0482,0.4423441034942934,scr2011,avaStIn,bevFrtRoadLight
RS,h0483,0.4658490823624793,scr2011,avaStIn,bevFrtRoadLight
RS,h0484,0.4575405809516427,scr2011,avaStIn,bevFrtRoadLight
RS,h0485,0.45673384350089713,scr2011,avaStIn,bevFrtRoadLight
RS,h0486,0.4707264947039714,scr2011,avaStIn,bevFrtRoadLight
RS,h0487,0.501755266224529,scr2011,avaStIn,bevFrtRoadLight
RS,h0488,0.5390652375194709,scr2011,avaStIn,bevFrtRoadLight
RS,h0489,0.5721232857004457,scr2011,avaStIn,bevFrtRoadLight
RS,h0490,0.586730659153248,scr2011,avaStIn,bevFrtRoadLight
RS,h0491,0.5906659856205043,scr2011,avaStIn,bevFrtRoadLight
RS,h0492,0.5823669061077958,scr2011,avaStIn,bevFrtRoadLight
RS,h0493,0.5527330513011219,scr2011,avaStIn,bevFrtRoadLight
RS,h0494,0.5032590983182406,scr2011,avaStIn,bevFrtRoadLight
RS,h0495,0.4368359940619068,scr2011,avaStIn,bevFrtRoadLight
RS,h0496,0.37155562437412587,scr2011,avaStIn,bevFrtRoadLight
RS,h0497,0.31489452652740507,scr2011,avaStIn,bevFrtRoadLight
RS,h0498,0.2851222046948409,scr2011,avaStIn,bevFrtRoadLight
RS,h0499,0.3046863266974262,scr2011,avaStIn,bevFrtRoadLight
RS,h0500,0.3438174878466404,scr2011,avaStIn,bevFrtRoadLight
RS,h0501,0.39049635340354866,scr2011,avaStIn,bevFrtRoadLight
RS,h0502,0.406539379317612,scr2011,avaStIn,bevFrtRoadLight
RS,h0503,0.40895502615645823,scr2011,avaStIn,bevFrtRoadLight
RS,h0504,0.39420741365117734,scr2011,avaStIn,bevFrtRoadLight
BA,h0337,0.3678036568409198,scr2011,avaStIn,bevFrtRoadLight
BA,h0338,0.38100501157978334,scr2011,avaStIn,bevFrtRoadLight
BA,h0339,0.42032176592981213,scr2011,avaStIn,bevFrtRoadLight
BA,h0340,0.4678707275631267,scr2011,avaStIn,bevFrtRoadLight
BA,h0341,0.49735170425311476,scr2011,avaStIn,bevFrtRoadLight
BA,h0342,0.49246620022282833,scr2011,avaStIn,bevFrtRoadLight
BA,h0343,0.46957643614972294,scr2011,avaStIn,bevFrtRoadLight
BA,h0344,0.44291495111013074,scr2011,avaStIn,bevFrtRoadLight
BA,h0345,0.43317780370144005,scr2011,avaStIn,bevFrtRoadLight
BA,h0346,0.4244403929737686,scr2011,avaStIn,bevFrtRoadLight
BA,h0347,0.39810902826774003,scr2011,avaStIn,bevFrtRoadLight
BA,h0348,0.351805009617336,scr2011,avaStIn,bevFrtRoadLight
BA,h0349,0.30389998964037984,scr2011,avaStIn,bevFrtRoadLight
BA,h0350,0.27557726013127576,scr2011,avaStIn,bevFrtRoadLight
BA,h0351,0.28185139851797575,scr2011,avaStIn,bevFrtRoadLight
BA,h0352,0.3273885307468892,scr2011,avaStIn,bevFrtRoadLight
BA,h0353,0.3915946734624394,scr2011,avaStIn,bevFrtRoadLight
BA,h0354,0.46336564370545036,scr2011,avaStIn,bevFrtRoadLight
BA,h0355,0.527956642454245,scr2011,avaStIn,bevFrtRoadLight
BA,h0356,0.5755570526745453,scr2011,avaStIn,bevFrtRoadLight
BA,h0357,0.5975822668314505,scr2011,avaStIn,bevFrtRoadLight
BA,h0358,0.6006542847867082,scr2011,avaStIn,bevFrtRoadLight
BA,h0359,0.591186709414723,scr2011,avaStIn,bevFrtRoadLight
BA,h0360,0.5759821519560271,scr2011,avaStIn,bevFrtRoadLight
BA,h0361,0.5498241784401583,scr2011,avaStIn,bevFrtRoadLight
BA,h0362,0.5224639091238412,scr2011,avaStIn,bevFrtRoadLight
BA,h0363,0.49755075776430474,scr2011,avaStIn,bevFrtRoadLight
BA,h0364,0.47501810053413557,scr2011,avaStIn,bevFrtRoadLight
BA,h0365,0.45199901493300093,scr2011,avaStIn,bevFrtRoadLight
BA,h0366,0.4326171139765777,scr2011,avaStIn,bevFrtRoadLight
BA,h0367,0.42537184676479983,scr2011,avaStIn,bevFrtRoadLight
BA,h0368,0.4276648478494673,scr2011,avaStIn,bevFrtRoadLight
BA,h0369,0.43317780370144005,scr2011,avaStIn,bevFrtRoadLight
BA,h0370,0.4244403929737686,scr2011,avaStIn,bevFrtRoadLight
BA,h0371,0.39810902826774003,scr2011,avaStIn,bevFrtRoadLight
BA,h0372,0.351805009617336,scr2011,avaStIn,bevFrtRoadLight
BA,h0373,0.30389998964037984,scr2011,avaStIn,bevFrtRoadLight
BA,h0374,0.27557726013127576,scr2011,avaStIn,bevFrtRoadLight
BA,h0375,0.28185139851797575,scr2011,avaStIn,bevFrtRoadLight
BA,h0376,0.3273885307468892,scr2011,avaStIn,bevFrtRoadLight
BA,h0377,0.3915946734624394,scr2011,avaStIn,bevFrtRoadLight
BA,h0378,0.46336564370545036,scr2011,avaStIn,bevFrtRoadLight
BA,h0379,0.526475609069496,scr2011,avaStIn,bevFrtRoadLight
BA,h0380,0.5778818879811951,scr2011,avaStIn,bevFrtRoadLight
BA,h0381,0.6070507011789035,scr2011,avaStIn,bevFrtRoadLight
BA,h0382,0.6079501872476674,scr2011,avaStIn,bevFrtRoadLight
BA,h0383,0.5849169235034561,scr2011,avaStIn,bevFrtRoadLight
BA,h0384,0.5483501020925658,scr2011,avaStIn,bevFrtRoadLight
BA,h0385,0.5254703461687369,scr2011,avaStIn,bevFrtRoadLight
BA,h0386,0.5081317932952782,scr2011,avaStIn,bevFrtRoadLight
BA,h0387,0.49755075776430474,scr2011,avaStIn,bevFrtRoadLight
BA,h0388,0.47501810053413557,scr2011,avaStIn,bevFrtRoadLight
BA,h0389,0.45199901493300093,scr2011,avaStIn,bevFrtRoadLight
BA,h0390,0.4326171139765777,scr2011,avaStIn,bevFrtRoadLight
BA,h0391,0.40793603108458326,scr2011,avaStIn,bevFrtRoadLight
BA,h0392,0.39786250383483696,scr2011,avaStIn,bevFrtRoadLight
BA,h0393,0.3995885000442824,scr2011,avaStIn,bevFrtRoadLight
BA,h0394,0.4101381139863069,scr2011,avaStIn,bevFrtRoadLight
BA,h0395,0.3993074674603107,scr2011,avaStIn,bevFrtRoadLight
BA,h0396,0.3567007734162259,scr2011,avaStIn,bevFrtRoadLight
BA,h0397,0.4041503392203238,scr2011,avaStIn,bevFrtRoadLight
BA,h0398,0.4476847573510618,scr2011,avaStIn,bevFrtRoadLight
BA,h0399,0.4955374531835875,scr2011,avaStIn,bevFrtRoadLight
BA,h0400,0.4542442586158291,scr2011,avaStIn,bevFrtRoadLight
BA,h0401,0.4212820877816386,scr2011,avaStIn,bevFrtRoadLight
BA,h0402,0.40349092388744084,scr2011,avaStIn,bevFrtRoadLight
BA,h0403,0.3880713815348768,scr2011,avaStIn,bevFrtRoadLight
BA,h0404,0.3753582116188943,scr2011,avaStIn,bevFrtRoadLight
BA,h0405,0.3507189311524727,scr2011,avaStIn,bevFrtRoadLight
BA,h0406,0.31190996289315026,scr2011,avaStIn,bevFrtRoadLight
BA,h0407,0.2678335745963705,scr2011,avaStIn,bevFrtRoadLight
BA,h0408,0.23523187451793154,scr2011,avaStIn,bevFrtRoadLight
BA,h0409,0.28048656175765735,scr2011,avaStIn,bevFrtRoadLight
BA,h0410,0.3425122697993718,scr2011,avaStIn,bevFrtRoadLight
BA,h0411,0.40712743601677065,scr2011,avaStIn,bevFrtRoadLight
BA,h0412,0.4268707928932293,scr2011,avaStIn,bevFrtRoadLight
BA,h0413,0.4378903855523765,scr2011,avaStIn,bevFrtRoadLight
BA,h0414,0.4543422498691934,scr2011,avaStIn,bevFrtRoadLight
BA,h0415,0.5176382610803405,scr2011,avaStIn,bevFrtRoadLight
BA,h0416,0.5849527839367337,scr2011,avaStIn,bevFrtRoadLight
BA,h0417,0.6407291256079393,scr2011,avaStIn,bevFrtRoadLight
BA,h0418,0.648916667,scr2011,avaStIn,bevFrtRoadLight
BA,h0419,0.6398287207412086,scr2011,avaStIn,bevFrtRoadLight
BA,h0420,0.615144421172021,scr2011,avaStIn,bevFrtRoadLight
BA,h0421,0.5791035442682768,scr2011,avaStIn,bevFrtRoadLight
BA,h0422,0.5374942054623928,scr2011,avaStIn,bevFrtRoadLight
BA,h0423,0.4955374531835875,scr2011,avaStIn,bevFrtRoadLight
BA,h0424,0.4542442586158291,scr2011,avaStIn,bevFrtRoadLight
BA,h0425,0.4212820877816386,scr2011,avaStIn,bevFrtRoadLight
BA,h0426,0.40349092388744084,scr2011,avaStIn,bevFrtRoadLight
BA,h0427,0.39580205446884725,scr2011,avaStIn,bevFrtRoadLight
BA,h0428,0.3906798200666239,scr2011,avaStIn,bevFrtRoadLight
BA,h0429,0.3773711612383875,scr2011,avaStIn,bevFrtRoadLight
BA,h0430,0.3461356730709699,scr2011,avaStIn,bevFrtRoadLight
BA,h0431,0.30875150341473095,scr2011,avaStIn,bevFrtRoadLight
BA,h0432,0.2787960842643315,scr2011,avaStIn,bevFrtRoadLight
BA,h0433,0.3071358468676361,scr2011,avaStIn,bevFrtRoadLight
BA,h0434,0.3550193798223838,scr2011,avaStIn,bevFrtRoadLight
BA,h0435,0.40712743601677065,scr2011,avaStIn,bevFrtRoadLight
BA,h0436,0.4268707928932293,scr2011,avaStIn,bevFrtRoadLight
BA,h0437,0.4378903855523765,scr2011,avaStIn,bevFrtRoadLight
BA,h0438,0.4543422498691934,scr2011,avaStIn,bevFrtRoadLight
BA,h0439,0.48587277215499686,scr2011,avaStIn,bevFrtRoadLight
BA,h0440,0.5291767067485698,scr2011,avaStIn,bevFrtRoadLight
BA,h0441,0.5695703515713371,scr2011,avaStIn,bevFrtRoadLight
BA,h0442,0.5969876037561683,scr2011,avaStIn,bevFrtRoadLight
BA,h0443,0.6074971913610454,scr2011,avaStIn,bevFrtRoadLight
BA,h0444,0.6000100054494701,scr2011,avaStIn,bevFrtRoadLight
BA,h0445,0.5749025389682099,scr2011,avaStIn,bevFrtRoadLight
BA,h0446,0.5380051395763279,scr2011,avaStIn,bevFrtRoadLight
BA,h0447,0.4955374531835875,scr2011,avaStIn,bevFrtRoadLight
BA,h0448,0.4542442586158291,scr2011,avaStIn,bevFrtRoadLight
BA,h0449,0.4212820877816386,scr2011,avaStIn,bevFrtRoadLight
BA,h0450,0.40349092388744084,scr2011,avaStIn,bevFrtRoadLight
BA,h0451,0.39580205446884725,scr2011,avaStIn,bevFrtRoadLight
BA,h0452,0.3906798200666239,scr2011,avaStIn,bevFrtRoadLight
BA,h0453,0.3773711612383875,scr2011,avaStIn,bevFrtRoadLight
BA,h0454,0.3461356730709699,scr2011,avaStIn,bevFrtRoadLight
BA,h0455,0.30875150341473095,scr2011,avaStIn,bevFrtRoadLight
BA,h0456,0.2787960842643315,scr2011,avaStIn,bevFrtRoadLight
BA,h0457,0.30375090267424804,scr2011,avaStIn,bevFrtRoadLight
BA,h0458,0.3330411984835136,scr2011,avaStIn,bevFrtRoadLight
BA,h0459,0.3629168834376801,scr2011,avaStIn,bevFrtRoadLight
BA,h0460,0.37094662163702835,scr2011,avaStIn,bevFrtRoadLight
BA,h0461,0.3990691513435753,scr2011,avaStIn,bevFrtRoadLight
BA,h0462,0.4431358704852784,scr2011,avaStIn,bevFrtRoadLight
BA,h0463,0.49456203496038703,scr2011,avaStIn,bevFrtRoadLight
BA,h0464,0.5399104862874597,scr2011,avaStIn,bevFrtRoadLight
BA,h0465,0.5721232857004457,scr2011,avaStIn,bevFrtRoadLight
BA,h0466,0.586730659153248,scr2011,avaStIn,bevFrtRoadLight
BA,h0467,0.5906659856205043,scr2011,avaStIn,bevFrtRoadLight
BA,h0468,0.5823669061077958,scr2011,avaStIn,bevFrtRoadLight
BA,h0469,0.5527330513011219,scr2011,avaStIn,bevFrtRoadLight
BA,h0470,0.5032590983182406,scr2011,avaStIn,bevFrtRoadLight
BA,h0471,0.4368359940619068,scr2011,avaStIn,bevFrtRoadLight
BA,h0472,0.37155562437412587,scr2011,avaStIn,bevFrtRoadLight
BA,h0473,0.31489452652740507,scr2011,avaStIn,bevFrtRoadLight
BA,h0474,0.2851222046948409,scr2011,avaStIn,bevFrtRoadLight
BA,h0475,0.3046863266974262,scr2011,avaStIn,bevFrtRoadLight
BA,h0476,0.3438174878466404,scr2011,avaStIn,bevFrtRoadLight
BA,h0477,0.39049635340354866,scr2011,avaStIn,bevFrtRoadLight
BA,h0478,0.406539379317612,scr2011,avaStIn,bevFrtRoadLight
BA,h0479,0.40895502615645823,scr2011,avaStIn,bevFrtRoadLight
BA,h0480,0.39420741365117734,scr2011,avaStIn,bevFrtRoadLight
BA,h0481,0.41810100737018757,scr2011,avaStIn,bevFrtRoadLight
BA,h0482,0.4423441034942934,scr2011,avaStIn,bevFrtRoadLight
BA,h0483,0.4658490823624793,scr2011,avaStIn,bevFrtRoadLight
BA,h0484,0.4575405809516427,scr2011,avaStIn,bevFrtRoadLight
BA,h0485,0.45673384350089713,scr2011,avaStIn,bevFrtRoadLight
BA,h0486,0.4707264947039714,scr2011,avaStIn,bevFrtRoadLight
BA,h0487,0.501755266224529,scr2011,avaStIn,bevFrtRoadLight
BA,h0488,0.5390652375194709,scr2011,avaStIn,bevFrtRoadLight
BA,h0489,0.5721232857004457,scr2011,avaStIn,bevFrtRoadLight
BA,h0490,0.586730659153248,scr2011,avaStIn,bevFrtRoadLight
BA,h0491,0.5906659856205043,scr2011,avaStIn,bevFrtRoadLight
BA,h0492,0.5823669061077958,scr2011,avaStIn,bevFrtRoadLight
BA,h0493,0.5527330513011219,scr2011,avaStIn,bevFrtRoadLight
BA,h0494,0.5032590983182406,scr2011,avaStIn,bevFrtRoadLight
BA,h0495,0.4368359940619068,scr2011,avaStIn,bevFrtRoadLight
BA,h0496,0.37155562437412587,scr2011,avaStIn,bevFrtRoadLight
BA,h0497,0.31489452652740507,scr2011,avaStIn,bevFrtRoadLight
BA,h0498,0.2851222046948409,scr2011,avaStIn,bevFrtRoadLight
BA,h0499,0.3046863266974262,scr2011,avaStIn,bevFrtRoadLight
BA,h0500,0.3438174878466404,scr2011,avaStIn,bevFrtRoadLight
BA,h0501,0.39049635340354866,scr2011,avaStIn,bevFrtRoadLight
BA,h0502,0.406539379317612,scr2011,avaStIn,bevFrtRoadLight
BA,h0503,0.40895502615645823,scr2011,avaStIn,bevFrtRoadLight
BA,h0504,0.39420741365117734,scr2011,avaStIn,bevFrtRoadLight
AL,h0337,0.3678036568409198,scr2011,avaStIn,bevFrtRoadLight
AL,h0338,0.38100501157978334,scr2011,avaStIn,bevFrtRoadLight
AL,h0339,0.42032176592981213,scr2011,avaStIn,bevFrtRoadLight
AL,h0340,0.4678707275631267,scr2011,avaStIn,bevFrtRoadLight
AL,h0341,0.49735170425311476,scr2011,avaStIn,bevFrtRoadLight
AL,h0342,0.49246620022282833,scr2011,avaStIn,bevFrtRoadLight
AL,h0343,0.46957643614972294,scr2011,avaStIn,bevFrtRoadLight
AL,h0344,0.44291495111013074,scr2011,avaStIn,bevFrtRoadLight
AL,h0345,0.43317780370144005,scr2011,avaStIn,bevFrtRoadLight
AL,h0346,0.4244403929737686,scr2011,avaStIn,bevFrtRoadLight
AL,h0347,0.39810902826774003,scr2011,avaStIn,bevFrtRoadLight
AL,h0348,0.351805009617336,scr2011,avaStIn,bevFrtRoadLight
AL,h0349,0.30389998964037984,scr2011,avaStIn,bevFrtRoadLight
AL,h0350,0.27557726013127576,scr2011,avaStIn,bevFrtRoadLight
AL,h0351,0.28185139851797575,scr2011,avaStIn,bevFrtRoadLight
AL,h0352,0.3273885307468892,scr2011,avaStIn,bevFrtRoadLight
AL,h0353,0.3915946734624394,scr2011,avaStIn,bevFrtRoadLight
AL,h0354,0.46336564370545036,scr2011,avaStIn,bevFrtRoadLight
AL,h0355,0.527956642454245,scr2011,avaStIn,bevFrtRoadLight
AL,h0356,0.5755570526745453,scr2011,avaStIn,bevFrtRoadLight
AL,h0357,0.5975822668314505,scr2011,avaStIn,bevFrtRoadLight
AL,h0358,0.6006542847867082,scr2011,avaStIn,bevFrtRoadLight
AL,h0359,0.591186709414723,scr2011,avaStIn,bevFrtRoadLight
AL,h0360,0.5759821519560271,scr2011,avaStIn,bevFrtRoadLight
AL,h0361,0.5498241784401583,scr2011,avaStIn,bevFrtRoadLight
AL,h0362,0.5224639091238412,scr2011,avaStIn,bevFrtRoadLight
AL,h0363,0.49755075776430474,scr2011,avaStIn,bevFrtRoadLight
AL,h0364,0.47501810053413557,scr2011,avaStIn,bevFrtRoadLight
AL,h0365,0.45199901493300093,scr2011,avaStIn,bevFrtRoadLight
AL,h0366,0.4326171139765777,scr2011,avaStIn,bevFrtRoadLight
AL,h0367,0.42537184676479983,scr2011,avaStIn,bevFrtRoadLight
AL,h0368,0.4276648478494673,scr2011,avaStIn,bevFrtRoadLight
AL,h0369,0.43317780370144005,scr2011,avaStIn,bevFrtRoadLight
AL,h0370,0.4244403929737686,scr2011,avaStIn,bevFrtRoadLight
AL,h0371,0.39810902826774003,scr2011,avaStIn,bevFrtRoadLight
AL,h0372,0.351805009617336,scr2011,avaStIn,bevFrtRoadLight
AL,h0373,0.30389998964037984,scr2011,avaStIn,bevFrtRoadLight
AL,h0374,0.27557726013127576,scr2011,avaStIn,bevFrtRoadLight
AL,h0375,0.28185139851797575,scr2011,avaStIn,bevFrtRoadLight
AL,h0376,0.3273885307468892,scr2011,avaStIn,bevFrtRoadLight
AL,h0377,0.3915946734624394,scr2011,avaStIn,bevFrtRoadLight
AL,h0378,0.46336564370545036,scr2011,avaStIn,bevFrtRoadLight
AL,h0379,0.526475609069496,scr2011,avaStIn,bevFrtRoadLight
AL,h0380,0.5778818879811951,scr2011,avaStIn,bevFrtRoadLight
AL,h0381,0.6070507011789035,scr2011,avaStIn,bevFrtRoadLight
AL,h0382,0.6079501872476674,scr2011,avaStIn,bevFrtRoadLight
AL,h0383,0.5849169235034561,scr2011,avaStIn,bevFrtRoadLight
AL,h0384,0.5483501020925658,scr2011,avaStIn,bevFrtRoadLight
AL,h0385,0.5254703461687369,scr2011,avaStIn,bevFrtRoadLight
AL,h0386,0.5081317932952782,scr2011,avaStIn,bevFrtRoadLight
AL,h0387,0.49755075776430474,scr2011,avaStIn,bevFrtRoadLight
AL,h0388,0.47501810053413557,scr2011,avaStIn,bevFrtRoadLight
AL,h0389,0.45199901493300093,scr2011,avaStIn,bevFrtRoadLight
AL,h0390,0.4326171139765777,scr2011,avaStIn,bevFrtRoadLight
AL,h0391,0.40793603108458326,scr2011,avaStIn,bevFrtRoadLight
AL,h0392,0.39786250383483696,scr2011,avaStIn,bevFrtRoadLight
AL,h0393,0.3995885000442824,scr2011,avaStIn,bevFrtRoadLight
AL,h0394,0.4101381139863069,scr2011,avaStIn,bevFrtRoadLight
AL,h0395,0.3993074674603107,scr2011,avaStIn,bevFrtRoadLight
AL,h0396,0.3567007734162259,scr2011,avaStIn,bevFrtRoadLight
AL,h0397,0.4041503392203238,scr2011,avaStIn,bevFrtRoadLight
AL,h0398,0.4476847573510618,scr2011,avaStIn,bevFrtRoadLight
AL,h0399,0.4955374531835875,scr2011,avaStIn,bevFrtRoadLight
AL,h0400,0.4542442586158291,scr2011,avaStIn,bevFrtRoadLight
AL,h0401,0.4212820877816386,scr2011,avaStIn,bevFrtRoadLight
AL,h0402,0.40349092388744084,scr2011,avaStIn,bevFrtRoadLight
AL,h0403,0.3880713815348768,scr2011,avaStIn,bevFrtRoadLight
AL,h0404,0.3753582116188943,scr2011,avaStIn,bevFrtRoadLight
AL,h0405,0.3507189311524727,scr2011,avaStIn,bevFrtRoadLight
AL,h0406,0.31190996289315026,scr2011,avaStIn,bevFrtRoadLight
AL,h0407,0.2678335745963705,scr2011,avaStIn,bevFrtRoadLight
AL,h0408,0.23523187451793154,scr2011,avaStIn,bevFrtRoadLight
AL,h0409,0.28048656175765735,scr2011,avaStIn,bevFrtRoadLight
AL,h0410,0.3425122697993718,scr2011,avaStIn,bevFrtRoadLight
AL,h0411,0.40712743601677065,scr2011,avaStIn,bevFrtRoadLight
AL,h0412,0.4268707928932293,scr2011,avaStIn,bevFrtRoadLight
AL,h0413,0.4378903855523765,scr2011,avaStIn,bevFrtRoadLight
AL,h0414,0.4543422498691934,scr2011,avaStIn,bevFrtRoadLight
AL,h0415,0.5176382610803405,scr2011,avaStIn,bevFrtRoadLight
AL,h0416,0.5849527839367337,scr2011,avaStIn,bevFrtRoadLight
AL,h0417,0.6407291256079393,scr2011,avaStIn,bevFrtRoadLight
AL,h0418,0.648916667,scr2011,avaStIn,bevFrtRoadLight
AL,h0419,0.6398287207412086,scr2011,avaStIn,bevFrtRoadLight
AL,h0420,0.615144421172021,scr2011,avaStIn,bevFrtRoadLight
AL,h0421,0.5791035442682768,scr2011,avaStIn,bevFrtRoadLight
AL,h0422,0.5374942054623928,scr2011,avaStIn,bevFrtRoadLight
AL,h0423,0.4955374531835875,scr2011,avaStIn,bevFrtRoadLight
AL,h0424,0.4542442586158291,scr2011,avaStIn,bevFrtRoadLight
AL,h0425,0.4212820877816386,scr2011,avaStIn,bevFrtRoadLight
AL,h0426,0.40349092388744084,scr2011,avaStIn,bevFrtRoadLight
AL,h0427,0.39580205446884725,scr2011,avaStIn,bevFrtRoadLight
AL,h0428,0.3906798200666239,scr2011,avaStIn,bevFrtRoadLight
AL,h0429,0.3773711612383875,scr2011,avaStIn,bevFrtRoadLight
AL,h0430,0.3461356730709699,scr2011,avaStIn,bevFrtRoadLight
AL,h0431,0.30875150341473095,scr2011,avaStIn,bevFrtRoadLight
AL,h0432,0.2787960842643315,scr2011,avaStIn,bevFrtRoadLight
AL,h0433,0.3071358468676361,scr2011,avaStIn,bevFrtRoadLight
AL,h0434,0.3550193798223838,scr2011,avaStIn,bevFrtRoadLight
AL,h0435,0.40712743601677065,scr2011,avaStIn,bevFrtRoadLight
AL,h0436,0.4268707928932293,scr2011,avaStIn,bevFrtRoadLight
AL,h0437,0.4378903855523765,scr2011,avaStIn,bevFrtRoadLight
AL,h0438,0.4543422498691934,scr2011,avaStIn,bevFrtRoadLight
AL,h0439,0.48587277215499686,scr2011,avaStIn,bevFrtRoadLight
AL,h0440,0.5291767067485698,scr2011,avaStIn,bevFrtRoadLight
AL,h0441,0.5695703515713371,scr2011,avaStIn,bevFrtRoadLight
AL,h0442,0.5969876037561683,scr2011,avaStIn,bevFrtRoadLight
AL,h0443,0.6074971913610454,scr2011,avaStIn,bevFrtRoadLight
AL,h0444,0.6000100054494701,scr2011,avaStIn,bevFrtRoadLight
AL,h0445,0.5749025389682099,scr2011,avaStIn,bevFrtRoadLight
AL,h0446,0.5380051395763279,scr2011,avaStIn,bevFrtRoadLight
AL,h0447,0.4955374531835875,scr2011,avaStIn,bevFrtRoadLight
AL,h0448,0.4542442586158291,scr2011,avaStIn,bevFrtRoadLight
AL,h0449,0.4212820877816386,scr2011,avaStIn,bevFrtRoadLight
AL,h0450,0.40349092388744084,scr2011,avaStIn,bevFrtRoadLight
AL,h0451,0.39580205446884725,scr2011,avaStIn,bevFrtRoadLight
AL,h0452,0.3906798200666239,scr2011,avaStIn,bevFrtRoadLight
AL,h0453,0.3773711612383875,scr2011,avaStIn,bevFrtRoadLight
AL,h0454,0.3461356730709699,scr2011,avaStIn,bevFrtRoadLight
AL,h0455,0.30875150341473095,scr2011,avaStIn,bevFrtRoadLight
AL,h0456,0.2787960842643315,scr2011,avaStIn,bevFrtRoadLight
AL,h0457,0.30375090267424804,scr2011,avaStIn,bevFrtRoadLight
AL,h0458,0.3330411984835136,scr2011,avaStIn,bevFrtRoadLight
AL,h0459,0.3629168834376801,scr2011,avaStIn,bevFrtRoadLight
AL,h0460,0.37094662163702835,scr2011,avaStIn,bevFrtRoadLight
AL,h0461,0.3990691513435753,scr2011,avaStIn,bevFrtRoadLight
AL,h0462,0.4431358704852784,scr2011,avaStIn,bevFrtRoadLight
AL,h0463,0.49456203496038703,scr2011,avaStIn,bevFrtRoadLight
AL,h0464,0.5399104862874597,scr2011,avaStIn,bevFrtRoadLight
AL,h0465,0.5721232857004457,scr2011,avaStIn,bevFrtRoadLight
AL,h0466,0.586730659153248,scr2011,avaStIn,bevFrtRoadLight
AL,h0467,0.5906659856205043,scr2011,avaStIn,bevFrtRoadLight
AL,h0468,0.5823669061077958,scr2011,avaStIn,bevFrtRoadLight
AL,h0469,0.5527330513011219,scr2011,avaStIn,bevFrtRoadLight
AL,h0470,0.5032590983182406,scr2011,avaStIn,bevFrtRoadLight
AL,h0471,0.4368359940619068,scr2011,avaStIn,bevFrtRoadLight
AL,h0472,0.37155562437412587,scr2011,avaStIn,bevFrtRoadLight
AL,h0473,0.31489452652740507,scr2011,avaStIn,bevFrtRoadLight
AL,h0474,0.2851222046948409,scr2011,avaStIn,bevFrtRoadLight
AL,h0475,0.3046863266974262,scr2011,avaStIn,bevFrtRoadLight
AL,h0476,0.3438174878466404,scr2011,avaStIn,bevFrtRoadLight
AL,h0477,0.39049635340354866,scr2011,avaStIn,bevFrtRoadLight
AL,h0478,0.406539379317612,scr2011,avaStIn,bevFrtRoadLight
AL,h0479,0.40895502615645823,scr2011,avaStIn,bevFrtRoadLight
AL,h0480,0.39420741365117734,scr2011,avaStIn,bevFrtRoadLight
AL,h0481,0.41810100737018757,scr2011,avaStIn,bevFrtRoadLight
AL,h0482,0.4423441034942934,scr2011,avaStIn,bevFrtRoadLight
AL,h0483,0.4658490823624793,scr2011,avaStIn,bevFrtRoadLight
AL,h0484,0.4575405809516427,scr2011,avaStIn,bevFrtRoadLight
AL,h0485,0.45673384350089713,scr2011,avaStIn,bevFrtRoadLight
AL,h0486,0.4707264947039714,scr2011,avaStIn,bevFrtRoadLight
AL,h0487,0.501755266224529,scr2011,avaStIn,bevFrtRoadLight
AL,h0488,0.5390652375194709,scr2011,avaStIn,bevFrtRoadLight
AL,h0489,0.5721232857004457,scr2011,avaStIn,bevFrtRoadLight
AL,h0490,0.586730659153248,scr2011,avaStIn,bevFrtRoadLight
AL,h0491,0.5906659856205043,scr2011,avaStIn,bevFrtRoadLight
AL,h0492,0.5823669061077958,scr2011,avaStIn,bevFrtRoadLight
AL,h0493,0.5527330513011219,scr2011,avaStIn,bevFrtRoadLight
AL,h0494,0.5032590983182406,scr2011,avaStIn,bevFrtRoadLight
AL,h0495,0.4368359940619068,scr2011,avaStIn,bevFrtRoadLight
AL,h0496,0.37155562437412587,scr2011,avaStIn,bevFrtRoadLight
AL,h0497,0.31489452652740507,scr2011,avaStIn,bevFrtRoadLight
AL,h0498,0.2851222046948409,scr2011,avaStIn,bevFrtRoadLight
AL,h0499,0.3046863266974262,scr2011,avaStIn,bevFrtRoadLight
AL,h0500,0.3438174878466404,scr2011,avaStIn,bevFrtRoadLight
AL,h0501,0.39049635340354866,scr2011,avaStIn,bevFrtRoadLight
AL,h0502,0.406539379317612,scr2011,avaStIn,bevFrtRoadLight
AL,h0503,0.40895502615645823,scr2011,avaStIn,bevFrtRoadLight
AL,h0504,0.39420741365117734,scr2011,avaStIn,bevFrtRoadLight
