region_3,timestep_6,value,scenario_1,parameter,technology_3
at,h0505,0.7191583401249609,scr2012,stInflow,pumpedStorageOpen
at,h0506,0.7011582115388811,scr2012,stInflow,pumpedStorageOpen
at,h0507,0.6831581291661857,scr2012,stInflow,pumpedStorageOpen
at,h0508,0.6831581291661857,scr2012,stInflow,pumpedStorageOpen
at,h0509,0.6831581291661857,scr2012,stInflow,pumpedStorageOpen
at,h0510,0.6831581291661857,scr2012,stInflow,pumpedStorageOpen
at,h0511,0.6831581291661857,scr2012,stInflow,pumpedStorageOpen
at,h0512,0.6831581291661857,scr2012,stInflow,pumpedStorageOpen
at,h0513,0.6831581291661857,scr2012,stInflow,pumpedStorageOpen
at,h0514,0.6831581291661857,scr2012,stInflow,pumpedStorageOpen
at,h0515,0.6831581291661857,scr2012,stInflow,pumpedStorageOpen
at,h0516,0.6831581291661857,scr2012,stInflow,pumpedStorageOpen
at,h0517,0.6831581291661857,scr2012,stInflow,pumpedStorageOpen
at,h0518,0.6831581291661857,scr2012,stInflow,pumpedStorageOpen
at,h0519,0.6831581291661857,scr2012,stInflow,pumpedStorageOpen
at,h0520,0.6831581291661857,scr2012,stInflow,pumpedStorageOpen
at,h0521,0.6831581291661857,scr2012,stInflow,pumpedStorageOpen
at,h0522,0.6831581291661857,scr2012,stInflow,pumpedStorageOpen
at,h0523,0.6658218907789792,scr2012,stInflow,pumpedStorageOpen
at,h0524,0.6484856975344346,scr2012,stInflow,pumpedStorageOpen
at,h0525,0.6311495506394937,scr2012,stInflow,pumpedStorageOpen
at,h0526,0.6311495506394937,scr2012,stInflow,pumpedStorageOpen
at,h0527,0.6311495506394937,scr2012,stInflow,pumpedStorageOpen
at,h0528,0.6311495506394937,scr2012,stInflow,pumpedStorageOpen
at,h0529,0.6311495506394937,scr2012,stInflow,pumpedStorageOpen
at,h0530,0.6311495506394937,scr2012,stInflow,pumpedStorageOpen
at,h0531,0.6311495506394937,scr2012,stInflow,pumpedStorageOpen
at,h0532,0.6311495506394937,scr2012,stInflow,pumpedStorageOpen
at,h0533,0.6311495506394937,scr2012,stInflow,pumpedStorageOpen
at,h0534,0.6311495506394937,scr2012,stInflow,pumpedStorageOpen
at,h0535,0.6172153821513441,scr2012,stInflow,pumpedStorageOpen
at,h0536,0.6032812451226549,scr2012,stInflow,pumpedStorageOpen
at,h0537,0.5893471402800912,scr2012,stInflow,pumpedStorageOpen
at,h0538,0.5893471402800912,scr2012,stInflow,pumpedStorageOpen
at,h0539,0.5893471402800912,scr2012,stInflow,pumpedStorageOpen
at,h0540,0.5893471402800912,scr2012,stInflow,pumpedStorageOpen
at,h0541,0.5893471402800912,scr2012,stInflow,pumpedStorageOpen
at,h0542,0.5893471402800912,scr2012,stInflow,pumpedStorageOpen
at,h0543,0.5893471402800912,scr2012,stInflow,pumpedStorageOpen
at,h0544,0.5893471402800912,scr2012,stInflow,pumpedStorageOpen
at,h0545,0.5893471402800912,scr2012,stInflow,pumpedStorageOpen
at,h0546,0.5893471402800912,scr2012,stInflow,pumpedStorageOpen
at,h0547,0.5792416976720363,scr2012,stInflow,pumpedStorageOpen
at,h0548,0.5691362726944684,scr2012,stInflow,pumpedStorageOpen
at,h0549,0.559030865660425,scr2012,stInflow,pumpedStorageOpen
at,h0550,0.559030865660425,scr2012,stInflow,pumpedStorageOpen
at,h0551,0.559030865660425,scr2012,stInflow,pumpedStorageOpen
at,h0552,0.559030865660425,scr2012,stInflow,pumpedStorageOpen
at,h0553,0.559030865660425,scr2012,stInflow,pumpedStorageOpen
at,h0554,0.559030865660425,scr2012,stInflow,pumpedStorageOpen
at,h0555,0.559030865660425,scr2012,stInflow,pumpedStorageOpen
at,h0556,0.559030865660425,scr2012,stInflow,pumpedStorageOpen
at,h0557,0.559030865660425,scr2012,stInflow,pumpedStorageOpen
at,h0558,0.559030865660425,scr2012,stInflow,pumpedStorageOpen
at,h0559,0.5503123110228004,scr2012,stInflow,pumpedStorageOpen
at,h0560,0.5415937701982799,scr2012,stInflow,pumpedStorageOpen
at,h0561,0.5328752434092193,scr2012,stInflow,pumpedStorageOpen
at,h0562,0.5328752434092193,scr2012,stInflow,pumpedStorageOpen
at,h0563,0.5328752434092193,scr2012,stInflow,pumpedStorageOpen
at,h0564,0.5328752434092193,scr2012,stInflow,pumpedStorageOpen
at,h0565,0.5328752434092193,scr2012,stInflow,pumpedStorageOpen
at,h0566,0.5328752434092193,scr2012,stInflow,pumpedStorageOpen
at,h0567,0.5328752434092193,scr2012,stInflow,pumpedStorageOpen
at,h0568,0.5328752434092193,scr2012,stInflow,pumpedStorageOpen
at,h0569,0.5328752434092193,scr2012,stInflow,pumpedStorageOpen
at,h0570,0.5328752434092193,scr2012,stInflow,pumpedStorageOpen
at,h0571,0.5240625110788382,scr2012,stInflow,pumpedStorageOpen
at,h0572,0.5152497935686452,scr2012,stInflow,pumpedStorageOpen
at,h0573,0.5064370911321189,scr2012,stInflow,pumpedStorageOpen
at,h0574,0.5064370911321189,scr2012,stInflow,pumpedStorageOpen
at,h0575,0.5064370911321189,scr2012,stInflow,pumpedStorageOpen
at,h0576,0.5064370911321189,scr2012,stInflow,pumpedStorageOpen
at,h0577,0.5064370911321189,scr2012,stInflow,pumpedStorageOpen
at,h0578,0.5064370911321189,scr2012,stInflow,pumpedStorageOpen
at,h0579,0.5064370911321189,scr2012,stInflow,pumpedStorageOpen
at,h0580,0.5064370911321189,scr2012,stInflow,pumpedStorageOpen
at,h0581,0.5064370911321189,scr2012,stInflow,pumpedStorageOpen
at,h0582,0.5064370911321189,scr2012,stInflow,pumpedStorageOpen
at,h0583,0.4956090272595441,scr2012,stInflow,pumpedStorageOpen
at,h0584,0.4847809870458501,scr2012,stInflow,pumpedStorageOpen
at,h0585,0.4739529710195122,scr2012,stInflow,pumpedStorageOpen
at,h0586,0.4739529710195122,scr2012,stInflow,pumpedStorageOpen
at,h0587,0.4739529710195122,scr2012,stInflow,pumpedStorageOpen
at,h0588,0.4739529710195122,scr2012,stInflow,pumpedStorageOpen
at,h0589,0.4739529710195122,scr2012,stInflow,pumpedStorageOpen
at,h0590,0.4739529710195122,scr2012,stInflow,pumpedStorageOpen
at,h0591,0.4739529710195122,scr2012,stInflow,pumpedStorageOpen
at,h0592,0.4739529710195122,scr2012,stInflow,pumpedStorageOpen
at,h0593,0.4739529710195122,scr2012,stInflow,pumpedStorageOpen
at,h0594,0.4739529710195122,scr2012,stInflow,pumpedStorageOpen
at,h0595,0.4739529710195122,scr2012,stInflow,pumpedStorageOpen
at,h0596,0.4739529710195122,scr2012,stInflow,pumpedStorageOpen
at,h0597,0.4739529710195122,scr2012,stInflow,pumpedStorageOpen
at,h0598,0.4739529710195122,scr2012,stInflow,pumpedStorageOpen
at,h0599,0.4739529710195122,scr2012,stInflow,pumpedStorageOpen
at,h0600,0.4739529710195122,scr2012,stInflow,pumpedStorageOpen
at,h0601,0.45953975695194993,scr2012,stInflow,pumpedStorageOpen
at,h0602,0.44512658809807165,scr2012,stInflow,pumpedStorageOpen
at,h0603,0.4307134659222561,scr2012,stInflow,pumpedStorageOpen
at,h0604,0.4307134659222561,scr2012,stInflow,pumpedStorageOpen
at,h0605,0.4307134659222561,scr2012,stInflow,pumpedStorageOpen
at,h0606,0.4307134659222561,scr2012,stInflow,pumpedStorageOpen
at,h0607,0.4307134659222561,scr2012,stInflow,pumpedStorageOpen
at,h0608,0.4307134659222561,scr2012,stInflow,pumpedStorageOpen
at,h0609,0.4307134659222561,scr2012,stInflow,pumpedStorageOpen
at,h0610,0.4307134659222561,scr2012,stInflow,pumpedStorageOpen
at,h0611,0.4307134659222561,scr2012,stInflow,pumpedStorageOpen
at,h0612,0.4307134659222561,scr2012,stInflow,pumpedStorageOpen
at,h0613,0.4139031973340552,scr2012,stInflow,pumpedStorageOpen
at,h0614,0.3970929970386066,scr2012,stInflow,pumpedStorageOpen
at,h0615,0.3802828679284073,scr2012,stInflow,pumpedStorageOpen
at,h0616,0.3802828679284073,scr2012,stInflow,pumpedStorageOpen
at,h0617,0.3802828679284073,scr2012,stInflow,pumpedStorageOpen
at,h0618,0.3802828679284073,scr2012,stInflow,pumpedStorageOpen
at,h0619,0.3802828679284073,scr2012,stInflow,pumpedStorageOpen
at,h0620,0.3802828679284073,scr2012,stInflow,pumpedStorageOpen
at,h0621,0.3802828679284073,scr2012,stInflow,pumpedStorageOpen
at,h0622,0.3802828679284073,scr2012,stInflow,pumpedStorageOpen
at,h0623,0.3802828679284073,scr2012,stInflow,pumpedStorageOpen
at,h0624,0.3802828679284073,scr2012,stInflow,pumpedStorageOpen
at,h0625,0.3632792129482852,scr2012,stInflow,pumpedStorageOpen
at,h0626,0.346275637586669,scr2012,stInflow,pumpedStorageOpen
at,h0627,0.3292721457559672,scr2012,stInflow,pumpedStorageOpen
at,h0628,0.3292721457559672,scr2012,stInflow,pumpedStorageOpen
at,h0629,0.3292721457559672,scr2012,stInflow,pumpedStorageOpen
at,h0630,0.3292721457559672,scr2012,stInflow,pumpedStorageOpen
at,h0631,0.3292721457559672,scr2012,stInflow,pumpedStorageOpen
at,h0632,0.3292721457559672,scr2012,stInflow,pumpedStorageOpen
at,h0633,0.3292721457559672,scr2012,stInflow,pumpedStorageOpen
at,h0634,0.3292721457559672,scr2012,stInflow,pumpedStorageOpen
at,h0635,0.3292721457559672,scr2012,stInflow,pumpedStorageOpen
at,h0636,0.3292721457559672,scr2012,stInflow,pumpedStorageOpen
at,h0637,0.31443766650460914,scr2012,stInflow,pumpedStorageOpen
at,h0638,0.29960325726829884,scr2012,stInflow,pumpedStorageOpen
at,h0639,0.28476892151633687,scr2012,stInflow,pumpedStorageOpen
at,h0640,0.28476892151633687,scr2012,stInflow,pumpedStorageOpen
at,h0641,0.28476892151633687,scr2012,stInflow,pumpedStorageOpen
at,h0642,0.28476892151633687,scr2012,stInflow,pumpedStorageOpen
at,h0643,0.28476892151633687,scr2012,stInflow,pumpedStorageOpen
at,h0644,0.28476892151633687,scr2012,stInflow,pumpedStorageOpen
at,h0645,0.28476892151633687,scr2012,stInflow,pumpedStorageOpen
at,h0646,0.28476892151633687,scr2012,stInflow,pumpedStorageOpen
at,h0647,0.28476892151633687,scr2012,stInflow,pumpedStorageOpen
at,h0648,0.28476892151633687,scr2012,stInflow,pumpedStorageOpen
at,h0649,0.2759222956457091,scr2012,stInflow,pumpedStorageOpen
at,h0650,0.2670756981459665,scr2012,stInflow,pumpedStorageOpen
at,h0651,0.25822912995717884,scr2012,stInflow,pumpedStorageOpen
at,h0652,0.25822912995717884,scr2012,stInflow,pumpedStorageOpen
at,h0653,0.25822912995717884,scr2012,stInflow,pumpedStorageOpen
at,h0654,0.25822912995717884,scr2012,stInflow,pumpedStorageOpen
at,h0655,0.25822912995717884,scr2012,stInflow,pumpedStorageOpen
at,h0656,0.25822912995717884,scr2012,stInflow,pumpedStorageOpen
at,h0657,0.25822912995717884,scr2012,stInflow,pumpedStorageOpen
at,h0658,0.25822912995717884,scr2012,stInflow,pumpedStorageOpen
at,h0659,0.25822912995717884,scr2012,stInflow,pumpedStorageOpen
at,h0660,0.25822912995717884,scr2012,stInflow,pumpedStorageOpen
at,h0661,0.2548157430480539,scr2012,stInflow,pumpedStorageOpen
at,h0662,0.2514023607118603,scr2012,stInflow,pumpedStorageOpen
at,h0663,0.2479889830106896,scr2012,stInflow,pumpedStorageOpen
at,h0664,0.2479889830106896,scr2012,stInflow,pumpedStorageOpen
at,h0665,0.2479889830106896,scr2012,stInflow,pumpedStorageOpen
at,h0666,0.2479889830106896,scr2012,stInflow,pumpedStorageOpen
at,h0667,0.2479889830106896,scr2012,stInflow,pumpedStorageOpen
at,h0668,0.2479889830106896,scr2012,stInflow,pumpedStorageOpen
at,h0669,0.2479889830106896,scr2012,stInflow,pumpedStorageOpen
at,h0670,0.2479889830106896,scr2012,stInflow,pumpedStorageOpen
at,h0671,0.2479889830106896,scr2012,stInflow,pumpedStorageOpen
at,h0672,0.2479889830106896,scr2012,stInflow,pumpedStorageOpen
ba,h0505,0.0,scr2012,stInflow,pumpedStorageOpen
ba,h0506,0.0,scr2012,stInflow,pumpedStorageOpen
ba,h0507,0.0,scr2012,stInflow,pumpedStorageOpen
ba,h0508,0.0,scr2012,stInflow,pumpedStorageOpen
ba,h0509,0.0,scr2012,stInflow,pumpedStorageOpen
ba,h0510,0.0,scr2012,stInflow,pumpedStorageOpen
ba,h0511,0.0,scr2012,stInflow,pumpedStorageOpen
ba,h0512,0.0,scr2012,stInflow,pumpedStorageOpen
ba,h0513,0.0,scr2012,stInflow,pumpedStorageOpen
ba,h0514,0.0,scr2012,stInflow,pumpedStorageOpen
ba,h0515,0.0,scr2012,stInflow,pumpedStorageOpen
ba,h0516,0.0,scr2012,stInflow,pumpedStorageOpen
ba,h0517,0.0,scr2012,stInflow,pumpedStorageOpen
ba,h0518,0.0,scr2012,stInflow,pumpedStorageOpen
ba,h0519,0.0,scr2012,stInflow,pumpedStorageOpen
ba,h0520,0.0,scr2012,stInflow,pumpedStorageOpen
ba,h0521,0.0,scr2012,stInflow,pumpedStorageOpen
ba,h0522,0.0,scr2012,stInflow,pumpedStorageOpen
ba,h0523,0.0007159045013673922,scr2012,stInflow,pumpedStorageOpen
ba,h0524,0.0013831321999190798,scr2012,stInflow,pumpedStorageOpen
ba,h0525,0.0020331433354595385,scr2012,stInflow,pumpedStorageOpen
ba,h0526,0.0020331433354595385,scr2012,stInflow,pumpedStorageOpen
ba,h0527,0.0020331433354595385,scr2012,stInflow,pumpedStorageOpen
ba,h0528,0.0020331433354595385,scr2012,stInflow,pumpedStorageOpen
ba,h0529,0.0020331433354595385,scr2012,stInflow,pumpedStorageOpen
ba,h0530,0.0020331433354595385,scr2012,stInflow,pumpedStorageOpen
ba,h0531,0.0020331433354595385,scr2012,stInflow,pumpedStorageOpen
ba,h0532,0.0020331433354595385,scr2012,stInflow,pumpedStorageOpen
ba,h0533,0.0020331433354595385,scr2012,stInflow,pumpedStorageOpen
ba,h0534,0.0020331433354595385,scr2012,stInflow,pumpedStorageOpen
ba,h0535,0.0029506634553968032,scr2012,stInflow,pumpedStorageOpen
ba,h0536,0.003853180778250515,scr2012,stInflow,pumpedStorageOpen
ba,h0537,0.004744622245056487,scr2012,stInflow,pumpedStorageOpen
ba,h0538,0.004744622245056487,scr2012,stInflow,pumpedStorageOpen
ba,h0539,0.004744622245056487,scr2012,stInflow,pumpedStorageOpen
ba,h0540,0.004744622245056487,scr2012,stInflow,pumpedStorageOpen
ba,h0541,0.004744622245056487,scr2012,stInflow,pumpedStorageOpen
ba,h0542,0.004744622245056487,scr2012,stInflow,pumpedStorageOpen
ba,h0543,0.004744622245056487,scr2012,stInflow,pumpedStorageOpen
ba,h0544,0.004744622245056487,scr2012,stInflow,pumpedStorageOpen
ba,h0545,0.004744622245056487,scr2012,stInflow,pumpedStorageOpen
ba,h0546,0.004744622245056487,scr2012,stInflow,pumpedStorageOpen
ba,h0547,0.01228817534781716,scr2012,stInflow,pumpedStorageOpen
ba,h0548,0.019578188043054806,scr2012,stInflow,pumpedStorageOpen
ba,h0549,0.026724802440502137,scr2012,stInflow,pumpedStorageOpen
ba,h0550,0.026724802440502137,scr2012,stInflow,pumpedStorageOpen
ba,h0551,0.026724802440502137,scr2012,stInflow,pumpedStorageOpen
ba,h0552,0.026724802440502137,scr2012,stInflow,pumpedStorageOpen
ba,h0553,0.026724802440502137,scr2012,stInflow,pumpedStorageOpen
ba,h0554,0.026724802440502137,scr2012,stInflow,pumpedStorageOpen
ba,h0555,0.026724802440502137,scr2012,stInflow,pumpedStorageOpen
ba,h0556,0.026724802440502137,scr2012,stInflow,pumpedStorageOpen
ba,h0557,0.026724802440502137,scr2012,stInflow,pumpedStorageOpen
ba,h0558,0.026724802440502137,scr2012,stInflow,pumpedStorageOpen
ba,h0559,0.02265020031507228,scr2012,stInflow,pumpedStorageOpen
ba,h0560,0.018536499664526123,scr2012,stInflow,pumpedStorageOpen
ba,h0561,0.014373835587076013,scr2012,stInflow,pumpedStorageOpen
ba,h0562,0.014373835587076013,scr2012,stInflow,pumpedStorageOpen
ba,h0563,0.014373835587076013,scr2012,stInflow,pumpedStorageOpen
ba,h0564,0.014373835587076013,scr2012,stInflow,pumpedStorageOpen
ba,h0565,0.014373835587076013,scr2012,stInflow,pumpedStorageOpen
ba,h0566,0.014373835587076013,scr2012,stInflow,pumpedStorageOpen
ba,h0567,0.014373835587076013,scr2012,stInflow,pumpedStorageOpen
ba,h0568,0.014373835587076013,scr2012,stInflow,pumpedStorageOpen
ba,h0569,0.014373835587076013,scr2012,stInflow,pumpedStorageOpen
ba,h0570,0.014373835587076013,scr2012,stInflow,pumpedStorageOpen
ba,h0571,0.033718940796396306,scr2012,stInflow,pumpedStorageOpen
ba,h0572,0.05246138882026935,scr2012,stInflow,pumpedStorageOpen
ba,h0573,0.07085055784725575,scr2012,stInflow,pumpedStorageOpen
ba,h0574,0.07085055784725575,scr2012,stInflow,pumpedStorageOpen
ba,h0575,0.07085055784725575,scr2012,stInflow,pumpedStorageOpen
ba,h0576,0.07085055784725575,scr2012,stInflow,pumpedStorageOpen
ba,h0577,0.07085055784725575,scr2012,stInflow,pumpedStorageOpen
ba,h0578,0.07085055784725575,scr2012,stInflow,pumpedStorageOpen
ba,h0579,0.07085055784725575,scr2012,stInflow,pumpedStorageOpen
ba,h0580,0.07085055784725575,scr2012,stInflow,pumpedStorageOpen
ba,h0581,0.07085055784725575,scr2012,stInflow,pumpedStorageOpen
ba,h0582,0.07085055784725575,scr2012,stInflow,pumpedStorageOpen
ba,h0583,0.0551984421757902,scr2012,stInflow,pumpedStorageOpen
ba,h0584,0.03930603667675124,scr2012,stInflow,pumpedStorageOpen
ba,h0585,0.023057374044133702,scr2012,stInflow,pumpedStorageOpen
ba,h0586,0.023057374044133702,scr2012,stInflow,pumpedStorageOpen
ba,h0587,0.023057374044133702,scr2012,stInflow,pumpedStorageOpen
ba,h0588,0.023057374044133702,scr2012,stInflow,pumpedStorageOpen
ba,h0589,0.023057374044133702,scr2012,stInflow,pumpedStorageOpen
ba,h0590,0.023057374044133702,scr2012,stInflow,pumpedStorageOpen
ba,h0591,0.023057374044133702,scr2012,stInflow,pumpedStorageOpen
ba,h0592,0.023057374044133702,scr2012,stInflow,pumpedStorageOpen
ba,h0593,0.023057374044133702,scr2012,stInflow,pumpedStorageOpen
ba,h0594,0.023057374044133702,scr2012,stInflow,pumpedStorageOpen
ba,h0595,0.023057374044133702,scr2012,stInflow,pumpedStorageOpen
ba,h0596,0.023057374044133702,scr2012,stInflow,pumpedStorageOpen
ba,h0597,0.023057374044133702,scr2012,stInflow,pumpedStorageOpen
ba,h0598,0.023057374044133702,scr2012,stInflow,pumpedStorageOpen
ba,h0599,0.023057374044133702,scr2012,stInflow,pumpedStorageOpen
ba,h0600,0.023057374044133702,scr2012,stInflow,pumpedStorageOpen
ba,h0601,0.03321954814455075,scr2012,stInflow,pumpedStorageOpen
ba,h0602,0.04321830198273484,scr2012,stInflow,pumpedStorageOpen
ba,h0603,0.053095864988636665,scr2012,stInflow,pumpedStorageOpen
ba,h0604,0.053095864988636665,scr2012,stInflow,pumpedStorageOpen
ba,h0605,0.053095864988636665,scr2012,stInflow,pumpedStorageOpen
ba,h0606,0.053095864988636665,scr2012,stInflow,pumpedStorageOpen
ba,h0607,0.053095864988636665,scr2012,stInflow,pumpedStorageOpen
ba,h0608,0.053095864988636665,scr2012,stInflow,pumpedStorageOpen
ba,h0609,0.053095864988636665,scr2012,stInflow,pumpedStorageOpen
ba,h0610,0.053095864988636665,scr2012,stInflow,pumpedStorageOpen
ba,h0611,0.053095864988636665,scr2012,stInflow,pumpedStorageOpen
ba,h0612,0.053095864988636665,scr2012,stInflow,pumpedStorageOpen
ba,h0613,0.0658209557539088,scr2012,stInflow,pumpedStorageOpen
ba,h0614,0.07841728041893996,scr2012,stInflow,pumpedStorageOpen
ba,h0615,0.09090773830374785,scr2012,stInflow,pumpedStorageOpen
ba,h0616,0.09090773830374785,scr2012,stInflow,pumpedStorageOpen
ba,h0617,0.09090773830374785,scr2012,stInflow,pumpedStorageOpen
ba,h0618,0.09090773830374785,scr2012,stInflow,pumpedStorageOpen
ba,h0619,0.09090773830374785,scr2012,stInflow,pumpedStorageOpen
ba,h0620,0.09090773830374785,scr2012,stInflow,pumpedStorageOpen
ba,h0621,0.09090773830374785,scr2012,stInflow,pumpedStorageOpen
ba,h0622,0.09090773830374785,scr2012,stInflow,pumpedStorageOpen
ba,h0623,0.09090773830374785,scr2012,stInflow,pumpedStorageOpen
ba,h0624,0.09090773830374785,scr2012,stInflow,pumpedStorageOpen
ba,h0625,0.09101281709856393,scr2012,stInflow,pumpedStorageOpen
ba,h0626,0.09111788952201326,scr2012,stInflow,pumpedStorageOpen
ba,h0627,0.09122295558221419,scr2012,stInflow,pumpedStorageOpen
ba,h0628,0.09122295558221419,scr2012,stInflow,pumpedStorageOpen
ba,h0629,0.09122295558221419,scr2012,stInflow,pumpedStorageOpen
ba,h0630,0.09122295558221419,scr2012,stInflow,pumpedStorageOpen
ba,h0631,0.09122295558221419,scr2012,stInflow,pumpedStorageOpen
ba,h0632,0.09122295558221419,scr2012,stInflow,pumpedStorageOpen
ba,h0633,0.09122295558221419,scr2012,stInflow,pumpedStorageOpen
ba,h0634,0.09122295558221419,scr2012,stInflow,pumpedStorageOpen
ba,h0635,0.09122295558221419,scr2012,stInflow,pumpedStorageOpen
ba,h0636,0.09122295558221419,scr2012,stInflow,pumpedStorageOpen
ba,h0637,0.11579171779935692,scr2012,stInflow,pumpedStorageOpen
ba,h0638,0.14008751752861545,scr2012,stInflow,pumpedStorageOpen
ba,h0639,0.16416282709057908,scr2012,stInflow,pumpedStorageOpen
ba,h0640,0.16416282709057908,scr2012,stInflow,pumpedStorageOpen
ba,h0641,0.16416282709057908,scr2012,stInflow,pumpedStorageOpen
ba,h0642,0.16416282709057908,scr2012,stInflow,pumpedStorageOpen
ba,h0643,0.16416282709057908,scr2012,stInflow,pumpedStorageOpen
ba,h0644,0.16416282709057908,scr2012,stInflow,pumpedStorageOpen
ba,h0645,0.16416282709057908,scr2012,stInflow,pumpedStorageOpen
ba,h0646,0.16416282709057908,scr2012,stInflow,pumpedStorageOpen
ba,h0647,0.16416282709057908,scr2012,stInflow,pumpedStorageOpen
ba,h0648,0.16416282709057908,scr2012,stInflow,pumpedStorageOpen
ba,h0649,0.1736035379175857,scr2012,stInflow,pumpedStorageOpen
ba,h0650,0.18301734742750905,scr2012,stInflow,pumpedStorageOpen
ba,h0651,0.19240578205451914,scr2012,stInflow,pumpedStorageOpen
ba,h0652,0.19240578205451914,scr2012,stInflow,pumpedStorageOpen
ba,h0653,0.19240578205451914,scr2012,stInflow,pumpedStorageOpen
ba,h0654,0.19240578205451914,scr2012,stInflow,pumpedStorageOpen
ba,h0655,0.19240578205451914,scr2012,stInflow,pumpedStorageOpen
ba,h0656,0.19240578205451914,scr2012,stInflow,pumpedStorageOpen
ba,h0657,0.19240578205451914,scr2012,stInflow,pumpedStorageOpen
ba,h0658,0.19240578205451914,scr2012,stInflow,pumpedStorageOpen
ba,h0659,0.19240578205451914,scr2012,stInflow,pumpedStorageOpen
ba,h0660,0.19240578205451914,scr2012,stInflow,pumpedStorageOpen
ba,h0661,0.20752518662318706,scr2012,stInflow,pumpedStorageOpen
ba,h0662,0.2225869034229831,scr2012,stInflow,pumpedStorageOpen
ba,h0663,0.23759523809523808,scr2012,stInflow,pumpedStorageOpen
ba,h0664,0.23759523809523808,scr2012,stInflow,pumpedStorageOpen
ba,h0665,0.23759523809523808,scr2012,stInflow,pumpedStorageOpen
ba,h0666,0.23759523809523808,scr2012,stInflow,pumpedStorageOpen
ba,h0667,0.23759523809523808,scr2012,stInflow,pumpedStorageOpen
ba,h0668,0.23759523809523808,scr2012,stInflow,pumpedStorageOpen
ba,h0669,0.23759523809523808,scr2012,stInflow,pumpedStorageOpen
ba,h0670,0.23759523809523808,scr2012,stInflow,pumpedStorageOpen
ba,h0671,0.23759523809523808,scr2012,stInflow,pumpedStorageOpen
ba,h0672,0.23759523809523808,scr2012,stInflow,pumpedStorageOpen
bg,h0505,0.04327209302054935,scr2012,stInflow,pumpedStorageOpen
bg,h0506,0.04313476457869157,scr2012,stInflow,pumpedStorageOpen
bg,h0507,0.04299744488977948,scr2012,stInflow,pumpedStorageOpen
bg,h0508,0.04299744488977948,scr2012,stInflow,pumpedStorageOpen
bg,h0509,0.04299744488977948,scr2012,stInflow,pumpedStorageOpen
bg,h0510,0.04299744488977948,scr2012,stInflow,pumpedStorageOpen
bg,h0511,0.04299744488977948,scr2012,stInflow,pumpedStorageOpen
bg,h0512,0.04299744488977948,scr2012,stInflow,pumpedStorageOpen
bg,h0513,0.04299744488977948,scr2012,stInflow,pumpedStorageOpen
bg,h0514,0.04299744488977948,scr2012,stInflow,pumpedStorageOpen
bg,h0515,0.04299744488977948,scr2012,stInflow,pumpedStorageOpen
bg,h0516,0.04299744488977948,scr2012,stInflow,pumpedStorageOpen
bg,h0517,0.04299744488977948,scr2012,stInflow,pumpedStorageOpen
bg,h0518,0.04299744488977948,scr2012,stInflow,pumpedStorageOpen
bg,h0519,0.04299744488977948,scr2012,stInflow,pumpedStorageOpen
bg,h0520,0.04299744488977948,scr2012,stInflow,pumpedStorageOpen
bg,h0521,0.04299744488977948,scr2012,stInflow,pumpedStorageOpen
bg,h0522,0.04299744488977948,scr2012,stInflow,pumpedStorageOpen
bg,h0523,0.04452642349901392,scr2012,stInflow,pumpedStorageOpen
bg,h0524,0.04605645367862594,scr2012,stInflow,pumpedStorageOpen
bg,h0525,0.047587501330577354,scr2012,stInflow,pumpedStorageOpen
bg,h0526,0.047587501330577354,scr2012,stInflow,pumpedStorageOpen
bg,h0527,0.047587501330577354,scr2012,stInflow,pumpedStorageOpen
bg,h0528,0.047587501330577354,scr2012,stInflow,pumpedStorageOpen
bg,h0529,0.047587501330577354,scr2012,stInflow,pumpedStorageOpen
bg,h0530,0.047587501330577354,scr2012,stInflow,pumpedStorageOpen
bg,h0531,0.047587501330577354,scr2012,stInflow,pumpedStorageOpen
bg,h0532,0.047587501330577354,scr2012,stInflow,pumpedStorageOpen
bg,h0533,0.047587501330577354,scr2012,stInflow,pumpedStorageOpen
bg,h0534,0.047587501330577354,scr2012,stInflow,pumpedStorageOpen
bg,h0535,0.049262186440037256,scr2012,stInflow,pumpedStorageOpen
bg,h0536,0.05093801009510104,scr2012,stInflow,pumpedStorageOpen
bg,h0537,0.05261493578800777,scr2012,stInflow,pumpedStorageOpen
bg,h0538,0.05261493578800777,scr2012,stInflow,pumpedStorageOpen
bg,h0539,0.05261493578800777,scr2012,stInflow,pumpedStorageOpen
bg,h0540,0.05261493578800777,scr2012,stInflow,pumpedStorageOpen
bg,h0541,0.05261493578800777,scr2012,stInflow,pumpedStorageOpen
bg,h0542,0.05261493578800777,scr2012,stInflow,pumpedStorageOpen
bg,h0543,0.05261493578800777,scr2012,stInflow,pumpedStorageOpen
bg,h0544,0.05261493578800777,scr2012,stInflow,pumpedStorageOpen
bg,h0545,0.05261493578800777,scr2012,stInflow,pumpedStorageOpen
bg,h0546,0.05261493578800777,scr2012,stInflow,pumpedStorageOpen
bg,h0547,0.05215653689794263,scr2012,stInflow,pumpedStorageOpen
bg,h0548,0.05169821843230056,scr2012,stInflow,pumpedStorageOpen
bg,h0549,0.051239981085036336,scr2012,stInflow,pumpedStorageOpen
bg,h0550,0.051239981085036336,scr2012,stInflow,pumpedStorageOpen
bg,h0551,0.051239981085036336,scr2012,stInflow,pumpedStorageOpen
bg,h0552,0.051239981085036336,scr2012,stInflow,pumpedStorageOpen
bg,h0553,0.051239981085036336,scr2012,stInflow,pumpedStorageOpen
bg,h0554,0.051239981085036336,scr2012,stInflow,pumpedStorageOpen
bg,h0555,0.051239981085036336,scr2012,stInflow,pumpedStorageOpen
bg,h0556,0.051239981085036336,scr2012,stInflow,pumpedStorageOpen
bg,h0557,0.051239981085036336,scr2012,stInflow,pumpedStorageOpen
bg,h0558,0.051239981085036336,scr2012,stInflow,pumpedStorageOpen
bg,h0559,0.053939265913811235,scr2012,stInflow,pumpedStorageOpen
bg,h0560,0.05664125032793216,scr2012,stInflow,pumpedStorageOpen
bg,h0561,0.05934580889585215,scr2012,stInflow,pumpedStorageOpen
bg,h0562,0.05934580889585215,scr2012,stInflow,pumpedStorageOpen
bg,h0563,0.05934580889585215,scr2012,stInflow,pumpedStorageOpen
bg,h0564,0.05934580889585215,scr2012,stInflow,pumpedStorageOpen
bg,h0565,0.05934580889585215,scr2012,stInflow,pumpedStorageOpen
bg,h0566,0.05934580889585215,scr2012,stInflow,pumpedStorageOpen
bg,h0567,0.05934580889585215,scr2012,stInflow,pumpedStorageOpen
bg,h0568,0.05934580889585215,scr2012,stInflow,pumpedStorageOpen
bg,h0569,0.05934580889585215,scr2012,stInflow,pumpedStorageOpen
bg,h0570,0.05934580889585215,scr2012,stInflow,pumpedStorageOpen
bg,h0571,0.0517771350978738,scr2012,stInflow,pumpedStorageOpen
bg,h0572,0.044230566852465014,scr2012,stInflow,pumpedStorageOpen
bg,h0573,0.03670980490467131,scr2012,stInflow,pumpedStorageOpen
bg,h0574,0.03670980490467131,scr2012,stInflow,pumpedStorageOpen
bg,h0575,0.03670980490467131,scr2012,stInflow,pumpedStorageOpen
bg,h0576,0.03670980490467131,scr2012,stInflow,pumpedStorageOpen
bg,h0577,0.03670980490467131,scr2012,stInflow,pumpedStorageOpen
bg,h0578,0.03670980490467131,scr2012,stInflow,pumpedStorageOpen
bg,h0579,0.03670980490467131,scr2012,stInflow,pumpedStorageOpen
bg,h0580,0.03670980490467131,scr2012,stInflow,pumpedStorageOpen
bg,h0581,0.03670980490467131,scr2012,stInflow,pumpedStorageOpen
bg,h0582,0.03670980490467131,scr2012,stInflow,pumpedStorageOpen
bg,h0583,0.0376570656773868,scr2012,stInflow,pumpedStorageOpen
bg,h0584,0.038604804929996024,scr2012,stInflow,pumpedStorageOpen
bg,h0585,0.0395530111675143,scr2012,stInflow,pumpedStorageOpen
bg,h0586,0.0395530111675143,scr2012,stInflow,pumpedStorageOpen
bg,h0587,0.0395530111675143,scr2012,stInflow,pumpedStorageOpen
bg,h0588,0.0395530111675143,scr2012,stInflow,pumpedStorageOpen
bg,h0589,0.0395530111675143,scr2012,stInflow,pumpedStorageOpen
bg,h0590,0.0395530111675143,scr2012,stInflow,pumpedStorageOpen
bg,h0591,0.0395530111675143,scr2012,stInflow,pumpedStorageOpen
bg,h0592,0.0395530111675143,scr2012,stInflow,pumpedStorageOpen
bg,h0593,0.0395530111675143,scr2012,stInflow,pumpedStorageOpen
bg,h0594,0.0395530111675143,scr2012,stInflow,pumpedStorageOpen
bg,h0595,0.0395530111675143,scr2012,stInflow,pumpedStorageOpen
bg,h0596,0.0395530111675143,scr2012,stInflow,pumpedStorageOpen
bg,h0597,0.0395530111675143,scr2012,stInflow,pumpedStorageOpen
bg,h0598,0.0395530111675143,scr2012,stInflow,pumpedStorageOpen
bg,h0599,0.0395530111675143,scr2012,stInflow,pumpedStorageOpen
bg,h0600,0.0395530111675143,scr2012,stInflow,pumpedStorageOpen
bg,h0601,0.04065887373083403,scr2012,stInflow,pumpedStorageOpen
bg,h0602,0.04176533947991246,scr2012,stInflow,pumpedStorageOpen
bg,h0603,0.042872392797319143,scr2012,stInflow,pumpedStorageOpen
bg,h0604,0.042872392797319143,scr2012,stInflow,pumpedStorageOpen
bg,h0605,0.042872392797319143,scr2012,stInflow,pumpedStorageOpen
bg,h0606,0.042872392797319143,scr2012,stInflow,pumpedStorageOpen
bg,h0607,0.042872392797319143,scr2012,stInflow,pumpedStorageOpen
bg,h0608,0.042872392797319143,scr2012,stInflow,pumpedStorageOpen
bg,h0609,0.042872392797319143,scr2012,stInflow,pumpedStorageOpen
bg,h0610,0.042872392797319143,scr2012,stInflow,pumpedStorageOpen
bg,h0611,0.042872392797319143,scr2012,stInflow,pumpedStorageOpen
bg,h0612,0.042872392797319143,scr2012,stInflow,pumpedStorageOpen
bg,h0613,0.04456453013059275,scr2012,stInflow,pumpedStorageOpen
bg,h0614,0.046257954468464674,scr2012,stInflow,pumpedStorageOpen
bg,h0615,0.04795261981947359,scr2012,stInflow,pumpedStorageOpen
bg,h0616,0.04795261981947359,scr2012,stInflow,pumpedStorageOpen
bg,h0617,0.04795261981947359,scr2012,stInflow,pumpedStorageOpen
bg,h0618,0.04795261981947359,scr2012,stInflow,pumpedStorageOpen
bg,h0619,0.04795261981947359,scr2012,stInflow,pumpedStorageOpen
bg,h0620,0.04795261981947359,scr2012,stInflow,pumpedStorageOpen
bg,h0621,0.04795261981947359,scr2012,stInflow,pumpedStorageOpen
bg,h0622,0.04795261981947359,scr2012,stInflow,pumpedStorageOpen
bg,h0623,0.04795261981947359,scr2012,stInflow,pumpedStorageOpen
bg,h0624,0.04795261981947359,scr2012,stInflow,pumpedStorageOpen
bg,h0625,0.045907970771740185,scr2012,stInflow,pumpedStorageOpen
bg,h0626,0.0438651421447088,scr2012,stInflow,pumpedStorageOpen
bg,h0627,0.04182421664568095,scr2012,stInflow,pumpedStorageOpen
bg,h0628,0.04182421664568095,scr2012,stInflow,pumpedStorageOpen
bg,h0629,0.04182421664568095,scr2012,stInflow,pumpedStorageOpen
bg,h0630,0.04182421664568095,scr2012,stInflow,pumpedStorageOpen
bg,h0631,0.04182421664568095,scr2012,stInflow,pumpedStorageOpen
bg,h0632,0.04182421664568095,scr2012,stInflow,pumpedStorageOpen
bg,h0633,0.04182421664568095,scr2012,stInflow,pumpedStorageOpen
bg,h0634,0.04182421664568095,scr2012,stInflow,pumpedStorageOpen
bg,h0635,0.04182421664568095,scr2012,stInflow,pumpedStorageOpen
bg,h0636,0.04182421664568095,scr2012,stInflow,pumpedStorageOpen
bg,h0637,0.04792443578115413,scr2012,stInflow,pumpedStorageOpen
bg,h0638,0.05404025810922375,scr2012,stInflow,pumpedStorageOpen
bg,h0639,0.060169953890825724,scr2012,stInflow,pumpedStorageOpen
bg,h0640,0.060169953890825724,scr2012,stInflow,pumpedStorageOpen
bg,h0641,0.060169953890825724,scr2012,stInflow,pumpedStorageOpen
bg,h0642,0.060169953890825724,scr2012,stInflow,pumpedStorageOpen
bg,h0643,0.060169953890825724,scr2012,stInflow,pumpedStorageOpen
bg,h0644,0.060169953890825724,scr2012,stInflow,pumpedStorageOpen
bg,h0645,0.060169953890825724,scr2012,stInflow,pumpedStorageOpen
bg,h0646,0.060169953890825724,scr2012,stInflow,pumpedStorageOpen
bg,h0647,0.060169953890825724,scr2012,stInflow,pumpedStorageOpen
bg,h0648,0.060169953890825724,scr2012,stInflow,pumpedStorageOpen
bg,h0649,0.0639999207145476,scr2012,stInflow,pumpedStorageOpen
bg,h0650,0.06783446053843882,scr2012,stInflow,pumpedStorageOpen
bg,h0651,0.07167332196445032,scr2012,stInflow,pumpedStorageOpen
bg,h0652,0.07167332196445032,scr2012,stInflow,pumpedStorageOpen
bg,h0653,0.07167332196445032,scr2012,stInflow,pumpedStorageOpen
bg,h0654,0.07167332196445032,scr2012,stInflow,pumpedStorageOpen
bg,h0655,0.07167332196445032,scr2012,stInflow,pumpedStorageOpen
bg,h0656,0.07167332196445032,scr2012,stInflow,pumpedStorageOpen
bg,h0657,0.07167332196445032,scr2012,stInflow,pumpedStorageOpen
bg,h0658,0.07167332196445032,scr2012,stInflow,pumpedStorageOpen
bg,h0659,0.07167332196445032,scr2012,stInflow,pumpedStorageOpen
bg,h0660,0.07167332196445032,scr2012,stInflow,pumpedStorageOpen
bg,h0661,0.07953171280285304,scr2012,stInflow,pumpedStorageOpen
bg,h0662,0.08740559123124607,scr2012,stInflow,pumpedStorageOpen
bg,h0663,0.09529360024479662,scr2012,stInflow,pumpedStorageOpen
bg,h0664,0.09529360024479662,scr2012,stInflow,pumpedStorageOpen
bg,h0665,0.09529360024479662,scr2012,stInflow,pumpedStorageOpen
bg,h0666,0.09529360024479662,scr2012,stInflow,pumpedStorageOpen
bg,h0667,0.09529360024479662,scr2012,stInflow,pumpedStorageOpen
bg,h0668,0.09529360024479662,scr2012,stInflow,pumpedStorageOpen
bg,h0669,0.09529360024479662,scr2012,stInflow,pumpedStorageOpen
bg,h0670,0.09529360024479662,scr2012,stInflow,pumpedStorageOpen
bg,h0671,0.09529360024479662,scr2012,stInflow,pumpedStorageOpen
bg,h0672,0.09529360024479662,scr2012,stInflow,pumpedStorageOpen
ch,h0505,2.1122988816857626,scr2012,stInflow,pumpedStorageOpen
ch,h0506,2.0148895213443416,scr2012,stInflow,pumpedStorageOpen
ch,h0507,1.9175274321363374,scr2012,stInflow,pumpedStorageOpen
ch,h0508,1.9175274321363374,scr2012,stInflow,pumpedStorageOpen
ch,h0509,1.9175274321363374,scr2012,stInflow,pumpedStorageOpen
ch,h0510,1.9175274321363374,scr2012,stInflow,pumpedStorageOpen
ch,h0511,1.9175274321363374,scr2012,stInflow,pumpedStorageOpen
ch,h0512,1.9175274321363374,scr2012,stInflow,pumpedStorageOpen
ch,h0513,1.9175274321363374,scr2012,stInflow,pumpedStorageOpen
ch,h0514,1.9175274321363374,scr2012,stInflow,pumpedStorageOpen
ch,h0515,1.9175274321363374,scr2012,stInflow,pumpedStorageOpen
ch,h0516,1.9175274321363374,scr2012,stInflow,pumpedStorageOpen
ch,h0517,1.9175274321363374,scr2012,stInflow,pumpedStorageOpen
ch,h0518,1.9175274321363374,scr2012,stInflow,pumpedStorageOpen
ch,h0519,1.9175274321363374,scr2012,stInflow,pumpedStorageOpen
ch,h0520,1.9175274321363374,scr2012,stInflow,pumpedStorageOpen
ch,h0521,1.9175274321363374,scr2012,stInflow,pumpedStorageOpen
ch,h0522,1.9175274321363374,scr2012,stInflow,pumpedStorageOpen
ch,h0523,1.8202149768871578,scr2012,stInflow,pumpedStorageOpen
ch,h0524,1.7229547685808677,scr2012,stInflow,pumpedStorageOpen
ch,h0525,1.6257497124133486,scr2012,stInflow,pumpedStorageOpen
ch,h0526,1.6257497124133486,scr2012,stInflow,pumpedStorageOpen
ch,h0527,1.6257497124133486,scr2012,stInflow,pumpedStorageOpen
ch,h0528,1.6257497124133486,scr2012,stInflow,pumpedStorageOpen
ch,h0529,1.6257497124133486,scr2012,stInflow,pumpedStorageOpen
ch,h0530,1.6257497124133486,scr2012,stInflow,pumpedStorageOpen
ch,h0531,1.6257497124133486,scr2012,stInflow,pumpedStorageOpen
ch,h0532,1.6257497124133486,scr2012,stInflow,pumpedStorageOpen
ch,h0533,1.6257497124133486,scr2012,stInflow,pumpedStorageOpen
ch,h0534,1.6257497124133486,scr2012,stInflow,pumpedStorageOpen
ch,h0535,1.56085525859767,scr2012,stInflow,pumpedStorageOpen
ch,h0536,1.4959879185111689,scr2012,stInflow,pumpedStorageOpen
ch,h0537,1.4311488507292711,scr2012,stInflow,pumpedStorageOpen
ch,h0538,1.4311488507292711,scr2012,stInflow,pumpedStorageOpen
ch,h0539,1.4311488507292711,scr2012,stInflow,pumpedStorageOpen
ch,h0540,1.4311488507292711,scr2012,stInflow,pumpedStorageOpen
ch,h0541,1.4311488507292711,scr2012,stInflow,pumpedStorageOpen
ch,h0542,1.4311488507292711,scr2012,stInflow,pumpedStorageOpen
ch,h0543,1.4311488507292711,scr2012,stInflow,pumpedStorageOpen
ch,h0544,1.4311488507292711,scr2012,stInflow,pumpedStorageOpen
ch,h0545,1.4311488507292711,scr2012,stInflow,pumpedStorageOpen
ch,h0546,1.4311488507292711,scr2012,stInflow,pumpedStorageOpen
ch,h0547,1.4092999077900334,scr2012,stInflow,pumpedStorageOpen
ch,h0548,1.3874543708297133,scr2012,stInflow,pumpedStorageOpen
ch,h0549,1.3656122927045982,scr2012,stInflow,pumpedStorageOpen
ch,h0550,1.3656122927045982,scr2012,stInflow,pumpedStorageOpen
ch,h0551,1.3656122927045982,scr2012,stInflow,pumpedStorageOpen
ch,h0552,1.3656122927045982,scr2012,stInflow,pumpedStorageOpen
ch,h0553,1.3656122927045982,scr2012,stInflow,pumpedStorageOpen
ch,h0554,1.3656122927045982,scr2012,stInflow,pumpedStorageOpen
ch,h0555,1.3656122927045982,scr2012,stInflow,pumpedStorageOpen
ch,h0556,1.3656122927045982,scr2012,stInflow,pumpedStorageOpen
ch,h0557,1.3656122927045982,scr2012,stInflow,pumpedStorageOpen
ch,h0558,1.3656122927045982,scr2012,stInflow,pumpedStorageOpen
ch,h0559,1.3437717526599644,scr2012,stInflow,pumpedStorageOpen
ch,h0560,1.3219347829208765,scr2012,stInflow,pumpedStorageOpen
ch,h0561,1.3001014416338534,scr2012,stInflow,pumpedStorageOpen
ch,h0562,1.3001014416338534,scr2012,stInflow,pumpedStorageOpen
ch,h0563,1.3001014416338534,scr2012,stInflow,pumpedStorageOpen
ch,h0564,1.3001014416338534,scr2012,stInflow,pumpedStorageOpen
ch,h0565,1.3001014416338534,scr2012,stInflow,pumpedStorageOpen
ch,h0566,1.3001014416338534,scr2012,stInflow,pumpedStorageOpen
ch,h0567,1.3001014416338534,scr2012,stInflow,pumpedStorageOpen
ch,h0568,1.3001014416338534,scr2012,stInflow,pumpedStorageOpen
ch,h0569,1.3001014416338534,scr2012,stInflow,pumpedStorageOpen
ch,h0570,1.3001014416338534,scr2012,stInflow,pumpedStorageOpen
ch,h0571,1.2782717888809776,scr2012,stInflow,pumpedStorageOpen
ch,h0572,1.256445886778352,scr2012,stInflow,pumpedStorageOpen
ch,h0573,1.234623799581363,scr2012,stInflow,pumpedStorageOpen
ch,h0574,1.234623799581363,scr2012,stInflow,pumpedStorageOpen
ch,h0575,1.234623799581363,scr2012,stInflow,pumpedStorageOpen
ch,h0576,1.234623799581363,scr2012,stInflow,pumpedStorageOpen
ch,h0577,1.234623799581363,scr2012,stInflow,pumpedStorageOpen
ch,h0578,1.234623799581363,scr2012,stInflow,pumpedStorageOpen
ch,h0579,1.234623799581363,scr2012,stInflow,pumpedStorageOpen
ch,h0580,1.234623799581363,scr2012,stInflow,pumpedStorageOpen
ch,h0581,1.234623799581363,scr2012,stInflow,pumpedStorageOpen
ch,h0582,1.234623799581363,scr2012,stInflow,pumpedStorageOpen
ch,h0583,1.211526935151644,scr2012,stInflow,pumpedStorageOpen
ch,h0584,1.188434502281928,scr2012,stInflow,pumpedStorageOpen
ch,h0585,1.165346585926852,scr2012,stInflow,pumpedStorageOpen
ch,h0586,1.165346585926852,scr2012,stInflow,pumpedStorageOpen
ch,h0587,1.165346585926852,scr2012,stInflow,pumpedStorageOpen
ch,h0588,1.165346585926852,scr2012,stInflow,pumpedStorageOpen
ch,h0589,1.165346585926852,scr2012,stInflow,pumpedStorageOpen
ch,h0590,1.165346585926852,scr2012,stInflow,pumpedStorageOpen
ch,h0591,1.165346585926852,scr2012,stInflow,pumpedStorageOpen
ch,h0592,1.165346585926852,scr2012,stInflow,pumpedStorageOpen
ch,h0593,1.165346585926852,scr2012,stInflow,pumpedStorageOpen
ch,h0594,1.165346585926852,scr2012,stInflow,pumpedStorageOpen
ch,h0595,1.165346585926852,scr2012,stInflow,pumpedStorageOpen
ch,h0596,1.165346585926852,scr2012,stInflow,pumpedStorageOpen
ch,h0597,1.165346585926852,scr2012,stInflow,pumpedStorageOpen
ch,h0598,1.165346585926852,scr2012,stInflow,pumpedStorageOpen
ch,h0599,1.165346585926852,scr2012,stInflow,pumpedStorageOpen
ch,h0600,1.165346585926852,scr2012,stInflow,pumpedStorageOpen
ch,h0601,1.1376566381616733,scr2012,stInflow,pumpedStorageOpen
ch,h0602,1.1099734761504545,scr2012,stInflow,pumpedStorageOpen
ch,h0603,1.0822972669470492,scr2012,stInflow,pumpedStorageOpen
ch,h0604,1.0822972669470492,scr2012,stInflow,pumpedStorageOpen
ch,h0605,1.0822972669470492,scr2012,stInflow,pumpedStorageOpen
ch,h0606,1.0822972669470492,scr2012,stInflow,pumpedStorageOpen
ch,h0607,1.0822972669470492,scr2012,stInflow,pumpedStorageOpen
ch,h0608,1.0822972669470492,scr2012,stInflow,pumpedStorageOpen
ch,h0609,1.0822972669470492,scr2012,stInflow,pumpedStorageOpen
ch,h0610,1.0822972669470492,scr2012,stInflow,pumpedStorageOpen
ch,h0611,1.0822972669470492,scr2012,stInflow,pumpedStorageOpen
ch,h0612,1.0822972669470492,scr2012,stInflow,pumpedStorageOpen
ch,h0613,1.054245914812921,scr2012,stInflow,pumpedStorageOpen
ch,h0614,1.0262020819040891,scr2012,stInflow,pumpedStorageOpen
ch,h0615,0.9981659711748443,scr2012,stInflow,pumpedStorageOpen
ch,h0616,0.9981659711748443,scr2012,stInflow,pumpedStorageOpen
ch,h0617,0.9981659711748443,scr2012,stInflow,pumpedStorageOpen
ch,h0618,0.9981659711748443,scr2012,stInflow,pumpedStorageOpen
ch,h0619,0.9981659711748443,scr2012,stInflow,pumpedStorageOpen
ch,h0620,0.9981659711748443,scr2012,stInflow,pumpedStorageOpen
ch,h0621,0.9981659711748443,scr2012,stInflow,pumpedStorageOpen
ch,h0622,0.9981659711748443,scr2012,stInflow,pumpedStorageOpen
ch,h0623,0.9981659711748443,scr2012,stInflow,pumpedStorageOpen
ch,h0624,0.9981659711748443,scr2012,stInflow,pumpedStorageOpen
ch,h0625,0.9701377969015708,scr2012,stInflow,pumpedStorageOpen
ch,h0626,0.9421177856592868,scr2012,stInflow,pumpedStorageOpen
ch,h0627,0.9141061774139392,scr2012,stInflow,pumpedStorageOpen
ch,h0628,0.9141061774139392,scr2012,stInflow,pumpedStorageOpen
ch,h0629,0.9141061774139392,scr2012,stInflow,pumpedStorageOpen
ch,h0630,0.9141061774139392,scr2012,stInflow,pumpedStorageOpen
ch,h0631,0.9141061774139392,scr2012,stInflow,pumpedStorageOpen
ch,h0632,0.9141061774139392,scr2012,stInflow,pumpedStorageOpen
ch,h0633,0.9141061774139392,scr2012,stInflow,pumpedStorageOpen
ch,h0634,0.9141061774139392,scr2012,stInflow,pumpedStorageOpen
ch,h0635,0.9141061774139392,scr2012,stInflow,pumpedStorageOpen
ch,h0636,0.9141061774139392,scr2012,stInflow,pumpedStorageOpen
ch,h0637,0.8861012597302422,scr2012,stInflow,pumpedStorageOpen
ch,h0638,0.8581052714799304,scr2012,stInflow,pumpedStorageOpen
ch,h0639,0.8301185008619199,scr2012,stInflow,pumpedStorageOpen
ch,h0640,0.8301185008619199,scr2012,stInflow,pumpedStorageOpen
ch,h0641,0.8301185008619199,scr2012,stInflow,pumpedStorageOpen
ch,h0642,0.8301185008619199,scr2012,stInflow,pumpedStorageOpen
ch,h0643,0.8301185008619199,scr2012,stInflow,pumpedStorageOpen
ch,h0644,0.8301185008619199,scr2012,stInflow,pumpedStorageOpen
ch,h0645,0.8301185008619199,scr2012,stInflow,pumpedStorageOpen
ch,h0646,0.8301185008619199,scr2012,stInflow,pumpedStorageOpen
ch,h0647,0.8301185008619199,scr2012,stInflow,pumpedStorageOpen
ch,h0648,0.8301185008619199,scr2012,stInflow,pumpedStorageOpen
ch,h0649,0.8021432204494205,scr2012,stInflow,pumpedStorageOpen
ch,h0650,0.7741777926716211,scr2012,stInflow,pumpedStorageOpen
ch,h0651,0.7462225699883427,scr2012,stInflow,pumpedStorageOpen
ch,h0652,0.7462225699883427,scr2012,stInflow,pumpedStorageOpen
ch,h0653,0.7462225699883427,scr2012,stInflow,pumpedStorageOpen
ch,h0654,0.7462225699883427,scr2012,stInflow,pumpedStorageOpen
ch,h0655,0.7462225699883427,scr2012,stInflow,pumpedStorageOpen
ch,h0656,0.7462225699883427,scr2012,stInflow,pumpedStorageOpen
ch,h0657,0.7462225699883427,scr2012,stInflow,pumpedStorageOpen
ch,h0658,0.7462225699883427,scr2012,stInflow,pumpedStorageOpen
ch,h0659,0.7462225699883427,scr2012,stInflow,pumpedStorageOpen
ch,h0660,0.7462225699883427,scr2012,stInflow,pumpedStorageOpen
ch,h0661,0.7182779311617384,scr2012,stInflow,pumpedStorageOpen
ch,h0662,0.6903442843211849,scr2012,stInflow,pumpedStorageOpen
ch,h0663,0.6624220705242212,scr2012,stInflow,pumpedStorageOpen
ch,h0664,0.6624220705242212,scr2012,stInflow,pumpedStorageOpen
ch,h0665,0.6624220705242212,scr2012,stInflow,pumpedStorageOpen
ch,h0666,0.6624220705242212,scr2012,stInflow,pumpedStorageOpen
ch,h0667,0.6624220705242212,scr2012,stInflow,pumpedStorageOpen
ch,h0668,0.6624220705242212,scr2012,stInflow,pumpedStorageOpen
ch,h0669,0.6624220705242212,scr2012,stInflow,pumpedStorageOpen
ch,h0670,0.6624220705242212,scr2012,stInflow,pumpedStorageOpen
ch,h0671,0.6624220705242212,scr2012,stInflow,pumpedStorageOpen
ch,h0672,0.6624220705242212,scr2012,stInflow,pumpedStorageOpen
cz,h0505,0.003569973307871764,scr2012,stInflow,pumpedStorageOpen
cz,h0506,0.0034507413521795713,scr2012,stInflow,pumpedStorageOpen
cz,h0507,0.0033314681803829167,scr2012,stInflow,pumpedStorageOpen
cz,h0508,0.0033314681803829167,scr2012,stInflow,pumpedStorageOpen
cz,h0509,0.0033314681803829167,scr2012,stInflow,pumpedStorageOpen
cz,h0510,0.0033314681803829167,scr2012,stInflow,pumpedStorageOpen
cz,h0511,0.0033314681803829167,scr2012,stInflow,pumpedStorageOpen
cz,h0512,0.0033314681803829167,scr2012,stInflow,pumpedStorageOpen
cz,h0513,0.0033314681803829167,scr2012,stInflow,pumpedStorageOpen
cz,h0514,0.0033314681803829167,scr2012,stInflow,pumpedStorageOpen
cz,h0515,0.0033314681803829167,scr2012,stInflow,pumpedStorageOpen
cz,h0516,0.0033314681803829167,scr2012,stInflow,pumpedStorageOpen
cz,h0517,0.0033314681803829167,scr2012,stInflow,pumpedStorageOpen
cz,h0518,0.0033314681803829167,scr2012,stInflow,pumpedStorageOpen
cz,h0519,0.0033314681803829167,scr2012,stInflow,pumpedStorageOpen
cz,h0520,0.0033314681803829167,scr2012,stInflow,pumpedStorageOpen
cz,h0521,0.0033314681803829167,scr2012,stInflow,pumpedStorageOpen
cz,h0522,0.0033314681803829167,scr2012,stInflow,pumpedStorageOpen
cz,h0523,0.0033632784727106613,scr2012,stInflow,pumpedStorageOpen
cz,h0524,0.0033950857569255317,scr2012,stInflow,pumpedStorageOpen
cz,h0525,0.0034268900617711543,scr2012,stInflow,pumpedStorageOpen
cz,h0526,0.0034268900617711543,scr2012,stInflow,pumpedStorageOpen
cz,h0527,0.0034268900617711543,scr2012,stInflow,pumpedStorageOpen
cz,h0528,0.0034268900617711543,scr2012,stInflow,pumpedStorageOpen
cz,h0529,0.0034268900617711543,scr2012,stInflow,pumpedStorageOpen
cz,h0530,0.0034268900617711543,scr2012,stInflow,pumpedStorageOpen
cz,h0531,0.0034268900617711543,scr2012,stInflow,pumpedStorageOpen
cz,h0532,0.0034268900617711543,scr2012,stInflow,pumpedStorageOpen
cz,h0533,0.0034268900617711543,scr2012,stInflow,pumpedStorageOpen
cz,h0534,0.0034268900617711543,scr2012,stInflow,pumpedStorageOpen
cz,h0535,0.003446766251892035,scr2012,stInflow,pumpedStorageOpen
cz,h0536,0.0034666412960040207,scr2012,stInflow,pumpedStorageOpen
cz,h0537,0.0034865152008085247,scr2012,stInflow,pumpedStorageOpen
cz,h0538,0.0034865152008085247,scr2012,stInflow,pumpedStorageOpen
cz,h0539,0.0034865152008085247,scr2012,stInflow,pumpedStorageOpen
cz,h0540,0.0034865152008085247,scr2012,stInflow,pumpedStorageOpen
cz,h0541,0.0034865152008085247,scr2012,stInflow,pumpedStorageOpen
cz,h0542,0.0034865152008085247,scr2012,stInflow,pumpedStorageOpen
cz,h0543,0.0034865152008085247,scr2012,stInflow,pumpedStorageOpen
cz,h0544,0.0034865152008085247,scr2012,stInflow,pumpedStorageOpen
cz,h0545,0.0034865152008085247,scr2012,stInflow,pumpedStorageOpen
cz,h0546,0.0034865152008085247,scr2012,stInflow,pumpedStorageOpen
cz,h0547,0.003375206555248625,scr2012,stInflow,pumpedStorageOpen
cz,h0548,0.0032638611868037004,scr2012,stInflow,pumpedStorageOpen
cz,h0549,0.003152477816701828,scr2012,stInflow,pumpedStorageOpen
cz,h0550,0.003152477816701828,scr2012,stInflow,pumpedStorageOpen
cz,h0551,0.003152477816701828,scr2012,stInflow,pumpedStorageOpen
cz,h0552,0.003152477816701828,scr2012,stInflow,pumpedStorageOpen
cz,h0553,0.003152477816701828,scr2012,stInflow,pumpedStorageOpen
cz,h0554,0.003152477816701828,scr2012,stInflow,pumpedStorageOpen
cz,h0555,0.003152477816701828,scr2012,stInflow,pumpedStorageOpen
cz,h0556,0.003152477816701828,scr2012,stInflow,pumpedStorageOpen
cz,h0557,0.003152477816701828,scr2012,stInflow,pumpedStorageOpen
cz,h0558,0.003152477816701828,scr2012,stInflow,pumpedStorageOpen
cz,h0559,0.0031087093711908717,scr2012,stInflow,pumpedStorageOpen
cz,h0560,0.003064934762938161,scr2012,stInflow,pumpedStorageOpen
cz,h0561,0.00302115390214581,scr2012,stInflow,pumpedStorageOpen
cz,h0562,0.00302115390214581,scr2012,stInflow,pumpedStorageOpen
cz,h0563,0.00302115390214581,scr2012,stInflow,pumpedStorageOpen
cz,h0564,0.00302115390214581,scr2012,stInflow,pumpedStorageOpen
cz,h0565,0.00302115390214581,scr2012,stInflow,pumpedStorageOpen
cz,h0566,0.00302115390214581,scr2012,stInflow,pumpedStorageOpen
cz,h0567,0.00302115390214581,scr2012,stInflow,pumpedStorageOpen
cz,h0568,0.00302115390214581,scr2012,stInflow,pumpedStorageOpen
cz,h0569,0.00302115390214581,scr2012,stInflow,pumpedStorageOpen
cz,h0570,0.00302115390214581,scr2012,stInflow,pumpedStorageOpen
cz,h0571,0.0035262596189143715,scr2012,stInflow,pumpedStorageOpen
cz,h0572,0.004030640402460007,scr2012,stInflow,pumpedStorageOpen
cz,h0573,0.004534389197016002,scr2012,stInflow,pumpedStorageOpen
cz,h0574,0.004534389197016002,scr2012,stInflow,pumpedStorageOpen
cz,h0575,0.004534389197016002,scr2012,stInflow,pumpedStorageOpen
cz,h0576,0.004534389197016002,scr2012,stInflow,pumpedStorageOpen
cz,h0577,0.004534389197016002,scr2012,stInflow,pumpedStorageOpen
cz,h0578,0.004534389197016002,scr2012,stInflow,pumpedStorageOpen
cz,h0579,0.004534389197016002,scr2012,stInflow,pumpedStorageOpen
cz,h0580,0.004534389197016002,scr2012,stInflow,pumpedStorageOpen
cz,h0581,0.004534389197016002,scr2012,stInflow,pumpedStorageOpen
cz,h0582,0.004534389197016002,scr2012,stInflow,pumpedStorageOpen
cz,h0583,0.0049900547917991435,scr2012,stInflow,pumpedStorageOpen
cz,h0584,0.005445304130970639,scr2012,stInflow,pumpedStorageOpen
cz,h0585,0.005900172769528174,scr2012,stInflow,pumpedStorageOpen
cz,h0586,0.005900172769528174,scr2012,stInflow,pumpedStorageOpen
cz,h0587,0.005900172769528174,scr2012,stInflow,pumpedStorageOpen
cz,h0588,0.005900172769528174,scr2012,stInflow,pumpedStorageOpen
cz,h0589,0.005900172769528174,scr2012,stInflow,pumpedStorageOpen
cz,h0590,0.005900172769528174,scr2012,stInflow,pumpedStorageOpen
cz,h0591,0.005900172769528174,scr2012,stInflow,pumpedStorageOpen
cz,h0592,0.005900172769528174,scr2012,stInflow,pumpedStorageOpen
cz,h0593,0.005900172769528174,scr2012,stInflow,pumpedStorageOpen
cz,h0594,0.005900172769528174,scr2012,stInflow,pumpedStorageOpen
cz,h0595,0.005900172769528174,scr2012,stInflow,pumpedStorageOpen
cz,h0596,0.005900172769528174,scr2012,stInflow,pumpedStorageOpen
cz,h0597,0.005900172769528174,scr2012,stInflow,pumpedStorageOpen
cz,h0598,0.005900172769528174,scr2012,stInflow,pumpedStorageOpen
cz,h0599,0.005900172769528174,scr2012,stInflow,pumpedStorageOpen
cz,h0600,0.005900172769528174,scr2012,stInflow,pumpedStorageOpen
cz,h0601,0.005674761730623734,scr2012,stInflow,pumpedStorageOpen
cz,h0602,0.00544926110420941,scr2012,stInflow,pumpedStorageOpen
cz,h0603,0.005223667105130929,scr2012,stInflow,pumpedStorageOpen
cz,h0604,0.005223667105130929,scr2012,stInflow,pumpedStorageOpen
cz,h0605,0.005223667105130929,scr2012,stInflow,pumpedStorageOpen
cz,h0606,0.005223667105130929,scr2012,stInflow,pumpedStorageOpen
cz,h0607,0.005223667105130929,scr2012,stInflow,pumpedStorageOpen
cz,h0608,0.005223667105130929,scr2012,stInflow,pumpedStorageOpen
cz,h0609,0.005223667105130929,scr2012,stInflow,pumpedStorageOpen
cz,h0610,0.005223667105130929,scr2012,stInflow,pumpedStorageOpen
cz,h0611,0.005223667105130929,scr2012,stInflow,pumpedStorageOpen
cz,h0612,0.005223667105130929,scr2012,stInflow,pumpedStorageOpen
cz,h0613,0.005001935980939812,scr2012,stInflow,pumpedStorageOpen
cz,h0614,0.004780106499026896,scr2012,stInflow,pumpedStorageOpen
cz,h0615,0.00455817399815796,scr2012,stInflow,pumpedStorageOpen
cz,h0616,0.00455817399815796,scr2012,stInflow,pumpedStorageOpen
cz,h0617,0.00455817399815796,scr2012,stInflow,pumpedStorageOpen
cz,h0618,0.00455817399815796,scr2012,stInflow,pumpedStorageOpen
cz,h0619,0.00455817399815796,scr2012,stInflow,pumpedStorageOpen
cz,h0620,0.00455817399815796,scr2012,stInflow,pumpedStorageOpen
cz,h0621,0.00455817399815796,scr2012,stInflow,pumpedStorageOpen
cz,h0622,0.00455817399815796,scr2012,stInflow,pumpedStorageOpen
cz,h0623,0.00455817399815796,scr2012,stInflow,pumpedStorageOpen
cz,h0624,0.00455817399815796,scr2012,stInflow,pumpedStorageOpen
cz,h0625,0.004845477459226802,scr2012,stInflow,pumpedStorageOpen
cz,h0626,0.005132610585977811,scr2012,stInflow,pumpedStorageOpen
cz,h0627,0.00541958310314151,scr2012,stInflow,pumpedStorageOpen
cz,h0628,0.00541958310314151,scr2012,stInflow,pumpedStorageOpen
cz,h0629,0.00541958310314151,scr2012,stInflow,pumpedStorageOpen
cz,h0630,0.00541958310314151,scr2012,stInflow,pumpedStorageOpen
cz,h0631,0.00541958310314151,scr2012,stInflow,pumpedStorageOpen
cz,h0632,0.00541958310314151,scr2012,stInflow,pumpedStorageOpen
cz,h0633,0.00541958310314151,scr2012,stInflow,pumpedStorageOpen
cz,h0634,0.00541958310314151,scr2012,stInflow,pumpedStorageOpen
cz,h0635,0.00541958310314151,scr2012,stInflow,pumpedStorageOpen
cz,h0636,0.00541958310314151,scr2012,stInflow,pumpedStorageOpen
cz,h0637,0.0047999168193260285,scr2012,stInflow,pumpedStorageOpen
cz,h0638,0.004179447317444581,scr2012,stInflow,pumpedStorageOpen
cz,h0639,0.0035580519262559543,scr2012,stInflow,pumpedStorageOpen
cz,h0640,0.0035580519262559543,scr2012,stInflow,pumpedStorageOpen
cz,h0641,0.0035580519262559543,scr2012,stInflow,pumpedStorageOpen
cz,h0642,0.0035580519262559543,scr2012,stInflow,pumpedStorageOpen
cz,h0643,0.0035580519262559543,scr2012,stInflow,pumpedStorageOpen
cz,h0644,0.0035580519262559543,scr2012,stInflow,pumpedStorageOpen
cz,h0645,0.0035580519262559543,scr2012,stInflow,pumpedStorageOpen
cz,h0646,0.0035580519262559543,scr2012,stInflow,pumpedStorageOpen
cz,h0647,0.0035580519262559543,scr2012,stInflow,pumpedStorageOpen
cz,h0648,0.0035580519262559543,scr2012,stInflow,pumpedStorageOpen
cz,h0649,0.0036752617097082453,scr2012,stInflow,pumpedStorageOpen
cz,h0650,0.003792434122409429,scr2012,stInflow,pumpedStorageOpen
cz,h0651,0.003909570342092516,scr2012,stInflow,pumpedStorageOpen
cz,h0652,0.003909570342092516,scr2012,stInflow,pumpedStorageOpen
cz,h0653,0.003909570342092516,scr2012,stInflow,pumpedStorageOpen
cz,h0654,0.003909570342092516,scr2012,stInflow,pumpedStorageOpen
cz,h0655,0.003909570342092516,scr2012,stInflow,pumpedStorageOpen
cz,h0656,0.003909570342092516,scr2012,stInflow,pumpedStorageOpen
cz,h0657,0.003909570342092516,scr2012,stInflow,pumpedStorageOpen
cz,h0658,0.003909570342092516,scr2012,stInflow,pumpedStorageOpen
cz,h0659,0.003909570342092516,scr2012,stInflow,pumpedStorageOpen
cz,h0660,0.003909570342092516,scr2012,stInflow,pumpedStorageOpen
cz,h0661,0.003707040921633053,scr2012,stInflow,pumpedStorageOpen
cz,h0662,0.0035044007465008936,scr2012,stInflow,pumpedStorageOpen
cz,h0663,0.003301643273299338,scr2012,stInflow,pumpedStorageOpen
cz,h0664,0.003301643273299338,scr2012,stInflow,pumpedStorageOpen
cz,h0665,0.003301643273299338,scr2012,stInflow,pumpedStorageOpen
cz,h0666,0.003301643273299338,scr2012,stInflow,pumpedStorageOpen
cz,h0667,0.003301643273299338,scr2012,stInflow,pumpedStorageOpen
cz,h0668,0.003301643273299338,scr2012,stInflow,pumpedStorageOpen
cz,h0669,0.003301643273299338,scr2012,stInflow,pumpedStorageOpen
cz,h0670,0.003301643273299338,scr2012,stInflow,pumpedStorageOpen
cz,h0671,0.003301643273299338,scr2012,stInflow,pumpedStorageOpen
cz,h0672,0.003301643273299338,scr2012,stInflow,pumpedStorageOpen
de,h0505,0.057606890927007465,scr2012,stInflow,pumpedStorageOpen
de,h0506,0.058469065906223534,scr2012,stInflow,pumpedStorageOpen
de,h0507,0.059330862086001995,scr2012,stInflow,pumpedStorageOpen
de,h0508,0.059330862086001995,scr2012,stInflow,pumpedStorageOpen
de,h0509,0.059330862086001995,scr2012,stInflow,pumpedStorageOpen
de,h0510,0.059330862086001995,scr2012,stInflow,pumpedStorageOpen
de,h0511,0.059330862086001995,scr2012,stInflow,pumpedStorageOpen
de,h0512,0.059330862086001995,scr2012,stInflow,pumpedStorageOpen
de,h0513,0.059330862086001995,scr2012,stInflow,pumpedStorageOpen
de,h0514,0.059330862086001995,scr2012,stInflow,pumpedStorageOpen
de,h0515,0.059330862086001995,scr2012,stInflow,pumpedStorageOpen
de,h0516,0.059330862086001995,scr2012,stInflow,pumpedStorageOpen
de,h0517,0.059330862086001995,scr2012,stInflow,pumpedStorageOpen
de,h0518,0.059330862086001995,scr2012,stInflow,pumpedStorageOpen
de,h0519,0.059330862086001995,scr2012,stInflow,pumpedStorageOpen
de,h0520,0.059330862086001995,scr2012,stInflow,pumpedStorageOpen
de,h0521,0.059330862086001995,scr2012,stInflow,pumpedStorageOpen
de,h0522,0.059330862086001995,scr2012,stInflow,pumpedStorageOpen
de,h0523,0.05554698120871394,scr2012,stInflow,pumpedStorageOpen
de,h0524,0.05175540913466539,scr2012,stInflow,pumpedStorageOpen
de,h0525,0.047955567595805146,scr2012,stInflow,pumpedStorageOpen
de,h0526,0.047955567595805146,scr2012,stInflow,pumpedStorageOpen
de,h0527,0.047955567595805146,scr2012,stInflow,pumpedStorageOpen
de,h0528,0.047955567595805146,scr2012,stInflow,pumpedStorageOpen
de,h0529,0.047955567595805146,scr2012,stInflow,pumpedStorageOpen
de,h0530,0.047955567595805146,scr2012,stInflow,pumpedStorageOpen
de,h0531,0.047955567595805146,scr2012,stInflow,pumpedStorageOpen
de,h0532,0.047955567595805146,scr2012,stInflow,pumpedStorageOpen
de,h0533,0.047955567595805146,scr2012,stInflow,pumpedStorageOpen
de,h0534,0.047955567595805146,scr2012,stInflow,pumpedStorageOpen
de,h0535,0.04374297433575509,scr2012,stInflow,pumpedStorageOpen
de,h0536,0.039518369270357234,scr2012,stInflow,pumpedStorageOpen
de,h0537,0.035280445891487704,scr2012,stInflow,pumpedStorageOpen
de,h0538,0.035280445891487704,scr2012,stInflow,pumpedStorageOpen
de,h0539,0.035280445891487704,scr2012,stInflow,pumpedStorageOpen
de,h0540,0.035280445891487704,scr2012,stInflow,pumpedStorageOpen
de,h0541,0.035280445891487704,scr2012,stInflow,pumpedStorageOpen
de,h0542,0.035280445891487704,scr2012,stInflow,pumpedStorageOpen
de,h0543,0.035280445891487704,scr2012,stInflow,pumpedStorageOpen
de,h0544,0.035280445891487704,scr2012,stInflow,pumpedStorageOpen
de,h0545,0.035280445891487704,scr2012,stInflow,pumpedStorageOpen
de,h0546,0.035280445891487704,scr2012,stInflow,pumpedStorageOpen
de,h0547,0.038763922851424826,scr2012,stInflow,pumpedStorageOpen
de,h0548,0.042238235043024853,scr2012,stInflow,pumpedStorageOpen
de,h0549,0.04570414664665082,scr2012,stInflow,pumpedStorageOpen
de,h0550,0.04570414664665082,scr2012,stInflow,pumpedStorageOpen
de,h0551,0.04570414664665082,scr2012,stInflow,pumpedStorageOpen
de,h0552,0.04570414664665082,scr2012,stInflow,pumpedStorageOpen
de,h0553,0.04570414664665082,scr2012,stInflow,pumpedStorageOpen
de,h0554,0.04570414664665082,scr2012,stInflow,pumpedStorageOpen
de,h0555,0.04570414664665082,scr2012,stInflow,pumpedStorageOpen
de,h0556,0.04570414664665082,scr2012,stInflow,pumpedStorageOpen
de,h0557,0.04570414664665082,scr2012,stInflow,pumpedStorageOpen
de,h0558,0.04570414664665082,scr2012,stInflow,pumpedStorageOpen
de,h0559,0.04965611029152393,scr2012,stInflow,pumpedStorageOpen
de,h0560,0.053598765792679984,scr2012,stInflow,pumpedStorageOpen
de,h0561,0.05753281377836777,scr2012,stInflow,pumpedStorageOpen
de,h0562,0.05753281377836777,scr2012,stInflow,pumpedStorageOpen
de,h0563,0.05753281377836777,scr2012,stInflow,pumpedStorageOpen
de,h0564,0.05753281377836777,scr2012,stInflow,pumpedStorageOpen
de,h0565,0.05753281377836777,scr2012,stInflow,pumpedStorageOpen
de,h0566,0.05753281377836777,scr2012,stInflow,pumpedStorageOpen
de,h0567,0.05753281377836777,scr2012,stInflow,pumpedStorageOpen
de,h0568,0.05753281377836777,scr2012,stInflow,pumpedStorageOpen
de,h0569,0.05753281377836777,scr2012,stInflow,pumpedStorageOpen
de,h0570,0.05753281377836777,scr2012,stInflow,pumpedStorageOpen
de,h0571,0.05752131848158329,scr2012,stInflow,pumpedStorageOpen
de,h0572,0.05750982311636059,scr2012,stInflow,pumpedStorageOpen
de,h0573,0.057498327682685625,scr2012,stInflow,pumpedStorageOpen
de,h0574,0.057498327682685625,scr2012,stInflow,pumpedStorageOpen
de,h0575,0.057498327682685625,scr2012,stInflow,pumpedStorageOpen
de,h0576,0.057498327682685625,scr2012,stInflow,pumpedStorageOpen
de,h0577,0.057498327682685625,scr2012,stInflow,pumpedStorageOpen
de,h0578,0.057498327682685625,scr2012,stInflow,pumpedStorageOpen
de,h0579,0.057498327682685625,scr2012,stInflow,pumpedStorageOpen
de,h0580,0.057498327682685625,scr2012,stInflow,pumpedStorageOpen
de,h0581,0.057498327682685625,scr2012,stInflow,pumpedStorageOpen
de,h0582,0.057498327682685625,scr2012,stInflow,pumpedStorageOpen
de,h0583,0.05058329971008565,scr2012,stInflow,pumpedStorageOpen
de,h0584,0.04364003780007934,scr2012,stInflow,pumpedStorageOpen
de,h0585,0.036663924170941824,scr2012,stInflow,pumpedStorageOpen
de,h0586,0.036663924170941824,scr2012,stInflow,pumpedStorageOpen
de,h0587,0.036663924170941824,scr2012,stInflow,pumpedStorageOpen
de,h0588,0.036663924170941824,scr2012,stInflow,pumpedStorageOpen
de,h0589,0.036663924170941824,scr2012,stInflow,pumpedStorageOpen
de,h0590,0.036663924170941824,scr2012,stInflow,pumpedStorageOpen
de,h0591,0.036663924170941824,scr2012,stInflow,pumpedStorageOpen
de,h0592,0.036663924170941824,scr2012,stInflow,pumpedStorageOpen
de,h0593,0.036663924170941824,scr2012,stInflow,pumpedStorageOpen
de,h0594,0.036663924170941824,scr2012,stInflow,pumpedStorageOpen
de,h0595,0.036663924170941824,scr2012,stInflow,pumpedStorageOpen
de,h0596,0.036663924170941824,scr2012,stInflow,pumpedStorageOpen
de,h0597,0.036663924170941824,scr2012,stInflow,pumpedStorageOpen
de,h0598,0.036663924170941824,scr2012,stInflow,pumpedStorageOpen
de,h0599,0.036663924170941824,scr2012,stInflow,pumpedStorageOpen
de,h0600,0.036663924170941824,scr2012,stInflow,pumpedStorageOpen
de,h0601,0.042245734076471426,scr2012,stInflow,pumpedStorageOpen
de,h0602,0.04780585945250925,scr2012,stInflow,pumpedStorageOpen
de,h0603,0.053346873917479956,scr2012,stInflow,pumpedStorageOpen
de,h0604,0.053346873917479956,scr2012,stInflow,pumpedStorageOpen
de,h0605,0.053346873917479956,scr2012,stInflow,pumpedStorageOpen
de,h0606,0.053346873917479956,scr2012,stInflow,pumpedStorageOpen
de,h0607,0.053346873917479956,scr2012,stInflow,pumpedStorageOpen
de,h0608,0.053346873917479956,scr2012,stInflow,pumpedStorageOpen
de,h0609,0.053346873917479956,scr2012,stInflow,pumpedStorageOpen
de,h0610,0.053346873917479956,scr2012,stInflow,pumpedStorageOpen
de,h0611,0.053346873917479956,scr2012,stInflow,pumpedStorageOpen
de,h0612,0.053346873917479956,scr2012,stInflow,pumpedStorageOpen
de,h0613,0.05533675848100839,scr2012,stInflow,pumpedStorageOpen
de,h0614,0.05732451598063518,scr2012,stInflow,pumpedStorageOpen
de,h0615,0.05931022204510753,scr2012,stInflow,pumpedStorageOpen
de,h0616,0.05931022204510753,scr2012,stInflow,pumpedStorageOpen
de,h0617,0.05931022204510753,scr2012,stInflow,pumpedStorageOpen
de,h0618,0.05931022204510753,scr2012,stInflow,pumpedStorageOpen
de,h0619,0.05931022204510753,scr2012,stInflow,pumpedStorageOpen
de,h0620,0.05931022204510753,scr2012,stInflow,pumpedStorageOpen
de,h0621,0.05931022204510753,scr2012,stInflow,pumpedStorageOpen
de,h0622,0.05931022204510753,scr2012,stInflow,pumpedStorageOpen
de,h0623,0.05931022204510753,scr2012,stInflow,pumpedStorageOpen
de,h0624,0.05931022204510753,scr2012,stInflow,pumpedStorageOpen
de,h0625,0.06396357797851893,scr2012,stInflow,pumpedStorageOpen
de,h0626,0.06860682784344392,scr2012,stInflow,pumpedStorageOpen
de,h0627,0.07324067697830894,scr2012,stInflow,pumpedStorageOpen
de,h0628,0.07324067697830894,scr2012,stInflow,pumpedStorageOpen
de,h0629,0.07324067697830894,scr2012,stInflow,pumpedStorageOpen
de,h0630,0.07324067697830894,scr2012,stInflow,pumpedStorageOpen
de,h0631,0.07324067697830894,scr2012,stInflow,pumpedStorageOpen
de,h0632,0.07324067697830894,scr2012,stInflow,pumpedStorageOpen
de,h0633,0.07324067697830894,scr2012,stInflow,pumpedStorageOpen
de,h0634,0.07324067697830894,scr2012,stInflow,pumpedStorageOpen
de,h0635,0.07324067697830894,scr2012,stInflow,pumpedStorageOpen
de,h0636,0.07324067697830894,scr2012,stInflow,pumpedStorageOpen
de,h0637,0.07295034899703523,scr2012,stInflow,pumpedStorageOpen
de,h0638,0.07265998634444613,scr2012,stInflow,pumpedStorageOpen
de,h0639,0.07236958887735095,scr2012,stInflow,pumpedStorageOpen
de,h0640,0.07236958887735095,scr2012,stInflow,pumpedStorageOpen
de,h0641,0.07236958887735095,scr2012,stInflow,pumpedStorageOpen
de,h0642,0.07236958887735095,scr2012,stInflow,pumpedStorageOpen
de,h0643,0.07236958887735095,scr2012,stInflow,pumpedStorageOpen
de,h0644,0.07236958887735095,scr2012,stInflow,pumpedStorageOpen
de,h0645,0.07236958887735095,scr2012,stInflow,pumpedStorageOpen
de,h0646,0.07236958887735095,scr2012,stInflow,pumpedStorageOpen
de,h0647,0.07236958887735095,scr2012,stInflow,pumpedStorageOpen
de,h0648,0.07236958887735095,scr2012,stInflow,pumpedStorageOpen
de,h0649,0.07488096840932625,scr2012,stInflow,pumpedStorageOpen
de,h0650,0.07738982119744718,scr2012,stInflow,pumpedStorageOpen
de,h0651,0.07989623197153112,scr2012,stInflow,pumpedStorageOpen
de,h0652,0.07989623197153112,scr2012,stInflow,pumpedStorageOpen
de,h0653,0.07989623197153112,scr2012,stInflow,pumpedStorageOpen
de,h0654,0.07989623197153112,scr2012,stInflow,pumpedStorageOpen
de,h0655,0.07989623197153112,scr2012,stInflow,pumpedStorageOpen
de,h0656,0.07989623197153112,scr2012,stInflow,pumpedStorageOpen
de,h0657,0.07989623197153112,scr2012,stInflow,pumpedStorageOpen
de,h0658,0.07989623197153112,scr2012,stInflow,pumpedStorageOpen
de,h0659,0.07989623197153112,scr2012,stInflow,pumpedStorageOpen
de,h0660,0.07989623197153112,scr2012,stInflow,pumpedStorageOpen
de,h0661,0.09413937806900395,scr2012,stInflow,pumpedStorageOpen
de,h0662,0.10831752733111773,scr2012,stInflow,pumpedStorageOpen
de,h0663,0.1224395691477139,scr2012,stInflow,pumpedStorageOpen
de,h0664,0.1224395691477139,scr2012,stInflow,pumpedStorageOpen
de,h0665,0.1224395691477139,scr2012,stInflow,pumpedStorageOpen
de,h0666,0.1224395691477139,scr2012,stInflow,pumpedStorageOpen
de,h0667,0.1224395691477139,scr2012,stInflow,pumpedStorageOpen
de,h0668,0.1224395691477139,scr2012,stInflow,pumpedStorageOpen
de,h0669,0.1224395691477139,scr2012,stInflow,pumpedStorageOpen
de,h0670,0.1224395691477139,scr2012,stInflow,pumpedStorageOpen
de,h0671,0.1224395691477139,scr2012,stInflow,pumpedStorageOpen
de,h0672,0.1224395691477139,scr2012,stInflow,pumpedStorageOpen
es,h0505,0.02738737165452599,scr2012,stInflow,pumpedStorageOpen
es,h0506,0.025082283663217905,scr2012,stInflow,pumpedStorageOpen
es,h0507,0.02277934109080792,scr2012,stInflow,pumpedStorageOpen
es,h0508,0.02277934109080792,scr2012,stInflow,pumpedStorageOpen
es,h0509,0.02277934109080792,scr2012,stInflow,pumpedStorageOpen
es,h0510,0.02277934109080792,scr2012,stInflow,pumpedStorageOpen
es,h0511,0.02277934109080792,scr2012,stInflow,pumpedStorageOpen
es,h0512,0.02277934109080792,scr2012,stInflow,pumpedStorageOpen
es,h0513,0.02277934109080792,scr2012,stInflow,pumpedStorageOpen
es,h0514,0.02277934109080792,scr2012,stInflow,pumpedStorageOpen
es,h0515,0.02277934109080792,scr2012,stInflow,pumpedStorageOpen
es,h0516,0.02277934109080792,scr2012,stInflow,pumpedStorageOpen
es,h0517,0.02277934109080792,scr2012,stInflow,pumpedStorageOpen
es,h0518,0.02277934109080792,scr2012,stInflow,pumpedStorageOpen
es,h0519,0.02277934109080792,scr2012,stInflow,pumpedStorageOpen
es,h0520,0.02277934109080792,scr2012,stInflow,pumpedStorageOpen
es,h0521,0.02277934109080792,scr2012,stInflow,pumpedStorageOpen
es,h0522,0.02277934109080792,scr2012,stInflow,pumpedStorageOpen
es,h0523,0.02342101455806624,scr2012,stInflow,pumpedStorageOpen
es,h0524,0.02406286620949097,scr2012,stInflow,pumpedStorageOpen
es,h0525,0.02470489132481033,scr2012,stInflow,pumpedStorageOpen
es,h0526,0.02470489132481033,scr2012,stInflow,pumpedStorageOpen
es,h0527,0.02470489132481033,scr2012,stInflow,pumpedStorageOpen
es,h0528,0.02470489132481033,scr2012,stInflow,pumpedStorageOpen
es,h0529,0.02470489132481033,scr2012,stInflow,pumpedStorageOpen
es,h0530,0.02470489132481033,scr2012,stInflow,pumpedStorageOpen
es,h0531,0.02470489132481033,scr2012,stInflow,pumpedStorageOpen
es,h0532,0.02470489132481033,scr2012,stInflow,pumpedStorageOpen
es,h0533,0.02470489132481033,scr2012,stInflow,pumpedStorageOpen
es,h0534,0.02470489132481033,scr2012,stInflow,pumpedStorageOpen
es,h0535,0.02445991387419983,scr2012,stInflow,pumpedStorageOpen
es,h0536,0.024214961265640475,scr2012,stInflow,pumpedStorageOpen
es,h0537,0.02397003374853927,scr2012,stInflow,pumpedStorageOpen
es,h0538,0.02397003374853927,scr2012,stInflow,pumpedStorageOpen
es,h0539,0.02397003374853927,scr2012,stInflow,pumpedStorageOpen
es,h0540,0.02397003374853927,scr2012,stInflow,pumpedStorageOpen
es,h0541,0.02397003374853927,scr2012,stInflow,pumpedStorageOpen
es,h0542,0.02397003374853927,scr2012,stInflow,pumpedStorageOpen
es,h0543,0.02397003374853927,scr2012,stInflow,pumpedStorageOpen
es,h0544,0.02397003374853927,scr2012,stInflow,pumpedStorageOpen
es,h0545,0.02397003374853927,scr2012,stInflow,pumpedStorageOpen
es,h0546,0.02397003374853927,scr2012,stInflow,pumpedStorageOpen
es,h0547,0.022285870487069374,scr2012,stInflow,pumpedStorageOpen
es,h0548,0.020602997817914175,scr2012,stInflow,pumpedStorageOpen
es,h0549,0.018921520749284083,scr2012,stInflow,pumpedStorageOpen
es,h0550,0.018921520749284083,scr2012,stInflow,pumpedStorageOpen
es,h0551,0.018921520749284083,scr2012,stInflow,pumpedStorageOpen
es,h0552,0.018921520749284083,scr2012,stInflow,pumpedStorageOpen
es,h0553,0.018921520749284083,scr2012,stInflow,pumpedStorageOpen
es,h0554,0.018921520749284083,scr2012,stInflow,pumpedStorageOpen
es,h0555,0.018921520749284083,scr2012,stInflow,pumpedStorageOpen
es,h0556,0.018921520749284083,scr2012,stInflow,pumpedStorageOpen
es,h0557,0.018921520749284083,scr2012,stInflow,pumpedStorageOpen
es,h0558,0.018921520749284083,scr2012,stInflow,pumpedStorageOpen
es,h0559,0.024777994210843604,scr2012,stInflow,pumpedStorageOpen
es,h0560,0.030648651120305712,scr2012,stInflow,pumpedStorageOpen
es,h0561,0.03653075871008082,scr2012,stInflow,pumpedStorageOpen
es,h0562,0.03653075871008082,scr2012,stInflow,pumpedStorageOpen
es,h0563,0.03653075871008082,scr2012,stInflow,pumpedStorageOpen
es,h0564,0.03653075871008082,scr2012,stInflow,pumpedStorageOpen
es,h0565,0.03653075871008082,scr2012,stInflow,pumpedStorageOpen
es,h0566,0.03653075871008082,scr2012,stInflow,pumpedStorageOpen
es,h0567,0.03653075871008082,scr2012,stInflow,pumpedStorageOpen
es,h0568,0.03653075871008082,scr2012,stInflow,pumpedStorageOpen
es,h0569,0.03653075871008082,scr2012,stInflow,pumpedStorageOpen
es,h0570,0.03653075871008082,scr2012,stInflow,pumpedStorageOpen
es,h0571,0.03555895222303345,scr2012,stInflow,pumpedStorageOpen
es,h0572,0.03458741356476981,scr2012,stInflow,pumpedStorageOpen
es,h0573,0.03361615017365008,scr2012,stInflow,pumpedStorageOpen
es,h0574,0.03361615017365008,scr2012,stInflow,pumpedStorageOpen
es,h0575,0.03361615017365008,scr2012,stInflow,pumpedStorageOpen
es,h0576,0.03361615017365008,scr2012,stInflow,pumpedStorageOpen
es,h0577,0.03361615017365008,scr2012,stInflow,pumpedStorageOpen
es,h0578,0.03361615017365008,scr2012,stInflow,pumpedStorageOpen
es,h0579,0.03361615017365008,scr2012,stInflow,pumpedStorageOpen
es,h0580,0.03361615017365008,scr2012,stInflow,pumpedStorageOpen
es,h0581,0.03361615017365008,scr2012,stInflow,pumpedStorageOpen
es,h0582,0.03361615017365008,scr2012,stInflow,pumpedStorageOpen
es,h0583,0.03172796032001716,scr2012,stInflow,pumpedStorageOpen
es,h0584,0.029840904989907963,scr2012,stInflow,pumpedStorageOpen
es,h0585,0.027955055268563078,scr2012,stInflow,pumpedStorageOpen
es,h0586,0.027955055268563078,scr2012,stInflow,pumpedStorageOpen
es,h0587,0.027955055268563078,scr2012,stInflow,pumpedStorageOpen
es,h0588,0.027955055268563078,scr2012,stInflow,pumpedStorageOpen
es,h0589,0.027955055268563078,scr2012,stInflow,pumpedStorageOpen
es,h0590,0.027955055268563078,scr2012,stInflow,pumpedStorageOpen
es,h0591,0.027955055268563078,scr2012,stInflow,pumpedStorageOpen
es,h0592,0.027955055268563078,scr2012,stInflow,pumpedStorageOpen
es,h0593,0.027955055268563078,scr2012,stInflow,pumpedStorageOpen
es,h0594,0.027955055268563078,scr2012,stInflow,pumpedStorageOpen
es,h0595,0.027955055268563078,scr2012,stInflow,pumpedStorageOpen
es,h0596,0.027955055268563078,scr2012,stInflow,pumpedStorageOpen
es,h0597,0.027955055268563078,scr2012,stInflow,pumpedStorageOpen
es,h0598,0.027955055268563078,scr2012,stInflow,pumpedStorageOpen
es,h0599,0.027955055268563078,scr2012,stInflow,pumpedStorageOpen
es,h0600,0.027955055268563078,scr2012,stInflow,pumpedStorageOpen
es,h0601,0.03461516802847479,scr2012,stInflow,pumpedStorageOpen
es,h0602,0.04128831501376082,scr2012,stInflow,pumpedStorageOpen
es,h0603,0.04797239258839303,scr2012,stInflow,pumpedStorageOpen
es,h0604,0.04797239258839303,scr2012,stInflow,pumpedStorageOpen
es,h0605,0.04797239258839303,scr2012,stInflow,pumpedStorageOpen
es,h0606,0.04797239258839303,scr2012,stInflow,pumpedStorageOpen
es,h0607,0.04797239258839303,scr2012,stInflow,pumpedStorageOpen
es,h0608,0.04797239258839303,scr2012,stInflow,pumpedStorageOpen
es,h0609,0.04797239258839303,scr2012,stInflow,pumpedStorageOpen
es,h0610,0.04797239258839303,scr2012,stInflow,pumpedStorageOpen
es,h0611,0.04797239258839303,scr2012,stInflow,pumpedStorageOpen
es,h0612,0.04797239258839303,scr2012,stInflow,pumpedStorageOpen
es,h0613,0.043568861225918354,scr2012,stInflow,pumpedStorageOpen
es,h0614,0.039169814663912075,scr2012,stInflow,pumpedStorageOpen
es,h0615,0.03477575182703682,scr2012,stInflow,pumpedStorageOpen
es,h0616,0.03477575182703682,scr2012,stInflow,pumpedStorageOpen
es,h0617,0.03477575182703682,scr2012,stInflow,pumpedStorageOpen
es,h0618,0.03477575182703682,scr2012,stInflow,pumpedStorageOpen
es,h0619,0.03477575182703682,scr2012,stInflow,pumpedStorageOpen
es,h0620,0.03477575182703682,scr2012,stInflow,pumpedStorageOpen
es,h0621,0.03477575182703682,scr2012,stInflow,pumpedStorageOpen
es,h0622,0.03477575182703682,scr2012,stInflow,pumpedStorageOpen
es,h0623,0.03477575182703682,scr2012,stInflow,pumpedStorageOpen
es,h0624,0.03477575182703682,scr2012,stInflow,pumpedStorageOpen
es,h0625,0.04093482302929481,scr2012,stInflow,pumpedStorageOpen
es,h0626,0.04710327998073606,scr2012,stInflow,pumpedStorageOpen
es,h0627,0.05327990110909408,scr2012,stInflow,pumpedStorageOpen
es,h0628,0.05327990110909408,scr2012,stInflow,pumpedStorageOpen
es,h0629,0.05327990110909408,scr2012,stInflow,pumpedStorageOpen
es,h0630,0.05327990110909408,scr2012,stInflow,pumpedStorageOpen
es,h0631,0.05327990110909408,scr2012,stInflow,pumpedStorageOpen
es,h0632,0.05327990110909408,scr2012,stInflow,pumpedStorageOpen
es,h0633,0.05327990110909408,scr2012,stInflow,pumpedStorageOpen
es,h0634,0.05327990110909408,scr2012,stInflow,pumpedStorageOpen
es,h0635,0.05327990110909408,scr2012,stInflow,pumpedStorageOpen
es,h0636,0.05327990110909408,scr2012,stInflow,pumpedStorageOpen
es,h0637,0.05354870630900475,scr2012,stInflow,pumpedStorageOpen
es,h0638,0.05381752507945338,scr2012,stInflow,pumpedStorageOpen
es,h0639,0.05408635735362673,scr2012,stInflow,pumpedStorageOpen
es,h0640,0.05408635735362673,scr2012,stInflow,pumpedStorageOpen
es,h0641,0.05408635735362673,scr2012,stInflow,pumpedStorageOpen
es,h0642,0.05408635735362673,scr2012,stInflow,pumpedStorageOpen
es,h0643,0.05408635735362673,scr2012,stInflow,pumpedStorageOpen
es,h0644,0.05408635735362673,scr2012,stInflow,pumpedStorageOpen
es,h0645,0.05408635735362673,scr2012,stInflow,pumpedStorageOpen
es,h0646,0.05408635735362673,scr2012,stInflow,pumpedStorageOpen
es,h0647,0.05408635735362673,scr2012,stInflow,pumpedStorageOpen
es,h0648,0.05408635735362673,scr2012,stInflow,pumpedStorageOpen
es,h0649,0.0417411470048818,scr2012,stInflow,pumpedStorageOpen
es,h0650,0.02943315591719269,scr2012,stInflow,pumpedStorageOpen
es,h0651,0.01717857142857143,scr2012,stInflow,pumpedStorageOpen
es,h0652,0.01717857142857143,scr2012,stInflow,pumpedStorageOpen
es,h0653,0.01717857142857143,scr2012,stInflow,pumpedStorageOpen
es,h0654,0.01717857142857143,scr2012,stInflow,pumpedStorageOpen
es,h0655,0.01717857142857143,scr2012,stInflow,pumpedStorageOpen
es,h0656,0.01717857142857143,scr2012,stInflow,pumpedStorageOpen
es,h0657,0.01717857142857143,scr2012,stInflow,pumpedStorageOpen
es,h0658,0.01717857142857143,scr2012,stInflow,pumpedStorageOpen
es,h0659,0.01717857142857143,scr2012,stInflow,pumpedStorageOpen
es,h0660,0.01717857142857143,scr2012,stInflow,pumpedStorageOpen
es,h0661,0.017538836105833653,scr2012,stInflow,pumpedStorageOpen
es,h0662,0.017899176113277872,scr2012,stInflow,pumpedStorageOpen
es,h0663,0.018259589938328828,scr2012,stInflow,pumpedStorageOpen
es,h0664,0.018259589938328828,scr2012,stInflow,pumpedStorageOpen
es,h0665,0.018259589938328828,scr2012,stInflow,pumpedStorageOpen
es,h0666,0.018259589938328828,scr2012,stInflow,pumpedStorageOpen
es,h0667,0.018259589938328828,scr2012,stInflow,pumpedStorageOpen
es,h0668,0.018259589938328828,scr2012,stInflow,pumpedStorageOpen
es,h0669,0.018259589938328828,scr2012,stInflow,pumpedStorageOpen
es,h0670,0.018259589938328828,scr2012,stInflow,pumpedStorageOpen
es,h0671,0.018259589938328828,scr2012,stInflow,pumpedStorageOpen
es,h0672,0.018259589938328828,scr2012,stInflow,pumpedStorageOpen
gr,h0505,0.047318043804507784,scr2012,stInflow,pumpedStorageOpen
gr,h0506,0.049879240809746886,scr2012,stInflow,pumpedStorageOpen
gr,h0507,0.05244176530671435,scr2012,stInflow,pumpedStorageOpen
gr,h0508,0.05244176530671435,scr2012,stInflow,pumpedStorageOpen
gr,h0509,0.05244176530671435,scr2012,stInflow,pumpedStorageOpen
gr,h0510,0.05244176530671435,scr2012,stInflow,pumpedStorageOpen
gr,h0511,0.05244176530671435,scr2012,stInflow,pumpedStorageOpen
gr,h0512,0.05244176530671435,scr2012,stInflow,pumpedStorageOpen
gr,h0513,0.05244176530671435,scr2012,stInflow,pumpedStorageOpen
gr,h0514,0.05244176530671435,scr2012,stInflow,pumpedStorageOpen
gr,h0515,0.05244176530671435,scr2012,stInflow,pumpedStorageOpen
gr,h0516,0.05244176530671435,scr2012,stInflow,pumpedStorageOpen
gr,h0517,0.05244176530671435,scr2012,stInflow,pumpedStorageOpen
gr,h0518,0.05244176530671435,scr2012,stInflow,pumpedStorageOpen
gr,h0519,0.05244176530671435,scr2012,stInflow,pumpedStorageOpen
gr,h0520,0.05244176530671435,scr2012,stInflow,pumpedStorageOpen
gr,h0521,0.05244176530671435,scr2012,stInflow,pumpedStorageOpen
gr,h0522,0.05244176530671435,scr2012,stInflow,pumpedStorageOpen
gr,h0523,0.05116231854110473,scr2012,stInflow,pumpedStorageOpen
gr,h0524,0.049883194317478924,scr2012,stInflow,pumpedStorageOpen
gr,h0525,0.04860440081004022,scr2012,stInflow,pumpedStorageOpen
gr,h0526,0.04860440081004022,scr2012,stInflow,pumpedStorageOpen
gr,h0527,0.04860440081004022,scr2012,stInflow,pumpedStorageOpen
gr,h0528,0.04860440081004022,scr2012,stInflow,pumpedStorageOpen
gr,h0529,0.04860440081004022,scr2012,stInflow,pumpedStorageOpen
gr,h0530,0.04860440081004022,scr2012,stInflow,pumpedStorageOpen
gr,h0531,0.04860440081004022,scr2012,stInflow,pumpedStorageOpen
gr,h0532,0.04860440081004022,scr2012,stInflow,pumpedStorageOpen
gr,h0533,0.04860440081004022,scr2012,stInflow,pumpedStorageOpen
gr,h0534,0.04860440081004022,scr2012,stInflow,pumpedStorageOpen
gr,h0535,0.04656931271666838,scr2012,stInflow,pumpedStorageOpen
gr,h0536,0.04453512190033938,scr2012,stInflow,pumpedStorageOpen
gr,h0537,0.04250186891903887,scr2012,stInflow,pumpedStorageOpen
gr,h0538,0.04250186891903887,scr2012,stInflow,pumpedStorageOpen
gr,h0539,0.04250186891903887,scr2012,stInflow,pumpedStorageOpen
gr,h0540,0.04250186891903887,scr2012,stInflow,pumpedStorageOpen
gr,h0541,0.04250186891903887,scr2012,stInflow,pumpedStorageOpen
gr,h0542,0.04250186891903887,scr2012,stInflow,pumpedStorageOpen
gr,h0543,0.04250186891903887,scr2012,stInflow,pumpedStorageOpen
gr,h0544,0.04250186891903887,scr2012,stInflow,pumpedStorageOpen
gr,h0545,0.04250186891903887,scr2012,stInflow,pumpedStorageOpen
gr,h0546,0.04250186891903887,scr2012,stInflow,pumpedStorageOpen
gr,h0547,0.035228083392008766,scr2012,stInflow,pumpedStorageOpen
gr,h0548,0.027969575756752362,scr2012,stInflow,pumpedStorageOpen
gr,h0549,0.020730363967807166,scr2012,stInflow,pumpedStorageOpen
gr,h0550,0.020730363967807166,scr2012,stInflow,pumpedStorageOpen
gr,h0551,0.020730363967807166,scr2012,stInflow,pumpedStorageOpen
gr,h0552,0.020730363967807166,scr2012,stInflow,pumpedStorageOpen
gr,h0553,0.020730363967807166,scr2012,stInflow,pumpedStorageOpen
gr,h0554,0.020730363967807166,scr2012,stInflow,pumpedStorageOpen
gr,h0555,0.020730363967807166,scr2012,stInflow,pumpedStorageOpen
gr,h0556,0.020730363967807166,scr2012,stInflow,pumpedStorageOpen
gr,h0557,0.020730363967807166,scr2012,stInflow,pumpedStorageOpen
gr,h0558,0.020730363967807166,scr2012,stInflow,pumpedStorageOpen
gr,h0559,0.01966090664506556,scr2012,stInflow,pumpedStorageOpen
gr,h0560,0.01859204373519183,scr2012,stInflow,pumpedStorageOpen
gr,h0561,0.017523809523809525,scr2012,stInflow,pumpedStorageOpen
gr,h0562,0.017523809523809525,scr2012,stInflow,pumpedStorageOpen
gr,h0563,0.017523809523809525,scr2012,stInflow,pumpedStorageOpen
gr,h0564,0.017523809523809525,scr2012,stInflow,pumpedStorageOpen
gr,h0565,0.017523809523809525,scr2012,stInflow,pumpedStorageOpen
gr,h0566,0.017523809523809525,scr2012,stInflow,pumpedStorageOpen
gr,h0567,0.017523809523809525,scr2012,stInflow,pumpedStorageOpen
gr,h0568,0.017523809523809525,scr2012,stInflow,pumpedStorageOpen
gr,h0569,0.017523809523809525,scr2012,stInflow,pumpedStorageOpen
gr,h0570,0.017523809523809525,scr2012,stInflow,pumpedStorageOpen
gr,h0571,0.02217678482977477,scr2012,stInflow,pumpedStorageOpen
gr,h0572,0.02683980912474401,scr2012,stInflow,pumpedStorageOpen
gr,h0573,0.03151112082036696,scr2012,stInflow,pumpedStorageOpen
gr,h0574,0.03151112082036696,scr2012,stInflow,pumpedStorageOpen
gr,h0575,0.03151112082036696,scr2012,stInflow,pumpedStorageOpen
gr,h0576,0.03151112082036696,scr2012,stInflow,pumpedStorageOpen
gr,h0577,0.03151112082036696,scr2012,stInflow,pumpedStorageOpen
gr,h0578,0.03151112082036696,scr2012,stInflow,pumpedStorageOpen
gr,h0579,0.03151112082036696,scr2012,stInflow,pumpedStorageOpen
gr,h0580,0.03151112082036696,scr2012,stInflow,pumpedStorageOpen
gr,h0581,0.03151112082036696,scr2012,stInflow,pumpedStorageOpen
gr,h0582,0.03151112082036696,scr2012,stInflow,pumpedStorageOpen
gr,h0583,0.030905160044534023,scr2012,stInflow,pumpedStorageOpen
gr,h0584,0.030299319697815973,scr2012,stInflow,pumpedStorageOpen
gr,h0585,0.029693602173245796,scr2012,stInflow,pumpedStorageOpen
gr,h0586,0.029693602173245796,scr2012,stInflow,pumpedStorageOpen
gr,h0587,0.029693602173245796,scr2012,stInflow,pumpedStorageOpen
gr,h0588,0.029693602173245796,scr2012,stInflow,pumpedStorageOpen
gr,h0589,0.029693602173245796,scr2012,stInflow,pumpedStorageOpen
gr,h0590,0.029693602173245796,scr2012,stInflow,pumpedStorageOpen
gr,h0591,0.029693602173245796,scr2012,stInflow,pumpedStorageOpen
gr,h0592,0.029693602173245796,scr2012,stInflow,pumpedStorageOpen
gr,h0593,0.029693602173245796,scr2012,stInflow,pumpedStorageOpen
gr,h0594,0.029693602173245796,scr2012,stInflow,pumpedStorageOpen
gr,h0595,0.029693602173245796,scr2012,stInflow,pumpedStorageOpen
gr,h0596,0.029693602173245796,scr2012,stInflow,pumpedStorageOpen
gr,h0597,0.029693602173245796,scr2012,stInflow,pumpedStorageOpen
gr,h0598,0.029693602173245796,scr2012,stInflow,pumpedStorageOpen
gr,h0599,0.029693602173245796,scr2012,stInflow,pumpedStorageOpen
gr,h0600,0.029693602173245796,scr2012,stInflow,pumpedStorageOpen
gr,h0601,0.026912492826075843,scr2012,stInflow,pumpedStorageOpen
gr,h0602,0.024134305198362495,scr2012,stInflow,pumpedStorageOpen
gr,h0603,0.021359375811544193,scr2012,stInflow,pumpedStorageOpen
gr,h0604,0.021359375811544193,scr2012,stInflow,pumpedStorageOpen
gr,h0605,0.021359375811544193,scr2012,stInflow,pumpedStorageOpen
gr,h0606,0.021359375811544193,scr2012,stInflow,pumpedStorageOpen
gr,h0607,0.021359375811544193,scr2012,stInflow,pumpedStorageOpen
gr,h0608,0.021359375811544193,scr2012,stInflow,pumpedStorageOpen
gr,h0609,0.021359375811544193,scr2012,stInflow,pumpedStorageOpen
gr,h0610,0.021359375811544193,scr2012,stInflow,pumpedStorageOpen
gr,h0611,0.021359375811544193,scr2012,stInflow,pumpedStorageOpen
gr,h0612,0.021359375811544193,scr2012,stInflow,pumpedStorageOpen
gr,h0613,0.028738083001283526,scr2012,stInflow,pumpedStorageOpen
gr,h0614,0.03613628843923261,scr2012,stInflow,pumpedStorageOpen
gr,h0615,0.04354996015755461,scr2012,stInflow,pumpedStorageOpen
gr,h0616,0.04354996015755461,scr2012,stInflow,pumpedStorageOpen
gr,h0617,0.04354996015755461,scr2012,stInflow,pumpedStorageOpen
gr,h0618,0.04354996015755461,scr2012,stInflow,pumpedStorageOpen
gr,h0619,0.04354996015755461,scr2012,stInflow,pumpedStorageOpen
gr,h0620,0.04354996015755461,scr2012,stInflow,pumpedStorageOpen
gr,h0621,0.04354996015755461,scr2012,stInflow,pumpedStorageOpen
gr,h0622,0.04354996015755461,scr2012,stInflow,pumpedStorageOpen
gr,h0623,0.04354996015755461,scr2012,stInflow,pumpedStorageOpen
gr,h0624,0.04354996015755461,scr2012,stInflow,pumpedStorageOpen
gr,h0625,0.04394478782842448,scr2012,stInflow,pumpedStorageOpen
gr,h0626,0.044339651317452294,scr2012,stInflow,pumpedStorageOpen
gr,h0627,0.0447345503089986,scr2012,stInflow,pumpedStorageOpen
gr,h0628,0.0447345503089986,scr2012,stInflow,pumpedStorageOpen
gr,h0629,0.0447345503089986,scr2012,stInflow,pumpedStorageOpen
gr,h0630,0.0447345503089986,scr2012,stInflow,pumpedStorageOpen
gr,h0631,0.0447345503089986,scr2012,stInflow,pumpedStorageOpen
gr,h0632,0.0447345503089986,scr2012,stInflow,pumpedStorageOpen
gr,h0633,0.0447345503089986,scr2012,stInflow,pumpedStorageOpen
gr,h0634,0.0447345503089986,scr2012,stInflow,pumpedStorageOpen
gr,h0635,0.0447345503089986,scr2012,stInflow,pumpedStorageOpen
gr,h0636,0.0447345503089986,scr2012,stInflow,pumpedStorageOpen
gr,h0637,0.04641128467438836,scr2012,stInflow,pumpedStorageOpen
gr,h0638,0.04808863066376175,scr2012,stInflow,pumpedStorageOpen
gr,h0639,0.049766567168745404,scr2012,stInflow,pumpedStorageOpen
gr,h0640,0.049766567168745404,scr2012,stInflow,pumpedStorageOpen
gr,h0641,0.049766567168745404,scr2012,stInflow,pumpedStorageOpen
gr,h0642,0.049766567168745404,scr2012,stInflow,pumpedStorageOpen
gr,h0643,0.049766567168745404,scr2012,stInflow,pumpedStorageOpen
gr,h0644,0.049766567168745404,scr2012,stInflow,pumpedStorageOpen
gr,h0645,0.049766567168745404,scr2012,stInflow,pumpedStorageOpen
gr,h0646,0.049766567168745404,scr2012,stInflow,pumpedStorageOpen
gr,h0647,0.049766567168745404,scr2012,stInflow,pumpedStorageOpen
gr,h0648,0.049766567168745404,scr2012,stInflow,pumpedStorageOpen
gr,h0649,0.057344874717060415,scr2012,stInflow,pumpedStorageOpen
gr,h0650,0.0649333136617294,scr2012,stInflow,pumpedStorageOpen
gr,h0651,0.07253070897635036,scr2012,stInflow,pumpedStorageOpen
gr,h0652,0.07253070897635036,scr2012,stInflow,pumpedStorageOpen
gr,h0653,0.07253070897635036,scr2012,stInflow,pumpedStorageOpen
gr,h0654,0.07253070897635036,scr2012,stInflow,pumpedStorageOpen
gr,h0655,0.07253070897635036,scr2012,stInflow,pumpedStorageOpen
gr,h0656,0.07253070897635036,scr2012,stInflow,pumpedStorageOpen
gr,h0657,0.07253070897635036,scr2012,stInflow,pumpedStorageOpen
gr,h0658,0.07253070897635036,scr2012,stInflow,pumpedStorageOpen
gr,h0659,0.07253070897635036,scr2012,stInflow,pumpedStorageOpen
gr,h0660,0.07253070897635036,scr2012,stInflow,pumpedStorageOpen
gr,h0661,0.06736767846753164,scr2012,stInflow,pumpedStorageOpen
gr,h0662,0.062208630267428344,scr2012,stInflow,pumpedStorageOpen
gr,h0663,0.057053890688923525,scr2012,stInflow,pumpedStorageOpen
gr,h0664,0.057053890688923525,scr2012,stInflow,pumpedStorageOpen
gr,h0665,0.057053890688923525,scr2012,stInflow,pumpedStorageOpen
gr,h0666,0.057053890688923525,scr2012,stInflow,pumpedStorageOpen
gr,h0667,0.057053890688923525,scr2012,stInflow,pumpedStorageOpen
gr,h0668,0.057053890688923525,scr2012,stInflow,pumpedStorageOpen
gr,h0669,0.057053890688923525,scr2012,stInflow,pumpedStorageOpen
gr,h0670,0.057053890688923525,scr2012,stInflow,pumpedStorageOpen
gr,h0671,0.057053890688923525,scr2012,stInflow,pumpedStorageOpen
gr,h0672,0.057053890688923525,scr2012,stInflow,pumpedStorageOpen
hr,h0505,0.08612786042345832,scr2012,stInflow,pumpedStorageOpen
hr,h0506,0.0930352682732376,scr2012,stInflow,pumpedStorageOpen
hr,h0507,0.0999118208313784,scr2012,stInflow,pumpedStorageOpen
hr,h0508,0.0999118208313784,scr2012,stInflow,pumpedStorageOpen
hr,h0509,0.0999118208313784,scr2012,stInflow,pumpedStorageOpen
hr,h0510,0.0999118208313784,scr2012,stInflow,pumpedStorageOpen
hr,h0511,0.0999118208313784,scr2012,stInflow,pumpedStorageOpen
hr,h0512,0.0999118208313784,scr2012,stInflow,pumpedStorageOpen
hr,h0513,0.0999118208313784,scr2012,stInflow,pumpedStorageOpen
hr,h0514,0.0999118208313784,scr2012,stInflow,pumpedStorageOpen
hr,h0515,0.0999118208313784,scr2012,stInflow,pumpedStorageOpen
hr,h0516,0.0999118208313784,scr2012,stInflow,pumpedStorageOpen
hr,h0517,0.0999118208313784,scr2012,stInflow,pumpedStorageOpen
hr,h0518,0.0999118208313784,scr2012,stInflow,pumpedStorageOpen
hr,h0519,0.0999118208313784,scr2012,stInflow,pumpedStorageOpen
hr,h0520,0.0999118208313784,scr2012,stInflow,pumpedStorageOpen
hr,h0521,0.0999118208313784,scr2012,stInflow,pumpedStorageOpen
hr,h0522,0.0999118208313784,scr2012,stInflow,pumpedStorageOpen
hr,h0523,0.09208441220777241,scr2012,stInflow,pumpedStorageOpen
hr,h0524,0.08421659539425985,scr2012,stInflow,pumpedStorageOpen
hr,h0525,0.07630432532231166,scr2012,stInflow,pumpedStorageOpen
hr,h0526,0.07630432532231166,scr2012,stInflow,pumpedStorageOpen
hr,h0527,0.07630432532231166,scr2012,stInflow,pumpedStorageOpen
hr,h0528,0.07630432532231166,scr2012,stInflow,pumpedStorageOpen
hr,h0529,0.07630432532231166,scr2012,stInflow,pumpedStorageOpen
hr,h0530,0.07630432532231166,scr2012,stInflow,pumpedStorageOpen
hr,h0531,0.07630432532231166,scr2012,stInflow,pumpedStorageOpen
hr,h0532,0.07630432532231166,scr2012,stInflow,pumpedStorageOpen
hr,h0533,0.07630432532231166,scr2012,stInflow,pumpedStorageOpen
hr,h0534,0.07630432532231166,scr2012,stInflow,pumpedStorageOpen
hr,h0535,0.08455769088464002,scr2012,stInflow,pumpedStorageOpen
hr,h0536,0.09276287690268942,scr2012,stInflow,pumpedStorageOpen
hr,h0537,0.10092442384236922,scr2012,stInflow,pumpedStorageOpen
hr,h0538,0.10092442384236922,scr2012,stInflow,pumpedStorageOpen
hr,h0539,0.10092442384236922,scr2012,stInflow,pumpedStorageOpen
hr,h0540,0.10092442384236922,scr2012,stInflow,pumpedStorageOpen
hr,h0541,0.10092442384236922,scr2012,stInflow,pumpedStorageOpen
hr,h0542,0.10092442384236922,scr2012,stInflow,pumpedStorageOpen
hr,h0543,0.10092442384236922,scr2012,stInflow,pumpedStorageOpen
hr,h0544,0.10092442384236922,scr2012,stInflow,pumpedStorageOpen
hr,h0545,0.10092442384236922,scr2012,stInflow,pumpedStorageOpen
hr,h0546,0.10092442384236922,scr2012,stInflow,pumpedStorageOpen
hr,h0547,0.0973368326286676,scr2012,stInflow,pumpedStorageOpen
hr,h0548,0.09374121906596009,scr2012,stInflow,pumpedStorageOpen
hr,h0549,0.09013725334187087,scr2012,stInflow,pumpedStorageOpen
hr,h0550,0.09013725334187087,scr2012,stInflow,pumpedStorageOpen
hr,h0551,0.09013725334187087,scr2012,stInflow,pumpedStorageOpen
hr,h0552,0.09013725334187087,scr2012,stInflow,pumpedStorageOpen
hr,h0553,0.09013725334187087,scr2012,stInflow,pumpedStorageOpen
hr,h0554,0.09013725334187087,scr2012,stInflow,pumpedStorageOpen
hr,h0555,0.09013725334187087,scr2012,stInflow,pumpedStorageOpen
hr,h0556,0.09013725334187087,scr2012,stInflow,pumpedStorageOpen
hr,h0557,0.09013725334187087,scr2012,stInflow,pumpedStorageOpen
hr,h0558,0.09013725334187087,scr2012,stInflow,pumpedStorageOpen
hr,h0559,0.09959652655812473,scr2012,stInflow,pumpedStorageOpen
hr,h0560,0.10900159701172749,scr2012,stInflow,pumpedStorageOpen
hr,h0561,0.11835748677645858,scr2012,stInflow,pumpedStorageOpen
hr,h0562,0.11835748677645858,scr2012,stInflow,pumpedStorageOpen
hr,h0563,0.11835748677645858,scr2012,stInflow,pumpedStorageOpen
hr,h0564,0.11835748677645858,scr2012,stInflow,pumpedStorageOpen
hr,h0565,0.11835748677645858,scr2012,stInflow,pumpedStorageOpen
hr,h0566,0.11835748677645858,scr2012,stInflow,pumpedStorageOpen
hr,h0567,0.11835748677645858,scr2012,stInflow,pumpedStorageOpen
hr,h0568,0.11835748677645858,scr2012,stInflow,pumpedStorageOpen
hr,h0569,0.11835748677645858,scr2012,stInflow,pumpedStorageOpen
hr,h0570,0.11835748677645858,scr2012,stInflow,pumpedStorageOpen
hr,h0571,0.11453414761397254,scr2012,stInflow,pumpedStorageOpen
hr,h0572,0.11070300826041835,scr2012,stInflow,pumpedStorageOpen
hr,h0573,0.10686377714596745,scr2012,stInflow,pumpedStorageOpen
hr,h0574,0.10686377714596745,scr2012,stInflow,pumpedStorageOpen
hr,h0575,0.10686377714596745,scr2012,stInflow,pumpedStorageOpen
hr,h0576,0.10686377714596745,scr2012,stInflow,pumpedStorageOpen
hr,h0577,0.10686377714596745,scr2012,stInflow,pumpedStorageOpen
hr,h0578,0.10686377714596745,scr2012,stInflow,pumpedStorageOpen
hr,h0579,0.10686377714596745,scr2012,stInflow,pumpedStorageOpen
hr,h0580,0.10686377714596745,scr2012,stInflow,pumpedStorageOpen
hr,h0581,0.10686377714596745,scr2012,stInflow,pumpedStorageOpen
hr,h0582,0.10686377714596745,scr2012,stInflow,pumpedStorageOpen
hr,h0583,0.10938934190249544,scr2012,stInflow,pumpedStorageOpen
hr,h0584,0.11191136275003077,scr2012,stInflow,pumpedStorageOpen
hr,h0585,0.11442992567403967,scr2012,stInflow,pumpedStorageOpen
hr,h0586,0.11442992567403967,scr2012,stInflow,pumpedStorageOpen
hr,h0587,0.11442992567403967,scr2012,stInflow,pumpedStorageOpen
hr,h0588,0.11442992567403967,scr2012,stInflow,pumpedStorageOpen
hr,h0589,0.11442992567403967,scr2012,stInflow,pumpedStorageOpen
hr,h0590,0.11442992567403967,scr2012,stInflow,pumpedStorageOpen
hr,h0591,0.11442992567403967,scr2012,stInflow,pumpedStorageOpen
hr,h0592,0.11442992567403967,scr2012,stInflow,pumpedStorageOpen
hr,h0593,0.11442992567403967,scr2012,stInflow,pumpedStorageOpen
hr,h0594,0.11442992567403967,scr2012,stInflow,pumpedStorageOpen
hr,h0595,0.11442992567403967,scr2012,stInflow,pumpedStorageOpen
hr,h0596,0.11442992567403967,scr2012,stInflow,pumpedStorageOpen
hr,h0597,0.11442992567403967,scr2012,stInflow,pumpedStorageOpen
hr,h0598,0.11442992567403967,scr2012,stInflow,pumpedStorageOpen
hr,h0599,0.11442992567403967,scr2012,stInflow,pumpedStorageOpen
hr,h0600,0.11442992567403967,scr2012,stInflow,pumpedStorageOpen
hr,h0601,0.11171743318358382,scr2012,stInflow,pumpedStorageOpen
hr,h0602,0.1090009225997573,scr2012,stInflow,pumpedStorageOpen
hr,h0603,0.10628028592103778,scr2012,stInflow,pumpedStorageOpen
hr,h0604,0.10628028592103778,scr2012,stInflow,pumpedStorageOpen
hr,h0605,0.10628028592103778,scr2012,stInflow,pumpedStorageOpen
hr,h0606,0.10628028592103778,scr2012,stInflow,pumpedStorageOpen
hr,h0607,0.10628028592103778,scr2012,stInflow,pumpedStorageOpen
hr,h0608,0.10628028592103778,scr2012,stInflow,pumpedStorageOpen
hr,h0609,0.10628028592103778,scr2012,stInflow,pumpedStorageOpen
hr,h0610,0.10628028592103778,scr2012,stInflow,pumpedStorageOpen
hr,h0611,0.10628028592103778,scr2012,stInflow,pumpedStorageOpen
hr,h0612,0.10628028592103778,scr2012,stInflow,pumpedStorageOpen
hr,h0613,0.10471726949187748,scr2012,stInflow,pumpedStorageOpen
hr,h0614,0.10315283478305101,scr2012,stInflow,pumpedStorageOpen
hr,h0615,0.10158695867155884,scr2012,stInflow,pumpedStorageOpen
hr,h0616,0.10158695867155884,scr2012,stInflow,pumpedStorageOpen
hr,h0617,0.10158695867155884,scr2012,stInflow,pumpedStorageOpen
hr,h0618,0.10158695867155884,scr2012,stInflow,pumpedStorageOpen
hr,h0619,0.10158695867155884,scr2012,stInflow,pumpedStorageOpen
hr,h0620,0.10158695867155884,scr2012,stInflow,pumpedStorageOpen
hr,h0621,0.10158695867155884,scr2012,stInflow,pumpedStorageOpen
hr,h0622,0.10158695867155884,scr2012,stInflow,pumpedStorageOpen
hr,h0623,0.10158695867155884,scr2012,stInflow,pumpedStorageOpen
hr,h0624,0.10158695867155884,scr2012,stInflow,pumpedStorageOpen
hr,h0625,0.10343701494760046,scr2012,stInflow,pumpedStorageOpen
hr,h0626,0.10528506473200383,scr2012,stInflow,pumpedStorageOpen
hr,h0627,0.10713114584785813,scr2012,stInflow,pumpedStorageOpen
hr,h0628,0.10713114584785813,scr2012,stInflow,pumpedStorageOpen
hr,h0629,0.10713114584785813,scr2012,stInflow,pumpedStorageOpen
hr,h0630,0.10713114584785813,scr2012,stInflow,pumpedStorageOpen
hr,h0631,0.10713114584785813,scr2012,stInflow,pumpedStorageOpen
hr,h0632,0.10713114584785813,scr2012,stInflow,pumpedStorageOpen
hr,h0633,0.10713114584785813,scr2012,stInflow,pumpedStorageOpen
hr,h0634,0.10713114584785813,scr2012,stInflow,pumpedStorageOpen
hr,h0635,0.10713114584785813,scr2012,stInflow,pumpedStorageOpen
hr,h0636,0.10713114584785813,scr2012,stInflow,pumpedStorageOpen
hr,h0637,0.10058899136476807,scr2012,stInflow,pumpedStorageOpen
hr,h0638,0.09402092352014033,scr2012,stInflow,pumpedStorageOpen
hr,h0639,0.08742499592658781,scr2012,stInflow,pumpedStorageOpen
hr,h0640,0.08742499592658781,scr2012,stInflow,pumpedStorageOpen
hr,h0641,0.08742499592658781,scr2012,stInflow,pumpedStorageOpen
hr,h0642,0.08742499592658781,scr2012,stInflow,pumpedStorageOpen
hr,h0643,0.08742499592658781,scr2012,stInflow,pumpedStorageOpen
hr,h0644,0.08742499592658781,scr2012,stInflow,pumpedStorageOpen
hr,h0645,0.08742499592658781,scr2012,stInflow,pumpedStorageOpen
hr,h0646,0.08742499592658781,scr2012,stInflow,pumpedStorageOpen
hr,h0647,0.08742499592658781,scr2012,stInflow,pumpedStorageOpen
hr,h0648,0.08742499592658781,scr2012,stInflow,pumpedStorageOpen
hr,h0649,0.08680153180310374,scr2012,stInflow,pumpedStorageOpen
hr,h0650,0.08617779818115465,scr2012,stInflow,pumpedStorageOpen
hr,h0651,0.0855537929844492,scr2012,stInflow,pumpedStorageOpen
hr,h0652,0.0855537929844492,scr2012,stInflow,pumpedStorageOpen
hr,h0653,0.0855537929844492,scr2012,stInflow,pumpedStorageOpen
hr,h0654,0.0855537929844492,scr2012,stInflow,pumpedStorageOpen
hr,h0655,0.0855537929844492,scr2012,stInflow,pumpedStorageOpen
hr,h0656,0.0855537929844492,scr2012,stInflow,pumpedStorageOpen
hr,h0657,0.0855537929844492,scr2012,stInflow,pumpedStorageOpen
hr,h0658,0.0855537929844492,scr2012,stInflow,pumpedStorageOpen
hr,h0659,0.0855537929844492,scr2012,stInflow,pumpedStorageOpen
hr,h0660,0.0855537929844492,scr2012,stInflow,pumpedStorageOpen
hr,h0661,0.08291857562261454,scr2012,stInflow,pumpedStorageOpen
hr,h0662,0.0802783230765993,scr2012,stInflow,pumpedStorageOpen
hr,h0663,0.07763285946992218,scr2012,stInflow,pumpedStorageOpen
hr,h0664,0.07763285946992218,scr2012,stInflow,pumpedStorageOpen
hr,h0665,0.07763285946992218,scr2012,stInflow,pumpedStorageOpen
hr,h0666,0.07763285946992218,scr2012,stInflow,pumpedStorageOpen
hr,h0667,0.07763285946992218,scr2012,stInflow,pumpedStorageOpen
hr,h0668,0.07763285946992218,scr2012,stInflow,pumpedStorageOpen
hr,h0669,0.07763285946992218,scr2012,stInflow,pumpedStorageOpen
hr,h0670,0.07763285946992218,scr2012,stInflow,pumpedStorageOpen
hr,h0671,0.07763285946992218,scr2012,stInflow,pumpedStorageOpen
hr,h0672,0.07763285946992218,scr2012,stInflow,pumpedStorageOpen
it_cs,h0505,0.02731276876045904,scr2012,stInflow,pumpedStorageOpen
it_cs,h0506,0.028119957457395817,scr2012,stInflow,pumpedStorageOpen
it_cs,h0507,0.028928810046576228,scr2012,stInflow,pumpedStorageOpen
it_cs,h0508,0.028928810046576228,scr2012,stInflow,pumpedStorageOpen
it_cs,h0509,0.028928810046576228,scr2012,stInflow,pumpedStorageOpen
it_cs,h0510,0.028928810046576228,scr2012,stInflow,pumpedStorageOpen
it_cs,h0511,0.028928810046576228,scr2012,stInflow,pumpedStorageOpen
it_cs,h0512,0.028928810046576228,scr2012,stInflow,pumpedStorageOpen
it_cs,h0513,0.028928810046576228,scr2012,stInflow,pumpedStorageOpen
it_cs,h0514,0.028928810046576228,scr2012,stInflow,pumpedStorageOpen
it_cs,h0515,0.028928810046576228,scr2012,stInflow,pumpedStorageOpen
it_cs,h0516,0.028928810046576228,scr2012,stInflow,pumpedStorageOpen
it_cs,h0517,0.028928810046576228,scr2012,stInflow,pumpedStorageOpen
it_cs,h0518,0.028928810046576228,scr2012,stInflow,pumpedStorageOpen
it_cs,h0519,0.028928810046576228,scr2012,stInflow,pumpedStorageOpen
it_cs,h0520,0.028928810046576228,scr2012,stInflow,pumpedStorageOpen
it_cs,h0521,0.028928810046576228,scr2012,stInflow,pumpedStorageOpen
it_cs,h0522,0.028928810046576228,scr2012,stInflow,pumpedStorageOpen
it_cs,h0523,0.028002924119432903,scr2012,stInflow,pumpedStorageOpen
it_cs,h0524,0.02707922781763096,scr2012,stInflow,pumpedStorageOpen
it_cs,h0525,0.02615779224548485,scr2012,stInflow,pumpedStorageOpen
it_cs,h0526,0.02615779224548485,scr2012,stInflow,pumpedStorageOpen
it_cs,h0527,0.02615779224548485,scr2012,stInflow,pumpedStorageOpen
it_cs,h0528,0.02615779224548485,scr2012,stInflow,pumpedStorageOpen
it_cs,h0529,0.02615779224548485,scr2012,stInflow,pumpedStorageOpen
it_cs,h0530,0.02615779224548485,scr2012,stInflow,pumpedStorageOpen
it_cs,h0531,0.02615779224548485,scr2012,stInflow,pumpedStorageOpen
it_cs,h0532,0.02615779224548485,scr2012,stInflow,pumpedStorageOpen
it_cs,h0533,0.02615779224548485,scr2012,stInflow,pumpedStorageOpen
it_cs,h0534,0.02615779224548485,scr2012,stInflow,pumpedStorageOpen
it_cs,h0535,0.02898935061465217,scr2012,stInflow,pumpedStorageOpen
it_cs,h0536,0.03184084418042993,scr2012,stInflow,pumpedStorageOpen
it_cs,h0537,0.0347105786214316,scr2012,stInflow,pumpedStorageOpen
it_cs,h0538,0.0347105786214316,scr2012,stInflow,pumpedStorageOpen
it_cs,h0539,0.0347105786214316,scr2012,stInflow,pumpedStorageOpen
it_cs,h0540,0.0347105786214316,scr2012,stInflow,pumpedStorageOpen
it_cs,h0541,0.0347105786214316,scr2012,stInflow,pumpedStorageOpen
it_cs,h0542,0.0347105786214316,scr2012,stInflow,pumpedStorageOpen
it_cs,h0543,0.0347105786214316,scr2012,stInflow,pumpedStorageOpen
it_cs,h0544,0.0347105786214316,scr2012,stInflow,pumpedStorageOpen
it_cs,h0545,0.0347105786214316,scr2012,stInflow,pumpedStorageOpen
it_cs,h0546,0.0347105786214316,scr2012,stInflow,pumpedStorageOpen
it_cs,h0547,0.04139883394170945,scr2012,stInflow,pumpedStorageOpen
it_cs,h0548,0.048163453427524185,scr2012,stInflow,pumpedStorageOpen
it_cs,h0549,0.054994457092205566,scr2012,stInflow,pumpedStorageOpen
it_cs,h0550,0.054994457092205566,scr2012,stInflow,pumpedStorageOpen
it_cs,h0551,0.054994457092205566,scr2012,stInflow,pumpedStorageOpen
it_cs,h0552,0.054994457092205566,scr2012,stInflow,pumpedStorageOpen
it_cs,h0553,0.054994457092205566,scr2012,stInflow,pumpedStorageOpen
it_cs,h0554,0.054994457092205566,scr2012,stInflow,pumpedStorageOpen
it_cs,h0555,0.054994457092205566,scr2012,stInflow,pumpedStorageOpen
it_cs,h0556,0.054994457092205566,scr2012,stInflow,pumpedStorageOpen
it_cs,h0557,0.054994457092205566,scr2012,stInflow,pumpedStorageOpen
it_cs,h0558,0.054994457092205566,scr2012,stInflow,pumpedStorageOpen
it_cs,h0559,0.04976901958532602,scr2012,stInflow,pumpedStorageOpen
it_cs,h0560,0.0445811493126957,scr2012,stInflow,pumpedStorageOpen
it_cs,h0561,0.0394348474703691,scr2012,stInflow,pumpedStorageOpen
it_cs,h0562,0.0394348474703691,scr2012,stInflow,pumpedStorageOpen
it_cs,h0563,0.0394348474703691,scr2012,stInflow,pumpedStorageOpen
it_cs,h0564,0.0394348474703691,scr2012,stInflow,pumpedStorageOpen
it_cs,h0565,0.0394348474703691,scr2012,stInflow,pumpedStorageOpen
it_cs,h0566,0.0394348474703691,scr2012,stInflow,pumpedStorageOpen
it_cs,h0567,0.0394348474703691,scr2012,stInflow,pumpedStorageOpen
it_cs,h0568,0.0394348474703691,scr2012,stInflow,pumpedStorageOpen
it_cs,h0569,0.0394348474703691,scr2012,stInflow,pumpedStorageOpen
it_cs,h0570,0.0394348474703691,scr2012,stInflow,pumpedStorageOpen
it_cs,h0571,0.04422047796082556,scr2012,stInflow,pumpedStorageOpen
it_cs,h0572,0.04904233640187573,scr2012,stInflow,pumpedStorageOpen
it_cs,h0573,0.05389713394178462,scr2012,stInflow,pumpedStorageOpen
it_cs,h0574,0.05389713394178462,scr2012,stInflow,pumpedStorageOpen
it_cs,h0575,0.05389713394178462,scr2012,stInflow,pumpedStorageOpen
it_cs,h0576,0.05389713394178462,scr2012,stInflow,pumpedStorageOpen
it_cs,h0577,0.05389713394178462,scr2012,stInflow,pumpedStorageOpen
it_cs,h0578,0.05389713394178462,scr2012,stInflow,pumpedStorageOpen
it_cs,h0579,0.05389713394178462,scr2012,stInflow,pumpedStorageOpen
it_cs,h0580,0.05389713394178462,scr2012,stInflow,pumpedStorageOpen
it_cs,h0581,0.05389713394178462,scr2012,stInflow,pumpedStorageOpen
it_cs,h0582,0.05389713394178462,scr2012,stInflow,pumpedStorageOpen
it_cs,h0583,0.06134388466811698,scr2012,stInflow,pumpedStorageOpen
it_cs,h0584,0.06885294423034949,scr2012,stInflow,pumpedStorageOpen
it_cs,h0585,0.07641812199313733,scr2012,stInflow,pumpedStorageOpen
it_cs,h0586,0.07641812199313733,scr2012,stInflow,pumpedStorageOpen
it_cs,h0587,0.07641812199313733,scr2012,stInflow,pumpedStorageOpen
it_cs,h0588,0.07641812199313733,scr2012,stInflow,pumpedStorageOpen
it_cs,h0589,0.07641812199313733,scr2012,stInflow,pumpedStorageOpen
it_cs,h0590,0.07641812199313733,scr2012,stInflow,pumpedStorageOpen
it_cs,h0591,0.07641812199313733,scr2012,stInflow,pumpedStorageOpen
it_cs,h0592,0.07641812199313733,scr2012,stInflow,pumpedStorageOpen
it_cs,h0593,0.07641812199313733,scr2012,stInflow,pumpedStorageOpen
it_cs,h0594,0.07641812199313733,scr2012,stInflow,pumpedStorageOpen
it_cs,h0595,0.07641812199313733,scr2012,stInflow,pumpedStorageOpen
it_cs,h0596,0.07641812199313733,scr2012,stInflow,pumpedStorageOpen
it_cs,h0597,0.07641812199313733,scr2012,stInflow,pumpedStorageOpen
it_cs,h0598,0.07641812199313733,scr2012,stInflow,pumpedStorageOpen
it_cs,h0599,0.07641812199313733,scr2012,stInflow,pumpedStorageOpen
it_cs,h0600,0.07641812199313733,scr2012,stInflow,pumpedStorageOpen
it_cs,h0601,0.07784748066538244,scr2012,stInflow,pumpedStorageOpen
it_cs,h0602,0.07927861581622642,scr2012,stInflow,pumpedStorageOpen
it_cs,h0603,0.08071149866590258,scr2012,stInflow,pumpedStorageOpen
it_cs,h0604,0.08071149866590258,scr2012,stInflow,pumpedStorageOpen
it_cs,h0605,0.08071149866590258,scr2012,stInflow,pumpedStorageOpen
it_cs,h0606,0.08071149866590258,scr2012,stInflow,pumpedStorageOpen
it_cs,h0607,0.08071149866590258,scr2012,stInflow,pumpedStorageOpen
it_cs,h0608,0.08071149866590258,scr2012,stInflow,pumpedStorageOpen
it_cs,h0609,0.08071149866590258,scr2012,stInflow,pumpedStorageOpen
it_cs,h0610,0.08071149866590258,scr2012,stInflow,pumpedStorageOpen
it_cs,h0611,0.08071149866590258,scr2012,stInflow,pumpedStorageOpen
it_cs,h0612,0.08071149866590258,scr2012,stInflow,pumpedStorageOpen
it_cs,h0613,0.07762060756982131,scr2012,stInflow,pumpedStorageOpen
it_cs,h0614,0.074538017512249,scr2012,stInflow,pumpedStorageOpen
it_cs,h0615,0.07146403609152174,scr2012,stInflow,pumpedStorageOpen
it_cs,h0616,0.07146403609152174,scr2012,stInflow,pumpedStorageOpen
it_cs,h0617,0.07146403609152174,scr2012,stInflow,pumpedStorageOpen
it_cs,h0618,0.07146403609152174,scr2012,stInflow,pumpedStorageOpen
it_cs,h0619,0.07146403609152174,scr2012,stInflow,pumpedStorageOpen
it_cs,h0620,0.07146403609152174,scr2012,stInflow,pumpedStorageOpen
it_cs,h0621,0.07146403609152174,scr2012,stInflow,pumpedStorageOpen
it_cs,h0622,0.07146403609152174,scr2012,stInflow,pumpedStorageOpen
it_cs,h0623,0.07146403609152174,scr2012,stInflow,pumpedStorageOpen
it_cs,h0624,0.07146403609152174,scr2012,stInflow,pumpedStorageOpen
it_cs,h0625,0.07687953189543276,scr2012,stInflow,pumpedStorageOpen
it_cs,h0626,0.08232097089253798,scr2012,stInflow,pumpedStorageOpen
it_cs,h0627,0.0877868088071872,scr2012,stInflow,pumpedStorageOpen
it_cs,h0628,0.0877868088071872,scr2012,stInflow,pumpedStorageOpen
it_cs,h0629,0.0877868088071872,scr2012,stInflow,pumpedStorageOpen
it_cs,h0630,0.0877868088071872,scr2012,stInflow,pumpedStorageOpen
it_cs,h0631,0.0877868088071872,scr2012,stInflow,pumpedStorageOpen
it_cs,h0632,0.0877868088071872,scr2012,stInflow,pumpedStorageOpen
it_cs,h0633,0.0877868088071872,scr2012,stInflow,pumpedStorageOpen
it_cs,h0634,0.0877868088071872,scr2012,stInflow,pumpedStorageOpen
it_cs,h0635,0.0877868088071872,scr2012,stInflow,pumpedStorageOpen
it_cs,h0636,0.0877868088071872,scr2012,stInflow,pumpedStorageOpen
it_cs,h0637,0.07729860581310796,scr2012,stInflow,pumpedStorageOpen
it_cs,h0638,0.06690603170129122,scr2012,stInflow,pumpedStorageOpen
it_cs,h0639,0.056622433857304186,scr2012,stInflow,pumpedStorageOpen
it_cs,h0640,0.056622433857304186,scr2012,stInflow,pumpedStorageOpen
it_cs,h0641,0.056622433857304186,scr2012,stInflow,pumpedStorageOpen
it_cs,h0642,0.056622433857304186,scr2012,stInflow,pumpedStorageOpen
it_cs,h0643,0.056622433857304186,scr2012,stInflow,pumpedStorageOpen
it_cs,h0644,0.056622433857304186,scr2012,stInflow,pumpedStorageOpen
it_cs,h0645,0.056622433857304186,scr2012,stInflow,pumpedStorageOpen
it_cs,h0646,0.056622433857304186,scr2012,stInflow,pumpedStorageOpen
it_cs,h0647,0.056622433857304186,scr2012,stInflow,pumpedStorageOpen
it_cs,h0648,0.056622433857304186,scr2012,stInflow,pumpedStorageOpen
it_cs,h0649,0.05406707013989076,scr2012,stInflow,pumpedStorageOpen
it_cs,h0650,0.05151996366909937,scr2012,stInflow,pumpedStorageOpen
it_cs,h0651,0.04898148564366274,scr2012,stInflow,pumpedStorageOpen
it_cs,h0652,0.04898148564366274,scr2012,stInflow,pumpedStorageOpen
it_cs,h0653,0.04898148564366274,scr2012,stInflow,pumpedStorageOpen
it_cs,h0654,0.04898148564366274,scr2012,stInflow,pumpedStorageOpen
it_cs,h0655,0.04898148564366274,scr2012,stInflow,pumpedStorageOpen
it_cs,h0656,0.04898148564366274,scr2012,stInflow,pumpedStorageOpen
it_cs,h0657,0.04898148564366274,scr2012,stInflow,pumpedStorageOpen
it_cs,h0658,0.04898148564366274,scr2012,stInflow,pumpedStorageOpen
it_cs,h0659,0.04898148564366274,scr2012,stInflow,pumpedStorageOpen
it_cs,h0660,0.04898148564366274,scr2012,stInflow,pumpedStorageOpen
it_cs,h0661,0.0533974187557128,scr2012,stInflow,pumpedStorageOpen
it_cs,h0662,0.05783857831858973,scr2012,stInflow,pumpedStorageOpen
it_cs,h0663,0.062303194994204315,scr2012,stInflow,pumpedStorageOpen
it_cs,h0664,0.062303194994204315,scr2012,stInflow,pumpedStorageOpen
it_cs,h0665,0.062303194994204315,scr2012,stInflow,pumpedStorageOpen
it_cs,h0666,0.062303194994204315,scr2012,stInflow,pumpedStorageOpen
it_cs,h0667,0.062303194994204315,scr2012,stInflow,pumpedStorageOpen
it_cs,h0668,0.062303194994204315,scr2012,stInflow,pumpedStorageOpen
it_cs,h0669,0.062303194994204315,scr2012,stInflow,pumpedStorageOpen
it_cs,h0670,0.062303194994204315,scr2012,stInflow,pumpedStorageOpen
it_cs,h0671,0.062303194994204315,scr2012,stInflow,pumpedStorageOpen
it_cs,h0672,0.062303194994204315,scr2012,stInflow,pumpedStorageOpen
it_n,h0505,0.20758759970645083,scr2012,stInflow,pumpedStorageOpen
it_n,h0506,0.22303693018471538,scr2012,stInflow,pumpedStorageOpen
it_n,h0507,0.2384970454585782,scr2012,stInflow,pumpedStorageOpen
it_n,h0508,0.2384970454585782,scr2012,stInflow,pumpedStorageOpen
it_n,h0509,0.2384970454585782,scr2012,stInflow,pumpedStorageOpen
it_n,h0510,0.2384970454585782,scr2012,stInflow,pumpedStorageOpen
it_n,h0511,0.2384970454585782,scr2012,stInflow,pumpedStorageOpen
it_n,h0512,0.2384970454585782,scr2012,stInflow,pumpedStorageOpen
it_n,h0513,0.2384970454585782,scr2012,stInflow,pumpedStorageOpen
it_n,h0514,0.2384970454585782,scr2012,stInflow,pumpedStorageOpen
it_n,h0515,0.2384970454585782,scr2012,stInflow,pumpedStorageOpen
it_n,h0516,0.2384970454585782,scr2012,stInflow,pumpedStorageOpen
it_n,h0517,0.2384970454585782,scr2012,stInflow,pumpedStorageOpen
it_n,h0518,0.2384970454585782,scr2012,stInflow,pumpedStorageOpen
it_n,h0519,0.2384970454585782,scr2012,stInflow,pumpedStorageOpen
it_n,h0520,0.2384970454585782,scr2012,stInflow,pumpedStorageOpen
it_n,h0521,0.2384970454585782,scr2012,stInflow,pumpedStorageOpen
it_n,h0522,0.2384970454585782,scr2012,stInflow,pumpedStorageOpen
it_n,h0523,0.2696415976171958,scr2012,stInflow,pumpedStorageOpen
it_n,h0524,0.3008224316583677,scr2012,stInflow,pumpedStorageOpen
it_n,h0525,0.33203582675078486,scr2012,stInflow,pumpedStorageOpen
it_n,h0526,0.33203582675078486,scr2012,stInflow,pumpedStorageOpen
it_n,h0527,0.33203582675078486,scr2012,stInflow,pumpedStorageOpen
it_n,h0528,0.33203582675078486,scr2012,stInflow,pumpedStorageOpen
it_n,h0529,0.33203582675078486,scr2012,stInflow,pumpedStorageOpen
it_n,h0530,0.33203582675078486,scr2012,stInflow,pumpedStorageOpen
it_n,h0531,0.33203582675078486,scr2012,stInflow,pumpedStorageOpen
it_n,h0532,0.33203582675078486,scr2012,stInflow,pumpedStorageOpen
it_n,h0533,0.33203582675078486,scr2012,stInflow,pumpedStorageOpen
it_n,h0534,0.33203582675078486,scr2012,stInflow,pumpedStorageOpen
it_n,h0535,0.28571065277612046,scr2012,stInflow,pumpedStorageOpen
it_n,h0536,0.23946116472483867,scr2012,stInflow,pumpedStorageOpen
it_n,h0537,0.19330191229323804,scr2012,stInflow,pumpedStorageOpen
it_n,h0538,0.19330191229323804,scr2012,stInflow,pumpedStorageOpen
it_n,h0539,0.19330191229323804,scr2012,stInflow,pumpedStorageOpen
it_n,h0540,0.19330191229323804,scr2012,stInflow,pumpedStorageOpen
it_n,h0541,0.19330191229323804,scr2012,stInflow,pumpedStorageOpen
it_n,h0542,0.19330191229323804,scr2012,stInflow,pumpedStorageOpen
it_n,h0543,0.19330191229323804,scr2012,stInflow,pumpedStorageOpen
it_n,h0544,0.19330191229323804,scr2012,stInflow,pumpedStorageOpen
it_n,h0545,0.19330191229323804,scr2012,stInflow,pumpedStorageOpen
it_n,h0546,0.19330191229323804,scr2012,stInflow,pumpedStorageOpen
it_n,h0547,0.21145680521933136,scr2012,stInflow,pumpedStorageOpen
it_n,h0548,0.22962742156101323,scr2012,stInflow,pumpedStorageOpen
it_n,h0549,0.2478125307804463,scr2012,stInflow,pumpedStorageOpen
it_n,h0550,0.2478125307804463,scr2012,stInflow,pumpedStorageOpen
it_n,h0551,0.2478125307804463,scr2012,stInflow,pumpedStorageOpen
it_n,h0552,0.2478125307804463,scr2012,stInflow,pumpedStorageOpen
it_n,h0553,0.2478125307804463,scr2012,stInflow,pumpedStorageOpen
it_n,h0554,0.2478125307804463,scr2012,stInflow,pumpedStorageOpen
it_n,h0555,0.2478125307804463,scr2012,stInflow,pumpedStorageOpen
it_n,h0556,0.2478125307804463,scr2012,stInflow,pumpedStorageOpen
it_n,h0557,0.2478125307804463,scr2012,stInflow,pumpedStorageOpen
it_n,h0558,0.2478125307804463,scr2012,stInflow,pumpedStorageOpen
it_n,h0559,0.2364657786361712,scr2012,stInflow,pumpedStorageOpen
it_n,h0560,0.22512450286590055,scr2012,stInflow,pumpedStorageOpen
it_n,h0561,0.21378897563530014,scr2012,stInflow,pumpedStorageOpen
it_n,h0562,0.21378897563530014,scr2012,stInflow,pumpedStorageOpen
it_n,h0563,0.21378897563530014,scr2012,stInflow,pumpedStorageOpen
it_n,h0564,0.21378897563530014,scr2012,stInflow,pumpedStorageOpen
it_n,h0565,0.21378897563530014,scr2012,stInflow,pumpedStorageOpen
it_n,h0566,0.21378897563530014,scr2012,stInflow,pumpedStorageOpen
it_n,h0567,0.21378897563530014,scr2012,stInflow,pumpedStorageOpen
it_n,h0568,0.21378897563530014,scr2012,stInflow,pumpedStorageOpen
it_n,h0569,0.21378897563530014,scr2012,stInflow,pumpedStorageOpen
it_n,h0570,0.21378897563530014,scr2012,stInflow,pumpedStorageOpen
it_n,h0571,0.22947671496658076,scr2012,stInflow,pumpedStorageOpen
it_n,h0572,0.24517526018810204,scr2012,stInflow,pumpedStorageOpen
it_n,h0573,0.2608839278992643,scr2012,stInflow,pumpedStorageOpen
it_n,h0574,0.2608839278992643,scr2012,stInflow,pumpedStorageOpen
it_n,h0575,0.2608839278992643,scr2012,stInflow,pumpedStorageOpen
it_n,h0576,0.2608839278992643,scr2012,stInflow,pumpedStorageOpen
it_n,h0577,0.2608839278992643,scr2012,stInflow,pumpedStorageOpen
it_n,h0578,0.2608839278992643,scr2012,stInflow,pumpedStorageOpen
it_n,h0579,0.2608839278992643,scr2012,stInflow,pumpedStorageOpen
it_n,h0580,0.2608839278992643,scr2012,stInflow,pumpedStorageOpen
it_n,h0581,0.2608839278992643,scr2012,stInflow,pumpedStorageOpen
it_n,h0582,0.2608839278992643,scr2012,stInflow,pumpedStorageOpen
it_n,h0583,0.2797472459581084,scr2012,stInflow,pumpedStorageOpen
it_n,h0584,0.2986233652225843,scr2012,stInflow,pumpedStorageOpen
it_n,h0585,0.3175114873301632,scr2012,stInflow,pumpedStorageOpen
it_n,h0586,0.3175114873301632,scr2012,stInflow,pumpedStorageOpen
it_n,h0587,0.3175114873301632,scr2012,stInflow,pumpedStorageOpen
it_n,h0588,0.3175114873301632,scr2012,stInflow,pumpedStorageOpen
it_n,h0589,0.3175114873301632,scr2012,stInflow,pumpedStorageOpen
it_n,h0590,0.3175114873301632,scr2012,stInflow,pumpedStorageOpen
it_n,h0591,0.3175114873301632,scr2012,stInflow,pumpedStorageOpen
it_n,h0592,0.3175114873301632,scr2012,stInflow,pumpedStorageOpen
it_n,h0593,0.3175114873301632,scr2012,stInflow,pumpedStorageOpen
it_n,h0594,0.3175114873301632,scr2012,stInflow,pumpedStorageOpen
it_n,h0595,0.3175114873301632,scr2012,stInflow,pumpedStorageOpen
it_n,h0596,0.3175114873301632,scr2012,stInflow,pumpedStorageOpen
it_n,h0597,0.3175114873301632,scr2012,stInflow,pumpedStorageOpen
it_n,h0598,0.3175114873301632,scr2012,stInflow,pumpedStorageOpen
it_n,h0599,0.3175114873301632,scr2012,stInflow,pumpedStorageOpen
it_n,h0600,0.3175114873301632,scr2012,stInflow,pumpedStorageOpen
it_n,h0601,0.37185198538635483,scr2012,stInflow,pumpedStorageOpen
it_n,h0602,0.42627259136340395,scr2012,stInflow,pumpedStorageOpen
it_n,h0603,0.48076317748628383,scr2012,stInflow,pumpedStorageOpen
it_n,h0604,0.48076317748628383,scr2012,stInflow,pumpedStorageOpen
it_n,h0605,0.48076317748628383,scr2012,stInflow,pumpedStorageOpen
it_n,h0606,0.48076317748628383,scr2012,stInflow,pumpedStorageOpen
it_n,h0607,0.48076317748628383,scr2012,stInflow,pumpedStorageOpen
it_n,h0608,0.48076317748628383,scr2012,stInflow,pumpedStorageOpen
it_n,h0609,0.48076317748628383,scr2012,stInflow,pumpedStorageOpen
it_n,h0610,0.48076317748628383,scr2012,stInflow,pumpedStorageOpen
it_n,h0611,0.48076317748628383,scr2012,stInflow,pumpedStorageOpen
it_n,h0612,0.48076317748628383,scr2012,stInflow,pumpedStorageOpen
it_n,h0613,0.42302428771297945,scr2012,stInflow,pumpedStorageOpen
it_n,h0614,0.36536459877954663,scr2012,stInflow,pumpedStorageOpen
it_n,h0615,0.30779648333172266,scr2012,stInflow,pumpedStorageOpen
it_n,h0616,0.30779648333172266,scr2012,stInflow,pumpedStorageOpen
it_n,h0617,0.30779648333172266,scr2012,stInflow,pumpedStorageOpen
it_n,h0618,0.30779648333172266,scr2012,stInflow,pumpedStorageOpen
it_n,h0619,0.30779648333172266,scr2012,stInflow,pumpedStorageOpen
it_n,h0620,0.30779648333172266,scr2012,stInflow,pumpedStorageOpen
it_n,h0621,0.30779648333172266,scr2012,stInflow,pumpedStorageOpen
it_n,h0622,0.30779648333172266,scr2012,stInflow,pumpedStorageOpen
it_n,h0623,0.30779648333172266,scr2012,stInflow,pumpedStorageOpen
it_n,h0624,0.30779648333172266,scr2012,stInflow,pumpedStorageOpen
it_n,h0625,0.31719516510488394,scr2012,stInflow,pumpedStorageOpen
it_n,h0626,0.3265966451964508,scr2012,stInflow,pumpedStorageOpen
it_n,h0627,0.3360008442760411,scr2012,stInflow,pumpedStorageOpen
it_n,h0628,0.3360008442760411,scr2012,stInflow,pumpedStorageOpen
it_n,h0629,0.3360008442760411,scr2012,stInflow,pumpedStorageOpen
it_n,h0630,0.3360008442760411,scr2012,stInflow,pumpedStorageOpen
it_n,h0631,0.3360008442760411,scr2012,stInflow,pumpedStorageOpen
it_n,h0632,0.3360008442760411,scr2012,stInflow,pumpedStorageOpen
it_n,h0633,0.3360008442760411,scr2012,stInflow,pumpedStorageOpen
it_n,h0634,0.3360008442760411,scr2012,stInflow,pumpedStorageOpen
it_n,h0635,0.3360008442760411,scr2012,stInflow,pumpedStorageOpen
it_n,h0636,0.3360008442760411,scr2012,stInflow,pumpedStorageOpen
it_n,h0637,0.3336918408321004,scr2012,stInflow,pumpedStorageOpen
it_n,h0638,0.3313829978153689,scr2012,stInflow,pumpedStorageOpen
it_n,h0639,0.329074316325872,scr2012,stInflow,pumpedStorageOpen
it_n,h0640,0.329074316325872,scr2012,stInflow,pumpedStorageOpen
it_n,h0641,0.329074316325872,scr2012,stInflow,pumpedStorageOpen
it_n,h0642,0.329074316325872,scr2012,stInflow,pumpedStorageOpen
it_n,h0643,0.329074316325872,scr2012,stInflow,pumpedStorageOpen
it_n,h0644,0.329074316325872,scr2012,stInflow,pumpedStorageOpen
it_n,h0645,0.329074316325872,scr2012,stInflow,pumpedStorageOpen
it_n,h0646,0.329074316325872,scr2012,stInflow,pumpedStorageOpen
it_n,h0647,0.329074316325872,scr2012,stInflow,pumpedStorageOpen
it_n,h0648,0.329074316325872,scr2012,stInflow,pumpedStorageOpen
it_n,h0649,0.2900354531230555,scr2012,stInflow,pumpedStorageOpen
it_n,h0650,0.25104947633610225,scr2012,stInflow,pumpedStorageOpen
it_n,h0651,0.21212452861894313,scr2012,stInflow,pumpedStorageOpen
it_n,h0652,0.21212452861894313,scr2012,stInflow,pumpedStorageOpen
it_n,h0653,0.21212452861894313,scr2012,stInflow,pumpedStorageOpen
it_n,h0654,0.21212452861894313,scr2012,stInflow,pumpedStorageOpen
it_n,h0655,0.21212452861894313,scr2012,stInflow,pumpedStorageOpen
it_n,h0656,0.21212452861894313,scr2012,stInflow,pumpedStorageOpen
it_n,h0657,0.21212452861894313,scr2012,stInflow,pumpedStorageOpen
it_n,h0658,0.21212452861894313,scr2012,stInflow,pumpedStorageOpen
it_n,h0659,0.21212452861894313,scr2012,stInflow,pumpedStorageOpen
it_n,h0660,0.21212452861894313,scr2012,stInflow,pumpedStorageOpen
it_n,h0661,0.18321680594769088,scr2012,stInflow,pumpedStorageOpen
it_n,h0662,0.15435516253512477,scr2012,stInflow,pumpedStorageOpen
it_n,h0663,0.12554819730597228,scr2012,stInflow,pumpedStorageOpen
it_n,h0664,0.12554819730597228,scr2012,stInflow,pumpedStorageOpen
it_n,h0665,0.12554819730597228,scr2012,stInflow,pumpedStorageOpen
it_n,h0666,0.12554819730597228,scr2012,stInflow,pumpedStorageOpen
it_n,h0667,0.12554819730597228,scr2012,stInflow,pumpedStorageOpen
it_n,h0668,0.12554819730597228,scr2012,stInflow,pumpedStorageOpen
it_n,h0669,0.12554819730597228,scr2012,stInflow,pumpedStorageOpen
it_n,h0670,0.12554819730597228,scr2012,stInflow,pumpedStorageOpen
it_n,h0671,0.12554819730597228,scr2012,stInflow,pumpedStorageOpen
it_n,h0672,0.12554819730597228,scr2012,stInflow,pumpedStorageOpen
it_sic,h0505,0.000301212667106794,scr2012,stInflow,pumpedStorageOpen
it_sic,h0506,0.00028778998061169617,scr2012,stInflow,pumpedStorageOpen
it_sic,h0507,0.0002742378610421438,scr2012,stInflow,pumpedStorageOpen
it_sic,h0508,0.0002742378610421438,scr2012,stInflow,pumpedStorageOpen
it_sic,h0509,0.0002742378610421438,scr2012,stInflow,pumpedStorageOpen
it_sic,h0510,0.0002742378610421438,scr2012,stInflow,pumpedStorageOpen
it_sic,h0511,0.0002742378610421438,scr2012,stInflow,pumpedStorageOpen
it_sic,h0512,0.0002742378610421438,scr2012,stInflow,pumpedStorageOpen
it_sic,h0513,0.0002742378610421438,scr2012,stInflow,pumpedStorageOpen
it_sic,h0514,0.0002742378610421438,scr2012,stInflow,pumpedStorageOpen
it_sic,h0515,0.0002742378610421438,scr2012,stInflow,pumpedStorageOpen
it_sic,h0516,0.0002742378610421438,scr2012,stInflow,pumpedStorageOpen
it_sic,h0517,0.0002742378610421438,scr2012,stInflow,pumpedStorageOpen
it_sic,h0518,0.0002742378610421438,scr2012,stInflow,pumpedStorageOpen
it_sic,h0519,0.0002742378610421438,scr2012,stInflow,pumpedStorageOpen
it_sic,h0520,0.0002742378610421438,scr2012,stInflow,pumpedStorageOpen
it_sic,h0521,0.0002742378610421438,scr2012,stInflow,pumpedStorageOpen
it_sic,h0522,0.0002742378610421438,scr2012,stInflow,pumpedStorageOpen
it_sic,h0523,0.00019586374708481473,scr2012,stInflow,pumpedStorageOpen
it_sic,h0524,0.00011017144848280039,scr2012,stInflow,pumpedStorageOpen
it_sic,h0525,0.0,scr2012,stInflow,pumpedStorageOpen
it_sic,h0526,0.0,scr2012,stInflow,pumpedStorageOpen
it_sic,h0527,0.0,scr2012,stInflow,pumpedStorageOpen
it_sic,h0528,0.0,scr2012,stInflow,pumpedStorageOpen
it_sic,h0529,0.0,scr2012,stInflow,pumpedStorageOpen
it_sic,h0530,0.0,scr2012,stInflow,pumpedStorageOpen
it_sic,h0531,0.0,scr2012,stInflow,pumpedStorageOpen
it_sic,h0532,0.0,scr2012,stInflow,pumpedStorageOpen
it_sic,h0533,0.0,scr2012,stInflow,pumpedStorageOpen
it_sic,h0534,0.0,scr2012,stInflow,pumpedStorageOpen
it_sic,h0535,0.0,scr2012,stInflow,pumpedStorageOpen
it_sic,h0536,0.0,scr2012,stInflow,pumpedStorageOpen
it_sic,h0537,0.0,scr2012,stInflow,pumpedStorageOpen
it_sic,h0538,0.0,scr2012,stInflow,pumpedStorageOpen
it_sic,h0539,0.0,scr2012,stInflow,pumpedStorageOpen
it_sic,h0540,0.0,scr2012,stInflow,pumpedStorageOpen
it_sic,h0541,0.0,scr2012,stInflow,pumpedStorageOpen
it_sic,h0542,0.0,scr2012,stInflow,pumpedStorageOpen
it_sic,h0543,0.0,scr2012,stInflow,pumpedStorageOpen
it_sic,h0544,0.0,scr2012,stInflow,pumpedStorageOpen
it_sic,h0545,0.0,scr2012,stInflow,pumpedStorageOpen
it_sic,h0546,0.0,scr2012,stInflow,pumpedStorageOpen
it_sic,h0547,0.0,scr2012,stInflow,pumpedStorageOpen
it_sic,h0548,0.0,scr2012,stInflow,pumpedStorageOpen
it_sic,h0549,0.0,scr2012,stInflow,pumpedStorageOpen
it_sic,h0550,0.0,scr2012,stInflow,pumpedStorageOpen
it_sic,h0551,0.0,scr2012,stInflow,pumpedStorageOpen
it_sic,h0552,0.0,scr2012,stInflow,pumpedStorageOpen
it_sic,h0553,0.0,scr2012,stInflow,pumpedStorageOpen
it_sic,h0554,0.0,scr2012,stInflow,pumpedStorageOpen
it_sic,h0555,0.0,scr2012,stInflow,pumpedStorageOpen
it_sic,h0556,0.0,scr2012,stInflow,pumpedStorageOpen
it_sic,h0557,0.0,scr2012,stInflow,pumpedStorageOpen
it_sic,h0558,0.0,scr2012,stInflow,pumpedStorageOpen
it_sic,h0559,0.0002486942270156639,scr2012,stInflow,pumpedStorageOpen
it_sic,h0560,0.0004421307321674541,scr2012,stInflow,pumpedStorageOpen
it_sic,h0561,0.000619047619047619,scr2012,stInflow,pumpedStorageOpen
it_sic,h0562,0.000619047619047619,scr2012,stInflow,pumpedStorageOpen
it_sic,h0563,0.000619047619047619,scr2012,stInflow,pumpedStorageOpen
it_sic,h0564,0.000619047619047619,scr2012,stInflow,pumpedStorageOpen
it_sic,h0565,0.000619047619047619,scr2012,stInflow,pumpedStorageOpen
it_sic,h0566,0.000619047619047619,scr2012,stInflow,pumpedStorageOpen
it_sic,h0567,0.000619047619047619,scr2012,stInflow,pumpedStorageOpen
it_sic,h0568,0.000619047619047619,scr2012,stInflow,pumpedStorageOpen
it_sic,h0569,0.000619047619047619,scr2012,stInflow,pumpedStorageOpen
it_sic,h0570,0.000619047619047619,scr2012,stInflow,pumpedStorageOpen
it_sic,h0571,0.0004421307321674541,scr2012,stInflow,pumpedStorageOpen
it_sic,h0572,0.0002486942270156639,scr2012,stInflow,pumpedStorageOpen
it_sic,h0573,0.0,scr2012,stInflow,pumpedStorageOpen
it_sic,h0574,0.0,scr2012,stInflow,pumpedStorageOpen
it_sic,h0575,0.0,scr2012,stInflow,pumpedStorageOpen
it_sic,h0576,0.0,scr2012,stInflow,pumpedStorageOpen
it_sic,h0577,0.0,scr2012,stInflow,pumpedStorageOpen
it_sic,h0578,0.0,scr2012,stInflow,pumpedStorageOpen
it_sic,h0579,0.0,scr2012,stInflow,pumpedStorageOpen
it_sic,h0580,0.0,scr2012,stInflow,pumpedStorageOpen
it_sic,h0581,0.0,scr2012,stInflow,pumpedStorageOpen
it_sic,h0582,0.0,scr2012,stInflow,pumpedStorageOpen
it_sic,h0583,0.0,scr2012,stInflow,pumpedStorageOpen
it_sic,h0584,0.0,scr2012,stInflow,pumpedStorageOpen
it_sic,h0585,0.0,scr2012,stInflow,pumpedStorageOpen
it_sic,h0586,0.0,scr2012,stInflow,pumpedStorageOpen
it_sic,h0587,0.0,scr2012,stInflow,pumpedStorageOpen
it_sic,h0588,0.0,scr2012,stInflow,pumpedStorageOpen
it_sic,h0589,0.0,scr2012,stInflow,pumpedStorageOpen
it_sic,h0590,0.0,scr2012,stInflow,pumpedStorageOpen
it_sic,h0591,0.0,scr2012,stInflow,pumpedStorageOpen
it_sic,h0592,0.0,scr2012,stInflow,pumpedStorageOpen
it_sic,h0593,0.0,scr2012,stInflow,pumpedStorageOpen
it_sic,h0594,0.0,scr2012,stInflow,pumpedStorageOpen
it_sic,h0595,0.0,scr2012,stInflow,pumpedStorageOpen
it_sic,h0596,0.0,scr2012,stInflow,pumpedStorageOpen
it_sic,h0597,0.0,scr2012,stInflow,pumpedStorageOpen
it_sic,h0598,0.0,scr2012,stInflow,pumpedStorageOpen
it_sic,h0599,0.0,scr2012,stInflow,pumpedStorageOpen
it_sic,h0600,0.0,scr2012,stInflow,pumpedStorageOpen
it_sic,h0601,0.0,scr2012,stInflow,pumpedStorageOpen
it_sic,h0602,0.0,scr2012,stInflow,pumpedStorageOpen
it_sic,h0603,0.0,scr2012,stInflow,pumpedStorageOpen
it_sic,h0604,0.0,scr2012,stInflow,pumpedStorageOpen
it_sic,h0605,0.0,scr2012,stInflow,pumpedStorageOpen
it_sic,h0606,0.0,scr2012,stInflow,pumpedStorageOpen
it_sic,h0607,0.0,scr2012,stInflow,pumpedStorageOpen
it_sic,h0608,0.0,scr2012,stInflow,pumpedStorageOpen
it_sic,h0609,0.0,scr2012,stInflow,pumpedStorageOpen
it_sic,h0610,0.0,scr2012,stInflow,pumpedStorageOpen
it_sic,h0611,0.0,scr2012,stInflow,pumpedStorageOpen
it_sic,h0612,0.0,scr2012,stInflow,pumpedStorageOpen
it_sic,h0613,0.0,scr2012,stInflow,pumpedStorageOpen
it_sic,h0614,0.0,scr2012,stInflow,pumpedStorageOpen
it_sic,h0615,0.0,scr2012,stInflow,pumpedStorageOpen
it_sic,h0616,0.0,scr2012,stInflow,pumpedStorageOpen
it_sic,h0617,0.0,scr2012,stInflow,pumpedStorageOpen
it_sic,h0618,0.0,scr2012,stInflow,pumpedStorageOpen
it_sic,h0619,0.0,scr2012,stInflow,pumpedStorageOpen
it_sic,h0620,0.0,scr2012,stInflow,pumpedStorageOpen
it_sic,h0621,0.0,scr2012,stInflow,pumpedStorageOpen
it_sic,h0622,0.0,scr2012,stInflow,pumpedStorageOpen
it_sic,h0623,0.0,scr2012,stInflow,pumpedStorageOpen
it_sic,h0624,0.0,scr2012,stInflow,pumpedStorageOpen
it_sic,h0625,0.0,scr2012,stInflow,pumpedStorageOpen
it_sic,h0626,0.0,scr2012,stInflow,pumpedStorageOpen
it_sic,h0627,0.0,scr2012,stInflow,pumpedStorageOpen
it_sic,h0628,0.0,scr2012,stInflow,pumpedStorageOpen
it_sic,h0629,0.0,scr2012,stInflow,pumpedStorageOpen
it_sic,h0630,0.0,scr2012,stInflow,pumpedStorageOpen
it_sic,h0631,0.0,scr2012,stInflow,pumpedStorageOpen
it_sic,h0632,0.0,scr2012,stInflow,pumpedStorageOpen
it_sic,h0633,0.0,scr2012,stInflow,pumpedStorageOpen
it_sic,h0634,0.0,scr2012,stInflow,pumpedStorageOpen
it_sic,h0635,0.0,scr2012,stInflow,pumpedStorageOpen
it_sic,h0636,0.0,scr2012,stInflow,pumpedStorageOpen
it_sic,h0637,0.0,scr2012,stInflow,pumpedStorageOpen
it_sic,h0638,0.0,scr2012,stInflow,pumpedStorageOpen
it_sic,h0639,0.0,scr2012,stInflow,pumpedStorageOpen
it_sic,h0640,0.0,scr2012,stInflow,pumpedStorageOpen
it_sic,h0641,0.0,scr2012,stInflow,pumpedStorageOpen
it_sic,h0642,0.0,scr2012,stInflow,pumpedStorageOpen
it_sic,h0643,0.0,scr2012,stInflow,pumpedStorageOpen
it_sic,h0644,0.0,scr2012,stInflow,pumpedStorageOpen
it_sic,h0645,0.0,scr2012,stInflow,pumpedStorageOpen
it_sic,h0646,0.0,scr2012,stInflow,pumpedStorageOpen
it_sic,h0647,0.0,scr2012,stInflow,pumpedStorageOpen
it_sic,h0648,0.0,scr2012,stInflow,pumpedStorageOpen
it_sic,h0649,0.0,scr2012,stInflow,pumpedStorageOpen
it_sic,h0650,0.0,scr2012,stInflow,pumpedStorageOpen
it_sic,h0651,0.0,scr2012,stInflow,pumpedStorageOpen
it_sic,h0652,0.0,scr2012,stInflow,pumpedStorageOpen
it_sic,h0653,0.0,scr2012,stInflow,pumpedStorageOpen
it_sic,h0654,0.0,scr2012,stInflow,pumpedStorageOpen
it_sic,h0655,0.0,scr2012,stInflow,pumpedStorageOpen
it_sic,h0656,0.0,scr2012,stInflow,pumpedStorageOpen
it_sic,h0657,0.0,scr2012,stInflow,pumpedStorageOpen
it_sic,h0658,0.0,scr2012,stInflow,pumpedStorageOpen
it_sic,h0659,0.0,scr2012,stInflow,pumpedStorageOpen
it_sic,h0660,0.0,scr2012,stInflow,pumpedStorageOpen
it_sic,h0661,0.0002486942270156639,scr2012,stInflow,pumpedStorageOpen
it_sic,h0662,0.0004421307321674541,scr2012,stInflow,pumpedStorageOpen
it_sic,h0663,0.000619047619047619,scr2012,stInflow,pumpedStorageOpen
it_sic,h0664,0.000619047619047619,scr2012,stInflow,pumpedStorageOpen
it_sic,h0665,0.000619047619047619,scr2012,stInflow,pumpedStorageOpen
it_sic,h0666,0.000619047619047619,scr2012,stInflow,pumpedStorageOpen
it_sic,h0667,0.000619047619047619,scr2012,stInflow,pumpedStorageOpen
it_sic,h0668,0.000619047619047619,scr2012,stInflow,pumpedStorageOpen
it_sic,h0669,0.000619047619047619,scr2012,stInflow,pumpedStorageOpen
it_sic,h0670,0.000619047619047619,scr2012,stInflow,pumpedStorageOpen
it_sic,h0671,0.000619047619047619,scr2012,stInflow,pumpedStorageOpen
it_sic,h0672,0.000619047619047619,scr2012,stInflow,pumpedStorageOpen
no_m,h0505,1.6516409217150676,scr2012,stInflow,pumpedStorageOpen
no_m,h0506,1.8660225272619266,scr2012,stInflow,pumpedStorageOpen
no_m,h0507,2.080406601129338,scr2012,stInflow,pumpedStorageOpen
no_m,h0508,2.080406601129338,scr2012,stInflow,pumpedStorageOpen
no_m,h0509,2.080406601129338,scr2012,stInflow,pumpedStorageOpen
no_m,h0510,2.080406601129338,scr2012,stInflow,pumpedStorageOpen
no_m,h0511,2.080406601129338,scr2012,stInflow,pumpedStorageOpen
no_m,h0512,2.080406601129338,scr2012,stInflow,pumpedStorageOpen
no_m,h0513,2.080406601129338,scr2012,stInflow,pumpedStorageOpen
no_m,h0514,2.080406601129338,scr2012,stInflow,pumpedStorageOpen
no_m,h0515,2.080406601129338,scr2012,stInflow,pumpedStorageOpen
no_m,h0516,2.080406601129338,scr2012,stInflow,pumpedStorageOpen
no_m,h0517,2.080406601129338,scr2012,stInflow,pumpedStorageOpen
no_m,h0518,2.080406601129338,scr2012,stInflow,pumpedStorageOpen
no_m,h0519,2.080406601129338,scr2012,stInflow,pumpedStorageOpen
no_m,h0520,2.080406601129338,scr2012,stInflow,pumpedStorageOpen
no_m,h0521,2.080406601129338,scr2012,stInflow,pumpedStorageOpen
no_m,h0522,2.080406601129338,scr2012,stInflow,pumpedStorageOpen
no_m,h0523,2.100717083907712,scr2012,stInflow,pumpedStorageOpen
no_m,h0524,2.1210275863222496,scr2012,stInflow,pumpedStorageOpen
no_m,h0525,2.1413381081849425,scr2012,stInflow,pumpedStorageOpen
no_m,h0526,2.1413381081849425,scr2012,stInflow,pumpedStorageOpen
no_m,h0527,2.1413381081849425,scr2012,stInflow,pumpedStorageOpen
no_m,h0528,2.1413381081849425,scr2012,stInflow,pumpedStorageOpen
no_m,h0529,2.1413381081849425,scr2012,stInflow,pumpedStorageOpen
no_m,h0530,2.1413381081849425,scr2012,stInflow,pumpedStorageOpen
no_m,h0531,2.1413381081849425,scr2012,stInflow,pumpedStorageOpen
no_m,h0532,2.1413381081849425,scr2012,stInflow,pumpedStorageOpen
no_m,h0533,2.1413381081849425,scr2012,stInflow,pumpedStorageOpen
no_m,h0534,2.1413381081849425,scr2012,stInflow,pumpedStorageOpen
no_m,h0535,1.927819004049649,scr2012,stInflow,pumpedStorageOpen
no_m,h0536,1.7143022694980774,scr2012,stInflow,pumpedStorageOpen
no_m,h0537,1.5007882010708353,scr2012,stInflow,pumpedStorageOpen
no_m,h0538,1.5007882010708353,scr2012,stInflow,pumpedStorageOpen
no_m,h0539,1.5007882010708353,scr2012,stInflow,pumpedStorageOpen
no_m,h0540,1.5007882010708353,scr2012,stInflow,pumpedStorageOpen
no_m,h0541,1.5007882010708353,scr2012,stInflow,pumpedStorageOpen
no_m,h0542,1.5007882010708353,scr2012,stInflow,pumpedStorageOpen
no_m,h0543,1.5007882010708353,scr2012,stInflow,pumpedStorageOpen
no_m,h0544,1.5007882010708353,scr2012,stInflow,pumpedStorageOpen
no_m,h0545,1.5007882010708353,scr2012,stInflow,pumpedStorageOpen
no_m,h0546,1.5007882010708353,scr2012,stInflow,pumpedStorageOpen
no_m,h0547,1.5360309063277655,scr2012,stInflow,pumpedStorageOpen
no_m,h0548,1.5712736924498643,scr2012,stInflow,pumpedStorageOpen
no_m,h0549,1.6065165576233107,scr2012,stInflow,pumpedStorageOpen
no_m,h0550,1.6065165576233107,scr2012,stInflow,pumpedStorageOpen
no_m,h0551,1.6065165576233107,scr2012,stInflow,pumpedStorageOpen
no_m,h0552,1.6065165576233107,scr2012,stInflow,pumpedStorageOpen
no_m,h0553,1.6065165576233107,scr2012,stInflow,pumpedStorageOpen
no_m,h0554,1.6065165576233107,scr2012,stInflow,pumpedStorageOpen
no_m,h0555,1.6065165576233107,scr2012,stInflow,pumpedStorageOpen
no_m,h0556,1.6065165576233107,scr2012,stInflow,pumpedStorageOpen
no_m,h0557,1.6065165576233107,scr2012,stInflow,pumpedStorageOpen
no_m,h0558,1.6065165576233107,scr2012,stInflow,pumpedStorageOpen
no_m,h0559,1.6237415708853797,scr2012,stInflow,pumpedStorageOpen
no_m,h0560,1.6409666024197487,scr2012,stInflow,pumpedStorageOpen
no_m,h0561,1.6581916520346358,scr2012,stInflow,pumpedStorageOpen
no_m,h0562,1.6581916520346358,scr2012,stInflow,pumpedStorageOpen
no_m,h0563,1.6581916520346358,scr2012,stInflow,pumpedStorageOpen
no_m,h0564,1.6581916520346358,scr2012,stInflow,pumpedStorageOpen
no_m,h0565,1.6581916520346358,scr2012,stInflow,pumpedStorageOpen
no_m,h0566,1.6581916520346358,scr2012,stInflow,pumpedStorageOpen
no_m,h0567,1.6581916520346358,scr2012,stInflow,pumpedStorageOpen
no_m,h0568,1.6581916520346358,scr2012,stInflow,pumpedStorageOpen
no_m,h0569,1.6581916520346358,scr2012,stInflow,pumpedStorageOpen
no_m,h0570,1.6581916520346358,scr2012,stInflow,pumpedStorageOpen
no_m,h0571,1.5172091672786587,scr2012,stInflow,pumpedStorageOpen
no_m,h0572,1.3762279943954419,scr2012,stInflow,pumpedStorageOpen
no_m,h0573,1.2352482682057462,scr2012,stInflow,pumpedStorageOpen
no_m,h0574,1.2352482682057462,scr2012,stInflow,pumpedStorageOpen
no_m,h0575,1.2352482682057462,scr2012,stInflow,pumpedStorageOpen
no_m,h0576,1.2352482682057462,scr2012,stInflow,pumpedStorageOpen
no_m,h0577,1.2352482682057462,scr2012,stInflow,pumpedStorageOpen
no_m,h0578,1.2352482682057462,scr2012,stInflow,pumpedStorageOpen
no_m,h0579,1.2352482682057462,scr2012,stInflow,pumpedStorageOpen
no_m,h0580,1.2352482682057462,scr2012,stInflow,pumpedStorageOpen
no_m,h0581,1.2352482682057462,scr2012,stInflow,pumpedStorageOpen
no_m,h0582,1.2352482682057462,scr2012,stInflow,pumpedStorageOpen
no_m,h0583,1.801296058959675,scr2012,stInflow,pumpedStorageOpen
no_m,h0584,2.3673619421744108,scr2012,stInflow,pumpedStorageOpen
no_m,h0585,2.9334414922714753,scr2012,stInflow,pumpedStorageOpen
no_m,h0586,2.9334414922714753,scr2012,stInflow,pumpedStorageOpen
no_m,h0587,2.9334414922714753,scr2012,stInflow,pumpedStorageOpen
no_m,h0588,2.9334414922714753,scr2012,stInflow,pumpedStorageOpen
no_m,h0589,2.9334414922714753,scr2012,stInflow,pumpedStorageOpen
no_m,h0590,2.9334414922714753,scr2012,stInflow,pumpedStorageOpen
no_m,h0591,2.9334414922714753,scr2012,stInflow,pumpedStorageOpen
no_m,h0592,2.9334414922714753,scr2012,stInflow,pumpedStorageOpen
no_m,h0593,2.9334414922714753,scr2012,stInflow,pumpedStorageOpen
no_m,h0594,2.9334414922714753,scr2012,stInflow,pumpedStorageOpen
no_m,h0595,2.9334414922714753,scr2012,stInflow,pumpedStorageOpen
no_m,h0596,2.9334414922714753,scr2012,stInflow,pumpedStorageOpen
no_m,h0597,2.9334414922714753,scr2012,stInflow,pumpedStorageOpen
no_m,h0598,2.9334414922714753,scr2012,stInflow,pumpedStorageOpen
no_m,h0599,2.9334414922714753,scr2012,stInflow,pumpedStorageOpen
no_m,h0600,2.9334414922714753,scr2012,stInflow,pumpedStorageOpen
no_m,h0601,2.774464719257198,scr2012,stInflow,pumpedStorageOpen
no_m,h0602,2.6154888576139554,scr2012,stInflow,pumpedStorageOpen
no_m,h0603,2.456513962794154,scr2012,stInflow,pumpedStorageOpen
no_m,h0604,2.456513962794154,scr2012,stInflow,pumpedStorageOpen
no_m,h0605,2.456513962794154,scr2012,stInflow,pumpedStorageOpen
no_m,h0606,2.456513962794154,scr2012,stInflow,pumpedStorageOpen
no_m,h0607,2.456513962794154,scr2012,stInflow,pumpedStorageOpen
no_m,h0608,2.456513962794154,scr2012,stInflow,pumpedStorageOpen
no_m,h0609,2.456513962794154,scr2012,stInflow,pumpedStorageOpen
no_m,h0610,2.456513962794154,scr2012,stInflow,pumpedStorageOpen
no_m,h0611,2.456513962794154,scr2012,stInflow,pumpedStorageOpen
no_m,h0612,2.456513962794154,scr2012,stInflow,pumpedStorageOpen
no_m,h0613,1.947263352088669,scr2012,stInflow,pumpedStorageOpen
no_m,h0614,1.4380262144393994,scr2012,stInflow,pumpedStorageOpen
no_m,h0615,0.9288075059046463,scr2012,stInflow,pumpedStorageOpen
no_m,h0616,0.9288075059046463,scr2012,stInflow,pumpedStorageOpen
no_m,h0617,0.9288075059046463,scr2012,stInflow,pumpedStorageOpen
no_m,h0618,0.9288075059046463,scr2012,stInflow,pumpedStorageOpen
no_m,h0619,0.9288075059046463,scr2012,stInflow,pumpedStorageOpen
no_m,h0620,0.9288075059046463,scr2012,stInflow,pumpedStorageOpen
no_m,h0621,0.9288075059046463,scr2012,stInflow,pumpedStorageOpen
no_m,h0622,0.9288075059046463,scr2012,stInflow,pumpedStorageOpen
no_m,h0623,0.9288075059046463,scr2012,stInflow,pumpedStorageOpen
no_m,h0624,0.9288075059046463,scr2012,stInflow,pumpedStorageOpen
no_m,h0625,0.7636733781916636,scr2012,stInflow,pumpedStorageOpen
no_m,h0626,0.5985428496631016,scr2012,stInflow,pumpedStorageOpen
no_m,h0627,0.433416936670829,scr2012,stInflow,pumpedStorageOpen
no_m,h0628,0.433416936670829,scr2012,stInflow,pumpedStorageOpen
no_m,h0629,0.433416936670829,scr2012,stInflow,pumpedStorageOpen
no_m,h0630,0.433416936670829,scr2012,stInflow,pumpedStorageOpen
no_m,h0631,0.433416936670829,scr2012,stInflow,pumpedStorageOpen
no_m,h0632,0.433416936670829,scr2012,stInflow,pumpedStorageOpen
no_m,h0633,0.433416936670829,scr2012,stInflow,pumpedStorageOpen
no_m,h0634,0.433416936670829,scr2012,stInflow,pumpedStorageOpen
no_m,h0635,0.433416936670829,scr2012,stInflow,pumpedStorageOpen
no_m,h0636,0.433416936670829,scr2012,stInflow,pumpedStorageOpen
no_m,h0637,0.3898673858889578,scr2012,stInflow,pumpedStorageOpen
no_m,h0638,0.3463183226544093,scr2012,stInflow,pumpedStorageOpen
no_m,h0639,0.3027698085877534,scr2012,stInflow,pumpedStorageOpen
no_m,h0640,0.3027698085877534,scr2012,stInflow,pumpedStorageOpen
no_m,h0641,0.3027698085877534,scr2012,stInflow,pumpedStorageOpen
no_m,h0642,0.3027698085877534,scr2012,stInflow,pumpedStorageOpen
no_m,h0643,0.3027698085877534,scr2012,stInflow,pumpedStorageOpen
no_m,h0644,0.3027698085877534,scr2012,stInflow,pumpedStorageOpen
no_m,h0645,0.3027698085877534,scr2012,stInflow,pumpedStorageOpen
no_m,h0646,0.3027698085877534,scr2012,stInflow,pumpedStorageOpen
no_m,h0647,0.3027698085877534,scr2012,stInflow,pumpedStorageOpen
no_m,h0648,0.3027698085877534,scr2012,stInflow,pumpedStorageOpen
no_m,h0649,0.2858696377718777,scr2012,stInflow,pumpedStorageOpen
no_m,h0650,0.26896956694868807,scr2012,stInflow,pumpedStorageOpen
no_m,h0651,0.2520696024099982,scr2012,stInflow,pumpedStorageOpen
no_m,h0652,0.2520696024099982,scr2012,stInflow,pumpedStorageOpen
no_m,h0653,0.2520696024099982,scr2012,stInflow,pumpedStorageOpen
no_m,h0654,0.2520696024099982,scr2012,stInflow,pumpedStorageOpen
no_m,h0655,0.2520696024099982,scr2012,stInflow,pumpedStorageOpen
no_m,h0656,0.2520696024099982,scr2012,stInflow,pumpedStorageOpen
no_m,h0657,0.2520696024099982,scr2012,stInflow,pumpedStorageOpen
no_m,h0658,0.2520696024099982,scr2012,stInflow,pumpedStorageOpen
no_m,h0659,0.2520696024099982,scr2012,stInflow,pumpedStorageOpen
no_m,h0660,0.2520696024099982,scr2012,stInflow,pumpedStorageOpen
no_m,h0661,0.3078124081313477,scr2012,stInflow,pumpedStorageOpen
no_m,h0662,0.36355622914774743,scr2012,stInflow,pumpedStorageOpen
no_m,h0663,0.4193009084178409,scr2012,stInflow,pumpedStorageOpen
no_m,h0664,0.4193009084178409,scr2012,stInflow,pumpedStorageOpen
no_m,h0665,0.4193009084178409,scr2012,stInflow,pumpedStorageOpen
no_m,h0666,0.4193009084178409,scr2012,stInflow,pumpedStorageOpen
no_m,h0667,0.4193009084178409,scr2012,stInflow,pumpedStorageOpen
no_m,h0668,0.4193009084178409,scr2012,stInflow,pumpedStorageOpen
no_m,h0669,0.4193009084178409,scr2012,stInflow,pumpedStorageOpen
no_m,h0670,0.4193009084178409,scr2012,stInflow,pumpedStorageOpen
no_m,h0671,0.4193009084178409,scr2012,stInflow,pumpedStorageOpen
no_m,h0672,0.4193009084178409,scr2012,stInflow,pumpedStorageOpen
no_n,h0505,1.9010564143722217,scr2012,stInflow,pumpedStorageOpen
no_n,h0506,1.8965631229291613,scr2012,stInflow,pumpedStorageOpen
no_n,h0507,1.8920699386680002,scr2012,stInflow,pumpedStorageOpen
no_n,h0508,1.8920699386680002,scr2012,stInflow,pumpedStorageOpen
no_n,h0509,1.8920699386680002,scr2012,stInflow,pumpedStorageOpen
no_n,h0510,1.8920699386680002,scr2012,stInflow,pumpedStorageOpen
no_n,h0511,1.8920699386680002,scr2012,stInflow,pumpedStorageOpen
no_n,h0512,1.8920699386680002,scr2012,stInflow,pumpedStorageOpen
no_n,h0513,1.8920699386680002,scr2012,stInflow,pumpedStorageOpen
no_n,h0514,1.8920699386680002,scr2012,stInflow,pumpedStorageOpen
no_n,h0515,1.8920699386680002,scr2012,stInflow,pumpedStorageOpen
no_n,h0516,1.8920699386680002,scr2012,stInflow,pumpedStorageOpen
no_n,h0517,1.8920699386680002,scr2012,stInflow,pumpedStorageOpen
no_n,h0518,1.8920699386680002,scr2012,stInflow,pumpedStorageOpen
no_n,h0519,1.8920699386680002,scr2012,stInflow,pumpedStorageOpen
no_n,h0520,1.8920699386680002,scr2012,stInflow,pumpedStorageOpen
no_n,h0521,1.8920699386680002,scr2012,stInflow,pumpedStorageOpen
no_n,h0522,1.8920699386680002,scr2012,stInflow,pumpedStorageOpen
no_n,h0523,1.8691939096695516,scr2012,stInflow,pumpedStorageOpen
no_n,h0524,1.8463206995604222,scr2012,stInflow,pumpedStorageOpen
no_n,h0525,1.8234503428063544,scr2012,stInflow,pumpedStorageOpen
no_n,h0526,1.8234503428063544,scr2012,stInflow,pumpedStorageOpen
no_n,h0527,1.8234503428063544,scr2012,stInflow,pumpedStorageOpen
no_n,h0528,1.8234503428063544,scr2012,stInflow,pumpedStorageOpen
no_n,h0529,1.8234503428063544,scr2012,stInflow,pumpedStorageOpen
no_n,h0530,1.8234503428063544,scr2012,stInflow,pumpedStorageOpen
no_n,h0531,1.8234503428063544,scr2012,stInflow,pumpedStorageOpen
no_n,h0532,1.8234503428063544,scr2012,stInflow,pumpedStorageOpen
no_n,h0533,1.8234503428063544,scr2012,stInflow,pumpedStorageOpen
no_n,h0534,1.8234503428063544,scr2012,stInflow,pumpedStorageOpen
no_n,h0535,1.596839649540003,scr2012,stInflow,pumpedStorageOpen
no_n,h0536,1.3705538047897008,scr2012,stInflow,pumpedStorageOpen
no_n,h0537,1.1446462447315826,scr2012,stInflow,pumpedStorageOpen
no_n,h0538,1.1446462447315826,scr2012,stInflow,pumpedStorageOpen
no_n,h0539,1.1446462447315826,scr2012,stInflow,pumpedStorageOpen
no_n,h0540,1.1446462447315826,scr2012,stInflow,pumpedStorageOpen
no_n,h0541,1.1446462447315826,scr2012,stInflow,pumpedStorageOpen
no_n,h0542,1.1446462447315826,scr2012,stInflow,pumpedStorageOpen
no_n,h0543,1.1446462447315826,scr2012,stInflow,pumpedStorageOpen
no_n,h0544,1.1446462447315826,scr2012,stInflow,pumpedStorageOpen
no_n,h0545,1.1446462447315826,scr2012,stInflow,pumpedStorageOpen
no_n,h0546,1.1446462447315826,scr2012,stInflow,pumpedStorageOpen
no_n,h0547,1.2168233563876492,scr2012,stInflow,pumpedStorageOpen
no_n,h0548,1.289043794223687,scr2012,stInflow,pumpedStorageOpen
no_n,h0549,1.3613051509586118,scr2012,stInflow,pumpedStorageOpen
no_n,h0550,1.3613051509586118,scr2012,stInflow,pumpedStorageOpen
no_n,h0551,1.3613051509586118,scr2012,stInflow,pumpedStorageOpen
no_n,h0552,1.3613051509586118,scr2012,stInflow,pumpedStorageOpen
no_n,h0553,1.3613051509586118,scr2012,stInflow,pumpedStorageOpen
no_n,h0554,1.3613051509586118,scr2012,stInflow,pumpedStorageOpen
no_n,h0555,1.3613051509586118,scr2012,stInflow,pumpedStorageOpen
no_n,h0556,1.3613051509586118,scr2012,stInflow,pumpedStorageOpen
no_n,h0557,1.3613051509586118,scr2012,stInflow,pumpedStorageOpen
no_n,h0558,1.3613051509586118,scr2012,stInflow,pumpedStorageOpen
no_n,h0559,1.2698646762921464,scr2012,stInflow,pumpedStorageOpen
no_n,h0560,1.1784907358632388,scr2012,stInflow,pumpedStorageOpen
no_n,h0561,1.087188448054105,scr2012,stInflow,pumpedStorageOpen
no_n,h0562,1.087188448054105,scr2012,stInflow,pumpedStorageOpen
no_n,h0563,1.087188448054105,scr2012,stInflow,pumpedStorageOpen
no_n,h0564,1.087188448054105,scr2012,stInflow,pumpedStorageOpen
no_n,h0565,1.087188448054105,scr2012,stInflow,pumpedStorageOpen
no_n,h0566,1.087188448054105,scr2012,stInflow,pumpedStorageOpen
no_n,h0567,1.087188448054105,scr2012,stInflow,pumpedStorageOpen
no_n,h0568,1.087188448054105,scr2012,stInflow,pumpedStorageOpen
no_n,h0569,1.087188448054105,scr2012,stInflow,pumpedStorageOpen
no_n,h0570,1.087188448054105,scr2012,stInflow,pumpedStorageOpen
no_n,h0571,1.0452749033045308,scr2012,stInflow,pumpedStorageOpen
no_n,h0572,1.0033783745756206,scr2012,stInflow,pumpedStorageOpen
no_n,h0573,0.9614995674967328,scr2012,stInflow,pumpedStorageOpen
no_n,h0574,0.9614995674967328,scr2012,stInflow,pumpedStorageOpen
no_n,h0575,0.9614995674967328,scr2012,stInflow,pumpedStorageOpen
no_n,h0576,0.9614995674967328,scr2012,stInflow,pumpedStorageOpen
no_n,h0577,0.9614995674967328,scr2012,stInflow,pumpedStorageOpen
no_n,h0578,0.9614995674967328,scr2012,stInflow,pumpedStorageOpen
no_n,h0579,0.9614995674967328,scr2012,stInflow,pumpedStorageOpen
no_n,h0580,0.9614995674967328,scr2012,stInflow,pumpedStorageOpen
no_n,h0581,0.9614995674967328,scr2012,stInflow,pumpedStorageOpen
no_n,h0582,0.9614995674967328,scr2012,stInflow,pumpedStorageOpen
no_n,h0583,1.2357405693106371,scr2012,stInflow,pumpedStorageOpen
no_n,h0584,1.5106032461803154,scr2012,stInflow,pumpedStorageOpen
no_n,h0585,1.7859741507704878,scr2012,stInflow,pumpedStorageOpen
no_n,h0586,1.7859741507704878,scr2012,stInflow,pumpedStorageOpen
no_n,h0587,1.7859741507704878,scr2012,stInflow,pumpedStorageOpen
no_n,h0588,1.7859741507704878,scr2012,stInflow,pumpedStorageOpen
no_n,h0589,1.7859741507704878,scr2012,stInflow,pumpedStorageOpen
no_n,h0590,1.7859741507704878,scr2012,stInflow,pumpedStorageOpen
no_n,h0591,1.7859741507704878,scr2012,stInflow,pumpedStorageOpen
no_n,h0592,1.7859741507704878,scr2012,stInflow,pumpedStorageOpen
no_n,h0593,1.7859741507704878,scr2012,stInflow,pumpedStorageOpen
no_n,h0594,1.7859741507704878,scr2012,stInflow,pumpedStorageOpen
no_n,h0595,1.7859741507704878,scr2012,stInflow,pumpedStorageOpen
no_n,h0596,1.7859741507704878,scr2012,stInflow,pumpedStorageOpen
no_n,h0597,1.7859741507704878,scr2012,stInflow,pumpedStorageOpen
no_n,h0598,1.7859741507704878,scr2012,stInflow,pumpedStorageOpen
no_n,h0599,1.7859741507704878,scr2012,stInflow,pumpedStorageOpen
no_n,h0600,1.7859741507704878,scr2012,stInflow,pumpedStorageOpen
no_n,h0601,1.7799155860601872,scr2012,stInflow,pumpedStorageOpen
no_n,h0602,1.7738572290772605,scr2012,stInflow,pumpedStorageOpen
no_n,h0603,1.7677990805221375,scr2012,stInflow,pumpedStorageOpen
no_n,h0604,1.7677990805221375,scr2012,stInflow,pumpedStorageOpen
no_n,h0605,1.7677990805221375,scr2012,stInflow,pumpedStorageOpen
no_n,h0606,1.7677990805221375,scr2012,stInflow,pumpedStorageOpen
no_n,h0607,1.7677990805221375,scr2012,stInflow,pumpedStorageOpen
no_n,h0608,1.7677990805221375,scr2012,stInflow,pumpedStorageOpen
no_n,h0609,1.7677990805221375,scr2012,stInflow,pumpedStorageOpen
no_n,h0610,1.7677990805221375,scr2012,stInflow,pumpedStorageOpen
no_n,h0611,1.7677990805221375,scr2012,stInflow,pumpedStorageOpen
no_n,h0612,1.7677990805221375,scr2012,stInflow,pumpedStorageOpen
no_n,h0613,1.510262728823944,scr2012,stInflow,pumpedStorageOpen
no_n,h0614,1.2531707462422126,scr2012,stInflow,pumpedStorageOpen
no_n,h0615,0.9966144190603776,scr2012,stInflow,pumpedStorageOpen
no_n,h0616,0.9966144190603776,scr2012,stInflow,pumpedStorageOpen
no_n,h0617,0.9966144190603776,scr2012,stInflow,pumpedStorageOpen
no_n,h0618,0.9966144190603776,scr2012,stInflow,pumpedStorageOpen
no_n,h0619,0.9966144190603776,scr2012,stInflow,pumpedStorageOpen
no_n,h0620,0.9966144190603776,scr2012,stInflow,pumpedStorageOpen
no_n,h0621,0.9966144190603776,scr2012,stInflow,pumpedStorageOpen
no_n,h0622,0.9966144190603776,scr2012,stInflow,pumpedStorageOpen
no_n,h0623,0.9966144190603776,scr2012,stInflow,pumpedStorageOpen
no_n,h0624,0.9966144190603776,scr2012,stInflow,pumpedStorageOpen
no_n,h0625,0.880830452713542,scr2012,stInflow,pumpedStorageOpen
no_n,h0626,0.7652012141260092,scr2012,stInflow,pumpedStorageOpen
no_n,h0627,0.6497501508277828,scr2012,stInflow,pumpedStorageOpen
no_n,h0628,0.6497501508277828,scr2012,stInflow,pumpedStorageOpen
no_n,h0629,0.6497501508277828,scr2012,stInflow,pumpedStorageOpen
no_n,h0630,0.6497501508277828,scr2012,stInflow,pumpedStorageOpen
no_n,h0631,0.6497501508277828,scr2012,stInflow,pumpedStorageOpen
no_n,h0632,0.6497501508277828,scr2012,stInflow,pumpedStorageOpen
no_n,h0633,0.6497501508277828,scr2012,stInflow,pumpedStorageOpen
no_n,h0634,0.6497501508277828,scr2012,stInflow,pumpedStorageOpen
no_n,h0635,0.6497501508277828,scr2012,stInflow,pumpedStorageOpen
no_n,h0636,0.6497501508277828,scr2012,stInflow,pumpedStorageOpen
no_n,h0637,0.5987680594376976,scr2012,stInflow,pumpedStorageOpen
no_n,h0638,0.5478303606993284,scr2012,stInflow,pumpedStorageOpen
no_n,h0639,0.49694120681622206,scr2012,stInflow,pumpedStorageOpen
no_n,h0640,0.49694120681622206,scr2012,stInflow,pumpedStorageOpen
no_n,h0641,0.49694120681622206,scr2012,stInflow,pumpedStorageOpen
no_n,h0642,0.49694120681622206,scr2012,stInflow,pumpedStorageOpen
no_n,h0643,0.49694120681622206,scr2012,stInflow,pumpedStorageOpen
no_n,h0644,0.49694120681622206,scr2012,stInflow,pumpedStorageOpen
no_n,h0645,0.49694120681622206,scr2012,stInflow,pumpedStorageOpen
no_n,h0646,0.49694120681622206,scr2012,stInflow,pumpedStorageOpen
no_n,h0647,0.49694120681622206,scr2012,stInflow,pumpedStorageOpen
no_n,h0648,0.49694120681622206,scr2012,stInflow,pumpedStorageOpen
no_n,h0649,0.4736746313618472,scr2012,stInflow,pumpedStorageOpen
no_n,h0650,0.45041980742933396,scr2012,stInflow,pumpedStorageOpen
no_n,h0651,0.4271773476617879,scr2012,stInflow,pumpedStorageOpen
no_n,h0652,0.4271773476617879,scr2012,stInflow,pumpedStorageOpen
no_n,h0653,0.4271773476617879,scr2012,stInflow,pumpedStorageOpen
no_n,h0654,0.4271773476617879,scr2012,stInflow,pumpedStorageOpen
no_n,h0655,0.4271773476617879,scr2012,stInflow,pumpedStorageOpen
no_n,h0656,0.4271773476617879,scr2012,stInflow,pumpedStorageOpen
no_n,h0657,0.4271773476617879,scr2012,stInflow,pumpedStorageOpen
no_n,h0658,0.4271773476617879,scr2012,stInflow,pumpedStorageOpen
no_n,h0659,0.4271773476617879,scr2012,stInflow,pumpedStorageOpen
no_n,h0660,0.4271773476617879,scr2012,stInflow,pumpedStorageOpen
no_n,h0661,0.4118450967872458,scr2012,stInflow,pumpedStorageOpen
no_n,h0662,0.3965187400873472,scr2012,stInflow,pumpedStorageOpen
no_n,h0663,0.3811985084903422,scr2012,stInflow,pumpedStorageOpen
no_n,h0664,0.3811985084903422,scr2012,stInflow,pumpedStorageOpen
no_n,h0665,0.3811985084903422,scr2012,stInflow,pumpedStorageOpen
no_n,h0666,0.3811985084903422,scr2012,stInflow,pumpedStorageOpen
no_n,h0667,0.3811985084903422,scr2012,stInflow,pumpedStorageOpen
no_n,h0668,0.3811985084903422,scr2012,stInflow,pumpedStorageOpen
no_n,h0669,0.3811985084903422,scr2012,stInflow,pumpedStorageOpen
no_n,h0670,0.3811985084903422,scr2012,stInflow,pumpedStorageOpen
no_n,h0671,0.3811985084903422,scr2012,stInflow,pumpedStorageOpen
no_n,h0672,0.3811985084903422,scr2012,stInflow,pumpedStorageOpen
no_s,h0505,12.56477165594967,scr2012,stInflow,pumpedStorageOpen
no_s,h0506,15.26042022001358,scr2012,stInflow,pumpedStorageOpen
no_s,h0507,17.96088299966894,scr2012,stInflow,pumpedStorageOpen
no_s,h0508,17.96088299966894,scr2012,stInflow,pumpedStorageOpen
no_s,h0509,17.96088299966894,scr2012,stInflow,pumpedStorageOpen
no_s,h0510,17.96088299966894,scr2012,stInflow,pumpedStorageOpen
no_s,h0511,17.96088299966894,scr2012,stInflow,pumpedStorageOpen
no_s,h0512,17.96088299966894,scr2012,stInflow,pumpedStorageOpen
no_s,h0513,17.96088299966894,scr2012,stInflow,pumpedStorageOpen
no_s,h0514,17.96088299966894,scr2012,stInflow,pumpedStorageOpen
no_s,h0515,17.96088299966894,scr2012,stInflow,pumpedStorageOpen
no_s,h0516,17.96088299966894,scr2012,stInflow,pumpedStorageOpen
no_s,h0517,17.96088299966894,scr2012,stInflow,pumpedStorageOpen
no_s,h0518,17.96088299966894,scr2012,stInflow,pumpedStorageOpen
no_s,h0519,17.96088299966894,scr2012,stInflow,pumpedStorageOpen
no_s,h0520,17.96088299966894,scr2012,stInflow,pumpedStorageOpen
no_s,h0521,17.96088299966894,scr2012,stInflow,pumpedStorageOpen
no_s,h0522,17.96088299966894,scr2012,stInflow,pumpedStorageOpen
no_s,h0523,14.918792212629697,scr2012,stInflow,pumpedStorageOpen
no_s,h0524,11.882960366892373,scr2012,stInflow,pumpedStorageOpen
no_s,h0525,8.854990257644689,scr2012,stInflow,pumpedStorageOpen
no_s,h0526,8.854990257644689,scr2012,stInflow,pumpedStorageOpen
no_s,h0527,8.854990257644689,scr2012,stInflow,pumpedStorageOpen
no_s,h0528,8.854990257644689,scr2012,stInflow,pumpedStorageOpen
no_s,h0529,8.854990257644689,scr2012,stInflow,pumpedStorageOpen
no_s,h0530,8.854990257644689,scr2012,stInflow,pumpedStorageOpen
no_s,h0531,8.854990257644689,scr2012,stInflow,pumpedStorageOpen
no_s,h0532,8.854990257644689,scr2012,stInflow,pumpedStorageOpen
no_s,h0533,8.854990257644689,scr2012,stInflow,pumpedStorageOpen
no_s,h0534,8.854990257644689,scr2012,stInflow,pumpedStorageOpen
no_s,h0535,9.994677679321692,scr2012,stInflow,pumpedStorageOpen
no_s,h0536,11.135676997380667,scr2012,stInflow,pumpedStorageOpen
no_s,h0537,12.2778551132505,scr2012,stInflow,pumpedStorageOpen
no_s,h0538,12.2778551132505,scr2012,stInflow,pumpedStorageOpen
no_s,h0539,12.2778551132505,scr2012,stInflow,pumpedStorageOpen
no_s,h0540,12.2778551132505,scr2012,stInflow,pumpedStorageOpen
no_s,h0541,12.2778551132505,scr2012,stInflow,pumpedStorageOpen
no_s,h0542,12.2778551132505,scr2012,stInflow,pumpedStorageOpen
no_s,h0543,12.2778551132505,scr2012,stInflow,pumpedStorageOpen
no_s,h0544,12.2778551132505,scr2012,stInflow,pumpedStorageOpen
no_s,h0545,12.2778551132505,scr2012,stInflow,pumpedStorageOpen
no_s,h0546,12.2778551132505,scr2012,stInflow,pumpedStorageOpen
no_s,h0547,10.82147590619224,scr2012,stInflow,pumpedStorageOpen
no_s,h0548,9.367071086017667,scr2012,stInflow,pumpedStorageOpen
no_s,h0549,7.914944892514103,scr2012,stInflow,pumpedStorageOpen
no_s,h0550,7.914944892514103,scr2012,stInflow,pumpedStorageOpen
no_s,h0551,7.914944892514103,scr2012,stInflow,pumpedStorageOpen
no_s,h0552,7.914944892514103,scr2012,stInflow,pumpedStorageOpen
no_s,h0553,7.914944892514103,scr2012,stInflow,pumpedStorageOpen
no_s,h0554,7.914944892514103,scr2012,stInflow,pumpedStorageOpen
no_s,h0555,7.914944892514103,scr2012,stInflow,pumpedStorageOpen
no_s,h0556,7.914944892514103,scr2012,stInflow,pumpedStorageOpen
no_s,h0557,7.914944892514103,scr2012,stInflow,pumpedStorageOpen
no_s,h0558,7.914944892514103,scr2012,stInflow,pumpedStorageOpen
no_s,h0559,8.591663584942953,scr2012,stInflow,pumpedStorageOpen
no_s,h0560,9.268920088247869,scr2012,stInflow,pumpedStorageOpen
no_s,h0561,9.946675532529596,scr2012,stInflow,pumpedStorageOpen
no_s,h0562,9.946675532529596,scr2012,stInflow,pumpedStorageOpen
no_s,h0563,9.946675532529596,scr2012,stInflow,pumpedStorageOpen
no_s,h0564,9.946675532529596,scr2012,stInflow,pumpedStorageOpen
no_s,h0565,9.946675532529596,scr2012,stInflow,pumpedStorageOpen
no_s,h0566,9.946675532529596,scr2012,stInflow,pumpedStorageOpen
no_s,h0567,9.946675532529596,scr2012,stInflow,pumpedStorageOpen
no_s,h0568,9.946675532529596,scr2012,stInflow,pumpedStorageOpen
no_s,h0569,9.946675532529596,scr2012,stInflow,pumpedStorageOpen
no_s,h0570,9.946675532529596,scr2012,stInflow,pumpedStorageOpen
no_s,h0571,10.337561268297854,scr2012,stInflow,pumpedStorageOpen
no_s,h0572,10.728595773561148,scr2012,stInflow,pumpedStorageOpen
no_s,h0573,11.11977369923723,scr2012,stInflow,pumpedStorageOpen
no_s,h0574,11.11977369923723,scr2012,stInflow,pumpedStorageOpen
no_s,h0575,11.11977369923723,scr2012,stInflow,pumpedStorageOpen
no_s,h0576,11.11977369923723,scr2012,stInflow,pumpedStorageOpen
no_s,h0577,11.11977369923723,scr2012,stInflow,pumpedStorageOpen
no_s,h0578,11.11977369923723,scr2012,stInflow,pumpedStorageOpen
no_s,h0579,11.11977369923723,scr2012,stInflow,pumpedStorageOpen
no_s,h0580,11.11977369923723,scr2012,stInflow,pumpedStorageOpen
no_s,h0581,11.11977369923723,scr2012,stInflow,pumpedStorageOpen
no_s,h0582,11.11977369923723,scr2012,stInflow,pumpedStorageOpen
no_s,h0583,12.38953023148005,scr2012,stInflow,pumpedStorageOpen
no_s,h0584,13.660598133293218,scr2012,stInflow,pumpedStorageOpen
no_s,h0585,14.932856805210765,scr2012,stInflow,pumpedStorageOpen
no_s,h0586,14.932856805210765,scr2012,stInflow,pumpedStorageOpen
no_s,h0587,14.932856805210765,scr2012,stInflow,pumpedStorageOpen
no_s,h0588,14.932856805210765,scr2012,stInflow,pumpedStorageOpen
no_s,h0589,14.932856805210765,scr2012,stInflow,pumpedStorageOpen
no_s,h0590,14.932856805210765,scr2012,stInflow,pumpedStorageOpen
no_s,h0591,14.932856805210765,scr2012,stInflow,pumpedStorageOpen
no_s,h0592,14.932856805210765,scr2012,stInflow,pumpedStorageOpen
no_s,h0593,14.932856805210765,scr2012,stInflow,pumpedStorageOpen
no_s,h0594,14.932856805210765,scr2012,stInflow,pumpedStorageOpen
no_s,h0595,14.932856805210765,scr2012,stInflow,pumpedStorageOpen
no_s,h0596,14.932856805210765,scr2012,stInflow,pumpedStorageOpen
no_s,h0597,14.932856805210765,scr2012,stInflow,pumpedStorageOpen
no_s,h0598,14.932856805210765,scr2012,stInflow,pumpedStorageOpen
no_s,h0599,14.932856805210765,scr2012,stInflow,pumpedStorageOpen
no_s,h0600,14.932856805210765,scr2012,stInflow,pumpedStorageOpen
no_s,h0601,16.64685949295817,scr2012,stInflow,pumpedStorageOpen
no_s,h0602,18.362638329467323,scr2012,stInflow,pumpedStorageOpen
no_s,h0603,20.080029470669338,scr2012,stInflow,pumpedStorageOpen
no_s,h0604,20.080029470669338,scr2012,stInflow,pumpedStorageOpen
no_s,h0605,20.080029470669338,scr2012,stInflow,pumpedStorageOpen
no_s,h0606,20.080029470669338,scr2012,stInflow,pumpedStorageOpen
no_s,h0607,20.080029470669338,scr2012,stInflow,pumpedStorageOpen
no_s,h0608,20.080029470669338,scr2012,stInflow,pumpedStorageOpen
no_s,h0609,20.080029470669338,scr2012,stInflow,pumpedStorageOpen
no_s,h0610,20.080029470669338,scr2012,stInflow,pumpedStorageOpen
no_s,h0611,20.080029470669338,scr2012,stInflow,pumpedStorageOpen
no_s,h0612,20.080029470669338,scr2012,stInflow,pumpedStorageOpen
no_s,h0613,15.976761401847465,scr2012,stInflow,pumpedStorageOpen
no_s,h0614,11.884162015028052,scr2012,stInflow,pumpedStorageOpen
no_s,h0615,7.805969640015639,scr2012,stInflow,pumpedStorageOpen
no_s,h0616,7.805969640015639,scr2012,stInflow,pumpedStorageOpen
no_s,h0617,7.805969640015639,scr2012,stInflow,pumpedStorageOpen
no_s,h0618,7.805969640015639,scr2012,stInflow,pumpedStorageOpen
no_s,h0619,7.805969640015639,scr2012,stInflow,pumpedStorageOpen
no_s,h0620,7.805969640015639,scr2012,stInflow,pumpedStorageOpen
no_s,h0621,7.805969640015639,scr2012,stInflow,pumpedStorageOpen
no_s,h0622,7.805969640015639,scr2012,stInflow,pumpedStorageOpen
no_s,h0623,7.805969640015639,scr2012,stInflow,pumpedStorageOpen
no_s,h0624,7.805969640015639,scr2012,stInflow,pumpedStorageOpen
no_s,h0625,6.476792718961003,scr2012,stInflow,pumpedStorageOpen
no_s,h0626,5.150383516725708,scr2012,stInflow,pumpedStorageOpen
no_s,h0627,3.8274618206066298,scr2012,stInflow,pumpedStorageOpen
no_s,h0628,3.8274618206066298,scr2012,stInflow,pumpedStorageOpen
no_s,h0629,3.8274618206066298,scr2012,stInflow,pumpedStorageOpen
no_s,h0630,3.8274618206066298,scr2012,stInflow,pumpedStorageOpen
no_s,h0631,3.8274618206066298,scr2012,stInflow,pumpedStorageOpen
no_s,h0632,3.8274618206066298,scr2012,stInflow,pumpedStorageOpen
no_s,h0633,3.8274618206066298,scr2012,stInflow,pumpedStorageOpen
no_s,h0634,3.8274618206066298,scr2012,stInflow,pumpedStorageOpen
no_s,h0635,3.8274618206066298,scr2012,stInflow,pumpedStorageOpen
no_s,h0636,3.8274618206066298,scr2012,stInflow,pumpedStorageOpen
no_s,h0637,3.5884238368487655,scr2012,stInflow,pumpedStorageOpen
no_s,h0638,3.349547874726987,scr2012,stInflow,pumpedStorageOpen
no_s,h0639,3.110845481940596,scr2012,stInflow,pumpedStorageOpen
no_s,h0640,3.110845481940596,scr2012,stInflow,pumpedStorageOpen
no_s,h0641,3.110845481940596,scr2012,stInflow,pumpedStorageOpen
no_s,h0642,3.110845481940596,scr2012,stInflow,pumpedStorageOpen
no_s,h0643,3.110845481940596,scr2012,stInflow,pumpedStorageOpen
no_s,h0644,3.110845481940596,scr2012,stInflow,pumpedStorageOpen
no_s,h0645,3.110845481940596,scr2012,stInflow,pumpedStorageOpen
no_s,h0646,3.110845481940596,scr2012,stInflow,pumpedStorageOpen
no_s,h0647,3.110845481940596,scr2012,stInflow,pumpedStorageOpen
no_s,h0648,3.110845481940596,scr2012,stInflow,pumpedStorageOpen
no_s,h0649,3.110394637222823,scr2012,stInflow,pumpedStorageOpen
no_s,h0650,3.1099437931717335,scr2012,stInflow,pumpedStorageOpen
no_s,h0651,3.1094929497874233,scr2012,stInflow,pumpedStorageOpen
no_s,h0652,3.1094929497874233,scr2012,stInflow,pumpedStorageOpen
no_s,h0653,3.1094929497874233,scr2012,stInflow,pumpedStorageOpen
no_s,h0654,3.1094929497874233,scr2012,stInflow,pumpedStorageOpen
no_s,h0655,3.1094929497874233,scr2012,stInflow,pumpedStorageOpen
no_s,h0656,3.1094929497874233,scr2012,stInflow,pumpedStorageOpen
no_s,h0657,3.1094929497874233,scr2012,stInflow,pumpedStorageOpen
no_s,h0658,3.1094929497874233,scr2012,stInflow,pumpedStorageOpen
no_s,h0659,3.1094929497874233,scr2012,stInflow,pumpedStorageOpen
no_s,h0660,3.1094929497874233,scr2012,stInflow,pumpedStorageOpen
no_s,h0661,3.882878965962864,scr2012,stInflow,pumpedStorageOpen
no_s,h0662,4.65784412727051,scr2012,stInflow,pumpedStorageOpen
no_s,h0663,5.434124297063548,scr2012,stInflow,pumpedStorageOpen
no_s,h0664,5.434124297063548,scr2012,stInflow,pumpedStorageOpen
no_s,h0665,5.434124297063548,scr2012,stInflow,pumpedStorageOpen
no_s,h0666,5.434124297063548,scr2012,stInflow,pumpedStorageOpen
no_s,h0667,5.434124297063548,scr2012,stInflow,pumpedStorageOpen
no_s,h0668,5.434124297063548,scr2012,stInflow,pumpedStorageOpen
no_s,h0669,5.434124297063548,scr2012,stInflow,pumpedStorageOpen
no_s,h0670,5.434124297063548,scr2012,stInflow,pumpedStorageOpen
no_s,h0671,5.434124297063548,scr2012,stInflow,pumpedStorageOpen
no_s,h0672,5.434124297063548,scr2012,stInflow,pumpedStorageOpen
pl,h0505,0.005154076536554709,scr2012,stInflow,pumpedStorageOpen
pl,h0506,0.0049071415925506755,scr2012,stInflow,pumpedStorageOpen
pl,h0507,0.0046595948973741615,scr2012,stInflow,pumpedStorageOpen
pl,h0508,0.0046595948973741615,scr2012,stInflow,pumpedStorageOpen
pl,h0509,0.0046595948973741615,scr2012,stInflow,pumpedStorageOpen
pl,h0510,0.0046595948973741615,scr2012,stInflow,pumpedStorageOpen
pl,h0511,0.0046595948973741615,scr2012,stInflow,pumpedStorageOpen
pl,h0512,0.0046595948973741615,scr2012,stInflow,pumpedStorageOpen
pl,h0513,0.0046595948973741615,scr2012,stInflow,pumpedStorageOpen
pl,h0514,0.0046595948973741615,scr2012,stInflow,pumpedStorageOpen
pl,h0515,0.0046595948973741615,scr2012,stInflow,pumpedStorageOpen
pl,h0516,0.0046595948973741615,scr2012,stInflow,pumpedStorageOpen
pl,h0517,0.0046595948973741615,scr2012,stInflow,pumpedStorageOpen
pl,h0518,0.0046595948973741615,scr2012,stInflow,pumpedStorageOpen
pl,h0519,0.0046595948973741615,scr2012,stInflow,pumpedStorageOpen
pl,h0520,0.0046595948973741615,scr2012,stInflow,pumpedStorageOpen
pl,h0521,0.0046595948973741615,scr2012,stInflow,pumpedStorageOpen
pl,h0522,0.0046595948973741615,scr2012,stInflow,pumpedStorageOpen
pl,h0523,0.004693084085149189,scr2012,stInflow,pumpedStorageOpen
pl,h0524,0.004726561580602965,scr2012,stInflow,pumpedStorageOpen
pl,h0525,0.0047600274690297074,scr2012,stInflow,pumpedStorageOpen
pl,h0526,0.0047600274690297074,scr2012,stInflow,pumpedStorageOpen
pl,h0527,0.0047600274690297074,scr2012,stInflow,pumpedStorageOpen
pl,h0528,0.0047600274690297074,scr2012,stInflow,pumpedStorageOpen
pl,h0529,0.0047600274690297074,scr2012,stInflow,pumpedStorageOpen
pl,h0530,0.0047600274690297074,scr2012,stInflow,pumpedStorageOpen
pl,h0531,0.0047600274690297074,scr2012,stInflow,pumpedStorageOpen
pl,h0532,0.0047600274690297074,scr2012,stInflow,pumpedStorageOpen
pl,h0533,0.0047600274690297074,scr2012,stInflow,pumpedStorageOpen
pl,h0534,0.0047600274690297074,scr2012,stInflow,pumpedStorageOpen
pl,h0535,0.004518810652886285,scr2012,stInflow,pumpedStorageOpen
pl,h0536,0.004276963348996803,scr2012,stInflow,pumpedStorageOpen
pl,h0537,0.004034448949456539,scr2012,stInflow,pumpedStorageOpen
pl,h0538,0.004034448949456539,scr2012,stInflow,pumpedStorageOpen
pl,h0539,0.004034448949456539,scr2012,stInflow,pumpedStorageOpen
pl,h0540,0.004034448949456539,scr2012,stInflow,pumpedStorageOpen
pl,h0541,0.004034448949456539,scr2012,stInflow,pumpedStorageOpen
pl,h0542,0.004034448949456539,scr2012,stInflow,pumpedStorageOpen
pl,h0543,0.004034448949456539,scr2012,stInflow,pumpedStorageOpen
pl,h0544,0.004034448949456539,scr2012,stInflow,pumpedStorageOpen
pl,h0545,0.004034448949456539,scr2012,stInflow,pumpedStorageOpen
pl,h0546,0.004034448949456539,scr2012,stInflow,pumpedStorageOpen
pl,h0547,0.004310592270065222,scr2012,stInflow,pumpedStorageOpen
pl,h0548,0.004585877099031975,scr2012,stInflow,pumpedStorageOpen
pl,h0549,0.004860356327143364,scr2012,stInflow,pumpedStorageOpen
pl,h0550,0.004860356327143364,scr2012,stInflow,pumpedStorageOpen
pl,h0551,0.004860356327143364,scr2012,stInflow,pumpedStorageOpen
pl,h0552,0.004860356327143364,scr2012,stInflow,pumpedStorageOpen
pl,h0553,0.004860356327143364,scr2012,stInflow,pumpedStorageOpen
pl,h0554,0.004860356327143364,scr2012,stInflow,pumpedStorageOpen
pl,h0555,0.004860356327143364,scr2012,stInflow,pumpedStorageOpen
pl,h0556,0.004860356327143364,scr2012,stInflow,pumpedStorageOpen
pl,h0557,0.004860356327143364,scr2012,stInflow,pumpedStorageOpen
pl,h0558,0.004860356327143364,scr2012,stInflow,pumpedStorageOpen
pl,h0559,0.004293779410759384,scr2012,stInflow,pumpedStorageOpen
pl,h0560,0.0037235328931565703,scr2012,stInflow,pumpedStorageOpen
pl,h0561,0.0031490400287631833,scr2012,stInflow,pumpedStorageOpen
pl,h0562,0.0031490400287631833,scr2012,stInflow,pumpedStorageOpen
pl,h0563,0.0031490400287631833,scr2012,stInflow,pumpedStorageOpen
pl,h0564,0.0031490400287631833,scr2012,stInflow,pumpedStorageOpen
pl,h0565,0.0031490400287631833,scr2012,stInflow,pumpedStorageOpen
pl,h0566,0.0031490400287631833,scr2012,stInflow,pumpedStorageOpen
pl,h0567,0.0031490400287631833,scr2012,stInflow,pumpedStorageOpen
pl,h0568,0.0031490400287631833,scr2012,stInflow,pumpedStorageOpen
pl,h0569,0.0031490400287631833,scr2012,stInflow,pumpedStorageOpen
pl,h0570,0.0031490400287631833,scr2012,stInflow,pumpedStorageOpen
pl,h0571,0.0034861315486513014,scr2012,stInflow,pumpedStorageOpen
pl,h0572,0.0038216695119889597,scr2012,stInflow,pumpedStorageOpen
pl,h0573,0.004155791987033393,scr2012,stInflow,pumpedStorageOpen
pl,h0574,0.004155791987033393,scr2012,stInflow,pumpedStorageOpen
pl,h0575,0.004155791987033393,scr2012,stInflow,pumpedStorageOpen
pl,h0576,0.004155791987033393,scr2012,stInflow,pumpedStorageOpen
pl,h0577,0.004155791987033393,scr2012,stInflow,pumpedStorageOpen
pl,h0578,0.004155791987033393,scr2012,stInflow,pumpedStorageOpen
pl,h0579,0.004155791987033393,scr2012,stInflow,pumpedStorageOpen
pl,h0580,0.004155791987033393,scr2012,stInflow,pumpedStorageOpen
pl,h0581,0.004155791987033393,scr2012,stInflow,pumpedStorageOpen
pl,h0582,0.004155791987033393,scr2012,stInflow,pumpedStorageOpen
pl,h0583,0.0046428458918754715,scr2012,stInflow,pumpedStorageOpen
pl,h0584,0.00512740941287697,scr2012,stInflow,pumpedStorageOpen
pl,h0585,0.005609725909367292,scr2012,stInflow,pumpedStorageOpen
pl,h0586,0.005609725909367292,scr2012,stInflow,pumpedStorageOpen
pl,h0587,0.005609725909367292,scr2012,stInflow,pumpedStorageOpen
pl,h0588,0.005609725909367292,scr2012,stInflow,pumpedStorageOpen
pl,h0589,0.005609725909367292,scr2012,stInflow,pumpedStorageOpen
pl,h0590,0.005609725909367292,scr2012,stInflow,pumpedStorageOpen
pl,h0591,0.005609725909367292,scr2012,stInflow,pumpedStorageOpen
pl,h0592,0.005609725909367292,scr2012,stInflow,pumpedStorageOpen
pl,h0593,0.005609725909367292,scr2012,stInflow,pumpedStorageOpen
pl,h0594,0.005609725909367292,scr2012,stInflow,pumpedStorageOpen
pl,h0595,0.005609725909367292,scr2012,stInflow,pumpedStorageOpen
pl,h0596,0.005609725909367292,scr2012,stInflow,pumpedStorageOpen
pl,h0597,0.005609725909367292,scr2012,stInflow,pumpedStorageOpen
pl,h0598,0.005609725909367292,scr2012,stInflow,pumpedStorageOpen
pl,h0599,0.005609725909367292,scr2012,stInflow,pumpedStorageOpen
pl,h0600,0.005609725909367292,scr2012,stInflow,pumpedStorageOpen
pl,h0601,0.005818635908221922,scr2012,stInflow,pumpedStorageOpen
pl,h0602,0.0060271744815386975,scr2012,stInflow,pumpedStorageOpen
pl,h0603,0.006235355048027302,scr2012,stInflow,pumpedStorageOpen
pl,h0604,0.006235355048027302,scr2012,stInflow,pumpedStorageOpen
pl,h0605,0.006235355048027302,scr2012,stInflow,pumpedStorageOpen
pl,h0606,0.006235355048027302,scr2012,stInflow,pumpedStorageOpen
pl,h0607,0.006235355048027302,scr2012,stInflow,pumpedStorageOpen
pl,h0608,0.006235355048027302,scr2012,stInflow,pumpedStorageOpen
pl,h0609,0.006235355048027302,scr2012,stInflow,pumpedStorageOpen
pl,h0610,0.006235355048027302,scr2012,stInflow,pumpedStorageOpen
pl,h0611,0.006235355048027302,scr2012,stInflow,pumpedStorageOpen
pl,h0612,0.006235355048027302,scr2012,stInflow,pumpedStorageOpen
pl,h0613,0.006301371293494825,scr2012,stInflow,pumpedStorageOpen
pl,h0614,0.006367353107043968,scr2012,stInflow,pumpedStorageOpen
pl,h0615,0.006433300862622352,scr2012,stInflow,pumpedStorageOpen
pl,h0616,0.006433300862622352,scr2012,stInflow,pumpedStorageOpen
pl,h0617,0.006433300862622352,scr2012,stInflow,pumpedStorageOpen
pl,h0618,0.006433300862622352,scr2012,stInflow,pumpedStorageOpen
pl,h0619,0.006433300862622352,scr2012,stInflow,pumpedStorageOpen
pl,h0620,0.006433300862622352,scr2012,stInflow,pumpedStorageOpen
pl,h0621,0.006433300862622352,scr2012,stInflow,pumpedStorageOpen
pl,h0622,0.006433300862622352,scr2012,stInflow,pumpedStorageOpen
pl,h0623,0.006433300862622352,scr2012,stInflow,pumpedStorageOpen
pl,h0624,0.006433300862622352,scr2012,stInflow,pumpedStorageOpen
pl,h0625,0.006551922160304139,scr2012,stInflow,pumpedStorageOpen
pl,h0626,0.0066704363654694725,scr2012,stInflow,pumpedStorageOpen
pl,h0627,0.006788845476314263,scr2012,stInflow,pumpedStorageOpen
pl,h0628,0.006788845476314263,scr2012,stInflow,pumpedStorageOpen
pl,h0629,0.006788845476314263,scr2012,stInflow,pumpedStorageOpen
pl,h0630,0.006788845476314263,scr2012,stInflow,pumpedStorageOpen
pl,h0631,0.006788845476314263,scr2012,stInflow,pumpedStorageOpen
pl,h0632,0.006788845476314263,scr2012,stInflow,pumpedStorageOpen
pl,h0633,0.006788845476314263,scr2012,stInflow,pumpedStorageOpen
pl,h0634,0.006788845476314263,scr2012,stInflow,pumpedStorageOpen
pl,h0635,0.006788845476314263,scr2012,stInflow,pumpedStorageOpen
pl,h0636,0.006788845476314263,scr2012,stInflow,pumpedStorageOpen
pl,h0637,0.007343361413752176,scr2012,stInflow,pumpedStorageOpen
pl,h0638,0.007895782266538948,scr2012,stInflow,pumpedStorageOpen
pl,h0639,0.008446262983768965,scr2012,stInflow,pumpedStorageOpen
pl,h0640,0.008446262983768965,scr2012,stInflow,pumpedStorageOpen
pl,h0641,0.008446262983768965,scr2012,stInflow,pumpedStorageOpen
pl,h0642,0.008446262983768965,scr2012,stInflow,pumpedStorageOpen
pl,h0643,0.008446262983768965,scr2012,stInflow,pumpedStorageOpen
pl,h0644,0.008446262983768965,scr2012,stInflow,pumpedStorageOpen
pl,h0645,0.008446262983768965,scr2012,stInflow,pumpedStorageOpen
pl,h0646,0.008446262983768965,scr2012,stInflow,pumpedStorageOpen
pl,h0647,0.008446262983768965,scr2012,stInflow,pumpedStorageOpen
pl,h0648,0.008446262983768965,scr2012,stInflow,pumpedStorageOpen
pl,h0649,0.008332410545661199,scr2012,stInflow,pumpedStorageOpen
pl,h0650,0.008218479576822969,scr2012,stInflow,pumpedStorageOpen
pl,h0651,0.008104468921559253,scr2012,stInflow,pumpedStorageOpen
pl,h0652,0.008104468921559253,scr2012,stInflow,pumpedStorageOpen
pl,h0653,0.008104468921559253,scr2012,stInflow,pumpedStorageOpen
pl,h0654,0.008104468921559253,scr2012,stInflow,pumpedStorageOpen
pl,h0655,0.008104468921559253,scr2012,stInflow,pumpedStorageOpen
pl,h0656,0.008104468921559253,scr2012,stInflow,pumpedStorageOpen
pl,h0657,0.008104468921559253,scr2012,stInflow,pumpedStorageOpen
pl,h0658,0.008104468921559253,scr2012,stInflow,pumpedStorageOpen
pl,h0659,0.008104468921559253,scr2012,stInflow,pumpedStorageOpen
pl,h0660,0.008104468921559253,scr2012,stInflow,pumpedStorageOpen
pl,h0661,0.008994937597345262,scr2012,stInflow,pumpedStorageOpen
pl,h0662,0.009880961447566453,scr2012,stInflow,pumpedStorageOpen
pl,h0663,0.01076296540289351,scr2012,stInflow,pumpedStorageOpen
pl,h0664,0.01076296540289351,scr2012,stInflow,pumpedStorageOpen
pl,h0665,0.01076296540289351,scr2012,stInflow,pumpedStorageOpen
pl,h0666,0.01076296540289351,scr2012,stInflow,pumpedStorageOpen
pl,h0667,0.01076296540289351,scr2012,stInflow,pumpedStorageOpen
pl,h0668,0.01076296540289351,scr2012,stInflow,pumpedStorageOpen
pl,h0669,0.01076296540289351,scr2012,stInflow,pumpedStorageOpen
pl,h0670,0.01076296540289351,scr2012,stInflow,pumpedStorageOpen
pl,h0671,0.01076296540289351,scr2012,stInflow,pumpedStorageOpen
pl,h0672,0.01076296540289351,scr2012,stInflow,pumpedStorageOpen
pt,h0505,0.0,scr2012,stInflow,pumpedStorageOpen
pt,h0506,0.0,scr2012,stInflow,pumpedStorageOpen
pt,h0507,0.0,scr2012,stInflow,pumpedStorageOpen
pt,h0508,0.0,scr2012,stInflow,pumpedStorageOpen
pt,h0509,0.0,scr2012,stInflow,pumpedStorageOpen
pt,h0510,0.0,scr2012,stInflow,pumpedStorageOpen
pt,h0511,0.0,scr2012,stInflow,pumpedStorageOpen
pt,h0512,0.0,scr2012,stInflow,pumpedStorageOpen
pt,h0513,0.0,scr2012,stInflow,pumpedStorageOpen
pt,h0514,0.0,scr2012,stInflow,pumpedStorageOpen
pt,h0515,0.0,scr2012,stInflow,pumpedStorageOpen
pt,h0516,0.0,scr2012,stInflow,pumpedStorageOpen
pt,h0517,0.0,scr2012,stInflow,pumpedStorageOpen
pt,h0518,0.0,scr2012,stInflow,pumpedStorageOpen
pt,h0519,0.0,scr2012,stInflow,pumpedStorageOpen
pt,h0520,0.0,scr2012,stInflow,pumpedStorageOpen
pt,h0521,0.0,scr2012,stInflow,pumpedStorageOpen
pt,h0522,0.0,scr2012,stInflow,pumpedStorageOpen
pt,h0523,0.0,scr2012,stInflow,pumpedStorageOpen
pt,h0524,0.0,scr2012,stInflow,pumpedStorageOpen
pt,h0525,0.0,scr2012,stInflow,pumpedStorageOpen
pt,h0526,0.0,scr2012,stInflow,pumpedStorageOpen
pt,h0527,0.0,scr2012,stInflow,pumpedStorageOpen
pt,h0528,0.0,scr2012,stInflow,pumpedStorageOpen
pt,h0529,0.0,scr2012,stInflow,pumpedStorageOpen
pt,h0530,0.0,scr2012,stInflow,pumpedStorageOpen
pt,h0531,0.0,scr2012,stInflow,pumpedStorageOpen
pt,h0532,0.0,scr2012,stInflow,pumpedStorageOpen
pt,h0533,0.0,scr2012,stInflow,pumpedStorageOpen
pt,h0534,0.0,scr2012,stInflow,pumpedStorageOpen
pt,h0535,0.034764155039298306,scr2012,stInflow,pumpedStorageOpen
pt,h0536,0.06810215846621266,scr2012,stInflow,pumpedStorageOpen
pt,h0537,0.10092226929195948,scr2012,stInflow,pumpedStorageOpen
pt,h0538,0.10092226929195948,scr2012,stInflow,pumpedStorageOpen
pt,h0539,0.10092226929195948,scr2012,stInflow,pumpedStorageOpen
pt,h0540,0.10092226929195948,scr2012,stInflow,pumpedStorageOpen
pt,h0541,0.10092226929195948,scr2012,stInflow,pumpedStorageOpen
pt,h0542,0.10092226929195948,scr2012,stInflow,pumpedStorageOpen
pt,h0543,0.10092226929195948,scr2012,stInflow,pumpedStorageOpen
pt,h0544,0.10092226929195948,scr2012,stInflow,pumpedStorageOpen
pt,h0545,0.10092226929195948,scr2012,stInflow,pumpedStorageOpen
pt,h0546,0.10092226929195948,scr2012,stInflow,pumpedStorageOpen
pt,h0547,0.08273002248067834,scr2012,stInflow,pumpedStorageOpen
pt,h0548,0.06441255008336103,scr2012,stInflow,pumpedStorageOpen
pt,h0549,0.04593069682663246,scr2012,stInflow,pumpedStorageOpen
pt,h0550,0.04593069682663246,scr2012,stInflow,pumpedStorageOpen
pt,h0551,0.04593069682663246,scr2012,stInflow,pumpedStorageOpen
pt,h0552,0.04593069682663246,scr2012,stInflow,pumpedStorageOpen
pt,h0553,0.04593069682663246,scr2012,stInflow,pumpedStorageOpen
pt,h0554,0.04593069682663246,scr2012,stInflow,pumpedStorageOpen
pt,h0555,0.04593069682663246,scr2012,stInflow,pumpedStorageOpen
pt,h0556,0.04593069682663246,scr2012,stInflow,pumpedStorageOpen
pt,h0557,0.04593069682663246,scr2012,stInflow,pumpedStorageOpen
pt,h0558,0.04593069682663246,scr2012,stInflow,pumpedStorageOpen
pt,h0559,0.08128738203540413,scr2012,stInflow,pumpedStorageOpen
pt,h0560,0.11616001554361283,scr2012,stInflow,pumpedStorageOpen
pt,h0561,0.15070780346423976,scr2012,stInflow,pumpedStorageOpen
pt,h0562,0.15070780346423976,scr2012,stInflow,pumpedStorageOpen
pt,h0563,0.15070780346423976,scr2012,stInflow,pumpedStorageOpen
pt,h0564,0.15070780346423976,scr2012,stInflow,pumpedStorageOpen
pt,h0565,0.15070780346423976,scr2012,stInflow,pumpedStorageOpen
pt,h0566,0.15070780346423976,scr2012,stInflow,pumpedStorageOpen
pt,h0567,0.15070780346423976,scr2012,stInflow,pumpedStorageOpen
pt,h0568,0.15070780346423976,scr2012,stInflow,pumpedStorageOpen
pt,h0569,0.15070780346423976,scr2012,stInflow,pumpedStorageOpen
pt,h0570,0.15070780346423976,scr2012,stInflow,pumpedStorageOpen
pt,h0571,0.10169734376389204,scr2012,stInflow,pumpedStorageOpen
pt,h0572,0.051913512072407804,scr2012,stInflow,pumpedStorageOpen
pt,h0573,0.0,scr2012,stInflow,pumpedStorageOpen
pt,h0574,0.0,scr2012,stInflow,pumpedStorageOpen
pt,h0575,0.0,scr2012,stInflow,pumpedStorageOpen
pt,h0576,0.0,scr2012,stInflow,pumpedStorageOpen
pt,h0577,0.0,scr2012,stInflow,pumpedStorageOpen
pt,h0578,0.0,scr2012,stInflow,pumpedStorageOpen
pt,h0579,0.0,scr2012,stInflow,pumpedStorageOpen
pt,h0580,0.0,scr2012,stInflow,pumpedStorageOpen
pt,h0581,0.0,scr2012,stInflow,pumpedStorageOpen
pt,h0582,0.0,scr2012,stInflow,pumpedStorageOpen
pt,h0583,0.06894266440959637,scr2012,stInflow,pumpedStorageOpen
pt,h0584,0.13505705090193443,scr2012,stInflow,pumpedStorageOpen
pt,h0585,0.20014437674050012,scr2012,stInflow,pumpedStorageOpen
pt,h0586,0.20014437674050012,scr2012,stInflow,pumpedStorageOpen
pt,h0587,0.20014437674050012,scr2012,stInflow,pumpedStorageOpen
pt,h0588,0.20014437674050012,scr2012,stInflow,pumpedStorageOpen
pt,h0589,0.20014437674050012,scr2012,stInflow,pumpedStorageOpen
pt,h0590,0.20014437674050012,scr2012,stInflow,pumpedStorageOpen
pt,h0591,0.20014437674050012,scr2012,stInflow,pumpedStorageOpen
pt,h0592,0.20014437674050012,scr2012,stInflow,pumpedStorageOpen
pt,h0593,0.20014437674050012,scr2012,stInflow,pumpedStorageOpen
pt,h0594,0.20014437674050012,scr2012,stInflow,pumpedStorageOpen
pt,h0595,0.20014437674050012,scr2012,stInflow,pumpedStorageOpen
pt,h0596,0.20014437674050012,scr2012,stInflow,pumpedStorageOpen
pt,h0597,0.20014437674050012,scr2012,stInflow,pumpedStorageOpen
pt,h0598,0.20014437674050012,scr2012,stInflow,pumpedStorageOpen
pt,h0599,0.20014437674050012,scr2012,stInflow,pumpedStorageOpen
pt,h0600,0.20014437674050012,scr2012,stInflow,pumpedStorageOpen
pt,h0601,0.13505705090193443,scr2012,stInflow,pumpedStorageOpen
pt,h0602,0.06894266440959637,scr2012,stInflow,pumpedStorageOpen
pt,h0603,0.0,scr2012,stInflow,pumpedStorageOpen
pt,h0604,0.0,scr2012,stInflow,pumpedStorageOpen
pt,h0605,0.0,scr2012,stInflow,pumpedStorageOpen
pt,h0606,0.0,scr2012,stInflow,pumpedStorageOpen
pt,h0607,0.0,scr2012,stInflow,pumpedStorageOpen
pt,h0608,0.0,scr2012,stInflow,pumpedStorageOpen
pt,h0609,0.0,scr2012,stInflow,pumpedStorageOpen
pt,h0610,0.0,scr2012,stInflow,pumpedStorageOpen
pt,h0611,0.0,scr2012,stInflow,pumpedStorageOpen
pt,h0612,0.0,scr2012,stInflow,pumpedStorageOpen
pt,h0613,0.0,scr2012,stInflow,pumpedStorageOpen
pt,h0614,0.0,scr2012,stInflow,pumpedStorageOpen
pt,h0615,0.0,scr2012,stInflow,pumpedStorageOpen
pt,h0616,0.0,scr2012,stInflow,pumpedStorageOpen
pt,h0617,0.0,scr2012,stInflow,pumpedStorageOpen
pt,h0618,0.0,scr2012,stInflow,pumpedStorageOpen
pt,h0619,0.0,scr2012,stInflow,pumpedStorageOpen
pt,h0620,0.0,scr2012,stInflow,pumpedStorageOpen
pt,h0621,0.0,scr2012,stInflow,pumpedStorageOpen
pt,h0622,0.0,scr2012,stInflow,pumpedStorageOpen
pt,h0623,0.0,scr2012,stInflow,pumpedStorageOpen
pt,h0624,0.0,scr2012,stInflow,pumpedStorageOpen
pt,h0625,0.07588945852969473,scr2012,stInflow,pumpedStorageOpen
pt,h0626,0.14866565647466579,scr2012,stInflow,pumpedStorageOpen
pt,h0627,0.22031130517905534,scr2012,stInflow,pumpedStorageOpen
pt,h0628,0.22031130517905534,scr2012,stInflow,pumpedStorageOpen
pt,h0629,0.22031130517905534,scr2012,stInflow,pumpedStorageOpen
pt,h0630,0.22031130517905534,scr2012,stInflow,pumpedStorageOpen
pt,h0631,0.22031130517905534,scr2012,stInflow,pumpedStorageOpen
pt,h0632,0.22031130517905534,scr2012,stInflow,pumpedStorageOpen
pt,h0633,0.22031130517905534,scr2012,stInflow,pumpedStorageOpen
pt,h0634,0.22031130517905534,scr2012,stInflow,pumpedStorageOpen
pt,h0635,0.22031130517905534,scr2012,stInflow,pumpedStorageOpen
pt,h0636,0.22031130517905534,scr2012,stInflow,pumpedStorageOpen
pt,h0637,0.4121856990198866,scr2012,stInflow,pumpedStorageOpen
pt,h0638,0.6012363887344303,scr2012,stInflow,pumpedStorageOpen
pt,h0639,0.788440476190476,scr2012,stInflow,pumpedStorageOpen
pt,h0640,0.788440476190476,scr2012,stInflow,pumpedStorageOpen
pt,h0641,0.788440476190476,scr2012,stInflow,pumpedStorageOpen
pt,h0642,0.788440476190476,scr2012,stInflow,pumpedStorageOpen
pt,h0643,0.788440476190476,scr2012,stInflow,pumpedStorageOpen
pt,h0644,0.788440476190476,scr2012,stInflow,pumpedStorageOpen
pt,h0645,0.788440476190476,scr2012,stInflow,pumpedStorageOpen
pt,h0646,0.788440476190476,scr2012,stInflow,pumpedStorageOpen
pt,h0647,0.788440476190476,scr2012,stInflow,pumpedStorageOpen
pt,h0648,0.788440476190476,scr2012,stInflow,pumpedStorageOpen
pt,h0649,0.6784229211222459,scr2012,stInflow,pumpedStorageOpen
pt,h0650,0.567850121038696,scr2012,stInflow,pumpedStorageOpen
pt,h0651,0.456605154350967,scr2012,stInflow,pumpedStorageOpen
pt,h0652,0.456605154350967,scr2012,stInflow,pumpedStorageOpen
pt,h0653,0.456605154350967,scr2012,stInflow,pumpedStorageOpen
pt,h0654,0.456605154350967,scr2012,stInflow,pumpedStorageOpen
pt,h0655,0.456605154350967,scr2012,stInflow,pumpedStorageOpen
pt,h0656,0.456605154350967,scr2012,stInflow,pumpedStorageOpen
pt,h0657,0.456605154350967,scr2012,stInflow,pumpedStorageOpen
pt,h0658,0.456605154350967,scr2012,stInflow,pumpedStorageOpen
pt,h0659,0.456605154350967,scr2012,stInflow,pumpedStorageOpen
pt,h0660,0.456605154350967,scr2012,stInflow,pumpedStorageOpen
pt,h0661,0.4216060393867346,scr2012,stInflow,pumpedStorageOpen
pt,h0662,0.38651703665510556,scr2012,stInflow,pumpedStorageOpen
pt,h0663,0.35132943444615,scr2012,stInflow,pumpedStorageOpen
pt,h0664,0.35132943444615,scr2012,stInflow,pumpedStorageOpen
pt,h0665,0.35132943444615,scr2012,stInflow,pumpedStorageOpen
pt,h0666,0.35132943444615,scr2012,stInflow,pumpedStorageOpen
pt,h0667,0.35132943444615,scr2012,stInflow,pumpedStorageOpen
pt,h0668,0.35132943444615,scr2012,stInflow,pumpedStorageOpen
pt,h0669,0.35132943444615,scr2012,stInflow,pumpedStorageOpen
pt,h0670,0.35132943444615,scr2012,stInflow,pumpedStorageOpen
pt,h0671,0.35132943444615,scr2012,stInflow,pumpedStorageOpen
pt,h0672,0.35132943444615,scr2012,stInflow,pumpedStorageOpen
ro,h0505,0.04130558832967346,scr2012,stInflow,pumpedStorageOpen
ro,h0506,0.029509413290211,scr2012,stInflow,pumpedStorageOpen
ro,h0507,0.01771372316058131,scr2012,stInflow,pumpedStorageOpen
ro,h0508,0.01771372316058131,scr2012,stInflow,pumpedStorageOpen
ro,h0509,0.01771372316058131,scr2012,stInflow,pumpedStorageOpen
ro,h0510,0.01771372316058131,scr2012,stInflow,pumpedStorageOpen
ro,h0511,0.01771372316058131,scr2012,stInflow,pumpedStorageOpen
ro,h0512,0.01771372316058131,scr2012,stInflow,pumpedStorageOpen
ro,h0513,0.01771372316058131,scr2012,stInflow,pumpedStorageOpen
ro,h0514,0.01771372316058131,scr2012,stInflow,pumpedStorageOpen
ro,h0515,0.01771372316058131,scr2012,stInflow,pumpedStorageOpen
ro,h0516,0.01771372316058131,scr2012,stInflow,pumpedStorageOpen
ro,h0517,0.01771372316058131,scr2012,stInflow,pumpedStorageOpen
ro,h0518,0.01771372316058131,scr2012,stInflow,pumpedStorageOpen
ro,h0519,0.01771372316058131,scr2012,stInflow,pumpedStorageOpen
ro,h0520,0.01771372316058131,scr2012,stInflow,pumpedStorageOpen
ro,h0521,0.01771372316058131,scr2012,stInflow,pumpedStorageOpen
ro,h0522,0.01771372316058131,scr2012,stInflow,pumpedStorageOpen
ro,h0523,0.034097836261886984,scr2012,stInflow,pumpedStorageOpen
ro,h0524,0.050482770077314894,scr2012,stInflow,pumpedStorageOpen
ro,h0525,0.06686824540668897,scr2012,stInflow,pumpedStorageOpen
ro,h0526,0.06686824540668897,scr2012,stInflow,pumpedStorageOpen
ro,h0527,0.06686824540668897,scr2012,stInflow,pumpedStorageOpen
ro,h0528,0.06686824540668897,scr2012,stInflow,pumpedStorageOpen
ro,h0529,0.06686824540668897,scr2012,stInflow,pumpedStorageOpen
ro,h0530,0.06686824540668897,scr2012,stInflow,pumpedStorageOpen
ro,h0531,0.06686824540668897,scr2012,stInflow,pumpedStorageOpen
ro,h0532,0.06686824540668897,scr2012,stInflow,pumpedStorageOpen
ro,h0533,0.06686824540668897,scr2012,stInflow,pumpedStorageOpen
ro,h0534,0.06686824540668897,scr2012,stInflow,pumpedStorageOpen
ro,h0535,0.07070648174334432,scr2012,stInflow,pumpedStorageOpen
ro,h0536,0.07454473892378492,scr2012,stInflow,pumpedStorageOpen
ro,h0537,0.07838301587401224,scr2012,stInflow,pumpedStorageOpen
ro,h0538,0.07838301587401224,scr2012,stInflow,pumpedStorageOpen
ro,h0539,0.07838301587401224,scr2012,stInflow,pumpedStorageOpen
ro,h0540,0.07838301587401224,scr2012,stInflow,pumpedStorageOpen
ro,h0541,0.07838301587401224,scr2012,stInflow,pumpedStorageOpen
ro,h0542,0.07838301587401224,scr2012,stInflow,pumpedStorageOpen
ro,h0543,0.07838301587401224,scr2012,stInflow,pumpedStorageOpen
ro,h0544,0.07838301587401224,scr2012,stInflow,pumpedStorageOpen
ro,h0545,0.07838301587401224,scr2012,stInflow,pumpedStorageOpen
ro,h0546,0.07838301587401224,scr2012,stInflow,pumpedStorageOpen
ro,h0547,0.07116193960544406,scr2012,stInflow,pumpedStorageOpen
ro,h0548,0.06394093673008641,scr2012,stInflow,pumpedStorageOpen
ro,h0549,0.056720015568348096,scr2012,stInflow,pumpedStorageOpen
ro,h0550,0.056720015568348096,scr2012,stInflow,pumpedStorageOpen
ro,h0551,0.056720015568348096,scr2012,stInflow,pumpedStorageOpen
ro,h0552,0.056720015568348096,scr2012,stInflow,pumpedStorageOpen
ro,h0553,0.056720015568348096,scr2012,stInflow,pumpedStorageOpen
ro,h0554,0.056720015568348096,scr2012,stInflow,pumpedStorageOpen
ro,h0555,0.056720015568348096,scr2012,stInflow,pumpedStorageOpen
ro,h0556,0.056720015568348096,scr2012,stInflow,pumpedStorageOpen
ro,h0557,0.056720015568348096,scr2012,stInflow,pumpedStorageOpen
ro,h0558,0.056720015568348096,scr2012,stInflow,pumpedStorageOpen
ro,h0559,0.06307493487870616,scr2012,stInflow,pumpedStorageOpen
ro,h0560,0.06942991831906511,scr2012,stInflow,pumpedStorageOpen
ro,h0561,0.07578496000335633,scr2012,stInflow,pumpedStorageOpen
ro,h0562,0.07578496000335633,scr2012,stInflow,pumpedStorageOpen
ro,h0563,0.07578496000335633,scr2012,stInflow,pumpedStorageOpen
ro,h0564,0.07578496000335633,scr2012,stInflow,pumpedStorageOpen
ro,h0565,0.07578496000335633,scr2012,stInflow,pumpedStorageOpen
ro,h0566,0.07578496000335633,scr2012,stInflow,pumpedStorageOpen
ro,h0567,0.07578496000335633,scr2012,stInflow,pumpedStorageOpen
ro,h0568,0.07578496000335633,scr2012,stInflow,pumpedStorageOpen
ro,h0569,0.07578496000335633,scr2012,stInflow,pumpedStorageOpen
ro,h0570,0.07578496000335633,scr2012,stInflow,pumpedStorageOpen
ro,h0571,0.07010561994244038,scr2012,stInflow,pumpedStorageOpen
ro,h0572,0.06442632593600744,scr2012,stInflow,pumpedStorageOpen
ro,h0573,0.0587470820531268,scr2012,stInflow,pumpedStorageOpen
ro,h0574,0.0587470820531268,scr2012,stInflow,pumpedStorageOpen
ro,h0575,0.0587470820531268,scr2012,stInflow,pumpedStorageOpen
ro,h0576,0.0587470820531268,scr2012,stInflow,pumpedStorageOpen
ro,h0577,0.0587470820531268,scr2012,stInflow,pumpedStorageOpen
ro,h0578,0.0587470820531268,scr2012,stInflow,pumpedStorageOpen
ro,h0579,0.0587470820531268,scr2012,stInflow,pumpedStorageOpen
ro,h0580,0.0587470820531268,scr2012,stInflow,pumpedStorageOpen
ro,h0581,0.0587470820531268,scr2012,stInflow,pumpedStorageOpen
ro,h0582,0.0587470820531268,scr2012,stInflow,pumpedStorageOpen
ro,h0583,0.07165588719375052,scr2012,stInflow,pumpedStorageOpen
ro,h0584,0.08456492614162361,scr2012,stInflow,pumpedStorageOpen
ro,h0585,0.0974741629047824,scr2012,stInflow,pumpedStorageOpen
ro,h0586,0.0974741629047824,scr2012,stInflow,pumpedStorageOpen
ro,h0587,0.0974741629047824,scr2012,stInflow,pumpedStorageOpen
ro,h0588,0.0974741629047824,scr2012,stInflow,pumpedStorageOpen
ro,h0589,0.0974741629047824,scr2012,stInflow,pumpedStorageOpen
ro,h0590,0.0974741629047824,scr2012,stInflow,pumpedStorageOpen
ro,h0591,0.0974741629047824,scr2012,stInflow,pumpedStorageOpen
ro,h0592,0.0974741629047824,scr2012,stInflow,pumpedStorageOpen
ro,h0593,0.0974741629047824,scr2012,stInflow,pumpedStorageOpen
ro,h0594,0.0974741629047824,scr2012,stInflow,pumpedStorageOpen
ro,h0595,0.0974741629047824,scr2012,stInflow,pumpedStorageOpen
ro,h0596,0.0974741629047824,scr2012,stInflow,pumpedStorageOpen
ro,h0597,0.0974741629047824,scr2012,stInflow,pumpedStorageOpen
ro,h0598,0.0974741629047824,scr2012,stInflow,pumpedStorageOpen
ro,h0599,0.0974741629047824,scr2012,stInflow,pumpedStorageOpen
ro,h0600,0.0974741629047824,scr2012,stInflow,pumpedStorageOpen
ro,h0601,0.08929494146455781,scr2012,stInflow,pumpedStorageOpen
ro,h0602,0.08111579504112527,scr2012,stInflow,pumpedStorageOpen
ro,h0603,0.0729367312216625,scr2012,stInflow,pumpedStorageOpen
ro,h0604,0.0729367312216625,scr2012,stInflow,pumpedStorageOpen
ro,h0605,0.0729367312216625,scr2012,stInflow,pumpedStorageOpen
ro,h0606,0.0729367312216625,scr2012,stInflow,pumpedStorageOpen
ro,h0607,0.0729367312216625,scr2012,stInflow,pumpedStorageOpen
ro,h0608,0.0729367312216625,scr2012,stInflow,pumpedStorageOpen
ro,h0609,0.0729367312216625,scr2012,stInflow,pumpedStorageOpen
ro,h0610,0.0729367312216625,scr2012,stInflow,pumpedStorageOpen
ro,h0611,0.0729367312216625,scr2012,stInflow,pumpedStorageOpen
ro,h0612,0.0729367312216625,scr2012,stInflow,pumpedStorageOpen
ro,h0613,0.07365520231466297,scr2012,stInflow,pumpedStorageOpen
ro,h0614,0.07437367410843918,scr2012,stInflow,pumpedStorageOpen
ro,h0615,0.07509214659622254,scr2012,stInflow,pumpedStorageOpen
ro,h0616,0.07509214659622254,scr2012,stInflow,pumpedStorageOpen
ro,h0617,0.07509214659622254,scr2012,stInflow,pumpedStorageOpen
ro,h0618,0.07509214659622254,scr2012,stInflow,pumpedStorageOpen
ro,h0619,0.07509214659622254,scr2012,stInflow,pumpedStorageOpen
ro,h0620,0.07509214659622254,scr2012,stInflow,pumpedStorageOpen
ro,h0621,0.07509214659622254,scr2012,stInflow,pumpedStorageOpen
ro,h0622,0.07509214659622254,scr2012,stInflow,pumpedStorageOpen
ro,h0623,0.07509214659622254,scr2012,stInflow,pumpedStorageOpen
ro,h0624,0.07509214659622254,scr2012,stInflow,pumpedStorageOpen
ro,h0625,0.07124747163089168,scr2012,stInflow,pumpedStorageOpen
ro,h0626,0.06740281742018935,scr2012,stInflow,pumpedStorageOpen
ro,h0627,0.06355818514896658,scr2012,stInflow,pumpedStorageOpen
ro,h0628,0.06355818514896658,scr2012,stInflow,pumpedStorageOpen
ro,h0629,0.06355818514896658,scr2012,stInflow,pumpedStorageOpen
ro,h0630,0.06355818514896658,scr2012,stInflow,pumpedStorageOpen
ro,h0631,0.06355818514896658,scr2012,stInflow,pumpedStorageOpen
ro,h0632,0.06355818514896658,scr2012,stInflow,pumpedStorageOpen
ro,h0633,0.06355818514896658,scr2012,stInflow,pumpedStorageOpen
ro,h0634,0.06355818514896658,scr2012,stInflow,pumpedStorageOpen
ro,h0635,0.06355818514896658,scr2012,stInflow,pumpedStorageOpen
ro,h0636,0.06355818514896658,scr2012,stInflow,pumpedStorageOpen
ro,h0637,0.06714836108868716,scr2012,stInflow,pumpedStorageOpen
ro,h0638,0.07073855623109529,scr2012,stInflow,pumpedStorageOpen
ro,h0639,0.0743287696009263,scr2012,stInflow,pumpedStorageOpen
ro,h0640,0.0743287696009263,scr2012,stInflow,pumpedStorageOpen
ro,h0641,0.0743287696009263,scr2012,stInflow,pumpedStorageOpen
ro,h0642,0.0743287696009263,scr2012,stInflow,pumpedStorageOpen
ro,h0643,0.0743287696009263,scr2012,stInflow,pumpedStorageOpen
ro,h0644,0.0743287696009263,scr2012,stInflow,pumpedStorageOpen
ro,h0645,0.0743287696009263,scr2012,stInflow,pumpedStorageOpen
ro,h0646,0.0743287696009263,scr2012,stInflow,pumpedStorageOpen
ro,h0647,0.0743287696009263,scr2012,stInflow,pumpedStorageOpen
ro,h0648,0.0743287696009263,scr2012,stInflow,pumpedStorageOpen
ro,h0649,0.08580730108096866,scr2012,stInflow,pumpedStorageOpen
ro,h0650,0.09728598655838101,scr2012,stInflow,pumpedStorageOpen
ro,h0651,0.10876480777575823,scr2012,stInflow,pumpedStorageOpen
ro,h0652,0.10876480777575823,scr2012,stInflow,pumpedStorageOpen
ro,h0653,0.10876480777575823,scr2012,stInflow,pumpedStorageOpen
ro,h0654,0.10876480777575823,scr2012,stInflow,pumpedStorageOpen
ro,h0655,0.10876480777575823,scr2012,stInflow,pumpedStorageOpen
ro,h0656,0.10876480777575823,scr2012,stInflow,pumpedStorageOpen
ro,h0657,0.10876480777575823,scr2012,stInflow,pumpedStorageOpen
ro,h0658,0.10876480777575823,scr2012,stInflow,pumpedStorageOpen
ro,h0659,0.10876480777575823,scr2012,stInflow,pumpedStorageOpen
ro,h0660,0.10876480777575823,scr2012,stInflow,pumpedStorageOpen
ro,h0661,0.10612389785902158,scr2012,stInflow,pumpedStorageOpen
ro,h0662,0.10348299451423569,scr2012,stInflow,pumpedStorageOpen
ro,h0663,0.10084209790911983,scr2012,stInflow,pumpedStorageOpen
ro,h0664,0.10084209790911983,scr2012,stInflow,pumpedStorageOpen
ro,h0665,0.10084209790911983,scr2012,stInflow,pumpedStorageOpen
ro,h0666,0.10084209790911983,scr2012,stInflow,pumpedStorageOpen
ro,h0667,0.10084209790911983,scr2012,stInflow,pumpedStorageOpen
ro,h0668,0.10084209790911983,scr2012,stInflow,pumpedStorageOpen
ro,h0669,0.10084209790911983,scr2012,stInflow,pumpedStorageOpen
ro,h0670,0.10084209790911983,scr2012,stInflow,pumpedStorageOpen
ro,h0671,0.10084209790911983,scr2012,stInflow,pumpedStorageOpen
ro,h0672,0.10084209790911983,scr2012,stInflow,pumpedStorageOpen
sk,h0505,0.010002247326136342,scr2012,stInflow,pumpedStorageOpen
sk,h0506,0.010287536049237347,scr2012,stInflow,pumpedStorageOpen
sk,h0507,0.010572904510011239,scr2012,stInflow,pumpedStorageOpen
sk,h0508,0.010572904510011239,scr2012,stInflow,pumpedStorageOpen
sk,h0509,0.010572904510011239,scr2012,stInflow,pumpedStorageOpen
sk,h0510,0.010572904510011239,scr2012,stInflow,pumpedStorageOpen
sk,h0511,0.010572904510011239,scr2012,stInflow,pumpedStorageOpen
sk,h0512,0.010572904510011239,scr2012,stInflow,pumpedStorageOpen
sk,h0513,0.010572904510011239,scr2012,stInflow,pumpedStorageOpen
sk,h0514,0.010572904510011239,scr2012,stInflow,pumpedStorageOpen
sk,h0515,0.010572904510011239,scr2012,stInflow,pumpedStorageOpen
sk,h0516,0.010572904510011239,scr2012,stInflow,pumpedStorageOpen
sk,h0517,0.010572904510011239,scr2012,stInflow,pumpedStorageOpen
sk,h0518,0.010572904510011239,scr2012,stInflow,pumpedStorageOpen
sk,h0519,0.010572904510011239,scr2012,stInflow,pumpedStorageOpen
sk,h0520,0.010572904510011239,scr2012,stInflow,pumpedStorageOpen
sk,h0521,0.010572904510011239,scr2012,stInflow,pumpedStorageOpen
sk,h0522,0.010572904510011239,scr2012,stInflow,pumpedStorageOpen
sk,h0523,0.009796256323041378,scr2012,stInflow,pumpedStorageOpen
sk,h0524,0.009020228848596261,scr2012,stInflow,pumpedStorageOpen
sk,h0525,0.008244874951516594,scr2012,stInflow,pumpedStorageOpen
sk,h0526,0.008244874951516594,scr2012,stInflow,pumpedStorageOpen
sk,h0527,0.008244874951516594,scr2012,stInflow,pumpedStorageOpen
sk,h0528,0.008244874951516594,scr2012,stInflow,pumpedStorageOpen
sk,h0529,0.008244874951516594,scr2012,stInflow,pumpedStorageOpen
sk,h0530,0.008244874951516594,scr2012,stInflow,pumpedStorageOpen
sk,h0531,0.008244874951516594,scr2012,stInflow,pumpedStorageOpen
sk,h0532,0.008244874951516594,scr2012,stInflow,pumpedStorageOpen
sk,h0533,0.008244874951516594,scr2012,stInflow,pumpedStorageOpen
sk,h0534,0.008244874951516594,scr2012,stInflow,pumpedStorageOpen
sk,h0535,0.008592905953082427,scr2012,stInflow,pumpedStorageOpen
sk,h0536,0.008941079275768985,scr2012,stInflow,pumpedStorageOpen
sk,h0537,0.009289389436002219,scr2012,stInflow,pumpedStorageOpen
sk,h0538,0.009289389436002219,scr2012,stInflow,pumpedStorageOpen
sk,h0539,0.009289389436002219,scr2012,stInflow,pumpedStorageOpen
sk,h0540,0.009289389436002219,scr2012,stInflow,pumpedStorageOpen
sk,h0541,0.009289389436002219,scr2012,stInflow,pumpedStorageOpen
sk,h0542,0.009289389436002219,scr2012,stInflow,pumpedStorageOpen
sk,h0543,0.009289389436002219,scr2012,stInflow,pumpedStorageOpen
sk,h0544,0.009289389436002219,scr2012,stInflow,pumpedStorageOpen
sk,h0545,0.009289389436002219,scr2012,stInflow,pumpedStorageOpen
sk,h0546,0.009289389436002219,scr2012,stInflow,pumpedStorageOpen
sk,h0547,0.00861268476851626,scr2012,stInflow,pumpedStorageOpen
sk,h0548,0.007936516677622504,scr2012,stInflow,pumpedStorageOpen
sk,h0549,0.007260930470971993,scr2012,stInflow,pumpedStorageOpen
sk,h0550,0.007260930470971993,scr2012,stInflow,pumpedStorageOpen
sk,h0551,0.007260930470971993,scr2012,stInflow,pumpedStorageOpen
sk,h0552,0.007260930470971993,scr2012,stInflow,pumpedStorageOpen
sk,h0553,0.007260930470971993,scr2012,stInflow,pumpedStorageOpen
sk,h0554,0.007260930470971993,scr2012,stInflow,pumpedStorageOpen
sk,h0555,0.007260930470971993,scr2012,stInflow,pumpedStorageOpen
sk,h0556,0.007260930470971993,scr2012,stInflow,pumpedStorageOpen
sk,h0557,0.007260930470971993,scr2012,stInflow,pumpedStorageOpen
sk,h0558,0.007260930470971993,scr2012,stInflow,pumpedStorageOpen
sk,h0559,0.008120331382874327,scr2012,stInflow,pumpedStorageOpen
sk,h0560,0.008980653182740102,scr2012,stInflow,pumpedStorageOpen
sk,h0561,0.009841808298239042,scr2012,stInflow,pumpedStorageOpen
sk,h0562,0.009841808298239042,scr2012,stInflow,pumpedStorageOpen
sk,h0563,0.009841808298239042,scr2012,stInflow,pumpedStorageOpen
sk,h0564,0.009841808298239042,scr2012,stInflow,pumpedStorageOpen
sk,h0565,0.009841808298239042,scr2012,stInflow,pumpedStorageOpen
sk,h0566,0.009841808298239042,scr2012,stInflow,pumpedStorageOpen
sk,h0567,0.009841808298239042,scr2012,stInflow,pumpedStorageOpen
sk,h0568,0.009841808298239042,scr2012,stInflow,pumpedStorageOpen
sk,h0569,0.009841808298239042,scr2012,stInflow,pumpedStorageOpen
sk,h0570,0.009841808298239042,scr2012,stInflow,pumpedStorageOpen
sk,h0571,0.011322360831633384,scr2012,stInflow,pumpedStorageOpen
sk,h0572,0.012804870665030294,scr2012,stInflow,pumpedStorageOpen
sk,h0573,0.014289113038813868,scr2012,stInflow,pumpedStorageOpen
sk,h0574,0.014289113038813868,scr2012,stInflow,pumpedStorageOpen
sk,h0575,0.014289113038813868,scr2012,stInflow,pumpedStorageOpen
sk,h0576,0.014289113038813868,scr2012,stInflow,pumpedStorageOpen
sk,h0577,0.014289113038813868,scr2012,stInflow,pumpedStorageOpen
sk,h0578,0.014289113038813868,scr2012,stInflow,pumpedStorageOpen
sk,h0579,0.014289113038813868,scr2012,stInflow,pumpedStorageOpen
sk,h0580,0.014289113038813868,scr2012,stInflow,pumpedStorageOpen
sk,h0581,0.014289113038813868,scr2012,stInflow,pumpedStorageOpen
sk,h0582,0.014289113038813868,scr2012,stInflow,pumpedStorageOpen
sk,h0583,0.017130662785736824,scr2012,stInflow,pumpedStorageOpen
sk,h0584,0.019976976656541523,scr2012,stInflow,pumpedStorageOpen
sk,h0585,0.022827380952380957,scr2012,stInflow,pumpedStorageOpen
sk,h0586,0.022827380952380957,scr2012,stInflow,pumpedStorageOpen
sk,h0587,0.022827380952380957,scr2012,stInflow,pumpedStorageOpen
sk,h0588,0.022827380952380957,scr2012,stInflow,pumpedStorageOpen
sk,h0589,0.022827380952380957,scr2012,stInflow,pumpedStorageOpen
sk,h0590,0.022827380952380957,scr2012,stInflow,pumpedStorageOpen
sk,h0591,0.022827380952380957,scr2012,stInflow,pumpedStorageOpen
sk,h0592,0.022827380952380957,scr2012,stInflow,pumpedStorageOpen
sk,h0593,0.022827380952380957,scr2012,stInflow,pumpedStorageOpen
sk,h0594,0.022827380952380957,scr2012,stInflow,pumpedStorageOpen
sk,h0595,0.022827380952380957,scr2012,stInflow,pumpedStorageOpen
sk,h0596,0.022827380952380957,scr2012,stInflow,pumpedStorageOpen
sk,h0597,0.022827380952380957,scr2012,stInflow,pumpedStorageOpen
sk,h0598,0.022827380952380957,scr2012,stInflow,pumpedStorageOpen
sk,h0599,0.022827380952380957,scr2012,stInflow,pumpedStorageOpen
sk,h0600,0.022827380952380957,scr2012,stInflow,pumpedStorageOpen
sk,h0601,0.020870807340458236,scr2012,stInflow,pumpedStorageOpen
sk,h0602,0.01891607553134921,scr2012,stInflow,pumpedStorageOpen
sk,h0603,0.016963373249284295,scr2012,stInflow,pumpedStorageOpen
sk,h0604,0.016963373249284295,scr2012,stInflow,pumpedStorageOpen
sk,h0605,0.016963373249284295,scr2012,stInflow,pumpedStorageOpen
sk,h0606,0.016963373249284295,scr2012,stInflow,pumpedStorageOpen
sk,h0607,0.016963373249284295,scr2012,stInflow,pumpedStorageOpen
sk,h0608,0.016963373249284295,scr2012,stInflow,pumpedStorageOpen
sk,h0609,0.016963373249284295,scr2012,stInflow,pumpedStorageOpen
sk,h0610,0.016963373249284295,scr2012,stInflow,pumpedStorageOpen
sk,h0611,0.016963373249284295,scr2012,stInflow,pumpedStorageOpen
sk,h0612,0.016963373249284295,scr2012,stInflow,pumpedStorageOpen
sk,h0613,0.015912225140540234,scr2012,stInflow,pumpedStorageOpen
sk,h0614,0.014861774769689657,scr2012,stInflow,pumpedStorageOpen
sk,h0615,0.013812070763428604,scr2012,stInflow,pumpedStorageOpen
sk,h0616,0.013812070763428604,scr2012,stInflow,pumpedStorageOpen
sk,h0617,0.013812070763428604,scr2012,stInflow,pumpedStorageOpen
sk,h0618,0.013812070763428604,scr2012,stInflow,pumpedStorageOpen
sk,h0619,0.013812070763428604,scr2012,stInflow,pumpedStorageOpen
sk,h0620,0.013812070763428604,scr2012,stInflow,pumpedStorageOpen
sk,h0621,0.013812070763428604,scr2012,stInflow,pumpedStorageOpen
sk,h0622,0.013812070763428604,scr2012,stInflow,pumpedStorageOpen
sk,h0623,0.013812070763428604,scr2012,stInflow,pumpedStorageOpen
sk,h0624,0.013812070763428604,scr2012,stInflow,pumpedStorageOpen
sk,h0625,0.014714610994574977,scr2012,stInflow,pumpedStorageOpen
sk,h0626,0.015617708367435496,scr2012,stInflow,pumpedStorageOpen
sk,h0627,0.0165213310977477,scr2012,stInflow,pumpedStorageOpen
sk,h0628,0.0165213310977477,scr2012,stInflow,pumpedStorageOpen
sk,h0629,0.0165213310977477,scr2012,stInflow,pumpedStorageOpen
sk,h0630,0.0165213310977477,scr2012,stInflow,pumpedStorageOpen
sk,h0631,0.0165213310977477,scr2012,stInflow,pumpedStorageOpen
sk,h0632,0.0165213310977477,scr2012,stInflow,pumpedStorageOpen
sk,h0633,0.0165213310977477,scr2012,stInflow,pumpedStorageOpen
sk,h0634,0.0165213310977477,scr2012,stInflow,pumpedStorageOpen
sk,h0635,0.0165213310977477,scr2012,stInflow,pumpedStorageOpen
sk,h0636,0.0165213310977477,scr2012,stInflow,pumpedStorageOpen
sk,h0637,0.01641979754041685,scr2012,stInflow,pumpedStorageOpen
sk,h0638,0.016318270290206,scr2012,stInflow,pumpedStorageOpen
sk,h0639,0.016216749385752263,scr2012,stInflow,pumpedStorageOpen
sk,h0640,0.016216749385752263,scr2012,stInflow,pumpedStorageOpen
sk,h0641,0.016216749385752263,scr2012,stInflow,pumpedStorageOpen
sk,h0642,0.016216749385752263,scr2012,stInflow,pumpedStorageOpen
sk,h0643,0.016216749385752263,scr2012,stInflow,pumpedStorageOpen
sk,h0644,0.016216749385752263,scr2012,stInflow,pumpedStorageOpen
sk,h0645,0.016216749385752263,scr2012,stInflow,pumpedStorageOpen
sk,h0646,0.016216749385752263,scr2012,stInflow,pumpedStorageOpen
sk,h0647,0.016216749385752263,scr2012,stInflow,pumpedStorageOpen
sk,h0648,0.016216749385752263,scr2012,stInflow,pumpedStorageOpen
sk,h0649,0.015082547854432544,scr2012,stInflow,pumpedStorageOpen
sk,h0650,0.013949203698421678,scr2012,stInflow,pumpedStorageOpen
sk,h0651,0.012816785653661969,scr2012,stInflow,pumpedStorageOpen
sk,h0652,0.012816785653661969,scr2012,stInflow,pumpedStorageOpen
sk,h0653,0.012816785653661969,scr2012,stInflow,pumpedStorageOpen
sk,h0654,0.012816785653661969,scr2012,stInflow,pumpedStorageOpen
sk,h0655,0.012816785653661969,scr2012,stInflow,pumpedStorageOpen
sk,h0656,0.012816785653661969,scr2012,stInflow,pumpedStorageOpen
sk,h0657,0.012816785653661969,scr2012,stInflow,pumpedStorageOpen
sk,h0658,0.012816785653661969,scr2012,stInflow,pumpedStorageOpen
sk,h0659,0.012816785653661969,scr2012,stInflow,pumpedStorageOpen
sk,h0660,0.012816785653661969,scr2012,stInflow,pumpedStorageOpen
sk,h0661,0.012022702184387085,scr2012,stInflow,pumpedStorageOpen
sk,h0662,0.011229146566527782,scr2012,stInflow,pumpedStorageOpen
sk,h0663,0.010436155643155413,scr2012,stInflow,pumpedStorageOpen
sk,h0664,0.010436155643155413,scr2012,stInflow,pumpedStorageOpen
sk,h0665,0.010436155643155413,scr2012,stInflow,pumpedStorageOpen
sk,h0666,0.010436155643155413,scr2012,stInflow,pumpedStorageOpen
sk,h0667,0.010436155643155413,scr2012,stInflow,pumpedStorageOpen
sk,h0668,0.010436155643155413,scr2012,stInflow,pumpedStorageOpen
sk,h0669,0.010436155643155413,scr2012,stInflow,pumpedStorageOpen
sk,h0670,0.010436155643155413,scr2012,stInflow,pumpedStorageOpen
sk,h0671,0.010436155643155413,scr2012,stInflow,pumpedStorageOpen
sk,h0672,0.010436155643155413,scr2012,stInflow,pumpedStorageOpen
