region_4,timestep_4,value,scenario_1,parameter,technology_3
01ES,d092,0.39695079066339795,scr1988,avaStIn,bevPsngRoadPrvt
01ES,d093,0.44230048575854214,scr1988,avaStIn,bevPsngRoadPrvt
01ES,d094,0.44557714599843595,scr1988,avaStIn,bevPsngRoadPrvt
01ES,d095,0.44557714599843595,scr1988,avaStIn,bevPsngRoadPrvt
01ES,d096,0.44557714599843595,scr1988,avaStIn,bevPsngRoadPrvt
01ES,d097,0.44557714599843595,scr1988,avaStIn,bevPsngRoadPrvt
01ES,d098,0.44557714599843595,scr1988,avaStIn,bevPsngRoadPrvt
01ES,d099,0.46722091136161586,scr1988,avaStIn,bevPsngRoadPrvt
01ES,d100,0.47222289515354826,scr1988,avaStIn,bevPsngRoadPrvt
01ES,d101,0.45053862653839677,scr1988,avaStIn,bevPsngRoadPrvt
01ES,d102,0.44557714599843595,scr1988,avaStIn,bevPsngRoadPrvt
01ES,d103,0.44557714599843595,scr1988,avaStIn,bevPsngRoadPrvt
01ES,d104,0.44557714599843595,scr1988,avaStIn,bevPsngRoadPrvt
01ES,d105,0.44557714599843595,scr1988,avaStIn,bevPsngRoadPrvt
01ES,d106,0.46722091136161586,scr1988,avaStIn,bevPsngRoadPrvt
01ES,d107,0.47222289515354826,scr1988,avaStIn,bevPsngRoadPrvt
01ES,d108,0.45053862653839677,scr1988,avaStIn,bevPsngRoadPrvt
01ES,d109,0.44557714599843595,scr1988,avaStIn,bevPsngRoadPrvt
01ES,d110,0.44557714599843595,scr1988,avaStIn,bevPsngRoadPrvt
01ES,d111,0.44557714599843595,scr1988,avaStIn,bevPsngRoadPrvt
01ES,d112,0.44557714599843595,scr1988,avaStIn,bevPsngRoadPrvt
01ES,d113,0.46722091136161586,scr1988,avaStIn,bevPsngRoadPrvt
01ES,d114,0.47222289515354826,scr1988,avaStIn,bevPsngRoadPrvt
01ES,d115,0.45053862653839677,scr1988,avaStIn,bevPsngRoadPrvt
01ES,d116,0.44557714599843595,scr1988,avaStIn,bevPsngRoadPrvt
01ES,d117,0.44557714599843595,scr1988,avaStIn,bevPsngRoadPrvt
01ES,d118,0.44557714599843595,scr1988,avaStIn,bevPsngRoadPrvt
01ES,d119,0.44557714599843595,scr1988,avaStIn,bevPsngRoadPrvt
01ES,d120,0.46722091136161586,scr1988,avaStIn,bevPsngRoadPrvt
01ES,d121,0.47222289515354826,scr1988,avaStIn,bevPsngRoadPrvt
01ES,d122,0.45053862653839677,scr1988,avaStIn,bevPsngRoadPrvt
01ES,d123,0.4547536638034571,scr1988,avaStIn,bevPsngRoadPrvt
01ES,d124,0.4432711785319287,scr1988,avaStIn,bevPsngRoadPrvt
01ES,d125,0.4432711785319287,scr1988,avaStIn,bevPsngRoadPrvt
01ES,d126,0.4432711785319287,scr1988,avaStIn,bevPsngRoadPrvt
01ES,d127,0.44413811018389965,scr1988,avaStIn,bevPsngRoadPrvt
01ES,d128,0.43646102703319944,scr1988,avaStIn,bevPsngRoadPrvt
01ES,d129,0.4353950159570614,scr1988,avaStIn,bevPsngRoadPrvt
01ES,d130,0.4432711785319287,scr1988,avaStIn,bevPsngRoadPrvt
01ES,d131,0.4432711785319287,scr1988,avaStIn,bevPsngRoadPrvt
01ES,d132,0.4432711785319287,scr1988,avaStIn,bevPsngRoadPrvt
01ES,d133,0.4432711785319287,scr1988,avaStIn,bevPsngRoadPrvt
01ES,d134,0.44413811018389965,scr1988,avaStIn,bevPsngRoadPrvt
01ES,d135,0.43646102703319944,scr1988,avaStIn,bevPsngRoadPrvt
01ES,d136,0.4353950159570614,scr1988,avaStIn,bevPsngRoadPrvt
01ES,d137,0.4432711785319287,scr1988,avaStIn,bevPsngRoadPrvt
01ES,d138,0.4432711785319287,scr1988,avaStIn,bevPsngRoadPrvt
01ES,d139,0.4432711785319287,scr1988,avaStIn,bevPsngRoadPrvt
01ES,d140,0.4432711785319287,scr1988,avaStIn,bevPsngRoadPrvt
01ES,d141,0.44413811018389965,scr1988,avaStIn,bevPsngRoadPrvt
01ES,d142,0.43646102703319944,scr1988,avaStIn,bevPsngRoadPrvt
01ES,d143,0.4353950159570614,scr1988,avaStIn,bevPsngRoadPrvt
01ES,d144,0.4432711785319287,scr1988,avaStIn,bevPsngRoadPrvt
01ES,d145,0.4432711785319287,scr1988,avaStIn,bevPsngRoadPrvt
01ES,d146,0.4432711785319287,scr1988,avaStIn,bevPsngRoadPrvt
01ES,d147,0.4432711785319287,scr1988,avaStIn,bevPsngRoadPrvt
01ES,d148,0.44413811018389965,scr1988,avaStIn,bevPsngRoadPrvt
01ES,d149,0.43646102703319944,scr1988,avaStIn,bevPsngRoadPrvt
01ES,d150,0.4353950159570614,scr1988,avaStIn,bevPsngRoadPrvt
01ES,d151,0.4432711785319287,scr1988,avaStIn,bevPsngRoadPrvt
01ES,d152,0.4432711785319287,scr1988,avaStIn,bevPsngRoadPrvt
01ES,d153,0.4432711785319287,scr1988,avaStIn,bevPsngRoadPrvt
01ES,d154,0.4379237182393594,scr1988,avaStIn,bevPsngRoadPrvt
01ES,d155,0.4442433302373707,scr1988,avaStIn,bevPsngRoadPrvt
01ES,d156,0.4453986384192496,scr1988,avaStIn,bevPsngRoadPrvt
01ES,d157,0.4451846334488831,scr1988,avaStIn,bevPsngRoadPrvt
01ES,d158,0.44406748886780784,scr1988,avaStIn,bevPsngRoadPrvt
01ES,d159,0.44406748886780784,scr1988,avaStIn,bevPsngRoadPrvt
01ES,d160,0.44406748886780784,scr1988,avaStIn,bevPsngRoadPrvt
01ES,d161,0.44406748886780784,scr1988,avaStIn,bevPsngRoadPrvt
01ES,d162,0.4442433302373707,scr1988,avaStIn,bevPsngRoadPrvt
01ES,d163,0.4453986384192496,scr1988,avaStIn,bevPsngRoadPrvt
01ES,d164,0.4451846334488831,scr1988,avaStIn,bevPsngRoadPrvt
01ES,d165,0.44406748886780784,scr1988,avaStIn,bevPsngRoadPrvt
01ES,d166,0.44406748886780784,scr1988,avaStIn,bevPsngRoadPrvt
01ES,d167,0.44406748886780784,scr1988,avaStIn,bevPsngRoadPrvt
01ES,d168,0.44406748886780784,scr1988,avaStIn,bevPsngRoadPrvt
01ES,d169,0.4442433302373707,scr1988,avaStIn,bevPsngRoadPrvt
01ES,d170,0.4453986384192496,scr1988,avaStIn,bevPsngRoadPrvt
01ES,d171,0.4451846334488831,scr1988,avaStIn,bevPsngRoadPrvt
01ES,d172,0.44406748886780784,scr1988,avaStIn,bevPsngRoadPrvt
01ES,d173,0.44406748886780784,scr1988,avaStIn,bevPsngRoadPrvt
01ES,d174,0.44406748886780784,scr1988,avaStIn,bevPsngRoadPrvt
01ES,d175,0.44406748886780784,scr1988,avaStIn,bevPsngRoadPrvt
01ES,d176,0.4442433302373707,scr1988,avaStIn,bevPsngRoadPrvt
01ES,d177,0.4453986384192496,scr1988,avaStIn,bevPsngRoadPrvt
01ES,d178,0.4451846334488831,scr1988,avaStIn,bevPsngRoadPrvt
01ES,d179,0.44406748886780784,scr1988,avaStIn,bevPsngRoadPrvt
01ES,d180,0.44406748886780784,scr1988,avaStIn,bevPsngRoadPrvt
01ES,d181,0.44406748886780784,scr1988,avaStIn,bevPsngRoadPrvt
01ES,d182,0.44406748886780784,scr1988,avaStIn,bevPsngRoadPrvt
02ES,d092,0.39695079066339795,scr1988,avaStIn,bevPsngRoadPrvt
02ES,d093,0.44230048575854214,scr1988,avaStIn,bevPsngRoadPrvt
02ES,d094,0.44557714599843595,scr1988,avaStIn,bevPsngRoadPrvt
02ES,d095,0.44557714599843595,scr1988,avaStIn,bevPsngRoadPrvt
02ES,d096,0.44557714599843595,scr1988,avaStIn,bevPsngRoadPrvt
02ES,d097,0.44557714599843595,scr1988,avaStIn,bevPsngRoadPrvt
02ES,d098,0.44557714599843595,scr1988,avaStIn,bevPsngRoadPrvt
02ES,d099,0.46722091136161586,scr1988,avaStIn,bevPsngRoadPrvt
02ES,d100,0.47222289515354826,scr1988,avaStIn,bevPsngRoadPrvt
02ES,d101,0.45053862653839677,scr1988,avaStIn,bevPsngRoadPrvt
02ES,d102,0.44557714599843595,scr1988,avaStIn,bevPsngRoadPrvt
02ES,d103,0.44557714599843595,scr1988,avaStIn,bevPsngRoadPrvt
02ES,d104,0.44557714599843595,scr1988,avaStIn,bevPsngRoadPrvt
02ES,d105,0.44557714599843595,scr1988,avaStIn,bevPsngRoadPrvt
02ES,d106,0.46722091136161586,scr1988,avaStIn,bevPsngRoadPrvt
02ES,d107,0.47222289515354826,scr1988,avaStIn,bevPsngRoadPrvt
02ES,d108,0.45053862653839677,scr1988,avaStIn,bevPsngRoadPrvt
02ES,d109,0.44557714599843595,scr1988,avaStIn,bevPsngRoadPrvt
02ES,d110,0.44557714599843595,scr1988,avaStIn,bevPsngRoadPrvt
02ES,d111,0.44557714599843595,scr1988,avaStIn,bevPsngRoadPrvt
02ES,d112,0.44557714599843595,scr1988,avaStIn,bevPsngRoadPrvt
02ES,d113,0.46722091136161586,scr1988,avaStIn,bevPsngRoadPrvt
02ES,d114,0.47222289515354826,scr1988,avaStIn,bevPsngRoadPrvt
02ES,d115,0.45053862653839677,scr1988,avaStIn,bevPsngRoadPrvt
02ES,d116,0.44557714599843595,scr1988,avaStIn,bevPsngRoadPrvt
02ES,d117,0.44557714599843595,scr1988,avaStIn,bevPsngRoadPrvt
02ES,d118,0.44557714599843595,scr1988,avaStIn,bevPsngRoadPrvt
02ES,d119,0.44557714599843595,scr1988,avaStIn,bevPsngRoadPrvt
02ES,d120,0.46722091136161586,scr1988,avaStIn,bevPsngRoadPrvt
02ES,d121,0.47222289515354826,scr1988,avaStIn,bevPsngRoadPrvt
02ES,d122,0.45053862653839677,scr1988,avaStIn,bevPsngRoadPrvt
02ES,d123,0.4547536638034571,scr1988,avaStIn,bevPsngRoadPrvt
02ES,d124,0.4432711785319287,scr1988,avaStIn,bevPsngRoadPrvt
02ES,d125,0.4432711785319287,scr1988,avaStIn,bevPsngRoadPrvt
02ES,d126,0.4432711785319287,scr1988,avaStIn,bevPsngRoadPrvt
02ES,d127,0.44413811018389965,scr1988,avaStIn,bevPsngRoadPrvt
02ES,d128,0.43646102703319944,scr1988,avaStIn,bevPsngRoadPrvt
02ES,d129,0.4353950159570614,scr1988,avaStIn,bevPsngRoadPrvt
02ES,d130,0.4432711785319287,scr1988,avaStIn,bevPsngRoadPrvt
02ES,d131,0.4432711785319287,scr1988,avaStIn,bevPsngRoadPrvt
02ES,d132,0.4432711785319287,scr1988,avaStIn,bevPsngRoadPrvt
02ES,d133,0.4432711785319287,scr1988,avaStIn,bevPsngRoadPrvt
02ES,d134,0.44413811018389965,scr1988,avaStIn,bevPsngRoadPrvt
02ES,d135,0.43646102703319944,scr1988,avaStIn,bevPsngRoadPrvt
02ES,d136,0.4353950159570614,scr1988,avaStIn,bevPsngRoadPrvt
02ES,d137,0.4432711785319287,scr1988,avaStIn,bevPsngRoadPrvt
02ES,d138,0.4432711785319287,scr1988,avaStIn,bevPsngRoadPrvt
02ES,d139,0.4432711785319287,scr1988,avaStIn,bevPsngRoadPrvt
02ES,d140,0.4432711785319287,scr1988,avaStIn,bevPsngRoadPrvt
02ES,d141,0.44413811018389965,scr1988,avaStIn,bevPsngRoadPrvt
02ES,d142,0.43646102703319944,scr1988,avaStIn,bevPsngRoadPrvt
02ES,d143,0.4353950159570614,scr1988,avaStIn,bevPsngRoadPrvt
02ES,d144,0.4432711785319287,scr1988,avaStIn,bevPsngRoadPrvt
02ES,d145,0.4432711785319287,scr1988,avaStIn,bevPsngRoadPrvt
02ES,d146,0.4432711785319287,scr1988,avaStIn,bevPsngRoadPrvt
02ES,d147,0.4432711785319287,scr1988,avaStIn,bevPsngRoadPrvt
02ES,d148,0.44413811018389965,scr1988,avaStIn,bevPsngRoadPrvt
02ES,d149,0.43646102703319944,scr1988,avaStIn,bevPsngRoadPrvt
02ES,d150,0.4353950159570614,scr1988,avaStIn,bevPsngRoadPrvt
02ES,d151,0.4432711785319287,scr1988,avaStIn,bevPsngRoadPrvt
02ES,d152,0.4432711785319287,scr1988,avaStIn,bevPsngRoadPrvt
02ES,d153,0.4432711785319287,scr1988,avaStIn,bevPsngRoadPrvt
02ES,d154,0.4379237182393594,scr1988,avaStIn,bevPsngRoadPrvt
02ES,d155,0.4442433302373707,scr1988,avaStIn,bevPsngRoadPrvt
02ES,d156,0.4453986384192496,scr1988,avaStIn,bevPsngRoadPrvt
02ES,d157,0.4451846334488831,scr1988,avaStIn,bevPsngRoadPrvt
02ES,d158,0.44406748886780784,scr1988,avaStIn,bevPsngRoadPrvt
02ES,d159,0.44406748886780784,scr1988,avaStIn,bevPsngRoadPrvt
02ES,d160,0.44406748886780784,scr1988,avaStIn,bevPsngRoadPrvt
02ES,d161,0.44406748886780784,scr1988,avaStIn,bevPsngRoadPrvt
02ES,d162,0.4442433302373707,scr1988,avaStIn,bevPsngRoadPrvt
02ES,d163,0.4453986384192496,scr1988,avaStIn,bevPsngRoadPrvt
02ES,d164,0.4451846334488831,scr1988,avaStIn,bevPsngRoadPrvt
02ES,d165,0.44406748886780784,scr1988,avaStIn,bevPsngRoadPrvt
02ES,d166,0.44406748886780784,scr1988,avaStIn,bevPsngRoadPrvt
02ES,d167,0.44406748886780784,scr1988,avaStIn,bevPsngRoadPrvt
02ES,d168,0.44406748886780784,scr1988,avaStIn,bevPsngRoadPrvt
02ES,d169,0.4442433302373707,scr1988,avaStIn,bevPsngRoadPrvt
02ES,d170,0.4453986384192496,scr1988,avaStIn,bevPsngRoadPrvt
02ES,d171,0.4451846334488831,scr1988,avaStIn,bevPsngRoadPrvt
02ES,d172,0.44406748886780784,scr1988,avaStIn,bevPsngRoadPrvt
02ES,d173,0.44406748886780784,scr1988,avaStIn,bevPsngRoadPrvt
02ES,d174,0.44406748886780784,scr1988,avaStIn,bevPsngRoadPrvt
02ES,d175,0.44406748886780784,scr1988,avaStIn,bevPsngRoadPrvt
02ES,d176,0.4442433302373707,scr1988,avaStIn,bevPsngRoadPrvt
02ES,d177,0.4453986384192496,scr1988,avaStIn,bevPsngRoadPrvt
02ES,d178,0.4451846334488831,scr1988,avaStIn,bevPsngRoadPrvt
02ES,d179,0.44406748886780784,scr1988,avaStIn,bevPsngRoadPrvt
02ES,d180,0.44406748886780784,scr1988,avaStIn,bevPsngRoadPrvt
02ES,d181,0.44406748886780784,scr1988,avaStIn,bevPsngRoadPrvt
02ES,d182,0.44406748886780784,scr1988,avaStIn,bevPsngRoadPrvt
03ES,d092,0.39695079066339795,scr1988,avaStIn,bevPsngRoadPrvt
03ES,d093,0.44230048575854214,scr1988,avaStIn,bevPsngRoadPrvt
03ES,d094,0.44557714599843595,scr1988,avaStIn,bevPsngRoadPrvt
03ES,d095,0.44557714599843595,scr1988,avaStIn,bevPsngRoadPrvt
03ES,d096,0.44557714599843595,scr1988,avaStIn,bevPsngRoadPrvt
03ES,d097,0.44557714599843595,scr1988,avaStIn,bevPsngRoadPrvt
03ES,d098,0.44557714599843595,scr1988,avaStIn,bevPsngRoadPrvt
03ES,d099,0.46722091136161586,scr1988,avaStIn,bevPsngRoadPrvt
03ES,d100,0.47222289515354826,scr1988,avaStIn,bevPsngRoadPrvt
03ES,d101,0.45053862653839677,scr1988,avaStIn,bevPsngRoadPrvt
03ES,d102,0.44557714599843595,scr1988,avaStIn,bevPsngRoadPrvt
03ES,d103,0.44557714599843595,scr1988,avaStIn,bevPsngRoadPrvt
03ES,d104,0.44557714599843595,scr1988,avaStIn,bevPsngRoadPrvt
03ES,d105,0.44557714599843595,scr1988,avaStIn,bevPsngRoadPrvt
03ES,d106,0.46722091136161586,scr1988,avaStIn,bevPsngRoadPrvt
03ES,d107,0.47222289515354826,scr1988,avaStIn,bevPsngRoadPrvt
03ES,d108,0.45053862653839677,scr1988,avaStIn,bevPsngRoadPrvt
03ES,d109,0.44557714599843595,scr1988,avaStIn,bevPsngRoadPrvt
03ES,d110,0.44557714599843595,scr1988,avaStIn,bevPsngRoadPrvt
03ES,d111,0.44557714599843595,scr1988,avaStIn,bevPsngRoadPrvt
03ES,d112,0.44557714599843595,scr1988,avaStIn,bevPsngRoadPrvt
03ES,d113,0.46722091136161586,scr1988,avaStIn,bevPsngRoadPrvt
03ES,d114,0.47222289515354826,scr1988,avaStIn,bevPsngRoadPrvt
03ES,d115,0.45053862653839677,scr1988,avaStIn,bevPsngRoadPrvt
03ES,d116,0.44557714599843595,scr1988,avaStIn,bevPsngRoadPrvt
03ES,d117,0.44557714599843595,scr1988,avaStIn,bevPsngRoadPrvt
03ES,d118,0.44557714599843595,scr1988,avaStIn,bevPsngRoadPrvt
03ES,d119,0.44557714599843595,scr1988,avaStIn,bevPsngRoadPrvt
03ES,d120,0.46722091136161586,scr1988,avaStIn,bevPsngRoadPrvt
03ES,d121,0.47222289515354826,scr1988,avaStIn,bevPsngRoadPrvt
03ES,d122,0.45053862653839677,scr1988,avaStIn,bevPsngRoadPrvt
03ES,d123,0.4547536638034571,scr1988,avaStIn,bevPsngRoadPrvt
03ES,d124,0.4432711785319287,scr1988,avaStIn,bevPsngRoadPrvt
03ES,d125,0.4432711785319287,scr1988,avaStIn,bevPsngRoadPrvt
03ES,d126,0.4432711785319287,scr1988,avaStIn,bevPsngRoadPrvt
03ES,d127,0.44413811018389965,scr1988,avaStIn,bevPsngRoadPrvt
03ES,d128,0.43646102703319944,scr1988,avaStIn,bevPsngRoadPrvt
03ES,d129,0.4353950159570614,scr1988,avaStIn,bevPsngRoadPrvt
03ES,d130,0.4432711785319287,scr1988,avaStIn,bevPsngRoadPrvt
03ES,d131,0.4432711785319287,scr1988,avaStIn,bevPsngRoadPrvt
03ES,d132,0.4432711785319287,scr1988,avaStIn,bevPsngRoadPrvt
03ES,d133,0.4432711785319287,scr1988,avaStIn,bevPsngRoadPrvt
03ES,d134,0.44413811018389965,scr1988,avaStIn,bevPsngRoadPrvt
03ES,d135,0.43646102703319944,scr1988,avaStIn,bevPsngRoadPrvt
03ES,d136,0.4353950159570614,scr1988,avaStIn,bevPsngRoadPrvt
03ES,d137,0.4432711785319287,scr1988,avaStIn,bevPsngRoadPrvt
03ES,d138,0.4432711785319287,scr1988,avaStIn,bevPsngRoadPrvt
03ES,d139,0.4432711785319287,scr1988,avaStIn,bevPsngRoadPrvt
03ES,d140,0.4432711785319287,scr1988,avaStIn,bevPsngRoadPrvt
03ES,d141,0.44413811018389965,scr1988,avaStIn,bevPsngRoadPrvt
03ES,d142,0.43646102703319944,scr1988,avaStIn,bevPsngRoadPrvt
03ES,d143,0.4353950159570614,scr1988,avaStIn,bevPsngRoadPrvt
03ES,d144,0.4432711785319287,scr1988,avaStIn,bevPsngRoadPrvt
03ES,d145,0.4432711785319287,scr1988,avaStIn,bevPsngRoadPrvt
03ES,d146,0.4432711785319287,scr1988,avaStIn,bevPsngRoadPrvt
03ES,d147,0.4432711785319287,scr1988,avaStIn,bevPsngRoadPrvt
03ES,d148,0.44413811018389965,scr1988,avaStIn,bevPsngRoadPrvt
03ES,d149,0.43646102703319944,scr1988,avaStIn,bevPsngRoadPrvt
03ES,d150,0.4353950159570614,scr1988,avaStIn,bevPsngRoadPrvt
03ES,d151,0.4432711785319287,scr1988,avaStIn,bevPsngRoadPrvt
03ES,d152,0.4432711785319287,scr1988,avaStIn,bevPsngRoadPrvt
03ES,d153,0.4432711785319287,scr1988,avaStIn,bevPsngRoadPrvt
03ES,d154,0.4379237182393594,scr1988,avaStIn,bevPsngRoadPrvt
03ES,d155,0.4442433302373707,scr1988,avaStIn,bevPsngRoadPrvt
03ES,d156,0.4453986384192496,scr1988,avaStIn,bevPsngRoadPrvt
03ES,d157,0.4451846334488831,scr1988,avaStIn,bevPsngRoadPrvt
03ES,d158,0.44406748886780784,scr1988,avaStIn,bevPsngRoadPrvt
03ES,d159,0.44406748886780784,scr1988,avaStIn,bevPsngRoadPrvt
03ES,d160,0.44406748886780784,scr1988,avaStIn,bevPsngRoadPrvt
03ES,d161,0.44406748886780784,scr1988,avaStIn,bevPsngRoadPrvt
03ES,d162,0.4442433302373707,scr1988,avaStIn,bevPsngRoadPrvt
03ES,d163,0.4453986384192496,scr1988,avaStIn,bevPsngRoadPrvt
03ES,d164,0.4451846334488831,scr1988,avaStIn,bevPsngRoadPrvt
03ES,d165,0.44406748886780784,scr1988,avaStIn,bevPsngRoadPrvt
03ES,d166,0.44406748886780784,scr1988,avaStIn,bevPsngRoadPrvt
03ES,d167,0.44406748886780784,scr1988,avaStIn,bevPsngRoadPrvt
03ES,d168,0.44406748886780784,scr1988,avaStIn,bevPsngRoadPrvt
03ES,d169,0.4442433302373707,scr1988,avaStIn,bevPsngRoadPrvt
03ES,d170,0.4453986384192496,scr1988,avaStIn,bevPsngRoadPrvt
03ES,d171,0.4451846334488831,scr1988,avaStIn,bevPsngRoadPrvt
03ES,d172,0.44406748886780784,scr1988,avaStIn,bevPsngRoadPrvt
03ES,d173,0.44406748886780784,scr1988,avaStIn,bevPsngRoadPrvt
03ES,d174,0.44406748886780784,scr1988,avaStIn,bevPsngRoadPrvt
03ES,d175,0.44406748886780784,scr1988,avaStIn,bevPsngRoadPrvt
03ES,d176,0.4442433302373707,scr1988,avaStIn,bevPsngRoadPrvt
03ES,d177,0.4453986384192496,scr1988,avaStIn,bevPsngRoadPrvt
03ES,d178,0.4451846334488831,scr1988,avaStIn,bevPsngRoadPrvt
03ES,d179,0.44406748886780784,scr1988,avaStIn,bevPsngRoadPrvt
03ES,d180,0.44406748886780784,scr1988,avaStIn,bevPsngRoadPrvt
03ES,d181,0.44406748886780784,scr1988,avaStIn,bevPsngRoadPrvt
03ES,d182,0.44406748886780784,scr1988,avaStIn,bevPsngRoadPrvt
04ES,d092,0.39695079066339795,scr1988,avaStIn,bevPsngRoadPrvt
04ES,d093,0.44230048575854214,scr1988,avaStIn,bevPsngRoadPrvt
04ES,d094,0.44557714599843595,scr1988,avaStIn,bevPsngRoadPrvt
04ES,d095,0.44557714599843595,scr1988,avaStIn,bevPsngRoadPrvt
04ES,d096,0.44557714599843595,scr1988,avaStIn,bevPsngRoadPrvt
04ES,d097,0.44557714599843595,scr1988,avaStIn,bevPsngRoadPrvt
04ES,d098,0.44557714599843595,scr1988,avaStIn,bevPsngRoadPrvt
04ES,d099,0.46722091136161586,scr1988,avaStIn,bevPsngRoadPrvt
04ES,d100,0.47222289515354826,scr1988,avaStIn,bevPsngRoadPrvt
04ES,d101,0.45053862653839677,scr1988,avaStIn,bevPsngRoadPrvt
04ES,d102,0.44557714599843595,scr1988,avaStIn,bevPsngRoadPrvt
04ES,d103,0.44557714599843595,scr1988,avaStIn,bevPsngRoadPrvt
04ES,d104,0.44557714599843595,scr1988,avaStIn,bevPsngRoadPrvt
04ES,d105,0.44557714599843595,scr1988,avaStIn,bevPsngRoadPrvt
04ES,d106,0.46722091136161586,scr1988,avaStIn,bevPsngRoadPrvt
04ES,d107,0.47222289515354826,scr1988,avaStIn,bevPsngRoadPrvt
04ES,d108,0.45053862653839677,scr1988,avaStIn,bevPsngRoadPrvt
04ES,d109,0.44557714599843595,scr1988,avaStIn,bevPsngRoadPrvt
04ES,d110,0.44557714599843595,scr1988,avaStIn,bevPsngRoadPrvt
04ES,d111,0.44557714599843595,scr1988,avaStIn,bevPsngRoadPrvt
04ES,d112,0.44557714599843595,scr1988,avaStIn,bevPsngRoadPrvt
04ES,d113,0.46722091136161586,scr1988,avaStIn,bevPsngRoadPrvt
04ES,d114,0.47222289515354826,scr1988,avaStIn,bevPsngRoadPrvt
04ES,d115,0.45053862653839677,scr1988,avaStIn,bevPsngRoadPrvt
04ES,d116,0.44557714599843595,scr1988,avaStIn,bevPsngRoadPrvt
04ES,d117,0.44557714599843595,scr1988,avaStIn,bevPsngRoadPrvt
04ES,d118,0.44557714599843595,scr1988,avaStIn,bevPsngRoadPrvt
04ES,d119,0.44557714599843595,scr1988,avaStIn,bevPsngRoadPrvt
04ES,d120,0.46722091136161586,scr1988,avaStIn,bevPsngRoadPrvt
04ES,d121,0.47222289515354826,scr1988,avaStIn,bevPsngRoadPrvt
04ES,d122,0.45053862653839677,scr1988,avaStIn,bevPsngRoadPrvt
04ES,d123,0.4547536638034571,scr1988,avaStIn,bevPsngRoadPrvt
04ES,d124,0.4432711785319287,scr1988,avaStIn,bevPsngRoadPrvt
04ES,d125,0.4432711785319287,scr1988,avaStIn,bevPsngRoadPrvt
04ES,d126,0.4432711785319287,scr1988,avaStIn,bevPsngRoadPrvt
04ES,d127,0.44413811018389965,scr1988,avaStIn,bevPsngRoadPrvt
04ES,d128,0.43646102703319944,scr1988,avaStIn,bevPsngRoadPrvt
04ES,d129,0.4353950159570614,scr1988,avaStIn,bevPsngRoadPrvt
04ES,d130,0.4432711785319287,scr1988,avaStIn,bevPsngRoadPrvt
04ES,d131,0.4432711785319287,scr1988,avaStIn,bevPsngRoadPrvt
04ES,d132,0.4432711785319287,scr1988,avaStIn,bevPsngRoadPrvt
04ES,d133,0.4432711785319287,scr1988,avaStIn,bevPsngRoadPrvt
04ES,d134,0.44413811018389965,scr1988,avaStIn,bevPsngRoadPrvt
04ES,d135,0.43646102703319944,scr1988,avaStIn,bevPsngRoadPrvt
04ES,d136,0.4353950159570614,scr1988,avaStIn,bevPsngRoadPrvt
04ES,d137,0.4432711785319287,scr1988,avaStIn,bevPsngRoadPrvt
04ES,d138,0.4432711785319287,scr1988,avaStIn,bevPsngRoadPrvt
04ES,d139,0.4432711785319287,scr1988,avaStIn,bevPsngRoadPrvt
04ES,d140,0.4432711785319287,scr1988,avaStIn,bevPsngRoadPrvt
04ES,d141,0.44413811018389965,scr1988,avaStIn,bevPsngRoadPrvt
04ES,d142,0.43646102703319944,scr1988,avaStIn,bevPsngRoadPrvt
04ES,d143,0.4353950159570614,scr1988,avaStIn,bevPsngRoadPrvt
04ES,d144,0.4432711785319287,scr1988,avaStIn,bevPsngRoadPrvt
04ES,d145,0.4432711785319287,scr1988,avaStIn,bevPsngRoadPrvt
04ES,d146,0.4432711785319287,scr1988,avaStIn,bevPsngRoadPrvt
04ES,d147,0.4432711785319287,scr1988,avaStIn,bevPsngRoadPrvt
04ES,d148,0.44413811018389965,scr1988,avaStIn,bevPsngRoadPrvt
04ES,d149,0.43646102703319944,scr1988,avaStIn,bevPsngRoadPrvt
04ES,d150,0.4353950159570614,scr1988,avaStIn,bevPsngRoadPrvt
04ES,d151,0.4432711785319287,scr1988,avaStIn,bevPsngRoadPrvt
04ES,d152,0.4432711785319287,scr1988,avaStIn,bevPsngRoadPrvt
04ES,d153,0.4432711785319287,scr1988,avaStIn,bevPsngRoadPrvt
04ES,d154,0.4379237182393594,scr1988,avaStIn,bevPsngRoadPrvt
04ES,d155,0.4442433302373707,scr1988,avaStIn,bevPsngRoadPrvt
04ES,d156,0.4453986384192496,scr1988,avaStIn,bevPsngRoadPrvt
04ES,d157,0.4451846334488831,scr1988,avaStIn,bevPsngRoadPrvt
04ES,d158,0.44406748886780784,scr1988,avaStIn,bevPsngRoadPrvt
04ES,d159,0.44406748886780784,scr1988,avaStIn,bevPsngRoadPrvt
04ES,d160,0.44406748886780784,scr1988,avaStIn,bevPsngRoadPrvt
04ES,d161,0.44406748886780784,scr1988,avaStIn,bevPsngRoadPrvt
04ES,d162,0.4442433302373707,scr1988,avaStIn,bevPsngRoadPrvt
04ES,d163,0.4453986384192496,scr1988,avaStIn,bevPsngRoadPrvt
04ES,d164,0.4451846334488831,scr1988,avaStIn,bevPsngRoadPrvt
04ES,d165,0.44406748886780784,scr1988,avaStIn,bevPsngRoadPrvt
04ES,d166,0.44406748886780784,scr1988,avaStIn,bevPsngRoadPrvt
04ES,d167,0.44406748886780784,scr1988,avaStIn,bevPsngRoadPrvt
04ES,d168,0.44406748886780784,scr1988,avaStIn,bevPsngRoadPrvt
04ES,d169,0.4442433302373707,scr1988,avaStIn,bevPsngRoadPrvt
04ES,d170,0.4453986384192496,scr1988,avaStIn,bevPsngRoadPrvt
04ES,d171,0.4451846334488831,scr1988,avaStIn,bevPsngRoadPrvt
04ES,d172,0.44406748886780784,scr1988,avaStIn,bevPsngRoadPrvt
04ES,d173,0.44406748886780784,scr1988,avaStIn,bevPsngRoadPrvt
04ES,d174,0.44406748886780784,scr1988,avaStIn,bevPsngRoadPrvt
04ES,d175,0.44406748886780784,scr1988,avaStIn,bevPsngRoadPrvt
04ES,d176,0.4442433302373707,scr1988,avaStIn,bevPsngRoadPrvt
04ES,d177,0.4453986384192496,scr1988,avaStIn,bevPsngRoadPrvt
04ES,d178,0.4451846334488831,scr1988,avaStIn,bevPsngRoadPrvt
04ES,d179,0.44406748886780784,scr1988,avaStIn,bevPsngRoadPrvt
04ES,d180,0.44406748886780784,scr1988,avaStIn,bevPsngRoadPrvt
04ES,d181,0.44406748886780784,scr1988,avaStIn,bevPsngRoadPrvt
04ES,d182,0.44406748886780784,scr1988,avaStIn,bevPsngRoadPrvt
05ES,d092,0.39695079066339795,scr1988,avaStIn,bevPsngRoadPrvt
05ES,d093,0.44230048575854214,scr1988,avaStIn,bevPsngRoadPrvt
05ES,d094,0.44557714599843595,scr1988,avaStIn,bevPsngRoadPrvt
05ES,d095,0.44557714599843595,scr1988,avaStIn,bevPsngRoadPrvt
05ES,d096,0.44557714599843595,scr1988,avaStIn,bevPsngRoadPrvt
05ES,d097,0.44557714599843595,scr1988,avaStIn,bevPsngRoadPrvt
05ES,d098,0.44557714599843595,scr1988,avaStIn,bevPsngRoadPrvt
05ES,d099,0.46722091136161586,scr1988,avaStIn,bevPsngRoadPrvt
05ES,d100,0.47222289515354826,scr1988,avaStIn,bevPsngRoadPrvt
05ES,d101,0.45053862653839677,scr1988,avaStIn,bevPsngRoadPrvt
05ES,d102,0.44557714599843595,scr1988,avaStIn,bevPsngRoadPrvt
05ES,d103,0.44557714599843595,scr1988,avaStIn,bevPsngRoadPrvt
05ES,d104,0.44557714599843595,scr1988,avaStIn,bevPsngRoadPrvt
05ES,d105,0.44557714599843595,scr1988,avaStIn,bevPsngRoadPrvt
05ES,d106,0.46722091136161586,scr1988,avaStIn,bevPsngRoadPrvt
05ES,d107,0.47222289515354826,scr1988,avaStIn,bevPsngRoadPrvt
05ES,d108,0.45053862653839677,scr1988,avaStIn,bevPsngRoadPrvt
05ES,d109,0.44557714599843595,scr1988,avaStIn,bevPsngRoadPrvt
05ES,d110,0.44557714599843595,scr1988,avaStIn,bevPsngRoadPrvt
05ES,d111,0.44557714599843595,scr1988,avaStIn,bevPsngRoadPrvt
05ES,d112,0.44557714599843595,scr1988,avaStIn,bevPsngRoadPrvt
05ES,d113,0.46722091136161586,scr1988,avaStIn,bevPsngRoadPrvt
05ES,d114,0.47222289515354826,scr1988,avaStIn,bevPsngRoadPrvt
05ES,d115,0.45053862653839677,scr1988,avaStIn,bevPsngRoadPrvt
05ES,d116,0.44557714599843595,scr1988,avaStIn,bevPsngRoadPrvt
05ES,d117,0.44557714599843595,scr1988,avaStIn,bevPsngRoadPrvt
05ES,d118,0.44557714599843595,scr1988,avaStIn,bevPsngRoadPrvt
05ES,d119,0.44557714599843595,scr1988,avaStIn,bevPsngRoadPrvt
05ES,d120,0.46722091136161586,scr1988,avaStIn,bevPsngRoadPrvt
05ES,d121,0.47222289515354826,scr1988,avaStIn,bevPsngRoadPrvt
05ES,d122,0.45053862653839677,scr1988,avaStIn,bevPsngRoadPrvt
05ES,d123,0.4547536638034571,scr1988,avaStIn,bevPsngRoadPrvt
05ES,d124,0.4432711785319287,scr1988,avaStIn,bevPsngRoadPrvt
05ES,d125,0.4432711785319287,scr1988,avaStIn,bevPsngRoadPrvt
05ES,d126,0.4432711785319287,scr1988,avaStIn,bevPsngRoadPrvt
05ES,d127,0.44413811018389965,scr1988,avaStIn,bevPsngRoadPrvt
05ES,d128,0.43646102703319944,scr1988,avaStIn,bevPsngRoadPrvt
05ES,d129,0.4353950159570614,scr1988,avaStIn,bevPsngRoadPrvt
05ES,d130,0.4432711785319287,scr1988,avaStIn,bevPsngRoadPrvt
05ES,d131,0.4432711785319287,scr1988,avaStIn,bevPsngRoadPrvt
05ES,d132,0.4432711785319287,scr1988,avaStIn,bevPsngRoadPrvt
05ES,d133,0.4432711785319287,scr1988,avaStIn,bevPsngRoadPrvt
05ES,d134,0.44413811018389965,scr1988,avaStIn,bevPsngRoadPrvt
05ES,d135,0.43646102703319944,scr1988,avaStIn,bevPsngRoadPrvt
05ES,d136,0.4353950159570614,scr1988,avaStIn,bevPsngRoadPrvt
05ES,d137,0.4432711785319287,scr1988,avaStIn,bevPsngRoadPrvt
05ES,d138,0.4432711785319287,scr1988,avaStIn,bevPsngRoadPrvt
05ES,d139,0.4432711785319287,scr1988,avaStIn,bevPsngRoadPrvt
05ES,d140,0.4432711785319287,scr1988,avaStIn,bevPsngRoadPrvt
05ES,d141,0.44413811018389965,scr1988,avaStIn,bevPsngRoadPrvt
05ES,d142,0.43646102703319944,scr1988,avaStIn,bevPsngRoadPrvt
05ES,d143,0.4353950159570614,scr1988,avaStIn,bevPsngRoadPrvt
05ES,d144,0.4432711785319287,scr1988,avaStIn,bevPsngRoadPrvt
05ES,d145,0.4432711785319287,scr1988,avaStIn,bevPsngRoadPrvt
05ES,d146,0.4432711785319287,scr1988,avaStIn,bevPsngRoadPrvt
05ES,d147,0.4432711785319287,scr1988,avaStIn,bevPsngRoadPrvt
05ES,d148,0.44413811018389965,scr1988,avaStIn,bevPsngRoadPrvt
05ES,d149,0.43646102703319944,scr1988,avaStIn,bevPsngRoadPrvt
05ES,d150,0.4353950159570614,scr1988,avaStIn,bevPsngRoadPrvt
05ES,d151,0.4432711785319287,scr1988,avaStIn,bevPsngRoadPrvt
05ES,d152,0.4432711785319287,scr1988,avaStIn,bevPsngRoadPrvt
05ES,d153,0.4432711785319287,scr1988,avaStIn,bevPsngRoadPrvt
05ES,d154,0.4379237182393594,scr1988,avaStIn,bevPsngRoadPrvt
05ES,d155,0.4442433302373707,scr1988,avaStIn,bevPsngRoadPrvt
05ES,d156,0.4453986384192496,scr1988,avaStIn,bevPsngRoadPrvt
05ES,d157,0.4451846334488831,scr1988,avaStIn,bevPsngRoadPrvt
05ES,d158,0.44406748886780784,scr1988,avaStIn,bevPsngRoadPrvt
05ES,d159,0.44406748886780784,scr1988,avaStIn,bevPsngRoadPrvt
05ES,d160,0.44406748886780784,scr1988,avaStIn,bevPsngRoadPrvt
05ES,d161,0.44406748886780784,scr1988,avaStIn,bevPsngRoadPrvt
05ES,d162,0.4442433302373707,scr1988,avaStIn,bevPsngRoadPrvt
05ES,d163,0.4453986384192496,scr1988,avaStIn,bevPsngRoadPrvt
05ES,d164,0.4451846334488831,scr1988,avaStIn,bevPsngRoadPrvt
05ES,d165,0.44406748886780784,scr1988,avaStIn,bevPsngRoadPrvt
05ES,d166,0.44406748886780784,scr1988,avaStIn,bevPsngRoadPrvt
05ES,d167,0.44406748886780784,scr1988,avaStIn,bevPsngRoadPrvt
05ES,d168,0.44406748886780784,scr1988,avaStIn,bevPsngRoadPrvt
05ES,d169,0.4442433302373707,scr1988,avaStIn,bevPsngRoadPrvt
05ES,d170,0.4453986384192496,scr1988,avaStIn,bevPsngRoadPrvt
05ES,d171,0.4451846334488831,scr1988,avaStIn,bevPsngRoadPrvt
05ES,d172,0.44406748886780784,scr1988,avaStIn,bevPsngRoadPrvt
05ES,d173,0.44406748886780784,scr1988,avaStIn,bevPsngRoadPrvt
05ES,d174,0.44406748886780784,scr1988,avaStIn,bevPsngRoadPrvt
05ES,d175,0.44406748886780784,scr1988,avaStIn,bevPsngRoadPrvt
05ES,d176,0.4442433302373707,scr1988,avaStIn,bevPsngRoadPrvt
05ES,d177,0.4453986384192496,scr1988,avaStIn,bevPsngRoadPrvt
05ES,d178,0.4451846334488831,scr1988,avaStIn,bevPsngRoadPrvt
05ES,d179,0.44406748886780784,scr1988,avaStIn,bevPsngRoadPrvt
05ES,d180,0.44406748886780784,scr1988,avaStIn,bevPsngRoadPrvt
05ES,d181,0.44406748886780784,scr1988,avaStIn,bevPsngRoadPrvt
05ES,d182,0.44406748886780784,scr1988,avaStIn,bevPsngRoadPrvt
06ES,d092,0.39695079066339795,scr1988,avaStIn,bevPsngRoadPrvt
06ES,d093,0.44230048575854214,scr1988,avaStIn,bevPsngRoadPrvt
06ES,d094,0.44557714599843595,scr1988,avaStIn,bevPsngRoadPrvt
06ES,d095,0.44557714599843595,scr1988,avaStIn,bevPsngRoadPrvt
06ES,d096,0.44557714599843595,scr1988,avaStIn,bevPsngRoadPrvt
06ES,d097,0.44557714599843595,scr1988,avaStIn,bevPsngRoadPrvt
06ES,d098,0.44557714599843595,scr1988,avaStIn,bevPsngRoadPrvt
06ES,d099,0.46722091136161586,scr1988,avaStIn,bevPsngRoadPrvt
06ES,d100,0.47222289515354826,scr1988,avaStIn,bevPsngRoadPrvt
06ES,d101,0.45053862653839677,scr1988,avaStIn,bevPsngRoadPrvt
06ES,d102,0.44557714599843595,scr1988,avaStIn,bevPsngRoadPrvt
06ES,d103,0.44557714599843595,scr1988,avaStIn,bevPsngRoadPrvt
06ES,d104,0.44557714599843595,scr1988,avaStIn,bevPsngRoadPrvt
06ES,d105,0.44557714599843595,scr1988,avaStIn,bevPsngRoadPrvt
06ES,d106,0.46722091136161586,scr1988,avaStIn,bevPsngRoadPrvt
06ES,d107,0.47222289515354826,scr1988,avaStIn,bevPsngRoadPrvt
06ES,d108,0.45053862653839677,scr1988,avaStIn,bevPsngRoadPrvt
06ES,d109,0.44557714599843595,scr1988,avaStIn,bevPsngRoadPrvt
06ES,d110,0.44557714599843595,scr1988,avaStIn,bevPsngRoadPrvt
06ES,d111,0.44557714599843595,scr1988,avaStIn,bevPsngRoadPrvt
06ES,d112,0.44557714599843595,scr1988,avaStIn,bevPsngRoadPrvt
06ES,d113,0.46722091136161586,scr1988,avaStIn,bevPsngRoadPrvt
06ES,d114,0.47222289515354826,scr1988,avaStIn,bevPsngRoadPrvt
06ES,d115,0.45053862653839677,scr1988,avaStIn,bevPsngRoadPrvt
06ES,d116,0.44557714599843595,scr1988,avaStIn,bevPsngRoadPrvt
06ES,d117,0.44557714599843595,scr1988,avaStIn,bevPsngRoadPrvt
06ES,d118,0.44557714599843595,scr1988,avaStIn,bevPsngRoadPrvt
06ES,d119,0.44557714599843595,scr1988,avaStIn,bevPsngRoadPrvt
06ES,d120,0.46722091136161586,scr1988,avaStIn,bevPsngRoadPrvt
06ES,d121,0.47222289515354826,scr1988,avaStIn,bevPsngRoadPrvt
06ES,d122,0.45053862653839677,scr1988,avaStIn,bevPsngRoadPrvt
06ES,d123,0.4547536638034571,scr1988,avaStIn,bevPsngRoadPrvt
06ES,d124,0.4432711785319287,scr1988,avaStIn,bevPsngRoadPrvt
06ES,d125,0.4432711785319287,scr1988,avaStIn,bevPsngRoadPrvt
06ES,d126,0.4432711785319287,scr1988,avaStIn,bevPsngRoadPrvt
06ES,d127,0.44413811018389965,scr1988,avaStIn,bevPsngRoadPrvt
06ES,d128,0.43646102703319944,scr1988,avaStIn,bevPsngRoadPrvt
06ES,d129,0.4353950159570614,scr1988,avaStIn,bevPsngRoadPrvt
06ES,d130,0.4432711785319287,scr1988,avaStIn,bevPsngRoadPrvt
06ES,d131,0.4432711785319287,scr1988,avaStIn,bevPsngRoadPrvt
06ES,d132,0.4432711785319287,scr1988,avaStIn,bevPsngRoadPrvt
06ES,d133,0.4432711785319287,scr1988,avaStIn,bevPsngRoadPrvt
06ES,d134,0.44413811018389965,scr1988,avaStIn,bevPsngRoadPrvt
06ES,d135,0.43646102703319944,scr1988,avaStIn,bevPsngRoadPrvt
06ES,d136,0.4353950159570614,scr1988,avaStIn,bevPsngRoadPrvt
06ES,d137,0.4432711785319287,scr1988,avaStIn,bevPsngRoadPrvt
06ES,d138,0.4432711785319287,scr1988,avaStIn,bevPsngRoadPrvt
06ES,d139,0.4432711785319287,scr1988,avaStIn,bevPsngRoadPrvt
06ES,d140,0.4432711785319287,scr1988,avaStIn,bevPsngRoadPrvt
06ES,d141,0.44413811018389965,scr1988,avaStIn,bevPsngRoadPrvt
06ES,d142,0.43646102703319944,scr1988,avaStIn,bevPsngRoadPrvt
06ES,d143,0.4353950159570614,scr1988,avaStIn,bevPsngRoadPrvt
06ES,d144,0.4432711785319287,scr1988,avaStIn,bevPsngRoadPrvt
06ES,d145,0.4432711785319287,scr1988,avaStIn,bevPsngRoadPrvt
06ES,d146,0.4432711785319287,scr1988,avaStIn,bevPsngRoadPrvt
06ES,d147,0.4432711785319287,scr1988,avaStIn,bevPsngRoadPrvt
06ES,d148,0.44413811018389965,scr1988,avaStIn,bevPsngRoadPrvt
06ES,d149,0.43646102703319944,scr1988,avaStIn,bevPsngRoadPrvt
06ES,d150,0.4353950159570614,scr1988,avaStIn,bevPsngRoadPrvt
06ES,d151,0.4432711785319287,scr1988,avaStIn,bevPsngRoadPrvt
06ES,d152,0.4432711785319287,scr1988,avaStIn,bevPsngRoadPrvt
06ES,d153,0.4432711785319287,scr1988,avaStIn,bevPsngRoadPrvt
06ES,d154,0.4379237182393594,scr1988,avaStIn,bevPsngRoadPrvt
06ES,d155,0.4442433302373707,scr1988,avaStIn,bevPsngRoadPrvt
06ES,d156,0.4453986384192496,scr1988,avaStIn,bevPsngRoadPrvt
06ES,d157,0.4451846334488831,scr1988,avaStIn,bevPsngRoadPrvt
06ES,d158,0.44406748886780784,scr1988,avaStIn,bevPsngRoadPrvt
06ES,d159,0.44406748886780784,scr1988,avaStIn,bevPsngRoadPrvt
06ES,d160,0.44406748886780784,scr1988,avaStIn,bevPsngRoadPrvt
06ES,d161,0.44406748886780784,scr1988,avaStIn,bevPsngRoadPrvt
06ES,d162,0.4442433302373707,scr1988,avaStIn,bevPsngRoadPrvt
06ES,d163,0.4453986384192496,scr1988,avaStIn,bevPsngRoadPrvt
06ES,d164,0.4451846334488831,scr1988,avaStIn,bevPsngRoadPrvt
06ES,d165,0.44406748886780784,scr1988,avaStIn,bevPsngRoadPrvt
06ES,d166,0.44406748886780784,scr1988,avaStIn,bevPsngRoadPrvt
06ES,d167,0.44406748886780784,scr1988,avaStIn,bevPsngRoadPrvt
06ES,d168,0.44406748886780784,scr1988,avaStIn,bevPsngRoadPrvt
06ES,d169,0.4442433302373707,scr1988,avaStIn,bevPsngRoadPrvt
06ES,d170,0.4453986384192496,scr1988,avaStIn,bevPsngRoadPrvt
06ES,d171,0.4451846334488831,scr1988,avaStIn,bevPsngRoadPrvt
06ES,d172,0.44406748886780784,scr1988,avaStIn,bevPsngRoadPrvt
06ES,d173,0.44406748886780784,scr1988,avaStIn,bevPsngRoadPrvt
06ES,d174,0.44406748886780784,scr1988,avaStIn,bevPsngRoadPrvt
06ES,d175,0.44406748886780784,scr1988,avaStIn,bevPsngRoadPrvt
06ES,d176,0.4442433302373707,scr1988,avaStIn,bevPsngRoadPrvt
06ES,d177,0.4453986384192496,scr1988,avaStIn,bevPsngRoadPrvt
06ES,d178,0.4451846334488831,scr1988,avaStIn,bevPsngRoadPrvt
06ES,d179,0.44406748886780784,scr1988,avaStIn,bevPsngRoadPrvt
06ES,d180,0.44406748886780784,scr1988,avaStIn,bevPsngRoadPrvt
06ES,d181,0.44406748886780784,scr1988,avaStIn,bevPsngRoadPrvt
06ES,d182,0.44406748886780784,scr1988,avaStIn,bevPsngRoadPrvt
07ES,d092,0.39695079066339795,scr1988,avaStIn,bevPsngRoadPrvt
07ES,d093,0.44230048575854214,scr1988,avaStIn,bevPsngRoadPrvt
07ES,d094,0.44557714599843595,scr1988,avaStIn,bevPsngRoadPrvt
07ES,d095,0.44557714599843595,scr1988,avaStIn,bevPsngRoadPrvt
07ES,d096,0.44557714599843595,scr1988,avaStIn,bevPsngRoadPrvt
07ES,d097,0.44557714599843595,scr1988,avaStIn,bevPsngRoadPrvt
07ES,d098,0.44557714599843595,scr1988,avaStIn,bevPsngRoadPrvt
07ES,d099,0.46722091136161586,scr1988,avaStIn,bevPsngRoadPrvt
07ES,d100,0.47222289515354826,scr1988,avaStIn,bevPsngRoadPrvt
07ES,d101,0.45053862653839677,scr1988,avaStIn,bevPsngRoadPrvt
07ES,d102,0.44557714599843595,scr1988,avaStIn,bevPsngRoadPrvt
07ES,d103,0.44557714599843595,scr1988,avaStIn,bevPsngRoadPrvt
07ES,d104,0.44557714599843595,scr1988,avaStIn,bevPsngRoadPrvt
07ES,d105,0.44557714599843595,scr1988,avaStIn,bevPsngRoadPrvt
07ES,d106,0.46722091136161586,scr1988,avaStIn,bevPsngRoadPrvt
07ES,d107,0.47222289515354826,scr1988,avaStIn,bevPsngRoadPrvt
07ES,d108,0.45053862653839677,scr1988,avaStIn,bevPsngRoadPrvt
07ES,d109,0.44557714599843595,scr1988,avaStIn,bevPsngRoadPrvt
07ES,d110,0.44557714599843595,scr1988,avaStIn,bevPsngRoadPrvt
07ES,d111,0.44557714599843595,scr1988,avaStIn,bevPsngRoadPrvt
07ES,d112,0.44557714599843595,scr1988,avaStIn,bevPsngRoadPrvt
07ES,d113,0.46722091136161586,scr1988,avaStIn,bevPsngRoadPrvt
07ES,d114,0.47222289515354826,scr1988,avaStIn,bevPsngRoadPrvt
07ES,d115,0.45053862653839677,scr1988,avaStIn,bevPsngRoadPrvt
07ES,d116,0.44557714599843595,scr1988,avaStIn,bevPsngRoadPrvt
07ES,d117,0.44557714599843595,scr1988,avaStIn,bevPsngRoadPrvt
07ES,d118,0.44557714599843595,scr1988,avaStIn,bevPsngRoadPrvt
07ES,d119,0.44557714599843595,scr1988,avaStIn,bevPsngRoadPrvt
07ES,d120,0.46722091136161586,scr1988,avaStIn,bevPsngRoadPrvt
07ES,d121,0.47222289515354826,scr1988,avaStIn,bevPsngRoadPrvt
07ES,d122,0.45053862653839677,scr1988,avaStIn,bevPsngRoadPrvt
07ES,d123,0.4547536638034571,scr1988,avaStIn,bevPsngRoadPrvt
07ES,d124,0.4432711785319287,scr1988,avaStIn,bevPsngRoadPrvt
07ES,d125,0.4432711785319287,scr1988,avaStIn,bevPsngRoadPrvt
07ES,d126,0.4432711785319287,scr1988,avaStIn,bevPsngRoadPrvt
07ES,d127,0.44413811018389965,scr1988,avaStIn,bevPsngRoadPrvt
07ES,d128,0.43646102703319944,scr1988,avaStIn,bevPsngRoadPrvt
07ES,d129,0.4353950159570614,scr1988,avaStIn,bevPsngRoadPrvt
07ES,d130,0.4432711785319287,scr1988,avaStIn,bevPsngRoadPrvt
07ES,d131,0.4432711785319287,scr1988,avaStIn,bevPsngRoadPrvt
07ES,d132,0.4432711785319287,scr1988,avaStIn,bevPsngRoadPrvt
07ES,d133,0.4432711785319287,scr1988,avaStIn,bevPsngRoadPrvt
07ES,d134,0.44413811018389965,scr1988,avaStIn,bevPsngRoadPrvt
07ES,d135,0.43646102703319944,scr1988,avaStIn,bevPsngRoadPrvt
07ES,d136,0.4353950159570614,scr1988,avaStIn,bevPsngRoadPrvt
07ES,d137,0.4432711785319287,scr1988,avaStIn,bevPsngRoadPrvt
07ES,d138,0.4432711785319287,scr1988,avaStIn,bevPsngRoadPrvt
07ES,d139,0.4432711785319287,scr1988,avaStIn,bevPsngRoadPrvt
07ES,d140,0.4432711785319287,scr1988,avaStIn,bevPsngRoadPrvt
07ES,d141,0.44413811018389965,scr1988,avaStIn,bevPsngRoadPrvt
07ES,d142,0.43646102703319944,scr1988,avaStIn,bevPsngRoadPrvt
07ES,d143,0.4353950159570614,scr1988,avaStIn,bevPsngRoadPrvt
07ES,d144,0.4432711785319287,scr1988,avaStIn,bevPsngRoadPrvt
07ES,d145,0.4432711785319287,scr1988,avaStIn,bevPsngRoadPrvt
07ES,d146,0.4432711785319287,scr1988,avaStIn,bevPsngRoadPrvt
07ES,d147,0.4432711785319287,scr1988,avaStIn,bevPsngRoadPrvt
07ES,d148,0.44413811018389965,scr1988,avaStIn,bevPsngRoadPrvt
07ES,d149,0.43646102703319944,scr1988,avaStIn,bevPsngRoadPrvt
07ES,d150,0.4353950159570614,scr1988,avaStIn,bevPsngRoadPrvt
07ES,d151,0.4432711785319287,scr1988,avaStIn,bevPsngRoadPrvt
07ES,d152,0.4432711785319287,scr1988,avaStIn,bevPsngRoadPrvt
07ES,d153,0.4432711785319287,scr1988,avaStIn,bevPsngRoadPrvt
07ES,d154,0.4379237182393594,scr1988,avaStIn,bevPsngRoadPrvt
07ES,d155,0.4442433302373707,scr1988,avaStIn,bevPsngRoadPrvt
07ES,d156,0.4453986384192496,scr1988,avaStIn,bevPsngRoadPrvt
07ES,d157,0.4451846334488831,scr1988,avaStIn,bevPsngRoadPrvt
07ES,d158,0.44406748886780784,scr1988,avaStIn,bevPsngRoadPrvt
07ES,d159,0.44406748886780784,scr1988,avaStIn,bevPsngRoadPrvt
07ES,d160,0.44406748886780784,scr1988,avaStIn,bevPsngRoadPrvt
07ES,d161,0.44406748886780784,scr1988,avaStIn,bevPsngRoadPrvt
07ES,d162,0.4442433302373707,scr1988,avaStIn,bevPsngRoadPrvt
07ES,d163,0.4453986384192496,scr1988,avaStIn,bevPsngRoadPrvt
07ES,d164,0.4451846334488831,scr1988,avaStIn,bevPsngRoadPrvt
07ES,d165,0.44406748886780784,scr1988,avaStIn,bevPsngRoadPrvt
07ES,d166,0.44406748886780784,scr1988,avaStIn,bevPsngRoadPrvt
07ES,d167,0.44406748886780784,scr1988,avaStIn,bevPsngRoadPrvt
07ES,d168,0.44406748886780784,scr1988,avaStIn,bevPsngRoadPrvt
07ES,d169,0.4442433302373707,scr1988,avaStIn,bevPsngRoadPrvt
07ES,d170,0.4453986384192496,scr1988,avaStIn,bevPsngRoadPrvt
07ES,d171,0.4451846334488831,scr1988,avaStIn,bevPsngRoadPrvt
07ES,d172,0.44406748886780784,scr1988,avaStIn,bevPsngRoadPrvt
07ES,d173,0.44406748886780784,scr1988,avaStIn,bevPsngRoadPrvt
07ES,d174,0.44406748886780784,scr1988,avaStIn,bevPsngRoadPrvt
07ES,d175,0.44406748886780784,scr1988,avaStIn,bevPsngRoadPrvt
07ES,d176,0.4442433302373707,scr1988,avaStIn,bevPsngRoadPrvt
07ES,d177,0.4453986384192496,scr1988,avaStIn,bevPsngRoadPrvt
07ES,d178,0.4451846334488831,scr1988,avaStIn,bevPsngRoadPrvt
07ES,d179,0.44406748886780784,scr1988,avaStIn,bevPsngRoadPrvt
07ES,d180,0.44406748886780784,scr1988,avaStIn,bevPsngRoadPrvt
07ES,d181,0.44406748886780784,scr1988,avaStIn,bevPsngRoadPrvt
07ES,d182,0.44406748886780784,scr1988,avaStIn,bevPsngRoadPrvt
08ES,d092,0.39695079066339795,scr1988,avaStIn,bevPsngRoadPrvt
08ES,d093,0.44230048575854214,scr1988,avaStIn,bevPsngRoadPrvt
08ES,d094,0.44557714599843595,scr1988,avaStIn,bevPsngRoadPrvt
08ES,d095,0.44557714599843595,scr1988,avaStIn,bevPsngRoadPrvt
08ES,d096,0.44557714599843595,scr1988,avaStIn,bevPsngRoadPrvt
08ES,d097,0.44557714599843595,scr1988,avaStIn,bevPsngRoadPrvt
08ES,d098,0.44557714599843595,scr1988,avaStIn,bevPsngRoadPrvt
08ES,d099,0.46722091136161586,scr1988,avaStIn,bevPsngRoadPrvt
08ES,d100,0.47222289515354826,scr1988,avaStIn,bevPsngRoadPrvt
08ES,d101,0.45053862653839677,scr1988,avaStIn,bevPsngRoadPrvt
08ES,d102,0.44557714599843595,scr1988,avaStIn,bevPsngRoadPrvt
08ES,d103,0.44557714599843595,scr1988,avaStIn,bevPsngRoadPrvt
08ES,d104,0.44557714599843595,scr1988,avaStIn,bevPsngRoadPrvt
08ES,d105,0.44557714599843595,scr1988,avaStIn,bevPsngRoadPrvt
08ES,d106,0.46722091136161586,scr1988,avaStIn,bevPsngRoadPrvt
08ES,d107,0.47222289515354826,scr1988,avaStIn,bevPsngRoadPrvt
08ES,d108,0.45053862653839677,scr1988,avaStIn,bevPsngRoadPrvt
08ES,d109,0.44557714599843595,scr1988,avaStIn,bevPsngRoadPrvt
08ES,d110,0.44557714599843595,scr1988,avaStIn,bevPsngRoadPrvt
08ES,d111,0.44557714599843595,scr1988,avaStIn,bevPsngRoadPrvt
08ES,d112,0.44557714599843595,scr1988,avaStIn,bevPsngRoadPrvt
08ES,d113,0.46722091136161586,scr1988,avaStIn,bevPsngRoadPrvt
08ES,d114,0.47222289515354826,scr1988,avaStIn,bevPsngRoadPrvt
08ES,d115,0.45053862653839677,scr1988,avaStIn,bevPsngRoadPrvt
08ES,d116,0.44557714599843595,scr1988,avaStIn,bevPsngRoadPrvt
08ES,d117,0.44557714599843595,scr1988,avaStIn,bevPsngRoadPrvt
08ES,d118,0.44557714599843595,scr1988,avaStIn,bevPsngRoadPrvt
08ES,d119,0.44557714599843595,scr1988,avaStIn,bevPsngRoadPrvt
08ES,d120,0.46722091136161586,scr1988,avaStIn,bevPsngRoadPrvt
08ES,d121,0.47222289515354826,scr1988,avaStIn,bevPsngRoadPrvt
08ES,d122,0.45053862653839677,scr1988,avaStIn,bevPsngRoadPrvt
08ES,d123,0.4547536638034571,scr1988,avaStIn,bevPsngRoadPrvt
08ES,d124,0.4432711785319287,scr1988,avaStIn,bevPsngRoadPrvt
08ES,d125,0.4432711785319287,scr1988,avaStIn,bevPsngRoadPrvt
08ES,d126,0.4432711785319287,scr1988,avaStIn,bevPsngRoadPrvt
08ES,d127,0.44413811018389965,scr1988,avaStIn,bevPsngRoadPrvt
08ES,d128,0.43646102703319944,scr1988,avaStIn,bevPsngRoadPrvt
08ES,d129,0.4353950159570614,scr1988,avaStIn,bevPsngRoadPrvt
08ES,d130,0.4432711785319287,scr1988,avaStIn,bevPsngRoadPrvt
08ES,d131,0.4432711785319287,scr1988,avaStIn,bevPsngRoadPrvt
08ES,d132,0.4432711785319287,scr1988,avaStIn,bevPsngRoadPrvt
08ES,d133,0.4432711785319287,scr1988,avaStIn,bevPsngRoadPrvt
08ES,d134,0.44413811018389965,scr1988,avaStIn,bevPsngRoadPrvt
08ES,d135,0.43646102703319944,scr1988,avaStIn,bevPsngRoadPrvt
08ES,d136,0.4353950159570614,scr1988,avaStIn,bevPsngRoadPrvt
08ES,d137,0.4432711785319287,scr1988,avaStIn,bevPsngRoadPrvt
08ES,d138,0.4432711785319287,scr1988,avaStIn,bevPsngRoadPrvt
08ES,d139,0.4432711785319287,scr1988,avaStIn,bevPsngRoadPrvt
08ES,d140,0.4432711785319287,scr1988,avaStIn,bevPsngRoadPrvt
08ES,d141,0.44413811018389965,scr1988,avaStIn,bevPsngRoadPrvt
08ES,d142,0.43646102703319944,scr1988,avaStIn,bevPsngRoadPrvt
08ES,d143,0.4353950159570614,scr1988,avaStIn,bevPsngRoadPrvt
08ES,d144,0.4432711785319287,scr1988,avaStIn,bevPsngRoadPrvt
08ES,d145,0.4432711785319287,scr1988,avaStIn,bevPsngRoadPrvt
08ES,d146,0.4432711785319287,scr1988,avaStIn,bevPsngRoadPrvt
08ES,d147,0.4432711785319287,scr1988,avaStIn,bevPsngRoadPrvt
08ES,d148,0.44413811018389965,scr1988,avaStIn,bevPsngRoadPrvt
08ES,d149,0.43646102703319944,scr1988,avaStIn,bevPsngRoadPrvt
08ES,d150,0.4353950159570614,scr1988,avaStIn,bevPsngRoadPrvt
08ES,d151,0.4432711785319287,scr1988,avaStIn,bevPsngRoadPrvt
08ES,d152,0.4432711785319287,scr1988,avaStIn,bevPsngRoadPrvt
08ES,d153,0.4432711785319287,scr1988,avaStIn,bevPsngRoadPrvt
08ES,d154,0.4379237182393594,scr1988,avaStIn,bevPsngRoadPrvt
08ES,d155,0.4442433302373707,scr1988,avaStIn,bevPsngRoadPrvt
08ES,d156,0.4453986384192496,scr1988,avaStIn,bevPsngRoadPrvt
08ES,d157,0.4451846334488831,scr1988,avaStIn,bevPsngRoadPrvt
08ES,d158,0.44406748886780784,scr1988,avaStIn,bevPsngRoadPrvt
08ES,d159,0.44406748886780784,scr1988,avaStIn,bevPsngRoadPrvt
08ES,d160,0.44406748886780784,scr1988,avaStIn,bevPsngRoadPrvt
08ES,d161,0.44406748886780784,scr1988,avaStIn,bevPsngRoadPrvt
08ES,d162,0.4442433302373707,scr1988,avaStIn,bevPsngRoadPrvt
08ES,d163,0.4453986384192496,scr1988,avaStIn,bevPsngRoadPrvt
08ES,d164,0.4451846334488831,scr1988,avaStIn,bevPsngRoadPrvt
08ES,d165,0.44406748886780784,scr1988,avaStIn,bevPsngRoadPrvt
08ES,d166,0.44406748886780784,scr1988,avaStIn,bevPsngRoadPrvt
08ES,d167,0.44406748886780784,scr1988,avaStIn,bevPsngRoadPrvt
08ES,d168,0.44406748886780784,scr1988,avaStIn,bevPsngRoadPrvt
08ES,d169,0.4442433302373707,scr1988,avaStIn,bevPsngRoadPrvt
08ES,d170,0.4453986384192496,scr1988,avaStIn,bevPsngRoadPrvt
08ES,d171,0.4451846334488831,scr1988,avaStIn,bevPsngRoadPrvt
08ES,d172,0.44406748886780784,scr1988,avaStIn,bevPsngRoadPrvt
08ES,d173,0.44406748886780784,scr1988,avaStIn,bevPsngRoadPrvt
08ES,d174,0.44406748886780784,scr1988,avaStIn,bevPsngRoadPrvt
08ES,d175,0.44406748886780784,scr1988,avaStIn,bevPsngRoadPrvt
08ES,d176,0.4442433302373707,scr1988,avaStIn,bevPsngRoadPrvt
08ES,d177,0.4453986384192496,scr1988,avaStIn,bevPsngRoadPrvt
08ES,d178,0.4451846334488831,scr1988,avaStIn,bevPsngRoadPrvt
08ES,d179,0.44406748886780784,scr1988,avaStIn,bevPsngRoadPrvt
08ES,d180,0.44406748886780784,scr1988,avaStIn,bevPsngRoadPrvt
08ES,d181,0.44406748886780784,scr1988,avaStIn,bevPsngRoadPrvt
08ES,d182,0.44406748886780784,scr1988,avaStIn,bevPsngRoadPrvt
09ES,d092,0.39695079066339795,scr1988,avaStIn,bevPsngRoadPrvt
09ES,d093,0.44230048575854214,scr1988,avaStIn,bevPsngRoadPrvt
09ES,d094,0.44557714599843595,scr1988,avaStIn,bevPsngRoadPrvt
09ES,d095,0.44557714599843595,scr1988,avaStIn,bevPsngRoadPrvt
09ES,d096,0.44557714599843595,scr1988,avaStIn,bevPsngRoadPrvt
09ES,d097,0.44557714599843595,scr1988,avaStIn,bevPsngRoadPrvt
09ES,d098,0.44557714599843595,scr1988,avaStIn,bevPsngRoadPrvt
09ES,d099,0.46722091136161586,scr1988,avaStIn,bevPsngRoadPrvt
09ES,d100,0.47222289515354826,scr1988,avaStIn,bevPsngRoadPrvt
09ES,d101,0.45053862653839677,scr1988,avaStIn,bevPsngRoadPrvt
09ES,d102,0.44557714599843595,scr1988,avaStIn,bevPsngRoadPrvt
09ES,d103,0.44557714599843595,scr1988,avaStIn,bevPsngRoadPrvt
09ES,d104,0.44557714599843595,scr1988,avaStIn,bevPsngRoadPrvt
09ES,d105,0.44557714599843595,scr1988,avaStIn,bevPsngRoadPrvt
09ES,d106,0.46722091136161586,scr1988,avaStIn,bevPsngRoadPrvt
09ES,d107,0.47222289515354826,scr1988,avaStIn,bevPsngRoadPrvt
09ES,d108,0.45053862653839677,scr1988,avaStIn,bevPsngRoadPrvt
09ES,d109,0.44557714599843595,scr1988,avaStIn,bevPsngRoadPrvt
09ES,d110,0.44557714599843595,scr1988,avaStIn,bevPsngRoadPrvt
09ES,d111,0.44557714599843595,scr1988,avaStIn,bevPsngRoadPrvt
09ES,d112,0.44557714599843595,scr1988,avaStIn,bevPsngRoadPrvt
09ES,d113,0.46722091136161586,scr1988,avaStIn,bevPsngRoadPrvt
09ES,d114,0.47222289515354826,scr1988,avaStIn,bevPsngRoadPrvt
09ES,d115,0.45053862653839677,scr1988,avaStIn,bevPsngRoadPrvt
09ES,d116,0.44557714599843595,scr1988,avaStIn,bevPsngRoadPrvt
09ES,d117,0.44557714599843595,scr1988,avaStIn,bevPsngRoadPrvt
09ES,d118,0.44557714599843595,scr1988,avaStIn,bevPsngRoadPrvt
09ES,d119,0.44557714599843595,scr1988,avaStIn,bevPsngRoadPrvt
09ES,d120,0.46722091136161586,scr1988,avaStIn,bevPsngRoadPrvt
09ES,d121,0.47222289515354826,scr1988,avaStIn,bevPsngRoadPrvt
09ES,d122,0.45053862653839677,scr1988,avaStIn,bevPsngRoadPrvt
09ES,d123,0.4547536638034571,scr1988,avaStIn,bevPsngRoadPrvt
09ES,d124,0.4432711785319287,scr1988,avaStIn,bevPsngRoadPrvt
09ES,d125,0.4432711785319287,scr1988,avaStIn,bevPsngRoadPrvt
09ES,d126,0.4432711785319287,scr1988,avaStIn,bevPsngRoadPrvt
09ES,d127,0.44413811018389965,scr1988,avaStIn,bevPsngRoadPrvt
09ES,d128,0.43646102703319944,scr1988,avaStIn,bevPsngRoadPrvt
09ES,d129,0.4353950159570614,scr1988,avaStIn,bevPsngRoadPrvt
09ES,d130,0.4432711785319287,scr1988,avaStIn,bevPsngRoadPrvt
09ES,d131,0.4432711785319287,scr1988,avaStIn,bevPsngRoadPrvt
09ES,d132,0.4432711785319287,scr1988,avaStIn,bevPsngRoadPrvt
09ES,d133,0.4432711785319287,scr1988,avaStIn,bevPsngRoadPrvt
09ES,d134,0.44413811018389965,scr1988,avaStIn,bevPsngRoadPrvt
09ES,d135,0.43646102703319944,scr1988,avaStIn,bevPsngRoadPrvt
09ES,d136,0.4353950159570614,scr1988,avaStIn,bevPsngRoadPrvt
09ES,d137,0.4432711785319287,scr1988,avaStIn,bevPsngRoadPrvt
09ES,d138,0.4432711785319287,scr1988,avaStIn,bevPsngRoadPrvt
09ES,d139,0.4432711785319287,scr1988,avaStIn,bevPsngRoadPrvt
09ES,d140,0.4432711785319287,scr1988,avaStIn,bevPsngRoadPrvt
09ES,d141,0.44413811018389965,scr1988,avaStIn,bevPsngRoadPrvt
09ES,d142,0.43646102703319944,scr1988,avaStIn,bevPsngRoadPrvt
09ES,d143,0.4353950159570614,scr1988,avaStIn,bevPsngRoadPrvt
09ES,d144,0.4432711785319287,scr1988,avaStIn,bevPsngRoadPrvt
09ES,d145,0.4432711785319287,scr1988,avaStIn,bevPsngRoadPrvt
09ES,d146,0.4432711785319287,scr1988,avaStIn,bevPsngRoadPrvt
09ES,d147,0.4432711785319287,scr1988,avaStIn,bevPsngRoadPrvt
09ES,d148,0.44413811018389965,scr1988,avaStIn,bevPsngRoadPrvt
09ES,d149,0.43646102703319944,scr1988,avaStIn,bevPsngRoadPrvt
09ES,d150,0.4353950159570614,scr1988,avaStIn,bevPsngRoadPrvt
09ES,d151,0.4432711785319287,scr1988,avaStIn,bevPsngRoadPrvt
09ES,d152,0.4432711785319287,scr1988,avaStIn,bevPsngRoadPrvt
09ES,d153,0.4432711785319287,scr1988,avaStIn,bevPsngRoadPrvt
09ES,d154,0.4379237182393594,scr1988,avaStIn,bevPsngRoadPrvt
09ES,d155,0.4442433302373707,scr1988,avaStIn,bevPsngRoadPrvt
09ES,d156,0.4453986384192496,scr1988,avaStIn,bevPsngRoadPrvt
09ES,d157,0.4451846334488831,scr1988,avaStIn,bevPsngRoadPrvt
09ES,d158,0.44406748886780784,scr1988,avaStIn,bevPsngRoadPrvt
09ES,d159,0.44406748886780784,scr1988,avaStIn,bevPsngRoadPrvt
09ES,d160,0.44406748886780784,scr1988,avaStIn,bevPsngRoadPrvt
09ES,d161,0.44406748886780784,scr1988,avaStIn,bevPsngRoadPrvt
09ES,d162,0.4442433302373707,scr1988,avaStIn,bevPsngRoadPrvt
09ES,d163,0.4453986384192496,scr1988,avaStIn,bevPsngRoadPrvt
09ES,d164,0.4451846334488831,scr1988,avaStIn,bevPsngRoadPrvt
09ES,d165,0.44406748886780784,scr1988,avaStIn,bevPsngRoadPrvt
09ES,d166,0.44406748886780784,scr1988,avaStIn,bevPsngRoadPrvt
09ES,d167,0.44406748886780784,scr1988,avaStIn,bevPsngRoadPrvt
09ES,d168,0.44406748886780784,scr1988,avaStIn,bevPsngRoadPrvt
09ES,d169,0.4442433302373707,scr1988,avaStIn,bevPsngRoadPrvt
09ES,d170,0.4453986384192496,scr1988,avaStIn,bevPsngRoadPrvt
09ES,d171,0.4451846334488831,scr1988,avaStIn,bevPsngRoadPrvt
09ES,d172,0.44406748886780784,scr1988,avaStIn,bevPsngRoadPrvt
09ES,d173,0.44406748886780784,scr1988,avaStIn,bevPsngRoadPrvt
09ES,d174,0.44406748886780784,scr1988,avaStIn,bevPsngRoadPrvt
09ES,d175,0.44406748886780784,scr1988,avaStIn,bevPsngRoadPrvt
09ES,d176,0.4442433302373707,scr1988,avaStIn,bevPsngRoadPrvt
09ES,d177,0.4453986384192496,scr1988,avaStIn,bevPsngRoadPrvt
09ES,d178,0.4451846334488831,scr1988,avaStIn,bevPsngRoadPrvt
09ES,d179,0.44406748886780784,scr1988,avaStIn,bevPsngRoadPrvt
09ES,d180,0.44406748886780784,scr1988,avaStIn,bevPsngRoadPrvt
09ES,d181,0.44406748886780784,scr1988,avaStIn,bevPsngRoadPrvt
09ES,d182,0.44406748886780784,scr1988,avaStIn,bevPsngRoadPrvt
10ES,d092,0.39695079066339795,scr1988,avaStIn,bevPsngRoadPrvt
10ES,d093,0.44230048575854214,scr1988,avaStIn,bevPsngRoadPrvt
10ES,d094,0.44557714599843595,scr1988,avaStIn,bevPsngRoadPrvt
10ES,d095,0.44557714599843595,scr1988,avaStIn,bevPsngRoadPrvt
10ES,d096,0.44557714599843595,scr1988,avaStIn,bevPsngRoadPrvt
10ES,d097,0.44557714599843595,scr1988,avaStIn,bevPsngRoadPrvt
10ES,d098,0.44557714599843595,scr1988,avaStIn,bevPsngRoadPrvt
10ES,d099,0.46722091136161586,scr1988,avaStIn,bevPsngRoadPrvt
10ES,d100,0.47222289515354826,scr1988,avaStIn,bevPsngRoadPrvt
10ES,d101,0.45053862653839677,scr1988,avaStIn,bevPsngRoadPrvt
10ES,d102,0.44557714599843595,scr1988,avaStIn,bevPsngRoadPrvt
10ES,d103,0.44557714599843595,scr1988,avaStIn,bevPsngRoadPrvt
10ES,d104,0.44557714599843595,scr1988,avaStIn,bevPsngRoadPrvt
10ES,d105,0.44557714599843595,scr1988,avaStIn,bevPsngRoadPrvt
10ES,d106,0.46722091136161586,scr1988,avaStIn,bevPsngRoadPrvt
10ES,d107,0.47222289515354826,scr1988,avaStIn,bevPsngRoadPrvt
10ES,d108,0.45053862653839677,scr1988,avaStIn,bevPsngRoadPrvt
10ES,d109,0.44557714599843595,scr1988,avaStIn,bevPsngRoadPrvt
10ES,d110,0.44557714599843595,scr1988,avaStIn,bevPsngRoadPrvt
10ES,d111,0.44557714599843595,scr1988,avaStIn,bevPsngRoadPrvt
10ES,d112,0.44557714599843595,scr1988,avaStIn,bevPsngRoadPrvt
10ES,d113,0.46722091136161586,scr1988,avaStIn,bevPsngRoadPrvt
10ES,d114,0.47222289515354826,scr1988,avaStIn,bevPsngRoadPrvt
10ES,d115,0.45053862653839677,scr1988,avaStIn,bevPsngRoadPrvt
10ES,d116,0.44557714599843595,scr1988,avaStIn,bevPsngRoadPrvt
10ES,d117,0.44557714599843595,scr1988,avaStIn,bevPsngRoadPrvt
10ES,d118,0.44557714599843595,scr1988,avaStIn,bevPsngRoadPrvt
10ES,d119,0.44557714599843595,scr1988,avaStIn,bevPsngRoadPrvt
10ES,d120,0.46722091136161586,scr1988,avaStIn,bevPsngRoadPrvt
10ES,d121,0.47222289515354826,scr1988,avaStIn,bevPsngRoadPrvt
10ES,d122,0.45053862653839677,scr1988,avaStIn,bevPsngRoadPrvt
10ES,d123,0.4547536638034571,scr1988,avaStIn,bevPsngRoadPrvt
10ES,d124,0.4432711785319287,scr1988,avaStIn,bevPsngRoadPrvt
10ES,d125,0.4432711785319287,scr1988,avaStIn,bevPsngRoadPrvt
10ES,d126,0.4432711785319287,scr1988,avaStIn,bevPsngRoadPrvt
10ES,d127,0.44413811018389965,scr1988,avaStIn,bevPsngRoadPrvt
10ES,d128,0.43646102703319944,scr1988,avaStIn,bevPsngRoadPrvt
10ES,d129,0.4353950159570614,scr1988,avaStIn,bevPsngRoadPrvt
10ES,d130,0.4432711785319287,scr1988,avaStIn,bevPsngRoadPrvt
10ES,d131,0.4432711785319287,scr1988,avaStIn,bevPsngRoadPrvt
10ES,d132,0.4432711785319287,scr1988,avaStIn,bevPsngRoadPrvt
10ES,d133,0.4432711785319287,scr1988,avaStIn,bevPsngRoadPrvt
10ES,d134,0.44413811018389965,scr1988,avaStIn,bevPsngRoadPrvt
10ES,d135,0.43646102703319944,scr1988,avaStIn,bevPsngRoadPrvt
10ES,d136,0.4353950159570614,scr1988,avaStIn,bevPsngRoadPrvt
10ES,d137,0.4432711785319287,scr1988,avaStIn,bevPsngRoadPrvt
10ES,d138,0.4432711785319287,scr1988,avaStIn,bevPsngRoadPrvt
10ES,d139,0.4432711785319287,scr1988,avaStIn,bevPsngRoadPrvt
10ES,d140,0.4432711785319287,scr1988,avaStIn,bevPsngRoadPrvt
10ES,d141,0.44413811018389965,scr1988,avaStIn,bevPsngRoadPrvt
10ES,d142,0.43646102703319944,scr1988,avaStIn,bevPsngRoadPrvt
10ES,d143,0.4353950159570614,scr1988,avaStIn,bevPsngRoadPrvt
10ES,d144,0.4432711785319287,scr1988,avaStIn,bevPsngRoadPrvt
10ES,d145,0.4432711785319287,scr1988,avaStIn,bevPsngRoadPrvt
10ES,d146,0.4432711785319287,scr1988,avaStIn,bevPsngRoadPrvt
10ES,d147,0.4432711785319287,scr1988,avaStIn,bevPsngRoadPrvt
10ES,d148,0.44413811018389965,scr1988,avaStIn,bevPsngRoadPrvt
10ES,d149,0.43646102703319944,scr1988,avaStIn,bevPsngRoadPrvt
10ES,d150,0.4353950159570614,scr1988,avaStIn,bevPsngRoadPrvt
10ES,d151,0.4432711785319287,scr1988,avaStIn,bevPsngRoadPrvt
10ES,d152,0.4432711785319287,scr1988,avaStIn,bevPsngRoadPrvt
10ES,d153,0.4432711785319287,scr1988,avaStIn,bevPsngRoadPrvt
10ES,d154,0.4379237182393594,scr1988,avaStIn,bevPsngRoadPrvt
10ES,d155,0.4442433302373707,scr1988,avaStIn,bevPsngRoadPrvt
10ES,d156,0.4453986384192496,scr1988,avaStIn,bevPsngRoadPrvt
10ES,d157,0.4451846334488831,scr1988,avaStIn,bevPsngRoadPrvt
10ES,d158,0.44406748886780784,scr1988,avaStIn,bevPsngRoadPrvt
10ES,d159,0.44406748886780784,scr1988,avaStIn,bevPsngRoadPrvt
10ES,d160,0.44406748886780784,scr1988,avaStIn,bevPsngRoadPrvt
10ES,d161,0.44406748886780784,scr1988,avaStIn,bevPsngRoadPrvt
10ES,d162,0.4442433302373707,scr1988,avaStIn,bevPsngRoadPrvt
10ES,d163,0.4453986384192496,scr1988,avaStIn,bevPsngRoadPrvt
10ES,d164,0.4451846334488831,scr1988,avaStIn,bevPsngRoadPrvt
10ES,d165,0.44406748886780784,scr1988,avaStIn,bevPsngRoadPrvt
10ES,d166,0.44406748886780784,scr1988,avaStIn,bevPsngRoadPrvt
10ES,d167,0.44406748886780784,scr1988,avaStIn,bevPsngRoadPrvt
10ES,d168,0.44406748886780784,scr1988,avaStIn,bevPsngRoadPrvt
10ES,d169,0.4442433302373707,scr1988,avaStIn,bevPsngRoadPrvt
10ES,d170,0.4453986384192496,scr1988,avaStIn,bevPsngRoadPrvt
10ES,d171,0.4451846334488831,scr1988,avaStIn,bevPsngRoadPrvt
10ES,d172,0.44406748886780784,scr1988,avaStIn,bevPsngRoadPrvt
10ES,d173,0.44406748886780784,scr1988,avaStIn,bevPsngRoadPrvt
10ES,d174,0.44406748886780784,scr1988,avaStIn,bevPsngRoadPrvt
10ES,d175,0.44406748886780784,scr1988,avaStIn,bevPsngRoadPrvt
10ES,d176,0.4442433302373707,scr1988,avaStIn,bevPsngRoadPrvt
10ES,d177,0.4453986384192496,scr1988,avaStIn,bevPsngRoadPrvt
10ES,d178,0.4451846334488831,scr1988,avaStIn,bevPsngRoadPrvt
10ES,d179,0.44406748886780784,scr1988,avaStIn,bevPsngRoadPrvt
10ES,d180,0.44406748886780784,scr1988,avaStIn,bevPsngRoadPrvt
10ES,d181,0.44406748886780784,scr1988,avaStIn,bevPsngRoadPrvt
10ES,d182,0.44406748886780784,scr1988,avaStIn,bevPsngRoadPrvt
11ES,d092,0.39695079066339795,scr1988,avaStIn,bevPsngRoadPrvt
11ES,d093,0.44230048575854214,scr1988,avaStIn,bevPsngRoadPrvt
11ES,d094,0.44557714599843595,scr1988,avaStIn,bevPsngRoadPrvt
11ES,d095,0.44557714599843595,scr1988,avaStIn,bevPsngRoadPrvt
11ES,d096,0.44557714599843595,scr1988,avaStIn,bevPsngRoadPrvt
11ES,d097,0.44557714599843595,scr1988,avaStIn,bevPsngRoadPrvt
11ES,d098,0.44557714599843595,scr1988,avaStIn,bevPsngRoadPrvt
11ES,d099,0.46722091136161586,scr1988,avaStIn,bevPsngRoadPrvt
11ES,d100,0.47222289515354826,scr1988,avaStIn,bevPsngRoadPrvt
11ES,d101,0.45053862653839677,scr1988,avaStIn,bevPsngRoadPrvt
11ES,d102,0.44557714599843595,scr1988,avaStIn,bevPsngRoadPrvt
11ES,d103,0.44557714599843595,scr1988,avaStIn,bevPsngRoadPrvt
11ES,d104,0.44557714599843595,scr1988,avaStIn,bevPsngRoadPrvt
11ES,d105,0.44557714599843595,scr1988,avaStIn,bevPsngRoadPrvt
11ES,d106,0.46722091136161586,scr1988,avaStIn,bevPsngRoadPrvt
11ES,d107,0.47222289515354826,scr1988,avaStIn,bevPsngRoadPrvt
11ES,d108,0.45053862653839677,scr1988,avaStIn,bevPsngRoadPrvt
11ES,d109,0.44557714599843595,scr1988,avaStIn,bevPsngRoadPrvt
11ES,d110,0.44557714599843595,scr1988,avaStIn,bevPsngRoadPrvt
11ES,d111,0.44557714599843595,scr1988,avaStIn,bevPsngRoadPrvt
11ES,d112,0.44557714599843595,scr1988,avaStIn,bevPsngRoadPrvt
11ES,d113,0.46722091136161586,scr1988,avaStIn,bevPsngRoadPrvt
11ES,d114,0.47222289515354826,scr1988,avaStIn,bevPsngRoadPrvt
11ES,d115,0.45053862653839677,scr1988,avaStIn,bevPsngRoadPrvt
11ES,d116,0.44557714599843595,scr1988,avaStIn,bevPsngRoadPrvt
11ES,d117,0.44557714599843595,scr1988,avaStIn,bevPsngRoadPrvt
11ES,d118,0.44557714599843595,scr1988,avaStIn,bevPsngRoadPrvt
11ES,d119,0.44557714599843595,scr1988,avaStIn,bevPsngRoadPrvt
11ES,d120,0.46722091136161586,scr1988,avaStIn,bevPsngRoadPrvt
11ES,d121,0.47222289515354826,scr1988,avaStIn,bevPsngRoadPrvt
11ES,d122,0.45053862653839677,scr1988,avaStIn,bevPsngRoadPrvt
11ES,d123,0.4547536638034571,scr1988,avaStIn,bevPsngRoadPrvt
11ES,d124,0.4432711785319287,scr1988,avaStIn,bevPsngRoadPrvt
11ES,d125,0.4432711785319287,scr1988,avaStIn,bevPsngRoadPrvt
11ES,d126,0.4432711785319287,scr1988,avaStIn,bevPsngRoadPrvt
11ES,d127,0.44413811018389965,scr1988,avaStIn,bevPsngRoadPrvt
11ES,d128,0.43646102703319944,scr1988,avaStIn,bevPsngRoadPrvt
11ES,d129,0.4353950159570614,scr1988,avaStIn,bevPsngRoadPrvt
11ES,d130,0.4432711785319287,scr1988,avaStIn,bevPsngRoadPrvt
11ES,d131,0.4432711785319287,scr1988,avaStIn,bevPsngRoadPrvt
11ES,d132,0.4432711785319287,scr1988,avaStIn,bevPsngRoadPrvt
11ES,d133,0.4432711785319287,scr1988,avaStIn,bevPsngRoadPrvt
11ES,d134,0.44413811018389965,scr1988,avaStIn,bevPsngRoadPrvt
11ES,d135,0.43646102703319944,scr1988,avaStIn,bevPsngRoadPrvt
11ES,d136,0.4353950159570614,scr1988,avaStIn,bevPsngRoadPrvt
11ES,d137,0.4432711785319287,scr1988,avaStIn,bevPsngRoadPrvt
11ES,d138,0.4432711785319287,scr1988,avaStIn,bevPsngRoadPrvt
11ES,d139,0.4432711785319287,scr1988,avaStIn,bevPsngRoadPrvt
11ES,d140,0.4432711785319287,scr1988,avaStIn,bevPsngRoadPrvt
11ES,d141,0.44413811018389965,scr1988,avaStIn,bevPsngRoadPrvt
11ES,d142,0.43646102703319944,scr1988,avaStIn,bevPsngRoadPrvt
11ES,d143,0.4353950159570614,scr1988,avaStIn,bevPsngRoadPrvt
11ES,d144,0.4432711785319287,scr1988,avaStIn,bevPsngRoadPrvt
11ES,d145,0.4432711785319287,scr1988,avaStIn,bevPsngRoadPrvt
11ES,d146,0.4432711785319287,scr1988,avaStIn,bevPsngRoadPrvt
11ES,d147,0.4432711785319287,scr1988,avaStIn,bevPsngRoadPrvt
11ES,d148,0.44413811018389965,scr1988,avaStIn,bevPsngRoadPrvt
11ES,d149,0.43646102703319944,scr1988,avaStIn,bevPsngRoadPrvt
11ES,d150,0.4353950159570614,scr1988,avaStIn,bevPsngRoadPrvt
11ES,d151,0.4432711785319287,scr1988,avaStIn,bevPsngRoadPrvt
11ES,d152,0.4432711785319287,scr1988,avaStIn,bevPsngRoadPrvt
11ES,d153,0.4432711785319287,scr1988,avaStIn,bevPsngRoadPrvt
11ES,d154,0.4379237182393594,scr1988,avaStIn,bevPsngRoadPrvt
11ES,d155,0.4442433302373707,scr1988,avaStIn,bevPsngRoadPrvt
11ES,d156,0.4453986384192496,scr1988,avaStIn,bevPsngRoadPrvt
11ES,d157,0.4451846334488831,scr1988,avaStIn,bevPsngRoadPrvt
11ES,d158,0.44406748886780784,scr1988,avaStIn,bevPsngRoadPrvt
11ES,d159,0.44406748886780784,scr1988,avaStIn,bevPsngRoadPrvt
11ES,d160,0.44406748886780784,scr1988,avaStIn,bevPsngRoadPrvt
11ES,d161,0.44406748886780784,scr1988,avaStIn,bevPsngRoadPrvt
11ES,d162,0.4442433302373707,scr1988,avaStIn,bevPsngRoadPrvt
11ES,d163,0.4453986384192496,scr1988,avaStIn,bevPsngRoadPrvt
11ES,d164,0.4451846334488831,scr1988,avaStIn,bevPsngRoadPrvt
11ES,d165,0.44406748886780784,scr1988,avaStIn,bevPsngRoadPrvt
11ES,d166,0.44406748886780784,scr1988,avaStIn,bevPsngRoadPrvt
11ES,d167,0.44406748886780784,scr1988,avaStIn,bevPsngRoadPrvt
11ES,d168,0.44406748886780784,scr1988,avaStIn,bevPsngRoadPrvt
11ES,d169,0.4442433302373707,scr1988,avaStIn,bevPsngRoadPrvt
11ES,d170,0.4453986384192496,scr1988,avaStIn,bevPsngRoadPrvt
11ES,d171,0.4451846334488831,scr1988,avaStIn,bevPsngRoadPrvt
11ES,d172,0.44406748886780784,scr1988,avaStIn,bevPsngRoadPrvt
11ES,d173,0.44406748886780784,scr1988,avaStIn,bevPsngRoadPrvt
11ES,d174,0.44406748886780784,scr1988,avaStIn,bevPsngRoadPrvt
11ES,d175,0.44406748886780784,scr1988,avaStIn,bevPsngRoadPrvt
11ES,d176,0.4442433302373707,scr1988,avaStIn,bevPsngRoadPrvt
11ES,d177,0.4453986384192496,scr1988,avaStIn,bevPsngRoadPrvt
11ES,d178,0.4451846334488831,scr1988,avaStIn,bevPsngRoadPrvt
11ES,d179,0.44406748886780784,scr1988,avaStIn,bevPsngRoadPrvt
11ES,d180,0.44406748886780784,scr1988,avaStIn,bevPsngRoadPrvt
11ES,d181,0.44406748886780784,scr1988,avaStIn,bevPsngRoadPrvt
11ES,d182,0.44406748886780784,scr1988,avaStIn,bevPsngRoadPrvt
12PT,d092,0.39695079066339795,scr1988,avaStIn,bevPsngRoadPrvt
12PT,d093,0.44230048575854214,scr1988,avaStIn,bevPsngRoadPrvt
12PT,d094,0.44557714599843595,scr1988,avaStIn,bevPsngRoadPrvt
12PT,d095,0.44557714599843595,scr1988,avaStIn,bevPsngRoadPrvt
12PT,d096,0.44557714599843595,scr1988,avaStIn,bevPsngRoadPrvt
12PT,d097,0.44557714599843595,scr1988,avaStIn,bevPsngRoadPrvt
12PT,d098,0.44557714599843595,scr1988,avaStIn,bevPsngRoadPrvt
12PT,d099,0.46722091136161586,scr1988,avaStIn,bevPsngRoadPrvt
12PT,d100,0.47222289515354826,scr1988,avaStIn,bevPsngRoadPrvt
12PT,d101,0.45053862653839677,scr1988,avaStIn,bevPsngRoadPrvt
12PT,d102,0.44557714599843595,scr1988,avaStIn,bevPsngRoadPrvt
12PT,d103,0.44557714599843595,scr1988,avaStIn,bevPsngRoadPrvt
12PT,d104,0.44557714599843595,scr1988,avaStIn,bevPsngRoadPrvt
12PT,d105,0.44557714599843595,scr1988,avaStIn,bevPsngRoadPrvt
12PT,d106,0.46722091136161586,scr1988,avaStIn,bevPsngRoadPrvt
12PT,d107,0.47222289515354826,scr1988,avaStIn,bevPsngRoadPrvt
12PT,d108,0.45053862653839677,scr1988,avaStIn,bevPsngRoadPrvt
12PT,d109,0.44557714599843595,scr1988,avaStIn,bevPsngRoadPrvt
12PT,d110,0.44557714599843595,scr1988,avaStIn,bevPsngRoadPrvt
12PT,d111,0.44557714599843595,scr1988,avaStIn,bevPsngRoadPrvt
12PT,d112,0.44557714599843595,scr1988,avaStIn,bevPsngRoadPrvt
12PT,d113,0.46722091136161586,scr1988,avaStIn,bevPsngRoadPrvt
12PT,d114,0.47222289515354826,scr1988,avaStIn,bevPsngRoadPrvt
12PT,d115,0.45053862653839677,scr1988,avaStIn,bevPsngRoadPrvt
12PT,d116,0.44557714599843595,scr1988,avaStIn,bevPsngRoadPrvt
12PT,d117,0.44557714599843595,scr1988,avaStIn,bevPsngRoadPrvt
12PT,d118,0.44557714599843595,scr1988,avaStIn,bevPsngRoadPrvt
12PT,d119,0.44557714599843595,scr1988,avaStIn,bevPsngRoadPrvt
12PT,d120,0.46722091136161586,scr1988,avaStIn,bevPsngRoadPrvt
12PT,d121,0.47222289515354826,scr1988,avaStIn,bevPsngRoadPrvt
12PT,d122,0.45053862653839677,scr1988,avaStIn,bevPsngRoadPrvt
12PT,d123,0.4547536638034571,scr1988,avaStIn,bevPsngRoadPrvt
12PT,d124,0.4432711785319287,scr1988,avaStIn,bevPsngRoadPrvt
12PT,d125,0.4432711785319287,scr1988,avaStIn,bevPsngRoadPrvt
12PT,d126,0.4432711785319287,scr1988,avaStIn,bevPsngRoadPrvt
12PT,d127,0.44413811018389965,scr1988,avaStIn,bevPsngRoadPrvt
12PT,d128,0.43646102703319944,scr1988,avaStIn,bevPsngRoadPrvt
12PT,d129,0.4353950159570614,scr1988,avaStIn,bevPsngRoadPrvt
12PT,d130,0.4432711785319287,scr1988,avaStIn,bevPsngRoadPrvt
12PT,d131,0.4432711785319287,scr1988,avaStIn,bevPsngRoadPrvt
12PT,d132,0.4432711785319287,scr1988,avaStIn,bevPsngRoadPrvt
12PT,d133,0.4432711785319287,scr1988,avaStIn,bevPsngRoadPrvt
12PT,d134,0.44413811018389965,scr1988,avaStIn,bevPsngRoadPrvt
12PT,d135,0.43646102703319944,scr1988,avaStIn,bevPsngRoadPrvt
12PT,d136,0.4353950159570614,scr1988,avaStIn,bevPsngRoadPrvt
12PT,d137,0.4432711785319287,scr1988,avaStIn,bevPsngRoadPrvt
12PT,d138,0.4432711785319287,scr1988,avaStIn,bevPsngRoadPrvt
12PT,d139,0.4432711785319287,scr1988,avaStIn,bevPsngRoadPrvt
12PT,d140,0.4432711785319287,scr1988,avaStIn,bevPsngRoadPrvt
12PT,d141,0.44413811018389965,scr1988,avaStIn,bevPsngRoadPrvt
12PT,d142,0.43646102703319944,scr1988,avaStIn,bevPsngRoadPrvt
12PT,d143,0.4353950159570614,scr1988,avaStIn,bevPsngRoadPrvt
12PT,d144,0.4432711785319287,scr1988,avaStIn,bevPsngRoadPrvt
12PT,d145,0.4432711785319287,scr1988,avaStIn,bevPsngRoadPrvt
12PT,d146,0.4432711785319287,scr1988,avaStIn,bevPsngRoadPrvt
12PT,d147,0.4432711785319287,scr1988,avaStIn,bevPsngRoadPrvt
12PT,d148,0.44413811018389965,scr1988,avaStIn,bevPsngRoadPrvt
12PT,d149,0.43646102703319944,scr1988,avaStIn,bevPsngRoadPrvt
12PT,d150,0.4353950159570614,scr1988,avaStIn,bevPsngRoadPrvt
12PT,d151,0.4432711785319287,scr1988,avaStIn,bevPsngRoadPrvt
12PT,d152,0.4432711785319287,scr1988,avaStIn,bevPsngRoadPrvt
12PT,d153,0.4432711785319287,scr1988,avaStIn,bevPsngRoadPrvt
12PT,d154,0.4379237182393594,scr1988,avaStIn,bevPsngRoadPrvt
12PT,d155,0.4442433302373707,scr1988,avaStIn,bevPsngRoadPrvt
12PT,d156,0.4453986384192496,scr1988,avaStIn,bevPsngRoadPrvt
12PT,d157,0.4451846334488831,scr1988,avaStIn,bevPsngRoadPrvt
12PT,d158,0.44406748886780784,scr1988,avaStIn,bevPsngRoadPrvt
12PT,d159,0.44406748886780784,scr1988,avaStIn,bevPsngRoadPrvt
12PT,d160,0.44406748886780784,scr1988,avaStIn,bevPsngRoadPrvt
12PT,d161,0.44406748886780784,scr1988,avaStIn,bevPsngRoadPrvt
12PT,d162,0.4442433302373707,scr1988,avaStIn,bevPsngRoadPrvt
12PT,d163,0.4453986384192496,scr1988,avaStIn,bevPsngRoadPrvt
12PT,d164,0.4451846334488831,scr1988,avaStIn,bevPsngRoadPrvt
12PT,d165,0.44406748886780784,scr1988,avaStIn,bevPsngRoadPrvt
12PT,d166,0.44406748886780784,scr1988,avaStIn,bevPsngRoadPrvt
12PT,d167,0.44406748886780784,scr1988,avaStIn,bevPsngRoadPrvt
12PT,d168,0.44406748886780784,scr1988,avaStIn,bevPsngRoadPrvt
12PT,d169,0.4442433302373707,scr1988,avaStIn,bevPsngRoadPrvt
12PT,d170,0.4453986384192496,scr1988,avaStIn,bevPsngRoadPrvt
12PT,d171,0.4451846334488831,scr1988,avaStIn,bevPsngRoadPrvt
12PT,d172,0.44406748886780784,scr1988,avaStIn,bevPsngRoadPrvt
12PT,d173,0.44406748886780784,scr1988,avaStIn,bevPsngRoadPrvt
12PT,d174,0.44406748886780784,scr1988,avaStIn,bevPsngRoadPrvt
12PT,d175,0.44406748886780784,scr1988,avaStIn,bevPsngRoadPrvt
12PT,d176,0.4442433302373707,scr1988,avaStIn,bevPsngRoadPrvt
12PT,d177,0.4453986384192496,scr1988,avaStIn,bevPsngRoadPrvt
12PT,d178,0.4451846334488831,scr1988,avaStIn,bevPsngRoadPrvt
12PT,d179,0.44406748886780784,scr1988,avaStIn,bevPsngRoadPrvt
12PT,d180,0.44406748886780784,scr1988,avaStIn,bevPsngRoadPrvt
12PT,d181,0.44406748886780784,scr1988,avaStIn,bevPsngRoadPrvt
12PT,d182,0.44406748886780784,scr1988,avaStIn,bevPsngRoadPrvt
13PT,d092,0.39695079066339795,scr1988,avaStIn,bevPsngRoadPrvt
13PT,d093,0.44230048575854214,scr1988,avaStIn,bevPsngRoadPrvt
13PT,d094,0.44557714599843595,scr1988,avaStIn,bevPsngRoadPrvt
13PT,d095,0.44557714599843595,scr1988,avaStIn,bevPsngRoadPrvt
13PT,d096,0.44557714599843595,scr1988,avaStIn,bevPsngRoadPrvt
13PT,d097,0.44557714599843595,scr1988,avaStIn,bevPsngRoadPrvt
13PT,d098,0.44557714599843595,scr1988,avaStIn,bevPsngRoadPrvt
13PT,d099,0.46722091136161586,scr1988,avaStIn,bevPsngRoadPrvt
13PT,d100,0.47222289515354826,scr1988,avaStIn,bevPsngRoadPrvt
13PT,d101,0.45053862653839677,scr1988,avaStIn,bevPsngRoadPrvt
13PT,d102,0.44557714599843595,scr1988,avaStIn,bevPsngRoadPrvt
13PT,d103,0.44557714599843595,scr1988,avaStIn,bevPsngRoadPrvt
13PT,d104,0.44557714599843595,scr1988,avaStIn,bevPsngRoadPrvt
13PT,d105,0.44557714599843595,scr1988,avaStIn,bevPsngRoadPrvt
13PT,d106,0.46722091136161586,scr1988,avaStIn,bevPsngRoadPrvt
13PT,d107,0.47222289515354826,scr1988,avaStIn,bevPsngRoadPrvt
13PT,d108,0.45053862653839677,scr1988,avaStIn,bevPsngRoadPrvt
13PT,d109,0.44557714599843595,scr1988,avaStIn,bevPsngRoadPrvt
13PT,d110,0.44557714599843595,scr1988,avaStIn,bevPsngRoadPrvt
13PT,d111,0.44557714599843595,scr1988,avaStIn,bevPsngRoadPrvt
13PT,d112,0.44557714599843595,scr1988,avaStIn,bevPsngRoadPrvt
13PT,d113,0.46722091136161586,scr1988,avaStIn,bevPsngRoadPrvt
13PT,d114,0.47222289515354826,scr1988,avaStIn,bevPsngRoadPrvt
13PT,d115,0.45053862653839677,scr1988,avaStIn,bevPsngRoadPrvt
13PT,d116,0.44557714599843595,scr1988,avaStIn,bevPsngRoadPrvt
13PT,d117,0.44557714599843595,scr1988,avaStIn,bevPsngRoadPrvt
13PT,d118,0.44557714599843595,scr1988,avaStIn,bevPsngRoadPrvt
13PT,d119,0.44557714599843595,scr1988,avaStIn,bevPsngRoadPrvt
13PT,d120,0.46722091136161586,scr1988,avaStIn,bevPsngRoadPrvt
13PT,d121,0.47222289515354826,scr1988,avaStIn,bevPsngRoadPrvt
13PT,d122,0.45053862653839677,scr1988,avaStIn,bevPsngRoadPrvt
13PT,d123,0.4547536638034571,scr1988,avaStIn,bevPsngRoadPrvt
13PT,d124,0.4432711785319287,scr1988,avaStIn,bevPsngRoadPrvt
13PT,d125,0.4432711785319287,scr1988,avaStIn,bevPsngRoadPrvt
13PT,d126,0.4432711785319287,scr1988,avaStIn,bevPsngRoadPrvt
13PT,d127,0.44413811018389965,scr1988,avaStIn,bevPsngRoadPrvt
13PT,d128,0.43646102703319944,scr1988,avaStIn,bevPsngRoadPrvt
13PT,d129,0.4353950159570614,scr1988,avaStIn,bevPsngRoadPrvt
13PT,d130,0.4432711785319287,scr1988,avaStIn,bevPsngRoadPrvt
13PT,d131,0.4432711785319287,scr1988,avaStIn,bevPsngRoadPrvt
13PT,d132,0.4432711785319287,scr1988,avaStIn,bevPsngRoadPrvt
13PT,d133,0.4432711785319287,scr1988,avaStIn,bevPsngRoadPrvt
13PT,d134,0.44413811018389965,scr1988,avaStIn,bevPsngRoadPrvt
13PT,d135,0.43646102703319944,scr1988,avaStIn,bevPsngRoadPrvt
13PT,d136,0.4353950159570614,scr1988,avaStIn,bevPsngRoadPrvt
13PT,d137,0.4432711785319287,scr1988,avaStIn,bevPsngRoadPrvt
13PT,d138,0.4432711785319287,scr1988,avaStIn,bevPsngRoadPrvt
13PT,d139,0.4432711785319287,scr1988,avaStIn,bevPsngRoadPrvt
13PT,d140,0.4432711785319287,scr1988,avaStIn,bevPsngRoadPrvt
13PT,d141,0.44413811018389965,scr1988,avaStIn,bevPsngRoadPrvt
13PT,d142,0.43646102703319944,scr1988,avaStIn,bevPsngRoadPrvt
13PT,d143,0.4353950159570614,scr1988,avaStIn,bevPsngRoadPrvt
13PT,d144,0.4432711785319287,scr1988,avaStIn,bevPsngRoadPrvt
13PT,d145,0.4432711785319287,scr1988,avaStIn,bevPsngRoadPrvt
13PT,d146,0.4432711785319287,scr1988,avaStIn,bevPsngRoadPrvt
13PT,d147,0.4432711785319287,scr1988,avaStIn,bevPsngRoadPrvt
13PT,d148,0.44413811018389965,scr1988,avaStIn,bevPsngRoadPrvt
13PT,d149,0.43646102703319944,scr1988,avaStIn,bevPsngRoadPrvt
13PT,d150,0.4353950159570614,scr1988,avaStIn,bevPsngRoadPrvt
13PT,d151,0.4432711785319287,scr1988,avaStIn,bevPsngRoadPrvt
13PT,d152,0.4432711785319287,scr1988,avaStIn,bevPsngRoadPrvt
13PT,d153,0.4432711785319287,scr1988,avaStIn,bevPsngRoadPrvt
13PT,d154,0.4379237182393594,scr1988,avaStIn,bevPsngRoadPrvt
13PT,d155,0.4442433302373707,scr1988,avaStIn,bevPsngRoadPrvt
13PT,d156,0.4453986384192496,scr1988,avaStIn,bevPsngRoadPrvt
13PT,d157,0.4451846334488831,scr1988,avaStIn,bevPsngRoadPrvt
13PT,d158,0.44406748886780784,scr1988,avaStIn,bevPsngRoadPrvt
13PT,d159,0.44406748886780784,scr1988,avaStIn,bevPsngRoadPrvt
13PT,d160,0.44406748886780784,scr1988,avaStIn,bevPsngRoadPrvt
13PT,d161,0.44406748886780784,scr1988,avaStIn,bevPsngRoadPrvt
13PT,d162,0.4442433302373707,scr1988,avaStIn,bevPsngRoadPrvt
13PT,d163,0.4453986384192496,scr1988,avaStIn,bevPsngRoadPrvt
13PT,d164,0.4451846334488831,scr1988,avaStIn,bevPsngRoadPrvt
13PT,d165,0.44406748886780784,scr1988,avaStIn,bevPsngRoadPrvt
13PT,d166,0.44406748886780784,scr1988,avaStIn,bevPsngRoadPrvt
13PT,d167,0.44406748886780784,scr1988,avaStIn,bevPsngRoadPrvt
13PT,d168,0.44406748886780784,scr1988,avaStIn,bevPsngRoadPrvt
13PT,d169,0.4442433302373707,scr1988,avaStIn,bevPsngRoadPrvt
13PT,d170,0.4453986384192496,scr1988,avaStIn,bevPsngRoadPrvt
13PT,d171,0.4451846334488831,scr1988,avaStIn,bevPsngRoadPrvt
13PT,d172,0.44406748886780784,scr1988,avaStIn,bevPsngRoadPrvt
13PT,d173,0.44406748886780784,scr1988,avaStIn,bevPsngRoadPrvt
13PT,d174,0.44406748886780784,scr1988,avaStIn,bevPsngRoadPrvt
13PT,d175,0.44406748886780784,scr1988,avaStIn,bevPsngRoadPrvt
13PT,d176,0.4442433302373707,scr1988,avaStIn,bevPsngRoadPrvt
13PT,d177,0.4453986384192496,scr1988,avaStIn,bevPsngRoadPrvt
13PT,d178,0.4451846334488831,scr1988,avaStIn,bevPsngRoadPrvt
13PT,d179,0.44406748886780784,scr1988,avaStIn,bevPsngRoadPrvt
13PT,d180,0.44406748886780784,scr1988,avaStIn,bevPsngRoadPrvt
13PT,d181,0.44406748886780784,scr1988,avaStIn,bevPsngRoadPrvt
13PT,d182,0.44406748886780784,scr1988,avaStIn,bevPsngRoadPrvt
14FR,d092,0.39695079066339795,scr1988,avaStIn,bevPsngRoadPrvt
14FR,d093,0.44230048575854214,scr1988,avaStIn,bevPsngRoadPrvt
14FR,d094,0.44557714599843595,scr1988,avaStIn,bevPsngRoadPrvt
14FR,d095,0.44557714599843595,scr1988,avaStIn,bevPsngRoadPrvt
14FR,d096,0.44557714599843595,scr1988,avaStIn,bevPsngRoadPrvt
14FR,d097,0.44557714599843595,scr1988,avaStIn,bevPsngRoadPrvt
14FR,d098,0.44557714599843595,scr1988,avaStIn,bevPsngRoadPrvt
14FR,d099,0.46722091136161586,scr1988,avaStIn,bevPsngRoadPrvt
14FR,d100,0.47222289515354826,scr1988,avaStIn,bevPsngRoadPrvt
14FR,d101,0.45053862653839677,scr1988,avaStIn,bevPsngRoadPrvt
14FR,d102,0.44557714599843595,scr1988,avaStIn,bevPsngRoadPrvt
14FR,d103,0.44557714599843595,scr1988,avaStIn,bevPsngRoadPrvt
14FR,d104,0.44557714599843595,scr1988,avaStIn,bevPsngRoadPrvt
14FR,d105,0.44557714599843595,scr1988,avaStIn,bevPsngRoadPrvt
14FR,d106,0.46722091136161586,scr1988,avaStIn,bevPsngRoadPrvt
14FR,d107,0.47222289515354826,scr1988,avaStIn,bevPsngRoadPrvt
14FR,d108,0.45053862653839677,scr1988,avaStIn,bevPsngRoadPrvt
14FR,d109,0.44557714599843595,scr1988,avaStIn,bevPsngRoadPrvt
14FR,d110,0.44557714599843595,scr1988,avaStIn,bevPsngRoadPrvt
14FR,d111,0.44557714599843595,scr1988,avaStIn,bevPsngRoadPrvt
14FR,d112,0.44557714599843595,scr1988,avaStIn,bevPsngRoadPrvt
14FR,d113,0.46722091136161586,scr1988,avaStIn,bevPsngRoadPrvt
14FR,d114,0.47222289515354826,scr1988,avaStIn,bevPsngRoadPrvt
14FR,d115,0.45053862653839677,scr1988,avaStIn,bevPsngRoadPrvt
14FR,d116,0.44557714599843595,scr1988,avaStIn,bevPsngRoadPrvt
14FR,d117,0.44557714599843595,scr1988,avaStIn,bevPsngRoadPrvt
14FR,d118,0.44557714599843595,scr1988,avaStIn,bevPsngRoadPrvt
14FR,d119,0.44557714599843595,scr1988,avaStIn,bevPsngRoadPrvt
14FR,d120,0.46722091136161586,scr1988,avaStIn,bevPsngRoadPrvt
14FR,d121,0.47222289515354826,scr1988,avaStIn,bevPsngRoadPrvt
14FR,d122,0.45053862653839677,scr1988,avaStIn,bevPsngRoadPrvt
14FR,d123,0.4547536638034571,scr1988,avaStIn,bevPsngRoadPrvt
14FR,d124,0.4432711785319287,scr1988,avaStIn,bevPsngRoadPrvt
14FR,d125,0.4432711785319287,scr1988,avaStIn,bevPsngRoadPrvt
14FR,d126,0.4432711785319287,scr1988,avaStIn,bevPsngRoadPrvt
14FR,d127,0.44413811018389965,scr1988,avaStIn,bevPsngRoadPrvt
14FR,d128,0.43646102703319944,scr1988,avaStIn,bevPsngRoadPrvt
14FR,d129,0.4353950159570614,scr1988,avaStIn,bevPsngRoadPrvt
14FR,d130,0.4432711785319287,scr1988,avaStIn,bevPsngRoadPrvt
14FR,d131,0.4432711785319287,scr1988,avaStIn,bevPsngRoadPrvt
14FR,d132,0.4432711785319287,scr1988,avaStIn,bevPsngRoadPrvt
14FR,d133,0.4432711785319287,scr1988,avaStIn,bevPsngRoadPrvt
14FR,d134,0.44413811018389965,scr1988,avaStIn,bevPsngRoadPrvt
14FR,d135,0.43646102703319944,scr1988,avaStIn,bevPsngRoadPrvt
14FR,d136,0.4353950159570614,scr1988,avaStIn,bevPsngRoadPrvt
14FR,d137,0.4432711785319287,scr1988,avaStIn,bevPsngRoadPrvt
14FR,d138,0.4432711785319287,scr1988,avaStIn,bevPsngRoadPrvt
14FR,d139,0.4432711785319287,scr1988,avaStIn,bevPsngRoadPrvt
14FR,d140,0.4432711785319287,scr1988,avaStIn,bevPsngRoadPrvt
14FR,d141,0.44413811018389965,scr1988,avaStIn,bevPsngRoadPrvt
14FR,d142,0.43646102703319944,scr1988,avaStIn,bevPsngRoadPrvt
14FR,d143,0.4353950159570614,scr1988,avaStIn,bevPsngRoadPrvt
14FR,d144,0.4432711785319287,scr1988,avaStIn,bevPsngRoadPrvt
14FR,d145,0.4432711785319287,scr1988,avaStIn,bevPsngRoadPrvt
14FR,d146,0.4432711785319287,scr1988,avaStIn,bevPsngRoadPrvt
14FR,d147,0.4432711785319287,scr1988,avaStIn,bevPsngRoadPrvt
14FR,d148,0.44413811018389965,scr1988,avaStIn,bevPsngRoadPrvt
14FR,d149,0.43646102703319944,scr1988,avaStIn,bevPsngRoadPrvt
14FR,d150,0.4353950159570614,scr1988,avaStIn,bevPsngRoadPrvt
14FR,d151,0.4432711785319287,scr1988,avaStIn,bevPsngRoadPrvt
14FR,d152,0.4432711785319287,scr1988,avaStIn,bevPsngRoadPrvt
14FR,d153,0.4432711785319287,scr1988,avaStIn,bevPsngRoadPrvt
14FR,d154,0.4379237182393594,scr1988,avaStIn,bevPsngRoadPrvt
14FR,d155,0.4442433302373707,scr1988,avaStIn,bevPsngRoadPrvt
14FR,d156,0.4453986384192496,scr1988,avaStIn,bevPsngRoadPrvt
14FR,d157,0.4451846334488831,scr1988,avaStIn,bevPsngRoadPrvt
14FR,d158,0.44406748886780784,scr1988,avaStIn,bevPsngRoadPrvt
14FR,d159,0.44406748886780784,scr1988,avaStIn,bevPsngRoadPrvt
14FR,d160,0.44406748886780784,scr1988,avaStIn,bevPsngRoadPrvt
14FR,d161,0.44406748886780784,scr1988,avaStIn,bevPsngRoadPrvt
14FR,d162,0.4442433302373707,scr1988,avaStIn,bevPsngRoadPrvt
14FR,d163,0.4453986384192496,scr1988,avaStIn,bevPsngRoadPrvt
14FR,d164,0.4451846334488831,scr1988,avaStIn,bevPsngRoadPrvt
14FR,d165,0.44406748886780784,scr1988,avaStIn,bevPsngRoadPrvt
14FR,d166,0.44406748886780784,scr1988,avaStIn,bevPsngRoadPrvt
14FR,d167,0.44406748886780784,scr1988,avaStIn,bevPsngRoadPrvt
14FR,d168,0.44406748886780784,scr1988,avaStIn,bevPsngRoadPrvt
14FR,d169,0.4442433302373707,scr1988,avaStIn,bevPsngRoadPrvt
14FR,d170,0.4453986384192496,scr1988,avaStIn,bevPsngRoadPrvt
14FR,d171,0.4451846334488831,scr1988,avaStIn,bevPsngRoadPrvt
14FR,d172,0.44406748886780784,scr1988,avaStIn,bevPsngRoadPrvt
14FR,d173,0.44406748886780784,scr1988,avaStIn,bevPsngRoadPrvt
14FR,d174,0.44406748886780784,scr1988,avaStIn,bevPsngRoadPrvt
14FR,d175,0.44406748886780784,scr1988,avaStIn,bevPsngRoadPrvt
14FR,d176,0.4442433302373707,scr1988,avaStIn,bevPsngRoadPrvt
14FR,d177,0.4453986384192496,scr1988,avaStIn,bevPsngRoadPrvt
14FR,d178,0.4451846334488831,scr1988,avaStIn,bevPsngRoadPrvt
14FR,d179,0.44406748886780784,scr1988,avaStIn,bevPsngRoadPrvt
14FR,d180,0.44406748886780784,scr1988,avaStIn,bevPsngRoadPrvt
14FR,d181,0.44406748886780784,scr1988,avaStIn,bevPsngRoadPrvt
14FR,d182,0.44406748886780784,scr1988,avaStIn,bevPsngRoadPrvt
15FR,d092,0.39695079066339795,scr1988,avaStIn,bevPsngRoadPrvt
15FR,d093,0.44230048575854214,scr1988,avaStIn,bevPsngRoadPrvt
15FR,d094,0.44557714599843595,scr1988,avaStIn,bevPsngRoadPrvt
15FR,d095,0.44557714599843595,scr1988,avaStIn,bevPsngRoadPrvt
15FR,d096,0.44557714599843595,scr1988,avaStIn,bevPsngRoadPrvt
15FR,d097,0.44557714599843595,scr1988,avaStIn,bevPsngRoadPrvt
15FR,d098,0.44557714599843595,scr1988,avaStIn,bevPsngRoadPrvt
15FR,d099,0.46722091136161586,scr1988,avaStIn,bevPsngRoadPrvt
15FR,d100,0.47222289515354826,scr1988,avaStIn,bevPsngRoadPrvt
15FR,d101,0.45053862653839677,scr1988,avaStIn,bevPsngRoadPrvt
15FR,d102,0.44557714599843595,scr1988,avaStIn,bevPsngRoadPrvt
15FR,d103,0.44557714599843595,scr1988,avaStIn,bevPsngRoadPrvt
15FR,d104,0.44557714599843595,scr1988,avaStIn,bevPsngRoadPrvt
15FR,d105,0.44557714599843595,scr1988,avaStIn,bevPsngRoadPrvt
15FR,d106,0.46722091136161586,scr1988,avaStIn,bevPsngRoadPrvt
15FR,d107,0.47222289515354826,scr1988,avaStIn,bevPsngRoadPrvt
15FR,d108,0.45053862653839677,scr1988,avaStIn,bevPsngRoadPrvt
15FR,d109,0.44557714599843595,scr1988,avaStIn,bevPsngRoadPrvt
15FR,d110,0.44557714599843595,scr1988,avaStIn,bevPsngRoadPrvt
15FR,d111,0.44557714599843595,scr1988,avaStIn,bevPsngRoadPrvt
15FR,d112,0.44557714599843595,scr1988,avaStIn,bevPsngRoadPrvt
15FR,d113,0.46722091136161586,scr1988,avaStIn,bevPsngRoadPrvt
15FR,d114,0.47222289515354826,scr1988,avaStIn,bevPsngRoadPrvt
15FR,d115,0.45053862653839677,scr1988,avaStIn,bevPsngRoadPrvt
15FR,d116,0.44557714599843595,scr1988,avaStIn,bevPsngRoadPrvt
15FR,d117,0.44557714599843595,scr1988,avaStIn,bevPsngRoadPrvt
15FR,d118,0.44557714599843595,scr1988,avaStIn,bevPsngRoadPrvt
15FR,d119,0.44557714599843595,scr1988,avaStIn,bevPsngRoadPrvt
15FR,d120,0.46722091136161586,scr1988,avaStIn,bevPsngRoadPrvt
15FR,d121,0.47222289515354826,scr1988,avaStIn,bevPsngRoadPrvt
15FR,d122,0.45053862653839677,scr1988,avaStIn,bevPsngRoadPrvt
15FR,d123,0.4547536638034571,scr1988,avaStIn,bevPsngRoadPrvt
15FR,d124,0.4432711785319287,scr1988,avaStIn,bevPsngRoadPrvt
15FR,d125,0.4432711785319287,scr1988,avaStIn,bevPsngRoadPrvt
15FR,d126,0.4432711785319287,scr1988,avaStIn,bevPsngRoadPrvt
15FR,d127,0.44413811018389965,scr1988,avaStIn,bevPsngRoadPrvt
15FR,d128,0.43646102703319944,scr1988,avaStIn,bevPsngRoadPrvt
15FR,d129,0.4353950159570614,scr1988,avaStIn,bevPsngRoadPrvt
15FR,d130,0.4432711785319287,scr1988,avaStIn,bevPsngRoadPrvt
15FR,d131,0.4432711785319287,scr1988,avaStIn,bevPsngRoadPrvt
15FR,d132,0.4432711785319287,scr1988,avaStIn,bevPsngRoadPrvt
15FR,d133,0.4432711785319287,scr1988,avaStIn,bevPsngRoadPrvt
15FR,d134,0.44413811018389965,scr1988,avaStIn,bevPsngRoadPrvt
15FR,d135,0.43646102703319944,scr1988,avaStIn,bevPsngRoadPrvt
15FR,d136,0.4353950159570614,scr1988,avaStIn,bevPsngRoadPrvt
15FR,d137,0.4432711785319287,scr1988,avaStIn,bevPsngRoadPrvt
15FR,d138,0.4432711785319287,scr1988,avaStIn,bevPsngRoadPrvt
15FR,d139,0.4432711785319287,scr1988,avaStIn,bevPsngRoadPrvt
15FR,d140,0.4432711785319287,scr1988,avaStIn,bevPsngRoadPrvt
15FR,d141,0.44413811018389965,scr1988,avaStIn,bevPsngRoadPrvt
15FR,d142,0.43646102703319944,scr1988,avaStIn,bevPsngRoadPrvt
15FR,d143,0.4353950159570614,scr1988,avaStIn,bevPsngRoadPrvt
15FR,d144,0.4432711785319287,scr1988,avaStIn,bevPsngRoadPrvt
15FR,d145,0.4432711785319287,scr1988,avaStIn,bevPsngRoadPrvt
15FR,d146,0.4432711785319287,scr1988,avaStIn,bevPsngRoadPrvt
15FR,d147,0.4432711785319287,scr1988,avaStIn,bevPsngRoadPrvt
15FR,d148,0.44413811018389965,scr1988,avaStIn,bevPsngRoadPrvt
15FR,d149,0.43646102703319944,scr1988,avaStIn,bevPsngRoadPrvt
15FR,d150,0.4353950159570614,scr1988,avaStIn,bevPsngRoadPrvt
15FR,d151,0.4432711785319287,scr1988,avaStIn,bevPsngRoadPrvt
15FR,d152,0.4432711785319287,scr1988,avaStIn,bevPsngRoadPrvt
15FR,d153,0.4432711785319287,scr1988,avaStIn,bevPsngRoadPrvt
15FR,d154,0.4379237182393594,scr1988,avaStIn,bevPsngRoadPrvt
15FR,d155,0.4442433302373707,scr1988,avaStIn,bevPsngRoadPrvt
15FR,d156,0.4453986384192496,scr1988,avaStIn,bevPsngRoadPrvt
15FR,d157,0.4451846334488831,scr1988,avaStIn,bevPsngRoadPrvt
15FR,d158,0.44406748886780784,scr1988,avaStIn,bevPsngRoadPrvt
15FR,d159,0.44406748886780784,scr1988,avaStIn,bevPsngRoadPrvt
15FR,d160,0.44406748886780784,scr1988,avaStIn,bevPsngRoadPrvt
15FR,d161,0.44406748886780784,scr1988,avaStIn,bevPsngRoadPrvt
15FR,d162,0.4442433302373707,scr1988,avaStIn,bevPsngRoadPrvt
15FR,d163,0.4453986384192496,scr1988,avaStIn,bevPsngRoadPrvt
15FR,d164,0.4451846334488831,scr1988,avaStIn,bevPsngRoadPrvt
15FR,d165,0.44406748886780784,scr1988,avaStIn,bevPsngRoadPrvt
15FR,d166,0.44406748886780784,scr1988,avaStIn,bevPsngRoadPrvt
15FR,d167,0.44406748886780784,scr1988,avaStIn,bevPsngRoadPrvt
15FR,d168,0.44406748886780784,scr1988,avaStIn,bevPsngRoadPrvt
15FR,d169,0.4442433302373707,scr1988,avaStIn,bevPsngRoadPrvt
15FR,d170,0.4453986384192496,scr1988,avaStIn,bevPsngRoadPrvt
15FR,d171,0.4451846334488831,scr1988,avaStIn,bevPsngRoadPrvt
15FR,d172,0.44406748886780784,scr1988,avaStIn,bevPsngRoadPrvt
15FR,d173,0.44406748886780784,scr1988,avaStIn,bevPsngRoadPrvt
15FR,d174,0.44406748886780784,scr1988,avaStIn,bevPsngRoadPrvt
15FR,d175,0.44406748886780784,scr1988,avaStIn,bevPsngRoadPrvt
15FR,d176,0.4442433302373707,scr1988,avaStIn,bevPsngRoadPrvt
15FR,d177,0.4453986384192496,scr1988,avaStIn,bevPsngRoadPrvt
15FR,d178,0.4451846334488831,scr1988,avaStIn,bevPsngRoadPrvt
15FR,d179,0.44406748886780784,scr1988,avaStIn,bevPsngRoadPrvt
15FR,d180,0.44406748886780784,scr1988,avaStIn,bevPsngRoadPrvt
15FR,d181,0.44406748886780784,scr1988,avaStIn,bevPsngRoadPrvt
15FR,d182,0.44406748886780784,scr1988,avaStIn,bevPsngRoadPrvt
16FR,d092,0.39695079066339795,scr1988,avaStIn,bevPsngRoadPrvt
16FR,d093,0.44230048575854214,scr1988,avaStIn,bevPsngRoadPrvt
16FR,d094,0.44557714599843595,scr1988,avaStIn,bevPsngRoadPrvt
16FR,d095,0.44557714599843595,scr1988,avaStIn,bevPsngRoadPrvt
16FR,d096,0.44557714599843595,scr1988,avaStIn,bevPsngRoadPrvt
16FR,d097,0.44557714599843595,scr1988,avaStIn,bevPsngRoadPrvt
16FR,d098,0.44557714599843595,scr1988,avaStIn,bevPsngRoadPrvt
16FR,d099,0.46722091136161586,scr1988,avaStIn,bevPsngRoadPrvt
16FR,d100,0.47222289515354826,scr1988,avaStIn,bevPsngRoadPrvt
16FR,d101,0.45053862653839677,scr1988,avaStIn,bevPsngRoadPrvt
16FR,d102,0.44557714599843595,scr1988,avaStIn,bevPsngRoadPrvt
16FR,d103,0.44557714599843595,scr1988,avaStIn,bevPsngRoadPrvt
16FR,d104,0.44557714599843595,scr1988,avaStIn,bevPsngRoadPrvt
16FR,d105,0.44557714599843595,scr1988,avaStIn,bevPsngRoadPrvt
16FR,d106,0.46722091136161586,scr1988,avaStIn,bevPsngRoadPrvt
16FR,d107,0.47222289515354826,scr1988,avaStIn,bevPsngRoadPrvt
16FR,d108,0.45053862653839677,scr1988,avaStIn,bevPsngRoadPrvt
16FR,d109,0.44557714599843595,scr1988,avaStIn,bevPsngRoadPrvt
16FR,d110,0.44557714599843595,scr1988,avaStIn,bevPsngRoadPrvt
16FR,d111,0.44557714599843595,scr1988,avaStIn,bevPsngRoadPrvt
16FR,d112,0.44557714599843595,scr1988,avaStIn,bevPsngRoadPrvt
16FR,d113,0.46722091136161586,scr1988,avaStIn,bevPsngRoadPrvt
16FR,d114,0.47222289515354826,scr1988,avaStIn,bevPsngRoadPrvt
16FR,d115,0.45053862653839677,scr1988,avaStIn,bevPsngRoadPrvt
16FR,d116,0.44557714599843595,scr1988,avaStIn,bevPsngRoadPrvt
16FR,d117,0.44557714599843595,scr1988,avaStIn,bevPsngRoadPrvt
16FR,d118,0.44557714599843595,scr1988,avaStIn,bevPsngRoadPrvt
16FR,d119,0.44557714599843595,scr1988,avaStIn,bevPsngRoadPrvt
16FR,d120,0.46722091136161586,scr1988,avaStIn,bevPsngRoadPrvt
16FR,d121,0.47222289515354826,scr1988,avaStIn,bevPsngRoadPrvt
16FR,d122,0.45053862653839677,scr1988,avaStIn,bevPsngRoadPrvt
16FR,d123,0.4547536638034571,scr1988,avaStIn,bevPsngRoadPrvt
16FR,d124,0.4432711785319287,scr1988,avaStIn,bevPsngRoadPrvt
16FR,d125,0.4432711785319287,scr1988,avaStIn,bevPsngRoadPrvt
16FR,d126,0.4432711785319287,scr1988,avaStIn,bevPsngRoadPrvt
16FR,d127,0.44413811018389965,scr1988,avaStIn,bevPsngRoadPrvt
16FR,d128,0.43646102703319944,scr1988,avaStIn,bevPsngRoadPrvt
16FR,d129,0.4353950159570614,scr1988,avaStIn,bevPsngRoadPrvt
16FR,d130,0.4432711785319287,scr1988,avaStIn,bevPsngRoadPrvt
16FR,d131,0.4432711785319287,scr1988,avaStIn,bevPsngRoadPrvt
16FR,d132,0.4432711785319287,scr1988,avaStIn,bevPsngRoadPrvt
16FR,d133,0.4432711785319287,scr1988,avaStIn,bevPsngRoadPrvt
16FR,d134,0.44413811018389965,scr1988,avaStIn,bevPsngRoadPrvt
16FR,d135,0.43646102703319944,scr1988,avaStIn,bevPsngRoadPrvt
16FR,d136,0.4353950159570614,scr1988,avaStIn,bevPsngRoadPrvt
16FR,d137,0.4432711785319287,scr1988,avaStIn,bevPsngRoadPrvt
16FR,d138,0.4432711785319287,scr1988,avaStIn,bevPsngRoadPrvt
16FR,d139,0.4432711785319287,scr1988,avaStIn,bevPsngRoadPrvt
16FR,d140,0.4432711785319287,scr1988,avaStIn,bevPsngRoadPrvt
16FR,d141,0.44413811018389965,scr1988,avaStIn,bevPsngRoadPrvt
16FR,d142,0.43646102703319944,scr1988,avaStIn,bevPsngRoadPrvt
16FR,d143,0.4353950159570614,scr1988,avaStIn,bevPsngRoadPrvt
16FR,d144,0.4432711785319287,scr1988,avaStIn,bevPsngRoadPrvt
16FR,d145,0.4432711785319287,scr1988,avaStIn,bevPsngRoadPrvt
16FR,d146,0.4432711785319287,scr1988,avaStIn,bevPsngRoadPrvt
16FR,d147,0.4432711785319287,scr1988,avaStIn,bevPsngRoadPrvt
16FR,d148,0.44413811018389965,scr1988,avaStIn,bevPsngRoadPrvt
16FR,d149,0.43646102703319944,scr1988,avaStIn,bevPsngRoadPrvt
16FR,d150,0.4353950159570614,scr1988,avaStIn,bevPsngRoadPrvt
16FR,d151,0.4432711785319287,scr1988,avaStIn,bevPsngRoadPrvt
16FR,d152,0.4432711785319287,scr1988,avaStIn,bevPsngRoadPrvt
16FR,d153,0.4432711785319287,scr1988,avaStIn,bevPsngRoadPrvt
16FR,d154,0.4379237182393594,scr1988,avaStIn,bevPsngRoadPrvt
16FR,d155,0.4442433302373707,scr1988,avaStIn,bevPsngRoadPrvt
16FR,d156,0.4453986384192496,scr1988,avaStIn,bevPsngRoadPrvt
16FR,d157,0.4451846334488831,scr1988,avaStIn,bevPsngRoadPrvt
16FR,d158,0.44406748886780784,scr1988,avaStIn,bevPsngRoadPrvt
16FR,d159,0.44406748886780784,scr1988,avaStIn,bevPsngRoadPrvt
16FR,d160,0.44406748886780784,scr1988,avaStIn,bevPsngRoadPrvt
16FR,d161,0.44406748886780784,scr1988,avaStIn,bevPsngRoadPrvt
16FR,d162,0.4442433302373707,scr1988,avaStIn,bevPsngRoadPrvt
16FR,d163,0.4453986384192496,scr1988,avaStIn,bevPsngRoadPrvt
16FR,d164,0.4451846334488831,scr1988,avaStIn,bevPsngRoadPrvt
16FR,d165,0.44406748886780784,scr1988,avaStIn,bevPsngRoadPrvt
16FR,d166,0.44406748886780784,scr1988,avaStIn,bevPsngRoadPrvt
16FR,d167,0.44406748886780784,scr1988,avaStIn,bevPsngRoadPrvt
16FR,d168,0.44406748886780784,scr1988,avaStIn,bevPsngRoadPrvt
16FR,d169,0.4442433302373707,scr1988,avaStIn,bevPsngRoadPrvt
16FR,d170,0.4453986384192496,scr1988,avaStIn,bevPsngRoadPrvt
16FR,d171,0.4451846334488831,scr1988,avaStIn,bevPsngRoadPrvt
16FR,d172,0.44406748886780784,scr1988,avaStIn,bevPsngRoadPrvt
16FR,d173,0.44406748886780784,scr1988,avaStIn,bevPsngRoadPrvt
16FR,d174,0.44406748886780784,scr1988,avaStIn,bevPsngRoadPrvt
16FR,d175,0.44406748886780784,scr1988,avaStIn,bevPsngRoadPrvt
16FR,d176,0.4442433302373707,scr1988,avaStIn,bevPsngRoadPrvt
16FR,d177,0.4453986384192496,scr1988,avaStIn,bevPsngRoadPrvt
16FR,d178,0.4451846334488831,scr1988,avaStIn,bevPsngRoadPrvt
16FR,d179,0.44406748886780784,scr1988,avaStIn,bevPsngRoadPrvt
16FR,d180,0.44406748886780784,scr1988,avaStIn,bevPsngRoadPrvt
16FR,d181,0.44406748886780784,scr1988,avaStIn,bevPsngRoadPrvt
16FR,d182,0.44406748886780784,scr1988,avaStIn,bevPsngRoadPrvt
17FR,d092,0.39695079066339795,scr1988,avaStIn,bevPsngRoadPrvt
17FR,d093,0.44230048575854214,scr1988,avaStIn,bevPsngRoadPrvt
17FR,d094,0.44557714599843595,scr1988,avaStIn,bevPsngRoadPrvt
17FR,d095,0.44557714599843595,scr1988,avaStIn,bevPsngRoadPrvt
17FR,d096,0.44557714599843595,scr1988,avaStIn,bevPsngRoadPrvt
17FR,d097,0.44557714599843595,scr1988,avaStIn,bevPsngRoadPrvt
17FR,d098,0.44557714599843595,scr1988,avaStIn,bevPsngRoadPrvt
17FR,d099,0.46722091136161586,scr1988,avaStIn,bevPsngRoadPrvt
17FR,d100,0.47222289515354826,scr1988,avaStIn,bevPsngRoadPrvt
17FR,d101,0.45053862653839677,scr1988,avaStIn,bevPsngRoadPrvt
17FR,d102,0.44557714599843595,scr1988,avaStIn,bevPsngRoadPrvt
17FR,d103,0.44557714599843595,scr1988,avaStIn,bevPsngRoadPrvt
17FR,d104,0.44557714599843595,scr1988,avaStIn,bevPsngRoadPrvt
17FR,d105,0.44557714599843595,scr1988,avaStIn,bevPsngRoadPrvt
17FR,d106,0.46722091136161586,scr1988,avaStIn,bevPsngRoadPrvt
17FR,d107,0.47222289515354826,scr1988,avaStIn,bevPsngRoadPrvt
17FR,d108,0.45053862653839677,scr1988,avaStIn,bevPsngRoadPrvt
17FR,d109,0.44557714599843595,scr1988,avaStIn,bevPsngRoadPrvt
17FR,d110,0.44557714599843595,scr1988,avaStIn,bevPsngRoadPrvt
17FR,d111,0.44557714599843595,scr1988,avaStIn,bevPsngRoadPrvt
17FR,d112,0.44557714599843595,scr1988,avaStIn,bevPsngRoadPrvt
17FR,d113,0.46722091136161586,scr1988,avaStIn,bevPsngRoadPrvt
17FR,d114,0.47222289515354826,scr1988,avaStIn,bevPsngRoadPrvt
17FR,d115,0.45053862653839677,scr1988,avaStIn,bevPsngRoadPrvt
17FR,d116,0.44557714599843595,scr1988,avaStIn,bevPsngRoadPrvt
17FR,d117,0.44557714599843595,scr1988,avaStIn,bevPsngRoadPrvt
17FR,d118,0.44557714599843595,scr1988,avaStIn,bevPsngRoadPrvt
17FR,d119,0.44557714599843595,scr1988,avaStIn,bevPsngRoadPrvt
17FR,d120,0.46722091136161586,scr1988,avaStIn,bevPsngRoadPrvt
17FR,d121,0.47222289515354826,scr1988,avaStIn,bevPsngRoadPrvt
17FR,d122,0.45053862653839677,scr1988,avaStIn,bevPsngRoadPrvt
17FR,d123,0.4547536638034571,scr1988,avaStIn,bevPsngRoadPrvt
17FR,d124,0.4432711785319287,scr1988,avaStIn,bevPsngRoadPrvt
17FR,d125,0.4432711785319287,scr1988,avaStIn,bevPsngRoadPrvt
17FR,d126,0.4432711785319287,scr1988,avaStIn,bevPsngRoadPrvt
17FR,d127,0.44413811018389965,scr1988,avaStIn,bevPsngRoadPrvt
17FR,d128,0.43646102703319944,scr1988,avaStIn,bevPsngRoadPrvt
17FR,d129,0.4353950159570614,scr1988,avaStIn,bevPsngRoadPrvt
17FR,d130,0.4432711785319287,scr1988,avaStIn,bevPsngRoadPrvt
17FR,d131,0.4432711785319287,scr1988,avaStIn,bevPsngRoadPrvt
17FR,d132,0.4432711785319287,scr1988,avaStIn,bevPsngRoadPrvt
17FR,d133,0.4432711785319287,scr1988,avaStIn,bevPsngRoadPrvt
17FR,d134,0.44413811018389965,scr1988,avaStIn,bevPsngRoadPrvt
17FR,d135,0.43646102703319944,scr1988,avaStIn,bevPsngRoadPrvt
17FR,d136,0.4353950159570614,scr1988,avaStIn,bevPsngRoadPrvt
17FR,d137,0.4432711785319287,scr1988,avaStIn,bevPsngRoadPrvt
17FR,d138,0.4432711785319287,scr1988,avaStIn,bevPsngRoadPrvt
17FR,d139,0.4432711785319287,scr1988,avaStIn,bevPsngRoadPrvt
17FR,d140,0.4432711785319287,scr1988,avaStIn,bevPsngRoadPrvt
17FR,d141,0.44413811018389965,scr1988,avaStIn,bevPsngRoadPrvt
17FR,d142,0.43646102703319944,scr1988,avaStIn,bevPsngRoadPrvt
17FR,d143,0.4353950159570614,scr1988,avaStIn,bevPsngRoadPrvt
17FR,d144,0.4432711785319287,scr1988,avaStIn,bevPsngRoadPrvt
17FR,d145,0.4432711785319287,scr1988,avaStIn,bevPsngRoadPrvt
17FR,d146,0.4432711785319287,scr1988,avaStIn,bevPsngRoadPrvt
17FR,d147,0.4432711785319287,scr1988,avaStIn,bevPsngRoadPrvt
17FR,d148,0.44413811018389965,scr1988,avaStIn,bevPsngRoadPrvt
17FR,d149,0.43646102703319944,scr1988,avaStIn,bevPsngRoadPrvt
17FR,d150,0.4353950159570614,scr1988,avaStIn,bevPsngRoadPrvt
17FR,d151,0.4432711785319287,scr1988,avaStIn,bevPsngRoadPrvt
17FR,d152,0.4432711785319287,scr1988,avaStIn,bevPsngRoadPrvt
17FR,d153,0.4432711785319287,scr1988,avaStIn,bevPsngRoadPrvt
17FR,d154,0.4379237182393594,scr1988,avaStIn,bevPsngRoadPrvt
17FR,d155,0.4442433302373707,scr1988,avaStIn,bevPsngRoadPrvt
17FR,d156,0.4453986384192496,scr1988,avaStIn,bevPsngRoadPrvt
17FR,d157,0.4451846334488831,scr1988,avaStIn,bevPsngRoadPrvt
17FR,d158,0.44406748886780784,scr1988,avaStIn,bevPsngRoadPrvt
17FR,d159,0.44406748886780784,scr1988,avaStIn,bevPsngRoadPrvt
17FR,d160,0.44406748886780784,scr1988,avaStIn,bevPsngRoadPrvt
17FR,d161,0.44406748886780784,scr1988,avaStIn,bevPsngRoadPrvt
17FR,d162,0.4442433302373707,scr1988,avaStIn,bevPsngRoadPrvt
17FR,d163,0.4453986384192496,scr1988,avaStIn,bevPsngRoadPrvt
17FR,d164,0.4451846334488831,scr1988,avaStIn,bevPsngRoadPrvt
17FR,d165,0.44406748886780784,scr1988,avaStIn,bevPsngRoadPrvt
17FR,d166,0.44406748886780784,scr1988,avaStIn,bevPsngRoadPrvt
17FR,d167,0.44406748886780784,scr1988,avaStIn,bevPsngRoadPrvt
17FR,d168,0.44406748886780784,scr1988,avaStIn,bevPsngRoadPrvt
17FR,d169,0.4442433302373707,scr1988,avaStIn,bevPsngRoadPrvt
17FR,d170,0.4453986384192496,scr1988,avaStIn,bevPsngRoadPrvt
17FR,d171,0.4451846334488831,scr1988,avaStIn,bevPsngRoadPrvt
17FR,d172,0.44406748886780784,scr1988,avaStIn,bevPsngRoadPrvt
17FR,d173,0.44406748886780784,scr1988,avaStIn,bevPsngRoadPrvt
17FR,d174,0.44406748886780784,scr1988,avaStIn,bevPsngRoadPrvt
17FR,d175,0.44406748886780784,scr1988,avaStIn,bevPsngRoadPrvt
17FR,d176,0.4442433302373707,scr1988,avaStIn,bevPsngRoadPrvt
17FR,d177,0.4453986384192496,scr1988,avaStIn,bevPsngRoadPrvt
17FR,d178,0.4451846334488831,scr1988,avaStIn,bevPsngRoadPrvt
17FR,d179,0.44406748886780784,scr1988,avaStIn,bevPsngRoadPrvt
17FR,d180,0.44406748886780784,scr1988,avaStIn,bevPsngRoadPrvt
17FR,d181,0.44406748886780784,scr1988,avaStIn,bevPsngRoadPrvt
17FR,d182,0.44406748886780784,scr1988,avaStIn,bevPsngRoadPrvt
18FR,d092,0.39695079066339795,scr1988,avaStIn,bevPsngRoadPrvt
18FR,d093,0.44230048575854214,scr1988,avaStIn,bevPsngRoadPrvt
18FR,d094,0.44557714599843595,scr1988,avaStIn,bevPsngRoadPrvt
18FR,d095,0.44557714599843595,scr1988,avaStIn,bevPsngRoadPrvt
18FR,d096,0.44557714599843595,scr1988,avaStIn,bevPsngRoadPrvt
18FR,d097,0.44557714599843595,scr1988,avaStIn,bevPsngRoadPrvt
18FR,d098,0.44557714599843595,scr1988,avaStIn,bevPsngRoadPrvt
18FR,d099,0.46722091136161586,scr1988,avaStIn,bevPsngRoadPrvt
18FR,d100,0.47222289515354826,scr1988,avaStIn,bevPsngRoadPrvt
18FR,d101,0.45053862653839677,scr1988,avaStIn,bevPsngRoadPrvt
18FR,d102,0.44557714599843595,scr1988,avaStIn,bevPsngRoadPrvt
18FR,d103,0.44557714599843595,scr1988,avaStIn,bevPsngRoadPrvt
18FR,d104,0.44557714599843595,scr1988,avaStIn,bevPsngRoadPrvt
18FR,d105,0.44557714599843595,scr1988,avaStIn,bevPsngRoadPrvt
18FR,d106,0.46722091136161586,scr1988,avaStIn,bevPsngRoadPrvt
18FR,d107,0.47222289515354826,scr1988,avaStIn,bevPsngRoadPrvt
18FR,d108,0.45053862653839677,scr1988,avaStIn,bevPsngRoadPrvt
18FR,d109,0.44557714599843595,scr1988,avaStIn,bevPsngRoadPrvt
18FR,d110,0.44557714599843595,scr1988,avaStIn,bevPsngRoadPrvt
18FR,d111,0.44557714599843595,scr1988,avaStIn,bevPsngRoadPrvt
18FR,d112,0.44557714599843595,scr1988,avaStIn,bevPsngRoadPrvt
18FR,d113,0.46722091136161586,scr1988,avaStIn,bevPsngRoadPrvt
18FR,d114,0.47222289515354826,scr1988,avaStIn,bevPsngRoadPrvt
18FR,d115,0.45053862653839677,scr1988,avaStIn,bevPsngRoadPrvt
18FR,d116,0.44557714599843595,scr1988,avaStIn,bevPsngRoadPrvt
18FR,d117,0.44557714599843595,scr1988,avaStIn,bevPsngRoadPrvt
18FR,d118,0.44557714599843595,scr1988,avaStIn,bevPsngRoadPrvt
18FR,d119,0.44557714599843595,scr1988,avaStIn,bevPsngRoadPrvt
18FR,d120,0.46722091136161586,scr1988,avaStIn,bevPsngRoadPrvt
18FR,d121,0.47222289515354826,scr1988,avaStIn,bevPsngRoadPrvt
18FR,d122,0.45053862653839677,scr1988,avaStIn,bevPsngRoadPrvt
18FR,d123,0.4547536638034571,scr1988,avaStIn,bevPsngRoadPrvt
18FR,d124,0.4432711785319287,scr1988,avaStIn,bevPsngRoadPrvt
18FR,d125,0.4432711785319287,scr1988,avaStIn,bevPsngRoadPrvt
18FR,d126,0.4432711785319287,scr1988,avaStIn,bevPsngRoadPrvt
18FR,d127,0.44413811018389965,scr1988,avaStIn,bevPsngRoadPrvt
18FR,d128,0.43646102703319944,scr1988,avaStIn,bevPsngRoadPrvt
18FR,d129,0.4353950159570614,scr1988,avaStIn,bevPsngRoadPrvt
18FR,d130,0.4432711785319287,scr1988,avaStIn,bevPsngRoadPrvt
18FR,d131,0.4432711785319287,scr1988,avaStIn,bevPsngRoadPrvt
18FR,d132,0.4432711785319287,scr1988,avaStIn,bevPsngRoadPrvt
18FR,d133,0.4432711785319287,scr1988,avaStIn,bevPsngRoadPrvt
18FR,d134,0.44413811018389965,scr1988,avaStIn,bevPsngRoadPrvt
18FR,d135,0.43646102703319944,scr1988,avaStIn,bevPsngRoadPrvt
18FR,d136,0.4353950159570614,scr1988,avaStIn,bevPsngRoadPrvt
18FR,d137,0.4432711785319287,scr1988,avaStIn,bevPsngRoadPrvt
18FR,d138,0.4432711785319287,scr1988,avaStIn,bevPsngRoadPrvt
18FR,d139,0.4432711785319287,scr1988,avaStIn,bevPsngRoadPrvt
18FR,d140,0.4432711785319287,scr1988,avaStIn,bevPsngRoadPrvt
18FR,d141,0.44413811018389965,scr1988,avaStIn,bevPsngRoadPrvt
18FR,d142,0.43646102703319944,scr1988,avaStIn,bevPsngRoadPrvt
18FR,d143,0.4353950159570614,scr1988,avaStIn,bevPsngRoadPrvt
18FR,d144,0.4432711785319287,scr1988,avaStIn,bevPsngRoadPrvt
18FR,d145,0.4432711785319287,scr1988,avaStIn,bevPsngRoadPrvt
18FR,d146,0.4432711785319287,scr1988,avaStIn,bevPsngRoadPrvt
18FR,d147,0.4432711785319287,scr1988,avaStIn,bevPsngRoadPrvt
18FR,d148,0.44413811018389965,scr1988,avaStIn,bevPsngRoadPrvt
18FR,d149,0.43646102703319944,scr1988,avaStIn,bevPsngRoadPrvt
18FR,d150,0.4353950159570614,scr1988,avaStIn,bevPsngRoadPrvt
18FR,d151,0.4432711785319287,scr1988,avaStIn,bevPsngRoadPrvt
18FR,d152,0.4432711785319287,scr1988,avaStIn,bevPsngRoadPrvt
18FR,d153,0.4432711785319287,scr1988,avaStIn,bevPsngRoadPrvt
18FR,d154,0.4379237182393594,scr1988,avaStIn,bevPsngRoadPrvt
18FR,d155,0.4442433302373707,scr1988,avaStIn,bevPsngRoadPrvt
18FR,d156,0.4453986384192496,scr1988,avaStIn,bevPsngRoadPrvt
18FR,d157,0.4451846334488831,scr1988,avaStIn,bevPsngRoadPrvt
18FR,d158,0.44406748886780784,scr1988,avaStIn,bevPsngRoadPrvt
18FR,d159,0.44406748886780784,scr1988,avaStIn,bevPsngRoadPrvt
18FR,d160,0.44406748886780784,scr1988,avaStIn,bevPsngRoadPrvt
18FR,d161,0.44406748886780784,scr1988,avaStIn,bevPsngRoadPrvt
18FR,d162,0.4442433302373707,scr1988,avaStIn,bevPsngRoadPrvt
18FR,d163,0.4453986384192496,scr1988,avaStIn,bevPsngRoadPrvt
18FR,d164,0.4451846334488831,scr1988,avaStIn,bevPsngRoadPrvt
18FR,d165,0.44406748886780784,scr1988,avaStIn,bevPsngRoadPrvt
18FR,d166,0.44406748886780784,scr1988,avaStIn,bevPsngRoadPrvt
18FR,d167,0.44406748886780784,scr1988,avaStIn,bevPsngRoadPrvt
18FR,d168,0.44406748886780784,scr1988,avaStIn,bevPsngRoadPrvt
18FR,d169,0.4442433302373707,scr1988,avaStIn,bevPsngRoadPrvt
18FR,d170,0.4453986384192496,scr1988,avaStIn,bevPsngRoadPrvt
18FR,d171,0.4451846334488831,scr1988,avaStIn,bevPsngRoadPrvt
18FR,d172,0.44406748886780784,scr1988,avaStIn,bevPsngRoadPrvt
18FR,d173,0.44406748886780784,scr1988,avaStIn,bevPsngRoadPrvt
18FR,d174,0.44406748886780784,scr1988,avaStIn,bevPsngRoadPrvt
18FR,d175,0.44406748886780784,scr1988,avaStIn,bevPsngRoadPrvt
18FR,d176,0.4442433302373707,scr1988,avaStIn,bevPsngRoadPrvt
18FR,d177,0.4453986384192496,scr1988,avaStIn,bevPsngRoadPrvt
18FR,d178,0.4451846334488831,scr1988,avaStIn,bevPsngRoadPrvt
18FR,d179,0.44406748886780784,scr1988,avaStIn,bevPsngRoadPrvt
18FR,d180,0.44406748886780784,scr1988,avaStIn,bevPsngRoadPrvt
18FR,d181,0.44406748886780784,scr1988,avaStIn,bevPsngRoadPrvt
18FR,d182,0.44406748886780784,scr1988,avaStIn,bevPsngRoadPrvt
19FR,d092,0.39695079066339795,scr1988,avaStIn,bevPsngRoadPrvt
19FR,d093,0.44230048575854214,scr1988,avaStIn,bevPsngRoadPrvt
19FR,d094,0.44557714599843595,scr1988,avaStIn,bevPsngRoadPrvt
19FR,d095,0.44557714599843595,scr1988,avaStIn,bevPsngRoadPrvt
19FR,d096,0.44557714599843595,scr1988,avaStIn,bevPsngRoadPrvt
19FR,d097,0.44557714599843595,scr1988,avaStIn,bevPsngRoadPrvt
19FR,d098,0.44557714599843595,scr1988,avaStIn,bevPsngRoadPrvt
19FR,d099,0.46722091136161586,scr1988,avaStIn,bevPsngRoadPrvt
19FR,d100,0.47222289515354826,scr1988,avaStIn,bevPsngRoadPrvt
19FR,d101,0.45053862653839677,scr1988,avaStIn,bevPsngRoadPrvt
19FR,d102,0.44557714599843595,scr1988,avaStIn,bevPsngRoadPrvt
19FR,d103,0.44557714599843595,scr1988,avaStIn,bevPsngRoadPrvt
19FR,d104,0.44557714599843595,scr1988,avaStIn,bevPsngRoadPrvt
19FR,d105,0.44557714599843595,scr1988,avaStIn,bevPsngRoadPrvt
19FR,d106,0.46722091136161586,scr1988,avaStIn,bevPsngRoadPrvt
19FR,d107,0.47222289515354826,scr1988,avaStIn,bevPsngRoadPrvt
19FR,d108,0.45053862653839677,scr1988,avaStIn,bevPsngRoadPrvt
19FR,d109,0.44557714599843595,scr1988,avaStIn,bevPsngRoadPrvt
19FR,d110,0.44557714599843595,scr1988,avaStIn,bevPsngRoadPrvt
19FR,d111,0.44557714599843595,scr1988,avaStIn,bevPsngRoadPrvt
19FR,d112,0.44557714599843595,scr1988,avaStIn,bevPsngRoadPrvt
19FR,d113,0.46722091136161586,scr1988,avaStIn,bevPsngRoadPrvt
19FR,d114,0.47222289515354826,scr1988,avaStIn,bevPsngRoadPrvt
19FR,d115,0.45053862653839677,scr1988,avaStIn,bevPsngRoadPrvt
19FR,d116,0.44557714599843595,scr1988,avaStIn,bevPsngRoadPrvt
19FR,d117,0.44557714599843595,scr1988,avaStIn,bevPsngRoadPrvt
19FR,d118,0.44557714599843595,scr1988,avaStIn,bevPsngRoadPrvt
19FR,d119,0.44557714599843595,scr1988,avaStIn,bevPsngRoadPrvt
19FR,d120,0.46722091136161586,scr1988,avaStIn,bevPsngRoadPrvt
19FR,d121,0.47222289515354826,scr1988,avaStIn,bevPsngRoadPrvt
19FR,d122,0.45053862653839677,scr1988,avaStIn,bevPsngRoadPrvt
19FR,d123,0.4547536638034571,scr1988,avaStIn,bevPsngRoadPrvt
19FR,d124,0.4432711785319287,scr1988,avaStIn,bevPsngRoadPrvt
19FR,d125,0.4432711785319287,scr1988,avaStIn,bevPsngRoadPrvt
19FR,d126,0.4432711785319287,scr1988,avaStIn,bevPsngRoadPrvt
19FR,d127,0.44413811018389965,scr1988,avaStIn,bevPsngRoadPrvt
19FR,d128,0.43646102703319944,scr1988,avaStIn,bevPsngRoadPrvt
19FR,d129,0.4353950159570614,scr1988,avaStIn,bevPsngRoadPrvt
19FR,d130,0.4432711785319287,scr1988,avaStIn,bevPsngRoadPrvt
19FR,d131,0.4432711785319287,scr1988,avaStIn,bevPsngRoadPrvt
19FR,d132,0.4432711785319287,scr1988,avaStIn,bevPsngRoadPrvt
19FR,d133,0.4432711785319287,scr1988,avaStIn,bevPsngRoadPrvt
19FR,d134,0.44413811018389965,scr1988,avaStIn,bevPsngRoadPrvt
19FR,d135,0.43646102703319944,scr1988,avaStIn,bevPsngRoadPrvt
19FR,d136,0.4353950159570614,scr1988,avaStIn,bevPsngRoadPrvt
19FR,d137,0.4432711785319287,scr1988,avaStIn,bevPsngRoadPrvt
19FR,d138,0.4432711785319287,scr1988,avaStIn,bevPsngRoadPrvt
19FR,d139,0.4432711785319287,scr1988,avaStIn,bevPsngRoadPrvt
19FR,d140,0.4432711785319287,scr1988,avaStIn,bevPsngRoadPrvt
19FR,d141,0.44413811018389965,scr1988,avaStIn,bevPsngRoadPrvt
19FR,d142,0.43646102703319944,scr1988,avaStIn,bevPsngRoadPrvt
19FR,d143,0.4353950159570614,scr1988,avaStIn,bevPsngRoadPrvt
19FR,d144,0.4432711785319287,scr1988,avaStIn,bevPsngRoadPrvt
19FR,d145,0.4432711785319287,scr1988,avaStIn,bevPsngRoadPrvt
19FR,d146,0.4432711785319287,scr1988,avaStIn,bevPsngRoadPrvt
19FR,d147,0.4432711785319287,scr1988,avaStIn,bevPsngRoadPrvt
19FR,d148,0.44413811018389965,scr1988,avaStIn,bevPsngRoadPrvt
19FR,d149,0.43646102703319944,scr1988,avaStIn,bevPsngRoadPrvt
19FR,d150,0.4353950159570614,scr1988,avaStIn,bevPsngRoadPrvt
19FR,d151,0.4432711785319287,scr1988,avaStIn,bevPsngRoadPrvt
19FR,d152,0.4432711785319287,scr1988,avaStIn,bevPsngRoadPrvt
19FR,d153,0.4432711785319287,scr1988,avaStIn,bevPsngRoadPrvt
19FR,d154,0.4379237182393594,scr1988,avaStIn,bevPsngRoadPrvt
19FR,d155,0.4442433302373707,scr1988,avaStIn,bevPsngRoadPrvt
19FR,d156,0.4453986384192496,scr1988,avaStIn,bevPsngRoadPrvt
19FR,d157,0.4451846334488831,scr1988,avaStIn,bevPsngRoadPrvt
19FR,d158,0.44406748886780784,scr1988,avaStIn,bevPsngRoadPrvt
19FR,d159,0.44406748886780784,scr1988,avaStIn,bevPsngRoadPrvt
19FR,d160,0.44406748886780784,scr1988,avaStIn,bevPsngRoadPrvt
19FR,d161,0.44406748886780784,scr1988,avaStIn,bevPsngRoadPrvt
19FR,d162,0.4442433302373707,scr1988,avaStIn,bevPsngRoadPrvt
19FR,d163,0.4453986384192496,scr1988,avaStIn,bevPsngRoadPrvt
19FR,d164,0.4451846334488831,scr1988,avaStIn,bevPsngRoadPrvt
19FR,d165,0.44406748886780784,scr1988,avaStIn,bevPsngRoadPrvt
19FR,d166,0.44406748886780784,scr1988,avaStIn,bevPsngRoadPrvt
19FR,d167,0.44406748886780784,scr1988,avaStIn,bevPsngRoadPrvt
19FR,d168,0.44406748886780784,scr1988,avaStIn,bevPsngRoadPrvt
19FR,d169,0.4442433302373707,scr1988,avaStIn,bevPsngRoadPrvt
19FR,d170,0.4453986384192496,scr1988,avaStIn,bevPsngRoadPrvt
19FR,d171,0.4451846334488831,scr1988,avaStIn,bevPsngRoadPrvt
19FR,d172,0.44406748886780784,scr1988,avaStIn,bevPsngRoadPrvt
19FR,d173,0.44406748886780784,scr1988,avaStIn,bevPsngRoadPrvt
19FR,d174,0.44406748886780784,scr1988,avaStIn,bevPsngRoadPrvt
19FR,d175,0.44406748886780784,scr1988,avaStIn,bevPsngRoadPrvt
19FR,d176,0.4442433302373707,scr1988,avaStIn,bevPsngRoadPrvt
19FR,d177,0.4453986384192496,scr1988,avaStIn,bevPsngRoadPrvt
19FR,d178,0.4451846334488831,scr1988,avaStIn,bevPsngRoadPrvt
19FR,d179,0.44406748886780784,scr1988,avaStIn,bevPsngRoadPrvt
19FR,d180,0.44406748886780784,scr1988,avaStIn,bevPsngRoadPrvt
19FR,d181,0.44406748886780784,scr1988,avaStIn,bevPsngRoadPrvt
19FR,d182,0.44406748886780784,scr1988,avaStIn,bevPsngRoadPrvt
20FR,d092,0.39695079066339795,scr1988,avaStIn,bevPsngRoadPrvt
20FR,d093,0.44230048575854214,scr1988,avaStIn,bevPsngRoadPrvt
20FR,d094,0.44557714599843595,scr1988,avaStIn,bevPsngRoadPrvt
20FR,d095,0.44557714599843595,scr1988,avaStIn,bevPsngRoadPrvt
20FR,d096,0.44557714599843595,scr1988,avaStIn,bevPsngRoadPrvt
20FR,d097,0.44557714599843595,scr1988,avaStIn,bevPsngRoadPrvt
20FR,d098,0.44557714599843595,scr1988,avaStIn,bevPsngRoadPrvt
20FR,d099,0.46722091136161586,scr1988,avaStIn,bevPsngRoadPrvt
20FR,d100,0.47222289515354826,scr1988,avaStIn,bevPsngRoadPrvt
20FR,d101,0.45053862653839677,scr1988,avaStIn,bevPsngRoadPrvt
20FR,d102,0.44557714599843595,scr1988,avaStIn,bevPsngRoadPrvt
20FR,d103,0.44557714599843595,scr1988,avaStIn,bevPsngRoadPrvt
20FR,d104,0.44557714599843595,scr1988,avaStIn,bevPsngRoadPrvt
20FR,d105,0.44557714599843595,scr1988,avaStIn,bevPsngRoadPrvt
20FR,d106,0.46722091136161586,scr1988,avaStIn,bevPsngRoadPrvt
20FR,d107,0.47222289515354826,scr1988,avaStIn,bevPsngRoadPrvt
20FR,d108,0.45053862653839677,scr1988,avaStIn,bevPsngRoadPrvt
20FR,d109,0.44557714599843595,scr1988,avaStIn,bevPsngRoadPrvt
20FR,d110,0.44557714599843595,scr1988,avaStIn,bevPsngRoadPrvt
20FR,d111,0.44557714599843595,scr1988,avaStIn,bevPsngRoadPrvt
20FR,d112,0.44557714599843595,scr1988,avaStIn,bevPsngRoadPrvt
20FR,d113,0.46722091136161586,scr1988,avaStIn,bevPsngRoadPrvt
20FR,d114,0.47222289515354826,scr1988,avaStIn,bevPsngRoadPrvt
20FR,d115,0.45053862653839677,scr1988,avaStIn,bevPsngRoadPrvt
20FR,d116,0.44557714599843595,scr1988,avaStIn,bevPsngRoadPrvt
20FR,d117,0.44557714599843595,scr1988,avaStIn,bevPsngRoadPrvt
20FR,d118,0.44557714599843595,scr1988,avaStIn,bevPsngRoadPrvt
20FR,d119,0.44557714599843595,scr1988,avaStIn,bevPsngRoadPrvt
20FR,d120,0.46722091136161586,scr1988,avaStIn,bevPsngRoadPrvt
20FR,d121,0.47222289515354826,scr1988,avaStIn,bevPsngRoadPrvt
20FR,d122,0.45053862653839677,scr1988,avaStIn,bevPsngRoadPrvt
20FR,d123,0.4547536638034571,scr1988,avaStIn,bevPsngRoadPrvt
20FR,d124,0.4432711785319287,scr1988,avaStIn,bevPsngRoadPrvt
20FR,d125,0.4432711785319287,scr1988,avaStIn,bevPsngRoadPrvt
20FR,d126,0.4432711785319287,scr1988,avaStIn,bevPsngRoadPrvt
20FR,d127,0.44413811018389965,scr1988,avaStIn,bevPsngRoadPrvt
20FR,d128,0.43646102703319944,scr1988,avaStIn,bevPsngRoadPrvt
20FR,d129,0.4353950159570614,scr1988,avaStIn,bevPsngRoadPrvt
20FR,d130,0.4432711785319287,scr1988,avaStIn,bevPsngRoadPrvt
20FR,d131,0.4432711785319287,scr1988,avaStIn,bevPsngRoadPrvt
20FR,d132,0.4432711785319287,scr1988,avaStIn,bevPsngRoadPrvt
20FR,d133,0.4432711785319287,scr1988,avaStIn,bevPsngRoadPrvt
20FR,d134,0.44413811018389965,scr1988,avaStIn,bevPsngRoadPrvt
20FR,d135,0.43646102703319944,scr1988,avaStIn,bevPsngRoadPrvt
20FR,d136,0.4353950159570614,scr1988,avaStIn,bevPsngRoadPrvt
20FR,d137,0.4432711785319287,scr1988,avaStIn,bevPsngRoadPrvt
20FR,d138,0.4432711785319287,scr1988,avaStIn,bevPsngRoadPrvt
20FR,d139,0.4432711785319287,scr1988,avaStIn,bevPsngRoadPrvt
20FR,d140,0.4432711785319287,scr1988,avaStIn,bevPsngRoadPrvt
20FR,d141,0.44413811018389965,scr1988,avaStIn,bevPsngRoadPrvt
20FR,d142,0.43646102703319944,scr1988,avaStIn,bevPsngRoadPrvt
20FR,d143,0.4353950159570614,scr1988,avaStIn,bevPsngRoadPrvt
20FR,d144,0.4432711785319287,scr1988,avaStIn,bevPsngRoadPrvt
20FR,d145,0.4432711785319287,scr1988,avaStIn,bevPsngRoadPrvt
20FR,d146,0.4432711785319287,scr1988,avaStIn,bevPsngRoadPrvt
20FR,d147,0.4432711785319287,scr1988,avaStIn,bevPsngRoadPrvt
20FR,d148,0.44413811018389965,scr1988,avaStIn,bevPsngRoadPrvt
20FR,d149,0.43646102703319944,scr1988,avaStIn,bevPsngRoadPrvt
20FR,d150,0.4353950159570614,scr1988,avaStIn,bevPsngRoadPrvt
20FR,d151,0.4432711785319287,scr1988,avaStIn,bevPsngRoadPrvt
20FR,d152,0.4432711785319287,scr1988,avaStIn,bevPsngRoadPrvt
20FR,d153,0.4432711785319287,scr1988,avaStIn,bevPsngRoadPrvt
20FR,d154,0.4379237182393594,scr1988,avaStIn,bevPsngRoadPrvt
20FR,d155,0.4442433302373707,scr1988,avaStIn,bevPsngRoadPrvt
20FR,d156,0.4453986384192496,scr1988,avaStIn,bevPsngRoadPrvt
20FR,d157,0.4451846334488831,scr1988,avaStIn,bevPsngRoadPrvt
20FR,d158,0.44406748886780784,scr1988,avaStIn,bevPsngRoadPrvt
20FR,d159,0.44406748886780784,scr1988,avaStIn,bevPsngRoadPrvt
20FR,d160,0.44406748886780784,scr1988,avaStIn,bevPsngRoadPrvt
20FR,d161,0.44406748886780784,scr1988,avaStIn,bevPsngRoadPrvt
20FR,d162,0.4442433302373707,scr1988,avaStIn,bevPsngRoadPrvt
20FR,d163,0.4453986384192496,scr1988,avaStIn,bevPsngRoadPrvt
20FR,d164,0.4451846334488831,scr1988,avaStIn,bevPsngRoadPrvt
20FR,d165,0.44406748886780784,scr1988,avaStIn,bevPsngRoadPrvt
20FR,d166,0.44406748886780784,scr1988,avaStIn,bevPsngRoadPrvt
20FR,d167,0.44406748886780784,scr1988,avaStIn,bevPsngRoadPrvt
20FR,d168,0.44406748886780784,scr1988,avaStIn,bevPsngRoadPrvt
20FR,d169,0.4442433302373707,scr1988,avaStIn,bevPsngRoadPrvt
20FR,d170,0.4453986384192496,scr1988,avaStIn,bevPsngRoadPrvt
20FR,d171,0.4451846334488831,scr1988,avaStIn,bevPsngRoadPrvt
20FR,d172,0.44406748886780784,scr1988,avaStIn,bevPsngRoadPrvt
20FR,d173,0.44406748886780784,scr1988,avaStIn,bevPsngRoadPrvt
20FR,d174,0.44406748886780784,scr1988,avaStIn,bevPsngRoadPrvt
20FR,d175,0.44406748886780784,scr1988,avaStIn,bevPsngRoadPrvt
20FR,d176,0.4442433302373707,scr1988,avaStIn,bevPsngRoadPrvt
20FR,d177,0.4453986384192496,scr1988,avaStIn,bevPsngRoadPrvt
20FR,d178,0.4451846334488831,scr1988,avaStIn,bevPsngRoadPrvt
20FR,d179,0.44406748886780784,scr1988,avaStIn,bevPsngRoadPrvt
20FR,d180,0.44406748886780784,scr1988,avaStIn,bevPsngRoadPrvt
20FR,d181,0.44406748886780784,scr1988,avaStIn,bevPsngRoadPrvt
20FR,d182,0.44406748886780784,scr1988,avaStIn,bevPsngRoadPrvt
21FR,d092,0.39695079066339795,scr1988,avaStIn,bevPsngRoadPrvt
21FR,d093,0.44230048575854214,scr1988,avaStIn,bevPsngRoadPrvt
21FR,d094,0.44557714599843595,scr1988,avaStIn,bevPsngRoadPrvt
21FR,d095,0.44557714599843595,scr1988,avaStIn,bevPsngRoadPrvt
21FR,d096,0.44557714599843595,scr1988,avaStIn,bevPsngRoadPrvt
21FR,d097,0.44557714599843595,scr1988,avaStIn,bevPsngRoadPrvt
21FR,d098,0.44557714599843595,scr1988,avaStIn,bevPsngRoadPrvt
21FR,d099,0.46722091136161586,scr1988,avaStIn,bevPsngRoadPrvt
21FR,d100,0.47222289515354826,scr1988,avaStIn,bevPsngRoadPrvt
21FR,d101,0.45053862653839677,scr1988,avaStIn,bevPsngRoadPrvt
21FR,d102,0.44557714599843595,scr1988,avaStIn,bevPsngRoadPrvt
21FR,d103,0.44557714599843595,scr1988,avaStIn,bevPsngRoadPrvt
21FR,d104,0.44557714599843595,scr1988,avaStIn,bevPsngRoadPrvt
21FR,d105,0.44557714599843595,scr1988,avaStIn,bevPsngRoadPrvt
21FR,d106,0.46722091136161586,scr1988,avaStIn,bevPsngRoadPrvt
21FR,d107,0.47222289515354826,scr1988,avaStIn,bevPsngRoadPrvt
21FR,d108,0.45053862653839677,scr1988,avaStIn,bevPsngRoadPrvt
21FR,d109,0.44557714599843595,scr1988,avaStIn,bevPsngRoadPrvt
21FR,d110,0.44557714599843595,scr1988,avaStIn,bevPsngRoadPrvt
21FR,d111,0.44557714599843595,scr1988,avaStIn,bevPsngRoadPrvt
21FR,d112,0.44557714599843595,scr1988,avaStIn,bevPsngRoadPrvt
21FR,d113,0.46722091136161586,scr1988,avaStIn,bevPsngRoadPrvt
21FR,d114,0.47222289515354826,scr1988,avaStIn,bevPsngRoadPrvt
21FR,d115,0.45053862653839677,scr1988,avaStIn,bevPsngRoadPrvt
21FR,d116,0.44557714599843595,scr1988,avaStIn,bevPsngRoadPrvt
21FR,d117,0.44557714599843595,scr1988,avaStIn,bevPsngRoadPrvt
21FR,d118,0.44557714599843595,scr1988,avaStIn,bevPsngRoadPrvt
21FR,d119,0.44557714599843595,scr1988,avaStIn,bevPsngRoadPrvt
21FR,d120,0.46722091136161586,scr1988,avaStIn,bevPsngRoadPrvt
21FR,d121,0.47222289515354826,scr1988,avaStIn,bevPsngRoadPrvt
21FR,d122,0.45053862653839677,scr1988,avaStIn,bevPsngRoadPrvt
21FR,d123,0.4547536638034571,scr1988,avaStIn,bevPsngRoadPrvt
21FR,d124,0.4432711785319287,scr1988,avaStIn,bevPsngRoadPrvt
21FR,d125,0.4432711785319287,scr1988,avaStIn,bevPsngRoadPrvt
21FR,d126,0.4432711785319287,scr1988,avaStIn,bevPsngRoadPrvt
21FR,d127,0.44413811018389965,scr1988,avaStIn,bevPsngRoadPrvt
21FR,d128,0.43646102703319944,scr1988,avaStIn,bevPsngRoadPrvt
21FR,d129,0.4353950159570614,scr1988,avaStIn,bevPsngRoadPrvt
21FR,d130,0.4432711785319287,scr1988,avaStIn,bevPsngRoadPrvt
21FR,d131,0.4432711785319287,scr1988,avaStIn,bevPsngRoadPrvt
21FR,d132,0.4432711785319287,scr1988,avaStIn,bevPsngRoadPrvt
21FR,d133,0.4432711785319287,scr1988,avaStIn,bevPsngRoadPrvt
21FR,d134,0.44413811018389965,scr1988,avaStIn,bevPsngRoadPrvt
21FR,d135,0.43646102703319944,scr1988,avaStIn,bevPsngRoadPrvt
21FR,d136,0.4353950159570614,scr1988,avaStIn,bevPsngRoadPrvt
21FR,d137,0.4432711785319287,scr1988,avaStIn,bevPsngRoadPrvt
21FR,d138,0.4432711785319287,scr1988,avaStIn,bevPsngRoadPrvt
21FR,d139,0.4432711785319287,scr1988,avaStIn,bevPsngRoadPrvt
21FR,d140,0.4432711785319287,scr1988,avaStIn,bevPsngRoadPrvt
21FR,d141,0.44413811018389965,scr1988,avaStIn,bevPsngRoadPrvt
21FR,d142,0.43646102703319944,scr1988,avaStIn,bevPsngRoadPrvt
21FR,d143,0.4353950159570614,scr1988,avaStIn,bevPsngRoadPrvt
21FR,d144,0.4432711785319287,scr1988,avaStIn,bevPsngRoadPrvt
21FR,d145,0.4432711785319287,scr1988,avaStIn,bevPsngRoadPrvt
21FR,d146,0.4432711785319287,scr1988,avaStIn,bevPsngRoadPrvt
21FR,d147,0.4432711785319287,scr1988,avaStIn,bevPsngRoadPrvt
21FR,d148,0.44413811018389965,scr1988,avaStIn,bevPsngRoadPrvt
21FR,d149,0.43646102703319944,scr1988,avaStIn,bevPsngRoadPrvt
21FR,d150,0.4353950159570614,scr1988,avaStIn,bevPsngRoadPrvt
21FR,d151,0.4432711785319287,scr1988,avaStIn,bevPsngRoadPrvt
21FR,d152,0.4432711785319287,scr1988,avaStIn,bevPsngRoadPrvt
21FR,d153,0.4432711785319287,scr1988,avaStIn,bevPsngRoadPrvt
21FR,d154,0.4379237182393594,scr1988,avaStIn,bevPsngRoadPrvt
21FR,d155,0.4442433302373707,scr1988,avaStIn,bevPsngRoadPrvt
21FR,d156,0.4453986384192496,scr1988,avaStIn,bevPsngRoadPrvt
21FR,d157,0.4451846334488831,scr1988,avaStIn,bevPsngRoadPrvt
21FR,d158,0.44406748886780784,scr1988,avaStIn,bevPsngRoadPrvt
21FR,d159,0.44406748886780784,scr1988,avaStIn,bevPsngRoadPrvt
21FR,d160,0.44406748886780784,scr1988,avaStIn,bevPsngRoadPrvt
21FR,d161,0.44406748886780784,scr1988,avaStIn,bevPsngRoadPrvt
21FR,d162,0.4442433302373707,scr1988,avaStIn,bevPsngRoadPrvt
21FR,d163,0.4453986384192496,scr1988,avaStIn,bevPsngRoadPrvt
21FR,d164,0.4451846334488831,scr1988,avaStIn,bevPsngRoadPrvt
21FR,d165,0.44406748886780784,scr1988,avaStIn,bevPsngRoadPrvt
21FR,d166,0.44406748886780784,scr1988,avaStIn,bevPsngRoadPrvt
21FR,d167,0.44406748886780784,scr1988,avaStIn,bevPsngRoadPrvt
21FR,d168,0.44406748886780784,scr1988,avaStIn,bevPsngRoadPrvt
21FR,d169,0.4442433302373707,scr1988,avaStIn,bevPsngRoadPrvt
21FR,d170,0.4453986384192496,scr1988,avaStIn,bevPsngRoadPrvt
21FR,d171,0.4451846334488831,scr1988,avaStIn,bevPsngRoadPrvt
21FR,d172,0.44406748886780784,scr1988,avaStIn,bevPsngRoadPrvt
21FR,d173,0.44406748886780784,scr1988,avaStIn,bevPsngRoadPrvt
21FR,d174,0.44406748886780784,scr1988,avaStIn,bevPsngRoadPrvt
21FR,d175,0.44406748886780784,scr1988,avaStIn,bevPsngRoadPrvt
21FR,d176,0.4442433302373707,scr1988,avaStIn,bevPsngRoadPrvt
21FR,d177,0.4453986384192496,scr1988,avaStIn,bevPsngRoadPrvt
21FR,d178,0.4451846334488831,scr1988,avaStIn,bevPsngRoadPrvt
21FR,d179,0.44406748886780784,scr1988,avaStIn,bevPsngRoadPrvt
21FR,d180,0.44406748886780784,scr1988,avaStIn,bevPsngRoadPrvt
21FR,d181,0.44406748886780784,scr1988,avaStIn,bevPsngRoadPrvt
21FR,d182,0.44406748886780784,scr1988,avaStIn,bevPsngRoadPrvt
22FR,d092,0.39695079066339795,scr1988,avaStIn,bevPsngRoadPrvt
22FR,d093,0.44230048575854214,scr1988,avaStIn,bevPsngRoadPrvt
22FR,d094,0.44557714599843595,scr1988,avaStIn,bevPsngRoadPrvt
22FR,d095,0.44557714599843595,scr1988,avaStIn,bevPsngRoadPrvt
22FR,d096,0.44557714599843595,scr1988,avaStIn,bevPsngRoadPrvt
22FR,d097,0.44557714599843595,scr1988,avaStIn,bevPsngRoadPrvt
22FR,d098,0.44557714599843595,scr1988,avaStIn,bevPsngRoadPrvt
22FR,d099,0.46722091136161586,scr1988,avaStIn,bevPsngRoadPrvt
22FR,d100,0.47222289515354826,scr1988,avaStIn,bevPsngRoadPrvt
22FR,d101,0.45053862653839677,scr1988,avaStIn,bevPsngRoadPrvt
22FR,d102,0.44557714599843595,scr1988,avaStIn,bevPsngRoadPrvt
22FR,d103,0.44557714599843595,scr1988,avaStIn,bevPsngRoadPrvt
22FR,d104,0.44557714599843595,scr1988,avaStIn,bevPsngRoadPrvt
22FR,d105,0.44557714599843595,scr1988,avaStIn,bevPsngRoadPrvt
22FR,d106,0.46722091136161586,scr1988,avaStIn,bevPsngRoadPrvt
22FR,d107,0.47222289515354826,scr1988,avaStIn,bevPsngRoadPrvt
22FR,d108,0.45053862653839677,scr1988,avaStIn,bevPsngRoadPrvt
22FR,d109,0.44557714599843595,scr1988,avaStIn,bevPsngRoadPrvt
22FR,d110,0.44557714599843595,scr1988,avaStIn,bevPsngRoadPrvt
22FR,d111,0.44557714599843595,scr1988,avaStIn,bevPsngRoadPrvt
22FR,d112,0.44557714599843595,scr1988,avaStIn,bevPsngRoadPrvt
22FR,d113,0.46722091136161586,scr1988,avaStIn,bevPsngRoadPrvt
22FR,d114,0.47222289515354826,scr1988,avaStIn,bevPsngRoadPrvt
22FR,d115,0.45053862653839677,scr1988,avaStIn,bevPsngRoadPrvt
22FR,d116,0.44557714599843595,scr1988,avaStIn,bevPsngRoadPrvt
22FR,d117,0.44557714599843595,scr1988,avaStIn,bevPsngRoadPrvt
22FR,d118,0.44557714599843595,scr1988,avaStIn,bevPsngRoadPrvt
22FR,d119,0.44557714599843595,scr1988,avaStIn,bevPsngRoadPrvt
22FR,d120,0.46722091136161586,scr1988,avaStIn,bevPsngRoadPrvt
22FR,d121,0.47222289515354826,scr1988,avaStIn,bevPsngRoadPrvt
22FR,d122,0.45053862653839677,scr1988,avaStIn,bevPsngRoadPrvt
22FR,d123,0.4547536638034571,scr1988,avaStIn,bevPsngRoadPrvt
22FR,d124,0.4432711785319287,scr1988,avaStIn,bevPsngRoadPrvt
22FR,d125,0.4432711785319287,scr1988,avaStIn,bevPsngRoadPrvt
22FR,d126,0.4432711785319287,scr1988,avaStIn,bevPsngRoadPrvt
22FR,d127,0.44413811018389965,scr1988,avaStIn,bevPsngRoadPrvt
22FR,d128,0.43646102703319944,scr1988,avaStIn,bevPsngRoadPrvt
22FR,d129,0.4353950159570614,scr1988,avaStIn,bevPsngRoadPrvt
22FR,d130,0.4432711785319287,scr1988,avaStIn,bevPsngRoadPrvt
22FR,d131,0.4432711785319287,scr1988,avaStIn,bevPsngRoadPrvt
22FR,d132,0.4432711785319287,scr1988,avaStIn,bevPsngRoadPrvt
22FR,d133,0.4432711785319287,scr1988,avaStIn,bevPsngRoadPrvt
22FR,d134,0.44413811018389965,scr1988,avaStIn,bevPsngRoadPrvt
22FR,d135,0.43646102703319944,scr1988,avaStIn,bevPsngRoadPrvt
22FR,d136,0.4353950159570614,scr1988,avaStIn,bevPsngRoadPrvt
22FR,d137,0.4432711785319287,scr1988,avaStIn,bevPsngRoadPrvt
22FR,d138,0.4432711785319287,scr1988,avaStIn,bevPsngRoadPrvt
22FR,d139,0.4432711785319287,scr1988,avaStIn,bevPsngRoadPrvt
22FR,d140,0.4432711785319287,scr1988,avaStIn,bevPsngRoadPrvt
22FR,d141,0.44413811018389965,scr1988,avaStIn,bevPsngRoadPrvt
22FR,d142,0.43646102703319944,scr1988,avaStIn,bevPsngRoadPrvt
22FR,d143,0.4353950159570614,scr1988,avaStIn,bevPsngRoadPrvt
22FR,d144,0.4432711785319287,scr1988,avaStIn,bevPsngRoadPrvt
22FR,d145,0.4432711785319287,scr1988,avaStIn,bevPsngRoadPrvt
22FR,d146,0.4432711785319287,scr1988,avaStIn,bevPsngRoadPrvt
22FR,d147,0.4432711785319287,scr1988,avaStIn,bevPsngRoadPrvt
22FR,d148,0.44413811018389965,scr1988,avaStIn,bevPsngRoadPrvt
22FR,d149,0.43646102703319944,scr1988,avaStIn,bevPsngRoadPrvt
22FR,d150,0.4353950159570614,scr1988,avaStIn,bevPsngRoadPrvt
22FR,d151,0.4432711785319287,scr1988,avaStIn,bevPsngRoadPrvt
22FR,d152,0.4432711785319287,scr1988,avaStIn,bevPsngRoadPrvt
22FR,d153,0.4432711785319287,scr1988,avaStIn,bevPsngRoadPrvt
22FR,d154,0.4379237182393594,scr1988,avaStIn,bevPsngRoadPrvt
22FR,d155,0.4442433302373707,scr1988,avaStIn,bevPsngRoadPrvt
22FR,d156,0.4453986384192496,scr1988,avaStIn,bevPsngRoadPrvt
22FR,d157,0.4451846334488831,scr1988,avaStIn,bevPsngRoadPrvt
22FR,d158,0.44406748886780784,scr1988,avaStIn,bevPsngRoadPrvt
22FR,d159,0.44406748886780784,scr1988,avaStIn,bevPsngRoadPrvt
22FR,d160,0.44406748886780784,scr1988,avaStIn,bevPsngRoadPrvt
22FR,d161,0.44406748886780784,scr1988,avaStIn,bevPsngRoadPrvt
22FR,d162,0.4442433302373707,scr1988,avaStIn,bevPsngRoadPrvt
22FR,d163,0.4453986384192496,scr1988,avaStIn,bevPsngRoadPrvt
22FR,d164,0.4451846334488831,scr1988,avaStIn,bevPsngRoadPrvt
22FR,d165,0.44406748886780784,scr1988,avaStIn,bevPsngRoadPrvt
22FR,d166,0.44406748886780784,scr1988,avaStIn,bevPsngRoadPrvt
22FR,d167,0.44406748886780784,scr1988,avaStIn,bevPsngRoadPrvt
22FR,d168,0.44406748886780784,scr1988,avaStIn,bevPsngRoadPrvt
22FR,d169,0.4442433302373707,scr1988,avaStIn,bevPsngRoadPrvt
22FR,d170,0.4453986384192496,scr1988,avaStIn,bevPsngRoadPrvt
22FR,d171,0.4451846334488831,scr1988,avaStIn,bevPsngRoadPrvt
22FR,d172,0.44406748886780784,scr1988,avaStIn,bevPsngRoadPrvt
22FR,d173,0.44406748886780784,scr1988,avaStIn,bevPsngRoadPrvt
22FR,d174,0.44406748886780784,scr1988,avaStIn,bevPsngRoadPrvt
22FR,d175,0.44406748886780784,scr1988,avaStIn,bevPsngRoadPrvt
22FR,d176,0.4442433302373707,scr1988,avaStIn,bevPsngRoadPrvt
22FR,d177,0.4453986384192496,scr1988,avaStIn,bevPsngRoadPrvt
22FR,d178,0.4451846334488831,scr1988,avaStIn,bevPsngRoadPrvt
22FR,d179,0.44406748886780784,scr1988,avaStIn,bevPsngRoadPrvt
22FR,d180,0.44406748886780784,scr1988,avaStIn,bevPsngRoadPrvt
22FR,d181,0.44406748886780784,scr1988,avaStIn,bevPsngRoadPrvt
22FR,d182,0.44406748886780784,scr1988,avaStIn,bevPsngRoadPrvt
23FR,d092,0.39695079066339795,scr1988,avaStIn,bevPsngRoadPrvt
23FR,d093,0.44230048575854214,scr1988,avaStIn,bevPsngRoadPrvt
23FR,d094,0.44557714599843595,scr1988,avaStIn,bevPsngRoadPrvt
23FR,d095,0.44557714599843595,scr1988,avaStIn,bevPsngRoadPrvt
23FR,d096,0.44557714599843595,scr1988,avaStIn,bevPsngRoadPrvt
23FR,d097,0.44557714599843595,scr1988,avaStIn,bevPsngRoadPrvt
23FR,d098,0.44557714599843595,scr1988,avaStIn,bevPsngRoadPrvt
23FR,d099,0.46722091136161586,scr1988,avaStIn,bevPsngRoadPrvt
23FR,d100,0.47222289515354826,scr1988,avaStIn,bevPsngRoadPrvt
23FR,d101,0.45053862653839677,scr1988,avaStIn,bevPsngRoadPrvt
23FR,d102,0.44557714599843595,scr1988,avaStIn,bevPsngRoadPrvt
23FR,d103,0.44557714599843595,scr1988,avaStIn,bevPsngRoadPrvt
23FR,d104,0.44557714599843595,scr1988,avaStIn,bevPsngRoadPrvt
23FR,d105,0.44557714599843595,scr1988,avaStIn,bevPsngRoadPrvt
23FR,d106,0.46722091136161586,scr1988,avaStIn,bevPsngRoadPrvt
23FR,d107,0.47222289515354826,scr1988,avaStIn,bevPsngRoadPrvt
23FR,d108,0.45053862653839677,scr1988,avaStIn,bevPsngRoadPrvt
23FR,d109,0.44557714599843595,scr1988,avaStIn,bevPsngRoadPrvt
23FR,d110,0.44557714599843595,scr1988,avaStIn,bevPsngRoadPrvt
23FR,d111,0.44557714599843595,scr1988,avaStIn,bevPsngRoadPrvt
23FR,d112,0.44557714599843595,scr1988,avaStIn,bevPsngRoadPrvt
23FR,d113,0.46722091136161586,scr1988,avaStIn,bevPsngRoadPrvt
23FR,d114,0.47222289515354826,scr1988,avaStIn,bevPsngRoadPrvt
23FR,d115,0.45053862653839677,scr1988,avaStIn,bevPsngRoadPrvt
23FR,d116,0.44557714599843595,scr1988,avaStIn,bevPsngRoadPrvt
23FR,d117,0.44557714599843595,scr1988,avaStIn,bevPsngRoadPrvt
23FR,d118,0.44557714599843595,scr1988,avaStIn,bevPsngRoadPrvt
23FR,d119,0.44557714599843595,scr1988,avaStIn,bevPsngRoadPrvt
23FR,d120,0.46722091136161586,scr1988,avaStIn,bevPsngRoadPrvt
23FR,d121,0.47222289515354826,scr1988,avaStIn,bevPsngRoadPrvt
23FR,d122,0.45053862653839677,scr1988,avaStIn,bevPsngRoadPrvt
23FR,d123,0.4547536638034571,scr1988,avaStIn,bevPsngRoadPrvt
23FR,d124,0.4432711785319287,scr1988,avaStIn,bevPsngRoadPrvt
23FR,d125,0.4432711785319287,scr1988,avaStIn,bevPsngRoadPrvt
23FR,d126,0.4432711785319287,scr1988,avaStIn,bevPsngRoadPrvt
23FR,d127,0.44413811018389965,scr1988,avaStIn,bevPsngRoadPrvt
23FR,d128,0.43646102703319944,scr1988,avaStIn,bevPsngRoadPrvt
23FR,d129,0.4353950159570614,scr1988,avaStIn,bevPsngRoadPrvt
23FR,d130,0.4432711785319287,scr1988,avaStIn,bevPsngRoadPrvt
23FR,d131,0.4432711785319287,scr1988,avaStIn,bevPsngRoadPrvt
23FR,d132,0.4432711785319287,scr1988,avaStIn,bevPsngRoadPrvt
23FR,d133,0.4432711785319287,scr1988,avaStIn,bevPsngRoadPrvt
23FR,d134,0.44413811018389965,scr1988,avaStIn,bevPsngRoadPrvt
23FR,d135,0.43646102703319944,scr1988,avaStIn,bevPsngRoadPrvt
23FR,d136,0.4353950159570614,scr1988,avaStIn,bevPsngRoadPrvt
23FR,d137,0.4432711785319287,scr1988,avaStIn,bevPsngRoadPrvt
23FR,d138,0.4432711785319287,scr1988,avaStIn,bevPsngRoadPrvt
23FR,d139,0.4432711785319287,scr1988,avaStIn,bevPsngRoadPrvt
23FR,d140,0.4432711785319287,scr1988,avaStIn,bevPsngRoadPrvt
23FR,d141,0.44413811018389965,scr1988,avaStIn,bevPsngRoadPrvt
23FR,d142,0.43646102703319944,scr1988,avaStIn,bevPsngRoadPrvt
23FR,d143,0.4353950159570614,scr1988,avaStIn,bevPsngRoadPrvt
23FR,d144,0.4432711785319287,scr1988,avaStIn,bevPsngRoadPrvt
23FR,d145,0.4432711785319287,scr1988,avaStIn,bevPsngRoadPrvt
23FR,d146,0.4432711785319287,scr1988,avaStIn,bevPsngRoadPrvt
23FR,d147,0.4432711785319287,scr1988,avaStIn,bevPsngRoadPrvt
23FR,d148,0.44413811018389965,scr1988,avaStIn,bevPsngRoadPrvt
23FR,d149,0.43646102703319944,scr1988,avaStIn,bevPsngRoadPrvt
23FR,d150,0.4353950159570614,scr1988,avaStIn,bevPsngRoadPrvt
23FR,d151,0.4432711785319287,scr1988,avaStIn,bevPsngRoadPrvt
23FR,d152,0.4432711785319287,scr1988,avaStIn,bevPsngRoadPrvt
23FR,d153,0.4432711785319287,scr1988,avaStIn,bevPsngRoadPrvt
23FR,d154,0.4379237182393594,scr1988,avaStIn,bevPsngRoadPrvt
23FR,d155,0.4442433302373707,scr1988,avaStIn,bevPsngRoadPrvt
23FR,d156,0.4453986384192496,scr1988,avaStIn,bevPsngRoadPrvt
23FR,d157,0.4451846334488831,scr1988,avaStIn,bevPsngRoadPrvt
23FR,d158,0.44406748886780784,scr1988,avaStIn,bevPsngRoadPrvt
23FR,d159,0.44406748886780784,scr1988,avaStIn,bevPsngRoadPrvt
23FR,d160,0.44406748886780784,scr1988,avaStIn,bevPsngRoadPrvt
23FR,d161,0.44406748886780784,scr1988,avaStIn,bevPsngRoadPrvt
23FR,d162,0.4442433302373707,scr1988,avaStIn,bevPsngRoadPrvt
23FR,d163,0.4453986384192496,scr1988,avaStIn,bevPsngRoadPrvt
23FR,d164,0.4451846334488831,scr1988,avaStIn,bevPsngRoadPrvt
23FR,d165,0.44406748886780784,scr1988,avaStIn,bevPsngRoadPrvt
23FR,d166,0.44406748886780784,scr1988,avaStIn,bevPsngRoadPrvt
23FR,d167,0.44406748886780784,scr1988,avaStIn,bevPsngRoadPrvt
23FR,d168,0.44406748886780784,scr1988,avaStIn,bevPsngRoadPrvt
23FR,d169,0.4442433302373707,scr1988,avaStIn,bevPsngRoadPrvt
23FR,d170,0.4453986384192496,scr1988,avaStIn,bevPsngRoadPrvt
23FR,d171,0.4451846334488831,scr1988,avaStIn,bevPsngRoadPrvt
23FR,d172,0.44406748886780784,scr1988,avaStIn,bevPsngRoadPrvt
23FR,d173,0.44406748886780784,scr1988,avaStIn,bevPsngRoadPrvt
23FR,d174,0.44406748886780784,scr1988,avaStIn,bevPsngRoadPrvt
23FR,d175,0.44406748886780784,scr1988,avaStIn,bevPsngRoadPrvt
23FR,d176,0.4442433302373707,scr1988,avaStIn,bevPsngRoadPrvt
23FR,d177,0.4453986384192496,scr1988,avaStIn,bevPsngRoadPrvt
23FR,d178,0.4451846334488831,scr1988,avaStIn,bevPsngRoadPrvt
23FR,d179,0.44406748886780784,scr1988,avaStIn,bevPsngRoadPrvt
23FR,d180,0.44406748886780784,scr1988,avaStIn,bevPsngRoadPrvt
23FR,d181,0.44406748886780784,scr1988,avaStIn,bevPsngRoadPrvt
23FR,d182,0.44406748886780784,scr1988,avaStIn,bevPsngRoadPrvt
24FR,d092,0.39695079066339795,scr1988,avaStIn,bevPsngRoadPrvt
24FR,d093,0.44230048575854214,scr1988,avaStIn,bevPsngRoadPrvt
24FR,d094,0.44557714599843595,scr1988,avaStIn,bevPsngRoadPrvt
24FR,d095,0.44557714599843595,scr1988,avaStIn,bevPsngRoadPrvt
24FR,d096,0.44557714599843595,scr1988,avaStIn,bevPsngRoadPrvt
24FR,d097,0.44557714599843595,scr1988,avaStIn,bevPsngRoadPrvt
24FR,d098,0.44557714599843595,scr1988,avaStIn,bevPsngRoadPrvt
24FR,d099,0.46722091136161586,scr1988,avaStIn,bevPsngRoadPrvt
24FR,d100,0.47222289515354826,scr1988,avaStIn,bevPsngRoadPrvt
24FR,d101,0.45053862653839677,scr1988,avaStIn,bevPsngRoadPrvt
24FR,d102,0.44557714599843595,scr1988,avaStIn,bevPsngRoadPrvt
24FR,d103,0.44557714599843595,scr1988,avaStIn,bevPsngRoadPrvt
24FR,d104,0.44557714599843595,scr1988,avaStIn,bevPsngRoadPrvt
24FR,d105,0.44557714599843595,scr1988,avaStIn,bevPsngRoadPrvt
24FR,d106,0.46722091136161586,scr1988,avaStIn,bevPsngRoadPrvt
24FR,d107,0.47222289515354826,scr1988,avaStIn,bevPsngRoadPrvt
24FR,d108,0.45053862653839677,scr1988,avaStIn,bevPsngRoadPrvt
24FR,d109,0.44557714599843595,scr1988,avaStIn,bevPsngRoadPrvt
24FR,d110,0.44557714599843595,scr1988,avaStIn,bevPsngRoadPrvt
24FR,d111,0.44557714599843595,scr1988,avaStIn,bevPsngRoadPrvt
24FR,d112,0.44557714599843595,scr1988,avaStIn,bevPsngRoadPrvt
24FR,d113,0.46722091136161586,scr1988,avaStIn,bevPsngRoadPrvt
24FR,d114,0.47222289515354826,scr1988,avaStIn,bevPsngRoadPrvt
24FR,d115,0.45053862653839677,scr1988,avaStIn,bevPsngRoadPrvt
24FR,d116,0.44557714599843595,scr1988,avaStIn,bevPsngRoadPrvt
24FR,d117,0.44557714599843595,scr1988,avaStIn,bevPsngRoadPrvt
24FR,d118,0.44557714599843595,scr1988,avaStIn,bevPsngRoadPrvt
24FR,d119,0.44557714599843595,scr1988,avaStIn,bevPsngRoadPrvt
24FR,d120,0.46722091136161586,scr1988,avaStIn,bevPsngRoadPrvt
24FR,d121,0.47222289515354826,scr1988,avaStIn,bevPsngRoadPrvt
24FR,d122,0.45053862653839677,scr1988,avaStIn,bevPsngRoadPrvt
24FR,d123,0.4547536638034571,scr1988,avaStIn,bevPsngRoadPrvt
24FR,d124,0.4432711785319287,scr1988,avaStIn,bevPsngRoadPrvt
24FR,d125,0.4432711785319287,scr1988,avaStIn,bevPsngRoadPrvt
24FR,d126,0.4432711785319287,scr1988,avaStIn,bevPsngRoadPrvt
24FR,d127,0.44413811018389965,scr1988,avaStIn,bevPsngRoadPrvt
24FR,d128,0.43646102703319944,scr1988,avaStIn,bevPsngRoadPrvt
24FR,d129,0.4353950159570614,scr1988,avaStIn,bevPsngRoadPrvt
24FR,d130,0.4432711785319287,scr1988,avaStIn,bevPsngRoadPrvt
24FR,d131,0.4432711785319287,scr1988,avaStIn,bevPsngRoadPrvt
24FR,d132,0.4432711785319287,scr1988,avaStIn,bevPsngRoadPrvt
24FR,d133,0.4432711785319287,scr1988,avaStIn,bevPsngRoadPrvt
24FR,d134,0.44413811018389965,scr1988,avaStIn,bevPsngRoadPrvt
24FR,d135,0.43646102703319944,scr1988,avaStIn,bevPsngRoadPrvt
24FR,d136,0.4353950159570614,scr1988,avaStIn,bevPsngRoadPrvt
24FR,d137,0.4432711785319287,scr1988,avaStIn,bevPsngRoadPrvt
24FR,d138,0.4432711785319287,scr1988,avaStIn,bevPsngRoadPrvt
24FR,d139,0.4432711785319287,scr1988,avaStIn,bevPsngRoadPrvt
24FR,d140,0.4432711785319287,scr1988,avaStIn,bevPsngRoadPrvt
24FR,d141,0.44413811018389965,scr1988,avaStIn,bevPsngRoadPrvt
24FR,d142,0.43646102703319944,scr1988,avaStIn,bevPsngRoadPrvt
24FR,d143,0.4353950159570614,scr1988,avaStIn,bevPsngRoadPrvt
24FR,d144,0.4432711785319287,scr1988,avaStIn,bevPsngRoadPrvt
24FR,d145,0.4432711785319287,scr1988,avaStIn,bevPsngRoadPrvt
24FR,d146,0.4432711785319287,scr1988,avaStIn,bevPsngRoadPrvt
24FR,d147,0.4432711785319287,scr1988,avaStIn,bevPsngRoadPrvt
24FR,d148,0.44413811018389965,scr1988,avaStIn,bevPsngRoadPrvt
24FR,d149,0.43646102703319944,scr1988,avaStIn,bevPsngRoadPrvt
24FR,d150,0.4353950159570614,scr1988,avaStIn,bevPsngRoadPrvt
24FR,d151,0.4432711785319287,scr1988,avaStIn,bevPsngRoadPrvt
24FR,d152,0.4432711785319287,scr1988,avaStIn,bevPsngRoadPrvt
24FR,d153,0.4432711785319287,scr1988,avaStIn,bevPsngRoadPrvt
24FR,d154,0.4379237182393594,scr1988,avaStIn,bevPsngRoadPrvt
24FR,d155,0.4442433302373707,scr1988,avaStIn,bevPsngRoadPrvt
24FR,d156,0.4453986384192496,scr1988,avaStIn,bevPsngRoadPrvt
24FR,d157,0.4451846334488831,scr1988,avaStIn,bevPsngRoadPrvt
24FR,d158,0.44406748886780784,scr1988,avaStIn,bevPsngRoadPrvt
24FR,d159,0.44406748886780784,scr1988,avaStIn,bevPsngRoadPrvt
24FR,d160,0.44406748886780784,scr1988,avaStIn,bevPsngRoadPrvt
24FR,d161,0.44406748886780784,scr1988,avaStIn,bevPsngRoadPrvt
24FR,d162,0.4442433302373707,scr1988,avaStIn,bevPsngRoadPrvt
24FR,d163,0.4453986384192496,scr1988,avaStIn,bevPsngRoadPrvt
24FR,d164,0.4451846334488831,scr1988,avaStIn,bevPsngRoadPrvt
24FR,d165,0.44406748886780784,scr1988,avaStIn,bevPsngRoadPrvt
24FR,d166,0.44406748886780784,scr1988,avaStIn,bevPsngRoadPrvt
24FR,d167,0.44406748886780784,scr1988,avaStIn,bevPsngRoadPrvt
24FR,d168,0.44406748886780784,scr1988,avaStIn,bevPsngRoadPrvt
24FR,d169,0.4442433302373707,scr1988,avaStIn,bevPsngRoadPrvt
24FR,d170,0.4453986384192496,scr1988,avaStIn,bevPsngRoadPrvt
24FR,d171,0.4451846334488831,scr1988,avaStIn,bevPsngRoadPrvt
24FR,d172,0.44406748886780784,scr1988,avaStIn,bevPsngRoadPrvt
24FR,d173,0.44406748886780784,scr1988,avaStIn,bevPsngRoadPrvt
24FR,d174,0.44406748886780784,scr1988,avaStIn,bevPsngRoadPrvt
24FR,d175,0.44406748886780784,scr1988,avaStIn,bevPsngRoadPrvt
24FR,d176,0.4442433302373707,scr1988,avaStIn,bevPsngRoadPrvt
24FR,d177,0.4453986384192496,scr1988,avaStIn,bevPsngRoadPrvt
24FR,d178,0.4451846334488831,scr1988,avaStIn,bevPsngRoadPrvt
24FR,d179,0.44406748886780784,scr1988,avaStIn,bevPsngRoadPrvt
24FR,d180,0.44406748886780784,scr1988,avaStIn,bevPsngRoadPrvt
24FR,d181,0.44406748886780784,scr1988,avaStIn,bevPsngRoadPrvt
24FR,d182,0.44406748886780784,scr1988,avaStIn,bevPsngRoadPrvt
25FR,d092,0.39695079066339795,scr1988,avaStIn,bevPsngRoadPrvt
25FR,d093,0.44230048575854214,scr1988,avaStIn,bevPsngRoadPrvt
25FR,d094,0.44557714599843595,scr1988,avaStIn,bevPsngRoadPrvt
25FR,d095,0.44557714599843595,scr1988,avaStIn,bevPsngRoadPrvt
25FR,d096,0.44557714599843595,scr1988,avaStIn,bevPsngRoadPrvt
25FR,d097,0.44557714599843595,scr1988,avaStIn,bevPsngRoadPrvt
25FR,d098,0.44557714599843595,scr1988,avaStIn,bevPsngRoadPrvt
25FR,d099,0.46722091136161586,scr1988,avaStIn,bevPsngRoadPrvt
25FR,d100,0.47222289515354826,scr1988,avaStIn,bevPsngRoadPrvt
25FR,d101,0.45053862653839677,scr1988,avaStIn,bevPsngRoadPrvt
25FR,d102,0.44557714599843595,scr1988,avaStIn,bevPsngRoadPrvt
25FR,d103,0.44557714599843595,scr1988,avaStIn,bevPsngRoadPrvt
25FR,d104,0.44557714599843595,scr1988,avaStIn,bevPsngRoadPrvt
25FR,d105,0.44557714599843595,scr1988,avaStIn,bevPsngRoadPrvt
25FR,d106,0.46722091136161586,scr1988,avaStIn,bevPsngRoadPrvt
25FR,d107,0.47222289515354826,scr1988,avaStIn,bevPsngRoadPrvt
25FR,d108,0.45053862653839677,scr1988,avaStIn,bevPsngRoadPrvt
25FR,d109,0.44557714599843595,scr1988,avaStIn,bevPsngRoadPrvt
25FR,d110,0.44557714599843595,scr1988,avaStIn,bevPsngRoadPrvt
25FR,d111,0.44557714599843595,scr1988,avaStIn,bevPsngRoadPrvt
25FR,d112,0.44557714599843595,scr1988,avaStIn,bevPsngRoadPrvt
25FR,d113,0.46722091136161586,scr1988,avaStIn,bevPsngRoadPrvt
25FR,d114,0.47222289515354826,scr1988,avaStIn,bevPsngRoadPrvt
25FR,d115,0.45053862653839677,scr1988,avaStIn,bevPsngRoadPrvt
25FR,d116,0.44557714599843595,scr1988,avaStIn,bevPsngRoadPrvt
25FR,d117,0.44557714599843595,scr1988,avaStIn,bevPsngRoadPrvt
25FR,d118,0.44557714599843595,scr1988,avaStIn,bevPsngRoadPrvt
25FR,d119,0.44557714599843595,scr1988,avaStIn,bevPsngRoadPrvt
25FR,d120,0.46722091136161586,scr1988,avaStIn,bevPsngRoadPrvt
25FR,d121,0.47222289515354826,scr1988,avaStIn,bevPsngRoadPrvt
25FR,d122,0.45053862653839677,scr1988,avaStIn,bevPsngRoadPrvt
25FR,d123,0.4547536638034571,scr1988,avaStIn,bevPsngRoadPrvt
25FR,d124,0.4432711785319287,scr1988,avaStIn,bevPsngRoadPrvt
25FR,d125,0.4432711785319287,scr1988,avaStIn,bevPsngRoadPrvt
25FR,d126,0.4432711785319287,scr1988,avaStIn,bevPsngRoadPrvt
25FR,d127,0.44413811018389965,scr1988,avaStIn,bevPsngRoadPrvt
25FR,d128,0.43646102703319944,scr1988,avaStIn,bevPsngRoadPrvt
25FR,d129,0.4353950159570614,scr1988,avaStIn,bevPsngRoadPrvt
25FR,d130,0.4432711785319287,scr1988,avaStIn,bevPsngRoadPrvt
25FR,d131,0.4432711785319287,scr1988,avaStIn,bevPsngRoadPrvt
25FR,d132,0.4432711785319287,scr1988,avaStIn,bevPsngRoadPrvt
25FR,d133,0.4432711785319287,scr1988,avaStIn,bevPsngRoadPrvt
25FR,d134,0.44413811018389965,scr1988,avaStIn,bevPsngRoadPrvt
25FR,d135,0.43646102703319944,scr1988,avaStIn,bevPsngRoadPrvt
25FR,d136,0.4353950159570614,scr1988,avaStIn,bevPsngRoadPrvt
25FR,d137,0.4432711785319287,scr1988,avaStIn,bevPsngRoadPrvt
25FR,d138,0.4432711785319287,scr1988,avaStIn,bevPsngRoadPrvt
25FR,d139,0.4432711785319287,scr1988,avaStIn,bevPsngRoadPrvt
25FR,d140,0.4432711785319287,scr1988,avaStIn,bevPsngRoadPrvt
25FR,d141,0.44413811018389965,scr1988,avaStIn,bevPsngRoadPrvt
25FR,d142,0.43646102703319944,scr1988,avaStIn,bevPsngRoadPrvt
25FR,d143,0.4353950159570614,scr1988,avaStIn,bevPsngRoadPrvt
25FR,d144,0.4432711785319287,scr1988,avaStIn,bevPsngRoadPrvt
25FR,d145,0.4432711785319287,scr1988,avaStIn,bevPsngRoadPrvt
25FR,d146,0.4432711785319287,scr1988,avaStIn,bevPsngRoadPrvt
25FR,d147,0.4432711785319287,scr1988,avaStIn,bevPsngRoadPrvt
25FR,d148,0.44413811018389965,scr1988,avaStIn,bevPsngRoadPrvt
25FR,d149,0.43646102703319944,scr1988,avaStIn,bevPsngRoadPrvt
25FR,d150,0.4353950159570614,scr1988,avaStIn,bevPsngRoadPrvt
25FR,d151,0.4432711785319287,scr1988,avaStIn,bevPsngRoadPrvt
25FR,d152,0.4432711785319287,scr1988,avaStIn,bevPsngRoadPrvt
25FR,d153,0.4432711785319287,scr1988,avaStIn,bevPsngRoadPrvt
25FR,d154,0.4379237182393594,scr1988,avaStIn,bevPsngRoadPrvt
25FR,d155,0.4442433302373707,scr1988,avaStIn,bevPsngRoadPrvt
25FR,d156,0.4453986384192496,scr1988,avaStIn,bevPsngRoadPrvt
25FR,d157,0.4451846334488831,scr1988,avaStIn,bevPsngRoadPrvt
25FR,d158,0.44406748886780784,scr1988,avaStIn,bevPsngRoadPrvt
25FR,d159,0.44406748886780784,scr1988,avaStIn,bevPsngRoadPrvt
25FR,d160,0.44406748886780784,scr1988,avaStIn,bevPsngRoadPrvt
25FR,d161,0.44406748886780784,scr1988,avaStIn,bevPsngRoadPrvt
25FR,d162,0.4442433302373707,scr1988,avaStIn,bevPsngRoadPrvt
25FR,d163,0.4453986384192496,scr1988,avaStIn,bevPsngRoadPrvt
25FR,d164,0.4451846334488831,scr1988,avaStIn,bevPsngRoadPrvt
25FR,d165,0.44406748886780784,scr1988,avaStIn,bevPsngRoadPrvt
25FR,d166,0.44406748886780784,scr1988,avaStIn,bevPsngRoadPrvt
25FR,d167,0.44406748886780784,scr1988,avaStIn,bevPsngRoadPrvt
25FR,d168,0.44406748886780784,scr1988,avaStIn,bevPsngRoadPrvt
25FR,d169,0.4442433302373707,scr1988,avaStIn,bevPsngRoadPrvt
25FR,d170,0.4453986384192496,scr1988,avaStIn,bevPsngRoadPrvt
25FR,d171,0.4451846334488831,scr1988,avaStIn,bevPsngRoadPrvt
25FR,d172,0.44406748886780784,scr1988,avaStIn,bevPsngRoadPrvt
25FR,d173,0.44406748886780784,scr1988,avaStIn,bevPsngRoadPrvt
25FR,d174,0.44406748886780784,scr1988,avaStIn,bevPsngRoadPrvt
25FR,d175,0.44406748886780784,scr1988,avaStIn,bevPsngRoadPrvt
25FR,d176,0.4442433302373707,scr1988,avaStIn,bevPsngRoadPrvt
25FR,d177,0.4453986384192496,scr1988,avaStIn,bevPsngRoadPrvt
25FR,d178,0.4451846334488831,scr1988,avaStIn,bevPsngRoadPrvt
25FR,d179,0.44406748886780784,scr1988,avaStIn,bevPsngRoadPrvt
25FR,d180,0.44406748886780784,scr1988,avaStIn,bevPsngRoadPrvt
25FR,d181,0.44406748886780784,scr1988,avaStIn,bevPsngRoadPrvt
25FR,d182,0.44406748886780784,scr1988,avaStIn,bevPsngRoadPrvt
26FR,d092,0.39695079066339795,scr1988,avaStIn,bevPsngRoadPrvt
26FR,d093,0.44230048575854214,scr1988,avaStIn,bevPsngRoadPrvt
26FR,d094,0.44557714599843595,scr1988,avaStIn,bevPsngRoadPrvt
26FR,d095,0.44557714599843595,scr1988,avaStIn,bevPsngRoadPrvt
26FR,d096,0.44557714599843595,scr1988,avaStIn,bevPsngRoadPrvt
26FR,d097,0.44557714599843595,scr1988,avaStIn,bevPsngRoadPrvt
26FR,d098,0.44557714599843595,scr1988,avaStIn,bevPsngRoadPrvt
26FR,d099,0.46722091136161586,scr1988,avaStIn,bevPsngRoadPrvt
26FR,d100,0.47222289515354826,scr1988,avaStIn,bevPsngRoadPrvt
26FR,d101,0.45053862653839677,scr1988,avaStIn,bevPsngRoadPrvt
26FR,d102,0.44557714599843595,scr1988,avaStIn,bevPsngRoadPrvt
26FR,d103,0.44557714599843595,scr1988,avaStIn,bevPsngRoadPrvt
26FR,d104,0.44557714599843595,scr1988,avaStIn,bevPsngRoadPrvt
26FR,d105,0.44557714599843595,scr1988,avaStIn,bevPsngRoadPrvt
26FR,d106,0.46722091136161586,scr1988,avaStIn,bevPsngRoadPrvt
26FR,d107,0.47222289515354826,scr1988,avaStIn,bevPsngRoadPrvt
26FR,d108,0.45053862653839677,scr1988,avaStIn,bevPsngRoadPrvt
26FR,d109,0.44557714599843595,scr1988,avaStIn,bevPsngRoadPrvt
26FR,d110,0.44557714599843595,scr1988,avaStIn,bevPsngRoadPrvt
26FR,d111,0.44557714599843595,scr1988,avaStIn,bevPsngRoadPrvt
26FR,d112,0.44557714599843595,scr1988,avaStIn,bevPsngRoadPrvt
26FR,d113,0.46722091136161586,scr1988,avaStIn,bevPsngRoadPrvt
26FR,d114,0.47222289515354826,scr1988,avaStIn,bevPsngRoadPrvt
26FR,d115,0.45053862653839677,scr1988,avaStIn,bevPsngRoadPrvt
26FR,d116,0.44557714599843595,scr1988,avaStIn,bevPsngRoadPrvt
26FR,d117,0.44557714599843595,scr1988,avaStIn,bevPsngRoadPrvt
26FR,d118,0.44557714599843595,scr1988,avaStIn,bevPsngRoadPrvt
26FR,d119,0.44557714599843595,scr1988,avaStIn,bevPsngRoadPrvt
26FR,d120,0.46722091136161586,scr1988,avaStIn,bevPsngRoadPrvt
26FR,d121,0.47222289515354826,scr1988,avaStIn,bevPsngRoadPrvt
26FR,d122,0.45053862653839677,scr1988,avaStIn,bevPsngRoadPrvt
26FR,d123,0.4547536638034571,scr1988,avaStIn,bevPsngRoadPrvt
26FR,d124,0.4432711785319287,scr1988,avaStIn,bevPsngRoadPrvt
26FR,d125,0.4432711785319287,scr1988,avaStIn,bevPsngRoadPrvt
26FR,d126,0.4432711785319287,scr1988,avaStIn,bevPsngRoadPrvt
26FR,d127,0.44413811018389965,scr1988,avaStIn,bevPsngRoadPrvt
26FR,d128,0.43646102703319944,scr1988,avaStIn,bevPsngRoadPrvt
26FR,d129,0.4353950159570614,scr1988,avaStIn,bevPsngRoadPrvt
26FR,d130,0.4432711785319287,scr1988,avaStIn,bevPsngRoadPrvt
26FR,d131,0.4432711785319287,scr1988,avaStIn,bevPsngRoadPrvt
26FR,d132,0.4432711785319287,scr1988,avaStIn,bevPsngRoadPrvt
26FR,d133,0.4432711785319287,scr1988,avaStIn,bevPsngRoadPrvt
26FR,d134,0.44413811018389965,scr1988,avaStIn,bevPsngRoadPrvt
26FR,d135,0.43646102703319944,scr1988,avaStIn,bevPsngRoadPrvt
26FR,d136,0.4353950159570614,scr1988,avaStIn,bevPsngRoadPrvt
26FR,d137,0.4432711785319287,scr1988,avaStIn,bevPsngRoadPrvt
26FR,d138,0.4432711785319287,scr1988,avaStIn,bevPsngRoadPrvt
26FR,d139,0.4432711785319287,scr1988,avaStIn,bevPsngRoadPrvt
26FR,d140,0.4432711785319287,scr1988,avaStIn,bevPsngRoadPrvt
26FR,d141,0.44413811018389965,scr1988,avaStIn,bevPsngRoadPrvt
26FR,d142,0.43646102703319944,scr1988,avaStIn,bevPsngRoadPrvt
26FR,d143,0.4353950159570614,scr1988,avaStIn,bevPsngRoadPrvt
26FR,d144,0.4432711785319287,scr1988,avaStIn,bevPsngRoadPrvt
26FR,d145,0.4432711785319287,scr1988,avaStIn,bevPsngRoadPrvt
26FR,d146,0.4432711785319287,scr1988,avaStIn,bevPsngRoadPrvt
26FR,d147,0.4432711785319287,scr1988,avaStIn,bevPsngRoadPrvt
26FR,d148,0.44413811018389965,scr1988,avaStIn,bevPsngRoadPrvt
26FR,d149,0.43646102703319944,scr1988,avaStIn,bevPsngRoadPrvt
26FR,d150,0.4353950159570614,scr1988,avaStIn,bevPsngRoadPrvt
26FR,d151,0.4432711785319287,scr1988,avaStIn,bevPsngRoadPrvt
26FR,d152,0.4432711785319287,scr1988,avaStIn,bevPsngRoadPrvt
26FR,d153,0.4432711785319287,scr1988,avaStIn,bevPsngRoadPrvt
26FR,d154,0.4379237182393594,scr1988,avaStIn,bevPsngRoadPrvt
26FR,d155,0.4442433302373707,scr1988,avaStIn,bevPsngRoadPrvt
26FR,d156,0.4453986384192496,scr1988,avaStIn,bevPsngRoadPrvt
26FR,d157,0.4451846334488831,scr1988,avaStIn,bevPsngRoadPrvt
26FR,d158,0.44406748886780784,scr1988,avaStIn,bevPsngRoadPrvt
26FR,d159,0.44406748886780784,scr1988,avaStIn,bevPsngRoadPrvt
26FR,d160,0.44406748886780784,scr1988,avaStIn,bevPsngRoadPrvt
26FR,d161,0.44406748886780784,scr1988,avaStIn,bevPsngRoadPrvt
26FR,d162,0.4442433302373707,scr1988,avaStIn,bevPsngRoadPrvt
26FR,d163,0.4453986384192496,scr1988,avaStIn,bevPsngRoadPrvt
26FR,d164,0.4451846334488831,scr1988,avaStIn,bevPsngRoadPrvt
26FR,d165,0.44406748886780784,scr1988,avaStIn,bevPsngRoadPrvt
26FR,d166,0.44406748886780784,scr1988,avaStIn,bevPsngRoadPrvt
26FR,d167,0.44406748886780784,scr1988,avaStIn,bevPsngRoadPrvt
26FR,d168,0.44406748886780784,scr1988,avaStIn,bevPsngRoadPrvt
26FR,d169,0.4442433302373707,scr1988,avaStIn,bevPsngRoadPrvt
26FR,d170,0.4453986384192496,scr1988,avaStIn,bevPsngRoadPrvt
26FR,d171,0.4451846334488831,scr1988,avaStIn,bevPsngRoadPrvt
26FR,d172,0.44406748886780784,scr1988,avaStIn,bevPsngRoadPrvt
26FR,d173,0.44406748886780784,scr1988,avaStIn,bevPsngRoadPrvt
26FR,d174,0.44406748886780784,scr1988,avaStIn,bevPsngRoadPrvt
26FR,d175,0.44406748886780784,scr1988,avaStIn,bevPsngRoadPrvt
26FR,d176,0.4442433302373707,scr1988,avaStIn,bevPsngRoadPrvt
26FR,d177,0.4453986384192496,scr1988,avaStIn,bevPsngRoadPrvt
26FR,d178,0.4451846334488831,scr1988,avaStIn,bevPsngRoadPrvt
26FR,d179,0.44406748886780784,scr1988,avaStIn,bevPsngRoadPrvt
26FR,d180,0.44406748886780784,scr1988,avaStIn,bevPsngRoadPrvt
26FR,d181,0.44406748886780784,scr1988,avaStIn,bevPsngRoadPrvt
26FR,d182,0.44406748886780784,scr1988,avaStIn,bevPsngRoadPrvt
27FR,d092,0.39695079066339795,scr1988,avaStIn,bevPsngRoadPrvt
27FR,d093,0.44230048575854214,scr1988,avaStIn,bevPsngRoadPrvt
27FR,d094,0.44557714599843595,scr1988,avaStIn,bevPsngRoadPrvt
27FR,d095,0.44557714599843595,scr1988,avaStIn,bevPsngRoadPrvt
27FR,d096,0.44557714599843595,scr1988,avaStIn,bevPsngRoadPrvt
27FR,d097,0.44557714599843595,scr1988,avaStIn,bevPsngRoadPrvt
27FR,d098,0.44557714599843595,scr1988,avaStIn,bevPsngRoadPrvt
27FR,d099,0.46722091136161586,scr1988,avaStIn,bevPsngRoadPrvt
27FR,d100,0.47222289515354826,scr1988,avaStIn,bevPsngRoadPrvt
27FR,d101,0.45053862653839677,scr1988,avaStIn,bevPsngRoadPrvt
27FR,d102,0.44557714599843595,scr1988,avaStIn,bevPsngRoadPrvt
27FR,d103,0.44557714599843595,scr1988,avaStIn,bevPsngRoadPrvt
27FR,d104,0.44557714599843595,scr1988,avaStIn,bevPsngRoadPrvt
27FR,d105,0.44557714599843595,scr1988,avaStIn,bevPsngRoadPrvt
27FR,d106,0.46722091136161586,scr1988,avaStIn,bevPsngRoadPrvt
27FR,d107,0.47222289515354826,scr1988,avaStIn,bevPsngRoadPrvt
27FR,d108,0.45053862653839677,scr1988,avaStIn,bevPsngRoadPrvt
27FR,d109,0.44557714599843595,scr1988,avaStIn,bevPsngRoadPrvt
27FR,d110,0.44557714599843595,scr1988,avaStIn,bevPsngRoadPrvt
27FR,d111,0.44557714599843595,scr1988,avaStIn,bevPsngRoadPrvt
27FR,d112,0.44557714599843595,scr1988,avaStIn,bevPsngRoadPrvt
27FR,d113,0.46722091136161586,scr1988,avaStIn,bevPsngRoadPrvt
27FR,d114,0.47222289515354826,scr1988,avaStIn,bevPsngRoadPrvt
27FR,d115,0.45053862653839677,scr1988,avaStIn,bevPsngRoadPrvt
27FR,d116,0.44557714599843595,scr1988,avaStIn,bevPsngRoadPrvt
27FR,d117,0.44557714599843595,scr1988,avaStIn,bevPsngRoadPrvt
27FR,d118,0.44557714599843595,scr1988,avaStIn,bevPsngRoadPrvt
27FR,d119,0.44557714599843595,scr1988,avaStIn,bevPsngRoadPrvt
27FR,d120,0.46722091136161586,scr1988,avaStIn,bevPsngRoadPrvt
27FR,d121,0.47222289515354826,scr1988,avaStIn,bevPsngRoadPrvt
27FR,d122,0.45053862653839677,scr1988,avaStIn,bevPsngRoadPrvt
27FR,d123,0.4547536638034571,scr1988,avaStIn,bevPsngRoadPrvt
27FR,d124,0.4432711785319287,scr1988,avaStIn,bevPsngRoadPrvt
27FR,d125,0.4432711785319287,scr1988,avaStIn,bevPsngRoadPrvt
27FR,d126,0.4432711785319287,scr1988,avaStIn,bevPsngRoadPrvt
27FR,d127,0.44413811018389965,scr1988,avaStIn,bevPsngRoadPrvt
27FR,d128,0.43646102703319944,scr1988,avaStIn,bevPsngRoadPrvt
27FR,d129,0.4353950159570614,scr1988,avaStIn,bevPsngRoadPrvt
27FR,d130,0.4432711785319287,scr1988,avaStIn,bevPsngRoadPrvt
27FR,d131,0.4432711785319287,scr1988,avaStIn,bevPsngRoadPrvt
27FR,d132,0.4432711785319287,scr1988,avaStIn,bevPsngRoadPrvt
27FR,d133,0.4432711785319287,scr1988,avaStIn,bevPsngRoadPrvt
27FR,d134,0.44413811018389965,scr1988,avaStIn,bevPsngRoadPrvt
27FR,d135,0.43646102703319944,scr1988,avaStIn,bevPsngRoadPrvt
27FR,d136,0.4353950159570614,scr1988,avaStIn,bevPsngRoadPrvt
27FR,d137,0.4432711785319287,scr1988,avaStIn,bevPsngRoadPrvt
27FR,d138,0.4432711785319287,scr1988,avaStIn,bevPsngRoadPrvt
27FR,d139,0.4432711785319287,scr1988,avaStIn,bevPsngRoadPrvt
27FR,d140,0.4432711785319287,scr1988,avaStIn,bevPsngRoadPrvt
27FR,d141,0.44413811018389965,scr1988,avaStIn,bevPsngRoadPrvt
27FR,d142,0.43646102703319944,scr1988,avaStIn,bevPsngRoadPrvt
27FR,d143,0.4353950159570614,scr1988,avaStIn,bevPsngRoadPrvt
27FR,d144,0.4432711785319287,scr1988,avaStIn,bevPsngRoadPrvt
27FR,d145,0.4432711785319287,scr1988,avaStIn,bevPsngRoadPrvt
27FR,d146,0.4432711785319287,scr1988,avaStIn,bevPsngRoadPrvt
27FR,d147,0.4432711785319287,scr1988,avaStIn,bevPsngRoadPrvt
27FR,d148,0.44413811018389965,scr1988,avaStIn,bevPsngRoadPrvt
27FR,d149,0.43646102703319944,scr1988,avaStIn,bevPsngRoadPrvt
27FR,d150,0.4353950159570614,scr1988,avaStIn,bevPsngRoadPrvt
27FR,d151,0.4432711785319287,scr1988,avaStIn,bevPsngRoadPrvt
27FR,d152,0.4432711785319287,scr1988,avaStIn,bevPsngRoadPrvt
27FR,d153,0.4432711785319287,scr1988,avaStIn,bevPsngRoadPrvt
27FR,d154,0.4379237182393594,scr1988,avaStIn,bevPsngRoadPrvt
27FR,d155,0.4442433302373707,scr1988,avaStIn,bevPsngRoadPrvt
27FR,d156,0.4453986384192496,scr1988,avaStIn,bevPsngRoadPrvt
27FR,d157,0.4451846334488831,scr1988,avaStIn,bevPsngRoadPrvt
27FR,d158,0.44406748886780784,scr1988,avaStIn,bevPsngRoadPrvt
27FR,d159,0.44406748886780784,scr1988,avaStIn,bevPsngRoadPrvt
27FR,d160,0.44406748886780784,scr1988,avaStIn,bevPsngRoadPrvt
27FR,d161,0.44406748886780784,scr1988,avaStIn,bevPsngRoadPrvt
27FR,d162,0.4442433302373707,scr1988,avaStIn,bevPsngRoadPrvt
27FR,d163,0.4453986384192496,scr1988,avaStIn,bevPsngRoadPrvt
27FR,d164,0.4451846334488831,scr1988,avaStIn,bevPsngRoadPrvt
27FR,d165,0.44406748886780784,scr1988,avaStIn,bevPsngRoadPrvt
27FR,d166,0.44406748886780784,scr1988,avaStIn,bevPsngRoadPrvt
27FR,d167,0.44406748886780784,scr1988,avaStIn,bevPsngRoadPrvt
27FR,d168,0.44406748886780784,scr1988,avaStIn,bevPsngRoadPrvt
27FR,d169,0.4442433302373707,scr1988,avaStIn,bevPsngRoadPrvt
27FR,d170,0.4453986384192496,scr1988,avaStIn,bevPsngRoadPrvt
27FR,d171,0.4451846334488831,scr1988,avaStIn,bevPsngRoadPrvt
27FR,d172,0.44406748886780784,scr1988,avaStIn,bevPsngRoadPrvt
27FR,d173,0.44406748886780784,scr1988,avaStIn,bevPsngRoadPrvt
27FR,d174,0.44406748886780784,scr1988,avaStIn,bevPsngRoadPrvt
27FR,d175,0.44406748886780784,scr1988,avaStIn,bevPsngRoadPrvt
27FR,d176,0.4442433302373707,scr1988,avaStIn,bevPsngRoadPrvt
27FR,d177,0.4453986384192496,scr1988,avaStIn,bevPsngRoadPrvt
27FR,d178,0.4451846334488831,scr1988,avaStIn,bevPsngRoadPrvt
27FR,d179,0.44406748886780784,scr1988,avaStIn,bevPsngRoadPrvt
27FR,d180,0.44406748886780784,scr1988,avaStIn,bevPsngRoadPrvt
27FR,d181,0.44406748886780784,scr1988,avaStIn,bevPsngRoadPrvt
27FR,d182,0.44406748886780784,scr1988,avaStIn,bevPsngRoadPrvt
28BE,d092,0.39695079066339795,scr1988,avaStIn,bevPsngRoadPrvt
28BE,d093,0.44230048575854214,scr1988,avaStIn,bevPsngRoadPrvt
28BE,d094,0.44557714599843595,scr1988,avaStIn,bevPsngRoadPrvt
28BE,d095,0.44557714599843595,scr1988,avaStIn,bevPsngRoadPrvt
28BE,d096,0.44557714599843595,scr1988,avaStIn,bevPsngRoadPrvt
28BE,d097,0.44557714599843595,scr1988,avaStIn,bevPsngRoadPrvt
28BE,d098,0.44557714599843595,scr1988,avaStIn,bevPsngRoadPrvt
28BE,d099,0.46722091136161586,scr1988,avaStIn,bevPsngRoadPrvt
28BE,d100,0.47222289515354826,scr1988,avaStIn,bevPsngRoadPrvt
28BE,d101,0.45053862653839677,scr1988,avaStIn,bevPsngRoadPrvt
28BE,d102,0.44557714599843595,scr1988,avaStIn,bevPsngRoadPrvt
28BE,d103,0.44557714599843595,scr1988,avaStIn,bevPsngRoadPrvt
28BE,d104,0.44557714599843595,scr1988,avaStIn,bevPsngRoadPrvt
28BE,d105,0.44557714599843595,scr1988,avaStIn,bevPsngRoadPrvt
28BE,d106,0.46722091136161586,scr1988,avaStIn,bevPsngRoadPrvt
28BE,d107,0.47222289515354826,scr1988,avaStIn,bevPsngRoadPrvt
28BE,d108,0.45053862653839677,scr1988,avaStIn,bevPsngRoadPrvt
28BE,d109,0.44557714599843595,scr1988,avaStIn,bevPsngRoadPrvt
28BE,d110,0.44557714599843595,scr1988,avaStIn,bevPsngRoadPrvt
28BE,d111,0.44557714599843595,scr1988,avaStIn,bevPsngRoadPrvt
28BE,d112,0.44557714599843595,scr1988,avaStIn,bevPsngRoadPrvt
28BE,d113,0.46722091136161586,scr1988,avaStIn,bevPsngRoadPrvt
28BE,d114,0.47222289515354826,scr1988,avaStIn,bevPsngRoadPrvt
28BE,d115,0.45053862653839677,scr1988,avaStIn,bevPsngRoadPrvt
28BE,d116,0.44557714599843595,scr1988,avaStIn,bevPsngRoadPrvt
28BE,d117,0.44557714599843595,scr1988,avaStIn,bevPsngRoadPrvt
28BE,d118,0.44557714599843595,scr1988,avaStIn,bevPsngRoadPrvt
28BE,d119,0.44557714599843595,scr1988,avaStIn,bevPsngRoadPrvt
28BE,d120,0.46722091136161586,scr1988,avaStIn,bevPsngRoadPrvt
28BE,d121,0.47222289515354826,scr1988,avaStIn,bevPsngRoadPrvt
28BE,d122,0.45053862653839677,scr1988,avaStIn,bevPsngRoadPrvt
28BE,d123,0.4547536638034571,scr1988,avaStIn,bevPsngRoadPrvt
28BE,d124,0.4432711785319287,scr1988,avaStIn,bevPsngRoadPrvt
28BE,d125,0.4432711785319287,scr1988,avaStIn,bevPsngRoadPrvt
28BE,d126,0.4432711785319287,scr1988,avaStIn,bevPsngRoadPrvt
28BE,d127,0.44413811018389965,scr1988,avaStIn,bevPsngRoadPrvt
28BE,d128,0.43646102703319944,scr1988,avaStIn,bevPsngRoadPrvt
28BE,d129,0.4353950159570614,scr1988,avaStIn,bevPsngRoadPrvt
28BE,d130,0.4432711785319287,scr1988,avaStIn,bevPsngRoadPrvt
28BE,d131,0.4432711785319287,scr1988,avaStIn,bevPsngRoadPrvt
28BE,d132,0.4432711785319287,scr1988,avaStIn,bevPsngRoadPrvt
28BE,d133,0.4432711785319287,scr1988,avaStIn,bevPsngRoadPrvt
28BE,d134,0.44413811018389965,scr1988,avaStIn,bevPsngRoadPrvt
28BE,d135,0.43646102703319944,scr1988,avaStIn,bevPsngRoadPrvt
28BE,d136,0.4353950159570614,scr1988,avaStIn,bevPsngRoadPrvt
28BE,d137,0.4432711785319287,scr1988,avaStIn,bevPsngRoadPrvt
28BE,d138,0.4432711785319287,scr1988,avaStIn,bevPsngRoadPrvt
28BE,d139,0.4432711785319287,scr1988,avaStIn,bevPsngRoadPrvt
28BE,d140,0.4432711785319287,scr1988,avaStIn,bevPsngRoadPrvt
28BE,d141,0.44413811018389965,scr1988,avaStIn,bevPsngRoadPrvt
28BE,d142,0.43646102703319944,scr1988,avaStIn,bevPsngRoadPrvt
28BE,d143,0.4353950159570614,scr1988,avaStIn,bevPsngRoadPrvt
28BE,d144,0.4432711785319287,scr1988,avaStIn,bevPsngRoadPrvt
28BE,d145,0.4432711785319287,scr1988,avaStIn,bevPsngRoadPrvt
28BE,d146,0.4432711785319287,scr1988,avaStIn,bevPsngRoadPrvt
28BE,d147,0.4432711785319287,scr1988,avaStIn,bevPsngRoadPrvt
28BE,d148,0.44413811018389965,scr1988,avaStIn,bevPsngRoadPrvt
28BE,d149,0.43646102703319944,scr1988,avaStIn,bevPsngRoadPrvt
28BE,d150,0.4353950159570614,scr1988,avaStIn,bevPsngRoadPrvt
28BE,d151,0.4432711785319287,scr1988,avaStIn,bevPsngRoadPrvt
28BE,d152,0.4432711785319287,scr1988,avaStIn,bevPsngRoadPrvt
28BE,d153,0.4432711785319287,scr1988,avaStIn,bevPsngRoadPrvt
28BE,d154,0.4379237182393594,scr1988,avaStIn,bevPsngRoadPrvt
28BE,d155,0.4442433302373707,scr1988,avaStIn,bevPsngRoadPrvt
28BE,d156,0.4453986384192496,scr1988,avaStIn,bevPsngRoadPrvt
28BE,d157,0.4451846334488831,scr1988,avaStIn,bevPsngRoadPrvt
28BE,d158,0.44406748886780784,scr1988,avaStIn,bevPsngRoadPrvt
28BE,d159,0.44406748886780784,scr1988,avaStIn,bevPsngRoadPrvt
28BE,d160,0.44406748886780784,scr1988,avaStIn,bevPsngRoadPrvt
28BE,d161,0.44406748886780784,scr1988,avaStIn,bevPsngRoadPrvt
28BE,d162,0.4442433302373707,scr1988,avaStIn,bevPsngRoadPrvt
28BE,d163,0.4453986384192496,scr1988,avaStIn,bevPsngRoadPrvt
28BE,d164,0.4451846334488831,scr1988,avaStIn,bevPsngRoadPrvt
28BE,d165,0.44406748886780784,scr1988,avaStIn,bevPsngRoadPrvt
28BE,d166,0.44406748886780784,scr1988,avaStIn,bevPsngRoadPrvt
28BE,d167,0.44406748886780784,scr1988,avaStIn,bevPsngRoadPrvt
28BE,d168,0.44406748886780784,scr1988,avaStIn,bevPsngRoadPrvt
28BE,d169,0.4442433302373707,scr1988,avaStIn,bevPsngRoadPrvt
28BE,d170,0.4453986384192496,scr1988,avaStIn,bevPsngRoadPrvt
28BE,d171,0.4451846334488831,scr1988,avaStIn,bevPsngRoadPrvt
28BE,d172,0.44406748886780784,scr1988,avaStIn,bevPsngRoadPrvt
28BE,d173,0.44406748886780784,scr1988,avaStIn,bevPsngRoadPrvt
28BE,d174,0.44406748886780784,scr1988,avaStIn,bevPsngRoadPrvt
28BE,d175,0.44406748886780784,scr1988,avaStIn,bevPsngRoadPrvt
28BE,d176,0.4442433302373707,scr1988,avaStIn,bevPsngRoadPrvt
28BE,d177,0.4453986384192496,scr1988,avaStIn,bevPsngRoadPrvt
28BE,d178,0.4451846334488831,scr1988,avaStIn,bevPsngRoadPrvt
28BE,d179,0.44406748886780784,scr1988,avaStIn,bevPsngRoadPrvt
28BE,d180,0.44406748886780784,scr1988,avaStIn,bevPsngRoadPrvt
28BE,d181,0.44406748886780784,scr1988,avaStIn,bevPsngRoadPrvt
28BE,d182,0.44406748886780784,scr1988,avaStIn,bevPsngRoadPrvt
29LU,d092,0.39695079066339795,scr1988,avaStIn,bevPsngRoadPrvt
29LU,d093,0.44230048575854214,scr1988,avaStIn,bevPsngRoadPrvt
29LU,d094,0.44557714599843595,scr1988,avaStIn,bevPsngRoadPrvt
29LU,d095,0.44557714599843595,scr1988,avaStIn,bevPsngRoadPrvt
29LU,d096,0.44557714599843595,scr1988,avaStIn,bevPsngRoadPrvt
29LU,d097,0.44557714599843595,scr1988,avaStIn,bevPsngRoadPrvt
29LU,d098,0.44557714599843595,scr1988,avaStIn,bevPsngRoadPrvt
29LU,d099,0.46722091136161586,scr1988,avaStIn,bevPsngRoadPrvt
29LU,d100,0.47222289515354826,scr1988,avaStIn,bevPsngRoadPrvt
29LU,d101,0.45053862653839677,scr1988,avaStIn,bevPsngRoadPrvt
29LU,d102,0.44557714599843595,scr1988,avaStIn,bevPsngRoadPrvt
29LU,d103,0.44557714599843595,scr1988,avaStIn,bevPsngRoadPrvt
29LU,d104,0.44557714599843595,scr1988,avaStIn,bevPsngRoadPrvt
29LU,d105,0.44557714599843595,scr1988,avaStIn,bevPsngRoadPrvt
29LU,d106,0.46722091136161586,scr1988,avaStIn,bevPsngRoadPrvt
29LU,d107,0.47222289515354826,scr1988,avaStIn,bevPsngRoadPrvt
29LU,d108,0.45053862653839677,scr1988,avaStIn,bevPsngRoadPrvt
29LU,d109,0.44557714599843595,scr1988,avaStIn,bevPsngRoadPrvt
29LU,d110,0.44557714599843595,scr1988,avaStIn,bevPsngRoadPrvt
29LU,d111,0.44557714599843595,scr1988,avaStIn,bevPsngRoadPrvt
29LU,d112,0.44557714599843595,scr1988,avaStIn,bevPsngRoadPrvt
29LU,d113,0.46722091136161586,scr1988,avaStIn,bevPsngRoadPrvt
29LU,d114,0.47222289515354826,scr1988,avaStIn,bevPsngRoadPrvt
29LU,d115,0.45053862653839677,scr1988,avaStIn,bevPsngRoadPrvt
29LU,d116,0.44557714599843595,scr1988,avaStIn,bevPsngRoadPrvt
29LU,d117,0.44557714599843595,scr1988,avaStIn,bevPsngRoadPrvt
29LU,d118,0.44557714599843595,scr1988,avaStIn,bevPsngRoadPrvt
29LU,d119,0.44557714599843595,scr1988,avaStIn,bevPsngRoadPrvt
29LU,d120,0.46722091136161586,scr1988,avaStIn,bevPsngRoadPrvt
29LU,d121,0.47222289515354826,scr1988,avaStIn,bevPsngRoadPrvt
29LU,d122,0.45053862653839677,scr1988,avaStIn,bevPsngRoadPrvt
29LU,d123,0.4547536638034571,scr1988,avaStIn,bevPsngRoadPrvt
29LU,d124,0.4432711785319287,scr1988,avaStIn,bevPsngRoadPrvt
29LU,d125,0.4432711785319287,scr1988,avaStIn,bevPsngRoadPrvt
29LU,d126,0.4432711785319287,scr1988,avaStIn,bevPsngRoadPrvt
29LU,d127,0.44413811018389965,scr1988,avaStIn,bevPsngRoadPrvt
29LU,d128,0.43646102703319944,scr1988,avaStIn,bevPsngRoadPrvt
29LU,d129,0.4353950159570614,scr1988,avaStIn,bevPsngRoadPrvt
29LU,d130,0.4432711785319287,scr1988,avaStIn,bevPsngRoadPrvt
29LU,d131,0.4432711785319287,scr1988,avaStIn,bevPsngRoadPrvt
29LU,d132,0.4432711785319287,scr1988,avaStIn,bevPsngRoadPrvt
29LU,d133,0.4432711785319287,scr1988,avaStIn,bevPsngRoadPrvt
29LU,d134,0.44413811018389965,scr1988,avaStIn,bevPsngRoadPrvt
29LU,d135,0.43646102703319944,scr1988,avaStIn,bevPsngRoadPrvt
29LU,d136,0.4353950159570614,scr1988,avaStIn,bevPsngRoadPrvt
29LU,d137,0.4432711785319287,scr1988,avaStIn,bevPsngRoadPrvt
29LU,d138,0.4432711785319287,scr1988,avaStIn,bevPsngRoadPrvt
29LU,d139,0.4432711785319287,scr1988,avaStIn,bevPsngRoadPrvt
29LU,d140,0.4432711785319287,scr1988,avaStIn,bevPsngRoadPrvt
29LU,d141,0.44413811018389965,scr1988,avaStIn,bevPsngRoadPrvt
29LU,d142,0.43646102703319944,scr1988,avaStIn,bevPsngRoadPrvt
29LU,d143,0.4353950159570614,scr1988,avaStIn,bevPsngRoadPrvt
29LU,d144,0.4432711785319287,scr1988,avaStIn,bevPsngRoadPrvt
29LU,d145,0.4432711785319287,scr1988,avaStIn,bevPsngRoadPrvt
29LU,d146,0.4432711785319287,scr1988,avaStIn,bevPsngRoadPrvt
29LU,d147,0.4432711785319287,scr1988,avaStIn,bevPsngRoadPrvt
29LU,d148,0.44413811018389965,scr1988,avaStIn,bevPsngRoadPrvt
29LU,d149,0.43646102703319944,scr1988,avaStIn,bevPsngRoadPrvt
29LU,d150,0.4353950159570614,scr1988,avaStIn,bevPsngRoadPrvt
29LU,d151,0.4432711785319287,scr1988,avaStIn,bevPsngRoadPrvt
29LU,d152,0.4432711785319287,scr1988,avaStIn,bevPsngRoadPrvt
29LU,d153,0.4432711785319287,scr1988,avaStIn,bevPsngRoadPrvt
29LU,d154,0.4379237182393594,scr1988,avaStIn,bevPsngRoadPrvt
29LU,d155,0.4442433302373707,scr1988,avaStIn,bevPsngRoadPrvt
29LU,d156,0.4453986384192496,scr1988,avaStIn,bevPsngRoadPrvt
29LU,d157,0.4451846334488831,scr1988,avaStIn,bevPsngRoadPrvt
29LU,d158,0.44406748886780784,scr1988,avaStIn,bevPsngRoadPrvt
29LU,d159,0.44406748886780784,scr1988,avaStIn,bevPsngRoadPrvt
29LU,d160,0.44406748886780784,scr1988,avaStIn,bevPsngRoadPrvt
29LU,d161,0.44406748886780784,scr1988,avaStIn,bevPsngRoadPrvt
29LU,d162,0.4442433302373707,scr1988,avaStIn,bevPsngRoadPrvt
29LU,d163,0.4453986384192496,scr1988,avaStIn,bevPsngRoadPrvt
29LU,d164,0.4451846334488831,scr1988,avaStIn,bevPsngRoadPrvt
29LU,d165,0.44406748886780784,scr1988,avaStIn,bevPsngRoadPrvt
29LU,d166,0.44406748886780784,scr1988,avaStIn,bevPsngRoadPrvt
29LU,d167,0.44406748886780784,scr1988,avaStIn,bevPsngRoadPrvt
29LU,d168,0.44406748886780784,scr1988,avaStIn,bevPsngRoadPrvt
29LU,d169,0.4442433302373707,scr1988,avaStIn,bevPsngRoadPrvt
29LU,d170,0.4453986384192496,scr1988,avaStIn,bevPsngRoadPrvt
29LU,d171,0.4451846334488831,scr1988,avaStIn,bevPsngRoadPrvt
29LU,d172,0.44406748886780784,scr1988,avaStIn,bevPsngRoadPrvt
29LU,d173,0.44406748886780784,scr1988,avaStIn,bevPsngRoadPrvt
29LU,d174,0.44406748886780784,scr1988,avaStIn,bevPsngRoadPrvt
29LU,d175,0.44406748886780784,scr1988,avaStIn,bevPsngRoadPrvt
29LU,d176,0.4442433302373707,scr1988,avaStIn,bevPsngRoadPrvt
29LU,d177,0.4453986384192496,scr1988,avaStIn,bevPsngRoadPrvt
29LU,d178,0.4451846334488831,scr1988,avaStIn,bevPsngRoadPrvt
29LU,d179,0.44406748886780784,scr1988,avaStIn,bevPsngRoadPrvt
29LU,d180,0.44406748886780784,scr1988,avaStIn,bevPsngRoadPrvt
29LU,d181,0.44406748886780784,scr1988,avaStIn,bevPsngRoadPrvt
29LU,d182,0.44406748886780784,scr1988,avaStIn,bevPsngRoadPrvt
30NL,d092,0.39695079066339795,scr1988,avaStIn,bevPsngRoadPrvt
30NL,d093,0.44230048575854214,scr1988,avaStIn,bevPsngRoadPrvt
30NL,d094,0.44557714599843595,scr1988,avaStIn,bevPsngRoadPrvt
30NL,d095,0.44557714599843595,scr1988,avaStIn,bevPsngRoadPrvt
30NL,d096,0.44557714599843595,scr1988,avaStIn,bevPsngRoadPrvt
30NL,d097,0.44557714599843595,scr1988,avaStIn,bevPsngRoadPrvt
30NL,d098,0.44557714599843595,scr1988,avaStIn,bevPsngRoadPrvt
30NL,d099,0.46722091136161586,scr1988,avaStIn,bevPsngRoadPrvt
30NL,d100,0.47222289515354826,scr1988,avaStIn,bevPsngRoadPrvt
30NL,d101,0.45053862653839677,scr1988,avaStIn,bevPsngRoadPrvt
30NL,d102,0.44557714599843595,scr1988,avaStIn,bevPsngRoadPrvt
30NL,d103,0.44557714599843595,scr1988,avaStIn,bevPsngRoadPrvt
30NL,d104,0.44557714599843595,scr1988,avaStIn,bevPsngRoadPrvt
30NL,d105,0.44557714599843595,scr1988,avaStIn,bevPsngRoadPrvt
30NL,d106,0.46722091136161586,scr1988,avaStIn,bevPsngRoadPrvt
30NL,d107,0.47222289515354826,scr1988,avaStIn,bevPsngRoadPrvt
30NL,d108,0.45053862653839677,scr1988,avaStIn,bevPsngRoadPrvt
30NL,d109,0.44557714599843595,scr1988,avaStIn,bevPsngRoadPrvt
30NL,d110,0.44557714599843595,scr1988,avaStIn,bevPsngRoadPrvt
30NL,d111,0.44557714599843595,scr1988,avaStIn,bevPsngRoadPrvt
30NL,d112,0.44557714599843595,scr1988,avaStIn,bevPsngRoadPrvt
30NL,d113,0.46722091136161586,scr1988,avaStIn,bevPsngRoadPrvt
30NL,d114,0.47222289515354826,scr1988,avaStIn,bevPsngRoadPrvt
30NL,d115,0.45053862653839677,scr1988,avaStIn,bevPsngRoadPrvt
30NL,d116,0.44557714599843595,scr1988,avaStIn,bevPsngRoadPrvt
30NL,d117,0.44557714599843595,scr1988,avaStIn,bevPsngRoadPrvt
30NL,d118,0.44557714599843595,scr1988,avaStIn,bevPsngRoadPrvt
30NL,d119,0.44557714599843595,scr1988,avaStIn,bevPsngRoadPrvt
30NL,d120,0.46722091136161586,scr1988,avaStIn,bevPsngRoadPrvt
30NL,d121,0.47222289515354826,scr1988,avaStIn,bevPsngRoadPrvt
30NL,d122,0.45053862653839677,scr1988,avaStIn,bevPsngRoadPrvt
30NL,d123,0.4547536638034571,scr1988,avaStIn,bevPsngRoadPrvt
30NL,d124,0.4432711785319287,scr1988,avaStIn,bevPsngRoadPrvt
30NL,d125,0.4432711785319287,scr1988,avaStIn,bevPsngRoadPrvt
30NL,d126,0.4432711785319287,scr1988,avaStIn,bevPsngRoadPrvt
30NL,d127,0.44413811018389965,scr1988,avaStIn,bevPsngRoadPrvt
30NL,d128,0.43646102703319944,scr1988,avaStIn,bevPsngRoadPrvt
30NL,d129,0.4353950159570614,scr1988,avaStIn,bevPsngRoadPrvt
30NL,d130,0.4432711785319287,scr1988,avaStIn,bevPsngRoadPrvt
30NL,d131,0.4432711785319287,scr1988,avaStIn,bevPsngRoadPrvt
30NL,d132,0.4432711785319287,scr1988,avaStIn,bevPsngRoadPrvt
30NL,d133,0.4432711785319287,scr1988,avaStIn,bevPsngRoadPrvt
30NL,d134,0.44413811018389965,scr1988,avaStIn,bevPsngRoadPrvt
30NL,d135,0.43646102703319944,scr1988,avaStIn,bevPsngRoadPrvt
30NL,d136,0.4353950159570614,scr1988,avaStIn,bevPsngRoadPrvt
30NL,d137,0.4432711785319287,scr1988,avaStIn,bevPsngRoadPrvt
30NL,d138,0.4432711785319287,scr1988,avaStIn,bevPsngRoadPrvt
30NL,d139,0.4432711785319287,scr1988,avaStIn,bevPsngRoadPrvt
30NL,d140,0.4432711785319287,scr1988,avaStIn,bevPsngRoadPrvt
30NL,d141,0.44413811018389965,scr1988,avaStIn,bevPsngRoadPrvt
30NL,d142,0.43646102703319944,scr1988,avaStIn,bevPsngRoadPrvt
30NL,d143,0.4353950159570614,scr1988,avaStIn,bevPsngRoadPrvt
30NL,d144,0.4432711785319287,scr1988,avaStIn,bevPsngRoadPrvt
30NL,d145,0.4432711785319287,scr1988,avaStIn,bevPsngRoadPrvt
30NL,d146,0.4432711785319287,scr1988,avaStIn,bevPsngRoadPrvt
30NL,d147,0.4432711785319287,scr1988,avaStIn,bevPsngRoadPrvt
30NL,d148,0.44413811018389965,scr1988,avaStIn,bevPsngRoadPrvt
30NL,d149,0.43646102703319944,scr1988,avaStIn,bevPsngRoadPrvt
30NL,d150,0.4353950159570614,scr1988,avaStIn,bevPsngRoadPrvt
30NL,d151,0.4432711785319287,scr1988,avaStIn,bevPsngRoadPrvt
30NL,d152,0.4432711785319287,scr1988,avaStIn,bevPsngRoadPrvt
30NL,d153,0.4432711785319287,scr1988,avaStIn,bevPsngRoadPrvt
30NL,d154,0.4379237182393594,scr1988,avaStIn,bevPsngRoadPrvt
30NL,d155,0.4442433302373707,scr1988,avaStIn,bevPsngRoadPrvt
30NL,d156,0.4453986384192496,scr1988,avaStIn,bevPsngRoadPrvt
30NL,d157,0.4451846334488831,scr1988,avaStIn,bevPsngRoadPrvt
30NL,d158,0.44406748886780784,scr1988,avaStIn,bevPsngRoadPrvt
30NL,d159,0.44406748886780784,scr1988,avaStIn,bevPsngRoadPrvt
30NL,d160,0.44406748886780784,scr1988,avaStIn,bevPsngRoadPrvt
30NL,d161,0.44406748886780784,scr1988,avaStIn,bevPsngRoadPrvt
30NL,d162,0.4442433302373707,scr1988,avaStIn,bevPsngRoadPrvt
30NL,d163,0.4453986384192496,scr1988,avaStIn,bevPsngRoadPrvt
30NL,d164,0.4451846334488831,scr1988,avaStIn,bevPsngRoadPrvt
30NL,d165,0.44406748886780784,scr1988,avaStIn,bevPsngRoadPrvt
30NL,d166,0.44406748886780784,scr1988,avaStIn,bevPsngRoadPrvt
30NL,d167,0.44406748886780784,scr1988,avaStIn,bevPsngRoadPrvt
30NL,d168,0.44406748886780784,scr1988,avaStIn,bevPsngRoadPrvt
30NL,d169,0.4442433302373707,scr1988,avaStIn,bevPsngRoadPrvt
30NL,d170,0.4453986384192496,scr1988,avaStIn,bevPsngRoadPrvt
30NL,d171,0.4451846334488831,scr1988,avaStIn,bevPsngRoadPrvt
30NL,d172,0.44406748886780784,scr1988,avaStIn,bevPsngRoadPrvt
30NL,d173,0.44406748886780784,scr1988,avaStIn,bevPsngRoadPrvt
30NL,d174,0.44406748886780784,scr1988,avaStIn,bevPsngRoadPrvt
30NL,d175,0.44406748886780784,scr1988,avaStIn,bevPsngRoadPrvt
30NL,d176,0.4442433302373707,scr1988,avaStIn,bevPsngRoadPrvt
30NL,d177,0.4453986384192496,scr1988,avaStIn,bevPsngRoadPrvt
30NL,d178,0.4451846334488831,scr1988,avaStIn,bevPsngRoadPrvt
30NL,d179,0.44406748886780784,scr1988,avaStIn,bevPsngRoadPrvt
30NL,d180,0.44406748886780784,scr1988,avaStIn,bevPsngRoadPrvt
30NL,d181,0.44406748886780784,scr1988,avaStIn,bevPsngRoadPrvt
30NL,d182,0.44406748886780784,scr1988,avaStIn,bevPsngRoadPrvt
31DE,d092,0.39695079066339795,scr1988,avaStIn,bevPsngRoadPrvt
31DE,d093,0.44230048575854214,scr1988,avaStIn,bevPsngRoadPrvt
31DE,d094,0.44557714599843595,scr1988,avaStIn,bevPsngRoadPrvt
31DE,d095,0.44557714599843595,scr1988,avaStIn,bevPsngRoadPrvt
31DE,d096,0.44557714599843595,scr1988,avaStIn,bevPsngRoadPrvt
31DE,d097,0.44557714599843595,scr1988,avaStIn,bevPsngRoadPrvt
31DE,d098,0.44557714599843595,scr1988,avaStIn,bevPsngRoadPrvt
31DE,d099,0.46722091136161586,scr1988,avaStIn,bevPsngRoadPrvt
31DE,d100,0.47222289515354826,scr1988,avaStIn,bevPsngRoadPrvt
31DE,d101,0.45053862653839677,scr1988,avaStIn,bevPsngRoadPrvt
31DE,d102,0.44557714599843595,scr1988,avaStIn,bevPsngRoadPrvt
31DE,d103,0.44557714599843595,scr1988,avaStIn,bevPsngRoadPrvt
31DE,d104,0.44557714599843595,scr1988,avaStIn,bevPsngRoadPrvt
31DE,d105,0.44557714599843595,scr1988,avaStIn,bevPsngRoadPrvt
31DE,d106,0.46722091136161586,scr1988,avaStIn,bevPsngRoadPrvt
31DE,d107,0.47222289515354826,scr1988,avaStIn,bevPsngRoadPrvt
31DE,d108,0.45053862653839677,scr1988,avaStIn,bevPsngRoadPrvt
31DE,d109,0.44557714599843595,scr1988,avaStIn,bevPsngRoadPrvt
31DE,d110,0.44557714599843595,scr1988,avaStIn,bevPsngRoadPrvt
31DE,d111,0.44557714599843595,scr1988,avaStIn,bevPsngRoadPrvt
31DE,d112,0.44557714599843595,scr1988,avaStIn,bevPsngRoadPrvt
31DE,d113,0.46722091136161586,scr1988,avaStIn,bevPsngRoadPrvt
31DE,d114,0.47222289515354826,scr1988,avaStIn,bevPsngRoadPrvt
31DE,d115,0.45053862653839677,scr1988,avaStIn,bevPsngRoadPrvt
31DE,d116,0.44557714599843595,scr1988,avaStIn,bevPsngRoadPrvt
31DE,d117,0.44557714599843595,scr1988,avaStIn,bevPsngRoadPrvt
31DE,d118,0.44557714599843595,scr1988,avaStIn,bevPsngRoadPrvt
31DE,d119,0.44557714599843595,scr1988,avaStIn,bevPsngRoadPrvt
31DE,d120,0.46722091136161586,scr1988,avaStIn,bevPsngRoadPrvt
31DE,d121,0.47222289515354826,scr1988,avaStIn,bevPsngRoadPrvt
31DE,d122,0.45053862653839677,scr1988,avaStIn,bevPsngRoadPrvt
31DE,d123,0.4547536638034571,scr1988,avaStIn,bevPsngRoadPrvt
31DE,d124,0.4432711785319287,scr1988,avaStIn,bevPsngRoadPrvt
31DE,d125,0.4432711785319287,scr1988,avaStIn,bevPsngRoadPrvt
31DE,d126,0.4432711785319287,scr1988,avaStIn,bevPsngRoadPrvt
31DE,d127,0.44413811018389965,scr1988,avaStIn,bevPsngRoadPrvt
31DE,d128,0.43646102703319944,scr1988,avaStIn,bevPsngRoadPrvt
31DE,d129,0.4353950159570614,scr1988,avaStIn,bevPsngRoadPrvt
31DE,d130,0.4432711785319287,scr1988,avaStIn,bevPsngRoadPrvt
31DE,d131,0.4432711785319287,scr1988,avaStIn,bevPsngRoadPrvt
31DE,d132,0.4432711785319287,scr1988,avaStIn,bevPsngRoadPrvt
31DE,d133,0.4432711785319287,scr1988,avaStIn,bevPsngRoadPrvt
31DE,d134,0.44413811018389965,scr1988,avaStIn,bevPsngRoadPrvt
31DE,d135,0.43646102703319944,scr1988,avaStIn,bevPsngRoadPrvt
31DE,d136,0.4353950159570614,scr1988,avaStIn,bevPsngRoadPrvt
31DE,d137,0.4432711785319287,scr1988,avaStIn,bevPsngRoadPrvt
31DE,d138,0.4432711785319287,scr1988,avaStIn,bevPsngRoadPrvt
31DE,d139,0.4432711785319287,scr1988,avaStIn,bevPsngRoadPrvt
31DE,d140,0.4432711785319287,scr1988,avaStIn,bevPsngRoadPrvt
31DE,d141,0.44413811018389965,scr1988,avaStIn,bevPsngRoadPrvt
31DE,d142,0.43646102703319944,scr1988,avaStIn,bevPsngRoadPrvt
31DE,d143,0.4353950159570614,scr1988,avaStIn,bevPsngRoadPrvt
31DE,d144,0.4432711785319287,scr1988,avaStIn,bevPsngRoadPrvt
31DE,d145,0.4432711785319287,scr1988,avaStIn,bevPsngRoadPrvt
31DE,d146,0.4432711785319287,scr1988,avaStIn,bevPsngRoadPrvt
31DE,d147,0.4432711785319287,scr1988,avaStIn,bevPsngRoadPrvt
31DE,d148,0.44413811018389965,scr1988,avaStIn,bevPsngRoadPrvt
31DE,d149,0.43646102703319944,scr1988,avaStIn,bevPsngRoadPrvt
31DE,d150,0.4353950159570614,scr1988,avaStIn,bevPsngRoadPrvt
31DE,d151,0.4432711785319287,scr1988,avaStIn,bevPsngRoadPrvt
31DE,d152,0.4432711785319287,scr1988,avaStIn,bevPsngRoadPrvt
31DE,d153,0.4432711785319287,scr1988,avaStIn,bevPsngRoadPrvt
31DE,d154,0.4379237182393594,scr1988,avaStIn,bevPsngRoadPrvt
31DE,d155,0.4442433302373707,scr1988,avaStIn,bevPsngRoadPrvt
31DE,d156,0.4453986384192496,scr1988,avaStIn,bevPsngRoadPrvt
31DE,d157,0.4451846334488831,scr1988,avaStIn,bevPsngRoadPrvt
31DE,d158,0.44406748886780784,scr1988,avaStIn,bevPsngRoadPrvt
31DE,d159,0.44406748886780784,scr1988,avaStIn,bevPsngRoadPrvt
31DE,d160,0.44406748886780784,scr1988,avaStIn,bevPsngRoadPrvt
31DE,d161,0.44406748886780784,scr1988,avaStIn,bevPsngRoadPrvt
31DE,d162,0.4442433302373707,scr1988,avaStIn,bevPsngRoadPrvt
31DE,d163,0.4453986384192496,scr1988,avaStIn,bevPsngRoadPrvt
31DE,d164,0.4451846334488831,scr1988,avaStIn,bevPsngRoadPrvt
31DE,d165,0.44406748886780784,scr1988,avaStIn,bevPsngRoadPrvt
31DE,d166,0.44406748886780784,scr1988,avaStIn,bevPsngRoadPrvt
31DE,d167,0.44406748886780784,scr1988,avaStIn,bevPsngRoadPrvt
31DE,d168,0.44406748886780784,scr1988,avaStIn,bevPsngRoadPrvt
31DE,d169,0.4442433302373707,scr1988,avaStIn,bevPsngRoadPrvt
31DE,d170,0.4453986384192496,scr1988,avaStIn,bevPsngRoadPrvt
31DE,d171,0.4451846334488831,scr1988,avaStIn,bevPsngRoadPrvt
31DE,d172,0.44406748886780784,scr1988,avaStIn,bevPsngRoadPrvt
31DE,d173,0.44406748886780784,scr1988,avaStIn,bevPsngRoadPrvt
31DE,d174,0.44406748886780784,scr1988,avaStIn,bevPsngRoadPrvt
31DE,d175,0.44406748886780784,scr1988,avaStIn,bevPsngRoadPrvt
31DE,d176,0.4442433302373707,scr1988,avaStIn,bevPsngRoadPrvt
31DE,d177,0.4453986384192496,scr1988,avaStIn,bevPsngRoadPrvt
31DE,d178,0.4451846334488831,scr1988,avaStIn,bevPsngRoadPrvt
31DE,d179,0.44406748886780784,scr1988,avaStIn,bevPsngRoadPrvt
31DE,d180,0.44406748886780784,scr1988,avaStIn,bevPsngRoadPrvt
31DE,d181,0.44406748886780784,scr1988,avaStIn,bevPsngRoadPrvt
31DE,d182,0.44406748886780784,scr1988,avaStIn,bevPsngRoadPrvt
32DE,d092,0.39695079066339795,scr1988,avaStIn,bevPsngRoadPrvt
32DE,d093,0.44230048575854214,scr1988,avaStIn,bevPsngRoadPrvt
32DE,d094,0.44557714599843595,scr1988,avaStIn,bevPsngRoadPrvt
32DE,d095,0.44557714599843595,scr1988,avaStIn,bevPsngRoadPrvt
32DE,d096,0.44557714599843595,scr1988,avaStIn,bevPsngRoadPrvt
32DE,d097,0.44557714599843595,scr1988,avaStIn,bevPsngRoadPrvt
32DE,d098,0.44557714599843595,scr1988,avaStIn,bevPsngRoadPrvt
32DE,d099,0.46722091136161586,scr1988,avaStIn,bevPsngRoadPrvt
32DE,d100,0.47222289515354826,scr1988,avaStIn,bevPsngRoadPrvt
32DE,d101,0.45053862653839677,scr1988,avaStIn,bevPsngRoadPrvt
32DE,d102,0.44557714599843595,scr1988,avaStIn,bevPsngRoadPrvt
32DE,d103,0.44557714599843595,scr1988,avaStIn,bevPsngRoadPrvt
32DE,d104,0.44557714599843595,scr1988,avaStIn,bevPsngRoadPrvt
32DE,d105,0.44557714599843595,scr1988,avaStIn,bevPsngRoadPrvt
32DE,d106,0.46722091136161586,scr1988,avaStIn,bevPsngRoadPrvt
32DE,d107,0.47222289515354826,scr1988,avaStIn,bevPsngRoadPrvt
32DE,d108,0.45053862653839677,scr1988,avaStIn,bevPsngRoadPrvt
32DE,d109,0.44557714599843595,scr1988,avaStIn,bevPsngRoadPrvt
32DE,d110,0.44557714599843595,scr1988,avaStIn,bevPsngRoadPrvt
32DE,d111,0.44557714599843595,scr1988,avaStIn,bevPsngRoadPrvt
32DE,d112,0.44557714599843595,scr1988,avaStIn,bevPsngRoadPrvt
32DE,d113,0.46722091136161586,scr1988,avaStIn,bevPsngRoadPrvt
32DE,d114,0.47222289515354826,scr1988,avaStIn,bevPsngRoadPrvt
32DE,d115,0.45053862653839677,scr1988,avaStIn,bevPsngRoadPrvt
32DE,d116,0.44557714599843595,scr1988,avaStIn,bevPsngRoadPrvt
32DE,d117,0.44557714599843595,scr1988,avaStIn,bevPsngRoadPrvt
32DE,d118,0.44557714599843595,scr1988,avaStIn,bevPsngRoadPrvt
32DE,d119,0.44557714599843595,scr1988,avaStIn,bevPsngRoadPrvt
32DE,d120,0.46722091136161586,scr1988,avaStIn,bevPsngRoadPrvt
32DE,d121,0.47222289515354826,scr1988,avaStIn,bevPsngRoadPrvt
32DE,d122,0.45053862653839677,scr1988,avaStIn,bevPsngRoadPrvt
32DE,d123,0.4547536638034571,scr1988,avaStIn,bevPsngRoadPrvt
32DE,d124,0.4432711785319287,scr1988,avaStIn,bevPsngRoadPrvt
32DE,d125,0.4432711785319287,scr1988,avaStIn,bevPsngRoadPrvt
32DE,d126,0.4432711785319287,scr1988,avaStIn,bevPsngRoadPrvt
32DE,d127,0.44413811018389965,scr1988,avaStIn,bevPsngRoadPrvt
32DE,d128,0.43646102703319944,scr1988,avaStIn,bevPsngRoadPrvt
32DE,d129,0.4353950159570614,scr1988,avaStIn,bevPsngRoadPrvt
32DE,d130,0.4432711785319287,scr1988,avaStIn,bevPsngRoadPrvt
32DE,d131,0.4432711785319287,scr1988,avaStIn,bevPsngRoadPrvt
32DE,d132,0.4432711785319287,scr1988,avaStIn,bevPsngRoadPrvt
32DE,d133,0.4432711785319287,scr1988,avaStIn,bevPsngRoadPrvt
32DE,d134,0.44413811018389965,scr1988,avaStIn,bevPsngRoadPrvt
32DE,d135,0.43646102703319944,scr1988,avaStIn,bevPsngRoadPrvt
32DE,d136,0.4353950159570614,scr1988,avaStIn,bevPsngRoadPrvt
32DE,d137,0.4432711785319287,scr1988,avaStIn,bevPsngRoadPrvt
32DE,d138,0.4432711785319287,scr1988,avaStIn,bevPsngRoadPrvt
32DE,d139,0.4432711785319287,scr1988,avaStIn,bevPsngRoadPrvt
32DE,d140,0.4432711785319287,scr1988,avaStIn,bevPsngRoadPrvt
32DE,d141,0.44413811018389965,scr1988,avaStIn,bevPsngRoadPrvt
32DE,d142,0.43646102703319944,scr1988,avaStIn,bevPsngRoadPrvt
32DE,d143,0.4353950159570614,scr1988,avaStIn,bevPsngRoadPrvt
32DE,d144,0.4432711785319287,scr1988,avaStIn,bevPsngRoadPrvt
32DE,d145,0.4432711785319287,scr1988,avaStIn,bevPsngRoadPrvt
32DE,d146,0.4432711785319287,scr1988,avaStIn,bevPsngRoadPrvt
32DE,d147,0.4432711785319287,scr1988,avaStIn,bevPsngRoadPrvt
32DE,d148,0.44413811018389965,scr1988,avaStIn,bevPsngRoadPrvt
32DE,d149,0.43646102703319944,scr1988,avaStIn,bevPsngRoadPrvt
32DE,d150,0.4353950159570614,scr1988,avaStIn,bevPsngRoadPrvt
32DE,d151,0.4432711785319287,scr1988,avaStIn,bevPsngRoadPrvt
32DE,d152,0.4432711785319287,scr1988,avaStIn,bevPsngRoadPrvt
32DE,d153,0.4432711785319287,scr1988,avaStIn,bevPsngRoadPrvt
32DE,d154,0.4379237182393594,scr1988,avaStIn,bevPsngRoadPrvt
32DE,d155,0.4442433302373707,scr1988,avaStIn,bevPsngRoadPrvt
32DE,d156,0.4453986384192496,scr1988,avaStIn,bevPsngRoadPrvt
32DE,d157,0.4451846334488831,scr1988,avaStIn,bevPsngRoadPrvt
32DE,d158,0.44406748886780784,scr1988,avaStIn,bevPsngRoadPrvt
32DE,d159,0.44406748886780784,scr1988,avaStIn,bevPsngRoadPrvt
32DE,d160,0.44406748886780784,scr1988,avaStIn,bevPsngRoadPrvt
32DE,d161,0.44406748886780784,scr1988,avaStIn,bevPsngRoadPrvt
32DE,d162,0.4442433302373707,scr1988,avaStIn,bevPsngRoadPrvt
32DE,d163,0.4453986384192496,scr1988,avaStIn,bevPsngRoadPrvt
32DE,d164,0.4451846334488831,scr1988,avaStIn,bevPsngRoadPrvt
32DE,d165,0.44406748886780784,scr1988,avaStIn,bevPsngRoadPrvt
32DE,d166,0.44406748886780784,scr1988,avaStIn,bevPsngRoadPrvt
32DE,d167,0.44406748886780784,scr1988,avaStIn,bevPsngRoadPrvt
32DE,d168,0.44406748886780784,scr1988,avaStIn,bevPsngRoadPrvt
32DE,d169,0.4442433302373707,scr1988,avaStIn,bevPsngRoadPrvt
32DE,d170,0.4453986384192496,scr1988,avaStIn,bevPsngRoadPrvt
32DE,d171,0.4451846334488831,scr1988,avaStIn,bevPsngRoadPrvt
32DE,d172,0.44406748886780784,scr1988,avaStIn,bevPsngRoadPrvt
32DE,d173,0.44406748886780784,scr1988,avaStIn,bevPsngRoadPrvt
32DE,d174,0.44406748886780784,scr1988,avaStIn,bevPsngRoadPrvt
32DE,d175,0.44406748886780784,scr1988,avaStIn,bevPsngRoadPrvt
32DE,d176,0.4442433302373707,scr1988,avaStIn,bevPsngRoadPrvt
32DE,d177,0.4453986384192496,scr1988,avaStIn,bevPsngRoadPrvt
32DE,d178,0.4451846334488831,scr1988,avaStIn,bevPsngRoadPrvt
32DE,d179,0.44406748886780784,scr1988,avaStIn,bevPsngRoadPrvt
32DE,d180,0.44406748886780784,scr1988,avaStIn,bevPsngRoadPrvt
32DE,d181,0.44406748886780784,scr1988,avaStIn,bevPsngRoadPrvt
32DE,d182,0.44406748886780784,scr1988,avaStIn,bevPsngRoadPrvt
33DE,d092,0.39695079066339795,scr1988,avaStIn,bevPsngRoadPrvt
33DE,d093,0.44230048575854214,scr1988,avaStIn,bevPsngRoadPrvt
33DE,d094,0.44557714599843595,scr1988,avaStIn,bevPsngRoadPrvt
33DE,d095,0.44557714599843595,scr1988,avaStIn,bevPsngRoadPrvt
33DE,d096,0.44557714599843595,scr1988,avaStIn,bevPsngRoadPrvt
33DE,d097,0.44557714599843595,scr1988,avaStIn,bevPsngRoadPrvt
33DE,d098,0.44557714599843595,scr1988,avaStIn,bevPsngRoadPrvt
33DE,d099,0.46722091136161586,scr1988,avaStIn,bevPsngRoadPrvt
33DE,d100,0.47222289515354826,scr1988,avaStIn,bevPsngRoadPrvt
33DE,d101,0.45053862653839677,scr1988,avaStIn,bevPsngRoadPrvt
33DE,d102,0.44557714599843595,scr1988,avaStIn,bevPsngRoadPrvt
33DE,d103,0.44557714599843595,scr1988,avaStIn,bevPsngRoadPrvt
33DE,d104,0.44557714599843595,scr1988,avaStIn,bevPsngRoadPrvt
33DE,d105,0.44557714599843595,scr1988,avaStIn,bevPsngRoadPrvt
33DE,d106,0.46722091136161586,scr1988,avaStIn,bevPsngRoadPrvt
33DE,d107,0.47222289515354826,scr1988,avaStIn,bevPsngRoadPrvt
33DE,d108,0.45053862653839677,scr1988,avaStIn,bevPsngRoadPrvt
33DE,d109,0.44557714599843595,scr1988,avaStIn,bevPsngRoadPrvt
33DE,d110,0.44557714599843595,scr1988,avaStIn,bevPsngRoadPrvt
33DE,d111,0.44557714599843595,scr1988,avaStIn,bevPsngRoadPrvt
33DE,d112,0.44557714599843595,scr1988,avaStIn,bevPsngRoadPrvt
33DE,d113,0.46722091136161586,scr1988,avaStIn,bevPsngRoadPrvt
33DE,d114,0.47222289515354826,scr1988,avaStIn,bevPsngRoadPrvt
33DE,d115,0.45053862653839677,scr1988,avaStIn,bevPsngRoadPrvt
33DE,d116,0.44557714599843595,scr1988,avaStIn,bevPsngRoadPrvt
33DE,d117,0.44557714599843595,scr1988,avaStIn,bevPsngRoadPrvt
33DE,d118,0.44557714599843595,scr1988,avaStIn,bevPsngRoadPrvt
33DE,d119,0.44557714599843595,scr1988,avaStIn,bevPsngRoadPrvt
33DE,d120,0.46722091136161586,scr1988,avaStIn,bevPsngRoadPrvt
33DE,d121,0.47222289515354826,scr1988,avaStIn,bevPsngRoadPrvt
33DE,d122,0.45053862653839677,scr1988,avaStIn,bevPsngRoadPrvt
33DE,d123,0.4547536638034571,scr1988,avaStIn,bevPsngRoadPrvt
33DE,d124,0.4432711785319287,scr1988,avaStIn,bevPsngRoadPrvt
33DE,d125,0.4432711785319287,scr1988,avaStIn,bevPsngRoadPrvt
33DE,d126,0.4432711785319287,scr1988,avaStIn,bevPsngRoadPrvt
33DE,d127,0.44413811018389965,scr1988,avaStIn,bevPsngRoadPrvt
33DE,d128,0.43646102703319944,scr1988,avaStIn,bevPsngRoadPrvt
33DE,d129,0.4353950159570614,scr1988,avaStIn,bevPsngRoadPrvt
33DE,d130,0.4432711785319287,scr1988,avaStIn,bevPsngRoadPrvt
33DE,d131,0.4432711785319287,scr1988,avaStIn,bevPsngRoadPrvt
33DE,d132,0.4432711785319287,scr1988,avaStIn,bevPsngRoadPrvt
33DE,d133,0.4432711785319287,scr1988,avaStIn,bevPsngRoadPrvt
33DE,d134,0.44413811018389965,scr1988,avaStIn,bevPsngRoadPrvt
33DE,d135,0.43646102703319944,scr1988,avaStIn,bevPsngRoadPrvt
33DE,d136,0.4353950159570614,scr1988,avaStIn,bevPsngRoadPrvt
33DE,d137,0.4432711785319287,scr1988,avaStIn,bevPsngRoadPrvt
33DE,d138,0.4432711785319287,scr1988,avaStIn,bevPsngRoadPrvt
33DE,d139,0.4432711785319287,scr1988,avaStIn,bevPsngRoadPrvt
33DE,d140,0.4432711785319287,scr1988,avaStIn,bevPsngRoadPrvt
33DE,d141,0.44413811018389965,scr1988,avaStIn,bevPsngRoadPrvt
33DE,d142,0.43646102703319944,scr1988,avaStIn,bevPsngRoadPrvt
33DE,d143,0.4353950159570614,scr1988,avaStIn,bevPsngRoadPrvt
33DE,d144,0.4432711785319287,scr1988,avaStIn,bevPsngRoadPrvt
33DE,d145,0.4432711785319287,scr1988,avaStIn,bevPsngRoadPrvt
33DE,d146,0.4432711785319287,scr1988,avaStIn,bevPsngRoadPrvt
33DE,d147,0.4432711785319287,scr1988,avaStIn,bevPsngRoadPrvt
33DE,d148,0.44413811018389965,scr1988,avaStIn,bevPsngRoadPrvt
33DE,d149,0.43646102703319944,scr1988,avaStIn,bevPsngRoadPrvt
33DE,d150,0.4353950159570614,scr1988,avaStIn,bevPsngRoadPrvt
33DE,d151,0.4432711785319287,scr1988,avaStIn,bevPsngRoadPrvt
33DE,d152,0.4432711785319287,scr1988,avaStIn,bevPsngRoadPrvt
33DE,d153,0.4432711785319287,scr1988,avaStIn,bevPsngRoadPrvt
33DE,d154,0.4379237182393594,scr1988,avaStIn,bevPsngRoadPrvt
33DE,d155,0.4442433302373707,scr1988,avaStIn,bevPsngRoadPrvt
33DE,d156,0.4453986384192496,scr1988,avaStIn,bevPsngRoadPrvt
33DE,d157,0.4451846334488831,scr1988,avaStIn,bevPsngRoadPrvt
33DE,d158,0.44406748886780784,scr1988,avaStIn,bevPsngRoadPrvt
33DE,d159,0.44406748886780784,scr1988,avaStIn,bevPsngRoadPrvt
33DE,d160,0.44406748886780784,scr1988,avaStIn,bevPsngRoadPrvt
33DE,d161,0.44406748886780784,scr1988,avaStIn,bevPsngRoadPrvt
33DE,d162,0.4442433302373707,scr1988,avaStIn,bevPsngRoadPrvt
33DE,d163,0.4453986384192496,scr1988,avaStIn,bevPsngRoadPrvt
33DE,d164,0.4451846334488831,scr1988,avaStIn,bevPsngRoadPrvt
33DE,d165,0.44406748886780784,scr1988,avaStIn,bevPsngRoadPrvt
33DE,d166,0.44406748886780784,scr1988,avaStIn,bevPsngRoadPrvt
33DE,d167,0.44406748886780784,scr1988,avaStIn,bevPsngRoadPrvt
33DE,d168,0.44406748886780784,scr1988,avaStIn,bevPsngRoadPrvt
33DE,d169,0.4442433302373707,scr1988,avaStIn,bevPsngRoadPrvt
33DE,d170,0.4453986384192496,scr1988,avaStIn,bevPsngRoadPrvt
33DE,d171,0.4451846334488831,scr1988,avaStIn,bevPsngRoadPrvt
33DE,d172,0.44406748886780784,scr1988,avaStIn,bevPsngRoadPrvt
33DE,d173,0.44406748886780784,scr1988,avaStIn,bevPsngRoadPrvt
33DE,d174,0.44406748886780784,scr1988,avaStIn,bevPsngRoadPrvt
33DE,d175,0.44406748886780784,scr1988,avaStIn,bevPsngRoadPrvt
33DE,d176,0.4442433302373707,scr1988,avaStIn,bevPsngRoadPrvt
33DE,d177,0.4453986384192496,scr1988,avaStIn,bevPsngRoadPrvt
33DE,d178,0.4451846334488831,scr1988,avaStIn,bevPsngRoadPrvt
33DE,d179,0.44406748886780784,scr1988,avaStIn,bevPsngRoadPrvt
33DE,d180,0.44406748886780784,scr1988,avaStIn,bevPsngRoadPrvt
33DE,d181,0.44406748886780784,scr1988,avaStIn,bevPsngRoadPrvt
33DE,d182,0.44406748886780784,scr1988,avaStIn,bevPsngRoadPrvt
34DE,d092,0.39695079066339795,scr1988,avaStIn,bevPsngRoadPrvt
34DE,d093,0.44230048575854214,scr1988,avaStIn,bevPsngRoadPrvt
34DE,d094,0.44557714599843595,scr1988,avaStIn,bevPsngRoadPrvt
34DE,d095,0.44557714599843595,scr1988,avaStIn,bevPsngRoadPrvt
34DE,d096,0.44557714599843595,scr1988,avaStIn,bevPsngRoadPrvt
34DE,d097,0.44557714599843595,scr1988,avaStIn,bevPsngRoadPrvt
34DE,d098,0.44557714599843595,scr1988,avaStIn,bevPsngRoadPrvt
34DE,d099,0.46722091136161586,scr1988,avaStIn,bevPsngRoadPrvt
34DE,d100,0.47222289515354826,scr1988,avaStIn,bevPsngRoadPrvt
34DE,d101,0.45053862653839677,scr1988,avaStIn,bevPsngRoadPrvt
34DE,d102,0.44557714599843595,scr1988,avaStIn,bevPsngRoadPrvt
34DE,d103,0.44557714599843595,scr1988,avaStIn,bevPsngRoadPrvt
34DE,d104,0.44557714599843595,scr1988,avaStIn,bevPsngRoadPrvt
34DE,d105,0.44557714599843595,scr1988,avaStIn,bevPsngRoadPrvt
34DE,d106,0.46722091136161586,scr1988,avaStIn,bevPsngRoadPrvt
34DE,d107,0.47222289515354826,scr1988,avaStIn,bevPsngRoadPrvt
34DE,d108,0.45053862653839677,scr1988,avaStIn,bevPsngRoadPrvt
34DE,d109,0.44557714599843595,scr1988,avaStIn,bevPsngRoadPrvt
34DE,d110,0.44557714599843595,scr1988,avaStIn,bevPsngRoadPrvt
34DE,d111,0.44557714599843595,scr1988,avaStIn,bevPsngRoadPrvt
34DE,d112,0.44557714599843595,scr1988,avaStIn,bevPsngRoadPrvt
34DE,d113,0.46722091136161586,scr1988,avaStIn,bevPsngRoadPrvt
34DE,d114,0.47222289515354826,scr1988,avaStIn,bevPsngRoadPrvt
34DE,d115,0.45053862653839677,scr1988,avaStIn,bevPsngRoadPrvt
34DE,d116,0.44557714599843595,scr1988,avaStIn,bevPsngRoadPrvt
34DE,d117,0.44557714599843595,scr1988,avaStIn,bevPsngRoadPrvt
34DE,d118,0.44557714599843595,scr1988,avaStIn,bevPsngRoadPrvt
34DE,d119,0.44557714599843595,scr1988,avaStIn,bevPsngRoadPrvt
34DE,d120,0.46722091136161586,scr1988,avaStIn,bevPsngRoadPrvt
34DE,d121,0.47222289515354826,scr1988,avaStIn,bevPsngRoadPrvt
34DE,d122,0.45053862653839677,scr1988,avaStIn,bevPsngRoadPrvt
34DE,d123,0.4547536638034571,scr1988,avaStIn,bevPsngRoadPrvt
34DE,d124,0.4432711785319287,scr1988,avaStIn,bevPsngRoadPrvt
34DE,d125,0.4432711785319287,scr1988,avaStIn,bevPsngRoadPrvt
34DE,d126,0.4432711785319287,scr1988,avaStIn,bevPsngRoadPrvt
34DE,d127,0.44413811018389965,scr1988,avaStIn,bevPsngRoadPrvt
34DE,d128,0.43646102703319944,scr1988,avaStIn,bevPsngRoadPrvt
34DE,d129,0.4353950159570614,scr1988,avaStIn,bevPsngRoadPrvt
34DE,d130,0.4432711785319287,scr1988,avaStIn,bevPsngRoadPrvt
34DE,d131,0.4432711785319287,scr1988,avaStIn,bevPsngRoadPrvt
34DE,d132,0.4432711785319287,scr1988,avaStIn,bevPsngRoadPrvt
34DE,d133,0.4432711785319287,scr1988,avaStIn,bevPsngRoadPrvt
34DE,d134,0.44413811018389965,scr1988,avaStIn,bevPsngRoadPrvt
34DE,d135,0.43646102703319944,scr1988,avaStIn,bevPsngRoadPrvt
34DE,d136,0.4353950159570614,scr1988,avaStIn,bevPsngRoadPrvt
34DE,d137,0.4432711785319287,scr1988,avaStIn,bevPsngRoadPrvt
34DE,d138,0.4432711785319287,scr1988,avaStIn,bevPsngRoadPrvt
34DE,d139,0.4432711785319287,scr1988,avaStIn,bevPsngRoadPrvt
34DE,d140,0.4432711785319287,scr1988,avaStIn,bevPsngRoadPrvt
34DE,d141,0.44413811018389965,scr1988,avaStIn,bevPsngRoadPrvt
34DE,d142,0.43646102703319944,scr1988,avaStIn,bevPsngRoadPrvt
34DE,d143,0.4353950159570614,scr1988,avaStIn,bevPsngRoadPrvt
34DE,d144,0.4432711785319287,scr1988,avaStIn,bevPsngRoadPrvt
34DE,d145,0.4432711785319287,scr1988,avaStIn,bevPsngRoadPrvt
34DE,d146,0.4432711785319287,scr1988,avaStIn,bevPsngRoadPrvt
34DE,d147,0.4432711785319287,scr1988,avaStIn,bevPsngRoadPrvt
34DE,d148,0.44413811018389965,scr1988,avaStIn,bevPsngRoadPrvt
34DE,d149,0.43646102703319944,scr1988,avaStIn,bevPsngRoadPrvt
34DE,d150,0.4353950159570614,scr1988,avaStIn,bevPsngRoadPrvt
34DE,d151,0.4432711785319287,scr1988,avaStIn,bevPsngRoadPrvt
34DE,d152,0.4432711785319287,scr1988,avaStIn,bevPsngRoadPrvt
34DE,d153,0.4432711785319287,scr1988,avaStIn,bevPsngRoadPrvt
34DE,d154,0.4379237182393594,scr1988,avaStIn,bevPsngRoadPrvt
34DE,d155,0.4442433302373707,scr1988,avaStIn,bevPsngRoadPrvt
34DE,d156,0.4453986384192496,scr1988,avaStIn,bevPsngRoadPrvt
34DE,d157,0.4451846334488831,scr1988,avaStIn,bevPsngRoadPrvt
34DE,d158,0.44406748886780784,scr1988,avaStIn,bevPsngRoadPrvt
34DE,d159,0.44406748886780784,scr1988,avaStIn,bevPsngRoadPrvt
34DE,d160,0.44406748886780784,scr1988,avaStIn,bevPsngRoadPrvt
34DE,d161,0.44406748886780784,scr1988,avaStIn,bevPsngRoadPrvt
34DE,d162,0.4442433302373707,scr1988,avaStIn,bevPsngRoadPrvt
34DE,d163,0.4453986384192496,scr1988,avaStIn,bevPsngRoadPrvt
34DE,d164,0.4451846334488831,scr1988,avaStIn,bevPsngRoadPrvt
34DE,d165,0.44406748886780784,scr1988,avaStIn,bevPsngRoadPrvt
34DE,d166,0.44406748886780784,scr1988,avaStIn,bevPsngRoadPrvt
34DE,d167,0.44406748886780784,scr1988,avaStIn,bevPsngRoadPrvt
34DE,d168,0.44406748886780784,scr1988,avaStIn,bevPsngRoadPrvt
34DE,d169,0.4442433302373707,scr1988,avaStIn,bevPsngRoadPrvt
34DE,d170,0.4453986384192496,scr1988,avaStIn,bevPsngRoadPrvt
34DE,d171,0.4451846334488831,scr1988,avaStIn,bevPsngRoadPrvt
34DE,d172,0.44406748886780784,scr1988,avaStIn,bevPsngRoadPrvt
34DE,d173,0.44406748886780784,scr1988,avaStIn,bevPsngRoadPrvt
34DE,d174,0.44406748886780784,scr1988,avaStIn,bevPsngRoadPrvt
34DE,d175,0.44406748886780784,scr1988,avaStIn,bevPsngRoadPrvt
34DE,d176,0.4442433302373707,scr1988,avaStIn,bevPsngRoadPrvt
34DE,d177,0.4453986384192496,scr1988,avaStIn,bevPsngRoadPrvt
34DE,d178,0.4451846334488831,scr1988,avaStIn,bevPsngRoadPrvt
34DE,d179,0.44406748886780784,scr1988,avaStIn,bevPsngRoadPrvt
34DE,d180,0.44406748886780784,scr1988,avaStIn,bevPsngRoadPrvt
34DE,d181,0.44406748886780784,scr1988,avaStIn,bevPsngRoadPrvt
34DE,d182,0.44406748886780784,scr1988,avaStIn,bevPsngRoadPrvt
35DE,d092,0.39695079066339795,scr1988,avaStIn,bevPsngRoadPrvt
35DE,d093,0.44230048575854214,scr1988,avaStIn,bevPsngRoadPrvt
35DE,d094,0.44557714599843595,scr1988,avaStIn,bevPsngRoadPrvt
35DE,d095,0.44557714599843595,scr1988,avaStIn,bevPsngRoadPrvt
35DE,d096,0.44557714599843595,scr1988,avaStIn,bevPsngRoadPrvt
35DE,d097,0.44557714599843595,scr1988,avaStIn,bevPsngRoadPrvt
35DE,d098,0.44557714599843595,scr1988,avaStIn,bevPsngRoadPrvt
35DE,d099,0.46722091136161586,scr1988,avaStIn,bevPsngRoadPrvt
35DE,d100,0.47222289515354826,scr1988,avaStIn,bevPsngRoadPrvt
35DE,d101,0.45053862653839677,scr1988,avaStIn,bevPsngRoadPrvt
35DE,d102,0.44557714599843595,scr1988,avaStIn,bevPsngRoadPrvt
35DE,d103,0.44557714599843595,scr1988,avaStIn,bevPsngRoadPrvt
35DE,d104,0.44557714599843595,scr1988,avaStIn,bevPsngRoadPrvt
35DE,d105,0.44557714599843595,scr1988,avaStIn,bevPsngRoadPrvt
35DE,d106,0.46722091136161586,scr1988,avaStIn,bevPsngRoadPrvt
35DE,d107,0.47222289515354826,scr1988,avaStIn,bevPsngRoadPrvt
35DE,d108,0.45053862653839677,scr1988,avaStIn,bevPsngRoadPrvt
35DE,d109,0.44557714599843595,scr1988,avaStIn,bevPsngRoadPrvt
35DE,d110,0.44557714599843595,scr1988,avaStIn,bevPsngRoadPrvt
35DE,d111,0.44557714599843595,scr1988,avaStIn,bevPsngRoadPrvt
35DE,d112,0.44557714599843595,scr1988,avaStIn,bevPsngRoadPrvt
35DE,d113,0.46722091136161586,scr1988,avaStIn,bevPsngRoadPrvt
35DE,d114,0.47222289515354826,scr1988,avaStIn,bevPsngRoadPrvt
35DE,d115,0.45053862653839677,scr1988,avaStIn,bevPsngRoadPrvt
35DE,d116,0.44557714599843595,scr1988,avaStIn,bevPsngRoadPrvt
35DE,d117,0.44557714599843595,scr1988,avaStIn,bevPsngRoadPrvt
35DE,d118,0.44557714599843595,scr1988,avaStIn,bevPsngRoadPrvt
35DE,d119,0.44557714599843595,scr1988,avaStIn,bevPsngRoadPrvt
35DE,d120,0.46722091136161586,scr1988,avaStIn,bevPsngRoadPrvt
35DE,d121,0.47222289515354826,scr1988,avaStIn,bevPsngRoadPrvt
35DE,d122,0.45053862653839677,scr1988,avaStIn,bevPsngRoadPrvt
35DE,d123,0.4547536638034571,scr1988,avaStIn,bevPsngRoadPrvt
35DE,d124,0.4432711785319287,scr1988,avaStIn,bevPsngRoadPrvt
35DE,d125,0.4432711785319287,scr1988,avaStIn,bevPsngRoadPrvt
35DE,d126,0.4432711785319287,scr1988,avaStIn,bevPsngRoadPrvt
35DE,d127,0.44413811018389965,scr1988,avaStIn,bevPsngRoadPrvt
35DE,d128,0.43646102703319944,scr1988,avaStIn,bevPsngRoadPrvt
35DE,d129,0.4353950159570614,scr1988,avaStIn,bevPsngRoadPrvt
35DE,d130,0.4432711785319287,scr1988,avaStIn,bevPsngRoadPrvt
35DE,d131,0.4432711785319287,scr1988,avaStIn,bevPsngRoadPrvt
35DE,d132,0.4432711785319287,scr1988,avaStIn,bevPsngRoadPrvt
35DE,d133,0.4432711785319287,scr1988,avaStIn,bevPsngRoadPrvt
35DE,d134,0.44413811018389965,scr1988,avaStIn,bevPsngRoadPrvt
35DE,d135,0.43646102703319944,scr1988,avaStIn,bevPsngRoadPrvt
35DE,d136,0.4353950159570614,scr1988,avaStIn,bevPsngRoadPrvt
35DE,d137,0.4432711785319287,scr1988,avaStIn,bevPsngRoadPrvt
35DE,d138,0.4432711785319287,scr1988,avaStIn,bevPsngRoadPrvt
35DE,d139,0.4432711785319287,scr1988,avaStIn,bevPsngRoadPrvt
35DE,d140,0.4432711785319287,scr1988,avaStIn,bevPsngRoadPrvt
35DE,d141,0.44413811018389965,scr1988,avaStIn,bevPsngRoadPrvt
35DE,d142,0.43646102703319944,scr1988,avaStIn,bevPsngRoadPrvt
35DE,d143,0.4353950159570614,scr1988,avaStIn,bevPsngRoadPrvt
35DE,d144,0.4432711785319287,scr1988,avaStIn,bevPsngRoadPrvt
35DE,d145,0.4432711785319287,scr1988,avaStIn,bevPsngRoadPrvt
35DE,d146,0.4432711785319287,scr1988,avaStIn,bevPsngRoadPrvt
35DE,d147,0.4432711785319287,scr1988,avaStIn,bevPsngRoadPrvt
35DE,d148,0.44413811018389965,scr1988,avaStIn,bevPsngRoadPrvt
35DE,d149,0.43646102703319944,scr1988,avaStIn,bevPsngRoadPrvt
35DE,d150,0.4353950159570614,scr1988,avaStIn,bevPsngRoadPrvt
35DE,d151,0.4432711785319287,scr1988,avaStIn,bevPsngRoadPrvt
35DE,d152,0.4432711785319287,scr1988,avaStIn,bevPsngRoadPrvt
35DE,d153,0.4432711785319287,scr1988,avaStIn,bevPsngRoadPrvt
35DE,d154,0.4379237182393594,scr1988,avaStIn,bevPsngRoadPrvt
35DE,d155,0.4442433302373707,scr1988,avaStIn,bevPsngRoadPrvt
35DE,d156,0.4453986384192496,scr1988,avaStIn,bevPsngRoadPrvt
35DE,d157,0.4451846334488831,scr1988,avaStIn,bevPsngRoadPrvt
35DE,d158,0.44406748886780784,scr1988,avaStIn,bevPsngRoadPrvt
35DE,d159,0.44406748886780784,scr1988,avaStIn,bevPsngRoadPrvt
35DE,d160,0.44406748886780784,scr1988,avaStIn,bevPsngRoadPrvt
35DE,d161,0.44406748886780784,scr1988,avaStIn,bevPsngRoadPrvt
35DE,d162,0.4442433302373707,scr1988,avaStIn,bevPsngRoadPrvt
35DE,d163,0.4453986384192496,scr1988,avaStIn,bevPsngRoadPrvt
35DE,d164,0.4451846334488831,scr1988,avaStIn,bevPsngRoadPrvt
35DE,d165,0.44406748886780784,scr1988,avaStIn,bevPsngRoadPrvt
35DE,d166,0.44406748886780784,scr1988,avaStIn,bevPsngRoadPrvt
35DE,d167,0.44406748886780784,scr1988,avaStIn,bevPsngRoadPrvt
35DE,d168,0.44406748886780784,scr1988,avaStIn,bevPsngRoadPrvt
35DE,d169,0.4442433302373707,scr1988,avaStIn,bevPsngRoadPrvt
35DE,d170,0.4453986384192496,scr1988,avaStIn,bevPsngRoadPrvt
35DE,d171,0.4451846334488831,scr1988,avaStIn,bevPsngRoadPrvt
35DE,d172,0.44406748886780784,scr1988,avaStIn,bevPsngRoadPrvt
35DE,d173,0.44406748886780784,scr1988,avaStIn,bevPsngRoadPrvt
35DE,d174,0.44406748886780784,scr1988,avaStIn,bevPsngRoadPrvt
35DE,d175,0.44406748886780784,scr1988,avaStIn,bevPsngRoadPrvt
35DE,d176,0.4442433302373707,scr1988,avaStIn,bevPsngRoadPrvt
35DE,d177,0.4453986384192496,scr1988,avaStIn,bevPsngRoadPrvt
35DE,d178,0.4451846334488831,scr1988,avaStIn,bevPsngRoadPrvt
35DE,d179,0.44406748886780784,scr1988,avaStIn,bevPsngRoadPrvt
35DE,d180,0.44406748886780784,scr1988,avaStIn,bevPsngRoadPrvt
35DE,d181,0.44406748886780784,scr1988,avaStIn,bevPsngRoadPrvt
35DE,d182,0.44406748886780784,scr1988,avaStIn,bevPsngRoadPrvt
36DE,d092,0.39695079066339795,scr1988,avaStIn,bevPsngRoadPrvt
36DE,d093,0.44230048575854214,scr1988,avaStIn,bevPsngRoadPrvt
36DE,d094,0.44557714599843595,scr1988,avaStIn,bevPsngRoadPrvt
36DE,d095,0.44557714599843595,scr1988,avaStIn,bevPsngRoadPrvt
36DE,d096,0.44557714599843595,scr1988,avaStIn,bevPsngRoadPrvt
36DE,d097,0.44557714599843595,scr1988,avaStIn,bevPsngRoadPrvt
36DE,d098,0.44557714599843595,scr1988,avaStIn,bevPsngRoadPrvt
36DE,d099,0.46722091136161586,scr1988,avaStIn,bevPsngRoadPrvt
36DE,d100,0.47222289515354826,scr1988,avaStIn,bevPsngRoadPrvt
36DE,d101,0.45053862653839677,scr1988,avaStIn,bevPsngRoadPrvt
36DE,d102,0.44557714599843595,scr1988,avaStIn,bevPsngRoadPrvt
36DE,d103,0.44557714599843595,scr1988,avaStIn,bevPsngRoadPrvt
36DE,d104,0.44557714599843595,scr1988,avaStIn,bevPsngRoadPrvt
36DE,d105,0.44557714599843595,scr1988,avaStIn,bevPsngRoadPrvt
36DE,d106,0.46722091136161586,scr1988,avaStIn,bevPsngRoadPrvt
36DE,d107,0.47222289515354826,scr1988,avaStIn,bevPsngRoadPrvt
36DE,d108,0.45053862653839677,scr1988,avaStIn,bevPsngRoadPrvt
36DE,d109,0.44557714599843595,scr1988,avaStIn,bevPsngRoadPrvt
36DE,d110,0.44557714599843595,scr1988,avaStIn,bevPsngRoadPrvt
36DE,d111,0.44557714599843595,scr1988,avaStIn,bevPsngRoadPrvt
36DE,d112,0.44557714599843595,scr1988,avaStIn,bevPsngRoadPrvt
36DE,d113,0.46722091136161586,scr1988,avaStIn,bevPsngRoadPrvt
36DE,d114,0.47222289515354826,scr1988,avaStIn,bevPsngRoadPrvt
36DE,d115,0.45053862653839677,scr1988,avaStIn,bevPsngRoadPrvt
36DE,d116,0.44557714599843595,scr1988,avaStIn,bevPsngRoadPrvt
36DE,d117,0.44557714599843595,scr1988,avaStIn,bevPsngRoadPrvt
36DE,d118,0.44557714599843595,scr1988,avaStIn,bevPsngRoadPrvt
36DE,d119,0.44557714599843595,scr1988,avaStIn,bevPsngRoadPrvt
36DE,d120,0.46722091136161586,scr1988,avaStIn,bevPsngRoadPrvt
36DE,d121,0.47222289515354826,scr1988,avaStIn,bevPsngRoadPrvt
36DE,d122,0.45053862653839677,scr1988,avaStIn,bevPsngRoadPrvt
36DE,d123,0.4547536638034571,scr1988,avaStIn,bevPsngRoadPrvt
36DE,d124,0.4432711785319287,scr1988,avaStIn,bevPsngRoadPrvt
36DE,d125,0.4432711785319287,scr1988,avaStIn,bevPsngRoadPrvt
36DE,d126,0.4432711785319287,scr1988,avaStIn,bevPsngRoadPrvt
36DE,d127,0.44413811018389965,scr1988,avaStIn,bevPsngRoadPrvt
36DE,d128,0.43646102703319944,scr1988,avaStIn,bevPsngRoadPrvt
36DE,d129,0.4353950159570614,scr1988,avaStIn,bevPsngRoadPrvt
36DE,d130,0.4432711785319287,scr1988,avaStIn,bevPsngRoadPrvt
36DE,d131,0.4432711785319287,scr1988,avaStIn,bevPsngRoadPrvt
36DE,d132,0.4432711785319287,scr1988,avaStIn,bevPsngRoadPrvt
36DE,d133,0.4432711785319287,scr1988,avaStIn,bevPsngRoadPrvt
36DE,d134,0.44413811018389965,scr1988,avaStIn,bevPsngRoadPrvt
36DE,d135,0.43646102703319944,scr1988,avaStIn,bevPsngRoadPrvt
36DE,d136,0.4353950159570614,scr1988,avaStIn,bevPsngRoadPrvt
36DE,d137,0.4432711785319287,scr1988,avaStIn,bevPsngRoadPrvt
36DE,d138,0.4432711785319287,scr1988,avaStIn,bevPsngRoadPrvt
36DE,d139,0.4432711785319287,scr1988,avaStIn,bevPsngRoadPrvt
36DE,d140,0.4432711785319287,scr1988,avaStIn,bevPsngRoadPrvt
36DE,d141,0.44413811018389965,scr1988,avaStIn,bevPsngRoadPrvt
36DE,d142,0.43646102703319944,scr1988,avaStIn,bevPsngRoadPrvt
36DE,d143,0.4353950159570614,scr1988,avaStIn,bevPsngRoadPrvt
36DE,d144,0.4432711785319287,scr1988,avaStIn,bevPsngRoadPrvt
36DE,d145,0.4432711785319287,scr1988,avaStIn,bevPsngRoadPrvt
36DE,d146,0.4432711785319287,scr1988,avaStIn,bevPsngRoadPrvt
36DE,d147,0.4432711785319287,scr1988,avaStIn,bevPsngRoadPrvt
36DE,d148,0.44413811018389965,scr1988,avaStIn,bevPsngRoadPrvt
36DE,d149,0.43646102703319944,scr1988,avaStIn,bevPsngRoadPrvt
36DE,d150,0.4353950159570614,scr1988,avaStIn,bevPsngRoadPrvt
36DE,d151,0.4432711785319287,scr1988,avaStIn,bevPsngRoadPrvt
36DE,d152,0.4432711785319287,scr1988,avaStIn,bevPsngRoadPrvt
36DE,d153,0.4432711785319287,scr1988,avaStIn,bevPsngRoadPrvt
36DE,d154,0.4379237182393594,scr1988,avaStIn,bevPsngRoadPrvt
36DE,d155,0.4442433302373707,scr1988,avaStIn,bevPsngRoadPrvt
36DE,d156,0.4453986384192496,scr1988,avaStIn,bevPsngRoadPrvt
36DE,d157,0.4451846334488831,scr1988,avaStIn,bevPsngRoadPrvt
36DE,d158,0.44406748886780784,scr1988,avaStIn,bevPsngRoadPrvt
36DE,d159,0.44406748886780784,scr1988,avaStIn,bevPsngRoadPrvt
36DE,d160,0.44406748886780784,scr1988,avaStIn,bevPsngRoadPrvt
36DE,d161,0.44406748886780784,scr1988,avaStIn,bevPsngRoadPrvt
36DE,d162,0.4442433302373707,scr1988,avaStIn,bevPsngRoadPrvt
36DE,d163,0.4453986384192496,scr1988,avaStIn,bevPsngRoadPrvt
36DE,d164,0.4451846334488831,scr1988,avaStIn,bevPsngRoadPrvt
36DE,d165,0.44406748886780784,scr1988,avaStIn,bevPsngRoadPrvt
36DE,d166,0.44406748886780784,scr1988,avaStIn,bevPsngRoadPrvt
36DE,d167,0.44406748886780784,scr1988,avaStIn,bevPsngRoadPrvt
36DE,d168,0.44406748886780784,scr1988,avaStIn,bevPsngRoadPrvt
36DE,d169,0.4442433302373707,scr1988,avaStIn,bevPsngRoadPrvt
36DE,d170,0.4453986384192496,scr1988,avaStIn,bevPsngRoadPrvt
36DE,d171,0.4451846334488831,scr1988,avaStIn,bevPsngRoadPrvt
36DE,d172,0.44406748886780784,scr1988,avaStIn,bevPsngRoadPrvt
36DE,d173,0.44406748886780784,scr1988,avaStIn,bevPsngRoadPrvt
36DE,d174,0.44406748886780784,scr1988,avaStIn,bevPsngRoadPrvt
36DE,d175,0.44406748886780784,scr1988,avaStIn,bevPsngRoadPrvt
36DE,d176,0.4442433302373707,scr1988,avaStIn,bevPsngRoadPrvt
36DE,d177,0.4453986384192496,scr1988,avaStIn,bevPsngRoadPrvt
36DE,d178,0.4451846334488831,scr1988,avaStIn,bevPsngRoadPrvt
36DE,d179,0.44406748886780784,scr1988,avaStIn,bevPsngRoadPrvt
36DE,d180,0.44406748886780784,scr1988,avaStIn,bevPsngRoadPrvt
36DE,d181,0.44406748886780784,scr1988,avaStIn,bevPsngRoadPrvt
36DE,d182,0.44406748886780784,scr1988,avaStIn,bevPsngRoadPrvt
37DE,d092,0.39695079066339795,scr1988,avaStIn,bevPsngRoadPrvt
37DE,d093,0.44230048575854214,scr1988,avaStIn,bevPsngRoadPrvt
37DE,d094,0.44557714599843595,scr1988,avaStIn,bevPsngRoadPrvt
37DE,d095,0.44557714599843595,scr1988,avaStIn,bevPsngRoadPrvt
37DE,d096,0.44557714599843595,scr1988,avaStIn,bevPsngRoadPrvt
37DE,d097,0.44557714599843595,scr1988,avaStIn,bevPsngRoadPrvt
37DE,d098,0.44557714599843595,scr1988,avaStIn,bevPsngRoadPrvt
37DE,d099,0.46722091136161586,scr1988,avaStIn,bevPsngRoadPrvt
37DE,d100,0.47222289515354826,scr1988,avaStIn,bevPsngRoadPrvt
37DE,d101,0.45053862653839677,scr1988,avaStIn,bevPsngRoadPrvt
37DE,d102,0.44557714599843595,scr1988,avaStIn,bevPsngRoadPrvt
37DE,d103,0.44557714599843595,scr1988,avaStIn,bevPsngRoadPrvt
37DE,d104,0.44557714599843595,scr1988,avaStIn,bevPsngRoadPrvt
37DE,d105,0.44557714599843595,scr1988,avaStIn,bevPsngRoadPrvt
37DE,d106,0.46722091136161586,scr1988,avaStIn,bevPsngRoadPrvt
37DE,d107,0.47222289515354826,scr1988,avaStIn,bevPsngRoadPrvt
37DE,d108,0.45053862653839677,scr1988,avaStIn,bevPsngRoadPrvt
37DE,d109,0.44557714599843595,scr1988,avaStIn,bevPsngRoadPrvt
37DE,d110,0.44557714599843595,scr1988,avaStIn,bevPsngRoadPrvt
37DE,d111,0.44557714599843595,scr1988,avaStIn,bevPsngRoadPrvt
37DE,d112,0.44557714599843595,scr1988,avaStIn,bevPsngRoadPrvt
37DE,d113,0.46722091136161586,scr1988,avaStIn,bevPsngRoadPrvt
37DE,d114,0.47222289515354826,scr1988,avaStIn,bevPsngRoadPrvt
37DE,d115,0.45053862653839677,scr1988,avaStIn,bevPsngRoadPrvt
37DE,d116,0.44557714599843595,scr1988,avaStIn,bevPsngRoadPrvt
37DE,d117,0.44557714599843595,scr1988,avaStIn,bevPsngRoadPrvt
37DE,d118,0.44557714599843595,scr1988,avaStIn,bevPsngRoadPrvt
37DE,d119,0.44557714599843595,scr1988,avaStIn,bevPsngRoadPrvt
37DE,d120,0.46722091136161586,scr1988,avaStIn,bevPsngRoadPrvt
37DE,d121,0.47222289515354826,scr1988,avaStIn,bevPsngRoadPrvt
37DE,d122,0.45053862653839677,scr1988,avaStIn,bevPsngRoadPrvt
37DE,d123,0.4547536638034571,scr1988,avaStIn,bevPsngRoadPrvt
37DE,d124,0.4432711785319287,scr1988,avaStIn,bevPsngRoadPrvt
37DE,d125,0.4432711785319287,scr1988,avaStIn,bevPsngRoadPrvt
37DE,d126,0.4432711785319287,scr1988,avaStIn,bevPsngRoadPrvt
37DE,d127,0.44413811018389965,scr1988,avaStIn,bevPsngRoadPrvt
37DE,d128,0.43646102703319944,scr1988,avaStIn,bevPsngRoadPrvt
37DE,d129,0.4353950159570614,scr1988,avaStIn,bevPsngRoadPrvt
37DE,d130,0.4432711785319287,scr1988,avaStIn,bevPsngRoadPrvt
37DE,d131,0.4432711785319287,scr1988,avaStIn,bevPsngRoadPrvt
37DE,d132,0.4432711785319287,scr1988,avaStIn,bevPsngRoadPrvt
37DE,d133,0.4432711785319287,scr1988,avaStIn,bevPsngRoadPrvt
37DE,d134,0.44413811018389965,scr1988,avaStIn,bevPsngRoadPrvt
37DE,d135,0.43646102703319944,scr1988,avaStIn,bevPsngRoadPrvt
37DE,d136,0.4353950159570614,scr1988,avaStIn,bevPsngRoadPrvt
37DE,d137,0.4432711785319287,scr1988,avaStIn,bevPsngRoadPrvt
37DE,d138,0.4432711785319287,scr1988,avaStIn,bevPsngRoadPrvt
37DE,d139,0.4432711785319287,scr1988,avaStIn,bevPsngRoadPrvt
37DE,d140,0.4432711785319287,scr1988,avaStIn,bevPsngRoadPrvt
37DE,d141,0.44413811018389965,scr1988,avaStIn,bevPsngRoadPrvt
37DE,d142,0.43646102703319944,scr1988,avaStIn,bevPsngRoadPrvt
37DE,d143,0.4353950159570614,scr1988,avaStIn,bevPsngRoadPrvt
37DE,d144,0.4432711785319287,scr1988,avaStIn,bevPsngRoadPrvt
37DE,d145,0.4432711785319287,scr1988,avaStIn,bevPsngRoadPrvt
37DE,d146,0.4432711785319287,scr1988,avaStIn,bevPsngRoadPrvt
37DE,d147,0.4432711785319287,scr1988,avaStIn,bevPsngRoadPrvt
37DE,d148,0.44413811018389965,scr1988,avaStIn,bevPsngRoadPrvt
37DE,d149,0.43646102703319944,scr1988,avaStIn,bevPsngRoadPrvt
37DE,d150,0.4353950159570614,scr1988,avaStIn,bevPsngRoadPrvt
37DE,d151,0.4432711785319287,scr1988,avaStIn,bevPsngRoadPrvt
37DE,d152,0.4432711785319287,scr1988,avaStIn,bevPsngRoadPrvt
37DE,d153,0.4432711785319287,scr1988,avaStIn,bevPsngRoadPrvt
37DE,d154,0.4379237182393594,scr1988,avaStIn,bevPsngRoadPrvt
37DE,d155,0.4442433302373707,scr1988,avaStIn,bevPsngRoadPrvt
37DE,d156,0.4453986384192496,scr1988,avaStIn,bevPsngRoadPrvt
37DE,d157,0.4451846334488831,scr1988,avaStIn,bevPsngRoadPrvt
37DE,d158,0.44406748886780784,scr1988,avaStIn,bevPsngRoadPrvt
37DE,d159,0.44406748886780784,scr1988,avaStIn,bevPsngRoadPrvt
37DE,d160,0.44406748886780784,scr1988,avaStIn,bevPsngRoadPrvt
37DE,d161,0.44406748886780784,scr1988,avaStIn,bevPsngRoadPrvt
37DE,d162,0.4442433302373707,scr1988,avaStIn,bevPsngRoadPrvt
37DE,d163,0.4453986384192496,scr1988,avaStIn,bevPsngRoadPrvt
37DE,d164,0.4451846334488831,scr1988,avaStIn,bevPsngRoadPrvt
37DE,d165,0.44406748886780784,scr1988,avaStIn,bevPsngRoadPrvt
37DE,d166,0.44406748886780784,scr1988,avaStIn,bevPsngRoadPrvt
37DE,d167,0.44406748886780784,scr1988,avaStIn,bevPsngRoadPrvt
37DE,d168,0.44406748886780784,scr1988,avaStIn,bevPsngRoadPrvt
37DE,d169,0.4442433302373707,scr1988,avaStIn,bevPsngRoadPrvt
37DE,d170,0.4453986384192496,scr1988,avaStIn,bevPsngRoadPrvt
37DE,d171,0.4451846334488831,scr1988,avaStIn,bevPsngRoadPrvt
37DE,d172,0.44406748886780784,scr1988,avaStIn,bevPsngRoadPrvt
37DE,d173,0.44406748886780784,scr1988,avaStIn,bevPsngRoadPrvt
37DE,d174,0.44406748886780784,scr1988,avaStIn,bevPsngRoadPrvt
37DE,d175,0.44406748886780784,scr1988,avaStIn,bevPsngRoadPrvt
37DE,d176,0.4442433302373707,scr1988,avaStIn,bevPsngRoadPrvt
37DE,d177,0.4453986384192496,scr1988,avaStIn,bevPsngRoadPrvt
37DE,d178,0.4451846334488831,scr1988,avaStIn,bevPsngRoadPrvt
37DE,d179,0.44406748886780784,scr1988,avaStIn,bevPsngRoadPrvt
37DE,d180,0.44406748886780784,scr1988,avaStIn,bevPsngRoadPrvt
37DE,d181,0.44406748886780784,scr1988,avaStIn,bevPsngRoadPrvt
37DE,d182,0.44406748886780784,scr1988,avaStIn,bevPsngRoadPrvt
38DK,d092,0.39695079066339795,scr1988,avaStIn,bevPsngRoadPrvt
38DK,d093,0.44230048575854214,scr1988,avaStIn,bevPsngRoadPrvt
38DK,d094,0.44557714599843595,scr1988,avaStIn,bevPsngRoadPrvt
38DK,d095,0.44557714599843595,scr1988,avaStIn,bevPsngRoadPrvt
38DK,d096,0.44557714599843595,scr1988,avaStIn,bevPsngRoadPrvt
38DK,d097,0.44557714599843595,scr1988,avaStIn,bevPsngRoadPrvt
38DK,d098,0.44557714599843595,scr1988,avaStIn,bevPsngRoadPrvt
38DK,d099,0.46722091136161586,scr1988,avaStIn,bevPsngRoadPrvt
38DK,d100,0.47222289515354826,scr1988,avaStIn,bevPsngRoadPrvt
38DK,d101,0.45053862653839677,scr1988,avaStIn,bevPsngRoadPrvt
38DK,d102,0.44557714599843595,scr1988,avaStIn,bevPsngRoadPrvt
38DK,d103,0.44557714599843595,scr1988,avaStIn,bevPsngRoadPrvt
38DK,d104,0.44557714599843595,scr1988,avaStIn,bevPsngRoadPrvt
38DK,d105,0.44557714599843595,scr1988,avaStIn,bevPsngRoadPrvt
38DK,d106,0.46722091136161586,scr1988,avaStIn,bevPsngRoadPrvt
38DK,d107,0.47222289515354826,scr1988,avaStIn,bevPsngRoadPrvt
38DK,d108,0.45053862653839677,scr1988,avaStIn,bevPsngRoadPrvt
38DK,d109,0.44557714599843595,scr1988,avaStIn,bevPsngRoadPrvt
38DK,d110,0.44557714599843595,scr1988,avaStIn,bevPsngRoadPrvt
38DK,d111,0.44557714599843595,scr1988,avaStIn,bevPsngRoadPrvt
38DK,d112,0.44557714599843595,scr1988,avaStIn,bevPsngRoadPrvt
38DK,d113,0.46722091136161586,scr1988,avaStIn,bevPsngRoadPrvt
38DK,d114,0.47222289515354826,scr1988,avaStIn,bevPsngRoadPrvt
38DK,d115,0.45053862653839677,scr1988,avaStIn,bevPsngRoadPrvt
38DK,d116,0.44557714599843595,scr1988,avaStIn,bevPsngRoadPrvt
38DK,d117,0.44557714599843595,scr1988,avaStIn,bevPsngRoadPrvt
38DK,d118,0.44557714599843595,scr1988,avaStIn,bevPsngRoadPrvt
38DK,d119,0.44557714599843595,scr1988,avaStIn,bevPsngRoadPrvt
38DK,d120,0.46722091136161586,scr1988,avaStIn,bevPsngRoadPrvt
38DK,d121,0.47222289515354826,scr1988,avaStIn,bevPsngRoadPrvt
38DK,d122,0.45053862653839677,scr1988,avaStIn,bevPsngRoadPrvt
38DK,d123,0.4547536638034571,scr1988,avaStIn,bevPsngRoadPrvt
38DK,d124,0.4432711785319287,scr1988,avaStIn,bevPsngRoadPrvt
38DK,d125,0.4432711785319287,scr1988,avaStIn,bevPsngRoadPrvt
38DK,d126,0.4432711785319287,scr1988,avaStIn,bevPsngRoadPrvt
38DK,d127,0.44413811018389965,scr1988,avaStIn,bevPsngRoadPrvt
38DK,d128,0.43646102703319944,scr1988,avaStIn,bevPsngRoadPrvt
38DK,d129,0.4353950159570614,scr1988,avaStIn,bevPsngRoadPrvt
38DK,d130,0.4432711785319287,scr1988,avaStIn,bevPsngRoadPrvt
38DK,d131,0.4432711785319287,scr1988,avaStIn,bevPsngRoadPrvt
38DK,d132,0.4432711785319287,scr1988,avaStIn,bevPsngRoadPrvt
38DK,d133,0.4432711785319287,scr1988,avaStIn,bevPsngRoadPrvt
38DK,d134,0.44413811018389965,scr1988,avaStIn,bevPsngRoadPrvt
38DK,d135,0.43646102703319944,scr1988,avaStIn,bevPsngRoadPrvt
38DK,d136,0.4353950159570614,scr1988,avaStIn,bevPsngRoadPrvt
38DK,d137,0.4432711785319287,scr1988,avaStIn,bevPsngRoadPrvt
38DK,d138,0.4432711785319287,scr1988,avaStIn,bevPsngRoadPrvt
38DK,d139,0.4432711785319287,scr1988,avaStIn,bevPsngRoadPrvt
38DK,d140,0.4432711785319287,scr1988,avaStIn,bevPsngRoadPrvt
38DK,d141,0.44413811018389965,scr1988,avaStIn,bevPsngRoadPrvt
38DK,d142,0.43646102703319944,scr1988,avaStIn,bevPsngRoadPrvt
38DK,d143,0.4353950159570614,scr1988,avaStIn,bevPsngRoadPrvt
38DK,d144,0.4432711785319287,scr1988,avaStIn,bevPsngRoadPrvt
38DK,d145,0.4432711785319287,scr1988,avaStIn,bevPsngRoadPrvt
38DK,d146,0.4432711785319287,scr1988,avaStIn,bevPsngRoadPrvt
38DK,d147,0.4432711785319287,scr1988,avaStIn,bevPsngRoadPrvt
38DK,d148,0.44413811018389965,scr1988,avaStIn,bevPsngRoadPrvt
38DK,d149,0.43646102703319944,scr1988,avaStIn,bevPsngRoadPrvt
38DK,d150,0.4353950159570614,scr1988,avaStIn,bevPsngRoadPrvt
38DK,d151,0.4432711785319287,scr1988,avaStIn,bevPsngRoadPrvt
38DK,d152,0.4432711785319287,scr1988,avaStIn,bevPsngRoadPrvt
38DK,d153,0.4432711785319287,scr1988,avaStIn,bevPsngRoadPrvt
38DK,d154,0.4379237182393594,scr1988,avaStIn,bevPsngRoadPrvt
38DK,d155,0.4442433302373707,scr1988,avaStIn,bevPsngRoadPrvt
38DK,d156,0.4453986384192496,scr1988,avaStIn,bevPsngRoadPrvt
38DK,d157,0.4451846334488831,scr1988,avaStIn,bevPsngRoadPrvt
38DK,d158,0.44406748886780784,scr1988,avaStIn,bevPsngRoadPrvt
38DK,d159,0.44406748886780784,scr1988,avaStIn,bevPsngRoadPrvt
38DK,d160,0.44406748886780784,scr1988,avaStIn,bevPsngRoadPrvt
38DK,d161,0.44406748886780784,scr1988,avaStIn,bevPsngRoadPrvt
38DK,d162,0.4442433302373707,scr1988,avaStIn,bevPsngRoadPrvt
38DK,d163,0.4453986384192496,scr1988,avaStIn,bevPsngRoadPrvt
38DK,d164,0.4451846334488831,scr1988,avaStIn,bevPsngRoadPrvt
38DK,d165,0.44406748886780784,scr1988,avaStIn,bevPsngRoadPrvt
38DK,d166,0.44406748886780784,scr1988,avaStIn,bevPsngRoadPrvt
38DK,d167,0.44406748886780784,scr1988,avaStIn,bevPsngRoadPrvt
38DK,d168,0.44406748886780784,scr1988,avaStIn,bevPsngRoadPrvt
38DK,d169,0.4442433302373707,scr1988,avaStIn,bevPsngRoadPrvt
38DK,d170,0.4453986384192496,scr1988,avaStIn,bevPsngRoadPrvt
38DK,d171,0.4451846334488831,scr1988,avaStIn,bevPsngRoadPrvt
38DK,d172,0.44406748886780784,scr1988,avaStIn,bevPsngRoadPrvt
38DK,d173,0.44406748886780784,scr1988,avaStIn,bevPsngRoadPrvt
38DK,d174,0.44406748886780784,scr1988,avaStIn,bevPsngRoadPrvt
38DK,d175,0.44406748886780784,scr1988,avaStIn,bevPsngRoadPrvt
38DK,d176,0.4442433302373707,scr1988,avaStIn,bevPsngRoadPrvt
38DK,d177,0.4453986384192496,scr1988,avaStIn,bevPsngRoadPrvt
38DK,d178,0.4451846334488831,scr1988,avaStIn,bevPsngRoadPrvt
38DK,d179,0.44406748886780784,scr1988,avaStIn,bevPsngRoadPrvt
38DK,d180,0.44406748886780784,scr1988,avaStIn,bevPsngRoadPrvt
38DK,d181,0.44406748886780784,scr1988,avaStIn,bevPsngRoadPrvt
38DK,d182,0.44406748886780784,scr1988,avaStIn,bevPsngRoadPrvt
39CZ,d092,0.39695079066339795,scr1988,avaStIn,bevPsngRoadPrvt
39CZ,d093,0.44230048575854214,scr1988,avaStIn,bevPsngRoadPrvt
39CZ,d094,0.44557714599843595,scr1988,avaStIn,bevPsngRoadPrvt
39CZ,d095,0.44557714599843595,scr1988,avaStIn,bevPsngRoadPrvt
39CZ,d096,0.44557714599843595,scr1988,avaStIn,bevPsngRoadPrvt
39CZ,d097,0.44557714599843595,scr1988,avaStIn,bevPsngRoadPrvt
39CZ,d098,0.44557714599843595,scr1988,avaStIn,bevPsngRoadPrvt
39CZ,d099,0.46722091136161586,scr1988,avaStIn,bevPsngRoadPrvt
39CZ,d100,0.47222289515354826,scr1988,avaStIn,bevPsngRoadPrvt
39CZ,d101,0.45053862653839677,scr1988,avaStIn,bevPsngRoadPrvt
39CZ,d102,0.44557714599843595,scr1988,avaStIn,bevPsngRoadPrvt
39CZ,d103,0.44557714599843595,scr1988,avaStIn,bevPsngRoadPrvt
39CZ,d104,0.44557714599843595,scr1988,avaStIn,bevPsngRoadPrvt
39CZ,d105,0.44557714599843595,scr1988,avaStIn,bevPsngRoadPrvt
39CZ,d106,0.46722091136161586,scr1988,avaStIn,bevPsngRoadPrvt
39CZ,d107,0.47222289515354826,scr1988,avaStIn,bevPsngRoadPrvt
39CZ,d108,0.45053862653839677,scr1988,avaStIn,bevPsngRoadPrvt
39CZ,d109,0.44557714599843595,scr1988,avaStIn,bevPsngRoadPrvt
39CZ,d110,0.44557714599843595,scr1988,avaStIn,bevPsngRoadPrvt
39CZ,d111,0.44557714599843595,scr1988,avaStIn,bevPsngRoadPrvt
39CZ,d112,0.44557714599843595,scr1988,avaStIn,bevPsngRoadPrvt
39CZ,d113,0.46722091136161586,scr1988,avaStIn,bevPsngRoadPrvt
39CZ,d114,0.47222289515354826,scr1988,avaStIn,bevPsngRoadPrvt
39CZ,d115,0.45053862653839677,scr1988,avaStIn,bevPsngRoadPrvt
39CZ,d116,0.44557714599843595,scr1988,avaStIn,bevPsngRoadPrvt
39CZ,d117,0.44557714599843595,scr1988,avaStIn,bevPsngRoadPrvt
39CZ,d118,0.44557714599843595,scr1988,avaStIn,bevPsngRoadPrvt
39CZ,d119,0.44557714599843595,scr1988,avaStIn,bevPsngRoadPrvt
39CZ,d120,0.46722091136161586,scr1988,avaStIn,bevPsngRoadPrvt
39CZ,d121,0.47222289515354826,scr1988,avaStIn,bevPsngRoadPrvt
39CZ,d122,0.45053862653839677,scr1988,avaStIn,bevPsngRoadPrvt
39CZ,d123,0.4547536638034571,scr1988,avaStIn,bevPsngRoadPrvt
39CZ,d124,0.4432711785319287,scr1988,avaStIn,bevPsngRoadPrvt
39CZ,d125,0.4432711785319287,scr1988,avaStIn,bevPsngRoadPrvt
39CZ,d126,0.4432711785319287,scr1988,avaStIn,bevPsngRoadPrvt
39CZ,d127,0.44413811018389965,scr1988,avaStIn,bevPsngRoadPrvt
39CZ,d128,0.43646102703319944,scr1988,avaStIn,bevPsngRoadPrvt
39CZ,d129,0.4353950159570614,scr1988,avaStIn,bevPsngRoadPrvt
39CZ,d130,0.4432711785319287,scr1988,avaStIn,bevPsngRoadPrvt
39CZ,d131,0.4432711785319287,scr1988,avaStIn,bevPsngRoadPrvt
39CZ,d132,0.4432711785319287,scr1988,avaStIn,bevPsngRoadPrvt
39CZ,d133,0.4432711785319287,scr1988,avaStIn,bevPsngRoadPrvt
39CZ,d134,0.44413811018389965,scr1988,avaStIn,bevPsngRoadPrvt
39CZ,d135,0.43646102703319944,scr1988,avaStIn,bevPsngRoadPrvt
39CZ,d136,0.4353950159570614,scr1988,avaStIn,bevPsngRoadPrvt
39CZ,d137,0.4432711785319287,scr1988,avaStIn,bevPsngRoadPrvt
39CZ,d138,0.4432711785319287,scr1988,avaStIn,bevPsngRoadPrvt
39CZ,d139,0.4432711785319287,scr1988,avaStIn,bevPsngRoadPrvt
39CZ,d140,0.4432711785319287,scr1988,avaStIn,bevPsngRoadPrvt
39CZ,d141,0.44413811018389965,scr1988,avaStIn,bevPsngRoadPrvt
39CZ,d142,0.43646102703319944,scr1988,avaStIn,bevPsngRoadPrvt
39CZ,d143,0.4353950159570614,scr1988,avaStIn,bevPsngRoadPrvt
39CZ,d144,0.4432711785319287,scr1988,avaStIn,bevPsngRoadPrvt
39CZ,d145,0.4432711785319287,scr1988,avaStIn,bevPsngRoadPrvt
39CZ,d146,0.4432711785319287,scr1988,avaStIn,bevPsngRoadPrvt
39CZ,d147,0.4432711785319287,scr1988,avaStIn,bevPsngRoadPrvt
39CZ,d148,0.44413811018389965,scr1988,avaStIn,bevPsngRoadPrvt
39CZ,d149,0.43646102703319944,scr1988,avaStIn,bevPsngRoadPrvt
39CZ,d150,0.4353950159570614,scr1988,avaStIn,bevPsngRoadPrvt
39CZ,d151,0.4432711785319287,scr1988,avaStIn,bevPsngRoadPrvt
39CZ,d152,0.4432711785319287,scr1988,avaStIn,bevPsngRoadPrvt
39CZ,d153,0.4432711785319287,scr1988,avaStIn,bevPsngRoadPrvt
39CZ,d154,0.4379237182393594,scr1988,avaStIn,bevPsngRoadPrvt
39CZ,d155,0.4442433302373707,scr1988,avaStIn,bevPsngRoadPrvt
39CZ,d156,0.4453986384192496,scr1988,avaStIn,bevPsngRoadPrvt
39CZ,d157,0.4451846334488831,scr1988,avaStIn,bevPsngRoadPrvt
39CZ,d158,0.44406748886780784,scr1988,avaStIn,bevPsngRoadPrvt
39CZ,d159,0.44406748886780784,scr1988,avaStIn,bevPsngRoadPrvt
39CZ,d160,0.44406748886780784,scr1988,avaStIn,bevPsngRoadPrvt
39CZ,d161,0.44406748886780784,scr1988,avaStIn,bevPsngRoadPrvt
39CZ,d162,0.4442433302373707,scr1988,avaStIn,bevPsngRoadPrvt
39CZ,d163,0.4453986384192496,scr1988,avaStIn,bevPsngRoadPrvt
39CZ,d164,0.4451846334488831,scr1988,avaStIn,bevPsngRoadPrvt
39CZ,d165,0.44406748886780784,scr1988,avaStIn,bevPsngRoadPrvt
39CZ,d166,0.44406748886780784,scr1988,avaStIn,bevPsngRoadPrvt
39CZ,d167,0.44406748886780784,scr1988,avaStIn,bevPsngRoadPrvt
39CZ,d168,0.44406748886780784,scr1988,avaStIn,bevPsngRoadPrvt
39CZ,d169,0.4442433302373707,scr1988,avaStIn,bevPsngRoadPrvt
39CZ,d170,0.4453986384192496,scr1988,avaStIn,bevPsngRoadPrvt
39CZ,d171,0.4451846334488831,scr1988,avaStIn,bevPsngRoadPrvt
39CZ,d172,0.44406748886780784,scr1988,avaStIn,bevPsngRoadPrvt
39CZ,d173,0.44406748886780784,scr1988,avaStIn,bevPsngRoadPrvt
39CZ,d174,0.44406748886780784,scr1988,avaStIn,bevPsngRoadPrvt
39CZ,d175,0.44406748886780784,scr1988,avaStIn,bevPsngRoadPrvt
39CZ,d176,0.4442433302373707,scr1988,avaStIn,bevPsngRoadPrvt
39CZ,d177,0.4453986384192496,scr1988,avaStIn,bevPsngRoadPrvt
39CZ,d178,0.4451846334488831,scr1988,avaStIn,bevPsngRoadPrvt
39CZ,d179,0.44406748886780784,scr1988,avaStIn,bevPsngRoadPrvt
39CZ,d180,0.44406748886780784,scr1988,avaStIn,bevPsngRoadPrvt
39CZ,d181,0.44406748886780784,scr1988,avaStIn,bevPsngRoadPrvt
39CZ,d182,0.44406748886780784,scr1988,avaStIn,bevPsngRoadPrvt
40CZ,d092,0.39695079066339795,scr1988,avaStIn,bevPsngRoadPrvt
40CZ,d093,0.44230048575854214,scr1988,avaStIn,bevPsngRoadPrvt
40CZ,d094,0.44557714599843595,scr1988,avaStIn,bevPsngRoadPrvt
40CZ,d095,0.44557714599843595,scr1988,avaStIn,bevPsngRoadPrvt
40CZ,d096,0.44557714599843595,scr1988,avaStIn,bevPsngRoadPrvt
40CZ,d097,0.44557714599843595,scr1988,avaStIn,bevPsngRoadPrvt
40CZ,d098,0.44557714599843595,scr1988,avaStIn,bevPsngRoadPrvt
40CZ,d099,0.46722091136161586,scr1988,avaStIn,bevPsngRoadPrvt
40CZ,d100,0.47222289515354826,scr1988,avaStIn,bevPsngRoadPrvt
40CZ,d101,0.45053862653839677,scr1988,avaStIn,bevPsngRoadPrvt
40CZ,d102,0.44557714599843595,scr1988,avaStIn,bevPsngRoadPrvt
40CZ,d103,0.44557714599843595,scr1988,avaStIn,bevPsngRoadPrvt
40CZ,d104,0.44557714599843595,scr1988,avaStIn,bevPsngRoadPrvt
40CZ,d105,0.44557714599843595,scr1988,avaStIn,bevPsngRoadPrvt
40CZ,d106,0.46722091136161586,scr1988,avaStIn,bevPsngRoadPrvt
40CZ,d107,0.47222289515354826,scr1988,avaStIn,bevPsngRoadPrvt
40CZ,d108,0.45053862653839677,scr1988,avaStIn,bevPsngRoadPrvt
40CZ,d109,0.44557714599843595,scr1988,avaStIn,bevPsngRoadPrvt
40CZ,d110,0.44557714599843595,scr1988,avaStIn,bevPsngRoadPrvt
40CZ,d111,0.44557714599843595,scr1988,avaStIn,bevPsngRoadPrvt
40CZ,d112,0.44557714599843595,scr1988,avaStIn,bevPsngRoadPrvt
40CZ,d113,0.46722091136161586,scr1988,avaStIn,bevPsngRoadPrvt
40CZ,d114,0.47222289515354826,scr1988,avaStIn,bevPsngRoadPrvt
40CZ,d115,0.45053862653839677,scr1988,avaStIn,bevPsngRoadPrvt
40CZ,d116,0.44557714599843595,scr1988,avaStIn,bevPsngRoadPrvt
40CZ,d117,0.44557714599843595,scr1988,avaStIn,bevPsngRoadPrvt
40CZ,d118,0.44557714599843595,scr1988,avaStIn,bevPsngRoadPrvt
40CZ,d119,0.44557714599843595,scr1988,avaStIn,bevPsngRoadPrvt
40CZ,d120,0.46722091136161586,scr1988,avaStIn,bevPsngRoadPrvt
40CZ,d121,0.47222289515354826,scr1988,avaStIn,bevPsngRoadPrvt
40CZ,d122,0.45053862653839677,scr1988,avaStIn,bevPsngRoadPrvt
40CZ,d123,0.4547536638034571,scr1988,avaStIn,bevPsngRoadPrvt
40CZ,d124,0.4432711785319287,scr1988,avaStIn,bevPsngRoadPrvt
40CZ,d125,0.4432711785319287,scr1988,avaStIn,bevPsngRoadPrvt
40CZ,d126,0.4432711785319287,scr1988,avaStIn,bevPsngRoadPrvt
40CZ,d127,0.44413811018389965,scr1988,avaStIn,bevPsngRoadPrvt
40CZ,d128,0.43646102703319944,scr1988,avaStIn,bevPsngRoadPrvt
40CZ,d129,0.4353950159570614,scr1988,avaStIn,bevPsngRoadPrvt
40CZ,d130,0.4432711785319287,scr1988,avaStIn,bevPsngRoadPrvt
40CZ,d131,0.4432711785319287,scr1988,avaStIn,bevPsngRoadPrvt
40CZ,d132,0.4432711785319287,scr1988,avaStIn,bevPsngRoadPrvt
40CZ,d133,0.4432711785319287,scr1988,avaStIn,bevPsngRoadPrvt
40CZ,d134,0.44413811018389965,scr1988,avaStIn,bevPsngRoadPrvt
40CZ,d135,0.43646102703319944,scr1988,avaStIn,bevPsngRoadPrvt
40CZ,d136,0.4353950159570614,scr1988,avaStIn,bevPsngRoadPrvt
40CZ,d137,0.4432711785319287,scr1988,avaStIn,bevPsngRoadPrvt
40CZ,d138,0.4432711785319287,scr1988,avaStIn,bevPsngRoadPrvt
40CZ,d139,0.4432711785319287,scr1988,avaStIn,bevPsngRoadPrvt
40CZ,d140,0.4432711785319287,scr1988,avaStIn,bevPsngRoadPrvt
40CZ,d141,0.44413811018389965,scr1988,avaStIn,bevPsngRoadPrvt
40CZ,d142,0.43646102703319944,scr1988,avaStIn,bevPsngRoadPrvt
40CZ,d143,0.4353950159570614,scr1988,avaStIn,bevPsngRoadPrvt
40CZ,d144,0.4432711785319287,scr1988,avaStIn,bevPsngRoadPrvt
40CZ,d145,0.4432711785319287,scr1988,avaStIn,bevPsngRoadPrvt
40CZ,d146,0.4432711785319287,scr1988,avaStIn,bevPsngRoadPrvt
40CZ,d147,0.4432711785319287,scr1988,avaStIn,bevPsngRoadPrvt
40CZ,d148,0.44413811018389965,scr1988,avaStIn,bevPsngRoadPrvt
40CZ,d149,0.43646102703319944,scr1988,avaStIn,bevPsngRoadPrvt
40CZ,d150,0.4353950159570614,scr1988,avaStIn,bevPsngRoadPrvt
40CZ,d151,0.4432711785319287,scr1988,avaStIn,bevPsngRoadPrvt
40CZ,d152,0.4432711785319287,scr1988,avaStIn,bevPsngRoadPrvt
40CZ,d153,0.4432711785319287,scr1988,avaStIn,bevPsngRoadPrvt
40CZ,d154,0.4379237182393594,scr1988,avaStIn,bevPsngRoadPrvt
40CZ,d155,0.4442433302373707,scr1988,avaStIn,bevPsngRoadPrvt
40CZ,d156,0.4453986384192496,scr1988,avaStIn,bevPsngRoadPrvt
40CZ,d157,0.4451846334488831,scr1988,avaStIn,bevPsngRoadPrvt
40CZ,d158,0.44406748886780784,scr1988,avaStIn,bevPsngRoadPrvt
40CZ,d159,0.44406748886780784,scr1988,avaStIn,bevPsngRoadPrvt
40CZ,d160,0.44406748886780784,scr1988,avaStIn,bevPsngRoadPrvt
40CZ,d161,0.44406748886780784,scr1988,avaStIn,bevPsngRoadPrvt
40CZ,d162,0.4442433302373707,scr1988,avaStIn,bevPsngRoadPrvt
40CZ,d163,0.4453986384192496,scr1988,avaStIn,bevPsngRoadPrvt
40CZ,d164,0.4451846334488831,scr1988,avaStIn,bevPsngRoadPrvt
40CZ,d165,0.44406748886780784,scr1988,avaStIn,bevPsngRoadPrvt
40CZ,d166,0.44406748886780784,scr1988,avaStIn,bevPsngRoadPrvt
40CZ,d167,0.44406748886780784,scr1988,avaStIn,bevPsngRoadPrvt
40CZ,d168,0.44406748886780784,scr1988,avaStIn,bevPsngRoadPrvt
40CZ,d169,0.4442433302373707,scr1988,avaStIn,bevPsngRoadPrvt
40CZ,d170,0.4453986384192496,scr1988,avaStIn,bevPsngRoadPrvt
40CZ,d171,0.4451846334488831,scr1988,avaStIn,bevPsngRoadPrvt
40CZ,d172,0.44406748886780784,scr1988,avaStIn,bevPsngRoadPrvt
40CZ,d173,0.44406748886780784,scr1988,avaStIn,bevPsngRoadPrvt
40CZ,d174,0.44406748886780784,scr1988,avaStIn,bevPsngRoadPrvt
40CZ,d175,0.44406748886780784,scr1988,avaStIn,bevPsngRoadPrvt
40CZ,d176,0.4442433302373707,scr1988,avaStIn,bevPsngRoadPrvt
40CZ,d177,0.4453986384192496,scr1988,avaStIn,bevPsngRoadPrvt
40CZ,d178,0.4451846334488831,scr1988,avaStIn,bevPsngRoadPrvt
40CZ,d179,0.44406748886780784,scr1988,avaStIn,bevPsngRoadPrvt
40CZ,d180,0.44406748886780784,scr1988,avaStIn,bevPsngRoadPrvt
40CZ,d181,0.44406748886780784,scr1988,avaStIn,bevPsngRoadPrvt
40CZ,d182,0.44406748886780784,scr1988,avaStIn,bevPsngRoadPrvt
41PL,d092,0.39695079066339795,scr1988,avaStIn,bevPsngRoadPrvt
41PL,d093,0.44230048575854214,scr1988,avaStIn,bevPsngRoadPrvt
41PL,d094,0.44557714599843595,scr1988,avaStIn,bevPsngRoadPrvt
41PL,d095,0.44557714599843595,scr1988,avaStIn,bevPsngRoadPrvt
41PL,d096,0.44557714599843595,scr1988,avaStIn,bevPsngRoadPrvt
41PL,d097,0.44557714599843595,scr1988,avaStIn,bevPsngRoadPrvt
41PL,d098,0.44557714599843595,scr1988,avaStIn,bevPsngRoadPrvt
41PL,d099,0.46722091136161586,scr1988,avaStIn,bevPsngRoadPrvt
41PL,d100,0.47222289515354826,scr1988,avaStIn,bevPsngRoadPrvt
41PL,d101,0.45053862653839677,scr1988,avaStIn,bevPsngRoadPrvt
41PL,d102,0.44557714599843595,scr1988,avaStIn,bevPsngRoadPrvt
41PL,d103,0.44557714599843595,scr1988,avaStIn,bevPsngRoadPrvt
41PL,d104,0.44557714599843595,scr1988,avaStIn,bevPsngRoadPrvt
41PL,d105,0.44557714599843595,scr1988,avaStIn,bevPsngRoadPrvt
41PL,d106,0.46722091136161586,scr1988,avaStIn,bevPsngRoadPrvt
41PL,d107,0.47222289515354826,scr1988,avaStIn,bevPsngRoadPrvt
41PL,d108,0.45053862653839677,scr1988,avaStIn,bevPsngRoadPrvt
41PL,d109,0.44557714599843595,scr1988,avaStIn,bevPsngRoadPrvt
41PL,d110,0.44557714599843595,scr1988,avaStIn,bevPsngRoadPrvt
41PL,d111,0.44557714599843595,scr1988,avaStIn,bevPsngRoadPrvt
41PL,d112,0.44557714599843595,scr1988,avaStIn,bevPsngRoadPrvt
41PL,d113,0.46722091136161586,scr1988,avaStIn,bevPsngRoadPrvt
41PL,d114,0.47222289515354826,scr1988,avaStIn,bevPsngRoadPrvt
41PL,d115,0.45053862653839677,scr1988,avaStIn,bevPsngRoadPrvt
41PL,d116,0.44557714599843595,scr1988,avaStIn,bevPsngRoadPrvt
41PL,d117,0.44557714599843595,scr1988,avaStIn,bevPsngRoadPrvt
41PL,d118,0.44557714599843595,scr1988,avaStIn,bevPsngRoadPrvt
41PL,d119,0.44557714599843595,scr1988,avaStIn,bevPsngRoadPrvt
41PL,d120,0.46722091136161586,scr1988,avaStIn,bevPsngRoadPrvt
41PL,d121,0.47222289515354826,scr1988,avaStIn,bevPsngRoadPrvt
41PL,d122,0.45053862653839677,scr1988,avaStIn,bevPsngRoadPrvt
41PL,d123,0.4547536638034571,scr1988,avaStIn,bevPsngRoadPrvt
41PL,d124,0.4432711785319287,scr1988,avaStIn,bevPsngRoadPrvt
41PL,d125,0.4432711785319287,scr1988,avaStIn,bevPsngRoadPrvt
41PL,d126,0.4432711785319287,scr1988,avaStIn,bevPsngRoadPrvt
41PL,d127,0.44413811018389965,scr1988,avaStIn,bevPsngRoadPrvt
41PL,d128,0.43646102703319944,scr1988,avaStIn,bevPsngRoadPrvt
41PL,d129,0.4353950159570614,scr1988,avaStIn,bevPsngRoadPrvt
41PL,d130,0.4432711785319287,scr1988,avaStIn,bevPsngRoadPrvt
41PL,d131,0.4432711785319287,scr1988,avaStIn,bevPsngRoadPrvt
41PL,d132,0.4432711785319287,scr1988,avaStIn,bevPsngRoadPrvt
41PL,d133,0.4432711785319287,scr1988,avaStIn,bevPsngRoadPrvt
41PL,d134,0.44413811018389965,scr1988,avaStIn,bevPsngRoadPrvt
41PL,d135,0.43646102703319944,scr1988,avaStIn,bevPsngRoadPrvt
41PL,d136,0.4353950159570614,scr1988,avaStIn,bevPsngRoadPrvt
41PL,d137,0.4432711785319287,scr1988,avaStIn,bevPsngRoadPrvt
41PL,d138,0.4432711785319287,scr1988,avaStIn,bevPsngRoadPrvt
41PL,d139,0.4432711785319287,scr1988,avaStIn,bevPsngRoadPrvt
41PL,d140,0.4432711785319287,scr1988,avaStIn,bevPsngRoadPrvt
41PL,d141,0.44413811018389965,scr1988,avaStIn,bevPsngRoadPrvt
41PL,d142,0.43646102703319944,scr1988,avaStIn,bevPsngRoadPrvt
41PL,d143,0.4353950159570614,scr1988,avaStIn,bevPsngRoadPrvt
41PL,d144,0.4432711785319287,scr1988,avaStIn,bevPsngRoadPrvt
41PL,d145,0.4432711785319287,scr1988,avaStIn,bevPsngRoadPrvt
41PL,d146,0.4432711785319287,scr1988,avaStIn,bevPsngRoadPrvt
41PL,d147,0.4432711785319287,scr1988,avaStIn,bevPsngRoadPrvt
41PL,d148,0.44413811018389965,scr1988,avaStIn,bevPsngRoadPrvt
41PL,d149,0.43646102703319944,scr1988,avaStIn,bevPsngRoadPrvt
41PL,d150,0.4353950159570614,scr1988,avaStIn,bevPsngRoadPrvt
41PL,d151,0.4432711785319287,scr1988,avaStIn,bevPsngRoadPrvt
41PL,d152,0.4432711785319287,scr1988,avaStIn,bevPsngRoadPrvt
41PL,d153,0.4432711785319287,scr1988,avaStIn,bevPsngRoadPrvt
41PL,d154,0.4379237182393594,scr1988,avaStIn,bevPsngRoadPrvt
41PL,d155,0.4442433302373707,scr1988,avaStIn,bevPsngRoadPrvt
41PL,d156,0.4453986384192496,scr1988,avaStIn,bevPsngRoadPrvt
41PL,d157,0.4451846334488831,scr1988,avaStIn,bevPsngRoadPrvt
41PL,d158,0.44406748886780784,scr1988,avaStIn,bevPsngRoadPrvt
41PL,d159,0.44406748886780784,scr1988,avaStIn,bevPsngRoadPrvt
41PL,d160,0.44406748886780784,scr1988,avaStIn,bevPsngRoadPrvt
41PL,d161,0.44406748886780784,scr1988,avaStIn,bevPsngRoadPrvt
41PL,d162,0.4442433302373707,scr1988,avaStIn,bevPsngRoadPrvt
41PL,d163,0.4453986384192496,scr1988,avaStIn,bevPsngRoadPrvt
41PL,d164,0.4451846334488831,scr1988,avaStIn,bevPsngRoadPrvt
41PL,d165,0.44406748886780784,scr1988,avaStIn,bevPsngRoadPrvt
41PL,d166,0.44406748886780784,scr1988,avaStIn,bevPsngRoadPrvt
41PL,d167,0.44406748886780784,scr1988,avaStIn,bevPsngRoadPrvt
41PL,d168,0.44406748886780784,scr1988,avaStIn,bevPsngRoadPrvt
41PL,d169,0.4442433302373707,scr1988,avaStIn,bevPsngRoadPrvt
41PL,d170,0.4453986384192496,scr1988,avaStIn,bevPsngRoadPrvt
41PL,d171,0.4451846334488831,scr1988,avaStIn,bevPsngRoadPrvt
41PL,d172,0.44406748886780784,scr1988,avaStIn,bevPsngRoadPrvt
41PL,d173,0.44406748886780784,scr1988,avaStIn,bevPsngRoadPrvt
41PL,d174,0.44406748886780784,scr1988,avaStIn,bevPsngRoadPrvt
41PL,d175,0.44406748886780784,scr1988,avaStIn,bevPsngRoadPrvt
41PL,d176,0.4442433302373707,scr1988,avaStIn,bevPsngRoadPrvt
41PL,d177,0.4453986384192496,scr1988,avaStIn,bevPsngRoadPrvt
41PL,d178,0.4451846334488831,scr1988,avaStIn,bevPsngRoadPrvt
41PL,d179,0.44406748886780784,scr1988,avaStIn,bevPsngRoadPrvt
41PL,d180,0.44406748886780784,scr1988,avaStIn,bevPsngRoadPrvt
41PL,d181,0.44406748886780784,scr1988,avaStIn,bevPsngRoadPrvt
41PL,d182,0.44406748886780784,scr1988,avaStIn,bevPsngRoadPrvt
42PL,d092,0.39695079066339795,scr1988,avaStIn,bevPsngRoadPrvt
42PL,d093,0.44230048575854214,scr1988,avaStIn,bevPsngRoadPrvt
42PL,d094,0.44557714599843595,scr1988,avaStIn,bevPsngRoadPrvt
42PL,d095,0.44557714599843595,scr1988,avaStIn,bevPsngRoadPrvt
42PL,d096,0.44557714599843595,scr1988,avaStIn,bevPsngRoadPrvt
42PL,d097,0.44557714599843595,scr1988,avaStIn,bevPsngRoadPrvt
42PL,d098,0.44557714599843595,scr1988,avaStIn,bevPsngRoadPrvt
42PL,d099,0.46722091136161586,scr1988,avaStIn,bevPsngRoadPrvt
42PL,d100,0.47222289515354826,scr1988,avaStIn,bevPsngRoadPrvt
42PL,d101,0.45053862653839677,scr1988,avaStIn,bevPsngRoadPrvt
42PL,d102,0.44557714599843595,scr1988,avaStIn,bevPsngRoadPrvt
42PL,d103,0.44557714599843595,scr1988,avaStIn,bevPsngRoadPrvt
42PL,d104,0.44557714599843595,scr1988,avaStIn,bevPsngRoadPrvt
42PL,d105,0.44557714599843595,scr1988,avaStIn,bevPsngRoadPrvt
42PL,d106,0.46722091136161586,scr1988,avaStIn,bevPsngRoadPrvt
42PL,d107,0.47222289515354826,scr1988,avaStIn,bevPsngRoadPrvt
42PL,d108,0.45053862653839677,scr1988,avaStIn,bevPsngRoadPrvt
42PL,d109,0.44557714599843595,scr1988,avaStIn,bevPsngRoadPrvt
42PL,d110,0.44557714599843595,scr1988,avaStIn,bevPsngRoadPrvt
42PL,d111,0.44557714599843595,scr1988,avaStIn,bevPsngRoadPrvt
42PL,d112,0.44557714599843595,scr1988,avaStIn,bevPsngRoadPrvt
42PL,d113,0.46722091136161586,scr1988,avaStIn,bevPsngRoadPrvt
42PL,d114,0.47222289515354826,scr1988,avaStIn,bevPsngRoadPrvt
42PL,d115,0.45053862653839677,scr1988,avaStIn,bevPsngRoadPrvt
42PL,d116,0.44557714599843595,scr1988,avaStIn,bevPsngRoadPrvt
42PL,d117,0.44557714599843595,scr1988,avaStIn,bevPsngRoadPrvt
42PL,d118,0.44557714599843595,scr1988,avaStIn,bevPsngRoadPrvt
42PL,d119,0.44557714599843595,scr1988,avaStIn,bevPsngRoadPrvt
42PL,d120,0.46722091136161586,scr1988,avaStIn,bevPsngRoadPrvt
42PL,d121,0.47222289515354826,scr1988,avaStIn,bevPsngRoadPrvt
42PL,d122,0.45053862653839677,scr1988,avaStIn,bevPsngRoadPrvt
42PL,d123,0.4547536638034571,scr1988,avaStIn,bevPsngRoadPrvt
42PL,d124,0.4432711785319287,scr1988,avaStIn,bevPsngRoadPrvt
42PL,d125,0.4432711785319287,scr1988,avaStIn,bevPsngRoadPrvt
42PL,d126,0.4432711785319287,scr1988,avaStIn,bevPsngRoadPrvt
42PL,d127,0.44413811018389965,scr1988,avaStIn,bevPsngRoadPrvt
42PL,d128,0.43646102703319944,scr1988,avaStIn,bevPsngRoadPrvt
42PL,d129,0.4353950159570614,scr1988,avaStIn,bevPsngRoadPrvt
42PL,d130,0.4432711785319287,scr1988,avaStIn,bevPsngRoadPrvt
42PL,d131,0.4432711785319287,scr1988,avaStIn,bevPsngRoadPrvt
42PL,d132,0.4432711785319287,scr1988,avaStIn,bevPsngRoadPrvt
42PL,d133,0.4432711785319287,scr1988,avaStIn,bevPsngRoadPrvt
42PL,d134,0.44413811018389965,scr1988,avaStIn,bevPsngRoadPrvt
42PL,d135,0.43646102703319944,scr1988,avaStIn,bevPsngRoadPrvt
42PL,d136,0.4353950159570614,scr1988,avaStIn,bevPsngRoadPrvt
42PL,d137,0.4432711785319287,scr1988,avaStIn,bevPsngRoadPrvt
42PL,d138,0.4432711785319287,scr1988,avaStIn,bevPsngRoadPrvt
42PL,d139,0.4432711785319287,scr1988,avaStIn,bevPsngRoadPrvt
42PL,d140,0.4432711785319287,scr1988,avaStIn,bevPsngRoadPrvt
42PL,d141,0.44413811018389965,scr1988,avaStIn,bevPsngRoadPrvt
42PL,d142,0.43646102703319944,scr1988,avaStIn,bevPsngRoadPrvt
42PL,d143,0.4353950159570614,scr1988,avaStIn,bevPsngRoadPrvt
42PL,d144,0.4432711785319287,scr1988,avaStIn,bevPsngRoadPrvt
42PL,d145,0.4432711785319287,scr1988,avaStIn,bevPsngRoadPrvt
42PL,d146,0.4432711785319287,scr1988,avaStIn,bevPsngRoadPrvt
42PL,d147,0.4432711785319287,scr1988,avaStIn,bevPsngRoadPrvt
42PL,d148,0.44413811018389965,scr1988,avaStIn,bevPsngRoadPrvt
42PL,d149,0.43646102703319944,scr1988,avaStIn,bevPsngRoadPrvt
42PL,d150,0.4353950159570614,scr1988,avaStIn,bevPsngRoadPrvt
42PL,d151,0.4432711785319287,scr1988,avaStIn,bevPsngRoadPrvt
42PL,d152,0.4432711785319287,scr1988,avaStIn,bevPsngRoadPrvt
42PL,d153,0.4432711785319287,scr1988,avaStIn,bevPsngRoadPrvt
42PL,d154,0.4379237182393594,scr1988,avaStIn,bevPsngRoadPrvt
42PL,d155,0.4442433302373707,scr1988,avaStIn,bevPsngRoadPrvt
42PL,d156,0.4453986384192496,scr1988,avaStIn,bevPsngRoadPrvt
42PL,d157,0.4451846334488831,scr1988,avaStIn,bevPsngRoadPrvt
42PL,d158,0.44406748886780784,scr1988,avaStIn,bevPsngRoadPrvt
42PL,d159,0.44406748886780784,scr1988,avaStIn,bevPsngRoadPrvt
42PL,d160,0.44406748886780784,scr1988,avaStIn,bevPsngRoadPrvt
42PL,d161,0.44406748886780784,scr1988,avaStIn,bevPsngRoadPrvt
42PL,d162,0.4442433302373707,scr1988,avaStIn,bevPsngRoadPrvt
42PL,d163,0.4453986384192496,scr1988,avaStIn,bevPsngRoadPrvt
42PL,d164,0.4451846334488831,scr1988,avaStIn,bevPsngRoadPrvt
42PL,d165,0.44406748886780784,scr1988,avaStIn,bevPsngRoadPrvt
42PL,d166,0.44406748886780784,scr1988,avaStIn,bevPsngRoadPrvt
42PL,d167,0.44406748886780784,scr1988,avaStIn,bevPsngRoadPrvt
42PL,d168,0.44406748886780784,scr1988,avaStIn,bevPsngRoadPrvt
42PL,d169,0.4442433302373707,scr1988,avaStIn,bevPsngRoadPrvt
42PL,d170,0.4453986384192496,scr1988,avaStIn,bevPsngRoadPrvt
42PL,d171,0.4451846334488831,scr1988,avaStIn,bevPsngRoadPrvt
42PL,d172,0.44406748886780784,scr1988,avaStIn,bevPsngRoadPrvt
42PL,d173,0.44406748886780784,scr1988,avaStIn,bevPsngRoadPrvt
42PL,d174,0.44406748886780784,scr1988,avaStIn,bevPsngRoadPrvt
42PL,d175,0.44406748886780784,scr1988,avaStIn,bevPsngRoadPrvt
42PL,d176,0.4442433302373707,scr1988,avaStIn,bevPsngRoadPrvt
42PL,d177,0.4453986384192496,scr1988,avaStIn,bevPsngRoadPrvt
42PL,d178,0.4451846334488831,scr1988,avaStIn,bevPsngRoadPrvt
42PL,d179,0.44406748886780784,scr1988,avaStIn,bevPsngRoadPrvt
42PL,d180,0.44406748886780784,scr1988,avaStIn,bevPsngRoadPrvt
42PL,d181,0.44406748886780784,scr1988,avaStIn,bevPsngRoadPrvt
42PL,d182,0.44406748886780784,scr1988,avaStIn,bevPsngRoadPrvt
43PL,d092,0.39695079066339795,scr1988,avaStIn,bevPsngRoadPrvt
43PL,d093,0.44230048575854214,scr1988,avaStIn,bevPsngRoadPrvt
43PL,d094,0.44557714599843595,scr1988,avaStIn,bevPsngRoadPrvt
43PL,d095,0.44557714599843595,scr1988,avaStIn,bevPsngRoadPrvt
43PL,d096,0.44557714599843595,scr1988,avaStIn,bevPsngRoadPrvt
43PL,d097,0.44557714599843595,scr1988,avaStIn,bevPsngRoadPrvt
43PL,d098,0.44557714599843595,scr1988,avaStIn,bevPsngRoadPrvt
43PL,d099,0.46722091136161586,scr1988,avaStIn,bevPsngRoadPrvt
43PL,d100,0.47222289515354826,scr1988,avaStIn,bevPsngRoadPrvt
43PL,d101,0.45053862653839677,scr1988,avaStIn,bevPsngRoadPrvt
43PL,d102,0.44557714599843595,scr1988,avaStIn,bevPsngRoadPrvt
43PL,d103,0.44557714599843595,scr1988,avaStIn,bevPsngRoadPrvt
43PL,d104,0.44557714599843595,scr1988,avaStIn,bevPsngRoadPrvt
43PL,d105,0.44557714599843595,scr1988,avaStIn,bevPsngRoadPrvt
43PL,d106,0.46722091136161586,scr1988,avaStIn,bevPsngRoadPrvt
43PL,d107,0.47222289515354826,scr1988,avaStIn,bevPsngRoadPrvt
43PL,d108,0.45053862653839677,scr1988,avaStIn,bevPsngRoadPrvt
43PL,d109,0.44557714599843595,scr1988,avaStIn,bevPsngRoadPrvt
43PL,d110,0.44557714599843595,scr1988,avaStIn,bevPsngRoadPrvt
43PL,d111,0.44557714599843595,scr1988,avaStIn,bevPsngRoadPrvt
43PL,d112,0.44557714599843595,scr1988,avaStIn,bevPsngRoadPrvt
43PL,d113,0.46722091136161586,scr1988,avaStIn,bevPsngRoadPrvt
43PL,d114,0.47222289515354826,scr1988,avaStIn,bevPsngRoadPrvt
43PL,d115,0.45053862653839677,scr1988,avaStIn,bevPsngRoadPrvt
43PL,d116,0.44557714599843595,scr1988,avaStIn,bevPsngRoadPrvt
43PL,d117,0.44557714599843595,scr1988,avaStIn,bevPsngRoadPrvt
43PL,d118,0.44557714599843595,scr1988,avaStIn,bevPsngRoadPrvt
43PL,d119,0.44557714599843595,scr1988,avaStIn,bevPsngRoadPrvt
43PL,d120,0.46722091136161586,scr1988,avaStIn,bevPsngRoadPrvt
43PL,d121,0.47222289515354826,scr1988,avaStIn,bevPsngRoadPrvt
43PL,d122,0.45053862653839677,scr1988,avaStIn,bevPsngRoadPrvt
43PL,d123,0.4547536638034571,scr1988,avaStIn,bevPsngRoadPrvt
43PL,d124,0.4432711785319287,scr1988,avaStIn,bevPsngRoadPrvt
43PL,d125,0.4432711785319287,scr1988,avaStIn,bevPsngRoadPrvt
43PL,d126,0.4432711785319287,scr1988,avaStIn,bevPsngRoadPrvt
43PL,d127,0.44413811018389965,scr1988,avaStIn,bevPsngRoadPrvt
43PL,d128,0.43646102703319944,scr1988,avaStIn,bevPsngRoadPrvt
43PL,d129,0.4353950159570614,scr1988,avaStIn,bevPsngRoadPrvt
43PL,d130,0.4432711785319287,scr1988,avaStIn,bevPsngRoadPrvt
43PL,d131,0.4432711785319287,scr1988,avaStIn,bevPsngRoadPrvt
43PL,d132,0.4432711785319287,scr1988,avaStIn,bevPsngRoadPrvt
43PL,d133,0.4432711785319287,scr1988,avaStIn,bevPsngRoadPrvt
43PL,d134,0.44413811018389965,scr1988,avaStIn,bevPsngRoadPrvt
43PL,d135,0.43646102703319944,scr1988,avaStIn,bevPsngRoadPrvt
43PL,d136,0.4353950159570614,scr1988,avaStIn,bevPsngRoadPrvt
43PL,d137,0.4432711785319287,scr1988,avaStIn,bevPsngRoadPrvt
43PL,d138,0.4432711785319287,scr1988,avaStIn,bevPsngRoadPrvt
43PL,d139,0.4432711785319287,scr1988,avaStIn,bevPsngRoadPrvt
43PL,d140,0.4432711785319287,scr1988,avaStIn,bevPsngRoadPrvt
43PL,d141,0.44413811018389965,scr1988,avaStIn,bevPsngRoadPrvt
43PL,d142,0.43646102703319944,scr1988,avaStIn,bevPsngRoadPrvt
43PL,d143,0.4353950159570614,scr1988,avaStIn,bevPsngRoadPrvt
43PL,d144,0.4432711785319287,scr1988,avaStIn,bevPsngRoadPrvt
43PL,d145,0.4432711785319287,scr1988,avaStIn,bevPsngRoadPrvt
43PL,d146,0.4432711785319287,scr1988,avaStIn,bevPsngRoadPrvt
43PL,d147,0.4432711785319287,scr1988,avaStIn,bevPsngRoadPrvt
43PL,d148,0.44413811018389965,scr1988,avaStIn,bevPsngRoadPrvt
43PL,d149,0.43646102703319944,scr1988,avaStIn,bevPsngRoadPrvt
43PL,d150,0.4353950159570614,scr1988,avaStIn,bevPsngRoadPrvt
43PL,d151,0.4432711785319287,scr1988,avaStIn,bevPsngRoadPrvt
43PL,d152,0.4432711785319287,scr1988,avaStIn,bevPsngRoadPrvt
43PL,d153,0.4432711785319287,scr1988,avaStIn,bevPsngRoadPrvt
43PL,d154,0.4379237182393594,scr1988,avaStIn,bevPsngRoadPrvt
43PL,d155,0.4442433302373707,scr1988,avaStIn,bevPsngRoadPrvt
43PL,d156,0.4453986384192496,scr1988,avaStIn,bevPsngRoadPrvt
43PL,d157,0.4451846334488831,scr1988,avaStIn,bevPsngRoadPrvt
43PL,d158,0.44406748886780784,scr1988,avaStIn,bevPsngRoadPrvt
43PL,d159,0.44406748886780784,scr1988,avaStIn,bevPsngRoadPrvt
43PL,d160,0.44406748886780784,scr1988,avaStIn,bevPsngRoadPrvt
43PL,d161,0.44406748886780784,scr1988,avaStIn,bevPsngRoadPrvt
43PL,d162,0.4442433302373707,scr1988,avaStIn,bevPsngRoadPrvt
43PL,d163,0.4453986384192496,scr1988,avaStIn,bevPsngRoadPrvt
43PL,d164,0.4451846334488831,scr1988,avaStIn,bevPsngRoadPrvt
43PL,d165,0.44406748886780784,scr1988,avaStIn,bevPsngRoadPrvt
43PL,d166,0.44406748886780784,scr1988,avaStIn,bevPsngRoadPrvt
43PL,d167,0.44406748886780784,scr1988,avaStIn,bevPsngRoadPrvt
43PL,d168,0.44406748886780784,scr1988,avaStIn,bevPsngRoadPrvt
43PL,d169,0.4442433302373707,scr1988,avaStIn,bevPsngRoadPrvt
43PL,d170,0.4453986384192496,scr1988,avaStIn,bevPsngRoadPrvt
43PL,d171,0.4451846334488831,scr1988,avaStIn,bevPsngRoadPrvt
43PL,d172,0.44406748886780784,scr1988,avaStIn,bevPsngRoadPrvt
43PL,d173,0.44406748886780784,scr1988,avaStIn,bevPsngRoadPrvt
43PL,d174,0.44406748886780784,scr1988,avaStIn,bevPsngRoadPrvt
43PL,d175,0.44406748886780784,scr1988,avaStIn,bevPsngRoadPrvt
43PL,d176,0.4442433302373707,scr1988,avaStIn,bevPsngRoadPrvt
43PL,d177,0.4453986384192496,scr1988,avaStIn,bevPsngRoadPrvt
43PL,d178,0.4451846334488831,scr1988,avaStIn,bevPsngRoadPrvt
43PL,d179,0.44406748886780784,scr1988,avaStIn,bevPsngRoadPrvt
43PL,d180,0.44406748886780784,scr1988,avaStIn,bevPsngRoadPrvt
43PL,d181,0.44406748886780784,scr1988,avaStIn,bevPsngRoadPrvt
43PL,d182,0.44406748886780784,scr1988,avaStIn,bevPsngRoadPrvt
44PL,d092,0.39695079066339795,scr1988,avaStIn,bevPsngRoadPrvt
44PL,d093,0.44230048575854214,scr1988,avaStIn,bevPsngRoadPrvt
44PL,d094,0.44557714599843595,scr1988,avaStIn,bevPsngRoadPrvt
44PL,d095,0.44557714599843595,scr1988,avaStIn,bevPsngRoadPrvt
44PL,d096,0.44557714599843595,scr1988,avaStIn,bevPsngRoadPrvt
44PL,d097,0.44557714599843595,scr1988,avaStIn,bevPsngRoadPrvt
44PL,d098,0.44557714599843595,scr1988,avaStIn,bevPsngRoadPrvt
44PL,d099,0.46722091136161586,scr1988,avaStIn,bevPsngRoadPrvt
44PL,d100,0.47222289515354826,scr1988,avaStIn,bevPsngRoadPrvt
44PL,d101,0.45053862653839677,scr1988,avaStIn,bevPsngRoadPrvt
44PL,d102,0.44557714599843595,scr1988,avaStIn,bevPsngRoadPrvt
44PL,d103,0.44557714599843595,scr1988,avaStIn,bevPsngRoadPrvt
44PL,d104,0.44557714599843595,scr1988,avaStIn,bevPsngRoadPrvt
44PL,d105,0.44557714599843595,scr1988,avaStIn,bevPsngRoadPrvt
44PL,d106,0.46722091136161586,scr1988,avaStIn,bevPsngRoadPrvt
44PL,d107,0.47222289515354826,scr1988,avaStIn,bevPsngRoadPrvt
44PL,d108,0.45053862653839677,scr1988,avaStIn,bevPsngRoadPrvt
44PL,d109,0.44557714599843595,scr1988,avaStIn,bevPsngRoadPrvt
44PL,d110,0.44557714599843595,scr1988,avaStIn,bevPsngRoadPrvt
44PL,d111,0.44557714599843595,scr1988,avaStIn,bevPsngRoadPrvt
44PL,d112,0.44557714599843595,scr1988,avaStIn,bevPsngRoadPrvt
44PL,d113,0.46722091136161586,scr1988,avaStIn,bevPsngRoadPrvt
44PL,d114,0.47222289515354826,scr1988,avaStIn,bevPsngRoadPrvt
44PL,d115,0.45053862653839677,scr1988,avaStIn,bevPsngRoadPrvt
44PL,d116,0.44557714599843595,scr1988,avaStIn,bevPsngRoadPrvt
44PL,d117,0.44557714599843595,scr1988,avaStIn,bevPsngRoadPrvt
44PL,d118,0.44557714599843595,scr1988,avaStIn,bevPsngRoadPrvt
44PL,d119,0.44557714599843595,scr1988,avaStIn,bevPsngRoadPrvt
44PL,d120,0.46722091136161586,scr1988,avaStIn,bevPsngRoadPrvt
44PL,d121,0.47222289515354826,scr1988,avaStIn,bevPsngRoadPrvt
44PL,d122,0.45053862653839677,scr1988,avaStIn,bevPsngRoadPrvt
44PL,d123,0.4547536638034571,scr1988,avaStIn,bevPsngRoadPrvt
44PL,d124,0.4432711785319287,scr1988,avaStIn,bevPsngRoadPrvt
44PL,d125,0.4432711785319287,scr1988,avaStIn,bevPsngRoadPrvt
44PL,d126,0.4432711785319287,scr1988,avaStIn,bevPsngRoadPrvt
44PL,d127,0.44413811018389965,scr1988,avaStIn,bevPsngRoadPrvt
44PL,d128,0.43646102703319944,scr1988,avaStIn,bevPsngRoadPrvt
44PL,d129,0.4353950159570614,scr1988,avaStIn,bevPsngRoadPrvt
44PL,d130,0.4432711785319287,scr1988,avaStIn,bevPsngRoadPrvt
44PL,d131,0.4432711785319287,scr1988,avaStIn,bevPsngRoadPrvt
44PL,d132,0.4432711785319287,scr1988,avaStIn,bevPsngRoadPrvt
44PL,d133,0.4432711785319287,scr1988,avaStIn,bevPsngRoadPrvt
44PL,d134,0.44413811018389965,scr1988,avaStIn,bevPsngRoadPrvt
44PL,d135,0.43646102703319944,scr1988,avaStIn,bevPsngRoadPrvt
44PL,d136,0.4353950159570614,scr1988,avaStIn,bevPsngRoadPrvt
44PL,d137,0.4432711785319287,scr1988,avaStIn,bevPsngRoadPrvt
44PL,d138,0.4432711785319287,scr1988,avaStIn,bevPsngRoadPrvt
44PL,d139,0.4432711785319287,scr1988,avaStIn,bevPsngRoadPrvt
44PL,d140,0.4432711785319287,scr1988,avaStIn,bevPsngRoadPrvt
44PL,d141,0.44413811018389965,scr1988,avaStIn,bevPsngRoadPrvt
44PL,d142,0.43646102703319944,scr1988,avaStIn,bevPsngRoadPrvt
44PL,d143,0.4353950159570614,scr1988,avaStIn,bevPsngRoadPrvt
44PL,d144,0.4432711785319287,scr1988,avaStIn,bevPsngRoadPrvt
44PL,d145,0.4432711785319287,scr1988,avaStIn,bevPsngRoadPrvt
44PL,d146,0.4432711785319287,scr1988,avaStIn,bevPsngRoadPrvt
44PL,d147,0.4432711785319287,scr1988,avaStIn,bevPsngRoadPrvt
44PL,d148,0.44413811018389965,scr1988,avaStIn,bevPsngRoadPrvt
44PL,d149,0.43646102703319944,scr1988,avaStIn,bevPsngRoadPrvt
44PL,d150,0.4353950159570614,scr1988,avaStIn,bevPsngRoadPrvt
44PL,d151,0.4432711785319287,scr1988,avaStIn,bevPsngRoadPrvt
44PL,d152,0.4432711785319287,scr1988,avaStIn,bevPsngRoadPrvt
44PL,d153,0.4432711785319287,scr1988,avaStIn,bevPsngRoadPrvt
44PL,d154,0.4379237182393594,scr1988,avaStIn,bevPsngRoadPrvt
44PL,d155,0.4442433302373707,scr1988,avaStIn,bevPsngRoadPrvt
44PL,d156,0.4453986384192496,scr1988,avaStIn,bevPsngRoadPrvt
44PL,d157,0.4451846334488831,scr1988,avaStIn,bevPsngRoadPrvt
44PL,d158,0.44406748886780784,scr1988,avaStIn,bevPsngRoadPrvt
44PL,d159,0.44406748886780784,scr1988,avaStIn,bevPsngRoadPrvt
44PL,d160,0.44406748886780784,scr1988,avaStIn,bevPsngRoadPrvt
44PL,d161,0.44406748886780784,scr1988,avaStIn,bevPsngRoadPrvt
44PL,d162,0.4442433302373707,scr1988,avaStIn,bevPsngRoadPrvt
44PL,d163,0.4453986384192496,scr1988,avaStIn,bevPsngRoadPrvt
44PL,d164,0.4451846334488831,scr1988,avaStIn,bevPsngRoadPrvt
44PL,d165,0.44406748886780784,scr1988,avaStIn,bevPsngRoadPrvt
44PL,d166,0.44406748886780784,scr1988,avaStIn,bevPsngRoadPrvt
44PL,d167,0.44406748886780784,scr1988,avaStIn,bevPsngRoadPrvt
44PL,d168,0.44406748886780784,scr1988,avaStIn,bevPsngRoadPrvt
44PL,d169,0.4442433302373707,scr1988,avaStIn,bevPsngRoadPrvt
44PL,d170,0.4453986384192496,scr1988,avaStIn,bevPsngRoadPrvt
44PL,d171,0.4451846334488831,scr1988,avaStIn,bevPsngRoadPrvt
44PL,d172,0.44406748886780784,scr1988,avaStIn,bevPsngRoadPrvt
44PL,d173,0.44406748886780784,scr1988,avaStIn,bevPsngRoadPrvt
44PL,d174,0.44406748886780784,scr1988,avaStIn,bevPsngRoadPrvt
44PL,d175,0.44406748886780784,scr1988,avaStIn,bevPsngRoadPrvt
44PL,d176,0.4442433302373707,scr1988,avaStIn,bevPsngRoadPrvt
44PL,d177,0.4453986384192496,scr1988,avaStIn,bevPsngRoadPrvt
44PL,d178,0.4451846334488831,scr1988,avaStIn,bevPsngRoadPrvt
44PL,d179,0.44406748886780784,scr1988,avaStIn,bevPsngRoadPrvt
44PL,d180,0.44406748886780784,scr1988,avaStIn,bevPsngRoadPrvt
44PL,d181,0.44406748886780784,scr1988,avaStIn,bevPsngRoadPrvt
44PL,d182,0.44406748886780784,scr1988,avaStIn,bevPsngRoadPrvt
45PL,d092,0.39695079066339795,scr1988,avaStIn,bevPsngRoadPrvt
45PL,d093,0.44230048575854214,scr1988,avaStIn,bevPsngRoadPrvt
45PL,d094,0.44557714599843595,scr1988,avaStIn,bevPsngRoadPrvt
45PL,d095,0.44557714599843595,scr1988,avaStIn,bevPsngRoadPrvt
45PL,d096,0.44557714599843595,scr1988,avaStIn,bevPsngRoadPrvt
45PL,d097,0.44557714599843595,scr1988,avaStIn,bevPsngRoadPrvt
45PL,d098,0.44557714599843595,scr1988,avaStIn,bevPsngRoadPrvt
45PL,d099,0.46722091136161586,scr1988,avaStIn,bevPsngRoadPrvt
45PL,d100,0.47222289515354826,scr1988,avaStIn,bevPsngRoadPrvt
45PL,d101,0.45053862653839677,scr1988,avaStIn,bevPsngRoadPrvt
45PL,d102,0.44557714599843595,scr1988,avaStIn,bevPsngRoadPrvt
45PL,d103,0.44557714599843595,scr1988,avaStIn,bevPsngRoadPrvt
45PL,d104,0.44557714599843595,scr1988,avaStIn,bevPsngRoadPrvt
45PL,d105,0.44557714599843595,scr1988,avaStIn,bevPsngRoadPrvt
45PL,d106,0.46722091136161586,scr1988,avaStIn,bevPsngRoadPrvt
45PL,d107,0.47222289515354826,scr1988,avaStIn,bevPsngRoadPrvt
45PL,d108,0.45053862653839677,scr1988,avaStIn,bevPsngRoadPrvt
45PL,d109,0.44557714599843595,scr1988,avaStIn,bevPsngRoadPrvt
45PL,d110,0.44557714599843595,scr1988,avaStIn,bevPsngRoadPrvt
45PL,d111,0.44557714599843595,scr1988,avaStIn,bevPsngRoadPrvt
45PL,d112,0.44557714599843595,scr1988,avaStIn,bevPsngRoadPrvt
45PL,d113,0.46722091136161586,scr1988,avaStIn,bevPsngRoadPrvt
45PL,d114,0.47222289515354826,scr1988,avaStIn,bevPsngRoadPrvt
45PL,d115,0.45053862653839677,scr1988,avaStIn,bevPsngRoadPrvt
45PL,d116,0.44557714599843595,scr1988,avaStIn,bevPsngRoadPrvt
45PL,d117,0.44557714599843595,scr1988,avaStIn,bevPsngRoadPrvt
45PL,d118,0.44557714599843595,scr1988,avaStIn,bevPsngRoadPrvt
45PL,d119,0.44557714599843595,scr1988,avaStIn,bevPsngRoadPrvt
45PL,d120,0.46722091136161586,scr1988,avaStIn,bevPsngRoadPrvt
45PL,d121,0.47222289515354826,scr1988,avaStIn,bevPsngRoadPrvt
45PL,d122,0.45053862653839677,scr1988,avaStIn,bevPsngRoadPrvt
45PL,d123,0.4547536638034571,scr1988,avaStIn,bevPsngRoadPrvt
45PL,d124,0.4432711785319287,scr1988,avaStIn,bevPsngRoadPrvt
45PL,d125,0.4432711785319287,scr1988,avaStIn,bevPsngRoadPrvt
45PL,d126,0.4432711785319287,scr1988,avaStIn,bevPsngRoadPrvt
45PL,d127,0.44413811018389965,scr1988,avaStIn,bevPsngRoadPrvt
45PL,d128,0.43646102703319944,scr1988,avaStIn,bevPsngRoadPrvt
45PL,d129,0.4353950159570614,scr1988,avaStIn,bevPsngRoadPrvt
45PL,d130,0.4432711785319287,scr1988,avaStIn,bevPsngRoadPrvt
45PL,d131,0.4432711785319287,scr1988,avaStIn,bevPsngRoadPrvt
45PL,d132,0.4432711785319287,scr1988,avaStIn,bevPsngRoadPrvt
45PL,d133,0.4432711785319287,scr1988,avaStIn,bevPsngRoadPrvt
45PL,d134,0.44413811018389965,scr1988,avaStIn,bevPsngRoadPrvt
45PL,d135,0.43646102703319944,scr1988,avaStIn,bevPsngRoadPrvt
45PL,d136,0.4353950159570614,scr1988,avaStIn,bevPsngRoadPrvt
45PL,d137,0.4432711785319287,scr1988,avaStIn,bevPsngRoadPrvt
45PL,d138,0.4432711785319287,scr1988,avaStIn,bevPsngRoadPrvt
45PL,d139,0.4432711785319287,scr1988,avaStIn,bevPsngRoadPrvt
45PL,d140,0.4432711785319287,scr1988,avaStIn,bevPsngRoadPrvt
45PL,d141,0.44413811018389965,scr1988,avaStIn,bevPsngRoadPrvt
45PL,d142,0.43646102703319944,scr1988,avaStIn,bevPsngRoadPrvt
45PL,d143,0.4353950159570614,scr1988,avaStIn,bevPsngRoadPrvt
45PL,d144,0.4432711785319287,scr1988,avaStIn,bevPsngRoadPrvt
45PL,d145,0.4432711785319287,scr1988,avaStIn,bevPsngRoadPrvt
45PL,d146,0.4432711785319287,scr1988,avaStIn,bevPsngRoadPrvt
45PL,d147,0.4432711785319287,scr1988,avaStIn,bevPsngRoadPrvt
45PL,d148,0.44413811018389965,scr1988,avaStIn,bevPsngRoadPrvt
45PL,d149,0.43646102703319944,scr1988,avaStIn,bevPsngRoadPrvt
45PL,d150,0.4353950159570614,scr1988,avaStIn,bevPsngRoadPrvt
45PL,d151,0.4432711785319287,scr1988,avaStIn,bevPsngRoadPrvt
45PL,d152,0.4432711785319287,scr1988,avaStIn,bevPsngRoadPrvt
45PL,d153,0.4432711785319287,scr1988,avaStIn,bevPsngRoadPrvt
45PL,d154,0.4379237182393594,scr1988,avaStIn,bevPsngRoadPrvt
45PL,d155,0.4442433302373707,scr1988,avaStIn,bevPsngRoadPrvt
45PL,d156,0.4453986384192496,scr1988,avaStIn,bevPsngRoadPrvt
45PL,d157,0.4451846334488831,scr1988,avaStIn,bevPsngRoadPrvt
45PL,d158,0.44406748886780784,scr1988,avaStIn,bevPsngRoadPrvt
45PL,d159,0.44406748886780784,scr1988,avaStIn,bevPsngRoadPrvt
45PL,d160,0.44406748886780784,scr1988,avaStIn,bevPsngRoadPrvt
45PL,d161,0.44406748886780784,scr1988,avaStIn,bevPsngRoadPrvt
45PL,d162,0.4442433302373707,scr1988,avaStIn,bevPsngRoadPrvt
45PL,d163,0.4453986384192496,scr1988,avaStIn,bevPsngRoadPrvt
45PL,d164,0.4451846334488831,scr1988,avaStIn,bevPsngRoadPrvt
45PL,d165,0.44406748886780784,scr1988,avaStIn,bevPsngRoadPrvt
45PL,d166,0.44406748886780784,scr1988,avaStIn,bevPsngRoadPrvt
45PL,d167,0.44406748886780784,scr1988,avaStIn,bevPsngRoadPrvt
45PL,d168,0.44406748886780784,scr1988,avaStIn,bevPsngRoadPrvt
45PL,d169,0.4442433302373707,scr1988,avaStIn,bevPsngRoadPrvt
45PL,d170,0.4453986384192496,scr1988,avaStIn,bevPsngRoadPrvt
45PL,d171,0.4451846334488831,scr1988,avaStIn,bevPsngRoadPrvt
45PL,d172,0.44406748886780784,scr1988,avaStIn,bevPsngRoadPrvt
45PL,d173,0.44406748886780784,scr1988,avaStIn,bevPsngRoadPrvt
45PL,d174,0.44406748886780784,scr1988,avaStIn,bevPsngRoadPrvt
45PL,d175,0.44406748886780784,scr1988,avaStIn,bevPsngRoadPrvt
45PL,d176,0.4442433302373707,scr1988,avaStIn,bevPsngRoadPrvt
45PL,d177,0.4453986384192496,scr1988,avaStIn,bevPsngRoadPrvt
45PL,d178,0.4451846334488831,scr1988,avaStIn,bevPsngRoadPrvt
45PL,d179,0.44406748886780784,scr1988,avaStIn,bevPsngRoadPrvt
45PL,d180,0.44406748886780784,scr1988,avaStIn,bevPsngRoadPrvt
45PL,d181,0.44406748886780784,scr1988,avaStIn,bevPsngRoadPrvt
45PL,d182,0.44406748886780784,scr1988,avaStIn,bevPsngRoadPrvt
46SK,d092,0.39695079066339795,scr1988,avaStIn,bevPsngRoadPrvt
46SK,d093,0.44230048575854214,scr1988,avaStIn,bevPsngRoadPrvt
46SK,d094,0.44557714599843595,scr1988,avaStIn,bevPsngRoadPrvt
46SK,d095,0.44557714599843595,scr1988,avaStIn,bevPsngRoadPrvt
46SK,d096,0.44557714599843595,scr1988,avaStIn,bevPsngRoadPrvt
46SK,d097,0.44557714599843595,scr1988,avaStIn,bevPsngRoadPrvt
46SK,d098,0.44557714599843595,scr1988,avaStIn,bevPsngRoadPrvt
46SK,d099,0.46722091136161586,scr1988,avaStIn,bevPsngRoadPrvt
46SK,d100,0.47222289515354826,scr1988,avaStIn,bevPsngRoadPrvt
46SK,d101,0.45053862653839677,scr1988,avaStIn,bevPsngRoadPrvt
46SK,d102,0.44557714599843595,scr1988,avaStIn,bevPsngRoadPrvt
46SK,d103,0.44557714599843595,scr1988,avaStIn,bevPsngRoadPrvt
46SK,d104,0.44557714599843595,scr1988,avaStIn,bevPsngRoadPrvt
46SK,d105,0.44557714599843595,scr1988,avaStIn,bevPsngRoadPrvt
46SK,d106,0.46722091136161586,scr1988,avaStIn,bevPsngRoadPrvt
46SK,d107,0.47222289515354826,scr1988,avaStIn,bevPsngRoadPrvt
46SK,d108,0.45053862653839677,scr1988,avaStIn,bevPsngRoadPrvt
46SK,d109,0.44557714599843595,scr1988,avaStIn,bevPsngRoadPrvt
46SK,d110,0.44557714599843595,scr1988,avaStIn,bevPsngRoadPrvt
46SK,d111,0.44557714599843595,scr1988,avaStIn,bevPsngRoadPrvt
46SK,d112,0.44557714599843595,scr1988,avaStIn,bevPsngRoadPrvt
46SK,d113,0.46722091136161586,scr1988,avaStIn,bevPsngRoadPrvt
46SK,d114,0.47222289515354826,scr1988,avaStIn,bevPsngRoadPrvt
46SK,d115,0.45053862653839677,scr1988,avaStIn,bevPsngRoadPrvt
46SK,d116,0.44557714599843595,scr1988,avaStIn,bevPsngRoadPrvt
46SK,d117,0.44557714599843595,scr1988,avaStIn,bevPsngRoadPrvt
46SK,d118,0.44557714599843595,scr1988,avaStIn,bevPsngRoadPrvt
46SK,d119,0.44557714599843595,scr1988,avaStIn,bevPsngRoadPrvt
46SK,d120,0.46722091136161586,scr1988,avaStIn,bevPsngRoadPrvt
46SK,d121,0.47222289515354826,scr1988,avaStIn,bevPsngRoadPrvt
46SK,d122,0.45053862653839677,scr1988,avaStIn,bevPsngRoadPrvt
46SK,d123,0.4547536638034571,scr1988,avaStIn,bevPsngRoadPrvt
46SK,d124,0.4432711785319287,scr1988,avaStIn,bevPsngRoadPrvt
46SK,d125,0.4432711785319287,scr1988,avaStIn,bevPsngRoadPrvt
46SK,d126,0.4432711785319287,scr1988,avaStIn,bevPsngRoadPrvt
46SK,d127,0.44413811018389965,scr1988,avaStIn,bevPsngRoadPrvt
46SK,d128,0.43646102703319944,scr1988,avaStIn,bevPsngRoadPrvt
46SK,d129,0.4353950159570614,scr1988,avaStIn,bevPsngRoadPrvt
46SK,d130,0.4432711785319287,scr1988,avaStIn,bevPsngRoadPrvt
46SK,d131,0.4432711785319287,scr1988,avaStIn,bevPsngRoadPrvt
46SK,d132,0.4432711785319287,scr1988,avaStIn,bevPsngRoadPrvt
46SK,d133,0.4432711785319287,scr1988,avaStIn,bevPsngRoadPrvt
46SK,d134,0.44413811018389965,scr1988,avaStIn,bevPsngRoadPrvt
46SK,d135,0.43646102703319944,scr1988,avaStIn,bevPsngRoadPrvt
46SK,d136,0.4353950159570614,scr1988,avaStIn,bevPsngRoadPrvt
46SK,d137,0.4432711785319287,scr1988,avaStIn,bevPsngRoadPrvt
46SK,d138,0.4432711785319287,scr1988,avaStIn,bevPsngRoadPrvt
46SK,d139,0.4432711785319287,scr1988,avaStIn,bevPsngRoadPrvt
46SK,d140,0.4432711785319287,scr1988,avaStIn,bevPsngRoadPrvt
46SK,d141,0.44413811018389965,scr1988,avaStIn,bevPsngRoadPrvt
46SK,d142,0.43646102703319944,scr1988,avaStIn,bevPsngRoadPrvt
46SK,d143,0.4353950159570614,scr1988,avaStIn,bevPsngRoadPrvt
46SK,d144,0.4432711785319287,scr1988,avaStIn,bevPsngRoadPrvt
46SK,d145,0.4432711785319287,scr1988,avaStIn,bevPsngRoadPrvt
46SK,d146,0.4432711785319287,scr1988,avaStIn,bevPsngRoadPrvt
46SK,d147,0.4432711785319287,scr1988,avaStIn,bevPsngRoadPrvt
46SK,d148,0.44413811018389965,scr1988,avaStIn,bevPsngRoadPrvt
46SK,d149,0.43646102703319944,scr1988,avaStIn,bevPsngRoadPrvt
46SK,d150,0.4353950159570614,scr1988,avaStIn,bevPsngRoadPrvt
46SK,d151,0.4432711785319287,scr1988,avaStIn,bevPsngRoadPrvt
46SK,d152,0.4432711785319287,scr1988,avaStIn,bevPsngRoadPrvt
46SK,d153,0.4432711785319287,scr1988,avaStIn,bevPsngRoadPrvt
46SK,d154,0.4379237182393594,scr1988,avaStIn,bevPsngRoadPrvt
46SK,d155,0.4442433302373707,scr1988,avaStIn,bevPsngRoadPrvt
46SK,d156,0.4453986384192496,scr1988,avaStIn,bevPsngRoadPrvt
46SK,d157,0.4451846334488831,scr1988,avaStIn,bevPsngRoadPrvt
46SK,d158,0.44406748886780784,scr1988,avaStIn,bevPsngRoadPrvt
46SK,d159,0.44406748886780784,scr1988,avaStIn,bevPsngRoadPrvt
46SK,d160,0.44406748886780784,scr1988,avaStIn,bevPsngRoadPrvt
46SK,d161,0.44406748886780784,scr1988,avaStIn,bevPsngRoadPrvt
46SK,d162,0.4442433302373707,scr1988,avaStIn,bevPsngRoadPrvt
46SK,d163,0.4453986384192496,scr1988,avaStIn,bevPsngRoadPrvt
46SK,d164,0.4451846334488831,scr1988,avaStIn,bevPsngRoadPrvt
46SK,d165,0.44406748886780784,scr1988,avaStIn,bevPsngRoadPrvt
46SK,d166,0.44406748886780784,scr1988,avaStIn,bevPsngRoadPrvt
46SK,d167,0.44406748886780784,scr1988,avaStIn,bevPsngRoadPrvt
46SK,d168,0.44406748886780784,scr1988,avaStIn,bevPsngRoadPrvt
46SK,d169,0.4442433302373707,scr1988,avaStIn,bevPsngRoadPrvt
46SK,d170,0.4453986384192496,scr1988,avaStIn,bevPsngRoadPrvt
46SK,d171,0.4451846334488831,scr1988,avaStIn,bevPsngRoadPrvt
46SK,d172,0.44406748886780784,scr1988,avaStIn,bevPsngRoadPrvt
46SK,d173,0.44406748886780784,scr1988,avaStIn,bevPsngRoadPrvt
46SK,d174,0.44406748886780784,scr1988,avaStIn,bevPsngRoadPrvt
46SK,d175,0.44406748886780784,scr1988,avaStIn,bevPsngRoadPrvt
46SK,d176,0.4442433302373707,scr1988,avaStIn,bevPsngRoadPrvt
46SK,d177,0.4453986384192496,scr1988,avaStIn,bevPsngRoadPrvt
46SK,d178,0.4451846334488831,scr1988,avaStIn,bevPsngRoadPrvt
46SK,d179,0.44406748886780784,scr1988,avaStIn,bevPsngRoadPrvt
46SK,d180,0.44406748886780784,scr1988,avaStIn,bevPsngRoadPrvt
46SK,d181,0.44406748886780784,scr1988,avaStIn,bevPsngRoadPrvt
46SK,d182,0.44406748886780784,scr1988,avaStIn,bevPsngRoadPrvt
47CH,d092,0.39695079066339795,scr1988,avaStIn,bevPsngRoadPrvt
47CH,d093,0.44230048575854214,scr1988,avaStIn,bevPsngRoadPrvt
47CH,d094,0.44557714599843595,scr1988,avaStIn,bevPsngRoadPrvt
47CH,d095,0.44557714599843595,scr1988,avaStIn,bevPsngRoadPrvt
47CH,d096,0.44557714599843595,scr1988,avaStIn,bevPsngRoadPrvt
47CH,d097,0.44557714599843595,scr1988,avaStIn,bevPsngRoadPrvt
47CH,d098,0.44557714599843595,scr1988,avaStIn,bevPsngRoadPrvt
47CH,d099,0.46722091136161586,scr1988,avaStIn,bevPsngRoadPrvt
47CH,d100,0.47222289515354826,scr1988,avaStIn,bevPsngRoadPrvt
47CH,d101,0.45053862653839677,scr1988,avaStIn,bevPsngRoadPrvt
47CH,d102,0.44557714599843595,scr1988,avaStIn,bevPsngRoadPrvt
47CH,d103,0.44557714599843595,scr1988,avaStIn,bevPsngRoadPrvt
47CH,d104,0.44557714599843595,scr1988,avaStIn,bevPsngRoadPrvt
47CH,d105,0.44557714599843595,scr1988,avaStIn,bevPsngRoadPrvt
47CH,d106,0.46722091136161586,scr1988,avaStIn,bevPsngRoadPrvt
47CH,d107,0.47222289515354826,scr1988,avaStIn,bevPsngRoadPrvt
47CH,d108,0.45053862653839677,scr1988,avaStIn,bevPsngRoadPrvt
47CH,d109,0.44557714599843595,scr1988,avaStIn,bevPsngRoadPrvt
47CH,d110,0.44557714599843595,scr1988,avaStIn,bevPsngRoadPrvt
47CH,d111,0.44557714599843595,scr1988,avaStIn,bevPsngRoadPrvt
47CH,d112,0.44557714599843595,scr1988,avaStIn,bevPsngRoadPrvt
47CH,d113,0.46722091136161586,scr1988,avaStIn,bevPsngRoadPrvt
47CH,d114,0.47222289515354826,scr1988,avaStIn,bevPsngRoadPrvt
47CH,d115,0.45053862653839677,scr1988,avaStIn,bevPsngRoadPrvt
47CH,d116,0.44557714599843595,scr1988,avaStIn,bevPsngRoadPrvt
47CH,d117,0.44557714599843595,scr1988,avaStIn,bevPsngRoadPrvt
47CH,d118,0.44557714599843595,scr1988,avaStIn,bevPsngRoadPrvt
47CH,d119,0.44557714599843595,scr1988,avaStIn,bevPsngRoadPrvt
47CH,d120,0.46722091136161586,scr1988,avaStIn,bevPsngRoadPrvt
47CH,d121,0.47222289515354826,scr1988,avaStIn,bevPsngRoadPrvt
47CH,d122,0.45053862653839677,scr1988,avaStIn,bevPsngRoadPrvt
47CH,d123,0.4547536638034571,scr1988,avaStIn,bevPsngRoadPrvt
47CH,d124,0.4432711785319287,scr1988,avaStIn,bevPsngRoadPrvt
47CH,d125,0.4432711785319287,scr1988,avaStIn,bevPsngRoadPrvt
47CH,d126,0.4432711785319287,scr1988,avaStIn,bevPsngRoadPrvt
47CH,d127,0.44413811018389965,scr1988,avaStIn,bevPsngRoadPrvt
47CH,d128,0.43646102703319944,scr1988,avaStIn,bevPsngRoadPrvt
47CH,d129,0.4353950159570614,scr1988,avaStIn,bevPsngRoadPrvt
47CH,d130,0.4432711785319287,scr1988,avaStIn,bevPsngRoadPrvt
47CH,d131,0.4432711785319287,scr1988,avaStIn,bevPsngRoadPrvt
47CH,d132,0.4432711785319287,scr1988,avaStIn,bevPsngRoadPrvt
47CH,d133,0.4432711785319287,scr1988,avaStIn,bevPsngRoadPrvt
47CH,d134,0.44413811018389965,scr1988,avaStIn,bevPsngRoadPrvt
47CH,d135,0.43646102703319944,scr1988,avaStIn,bevPsngRoadPrvt
47CH,d136,0.4353950159570614,scr1988,avaStIn,bevPsngRoadPrvt
47CH,d137,0.4432711785319287,scr1988,avaStIn,bevPsngRoadPrvt
47CH,d138,0.4432711785319287,scr1988,avaStIn,bevPsngRoadPrvt
47CH,d139,0.4432711785319287,scr1988,avaStIn,bevPsngRoadPrvt
47CH,d140,0.4432711785319287,scr1988,avaStIn,bevPsngRoadPrvt
47CH,d141,0.44413811018389965,scr1988,avaStIn,bevPsngRoadPrvt
47CH,d142,0.43646102703319944,scr1988,avaStIn,bevPsngRoadPrvt
47CH,d143,0.4353950159570614,scr1988,avaStIn,bevPsngRoadPrvt
47CH,d144,0.4432711785319287,scr1988,avaStIn,bevPsngRoadPrvt
47CH,d145,0.4432711785319287,scr1988,avaStIn,bevPsngRoadPrvt
47CH,d146,0.4432711785319287,scr1988,avaStIn,bevPsngRoadPrvt
47CH,d147,0.4432711785319287,scr1988,avaStIn,bevPsngRoadPrvt
47CH,d148,0.44413811018389965,scr1988,avaStIn,bevPsngRoadPrvt
47CH,d149,0.43646102703319944,scr1988,avaStIn,bevPsngRoadPrvt
47CH,d150,0.4353950159570614,scr1988,avaStIn,bevPsngRoadPrvt
47CH,d151,0.4432711785319287,scr1988,avaStIn,bevPsngRoadPrvt
47CH,d152,0.4432711785319287,scr1988,avaStIn,bevPsngRoadPrvt
47CH,d153,0.4432711785319287,scr1988,avaStIn,bevPsngRoadPrvt
47CH,d154,0.4379237182393594,scr1988,avaStIn,bevPsngRoadPrvt
47CH,d155,0.4442433302373707,scr1988,avaStIn,bevPsngRoadPrvt
47CH,d156,0.4453986384192496,scr1988,avaStIn,bevPsngRoadPrvt
47CH,d157,0.4451846334488831,scr1988,avaStIn,bevPsngRoadPrvt
47CH,d158,0.44406748886780784,scr1988,avaStIn,bevPsngRoadPrvt
47CH,d159,0.44406748886780784,scr1988,avaStIn,bevPsngRoadPrvt
47CH,d160,0.44406748886780784,scr1988,avaStIn,bevPsngRoadPrvt
47CH,d161,0.44406748886780784,scr1988,avaStIn,bevPsngRoadPrvt
47CH,d162,0.4442433302373707,scr1988,avaStIn,bevPsngRoadPrvt
47CH,d163,0.4453986384192496,scr1988,avaStIn,bevPsngRoadPrvt
47CH,d164,0.4451846334488831,scr1988,avaStIn,bevPsngRoadPrvt
47CH,d165,0.44406748886780784,scr1988,avaStIn,bevPsngRoadPrvt
47CH,d166,0.44406748886780784,scr1988,avaStIn,bevPsngRoadPrvt
47CH,d167,0.44406748886780784,scr1988,avaStIn,bevPsngRoadPrvt
47CH,d168,0.44406748886780784,scr1988,avaStIn,bevPsngRoadPrvt
47CH,d169,0.4442433302373707,scr1988,avaStIn,bevPsngRoadPrvt
47CH,d170,0.4453986384192496,scr1988,avaStIn,bevPsngRoadPrvt
47CH,d171,0.4451846334488831,scr1988,avaStIn,bevPsngRoadPrvt
47CH,d172,0.44406748886780784,scr1988,avaStIn,bevPsngRoadPrvt
47CH,d173,0.44406748886780784,scr1988,avaStIn,bevPsngRoadPrvt
47CH,d174,0.44406748886780784,scr1988,avaStIn,bevPsngRoadPrvt
47CH,d175,0.44406748886780784,scr1988,avaStIn,bevPsngRoadPrvt
47CH,d176,0.4442433302373707,scr1988,avaStIn,bevPsngRoadPrvt
47CH,d177,0.4453986384192496,scr1988,avaStIn,bevPsngRoadPrvt
47CH,d178,0.4451846334488831,scr1988,avaStIn,bevPsngRoadPrvt
47CH,d179,0.44406748886780784,scr1988,avaStIn,bevPsngRoadPrvt
47CH,d180,0.44406748886780784,scr1988,avaStIn,bevPsngRoadPrvt
47CH,d181,0.44406748886780784,scr1988,avaStIn,bevPsngRoadPrvt
47CH,d182,0.44406748886780784,scr1988,avaStIn,bevPsngRoadPrvt
48CH,d092,0.39695079066339795,scr1988,avaStIn,bevPsngRoadPrvt
48CH,d093,0.44230048575854214,scr1988,avaStIn,bevPsngRoadPrvt
48CH,d094,0.44557714599843595,scr1988,avaStIn,bevPsngRoadPrvt
48CH,d095,0.44557714599843595,scr1988,avaStIn,bevPsngRoadPrvt
48CH,d096,0.44557714599843595,scr1988,avaStIn,bevPsngRoadPrvt
48CH,d097,0.44557714599843595,scr1988,avaStIn,bevPsngRoadPrvt
48CH,d098,0.44557714599843595,scr1988,avaStIn,bevPsngRoadPrvt
48CH,d099,0.46722091136161586,scr1988,avaStIn,bevPsngRoadPrvt
48CH,d100,0.47222289515354826,scr1988,avaStIn,bevPsngRoadPrvt
48CH,d101,0.45053862653839677,scr1988,avaStIn,bevPsngRoadPrvt
48CH,d102,0.44557714599843595,scr1988,avaStIn,bevPsngRoadPrvt
48CH,d103,0.44557714599843595,scr1988,avaStIn,bevPsngRoadPrvt
48CH,d104,0.44557714599843595,scr1988,avaStIn,bevPsngRoadPrvt
48CH,d105,0.44557714599843595,scr1988,avaStIn,bevPsngRoadPrvt
48CH,d106,0.46722091136161586,scr1988,avaStIn,bevPsngRoadPrvt
48CH,d107,0.47222289515354826,scr1988,avaStIn,bevPsngRoadPrvt
48CH,d108,0.45053862653839677,scr1988,avaStIn,bevPsngRoadPrvt
48CH,d109,0.44557714599843595,scr1988,avaStIn,bevPsngRoadPrvt
48CH,d110,0.44557714599843595,scr1988,avaStIn,bevPsngRoadPrvt
48CH,d111,0.44557714599843595,scr1988,avaStIn,bevPsngRoadPrvt
48CH,d112,0.44557714599843595,scr1988,avaStIn,bevPsngRoadPrvt
48CH,d113,0.46722091136161586,scr1988,avaStIn,bevPsngRoadPrvt
48CH,d114,0.47222289515354826,scr1988,avaStIn,bevPsngRoadPrvt
48CH,d115,0.45053862653839677,scr1988,avaStIn,bevPsngRoadPrvt
48CH,d116,0.44557714599843595,scr1988,avaStIn,bevPsngRoadPrvt
48CH,d117,0.44557714599843595,scr1988,avaStIn,bevPsngRoadPrvt
48CH,d118,0.44557714599843595,scr1988,avaStIn,bevPsngRoadPrvt
48CH,d119,0.44557714599843595,scr1988,avaStIn,bevPsngRoadPrvt
48CH,d120,0.46722091136161586,scr1988,avaStIn,bevPsngRoadPrvt
48CH,d121,0.47222289515354826,scr1988,avaStIn,bevPsngRoadPrvt
48CH,d122,0.45053862653839677,scr1988,avaStIn,bevPsngRoadPrvt
48CH,d123,0.4547536638034571,scr1988,avaStIn,bevPsngRoadPrvt
48CH,d124,0.4432711785319287,scr1988,avaStIn,bevPsngRoadPrvt
48CH,d125,0.4432711785319287,scr1988,avaStIn,bevPsngRoadPrvt
48CH,d126,0.4432711785319287,scr1988,avaStIn,bevPsngRoadPrvt
48CH,d127,0.44413811018389965,scr1988,avaStIn,bevPsngRoadPrvt
48CH,d128,0.43646102703319944,scr1988,avaStIn,bevPsngRoadPrvt
48CH,d129,0.4353950159570614,scr1988,avaStIn,bevPsngRoadPrvt
48CH,d130,0.4432711785319287,scr1988,avaStIn,bevPsngRoadPrvt
48CH,d131,0.4432711785319287,scr1988,avaStIn,bevPsngRoadPrvt
48CH,d132,0.4432711785319287,scr1988,avaStIn,bevPsngRoadPrvt
48CH,d133,0.4432711785319287,scr1988,avaStIn,bevPsngRoadPrvt
48CH,d134,0.44413811018389965,scr1988,avaStIn,bevPsngRoadPrvt
48CH,d135,0.43646102703319944,scr1988,avaStIn,bevPsngRoadPrvt
48CH,d136,0.4353950159570614,scr1988,avaStIn,bevPsngRoadPrvt
48CH,d137,0.4432711785319287,scr1988,avaStIn,bevPsngRoadPrvt
48CH,d138,0.4432711785319287,scr1988,avaStIn,bevPsngRoadPrvt
48CH,d139,0.4432711785319287,scr1988,avaStIn,bevPsngRoadPrvt
48CH,d140,0.4432711785319287,scr1988,avaStIn,bevPsngRoadPrvt
48CH,d141,0.44413811018389965,scr1988,avaStIn,bevPsngRoadPrvt
48CH,d142,0.43646102703319944,scr1988,avaStIn,bevPsngRoadPrvt
48CH,d143,0.4353950159570614,scr1988,avaStIn,bevPsngRoadPrvt
48CH,d144,0.4432711785319287,scr1988,avaStIn,bevPsngRoadPrvt
48CH,d145,0.4432711785319287,scr1988,avaStIn,bevPsngRoadPrvt
48CH,d146,0.4432711785319287,scr1988,avaStIn,bevPsngRoadPrvt
48CH,d147,0.4432711785319287,scr1988,avaStIn,bevPsngRoadPrvt
48CH,d148,0.44413811018389965,scr1988,avaStIn,bevPsngRoadPrvt
48CH,d149,0.43646102703319944,scr1988,avaStIn,bevPsngRoadPrvt
48CH,d150,0.4353950159570614,scr1988,avaStIn,bevPsngRoadPrvt
48CH,d151,0.4432711785319287,scr1988,avaStIn,bevPsngRoadPrvt
48CH,d152,0.4432711785319287,scr1988,avaStIn,bevPsngRoadPrvt
48CH,d153,0.4432711785319287,scr1988,avaStIn,bevPsngRoadPrvt
48CH,d154,0.4379237182393594,scr1988,avaStIn,bevPsngRoadPrvt
48CH,d155,0.4442433302373707,scr1988,avaStIn,bevPsngRoadPrvt
48CH,d156,0.4453986384192496,scr1988,avaStIn,bevPsngRoadPrvt
48CH,d157,0.4451846334488831,scr1988,avaStIn,bevPsngRoadPrvt
48CH,d158,0.44406748886780784,scr1988,avaStIn,bevPsngRoadPrvt
48CH,d159,0.44406748886780784,scr1988,avaStIn,bevPsngRoadPrvt
48CH,d160,0.44406748886780784,scr1988,avaStIn,bevPsngRoadPrvt
48CH,d161,0.44406748886780784,scr1988,avaStIn,bevPsngRoadPrvt
48CH,d162,0.4442433302373707,scr1988,avaStIn,bevPsngRoadPrvt
48CH,d163,0.4453986384192496,scr1988,avaStIn,bevPsngRoadPrvt
48CH,d164,0.4451846334488831,scr1988,avaStIn,bevPsngRoadPrvt
48CH,d165,0.44406748886780784,scr1988,avaStIn,bevPsngRoadPrvt
48CH,d166,0.44406748886780784,scr1988,avaStIn,bevPsngRoadPrvt
48CH,d167,0.44406748886780784,scr1988,avaStIn,bevPsngRoadPrvt
48CH,d168,0.44406748886780784,scr1988,avaStIn,bevPsngRoadPrvt
48CH,d169,0.4442433302373707,scr1988,avaStIn,bevPsngRoadPrvt
48CH,d170,0.4453986384192496,scr1988,avaStIn,bevPsngRoadPrvt
48CH,d171,0.4451846334488831,scr1988,avaStIn,bevPsngRoadPrvt
48CH,d172,0.44406748886780784,scr1988,avaStIn,bevPsngRoadPrvt
48CH,d173,0.44406748886780784,scr1988,avaStIn,bevPsngRoadPrvt
48CH,d174,0.44406748886780784,scr1988,avaStIn,bevPsngRoadPrvt
48CH,d175,0.44406748886780784,scr1988,avaStIn,bevPsngRoadPrvt
48CH,d176,0.4442433302373707,scr1988,avaStIn,bevPsngRoadPrvt
48CH,d177,0.4453986384192496,scr1988,avaStIn,bevPsngRoadPrvt
48CH,d178,0.4451846334488831,scr1988,avaStIn,bevPsngRoadPrvt
48CH,d179,0.44406748886780784,scr1988,avaStIn,bevPsngRoadPrvt
48CH,d180,0.44406748886780784,scr1988,avaStIn,bevPsngRoadPrvt
48CH,d181,0.44406748886780784,scr1988,avaStIn,bevPsngRoadPrvt
48CH,d182,0.44406748886780784,scr1988,avaStIn,bevPsngRoadPrvt
49AT,d092,0.39695079066339795,scr1988,avaStIn,bevPsngRoadPrvt
49AT,d093,0.44230048575854214,scr1988,avaStIn,bevPsngRoadPrvt
49AT,d094,0.44557714599843595,scr1988,avaStIn,bevPsngRoadPrvt
49AT,d095,0.44557714599843595,scr1988,avaStIn,bevPsngRoadPrvt
49AT,d096,0.44557714599843595,scr1988,avaStIn,bevPsngRoadPrvt
49AT,d097,0.44557714599843595,scr1988,avaStIn,bevPsngRoadPrvt
49AT,d098,0.44557714599843595,scr1988,avaStIn,bevPsngRoadPrvt
49AT,d099,0.46722091136161586,scr1988,avaStIn,bevPsngRoadPrvt
49AT,d100,0.47222289515354826,scr1988,avaStIn,bevPsngRoadPrvt
49AT,d101,0.45053862653839677,scr1988,avaStIn,bevPsngRoadPrvt
49AT,d102,0.44557714599843595,scr1988,avaStIn,bevPsngRoadPrvt
49AT,d103,0.44557714599843595,scr1988,avaStIn,bevPsngRoadPrvt
49AT,d104,0.44557714599843595,scr1988,avaStIn,bevPsngRoadPrvt
49AT,d105,0.44557714599843595,scr1988,avaStIn,bevPsngRoadPrvt
49AT,d106,0.46722091136161586,scr1988,avaStIn,bevPsngRoadPrvt
49AT,d107,0.47222289515354826,scr1988,avaStIn,bevPsngRoadPrvt
49AT,d108,0.45053862653839677,scr1988,avaStIn,bevPsngRoadPrvt
49AT,d109,0.44557714599843595,scr1988,avaStIn,bevPsngRoadPrvt
49AT,d110,0.44557714599843595,scr1988,avaStIn,bevPsngRoadPrvt
49AT,d111,0.44557714599843595,scr1988,avaStIn,bevPsngRoadPrvt
49AT,d112,0.44557714599843595,scr1988,avaStIn,bevPsngRoadPrvt
49AT,d113,0.46722091136161586,scr1988,avaStIn,bevPsngRoadPrvt
49AT,d114,0.47222289515354826,scr1988,avaStIn,bevPsngRoadPrvt
49AT,d115,0.45053862653839677,scr1988,avaStIn,bevPsngRoadPrvt
49AT,d116,0.44557714599843595,scr1988,avaStIn,bevPsngRoadPrvt
49AT,d117,0.44557714599843595,scr1988,avaStIn,bevPsngRoadPrvt
49AT,d118,0.44557714599843595,scr1988,avaStIn,bevPsngRoadPrvt
49AT,d119,0.44557714599843595,scr1988,avaStIn,bevPsngRoadPrvt
49AT,d120,0.46722091136161586,scr1988,avaStIn,bevPsngRoadPrvt
49AT,d121,0.47222289515354826,scr1988,avaStIn,bevPsngRoadPrvt
49AT,d122,0.45053862653839677,scr1988,avaStIn,bevPsngRoadPrvt
49AT,d123,0.4547536638034571,scr1988,avaStIn,bevPsngRoadPrvt
49AT,d124,0.4432711785319287,scr1988,avaStIn,bevPsngRoadPrvt
49AT,d125,0.4432711785319287,scr1988,avaStIn,bevPsngRoadPrvt
49AT,d126,0.4432711785319287,scr1988,avaStIn,bevPsngRoadPrvt
49AT,d127,0.44413811018389965,scr1988,avaStIn,bevPsngRoadPrvt
49AT,d128,0.43646102703319944,scr1988,avaStIn,bevPsngRoadPrvt
49AT,d129,0.4353950159570614,scr1988,avaStIn,bevPsngRoadPrvt
49AT,d130,0.4432711785319287,scr1988,avaStIn,bevPsngRoadPrvt
49AT,d131,0.4432711785319287,scr1988,avaStIn,bevPsngRoadPrvt
49AT,d132,0.4432711785319287,scr1988,avaStIn,bevPsngRoadPrvt
49AT,d133,0.4432711785319287,scr1988,avaStIn,bevPsngRoadPrvt
49AT,d134,0.44413811018389965,scr1988,avaStIn,bevPsngRoadPrvt
49AT,d135,0.43646102703319944,scr1988,avaStIn,bevPsngRoadPrvt
49AT,d136,0.4353950159570614,scr1988,avaStIn,bevPsngRoadPrvt
49AT,d137,0.4432711785319287,scr1988,avaStIn,bevPsngRoadPrvt
49AT,d138,0.4432711785319287,scr1988,avaStIn,bevPsngRoadPrvt
49AT,d139,0.4432711785319287,scr1988,avaStIn,bevPsngRoadPrvt
49AT,d140,0.4432711785319287,scr1988,avaStIn,bevPsngRoadPrvt
49AT,d141,0.44413811018389965,scr1988,avaStIn,bevPsngRoadPrvt
49AT,d142,0.43646102703319944,scr1988,avaStIn,bevPsngRoadPrvt
49AT,d143,0.4353950159570614,scr1988,avaStIn,bevPsngRoadPrvt
49AT,d144,0.4432711785319287,scr1988,avaStIn,bevPsngRoadPrvt
49AT,d145,0.4432711785319287,scr1988,avaStIn,bevPsngRoadPrvt
49AT,d146,0.4432711785319287,scr1988,avaStIn,bevPsngRoadPrvt
49AT,d147,0.4432711785319287,scr1988,avaStIn,bevPsngRoadPrvt
49AT,d148,0.44413811018389965,scr1988,avaStIn,bevPsngRoadPrvt
49AT,d149,0.43646102703319944,scr1988,avaStIn,bevPsngRoadPrvt
49AT,d150,0.4353950159570614,scr1988,avaStIn,bevPsngRoadPrvt
49AT,d151,0.4432711785319287,scr1988,avaStIn,bevPsngRoadPrvt
49AT,d152,0.4432711785319287,scr1988,avaStIn,bevPsngRoadPrvt
49AT,d153,0.4432711785319287,scr1988,avaStIn,bevPsngRoadPrvt
49AT,d154,0.4379237182393594,scr1988,avaStIn,bevPsngRoadPrvt
49AT,d155,0.4442433302373707,scr1988,avaStIn,bevPsngRoadPrvt
49AT,d156,0.4453986384192496,scr1988,avaStIn,bevPsngRoadPrvt
49AT,d157,0.4451846334488831,scr1988,avaStIn,bevPsngRoadPrvt
49AT,d158,0.44406748886780784,scr1988,avaStIn,bevPsngRoadPrvt
49AT,d159,0.44406748886780784,scr1988,avaStIn,bevPsngRoadPrvt
49AT,d160,0.44406748886780784,scr1988,avaStIn,bevPsngRoadPrvt
49AT,d161,0.44406748886780784,scr1988,avaStIn,bevPsngRoadPrvt
49AT,d162,0.4442433302373707,scr1988,avaStIn,bevPsngRoadPrvt
49AT,d163,0.4453986384192496,scr1988,avaStIn,bevPsngRoadPrvt
49AT,d164,0.4451846334488831,scr1988,avaStIn,bevPsngRoadPrvt
49AT,d165,0.44406748886780784,scr1988,avaStIn,bevPsngRoadPrvt
49AT,d166,0.44406748886780784,scr1988,avaStIn,bevPsngRoadPrvt
49AT,d167,0.44406748886780784,scr1988,avaStIn,bevPsngRoadPrvt
49AT,d168,0.44406748886780784,scr1988,avaStIn,bevPsngRoadPrvt
49AT,d169,0.4442433302373707,scr1988,avaStIn,bevPsngRoadPrvt
49AT,d170,0.4453986384192496,scr1988,avaStIn,bevPsngRoadPrvt
49AT,d171,0.4451846334488831,scr1988,avaStIn,bevPsngRoadPrvt
49AT,d172,0.44406748886780784,scr1988,avaStIn,bevPsngRoadPrvt
49AT,d173,0.44406748886780784,scr1988,avaStIn,bevPsngRoadPrvt
49AT,d174,0.44406748886780784,scr1988,avaStIn,bevPsngRoadPrvt
49AT,d175,0.44406748886780784,scr1988,avaStIn,bevPsngRoadPrvt
49AT,d176,0.4442433302373707,scr1988,avaStIn,bevPsngRoadPrvt
49AT,d177,0.4453986384192496,scr1988,avaStIn,bevPsngRoadPrvt
49AT,d178,0.4451846334488831,scr1988,avaStIn,bevPsngRoadPrvt
49AT,d179,0.44406748886780784,scr1988,avaStIn,bevPsngRoadPrvt
49AT,d180,0.44406748886780784,scr1988,avaStIn,bevPsngRoadPrvt
49AT,d181,0.44406748886780784,scr1988,avaStIn,bevPsngRoadPrvt
49AT,d182,0.44406748886780784,scr1988,avaStIn,bevPsngRoadPrvt
50AT,d092,0.39695079066339795,scr1988,avaStIn,bevPsngRoadPrvt
50AT,d093,0.44230048575854214,scr1988,avaStIn,bevPsngRoadPrvt
50AT,d094,0.44557714599843595,scr1988,avaStIn,bevPsngRoadPrvt
50AT,d095,0.44557714599843595,scr1988,avaStIn,bevPsngRoadPrvt
50AT,d096,0.44557714599843595,scr1988,avaStIn,bevPsngRoadPrvt
50AT,d097,0.44557714599843595,scr1988,avaStIn,bevPsngRoadPrvt
50AT,d098,0.44557714599843595,scr1988,avaStIn,bevPsngRoadPrvt
50AT,d099,0.46722091136161586,scr1988,avaStIn,bevPsngRoadPrvt
50AT,d100,0.47222289515354826,scr1988,avaStIn,bevPsngRoadPrvt
50AT,d101,0.45053862653839677,scr1988,avaStIn,bevPsngRoadPrvt
50AT,d102,0.44557714599843595,scr1988,avaStIn,bevPsngRoadPrvt
50AT,d103,0.44557714599843595,scr1988,avaStIn,bevPsngRoadPrvt
50AT,d104,0.44557714599843595,scr1988,avaStIn,bevPsngRoadPrvt
50AT,d105,0.44557714599843595,scr1988,avaStIn,bevPsngRoadPrvt
50AT,d106,0.46722091136161586,scr1988,avaStIn,bevPsngRoadPrvt
50AT,d107,0.47222289515354826,scr1988,avaStIn,bevPsngRoadPrvt
50AT,d108,0.45053862653839677,scr1988,avaStIn,bevPsngRoadPrvt
50AT,d109,0.44557714599843595,scr1988,avaStIn,bevPsngRoadPrvt
50AT,d110,0.44557714599843595,scr1988,avaStIn,bevPsngRoadPrvt
50AT,d111,0.44557714599843595,scr1988,avaStIn,bevPsngRoadPrvt
50AT,d112,0.44557714599843595,scr1988,avaStIn,bevPsngRoadPrvt
50AT,d113,0.46722091136161586,scr1988,avaStIn,bevPsngRoadPrvt
50AT,d114,0.47222289515354826,scr1988,avaStIn,bevPsngRoadPrvt
50AT,d115,0.45053862653839677,scr1988,avaStIn,bevPsngRoadPrvt
50AT,d116,0.44557714599843595,scr1988,avaStIn,bevPsngRoadPrvt
50AT,d117,0.44557714599843595,scr1988,avaStIn,bevPsngRoadPrvt
50AT,d118,0.44557714599843595,scr1988,avaStIn,bevPsngRoadPrvt
50AT,d119,0.44557714599843595,scr1988,avaStIn,bevPsngRoadPrvt
50AT,d120,0.46722091136161586,scr1988,avaStIn,bevPsngRoadPrvt
50AT,d121,0.47222289515354826,scr1988,avaStIn,bevPsngRoadPrvt
50AT,d122,0.45053862653839677,scr1988,avaStIn,bevPsngRoadPrvt
50AT,d123,0.4547536638034571,scr1988,avaStIn,bevPsngRoadPrvt
50AT,d124,0.4432711785319287,scr1988,avaStIn,bevPsngRoadPrvt
50AT,d125,0.4432711785319287,scr1988,avaStIn,bevPsngRoadPrvt
50AT,d126,0.4432711785319287,scr1988,avaStIn,bevPsngRoadPrvt
50AT,d127,0.44413811018389965,scr1988,avaStIn,bevPsngRoadPrvt
50AT,d128,0.43646102703319944,scr1988,avaStIn,bevPsngRoadPrvt
50AT,d129,0.4353950159570614,scr1988,avaStIn,bevPsngRoadPrvt
50AT,d130,0.4432711785319287,scr1988,avaStIn,bevPsngRoadPrvt
50AT,d131,0.4432711785319287,scr1988,avaStIn,bevPsngRoadPrvt
50AT,d132,0.4432711785319287,scr1988,avaStIn,bevPsngRoadPrvt
50AT,d133,0.4432711785319287,scr1988,avaStIn,bevPsngRoadPrvt
50AT,d134,0.44413811018389965,scr1988,avaStIn,bevPsngRoadPrvt
50AT,d135,0.43646102703319944,scr1988,avaStIn,bevPsngRoadPrvt
50AT,d136,0.4353950159570614,scr1988,avaStIn,bevPsngRoadPrvt
50AT,d137,0.4432711785319287,scr1988,avaStIn,bevPsngRoadPrvt
50AT,d138,0.4432711785319287,scr1988,avaStIn,bevPsngRoadPrvt
50AT,d139,0.4432711785319287,scr1988,avaStIn,bevPsngRoadPrvt
50AT,d140,0.4432711785319287,scr1988,avaStIn,bevPsngRoadPrvt
50AT,d141,0.44413811018389965,scr1988,avaStIn,bevPsngRoadPrvt
50AT,d142,0.43646102703319944,scr1988,avaStIn,bevPsngRoadPrvt
50AT,d143,0.4353950159570614,scr1988,avaStIn,bevPsngRoadPrvt
50AT,d144,0.4432711785319287,scr1988,avaStIn,bevPsngRoadPrvt
50AT,d145,0.4432711785319287,scr1988,avaStIn,bevPsngRoadPrvt
50AT,d146,0.4432711785319287,scr1988,avaStIn,bevPsngRoadPrvt
50AT,d147,0.4432711785319287,scr1988,avaStIn,bevPsngRoadPrvt
50AT,d148,0.44413811018389965,scr1988,avaStIn,bevPsngRoadPrvt
50AT,d149,0.43646102703319944,scr1988,avaStIn,bevPsngRoadPrvt
50AT,d150,0.4353950159570614,scr1988,avaStIn,bevPsngRoadPrvt
50AT,d151,0.4432711785319287,scr1988,avaStIn,bevPsngRoadPrvt
50AT,d152,0.4432711785319287,scr1988,avaStIn,bevPsngRoadPrvt
50AT,d153,0.4432711785319287,scr1988,avaStIn,bevPsngRoadPrvt
50AT,d154,0.4379237182393594,scr1988,avaStIn,bevPsngRoadPrvt
50AT,d155,0.4442433302373707,scr1988,avaStIn,bevPsngRoadPrvt
50AT,d156,0.4453986384192496,scr1988,avaStIn,bevPsngRoadPrvt
50AT,d157,0.4451846334488831,scr1988,avaStIn,bevPsngRoadPrvt
50AT,d158,0.44406748886780784,scr1988,avaStIn,bevPsngRoadPrvt
50AT,d159,0.44406748886780784,scr1988,avaStIn,bevPsngRoadPrvt
50AT,d160,0.44406748886780784,scr1988,avaStIn,bevPsngRoadPrvt
50AT,d161,0.44406748886780784,scr1988,avaStIn,bevPsngRoadPrvt
50AT,d162,0.4442433302373707,scr1988,avaStIn,bevPsngRoadPrvt
50AT,d163,0.4453986384192496,scr1988,avaStIn,bevPsngRoadPrvt
50AT,d164,0.4451846334488831,scr1988,avaStIn,bevPsngRoadPrvt
50AT,d165,0.44406748886780784,scr1988,avaStIn,bevPsngRoadPrvt
50AT,d166,0.44406748886780784,scr1988,avaStIn,bevPsngRoadPrvt
50AT,d167,0.44406748886780784,scr1988,avaStIn,bevPsngRoadPrvt
50AT,d168,0.44406748886780784,scr1988,avaStIn,bevPsngRoadPrvt
50AT,d169,0.4442433302373707,scr1988,avaStIn,bevPsngRoadPrvt
50AT,d170,0.4453986384192496,scr1988,avaStIn,bevPsngRoadPrvt
50AT,d171,0.4451846334488831,scr1988,avaStIn,bevPsngRoadPrvt
50AT,d172,0.44406748886780784,scr1988,avaStIn,bevPsngRoadPrvt
50AT,d173,0.44406748886780784,scr1988,avaStIn,bevPsngRoadPrvt
50AT,d174,0.44406748886780784,scr1988,avaStIn,bevPsngRoadPrvt
50AT,d175,0.44406748886780784,scr1988,avaStIn,bevPsngRoadPrvt
50AT,d176,0.4442433302373707,scr1988,avaStIn,bevPsngRoadPrvt
50AT,d177,0.4453986384192496,scr1988,avaStIn,bevPsngRoadPrvt
50AT,d178,0.4451846334488831,scr1988,avaStIn,bevPsngRoadPrvt
50AT,d179,0.44406748886780784,scr1988,avaStIn,bevPsngRoadPrvt
50AT,d180,0.44406748886780784,scr1988,avaStIn,bevPsngRoadPrvt
50AT,d181,0.44406748886780784,scr1988,avaStIn,bevPsngRoadPrvt
50AT,d182,0.44406748886780784,scr1988,avaStIn,bevPsngRoadPrvt
51AT,d092,0.39695079066339795,scr1988,avaStIn,bevPsngRoadPrvt
51AT,d093,0.44230048575854214,scr1988,avaStIn,bevPsngRoadPrvt
51AT,d094,0.44557714599843595,scr1988,avaStIn,bevPsngRoadPrvt
51AT,d095,0.44557714599843595,scr1988,avaStIn,bevPsngRoadPrvt
51AT,d096,0.44557714599843595,scr1988,avaStIn,bevPsngRoadPrvt
51AT,d097,0.44557714599843595,scr1988,avaStIn,bevPsngRoadPrvt
51AT,d098,0.44557714599843595,scr1988,avaStIn,bevPsngRoadPrvt
51AT,d099,0.46722091136161586,scr1988,avaStIn,bevPsngRoadPrvt
51AT,d100,0.47222289515354826,scr1988,avaStIn,bevPsngRoadPrvt
51AT,d101,0.45053862653839677,scr1988,avaStIn,bevPsngRoadPrvt
51AT,d102,0.44557714599843595,scr1988,avaStIn,bevPsngRoadPrvt
51AT,d103,0.44557714599843595,scr1988,avaStIn,bevPsngRoadPrvt
51AT,d104,0.44557714599843595,scr1988,avaStIn,bevPsngRoadPrvt
51AT,d105,0.44557714599843595,scr1988,avaStIn,bevPsngRoadPrvt
51AT,d106,0.46722091136161586,scr1988,avaStIn,bevPsngRoadPrvt
51AT,d107,0.47222289515354826,scr1988,avaStIn,bevPsngRoadPrvt
51AT,d108,0.45053862653839677,scr1988,avaStIn,bevPsngRoadPrvt
51AT,d109,0.44557714599843595,scr1988,avaStIn,bevPsngRoadPrvt
51AT,d110,0.44557714599843595,scr1988,avaStIn,bevPsngRoadPrvt
51AT,d111,0.44557714599843595,scr1988,avaStIn,bevPsngRoadPrvt
51AT,d112,0.44557714599843595,scr1988,avaStIn,bevPsngRoadPrvt
51AT,d113,0.46722091136161586,scr1988,avaStIn,bevPsngRoadPrvt
51AT,d114,0.47222289515354826,scr1988,avaStIn,bevPsngRoadPrvt
51AT,d115,0.45053862653839677,scr1988,avaStIn,bevPsngRoadPrvt
51AT,d116,0.44557714599843595,scr1988,avaStIn,bevPsngRoadPrvt
51AT,d117,0.44557714599843595,scr1988,avaStIn,bevPsngRoadPrvt
51AT,d118,0.44557714599843595,scr1988,avaStIn,bevPsngRoadPrvt
51AT,d119,0.44557714599843595,scr1988,avaStIn,bevPsngRoadPrvt
51AT,d120,0.46722091136161586,scr1988,avaStIn,bevPsngRoadPrvt
51AT,d121,0.47222289515354826,scr1988,avaStIn,bevPsngRoadPrvt
51AT,d122,0.45053862653839677,scr1988,avaStIn,bevPsngRoadPrvt
51AT,d123,0.4547536638034571,scr1988,avaStIn,bevPsngRoadPrvt
51AT,d124,0.4432711785319287,scr1988,avaStIn,bevPsngRoadPrvt
51AT,d125,0.4432711785319287,scr1988,avaStIn,bevPsngRoadPrvt
51AT,d126,0.4432711785319287,scr1988,avaStIn,bevPsngRoadPrvt
51AT,d127,0.44413811018389965,scr1988,avaStIn,bevPsngRoadPrvt
51AT,d128,0.43646102703319944,scr1988,avaStIn,bevPsngRoadPrvt
51AT,d129,0.4353950159570614,scr1988,avaStIn,bevPsngRoadPrvt
51AT,d130,0.4432711785319287,scr1988,avaStIn,bevPsngRoadPrvt
51AT,d131,0.4432711785319287,scr1988,avaStIn,bevPsngRoadPrvt
51AT,d132,0.4432711785319287,scr1988,avaStIn,bevPsngRoadPrvt
51AT,d133,0.4432711785319287,scr1988,avaStIn,bevPsngRoadPrvt
51AT,d134,0.44413811018389965,scr1988,avaStIn,bevPsngRoadPrvt
51AT,d135,0.43646102703319944,scr1988,avaStIn,bevPsngRoadPrvt
51AT,d136,0.4353950159570614,scr1988,avaStIn,bevPsngRoadPrvt
51AT,d137,0.4432711785319287,scr1988,avaStIn,bevPsngRoadPrvt
51AT,d138,0.4432711785319287,scr1988,avaStIn,bevPsngRoadPrvt
51AT,d139,0.4432711785319287,scr1988,avaStIn,bevPsngRoadPrvt
51AT,d140,0.4432711785319287,scr1988,avaStIn,bevPsngRoadPrvt
51AT,d141,0.44413811018389965,scr1988,avaStIn,bevPsngRoadPrvt
51AT,d142,0.43646102703319944,scr1988,avaStIn,bevPsngRoadPrvt
51AT,d143,0.4353950159570614,scr1988,avaStIn,bevPsngRoadPrvt
51AT,d144,0.4432711785319287,scr1988,avaStIn,bevPsngRoadPrvt
51AT,d145,0.4432711785319287,scr1988,avaStIn,bevPsngRoadPrvt
51AT,d146,0.4432711785319287,scr1988,avaStIn,bevPsngRoadPrvt
51AT,d147,0.4432711785319287,scr1988,avaStIn,bevPsngRoadPrvt
51AT,d148,0.44413811018389965,scr1988,avaStIn,bevPsngRoadPrvt
51AT,d149,0.43646102703319944,scr1988,avaStIn,bevPsngRoadPrvt
51AT,d150,0.4353950159570614,scr1988,avaStIn,bevPsngRoadPrvt
51AT,d151,0.4432711785319287,scr1988,avaStIn,bevPsngRoadPrvt
51AT,d152,0.4432711785319287,scr1988,avaStIn,bevPsngRoadPrvt
51AT,d153,0.4432711785319287,scr1988,avaStIn,bevPsngRoadPrvt
51AT,d154,0.4379237182393594,scr1988,avaStIn,bevPsngRoadPrvt
51AT,d155,0.4442433302373707,scr1988,avaStIn,bevPsngRoadPrvt
51AT,d156,0.4453986384192496,scr1988,avaStIn,bevPsngRoadPrvt
51AT,d157,0.4451846334488831,scr1988,avaStIn,bevPsngRoadPrvt
51AT,d158,0.44406748886780784,scr1988,avaStIn,bevPsngRoadPrvt
51AT,d159,0.44406748886780784,scr1988,avaStIn,bevPsngRoadPrvt
51AT,d160,0.44406748886780784,scr1988,avaStIn,bevPsngRoadPrvt
51AT,d161,0.44406748886780784,scr1988,avaStIn,bevPsngRoadPrvt
51AT,d162,0.4442433302373707,scr1988,avaStIn,bevPsngRoadPrvt
51AT,d163,0.4453986384192496,scr1988,avaStIn,bevPsngRoadPrvt
51AT,d164,0.4451846334488831,scr1988,avaStIn,bevPsngRoadPrvt
51AT,d165,0.44406748886780784,scr1988,avaStIn,bevPsngRoadPrvt
51AT,d166,0.44406748886780784,scr1988,avaStIn,bevPsngRoadPrvt
51AT,d167,0.44406748886780784,scr1988,avaStIn,bevPsngRoadPrvt
51AT,d168,0.44406748886780784,scr1988,avaStIn,bevPsngRoadPrvt
51AT,d169,0.4442433302373707,scr1988,avaStIn,bevPsngRoadPrvt
51AT,d170,0.4453986384192496,scr1988,avaStIn,bevPsngRoadPrvt
51AT,d171,0.4451846334488831,scr1988,avaStIn,bevPsngRoadPrvt
51AT,d172,0.44406748886780784,scr1988,avaStIn,bevPsngRoadPrvt
51AT,d173,0.44406748886780784,scr1988,avaStIn,bevPsngRoadPrvt
51AT,d174,0.44406748886780784,scr1988,avaStIn,bevPsngRoadPrvt
51AT,d175,0.44406748886780784,scr1988,avaStIn,bevPsngRoadPrvt
51AT,d176,0.4442433302373707,scr1988,avaStIn,bevPsngRoadPrvt
51AT,d177,0.4453986384192496,scr1988,avaStIn,bevPsngRoadPrvt
51AT,d178,0.4451846334488831,scr1988,avaStIn,bevPsngRoadPrvt
51AT,d179,0.44406748886780784,scr1988,avaStIn,bevPsngRoadPrvt
51AT,d180,0.44406748886780784,scr1988,avaStIn,bevPsngRoadPrvt
51AT,d181,0.44406748886780784,scr1988,avaStIn,bevPsngRoadPrvt
51AT,d182,0.44406748886780784,scr1988,avaStIn,bevPsngRoadPrvt
52IT,d092,0.39695079066339795,scr1988,avaStIn,bevPsngRoadPrvt
52IT,d093,0.44230048575854214,scr1988,avaStIn,bevPsngRoadPrvt
52IT,d094,0.44557714599843595,scr1988,avaStIn,bevPsngRoadPrvt
52IT,d095,0.44557714599843595,scr1988,avaStIn,bevPsngRoadPrvt
52IT,d096,0.44557714599843595,scr1988,avaStIn,bevPsngRoadPrvt
52IT,d097,0.44557714599843595,scr1988,avaStIn,bevPsngRoadPrvt
52IT,d098,0.44557714599843595,scr1988,avaStIn,bevPsngRoadPrvt
52IT,d099,0.46722091136161586,scr1988,avaStIn,bevPsngRoadPrvt
52IT,d100,0.47222289515354826,scr1988,avaStIn,bevPsngRoadPrvt
52IT,d101,0.45053862653839677,scr1988,avaStIn,bevPsngRoadPrvt
52IT,d102,0.44557714599843595,scr1988,avaStIn,bevPsngRoadPrvt
52IT,d103,0.44557714599843595,scr1988,avaStIn,bevPsngRoadPrvt
52IT,d104,0.44557714599843595,scr1988,avaStIn,bevPsngRoadPrvt
52IT,d105,0.44557714599843595,scr1988,avaStIn,bevPsngRoadPrvt
52IT,d106,0.46722091136161586,scr1988,avaStIn,bevPsngRoadPrvt
52IT,d107,0.47222289515354826,scr1988,avaStIn,bevPsngRoadPrvt
52IT,d108,0.45053862653839677,scr1988,avaStIn,bevPsngRoadPrvt
52IT,d109,0.44557714599843595,scr1988,avaStIn,bevPsngRoadPrvt
52IT,d110,0.44557714599843595,scr1988,avaStIn,bevPsngRoadPrvt
52IT,d111,0.44557714599843595,scr1988,avaStIn,bevPsngRoadPrvt
52IT,d112,0.44557714599843595,scr1988,avaStIn,bevPsngRoadPrvt
52IT,d113,0.46722091136161586,scr1988,avaStIn,bevPsngRoadPrvt
52IT,d114,0.47222289515354826,scr1988,avaStIn,bevPsngRoadPrvt
52IT,d115,0.45053862653839677,scr1988,avaStIn,bevPsngRoadPrvt
52IT,d116,0.44557714599843595,scr1988,avaStIn,bevPsngRoadPrvt
52IT,d117,0.44557714599843595,scr1988,avaStIn,bevPsngRoadPrvt
52IT,d118,0.44557714599843595,scr1988,avaStIn,bevPsngRoadPrvt
52IT,d119,0.44557714599843595,scr1988,avaStIn,bevPsngRoadPrvt
52IT,d120,0.46722091136161586,scr1988,avaStIn,bevPsngRoadPrvt
52IT,d121,0.47222289515354826,scr1988,avaStIn,bevPsngRoadPrvt
52IT,d122,0.45053862653839677,scr1988,avaStIn,bevPsngRoadPrvt
52IT,d123,0.4547536638034571,scr1988,avaStIn,bevPsngRoadPrvt
52IT,d124,0.4432711785319287,scr1988,avaStIn,bevPsngRoadPrvt
52IT,d125,0.4432711785319287,scr1988,avaStIn,bevPsngRoadPrvt
52IT,d126,0.4432711785319287,scr1988,avaStIn,bevPsngRoadPrvt
52IT,d127,0.44413811018389965,scr1988,avaStIn,bevPsngRoadPrvt
52IT,d128,0.43646102703319944,scr1988,avaStIn,bevPsngRoadPrvt
52IT,d129,0.4353950159570614,scr1988,avaStIn,bevPsngRoadPrvt
52IT,d130,0.4432711785319287,scr1988,avaStIn,bevPsngRoadPrvt
52IT,d131,0.4432711785319287,scr1988,avaStIn,bevPsngRoadPrvt
52IT,d132,0.4432711785319287,scr1988,avaStIn,bevPsngRoadPrvt
52IT,d133,0.4432711785319287,scr1988,avaStIn,bevPsngRoadPrvt
52IT,d134,0.44413811018389965,scr1988,avaStIn,bevPsngRoadPrvt
52IT,d135,0.43646102703319944,scr1988,avaStIn,bevPsngRoadPrvt
52IT,d136,0.4353950159570614,scr1988,avaStIn,bevPsngRoadPrvt
52IT,d137,0.4432711785319287,scr1988,avaStIn,bevPsngRoadPrvt
52IT,d138,0.4432711785319287,scr1988,avaStIn,bevPsngRoadPrvt
52IT,d139,0.4432711785319287,scr1988,avaStIn,bevPsngRoadPrvt
52IT,d140,0.4432711785319287,scr1988,avaStIn,bevPsngRoadPrvt
52IT,d141,0.44413811018389965,scr1988,avaStIn,bevPsngRoadPrvt
52IT,d142,0.43646102703319944,scr1988,avaStIn,bevPsngRoadPrvt
52IT,d143,0.4353950159570614,scr1988,avaStIn,bevPsngRoadPrvt
52IT,d144,0.4432711785319287,scr1988,avaStIn,bevPsngRoadPrvt
52IT,d145,0.4432711785319287,scr1988,avaStIn,bevPsngRoadPrvt
52IT,d146,0.4432711785319287,scr1988,avaStIn,bevPsngRoadPrvt
52IT,d147,0.4432711785319287,scr1988,avaStIn,bevPsngRoadPrvt
52IT,d148,0.44413811018389965,scr1988,avaStIn,bevPsngRoadPrvt
52IT,d149,0.43646102703319944,scr1988,avaStIn,bevPsngRoadPrvt
52IT,d150,0.4353950159570614,scr1988,avaStIn,bevPsngRoadPrvt
52IT,d151,0.4432711785319287,scr1988,avaStIn,bevPsngRoadPrvt
52IT,d152,0.4432711785319287,scr1988,avaStIn,bevPsngRoadPrvt
52IT,d153,0.4432711785319287,scr1988,avaStIn,bevPsngRoadPrvt
52IT,d154,0.4379237182393594,scr1988,avaStIn,bevPsngRoadPrvt
52IT,d155,0.4442433302373707,scr1988,avaStIn,bevPsngRoadPrvt
52IT,d156,0.4453986384192496,scr1988,avaStIn,bevPsngRoadPrvt
52IT,d157,0.4451846334488831,scr1988,avaStIn,bevPsngRoadPrvt
52IT,d158,0.44406748886780784,scr1988,avaStIn,bevPsngRoadPrvt
52IT,d159,0.44406748886780784,scr1988,avaStIn,bevPsngRoadPrvt
52IT,d160,0.44406748886780784,scr1988,avaStIn,bevPsngRoadPrvt
52IT,d161,0.44406748886780784,scr1988,avaStIn,bevPsngRoadPrvt
52IT,d162,0.4442433302373707,scr1988,avaStIn,bevPsngRoadPrvt
52IT,d163,0.4453986384192496,scr1988,avaStIn,bevPsngRoadPrvt
52IT,d164,0.4451846334488831,scr1988,avaStIn,bevPsngRoadPrvt
52IT,d165,0.44406748886780784,scr1988,avaStIn,bevPsngRoadPrvt
52IT,d166,0.44406748886780784,scr1988,avaStIn,bevPsngRoadPrvt
52IT,d167,0.44406748886780784,scr1988,avaStIn,bevPsngRoadPrvt
52IT,d168,0.44406748886780784,scr1988,avaStIn,bevPsngRoadPrvt
52IT,d169,0.4442433302373707,scr1988,avaStIn,bevPsngRoadPrvt
52IT,d170,0.4453986384192496,scr1988,avaStIn,bevPsngRoadPrvt
52IT,d171,0.4451846334488831,scr1988,avaStIn,bevPsngRoadPrvt
52IT,d172,0.44406748886780784,scr1988,avaStIn,bevPsngRoadPrvt
52IT,d173,0.44406748886780784,scr1988,avaStIn,bevPsngRoadPrvt
52IT,d174,0.44406748886780784,scr1988,avaStIn,bevPsngRoadPrvt
52IT,d175,0.44406748886780784,scr1988,avaStIn,bevPsngRoadPrvt
52IT,d176,0.4442433302373707,scr1988,avaStIn,bevPsngRoadPrvt
52IT,d177,0.4453986384192496,scr1988,avaStIn,bevPsngRoadPrvt
52IT,d178,0.4451846334488831,scr1988,avaStIn,bevPsngRoadPrvt
52IT,d179,0.44406748886780784,scr1988,avaStIn,bevPsngRoadPrvt
52IT,d180,0.44406748886780784,scr1988,avaStIn,bevPsngRoadPrvt
52IT,d181,0.44406748886780784,scr1988,avaStIn,bevPsngRoadPrvt
52IT,d182,0.44406748886780784,scr1988,avaStIn,bevPsngRoadPrvt
53IT,d092,0.39695079066339795,scr1988,avaStIn,bevPsngRoadPrvt
53IT,d093,0.44230048575854214,scr1988,avaStIn,bevPsngRoadPrvt
53IT,d094,0.44557714599843595,scr1988,avaStIn,bevPsngRoadPrvt
53IT,d095,0.44557714599843595,scr1988,avaStIn,bevPsngRoadPrvt
53IT,d096,0.44557714599843595,scr1988,avaStIn,bevPsngRoadPrvt
53IT,d097,0.44557714599843595,scr1988,avaStIn,bevPsngRoadPrvt
53IT,d098,0.44557714599843595,scr1988,avaStIn,bevPsngRoadPrvt
53IT,d099,0.46722091136161586,scr1988,avaStIn,bevPsngRoadPrvt
53IT,d100,0.47222289515354826,scr1988,avaStIn,bevPsngRoadPrvt
53IT,d101,0.45053862653839677,scr1988,avaStIn,bevPsngRoadPrvt
53IT,d102,0.44557714599843595,scr1988,avaStIn,bevPsngRoadPrvt
53IT,d103,0.44557714599843595,scr1988,avaStIn,bevPsngRoadPrvt
53IT,d104,0.44557714599843595,scr1988,avaStIn,bevPsngRoadPrvt
53IT,d105,0.44557714599843595,scr1988,avaStIn,bevPsngRoadPrvt
53IT,d106,0.46722091136161586,scr1988,avaStIn,bevPsngRoadPrvt
53IT,d107,0.47222289515354826,scr1988,avaStIn,bevPsngRoadPrvt
53IT,d108,0.45053862653839677,scr1988,avaStIn,bevPsngRoadPrvt
53IT,d109,0.44557714599843595,scr1988,avaStIn,bevPsngRoadPrvt
53IT,d110,0.44557714599843595,scr1988,avaStIn,bevPsngRoadPrvt
53IT,d111,0.44557714599843595,scr1988,avaStIn,bevPsngRoadPrvt
53IT,d112,0.44557714599843595,scr1988,avaStIn,bevPsngRoadPrvt
53IT,d113,0.46722091136161586,scr1988,avaStIn,bevPsngRoadPrvt
53IT,d114,0.47222289515354826,scr1988,avaStIn,bevPsngRoadPrvt
53IT,d115,0.45053862653839677,scr1988,avaStIn,bevPsngRoadPrvt
53IT,d116,0.44557714599843595,scr1988,avaStIn,bevPsngRoadPrvt
53IT,d117,0.44557714599843595,scr1988,avaStIn,bevPsngRoadPrvt
53IT,d118,0.44557714599843595,scr1988,avaStIn,bevPsngRoadPrvt
53IT,d119,0.44557714599843595,scr1988,avaStIn,bevPsngRoadPrvt
53IT,d120,0.46722091136161586,scr1988,avaStIn,bevPsngRoadPrvt
53IT,d121,0.47222289515354826,scr1988,avaStIn,bevPsngRoadPrvt
53IT,d122,0.45053862653839677,scr1988,avaStIn,bevPsngRoadPrvt
53IT,d123,0.4547536638034571,scr1988,avaStIn,bevPsngRoadPrvt
53IT,d124,0.4432711785319287,scr1988,avaStIn,bevPsngRoadPrvt
53IT,d125,0.4432711785319287,scr1988,avaStIn,bevPsngRoadPrvt
53IT,d126,0.4432711785319287,scr1988,avaStIn,bevPsngRoadPrvt
53IT,d127,0.44413811018389965,scr1988,avaStIn,bevPsngRoadPrvt
53IT,d128,0.43646102703319944,scr1988,avaStIn,bevPsngRoadPrvt
53IT,d129,0.4353950159570614,scr1988,avaStIn,bevPsngRoadPrvt
53IT,d130,0.4432711785319287,scr1988,avaStIn,bevPsngRoadPrvt
53IT,d131,0.4432711785319287,scr1988,avaStIn,bevPsngRoadPrvt
53IT,d132,0.4432711785319287,scr1988,avaStIn,bevPsngRoadPrvt
53IT,d133,0.4432711785319287,scr1988,avaStIn,bevPsngRoadPrvt
53IT,d134,0.44413811018389965,scr1988,avaStIn,bevPsngRoadPrvt
53IT,d135,0.43646102703319944,scr1988,avaStIn,bevPsngRoadPrvt
53IT,d136,0.4353950159570614,scr1988,avaStIn,bevPsngRoadPrvt
53IT,d137,0.4432711785319287,scr1988,avaStIn,bevPsngRoadPrvt
53IT,d138,0.4432711785319287,scr1988,avaStIn,bevPsngRoadPrvt
53IT,d139,0.4432711785319287,scr1988,avaStIn,bevPsngRoadPrvt
53IT,d140,0.4432711785319287,scr1988,avaStIn,bevPsngRoadPrvt
53IT,d141,0.44413811018389965,scr1988,avaStIn,bevPsngRoadPrvt
53IT,d142,0.43646102703319944,scr1988,avaStIn,bevPsngRoadPrvt
53IT,d143,0.4353950159570614,scr1988,avaStIn,bevPsngRoadPrvt
53IT,d144,0.4432711785319287,scr1988,avaStIn,bevPsngRoadPrvt
53IT,d145,0.4432711785319287,scr1988,avaStIn,bevPsngRoadPrvt
53IT,d146,0.4432711785319287,scr1988,avaStIn,bevPsngRoadPrvt
53IT,d147,0.4432711785319287,scr1988,avaStIn,bevPsngRoadPrvt
53IT,d148,0.44413811018389965,scr1988,avaStIn,bevPsngRoadPrvt
53IT,d149,0.43646102703319944,scr1988,avaStIn,bevPsngRoadPrvt
53IT,d150,0.4353950159570614,scr1988,avaStIn,bevPsngRoadPrvt
53IT,d151,0.4432711785319287,scr1988,avaStIn,bevPsngRoadPrvt
53IT,d152,0.4432711785319287,scr1988,avaStIn,bevPsngRoadPrvt
53IT,d153,0.4432711785319287,scr1988,avaStIn,bevPsngRoadPrvt
53IT,d154,0.4379237182393594,scr1988,avaStIn,bevPsngRoadPrvt
53IT,d155,0.4442433302373707,scr1988,avaStIn,bevPsngRoadPrvt
53IT,d156,0.4453986384192496,scr1988,avaStIn,bevPsngRoadPrvt
53IT,d157,0.4451846334488831,scr1988,avaStIn,bevPsngRoadPrvt
53IT,d158,0.44406748886780784,scr1988,avaStIn,bevPsngRoadPrvt
53IT,d159,0.44406748886780784,scr1988,avaStIn,bevPsngRoadPrvt
53IT,d160,0.44406748886780784,scr1988,avaStIn,bevPsngRoadPrvt
53IT,d161,0.44406748886780784,scr1988,avaStIn,bevPsngRoadPrvt
53IT,d162,0.4442433302373707,scr1988,avaStIn,bevPsngRoadPrvt
53IT,d163,0.4453986384192496,scr1988,avaStIn,bevPsngRoadPrvt
53IT,d164,0.4451846334488831,scr1988,avaStIn,bevPsngRoadPrvt
53IT,d165,0.44406748886780784,scr1988,avaStIn,bevPsngRoadPrvt
53IT,d166,0.44406748886780784,scr1988,avaStIn,bevPsngRoadPrvt
53IT,d167,0.44406748886780784,scr1988,avaStIn,bevPsngRoadPrvt
53IT,d168,0.44406748886780784,scr1988,avaStIn,bevPsngRoadPrvt
53IT,d169,0.4442433302373707,scr1988,avaStIn,bevPsngRoadPrvt
53IT,d170,0.4453986384192496,scr1988,avaStIn,bevPsngRoadPrvt
53IT,d171,0.4451846334488831,scr1988,avaStIn,bevPsngRoadPrvt
53IT,d172,0.44406748886780784,scr1988,avaStIn,bevPsngRoadPrvt
53IT,d173,0.44406748886780784,scr1988,avaStIn,bevPsngRoadPrvt
53IT,d174,0.44406748886780784,scr1988,avaStIn,bevPsngRoadPrvt
53IT,d175,0.44406748886780784,scr1988,avaStIn,bevPsngRoadPrvt
53IT,d176,0.4442433302373707,scr1988,avaStIn,bevPsngRoadPrvt
53IT,d177,0.4453986384192496,scr1988,avaStIn,bevPsngRoadPrvt
53IT,d178,0.4451846334488831,scr1988,avaStIn,bevPsngRoadPrvt
53IT,d179,0.44406748886780784,scr1988,avaStIn,bevPsngRoadPrvt
53IT,d180,0.44406748886780784,scr1988,avaStIn,bevPsngRoadPrvt
53IT,d181,0.44406748886780784,scr1988,avaStIn,bevPsngRoadPrvt
53IT,d182,0.44406748886780784,scr1988,avaStIn,bevPsngRoadPrvt
54IT,d092,0.39695079066339795,scr1988,avaStIn,bevPsngRoadPrvt
54IT,d093,0.44230048575854214,scr1988,avaStIn,bevPsngRoadPrvt
54IT,d094,0.44557714599843595,scr1988,avaStIn,bevPsngRoadPrvt
54IT,d095,0.44557714599843595,scr1988,avaStIn,bevPsngRoadPrvt
54IT,d096,0.44557714599843595,scr1988,avaStIn,bevPsngRoadPrvt
54IT,d097,0.44557714599843595,scr1988,avaStIn,bevPsngRoadPrvt
54IT,d098,0.44557714599843595,scr1988,avaStIn,bevPsngRoadPrvt
54IT,d099,0.46722091136161586,scr1988,avaStIn,bevPsngRoadPrvt
54IT,d100,0.47222289515354826,scr1988,avaStIn,bevPsngRoadPrvt
54IT,d101,0.45053862653839677,scr1988,avaStIn,bevPsngRoadPrvt
54IT,d102,0.44557714599843595,scr1988,avaStIn,bevPsngRoadPrvt
54IT,d103,0.44557714599843595,scr1988,avaStIn,bevPsngRoadPrvt
54IT,d104,0.44557714599843595,scr1988,avaStIn,bevPsngRoadPrvt
54IT,d105,0.44557714599843595,scr1988,avaStIn,bevPsngRoadPrvt
54IT,d106,0.46722091136161586,scr1988,avaStIn,bevPsngRoadPrvt
54IT,d107,0.47222289515354826,scr1988,avaStIn,bevPsngRoadPrvt
54IT,d108,0.45053862653839677,scr1988,avaStIn,bevPsngRoadPrvt
54IT,d109,0.44557714599843595,scr1988,avaStIn,bevPsngRoadPrvt
54IT,d110,0.44557714599843595,scr1988,avaStIn,bevPsngRoadPrvt
54IT,d111,0.44557714599843595,scr1988,avaStIn,bevPsngRoadPrvt
54IT,d112,0.44557714599843595,scr1988,avaStIn,bevPsngRoadPrvt
54IT,d113,0.46722091136161586,scr1988,avaStIn,bevPsngRoadPrvt
54IT,d114,0.47222289515354826,scr1988,avaStIn,bevPsngRoadPrvt
54IT,d115,0.45053862653839677,scr1988,avaStIn,bevPsngRoadPrvt
54IT,d116,0.44557714599843595,scr1988,avaStIn,bevPsngRoadPrvt
54IT,d117,0.44557714599843595,scr1988,avaStIn,bevPsngRoadPrvt
54IT,d118,0.44557714599843595,scr1988,avaStIn,bevPsngRoadPrvt
54IT,d119,0.44557714599843595,scr1988,avaStIn,bevPsngRoadPrvt
54IT,d120,0.46722091136161586,scr1988,avaStIn,bevPsngRoadPrvt
54IT,d121,0.47222289515354826,scr1988,avaStIn,bevPsngRoadPrvt
54IT,d122,0.45053862653839677,scr1988,avaStIn,bevPsngRoadPrvt
54IT,d123,0.4547536638034571,scr1988,avaStIn,bevPsngRoadPrvt
54IT,d124,0.4432711785319287,scr1988,avaStIn,bevPsngRoadPrvt
54IT,d125,0.4432711785319287,scr1988,avaStIn,bevPsngRoadPrvt
54IT,d126,0.4432711785319287,scr1988,avaStIn,bevPsngRoadPrvt
54IT,d127,0.44413811018389965,scr1988,avaStIn,bevPsngRoadPrvt
54IT,d128,0.43646102703319944,scr1988,avaStIn,bevPsngRoadPrvt
54IT,d129,0.4353950159570614,scr1988,avaStIn,bevPsngRoadPrvt
54IT,d130,0.4432711785319287,scr1988,avaStIn,bevPsngRoadPrvt
54IT,d131,0.4432711785319287,scr1988,avaStIn,bevPsngRoadPrvt
54IT,d132,0.4432711785319287,scr1988,avaStIn,bevPsngRoadPrvt
54IT,d133,0.4432711785319287,scr1988,avaStIn,bevPsngRoadPrvt
54IT,d134,0.44413811018389965,scr1988,avaStIn,bevPsngRoadPrvt
54IT,d135,0.43646102703319944,scr1988,avaStIn,bevPsngRoadPrvt
54IT,d136,0.4353950159570614,scr1988,avaStIn,bevPsngRoadPrvt
54IT,d137,0.4432711785319287,scr1988,avaStIn,bevPsngRoadPrvt
54IT,d138,0.4432711785319287,scr1988,avaStIn,bevPsngRoadPrvt
54IT,d139,0.4432711785319287,scr1988,avaStIn,bevPsngRoadPrvt
54IT,d140,0.4432711785319287,scr1988,avaStIn,bevPsngRoadPrvt
54IT,d141,0.44413811018389965,scr1988,avaStIn,bevPsngRoadPrvt
54IT,d142,0.43646102703319944,scr1988,avaStIn,bevPsngRoadPrvt
54IT,d143,0.4353950159570614,scr1988,avaStIn,bevPsngRoadPrvt
54IT,d144,0.4432711785319287,scr1988,avaStIn,bevPsngRoadPrvt
54IT,d145,0.4432711785319287,scr1988,avaStIn,bevPsngRoadPrvt
54IT,d146,0.4432711785319287,scr1988,avaStIn,bevPsngRoadPrvt
54IT,d147,0.4432711785319287,scr1988,avaStIn,bevPsngRoadPrvt
54IT,d148,0.44413811018389965,scr1988,avaStIn,bevPsngRoadPrvt
54IT,d149,0.43646102703319944,scr1988,avaStIn,bevPsngRoadPrvt
54IT,d150,0.4353950159570614,scr1988,avaStIn,bevPsngRoadPrvt
54IT,d151,0.4432711785319287,scr1988,avaStIn,bevPsngRoadPrvt
54IT,d152,0.4432711785319287,scr1988,avaStIn,bevPsngRoadPrvt
54IT,d153,0.4432711785319287,scr1988,avaStIn,bevPsngRoadPrvt
54IT,d154,0.4379237182393594,scr1988,avaStIn,bevPsngRoadPrvt
54IT,d155,0.4442433302373707,scr1988,avaStIn,bevPsngRoadPrvt
54IT,d156,0.4453986384192496,scr1988,avaStIn,bevPsngRoadPrvt
54IT,d157,0.4451846334488831,scr1988,avaStIn,bevPsngRoadPrvt
54IT,d158,0.44406748886780784,scr1988,avaStIn,bevPsngRoadPrvt
54IT,d159,0.44406748886780784,scr1988,avaStIn,bevPsngRoadPrvt
54IT,d160,0.44406748886780784,scr1988,avaStIn,bevPsngRoadPrvt
54IT,d161,0.44406748886780784,scr1988,avaStIn,bevPsngRoadPrvt
54IT,d162,0.4442433302373707,scr1988,avaStIn,bevPsngRoadPrvt
54IT,d163,0.4453986384192496,scr1988,avaStIn,bevPsngRoadPrvt
54IT,d164,0.4451846334488831,scr1988,avaStIn,bevPsngRoadPrvt
54IT,d165,0.44406748886780784,scr1988,avaStIn,bevPsngRoadPrvt
54IT,d166,0.44406748886780784,scr1988,avaStIn,bevPsngRoadPrvt
54IT,d167,0.44406748886780784,scr1988,avaStIn,bevPsngRoadPrvt
54IT,d168,0.44406748886780784,scr1988,avaStIn,bevPsngRoadPrvt
54IT,d169,0.4442433302373707,scr1988,avaStIn,bevPsngRoadPrvt
54IT,d170,0.4453986384192496,scr1988,avaStIn,bevPsngRoadPrvt
54IT,d171,0.4451846334488831,scr1988,avaStIn,bevPsngRoadPrvt
54IT,d172,0.44406748886780784,scr1988,avaStIn,bevPsngRoadPrvt
54IT,d173,0.44406748886780784,scr1988,avaStIn,bevPsngRoadPrvt
54IT,d174,0.44406748886780784,scr1988,avaStIn,bevPsngRoadPrvt
54IT,d175,0.44406748886780784,scr1988,avaStIn,bevPsngRoadPrvt
54IT,d176,0.4442433302373707,scr1988,avaStIn,bevPsngRoadPrvt
54IT,d177,0.4453986384192496,scr1988,avaStIn,bevPsngRoadPrvt
54IT,d178,0.4451846334488831,scr1988,avaStIn,bevPsngRoadPrvt
54IT,d179,0.44406748886780784,scr1988,avaStIn,bevPsngRoadPrvt
54IT,d180,0.44406748886780784,scr1988,avaStIn,bevPsngRoadPrvt
54IT,d181,0.44406748886780784,scr1988,avaStIn,bevPsngRoadPrvt
54IT,d182,0.44406748886780784,scr1988,avaStIn,bevPsngRoadPrvt
55IT,d092,0.39695079066339795,scr1988,avaStIn,bevPsngRoadPrvt
55IT,d093,0.44230048575854214,scr1988,avaStIn,bevPsngRoadPrvt
55IT,d094,0.44557714599843595,scr1988,avaStIn,bevPsngRoadPrvt
55IT,d095,0.44557714599843595,scr1988,avaStIn,bevPsngRoadPrvt
55IT,d096,0.44557714599843595,scr1988,avaStIn,bevPsngRoadPrvt
55IT,d097,0.44557714599843595,scr1988,avaStIn,bevPsngRoadPrvt
55IT,d098,0.44557714599843595,scr1988,avaStIn,bevPsngRoadPrvt
55IT,d099,0.46722091136161586,scr1988,avaStIn,bevPsngRoadPrvt
55IT,d100,0.47222289515354826,scr1988,avaStIn,bevPsngRoadPrvt
55IT,d101,0.45053862653839677,scr1988,avaStIn,bevPsngRoadPrvt
55IT,d102,0.44557714599843595,scr1988,avaStIn,bevPsngRoadPrvt
55IT,d103,0.44557714599843595,scr1988,avaStIn,bevPsngRoadPrvt
55IT,d104,0.44557714599843595,scr1988,avaStIn,bevPsngRoadPrvt
55IT,d105,0.44557714599843595,scr1988,avaStIn,bevPsngRoadPrvt
55IT,d106,0.46722091136161586,scr1988,avaStIn,bevPsngRoadPrvt
55IT,d107,0.47222289515354826,scr1988,avaStIn,bevPsngRoadPrvt
55IT,d108,0.45053862653839677,scr1988,avaStIn,bevPsngRoadPrvt
55IT,d109,0.44557714599843595,scr1988,avaStIn,bevPsngRoadPrvt
55IT,d110,0.44557714599843595,scr1988,avaStIn,bevPsngRoadPrvt
55IT,d111,0.44557714599843595,scr1988,avaStIn,bevPsngRoadPrvt
55IT,d112,0.44557714599843595,scr1988,avaStIn,bevPsngRoadPrvt
55IT,d113,0.46722091136161586,scr1988,avaStIn,bevPsngRoadPrvt
55IT,d114,0.47222289515354826,scr1988,avaStIn,bevPsngRoadPrvt
55IT,d115,0.45053862653839677,scr1988,avaStIn,bevPsngRoadPrvt
55IT,d116,0.44557714599843595,scr1988,avaStIn,bevPsngRoadPrvt
55IT,d117,0.44557714599843595,scr1988,avaStIn,bevPsngRoadPrvt
55IT,d118,0.44557714599843595,scr1988,avaStIn,bevPsngRoadPrvt
55IT,d119,0.44557714599843595,scr1988,avaStIn,bevPsngRoadPrvt
55IT,d120,0.46722091136161586,scr1988,avaStIn,bevPsngRoadPrvt
55IT,d121,0.47222289515354826,scr1988,avaStIn,bevPsngRoadPrvt
55IT,d122,0.45053862653839677,scr1988,avaStIn,bevPsngRoadPrvt
55IT,d123,0.4547536638034571,scr1988,avaStIn,bevPsngRoadPrvt
55IT,d124,0.4432711785319287,scr1988,avaStIn,bevPsngRoadPrvt
55IT,d125,0.4432711785319287,scr1988,avaStIn,bevPsngRoadPrvt
55IT,d126,0.4432711785319287,scr1988,avaStIn,bevPsngRoadPrvt
55IT,d127,0.44413811018389965,scr1988,avaStIn,bevPsngRoadPrvt
55IT,d128,0.43646102703319944,scr1988,avaStIn,bevPsngRoadPrvt
55IT,d129,0.4353950159570614,scr1988,avaStIn,bevPsngRoadPrvt
55IT,d130,0.4432711785319287,scr1988,avaStIn,bevPsngRoadPrvt
55IT,d131,0.4432711785319287,scr1988,avaStIn,bevPsngRoadPrvt
55IT,d132,0.4432711785319287,scr1988,avaStIn,bevPsngRoadPrvt
55IT,d133,0.4432711785319287,scr1988,avaStIn,bevPsngRoadPrvt
55IT,d134,0.44413811018389965,scr1988,avaStIn,bevPsngRoadPrvt
55IT,d135,0.43646102703319944,scr1988,avaStIn,bevPsngRoadPrvt
55IT,d136,0.4353950159570614,scr1988,avaStIn,bevPsngRoadPrvt
55IT,d137,0.4432711785319287,scr1988,avaStIn,bevPsngRoadPrvt
55IT,d138,0.4432711785319287,scr1988,avaStIn,bevPsngRoadPrvt
55IT,d139,0.4432711785319287,scr1988,avaStIn,bevPsngRoadPrvt
55IT,d140,0.4432711785319287,scr1988,avaStIn,bevPsngRoadPrvt
55IT,d141,0.44413811018389965,scr1988,avaStIn,bevPsngRoadPrvt
55IT,d142,0.43646102703319944,scr1988,avaStIn,bevPsngRoadPrvt
55IT,d143,0.4353950159570614,scr1988,avaStIn,bevPsngRoadPrvt
55IT,d144,0.4432711785319287,scr1988,avaStIn,bevPsngRoadPrvt
55IT,d145,0.4432711785319287,scr1988,avaStIn,bevPsngRoadPrvt
55IT,d146,0.4432711785319287,scr1988,avaStIn,bevPsngRoadPrvt
55IT,d147,0.4432711785319287,scr1988,avaStIn,bevPsngRoadPrvt
55IT,d148,0.44413811018389965,scr1988,avaStIn,bevPsngRoadPrvt
55IT,d149,0.43646102703319944,scr1988,avaStIn,bevPsngRoadPrvt
55IT,d150,0.4353950159570614,scr1988,avaStIn,bevPsngRoadPrvt
55IT,d151,0.4432711785319287,scr1988,avaStIn,bevPsngRoadPrvt
55IT,d152,0.4432711785319287,scr1988,avaStIn,bevPsngRoadPrvt
55IT,d153,0.4432711785319287,scr1988,avaStIn,bevPsngRoadPrvt
55IT,d154,0.4379237182393594,scr1988,avaStIn,bevPsngRoadPrvt
55IT,d155,0.4442433302373707,scr1988,avaStIn,bevPsngRoadPrvt
55IT,d156,0.4453986384192496,scr1988,avaStIn,bevPsngRoadPrvt
55IT,d157,0.4451846334488831,scr1988,avaStIn,bevPsngRoadPrvt
55IT,d158,0.44406748886780784,scr1988,avaStIn,bevPsngRoadPrvt
55IT,d159,0.44406748886780784,scr1988,avaStIn,bevPsngRoadPrvt
55IT,d160,0.44406748886780784,scr1988,avaStIn,bevPsngRoadPrvt
55IT,d161,0.44406748886780784,scr1988,avaStIn,bevPsngRoadPrvt
55IT,d162,0.4442433302373707,scr1988,avaStIn,bevPsngRoadPrvt
55IT,d163,0.4453986384192496,scr1988,avaStIn,bevPsngRoadPrvt
55IT,d164,0.4451846334488831,scr1988,avaStIn,bevPsngRoadPrvt
55IT,d165,0.44406748886780784,scr1988,avaStIn,bevPsngRoadPrvt
55IT,d166,0.44406748886780784,scr1988,avaStIn,bevPsngRoadPrvt
55IT,d167,0.44406748886780784,scr1988,avaStIn,bevPsngRoadPrvt
55IT,d168,0.44406748886780784,scr1988,avaStIn,bevPsngRoadPrvt
55IT,d169,0.4442433302373707,scr1988,avaStIn,bevPsngRoadPrvt
55IT,d170,0.4453986384192496,scr1988,avaStIn,bevPsngRoadPrvt
55IT,d171,0.4451846334488831,scr1988,avaStIn,bevPsngRoadPrvt
55IT,d172,0.44406748886780784,scr1988,avaStIn,bevPsngRoadPrvt
55IT,d173,0.44406748886780784,scr1988,avaStIn,bevPsngRoadPrvt
55IT,d174,0.44406748886780784,scr1988,avaStIn,bevPsngRoadPrvt
55IT,d175,0.44406748886780784,scr1988,avaStIn,bevPsngRoadPrvt
55IT,d176,0.4442433302373707,scr1988,avaStIn,bevPsngRoadPrvt
55IT,d177,0.4453986384192496,scr1988,avaStIn,bevPsngRoadPrvt
55IT,d178,0.4451846334488831,scr1988,avaStIn,bevPsngRoadPrvt
55IT,d179,0.44406748886780784,scr1988,avaStIn,bevPsngRoadPrvt
55IT,d180,0.44406748886780784,scr1988,avaStIn,bevPsngRoadPrvt
55IT,d181,0.44406748886780784,scr1988,avaStIn,bevPsngRoadPrvt
55IT,d182,0.44406748886780784,scr1988,avaStIn,bevPsngRoadPrvt
56IT,d092,0.39695079066339795,scr1988,avaStIn,bevPsngRoadPrvt
56IT,d093,0.44230048575854214,scr1988,avaStIn,bevPsngRoadPrvt
56IT,d094,0.44557714599843595,scr1988,avaStIn,bevPsngRoadPrvt
56IT,d095,0.44557714599843595,scr1988,avaStIn,bevPsngRoadPrvt
56IT,d096,0.44557714599843595,scr1988,avaStIn,bevPsngRoadPrvt
56IT,d097,0.44557714599843595,scr1988,avaStIn,bevPsngRoadPrvt
56IT,d098,0.44557714599843595,scr1988,avaStIn,bevPsngRoadPrvt
56IT,d099,0.46722091136161586,scr1988,avaStIn,bevPsngRoadPrvt
56IT,d100,0.47222289515354826,scr1988,avaStIn,bevPsngRoadPrvt
56IT,d101,0.45053862653839677,scr1988,avaStIn,bevPsngRoadPrvt
56IT,d102,0.44557714599843595,scr1988,avaStIn,bevPsngRoadPrvt
56IT,d103,0.44557714599843595,scr1988,avaStIn,bevPsngRoadPrvt
56IT,d104,0.44557714599843595,scr1988,avaStIn,bevPsngRoadPrvt
56IT,d105,0.44557714599843595,scr1988,avaStIn,bevPsngRoadPrvt
56IT,d106,0.46722091136161586,scr1988,avaStIn,bevPsngRoadPrvt
56IT,d107,0.47222289515354826,scr1988,avaStIn,bevPsngRoadPrvt
56IT,d108,0.45053862653839677,scr1988,avaStIn,bevPsngRoadPrvt
56IT,d109,0.44557714599843595,scr1988,avaStIn,bevPsngRoadPrvt
56IT,d110,0.44557714599843595,scr1988,avaStIn,bevPsngRoadPrvt
56IT,d111,0.44557714599843595,scr1988,avaStIn,bevPsngRoadPrvt
56IT,d112,0.44557714599843595,scr1988,avaStIn,bevPsngRoadPrvt
56IT,d113,0.46722091136161586,scr1988,avaStIn,bevPsngRoadPrvt
56IT,d114,0.47222289515354826,scr1988,avaStIn,bevPsngRoadPrvt
56IT,d115,0.45053862653839677,scr1988,avaStIn,bevPsngRoadPrvt
56IT,d116,0.44557714599843595,scr1988,avaStIn,bevPsngRoadPrvt
56IT,d117,0.44557714599843595,scr1988,avaStIn,bevPsngRoadPrvt
56IT,d118,0.44557714599843595,scr1988,avaStIn,bevPsngRoadPrvt
56IT,d119,0.44557714599843595,scr1988,avaStIn,bevPsngRoadPrvt
56IT,d120,0.46722091136161586,scr1988,avaStIn,bevPsngRoadPrvt
56IT,d121,0.47222289515354826,scr1988,avaStIn,bevPsngRoadPrvt
56IT,d122,0.45053862653839677,scr1988,avaStIn,bevPsngRoadPrvt
56IT,d123,0.4547536638034571,scr1988,avaStIn,bevPsngRoadPrvt
56IT,d124,0.4432711785319287,scr1988,avaStIn,bevPsngRoadPrvt
56IT,d125,0.4432711785319287,scr1988,avaStIn,bevPsngRoadPrvt
56IT,d126,0.4432711785319287,scr1988,avaStIn,bevPsngRoadPrvt
56IT,d127,0.44413811018389965,scr1988,avaStIn,bevPsngRoadPrvt
56IT,d128,0.43646102703319944,scr1988,avaStIn,bevPsngRoadPrvt
56IT,d129,0.4353950159570614,scr1988,avaStIn,bevPsngRoadPrvt
56IT,d130,0.4432711785319287,scr1988,avaStIn,bevPsngRoadPrvt
56IT,d131,0.4432711785319287,scr1988,avaStIn,bevPsngRoadPrvt
56IT,d132,0.4432711785319287,scr1988,avaStIn,bevPsngRoadPrvt
56IT,d133,0.4432711785319287,scr1988,avaStIn,bevPsngRoadPrvt
56IT,d134,0.44413811018389965,scr1988,avaStIn,bevPsngRoadPrvt
56IT,d135,0.43646102703319944,scr1988,avaStIn,bevPsngRoadPrvt
56IT,d136,0.4353950159570614,scr1988,avaStIn,bevPsngRoadPrvt
56IT,d137,0.4432711785319287,scr1988,avaStIn,bevPsngRoadPrvt
56IT,d138,0.4432711785319287,scr1988,avaStIn,bevPsngRoadPrvt
56IT,d139,0.4432711785319287,scr1988,avaStIn,bevPsngRoadPrvt
56IT,d140,0.4432711785319287,scr1988,avaStIn,bevPsngRoadPrvt
56IT,d141,0.44413811018389965,scr1988,avaStIn,bevPsngRoadPrvt
56IT,d142,0.43646102703319944,scr1988,avaStIn,bevPsngRoadPrvt
56IT,d143,0.4353950159570614,scr1988,avaStIn,bevPsngRoadPrvt
56IT,d144,0.4432711785319287,scr1988,avaStIn,bevPsngRoadPrvt
56IT,d145,0.4432711785319287,scr1988,avaStIn,bevPsngRoadPrvt
56IT,d146,0.4432711785319287,scr1988,avaStIn,bevPsngRoadPrvt
56IT,d147,0.4432711785319287,scr1988,avaStIn,bevPsngRoadPrvt
56IT,d148,0.44413811018389965,scr1988,avaStIn,bevPsngRoadPrvt
56IT,d149,0.43646102703319944,scr1988,avaStIn,bevPsngRoadPrvt
56IT,d150,0.4353950159570614,scr1988,avaStIn,bevPsngRoadPrvt
56IT,d151,0.4432711785319287,scr1988,avaStIn,bevPsngRoadPrvt
56IT,d152,0.4432711785319287,scr1988,avaStIn,bevPsngRoadPrvt
56IT,d153,0.4432711785319287,scr1988,avaStIn,bevPsngRoadPrvt
56IT,d154,0.4379237182393594,scr1988,avaStIn,bevPsngRoadPrvt
56IT,d155,0.4442433302373707,scr1988,avaStIn,bevPsngRoadPrvt
56IT,d156,0.4453986384192496,scr1988,avaStIn,bevPsngRoadPrvt
56IT,d157,0.4451846334488831,scr1988,avaStIn,bevPsngRoadPrvt
56IT,d158,0.44406748886780784,scr1988,avaStIn,bevPsngRoadPrvt
56IT,d159,0.44406748886780784,scr1988,avaStIn,bevPsngRoadPrvt
56IT,d160,0.44406748886780784,scr1988,avaStIn,bevPsngRoadPrvt
56IT,d161,0.44406748886780784,scr1988,avaStIn,bevPsngRoadPrvt
56IT,d162,0.4442433302373707,scr1988,avaStIn,bevPsngRoadPrvt
56IT,d163,0.4453986384192496,scr1988,avaStIn,bevPsngRoadPrvt
56IT,d164,0.4451846334488831,scr1988,avaStIn,bevPsngRoadPrvt
56IT,d165,0.44406748886780784,scr1988,avaStIn,bevPsngRoadPrvt
56IT,d166,0.44406748886780784,scr1988,avaStIn,bevPsngRoadPrvt
56IT,d167,0.44406748886780784,scr1988,avaStIn,bevPsngRoadPrvt
56IT,d168,0.44406748886780784,scr1988,avaStIn,bevPsngRoadPrvt
56IT,d169,0.4442433302373707,scr1988,avaStIn,bevPsngRoadPrvt
56IT,d170,0.4453986384192496,scr1988,avaStIn,bevPsngRoadPrvt
56IT,d171,0.4451846334488831,scr1988,avaStIn,bevPsngRoadPrvt
56IT,d172,0.44406748886780784,scr1988,avaStIn,bevPsngRoadPrvt
56IT,d173,0.44406748886780784,scr1988,avaStIn,bevPsngRoadPrvt
56IT,d174,0.44406748886780784,scr1988,avaStIn,bevPsngRoadPrvt
56IT,d175,0.44406748886780784,scr1988,avaStIn,bevPsngRoadPrvt
56IT,d176,0.4442433302373707,scr1988,avaStIn,bevPsngRoadPrvt
56IT,d177,0.4453986384192496,scr1988,avaStIn,bevPsngRoadPrvt
56IT,d178,0.4451846334488831,scr1988,avaStIn,bevPsngRoadPrvt
56IT,d179,0.44406748886780784,scr1988,avaStIn,bevPsngRoadPrvt
56IT,d180,0.44406748886780784,scr1988,avaStIn,bevPsngRoadPrvt
56IT,d181,0.44406748886780784,scr1988,avaStIn,bevPsngRoadPrvt
56IT,d182,0.44406748886780784,scr1988,avaStIn,bevPsngRoadPrvt
57SI,d092,0.39695079066339795,scr1988,avaStIn,bevPsngRoadPrvt
57SI,d093,0.44230048575854214,scr1988,avaStIn,bevPsngRoadPrvt
57SI,d094,0.44557714599843595,scr1988,avaStIn,bevPsngRoadPrvt
57SI,d095,0.44557714599843595,scr1988,avaStIn,bevPsngRoadPrvt
57SI,d096,0.44557714599843595,scr1988,avaStIn,bevPsngRoadPrvt
57SI,d097,0.44557714599843595,scr1988,avaStIn,bevPsngRoadPrvt
57SI,d098,0.44557714599843595,scr1988,avaStIn,bevPsngRoadPrvt
57SI,d099,0.46722091136161586,scr1988,avaStIn,bevPsngRoadPrvt
57SI,d100,0.47222289515354826,scr1988,avaStIn,bevPsngRoadPrvt
57SI,d101,0.45053862653839677,scr1988,avaStIn,bevPsngRoadPrvt
57SI,d102,0.44557714599843595,scr1988,avaStIn,bevPsngRoadPrvt
57SI,d103,0.44557714599843595,scr1988,avaStIn,bevPsngRoadPrvt
57SI,d104,0.44557714599843595,scr1988,avaStIn,bevPsngRoadPrvt
57SI,d105,0.44557714599843595,scr1988,avaStIn,bevPsngRoadPrvt
57SI,d106,0.46722091136161586,scr1988,avaStIn,bevPsngRoadPrvt
57SI,d107,0.47222289515354826,scr1988,avaStIn,bevPsngRoadPrvt
57SI,d108,0.45053862653839677,scr1988,avaStIn,bevPsngRoadPrvt
57SI,d109,0.44557714599843595,scr1988,avaStIn,bevPsngRoadPrvt
57SI,d110,0.44557714599843595,scr1988,avaStIn,bevPsngRoadPrvt
57SI,d111,0.44557714599843595,scr1988,avaStIn,bevPsngRoadPrvt
57SI,d112,0.44557714599843595,scr1988,avaStIn,bevPsngRoadPrvt
57SI,d113,0.46722091136161586,scr1988,avaStIn,bevPsngRoadPrvt
57SI,d114,0.47222289515354826,scr1988,avaStIn,bevPsngRoadPrvt
57SI,d115,0.45053862653839677,scr1988,avaStIn,bevPsngRoadPrvt
57SI,d116,0.44557714599843595,scr1988,avaStIn,bevPsngRoadPrvt
57SI,d117,0.44557714599843595,scr1988,avaStIn,bevPsngRoadPrvt
57SI,d118,0.44557714599843595,scr1988,avaStIn,bevPsngRoadPrvt
57SI,d119,0.44557714599843595,scr1988,avaStIn,bevPsngRoadPrvt
57SI,d120,0.46722091136161586,scr1988,avaStIn,bevPsngRoadPrvt
57SI,d121,0.47222289515354826,scr1988,avaStIn,bevPsngRoadPrvt
57SI,d122,0.45053862653839677,scr1988,avaStIn,bevPsngRoadPrvt
57SI,d123,0.4547536638034571,scr1988,avaStIn,bevPsngRoadPrvt
57SI,d124,0.4432711785319287,scr1988,avaStIn,bevPsngRoadPrvt
57SI,d125,0.4432711785319287,scr1988,avaStIn,bevPsngRoadPrvt
57SI,d126,0.4432711785319287,scr1988,avaStIn,bevPsngRoadPrvt
57SI,d127,0.44413811018389965,scr1988,avaStIn,bevPsngRoadPrvt
57SI,d128,0.43646102703319944,scr1988,avaStIn,bevPsngRoadPrvt
57SI,d129,0.4353950159570614,scr1988,avaStIn,bevPsngRoadPrvt
57SI,d130,0.4432711785319287,scr1988,avaStIn,bevPsngRoadPrvt
57SI,d131,0.4432711785319287,scr1988,avaStIn,bevPsngRoadPrvt
57SI,d132,0.4432711785319287,scr1988,avaStIn,bevPsngRoadPrvt
57SI,d133,0.4432711785319287,scr1988,avaStIn,bevPsngRoadPrvt
57SI,d134,0.44413811018389965,scr1988,avaStIn,bevPsngRoadPrvt
57SI,d135,0.43646102703319944,scr1988,avaStIn,bevPsngRoadPrvt
57SI,d136,0.4353950159570614,scr1988,avaStIn,bevPsngRoadPrvt
57SI,d137,0.4432711785319287,scr1988,avaStIn,bevPsngRoadPrvt
57SI,d138,0.4432711785319287,scr1988,avaStIn,bevPsngRoadPrvt
57SI,d139,0.4432711785319287,scr1988,avaStIn,bevPsngRoadPrvt
57SI,d140,0.4432711785319287,scr1988,avaStIn,bevPsngRoadPrvt
57SI,d141,0.44413811018389965,scr1988,avaStIn,bevPsngRoadPrvt
57SI,d142,0.43646102703319944,scr1988,avaStIn,bevPsngRoadPrvt
57SI,d143,0.4353950159570614,scr1988,avaStIn,bevPsngRoadPrvt
57SI,d144,0.4432711785319287,scr1988,avaStIn,bevPsngRoadPrvt
57SI,d145,0.4432711785319287,scr1988,avaStIn,bevPsngRoadPrvt
57SI,d146,0.4432711785319287,scr1988,avaStIn,bevPsngRoadPrvt
57SI,d147,0.4432711785319287,scr1988,avaStIn,bevPsngRoadPrvt
57SI,d148,0.44413811018389965,scr1988,avaStIn,bevPsngRoadPrvt
57SI,d149,0.43646102703319944,scr1988,avaStIn,bevPsngRoadPrvt
57SI,d150,0.4353950159570614,scr1988,avaStIn,bevPsngRoadPrvt
57SI,d151,0.4432711785319287,scr1988,avaStIn,bevPsngRoadPrvt
57SI,d152,0.4432711785319287,scr1988,avaStIn,bevPsngRoadPrvt
57SI,d153,0.4432711785319287,scr1988,avaStIn,bevPsngRoadPrvt
57SI,d154,0.4379237182393594,scr1988,avaStIn,bevPsngRoadPrvt
57SI,d155,0.4442433302373707,scr1988,avaStIn,bevPsngRoadPrvt
57SI,d156,0.4453986384192496,scr1988,avaStIn,bevPsngRoadPrvt
57SI,d157,0.4451846334488831,scr1988,avaStIn,bevPsngRoadPrvt
57SI,d158,0.44406748886780784,scr1988,avaStIn,bevPsngRoadPrvt
57SI,d159,0.44406748886780784,scr1988,avaStIn,bevPsngRoadPrvt
57SI,d160,0.44406748886780784,scr1988,avaStIn,bevPsngRoadPrvt
57SI,d161,0.44406748886780784,scr1988,avaStIn,bevPsngRoadPrvt
57SI,d162,0.4442433302373707,scr1988,avaStIn,bevPsngRoadPrvt
57SI,d163,0.4453986384192496,scr1988,avaStIn,bevPsngRoadPrvt
57SI,d164,0.4451846334488831,scr1988,avaStIn,bevPsngRoadPrvt
57SI,d165,0.44406748886780784,scr1988,avaStIn,bevPsngRoadPrvt
57SI,d166,0.44406748886780784,scr1988,avaStIn,bevPsngRoadPrvt
57SI,d167,0.44406748886780784,scr1988,avaStIn,bevPsngRoadPrvt
57SI,d168,0.44406748886780784,scr1988,avaStIn,bevPsngRoadPrvt
57SI,d169,0.4442433302373707,scr1988,avaStIn,bevPsngRoadPrvt
57SI,d170,0.4453986384192496,scr1988,avaStIn,bevPsngRoadPrvt
57SI,d171,0.4451846334488831,scr1988,avaStIn,bevPsngRoadPrvt
57SI,d172,0.44406748886780784,scr1988,avaStIn,bevPsngRoadPrvt
57SI,d173,0.44406748886780784,scr1988,avaStIn,bevPsngRoadPrvt
57SI,d174,0.44406748886780784,scr1988,avaStIn,bevPsngRoadPrvt
57SI,d175,0.44406748886780784,scr1988,avaStIn,bevPsngRoadPrvt
57SI,d176,0.4442433302373707,scr1988,avaStIn,bevPsngRoadPrvt
57SI,d177,0.4453986384192496,scr1988,avaStIn,bevPsngRoadPrvt
57SI,d178,0.4451846334488831,scr1988,avaStIn,bevPsngRoadPrvt
57SI,d179,0.44406748886780784,scr1988,avaStIn,bevPsngRoadPrvt
57SI,d180,0.44406748886780784,scr1988,avaStIn,bevPsngRoadPrvt
57SI,d181,0.44406748886780784,scr1988,avaStIn,bevPsngRoadPrvt
57SI,d182,0.44406748886780784,scr1988,avaStIn,bevPsngRoadPrvt
58HU,d092,0.39695079066339795,scr1988,avaStIn,bevPsngRoadPrvt
58HU,d093,0.44230048575854214,scr1988,avaStIn,bevPsngRoadPrvt
58HU,d094,0.44557714599843595,scr1988,avaStIn,bevPsngRoadPrvt
58HU,d095,0.44557714599843595,scr1988,avaStIn,bevPsngRoadPrvt
58HU,d096,0.44557714599843595,scr1988,avaStIn,bevPsngRoadPrvt
58HU,d097,0.44557714599843595,scr1988,avaStIn,bevPsngRoadPrvt
58HU,d098,0.44557714599843595,scr1988,avaStIn,bevPsngRoadPrvt
58HU,d099,0.46722091136161586,scr1988,avaStIn,bevPsngRoadPrvt
58HU,d100,0.47222289515354826,scr1988,avaStIn,bevPsngRoadPrvt
58HU,d101,0.45053862653839677,scr1988,avaStIn,bevPsngRoadPrvt
58HU,d102,0.44557714599843595,scr1988,avaStIn,bevPsngRoadPrvt
58HU,d103,0.44557714599843595,scr1988,avaStIn,bevPsngRoadPrvt
58HU,d104,0.44557714599843595,scr1988,avaStIn,bevPsngRoadPrvt
58HU,d105,0.44557714599843595,scr1988,avaStIn,bevPsngRoadPrvt
58HU,d106,0.46722091136161586,scr1988,avaStIn,bevPsngRoadPrvt
58HU,d107,0.47222289515354826,scr1988,avaStIn,bevPsngRoadPrvt
58HU,d108,0.45053862653839677,scr1988,avaStIn,bevPsngRoadPrvt
58HU,d109,0.44557714599843595,scr1988,avaStIn,bevPsngRoadPrvt
58HU,d110,0.44557714599843595,scr1988,avaStIn,bevPsngRoadPrvt
58HU,d111,0.44557714599843595,scr1988,avaStIn,bevPsngRoadPrvt
58HU,d112,0.44557714599843595,scr1988,avaStIn,bevPsngRoadPrvt
58HU,d113,0.46722091136161586,scr1988,avaStIn,bevPsngRoadPrvt
58HU,d114,0.47222289515354826,scr1988,avaStIn,bevPsngRoadPrvt
58HU,d115,0.45053862653839677,scr1988,avaStIn,bevPsngRoadPrvt
58HU,d116,0.44557714599843595,scr1988,avaStIn,bevPsngRoadPrvt
58HU,d117,0.44557714599843595,scr1988,avaStIn,bevPsngRoadPrvt
58HU,d118,0.44557714599843595,scr1988,avaStIn,bevPsngRoadPrvt
58HU,d119,0.44557714599843595,scr1988,avaStIn,bevPsngRoadPrvt
58HU,d120,0.46722091136161586,scr1988,avaStIn,bevPsngRoadPrvt
58HU,d121,0.47222289515354826,scr1988,avaStIn,bevPsngRoadPrvt
58HU,d122,0.45053862653839677,scr1988,avaStIn,bevPsngRoadPrvt
58HU,d123,0.4547536638034571,scr1988,avaStIn,bevPsngRoadPrvt
58HU,d124,0.4432711785319287,scr1988,avaStIn,bevPsngRoadPrvt
58HU,d125,0.4432711785319287,scr1988,avaStIn,bevPsngRoadPrvt
58HU,d126,0.4432711785319287,scr1988,avaStIn,bevPsngRoadPrvt
58HU,d127,0.44413811018389965,scr1988,avaStIn,bevPsngRoadPrvt
58HU,d128,0.43646102703319944,scr1988,avaStIn,bevPsngRoadPrvt
58HU,d129,0.4353950159570614,scr1988,avaStIn,bevPsngRoadPrvt
58HU,d130,0.4432711785319287,scr1988,avaStIn,bevPsngRoadPrvt
58HU,d131,0.4432711785319287,scr1988,avaStIn,bevPsngRoadPrvt
58HU,d132,0.4432711785319287,scr1988,avaStIn,bevPsngRoadPrvt
58HU,d133,0.4432711785319287,scr1988,avaStIn,bevPsngRoadPrvt
58HU,d134,0.44413811018389965,scr1988,avaStIn,bevPsngRoadPrvt
58HU,d135,0.43646102703319944,scr1988,avaStIn,bevPsngRoadPrvt
58HU,d136,0.4353950159570614,scr1988,avaStIn,bevPsngRoadPrvt
58HU,d137,0.4432711785319287,scr1988,avaStIn,bevPsngRoadPrvt
58HU,d138,0.4432711785319287,scr1988,avaStIn,bevPsngRoadPrvt
58HU,d139,0.4432711785319287,scr1988,avaStIn,bevPsngRoadPrvt
58HU,d140,0.4432711785319287,scr1988,avaStIn,bevPsngRoadPrvt
58HU,d141,0.44413811018389965,scr1988,avaStIn,bevPsngRoadPrvt
58HU,d142,0.43646102703319944,scr1988,avaStIn,bevPsngRoadPrvt
58HU,d143,0.4353950159570614,scr1988,avaStIn,bevPsngRoadPrvt
58HU,d144,0.4432711785319287,scr1988,avaStIn,bevPsngRoadPrvt
58HU,d145,0.4432711785319287,scr1988,avaStIn,bevPsngRoadPrvt
58HU,d146,0.4432711785319287,scr1988,avaStIn,bevPsngRoadPrvt
58HU,d147,0.4432711785319287,scr1988,avaStIn,bevPsngRoadPrvt
58HU,d148,0.44413811018389965,scr1988,avaStIn,bevPsngRoadPrvt
58HU,d149,0.43646102703319944,scr1988,avaStIn,bevPsngRoadPrvt
58HU,d150,0.4353950159570614,scr1988,avaStIn,bevPsngRoadPrvt
58HU,d151,0.4432711785319287,scr1988,avaStIn,bevPsngRoadPrvt
58HU,d152,0.4432711785319287,scr1988,avaStIn,bevPsngRoadPrvt
58HU,d153,0.4432711785319287,scr1988,avaStIn,bevPsngRoadPrvt
58HU,d154,0.4379237182393594,scr1988,avaStIn,bevPsngRoadPrvt
58HU,d155,0.4442433302373707,scr1988,avaStIn,bevPsngRoadPrvt
58HU,d156,0.4453986384192496,scr1988,avaStIn,bevPsngRoadPrvt
58HU,d157,0.4451846334488831,scr1988,avaStIn,bevPsngRoadPrvt
58HU,d158,0.44406748886780784,scr1988,avaStIn,bevPsngRoadPrvt
58HU,d159,0.44406748886780784,scr1988,avaStIn,bevPsngRoadPrvt
58HU,d160,0.44406748886780784,scr1988,avaStIn,bevPsngRoadPrvt
58HU,d161,0.44406748886780784,scr1988,avaStIn,bevPsngRoadPrvt
58HU,d162,0.4442433302373707,scr1988,avaStIn,bevPsngRoadPrvt
58HU,d163,0.4453986384192496,scr1988,avaStIn,bevPsngRoadPrvt
58HU,d164,0.4451846334488831,scr1988,avaStIn,bevPsngRoadPrvt
58HU,d165,0.44406748886780784,scr1988,avaStIn,bevPsngRoadPrvt
58HU,d166,0.44406748886780784,scr1988,avaStIn,bevPsngRoadPrvt
58HU,d167,0.44406748886780784,scr1988,avaStIn,bevPsngRoadPrvt
58HU,d168,0.44406748886780784,scr1988,avaStIn,bevPsngRoadPrvt
58HU,d169,0.4442433302373707,scr1988,avaStIn,bevPsngRoadPrvt
58HU,d170,0.4453986384192496,scr1988,avaStIn,bevPsngRoadPrvt
58HU,d171,0.4451846334488831,scr1988,avaStIn,bevPsngRoadPrvt
58HU,d172,0.44406748886780784,scr1988,avaStIn,bevPsngRoadPrvt
58HU,d173,0.44406748886780784,scr1988,avaStIn,bevPsngRoadPrvt
58HU,d174,0.44406748886780784,scr1988,avaStIn,bevPsngRoadPrvt
58HU,d175,0.44406748886780784,scr1988,avaStIn,bevPsngRoadPrvt
58HU,d176,0.4442433302373707,scr1988,avaStIn,bevPsngRoadPrvt
58HU,d177,0.4453986384192496,scr1988,avaStIn,bevPsngRoadPrvt
58HU,d178,0.4451846334488831,scr1988,avaStIn,bevPsngRoadPrvt
58HU,d179,0.44406748886780784,scr1988,avaStIn,bevPsngRoadPrvt
58HU,d180,0.44406748886780784,scr1988,avaStIn,bevPsngRoadPrvt
58HU,d181,0.44406748886780784,scr1988,avaStIn,bevPsngRoadPrvt
58HU,d182,0.44406748886780784,scr1988,avaStIn,bevPsngRoadPrvt
59RO,d092,0.39695079066339795,scr1988,avaStIn,bevPsngRoadPrvt
59RO,d093,0.44230048575854214,scr1988,avaStIn,bevPsngRoadPrvt
59RO,d094,0.44557714599843595,scr1988,avaStIn,bevPsngRoadPrvt
59RO,d095,0.44557714599843595,scr1988,avaStIn,bevPsngRoadPrvt
59RO,d096,0.44557714599843595,scr1988,avaStIn,bevPsngRoadPrvt
59RO,d097,0.44557714599843595,scr1988,avaStIn,bevPsngRoadPrvt
59RO,d098,0.44557714599843595,scr1988,avaStIn,bevPsngRoadPrvt
59RO,d099,0.46722091136161586,scr1988,avaStIn,bevPsngRoadPrvt
59RO,d100,0.47222289515354826,scr1988,avaStIn,bevPsngRoadPrvt
59RO,d101,0.45053862653839677,scr1988,avaStIn,bevPsngRoadPrvt
59RO,d102,0.44557714599843595,scr1988,avaStIn,bevPsngRoadPrvt
59RO,d103,0.44557714599843595,scr1988,avaStIn,bevPsngRoadPrvt
59RO,d104,0.44557714599843595,scr1988,avaStIn,bevPsngRoadPrvt
59RO,d105,0.44557714599843595,scr1988,avaStIn,bevPsngRoadPrvt
59RO,d106,0.46722091136161586,scr1988,avaStIn,bevPsngRoadPrvt
59RO,d107,0.47222289515354826,scr1988,avaStIn,bevPsngRoadPrvt
59RO,d108,0.45053862653839677,scr1988,avaStIn,bevPsngRoadPrvt
59RO,d109,0.44557714599843595,scr1988,avaStIn,bevPsngRoadPrvt
59RO,d110,0.44557714599843595,scr1988,avaStIn,bevPsngRoadPrvt
59RO,d111,0.44557714599843595,scr1988,avaStIn,bevPsngRoadPrvt
59RO,d112,0.44557714599843595,scr1988,avaStIn,bevPsngRoadPrvt
59RO,d113,0.46722091136161586,scr1988,avaStIn,bevPsngRoadPrvt
59RO,d114,0.47222289515354826,scr1988,avaStIn,bevPsngRoadPrvt
59RO,d115,0.45053862653839677,scr1988,avaStIn,bevPsngRoadPrvt
59RO,d116,0.44557714599843595,scr1988,avaStIn,bevPsngRoadPrvt
59RO,d117,0.44557714599843595,scr1988,avaStIn,bevPsngRoadPrvt
59RO,d118,0.44557714599843595,scr1988,avaStIn,bevPsngRoadPrvt
59RO,d119,0.44557714599843595,scr1988,avaStIn,bevPsngRoadPrvt
59RO,d120,0.46722091136161586,scr1988,avaStIn,bevPsngRoadPrvt
59RO,d121,0.47222289515354826,scr1988,avaStIn,bevPsngRoadPrvt
59RO,d122,0.45053862653839677,scr1988,avaStIn,bevPsngRoadPrvt
59RO,d123,0.4547536638034571,scr1988,avaStIn,bevPsngRoadPrvt
59RO,d124,0.4432711785319287,scr1988,avaStIn,bevPsngRoadPrvt
59RO,d125,0.4432711785319287,scr1988,avaStIn,bevPsngRoadPrvt
59RO,d126,0.4432711785319287,scr1988,avaStIn,bevPsngRoadPrvt
59RO,d127,0.44413811018389965,scr1988,avaStIn,bevPsngRoadPrvt
59RO,d128,0.43646102703319944,scr1988,avaStIn,bevPsngRoadPrvt
59RO,d129,0.4353950159570614,scr1988,avaStIn,bevPsngRoadPrvt
59RO,d130,0.4432711785319287,scr1988,avaStIn,bevPsngRoadPrvt
59RO,d131,0.4432711785319287,scr1988,avaStIn,bevPsngRoadPrvt
59RO,d132,0.4432711785319287,scr1988,avaStIn,bevPsngRoadPrvt
59RO,d133,0.4432711785319287,scr1988,avaStIn,bevPsngRoadPrvt
59RO,d134,0.44413811018389965,scr1988,avaStIn,bevPsngRoadPrvt
59RO,d135,0.43646102703319944,scr1988,avaStIn,bevPsngRoadPrvt
59RO,d136,0.4353950159570614,scr1988,avaStIn,bevPsngRoadPrvt
59RO,d137,0.4432711785319287,scr1988,avaStIn,bevPsngRoadPrvt
59RO,d138,0.4432711785319287,scr1988,avaStIn,bevPsngRoadPrvt
59RO,d139,0.4432711785319287,scr1988,avaStIn,bevPsngRoadPrvt
59RO,d140,0.4432711785319287,scr1988,avaStIn,bevPsngRoadPrvt
59RO,d141,0.44413811018389965,scr1988,avaStIn,bevPsngRoadPrvt
59RO,d142,0.43646102703319944,scr1988,avaStIn,bevPsngRoadPrvt
59RO,d143,0.4353950159570614,scr1988,avaStIn,bevPsngRoadPrvt
59RO,d144,0.4432711785319287,scr1988,avaStIn,bevPsngRoadPrvt
59RO,d145,0.4432711785319287,scr1988,avaStIn,bevPsngRoadPrvt
59RO,d146,0.4432711785319287,scr1988,avaStIn,bevPsngRoadPrvt
59RO,d147,0.4432711785319287,scr1988,avaStIn,bevPsngRoadPrvt
59RO,d148,0.44413811018389965,scr1988,avaStIn,bevPsngRoadPrvt
59RO,d149,0.43646102703319944,scr1988,avaStIn,bevPsngRoadPrvt
59RO,d150,0.4353950159570614,scr1988,avaStIn,bevPsngRoadPrvt
59RO,d151,0.4432711785319287,scr1988,avaStIn,bevPsngRoadPrvt
59RO,d152,0.4432711785319287,scr1988,avaStIn,bevPsngRoadPrvt
59RO,d153,0.4432711785319287,scr1988,avaStIn,bevPsngRoadPrvt
59RO,d154,0.4379237182393594,scr1988,avaStIn,bevPsngRoadPrvt
59RO,d155,0.4442433302373707,scr1988,avaStIn,bevPsngRoadPrvt
59RO,d156,0.4453986384192496,scr1988,avaStIn,bevPsngRoadPrvt
59RO,d157,0.4451846334488831,scr1988,avaStIn,bevPsngRoadPrvt
59RO,d158,0.44406748886780784,scr1988,avaStIn,bevPsngRoadPrvt
59RO,d159,0.44406748886780784,scr1988,avaStIn,bevPsngRoadPrvt
59RO,d160,0.44406748886780784,scr1988,avaStIn,bevPsngRoadPrvt
59RO,d161,0.44406748886780784,scr1988,avaStIn,bevPsngRoadPrvt
59RO,d162,0.4442433302373707,scr1988,avaStIn,bevPsngRoadPrvt
59RO,d163,0.4453986384192496,scr1988,avaStIn,bevPsngRoadPrvt
59RO,d164,0.4451846334488831,scr1988,avaStIn,bevPsngRoadPrvt
59RO,d165,0.44406748886780784,scr1988,avaStIn,bevPsngRoadPrvt
59RO,d166,0.44406748886780784,scr1988,avaStIn,bevPsngRoadPrvt
59RO,d167,0.44406748886780784,scr1988,avaStIn,bevPsngRoadPrvt
59RO,d168,0.44406748886780784,scr1988,avaStIn,bevPsngRoadPrvt
59RO,d169,0.4442433302373707,scr1988,avaStIn,bevPsngRoadPrvt
59RO,d170,0.4453986384192496,scr1988,avaStIn,bevPsngRoadPrvt
59RO,d171,0.4451846334488831,scr1988,avaStIn,bevPsngRoadPrvt
59RO,d172,0.44406748886780784,scr1988,avaStIn,bevPsngRoadPrvt
59RO,d173,0.44406748886780784,scr1988,avaStIn,bevPsngRoadPrvt
59RO,d174,0.44406748886780784,scr1988,avaStIn,bevPsngRoadPrvt
59RO,d175,0.44406748886780784,scr1988,avaStIn,bevPsngRoadPrvt
59RO,d176,0.4442433302373707,scr1988,avaStIn,bevPsngRoadPrvt
59RO,d177,0.4453986384192496,scr1988,avaStIn,bevPsngRoadPrvt
59RO,d178,0.4451846334488831,scr1988,avaStIn,bevPsngRoadPrvt
59RO,d179,0.44406748886780784,scr1988,avaStIn,bevPsngRoadPrvt
59RO,d180,0.44406748886780784,scr1988,avaStIn,bevPsngRoadPrvt
59RO,d181,0.44406748886780784,scr1988,avaStIn,bevPsngRoadPrvt
59RO,d182,0.44406748886780784,scr1988,avaStIn,bevPsngRoadPrvt
60RO,d092,0.39695079066339795,scr1988,avaStIn,bevPsngRoadPrvt
60RO,d093,0.44230048575854214,scr1988,avaStIn,bevPsngRoadPrvt
60RO,d094,0.44557714599843595,scr1988,avaStIn,bevPsngRoadPrvt
60RO,d095,0.44557714599843595,scr1988,avaStIn,bevPsngRoadPrvt
60RO,d096,0.44557714599843595,scr1988,avaStIn,bevPsngRoadPrvt
60RO,d097,0.44557714599843595,scr1988,avaStIn,bevPsngRoadPrvt
60RO,d098,0.44557714599843595,scr1988,avaStIn,bevPsngRoadPrvt
60RO,d099,0.46722091136161586,scr1988,avaStIn,bevPsngRoadPrvt
60RO,d100,0.47222289515354826,scr1988,avaStIn,bevPsngRoadPrvt
60RO,d101,0.45053862653839677,scr1988,avaStIn,bevPsngRoadPrvt
60RO,d102,0.44557714599843595,scr1988,avaStIn,bevPsngRoadPrvt
60RO,d103,0.44557714599843595,scr1988,avaStIn,bevPsngRoadPrvt
60RO,d104,0.44557714599843595,scr1988,avaStIn,bevPsngRoadPrvt
60RO,d105,0.44557714599843595,scr1988,avaStIn,bevPsngRoadPrvt
60RO,d106,0.46722091136161586,scr1988,avaStIn,bevPsngRoadPrvt
60RO,d107,0.47222289515354826,scr1988,avaStIn,bevPsngRoadPrvt
60RO,d108,0.45053862653839677,scr1988,avaStIn,bevPsngRoadPrvt
60RO,d109,0.44557714599843595,scr1988,avaStIn,bevPsngRoadPrvt
60RO,d110,0.44557714599843595,scr1988,avaStIn,bevPsngRoadPrvt
60RO,d111,0.44557714599843595,scr1988,avaStIn,bevPsngRoadPrvt
60RO,d112,0.44557714599843595,scr1988,avaStIn,bevPsngRoadPrvt
60RO,d113,0.46722091136161586,scr1988,avaStIn,bevPsngRoadPrvt
60RO,d114,0.47222289515354826,scr1988,avaStIn,bevPsngRoadPrvt
60RO,d115,0.45053862653839677,scr1988,avaStIn,bevPsngRoadPrvt
60RO,d116,0.44557714599843595,scr1988,avaStIn,bevPsngRoadPrvt
60RO,d117,0.44557714599843595,scr1988,avaStIn,bevPsngRoadPrvt
60RO,d118,0.44557714599843595,scr1988,avaStIn,bevPsngRoadPrvt
60RO,d119,0.44557714599843595,scr1988,avaStIn,bevPsngRoadPrvt
60RO,d120,0.46722091136161586,scr1988,avaStIn,bevPsngRoadPrvt
60RO,d121,0.47222289515354826,scr1988,avaStIn,bevPsngRoadPrvt
60RO,d122,0.45053862653839677,scr1988,avaStIn,bevPsngRoadPrvt
60RO,d123,0.4547536638034571,scr1988,avaStIn,bevPsngRoadPrvt
60RO,d124,0.4432711785319287,scr1988,avaStIn,bevPsngRoadPrvt
60RO,d125,0.4432711785319287,scr1988,avaStIn,bevPsngRoadPrvt
60RO,d126,0.4432711785319287,scr1988,avaStIn,bevPsngRoadPrvt
60RO,d127,0.44413811018389965,scr1988,avaStIn,bevPsngRoadPrvt
60RO,d128,0.43646102703319944,scr1988,avaStIn,bevPsngRoadPrvt
60RO,d129,0.4353950159570614,scr1988,avaStIn,bevPsngRoadPrvt
60RO,d130,0.4432711785319287,scr1988,avaStIn,bevPsngRoadPrvt
60RO,d131,0.4432711785319287,scr1988,avaStIn,bevPsngRoadPrvt
60RO,d132,0.4432711785319287,scr1988,avaStIn,bevPsngRoadPrvt
60RO,d133,0.4432711785319287,scr1988,avaStIn,bevPsngRoadPrvt
60RO,d134,0.44413811018389965,scr1988,avaStIn,bevPsngRoadPrvt
60RO,d135,0.43646102703319944,scr1988,avaStIn,bevPsngRoadPrvt
60RO,d136,0.4353950159570614,scr1988,avaStIn,bevPsngRoadPrvt
60RO,d137,0.4432711785319287,scr1988,avaStIn,bevPsngRoadPrvt
60RO,d138,0.4432711785319287,scr1988,avaStIn,bevPsngRoadPrvt
60RO,d139,0.4432711785319287,scr1988,avaStIn,bevPsngRoadPrvt
60RO,d140,0.4432711785319287,scr1988,avaStIn,bevPsngRoadPrvt
60RO,d141,0.44413811018389965,scr1988,avaStIn,bevPsngRoadPrvt
60RO,d142,0.43646102703319944,scr1988,avaStIn,bevPsngRoadPrvt
60RO,d143,0.4353950159570614,scr1988,avaStIn,bevPsngRoadPrvt
60RO,d144,0.4432711785319287,scr1988,avaStIn,bevPsngRoadPrvt
60RO,d145,0.4432711785319287,scr1988,avaStIn,bevPsngRoadPrvt
60RO,d146,0.4432711785319287,scr1988,avaStIn,bevPsngRoadPrvt
60RO,d147,0.4432711785319287,scr1988,avaStIn,bevPsngRoadPrvt
60RO,d148,0.44413811018389965,scr1988,avaStIn,bevPsngRoadPrvt
60RO,d149,0.43646102703319944,scr1988,avaStIn,bevPsngRoadPrvt
60RO,d150,0.4353950159570614,scr1988,avaStIn,bevPsngRoadPrvt
60RO,d151,0.4432711785319287,scr1988,avaStIn,bevPsngRoadPrvt
60RO,d152,0.4432711785319287,scr1988,avaStIn,bevPsngRoadPrvt
60RO,d153,0.4432711785319287,scr1988,avaStIn,bevPsngRoadPrvt
60RO,d154,0.4379237182393594,scr1988,avaStIn,bevPsngRoadPrvt
60RO,d155,0.4442433302373707,scr1988,avaStIn,bevPsngRoadPrvt
60RO,d156,0.4453986384192496,scr1988,avaStIn,bevPsngRoadPrvt
60RO,d157,0.4451846334488831,scr1988,avaStIn,bevPsngRoadPrvt
60RO,d158,0.44406748886780784,scr1988,avaStIn,bevPsngRoadPrvt
60RO,d159,0.44406748886780784,scr1988,avaStIn,bevPsngRoadPrvt
60RO,d160,0.44406748886780784,scr1988,avaStIn,bevPsngRoadPrvt
60RO,d161,0.44406748886780784,scr1988,avaStIn,bevPsngRoadPrvt
60RO,d162,0.4442433302373707,scr1988,avaStIn,bevPsngRoadPrvt
60RO,d163,0.4453986384192496,scr1988,avaStIn,bevPsngRoadPrvt
60RO,d164,0.4451846334488831,scr1988,avaStIn,bevPsngRoadPrvt
60RO,d165,0.44406748886780784,scr1988,avaStIn,bevPsngRoadPrvt
60RO,d166,0.44406748886780784,scr1988,avaStIn,bevPsngRoadPrvt
60RO,d167,0.44406748886780784,scr1988,avaStIn,bevPsngRoadPrvt
60RO,d168,0.44406748886780784,scr1988,avaStIn,bevPsngRoadPrvt
60RO,d169,0.4442433302373707,scr1988,avaStIn,bevPsngRoadPrvt
60RO,d170,0.4453986384192496,scr1988,avaStIn,bevPsngRoadPrvt
60RO,d171,0.4451846334488831,scr1988,avaStIn,bevPsngRoadPrvt
60RO,d172,0.44406748886780784,scr1988,avaStIn,bevPsngRoadPrvt
60RO,d173,0.44406748886780784,scr1988,avaStIn,bevPsngRoadPrvt
60RO,d174,0.44406748886780784,scr1988,avaStIn,bevPsngRoadPrvt
60RO,d175,0.44406748886780784,scr1988,avaStIn,bevPsngRoadPrvt
60RO,d176,0.4442433302373707,scr1988,avaStIn,bevPsngRoadPrvt
60RO,d177,0.4453986384192496,scr1988,avaStIn,bevPsngRoadPrvt
60RO,d178,0.4451846334488831,scr1988,avaStIn,bevPsngRoadPrvt
60RO,d179,0.44406748886780784,scr1988,avaStIn,bevPsngRoadPrvt
60RO,d180,0.44406748886780784,scr1988,avaStIn,bevPsngRoadPrvt
60RO,d181,0.44406748886780784,scr1988,avaStIn,bevPsngRoadPrvt
60RO,d182,0.44406748886780784,scr1988,avaStIn,bevPsngRoadPrvt
61RO,d092,0.39695079066339795,scr1988,avaStIn,bevPsngRoadPrvt
61RO,d093,0.44230048575854214,scr1988,avaStIn,bevPsngRoadPrvt
61RO,d094,0.44557714599843595,scr1988,avaStIn,bevPsngRoadPrvt
61RO,d095,0.44557714599843595,scr1988,avaStIn,bevPsngRoadPrvt
61RO,d096,0.44557714599843595,scr1988,avaStIn,bevPsngRoadPrvt
61RO,d097,0.44557714599843595,scr1988,avaStIn,bevPsngRoadPrvt
61RO,d098,0.44557714599843595,scr1988,avaStIn,bevPsngRoadPrvt
61RO,d099,0.46722091136161586,scr1988,avaStIn,bevPsngRoadPrvt
61RO,d100,0.47222289515354826,scr1988,avaStIn,bevPsngRoadPrvt
61RO,d101,0.45053862653839677,scr1988,avaStIn,bevPsngRoadPrvt
61RO,d102,0.44557714599843595,scr1988,avaStIn,bevPsngRoadPrvt
61RO,d103,0.44557714599843595,scr1988,avaStIn,bevPsngRoadPrvt
61RO,d104,0.44557714599843595,scr1988,avaStIn,bevPsngRoadPrvt
61RO,d105,0.44557714599843595,scr1988,avaStIn,bevPsngRoadPrvt
61RO,d106,0.46722091136161586,scr1988,avaStIn,bevPsngRoadPrvt
61RO,d107,0.47222289515354826,scr1988,avaStIn,bevPsngRoadPrvt
61RO,d108,0.45053862653839677,scr1988,avaStIn,bevPsngRoadPrvt
61RO,d109,0.44557714599843595,scr1988,avaStIn,bevPsngRoadPrvt
61RO,d110,0.44557714599843595,scr1988,avaStIn,bevPsngRoadPrvt
61RO,d111,0.44557714599843595,scr1988,avaStIn,bevPsngRoadPrvt
61RO,d112,0.44557714599843595,scr1988,avaStIn,bevPsngRoadPrvt
61RO,d113,0.46722091136161586,scr1988,avaStIn,bevPsngRoadPrvt
61RO,d114,0.47222289515354826,scr1988,avaStIn,bevPsngRoadPrvt
61RO,d115,0.45053862653839677,scr1988,avaStIn,bevPsngRoadPrvt
61RO,d116,0.44557714599843595,scr1988,avaStIn,bevPsngRoadPrvt
61RO,d117,0.44557714599843595,scr1988,avaStIn,bevPsngRoadPrvt
61RO,d118,0.44557714599843595,scr1988,avaStIn,bevPsngRoadPrvt
61RO,d119,0.44557714599843595,scr1988,avaStIn,bevPsngRoadPrvt
61RO,d120,0.46722091136161586,scr1988,avaStIn,bevPsngRoadPrvt
61RO,d121,0.47222289515354826,scr1988,avaStIn,bevPsngRoadPrvt
61RO,d122,0.45053862653839677,scr1988,avaStIn,bevPsngRoadPrvt
61RO,d123,0.4547536638034571,scr1988,avaStIn,bevPsngRoadPrvt
61RO,d124,0.4432711785319287,scr1988,avaStIn,bevPsngRoadPrvt
61RO,d125,0.4432711785319287,scr1988,avaStIn,bevPsngRoadPrvt
61RO,d126,0.4432711785319287,scr1988,avaStIn,bevPsngRoadPrvt
61RO,d127,0.44413811018389965,scr1988,avaStIn,bevPsngRoadPrvt
61RO,d128,0.43646102703319944,scr1988,avaStIn,bevPsngRoadPrvt
61RO,d129,0.4353950159570614,scr1988,avaStIn,bevPsngRoadPrvt
61RO,d130,0.4432711785319287,scr1988,avaStIn,bevPsngRoadPrvt
61RO,d131,0.4432711785319287,scr1988,avaStIn,bevPsngRoadPrvt
61RO,d132,0.4432711785319287,scr1988,avaStIn,bevPsngRoadPrvt
61RO,d133,0.4432711785319287,scr1988,avaStIn,bevPsngRoadPrvt
61RO,d134,0.44413811018389965,scr1988,avaStIn,bevPsngRoadPrvt
61RO,d135,0.43646102703319944,scr1988,avaStIn,bevPsngRoadPrvt
61RO,d136,0.4353950159570614,scr1988,avaStIn,bevPsngRoadPrvt
61RO,d137,0.4432711785319287,scr1988,avaStIn,bevPsngRoadPrvt
61RO,d138,0.4432711785319287,scr1988,avaStIn,bevPsngRoadPrvt
61RO,d139,0.4432711785319287,scr1988,avaStIn,bevPsngRoadPrvt
61RO,d140,0.4432711785319287,scr1988,avaStIn,bevPsngRoadPrvt
61RO,d141,0.44413811018389965,scr1988,avaStIn,bevPsngRoadPrvt
61RO,d142,0.43646102703319944,scr1988,avaStIn,bevPsngRoadPrvt
61RO,d143,0.4353950159570614,scr1988,avaStIn,bevPsngRoadPrvt
61RO,d144,0.4432711785319287,scr1988,avaStIn,bevPsngRoadPrvt
61RO,d145,0.4432711785319287,scr1988,avaStIn,bevPsngRoadPrvt
61RO,d146,0.4432711785319287,scr1988,avaStIn,bevPsngRoadPrvt
61RO,d147,0.4432711785319287,scr1988,avaStIn,bevPsngRoadPrvt
61RO,d148,0.44413811018389965,scr1988,avaStIn,bevPsngRoadPrvt
61RO,d149,0.43646102703319944,scr1988,avaStIn,bevPsngRoadPrvt
61RO,d150,0.4353950159570614,scr1988,avaStIn,bevPsngRoadPrvt
61RO,d151,0.4432711785319287,scr1988,avaStIn,bevPsngRoadPrvt
61RO,d152,0.4432711785319287,scr1988,avaStIn,bevPsngRoadPrvt
61RO,d153,0.4432711785319287,scr1988,avaStIn,bevPsngRoadPrvt
61RO,d154,0.4379237182393594,scr1988,avaStIn,bevPsngRoadPrvt
61RO,d155,0.4442433302373707,scr1988,avaStIn,bevPsngRoadPrvt
61RO,d156,0.4453986384192496,scr1988,avaStIn,bevPsngRoadPrvt
61RO,d157,0.4451846334488831,scr1988,avaStIn,bevPsngRoadPrvt
61RO,d158,0.44406748886780784,scr1988,avaStIn,bevPsngRoadPrvt
61RO,d159,0.44406748886780784,scr1988,avaStIn,bevPsngRoadPrvt
61RO,d160,0.44406748886780784,scr1988,avaStIn,bevPsngRoadPrvt
61RO,d161,0.44406748886780784,scr1988,avaStIn,bevPsngRoadPrvt
61RO,d162,0.4442433302373707,scr1988,avaStIn,bevPsngRoadPrvt
61RO,d163,0.4453986384192496,scr1988,avaStIn,bevPsngRoadPrvt
61RO,d164,0.4451846334488831,scr1988,avaStIn,bevPsngRoadPrvt
61RO,d165,0.44406748886780784,scr1988,avaStIn,bevPsngRoadPrvt
61RO,d166,0.44406748886780784,scr1988,avaStIn,bevPsngRoadPrvt
61RO,d167,0.44406748886780784,scr1988,avaStIn,bevPsngRoadPrvt
61RO,d168,0.44406748886780784,scr1988,avaStIn,bevPsngRoadPrvt
61RO,d169,0.4442433302373707,scr1988,avaStIn,bevPsngRoadPrvt
61RO,d170,0.4453986384192496,scr1988,avaStIn,bevPsngRoadPrvt
61RO,d171,0.4451846334488831,scr1988,avaStIn,bevPsngRoadPrvt
61RO,d172,0.44406748886780784,scr1988,avaStIn,bevPsngRoadPrvt
61RO,d173,0.44406748886780784,scr1988,avaStIn,bevPsngRoadPrvt
61RO,d174,0.44406748886780784,scr1988,avaStIn,bevPsngRoadPrvt
61RO,d175,0.44406748886780784,scr1988,avaStIn,bevPsngRoadPrvt
61RO,d176,0.4442433302373707,scr1988,avaStIn,bevPsngRoadPrvt
61RO,d177,0.4453986384192496,scr1988,avaStIn,bevPsngRoadPrvt
61RO,d178,0.4451846334488831,scr1988,avaStIn,bevPsngRoadPrvt
61RO,d179,0.44406748886780784,scr1988,avaStIn,bevPsngRoadPrvt
61RO,d180,0.44406748886780784,scr1988,avaStIn,bevPsngRoadPrvt
61RO,d181,0.44406748886780784,scr1988,avaStIn,bevPsngRoadPrvt
61RO,d182,0.44406748886780784,scr1988,avaStIn,bevPsngRoadPrvt
62HR,d092,0.39695079066339795,scr1988,avaStIn,bevPsngRoadPrvt
62HR,d093,0.44230048575854214,scr1988,avaStIn,bevPsngRoadPrvt
62HR,d094,0.44557714599843595,scr1988,avaStIn,bevPsngRoadPrvt
62HR,d095,0.44557714599843595,scr1988,avaStIn,bevPsngRoadPrvt
62HR,d096,0.44557714599843595,scr1988,avaStIn,bevPsngRoadPrvt
62HR,d097,0.44557714599843595,scr1988,avaStIn,bevPsngRoadPrvt
62HR,d098,0.44557714599843595,scr1988,avaStIn,bevPsngRoadPrvt
62HR,d099,0.46722091136161586,scr1988,avaStIn,bevPsngRoadPrvt
62HR,d100,0.47222289515354826,scr1988,avaStIn,bevPsngRoadPrvt
62HR,d101,0.45053862653839677,scr1988,avaStIn,bevPsngRoadPrvt
62HR,d102,0.44557714599843595,scr1988,avaStIn,bevPsngRoadPrvt
62HR,d103,0.44557714599843595,scr1988,avaStIn,bevPsngRoadPrvt
62HR,d104,0.44557714599843595,scr1988,avaStIn,bevPsngRoadPrvt
62HR,d105,0.44557714599843595,scr1988,avaStIn,bevPsngRoadPrvt
62HR,d106,0.46722091136161586,scr1988,avaStIn,bevPsngRoadPrvt
62HR,d107,0.47222289515354826,scr1988,avaStIn,bevPsngRoadPrvt
62HR,d108,0.45053862653839677,scr1988,avaStIn,bevPsngRoadPrvt
62HR,d109,0.44557714599843595,scr1988,avaStIn,bevPsngRoadPrvt
62HR,d110,0.44557714599843595,scr1988,avaStIn,bevPsngRoadPrvt
62HR,d111,0.44557714599843595,scr1988,avaStIn,bevPsngRoadPrvt
62HR,d112,0.44557714599843595,scr1988,avaStIn,bevPsngRoadPrvt
62HR,d113,0.46722091136161586,scr1988,avaStIn,bevPsngRoadPrvt
62HR,d114,0.47222289515354826,scr1988,avaStIn,bevPsngRoadPrvt
62HR,d115,0.45053862653839677,scr1988,avaStIn,bevPsngRoadPrvt
62HR,d116,0.44557714599843595,scr1988,avaStIn,bevPsngRoadPrvt
62HR,d117,0.44557714599843595,scr1988,avaStIn,bevPsngRoadPrvt
62HR,d118,0.44557714599843595,scr1988,avaStIn,bevPsngRoadPrvt
62HR,d119,0.44557714599843595,scr1988,avaStIn,bevPsngRoadPrvt
62HR,d120,0.46722091136161586,scr1988,avaStIn,bevPsngRoadPrvt
62HR,d121,0.47222289515354826,scr1988,avaStIn,bevPsngRoadPrvt
62HR,d122,0.45053862653839677,scr1988,avaStIn,bevPsngRoadPrvt
62HR,d123,0.4547536638034571,scr1988,avaStIn,bevPsngRoadPrvt
62HR,d124,0.4432711785319287,scr1988,avaStIn,bevPsngRoadPrvt
62HR,d125,0.4432711785319287,scr1988,avaStIn,bevPsngRoadPrvt
62HR,d126,0.4432711785319287,scr1988,avaStIn,bevPsngRoadPrvt
62HR,d127,0.44413811018389965,scr1988,avaStIn,bevPsngRoadPrvt
62HR,d128,0.43646102703319944,scr1988,avaStIn,bevPsngRoadPrvt
62HR,d129,0.4353950159570614,scr1988,avaStIn,bevPsngRoadPrvt
62HR,d130,0.4432711785319287,scr1988,avaStIn,bevPsngRoadPrvt
62HR,d131,0.4432711785319287,scr1988,avaStIn,bevPsngRoadPrvt
62HR,d132,0.4432711785319287,scr1988,avaStIn,bevPsngRoadPrvt
62HR,d133,0.4432711785319287,scr1988,avaStIn,bevPsngRoadPrvt
62HR,d134,0.44413811018389965,scr1988,avaStIn,bevPsngRoadPrvt
62HR,d135,0.43646102703319944,scr1988,avaStIn,bevPsngRoadPrvt
62HR,d136,0.4353950159570614,scr1988,avaStIn,bevPsngRoadPrvt
62HR,d137,0.4432711785319287,scr1988,avaStIn,bevPsngRoadPrvt
62HR,d138,0.4432711785319287,scr1988,avaStIn,bevPsngRoadPrvt
62HR,d139,0.4432711785319287,scr1988,avaStIn,bevPsngRoadPrvt
62HR,d140,0.4432711785319287,scr1988,avaStIn,bevPsngRoadPrvt
62HR,d141,0.44413811018389965,scr1988,avaStIn,bevPsngRoadPrvt
62HR,d142,0.43646102703319944,scr1988,avaStIn,bevPsngRoadPrvt
62HR,d143,0.4353950159570614,scr1988,avaStIn,bevPsngRoadPrvt
62HR,d144,0.4432711785319287,scr1988,avaStIn,bevPsngRoadPrvt
62HR,d145,0.4432711785319287,scr1988,avaStIn,bevPsngRoadPrvt
62HR,d146,0.4432711785319287,scr1988,avaStIn,bevPsngRoadPrvt
62HR,d147,0.4432711785319287,scr1988,avaStIn,bevPsngRoadPrvt
62HR,d148,0.44413811018389965,scr1988,avaStIn,bevPsngRoadPrvt
62HR,d149,0.43646102703319944,scr1988,avaStIn,bevPsngRoadPrvt
62HR,d150,0.4353950159570614,scr1988,avaStIn,bevPsngRoadPrvt
62HR,d151,0.4432711785319287,scr1988,avaStIn,bevPsngRoadPrvt
62HR,d152,0.4432711785319287,scr1988,avaStIn,bevPsngRoadPrvt
62HR,d153,0.4432711785319287,scr1988,avaStIn,bevPsngRoadPrvt
62HR,d154,0.4379237182393594,scr1988,avaStIn,bevPsngRoadPrvt
62HR,d155,0.4442433302373707,scr1988,avaStIn,bevPsngRoadPrvt
62HR,d156,0.4453986384192496,scr1988,avaStIn,bevPsngRoadPrvt
62HR,d157,0.4451846334488831,scr1988,avaStIn,bevPsngRoadPrvt
62HR,d158,0.44406748886780784,scr1988,avaStIn,bevPsngRoadPrvt
62HR,d159,0.44406748886780784,scr1988,avaStIn,bevPsngRoadPrvt
62HR,d160,0.44406748886780784,scr1988,avaStIn,bevPsngRoadPrvt
62HR,d161,0.44406748886780784,scr1988,avaStIn,bevPsngRoadPrvt
62HR,d162,0.4442433302373707,scr1988,avaStIn,bevPsngRoadPrvt
62HR,d163,0.4453986384192496,scr1988,avaStIn,bevPsngRoadPrvt
62HR,d164,0.4451846334488831,scr1988,avaStIn,bevPsngRoadPrvt
62HR,d165,0.44406748886780784,scr1988,avaStIn,bevPsngRoadPrvt
62HR,d166,0.44406748886780784,scr1988,avaStIn,bevPsngRoadPrvt
62HR,d167,0.44406748886780784,scr1988,avaStIn,bevPsngRoadPrvt
62HR,d168,0.44406748886780784,scr1988,avaStIn,bevPsngRoadPrvt
62HR,d169,0.4442433302373707,scr1988,avaStIn,bevPsngRoadPrvt
62HR,d170,0.4453986384192496,scr1988,avaStIn,bevPsngRoadPrvt
62HR,d171,0.4451846334488831,scr1988,avaStIn,bevPsngRoadPrvt
62HR,d172,0.44406748886780784,scr1988,avaStIn,bevPsngRoadPrvt
62HR,d173,0.44406748886780784,scr1988,avaStIn,bevPsngRoadPrvt
62HR,d174,0.44406748886780784,scr1988,avaStIn,bevPsngRoadPrvt
62HR,d175,0.44406748886780784,scr1988,avaStIn,bevPsngRoadPrvt
62HR,d176,0.4442433302373707,scr1988,avaStIn,bevPsngRoadPrvt
62HR,d177,0.4453986384192496,scr1988,avaStIn,bevPsngRoadPrvt
62HR,d178,0.4451846334488831,scr1988,avaStIn,bevPsngRoadPrvt
62HR,d179,0.44406748886780784,scr1988,avaStIn,bevPsngRoadPrvt
62HR,d180,0.44406748886780784,scr1988,avaStIn,bevPsngRoadPrvt
62HR,d181,0.44406748886780784,scr1988,avaStIn,bevPsngRoadPrvt
62HR,d182,0.44406748886780784,scr1988,avaStIn,bevPsngRoadPrvt
63BA,d092,0.39695079066339795,scr1988,avaStIn,bevPsngRoadPrvt
63BA,d093,0.44230048575854214,scr1988,avaStIn,bevPsngRoadPrvt
63BA,d094,0.44557714599843595,scr1988,avaStIn,bevPsngRoadPrvt
63BA,d095,0.44557714599843595,scr1988,avaStIn,bevPsngRoadPrvt
63BA,d096,0.44557714599843595,scr1988,avaStIn,bevPsngRoadPrvt
63BA,d097,0.44557714599843595,scr1988,avaStIn,bevPsngRoadPrvt
63BA,d098,0.44557714599843595,scr1988,avaStIn,bevPsngRoadPrvt
63BA,d099,0.46722091136161586,scr1988,avaStIn,bevPsngRoadPrvt
63BA,d100,0.47222289515354826,scr1988,avaStIn,bevPsngRoadPrvt
63BA,d101,0.45053862653839677,scr1988,avaStIn,bevPsngRoadPrvt
63BA,d102,0.44557714599843595,scr1988,avaStIn,bevPsngRoadPrvt
63BA,d103,0.44557714599843595,scr1988,avaStIn,bevPsngRoadPrvt
63BA,d104,0.44557714599843595,scr1988,avaStIn,bevPsngRoadPrvt
63BA,d105,0.44557714599843595,scr1988,avaStIn,bevPsngRoadPrvt
63BA,d106,0.46722091136161586,scr1988,avaStIn,bevPsngRoadPrvt
63BA,d107,0.47222289515354826,scr1988,avaStIn,bevPsngRoadPrvt
63BA,d108,0.45053862653839677,scr1988,avaStIn,bevPsngRoadPrvt
63BA,d109,0.44557714599843595,scr1988,avaStIn,bevPsngRoadPrvt
63BA,d110,0.44557714599843595,scr1988,avaStIn,bevPsngRoadPrvt
63BA,d111,0.44557714599843595,scr1988,avaStIn,bevPsngRoadPrvt
63BA,d112,0.44557714599843595,scr1988,avaStIn,bevPsngRoadPrvt
63BA,d113,0.46722091136161586,scr1988,avaStIn,bevPsngRoadPrvt
63BA,d114,0.47222289515354826,scr1988,avaStIn,bevPsngRoadPrvt
63BA,d115,0.45053862653839677,scr1988,avaStIn,bevPsngRoadPrvt
63BA,d116,0.44557714599843595,scr1988,avaStIn,bevPsngRoadPrvt
63BA,d117,0.44557714599843595,scr1988,avaStIn,bevPsngRoadPrvt
63BA,d118,0.44557714599843595,scr1988,avaStIn,bevPsngRoadPrvt
63BA,d119,0.44557714599843595,scr1988,avaStIn,bevPsngRoadPrvt
63BA,d120,0.46722091136161586,scr1988,avaStIn,bevPsngRoadPrvt
63BA,d121,0.47222289515354826,scr1988,avaStIn,bevPsngRoadPrvt
63BA,d122,0.45053862653839677,scr1988,avaStIn,bevPsngRoadPrvt
63BA,d123,0.4547536638034571,scr1988,avaStIn,bevPsngRoadPrvt
63BA,d124,0.4432711785319287,scr1988,avaStIn,bevPsngRoadPrvt
63BA,d125,0.4432711785319287,scr1988,avaStIn,bevPsngRoadPrvt
63BA,d126,0.4432711785319287,scr1988,avaStIn,bevPsngRoadPrvt
63BA,d127,0.44413811018389965,scr1988,avaStIn,bevPsngRoadPrvt
63BA,d128,0.43646102703319944,scr1988,avaStIn,bevPsngRoadPrvt
63BA,d129,0.4353950159570614,scr1988,avaStIn,bevPsngRoadPrvt
63BA,d130,0.4432711785319287,scr1988,avaStIn,bevPsngRoadPrvt
63BA,d131,0.4432711785319287,scr1988,avaStIn,bevPsngRoadPrvt
63BA,d132,0.4432711785319287,scr1988,avaStIn,bevPsngRoadPrvt
63BA,d133,0.4432711785319287,scr1988,avaStIn,bevPsngRoadPrvt
63BA,d134,0.44413811018389965,scr1988,avaStIn,bevPsngRoadPrvt
63BA,d135,0.43646102703319944,scr1988,avaStIn,bevPsngRoadPrvt
63BA,d136,0.4353950159570614,scr1988,avaStIn,bevPsngRoadPrvt
63BA,d137,0.4432711785319287,scr1988,avaStIn,bevPsngRoadPrvt
63BA,d138,0.4432711785319287,scr1988,avaStIn,bevPsngRoadPrvt
63BA,d139,0.4432711785319287,scr1988,avaStIn,bevPsngRoadPrvt
63BA,d140,0.4432711785319287,scr1988,avaStIn,bevPsngRoadPrvt
63BA,d141,0.44413811018389965,scr1988,avaStIn,bevPsngRoadPrvt
63BA,d142,0.43646102703319944,scr1988,avaStIn,bevPsngRoadPrvt
63BA,d143,0.4353950159570614,scr1988,avaStIn,bevPsngRoadPrvt
63BA,d144,0.4432711785319287,scr1988,avaStIn,bevPsngRoadPrvt
63BA,d145,0.4432711785319287,scr1988,avaStIn,bevPsngRoadPrvt
63BA,d146,0.4432711785319287,scr1988,avaStIn,bevPsngRoadPrvt
63BA,d147,0.4432711785319287,scr1988,avaStIn,bevPsngRoadPrvt
63BA,d148,0.44413811018389965,scr1988,avaStIn,bevPsngRoadPrvt
63BA,d149,0.43646102703319944,scr1988,avaStIn,bevPsngRoadPrvt
63BA,d150,0.4353950159570614,scr1988,avaStIn,bevPsngRoadPrvt
63BA,d151,0.4432711785319287,scr1988,avaStIn,bevPsngRoadPrvt
63BA,d152,0.4432711785319287,scr1988,avaStIn,bevPsngRoadPrvt
63BA,d153,0.4432711785319287,scr1988,avaStIn,bevPsngRoadPrvt
63BA,d154,0.4379237182393594,scr1988,avaStIn,bevPsngRoadPrvt
63BA,d155,0.4442433302373707,scr1988,avaStIn,bevPsngRoadPrvt
63BA,d156,0.4453986384192496,scr1988,avaStIn,bevPsngRoadPrvt
63BA,d157,0.4451846334488831,scr1988,avaStIn,bevPsngRoadPrvt
63BA,d158,0.44406748886780784,scr1988,avaStIn,bevPsngRoadPrvt
63BA,d159,0.44406748886780784,scr1988,avaStIn,bevPsngRoadPrvt
63BA,d160,0.44406748886780784,scr1988,avaStIn,bevPsngRoadPrvt
63BA,d161,0.44406748886780784,scr1988,avaStIn,bevPsngRoadPrvt
63BA,d162,0.4442433302373707,scr1988,avaStIn,bevPsngRoadPrvt
63BA,d163,0.4453986384192496,scr1988,avaStIn,bevPsngRoadPrvt
63BA,d164,0.4451846334488831,scr1988,avaStIn,bevPsngRoadPrvt
63BA,d165,0.44406748886780784,scr1988,avaStIn,bevPsngRoadPrvt
63BA,d166,0.44406748886780784,scr1988,avaStIn,bevPsngRoadPrvt
63BA,d167,0.44406748886780784,scr1988,avaStIn,bevPsngRoadPrvt
63BA,d168,0.44406748886780784,scr1988,avaStIn,bevPsngRoadPrvt
63BA,d169,0.4442433302373707,scr1988,avaStIn,bevPsngRoadPrvt
63BA,d170,0.4453986384192496,scr1988,avaStIn,bevPsngRoadPrvt
63BA,d171,0.4451846334488831,scr1988,avaStIn,bevPsngRoadPrvt
63BA,d172,0.44406748886780784,scr1988,avaStIn,bevPsngRoadPrvt
63BA,d173,0.44406748886780784,scr1988,avaStIn,bevPsngRoadPrvt
63BA,d174,0.44406748886780784,scr1988,avaStIn,bevPsngRoadPrvt
63BA,d175,0.44406748886780784,scr1988,avaStIn,bevPsngRoadPrvt
63BA,d176,0.4442433302373707,scr1988,avaStIn,bevPsngRoadPrvt
63BA,d177,0.4453986384192496,scr1988,avaStIn,bevPsngRoadPrvt
63BA,d178,0.4451846334488831,scr1988,avaStIn,bevPsngRoadPrvt
63BA,d179,0.44406748886780784,scr1988,avaStIn,bevPsngRoadPrvt
63BA,d180,0.44406748886780784,scr1988,avaStIn,bevPsngRoadPrvt
63BA,d181,0.44406748886780784,scr1988,avaStIn,bevPsngRoadPrvt
63BA,d182,0.44406748886780784,scr1988,avaStIn,bevPsngRoadPrvt
64ME,d092,0.39695079066339795,scr1988,avaStIn,bevPsngRoadPrvt
64ME,d093,0.44230048575854214,scr1988,avaStIn,bevPsngRoadPrvt
64ME,d094,0.44557714599843595,scr1988,avaStIn,bevPsngRoadPrvt
64ME,d095,0.44557714599843595,scr1988,avaStIn,bevPsngRoadPrvt
64ME,d096,0.44557714599843595,scr1988,avaStIn,bevPsngRoadPrvt
64ME,d097,0.44557714599843595,scr1988,avaStIn,bevPsngRoadPrvt
64ME,d098,0.44557714599843595,scr1988,avaStIn,bevPsngRoadPrvt
64ME,d099,0.46722091136161586,scr1988,avaStIn,bevPsngRoadPrvt
64ME,d100,0.47222289515354826,scr1988,avaStIn,bevPsngRoadPrvt
64ME,d101,0.45053862653839677,scr1988,avaStIn,bevPsngRoadPrvt
64ME,d102,0.44557714599843595,scr1988,avaStIn,bevPsngRoadPrvt
64ME,d103,0.44557714599843595,scr1988,avaStIn,bevPsngRoadPrvt
64ME,d104,0.44557714599843595,scr1988,avaStIn,bevPsngRoadPrvt
64ME,d105,0.44557714599843595,scr1988,avaStIn,bevPsngRoadPrvt
64ME,d106,0.46722091136161586,scr1988,avaStIn,bevPsngRoadPrvt
64ME,d107,0.47222289515354826,scr1988,avaStIn,bevPsngRoadPrvt
64ME,d108,0.45053862653839677,scr1988,avaStIn,bevPsngRoadPrvt
64ME,d109,0.44557714599843595,scr1988,avaStIn,bevPsngRoadPrvt
64ME,d110,0.44557714599843595,scr1988,avaStIn,bevPsngRoadPrvt
64ME,d111,0.44557714599843595,scr1988,avaStIn,bevPsngRoadPrvt
64ME,d112,0.44557714599843595,scr1988,avaStIn,bevPsngRoadPrvt
64ME,d113,0.46722091136161586,scr1988,avaStIn,bevPsngRoadPrvt
64ME,d114,0.47222289515354826,scr1988,avaStIn,bevPsngRoadPrvt
64ME,d115,0.45053862653839677,scr1988,avaStIn,bevPsngRoadPrvt
64ME,d116,0.44557714599843595,scr1988,avaStIn,bevPsngRoadPrvt
64ME,d117,0.44557714599843595,scr1988,avaStIn,bevPsngRoadPrvt
64ME,d118,0.44557714599843595,scr1988,avaStIn,bevPsngRoadPrvt
64ME,d119,0.44557714599843595,scr1988,avaStIn,bevPsngRoadPrvt
64ME,d120,0.46722091136161586,scr1988,avaStIn,bevPsngRoadPrvt
64ME,d121,0.47222289515354826,scr1988,avaStIn,bevPsngRoadPrvt
64ME,d122,0.45053862653839677,scr1988,avaStIn,bevPsngRoadPrvt
64ME,d123,0.4547536638034571,scr1988,avaStIn,bevPsngRoadPrvt
64ME,d124,0.4432711785319287,scr1988,avaStIn,bevPsngRoadPrvt
64ME,d125,0.4432711785319287,scr1988,avaStIn,bevPsngRoadPrvt
64ME,d126,0.4432711785319287,scr1988,avaStIn,bevPsngRoadPrvt
64ME,d127,0.44413811018389965,scr1988,avaStIn,bevPsngRoadPrvt
64ME,d128,0.43646102703319944,scr1988,avaStIn,bevPsngRoadPrvt
64ME,d129,0.4353950159570614,scr1988,avaStIn,bevPsngRoadPrvt
64ME,d130,0.4432711785319287,scr1988,avaStIn,bevPsngRoadPrvt
64ME,d131,0.4432711785319287,scr1988,avaStIn,bevPsngRoadPrvt
64ME,d132,0.4432711785319287,scr1988,avaStIn,bevPsngRoadPrvt
64ME,d133,0.4432711785319287,scr1988,avaStIn,bevPsngRoadPrvt
64ME,d134,0.44413811018389965,scr1988,avaStIn,bevPsngRoadPrvt
64ME,d135,0.43646102703319944,scr1988,avaStIn,bevPsngRoadPrvt
64ME,d136,0.4353950159570614,scr1988,avaStIn,bevPsngRoadPrvt
64ME,d137,0.4432711785319287,scr1988,avaStIn,bevPsngRoadPrvt
64ME,d138,0.4432711785319287,scr1988,avaStIn,bevPsngRoadPrvt
64ME,d139,0.4432711785319287,scr1988,avaStIn,bevPsngRoadPrvt
64ME,d140,0.4432711785319287,scr1988,avaStIn,bevPsngRoadPrvt
64ME,d141,0.44413811018389965,scr1988,avaStIn,bevPsngRoadPrvt
64ME,d142,0.43646102703319944,scr1988,avaStIn,bevPsngRoadPrvt
64ME,d143,0.4353950159570614,scr1988,avaStIn,bevPsngRoadPrvt
64ME,d144,0.4432711785319287,scr1988,avaStIn,bevPsngRoadPrvt
64ME,d145,0.4432711785319287,scr1988,avaStIn,bevPsngRoadPrvt
64ME,d146,0.4432711785319287,scr1988,avaStIn,bevPsngRoadPrvt
64ME,d147,0.4432711785319287,scr1988,avaStIn,bevPsngRoadPrvt
64ME,d148,0.44413811018389965,scr1988,avaStIn,bevPsngRoadPrvt
64ME,d149,0.43646102703319944,scr1988,avaStIn,bevPsngRoadPrvt
64ME,d150,0.4353950159570614,scr1988,avaStIn,bevPsngRoadPrvt
64ME,d151,0.4432711785319287,scr1988,avaStIn,bevPsngRoadPrvt
64ME,d152,0.4432711785319287,scr1988,avaStIn,bevPsngRoadPrvt
64ME,d153,0.4432711785319287,scr1988,avaStIn,bevPsngRoadPrvt
64ME,d154,0.4379237182393594,scr1988,avaStIn,bevPsngRoadPrvt
64ME,d155,0.4442433302373707,scr1988,avaStIn,bevPsngRoadPrvt
64ME,d156,0.4453986384192496,scr1988,avaStIn,bevPsngRoadPrvt
64ME,d157,0.4451846334488831,scr1988,avaStIn,bevPsngRoadPrvt
64ME,d158,0.44406748886780784,scr1988,avaStIn,bevPsngRoadPrvt
64ME,d159,0.44406748886780784,scr1988,avaStIn,bevPsngRoadPrvt
64ME,d160,0.44406748886780784,scr1988,avaStIn,bevPsngRoadPrvt
64ME,d161,0.44406748886780784,scr1988,avaStIn,bevPsngRoadPrvt
64ME,d162,0.4442433302373707,scr1988,avaStIn,bevPsngRoadPrvt
64ME,d163,0.4453986384192496,scr1988,avaStIn,bevPsngRoadPrvt
64ME,d164,0.4451846334488831,scr1988,avaStIn,bevPsngRoadPrvt
64ME,d165,0.44406748886780784,scr1988,avaStIn,bevPsngRoadPrvt
64ME,d166,0.44406748886780784,scr1988,avaStIn,bevPsngRoadPrvt
64ME,d167,0.44406748886780784,scr1988,avaStIn,bevPsngRoadPrvt
64ME,d168,0.44406748886780784,scr1988,avaStIn,bevPsngRoadPrvt
64ME,d169,0.4442433302373707,scr1988,avaStIn,bevPsngRoadPrvt
64ME,d170,0.4453986384192496,scr1988,avaStIn,bevPsngRoadPrvt
64ME,d171,0.4451846334488831,scr1988,avaStIn,bevPsngRoadPrvt
64ME,d172,0.44406748886780784,scr1988,avaStIn,bevPsngRoadPrvt
64ME,d173,0.44406748886780784,scr1988,avaStIn,bevPsngRoadPrvt
64ME,d174,0.44406748886780784,scr1988,avaStIn,bevPsngRoadPrvt
64ME,d175,0.44406748886780784,scr1988,avaStIn,bevPsngRoadPrvt
64ME,d176,0.4442433302373707,scr1988,avaStIn,bevPsngRoadPrvt
64ME,d177,0.4453986384192496,scr1988,avaStIn,bevPsngRoadPrvt
64ME,d178,0.4451846334488831,scr1988,avaStIn,bevPsngRoadPrvt
64ME,d179,0.44406748886780784,scr1988,avaStIn,bevPsngRoadPrvt
64ME,d180,0.44406748886780784,scr1988,avaStIn,bevPsngRoadPrvt
64ME,d181,0.44406748886780784,scr1988,avaStIn,bevPsngRoadPrvt
64ME,d182,0.44406748886780784,scr1988,avaStIn,bevPsngRoadPrvt
65RS,d092,0.39695079066339795,scr1988,avaStIn,bevPsngRoadPrvt
65RS,d093,0.44230048575854214,scr1988,avaStIn,bevPsngRoadPrvt
65RS,d094,0.44557714599843595,scr1988,avaStIn,bevPsngRoadPrvt
65RS,d095,0.44557714599843595,scr1988,avaStIn,bevPsngRoadPrvt
65RS,d096,0.44557714599843595,scr1988,avaStIn,bevPsngRoadPrvt
65RS,d097,0.44557714599843595,scr1988,avaStIn,bevPsngRoadPrvt
65RS,d098,0.44557714599843595,scr1988,avaStIn,bevPsngRoadPrvt
65RS,d099,0.46722091136161586,scr1988,avaStIn,bevPsngRoadPrvt
65RS,d100,0.47222289515354826,scr1988,avaStIn,bevPsngRoadPrvt
65RS,d101,0.45053862653839677,scr1988,avaStIn,bevPsngRoadPrvt
65RS,d102,0.44557714599843595,scr1988,avaStIn,bevPsngRoadPrvt
65RS,d103,0.44557714599843595,scr1988,avaStIn,bevPsngRoadPrvt
65RS,d104,0.44557714599843595,scr1988,avaStIn,bevPsngRoadPrvt
65RS,d105,0.44557714599843595,scr1988,avaStIn,bevPsngRoadPrvt
65RS,d106,0.46722091136161586,scr1988,avaStIn,bevPsngRoadPrvt
65RS,d107,0.47222289515354826,scr1988,avaStIn,bevPsngRoadPrvt
65RS,d108,0.45053862653839677,scr1988,avaStIn,bevPsngRoadPrvt
65RS,d109,0.44557714599843595,scr1988,avaStIn,bevPsngRoadPrvt
65RS,d110,0.44557714599843595,scr1988,avaStIn,bevPsngRoadPrvt
65RS,d111,0.44557714599843595,scr1988,avaStIn,bevPsngRoadPrvt
65RS,d112,0.44557714599843595,scr1988,avaStIn,bevPsngRoadPrvt
65RS,d113,0.46722091136161586,scr1988,avaStIn,bevPsngRoadPrvt
65RS,d114,0.47222289515354826,scr1988,avaStIn,bevPsngRoadPrvt
65RS,d115,0.45053862653839677,scr1988,avaStIn,bevPsngRoadPrvt
65RS,d116,0.44557714599843595,scr1988,avaStIn,bevPsngRoadPrvt
65RS,d117,0.44557714599843595,scr1988,avaStIn,bevPsngRoadPrvt
65RS,d118,0.44557714599843595,scr1988,avaStIn,bevPsngRoadPrvt
65RS,d119,0.44557714599843595,scr1988,avaStIn,bevPsngRoadPrvt
65RS,d120,0.46722091136161586,scr1988,avaStIn,bevPsngRoadPrvt
65RS,d121,0.47222289515354826,scr1988,avaStIn,bevPsngRoadPrvt
65RS,d122,0.45053862653839677,scr1988,avaStIn,bevPsngRoadPrvt
65RS,d123,0.4547536638034571,scr1988,avaStIn,bevPsngRoadPrvt
65RS,d124,0.4432711785319287,scr1988,avaStIn,bevPsngRoadPrvt
65RS,d125,0.4432711785319287,scr1988,avaStIn,bevPsngRoadPrvt
65RS,d126,0.4432711785319287,scr1988,avaStIn,bevPsngRoadPrvt
65RS,d127,0.44413811018389965,scr1988,avaStIn,bevPsngRoadPrvt
65RS,d128,0.43646102703319944,scr1988,avaStIn,bevPsngRoadPrvt
65RS,d129,0.4353950159570614,scr1988,avaStIn,bevPsngRoadPrvt
65RS,d130,0.4432711785319287,scr1988,avaStIn,bevPsngRoadPrvt
65RS,d131,0.4432711785319287,scr1988,avaStIn,bevPsngRoadPrvt
65RS,d132,0.4432711785319287,scr1988,avaStIn,bevPsngRoadPrvt
65RS,d133,0.4432711785319287,scr1988,avaStIn,bevPsngRoadPrvt
65RS,d134,0.44413811018389965,scr1988,avaStIn,bevPsngRoadPrvt
65RS,d135,0.43646102703319944,scr1988,avaStIn,bevPsngRoadPrvt
65RS,d136,0.4353950159570614,scr1988,avaStIn,bevPsngRoadPrvt
65RS,d137,0.4432711785319287,scr1988,avaStIn,bevPsngRoadPrvt
65RS,d138,0.4432711785319287,scr1988,avaStIn,bevPsngRoadPrvt
65RS,d139,0.4432711785319287,scr1988,avaStIn,bevPsngRoadPrvt
65RS,d140,0.4432711785319287,scr1988,avaStIn,bevPsngRoadPrvt
65RS,d141,0.44413811018389965,scr1988,avaStIn,bevPsngRoadPrvt
65RS,d142,0.43646102703319944,scr1988,avaStIn,bevPsngRoadPrvt
65RS,d143,0.4353950159570614,scr1988,avaStIn,bevPsngRoadPrvt
65RS,d144,0.4432711785319287,scr1988,avaStIn,bevPsngRoadPrvt
65RS,d145,0.4432711785319287,scr1988,avaStIn,bevPsngRoadPrvt
65RS,d146,0.4432711785319287,scr1988,avaStIn,bevPsngRoadPrvt
65RS,d147,0.4432711785319287,scr1988,avaStIn,bevPsngRoadPrvt
65RS,d148,0.44413811018389965,scr1988,avaStIn,bevPsngRoadPrvt
65RS,d149,0.43646102703319944,scr1988,avaStIn,bevPsngRoadPrvt
65RS,d150,0.4353950159570614,scr1988,avaStIn,bevPsngRoadPrvt
65RS,d151,0.4432711785319287,scr1988,avaStIn,bevPsngRoadPrvt
65RS,d152,0.4432711785319287,scr1988,avaStIn,bevPsngRoadPrvt
65RS,d153,0.4432711785319287,scr1988,avaStIn,bevPsngRoadPrvt
65RS,d154,0.4379237182393594,scr1988,avaStIn,bevPsngRoadPrvt
65RS,d155,0.4442433302373707,scr1988,avaStIn,bevPsngRoadPrvt
65RS,d156,0.4453986384192496,scr1988,avaStIn,bevPsngRoadPrvt
65RS,d157,0.4451846334488831,scr1988,avaStIn,bevPsngRoadPrvt
65RS,d158,0.44406748886780784,scr1988,avaStIn,bevPsngRoadPrvt
65RS,d159,0.44406748886780784,scr1988,avaStIn,bevPsngRoadPrvt
65RS,d160,0.44406748886780784,scr1988,avaStIn,bevPsngRoadPrvt
65RS,d161,0.44406748886780784,scr1988,avaStIn,bevPsngRoadPrvt
65RS,d162,0.4442433302373707,scr1988,avaStIn,bevPsngRoadPrvt
65RS,d163,0.4453986384192496,scr1988,avaStIn,bevPsngRoadPrvt
65RS,d164,0.4451846334488831,scr1988,avaStIn,bevPsngRoadPrvt
65RS,d165,0.44406748886780784,scr1988,avaStIn,bevPsngRoadPrvt
65RS,d166,0.44406748886780784,scr1988,avaStIn,bevPsngRoadPrvt
65RS,d167,0.44406748886780784,scr1988,avaStIn,bevPsngRoadPrvt
65RS,d168,0.44406748886780784,scr1988,avaStIn,bevPsngRoadPrvt
65RS,d169,0.4442433302373707,scr1988,avaStIn,bevPsngRoadPrvt
65RS,d170,0.4453986384192496,scr1988,avaStIn,bevPsngRoadPrvt
65RS,d171,0.4451846334488831,scr1988,avaStIn,bevPsngRoadPrvt
65RS,d172,0.44406748886780784,scr1988,avaStIn,bevPsngRoadPrvt
65RS,d173,0.44406748886780784,scr1988,avaStIn,bevPsngRoadPrvt
65RS,d174,0.44406748886780784,scr1988,avaStIn,bevPsngRoadPrvt
65RS,d175,0.44406748886780784,scr1988,avaStIn,bevPsngRoadPrvt
65RS,d176,0.4442433302373707,scr1988,avaStIn,bevPsngRoadPrvt
65RS,d177,0.4453986384192496,scr1988,avaStIn,bevPsngRoadPrvt
65RS,d178,0.4451846334488831,scr1988,avaStIn,bevPsngRoadPrvt
65RS,d179,0.44406748886780784,scr1988,avaStIn,bevPsngRoadPrvt
65RS,d180,0.44406748886780784,scr1988,avaStIn,bevPsngRoadPrvt
65RS,d181,0.44406748886780784,scr1988,avaStIn,bevPsngRoadPrvt
65RS,d182,0.44406748886780784,scr1988,avaStIn,bevPsngRoadPrvt
66BG,d092,0.39695079066339795,scr1988,avaStIn,bevPsngRoadPrvt
66BG,d093,0.44230048575854214,scr1988,avaStIn,bevPsngRoadPrvt
66BG,d094,0.44557714599843595,scr1988,avaStIn,bevPsngRoadPrvt
66BG,d095,0.44557714599843595,scr1988,avaStIn,bevPsngRoadPrvt
66BG,d096,0.44557714599843595,scr1988,avaStIn,bevPsngRoadPrvt
66BG,d097,0.44557714599843595,scr1988,avaStIn,bevPsngRoadPrvt
66BG,d098,0.44557714599843595,scr1988,avaStIn,bevPsngRoadPrvt
66BG,d099,0.46722091136161586,scr1988,avaStIn,bevPsngRoadPrvt
66BG,d100,0.47222289515354826,scr1988,avaStIn,bevPsngRoadPrvt
66BG,d101,0.45053862653839677,scr1988,avaStIn,bevPsngRoadPrvt
66BG,d102,0.44557714599843595,scr1988,avaStIn,bevPsngRoadPrvt
66BG,d103,0.44557714599843595,scr1988,avaStIn,bevPsngRoadPrvt
66BG,d104,0.44557714599843595,scr1988,avaStIn,bevPsngRoadPrvt
66BG,d105,0.44557714599843595,scr1988,avaStIn,bevPsngRoadPrvt
66BG,d106,0.46722091136161586,scr1988,avaStIn,bevPsngRoadPrvt
66BG,d107,0.47222289515354826,scr1988,avaStIn,bevPsngRoadPrvt
66BG,d108,0.45053862653839677,scr1988,avaStIn,bevPsngRoadPrvt
66BG,d109,0.44557714599843595,scr1988,avaStIn,bevPsngRoadPrvt
66BG,d110,0.44557714599843595,scr1988,avaStIn,bevPsngRoadPrvt
66BG,d111,0.44557714599843595,scr1988,avaStIn,bevPsngRoadPrvt
66BG,d112,0.44557714599843595,scr1988,avaStIn,bevPsngRoadPrvt
66BG,d113,0.46722091136161586,scr1988,avaStIn,bevPsngRoadPrvt
66BG,d114,0.47222289515354826,scr1988,avaStIn,bevPsngRoadPrvt
66BG,d115,0.45053862653839677,scr1988,avaStIn,bevPsngRoadPrvt
66BG,d116,0.44557714599843595,scr1988,avaStIn,bevPsngRoadPrvt
66BG,d117,0.44557714599843595,scr1988,avaStIn,bevPsngRoadPrvt
66BG,d118,0.44557714599843595,scr1988,avaStIn,bevPsngRoadPrvt
66BG,d119,0.44557714599843595,scr1988,avaStIn,bevPsngRoadPrvt
66BG,d120,0.46722091136161586,scr1988,avaStIn,bevPsngRoadPrvt
66BG,d121,0.47222289515354826,scr1988,avaStIn,bevPsngRoadPrvt
66BG,d122,0.45053862653839677,scr1988,avaStIn,bevPsngRoadPrvt
66BG,d123,0.4547536638034571,scr1988,avaStIn,bevPsngRoadPrvt
66BG,d124,0.4432711785319287,scr1988,avaStIn,bevPsngRoadPrvt
66BG,d125,0.4432711785319287,scr1988,avaStIn,bevPsngRoadPrvt
66BG,d126,0.4432711785319287,scr1988,avaStIn,bevPsngRoadPrvt
66BG,d127,0.44413811018389965,scr1988,avaStIn,bevPsngRoadPrvt
66BG,d128,0.43646102703319944,scr1988,avaStIn,bevPsngRoadPrvt
66BG,d129,0.4353950159570614,scr1988,avaStIn,bevPsngRoadPrvt
66BG,d130,0.4432711785319287,scr1988,avaStIn,bevPsngRoadPrvt
66BG,d131,0.4432711785319287,scr1988,avaStIn,bevPsngRoadPrvt
66BG,d132,0.4432711785319287,scr1988,avaStIn,bevPsngRoadPrvt
66BG,d133,0.4432711785319287,scr1988,avaStIn,bevPsngRoadPrvt
66BG,d134,0.44413811018389965,scr1988,avaStIn,bevPsngRoadPrvt
66BG,d135,0.43646102703319944,scr1988,avaStIn,bevPsngRoadPrvt
66BG,d136,0.4353950159570614,scr1988,avaStIn,bevPsngRoadPrvt
66BG,d137,0.4432711785319287,scr1988,avaStIn,bevPsngRoadPrvt
66BG,d138,0.4432711785319287,scr1988,avaStIn,bevPsngRoadPrvt
66BG,d139,0.4432711785319287,scr1988,avaStIn,bevPsngRoadPrvt
66BG,d140,0.4432711785319287,scr1988,avaStIn,bevPsngRoadPrvt
66BG,d141,0.44413811018389965,scr1988,avaStIn,bevPsngRoadPrvt
66BG,d142,0.43646102703319944,scr1988,avaStIn,bevPsngRoadPrvt
66BG,d143,0.4353950159570614,scr1988,avaStIn,bevPsngRoadPrvt
66BG,d144,0.4432711785319287,scr1988,avaStIn,bevPsngRoadPrvt
66BG,d145,0.4432711785319287,scr1988,avaStIn,bevPsngRoadPrvt
66BG,d146,0.4432711785319287,scr1988,avaStIn,bevPsngRoadPrvt
66BG,d147,0.4432711785319287,scr1988,avaStIn,bevPsngRoadPrvt
66BG,d148,0.44413811018389965,scr1988,avaStIn,bevPsngRoadPrvt
66BG,d149,0.43646102703319944,scr1988,avaStIn,bevPsngRoadPrvt
66BG,d150,0.4353950159570614,scr1988,avaStIn,bevPsngRoadPrvt
66BG,d151,0.4432711785319287,scr1988,avaStIn,bevPsngRoadPrvt
66BG,d152,0.4432711785319287,scr1988,avaStIn,bevPsngRoadPrvt
66BG,d153,0.4432711785319287,scr1988,avaStIn,bevPsngRoadPrvt
66BG,d154,0.4379237182393594,scr1988,avaStIn,bevPsngRoadPrvt
66BG,d155,0.4442433302373707,scr1988,avaStIn,bevPsngRoadPrvt
66BG,d156,0.4453986384192496,scr1988,avaStIn,bevPsngRoadPrvt
66BG,d157,0.4451846334488831,scr1988,avaStIn,bevPsngRoadPrvt
66BG,d158,0.44406748886780784,scr1988,avaStIn,bevPsngRoadPrvt
66BG,d159,0.44406748886780784,scr1988,avaStIn,bevPsngRoadPrvt
66BG,d160,0.44406748886780784,scr1988,avaStIn,bevPsngRoadPrvt
66BG,d161,0.44406748886780784,scr1988,avaStIn,bevPsngRoadPrvt
66BG,d162,0.4442433302373707,scr1988,avaStIn,bevPsngRoadPrvt
66BG,d163,0.4453986384192496,scr1988,avaStIn,bevPsngRoadPrvt
66BG,d164,0.4451846334488831,scr1988,avaStIn,bevPsngRoadPrvt
66BG,d165,0.44406748886780784,scr1988,avaStIn,bevPsngRoadPrvt
66BG,d166,0.44406748886780784,scr1988,avaStIn,bevPsngRoadPrvt
66BG,d167,0.44406748886780784,scr1988,avaStIn,bevPsngRoadPrvt
66BG,d168,0.44406748886780784,scr1988,avaStIn,bevPsngRoadPrvt
66BG,d169,0.4442433302373707,scr1988,avaStIn,bevPsngRoadPrvt
66BG,d170,0.4453986384192496,scr1988,avaStIn,bevPsngRoadPrvt
66BG,d171,0.4451846334488831,scr1988,avaStIn,bevPsngRoadPrvt
66BG,d172,0.44406748886780784,scr1988,avaStIn,bevPsngRoadPrvt
66BG,d173,0.44406748886780784,scr1988,avaStIn,bevPsngRoadPrvt
66BG,d174,0.44406748886780784,scr1988,avaStIn,bevPsngRoadPrvt
66BG,d175,0.44406748886780784,scr1988,avaStIn,bevPsngRoadPrvt
66BG,d176,0.4442433302373707,scr1988,avaStIn,bevPsngRoadPrvt
66BG,d177,0.4453986384192496,scr1988,avaStIn,bevPsngRoadPrvt
66BG,d178,0.4451846334488831,scr1988,avaStIn,bevPsngRoadPrvt
66BG,d179,0.44406748886780784,scr1988,avaStIn,bevPsngRoadPrvt
66BG,d180,0.44406748886780784,scr1988,avaStIn,bevPsngRoadPrvt
66BG,d181,0.44406748886780784,scr1988,avaStIn,bevPsngRoadPrvt
66BG,d182,0.44406748886780784,scr1988,avaStIn,bevPsngRoadPrvt
67MK,d092,0.39695079066339795,scr1988,avaStIn,bevPsngRoadPrvt
67MK,d093,0.44230048575854214,scr1988,avaStIn,bevPsngRoadPrvt
67MK,d094,0.44557714599843595,scr1988,avaStIn,bevPsngRoadPrvt
67MK,d095,0.44557714599843595,scr1988,avaStIn,bevPsngRoadPrvt
67MK,d096,0.44557714599843595,scr1988,avaStIn,bevPsngRoadPrvt
67MK,d097,0.44557714599843595,scr1988,avaStIn,bevPsngRoadPrvt
67MK,d098,0.44557714599843595,scr1988,avaStIn,bevPsngRoadPrvt
67MK,d099,0.46722091136161586,scr1988,avaStIn,bevPsngRoadPrvt
67MK,d100,0.47222289515354826,scr1988,avaStIn,bevPsngRoadPrvt
67MK,d101,0.45053862653839677,scr1988,avaStIn,bevPsngRoadPrvt
67MK,d102,0.44557714599843595,scr1988,avaStIn,bevPsngRoadPrvt
67MK,d103,0.44557714599843595,scr1988,avaStIn,bevPsngRoadPrvt
67MK,d104,0.44557714599843595,scr1988,avaStIn,bevPsngRoadPrvt
67MK,d105,0.44557714599843595,scr1988,avaStIn,bevPsngRoadPrvt
67MK,d106,0.46722091136161586,scr1988,avaStIn,bevPsngRoadPrvt
67MK,d107,0.47222289515354826,scr1988,avaStIn,bevPsngRoadPrvt
67MK,d108,0.45053862653839677,scr1988,avaStIn,bevPsngRoadPrvt
67MK,d109,0.44557714599843595,scr1988,avaStIn,bevPsngRoadPrvt
67MK,d110,0.44557714599843595,scr1988,avaStIn,bevPsngRoadPrvt
67MK,d111,0.44557714599843595,scr1988,avaStIn,bevPsngRoadPrvt
67MK,d112,0.44557714599843595,scr1988,avaStIn,bevPsngRoadPrvt
67MK,d113,0.46722091136161586,scr1988,avaStIn,bevPsngRoadPrvt
67MK,d114,0.47222289515354826,scr1988,avaStIn,bevPsngRoadPrvt
67MK,d115,0.45053862653839677,scr1988,avaStIn,bevPsngRoadPrvt
67MK,d116,0.44557714599843595,scr1988,avaStIn,bevPsngRoadPrvt
67MK,d117,0.44557714599843595,scr1988,avaStIn,bevPsngRoadPrvt
67MK,d118,0.44557714599843595,scr1988,avaStIn,bevPsngRoadPrvt
67MK,d119,0.44557714599843595,scr1988,avaStIn,bevPsngRoadPrvt
67MK,d120,0.46722091136161586,scr1988,avaStIn,bevPsngRoadPrvt
67MK,d121,0.47222289515354826,scr1988,avaStIn,bevPsngRoadPrvt
67MK,d122,0.45053862653839677,scr1988,avaStIn,bevPsngRoadPrvt
67MK,d123,0.4547536638034571,scr1988,avaStIn,bevPsngRoadPrvt
67MK,d124,0.4432711785319287,scr1988,avaStIn,bevPsngRoadPrvt
67MK,d125,0.4432711785319287,scr1988,avaStIn,bevPsngRoadPrvt
67MK,d126,0.4432711785319287,scr1988,avaStIn,bevPsngRoadPrvt
67MK,d127,0.44413811018389965,scr1988,avaStIn,bevPsngRoadPrvt
67MK,d128,0.43646102703319944,scr1988,avaStIn,bevPsngRoadPrvt
67MK,d129,0.4353950159570614,scr1988,avaStIn,bevPsngRoadPrvt
67MK,d130,0.4432711785319287,scr1988,avaStIn,bevPsngRoadPrvt
67MK,d131,0.4432711785319287,scr1988,avaStIn,bevPsngRoadPrvt
67MK,d132,0.4432711785319287,scr1988,avaStIn,bevPsngRoadPrvt
67MK,d133,0.4432711785319287,scr1988,avaStIn,bevPsngRoadPrvt
67MK,d134,0.44413811018389965,scr1988,avaStIn,bevPsngRoadPrvt
67MK,d135,0.43646102703319944,scr1988,avaStIn,bevPsngRoadPrvt
67MK,d136,0.4353950159570614,scr1988,avaStIn,bevPsngRoadPrvt
67MK,d137,0.4432711785319287,scr1988,avaStIn,bevPsngRoadPrvt
67MK,d138,0.4432711785319287,scr1988,avaStIn,bevPsngRoadPrvt
67MK,d139,0.4432711785319287,scr1988,avaStIn,bevPsngRoadPrvt
67MK,d140,0.4432711785319287,scr1988,avaStIn,bevPsngRoadPrvt
67MK,d141,0.44413811018389965,scr1988,avaStIn,bevPsngRoadPrvt
67MK,d142,0.43646102703319944,scr1988,avaStIn,bevPsngRoadPrvt
67MK,d143,0.4353950159570614,scr1988,avaStIn,bevPsngRoadPrvt
67MK,d144,0.4432711785319287,scr1988,avaStIn,bevPsngRoadPrvt
67MK,d145,0.4432711785319287,scr1988,avaStIn,bevPsngRoadPrvt
67MK,d146,0.4432711785319287,scr1988,avaStIn,bevPsngRoadPrvt
67MK,d147,0.4432711785319287,scr1988,avaStIn,bevPsngRoadPrvt
67MK,d148,0.44413811018389965,scr1988,avaStIn,bevPsngRoadPrvt
67MK,d149,0.43646102703319944,scr1988,avaStIn,bevPsngRoadPrvt
67MK,d150,0.4353950159570614,scr1988,avaStIn,bevPsngRoadPrvt
67MK,d151,0.4432711785319287,scr1988,avaStIn,bevPsngRoadPrvt
67MK,d152,0.4432711785319287,scr1988,avaStIn,bevPsngRoadPrvt
67MK,d153,0.4432711785319287,scr1988,avaStIn,bevPsngRoadPrvt
67MK,d154,0.4379237182393594,scr1988,avaStIn,bevPsngRoadPrvt
67MK,d155,0.4442433302373707,scr1988,avaStIn,bevPsngRoadPrvt
67MK,d156,0.4453986384192496,scr1988,avaStIn,bevPsngRoadPrvt
67MK,d157,0.4451846334488831,scr1988,avaStIn,bevPsngRoadPrvt
67MK,d158,0.44406748886780784,scr1988,avaStIn,bevPsngRoadPrvt
67MK,d159,0.44406748886780784,scr1988,avaStIn,bevPsngRoadPrvt
67MK,d160,0.44406748886780784,scr1988,avaStIn,bevPsngRoadPrvt
67MK,d161,0.44406748886780784,scr1988,avaStIn,bevPsngRoadPrvt
67MK,d162,0.4442433302373707,scr1988,avaStIn,bevPsngRoadPrvt
67MK,d163,0.4453986384192496,scr1988,avaStIn,bevPsngRoadPrvt
67MK,d164,0.4451846334488831,scr1988,avaStIn,bevPsngRoadPrvt
67MK,d165,0.44406748886780784,scr1988,avaStIn,bevPsngRoadPrvt
67MK,d166,0.44406748886780784,scr1988,avaStIn,bevPsngRoadPrvt
67MK,d167,0.44406748886780784,scr1988,avaStIn,bevPsngRoadPrvt
67MK,d168,0.44406748886780784,scr1988,avaStIn,bevPsngRoadPrvt
67MK,d169,0.4442433302373707,scr1988,avaStIn,bevPsngRoadPrvt
67MK,d170,0.4453986384192496,scr1988,avaStIn,bevPsngRoadPrvt
67MK,d171,0.4451846334488831,scr1988,avaStIn,bevPsngRoadPrvt
67MK,d172,0.44406748886780784,scr1988,avaStIn,bevPsngRoadPrvt
67MK,d173,0.44406748886780784,scr1988,avaStIn,bevPsngRoadPrvt
67MK,d174,0.44406748886780784,scr1988,avaStIn,bevPsngRoadPrvt
67MK,d175,0.44406748886780784,scr1988,avaStIn,bevPsngRoadPrvt
67MK,d176,0.4442433302373707,scr1988,avaStIn,bevPsngRoadPrvt
67MK,d177,0.4453986384192496,scr1988,avaStIn,bevPsngRoadPrvt
67MK,d178,0.4451846334488831,scr1988,avaStIn,bevPsngRoadPrvt
67MK,d179,0.44406748886780784,scr1988,avaStIn,bevPsngRoadPrvt
67MK,d180,0.44406748886780784,scr1988,avaStIn,bevPsngRoadPrvt
67MK,d181,0.44406748886780784,scr1988,avaStIn,bevPsngRoadPrvt
67MK,d182,0.44406748886780784,scr1988,avaStIn,bevPsngRoadPrvt
68GR,d092,0.39695079066339795,scr1988,avaStIn,bevPsngRoadPrvt
68GR,d093,0.44230048575854214,scr1988,avaStIn,bevPsngRoadPrvt
68GR,d094,0.44557714599843595,scr1988,avaStIn,bevPsngRoadPrvt
68GR,d095,0.44557714599843595,scr1988,avaStIn,bevPsngRoadPrvt
68GR,d096,0.44557714599843595,scr1988,avaStIn,bevPsngRoadPrvt
68GR,d097,0.44557714599843595,scr1988,avaStIn,bevPsngRoadPrvt
68GR,d098,0.44557714599843595,scr1988,avaStIn,bevPsngRoadPrvt
68GR,d099,0.46722091136161586,scr1988,avaStIn,bevPsngRoadPrvt
68GR,d100,0.47222289515354826,scr1988,avaStIn,bevPsngRoadPrvt
68GR,d101,0.45053862653839677,scr1988,avaStIn,bevPsngRoadPrvt
68GR,d102,0.44557714599843595,scr1988,avaStIn,bevPsngRoadPrvt
68GR,d103,0.44557714599843595,scr1988,avaStIn,bevPsngRoadPrvt
68GR,d104,0.44557714599843595,scr1988,avaStIn,bevPsngRoadPrvt
68GR,d105,0.44557714599843595,scr1988,avaStIn,bevPsngRoadPrvt
68GR,d106,0.46722091136161586,scr1988,avaStIn,bevPsngRoadPrvt
68GR,d107,0.47222289515354826,scr1988,avaStIn,bevPsngRoadPrvt
68GR,d108,0.45053862653839677,scr1988,avaStIn,bevPsngRoadPrvt
68GR,d109,0.44557714599843595,scr1988,avaStIn,bevPsngRoadPrvt
68GR,d110,0.44557714599843595,scr1988,avaStIn,bevPsngRoadPrvt
68GR,d111,0.44557714599843595,scr1988,avaStIn,bevPsngRoadPrvt
68GR,d112,0.44557714599843595,scr1988,avaStIn,bevPsngRoadPrvt
68GR,d113,0.46722091136161586,scr1988,avaStIn,bevPsngRoadPrvt
68GR,d114,0.47222289515354826,scr1988,avaStIn,bevPsngRoadPrvt
68GR,d115,0.45053862653839677,scr1988,avaStIn,bevPsngRoadPrvt
68GR,d116,0.44557714599843595,scr1988,avaStIn,bevPsngRoadPrvt
68GR,d117,0.44557714599843595,scr1988,avaStIn,bevPsngRoadPrvt
68GR,d118,0.44557714599843595,scr1988,avaStIn,bevPsngRoadPrvt
68GR,d119,0.44557714599843595,scr1988,avaStIn,bevPsngRoadPrvt
68GR,d120,0.46722091136161586,scr1988,avaStIn,bevPsngRoadPrvt
68GR,d121,0.47222289515354826,scr1988,avaStIn,bevPsngRoadPrvt
68GR,d122,0.45053862653839677,scr1988,avaStIn,bevPsngRoadPrvt
68GR,d123,0.4547536638034571,scr1988,avaStIn,bevPsngRoadPrvt
68GR,d124,0.4432711785319287,scr1988,avaStIn,bevPsngRoadPrvt
68GR,d125,0.4432711785319287,scr1988,avaStIn,bevPsngRoadPrvt
68GR,d126,0.4432711785319287,scr1988,avaStIn,bevPsngRoadPrvt
68GR,d127,0.44413811018389965,scr1988,avaStIn,bevPsngRoadPrvt
68GR,d128,0.43646102703319944,scr1988,avaStIn,bevPsngRoadPrvt
68GR,d129,0.4353950159570614,scr1988,avaStIn,bevPsngRoadPrvt
68GR,d130,0.4432711785319287,scr1988,avaStIn,bevPsngRoadPrvt
68GR,d131,0.4432711785319287,scr1988,avaStIn,bevPsngRoadPrvt
68GR,d132,0.4432711785319287,scr1988,avaStIn,bevPsngRoadPrvt
68GR,d133,0.4432711785319287,scr1988,avaStIn,bevPsngRoadPrvt
68GR,d134,0.44413811018389965,scr1988,avaStIn,bevPsngRoadPrvt
68GR,d135,0.43646102703319944,scr1988,avaStIn,bevPsngRoadPrvt
68GR,d136,0.4353950159570614,scr1988,avaStIn,bevPsngRoadPrvt
68GR,d137,0.4432711785319287,scr1988,avaStIn,bevPsngRoadPrvt
68GR,d138,0.4432711785319287,scr1988,avaStIn,bevPsngRoadPrvt
68GR,d139,0.4432711785319287,scr1988,avaStIn,bevPsngRoadPrvt
68GR,d140,0.4432711785319287,scr1988,avaStIn,bevPsngRoadPrvt
68GR,d141,0.44413811018389965,scr1988,avaStIn,bevPsngRoadPrvt
68GR,d142,0.43646102703319944,scr1988,avaStIn,bevPsngRoadPrvt
68GR,d143,0.4353950159570614,scr1988,avaStIn,bevPsngRoadPrvt
68GR,d144,0.4432711785319287,scr1988,avaStIn,bevPsngRoadPrvt
68GR,d145,0.4432711785319287,scr1988,avaStIn,bevPsngRoadPrvt
68GR,d146,0.4432711785319287,scr1988,avaStIn,bevPsngRoadPrvt
68GR,d147,0.4432711785319287,scr1988,avaStIn,bevPsngRoadPrvt
68GR,d148,0.44413811018389965,scr1988,avaStIn,bevPsngRoadPrvt
68GR,d149,0.43646102703319944,scr1988,avaStIn,bevPsngRoadPrvt
68GR,d150,0.4353950159570614,scr1988,avaStIn,bevPsngRoadPrvt
68GR,d151,0.4432711785319287,scr1988,avaStIn,bevPsngRoadPrvt
68GR,d152,0.4432711785319287,scr1988,avaStIn,bevPsngRoadPrvt
68GR,d153,0.4432711785319287,scr1988,avaStIn,bevPsngRoadPrvt
68GR,d154,0.4379237182393594,scr1988,avaStIn,bevPsngRoadPrvt
68GR,d155,0.4442433302373707,scr1988,avaStIn,bevPsngRoadPrvt
68GR,d156,0.4453986384192496,scr1988,avaStIn,bevPsngRoadPrvt
68GR,d157,0.4451846334488831,scr1988,avaStIn,bevPsngRoadPrvt
68GR,d158,0.44406748886780784,scr1988,avaStIn,bevPsngRoadPrvt
68GR,d159,0.44406748886780784,scr1988,avaStIn,bevPsngRoadPrvt
68GR,d160,0.44406748886780784,scr1988,avaStIn,bevPsngRoadPrvt
68GR,d161,0.44406748886780784,scr1988,avaStIn,bevPsngRoadPrvt
68GR,d162,0.4442433302373707,scr1988,avaStIn,bevPsngRoadPrvt
68GR,d163,0.4453986384192496,scr1988,avaStIn,bevPsngRoadPrvt
68GR,d164,0.4451846334488831,scr1988,avaStIn,bevPsngRoadPrvt
68GR,d165,0.44406748886780784,scr1988,avaStIn,bevPsngRoadPrvt
68GR,d166,0.44406748886780784,scr1988,avaStIn,bevPsngRoadPrvt
68GR,d167,0.44406748886780784,scr1988,avaStIn,bevPsngRoadPrvt
68GR,d168,0.44406748886780784,scr1988,avaStIn,bevPsngRoadPrvt
68GR,d169,0.4442433302373707,scr1988,avaStIn,bevPsngRoadPrvt
68GR,d170,0.4453986384192496,scr1988,avaStIn,bevPsngRoadPrvt
68GR,d171,0.4451846334488831,scr1988,avaStIn,bevPsngRoadPrvt
68GR,d172,0.44406748886780784,scr1988,avaStIn,bevPsngRoadPrvt
68GR,d173,0.44406748886780784,scr1988,avaStIn,bevPsngRoadPrvt
68GR,d174,0.44406748886780784,scr1988,avaStIn,bevPsngRoadPrvt
68GR,d175,0.44406748886780784,scr1988,avaStIn,bevPsngRoadPrvt
68GR,d176,0.4442433302373707,scr1988,avaStIn,bevPsngRoadPrvt
68GR,d177,0.4453986384192496,scr1988,avaStIn,bevPsngRoadPrvt
68GR,d178,0.4451846334488831,scr1988,avaStIn,bevPsngRoadPrvt
68GR,d179,0.44406748886780784,scr1988,avaStIn,bevPsngRoadPrvt
68GR,d180,0.44406748886780784,scr1988,avaStIn,bevPsngRoadPrvt
68GR,d181,0.44406748886780784,scr1988,avaStIn,bevPsngRoadPrvt
68GR,d182,0.44406748886780784,scr1988,avaStIn,bevPsngRoadPrvt
69GR,d092,0.39695079066339795,scr1988,avaStIn,bevPsngRoadPrvt
69GR,d093,0.44230048575854214,scr1988,avaStIn,bevPsngRoadPrvt
69GR,d094,0.44557714599843595,scr1988,avaStIn,bevPsngRoadPrvt
69GR,d095,0.44557714599843595,scr1988,avaStIn,bevPsngRoadPrvt
69GR,d096,0.44557714599843595,scr1988,avaStIn,bevPsngRoadPrvt
69GR,d097,0.44557714599843595,scr1988,avaStIn,bevPsngRoadPrvt
69GR,d098,0.44557714599843595,scr1988,avaStIn,bevPsngRoadPrvt
69GR,d099,0.46722091136161586,scr1988,avaStIn,bevPsngRoadPrvt
69GR,d100,0.47222289515354826,scr1988,avaStIn,bevPsngRoadPrvt
69GR,d101,0.45053862653839677,scr1988,avaStIn,bevPsngRoadPrvt
69GR,d102,0.44557714599843595,scr1988,avaStIn,bevPsngRoadPrvt
69GR,d103,0.44557714599843595,scr1988,avaStIn,bevPsngRoadPrvt
69GR,d104,0.44557714599843595,scr1988,avaStIn,bevPsngRoadPrvt
69GR,d105,0.44557714599843595,scr1988,avaStIn,bevPsngRoadPrvt
69GR,d106,0.46722091136161586,scr1988,avaStIn,bevPsngRoadPrvt
69GR,d107,0.47222289515354826,scr1988,avaStIn,bevPsngRoadPrvt
69GR,d108,0.45053862653839677,scr1988,avaStIn,bevPsngRoadPrvt
69GR,d109,0.44557714599843595,scr1988,avaStIn,bevPsngRoadPrvt
69GR,d110,0.44557714599843595,scr1988,avaStIn,bevPsngRoadPrvt
69GR,d111,0.44557714599843595,scr1988,avaStIn,bevPsngRoadPrvt
69GR,d112,0.44557714599843595,scr1988,avaStIn,bevPsngRoadPrvt
69GR,d113,0.46722091136161586,scr1988,avaStIn,bevPsngRoadPrvt
69GR,d114,0.47222289515354826,scr1988,avaStIn,bevPsngRoadPrvt
69GR,d115,0.45053862653839677,scr1988,avaStIn,bevPsngRoadPrvt
69GR,d116,0.44557714599843595,scr1988,avaStIn,bevPsngRoadPrvt
69GR,d117,0.44557714599843595,scr1988,avaStIn,bevPsngRoadPrvt
69GR,d118,0.44557714599843595,scr1988,avaStIn,bevPsngRoadPrvt
69GR,d119,0.44557714599843595,scr1988,avaStIn,bevPsngRoadPrvt
69GR,d120,0.46722091136161586,scr1988,avaStIn,bevPsngRoadPrvt
69GR,d121,0.47222289515354826,scr1988,avaStIn,bevPsngRoadPrvt
69GR,d122,0.45053862653839677,scr1988,avaStIn,bevPsngRoadPrvt
69GR,d123,0.4547536638034571,scr1988,avaStIn,bevPsngRoadPrvt
69GR,d124,0.4432711785319287,scr1988,avaStIn,bevPsngRoadPrvt
69GR,d125,0.4432711785319287,scr1988,avaStIn,bevPsngRoadPrvt
69GR,d126,0.4432711785319287,scr1988,avaStIn,bevPsngRoadPrvt
69GR,d127,0.44413811018389965,scr1988,avaStIn,bevPsngRoadPrvt
69GR,d128,0.43646102703319944,scr1988,avaStIn,bevPsngRoadPrvt
69GR,d129,0.4353950159570614,scr1988,avaStIn,bevPsngRoadPrvt
69GR,d130,0.4432711785319287,scr1988,avaStIn,bevPsngRoadPrvt
69GR,d131,0.4432711785319287,scr1988,avaStIn,bevPsngRoadPrvt
69GR,d132,0.4432711785319287,scr1988,avaStIn,bevPsngRoadPrvt
69GR,d133,0.4432711785319287,scr1988,avaStIn,bevPsngRoadPrvt
69GR,d134,0.44413811018389965,scr1988,avaStIn,bevPsngRoadPrvt
69GR,d135,0.43646102703319944,scr1988,avaStIn,bevPsngRoadPrvt
69GR,d136,0.4353950159570614,scr1988,avaStIn,bevPsngRoadPrvt
69GR,d137,0.4432711785319287,scr1988,avaStIn,bevPsngRoadPrvt
69GR,d138,0.4432711785319287,scr1988,avaStIn,bevPsngRoadPrvt
69GR,d139,0.4432711785319287,scr1988,avaStIn,bevPsngRoadPrvt
69GR,d140,0.4432711785319287,scr1988,avaStIn,bevPsngRoadPrvt
69GR,d141,0.44413811018389965,scr1988,avaStIn,bevPsngRoadPrvt
69GR,d142,0.43646102703319944,scr1988,avaStIn,bevPsngRoadPrvt
69GR,d143,0.4353950159570614,scr1988,avaStIn,bevPsngRoadPrvt
69GR,d144,0.4432711785319287,scr1988,avaStIn,bevPsngRoadPrvt
69GR,d145,0.4432711785319287,scr1988,avaStIn,bevPsngRoadPrvt
69GR,d146,0.4432711785319287,scr1988,avaStIn,bevPsngRoadPrvt
69GR,d147,0.4432711785319287,scr1988,avaStIn,bevPsngRoadPrvt
69GR,d148,0.44413811018389965,scr1988,avaStIn,bevPsngRoadPrvt
69GR,d149,0.43646102703319944,scr1988,avaStIn,bevPsngRoadPrvt
69GR,d150,0.4353950159570614,scr1988,avaStIn,bevPsngRoadPrvt
69GR,d151,0.4432711785319287,scr1988,avaStIn,bevPsngRoadPrvt
69GR,d152,0.4432711785319287,scr1988,avaStIn,bevPsngRoadPrvt
69GR,d153,0.4432711785319287,scr1988,avaStIn,bevPsngRoadPrvt
69GR,d154,0.4379237182393594,scr1988,avaStIn,bevPsngRoadPrvt
69GR,d155,0.4442433302373707,scr1988,avaStIn,bevPsngRoadPrvt
69GR,d156,0.4453986384192496,scr1988,avaStIn,bevPsngRoadPrvt
69GR,d157,0.4451846334488831,scr1988,avaStIn,bevPsngRoadPrvt
69GR,d158,0.44406748886780784,scr1988,avaStIn,bevPsngRoadPrvt
69GR,d159,0.44406748886780784,scr1988,avaStIn,bevPsngRoadPrvt
69GR,d160,0.44406748886780784,scr1988,avaStIn,bevPsngRoadPrvt
69GR,d161,0.44406748886780784,scr1988,avaStIn,bevPsngRoadPrvt
69GR,d162,0.4442433302373707,scr1988,avaStIn,bevPsngRoadPrvt
69GR,d163,0.4453986384192496,scr1988,avaStIn,bevPsngRoadPrvt
69GR,d164,0.4451846334488831,scr1988,avaStIn,bevPsngRoadPrvt
69GR,d165,0.44406748886780784,scr1988,avaStIn,bevPsngRoadPrvt
69GR,d166,0.44406748886780784,scr1988,avaStIn,bevPsngRoadPrvt
69GR,d167,0.44406748886780784,scr1988,avaStIn,bevPsngRoadPrvt
69GR,d168,0.44406748886780784,scr1988,avaStIn,bevPsngRoadPrvt
69GR,d169,0.4442433302373707,scr1988,avaStIn,bevPsngRoadPrvt
69GR,d170,0.4453986384192496,scr1988,avaStIn,bevPsngRoadPrvt
69GR,d171,0.4451846334488831,scr1988,avaStIn,bevPsngRoadPrvt
69GR,d172,0.44406748886780784,scr1988,avaStIn,bevPsngRoadPrvt
69GR,d173,0.44406748886780784,scr1988,avaStIn,bevPsngRoadPrvt
69GR,d174,0.44406748886780784,scr1988,avaStIn,bevPsngRoadPrvt
69GR,d175,0.44406748886780784,scr1988,avaStIn,bevPsngRoadPrvt
69GR,d176,0.4442433302373707,scr1988,avaStIn,bevPsngRoadPrvt
69GR,d177,0.4453986384192496,scr1988,avaStIn,bevPsngRoadPrvt
69GR,d178,0.4451846334488831,scr1988,avaStIn,bevPsngRoadPrvt
69GR,d179,0.44406748886780784,scr1988,avaStIn,bevPsngRoadPrvt
69GR,d180,0.44406748886780784,scr1988,avaStIn,bevPsngRoadPrvt
69GR,d181,0.44406748886780784,scr1988,avaStIn,bevPsngRoadPrvt
69GR,d182,0.44406748886780784,scr1988,avaStIn,bevPsngRoadPrvt
70AL,d092,0.39695079066339795,scr1988,avaStIn,bevPsngRoadPrvt
70AL,d093,0.44230048575854214,scr1988,avaStIn,bevPsngRoadPrvt
70AL,d094,0.44557714599843595,scr1988,avaStIn,bevPsngRoadPrvt
70AL,d095,0.44557714599843595,scr1988,avaStIn,bevPsngRoadPrvt
70AL,d096,0.44557714599843595,scr1988,avaStIn,bevPsngRoadPrvt
70AL,d097,0.44557714599843595,scr1988,avaStIn,bevPsngRoadPrvt
70AL,d098,0.44557714599843595,scr1988,avaStIn,bevPsngRoadPrvt
70AL,d099,0.46722091136161586,scr1988,avaStIn,bevPsngRoadPrvt
70AL,d100,0.47222289515354826,scr1988,avaStIn,bevPsngRoadPrvt
70AL,d101,0.45053862653839677,scr1988,avaStIn,bevPsngRoadPrvt
70AL,d102,0.44557714599843595,scr1988,avaStIn,bevPsngRoadPrvt
70AL,d103,0.44557714599843595,scr1988,avaStIn,bevPsngRoadPrvt
70AL,d104,0.44557714599843595,scr1988,avaStIn,bevPsngRoadPrvt
70AL,d105,0.44557714599843595,scr1988,avaStIn,bevPsngRoadPrvt
70AL,d106,0.46722091136161586,scr1988,avaStIn,bevPsngRoadPrvt
70AL,d107,0.47222289515354826,scr1988,avaStIn,bevPsngRoadPrvt
70AL,d108,0.45053862653839677,scr1988,avaStIn,bevPsngRoadPrvt
70AL,d109,0.44557714599843595,scr1988,avaStIn,bevPsngRoadPrvt
70AL,d110,0.44557714599843595,scr1988,avaStIn,bevPsngRoadPrvt
70AL,d111,0.44557714599843595,scr1988,avaStIn,bevPsngRoadPrvt
70AL,d112,0.44557714599843595,scr1988,avaStIn,bevPsngRoadPrvt
70AL,d113,0.46722091136161586,scr1988,avaStIn,bevPsngRoadPrvt
70AL,d114,0.47222289515354826,scr1988,avaStIn,bevPsngRoadPrvt
70AL,d115,0.45053862653839677,scr1988,avaStIn,bevPsngRoadPrvt
70AL,d116,0.44557714599843595,scr1988,avaStIn,bevPsngRoadPrvt
70AL,d117,0.44557714599843595,scr1988,avaStIn,bevPsngRoadPrvt
70AL,d118,0.44557714599843595,scr1988,avaStIn,bevPsngRoadPrvt
70AL,d119,0.44557714599843595,scr1988,avaStIn,bevPsngRoadPrvt
70AL,d120,0.46722091136161586,scr1988,avaStIn,bevPsngRoadPrvt
70AL,d121,0.47222289515354826,scr1988,avaStIn,bevPsngRoadPrvt
70AL,d122,0.45053862653839677,scr1988,avaStIn,bevPsngRoadPrvt
70AL,d123,0.4547536638034571,scr1988,avaStIn,bevPsngRoadPrvt
70AL,d124,0.4432711785319287,scr1988,avaStIn,bevPsngRoadPrvt
70AL,d125,0.4432711785319287,scr1988,avaStIn,bevPsngRoadPrvt
70AL,d126,0.4432711785319287,scr1988,avaStIn,bevPsngRoadPrvt
70AL,d127,0.44413811018389965,scr1988,avaStIn,bevPsngRoadPrvt
70AL,d128,0.43646102703319944,scr1988,avaStIn,bevPsngRoadPrvt
70AL,d129,0.4353950159570614,scr1988,avaStIn,bevPsngRoadPrvt
70AL,d130,0.4432711785319287,scr1988,avaStIn,bevPsngRoadPrvt
70AL,d131,0.4432711785319287,scr1988,avaStIn,bevPsngRoadPrvt
70AL,d132,0.4432711785319287,scr1988,avaStIn,bevPsngRoadPrvt
70AL,d133,0.4432711785319287,scr1988,avaStIn,bevPsngRoadPrvt
70AL,d134,0.44413811018389965,scr1988,avaStIn,bevPsngRoadPrvt
70AL,d135,0.43646102703319944,scr1988,avaStIn,bevPsngRoadPrvt
70AL,d136,0.4353950159570614,scr1988,avaStIn,bevPsngRoadPrvt
70AL,d137,0.4432711785319287,scr1988,avaStIn,bevPsngRoadPrvt
70AL,d138,0.4432711785319287,scr1988,avaStIn,bevPsngRoadPrvt
70AL,d139,0.4432711785319287,scr1988,avaStIn,bevPsngRoadPrvt
70AL,d140,0.4432711785319287,scr1988,avaStIn,bevPsngRoadPrvt
70AL,d141,0.44413811018389965,scr1988,avaStIn,bevPsngRoadPrvt
70AL,d142,0.43646102703319944,scr1988,avaStIn,bevPsngRoadPrvt
70AL,d143,0.4353950159570614,scr1988,avaStIn,bevPsngRoadPrvt
70AL,d144,0.4432711785319287,scr1988,avaStIn,bevPsngRoadPrvt
70AL,d145,0.4432711785319287,scr1988,avaStIn,bevPsngRoadPrvt
70AL,d146,0.4432711785319287,scr1988,avaStIn,bevPsngRoadPrvt
70AL,d147,0.4432711785319287,scr1988,avaStIn,bevPsngRoadPrvt
70AL,d148,0.44413811018389965,scr1988,avaStIn,bevPsngRoadPrvt
70AL,d149,0.43646102703319944,scr1988,avaStIn,bevPsngRoadPrvt
70AL,d150,0.4353950159570614,scr1988,avaStIn,bevPsngRoadPrvt
70AL,d151,0.4432711785319287,scr1988,avaStIn,bevPsngRoadPrvt
70AL,d152,0.4432711785319287,scr1988,avaStIn,bevPsngRoadPrvt
70AL,d153,0.4432711785319287,scr1988,avaStIn,bevPsngRoadPrvt
70AL,d154,0.4379237182393594,scr1988,avaStIn,bevPsngRoadPrvt
70AL,d155,0.4442433302373707,scr1988,avaStIn,bevPsngRoadPrvt
70AL,d156,0.4453986384192496,scr1988,avaStIn,bevPsngRoadPrvt
70AL,d157,0.4451846334488831,scr1988,avaStIn,bevPsngRoadPrvt
70AL,d158,0.44406748886780784,scr1988,avaStIn,bevPsngRoadPrvt
70AL,d159,0.44406748886780784,scr1988,avaStIn,bevPsngRoadPrvt
70AL,d160,0.44406748886780784,scr1988,avaStIn,bevPsngRoadPrvt
70AL,d161,0.44406748886780784,scr1988,avaStIn,bevPsngRoadPrvt
70AL,d162,0.4442433302373707,scr1988,avaStIn,bevPsngRoadPrvt
70AL,d163,0.4453986384192496,scr1988,avaStIn,bevPsngRoadPrvt
70AL,d164,0.4451846334488831,scr1988,avaStIn,bevPsngRoadPrvt
70AL,d165,0.44406748886780784,scr1988,avaStIn,bevPsngRoadPrvt
70AL,d166,0.44406748886780784,scr1988,avaStIn,bevPsngRoadPrvt
70AL,d167,0.44406748886780784,scr1988,avaStIn,bevPsngRoadPrvt
70AL,d168,0.44406748886780784,scr1988,avaStIn,bevPsngRoadPrvt
70AL,d169,0.4442433302373707,scr1988,avaStIn,bevPsngRoadPrvt
70AL,d170,0.4453986384192496,scr1988,avaStIn,bevPsngRoadPrvt
70AL,d171,0.4451846334488831,scr1988,avaStIn,bevPsngRoadPrvt
70AL,d172,0.44406748886780784,scr1988,avaStIn,bevPsngRoadPrvt
70AL,d173,0.44406748886780784,scr1988,avaStIn,bevPsngRoadPrvt
70AL,d174,0.44406748886780784,scr1988,avaStIn,bevPsngRoadPrvt
70AL,d175,0.44406748886780784,scr1988,avaStIn,bevPsngRoadPrvt
70AL,d176,0.4442433302373707,scr1988,avaStIn,bevPsngRoadPrvt
70AL,d177,0.4453986384192496,scr1988,avaStIn,bevPsngRoadPrvt
70AL,d178,0.4451846334488831,scr1988,avaStIn,bevPsngRoadPrvt
70AL,d179,0.44406748886780784,scr1988,avaStIn,bevPsngRoadPrvt
70AL,d180,0.44406748886780784,scr1988,avaStIn,bevPsngRoadPrvt
70AL,d181,0.44406748886780784,scr1988,avaStIn,bevPsngRoadPrvt
70AL,d182,0.44406748886780784,scr1988,avaStIn,bevPsngRoadPrvt
72DK,d092,0.39695079066339795,scr1988,avaStIn,bevPsngRoadPrvt
72DK,d093,0.44230048575854214,scr1988,avaStIn,bevPsngRoadPrvt
72DK,d094,0.44557714599843595,scr1988,avaStIn,bevPsngRoadPrvt
72DK,d095,0.44557714599843595,scr1988,avaStIn,bevPsngRoadPrvt
72DK,d096,0.44557714599843595,scr1988,avaStIn,bevPsngRoadPrvt
72DK,d097,0.44557714599843595,scr1988,avaStIn,bevPsngRoadPrvt
72DK,d098,0.44557714599843595,scr1988,avaStIn,bevPsngRoadPrvt
72DK,d099,0.46722091136161586,scr1988,avaStIn,bevPsngRoadPrvt
72DK,d100,0.47222289515354826,scr1988,avaStIn,bevPsngRoadPrvt
72DK,d101,0.45053862653839677,scr1988,avaStIn,bevPsngRoadPrvt
72DK,d102,0.44557714599843595,scr1988,avaStIn,bevPsngRoadPrvt
72DK,d103,0.44557714599843595,scr1988,avaStIn,bevPsngRoadPrvt
72DK,d104,0.44557714599843595,scr1988,avaStIn,bevPsngRoadPrvt
72DK,d105,0.44557714599843595,scr1988,avaStIn,bevPsngRoadPrvt
72DK,d106,0.46722091136161586,scr1988,avaStIn,bevPsngRoadPrvt
72DK,d107,0.47222289515354826,scr1988,avaStIn,bevPsngRoadPrvt
72DK,d108,0.45053862653839677,scr1988,avaStIn,bevPsngRoadPrvt
72DK,d109,0.44557714599843595,scr1988,avaStIn,bevPsngRoadPrvt
72DK,d110,0.44557714599843595,scr1988,avaStIn,bevPsngRoadPrvt
72DK,d111,0.44557714599843595,scr1988,avaStIn,bevPsngRoadPrvt
72DK,d112,0.44557714599843595,scr1988,avaStIn,bevPsngRoadPrvt
72DK,d113,0.46722091136161586,scr1988,avaStIn,bevPsngRoadPrvt
72DK,d114,0.47222289515354826,scr1988,avaStIn,bevPsngRoadPrvt
72DK,d115,0.45053862653839677,scr1988,avaStIn,bevPsngRoadPrvt
72DK,d116,0.44557714599843595,scr1988,avaStIn,bevPsngRoadPrvt
72DK,d117,0.44557714599843595,scr1988,avaStIn,bevPsngRoadPrvt
72DK,d118,0.44557714599843595,scr1988,avaStIn,bevPsngRoadPrvt
72DK,d119,0.44557714599843595,scr1988,avaStIn,bevPsngRoadPrvt
72DK,d120,0.46722091136161586,scr1988,avaStIn,bevPsngRoadPrvt
72DK,d121,0.47222289515354826,scr1988,avaStIn,bevPsngRoadPrvt
72DK,d122,0.45053862653839677,scr1988,avaStIn,bevPsngRoadPrvt
72DK,d123,0.4547536638034571,scr1988,avaStIn,bevPsngRoadPrvt
72DK,d124,0.4432711785319287,scr1988,avaStIn,bevPsngRoadPrvt
72DK,d125,0.4432711785319287,scr1988,avaStIn,bevPsngRoadPrvt
72DK,d126,0.4432711785319287,scr1988,avaStIn,bevPsngRoadPrvt
72DK,d127,0.44413811018389965,scr1988,avaStIn,bevPsngRoadPrvt
72DK,d128,0.43646102703319944,scr1988,avaStIn,bevPsngRoadPrvt
72DK,d129,0.4353950159570614,scr1988,avaStIn,bevPsngRoadPrvt
72DK,d130,0.4432711785319287,scr1988,avaStIn,bevPsngRoadPrvt
72DK,d131,0.4432711785319287,scr1988,avaStIn,bevPsngRoadPrvt
72DK,d132,0.4432711785319287,scr1988,avaStIn,bevPsngRoadPrvt
72DK,d133,0.4432711785319287,scr1988,avaStIn,bevPsngRoadPrvt
72DK,d134,0.44413811018389965,scr1988,avaStIn,bevPsngRoadPrvt
72DK,d135,0.43646102703319944,scr1988,avaStIn,bevPsngRoadPrvt
72DK,d136,0.4353950159570614,scr1988,avaStIn,bevPsngRoadPrvt
72DK,d137,0.4432711785319287,scr1988,avaStIn,bevPsngRoadPrvt
72DK,d138,0.4432711785319287,scr1988,avaStIn,bevPsngRoadPrvt
72DK,d139,0.4432711785319287,scr1988,avaStIn,bevPsngRoadPrvt
72DK,d140,0.4432711785319287,scr1988,avaStIn,bevPsngRoadPrvt
72DK,d141,0.44413811018389965,scr1988,avaStIn,bevPsngRoadPrvt
72DK,d142,0.43646102703319944,scr1988,avaStIn,bevPsngRoadPrvt
72DK,d143,0.4353950159570614,scr1988,avaStIn,bevPsngRoadPrvt
72DK,d144,0.4432711785319287,scr1988,avaStIn,bevPsngRoadPrvt
72DK,d145,0.4432711785319287,scr1988,avaStIn,bevPsngRoadPrvt
72DK,d146,0.4432711785319287,scr1988,avaStIn,bevPsngRoadPrvt
72DK,d147,0.4432711785319287,scr1988,avaStIn,bevPsngRoadPrvt
72DK,d148,0.44413811018389965,scr1988,avaStIn,bevPsngRoadPrvt
72DK,d149,0.43646102703319944,scr1988,avaStIn,bevPsngRoadPrvt
72DK,d150,0.4353950159570614,scr1988,avaStIn,bevPsngRoadPrvt
72DK,d151,0.4432711785319287,scr1988,avaStIn,bevPsngRoadPrvt
72DK,d152,0.4432711785319287,scr1988,avaStIn,bevPsngRoadPrvt
72DK,d153,0.4432711785319287,scr1988,avaStIn,bevPsngRoadPrvt
72DK,d154,0.4379237182393594,scr1988,avaStIn,bevPsngRoadPrvt
72DK,d155,0.4442433302373707,scr1988,avaStIn,bevPsngRoadPrvt
72DK,d156,0.4453986384192496,scr1988,avaStIn,bevPsngRoadPrvt
72DK,d157,0.4451846334488831,scr1988,avaStIn,bevPsngRoadPrvt
72DK,d158,0.44406748886780784,scr1988,avaStIn,bevPsngRoadPrvt
72DK,d159,0.44406748886780784,scr1988,avaStIn,bevPsngRoadPrvt
72DK,d160,0.44406748886780784,scr1988,avaStIn,bevPsngRoadPrvt
72DK,d161,0.44406748886780784,scr1988,avaStIn,bevPsngRoadPrvt
72DK,d162,0.4442433302373707,scr1988,avaStIn,bevPsngRoadPrvt
72DK,d163,0.4453986384192496,scr1988,avaStIn,bevPsngRoadPrvt
72DK,d164,0.4451846334488831,scr1988,avaStIn,bevPsngRoadPrvt
72DK,d165,0.44406748886780784,scr1988,avaStIn,bevPsngRoadPrvt
72DK,d166,0.44406748886780784,scr1988,avaStIn,bevPsngRoadPrvt
72DK,d167,0.44406748886780784,scr1988,avaStIn,bevPsngRoadPrvt
72DK,d168,0.44406748886780784,scr1988,avaStIn,bevPsngRoadPrvt
72DK,d169,0.4442433302373707,scr1988,avaStIn,bevPsngRoadPrvt
72DK,d170,0.4453986384192496,scr1988,avaStIn,bevPsngRoadPrvt
72DK,d171,0.4451846334488831,scr1988,avaStIn,bevPsngRoadPrvt
72DK,d172,0.44406748886780784,scr1988,avaStIn,bevPsngRoadPrvt
72DK,d173,0.44406748886780784,scr1988,avaStIn,bevPsngRoadPrvt
72DK,d174,0.44406748886780784,scr1988,avaStIn,bevPsngRoadPrvt
72DK,d175,0.44406748886780784,scr1988,avaStIn,bevPsngRoadPrvt
72DK,d176,0.4442433302373707,scr1988,avaStIn,bevPsngRoadPrvt
72DK,d177,0.4453986384192496,scr1988,avaStIn,bevPsngRoadPrvt
72DK,d178,0.4451846334488831,scr1988,avaStIn,bevPsngRoadPrvt
72DK,d179,0.44406748886780784,scr1988,avaStIn,bevPsngRoadPrvt
72DK,d180,0.44406748886780784,scr1988,avaStIn,bevPsngRoadPrvt
72DK,d181,0.44406748886780784,scr1988,avaStIn,bevPsngRoadPrvt
72DK,d182,0.44406748886780784,scr1988,avaStIn,bevPsngRoadPrvt
73EE,d092,0.39695079066339795,scr1988,avaStIn,bevPsngRoadPrvt
73EE,d093,0.44230048575854214,scr1988,avaStIn,bevPsngRoadPrvt
73EE,d094,0.44557714599843595,scr1988,avaStIn,bevPsngRoadPrvt
73EE,d095,0.44557714599843595,scr1988,avaStIn,bevPsngRoadPrvt
73EE,d096,0.44557714599843595,scr1988,avaStIn,bevPsngRoadPrvt
73EE,d097,0.44557714599843595,scr1988,avaStIn,bevPsngRoadPrvt
73EE,d098,0.44557714599843595,scr1988,avaStIn,bevPsngRoadPrvt
73EE,d099,0.46722091136161586,scr1988,avaStIn,bevPsngRoadPrvt
73EE,d100,0.47222289515354826,scr1988,avaStIn,bevPsngRoadPrvt
73EE,d101,0.45053862653839677,scr1988,avaStIn,bevPsngRoadPrvt
73EE,d102,0.44557714599843595,scr1988,avaStIn,bevPsngRoadPrvt
73EE,d103,0.44557714599843595,scr1988,avaStIn,bevPsngRoadPrvt
73EE,d104,0.44557714599843595,scr1988,avaStIn,bevPsngRoadPrvt
73EE,d105,0.44557714599843595,scr1988,avaStIn,bevPsngRoadPrvt
73EE,d106,0.46722091136161586,scr1988,avaStIn,bevPsngRoadPrvt
73EE,d107,0.47222289515354826,scr1988,avaStIn,bevPsngRoadPrvt
73EE,d108,0.45053862653839677,scr1988,avaStIn,bevPsngRoadPrvt
73EE,d109,0.44557714599843595,scr1988,avaStIn,bevPsngRoadPrvt
73EE,d110,0.44557714599843595,scr1988,avaStIn,bevPsngRoadPrvt
73EE,d111,0.44557714599843595,scr1988,avaStIn,bevPsngRoadPrvt
73EE,d112,0.44557714599843595,scr1988,avaStIn,bevPsngRoadPrvt
73EE,d113,0.46722091136161586,scr1988,avaStIn,bevPsngRoadPrvt
73EE,d114,0.47222289515354826,scr1988,avaStIn,bevPsngRoadPrvt
73EE,d115,0.45053862653839677,scr1988,avaStIn,bevPsngRoadPrvt
73EE,d116,0.44557714599843595,scr1988,avaStIn,bevPsngRoadPrvt
73EE,d117,0.44557714599843595,scr1988,avaStIn,bevPsngRoadPrvt
73EE,d118,0.44557714599843595,scr1988,avaStIn,bevPsngRoadPrvt
73EE,d119,0.44557714599843595,scr1988,avaStIn,bevPsngRoadPrvt
73EE,d120,0.46722091136161586,scr1988,avaStIn,bevPsngRoadPrvt
73EE,d121,0.47222289515354826,scr1988,avaStIn,bevPsngRoadPrvt
73EE,d122,0.45053862653839677,scr1988,avaStIn,bevPsngRoadPrvt
73EE,d123,0.4547536638034571,scr1988,avaStIn,bevPsngRoadPrvt
73EE,d124,0.4432711785319287,scr1988,avaStIn,bevPsngRoadPrvt
73EE,d125,0.4432711785319287,scr1988,avaStIn,bevPsngRoadPrvt
73EE,d126,0.4432711785319287,scr1988,avaStIn,bevPsngRoadPrvt
73EE,d127,0.44413811018389965,scr1988,avaStIn,bevPsngRoadPrvt
73EE,d128,0.43646102703319944,scr1988,avaStIn,bevPsngRoadPrvt
73EE,d129,0.4353950159570614,scr1988,avaStIn,bevPsngRoadPrvt
73EE,d130,0.4432711785319287,scr1988,avaStIn,bevPsngRoadPrvt
73EE,d131,0.4432711785319287,scr1988,avaStIn,bevPsngRoadPrvt
73EE,d132,0.4432711785319287,scr1988,avaStIn,bevPsngRoadPrvt
73EE,d133,0.4432711785319287,scr1988,avaStIn,bevPsngRoadPrvt
73EE,d134,0.44413811018389965,scr1988,avaStIn,bevPsngRoadPrvt
73EE,d135,0.43646102703319944,scr1988,avaStIn,bevPsngRoadPrvt
73EE,d136,0.4353950159570614,scr1988,avaStIn,bevPsngRoadPrvt
73EE,d137,0.4432711785319287,scr1988,avaStIn,bevPsngRoadPrvt
73EE,d138,0.4432711785319287,scr1988,avaStIn,bevPsngRoadPrvt
73EE,d139,0.4432711785319287,scr1988,avaStIn,bevPsngRoadPrvt
73EE,d140,0.4432711785319287,scr1988,avaStIn,bevPsngRoadPrvt
73EE,d141,0.44413811018389965,scr1988,avaStIn,bevPsngRoadPrvt
73EE,d142,0.43646102703319944,scr1988,avaStIn,bevPsngRoadPrvt
73EE,d143,0.4353950159570614,scr1988,avaStIn,bevPsngRoadPrvt
73EE,d144,0.4432711785319287,scr1988,avaStIn,bevPsngRoadPrvt
73EE,d145,0.4432711785319287,scr1988,avaStIn,bevPsngRoadPrvt
73EE,d146,0.4432711785319287,scr1988,avaStIn,bevPsngRoadPrvt
73EE,d147,0.4432711785319287,scr1988,avaStIn,bevPsngRoadPrvt
73EE,d148,0.44413811018389965,scr1988,avaStIn,bevPsngRoadPrvt
73EE,d149,0.43646102703319944,scr1988,avaStIn,bevPsngRoadPrvt
73EE,d150,0.4353950159570614,scr1988,avaStIn,bevPsngRoadPrvt
73EE,d151,0.4432711785319287,scr1988,avaStIn,bevPsngRoadPrvt
73EE,d152,0.4432711785319287,scr1988,avaStIn,bevPsngRoadPrvt
73EE,d153,0.4432711785319287,scr1988,avaStIn,bevPsngRoadPrvt
73EE,d154,0.4379237182393594,scr1988,avaStIn,bevPsngRoadPrvt
73EE,d155,0.4442433302373707,scr1988,avaStIn,bevPsngRoadPrvt
73EE,d156,0.4453986384192496,scr1988,avaStIn,bevPsngRoadPrvt
73EE,d157,0.4451846334488831,scr1988,avaStIn,bevPsngRoadPrvt
73EE,d158,0.44406748886780784,scr1988,avaStIn,bevPsngRoadPrvt
73EE,d159,0.44406748886780784,scr1988,avaStIn,bevPsngRoadPrvt
73EE,d160,0.44406748886780784,scr1988,avaStIn,bevPsngRoadPrvt
73EE,d161,0.44406748886780784,scr1988,avaStIn,bevPsngRoadPrvt
73EE,d162,0.4442433302373707,scr1988,avaStIn,bevPsngRoadPrvt
73EE,d163,0.4453986384192496,scr1988,avaStIn,bevPsngRoadPrvt
73EE,d164,0.4451846334488831,scr1988,avaStIn,bevPsngRoadPrvt
73EE,d165,0.44406748886780784,scr1988,avaStIn,bevPsngRoadPrvt
73EE,d166,0.44406748886780784,scr1988,avaStIn,bevPsngRoadPrvt
73EE,d167,0.44406748886780784,scr1988,avaStIn,bevPsngRoadPrvt
73EE,d168,0.44406748886780784,scr1988,avaStIn,bevPsngRoadPrvt
73EE,d169,0.4442433302373707,scr1988,avaStIn,bevPsngRoadPrvt
73EE,d170,0.4453986384192496,scr1988,avaStIn,bevPsngRoadPrvt
73EE,d171,0.4451846334488831,scr1988,avaStIn,bevPsngRoadPrvt
73EE,d172,0.44406748886780784,scr1988,avaStIn,bevPsngRoadPrvt
73EE,d173,0.44406748886780784,scr1988,avaStIn,bevPsngRoadPrvt
73EE,d174,0.44406748886780784,scr1988,avaStIn,bevPsngRoadPrvt
73EE,d175,0.44406748886780784,scr1988,avaStIn,bevPsngRoadPrvt
73EE,d176,0.4442433302373707,scr1988,avaStIn,bevPsngRoadPrvt
73EE,d177,0.4453986384192496,scr1988,avaStIn,bevPsngRoadPrvt
73EE,d178,0.4451846334488831,scr1988,avaStIn,bevPsngRoadPrvt
73EE,d179,0.44406748886780784,scr1988,avaStIn,bevPsngRoadPrvt
73EE,d180,0.44406748886780784,scr1988,avaStIn,bevPsngRoadPrvt
73EE,d181,0.44406748886780784,scr1988,avaStIn,bevPsngRoadPrvt
73EE,d182,0.44406748886780784,scr1988,avaStIn,bevPsngRoadPrvt
74FI,d092,0.39695079066339795,scr1988,avaStIn,bevPsngRoadPrvt
74FI,d093,0.44230048575854214,scr1988,avaStIn,bevPsngRoadPrvt
74FI,d094,0.44557714599843595,scr1988,avaStIn,bevPsngRoadPrvt
74FI,d095,0.44557714599843595,scr1988,avaStIn,bevPsngRoadPrvt
74FI,d096,0.44557714599843595,scr1988,avaStIn,bevPsngRoadPrvt
74FI,d097,0.44557714599843595,scr1988,avaStIn,bevPsngRoadPrvt
74FI,d098,0.44557714599843595,scr1988,avaStIn,bevPsngRoadPrvt
74FI,d099,0.46722091136161586,scr1988,avaStIn,bevPsngRoadPrvt
74FI,d100,0.47222289515354826,scr1988,avaStIn,bevPsngRoadPrvt
74FI,d101,0.45053862653839677,scr1988,avaStIn,bevPsngRoadPrvt
74FI,d102,0.44557714599843595,scr1988,avaStIn,bevPsngRoadPrvt
74FI,d103,0.44557714599843595,scr1988,avaStIn,bevPsngRoadPrvt
74FI,d104,0.44557714599843595,scr1988,avaStIn,bevPsngRoadPrvt
74FI,d105,0.44557714599843595,scr1988,avaStIn,bevPsngRoadPrvt
74FI,d106,0.46722091136161586,scr1988,avaStIn,bevPsngRoadPrvt
74FI,d107,0.47222289515354826,scr1988,avaStIn,bevPsngRoadPrvt
74FI,d108,0.45053862653839677,scr1988,avaStIn,bevPsngRoadPrvt
74FI,d109,0.44557714599843595,scr1988,avaStIn,bevPsngRoadPrvt
74FI,d110,0.44557714599843595,scr1988,avaStIn,bevPsngRoadPrvt
74FI,d111,0.44557714599843595,scr1988,avaStIn,bevPsngRoadPrvt
74FI,d112,0.44557714599843595,scr1988,avaStIn,bevPsngRoadPrvt
74FI,d113,0.46722091136161586,scr1988,avaStIn,bevPsngRoadPrvt
74FI,d114,0.47222289515354826,scr1988,avaStIn,bevPsngRoadPrvt
74FI,d115,0.45053862653839677,scr1988,avaStIn,bevPsngRoadPrvt
74FI,d116,0.44557714599843595,scr1988,avaStIn,bevPsngRoadPrvt
74FI,d117,0.44557714599843595,scr1988,avaStIn,bevPsngRoadPrvt
74FI,d118,0.44557714599843595,scr1988,avaStIn,bevPsngRoadPrvt
74FI,d119,0.44557714599843595,scr1988,avaStIn,bevPsngRoadPrvt
74FI,d120,0.46722091136161586,scr1988,avaStIn,bevPsngRoadPrvt
74FI,d121,0.47222289515354826,scr1988,avaStIn,bevPsngRoadPrvt
74FI,d122,0.45053862653839677,scr1988,avaStIn,bevPsngRoadPrvt
74FI,d123,0.4547536638034571,scr1988,avaStIn,bevPsngRoadPrvt
74FI,d124,0.4432711785319287,scr1988,avaStIn,bevPsngRoadPrvt
74FI,d125,0.4432711785319287,scr1988,avaStIn,bevPsngRoadPrvt
74FI,d126,0.4432711785319287,scr1988,avaStIn,bevPsngRoadPrvt
74FI,d127,0.44413811018389965,scr1988,avaStIn,bevPsngRoadPrvt
74FI,d128,0.43646102703319944,scr1988,avaStIn,bevPsngRoadPrvt
74FI,d129,0.4353950159570614,scr1988,avaStIn,bevPsngRoadPrvt
74FI,d130,0.4432711785319287,scr1988,avaStIn,bevPsngRoadPrvt
74FI,d131,0.4432711785319287,scr1988,avaStIn,bevPsngRoadPrvt
74FI,d132,0.4432711785319287,scr1988,avaStIn,bevPsngRoadPrvt
74FI,d133,0.4432711785319287,scr1988,avaStIn,bevPsngRoadPrvt
74FI,d134,0.44413811018389965,scr1988,avaStIn,bevPsngRoadPrvt
74FI,d135,0.43646102703319944,scr1988,avaStIn,bevPsngRoadPrvt
74FI,d136,0.4353950159570614,scr1988,avaStIn,bevPsngRoadPrvt
74FI,d137,0.4432711785319287,scr1988,avaStIn,bevPsngRoadPrvt
74FI,d138,0.4432711785319287,scr1988,avaStIn,bevPsngRoadPrvt
74FI,d139,0.4432711785319287,scr1988,avaStIn,bevPsngRoadPrvt
74FI,d140,0.4432711785319287,scr1988,avaStIn,bevPsngRoadPrvt
74FI,d141,0.44413811018389965,scr1988,avaStIn,bevPsngRoadPrvt
74FI,d142,0.43646102703319944,scr1988,avaStIn,bevPsngRoadPrvt
74FI,d143,0.4353950159570614,scr1988,avaStIn,bevPsngRoadPrvt
74FI,d144,0.4432711785319287,scr1988,avaStIn,bevPsngRoadPrvt
74FI,d145,0.4432711785319287,scr1988,avaStIn,bevPsngRoadPrvt
74FI,d146,0.4432711785319287,scr1988,avaStIn,bevPsngRoadPrvt
74FI,d147,0.4432711785319287,scr1988,avaStIn,bevPsngRoadPrvt
74FI,d148,0.44413811018389965,scr1988,avaStIn,bevPsngRoadPrvt
74FI,d149,0.43646102703319944,scr1988,avaStIn,bevPsngRoadPrvt
74FI,d150,0.4353950159570614,scr1988,avaStIn,bevPsngRoadPrvt
74FI,d151,0.4432711785319287,scr1988,avaStIn,bevPsngRoadPrvt
74FI,d152,0.4432711785319287,scr1988,avaStIn,bevPsngRoadPrvt
74FI,d153,0.4432711785319287,scr1988,avaStIn,bevPsngRoadPrvt
74FI,d154,0.4379237182393594,scr1988,avaStIn,bevPsngRoadPrvt
74FI,d155,0.4442433302373707,scr1988,avaStIn,bevPsngRoadPrvt
74FI,d156,0.4453986384192496,scr1988,avaStIn,bevPsngRoadPrvt
74FI,d157,0.4451846334488831,scr1988,avaStIn,bevPsngRoadPrvt
74FI,d158,0.44406748886780784,scr1988,avaStIn,bevPsngRoadPrvt
74FI,d159,0.44406748886780784,scr1988,avaStIn,bevPsngRoadPrvt
74FI,d160,0.44406748886780784,scr1988,avaStIn,bevPsngRoadPrvt
74FI,d161,0.44406748886780784,scr1988,avaStIn,bevPsngRoadPrvt
74FI,d162,0.4442433302373707,scr1988,avaStIn,bevPsngRoadPrvt
74FI,d163,0.4453986384192496,scr1988,avaStIn,bevPsngRoadPrvt
74FI,d164,0.4451846334488831,scr1988,avaStIn,bevPsngRoadPrvt
74FI,d165,0.44406748886780784,scr1988,avaStIn,bevPsngRoadPrvt
74FI,d166,0.44406748886780784,scr1988,avaStIn,bevPsngRoadPrvt
74FI,d167,0.44406748886780784,scr1988,avaStIn,bevPsngRoadPrvt
74FI,d168,0.44406748886780784,scr1988,avaStIn,bevPsngRoadPrvt
74FI,d169,0.4442433302373707,scr1988,avaStIn,bevPsngRoadPrvt
74FI,d170,0.4453986384192496,scr1988,avaStIn,bevPsngRoadPrvt
74FI,d171,0.4451846334488831,scr1988,avaStIn,bevPsngRoadPrvt
74FI,d172,0.44406748886780784,scr1988,avaStIn,bevPsngRoadPrvt
74FI,d173,0.44406748886780784,scr1988,avaStIn,bevPsngRoadPrvt
74FI,d174,0.44406748886780784,scr1988,avaStIn,bevPsngRoadPrvt
74FI,d175,0.44406748886780784,scr1988,avaStIn,bevPsngRoadPrvt
74FI,d176,0.4442433302373707,scr1988,avaStIn,bevPsngRoadPrvt
74FI,d177,0.4453986384192496,scr1988,avaStIn,bevPsngRoadPrvt
74FI,d178,0.4451846334488831,scr1988,avaStIn,bevPsngRoadPrvt
74FI,d179,0.44406748886780784,scr1988,avaStIn,bevPsngRoadPrvt
74FI,d180,0.44406748886780784,scr1988,avaStIn,bevPsngRoadPrvt
74FI,d181,0.44406748886780784,scr1988,avaStIn,bevPsngRoadPrvt
74FI,d182,0.44406748886780784,scr1988,avaStIn,bevPsngRoadPrvt
75FI,d092,0.39695079066339795,scr1988,avaStIn,bevPsngRoadPrvt
75FI,d093,0.44230048575854214,scr1988,avaStIn,bevPsngRoadPrvt
75FI,d094,0.44557714599843595,scr1988,avaStIn,bevPsngRoadPrvt
75FI,d095,0.44557714599843595,scr1988,avaStIn,bevPsngRoadPrvt
75FI,d096,0.44557714599843595,scr1988,avaStIn,bevPsngRoadPrvt
75FI,d097,0.44557714599843595,scr1988,avaStIn,bevPsngRoadPrvt
75FI,d098,0.44557714599843595,scr1988,avaStIn,bevPsngRoadPrvt
75FI,d099,0.46722091136161586,scr1988,avaStIn,bevPsngRoadPrvt
75FI,d100,0.47222289515354826,scr1988,avaStIn,bevPsngRoadPrvt
75FI,d101,0.45053862653839677,scr1988,avaStIn,bevPsngRoadPrvt
75FI,d102,0.44557714599843595,scr1988,avaStIn,bevPsngRoadPrvt
75FI,d103,0.44557714599843595,scr1988,avaStIn,bevPsngRoadPrvt
75FI,d104,0.44557714599843595,scr1988,avaStIn,bevPsngRoadPrvt
75FI,d105,0.44557714599843595,scr1988,avaStIn,bevPsngRoadPrvt
75FI,d106,0.46722091136161586,scr1988,avaStIn,bevPsngRoadPrvt
75FI,d107,0.47222289515354826,scr1988,avaStIn,bevPsngRoadPrvt
75FI,d108,0.45053862653839677,scr1988,avaStIn,bevPsngRoadPrvt
75FI,d109,0.44557714599843595,scr1988,avaStIn,bevPsngRoadPrvt
75FI,d110,0.44557714599843595,scr1988,avaStIn,bevPsngRoadPrvt
75FI,d111,0.44557714599843595,scr1988,avaStIn,bevPsngRoadPrvt
75FI,d112,0.44557714599843595,scr1988,avaStIn,bevPsngRoadPrvt
75FI,d113,0.46722091136161586,scr1988,avaStIn,bevPsngRoadPrvt
75FI,d114,0.47222289515354826,scr1988,avaStIn,bevPsngRoadPrvt
75FI,d115,0.45053862653839677,scr1988,avaStIn,bevPsngRoadPrvt
75FI,d116,0.44557714599843595,scr1988,avaStIn,bevPsngRoadPrvt
75FI,d117,0.44557714599843595,scr1988,avaStIn,bevPsngRoadPrvt
75FI,d118,0.44557714599843595,scr1988,avaStIn,bevPsngRoadPrvt
75FI,d119,0.44557714599843595,scr1988,avaStIn,bevPsngRoadPrvt
75FI,d120,0.46722091136161586,scr1988,avaStIn,bevPsngRoadPrvt
75FI,d121,0.47222289515354826,scr1988,avaStIn,bevPsngRoadPrvt
75FI,d122,0.45053862653839677,scr1988,avaStIn,bevPsngRoadPrvt
75FI,d123,0.4547536638034571,scr1988,avaStIn,bevPsngRoadPrvt
75FI,d124,0.4432711785319287,scr1988,avaStIn,bevPsngRoadPrvt
75FI,d125,0.4432711785319287,scr1988,avaStIn,bevPsngRoadPrvt
75FI,d126,0.4432711785319287,scr1988,avaStIn,bevPsngRoadPrvt
75FI,d127,0.44413811018389965,scr1988,avaStIn,bevPsngRoadPrvt
75FI,d128,0.43646102703319944,scr1988,avaStIn,bevPsngRoadPrvt
75FI,d129,0.4353950159570614,scr1988,avaStIn,bevPsngRoadPrvt
75FI,d130,0.4432711785319287,scr1988,avaStIn,bevPsngRoadPrvt
75FI,d131,0.4432711785319287,scr1988,avaStIn,bevPsngRoadPrvt
75FI,d132,0.4432711785319287,scr1988,avaStIn,bevPsngRoadPrvt
75FI,d133,0.4432711785319287,scr1988,avaStIn,bevPsngRoadPrvt
75FI,d134,0.44413811018389965,scr1988,avaStIn,bevPsngRoadPrvt
75FI,d135,0.43646102703319944,scr1988,avaStIn,bevPsngRoadPrvt
75FI,d136,0.4353950159570614,scr1988,avaStIn,bevPsngRoadPrvt
75FI,d137,0.4432711785319287,scr1988,avaStIn,bevPsngRoadPrvt
75FI,d138,0.4432711785319287,scr1988,avaStIn,bevPsngRoadPrvt
75FI,d139,0.4432711785319287,scr1988,avaStIn,bevPsngRoadPrvt
75FI,d140,0.4432711785319287,scr1988,avaStIn,bevPsngRoadPrvt
75FI,d141,0.44413811018389965,scr1988,avaStIn,bevPsngRoadPrvt
75FI,d142,0.43646102703319944,scr1988,avaStIn,bevPsngRoadPrvt
75FI,d143,0.4353950159570614,scr1988,avaStIn,bevPsngRoadPrvt
75FI,d144,0.4432711785319287,scr1988,avaStIn,bevPsngRoadPrvt
75FI,d145,0.4432711785319287,scr1988,avaStIn,bevPsngRoadPrvt
75FI,d146,0.4432711785319287,scr1988,avaStIn,bevPsngRoadPrvt
75FI,d147,0.4432711785319287,scr1988,avaStIn,bevPsngRoadPrvt
75FI,d148,0.44413811018389965,scr1988,avaStIn,bevPsngRoadPrvt
75FI,d149,0.43646102703319944,scr1988,avaStIn,bevPsngRoadPrvt
75FI,d150,0.4353950159570614,scr1988,avaStIn,bevPsngRoadPrvt
75FI,d151,0.4432711785319287,scr1988,avaStIn,bevPsngRoadPrvt
75FI,d152,0.4432711785319287,scr1988,avaStIn,bevPsngRoadPrvt
75FI,d153,0.4432711785319287,scr1988,avaStIn,bevPsngRoadPrvt
75FI,d154,0.4379237182393594,scr1988,avaStIn,bevPsngRoadPrvt
75FI,d155,0.4442433302373707,scr1988,avaStIn,bevPsngRoadPrvt
75FI,d156,0.4453986384192496,scr1988,avaStIn,bevPsngRoadPrvt
75FI,d157,0.4451846334488831,scr1988,avaStIn,bevPsngRoadPrvt
75FI,d158,0.44406748886780784,scr1988,avaStIn,bevPsngRoadPrvt
75FI,d159,0.44406748886780784,scr1988,avaStIn,bevPsngRoadPrvt
75FI,d160,0.44406748886780784,scr1988,avaStIn,bevPsngRoadPrvt
75FI,d161,0.44406748886780784,scr1988,avaStIn,bevPsngRoadPrvt
75FI,d162,0.4442433302373707,scr1988,avaStIn,bevPsngRoadPrvt
75FI,d163,0.4453986384192496,scr1988,avaStIn,bevPsngRoadPrvt
75FI,d164,0.4451846334488831,scr1988,avaStIn,bevPsngRoadPrvt
75FI,d165,0.44406748886780784,scr1988,avaStIn,bevPsngRoadPrvt
75FI,d166,0.44406748886780784,scr1988,avaStIn,bevPsngRoadPrvt
75FI,d167,0.44406748886780784,scr1988,avaStIn,bevPsngRoadPrvt
75FI,d168,0.44406748886780784,scr1988,avaStIn,bevPsngRoadPrvt
75FI,d169,0.4442433302373707,scr1988,avaStIn,bevPsngRoadPrvt
75FI,d170,0.4453986384192496,scr1988,avaStIn,bevPsngRoadPrvt
75FI,d171,0.4451846334488831,scr1988,avaStIn,bevPsngRoadPrvt
75FI,d172,0.44406748886780784,scr1988,avaStIn,bevPsngRoadPrvt
75FI,d173,0.44406748886780784,scr1988,avaStIn,bevPsngRoadPrvt
75FI,d174,0.44406748886780784,scr1988,avaStIn,bevPsngRoadPrvt
75FI,d175,0.44406748886780784,scr1988,avaStIn,bevPsngRoadPrvt
75FI,d176,0.4442433302373707,scr1988,avaStIn,bevPsngRoadPrvt
75FI,d177,0.4453986384192496,scr1988,avaStIn,bevPsngRoadPrvt
75FI,d178,0.4451846334488831,scr1988,avaStIn,bevPsngRoadPrvt
75FI,d179,0.44406748886780784,scr1988,avaStIn,bevPsngRoadPrvt
75FI,d180,0.44406748886780784,scr1988,avaStIn,bevPsngRoadPrvt
75FI,d181,0.44406748886780784,scr1988,avaStIn,bevPsngRoadPrvt
75FI,d182,0.44406748886780784,scr1988,avaStIn,bevPsngRoadPrvt
77LT,d092,0.39695079066339795,scr1988,avaStIn,bevPsngRoadPrvt
77LT,d093,0.44230048575854214,scr1988,avaStIn,bevPsngRoadPrvt
77LT,d094,0.44557714599843595,scr1988,avaStIn,bevPsngRoadPrvt
77LT,d095,0.44557714599843595,scr1988,avaStIn,bevPsngRoadPrvt
77LT,d096,0.44557714599843595,scr1988,avaStIn,bevPsngRoadPrvt
77LT,d097,0.44557714599843595,scr1988,avaStIn,bevPsngRoadPrvt
77LT,d098,0.44557714599843595,scr1988,avaStIn,bevPsngRoadPrvt
77LT,d099,0.46722091136161586,scr1988,avaStIn,bevPsngRoadPrvt
77LT,d100,0.47222289515354826,scr1988,avaStIn,bevPsngRoadPrvt
77LT,d101,0.45053862653839677,scr1988,avaStIn,bevPsngRoadPrvt
77LT,d102,0.44557714599843595,scr1988,avaStIn,bevPsngRoadPrvt
77LT,d103,0.44557714599843595,scr1988,avaStIn,bevPsngRoadPrvt
77LT,d104,0.44557714599843595,scr1988,avaStIn,bevPsngRoadPrvt
77LT,d105,0.44557714599843595,scr1988,avaStIn,bevPsngRoadPrvt
77LT,d106,0.46722091136161586,scr1988,avaStIn,bevPsngRoadPrvt
77LT,d107,0.47222289515354826,scr1988,avaStIn,bevPsngRoadPrvt
77LT,d108,0.45053862653839677,scr1988,avaStIn,bevPsngRoadPrvt
77LT,d109,0.44557714599843595,scr1988,avaStIn,bevPsngRoadPrvt
77LT,d110,0.44557714599843595,scr1988,avaStIn,bevPsngRoadPrvt
77LT,d111,0.44557714599843595,scr1988,avaStIn,bevPsngRoadPrvt
77LT,d112,0.44557714599843595,scr1988,avaStIn,bevPsngRoadPrvt
77LT,d113,0.46722091136161586,scr1988,avaStIn,bevPsngRoadPrvt
77LT,d114,0.47222289515354826,scr1988,avaStIn,bevPsngRoadPrvt
77LT,d115,0.45053862653839677,scr1988,avaStIn,bevPsngRoadPrvt
77LT,d116,0.44557714599843595,scr1988,avaStIn,bevPsngRoadPrvt
77LT,d117,0.44557714599843595,scr1988,avaStIn,bevPsngRoadPrvt
77LT,d118,0.44557714599843595,scr1988,avaStIn,bevPsngRoadPrvt
77LT,d119,0.44557714599843595,scr1988,avaStIn,bevPsngRoadPrvt
77LT,d120,0.46722091136161586,scr1988,avaStIn,bevPsngRoadPrvt
77LT,d121,0.47222289515354826,scr1988,avaStIn,bevPsngRoadPrvt
77LT,d122,0.45053862653839677,scr1988,avaStIn,bevPsngRoadPrvt
77LT,d123,0.4547536638034571,scr1988,avaStIn,bevPsngRoadPrvt
77LT,d124,0.4432711785319287,scr1988,avaStIn,bevPsngRoadPrvt
77LT,d125,0.4432711785319287,scr1988,avaStIn,bevPsngRoadPrvt
77LT,d126,0.4432711785319287,scr1988,avaStIn,bevPsngRoadPrvt
77LT,d127,0.44413811018389965,scr1988,avaStIn,bevPsngRoadPrvt
77LT,d128,0.43646102703319944,scr1988,avaStIn,bevPsngRoadPrvt
77LT,d129,0.4353950159570614,scr1988,avaStIn,bevPsngRoadPrvt
77LT,d130,0.4432711785319287,scr1988,avaStIn,bevPsngRoadPrvt
77LT,d131,0.4432711785319287,scr1988,avaStIn,bevPsngRoadPrvt
77LT,d132,0.4432711785319287,scr1988,avaStIn,bevPsngRoadPrvt
77LT,d133,0.4432711785319287,scr1988,avaStIn,bevPsngRoadPrvt
77LT,d134,0.44413811018389965,scr1988,avaStIn,bevPsngRoadPrvt
77LT,d135,0.43646102703319944,scr1988,avaStIn,bevPsngRoadPrvt
77LT,d136,0.4353950159570614,scr1988,avaStIn,bevPsngRoadPrvt
77LT,d137,0.4432711785319287,scr1988,avaStIn,bevPsngRoadPrvt
77LT,d138,0.4432711785319287,scr1988,avaStIn,bevPsngRoadPrvt
77LT,d139,0.4432711785319287,scr1988,avaStIn,bevPsngRoadPrvt
77LT,d140,0.4432711785319287,scr1988,avaStIn,bevPsngRoadPrvt
77LT,d141,0.44413811018389965,scr1988,avaStIn,bevPsngRoadPrvt
77LT,d142,0.43646102703319944,scr1988,avaStIn,bevPsngRoadPrvt
77LT,d143,0.4353950159570614,scr1988,avaStIn,bevPsngRoadPrvt
77LT,d144,0.4432711785319287,scr1988,avaStIn,bevPsngRoadPrvt
77LT,d145,0.4432711785319287,scr1988,avaStIn,bevPsngRoadPrvt
77LT,d146,0.4432711785319287,scr1988,avaStIn,bevPsngRoadPrvt
77LT,d147,0.4432711785319287,scr1988,avaStIn,bevPsngRoadPrvt
77LT,d148,0.44413811018389965,scr1988,avaStIn,bevPsngRoadPrvt
77LT,d149,0.43646102703319944,scr1988,avaStIn,bevPsngRoadPrvt
77LT,d150,0.4353950159570614,scr1988,avaStIn,bevPsngRoadPrvt
77LT,d151,0.4432711785319287,scr1988,avaStIn,bevPsngRoadPrvt
77LT,d152,0.4432711785319287,scr1988,avaStIn,bevPsngRoadPrvt
77LT,d153,0.4432711785319287,scr1988,avaStIn,bevPsngRoadPrvt
77LT,d154,0.4379237182393594,scr1988,avaStIn,bevPsngRoadPrvt
77LT,d155,0.4442433302373707,scr1988,avaStIn,bevPsngRoadPrvt
77LT,d156,0.4453986384192496,scr1988,avaStIn,bevPsngRoadPrvt
77LT,d157,0.4451846334488831,scr1988,avaStIn,bevPsngRoadPrvt
77LT,d158,0.44406748886780784,scr1988,avaStIn,bevPsngRoadPrvt
77LT,d159,0.44406748886780784,scr1988,avaStIn,bevPsngRoadPrvt
77LT,d160,0.44406748886780784,scr1988,avaStIn,bevPsngRoadPrvt
77LT,d161,0.44406748886780784,scr1988,avaStIn,bevPsngRoadPrvt
77LT,d162,0.4442433302373707,scr1988,avaStIn,bevPsngRoadPrvt
77LT,d163,0.4453986384192496,scr1988,avaStIn,bevPsngRoadPrvt
77LT,d164,0.4451846334488831,scr1988,avaStIn,bevPsngRoadPrvt
77LT,d165,0.44406748886780784,scr1988,avaStIn,bevPsngRoadPrvt
77LT,d166,0.44406748886780784,scr1988,avaStIn,bevPsngRoadPrvt
77LT,d167,0.44406748886780784,scr1988,avaStIn,bevPsngRoadPrvt
77LT,d168,0.44406748886780784,scr1988,avaStIn,bevPsngRoadPrvt
77LT,d169,0.4442433302373707,scr1988,avaStIn,bevPsngRoadPrvt
77LT,d170,0.4453986384192496,scr1988,avaStIn,bevPsngRoadPrvt
77LT,d171,0.4451846334488831,scr1988,avaStIn,bevPsngRoadPrvt
77LT,d172,0.44406748886780784,scr1988,avaStIn,bevPsngRoadPrvt
77LT,d173,0.44406748886780784,scr1988,avaStIn,bevPsngRoadPrvt
77LT,d174,0.44406748886780784,scr1988,avaStIn,bevPsngRoadPrvt
77LT,d175,0.44406748886780784,scr1988,avaStIn,bevPsngRoadPrvt
77LT,d176,0.4442433302373707,scr1988,avaStIn,bevPsngRoadPrvt
77LT,d177,0.4453986384192496,scr1988,avaStIn,bevPsngRoadPrvt
77LT,d178,0.4451846334488831,scr1988,avaStIn,bevPsngRoadPrvt
77LT,d179,0.44406748886780784,scr1988,avaStIn,bevPsngRoadPrvt
77LT,d180,0.44406748886780784,scr1988,avaStIn,bevPsngRoadPrvt
77LT,d181,0.44406748886780784,scr1988,avaStIn,bevPsngRoadPrvt
77LT,d182,0.44406748886780784,scr1988,avaStIn,bevPsngRoadPrvt
78LV,d092,0.39695079066339795,scr1988,avaStIn,bevPsngRoadPrvt
78LV,d093,0.44230048575854214,scr1988,avaStIn,bevPsngRoadPrvt
78LV,d094,0.44557714599843595,scr1988,avaStIn,bevPsngRoadPrvt
78LV,d095,0.44557714599843595,scr1988,avaStIn,bevPsngRoadPrvt
78LV,d096,0.44557714599843595,scr1988,avaStIn,bevPsngRoadPrvt
78LV,d097,0.44557714599843595,scr1988,avaStIn,bevPsngRoadPrvt
78LV,d098,0.44557714599843595,scr1988,avaStIn,bevPsngRoadPrvt
78LV,d099,0.46722091136161586,scr1988,avaStIn,bevPsngRoadPrvt
78LV,d100,0.47222289515354826,scr1988,avaStIn,bevPsngRoadPrvt
78LV,d101,0.45053862653839677,scr1988,avaStIn,bevPsngRoadPrvt
78LV,d102,0.44557714599843595,scr1988,avaStIn,bevPsngRoadPrvt
78LV,d103,0.44557714599843595,scr1988,avaStIn,bevPsngRoadPrvt
78LV,d104,0.44557714599843595,scr1988,avaStIn,bevPsngRoadPrvt
78LV,d105,0.44557714599843595,scr1988,avaStIn,bevPsngRoadPrvt
78LV,d106,0.46722091136161586,scr1988,avaStIn,bevPsngRoadPrvt
78LV,d107,0.47222289515354826,scr1988,avaStIn,bevPsngRoadPrvt
78LV,d108,0.45053862653839677,scr1988,avaStIn,bevPsngRoadPrvt
78LV,d109,0.44557714599843595,scr1988,avaStIn,bevPsngRoadPrvt
78LV,d110,0.44557714599843595,scr1988,avaStIn,bevPsngRoadPrvt
78LV,d111,0.44557714599843595,scr1988,avaStIn,bevPsngRoadPrvt
78LV,d112,0.44557714599843595,scr1988,avaStIn,bevPsngRoadPrvt
78LV,d113,0.46722091136161586,scr1988,avaStIn,bevPsngRoadPrvt
78LV,d114,0.47222289515354826,scr1988,avaStIn,bevPsngRoadPrvt
78LV,d115,0.45053862653839677,scr1988,avaStIn,bevPsngRoadPrvt
78LV,d116,0.44557714599843595,scr1988,avaStIn,bevPsngRoadPrvt
78LV,d117,0.44557714599843595,scr1988,avaStIn,bevPsngRoadPrvt
78LV,d118,0.44557714599843595,scr1988,avaStIn,bevPsngRoadPrvt
78LV,d119,0.44557714599843595,scr1988,avaStIn,bevPsngRoadPrvt
78LV,d120,0.46722091136161586,scr1988,avaStIn,bevPsngRoadPrvt
78LV,d121,0.47222289515354826,scr1988,avaStIn,bevPsngRoadPrvt
78LV,d122,0.45053862653839677,scr1988,avaStIn,bevPsngRoadPrvt
78LV,d123,0.4547536638034571,scr1988,avaStIn,bevPsngRoadPrvt
78LV,d124,0.4432711785319287,scr1988,avaStIn,bevPsngRoadPrvt
78LV,d125,0.4432711785319287,scr1988,avaStIn,bevPsngRoadPrvt
78LV,d126,0.4432711785319287,scr1988,avaStIn,bevPsngRoadPrvt
78LV,d127,0.44413811018389965,scr1988,avaStIn,bevPsngRoadPrvt
78LV,d128,0.43646102703319944,scr1988,avaStIn,bevPsngRoadPrvt
78LV,d129,0.4353950159570614,scr1988,avaStIn,bevPsngRoadPrvt
78LV,d130,0.4432711785319287,scr1988,avaStIn,bevPsngRoadPrvt
78LV,d131,0.4432711785319287,scr1988,avaStIn,bevPsngRoadPrvt
78LV,d132,0.4432711785319287,scr1988,avaStIn,bevPsngRoadPrvt
78LV,d133,0.4432711785319287,scr1988,avaStIn,bevPsngRoadPrvt
78LV,d134,0.44413811018389965,scr1988,avaStIn,bevPsngRoadPrvt
78LV,d135,0.43646102703319944,scr1988,avaStIn,bevPsngRoadPrvt
78LV,d136,0.4353950159570614,scr1988,avaStIn,bevPsngRoadPrvt
78LV,d137,0.4432711785319287,scr1988,avaStIn,bevPsngRoadPrvt
78LV,d138,0.4432711785319287,scr1988,avaStIn,bevPsngRoadPrvt
78LV,d139,0.4432711785319287,scr1988,avaStIn,bevPsngRoadPrvt
78LV,d140,0.4432711785319287,scr1988,avaStIn,bevPsngRoadPrvt
78LV,d141,0.44413811018389965,scr1988,avaStIn,bevPsngRoadPrvt
78LV,d142,0.43646102703319944,scr1988,avaStIn,bevPsngRoadPrvt
78LV,d143,0.4353950159570614,scr1988,avaStIn,bevPsngRoadPrvt
78LV,d144,0.4432711785319287,scr1988,avaStIn,bevPsngRoadPrvt
78LV,d145,0.4432711785319287,scr1988,avaStIn,bevPsngRoadPrvt
78LV,d146,0.4432711785319287,scr1988,avaStIn,bevPsngRoadPrvt
78LV,d147,0.4432711785319287,scr1988,avaStIn,bevPsngRoadPrvt
78LV,d148,0.44413811018389965,scr1988,avaStIn,bevPsngRoadPrvt
78LV,d149,0.43646102703319944,scr1988,avaStIn,bevPsngRoadPrvt
78LV,d150,0.4353950159570614,scr1988,avaStIn,bevPsngRoadPrvt
78LV,d151,0.4432711785319287,scr1988,avaStIn,bevPsngRoadPrvt
78LV,d152,0.4432711785319287,scr1988,avaStIn,bevPsngRoadPrvt
78LV,d153,0.4432711785319287,scr1988,avaStIn,bevPsngRoadPrvt
78LV,d154,0.4379237182393594,scr1988,avaStIn,bevPsngRoadPrvt
78LV,d155,0.4442433302373707,scr1988,avaStIn,bevPsngRoadPrvt
78LV,d156,0.4453986384192496,scr1988,avaStIn,bevPsngRoadPrvt
78LV,d157,0.4451846334488831,scr1988,avaStIn,bevPsngRoadPrvt
78LV,d158,0.44406748886780784,scr1988,avaStIn,bevPsngRoadPrvt
78LV,d159,0.44406748886780784,scr1988,avaStIn,bevPsngRoadPrvt
78LV,d160,0.44406748886780784,scr1988,avaStIn,bevPsngRoadPrvt
78LV,d161,0.44406748886780784,scr1988,avaStIn,bevPsngRoadPrvt
78LV,d162,0.4442433302373707,scr1988,avaStIn,bevPsngRoadPrvt
78LV,d163,0.4453986384192496,scr1988,avaStIn,bevPsngRoadPrvt
78LV,d164,0.4451846334488831,scr1988,avaStIn,bevPsngRoadPrvt
78LV,d165,0.44406748886780784,scr1988,avaStIn,bevPsngRoadPrvt
78LV,d166,0.44406748886780784,scr1988,avaStIn,bevPsngRoadPrvt
78LV,d167,0.44406748886780784,scr1988,avaStIn,bevPsngRoadPrvt
78LV,d168,0.44406748886780784,scr1988,avaStIn,bevPsngRoadPrvt
78LV,d169,0.4442433302373707,scr1988,avaStIn,bevPsngRoadPrvt
78LV,d170,0.4453986384192496,scr1988,avaStIn,bevPsngRoadPrvt
78LV,d171,0.4451846334488831,scr1988,avaStIn,bevPsngRoadPrvt
78LV,d172,0.44406748886780784,scr1988,avaStIn,bevPsngRoadPrvt
78LV,d173,0.44406748886780784,scr1988,avaStIn,bevPsngRoadPrvt
78LV,d174,0.44406748886780784,scr1988,avaStIn,bevPsngRoadPrvt
78LV,d175,0.44406748886780784,scr1988,avaStIn,bevPsngRoadPrvt
78LV,d176,0.4442433302373707,scr1988,avaStIn,bevPsngRoadPrvt
78LV,d177,0.4453986384192496,scr1988,avaStIn,bevPsngRoadPrvt
78LV,d178,0.4451846334488831,scr1988,avaStIn,bevPsngRoadPrvt
78LV,d179,0.44406748886780784,scr1988,avaStIn,bevPsngRoadPrvt
78LV,d180,0.44406748886780784,scr1988,avaStIn,bevPsngRoadPrvt
78LV,d181,0.44406748886780784,scr1988,avaStIn,bevPsngRoadPrvt
78LV,d182,0.44406748886780784,scr1988,avaStIn,bevPsngRoadPrvt
79NO,d092,0.39695079066339795,scr1988,avaStIn,bevPsngRoadPrvt
79NO,d093,0.44230048575854214,scr1988,avaStIn,bevPsngRoadPrvt
79NO,d094,0.44557714599843595,scr1988,avaStIn,bevPsngRoadPrvt
79NO,d095,0.44557714599843595,scr1988,avaStIn,bevPsngRoadPrvt
79NO,d096,0.44557714599843595,scr1988,avaStIn,bevPsngRoadPrvt
79NO,d097,0.44557714599843595,scr1988,avaStIn,bevPsngRoadPrvt
79NO,d098,0.44557714599843595,scr1988,avaStIn,bevPsngRoadPrvt
79NO,d099,0.46722091136161586,scr1988,avaStIn,bevPsngRoadPrvt
79NO,d100,0.47222289515354826,scr1988,avaStIn,bevPsngRoadPrvt
79NO,d101,0.45053862653839677,scr1988,avaStIn,bevPsngRoadPrvt
79NO,d102,0.44557714599843595,scr1988,avaStIn,bevPsngRoadPrvt
79NO,d103,0.44557714599843595,scr1988,avaStIn,bevPsngRoadPrvt
79NO,d104,0.44557714599843595,scr1988,avaStIn,bevPsngRoadPrvt
79NO,d105,0.44557714599843595,scr1988,avaStIn,bevPsngRoadPrvt
79NO,d106,0.46722091136161586,scr1988,avaStIn,bevPsngRoadPrvt
79NO,d107,0.47222289515354826,scr1988,avaStIn,bevPsngRoadPrvt
79NO,d108,0.45053862653839677,scr1988,avaStIn,bevPsngRoadPrvt
79NO,d109,0.44557714599843595,scr1988,avaStIn,bevPsngRoadPrvt
79NO,d110,0.44557714599843595,scr1988,avaStIn,bevPsngRoadPrvt
79NO,d111,0.44557714599843595,scr1988,avaStIn,bevPsngRoadPrvt
79NO,d112,0.44557714599843595,scr1988,avaStIn,bevPsngRoadPrvt
79NO,d113,0.46722091136161586,scr1988,avaStIn,bevPsngRoadPrvt
79NO,d114,0.47222289515354826,scr1988,avaStIn,bevPsngRoadPrvt
79NO,d115,0.45053862653839677,scr1988,avaStIn,bevPsngRoadPrvt
79NO,d116,0.44557714599843595,scr1988,avaStIn,bevPsngRoadPrvt
79NO,d117,0.44557714599843595,scr1988,avaStIn,bevPsngRoadPrvt
79NO,d118,0.44557714599843595,scr1988,avaStIn,bevPsngRoadPrvt
79NO,d119,0.44557714599843595,scr1988,avaStIn,bevPsngRoadPrvt
79NO,d120,0.46722091136161586,scr1988,avaStIn,bevPsngRoadPrvt
79NO,d121,0.47222289515354826,scr1988,avaStIn,bevPsngRoadPrvt
79NO,d122,0.45053862653839677,scr1988,avaStIn,bevPsngRoadPrvt
79NO,d123,0.4547536638034571,scr1988,avaStIn,bevPsngRoadPrvt
79NO,d124,0.4432711785319287,scr1988,avaStIn,bevPsngRoadPrvt
79NO,d125,0.4432711785319287,scr1988,avaStIn,bevPsngRoadPrvt
79NO,d126,0.4432711785319287,scr1988,avaStIn,bevPsngRoadPrvt
79NO,d127,0.44413811018389965,scr1988,avaStIn,bevPsngRoadPrvt
79NO,d128,0.43646102703319944,scr1988,avaStIn,bevPsngRoadPrvt
79NO,d129,0.4353950159570614,scr1988,avaStIn,bevPsngRoadPrvt
79NO,d130,0.4432711785319287,scr1988,avaStIn,bevPsngRoadPrvt
79NO,d131,0.4432711785319287,scr1988,avaStIn,bevPsngRoadPrvt
79NO,d132,0.4432711785319287,scr1988,avaStIn,bevPsngRoadPrvt
79NO,d133,0.4432711785319287,scr1988,avaStIn,bevPsngRoadPrvt
79NO,d134,0.44413811018389965,scr1988,avaStIn,bevPsngRoadPrvt
79NO,d135,0.43646102703319944,scr1988,avaStIn,bevPsngRoadPrvt
79NO,d136,0.4353950159570614,scr1988,avaStIn,bevPsngRoadPrvt
79NO,d137,0.4432711785319287,scr1988,avaStIn,bevPsngRoadPrvt
79NO,d138,0.4432711785319287,scr1988,avaStIn,bevPsngRoadPrvt
79NO,d139,0.4432711785319287,scr1988,avaStIn,bevPsngRoadPrvt
79NO,d140,0.4432711785319287,scr1988,avaStIn,bevPsngRoadPrvt
79NO,d141,0.44413811018389965,scr1988,avaStIn,bevPsngRoadPrvt
79NO,d142,0.43646102703319944,scr1988,avaStIn,bevPsngRoadPrvt
79NO,d143,0.4353950159570614,scr1988,avaStIn,bevPsngRoadPrvt
79NO,d144,0.4432711785319287,scr1988,avaStIn,bevPsngRoadPrvt
79NO,d145,0.4432711785319287,scr1988,avaStIn,bevPsngRoadPrvt
79NO,d146,0.4432711785319287,scr1988,avaStIn,bevPsngRoadPrvt
79NO,d147,0.4432711785319287,scr1988,avaStIn,bevPsngRoadPrvt
79NO,d148,0.44413811018389965,scr1988,avaStIn,bevPsngRoadPrvt
79NO,d149,0.43646102703319944,scr1988,avaStIn,bevPsngRoadPrvt
79NO,d150,0.4353950159570614,scr1988,avaStIn,bevPsngRoadPrvt
79NO,d151,0.4432711785319287,scr1988,avaStIn,bevPsngRoadPrvt
79NO,d152,0.4432711785319287,scr1988,avaStIn,bevPsngRoadPrvt
79NO,d153,0.4432711785319287,scr1988,avaStIn,bevPsngRoadPrvt
79NO,d154,0.4379237182393594,scr1988,avaStIn,bevPsngRoadPrvt
79NO,d155,0.4442433302373707,scr1988,avaStIn,bevPsngRoadPrvt
79NO,d156,0.4453986384192496,scr1988,avaStIn,bevPsngRoadPrvt
79NO,d157,0.4451846334488831,scr1988,avaStIn,bevPsngRoadPrvt
79NO,d158,0.44406748886780784,scr1988,avaStIn,bevPsngRoadPrvt
79NO,d159,0.44406748886780784,scr1988,avaStIn,bevPsngRoadPrvt
79NO,d160,0.44406748886780784,scr1988,avaStIn,bevPsngRoadPrvt
79NO,d161,0.44406748886780784,scr1988,avaStIn,bevPsngRoadPrvt
79NO,d162,0.4442433302373707,scr1988,avaStIn,bevPsngRoadPrvt
79NO,d163,0.4453986384192496,scr1988,avaStIn,bevPsngRoadPrvt
79NO,d164,0.4451846334488831,scr1988,avaStIn,bevPsngRoadPrvt
79NO,d165,0.44406748886780784,scr1988,avaStIn,bevPsngRoadPrvt
79NO,d166,0.44406748886780784,scr1988,avaStIn,bevPsngRoadPrvt
79NO,d167,0.44406748886780784,scr1988,avaStIn,bevPsngRoadPrvt
79NO,d168,0.44406748886780784,scr1988,avaStIn,bevPsngRoadPrvt
79NO,d169,0.4442433302373707,scr1988,avaStIn,bevPsngRoadPrvt
79NO,d170,0.4453986384192496,scr1988,avaStIn,bevPsngRoadPrvt
79NO,d171,0.4451846334488831,scr1988,avaStIn,bevPsngRoadPrvt
79NO,d172,0.44406748886780784,scr1988,avaStIn,bevPsngRoadPrvt
79NO,d173,0.44406748886780784,scr1988,avaStIn,bevPsngRoadPrvt
79NO,d174,0.44406748886780784,scr1988,avaStIn,bevPsngRoadPrvt
79NO,d175,0.44406748886780784,scr1988,avaStIn,bevPsngRoadPrvt
79NO,d176,0.4442433302373707,scr1988,avaStIn,bevPsngRoadPrvt
79NO,d177,0.4453986384192496,scr1988,avaStIn,bevPsngRoadPrvt
79NO,d178,0.4451846334488831,scr1988,avaStIn,bevPsngRoadPrvt
79NO,d179,0.44406748886780784,scr1988,avaStIn,bevPsngRoadPrvt
79NO,d180,0.44406748886780784,scr1988,avaStIn,bevPsngRoadPrvt
79NO,d181,0.44406748886780784,scr1988,avaStIn,bevPsngRoadPrvt
79NO,d182,0.44406748886780784,scr1988,avaStIn,bevPsngRoadPrvt
80NO,d092,0.39695079066339795,scr1988,avaStIn,bevPsngRoadPrvt
80NO,d093,0.44230048575854214,scr1988,avaStIn,bevPsngRoadPrvt
80NO,d094,0.44557714599843595,scr1988,avaStIn,bevPsngRoadPrvt
80NO,d095,0.44557714599843595,scr1988,avaStIn,bevPsngRoadPrvt
80NO,d096,0.44557714599843595,scr1988,avaStIn,bevPsngRoadPrvt
80NO,d097,0.44557714599843595,scr1988,avaStIn,bevPsngRoadPrvt
80NO,d098,0.44557714599843595,scr1988,avaStIn,bevPsngRoadPrvt
80NO,d099,0.46722091136161586,scr1988,avaStIn,bevPsngRoadPrvt
80NO,d100,0.47222289515354826,scr1988,avaStIn,bevPsngRoadPrvt
80NO,d101,0.45053862653839677,scr1988,avaStIn,bevPsngRoadPrvt
80NO,d102,0.44557714599843595,scr1988,avaStIn,bevPsngRoadPrvt
80NO,d103,0.44557714599843595,scr1988,avaStIn,bevPsngRoadPrvt
80NO,d104,0.44557714599843595,scr1988,avaStIn,bevPsngRoadPrvt
80NO,d105,0.44557714599843595,scr1988,avaStIn,bevPsngRoadPrvt
80NO,d106,0.46722091136161586,scr1988,avaStIn,bevPsngRoadPrvt
80NO,d107,0.47222289515354826,scr1988,avaStIn,bevPsngRoadPrvt
80NO,d108,0.45053862653839677,scr1988,avaStIn,bevPsngRoadPrvt
80NO,d109,0.44557714599843595,scr1988,avaStIn,bevPsngRoadPrvt
80NO,d110,0.44557714599843595,scr1988,avaStIn,bevPsngRoadPrvt
80NO,d111,0.44557714599843595,scr1988,avaStIn,bevPsngRoadPrvt
80NO,d112,0.44557714599843595,scr1988,avaStIn,bevPsngRoadPrvt
80NO,d113,0.46722091136161586,scr1988,avaStIn,bevPsngRoadPrvt
80NO,d114,0.47222289515354826,scr1988,avaStIn,bevPsngRoadPrvt
80NO,d115,0.45053862653839677,scr1988,avaStIn,bevPsngRoadPrvt
80NO,d116,0.44557714599843595,scr1988,avaStIn,bevPsngRoadPrvt
80NO,d117,0.44557714599843595,scr1988,avaStIn,bevPsngRoadPrvt
80NO,d118,0.44557714599843595,scr1988,avaStIn,bevPsngRoadPrvt
80NO,d119,0.44557714599843595,scr1988,avaStIn,bevPsngRoadPrvt
80NO,d120,0.46722091136161586,scr1988,avaStIn,bevPsngRoadPrvt
80NO,d121,0.47222289515354826,scr1988,avaStIn,bevPsngRoadPrvt
80NO,d122,0.45053862653839677,scr1988,avaStIn,bevPsngRoadPrvt
80NO,d123,0.4547536638034571,scr1988,avaStIn,bevPsngRoadPrvt
80NO,d124,0.4432711785319287,scr1988,avaStIn,bevPsngRoadPrvt
80NO,d125,0.4432711785319287,scr1988,avaStIn,bevPsngRoadPrvt
80NO,d126,0.4432711785319287,scr1988,avaStIn,bevPsngRoadPrvt
80NO,d127,0.44413811018389965,scr1988,avaStIn,bevPsngRoadPrvt
80NO,d128,0.43646102703319944,scr1988,avaStIn,bevPsngRoadPrvt
80NO,d129,0.4353950159570614,scr1988,avaStIn,bevPsngRoadPrvt
80NO,d130,0.4432711785319287,scr1988,avaStIn,bevPsngRoadPrvt
80NO,d131,0.4432711785319287,scr1988,avaStIn,bevPsngRoadPrvt
80NO,d132,0.4432711785319287,scr1988,avaStIn,bevPsngRoadPrvt
80NO,d133,0.4432711785319287,scr1988,avaStIn,bevPsngRoadPrvt
80NO,d134,0.44413811018389965,scr1988,avaStIn,bevPsngRoadPrvt
80NO,d135,0.43646102703319944,scr1988,avaStIn,bevPsngRoadPrvt
80NO,d136,0.4353950159570614,scr1988,avaStIn,bevPsngRoadPrvt
80NO,d137,0.4432711785319287,scr1988,avaStIn,bevPsngRoadPrvt
80NO,d138,0.4432711785319287,scr1988,avaStIn,bevPsngRoadPrvt
80NO,d139,0.4432711785319287,scr1988,avaStIn,bevPsngRoadPrvt
80NO,d140,0.4432711785319287,scr1988,avaStIn,bevPsngRoadPrvt
80NO,d141,0.44413811018389965,scr1988,avaStIn,bevPsngRoadPrvt
80NO,d142,0.43646102703319944,scr1988,avaStIn,bevPsngRoadPrvt
80NO,d143,0.4353950159570614,scr1988,avaStIn,bevPsngRoadPrvt
80NO,d144,0.4432711785319287,scr1988,avaStIn,bevPsngRoadPrvt
80NO,d145,0.4432711785319287,scr1988,avaStIn,bevPsngRoadPrvt
80NO,d146,0.4432711785319287,scr1988,avaStIn,bevPsngRoadPrvt
80NO,d147,0.4432711785319287,scr1988,avaStIn,bevPsngRoadPrvt
80NO,d148,0.44413811018389965,scr1988,avaStIn,bevPsngRoadPrvt
80NO,d149,0.43646102703319944,scr1988,avaStIn,bevPsngRoadPrvt
80NO,d150,0.4353950159570614,scr1988,avaStIn,bevPsngRoadPrvt
80NO,d151,0.4432711785319287,scr1988,avaStIn,bevPsngRoadPrvt
80NO,d152,0.4432711785319287,scr1988,avaStIn,bevPsngRoadPrvt
80NO,d153,0.4432711785319287,scr1988,avaStIn,bevPsngRoadPrvt
80NO,d154,0.4379237182393594,scr1988,avaStIn,bevPsngRoadPrvt
80NO,d155,0.4442433302373707,scr1988,avaStIn,bevPsngRoadPrvt
80NO,d156,0.4453986384192496,scr1988,avaStIn,bevPsngRoadPrvt
80NO,d157,0.4451846334488831,scr1988,avaStIn,bevPsngRoadPrvt
80NO,d158,0.44406748886780784,scr1988,avaStIn,bevPsngRoadPrvt
80NO,d159,0.44406748886780784,scr1988,avaStIn,bevPsngRoadPrvt
80NO,d160,0.44406748886780784,scr1988,avaStIn,bevPsngRoadPrvt
80NO,d161,0.44406748886780784,scr1988,avaStIn,bevPsngRoadPrvt
80NO,d162,0.4442433302373707,scr1988,avaStIn,bevPsngRoadPrvt
80NO,d163,0.4453986384192496,scr1988,avaStIn,bevPsngRoadPrvt
80NO,d164,0.4451846334488831,scr1988,avaStIn,bevPsngRoadPrvt
80NO,d165,0.44406748886780784,scr1988,avaStIn,bevPsngRoadPrvt
80NO,d166,0.44406748886780784,scr1988,avaStIn,bevPsngRoadPrvt
80NO,d167,0.44406748886780784,scr1988,avaStIn,bevPsngRoadPrvt
80NO,d168,0.44406748886780784,scr1988,avaStIn,bevPsngRoadPrvt
80NO,d169,0.4442433302373707,scr1988,avaStIn,bevPsngRoadPrvt
80NO,d170,0.4453986384192496,scr1988,avaStIn,bevPsngRoadPrvt
80NO,d171,0.4451846334488831,scr1988,avaStIn,bevPsngRoadPrvt
80NO,d172,0.44406748886780784,scr1988,avaStIn,bevPsngRoadPrvt
80NO,d173,0.44406748886780784,scr1988,avaStIn,bevPsngRoadPrvt
80NO,d174,0.44406748886780784,scr1988,avaStIn,bevPsngRoadPrvt
80NO,d175,0.44406748886780784,scr1988,avaStIn,bevPsngRoadPrvt
80NO,d176,0.4442433302373707,scr1988,avaStIn,bevPsngRoadPrvt
80NO,d177,0.4453986384192496,scr1988,avaStIn,bevPsngRoadPrvt
80NO,d178,0.4451846334488831,scr1988,avaStIn,bevPsngRoadPrvt
80NO,d179,0.44406748886780784,scr1988,avaStIn,bevPsngRoadPrvt
80NO,d180,0.44406748886780784,scr1988,avaStIn,bevPsngRoadPrvt
80NO,d181,0.44406748886780784,scr1988,avaStIn,bevPsngRoadPrvt
80NO,d182,0.44406748886780784,scr1988,avaStIn,bevPsngRoadPrvt
81NO,d092,0.39695079066339795,scr1988,avaStIn,bevPsngRoadPrvt
81NO,d093,0.44230048575854214,scr1988,avaStIn,bevPsngRoadPrvt
81NO,d094,0.44557714599843595,scr1988,avaStIn,bevPsngRoadPrvt
81NO,d095,0.44557714599843595,scr1988,avaStIn,bevPsngRoadPrvt
81NO,d096,0.44557714599843595,scr1988,avaStIn,bevPsngRoadPrvt
81NO,d097,0.44557714599843595,scr1988,avaStIn,bevPsngRoadPrvt
81NO,d098,0.44557714599843595,scr1988,avaStIn,bevPsngRoadPrvt
81NO,d099,0.46722091136161586,scr1988,avaStIn,bevPsngRoadPrvt
81NO,d100,0.47222289515354826,scr1988,avaStIn,bevPsngRoadPrvt
81NO,d101,0.45053862653839677,scr1988,avaStIn,bevPsngRoadPrvt
81NO,d102,0.44557714599843595,scr1988,avaStIn,bevPsngRoadPrvt
81NO,d103,0.44557714599843595,scr1988,avaStIn,bevPsngRoadPrvt
81NO,d104,0.44557714599843595,scr1988,avaStIn,bevPsngRoadPrvt
81NO,d105,0.44557714599843595,scr1988,avaStIn,bevPsngRoadPrvt
81NO,d106,0.46722091136161586,scr1988,avaStIn,bevPsngRoadPrvt
81NO,d107,0.47222289515354826,scr1988,avaStIn,bevPsngRoadPrvt
81NO,d108,0.45053862653839677,scr1988,avaStIn,bevPsngRoadPrvt
81NO,d109,0.44557714599843595,scr1988,avaStIn,bevPsngRoadPrvt
81NO,d110,0.44557714599843595,scr1988,avaStIn,bevPsngRoadPrvt
81NO,d111,0.44557714599843595,scr1988,avaStIn,bevPsngRoadPrvt
81NO,d112,0.44557714599843595,scr1988,avaStIn,bevPsngRoadPrvt
81NO,d113,0.46722091136161586,scr1988,avaStIn,bevPsngRoadPrvt
81NO,d114,0.47222289515354826,scr1988,avaStIn,bevPsngRoadPrvt
81NO,d115,0.45053862653839677,scr1988,avaStIn,bevPsngRoadPrvt
81NO,d116,0.44557714599843595,scr1988,avaStIn,bevPsngRoadPrvt
81NO,d117,0.44557714599843595,scr1988,avaStIn,bevPsngRoadPrvt
81NO,d118,0.44557714599843595,scr1988,avaStIn,bevPsngRoadPrvt
81NO,d119,0.44557714599843595,scr1988,avaStIn,bevPsngRoadPrvt
81NO,d120,0.46722091136161586,scr1988,avaStIn,bevPsngRoadPrvt
81NO,d121,0.47222289515354826,scr1988,avaStIn,bevPsngRoadPrvt
81NO,d122,0.45053862653839677,scr1988,avaStIn,bevPsngRoadPrvt
81NO,d123,0.4547536638034571,scr1988,avaStIn,bevPsngRoadPrvt
81NO,d124,0.4432711785319287,scr1988,avaStIn,bevPsngRoadPrvt
81NO,d125,0.4432711785319287,scr1988,avaStIn,bevPsngRoadPrvt
81NO,d126,0.4432711785319287,scr1988,avaStIn,bevPsngRoadPrvt
81NO,d127,0.44413811018389965,scr1988,avaStIn,bevPsngRoadPrvt
81NO,d128,0.43646102703319944,scr1988,avaStIn,bevPsngRoadPrvt
81NO,d129,0.4353950159570614,scr1988,avaStIn,bevPsngRoadPrvt
81NO,d130,0.4432711785319287,scr1988,avaStIn,bevPsngRoadPrvt
81NO,d131,0.4432711785319287,scr1988,avaStIn,bevPsngRoadPrvt
81NO,d132,0.4432711785319287,scr1988,avaStIn,bevPsngRoadPrvt
81NO,d133,0.4432711785319287,scr1988,avaStIn,bevPsngRoadPrvt
81NO,d134,0.44413811018389965,scr1988,avaStIn,bevPsngRoadPrvt
81NO,d135,0.43646102703319944,scr1988,avaStIn,bevPsngRoadPrvt
81NO,d136,0.4353950159570614,scr1988,avaStIn,bevPsngRoadPrvt
81NO,d137,0.4432711785319287,scr1988,avaStIn,bevPsngRoadPrvt
81NO,d138,0.4432711785319287,scr1988,avaStIn,bevPsngRoadPrvt
81NO,d139,0.4432711785319287,scr1988,avaStIn,bevPsngRoadPrvt
81NO,d140,0.4432711785319287,scr1988,avaStIn,bevPsngRoadPrvt
81NO,d141,0.44413811018389965,scr1988,avaStIn,bevPsngRoadPrvt
81NO,d142,0.43646102703319944,scr1988,avaStIn,bevPsngRoadPrvt
81NO,d143,0.4353950159570614,scr1988,avaStIn,bevPsngRoadPrvt
81NO,d144,0.4432711785319287,scr1988,avaStIn,bevPsngRoadPrvt
81NO,d145,0.4432711785319287,scr1988,avaStIn,bevPsngRoadPrvt
81NO,d146,0.4432711785319287,scr1988,avaStIn,bevPsngRoadPrvt
81NO,d147,0.4432711785319287,scr1988,avaStIn,bevPsngRoadPrvt
81NO,d148,0.44413811018389965,scr1988,avaStIn,bevPsngRoadPrvt
81NO,d149,0.43646102703319944,scr1988,avaStIn,bevPsngRoadPrvt
81NO,d150,0.4353950159570614,scr1988,avaStIn,bevPsngRoadPrvt
81NO,d151,0.4432711785319287,scr1988,avaStIn,bevPsngRoadPrvt
81NO,d152,0.4432711785319287,scr1988,avaStIn,bevPsngRoadPrvt
81NO,d153,0.4432711785319287,scr1988,avaStIn,bevPsngRoadPrvt
81NO,d154,0.4379237182393594,scr1988,avaStIn,bevPsngRoadPrvt
81NO,d155,0.4442433302373707,scr1988,avaStIn,bevPsngRoadPrvt
81NO,d156,0.4453986384192496,scr1988,avaStIn,bevPsngRoadPrvt
81NO,d157,0.4451846334488831,scr1988,avaStIn,bevPsngRoadPrvt
81NO,d158,0.44406748886780784,scr1988,avaStIn,bevPsngRoadPrvt
81NO,d159,0.44406748886780784,scr1988,avaStIn,bevPsngRoadPrvt
81NO,d160,0.44406748886780784,scr1988,avaStIn,bevPsngRoadPrvt
81NO,d161,0.44406748886780784,scr1988,avaStIn,bevPsngRoadPrvt
81NO,d162,0.4442433302373707,scr1988,avaStIn,bevPsngRoadPrvt
81NO,d163,0.4453986384192496,scr1988,avaStIn,bevPsngRoadPrvt
81NO,d164,0.4451846334488831,scr1988,avaStIn,bevPsngRoadPrvt
81NO,d165,0.44406748886780784,scr1988,avaStIn,bevPsngRoadPrvt
81NO,d166,0.44406748886780784,scr1988,avaStIn,bevPsngRoadPrvt
81NO,d167,0.44406748886780784,scr1988,avaStIn,bevPsngRoadPrvt
81NO,d168,0.44406748886780784,scr1988,avaStIn,bevPsngRoadPrvt
81NO,d169,0.4442433302373707,scr1988,avaStIn,bevPsngRoadPrvt
81NO,d170,0.4453986384192496,scr1988,avaStIn,bevPsngRoadPrvt
81NO,d171,0.4451846334488831,scr1988,avaStIn,bevPsngRoadPrvt
81NO,d172,0.44406748886780784,scr1988,avaStIn,bevPsngRoadPrvt
81NO,d173,0.44406748886780784,scr1988,avaStIn,bevPsngRoadPrvt
81NO,d174,0.44406748886780784,scr1988,avaStIn,bevPsngRoadPrvt
81NO,d175,0.44406748886780784,scr1988,avaStIn,bevPsngRoadPrvt
81NO,d176,0.4442433302373707,scr1988,avaStIn,bevPsngRoadPrvt
81NO,d177,0.4453986384192496,scr1988,avaStIn,bevPsngRoadPrvt
81NO,d178,0.4451846334488831,scr1988,avaStIn,bevPsngRoadPrvt
81NO,d179,0.44406748886780784,scr1988,avaStIn,bevPsngRoadPrvt
81NO,d180,0.44406748886780784,scr1988,avaStIn,bevPsngRoadPrvt
81NO,d181,0.44406748886780784,scr1988,avaStIn,bevPsngRoadPrvt
81NO,d182,0.44406748886780784,scr1988,avaStIn,bevPsngRoadPrvt
82NO,d092,0.39695079066339795,scr1988,avaStIn,bevPsngRoadPrvt
82NO,d093,0.44230048575854214,scr1988,avaStIn,bevPsngRoadPrvt
82NO,d094,0.44557714599843595,scr1988,avaStIn,bevPsngRoadPrvt
82NO,d095,0.44557714599843595,scr1988,avaStIn,bevPsngRoadPrvt
82NO,d096,0.44557714599843595,scr1988,avaStIn,bevPsngRoadPrvt
82NO,d097,0.44557714599843595,scr1988,avaStIn,bevPsngRoadPrvt
82NO,d098,0.44557714599843595,scr1988,avaStIn,bevPsngRoadPrvt
82NO,d099,0.46722091136161586,scr1988,avaStIn,bevPsngRoadPrvt
82NO,d100,0.47222289515354826,scr1988,avaStIn,bevPsngRoadPrvt
82NO,d101,0.45053862653839677,scr1988,avaStIn,bevPsngRoadPrvt
82NO,d102,0.44557714599843595,scr1988,avaStIn,bevPsngRoadPrvt
82NO,d103,0.44557714599843595,scr1988,avaStIn,bevPsngRoadPrvt
82NO,d104,0.44557714599843595,scr1988,avaStIn,bevPsngRoadPrvt
82NO,d105,0.44557714599843595,scr1988,avaStIn,bevPsngRoadPrvt
82NO,d106,0.46722091136161586,scr1988,avaStIn,bevPsngRoadPrvt
82NO,d107,0.47222289515354826,scr1988,avaStIn,bevPsngRoadPrvt
82NO,d108,0.45053862653839677,scr1988,avaStIn,bevPsngRoadPrvt
82NO,d109,0.44557714599843595,scr1988,avaStIn,bevPsngRoadPrvt
82NO,d110,0.44557714599843595,scr1988,avaStIn,bevPsngRoadPrvt
82NO,d111,0.44557714599843595,scr1988,avaStIn,bevPsngRoadPrvt
82NO,d112,0.44557714599843595,scr1988,avaStIn,bevPsngRoadPrvt
82NO,d113,0.46722091136161586,scr1988,avaStIn,bevPsngRoadPrvt
82NO,d114,0.47222289515354826,scr1988,avaStIn,bevPsngRoadPrvt
82NO,d115,0.45053862653839677,scr1988,avaStIn,bevPsngRoadPrvt
82NO,d116,0.44557714599843595,scr1988,avaStIn,bevPsngRoadPrvt
82NO,d117,0.44557714599843595,scr1988,avaStIn,bevPsngRoadPrvt
82NO,d118,0.44557714599843595,scr1988,avaStIn,bevPsngRoadPrvt
82NO,d119,0.44557714599843595,scr1988,avaStIn,bevPsngRoadPrvt
82NO,d120,0.46722091136161586,scr1988,avaStIn,bevPsngRoadPrvt
82NO,d121,0.47222289515354826,scr1988,avaStIn,bevPsngRoadPrvt
82NO,d122,0.45053862653839677,scr1988,avaStIn,bevPsngRoadPrvt
82NO,d123,0.4547536638034571,scr1988,avaStIn,bevPsngRoadPrvt
82NO,d124,0.4432711785319287,scr1988,avaStIn,bevPsngRoadPrvt
82NO,d125,0.4432711785319287,scr1988,avaStIn,bevPsngRoadPrvt
82NO,d126,0.4432711785319287,scr1988,avaStIn,bevPsngRoadPrvt
82NO,d127,0.44413811018389965,scr1988,avaStIn,bevPsngRoadPrvt
82NO,d128,0.43646102703319944,scr1988,avaStIn,bevPsngRoadPrvt
82NO,d129,0.4353950159570614,scr1988,avaStIn,bevPsngRoadPrvt
82NO,d130,0.4432711785319287,scr1988,avaStIn,bevPsngRoadPrvt
82NO,d131,0.4432711785319287,scr1988,avaStIn,bevPsngRoadPrvt
82NO,d132,0.4432711785319287,scr1988,avaStIn,bevPsngRoadPrvt
82NO,d133,0.4432711785319287,scr1988,avaStIn,bevPsngRoadPrvt
82NO,d134,0.44413811018389965,scr1988,avaStIn,bevPsngRoadPrvt
82NO,d135,0.43646102703319944,scr1988,avaStIn,bevPsngRoadPrvt
82NO,d136,0.4353950159570614,scr1988,avaStIn,bevPsngRoadPrvt
82NO,d137,0.4432711785319287,scr1988,avaStIn,bevPsngRoadPrvt
82NO,d138,0.4432711785319287,scr1988,avaStIn,bevPsngRoadPrvt
82NO,d139,0.4432711785319287,scr1988,avaStIn,bevPsngRoadPrvt
82NO,d140,0.4432711785319287,scr1988,avaStIn,bevPsngRoadPrvt
82NO,d141,0.44413811018389965,scr1988,avaStIn,bevPsngRoadPrvt
82NO,d142,0.43646102703319944,scr1988,avaStIn,bevPsngRoadPrvt
82NO,d143,0.4353950159570614,scr1988,avaStIn,bevPsngRoadPrvt
82NO,d144,0.4432711785319287,scr1988,avaStIn,bevPsngRoadPrvt
82NO,d145,0.4432711785319287,scr1988,avaStIn,bevPsngRoadPrvt
82NO,d146,0.4432711785319287,scr1988,avaStIn,bevPsngRoadPrvt
82NO,d147,0.4432711785319287,scr1988,avaStIn,bevPsngRoadPrvt
82NO,d148,0.44413811018389965,scr1988,avaStIn,bevPsngRoadPrvt
82NO,d149,0.43646102703319944,scr1988,avaStIn,bevPsngRoadPrvt
82NO,d150,0.4353950159570614,scr1988,avaStIn,bevPsngRoadPrvt
82NO,d151,0.4432711785319287,scr1988,avaStIn,bevPsngRoadPrvt
82NO,d152,0.4432711785319287,scr1988,avaStIn,bevPsngRoadPrvt
82NO,d153,0.4432711785319287,scr1988,avaStIn,bevPsngRoadPrvt
82NO,d154,0.4379237182393594,scr1988,avaStIn,bevPsngRoadPrvt
82NO,d155,0.4442433302373707,scr1988,avaStIn,bevPsngRoadPrvt
82NO,d156,0.4453986384192496,scr1988,avaStIn,bevPsngRoadPrvt
82NO,d157,0.4451846334488831,scr1988,avaStIn,bevPsngRoadPrvt
82NO,d158,0.44406748886780784,scr1988,avaStIn,bevPsngRoadPrvt
82NO,d159,0.44406748886780784,scr1988,avaStIn,bevPsngRoadPrvt
82NO,d160,0.44406748886780784,scr1988,avaStIn,bevPsngRoadPrvt
82NO,d161,0.44406748886780784,scr1988,avaStIn,bevPsngRoadPrvt
82NO,d162,0.4442433302373707,scr1988,avaStIn,bevPsngRoadPrvt
82NO,d163,0.4453986384192496,scr1988,avaStIn,bevPsngRoadPrvt
82NO,d164,0.4451846334488831,scr1988,avaStIn,bevPsngRoadPrvt
82NO,d165,0.44406748886780784,scr1988,avaStIn,bevPsngRoadPrvt
82NO,d166,0.44406748886780784,scr1988,avaStIn,bevPsngRoadPrvt
82NO,d167,0.44406748886780784,scr1988,avaStIn,bevPsngRoadPrvt
82NO,d168,0.44406748886780784,scr1988,avaStIn,bevPsngRoadPrvt
82NO,d169,0.4442433302373707,scr1988,avaStIn,bevPsngRoadPrvt
82NO,d170,0.4453986384192496,scr1988,avaStIn,bevPsngRoadPrvt
82NO,d171,0.4451846334488831,scr1988,avaStIn,bevPsngRoadPrvt
82NO,d172,0.44406748886780784,scr1988,avaStIn,bevPsngRoadPrvt
82NO,d173,0.44406748886780784,scr1988,avaStIn,bevPsngRoadPrvt
82NO,d174,0.44406748886780784,scr1988,avaStIn,bevPsngRoadPrvt
82NO,d175,0.44406748886780784,scr1988,avaStIn,bevPsngRoadPrvt
82NO,d176,0.4442433302373707,scr1988,avaStIn,bevPsngRoadPrvt
82NO,d177,0.4453986384192496,scr1988,avaStIn,bevPsngRoadPrvt
82NO,d178,0.4451846334488831,scr1988,avaStIn,bevPsngRoadPrvt
82NO,d179,0.44406748886780784,scr1988,avaStIn,bevPsngRoadPrvt
82NO,d180,0.44406748886780784,scr1988,avaStIn,bevPsngRoadPrvt
82NO,d181,0.44406748886780784,scr1988,avaStIn,bevPsngRoadPrvt
82NO,d182,0.44406748886780784,scr1988,avaStIn,bevPsngRoadPrvt
83NO,d092,0.39695079066339795,scr1988,avaStIn,bevPsngRoadPrvt
83NO,d093,0.44230048575854214,scr1988,avaStIn,bevPsngRoadPrvt
83NO,d094,0.44557714599843595,scr1988,avaStIn,bevPsngRoadPrvt
83NO,d095,0.44557714599843595,scr1988,avaStIn,bevPsngRoadPrvt
83NO,d096,0.44557714599843595,scr1988,avaStIn,bevPsngRoadPrvt
83NO,d097,0.44557714599843595,scr1988,avaStIn,bevPsngRoadPrvt
83NO,d098,0.44557714599843595,scr1988,avaStIn,bevPsngRoadPrvt
83NO,d099,0.46722091136161586,scr1988,avaStIn,bevPsngRoadPrvt
83NO,d100,0.47222289515354826,scr1988,avaStIn,bevPsngRoadPrvt
83NO,d101,0.45053862653839677,scr1988,avaStIn,bevPsngRoadPrvt
83NO,d102,0.44557714599843595,scr1988,avaStIn,bevPsngRoadPrvt
83NO,d103,0.44557714599843595,scr1988,avaStIn,bevPsngRoadPrvt
83NO,d104,0.44557714599843595,scr1988,avaStIn,bevPsngRoadPrvt
83NO,d105,0.44557714599843595,scr1988,avaStIn,bevPsngRoadPrvt
83NO,d106,0.46722091136161586,scr1988,avaStIn,bevPsngRoadPrvt
83NO,d107,0.47222289515354826,scr1988,avaStIn,bevPsngRoadPrvt
83NO,d108,0.45053862653839677,scr1988,avaStIn,bevPsngRoadPrvt
83NO,d109,0.44557714599843595,scr1988,avaStIn,bevPsngRoadPrvt
83NO,d110,0.44557714599843595,scr1988,avaStIn,bevPsngRoadPrvt
83NO,d111,0.44557714599843595,scr1988,avaStIn,bevPsngRoadPrvt
83NO,d112,0.44557714599843595,scr1988,avaStIn,bevPsngRoadPrvt
83NO,d113,0.46722091136161586,scr1988,avaStIn,bevPsngRoadPrvt
83NO,d114,0.47222289515354826,scr1988,avaStIn,bevPsngRoadPrvt
83NO,d115,0.45053862653839677,scr1988,avaStIn,bevPsngRoadPrvt
83NO,d116,0.44557714599843595,scr1988,avaStIn,bevPsngRoadPrvt
83NO,d117,0.44557714599843595,scr1988,avaStIn,bevPsngRoadPrvt
83NO,d118,0.44557714599843595,scr1988,avaStIn,bevPsngRoadPrvt
83NO,d119,0.44557714599843595,scr1988,avaStIn,bevPsngRoadPrvt
83NO,d120,0.46722091136161586,scr1988,avaStIn,bevPsngRoadPrvt
83NO,d121,0.47222289515354826,scr1988,avaStIn,bevPsngRoadPrvt
83NO,d122,0.45053862653839677,scr1988,avaStIn,bevPsngRoadPrvt
83NO,d123,0.4547536638034571,scr1988,avaStIn,bevPsngRoadPrvt
83NO,d124,0.4432711785319287,scr1988,avaStIn,bevPsngRoadPrvt
83NO,d125,0.4432711785319287,scr1988,avaStIn,bevPsngRoadPrvt
83NO,d126,0.4432711785319287,scr1988,avaStIn,bevPsngRoadPrvt
83NO,d127,0.44413811018389965,scr1988,avaStIn,bevPsngRoadPrvt
83NO,d128,0.43646102703319944,scr1988,avaStIn,bevPsngRoadPrvt
83NO,d129,0.4353950159570614,scr1988,avaStIn,bevPsngRoadPrvt
83NO,d130,0.4432711785319287,scr1988,avaStIn,bevPsngRoadPrvt
83NO,d131,0.4432711785319287,scr1988,avaStIn,bevPsngRoadPrvt
83NO,d132,0.4432711785319287,scr1988,avaStIn,bevPsngRoadPrvt
83NO,d133,0.4432711785319287,scr1988,avaStIn,bevPsngRoadPrvt
83NO,d134,0.44413811018389965,scr1988,avaStIn,bevPsngRoadPrvt
83NO,d135,0.43646102703319944,scr1988,avaStIn,bevPsngRoadPrvt
83NO,d136,0.4353950159570614,scr1988,avaStIn,bevPsngRoadPrvt
83NO,d137,0.4432711785319287,scr1988,avaStIn,bevPsngRoadPrvt
83NO,d138,0.4432711785319287,scr1988,avaStIn,bevPsngRoadPrvt
83NO,d139,0.4432711785319287,scr1988,avaStIn,bevPsngRoadPrvt
83NO,d140,0.4432711785319287,scr1988,avaStIn,bevPsngRoadPrvt
83NO,d141,0.44413811018389965,scr1988,avaStIn,bevPsngRoadPrvt
83NO,d142,0.43646102703319944,scr1988,avaStIn,bevPsngRoadPrvt
83NO,d143,0.4353950159570614,scr1988,avaStIn,bevPsngRoadPrvt
83NO,d144,0.4432711785319287,scr1988,avaStIn,bevPsngRoadPrvt
83NO,d145,0.4432711785319287,scr1988,avaStIn,bevPsngRoadPrvt
83NO,d146,0.4432711785319287,scr1988,avaStIn,bevPsngRoadPrvt
83NO,d147,0.4432711785319287,scr1988,avaStIn,bevPsngRoadPrvt
83NO,d148,0.44413811018389965,scr1988,avaStIn,bevPsngRoadPrvt
83NO,d149,0.43646102703319944,scr1988,avaStIn,bevPsngRoadPrvt
83NO,d150,0.4353950159570614,scr1988,avaStIn,bevPsngRoadPrvt
83NO,d151,0.4432711785319287,scr1988,avaStIn,bevPsngRoadPrvt
83NO,d152,0.4432711785319287,scr1988,avaStIn,bevPsngRoadPrvt
83NO,d153,0.4432711785319287,scr1988,avaStIn,bevPsngRoadPrvt
83NO,d154,0.4379237182393594,scr1988,avaStIn,bevPsngRoadPrvt
83NO,d155,0.4442433302373707,scr1988,avaStIn,bevPsngRoadPrvt
83NO,d156,0.4453986384192496,scr1988,avaStIn,bevPsngRoadPrvt
83NO,d157,0.4451846334488831,scr1988,avaStIn,bevPsngRoadPrvt
83NO,d158,0.44406748886780784,scr1988,avaStIn,bevPsngRoadPrvt
83NO,d159,0.44406748886780784,scr1988,avaStIn,bevPsngRoadPrvt
83NO,d160,0.44406748886780784,scr1988,avaStIn,bevPsngRoadPrvt
83NO,d161,0.44406748886780784,scr1988,avaStIn,bevPsngRoadPrvt
83NO,d162,0.4442433302373707,scr1988,avaStIn,bevPsngRoadPrvt
83NO,d163,0.4453986384192496,scr1988,avaStIn,bevPsngRoadPrvt
83NO,d164,0.4451846334488831,scr1988,avaStIn,bevPsngRoadPrvt
83NO,d165,0.44406748886780784,scr1988,avaStIn,bevPsngRoadPrvt
83NO,d166,0.44406748886780784,scr1988,avaStIn,bevPsngRoadPrvt
83NO,d167,0.44406748886780784,scr1988,avaStIn,bevPsngRoadPrvt
83NO,d168,0.44406748886780784,scr1988,avaStIn,bevPsngRoadPrvt
83NO,d169,0.4442433302373707,scr1988,avaStIn,bevPsngRoadPrvt
83NO,d170,0.4453986384192496,scr1988,avaStIn,bevPsngRoadPrvt
83NO,d171,0.4451846334488831,scr1988,avaStIn,bevPsngRoadPrvt
83NO,d172,0.44406748886780784,scr1988,avaStIn,bevPsngRoadPrvt
83NO,d173,0.44406748886780784,scr1988,avaStIn,bevPsngRoadPrvt
83NO,d174,0.44406748886780784,scr1988,avaStIn,bevPsngRoadPrvt
83NO,d175,0.44406748886780784,scr1988,avaStIn,bevPsngRoadPrvt
83NO,d176,0.4442433302373707,scr1988,avaStIn,bevPsngRoadPrvt
83NO,d177,0.4453986384192496,scr1988,avaStIn,bevPsngRoadPrvt
83NO,d178,0.4451846334488831,scr1988,avaStIn,bevPsngRoadPrvt
83NO,d179,0.44406748886780784,scr1988,avaStIn,bevPsngRoadPrvt
83NO,d180,0.44406748886780784,scr1988,avaStIn,bevPsngRoadPrvt
83NO,d181,0.44406748886780784,scr1988,avaStIn,bevPsngRoadPrvt
83NO,d182,0.44406748886780784,scr1988,avaStIn,bevPsngRoadPrvt
84NO,d092,0.39695079066339795,scr1988,avaStIn,bevPsngRoadPrvt
84NO,d093,0.44230048575854214,scr1988,avaStIn,bevPsngRoadPrvt
84NO,d094,0.44557714599843595,scr1988,avaStIn,bevPsngRoadPrvt
84NO,d095,0.44557714599843595,scr1988,avaStIn,bevPsngRoadPrvt
84NO,d096,0.44557714599843595,scr1988,avaStIn,bevPsngRoadPrvt
84NO,d097,0.44557714599843595,scr1988,avaStIn,bevPsngRoadPrvt
84NO,d098,0.44557714599843595,scr1988,avaStIn,bevPsngRoadPrvt
84NO,d099,0.46722091136161586,scr1988,avaStIn,bevPsngRoadPrvt
84NO,d100,0.47222289515354826,scr1988,avaStIn,bevPsngRoadPrvt
84NO,d101,0.45053862653839677,scr1988,avaStIn,bevPsngRoadPrvt
84NO,d102,0.44557714599843595,scr1988,avaStIn,bevPsngRoadPrvt
84NO,d103,0.44557714599843595,scr1988,avaStIn,bevPsngRoadPrvt
84NO,d104,0.44557714599843595,scr1988,avaStIn,bevPsngRoadPrvt
84NO,d105,0.44557714599843595,scr1988,avaStIn,bevPsngRoadPrvt
84NO,d106,0.46722091136161586,scr1988,avaStIn,bevPsngRoadPrvt
84NO,d107,0.47222289515354826,scr1988,avaStIn,bevPsngRoadPrvt
84NO,d108,0.45053862653839677,scr1988,avaStIn,bevPsngRoadPrvt
84NO,d109,0.44557714599843595,scr1988,avaStIn,bevPsngRoadPrvt
84NO,d110,0.44557714599843595,scr1988,avaStIn,bevPsngRoadPrvt
84NO,d111,0.44557714599843595,scr1988,avaStIn,bevPsngRoadPrvt
84NO,d112,0.44557714599843595,scr1988,avaStIn,bevPsngRoadPrvt
84NO,d113,0.46722091136161586,scr1988,avaStIn,bevPsngRoadPrvt
84NO,d114,0.47222289515354826,scr1988,avaStIn,bevPsngRoadPrvt
84NO,d115,0.45053862653839677,scr1988,avaStIn,bevPsngRoadPrvt
84NO,d116,0.44557714599843595,scr1988,avaStIn,bevPsngRoadPrvt
84NO,d117,0.44557714599843595,scr1988,avaStIn,bevPsngRoadPrvt
84NO,d118,0.44557714599843595,scr1988,avaStIn,bevPsngRoadPrvt
84NO,d119,0.44557714599843595,scr1988,avaStIn,bevPsngRoadPrvt
84NO,d120,0.46722091136161586,scr1988,avaStIn,bevPsngRoadPrvt
84NO,d121,0.47222289515354826,scr1988,avaStIn,bevPsngRoadPrvt
84NO,d122,0.45053862653839677,scr1988,avaStIn,bevPsngRoadPrvt
84NO,d123,0.4547536638034571,scr1988,avaStIn,bevPsngRoadPrvt
84NO,d124,0.4432711785319287,scr1988,avaStIn,bevPsngRoadPrvt
84NO,d125,0.4432711785319287,scr1988,avaStIn,bevPsngRoadPrvt
84NO,d126,0.4432711785319287,scr1988,avaStIn,bevPsngRoadPrvt
84NO,d127,0.44413811018389965,scr1988,avaStIn,bevPsngRoadPrvt
84NO,d128,0.43646102703319944,scr1988,avaStIn,bevPsngRoadPrvt
84NO,d129,0.4353950159570614,scr1988,avaStIn,bevPsngRoadPrvt
84NO,d130,0.4432711785319287,scr1988,avaStIn,bevPsngRoadPrvt
84NO,d131,0.4432711785319287,scr1988,avaStIn,bevPsngRoadPrvt
84NO,d132,0.4432711785319287,scr1988,avaStIn,bevPsngRoadPrvt
84NO,d133,0.4432711785319287,scr1988,avaStIn,bevPsngRoadPrvt
84NO,d134,0.44413811018389965,scr1988,avaStIn,bevPsngRoadPrvt
84NO,d135,0.43646102703319944,scr1988,avaStIn,bevPsngRoadPrvt
84NO,d136,0.4353950159570614,scr1988,avaStIn,bevPsngRoadPrvt
84NO,d137,0.4432711785319287,scr1988,avaStIn,bevPsngRoadPrvt
84NO,d138,0.4432711785319287,scr1988,avaStIn,bevPsngRoadPrvt
84NO,d139,0.4432711785319287,scr1988,avaStIn,bevPsngRoadPrvt
84NO,d140,0.4432711785319287,scr1988,avaStIn,bevPsngRoadPrvt
84NO,d141,0.44413811018389965,scr1988,avaStIn,bevPsngRoadPrvt
84NO,d142,0.43646102703319944,scr1988,avaStIn,bevPsngRoadPrvt
84NO,d143,0.4353950159570614,scr1988,avaStIn,bevPsngRoadPrvt
84NO,d144,0.4432711785319287,scr1988,avaStIn,bevPsngRoadPrvt
84NO,d145,0.4432711785319287,scr1988,avaStIn,bevPsngRoadPrvt
84NO,d146,0.4432711785319287,scr1988,avaStIn,bevPsngRoadPrvt
84NO,d147,0.4432711785319287,scr1988,avaStIn,bevPsngRoadPrvt
84NO,d148,0.44413811018389965,scr1988,avaStIn,bevPsngRoadPrvt
84NO,d149,0.43646102703319944,scr1988,avaStIn,bevPsngRoadPrvt
84NO,d150,0.4353950159570614,scr1988,avaStIn,bevPsngRoadPrvt
84NO,d151,0.4432711785319287,scr1988,avaStIn,bevPsngRoadPrvt
84NO,d152,0.4432711785319287,scr1988,avaStIn,bevPsngRoadPrvt
84NO,d153,0.4432711785319287,scr1988,avaStIn,bevPsngRoadPrvt
84NO,d154,0.4379237182393594,scr1988,avaStIn,bevPsngRoadPrvt
84NO,d155,0.4442433302373707,scr1988,avaStIn,bevPsngRoadPrvt
84NO,d156,0.4453986384192496,scr1988,avaStIn,bevPsngRoadPrvt
84NO,d157,0.4451846334488831,scr1988,avaStIn,bevPsngRoadPrvt
84NO,d158,0.44406748886780784,scr1988,avaStIn,bevPsngRoadPrvt
84NO,d159,0.44406748886780784,scr1988,avaStIn,bevPsngRoadPrvt
84NO,d160,0.44406748886780784,scr1988,avaStIn,bevPsngRoadPrvt
84NO,d161,0.44406748886780784,scr1988,avaStIn,bevPsngRoadPrvt
84NO,d162,0.4442433302373707,scr1988,avaStIn,bevPsngRoadPrvt
84NO,d163,0.4453986384192496,scr1988,avaStIn,bevPsngRoadPrvt
84NO,d164,0.4451846334488831,scr1988,avaStIn,bevPsngRoadPrvt
84NO,d165,0.44406748886780784,scr1988,avaStIn,bevPsngRoadPrvt
84NO,d166,0.44406748886780784,scr1988,avaStIn,bevPsngRoadPrvt
84NO,d167,0.44406748886780784,scr1988,avaStIn,bevPsngRoadPrvt
84NO,d168,0.44406748886780784,scr1988,avaStIn,bevPsngRoadPrvt
84NO,d169,0.4442433302373707,scr1988,avaStIn,bevPsngRoadPrvt
84NO,d170,0.4453986384192496,scr1988,avaStIn,bevPsngRoadPrvt
84NO,d171,0.4451846334488831,scr1988,avaStIn,bevPsngRoadPrvt
84NO,d172,0.44406748886780784,scr1988,avaStIn,bevPsngRoadPrvt
84NO,d173,0.44406748886780784,scr1988,avaStIn,bevPsngRoadPrvt
84NO,d174,0.44406748886780784,scr1988,avaStIn,bevPsngRoadPrvt
84NO,d175,0.44406748886780784,scr1988,avaStIn,bevPsngRoadPrvt
84NO,d176,0.4442433302373707,scr1988,avaStIn,bevPsngRoadPrvt
84NO,d177,0.4453986384192496,scr1988,avaStIn,bevPsngRoadPrvt
84NO,d178,0.4451846334488831,scr1988,avaStIn,bevPsngRoadPrvt
84NO,d179,0.44406748886780784,scr1988,avaStIn,bevPsngRoadPrvt
84NO,d180,0.44406748886780784,scr1988,avaStIn,bevPsngRoadPrvt
84NO,d181,0.44406748886780784,scr1988,avaStIn,bevPsngRoadPrvt
84NO,d182,0.44406748886780784,scr1988,avaStIn,bevPsngRoadPrvt
85NO,d092,0.39695079066339795,scr1988,avaStIn,bevPsngRoadPrvt
85NO,d093,0.44230048575854214,scr1988,avaStIn,bevPsngRoadPrvt
85NO,d094,0.44557714599843595,scr1988,avaStIn,bevPsngRoadPrvt
85NO,d095,0.44557714599843595,scr1988,avaStIn,bevPsngRoadPrvt
85NO,d096,0.44557714599843595,scr1988,avaStIn,bevPsngRoadPrvt
85NO,d097,0.44557714599843595,scr1988,avaStIn,bevPsngRoadPrvt
85NO,d098,0.44557714599843595,scr1988,avaStIn,bevPsngRoadPrvt
85NO,d099,0.46722091136161586,scr1988,avaStIn,bevPsngRoadPrvt
85NO,d100,0.47222289515354826,scr1988,avaStIn,bevPsngRoadPrvt
85NO,d101,0.45053862653839677,scr1988,avaStIn,bevPsngRoadPrvt
85NO,d102,0.44557714599843595,scr1988,avaStIn,bevPsngRoadPrvt
85NO,d103,0.44557714599843595,scr1988,avaStIn,bevPsngRoadPrvt
85NO,d104,0.44557714599843595,scr1988,avaStIn,bevPsngRoadPrvt
85NO,d105,0.44557714599843595,scr1988,avaStIn,bevPsngRoadPrvt
85NO,d106,0.46722091136161586,scr1988,avaStIn,bevPsngRoadPrvt
85NO,d107,0.47222289515354826,scr1988,avaStIn,bevPsngRoadPrvt
85NO,d108,0.45053862653839677,scr1988,avaStIn,bevPsngRoadPrvt
85NO,d109,0.44557714599843595,scr1988,avaStIn,bevPsngRoadPrvt
85NO,d110,0.44557714599843595,scr1988,avaStIn,bevPsngRoadPrvt
85NO,d111,0.44557714599843595,scr1988,avaStIn,bevPsngRoadPrvt
85NO,d112,0.44557714599843595,scr1988,avaStIn,bevPsngRoadPrvt
85NO,d113,0.46722091136161586,scr1988,avaStIn,bevPsngRoadPrvt
85NO,d114,0.47222289515354826,scr1988,avaStIn,bevPsngRoadPrvt
85NO,d115,0.45053862653839677,scr1988,avaStIn,bevPsngRoadPrvt
85NO,d116,0.44557714599843595,scr1988,avaStIn,bevPsngRoadPrvt
85NO,d117,0.44557714599843595,scr1988,avaStIn,bevPsngRoadPrvt
85NO,d118,0.44557714599843595,scr1988,avaStIn,bevPsngRoadPrvt
85NO,d119,0.44557714599843595,scr1988,avaStIn,bevPsngRoadPrvt
85NO,d120,0.46722091136161586,scr1988,avaStIn,bevPsngRoadPrvt
85NO,d121,0.47222289515354826,scr1988,avaStIn,bevPsngRoadPrvt
85NO,d122,0.45053862653839677,scr1988,avaStIn,bevPsngRoadPrvt
85NO,d123,0.4547536638034571,scr1988,avaStIn,bevPsngRoadPrvt
85NO,d124,0.4432711785319287,scr1988,avaStIn,bevPsngRoadPrvt
85NO,d125,0.4432711785319287,scr1988,avaStIn,bevPsngRoadPrvt
85NO,d126,0.4432711785319287,scr1988,avaStIn,bevPsngRoadPrvt
85NO,d127,0.44413811018389965,scr1988,avaStIn,bevPsngRoadPrvt
85NO,d128,0.43646102703319944,scr1988,avaStIn,bevPsngRoadPrvt
85NO,d129,0.4353950159570614,scr1988,avaStIn,bevPsngRoadPrvt
85NO,d130,0.4432711785319287,scr1988,avaStIn,bevPsngRoadPrvt
85NO,d131,0.4432711785319287,scr1988,avaStIn,bevPsngRoadPrvt
85NO,d132,0.4432711785319287,scr1988,avaStIn,bevPsngRoadPrvt
85NO,d133,0.4432711785319287,scr1988,avaStIn,bevPsngRoadPrvt
85NO,d134,0.44413811018389965,scr1988,avaStIn,bevPsngRoadPrvt
85NO,d135,0.43646102703319944,scr1988,avaStIn,bevPsngRoadPrvt
85NO,d136,0.4353950159570614,scr1988,avaStIn,bevPsngRoadPrvt
85NO,d137,0.4432711785319287,scr1988,avaStIn,bevPsngRoadPrvt
85NO,d138,0.4432711785319287,scr1988,avaStIn,bevPsngRoadPrvt
85NO,d139,0.4432711785319287,scr1988,avaStIn,bevPsngRoadPrvt
85NO,d140,0.4432711785319287,scr1988,avaStIn,bevPsngRoadPrvt
85NO,d141,0.44413811018389965,scr1988,avaStIn,bevPsngRoadPrvt
85NO,d142,0.43646102703319944,scr1988,avaStIn,bevPsngRoadPrvt
85NO,d143,0.4353950159570614,scr1988,avaStIn,bevPsngRoadPrvt
85NO,d144,0.4432711785319287,scr1988,avaStIn,bevPsngRoadPrvt
85NO,d145,0.4432711785319287,scr1988,avaStIn,bevPsngRoadPrvt
85NO,d146,0.4432711785319287,scr1988,avaStIn,bevPsngRoadPrvt
85NO,d147,0.4432711785319287,scr1988,avaStIn,bevPsngRoadPrvt
85NO,d148,0.44413811018389965,scr1988,avaStIn,bevPsngRoadPrvt
85NO,d149,0.43646102703319944,scr1988,avaStIn,bevPsngRoadPrvt
85NO,d150,0.4353950159570614,scr1988,avaStIn,bevPsngRoadPrvt
85NO,d151,0.4432711785319287,scr1988,avaStIn,bevPsngRoadPrvt
85NO,d152,0.4432711785319287,scr1988,avaStIn,bevPsngRoadPrvt
85NO,d153,0.4432711785319287,scr1988,avaStIn,bevPsngRoadPrvt
85NO,d154,0.4379237182393594,scr1988,avaStIn,bevPsngRoadPrvt
85NO,d155,0.4442433302373707,scr1988,avaStIn,bevPsngRoadPrvt
85NO,d156,0.4453986384192496,scr1988,avaStIn,bevPsngRoadPrvt
85NO,d157,0.4451846334488831,scr1988,avaStIn,bevPsngRoadPrvt
85NO,d158,0.44406748886780784,scr1988,avaStIn,bevPsngRoadPrvt
85NO,d159,0.44406748886780784,scr1988,avaStIn,bevPsngRoadPrvt
85NO,d160,0.44406748886780784,scr1988,avaStIn,bevPsngRoadPrvt
85NO,d161,0.44406748886780784,scr1988,avaStIn,bevPsngRoadPrvt
85NO,d162,0.4442433302373707,scr1988,avaStIn,bevPsngRoadPrvt
85NO,d163,0.4453986384192496,scr1988,avaStIn,bevPsngRoadPrvt
85NO,d164,0.4451846334488831,scr1988,avaStIn,bevPsngRoadPrvt
85NO,d165,0.44406748886780784,scr1988,avaStIn,bevPsngRoadPrvt
85NO,d166,0.44406748886780784,scr1988,avaStIn,bevPsngRoadPrvt
85NO,d167,0.44406748886780784,scr1988,avaStIn,bevPsngRoadPrvt
85NO,d168,0.44406748886780784,scr1988,avaStIn,bevPsngRoadPrvt
85NO,d169,0.4442433302373707,scr1988,avaStIn,bevPsngRoadPrvt
85NO,d170,0.4453986384192496,scr1988,avaStIn,bevPsngRoadPrvt
85NO,d171,0.4451846334488831,scr1988,avaStIn,bevPsngRoadPrvt
85NO,d172,0.44406748886780784,scr1988,avaStIn,bevPsngRoadPrvt
85NO,d173,0.44406748886780784,scr1988,avaStIn,bevPsngRoadPrvt
85NO,d174,0.44406748886780784,scr1988,avaStIn,bevPsngRoadPrvt
85NO,d175,0.44406748886780784,scr1988,avaStIn,bevPsngRoadPrvt
85NO,d176,0.4442433302373707,scr1988,avaStIn,bevPsngRoadPrvt
85NO,d177,0.4453986384192496,scr1988,avaStIn,bevPsngRoadPrvt
85NO,d178,0.4451846334488831,scr1988,avaStIn,bevPsngRoadPrvt
85NO,d179,0.44406748886780784,scr1988,avaStIn,bevPsngRoadPrvt
85NO,d180,0.44406748886780784,scr1988,avaStIn,bevPsngRoadPrvt
85NO,d181,0.44406748886780784,scr1988,avaStIn,bevPsngRoadPrvt
85NO,d182,0.44406748886780784,scr1988,avaStIn,bevPsngRoadPrvt
86SE,d092,0.39695079066339795,scr1988,avaStIn,bevPsngRoadPrvt
86SE,d093,0.44230048575854214,scr1988,avaStIn,bevPsngRoadPrvt
86SE,d094,0.44557714599843595,scr1988,avaStIn,bevPsngRoadPrvt
86SE,d095,0.44557714599843595,scr1988,avaStIn,bevPsngRoadPrvt
86SE,d096,0.44557714599843595,scr1988,avaStIn,bevPsngRoadPrvt
86SE,d097,0.44557714599843595,scr1988,avaStIn,bevPsngRoadPrvt
86SE,d098,0.44557714599843595,scr1988,avaStIn,bevPsngRoadPrvt
86SE,d099,0.46722091136161586,scr1988,avaStIn,bevPsngRoadPrvt
86SE,d100,0.47222289515354826,scr1988,avaStIn,bevPsngRoadPrvt
86SE,d101,0.45053862653839677,scr1988,avaStIn,bevPsngRoadPrvt
86SE,d102,0.44557714599843595,scr1988,avaStIn,bevPsngRoadPrvt
86SE,d103,0.44557714599843595,scr1988,avaStIn,bevPsngRoadPrvt
86SE,d104,0.44557714599843595,scr1988,avaStIn,bevPsngRoadPrvt
86SE,d105,0.44557714599843595,scr1988,avaStIn,bevPsngRoadPrvt
86SE,d106,0.46722091136161586,scr1988,avaStIn,bevPsngRoadPrvt
86SE,d107,0.47222289515354826,scr1988,avaStIn,bevPsngRoadPrvt
86SE,d108,0.45053862653839677,scr1988,avaStIn,bevPsngRoadPrvt
86SE,d109,0.44557714599843595,scr1988,avaStIn,bevPsngRoadPrvt
86SE,d110,0.44557714599843595,scr1988,avaStIn,bevPsngRoadPrvt
86SE,d111,0.44557714599843595,scr1988,avaStIn,bevPsngRoadPrvt
86SE,d112,0.44557714599843595,scr1988,avaStIn,bevPsngRoadPrvt
86SE,d113,0.46722091136161586,scr1988,avaStIn,bevPsngRoadPrvt
86SE,d114,0.47222289515354826,scr1988,avaStIn,bevPsngRoadPrvt
86SE,d115,0.45053862653839677,scr1988,avaStIn,bevPsngRoadPrvt
86SE,d116,0.44557714599843595,scr1988,avaStIn,bevPsngRoadPrvt
86SE,d117,0.44557714599843595,scr1988,avaStIn,bevPsngRoadPrvt
86SE,d118,0.44557714599843595,scr1988,avaStIn,bevPsngRoadPrvt
86SE,d119,0.44557714599843595,scr1988,avaStIn,bevPsngRoadPrvt
86SE,d120,0.46722091136161586,scr1988,avaStIn,bevPsngRoadPrvt
86SE,d121,0.47222289515354826,scr1988,avaStIn,bevPsngRoadPrvt
86SE,d122,0.45053862653839677,scr1988,avaStIn,bevPsngRoadPrvt
86SE,d123,0.4547536638034571,scr1988,avaStIn,bevPsngRoadPrvt
86SE,d124,0.4432711785319287,scr1988,avaStIn,bevPsngRoadPrvt
86SE,d125,0.4432711785319287,scr1988,avaStIn,bevPsngRoadPrvt
86SE,d126,0.4432711785319287,scr1988,avaStIn,bevPsngRoadPrvt
86SE,d127,0.44413811018389965,scr1988,avaStIn,bevPsngRoadPrvt
86SE,d128,0.43646102703319944,scr1988,avaStIn,bevPsngRoadPrvt
86SE,d129,0.4353950159570614,scr1988,avaStIn,bevPsngRoadPrvt
86SE,d130,0.4432711785319287,scr1988,avaStIn,bevPsngRoadPrvt
86SE,d131,0.4432711785319287,scr1988,avaStIn,bevPsngRoadPrvt
86SE,d132,0.4432711785319287,scr1988,avaStIn,bevPsngRoadPrvt
86SE,d133,0.4432711785319287,scr1988,avaStIn,bevPsngRoadPrvt
86SE,d134,0.44413811018389965,scr1988,avaStIn,bevPsngRoadPrvt
86SE,d135,0.43646102703319944,scr1988,avaStIn,bevPsngRoadPrvt
86SE,d136,0.4353950159570614,scr1988,avaStIn,bevPsngRoadPrvt
86SE,d137,0.4432711785319287,scr1988,avaStIn,bevPsngRoadPrvt
86SE,d138,0.4432711785319287,scr1988,avaStIn,bevPsngRoadPrvt
86SE,d139,0.4432711785319287,scr1988,avaStIn,bevPsngRoadPrvt
86SE,d140,0.4432711785319287,scr1988,avaStIn,bevPsngRoadPrvt
86SE,d141,0.44413811018389965,scr1988,avaStIn,bevPsngRoadPrvt
86SE,d142,0.43646102703319944,scr1988,avaStIn,bevPsngRoadPrvt
86SE,d143,0.4353950159570614,scr1988,avaStIn,bevPsngRoadPrvt
86SE,d144,0.4432711785319287,scr1988,avaStIn,bevPsngRoadPrvt
86SE,d145,0.4432711785319287,scr1988,avaStIn,bevPsngRoadPrvt
86SE,d146,0.4432711785319287,scr1988,avaStIn,bevPsngRoadPrvt
86SE,d147,0.4432711785319287,scr1988,avaStIn,bevPsngRoadPrvt
86SE,d148,0.44413811018389965,scr1988,avaStIn,bevPsngRoadPrvt
86SE,d149,0.43646102703319944,scr1988,avaStIn,bevPsngRoadPrvt
86SE,d150,0.4353950159570614,scr1988,avaStIn,bevPsngRoadPrvt
86SE,d151,0.4432711785319287,scr1988,avaStIn,bevPsngRoadPrvt
86SE,d152,0.4432711785319287,scr1988,avaStIn,bevPsngRoadPrvt
86SE,d153,0.4432711785319287,scr1988,avaStIn,bevPsngRoadPrvt
86SE,d154,0.4379237182393594,scr1988,avaStIn,bevPsngRoadPrvt
86SE,d155,0.4442433302373707,scr1988,avaStIn,bevPsngRoadPrvt
86SE,d156,0.4453986384192496,scr1988,avaStIn,bevPsngRoadPrvt
86SE,d157,0.4451846334488831,scr1988,avaStIn,bevPsngRoadPrvt
86SE,d158,0.44406748886780784,scr1988,avaStIn,bevPsngRoadPrvt
86SE,d159,0.44406748886780784,scr1988,avaStIn,bevPsngRoadPrvt
86SE,d160,0.44406748886780784,scr1988,avaStIn,bevPsngRoadPrvt
86SE,d161,0.44406748886780784,scr1988,avaStIn,bevPsngRoadPrvt
86SE,d162,0.4442433302373707,scr1988,avaStIn,bevPsngRoadPrvt
86SE,d163,0.4453986384192496,scr1988,avaStIn,bevPsngRoadPrvt
86SE,d164,0.4451846334488831,scr1988,avaStIn,bevPsngRoadPrvt
86SE,d165,0.44406748886780784,scr1988,avaStIn,bevPsngRoadPrvt
86SE,d166,0.44406748886780784,scr1988,avaStIn,bevPsngRoadPrvt
86SE,d167,0.44406748886780784,scr1988,avaStIn,bevPsngRoadPrvt
86SE,d168,0.44406748886780784,scr1988,avaStIn,bevPsngRoadPrvt
86SE,d169,0.4442433302373707,scr1988,avaStIn,bevPsngRoadPrvt
86SE,d170,0.4453986384192496,scr1988,avaStIn,bevPsngRoadPrvt
86SE,d171,0.4451846334488831,scr1988,avaStIn,bevPsngRoadPrvt
86SE,d172,0.44406748886780784,scr1988,avaStIn,bevPsngRoadPrvt
86SE,d173,0.44406748886780784,scr1988,avaStIn,bevPsngRoadPrvt
86SE,d174,0.44406748886780784,scr1988,avaStIn,bevPsngRoadPrvt
86SE,d175,0.44406748886780784,scr1988,avaStIn,bevPsngRoadPrvt
86SE,d176,0.4442433302373707,scr1988,avaStIn,bevPsngRoadPrvt
86SE,d177,0.4453986384192496,scr1988,avaStIn,bevPsngRoadPrvt
86SE,d178,0.4451846334488831,scr1988,avaStIn,bevPsngRoadPrvt
86SE,d179,0.44406748886780784,scr1988,avaStIn,bevPsngRoadPrvt
86SE,d180,0.44406748886780784,scr1988,avaStIn,bevPsngRoadPrvt
86SE,d181,0.44406748886780784,scr1988,avaStIn,bevPsngRoadPrvt
86SE,d182,0.44406748886780784,scr1988,avaStIn,bevPsngRoadPrvt
87SE,d092,0.39695079066339795,scr1988,avaStIn,bevPsngRoadPrvt
87SE,d093,0.44230048575854214,scr1988,avaStIn,bevPsngRoadPrvt
87SE,d094,0.44557714599843595,scr1988,avaStIn,bevPsngRoadPrvt
87SE,d095,0.44557714599843595,scr1988,avaStIn,bevPsngRoadPrvt
87SE,d096,0.44557714599843595,scr1988,avaStIn,bevPsngRoadPrvt
87SE,d097,0.44557714599843595,scr1988,avaStIn,bevPsngRoadPrvt
87SE,d098,0.44557714599843595,scr1988,avaStIn,bevPsngRoadPrvt
87SE,d099,0.46722091136161586,scr1988,avaStIn,bevPsngRoadPrvt
87SE,d100,0.47222289515354826,scr1988,avaStIn,bevPsngRoadPrvt
87SE,d101,0.45053862653839677,scr1988,avaStIn,bevPsngRoadPrvt
87SE,d102,0.44557714599843595,scr1988,avaStIn,bevPsngRoadPrvt
87SE,d103,0.44557714599843595,scr1988,avaStIn,bevPsngRoadPrvt
87SE,d104,0.44557714599843595,scr1988,avaStIn,bevPsngRoadPrvt
87SE,d105,0.44557714599843595,scr1988,avaStIn,bevPsngRoadPrvt
87SE,d106,0.46722091136161586,scr1988,avaStIn,bevPsngRoadPrvt
87SE,d107,0.47222289515354826,scr1988,avaStIn,bevPsngRoadPrvt
87SE,d108,0.45053862653839677,scr1988,avaStIn,bevPsngRoadPrvt
87SE,d109,0.44557714599843595,scr1988,avaStIn,bevPsngRoadPrvt
87SE,d110,0.44557714599843595,scr1988,avaStIn,bevPsngRoadPrvt
87SE,d111,0.44557714599843595,scr1988,avaStIn,bevPsngRoadPrvt
87SE,d112,0.44557714599843595,scr1988,avaStIn,bevPsngRoadPrvt
87SE,d113,0.46722091136161586,scr1988,avaStIn,bevPsngRoadPrvt
87SE,d114,0.47222289515354826,scr1988,avaStIn,bevPsngRoadPrvt
87SE,d115,0.45053862653839677,scr1988,avaStIn,bevPsngRoadPrvt
87SE,d116,0.44557714599843595,scr1988,avaStIn,bevPsngRoadPrvt
87SE,d117,0.44557714599843595,scr1988,avaStIn,bevPsngRoadPrvt
87SE,d118,0.44557714599843595,scr1988,avaStIn,bevPsngRoadPrvt
87SE,d119,0.44557714599843595,scr1988,avaStIn,bevPsngRoadPrvt
87SE,d120,0.46722091136161586,scr1988,avaStIn,bevPsngRoadPrvt
87SE,d121,0.47222289515354826,scr1988,avaStIn,bevPsngRoadPrvt
87SE,d122,0.45053862653839677,scr1988,avaStIn,bevPsngRoadPrvt
87SE,d123,0.4547536638034571,scr1988,avaStIn,bevPsngRoadPrvt
87SE,d124,0.4432711785319287,scr1988,avaStIn,bevPsngRoadPrvt
87SE,d125,0.4432711785319287,scr1988,avaStIn,bevPsngRoadPrvt
87SE,d126,0.4432711785319287,scr1988,avaStIn,bevPsngRoadPrvt
87SE,d127,0.44413811018389965,scr1988,avaStIn,bevPsngRoadPrvt
87SE,d128,0.43646102703319944,scr1988,avaStIn,bevPsngRoadPrvt
87SE,d129,0.4353950159570614,scr1988,avaStIn,bevPsngRoadPrvt
87SE,d130,0.4432711785319287,scr1988,avaStIn,bevPsngRoadPrvt
87SE,d131,0.4432711785319287,scr1988,avaStIn,bevPsngRoadPrvt
87SE,d132,0.4432711785319287,scr1988,avaStIn,bevPsngRoadPrvt
87SE,d133,0.4432711785319287,scr1988,avaStIn,bevPsngRoadPrvt
87SE,d134,0.44413811018389965,scr1988,avaStIn,bevPsngRoadPrvt
87SE,d135,0.43646102703319944,scr1988,avaStIn,bevPsngRoadPrvt
87SE,d136,0.4353950159570614,scr1988,avaStIn,bevPsngRoadPrvt
87SE,d137,0.4432711785319287,scr1988,avaStIn,bevPsngRoadPrvt
87SE,d138,0.4432711785319287,scr1988,avaStIn,bevPsngRoadPrvt
87SE,d139,0.4432711785319287,scr1988,avaStIn,bevPsngRoadPrvt
87SE,d140,0.4432711785319287,scr1988,avaStIn,bevPsngRoadPrvt
87SE,d141,0.44413811018389965,scr1988,avaStIn,bevPsngRoadPrvt
87SE,d142,0.43646102703319944,scr1988,avaStIn,bevPsngRoadPrvt
87SE,d143,0.4353950159570614,scr1988,avaStIn,bevPsngRoadPrvt
87SE,d144,0.4432711785319287,scr1988,avaStIn,bevPsngRoadPrvt
87SE,d145,0.4432711785319287,scr1988,avaStIn,bevPsngRoadPrvt
87SE,d146,0.4432711785319287,scr1988,avaStIn,bevPsngRoadPrvt
87SE,d147,0.4432711785319287,scr1988,avaStIn,bevPsngRoadPrvt
87SE,d148,0.44413811018389965,scr1988,avaStIn,bevPsngRoadPrvt
87SE,d149,0.43646102703319944,scr1988,avaStIn,bevPsngRoadPrvt
87SE,d150,0.4353950159570614,scr1988,avaStIn,bevPsngRoadPrvt
87SE,d151,0.4432711785319287,scr1988,avaStIn,bevPsngRoadPrvt
87SE,d152,0.4432711785319287,scr1988,avaStIn,bevPsngRoadPrvt
87SE,d153,0.4432711785319287,scr1988,avaStIn,bevPsngRoadPrvt
87SE,d154,0.4379237182393594,scr1988,avaStIn,bevPsngRoadPrvt
87SE,d155,0.4442433302373707,scr1988,avaStIn,bevPsngRoadPrvt
87SE,d156,0.4453986384192496,scr1988,avaStIn,bevPsngRoadPrvt
87SE,d157,0.4451846334488831,scr1988,avaStIn,bevPsngRoadPrvt
87SE,d158,0.44406748886780784,scr1988,avaStIn,bevPsngRoadPrvt
87SE,d159,0.44406748886780784,scr1988,avaStIn,bevPsngRoadPrvt
87SE,d160,0.44406748886780784,scr1988,avaStIn,bevPsngRoadPrvt
87SE,d161,0.44406748886780784,scr1988,avaStIn,bevPsngRoadPrvt
87SE,d162,0.4442433302373707,scr1988,avaStIn,bevPsngRoadPrvt
87SE,d163,0.4453986384192496,scr1988,avaStIn,bevPsngRoadPrvt
87SE,d164,0.4451846334488831,scr1988,avaStIn,bevPsngRoadPrvt
87SE,d165,0.44406748886780784,scr1988,avaStIn,bevPsngRoadPrvt
87SE,d166,0.44406748886780784,scr1988,avaStIn,bevPsngRoadPrvt
87SE,d167,0.44406748886780784,scr1988,avaStIn,bevPsngRoadPrvt
87SE,d168,0.44406748886780784,scr1988,avaStIn,bevPsngRoadPrvt
87SE,d169,0.4442433302373707,scr1988,avaStIn,bevPsngRoadPrvt
87SE,d170,0.4453986384192496,scr1988,avaStIn,bevPsngRoadPrvt
87SE,d171,0.4451846334488831,scr1988,avaStIn,bevPsngRoadPrvt
87SE,d172,0.44406748886780784,scr1988,avaStIn,bevPsngRoadPrvt
87SE,d173,0.44406748886780784,scr1988,avaStIn,bevPsngRoadPrvt
87SE,d174,0.44406748886780784,scr1988,avaStIn,bevPsngRoadPrvt
87SE,d175,0.44406748886780784,scr1988,avaStIn,bevPsngRoadPrvt
87SE,d176,0.4442433302373707,scr1988,avaStIn,bevPsngRoadPrvt
87SE,d177,0.4453986384192496,scr1988,avaStIn,bevPsngRoadPrvt
87SE,d178,0.4451846334488831,scr1988,avaStIn,bevPsngRoadPrvt
87SE,d179,0.44406748886780784,scr1988,avaStIn,bevPsngRoadPrvt
87SE,d180,0.44406748886780784,scr1988,avaStIn,bevPsngRoadPrvt
87SE,d181,0.44406748886780784,scr1988,avaStIn,bevPsngRoadPrvt
87SE,d182,0.44406748886780784,scr1988,avaStIn,bevPsngRoadPrvt
88SE,d092,0.39695079066339795,scr1988,avaStIn,bevPsngRoadPrvt
88SE,d093,0.44230048575854214,scr1988,avaStIn,bevPsngRoadPrvt
88SE,d094,0.44557714599843595,scr1988,avaStIn,bevPsngRoadPrvt
88SE,d095,0.44557714599843595,scr1988,avaStIn,bevPsngRoadPrvt
88SE,d096,0.44557714599843595,scr1988,avaStIn,bevPsngRoadPrvt
88SE,d097,0.44557714599843595,scr1988,avaStIn,bevPsngRoadPrvt
88SE,d098,0.44557714599843595,scr1988,avaStIn,bevPsngRoadPrvt
88SE,d099,0.46722091136161586,scr1988,avaStIn,bevPsngRoadPrvt
88SE,d100,0.47222289515354826,scr1988,avaStIn,bevPsngRoadPrvt
88SE,d101,0.45053862653839677,scr1988,avaStIn,bevPsngRoadPrvt
88SE,d102,0.44557714599843595,scr1988,avaStIn,bevPsngRoadPrvt
88SE,d103,0.44557714599843595,scr1988,avaStIn,bevPsngRoadPrvt
88SE,d104,0.44557714599843595,scr1988,avaStIn,bevPsngRoadPrvt
88SE,d105,0.44557714599843595,scr1988,avaStIn,bevPsngRoadPrvt
88SE,d106,0.46722091136161586,scr1988,avaStIn,bevPsngRoadPrvt
88SE,d107,0.47222289515354826,scr1988,avaStIn,bevPsngRoadPrvt
88SE,d108,0.45053862653839677,scr1988,avaStIn,bevPsngRoadPrvt
88SE,d109,0.44557714599843595,scr1988,avaStIn,bevPsngRoadPrvt
88SE,d110,0.44557714599843595,scr1988,avaStIn,bevPsngRoadPrvt
88SE,d111,0.44557714599843595,scr1988,avaStIn,bevPsngRoadPrvt
88SE,d112,0.44557714599843595,scr1988,avaStIn,bevPsngRoadPrvt
88SE,d113,0.46722091136161586,scr1988,avaStIn,bevPsngRoadPrvt
88SE,d114,0.47222289515354826,scr1988,avaStIn,bevPsngRoadPrvt
88SE,d115,0.45053862653839677,scr1988,avaStIn,bevPsngRoadPrvt
88SE,d116,0.44557714599843595,scr1988,avaStIn,bevPsngRoadPrvt
88SE,d117,0.44557714599843595,scr1988,avaStIn,bevPsngRoadPrvt
88SE,d118,0.44557714599843595,scr1988,avaStIn,bevPsngRoadPrvt
88SE,d119,0.44557714599843595,scr1988,avaStIn,bevPsngRoadPrvt
88SE,d120,0.46722091136161586,scr1988,avaStIn,bevPsngRoadPrvt
88SE,d121,0.47222289515354826,scr1988,avaStIn,bevPsngRoadPrvt
88SE,d122,0.45053862653839677,scr1988,avaStIn,bevPsngRoadPrvt
88SE,d123,0.4547536638034571,scr1988,avaStIn,bevPsngRoadPrvt
88SE,d124,0.4432711785319287,scr1988,avaStIn,bevPsngRoadPrvt
88SE,d125,0.4432711785319287,scr1988,avaStIn,bevPsngRoadPrvt
88SE,d126,0.4432711785319287,scr1988,avaStIn,bevPsngRoadPrvt
88SE,d127,0.44413811018389965,scr1988,avaStIn,bevPsngRoadPrvt
88SE,d128,0.43646102703319944,scr1988,avaStIn,bevPsngRoadPrvt
88SE,d129,0.4353950159570614,scr1988,avaStIn,bevPsngRoadPrvt
88SE,d130,0.4432711785319287,scr1988,avaStIn,bevPsngRoadPrvt
88SE,d131,0.4432711785319287,scr1988,avaStIn,bevPsngRoadPrvt
88SE,d132,0.4432711785319287,scr1988,avaStIn,bevPsngRoadPrvt
88SE,d133,0.4432711785319287,scr1988,avaStIn,bevPsngRoadPrvt
88SE,d134,0.44413811018389965,scr1988,avaStIn,bevPsngRoadPrvt
88SE,d135,0.43646102703319944,scr1988,avaStIn,bevPsngRoadPrvt
88SE,d136,0.4353950159570614,scr1988,avaStIn,bevPsngRoadPrvt
88SE,d137,0.4432711785319287,scr1988,avaStIn,bevPsngRoadPrvt
88SE,d138,0.4432711785319287,scr1988,avaStIn,bevPsngRoadPrvt
88SE,d139,0.4432711785319287,scr1988,avaStIn,bevPsngRoadPrvt
88SE,d140,0.4432711785319287,scr1988,avaStIn,bevPsngRoadPrvt
88SE,d141,0.44413811018389965,scr1988,avaStIn,bevPsngRoadPrvt
88SE,d142,0.43646102703319944,scr1988,avaStIn,bevPsngRoadPrvt
88SE,d143,0.4353950159570614,scr1988,avaStIn,bevPsngRoadPrvt
88SE,d144,0.4432711785319287,scr1988,avaStIn,bevPsngRoadPrvt
88SE,d145,0.4432711785319287,scr1988,avaStIn,bevPsngRoadPrvt
88SE,d146,0.4432711785319287,scr1988,avaStIn,bevPsngRoadPrvt
88SE,d147,0.4432711785319287,scr1988,avaStIn,bevPsngRoadPrvt
88SE,d148,0.44413811018389965,scr1988,avaStIn,bevPsngRoadPrvt
88SE,d149,0.43646102703319944,scr1988,avaStIn,bevPsngRoadPrvt
88SE,d150,0.4353950159570614,scr1988,avaStIn,bevPsngRoadPrvt
88SE,d151,0.4432711785319287,scr1988,avaStIn,bevPsngRoadPrvt
88SE,d152,0.4432711785319287,scr1988,avaStIn,bevPsngRoadPrvt
88SE,d153,0.4432711785319287,scr1988,avaStIn,bevPsngRoadPrvt
88SE,d154,0.4379237182393594,scr1988,avaStIn,bevPsngRoadPrvt
88SE,d155,0.4442433302373707,scr1988,avaStIn,bevPsngRoadPrvt
88SE,d156,0.4453986384192496,scr1988,avaStIn,bevPsngRoadPrvt
88SE,d157,0.4451846334488831,scr1988,avaStIn,bevPsngRoadPrvt
88SE,d158,0.44406748886780784,scr1988,avaStIn,bevPsngRoadPrvt
88SE,d159,0.44406748886780784,scr1988,avaStIn,bevPsngRoadPrvt
88SE,d160,0.44406748886780784,scr1988,avaStIn,bevPsngRoadPrvt
88SE,d161,0.44406748886780784,scr1988,avaStIn,bevPsngRoadPrvt
88SE,d162,0.4442433302373707,scr1988,avaStIn,bevPsngRoadPrvt
88SE,d163,0.4453986384192496,scr1988,avaStIn,bevPsngRoadPrvt
88SE,d164,0.4451846334488831,scr1988,avaStIn,bevPsngRoadPrvt
88SE,d165,0.44406748886780784,scr1988,avaStIn,bevPsngRoadPrvt
88SE,d166,0.44406748886780784,scr1988,avaStIn,bevPsngRoadPrvt
88SE,d167,0.44406748886780784,scr1988,avaStIn,bevPsngRoadPrvt
88SE,d168,0.44406748886780784,scr1988,avaStIn,bevPsngRoadPrvt
88SE,d169,0.4442433302373707,scr1988,avaStIn,bevPsngRoadPrvt
88SE,d170,0.4453986384192496,scr1988,avaStIn,bevPsngRoadPrvt
88SE,d171,0.4451846334488831,scr1988,avaStIn,bevPsngRoadPrvt
88SE,d172,0.44406748886780784,scr1988,avaStIn,bevPsngRoadPrvt
88SE,d173,0.44406748886780784,scr1988,avaStIn,bevPsngRoadPrvt
88SE,d174,0.44406748886780784,scr1988,avaStIn,bevPsngRoadPrvt
88SE,d175,0.44406748886780784,scr1988,avaStIn,bevPsngRoadPrvt
88SE,d176,0.4442433302373707,scr1988,avaStIn,bevPsngRoadPrvt
88SE,d177,0.4453986384192496,scr1988,avaStIn,bevPsngRoadPrvt
88SE,d178,0.4451846334488831,scr1988,avaStIn,bevPsngRoadPrvt
88SE,d179,0.44406748886780784,scr1988,avaStIn,bevPsngRoadPrvt
88SE,d180,0.44406748886780784,scr1988,avaStIn,bevPsngRoadPrvt
88SE,d181,0.44406748886780784,scr1988,avaStIn,bevPsngRoadPrvt
88SE,d182,0.44406748886780784,scr1988,avaStIn,bevPsngRoadPrvt
89SE,d092,0.39695079066339795,scr1988,avaStIn,bevPsngRoadPrvt
89SE,d093,0.44230048575854214,scr1988,avaStIn,bevPsngRoadPrvt
89SE,d094,0.44557714599843595,scr1988,avaStIn,bevPsngRoadPrvt
89SE,d095,0.44557714599843595,scr1988,avaStIn,bevPsngRoadPrvt
89SE,d096,0.44557714599843595,scr1988,avaStIn,bevPsngRoadPrvt
89SE,d097,0.44557714599843595,scr1988,avaStIn,bevPsngRoadPrvt
89SE,d098,0.44557714599843595,scr1988,avaStIn,bevPsngRoadPrvt
89SE,d099,0.46722091136161586,scr1988,avaStIn,bevPsngRoadPrvt
89SE,d100,0.47222289515354826,scr1988,avaStIn,bevPsngRoadPrvt
89SE,d101,0.45053862653839677,scr1988,avaStIn,bevPsngRoadPrvt
89SE,d102,0.44557714599843595,scr1988,avaStIn,bevPsngRoadPrvt
89SE,d103,0.44557714599843595,scr1988,avaStIn,bevPsngRoadPrvt
89SE,d104,0.44557714599843595,scr1988,avaStIn,bevPsngRoadPrvt
89SE,d105,0.44557714599843595,scr1988,avaStIn,bevPsngRoadPrvt
89SE,d106,0.46722091136161586,scr1988,avaStIn,bevPsngRoadPrvt
89SE,d107,0.47222289515354826,scr1988,avaStIn,bevPsngRoadPrvt
89SE,d108,0.45053862653839677,scr1988,avaStIn,bevPsngRoadPrvt
89SE,d109,0.44557714599843595,scr1988,avaStIn,bevPsngRoadPrvt
89SE,d110,0.44557714599843595,scr1988,avaStIn,bevPsngRoadPrvt
89SE,d111,0.44557714599843595,scr1988,avaStIn,bevPsngRoadPrvt
89SE,d112,0.44557714599843595,scr1988,avaStIn,bevPsngRoadPrvt
89SE,d113,0.46722091136161586,scr1988,avaStIn,bevPsngRoadPrvt
89SE,d114,0.47222289515354826,scr1988,avaStIn,bevPsngRoadPrvt
89SE,d115,0.45053862653839677,scr1988,avaStIn,bevPsngRoadPrvt
89SE,d116,0.44557714599843595,scr1988,avaStIn,bevPsngRoadPrvt
89SE,d117,0.44557714599843595,scr1988,avaStIn,bevPsngRoadPrvt
89SE,d118,0.44557714599843595,scr1988,avaStIn,bevPsngRoadPrvt
89SE,d119,0.44557714599843595,scr1988,avaStIn,bevPsngRoadPrvt
89SE,d120,0.46722091136161586,scr1988,avaStIn,bevPsngRoadPrvt
89SE,d121,0.47222289515354826,scr1988,avaStIn,bevPsngRoadPrvt
89SE,d122,0.45053862653839677,scr1988,avaStIn,bevPsngRoadPrvt
89SE,d123,0.4547536638034571,scr1988,avaStIn,bevPsngRoadPrvt
89SE,d124,0.4432711785319287,scr1988,avaStIn,bevPsngRoadPrvt
89SE,d125,0.4432711785319287,scr1988,avaStIn,bevPsngRoadPrvt
89SE,d126,0.4432711785319287,scr1988,avaStIn,bevPsngRoadPrvt
89SE,d127,0.44413811018389965,scr1988,avaStIn,bevPsngRoadPrvt
89SE,d128,0.43646102703319944,scr1988,avaStIn,bevPsngRoadPrvt
89SE,d129,0.4353950159570614,scr1988,avaStIn,bevPsngRoadPrvt
89SE,d130,0.4432711785319287,scr1988,avaStIn,bevPsngRoadPrvt
89SE,d131,0.4432711785319287,scr1988,avaStIn,bevPsngRoadPrvt
89SE,d132,0.4432711785319287,scr1988,avaStIn,bevPsngRoadPrvt
89SE,d133,0.4432711785319287,scr1988,avaStIn,bevPsngRoadPrvt
89SE,d134,0.44413811018389965,scr1988,avaStIn,bevPsngRoadPrvt
89SE,d135,0.43646102703319944,scr1988,avaStIn,bevPsngRoadPrvt
89SE,d136,0.4353950159570614,scr1988,avaStIn,bevPsngRoadPrvt
89SE,d137,0.4432711785319287,scr1988,avaStIn,bevPsngRoadPrvt
89SE,d138,0.4432711785319287,scr1988,avaStIn,bevPsngRoadPrvt
89SE,d139,0.4432711785319287,scr1988,avaStIn,bevPsngRoadPrvt
89SE,d140,0.4432711785319287,scr1988,avaStIn,bevPsngRoadPrvt
89SE,d141,0.44413811018389965,scr1988,avaStIn,bevPsngRoadPrvt
89SE,d142,0.43646102703319944,scr1988,avaStIn,bevPsngRoadPrvt
89SE,d143,0.4353950159570614,scr1988,avaStIn,bevPsngRoadPrvt
89SE,d144,0.4432711785319287,scr1988,avaStIn,bevPsngRoadPrvt
89SE,d145,0.4432711785319287,scr1988,avaStIn,bevPsngRoadPrvt
89SE,d146,0.4432711785319287,scr1988,avaStIn,bevPsngRoadPrvt
89SE,d147,0.4432711785319287,scr1988,avaStIn,bevPsngRoadPrvt
89SE,d148,0.44413811018389965,scr1988,avaStIn,bevPsngRoadPrvt
89SE,d149,0.43646102703319944,scr1988,avaStIn,bevPsngRoadPrvt
89SE,d150,0.4353950159570614,scr1988,avaStIn,bevPsngRoadPrvt
89SE,d151,0.4432711785319287,scr1988,avaStIn,bevPsngRoadPrvt
89SE,d152,0.4432711785319287,scr1988,avaStIn,bevPsngRoadPrvt
89SE,d153,0.4432711785319287,scr1988,avaStIn,bevPsngRoadPrvt
89SE,d154,0.4379237182393594,scr1988,avaStIn,bevPsngRoadPrvt
89SE,d155,0.4442433302373707,scr1988,avaStIn,bevPsngRoadPrvt
89SE,d156,0.4453986384192496,scr1988,avaStIn,bevPsngRoadPrvt
89SE,d157,0.4451846334488831,scr1988,avaStIn,bevPsngRoadPrvt
89SE,d158,0.44406748886780784,scr1988,avaStIn,bevPsngRoadPrvt
89SE,d159,0.44406748886780784,scr1988,avaStIn,bevPsngRoadPrvt
89SE,d160,0.44406748886780784,scr1988,avaStIn,bevPsngRoadPrvt
89SE,d161,0.44406748886780784,scr1988,avaStIn,bevPsngRoadPrvt
89SE,d162,0.4442433302373707,scr1988,avaStIn,bevPsngRoadPrvt
89SE,d163,0.4453986384192496,scr1988,avaStIn,bevPsngRoadPrvt
89SE,d164,0.4451846334488831,scr1988,avaStIn,bevPsngRoadPrvt
89SE,d165,0.44406748886780784,scr1988,avaStIn,bevPsngRoadPrvt
89SE,d166,0.44406748886780784,scr1988,avaStIn,bevPsngRoadPrvt
89SE,d167,0.44406748886780784,scr1988,avaStIn,bevPsngRoadPrvt
89SE,d168,0.44406748886780784,scr1988,avaStIn,bevPsngRoadPrvt
89SE,d169,0.4442433302373707,scr1988,avaStIn,bevPsngRoadPrvt
89SE,d170,0.4453986384192496,scr1988,avaStIn,bevPsngRoadPrvt
89SE,d171,0.4451846334488831,scr1988,avaStIn,bevPsngRoadPrvt
89SE,d172,0.44406748886780784,scr1988,avaStIn,bevPsngRoadPrvt
89SE,d173,0.44406748886780784,scr1988,avaStIn,bevPsngRoadPrvt
89SE,d174,0.44406748886780784,scr1988,avaStIn,bevPsngRoadPrvt
89SE,d175,0.44406748886780784,scr1988,avaStIn,bevPsngRoadPrvt
89SE,d176,0.4442433302373707,scr1988,avaStIn,bevPsngRoadPrvt
89SE,d177,0.4453986384192496,scr1988,avaStIn,bevPsngRoadPrvt
89SE,d178,0.4451846334488831,scr1988,avaStIn,bevPsngRoadPrvt
89SE,d179,0.44406748886780784,scr1988,avaStIn,bevPsngRoadPrvt
89SE,d180,0.44406748886780784,scr1988,avaStIn,bevPsngRoadPrvt
89SE,d181,0.44406748886780784,scr1988,avaStIn,bevPsngRoadPrvt
89SE,d182,0.44406748886780784,scr1988,avaStIn,bevPsngRoadPrvt
90UK,d092,0.39695079066339795,scr1988,avaStIn,bevPsngRoadPrvt
90UK,d093,0.44230048575854214,scr1988,avaStIn,bevPsngRoadPrvt
90UK,d094,0.44557714599843595,scr1988,avaStIn,bevPsngRoadPrvt
90UK,d095,0.44557714599843595,scr1988,avaStIn,bevPsngRoadPrvt
90UK,d096,0.44557714599843595,scr1988,avaStIn,bevPsngRoadPrvt
90UK,d097,0.44557714599843595,scr1988,avaStIn,bevPsngRoadPrvt
90UK,d098,0.44557714599843595,scr1988,avaStIn,bevPsngRoadPrvt
90UK,d099,0.46722091136161586,scr1988,avaStIn,bevPsngRoadPrvt
90UK,d100,0.47222289515354826,scr1988,avaStIn,bevPsngRoadPrvt
90UK,d101,0.45053862653839677,scr1988,avaStIn,bevPsngRoadPrvt
90UK,d102,0.44557714599843595,scr1988,avaStIn,bevPsngRoadPrvt
90UK,d103,0.44557714599843595,scr1988,avaStIn,bevPsngRoadPrvt
90UK,d104,0.44557714599843595,scr1988,avaStIn,bevPsngRoadPrvt
90UK,d105,0.44557714599843595,scr1988,avaStIn,bevPsngRoadPrvt
90UK,d106,0.46722091136161586,scr1988,avaStIn,bevPsngRoadPrvt
90UK,d107,0.47222289515354826,scr1988,avaStIn,bevPsngRoadPrvt
90UK,d108,0.45053862653839677,scr1988,avaStIn,bevPsngRoadPrvt
90UK,d109,0.44557714599843595,scr1988,avaStIn,bevPsngRoadPrvt
90UK,d110,0.44557714599843595,scr1988,avaStIn,bevPsngRoadPrvt
90UK,d111,0.44557714599843595,scr1988,avaStIn,bevPsngRoadPrvt
90UK,d112,0.44557714599843595,scr1988,avaStIn,bevPsngRoadPrvt
90UK,d113,0.46722091136161586,scr1988,avaStIn,bevPsngRoadPrvt
90UK,d114,0.47222289515354826,scr1988,avaStIn,bevPsngRoadPrvt
90UK,d115,0.45053862653839677,scr1988,avaStIn,bevPsngRoadPrvt
90UK,d116,0.44557714599843595,scr1988,avaStIn,bevPsngRoadPrvt
90UK,d117,0.44557714599843595,scr1988,avaStIn,bevPsngRoadPrvt
90UK,d118,0.44557714599843595,scr1988,avaStIn,bevPsngRoadPrvt
90UK,d119,0.44557714599843595,scr1988,avaStIn,bevPsngRoadPrvt
90UK,d120,0.46722091136161586,scr1988,avaStIn,bevPsngRoadPrvt
90UK,d121,0.47222289515354826,scr1988,avaStIn,bevPsngRoadPrvt
90UK,d122,0.45053862653839677,scr1988,avaStIn,bevPsngRoadPrvt
90UK,d123,0.4547536638034571,scr1988,avaStIn,bevPsngRoadPrvt
90UK,d124,0.4432711785319287,scr1988,avaStIn,bevPsngRoadPrvt
90UK,d125,0.4432711785319287,scr1988,avaStIn,bevPsngRoadPrvt
90UK,d126,0.4432711785319287,scr1988,avaStIn,bevPsngRoadPrvt
90UK,d127,0.44413811018389965,scr1988,avaStIn,bevPsngRoadPrvt
90UK,d128,0.43646102703319944,scr1988,avaStIn,bevPsngRoadPrvt
90UK,d129,0.4353950159570614,scr1988,avaStIn,bevPsngRoadPrvt
90UK,d130,0.4432711785319287,scr1988,avaStIn,bevPsngRoadPrvt
90UK,d131,0.4432711785319287,scr1988,avaStIn,bevPsngRoadPrvt
90UK,d132,0.4432711785319287,scr1988,avaStIn,bevPsngRoadPrvt
90UK,d133,0.4432711785319287,scr1988,avaStIn,bevPsngRoadPrvt
90UK,d134,0.44413811018389965,scr1988,avaStIn,bevPsngRoadPrvt
90UK,d135,0.43646102703319944,scr1988,avaStIn,bevPsngRoadPrvt
90UK,d136,0.4353950159570614,scr1988,avaStIn,bevPsngRoadPrvt
90UK,d137,0.4432711785319287,scr1988,avaStIn,bevPsngRoadPrvt
90UK,d138,0.4432711785319287,scr1988,avaStIn,bevPsngRoadPrvt
90UK,d139,0.4432711785319287,scr1988,avaStIn,bevPsngRoadPrvt
90UK,d140,0.4432711785319287,scr1988,avaStIn,bevPsngRoadPrvt
90UK,d141,0.44413811018389965,scr1988,avaStIn,bevPsngRoadPrvt
90UK,d142,0.43646102703319944,scr1988,avaStIn,bevPsngRoadPrvt
90UK,d143,0.4353950159570614,scr1988,avaStIn,bevPsngRoadPrvt
90UK,d144,0.4432711785319287,scr1988,avaStIn,bevPsngRoadPrvt
90UK,d145,0.4432711785319287,scr1988,avaStIn,bevPsngRoadPrvt
90UK,d146,0.4432711785319287,scr1988,avaStIn,bevPsngRoadPrvt
90UK,d147,0.4432711785319287,scr1988,avaStIn,bevPsngRoadPrvt
90UK,d148,0.44413811018389965,scr1988,avaStIn,bevPsngRoadPrvt
90UK,d149,0.43646102703319944,scr1988,avaStIn,bevPsngRoadPrvt
90UK,d150,0.4353950159570614,scr1988,avaStIn,bevPsngRoadPrvt
90UK,d151,0.4432711785319287,scr1988,avaStIn,bevPsngRoadPrvt
90UK,d152,0.4432711785319287,scr1988,avaStIn,bevPsngRoadPrvt
90UK,d153,0.4432711785319287,scr1988,avaStIn,bevPsngRoadPrvt
90UK,d154,0.4379237182393594,scr1988,avaStIn,bevPsngRoadPrvt
90UK,d155,0.4442433302373707,scr1988,avaStIn,bevPsngRoadPrvt
90UK,d156,0.4453986384192496,scr1988,avaStIn,bevPsngRoadPrvt
90UK,d157,0.4451846334488831,scr1988,avaStIn,bevPsngRoadPrvt
90UK,d158,0.44406748886780784,scr1988,avaStIn,bevPsngRoadPrvt
90UK,d159,0.44406748886780784,scr1988,avaStIn,bevPsngRoadPrvt
90UK,d160,0.44406748886780784,scr1988,avaStIn,bevPsngRoadPrvt
90UK,d161,0.44406748886780784,scr1988,avaStIn,bevPsngRoadPrvt
90UK,d162,0.4442433302373707,scr1988,avaStIn,bevPsngRoadPrvt
90UK,d163,0.4453986384192496,scr1988,avaStIn,bevPsngRoadPrvt
90UK,d164,0.4451846334488831,scr1988,avaStIn,bevPsngRoadPrvt
90UK,d165,0.44406748886780784,scr1988,avaStIn,bevPsngRoadPrvt
90UK,d166,0.44406748886780784,scr1988,avaStIn,bevPsngRoadPrvt
90UK,d167,0.44406748886780784,scr1988,avaStIn,bevPsngRoadPrvt
90UK,d168,0.44406748886780784,scr1988,avaStIn,bevPsngRoadPrvt
90UK,d169,0.4442433302373707,scr1988,avaStIn,bevPsngRoadPrvt
90UK,d170,0.4453986384192496,scr1988,avaStIn,bevPsngRoadPrvt
90UK,d171,0.4451846334488831,scr1988,avaStIn,bevPsngRoadPrvt
90UK,d172,0.44406748886780784,scr1988,avaStIn,bevPsngRoadPrvt
90UK,d173,0.44406748886780784,scr1988,avaStIn,bevPsngRoadPrvt
90UK,d174,0.44406748886780784,scr1988,avaStIn,bevPsngRoadPrvt
90UK,d175,0.44406748886780784,scr1988,avaStIn,bevPsngRoadPrvt
90UK,d176,0.4442433302373707,scr1988,avaStIn,bevPsngRoadPrvt
90UK,d177,0.4453986384192496,scr1988,avaStIn,bevPsngRoadPrvt
90UK,d178,0.4451846334488831,scr1988,avaStIn,bevPsngRoadPrvt
90UK,d179,0.44406748886780784,scr1988,avaStIn,bevPsngRoadPrvt
90UK,d180,0.44406748886780784,scr1988,avaStIn,bevPsngRoadPrvt
90UK,d181,0.44406748886780784,scr1988,avaStIn,bevPsngRoadPrvt
90UK,d182,0.44406748886780784,scr1988,avaStIn,bevPsngRoadPrvt
91UK,d092,0.39695079066339795,scr1988,avaStIn,bevPsngRoadPrvt
91UK,d093,0.44230048575854214,scr1988,avaStIn,bevPsngRoadPrvt
91UK,d094,0.44557714599843595,scr1988,avaStIn,bevPsngRoadPrvt
91UK,d095,0.44557714599843595,scr1988,avaStIn,bevPsngRoadPrvt
91UK,d096,0.44557714599843595,scr1988,avaStIn,bevPsngRoadPrvt
91UK,d097,0.44557714599843595,scr1988,avaStIn,bevPsngRoadPrvt
91UK,d098,0.44557714599843595,scr1988,avaStIn,bevPsngRoadPrvt
91UK,d099,0.46722091136161586,scr1988,avaStIn,bevPsngRoadPrvt
91UK,d100,0.47222289515354826,scr1988,avaStIn,bevPsngRoadPrvt
91UK,d101,0.45053862653839677,scr1988,avaStIn,bevPsngRoadPrvt
91UK,d102,0.44557714599843595,scr1988,avaStIn,bevPsngRoadPrvt
91UK,d103,0.44557714599843595,scr1988,avaStIn,bevPsngRoadPrvt
91UK,d104,0.44557714599843595,scr1988,avaStIn,bevPsngRoadPrvt
91UK,d105,0.44557714599843595,scr1988,avaStIn,bevPsngRoadPrvt
91UK,d106,0.46722091136161586,scr1988,avaStIn,bevPsngRoadPrvt
91UK,d107,0.47222289515354826,scr1988,avaStIn,bevPsngRoadPrvt
91UK,d108,0.45053862653839677,scr1988,avaStIn,bevPsngRoadPrvt
91UK,d109,0.44557714599843595,scr1988,avaStIn,bevPsngRoadPrvt
91UK,d110,0.44557714599843595,scr1988,avaStIn,bevPsngRoadPrvt
91UK,d111,0.44557714599843595,scr1988,avaStIn,bevPsngRoadPrvt
91UK,d112,0.44557714599843595,scr1988,avaStIn,bevPsngRoadPrvt
91UK,d113,0.46722091136161586,scr1988,avaStIn,bevPsngRoadPrvt
91UK,d114,0.47222289515354826,scr1988,avaStIn,bevPsngRoadPrvt
91UK,d115,0.45053862653839677,scr1988,avaStIn,bevPsngRoadPrvt
91UK,d116,0.44557714599843595,scr1988,avaStIn,bevPsngRoadPrvt
91UK,d117,0.44557714599843595,scr1988,avaStIn,bevPsngRoadPrvt
91UK,d118,0.44557714599843595,scr1988,avaStIn,bevPsngRoadPrvt
91UK,d119,0.44557714599843595,scr1988,avaStIn,bevPsngRoadPrvt
91UK,d120,0.46722091136161586,scr1988,avaStIn,bevPsngRoadPrvt
91UK,d121,0.47222289515354826,scr1988,avaStIn,bevPsngRoadPrvt
91UK,d122,0.45053862653839677,scr1988,avaStIn,bevPsngRoadPrvt
91UK,d123,0.4547536638034571,scr1988,avaStIn,bevPsngRoadPrvt
91UK,d124,0.4432711785319287,scr1988,avaStIn,bevPsngRoadPrvt
91UK,d125,0.4432711785319287,scr1988,avaStIn,bevPsngRoadPrvt
91UK,d126,0.4432711785319287,scr1988,avaStIn,bevPsngRoadPrvt
91UK,d127,0.44413811018389965,scr1988,avaStIn,bevPsngRoadPrvt
91UK,d128,0.43646102703319944,scr1988,avaStIn,bevPsngRoadPrvt
91UK,d129,0.4353950159570614,scr1988,avaStIn,bevPsngRoadPrvt
91UK,d130,0.4432711785319287,scr1988,avaStIn,bevPsngRoadPrvt
91UK,d131,0.4432711785319287,scr1988,avaStIn,bevPsngRoadPrvt
91UK,d132,0.4432711785319287,scr1988,avaStIn,bevPsngRoadPrvt
91UK,d133,0.4432711785319287,scr1988,avaStIn,bevPsngRoadPrvt
91UK,d134,0.44413811018389965,scr1988,avaStIn,bevPsngRoadPrvt
91UK,d135,0.43646102703319944,scr1988,avaStIn,bevPsngRoadPrvt
91UK,d136,0.4353950159570614,scr1988,avaStIn,bevPsngRoadPrvt
91UK,d137,0.4432711785319287,scr1988,avaStIn,bevPsngRoadPrvt
91UK,d138,0.4432711785319287,scr1988,avaStIn,bevPsngRoadPrvt
91UK,d139,0.4432711785319287,scr1988,avaStIn,bevPsngRoadPrvt
91UK,d140,0.4432711785319287,scr1988,avaStIn,bevPsngRoadPrvt
91UK,d141,0.44413811018389965,scr1988,avaStIn,bevPsngRoadPrvt
91UK,d142,0.43646102703319944,scr1988,avaStIn,bevPsngRoadPrvt
91UK,d143,0.4353950159570614,scr1988,avaStIn,bevPsngRoadPrvt
91UK,d144,0.4432711785319287,scr1988,avaStIn,bevPsngRoadPrvt
91UK,d145,0.4432711785319287,scr1988,avaStIn,bevPsngRoadPrvt
91UK,d146,0.4432711785319287,scr1988,avaStIn,bevPsngRoadPrvt
91UK,d147,0.4432711785319287,scr1988,avaStIn,bevPsngRoadPrvt
91UK,d148,0.44413811018389965,scr1988,avaStIn,bevPsngRoadPrvt
91UK,d149,0.43646102703319944,scr1988,avaStIn,bevPsngRoadPrvt
91UK,d150,0.4353950159570614,scr1988,avaStIn,bevPsngRoadPrvt
91UK,d151,0.4432711785319287,scr1988,avaStIn,bevPsngRoadPrvt
91UK,d152,0.4432711785319287,scr1988,avaStIn,bevPsngRoadPrvt
91UK,d153,0.4432711785319287,scr1988,avaStIn,bevPsngRoadPrvt
91UK,d154,0.4379237182393594,scr1988,avaStIn,bevPsngRoadPrvt
91UK,d155,0.4442433302373707,scr1988,avaStIn,bevPsngRoadPrvt
91UK,d156,0.4453986384192496,scr1988,avaStIn,bevPsngRoadPrvt
91UK,d157,0.4451846334488831,scr1988,avaStIn,bevPsngRoadPrvt
91UK,d158,0.44406748886780784,scr1988,avaStIn,bevPsngRoadPrvt
91UK,d159,0.44406748886780784,scr1988,avaStIn,bevPsngRoadPrvt
91UK,d160,0.44406748886780784,scr1988,avaStIn,bevPsngRoadPrvt
91UK,d161,0.44406748886780784,scr1988,avaStIn,bevPsngRoadPrvt
91UK,d162,0.4442433302373707,scr1988,avaStIn,bevPsngRoadPrvt
91UK,d163,0.4453986384192496,scr1988,avaStIn,bevPsngRoadPrvt
91UK,d164,0.4451846334488831,scr1988,avaStIn,bevPsngRoadPrvt
91UK,d165,0.44406748886780784,scr1988,avaStIn,bevPsngRoadPrvt
91UK,d166,0.44406748886780784,scr1988,avaStIn,bevPsngRoadPrvt
91UK,d167,0.44406748886780784,scr1988,avaStIn,bevPsngRoadPrvt
91UK,d168,0.44406748886780784,scr1988,avaStIn,bevPsngRoadPrvt
91UK,d169,0.4442433302373707,scr1988,avaStIn,bevPsngRoadPrvt
91UK,d170,0.4453986384192496,scr1988,avaStIn,bevPsngRoadPrvt
91UK,d171,0.4451846334488831,scr1988,avaStIn,bevPsngRoadPrvt
91UK,d172,0.44406748886780784,scr1988,avaStIn,bevPsngRoadPrvt
91UK,d173,0.44406748886780784,scr1988,avaStIn,bevPsngRoadPrvt
91UK,d174,0.44406748886780784,scr1988,avaStIn,bevPsngRoadPrvt
91UK,d175,0.44406748886780784,scr1988,avaStIn,bevPsngRoadPrvt
91UK,d176,0.4442433302373707,scr1988,avaStIn,bevPsngRoadPrvt
91UK,d177,0.4453986384192496,scr1988,avaStIn,bevPsngRoadPrvt
91UK,d178,0.4451846334488831,scr1988,avaStIn,bevPsngRoadPrvt
91UK,d179,0.44406748886780784,scr1988,avaStIn,bevPsngRoadPrvt
91UK,d180,0.44406748886780784,scr1988,avaStIn,bevPsngRoadPrvt
91UK,d181,0.44406748886780784,scr1988,avaStIn,bevPsngRoadPrvt
91UK,d182,0.44406748886780784,scr1988,avaStIn,bevPsngRoadPrvt
92UK,d092,0.39695079066339795,scr1988,avaStIn,bevPsngRoadPrvt
92UK,d093,0.44230048575854214,scr1988,avaStIn,bevPsngRoadPrvt
92UK,d094,0.44557714599843595,scr1988,avaStIn,bevPsngRoadPrvt
92UK,d095,0.44557714599843595,scr1988,avaStIn,bevPsngRoadPrvt
92UK,d096,0.44557714599843595,scr1988,avaStIn,bevPsngRoadPrvt
92UK,d097,0.44557714599843595,scr1988,avaStIn,bevPsngRoadPrvt
92UK,d098,0.44557714599843595,scr1988,avaStIn,bevPsngRoadPrvt
92UK,d099,0.46722091136161586,scr1988,avaStIn,bevPsngRoadPrvt
92UK,d100,0.47222289515354826,scr1988,avaStIn,bevPsngRoadPrvt
92UK,d101,0.45053862653839677,scr1988,avaStIn,bevPsngRoadPrvt
92UK,d102,0.44557714599843595,scr1988,avaStIn,bevPsngRoadPrvt
92UK,d103,0.44557714599843595,scr1988,avaStIn,bevPsngRoadPrvt
92UK,d104,0.44557714599843595,scr1988,avaStIn,bevPsngRoadPrvt
92UK,d105,0.44557714599843595,scr1988,avaStIn,bevPsngRoadPrvt
92UK,d106,0.46722091136161586,scr1988,avaStIn,bevPsngRoadPrvt
92UK,d107,0.47222289515354826,scr1988,avaStIn,bevPsngRoadPrvt
92UK,d108,0.45053862653839677,scr1988,avaStIn,bevPsngRoadPrvt
92UK,d109,0.44557714599843595,scr1988,avaStIn,bevPsngRoadPrvt
92UK,d110,0.44557714599843595,scr1988,avaStIn,bevPsngRoadPrvt
92UK,d111,0.44557714599843595,scr1988,avaStIn,bevPsngRoadPrvt
92UK,d112,0.44557714599843595,scr1988,avaStIn,bevPsngRoadPrvt
92UK,d113,0.46722091136161586,scr1988,avaStIn,bevPsngRoadPrvt
92UK,d114,0.47222289515354826,scr1988,avaStIn,bevPsngRoadPrvt
92UK,d115,0.45053862653839677,scr1988,avaStIn,bevPsngRoadPrvt
92UK,d116,0.44557714599843595,scr1988,avaStIn,bevPsngRoadPrvt
92UK,d117,0.44557714599843595,scr1988,avaStIn,bevPsngRoadPrvt
92UK,d118,0.44557714599843595,scr1988,avaStIn,bevPsngRoadPrvt
92UK,d119,0.44557714599843595,scr1988,avaStIn,bevPsngRoadPrvt
92UK,d120,0.46722091136161586,scr1988,avaStIn,bevPsngRoadPrvt
92UK,d121,0.47222289515354826,scr1988,avaStIn,bevPsngRoadPrvt
92UK,d122,0.45053862653839677,scr1988,avaStIn,bevPsngRoadPrvt
92UK,d123,0.4547536638034571,scr1988,avaStIn,bevPsngRoadPrvt
92UK,d124,0.4432711785319287,scr1988,avaStIn,bevPsngRoadPrvt
92UK,d125,0.4432711785319287,scr1988,avaStIn,bevPsngRoadPrvt
92UK,d126,0.4432711785319287,scr1988,avaStIn,bevPsngRoadPrvt
92UK,d127,0.44413811018389965,scr1988,avaStIn,bevPsngRoadPrvt
92UK,d128,0.43646102703319944,scr1988,avaStIn,bevPsngRoadPrvt
92UK,d129,0.4353950159570614,scr1988,avaStIn,bevPsngRoadPrvt
92UK,d130,0.4432711785319287,scr1988,avaStIn,bevPsngRoadPrvt
92UK,d131,0.4432711785319287,scr1988,avaStIn,bevPsngRoadPrvt
92UK,d132,0.4432711785319287,scr1988,avaStIn,bevPsngRoadPrvt
92UK,d133,0.4432711785319287,scr1988,avaStIn,bevPsngRoadPrvt
92UK,d134,0.44413811018389965,scr1988,avaStIn,bevPsngRoadPrvt
92UK,d135,0.43646102703319944,scr1988,avaStIn,bevPsngRoadPrvt
92UK,d136,0.4353950159570614,scr1988,avaStIn,bevPsngRoadPrvt
92UK,d137,0.4432711785319287,scr1988,avaStIn,bevPsngRoadPrvt
92UK,d138,0.4432711785319287,scr1988,avaStIn,bevPsngRoadPrvt
92UK,d139,0.4432711785319287,scr1988,avaStIn,bevPsngRoadPrvt
92UK,d140,0.4432711785319287,scr1988,avaStIn,bevPsngRoadPrvt
92UK,d141,0.44413811018389965,scr1988,avaStIn,bevPsngRoadPrvt
92UK,d142,0.43646102703319944,scr1988,avaStIn,bevPsngRoadPrvt
92UK,d143,0.4353950159570614,scr1988,avaStIn,bevPsngRoadPrvt
92UK,d144,0.4432711785319287,scr1988,avaStIn,bevPsngRoadPrvt
92UK,d145,0.4432711785319287,scr1988,avaStIn,bevPsngRoadPrvt
92UK,d146,0.4432711785319287,scr1988,avaStIn,bevPsngRoadPrvt
92UK,d147,0.4432711785319287,scr1988,avaStIn,bevPsngRoadPrvt
92UK,d148,0.44413811018389965,scr1988,avaStIn,bevPsngRoadPrvt
92UK,d149,0.43646102703319944,scr1988,avaStIn,bevPsngRoadPrvt
92UK,d150,0.4353950159570614,scr1988,avaStIn,bevPsngRoadPrvt
92UK,d151,0.4432711785319287,scr1988,avaStIn,bevPsngRoadPrvt
92UK,d152,0.4432711785319287,scr1988,avaStIn,bevPsngRoadPrvt
92UK,d153,0.4432711785319287,scr1988,avaStIn,bevPsngRoadPrvt
92UK,d154,0.4379237182393594,scr1988,avaStIn,bevPsngRoadPrvt
92UK,d155,0.4442433302373707,scr1988,avaStIn,bevPsngRoadPrvt
92UK,d156,0.4453986384192496,scr1988,avaStIn,bevPsngRoadPrvt
92UK,d157,0.4451846334488831,scr1988,avaStIn,bevPsngRoadPrvt
92UK,d158,0.44406748886780784,scr1988,avaStIn,bevPsngRoadPrvt
92UK,d159,0.44406748886780784,scr1988,avaStIn,bevPsngRoadPrvt
92UK,d160,0.44406748886780784,scr1988,avaStIn,bevPsngRoadPrvt
92UK,d161,0.44406748886780784,scr1988,avaStIn,bevPsngRoadPrvt
92UK,d162,0.4442433302373707,scr1988,avaStIn,bevPsngRoadPrvt
92UK,d163,0.4453986384192496,scr1988,avaStIn,bevPsngRoadPrvt
92UK,d164,0.4451846334488831,scr1988,avaStIn,bevPsngRoadPrvt
92UK,d165,0.44406748886780784,scr1988,avaStIn,bevPsngRoadPrvt
92UK,d166,0.44406748886780784,scr1988,avaStIn,bevPsngRoadPrvt
92UK,d167,0.44406748886780784,scr1988,avaStIn,bevPsngRoadPrvt
92UK,d168,0.44406748886780784,scr1988,avaStIn,bevPsngRoadPrvt
92UK,d169,0.4442433302373707,scr1988,avaStIn,bevPsngRoadPrvt
92UK,d170,0.4453986384192496,scr1988,avaStIn,bevPsngRoadPrvt
92UK,d171,0.4451846334488831,scr1988,avaStIn,bevPsngRoadPrvt
92UK,d172,0.44406748886780784,scr1988,avaStIn,bevPsngRoadPrvt
92UK,d173,0.44406748886780784,scr1988,avaStIn,bevPsngRoadPrvt
92UK,d174,0.44406748886780784,scr1988,avaStIn,bevPsngRoadPrvt
92UK,d175,0.44406748886780784,scr1988,avaStIn,bevPsngRoadPrvt
92UK,d176,0.4442433302373707,scr1988,avaStIn,bevPsngRoadPrvt
92UK,d177,0.4453986384192496,scr1988,avaStIn,bevPsngRoadPrvt
92UK,d178,0.4451846334488831,scr1988,avaStIn,bevPsngRoadPrvt
92UK,d179,0.44406748886780784,scr1988,avaStIn,bevPsngRoadPrvt
92UK,d180,0.44406748886780784,scr1988,avaStIn,bevPsngRoadPrvt
92UK,d181,0.44406748886780784,scr1988,avaStIn,bevPsngRoadPrvt
92UK,d182,0.44406748886780784,scr1988,avaStIn,bevPsngRoadPrvt
93UK,d092,0.39695079066339795,scr1988,avaStIn,bevPsngRoadPrvt
93UK,d093,0.44230048575854214,scr1988,avaStIn,bevPsngRoadPrvt
93UK,d094,0.44557714599843595,scr1988,avaStIn,bevPsngRoadPrvt
93UK,d095,0.44557714599843595,scr1988,avaStIn,bevPsngRoadPrvt
93UK,d096,0.44557714599843595,scr1988,avaStIn,bevPsngRoadPrvt
93UK,d097,0.44557714599843595,scr1988,avaStIn,bevPsngRoadPrvt
93UK,d098,0.44557714599843595,scr1988,avaStIn,bevPsngRoadPrvt
93UK,d099,0.46722091136161586,scr1988,avaStIn,bevPsngRoadPrvt
93UK,d100,0.47222289515354826,scr1988,avaStIn,bevPsngRoadPrvt
93UK,d101,0.45053862653839677,scr1988,avaStIn,bevPsngRoadPrvt
93UK,d102,0.44557714599843595,scr1988,avaStIn,bevPsngRoadPrvt
93UK,d103,0.44557714599843595,scr1988,avaStIn,bevPsngRoadPrvt
93UK,d104,0.44557714599843595,scr1988,avaStIn,bevPsngRoadPrvt
93UK,d105,0.44557714599843595,scr1988,avaStIn,bevPsngRoadPrvt
93UK,d106,0.46722091136161586,scr1988,avaStIn,bevPsngRoadPrvt
93UK,d107,0.47222289515354826,scr1988,avaStIn,bevPsngRoadPrvt
93UK,d108,0.45053862653839677,scr1988,avaStIn,bevPsngRoadPrvt
93UK,d109,0.44557714599843595,scr1988,avaStIn,bevPsngRoadPrvt
93UK,d110,0.44557714599843595,scr1988,avaStIn,bevPsngRoadPrvt
93UK,d111,0.44557714599843595,scr1988,avaStIn,bevPsngRoadPrvt
93UK,d112,0.44557714599843595,scr1988,avaStIn,bevPsngRoadPrvt
93UK,d113,0.46722091136161586,scr1988,avaStIn,bevPsngRoadPrvt
93UK,d114,0.47222289515354826,scr1988,avaStIn,bevPsngRoadPrvt
93UK,d115,0.45053862653839677,scr1988,avaStIn,bevPsngRoadPrvt
93UK,d116,0.44557714599843595,scr1988,avaStIn,bevPsngRoadPrvt
93UK,d117,0.44557714599843595,scr1988,avaStIn,bevPsngRoadPrvt
93UK,d118,0.44557714599843595,scr1988,avaStIn,bevPsngRoadPrvt
93UK,d119,0.44557714599843595,scr1988,avaStIn,bevPsngRoadPrvt
93UK,d120,0.46722091136161586,scr1988,avaStIn,bevPsngRoadPrvt
93UK,d121,0.47222289515354826,scr1988,avaStIn,bevPsngRoadPrvt
93UK,d122,0.45053862653839677,scr1988,avaStIn,bevPsngRoadPrvt
93UK,d123,0.4547536638034571,scr1988,avaStIn,bevPsngRoadPrvt
93UK,d124,0.4432711785319287,scr1988,avaStIn,bevPsngRoadPrvt
93UK,d125,0.4432711785319287,scr1988,avaStIn,bevPsngRoadPrvt
93UK,d126,0.4432711785319287,scr1988,avaStIn,bevPsngRoadPrvt
93UK,d127,0.44413811018389965,scr1988,avaStIn,bevPsngRoadPrvt
93UK,d128,0.43646102703319944,scr1988,avaStIn,bevPsngRoadPrvt
93UK,d129,0.4353950159570614,scr1988,avaStIn,bevPsngRoadPrvt
93UK,d130,0.4432711785319287,scr1988,avaStIn,bevPsngRoadPrvt
93UK,d131,0.4432711785319287,scr1988,avaStIn,bevPsngRoadPrvt
93UK,d132,0.4432711785319287,scr1988,avaStIn,bevPsngRoadPrvt
93UK,d133,0.4432711785319287,scr1988,avaStIn,bevPsngRoadPrvt
93UK,d134,0.44413811018389965,scr1988,avaStIn,bevPsngRoadPrvt
93UK,d135,0.43646102703319944,scr1988,avaStIn,bevPsngRoadPrvt
93UK,d136,0.4353950159570614,scr1988,avaStIn,bevPsngRoadPrvt
93UK,d137,0.4432711785319287,scr1988,avaStIn,bevPsngRoadPrvt
93UK,d138,0.4432711785319287,scr1988,avaStIn,bevPsngRoadPrvt
93UK,d139,0.4432711785319287,scr1988,avaStIn,bevPsngRoadPrvt
93UK,d140,0.4432711785319287,scr1988,avaStIn,bevPsngRoadPrvt
93UK,d141,0.44413811018389965,scr1988,avaStIn,bevPsngRoadPrvt
93UK,d142,0.43646102703319944,scr1988,avaStIn,bevPsngRoadPrvt
93UK,d143,0.4353950159570614,scr1988,avaStIn,bevPsngRoadPrvt
93UK,d144,0.4432711785319287,scr1988,avaStIn,bevPsngRoadPrvt
93UK,d145,0.4432711785319287,scr1988,avaStIn,bevPsngRoadPrvt
93UK,d146,0.4432711785319287,scr1988,avaStIn,bevPsngRoadPrvt
93UK,d147,0.4432711785319287,scr1988,avaStIn,bevPsngRoadPrvt
93UK,d148,0.44413811018389965,scr1988,avaStIn,bevPsngRoadPrvt
93UK,d149,0.43646102703319944,scr1988,avaStIn,bevPsngRoadPrvt
93UK,d150,0.4353950159570614,scr1988,avaStIn,bevPsngRoadPrvt
93UK,d151,0.4432711785319287,scr1988,avaStIn,bevPsngRoadPrvt
93UK,d152,0.4432711785319287,scr1988,avaStIn,bevPsngRoadPrvt
93UK,d153,0.4432711785319287,scr1988,avaStIn,bevPsngRoadPrvt
93UK,d154,0.4379237182393594,scr1988,avaStIn,bevPsngRoadPrvt
93UK,d155,0.4442433302373707,scr1988,avaStIn,bevPsngRoadPrvt
93UK,d156,0.4453986384192496,scr1988,avaStIn,bevPsngRoadPrvt
93UK,d157,0.4451846334488831,scr1988,avaStIn,bevPsngRoadPrvt
93UK,d158,0.44406748886780784,scr1988,avaStIn,bevPsngRoadPrvt
93UK,d159,0.44406748886780784,scr1988,avaStIn,bevPsngRoadPrvt
93UK,d160,0.44406748886780784,scr1988,avaStIn,bevPsngRoadPrvt
93UK,d161,0.44406748886780784,scr1988,avaStIn,bevPsngRoadPrvt
93UK,d162,0.4442433302373707,scr1988,avaStIn,bevPsngRoadPrvt
93UK,d163,0.4453986384192496,scr1988,avaStIn,bevPsngRoadPrvt
93UK,d164,0.4451846334488831,scr1988,avaStIn,bevPsngRoadPrvt
93UK,d165,0.44406748886780784,scr1988,avaStIn,bevPsngRoadPrvt
93UK,d166,0.44406748886780784,scr1988,avaStIn,bevPsngRoadPrvt
93UK,d167,0.44406748886780784,scr1988,avaStIn,bevPsngRoadPrvt
93UK,d168,0.44406748886780784,scr1988,avaStIn,bevPsngRoadPrvt
93UK,d169,0.4442433302373707,scr1988,avaStIn,bevPsngRoadPrvt
93UK,d170,0.4453986384192496,scr1988,avaStIn,bevPsngRoadPrvt
93UK,d171,0.4451846334488831,scr1988,avaStIn,bevPsngRoadPrvt
93UK,d172,0.44406748886780784,scr1988,avaStIn,bevPsngRoadPrvt
93UK,d173,0.44406748886780784,scr1988,avaStIn,bevPsngRoadPrvt
93UK,d174,0.44406748886780784,scr1988,avaStIn,bevPsngRoadPrvt
93UK,d175,0.44406748886780784,scr1988,avaStIn,bevPsngRoadPrvt
93UK,d176,0.4442433302373707,scr1988,avaStIn,bevPsngRoadPrvt
93UK,d177,0.4453986384192496,scr1988,avaStIn,bevPsngRoadPrvt
93UK,d178,0.4451846334488831,scr1988,avaStIn,bevPsngRoadPrvt
93UK,d179,0.44406748886780784,scr1988,avaStIn,bevPsngRoadPrvt
93UK,d180,0.44406748886780784,scr1988,avaStIn,bevPsngRoadPrvt
93UK,d181,0.44406748886780784,scr1988,avaStIn,bevPsngRoadPrvt
93UK,d182,0.44406748886780784,scr1988,avaStIn,bevPsngRoadPrvt
94UK,d092,0.39695079066339795,scr1988,avaStIn,bevPsngRoadPrvt
94UK,d093,0.44230048575854214,scr1988,avaStIn,bevPsngRoadPrvt
94UK,d094,0.44557714599843595,scr1988,avaStIn,bevPsngRoadPrvt
94UK,d095,0.44557714599843595,scr1988,avaStIn,bevPsngRoadPrvt
94UK,d096,0.44557714599843595,scr1988,avaStIn,bevPsngRoadPrvt
94UK,d097,0.44557714599843595,scr1988,avaStIn,bevPsngRoadPrvt
94UK,d098,0.44557714599843595,scr1988,avaStIn,bevPsngRoadPrvt
94UK,d099,0.46722091136161586,scr1988,avaStIn,bevPsngRoadPrvt
94UK,d100,0.47222289515354826,scr1988,avaStIn,bevPsngRoadPrvt
94UK,d101,0.45053862653839677,scr1988,avaStIn,bevPsngRoadPrvt
94UK,d102,0.44557714599843595,scr1988,avaStIn,bevPsngRoadPrvt
94UK,d103,0.44557714599843595,scr1988,avaStIn,bevPsngRoadPrvt
94UK,d104,0.44557714599843595,scr1988,avaStIn,bevPsngRoadPrvt
94UK,d105,0.44557714599843595,scr1988,avaStIn,bevPsngRoadPrvt
94UK,d106,0.46722091136161586,scr1988,avaStIn,bevPsngRoadPrvt
94UK,d107,0.47222289515354826,scr1988,avaStIn,bevPsngRoadPrvt
94UK,d108,0.45053862653839677,scr1988,avaStIn,bevPsngRoadPrvt
94UK,d109,0.44557714599843595,scr1988,avaStIn,bevPsngRoadPrvt
94UK,d110,0.44557714599843595,scr1988,avaStIn,bevPsngRoadPrvt
94UK,d111,0.44557714599843595,scr1988,avaStIn,bevPsngRoadPrvt
94UK,d112,0.44557714599843595,scr1988,avaStIn,bevPsngRoadPrvt
94UK,d113,0.46722091136161586,scr1988,avaStIn,bevPsngRoadPrvt
94UK,d114,0.47222289515354826,scr1988,avaStIn,bevPsngRoadPrvt
94UK,d115,0.45053862653839677,scr1988,avaStIn,bevPsngRoadPrvt
94UK,d116,0.44557714599843595,scr1988,avaStIn,bevPsngRoadPrvt
94UK,d117,0.44557714599843595,scr1988,avaStIn,bevPsngRoadPrvt
94UK,d118,0.44557714599843595,scr1988,avaStIn,bevPsngRoadPrvt
94UK,d119,0.44557714599843595,scr1988,avaStIn,bevPsngRoadPrvt
94UK,d120,0.46722091136161586,scr1988,avaStIn,bevPsngRoadPrvt
94UK,d121,0.47222289515354826,scr1988,avaStIn,bevPsngRoadPrvt
94UK,d122,0.45053862653839677,scr1988,avaStIn,bevPsngRoadPrvt
94UK,d123,0.4547536638034571,scr1988,avaStIn,bevPsngRoadPrvt
94UK,d124,0.4432711785319287,scr1988,avaStIn,bevPsngRoadPrvt
94UK,d125,0.4432711785319287,scr1988,avaStIn,bevPsngRoadPrvt
94UK,d126,0.4432711785319287,scr1988,avaStIn,bevPsngRoadPrvt
94UK,d127,0.44413811018389965,scr1988,avaStIn,bevPsngRoadPrvt
94UK,d128,0.43646102703319944,scr1988,avaStIn,bevPsngRoadPrvt
94UK,d129,0.4353950159570614,scr1988,avaStIn,bevPsngRoadPrvt
94UK,d130,0.4432711785319287,scr1988,avaStIn,bevPsngRoadPrvt
94UK,d131,0.4432711785319287,scr1988,avaStIn,bevPsngRoadPrvt
94UK,d132,0.4432711785319287,scr1988,avaStIn,bevPsngRoadPrvt
94UK,d133,0.4432711785319287,scr1988,avaStIn,bevPsngRoadPrvt
94UK,d134,0.44413811018389965,scr1988,avaStIn,bevPsngRoadPrvt
94UK,d135,0.43646102703319944,scr1988,avaStIn,bevPsngRoadPrvt
94UK,d136,0.4353950159570614,scr1988,avaStIn,bevPsngRoadPrvt
94UK,d137,0.4432711785319287,scr1988,avaStIn,bevPsngRoadPrvt
94UK,d138,0.4432711785319287,scr1988,avaStIn,bevPsngRoadPrvt
94UK,d139,0.4432711785319287,scr1988,avaStIn,bevPsngRoadPrvt
94UK,d140,0.4432711785319287,scr1988,avaStIn,bevPsngRoadPrvt
94UK,d141,0.44413811018389965,scr1988,avaStIn,bevPsngRoadPrvt
94UK,d142,0.43646102703319944,scr1988,avaStIn,bevPsngRoadPrvt
94UK,d143,0.4353950159570614,scr1988,avaStIn,bevPsngRoadPrvt
94UK,d144,0.4432711785319287,scr1988,avaStIn,bevPsngRoadPrvt
94UK,d145,0.4432711785319287,scr1988,avaStIn,bevPsngRoadPrvt
94UK,d146,0.4432711785319287,scr1988,avaStIn,bevPsngRoadPrvt
94UK,d147,0.4432711785319287,scr1988,avaStIn,bevPsngRoadPrvt
94UK,d148,0.44413811018389965,scr1988,avaStIn,bevPsngRoadPrvt
94UK,d149,0.43646102703319944,scr1988,avaStIn,bevPsngRoadPrvt
94UK,d150,0.4353950159570614,scr1988,avaStIn,bevPsngRoadPrvt
94UK,d151,0.4432711785319287,scr1988,avaStIn,bevPsngRoadPrvt
94UK,d152,0.4432711785319287,scr1988,avaStIn,bevPsngRoadPrvt
94UK,d153,0.4432711785319287,scr1988,avaStIn,bevPsngRoadPrvt
94UK,d154,0.4379237182393594,scr1988,avaStIn,bevPsngRoadPrvt
94UK,d155,0.4442433302373707,scr1988,avaStIn,bevPsngRoadPrvt
94UK,d156,0.4453986384192496,scr1988,avaStIn,bevPsngRoadPrvt
94UK,d157,0.4451846334488831,scr1988,avaStIn,bevPsngRoadPrvt
94UK,d158,0.44406748886780784,scr1988,avaStIn,bevPsngRoadPrvt
94UK,d159,0.44406748886780784,scr1988,avaStIn,bevPsngRoadPrvt
94UK,d160,0.44406748886780784,scr1988,avaStIn,bevPsngRoadPrvt
94UK,d161,0.44406748886780784,scr1988,avaStIn,bevPsngRoadPrvt
94UK,d162,0.4442433302373707,scr1988,avaStIn,bevPsngRoadPrvt
94UK,d163,0.4453986384192496,scr1988,avaStIn,bevPsngRoadPrvt
94UK,d164,0.4451846334488831,scr1988,avaStIn,bevPsngRoadPrvt
94UK,d165,0.44406748886780784,scr1988,avaStIn,bevPsngRoadPrvt
94UK,d166,0.44406748886780784,scr1988,avaStIn,bevPsngRoadPrvt
94UK,d167,0.44406748886780784,scr1988,avaStIn,bevPsngRoadPrvt
94UK,d168,0.44406748886780784,scr1988,avaStIn,bevPsngRoadPrvt
94UK,d169,0.4442433302373707,scr1988,avaStIn,bevPsngRoadPrvt
94UK,d170,0.4453986384192496,scr1988,avaStIn,bevPsngRoadPrvt
94UK,d171,0.4451846334488831,scr1988,avaStIn,bevPsngRoadPrvt
94UK,d172,0.44406748886780784,scr1988,avaStIn,bevPsngRoadPrvt
94UK,d173,0.44406748886780784,scr1988,avaStIn,bevPsngRoadPrvt
94UK,d174,0.44406748886780784,scr1988,avaStIn,bevPsngRoadPrvt
94UK,d175,0.44406748886780784,scr1988,avaStIn,bevPsngRoadPrvt
94UK,d176,0.4442433302373707,scr1988,avaStIn,bevPsngRoadPrvt
94UK,d177,0.4453986384192496,scr1988,avaStIn,bevPsngRoadPrvt
94UK,d178,0.4451846334488831,scr1988,avaStIn,bevPsngRoadPrvt
94UK,d179,0.44406748886780784,scr1988,avaStIn,bevPsngRoadPrvt
94UK,d180,0.44406748886780784,scr1988,avaStIn,bevPsngRoadPrvt
94UK,d181,0.44406748886780784,scr1988,avaStIn,bevPsngRoadPrvt
94UK,d182,0.44406748886780784,scr1988,avaStIn,bevPsngRoadPrvt
95UK,d092,0.39695079066339795,scr1988,avaStIn,bevPsngRoadPrvt
95UK,d093,0.44230048575854214,scr1988,avaStIn,bevPsngRoadPrvt
95UK,d094,0.44557714599843595,scr1988,avaStIn,bevPsngRoadPrvt
95UK,d095,0.44557714599843595,scr1988,avaStIn,bevPsngRoadPrvt
95UK,d096,0.44557714599843595,scr1988,avaStIn,bevPsngRoadPrvt
95UK,d097,0.44557714599843595,scr1988,avaStIn,bevPsngRoadPrvt
95UK,d098,0.44557714599843595,scr1988,avaStIn,bevPsngRoadPrvt
95UK,d099,0.46722091136161586,scr1988,avaStIn,bevPsngRoadPrvt
95UK,d100,0.47222289515354826,scr1988,avaStIn,bevPsngRoadPrvt
95UK,d101,0.45053862653839677,scr1988,avaStIn,bevPsngRoadPrvt
95UK,d102,0.44557714599843595,scr1988,avaStIn,bevPsngRoadPrvt
95UK,d103,0.44557714599843595,scr1988,avaStIn,bevPsngRoadPrvt
95UK,d104,0.44557714599843595,scr1988,avaStIn,bevPsngRoadPrvt
95UK,d105,0.44557714599843595,scr1988,avaStIn,bevPsngRoadPrvt
95UK,d106,0.46722091136161586,scr1988,avaStIn,bevPsngRoadPrvt
95UK,d107,0.47222289515354826,scr1988,avaStIn,bevPsngRoadPrvt
95UK,d108,0.45053862653839677,scr1988,avaStIn,bevPsngRoadPrvt
95UK,d109,0.44557714599843595,scr1988,avaStIn,bevPsngRoadPrvt
95UK,d110,0.44557714599843595,scr1988,avaStIn,bevPsngRoadPrvt
95UK,d111,0.44557714599843595,scr1988,avaStIn,bevPsngRoadPrvt
95UK,d112,0.44557714599843595,scr1988,avaStIn,bevPsngRoadPrvt
95UK,d113,0.46722091136161586,scr1988,avaStIn,bevPsngRoadPrvt
95UK,d114,0.47222289515354826,scr1988,avaStIn,bevPsngRoadPrvt
95UK,d115,0.45053862653839677,scr1988,avaStIn,bevPsngRoadPrvt
95UK,d116,0.44557714599843595,scr1988,avaStIn,bevPsngRoadPrvt
95UK,d117,0.44557714599843595,scr1988,avaStIn,bevPsngRoadPrvt
95UK,d118,0.44557714599843595,scr1988,avaStIn,bevPsngRoadPrvt
95UK,d119,0.44557714599843595,scr1988,avaStIn,bevPsngRoadPrvt
95UK,d120,0.46722091136161586,scr1988,avaStIn,bevPsngRoadPrvt
95UK,d121,0.47222289515354826,scr1988,avaStIn,bevPsngRoadPrvt
95UK,d122,0.45053862653839677,scr1988,avaStIn,bevPsngRoadPrvt
95UK,d123,0.4547536638034571,scr1988,avaStIn,bevPsngRoadPrvt
95UK,d124,0.4432711785319287,scr1988,avaStIn,bevPsngRoadPrvt
95UK,d125,0.4432711785319287,scr1988,avaStIn,bevPsngRoadPrvt
95UK,d126,0.4432711785319287,scr1988,avaStIn,bevPsngRoadPrvt
95UK,d127,0.44413811018389965,scr1988,avaStIn,bevPsngRoadPrvt
95UK,d128,0.43646102703319944,scr1988,avaStIn,bevPsngRoadPrvt
95UK,d129,0.4353950159570614,scr1988,avaStIn,bevPsngRoadPrvt
95UK,d130,0.4432711785319287,scr1988,avaStIn,bevPsngRoadPrvt
95UK,d131,0.4432711785319287,scr1988,avaStIn,bevPsngRoadPrvt
95UK,d132,0.4432711785319287,scr1988,avaStIn,bevPsngRoadPrvt
95UK,d133,0.4432711785319287,scr1988,avaStIn,bevPsngRoadPrvt
95UK,d134,0.44413811018389965,scr1988,avaStIn,bevPsngRoadPrvt
95UK,d135,0.43646102703319944,scr1988,avaStIn,bevPsngRoadPrvt
95UK,d136,0.4353950159570614,scr1988,avaStIn,bevPsngRoadPrvt
95UK,d137,0.4432711785319287,scr1988,avaStIn,bevPsngRoadPrvt
95UK,d138,0.4432711785319287,scr1988,avaStIn,bevPsngRoadPrvt
95UK,d139,0.4432711785319287,scr1988,avaStIn,bevPsngRoadPrvt
95UK,d140,0.4432711785319287,scr1988,avaStIn,bevPsngRoadPrvt
95UK,d141,0.44413811018389965,scr1988,avaStIn,bevPsngRoadPrvt
95UK,d142,0.43646102703319944,scr1988,avaStIn,bevPsngRoadPrvt
95UK,d143,0.4353950159570614,scr1988,avaStIn,bevPsngRoadPrvt
95UK,d144,0.4432711785319287,scr1988,avaStIn,bevPsngRoadPrvt
95UK,d145,0.4432711785319287,scr1988,avaStIn,bevPsngRoadPrvt
95UK,d146,0.4432711785319287,scr1988,avaStIn,bevPsngRoadPrvt
95UK,d147,0.4432711785319287,scr1988,avaStIn,bevPsngRoadPrvt
95UK,d148,0.44413811018389965,scr1988,avaStIn,bevPsngRoadPrvt
95UK,d149,0.43646102703319944,scr1988,avaStIn,bevPsngRoadPrvt
95UK,d150,0.4353950159570614,scr1988,avaStIn,bevPsngRoadPrvt
95UK,d151,0.4432711785319287,scr1988,avaStIn,bevPsngRoadPrvt
95UK,d152,0.4432711785319287,scr1988,avaStIn,bevPsngRoadPrvt
95UK,d153,0.4432711785319287,scr1988,avaStIn,bevPsngRoadPrvt
95UK,d154,0.4379237182393594,scr1988,avaStIn,bevPsngRoadPrvt
95UK,d155,0.4442433302373707,scr1988,avaStIn,bevPsngRoadPrvt
95UK,d156,0.4453986384192496,scr1988,avaStIn,bevPsngRoadPrvt
95UK,d157,0.4451846334488831,scr1988,avaStIn,bevPsngRoadPrvt
95UK,d158,0.44406748886780784,scr1988,avaStIn,bevPsngRoadPrvt
95UK,d159,0.44406748886780784,scr1988,avaStIn,bevPsngRoadPrvt
95UK,d160,0.44406748886780784,scr1988,avaStIn,bevPsngRoadPrvt
95UK,d161,0.44406748886780784,scr1988,avaStIn,bevPsngRoadPrvt
95UK,d162,0.4442433302373707,scr1988,avaStIn,bevPsngRoadPrvt
95UK,d163,0.4453986384192496,scr1988,avaStIn,bevPsngRoadPrvt
95UK,d164,0.4451846334488831,scr1988,avaStIn,bevPsngRoadPrvt
95UK,d165,0.44406748886780784,scr1988,avaStIn,bevPsngRoadPrvt
95UK,d166,0.44406748886780784,scr1988,avaStIn,bevPsngRoadPrvt
95UK,d167,0.44406748886780784,scr1988,avaStIn,bevPsngRoadPrvt
95UK,d168,0.44406748886780784,scr1988,avaStIn,bevPsngRoadPrvt
95UK,d169,0.4442433302373707,scr1988,avaStIn,bevPsngRoadPrvt
95UK,d170,0.4453986384192496,scr1988,avaStIn,bevPsngRoadPrvt
95UK,d171,0.4451846334488831,scr1988,avaStIn,bevPsngRoadPrvt
95UK,d172,0.44406748886780784,scr1988,avaStIn,bevPsngRoadPrvt
95UK,d173,0.44406748886780784,scr1988,avaStIn,bevPsngRoadPrvt
95UK,d174,0.44406748886780784,scr1988,avaStIn,bevPsngRoadPrvt
95UK,d175,0.44406748886780784,scr1988,avaStIn,bevPsngRoadPrvt
95UK,d176,0.4442433302373707,scr1988,avaStIn,bevPsngRoadPrvt
95UK,d177,0.4453986384192496,scr1988,avaStIn,bevPsngRoadPrvt
95UK,d178,0.4451846334488831,scr1988,avaStIn,bevPsngRoadPrvt
95UK,d179,0.44406748886780784,scr1988,avaStIn,bevPsngRoadPrvt
95UK,d180,0.44406748886780784,scr1988,avaStIn,bevPsngRoadPrvt
95UK,d181,0.44406748886780784,scr1988,avaStIn,bevPsngRoadPrvt
95UK,d182,0.44406748886780784,scr1988,avaStIn,bevPsngRoadPrvt
96IE,d092,0.39695079066339795,scr1988,avaStIn,bevPsngRoadPrvt
96IE,d093,0.44230048575854214,scr1988,avaStIn,bevPsngRoadPrvt
96IE,d094,0.44557714599843595,scr1988,avaStIn,bevPsngRoadPrvt
96IE,d095,0.44557714599843595,scr1988,avaStIn,bevPsngRoadPrvt
96IE,d096,0.44557714599843595,scr1988,avaStIn,bevPsngRoadPrvt
96IE,d097,0.44557714599843595,scr1988,avaStIn,bevPsngRoadPrvt
96IE,d098,0.44557714599843595,scr1988,avaStIn,bevPsngRoadPrvt
96IE,d099,0.46722091136161586,scr1988,avaStIn,bevPsngRoadPrvt
96IE,d100,0.47222289515354826,scr1988,avaStIn,bevPsngRoadPrvt
96IE,d101,0.45053862653839677,scr1988,avaStIn,bevPsngRoadPrvt
96IE,d102,0.44557714599843595,scr1988,avaStIn,bevPsngRoadPrvt
96IE,d103,0.44557714599843595,scr1988,avaStIn,bevPsngRoadPrvt
96IE,d104,0.44557714599843595,scr1988,avaStIn,bevPsngRoadPrvt
96IE,d105,0.44557714599843595,scr1988,avaStIn,bevPsngRoadPrvt
96IE,d106,0.46722091136161586,scr1988,avaStIn,bevPsngRoadPrvt
96IE,d107,0.47222289515354826,scr1988,avaStIn,bevPsngRoadPrvt
96IE,d108,0.45053862653839677,scr1988,avaStIn,bevPsngRoadPrvt
96IE,d109,0.44557714599843595,scr1988,avaStIn,bevPsngRoadPrvt
96IE,d110,0.44557714599843595,scr1988,avaStIn,bevPsngRoadPrvt
96IE,d111,0.44557714599843595,scr1988,avaStIn,bevPsngRoadPrvt
96IE,d112,0.44557714599843595,scr1988,avaStIn,bevPsngRoadPrvt
96IE,d113,0.46722091136161586,scr1988,avaStIn,bevPsngRoadPrvt
96IE,d114,0.47222289515354826,scr1988,avaStIn,bevPsngRoadPrvt
96IE,d115,0.45053862653839677,scr1988,avaStIn,bevPsngRoadPrvt
96IE,d116,0.44557714599843595,scr1988,avaStIn,bevPsngRoadPrvt
96IE,d117,0.44557714599843595,scr1988,avaStIn,bevPsngRoadPrvt
96IE,d118,0.44557714599843595,scr1988,avaStIn,bevPsngRoadPrvt
96IE,d119,0.44557714599843595,scr1988,avaStIn,bevPsngRoadPrvt
96IE,d120,0.46722091136161586,scr1988,avaStIn,bevPsngRoadPrvt
96IE,d121,0.47222289515354826,scr1988,avaStIn,bevPsngRoadPrvt
96IE,d122,0.45053862653839677,scr1988,avaStIn,bevPsngRoadPrvt
96IE,d123,0.4547536638034571,scr1988,avaStIn,bevPsngRoadPrvt
96IE,d124,0.4432711785319287,scr1988,avaStIn,bevPsngRoadPrvt
96IE,d125,0.4432711785319287,scr1988,avaStIn,bevPsngRoadPrvt
96IE,d126,0.4432711785319287,scr1988,avaStIn,bevPsngRoadPrvt
96IE,d127,0.44413811018389965,scr1988,avaStIn,bevPsngRoadPrvt
96IE,d128,0.43646102703319944,scr1988,avaStIn,bevPsngRoadPrvt
96IE,d129,0.4353950159570614,scr1988,avaStIn,bevPsngRoadPrvt
96IE,d130,0.4432711785319287,scr1988,avaStIn,bevPsngRoadPrvt
96IE,d131,0.4432711785319287,scr1988,avaStIn,bevPsngRoadPrvt
96IE,d132,0.4432711785319287,scr1988,avaStIn,bevPsngRoadPrvt
96IE,d133,0.4432711785319287,scr1988,avaStIn,bevPsngRoadPrvt
96IE,d134,0.44413811018389965,scr1988,avaStIn,bevPsngRoadPrvt
96IE,d135,0.43646102703319944,scr1988,avaStIn,bevPsngRoadPrvt
96IE,d136,0.4353950159570614,scr1988,avaStIn,bevPsngRoadPrvt
96IE,d137,0.4432711785319287,scr1988,avaStIn,bevPsngRoadPrvt
96IE,d138,0.4432711785319287,scr1988,avaStIn,bevPsngRoadPrvt
96IE,d139,0.4432711785319287,scr1988,avaStIn,bevPsngRoadPrvt
96IE,d140,0.4432711785319287,scr1988,avaStIn,bevPsngRoadPrvt
96IE,d141,0.44413811018389965,scr1988,avaStIn,bevPsngRoadPrvt
96IE,d142,0.43646102703319944,scr1988,avaStIn,bevPsngRoadPrvt
96IE,d143,0.4353950159570614,scr1988,avaStIn,bevPsngRoadPrvt
96IE,d144,0.4432711785319287,scr1988,avaStIn,bevPsngRoadPrvt
96IE,d145,0.4432711785319287,scr1988,avaStIn,bevPsngRoadPrvt
96IE,d146,0.4432711785319287,scr1988,avaStIn,bevPsngRoadPrvt
96IE,d147,0.4432711785319287,scr1988,avaStIn,bevPsngRoadPrvt
96IE,d148,0.44413811018389965,scr1988,avaStIn,bevPsngRoadPrvt
96IE,d149,0.43646102703319944,scr1988,avaStIn,bevPsngRoadPrvt
96IE,d150,0.4353950159570614,scr1988,avaStIn,bevPsngRoadPrvt
96IE,d151,0.4432711785319287,scr1988,avaStIn,bevPsngRoadPrvt
96IE,d152,0.4432711785319287,scr1988,avaStIn,bevPsngRoadPrvt
96IE,d153,0.4432711785319287,scr1988,avaStIn,bevPsngRoadPrvt
96IE,d154,0.4379237182393594,scr1988,avaStIn,bevPsngRoadPrvt
96IE,d155,0.4442433302373707,scr1988,avaStIn,bevPsngRoadPrvt
96IE,d156,0.4453986384192496,scr1988,avaStIn,bevPsngRoadPrvt
96IE,d157,0.4451846334488831,scr1988,avaStIn,bevPsngRoadPrvt
96IE,d158,0.44406748886780784,scr1988,avaStIn,bevPsngRoadPrvt
96IE,d159,0.44406748886780784,scr1988,avaStIn,bevPsngRoadPrvt
96IE,d160,0.44406748886780784,scr1988,avaStIn,bevPsngRoadPrvt
96IE,d161,0.44406748886780784,scr1988,avaStIn,bevPsngRoadPrvt
96IE,d162,0.4442433302373707,scr1988,avaStIn,bevPsngRoadPrvt
96IE,d163,0.4453986384192496,scr1988,avaStIn,bevPsngRoadPrvt
96IE,d164,0.4451846334488831,scr1988,avaStIn,bevPsngRoadPrvt
96IE,d165,0.44406748886780784,scr1988,avaStIn,bevPsngRoadPrvt
96IE,d166,0.44406748886780784,scr1988,avaStIn,bevPsngRoadPrvt
96IE,d167,0.44406748886780784,scr1988,avaStIn,bevPsngRoadPrvt
96IE,d168,0.44406748886780784,scr1988,avaStIn,bevPsngRoadPrvt
96IE,d169,0.4442433302373707,scr1988,avaStIn,bevPsngRoadPrvt
96IE,d170,0.4453986384192496,scr1988,avaStIn,bevPsngRoadPrvt
96IE,d171,0.4451846334488831,scr1988,avaStIn,bevPsngRoadPrvt
96IE,d172,0.44406748886780784,scr1988,avaStIn,bevPsngRoadPrvt
96IE,d173,0.44406748886780784,scr1988,avaStIn,bevPsngRoadPrvt
96IE,d174,0.44406748886780784,scr1988,avaStIn,bevPsngRoadPrvt
96IE,d175,0.44406748886780784,scr1988,avaStIn,bevPsngRoadPrvt
96IE,d176,0.4442433302373707,scr1988,avaStIn,bevPsngRoadPrvt
96IE,d177,0.4453986384192496,scr1988,avaStIn,bevPsngRoadPrvt
96IE,d178,0.4451846334488831,scr1988,avaStIn,bevPsngRoadPrvt
96IE,d179,0.44406748886780784,scr1988,avaStIn,bevPsngRoadPrvt
96IE,d180,0.44406748886780784,scr1988,avaStIn,bevPsngRoadPrvt
96IE,d181,0.44406748886780784,scr1988,avaStIn,bevPsngRoadPrvt
96IE,d182,0.44406748886780784,scr1988,avaStIn,bevPsngRoadPrvt
98IT,d092,0.39695079066339795,scr1988,avaStIn,bevPsngRoadPrvt
98IT,d093,0.44230048575854214,scr1988,avaStIn,bevPsngRoadPrvt
98IT,d094,0.44557714599843595,scr1988,avaStIn,bevPsngRoadPrvt
98IT,d095,0.44557714599843595,scr1988,avaStIn,bevPsngRoadPrvt
98IT,d096,0.44557714599843595,scr1988,avaStIn,bevPsngRoadPrvt
98IT,d097,0.44557714599843595,scr1988,avaStIn,bevPsngRoadPrvt
98IT,d098,0.44557714599843595,scr1988,avaStIn,bevPsngRoadPrvt
98IT,d099,0.46722091136161586,scr1988,avaStIn,bevPsngRoadPrvt
98IT,d100,0.47222289515354826,scr1988,avaStIn,bevPsngRoadPrvt
98IT,d101,0.45053862653839677,scr1988,avaStIn,bevPsngRoadPrvt
98IT,d102,0.44557714599843595,scr1988,avaStIn,bevPsngRoadPrvt
98IT,d103,0.44557714599843595,scr1988,avaStIn,bevPsngRoadPrvt
98IT,d104,0.44557714599843595,scr1988,avaStIn,bevPsngRoadPrvt
98IT,d105,0.44557714599843595,scr1988,avaStIn,bevPsngRoadPrvt
98IT,d106,0.46722091136161586,scr1988,avaStIn,bevPsngRoadPrvt
98IT,d107,0.47222289515354826,scr1988,avaStIn,bevPsngRoadPrvt
98IT,d108,0.45053862653839677,scr1988,avaStIn,bevPsngRoadPrvt
98IT,d109,0.44557714599843595,scr1988,avaStIn,bevPsngRoadPrvt
98IT,d110,0.44557714599843595,scr1988,avaStIn,bevPsngRoadPrvt
98IT,d111,0.44557714599843595,scr1988,avaStIn,bevPsngRoadPrvt
98IT,d112,0.44557714599843595,scr1988,avaStIn,bevPsngRoadPrvt
98IT,d113,0.46722091136161586,scr1988,avaStIn,bevPsngRoadPrvt
98IT,d114,0.47222289515354826,scr1988,avaStIn,bevPsngRoadPrvt
98IT,d115,0.45053862653839677,scr1988,avaStIn,bevPsngRoadPrvt
98IT,d116,0.44557714599843595,scr1988,avaStIn,bevPsngRoadPrvt
98IT,d117,0.44557714599843595,scr1988,avaStIn,bevPsngRoadPrvt
98IT,d118,0.44557714599843595,scr1988,avaStIn,bevPsngRoadPrvt
98IT,d119,0.44557714599843595,scr1988,avaStIn,bevPsngRoadPrvt
98IT,d120,0.46722091136161586,scr1988,avaStIn,bevPsngRoadPrvt
98IT,d121,0.47222289515354826,scr1988,avaStIn,bevPsngRoadPrvt
98IT,d122,0.45053862653839677,scr1988,avaStIn,bevPsngRoadPrvt
98IT,d123,0.4547536638034571,scr1988,avaStIn,bevPsngRoadPrvt
98IT,d124,0.4432711785319287,scr1988,avaStIn,bevPsngRoadPrvt
98IT,d125,0.4432711785319287,scr1988,avaStIn,bevPsngRoadPrvt
98IT,d126,0.4432711785319287,scr1988,avaStIn,bevPsngRoadPrvt
98IT,d127,0.44413811018389965,scr1988,avaStIn,bevPsngRoadPrvt
98IT,d128,0.43646102703319944,scr1988,avaStIn,bevPsngRoadPrvt
98IT,d129,0.4353950159570614,scr1988,avaStIn,bevPsngRoadPrvt
98IT,d130,0.4432711785319287,scr1988,avaStIn,bevPsngRoadPrvt
98IT,d131,0.4432711785319287,scr1988,avaStIn,bevPsngRoadPrvt
98IT,d132,0.4432711785319287,scr1988,avaStIn,bevPsngRoadPrvt
98IT,d133,0.4432711785319287,scr1988,avaStIn,bevPsngRoadPrvt
98IT,d134,0.44413811018389965,scr1988,avaStIn,bevPsngRoadPrvt
98IT,d135,0.43646102703319944,scr1988,avaStIn,bevPsngRoadPrvt
98IT,d136,0.4353950159570614,scr1988,avaStIn,bevPsngRoadPrvt
98IT,d137,0.4432711785319287,scr1988,avaStIn,bevPsngRoadPrvt
98IT,d138,0.4432711785319287,scr1988,avaStIn,bevPsngRoadPrvt
98IT,d139,0.4432711785319287,scr1988,avaStIn,bevPsngRoadPrvt
98IT,d140,0.4432711785319287,scr1988,avaStIn,bevPsngRoadPrvt
98IT,d141,0.44413811018389965,scr1988,avaStIn,bevPsngRoadPrvt
98IT,d142,0.43646102703319944,scr1988,avaStIn,bevPsngRoadPrvt
98IT,d143,0.4353950159570614,scr1988,avaStIn,bevPsngRoadPrvt
98IT,d144,0.4432711785319287,scr1988,avaStIn,bevPsngRoadPrvt
98IT,d145,0.4432711785319287,scr1988,avaStIn,bevPsngRoadPrvt
98IT,d146,0.4432711785319287,scr1988,avaStIn,bevPsngRoadPrvt
98IT,d147,0.4432711785319287,scr1988,avaStIn,bevPsngRoadPrvt
98IT,d148,0.44413811018389965,scr1988,avaStIn,bevPsngRoadPrvt
98IT,d149,0.43646102703319944,scr1988,avaStIn,bevPsngRoadPrvt
98IT,d150,0.4353950159570614,scr1988,avaStIn,bevPsngRoadPrvt
98IT,d151,0.4432711785319287,scr1988,avaStIn,bevPsngRoadPrvt
98IT,d152,0.4432711785319287,scr1988,avaStIn,bevPsngRoadPrvt
98IT,d153,0.4432711785319287,scr1988,avaStIn,bevPsngRoadPrvt
98IT,d154,0.4379237182393594,scr1988,avaStIn,bevPsngRoadPrvt
98IT,d155,0.4442433302373707,scr1988,avaStIn,bevPsngRoadPrvt
98IT,d156,0.4453986384192496,scr1988,avaStIn,bevPsngRoadPrvt
98IT,d157,0.4451846334488831,scr1988,avaStIn,bevPsngRoadPrvt
98IT,d158,0.44406748886780784,scr1988,avaStIn,bevPsngRoadPrvt
98IT,d159,0.44406748886780784,scr1988,avaStIn,bevPsngRoadPrvt
98IT,d160,0.44406748886780784,scr1988,avaStIn,bevPsngRoadPrvt
98IT,d161,0.44406748886780784,scr1988,avaStIn,bevPsngRoadPrvt
98IT,d162,0.4442433302373707,scr1988,avaStIn,bevPsngRoadPrvt
98IT,d163,0.4453986384192496,scr1988,avaStIn,bevPsngRoadPrvt
98IT,d164,0.4451846334488831,scr1988,avaStIn,bevPsngRoadPrvt
98IT,d165,0.44406748886780784,scr1988,avaStIn,bevPsngRoadPrvt
98IT,d166,0.44406748886780784,scr1988,avaStIn,bevPsngRoadPrvt
98IT,d167,0.44406748886780784,scr1988,avaStIn,bevPsngRoadPrvt
98IT,d168,0.44406748886780784,scr1988,avaStIn,bevPsngRoadPrvt
98IT,d169,0.4442433302373707,scr1988,avaStIn,bevPsngRoadPrvt
98IT,d170,0.4453986384192496,scr1988,avaStIn,bevPsngRoadPrvt
98IT,d171,0.4451846334488831,scr1988,avaStIn,bevPsngRoadPrvt
98IT,d172,0.44406748886780784,scr1988,avaStIn,bevPsngRoadPrvt
98IT,d173,0.44406748886780784,scr1988,avaStIn,bevPsngRoadPrvt
98IT,d174,0.44406748886780784,scr1988,avaStIn,bevPsngRoadPrvt
98IT,d175,0.44406748886780784,scr1988,avaStIn,bevPsngRoadPrvt
98IT,d176,0.4442433302373707,scr1988,avaStIn,bevPsngRoadPrvt
98IT,d177,0.4453986384192496,scr1988,avaStIn,bevPsngRoadPrvt
98IT,d178,0.4451846334488831,scr1988,avaStIn,bevPsngRoadPrvt
98IT,d179,0.44406748886780784,scr1988,avaStIn,bevPsngRoadPrvt
98IT,d180,0.44406748886780784,scr1988,avaStIn,bevPsngRoadPrvt
98IT,d181,0.44406748886780784,scr1988,avaStIn,bevPsngRoadPrvt
98IT,d182,0.44406748886780784,scr1988,avaStIn,bevPsngRoadPrvt
99FR,d092,0.39695079066339795,scr1988,avaStIn,bevPsngRoadPrvt
99FR,d093,0.44230048575854214,scr1988,avaStIn,bevPsngRoadPrvt
99FR,d094,0.44557714599843595,scr1988,avaStIn,bevPsngRoadPrvt
99FR,d095,0.44557714599843595,scr1988,avaStIn,bevPsngRoadPrvt
99FR,d096,0.44557714599843595,scr1988,avaStIn,bevPsngRoadPrvt
99FR,d097,0.44557714599843595,scr1988,avaStIn,bevPsngRoadPrvt
99FR,d098,0.44557714599843595,scr1988,avaStIn,bevPsngRoadPrvt
99FR,d099,0.46722091136161586,scr1988,avaStIn,bevPsngRoadPrvt
99FR,d100,0.47222289515354826,scr1988,avaStIn,bevPsngRoadPrvt
99FR,d101,0.45053862653839677,scr1988,avaStIn,bevPsngRoadPrvt
99FR,d102,0.44557714599843595,scr1988,avaStIn,bevPsngRoadPrvt
99FR,d103,0.44557714599843595,scr1988,avaStIn,bevPsngRoadPrvt
99FR,d104,0.44557714599843595,scr1988,avaStIn,bevPsngRoadPrvt
99FR,d105,0.44557714599843595,scr1988,avaStIn,bevPsngRoadPrvt
99FR,d106,0.46722091136161586,scr1988,avaStIn,bevPsngRoadPrvt
99FR,d107,0.47222289515354826,scr1988,avaStIn,bevPsngRoadPrvt
99FR,d108,0.45053862653839677,scr1988,avaStIn,bevPsngRoadPrvt
99FR,d109,0.44557714599843595,scr1988,avaStIn,bevPsngRoadPrvt
99FR,d110,0.44557714599843595,scr1988,avaStIn,bevPsngRoadPrvt
99FR,d111,0.44557714599843595,scr1988,avaStIn,bevPsngRoadPrvt
99FR,d112,0.44557714599843595,scr1988,avaStIn,bevPsngRoadPrvt
99FR,d113,0.46722091136161586,scr1988,avaStIn,bevPsngRoadPrvt
99FR,d114,0.47222289515354826,scr1988,avaStIn,bevPsngRoadPrvt
99FR,d115,0.45053862653839677,scr1988,avaStIn,bevPsngRoadPrvt
99FR,d116,0.44557714599843595,scr1988,avaStIn,bevPsngRoadPrvt
99FR,d117,0.44557714599843595,scr1988,avaStIn,bevPsngRoadPrvt
99FR,d118,0.44557714599843595,scr1988,avaStIn,bevPsngRoadPrvt
99FR,d119,0.44557714599843595,scr1988,avaStIn,bevPsngRoadPrvt
99FR,d120,0.46722091136161586,scr1988,avaStIn,bevPsngRoadPrvt
99FR,d121,0.47222289515354826,scr1988,avaStIn,bevPsngRoadPrvt
99FR,d122,0.45053862653839677,scr1988,avaStIn,bevPsngRoadPrvt
99FR,d123,0.4547536638034571,scr1988,avaStIn,bevPsngRoadPrvt
99FR,d124,0.4432711785319287,scr1988,avaStIn,bevPsngRoadPrvt
99FR,d125,0.4432711785319287,scr1988,avaStIn,bevPsngRoadPrvt
99FR,d126,0.4432711785319287,scr1988,avaStIn,bevPsngRoadPrvt
99FR,d127,0.44413811018389965,scr1988,avaStIn,bevPsngRoadPrvt
99FR,d128,0.43646102703319944,scr1988,avaStIn,bevPsngRoadPrvt
99FR,d129,0.4353950159570614,scr1988,avaStIn,bevPsngRoadPrvt
99FR,d130,0.4432711785319287,scr1988,avaStIn,bevPsngRoadPrvt
99FR,d131,0.4432711785319287,scr1988,avaStIn,bevPsngRoadPrvt
99FR,d132,0.4432711785319287,scr1988,avaStIn,bevPsngRoadPrvt
99FR,d133,0.4432711785319287,scr1988,avaStIn,bevPsngRoadPrvt
99FR,d134,0.44413811018389965,scr1988,avaStIn,bevPsngRoadPrvt
99FR,d135,0.43646102703319944,scr1988,avaStIn,bevPsngRoadPrvt
99FR,d136,0.4353950159570614,scr1988,avaStIn,bevPsngRoadPrvt
99FR,d137,0.4432711785319287,scr1988,avaStIn,bevPsngRoadPrvt
99FR,d138,0.4432711785319287,scr1988,avaStIn,bevPsngRoadPrvt
99FR,d139,0.4432711785319287,scr1988,avaStIn,bevPsngRoadPrvt
99FR,d140,0.4432711785319287,scr1988,avaStIn,bevPsngRoadPrvt
99FR,d141,0.44413811018389965,scr1988,avaStIn,bevPsngRoadPrvt
99FR,d142,0.43646102703319944,scr1988,avaStIn,bevPsngRoadPrvt
99FR,d143,0.4353950159570614,scr1988,avaStIn,bevPsngRoadPrvt
99FR,d144,0.4432711785319287,scr1988,avaStIn,bevPsngRoadPrvt
99FR,d145,0.4432711785319287,scr1988,avaStIn,bevPsngRoadPrvt
99FR,d146,0.4432711785319287,scr1988,avaStIn,bevPsngRoadPrvt
99FR,d147,0.4432711785319287,scr1988,avaStIn,bevPsngRoadPrvt
99FR,d148,0.44413811018389965,scr1988,avaStIn,bevPsngRoadPrvt
99FR,d149,0.43646102703319944,scr1988,avaStIn,bevPsngRoadPrvt
99FR,d150,0.4353950159570614,scr1988,avaStIn,bevPsngRoadPrvt
99FR,d151,0.4432711785319287,scr1988,avaStIn,bevPsngRoadPrvt
99FR,d152,0.4432711785319287,scr1988,avaStIn,bevPsngRoadPrvt
99FR,d153,0.4432711785319287,scr1988,avaStIn,bevPsngRoadPrvt
99FR,d154,0.4379237182393594,scr1988,avaStIn,bevPsngRoadPrvt
99FR,d155,0.4442433302373707,scr1988,avaStIn,bevPsngRoadPrvt
99FR,d156,0.4453986384192496,scr1988,avaStIn,bevPsngRoadPrvt
99FR,d157,0.4451846334488831,scr1988,avaStIn,bevPsngRoadPrvt
99FR,d158,0.44406748886780784,scr1988,avaStIn,bevPsngRoadPrvt
99FR,d159,0.44406748886780784,scr1988,avaStIn,bevPsngRoadPrvt
99FR,d160,0.44406748886780784,scr1988,avaStIn,bevPsngRoadPrvt
99FR,d161,0.44406748886780784,scr1988,avaStIn,bevPsngRoadPrvt
99FR,d162,0.4442433302373707,scr1988,avaStIn,bevPsngRoadPrvt
99FR,d163,0.4453986384192496,scr1988,avaStIn,bevPsngRoadPrvt
99FR,d164,0.4451846334488831,scr1988,avaStIn,bevPsngRoadPrvt
99FR,d165,0.44406748886780784,scr1988,avaStIn,bevPsngRoadPrvt
99FR,d166,0.44406748886780784,scr1988,avaStIn,bevPsngRoadPrvt
99FR,d167,0.44406748886780784,scr1988,avaStIn,bevPsngRoadPrvt
99FR,d168,0.44406748886780784,scr1988,avaStIn,bevPsngRoadPrvt
99FR,d169,0.4442433302373707,scr1988,avaStIn,bevPsngRoadPrvt
99FR,d170,0.4453986384192496,scr1988,avaStIn,bevPsngRoadPrvt
99FR,d171,0.4451846334488831,scr1988,avaStIn,bevPsngRoadPrvt
99FR,d172,0.44406748886780784,scr1988,avaStIn,bevPsngRoadPrvt
99FR,d173,0.44406748886780784,scr1988,avaStIn,bevPsngRoadPrvt
99FR,d174,0.44406748886780784,scr1988,avaStIn,bevPsngRoadPrvt
99FR,d175,0.44406748886780784,scr1988,avaStIn,bevPsngRoadPrvt
99FR,d176,0.4442433302373707,scr1988,avaStIn,bevPsngRoadPrvt
99FR,d177,0.4453986384192496,scr1988,avaStIn,bevPsngRoadPrvt
99FR,d178,0.4451846334488831,scr1988,avaStIn,bevPsngRoadPrvt
99FR,d179,0.44406748886780784,scr1988,avaStIn,bevPsngRoadPrvt
99FR,d180,0.44406748886780784,scr1988,avaStIn,bevPsngRoadPrvt
99FR,d181,0.44406748886780784,scr1988,avaStIn,bevPsngRoadPrvt
99FR,d182,0.44406748886780784,scr1988,avaStIn,bevPsngRoadPrvt
