region_2,timestep_6,value,scenario_1,parameter,technology_3
AL,h0049,0.45078649623747874,scr1987,avaConv,runOfRiver
AL,h0050,0.4552705794019874,scr1987,avaConv,runOfRiver
AL,h0051,0.4385252263021824,scr1987,avaConv,runOfRiver
AL,h0052,0.41640246079332327,scr1987,avaConv,runOfRiver
AL,h0053,0.404188255124854,scr1987,avaConv,runOfRiver
AL,h0054,0.40536193960145106,scr1987,avaConv,runOfRiver
AL,h0055,0.3687439137438992,scr1987,avaConv,runOfRiver
AL,h0056,0.2914219648475057,scr1987,avaConv,runOfRiver
AL,h0057,0.27480764081389664,scr1987,avaConv,runOfRiver
AL,h0058,0.2695870096994353,scr1987,avaConv,runOfRiver
AL,h0059,0.2755757835155905,scr1987,avaConv,runOfRiver
AL,h0060,0.22108145308523164,scr1987,avaConv,runOfRiver
AL,h0061,0.17376051287579752,scr1987,avaConv,runOfRiver
AL,h0062,0.13937188814314855,scr1987,avaConv,runOfRiver
AL,h0063,0.10972220544260171,scr1987,avaConv,runOfRiver
AL,h0064,0.09040593885181343,scr1987,avaConv,runOfRiver
AL,h0065,0.0708562151426323,scr1987,avaConv,runOfRiver
AL,h0066,0.05554271004717874,scr1987,avaConv,runOfRiver
AL,h0067,0.0434505575441591,scr1987,avaConv,runOfRiver
AL,h0068,0.03610387408780127,scr1987,avaConv,runOfRiver
AL,h0069,0.03228383302067633,scr1987,avaConv,runOfRiver
AL,h0070,0.04633644592674742,scr1987,avaConv,runOfRiver
AL,h0071,0.05078781662965974,scr1987,avaConv,runOfRiver
AL,h0072,0.050504606463869214,scr1987,avaConv,runOfRiver
AT,h0049,0.6838574922561929,scr1987,avaConv,runOfRiver
AT,h0050,0.7050433814931548,scr1987,avaConv,runOfRiver
AT,h0051,0.6946543906681899,scr1987,avaConv,runOfRiver
AT,h0052,0.7120585150949479,scr1987,avaConv,runOfRiver
AT,h0053,0.768171762891121,scr1987,avaConv,runOfRiver
AT,h0054,0.8427709908144305,scr1987,avaConv,runOfRiver
AT,h0055,0.8967146620214724,scr1987,avaConv,runOfRiver
AT,h0056,0.8609397727348302,scr1987,avaConv,runOfRiver
AT,h0057,0.8051831517846537,scr1987,avaConv,runOfRiver
AT,h0058,0.7397892706552294,scr1987,avaConv,runOfRiver
AT,h0059,0.7499558460231477,scr1987,avaConv,runOfRiver
AT,h0060,0.8038227285710301,scr1987,avaConv,runOfRiver
AT,h0061,0.8769452917801258,scr1987,avaConv,runOfRiver
AT,h0062,0.8717133736572643,scr1987,avaConv,runOfRiver
AT,h0063,0.8720320963265545,scr1987,avaConv,runOfRiver
AT,h0064,0.8318448761720729,scr1987,avaConv,runOfRiver
AT,h0065,0.8301749804226843,scr1987,avaConv,runOfRiver
AT,h0066,0.814153345135774,scr1987,avaConv,runOfRiver
AT,h0067,0.7809736098986052,scr1987,avaConv,runOfRiver
AT,h0068,0.7686688442388897,scr1987,avaConv,runOfRiver
AT,h0069,0.7391155337104582,scr1987,avaConv,runOfRiver
AT,h0070,0.7585134379437702,scr1987,avaConv,runOfRiver
AT,h0071,0.7456565482573916,scr1987,avaConv,runOfRiver
AT,h0072,0.7529439073478501,scr1987,avaConv,runOfRiver
BA,h0049,0.5671229830101766,scr1987,avaConv,runOfRiver
BA,h0050,0.5799809968697112,scr1987,avaConv,runOfRiver
BA,h0051,0.5555949409844833,scr1987,avaConv,runOfRiver
BA,h0052,0.5298798739637929,scr1987,avaConv,runOfRiver
BA,h0053,0.44743011810292616,scr1987,avaConv,runOfRiver
BA,h0054,0.4243481186455745,scr1987,avaConv,runOfRiver
BA,h0055,0.4042114476330298,scr1987,avaConv,runOfRiver
BA,h0056,0.3496907912553552,scr1987,avaConv,runOfRiver
BA,h0057,0.31408056036556414,scr1987,avaConv,runOfRiver
BA,h0058,0.27218468321453404,scr1987,avaConv,runOfRiver
BA,h0059,0.2618387850451913,scr1987,avaConv,runOfRiver
BA,h0060,0.2291751197691579,scr1987,avaConv,runOfRiver
BA,h0061,0.19430707103762734,scr1987,avaConv,runOfRiver
BA,h0062,0.16527384648150206,scr1987,avaConv,runOfRiver
BA,h0063,0.14527307377199095,scr1987,avaConv,runOfRiver
BA,h0064,0.13695444988254288,scr1987,avaConv,runOfRiver
BA,h0065,0.1319002563709481,scr1987,avaConv,runOfRiver
BA,h0066,0.1272611292354489,scr1987,avaConv,runOfRiver
BA,h0067,0.12433469824824832,scr1987,avaConv,runOfRiver
BA,h0068,0.12015436022219657,scr1987,avaConv,runOfRiver
BA,h0069,0.11203336410708647,scr1987,avaConv,runOfRiver
BA,h0070,0.09727225292869862,scr1987,avaConv,runOfRiver
BA,h0071,0.09042549440752083,scr1987,avaConv,runOfRiver
BA,h0072,0.08691106740611654,scr1987,avaConv,runOfRiver
BE,h0049,0.2942820153140513,scr1987,avaConv,runOfRiver
BE,h0050,0.295713918226035,scr1987,avaConv,runOfRiver
BE,h0051,0.2930873243797659,scr1987,avaConv,runOfRiver
BE,h0052,0.2909335652368329,scr1987,avaConv,runOfRiver
BE,h0053,0.28613201335592287,scr1987,avaConv,runOfRiver
BE,h0054,0.2870940383402132,scr1987,avaConv,runOfRiver
BE,h0055,0.30355616264940577,scr1987,avaConv,runOfRiver
BE,h0056,0.32513363453858113,scr1987,avaConv,runOfRiver
BE,h0057,0.35676683975147006,scr1987,avaConv,runOfRiver
BE,h0058,0.36285993935402494,scr1987,avaConv,runOfRiver
BE,h0059,0.358349437150147,scr1987,avaConv,runOfRiver
BE,h0060,0.32722273784694067,scr1987,avaConv,runOfRiver
BE,h0061,0.2988099606967053,scr1987,avaConv,runOfRiver
BE,h0062,0.26842002340716575,scr1987,avaConv,runOfRiver
BE,h0063,0.25388045345247096,scr1987,avaConv,runOfRiver
BE,h0064,0.24690633897821873,scr1987,avaConv,runOfRiver
BE,h0065,0.270619924848931,scr1987,avaConv,runOfRiver
BE,h0066,0.2887755134854566,scr1987,avaConv,runOfRiver
BE,h0067,0.3313897046075285,scr1987,avaConv,runOfRiver
BE,h0068,0.33807210550825506,scr1987,avaConv,runOfRiver
BE,h0069,0.35540869566539246,scr1987,avaConv,runOfRiver
BE,h0070,0.3383018586205867,scr1987,avaConv,runOfRiver
BE,h0071,0.32117720349499945,scr1987,avaConv,runOfRiver
BE,h0072,0.2909335652368329,scr1987,avaConv,runOfRiver
BG,h0049,0.6613383781029841,scr1987,avaConv,runOfRiver
BG,h0050,0.6013414105660033,scr1987,avaConv,runOfRiver
BG,h0051,0.5307690496437795,scr1987,avaConv,runOfRiver
BG,h0052,0.46042878797728054,scr1987,avaConv,runOfRiver
BG,h0053,0.34565088031822616,scr1987,avaConv,runOfRiver
BG,h0054,0.26019586301661896,scr1987,avaConv,runOfRiver
BG,h0055,0.19498699768121833,scr1987,avaConv,runOfRiver
BG,h0056,0.1522608116741576,scr1987,avaConv,runOfRiver
BG,h0057,0.12471689406337719,scr1987,avaConv,runOfRiver
BG,h0058,0.1087097583017527,scr1987,avaConv,runOfRiver
BG,h0059,0.09324822107727287,scr1987,avaConv,runOfRiver
BG,h0060,0.08000524556118957,scr1987,avaConv,runOfRiver
BG,h0061,0.0954385744105096,scr1987,avaConv,runOfRiver
BG,h0062,0.10738508927535273,scr1987,avaConv,runOfRiver
BG,h0063,0.1161302593393995,scr1987,avaConv,runOfRiver
BG,h0064,0.09242800551038757,scr1987,avaConv,runOfRiver
BG,h0065,0.0781878640174957,scr1987,avaConv,runOfRiver
BG,h0066,0.06783866535461394,scr1987,avaConv,runOfRiver
BG,h0067,0.060924121812200346,scr1987,avaConv,runOfRiver
BG,h0068,0.05598927320447354,scr1987,avaConv,runOfRiver
BG,h0069,0.054511607789014954,scr1987,avaConv,runOfRiver
BG,h0070,0.05557858248292956,scr1987,avaConv,runOfRiver
BG,h0071,0.05534169609809607,scr1987,avaConv,runOfRiver
BG,h0072,0.05545535555681621,scr1987,avaConv,runOfRiver
CH,h0049,0.632625277304605,scr1987,avaConv,runOfRiver
CH,h0050,0.6379370152970287,scr1987,avaConv,runOfRiver
CH,h0051,0.6432476841256252,scr1987,avaConv,runOfRiver
CH,h0052,0.6480303698914207,scr1987,avaConv,runOfRiver
CH,h0053,0.6528121994745224,scr1987,avaConv,runOfRiver
CH,h0054,0.657593178122944,scr1987,avaConv,runOfRiver
CH,h0055,0.6633268428017995,scr1987,avaConv,runOfRiver
CH,h0056,0.6719310600015755,scr1987,avaConv,runOfRiver
CH,h0057,0.6834071395559398,scr1987,avaConv,runOfRiver
CH,h0058,0.6967912594589085,scr1987,avaConv,runOfRiver
CH,h0059,0.7101690508550518,scr1987,avaConv,runOfRiver
CH,h0060,0.723540615214838,scr1987,avaConv,runOfRiver
CH,h0061,0.7383902829873261,scr1987,avaConv,runOfRiver
CH,h0062,0.7532325153086921,scr1987,avaConv,runOfRiver
CH,h0063,0.7680674383118751,scr1987,avaConv,runOfRiver
CH,h0064,0.7814131177933867,scr1987,avaConv,runOfRiver
CH,h0065,0.7912696522153406,scr1987,avaConv,runOfRiver
CH,h0066,0.7906698471944471,scr1987,avaConv,runOfRiver
CH,h0067,0.7796130991529224,scr1987,avaConv,runOfRiver
CH,h0068,0.7615792934767907,scr1987,avaConv,runOfRiver
CH,h0069,0.7435347813145621,scr1987,avaConv,runOfRiver
CH,h0070,0.7254793392731598,scr1987,avaConv,runOfRiver
CH,h0071,0.7074127345819134,scr1987,avaConv,runOfRiver
CH,h0072,0.6893347244925256,scr1987,avaConv,runOfRiver
CZ,h0049,0.31476338888927524,scr1987,avaConv,runOfRiver
CZ,h0050,0.33186636059173547,scr1987,avaConv,runOfRiver
CZ,h0051,0.36254553919222876,scr1987,avaConv,runOfRiver
CZ,h0052,0.3758482744390077,scr1987,avaConv,runOfRiver
CZ,h0053,0.3894255405685685,scr1987,avaConv,runOfRiver
CZ,h0054,0.3608674208215823,scr1987,avaConv,runOfRiver
CZ,h0055,0.3335666543469302,scr1987,avaConv,runOfRiver
CZ,h0056,0.29447619662794444,scr1987,avaConv,runOfRiver
CZ,h0057,0.2817652076815808,scr1987,avaConv,runOfRiver
CZ,h0058,0.2714240037080771,scr1987,avaConv,runOfRiver
CZ,h0059,0.2734333862829665,scr1987,avaConv,runOfRiver
CZ,h0060,0.27545284338778736,scr1987,avaConv,runOfRiver
CZ,h0061,0.25188615237431694,scr1987,avaConv,runOfRiver
CZ,h0062,0.22981279121727108,scr1987,avaConv,runOfRiver
CZ,h0063,0.20704612979247722,scr1987,avaConv,runOfRiver
CZ,h0064,0.20482883425190365,scr1987,avaConv,runOfRiver
CZ,h0065,0.19401424752105698,scr1987,avaConv,runOfRiver
CZ,h0066,0.18574417022811937,scr1987,avaConv,runOfRiver
CZ,h0067,0.18068342195882325,scr1987,avaConv,runOfRiver
CZ,h0068,0.18358540928881786,scr1987,avaConv,runOfRiver
CZ,h0069,0.18653526414548605,scr1987,avaConv,runOfRiver
CZ,h0070,0.2004822518598535,scr1987,avaConv,runOfRiver
CZ,h0071,0.21537095220844577,scr1987,avaConv,runOfRiver
CZ,h0072,0.23050079157633852,scr1987,avaConv,runOfRiver
DE,h0049,0.7764221344803053,scr1987,avaConv,runOfRiver
DE,h0050,0.7520022102825501,scr1987,avaConv,runOfRiver
DE,h0051,0.7563981529238231,scr1987,avaConv,runOfRiver
DE,h0052,0.7836111967182346,scr1987,avaConv,runOfRiver
DE,h0053,0.8049287384208912,scr1987,avaConv,runOfRiver
DE,h0054,0.7774969828683602,scr1987,avaConv,runOfRiver
DE,h0055,0.6979676060289857,scr1987,avaConv,runOfRiver
DE,h0056,0.6179845342535222,scr1987,avaConv,runOfRiver
DE,h0057,0.5800664529491706,scr1987,avaConv,runOfRiver
DE,h0058,0.5625582806897933,scr1987,avaConv,runOfRiver
DE,h0059,0.5536764602341095,scr1987,avaConv,runOfRiver
DE,h0060,0.5279002606453538,scr1987,avaConv,runOfRiver
DE,h0061,0.510758271747326,scr1987,avaConv,runOfRiver
DE,h0062,0.5247286218744922,scr1987,avaConv,runOfRiver
DE,h0063,0.5188068935879013,scr1987,avaConv,runOfRiver
DE,h0064,0.5078708890494306,scr1987,avaConv,runOfRiver
DE,h0065,0.443939540203834,scr1987,avaConv,runOfRiver
DE,h0066,0.363102170378055,scr1987,avaConv,runOfRiver
DE,h0067,0.34290466880980985,scr1987,avaConv,runOfRiver
DE,h0068,0.36609624006525365,scr1987,avaConv,runOfRiver
DE,h0069,0.4455362883989081,scr1987,avaConv,runOfRiver
DE,h0070,0.4667460309515617,scr1987,avaConv,runOfRiver
DE,h0071,0.4769270125914679,scr1987,avaConv,runOfRiver
DE,h0072,0.47349726464626013,scr1987,avaConv,runOfRiver
ES,h0049,0.19034194098091972,scr1987,avaConv,runOfRiver
ES,h0050,0.19870038834077397,scr1987,avaConv,runOfRiver
ES,h0051,0.20469370910713597,scr1987,avaConv,runOfRiver
ES,h0052,0.1953866210735013,scr1987,avaConv,runOfRiver
ES,h0053,0.18378530597312093,scr1987,avaConv,runOfRiver
ES,h0054,0.1710781389645154,scr1987,avaConv,runOfRiver
ES,h0055,0.17118265800535032,scr1987,avaConv,runOfRiver
ES,h0056,0.16929223412965755,scr1987,avaConv,runOfRiver
ES,h0057,0.17358118180013454,scr1987,avaConv,runOfRiver
ES,h0058,0.17392516043168538,scr1987,avaConv,runOfRiver
ES,h0059,0.18053109777604714,scr1987,avaConv,runOfRiver
ES,h0060,0.18346798148795584,scr1987,avaConv,runOfRiver
ES,h0061,0.18464486278277686,scr1987,avaConv,runOfRiver
ES,h0062,0.18568761087118568,scr1987,avaConv,runOfRiver
ES,h0063,0.1893304541011423,scr1987,avaConv,runOfRiver
ES,h0064,0.18277656473327009,scr1987,avaConv,runOfRiver
ES,h0065,0.18224446608364075,scr1987,avaConv,runOfRiver
ES,h0066,0.17842004651812138,scr1987,avaConv,runOfRiver
ES,h0067,0.18655148400697452,scr1987,avaConv,runOfRiver
ES,h0068,0.20157305095328015,scr1987,avaConv,runOfRiver
ES,h0069,0.21191595886555809,scr1987,avaConv,runOfRiver
ES,h0070,0.21654795718003,scr1987,avaConv,runOfRiver
ES,h0071,0.20696535123797072,scr1987,avaConv,runOfRiver
ES,h0072,0.18383581404861993,scr1987,avaConv,runOfRiver
FR,h0049,0.2715817807737627,scr1987,avaConv,runOfRiver
FR,h0050,0.26735224127535684,scr1987,avaConv,runOfRiver
FR,h0051,0.31126734119428723,scr1987,avaConv,runOfRiver
FR,h0052,0.39402768012239375,scr1987,avaConv,runOfRiver
FR,h0053,0.5175197411453688,scr1987,avaConv,runOfRiver
FR,h0054,0.5721369267429508,scr1987,avaConv,runOfRiver
FR,h0055,0.6093400210789722,scr1987,avaConv,runOfRiver
FR,h0056,0.5959919139402566,scr1987,avaConv,runOfRiver
FR,h0057,0.5876750213501828,scr1987,avaConv,runOfRiver
FR,h0058,0.521285493761007,scr1987,avaConv,runOfRiver
FR,h0059,0.46181799036301036,scr1987,avaConv,runOfRiver
FR,h0060,0.42924576420805244,scr1987,avaConv,runOfRiver
FR,h0061,0.4326841266039811,scr1987,avaConv,runOfRiver
FR,h0062,0.45409202403090504,scr1987,avaConv,runOfRiver
FR,h0063,0.4427148071753257,scr1987,avaConv,runOfRiver
FR,h0064,0.3948935673764582,scr1987,avaConv,runOfRiver
FR,h0065,0.3366515024246755,scr1987,avaConv,runOfRiver
FR,h0066,0.3150442001086846,scr1987,avaConv,runOfRiver
FR,h0067,0.30277207804632744,scr1987,avaConv,runOfRiver
FR,h0068,0.288181214848888,scr1987,avaConv,runOfRiver
FR,h0069,0.2577600671369803,scr1987,avaConv,runOfRiver
FR,h0070,0.24895375830012334,scr1987,avaConv,runOfRiver
FR,h0071,0.23117494083419365,scr1987,avaConv,runOfRiver
FR,h0072,0.21102990113280268,scr1987,avaConv,runOfRiver
GR,h0049,0.34774782972281937,scr1987,avaConv,runOfRiver
GR,h0050,0.33597768884142476,scr1987,avaConv,runOfRiver
GR,h0051,0.30533333950022423,scr1987,avaConv,runOfRiver
GR,h0052,0.28620116216779934,scr1987,avaConv,runOfRiver
GR,h0053,0.26662494267684944,scr1987,avaConv,runOfRiver
GR,h0054,0.3126885965064181,scr1987,avaConv,runOfRiver
GR,h0055,0.3564001507499679,scr1987,avaConv,runOfRiver
GR,h0056,0.3832634723360171,scr1987,avaConv,runOfRiver
GR,h0057,0.36823997974172795,scr1987,avaConv,runOfRiver
GR,h0058,0.37837204761795973,scr1987,avaConv,runOfRiver
GR,h0059,0.40308083077577983,scr1987,avaConv,runOfRiver
GR,h0060,0.4271300999498642,scr1987,avaConv,runOfRiver
GR,h0061,0.433949006747157,scr1987,avaConv,runOfRiver
GR,h0062,0.4407175473884417,scr1987,avaConv,runOfRiver
GR,h0063,0.45718052829810407,scr1987,avaConv,runOfRiver
GR,h0064,0.4668231498489297,scr1987,avaConv,runOfRiver
GR,h0065,0.4985388974879015,scr1987,avaConv,runOfRiver
GR,h0066,0.5202040487929844,scr1987,avaConv,runOfRiver
GR,h0067,0.5672088808974121,scr1987,avaConv,runOfRiver
GR,h0068,0.5923658125243518,scr1987,avaConv,runOfRiver
GR,h0069,0.6169019460968266,scr1987,avaConv,runOfRiver
GR,h0070,0.5851936236208002,scr1987,avaConv,runOfRiver
GR,h0071,0.5524368363589296,scr1987,avaConv,runOfRiver
GR,h0072,0.530478755510001,scr1987,avaConv,runOfRiver
HR,h0049,0.6691591482584124,scr1987,avaConv,runOfRiver
HR,h0050,0.7161490398903065,scr1987,avaConv,runOfRiver
HR,h0051,0.7250871508557254,scr1987,avaConv,runOfRiver
HR,h0052,0.6892393609169055,scr1987,avaConv,runOfRiver
HR,h0053,0.6680435399237035,scr1987,avaConv,runOfRiver
HR,h0054,0.6416305250004174,scr1987,avaConv,runOfRiver
HR,h0055,0.6195708330658088,scr1987,avaConv,runOfRiver
HR,h0056,0.5990097076253612,scr1987,avaConv,runOfRiver
HR,h0057,0.5835329996643848,scr1987,avaConv,runOfRiver
HR,h0058,0.5681013261249396,scr1987,avaConv,runOfRiver
HR,h0059,0.567055262728671,scr1987,avaConv,runOfRiver
HR,h0060,0.574451198071365,scr1987,avaConv,runOfRiver
HR,h0061,0.5928050438249269,scr1987,avaConv,runOfRiver
HR,h0062,0.5879470598693596,scr1987,avaConv,runOfRiver
HR,h0063,0.5964191614456762,scr1987,avaConv,runOfRiver
HR,h0064,0.5921027120225166,scr1987,avaConv,runOfRiver
HR,h0065,0.5832086414375071,scr1987,avaConv,runOfRiver
HR,h0066,0.5580145343733003,scr1987,avaConv,runOfRiver
HR,h0067,0.5277607075349496,scr1987,avaConv,runOfRiver
HR,h0068,0.5525932025042937,scr1987,avaConv,runOfRiver
HR,h0069,0.5634722854209471,scr1987,avaConv,runOfRiver
HR,h0070,0.5681468369954579,scr1987,avaConv,runOfRiver
HR,h0071,0.5666462918109221,scr1987,avaConv,runOfRiver
HR,h0072,0.6176431437356861,scr1987,avaConv,runOfRiver
HU,h0049,0.6909360986551368,scr1987,avaConv,runOfRiver
HU,h0050,0.6794541247376262,scr1987,avaConv,runOfRiver
HU,h0051,0.7078792815477456,scr1987,avaConv,runOfRiver
HU,h0052,0.7184820977891063,scr1987,avaConv,runOfRiver
HU,h0053,0.7048517778119038,scr1987,avaConv,runOfRiver
HU,h0054,0.6930525464536078,scr1987,avaConv,runOfRiver
HU,h0055,0.6933549301609617,scr1987,avaConv,runOfRiver
HU,h0056,0.6857978945351265,scr1987,avaConv,runOfRiver
HU,h0057,0.6700964883922869,scr1987,avaConv,runOfRiver
HU,h0058,0.6369605114664028,scr1987,avaConv,runOfRiver
HU,h0059,0.6114309056203183,scr1987,avaConv,runOfRiver
HU,h0060,0.5775978079944856,scr1987,avaConv,runOfRiver
HU,h0061,0.5507415186020765,scr1987,avaConv,runOfRiver
HU,h0062,0.5248600344202097,scr1987,avaConv,runOfRiver
HU,h0063,0.5043911601081087,scr1987,avaConv,runOfRiver
HU,h0064,0.4819072108524246,scr1987,avaConv,runOfRiver
HU,h0065,0.4541909747825653,scr1987,avaConv,runOfRiver
HU,h0066,0.42716865094633194,scr1987,avaConv,runOfRiver
HU,h0067,0.4096035480349761,scr1987,avaConv,runOfRiver
HU,h0068,0.4198441519503996,scr1987,avaConv,runOfRiver
HU,h0069,0.4403728755872386,scr1987,avaConv,runOfRiver
HU,h0070,0.4538966900810112,scr1987,avaConv,runOfRiver
HU,h0071,0.4486016555790949,scr1987,avaConv,runOfRiver
HU,h0072,0.4904788601291713,scr1987,avaConv,runOfRiver
IE,h0049,0.1949728191047277,scr1987,avaConv,runOfRiver
IE,h0050,0.1937977626827056,scr1987,avaConv,runOfRiver
IE,h0051,0.20364270138171242,scr1987,avaConv,runOfRiver
IE,h0052,0.23742978841468543,scr1987,avaConv,runOfRiver
IE,h0053,0.26240323431137413,scr1987,avaConv,runOfRiver
IE,h0054,0.27142318997258974,scr1987,avaConv,runOfRiver
IE,h0055,0.25561192822765255,scr1987,avaConv,runOfRiver
IE,h0056,0.24154121152251473,scr1987,avaConv,runOfRiver
IE,h0057,0.23417289807205122,scr1987,avaConv,runOfRiver
IE,h0058,0.22954229372759444,scr1987,avaConv,runOfRiver
IE,h0059,0.24618046976123298,scr1987,avaConv,runOfRiver
IE,h0060,0.25351688505352055,scr1987,avaConv,runOfRiver
IE,h0061,0.24931050640942198,scr1987,avaConv,runOfRiver
IE,h0062,0.22108810720078603,scr1987,avaConv,runOfRiver
IE,h0063,0.21016067440934227,scr1987,avaConv,runOfRiver
IE,h0064,0.20777466192737554,scr1987,avaConv,runOfRiver
IE,h0065,0.22035910271562664,scr1987,avaConv,runOfRiver
IE,h0066,0.2151547675144841,scr1987,avaConv,runOfRiver
IE,h0067,0.20966764451830538,scr1987,avaConv,runOfRiver
IE,h0068,0.1912732962553072,scr1987,avaConv,runOfRiver
IE,h0069,0.1882321261786935,scr1987,avaConv,runOfRiver
IE,h0070,0.18645208713269146,scr1987,avaConv,runOfRiver
IE,h0071,0.18797810810823462,scr1987,avaConv,runOfRiver
IE,h0072,0.17971521881043317,scr1987,avaConv,runOfRiver
IT,h0049,0.31679560964385184,scr1987,avaConv,runOfRiver
IT,h0050,0.305415148663647,scr1987,avaConv,runOfRiver
IT,h0051,0.3127917464041725,scr1987,avaConv,runOfRiver
IT,h0052,0.31431948011578686,scr1987,avaConv,runOfRiver
IT,h0053,0.32883376757892496,scr1987,avaConv,runOfRiver
IT,h0054,0.34706449058517796,scr1987,avaConv,runOfRiver
IT,h0055,0.3577081119136223,scr1987,avaConv,runOfRiver
IT,h0056,0.36219888891530905,scr1987,avaConv,runOfRiver
IT,h0057,0.3467637384146958,scr1987,avaConv,runOfRiver
IT,h0058,0.33857639271608486,scr1987,avaConv,runOfRiver
IT,h0059,0.3411770821060094,scr1987,avaConv,runOfRiver
IT,h0060,0.3650331253362029,scr1987,avaConv,runOfRiver
IT,h0061,0.39883681565857143,scr1987,avaConv,runOfRiver
IT,h0062,0.41380347900110914,scr1987,avaConv,runOfRiver
IT,h0063,0.42024492530706936,scr1987,avaConv,runOfRiver
IT,h0064,0.39691040705055375,scr1987,avaConv,runOfRiver
IT,h0065,0.3833091710801655,scr1987,avaConv,runOfRiver
IT,h0066,0.3692458669513119,scr1987,avaConv,runOfRiver
IT,h0067,0.360008376037805,scr1987,avaConv,runOfRiver
IT,h0068,0.3545219570933399,scr1987,avaConv,runOfRiver
IT,h0069,0.34654463330963936,scr1987,avaConv,runOfRiver
IT,h0070,0.34308840759573567,scr1987,avaConv,runOfRiver
IT,h0071,0.3297930480781414,scr1987,avaConv,runOfRiver
IT,h0072,0.3114047077853984,scr1987,avaConv,runOfRiver
LT,h0049,0.43407749188475464,scr1987,avaConv,runOfRiver
LT,h0050,0.44378884464391977,scr1987,avaConv,runOfRiver
LT,h0051,0.44643898488698086,scr1987,avaConv,runOfRiver
LT,h0052,0.44873200747373976,scr1987,avaConv,runOfRiver
LT,h0053,0.42609980765753397,scr1987,avaConv,runOfRiver
LT,h0054,0.41170350117428867,scr1987,avaConv,runOfRiver
LT,h0055,0.42313597815525916,scr1987,avaConv,runOfRiver
LT,h0056,0.4218341302713786,scr1987,avaConv,runOfRiver
LT,h0057,0.4122901751724004,scr1987,avaConv,runOfRiver
LT,h0058,0.4022396066079922,scr1987,avaConv,runOfRiver
LT,h0059,0.3885899415027091,scr1987,avaConv,runOfRiver
LT,h0060,0.3996823341552367,scr1987,avaConv,runOfRiver
LT,h0061,0.3792020726398754,scr1987,avaConv,runOfRiver
LT,h0062,0.36978256865083203,scr1987,avaConv,runOfRiver
LT,h0063,0.340830251749655,scr1987,avaConv,runOfRiver
LT,h0064,0.3541980866121168,scr1987,avaConv,runOfRiver
LT,h0065,0.35731799090861815,scr1987,avaConv,runOfRiver
LT,h0066,0.35988813988153134,scr1987,avaConv,runOfRiver
LT,h0067,0.33329187118890646,scr1987,avaConv,runOfRiver
LT,h0068,0.3221556393198673,scr1987,avaConv,runOfRiver
LT,h0069,0.3148815198453049,scr1987,avaConv,runOfRiver
LT,h0070,0.31148018480172524,scr1987,avaConv,runOfRiver
LT,h0071,0.3153076715727747,scr1987,avaConv,runOfRiver
LT,h0072,0.3177622721747667,scr1987,avaConv,runOfRiver
LV,h0049,0.1857409776854615,scr1987,avaConv,runOfRiver
LV,h0050,0.16178056134075053,scr1987,avaConv,runOfRiver
LV,h0051,0.13728092061731956,scr1987,avaConv,runOfRiver
LV,h0052,0.17006818501990784,scr1987,avaConv,runOfRiver
LV,h0053,0.2045331060524148,scr1987,avaConv,runOfRiver
LV,h0054,0.23545092093073208,scr1987,avaConv,runOfRiver
LV,h0055,0.18774636805886866,scr1987,avaConv,runOfRiver
LV,h0056,0.14932369886721006,scr1987,avaConv,runOfRiver
LV,h0057,0.16606009149885817,scr1987,avaConv,runOfRiver
LV,h0058,0.2070865113151674,scr1987,avaConv,runOfRiver
LV,h0059,0.23341160539789105,scr1987,avaConv,runOfRiver
LV,h0060,0.18138900681217002,scr1987,avaConv,runOfRiver
LV,h0061,0.14251303214398178,scr1987,avaConv,runOfRiver
LV,h0062,0.1112746578667031,scr1987,avaConv,runOfRiver
LV,h0063,0.08055302159968683,scr1987,avaConv,runOfRiver
LV,h0064,0.05613604994868163,scr1987,avaConv,runOfRiver
LV,h0065,0.04773689487980615,scr1987,avaConv,runOfRiver
LV,h0066,0.06240048325512783,scr1987,avaConv,runOfRiver
LV,h0067,0.07090970926474972,scr1987,avaConv,runOfRiver
LV,h0068,0.05272344737098619,scr1987,avaConv,runOfRiver
LV,h0069,0.034985197714113195,scr1987,avaConv,runOfRiver
LV,h0070,0.01709171564548702,scr1987,avaConv,runOfRiver
LV,h0071,0.01587726850407052,scr1987,avaConv,runOfRiver
LV,h0072,0.013830757233954397,scr1987,avaConv,runOfRiver
ME,h0049,1.1250277284826973,scr1987,avaConv,runOfRiver
ME,h0050,0.9869298265007306,scr1987,avaConv,runOfRiver
ME,h0051,0.7892736125091023,scr1987,avaConv,runOfRiver
ME,h0052,0.7239992398775258,scr1987,avaConv,runOfRiver
ME,h0053,0.6613477859612003,scr1987,avaConv,runOfRiver
ME,h0054,0.5994027817445963,scr1987,avaConv,runOfRiver
ME,h0055,0.5403284390190101,scr1987,avaConv,runOfRiver
ME,h0056,0.41352894964486075,scr1987,avaConv,runOfRiver
ME,h0057,0.34831493683660397,scr1987,avaConv,runOfRiver
ME,h0058,0.25485242476972264,scr1987,avaConv,runOfRiver
ME,h0059,0.223237991481894,scr1987,avaConv,runOfRiver
ME,h0060,0.19385334164803128,scr1987,avaConv,runOfRiver
ME,h0061,0.16369295022744684,scr1987,avaConv,runOfRiver
ME,h0062,0.1364608469562658,scr1987,avaConv,runOfRiver
ME,h0063,0.10808183675593844,scr1987,avaConv,runOfRiver
ME,h0064,0.10402400864905398,scr1987,avaConv,runOfRiver
ME,h0065,0.09983781694446327,scr1987,avaConv,runOfRiver
ME,h0066,0.09959969806364632,scr1987,avaConv,runOfRiver
ME,h0067,0.09939798575017514,scr1987,avaConv,runOfRiver
ME,h0068,0.09943398371908269,scr1987,avaConv,runOfRiver
ME,h0069,0.09946999129193008,scr1987,avaConv,runOfRiver
ME,h0070,0.09214293802022405,scr1987,avaConv,runOfRiver
ME,h0071,0.08524368589470523,scr1987,avaConv,runOfRiver
ME,h0072,0.08285448759570026,scr1987,avaConv,runOfRiver
MK,h0049,0.3423613626452793,scr1987,avaConv,runOfRiver
MK,h0050,0.3009481460107215,scr1987,avaConv,runOfRiver
MK,h0051,0.2688401143781578,scr1987,avaConv,runOfRiver
MK,h0052,0.24409624724039047,scr1987,avaConv,runOfRiver
MK,h0053,0.277392978250934,scr1987,avaConv,runOfRiver
MK,h0054,0.30548600567388534,scr1987,avaConv,runOfRiver
MK,h0055,0.33913113146943125,scr1987,avaConv,runOfRiver
MK,h0056,0.30700714740864293,scr1987,avaConv,runOfRiver
MK,h0057,0.262525615806809,scr1987,avaConv,runOfRiver
MK,h0058,0.24342846737586654,scr1987,avaConv,runOfRiver
MK,h0059,0.23288741164638788,scr1987,avaConv,runOfRiver
MK,h0060,0.27811261107637997,scr1987,avaConv,runOfRiver
MK,h0061,0.25974670068622036,scr1987,avaConv,runOfRiver
MK,h0062,0.259054617504012,scr1987,avaConv,runOfRiver
MK,h0063,0.21199740294334235,scr1987,avaConv,runOfRiver
MK,h0064,0.2064985720454973,scr1987,avaConv,runOfRiver
MK,h0065,0.1802754074305922,scr1987,avaConv,runOfRiver
MK,h0066,0.17583467245203752,scr1987,avaConv,runOfRiver
MK,h0067,0.17091842564916448,scr1987,avaConv,runOfRiver
MK,h0068,0.1741865659744424,scr1987,avaConv,runOfRiver
MK,h0069,0.16396572746050223,scr1987,avaConv,runOfRiver
MK,h0070,0.21384922239870868,scr1987,avaConv,runOfRiver
MK,h0071,0.22009017962024227,scr1987,avaConv,runOfRiver
MK,h0072,0.21571048572900742,scr1987,avaConv,runOfRiver
NL,h0049,0.28950151074647945,scr1987,avaConv,runOfRiver
NL,h0050,0.29100736029798346,scr1987,avaConv,runOfRiver
NL,h0051,0.2884964057609559,scr1987,avaConv,runOfRiver
NL,h0052,0.2864832862254667,scr1987,avaConv,runOfRiver
NL,h0053,0.2819394438554861,scr1987,avaConv,runOfRiver
NL,h0054,0.2824453023198853,scr1987,avaConv,runOfRiver
NL,h0055,0.298504478967361,scr1987,avaConv,runOfRiver
NL,h0056,0.3197105072289904,scr1987,avaConv,runOfRiver
NL,h0057,0.35101879523759316,scr1987,avaConv,runOfRiver
NL,h0058,0.35717978147701124,scr1987,avaConv,runOfRiver
NL,h0059,0.3529179221022205,scr1987,avaConv,runOfRiver
NL,h0060,0.32214987258540495,scr1987,avaConv,runOfRiver
NL,h0061,0.2940125967032906,scr1987,avaConv,runOfRiver
NL,h0062,0.26355916255140255,scr1987,avaConv,runOfRiver
NL,h0063,0.24954791460287365,scr1987,avaConv,runOfRiver
NL,h0064,0.24272886409556246,scr1987,avaConv,runOfRiver
NL,h0065,0.26664591575146,scr1987,avaConv,runOfRiver
NL,h0066,0.28446626198242186,scr1987,avaConv,runOfRiver
NL,h0067,0.32652731042731453,scr1987,avaConv,runOfRiver
NL,h0068,0.33282029113980394,scr1987,avaConv,runOfRiver
NL,h0069,0.3500680761800823,scr1987,avaConv,runOfRiver
NL,h0070,0.3333029181977387,scr1987,avaConv,runOfRiver
NL,h0071,0.31628633763531455,scr1987,avaConv,runOfRiver
NL,h0072,0.28597939742352696,scr1987,avaConv,runOfRiver
PL,h0049,0.512903625949539,scr1987,avaConv,runOfRiver
PL,h0050,0.4615747251592731,scr1987,avaConv,runOfRiver
PL,h0051,0.4075689003397208,scr1987,avaConv,runOfRiver
PL,h0052,0.35970974464247396,scr1987,avaConv,runOfRiver
PL,h0053,0.35070985304021096,scr1987,avaConv,runOfRiver
PL,h0054,0.3532734416559222,scr1987,avaConv,runOfRiver
PL,h0055,0.34949368387686264,scr1987,avaConv,runOfRiver
PL,h0056,0.3261831838936191,scr1987,avaConv,runOfRiver
PL,h0057,0.3002341601537629,scr1987,avaConv,runOfRiver
PL,h0058,0.30203976757346407,scr1987,avaConv,runOfRiver
PL,h0059,0.3165106984878312,scr1987,avaConv,runOfRiver
PL,h0060,0.3224241053893774,scr1987,avaConv,runOfRiver
PL,h0061,0.3159499606732137,scr1987,avaConv,runOfRiver
PL,h0062,0.29151748792074406,scr1987,avaConv,runOfRiver
PL,h0063,0.27200191307236854,scr1987,avaConv,runOfRiver
PL,h0064,0.26347168069836346,scr1987,avaConv,runOfRiver
PL,h0065,0.2573413117715653,scr1987,avaConv,runOfRiver
PL,h0066,0.2801650981344338,scr1987,avaConv,runOfRiver
PL,h0067,0.29769895461350815,scr1987,avaConv,runOfRiver
PL,h0068,0.30401817738307635,scr1987,avaConv,runOfRiver
PL,h0069,0.28251874556690026,scr1987,avaConv,runOfRiver
PL,h0070,0.26952627278566166,scr1987,avaConv,runOfRiver
PL,h0071,0.2633438665274871,scr1987,avaConv,runOfRiver
PL,h0072,0.25508743792679667,scr1987,avaConv,runOfRiver
PT,h0049,0.3175624295496108,scr1987,avaConv,runOfRiver
PT,h0050,0.24933284760468305,scr1987,avaConv,runOfRiver
PT,h0051,0.14513479303272833,scr1987,avaConv,runOfRiver
PT,h0052,0.08177523723937777,scr1987,avaConv,runOfRiver
PT,h0053,0.05312485504772159,scr1987,avaConv,runOfRiver
PT,h0054,0.04778410476662909,scr1987,avaConv,runOfRiver
PT,h0055,0.08131947937596866,scr1987,avaConv,runOfRiver
PT,h0056,0.08185825868096751,scr1987,avaConv,runOfRiver
PT,h0057,0.07169570486066945,scr1987,avaConv,runOfRiver
PT,h0058,0.0450132992794032,scr1987,avaConv,runOfRiver
PT,h0059,0.05189909525881483,scr1987,avaConv,runOfRiver
PT,h0060,0.049781035873164854,scr1987,avaConv,runOfRiver
PT,h0061,0.035404205113409526,scr1987,avaConv,runOfRiver
PT,h0062,0.02262062694767894,scr1987,avaConv,runOfRiver
PT,h0063,0.041021219363730196,scr1987,avaConv,runOfRiver
PT,h0064,0.033175828680405924,scr1987,avaConv,runOfRiver
PT,h0065,0.0304589963250078,scr1987,avaConv,runOfRiver
PT,h0066,0.007104589296527669,scr1987,avaConv,runOfRiver
PT,h0067,0.01668257229438517,scr1987,avaConv,runOfRiver
PT,h0068,0.02507160177608231,scr1987,avaConv,runOfRiver
PT,h0069,0.04056058218810344,scr1987,avaConv,runOfRiver
PT,h0070,0.032640088698029104,scr1987,avaConv,runOfRiver
PT,h0071,0.024219629209574094,scr1987,avaConv,runOfRiver
PT,h0072,0.022373718139989056,scr1987,avaConv,runOfRiver
RO,h0049,0.726976881743937,scr1987,avaConv,runOfRiver
RO,h0050,0.7328687626852797,scr1987,avaConv,runOfRiver
RO,h0051,0.7198910029281259,scr1987,avaConv,runOfRiver
RO,h0052,0.6680591993735137,scr1987,avaConv,runOfRiver
RO,h0053,0.5815893845310565,scr1987,avaConv,runOfRiver
RO,h0054,0.5332648246914793,scr1987,avaConv,runOfRiver
RO,h0055,0.5107534459093288,scr1987,avaConv,runOfRiver
RO,h0056,0.48037904937833287,scr1987,avaConv,runOfRiver
RO,h0057,0.43766138761184104,scr1987,avaConv,runOfRiver
RO,h0058,0.4054761678738272,scr1987,avaConv,runOfRiver
RO,h0059,0.3914195337120985,scr1987,avaConv,runOfRiver
RO,h0060,0.38976669869756925,scr1987,avaConv,runOfRiver
RO,h0061,0.36964531376281345,scr1987,avaConv,runOfRiver
RO,h0062,0.3526971560455543,scr1987,avaConv,runOfRiver
RO,h0063,0.343083193525918,scr1987,avaConv,runOfRiver
RO,h0064,0.3529461424440299,scr1987,avaConv,runOfRiver
RO,h0065,0.35753383900214997,scr1987,avaConv,runOfRiver
RO,h0066,0.3523395685758156,scr1987,avaConv,runOfRiver
RO,h0067,0.3377952639660018,scr1987,avaConv,runOfRiver
RO,h0068,0.3303376126400078,scr1987,avaConv,runOfRiver
RO,h0069,0.32127849151477583,scr1987,avaConv,runOfRiver
RO,h0070,0.30507419714807915,scr1987,avaConv,runOfRiver
RO,h0071,0.29672504712368536,scr1987,avaConv,runOfRiver
RO,h0072,0.298607531042527,scr1987,avaConv,runOfRiver
RS,h0049,0.7014564982228402,scr1987,avaConv,runOfRiver
RS,h0050,0.5754738515216602,scr1987,avaConv,runOfRiver
RS,h0051,0.5143639852854536,scr1987,avaConv,runOfRiver
RS,h0052,0.48994463087069196,scr1987,avaConv,runOfRiver
RS,h0053,0.5201305610678832,scr1987,avaConv,runOfRiver
RS,h0054,0.5291169100635789,scr1987,avaConv,runOfRiver
RS,h0055,0.5353656599280364,scr1987,avaConv,runOfRiver
RS,h0056,0.5302339378520233,scr1987,avaConv,runOfRiver
RS,h0057,0.5273553399312453,scr1987,avaConv,runOfRiver
RS,h0058,0.5215535598675552,scr1987,avaConv,runOfRiver
RS,h0059,0.5101600027105231,scr1987,avaConv,runOfRiver
RS,h0060,0.4903522892884186,scr1987,avaConv,runOfRiver
RS,h0061,0.48080579247710087,scr1987,avaConv,runOfRiver
RS,h0062,0.475178667984046,scr1987,avaConv,runOfRiver
RS,h0063,0.4712819049362889,scr1987,avaConv,runOfRiver
RS,h0064,0.4626383300294014,scr1987,avaConv,runOfRiver
RS,h0065,0.451512275423411,scr1987,avaConv,runOfRiver
RS,h0066,0.4373284086260934,scr1987,avaConv,runOfRiver
RS,h0067,0.42154432249210366,scr1987,avaConv,runOfRiver
RS,h0068,0.4064223761072959,scr1987,avaConv,runOfRiver
RS,h0069,0.40015798083794857,scr1987,avaConv,runOfRiver
RS,h0070,0.38351755350367234,scr1987,avaConv,runOfRiver
RS,h0071,0.37949260649411237,scr1987,avaConv,runOfRiver
RS,h0072,0.37448568324790976,scr1987,avaConv,runOfRiver
SI,h0049,0.7920465260477746,scr1987,avaConv,runOfRiver
SI,h0050,0.7448930984356362,scr1987,avaConv,runOfRiver
SI,h0051,0.7838139361751313,scr1987,avaConv,runOfRiver
SI,h0052,0.803327972768783,scr1987,avaConv,runOfRiver
SI,h0053,0.8446411111216536,scr1987,avaConv,runOfRiver
SI,h0054,0.8392887451024484,scr1987,avaConv,runOfRiver
SI,h0055,0.8189817827242832,scr1987,avaConv,runOfRiver
SI,h0056,0.7355257021644794,scr1987,avaConv,runOfRiver
SI,h0057,0.6357132164232552,scr1987,avaConv,runOfRiver
SI,h0058,0.5327880214004809,scr1987,avaConv,runOfRiver
SI,h0059,0.5191077472781749,scr1987,avaConv,runOfRiver
SI,h0060,0.5784371332802016,scr1987,avaConv,runOfRiver
SI,h0061,0.6638926871232602,scr1987,avaConv,runOfRiver
SI,h0062,0.6415120101735522,scr1987,avaConv,runOfRiver
SI,h0063,0.6191918351901637,scr1987,avaConv,runOfRiver
SI,h0064,0.5616199828153746,scr1987,avaConv,runOfRiver
SI,h0065,0.5564388787156197,scr1987,avaConv,runOfRiver
SI,h0066,0.5223410849159771,scr1987,avaConv,runOfRiver
SI,h0067,0.5000495826325451,scr1987,avaConv,runOfRiver
SI,h0068,0.45138935440701233,scr1987,avaConv,runOfRiver
SI,h0069,0.4005271229789835,scr1987,avaConv,runOfRiver
SI,h0070,0.3884203965187728,scr1987,avaConv,runOfRiver
SI,h0071,0.4386592289943784,scr1987,avaConv,runOfRiver
SI,h0072,0.5193854667306919,scr1987,avaConv,runOfRiver
SK,h0049,0.5016111833303303,scr1987,avaConv,runOfRiver
SK,h0050,0.443152980879532,scr1987,avaConv,runOfRiver
SK,h0051,0.4227853004070402,scr1987,avaConv,runOfRiver
SK,h0052,0.5154516292048218,scr1987,avaConv,runOfRiver
SK,h0053,0.5990934702044848,scr1987,avaConv,runOfRiver
SK,h0054,0.6752767353664485,scr1987,avaConv,runOfRiver
SK,h0055,0.6049009766759118,scr1987,avaConv,runOfRiver
SK,h0056,0.5669363639484131,scr1987,avaConv,runOfRiver
SK,h0057,0.5096128960866536,scr1987,avaConv,runOfRiver
SK,h0058,0.48257259901623006,scr1987,avaConv,runOfRiver
SK,h0059,0.44786075353592425,scr1987,avaConv,runOfRiver
SK,h0060,0.4256928058089617,scr1987,avaConv,runOfRiver
SK,h0061,0.41548437188882176,scr1987,avaConv,runOfRiver
SK,h0062,0.39774523195955314,scr1987,avaConv,runOfRiver
SK,h0063,0.3945800071709065,scr1987,avaConv,runOfRiver
SK,h0064,0.3708126772422329,scr1987,avaConv,runOfRiver
SK,h0065,0.34446805442215994,scr1987,avaConv,runOfRiver
SK,h0066,0.31671711840074473,scr1987,avaConv,runOfRiver
SK,h0067,0.30564779044046875,scr1987,avaConv,runOfRiver
SK,h0068,0.298988364202794,scr1987,avaConv,runOfRiver
SK,h0069,0.2953959456854824,scr1987,avaConv,runOfRiver
SK,h0070,0.2964032440129273,scr1987,avaConv,runOfRiver
SK,h0071,0.30050601394747334,scr1987,avaConv,runOfRiver
SK,h0072,0.309008558078501,scr1987,avaConv,runOfRiver
UK,h0049,0.13785079079596593,scr1987,avaConv,runOfRiver
UK,h0050,0.1508665966610497,scr1987,avaConv,runOfRiver
UK,h0051,0.14615288796244333,scr1987,avaConv,runOfRiver
UK,h0052,0.1374099512504427,scr1987,avaConv,runOfRiver
UK,h0053,0.10710130200831994,scr1987,avaConv,runOfRiver
UK,h0054,0.09237381931529431,scr1987,avaConv,runOfRiver
UK,h0055,0.08370072464407263,scr1987,avaConv,runOfRiver
UK,h0056,0.07272205680318067,scr1987,avaConv,runOfRiver
UK,h0057,0.07074809319704894,scr1987,avaConv,runOfRiver
UK,h0058,0.06548916756457666,scr1987,avaConv,runOfRiver
UK,h0059,0.06837166753097604,scr1987,avaConv,runOfRiver
UK,h0060,0.0789919825661703,scr1987,avaConv,runOfRiver
UK,h0061,0.11053618853827119,scr1987,avaConv,runOfRiver
UK,h0062,0.1436876239423358,scr1987,avaConv,runOfRiver
UK,h0063,0.16552299673391674,scr1987,avaConv,runOfRiver
UK,h0064,0.16128055133596664,scr1987,avaConv,runOfRiver
UK,h0065,0.13608960854231833,scr1987,avaConv,runOfRiver
UK,h0066,0.12794666287341716,scr1987,avaConv,runOfRiver
UK,h0067,0.12380068692070925,scr1987,avaConv,runOfRiver
UK,h0068,0.14336886874026533,scr1987,avaConv,runOfRiver
UK,h0069,0.15089106008466158,scr1987,avaConv,runOfRiver
UK,h0070,0.16215424049646898,scr1987,avaConv,runOfRiver
UK,h0071,0.16803570324635053,scr1987,avaConv,runOfRiver
UK,h0072,0.16962758516601611,scr1987,avaConv,runOfRiver
