region_2,timestep_6,value,scenario_1,parameter,carrier_1
AT,h0241,0.004862901147644739,scr2004,mustOut,psngRail
AT,h0242,0.001086228802711734,scr2004,mustOut,psngRail
AT,h0243,0.0,scr2004,mustOut,psngRail
AT,h0244,0.0,scr2004,mustOut,psngRail
AT,h0245,0.0,scr2004,mustOut,psngRail
AT,h0246,0.0035388391720440637,scr2004,mustOut,psngRail
AT,h0247,0.060755384199463046,scr2004,mustOut,psngRail
AT,h0248,0.2843374460205613,scr2004,mustOut,psngRail
AT,h0249,0.3896923129258389,scr2004,mustOut,psngRail
AT,h0250,0.2848796979935784,scr2004,mustOut,psngRail
AT,h0251,0.09149845950848641,scr2004,mustOut,psngRail
AT,h0252,0.04971415872731768,scr2004,mustOut,psngRail
AT,h0253,0.05451979837452528,scr2004,mustOut,psngRail
AT,h0254,0.06956888070200491,scr2004,mustOut,psngRail
AT,h0255,0.0784454499800861,scr2004,mustOut,psngRail
AT,h0256,0.09367535859313525,scr2004,mustOut,psngRail
AT,h0257,0.16379427406014688,scr2004,mustOut,psngRail
AT,h0258,0.3276393750428485,scr2004,mustOut,psngRail
AT,h0259,0.42644713044098287,scr2004,mustOut,psngRail
AT,h0260,0.3375322899819519,scr2004,mustOut,psngRail
AT,h0261,0.15101399476120136,scr2004,mustOut,psngRail
AT,h0262,0.053915031234408176,scr2004,mustOut,psngRail
AT,h0263,0.021639443912109885,scr2004,mustOut,psngRail
AT,h0264,0.012693861185553879,scr2004,mustOut,psngRail
AT,h0265,0.004862901147644739,scr2004,mustOut,psngRail
AT,h0266,0.001086228802711734,scr2004,mustOut,psngRail
AT,h0267,0.0,scr2004,mustOut,psngRail
AT,h0268,0.0,scr2004,mustOut,psngRail
AT,h0269,0.0,scr2004,mustOut,psngRail
AT,h0270,0.0035388391720440637,scr2004,mustOut,psngRail
AT,h0271,0.060755384199463046,scr2004,mustOut,psngRail
AT,h0272,0.2843374460205613,scr2004,mustOut,psngRail
AT,h0273,0.3896923129258389,scr2004,mustOut,psngRail
AT,h0274,0.2848796979935784,scr2004,mustOut,psngRail
AT,h0275,0.09149845950848641,scr2004,mustOut,psngRail
AT,h0276,0.04971415872731768,scr2004,mustOut,psngRail
AT,h0277,0.09477280640445229,scr2004,mustOut,psngRail
AT,h0278,0.1610659593238804,scr2004,mustOut,psngRail
AT,h0279,0.24641155743439208,scr2004,mustOut,psngRail
AT,h0280,0.2342148840763737,scr2004,mustOut,psngRail
AT,h0281,0.28109626732628007,scr2004,mustOut,psngRail
AT,h0282,0.34016295643376104,scr2004,mustOut,psngRail
AT,h0283,0.4015213375218582,scr2004,mustOut,psngRail
AT,h0284,0.2994351071732558,scr2004,mustOut,psngRail
AT,h0285,0.15101399476120136,scr2004,mustOut,psngRail
AT,h0286,0.053915031234408176,scr2004,mustOut,psngRail
AT,h0287,0.021639443912109885,scr2004,mustOut,psngRail
AT,h0288,0.012693861185553879,scr2004,mustOut,psngRail
BE,h0241,0.004862901147644737,scr2004,mustOut,psngRail
BE,h0242,0.0010862288027117335,scr2004,mustOut,psngRail
BE,h0243,0.0,scr2004,mustOut,psngRail
BE,h0244,0.0,scr2004,mustOut,psngRail
BE,h0245,0.0,scr2004,mustOut,psngRail
BE,h0246,0.0035388391720440632,scr2004,mustOut,psngRail
BE,h0247,0.060755384199463046,scr2004,mustOut,psngRail
BE,h0248,0.2843374460205613,scr2004,mustOut,psngRail
BE,h0249,0.38969231292583884,scr2004,mustOut,psngRail
BE,h0250,0.2848796979935783,scr2004,mustOut,psngRail
BE,h0251,0.09149845950848637,scr2004,mustOut,psngRail
BE,h0252,0.04971415872731767,scr2004,mustOut,psngRail
BE,h0253,0.05451979837452527,scr2004,mustOut,psngRail
BE,h0254,0.06956888070200491,scr2004,mustOut,psngRail
BE,h0255,0.0784454499800861,scr2004,mustOut,psngRail
BE,h0256,0.09367535859313524,scr2004,mustOut,psngRail
BE,h0257,0.16379427406014685,scr2004,mustOut,psngRail
BE,h0258,0.32763937504284846,scr2004,mustOut,psngRail
BE,h0259,0.4264471304409828,scr2004,mustOut,psngRail
BE,h0260,0.33753228998195184,scr2004,mustOut,psngRail
BE,h0261,0.15101399476120134,scr2004,mustOut,psngRail
BE,h0262,0.05391503123440817,scr2004,mustOut,psngRail
BE,h0263,0.021639443912109882,scr2004,mustOut,psngRail
BE,h0264,0.012693861185553875,scr2004,mustOut,psngRail
BE,h0265,0.004862901147644737,scr2004,mustOut,psngRail
BE,h0266,0.0010862288027117335,scr2004,mustOut,psngRail
BE,h0267,0.0,scr2004,mustOut,psngRail
BE,h0268,0.0,scr2004,mustOut,psngRail
BE,h0269,0.0,scr2004,mustOut,psngRail
BE,h0270,0.0035388391720440632,scr2004,mustOut,psngRail
BE,h0271,0.060755384199463046,scr2004,mustOut,psngRail
BE,h0272,0.2843374460205613,scr2004,mustOut,psngRail
BE,h0273,0.38969231292583884,scr2004,mustOut,psngRail
BE,h0274,0.2848796979935783,scr2004,mustOut,psngRail
BE,h0275,0.09149845950848637,scr2004,mustOut,psngRail
BE,h0276,0.04971415872731767,scr2004,mustOut,psngRail
BE,h0277,0.09477280640445224,scr2004,mustOut,psngRail
BE,h0278,0.16106595932388038,scr2004,mustOut,psngRail
BE,h0279,0.24641155743439203,scr2004,mustOut,psngRail
BE,h0280,0.23421488407637367,scr2004,mustOut,psngRail
BE,h0281,0.28109626732628,scr2004,mustOut,psngRail
BE,h0282,0.340162956433761,scr2004,mustOut,psngRail
BE,h0283,0.40152133752185815,scr2004,mustOut,psngRail
BE,h0284,0.2994351071732557,scr2004,mustOut,psngRail
BE,h0285,0.15101399476120134,scr2004,mustOut,psngRail
BE,h0286,0.05391503123440817,scr2004,mustOut,psngRail
BE,h0287,0.021639443912109882,scr2004,mustOut,psngRail
BE,h0288,0.012693861185553875,scr2004,mustOut,psngRail
BG,h0241,0.004862901147644737,scr2004,mustOut,psngRail
BG,h0242,0.0010862288027117335,scr2004,mustOut,psngRail
BG,h0243,0.0,scr2004,mustOut,psngRail
BG,h0244,0.0,scr2004,mustOut,psngRail
BG,h0245,0.0,scr2004,mustOut,psngRail
BG,h0246,0.0035388391720440632,scr2004,mustOut,psngRail
BG,h0247,0.060755384199463046,scr2004,mustOut,psngRail
BG,h0248,0.2843374460205613,scr2004,mustOut,psngRail
BG,h0249,0.38969231292583884,scr2004,mustOut,psngRail
BG,h0250,0.2848796979935783,scr2004,mustOut,psngRail
BG,h0251,0.09149845950848637,scr2004,mustOut,psngRail
BG,h0252,0.04971415872731767,scr2004,mustOut,psngRail
BG,h0253,0.05451979837452527,scr2004,mustOut,psngRail
BG,h0254,0.06956888070200491,scr2004,mustOut,psngRail
BG,h0255,0.0784454499800861,scr2004,mustOut,psngRail
BG,h0256,0.09367535859313524,scr2004,mustOut,psngRail
BG,h0257,0.16379427406014685,scr2004,mustOut,psngRail
BG,h0258,0.32763937504284846,scr2004,mustOut,psngRail
BG,h0259,0.4264471304409828,scr2004,mustOut,psngRail
BG,h0260,0.33753228998195184,scr2004,mustOut,psngRail
BG,h0261,0.15101399476120134,scr2004,mustOut,psngRail
BG,h0262,0.05391503123440817,scr2004,mustOut,psngRail
BG,h0263,0.021639443912109882,scr2004,mustOut,psngRail
BG,h0264,0.012693861185553875,scr2004,mustOut,psngRail
BG,h0265,0.004862901147644737,scr2004,mustOut,psngRail
BG,h0266,0.0010862288027117335,scr2004,mustOut,psngRail
BG,h0267,0.0,scr2004,mustOut,psngRail
BG,h0268,0.0,scr2004,mustOut,psngRail
BG,h0269,0.0,scr2004,mustOut,psngRail
BG,h0270,0.0035388391720440632,scr2004,mustOut,psngRail
BG,h0271,0.060755384199463046,scr2004,mustOut,psngRail
BG,h0272,0.2843374460205613,scr2004,mustOut,psngRail
BG,h0273,0.38969231292583884,scr2004,mustOut,psngRail
BG,h0274,0.2848796979935783,scr2004,mustOut,psngRail
BG,h0275,0.09149845950848637,scr2004,mustOut,psngRail
BG,h0276,0.04971415872731767,scr2004,mustOut,psngRail
BG,h0277,0.09477280640445224,scr2004,mustOut,psngRail
BG,h0278,0.16106595932388038,scr2004,mustOut,psngRail
BG,h0279,0.24641155743439203,scr2004,mustOut,psngRail
BG,h0280,0.23421488407637367,scr2004,mustOut,psngRail
BG,h0281,0.28109626732628,scr2004,mustOut,psngRail
BG,h0282,0.340162956433761,scr2004,mustOut,psngRail
BG,h0283,0.40152133752185815,scr2004,mustOut,psngRail
BG,h0284,0.2994351071732557,scr2004,mustOut,psngRail
BG,h0285,0.15101399476120134,scr2004,mustOut,psngRail
BG,h0286,0.05391503123440817,scr2004,mustOut,psngRail
BG,h0287,0.021639443912109882,scr2004,mustOut,psngRail
BG,h0288,0.012693861185553875,scr2004,mustOut,psngRail
CH,h0241,0.004862901147644737,scr2004,mustOut,psngRail
CH,h0242,0.0010862288027117335,scr2004,mustOut,psngRail
CH,h0243,0.0,scr2004,mustOut,psngRail
CH,h0244,0.0,scr2004,mustOut,psngRail
CH,h0245,0.0,scr2004,mustOut,psngRail
CH,h0246,0.0035388391720440632,scr2004,mustOut,psngRail
CH,h0247,0.060755384199463046,scr2004,mustOut,psngRail
CH,h0248,0.2843374460205613,scr2004,mustOut,psngRail
CH,h0249,0.38969231292583884,scr2004,mustOut,psngRail
CH,h0250,0.2848796979935783,scr2004,mustOut,psngRail
CH,h0251,0.09149845950848637,scr2004,mustOut,psngRail
CH,h0252,0.04971415872731767,scr2004,mustOut,psngRail
CH,h0253,0.05451979837452527,scr2004,mustOut,psngRail
CH,h0254,0.06956888070200491,scr2004,mustOut,psngRail
CH,h0255,0.0784454499800861,scr2004,mustOut,psngRail
CH,h0256,0.09367535859313524,scr2004,mustOut,psngRail
CH,h0257,0.16379427406014685,scr2004,mustOut,psngRail
CH,h0258,0.32763937504284846,scr2004,mustOut,psngRail
CH,h0259,0.4264471304409828,scr2004,mustOut,psngRail
CH,h0260,0.33753228998195184,scr2004,mustOut,psngRail
CH,h0261,0.15101399476120134,scr2004,mustOut,psngRail
CH,h0262,0.05391503123440817,scr2004,mustOut,psngRail
CH,h0263,0.021639443912109882,scr2004,mustOut,psngRail
CH,h0264,0.012693861185553875,scr2004,mustOut,psngRail
CH,h0265,0.004862901147644737,scr2004,mustOut,psngRail
CH,h0266,0.0010862288027117335,scr2004,mustOut,psngRail
CH,h0267,0.0,scr2004,mustOut,psngRail
CH,h0268,0.0,scr2004,mustOut,psngRail
CH,h0269,0.0,scr2004,mustOut,psngRail
CH,h0270,0.0035388391720440632,scr2004,mustOut,psngRail
CH,h0271,0.060755384199463046,scr2004,mustOut,psngRail
CH,h0272,0.2843374460205613,scr2004,mustOut,psngRail
CH,h0273,0.38969231292583884,scr2004,mustOut,psngRail
CH,h0274,0.2848796979935783,scr2004,mustOut,psngRail
CH,h0275,0.09149845950848637,scr2004,mustOut,psngRail
CH,h0276,0.04971415872731767,scr2004,mustOut,psngRail
CH,h0277,0.09477280640445224,scr2004,mustOut,psngRail
CH,h0278,0.16106595932388038,scr2004,mustOut,psngRail
CH,h0279,0.24641155743439203,scr2004,mustOut,psngRail
CH,h0280,0.23421488407637367,scr2004,mustOut,psngRail
CH,h0281,0.28109626732628,scr2004,mustOut,psngRail
CH,h0282,0.340162956433761,scr2004,mustOut,psngRail
CH,h0283,0.40152133752185815,scr2004,mustOut,psngRail
CH,h0284,0.2994351071732557,scr2004,mustOut,psngRail
CH,h0285,0.15101399476120134,scr2004,mustOut,psngRail
CH,h0286,0.05391503123440817,scr2004,mustOut,psngRail
CH,h0287,0.021639443912109882,scr2004,mustOut,psngRail
CH,h0288,0.012693861185553875,scr2004,mustOut,psngRail
CZ,h0241,0.004862901147644737,scr2004,mustOut,psngRail
CZ,h0242,0.0010862288027117335,scr2004,mustOut,psngRail
CZ,h0243,0.0,scr2004,mustOut,psngRail
CZ,h0244,0.0,scr2004,mustOut,psngRail
CZ,h0245,0.0,scr2004,mustOut,psngRail
CZ,h0246,0.0035388391720440632,scr2004,mustOut,psngRail
CZ,h0247,0.060755384199463046,scr2004,mustOut,psngRail
CZ,h0248,0.2843374460205613,scr2004,mustOut,psngRail
CZ,h0249,0.38969231292583884,scr2004,mustOut,psngRail
CZ,h0250,0.2848796979935783,scr2004,mustOut,psngRail
CZ,h0251,0.09149845950848637,scr2004,mustOut,psngRail
CZ,h0252,0.04971415872731767,scr2004,mustOut,psngRail
CZ,h0253,0.05451979837452527,scr2004,mustOut,psngRail
CZ,h0254,0.06956888070200491,scr2004,mustOut,psngRail
CZ,h0255,0.0784454499800861,scr2004,mustOut,psngRail
CZ,h0256,0.09367535859313524,scr2004,mustOut,psngRail
CZ,h0257,0.16379427406014685,scr2004,mustOut,psngRail
CZ,h0258,0.32763937504284846,scr2004,mustOut,psngRail
CZ,h0259,0.4264471304409828,scr2004,mustOut,psngRail
CZ,h0260,0.33753228998195184,scr2004,mustOut,psngRail
CZ,h0261,0.15101399476120134,scr2004,mustOut,psngRail
CZ,h0262,0.05391503123440817,scr2004,mustOut,psngRail
CZ,h0263,0.021639443912109882,scr2004,mustOut,psngRail
CZ,h0264,0.012693861185553875,scr2004,mustOut,psngRail
CZ,h0265,0.004862901147644737,scr2004,mustOut,psngRail
CZ,h0266,0.0010862288027117335,scr2004,mustOut,psngRail
CZ,h0267,0.0,scr2004,mustOut,psngRail
CZ,h0268,0.0,scr2004,mustOut,psngRail
CZ,h0269,0.0,scr2004,mustOut,psngRail
CZ,h0270,0.0035388391720440632,scr2004,mustOut,psngRail
CZ,h0271,0.060755384199463046,scr2004,mustOut,psngRail
CZ,h0272,0.2843374460205613,scr2004,mustOut,psngRail
CZ,h0273,0.38969231292583884,scr2004,mustOut,psngRail
CZ,h0274,0.2848796979935783,scr2004,mustOut,psngRail
CZ,h0275,0.09149845950848637,scr2004,mustOut,psngRail
CZ,h0276,0.04971415872731767,scr2004,mustOut,psngRail
CZ,h0277,0.09477280640445224,scr2004,mustOut,psngRail
CZ,h0278,0.16106595932388038,scr2004,mustOut,psngRail
CZ,h0279,0.24641155743439203,scr2004,mustOut,psngRail
CZ,h0280,0.23421488407637367,scr2004,mustOut,psngRail
CZ,h0281,0.28109626732628,scr2004,mustOut,psngRail
CZ,h0282,0.340162956433761,scr2004,mustOut,psngRail
CZ,h0283,0.40152133752185815,scr2004,mustOut,psngRail
CZ,h0284,0.2994351071732557,scr2004,mustOut,psngRail
CZ,h0285,0.15101399476120134,scr2004,mustOut,psngRail
CZ,h0286,0.05391503123440817,scr2004,mustOut,psngRail
CZ,h0287,0.021639443912109882,scr2004,mustOut,psngRail
CZ,h0288,0.012693861185553875,scr2004,mustOut,psngRail
DE,h0241,0.004862901147644734,scr2004,mustOut,psngRail
DE,h0242,0.0010862288027117327,scr2004,mustOut,psngRail
DE,h0243,0.0,scr2004,mustOut,psngRail
DE,h0244,0.0,scr2004,mustOut,psngRail
DE,h0245,0.0,scr2004,mustOut,psngRail
DE,h0246,0.0035388391720440598,scr2004,mustOut,psngRail
DE,h0247,0.06075538419946302,scr2004,mustOut,psngRail
DE,h0248,0.28433744602056116,scr2004,mustOut,psngRail
DE,h0249,0.3896923129258386,scr2004,mustOut,psngRail
DE,h0250,0.28487969799357815,scr2004,mustOut,psngRail
DE,h0251,0.09149845950848635,scr2004,mustOut,psngRail
DE,h0252,0.049714158727317645,scr2004,mustOut,psngRail
DE,h0253,0.054519798374525245,scr2004,mustOut,psngRail
DE,h0254,0.06956888070200487,scr2004,mustOut,psngRail
DE,h0255,0.07844544998008607,scr2004,mustOut,psngRail
DE,h0256,0.09367535859313522,scr2004,mustOut,psngRail
DE,h0257,0.16379427406014677,scr2004,mustOut,psngRail
DE,h0258,0.3276393750428483,scr2004,mustOut,psngRail
DE,h0259,0.4264471304409826,scr2004,mustOut,psngRail
DE,h0260,0.33753228998195167,scr2004,mustOut,psngRail
DE,h0261,0.15101399476120128,scr2004,mustOut,psngRail
DE,h0262,0.053915031234408134,scr2004,mustOut,psngRail
DE,h0263,0.02163944391210987,scr2004,mustOut,psngRail
DE,h0264,0.012693861185553866,scr2004,mustOut,psngRail
DE,h0265,0.004862901147644734,scr2004,mustOut,psngRail
DE,h0266,0.0010862288027117327,scr2004,mustOut,psngRail
DE,h0267,0.0,scr2004,mustOut,psngRail
DE,h0268,0.0,scr2004,mustOut,psngRail
DE,h0269,0.0,scr2004,mustOut,psngRail
DE,h0270,0.0035388391720440598,scr2004,mustOut,psngRail
DE,h0271,0.06075538419946302,scr2004,mustOut,psngRail
DE,h0272,0.28433744602056116,scr2004,mustOut,psngRail
DE,h0273,0.3896923129258386,scr2004,mustOut,psngRail
DE,h0274,0.28487969799357815,scr2004,mustOut,psngRail
DE,h0275,0.09149845950848635,scr2004,mustOut,psngRail
DE,h0276,0.049714158727317645,scr2004,mustOut,psngRail
DE,h0277,0.09477280640445215,scr2004,mustOut,psngRail
DE,h0278,0.1610659593238803,scr2004,mustOut,psngRail
DE,h0279,0.24641155743439191,scr2004,mustOut,psngRail
DE,h0280,0.23421488407637353,scr2004,mustOut,psngRail
DE,h0281,0.2810962673262799,scr2004,mustOut,psngRail
DE,h0282,0.3401629564337608,scr2004,mustOut,psngRail
DE,h0283,0.401521337521858,scr2004,mustOut,psngRail
DE,h0284,0.29943510717325567,scr2004,mustOut,psngRail
DE,h0285,0.15101399476120128,scr2004,mustOut,psngRail
DE,h0286,0.053915031234408134,scr2004,mustOut,psngRail
DE,h0287,0.02163944391210987,scr2004,mustOut,psngRail
DE,h0288,0.012693861185553866,scr2004,mustOut,psngRail
GR,h0241,0.004862901147644737,scr2004,mustOut,psngRail
GR,h0242,0.0010862288027117335,scr2004,mustOut,psngRail
GR,h0243,0.0,scr2004,mustOut,psngRail
GR,h0244,0.0,scr2004,mustOut,psngRail
GR,h0245,0.0,scr2004,mustOut,psngRail
GR,h0246,0.0035388391720440632,scr2004,mustOut,psngRail
GR,h0247,0.060755384199463046,scr2004,mustOut,psngRail
GR,h0248,0.2843374460205613,scr2004,mustOut,psngRail
GR,h0249,0.38969231292583884,scr2004,mustOut,psngRail
GR,h0250,0.2848796979935783,scr2004,mustOut,psngRail
GR,h0251,0.09149845950848637,scr2004,mustOut,psngRail
GR,h0252,0.04971415872731767,scr2004,mustOut,psngRail
GR,h0253,0.05451979837452527,scr2004,mustOut,psngRail
GR,h0254,0.06956888070200491,scr2004,mustOut,psngRail
GR,h0255,0.0784454499800861,scr2004,mustOut,psngRail
GR,h0256,0.09367535859313524,scr2004,mustOut,psngRail
GR,h0257,0.16379427406014685,scr2004,mustOut,psngRail
GR,h0258,0.32763937504284846,scr2004,mustOut,psngRail
GR,h0259,0.4264471304409828,scr2004,mustOut,psngRail
GR,h0260,0.33753228998195184,scr2004,mustOut,psngRail
GR,h0261,0.15101399476120134,scr2004,mustOut,psngRail
GR,h0262,0.05391503123440817,scr2004,mustOut,psngRail
GR,h0263,0.021639443912109882,scr2004,mustOut,psngRail
GR,h0264,0.012693861185553875,scr2004,mustOut,psngRail
GR,h0265,0.004862901147644737,scr2004,mustOut,psngRail
GR,h0266,0.0010862288027117335,scr2004,mustOut,psngRail
GR,h0267,0.0,scr2004,mustOut,psngRail
GR,h0268,0.0,scr2004,mustOut,psngRail
GR,h0269,0.0,scr2004,mustOut,psngRail
GR,h0270,0.0035388391720440632,scr2004,mustOut,psngRail
GR,h0271,0.060755384199463046,scr2004,mustOut,psngRail
GR,h0272,0.2843374460205613,scr2004,mustOut,psngRail
GR,h0273,0.38969231292583884,scr2004,mustOut,psngRail
GR,h0274,0.2848796979935783,scr2004,mustOut,psngRail
GR,h0275,0.09149845950848637,scr2004,mustOut,psngRail
GR,h0276,0.04971415872731767,scr2004,mustOut,psngRail
GR,h0277,0.09477280640445224,scr2004,mustOut,psngRail
GR,h0278,0.16106595932388038,scr2004,mustOut,psngRail
GR,h0279,0.24641155743439203,scr2004,mustOut,psngRail
GR,h0280,0.23421488407637367,scr2004,mustOut,psngRail
GR,h0281,0.28109626732628,scr2004,mustOut,psngRail
GR,h0282,0.340162956433761,scr2004,mustOut,psngRail
GR,h0283,0.40152133752185815,scr2004,mustOut,psngRail
GR,h0284,0.2994351071732557,scr2004,mustOut,psngRail
GR,h0285,0.15101399476120134,scr2004,mustOut,psngRail
GR,h0286,0.05391503123440817,scr2004,mustOut,psngRail
GR,h0287,0.021639443912109882,scr2004,mustOut,psngRail
GR,h0288,0.012693861185553875,scr2004,mustOut,psngRail
ES,h0241,0.004862901147644734,scr2004,mustOut,psngRail
ES,h0242,0.0010862288027117329,scr2004,mustOut,psngRail
ES,h0243,0.0,scr2004,mustOut,psngRail
ES,h0244,0.0,scr2004,mustOut,psngRail
ES,h0245,0.0,scr2004,mustOut,psngRail
ES,h0246,0.0035388391720440615,scr2004,mustOut,psngRail
ES,h0247,0.06075538419946302,scr2004,mustOut,psngRail
ES,h0248,0.28433744602056116,scr2004,mustOut,psngRail
ES,h0249,0.3896923129258386,scr2004,mustOut,psngRail
ES,h0250,0.28487969799357815,scr2004,mustOut,psngRail
ES,h0251,0.09149845950848635,scr2004,mustOut,psngRail
ES,h0252,0.049714158727317645,scr2004,mustOut,psngRail
ES,h0253,0.054519798374525245,scr2004,mustOut,psngRail
ES,h0254,0.06956888070200487,scr2004,mustOut,psngRail
ES,h0255,0.07844544998008607,scr2004,mustOut,psngRail
ES,h0256,0.09367535859313522,scr2004,mustOut,psngRail
ES,h0257,0.16379427406014677,scr2004,mustOut,psngRail
ES,h0258,0.3276393750428483,scr2004,mustOut,psngRail
ES,h0259,0.4264471304409826,scr2004,mustOut,psngRail
ES,h0260,0.33753228998195167,scr2004,mustOut,psngRail
ES,h0261,0.15101399476120128,scr2004,mustOut,psngRail
ES,h0262,0.053915031234408134,scr2004,mustOut,psngRail
ES,h0263,0.02163944391210987,scr2004,mustOut,psngRail
ES,h0264,0.01269386118555387,scr2004,mustOut,psngRail
ES,h0265,0.004862901147644734,scr2004,mustOut,psngRail
ES,h0266,0.0010862288027117329,scr2004,mustOut,psngRail
ES,h0267,0.0,scr2004,mustOut,psngRail
ES,h0268,0.0,scr2004,mustOut,psngRail
ES,h0269,0.0,scr2004,mustOut,psngRail
ES,h0270,0.0035388391720440615,scr2004,mustOut,psngRail
ES,h0271,0.06075538419946302,scr2004,mustOut,psngRail
ES,h0272,0.28433744602056116,scr2004,mustOut,psngRail
ES,h0273,0.3896923129258386,scr2004,mustOut,psngRail
ES,h0274,0.28487969799357815,scr2004,mustOut,psngRail
ES,h0275,0.09149845950848635,scr2004,mustOut,psngRail
ES,h0276,0.049714158727317645,scr2004,mustOut,psngRail
ES,h0277,0.0947728064044522,scr2004,mustOut,psngRail
ES,h0278,0.1610659593238803,scr2004,mustOut,psngRail
ES,h0279,0.24641155743439194,scr2004,mustOut,psngRail
ES,h0280,0.23421488407637353,scr2004,mustOut,psngRail
ES,h0281,0.2810962673262799,scr2004,mustOut,psngRail
ES,h0282,0.3401629564337608,scr2004,mustOut,psngRail
ES,h0283,0.4015213375218579,scr2004,mustOut,psngRail
ES,h0284,0.29943510717325567,scr2004,mustOut,psngRail
ES,h0285,0.15101399476120128,scr2004,mustOut,psngRail
ES,h0286,0.053915031234408134,scr2004,mustOut,psngRail
ES,h0287,0.02163944391210987,scr2004,mustOut,psngRail
ES,h0288,0.01269386118555387,scr2004,mustOut,psngRail
DK,h0241,0.004862901147644737,scr2004,mustOut,psngRail
DK,h0242,0.0010862288027117335,scr2004,mustOut,psngRail
DK,h0243,0.0,scr2004,mustOut,psngRail
DK,h0244,0.0,scr2004,mustOut,psngRail
DK,h0245,0.0,scr2004,mustOut,psngRail
DK,h0246,0.0035388391720440632,scr2004,mustOut,psngRail
DK,h0247,0.060755384199463046,scr2004,mustOut,psngRail
DK,h0248,0.2843374460205613,scr2004,mustOut,psngRail
DK,h0249,0.38969231292583884,scr2004,mustOut,psngRail
DK,h0250,0.2848796979935783,scr2004,mustOut,psngRail
DK,h0251,0.09149845950848637,scr2004,mustOut,psngRail
DK,h0252,0.04971415872731767,scr2004,mustOut,psngRail
DK,h0253,0.05451979837452527,scr2004,mustOut,psngRail
DK,h0254,0.06956888070200491,scr2004,mustOut,psngRail
DK,h0255,0.0784454499800861,scr2004,mustOut,psngRail
DK,h0256,0.09367535859313524,scr2004,mustOut,psngRail
DK,h0257,0.16379427406014685,scr2004,mustOut,psngRail
DK,h0258,0.32763937504284846,scr2004,mustOut,psngRail
DK,h0259,0.4264471304409828,scr2004,mustOut,psngRail
DK,h0260,0.33753228998195184,scr2004,mustOut,psngRail
DK,h0261,0.15101399476120134,scr2004,mustOut,psngRail
DK,h0262,0.05391503123440817,scr2004,mustOut,psngRail
DK,h0263,0.021639443912109882,scr2004,mustOut,psngRail
DK,h0264,0.012693861185553875,scr2004,mustOut,psngRail
DK,h0265,0.004862901147644737,scr2004,mustOut,psngRail
DK,h0266,0.0010862288027117335,scr2004,mustOut,psngRail
DK,h0267,0.0,scr2004,mustOut,psngRail
DK,h0268,0.0,scr2004,mustOut,psngRail
DK,h0269,0.0,scr2004,mustOut,psngRail
DK,h0270,0.0035388391720440632,scr2004,mustOut,psngRail
DK,h0271,0.060755384199463046,scr2004,mustOut,psngRail
DK,h0272,0.2843374460205613,scr2004,mustOut,psngRail
DK,h0273,0.38969231292583884,scr2004,mustOut,psngRail
DK,h0274,0.2848796979935783,scr2004,mustOut,psngRail
DK,h0275,0.09149845950848637,scr2004,mustOut,psngRail
DK,h0276,0.04971415872731767,scr2004,mustOut,psngRail
DK,h0277,0.09477280640445224,scr2004,mustOut,psngRail
DK,h0278,0.16106595932388038,scr2004,mustOut,psngRail
DK,h0279,0.24641155743439203,scr2004,mustOut,psngRail
DK,h0280,0.23421488407637367,scr2004,mustOut,psngRail
DK,h0281,0.28109626732628,scr2004,mustOut,psngRail
DK,h0282,0.340162956433761,scr2004,mustOut,psngRail
DK,h0283,0.40152133752185815,scr2004,mustOut,psngRail
DK,h0284,0.2994351071732557,scr2004,mustOut,psngRail
DK,h0285,0.15101399476120134,scr2004,mustOut,psngRail
DK,h0286,0.05391503123440817,scr2004,mustOut,psngRail
DK,h0287,0.021639443912109882,scr2004,mustOut,psngRail
DK,h0288,0.012693861185553875,scr2004,mustOut,psngRail
EE,h0241,0.004862901147644737,scr2004,mustOut,psngRail
EE,h0242,0.0010862288027117335,scr2004,mustOut,psngRail
EE,h0243,0.0,scr2004,mustOut,psngRail
EE,h0244,0.0,scr2004,mustOut,psngRail
EE,h0245,0.0,scr2004,mustOut,psngRail
EE,h0246,0.0035388391720440632,scr2004,mustOut,psngRail
EE,h0247,0.060755384199463046,scr2004,mustOut,psngRail
EE,h0248,0.2843374460205613,scr2004,mustOut,psngRail
EE,h0249,0.38969231292583884,scr2004,mustOut,psngRail
EE,h0250,0.2848796979935783,scr2004,mustOut,psngRail
EE,h0251,0.09149845950848637,scr2004,mustOut,psngRail
EE,h0252,0.04971415872731767,scr2004,mustOut,psngRail
EE,h0253,0.05451979837452527,scr2004,mustOut,psngRail
EE,h0254,0.06956888070200491,scr2004,mustOut,psngRail
EE,h0255,0.0784454499800861,scr2004,mustOut,psngRail
EE,h0256,0.09367535859313524,scr2004,mustOut,psngRail
EE,h0257,0.16379427406014685,scr2004,mustOut,psngRail
EE,h0258,0.32763937504284846,scr2004,mustOut,psngRail
EE,h0259,0.4264471304409828,scr2004,mustOut,psngRail
EE,h0260,0.33753228998195184,scr2004,mustOut,psngRail
EE,h0261,0.15101399476120134,scr2004,mustOut,psngRail
EE,h0262,0.05391503123440817,scr2004,mustOut,psngRail
EE,h0263,0.021639443912109882,scr2004,mustOut,psngRail
EE,h0264,0.012693861185553875,scr2004,mustOut,psngRail
EE,h0265,0.004862901147644737,scr2004,mustOut,psngRail
EE,h0266,0.0010862288027117335,scr2004,mustOut,psngRail
EE,h0267,0.0,scr2004,mustOut,psngRail
EE,h0268,0.0,scr2004,mustOut,psngRail
EE,h0269,0.0,scr2004,mustOut,psngRail
EE,h0270,0.0035388391720440632,scr2004,mustOut,psngRail
EE,h0271,0.060755384199463046,scr2004,mustOut,psngRail
EE,h0272,0.2843374460205613,scr2004,mustOut,psngRail
EE,h0273,0.38969231292583884,scr2004,mustOut,psngRail
EE,h0274,0.2848796979935783,scr2004,mustOut,psngRail
EE,h0275,0.09149845950848637,scr2004,mustOut,psngRail
EE,h0276,0.04971415872731767,scr2004,mustOut,psngRail
EE,h0277,0.09477280640445224,scr2004,mustOut,psngRail
EE,h0278,0.16106595932388038,scr2004,mustOut,psngRail
EE,h0279,0.24641155743439203,scr2004,mustOut,psngRail
EE,h0280,0.23421488407637367,scr2004,mustOut,psngRail
EE,h0281,0.28109626732628,scr2004,mustOut,psngRail
EE,h0282,0.340162956433761,scr2004,mustOut,psngRail
EE,h0283,0.40152133752185815,scr2004,mustOut,psngRail
EE,h0284,0.2994351071732557,scr2004,mustOut,psngRail
EE,h0285,0.15101399476120134,scr2004,mustOut,psngRail
EE,h0286,0.05391503123440817,scr2004,mustOut,psngRail
EE,h0287,0.021639443912109882,scr2004,mustOut,psngRail
EE,h0288,0.012693861185553875,scr2004,mustOut,psngRail
FI,h0241,0.004862901147644737,scr2004,mustOut,psngRail
FI,h0242,0.0010862288027117335,scr2004,mustOut,psngRail
FI,h0243,0.0,scr2004,mustOut,psngRail
FI,h0244,0.0,scr2004,mustOut,psngRail
FI,h0245,0.0,scr2004,mustOut,psngRail
FI,h0246,0.0035388391720440632,scr2004,mustOut,psngRail
FI,h0247,0.060755384199463046,scr2004,mustOut,psngRail
FI,h0248,0.2843374460205613,scr2004,mustOut,psngRail
FI,h0249,0.38969231292583884,scr2004,mustOut,psngRail
FI,h0250,0.2848796979935783,scr2004,mustOut,psngRail
FI,h0251,0.09149845950848637,scr2004,mustOut,psngRail
FI,h0252,0.04971415872731767,scr2004,mustOut,psngRail
FI,h0253,0.05451979837452527,scr2004,mustOut,psngRail
FI,h0254,0.06956888070200491,scr2004,mustOut,psngRail
FI,h0255,0.0784454499800861,scr2004,mustOut,psngRail
FI,h0256,0.09367535859313524,scr2004,mustOut,psngRail
FI,h0257,0.16379427406014685,scr2004,mustOut,psngRail
FI,h0258,0.32763937504284846,scr2004,mustOut,psngRail
FI,h0259,0.4264471304409828,scr2004,mustOut,psngRail
FI,h0260,0.33753228998195184,scr2004,mustOut,psngRail
FI,h0261,0.15101399476120134,scr2004,mustOut,psngRail
FI,h0262,0.05391503123440817,scr2004,mustOut,psngRail
FI,h0263,0.021639443912109882,scr2004,mustOut,psngRail
FI,h0264,0.012693861185553875,scr2004,mustOut,psngRail
FI,h0265,0.004862901147644737,scr2004,mustOut,psngRail
FI,h0266,0.0010862288027117335,scr2004,mustOut,psngRail
FI,h0267,0.0,scr2004,mustOut,psngRail
FI,h0268,0.0,scr2004,mustOut,psngRail
FI,h0269,0.0,scr2004,mustOut,psngRail
FI,h0270,0.0035388391720440632,scr2004,mustOut,psngRail
FI,h0271,0.060755384199463046,scr2004,mustOut,psngRail
FI,h0272,0.2843374460205613,scr2004,mustOut,psngRail
FI,h0273,0.38969231292583884,scr2004,mustOut,psngRail
FI,h0274,0.2848796979935783,scr2004,mustOut,psngRail
FI,h0275,0.09149845950848637,scr2004,mustOut,psngRail
FI,h0276,0.04971415872731767,scr2004,mustOut,psngRail
FI,h0277,0.09477280640445224,scr2004,mustOut,psngRail
FI,h0278,0.16106595932388038,scr2004,mustOut,psngRail
FI,h0279,0.24641155743439203,scr2004,mustOut,psngRail
FI,h0280,0.23421488407637367,scr2004,mustOut,psngRail
FI,h0281,0.28109626732628,scr2004,mustOut,psngRail
FI,h0282,0.340162956433761,scr2004,mustOut,psngRail
FI,h0283,0.40152133752185815,scr2004,mustOut,psngRail
FI,h0284,0.2994351071732557,scr2004,mustOut,psngRail
FI,h0285,0.15101399476120134,scr2004,mustOut,psngRail
FI,h0286,0.05391503123440817,scr2004,mustOut,psngRail
FI,h0287,0.021639443912109882,scr2004,mustOut,psngRail
FI,h0288,0.012693861185553875,scr2004,mustOut,psngRail
FR,h0241,0.004862901147644734,scr2004,mustOut,psngRail
FR,h0242,0.0010862288027117333,scr2004,mustOut,psngRail
FR,h0243,0.0,scr2004,mustOut,psngRail
FR,h0244,0.0,scr2004,mustOut,psngRail
FR,h0245,0.0,scr2004,mustOut,psngRail
FR,h0246,0.003538839172044063,scr2004,mustOut,psngRail
FR,h0247,0.060755384199463004,scr2004,mustOut,psngRail
FR,h0248,0.28433744602056116,scr2004,mustOut,psngRail
FR,h0249,0.3896923129258386,scr2004,mustOut,psngRail
FR,h0250,0.28487969799357815,scr2004,mustOut,psngRail
FR,h0251,0.09149845950848631,scr2004,mustOut,psngRail
FR,h0252,0.049714158727317645,scr2004,mustOut,psngRail
FR,h0253,0.054519798374525225,scr2004,mustOut,psngRail
FR,h0254,0.06956888070200487,scr2004,mustOut,psngRail
FR,h0255,0.07844544998008605,scr2004,mustOut,psngRail
FR,h0256,0.09367535859313522,scr2004,mustOut,psngRail
FR,h0257,0.16379427406014677,scr2004,mustOut,psngRail
FR,h0258,0.3276393750428484,scr2004,mustOut,psngRail
FR,h0259,0.42644713044098276,scr2004,mustOut,psngRail
FR,h0260,0.3375322899819519,scr2004,mustOut,psngRail
FR,h0261,0.15101399476120128,scr2004,mustOut,psngRail
FR,h0262,0.05391503123440816,scr2004,mustOut,psngRail
FR,h0263,0.02163944391210987,scr2004,mustOut,psngRail
FR,h0264,0.01269386118555387,scr2004,mustOut,psngRail
FR,h0265,0.004862901147644734,scr2004,mustOut,psngRail
FR,h0266,0.0010862288027117333,scr2004,mustOut,psngRail
FR,h0267,0.0,scr2004,mustOut,psngRail
FR,h0268,0.0,scr2004,mustOut,psngRail
FR,h0269,0.0,scr2004,mustOut,psngRail
FR,h0270,0.003538839172044063,scr2004,mustOut,psngRail
FR,h0271,0.060755384199463004,scr2004,mustOut,psngRail
FR,h0272,0.28433744602056116,scr2004,mustOut,psngRail
FR,h0273,0.3896923129258386,scr2004,mustOut,psngRail
FR,h0274,0.28487969799357815,scr2004,mustOut,psngRail
FR,h0275,0.09149845950848631,scr2004,mustOut,psngRail
FR,h0276,0.049714158727317645,scr2004,mustOut,psngRail
FR,h0277,0.09477280640445222,scr2004,mustOut,psngRail
FR,h0278,0.1610659593238803,scr2004,mustOut,psngRail
FR,h0279,0.24641155743439194,scr2004,mustOut,psngRail
FR,h0280,0.2342148840763735,scr2004,mustOut,psngRail
FR,h0281,0.2810962673262799,scr2004,mustOut,psngRail
FR,h0282,0.3401629564337608,scr2004,mustOut,psngRail
FR,h0283,0.401521337521858,scr2004,mustOut,psngRail
FR,h0284,0.29943510717325567,scr2004,mustOut,psngRail
FR,h0285,0.15101399476120128,scr2004,mustOut,psngRail
FR,h0286,0.05391503123440816,scr2004,mustOut,psngRail
FR,h0287,0.02163944391210987,scr2004,mustOut,psngRail
FR,h0288,0.01269386118555387,scr2004,mustOut,psngRail
IT,h0241,0.004862901147644734,scr2004,mustOut,psngRail
IT,h0242,0.0010862288027117327,scr2004,mustOut,psngRail
IT,h0243,0.0,scr2004,mustOut,psngRail
IT,h0244,0.0,scr2004,mustOut,psngRail
IT,h0245,0.0,scr2004,mustOut,psngRail
IT,h0246,0.0035388391720440598,scr2004,mustOut,psngRail
IT,h0247,0.06075538419946302,scr2004,mustOut,psngRail
IT,h0248,0.28433744602056116,scr2004,mustOut,psngRail
IT,h0249,0.3896923129258386,scr2004,mustOut,psngRail
IT,h0250,0.28487969799357815,scr2004,mustOut,psngRail
IT,h0251,0.09149845950848631,scr2004,mustOut,psngRail
IT,h0252,0.049714158727317645,scr2004,mustOut,psngRail
IT,h0253,0.054519798374525245,scr2004,mustOut,psngRail
IT,h0254,0.06956888070200487,scr2004,mustOut,psngRail
IT,h0255,0.07844544998008607,scr2004,mustOut,psngRail
IT,h0256,0.09367535859313522,scr2004,mustOut,psngRail
IT,h0257,0.16379427406014677,scr2004,mustOut,psngRail
IT,h0258,0.3276393750428484,scr2004,mustOut,psngRail
IT,h0259,0.42644713044098276,scr2004,mustOut,psngRail
IT,h0260,0.3375322899819518,scr2004,mustOut,psngRail
IT,h0261,0.15101399476120128,scr2004,mustOut,psngRail
IT,h0262,0.053915031234408134,scr2004,mustOut,psngRail
IT,h0263,0.02163944391210987,scr2004,mustOut,psngRail
IT,h0264,0.012693861185553866,scr2004,mustOut,psngRail
IT,h0265,0.004862901147644734,scr2004,mustOut,psngRail
IT,h0266,0.0010862288027117327,scr2004,mustOut,psngRail
IT,h0267,0.0,scr2004,mustOut,psngRail
IT,h0268,0.0,scr2004,mustOut,psngRail
IT,h0269,0.0,scr2004,mustOut,psngRail
IT,h0270,0.0035388391720440598,scr2004,mustOut,psngRail
IT,h0271,0.06075538419946302,scr2004,mustOut,psngRail
IT,h0272,0.28433744602056116,scr2004,mustOut,psngRail
IT,h0273,0.3896923129258386,scr2004,mustOut,psngRail
IT,h0274,0.28487969799357815,scr2004,mustOut,psngRail
IT,h0275,0.09149845950848631,scr2004,mustOut,psngRail
IT,h0276,0.049714158727317645,scr2004,mustOut,psngRail
IT,h0277,0.09477280640445215,scr2004,mustOut,psngRail
IT,h0278,0.1610659593238803,scr2004,mustOut,psngRail
IT,h0279,0.24641155743439191,scr2004,mustOut,psngRail
IT,h0280,0.23421488407637353,scr2004,mustOut,psngRail
IT,h0281,0.2810962673262799,scr2004,mustOut,psngRail
IT,h0282,0.3401629564337608,scr2004,mustOut,psngRail
IT,h0283,0.401521337521858,scr2004,mustOut,psngRail
IT,h0284,0.29943510717325567,scr2004,mustOut,psngRail
IT,h0285,0.15101399476120128,scr2004,mustOut,psngRail
IT,h0286,0.053915031234408134,scr2004,mustOut,psngRail
IT,h0287,0.02163944391210987,scr2004,mustOut,psngRail
IT,h0288,0.012693861185553866,scr2004,mustOut,psngRail
NL,h0241,0.004862901147644737,scr2004,mustOut,psngRail
NL,h0242,0.0010862288027117335,scr2004,mustOut,psngRail
NL,h0243,0.0,scr2004,mustOut,psngRail
NL,h0244,0.0,scr2004,mustOut,psngRail
NL,h0245,0.0,scr2004,mustOut,psngRail
NL,h0246,0.0035388391720440632,scr2004,mustOut,psngRail
NL,h0247,0.060755384199463046,scr2004,mustOut,psngRail
NL,h0248,0.2843374460205613,scr2004,mustOut,psngRail
NL,h0249,0.38969231292583884,scr2004,mustOut,psngRail
NL,h0250,0.2848796979935783,scr2004,mustOut,psngRail
NL,h0251,0.09149845950848637,scr2004,mustOut,psngRail
NL,h0252,0.04971415872731767,scr2004,mustOut,psngRail
NL,h0253,0.05451979837452527,scr2004,mustOut,psngRail
NL,h0254,0.06956888070200491,scr2004,mustOut,psngRail
NL,h0255,0.0784454499800861,scr2004,mustOut,psngRail
NL,h0256,0.09367535859313524,scr2004,mustOut,psngRail
NL,h0257,0.16379427406014685,scr2004,mustOut,psngRail
NL,h0258,0.32763937504284846,scr2004,mustOut,psngRail
NL,h0259,0.4264471304409828,scr2004,mustOut,psngRail
NL,h0260,0.33753228998195184,scr2004,mustOut,psngRail
NL,h0261,0.15101399476120134,scr2004,mustOut,psngRail
NL,h0262,0.05391503123440817,scr2004,mustOut,psngRail
NL,h0263,0.021639443912109882,scr2004,mustOut,psngRail
NL,h0264,0.012693861185553875,scr2004,mustOut,psngRail
NL,h0265,0.004862901147644737,scr2004,mustOut,psngRail
NL,h0266,0.0010862288027117335,scr2004,mustOut,psngRail
NL,h0267,0.0,scr2004,mustOut,psngRail
NL,h0268,0.0,scr2004,mustOut,psngRail
NL,h0269,0.0,scr2004,mustOut,psngRail
NL,h0270,0.0035388391720440632,scr2004,mustOut,psngRail
NL,h0271,0.060755384199463046,scr2004,mustOut,psngRail
NL,h0272,0.2843374460205613,scr2004,mustOut,psngRail
NL,h0273,0.38969231292583884,scr2004,mustOut,psngRail
NL,h0274,0.2848796979935783,scr2004,mustOut,psngRail
NL,h0275,0.09149845950848637,scr2004,mustOut,psngRail
NL,h0276,0.04971415872731767,scr2004,mustOut,psngRail
NL,h0277,0.09477280640445224,scr2004,mustOut,psngRail
NL,h0278,0.16106595932388038,scr2004,mustOut,psngRail
NL,h0279,0.24641155743439203,scr2004,mustOut,psngRail
NL,h0280,0.23421488407637367,scr2004,mustOut,psngRail
NL,h0281,0.28109626732628,scr2004,mustOut,psngRail
NL,h0282,0.340162956433761,scr2004,mustOut,psngRail
NL,h0283,0.40152133752185815,scr2004,mustOut,psngRail
NL,h0284,0.2994351071732557,scr2004,mustOut,psngRail
NL,h0285,0.15101399476120134,scr2004,mustOut,psngRail
NL,h0286,0.05391503123440817,scr2004,mustOut,psngRail
NL,h0287,0.021639443912109882,scr2004,mustOut,psngRail
NL,h0288,0.012693861185553875,scr2004,mustOut,psngRail
IE,h0241,0.004862901147644737,scr2004,mustOut,psngRail
IE,h0242,0.0010862288027117335,scr2004,mustOut,psngRail
IE,h0243,0.0,scr2004,mustOut,psngRail
IE,h0244,0.0,scr2004,mustOut,psngRail
IE,h0245,0.0,scr2004,mustOut,psngRail
IE,h0246,0.0035388391720440632,scr2004,mustOut,psngRail
IE,h0247,0.060755384199463046,scr2004,mustOut,psngRail
IE,h0248,0.2843374460205613,scr2004,mustOut,psngRail
IE,h0249,0.38969231292583884,scr2004,mustOut,psngRail
IE,h0250,0.2848796979935783,scr2004,mustOut,psngRail
IE,h0251,0.09149845950848637,scr2004,mustOut,psngRail
IE,h0252,0.04971415872731767,scr2004,mustOut,psngRail
IE,h0253,0.05451979837452527,scr2004,mustOut,psngRail
IE,h0254,0.06956888070200491,scr2004,mustOut,psngRail
IE,h0255,0.0784454499800861,scr2004,mustOut,psngRail
IE,h0256,0.09367535859313524,scr2004,mustOut,psngRail
IE,h0257,0.16379427406014685,scr2004,mustOut,psngRail
IE,h0258,0.32763937504284846,scr2004,mustOut,psngRail
IE,h0259,0.4264471304409828,scr2004,mustOut,psngRail
IE,h0260,0.33753228998195184,scr2004,mustOut,psngRail
IE,h0261,0.15101399476120134,scr2004,mustOut,psngRail
IE,h0262,0.05391503123440817,scr2004,mustOut,psngRail
IE,h0263,0.021639443912109882,scr2004,mustOut,psngRail
IE,h0264,0.012693861185553875,scr2004,mustOut,psngRail
IE,h0265,0.004862901147644737,scr2004,mustOut,psngRail
IE,h0266,0.0010862288027117335,scr2004,mustOut,psngRail
IE,h0267,0.0,scr2004,mustOut,psngRail
IE,h0268,0.0,scr2004,mustOut,psngRail
IE,h0269,0.0,scr2004,mustOut,psngRail
IE,h0270,0.0035388391720440632,scr2004,mustOut,psngRail
IE,h0271,0.060755384199463046,scr2004,mustOut,psngRail
IE,h0272,0.2843374460205613,scr2004,mustOut,psngRail
IE,h0273,0.38969231292583884,scr2004,mustOut,psngRail
IE,h0274,0.2848796979935783,scr2004,mustOut,psngRail
IE,h0275,0.09149845950848637,scr2004,mustOut,psngRail
IE,h0276,0.04971415872731767,scr2004,mustOut,psngRail
IE,h0277,0.09477280640445224,scr2004,mustOut,psngRail
IE,h0278,0.16106595932388038,scr2004,mustOut,psngRail
IE,h0279,0.24641155743439203,scr2004,mustOut,psngRail
IE,h0280,0.23421488407637367,scr2004,mustOut,psngRail
IE,h0281,0.28109626732628,scr2004,mustOut,psngRail
IE,h0282,0.340162956433761,scr2004,mustOut,psngRail
IE,h0283,0.40152133752185815,scr2004,mustOut,psngRail
IE,h0284,0.2994351071732557,scr2004,mustOut,psngRail
IE,h0285,0.15101399476120134,scr2004,mustOut,psngRail
IE,h0286,0.05391503123440817,scr2004,mustOut,psngRail
IE,h0287,0.021639443912109882,scr2004,mustOut,psngRail
IE,h0288,0.012693861185553875,scr2004,mustOut,psngRail
HR,h0241,0.004862901147644737,scr2004,mustOut,psngRail
HR,h0242,0.0010862288027117335,scr2004,mustOut,psngRail
HR,h0243,0.0,scr2004,mustOut,psngRail
HR,h0244,0.0,scr2004,mustOut,psngRail
HR,h0245,0.0,scr2004,mustOut,psngRail
HR,h0246,0.0035388391720440632,scr2004,mustOut,psngRail
HR,h0247,0.060755384199463046,scr2004,mustOut,psngRail
HR,h0248,0.2843374460205613,scr2004,mustOut,psngRail
HR,h0249,0.38969231292583884,scr2004,mustOut,psngRail
HR,h0250,0.2848796979935783,scr2004,mustOut,psngRail
HR,h0251,0.09149845950848637,scr2004,mustOut,psngRail
HR,h0252,0.04971415872731767,scr2004,mustOut,psngRail
HR,h0253,0.05451979837452527,scr2004,mustOut,psngRail
HR,h0254,0.06956888070200491,scr2004,mustOut,psngRail
HR,h0255,0.0784454499800861,scr2004,mustOut,psngRail
HR,h0256,0.09367535859313524,scr2004,mustOut,psngRail
HR,h0257,0.16379427406014685,scr2004,mustOut,psngRail
HR,h0258,0.32763937504284846,scr2004,mustOut,psngRail
HR,h0259,0.4264471304409828,scr2004,mustOut,psngRail
HR,h0260,0.33753228998195184,scr2004,mustOut,psngRail
HR,h0261,0.15101399476120134,scr2004,mustOut,psngRail
HR,h0262,0.05391503123440817,scr2004,mustOut,psngRail
HR,h0263,0.021639443912109882,scr2004,mustOut,psngRail
HR,h0264,0.012693861185553875,scr2004,mustOut,psngRail
HR,h0265,0.004862901147644737,scr2004,mustOut,psngRail
HR,h0266,0.0010862288027117335,scr2004,mustOut,psngRail
HR,h0267,0.0,scr2004,mustOut,psngRail
HR,h0268,0.0,scr2004,mustOut,psngRail
HR,h0269,0.0,scr2004,mustOut,psngRail
HR,h0270,0.0035388391720440632,scr2004,mustOut,psngRail
HR,h0271,0.060755384199463046,scr2004,mustOut,psngRail
HR,h0272,0.2843374460205613,scr2004,mustOut,psngRail
HR,h0273,0.38969231292583884,scr2004,mustOut,psngRail
HR,h0274,0.2848796979935783,scr2004,mustOut,psngRail
HR,h0275,0.09149845950848637,scr2004,mustOut,psngRail
HR,h0276,0.04971415872731767,scr2004,mustOut,psngRail
HR,h0277,0.09477280640445224,scr2004,mustOut,psngRail
HR,h0278,0.16106595932388038,scr2004,mustOut,psngRail
HR,h0279,0.24641155743439203,scr2004,mustOut,psngRail
HR,h0280,0.23421488407637367,scr2004,mustOut,psngRail
HR,h0281,0.28109626732628,scr2004,mustOut,psngRail
HR,h0282,0.340162956433761,scr2004,mustOut,psngRail
HR,h0283,0.40152133752185815,scr2004,mustOut,psngRail
HR,h0284,0.2994351071732557,scr2004,mustOut,psngRail
HR,h0285,0.15101399476120134,scr2004,mustOut,psngRail
HR,h0286,0.05391503123440817,scr2004,mustOut,psngRail
HR,h0287,0.021639443912109882,scr2004,mustOut,psngRail
HR,h0288,0.012693861185553875,scr2004,mustOut,psngRail
HU,h0241,0.004862901147644737,scr2004,mustOut,psngRail
HU,h0242,0.0010862288027117335,scr2004,mustOut,psngRail
HU,h0243,0.0,scr2004,mustOut,psngRail
HU,h0244,0.0,scr2004,mustOut,psngRail
HU,h0245,0.0,scr2004,mustOut,psngRail
HU,h0246,0.0035388391720440632,scr2004,mustOut,psngRail
HU,h0247,0.060755384199463046,scr2004,mustOut,psngRail
HU,h0248,0.2843374460205613,scr2004,mustOut,psngRail
HU,h0249,0.38969231292583884,scr2004,mustOut,psngRail
HU,h0250,0.2848796979935783,scr2004,mustOut,psngRail
HU,h0251,0.09149845950848637,scr2004,mustOut,psngRail
HU,h0252,0.04971415872731767,scr2004,mustOut,psngRail
HU,h0253,0.05451979837452527,scr2004,mustOut,psngRail
HU,h0254,0.06956888070200491,scr2004,mustOut,psngRail
HU,h0255,0.0784454499800861,scr2004,mustOut,psngRail
HU,h0256,0.09367535859313524,scr2004,mustOut,psngRail
HU,h0257,0.16379427406014685,scr2004,mustOut,psngRail
HU,h0258,0.32763937504284846,scr2004,mustOut,psngRail
HU,h0259,0.4264471304409828,scr2004,mustOut,psngRail
HU,h0260,0.33753228998195184,scr2004,mustOut,psngRail
HU,h0261,0.15101399476120134,scr2004,mustOut,psngRail
HU,h0262,0.05391503123440817,scr2004,mustOut,psngRail
HU,h0263,0.021639443912109882,scr2004,mustOut,psngRail
HU,h0264,0.012693861185553875,scr2004,mustOut,psngRail
HU,h0265,0.004862901147644737,scr2004,mustOut,psngRail
HU,h0266,0.0010862288027117335,scr2004,mustOut,psngRail
HU,h0267,0.0,scr2004,mustOut,psngRail
HU,h0268,0.0,scr2004,mustOut,psngRail
HU,h0269,0.0,scr2004,mustOut,psngRail
HU,h0270,0.0035388391720440632,scr2004,mustOut,psngRail
HU,h0271,0.060755384199463046,scr2004,mustOut,psngRail
HU,h0272,0.2843374460205613,scr2004,mustOut,psngRail
HU,h0273,0.38969231292583884,scr2004,mustOut,psngRail
HU,h0274,0.2848796979935783,scr2004,mustOut,psngRail
HU,h0275,0.09149845950848637,scr2004,mustOut,psngRail
HU,h0276,0.04971415872731767,scr2004,mustOut,psngRail
HU,h0277,0.09477280640445224,scr2004,mustOut,psngRail
HU,h0278,0.16106595932388038,scr2004,mustOut,psngRail
HU,h0279,0.24641155743439203,scr2004,mustOut,psngRail
HU,h0280,0.23421488407637367,scr2004,mustOut,psngRail
HU,h0281,0.28109626732628,scr2004,mustOut,psngRail
HU,h0282,0.340162956433761,scr2004,mustOut,psngRail
HU,h0283,0.40152133752185815,scr2004,mustOut,psngRail
HU,h0284,0.2994351071732557,scr2004,mustOut,psngRail
HU,h0285,0.15101399476120134,scr2004,mustOut,psngRail
HU,h0286,0.05391503123440817,scr2004,mustOut,psngRail
HU,h0287,0.021639443912109882,scr2004,mustOut,psngRail
HU,h0288,0.012693861185553875,scr2004,mustOut,psngRail
MK,h0241,0.004862901147644737,scr2004,mustOut,psngRail
MK,h0242,0.0010862288027117335,scr2004,mustOut,psngRail
MK,h0243,0.0,scr2004,mustOut,psngRail
MK,h0244,0.0,scr2004,mustOut,psngRail
MK,h0245,0.0,scr2004,mustOut,psngRail
MK,h0246,0.0035388391720440632,scr2004,mustOut,psngRail
MK,h0247,0.060755384199463046,scr2004,mustOut,psngRail
MK,h0248,0.2843374460205613,scr2004,mustOut,psngRail
MK,h0249,0.38969231292583884,scr2004,mustOut,psngRail
MK,h0250,0.2848796979935783,scr2004,mustOut,psngRail
MK,h0251,0.09149845950848637,scr2004,mustOut,psngRail
MK,h0252,0.04971415872731767,scr2004,mustOut,psngRail
MK,h0253,0.05451979837452527,scr2004,mustOut,psngRail
MK,h0254,0.06956888070200491,scr2004,mustOut,psngRail
MK,h0255,0.0784454499800861,scr2004,mustOut,psngRail
MK,h0256,0.09367535859313524,scr2004,mustOut,psngRail
MK,h0257,0.16379427406014685,scr2004,mustOut,psngRail
MK,h0258,0.32763937504284846,scr2004,mustOut,psngRail
MK,h0259,0.4264471304409828,scr2004,mustOut,psngRail
MK,h0260,0.33753228998195184,scr2004,mustOut,psngRail
MK,h0261,0.15101399476120134,scr2004,mustOut,psngRail
MK,h0262,0.05391503123440817,scr2004,mustOut,psngRail
MK,h0263,0.021639443912109882,scr2004,mustOut,psngRail
MK,h0264,0.012693861185553875,scr2004,mustOut,psngRail
MK,h0265,0.004862901147644737,scr2004,mustOut,psngRail
MK,h0266,0.0010862288027117335,scr2004,mustOut,psngRail
MK,h0267,0.0,scr2004,mustOut,psngRail
MK,h0268,0.0,scr2004,mustOut,psngRail
MK,h0269,0.0,scr2004,mustOut,psngRail
MK,h0270,0.0035388391720440632,scr2004,mustOut,psngRail
MK,h0271,0.060755384199463046,scr2004,mustOut,psngRail
MK,h0272,0.2843374460205613,scr2004,mustOut,psngRail
MK,h0273,0.38969231292583884,scr2004,mustOut,psngRail
MK,h0274,0.2848796979935783,scr2004,mustOut,psngRail
MK,h0275,0.09149845950848637,scr2004,mustOut,psngRail
MK,h0276,0.04971415872731767,scr2004,mustOut,psngRail
MK,h0277,0.09477280640445224,scr2004,mustOut,psngRail
MK,h0278,0.16106595932388038,scr2004,mustOut,psngRail
MK,h0279,0.24641155743439203,scr2004,mustOut,psngRail
MK,h0280,0.23421488407637367,scr2004,mustOut,psngRail
MK,h0281,0.28109626732628,scr2004,mustOut,psngRail
MK,h0282,0.340162956433761,scr2004,mustOut,psngRail
MK,h0283,0.40152133752185815,scr2004,mustOut,psngRail
MK,h0284,0.2994351071732557,scr2004,mustOut,psngRail
MK,h0285,0.15101399476120134,scr2004,mustOut,psngRail
MK,h0286,0.05391503123440817,scr2004,mustOut,psngRail
MK,h0287,0.021639443912109882,scr2004,mustOut,psngRail
MK,h0288,0.012693861185553875,scr2004,mustOut,psngRail
LV,h0241,0.004862901147644737,scr2004,mustOut,psngRail
LV,h0242,0.0010862288027117335,scr2004,mustOut,psngRail
LV,h0243,0.0,scr2004,mustOut,psngRail
LV,h0244,0.0,scr2004,mustOut,psngRail
LV,h0245,0.0,scr2004,mustOut,psngRail
LV,h0246,0.0035388391720440632,scr2004,mustOut,psngRail
LV,h0247,0.060755384199463046,scr2004,mustOut,psngRail
LV,h0248,0.2843374460205613,scr2004,mustOut,psngRail
LV,h0249,0.38969231292583884,scr2004,mustOut,psngRail
LV,h0250,0.2848796979935783,scr2004,mustOut,psngRail
LV,h0251,0.09149845950848637,scr2004,mustOut,psngRail
LV,h0252,0.04971415872731767,scr2004,mustOut,psngRail
LV,h0253,0.05451979837452527,scr2004,mustOut,psngRail
LV,h0254,0.06956888070200491,scr2004,mustOut,psngRail
LV,h0255,0.0784454499800861,scr2004,mustOut,psngRail
LV,h0256,0.09367535859313524,scr2004,mustOut,psngRail
LV,h0257,0.16379427406014685,scr2004,mustOut,psngRail
LV,h0258,0.32763937504284846,scr2004,mustOut,psngRail
LV,h0259,0.4264471304409828,scr2004,mustOut,psngRail
LV,h0260,0.33753228998195184,scr2004,mustOut,psngRail
LV,h0261,0.15101399476120134,scr2004,mustOut,psngRail
LV,h0262,0.05391503123440817,scr2004,mustOut,psngRail
LV,h0263,0.021639443912109882,scr2004,mustOut,psngRail
LV,h0264,0.012693861185553875,scr2004,mustOut,psngRail
LV,h0265,0.004862901147644737,scr2004,mustOut,psngRail
LV,h0266,0.0010862288027117335,scr2004,mustOut,psngRail
LV,h0267,0.0,scr2004,mustOut,psngRail
LV,h0268,0.0,scr2004,mustOut,psngRail
LV,h0269,0.0,scr2004,mustOut,psngRail
LV,h0270,0.0035388391720440632,scr2004,mustOut,psngRail
LV,h0271,0.060755384199463046,scr2004,mustOut,psngRail
LV,h0272,0.2843374460205613,scr2004,mustOut,psngRail
LV,h0273,0.38969231292583884,scr2004,mustOut,psngRail
LV,h0274,0.2848796979935783,scr2004,mustOut,psngRail
LV,h0275,0.09149845950848637,scr2004,mustOut,psngRail
LV,h0276,0.04971415872731767,scr2004,mustOut,psngRail
LV,h0277,0.09477280640445224,scr2004,mustOut,psngRail
LV,h0278,0.16106595932388038,scr2004,mustOut,psngRail
LV,h0279,0.24641155743439203,scr2004,mustOut,psngRail
LV,h0280,0.23421488407637367,scr2004,mustOut,psngRail
LV,h0281,0.28109626732628,scr2004,mustOut,psngRail
LV,h0282,0.340162956433761,scr2004,mustOut,psngRail
LV,h0283,0.40152133752185815,scr2004,mustOut,psngRail
LV,h0284,0.2994351071732557,scr2004,mustOut,psngRail
LV,h0285,0.15101399476120134,scr2004,mustOut,psngRail
LV,h0286,0.05391503123440817,scr2004,mustOut,psngRail
LV,h0287,0.021639443912109882,scr2004,mustOut,psngRail
LV,h0288,0.012693861185553875,scr2004,mustOut,psngRail
ME,h0241,0.004862901147644737,scr2004,mustOut,psngRail
ME,h0242,0.0010862288027117335,scr2004,mustOut,psngRail
ME,h0243,0.0,scr2004,mustOut,psngRail
ME,h0244,0.0,scr2004,mustOut,psngRail
ME,h0245,0.0,scr2004,mustOut,psngRail
ME,h0246,0.0035388391720440632,scr2004,mustOut,psngRail
ME,h0247,0.060755384199463046,scr2004,mustOut,psngRail
ME,h0248,0.2843374460205613,scr2004,mustOut,psngRail
ME,h0249,0.38969231292583884,scr2004,mustOut,psngRail
ME,h0250,0.2848796979935783,scr2004,mustOut,psngRail
ME,h0251,0.09149845950848637,scr2004,mustOut,psngRail
ME,h0252,0.04971415872731767,scr2004,mustOut,psngRail
ME,h0253,0.05451979837452527,scr2004,mustOut,psngRail
ME,h0254,0.06956888070200491,scr2004,mustOut,psngRail
ME,h0255,0.0784454499800861,scr2004,mustOut,psngRail
ME,h0256,0.09367535859313524,scr2004,mustOut,psngRail
ME,h0257,0.16379427406014685,scr2004,mustOut,psngRail
ME,h0258,0.32763937504284846,scr2004,mustOut,psngRail
ME,h0259,0.4264471304409828,scr2004,mustOut,psngRail
ME,h0260,0.33753228998195184,scr2004,mustOut,psngRail
ME,h0261,0.15101399476120134,scr2004,mustOut,psngRail
ME,h0262,0.05391503123440817,scr2004,mustOut,psngRail
ME,h0263,0.021639443912109882,scr2004,mustOut,psngRail
ME,h0264,0.012693861185553875,scr2004,mustOut,psngRail
ME,h0265,0.004862901147644737,scr2004,mustOut,psngRail
ME,h0266,0.0010862288027117335,scr2004,mustOut,psngRail
ME,h0267,0.0,scr2004,mustOut,psngRail
ME,h0268,0.0,scr2004,mustOut,psngRail
ME,h0269,0.0,scr2004,mustOut,psngRail
ME,h0270,0.0035388391720440632,scr2004,mustOut,psngRail
ME,h0271,0.060755384199463046,scr2004,mustOut,psngRail
ME,h0272,0.2843374460205613,scr2004,mustOut,psngRail
ME,h0273,0.38969231292583884,scr2004,mustOut,psngRail
ME,h0274,0.2848796979935783,scr2004,mustOut,psngRail
ME,h0275,0.09149845950848637,scr2004,mustOut,psngRail
ME,h0276,0.04971415872731767,scr2004,mustOut,psngRail
ME,h0277,0.09477280640445224,scr2004,mustOut,psngRail
ME,h0278,0.16106595932388038,scr2004,mustOut,psngRail
ME,h0279,0.24641155743439203,scr2004,mustOut,psngRail
ME,h0280,0.23421488407637367,scr2004,mustOut,psngRail
ME,h0281,0.28109626732628,scr2004,mustOut,psngRail
ME,h0282,0.340162956433761,scr2004,mustOut,psngRail
ME,h0283,0.40152133752185815,scr2004,mustOut,psngRail
ME,h0284,0.2994351071732557,scr2004,mustOut,psngRail
ME,h0285,0.15101399476120134,scr2004,mustOut,psngRail
ME,h0286,0.05391503123440817,scr2004,mustOut,psngRail
ME,h0287,0.021639443912109882,scr2004,mustOut,psngRail
ME,h0288,0.012693861185553875,scr2004,mustOut,psngRail
LT,h0241,0.004862901147644737,scr2004,mustOut,psngRail
LT,h0242,0.0010862288027117335,scr2004,mustOut,psngRail
LT,h0243,0.0,scr2004,mustOut,psngRail
LT,h0244,0.0,scr2004,mustOut,psngRail
LT,h0245,0.0,scr2004,mustOut,psngRail
LT,h0246,0.0035388391720440632,scr2004,mustOut,psngRail
LT,h0247,0.060755384199463046,scr2004,mustOut,psngRail
LT,h0248,0.2843374460205613,scr2004,mustOut,psngRail
LT,h0249,0.38969231292583884,scr2004,mustOut,psngRail
LT,h0250,0.2848796979935783,scr2004,mustOut,psngRail
LT,h0251,0.09149845950848637,scr2004,mustOut,psngRail
LT,h0252,0.04971415872731767,scr2004,mustOut,psngRail
LT,h0253,0.05451979837452527,scr2004,mustOut,psngRail
LT,h0254,0.06956888070200491,scr2004,mustOut,psngRail
LT,h0255,0.0784454499800861,scr2004,mustOut,psngRail
LT,h0256,0.09367535859313524,scr2004,mustOut,psngRail
LT,h0257,0.16379427406014685,scr2004,mustOut,psngRail
LT,h0258,0.32763937504284846,scr2004,mustOut,psngRail
LT,h0259,0.4264471304409828,scr2004,mustOut,psngRail
LT,h0260,0.33753228998195184,scr2004,mustOut,psngRail
LT,h0261,0.15101399476120134,scr2004,mustOut,psngRail
LT,h0262,0.05391503123440817,scr2004,mustOut,psngRail
LT,h0263,0.021639443912109882,scr2004,mustOut,psngRail
LT,h0264,0.012693861185553875,scr2004,mustOut,psngRail
LT,h0265,0.004862901147644737,scr2004,mustOut,psngRail
LT,h0266,0.0010862288027117335,scr2004,mustOut,psngRail
LT,h0267,0.0,scr2004,mustOut,psngRail
LT,h0268,0.0,scr2004,mustOut,psngRail
LT,h0269,0.0,scr2004,mustOut,psngRail
LT,h0270,0.0035388391720440632,scr2004,mustOut,psngRail
LT,h0271,0.060755384199463046,scr2004,mustOut,psngRail
LT,h0272,0.2843374460205613,scr2004,mustOut,psngRail
LT,h0273,0.38969231292583884,scr2004,mustOut,psngRail
LT,h0274,0.2848796979935783,scr2004,mustOut,psngRail
LT,h0275,0.09149845950848637,scr2004,mustOut,psngRail
LT,h0276,0.04971415872731767,scr2004,mustOut,psngRail
LT,h0277,0.09477280640445224,scr2004,mustOut,psngRail
LT,h0278,0.16106595932388038,scr2004,mustOut,psngRail
LT,h0279,0.24641155743439203,scr2004,mustOut,psngRail
LT,h0280,0.23421488407637367,scr2004,mustOut,psngRail
LT,h0281,0.28109626732628,scr2004,mustOut,psngRail
LT,h0282,0.340162956433761,scr2004,mustOut,psngRail
LT,h0283,0.40152133752185815,scr2004,mustOut,psngRail
LT,h0284,0.2994351071732557,scr2004,mustOut,psngRail
LT,h0285,0.15101399476120134,scr2004,mustOut,psngRail
LT,h0286,0.05391503123440817,scr2004,mustOut,psngRail
LT,h0287,0.021639443912109882,scr2004,mustOut,psngRail
LT,h0288,0.012693861185553875,scr2004,mustOut,psngRail
LU,h0241,0.004862901147644737,scr2004,mustOut,psngRail
LU,h0242,0.0010862288027117335,scr2004,mustOut,psngRail
LU,h0243,0.0,scr2004,mustOut,psngRail
LU,h0244,0.0,scr2004,mustOut,psngRail
LU,h0245,0.0,scr2004,mustOut,psngRail
LU,h0246,0.0035388391720440632,scr2004,mustOut,psngRail
LU,h0247,0.060755384199463046,scr2004,mustOut,psngRail
LU,h0248,0.2843374460205613,scr2004,mustOut,psngRail
LU,h0249,0.38969231292583884,scr2004,mustOut,psngRail
LU,h0250,0.2848796979935783,scr2004,mustOut,psngRail
LU,h0251,0.09149845950848637,scr2004,mustOut,psngRail
LU,h0252,0.04971415872731767,scr2004,mustOut,psngRail
LU,h0253,0.05451979837452527,scr2004,mustOut,psngRail
LU,h0254,0.06956888070200491,scr2004,mustOut,psngRail
LU,h0255,0.0784454499800861,scr2004,mustOut,psngRail
LU,h0256,0.09367535859313524,scr2004,mustOut,psngRail
LU,h0257,0.16379427406014685,scr2004,mustOut,psngRail
LU,h0258,0.32763937504284846,scr2004,mustOut,psngRail
LU,h0259,0.4264471304409828,scr2004,mustOut,psngRail
LU,h0260,0.33753228998195184,scr2004,mustOut,psngRail
LU,h0261,0.15101399476120134,scr2004,mustOut,psngRail
LU,h0262,0.05391503123440817,scr2004,mustOut,psngRail
LU,h0263,0.021639443912109882,scr2004,mustOut,psngRail
LU,h0264,0.012693861185553875,scr2004,mustOut,psngRail
LU,h0265,0.004862901147644737,scr2004,mustOut,psngRail
LU,h0266,0.0010862288027117335,scr2004,mustOut,psngRail
LU,h0267,0.0,scr2004,mustOut,psngRail
LU,h0268,0.0,scr2004,mustOut,psngRail
LU,h0269,0.0,scr2004,mustOut,psngRail
LU,h0270,0.0035388391720440632,scr2004,mustOut,psngRail
LU,h0271,0.060755384199463046,scr2004,mustOut,psngRail
LU,h0272,0.2843374460205613,scr2004,mustOut,psngRail
LU,h0273,0.38969231292583884,scr2004,mustOut,psngRail
LU,h0274,0.2848796979935783,scr2004,mustOut,psngRail
LU,h0275,0.09149845950848637,scr2004,mustOut,psngRail
LU,h0276,0.04971415872731767,scr2004,mustOut,psngRail
LU,h0277,0.09477280640445224,scr2004,mustOut,psngRail
LU,h0278,0.16106595932388038,scr2004,mustOut,psngRail
LU,h0279,0.24641155743439203,scr2004,mustOut,psngRail
LU,h0280,0.23421488407637367,scr2004,mustOut,psngRail
LU,h0281,0.28109626732628,scr2004,mustOut,psngRail
LU,h0282,0.340162956433761,scr2004,mustOut,psngRail
LU,h0283,0.40152133752185815,scr2004,mustOut,psngRail
LU,h0284,0.2994351071732557,scr2004,mustOut,psngRail
LU,h0285,0.15101399476120134,scr2004,mustOut,psngRail
LU,h0286,0.05391503123440817,scr2004,mustOut,psngRail
LU,h0287,0.021639443912109882,scr2004,mustOut,psngRail
LU,h0288,0.012693861185553875,scr2004,mustOut,psngRail
NO,h0241,0.004862901147644734,scr2004,mustOut,psngRail
NO,h0242,0.0010862288027117327,scr2004,mustOut,psngRail
NO,h0243,0.0,scr2004,mustOut,psngRail
NO,h0244,0.0,scr2004,mustOut,psngRail
NO,h0245,0.0,scr2004,mustOut,psngRail
NO,h0246,0.0035388391720440598,scr2004,mustOut,psngRail
NO,h0247,0.06075538419946302,scr2004,mustOut,psngRail
NO,h0248,0.28433744602056116,scr2004,mustOut,psngRail
NO,h0249,0.3896923129258386,scr2004,mustOut,psngRail
NO,h0250,0.28487969799357815,scr2004,mustOut,psngRail
NO,h0251,0.09149845950848635,scr2004,mustOut,psngRail
NO,h0252,0.049714158727317645,scr2004,mustOut,psngRail
NO,h0253,0.054519798374525245,scr2004,mustOut,psngRail
NO,h0254,0.06956888070200487,scr2004,mustOut,psngRail
NO,h0255,0.07844544998008607,scr2004,mustOut,psngRail
NO,h0256,0.09367535859313522,scr2004,mustOut,psngRail
NO,h0257,0.16379427406014677,scr2004,mustOut,psngRail
NO,h0258,0.3276393750428483,scr2004,mustOut,psngRail
NO,h0259,0.4264471304409826,scr2004,mustOut,psngRail
NO,h0260,0.33753228998195167,scr2004,mustOut,psngRail
NO,h0261,0.15101399476120128,scr2004,mustOut,psngRail
NO,h0262,0.053915031234408134,scr2004,mustOut,psngRail
NO,h0263,0.02163944391210987,scr2004,mustOut,psngRail
NO,h0264,0.012693861185553866,scr2004,mustOut,psngRail
NO,h0265,0.004862901147644734,scr2004,mustOut,psngRail
NO,h0266,0.0010862288027117327,scr2004,mustOut,psngRail
NO,h0267,0.0,scr2004,mustOut,psngRail
NO,h0268,0.0,scr2004,mustOut,psngRail
NO,h0269,0.0,scr2004,mustOut,psngRail
NO,h0270,0.0035388391720440598,scr2004,mustOut,psngRail
NO,h0271,0.06075538419946302,scr2004,mustOut,psngRail
NO,h0272,0.28433744602056116,scr2004,mustOut,psngRail
NO,h0273,0.3896923129258386,scr2004,mustOut,psngRail
NO,h0274,0.28487969799357815,scr2004,mustOut,psngRail
NO,h0275,0.09149845950848635,scr2004,mustOut,psngRail
NO,h0276,0.049714158727317645,scr2004,mustOut,psngRail
NO,h0277,0.09477280640445215,scr2004,mustOut,psngRail
NO,h0278,0.1610659593238803,scr2004,mustOut,psngRail
NO,h0279,0.24641155743439191,scr2004,mustOut,psngRail
NO,h0280,0.23421488407637353,scr2004,mustOut,psngRail
NO,h0281,0.2810962673262799,scr2004,mustOut,psngRail
NO,h0282,0.3401629564337608,scr2004,mustOut,psngRail
NO,h0283,0.401521337521858,scr2004,mustOut,psngRail
NO,h0284,0.29943510717325567,scr2004,mustOut,psngRail
NO,h0285,0.15101399476120128,scr2004,mustOut,psngRail
NO,h0286,0.053915031234408134,scr2004,mustOut,psngRail
NO,h0287,0.02163944391210987,scr2004,mustOut,psngRail
NO,h0288,0.012693861185553866,scr2004,mustOut,psngRail
PL,h0241,0.004862901147644737,scr2004,mustOut,psngRail
PL,h0242,0.0010862288027117335,scr2004,mustOut,psngRail
PL,h0243,0.0,scr2004,mustOut,psngRail
PL,h0244,0.0,scr2004,mustOut,psngRail
PL,h0245,0.0,scr2004,mustOut,psngRail
PL,h0246,0.0035388391720440632,scr2004,mustOut,psngRail
PL,h0247,0.060755384199463046,scr2004,mustOut,psngRail
PL,h0248,0.2843374460205613,scr2004,mustOut,psngRail
PL,h0249,0.38969231292583884,scr2004,mustOut,psngRail
PL,h0250,0.2848796979935783,scr2004,mustOut,psngRail
PL,h0251,0.09149845950848637,scr2004,mustOut,psngRail
PL,h0252,0.04971415872731767,scr2004,mustOut,psngRail
PL,h0253,0.05451979837452527,scr2004,mustOut,psngRail
PL,h0254,0.06956888070200491,scr2004,mustOut,psngRail
PL,h0255,0.0784454499800861,scr2004,mustOut,psngRail
PL,h0256,0.09367535859313524,scr2004,mustOut,psngRail
PL,h0257,0.16379427406014685,scr2004,mustOut,psngRail
PL,h0258,0.32763937504284846,scr2004,mustOut,psngRail
PL,h0259,0.4264471304409828,scr2004,mustOut,psngRail
PL,h0260,0.33753228998195184,scr2004,mustOut,psngRail
PL,h0261,0.15101399476120134,scr2004,mustOut,psngRail
PL,h0262,0.05391503123440817,scr2004,mustOut,psngRail
PL,h0263,0.021639443912109882,scr2004,mustOut,psngRail
PL,h0264,0.012693861185553877,scr2004,mustOut,psngRail
PL,h0265,0.004862901147644737,scr2004,mustOut,psngRail
PL,h0266,0.0010862288027117335,scr2004,mustOut,psngRail
PL,h0267,0.0,scr2004,mustOut,psngRail
PL,h0268,0.0,scr2004,mustOut,psngRail
PL,h0269,0.0,scr2004,mustOut,psngRail
PL,h0270,0.0035388391720440632,scr2004,mustOut,psngRail
PL,h0271,0.060755384199463046,scr2004,mustOut,psngRail
PL,h0272,0.2843374460205613,scr2004,mustOut,psngRail
PL,h0273,0.38969231292583884,scr2004,mustOut,psngRail
PL,h0274,0.2848796979935783,scr2004,mustOut,psngRail
PL,h0275,0.09149845950848637,scr2004,mustOut,psngRail
PL,h0276,0.04971415872731767,scr2004,mustOut,psngRail
PL,h0277,0.09477280640445228,scr2004,mustOut,psngRail
PL,h0278,0.16106595932388038,scr2004,mustOut,psngRail
PL,h0279,0.24641155743439203,scr2004,mustOut,psngRail
PL,h0280,0.23421488407637367,scr2004,mustOut,psngRail
PL,h0281,0.28109626732628,scr2004,mustOut,psngRail
PL,h0282,0.340162956433761,scr2004,mustOut,psngRail
PL,h0283,0.40152133752185815,scr2004,mustOut,psngRail
PL,h0284,0.2994351071732557,scr2004,mustOut,psngRail
PL,h0285,0.15101399476120134,scr2004,mustOut,psngRail
PL,h0286,0.05391503123440817,scr2004,mustOut,psngRail
PL,h0287,0.021639443912109882,scr2004,mustOut,psngRail
PL,h0288,0.012693861185553877,scr2004,mustOut,psngRail
RO,h0241,0.004862901147644739,scr2004,mustOut,psngRail
RO,h0242,0.001086228802711734,scr2004,mustOut,psngRail
RO,h0243,0.0,scr2004,mustOut,psngRail
RO,h0244,0.0,scr2004,mustOut,psngRail
RO,h0245,0.0,scr2004,mustOut,psngRail
RO,h0246,0.0035388391720440637,scr2004,mustOut,psngRail
RO,h0247,0.060755384199463046,scr2004,mustOut,psngRail
RO,h0248,0.2843374460205613,scr2004,mustOut,psngRail
RO,h0249,0.3896923129258389,scr2004,mustOut,psngRail
RO,h0250,0.2848796979935784,scr2004,mustOut,psngRail
RO,h0251,0.09149845950848641,scr2004,mustOut,psngRail
RO,h0252,0.04971415872731768,scr2004,mustOut,psngRail
RO,h0253,0.05451979837452528,scr2004,mustOut,psngRail
RO,h0254,0.06956888070200491,scr2004,mustOut,psngRail
RO,h0255,0.0784454499800861,scr2004,mustOut,psngRail
RO,h0256,0.09367535859313525,scr2004,mustOut,psngRail
RO,h0257,0.16379427406014688,scr2004,mustOut,psngRail
RO,h0258,0.3276393750428485,scr2004,mustOut,psngRail
RO,h0259,0.42644713044098287,scr2004,mustOut,psngRail
RO,h0260,0.3375322899819519,scr2004,mustOut,psngRail
RO,h0261,0.15101399476120136,scr2004,mustOut,psngRail
RO,h0262,0.053915031234408176,scr2004,mustOut,psngRail
RO,h0263,0.021639443912109885,scr2004,mustOut,psngRail
RO,h0264,0.012693861185553879,scr2004,mustOut,psngRail
RO,h0265,0.004862901147644739,scr2004,mustOut,psngRail
RO,h0266,0.001086228802711734,scr2004,mustOut,psngRail
RO,h0267,0.0,scr2004,mustOut,psngRail
RO,h0268,0.0,scr2004,mustOut,psngRail
RO,h0269,0.0,scr2004,mustOut,psngRail
RO,h0270,0.0035388391720440637,scr2004,mustOut,psngRail
RO,h0271,0.060755384199463046,scr2004,mustOut,psngRail
RO,h0272,0.2843374460205613,scr2004,mustOut,psngRail
RO,h0273,0.3896923129258389,scr2004,mustOut,psngRail
RO,h0274,0.2848796979935784,scr2004,mustOut,psngRail
RO,h0275,0.09149845950848641,scr2004,mustOut,psngRail
RO,h0276,0.04971415872731768,scr2004,mustOut,psngRail
RO,h0277,0.09477280640445229,scr2004,mustOut,psngRail
RO,h0278,0.1610659593238804,scr2004,mustOut,psngRail
RO,h0279,0.24641155743439208,scr2004,mustOut,psngRail
RO,h0280,0.2342148840763737,scr2004,mustOut,psngRail
RO,h0281,0.28109626732628007,scr2004,mustOut,psngRail
RO,h0282,0.34016295643376104,scr2004,mustOut,psngRail
RO,h0283,0.4015213375218582,scr2004,mustOut,psngRail
RO,h0284,0.2994351071732558,scr2004,mustOut,psngRail
RO,h0285,0.15101399476120136,scr2004,mustOut,psngRail
RO,h0286,0.053915031234408176,scr2004,mustOut,psngRail
RO,h0287,0.021639443912109885,scr2004,mustOut,psngRail
RO,h0288,0.012693861185553879,scr2004,mustOut,psngRail
PT,h0241,0.004862901147644737,scr2004,mustOut,psngRail
PT,h0242,0.0010862288027117335,scr2004,mustOut,psngRail
PT,h0243,0.0,scr2004,mustOut,psngRail
PT,h0244,0.0,scr2004,mustOut,psngRail
PT,h0245,0.0,scr2004,mustOut,psngRail
PT,h0246,0.0035388391720440632,scr2004,mustOut,psngRail
PT,h0247,0.060755384199463046,scr2004,mustOut,psngRail
PT,h0248,0.2843374460205613,scr2004,mustOut,psngRail
PT,h0249,0.38969231292583884,scr2004,mustOut,psngRail
PT,h0250,0.2848796979935783,scr2004,mustOut,psngRail
PT,h0251,0.09149845950848637,scr2004,mustOut,psngRail
PT,h0252,0.04971415872731767,scr2004,mustOut,psngRail
PT,h0253,0.05451979837452527,scr2004,mustOut,psngRail
PT,h0254,0.06956888070200491,scr2004,mustOut,psngRail
PT,h0255,0.0784454499800861,scr2004,mustOut,psngRail
PT,h0256,0.09367535859313524,scr2004,mustOut,psngRail
PT,h0257,0.16379427406014685,scr2004,mustOut,psngRail
PT,h0258,0.32763937504284846,scr2004,mustOut,psngRail
PT,h0259,0.4264471304409828,scr2004,mustOut,psngRail
PT,h0260,0.33753228998195184,scr2004,mustOut,psngRail
PT,h0261,0.15101399476120134,scr2004,mustOut,psngRail
PT,h0262,0.05391503123440817,scr2004,mustOut,psngRail
PT,h0263,0.021639443912109882,scr2004,mustOut,psngRail
PT,h0264,0.012693861185553875,scr2004,mustOut,psngRail
PT,h0265,0.004862901147644737,scr2004,mustOut,psngRail
PT,h0266,0.0010862288027117335,scr2004,mustOut,psngRail
PT,h0267,0.0,scr2004,mustOut,psngRail
PT,h0268,0.0,scr2004,mustOut,psngRail
PT,h0269,0.0,scr2004,mustOut,psngRail
PT,h0270,0.0035388391720440632,scr2004,mustOut,psngRail
PT,h0271,0.060755384199463046,scr2004,mustOut,psngRail
PT,h0272,0.2843374460205613,scr2004,mustOut,psngRail
PT,h0273,0.38969231292583884,scr2004,mustOut,psngRail
PT,h0274,0.2848796979935783,scr2004,mustOut,psngRail
PT,h0275,0.09149845950848637,scr2004,mustOut,psngRail
PT,h0276,0.04971415872731767,scr2004,mustOut,psngRail
PT,h0277,0.09477280640445224,scr2004,mustOut,psngRail
PT,h0278,0.16106595932388038,scr2004,mustOut,psngRail
PT,h0279,0.24641155743439203,scr2004,mustOut,psngRail
PT,h0280,0.23421488407637367,scr2004,mustOut,psngRail
PT,h0281,0.28109626732628,scr2004,mustOut,psngRail
PT,h0282,0.340162956433761,scr2004,mustOut,psngRail
PT,h0283,0.40152133752185815,scr2004,mustOut,psngRail
PT,h0284,0.2994351071732557,scr2004,mustOut,psngRail
PT,h0285,0.15101399476120134,scr2004,mustOut,psngRail
PT,h0286,0.05391503123440817,scr2004,mustOut,psngRail
PT,h0287,0.021639443912109882,scr2004,mustOut,psngRail
PT,h0288,0.012693861185553875,scr2004,mustOut,psngRail
SK,h0241,0.004862901147644737,scr2004,mustOut,psngRail
SK,h0242,0.0010862288027117335,scr2004,mustOut,psngRail
SK,h0243,0.0,scr2004,mustOut,psngRail
SK,h0244,0.0,scr2004,mustOut,psngRail
SK,h0245,0.0,scr2004,mustOut,psngRail
SK,h0246,0.0035388391720440632,scr2004,mustOut,psngRail
SK,h0247,0.060755384199463046,scr2004,mustOut,psngRail
SK,h0248,0.2843374460205613,scr2004,mustOut,psngRail
SK,h0249,0.38969231292583884,scr2004,mustOut,psngRail
SK,h0250,0.2848796979935783,scr2004,mustOut,psngRail
SK,h0251,0.09149845950848637,scr2004,mustOut,psngRail
SK,h0252,0.04971415872731767,scr2004,mustOut,psngRail
SK,h0253,0.05451979837452527,scr2004,mustOut,psngRail
SK,h0254,0.06956888070200491,scr2004,mustOut,psngRail
SK,h0255,0.0784454499800861,scr2004,mustOut,psngRail
SK,h0256,0.09367535859313524,scr2004,mustOut,psngRail
SK,h0257,0.16379427406014685,scr2004,mustOut,psngRail
SK,h0258,0.32763937504284846,scr2004,mustOut,psngRail
SK,h0259,0.4264471304409828,scr2004,mustOut,psngRail
SK,h0260,0.33753228998195184,scr2004,mustOut,psngRail
SK,h0261,0.15101399476120134,scr2004,mustOut,psngRail
SK,h0262,0.05391503123440817,scr2004,mustOut,psngRail
SK,h0263,0.021639443912109882,scr2004,mustOut,psngRail
SK,h0264,0.012693861185553875,scr2004,mustOut,psngRail
SK,h0265,0.004862901147644737,scr2004,mustOut,psngRail
SK,h0266,0.0010862288027117335,scr2004,mustOut,psngRail
SK,h0267,0.0,scr2004,mustOut,psngRail
SK,h0268,0.0,scr2004,mustOut,psngRail
SK,h0269,0.0,scr2004,mustOut,psngRail
SK,h0270,0.0035388391720440632,scr2004,mustOut,psngRail
SK,h0271,0.060755384199463046,scr2004,mustOut,psngRail
SK,h0272,0.2843374460205613,scr2004,mustOut,psngRail
SK,h0273,0.38969231292583884,scr2004,mustOut,psngRail
SK,h0274,0.2848796979935783,scr2004,mustOut,psngRail
SK,h0275,0.09149845950848637,scr2004,mustOut,psngRail
SK,h0276,0.04971415872731767,scr2004,mustOut,psngRail
SK,h0277,0.09477280640445224,scr2004,mustOut,psngRail
SK,h0278,0.16106595932388038,scr2004,mustOut,psngRail
SK,h0279,0.24641155743439203,scr2004,mustOut,psngRail
SK,h0280,0.23421488407637367,scr2004,mustOut,psngRail
SK,h0281,0.28109626732628,scr2004,mustOut,psngRail
SK,h0282,0.340162956433761,scr2004,mustOut,psngRail
SK,h0283,0.40152133752185815,scr2004,mustOut,psngRail
SK,h0284,0.2994351071732557,scr2004,mustOut,psngRail
SK,h0285,0.15101399476120134,scr2004,mustOut,psngRail
SK,h0286,0.05391503123440817,scr2004,mustOut,psngRail
SK,h0287,0.021639443912109882,scr2004,mustOut,psngRail
SK,h0288,0.012693861185553875,scr2004,mustOut,psngRail
SI,h0241,0.004862901147644737,scr2004,mustOut,psngRail
SI,h0242,0.0010862288027117335,scr2004,mustOut,psngRail
SI,h0243,0.0,scr2004,mustOut,psngRail
SI,h0244,0.0,scr2004,mustOut,psngRail
SI,h0245,0.0,scr2004,mustOut,psngRail
SI,h0246,0.0035388391720440632,scr2004,mustOut,psngRail
SI,h0247,0.060755384199463046,scr2004,mustOut,psngRail
SI,h0248,0.2843374460205613,scr2004,mustOut,psngRail
SI,h0249,0.38969231292583884,scr2004,mustOut,psngRail
SI,h0250,0.2848796979935783,scr2004,mustOut,psngRail
SI,h0251,0.09149845950848637,scr2004,mustOut,psngRail
SI,h0252,0.04971415872731767,scr2004,mustOut,psngRail
SI,h0253,0.05451979837452527,scr2004,mustOut,psngRail
SI,h0254,0.06956888070200491,scr2004,mustOut,psngRail
SI,h0255,0.0784454499800861,scr2004,mustOut,psngRail
SI,h0256,0.09367535859313524,scr2004,mustOut,psngRail
SI,h0257,0.16379427406014685,scr2004,mustOut,psngRail
SI,h0258,0.32763937504284846,scr2004,mustOut,psngRail
SI,h0259,0.4264471304409828,scr2004,mustOut,psngRail
SI,h0260,0.33753228998195184,scr2004,mustOut,psngRail
SI,h0261,0.15101399476120134,scr2004,mustOut,psngRail
SI,h0262,0.05391503123440817,scr2004,mustOut,psngRail
SI,h0263,0.021639443912109882,scr2004,mustOut,psngRail
SI,h0264,0.012693861185553875,scr2004,mustOut,psngRail
SI,h0265,0.004862901147644737,scr2004,mustOut,psngRail
SI,h0266,0.0010862288027117335,scr2004,mustOut,psngRail
SI,h0267,0.0,scr2004,mustOut,psngRail
SI,h0268,0.0,scr2004,mustOut,psngRail
SI,h0269,0.0,scr2004,mustOut,psngRail
SI,h0270,0.0035388391720440632,scr2004,mustOut,psngRail
SI,h0271,0.060755384199463046,scr2004,mustOut,psngRail
SI,h0272,0.2843374460205613,scr2004,mustOut,psngRail
SI,h0273,0.38969231292583884,scr2004,mustOut,psngRail
SI,h0274,0.2848796979935783,scr2004,mustOut,psngRail
SI,h0275,0.09149845950848637,scr2004,mustOut,psngRail
SI,h0276,0.04971415872731767,scr2004,mustOut,psngRail
SI,h0277,0.09477280640445224,scr2004,mustOut,psngRail
SI,h0278,0.16106595932388038,scr2004,mustOut,psngRail
SI,h0279,0.24641155743439203,scr2004,mustOut,psngRail
SI,h0280,0.23421488407637367,scr2004,mustOut,psngRail
SI,h0281,0.28109626732628,scr2004,mustOut,psngRail
SI,h0282,0.340162956433761,scr2004,mustOut,psngRail
SI,h0283,0.40152133752185815,scr2004,mustOut,psngRail
SI,h0284,0.2994351071732557,scr2004,mustOut,psngRail
SI,h0285,0.15101399476120134,scr2004,mustOut,psngRail
SI,h0286,0.05391503123440817,scr2004,mustOut,psngRail
SI,h0287,0.021639443912109882,scr2004,mustOut,psngRail
SI,h0288,0.012693861185553875,scr2004,mustOut,psngRail
SE,h0241,0.004862901147644737,scr2004,mustOut,psngRail
SE,h0242,0.0010862288027117335,scr2004,mustOut,psngRail
SE,h0243,0.0,scr2004,mustOut,psngRail
SE,h0244,0.0,scr2004,mustOut,psngRail
SE,h0245,0.0,scr2004,mustOut,psngRail
SE,h0246,0.0035388391720440632,scr2004,mustOut,psngRail
SE,h0247,0.060755384199463046,scr2004,mustOut,psngRail
SE,h0248,0.2843374460205613,scr2004,mustOut,psngRail
SE,h0249,0.38969231292583884,scr2004,mustOut,psngRail
SE,h0250,0.2848796979935783,scr2004,mustOut,psngRail
SE,h0251,0.09149845950848637,scr2004,mustOut,psngRail
SE,h0252,0.04971415872731767,scr2004,mustOut,psngRail
SE,h0253,0.05451979837452527,scr2004,mustOut,psngRail
SE,h0254,0.06956888070200491,scr2004,mustOut,psngRail
SE,h0255,0.0784454499800861,scr2004,mustOut,psngRail
SE,h0256,0.09367535859313524,scr2004,mustOut,psngRail
SE,h0257,0.16379427406014685,scr2004,mustOut,psngRail
SE,h0258,0.32763937504284846,scr2004,mustOut,psngRail
SE,h0259,0.4264471304409828,scr2004,mustOut,psngRail
SE,h0260,0.33753228998195184,scr2004,mustOut,psngRail
SE,h0261,0.15101399476120134,scr2004,mustOut,psngRail
SE,h0262,0.05391503123440817,scr2004,mustOut,psngRail
SE,h0263,0.021639443912109882,scr2004,mustOut,psngRail
SE,h0264,0.012693861185553875,scr2004,mustOut,psngRail
SE,h0265,0.004862901147644737,scr2004,mustOut,psngRail
SE,h0266,0.0010862288027117335,scr2004,mustOut,psngRail
SE,h0267,0.0,scr2004,mustOut,psngRail
SE,h0268,0.0,scr2004,mustOut,psngRail
SE,h0269,0.0,scr2004,mustOut,psngRail
SE,h0270,0.0035388391720440632,scr2004,mustOut,psngRail
SE,h0271,0.060755384199463046,scr2004,mustOut,psngRail
SE,h0272,0.2843374460205613,scr2004,mustOut,psngRail
SE,h0273,0.38969231292583884,scr2004,mustOut,psngRail
SE,h0274,0.2848796979935783,scr2004,mustOut,psngRail
SE,h0275,0.09149845950848637,scr2004,mustOut,psngRail
SE,h0276,0.04971415872731767,scr2004,mustOut,psngRail
SE,h0277,0.09477280640445224,scr2004,mustOut,psngRail
SE,h0278,0.16106595932388038,scr2004,mustOut,psngRail
SE,h0279,0.24641155743439203,scr2004,mustOut,psngRail
SE,h0280,0.23421488407637367,scr2004,mustOut,psngRail
SE,h0281,0.28109626732628,scr2004,mustOut,psngRail
SE,h0282,0.340162956433761,scr2004,mustOut,psngRail
SE,h0283,0.40152133752185815,scr2004,mustOut,psngRail
SE,h0284,0.2994351071732557,scr2004,mustOut,psngRail
SE,h0285,0.15101399476120134,scr2004,mustOut,psngRail
SE,h0286,0.05391503123440817,scr2004,mustOut,psngRail
SE,h0287,0.021639443912109882,scr2004,mustOut,psngRail
SE,h0288,0.012693861185553875,scr2004,mustOut,psngRail
UK,h0241,0.004862901147644734,scr2004,mustOut,psngRail
UK,h0242,0.0010862288027117327,scr2004,mustOut,psngRail
UK,h0243,0.0,scr2004,mustOut,psngRail
UK,h0244,0.0,scr2004,mustOut,psngRail
UK,h0245,0.0,scr2004,mustOut,psngRail
UK,h0246,0.0035388391720440598,scr2004,mustOut,psngRail
UK,h0247,0.06075538419946302,scr2004,mustOut,psngRail
UK,h0248,0.28433744602056116,scr2004,mustOut,psngRail
UK,h0249,0.3896923129258386,scr2004,mustOut,psngRail
UK,h0250,0.28487969799357815,scr2004,mustOut,psngRail
UK,h0251,0.09149845950848631,scr2004,mustOut,psngRail
UK,h0252,0.049714158727317645,scr2004,mustOut,psngRail
UK,h0253,0.054519798374525245,scr2004,mustOut,psngRail
UK,h0254,0.06956888070200487,scr2004,mustOut,psngRail
UK,h0255,0.07844544998008607,scr2004,mustOut,psngRail
UK,h0256,0.09367535859313522,scr2004,mustOut,psngRail
UK,h0257,0.16379427406014677,scr2004,mustOut,psngRail
UK,h0258,0.3276393750428484,scr2004,mustOut,psngRail
UK,h0259,0.42644713044098276,scr2004,mustOut,psngRail
UK,h0260,0.3375322899819518,scr2004,mustOut,psngRail
UK,h0261,0.15101399476120128,scr2004,mustOut,psngRail
UK,h0262,0.053915031234408134,scr2004,mustOut,psngRail
UK,h0263,0.02163944391210987,scr2004,mustOut,psngRail
UK,h0264,0.012693861185553866,scr2004,mustOut,psngRail
UK,h0265,0.004862901147644734,scr2004,mustOut,psngRail
UK,h0266,0.0010862288027117327,scr2004,mustOut,psngRail
UK,h0267,0.0,scr2004,mustOut,psngRail
UK,h0268,0.0,scr2004,mustOut,psngRail
UK,h0269,0.0,scr2004,mustOut,psngRail
UK,h0270,0.0035388391720440598,scr2004,mustOut,psngRail
UK,h0271,0.06075538419946302,scr2004,mustOut,psngRail
UK,h0272,0.28433744602056116,scr2004,mustOut,psngRail
UK,h0273,0.3896923129258386,scr2004,mustOut,psngRail
UK,h0274,0.28487969799357815,scr2004,mustOut,psngRail
UK,h0275,0.09149845950848631,scr2004,mustOut,psngRail
UK,h0276,0.049714158727317645,scr2004,mustOut,psngRail
UK,h0277,0.09477280640445215,scr2004,mustOut,psngRail
UK,h0278,0.1610659593238803,scr2004,mustOut,psngRail
UK,h0279,0.24641155743439191,scr2004,mustOut,psngRail
UK,h0280,0.23421488407637353,scr2004,mustOut,psngRail
UK,h0281,0.2810962673262799,scr2004,mustOut,psngRail
UK,h0282,0.3401629564337608,scr2004,mustOut,psngRail
UK,h0283,0.401521337521858,scr2004,mustOut,psngRail
UK,h0284,0.29943510717325567,scr2004,mustOut,psngRail
UK,h0285,0.15101399476120128,scr2004,mustOut,psngRail
UK,h0286,0.053915031234408134,scr2004,mustOut,psngRail
UK,h0287,0.02163944391210987,scr2004,mustOut,psngRail
UK,h0288,0.012693861185553866,scr2004,mustOut,psngRail
RS,h0241,0.004862901147644737,scr2004,mustOut,psngRail
RS,h0242,0.0010862288027117335,scr2004,mustOut,psngRail
RS,h0243,0.0,scr2004,mustOut,psngRail
RS,h0244,0.0,scr2004,mustOut,psngRail
RS,h0245,0.0,scr2004,mustOut,psngRail
RS,h0246,0.0035388391720440632,scr2004,mustOut,psngRail
RS,h0247,0.060755384199463046,scr2004,mustOut,psngRail
RS,h0248,0.2843374460205613,scr2004,mustOut,psngRail
RS,h0249,0.38969231292583884,scr2004,mustOut,psngRail
RS,h0250,0.2848796979935783,scr2004,mustOut,psngRail
RS,h0251,0.09149845950848637,scr2004,mustOut,psngRail
RS,h0252,0.04971415872731767,scr2004,mustOut,psngRail
RS,h0253,0.05451979837452527,scr2004,mustOut,psngRail
RS,h0254,0.06956888070200491,scr2004,mustOut,psngRail
RS,h0255,0.0784454499800861,scr2004,mustOut,psngRail
RS,h0256,0.09367535859313524,scr2004,mustOut,psngRail
RS,h0257,0.16379427406014685,scr2004,mustOut,psngRail
RS,h0258,0.32763937504284846,scr2004,mustOut,psngRail
RS,h0259,0.4264471304409828,scr2004,mustOut,psngRail
RS,h0260,0.33753228998195184,scr2004,mustOut,psngRail
RS,h0261,0.15101399476120134,scr2004,mustOut,psngRail
RS,h0262,0.05391503123440817,scr2004,mustOut,psngRail
RS,h0263,0.021639443912109882,scr2004,mustOut,psngRail
RS,h0264,0.012693861185553875,scr2004,mustOut,psngRail
RS,h0265,0.004862901147644737,scr2004,mustOut,psngRail
RS,h0266,0.0010862288027117335,scr2004,mustOut,psngRail
RS,h0267,0.0,scr2004,mustOut,psngRail
RS,h0268,0.0,scr2004,mustOut,psngRail
RS,h0269,0.0,scr2004,mustOut,psngRail
RS,h0270,0.0035388391720440632,scr2004,mustOut,psngRail
RS,h0271,0.060755384199463046,scr2004,mustOut,psngRail
RS,h0272,0.2843374460205613,scr2004,mustOut,psngRail
RS,h0273,0.38969231292583884,scr2004,mustOut,psngRail
RS,h0274,0.2848796979935783,scr2004,mustOut,psngRail
RS,h0275,0.09149845950848637,scr2004,mustOut,psngRail
RS,h0276,0.04971415872731767,scr2004,mustOut,psngRail
RS,h0277,0.09477280640445224,scr2004,mustOut,psngRail
RS,h0278,0.16106595932388038,scr2004,mustOut,psngRail
RS,h0279,0.24641155743439203,scr2004,mustOut,psngRail
RS,h0280,0.23421488407637367,scr2004,mustOut,psngRail
RS,h0281,0.28109626732628,scr2004,mustOut,psngRail
RS,h0282,0.340162956433761,scr2004,mustOut,psngRail
RS,h0283,0.40152133752185815,scr2004,mustOut,psngRail
RS,h0284,0.2994351071732557,scr2004,mustOut,psngRail
RS,h0285,0.15101399476120134,scr2004,mustOut,psngRail
RS,h0286,0.05391503123440817,scr2004,mustOut,psngRail
RS,h0287,0.021639443912109882,scr2004,mustOut,psngRail
RS,h0288,0.012693861185553875,scr2004,mustOut,psngRail
BA,h0241,0.004862901147644737,scr2004,mustOut,psngRail
BA,h0242,0.0010862288027117335,scr2004,mustOut,psngRail
BA,h0243,0.0,scr2004,mustOut,psngRail
BA,h0244,0.0,scr2004,mustOut,psngRail
BA,h0245,0.0,scr2004,mustOut,psngRail
BA,h0246,0.0035388391720440632,scr2004,mustOut,psngRail
BA,h0247,0.060755384199463046,scr2004,mustOut,psngRail
BA,h0248,0.2843374460205613,scr2004,mustOut,psngRail
BA,h0249,0.38969231292583884,scr2004,mustOut,psngRail
BA,h0250,0.2848796979935783,scr2004,mustOut,psngRail
BA,h0251,0.09149845950848637,scr2004,mustOut,psngRail
BA,h0252,0.04971415872731767,scr2004,mustOut,psngRail
BA,h0253,0.05451979837452527,scr2004,mustOut,psngRail
BA,h0254,0.06956888070200491,scr2004,mustOut,psngRail
BA,h0255,0.0784454499800861,scr2004,mustOut,psngRail
BA,h0256,0.09367535859313524,scr2004,mustOut,psngRail
BA,h0257,0.16379427406014685,scr2004,mustOut,psngRail
BA,h0258,0.32763937504284846,scr2004,mustOut,psngRail
BA,h0259,0.4264471304409828,scr2004,mustOut,psngRail
BA,h0260,0.33753228998195184,scr2004,mustOut,psngRail
BA,h0261,0.15101399476120134,scr2004,mustOut,psngRail
BA,h0262,0.05391503123440817,scr2004,mustOut,psngRail
BA,h0263,0.021639443912109882,scr2004,mustOut,psngRail
BA,h0264,0.012693861185553875,scr2004,mustOut,psngRail
BA,h0265,0.004862901147644737,scr2004,mustOut,psngRail
BA,h0266,0.0010862288027117335,scr2004,mustOut,psngRail
BA,h0267,0.0,scr2004,mustOut,psngRail
BA,h0268,0.0,scr2004,mustOut,psngRail
BA,h0269,0.0,scr2004,mustOut,psngRail
BA,h0270,0.0035388391720440632,scr2004,mustOut,psngRail
BA,h0271,0.060755384199463046,scr2004,mustOut,psngRail
BA,h0272,0.2843374460205613,scr2004,mustOut,psngRail
BA,h0273,0.38969231292583884,scr2004,mustOut,psngRail
BA,h0274,0.2848796979935783,scr2004,mustOut,psngRail
BA,h0275,0.09149845950848637,scr2004,mustOut,psngRail
BA,h0276,0.04971415872731767,scr2004,mustOut,psngRail
BA,h0277,0.09477280640445224,scr2004,mustOut,psngRail
BA,h0278,0.16106595932388038,scr2004,mustOut,psngRail
BA,h0279,0.24641155743439203,scr2004,mustOut,psngRail
BA,h0280,0.23421488407637367,scr2004,mustOut,psngRail
BA,h0281,0.28109626732628,scr2004,mustOut,psngRail
BA,h0282,0.340162956433761,scr2004,mustOut,psngRail
BA,h0283,0.40152133752185815,scr2004,mustOut,psngRail
BA,h0284,0.2994351071732557,scr2004,mustOut,psngRail
BA,h0285,0.15101399476120134,scr2004,mustOut,psngRail
BA,h0286,0.05391503123440817,scr2004,mustOut,psngRail
BA,h0287,0.021639443912109882,scr2004,mustOut,psngRail
BA,h0288,0.012693861185553875,scr2004,mustOut,psngRail
AL,h0241,0.004862901147644737,scr2004,mustOut,psngRail
AL,h0242,0.0010862288027117335,scr2004,mustOut,psngRail
AL,h0243,0.0,scr2004,mustOut,psngRail
AL,h0244,0.0,scr2004,mustOut,psngRail
AL,h0245,0.0,scr2004,mustOut,psngRail
AL,h0246,0.0035388391720440632,scr2004,mustOut,psngRail
AL,h0247,0.060755384199463046,scr2004,mustOut,psngRail
AL,h0248,0.2843374460205613,scr2004,mustOut,psngRail
AL,h0249,0.38969231292583884,scr2004,mustOut,psngRail
AL,h0250,0.2848796979935783,scr2004,mustOut,psngRail
AL,h0251,0.09149845950848637,scr2004,mustOut,psngRail
AL,h0252,0.04971415872731767,scr2004,mustOut,psngRail
AL,h0253,0.05451979837452527,scr2004,mustOut,psngRail
AL,h0254,0.06956888070200491,scr2004,mustOut,psngRail
AL,h0255,0.0784454499800861,scr2004,mustOut,psngRail
AL,h0256,0.09367535859313524,scr2004,mustOut,psngRail
AL,h0257,0.16379427406014685,scr2004,mustOut,psngRail
AL,h0258,0.32763937504284846,scr2004,mustOut,psngRail
AL,h0259,0.4264471304409828,scr2004,mustOut,psngRail
AL,h0260,0.33753228998195184,scr2004,mustOut,psngRail
AL,h0261,0.15101399476120134,scr2004,mustOut,psngRail
AL,h0262,0.05391503123440817,scr2004,mustOut,psngRail
AL,h0263,0.021639443912109882,scr2004,mustOut,psngRail
AL,h0264,0.012693861185553875,scr2004,mustOut,psngRail
AL,h0265,0.004862901147644737,scr2004,mustOut,psngRail
AL,h0266,0.0010862288027117335,scr2004,mustOut,psngRail
AL,h0267,0.0,scr2004,mustOut,psngRail
AL,h0268,0.0,scr2004,mustOut,psngRail
AL,h0269,0.0,scr2004,mustOut,psngRail
AL,h0270,0.0035388391720440632,scr2004,mustOut,psngRail
AL,h0271,0.060755384199463046,scr2004,mustOut,psngRail
AL,h0272,0.2843374460205613,scr2004,mustOut,psngRail
AL,h0273,0.38969231292583884,scr2004,mustOut,psngRail
AL,h0274,0.2848796979935783,scr2004,mustOut,psngRail
AL,h0275,0.09149845950848637,scr2004,mustOut,psngRail
AL,h0276,0.04971415872731767,scr2004,mustOut,psngRail
AL,h0277,0.09477280640445224,scr2004,mustOut,psngRail
AL,h0278,0.16106595932388038,scr2004,mustOut,psngRail
AL,h0279,0.24641155743439203,scr2004,mustOut,psngRail
AL,h0280,0.23421488407637367,scr2004,mustOut,psngRail
AL,h0281,0.28109626732628,scr2004,mustOut,psngRail
AL,h0282,0.340162956433761,scr2004,mustOut,psngRail
AL,h0283,0.40152133752185815,scr2004,mustOut,psngRail
AL,h0284,0.2994351071732557,scr2004,mustOut,psngRail
AL,h0285,0.15101399476120134,scr2004,mustOut,psngRail
AL,h0286,0.05391503123440817,scr2004,mustOut,psngRail
AL,h0287,0.021639443912109882,scr2004,mustOut,psngRail
AL,h0288,0.012693861185553875,scr2004,mustOut,psngRail
