region_1,timestep_6,value,scenario_1,parameter,technology_1
AL,h0241,0.0,scr2088,avaConv,solar
AL,h0242,0.0,scr2088,avaConv,solar
AL,h0243,0.0,scr2088,avaConv,solar
AL,h0244,0.0,scr2088,avaConv,solar
AL,h0245,0.019151910664318452,scr2088,avaConv,solar
AL,h0246,0.08471602104942033,scr2088,avaConv,solar
AL,h0247,0.19968907228767627,scr2088,avaConv,solar
AL,h0248,0.35144642766868034,scr2088,avaConv,solar
AL,h0249,0.502602010867334,scr2088,avaConv,solar
AL,h0250,0.6454782420534795,scr2088,avaConv,solar
AL,h0251,0.7461006807897639,scr2088,avaConv,solar
AL,h0252,0.7867477400075498,scr2088,avaConv,solar
AL,h0253,0.7460503739923304,scr2088,avaConv,solar
AL,h0254,0.6365232399544466,scr2088,avaConv,solar
AL,h0255,0.4625680364185666,scr2088,avaConv,solar
AL,h0256,0.2622578091645396,scr2088,avaConv,solar
AL,h0257,0.0977259483939382,scr2088,avaConv,solar
AL,h0258,0.019119234214515005,scr2088,avaConv,solar
AL,h0259,0.002197330708322062,scr2088,avaConv,solar
AL,h0260,0.0018325348820836345,scr2088,avaConv,solar
AL,h0261,0.0,scr2088,avaConv,solar
AL,h0262,0.0,scr2088,avaConv,solar
AL,h0263,0.0,scr2088,avaConv,solar
AL,h0264,0.0,scr2088,avaConv,solar
AL,h0265,0.0,scr2088,avaConv,solar
AL,h0266,0.0,scr2088,avaConv,solar
AL,h0267,0.0,scr2088,avaConv,solar
AL,h0268,0.0,scr2088,avaConv,solar
AL,h0269,0.023599749093800818,scr2088,avaConv,solar
AL,h0270,0.0923915311174348,scr2088,avaConv,solar
AL,h0271,0.2061292649829336,scr2088,avaConv,solar
AL,h0272,0.33414880285225823,scr2088,avaConv,solar
AL,h0273,0.4554418781880367,scr2088,avaConv,solar
AL,h0274,0.5671471350873026,scr2088,avaConv,solar
AL,h0275,0.6459004318977553,scr2088,avaConv,solar
AL,h0276,0.6757772665204661,scr2088,avaConv,solar
AL,h0277,0.6670622236770937,scr2088,avaConv,solar
AL,h0278,0.5983441363026429,scr2088,avaConv,solar
AL,h0279,0.47443423805148943,scr2088,avaConv,solar
AL,h0280,0.2766999065552241,scr2088,avaConv,solar
AL,h0281,0.11110078755168513,scr2088,avaConv,solar
AL,h0282,0.025446978633986594,scr2088,avaConv,solar
AL,h0283,0.005802579378392101,scr2088,avaConv,solar
AL,h0284,0.004957392341759371,scr2088,avaConv,solar
AL,h0285,0.0,scr2088,avaConv,solar
AL,h0286,0.0,scr2088,avaConv,solar
AL,h0287,0.0,scr2088,avaConv,solar
AL,h0288,0.0,scr2088,avaConv,solar
AT,h0241,0.0,scr2088,avaConv,solar
AT,h0242,0.0,scr2088,avaConv,solar
AT,h0243,0.0,scr2088,avaConv,solar
AT,h0244,0.0,scr2088,avaConv,solar
AT,h0245,0.009861008346292603,scr2088,avaConv,solar
AT,h0246,0.062439723853941365,scr2088,avaConv,solar
AT,h0247,0.1594172420107997,scr2088,avaConv,solar
AT,h0248,0.2837159921109391,scr2088,avaConv,solar
AT,h0249,0.39204244224376217,scr2088,avaConv,solar
AT,h0250,0.4695232234720133,scr2088,avaConv,solar
AT,h0251,0.5103014191192772,scr2088,avaConv,solar
AT,h0252,0.5281550779659988,scr2088,avaConv,solar
AT,h0253,0.4877164714303732,scr2088,avaConv,solar
AT,h0254,0.4288251607803616,scr2088,avaConv,solar
AT,h0255,0.33421871276275095,scr2088,avaConv,solar
AT,h0256,0.24842964277075183,scr2088,avaConv,solar
AT,h0257,0.13404597900743118,scr2088,avaConv,solar
AT,h0258,0.05218823506997788,scr2088,avaConv,solar
AT,h0259,0.009695210179331622,scr2088,avaConv,solar
AT,h0260,0.0034610476955748717,scr2088,avaConv,solar
AT,h0261,0.00015278119314390693,scr2088,avaConv,solar
AT,h0262,0.0,scr2088,avaConv,solar
AT,h0263,0.0,scr2088,avaConv,solar
AT,h0264,0.0,scr2088,avaConv,solar
AT,h0265,0.0,scr2088,avaConv,solar
AT,h0266,0.0,scr2088,avaConv,solar
AT,h0267,0.0,scr2088,avaConv,solar
AT,h0268,0.0,scr2088,avaConv,solar
AT,h0269,0.011739449200186625,scr2088,avaConv,solar
AT,h0270,0.06123790913970499,scr2088,avaConv,solar
AT,h0271,0.17030570272526976,scr2088,avaConv,solar
AT,h0272,0.33025906912447667,scr2088,avaConv,solar
AT,h0273,0.5035797505644677,scr2088,avaConv,solar
AT,h0274,0.6558844780717138,scr2088,avaConv,solar
AT,h0275,0.7632614480299644,scr2088,avaConv,solar
AT,h0276,0.809096589203726,scr2088,avaConv,solar
AT,h0277,0.6841343545011981,scr2088,avaConv,solar
AT,h0278,0.5248065109070694,scr2088,avaConv,solar
AT,h0279,0.35505178442625207,scr2088,avaConv,solar
AT,h0280,0.26639205665866933,scr2088,avaConv,solar
AT,h0281,0.15052436837208746,scr2088,avaConv,solar
AT,h0282,0.056039223223270415,scr2088,avaConv,solar
AT,h0283,0.010892637993796129,scr2088,avaConv,solar
AT,h0284,0.0015915078488557223,scr2088,avaConv,solar
AT,h0285,0.0009158117396244561,scr2088,avaConv,solar
AT,h0286,0.0,scr2088,avaConv,solar
AT,h0287,0.0,scr2088,avaConv,solar
AT,h0288,0.0,scr2088,avaConv,solar
BA,h0241,0.0,scr2088,avaConv,solar
BA,h0242,0.0,scr2088,avaConv,solar
BA,h0243,0.0,scr2088,avaConv,solar
BA,h0244,0.0,scr2088,avaConv,solar
BA,h0245,0.020814532609617277,scr2088,avaConv,solar
BA,h0246,0.08843807028209,scr2088,avaConv,solar
BA,h0247,0.21952751473236057,scr2088,avaConv,solar
BA,h0248,0.38020156256931315,scr2088,avaConv,solar
BA,h0249,0.5397351945553462,scr2088,avaConv,solar
BA,h0250,0.6592988028750901,scr2088,avaConv,solar
BA,h0251,0.7325808235403931,scr2088,avaConv,solar
BA,h0252,0.6917768290698579,scr2088,avaConv,solar
BA,h0253,0.6503679802008484,scr2088,avaConv,solar
BA,h0254,0.5571703184583768,scr2088,avaConv,solar
BA,h0255,0.4658796392201996,scr2088,avaConv,solar
BA,h0256,0.2901737709463248,scr2088,avaConv,solar
BA,h0257,0.12613584126915506,scr2088,avaConv,solar
BA,h0258,0.038850568519063995,scr2088,avaConv,solar
BA,h0259,0.006637370301067648,scr2088,avaConv,solar
BA,h0260,0.006051584478562548,scr2088,avaConv,solar
BA,h0261,0.0,scr2088,avaConv,solar
BA,h0262,0.0,scr2088,avaConv,solar
BA,h0263,0.0,scr2088,avaConv,solar
BA,h0264,0.0,scr2088,avaConv,solar
BA,h0265,0.0,scr2088,avaConv,solar
BA,h0266,0.0,scr2088,avaConv,solar
BA,h0267,0.0,scr2088,avaConv,solar
BA,h0268,0.0,scr2088,avaConv,solar
BA,h0269,0.02370112421890133,scr2088,avaConv,solar
BA,h0270,0.09123391256595838,scr2088,avaConv,solar
BA,h0271,0.15969111535940217,scr2088,avaConv,solar
BA,h0272,0.21637988424203272,scr2088,avaConv,solar
BA,h0273,0.2630720239899517,scr2088,avaConv,solar
BA,h0274,0.3311605433619193,scr2088,avaConv,solar
BA,h0275,0.38133749613246865,scr2088,avaConv,solar
BA,h0276,0.39679662515350567,scr2088,avaConv,solar
BA,h0277,0.4810226356248656,scr2088,avaConv,solar
BA,h0278,0.5274133022971094,scr2088,avaConv,solar
BA,h0279,0.5100335344752974,scr2088,avaConv,solar
BA,h0280,0.33157864987018987,scr2088,avaConv,solar
BA,h0281,0.15197783465810566,scr2088,avaConv,solar
BA,h0282,0.05711254846355474,scr2088,avaConv,solar
BA,h0283,0.015638904315327412,scr2088,avaConv,solar
BA,h0284,0.013761789722805225,scr2088,avaConv,solar
BA,h0285,0.0,scr2088,avaConv,solar
BA,h0286,0.0,scr2088,avaConv,solar
BA,h0287,0.0,scr2088,avaConv,solar
BA,h0288,0.0,scr2088,avaConv,solar
BE,h0241,0.0,scr2088,avaConv,solar
BE,h0242,0.0,scr2088,avaConv,solar
BE,h0243,0.0,scr2088,avaConv,solar
BE,h0244,0.0,scr2088,avaConv,solar
BE,h0245,0.0,scr2088,avaConv,solar
BE,h0246,0.018867409342975455,scr2088,avaConv,solar
BE,h0247,0.07021074489705664,scr2088,avaConv,solar
BE,h0248,0.14786670797105617,scr2088,avaConv,solar
BE,h0249,0.21909556514339487,scr2088,avaConv,solar
BE,h0250,0.3045380380516213,scr2088,avaConv,solar
BE,h0251,0.3979312007002122,scr2088,avaConv,solar
BE,h0252,0.5212721292288739,scr2088,avaConv,solar
BE,h0253,0.5384997275152422,scr2088,avaConv,solar
BE,h0254,0.5089427631178085,scr2088,avaConv,solar
BE,h0255,0.3986725240456763,scr2088,avaConv,solar
BE,h0256,0.303602906406685,scr2088,avaConv,solar
BE,h0257,0.19189765447196325,scr2088,avaConv,solar
BE,h0258,0.09436958937589193,scr2088,avaConv,solar
BE,h0259,0.0492306841225282,scr2088,avaConv,solar
BE,h0260,0.01975181020540472,scr2088,avaConv,solar
BE,h0261,0.013436169664717388,scr2088,avaConv,solar
BE,h0262,0.0,scr2088,avaConv,solar
BE,h0263,0.0,scr2088,avaConv,solar
BE,h0264,0.0,scr2088,avaConv,solar
BE,h0265,0.0,scr2088,avaConv,solar
BE,h0266,0.0,scr2088,avaConv,solar
BE,h0267,0.0,scr2088,avaConv,solar
BE,h0268,0.0,scr2088,avaConv,solar
BE,h0269,0.0031719932718701238,scr2088,avaConv,solar
BE,h0270,0.03640991899706855,scr2088,avaConv,solar
BE,h0271,0.07540731085793537,scr2088,avaConv,solar
BE,h0272,0.1359172485611874,scr2088,avaConv,solar
BE,h0273,0.1760424894815168,scr2088,avaConv,solar
BE,h0274,0.22003919406976685,scr2088,avaConv,solar
BE,h0275,0.24886582913296215,scr2088,avaConv,solar
BE,h0276,0.28148737513924815,scr2088,avaConv,solar
BE,h0277,0.46033156539619,scr2088,avaConv,solar
BE,h0278,0.6030165411664997,scr2088,avaConv,solar
BE,h0279,0.6896929019174215,scr2088,avaConv,solar
BE,h0280,0.5584840729625297,scr2088,avaConv,solar
BE,h0281,0.37971627794412605,scr2088,avaConv,solar
BE,h0282,0.18657413592602315,scr2088,avaConv,solar
BE,h0283,0.06060936240707881,scr2088,avaConv,solar
BE,h0284,0.007217606718692148,scr2088,avaConv,solar
BE,h0285,0.005110534045140916,scr2088,avaConv,solar
BE,h0286,0.0004821485297614676,scr2088,avaConv,solar
BE,h0287,0.0,scr2088,avaConv,solar
BE,h0288,0.0,scr2088,avaConv,solar
BG,h0241,0.0,scr2088,avaConv,solar
BG,h0242,0.0,scr2088,avaConv,solar
BG,h0243,0.0,scr2088,avaConv,solar
BG,h0244,0.0003977109663512738,scr2088,avaConv,solar
BG,h0245,0.027952402815878973,scr2088,avaConv,solar
BG,h0246,0.10419176265365236,scr2088,avaConv,solar
BG,h0247,0.14525100492379353,scr2088,avaConv,solar
BG,h0248,0.16469177886562886,scr2088,avaConv,solar
BG,h0249,0.1732778975174083,scr2088,avaConv,solar
BG,h0250,0.26364414042303197,scr2088,avaConv,solar
BG,h0251,0.3545874072262189,scr2088,avaConv,solar
BG,h0252,0.42003915117326923,scr2088,avaConv,solar
BG,h0253,0.46379241785686603,scr2088,avaConv,solar
BG,h0254,0.44557073865343577,scr2088,avaConv,solar
BG,h0255,0.3508865275863103,scr2088,avaConv,solar
BG,h0256,0.17426537302806597,scr2088,avaConv,solar
BG,h0257,0.06756476496416228,scr2088,avaConv,solar
BG,h0258,0.01101853403854545,scr2088,avaConv,solar
BG,h0259,0.00866514148019696,scr2088,avaConv,solar
BG,h0260,0.0,scr2088,avaConv,solar
BG,h0261,0.0,scr2088,avaConv,solar
BG,h0262,0.0,scr2088,avaConv,solar
BG,h0263,0.0,scr2088,avaConv,solar
BG,h0264,0.0,scr2088,avaConv,solar
BG,h0265,0.0,scr2088,avaConv,solar
BG,h0266,0.0,scr2088,avaConv,solar
BG,h0267,0.0,scr2088,avaConv,solar
BG,h0268,0.002541143612559082,scr2088,avaConv,solar
BG,h0269,0.036883675878093686,scr2088,avaConv,solar
BG,h0270,0.1186587109978365,scr2088,avaConv,solar
BG,h0271,0.23706712422781687,scr2088,avaConv,solar
BG,h0272,0.3557461737637349,scr2088,avaConv,solar
BG,h0273,0.4587268789456567,scr2088,avaConv,solar
BG,h0274,0.5428919074671288,scr2088,avaConv,solar
BG,h0275,0.5902655697727869,scr2088,avaConv,solar
BG,h0276,0.6014352393369804,scr2088,avaConv,solar
BG,h0277,0.5314916117265215,scr2088,avaConv,solar
BG,h0278,0.4286544609893484,scr2088,avaConv,solar
BG,h0279,0.30195846098531426,scr2088,avaConv,solar
BG,h0280,0.16726304162472286,scr2088,avaConv,solar
BG,h0281,0.06648677701393096,scr2088,avaConv,solar
BG,h0282,0.007568090939775686,scr2088,avaConv,solar
BG,h0283,0.002510409358198231,scr2088,avaConv,solar
BG,h0284,0.0008782097560560696,scr2088,avaConv,solar
BG,h0285,0.0,scr2088,avaConv,solar
BG,h0286,0.0,scr2088,avaConv,solar
BG,h0287,0.0,scr2088,avaConv,solar
BG,h0288,0.0,scr2088,avaConv,solar
CH,h0241,0.0,scr2088,avaConv,solar
CH,h0242,0.0,scr2088,avaConv,solar
CH,h0243,0.0,scr2088,avaConv,solar
CH,h0244,0.0,scr2088,avaConv,solar
CH,h0245,0.0024526312505418137,scr2088,avaConv,solar
CH,h0246,0.04322661372471588,scr2088,avaConv,solar
CH,h0247,0.1467502831282869,scr2088,avaConv,solar
CH,h0248,0.3140253688159665,scr2088,avaConv,solar
CH,h0249,0.4930989212265377,scr2088,avaConv,solar
CH,h0250,0.6610652094387396,scr2088,avaConv,solar
CH,h0251,0.800628767715097,scr2088,avaConv,solar
CH,h0252,0.8951383980104263,scr2088,avaConv,solar
CH,h0253,0.7993013760330567,scr2088,avaConv,solar
CH,h0254,0.6702686268148731,scr2088,avaConv,solar
CH,h0255,0.4776495237107873,scr2088,avaConv,solar
CH,h0256,0.35792306384376743,scr2088,avaConv,solar
CH,h0257,0.19634027254190772,scr2088,avaConv,solar
CH,h0258,0.07416935885157275,scr2088,avaConv,solar
CH,h0259,0.016700122025754136,scr2088,avaConv,solar
CH,h0260,0.0012206361539653908,scr2088,avaConv,solar
CH,h0261,0.001147964109655835,scr2088,avaConv,solar
CH,h0262,0.0,scr2088,avaConv,solar
CH,h0263,0.0,scr2088,avaConv,solar
CH,h0264,0.0,scr2088,avaConv,solar
CH,h0265,0.0,scr2088,avaConv,solar
CH,h0266,0.0,scr2088,avaConv,solar
CH,h0267,0.0,scr2088,avaConv,solar
CH,h0268,0.0,scr2088,avaConv,solar
CH,h0269,0.0008969701181421012,scr2088,avaConv,solar
CH,h0270,0.01578417197997369,scr2088,avaConv,solar
CH,h0271,0.0725459322840053,scr2088,avaConv,solar
CH,h0272,0.1745276419738895,scr2088,avaConv,solar
CH,h0273,0.3156416029312337,scr2088,avaConv,solar
CH,h0274,0.455700052283548,scr2088,avaConv,solar
CH,h0275,0.5947628968152394,scr2088,avaConv,solar
CH,h0276,0.6756125628849091,scr2088,avaConv,solar
CH,h0277,0.7511930941393702,scr2088,avaConv,solar
CH,h0278,0.7488501185640383,scr2088,avaConv,solar
CH,h0279,0.6991479735855821,scr2088,avaConv,solar
CH,h0280,0.539080116912412,scr2088,avaConv,solar
CH,h0281,0.31908730980734107,scr2088,avaConv,solar
CH,h0282,0.13126673662970909,scr2088,avaConv,solar
CH,h0283,0.031428988128630056,scr2088,avaConv,solar
CH,h0284,0.007891128223365273,scr2088,avaConv,solar
CH,h0285,0.006347050358214293,scr2088,avaConv,solar
CH,h0286,0.0,scr2088,avaConv,solar
CH,h0287,0.0,scr2088,avaConv,solar
CH,h0288,0.0,scr2088,avaConv,solar
CZ,h0241,0.0,scr2088,avaConv,solar
CZ,h0242,0.0,scr2088,avaConv,solar
CZ,h0243,0.0,scr2088,avaConv,solar
CZ,h0244,0.0,scr2088,avaConv,solar
CZ,h0245,0.002660442898975113,scr2088,avaConv,solar
CZ,h0246,0.01749492345704884,scr2088,avaConv,solar
CZ,h0247,0.061966451600497255,scr2088,avaConv,solar
CZ,h0248,0.12545579859717887,scr2088,avaConv,solar
CZ,h0249,0.20429557845621665,scr2088,avaConv,solar
CZ,h0250,0.2744194111385071,scr2088,avaConv,solar
CZ,h0251,0.3639962702908544,scr2088,avaConv,solar
CZ,h0252,0.4370445871625761,scr2088,avaConv,solar
CZ,h0253,0.4186982079945272,scr2088,avaConv,solar
CZ,h0254,0.3270785445523946,scr2088,avaConv,solar
CZ,h0255,0.22280264351614953,scr2088,avaConv,solar
CZ,h0256,0.14538443968648265,scr2088,avaConv,solar
CZ,h0257,0.07455280157183966,scr2088,avaConv,solar
CZ,h0258,0.02303653289494339,scr2088,avaConv,solar
CZ,h0259,0.003644146726135165,scr2088,avaConv,solar
CZ,h0260,0.0006189608313793405,scr2088,avaConv,solar
CZ,h0261,0.0,scr2088,avaConv,solar
CZ,h0262,0.0,scr2088,avaConv,solar
CZ,h0263,0.0,scr2088,avaConv,solar
CZ,h0264,0.0,scr2088,avaConv,solar
CZ,h0265,0.0,scr2088,avaConv,solar
CZ,h0266,0.0,scr2088,avaConv,solar
CZ,h0267,0.0,scr2088,avaConv,solar
CZ,h0268,0.0,scr2088,avaConv,solar
CZ,h0269,0.005377715619161153,scr2088,avaConv,solar
CZ,h0270,0.02706945335863208,scr2088,avaConv,solar
CZ,h0271,0.10242653917681709,scr2088,avaConv,solar
CZ,h0272,0.22179918098279078,scr2088,avaConv,solar
CZ,h0273,0.39214851962966424,scr2088,avaConv,solar
CZ,h0274,0.5668359678508771,scr2088,avaConv,solar
CZ,h0275,0.7558073396412341,scr2088,avaConv,solar
CZ,h0276,0.8732614324871093,scr2088,avaConv,solar
CZ,h0277,0.6010294267217701,scr2088,avaConv,solar
CZ,h0278,0.3209003524594198,scr2088,avaConv,solar
CZ,h0279,0.10489348189263625,scr2088,avaConv,solar
CZ,h0280,0.08661034894044232,scr2088,avaConv,solar
CZ,h0281,0.05204579849499187,scr2088,avaConv,solar
CZ,h0282,0.020098566958056112,scr2088,avaConv,solar
CZ,h0283,0.0033241793408055457,scr2088,avaConv,solar
CZ,h0284,0.0,scr2088,avaConv,solar
CZ,h0285,0.0,scr2088,avaConv,solar
CZ,h0286,0.0,scr2088,avaConv,solar
CZ,h0287,0.0,scr2088,avaConv,solar
CZ,h0288,0.0,scr2088,avaConv,solar
DE,h0241,0.0,scr2088,avaConv,solar
DE,h0242,0.0,scr2088,avaConv,solar
DE,h0243,0.0,scr2088,avaConv,solar
DE,h0244,0.0,scr2088,avaConv,solar
DE,h0245,0.001367529581442666,scr2088,avaConv,solar
DE,h0246,0.010355643110947837,scr2088,avaConv,solar
DE,h0247,0.047548247265899,scr2088,avaConv,solar
DE,h0248,0.10559701000044065,scr2088,avaConv,solar
DE,h0249,0.17989579417659238,scr2088,avaConv,solar
DE,h0250,0.2411442017707147,scr2088,avaConv,solar
DE,h0251,0.2950179098617907,scr2088,avaConv,solar
DE,h0252,0.33508803493475753,scr2088,avaConv,solar
DE,h0253,0.3363071657339851,scr2088,avaConv,solar
DE,h0254,0.30928927935604444,scr2088,avaConv,solar
DE,h0255,0.2585387169339671,scr2088,avaConv,solar
DE,h0256,0.19964948217640188,scr2088,avaConv,solar
DE,h0257,0.12585902774205132,scr2088,avaConv,solar
DE,h0258,0.053462035900502636,scr2088,avaConv,solar
DE,h0259,0.014730618938668928,scr2088,avaConv,solar
DE,h0260,0.002008232068701236,scr2088,avaConv,solar
DE,h0261,0.0014101346912718748,scr2088,avaConv,solar
DE,h0262,0.0,scr2088,avaConv,solar
DE,h0263,0.0,scr2088,avaConv,solar
DE,h0264,0.0,scr2088,avaConv,solar
DE,h0265,0.0,scr2088,avaConv,solar
DE,h0266,0.0,scr2088,avaConv,solar
DE,h0267,0.0,scr2088,avaConv,solar
DE,h0268,0.0,scr2088,avaConv,solar
DE,h0269,0.004318812579976652,scr2088,avaConv,solar
DE,h0270,0.024258558979032355,scr2088,avaConv,solar
DE,h0271,0.07917394248770147,scr2088,avaConv,solar
DE,h0272,0.16352133982337483,scr2088,avaConv,solar
DE,h0273,0.260076642725292,scr2088,avaConv,solar
DE,h0274,0.34589261361363394,scr2088,avaConv,solar
DE,h0275,0.4244255029787755,scr2088,avaConv,solar
DE,h0276,0.47878375003504975,scr2088,avaConv,solar
DE,h0277,0.5073821038121988,scr2088,avaConv,solar
DE,h0278,0.4905127479967994,scr2088,avaConv,solar
DE,h0279,0.4451428237968099,scr2088,avaConv,solar
DE,h0280,0.35311159618566607,scr2088,avaConv,solar
DE,h0281,0.21244391237768093,scr2088,avaConv,solar
DE,h0282,0.08605895581811354,scr2088,avaConv,solar
DE,h0283,0.017027262340622656,scr2088,avaConv,solar
DE,h0284,0.0025715599486827623,scr2088,avaConv,solar
DE,h0285,0.0017538506032005407,scr2088,avaConv,solar
DE,h0286,0.0,scr2088,avaConv,solar
DE,h0287,0.0,scr2088,avaConv,solar
DE,h0288,0.0,scr2088,avaConv,solar
DK,h0241,0.0,scr2088,avaConv,solar
DK,h0242,0.0,scr2088,avaConv,solar
DK,h0243,0.0,scr2088,avaConv,solar
DK,h0244,0.0,scr2088,avaConv,solar
DK,h0245,0.006557550216167719,scr2088,avaConv,solar
DK,h0246,0.03280595904565882,scr2088,avaConv,solar
DK,h0247,0.12152396965767254,scr2088,avaConv,solar
DK,h0248,0.25974023518248524,scr2088,avaConv,solar
DK,h0249,0.43084579835000697,scr2088,avaConv,solar
DK,h0250,0.5806889036598366,scr2088,avaConv,solar
DK,h0251,0.7028754255680657,scr2088,avaConv,solar
DK,h0252,0.7864393787153529,scr2088,avaConv,solar
DK,h0253,0.6948889131043691,scr2088,avaConv,solar
DK,h0254,0.5698380896198567,scr2088,avaConv,solar
DK,h0255,0.4113708184048603,scr2088,avaConv,solar
DK,h0256,0.33788298365791364,scr2088,avaConv,solar
DK,h0257,0.22226768735472602,scr2088,avaConv,solar
DK,h0258,0.10367278255290796,scr2088,avaConv,solar
DK,h0259,0.030753777522625713,scr2088,avaConv,solar
DK,h0260,0.0038051705828085576,scr2088,avaConv,solar
DK,h0261,0.002151384209675991,scr2088,avaConv,solar
DK,h0262,0.0,scr2088,avaConv,solar
DK,h0263,0.0,scr2088,avaConv,solar
DK,h0264,0.0,scr2088,avaConv,solar
DK,h0265,0.0,scr2088,avaConv,solar
DK,h0266,0.0,scr2088,avaConv,solar
DK,h0267,0.0,scr2088,avaConv,solar
DK,h0268,0.0011714004280258812,scr2088,avaConv,solar
DK,h0269,0.016634084228221695,scr2088,avaConv,solar
DK,h0270,0.060189696267091364,scr2088,avaConv,solar
DK,h0271,0.10631119696120069,scr2088,avaConv,solar
DK,h0272,0.15624658623276508,scr2088,avaConv,solar
DK,h0273,0.19535084701313848,scr2088,avaConv,solar
DK,h0274,0.25483154101613903,scr2088,avaConv,solar
DK,h0275,0.31238633071619293,scr2088,avaConv,solar
DK,h0276,0.35547280603306874,scr2088,avaConv,solar
DK,h0277,0.3640433845644375,scr2088,avaConv,solar
DK,h0278,0.33984125550387223,scr2088,avaConv,solar
DK,h0279,0.27544219526538855,scr2088,avaConv,solar
DK,h0280,0.1972764700329355,scr2088,avaConv,solar
DK,h0281,0.11703379779772105,scr2088,avaConv,solar
DK,h0282,0.06167613317519591,scr2088,avaConv,solar
DK,h0283,0.026619424031050377,scr2088,avaConv,solar
DK,h0284,0.009349850311074912,scr2088,avaConv,solar
DK,h0285,0.0020305684197387264,scr2088,avaConv,solar
DK,h0286,0.0010565359518022067,scr2088,avaConv,solar
DK,h0287,0.0,scr2088,avaConv,solar
DK,h0288,0.0,scr2088,avaConv,solar
EE,h0241,0.0,scr2088,avaConv,solar
EE,h0242,0.0,scr2088,avaConv,solar
EE,h0243,0.0,scr2088,avaConv,solar
EE,h0244,0.003457095083456363,scr2088,avaConv,solar
EE,h0245,0.018450328414586267,scr2088,avaConv,solar
EE,h0246,0.05670665443745809,scr2088,avaConv,solar
EE,h0247,0.09474634720592076,scr2088,avaConv,solar
EE,h0248,0.13379898804282975,scr2088,avaConv,solar
EE,h0249,0.145566484874962,scr2088,avaConv,solar
EE,h0250,0.16211777060682078,scr2088,avaConv,solar
EE,h0251,0.16426995260389968,scr2088,avaConv,solar
EE,h0252,0.1681238471798394,scr2088,avaConv,solar
EE,h0253,0.2728173300884061,scr2088,avaConv,solar
EE,h0254,0.33511674794146906,scr2088,avaConv,solar
EE,h0255,0.3610836405840694,scr2088,avaConv,solar
EE,h0256,0.2250474987370559,scr2088,avaConv,solar
EE,h0257,0.10694008667977767,scr2088,avaConv,solar
EE,h0258,0.03447816837475882,scr2088,avaConv,solar
EE,h0259,0.005823644303230163,scr2088,avaConv,solar
EE,h0260,0.003350306224961309,scr2088,avaConv,solar
EE,h0261,0.0007553864631963452,scr2088,avaConv,solar
EE,h0262,0.0,scr2088,avaConv,solar
EE,h0263,0.0,scr2088,avaConv,solar
EE,h0264,0.0,scr2088,avaConv,solar
EE,h0265,0.0,scr2088,avaConv,solar
EE,h0266,0.0,scr2088,avaConv,solar
EE,h0267,0.003613795377941491,scr2088,avaConv,solar
EE,h0268,0.029180471649940892,scr2088,avaConv,solar
EE,h0269,0.08968176944782366,scr2088,avaConv,solar
EE,h0270,0.18495269423425367,scr2088,avaConv,solar
EE,h0271,0.2276708365380411,scr2088,avaConv,solar
EE,h0272,0.23788579420733147,scr2088,avaConv,solar
EE,h0273,0.22189837492464162,scr2088,avaConv,solar
EE,h0274,0.2535493801324882,scr2088,avaConv,solar
EE,h0275,0.31326003067154823,scr2088,avaConv,solar
EE,h0276,0.38330561675795993,scr2088,avaConv,solar
EE,h0277,0.5019336421649598,scr2088,avaConv,solar
EE,h0278,0.5447740393102378,scr2088,avaConv,solar
EE,h0279,0.5040043293393214,scr2088,avaConv,solar
EE,h0280,0.31876524176223264,scr2088,avaConv,solar
EE,h0281,0.1419855360978159,scr2088,avaConv,solar
EE,h0282,0.03445994152273633,scr2088,avaConv,solar
EE,h0283,0.004962391421428019,scr2088,avaConv,solar
EE,h0284,0.0037228283847477134,scr2088,avaConv,solar
EE,h0285,0.0037228283847477134,scr2088,avaConv,solar
EE,h0286,0.0,scr2088,avaConv,solar
EE,h0287,0.0,scr2088,avaConv,solar
EE,h0288,0.0,scr2088,avaConv,solar
ES,h0241,0.0,scr2088,avaConv,solar
ES,h0242,0.0,scr2088,avaConv,solar
ES,h0243,0.0,scr2088,avaConv,solar
ES,h0244,0.0,scr2088,avaConv,solar
ES,h0245,0.0,scr2088,avaConv,solar
ES,h0246,0.0022299175764603127,scr2088,avaConv,solar
ES,h0247,0.027785527044522078,scr2088,avaConv,solar
ES,h0248,0.10134921758236279,scr2088,avaConv,solar
ES,h0249,0.2277167169768574,scr2088,avaConv,solar
ES,h0250,0.37140535761058335,scr2088,avaConv,solar
ES,h0251,0.5027793938441047,scr2088,avaConv,solar
ES,h0252,0.6029898481029774,scr2088,avaConv,solar
ES,h0253,0.6950386111380368,scr2088,avaConv,solar
ES,h0254,0.7299904595361282,scr2088,avaConv,solar
ES,h0255,0.7024694810086001,scr2088,avaConv,solar
ES,h0256,0.5770557692506183,scr2088,avaConv,solar
ES,h0257,0.39195664666263563,scr2088,avaConv,solar
ES,h0258,0.18202637826625492,scr2088,avaConv,solar
ES,h0259,0.06899552862822883,scr2088,avaConv,solar
ES,h0260,0.013393399632623064,scr2088,avaConv,solar
ES,h0261,0.012674058143167894,scr2088,avaConv,solar
ES,h0262,0.0,scr2088,avaConv,solar
ES,h0263,0.0,scr2088,avaConv,solar
ES,h0264,0.0,scr2088,avaConv,solar
ES,h0265,0.0,scr2088,avaConv,solar
ES,h0266,0.0,scr2088,avaConv,solar
ES,h0267,0.0,scr2088,avaConv,solar
ES,h0268,0.0,scr2088,avaConv,solar
ES,h0269,0.0,scr2088,avaConv,solar
ES,h0270,0.0032004944026084005,scr2088,avaConv,solar
ES,h0271,0.03786884056959678,scr2088,avaConv,solar
ES,h0272,0.12109481863619564,scr2088,avaConv,solar
ES,h0273,0.2563161994921099,scr2088,avaConv,solar
ES,h0274,0.3964833366226109,scr2088,avaConv,solar
ES,h0275,0.5257579726323498,scr2088,avaConv,solar
ES,h0276,0.6268091336449125,scr2088,avaConv,solar
ES,h0277,0.7153644121104213,scr2088,avaConv,solar
ES,h0278,0.7473272964708914,scr2088,avaConv,solar
ES,h0279,0.7125321827157959,scr2088,avaConv,solar
ES,h0280,0.5851268744378737,scr2088,avaConv,solar
ES,h0281,0.3987945556251202,scr2088,avaConv,solar
ES,h0282,0.1860152945059592,scr2088,avaConv,solar
ES,h0283,0.05542162168134583,scr2088,avaConv,solar
ES,h0284,0.0028722984614162187,scr2088,avaConv,solar
ES,h0285,0.002244865825638421,scr2088,avaConv,solar
ES,h0286,0.0,scr2088,avaConv,solar
ES,h0287,0.0,scr2088,avaConv,solar
ES,h0288,0.0,scr2088,avaConv,solar
FI,h0241,0.0,scr2088,avaConv,solar
FI,h0242,0.0,scr2088,avaConv,solar
FI,h0243,0.0024779162152765814,scr2088,avaConv,solar
FI,h0244,0.016757445323735503,scr2088,avaConv,solar
FI,h0245,0.052425763821801495,scr2088,avaConv,solar
FI,h0246,0.11103787153330084,scr2088,avaConv,solar
FI,h0247,0.18236412912705569,scr2088,avaConv,solar
FI,h0248,0.24991018160910675,scr2088,avaConv,solar
FI,h0249,0.30160771548931886,scr2088,avaConv,solar
FI,h0250,0.3370784537741002,scr2088,avaConv,solar
FI,h0251,0.34811348459324903,scr2088,avaConv,solar
FI,h0252,0.32962507498695665,scr2088,avaConv,solar
FI,h0253,0.33922828318120424,scr2088,avaConv,solar
FI,h0254,0.33182225985321373,scr2088,avaConv,solar
FI,h0255,0.3136440695379214,scr2088,avaConv,solar
FI,h0256,0.21488103817776566,scr2088,avaConv,solar
FI,h0257,0.11020334724014315,scr2088,avaConv,solar
FI,h0258,0.03604309943685784,scr2088,avaConv,solar
FI,h0259,0.007517987862810381,scr2088,avaConv,solar
FI,h0260,0.003145995995570568,scr2088,avaConv,solar
FI,h0261,0.002341178665767142,scr2088,avaConv,solar
FI,h0262,0.0,scr2088,avaConv,solar
FI,h0263,0.0,scr2088,avaConv,solar
FI,h0264,0.0,scr2088,avaConv,solar
FI,h0265,0.0,scr2088,avaConv,solar
FI,h0266,0.00035402243586003535,scr2088,avaConv,solar
FI,h0267,0.009626350391829398,scr2088,avaConv,solar
FI,h0268,0.04307547715678226,scr2088,avaConv,solar
FI,h0269,0.10914227677169458,scr2088,avaConv,solar
FI,h0270,0.20216891603359036,scr2088,avaConv,solar
FI,h0271,0.22534168722269407,scr2088,avaConv,solar
FI,h0272,0.22049013763760011,scr2088,avaConv,solar
FI,h0273,0.19091667913416346,scr2088,avaConv,solar
FI,h0274,0.21083533337746305,scr2088,avaConv,solar
FI,h0275,0.23269229960649476,scr2088,avaConv,solar
FI,h0276,0.24765731386250583,scr2088,avaConv,solar
FI,h0277,0.3476810227248139,scr2088,avaConv,solar
FI,h0278,0.41698240934043806,scr2088,avaConv,solar
FI,h0279,0.43555768480507473,scr2088,avaConv,solar
FI,h0280,0.2954740462149026,scr2088,avaConv,solar
FI,h0281,0.1417102150593115,scr2088,avaConv,solar
FI,h0282,0.039563439059151016,scr2088,avaConv,solar
FI,h0283,0.005714316113276233,scr2088,avaConv,solar
FI,h0284,0.003922299087746127,scr2088,avaConv,solar
FI,h0285,0.0037809804401675528,scr2088,avaConv,solar
FI,h0286,0.00019829684299107892,scr2088,avaConv,solar
FI,h0287,0.0,scr2088,avaConv,solar
FI,h0288,0.0,scr2088,avaConv,solar
FR,h0241,0.0,scr2088,avaConv,solar
FR,h0242,0.0,scr2088,avaConv,solar
FR,h0243,0.0,scr2088,avaConv,solar
FR,h0244,0.0,scr2088,avaConv,solar
FR,h0245,0.00015078597580004102,scr2088,avaConv,solar
FR,h0246,0.014169461006261933,scr2088,avaConv,solar
FR,h0247,0.08429057119391335,scr2088,avaConv,solar
FR,h0248,0.20547158930297305,scr2088,avaConv,solar
FR,h0249,0.3549629118105952,scr2088,avaConv,solar
FR,h0250,0.4756076963156562,scr2088,avaConv,solar
FR,h0251,0.5684945485296932,scr2088,avaConv,solar
FR,h0252,0.619865405130208,scr2088,avaConv,solar
FR,h0253,0.6540928149574678,scr2088,avaConv,solar
FR,h0254,0.6471693468079285,scr2088,avaConv,solar
FR,h0255,0.5954701152663121,scr2088,avaConv,solar
FR,h0256,0.4698380942537492,scr2088,avaConv,solar
FR,h0257,0.29738256294993104,scr2088,avaConv,solar
FR,h0258,0.13840555802094373,scr2088,avaConv,solar
FR,h0259,0.04497645374712261,scr2088,avaConv,solar
FR,h0260,0.010559477019536773,scr2088,avaConv,solar
FR,h0261,0.005746245452750439,scr2088,avaConv,solar
FR,h0262,0.000111266884629244,scr2088,avaConv,solar
FR,h0263,0.0,scr2088,avaConv,solar
FR,h0264,0.0,scr2088,avaConv,solar
FR,h0265,0.0,scr2088,avaConv,solar
FR,h0266,0.0,scr2088,avaConv,solar
FR,h0267,0.0,scr2088,avaConv,solar
FR,h0268,0.0,scr2088,avaConv,solar
FR,h0269,0.0007004326922022484,scr2088,avaConv,solar
FR,h0270,0.02305573213660104,scr2088,avaConv,solar
FR,h0271,0.09856308322092083,scr2088,avaConv,solar
FR,h0272,0.2248271757098437,scr2088,avaConv,solar
FR,h0273,0.3724954953245418,scr2088,avaConv,solar
FR,h0274,0.49769209962040095,scr2088,avaConv,solar
FR,h0275,0.5982777001123488,scr2088,avaConv,solar
FR,h0276,0.6565367659341647,scr2088,avaConv,solar
FR,h0277,0.719650137523292,scr2088,avaConv,solar
FR,h0278,0.7293304463578579,scr2088,avaConv,solar
FR,h0279,0.6891064213988726,scr2088,avaConv,solar
FR,h0280,0.5484782293539995,scr2088,avaConv,solar
FR,h0281,0.3551923377267888,scr2088,avaConv,solar
FR,h0282,0.16568198418316576,scr2088,avaConv,solar
FR,h0283,0.052427151564920664,scr2088,avaConv,solar
FR,h0284,0.010224865092114094,scr2088,avaConv,solar
FR,h0285,0.007715063125100912,scr2088,avaConv,solar
FR,h0286,0.0003819877690964668,scr2088,avaConv,solar
FR,h0287,0.0,scr2088,avaConv,solar
FR,h0288,0.0,scr2088,avaConv,solar
GR,h0241,0.0,scr2088,avaConv,solar
GR,h0242,0.0,scr2088,avaConv,solar
GR,h0243,0.0,scr2088,avaConv,solar
GR,h0244,0.0005330327545929745,scr2088,avaConv,solar
GR,h0245,0.033624267215295954,scr2088,avaConv,solar
GR,h0246,0.1197134054353769,scr2088,avaConv,solar
GR,h0247,0.22843227310661313,scr2088,avaConv,solar
GR,h0248,0.3456870331480056,scr2088,avaConv,solar
GR,h0249,0.44779665432204624,scr2088,avaConv,solar
GR,h0250,0.5555644750986551,scr2088,avaConv,solar
GR,h0251,0.6272025035686283,scr2088,avaConv,solar
GR,h0252,0.6578243951566995,scr2088,avaConv,solar
GR,h0253,0.6552996292084172,scr2088,avaConv,solar
GR,h0254,0.5843816951678992,scr2088,avaConv,solar
GR,h0255,0.43801863973450306,scr2088,avaConv,solar
GR,h0256,0.22196416123529958,scr2088,avaConv,solar
GR,h0257,0.09528441654322943,scr2088,avaConv,solar
GR,h0258,0.021249202245472883,scr2088,avaConv,solar
GR,h0259,0.020151302872895398,scr2088,avaConv,solar
GR,h0260,0.0,scr2088,avaConv,solar
GR,h0261,0.0,scr2088,avaConv,solar
GR,h0262,0.0,scr2088,avaConv,solar
GR,h0263,0.0,scr2088,avaConv,solar
GR,h0264,0.0,scr2088,avaConv,solar
GR,h0265,0.0,scr2088,avaConv,solar
GR,h0266,0.0,scr2088,avaConv,solar
GR,h0267,0.0,scr2088,avaConv,solar
GR,h0268,0.0015711147903858312,scr2088,avaConv,solar
GR,h0269,0.03459839312032004,scr2088,avaConv,solar
GR,h0270,0.11452572296481991,scr2088,avaConv,solar
GR,h0271,0.25118948993524814,scr2088,avaConv,solar
GR,h0272,0.3997650531167353,scr2088,avaConv,solar
GR,h0273,0.5391379285541331,scr2088,avaConv,solar
GR,h0274,0.6439016383144517,scr2088,avaConv,solar
GR,h0275,0.7050427901276929,scr2088,avaConv,solar
GR,h0276,0.713995339548908,scr2088,avaConv,solar
GR,h0277,0.6630960191525458,scr2088,avaConv,solar
GR,h0278,0.5557340675149095,scr2088,avaConv,solar
GR,h0279,0.39249037739752357,scr2088,avaConv,solar
GR,h0280,0.19722522972479145,scr2088,avaConv,solar
GR,h0281,0.08131302957797809,scr2088,avaConv,solar
GR,h0282,0.01706462147456582,scr2088,avaConv,solar
GR,h0283,0.015943272202353576,scr2088,avaConv,solar
GR,h0284,0.00013767063328269912,scr2088,avaConv,solar
GR,h0285,0.0,scr2088,avaConv,solar
GR,h0286,0.0,scr2088,avaConv,solar
GR,h0287,0.0,scr2088,avaConv,solar
GR,h0288,0.0,scr2088,avaConv,solar
HR,h0241,0.0,scr2088,avaConv,solar
HR,h0242,0.0,scr2088,avaConv,solar
HR,h0243,0.0,scr2088,avaConv,solar
HR,h0244,0.0,scr2088,avaConv,solar
HR,h0245,0.014310986871797087,scr2088,avaConv,solar
HR,h0246,0.07174390883532344,scr2088,avaConv,solar
HR,h0247,0.18692877763881394,scr2088,avaConv,solar
HR,h0248,0.3394442610141526,scr2088,avaConv,solar
HR,h0249,0.49799869159645627,scr2088,avaConv,solar
HR,h0250,0.6340257444571265,scr2088,avaConv,solar
HR,h0251,0.7318462680780178,scr2088,avaConv,solar
HR,h0252,0.7432619035734195,scr2088,avaConv,solar
HR,h0253,0.7003412891760262,scr2088,avaConv,solar
HR,h0254,0.601068446929637,scr2088,avaConv,solar
HR,h0255,0.4824522085677987,scr2088,avaConv,solar
HR,h0256,0.313954751584711,scr2088,avaConv,solar
HR,h0257,0.14589776938218743,scr2088,avaConv,solar
HR,h0258,0.04811766872741431,scr2088,avaConv,solar
HR,h0259,0.00899432745103836,scr2088,avaConv,solar
HR,h0260,0.007378715062146021,scr2088,avaConv,solar
HR,h0261,0.0,scr2088,avaConv,solar
HR,h0262,0.0,scr2088,avaConv,solar
HR,h0263,0.0,scr2088,avaConv,solar
HR,h0264,0.0,scr2088,avaConv,solar
HR,h0265,0.0,scr2088,avaConv,solar
HR,h0266,0.0,scr2088,avaConv,solar
HR,h0267,0.0,scr2088,avaConv,solar
HR,h0268,0.0,scr2088,avaConv,solar
HR,h0269,0.01706688015081499,scr2088,avaConv,solar
HR,h0270,0.07497742843691499,scr2088,avaConv,solar
HR,h0271,0.1458386352934009,scr2088,avaConv,solar
HR,h0272,0.22506087208645262,scr2088,avaConv,solar
HR,h0273,0.2935685208606468,scr2088,avaConv,solar
HR,h0274,0.37396887500559733,scr2088,avaConv,solar
HR,h0275,0.4383901690722963,scr2088,avaConv,solar
HR,h0276,0.475396282115977,scr2088,avaConv,solar
HR,h0277,0.5648890076719991,scr2088,avaConv,solar
HR,h0278,0.6030814278288656,scr2088,avaConv,solar
HR,h0279,0.5692616542313403,scr2088,avaConv,solar
HR,h0280,0.3784845542031722,scr2088,avaConv,solar
HR,h0281,0.17546902798865432,scr2088,avaConv,solar
HR,h0282,0.06478254969694833,scr2088,avaConv,solar
HR,h0283,0.015936278282982774,scr2088,avaConv,solar
HR,h0284,0.014074559080160205,scr2088,avaConv,solar
HR,h0285,0.0,scr2088,avaConv,solar
HR,h0286,0.0,scr2088,avaConv,solar
HR,h0287,0.0,scr2088,avaConv,solar
HR,h0288,0.0,scr2088,avaConv,solar
HU,h0241,0.0,scr2088,avaConv,solar
HU,h0242,0.0,scr2088,avaConv,solar
HU,h0243,0.0,scr2088,avaConv,solar
HU,h0244,0.0,scr2088,avaConv,solar
HU,h0245,0.006301702559245788,scr2088,avaConv,solar
HU,h0246,0.045443315618621194,scr2088,avaConv,solar
HU,h0247,0.15791125752080873,scr2088,avaConv,solar
HU,h0248,0.32972582928551486,scr2088,avaConv,solar
HU,h0249,0.5194380550793531,scr2088,avaConv,solar
HU,h0250,0.6790222093861686,scr2088,avaConv,solar
HU,h0251,0.7452847468096024,scr2088,avaConv,solar
HU,h0252,0.744866771623509,scr2088,avaConv,solar
HU,h0253,0.5813858953512994,scr2088,avaConv,solar
HU,h0254,0.4053850011989476,scr2088,avaConv,solar
HU,h0255,0.22752881705980563,scr2088,avaConv,solar
HU,h0256,0.12679988492385683,scr2088,avaConv,solar
HU,h0257,0.05265123753338932,scr2088,avaConv,solar
HU,h0258,0.01360883942394985,scr2088,avaConv,solar
HU,h0259,0.0011352787074444324,scr2088,avaConv,solar
HU,h0260,0.00021088397683572703,scr2088,avaConv,solar
HU,h0261,0.0,scr2088,avaConv,solar
HU,h0262,0.0,scr2088,avaConv,solar
HU,h0263,0.0,scr2088,avaConv,solar
HU,h0264,0.0,scr2088,avaConv,solar
HU,h0265,0.0,scr2088,avaConv,solar
HU,h0266,0.0,scr2088,avaConv,solar
HU,h0267,0.0,scr2088,avaConv,solar
HU,h0268,0.0,scr2088,avaConv,solar
HU,h0269,0.010567700645895994,scr2088,avaConv,solar
HU,h0270,0.05650690658655168,scr2088,avaConv,solar
HU,h0271,0.16161047447759655,scr2088,avaConv,solar
HU,h0272,0.29992814070552376,scr2088,avaConv,solar
HU,h0273,0.4415640077665758,scr2088,avaConv,solar
HU,h0274,0.5291110383193034,scr2088,avaConv,solar
HU,h0275,0.5471651736497541,scr2088,avaConv,solar
HU,h0276,0.4862634333816415,scr2088,avaConv,solar
HU,h0277,0.4857849214212582,scr2088,avaConv,solar
HU,h0278,0.4589219992384881,scr2088,avaConv,solar
HU,h0279,0.402523702782726,scr2088,avaConv,solar
HU,h0280,0.23370539900321421,scr2088,avaConv,solar
HU,h0281,0.08938129362873677,scr2088,avaConv,solar
HU,h0282,0.025160014917172333,scr2088,avaConv,solar
HU,h0283,0.004185029202588535,scr2088,avaConv,solar
HU,h0284,0.0022022069123061806,scr2088,avaConv,solar
HU,h0285,0.0,scr2088,avaConv,solar
HU,h0286,0.0,scr2088,avaConv,solar
HU,h0287,0.0,scr2088,avaConv,solar
HU,h0288,0.0,scr2088,avaConv,solar
IE,h0241,0.0,scr2088,avaConv,solar
IE,h0242,0.0,scr2088,avaConv,solar
IE,h0243,0.0,scr2088,avaConv,solar
IE,h0244,0.0,scr2088,avaConv,solar
IE,h0245,0.0,scr2088,avaConv,solar
IE,h0246,0.0003362724390217163,scr2088,avaConv,solar
IE,h0247,0.042208966795154824,scr2088,avaConv,solar
IE,h0248,0.14516531571680139,scr2088,avaConv,solar
IE,h0249,0.3153053640262885,scr2088,avaConv,solar
IE,h0250,0.47191799379304605,scr2088,avaConv,solar
IE,h0251,0.6132388805806491,scr2088,avaConv,solar
IE,h0252,0.7332642594497516,scr2088,avaConv,solar
IE,h0253,0.7443238168324616,scr2088,avaConv,solar
IE,h0254,0.7105594030592371,scr2088,avaConv,solar
IE,h0255,0.6084259763353889,scr2088,avaConv,solar
IE,h0256,0.5367493176641184,scr2088,avaConv,solar
IE,h0257,0.41396405895298516,scr2088,avaConv,solar
IE,h0258,0.2626327618003567,scr2088,avaConv,solar
IE,h0259,0.11706889919257944,scr2088,avaConv,solar
IE,h0260,0.03616173275375102,scr2088,avaConv,solar
IE,h0261,0.007124409665190816,scr2088,avaConv,solar
IE,h0262,0.0033186359097182355,scr2088,avaConv,solar
IE,h0263,0.0,scr2088,avaConv,solar
IE,h0264,0.0,scr2088,avaConv,solar
IE,h0265,0.0,scr2088,avaConv,solar
IE,h0266,0.0,scr2088,avaConv,solar
IE,h0267,0.0,scr2088,avaConv,solar
IE,h0268,0.0,scr2088,avaConv,solar
IE,h0269,0.0,scr2088,avaConv,solar
IE,h0270,0.0,scr2088,avaConv,solar
IE,h0271,0.012915778315668001,scr2088,avaConv,solar
IE,h0272,0.050622015714431604,scr2088,avaConv,solar
IE,h0273,0.11348209540714102,scr2088,avaConv,solar
IE,h0274,0.1863447765631416,scr2088,avaConv,solar
IE,h0275,0.2652969620451646,scr2088,avaConv,solar
IE,h0276,0.35255516481849647,scr2088,avaConv,solar
IE,h0277,0.37505892345218567,scr2088,avaConv,solar
IE,h0278,0.36759397580245906,scr2088,avaConv,solar
IE,h0279,0.3261085346574195,scr2088,avaConv,solar
IE,h0280,0.3075997545586267,scr2088,avaConv,solar
IE,h0281,0.2609339138231873,scr2088,avaConv,solar
IE,h0282,0.1859307227256557,scr2088,avaConv,solar
IE,h0283,0.09210563738770353,scr2088,avaConv,solar
IE,h0284,0.039696855884460244,scr2088,avaConv,solar
IE,h0285,0.010654670310987787,scr2088,avaConv,solar
IE,h0286,0.007787990597760326,scr2088,avaConv,solar
IE,h0287,0.00034625114219746594,scr2088,avaConv,solar
IE,h0288,0.0,scr2088,avaConv,solar
IT,h0241,0.0,scr2088,avaConv,solar
IT,h0242,0.0,scr2088,avaConv,solar
IT,h0243,0.0,scr2088,avaConv,solar
IT,h0244,0.0,scr2088,avaConv,solar
IT,h0245,0.004186665184111365,scr2088,avaConv,solar
IT,h0246,0.04657405752329554,scr2088,avaConv,solar
IT,h0247,0.14645959826448982,scr2088,avaConv,solar
IT,h0248,0.2996493683700867,scr2088,avaConv,solar
IT,h0249,0.45780257365217936,scr2088,avaConv,solar
IT,h0250,0.5973520418687827,scr2088,avaConv,solar
IT,h0251,0.704278264841614,scr2088,avaConv,solar
IT,h0252,0.761905326558149,scr2088,avaConv,solar
IT,h0253,0.7589590818109839,scr2088,avaConv,solar
IT,h0254,0.6939395644282149,scr2088,avaConv,solar
IT,h0255,0.570663775588413,scr2088,avaConv,solar
IT,h0256,0.38985654229834626,scr2088,avaConv,solar
IT,h0257,0.18824848303165798,scr2088,avaConv,solar
IT,h0258,0.07050668400426192,scr2088,avaConv,solar
IT,h0259,0.01436979135391961,scr2088,avaConv,solar
IT,h0260,0.01246126462044672,scr2088,avaConv,solar
IT,h0261,0.0,scr2088,avaConv,solar
IT,h0262,0.0,scr2088,avaConv,solar
IT,h0263,0.0,scr2088,avaConv,solar
IT,h0264,0.0,scr2088,avaConv,solar
IT,h0265,0.0,scr2088,avaConv,solar
IT,h0266,0.0,scr2088,avaConv,solar
IT,h0267,0.0,scr2088,avaConv,solar
IT,h0268,0.0,scr2088,avaConv,solar
IT,h0269,0.006122780163425725,scr2088,avaConv,solar
IT,h0270,0.0447718822515383,scr2088,avaConv,solar
IT,h0271,0.12058538286337532,scr2088,avaConv,solar
IT,h0272,0.23204949694082985,scr2088,avaConv,solar
IT,h0273,0.3485061389933092,scr2088,avaConv,solar
IT,h0274,0.4662759758588425,scr2088,avaConv,solar
IT,h0275,0.5568879965862411,scr2088,avaConv,solar
IT,h0276,0.5967945565203918,scr2088,avaConv,solar
IT,h0277,0.6154769618688968,scr2088,avaConv,solar
IT,h0278,0.5813336359578412,scr2088,avaConv,solar
IT,h0279,0.5043972090593621,scr2088,avaConv,solar
IT,h0280,0.34835342549635373,scr2088,avaConv,solar
IT,h0281,0.17265551481268293,scr2088,avaConv,solar
IT,h0282,0.06299858520334549,scr2088,avaConv,solar
IT,h0283,0.010229167608088235,scr2088,avaConv,solar
IT,h0284,0.007397233131305513,scr2088,avaConv,solar
IT,h0285,0.0005215596201038746,scr2088,avaConv,solar
IT,h0286,0.0,scr2088,avaConv,solar
IT,h0287,0.0,scr2088,avaConv,solar
IT,h0288,0.0,scr2088,avaConv,solar
LT,h0241,0.0,scr2088,avaConv,solar
LT,h0242,0.0,scr2088,avaConv,solar
LT,h0243,0.0,scr2088,avaConv,solar
LT,h0244,0.00468453438629711,scr2088,avaConv,solar
LT,h0245,0.02746522170326817,scr2088,avaConv,solar
LT,h0246,0.06904170843459573,scr2088,avaConv,solar
LT,h0247,0.09505105975129365,scr2088,avaConv,solar
LT,h0248,0.11084332722991815,scr2088,avaConv,solar
LT,h0249,0.12023017189639604,scr2088,avaConv,solar
LT,h0250,0.15668180426678352,scr2088,avaConv,solar
LT,h0251,0.18932618984921357,scr2088,avaConv,solar
LT,h0252,0.22545737563429433,scr2088,avaConv,solar
LT,h0253,0.2902036673537154,scr2088,avaConv,solar
LT,h0254,0.32660725627840353,scr2088,avaConv,solar
LT,h0255,0.30812364945288623,scr2088,avaConv,solar
LT,h0256,0.19529600938572445,scr2088,avaConv,solar
LT,h0257,0.08289346492416473,scr2088,avaConv,solar
LT,h0258,0.026947911174573992,scr2088,avaConv,solar
LT,h0259,0.00545752301191043,scr2088,avaConv,solar
LT,h0260,0.004652965765872513,scr2088,avaConv,solar
LT,h0261,0.0,scr2088,avaConv,solar
LT,h0262,0.0,scr2088,avaConv,solar
LT,h0263,0.0,scr2088,avaConv,solar
LT,h0264,0.0,scr2088,avaConv,solar
LT,h0265,0.0,scr2088,avaConv,solar
LT,h0266,0.0,scr2088,avaConv,solar
LT,h0267,0.00013087591201017525,scr2088,avaConv,solar
LT,h0268,0.013276106041255691,scr2088,avaConv,solar
LT,h0269,0.056241837348110564,scr2088,avaConv,solar
LT,h0270,0.13814201005982282,scr2088,avaConv,solar
LT,h0271,0.21639539041285014,scr2088,avaConv,solar
LT,h0272,0.31913222961146626,scr2088,avaConv,solar
LT,h0273,0.42426430574330803,scr2088,avaConv,solar
LT,h0274,0.5886131345600609,scr2088,avaConv,solar
LT,h0275,0.702711798819776,scr2088,avaConv,solar
LT,h0276,0.7727592697682527,scr2088,avaConv,solar
LT,h0277,0.647070479456924,scr2088,avaConv,solar
LT,h0278,0.4763764310295799,scr2088,avaConv,solar
LT,h0279,0.2879511058687118,scr2088,avaConv,solar
LT,h0280,0.17940822126393732,scr2088,avaConv,solar
LT,h0281,0.08573410808677089,scr2088,avaConv,solar
LT,h0282,0.02815056719619957,scr2088,avaConv,solar
LT,h0283,0.004414003238819097,scr2088,avaConv,solar
LT,h0284,0.0011093518103686716,scr2088,avaConv,solar
LT,h0285,0.00031233568808643875,scr2088,avaConv,solar
LT,h0286,0.0,scr2088,avaConv,solar
LT,h0287,0.0,scr2088,avaConv,solar
LT,h0288,0.0,scr2088,avaConv,solar
LV,h0241,0.0,scr2088,avaConv,solar
LV,h0242,0.0,scr2088,avaConv,solar
LV,h0243,0.0,scr2088,avaConv,solar
LV,h0244,0.004883195004893401,scr2088,avaConv,solar
LV,h0245,0.029764814031208908,scr2088,avaConv,solar
LV,h0246,0.08343647127218133,scr2088,avaConv,solar
LV,h0247,0.09779129693164741,scr2088,avaConv,solar
LV,h0248,0.09643814117484867,scr2088,avaConv,solar
LV,h0249,0.07747543349313579,scr2088,avaConv,solar
LV,h0250,0.0982679299774851,scr2088,avaConv,solar
LV,h0251,0.11243978512935614,scr2088,avaConv,solar
LV,h0252,0.119453141426724,scr2088,avaConv,solar
LV,h0253,0.23051999252327762,scr2088,avaConv,solar
LV,h0254,0.3175122618393848,scr2088,avaConv,solar
LV,h0255,0.36426948969987133,scr2088,avaConv,solar
LV,h0256,0.23437363617255358,scr2088,avaConv,solar
LV,h0257,0.1048916017047623,scr2088,avaConv,solar
LV,h0258,0.03414989907334445,scr2088,avaConv,solar
LV,h0259,0.005609678202760782,scr2088,avaConv,solar
LV,h0260,0.00471359811015763,scr2088,avaConv,solar
LV,h0261,0.00024514375185889184,scr2088,avaConv,solar
LV,h0262,0.0,scr2088,avaConv,solar
LV,h0263,0.0,scr2088,avaConv,solar
LV,h0264,0.0,scr2088,avaConv,solar
LV,h0265,0.0,scr2088,avaConv,solar
LV,h0266,0.0,scr2088,avaConv,solar
LV,h0267,0.0006816638821343717,scr2088,avaConv,solar
LV,h0268,0.0170862628120381,scr2088,avaConv,solar
LV,h0269,0.0660016760114145,scr2088,avaConv,solar
LV,h0270,0.15335410870968053,scr2088,avaConv,solar
LV,h0271,0.18990032019784828,scr2088,avaConv,solar
LV,h0272,0.21495795985038865,scr2088,avaConv,solar
LV,h0273,0.23690062975206502,scr2088,avaConv,solar
LV,h0274,0.35147863290699144,scr2088,avaConv,solar
LV,h0275,0.5050673295218937,scr2088,avaConv,solar
LV,h0276,0.6411357820921029,scr2088,avaConv,solar
LV,h0277,0.6799860490451037,scr2088,avaConv,solar
LV,h0278,0.6132458855743612,scr2088,avaConv,solar
LV,h0279,0.47577766685262235,scr2088,avaConv,solar
LV,h0280,0.30288223136419684,scr2088,avaConv,solar
LV,h0281,0.13280593920309328,scr2088,avaConv,solar
LV,h0282,0.032224684845732696,scr2088,avaConv,solar
LV,h0283,0.0028438978388277275,scr2088,avaConv,solar
LV,h0284,0.0019530308501327213,scr2088,avaConv,solar
LV,h0285,0.0019530308501327213,scr2088,avaConv,solar
LV,h0286,0.0,scr2088,avaConv,solar
LV,h0287,0.0,scr2088,avaConv,solar
LV,h0288,0.0,scr2088,avaConv,solar
ME,h0241,0.0,scr2088,avaConv,solar
ME,h0242,0.0,scr2088,avaConv,solar
ME,h0243,0.0,scr2088,avaConv,solar
ME,h0244,0.0,scr2088,avaConv,solar
ME,h0245,0.019424558139357746,scr2088,avaConv,solar
ME,h0246,0.08679248138262297,scr2088,avaConv,solar
ME,h0247,0.22138285976231226,scr2088,avaConv,solar
ME,h0248,0.38602719963617,scr2088,avaConv,solar
ME,h0249,0.5144124358343733,scr2088,avaConv,solar
ME,h0250,0.5982475871281719,scr2088,avaConv,solar
ME,h0251,0.6377202127504533,scr2088,avaConv,solar
ME,h0252,0.6606843621578099,scr2088,avaConv,solar
ME,h0253,0.6651265441913432,scr2088,avaConv,solar
ME,h0254,0.6054739581645151,scr2088,avaConv,solar
ME,h0255,0.48231333400147475,scr2088,avaConv,solar
ME,h0256,0.276815514017817,scr2088,avaConv,solar
ME,h0257,0.10726244158864259,scr2088,avaConv,solar
ME,h0258,0.02176704701271364,scr2088,avaConv,solar
ME,h0259,0.0029876221117333787,scr2088,avaConv,solar
ME,h0260,0.002571439499657416,scr2088,avaConv,solar
ME,h0261,0.0,scr2088,avaConv,solar
ME,h0262,0.0,scr2088,avaConv,solar
ME,h0263,0.0,scr2088,avaConv,solar
ME,h0264,0.0,scr2088,avaConv,solar
ME,h0265,0.0,scr2088,avaConv,solar
ME,h0266,0.0,scr2088,avaConv,solar
ME,h0267,0.0,scr2088,avaConv,solar
ME,h0268,0.0,scr2088,avaConv,solar
ME,h0269,0.02165566140110905,scr2088,avaConv,solar
ME,h0270,0.08898372599426387,scr2088,avaConv,solar
ME,h0271,0.20020484978428424,scr2088,avaConv,solar
ME,h0272,0.3221293090758439,scr2088,avaConv,solar
ME,h0273,0.4315725699643252,scr2088,avaConv,solar
ME,h0274,0.5361375331602312,scr2088,avaConv,solar
ME,h0275,0.6056466212303689,scr2088,avaConv,solar
ME,h0276,0.6254100071727412,scr2088,avaConv,solar
ME,h0277,0.6030969325137766,scr2088,avaConv,solar
ME,h0278,0.5448449579916811,scr2088,avaConv,solar
ME,h0279,0.4542948022622817,scr2088,avaConv,solar
ME,h0280,0.2854943115782827,scr2088,avaConv,solar
ME,h0281,0.12316864957785581,scr2088,avaConv,solar
ME,h0282,0.0327777600110193,scr2088,avaConv,solar
ME,h0283,0.007789316767646587,scr2088,avaConv,solar
ME,h0284,0.0064613045326329275,scr2088,avaConv,solar
ME,h0285,0.0,scr2088,avaConv,solar
ME,h0286,0.0,scr2088,avaConv,solar
ME,h0287,0.0,scr2088,avaConv,solar
ME,h0288,0.0,scr2088,avaConv,solar
MK,h0241,0.0,scr2088,avaConv,solar
MK,h0242,0.0,scr2088,avaConv,solar
MK,h0243,0.0,scr2088,avaConv,solar
MK,h0244,0.0,scr2088,avaConv,solar
MK,h0245,0.022577740430252635,scr2088,avaConv,solar
MK,h0246,0.09408270408336983,scr2088,avaConv,solar
MK,h0247,0.17639771637987958,scr2088,avaConv,solar
MK,h0248,0.28052917568167424,scr2088,avaConv,solar
MK,h0249,0.38645088111560516,scr2088,avaConv,solar
MK,h0250,0.5713044560695988,scr2088,avaConv,solar
MK,h0251,0.7250713382479861,scr2088,avaConv,solar
MK,h0252,0.7982096045997316,scr2088,avaConv,solar
MK,h0253,0.7400211636805021,scr2088,avaConv,solar
MK,h0254,0.6055101221302559,scr2088,avaConv,solar
MK,h0255,0.42783163795388734,scr2088,avaConv,solar
MK,h0256,0.2294068559512173,scr2088,avaConv,solar
MK,h0257,0.07944638874656819,scr2088,avaConv,solar
MK,h0258,0.010613166612278147,scr2088,avaConv,solar
MK,h0259,0.0008955930689054337,scr2088,avaConv,solar
MK,h0260,0.0007289344788410795,scr2088,avaConv,solar
MK,h0261,0.0,scr2088,avaConv,solar
MK,h0262,0.0,scr2088,avaConv,solar
MK,h0263,0.0,scr2088,avaConv,solar
MK,h0264,0.0,scr2088,avaConv,solar
MK,h0265,0.0,scr2088,avaConv,solar
MK,h0266,0.0,scr2088,avaConv,solar
MK,h0267,0.0,scr2088,avaConv,solar
MK,h0268,0.00048813138616942304,scr2088,avaConv,solar
MK,h0269,0.028198656608033244,scr2088,avaConv,solar
MK,h0270,0.10291065332960132,scr2088,avaConv,solar
MK,h0271,0.22035727827285892,scr2088,avaConv,solar
MK,h0272,0.34081218640464417,scr2088,avaConv,solar
MK,h0273,0.4512551909537231,scr2088,avaConv,solar
MK,h0274,0.5413968600915927,scr2088,avaConv,solar
MK,h0275,0.60422879273033,scr2088,avaConv,solar
MK,h0276,0.6185931439092659,scr2088,avaConv,solar
MK,h0277,0.6150553759641507,scr2088,avaConv,solar
MK,h0278,0.536502918772326,scr2088,avaConv,solar
MK,h0279,0.4264860467549762,scr2088,avaConv,solar
MK,h0280,0.2365799971514531,scr2088,avaConv,solar
MK,h0281,0.09620611571418226,scr2088,avaConv,solar
MK,h0282,0.0182459400549735,scr2088,avaConv,solar
MK,h0283,0.004112353595037938,scr2088,avaConv,solar
MK,h0284,0.0032865236762191666,scr2088,avaConv,solar
MK,h0285,0.0,scr2088,avaConv,solar
MK,h0286,0.0,scr2088,avaConv,solar
MK,h0287,0.0,scr2088,avaConv,solar
MK,h0288,0.0,scr2088,avaConv,solar
NL,h0241,0.0,scr2088,avaConv,solar
NL,h0242,0.0,scr2088,avaConv,solar
NL,h0243,0.0,scr2088,avaConv,solar
NL,h0244,0.0,scr2088,avaConv,solar
NL,h0245,0.00044419645825134654,scr2088,avaConv,solar
NL,h0246,0.020345087350674064,scr2088,avaConv,solar
NL,h0247,0.06636522877907147,scr2088,avaConv,solar
NL,h0248,0.15827769355295473,scr2088,avaConv,solar
NL,h0249,0.2602064108963028,scr2088,avaConv,solar
NL,h0250,0.4061068570271702,scr2088,avaConv,solar
NL,h0251,0.5462486794378596,scr2088,avaConv,solar
NL,h0252,0.6991977016771237,scr2088,avaConv,solar
NL,h0253,0.6765654292691352,scr2088,avaConv,solar
NL,h0254,0.6099757658759423,scr2088,avaConv,solar
NL,h0255,0.4860939678043735,scr2088,avaConv,solar
NL,h0256,0.4132974592939906,scr2088,avaConv,solar
NL,h0257,0.2836126520746586,scr2088,avaConv,solar
NL,h0258,0.1291778474236218,scr2088,avaConv,solar
NL,h0259,0.04576729470887782,scr2088,avaConv,solar
NL,h0260,0.009536561452199657,scr2088,avaConv,solar
NL,h0261,0.006952043098874331,scr2088,avaConv,solar
NL,h0262,0.0,scr2088,avaConv,solar
NL,h0263,0.0,scr2088,avaConv,solar
NL,h0264,0.0,scr2088,avaConv,solar
NL,h0265,0.0,scr2088,avaConv,solar
NL,h0266,0.0,scr2088,avaConv,solar
NL,h0267,0.0,scr2088,avaConv,solar
NL,h0268,0.0,scr2088,avaConv,solar
NL,h0269,0.006598819344238192,scr2088,avaConv,solar
NL,h0270,0.04290264176799012,scr2088,avaConv,solar
NL,h0271,0.07060606862410257,scr2088,avaConv,solar
NL,h0272,0.10716514111196916,scr2088,avaConv,solar
NL,h0273,0.1282787847611388,scr2088,avaConv,solar
NL,h0274,0.19295854148797045,scr2088,avaConv,solar
NL,h0275,0.24074630027189434,scr2088,avaConv,solar
NL,h0276,0.28061078389137756,scr2088,avaConv,solar
NL,h0277,0.4034999331839329,scr2088,avaConv,solar
NL,h0278,0.5193045151858098,scr2088,avaConv,solar
NL,h0279,0.6013086278006883,scr2088,avaConv,solar
NL,h0280,0.508613189110978,scr2088,avaConv,solar
NL,h0281,0.34415198473211833,scr2088,avaConv,solar
NL,h0282,0.1562043528396256,scr2088,avaConv,solar
NL,h0283,0.039372714546397035,scr2088,avaConv,solar
NL,h0284,0.0018037851879057433,scr2088,avaConv,solar
NL,h0285,0.0007609759805857409,scr2088,avaConv,solar
NL,h0286,0.00021203260860135298,scr2088,avaConv,solar
NL,h0287,0.0,scr2088,avaConv,solar
NL,h0288,0.0,scr2088,avaConv,solar
NO,h0241,0.0,scr2088,avaConv,solar
NO,h0242,0.0,scr2088,avaConv,solar
NO,h0243,0.0,scr2088,avaConv,solar
NO,h0244,0.0013893641608964352,scr2088,avaConv,solar
NO,h0245,0.01489963128163784,scr2088,avaConv,solar
NO,h0246,0.05642956950743082,scr2088,avaConv,solar
NO,h0247,0.15843790977658098,scr2088,avaConv,solar
NO,h0248,0.291476743377742,scr2088,avaConv,solar
NO,h0249,0.4462061348540607,scr2088,avaConv,solar
NO,h0250,0.5709006000663593,scr2088,avaConv,solar
NO,h0251,0.6763631063348232,scr2088,avaConv,solar
NO,h0252,0.7371777888014106,scr2088,avaConv,solar
NO,h0253,0.6354508507341817,scr2088,avaConv,solar
NO,h0254,0.5071972418703351,scr2088,avaConv,solar
NO,h0255,0.36301122890446796,scr2088,avaConv,solar
NO,h0256,0.3046450994441764,scr2088,avaConv,solar
NO,h0257,0.21129741071092595,scr2088,avaConv,solar
NO,h0258,0.10652303007098352,scr2088,avaConv,solar
NO,h0259,0.034680639009221435,scr2088,avaConv,solar
NO,h0260,0.005638344926852316,scr2088,avaConv,solar
NO,h0261,0.0009391965301254275,scr2088,avaConv,solar
NO,h0262,0.0004516145222218725,scr2088,avaConv,solar
NO,h0263,0.0,scr2088,avaConv,solar
NO,h0264,0.0,scr2088,avaConv,solar
NO,h0265,0.0,scr2088,avaConv,solar
NO,h0266,0.00012013981170604664,scr2088,avaConv,solar
NO,h0267,0.0012136939396837165,scr2088,avaConv,solar
NO,h0268,0.007039395063649105,scr2088,avaConv,solar
NO,h0269,0.02627169950097928,scr2088,avaConv,solar
NO,h0270,0.06590467177298942,scr2088,avaConv,solar
NO,h0271,0.09757860710597221,scr2088,avaConv,solar
NO,h0272,0.13348736275029469,scr2088,avaConv,solar
NO,h0273,0.16827367834972987,scr2088,avaConv,solar
NO,h0274,0.2262957805002174,scr2088,avaConv,solar
NO,h0275,0.2789687705919634,scr2088,avaConv,solar
NO,h0276,0.3185383065517629,scr2088,avaConv,solar
NO,h0277,0.30080328231997405,scr2088,avaConv,solar
NO,h0278,0.2575740968588485,scr2088,avaConv,solar
NO,h0279,0.19241840517290293,scr2088,avaConv,solar
NO,h0280,0.15187906582901534,scr2088,avaConv,solar
NO,h0281,0.11057325526753019,scr2088,avaConv,solar
NO,h0282,0.0731785011405814,scr2088,avaConv,solar
NO,h0283,0.03922381349042985,scr2088,avaConv,solar
NO,h0284,0.018725926702296062,scr2088,avaConv,solar
NO,h0285,0.006366427527949469,scr2088,avaConv,solar
NO,h0286,0.0031336661384933602,scr2088,avaConv,solar
NO,h0287,0.00031813114264906984,scr2088,avaConv,solar
NO,h0288,0.0,scr2088,avaConv,solar
PL,h0241,0.0,scr2088,avaConv,solar
PL,h0242,0.0,scr2088,avaConv,solar
PL,h0243,0.0,scr2088,avaConv,solar
PL,h0244,0.001501965499317193,scr2088,avaConv,solar
PL,h0245,0.01532780362792952,scr2088,avaConv,solar
PL,h0246,0.0450224344984305,scr2088,avaConv,solar
PL,h0247,0.10603307422855833,scr2088,avaConv,solar
PL,h0248,0.16257922099786823,scr2088,avaConv,solar
PL,h0249,0.2269675772862264,scr2088,avaConv,solar
PL,h0250,0.27694967274122056,scr2088,avaConv,solar
PL,h0251,0.32877112761156035,scr2088,avaConv,solar
PL,h0252,0.3580546858376326,scr2088,avaConv,solar
PL,h0253,0.3451457249245641,scr2088,avaConv,solar
PL,h0254,0.3086186485263609,scr2088,avaConv,solar
PL,h0255,0.2552072219471155,scr2088,avaConv,solar
PL,h0256,0.1887887856940187,scr2088,avaConv,solar
PL,h0257,0.10600763140097416,scr2088,avaConv,solar
PL,h0258,0.04405825700115884,scr2088,avaConv,solar
PL,h0259,0.011034388203813182,scr2088,avaConv,solar
PL,h0260,0.006318663808902229,scr2088,avaConv,solar
PL,h0261,0.00024386560621052932,scr2088,avaConv,solar
PL,h0262,0.0,scr2088,avaConv,solar
PL,h0263,0.0,scr2088,avaConv,solar
PL,h0264,0.0,scr2088,avaConv,solar
PL,h0265,0.0,scr2088,avaConv,solar
PL,h0266,0.0,scr2088,avaConv,solar
PL,h0267,0.0,scr2088,avaConv,solar
PL,h0268,0.007596878148807554,scr2088,avaConv,solar
PL,h0269,0.0426749914845382,scr2088,avaConv,solar
PL,h0270,0.11486273228552606,scr2088,avaConv,solar
PL,h0271,0.23616483361043591,scr2088,avaConv,solar
PL,h0272,0.3657430405278576,scr2088,avaConv,solar
PL,h0273,0.49685302011173116,scr2088,avaConv,solar
PL,h0274,0.5925693348845893,scr2088,avaConv,solar
PL,h0275,0.6676833237665661,scr2088,avaConv,solar
PL,h0276,0.6993973773512981,scr2088,avaConv,solar
PL,h0277,0.5480493290719953,scr2088,avaConv,solar
PL,h0278,0.37498872868948846,scr2088,avaConv,solar
PL,h0279,0.19695689819373502,scr2088,avaConv,solar
PL,h0280,0.15365160234840375,scr2088,avaConv,solar
PL,h0281,0.09478967974446034,scr2088,avaConv,solar
PL,h0282,0.044252892943880795,scr2088,avaConv,solar
PL,h0283,0.011582655871102306,scr2088,avaConv,solar
PL,h0284,0.0022246468082945652,scr2088,avaConv,solar
PL,h0285,0.0004073113342878902,scr2088,avaConv,solar
PL,h0286,0.0,scr2088,avaConv,solar
PL,h0287,0.0,scr2088,avaConv,solar
PL,h0288,0.0,scr2088,avaConv,solar
PT,h0241,0.0,scr2088,avaConv,solar
PT,h0242,0.0,scr2088,avaConv,solar
PT,h0243,0.0,scr2088,avaConv,solar
PT,h0244,0.0,scr2088,avaConv,solar
PT,h0245,0.0,scr2088,avaConv,solar
PT,h0246,0.0,scr2088,avaConv,solar
PT,h0247,0.020940048523848405,scr2088,avaConv,solar
PT,h0248,0.07584233909857285,scr2088,avaConv,solar
PT,h0249,0.17162448870188227,scr2088,avaConv,solar
PT,h0250,0.2819583126637202,scr2088,avaConv,solar
PT,h0251,0.42613713447135815,scr2088,avaConv,solar
PT,h0252,0.5805523970920541,scr2088,avaConv,solar
PT,h0253,0.7147430166608425,scr2088,avaConv,solar
PT,h0254,0.7664260902217103,scr2088,avaConv,solar
PT,h0255,0.7358414079597111,scr2088,avaConv,solar
PT,h0256,0.6347888887543593,scr2088,avaConv,solar
PT,h0257,0.4756546215686079,scr2088,avaConv,solar
PT,h0258,0.25311151257253434,scr2088,avaConv,solar
PT,h0259,0.10819864810533829,scr2088,avaConv,solar
PT,h0260,0.01862672717739053,scr2088,avaConv,solar
PT,h0261,0.01517178168344854,scr2088,avaConv,solar
PT,h0262,0.0,scr2088,avaConv,solar
PT,h0263,0.0,scr2088,avaConv,solar
PT,h0264,0.0,scr2088,avaConv,solar
PT,h0265,0.0,scr2088,avaConv,solar
PT,h0266,0.0,scr2088,avaConv,solar
PT,h0267,0.0,scr2088,avaConv,solar
PT,h0268,0.0,scr2088,avaConv,solar
PT,h0269,0.0,scr2088,avaConv,solar
PT,h0270,0.0015835052286371832,scr2088,avaConv,solar
PT,h0271,0.029834202171645823,scr2088,avaConv,solar
PT,h0272,0.1043239962827435,scr2088,avaConv,solar
PT,h0273,0.23164270152267633,scr2088,avaConv,solar
PT,h0274,0.37528199029832693,scr2088,avaConv,solar
PT,h0275,0.511402789809361,scr2088,avaConv,solar
PT,h0276,0.6242514691352938,scr2088,avaConv,solar
PT,h0277,0.709250056260495,scr2088,avaConv,solar
PT,h0278,0.7417982560501251,scr2088,avaConv,solar
PT,h0279,0.7120667864921492,scr2088,avaConv,solar
PT,h0280,0.6130329591647082,scr2088,avaConv,solar
PT,h0281,0.4587502700523386,scr2088,avaConv,solar
PT,h0282,0.24683685239696643,scr2088,avaConv,solar
PT,h0283,0.08811548506998251,scr2088,avaConv,solar
PT,h0284,0.005987227019384013,scr2088,avaConv,solar
PT,h0285,0.0011546890319794336,scr2088,avaConv,solar
PT,h0286,0.0010583841161000802,scr2088,avaConv,solar
PT,h0287,0.0,scr2088,avaConv,solar
PT,h0288,0.0,scr2088,avaConv,solar
RO,h0241,0.0,scr2088,avaConv,solar
RO,h0242,0.0,scr2088,avaConv,solar
RO,h0243,0.0,scr2088,avaConv,solar
RO,h0244,0.0027462255195954115,scr2088,avaConv,solar
RO,h0245,0.03324935379438923,scr2088,avaConv,solar
RO,h0246,0.11131689545952551,scr2088,avaConv,solar
RO,h0247,0.20193195125002888,scr2088,avaConv,solar
RO,h0248,0.2893816596726584,scr2088,avaConv,solar
RO,h0249,0.364512543722448,scr2088,avaConv,solar
RO,h0250,0.4497152707145163,scr2088,avaConv,solar
RO,h0251,0.5138789205170642,scr2088,avaConv,solar
RO,h0252,0.5258577298238742,scr2088,avaConv,solar
RO,h0253,0.47834415581289624,scr2088,avaConv,solar
RO,h0254,0.38681812770508656,scr2088,avaConv,solar
RO,h0255,0.2577817529992118,scr2088,avaConv,solar
RO,h0256,0.13553432390947234,scr2088,avaConv,solar
RO,h0257,0.04915688379520013,scr2088,avaConv,solar
RO,h0258,0.010652685243363581,scr2088,avaConv,solar
RO,h0259,0.0031518409306281123,scr2088,avaConv,solar
RO,h0260,0.0,scr2088,avaConv,solar
RO,h0261,0.0,scr2088,avaConv,solar
RO,h0262,0.0,scr2088,avaConv,solar
RO,h0263,0.0,scr2088,avaConv,solar
RO,h0264,0.0,scr2088,avaConv,solar
RO,h0265,0.0,scr2088,avaConv,solar
RO,h0266,0.0,scr2088,avaConv,solar
RO,h0267,0.0,scr2088,avaConv,solar
RO,h0268,0.00597059034680999,scr2088,avaConv,solar
RO,h0269,0.04325285558529737,scr2088,avaConv,solar
RO,h0270,0.12826252875270328,scr2088,avaConv,solar
RO,h0271,0.24535300556171685,scr2088,avaConv,solar
RO,h0272,0.36916787863211736,scr2088,avaConv,solar
RO,h0273,0.4858447653837418,scr2088,avaConv,solar
RO,h0274,0.5881858445260596,scr2088,avaConv,solar
RO,h0275,0.6434681853796493,scr2088,avaConv,solar
RO,h0276,0.6399142392468989,scr2088,avaConv,solar
RO,h0277,0.5192015638854846,scr2088,avaConv,solar
RO,h0278,0.36767969244712884,scr2088,avaConv,solar
RO,h0279,0.2135796639927843,scr2088,avaConv,solar
RO,h0280,0.11597101271179387,scr2088,avaConv,solar
RO,h0281,0.04732098120274649,scr2088,avaConv,solar
RO,h0282,0.010376693195303668,scr2088,avaConv,solar
RO,h0283,0.0014511674602066386,scr2088,avaConv,solar
RO,h0284,0.0003047253498966878,scr2088,avaConv,solar
RO,h0285,0.0,scr2088,avaConv,solar
RO,h0286,0.0,scr2088,avaConv,solar
RO,h0287,0.0,scr2088,avaConv,solar
RO,h0288,0.0,scr2088,avaConv,solar
RS,h0241,0.0,scr2088,avaConv,solar
RS,h0242,0.0,scr2088,avaConv,solar
RS,h0243,0.0,scr2088,avaConv,solar
RS,h0244,0.0,scr2088,avaConv,solar
RS,h0245,0.028784878873447897,scr2088,avaConv,solar
RS,h0246,0.10586904170930744,scr2088,avaConv,solar
RS,h0247,0.21209442011465965,scr2088,avaConv,solar
RS,h0248,0.322476689141536,scr2088,avaConv,solar
RS,h0249,0.41456694766858015,scr2088,avaConv,solar
RS,h0250,0.5040125447549318,scr2088,avaConv,solar
RS,h0251,0.55897058114673,scr2088,avaConv,solar
RS,h0252,0.5639966658019822,scr2088,avaConv,solar
RS,h0253,0.5167847131571316,scr2088,avaConv,solar
RS,h0254,0.43740766589395497,scr2088,avaConv,solar
RS,h0255,0.3256161916362306,scr2088,avaConv,solar
RS,h0256,0.19407496001193056,scr2088,avaConv,solar
RS,h0257,0.07573735157747082,scr2088,avaConv,solar
RS,h0258,0.015399373103770438,scr2088,avaConv,solar
RS,h0259,0.0012380543743503078,scr2088,avaConv,solar
RS,h0260,0.001081900505383892,scr2088,avaConv,solar
RS,h0261,0.0,scr2088,avaConv,solar
RS,h0262,0.0,scr2088,avaConv,solar
RS,h0263,0.0,scr2088,avaConv,solar
RS,h0264,0.0,scr2088,avaConv,solar
RS,h0265,0.0,scr2088,avaConv,solar
RS,h0266,0.0,scr2088,avaConv,solar
RS,h0267,0.0,scr2088,avaConv,solar
RS,h0268,0.001689305830259449,scr2088,avaConv,solar
RS,h0269,0.03664921794748974,scr2088,avaConv,solar
RS,h0270,0.11768021923928483,scr2088,avaConv,solar
RS,h0271,0.23324211848878137,scr2088,avaConv,solar
RS,h0272,0.34754925302240974,scr2088,avaConv,solar
RS,h0273,0.44948044552650585,scr2088,avaConv,solar
RS,h0274,0.5322482101886035,scr2088,avaConv,solar
RS,h0275,0.5754566514327512,scr2088,avaConv,solar
RS,h0276,0.5671748711499354,scr2088,avaConv,solar
RS,h0277,0.5084803708414303,scr2088,avaConv,solar
RS,h0278,0.4201004999433707,scr2088,avaConv,solar
RS,h0279,0.32278953972088487,scr2088,avaConv,solar
RS,h0280,0.20257750198900765,scr2088,avaConv,solar
RS,h0281,0.09361596335765432,scr2088,avaConv,solar
RS,h0282,0.02486034946123236,scr2088,avaConv,solar
RS,h0283,0.005347412606436713,scr2088,avaConv,solar
RS,h0284,0.004240066967268922,scr2088,avaConv,solar
RS,h0285,0.0,scr2088,avaConv,solar
RS,h0286,0.0,scr2088,avaConv,solar
RS,h0287,0.0,scr2088,avaConv,solar
RS,h0288,0.0,scr2088,avaConv,solar
SE,h0241,0.0,scr2088,avaConv,solar
SE,h0242,0.0,scr2088,avaConv,solar
SE,h0243,0.00020114825447986023,scr2088,avaConv,solar
SE,h0244,0.005174479217999469,scr2088,avaConv,solar
SE,h0245,0.02863613582576429,scr2088,avaConv,solar
SE,h0246,0.07755438461592974,scr2088,avaConv,solar
SE,h0247,0.14539595443714384,scr2088,avaConv,solar
SE,h0248,0.2229249753259549,scr2088,avaConv,solar
SE,h0249,0.29969318311770016,scr2088,avaConv,solar
SE,h0250,0.3705019748721693,scr2088,avaConv,solar
SE,h0251,0.4238318315952318,scr2088,avaConv,solar
SE,h0252,0.45313445012126646,scr2088,avaConv,solar
SE,h0253,0.4460750392036978,scr2088,avaConv,solar
SE,h0254,0.4104663493084165,scr2088,avaConv,solar
SE,h0255,0.3494728461976826,scr2088,avaConv,solar
SE,h0256,0.27306915404165494,scr2088,avaConv,solar
SE,h0257,0.1741673768792626,scr2088,avaConv,solar
SE,h0258,0.08325313840820765,scr2088,avaConv,solar
SE,h0259,0.028797916733785258,scr2088,avaConv,solar
SE,h0260,0.009194126207228436,scr2088,avaConv,solar
SE,h0261,0.006026590093754946,scr2088,avaConv,solar
SE,h0262,0.0,scr2088,avaConv,solar
SE,h0263,0.0,scr2088,avaConv,solar
SE,h0264,0.0,scr2088,avaConv,solar
SE,h0265,0.0,scr2088,avaConv,solar
SE,h0266,0.0,scr2088,avaConv,solar
SE,h0267,0.0003755577211982969,scr2088,avaConv,solar
SE,h0268,0.005975761859734458,scr2088,avaConv,solar
SE,h0269,0.027158195552972473,scr2088,avaConv,solar
SE,h0270,0.07122544668499343,scr2088,avaConv,solar
SE,h0271,0.10694003951242641,scr2088,avaConv,solar
SE,h0272,0.14197965214046987,scr2088,avaConv,solar
SE,h0273,0.16282790031918543,scr2088,avaConv,solar
SE,h0274,0.19445599999967747,scr2088,avaConv,solar
SE,h0275,0.21509068079089652,scr2088,avaConv,solar
SE,h0276,0.22858303711685396,scr2088,avaConv,solar
SE,h0277,0.3086013671043113,scr2088,avaConv,solar
SE,h0278,0.35825626596427856,scr2088,avaConv,solar
SE,h0279,0.37391490052605875,scr2088,avaConv,solar
SE,h0280,0.2778584012026861,scr2088,avaConv,solar
SE,h0281,0.1714981882617586,scr2088,avaConv,solar
SE,h0282,0.08261496252989242,scr2088,avaConv,solar
SE,h0283,0.02754566857560825,scr2088,avaConv,solar
SE,h0284,0.00858664251803901,scr2088,avaConv,solar
SE,h0285,0.003014178259912575,scr2088,avaConv,solar
SE,h0286,0.0011620379093005577,scr2088,avaConv,solar
SE,h0287,0.0,scr2088,avaConv,solar
SE,h0288,0.0,scr2088,avaConv,solar
SI,h0241,0.0,scr2088,avaConv,solar
SI,h0242,0.0,scr2088,avaConv,solar
SI,h0243,0.0,scr2088,avaConv,solar
SI,h0244,0.0,scr2088,avaConv,solar
SI,h0245,0.0049824023529819435,scr2088,avaConv,solar
SI,h0246,0.03740865466155955,scr2088,avaConv,solar
SI,h0247,0.11741245403188715,scr2088,avaConv,solar
SI,h0248,0.24385388941602262,scr2088,avaConv,solar
SI,h0249,0.3767754796186832,scr2088,avaConv,solar
SI,h0250,0.43142623582416495,scr2088,avaConv,solar
SI,h0251,0.4782907687612231,scr2088,avaConv,solar
SI,h0252,0.4781949082931747,scr2088,avaConv,solar
SI,h0253,0.46293909788957255,scr2088,avaConv,solar
SI,h0254,0.39455704316338136,scr2088,avaConv,solar
SI,h0255,0.31147367723314856,scr2088,avaConv,solar
SI,h0256,0.22836052367875356,scr2088,avaConv,solar
SI,h0257,0.11232438690479875,scr2088,avaConv,solar
SI,h0258,0.045335553329394075,scr2088,avaConv,solar
SI,h0259,0.009974945862556282,scr2088,avaConv,solar
SI,h0260,0.0068664953219560445,scr2088,avaConv,solar
SI,h0261,0.0,scr2088,avaConv,solar
SI,h0262,0.0,scr2088,avaConv,solar
SI,h0263,0.0,scr2088,avaConv,solar
SI,h0264,0.0,scr2088,avaConv,solar
SI,h0265,0.0,scr2088,avaConv,solar
SI,h0266,0.0,scr2088,avaConv,solar
SI,h0267,0.0,scr2088,avaConv,solar
SI,h0268,0.0,scr2088,avaConv,solar
SI,h0269,0.008798185627082237,scr2088,avaConv,solar
SI,h0270,0.051961346703412355,scr2088,avaConv,solar
SI,h0271,0.15656239489309817,scr2088,avaConv,solar
SI,h0272,0.30575588358715816,scr2088,avaConv,solar
SI,h0273,0.4665593589530485,scr2088,avaConv,solar
SI,h0274,0.6080327687868278,scr2088,avaConv,solar
SI,h0275,0.7203971575172516,scr2088,avaConv,solar
SI,h0276,0.7749087100851144,scr2088,avaConv,solar
SI,h0277,0.7194978904112872,scr2088,avaConv,solar
SI,h0278,0.6091375293301529,scr2088,avaConv,solar
SI,h0279,0.45035255723808737,scr2088,avaConv,solar
SI,h0280,0.2992915604018142,scr2088,avaConv,solar
SI,h0281,0.13885275789384333,scr2088,avaConv,solar
SI,h0282,0.040299130625196904,scr2088,avaConv,solar
SI,h0283,0.0038804252735796154,scr2088,avaConv,solar
SI,h0284,0.0,scr2088,avaConv,solar
SI,h0285,0.0,scr2088,avaConv,solar
SI,h0286,0.0,scr2088,avaConv,solar
SI,h0287,0.0,scr2088,avaConv,solar
SI,h0288,0.0,scr2088,avaConv,solar
SK,h0241,0.0,scr2088,avaConv,solar
SK,h0242,0.0,scr2088,avaConv,solar
SK,h0243,0.0,scr2088,avaConv,solar
SK,h0244,0.0,scr2088,avaConv,solar
SK,h0245,0.01036529436897954,scr2088,avaConv,solar
SK,h0246,0.05526300161066051,scr2088,avaConv,solar
SK,h0247,0.16994847219005588,scr2088,avaConv,solar
SK,h0248,0.29977992033273326,scr2088,avaConv,solar
SK,h0249,0.4152836143709605,scr2088,avaConv,solar
SK,h0250,0.48117005652462475,scr2088,avaConv,solar
SK,h0251,0.5111649796526708,scr2088,avaConv,solar
SK,h0252,0.5182149476672492,scr2088,avaConv,solar
SK,h0253,0.4681463026603325,scr2088,avaConv,solar
SK,h0254,0.38276348955908657,scr2088,avaConv,solar
SK,h0255,0.2705313619949078,scr2088,avaConv,solar
SK,h0256,0.15707694724336443,scr2088,avaConv,solar
SK,h0257,0.06763331852390352,scr2088,avaConv,solar
SK,h0258,0.01792685797858812,scr2088,avaConv,solar
SK,h0259,0.002034974232487172,scr2088,avaConv,solar
SK,h0260,0.0005706814469654156,scr2088,avaConv,solar
SK,h0261,0.0,scr2088,avaConv,solar
SK,h0262,0.0,scr2088,avaConv,solar
SK,h0263,0.0,scr2088,avaConv,solar
SK,h0264,0.0,scr2088,avaConv,solar
SK,h0265,0.0,scr2088,avaConv,solar
SK,h0266,0.0,scr2088,avaConv,solar
SK,h0267,0.0,scr2088,avaConv,solar
SK,h0268,0.0004659381015527922,scr2088,avaConv,solar
SK,h0269,0.015723117528389566,scr2088,avaConv,solar
SK,h0270,0.07057262412729227,scr2088,avaConv,solar
SK,h0271,0.1981404422236853,scr2088,avaConv,solar
SK,h0272,0.3641087522823301,scr2088,avaConv,solar
SK,h0273,0.5446922778845609,scr2088,avaConv,solar
SK,h0274,0.6956175245706857,scr2088,avaConv,solar
SK,h0275,0.8083777552887903,scr2088,avaConv,solar
SK,h0276,0.8548025436630576,scr2088,avaConv,solar
SK,h0277,0.6124513253213093,scr2088,avaConv,solar
SK,h0278,0.37051340752348055,scr2088,avaConv,solar
SK,h0279,0.16086096523928556,scr2088,avaConv,solar
SK,h0280,0.11794821770465029,scr2088,avaConv,solar
SK,h0281,0.06390314260192301,scr2088,avaConv,solar
SK,h0282,0.025378128532048405,scr2088,avaConv,solar
SK,h0283,0.005169426421794092,scr2088,avaConv,solar
SK,h0284,0.0008130296222303092,scr2088,avaConv,solar
SK,h0285,0.0,scr2088,avaConv,solar
SK,h0286,0.0,scr2088,avaConv,solar
SK,h0287,0.0,scr2088,avaConv,solar
SK,h0288,0.0,scr2088,avaConv,solar
UK,h0241,0.0,scr2088,avaConv,solar
UK,h0242,0.0,scr2088,avaConv,solar
UK,h0243,0.0,scr2088,avaConv,solar
UK,h0244,0.0,scr2088,avaConv,solar
UK,h0245,0.0,scr2088,avaConv,solar
UK,h0246,0.007589445246855377,scr2088,avaConv,solar
UK,h0247,0.05508742081741097,scr2088,avaConv,solar
UK,h0248,0.15317557821882294,scr2088,avaConv,solar
UK,h0249,0.28692668839801405,scr2088,avaConv,solar
UK,h0250,0.40776801616477665,scr2088,avaConv,solar
UK,h0251,0.5138100610701786,scr2088,avaConv,solar
UK,h0252,0.6080954798889537,scr2088,avaConv,solar
UK,h0253,0.5647778259498367,scr2088,avaConv,solar
UK,h0254,0.4804976193557231,scr2088,avaConv,solar
UK,h0255,0.3554536927549928,scr2088,avaConv,solar
UK,h0256,0.3018819712270377,scr2088,avaConv,solar
UK,h0257,0.22832213421616038,scr2088,avaConv,solar
UK,h0258,0.12976167983811987,scr2088,avaConv,solar
UK,h0259,0.05040618414116852,scr2088,avaConv,solar
UK,h0260,0.009536197477248003,scr2088,avaConv,solar
UK,h0261,0.001242452304151632,scr2088,avaConv,solar
UK,h0262,0.000849450545841748,scr2088,avaConv,solar
UK,h0263,0.0,scr2088,avaConv,solar
UK,h0264,0.0,scr2088,avaConv,solar
UK,h0265,0.0,scr2088,avaConv,solar
UK,h0266,0.0,scr2088,avaConv,solar
UK,h0267,0.0009914608620750962,scr2088,avaConv,solar
UK,h0268,0.0009914608620750962,scr2088,avaConv,solar
UK,h0269,0.0010931938047670266,scr2088,avaConv,solar
UK,h0270,0.004459915116305224,scr2088,avaConv,solar
UK,h0271,0.017780898223156483,scr2088,avaConv,solar
UK,h0272,0.04793064339176441,scr2088,avaConv,solar
UK,h0273,0.09162529982401096,scr2088,avaConv,solar
UK,h0274,0.14719593038303572,scr2088,avaConv,solar
UK,h0275,0.201930175491597,scr2088,avaConv,solar
UK,h0276,0.25140935986936935,scr2088,avaConv,solar
UK,h0277,0.3686879978700789,scr2088,avaConv,solar
UK,h0278,0.4683010660730954,scr2088,avaConv,solar
UK,h0279,0.5270292037934688,scr2088,avaConv,solar
UK,h0280,0.446528577634097,scr2088,avaConv,solar
UK,h0281,0.32370182668242187,scr2088,avaConv,solar
UK,h0282,0.176334632223452,scr2088,avaConv,solar
UK,h0283,0.06551457371491418,scr2088,avaConv,solar
UK,h0284,0.01726899666440183,scr2088,avaConv,solar
UK,h0285,0.005476838143429157,scr2088,avaConv,solar
UK,h0286,0.004585707816024124,scr2088,avaConv,solar
UK,h0287,0.0,scr2088,avaConv,solar
UK,h0288,0.0,scr2088,avaConv,solar
