region_4,timestep_5,value,scenario_1,parameter,carrier_1
01ES,hh0019,0.19023993446928927,scr2001,mustOut,spaceHeat
01ES,hh0020,0.27409170401648675,scr2001,mustOut,spaceHeat
01ES,hh0021,0.1514375028891733,scr2001,mustOut,spaceHeat
01ES,hh0022,0.21826365078979115,scr2001,mustOut,spaceHeat
01ES,hh0023,0.3556085574707562,scr2001,mustOut,spaceHeat
01ES,hh0024,0.24359322651967566,scr2001,mustOut,spaceHeat
02ES,hh0019,0.17065125285997046,scr2001,mustOut,spaceHeat
02ES,hh0020,0.23618351150578348,scr2001,mustOut,spaceHeat
02ES,hh0021,0.16419134659456777,scr2001,mustOut,spaceHeat
02ES,hh0022,0.2371943648624846,scr2001,mustOut,spaceHeat
02ES,hh0023,0.3598250762915526,scr2001,mustOut,spaceHeat
02ES,hh0024,0.2207797024363357,scr2001,mustOut,spaceHeat
03ES,hh0019,0.16232166170021972,scr2001,mustOut,spaceHeat
03ES,hh0020,0.2216769738020521,scr2001,mustOut,spaceHeat
03ES,hh0021,0.13503652148933643,scr2001,mustOut,spaceHeat
03ES,hh0022,0.253073478431047,scr2001,mustOut,spaceHeat
03ES,hh0023,0.38022491153565513,scr2001,mustOut,spaceHeat
03ES,hh0024,0.22172155915564729,scr2001,mustOut,spaceHeat
04ES,hh0019,0.12660724738376583,scr2001,mustOut,spaceHeat
04ES,hh0020,0.175453009614104,scr2001,mustOut,spaceHeat
04ES,hh0021,0.16443017746471947,scr2001,mustOut,spaceHeat
04ES,hh0022,0.22841257121023162,scr2001,mustOut,spaceHeat
04ES,hh0023,0.2701792681667255,scr2001,mustOut,spaceHeat
04ES,hh0024,0.12991212880262054,scr2001,mustOut,spaceHeat
05ES,hh0019,0.12136080086331291,scr2001,mustOut,spaceHeat
05ES,hh0020,0.16932639433838093,scr2001,mustOut,spaceHeat
05ES,hh0021,0.12208210946022963,scr2001,mustOut,spaceHeat
05ES,hh0022,0.22589103624669987,scr2001,mustOut,spaceHeat
05ES,hh0023,0.32413039920195763,scr2001,mustOut,spaceHeat
05ES,hh0024,0.15357929078110627,scr2001,mustOut,spaceHeat
06ES,hh0019,0.07818068691673577,scr2001,mustOut,spaceHeat
06ES,hh0020,0.11762620969529673,scr2001,mustOut,spaceHeat
06ES,hh0021,0.10349283959663454,scr2001,mustOut,spaceHeat
06ES,hh0022,0.1393263976161119,scr2001,mustOut,spaceHeat
06ES,hh0023,0.20135075393934443,scr2001,mustOut,spaceHeat
06ES,hh0024,0.12538412817592612,scr2001,mustOut,spaceHeat
07ES,hh0019,0.11978507659104694,scr2001,mustOut,spaceHeat
07ES,hh0020,0.1822290790481876,scr2001,mustOut,spaceHeat
07ES,hh0021,0.09909612370901988,scr2001,mustOut,spaceHeat
07ES,hh0022,0.20082027439762168,scr2001,mustOut,spaceHeat
07ES,hh0023,0.34362975994191,scr2001,mustOut,spaceHeat
07ES,hh0024,0.20186803087468472,scr2001,mustOut,spaceHeat
08ES,hh0019,0.11443213239375613,scr2001,mustOut,spaceHeat
08ES,hh0020,0.17183683468217922,scr2001,mustOut,spaceHeat
08ES,hh0021,0.08764522993703484,scr2001,mustOut,spaceHeat
08ES,hh0022,0.1634478071212268,scr2001,mustOut,spaceHeat
08ES,hh0023,0.31127746067089146,scr2001,mustOut,spaceHeat
08ES,hh0024,0.16246681737312044,scr2001,mustOut,spaceHeat
09ES,hh0019,0.07410824982253972,scr2001,mustOut,spaceHeat
09ES,hh0020,0.11116536338057156,scr2001,mustOut,spaceHeat
09ES,hh0021,0.0671417097190064,scr2001,mustOut,spaceHeat
09ES,hh0022,0.11087646531833284,scr2001,mustOut,spaceHeat
09ES,hh0023,0.19317095393675007,scr2001,mustOut,spaceHeat
09ES,hh0024,0.1005925067699762,scr2001,mustOut,spaceHeat
10ES,hh0019,0.08046062502434895,scr2001,mustOut,spaceHeat
10ES,hh0020,0.12542229846878306,scr2001,mustOut,spaceHeat
10ES,hh0021,0.07852201008592218,scr2001,mustOut,spaceHeat
10ES,hh0022,0.15599391832064644,scr2001,mustOut,spaceHeat
10ES,hh0023,0.2505345817088181,scr2001,mustOut,spaceHeat
10ES,hh0024,0.13019843997558914,scr2001,mustOut,spaceHeat
11ES,hh0019,0.07164076212661694,scr2001,mustOut,spaceHeat
11ES,hh0020,0.11995795147124846,scr2001,mustOut,spaceHeat
11ES,hh0021,0.0887736900856542,scr2001,mustOut,spaceHeat
11ES,hh0022,0.12421027704814137,scr2001,mustOut,spaceHeat
11ES,hh0023,0.19681396998894213,scr2001,mustOut,spaceHeat
11ES,hh0024,0.11709466372966956,scr2001,mustOut,spaceHeat
12PT,hh0019,0.17815136632571899,scr2001,mustOut,spaceHeat
12PT,hh0020,0.24922774910913653,scr2001,mustOut,spaceHeat
12PT,hh0021,0.12675056878805127,scr2001,mustOut,spaceHeat
12PT,hh0022,0.21887310958630546,scr2001,mustOut,spaceHeat
12PT,hh0023,0.3670941121655634,scr2001,mustOut,spaceHeat
12PT,hh0024,0.22372622028197947,scr2001,mustOut,spaceHeat
13PT,hh0019,0.13286195781649057,scr2001,mustOut,spaceHeat
13PT,hh0020,0.19831731138254094,scr2001,mustOut,spaceHeat
13PT,hh0021,0.11742180030489319,scr2001,mustOut,spaceHeat
13PT,hh0022,0.17014114188574098,scr2001,mustOut,spaceHeat
13PT,hh0023,0.27539901053309823,scr2001,mustOut,spaceHeat
13PT,hh0024,0.15633308310815547,scr2001,mustOut,spaceHeat
14FR,hh0019,0.046735600110566315,scr2001,mustOut,spaceHeat
14FR,hh0020,0.03340762197637067,scr2001,mustOut,spaceHeat
14FR,hh0021,0.05832935734224856,scr2001,mustOut,spaceHeat
14FR,hh0022,0.13040191534000264,scr2001,mustOut,spaceHeat
14FR,hh0023,0.09990727048363825,scr2001,mustOut,spaceHeat
14FR,hh0024,0.03744980038971639,scr2001,mustOut,spaceHeat
15FR,hh0019,0.036964983319347944,scr2001,mustOut,spaceHeat
15FR,hh0020,0.02821874457554364,scr2001,mustOut,spaceHeat
15FR,hh0021,0.05339434506735356,scr2001,mustOut,spaceHeat
15FR,hh0022,0.11052248078301113,scr2001,mustOut,spaceHeat
15FR,hh0023,0.09874228934387386,scr2001,mustOut,spaceHeat
15FR,hh0024,0.04512866395085876,scr2001,mustOut,spaceHeat
16FR,hh0019,0.022057012751779435,scr2001,mustOut,spaceHeat
16FR,hh0020,0.019947261272313097,scr2001,mustOut,spaceHeat
16FR,hh0021,0.03390196109982341,scr2001,mustOut,spaceHeat
16FR,hh0022,0.09212169201300946,scr2001,mustOut,spaceHeat
16FR,hh0023,0.07731764716490727,scr2001,mustOut,spaceHeat
16FR,hh0024,0.03781314885246023,scr2001,mustOut,spaceHeat
17FR,hh0019,0.08110454496360761,scr2001,mustOut,spaceHeat
17FR,hh0020,0.05248911747978313,scr2001,mustOut,spaceHeat
17FR,hh0021,0.06380376540193526,scr2001,mustOut,spaceHeat
17FR,hh0022,0.15769788990026393,scr2001,mustOut,spaceHeat
17FR,hh0023,0.09711798082006765,scr2001,mustOut,spaceHeat
17FR,hh0024,0.046425623911889896,scr2001,mustOut,spaceHeat
18FR,hh0019,0.0701731507591867,scr2001,mustOut,spaceHeat
18FR,hh0020,0.04263431210793714,scr2001,mustOut,spaceHeat
18FR,hh0021,0.09301357589990768,scr2001,mustOut,spaceHeat
18FR,hh0022,0.1792680210650025,scr2001,mustOut,spaceHeat
18FR,hh0023,0.13005986250278917,scr2001,mustOut,spaceHeat
18FR,hh0024,0.06233082356855214,scr2001,mustOut,spaceHeat
19FR,hh0019,0.04437963990196681,scr2001,mustOut,spaceHeat
19FR,hh0020,0.03212234749943782,scr2001,mustOut,spaceHeat
19FR,hh0021,0.10389485365918341,scr2001,mustOut,spaceHeat
19FR,hh0022,0.16735337749721532,scr2001,mustOut,spaceHeat
19FR,hh0023,0.15370976440060055,scr2001,mustOut,spaceHeat
19FR,hh0024,0.07666954213450548,scr2001,mustOut,spaceHeat
20FR,hh0019,0.0662735924413754,scr2001,mustOut,spaceHeat
20FR,hh0020,0.051302943998024375,scr2001,mustOut,spaceHeat
20FR,hh0021,0.14540587048441514,scr2001,mustOut,spaceHeat
20FR,hh0022,0.19267989508346017,scr2001,mustOut,spaceHeat
20FR,hh0023,0.1654277027587144,scr2001,mustOut,spaceHeat
20FR,hh0024,0.09213540822054224,scr2001,mustOut,spaceHeat
21FR,hh0019,0.0864257938429106,scr2001,mustOut,spaceHeat
21FR,hh0020,0.06531303820247154,scr2001,mustOut,spaceHeat
21FR,hh0021,0.06418581512561394,scr2001,mustOut,spaceHeat
21FR,hh0022,0.13557898182392247,scr2001,mustOut,spaceHeat
21FR,hh0023,0.08709924728606154,scr2001,mustOut,spaceHeat
21FR,hh0024,0.06111484178569716,scr2001,mustOut,spaceHeat
22FR,hh0019,0.08195156165494105,scr2001,mustOut,spaceHeat
22FR,hh0020,0.057240545908218005,scr2001,mustOut,spaceHeat
22FR,hh0021,0.07646809513746608,scr2001,mustOut,spaceHeat
22FR,hh0022,0.15883822020126842,scr2001,mustOut,spaceHeat
22FR,hh0023,0.11476188546544608,scr2001,mustOut,spaceHeat
22FR,hh0024,0.0645413503410798,scr2001,mustOut,spaceHeat
23FR,hh0019,0.08612083674922871,scr2001,mustOut,spaceHeat
23FR,hh0020,0.050481395426708535,scr2001,mustOut,spaceHeat
23FR,hh0021,0.0838995217113441,scr2001,mustOut,spaceHeat
23FR,hh0022,0.20364223186571678,scr2001,mustOut,spaceHeat
23FR,hh0023,0.15753965885287133,scr2001,mustOut,spaceHeat
23FR,hh0024,0.06357662594336144,scr2001,mustOut,spaceHeat
24FR,hh0019,0.052719917902673774,scr2001,mustOut,spaceHeat
24FR,hh0020,0.03462501125610652,scr2001,mustOut,spaceHeat
24FR,hh0021,0.10968877512371361,scr2001,mustOut,spaceHeat
24FR,hh0022,0.18810677730045056,scr2001,mustOut,spaceHeat
24FR,hh0023,0.16473457604839897,scr2001,mustOut,spaceHeat
24FR,hh0024,0.0810859488972897,scr2001,mustOut,spaceHeat
25FR,hh0019,0.05153977331576174,scr2001,mustOut,spaceHeat
25FR,hh0020,0.03784035448564083,scr2001,mustOut,spaceHeat
25FR,hh0021,0.13734362502186068,scr2001,mustOut,spaceHeat
25FR,hh0022,0.21748804498958352,scr2001,mustOut,spaceHeat
25FR,hh0023,0.18507022665026263,scr2001,mustOut,spaceHeat
25FR,hh0024,0.10922723214472592,scr2001,mustOut,spaceHeat
26FR,hh0019,0.07666981980387744,scr2001,mustOut,spaceHeat
26FR,hh0020,0.048748526929591654,scr2001,mustOut,spaceHeat
26FR,hh0021,0.09395495812075809,scr2001,mustOut,spaceHeat
26FR,hh0022,0.1836238539206999,scr2001,mustOut,spaceHeat
26FR,hh0023,0.14954301051741378,scr2001,mustOut,spaceHeat
26FR,hh0024,0.06510937472522527,scr2001,mustOut,spaceHeat
27FR,hh0019,0.08493659783353014,scr2001,mustOut,spaceHeat
27FR,hh0020,0.05000327116375809,scr2001,mustOut,spaceHeat
27FR,hh0021,0.12164738283992212,scr2001,mustOut,spaceHeat
27FR,hh0022,0.22586561276830502,scr2001,mustOut,spaceHeat
27FR,hh0023,0.17958466952807334,scr2001,mustOut,spaceHeat
27FR,hh0024,0.08829455598095345,scr2001,mustOut,spaceHeat
28BE,hh0019,0.07457133723027795,scr2001,mustOut,spaceHeat
28BE,hh0020,0.048763025146401386,scr2001,mustOut,spaceHeat
28BE,hh0021,0.10427780950243035,scr2001,mustOut,spaceHeat
28BE,hh0022,0.18192535513954278,scr2001,mustOut,spaceHeat
28BE,hh0023,0.14971500938446478,scr2001,mustOut,spaceHeat
28BE,hh0024,0.06908475873578046,scr2001,mustOut,spaceHeat
29LU,hh0019,0.051881620110794974,scr2001,mustOut,spaceHeat
29LU,hh0020,0.03733854092589034,scr2001,mustOut,spaceHeat
29LU,hh0021,0.13572221091224845,scr2001,mustOut,spaceHeat
29LU,hh0022,0.21907048087822978,scr2001,mustOut,spaceHeat
29LU,hh0023,0.18444966538401722,scr2001,mustOut,spaceHeat
29LU,hh0024,0.10782942222770518,scr2001,mustOut,spaceHeat
30NL,hh0019,0.0399145667092984,scr2001,mustOut,spaceHeat
30NL,hh0020,0.030934845407023046,scr2001,mustOut,spaceHeat
30NL,hh0021,0.06358736995462339,scr2001,mustOut,spaceHeat
30NL,hh0022,0.11673332991277774,scr2001,mustOut,spaceHeat
30NL,hh0023,0.09883920250656349,scr2001,mustOut,spaceHeat
30NL,hh0024,0.03824352797383942,scr2001,mustOut,spaceHeat
31DE,hh0019,0.04730972987254034,scr2001,mustOut,spaceHeat
31DE,hh0020,0.043394326462689314,scr2001,mustOut,spaceHeat
31DE,hh0021,0.09153072253569132,scr2001,mustOut,spaceHeat
31DE,hh0022,0.13952988792619986,scr2001,mustOut,spaceHeat
31DE,hh0023,0.13057017184343234,scr2001,mustOut,spaceHeat
31DE,hh0024,0.07236306836017015,scr2001,mustOut,spaceHeat
32DE,hh0019,0.030160638831919395,scr2001,mustOut,spaceHeat
32DE,hh0020,0.03151785657151456,scr2001,mustOut,spaceHeat
32DE,hh0021,0.065194403298052,scr2001,mustOut,spaceHeat
32DE,hh0022,0.12440004522116452,scr2001,mustOut,spaceHeat
32DE,hh0023,0.10754821402561975,scr2001,mustOut,spaceHeat
32DE,hh0024,0.06448628706723031,scr2001,mustOut,spaceHeat
33DE,hh0019,0.060629956437244906,scr2001,mustOut,spaceHeat
33DE,hh0020,0.05407417805038011,scr2001,mustOut,spaceHeat
33DE,hh0021,0.10943658305951784,scr2001,mustOut,spaceHeat
33DE,hh0022,0.15991046904059608,scr2001,mustOut,spaceHeat
33DE,hh0023,0.14531598246997754,scr2001,mustOut,spaceHeat
33DE,hh0024,0.07590467158057566,scr2001,mustOut,spaceHeat
34DE,hh0019,0.03521065727881621,scr2001,mustOut,spaceHeat
34DE,hh0020,0.037739691870372405,scr2001,mustOut,spaceHeat
34DE,hh0021,0.1003537813090674,scr2001,mustOut,spaceHeat
34DE,hh0022,0.16434419424182328,scr2001,mustOut,spaceHeat
34DE,hh0023,0.13828613435493914,scr2001,mustOut,spaceHeat
34DE,hh0024,0.08448832837938584,scr2001,mustOut,spaceHeat
35DE,hh0019,0.05516807468552903,scr2001,mustOut,spaceHeat
35DE,hh0020,0.048347846815839826,scr2001,mustOut,spaceHeat
35DE,hh0021,0.11624348677453478,scr2001,mustOut,spaceHeat
35DE,hh0022,0.20548444315035302,scr2001,mustOut,spaceHeat
35DE,hh0023,0.1838305272995504,scr2001,mustOut,spaceHeat
35DE,hh0024,0.11756008352322189,scr2001,mustOut,spaceHeat
36DE,hh0019,0.037993132653251355,scr2001,mustOut,spaceHeat
36DE,hh0020,0.033484264467699316,scr2001,mustOut,spaceHeat
36DE,hh0021,0.09783678903963855,scr2001,mustOut,spaceHeat
36DE,hh0022,0.17892860265236465,scr2001,mustOut,spaceHeat
36DE,hh0023,0.13761584830844842,scr2001,mustOut,spaceHeat
36DE,hh0024,0.08062753045327439,scr2001,mustOut,spaceHeat
37DE,hh0019,0.04374310884069245,scr2001,mustOut,spaceHeat
37DE,hh0020,0.04006682853279314,scr2001,mustOut,spaceHeat
37DE,hh0021,0.12195679032325782,scr2001,mustOut,spaceHeat
37DE,hh0022,0.19235107408139585,scr2001,mustOut,spaceHeat
37DE,hh0023,0.15054905682367484,scr2001,mustOut,spaceHeat
37DE,hh0024,0.09968671140342034,scr2001,mustOut,spaceHeat
38DK,hh0019,0.04611706852868912,scr2001,mustOut,spaceHeat
38DK,hh0020,0.04944752388098107,scr2001,mustOut,spaceHeat
38DK,hh0021,0.1001258149594838,scr2001,mustOut,spaceHeat
38DK,hh0022,0.10984841831100763,scr2001,mustOut,spaceHeat
38DK,hh0023,0.1500391020143057,scr2001,mustOut,spaceHeat
38DK,hh0024,0.1197175716674081,scr2001,mustOut,spaceHeat
39CZ,hh0019,0.039601376270627285,scr2001,mustOut,spaceHeat
39CZ,hh0020,0.04603071104672812,scr2001,mustOut,spaceHeat
39CZ,hh0021,0.12671904708058435,scr2001,mustOut,spaceHeat
39CZ,hh0022,0.19622918540094475,scr2001,mustOut,spaceHeat
39CZ,hh0023,0.15777944020168533,scr2001,mustOut,spaceHeat
39CZ,hh0024,0.11061238028160353,scr2001,mustOut,spaceHeat
40CZ,hh0019,0.025281981859056602,scr2001,mustOut,spaceHeat
40CZ,hh0020,0.040224474597371704,scr2001,mustOut,spaceHeat
40CZ,hh0021,0.11559236200379853,scr2001,mustOut,spaceHeat
40CZ,hh0022,0.16639667838710276,scr2001,mustOut,spaceHeat
40CZ,hh0023,0.1443697902794528,scr2001,mustOut,spaceHeat
40CZ,hh0024,0.12129383485676257,scr2001,mustOut,spaceHeat
41PL,hh0019,0.020285770672690075,scr2001,mustOut,spaceHeat
41PL,hh0020,0.028282997652407854,scr2001,mustOut,spaceHeat
41PL,hh0021,0.06821231670247523,scr2001,mustOut,spaceHeat
41PL,hh0022,0.12174473982435097,scr2001,mustOut,spaceHeat
41PL,hh0023,0.1619936095738207,scr2001,mustOut,spaceHeat
41PL,hh0024,0.10025041620512853,scr2001,mustOut,spaceHeat
42PL,hh0019,0.017281584005966993,scr2001,mustOut,spaceHeat
42PL,hh0020,0.028283084422588485,scr2001,mustOut,spaceHeat
42PL,hh0021,0.06732196306138193,scr2001,mustOut,spaceHeat
42PL,hh0022,0.12104280065375468,scr2001,mustOut,spaceHeat
42PL,hh0023,0.15678900271322477,scr2001,mustOut,spaceHeat
42PL,hh0024,0.09919864894211594,scr2001,mustOut,spaceHeat
43PL,hh0019,0.020185465956208452,scr2001,mustOut,spaceHeat
43PL,hh0020,0.03285637408383056,scr2001,mustOut,spaceHeat
43PL,hh0021,0.09088165883634357,scr2001,mustOut,spaceHeat
43PL,hh0022,0.16614115168019522,scr2001,mustOut,spaceHeat
43PL,hh0023,0.15466221856815618,scr2001,mustOut,spaceHeat
43PL,hh0024,0.11168529273763761,scr2001,mustOut,spaceHeat
44PL,hh0019,0.02710439545725361,scr2001,mustOut,spaceHeat
44PL,hh0020,0.028842675786131883,scr2001,mustOut,spaceHeat
44PL,hh0021,0.07883382063198094,scr2001,mustOut,spaceHeat
44PL,hh0022,0.16969498086715676,scr2001,mustOut,spaceHeat
44PL,hh0023,0.15209474905896153,scr2001,mustOut,spaceHeat
44PL,hh0024,0.09115368809985859,scr2001,mustOut,spaceHeat
45PL,hh0019,0.026651424557132354,scr2001,mustOut,spaceHeat
45PL,hh0020,0.026909113053206236,scr2001,mustOut,spaceHeat
45PL,hh0021,0.07333647926440663,scr2001,mustOut,spaceHeat
45PL,hh0022,0.15319413733713014,scr2001,mustOut,spaceHeat
45PL,hh0023,0.16524067534395856,scr2001,mustOut,spaceHeat
45PL,hh0024,0.11617270736626825,scr2001,mustOut,spaceHeat
46SK,hh0019,0.020339344215520472,scr2001,mustOut,spaceHeat
46SK,hh0020,0.030035598581817945,scr2001,mustOut,spaceHeat
46SK,hh0021,0.08637069254578958,scr2001,mustOut,spaceHeat
46SK,hh0022,0.14720057607034365,scr2001,mustOut,spaceHeat
46SK,hh0023,0.1105685842947617,scr2001,mustOut,spaceHeat
46SK,hh0024,0.10899130523011549,scr2001,mustOut,spaceHeat
47CH,hh0019,0.03067631865760627,scr2001,mustOut,spaceHeat
47CH,hh0020,0.030229958355707846,scr2001,mustOut,spaceHeat
47CH,hh0021,0.08985892446004329,scr2001,mustOut,spaceHeat
47CH,hh0022,0.13340991541837544,scr2001,mustOut,spaceHeat
47CH,hh0023,0.10451340108974363,scr2001,mustOut,spaceHeat
47CH,hh0024,0.06053843031263635,scr2001,mustOut,spaceHeat
48CH,hh0019,0.06908313084933106,scr2001,mustOut,spaceHeat
48CH,hh0020,0.0612121734907528,scr2001,mustOut,spaceHeat
48CH,hh0021,0.1544994090982509,scr2001,mustOut,spaceHeat
48CH,hh0022,0.20312479626738514,scr2001,mustOut,spaceHeat
48CH,hh0023,0.16418505397826527,scr2001,mustOut,spaceHeat
48CH,hh0024,0.10579224671335916,scr2001,mustOut,spaceHeat
49AT,hh0019,0.08877767382909277,scr2001,mustOut,spaceHeat
49AT,hh0020,0.06349240606356102,scr2001,mustOut,spaceHeat
49AT,hh0021,0.18209766814920575,scr2001,mustOut,spaceHeat
49AT,hh0022,0.24895597128533983,scr2001,mustOut,spaceHeat
49AT,hh0023,0.17038323929116952,scr2001,mustOut,spaceHeat
49AT,hh0024,0.12395533873846569,scr2001,mustOut,spaceHeat
50AT,hh0019,0.04413711323152584,scr2001,mustOut,spaceHeat
50AT,hh0020,0.04449132182808877,scr2001,mustOut,spaceHeat
50AT,hh0021,0.13370502105375853,scr2001,mustOut,spaceHeat
50AT,hh0022,0.1894653026642873,scr2001,mustOut,spaceHeat
50AT,hh0023,0.14301004159809227,scr2001,mustOut,spaceHeat
50AT,hh0024,0.11721440362907956,scr2001,mustOut,spaceHeat
51AT,hh0019,0.0228532947543788,scr2001,mustOut,spaceHeat
51AT,hh0020,0.03248064613925039,scr2001,mustOut,spaceHeat
51AT,hh0021,0.09396148550299774,scr2001,mustOut,spaceHeat
51AT,hh0022,0.1435825519573198,scr2001,mustOut,spaceHeat
51AT,hh0023,0.1065023244189659,scr2001,mustOut,spaceHeat
51AT,hh0024,0.10373645428833475,scr2001,mustOut,spaceHeat
52IT,hh0019,0.031243363565028482,scr2001,mustOut,spaceHeat
52IT,hh0020,0.04031034406715171,scr2001,mustOut,spaceHeat
52IT,hh0021,0.07103745148027926,scr2001,mustOut,spaceHeat
52IT,hh0022,0.14961715119609453,scr2001,mustOut,spaceHeat
52IT,hh0023,0.13868048099906186,scr2001,mustOut,spaceHeat
52IT,hh0024,0.08022968468582659,scr2001,mustOut,spaceHeat
53IT,hh0019,0.02281069178190964,scr2001,mustOut,spaceHeat
53IT,hh0020,0.029058835330404244,scr2001,mustOut,spaceHeat
53IT,hh0021,0.05213872154165599,scr2001,mustOut,spaceHeat
53IT,hh0022,0.126192952929298,scr2001,mustOut,spaceHeat
53IT,hh0023,0.08745541499754919,scr2001,mustOut,spaceHeat
53IT,hh0024,0.055563957277393175,scr2001,mustOut,spaceHeat
54IT,hh0019,0.02298202667718139,scr2001,mustOut,spaceHeat
54IT,hh0020,0.02948571584508342,scr2001,mustOut,spaceHeat
54IT,hh0021,0.051364229831117464,scr2001,mustOut,spaceHeat
54IT,hh0022,0.10146692321552642,scr2001,mustOut,spaceHeat
54IT,hh0023,0.06552343360765471,scr2001,mustOut,spaceHeat
54IT,hh0024,0.04074004276392704,scr2001,mustOut,spaceHeat
55IT,hh0019,0.020142122582700324,scr2001,mustOut,spaceHeat
55IT,hh0020,0.026677616699226848,scr2001,mustOut,spaceHeat
55IT,hh0021,0.037417973522062435,scr2001,mustOut,spaceHeat
55IT,hh0022,0.05409120510802752,scr2001,mustOut,spaceHeat
55IT,hh0023,0.04639230514376571,scr2001,mustOut,spaceHeat
55IT,hh0024,0.04189200285675632,scr2001,mustOut,spaceHeat
56IT,hh0019,0.014176234403027562,scr2001,mustOut,spaceHeat
56IT,hh0020,0.01931475650557243,scr2001,mustOut,spaceHeat
56IT,hh0021,0.01946973705898361,scr2001,mustOut,spaceHeat
56IT,hh0022,0.022022130985348005,scr2001,mustOut,spaceHeat
56IT,hh0023,0.025387583998341297,scr2001,mustOut,spaceHeat
56IT,hh0024,0.02379528264237668,scr2001,mustOut,spaceHeat
57SI,hh0019,0.032354457215128064,scr2001,mustOut,spaceHeat
57SI,hh0020,0.03542410842417665,scr2001,mustOut,spaceHeat
57SI,hh0021,0.09738897180186248,scr2001,mustOut,spaceHeat
57SI,hh0022,0.15954393874915218,scr2001,mustOut,spaceHeat
57SI,hh0023,0.12861673836721155,scr2001,mustOut,spaceHeat
57SI,hh0024,0.11039067120804999,scr2001,mustOut,spaceHeat
58HU,hh0019,0.026766244505004106,scr2001,mustOut,spaceHeat
58HU,hh0020,0.02224834406255845,scr2001,mustOut,spaceHeat
58HU,hh0021,0.08624842716284556,scr2001,mustOut,spaceHeat
58HU,hh0022,0.17554480798157016,scr2001,mustOut,spaceHeat
58HU,hh0023,0.11401868633933705,scr2001,mustOut,spaceHeat
58HU,hh0024,0.11418177287139011,scr2001,mustOut,spaceHeat
59RO,hh0019,0.0425721560434377,scr2001,mustOut,spaceHeat
59RO,hh0020,0.03347595382659827,scr2001,mustOut,spaceHeat
59RO,hh0021,0.10525507524505642,scr2001,mustOut,spaceHeat
59RO,hh0022,0.15449561362418582,scr2001,mustOut,spaceHeat
59RO,hh0023,0.07152813242298325,scr2001,mustOut,spaceHeat
59RO,hh0024,0.14115317246351156,scr2001,mustOut,spaceHeat
60RO,hh0019,0.02812933753382484,scr2001,mustOut,spaceHeat
60RO,hh0020,0.026152451811725413,scr2001,mustOut,spaceHeat
60RO,hh0021,0.07196933008659051,scr2001,mustOut,spaceHeat
60RO,hh0022,0.0932814712984313,scr2001,mustOut,spaceHeat
60RO,hh0023,0.052717904537894475,scr2001,mustOut,spaceHeat
60RO,hh0024,0.12479904187861718,scr2001,mustOut,spaceHeat
61RO,hh0019,0.07557755326174792,scr2001,mustOut,spaceHeat
61RO,hh0020,0.05802776436329222,scr2001,mustOut,spaceHeat
61RO,hh0021,0.16368819264272808,scr2001,mustOut,spaceHeat
61RO,hh0022,0.18743204006226044,scr2001,mustOut,spaceHeat
61RO,hh0023,0.16726110178165987,scr2001,mustOut,spaceHeat
61RO,hh0024,0.2073613244216056,scr2001,mustOut,spaceHeat
62HR,hh0019,0.045657512327567235,scr2001,mustOut,spaceHeat
62HR,hh0020,0.04288107556010794,scr2001,mustOut,spaceHeat
62HR,hh0021,0.1267675894925603,scr2001,mustOut,spaceHeat
62HR,hh0022,0.2006141659832317,scr2001,mustOut,spaceHeat
62HR,hh0023,0.14943765354026198,scr2001,mustOut,spaceHeat
62HR,hh0024,0.15300472207961377,scr2001,mustOut,spaceHeat
63BA,hh0019,0.039878103569465966,scr2001,mustOut,spaceHeat
63BA,hh0020,0.03674472288896758,scr2001,mustOut,spaceHeat
63BA,hh0021,0.11108374879822819,scr2001,mustOut,spaceHeat
63BA,hh0022,0.1830245520622965,scr2001,mustOut,spaceHeat
63BA,hh0023,0.09070931150174621,scr2001,mustOut,spaceHeat
63BA,hh0024,0.12109731309274471,scr2001,mustOut,spaceHeat
64ME,hh0019,0.03383659347082839,scr2001,mustOut,spaceHeat
64ME,hh0020,0.03410511250155943,scr2001,mustOut,spaceHeat
64ME,hh0021,0.07608926977302695,scr2001,mustOut,spaceHeat
64ME,hh0022,0.14741370040233143,scr2001,mustOut,spaceHeat
64ME,hh0023,0.09226034782588195,scr2001,mustOut,spaceHeat
64ME,hh0024,0.11504435880109959,scr2001,mustOut,spaceHeat
65RS,hh0019,0.02691695010729908,scr2001,mustOut,spaceHeat
65RS,hh0020,0.03193820631396091,scr2001,mustOut,spaceHeat
65RS,hh0021,0.08005715938777916,scr2001,mustOut,spaceHeat
65RS,hh0022,0.12752643859493562,scr2001,mustOut,spaceHeat
65RS,hh0023,0.06990523710443745,scr2001,mustOut,spaceHeat
65RS,hh0024,0.10970231466617304,scr2001,mustOut,spaceHeat
66BG,hh0019,0.03937486651332156,scr2001,mustOut,spaceHeat
66BG,hh0020,0.03971476696696308,scr2001,mustOut,spaceHeat
66BG,hh0021,0.08896637088062051,scr2001,mustOut,spaceHeat
66BG,hh0022,0.09217766617207174,scr2001,mustOut,spaceHeat
66BG,hh0023,0.05539326487620033,scr2001,mustOut,spaceHeat
66BG,hh0024,0.15717202949182862,scr2001,mustOut,spaceHeat
67MK,hh0019,0.025619031047682355,scr2001,mustOut,spaceHeat
67MK,hh0020,0.027791575318254647,scr2001,mustOut,spaceHeat
67MK,hh0021,0.049205532283397,scr2001,mustOut,spaceHeat
67MK,hh0022,0.0876576560773151,scr2001,mustOut,spaceHeat
67MK,hh0023,0.06007967094575001,scr2001,mustOut,spaceHeat
67MK,hh0024,0.08901708050376103,scr2001,mustOut,spaceHeat
68GR,hh0019,0.04212189428066006,scr2001,mustOut,spaceHeat
68GR,hh0020,0.049929730336352826,scr2001,mustOut,spaceHeat
68GR,hh0021,0.06625042842823711,scr2001,mustOut,spaceHeat
68GR,hh0022,0.07205655749673764,scr2001,mustOut,spaceHeat
68GR,hh0023,0.06344106794630067,scr2001,mustOut,spaceHeat
68GR,hh0024,0.11682111227805689,scr2001,mustOut,spaceHeat
69GR,hh0019,0.02930082428651926,scr2001,mustOut,spaceHeat
69GR,hh0020,0.035390328344319585,scr2001,mustOut,spaceHeat
69GR,hh0021,0.03609825406257212,scr2001,mustOut,spaceHeat
69GR,hh0022,0.038896286195934104,scr2001,mustOut,spaceHeat
69GR,hh0023,0.04422122351255531,scr2001,mustOut,spaceHeat
69GR,hh0024,0.07707404110425786,scr2001,mustOut,spaceHeat
70AL,hh0019,0.022476543088317355,scr2001,mustOut,spaceHeat
70AL,hh0020,0.027915598995155222,scr2001,mustOut,spaceHeat
70AL,hh0021,0.046770703634419375,scr2001,mustOut,spaceHeat
70AL,hh0022,0.09256298612062723,scr2001,mustOut,spaceHeat
70AL,hh0023,0.06513757525851158,scr2001,mustOut,spaceHeat
70AL,hh0024,0.07175559003692292,scr2001,mustOut,spaceHeat
72DK,hh0019,0.027633026852007518,scr2001,mustOut,spaceHeat
72DK,hh0020,0.031400095586725116,scr2001,mustOut,spaceHeat
72DK,hh0021,0.06528880758583719,scr2001,mustOut,spaceHeat
72DK,hh0022,0.09467307944976108,scr2001,mustOut,spaceHeat
72DK,hh0023,0.13733288490579307,scr2001,mustOut,spaceHeat
72DK,hh0024,0.10607522643278333,scr2001,mustOut,spaceHeat
73EE,hh0019,0.009113594768854675,scr2001,mustOut,spaceHeat
73EE,hh0020,0.011890002364352982,scr2001,mustOut,spaceHeat
73EE,hh0021,0.016726883568816124,scr2001,mustOut,spaceHeat
73EE,hh0022,0.03281473587504272,scr2001,mustOut,spaceHeat
73EE,hh0023,0.06911416554932882,scr2001,mustOut,spaceHeat
73EE,hh0024,0.042972583367904466,scr2001,mustOut,spaceHeat
74FI,hh0019,0.025295674359372175,scr2001,mustOut,spaceHeat
74FI,hh0020,0.017684697292980472,scr2001,mustOut,spaceHeat
74FI,hh0021,0.03111362126207254,scr2001,mustOut,spaceHeat
74FI,hh0022,0.10187307351202077,scr2001,mustOut,spaceHeat
74FI,hh0023,0.2085244868545614,scr2001,mustOut,spaceHeat
74FI,hh0024,0.1833554174677762,scr2001,mustOut,spaceHeat
75FI,hh0019,0.024479615508627633,scr2001,mustOut,spaceHeat
75FI,hh0020,0.01364148958364926,scr2001,mustOut,spaceHeat
75FI,hh0021,0.03506694739323933,scr2001,mustOut,spaceHeat
75FI,hh0022,0.05812979900056618,scr2001,mustOut,spaceHeat
75FI,hh0023,0.09677796383643782,scr2001,mustOut,spaceHeat
75FI,hh0024,0.12185657065674248,scr2001,mustOut,spaceHeat
77LT,hh0019,0.022739543362948214,scr2001,mustOut,spaceHeat
77LT,hh0020,0.035587876753394046,scr2001,mustOut,spaceHeat
77LT,hh0021,0.06962190541442191,scr2001,mustOut,spaceHeat
77LT,hh0022,0.10969991116860114,scr2001,mustOut,spaceHeat
77LT,hh0023,0.1844882611175894,scr2001,mustOut,spaceHeat
77LT,hh0024,0.13444757997310613,scr2001,mustOut,spaceHeat
78LV,hh0019,0.010762687314384685,scr2001,mustOut,spaceHeat
78LV,hh0020,0.011617096731954915,scr2001,mustOut,spaceHeat
78LV,hh0021,0.01676297877962309,scr2001,mustOut,spaceHeat
78LV,hh0022,0.02891682763289103,scr2001,mustOut,spaceHeat
78LV,hh0023,0.046400961736916865,scr2001,mustOut,spaceHeat
78LV,hh0024,0.04051064676345613,scr2001,mustOut,spaceHeat
79NO,hh0019,0.014448627313013992,scr2001,mustOut,spaceHeat
79NO,hh0020,0.012657965079097487,scr2001,mustOut,spaceHeat
79NO,hh0021,0.02348027008684722,scr2001,mustOut,spaceHeat
79NO,hh0022,0.029692393189169462,scr2001,mustOut,spaceHeat
79NO,hh0023,0.03920140546085955,scr2001,mustOut,spaceHeat
79NO,hh0024,0.03287851723965475,scr2001,mustOut,spaceHeat
80NO,hh0019,0.02507283988589651,scr2001,mustOut,spaceHeat
80NO,hh0020,0.03142461025511223,scr2001,mustOut,spaceHeat
80NO,hh0021,0.04662178221140274,scr2001,mustOut,spaceHeat
80NO,hh0022,0.05814288682080315,scr2001,mustOut,spaceHeat
80NO,hh0023,0.11084927503802744,scr2001,mustOut,spaceHeat
80NO,hh0024,0.10596199428715307,scr2001,mustOut,spaceHeat
81NO,hh0019,0.032670424177480735,scr2001,mustOut,spaceHeat
81NO,hh0020,0.031382561991633535,scr2001,mustOut,spaceHeat
81NO,hh0021,0.06178635664797112,scr2001,mustOut,spaceHeat
81NO,hh0022,0.055756051566151245,scr2001,mustOut,spaceHeat
81NO,hh0023,0.09692297660219223,scr2001,mustOut,spaceHeat
81NO,hh0024,0.10261377626544163,scr2001,mustOut,spaceHeat
82NO,hh0019,0.023926593256866257,scr2001,mustOut,spaceHeat
82NO,hh0020,0.03160757083124523,scr2001,mustOut,spaceHeat
82NO,hh0021,0.052727812135637944,scr2001,mustOut,spaceHeat
82NO,hh0022,0.05916606587431593,scr2001,mustOut,spaceHeat
82NO,hh0023,0.11332428021565731,scr2001,mustOut,spaceHeat
82NO,hh0024,0.12201567120941376,scr2001,mustOut,spaceHeat
83NO,hh0019,0.023993350996066712,scr2001,mustOut,spaceHeat
83NO,hh0020,0.023309018756915316,scr2001,mustOut,spaceHeat
83NO,hh0021,0.06652516536499571,scr2001,mustOut,spaceHeat
83NO,hh0022,0.05642685958282416,scr2001,mustOut,spaceHeat
83NO,hh0023,0.1282184607176326,scr2001,mustOut,spaceHeat
83NO,hh0024,0.12330772940042245,scr2001,mustOut,spaceHeat
84NO,hh0019,0.03491785039012946,scr2001,mustOut,spaceHeat
84NO,hh0020,0.04134226598602155,scr2001,mustOut,spaceHeat
84NO,hh0021,0.05520069042248261,scr2001,mustOut,spaceHeat
84NO,hh0022,0.08322881531738055,scr2001,mustOut,spaceHeat
84NO,hh0023,0.20955781759750983,scr2001,mustOut,spaceHeat
84NO,hh0024,0.13948959259368648,scr2001,mustOut,spaceHeat
85NO,hh0019,0.05090755066472659,scr2001,mustOut,spaceHeat
85NO,hh0020,0.0737418869988276,scr2001,mustOut,spaceHeat
85NO,hh0021,0.052102645785294124,scr2001,mustOut,spaceHeat
85NO,hh0022,0.1257904566292935,scr2001,mustOut,spaceHeat
85NO,hh0023,0.34331890815363825,scr2001,mustOut,spaceHeat
85NO,hh0024,0.26543382407946114,scr2001,mustOut,spaceHeat
86SE,hh0019,0.033696594569916284,scr2001,mustOut,spaceHeat
86SE,hh0020,0.03548426924890946,scr2001,mustOut,spaceHeat
86SE,hh0021,0.03753572738817928,scr2001,mustOut,spaceHeat
86SE,hh0022,0.1047569036445617,scr2001,mustOut,spaceHeat
86SE,hh0023,0.22567302630469388,scr2001,mustOut,spaceHeat
86SE,hh0024,0.15819471281710223,scr2001,mustOut,spaceHeat
87SE,hh0019,0.04583373009312011,scr2001,mustOut,spaceHeat
87SE,hh0020,0.047543749224382724,scr2001,mustOut,spaceHeat
87SE,hh0021,0.07223241437658873,scr2001,mustOut,spaceHeat
87SE,hh0022,0.08816037200279979,scr2001,mustOut,spaceHeat
87SE,hh0023,0.18492835980962435,scr2001,mustOut,spaceHeat
87SE,hh0024,0.19441979110566296,scr2001,mustOut,spaceHeat
88SE,hh0019,0.025729854035626686,scr2001,mustOut,spaceHeat
88SE,hh0020,0.02669034384480379,scr2001,mustOut,spaceHeat
88SE,hh0021,0.055275128699485504,scr2001,mustOut,spaceHeat
88SE,hh0022,0.06302996540594566,scr2001,mustOut,spaceHeat
88SE,hh0023,0.11592680454335944,scr2001,mustOut,spaceHeat
88SE,hh0024,0.11132573518265149,scr2001,mustOut,spaceHeat
89SE,hh0019,0.021639875989509463,scr2001,mustOut,spaceHeat
89SE,hh0020,0.022084554553222543,scr2001,mustOut,spaceHeat
89SE,hh0021,0.04940412501693996,scr2001,mustOut,spaceHeat
89SE,hh0022,0.06468114491001359,scr2001,mustOut,spaceHeat
89SE,hh0023,0.09484578638951227,scr2001,mustOut,spaceHeat
89SE,hh0024,0.0836461658700812,scr2001,mustOut,spaceHeat
90UK,hh0019,0.0701904032366162,scr2001,mustOut,spaceHeat
90UK,hh0020,0.07083260251050855,scr2001,mustOut,spaceHeat
90UK,hh0021,0.07462344210161226,scr2001,mustOut,spaceHeat
90UK,hh0022,0.1479529192750279,scr2001,mustOut,spaceHeat
90UK,hh0023,0.1425873350389803,scr2001,mustOut,spaceHeat
90UK,hh0024,0.0680197285940062,scr2001,mustOut,spaceHeat
91UK,hh0019,0.07250474761867709,scr2001,mustOut,spaceHeat
91UK,hh0020,0.07179663148947853,scr2001,mustOut,spaceHeat
91UK,hh0021,0.061525800788464126,scr2001,mustOut,spaceHeat
91UK,hh0022,0.14980664989396214,scr2001,mustOut,spaceHeat
91UK,hh0023,0.13012949654854125,scr2001,mustOut,spaceHeat
91UK,hh0024,0.07172976140681059,scr2001,mustOut,spaceHeat
92UK,hh0019,0.09004304856483958,scr2001,mustOut,spaceHeat
92UK,hh0020,0.09519998284993873,scr2001,mustOut,spaceHeat
92UK,hh0021,0.08895378791042534,scr2001,mustOut,spaceHeat
92UK,hh0022,0.17506577723417588,scr2001,mustOut,spaceHeat
92UK,hh0023,0.16233873462836454,scr2001,mustOut,spaceHeat
92UK,hh0024,0.08036917209790903,scr2001,mustOut,spaceHeat
93UK,hh0019,0.07704064586301403,scr2001,mustOut,spaceHeat
93UK,hh0020,0.0872706783219884,scr2001,mustOut,spaceHeat
93UK,hh0021,0.08332569226152503,scr2001,mustOut,spaceHeat
93UK,hh0022,0.14711796018119982,scr2001,mustOut,spaceHeat
93UK,hh0023,0.1433185669300554,scr2001,mustOut,spaceHeat
93UK,hh0024,0.08457092671297801,scr2001,mustOut,spaceHeat
94UK,hh0019,0.09557633348909941,scr2001,mustOut,spaceHeat
94UK,hh0020,0.11630427760503628,scr2001,mustOut,spaceHeat
94UK,hh0021,0.11087527725883964,scr2001,mustOut,spaceHeat
94UK,hh0022,0.18033273206682965,scr2001,mustOut,spaceHeat
94UK,hh0023,0.17789290500628105,scr2001,mustOut,spaceHeat
94UK,hh0024,0.10338557719536133,scr2001,mustOut,spaceHeat
95UK,hh0019,0.08979344582337848,scr2001,mustOut,spaceHeat
95UK,hh0020,0.130309322147933,scr2001,mustOut,spaceHeat
95UK,hh0021,0.08468349647300019,scr2001,mustOut,spaceHeat
95UK,hh0022,0.14217057974867092,scr2001,mustOut,spaceHeat
95UK,hh0023,0.17657329790516973,scr2001,mustOut,spaceHeat
95UK,hh0024,0.11287717815354867,scr2001,mustOut,spaceHeat
96IE,hh0019,0.056237180541313644,scr2001,mustOut,spaceHeat
96IE,hh0020,0.07483649725126305,scr2001,mustOut,spaceHeat
96IE,hh0021,0.04504767045969989,scr2001,mustOut,spaceHeat
96IE,hh0022,0.11064257606083411,scr2001,mustOut,spaceHeat
96IE,hh0023,0.08449726422683776,scr2001,mustOut,spaceHeat
96IE,hh0024,0.06112988628616617,scr2001,mustOut,spaceHeat
98IT,hh0019,0.016718659566870197,scr2001,mustOut,spaceHeat
98IT,hh0020,0.01919452092744562,scr2001,mustOut,spaceHeat
98IT,hh0021,0.029060671248448047,scr2001,mustOut,spaceHeat
98IT,hh0022,0.035543276020321604,scr2001,mustOut,spaceHeat
98IT,hh0023,0.032668807602896754,scr2001,mustOut,spaceHeat
98IT,hh0024,0.024259011553545595,scr2001,mustOut,spaceHeat
99FR,hh0019,0.014676549727616405,scr2001,mustOut,spaceHeat
99FR,hh0020,0.01628973963354581,scr2001,mustOut,spaceHeat
99FR,hh0021,0.02369082691478233,scr2001,mustOut,spaceHeat
99FR,hh0022,0.04984611301187593,scr2001,mustOut,spaceHeat
99FR,hh0023,0.040736755745268326,scr2001,mustOut,spaceHeat
99FR,hh0024,0.02493461335207647,scr2001,mustOut,spaceHeat
