region_4,timestep_6,value,scenario_1,parameter,carrier_1
01ES,h0001,0.0,scr2014,mustOut,psngRoadPub
01ES,h0002,0.0,scr2014,mustOut,psngRoadPub
01ES,h0003,0.0,scr2014,mustOut,psngRoadPub
01ES,h0004,0.031023466046835035,scr2014,mustOut,psngRoadPub
01ES,h0005,0.10790210500797924,scr2014,mustOut,psngRoadPub
01ES,h0006,0.15645673484310854,scr2014,mustOut,psngRoadPub
01ES,h0007,0.17174066639247026,scr2014,mustOut,psngRoadPub
01ES,h0008,0.14061260142725376,scr2014,mustOut,psngRoadPub
01ES,h0009,0.27983841186427333,scr2014,mustOut,psngRoadPub
01ES,h0010,0.3061050236627132,scr2014,mustOut,psngRoadPub
01ES,h0011,0.2853249073771272,scr2014,mustOut,psngRoadPub
01ES,h0012,0.11660987812931724,scr2014,mustOut,psngRoadPub
01ES,h0013,0.03130010859559864,scr2014,mustOut,psngRoadPub
01ES,h0014,0.005188151206209754,scr2014,mustOut,psngRoadPub
01ES,h0015,0.0,scr2014,mustOut,psngRoadPub
01ES,h0016,0.00535995757654951,scr2014,mustOut,psngRoadPub
01ES,h0017,0.06502645484417215,scr2014,mustOut,psngRoadPub
01ES,h0018,0.18674948763904498,scr2014,mustOut,psngRoadPub
01ES,h0019,0.2626827673024324,scr2014,mustOut,psngRoadPub
01ES,h0020,0.22695960816855384,scr2014,mustOut,psngRoadPub
01ES,h0021,0.23176430466154407,scr2014,mustOut,psngRoadPub
01ES,h0022,0.2549403111318762,scr2014,mustOut,psngRoadPub
01ES,h0023,0.23531857539501297,scr2014,mustOut,psngRoadPub
01ES,h0024,0.11660987812931724,scr2014,mustOut,psngRoadPub
02ES,h0001,0.0,scr2014,mustOut,psngRoadPub
02ES,h0002,0.0,scr2014,mustOut,psngRoadPub
02ES,h0003,0.0,scr2014,mustOut,psngRoadPub
02ES,h0004,0.031023466046835035,scr2014,mustOut,psngRoadPub
02ES,h0005,0.10790210500797924,scr2014,mustOut,psngRoadPub
02ES,h0006,0.15645673484310854,scr2014,mustOut,psngRoadPub
02ES,h0007,0.17174066639247026,scr2014,mustOut,psngRoadPub
02ES,h0008,0.14061260142725376,scr2014,mustOut,psngRoadPub
02ES,h0009,0.27983841186427333,scr2014,mustOut,psngRoadPub
02ES,h0010,0.3061050236627132,scr2014,mustOut,psngRoadPub
02ES,h0011,0.2853249073771272,scr2014,mustOut,psngRoadPub
02ES,h0012,0.11660987812931724,scr2014,mustOut,psngRoadPub
02ES,h0013,0.03130010859559864,scr2014,mustOut,psngRoadPub
02ES,h0014,0.005188151206209754,scr2014,mustOut,psngRoadPub
02ES,h0015,0.0,scr2014,mustOut,psngRoadPub
02ES,h0016,0.00535995757654951,scr2014,mustOut,psngRoadPub
02ES,h0017,0.06502645484417215,scr2014,mustOut,psngRoadPub
02ES,h0018,0.18674948763904498,scr2014,mustOut,psngRoadPub
02ES,h0019,0.2626827673024324,scr2014,mustOut,psngRoadPub
02ES,h0020,0.22695960816855384,scr2014,mustOut,psngRoadPub
02ES,h0021,0.23176430466154407,scr2014,mustOut,psngRoadPub
02ES,h0022,0.2549403111318762,scr2014,mustOut,psngRoadPub
02ES,h0023,0.23531857539501297,scr2014,mustOut,psngRoadPub
02ES,h0024,0.11660987812931724,scr2014,mustOut,psngRoadPub
03ES,h0001,0.0,scr2014,mustOut,psngRoadPub
03ES,h0002,0.0,scr2014,mustOut,psngRoadPub
03ES,h0003,0.0,scr2014,mustOut,psngRoadPub
03ES,h0004,0.031023466046835035,scr2014,mustOut,psngRoadPub
03ES,h0005,0.10790210500797924,scr2014,mustOut,psngRoadPub
03ES,h0006,0.15645673484310854,scr2014,mustOut,psngRoadPub
03ES,h0007,0.17174066639247026,scr2014,mustOut,psngRoadPub
03ES,h0008,0.14061260142725376,scr2014,mustOut,psngRoadPub
03ES,h0009,0.27983841186427333,scr2014,mustOut,psngRoadPub
03ES,h0010,0.3061050236627132,scr2014,mustOut,psngRoadPub
03ES,h0011,0.2853249073771272,scr2014,mustOut,psngRoadPub
03ES,h0012,0.11660987812931724,scr2014,mustOut,psngRoadPub
03ES,h0013,0.03130010859559864,scr2014,mustOut,psngRoadPub
03ES,h0014,0.005188151206209754,scr2014,mustOut,psngRoadPub
03ES,h0015,0.0,scr2014,mustOut,psngRoadPub
03ES,h0016,0.00535995757654951,scr2014,mustOut,psngRoadPub
03ES,h0017,0.06502645484417215,scr2014,mustOut,psngRoadPub
03ES,h0018,0.18674948763904498,scr2014,mustOut,psngRoadPub
03ES,h0019,0.2626827673024324,scr2014,mustOut,psngRoadPub
03ES,h0020,0.22695960816855384,scr2014,mustOut,psngRoadPub
03ES,h0021,0.23176430466154407,scr2014,mustOut,psngRoadPub
03ES,h0022,0.2549403111318762,scr2014,mustOut,psngRoadPub
03ES,h0023,0.23531857539501297,scr2014,mustOut,psngRoadPub
03ES,h0024,0.11660987812931724,scr2014,mustOut,psngRoadPub
04ES,h0001,0.0,scr2014,mustOut,psngRoadPub
04ES,h0002,0.0,scr2014,mustOut,psngRoadPub
04ES,h0003,0.0,scr2014,mustOut,psngRoadPub
04ES,h0004,0.031023466046835035,scr2014,mustOut,psngRoadPub
04ES,h0005,0.10790210500797924,scr2014,mustOut,psngRoadPub
04ES,h0006,0.15645673484310854,scr2014,mustOut,psngRoadPub
04ES,h0007,0.17174066639247026,scr2014,mustOut,psngRoadPub
04ES,h0008,0.14061260142725376,scr2014,mustOut,psngRoadPub
04ES,h0009,0.27983841186427333,scr2014,mustOut,psngRoadPub
04ES,h0010,0.3061050236627132,scr2014,mustOut,psngRoadPub
04ES,h0011,0.2853249073771272,scr2014,mustOut,psngRoadPub
04ES,h0012,0.11660987812931724,scr2014,mustOut,psngRoadPub
04ES,h0013,0.03130010859559864,scr2014,mustOut,psngRoadPub
04ES,h0014,0.005188151206209754,scr2014,mustOut,psngRoadPub
04ES,h0015,0.0,scr2014,mustOut,psngRoadPub
04ES,h0016,0.00535995757654951,scr2014,mustOut,psngRoadPub
04ES,h0017,0.06502645484417215,scr2014,mustOut,psngRoadPub
04ES,h0018,0.18674948763904498,scr2014,mustOut,psngRoadPub
04ES,h0019,0.2626827673024324,scr2014,mustOut,psngRoadPub
04ES,h0020,0.22695960816855384,scr2014,mustOut,psngRoadPub
04ES,h0021,0.23176430466154407,scr2014,mustOut,psngRoadPub
04ES,h0022,0.2549403111318762,scr2014,mustOut,psngRoadPub
04ES,h0023,0.23531857539501297,scr2014,mustOut,psngRoadPub
04ES,h0024,0.11660987812931724,scr2014,mustOut,psngRoadPub
05ES,h0001,0.0,scr2014,mustOut,psngRoadPub
05ES,h0002,0.0,scr2014,mustOut,psngRoadPub
05ES,h0003,0.0,scr2014,mustOut,psngRoadPub
05ES,h0004,0.031023466046835035,scr2014,mustOut,psngRoadPub
05ES,h0005,0.10790210500797924,scr2014,mustOut,psngRoadPub
05ES,h0006,0.15645673484310854,scr2014,mustOut,psngRoadPub
05ES,h0007,0.17174066639247026,scr2014,mustOut,psngRoadPub
05ES,h0008,0.14061260142725376,scr2014,mustOut,psngRoadPub
05ES,h0009,0.27983841186427333,scr2014,mustOut,psngRoadPub
05ES,h0010,0.3061050236627132,scr2014,mustOut,psngRoadPub
05ES,h0011,0.2853249073771272,scr2014,mustOut,psngRoadPub
05ES,h0012,0.11660987812931724,scr2014,mustOut,psngRoadPub
05ES,h0013,0.03130010859559864,scr2014,mustOut,psngRoadPub
05ES,h0014,0.005188151206209754,scr2014,mustOut,psngRoadPub
05ES,h0015,0.0,scr2014,mustOut,psngRoadPub
05ES,h0016,0.00535995757654951,scr2014,mustOut,psngRoadPub
05ES,h0017,0.06502645484417215,scr2014,mustOut,psngRoadPub
05ES,h0018,0.18674948763904498,scr2014,mustOut,psngRoadPub
05ES,h0019,0.2626827673024324,scr2014,mustOut,psngRoadPub
05ES,h0020,0.22695960816855384,scr2014,mustOut,psngRoadPub
05ES,h0021,0.23176430466154407,scr2014,mustOut,psngRoadPub
05ES,h0022,0.2549403111318762,scr2014,mustOut,psngRoadPub
05ES,h0023,0.23531857539501297,scr2014,mustOut,psngRoadPub
05ES,h0024,0.11660987812931724,scr2014,mustOut,psngRoadPub
06ES,h0001,0.0,scr2014,mustOut,psngRoadPub
06ES,h0002,0.0,scr2014,mustOut,psngRoadPub
06ES,h0003,0.0,scr2014,mustOut,psngRoadPub
06ES,h0004,0.031023466046835035,scr2014,mustOut,psngRoadPub
06ES,h0005,0.10790210500797924,scr2014,mustOut,psngRoadPub
06ES,h0006,0.15645673484310854,scr2014,mustOut,psngRoadPub
06ES,h0007,0.17174066639247026,scr2014,mustOut,psngRoadPub
06ES,h0008,0.14061260142725376,scr2014,mustOut,psngRoadPub
06ES,h0009,0.27983841186427333,scr2014,mustOut,psngRoadPub
06ES,h0010,0.3061050236627132,scr2014,mustOut,psngRoadPub
06ES,h0011,0.2853249073771272,scr2014,mustOut,psngRoadPub
06ES,h0012,0.11660987812931724,scr2014,mustOut,psngRoadPub
06ES,h0013,0.03130010859559864,scr2014,mustOut,psngRoadPub
06ES,h0014,0.005188151206209754,scr2014,mustOut,psngRoadPub
06ES,h0015,0.0,scr2014,mustOut,psngRoadPub
06ES,h0016,0.00535995757654951,scr2014,mustOut,psngRoadPub
06ES,h0017,0.06502645484417215,scr2014,mustOut,psngRoadPub
06ES,h0018,0.18674948763904498,scr2014,mustOut,psngRoadPub
06ES,h0019,0.2626827673024324,scr2014,mustOut,psngRoadPub
06ES,h0020,0.22695960816855384,scr2014,mustOut,psngRoadPub
06ES,h0021,0.23176430466154407,scr2014,mustOut,psngRoadPub
06ES,h0022,0.2549403111318762,scr2014,mustOut,psngRoadPub
06ES,h0023,0.23531857539501297,scr2014,mustOut,psngRoadPub
06ES,h0024,0.11660987812931724,scr2014,mustOut,psngRoadPub
07ES,h0001,0.0,scr2014,mustOut,psngRoadPub
07ES,h0002,0.0,scr2014,mustOut,psngRoadPub
07ES,h0003,0.0,scr2014,mustOut,psngRoadPub
07ES,h0004,0.031023466046835035,scr2014,mustOut,psngRoadPub
07ES,h0005,0.10790210500797924,scr2014,mustOut,psngRoadPub
07ES,h0006,0.15645673484310854,scr2014,mustOut,psngRoadPub
07ES,h0007,0.17174066639247026,scr2014,mustOut,psngRoadPub
07ES,h0008,0.14061260142725376,scr2014,mustOut,psngRoadPub
07ES,h0009,0.27983841186427333,scr2014,mustOut,psngRoadPub
07ES,h0010,0.3061050236627132,scr2014,mustOut,psngRoadPub
07ES,h0011,0.2853249073771272,scr2014,mustOut,psngRoadPub
07ES,h0012,0.11660987812931724,scr2014,mustOut,psngRoadPub
07ES,h0013,0.03130010859559864,scr2014,mustOut,psngRoadPub
07ES,h0014,0.005188151206209754,scr2014,mustOut,psngRoadPub
07ES,h0015,0.0,scr2014,mustOut,psngRoadPub
07ES,h0016,0.00535995757654951,scr2014,mustOut,psngRoadPub
07ES,h0017,0.06502645484417215,scr2014,mustOut,psngRoadPub
07ES,h0018,0.18674948763904498,scr2014,mustOut,psngRoadPub
07ES,h0019,0.2626827673024324,scr2014,mustOut,psngRoadPub
07ES,h0020,0.22695960816855384,scr2014,mustOut,psngRoadPub
07ES,h0021,0.23176430466154407,scr2014,mustOut,psngRoadPub
07ES,h0022,0.2549403111318762,scr2014,mustOut,psngRoadPub
07ES,h0023,0.23531857539501297,scr2014,mustOut,psngRoadPub
07ES,h0024,0.11660987812931724,scr2014,mustOut,psngRoadPub
08ES,h0001,0.0,scr2014,mustOut,psngRoadPub
08ES,h0002,0.0,scr2014,mustOut,psngRoadPub
08ES,h0003,0.0,scr2014,mustOut,psngRoadPub
08ES,h0004,0.031023466046835035,scr2014,mustOut,psngRoadPub
08ES,h0005,0.10790210500797924,scr2014,mustOut,psngRoadPub
08ES,h0006,0.15645673484310854,scr2014,mustOut,psngRoadPub
08ES,h0007,0.17174066639247026,scr2014,mustOut,psngRoadPub
08ES,h0008,0.14061260142725376,scr2014,mustOut,psngRoadPub
08ES,h0009,0.27983841186427333,scr2014,mustOut,psngRoadPub
08ES,h0010,0.3061050236627132,scr2014,mustOut,psngRoadPub
08ES,h0011,0.2853249073771272,scr2014,mustOut,psngRoadPub
08ES,h0012,0.11660987812931724,scr2014,mustOut,psngRoadPub
08ES,h0013,0.03130010859559864,scr2014,mustOut,psngRoadPub
08ES,h0014,0.005188151206209754,scr2014,mustOut,psngRoadPub
08ES,h0015,0.0,scr2014,mustOut,psngRoadPub
08ES,h0016,0.00535995757654951,scr2014,mustOut,psngRoadPub
08ES,h0017,0.06502645484417215,scr2014,mustOut,psngRoadPub
08ES,h0018,0.18674948763904498,scr2014,mustOut,psngRoadPub
08ES,h0019,0.2626827673024324,scr2014,mustOut,psngRoadPub
08ES,h0020,0.22695960816855384,scr2014,mustOut,psngRoadPub
08ES,h0021,0.23176430466154407,scr2014,mustOut,psngRoadPub
08ES,h0022,0.2549403111318762,scr2014,mustOut,psngRoadPub
08ES,h0023,0.23531857539501297,scr2014,mustOut,psngRoadPub
08ES,h0024,0.11660987812931724,scr2014,mustOut,psngRoadPub
09ES,h0001,0.0,scr2014,mustOut,psngRoadPub
09ES,h0002,0.0,scr2014,mustOut,psngRoadPub
09ES,h0003,0.0,scr2014,mustOut,psngRoadPub
09ES,h0004,0.031023466046835035,scr2014,mustOut,psngRoadPub
09ES,h0005,0.10790210500797924,scr2014,mustOut,psngRoadPub
09ES,h0006,0.15645673484310854,scr2014,mustOut,psngRoadPub
09ES,h0007,0.17174066639247026,scr2014,mustOut,psngRoadPub
09ES,h0008,0.14061260142725376,scr2014,mustOut,psngRoadPub
09ES,h0009,0.27983841186427333,scr2014,mustOut,psngRoadPub
09ES,h0010,0.3061050236627132,scr2014,mustOut,psngRoadPub
09ES,h0011,0.2853249073771272,scr2014,mustOut,psngRoadPub
09ES,h0012,0.11660987812931724,scr2014,mustOut,psngRoadPub
09ES,h0013,0.03130010859559864,scr2014,mustOut,psngRoadPub
09ES,h0014,0.005188151206209754,scr2014,mustOut,psngRoadPub
09ES,h0015,0.0,scr2014,mustOut,psngRoadPub
09ES,h0016,0.00535995757654951,scr2014,mustOut,psngRoadPub
09ES,h0017,0.06502645484417215,scr2014,mustOut,psngRoadPub
09ES,h0018,0.18674948763904498,scr2014,mustOut,psngRoadPub
09ES,h0019,0.2626827673024324,scr2014,mustOut,psngRoadPub
09ES,h0020,0.22695960816855384,scr2014,mustOut,psngRoadPub
09ES,h0021,0.23176430466154407,scr2014,mustOut,psngRoadPub
09ES,h0022,0.2549403111318762,scr2014,mustOut,psngRoadPub
09ES,h0023,0.23531857539501297,scr2014,mustOut,psngRoadPub
09ES,h0024,0.11660987812931724,scr2014,mustOut,psngRoadPub
10ES,h0001,0.0,scr2014,mustOut,psngRoadPub
10ES,h0002,0.0,scr2014,mustOut,psngRoadPub
10ES,h0003,0.0,scr2014,mustOut,psngRoadPub
10ES,h0004,0.031023466046835035,scr2014,mustOut,psngRoadPub
10ES,h0005,0.10790210500797924,scr2014,mustOut,psngRoadPub
10ES,h0006,0.15645673484310854,scr2014,mustOut,psngRoadPub
10ES,h0007,0.17174066639247026,scr2014,mustOut,psngRoadPub
10ES,h0008,0.14061260142725376,scr2014,mustOut,psngRoadPub
10ES,h0009,0.27983841186427333,scr2014,mustOut,psngRoadPub
10ES,h0010,0.3061050236627132,scr2014,mustOut,psngRoadPub
10ES,h0011,0.2853249073771272,scr2014,mustOut,psngRoadPub
10ES,h0012,0.11660987812931724,scr2014,mustOut,psngRoadPub
10ES,h0013,0.03130010859559864,scr2014,mustOut,psngRoadPub
10ES,h0014,0.005188151206209754,scr2014,mustOut,psngRoadPub
10ES,h0015,0.0,scr2014,mustOut,psngRoadPub
10ES,h0016,0.00535995757654951,scr2014,mustOut,psngRoadPub
10ES,h0017,0.06502645484417215,scr2014,mustOut,psngRoadPub
10ES,h0018,0.18674948763904498,scr2014,mustOut,psngRoadPub
10ES,h0019,0.2626827673024324,scr2014,mustOut,psngRoadPub
10ES,h0020,0.22695960816855384,scr2014,mustOut,psngRoadPub
10ES,h0021,0.23176430466154407,scr2014,mustOut,psngRoadPub
10ES,h0022,0.2549403111318762,scr2014,mustOut,psngRoadPub
10ES,h0023,0.23531857539501297,scr2014,mustOut,psngRoadPub
10ES,h0024,0.11660987812931724,scr2014,mustOut,psngRoadPub
11ES,h0001,0.0,scr2014,mustOut,psngRoadPub
11ES,h0002,0.0,scr2014,mustOut,psngRoadPub
11ES,h0003,0.0,scr2014,mustOut,psngRoadPub
11ES,h0004,0.031023466046835035,scr2014,mustOut,psngRoadPub
11ES,h0005,0.10790210500797924,scr2014,mustOut,psngRoadPub
11ES,h0006,0.15645673484310854,scr2014,mustOut,psngRoadPub
11ES,h0007,0.17174066639247026,scr2014,mustOut,psngRoadPub
11ES,h0008,0.14061260142725376,scr2014,mustOut,psngRoadPub
11ES,h0009,0.27983841186427333,scr2014,mustOut,psngRoadPub
11ES,h0010,0.3061050236627132,scr2014,mustOut,psngRoadPub
11ES,h0011,0.2853249073771272,scr2014,mustOut,psngRoadPub
11ES,h0012,0.11660987812931724,scr2014,mustOut,psngRoadPub
11ES,h0013,0.03130010859559864,scr2014,mustOut,psngRoadPub
11ES,h0014,0.005188151206209754,scr2014,mustOut,psngRoadPub
11ES,h0015,0.0,scr2014,mustOut,psngRoadPub
11ES,h0016,0.00535995757654951,scr2014,mustOut,psngRoadPub
11ES,h0017,0.06502645484417215,scr2014,mustOut,psngRoadPub
11ES,h0018,0.18674948763904498,scr2014,mustOut,psngRoadPub
11ES,h0019,0.2626827673024324,scr2014,mustOut,psngRoadPub
11ES,h0020,0.22695960816855384,scr2014,mustOut,psngRoadPub
11ES,h0021,0.23176430466154407,scr2014,mustOut,psngRoadPub
11ES,h0022,0.2549403111318762,scr2014,mustOut,psngRoadPub
11ES,h0023,0.23531857539501297,scr2014,mustOut,psngRoadPub
11ES,h0024,0.11660987812931724,scr2014,mustOut,psngRoadPub
12PT,h0001,0.0,scr2014,mustOut,psngRoadPub
12PT,h0002,0.0,scr2014,mustOut,psngRoadPub
12PT,h0003,0.0,scr2014,mustOut,psngRoadPub
12PT,h0004,0.031023466046835035,scr2014,mustOut,psngRoadPub
12PT,h0005,0.10790210500797924,scr2014,mustOut,psngRoadPub
12PT,h0006,0.15645673484310854,scr2014,mustOut,psngRoadPub
12PT,h0007,0.17174066639247026,scr2014,mustOut,psngRoadPub
12PT,h0008,0.14061260142725376,scr2014,mustOut,psngRoadPub
12PT,h0009,0.27983841186427333,scr2014,mustOut,psngRoadPub
12PT,h0010,0.3061050236627132,scr2014,mustOut,psngRoadPub
12PT,h0011,0.2853249073771272,scr2014,mustOut,psngRoadPub
12PT,h0012,0.11660987812931724,scr2014,mustOut,psngRoadPub
12PT,h0013,0.03130010859559864,scr2014,mustOut,psngRoadPub
12PT,h0014,0.005188151206209754,scr2014,mustOut,psngRoadPub
12PT,h0015,0.0,scr2014,mustOut,psngRoadPub
12PT,h0016,0.00535995757654951,scr2014,mustOut,psngRoadPub
12PT,h0017,0.06502645484417215,scr2014,mustOut,psngRoadPub
12PT,h0018,0.18674948763904498,scr2014,mustOut,psngRoadPub
12PT,h0019,0.2626827673024324,scr2014,mustOut,psngRoadPub
12PT,h0020,0.22695960816855384,scr2014,mustOut,psngRoadPub
12PT,h0021,0.23176430466154407,scr2014,mustOut,psngRoadPub
12PT,h0022,0.2549403111318762,scr2014,mustOut,psngRoadPub
12PT,h0023,0.23531857539501297,scr2014,mustOut,psngRoadPub
12PT,h0024,0.11660987812931724,scr2014,mustOut,psngRoadPub
13PT,h0001,0.0,scr2014,mustOut,psngRoadPub
13PT,h0002,0.0,scr2014,mustOut,psngRoadPub
13PT,h0003,0.0,scr2014,mustOut,psngRoadPub
13PT,h0004,0.031023466046835035,scr2014,mustOut,psngRoadPub
13PT,h0005,0.10790210500797924,scr2014,mustOut,psngRoadPub
13PT,h0006,0.15645673484310854,scr2014,mustOut,psngRoadPub
13PT,h0007,0.17174066639247026,scr2014,mustOut,psngRoadPub
13PT,h0008,0.14061260142725376,scr2014,mustOut,psngRoadPub
13PT,h0009,0.27983841186427333,scr2014,mustOut,psngRoadPub
13PT,h0010,0.3061050236627132,scr2014,mustOut,psngRoadPub
13PT,h0011,0.2853249073771272,scr2014,mustOut,psngRoadPub
13PT,h0012,0.11660987812931724,scr2014,mustOut,psngRoadPub
13PT,h0013,0.03130010859559864,scr2014,mustOut,psngRoadPub
13PT,h0014,0.005188151206209754,scr2014,mustOut,psngRoadPub
13PT,h0015,0.0,scr2014,mustOut,psngRoadPub
13PT,h0016,0.00535995757654951,scr2014,mustOut,psngRoadPub
13PT,h0017,0.06502645484417215,scr2014,mustOut,psngRoadPub
13PT,h0018,0.18674948763904498,scr2014,mustOut,psngRoadPub
13PT,h0019,0.2626827673024324,scr2014,mustOut,psngRoadPub
13PT,h0020,0.22695960816855384,scr2014,mustOut,psngRoadPub
13PT,h0021,0.23176430466154407,scr2014,mustOut,psngRoadPub
13PT,h0022,0.2549403111318762,scr2014,mustOut,psngRoadPub
13PT,h0023,0.23531857539501297,scr2014,mustOut,psngRoadPub
13PT,h0024,0.11660987812931724,scr2014,mustOut,psngRoadPub
14FR,h0001,0.0,scr2014,mustOut,psngRoadPub
14FR,h0002,0.0,scr2014,mustOut,psngRoadPub
14FR,h0003,0.0,scr2014,mustOut,psngRoadPub
14FR,h0004,0.031023466046835035,scr2014,mustOut,psngRoadPub
14FR,h0005,0.10790210500797924,scr2014,mustOut,psngRoadPub
14FR,h0006,0.15645673484310854,scr2014,mustOut,psngRoadPub
14FR,h0007,0.17174066639247026,scr2014,mustOut,psngRoadPub
14FR,h0008,0.14061260142725376,scr2014,mustOut,psngRoadPub
14FR,h0009,0.27983841186427333,scr2014,mustOut,psngRoadPub
14FR,h0010,0.3061050236627132,scr2014,mustOut,psngRoadPub
14FR,h0011,0.2853249073771272,scr2014,mustOut,psngRoadPub
14FR,h0012,0.11660987812931724,scr2014,mustOut,psngRoadPub
14FR,h0013,0.03130010859559864,scr2014,mustOut,psngRoadPub
14FR,h0014,0.005188151206209754,scr2014,mustOut,psngRoadPub
14FR,h0015,0.0,scr2014,mustOut,psngRoadPub
14FR,h0016,0.00535995757654951,scr2014,mustOut,psngRoadPub
14FR,h0017,0.06502645484417215,scr2014,mustOut,psngRoadPub
14FR,h0018,0.18674948763904498,scr2014,mustOut,psngRoadPub
14FR,h0019,0.2626827673024324,scr2014,mustOut,psngRoadPub
14FR,h0020,0.22695960816855384,scr2014,mustOut,psngRoadPub
14FR,h0021,0.23176430466154407,scr2014,mustOut,psngRoadPub
14FR,h0022,0.2549403111318762,scr2014,mustOut,psngRoadPub
14FR,h0023,0.23531857539501297,scr2014,mustOut,psngRoadPub
14FR,h0024,0.11660987812931724,scr2014,mustOut,psngRoadPub
15FR,h0001,0.0,scr2014,mustOut,psngRoadPub
15FR,h0002,0.0,scr2014,mustOut,psngRoadPub
15FR,h0003,0.0,scr2014,mustOut,psngRoadPub
15FR,h0004,0.031023466046835035,scr2014,mustOut,psngRoadPub
15FR,h0005,0.10790210500797924,scr2014,mustOut,psngRoadPub
15FR,h0006,0.15645673484310854,scr2014,mustOut,psngRoadPub
15FR,h0007,0.17174066639247026,scr2014,mustOut,psngRoadPub
15FR,h0008,0.14061260142725376,scr2014,mustOut,psngRoadPub
15FR,h0009,0.27983841186427333,scr2014,mustOut,psngRoadPub
15FR,h0010,0.3061050236627132,scr2014,mustOut,psngRoadPub
15FR,h0011,0.2853249073771272,scr2014,mustOut,psngRoadPub
15FR,h0012,0.11660987812931724,scr2014,mustOut,psngRoadPub
15FR,h0013,0.03130010859559864,scr2014,mustOut,psngRoadPub
15FR,h0014,0.005188151206209754,scr2014,mustOut,psngRoadPub
15FR,h0015,0.0,scr2014,mustOut,psngRoadPub
15FR,h0016,0.00535995757654951,scr2014,mustOut,psngRoadPub
15FR,h0017,0.06502645484417215,scr2014,mustOut,psngRoadPub
15FR,h0018,0.18674948763904498,scr2014,mustOut,psngRoadPub
15FR,h0019,0.2626827673024324,scr2014,mustOut,psngRoadPub
15FR,h0020,0.22695960816855384,scr2014,mustOut,psngRoadPub
15FR,h0021,0.23176430466154407,scr2014,mustOut,psngRoadPub
15FR,h0022,0.2549403111318762,scr2014,mustOut,psngRoadPub
15FR,h0023,0.23531857539501297,scr2014,mustOut,psngRoadPub
15FR,h0024,0.11660987812931724,scr2014,mustOut,psngRoadPub
16FR,h0001,0.0,scr2014,mustOut,psngRoadPub
16FR,h0002,0.0,scr2014,mustOut,psngRoadPub
16FR,h0003,0.0,scr2014,mustOut,psngRoadPub
16FR,h0004,0.031023466046835035,scr2014,mustOut,psngRoadPub
16FR,h0005,0.10790210500797924,scr2014,mustOut,psngRoadPub
16FR,h0006,0.15645673484310854,scr2014,mustOut,psngRoadPub
16FR,h0007,0.17174066639247026,scr2014,mustOut,psngRoadPub
16FR,h0008,0.14061260142725376,scr2014,mustOut,psngRoadPub
16FR,h0009,0.27983841186427333,scr2014,mustOut,psngRoadPub
16FR,h0010,0.3061050236627132,scr2014,mustOut,psngRoadPub
16FR,h0011,0.2853249073771272,scr2014,mustOut,psngRoadPub
16FR,h0012,0.11660987812931724,scr2014,mustOut,psngRoadPub
16FR,h0013,0.03130010859559864,scr2014,mustOut,psngRoadPub
16FR,h0014,0.005188151206209754,scr2014,mustOut,psngRoadPub
16FR,h0015,0.0,scr2014,mustOut,psngRoadPub
16FR,h0016,0.00535995757654951,scr2014,mustOut,psngRoadPub
16FR,h0017,0.06502645484417215,scr2014,mustOut,psngRoadPub
16FR,h0018,0.18674948763904498,scr2014,mustOut,psngRoadPub
16FR,h0019,0.2626827673024324,scr2014,mustOut,psngRoadPub
16FR,h0020,0.22695960816855384,scr2014,mustOut,psngRoadPub
16FR,h0021,0.23176430466154407,scr2014,mustOut,psngRoadPub
16FR,h0022,0.2549403111318762,scr2014,mustOut,psngRoadPub
16FR,h0023,0.23531857539501297,scr2014,mustOut,psngRoadPub
16FR,h0024,0.11660987812931724,scr2014,mustOut,psngRoadPub
17FR,h0001,0.0,scr2014,mustOut,psngRoadPub
17FR,h0002,0.0,scr2014,mustOut,psngRoadPub
17FR,h0003,0.0,scr2014,mustOut,psngRoadPub
17FR,h0004,0.031023466046835035,scr2014,mustOut,psngRoadPub
17FR,h0005,0.10790210500797924,scr2014,mustOut,psngRoadPub
17FR,h0006,0.15645673484310854,scr2014,mustOut,psngRoadPub
17FR,h0007,0.17174066639247026,scr2014,mustOut,psngRoadPub
17FR,h0008,0.14061260142725376,scr2014,mustOut,psngRoadPub
17FR,h0009,0.27983841186427333,scr2014,mustOut,psngRoadPub
17FR,h0010,0.3061050236627132,scr2014,mustOut,psngRoadPub
17FR,h0011,0.2853249073771272,scr2014,mustOut,psngRoadPub
17FR,h0012,0.11660987812931724,scr2014,mustOut,psngRoadPub
17FR,h0013,0.03130010859559864,scr2014,mustOut,psngRoadPub
17FR,h0014,0.005188151206209754,scr2014,mustOut,psngRoadPub
17FR,h0015,0.0,scr2014,mustOut,psngRoadPub
17FR,h0016,0.00535995757654951,scr2014,mustOut,psngRoadPub
17FR,h0017,0.06502645484417215,scr2014,mustOut,psngRoadPub
17FR,h0018,0.18674948763904498,scr2014,mustOut,psngRoadPub
17FR,h0019,0.2626827673024324,scr2014,mustOut,psngRoadPub
17FR,h0020,0.22695960816855384,scr2014,mustOut,psngRoadPub
17FR,h0021,0.23176430466154407,scr2014,mustOut,psngRoadPub
17FR,h0022,0.2549403111318762,scr2014,mustOut,psngRoadPub
17FR,h0023,0.23531857539501297,scr2014,mustOut,psngRoadPub
17FR,h0024,0.11660987812931724,scr2014,mustOut,psngRoadPub
18FR,h0001,0.0,scr2014,mustOut,psngRoadPub
18FR,h0002,0.0,scr2014,mustOut,psngRoadPub
18FR,h0003,0.0,scr2014,mustOut,psngRoadPub
18FR,h0004,0.031023466046835035,scr2014,mustOut,psngRoadPub
18FR,h0005,0.10790210500797924,scr2014,mustOut,psngRoadPub
18FR,h0006,0.15645673484310854,scr2014,mustOut,psngRoadPub
18FR,h0007,0.17174066639247026,scr2014,mustOut,psngRoadPub
18FR,h0008,0.14061260142725376,scr2014,mustOut,psngRoadPub
18FR,h0009,0.27983841186427333,scr2014,mustOut,psngRoadPub
18FR,h0010,0.3061050236627132,scr2014,mustOut,psngRoadPub
18FR,h0011,0.2853249073771272,scr2014,mustOut,psngRoadPub
18FR,h0012,0.11660987812931724,scr2014,mustOut,psngRoadPub
18FR,h0013,0.03130010859559864,scr2014,mustOut,psngRoadPub
18FR,h0014,0.005188151206209754,scr2014,mustOut,psngRoadPub
18FR,h0015,0.0,scr2014,mustOut,psngRoadPub
18FR,h0016,0.00535995757654951,scr2014,mustOut,psngRoadPub
18FR,h0017,0.06502645484417215,scr2014,mustOut,psngRoadPub
18FR,h0018,0.18674948763904498,scr2014,mustOut,psngRoadPub
18FR,h0019,0.2626827673024324,scr2014,mustOut,psngRoadPub
18FR,h0020,0.22695960816855384,scr2014,mustOut,psngRoadPub
18FR,h0021,0.23176430466154407,scr2014,mustOut,psngRoadPub
18FR,h0022,0.2549403111318762,scr2014,mustOut,psngRoadPub
18FR,h0023,0.23531857539501297,scr2014,mustOut,psngRoadPub
18FR,h0024,0.11660987812931724,scr2014,mustOut,psngRoadPub
19FR,h0001,0.0,scr2014,mustOut,psngRoadPub
19FR,h0002,0.0,scr2014,mustOut,psngRoadPub
19FR,h0003,0.0,scr2014,mustOut,psngRoadPub
19FR,h0004,0.031023466046835035,scr2014,mustOut,psngRoadPub
19FR,h0005,0.10790210500797924,scr2014,mustOut,psngRoadPub
19FR,h0006,0.15645673484310854,scr2014,mustOut,psngRoadPub
19FR,h0007,0.17174066639247026,scr2014,mustOut,psngRoadPub
19FR,h0008,0.14061260142725376,scr2014,mustOut,psngRoadPub
19FR,h0009,0.27983841186427333,scr2014,mustOut,psngRoadPub
19FR,h0010,0.3061050236627132,scr2014,mustOut,psngRoadPub
19FR,h0011,0.2853249073771272,scr2014,mustOut,psngRoadPub
19FR,h0012,0.11660987812931724,scr2014,mustOut,psngRoadPub
19FR,h0013,0.03130010859559864,scr2014,mustOut,psngRoadPub
19FR,h0014,0.005188151206209754,scr2014,mustOut,psngRoadPub
19FR,h0015,0.0,scr2014,mustOut,psngRoadPub
19FR,h0016,0.00535995757654951,scr2014,mustOut,psngRoadPub
19FR,h0017,0.06502645484417215,scr2014,mustOut,psngRoadPub
19FR,h0018,0.18674948763904498,scr2014,mustOut,psngRoadPub
19FR,h0019,0.2626827673024324,scr2014,mustOut,psngRoadPub
19FR,h0020,0.22695960816855384,scr2014,mustOut,psngRoadPub
19FR,h0021,0.23176430466154407,scr2014,mustOut,psngRoadPub
19FR,h0022,0.2549403111318762,scr2014,mustOut,psngRoadPub
19FR,h0023,0.23531857539501297,scr2014,mustOut,psngRoadPub
19FR,h0024,0.11660987812931724,scr2014,mustOut,psngRoadPub
20FR,h0001,0.0,scr2014,mustOut,psngRoadPub
20FR,h0002,0.0,scr2014,mustOut,psngRoadPub
20FR,h0003,0.0,scr2014,mustOut,psngRoadPub
20FR,h0004,0.031023466046835035,scr2014,mustOut,psngRoadPub
20FR,h0005,0.10790210500797924,scr2014,mustOut,psngRoadPub
20FR,h0006,0.15645673484310854,scr2014,mustOut,psngRoadPub
20FR,h0007,0.17174066639247026,scr2014,mustOut,psngRoadPub
20FR,h0008,0.14061260142725376,scr2014,mustOut,psngRoadPub
20FR,h0009,0.27983841186427333,scr2014,mustOut,psngRoadPub
20FR,h0010,0.3061050236627132,scr2014,mustOut,psngRoadPub
20FR,h0011,0.2853249073771272,scr2014,mustOut,psngRoadPub
20FR,h0012,0.11660987812931724,scr2014,mustOut,psngRoadPub
20FR,h0013,0.03130010859559864,scr2014,mustOut,psngRoadPub
20FR,h0014,0.005188151206209754,scr2014,mustOut,psngRoadPub
20FR,h0015,0.0,scr2014,mustOut,psngRoadPub
20FR,h0016,0.00535995757654951,scr2014,mustOut,psngRoadPub
20FR,h0017,0.06502645484417215,scr2014,mustOut,psngRoadPub
20FR,h0018,0.18674948763904498,scr2014,mustOut,psngRoadPub
20FR,h0019,0.2626827673024324,scr2014,mustOut,psngRoadPub
20FR,h0020,0.22695960816855384,scr2014,mustOut,psngRoadPub
20FR,h0021,0.23176430466154407,scr2014,mustOut,psngRoadPub
20FR,h0022,0.2549403111318762,scr2014,mustOut,psngRoadPub
20FR,h0023,0.23531857539501297,scr2014,mustOut,psngRoadPub
20FR,h0024,0.11660987812931724,scr2014,mustOut,psngRoadPub
21FR,h0001,0.0,scr2014,mustOut,psngRoadPub
21FR,h0002,0.0,scr2014,mustOut,psngRoadPub
21FR,h0003,0.0,scr2014,mustOut,psngRoadPub
21FR,h0004,0.031023466046835035,scr2014,mustOut,psngRoadPub
21FR,h0005,0.10790210500797924,scr2014,mustOut,psngRoadPub
21FR,h0006,0.15645673484310854,scr2014,mustOut,psngRoadPub
21FR,h0007,0.17174066639247026,scr2014,mustOut,psngRoadPub
21FR,h0008,0.14061260142725376,scr2014,mustOut,psngRoadPub
21FR,h0009,0.27983841186427333,scr2014,mustOut,psngRoadPub
21FR,h0010,0.3061050236627132,scr2014,mustOut,psngRoadPub
21FR,h0011,0.2853249073771272,scr2014,mustOut,psngRoadPub
21FR,h0012,0.11660987812931724,scr2014,mustOut,psngRoadPub
21FR,h0013,0.03130010859559864,scr2014,mustOut,psngRoadPub
21FR,h0014,0.005188151206209754,scr2014,mustOut,psngRoadPub
21FR,h0015,0.0,scr2014,mustOut,psngRoadPub
21FR,h0016,0.00535995757654951,scr2014,mustOut,psngRoadPub
21FR,h0017,0.06502645484417215,scr2014,mustOut,psngRoadPub
21FR,h0018,0.18674948763904498,scr2014,mustOut,psngRoadPub
21FR,h0019,0.2626827673024324,scr2014,mustOut,psngRoadPub
21FR,h0020,0.22695960816855384,scr2014,mustOut,psngRoadPub
21FR,h0021,0.23176430466154407,scr2014,mustOut,psngRoadPub
21FR,h0022,0.2549403111318762,scr2014,mustOut,psngRoadPub
21FR,h0023,0.23531857539501297,scr2014,mustOut,psngRoadPub
21FR,h0024,0.11660987812931724,scr2014,mustOut,psngRoadPub
22FR,h0001,0.0,scr2014,mustOut,psngRoadPub
22FR,h0002,0.0,scr2014,mustOut,psngRoadPub
22FR,h0003,0.0,scr2014,mustOut,psngRoadPub
22FR,h0004,0.031023466046835035,scr2014,mustOut,psngRoadPub
22FR,h0005,0.10790210500797924,scr2014,mustOut,psngRoadPub
22FR,h0006,0.15645673484310854,scr2014,mustOut,psngRoadPub
22FR,h0007,0.17174066639247026,scr2014,mustOut,psngRoadPub
22FR,h0008,0.14061260142725376,scr2014,mustOut,psngRoadPub
22FR,h0009,0.27983841186427333,scr2014,mustOut,psngRoadPub
22FR,h0010,0.3061050236627132,scr2014,mustOut,psngRoadPub
22FR,h0011,0.2853249073771272,scr2014,mustOut,psngRoadPub
22FR,h0012,0.11660987812931724,scr2014,mustOut,psngRoadPub
22FR,h0013,0.03130010859559864,scr2014,mustOut,psngRoadPub
22FR,h0014,0.005188151206209754,scr2014,mustOut,psngRoadPub
22FR,h0015,0.0,scr2014,mustOut,psngRoadPub
22FR,h0016,0.00535995757654951,scr2014,mustOut,psngRoadPub
22FR,h0017,0.06502645484417215,scr2014,mustOut,psngRoadPub
22FR,h0018,0.18674948763904498,scr2014,mustOut,psngRoadPub
22FR,h0019,0.2626827673024324,scr2014,mustOut,psngRoadPub
22FR,h0020,0.22695960816855384,scr2014,mustOut,psngRoadPub
22FR,h0021,0.23176430466154407,scr2014,mustOut,psngRoadPub
22FR,h0022,0.2549403111318762,scr2014,mustOut,psngRoadPub
22FR,h0023,0.23531857539501297,scr2014,mustOut,psngRoadPub
22FR,h0024,0.11660987812931724,scr2014,mustOut,psngRoadPub
23FR,h0001,0.0,scr2014,mustOut,psngRoadPub
23FR,h0002,0.0,scr2014,mustOut,psngRoadPub
23FR,h0003,0.0,scr2014,mustOut,psngRoadPub
23FR,h0004,0.031023466046835035,scr2014,mustOut,psngRoadPub
23FR,h0005,0.10790210500797924,scr2014,mustOut,psngRoadPub
23FR,h0006,0.15645673484310854,scr2014,mustOut,psngRoadPub
23FR,h0007,0.17174066639247026,scr2014,mustOut,psngRoadPub
23FR,h0008,0.14061260142725376,scr2014,mustOut,psngRoadPub
23FR,h0009,0.27983841186427333,scr2014,mustOut,psngRoadPub
23FR,h0010,0.3061050236627132,scr2014,mustOut,psngRoadPub
23FR,h0011,0.2853249073771272,scr2014,mustOut,psngRoadPub
23FR,h0012,0.11660987812931724,scr2014,mustOut,psngRoadPub
23FR,h0013,0.03130010859559864,scr2014,mustOut,psngRoadPub
23FR,h0014,0.005188151206209754,scr2014,mustOut,psngRoadPub
23FR,h0015,0.0,scr2014,mustOut,psngRoadPub
23FR,h0016,0.00535995757654951,scr2014,mustOut,psngRoadPub
23FR,h0017,0.06502645484417215,scr2014,mustOut,psngRoadPub
23FR,h0018,0.18674948763904498,scr2014,mustOut,psngRoadPub
23FR,h0019,0.2626827673024324,scr2014,mustOut,psngRoadPub
23FR,h0020,0.22695960816855384,scr2014,mustOut,psngRoadPub
23FR,h0021,0.23176430466154407,scr2014,mustOut,psngRoadPub
23FR,h0022,0.2549403111318762,scr2014,mustOut,psngRoadPub
23FR,h0023,0.23531857539501297,scr2014,mustOut,psngRoadPub
23FR,h0024,0.11660987812931724,scr2014,mustOut,psngRoadPub
24FR,h0001,0.0,scr2014,mustOut,psngRoadPub
24FR,h0002,0.0,scr2014,mustOut,psngRoadPub
24FR,h0003,0.0,scr2014,mustOut,psngRoadPub
24FR,h0004,0.031023466046835035,scr2014,mustOut,psngRoadPub
24FR,h0005,0.10790210500797924,scr2014,mustOut,psngRoadPub
24FR,h0006,0.15645673484310854,scr2014,mustOut,psngRoadPub
24FR,h0007,0.17174066639247026,scr2014,mustOut,psngRoadPub
24FR,h0008,0.14061260142725376,scr2014,mustOut,psngRoadPub
24FR,h0009,0.27983841186427333,scr2014,mustOut,psngRoadPub
24FR,h0010,0.3061050236627132,scr2014,mustOut,psngRoadPub
24FR,h0011,0.2853249073771272,scr2014,mustOut,psngRoadPub
24FR,h0012,0.11660987812931724,scr2014,mustOut,psngRoadPub
24FR,h0013,0.03130010859559864,scr2014,mustOut,psngRoadPub
24FR,h0014,0.005188151206209754,scr2014,mustOut,psngRoadPub
24FR,h0015,0.0,scr2014,mustOut,psngRoadPub
24FR,h0016,0.00535995757654951,scr2014,mustOut,psngRoadPub
24FR,h0017,0.06502645484417215,scr2014,mustOut,psngRoadPub
24FR,h0018,0.18674948763904498,scr2014,mustOut,psngRoadPub
24FR,h0019,0.2626827673024324,scr2014,mustOut,psngRoadPub
24FR,h0020,0.22695960816855384,scr2014,mustOut,psngRoadPub
24FR,h0021,0.23176430466154407,scr2014,mustOut,psngRoadPub
24FR,h0022,0.2549403111318762,scr2014,mustOut,psngRoadPub
24FR,h0023,0.23531857539501297,scr2014,mustOut,psngRoadPub
24FR,h0024,0.11660987812931724,scr2014,mustOut,psngRoadPub
25FR,h0001,0.0,scr2014,mustOut,psngRoadPub
25FR,h0002,0.0,scr2014,mustOut,psngRoadPub
25FR,h0003,0.0,scr2014,mustOut,psngRoadPub
25FR,h0004,0.031023466046835035,scr2014,mustOut,psngRoadPub
25FR,h0005,0.10790210500797924,scr2014,mustOut,psngRoadPub
25FR,h0006,0.15645673484310854,scr2014,mustOut,psngRoadPub
25FR,h0007,0.17174066639247026,scr2014,mustOut,psngRoadPub
25FR,h0008,0.14061260142725376,scr2014,mustOut,psngRoadPub
25FR,h0009,0.27983841186427333,scr2014,mustOut,psngRoadPub
25FR,h0010,0.3061050236627132,scr2014,mustOut,psngRoadPub
25FR,h0011,0.2853249073771272,scr2014,mustOut,psngRoadPub
25FR,h0012,0.11660987812931724,scr2014,mustOut,psngRoadPub
25FR,h0013,0.03130010859559864,scr2014,mustOut,psngRoadPub
25FR,h0014,0.005188151206209754,scr2014,mustOut,psngRoadPub
25FR,h0015,0.0,scr2014,mustOut,psngRoadPub
25FR,h0016,0.00535995757654951,scr2014,mustOut,psngRoadPub
25FR,h0017,0.06502645484417215,scr2014,mustOut,psngRoadPub
25FR,h0018,0.18674948763904498,scr2014,mustOut,psngRoadPub
25FR,h0019,0.2626827673024324,scr2014,mustOut,psngRoadPub
25FR,h0020,0.22695960816855384,scr2014,mustOut,psngRoadPub
25FR,h0021,0.23176430466154407,scr2014,mustOut,psngRoadPub
25FR,h0022,0.2549403111318762,scr2014,mustOut,psngRoadPub
25FR,h0023,0.23531857539501297,scr2014,mustOut,psngRoadPub
25FR,h0024,0.11660987812931724,scr2014,mustOut,psngRoadPub
26FR,h0001,0.0,scr2014,mustOut,psngRoadPub
26FR,h0002,0.0,scr2014,mustOut,psngRoadPub
26FR,h0003,0.0,scr2014,mustOut,psngRoadPub
26FR,h0004,0.031023466046835035,scr2014,mustOut,psngRoadPub
26FR,h0005,0.10790210500797924,scr2014,mustOut,psngRoadPub
26FR,h0006,0.15645673484310854,scr2014,mustOut,psngRoadPub
26FR,h0007,0.17174066639247026,scr2014,mustOut,psngRoadPub
26FR,h0008,0.14061260142725376,scr2014,mustOut,psngRoadPub
26FR,h0009,0.27983841186427333,scr2014,mustOut,psngRoadPub
26FR,h0010,0.3061050236627132,scr2014,mustOut,psngRoadPub
26FR,h0011,0.2853249073771272,scr2014,mustOut,psngRoadPub
26FR,h0012,0.11660987812931724,scr2014,mustOut,psngRoadPub
26FR,h0013,0.03130010859559864,scr2014,mustOut,psngRoadPub
26FR,h0014,0.005188151206209754,scr2014,mustOut,psngRoadPub
26FR,h0015,0.0,scr2014,mustOut,psngRoadPub
26FR,h0016,0.00535995757654951,scr2014,mustOut,psngRoadPub
26FR,h0017,0.06502645484417215,scr2014,mustOut,psngRoadPub
26FR,h0018,0.18674948763904498,scr2014,mustOut,psngRoadPub
26FR,h0019,0.2626827673024324,scr2014,mustOut,psngRoadPub
26FR,h0020,0.22695960816855384,scr2014,mustOut,psngRoadPub
26FR,h0021,0.23176430466154407,scr2014,mustOut,psngRoadPub
26FR,h0022,0.2549403111318762,scr2014,mustOut,psngRoadPub
26FR,h0023,0.23531857539501297,scr2014,mustOut,psngRoadPub
26FR,h0024,0.11660987812931724,scr2014,mustOut,psngRoadPub
27FR,h0001,0.0,scr2014,mustOut,psngRoadPub
27FR,h0002,0.0,scr2014,mustOut,psngRoadPub
27FR,h0003,0.0,scr2014,mustOut,psngRoadPub
27FR,h0004,0.031023466046835035,scr2014,mustOut,psngRoadPub
27FR,h0005,0.10790210500797924,scr2014,mustOut,psngRoadPub
27FR,h0006,0.15645673484310854,scr2014,mustOut,psngRoadPub
27FR,h0007,0.17174066639247026,scr2014,mustOut,psngRoadPub
27FR,h0008,0.14061260142725376,scr2014,mustOut,psngRoadPub
27FR,h0009,0.27983841186427333,scr2014,mustOut,psngRoadPub
27FR,h0010,0.3061050236627132,scr2014,mustOut,psngRoadPub
27FR,h0011,0.2853249073771272,scr2014,mustOut,psngRoadPub
27FR,h0012,0.11660987812931724,scr2014,mustOut,psngRoadPub
27FR,h0013,0.03130010859559864,scr2014,mustOut,psngRoadPub
27FR,h0014,0.005188151206209754,scr2014,mustOut,psngRoadPub
27FR,h0015,0.0,scr2014,mustOut,psngRoadPub
27FR,h0016,0.00535995757654951,scr2014,mustOut,psngRoadPub
27FR,h0017,0.06502645484417215,scr2014,mustOut,psngRoadPub
27FR,h0018,0.18674948763904498,scr2014,mustOut,psngRoadPub
27FR,h0019,0.2626827673024324,scr2014,mustOut,psngRoadPub
27FR,h0020,0.22695960816855384,scr2014,mustOut,psngRoadPub
27FR,h0021,0.23176430466154407,scr2014,mustOut,psngRoadPub
27FR,h0022,0.2549403111318762,scr2014,mustOut,psngRoadPub
27FR,h0023,0.23531857539501297,scr2014,mustOut,psngRoadPub
27FR,h0024,0.11660987812931724,scr2014,mustOut,psngRoadPub
28BE,h0001,0.0,scr2014,mustOut,psngRoadPub
28BE,h0002,0.0,scr2014,mustOut,psngRoadPub
28BE,h0003,0.0,scr2014,mustOut,psngRoadPub
28BE,h0004,0.031023466046835035,scr2014,mustOut,psngRoadPub
28BE,h0005,0.10790210500797924,scr2014,mustOut,psngRoadPub
28BE,h0006,0.15645673484310854,scr2014,mustOut,psngRoadPub
28BE,h0007,0.17174066639247026,scr2014,mustOut,psngRoadPub
28BE,h0008,0.14061260142725376,scr2014,mustOut,psngRoadPub
28BE,h0009,0.27983841186427333,scr2014,mustOut,psngRoadPub
28BE,h0010,0.3061050236627132,scr2014,mustOut,psngRoadPub
28BE,h0011,0.2853249073771272,scr2014,mustOut,psngRoadPub
28BE,h0012,0.11660987812931724,scr2014,mustOut,psngRoadPub
28BE,h0013,0.03130010859559864,scr2014,mustOut,psngRoadPub
28BE,h0014,0.005188151206209754,scr2014,mustOut,psngRoadPub
28BE,h0015,0.0,scr2014,mustOut,psngRoadPub
28BE,h0016,0.00535995757654951,scr2014,mustOut,psngRoadPub
28BE,h0017,0.06502645484417215,scr2014,mustOut,psngRoadPub
28BE,h0018,0.18674948763904498,scr2014,mustOut,psngRoadPub
28BE,h0019,0.2626827673024324,scr2014,mustOut,psngRoadPub
28BE,h0020,0.22695960816855384,scr2014,mustOut,psngRoadPub
28BE,h0021,0.23176430466154407,scr2014,mustOut,psngRoadPub
28BE,h0022,0.2549403111318762,scr2014,mustOut,psngRoadPub
28BE,h0023,0.23531857539501297,scr2014,mustOut,psngRoadPub
28BE,h0024,0.11660987812931724,scr2014,mustOut,psngRoadPub
29LU,h0001,0.0,scr2014,mustOut,psngRoadPub
29LU,h0002,0.0,scr2014,mustOut,psngRoadPub
29LU,h0003,0.0,scr2014,mustOut,psngRoadPub
29LU,h0004,0.031023466046835035,scr2014,mustOut,psngRoadPub
29LU,h0005,0.10790210500797924,scr2014,mustOut,psngRoadPub
29LU,h0006,0.15645673484310854,scr2014,mustOut,psngRoadPub
29LU,h0007,0.17174066639247026,scr2014,mustOut,psngRoadPub
29LU,h0008,0.14061260142725376,scr2014,mustOut,psngRoadPub
29LU,h0009,0.27983841186427333,scr2014,mustOut,psngRoadPub
29LU,h0010,0.3061050236627132,scr2014,mustOut,psngRoadPub
29LU,h0011,0.2853249073771272,scr2014,mustOut,psngRoadPub
29LU,h0012,0.11660987812931724,scr2014,mustOut,psngRoadPub
29LU,h0013,0.03130010859559864,scr2014,mustOut,psngRoadPub
29LU,h0014,0.005188151206209754,scr2014,mustOut,psngRoadPub
29LU,h0015,0.0,scr2014,mustOut,psngRoadPub
29LU,h0016,0.00535995757654951,scr2014,mustOut,psngRoadPub
29LU,h0017,0.06502645484417215,scr2014,mustOut,psngRoadPub
29LU,h0018,0.18674948763904498,scr2014,mustOut,psngRoadPub
29LU,h0019,0.2626827673024324,scr2014,mustOut,psngRoadPub
29LU,h0020,0.22695960816855384,scr2014,mustOut,psngRoadPub
29LU,h0021,0.23176430466154407,scr2014,mustOut,psngRoadPub
29LU,h0022,0.2549403111318762,scr2014,mustOut,psngRoadPub
29LU,h0023,0.23531857539501297,scr2014,mustOut,psngRoadPub
29LU,h0024,0.11660987812931724,scr2014,mustOut,psngRoadPub
30NL,h0001,0.0,scr2014,mustOut,psngRoadPub
30NL,h0002,0.0,scr2014,mustOut,psngRoadPub
30NL,h0003,0.0,scr2014,mustOut,psngRoadPub
30NL,h0004,0.031023466046835035,scr2014,mustOut,psngRoadPub
30NL,h0005,0.10790210500797924,scr2014,mustOut,psngRoadPub
30NL,h0006,0.15645673484310854,scr2014,mustOut,psngRoadPub
30NL,h0007,0.17174066639247026,scr2014,mustOut,psngRoadPub
30NL,h0008,0.14061260142725376,scr2014,mustOut,psngRoadPub
30NL,h0009,0.27983841186427333,scr2014,mustOut,psngRoadPub
30NL,h0010,0.3061050236627132,scr2014,mustOut,psngRoadPub
30NL,h0011,0.2853249073771272,scr2014,mustOut,psngRoadPub
30NL,h0012,0.11660987812931724,scr2014,mustOut,psngRoadPub
30NL,h0013,0.03130010859559864,scr2014,mustOut,psngRoadPub
30NL,h0014,0.005188151206209754,scr2014,mustOut,psngRoadPub
30NL,h0015,0.0,scr2014,mustOut,psngRoadPub
30NL,h0016,0.00535995757654951,scr2014,mustOut,psngRoadPub
30NL,h0017,0.06502645484417215,scr2014,mustOut,psngRoadPub
30NL,h0018,0.18674948763904498,scr2014,mustOut,psngRoadPub
30NL,h0019,0.2626827673024324,scr2014,mustOut,psngRoadPub
30NL,h0020,0.22695960816855384,scr2014,mustOut,psngRoadPub
30NL,h0021,0.23176430466154407,scr2014,mustOut,psngRoadPub
30NL,h0022,0.2549403111318762,scr2014,mustOut,psngRoadPub
30NL,h0023,0.23531857539501297,scr2014,mustOut,psngRoadPub
30NL,h0024,0.11660987812931724,scr2014,mustOut,psngRoadPub
31DE,h0001,0.0,scr2014,mustOut,psngRoadPub
31DE,h0002,0.0,scr2014,mustOut,psngRoadPub
31DE,h0003,0.0,scr2014,mustOut,psngRoadPub
31DE,h0004,0.031023466046835035,scr2014,mustOut,psngRoadPub
31DE,h0005,0.10790210500797924,scr2014,mustOut,psngRoadPub
31DE,h0006,0.15645673484310854,scr2014,mustOut,psngRoadPub
31DE,h0007,0.17174066639247026,scr2014,mustOut,psngRoadPub
31DE,h0008,0.14061260142725376,scr2014,mustOut,psngRoadPub
31DE,h0009,0.27983841186427333,scr2014,mustOut,psngRoadPub
31DE,h0010,0.3061050236627132,scr2014,mustOut,psngRoadPub
31DE,h0011,0.2853249073771272,scr2014,mustOut,psngRoadPub
31DE,h0012,0.11660987812931724,scr2014,mustOut,psngRoadPub
31DE,h0013,0.03130010859559864,scr2014,mustOut,psngRoadPub
31DE,h0014,0.005188151206209754,scr2014,mustOut,psngRoadPub
31DE,h0015,0.0,scr2014,mustOut,psngRoadPub
31DE,h0016,0.00535995757654951,scr2014,mustOut,psngRoadPub
31DE,h0017,0.06502645484417215,scr2014,mustOut,psngRoadPub
31DE,h0018,0.18674948763904498,scr2014,mustOut,psngRoadPub
31DE,h0019,0.2626827673024324,scr2014,mustOut,psngRoadPub
31DE,h0020,0.22695960816855384,scr2014,mustOut,psngRoadPub
31DE,h0021,0.23176430466154407,scr2014,mustOut,psngRoadPub
31DE,h0022,0.2549403111318762,scr2014,mustOut,psngRoadPub
31DE,h0023,0.23531857539501297,scr2014,mustOut,psngRoadPub
31DE,h0024,0.11660987812931724,scr2014,mustOut,psngRoadPub
32DE,h0001,0.0,scr2014,mustOut,psngRoadPub
32DE,h0002,0.0,scr2014,mustOut,psngRoadPub
32DE,h0003,0.0,scr2014,mustOut,psngRoadPub
32DE,h0004,0.031023466046835035,scr2014,mustOut,psngRoadPub
32DE,h0005,0.10790210500797924,scr2014,mustOut,psngRoadPub
32DE,h0006,0.15645673484310854,scr2014,mustOut,psngRoadPub
32DE,h0007,0.17174066639247026,scr2014,mustOut,psngRoadPub
32DE,h0008,0.14061260142725376,scr2014,mustOut,psngRoadPub
32DE,h0009,0.27983841186427333,scr2014,mustOut,psngRoadPub
32DE,h0010,0.3061050236627132,scr2014,mustOut,psngRoadPub
32DE,h0011,0.2853249073771272,scr2014,mustOut,psngRoadPub
32DE,h0012,0.11660987812931724,scr2014,mustOut,psngRoadPub
32DE,h0013,0.03130010859559864,scr2014,mustOut,psngRoadPub
32DE,h0014,0.005188151206209754,scr2014,mustOut,psngRoadPub
32DE,h0015,0.0,scr2014,mustOut,psngRoadPub
32DE,h0016,0.00535995757654951,scr2014,mustOut,psngRoadPub
32DE,h0017,0.06502645484417215,scr2014,mustOut,psngRoadPub
32DE,h0018,0.18674948763904498,scr2014,mustOut,psngRoadPub
32DE,h0019,0.2626827673024324,scr2014,mustOut,psngRoadPub
32DE,h0020,0.22695960816855384,scr2014,mustOut,psngRoadPub
32DE,h0021,0.23176430466154407,scr2014,mustOut,psngRoadPub
32DE,h0022,0.2549403111318762,scr2014,mustOut,psngRoadPub
32DE,h0023,0.23531857539501297,scr2014,mustOut,psngRoadPub
32DE,h0024,0.11660987812931724,scr2014,mustOut,psngRoadPub
33DE,h0001,0.0,scr2014,mustOut,psngRoadPub
33DE,h0002,0.0,scr2014,mustOut,psngRoadPub
33DE,h0003,0.0,scr2014,mustOut,psngRoadPub
33DE,h0004,0.031023466046835035,scr2014,mustOut,psngRoadPub
33DE,h0005,0.10790210500797924,scr2014,mustOut,psngRoadPub
33DE,h0006,0.15645673484310854,scr2014,mustOut,psngRoadPub
33DE,h0007,0.17174066639247026,scr2014,mustOut,psngRoadPub
33DE,h0008,0.14061260142725376,scr2014,mustOut,psngRoadPub
33DE,h0009,0.27983841186427333,scr2014,mustOut,psngRoadPub
33DE,h0010,0.3061050236627132,scr2014,mustOut,psngRoadPub
33DE,h0011,0.2853249073771272,scr2014,mustOut,psngRoadPub
33DE,h0012,0.11660987812931724,scr2014,mustOut,psngRoadPub
33DE,h0013,0.03130010859559864,scr2014,mustOut,psngRoadPub
33DE,h0014,0.005188151206209754,scr2014,mustOut,psngRoadPub
33DE,h0015,0.0,scr2014,mustOut,psngRoadPub
33DE,h0016,0.00535995757654951,scr2014,mustOut,psngRoadPub
33DE,h0017,0.06502645484417215,scr2014,mustOut,psngRoadPub
33DE,h0018,0.18674948763904498,scr2014,mustOut,psngRoadPub
33DE,h0019,0.2626827673024324,scr2014,mustOut,psngRoadPub
33DE,h0020,0.22695960816855384,scr2014,mustOut,psngRoadPub
33DE,h0021,0.23176430466154407,scr2014,mustOut,psngRoadPub
33DE,h0022,0.2549403111318762,scr2014,mustOut,psngRoadPub
33DE,h0023,0.23531857539501297,scr2014,mustOut,psngRoadPub
33DE,h0024,0.11660987812931724,scr2014,mustOut,psngRoadPub
34DE,h0001,0.0,scr2014,mustOut,psngRoadPub
34DE,h0002,0.0,scr2014,mustOut,psngRoadPub
34DE,h0003,0.0,scr2014,mustOut,psngRoadPub
34DE,h0004,0.031023466046835035,scr2014,mustOut,psngRoadPub
34DE,h0005,0.10790210500797924,scr2014,mustOut,psngRoadPub
34DE,h0006,0.15645673484310854,scr2014,mustOut,psngRoadPub
34DE,h0007,0.17174066639247026,scr2014,mustOut,psngRoadPub
34DE,h0008,0.14061260142725376,scr2014,mustOut,psngRoadPub
34DE,h0009,0.27983841186427333,scr2014,mustOut,psngRoadPub
34DE,h0010,0.3061050236627132,scr2014,mustOut,psngRoadPub
34DE,h0011,0.2853249073771272,scr2014,mustOut,psngRoadPub
34DE,h0012,0.11660987812931724,scr2014,mustOut,psngRoadPub
34DE,h0013,0.03130010859559864,scr2014,mustOut,psngRoadPub
34DE,h0014,0.005188151206209754,scr2014,mustOut,psngRoadPub
34DE,h0015,0.0,scr2014,mustOut,psngRoadPub
34DE,h0016,0.00535995757654951,scr2014,mustOut,psngRoadPub
34DE,h0017,0.06502645484417215,scr2014,mustOut,psngRoadPub
34DE,h0018,0.18674948763904498,scr2014,mustOut,psngRoadPub
34DE,h0019,0.2626827673024324,scr2014,mustOut,psngRoadPub
34DE,h0020,0.22695960816855384,scr2014,mustOut,psngRoadPub
34DE,h0021,0.23176430466154407,scr2014,mustOut,psngRoadPub
34DE,h0022,0.2549403111318762,scr2014,mustOut,psngRoadPub
34DE,h0023,0.23531857539501297,scr2014,mustOut,psngRoadPub
34DE,h0024,0.11660987812931724,scr2014,mustOut,psngRoadPub
35DE,h0001,0.0,scr2014,mustOut,psngRoadPub
35DE,h0002,0.0,scr2014,mustOut,psngRoadPub
35DE,h0003,0.0,scr2014,mustOut,psngRoadPub
35DE,h0004,0.031023466046835035,scr2014,mustOut,psngRoadPub
35DE,h0005,0.10790210500797924,scr2014,mustOut,psngRoadPub
35DE,h0006,0.15645673484310854,scr2014,mustOut,psngRoadPub
35DE,h0007,0.17174066639247026,scr2014,mustOut,psngRoadPub
35DE,h0008,0.14061260142725376,scr2014,mustOut,psngRoadPub
35DE,h0009,0.27983841186427333,scr2014,mustOut,psngRoadPub
35DE,h0010,0.3061050236627132,scr2014,mustOut,psngRoadPub
35DE,h0011,0.2853249073771272,scr2014,mustOut,psngRoadPub
35DE,h0012,0.11660987812931724,scr2014,mustOut,psngRoadPub
35DE,h0013,0.03130010859559864,scr2014,mustOut,psngRoadPub
35DE,h0014,0.005188151206209754,scr2014,mustOut,psngRoadPub
35DE,h0015,0.0,scr2014,mustOut,psngRoadPub
35DE,h0016,0.00535995757654951,scr2014,mustOut,psngRoadPub
35DE,h0017,0.06502645484417215,scr2014,mustOut,psngRoadPub
35DE,h0018,0.18674948763904498,scr2014,mustOut,psngRoadPub
35DE,h0019,0.2626827673024324,scr2014,mustOut,psngRoadPub
35DE,h0020,0.22695960816855384,scr2014,mustOut,psngRoadPub
35DE,h0021,0.23176430466154407,scr2014,mustOut,psngRoadPub
35DE,h0022,0.2549403111318762,scr2014,mustOut,psngRoadPub
35DE,h0023,0.23531857539501297,scr2014,mustOut,psngRoadPub
35DE,h0024,0.11660987812931724,scr2014,mustOut,psngRoadPub
36DE,h0001,0.0,scr2014,mustOut,psngRoadPub
36DE,h0002,0.0,scr2014,mustOut,psngRoadPub
36DE,h0003,0.0,scr2014,mustOut,psngRoadPub
36DE,h0004,0.031023466046835035,scr2014,mustOut,psngRoadPub
36DE,h0005,0.10790210500797924,scr2014,mustOut,psngRoadPub
36DE,h0006,0.15645673484310854,scr2014,mustOut,psngRoadPub
36DE,h0007,0.17174066639247026,scr2014,mustOut,psngRoadPub
36DE,h0008,0.14061260142725376,scr2014,mustOut,psngRoadPub
36DE,h0009,0.27983841186427333,scr2014,mustOut,psngRoadPub
36DE,h0010,0.3061050236627132,scr2014,mustOut,psngRoadPub
36DE,h0011,0.2853249073771272,scr2014,mustOut,psngRoadPub
36DE,h0012,0.11660987812931724,scr2014,mustOut,psngRoadPub
36DE,h0013,0.03130010859559864,scr2014,mustOut,psngRoadPub
36DE,h0014,0.005188151206209754,scr2014,mustOut,psngRoadPub
36DE,h0015,0.0,scr2014,mustOut,psngRoadPub
36DE,h0016,0.00535995757654951,scr2014,mustOut,psngRoadPub
36DE,h0017,0.06502645484417215,scr2014,mustOut,psngRoadPub
36DE,h0018,0.18674948763904498,scr2014,mustOut,psngRoadPub
36DE,h0019,0.2626827673024324,scr2014,mustOut,psngRoadPub
36DE,h0020,0.22695960816855384,scr2014,mustOut,psngRoadPub
36DE,h0021,0.23176430466154407,scr2014,mustOut,psngRoadPub
36DE,h0022,0.2549403111318762,scr2014,mustOut,psngRoadPub
36DE,h0023,0.23531857539501297,scr2014,mustOut,psngRoadPub
36DE,h0024,0.11660987812931724,scr2014,mustOut,psngRoadPub
37DE,h0001,0.0,scr2014,mustOut,psngRoadPub
37DE,h0002,0.0,scr2014,mustOut,psngRoadPub
37DE,h0003,0.0,scr2014,mustOut,psngRoadPub
37DE,h0004,0.031023466046835035,scr2014,mustOut,psngRoadPub
37DE,h0005,0.10790210500797924,scr2014,mustOut,psngRoadPub
37DE,h0006,0.15645673484310854,scr2014,mustOut,psngRoadPub
37DE,h0007,0.17174066639247026,scr2014,mustOut,psngRoadPub
37DE,h0008,0.14061260142725376,scr2014,mustOut,psngRoadPub
37DE,h0009,0.27983841186427333,scr2014,mustOut,psngRoadPub
37DE,h0010,0.3061050236627132,scr2014,mustOut,psngRoadPub
37DE,h0011,0.2853249073771272,scr2014,mustOut,psngRoadPub
37DE,h0012,0.11660987812931724,scr2014,mustOut,psngRoadPub
37DE,h0013,0.03130010859559864,scr2014,mustOut,psngRoadPub
37DE,h0014,0.005188151206209754,scr2014,mustOut,psngRoadPub
37DE,h0015,0.0,scr2014,mustOut,psngRoadPub
37DE,h0016,0.00535995757654951,scr2014,mustOut,psngRoadPub
37DE,h0017,0.06502645484417215,scr2014,mustOut,psngRoadPub
37DE,h0018,0.18674948763904498,scr2014,mustOut,psngRoadPub
37DE,h0019,0.2626827673024324,scr2014,mustOut,psngRoadPub
37DE,h0020,0.22695960816855384,scr2014,mustOut,psngRoadPub
37DE,h0021,0.23176430466154407,scr2014,mustOut,psngRoadPub
37DE,h0022,0.2549403111318762,scr2014,mustOut,psngRoadPub
37DE,h0023,0.23531857539501297,scr2014,mustOut,psngRoadPub
37DE,h0024,0.11660987812931724,scr2014,mustOut,psngRoadPub
38DK,h0001,0.0,scr2014,mustOut,psngRoadPub
38DK,h0002,0.0,scr2014,mustOut,psngRoadPub
38DK,h0003,0.0,scr2014,mustOut,psngRoadPub
38DK,h0004,0.031023466046835035,scr2014,mustOut,psngRoadPub
38DK,h0005,0.10790210500797924,scr2014,mustOut,psngRoadPub
38DK,h0006,0.15645673484310854,scr2014,mustOut,psngRoadPub
38DK,h0007,0.17174066639247026,scr2014,mustOut,psngRoadPub
38DK,h0008,0.14061260142725376,scr2014,mustOut,psngRoadPub
38DK,h0009,0.27983841186427333,scr2014,mustOut,psngRoadPub
38DK,h0010,0.3061050236627132,scr2014,mustOut,psngRoadPub
38DK,h0011,0.2853249073771272,scr2014,mustOut,psngRoadPub
38DK,h0012,0.11660987812931724,scr2014,mustOut,psngRoadPub
38DK,h0013,0.03130010859559864,scr2014,mustOut,psngRoadPub
38DK,h0014,0.005188151206209754,scr2014,mustOut,psngRoadPub
38DK,h0015,0.0,scr2014,mustOut,psngRoadPub
38DK,h0016,0.00535995757654951,scr2014,mustOut,psngRoadPub
38DK,h0017,0.06502645484417215,scr2014,mustOut,psngRoadPub
38DK,h0018,0.18674948763904498,scr2014,mustOut,psngRoadPub
38DK,h0019,0.2626827673024324,scr2014,mustOut,psngRoadPub
38DK,h0020,0.22695960816855384,scr2014,mustOut,psngRoadPub
38DK,h0021,0.23176430466154407,scr2014,mustOut,psngRoadPub
38DK,h0022,0.2549403111318762,scr2014,mustOut,psngRoadPub
38DK,h0023,0.23531857539501297,scr2014,mustOut,psngRoadPub
38DK,h0024,0.11660987812931724,scr2014,mustOut,psngRoadPub
39CZ,h0001,0.0,scr2014,mustOut,psngRoadPub
39CZ,h0002,0.0,scr2014,mustOut,psngRoadPub
39CZ,h0003,0.0,scr2014,mustOut,psngRoadPub
39CZ,h0004,0.031023466046835035,scr2014,mustOut,psngRoadPub
39CZ,h0005,0.10790210500797924,scr2014,mustOut,psngRoadPub
39CZ,h0006,0.15645673484310854,scr2014,mustOut,psngRoadPub
39CZ,h0007,0.17174066639247026,scr2014,mustOut,psngRoadPub
39CZ,h0008,0.14061260142725376,scr2014,mustOut,psngRoadPub
39CZ,h0009,0.27983841186427333,scr2014,mustOut,psngRoadPub
39CZ,h0010,0.3061050236627132,scr2014,mustOut,psngRoadPub
39CZ,h0011,0.2853249073771272,scr2014,mustOut,psngRoadPub
39CZ,h0012,0.11660987812931724,scr2014,mustOut,psngRoadPub
39CZ,h0013,0.03130010859559864,scr2014,mustOut,psngRoadPub
39CZ,h0014,0.005188151206209754,scr2014,mustOut,psngRoadPub
39CZ,h0015,0.0,scr2014,mustOut,psngRoadPub
39CZ,h0016,0.00535995757654951,scr2014,mustOut,psngRoadPub
39CZ,h0017,0.06502645484417215,scr2014,mustOut,psngRoadPub
39CZ,h0018,0.18674948763904498,scr2014,mustOut,psngRoadPub
39CZ,h0019,0.2626827673024324,scr2014,mustOut,psngRoadPub
39CZ,h0020,0.22695960816855384,scr2014,mustOut,psngRoadPub
39CZ,h0021,0.23176430466154407,scr2014,mustOut,psngRoadPub
39CZ,h0022,0.2549403111318762,scr2014,mustOut,psngRoadPub
39CZ,h0023,0.23531857539501297,scr2014,mustOut,psngRoadPub
39CZ,h0024,0.11660987812931724,scr2014,mustOut,psngRoadPub
40CZ,h0001,0.0,scr2014,mustOut,psngRoadPub
40CZ,h0002,0.0,scr2014,mustOut,psngRoadPub
40CZ,h0003,0.0,scr2014,mustOut,psngRoadPub
40CZ,h0004,0.031023466046835035,scr2014,mustOut,psngRoadPub
40CZ,h0005,0.10790210500797924,scr2014,mustOut,psngRoadPub
40CZ,h0006,0.15645673484310854,scr2014,mustOut,psngRoadPub
40CZ,h0007,0.17174066639247026,scr2014,mustOut,psngRoadPub
40CZ,h0008,0.14061260142725376,scr2014,mustOut,psngRoadPub
40CZ,h0009,0.27983841186427333,scr2014,mustOut,psngRoadPub
40CZ,h0010,0.3061050236627132,scr2014,mustOut,psngRoadPub
40CZ,h0011,0.2853249073771272,scr2014,mustOut,psngRoadPub
40CZ,h0012,0.11660987812931724,scr2014,mustOut,psngRoadPub
40CZ,h0013,0.03130010859559864,scr2014,mustOut,psngRoadPub
40CZ,h0014,0.005188151206209754,scr2014,mustOut,psngRoadPub
40CZ,h0015,0.0,scr2014,mustOut,psngRoadPub
40CZ,h0016,0.00535995757654951,scr2014,mustOut,psngRoadPub
40CZ,h0017,0.06502645484417215,scr2014,mustOut,psngRoadPub
40CZ,h0018,0.18674948763904498,scr2014,mustOut,psngRoadPub
40CZ,h0019,0.2626827673024324,scr2014,mustOut,psngRoadPub
40CZ,h0020,0.22695960816855384,scr2014,mustOut,psngRoadPub
40CZ,h0021,0.23176430466154407,scr2014,mustOut,psngRoadPub
40CZ,h0022,0.2549403111318762,scr2014,mustOut,psngRoadPub
40CZ,h0023,0.23531857539501297,scr2014,mustOut,psngRoadPub
40CZ,h0024,0.11660987812931724,scr2014,mustOut,psngRoadPub
41PL,h0001,0.0,scr2014,mustOut,psngRoadPub
41PL,h0002,0.0,scr2014,mustOut,psngRoadPub
41PL,h0003,0.0,scr2014,mustOut,psngRoadPub
41PL,h0004,0.031023466046835035,scr2014,mustOut,psngRoadPub
41PL,h0005,0.10790210500797924,scr2014,mustOut,psngRoadPub
41PL,h0006,0.15645673484310854,scr2014,mustOut,psngRoadPub
41PL,h0007,0.17174066639247026,scr2014,mustOut,psngRoadPub
41PL,h0008,0.14061260142725376,scr2014,mustOut,psngRoadPub
41PL,h0009,0.27983841186427333,scr2014,mustOut,psngRoadPub
41PL,h0010,0.3061050236627132,scr2014,mustOut,psngRoadPub
41PL,h0011,0.2853249073771272,scr2014,mustOut,psngRoadPub
41PL,h0012,0.11660987812931724,scr2014,mustOut,psngRoadPub
41PL,h0013,0.03130010859559864,scr2014,mustOut,psngRoadPub
41PL,h0014,0.005188151206209754,scr2014,mustOut,psngRoadPub
41PL,h0015,0.0,scr2014,mustOut,psngRoadPub
41PL,h0016,0.00535995757654951,scr2014,mustOut,psngRoadPub
41PL,h0017,0.06502645484417215,scr2014,mustOut,psngRoadPub
41PL,h0018,0.18674948763904498,scr2014,mustOut,psngRoadPub
41PL,h0019,0.2626827673024324,scr2014,mustOut,psngRoadPub
41PL,h0020,0.22695960816855384,scr2014,mustOut,psngRoadPub
41PL,h0021,0.23176430466154407,scr2014,mustOut,psngRoadPub
41PL,h0022,0.2549403111318762,scr2014,mustOut,psngRoadPub
41PL,h0023,0.23531857539501297,scr2014,mustOut,psngRoadPub
41PL,h0024,0.11660987812931724,scr2014,mustOut,psngRoadPub
42PL,h0001,0.0,scr2014,mustOut,psngRoadPub
42PL,h0002,0.0,scr2014,mustOut,psngRoadPub
42PL,h0003,0.0,scr2014,mustOut,psngRoadPub
42PL,h0004,0.031023466046835035,scr2014,mustOut,psngRoadPub
42PL,h0005,0.10790210500797924,scr2014,mustOut,psngRoadPub
42PL,h0006,0.15645673484310854,scr2014,mustOut,psngRoadPub
42PL,h0007,0.17174066639247026,scr2014,mustOut,psngRoadPub
42PL,h0008,0.14061260142725376,scr2014,mustOut,psngRoadPub
42PL,h0009,0.27983841186427333,scr2014,mustOut,psngRoadPub
42PL,h0010,0.3061050236627132,scr2014,mustOut,psngRoadPub
42PL,h0011,0.2853249073771272,scr2014,mustOut,psngRoadPub
42PL,h0012,0.11660987812931724,scr2014,mustOut,psngRoadPub
42PL,h0013,0.03130010859559864,scr2014,mustOut,psngRoadPub
42PL,h0014,0.005188151206209754,scr2014,mustOut,psngRoadPub
42PL,h0015,0.0,scr2014,mustOut,psngRoadPub
42PL,h0016,0.00535995757654951,scr2014,mustOut,psngRoadPub
42PL,h0017,0.06502645484417215,scr2014,mustOut,psngRoadPub
42PL,h0018,0.18674948763904498,scr2014,mustOut,psngRoadPub
42PL,h0019,0.2626827673024324,scr2014,mustOut,psngRoadPub
42PL,h0020,0.22695960816855384,scr2014,mustOut,psngRoadPub
42PL,h0021,0.23176430466154407,scr2014,mustOut,psngRoadPub
42PL,h0022,0.2549403111318762,scr2014,mustOut,psngRoadPub
42PL,h0023,0.23531857539501297,scr2014,mustOut,psngRoadPub
42PL,h0024,0.11660987812931724,scr2014,mustOut,psngRoadPub
43PL,h0001,0.0,scr2014,mustOut,psngRoadPub
43PL,h0002,0.0,scr2014,mustOut,psngRoadPub
43PL,h0003,0.0,scr2014,mustOut,psngRoadPub
43PL,h0004,0.031023466046835035,scr2014,mustOut,psngRoadPub
43PL,h0005,0.10790210500797924,scr2014,mustOut,psngRoadPub
43PL,h0006,0.15645673484310854,scr2014,mustOut,psngRoadPub
43PL,h0007,0.17174066639247026,scr2014,mustOut,psngRoadPub
43PL,h0008,0.14061260142725376,scr2014,mustOut,psngRoadPub
43PL,h0009,0.27983841186427333,scr2014,mustOut,psngRoadPub
43PL,h0010,0.3061050236627132,scr2014,mustOut,psngRoadPub
43PL,h0011,0.2853249073771272,scr2014,mustOut,psngRoadPub
43PL,h0012,0.11660987812931724,scr2014,mustOut,psngRoadPub
43PL,h0013,0.03130010859559864,scr2014,mustOut,psngRoadPub
43PL,h0014,0.005188151206209754,scr2014,mustOut,psngRoadPub
43PL,h0015,0.0,scr2014,mustOut,psngRoadPub
43PL,h0016,0.00535995757654951,scr2014,mustOut,psngRoadPub
43PL,h0017,0.06502645484417215,scr2014,mustOut,psngRoadPub
43PL,h0018,0.18674948763904498,scr2014,mustOut,psngRoadPub
43PL,h0019,0.2626827673024324,scr2014,mustOut,psngRoadPub
43PL,h0020,0.22695960816855384,scr2014,mustOut,psngRoadPub
43PL,h0021,0.23176430466154407,scr2014,mustOut,psngRoadPub
43PL,h0022,0.2549403111318762,scr2014,mustOut,psngRoadPub
43PL,h0023,0.23531857539501297,scr2014,mustOut,psngRoadPub
43PL,h0024,0.11660987812931724,scr2014,mustOut,psngRoadPub
44PL,h0001,0.0,scr2014,mustOut,psngRoadPub
44PL,h0002,0.0,scr2014,mustOut,psngRoadPub
44PL,h0003,0.0,scr2014,mustOut,psngRoadPub
44PL,h0004,0.031023466046835035,scr2014,mustOut,psngRoadPub
44PL,h0005,0.10790210500797924,scr2014,mustOut,psngRoadPub
44PL,h0006,0.15645673484310854,scr2014,mustOut,psngRoadPub
44PL,h0007,0.17174066639247026,scr2014,mustOut,psngRoadPub
44PL,h0008,0.14061260142725376,scr2014,mustOut,psngRoadPub
44PL,h0009,0.27983841186427333,scr2014,mustOut,psngRoadPub
44PL,h0010,0.3061050236627132,scr2014,mustOut,psngRoadPub
44PL,h0011,0.2853249073771272,scr2014,mustOut,psngRoadPub
44PL,h0012,0.11660987812931724,scr2014,mustOut,psngRoadPub
44PL,h0013,0.03130010859559864,scr2014,mustOut,psngRoadPub
44PL,h0014,0.005188151206209754,scr2014,mustOut,psngRoadPub
44PL,h0015,0.0,scr2014,mustOut,psngRoadPub
44PL,h0016,0.00535995757654951,scr2014,mustOut,psngRoadPub
44PL,h0017,0.06502645484417215,scr2014,mustOut,psngRoadPub
44PL,h0018,0.18674948763904498,scr2014,mustOut,psngRoadPub
44PL,h0019,0.2626827673024324,scr2014,mustOut,psngRoadPub
44PL,h0020,0.22695960816855384,scr2014,mustOut,psngRoadPub
44PL,h0021,0.23176430466154407,scr2014,mustOut,psngRoadPub
44PL,h0022,0.2549403111318762,scr2014,mustOut,psngRoadPub
44PL,h0023,0.23531857539501297,scr2014,mustOut,psngRoadPub
44PL,h0024,0.11660987812931724,scr2014,mustOut,psngRoadPub
45PL,h0001,0.0,scr2014,mustOut,psngRoadPub
45PL,h0002,0.0,scr2014,mustOut,psngRoadPub
45PL,h0003,0.0,scr2014,mustOut,psngRoadPub
45PL,h0004,0.031023466046835035,scr2014,mustOut,psngRoadPub
45PL,h0005,0.10790210500797924,scr2014,mustOut,psngRoadPub
45PL,h0006,0.15645673484310854,scr2014,mustOut,psngRoadPub
45PL,h0007,0.17174066639247026,scr2014,mustOut,psngRoadPub
45PL,h0008,0.14061260142725376,scr2014,mustOut,psngRoadPub
45PL,h0009,0.27983841186427333,scr2014,mustOut,psngRoadPub
45PL,h0010,0.3061050236627132,scr2014,mustOut,psngRoadPub
45PL,h0011,0.2853249073771272,scr2014,mustOut,psngRoadPub
45PL,h0012,0.11660987812931724,scr2014,mustOut,psngRoadPub
45PL,h0013,0.03130010859559864,scr2014,mustOut,psngRoadPub
45PL,h0014,0.005188151206209754,scr2014,mustOut,psngRoadPub
45PL,h0015,0.0,scr2014,mustOut,psngRoadPub
45PL,h0016,0.00535995757654951,scr2014,mustOut,psngRoadPub
45PL,h0017,0.06502645484417215,scr2014,mustOut,psngRoadPub
45PL,h0018,0.18674948763904498,scr2014,mustOut,psngRoadPub
45PL,h0019,0.2626827673024324,scr2014,mustOut,psngRoadPub
45PL,h0020,0.22695960816855384,scr2014,mustOut,psngRoadPub
45PL,h0021,0.23176430466154407,scr2014,mustOut,psngRoadPub
45PL,h0022,0.2549403111318762,scr2014,mustOut,psngRoadPub
45PL,h0023,0.23531857539501297,scr2014,mustOut,psngRoadPub
45PL,h0024,0.11660987812931724,scr2014,mustOut,psngRoadPub
46SK,h0001,0.0,scr2014,mustOut,psngRoadPub
46SK,h0002,0.0,scr2014,mustOut,psngRoadPub
46SK,h0003,0.0,scr2014,mustOut,psngRoadPub
46SK,h0004,0.031023466046835035,scr2014,mustOut,psngRoadPub
46SK,h0005,0.10790210500797924,scr2014,mustOut,psngRoadPub
46SK,h0006,0.15645673484310854,scr2014,mustOut,psngRoadPub
46SK,h0007,0.17174066639247026,scr2014,mustOut,psngRoadPub
46SK,h0008,0.14061260142725376,scr2014,mustOut,psngRoadPub
46SK,h0009,0.27983841186427333,scr2014,mustOut,psngRoadPub
46SK,h0010,0.3061050236627132,scr2014,mustOut,psngRoadPub
46SK,h0011,0.2853249073771272,scr2014,mustOut,psngRoadPub
46SK,h0012,0.11660987812931724,scr2014,mustOut,psngRoadPub
46SK,h0013,0.03130010859559864,scr2014,mustOut,psngRoadPub
46SK,h0014,0.005188151206209754,scr2014,mustOut,psngRoadPub
46SK,h0015,0.0,scr2014,mustOut,psngRoadPub
46SK,h0016,0.00535995757654951,scr2014,mustOut,psngRoadPub
46SK,h0017,0.06502645484417215,scr2014,mustOut,psngRoadPub
46SK,h0018,0.18674948763904498,scr2014,mustOut,psngRoadPub
46SK,h0019,0.2626827673024324,scr2014,mustOut,psngRoadPub
46SK,h0020,0.22695960816855384,scr2014,mustOut,psngRoadPub
46SK,h0021,0.23176430466154407,scr2014,mustOut,psngRoadPub
46SK,h0022,0.2549403111318762,scr2014,mustOut,psngRoadPub
46SK,h0023,0.23531857539501297,scr2014,mustOut,psngRoadPub
46SK,h0024,0.11660987812931724,scr2014,mustOut,psngRoadPub
47CH,h0001,0.0,scr2014,mustOut,psngRoadPub
47CH,h0002,0.0,scr2014,mustOut,psngRoadPub
47CH,h0003,0.0,scr2014,mustOut,psngRoadPub
47CH,h0004,0.031023466046835035,scr2014,mustOut,psngRoadPub
47CH,h0005,0.10790210500797924,scr2014,mustOut,psngRoadPub
47CH,h0006,0.15645673484310854,scr2014,mustOut,psngRoadPub
47CH,h0007,0.17174066639247026,scr2014,mustOut,psngRoadPub
47CH,h0008,0.14061260142725376,scr2014,mustOut,psngRoadPub
47CH,h0009,0.27983841186427333,scr2014,mustOut,psngRoadPub
47CH,h0010,0.3061050236627132,scr2014,mustOut,psngRoadPub
47CH,h0011,0.2853249073771272,scr2014,mustOut,psngRoadPub
47CH,h0012,0.11660987812931724,scr2014,mustOut,psngRoadPub
47CH,h0013,0.03130010859559864,scr2014,mustOut,psngRoadPub
47CH,h0014,0.005188151206209754,scr2014,mustOut,psngRoadPub
47CH,h0015,0.0,scr2014,mustOut,psngRoadPub
47CH,h0016,0.00535995757654951,scr2014,mustOut,psngRoadPub
47CH,h0017,0.06502645484417215,scr2014,mustOut,psngRoadPub
47CH,h0018,0.18674948763904498,scr2014,mustOut,psngRoadPub
47CH,h0019,0.2626827673024324,scr2014,mustOut,psngRoadPub
47CH,h0020,0.22695960816855384,scr2014,mustOut,psngRoadPub
47CH,h0021,0.23176430466154407,scr2014,mustOut,psngRoadPub
47CH,h0022,0.2549403111318762,scr2014,mustOut,psngRoadPub
47CH,h0023,0.23531857539501297,scr2014,mustOut,psngRoadPub
47CH,h0024,0.11660987812931724,scr2014,mustOut,psngRoadPub
48CH,h0001,0.0,scr2014,mustOut,psngRoadPub
48CH,h0002,0.0,scr2014,mustOut,psngRoadPub
48CH,h0003,0.0,scr2014,mustOut,psngRoadPub
48CH,h0004,0.031023466046835035,scr2014,mustOut,psngRoadPub
48CH,h0005,0.10790210500797924,scr2014,mustOut,psngRoadPub
48CH,h0006,0.15645673484310854,scr2014,mustOut,psngRoadPub
48CH,h0007,0.17174066639247026,scr2014,mustOut,psngRoadPub
48CH,h0008,0.14061260142725376,scr2014,mustOut,psngRoadPub
48CH,h0009,0.27983841186427333,scr2014,mustOut,psngRoadPub
48CH,h0010,0.3061050236627132,scr2014,mustOut,psngRoadPub
48CH,h0011,0.2853249073771272,scr2014,mustOut,psngRoadPub
48CH,h0012,0.11660987812931724,scr2014,mustOut,psngRoadPub
48CH,h0013,0.03130010859559864,scr2014,mustOut,psngRoadPub
48CH,h0014,0.005188151206209754,scr2014,mustOut,psngRoadPub
48CH,h0015,0.0,scr2014,mustOut,psngRoadPub
48CH,h0016,0.00535995757654951,scr2014,mustOut,psngRoadPub
48CH,h0017,0.06502645484417215,scr2014,mustOut,psngRoadPub
48CH,h0018,0.18674948763904498,scr2014,mustOut,psngRoadPub
48CH,h0019,0.2626827673024324,scr2014,mustOut,psngRoadPub
48CH,h0020,0.22695960816855384,scr2014,mustOut,psngRoadPub
48CH,h0021,0.23176430466154407,scr2014,mustOut,psngRoadPub
48CH,h0022,0.2549403111318762,scr2014,mustOut,psngRoadPub
48CH,h0023,0.23531857539501297,scr2014,mustOut,psngRoadPub
48CH,h0024,0.11660987812931724,scr2014,mustOut,psngRoadPub
49AT,h0001,0.0,scr2014,mustOut,psngRoadPub
49AT,h0002,0.0,scr2014,mustOut,psngRoadPub
49AT,h0003,0.0,scr2014,mustOut,psngRoadPub
49AT,h0004,0.031023466046835035,scr2014,mustOut,psngRoadPub
49AT,h0005,0.10790210500797924,scr2014,mustOut,psngRoadPub
49AT,h0006,0.15645673484310854,scr2014,mustOut,psngRoadPub
49AT,h0007,0.17174066639247026,scr2014,mustOut,psngRoadPub
49AT,h0008,0.14061260142725376,scr2014,mustOut,psngRoadPub
49AT,h0009,0.27983841186427333,scr2014,mustOut,psngRoadPub
49AT,h0010,0.3061050236627132,scr2014,mustOut,psngRoadPub
49AT,h0011,0.2853249073771272,scr2014,mustOut,psngRoadPub
49AT,h0012,0.11660987812931724,scr2014,mustOut,psngRoadPub
49AT,h0013,0.03130010859559864,scr2014,mustOut,psngRoadPub
49AT,h0014,0.005188151206209754,scr2014,mustOut,psngRoadPub
49AT,h0015,0.0,scr2014,mustOut,psngRoadPub
49AT,h0016,0.00535995757654951,scr2014,mustOut,psngRoadPub
49AT,h0017,0.06502645484417215,scr2014,mustOut,psngRoadPub
49AT,h0018,0.18674948763904498,scr2014,mustOut,psngRoadPub
49AT,h0019,0.2626827673024324,scr2014,mustOut,psngRoadPub
49AT,h0020,0.22695960816855384,scr2014,mustOut,psngRoadPub
49AT,h0021,0.23176430466154407,scr2014,mustOut,psngRoadPub
49AT,h0022,0.2549403111318762,scr2014,mustOut,psngRoadPub
49AT,h0023,0.23531857539501297,scr2014,mustOut,psngRoadPub
49AT,h0024,0.11660987812931724,scr2014,mustOut,psngRoadPub
50AT,h0001,0.0,scr2014,mustOut,psngRoadPub
50AT,h0002,0.0,scr2014,mustOut,psngRoadPub
50AT,h0003,0.0,scr2014,mustOut,psngRoadPub
50AT,h0004,0.031023466046835035,scr2014,mustOut,psngRoadPub
50AT,h0005,0.10790210500797924,scr2014,mustOut,psngRoadPub
50AT,h0006,0.15645673484310854,scr2014,mustOut,psngRoadPub
50AT,h0007,0.17174066639247026,scr2014,mustOut,psngRoadPub
50AT,h0008,0.14061260142725376,scr2014,mustOut,psngRoadPub
50AT,h0009,0.27983841186427333,scr2014,mustOut,psngRoadPub
50AT,h0010,0.3061050236627132,scr2014,mustOut,psngRoadPub
50AT,h0011,0.2853249073771272,scr2014,mustOut,psngRoadPub
50AT,h0012,0.11660987812931724,scr2014,mustOut,psngRoadPub
50AT,h0013,0.03130010859559864,scr2014,mustOut,psngRoadPub
50AT,h0014,0.005188151206209754,scr2014,mustOut,psngRoadPub
50AT,h0015,0.0,scr2014,mustOut,psngRoadPub
50AT,h0016,0.00535995757654951,scr2014,mustOut,psngRoadPub
50AT,h0017,0.06502645484417215,scr2014,mustOut,psngRoadPub
50AT,h0018,0.18674948763904498,scr2014,mustOut,psngRoadPub
50AT,h0019,0.2626827673024324,scr2014,mustOut,psngRoadPub
50AT,h0020,0.22695960816855384,scr2014,mustOut,psngRoadPub
50AT,h0021,0.23176430466154407,scr2014,mustOut,psngRoadPub
50AT,h0022,0.2549403111318762,scr2014,mustOut,psngRoadPub
50AT,h0023,0.23531857539501297,scr2014,mustOut,psngRoadPub
50AT,h0024,0.11660987812931724,scr2014,mustOut,psngRoadPub
51AT,h0001,0.0,scr2014,mustOut,psngRoadPub
51AT,h0002,0.0,scr2014,mustOut,psngRoadPub
51AT,h0003,0.0,scr2014,mustOut,psngRoadPub
51AT,h0004,0.031023466046835035,scr2014,mustOut,psngRoadPub
51AT,h0005,0.10790210500797924,scr2014,mustOut,psngRoadPub
51AT,h0006,0.15645673484310854,scr2014,mustOut,psngRoadPub
51AT,h0007,0.17174066639247026,scr2014,mustOut,psngRoadPub
51AT,h0008,0.14061260142725376,scr2014,mustOut,psngRoadPub
51AT,h0009,0.27983841186427333,scr2014,mustOut,psngRoadPub
51AT,h0010,0.3061050236627132,scr2014,mustOut,psngRoadPub
51AT,h0011,0.2853249073771272,scr2014,mustOut,psngRoadPub
51AT,h0012,0.11660987812931724,scr2014,mustOut,psngRoadPub
51AT,h0013,0.03130010859559864,scr2014,mustOut,psngRoadPub
51AT,h0014,0.005188151206209754,scr2014,mustOut,psngRoadPub
51AT,h0015,0.0,scr2014,mustOut,psngRoadPub
51AT,h0016,0.00535995757654951,scr2014,mustOut,psngRoadPub
51AT,h0017,0.06502645484417215,scr2014,mustOut,psngRoadPub
51AT,h0018,0.18674948763904498,scr2014,mustOut,psngRoadPub
51AT,h0019,0.2626827673024324,scr2014,mustOut,psngRoadPub
51AT,h0020,0.22695960816855384,scr2014,mustOut,psngRoadPub
51AT,h0021,0.23176430466154407,scr2014,mustOut,psngRoadPub
51AT,h0022,0.2549403111318762,scr2014,mustOut,psngRoadPub
51AT,h0023,0.23531857539501297,scr2014,mustOut,psngRoadPub
51AT,h0024,0.11660987812931724,scr2014,mustOut,psngRoadPub
52IT,h0001,0.0,scr2014,mustOut,psngRoadPub
52IT,h0002,0.0,scr2014,mustOut,psngRoadPub
52IT,h0003,0.0,scr2014,mustOut,psngRoadPub
52IT,h0004,0.031023466046835035,scr2014,mustOut,psngRoadPub
52IT,h0005,0.10790210500797924,scr2014,mustOut,psngRoadPub
52IT,h0006,0.15645673484310854,scr2014,mustOut,psngRoadPub
52IT,h0007,0.17174066639247026,scr2014,mustOut,psngRoadPub
52IT,h0008,0.14061260142725376,scr2014,mustOut,psngRoadPub
52IT,h0009,0.27983841186427333,scr2014,mustOut,psngRoadPub
52IT,h0010,0.3061050236627132,scr2014,mustOut,psngRoadPub
52IT,h0011,0.2853249073771272,scr2014,mustOut,psngRoadPub
52IT,h0012,0.11660987812931724,scr2014,mustOut,psngRoadPub
52IT,h0013,0.03130010859559864,scr2014,mustOut,psngRoadPub
52IT,h0014,0.005188151206209754,scr2014,mustOut,psngRoadPub
52IT,h0015,0.0,scr2014,mustOut,psngRoadPub
52IT,h0016,0.00535995757654951,scr2014,mustOut,psngRoadPub
52IT,h0017,0.06502645484417215,scr2014,mustOut,psngRoadPub
52IT,h0018,0.18674948763904498,scr2014,mustOut,psngRoadPub
52IT,h0019,0.2626827673024324,scr2014,mustOut,psngRoadPub
52IT,h0020,0.22695960816855384,scr2014,mustOut,psngRoadPub
52IT,h0021,0.23176430466154407,scr2014,mustOut,psngRoadPub
52IT,h0022,0.2549403111318762,scr2014,mustOut,psngRoadPub
52IT,h0023,0.23531857539501297,scr2014,mustOut,psngRoadPub
52IT,h0024,0.11660987812931724,scr2014,mustOut,psngRoadPub
53IT,h0001,0.0,scr2014,mustOut,psngRoadPub
53IT,h0002,0.0,scr2014,mustOut,psngRoadPub
53IT,h0003,0.0,scr2014,mustOut,psngRoadPub
53IT,h0004,0.031023466046835035,scr2014,mustOut,psngRoadPub
53IT,h0005,0.10790210500797924,scr2014,mustOut,psngRoadPub
53IT,h0006,0.15645673484310854,scr2014,mustOut,psngRoadPub
53IT,h0007,0.17174066639247026,scr2014,mustOut,psngRoadPub
53IT,h0008,0.14061260142725376,scr2014,mustOut,psngRoadPub
53IT,h0009,0.27983841186427333,scr2014,mustOut,psngRoadPub
53IT,h0010,0.3061050236627132,scr2014,mustOut,psngRoadPub
53IT,h0011,0.2853249073771272,scr2014,mustOut,psngRoadPub
53IT,h0012,0.11660987812931724,scr2014,mustOut,psngRoadPub
53IT,h0013,0.03130010859559864,scr2014,mustOut,psngRoadPub
53IT,h0014,0.005188151206209754,scr2014,mustOut,psngRoadPub
53IT,h0015,0.0,scr2014,mustOut,psngRoadPub
53IT,h0016,0.00535995757654951,scr2014,mustOut,psngRoadPub
53IT,h0017,0.06502645484417215,scr2014,mustOut,psngRoadPub
53IT,h0018,0.18674948763904498,scr2014,mustOut,psngRoadPub
53IT,h0019,0.2626827673024324,scr2014,mustOut,psngRoadPub
53IT,h0020,0.22695960816855384,scr2014,mustOut,psngRoadPub
53IT,h0021,0.23176430466154407,scr2014,mustOut,psngRoadPub
53IT,h0022,0.2549403111318762,scr2014,mustOut,psngRoadPub
53IT,h0023,0.23531857539501297,scr2014,mustOut,psngRoadPub
53IT,h0024,0.11660987812931724,scr2014,mustOut,psngRoadPub
54IT,h0001,0.0,scr2014,mustOut,psngRoadPub
54IT,h0002,0.0,scr2014,mustOut,psngRoadPub
54IT,h0003,0.0,scr2014,mustOut,psngRoadPub
54IT,h0004,0.031023466046835035,scr2014,mustOut,psngRoadPub
54IT,h0005,0.10790210500797924,scr2014,mustOut,psngRoadPub
54IT,h0006,0.15645673484310854,scr2014,mustOut,psngRoadPub
54IT,h0007,0.17174066639247026,scr2014,mustOut,psngRoadPub
54IT,h0008,0.14061260142725376,scr2014,mustOut,psngRoadPub
54IT,h0009,0.27983841186427333,scr2014,mustOut,psngRoadPub
54IT,h0010,0.3061050236627132,scr2014,mustOut,psngRoadPub
54IT,h0011,0.2853249073771272,scr2014,mustOut,psngRoadPub
54IT,h0012,0.11660987812931724,scr2014,mustOut,psngRoadPub
54IT,h0013,0.03130010859559864,scr2014,mustOut,psngRoadPub
54IT,h0014,0.005188151206209754,scr2014,mustOut,psngRoadPub
54IT,h0015,0.0,scr2014,mustOut,psngRoadPub
54IT,h0016,0.00535995757654951,scr2014,mustOut,psngRoadPub
54IT,h0017,0.06502645484417215,scr2014,mustOut,psngRoadPub
54IT,h0018,0.18674948763904498,scr2014,mustOut,psngRoadPub
54IT,h0019,0.2626827673024324,scr2014,mustOut,psngRoadPub
54IT,h0020,0.22695960816855384,scr2014,mustOut,psngRoadPub
54IT,h0021,0.23176430466154407,scr2014,mustOut,psngRoadPub
54IT,h0022,0.2549403111318762,scr2014,mustOut,psngRoadPub
54IT,h0023,0.23531857539501297,scr2014,mustOut,psngRoadPub
54IT,h0024,0.11660987812931724,scr2014,mustOut,psngRoadPub
55IT,h0001,0.0,scr2014,mustOut,psngRoadPub
55IT,h0002,0.0,scr2014,mustOut,psngRoadPub
55IT,h0003,0.0,scr2014,mustOut,psngRoadPub
55IT,h0004,0.031023466046835035,scr2014,mustOut,psngRoadPub
55IT,h0005,0.10790210500797924,scr2014,mustOut,psngRoadPub
55IT,h0006,0.15645673484310854,scr2014,mustOut,psngRoadPub
55IT,h0007,0.17174066639247026,scr2014,mustOut,psngRoadPub
55IT,h0008,0.14061260142725376,scr2014,mustOut,psngRoadPub
55IT,h0009,0.27983841186427333,scr2014,mustOut,psngRoadPub
55IT,h0010,0.3061050236627132,scr2014,mustOut,psngRoadPub
55IT,h0011,0.2853249073771272,scr2014,mustOut,psngRoadPub
55IT,h0012,0.11660987812931724,scr2014,mustOut,psngRoadPub
55IT,h0013,0.03130010859559864,scr2014,mustOut,psngRoadPub
55IT,h0014,0.005188151206209754,scr2014,mustOut,psngRoadPub
55IT,h0015,0.0,scr2014,mustOut,psngRoadPub
55IT,h0016,0.00535995757654951,scr2014,mustOut,psngRoadPub
55IT,h0017,0.06502645484417215,scr2014,mustOut,psngRoadPub
55IT,h0018,0.18674948763904498,scr2014,mustOut,psngRoadPub
55IT,h0019,0.2626827673024324,scr2014,mustOut,psngRoadPub
55IT,h0020,0.22695960816855384,scr2014,mustOut,psngRoadPub
55IT,h0021,0.23176430466154407,scr2014,mustOut,psngRoadPub
55IT,h0022,0.2549403111318762,scr2014,mustOut,psngRoadPub
55IT,h0023,0.23531857539501297,scr2014,mustOut,psngRoadPub
55IT,h0024,0.11660987812931724,scr2014,mustOut,psngRoadPub
56IT,h0001,0.0,scr2014,mustOut,psngRoadPub
56IT,h0002,0.0,scr2014,mustOut,psngRoadPub
56IT,h0003,0.0,scr2014,mustOut,psngRoadPub
56IT,h0004,0.031023466046835035,scr2014,mustOut,psngRoadPub
56IT,h0005,0.10790210500797924,scr2014,mustOut,psngRoadPub
56IT,h0006,0.15645673484310854,scr2014,mustOut,psngRoadPub
56IT,h0007,0.17174066639247026,scr2014,mustOut,psngRoadPub
56IT,h0008,0.14061260142725376,scr2014,mustOut,psngRoadPub
56IT,h0009,0.27983841186427333,scr2014,mustOut,psngRoadPub
56IT,h0010,0.3061050236627132,scr2014,mustOut,psngRoadPub
56IT,h0011,0.2853249073771272,scr2014,mustOut,psngRoadPub
56IT,h0012,0.11660987812931724,scr2014,mustOut,psngRoadPub
56IT,h0013,0.03130010859559864,scr2014,mustOut,psngRoadPub
56IT,h0014,0.005188151206209754,scr2014,mustOut,psngRoadPub
56IT,h0015,0.0,scr2014,mustOut,psngRoadPub
56IT,h0016,0.00535995757654951,scr2014,mustOut,psngRoadPub
56IT,h0017,0.06502645484417215,scr2014,mustOut,psngRoadPub
56IT,h0018,0.18674948763904498,scr2014,mustOut,psngRoadPub
56IT,h0019,0.2626827673024324,scr2014,mustOut,psngRoadPub
56IT,h0020,0.22695960816855384,scr2014,mustOut,psngRoadPub
56IT,h0021,0.23176430466154407,scr2014,mustOut,psngRoadPub
56IT,h0022,0.2549403111318762,scr2014,mustOut,psngRoadPub
56IT,h0023,0.23531857539501297,scr2014,mustOut,psngRoadPub
56IT,h0024,0.11660987812931724,scr2014,mustOut,psngRoadPub
57SI,h0001,0.0,scr2014,mustOut,psngRoadPub
57SI,h0002,0.0,scr2014,mustOut,psngRoadPub
57SI,h0003,0.0,scr2014,mustOut,psngRoadPub
57SI,h0004,0.031023466046835035,scr2014,mustOut,psngRoadPub
57SI,h0005,0.10790210500797924,scr2014,mustOut,psngRoadPub
57SI,h0006,0.15645673484310854,scr2014,mustOut,psngRoadPub
57SI,h0007,0.17174066639247026,scr2014,mustOut,psngRoadPub
57SI,h0008,0.14061260142725376,scr2014,mustOut,psngRoadPub
57SI,h0009,0.27983841186427333,scr2014,mustOut,psngRoadPub
57SI,h0010,0.3061050236627132,scr2014,mustOut,psngRoadPub
57SI,h0011,0.2853249073771272,scr2014,mustOut,psngRoadPub
57SI,h0012,0.11660987812931724,scr2014,mustOut,psngRoadPub
57SI,h0013,0.03130010859559864,scr2014,mustOut,psngRoadPub
57SI,h0014,0.005188151206209754,scr2014,mustOut,psngRoadPub
57SI,h0015,0.0,scr2014,mustOut,psngRoadPub
57SI,h0016,0.00535995757654951,scr2014,mustOut,psngRoadPub
57SI,h0017,0.06502645484417215,scr2014,mustOut,psngRoadPub
57SI,h0018,0.18674948763904498,scr2014,mustOut,psngRoadPub
57SI,h0019,0.2626827673024324,scr2014,mustOut,psngRoadPub
57SI,h0020,0.22695960816855384,scr2014,mustOut,psngRoadPub
57SI,h0021,0.23176430466154407,scr2014,mustOut,psngRoadPub
57SI,h0022,0.2549403111318762,scr2014,mustOut,psngRoadPub
57SI,h0023,0.23531857539501297,scr2014,mustOut,psngRoadPub
57SI,h0024,0.11660987812931724,scr2014,mustOut,psngRoadPub
58HU,h0001,0.0,scr2014,mustOut,psngRoadPub
58HU,h0002,0.0,scr2014,mustOut,psngRoadPub
58HU,h0003,0.0,scr2014,mustOut,psngRoadPub
58HU,h0004,0.031023466046835035,scr2014,mustOut,psngRoadPub
58HU,h0005,0.10790210500797924,scr2014,mustOut,psngRoadPub
58HU,h0006,0.15645673484310854,scr2014,mustOut,psngRoadPub
58HU,h0007,0.17174066639247026,scr2014,mustOut,psngRoadPub
58HU,h0008,0.14061260142725376,scr2014,mustOut,psngRoadPub
58HU,h0009,0.27983841186427333,scr2014,mustOut,psngRoadPub
58HU,h0010,0.3061050236627132,scr2014,mustOut,psngRoadPub
58HU,h0011,0.2853249073771272,scr2014,mustOut,psngRoadPub
58HU,h0012,0.11660987812931724,scr2014,mustOut,psngRoadPub
58HU,h0013,0.03130010859559864,scr2014,mustOut,psngRoadPub
58HU,h0014,0.005188151206209754,scr2014,mustOut,psngRoadPub
58HU,h0015,0.0,scr2014,mustOut,psngRoadPub
58HU,h0016,0.00535995757654951,scr2014,mustOut,psngRoadPub
58HU,h0017,0.06502645484417215,scr2014,mustOut,psngRoadPub
58HU,h0018,0.18674948763904498,scr2014,mustOut,psngRoadPub
58HU,h0019,0.2626827673024324,scr2014,mustOut,psngRoadPub
58HU,h0020,0.22695960816855384,scr2014,mustOut,psngRoadPub
58HU,h0021,0.23176430466154407,scr2014,mustOut,psngRoadPub
58HU,h0022,0.2549403111318762,scr2014,mustOut,psngRoadPub
58HU,h0023,0.23531857539501297,scr2014,mustOut,psngRoadPub
58HU,h0024,0.11660987812931724,scr2014,mustOut,psngRoadPub
59RO,h0001,0.0,scr2014,mustOut,psngRoadPub
59RO,h0002,0.0,scr2014,mustOut,psngRoadPub
59RO,h0003,0.0,scr2014,mustOut,psngRoadPub
59RO,h0004,0.031023466046835035,scr2014,mustOut,psngRoadPub
59RO,h0005,0.10790210500797924,scr2014,mustOut,psngRoadPub
59RO,h0006,0.15645673484310854,scr2014,mustOut,psngRoadPub
59RO,h0007,0.17174066639247026,scr2014,mustOut,psngRoadPub
59RO,h0008,0.14061260142725376,scr2014,mustOut,psngRoadPub
59RO,h0009,0.27983841186427333,scr2014,mustOut,psngRoadPub
59RO,h0010,0.3061050236627132,scr2014,mustOut,psngRoadPub
59RO,h0011,0.2853249073771272,scr2014,mustOut,psngRoadPub
59RO,h0012,0.11660987812931724,scr2014,mustOut,psngRoadPub
59RO,h0013,0.03130010859559864,scr2014,mustOut,psngRoadPub
59RO,h0014,0.005188151206209754,scr2014,mustOut,psngRoadPub
59RO,h0015,0.0,scr2014,mustOut,psngRoadPub
59RO,h0016,0.00535995757654951,scr2014,mustOut,psngRoadPub
59RO,h0017,0.06502645484417215,scr2014,mustOut,psngRoadPub
59RO,h0018,0.18674948763904498,scr2014,mustOut,psngRoadPub
59RO,h0019,0.2626827673024324,scr2014,mustOut,psngRoadPub
59RO,h0020,0.22695960816855384,scr2014,mustOut,psngRoadPub
59RO,h0021,0.23176430466154407,scr2014,mustOut,psngRoadPub
59RO,h0022,0.2549403111318762,scr2014,mustOut,psngRoadPub
59RO,h0023,0.23531857539501297,scr2014,mustOut,psngRoadPub
59RO,h0024,0.11660987812931724,scr2014,mustOut,psngRoadPub
60RO,h0001,0.0,scr2014,mustOut,psngRoadPub
60RO,h0002,0.0,scr2014,mustOut,psngRoadPub
60RO,h0003,0.0,scr2014,mustOut,psngRoadPub
60RO,h0004,0.031023466046835035,scr2014,mustOut,psngRoadPub
60RO,h0005,0.10790210500797924,scr2014,mustOut,psngRoadPub
60RO,h0006,0.15645673484310854,scr2014,mustOut,psngRoadPub
60RO,h0007,0.17174066639247026,scr2014,mustOut,psngRoadPub
60RO,h0008,0.14061260142725376,scr2014,mustOut,psngRoadPub
60RO,h0009,0.27983841186427333,scr2014,mustOut,psngRoadPub
60RO,h0010,0.3061050236627132,scr2014,mustOut,psngRoadPub
60RO,h0011,0.2853249073771272,scr2014,mustOut,psngRoadPub
60RO,h0012,0.11660987812931724,scr2014,mustOut,psngRoadPub
60RO,h0013,0.03130010859559864,scr2014,mustOut,psngRoadPub
60RO,h0014,0.005188151206209754,scr2014,mustOut,psngRoadPub
60RO,h0015,0.0,scr2014,mustOut,psngRoadPub
60RO,h0016,0.00535995757654951,scr2014,mustOut,psngRoadPub
60RO,h0017,0.06502645484417215,scr2014,mustOut,psngRoadPub
60RO,h0018,0.18674948763904498,scr2014,mustOut,psngRoadPub
60RO,h0019,0.2626827673024324,scr2014,mustOut,psngRoadPub
60RO,h0020,0.22695960816855384,scr2014,mustOut,psngRoadPub
60RO,h0021,0.23176430466154407,scr2014,mustOut,psngRoadPub
60RO,h0022,0.2549403111318762,scr2014,mustOut,psngRoadPub
60RO,h0023,0.23531857539501297,scr2014,mustOut,psngRoadPub
60RO,h0024,0.11660987812931724,scr2014,mustOut,psngRoadPub
61RO,h0001,0.0,scr2014,mustOut,psngRoadPub
61RO,h0002,0.0,scr2014,mustOut,psngRoadPub
61RO,h0003,0.0,scr2014,mustOut,psngRoadPub
61RO,h0004,0.031023466046835035,scr2014,mustOut,psngRoadPub
61RO,h0005,0.10790210500797924,scr2014,mustOut,psngRoadPub
61RO,h0006,0.15645673484310854,scr2014,mustOut,psngRoadPub
61RO,h0007,0.17174066639247026,scr2014,mustOut,psngRoadPub
61RO,h0008,0.14061260142725376,scr2014,mustOut,psngRoadPub
61RO,h0009,0.27983841186427333,scr2014,mustOut,psngRoadPub
61RO,h0010,0.3061050236627132,scr2014,mustOut,psngRoadPub
61RO,h0011,0.2853249073771272,scr2014,mustOut,psngRoadPub
61RO,h0012,0.11660987812931724,scr2014,mustOut,psngRoadPub
61RO,h0013,0.03130010859559864,scr2014,mustOut,psngRoadPub
61RO,h0014,0.005188151206209754,scr2014,mustOut,psngRoadPub
61RO,h0015,0.0,scr2014,mustOut,psngRoadPub
61RO,h0016,0.00535995757654951,scr2014,mustOut,psngRoadPub
61RO,h0017,0.06502645484417215,scr2014,mustOut,psngRoadPub
61RO,h0018,0.18674948763904498,scr2014,mustOut,psngRoadPub
61RO,h0019,0.2626827673024324,scr2014,mustOut,psngRoadPub
61RO,h0020,0.22695960816855384,scr2014,mustOut,psngRoadPub
61RO,h0021,0.23176430466154407,scr2014,mustOut,psngRoadPub
61RO,h0022,0.2549403111318762,scr2014,mustOut,psngRoadPub
61RO,h0023,0.23531857539501297,scr2014,mustOut,psngRoadPub
61RO,h0024,0.11660987812931724,scr2014,mustOut,psngRoadPub
62HR,h0001,0.0,scr2014,mustOut,psngRoadPub
62HR,h0002,0.0,scr2014,mustOut,psngRoadPub
62HR,h0003,0.0,scr2014,mustOut,psngRoadPub
62HR,h0004,0.031023466046835035,scr2014,mustOut,psngRoadPub
62HR,h0005,0.10790210500797924,scr2014,mustOut,psngRoadPub
62HR,h0006,0.15645673484310854,scr2014,mustOut,psngRoadPub
62HR,h0007,0.17174066639247026,scr2014,mustOut,psngRoadPub
62HR,h0008,0.14061260142725376,scr2014,mustOut,psngRoadPub
62HR,h0009,0.27983841186427333,scr2014,mustOut,psngRoadPub
62HR,h0010,0.3061050236627132,scr2014,mustOut,psngRoadPub
62HR,h0011,0.2853249073771272,scr2014,mustOut,psngRoadPub
62HR,h0012,0.11660987812931724,scr2014,mustOut,psngRoadPub
62HR,h0013,0.03130010859559864,scr2014,mustOut,psngRoadPub
62HR,h0014,0.005188151206209754,scr2014,mustOut,psngRoadPub
62HR,h0015,0.0,scr2014,mustOut,psngRoadPub
62HR,h0016,0.00535995757654951,scr2014,mustOut,psngRoadPub
62HR,h0017,0.06502645484417215,scr2014,mustOut,psngRoadPub
62HR,h0018,0.18674948763904498,scr2014,mustOut,psngRoadPub
62HR,h0019,0.2626827673024324,scr2014,mustOut,psngRoadPub
62HR,h0020,0.22695960816855384,scr2014,mustOut,psngRoadPub
62HR,h0021,0.23176430466154407,scr2014,mustOut,psngRoadPub
62HR,h0022,0.2549403111318762,scr2014,mustOut,psngRoadPub
62HR,h0023,0.23531857539501297,scr2014,mustOut,psngRoadPub
62HR,h0024,0.11660987812931724,scr2014,mustOut,psngRoadPub
63BA,h0001,0.0,scr2014,mustOut,psngRoadPub
63BA,h0002,0.0,scr2014,mustOut,psngRoadPub
63BA,h0003,0.0,scr2014,mustOut,psngRoadPub
63BA,h0004,0.031023466046835035,scr2014,mustOut,psngRoadPub
63BA,h0005,0.10790210500797924,scr2014,mustOut,psngRoadPub
63BA,h0006,0.15645673484310854,scr2014,mustOut,psngRoadPub
63BA,h0007,0.17174066639247026,scr2014,mustOut,psngRoadPub
63BA,h0008,0.14061260142725376,scr2014,mustOut,psngRoadPub
63BA,h0009,0.27983841186427333,scr2014,mustOut,psngRoadPub
63BA,h0010,0.3061050236627132,scr2014,mustOut,psngRoadPub
63BA,h0011,0.2853249073771272,scr2014,mustOut,psngRoadPub
63BA,h0012,0.11660987812931724,scr2014,mustOut,psngRoadPub
63BA,h0013,0.03130010859559864,scr2014,mustOut,psngRoadPub
63BA,h0014,0.005188151206209754,scr2014,mustOut,psngRoadPub
63BA,h0015,0.0,scr2014,mustOut,psngRoadPub
63BA,h0016,0.00535995757654951,scr2014,mustOut,psngRoadPub
63BA,h0017,0.06502645484417215,scr2014,mustOut,psngRoadPub
63BA,h0018,0.18674948763904498,scr2014,mustOut,psngRoadPub
63BA,h0019,0.2626827673024324,scr2014,mustOut,psngRoadPub
63BA,h0020,0.22695960816855384,scr2014,mustOut,psngRoadPub
63BA,h0021,0.23176430466154407,scr2014,mustOut,psngRoadPub
63BA,h0022,0.2549403111318762,scr2014,mustOut,psngRoadPub
63BA,h0023,0.23531857539501297,scr2014,mustOut,psngRoadPub
63BA,h0024,0.11660987812931724,scr2014,mustOut,psngRoadPub
64ME,h0001,0.0,scr2014,mustOut,psngRoadPub
64ME,h0002,0.0,scr2014,mustOut,psngRoadPub
64ME,h0003,0.0,scr2014,mustOut,psngRoadPub
64ME,h0004,0.031023466046835035,scr2014,mustOut,psngRoadPub
64ME,h0005,0.10790210500797924,scr2014,mustOut,psngRoadPub
64ME,h0006,0.15645673484310854,scr2014,mustOut,psngRoadPub
64ME,h0007,0.17174066639247026,scr2014,mustOut,psngRoadPub
64ME,h0008,0.14061260142725376,scr2014,mustOut,psngRoadPub
64ME,h0009,0.27983841186427333,scr2014,mustOut,psngRoadPub
64ME,h0010,0.3061050236627132,scr2014,mustOut,psngRoadPub
64ME,h0011,0.2853249073771272,scr2014,mustOut,psngRoadPub
64ME,h0012,0.11660987812931724,scr2014,mustOut,psngRoadPub
64ME,h0013,0.03130010859559864,scr2014,mustOut,psngRoadPub
64ME,h0014,0.005188151206209754,scr2014,mustOut,psngRoadPub
64ME,h0015,0.0,scr2014,mustOut,psngRoadPub
64ME,h0016,0.00535995757654951,scr2014,mustOut,psngRoadPub
64ME,h0017,0.06502645484417215,scr2014,mustOut,psngRoadPub
64ME,h0018,0.18674948763904498,scr2014,mustOut,psngRoadPub
64ME,h0019,0.2626827673024324,scr2014,mustOut,psngRoadPub
64ME,h0020,0.22695960816855384,scr2014,mustOut,psngRoadPub
64ME,h0021,0.23176430466154407,scr2014,mustOut,psngRoadPub
64ME,h0022,0.2549403111318762,scr2014,mustOut,psngRoadPub
64ME,h0023,0.23531857539501297,scr2014,mustOut,psngRoadPub
64ME,h0024,0.11660987812931724,scr2014,mustOut,psngRoadPub
65RS,h0001,0.0,scr2014,mustOut,psngRoadPub
65RS,h0002,0.0,scr2014,mustOut,psngRoadPub
65RS,h0003,0.0,scr2014,mustOut,psngRoadPub
65RS,h0004,0.031023466046835035,scr2014,mustOut,psngRoadPub
65RS,h0005,0.10790210500797924,scr2014,mustOut,psngRoadPub
65RS,h0006,0.15645673484310854,scr2014,mustOut,psngRoadPub
65RS,h0007,0.17174066639247026,scr2014,mustOut,psngRoadPub
65RS,h0008,0.14061260142725376,scr2014,mustOut,psngRoadPub
65RS,h0009,0.27983841186427333,scr2014,mustOut,psngRoadPub
65RS,h0010,0.3061050236627132,scr2014,mustOut,psngRoadPub
65RS,h0011,0.2853249073771272,scr2014,mustOut,psngRoadPub
65RS,h0012,0.11660987812931724,scr2014,mustOut,psngRoadPub
65RS,h0013,0.03130010859559864,scr2014,mustOut,psngRoadPub
65RS,h0014,0.005188151206209754,scr2014,mustOut,psngRoadPub
65RS,h0015,0.0,scr2014,mustOut,psngRoadPub
65RS,h0016,0.00535995757654951,scr2014,mustOut,psngRoadPub
65RS,h0017,0.06502645484417215,scr2014,mustOut,psngRoadPub
65RS,h0018,0.18674948763904498,scr2014,mustOut,psngRoadPub
65RS,h0019,0.2626827673024324,scr2014,mustOut,psngRoadPub
65RS,h0020,0.22695960816855384,scr2014,mustOut,psngRoadPub
65RS,h0021,0.23176430466154407,scr2014,mustOut,psngRoadPub
65RS,h0022,0.2549403111318762,scr2014,mustOut,psngRoadPub
65RS,h0023,0.23531857539501297,scr2014,mustOut,psngRoadPub
65RS,h0024,0.11660987812931724,scr2014,mustOut,psngRoadPub
66BG,h0001,0.0,scr2014,mustOut,psngRoadPub
66BG,h0002,0.0,scr2014,mustOut,psngRoadPub
66BG,h0003,0.0,scr2014,mustOut,psngRoadPub
66BG,h0004,0.031023466046835035,scr2014,mustOut,psngRoadPub
66BG,h0005,0.10790210500797924,scr2014,mustOut,psngRoadPub
66BG,h0006,0.15645673484310854,scr2014,mustOut,psngRoadPub
66BG,h0007,0.17174066639247026,scr2014,mustOut,psngRoadPub
66BG,h0008,0.14061260142725376,scr2014,mustOut,psngRoadPub
66BG,h0009,0.27983841186427333,scr2014,mustOut,psngRoadPub
66BG,h0010,0.3061050236627132,scr2014,mustOut,psngRoadPub
66BG,h0011,0.2853249073771272,scr2014,mustOut,psngRoadPub
66BG,h0012,0.11660987812931724,scr2014,mustOut,psngRoadPub
66BG,h0013,0.03130010859559864,scr2014,mustOut,psngRoadPub
66BG,h0014,0.005188151206209754,scr2014,mustOut,psngRoadPub
66BG,h0015,0.0,scr2014,mustOut,psngRoadPub
66BG,h0016,0.00535995757654951,scr2014,mustOut,psngRoadPub
66BG,h0017,0.06502645484417215,scr2014,mustOut,psngRoadPub
66BG,h0018,0.18674948763904498,scr2014,mustOut,psngRoadPub
66BG,h0019,0.2626827673024324,scr2014,mustOut,psngRoadPub
66BG,h0020,0.22695960816855384,scr2014,mustOut,psngRoadPub
66BG,h0021,0.23176430466154407,scr2014,mustOut,psngRoadPub
66BG,h0022,0.2549403111318762,scr2014,mustOut,psngRoadPub
66BG,h0023,0.23531857539501297,scr2014,mustOut,psngRoadPub
66BG,h0024,0.11660987812931724,scr2014,mustOut,psngRoadPub
67MK,h0001,0.0,scr2014,mustOut,psngRoadPub
67MK,h0002,0.0,scr2014,mustOut,psngRoadPub
67MK,h0003,0.0,scr2014,mustOut,psngRoadPub
67MK,h0004,0.031023466046835035,scr2014,mustOut,psngRoadPub
67MK,h0005,0.10790210500797924,scr2014,mustOut,psngRoadPub
67MK,h0006,0.15645673484310854,scr2014,mustOut,psngRoadPub
67MK,h0007,0.17174066639247026,scr2014,mustOut,psngRoadPub
67MK,h0008,0.14061260142725376,scr2014,mustOut,psngRoadPub
67MK,h0009,0.27983841186427333,scr2014,mustOut,psngRoadPub
67MK,h0010,0.3061050236627132,scr2014,mustOut,psngRoadPub
67MK,h0011,0.2853249073771272,scr2014,mustOut,psngRoadPub
67MK,h0012,0.11660987812931724,scr2014,mustOut,psngRoadPub
67MK,h0013,0.03130010859559864,scr2014,mustOut,psngRoadPub
67MK,h0014,0.005188151206209754,scr2014,mustOut,psngRoadPub
67MK,h0015,0.0,scr2014,mustOut,psngRoadPub
67MK,h0016,0.00535995757654951,scr2014,mustOut,psngRoadPub
67MK,h0017,0.06502645484417215,scr2014,mustOut,psngRoadPub
67MK,h0018,0.18674948763904498,scr2014,mustOut,psngRoadPub
67MK,h0019,0.2626827673024324,scr2014,mustOut,psngRoadPub
67MK,h0020,0.22695960816855384,scr2014,mustOut,psngRoadPub
67MK,h0021,0.23176430466154407,scr2014,mustOut,psngRoadPub
67MK,h0022,0.2549403111318762,scr2014,mustOut,psngRoadPub
67MK,h0023,0.23531857539501297,scr2014,mustOut,psngRoadPub
67MK,h0024,0.11660987812931724,scr2014,mustOut,psngRoadPub
68GR,h0001,0.0,scr2014,mustOut,psngRoadPub
68GR,h0002,0.0,scr2014,mustOut,psngRoadPub
68GR,h0003,0.0,scr2014,mustOut,psngRoadPub
68GR,h0004,0.031023466046835035,scr2014,mustOut,psngRoadPub
68GR,h0005,0.10790210500797924,scr2014,mustOut,psngRoadPub
68GR,h0006,0.15645673484310854,scr2014,mustOut,psngRoadPub
68GR,h0007,0.17174066639247026,scr2014,mustOut,psngRoadPub
68GR,h0008,0.14061260142725376,scr2014,mustOut,psngRoadPub
68GR,h0009,0.27983841186427333,scr2014,mustOut,psngRoadPub
68GR,h0010,0.3061050236627132,scr2014,mustOut,psngRoadPub
68GR,h0011,0.2853249073771272,scr2014,mustOut,psngRoadPub
68GR,h0012,0.11660987812931724,scr2014,mustOut,psngRoadPub
68GR,h0013,0.03130010859559864,scr2014,mustOut,psngRoadPub
68GR,h0014,0.005188151206209754,scr2014,mustOut,psngRoadPub
68GR,h0015,0.0,scr2014,mustOut,psngRoadPub
68GR,h0016,0.00535995757654951,scr2014,mustOut,psngRoadPub
68GR,h0017,0.06502645484417215,scr2014,mustOut,psngRoadPub
68GR,h0018,0.18674948763904498,scr2014,mustOut,psngRoadPub
68GR,h0019,0.2626827673024324,scr2014,mustOut,psngRoadPub
68GR,h0020,0.22695960816855384,scr2014,mustOut,psngRoadPub
68GR,h0021,0.23176430466154407,scr2014,mustOut,psngRoadPub
68GR,h0022,0.2549403111318762,scr2014,mustOut,psngRoadPub
68GR,h0023,0.23531857539501297,scr2014,mustOut,psngRoadPub
68GR,h0024,0.11660987812931724,scr2014,mustOut,psngRoadPub
69GR,h0001,0.0,scr2014,mustOut,psngRoadPub
69GR,h0002,0.0,scr2014,mustOut,psngRoadPub
69GR,h0003,0.0,scr2014,mustOut,psngRoadPub
69GR,h0004,0.031023466046835035,scr2014,mustOut,psngRoadPub
69GR,h0005,0.10790210500797924,scr2014,mustOut,psngRoadPub
69GR,h0006,0.15645673484310854,scr2014,mustOut,psngRoadPub
69GR,h0007,0.17174066639247026,scr2014,mustOut,psngRoadPub
69GR,h0008,0.14061260142725376,scr2014,mustOut,psngRoadPub
69GR,h0009,0.27983841186427333,scr2014,mustOut,psngRoadPub
69GR,h0010,0.3061050236627132,scr2014,mustOut,psngRoadPub
69GR,h0011,0.2853249073771272,scr2014,mustOut,psngRoadPub
69GR,h0012,0.11660987812931724,scr2014,mustOut,psngRoadPub
69GR,h0013,0.03130010859559864,scr2014,mustOut,psngRoadPub
69GR,h0014,0.005188151206209754,scr2014,mustOut,psngRoadPub
69GR,h0015,0.0,scr2014,mustOut,psngRoadPub
69GR,h0016,0.00535995757654951,scr2014,mustOut,psngRoadPub
69GR,h0017,0.06502645484417215,scr2014,mustOut,psngRoadPub
69GR,h0018,0.18674948763904498,scr2014,mustOut,psngRoadPub
69GR,h0019,0.2626827673024324,scr2014,mustOut,psngRoadPub
69GR,h0020,0.22695960816855384,scr2014,mustOut,psngRoadPub
69GR,h0021,0.23176430466154407,scr2014,mustOut,psngRoadPub
69GR,h0022,0.2549403111318762,scr2014,mustOut,psngRoadPub
69GR,h0023,0.23531857539501297,scr2014,mustOut,psngRoadPub
69GR,h0024,0.11660987812931724,scr2014,mustOut,psngRoadPub
70AL,h0001,0.0,scr2014,mustOut,psngRoadPub
70AL,h0002,0.0,scr2014,mustOut,psngRoadPub
70AL,h0003,0.0,scr2014,mustOut,psngRoadPub
70AL,h0004,0.031023466046835035,scr2014,mustOut,psngRoadPub
70AL,h0005,0.10790210500797924,scr2014,mustOut,psngRoadPub
70AL,h0006,0.15645673484310854,scr2014,mustOut,psngRoadPub
70AL,h0007,0.17174066639247026,scr2014,mustOut,psngRoadPub
70AL,h0008,0.14061260142725376,scr2014,mustOut,psngRoadPub
70AL,h0009,0.27983841186427333,scr2014,mustOut,psngRoadPub
70AL,h0010,0.3061050236627132,scr2014,mustOut,psngRoadPub
70AL,h0011,0.2853249073771272,scr2014,mustOut,psngRoadPub
70AL,h0012,0.11660987812931724,scr2014,mustOut,psngRoadPub
70AL,h0013,0.03130010859559864,scr2014,mustOut,psngRoadPub
70AL,h0014,0.005188151206209754,scr2014,mustOut,psngRoadPub
70AL,h0015,0.0,scr2014,mustOut,psngRoadPub
70AL,h0016,0.00535995757654951,scr2014,mustOut,psngRoadPub
70AL,h0017,0.06502645484417215,scr2014,mustOut,psngRoadPub
70AL,h0018,0.18674948763904498,scr2014,mustOut,psngRoadPub
70AL,h0019,0.2626827673024324,scr2014,mustOut,psngRoadPub
70AL,h0020,0.22695960816855384,scr2014,mustOut,psngRoadPub
70AL,h0021,0.23176430466154407,scr2014,mustOut,psngRoadPub
70AL,h0022,0.2549403111318762,scr2014,mustOut,psngRoadPub
70AL,h0023,0.23531857539501297,scr2014,mustOut,psngRoadPub
70AL,h0024,0.11660987812931724,scr2014,mustOut,psngRoadPub
72DK,h0001,0.0,scr2014,mustOut,psngRoadPub
72DK,h0002,0.0,scr2014,mustOut,psngRoadPub
72DK,h0003,0.0,scr2014,mustOut,psngRoadPub
72DK,h0004,0.031023466046835035,scr2014,mustOut,psngRoadPub
72DK,h0005,0.10790210500797924,scr2014,mustOut,psngRoadPub
72DK,h0006,0.15645673484310854,scr2014,mustOut,psngRoadPub
72DK,h0007,0.17174066639247026,scr2014,mustOut,psngRoadPub
72DK,h0008,0.14061260142725376,scr2014,mustOut,psngRoadPub
72DK,h0009,0.27983841186427333,scr2014,mustOut,psngRoadPub
72DK,h0010,0.3061050236627132,scr2014,mustOut,psngRoadPub
72DK,h0011,0.2853249073771272,scr2014,mustOut,psngRoadPub
72DK,h0012,0.11660987812931724,scr2014,mustOut,psngRoadPub
72DK,h0013,0.03130010859559864,scr2014,mustOut,psngRoadPub
72DK,h0014,0.005188151206209754,scr2014,mustOut,psngRoadPub
72DK,h0015,0.0,scr2014,mustOut,psngRoadPub
72DK,h0016,0.00535995757654951,scr2014,mustOut,psngRoadPub
72DK,h0017,0.06502645484417215,scr2014,mustOut,psngRoadPub
72DK,h0018,0.18674948763904498,scr2014,mustOut,psngRoadPub
72DK,h0019,0.2626827673024324,scr2014,mustOut,psngRoadPub
72DK,h0020,0.22695960816855384,scr2014,mustOut,psngRoadPub
72DK,h0021,0.23176430466154407,scr2014,mustOut,psngRoadPub
72DK,h0022,0.2549403111318762,scr2014,mustOut,psngRoadPub
72DK,h0023,0.23531857539501297,scr2014,mustOut,psngRoadPub
72DK,h0024,0.11660987812931724,scr2014,mustOut,psngRoadPub
73EE,h0001,0.0,scr2014,mustOut,psngRoadPub
73EE,h0002,0.0,scr2014,mustOut,psngRoadPub
73EE,h0003,0.0,scr2014,mustOut,psngRoadPub
73EE,h0004,0.031023466046835035,scr2014,mustOut,psngRoadPub
73EE,h0005,0.10790210500797924,scr2014,mustOut,psngRoadPub
73EE,h0006,0.15645673484310854,scr2014,mustOut,psngRoadPub
73EE,h0007,0.17174066639247026,scr2014,mustOut,psngRoadPub
73EE,h0008,0.14061260142725376,scr2014,mustOut,psngRoadPub
73EE,h0009,0.27983841186427333,scr2014,mustOut,psngRoadPub
73EE,h0010,0.3061050236627132,scr2014,mustOut,psngRoadPub
73EE,h0011,0.2853249073771272,scr2014,mustOut,psngRoadPub
73EE,h0012,0.11660987812931724,scr2014,mustOut,psngRoadPub
73EE,h0013,0.03130010859559864,scr2014,mustOut,psngRoadPub
73EE,h0014,0.005188151206209754,scr2014,mustOut,psngRoadPub
73EE,h0015,0.0,scr2014,mustOut,psngRoadPub
73EE,h0016,0.00535995757654951,scr2014,mustOut,psngRoadPub
73EE,h0017,0.06502645484417215,scr2014,mustOut,psngRoadPub
73EE,h0018,0.18674948763904498,scr2014,mustOut,psngRoadPub
73EE,h0019,0.2626827673024324,scr2014,mustOut,psngRoadPub
73EE,h0020,0.22695960816855384,scr2014,mustOut,psngRoadPub
73EE,h0021,0.23176430466154407,scr2014,mustOut,psngRoadPub
73EE,h0022,0.2549403111318762,scr2014,mustOut,psngRoadPub
73EE,h0023,0.23531857539501297,scr2014,mustOut,psngRoadPub
73EE,h0024,0.11660987812931724,scr2014,mustOut,psngRoadPub
74FI,h0001,0.0,scr2014,mustOut,psngRoadPub
74FI,h0002,0.0,scr2014,mustOut,psngRoadPub
74FI,h0003,0.0,scr2014,mustOut,psngRoadPub
74FI,h0004,0.031023466046835035,scr2014,mustOut,psngRoadPub
74FI,h0005,0.10790210500797924,scr2014,mustOut,psngRoadPub
74FI,h0006,0.15645673484310854,scr2014,mustOut,psngRoadPub
74FI,h0007,0.17174066639247026,scr2014,mustOut,psngRoadPub
74FI,h0008,0.14061260142725376,scr2014,mustOut,psngRoadPub
74FI,h0009,0.27983841186427333,scr2014,mustOut,psngRoadPub
74FI,h0010,0.3061050236627132,scr2014,mustOut,psngRoadPub
74FI,h0011,0.2853249073771272,scr2014,mustOut,psngRoadPub
74FI,h0012,0.11660987812931724,scr2014,mustOut,psngRoadPub
74FI,h0013,0.03130010859559864,scr2014,mustOut,psngRoadPub
74FI,h0014,0.005188151206209754,scr2014,mustOut,psngRoadPub
74FI,h0015,0.0,scr2014,mustOut,psngRoadPub
74FI,h0016,0.00535995757654951,scr2014,mustOut,psngRoadPub
74FI,h0017,0.06502645484417215,scr2014,mustOut,psngRoadPub
74FI,h0018,0.18674948763904498,scr2014,mustOut,psngRoadPub
74FI,h0019,0.2626827673024324,scr2014,mustOut,psngRoadPub
74FI,h0020,0.22695960816855384,scr2014,mustOut,psngRoadPub
74FI,h0021,0.23176430466154407,scr2014,mustOut,psngRoadPub
74FI,h0022,0.2549403111318762,scr2014,mustOut,psngRoadPub
74FI,h0023,0.23531857539501297,scr2014,mustOut,psngRoadPub
74FI,h0024,0.11660987812931724,scr2014,mustOut,psngRoadPub
75FI,h0001,0.0,scr2014,mustOut,psngRoadPub
75FI,h0002,0.0,scr2014,mustOut,psngRoadPub
75FI,h0003,0.0,scr2014,mustOut,psngRoadPub
75FI,h0004,0.031023466046835035,scr2014,mustOut,psngRoadPub
75FI,h0005,0.10790210500797924,scr2014,mustOut,psngRoadPub
75FI,h0006,0.15645673484310854,scr2014,mustOut,psngRoadPub
75FI,h0007,0.17174066639247026,scr2014,mustOut,psngRoadPub
75FI,h0008,0.14061260142725376,scr2014,mustOut,psngRoadPub
75FI,h0009,0.27983841186427333,scr2014,mustOut,psngRoadPub
75FI,h0010,0.3061050236627132,scr2014,mustOut,psngRoadPub
75FI,h0011,0.2853249073771272,scr2014,mustOut,psngRoadPub
75FI,h0012,0.11660987812931724,scr2014,mustOut,psngRoadPub
75FI,h0013,0.03130010859559864,scr2014,mustOut,psngRoadPub
75FI,h0014,0.005188151206209754,scr2014,mustOut,psngRoadPub
75FI,h0015,0.0,scr2014,mustOut,psngRoadPub
75FI,h0016,0.00535995757654951,scr2014,mustOut,psngRoadPub
75FI,h0017,0.06502645484417215,scr2014,mustOut,psngRoadPub
75FI,h0018,0.18674948763904498,scr2014,mustOut,psngRoadPub
75FI,h0019,0.2626827673024324,scr2014,mustOut,psngRoadPub
75FI,h0020,0.22695960816855384,scr2014,mustOut,psngRoadPub
75FI,h0021,0.23176430466154407,scr2014,mustOut,psngRoadPub
75FI,h0022,0.2549403111318762,scr2014,mustOut,psngRoadPub
75FI,h0023,0.23531857539501297,scr2014,mustOut,psngRoadPub
75FI,h0024,0.11660987812931724,scr2014,mustOut,psngRoadPub
77LT,h0001,0.0,scr2014,mustOut,psngRoadPub
77LT,h0002,0.0,scr2014,mustOut,psngRoadPub
77LT,h0003,0.0,scr2014,mustOut,psngRoadPub
77LT,h0004,0.031023466046835035,scr2014,mustOut,psngRoadPub
77LT,h0005,0.10790210500797924,scr2014,mustOut,psngRoadPub
77LT,h0006,0.15645673484310854,scr2014,mustOut,psngRoadPub
77LT,h0007,0.17174066639247026,scr2014,mustOut,psngRoadPub
77LT,h0008,0.14061260142725376,scr2014,mustOut,psngRoadPub
77LT,h0009,0.27983841186427333,scr2014,mustOut,psngRoadPub
77LT,h0010,0.3061050236627132,scr2014,mustOut,psngRoadPub
77LT,h0011,0.2853249073771272,scr2014,mustOut,psngRoadPub
77LT,h0012,0.11660987812931724,scr2014,mustOut,psngRoadPub
77LT,h0013,0.03130010859559864,scr2014,mustOut,psngRoadPub
77LT,h0014,0.005188151206209754,scr2014,mustOut,psngRoadPub
77LT,h0015,0.0,scr2014,mustOut,psngRoadPub
77LT,h0016,0.00535995757654951,scr2014,mustOut,psngRoadPub
77LT,h0017,0.06502645484417215,scr2014,mustOut,psngRoadPub
77LT,h0018,0.18674948763904498,scr2014,mustOut,psngRoadPub
77LT,h0019,0.2626827673024324,scr2014,mustOut,psngRoadPub
77LT,h0020,0.22695960816855384,scr2014,mustOut,psngRoadPub
77LT,h0021,0.23176430466154407,scr2014,mustOut,psngRoadPub
77LT,h0022,0.2549403111318762,scr2014,mustOut,psngRoadPub
77LT,h0023,0.23531857539501297,scr2014,mustOut,psngRoadPub
77LT,h0024,0.11660987812931724,scr2014,mustOut,psngRoadPub
78LV,h0001,0.0,scr2014,mustOut,psngRoadPub
78LV,h0002,0.0,scr2014,mustOut,psngRoadPub
78LV,h0003,0.0,scr2014,mustOut,psngRoadPub
78LV,h0004,0.031023466046835035,scr2014,mustOut,psngRoadPub
78LV,h0005,0.10790210500797924,scr2014,mustOut,psngRoadPub
78LV,h0006,0.15645673484310854,scr2014,mustOut,psngRoadPub
78LV,h0007,0.17174066639247026,scr2014,mustOut,psngRoadPub
78LV,h0008,0.14061260142725376,scr2014,mustOut,psngRoadPub
78LV,h0009,0.27983841186427333,scr2014,mustOut,psngRoadPub
78LV,h0010,0.3061050236627132,scr2014,mustOut,psngRoadPub
78LV,h0011,0.2853249073771272,scr2014,mustOut,psngRoadPub
78LV,h0012,0.11660987812931724,scr2014,mustOut,psngRoadPub
78LV,h0013,0.03130010859559864,scr2014,mustOut,psngRoadPub
78LV,h0014,0.005188151206209754,scr2014,mustOut,psngRoadPub
78LV,h0015,0.0,scr2014,mustOut,psngRoadPub
78LV,h0016,0.00535995757654951,scr2014,mustOut,psngRoadPub
78LV,h0017,0.06502645484417215,scr2014,mustOut,psngRoadPub
78LV,h0018,0.18674948763904498,scr2014,mustOut,psngRoadPub
78LV,h0019,0.2626827673024324,scr2014,mustOut,psngRoadPub
78LV,h0020,0.22695960816855384,scr2014,mustOut,psngRoadPub
78LV,h0021,0.23176430466154407,scr2014,mustOut,psngRoadPub
78LV,h0022,0.2549403111318762,scr2014,mustOut,psngRoadPub
78LV,h0023,0.23531857539501297,scr2014,mustOut,psngRoadPub
78LV,h0024,0.11660987812931724,scr2014,mustOut,psngRoadPub
79NO,h0001,0.0,scr2014,mustOut,psngRoadPub
79NO,h0002,0.0,scr2014,mustOut,psngRoadPub
79NO,h0003,0.0,scr2014,mustOut,psngRoadPub
79NO,h0004,0.031023466046835035,scr2014,mustOut,psngRoadPub
79NO,h0005,0.10790210500797924,scr2014,mustOut,psngRoadPub
79NO,h0006,0.15645673484310854,scr2014,mustOut,psngRoadPub
79NO,h0007,0.17174066639247026,scr2014,mustOut,psngRoadPub
79NO,h0008,0.14061260142725376,scr2014,mustOut,psngRoadPub
79NO,h0009,0.27983841186427333,scr2014,mustOut,psngRoadPub
79NO,h0010,0.3061050236627132,scr2014,mustOut,psngRoadPub
79NO,h0011,0.2853249073771272,scr2014,mustOut,psngRoadPub
79NO,h0012,0.11660987812931724,scr2014,mustOut,psngRoadPub
79NO,h0013,0.03130010859559864,scr2014,mustOut,psngRoadPub
79NO,h0014,0.005188151206209754,scr2014,mustOut,psngRoadPub
79NO,h0015,0.0,scr2014,mustOut,psngRoadPub
79NO,h0016,0.00535995757654951,scr2014,mustOut,psngRoadPub
79NO,h0017,0.06502645484417215,scr2014,mustOut,psngRoadPub
79NO,h0018,0.18674948763904498,scr2014,mustOut,psngRoadPub
79NO,h0019,0.2626827673024324,scr2014,mustOut,psngRoadPub
79NO,h0020,0.22695960816855384,scr2014,mustOut,psngRoadPub
79NO,h0021,0.23176430466154407,scr2014,mustOut,psngRoadPub
79NO,h0022,0.2549403111318762,scr2014,mustOut,psngRoadPub
79NO,h0023,0.23531857539501297,scr2014,mustOut,psngRoadPub
79NO,h0024,0.11660987812931724,scr2014,mustOut,psngRoadPub
80NO,h0001,0.0,scr2014,mustOut,psngRoadPub
80NO,h0002,0.0,scr2014,mustOut,psngRoadPub
80NO,h0003,0.0,scr2014,mustOut,psngRoadPub
80NO,h0004,0.031023466046835035,scr2014,mustOut,psngRoadPub
80NO,h0005,0.10790210500797924,scr2014,mustOut,psngRoadPub
80NO,h0006,0.15645673484310854,scr2014,mustOut,psngRoadPub
80NO,h0007,0.17174066639247026,scr2014,mustOut,psngRoadPub
80NO,h0008,0.14061260142725376,scr2014,mustOut,psngRoadPub
80NO,h0009,0.27983841186427333,scr2014,mustOut,psngRoadPub
80NO,h0010,0.3061050236627132,scr2014,mustOut,psngRoadPub
80NO,h0011,0.2853249073771272,scr2014,mustOut,psngRoadPub
80NO,h0012,0.11660987812931724,scr2014,mustOut,psngRoadPub
80NO,h0013,0.03130010859559864,scr2014,mustOut,psngRoadPub
80NO,h0014,0.005188151206209754,scr2014,mustOut,psngRoadPub
80NO,h0015,0.0,scr2014,mustOut,psngRoadPub
80NO,h0016,0.00535995757654951,scr2014,mustOut,psngRoadPub
80NO,h0017,0.06502645484417215,scr2014,mustOut,psngRoadPub
80NO,h0018,0.18674948763904498,scr2014,mustOut,psngRoadPub
80NO,h0019,0.2626827673024324,scr2014,mustOut,psngRoadPub
80NO,h0020,0.22695960816855384,scr2014,mustOut,psngRoadPub
80NO,h0021,0.23176430466154407,scr2014,mustOut,psngRoadPub
80NO,h0022,0.2549403111318762,scr2014,mustOut,psngRoadPub
80NO,h0023,0.23531857539501297,scr2014,mustOut,psngRoadPub
80NO,h0024,0.11660987812931724,scr2014,mustOut,psngRoadPub
81NO,h0001,0.0,scr2014,mustOut,psngRoadPub
81NO,h0002,0.0,scr2014,mustOut,psngRoadPub
81NO,h0003,0.0,scr2014,mustOut,psngRoadPub
81NO,h0004,0.031023466046835035,scr2014,mustOut,psngRoadPub
81NO,h0005,0.10790210500797924,scr2014,mustOut,psngRoadPub
81NO,h0006,0.15645673484310854,scr2014,mustOut,psngRoadPub
81NO,h0007,0.17174066639247026,scr2014,mustOut,psngRoadPub
81NO,h0008,0.14061260142725376,scr2014,mustOut,psngRoadPub
81NO,h0009,0.27983841186427333,scr2014,mustOut,psngRoadPub
81NO,h0010,0.3061050236627132,scr2014,mustOut,psngRoadPub
81NO,h0011,0.2853249073771272,scr2014,mustOut,psngRoadPub
81NO,h0012,0.11660987812931724,scr2014,mustOut,psngRoadPub
81NO,h0013,0.03130010859559864,scr2014,mustOut,psngRoadPub
81NO,h0014,0.005188151206209754,scr2014,mustOut,psngRoadPub
81NO,h0015,0.0,scr2014,mustOut,psngRoadPub
81NO,h0016,0.00535995757654951,scr2014,mustOut,psngRoadPub
81NO,h0017,0.06502645484417215,scr2014,mustOut,psngRoadPub
81NO,h0018,0.18674948763904498,scr2014,mustOut,psngRoadPub
81NO,h0019,0.2626827673024324,scr2014,mustOut,psngRoadPub
81NO,h0020,0.22695960816855384,scr2014,mustOut,psngRoadPub
81NO,h0021,0.23176430466154407,scr2014,mustOut,psngRoadPub
81NO,h0022,0.2549403111318762,scr2014,mustOut,psngRoadPub
81NO,h0023,0.23531857539501297,scr2014,mustOut,psngRoadPub
81NO,h0024,0.11660987812931724,scr2014,mustOut,psngRoadPub
82NO,h0001,0.0,scr2014,mustOut,psngRoadPub
82NO,h0002,0.0,scr2014,mustOut,psngRoadPub
82NO,h0003,0.0,scr2014,mustOut,psngRoadPub
82NO,h0004,0.031023466046835035,scr2014,mustOut,psngRoadPub
82NO,h0005,0.10790210500797924,scr2014,mustOut,psngRoadPub
82NO,h0006,0.15645673484310854,scr2014,mustOut,psngRoadPub
82NO,h0007,0.17174066639247026,scr2014,mustOut,psngRoadPub
82NO,h0008,0.14061260142725376,scr2014,mustOut,psngRoadPub
82NO,h0009,0.27983841186427333,scr2014,mustOut,psngRoadPub
82NO,h0010,0.3061050236627132,scr2014,mustOut,psngRoadPub
82NO,h0011,0.2853249073771272,scr2014,mustOut,psngRoadPub
82NO,h0012,0.11660987812931724,scr2014,mustOut,psngRoadPub
82NO,h0013,0.03130010859559864,scr2014,mustOut,psngRoadPub
82NO,h0014,0.005188151206209754,scr2014,mustOut,psngRoadPub
82NO,h0015,0.0,scr2014,mustOut,psngRoadPub
82NO,h0016,0.00535995757654951,scr2014,mustOut,psngRoadPub
82NO,h0017,0.06502645484417215,scr2014,mustOut,psngRoadPub
82NO,h0018,0.18674948763904498,scr2014,mustOut,psngRoadPub
82NO,h0019,0.2626827673024324,scr2014,mustOut,psngRoadPub
82NO,h0020,0.22695960816855384,scr2014,mustOut,psngRoadPub
82NO,h0021,0.23176430466154407,scr2014,mustOut,psngRoadPub
82NO,h0022,0.2549403111318762,scr2014,mustOut,psngRoadPub
82NO,h0023,0.23531857539501297,scr2014,mustOut,psngRoadPub
82NO,h0024,0.11660987812931724,scr2014,mustOut,psngRoadPub
83NO,h0001,0.0,scr2014,mustOut,psngRoadPub
83NO,h0002,0.0,scr2014,mustOut,psngRoadPub
83NO,h0003,0.0,scr2014,mustOut,psngRoadPub
83NO,h0004,0.031023466046835035,scr2014,mustOut,psngRoadPub
83NO,h0005,0.10790210500797924,scr2014,mustOut,psngRoadPub
83NO,h0006,0.15645673484310854,scr2014,mustOut,psngRoadPub
83NO,h0007,0.17174066639247026,scr2014,mustOut,psngRoadPub
83NO,h0008,0.14061260142725376,scr2014,mustOut,psngRoadPub
83NO,h0009,0.27983841186427333,scr2014,mustOut,psngRoadPub
83NO,h0010,0.3061050236627132,scr2014,mustOut,psngRoadPub
83NO,h0011,0.2853249073771272,scr2014,mustOut,psngRoadPub
83NO,h0012,0.11660987812931724,scr2014,mustOut,psngRoadPub
83NO,h0013,0.03130010859559864,scr2014,mustOut,psngRoadPub
83NO,h0014,0.005188151206209754,scr2014,mustOut,psngRoadPub
83NO,h0015,0.0,scr2014,mustOut,psngRoadPub
83NO,h0016,0.00535995757654951,scr2014,mustOut,psngRoadPub
83NO,h0017,0.06502645484417215,scr2014,mustOut,psngRoadPub
83NO,h0018,0.18674948763904498,scr2014,mustOut,psngRoadPub
83NO,h0019,0.2626827673024324,scr2014,mustOut,psngRoadPub
83NO,h0020,0.22695960816855384,scr2014,mustOut,psngRoadPub
83NO,h0021,0.23176430466154407,scr2014,mustOut,psngRoadPub
83NO,h0022,0.2549403111318762,scr2014,mustOut,psngRoadPub
83NO,h0023,0.23531857539501297,scr2014,mustOut,psngRoadPub
83NO,h0024,0.11660987812931724,scr2014,mustOut,psngRoadPub
84NO,h0001,0.0,scr2014,mustOut,psngRoadPub
84NO,h0002,0.0,scr2014,mustOut,psngRoadPub
84NO,h0003,0.0,scr2014,mustOut,psngRoadPub
84NO,h0004,0.031023466046835035,scr2014,mustOut,psngRoadPub
84NO,h0005,0.10790210500797924,scr2014,mustOut,psngRoadPub
84NO,h0006,0.15645673484310854,scr2014,mustOut,psngRoadPub
84NO,h0007,0.17174066639247026,scr2014,mustOut,psngRoadPub
84NO,h0008,0.14061260142725376,scr2014,mustOut,psngRoadPub
84NO,h0009,0.27983841186427333,scr2014,mustOut,psngRoadPub
84NO,h0010,0.3061050236627132,scr2014,mustOut,psngRoadPub
84NO,h0011,0.2853249073771272,scr2014,mustOut,psngRoadPub
84NO,h0012,0.11660987812931724,scr2014,mustOut,psngRoadPub
84NO,h0013,0.03130010859559864,scr2014,mustOut,psngRoadPub
84NO,h0014,0.005188151206209754,scr2014,mustOut,psngRoadPub
84NO,h0015,0.0,scr2014,mustOut,psngRoadPub
84NO,h0016,0.00535995757654951,scr2014,mustOut,psngRoadPub
84NO,h0017,0.06502645484417215,scr2014,mustOut,psngRoadPub
84NO,h0018,0.18674948763904498,scr2014,mustOut,psngRoadPub
84NO,h0019,0.2626827673024324,scr2014,mustOut,psngRoadPub
84NO,h0020,0.22695960816855384,scr2014,mustOut,psngRoadPub
84NO,h0021,0.23176430466154407,scr2014,mustOut,psngRoadPub
84NO,h0022,0.2549403111318762,scr2014,mustOut,psngRoadPub
84NO,h0023,0.23531857539501297,scr2014,mustOut,psngRoadPub
84NO,h0024,0.11660987812931724,scr2014,mustOut,psngRoadPub
85NO,h0001,0.0,scr2014,mustOut,psngRoadPub
85NO,h0002,0.0,scr2014,mustOut,psngRoadPub
85NO,h0003,0.0,scr2014,mustOut,psngRoadPub
85NO,h0004,0.031023466046835035,scr2014,mustOut,psngRoadPub
85NO,h0005,0.10790210500797924,scr2014,mustOut,psngRoadPub
85NO,h0006,0.15645673484310854,scr2014,mustOut,psngRoadPub
85NO,h0007,0.17174066639247026,scr2014,mustOut,psngRoadPub
85NO,h0008,0.14061260142725376,scr2014,mustOut,psngRoadPub
85NO,h0009,0.27983841186427333,scr2014,mustOut,psngRoadPub
85NO,h0010,0.3061050236627132,scr2014,mustOut,psngRoadPub
85NO,h0011,0.2853249073771272,scr2014,mustOut,psngRoadPub
85NO,h0012,0.11660987812931724,scr2014,mustOut,psngRoadPub
85NO,h0013,0.03130010859559864,scr2014,mustOut,psngRoadPub
85NO,h0014,0.005188151206209754,scr2014,mustOut,psngRoadPub
85NO,h0015,0.0,scr2014,mustOut,psngRoadPub
85NO,h0016,0.00535995757654951,scr2014,mustOut,psngRoadPub
85NO,h0017,0.06502645484417215,scr2014,mustOut,psngRoadPub
85NO,h0018,0.18674948763904498,scr2014,mustOut,psngRoadPub
85NO,h0019,0.2626827673024324,scr2014,mustOut,psngRoadPub
85NO,h0020,0.22695960816855384,scr2014,mustOut,psngRoadPub
85NO,h0021,0.23176430466154407,scr2014,mustOut,psngRoadPub
85NO,h0022,0.2549403111318762,scr2014,mustOut,psngRoadPub
85NO,h0023,0.23531857539501297,scr2014,mustOut,psngRoadPub
85NO,h0024,0.11660987812931724,scr2014,mustOut,psngRoadPub
86SE,h0001,0.0,scr2014,mustOut,psngRoadPub
86SE,h0002,0.0,scr2014,mustOut,psngRoadPub
86SE,h0003,0.0,scr2014,mustOut,psngRoadPub
86SE,h0004,0.031023466046835035,scr2014,mustOut,psngRoadPub
86SE,h0005,0.10790210500797924,scr2014,mustOut,psngRoadPub
86SE,h0006,0.15645673484310854,scr2014,mustOut,psngRoadPub
86SE,h0007,0.17174066639247026,scr2014,mustOut,psngRoadPub
86SE,h0008,0.14061260142725376,scr2014,mustOut,psngRoadPub
86SE,h0009,0.27983841186427333,scr2014,mustOut,psngRoadPub
86SE,h0010,0.3061050236627132,scr2014,mustOut,psngRoadPub
86SE,h0011,0.2853249073771272,scr2014,mustOut,psngRoadPub
86SE,h0012,0.11660987812931724,scr2014,mustOut,psngRoadPub
86SE,h0013,0.03130010859559864,scr2014,mustOut,psngRoadPub
86SE,h0014,0.005188151206209754,scr2014,mustOut,psngRoadPub
86SE,h0015,0.0,scr2014,mustOut,psngRoadPub
86SE,h0016,0.00535995757654951,scr2014,mustOut,psngRoadPub
86SE,h0017,0.06502645484417215,scr2014,mustOut,psngRoadPub
86SE,h0018,0.18674948763904498,scr2014,mustOut,psngRoadPub
86SE,h0019,0.2626827673024324,scr2014,mustOut,psngRoadPub
86SE,h0020,0.22695960816855384,scr2014,mustOut,psngRoadPub
86SE,h0021,0.23176430466154407,scr2014,mustOut,psngRoadPub
86SE,h0022,0.2549403111318762,scr2014,mustOut,psngRoadPub
86SE,h0023,0.23531857539501297,scr2014,mustOut,psngRoadPub
86SE,h0024,0.11660987812931724,scr2014,mustOut,psngRoadPub
87SE,h0001,0.0,scr2014,mustOut,psngRoadPub
87SE,h0002,0.0,scr2014,mustOut,psngRoadPub
87SE,h0003,0.0,scr2014,mustOut,psngRoadPub
87SE,h0004,0.031023466046835035,scr2014,mustOut,psngRoadPub
87SE,h0005,0.10790210500797924,scr2014,mustOut,psngRoadPub
87SE,h0006,0.15645673484310854,scr2014,mustOut,psngRoadPub
87SE,h0007,0.17174066639247026,scr2014,mustOut,psngRoadPub
87SE,h0008,0.14061260142725376,scr2014,mustOut,psngRoadPub
87SE,h0009,0.27983841186427333,scr2014,mustOut,psngRoadPub
87SE,h0010,0.3061050236627132,scr2014,mustOut,psngRoadPub
87SE,h0011,0.2853249073771272,scr2014,mustOut,psngRoadPub
87SE,h0012,0.11660987812931724,scr2014,mustOut,psngRoadPub
87SE,h0013,0.03130010859559864,scr2014,mustOut,psngRoadPub
87SE,h0014,0.005188151206209754,scr2014,mustOut,psngRoadPub
87SE,h0015,0.0,scr2014,mustOut,psngRoadPub
87SE,h0016,0.00535995757654951,scr2014,mustOut,psngRoadPub
87SE,h0017,0.06502645484417215,scr2014,mustOut,psngRoadPub
87SE,h0018,0.18674948763904498,scr2014,mustOut,psngRoadPub
87SE,h0019,0.2626827673024324,scr2014,mustOut,psngRoadPub
87SE,h0020,0.22695960816855384,scr2014,mustOut,psngRoadPub
87SE,h0021,0.23176430466154407,scr2014,mustOut,psngRoadPub
87SE,h0022,0.2549403111318762,scr2014,mustOut,psngRoadPub
87SE,h0023,0.23531857539501297,scr2014,mustOut,psngRoadPub
87SE,h0024,0.11660987812931724,scr2014,mustOut,psngRoadPub
88SE,h0001,0.0,scr2014,mustOut,psngRoadPub
88SE,h0002,0.0,scr2014,mustOut,psngRoadPub
88SE,h0003,0.0,scr2014,mustOut,psngRoadPub
88SE,h0004,0.031023466046835035,scr2014,mustOut,psngRoadPub
88SE,h0005,0.10790210500797924,scr2014,mustOut,psngRoadPub
88SE,h0006,0.15645673484310854,scr2014,mustOut,psngRoadPub
88SE,h0007,0.17174066639247026,scr2014,mustOut,psngRoadPub
88SE,h0008,0.14061260142725376,scr2014,mustOut,psngRoadPub
88SE,h0009,0.27983841186427333,scr2014,mustOut,psngRoadPub
88SE,h0010,0.3061050236627132,scr2014,mustOut,psngRoadPub
88SE,h0011,0.2853249073771272,scr2014,mustOut,psngRoadPub
88SE,h0012,0.11660987812931724,scr2014,mustOut,psngRoadPub
88SE,h0013,0.03130010859559864,scr2014,mustOut,psngRoadPub
88SE,h0014,0.005188151206209754,scr2014,mustOut,psngRoadPub
88SE,h0015,0.0,scr2014,mustOut,psngRoadPub
88SE,h0016,0.00535995757654951,scr2014,mustOut,psngRoadPub
88SE,h0017,0.06502645484417215,scr2014,mustOut,psngRoadPub
88SE,h0018,0.18674948763904498,scr2014,mustOut,psngRoadPub
88SE,h0019,0.2626827673024324,scr2014,mustOut,psngRoadPub
88SE,h0020,0.22695960816855384,scr2014,mustOut,psngRoadPub
88SE,h0021,0.23176430466154407,scr2014,mustOut,psngRoadPub
88SE,h0022,0.2549403111318762,scr2014,mustOut,psngRoadPub
88SE,h0023,0.23531857539501297,scr2014,mustOut,psngRoadPub
88SE,h0024,0.11660987812931724,scr2014,mustOut,psngRoadPub
89SE,h0001,0.0,scr2014,mustOut,psngRoadPub
89SE,h0002,0.0,scr2014,mustOut,psngRoadPub
89SE,h0003,0.0,scr2014,mustOut,psngRoadPub
89SE,h0004,0.031023466046835035,scr2014,mustOut,psngRoadPub
89SE,h0005,0.10790210500797924,scr2014,mustOut,psngRoadPub
89SE,h0006,0.15645673484310854,scr2014,mustOut,psngRoadPub
89SE,h0007,0.17174066639247026,scr2014,mustOut,psngRoadPub
89SE,h0008,0.14061260142725376,scr2014,mustOut,psngRoadPub
89SE,h0009,0.27983841186427333,scr2014,mustOut,psngRoadPub
89SE,h0010,0.3061050236627132,scr2014,mustOut,psngRoadPub
89SE,h0011,0.2853249073771272,scr2014,mustOut,psngRoadPub
89SE,h0012,0.11660987812931724,scr2014,mustOut,psngRoadPub
89SE,h0013,0.03130010859559864,scr2014,mustOut,psngRoadPub
89SE,h0014,0.005188151206209754,scr2014,mustOut,psngRoadPub
89SE,h0015,0.0,scr2014,mustOut,psngRoadPub
89SE,h0016,0.00535995757654951,scr2014,mustOut,psngRoadPub
89SE,h0017,0.06502645484417215,scr2014,mustOut,psngRoadPub
89SE,h0018,0.18674948763904498,scr2014,mustOut,psngRoadPub
89SE,h0019,0.2626827673024324,scr2014,mustOut,psngRoadPub
89SE,h0020,0.22695960816855384,scr2014,mustOut,psngRoadPub
89SE,h0021,0.23176430466154407,scr2014,mustOut,psngRoadPub
89SE,h0022,0.2549403111318762,scr2014,mustOut,psngRoadPub
89SE,h0023,0.23531857539501297,scr2014,mustOut,psngRoadPub
89SE,h0024,0.11660987812931724,scr2014,mustOut,psngRoadPub
90UK,h0001,0.0,scr2014,mustOut,psngRoadPub
90UK,h0002,0.0,scr2014,mustOut,psngRoadPub
90UK,h0003,0.0,scr2014,mustOut,psngRoadPub
90UK,h0004,0.031023466046835035,scr2014,mustOut,psngRoadPub
90UK,h0005,0.10790210500797924,scr2014,mustOut,psngRoadPub
90UK,h0006,0.15645673484310854,scr2014,mustOut,psngRoadPub
90UK,h0007,0.17174066639247026,scr2014,mustOut,psngRoadPub
90UK,h0008,0.14061260142725376,scr2014,mustOut,psngRoadPub
90UK,h0009,0.27983841186427333,scr2014,mustOut,psngRoadPub
90UK,h0010,0.3061050236627132,scr2014,mustOut,psngRoadPub
90UK,h0011,0.2853249073771272,scr2014,mustOut,psngRoadPub
90UK,h0012,0.11660987812931724,scr2014,mustOut,psngRoadPub
90UK,h0013,0.03130010859559864,scr2014,mustOut,psngRoadPub
90UK,h0014,0.005188151206209754,scr2014,mustOut,psngRoadPub
90UK,h0015,0.0,scr2014,mustOut,psngRoadPub
90UK,h0016,0.00535995757654951,scr2014,mustOut,psngRoadPub
90UK,h0017,0.06502645484417215,scr2014,mustOut,psngRoadPub
90UK,h0018,0.18674948763904498,scr2014,mustOut,psngRoadPub
90UK,h0019,0.2626827673024324,scr2014,mustOut,psngRoadPub
90UK,h0020,0.22695960816855384,scr2014,mustOut,psngRoadPub
90UK,h0021,0.23176430466154407,scr2014,mustOut,psngRoadPub
90UK,h0022,0.2549403111318762,scr2014,mustOut,psngRoadPub
90UK,h0023,0.23531857539501297,scr2014,mustOut,psngRoadPub
90UK,h0024,0.11660987812931724,scr2014,mustOut,psngRoadPub
91UK,h0001,0.0,scr2014,mustOut,psngRoadPub
91UK,h0002,0.0,scr2014,mustOut,psngRoadPub
91UK,h0003,0.0,scr2014,mustOut,psngRoadPub
91UK,h0004,0.031023466046835035,scr2014,mustOut,psngRoadPub
91UK,h0005,0.10790210500797924,scr2014,mustOut,psngRoadPub
91UK,h0006,0.15645673484310854,scr2014,mustOut,psngRoadPub
91UK,h0007,0.17174066639247026,scr2014,mustOut,psngRoadPub
91UK,h0008,0.14061260142725376,scr2014,mustOut,psngRoadPub
91UK,h0009,0.27983841186427333,scr2014,mustOut,psngRoadPub
91UK,h0010,0.3061050236627132,scr2014,mustOut,psngRoadPub
91UK,h0011,0.2853249073771272,scr2014,mustOut,psngRoadPub
91UK,h0012,0.11660987812931724,scr2014,mustOut,psngRoadPub
91UK,h0013,0.03130010859559864,scr2014,mustOut,psngRoadPub
91UK,h0014,0.005188151206209754,scr2014,mustOut,psngRoadPub
91UK,h0015,0.0,scr2014,mustOut,psngRoadPub
91UK,h0016,0.00535995757654951,scr2014,mustOut,psngRoadPub
91UK,h0017,0.06502645484417215,scr2014,mustOut,psngRoadPub
91UK,h0018,0.18674948763904498,scr2014,mustOut,psngRoadPub
91UK,h0019,0.2626827673024324,scr2014,mustOut,psngRoadPub
91UK,h0020,0.22695960816855384,scr2014,mustOut,psngRoadPub
91UK,h0021,0.23176430466154407,scr2014,mustOut,psngRoadPub
91UK,h0022,0.2549403111318762,scr2014,mustOut,psngRoadPub
91UK,h0023,0.23531857539501297,scr2014,mustOut,psngRoadPub
91UK,h0024,0.11660987812931724,scr2014,mustOut,psngRoadPub
92UK,h0001,0.0,scr2014,mustOut,psngRoadPub
92UK,h0002,0.0,scr2014,mustOut,psngRoadPub
92UK,h0003,0.0,scr2014,mustOut,psngRoadPub
92UK,h0004,0.031023466046835035,scr2014,mustOut,psngRoadPub
92UK,h0005,0.10790210500797924,scr2014,mustOut,psngRoadPub
92UK,h0006,0.15645673484310854,scr2014,mustOut,psngRoadPub
92UK,h0007,0.17174066639247026,scr2014,mustOut,psngRoadPub
92UK,h0008,0.14061260142725376,scr2014,mustOut,psngRoadPub
92UK,h0009,0.27983841186427333,scr2014,mustOut,psngRoadPub
92UK,h0010,0.3061050236627132,scr2014,mustOut,psngRoadPub
92UK,h0011,0.2853249073771272,scr2014,mustOut,psngRoadPub
92UK,h0012,0.11660987812931724,scr2014,mustOut,psngRoadPub
92UK,h0013,0.03130010859559864,scr2014,mustOut,psngRoadPub
92UK,h0014,0.005188151206209754,scr2014,mustOut,psngRoadPub
92UK,h0015,0.0,scr2014,mustOut,psngRoadPub
92UK,h0016,0.00535995757654951,scr2014,mustOut,psngRoadPub
92UK,h0017,0.06502645484417215,scr2014,mustOut,psngRoadPub
92UK,h0018,0.18674948763904498,scr2014,mustOut,psngRoadPub
92UK,h0019,0.2626827673024324,scr2014,mustOut,psngRoadPub
92UK,h0020,0.22695960816855384,scr2014,mustOut,psngRoadPub
92UK,h0021,0.23176430466154407,scr2014,mustOut,psngRoadPub
92UK,h0022,0.2549403111318762,scr2014,mustOut,psngRoadPub
92UK,h0023,0.23531857539501297,scr2014,mustOut,psngRoadPub
92UK,h0024,0.11660987812931724,scr2014,mustOut,psngRoadPub
93UK,h0001,0.0,scr2014,mustOut,psngRoadPub
93UK,h0002,0.0,scr2014,mustOut,psngRoadPub
93UK,h0003,0.0,scr2014,mustOut,psngRoadPub
93UK,h0004,0.031023466046835035,scr2014,mustOut,psngRoadPub
93UK,h0005,0.10790210500797924,scr2014,mustOut,psngRoadPub
93UK,h0006,0.15645673484310854,scr2014,mustOut,psngRoadPub
93UK,h0007,0.17174066639247026,scr2014,mustOut,psngRoadPub
93UK,h0008,0.14061260142725376,scr2014,mustOut,psngRoadPub
93UK,h0009,0.27983841186427333,scr2014,mustOut,psngRoadPub
93UK,h0010,0.3061050236627132,scr2014,mustOut,psngRoadPub
93UK,h0011,0.2853249073771272,scr2014,mustOut,psngRoadPub
93UK,h0012,0.11660987812931724,scr2014,mustOut,psngRoadPub
93UK,h0013,0.03130010859559864,scr2014,mustOut,psngRoadPub
93UK,h0014,0.005188151206209754,scr2014,mustOut,psngRoadPub
93UK,h0015,0.0,scr2014,mustOut,psngRoadPub
93UK,h0016,0.00535995757654951,scr2014,mustOut,psngRoadPub
93UK,h0017,0.06502645484417215,scr2014,mustOut,psngRoadPub
93UK,h0018,0.18674948763904498,scr2014,mustOut,psngRoadPub
93UK,h0019,0.2626827673024324,scr2014,mustOut,psngRoadPub
93UK,h0020,0.22695960816855384,scr2014,mustOut,psngRoadPub
93UK,h0021,0.23176430466154407,scr2014,mustOut,psngRoadPub
93UK,h0022,0.2549403111318762,scr2014,mustOut,psngRoadPub
93UK,h0023,0.23531857539501297,scr2014,mustOut,psngRoadPub
93UK,h0024,0.11660987812931724,scr2014,mustOut,psngRoadPub
94UK,h0001,0.0,scr2014,mustOut,psngRoadPub
94UK,h0002,0.0,scr2014,mustOut,psngRoadPub
94UK,h0003,0.0,scr2014,mustOut,psngRoadPub
94UK,h0004,0.031023466046835035,scr2014,mustOut,psngRoadPub
94UK,h0005,0.10790210500797924,scr2014,mustOut,psngRoadPub
94UK,h0006,0.15645673484310854,scr2014,mustOut,psngRoadPub
94UK,h0007,0.17174066639247026,scr2014,mustOut,psngRoadPub
94UK,h0008,0.14061260142725376,scr2014,mustOut,psngRoadPub
94UK,h0009,0.27983841186427333,scr2014,mustOut,psngRoadPub
94UK,h0010,0.3061050236627132,scr2014,mustOut,psngRoadPub
94UK,h0011,0.2853249073771272,scr2014,mustOut,psngRoadPub
94UK,h0012,0.11660987812931724,scr2014,mustOut,psngRoadPub
94UK,h0013,0.03130010859559864,scr2014,mustOut,psngRoadPub
94UK,h0014,0.005188151206209754,scr2014,mustOut,psngRoadPub
94UK,h0015,0.0,scr2014,mustOut,psngRoadPub
94UK,h0016,0.00535995757654951,scr2014,mustOut,psngRoadPub
94UK,h0017,0.06502645484417215,scr2014,mustOut,psngRoadPub
94UK,h0018,0.18674948763904498,scr2014,mustOut,psngRoadPub
94UK,h0019,0.2626827673024324,scr2014,mustOut,psngRoadPub
94UK,h0020,0.22695960816855384,scr2014,mustOut,psngRoadPub
94UK,h0021,0.23176430466154407,scr2014,mustOut,psngRoadPub
94UK,h0022,0.2549403111318762,scr2014,mustOut,psngRoadPub
94UK,h0023,0.23531857539501297,scr2014,mustOut,psngRoadPub
94UK,h0024,0.11660987812931724,scr2014,mustOut,psngRoadPub
95UK,h0001,0.0,scr2014,mustOut,psngRoadPub
95UK,h0002,0.0,scr2014,mustOut,psngRoadPub
95UK,h0003,0.0,scr2014,mustOut,psngRoadPub
95UK,h0004,0.031023466046835035,scr2014,mustOut,psngRoadPub
95UK,h0005,0.10790210500797924,scr2014,mustOut,psngRoadPub
95UK,h0006,0.15645673484310854,scr2014,mustOut,psngRoadPub
95UK,h0007,0.17174066639247026,scr2014,mustOut,psngRoadPub
95UK,h0008,0.14061260142725376,scr2014,mustOut,psngRoadPub
95UK,h0009,0.27983841186427333,scr2014,mustOut,psngRoadPub
95UK,h0010,0.3061050236627132,scr2014,mustOut,psngRoadPub
95UK,h0011,0.2853249073771272,scr2014,mustOut,psngRoadPub
95UK,h0012,0.11660987812931724,scr2014,mustOut,psngRoadPub
95UK,h0013,0.03130010859559864,scr2014,mustOut,psngRoadPub
95UK,h0014,0.005188151206209754,scr2014,mustOut,psngRoadPub
95UK,h0015,0.0,scr2014,mustOut,psngRoadPub
95UK,h0016,0.00535995757654951,scr2014,mustOut,psngRoadPub
95UK,h0017,0.06502645484417215,scr2014,mustOut,psngRoadPub
95UK,h0018,0.18674948763904498,scr2014,mustOut,psngRoadPub
95UK,h0019,0.2626827673024324,scr2014,mustOut,psngRoadPub
95UK,h0020,0.22695960816855384,scr2014,mustOut,psngRoadPub
95UK,h0021,0.23176430466154407,scr2014,mustOut,psngRoadPub
95UK,h0022,0.2549403111318762,scr2014,mustOut,psngRoadPub
95UK,h0023,0.23531857539501297,scr2014,mustOut,psngRoadPub
95UK,h0024,0.11660987812931724,scr2014,mustOut,psngRoadPub
96IE,h0001,0.0,scr2014,mustOut,psngRoadPub
96IE,h0002,0.0,scr2014,mustOut,psngRoadPub
96IE,h0003,0.0,scr2014,mustOut,psngRoadPub
96IE,h0004,0.031023466046835035,scr2014,mustOut,psngRoadPub
96IE,h0005,0.10790210500797924,scr2014,mustOut,psngRoadPub
96IE,h0006,0.15645673484310854,scr2014,mustOut,psngRoadPub
96IE,h0007,0.17174066639247026,scr2014,mustOut,psngRoadPub
96IE,h0008,0.14061260142725376,scr2014,mustOut,psngRoadPub
96IE,h0009,0.27983841186427333,scr2014,mustOut,psngRoadPub
96IE,h0010,0.3061050236627132,scr2014,mustOut,psngRoadPub
96IE,h0011,0.2853249073771272,scr2014,mustOut,psngRoadPub
96IE,h0012,0.11660987812931724,scr2014,mustOut,psngRoadPub
96IE,h0013,0.03130010859559864,scr2014,mustOut,psngRoadPub
96IE,h0014,0.005188151206209754,scr2014,mustOut,psngRoadPub
96IE,h0015,0.0,scr2014,mustOut,psngRoadPub
96IE,h0016,0.00535995757654951,scr2014,mustOut,psngRoadPub
96IE,h0017,0.06502645484417215,scr2014,mustOut,psngRoadPub
96IE,h0018,0.18674948763904498,scr2014,mustOut,psngRoadPub
96IE,h0019,0.2626827673024324,scr2014,mustOut,psngRoadPub
96IE,h0020,0.22695960816855384,scr2014,mustOut,psngRoadPub
96IE,h0021,0.23176430466154407,scr2014,mustOut,psngRoadPub
96IE,h0022,0.2549403111318762,scr2014,mustOut,psngRoadPub
96IE,h0023,0.23531857539501297,scr2014,mustOut,psngRoadPub
96IE,h0024,0.11660987812931724,scr2014,mustOut,psngRoadPub
98IT,h0001,0.0,scr2014,mustOut,psngRoadPub
98IT,h0002,0.0,scr2014,mustOut,psngRoadPub
98IT,h0003,0.0,scr2014,mustOut,psngRoadPub
98IT,h0004,0.031023466046835035,scr2014,mustOut,psngRoadPub
98IT,h0005,0.10790210500797924,scr2014,mustOut,psngRoadPub
98IT,h0006,0.15645673484310854,scr2014,mustOut,psngRoadPub
98IT,h0007,0.17174066639247026,scr2014,mustOut,psngRoadPub
98IT,h0008,0.14061260142725376,scr2014,mustOut,psngRoadPub
98IT,h0009,0.27983841186427333,scr2014,mustOut,psngRoadPub
98IT,h0010,0.3061050236627132,scr2014,mustOut,psngRoadPub
98IT,h0011,0.2853249073771272,scr2014,mustOut,psngRoadPub
98IT,h0012,0.11660987812931724,scr2014,mustOut,psngRoadPub
98IT,h0013,0.03130010859559864,scr2014,mustOut,psngRoadPub
98IT,h0014,0.005188151206209754,scr2014,mustOut,psngRoadPub
98IT,h0015,0.0,scr2014,mustOut,psngRoadPub
98IT,h0016,0.00535995757654951,scr2014,mustOut,psngRoadPub
98IT,h0017,0.06502645484417215,scr2014,mustOut,psngRoadPub
98IT,h0018,0.18674948763904498,scr2014,mustOut,psngRoadPub
98IT,h0019,0.2626827673024324,scr2014,mustOut,psngRoadPub
98IT,h0020,0.22695960816855384,scr2014,mustOut,psngRoadPub
98IT,h0021,0.23176430466154407,scr2014,mustOut,psngRoadPub
98IT,h0022,0.2549403111318762,scr2014,mustOut,psngRoadPub
98IT,h0023,0.23531857539501297,scr2014,mustOut,psngRoadPub
98IT,h0024,0.11660987812931724,scr2014,mustOut,psngRoadPub
99FR,h0001,0.0,scr2014,mustOut,psngRoadPub
99FR,h0002,0.0,scr2014,mustOut,psngRoadPub
99FR,h0003,0.0,scr2014,mustOut,psngRoadPub
99FR,h0004,0.031023466046835035,scr2014,mustOut,psngRoadPub
99FR,h0005,0.10790210500797924,scr2014,mustOut,psngRoadPub
99FR,h0006,0.15645673484310854,scr2014,mustOut,psngRoadPub
99FR,h0007,0.17174066639247026,scr2014,mustOut,psngRoadPub
99FR,h0008,0.14061260142725376,scr2014,mustOut,psngRoadPub
99FR,h0009,0.27983841186427333,scr2014,mustOut,psngRoadPub
99FR,h0010,0.3061050236627132,scr2014,mustOut,psngRoadPub
99FR,h0011,0.2853249073771272,scr2014,mustOut,psngRoadPub
99FR,h0012,0.11660987812931724,scr2014,mustOut,psngRoadPub
99FR,h0013,0.03130010859559864,scr2014,mustOut,psngRoadPub
99FR,h0014,0.005188151206209754,scr2014,mustOut,psngRoadPub
99FR,h0015,0.0,scr2014,mustOut,psngRoadPub
99FR,h0016,0.00535995757654951,scr2014,mustOut,psngRoadPub
99FR,h0017,0.06502645484417215,scr2014,mustOut,psngRoadPub
99FR,h0018,0.18674948763904498,scr2014,mustOut,psngRoadPub
99FR,h0019,0.2626827673024324,scr2014,mustOut,psngRoadPub
99FR,h0020,0.22695960816855384,scr2014,mustOut,psngRoadPub
99FR,h0021,0.23176430466154407,scr2014,mustOut,psngRoadPub
99FR,h0022,0.2549403111318762,scr2014,mustOut,psngRoadPub
99FR,h0023,0.23531857539501297,scr2014,mustOut,psngRoadPub
99FR,h0024,0.11660987812931724,scr2014,mustOut,psngRoadPub
