region_1,timestep_6,value,scenario_1,parameter,technology_1
AL,h0241,0.04969162252510621,scr2085,avaConv,wind
AL,h0242,0.024932465315271327,scr2085,avaConv,wind
AL,h0243,0.005190287410386138,scr2085,avaConv,wind
AL,h0244,0.006631847156963689,scr2085,avaConv,wind
AL,h0245,0.007541247591141221,scr2085,avaConv,wind
AL,h0246,0.007622744150953648,scr2085,avaConv,wind
AL,h0247,0.005703825796595152,scr2085,avaConv,wind
AL,h0248,0.0036121056133590723,scr2085,avaConv,wind
AL,h0249,0.001700542241819112,scr2085,avaConv,wind
AL,h0250,0.0008615416302233255,scr2085,avaConv,wind
AL,h0251,0.0002880938645002833,scr2085,avaConv,wind
AL,h0252,0.0,scr2085,avaConv,wind
AL,h0253,0.0005995310985293423,scr2085,avaConv,wind
AL,h0254,0.0024083162324136016,scr2085,avaConv,wind
AL,h0255,0.005375113284100685,scr2085,avaConv,wind
AL,h0256,0.007860939381792822,scr2085,avaConv,wind
AL,h0257,0.009406169454124867,scr2085,avaConv,wind
AL,h0258,0.00984665597215663,scr2085,avaConv,wind
AL,h0259,0.016120537971511834,scr2085,avaConv,wind
AL,h0260,0.03015858787030112,scr2085,avaConv,wind
AL,h0261,0.05239862599304295,scr2085,avaConv,wind
AL,h0262,0.07247547106928107,scr2085,avaConv,wind
AL,h0263,0.0877690340514126,scr2085,avaConv,wind
AL,h0264,0.10012059822857507,scr2085,avaConv,wind
AL,h0265,0.1339013683946903,scr2085,avaConv,wind
AL,h0266,0.16142961176192014,scr2085,avaConv,wind
AL,h0267,0.18061891677000896,scr2085,avaConv,wind
AL,h0268,0.16833396625915392,scr2085,avaConv,wind
AL,h0269,0.15756490469789294,scr2085,avaConv,wind
AL,h0270,0.1504806703150444,scr2085,avaConv,wind
AL,h0271,0.15223938183875266,scr2085,avaConv,wind
AL,h0272,0.18533336075777015,scr2085,avaConv,wind
AL,h0273,0.24712584659250364,scr2085,avaConv,wind
AL,h0274,0.3229894898179463,scr2085,avaConv,wind
AL,h0275,0.37693102659551264,scr2085,avaConv,wind
AL,h0276,0.40648870090321687,scr2085,avaConv,wind
AL,h0277,0.3488773157790866,scr2085,avaConv,wind
AL,h0278,0.27715538635631115,scr2085,avaConv,wind
AL,h0279,0.1975586822021229,scr2085,avaConv,wind
AL,h0280,0.17295575687502007,scr2085,avaConv,wind
AL,h0281,0.14967276913053695,scr2085,avaConv,wind
AL,h0282,0.1311641357556017,scr2085,avaConv,wind
AL,h0283,0.08276615737947181,scr2085,avaConv,wind
AL,h0284,0.042362280951467636,scr2085,avaConv,wind
AL,h0285,0.01055211464853811,scr2085,avaConv,wind
AL,h0286,0.006853287538679463,scr2085,avaConv,wind
AL,h0287,0.005197477016236042,scr2085,avaConv,wind
AL,h0288,0.0053616197713403264,scr2085,avaConv,wind
AT,h0241,0.014535639680006625,scr2085,avaConv,wind
AT,h0242,0.022737193820994372,scr2085,avaConv,wind
AT,h0243,0.031264828828241685,scr2085,avaConv,wind
AT,h0244,0.030935040450151195,scr2085,avaConv,wind
AT,h0245,0.029284871545360636,scr2085,avaConv,wind
AT,h0246,0.024227863450220266,scr2085,avaConv,wind
AT,h0247,0.021968062503042663,scr2085,avaConv,wind
AT,h0248,0.019901110529237338,scr2085,avaConv,wind
AT,h0249,0.02097675051391894,scr2085,avaConv,wind
AT,h0250,0.020789796995270896,scr2085,avaConv,wind
AT,h0251,0.02351689476960282,scr2085,avaConv,wind
AT,h0252,0.026541198147624238,scr2085,avaConv,wind
AT,h0253,0.018031457007786297,scr2085,avaConv,wind
AT,h0254,0.008465433086016891,scr2085,avaConv,wind
AT,h0255,0.0,scr2085,avaConv,wind
AT,h0256,0.0,scr2085,avaConv,wind
AT,h0257,0.0005206229540257705,scr2085,avaConv,wind
AT,h0258,0.0022128590495252847,scr2085,avaConv,wind
AT,h0259,0.008446020799549456,scr2085,avaConv,wind
AT,h0260,0.014843926736728965,scr2085,avaConv,wind
AT,h0261,0.02072864882973058,scr2085,avaConv,wind
AT,h0262,0.022734782503210788,scr2085,avaConv,wind
AT,h0263,0.025005355352228427,scr2085,avaConv,wind
AT,h0264,0.026408991636132608,scr2085,avaConv,wind
AT,h0265,0.0614480782241925,scr2085,avaConv,wind
AT,h0266,0.09654796699246497,scr2085,avaConv,wind
AT,h0267,0.1322296180147781,scr2085,avaConv,wind
AT,h0268,0.1284709955244405,scr2085,avaConv,wind
AT,h0269,0.11392673890299239,scr2085,avaConv,wind
AT,h0270,0.10160727345733862,scr2085,avaConv,wind
AT,h0271,0.0835751785278736,scr2085,avaConv,wind
AT,h0272,0.07895242378859461,scr2085,avaConv,wind
AT,h0273,0.06983330141578498,scr2085,avaConv,wind
AT,h0274,0.06641872683514072,scr2085,avaConv,wind
AT,h0275,0.060711111518298826,scr2085,avaConv,wind
AT,h0276,0.05707748967172275,scr2085,avaConv,wind
AT,h0277,0.053938848674678186,scr2085,avaConv,wind
AT,h0278,0.05126365610199654,scr2085,avaConv,wind
AT,h0279,0.04987992470028842,scr2085,avaConv,wind
AT,h0280,0.051351039458802976,scr2085,avaConv,wind
AT,h0281,0.059072741054224505,scr2085,avaConv,wind
AT,h0282,0.07519576156023254,scr2085,avaConv,wind
AT,h0283,0.08985532961047488,scr2085,avaConv,wind
AT,h0284,0.09542890646116994,scr2085,avaConv,wind
AT,h0285,0.09385549297022111,scr2085,avaConv,wind
AT,h0286,0.09452947613460831,scr2085,avaConv,wind
AT,h0287,0.09952474010899712,scr2085,avaConv,wind
AT,h0288,0.1029931503025801,scr2085,avaConv,wind
BA,h0241,0.0011375911466913135,scr2085,avaConv,wind
BA,h0242,0.0006985693021531905,scr2085,avaConv,wind
BA,h0243,0.00023989658632519637,scr2085,avaConv,wind
BA,h0244,0.00024418072675562024,scr2085,avaConv,wind
BA,h0245,0.00022042706271758358,scr2085,avaConv,wind
BA,h0246,0.00015823436109927596,scr2085,avaConv,wind
BA,h0247,0.00038514479334285557,scr2085,avaConv,wind
BA,h0248,0.0007269216610379769,scr2085,avaConv,wind
BA,h0249,0.0011173858889873183,scr2085,avaConv,wind
BA,h0250,0.0009837704966751402,scr2085,avaConv,wind
BA,h0251,0.0006779791667561743,scr2085,avaConv,wind
BA,h0252,0.0003286370137961728,scr2085,avaConv,wind
BA,h0253,0.0003300706467162699,scr2085,avaConv,wind
BA,h0254,0.00046299188296340806,scr2085,avaConv,wind
BA,h0255,0.000939246260817062,scr2085,avaConv,wind
BA,h0256,0.0012642665060937327,scr2085,avaConv,wind
BA,h0257,0.001676402253861471,scr2085,avaConv,wind
BA,h0258,0.0018041281766975196,scr2085,avaConv,wind
BA,h0259,0.04417651152858468,scr2085,avaConv,wind
BA,h0260,0.10903157357499968,scr2085,avaConv,wind
BA,h0261,0.18808811634502592,scr2085,avaConv,wind
BA,h0262,0.20016762700411309,scr2085,avaConv,wind
BA,h0263,0.20711835484460842,scr2085,avaConv,wind
BA,h0264,0.21342712068072012,scr2085,avaConv,wind
BA,h0265,0.1408051166488761,scr2085,avaConv,wind
BA,h0266,0.07596137095707751,scr2085,avaConv,wind
BA,h0267,0.021839298187561106,scr2085,avaConv,wind
BA,h0268,0.02304894892852874,scr2085,avaConv,wind
BA,h0269,0.021707212997015096,scr2085,avaConv,wind
BA,h0270,0.0195795674828623,scr2085,avaConv,wind
BA,h0271,0.027352124718094128,scr2085,avaConv,wind
BA,h0272,0.042746080348575986,scr2085,avaConv,wind
BA,h0273,0.06691805868516938,scr2085,avaConv,wind
BA,h0274,0.08676675696747871,scr2085,avaConv,wind
BA,h0275,0.10864767822080745,scr2085,avaConv,wind
BA,h0276,0.12892346207506764,scr2085,avaConv,wind
BA,h0277,0.10569253239123111,scr2085,avaConv,wind
BA,h0278,0.07853920952336271,scr2085,avaConv,wind
BA,h0279,0.05025240611344598,scr2085,avaConv,wind
BA,h0280,0.05280882708802567,scr2085,avaConv,wind
BA,h0281,0.05354765282536453,scr2085,avaConv,wind
BA,h0282,0.0539999528250656,scr2085,avaConv,wind
BA,h0283,0.04270713910668686,scr2085,avaConv,wind
BA,h0284,0.03224836155274072,scr2085,avaConv,wind
BA,h0285,0.02378885036637124,scr2085,avaConv,wind
BA,h0286,0.02821098069620797,scr2085,avaConv,wind
BA,h0287,0.035798015762589425,scr2085,avaConv,wind
BA,h0288,0.045011432725827354,scr2085,avaConv,wind
BE,h0241,0.21193767298709942,scr2085,avaConv,wind
BE,h0242,0.3316128454438537,scr2085,avaConv,wind
BE,h0243,0.4395016917541332,scr2085,avaConv,wind
BE,h0244,0.40222045649941024,scr2085,avaConv,wind
BE,h0245,0.3610534106216411,scr2085,avaConv,wind
BE,h0246,0.3027760659940145,scr2085,avaConv,wind
BE,h0247,0.30356174758131876,scr2085,avaConv,wind
BE,h0248,0.3233171760656375,scr2085,avaConv,wind
BE,h0249,0.37817958830164794,scr2085,avaConv,wind
BE,h0250,0.39442263950156353,scr2085,avaConv,wind
BE,h0251,0.4195972838940812,scr2085,avaConv,wind
BE,h0252,0.4469702420715129,scr2085,avaConv,wind
BE,h0253,0.3962540746950378,scr2085,avaConv,wind
BE,h0254,0.33343864016442243,scr2085,avaConv,wind
BE,h0255,0.2640525285709936,scr2085,avaConv,wind
BE,h0256,0.27008950026785683,scr2085,avaConv,wind
BE,h0257,0.27618243849835483,scr2085,avaConv,wind
BE,h0258,0.28165969240041516,scr2085,avaConv,wind
BE,h0259,0.24059003795474074,scr2085,avaConv,wind
BE,h0260,0.18964754628250316,scr2085,avaConv,wind
BE,h0261,0.12947095028411781,scr2085,avaConv,wind
BE,h0262,0.11257057978974985,scr2085,avaConv,wind
BE,h0263,0.10363346245981303,scr2085,avaConv,wind
BE,h0264,0.103698889245301,scr2085,avaConv,wind
BE,h0265,0.2939964662479536,scr2085,avaConv,wind
BE,h0266,0.47295130259937784,scr2085,avaConv,wind
BE,h0267,0.6449407105828424,scr2085,avaConv,wind
BE,h0268,0.6435388155654007,scr2085,avaConv,wind
BE,h0269,0.6467443156092993,scr2085,avaConv,wind
BE,h0270,0.650496556381916,scr2085,avaConv,wind
BE,h0271,0.6114036319581565,scr2085,avaConv,wind
BE,h0272,0.5685101795189657,scr2085,avaConv,wind
BE,h0273,0.524152242106603,scr2085,avaConv,wind
BE,h0274,0.5395976656210749,scr2085,avaConv,wind
BE,h0275,0.5631030178981239,scr2085,avaConv,wind
BE,h0276,0.58409858373662,scr2085,avaConv,wind
BE,h0277,0.46109968145881186,scr2085,avaConv,wind
BE,h0278,0.3315166544924953,scr2085,avaConv,wind
BE,h0279,0.20371212319107326,scr2085,avaConv,wind
BE,h0280,0.2078502931755063,scr2085,avaConv,wind
BE,h0281,0.21171639487615745,scr2085,avaConv,wind
BE,h0282,0.21631719200265626,scr2085,avaConv,wind
BE,h0283,0.2780548127974985,scr2085,avaConv,wind
BE,h0284,0.34741979875735174,scr2085,avaConv,wind
BE,h0285,0.4212021844373885,scr2085,avaConv,wind
BE,h0286,0.4426606317299935,scr2085,avaConv,wind
BE,h0287,0.45419510259685975,scr2085,avaConv,wind
BE,h0288,0.456145449380681,scr2085,avaConv,wind
BG,h0241,0.05485343810940397,scr2085,avaConv,wind
BG,h0242,0.08659980835257158,scr2085,avaConv,wind
BG,h0243,0.11116097080805916,scr2085,avaConv,wind
BG,h0244,0.10019374826012543,scr2085,avaConv,wind
BG,h0245,0.08545667496351383,scr2085,avaConv,wind
BG,h0246,0.06792004748427916,scr2085,avaConv,wind
BG,h0247,0.0653954917742048,scr2085,avaConv,wind
BG,h0248,0.073644272844126,scr2085,avaConv,wind
BG,h0249,0.08800514666074147,scr2085,avaConv,wind
BG,h0250,0.09145315928519376,scr2085,avaConv,wind
BG,h0251,0.09345551070155009,scr2085,avaConv,wind
BG,h0252,0.09858207163924489,scr2085,avaConv,wind
BG,h0253,0.07658701368801786,scr2085,avaConv,wind
BG,h0254,0.05433284095567821,scr2085,avaConv,wind
BG,h0255,0.03423827926021146,scr2085,avaConv,wind
BG,h0256,0.04473603165853614,scr2085,avaConv,wind
BG,h0257,0.062129203396880266,scr2085,avaConv,wind
BG,h0258,0.08416846287614965,scr2085,avaConv,wind
BG,h0259,0.06791109580359501,scr2085,avaConv,wind
BG,h0260,0.04728728471448522,scr2085,avaConv,wind
BG,h0261,0.02443036737439044,scr2085,avaConv,wind
BG,h0262,0.03729790603939315,scr2085,avaConv,wind
BG,h0263,0.0546277355594971,scr2085,avaConv,wind
BG,h0264,0.07845267898563313,scr2085,avaConv,wind
BG,h0265,0.17046747581097482,scr2085,avaConv,wind
BG,h0266,0.2592197036179458,scr2085,avaConv,wind
BG,h0267,0.3378566994947031,scr2085,avaConv,wind
BG,h0268,0.3343586359072885,scr2085,avaConv,wind
BG,h0269,0.3116130027479788,scr2085,avaConv,wind
BG,h0270,0.2811538168846605,scr2085,avaConv,wind
BG,h0271,0.1723618180960213,scr2085,avaConv,wind
BG,h0272,0.08526021607426465,scr2085,avaConv,wind
BG,h0273,0.015609411537743714,scr2085,avaConv,wind
BG,h0274,0.02180872508800289,scr2085,avaConv,wind
BG,h0275,0.031917528350924484,scr2085,avaConv,wind
BG,h0276,0.039082862691106196,scr2085,avaConv,wind
BG,h0277,0.03133942224125695,scr2085,avaConv,wind
BG,h0278,0.02319530999486558,scr2085,avaConv,wind
BG,h0279,0.01935049105934135,scr2085,avaConv,wind
BG,h0280,0.032150466273073476,scr2085,avaConv,wind
BG,h0281,0.052179464338916404,scr2085,avaConv,wind
BG,h0282,0.07840111325022808,scr2085,avaConv,wind
BG,h0283,0.11234743947977048,scr2085,avaConv,wind
BG,h0284,0.13971033865072308,scr2085,avaConv,wind
BG,h0285,0.16207050551534938,scr2085,avaConv,wind
BG,h0286,0.17522726633772742,scr2085,avaConv,wind
BG,h0287,0.18919774864748487,scr2085,avaConv,wind
BG,h0288,0.19904131326346217,scr2085,avaConv,wind
CH,h0241,0.002330980078865171,scr2085,avaConv,wind
CH,h0242,0.0035053352105998375,scr2085,avaConv,wind
CH,h0243,0.0041079359597654685,scr2085,avaConv,wind
CH,h0244,0.0038030539718284908,scr2085,avaConv,wind
CH,h0245,0.003425559993908008,scr2085,avaConv,wind
CH,h0246,0.0027534577006849466,scr2085,avaConv,wind
CH,h0247,0.014999635738370551,scr2085,avaConv,wind
CH,h0248,0.03190888510718194,scr2085,avaConv,wind
CH,h0249,0.04770767720625332,scr2085,avaConv,wind
CH,h0250,0.04938820791939778,scr2085,avaConv,wind
CH,h0251,0.04590479915836453,scr2085,avaConv,wind
CH,h0252,0.043375527479312365,scr2085,avaConv,wind
CH,h0253,0.03387494109818916,scr2085,avaConv,wind
CH,h0254,0.02534567979880863,scr2085,avaConv,wind
CH,h0255,0.017917728823020326,scr2085,avaConv,wind
CH,h0256,0.018708800220610913,scr2085,avaConv,wind
CH,h0257,0.019241940704727244,scr2085,avaConv,wind
CH,h0258,0.019353703106542726,scr2085,avaConv,wind
CH,h0259,0.02358282810489804,scr2085,avaConv,wind
CH,h0260,0.023596751231455625,scr2085,avaConv,wind
CH,h0261,0.020441723310147437,scr2085,avaConv,wind
CH,h0262,0.010772128736469872,scr2085,avaConv,wind
CH,h0263,0.004536796994618025,scr2085,avaConv,wind
CH,h0264,0.0014062595354046726,scr2085,avaConv,wind
CH,h0265,0.026939857477789007,scr2085,avaConv,wind
CH,h0266,0.05094599204837011,scr2085,avaConv,wind
CH,h0267,0.07151264947580693,scr2085,avaConv,wind
CH,h0268,0.06136397458653831,scr2085,avaConv,wind
CH,h0269,0.049306355284556,scr2085,avaConv,wind
CH,h0270,0.03358727724147249,scr2085,avaConv,wind
CH,h0271,0.019954923231228296,scr2085,avaConv,wind
CH,h0272,0.009558962146003559,scr2085,avaConv,wind
CH,h0273,0.005083834424103854,scr2085,avaConv,wind
CH,h0274,0.0022619576940243174,scr2085,avaConv,wind
CH,h0275,0.0007807546155246182,scr2085,avaConv,wind
CH,h0276,0.000572781326987736,scr2085,avaConv,wind
CH,h0277,0.02145144548659333,scr2085,avaConv,wind
CH,h0278,0.040404094285998685,scr2085,avaConv,wind
CH,h0279,0.056845972573828854,scr2085,avaConv,wind
CH,h0280,0.04921523601170967,scr2085,avaConv,wind
CH,h0281,0.039257176489496955,scr2085,avaConv,wind
CH,h0282,0.027071609401138803,scr2085,avaConv,wind
CH,h0283,0.03282263764899377,scr2085,avaConv,wind
CH,h0284,0.043186806984782,scr2085,avaConv,wind
CH,h0285,0.06173565659687835,scr2085,avaConv,wind
CH,h0286,0.06719463729986336,scr2085,avaConv,wind
CH,h0287,0.07298207095569328,scr2085,avaConv,wind
CH,h0288,0.07454075878207747,scr2085,avaConv,wind
CZ,h0241,0.041325619666622175,scr2085,avaConv,wind
CZ,h0242,0.053072416409076145,scr2085,avaConv,wind
CZ,h0243,0.0634875413905909,scr2085,avaConv,wind
CZ,h0244,0.055854178578986335,scr2085,avaConv,wind
CZ,h0245,0.04336704805888264,scr2085,avaConv,wind
CZ,h0246,0.02727133739346405,scr2085,avaConv,wind
CZ,h0247,0.043876652555944876,scr2085,avaConv,wind
CZ,h0248,0.06532142080523207,scr2085,avaConv,wind
CZ,h0249,0.09238798959306808,scr2085,avaConv,wind
CZ,h0250,0.08894227730878812,scr2085,avaConv,wind
CZ,h0251,0.08978980971598455,scr2085,avaConv,wind
CZ,h0252,0.09087441108251203,scr2085,avaConv,wind
CZ,h0253,0.062084402793887564,scr2085,avaConv,wind
CZ,h0254,0.03233620951446863,scr2085,avaConv,wind
CZ,h0255,0.0053050793348112385,scr2085,avaConv,wind
CZ,h0256,0.006172771070303567,scr2085,avaConv,wind
CZ,h0257,0.009133265061330975,scr2085,avaConv,wind
CZ,h0258,0.015323659658923067,scr2085,avaConv,wind
CZ,h0259,0.021888617705188292,scr2085,avaConv,wind
CZ,h0260,0.02309449331203834,scr2085,avaConv,wind
CZ,h0261,0.019340821401972956,scr2085,avaConv,wind
CZ,h0262,0.014199798181534511,scr2085,avaConv,wind
CZ,h0263,0.012046325903547591,scr2085,avaConv,wind
CZ,h0264,0.011797311457936773,scr2085,avaConv,wind
CZ,h0265,0.05427364783144284,scr2085,avaConv,wind
CZ,h0266,0.09846865071701506,scr2085,avaConv,wind
CZ,h0267,0.1438493965127423,scr2085,avaConv,wind
CZ,h0268,0.14386021114282385,scr2085,avaConv,wind
CZ,h0269,0.13618375770859203,scr2085,avaConv,wind
CZ,h0270,0.13122663320409111,scr2085,avaConv,wind
CZ,h0271,0.10621241750864097,scr2085,avaConv,wind
CZ,h0272,0.08831712672256176,scr2085,avaConv,wind
CZ,h0273,0.06562168268011095,scr2085,avaConv,wind
CZ,h0274,0.06189548997313359,scr2085,avaConv,wind
CZ,h0275,0.05800882863495292,scr2085,avaConv,wind
CZ,h0276,0.05401629025412522,scr2085,avaConv,wind
CZ,h0277,0.04223980862899275,scr2085,avaConv,wind
CZ,h0278,0.03273725277462537,scr2085,avaConv,wind
CZ,h0279,0.02683895115091324,scr2085,avaConv,wind
CZ,h0280,0.03506083098834394,scr2085,avaConv,wind
CZ,h0281,0.05342307401934761,scr2085,avaConv,wind
CZ,h0282,0.08529304025474485,scr2085,avaConv,wind
CZ,h0283,0.10623070611216437,scr2085,avaConv,wind
CZ,h0284,0.11350769038029186,scr2085,avaConv,wind
CZ,h0285,0.10682672023669124,scr2085,avaConv,wind
CZ,h0286,0.10791028724655775,scr2085,avaConv,wind
CZ,h0287,0.11213792053456947,scr2085,avaConv,wind
CZ,h0288,0.11424339956844493,scr2085,avaConv,wind
DE,h0241,0.12150551174786699,scr2085,avaConv,wind
DE,h0242,0.10238945200600656,scr2085,avaConv,wind
DE,h0243,0.0767749399897802,scr2085,avaConv,wind
DE,h0244,0.0621800978958051,scr2085,avaConv,wind
DE,h0245,0.05001152068261718,scr2085,avaConv,wind
DE,h0246,0.03836397050591677,scr2085,avaConv,wind
DE,h0247,0.07100481950074435,scr2085,avaConv,wind
DE,h0248,0.10391323389613176,scr2085,avaConv,wind
DE,h0249,0.13861210356406498,scr2085,avaConv,wind
DE,h0250,0.13366938768574887,scr2085,avaConv,wind
DE,h0251,0.1420268295101805,scr2085,avaConv,wind
DE,h0252,0.1677085429653558,scr2085,avaConv,wind
DE,h0253,0.2171706982091429,scr2085,avaConv,wind
DE,h0254,0.2546666633937171,scr2085,avaConv,wind
DE,h0255,0.27315261920367706,scr2085,avaConv,wind
DE,h0256,0.2621324332566439,scr2085,avaConv,wind
DE,h0257,0.25508557628384687,scr2085,avaConv,wind
DE,h0258,0.25324333973391927,scr2085,avaConv,wind
DE,h0259,0.1896608625383091,scr2085,avaConv,wind
DE,h0260,0.12420257283089481,scr2085,avaConv,wind
DE,h0261,0.05968824845970322,scr2085,avaConv,wind
DE,h0262,0.057711218863967045,scr2085,avaConv,wind
DE,h0263,0.057833368466246225,scr2085,avaConv,wind
DE,h0264,0.05819580722144724,scr2085,avaConv,wind
DE,h0265,0.231787070922726,scr2085,avaConv,wind
DE,h0266,0.406624744001931,scr2085,avaConv,wind
DE,h0267,0.5753840969112102,scr2085,avaConv,wind
DE,h0268,0.5504282186757897,scr2085,avaConv,wind
DE,h0269,0.5226225448791623,scr2085,avaConv,wind
DE,h0270,0.4936656247576508,scr2085,avaConv,wind
DE,h0271,0.34649744735161575,scr2085,avaConv,wind
DE,h0272,0.20931896495309757,scr2085,avaConv,wind
DE,h0273,0.08810781210090726,scr2085,avaConv,wind
DE,h0274,0.09191076156354522,scr2085,avaConv,wind
DE,h0275,0.09718689930548725,scr2085,avaConv,wind
DE,h0276,0.10109978573564717,scr2085,avaConv,wind
DE,h0277,0.07598925340834245,scr2085,avaConv,wind
DE,h0278,0.05352017982911075,scr2085,avaConv,wind
DE,h0279,0.03388309747891379,scr2085,avaConv,wind
DE,h0280,0.04026593382856883,scr2085,avaConv,wind
DE,h0281,0.04788361925370051,scr2085,avaConv,wind
DE,h0282,0.05878777713017825,scr2085,avaConv,wind
DE,h0283,0.095211965047141,scr2085,avaConv,wind
DE,h0284,0.1350425270057977,scr2085,avaConv,wind
DE,h0285,0.17327582796486352,scr2085,avaConv,wind
DE,h0286,0.18275697910169558,scr2085,avaConv,wind
DE,h0287,0.1818727708441642,scr2085,avaConv,wind
DE,h0288,0.17199878215921674,scr2085,avaConv,wind
DK,h0241,0.5735673368366742,scr2085,avaConv,wind
DK,h0242,0.3842490141372702,scr2085,avaConv,wind
DK,h0243,0.193130116094234,scr2085,avaConv,wind
DK,h0244,0.18556067061728107,scr2085,avaConv,wind
DK,h0245,0.17897553274017852,scr2085,avaConv,wind
DK,h0246,0.1706748573538677,scr2085,avaConv,wind
DK,h0247,0.1813997659907478,scr2085,avaConv,wind
DK,h0248,0.20332751618554307,scr2085,avaConv,wind
DK,h0249,0.24950398548419966,scr2085,avaConv,wind
DK,h0250,0.3123755248255906,scr2085,avaConv,wind
DK,h0251,0.4095553051339889,scr2085,avaConv,wind
DK,h0252,0.514517039927521,scr2085,avaConv,wind
DK,h0253,0.6307175363650759,scr2085,avaConv,wind
DK,h0254,0.706981816021313,scr2085,avaConv,wind
DK,h0255,0.757048289952276,scr2085,avaConv,wind
DK,h0256,0.7604411832795429,scr2085,avaConv,wind
DK,h0257,0.7631075327020571,scr2085,avaConv,wind
DK,h0258,0.7663281044614294,scr2085,avaConv,wind
DK,h0259,0.585842105699315,scr2085,avaConv,wind
DK,h0260,0.40165950594864197,scr2085,avaConv,wind
DK,h0261,0.20854356624635906,scr2085,avaConv,wind
DK,h0262,0.19864507277978963,scr2085,avaConv,wind
DK,h0263,0.18189662304623766,scr2085,avaConv,wind
DK,h0264,0.15451708157515243,scr2085,avaConv,wind
DK,h0265,0.39082589401030593,scr2085,avaConv,wind
DK,h0266,0.6363696005778916,scr2085,avaConv,wind
DK,h0267,0.8959404461299793,scr2085,avaConv,wind
DK,h0268,0.9127954215457994,scr2085,avaConv,wind
DK,h0269,0.9255810871833776,scr2085,avaConv,wind
DK,h0270,0.9334488061143695,scr2085,avaConv,wind
DK,h0271,0.6390294367950343,scr2085,avaConv,wind
DK,h0272,0.3323384797347861,scr2085,avaConv,wind
DK,h0273,0.010188197355371086,scr2085,avaConv,wind
DK,h0274,0.008876126098826913,scr2085,avaConv,wind
DK,h0275,0.017092066567781016,scr2085,avaConv,wind
DK,h0276,0.03446958980418392,scr2085,avaConv,wind
DK,h0277,0.09271725249196035,scr2085,avaConv,wind
DK,h0278,0.15291579997464982,scr2085,avaConv,wind
DK,h0279,0.21360717677368987,scr2085,avaConv,wind
DK,h0280,0.2392616029825153,scr2085,avaConv,wind
DK,h0281,0.26338111996937236,scr2085,avaConv,wind
DK,h0282,0.28650589606167626,scr2085,avaConv,wind
DK,h0283,0.31866827065267456,scr2085,avaConv,wind
DK,h0284,0.3493680984916883,scr2085,avaConv,wind
DK,h0285,0.37374979051371565,scr2085,avaConv,wind
DK,h0286,0.37998450443570553,scr2085,avaConv,wind
DK,h0287,0.37759356464967114,scr2085,avaConv,wind
DK,h0288,0.36942696492113547,scr2085,avaConv,wind
EE,h0241,0.06771048706643887,scr2085,avaConv,wind
EE,h0242,0.08018853677621608,scr2085,avaConv,wind
EE,h0243,0.09008332187914155,scr2085,avaConv,wind
EE,h0244,0.08141201030376777,scr2085,avaConv,wind
EE,h0245,0.06939728477078112,scr2085,avaConv,wind
EE,h0246,0.05801947423399802,scr2085,avaConv,wind
EE,h0247,0.1955727463894967,scr2085,avaConv,wind
EE,h0248,0.33279846643922095,scr2085,avaConv,wind
EE,h0249,0.49221659161666587,scr2085,avaConv,wind
EE,h0250,0.5112785657168147,scr2085,avaConv,wind
EE,h0251,0.5695953342420085,scr2085,avaConv,wind
EE,h0252,0.6385795848353615,scr2085,avaConv,wind
EE,h0253,0.6100128384690197,scr2085,avaConv,wind
EE,h0254,0.5699355992971612,scr2085,avaConv,wind
EE,h0255,0.5195065900258989,scr2085,avaConv,wind
EE,h0256,0.5651712760085702,scr2085,avaConv,wind
EE,h0257,0.6213059321183569,scr2085,avaConv,wind
EE,h0258,0.6894572036833492,scr2085,avaConv,wind
EE,h0259,0.5259373900381862,scr2085,avaConv,wind
EE,h0260,0.35277713278394424,scr2085,avaConv,wind
EE,h0261,0.17107876247767995,scr2085,avaConv,wind
EE,h0262,0.1943655421067989,scr2085,avaConv,wind
EE,h0263,0.21215746135930347,scr2085,avaConv,wind
EE,h0264,0.22051091942699885,scr2085,avaConv,wind
EE,h0265,0.38137111095123005,scr2085,avaConv,wind
EE,h0266,0.5340434247463165,scr2085,avaConv,wind
EE,h0267,0.6730773828856895,scr2085,avaConv,wind
EE,h0268,0.5936028950913874,scr2085,avaConv,wind
EE,h0269,0.49407139652185816,scr2085,avaConv,wind
EE,h0270,0.39283750173472715,scr2085,avaConv,wind
EE,h0271,0.33258707598350845,scr2085,avaConv,wind
EE,h0272,0.29036602661502764,scr2085,avaConv,wind
EE,h0273,0.2571928354591644,scr2085,avaConv,wind
EE,h0274,0.2260397290900766,scr2085,avaConv,wind
EE,h0275,0.21179007909622863,scr2085,avaConv,wind
EE,h0276,0.21499503811038673,scr2085,avaConv,wind
EE,h0277,0.22643362768073075,scr2085,avaConv,wind
EE,h0278,0.22419959604655665,scr2085,avaConv,wind
EE,h0279,0.2026554990276923,scr2085,avaConv,wind
EE,h0280,0.1689751794029103,scr2085,avaConv,wind
EE,h0281,0.13966482380815703,scr2085,avaConv,wind
EE,h0282,0.12095638512258043,scr2085,avaConv,wind
EE,h0283,0.28953069211983395,scr2085,avaConv,wind
EE,h0284,0.47636831321187334,scr2085,avaConv,wind
EE,h0285,0.6836755890575814,scr2085,avaConv,wind
EE,h0286,0.7047607673936955,scr2085,avaConv,wind
EE,h0287,0.7264709194312989,scr2085,avaConv,wind
EE,h0288,0.7371484119954634,scr2085,avaConv,wind
ES,h0241,0.22624234838103333,scr2085,avaConv,wind
ES,h0242,0.14737877906559885,scr2085,avaConv,wind
ES,h0243,0.07192119504221575,scr2085,avaConv,wind
ES,h0244,0.07065597952428196,scr2085,avaConv,wind
ES,h0245,0.07238162311609414,scr2085,avaConv,wind
ES,h0246,0.07651477088004277,scr2085,avaConv,wind
ES,h0247,0.17193194060980496,scr2085,avaConv,wind
ES,h0248,0.2688488955405439,scr2085,avaConv,wind
ES,h0249,0.3647396772998929,scr2085,avaConv,wind
ES,h0250,0.36542871245621017,scr2085,avaConv,wind
ES,h0251,0.3668251220752923,scr2085,avaConv,wind
ES,h0252,0.36998935593173177,scr2085,avaConv,wind
ES,h0253,0.41204782056314193,scr2085,avaConv,wind
ES,h0254,0.45835557231692564,scr2085,avaConv,wind
ES,h0255,0.506871526447473,scr2085,avaConv,wind
ES,h0256,0.5156381228267255,scr2085,avaConv,wind
ES,h0257,0.518076542613951,scr2085,avaConv,wind
ES,h0258,0.513517438984339,scr2085,avaConv,wind
ES,h0259,0.4360808364623724,scr2085,avaConv,wind
ES,h0260,0.36490893038194544,scr2085,avaConv,wind
ES,h0261,0.3004357668354443,scr2085,avaConv,wind
ES,h0262,0.3109172884834977,scr2085,avaConv,wind
ES,h0263,0.31842825389448104,scr2085,avaConv,wind
ES,h0264,0.32493050886621744,scr2085,avaConv,wind
ES,h0265,0.3505742856893762,scr2085,avaConv,wind
ES,h0266,0.36866075590388137,scr2085,avaConv,wind
ES,h0267,0.3817380846947402,scr2085,avaConv,wind
ES,h0268,0.3699538715262775,scr2085,avaConv,wind
ES,h0269,0.3624000320417085,scr2085,avaConv,wind
ES,h0270,0.3513771948725894,scr2085,avaConv,wind
ES,h0271,0.2899032015554209,scr2085,avaConv,wind
ES,h0272,0.22676437840185595,scr2085,avaConv,wind
ES,h0273,0.16713195969993547,scr2085,avaConv,wind
ES,h0274,0.15521752009543746,scr2085,avaConv,wind
ES,h0275,0.14423840548882053,scr2085,avaConv,wind
ES,h0276,0.13626904311862445,scr2085,avaConv,wind
ES,h0277,0.0969543301860159,scr2085,avaConv,wind
ES,h0278,0.06456722948381005,scr2085,avaConv,wind
ES,h0279,0.03785622282069539,scr2085,avaConv,wind
ES,h0280,0.050027282984828385,scr2085,avaConv,wind
ES,h0281,0.0633251005789979,scr2085,avaConv,wind
ES,h0282,0.07615796219083892,scr2085,avaConv,wind
ES,h0283,0.11277692782652357,scr2085,avaConv,wind
ES,h0284,0.1521890500174338,scr2085,avaConv,wind
ES,h0285,0.1932402401413968,scr2085,avaConv,wind
ES,h0286,0.2061748235315221,scr2085,avaConv,wind
ES,h0287,0.21059164924317844,scr2085,avaConv,wind
ES,h0288,0.20700808371672366,scr2085,avaConv,wind
FI,h0241,0.08889678988448876,scr2085,avaConv,wind
FI,h0242,0.10881683624947441,scr2085,avaConv,wind
FI,h0243,0.12010027857843267,scr2085,avaConv,wind
FI,h0244,0.10798499833039676,scr2085,avaConv,wind
FI,h0245,0.08729911387244645,scr2085,avaConv,wind
FI,h0246,0.06497308961760664,scr2085,avaConv,wind
FI,h0247,0.18029038281134815,scr2085,avaConv,wind
FI,h0248,0.30919456176217264,scr2085,avaConv,wind
FI,h0249,0.45540996235296405,scr2085,avaConv,wind
FI,h0250,0.46812909601099734,scr2085,avaConv,wind
FI,h0251,0.4950853989207948,scr2085,avaConv,wind
FI,h0252,0.5235756641672012,scr2085,avaConv,wind
FI,h0253,0.47136405312303964,scr2085,avaConv,wind
FI,h0254,0.4165275001700952,scr2085,avaConv,wind
FI,h0255,0.36207003163739643,scr2085,avaConv,wind
FI,h0256,0.3850335451802675,scr2085,avaConv,wind
FI,h0257,0.412931351099461,scr2085,avaConv,wind
FI,h0258,0.4467440813559539,scr2085,avaConv,wind
FI,h0259,0.3500544570396014,scr2085,avaConv,wind
FI,h0260,0.2473024825441209,scr2085,avaConv,wind
FI,h0261,0.13885130715648997,scr2085,avaConv,wind
FI,h0262,0.14377551527470317,scr2085,avaConv,wind
FI,h0263,0.14486666934119766,scr2085,avaConv,wind
FI,h0264,0.14074001585925167,scr2085,avaConv,wind
FI,h0265,0.1617035317151808,scr2085,avaConv,wind
FI,h0266,0.17433491777696097,scr2085,avaConv,wind
FI,h0267,0.17717888590262515,scr2085,avaConv,wind
FI,h0268,0.13669283499997625,scr2085,avaConv,wind
FI,h0269,0.09607516931036916,scr2085,avaConv,wind
FI,h0270,0.06262260871155584,scr2085,avaConv,wind
FI,h0271,0.13637102208674462,scr2085,avaConv,wind
FI,h0272,0.2255171210820867,scr2085,avaConv,wind
FI,h0273,0.32447843797165116,scr2085,avaConv,wind
FI,h0274,0.3203268040127479,scr2085,avaConv,wind
FI,h0275,0.31514962164920857,scr2085,avaConv,wind
FI,h0276,0.3094632923117389,scr2085,avaConv,wind
FI,h0277,0.22673709388028598,scr2085,avaConv,wind
FI,h0278,0.1490441087801152,scr2085,avaConv,wind
FI,h0279,0.07696937712799976,scr2085,avaConv,wind
FI,h0280,0.08065134631219469,scr2085,avaConv,wind
FI,h0281,0.08999102348062483,scr2085,avaConv,wind
FI,h0282,0.10862672981127819,scr2085,avaConv,wind
FI,h0283,0.14101401677267053,scr2085,avaConv,wind
FI,h0284,0.16837793539194784,scr2085,avaConv,wind
FI,h0285,0.18710901135205868,scr2085,avaConv,wind
FI,h0286,0.19066401645506456,scr2085,avaConv,wind
FI,h0287,0.19453954854763655,scr2085,avaConv,wind
FI,h0288,0.19607597281308392,scr2085,avaConv,wind
FR,h0241,0.16387352218215387,scr2085,avaConv,wind
FR,h0242,0.19727086708815425,scr2085,avaConv,wind
FR,h0243,0.22209036176315486,scr2085,avaConv,wind
FR,h0244,0.19981673614838683,scr2085,avaConv,wind
FR,h0245,0.17382352141032745,scr2085,avaConv,wind
FR,h0246,0.1398848149512409,scr2085,avaConv,wind
FR,h0247,0.21291291123063058,scr2085,avaConv,wind
FR,h0248,0.2906060875815649,scr2085,avaConv,wind
FR,h0249,0.37717142212634075,scr2085,avaConv,wind
FR,h0250,0.3622682479667549,scr2085,avaConv,wind
FR,h0251,0.3489626296761662,scr2085,avaConv,wind
FR,h0252,0.3409419829574598,scr2085,avaConv,wind
FR,h0253,0.28942779422499254,scr2085,avaConv,wind
FR,h0254,0.2433413089626603,scr2085,avaConv,wind
FR,h0255,0.20149686674542105,scr2085,avaConv,wind
FR,h0256,0.2120717977707229,scr2085,avaConv,wind
FR,h0257,0.2234145555219658,scr2085,avaConv,wind
FR,h0258,0.23504187462167644,scr2085,avaConv,wind
FR,h0259,0.2562520971169956,scr2085,avaConv,wind
FR,h0260,0.2735042154909404,scr2085,avaConv,wind
FR,h0261,0.28516773095560477,scr2085,avaConv,wind
FR,h0262,0.28363931895320754,scr2085,avaConv,wind
FR,h0263,0.2837011657432785,scr2085,avaConv,wind
FR,h0264,0.28711068192730416,scr2085,avaConv,wind
FR,h0265,0.39778452835733236,scr2085,avaConv,wind
FR,h0266,0.5017806814109858,scr2085,avaConv,wind
FR,h0267,0.5972371504840809,scr2085,avaConv,wind
FR,h0268,0.5786501055765401,scr2085,avaConv,wind
FR,h0269,0.5557070654851285,scr2085,avaConv,wind
FR,h0270,0.5179136094168265,scr2085,avaConv,wind
FR,h0271,0.46828828598258904,scr2085,avaConv,wind
FR,h0272,0.4149446552181801,scr2085,avaConv,wind
FR,h0273,0.37214270949308337,scr2085,avaConv,wind
FR,h0274,0.35380482791505985,scr2085,avaConv,wind
FR,h0275,0.3531301349209985,scr2085,avaConv,wind
FR,h0276,0.36196694323989415,scr2085,avaConv,wind
FR,h0277,0.28881339406498513,scr2085,avaConv,wind
FR,h0278,0.2126623652584609,scr2085,avaConv,wind
FR,h0279,0.1388841790630559,scr2085,avaConv,wind
FR,h0280,0.1429129910679196,scr2085,avaConv,wind
FR,h0281,0.14374749941936404,scr2085,avaConv,wind
FR,h0282,0.14235384618795177,scr2085,avaConv,wind
FR,h0283,0.20391750424038926,scr2085,avaConv,wind
FR,h0284,0.2853927500374319,scr2085,avaConv,wind
FR,h0285,0.38541355810472333,scr2085,avaConv,wind
FR,h0286,0.4360565734489203,scr2085,avaConv,wind
FR,h0287,0.47455681404431427,scr2085,avaConv,wind
FR,h0288,0.49673489121884107,scr2085,avaConv,wind
GR,h0241,0.2919800783399131,scr2085,avaConv,wind
GR,h0242,0.18418772821310464,scr2085,avaConv,wind
GR,h0243,0.08283153357912397,scr2085,avaConv,wind
GR,h0244,0.07383908966461099,scr2085,avaConv,wind
GR,h0245,0.06391967612081079,scr2085,avaConv,wind
GR,h0246,0.05367800456066063,scr2085,avaConv,wind
GR,h0247,0.16667890882292988,scr2085,avaConv,wind
GR,h0248,0.282399122800872,scr2085,avaConv,wind
GR,h0249,0.40041324163224545,scr2085,avaConv,wind
GR,h0250,0.39776808519111057,scr2085,avaConv,wind
GR,h0251,0.3964913479553319,scr2085,avaConv,wind
GR,h0252,0.39958333651311945,scr2085,avaConv,wind
GR,h0253,0.36060774472641977,scr2085,avaConv,wind
GR,h0254,0.3190330783163211,scr2085,avaConv,wind
GR,h0255,0.27272994532627887,scr2085,avaConv,wind
GR,h0256,0.26803263772752434,scr2085,avaConv,wind
GR,h0257,0.265318671686329,scr2085,avaConv,wind
GR,h0258,0.2643026003183129,scr2085,avaConv,wind
GR,h0259,0.3662603506477021,scr2085,avaConv,wind
GR,h0260,0.4745728422213663,scr2085,avaConv,wind
GR,h0261,0.589503865260284,scr2085,avaConv,wind
GR,h0262,0.6101027702753545,scr2085,avaConv,wind
GR,h0263,0.6331434163750521,scr2085,avaConv,wind
GR,h0264,0.6595057199465632,scr2085,avaConv,wind
GR,h0265,0.6584978170951838,scr2085,avaConv,wind
GR,h0266,0.6386455582573406,scr2085,avaConv,wind
GR,h0267,0.5978450804974332,scr2085,avaConv,wind
GR,h0268,0.5663868810927241,scr2085,avaConv,wind
GR,h0269,0.5327888593677872,scr2085,avaConv,wind
GR,h0270,0.4986153751674134,scr2085,avaConv,wind
GR,h0271,0.3287893046804538,scr2085,avaConv,wind
GR,h0272,0.17451025376842594,scr2085,avaConv,wind
GR,h0273,0.03879384380357724,scr2085,avaConv,wind
GR,h0274,0.05964381812149601,scr2085,avaConv,wind
GR,h0275,0.08984315584465952,scr2085,avaConv,wind
GR,h0276,0.12484506826212004,scr2085,avaConv,wind
GR,h0277,0.1454180468779556,scr2085,avaConv,wind
GR,h0278,0.16558829644701106,scr2085,avaConv,wind
GR,h0279,0.18813128953262517,scr2085,avaConv,wind
GR,h0280,0.22673810215555393,scr2085,avaConv,wind
GR,h0281,0.26078184071201577,scr2085,avaConv,wind
GR,h0282,0.2830042805263993,scr2085,avaConv,wind
GR,h0283,0.2721366501157003,scr2085,avaConv,wind
GR,h0284,0.2641955929519454,scr2085,avaConv,wind
GR,h0285,0.2621803742428722,scr2085,avaConv,wind
GR,h0286,0.2822719617824466,scr2085,avaConv,wind
GR,h0287,0.2879810654322975,scr2085,avaConv,wind
GR,h0288,0.2797767393701784,scr2085,avaConv,wind
HR,h0241,0.025018946796368607,scr2085,avaConv,wind
HR,h0242,0.018014461822666965,scr2085,avaConv,wind
HR,h0243,0.010662579041700242,scr2085,avaConv,wind
HR,h0244,0.010776327460515173,scr2085,avaConv,wind
HR,h0245,0.010439515507188793,scr2085,avaConv,wind
HR,h0246,0.009285681278742733,scr2085,avaConv,wind
HR,h0247,0.007511712736480414,scr2085,avaConv,wind
HR,h0248,0.006038520996702315,scr2085,avaConv,wind
HR,h0249,0.005300535394537831,scr2085,avaConv,wind
HR,h0250,0.004839945381007227,scr2085,avaConv,wind
HR,h0251,0.004259104056838307,scr2085,avaConv,wind
HR,h0252,0.003702469565926152,scr2085,avaConv,wind
HR,h0253,0.0033921348007683164,scr2085,avaConv,wind
HR,h0254,0.0039849142253597855,scr2085,avaConv,wind
HR,h0255,0.0052786994989717,scr2085,avaConv,wind
HR,h0256,0.007334546653905647,scr2085,avaConv,wind
HR,h0257,0.009437232676154098,scr2085,avaConv,wind
HR,h0258,0.01160522104088716,scr2085,avaConv,wind
HR,h0259,0.09465451761317213,scr2085,avaConv,wind
HR,h0260,0.2005743780930965,scr2085,avaConv,wind
HR,h0261,0.31762928981295996,scr2085,avaConv,wind
HR,h0262,0.32876169767718255,scr2085,avaConv,wind
HR,h0263,0.33272448348491085,scr2085,avaConv,wind
HR,h0264,0.33523085169058736,scr2085,avaConv,wind
HR,h0265,0.2528302486658903,scr2085,avaConv,wind
HR,h0266,0.17706056040950735,scr2085,avaConv,wind
HR,h0267,0.10802560825641465,scr2085,avaConv,wind
HR,h0268,0.11387638581839052,scr2085,avaConv,wind
HR,h0269,0.1131286204474825,scr2085,avaConv,wind
HR,h0270,0.1094868172713758,scr2085,avaConv,wind
HR,h0271,0.15592027481266937,scr2085,avaConv,wind
HR,h0272,0.2149691049777813,scr2085,avaConv,wind
HR,h0273,0.28036399752217656,scr2085,avaConv,wind
HR,h0274,0.2895654433327286,scr2085,avaConv,wind
HR,h0275,0.2923857000061075,scr2085,avaConv,wind
HR,h0276,0.29284144458520084,scr2085,avaConv,wind
HR,h0277,0.23313176017582676,scr2085,avaConv,wind
HR,h0278,0.17784975009738999,scr2085,avaConv,wind
HR,h0279,0.12428611693884906,scr2085,avaConv,wind
HR,h0280,0.12191906862767972,scr2085,avaConv,wind
HR,h0281,0.11647972825944532,scr2085,avaConv,wind
HR,h0282,0.10913854541337305,scr2085,avaConv,wind
HR,h0283,0.08598729995585855,scr2085,avaConv,wind
HR,h0284,0.06576839522361623,scr2085,avaConv,wind
HR,h0285,0.052410569426637736,scr2085,avaConv,wind
HR,h0286,0.060607952203822646,scr2085,avaConv,wind
HR,h0287,0.07377763056283498,scr2085,avaConv,wind
HR,h0288,0.08905466842949757,scr2085,avaConv,wind
HU,h0241,0.04524485719595156,scr2085,avaConv,wind
HU,h0242,0.03972286832713352,scr2085,avaConv,wind
HU,h0243,0.033790106645952944,scr2085,avaConv,wind
HU,h0244,0.03654358072676627,scr2085,avaConv,wind
HU,h0245,0.038827464045308506,scr2085,avaConv,wind
HU,h0246,0.03790893492527719,scr2085,avaConv,wind
HU,h0247,0.038945957203003645,scr2085,avaConv,wind
HU,h0248,0.03945255049476848,scr2085,avaConv,wind
HU,h0249,0.042044676436900144,scr2085,avaConv,wind
HU,h0250,0.041330294964022636,scr2085,avaConv,wind
HU,h0251,0.039369042846402975,scr2085,avaConv,wind
HU,h0252,0.03546010549461067,scr2085,avaConv,wind
HU,h0253,0.02035904787227992,scr2085,avaConv,wind
HU,h0254,0.00838408754137939,scr2085,avaConv,wind
HU,h0255,0.000500239632899614,scr2085,avaConv,wind
HU,h0256,0.0004392146783550174,scr2085,avaConv,wind
HU,h0257,0.0003810448839991262,scr2085,avaConv,wind
HU,h0258,0.0004224875020199811,scr2085,avaConv,wind
HU,h0259,0.03194946578773643,scr2085,avaConv,wind
HU,h0260,0.08053025126423664,scr2085,avaConv,wind
HU,h0261,0.14286371645018361,scr2085,avaConv,wind
HU,h0262,0.1653117913352817,scr2085,avaConv,wind
HU,h0263,0.18479115795038342,scr2085,avaConv,wind
HU,h0264,0.19870344119940522,scr2085,avaConv,wind
HU,h0265,0.18586574396200217,scr2085,avaConv,wind
HU,h0266,0.16942962978003911,scr2085,avaConv,wind
HU,h0267,0.15124480681304345,scr2085,avaConv,wind
HU,h0268,0.15016319855751453,scr2085,avaConv,wind
HU,h0269,0.13183433694283223,scr2085,avaConv,wind
HU,h0270,0.11036799190912733,scr2085,avaConv,wind
HU,h0271,0.06689575047139222,scr2085,avaConv,wind
HU,h0272,0.03908951574907683,scr2085,avaConv,wind
HU,h0273,0.016367488952323834,scr2085,avaConv,wind
HU,h0274,0.01381362724997685,scr2085,avaConv,wind
HU,h0275,0.01260692185270138,scr2085,avaConv,wind
HU,h0276,0.012038251019926087,scr2085,avaConv,wind
HU,h0277,0.016129953304564452,scr2085,avaConv,wind
HU,h0278,0.021183854550397726,scr2085,avaConv,wind
HU,h0279,0.02660400441202468,scr2085,avaConv,wind
HU,h0280,0.027282933419739707,scr2085,avaConv,wind
HU,h0281,0.029752272516659642,scr2085,avaConv,wind
HU,h0282,0.03511973698357215,scr2085,avaConv,wind
HU,h0283,0.08005335160049018,scr2085,avaConv,wind
HU,h0284,0.1280996374234075,scr2085,avaConv,wind
HU,h0285,0.18695625163231608,scr2085,avaConv,wind
HU,h0286,0.21293092373120495,scr2085,avaConv,wind
HU,h0287,0.25290341058331106,scr2085,avaConv,wind
HU,h0288,0.2932317858644967,scr2085,avaConv,wind
IE,h0241,0.16207761103216503,scr2085,avaConv,wind
IE,h0242,0.1145636115594104,scr2085,avaConv,wind
IE,h0243,0.0691298604836384,scr2085,avaConv,wind
IE,h0244,0.06432400470735432,scr2085,avaConv,wind
IE,h0245,0.0601688363203857,scr2085,avaConv,wind
IE,h0246,0.05696921376868296,scr2085,avaConv,wind
IE,h0247,0.17917980036678866,scr2085,avaConv,wind
IE,h0248,0.2973905889850755,scr2085,avaConv,wind
IE,h0249,0.40568992264835113,scr2085,avaConv,wind
IE,h0250,0.368098209535446,scr2085,avaConv,wind
IE,h0251,0.33104913754582677,scr2085,avaConv,wind
IE,h0252,0.3004930234372255,scr2085,avaConv,wind
IE,h0253,0.475716398293783,scr2085,avaConv,wind
IE,h0254,0.6679254102849634,scr2085,avaConv,wind
IE,h0255,0.8722054432892353,scr2085,avaConv,wind
IE,h0256,0.8719348442287526,scr2085,avaConv,wind
IE,h0257,0.8687143918797917,scr2085,avaConv,wind
IE,h0258,0.8636896738611766,scr2085,avaConv,wind
IE,h0259,0.7937676321147201,scr2085,avaConv,wind
IE,h0260,0.7238309010205497,scr2085,avaConv,wind
IE,h0261,0.650643843319209,scr2085,avaConv,wind
IE,h0262,0.6344857260210408,scr2085,avaConv,wind
IE,h0263,0.6135145143678614,scr2085,avaConv,wind
IE,h0264,0.5921587053066852,scr2085,avaConv,wind
IE,h0265,0.4124888941794171,scr2085,avaConv,wind
IE,h0266,0.23837500628049427,scr2085,avaConv,wind
IE,h0267,0.07228555600255539,scr2085,avaConv,wind
IE,h0268,0.05698951559249002,scr2085,avaConv,wind
IE,h0269,0.045042179650923116,scr2085,avaConv,wind
IE,h0270,0.03748467787243432,scr2085,avaConv,wind
IE,h0271,0.11943993006370812,scr2085,avaConv,wind
IE,h0272,0.1987428731530238,scr2085,avaConv,wind
IE,h0273,0.2765131417833836,scr2085,avaConv,wind
IE,h0274,0.26255760310755466,scr2085,avaConv,wind
IE,h0275,0.26433982699304603,scr2085,avaConv,wind
IE,h0276,0.27674789950404416,scr2085,avaConv,wind
IE,h0277,0.24791616117324256,scr2085,avaConv,wind
IE,h0278,0.21660182129754765,scr2085,avaConv,wind
IE,h0279,0.18746801778637898,scr2085,avaConv,wind
IE,h0280,0.20858122224574854,scr2085,avaConv,wind
IE,h0281,0.23781003047245025,scr2085,avaConv,wind
IE,h0282,0.26922381697358433,scr2085,avaConv,wind
IE,h0283,0.21241005057973816,scr2085,avaConv,wind
IE,h0284,0.15037134487509077,scr2085,avaConv,wind
IE,h0285,0.08466579478757688,scr2085,avaConv,wind
IE,h0286,0.09355264811055493,scr2085,avaConv,wind
IE,h0287,0.0963877151159459,scr2085,avaConv,wind
IE,h0288,0.09424885408390433,scr2085,avaConv,wind
IT,h0241,0.02638571859686209,scr2085,avaConv,wind
IT,h0242,0.01705180802789972,scr2085,avaConv,wind
IT,h0243,0.008401204475389007,scr2085,avaConv,wind
IT,h0244,0.006855834768564179,scr2085,avaConv,wind
IT,h0245,0.005417987356272335,scr2085,avaConv,wind
IT,h0246,0.003961646287482955,scr2085,avaConv,wind
IT,h0247,0.012648523710569464,scr2085,avaConv,wind
IT,h0248,0.02251150745948675,scr2085,avaConv,wind
IT,h0249,0.0333822432947467,scr2085,avaConv,wind
IT,h0250,0.03231958168298138,scr2085,avaConv,wind
IT,h0251,0.03211147502496602,scr2085,avaConv,wind
IT,h0252,0.032497024744862685,scr2085,avaConv,wind
IT,h0253,0.04409944147702828,scr2085,avaConv,wind
IT,h0254,0.05583330874202996,scr2085,avaConv,wind
IT,h0255,0.06811237895899898,scr2085,avaConv,wind
IT,h0256,0.06870064845427386,scr2085,avaConv,wind
IT,h0257,0.06991737202358998,scr2085,avaConv,wind
IT,h0258,0.0710794474437973,scr2085,avaConv,wind
IT,h0259,0.12493100900230426,scr2085,avaConv,wind
IT,h0260,0.18970905989676184,scr2085,avaConv,wind
IT,h0261,0.2637862220322162,scr2085,avaConv,wind
IT,h0262,0.28122755704912866,scr2085,avaConv,wind
IT,h0263,0.29437022440124194,scr2085,avaConv,wind
IT,h0264,0.30470426697637526,scr2085,avaConv,wind
IT,h0265,0.32278493041823786,scr2085,avaConv,wind
IT,h0266,0.3346907463740428,scr2085,avaConv,wind
IT,h0267,0.33899930841928966,scr2085,avaConv,wind
IT,h0268,0.32609062650775783,scr2085,avaConv,wind
IT,h0269,0.3106926846830089,scr2085,avaConv,wind
IT,h0270,0.2939269006788058,scr2085,avaConv,wind
IT,h0271,0.32936268724940215,scr2085,avaConv,wind
IT,h0272,0.36567893854063915,scr2085,avaConv,wind
IT,h0273,0.4022363001334478,scr2085,avaConv,wind
IT,h0274,0.38466812892729374,scr2085,avaConv,wind
IT,h0275,0.3691212905553424,scr2085,avaConv,wind
IT,h0276,0.3598767480817943,scr2085,avaConv,wind
IT,h0277,0.2711005499188542,scr2085,avaConv,wind
IT,h0278,0.19633016482907353,scr2085,avaConv,wind
IT,h0279,0.13131752923646045,scr2085,avaConv,wind
IT,h0280,0.1452857602375095,scr2085,avaConv,wind
IT,h0281,0.155091686075997,scr2085,avaConv,wind
IT,h0282,0.16099956422381168,scr2085,avaConv,wind
IT,h0283,0.12458760880530968,scr2085,avaConv,wind
IT,h0284,0.08764453225215087,scr2085,avaConv,wind
IT,h0285,0.051892051873813065,scr2085,avaConv,wind
IT,h0286,0.050707384602191596,scr2085,avaConv,wind
IT,h0287,0.050356057466020926,scr2085,avaConv,wind
IT,h0288,0.051108967963845196,scr2085,avaConv,wind
LT,h0241,0.2334746232503097,scr2085,avaConv,wind
LT,h0242,0.14216538952809227,scr2085,avaConv,wind
LT,h0243,0.05067847283677806,scr2085,avaConv,wind
LT,h0244,0.03300868505059335,scr2085,avaConv,wind
LT,h0245,0.017641025843359658,scr2085,avaConv,wind
LT,h0246,0.007679378679381738,scr2085,avaConv,wind
LT,h0247,0.03622326833546755,scr2085,avaConv,wind
LT,h0248,0.07173721396675364,scr2085,avaConv,wind
LT,h0249,0.11226567852260982,scr2085,avaConv,wind
LT,h0250,0.1293735584551001,scr2085,avaConv,wind
LT,h0251,0.15690656269399803,scr2085,avaConv,wind
LT,h0252,0.19124372332901698,scr2085,avaConv,wind
LT,h0253,0.17660988976484382,scr2085,avaConv,wind
LT,h0254,0.15711022087598034,scr2085,avaConv,wind
LT,h0255,0.1334264046313052,scr2085,avaConv,wind
LT,h0256,0.14355199112548125,scr2085,avaConv,wind
LT,h0257,0.15970716888997363,scr2085,avaConv,wind
LT,h0258,0.18090006532255154,scr2085,avaConv,wind
LT,h0259,0.13584627619794595,scr2085,avaConv,wind
LT,h0260,0.08488997642688662,scr2085,avaConv,wind
LT,h0261,0.03182158355679011,scr2085,avaConv,wind
LT,h0262,0.03338652746514496,scr2085,avaConv,wind
LT,h0263,0.03429945216852555,scr2085,avaConv,wind
LT,h0264,0.033638050515578465,scr2085,avaConv,wind
LT,h0265,0.23323353221883597,scr2085,avaConv,wind
LT,h0266,0.44950638420911293,scr2085,avaConv,wind
LT,h0267,0.6673186566967727,scr2085,avaConv,wind
LT,h0268,0.6057448744321982,scr2085,avaConv,wind
LT,h0269,0.5160601010239884,scr2085,avaConv,wind
LT,h0270,0.4144250734893166,scr2085,avaConv,wind
LT,h0271,0.26857930707559546,scr2085,avaConv,wind
LT,h0272,0.16666559445511142,scr2085,avaConv,wind
LT,h0273,0.0950952144184039,scr2085,avaConv,wind
LT,h0274,0.09728066726871606,scr2085,avaConv,wind
LT,h0275,0.1019506407949848,scr2085,avaConv,wind
LT,h0276,0.1098309280064136,scr2085,avaConv,wind
LT,h0277,0.13799085120548288,scr2085,avaConv,wind
LT,h0278,0.15850646425111267,scr2085,avaConv,wind
LT,h0279,0.16839148562793288,scr2085,avaConv,wind
LT,h0280,0.15060170026884423,scr2085,avaConv,wind
LT,h0281,0.1384983580804888,scr2085,avaConv,wind
LT,h0282,0.13165525246046478,scr2085,avaConv,wind
LT,h0283,0.24773783282107112,scr2085,avaConv,wind
LT,h0284,0.36338729871349185,scr2085,avaConv,wind
LT,h0285,0.4763704459506054,scr2085,avaConv,wind
LT,h0286,0.4525961547098811,scr2085,avaConv,wind
LT,h0287,0.4326221560993602,scr2085,avaConv,wind
LT,h0288,0.4197145439575821,scr2085,avaConv,wind
LV,h0241,0.0885970478610855,scr2085,avaConv,wind
LV,h0242,0.06321186020121973,scr2085,avaConv,wind
LV,h0243,0.034904621309235724,scr2085,avaConv,wind
LV,h0244,0.030508525554976976,scr2085,avaConv,wind
LV,h0245,0.025773832573284906,scr2085,avaConv,wind
LV,h0246,0.02523650040531781,scr2085,avaConv,wind
LV,h0247,0.11188166219675266,scr2085,avaConv,wind
LV,h0248,0.20378415796877822,scr2085,avaConv,wind
LV,h0249,0.3047435995353271,scr2085,avaConv,wind
LV,h0250,0.3292466419681983,scr2085,avaConv,wind
LV,h0251,0.37453318184469775,scr2085,avaConv,wind
LV,h0252,0.429826087037627,scr2085,avaConv,wind
LV,h0253,0.4151909284881007,scr2085,avaConv,wind
LV,h0254,0.3919935985245302,scr2085,avaConv,wind
LV,h0255,0.36086941045815774,scr2085,avaConv,wind
LV,h0256,0.3873822126654149,scr2085,avaConv,wind
LV,h0257,0.42113065798933436,scr2085,avaConv,wind
LV,h0258,0.46297099125943886,scr2085,avaConv,wind
LV,h0259,0.33938130180913917,scr2085,avaConv,wind
LV,h0260,0.2086566026183935,scr2085,avaConv,wind
LV,h0261,0.07432201818235917,scr2085,avaConv,wind
LV,h0262,0.08069827185278755,scr2085,avaConv,wind
LV,h0263,0.0864180707562361,scr2085,avaConv,wind
LV,h0264,0.090428338348684,scr2085,avaConv,wind
LV,h0265,0.3061036145918522,scr2085,avaConv,wind
LV,h0266,0.5295573896923432,scr2085,avaConv,wind
LV,h0267,0.745315547255598,scr2085,avaConv,wind
LV,h0268,0.6773902733906313,scr2085,avaConv,wind
LV,h0269,0.5837309884688731,scr2085,avaConv,wind
LV,h0270,0.48374477040476704,scr2085,avaConv,wind
LV,h0271,0.3413572139264417,scr2085,avaConv,wind
LV,h0272,0.23408972172755077,scr2085,avaConv,wind
LV,h0273,0.15085312882799667,scr2085,avaConv,wind
LV,h0274,0.14445602824601025,scr2085,avaConv,wind
LV,h0275,0.14012564210880912,scr2085,avaConv,wind
LV,h0276,0.14007578449660707,scr2085,avaConv,wind
LV,h0277,0.11992909074522157,scr2085,avaConv,wind
LV,h0278,0.08983026814226988,scr2085,avaConv,wind
LV,h0279,0.05246368692132079,scr2085,avaConv,wind
LV,h0280,0.03121113405025533,scr2085,avaConv,wind
LV,h0281,0.017314567670278738,scr2085,avaConv,wind
LV,h0282,0.009427033346199277,scr2085,avaConv,wind
LV,h0283,0.16083733406379533,scr2085,avaConv,wind
LV,h0284,0.33350112273020566,scr2085,avaConv,wind
LV,h0285,0.5209458577934645,scr2085,avaConv,wind
LV,h0286,0.5303411075974985,scr2085,avaConv,wind
LV,h0287,0.5462635014077615,scr2085,avaConv,wind
LV,h0288,0.5588181606009243,scr2085,avaConv,wind
ME,h0241,0.0011173653761861865,scr2085,avaConv,wind
ME,h0242,0.000398881994204386,scr2085,avaConv,wind
ME,h0243,0.0,scr2085,avaConv,wind
ME,h0244,0.0,scr2085,avaConv,wind
ME,h0245,0.0,scr2085,avaConv,wind
ME,h0246,0.0,scr2085,avaConv,wind
ME,h0247,0.0,scr2085,avaConv,wind
ME,h0248,0.0,scr2085,avaConv,wind
ME,h0249,0.0,scr2085,avaConv,wind
ME,h0250,0.0,scr2085,avaConv,wind
ME,h0251,0.0,scr2085,avaConv,wind
ME,h0252,0.0,scr2085,avaConv,wind
ME,h0253,0.0,scr2085,avaConv,wind
ME,h0254,0.00024715306535103,scr2085,avaConv,wind
ME,h0255,0.0008602393009544279,scr2085,avaConv,wind
ME,h0256,0.0017476431546808349,scr2085,avaConv,wind
ME,h0257,0.0022678361172027554,scr2085,avaConv,wind
ME,h0258,0.002525808986535746,scr2085,avaConv,wind
ME,h0259,0.011856108418714982,scr2085,avaConv,wind
ME,h0260,0.03132892504297911,scr2085,avaConv,wind
ME,h0261,0.06165446995645912,scr2085,avaConv,wind
ME,h0262,0.0800942031849415,scr2085,avaConv,wind
ME,h0263,0.09491253355771612,scr2085,avaConv,wind
ME,h0264,0.10985545838682807,scr2085,avaConv,wind
ME,h0265,0.07336934379416946,scr2085,avaConv,wind
ME,h0266,0.03962485547434546,scr2085,avaConv,wind
ME,h0267,0.011516035461738334,scr2085,avaConv,wind
ME,h0268,0.011746455973943384,scr2085,avaConv,wind
ME,h0269,0.012164996172019327,scr2085,avaConv,wind
ME,h0270,0.012853876220325995,scr2085,avaConv,wind
ME,h0271,0.011039127399341288,scr2085,avaConv,wind
ME,h0272,0.014047615484069203,scr2085,avaConv,wind
ME,h0273,0.024733070897333675,scr2085,avaConv,wind
ME,h0274,0.04942505912098324,scr2085,avaConv,wind
ME,h0275,0.07577115950067094,scr2085,avaConv,wind
ME,h0276,0.09795162109763765,scr2085,avaConv,wind
ME,h0277,0.09043998167146833,scr2085,avaConv,wind
ME,h0278,0.07425906584708354,scr2085,avaConv,wind
ME,h0279,0.05024901544013973,scr2085,avaConv,wind
ME,h0280,0.03879851255053112,scr2085,avaConv,wind
ME,h0281,0.026735832722789964,scr2085,avaConv,wind
ME,h0282,0.016754972487191967,scr2085,avaConv,wind
ME,h0283,0.009270682058424334,scr2085,avaConv,wind
ME,h0284,0.005094855504689724,scr2085,avaConv,wind
ME,h0285,0.003364975444488606,scr2085,avaConv,wind
ME,h0286,0.0032507729537842307,scr2085,avaConv,wind
ME,h0287,0.0035708642781161425,scr2085,avaConv,wind
ME,h0288,0.004251175367005205,scr2085,avaConv,wind
MK,h0241,0.0,scr2085,avaConv,wind
MK,h0242,0.0,scr2085,avaConv,wind
MK,h0243,0.0,scr2085,avaConv,wind
MK,h0244,0.0,scr2085,avaConv,wind
MK,h0245,0.0,scr2085,avaConv,wind
MK,h0246,0.0,scr2085,avaConv,wind
MK,h0247,0.0,scr2085,avaConv,wind
MK,h0248,0.0,scr2085,avaConv,wind
MK,h0249,0.0,scr2085,avaConv,wind
MK,h0250,0.0,scr2085,avaConv,wind
MK,h0251,0.0,scr2085,avaConv,wind
MK,h0252,0.0,scr2085,avaConv,wind
MK,h0253,0.0,scr2085,avaConv,wind
MK,h0254,0.0,scr2085,avaConv,wind
MK,h0255,0.00010158251751577992,scr2085,avaConv,wind
MK,h0256,0.00021960747840034302,scr2085,avaConv,wind
MK,h0257,0.000331986022841468,scr2085,avaConv,wind
MK,h0258,0.0003677875941118114,scr2085,avaConv,wind
MK,h0259,0.001899257449988399,scr2085,avaConv,wind
MK,h0260,0.004707566891882312,scr2085,avaConv,wind
MK,h0261,0.008270199145241762,scr2085,avaConv,wind
MK,h0262,0.010004974362283882,scr2085,avaConv,wind
MK,h0263,0.011076604920027263,scr2085,avaConv,wind
MK,h0264,0.011714498455820347,scr2085,avaConv,wind
MK,h0265,0.00807737312931979,scr2085,avaConv,wind
MK,h0266,0.004070934818859891,scr2085,avaConv,wind
MK,h0267,0.0004421739864590852,scr2085,avaConv,wind
MK,h0268,0.000430190391929253,scr2085,avaConv,wind
MK,h0269,0.00041394162875208997,scr2085,avaConv,wind
MK,h0270,0.00044009076232153356,scr2085,avaConv,wind
MK,h0271,0.0002786096890928654,scr2085,avaConv,wind
MK,h0272,0.00014496021847094464,scr2085,avaConv,wind
MK,h0273,0.0,scr2085,avaConv,wind
MK,h0274,0.0001378274063994073,scr2085,avaConv,wind
MK,h0275,0.0011570686606834962,scr2085,avaConv,wind
MK,h0276,0.0040041269398397444,scr2085,avaConv,wind
MK,h0277,0.010885409050580616,scr2085,avaConv,wind
MK,h0278,0.0183714832263611,scr2085,avaConv,wind
MK,h0279,0.02632665189006565,scr2085,avaConv,wind
MK,h0280,0.030434525046831768,scr2085,avaConv,wind
MK,h0281,0.029189639467003342,scr2085,avaConv,wind
MK,h0282,0.02260265441893645,scr2085,avaConv,wind
MK,h0283,0.02436378109965689,scr2085,avaConv,wind
MK,h0284,0.023353093451424934,scr2085,avaConv,wind
MK,h0285,0.023108318720748686,scr2085,avaConv,wind
MK,h0286,0.01353710944650459,scr2085,avaConv,wind
MK,h0287,0.010233634434912984,scr2085,avaConv,wind
MK,h0288,0.008957673131112629,scr2085,avaConv,wind
NL,h0241,0.08322930497145141,scr2085,avaConv,wind
NL,h0242,0.15212374128235465,scr2085,avaConv,wind
NL,h0243,0.21441356360151184,scr2085,avaConv,wind
NL,h0244,0.1899032459652027,scr2085,avaConv,wind
NL,h0245,0.16885681792848606,scr2085,avaConv,wind
NL,h0246,0.1482766885898468,scr2085,avaConv,wind
NL,h0247,0.17522688739197687,scr2085,avaConv,wind
NL,h0248,0.224792798223518,scr2085,avaConv,wind
NL,h0249,0.30627863319945503,scr2085,avaConv,wind
NL,h0250,0.37112520724189757,scr2085,avaConv,wind
NL,h0251,0.4454370783428334,scr2085,avaConv,wind
NL,h0252,0.5208221284410022,scr2085,avaConv,wind
NL,h0253,0.48901317449381526,scr2085,avaConv,wind
NL,h0254,0.42375290930791737,scr2085,avaConv,wind
NL,h0255,0.3277706513432008,scr2085,avaConv,wind
NL,h0256,0.3097679716322852,scr2085,avaConv,wind
NL,h0257,0.2959750120833264,scr2085,avaConv,wind
NL,h0258,0.2844514353377138,scr2085,avaConv,wind
NL,h0259,0.23106837123619126,scr2085,avaConv,wind
NL,h0260,0.17994767283732965,scr2085,avaConv,wind
NL,h0261,0.13082589393704683,scr2085,avaConv,wind
NL,h0262,0.12529777666426534,scr2085,avaConv,wind
NL,h0263,0.11977047846757546,scr2085,avaConv,wind
NL,h0264,0.1167726954047844,scr2085,avaConv,wind
NL,h0265,0.33835703299092124,scr2085,avaConv,wind
NL,h0266,0.5664659028981646,scr2085,avaConv,wind
NL,h0267,0.7967128357368084,scr2085,avaConv,wind
NL,h0268,0.8009374895947026,scr2085,avaConv,wind
NL,h0269,0.807756722938132,scr2085,avaConv,wind
NL,h0270,0.8162388549546079,scr2085,avaConv,wind
NL,h0271,0.6789662968728384,scr2085,avaConv,wind
NL,h0272,0.5309734797041222,scr2085,avaConv,wind
NL,h0273,0.3734972208441997,scr2085,avaConv,wind
NL,h0274,0.36052143843734147,scr2085,avaConv,wind
NL,h0275,0.36228232200976307,scr2085,avaConv,wind
NL,h0276,0.37569389761283706,scr2085,avaConv,wind
NL,h0277,0.3535426694996589,scr2085,avaConv,wind
NL,h0278,0.33038933686063976,scr2085,avaConv,wind
NL,h0279,0.30833674961052826,scr2085,avaConv,wind
NL,h0280,0.31861453941380463,scr2085,avaConv,wind
NL,h0281,0.32682011292049334,scr2085,avaConv,wind
NL,h0282,0.3370032562796984,scr2085,avaConv,wind
NL,h0283,0.3627312819461811,scr2085,avaConv,wind
NL,h0284,0.3882422509329486,scr2085,avaConv,wind
NL,h0285,0.408469150455657,scr2085,avaConv,wind
NL,h0286,0.40525780873147976,scr2085,avaConv,wind
NL,h0287,0.39094688929126903,scr2085,avaConv,wind
NL,h0288,0.36664353704436237,scr2085,avaConv,wind
NO,h0241,0.26780340387739543,scr2085,avaConv,wind
NO,h0242,0.2586844565080103,scr2085,avaConv,wind
NO,h0243,0.2427815771071736,scr2085,avaConv,wind
NO,h0244,0.22810802298590593,scr2085,avaConv,wind
NO,h0245,0.21236326808728365,scr2085,avaConv,wind
NO,h0246,0.19674390844408698,scr2085,avaConv,wind
NO,h0247,0.23572259081849262,scr2085,avaConv,wind
NO,h0248,0.27888899568302883,scr2085,avaConv,wind
NO,h0249,0.32835651069230276,scr2085,avaConv,wind
NO,h0250,0.33318493611280586,scr2085,avaConv,wind
NO,h0251,0.34538751580873217,scr2085,avaConv,wind
NO,h0252,0.36247239342347815,scr2085,avaConv,wind
NO,h0253,0.39601408883653744,scr2085,avaConv,wind
NO,h0254,0.4234010006017238,scr2085,avaConv,wind
NO,h0255,0.4457483073860026,scr2085,avaConv,wind
NO,h0256,0.4513253508242461,scr2085,avaConv,wind
NO,h0257,0.45913882312015775,scr2085,avaConv,wind
NO,h0258,0.4706627760392207,scr2085,avaConv,wind
NO,h0259,0.411408273739298,scr2085,avaConv,wind
NO,h0260,0.35447253004007995,scr2085,avaConv,wind
NO,h0261,0.29799832791536696,scr2085,avaConv,wind
NO,h0262,0.3167303375046878,scr2085,avaConv,wind
NO,h0263,0.3366659286478727,scr2085,avaConv,wind
NO,h0264,0.35435032829400703,scr2085,avaConv,wind
NO,h0265,0.3006864339422691,scr2085,avaConv,wind
NO,h0266,0.2365339796886969,scr2085,avaConv,wind
NO,h0267,0.16496640617128475,scr2085,avaConv,wind
NO,h0268,0.15556629271434635,scr2085,avaConv,wind
NO,h0269,0.1450042365637005,scr2085,avaConv,wind
NO,h0270,0.13328375719622831,scr2085,avaConv,wind
NO,h0271,0.09703022240780355,scr2085,avaConv,wind
NO,h0272,0.06575320920244981,scr2085,avaConv,wind
NO,h0273,0.03982937058678822,scr2085,avaConv,wind
NO,h0274,0.043588368607497735,scr2085,avaConv,wind
NO,h0275,0.050844303411456654,scr2085,avaConv,wind
NO,h0276,0.06289484001185204,scr2085,avaConv,wind
NO,h0277,0.05987993173676681,scr2085,avaConv,wind
NO,h0278,0.05354520731954571,scr2085,avaConv,wind
NO,h0279,0.041914417830007815,scr2085,avaConv,wind
NO,h0280,0.04438737073412671,scr2085,avaConv,wind
NO,h0281,0.04740424947463771,scr2085,avaConv,wind
NO,h0282,0.050322184699509595,scr2085,avaConv,wind
NO,h0283,0.09194547094936563,scr2085,avaConv,wind
NO,h0284,0.13838925875525987,scr2085,avaConv,wind
NO,h0285,0.1902388119490732,scr2085,avaConv,wind
NO,h0286,0.20842940824759756,scr2085,avaConv,wind
NO,h0287,0.22442931661526855,scr2085,avaConv,wind
NO,h0288,0.23760318085508939,scr2085,avaConv,wind
PL,h0241,0.3496086355354463,scr2085,avaConv,wind
PL,h0242,0.19450323265134448,scr2085,avaConv,wind
PL,h0243,0.048277869543325545,scr2085,avaConv,wind
PL,h0244,0.03785122692181677,scr2085,avaConv,wind
PL,h0245,0.02577704270780311,scr2085,avaConv,wind
PL,h0246,0.01490455226751377,scr2085,avaConv,wind
PL,h0247,0.06244129960232525,scr2085,avaConv,wind
PL,h0248,0.1183772495805957,scr2085,avaConv,wind
PL,h0249,0.1856651357332723,scr2085,avaConv,wind
PL,h0250,0.1950322982971272,scr2085,avaConv,wind
PL,h0251,0.21081308626633236,scr2085,avaConv,wind
PL,h0252,0.22070295822525043,scr2085,avaConv,wind
PL,h0253,0.22879552969375808,scr2085,avaConv,wind
PL,h0254,0.23073988121470532,scr2085,avaConv,wind
PL,h0255,0.2297669337061521,scr2085,avaConv,wind
PL,h0256,0.21855102663982287,scr2085,avaConv,wind
PL,h0257,0.21002384935461163,scr2085,avaConv,wind
PL,h0258,0.20939870376539133,scr2085,avaConv,wind
PL,h0259,0.1724536666783095,scr2085,avaConv,wind
PL,h0260,0.13598908213796024,scr2085,avaConv,wind
PL,h0261,0.09778887921056295,scr2085,avaConv,wind
PL,h0262,0.0983499827614016,scr2085,avaConv,wind
PL,h0263,0.09844493596861734,scr2085,avaConv,wind
PL,h0264,0.09506370642174877,scr2085,avaConv,wind
PL,h0265,0.21781628985249565,scr2085,avaConv,wind
PL,h0266,0.34500692106436015,scr2085,avaConv,wind
PL,h0267,0.47496065380595237,scr2085,avaConv,wind
PL,h0268,0.45130158071756454,scr2085,avaConv,wind
PL,h0269,0.41538278798562395,scr2085,avaConv,wind
PL,h0270,0.36922389558329877,scr2085,avaConv,wind
PL,h0271,0.25453006480989976,scr2085,avaConv,wind
PL,h0272,0.16439276089229712,scr2085,avaConv,wind
PL,h0273,0.09292832594947119,scr2085,avaConv,wind
PL,h0274,0.09191627065780313,scr2085,avaConv,wind
PL,h0275,0.08604689902244053,scr2085,avaConv,wind
PL,h0276,0.07868449885413252,scr2085,avaConv,wind
PL,h0277,0.10018321834229497,scr2085,avaConv,wind
PL,h0278,0.12193794270764166,scr2085,avaConv,wind
PL,h0279,0.14546125164414517,scr2085,avaConv,wind
PL,h0280,0.14082361278212188,scr2085,avaConv,wind
PL,h0281,0.13978945417991112,scr2085,avaConv,wind
PL,h0282,0.140343647878677,scr2085,avaConv,wind
PL,h0283,0.1900625374824554,scr2085,avaConv,wind
PL,h0284,0.24342207932019205,scr2085,avaConv,wind
PL,h0285,0.2968029634964953,scr2085,avaConv,wind
PL,h0286,0.29430438081824317,scr2085,avaConv,wind
PL,h0287,0.28167950524291824,scr2085,avaConv,wind
PL,h0288,0.26123331752529694,scr2085,avaConv,wind
PT,h0241,0.10846948103552392,scr2085,avaConv,wind
PT,h0242,0.1393998072817653,scr2085,avaConv,wind
PT,h0243,0.15775155248102188,scr2085,avaConv,wind
PT,h0244,0.13784220984150442,scr2085,avaConv,wind
PT,h0245,0.12379679948562909,scr2085,avaConv,wind
PT,h0246,0.11420356525171506,scr2085,avaConv,wind
PT,h0247,0.3306897212136598,scr2085,avaConv,wind
PT,h0248,0.5552251653900027,scr2085,avaConv,wind
PT,h0249,0.7852449170490139,scr2085,avaConv,wind
PT,h0250,0.7798601219954986,scr2085,avaConv,wind
PT,h0251,0.7765867589683614,scr2085,avaConv,wind
PT,h0252,0.7743082521024557,scr2085,avaConv,wind
PT,h0253,0.6127612045413534,scr2085,avaConv,wind
PT,h0254,0.45282938632888947,scr2085,avaConv,wind
PT,h0255,0.2995098419608245,scr2085,avaConv,wind
PT,h0256,0.3086992616332357,scr2085,avaConv,wind
PT,h0257,0.3270779703580099,scr2085,avaConv,wind
PT,h0258,0.3523349651552079,scr2085,avaConv,wind
PT,h0259,0.27258353683408526,scr2085,avaConv,wind
PT,h0260,0.19677217118863993,scr2085,avaConv,wind
PT,h0261,0.1299450517805651,scr2085,avaConv,wind
PT,h0262,0.1786089916238309,scr2085,avaConv,wind
PT,h0263,0.23562346336292297,scr2085,avaConv,wind
PT,h0264,0.2915708782602323,scr2085,avaConv,wind
PT,h0265,0.2851691327198185,scr2085,avaConv,wind
PT,h0266,0.26296132355532775,scr2085,avaConv,wind
PT,h0267,0.22740965000795596,scr2085,avaConv,wind
PT,h0268,0.2384081051985737,scr2085,avaConv,wind
PT,h0269,0.24841617486541934,scr2085,avaConv,wind
PT,h0270,0.2563355679478038,scr2085,avaConv,wind
PT,h0271,0.22866164486695548,scr2085,avaConv,wind
PT,h0272,0.18664158275063916,scr2085,avaConv,wind
PT,h0273,0.13590201645949096,scr2085,avaConv,wind
PT,h0274,0.11187163567945127,scr2085,avaConv,wind
PT,h0275,0.09788369244010174,scr2085,avaConv,wind
PT,h0276,0.09215322911055722,scr2085,avaConv,wind
PT,h0277,0.06579978518656221,scr2085,avaConv,wind
PT,h0278,0.050147636826296464,scr2085,avaConv,wind
PT,h0279,0.044154771153795694,scr2085,avaConv,wind
PT,h0280,0.0723443098518402,scr2085,avaConv,wind
PT,h0281,0.10317303665102129,scr2085,avaConv,wind
PT,h0282,0.13257521539590997,scr2085,avaConv,wind
PT,h0283,0.21457219891843415,scr2085,avaConv,wind
PT,h0284,0.28776217299258505,scr2085,avaConv,wind
PT,h0285,0.3502210847349722,scr2085,avaConv,wind
PT,h0286,0.33835957655128346,scr2085,avaConv,wind
PT,h0287,0.3145109484603361,scr2085,avaConv,wind
PT,h0288,0.2839282148202471,scr2085,avaConv,wind
RO,h0241,0.18034028589836926,scr2085,avaConv,wind
RO,h0242,0.15449556337558767,scr2085,avaConv,wind
RO,h0243,0.11481286750096036,scr2085,avaConv,wind
RO,h0244,0.1169212369520427,scr2085,avaConv,wind
RO,h0245,0.11702389162799011,scr2085,avaConv,wind
RO,h0246,0.11320979217697376,scr2085,avaConv,wind
RO,h0247,0.08665328433040452,scr2085,avaConv,wind
RO,h0248,0.0611754603582778,scr2085,avaConv,wind
RO,h0249,0.03614189801327087,scr2085,avaConv,wind
RO,h0250,0.02861799908098942,scr2085,avaConv,wind
RO,h0251,0.021912089603059775,scr2085,avaConv,wind
RO,h0252,0.016801019341386596,scr2085,avaConv,wind
RO,h0253,0.018234344570408716,scr2085,avaConv,wind
RO,h0254,0.021248430736500606,scr2085,avaConv,wind
RO,h0255,0.02626640309210221,scr2085,avaConv,wind
RO,h0256,0.028141329762973916,scr2085,avaConv,wind
RO,h0257,0.0317686168430445,scr2085,avaConv,wind
RO,h0258,0.03656492569533357,scr2085,avaConv,wind
RO,h0259,0.06762612985500868,scr2085,avaConv,wind
RO,h0260,0.10348400005133004,scr2085,avaConv,wind
RO,h0261,0.1439701241337765,scr2085,avaConv,wind
RO,h0262,0.16152086415586292,scr2085,avaConv,wind
RO,h0263,0.18009043878553962,scr2085,avaConv,wind
RO,h0264,0.2005481013636912,scr2085,avaConv,wind
RO,h0265,0.20427212812310297,scr2085,avaConv,wind
RO,h0266,0.2032500803476897,scr2085,avaConv,wind
RO,h0267,0.19594056826737616,scr2085,avaConv,wind
RO,h0268,0.19801104344948067,scr2085,avaConv,wind
RO,h0269,0.1897421664517228,scr2085,avaConv,wind
RO,h0270,0.17581067642231826,scr2085,avaConv,wind
RO,h0271,0.11098193050096815,scr2085,avaConv,wind
RO,h0272,0.056108964111306385,scr2085,avaConv,wind
RO,h0273,0.009762951663222162,scr2085,avaConv,wind
RO,h0274,0.01107051587456685,scr2085,avaConv,wind
RO,h0275,0.013221612228778521,scr2085,avaConv,wind
RO,h0276,0.014665232645749844,scr2085,avaConv,wind
RO,h0277,0.01124324541995123,scr2085,avaConv,wind
RO,h0278,0.008336231794185222,scr2085,avaConv,wind
RO,h0279,0.006827835652877809,scr2085,avaConv,wind
RO,h0280,0.012976207900984294,scr2085,avaConv,wind
RO,h0281,0.024845033998495147,scr2085,avaConv,wind
RO,h0282,0.044213055794704734,scr2085,avaConv,wind
RO,h0283,0.08544896936457087,scr2085,avaConv,wind
RO,h0284,0.12622830473945135,scr2085,avaConv,wind
RO,h0285,0.1654545250422418,scr2085,avaConv,wind
RO,h0286,0.1850011201612293,scr2085,avaConv,wind
RO,h0287,0.20578063764363824,scr2085,avaConv,wind
RO,h0288,0.22512090267908189,scr2085,avaConv,wind
RS,h0241,0.013301004422540981,scr2085,avaConv,wind
RS,h0242,0.006047163153964204,scr2085,avaConv,wind
RS,h0243,0.0001602750044403511,scr2085,avaConv,wind
RS,h0244,0.0002789489373799336,scr2085,avaConv,wind
RS,h0245,0.0004050282564968308,scr2085,avaConv,wind
RS,h0246,0.0005027507252455678,scr2085,avaConv,wind
RS,h0247,0.007136977606393297,scr2085,avaConv,wind
RS,h0248,0.017271453837857217,scr2085,avaConv,wind
RS,h0249,0.028113376939885495,scr2085,avaConv,wind
RS,h0250,0.02585535783664082,scr2085,avaConv,wind
RS,h0251,0.02104123282431565,scr2085,avaConv,wind
RS,h0252,0.016242791425770273,scr2085,avaConv,wind
RS,h0253,0.01066159212112515,scr2085,avaConv,wind
RS,h0254,0.007355365768418333,scr2085,avaConv,wind
RS,h0255,0.005217349134886796,scr2085,avaConv,wind
RS,h0256,0.004649042943744891,scr2085,avaConv,wind
RS,h0257,0.0032530272280792204,scr2085,avaConv,wind
RS,h0258,0.0014579385313426266,scr2085,avaConv,wind
RS,h0259,0.036413247392425706,scr2085,avaConv,wind
RS,h0260,0.09554214270599655,scr2085,avaConv,wind
RS,h0261,0.17269843666868778,scr2085,avaConv,wind
RS,h0262,0.18414501467075783,scr2085,avaConv,wind
RS,h0263,0.1855813314654006,scr2085,avaConv,wind
RS,h0264,0.18074731033668143,scr2085,avaConv,wind
RS,h0265,0.13236286457330862,scr2085,avaConv,wind
RS,h0266,0.09036659539988018,scr2085,avaConv,wind
RS,h0267,0.05394618590938978,scr2085,avaConv,wind
RS,h0268,0.05134282532407853,scr2085,avaConv,wind
RS,h0269,0.04033283414098338,scr2085,avaConv,wind
RS,h0270,0.028798446776259604,scr2085,avaConv,wind
RS,h0271,0.012413861552062526,scr2085,avaConv,wind
RS,h0272,0.0046192628752436855,scr2085,avaConv,wind
RS,h0273,0.0002409318456170316,scr2085,avaConv,wind
RS,h0274,0.00015051570493038448,scr2085,avaConv,wind
RS,h0275,0.00013627233203072306,scr2085,avaConv,wind
RS,h0276,0.00018847408077846044,scr2085,avaConv,wind
RS,h0277,0.0022550665361822796,scr2085,avaConv,wind
RS,h0278,0.005208621158220278,scr2085,avaConv,wind
RS,h0279,0.008940878548692034,scr2085,avaConv,wind
RS,h0280,0.009137651878109845,scr2085,avaConv,wind
RS,h0281,0.00974573416221408,scr2085,avaConv,wind
RS,h0282,0.010616861679740526,scr2085,avaConv,wind
RS,h0283,0.03803058192114275,scr2085,avaConv,wind
RS,h0284,0.07624889681832393,scr2085,avaConv,wind
RS,h0285,0.12888829319267003,scr2085,avaConv,wind
RS,h0286,0.15429600426967313,scr2085,avaConv,wind
RS,h0287,0.18615457646594472,scr2085,avaConv,wind
RS,h0288,0.2183986115049365,scr2085,avaConv,wind
SE,h0241,0.3192805297750689,scr2085,avaConv,wind
SE,h0242,0.2512062985853201,scr2085,avaConv,wind
SE,h0243,0.180855749467232,scr2085,avaConv,wind
SE,h0244,0.1577938027676747,scr2085,avaConv,wind
SE,h0245,0.13011313369050487,scr2085,avaConv,wind
SE,h0246,0.10455693170477791,scr2085,avaConv,wind
SE,h0247,0.18925571460859683,scr2085,avaConv,wind
SE,h0248,0.2860924413367011,scr2085,avaConv,wind
SE,h0249,0.3940640786972425,scr2085,avaConv,wind
SE,h0250,0.4115382984512447,scr2085,avaConv,wind
SE,h0251,0.4472671656794567,scr2085,avaConv,wind
SE,h0252,0.49166636114283097,scr2085,avaConv,wind
SE,h0253,0.6142908532924083,scr2085,avaConv,wind
SE,h0254,0.7172782624792651,scr2085,avaConv,wind
SE,h0255,0.8048834455259026,scr2085,avaConv,wind
SE,h0256,0.795615685633153,scr2085,avaConv,wind
SE,h0257,0.789080626079649,scr2085,avaConv,wind
SE,h0258,0.7809717309861178,scr2085,avaConv,wind
SE,h0259,0.5446608589426168,scr2085,avaConv,wind
SE,h0260,0.3194687670880056,scr2085,avaConv,wind
SE,h0261,0.11235593202196037,scr2085,avaConv,wind
SE,h0262,0.12141877751861581,scr2085,avaConv,wind
SE,h0263,0.12905534454046766,scr2085,avaConv,wind
SE,h0264,0.13356003243451373,scr2085,avaConv,wind
SE,h0265,0.22536694338686092,scr2085,avaConv,wind
SE,h0266,0.31344609385592004,scr2085,avaConv,wind
SE,h0267,0.39887164725727475,scr2085,avaConv,wind
SE,h0268,0.38426904738046735,scr2085,avaConv,wind
SE,h0269,0.3644755572816707,scr2085,avaConv,wind
SE,h0270,0.34275928463764543,scr2085,avaConv,wind
SE,h0271,0.31762854595541135,scr2085,avaConv,wind
SE,h0272,0.3133293372655822,scr2085,avaConv,wind
SE,h0273,0.3231697663354877,scr2085,avaConv,wind
SE,h0274,0.34383300492082247,scr2085,avaConv,wind
SE,h0275,0.3503014943892996,scr2085,avaConv,wind
SE,h0276,0.34531913455045066,scr2085,avaConv,wind
SE,h0277,0.24792901237220352,scr2085,avaConv,wind
SE,h0278,0.15889124929825238,scr2085,avaConv,wind
SE,h0279,0.08057186104237153,scr2085,avaConv,wind
SE,h0280,0.09309832709471977,scr2085,avaConv,wind
SE,h0281,0.10905930881035318,scr2085,avaConv,wind
SE,h0282,0.129057907572489,scr2085,avaConv,wind
SE,h0283,0.09628127609112477,scr2085,avaConv,wind
SE,h0284,0.05996198524786558,scr2085,avaConv,wind
SE,h0285,0.01979086608862956,scr2085,avaConv,wind
SE,h0286,0.02670577569536344,scr2085,avaConv,wind
SE,h0287,0.03664223377314038,scr2085,avaConv,wind
SE,h0288,0.049608038976464076,scr2085,avaConv,wind
SI,h0241,0.010926399421794209,scr2085,avaConv,wind
SI,h0242,0.0072064820014792795,scr2085,avaConv,wind
SI,h0243,0.004260117804420253,scr2085,avaConv,wind
SI,h0244,0.005409034501002471,scr2085,avaConv,wind
SI,h0245,0.006177897550388171,scr2085,avaConv,wind
SI,h0246,0.005835373735902194,scr2085,avaConv,wind
SI,h0247,0.0032290435875950005,scr2085,avaConv,wind
SI,h0248,0.0011089851492466177,scr2085,avaConv,wind
SI,h0249,0.0,scr2085,avaConv,wind
SI,h0250,0.0,scr2085,avaConv,wind
SI,h0251,0.00048355762080833515,scr2085,avaConv,wind
SI,h0252,0.0016332477874489197,scr2085,avaConv,wind
SI,h0253,0.0015100296383469686,scr2085,avaConv,wind
SI,h0254,0.0008718055908748673,scr2085,avaConv,wind
SI,h0255,0.0,scr2085,avaConv,wind
SI,h0256,0.0,scr2085,avaConv,wind
SI,h0257,0.0007702326480342552,scr2085,avaConv,wind
SI,h0258,0.003308941484031093,scr2085,avaConv,wind
SI,h0259,0.029520246164744596,scr2085,avaConv,wind
SI,h0260,0.06475356090538326,scr2085,avaConv,wind
SI,h0261,0.09764168395129863,scr2085,avaConv,wind
SI,h0262,0.09603664291371768,scr2085,avaConv,wind
SI,h0263,0.0888592082002928,scr2085,avaConv,wind
SI,h0264,0.08361786603088008,scr2085,avaConv,wind
SI,h0265,0.09470204192273639,scr2085,avaConv,wind
SI,h0266,0.1120896380305276,scr2085,avaConv,wind
SI,h0267,0.13354613430637016,scr2085,avaConv,wind
SI,h0268,0.13618190132588512,scr2085,avaConv,wind
SI,h0269,0.12295844608740175,scr2085,avaConv,wind
SI,h0270,0.09810828699610687,scr2085,avaConv,wind
SI,h0271,0.07406331592853095,scr2085,avaConv,wind
SI,h0272,0.06360650176051356,scr2085,avaConv,wind
SI,h0273,0.05715676374825155,scr2085,avaConv,wind
SI,h0274,0.048085670468664056,scr2085,avaConv,wind
SI,h0275,0.03645518706907915,scr2085,avaConv,wind
SI,h0276,0.03190303297220823,scr2085,avaConv,wind
SI,h0277,0.08086129504701502,scr2085,avaConv,wind
SI,h0278,0.14409882902415627,scr2085,avaConv,wind
SI,h0279,0.2117397046673921,scr2085,avaConv,wind
SI,h0280,0.20701189688142982,scr2085,avaConv,wind
SI,h0281,0.1907576403279155,scr2085,avaConv,wind
SI,h0282,0.16621411406114936,scr2085,avaConv,wind
SI,h0283,0.1067311638522394,scr2085,avaConv,wind
SI,h0284,0.06016183945639612,scr2085,avaConv,wind
SI,h0285,0.029136766944622437,scr2085,avaConv,wind
SI,h0286,0.03386770190398446,scr2085,avaConv,wind
SI,h0287,0.043432671091333086,scr2085,avaConv,wind
SI,h0288,0.0557249735680048,scr2085,avaConv,wind
SK,h0241,0.0745766494671672,scr2085,avaConv,wind
SK,h0242,0.06662226330917846,scr2085,avaConv,wind
SK,h0243,0.0581271150869809,scr2085,avaConv,wind
SK,h0244,0.05639799420782167,scr2085,avaConv,wind
SK,h0245,0.05120657483457185,scr2085,avaConv,wind
SK,h0246,0.04240412691105587,scr2085,avaConv,wind
SK,h0247,0.048849597502837655,scr2085,avaConv,wind
SK,h0248,0.05928734320269442,scr2085,avaConv,wind
SK,h0249,0.07699695194486171,scr2085,avaConv,wind
SK,h0250,0.08246084696084827,scr2085,avaConv,wind
SK,h0251,0.09070855888582,scr2085,avaConv,wind
SK,h0252,0.09515654541404844,scr2085,avaConv,wind
SK,h0253,0.06131815793877149,scr2085,avaConv,wind
SK,h0254,0.027930014860260206,scr2085,avaConv,wind
SK,h0255,0.0010948094087377459,scr2085,avaConv,wind
SK,h0256,0.001163001877284235,scr2085,avaConv,wind
SK,h0257,0.0018521407472268567,scr2085,avaConv,wind
SK,h0258,0.003676162083684045,scr2085,avaConv,wind
SK,h0259,0.013533162691800858,scr2085,avaConv,wind
SK,h0260,0.02510686005432434,scr2085,avaConv,wind
SK,h0261,0.03716005152369271,scr2085,avaConv,wind
SK,h0262,0.041554308368564045,scr2085,avaConv,wind
SK,h0263,0.04540431973617514,scr2085,avaConv,wind
SK,h0264,0.0479778073498173,scr2085,avaConv,wind
SK,h0265,0.0772613747368232,scr2085,avaConv,wind
SK,h0266,0.1086453798781608,scr2085,avaConv,wind
SK,h0267,0.14395918386715106,scr2085,avaConv,wind
SK,h0268,0.14757408029900942,scr2085,avaConv,wind
SK,h0269,0.13515397026589712,scr2085,avaConv,wind
SK,h0270,0.12497626306739033,scr2085,avaConv,wind
SK,h0271,0.0832789800615181,scr2085,avaConv,wind
SK,h0272,0.05460301719185513,scr2085,avaConv,wind
SK,h0273,0.022957958506785357,scr2085,avaConv,wind
SK,h0274,0.01922935705955501,scr2085,avaConv,wind
SK,h0275,0.016908330285849343,scr2085,avaConv,wind
SK,h0276,0.014977176362041586,scr2085,avaConv,wind
SK,h0277,0.019999615712893184,scr2085,avaConv,wind
SK,h0278,0.023990995096644475,scr2085,avaConv,wind
SK,h0279,0.029531272463818793,scr2085,avaConv,wind
SK,h0280,0.028967894424484057,scr2085,avaConv,wind
SK,h0281,0.033961997732569305,scr2085,avaConv,wind
SK,h0282,0.044984282675700524,scr2085,avaConv,wind
SK,h0283,0.11469463560466035,scr2085,avaConv,wind
SK,h0284,0.18544461120009564,scr2085,avaConv,wind
SK,h0285,0.2598509347379947,scr2085,avaConv,wind
SK,h0286,0.27501391792919777,scr2085,avaConv,wind
SK,h0287,0.2959381123849468,scr2085,avaConv,wind
SK,h0288,0.30855538351485057,scr2085,avaConv,wind
UK,h0241,0.13073042696778234,scr2085,avaConv,wind
UK,h0242,0.17295994198998582,scr2085,avaConv,wind
UK,h0243,0.21019261697134778,scr2085,avaConv,wind
UK,h0244,0.19847288403162042,scr2085,avaConv,wind
UK,h0245,0.1830412406548308,scr2085,avaConv,wind
UK,h0246,0.16417192163009234,scr2085,avaConv,wind
UK,h0247,0.2828831016387041,scr2085,avaConv,wind
UK,h0248,0.41184320857568163,scr2085,avaConv,wind
UK,h0249,0.5448093680623599,scr2085,avaConv,wind
UK,h0250,0.5368518159578811,scr2085,avaConv,wind
UK,h0251,0.5195550024574087,scr2085,avaConv,wind
UK,h0252,0.49900376743702984,scr2085,avaConv,wind
UK,h0253,0.5956422043780871,scr2085,avaConv,wind
UK,h0254,0.7004394949534272,scr2085,avaConv,wind
UK,h0255,0.815606702447251,scr2085,avaConv,wind
UK,h0256,0.8216925576311142,scr2085,avaConv,wind
UK,h0257,0.8329094472773956,scr2085,avaConv,wind
UK,h0258,0.8463773717133144,scr2085,avaConv,wind
UK,h0259,0.7651041089896571,scr2085,avaConv,wind
UK,h0260,0.6758176541944145,scr2085,avaConv,wind
UK,h0261,0.5797675457647319,scr2085,avaConv,wind
UK,h0262,0.5707407598466305,scr2085,avaConv,wind
UK,h0263,0.5619014971535932,scr2085,avaConv,wind
UK,h0264,0.5548759170718328,scr2085,avaConv,wind
UK,h0265,0.44855117700456426,scr2085,avaConv,wind
UK,h0266,0.34737429934628994,scr2085,avaConv,wind
UK,h0267,0.25037331003480146,scr2085,avaConv,wind
UK,h0268,0.2568867722668022,scr2085,avaConv,wind
UK,h0269,0.26313443582023754,scr2085,avaConv,wind
UK,h0270,0.2685439380967254,scr2085,avaConv,wind
UK,h0271,0.3107623584049757,scr2085,avaConv,wind
UK,h0272,0.3502722354108477,scr2085,avaConv,wind
UK,h0273,0.38707945796161314,scr2085,avaConv,wind
UK,h0274,0.3831317325528856,scr2085,avaConv,wind
UK,h0275,0.37929327794566753,scr2085,avaConv,wind
UK,h0276,0.3761438724965943,scr2085,avaConv,wind
UK,h0277,0.32729364282478457,scr2085,avaConv,wind
UK,h0278,0.2805385154404307,scr2085,avaConv,wind
UK,h0279,0.2375218221227343,scr2085,avaConv,wind
UK,h0280,0.24519330213457083,scr2085,avaConv,wind
UK,h0281,0.2562120217618333,scr2085,avaConv,wind
UK,h0282,0.2680410242486903,scr2085,avaConv,wind
UK,h0283,0.23682542373820709,scr2085,avaConv,wind
UK,h0284,0.20210674339724133,scr2085,avaConv,wind
UK,h0285,0.16504128349345257,scr2085,avaConv,wind
UK,h0286,0.1662445913370889,scr2085,avaConv,wind
UK,h0287,0.16553580518718713,scr2085,avaConv,wind
UK,h0288,0.1630233570209657,scr2085,avaConv,wind
