region_2,timestep_6,value,scenario_1,parameter,technology_3
AT,h0049,0.33840624952058107,scr1982,avaConv,bevPsngRoadPrvt
AT,h0050,0.36509036546377915,scr1982,avaConv,bevPsngRoadPrvt
AT,h0051,0.43439629163726323,scr1982,avaConv,bevPsngRoadPrvt
AT,h0052,0.5450491388219465,scr1982,avaConv,bevPsngRoadPrvt
AT,h0053,0.6163100022167902,scr1982,avaConv,bevPsngRoadPrvt
AT,h0054,0.648916667,scr1982,avaConv,bevPsngRoadPrvt
AT,h0055,0.6417473706896408,scr1982,avaConv,bevPsngRoadPrvt
AT,h0056,0.6150660579150107,scr1982,avaConv,bevPsngRoadPrvt
AT,h0057,0.5792036685433843,scr1982,avaConv,bevPsngRoadPrvt
AT,h0058,0.5521698108742572,scr1982,avaConv,bevPsngRoadPrvt
AT,h0059,0.5276914766058409,scr1982,avaConv,bevPsngRoadPrvt
AT,h0060,0.49951625899370544,scr1982,avaConv,bevPsngRoadPrvt
AT,h0061,0.4680582528759314,scr1982,avaConv,bevPsngRoadPrvt
AT,h0062,0.42286231498760296,scr1982,avaConv,bevPsngRoadPrvt
AT,h0063,0.35987538990123324,scr1982,avaConv,bevPsngRoadPrvt
AT,h0064,0.28400294422946626,scr1982,avaConv,bevPsngRoadPrvt
AT,h0065,0.22553267274043964,scr1982,avaConv,bevPsngRoadPrvt
AT,h0066,0.2191642062620618,scr1982,avaConv,bevPsngRoadPrvt
AT,h0067,0.26252027609128215,scr1982,avaConv,bevPsngRoadPrvt
AT,h0068,0.32891141707250826,scr1982,avaConv,bevPsngRoadPrvt
AT,h0069,0.3960421369934646,scr1982,avaConv,bevPsngRoadPrvt
AT,h0070,0.450524980431259,scr1982,avaConv,bevPsngRoadPrvt
AT,h0071,0.4918179497818089,scr1982,avaConv,bevPsngRoadPrvt
AT,h0072,0.5168513786568059,scr1982,avaConv,bevPsngRoadPrvt
AT,h0073,0.5210088466979936,scr1982,avaConv,bevPsngRoadPrvt
AT,h0074,0.5165986153313744,scr1982,avaConv,bevPsngRoadPrvt
AT,h0075,0.5087811673559179,scr1982,avaConv,bevPsngRoadPrvt
AT,h0076,0.5067842030592611,scr1982,avaConv,bevPsngRoadPrvt
AT,h0077,0.5074504934931832,scr1982,avaConv,bevPsngRoadPrvt
AT,h0078,0.5096881516514786,scr1982,avaConv,bevPsngRoadPrvt
AT,h0079,0.5127580272654786,scr1982,avaConv,bevPsngRoadPrvt
AT,h0080,0.5133678462607332,scr1982,avaConv,bevPsngRoadPrvt
AT,h0081,0.5121603964801045,scr1982,avaConv,bevPsngRoadPrvt
AT,h0082,0.5107214426993165,scr1982,avaConv,bevPsngRoadPrvt
AT,h0083,0.5042413257231328,scr1982,avaConv,bevPsngRoadPrvt
AT,h0084,0.4897978490264312,scr1982,avaConv,bevPsngRoadPrvt
AT,h0085,0.47594532987359495,scr1982,avaConv,bevPsngRoadPrvt
AT,h0086,0.45884712954941254,scr1982,avaConv,bevPsngRoadPrvt
AT,h0087,0.4377774790890272,scr1982,avaConv,bevPsngRoadPrvt
AT,h0088,0.4024190026976955,scr1982,avaConv,bevPsngRoadPrvt
AT,h0089,0.3617670505169599,scr1982,avaConv,bevPsngRoadPrvt
AT,h0090,0.32869443473737503,scr1982,avaConv,bevPsngRoadPrvt
AT,h0091,0.3187529860169529,scr1982,avaConv,bevPsngRoadPrvt
AT,h0092,0.3452762346381446,scr1982,avaConv,bevPsngRoadPrvt
AT,h0093,0.3960421369934646,scr1982,avaConv,bevPsngRoadPrvt
AT,h0094,0.450524980431259,scr1982,avaConv,bevPsngRoadPrvt
AT,h0095,0.4918179497818089,scr1982,avaConv,bevPsngRoadPrvt
AT,h0096,0.5168513786568059,scr1982,avaConv,bevPsngRoadPrvt
BE,h0049,0.33840624952058107,scr1982,avaConv,bevPsngRoadPrvt
BE,h0050,0.36509036546377915,scr1982,avaConv,bevPsngRoadPrvt
BE,h0051,0.43439629163726323,scr1982,avaConv,bevPsngRoadPrvt
BE,h0052,0.5450491388219465,scr1982,avaConv,bevPsngRoadPrvt
BE,h0053,0.6163100022167902,scr1982,avaConv,bevPsngRoadPrvt
BE,h0054,0.648916667,scr1982,avaConv,bevPsngRoadPrvt
BE,h0055,0.6417473706896408,scr1982,avaConv,bevPsngRoadPrvt
BE,h0056,0.6150660579150107,scr1982,avaConv,bevPsngRoadPrvt
BE,h0057,0.5792036685433843,scr1982,avaConv,bevPsngRoadPrvt
BE,h0058,0.5521698108742572,scr1982,avaConv,bevPsngRoadPrvt
BE,h0059,0.5276914766058409,scr1982,avaConv,bevPsngRoadPrvt
BE,h0060,0.49951625899370544,scr1982,avaConv,bevPsngRoadPrvt
BE,h0061,0.4680582528759314,scr1982,avaConv,bevPsngRoadPrvt
BE,h0062,0.42286231498760296,scr1982,avaConv,bevPsngRoadPrvt
BE,h0063,0.35987538990123324,scr1982,avaConv,bevPsngRoadPrvt
BE,h0064,0.28400294422946626,scr1982,avaConv,bevPsngRoadPrvt
BE,h0065,0.22553267274043964,scr1982,avaConv,bevPsngRoadPrvt
BE,h0066,0.2191642062620618,scr1982,avaConv,bevPsngRoadPrvt
BE,h0067,0.26252027609128215,scr1982,avaConv,bevPsngRoadPrvt
BE,h0068,0.32891141707250826,scr1982,avaConv,bevPsngRoadPrvt
BE,h0069,0.3960421369934646,scr1982,avaConv,bevPsngRoadPrvt
BE,h0070,0.450524980431259,scr1982,avaConv,bevPsngRoadPrvt
BE,h0071,0.4918179497818089,scr1982,avaConv,bevPsngRoadPrvt
BE,h0072,0.5168513786568059,scr1982,avaConv,bevPsngRoadPrvt
BE,h0073,0.5210088466979936,scr1982,avaConv,bevPsngRoadPrvt
BE,h0074,0.5165986153313744,scr1982,avaConv,bevPsngRoadPrvt
BE,h0075,0.5087811673559179,scr1982,avaConv,bevPsngRoadPrvt
BE,h0076,0.5067842030592611,scr1982,avaConv,bevPsngRoadPrvt
BE,h0077,0.5074504934931832,scr1982,avaConv,bevPsngRoadPrvt
BE,h0078,0.5096881516514786,scr1982,avaConv,bevPsngRoadPrvt
BE,h0079,0.5127580272654786,scr1982,avaConv,bevPsngRoadPrvt
BE,h0080,0.5133678462607332,scr1982,avaConv,bevPsngRoadPrvt
BE,h0081,0.5121603964801045,scr1982,avaConv,bevPsngRoadPrvt
BE,h0082,0.5107214426993165,scr1982,avaConv,bevPsngRoadPrvt
BE,h0083,0.5042413257231328,scr1982,avaConv,bevPsngRoadPrvt
BE,h0084,0.4897978490264312,scr1982,avaConv,bevPsngRoadPrvt
BE,h0085,0.47594532987359495,scr1982,avaConv,bevPsngRoadPrvt
BE,h0086,0.45884712954941254,scr1982,avaConv,bevPsngRoadPrvt
BE,h0087,0.4377774790890272,scr1982,avaConv,bevPsngRoadPrvt
BE,h0088,0.40241900269769504,scr1982,avaConv,bevPsngRoadPrvt
BE,h0089,0.3617670505169599,scr1982,avaConv,bevPsngRoadPrvt
BE,h0090,0.32869443473737503,scr1982,avaConv,bevPsngRoadPrvt
BE,h0091,0.3187529860169529,scr1982,avaConv,bevPsngRoadPrvt
BE,h0092,0.3452762346381446,scr1982,avaConv,bevPsngRoadPrvt
BE,h0093,0.3960421369934646,scr1982,avaConv,bevPsngRoadPrvt
BE,h0094,0.450524980431259,scr1982,avaConv,bevPsngRoadPrvt
BE,h0095,0.4918179497818089,scr1982,avaConv,bevPsngRoadPrvt
BE,h0096,0.5168513786568059,scr1982,avaConv,bevPsngRoadPrvt
BG,h0049,0.33840624952058107,scr1982,avaConv,bevPsngRoadPrvt
BG,h0050,0.36509036546377915,scr1982,avaConv,bevPsngRoadPrvt
BG,h0051,0.43439629163726323,scr1982,avaConv,bevPsngRoadPrvt
BG,h0052,0.5450491388219465,scr1982,avaConv,bevPsngRoadPrvt
BG,h0053,0.6163100022167902,scr1982,avaConv,bevPsngRoadPrvt
BG,h0054,0.648916667,scr1982,avaConv,bevPsngRoadPrvt
BG,h0055,0.6417473706896408,scr1982,avaConv,bevPsngRoadPrvt
BG,h0056,0.6150660579150107,scr1982,avaConv,bevPsngRoadPrvt
BG,h0057,0.5792036685433843,scr1982,avaConv,bevPsngRoadPrvt
BG,h0058,0.5521698108742572,scr1982,avaConv,bevPsngRoadPrvt
BG,h0059,0.5276914766058409,scr1982,avaConv,bevPsngRoadPrvt
BG,h0060,0.49951625899370544,scr1982,avaConv,bevPsngRoadPrvt
BG,h0061,0.4680582528759314,scr1982,avaConv,bevPsngRoadPrvt
BG,h0062,0.42286231498760296,scr1982,avaConv,bevPsngRoadPrvt
BG,h0063,0.35987538990123324,scr1982,avaConv,bevPsngRoadPrvt
BG,h0064,0.28400294422946626,scr1982,avaConv,bevPsngRoadPrvt
BG,h0065,0.22553267274043964,scr1982,avaConv,bevPsngRoadPrvt
BG,h0066,0.2191642062620618,scr1982,avaConv,bevPsngRoadPrvt
BG,h0067,0.26252027609128215,scr1982,avaConv,bevPsngRoadPrvt
BG,h0068,0.32891141707250826,scr1982,avaConv,bevPsngRoadPrvt
BG,h0069,0.3960421369934646,scr1982,avaConv,bevPsngRoadPrvt
BG,h0070,0.450524980431259,scr1982,avaConv,bevPsngRoadPrvt
BG,h0071,0.4918179497818089,scr1982,avaConv,bevPsngRoadPrvt
BG,h0072,0.5168513786568059,scr1982,avaConv,bevPsngRoadPrvt
BG,h0073,0.5210088466979936,scr1982,avaConv,bevPsngRoadPrvt
BG,h0074,0.5165986153313744,scr1982,avaConv,bevPsngRoadPrvt
BG,h0075,0.5087811673559179,scr1982,avaConv,bevPsngRoadPrvt
BG,h0076,0.5067842030592611,scr1982,avaConv,bevPsngRoadPrvt
BG,h0077,0.5074504934931832,scr1982,avaConv,bevPsngRoadPrvt
BG,h0078,0.5096881516514786,scr1982,avaConv,bevPsngRoadPrvt
BG,h0079,0.5127580272654786,scr1982,avaConv,bevPsngRoadPrvt
BG,h0080,0.5133678462607332,scr1982,avaConv,bevPsngRoadPrvt
BG,h0081,0.5121603964801045,scr1982,avaConv,bevPsngRoadPrvt
BG,h0082,0.5107214426993165,scr1982,avaConv,bevPsngRoadPrvt
BG,h0083,0.5042413257231328,scr1982,avaConv,bevPsngRoadPrvt
BG,h0084,0.4897978490264312,scr1982,avaConv,bevPsngRoadPrvt
BG,h0085,0.47594532987359495,scr1982,avaConv,bevPsngRoadPrvt
BG,h0086,0.45884712954941254,scr1982,avaConv,bevPsngRoadPrvt
BG,h0087,0.4377774790890272,scr1982,avaConv,bevPsngRoadPrvt
BG,h0088,0.40241900269769504,scr1982,avaConv,bevPsngRoadPrvt
BG,h0089,0.3617670505169599,scr1982,avaConv,bevPsngRoadPrvt
BG,h0090,0.32869443473737503,scr1982,avaConv,bevPsngRoadPrvt
BG,h0091,0.3187529860169529,scr1982,avaConv,bevPsngRoadPrvt
BG,h0092,0.3452762346381446,scr1982,avaConv,bevPsngRoadPrvt
BG,h0093,0.3960421369934646,scr1982,avaConv,bevPsngRoadPrvt
BG,h0094,0.450524980431259,scr1982,avaConv,bevPsngRoadPrvt
BG,h0095,0.4918179497818089,scr1982,avaConv,bevPsngRoadPrvt
BG,h0096,0.5168513786568059,scr1982,avaConv,bevPsngRoadPrvt
CH,h0049,0.33840624952058107,scr1982,avaConv,bevPsngRoadPrvt
CH,h0050,0.36509036546377915,scr1982,avaConv,bevPsngRoadPrvt
CH,h0051,0.43439629163726323,scr1982,avaConv,bevPsngRoadPrvt
CH,h0052,0.5450491388219465,scr1982,avaConv,bevPsngRoadPrvt
CH,h0053,0.6163100022167902,scr1982,avaConv,bevPsngRoadPrvt
CH,h0054,0.648916667,scr1982,avaConv,bevPsngRoadPrvt
CH,h0055,0.6417473706896408,scr1982,avaConv,bevPsngRoadPrvt
CH,h0056,0.6150660579150107,scr1982,avaConv,bevPsngRoadPrvt
CH,h0057,0.5792036685433843,scr1982,avaConv,bevPsngRoadPrvt
CH,h0058,0.5521698108742572,scr1982,avaConv,bevPsngRoadPrvt
CH,h0059,0.5276914766058409,scr1982,avaConv,bevPsngRoadPrvt
CH,h0060,0.49951625899370544,scr1982,avaConv,bevPsngRoadPrvt
CH,h0061,0.4680582528759314,scr1982,avaConv,bevPsngRoadPrvt
CH,h0062,0.42286231498760296,scr1982,avaConv,bevPsngRoadPrvt
CH,h0063,0.35987538990123324,scr1982,avaConv,bevPsngRoadPrvt
CH,h0064,0.28400294422946626,scr1982,avaConv,bevPsngRoadPrvt
CH,h0065,0.22553267274043964,scr1982,avaConv,bevPsngRoadPrvt
CH,h0066,0.2191642062620618,scr1982,avaConv,bevPsngRoadPrvt
CH,h0067,0.26252027609128215,scr1982,avaConv,bevPsngRoadPrvt
CH,h0068,0.32891141707250826,scr1982,avaConv,bevPsngRoadPrvt
CH,h0069,0.3960421369934646,scr1982,avaConv,bevPsngRoadPrvt
CH,h0070,0.450524980431259,scr1982,avaConv,bevPsngRoadPrvt
CH,h0071,0.4918179497818089,scr1982,avaConv,bevPsngRoadPrvt
CH,h0072,0.5168513786568059,scr1982,avaConv,bevPsngRoadPrvt
CH,h0073,0.5210088466979936,scr1982,avaConv,bevPsngRoadPrvt
CH,h0074,0.5165986153313744,scr1982,avaConv,bevPsngRoadPrvt
CH,h0075,0.5087811673559179,scr1982,avaConv,bevPsngRoadPrvt
CH,h0076,0.5067842030592611,scr1982,avaConv,bevPsngRoadPrvt
CH,h0077,0.5074504934931832,scr1982,avaConv,bevPsngRoadPrvt
CH,h0078,0.5096881516514786,scr1982,avaConv,bevPsngRoadPrvt
CH,h0079,0.5127580272654786,scr1982,avaConv,bevPsngRoadPrvt
CH,h0080,0.5133678462607332,scr1982,avaConv,bevPsngRoadPrvt
CH,h0081,0.5121603964801045,scr1982,avaConv,bevPsngRoadPrvt
CH,h0082,0.5107214426993165,scr1982,avaConv,bevPsngRoadPrvt
CH,h0083,0.5042413257231328,scr1982,avaConv,bevPsngRoadPrvt
CH,h0084,0.4897978490264312,scr1982,avaConv,bevPsngRoadPrvt
CH,h0085,0.47594532987359495,scr1982,avaConv,bevPsngRoadPrvt
CH,h0086,0.45884712954941254,scr1982,avaConv,bevPsngRoadPrvt
CH,h0087,0.4377774790890272,scr1982,avaConv,bevPsngRoadPrvt
CH,h0088,0.40241900269769504,scr1982,avaConv,bevPsngRoadPrvt
CH,h0089,0.3617670505169599,scr1982,avaConv,bevPsngRoadPrvt
CH,h0090,0.32869443473737503,scr1982,avaConv,bevPsngRoadPrvt
CH,h0091,0.3187529860169529,scr1982,avaConv,bevPsngRoadPrvt
CH,h0092,0.3452762346381446,scr1982,avaConv,bevPsngRoadPrvt
CH,h0093,0.3960421369934646,scr1982,avaConv,bevPsngRoadPrvt
CH,h0094,0.450524980431259,scr1982,avaConv,bevPsngRoadPrvt
CH,h0095,0.4918179497818089,scr1982,avaConv,bevPsngRoadPrvt
CH,h0096,0.5168513786568059,scr1982,avaConv,bevPsngRoadPrvt
CZ,h0049,0.33840624952058107,scr1982,avaConv,bevPsngRoadPrvt
CZ,h0050,0.36509036546377915,scr1982,avaConv,bevPsngRoadPrvt
CZ,h0051,0.43439629163726323,scr1982,avaConv,bevPsngRoadPrvt
CZ,h0052,0.5450491388219465,scr1982,avaConv,bevPsngRoadPrvt
CZ,h0053,0.6163100022167902,scr1982,avaConv,bevPsngRoadPrvt
CZ,h0054,0.648916667,scr1982,avaConv,bevPsngRoadPrvt
CZ,h0055,0.6417473706896408,scr1982,avaConv,bevPsngRoadPrvt
CZ,h0056,0.6150660579150107,scr1982,avaConv,bevPsngRoadPrvt
CZ,h0057,0.5792036685433843,scr1982,avaConv,bevPsngRoadPrvt
CZ,h0058,0.5521698108742572,scr1982,avaConv,bevPsngRoadPrvt
CZ,h0059,0.5276914766058409,scr1982,avaConv,bevPsngRoadPrvt
CZ,h0060,0.49951625899370544,scr1982,avaConv,bevPsngRoadPrvt
CZ,h0061,0.4680582528759314,scr1982,avaConv,bevPsngRoadPrvt
CZ,h0062,0.42286231498760296,scr1982,avaConv,bevPsngRoadPrvt
CZ,h0063,0.35987538990123324,scr1982,avaConv,bevPsngRoadPrvt
CZ,h0064,0.28400294422946626,scr1982,avaConv,bevPsngRoadPrvt
CZ,h0065,0.22553267274043964,scr1982,avaConv,bevPsngRoadPrvt
CZ,h0066,0.2191642062620618,scr1982,avaConv,bevPsngRoadPrvt
CZ,h0067,0.26252027609128215,scr1982,avaConv,bevPsngRoadPrvt
CZ,h0068,0.32891141707250826,scr1982,avaConv,bevPsngRoadPrvt
CZ,h0069,0.3960421369934646,scr1982,avaConv,bevPsngRoadPrvt
CZ,h0070,0.450524980431259,scr1982,avaConv,bevPsngRoadPrvt
CZ,h0071,0.4918179497818089,scr1982,avaConv,bevPsngRoadPrvt
CZ,h0072,0.5168513786568059,scr1982,avaConv,bevPsngRoadPrvt
CZ,h0073,0.5210088466979936,scr1982,avaConv,bevPsngRoadPrvt
CZ,h0074,0.5165986153313744,scr1982,avaConv,bevPsngRoadPrvt
CZ,h0075,0.5087811673559179,scr1982,avaConv,bevPsngRoadPrvt
CZ,h0076,0.5067842030592611,scr1982,avaConv,bevPsngRoadPrvt
CZ,h0077,0.5074504934931832,scr1982,avaConv,bevPsngRoadPrvt
CZ,h0078,0.5096881516514786,scr1982,avaConv,bevPsngRoadPrvt
CZ,h0079,0.5127580272654786,scr1982,avaConv,bevPsngRoadPrvt
CZ,h0080,0.5133678462607332,scr1982,avaConv,bevPsngRoadPrvt
CZ,h0081,0.5121603964801045,scr1982,avaConv,bevPsngRoadPrvt
CZ,h0082,0.5107214426993165,scr1982,avaConv,bevPsngRoadPrvt
CZ,h0083,0.5042413257231328,scr1982,avaConv,bevPsngRoadPrvt
CZ,h0084,0.4897978490264312,scr1982,avaConv,bevPsngRoadPrvt
CZ,h0085,0.47594532987359495,scr1982,avaConv,bevPsngRoadPrvt
CZ,h0086,0.45884712954941254,scr1982,avaConv,bevPsngRoadPrvt
CZ,h0087,0.4377774790890272,scr1982,avaConv,bevPsngRoadPrvt
CZ,h0088,0.40241900269769504,scr1982,avaConv,bevPsngRoadPrvt
CZ,h0089,0.3617670505169599,scr1982,avaConv,bevPsngRoadPrvt
CZ,h0090,0.32869443473737503,scr1982,avaConv,bevPsngRoadPrvt
CZ,h0091,0.3187529860169529,scr1982,avaConv,bevPsngRoadPrvt
CZ,h0092,0.3452762346381446,scr1982,avaConv,bevPsngRoadPrvt
CZ,h0093,0.3960421369934646,scr1982,avaConv,bevPsngRoadPrvt
CZ,h0094,0.450524980431259,scr1982,avaConv,bevPsngRoadPrvt
CZ,h0095,0.4918179497818089,scr1982,avaConv,bevPsngRoadPrvt
CZ,h0096,0.5168513786568059,scr1982,avaConv,bevPsngRoadPrvt
DE,h0049,0.33840624952058107,scr1982,avaConv,bevPsngRoadPrvt
DE,h0050,0.36509036546377915,scr1982,avaConv,bevPsngRoadPrvt
DE,h0051,0.43439629163726323,scr1982,avaConv,bevPsngRoadPrvt
DE,h0052,0.5450491388219465,scr1982,avaConv,bevPsngRoadPrvt
DE,h0053,0.6163100022167902,scr1982,avaConv,bevPsngRoadPrvt
DE,h0054,0.648916667,scr1982,avaConv,bevPsngRoadPrvt
DE,h0055,0.6417473706896408,scr1982,avaConv,bevPsngRoadPrvt
DE,h0056,0.6150660579150107,scr1982,avaConv,bevPsngRoadPrvt
DE,h0057,0.5792036685433843,scr1982,avaConv,bevPsngRoadPrvt
DE,h0058,0.5521698108742572,scr1982,avaConv,bevPsngRoadPrvt
DE,h0059,0.5276914766058409,scr1982,avaConv,bevPsngRoadPrvt
DE,h0060,0.49951625899370544,scr1982,avaConv,bevPsngRoadPrvt
DE,h0061,0.4680582528759314,scr1982,avaConv,bevPsngRoadPrvt
DE,h0062,0.42286231498760296,scr1982,avaConv,bevPsngRoadPrvt
DE,h0063,0.35987538990123324,scr1982,avaConv,bevPsngRoadPrvt
DE,h0064,0.28400294422946626,scr1982,avaConv,bevPsngRoadPrvt
DE,h0065,0.2255326727404401,scr1982,avaConv,bevPsngRoadPrvt
DE,h0066,0.2191642062620618,scr1982,avaConv,bevPsngRoadPrvt
DE,h0067,0.26252027609128215,scr1982,avaConv,bevPsngRoadPrvt
DE,h0068,0.3289114170725087,scr1982,avaConv,bevPsngRoadPrvt
DE,h0069,0.3960421369934646,scr1982,avaConv,bevPsngRoadPrvt
DE,h0070,0.450524980431259,scr1982,avaConv,bevPsngRoadPrvt
DE,h0071,0.4918179497818089,scr1982,avaConv,bevPsngRoadPrvt
DE,h0072,0.5168513786568059,scr1982,avaConv,bevPsngRoadPrvt
DE,h0073,0.5210088466979936,scr1982,avaConv,bevPsngRoadPrvt
DE,h0074,0.5165986153313744,scr1982,avaConv,bevPsngRoadPrvt
DE,h0075,0.5087811673559179,scr1982,avaConv,bevPsngRoadPrvt
DE,h0076,0.5067842030592606,scr1982,avaConv,bevPsngRoadPrvt
DE,h0077,0.5074504934931827,scr1982,avaConv,bevPsngRoadPrvt
DE,h0078,0.5096881516514786,scr1982,avaConv,bevPsngRoadPrvt
DE,h0079,0.5127580272654786,scr1982,avaConv,bevPsngRoadPrvt
DE,h0080,0.5133678462607332,scr1982,avaConv,bevPsngRoadPrvt
DE,h0081,0.512160396480104,scr1982,avaConv,bevPsngRoadPrvt
DE,h0082,0.5107214426993165,scr1982,avaConv,bevPsngRoadPrvt
DE,h0083,0.5042413257231328,scr1982,avaConv,bevPsngRoadPrvt
DE,h0084,0.4897978490264312,scr1982,avaConv,bevPsngRoadPrvt
DE,h0085,0.47594532987359495,scr1982,avaConv,bevPsngRoadPrvt
DE,h0086,0.45884712954941254,scr1982,avaConv,bevPsngRoadPrvt
DE,h0087,0.4377774790890272,scr1982,avaConv,bevPsngRoadPrvt
DE,h0088,0.40241900269769504,scr1982,avaConv,bevPsngRoadPrvt
DE,h0089,0.3617670505169599,scr1982,avaConv,bevPsngRoadPrvt
DE,h0090,0.32869443473737503,scr1982,avaConv,bevPsngRoadPrvt
DE,h0091,0.3187529860169529,scr1982,avaConv,bevPsngRoadPrvt
DE,h0092,0.3452762346381446,scr1982,avaConv,bevPsngRoadPrvt
DE,h0093,0.3960421369934646,scr1982,avaConv,bevPsngRoadPrvt
DE,h0094,0.450524980431259,scr1982,avaConv,bevPsngRoadPrvt
DE,h0095,0.4918179497818089,scr1982,avaConv,bevPsngRoadPrvt
DE,h0096,0.5168513786568059,scr1982,avaConv,bevPsngRoadPrvt
GR,h0049,0.33840624952058107,scr1982,avaConv,bevPsngRoadPrvt
GR,h0050,0.36509036546377915,scr1982,avaConv,bevPsngRoadPrvt
GR,h0051,0.43439629163726323,scr1982,avaConv,bevPsngRoadPrvt
GR,h0052,0.5450491388219465,scr1982,avaConv,bevPsngRoadPrvt
GR,h0053,0.6163100022167902,scr1982,avaConv,bevPsngRoadPrvt
GR,h0054,0.648916667,scr1982,avaConv,bevPsngRoadPrvt
GR,h0055,0.6417473706896408,scr1982,avaConv,bevPsngRoadPrvt
GR,h0056,0.6150660579150107,scr1982,avaConv,bevPsngRoadPrvt
GR,h0057,0.5792036685433843,scr1982,avaConv,bevPsngRoadPrvt
GR,h0058,0.5521698108742572,scr1982,avaConv,bevPsngRoadPrvt
GR,h0059,0.5276914766058409,scr1982,avaConv,bevPsngRoadPrvt
GR,h0060,0.49951625899370544,scr1982,avaConv,bevPsngRoadPrvt
GR,h0061,0.4680582528759314,scr1982,avaConv,bevPsngRoadPrvt
GR,h0062,0.42286231498760296,scr1982,avaConv,bevPsngRoadPrvt
GR,h0063,0.35987538990123324,scr1982,avaConv,bevPsngRoadPrvt
GR,h0064,0.28400294422946626,scr1982,avaConv,bevPsngRoadPrvt
GR,h0065,0.22553267274043964,scr1982,avaConv,bevPsngRoadPrvt
GR,h0066,0.2191642062620618,scr1982,avaConv,bevPsngRoadPrvt
GR,h0067,0.26252027609128215,scr1982,avaConv,bevPsngRoadPrvt
GR,h0068,0.32891141707250826,scr1982,avaConv,bevPsngRoadPrvt
GR,h0069,0.3960421369934646,scr1982,avaConv,bevPsngRoadPrvt
GR,h0070,0.450524980431259,scr1982,avaConv,bevPsngRoadPrvt
GR,h0071,0.4918179497818089,scr1982,avaConv,bevPsngRoadPrvt
GR,h0072,0.5168513786568059,scr1982,avaConv,bevPsngRoadPrvt
GR,h0073,0.5210088466979936,scr1982,avaConv,bevPsngRoadPrvt
GR,h0074,0.5165986153313744,scr1982,avaConv,bevPsngRoadPrvt
GR,h0075,0.5087811673559179,scr1982,avaConv,bevPsngRoadPrvt
GR,h0076,0.5067842030592611,scr1982,avaConv,bevPsngRoadPrvt
GR,h0077,0.5074504934931832,scr1982,avaConv,bevPsngRoadPrvt
GR,h0078,0.5096881516514786,scr1982,avaConv,bevPsngRoadPrvt
GR,h0079,0.5127580272654786,scr1982,avaConv,bevPsngRoadPrvt
GR,h0080,0.5133678462607332,scr1982,avaConv,bevPsngRoadPrvt
GR,h0081,0.5121603964801045,scr1982,avaConv,bevPsngRoadPrvt
GR,h0082,0.5107214426993165,scr1982,avaConv,bevPsngRoadPrvt
GR,h0083,0.5042413257231328,scr1982,avaConv,bevPsngRoadPrvt
GR,h0084,0.4897978490264312,scr1982,avaConv,bevPsngRoadPrvt
GR,h0085,0.47594532987359495,scr1982,avaConv,bevPsngRoadPrvt
GR,h0086,0.45884712954941254,scr1982,avaConv,bevPsngRoadPrvt
GR,h0087,0.4377774790890272,scr1982,avaConv,bevPsngRoadPrvt
GR,h0088,0.40241900269769504,scr1982,avaConv,bevPsngRoadPrvt
GR,h0089,0.3617670505169599,scr1982,avaConv,bevPsngRoadPrvt
GR,h0090,0.32869443473737503,scr1982,avaConv,bevPsngRoadPrvt
GR,h0091,0.3187529860169529,scr1982,avaConv,bevPsngRoadPrvt
GR,h0092,0.3452762346381446,scr1982,avaConv,bevPsngRoadPrvt
GR,h0093,0.3960421369934646,scr1982,avaConv,bevPsngRoadPrvt
GR,h0094,0.450524980431259,scr1982,avaConv,bevPsngRoadPrvt
GR,h0095,0.4918179497818089,scr1982,avaConv,bevPsngRoadPrvt
GR,h0096,0.5168513786568059,scr1982,avaConv,bevPsngRoadPrvt
ES,h0049,0.33840624952058107,scr1982,avaConv,bevPsngRoadPrvt
ES,h0050,0.36509036546377915,scr1982,avaConv,bevPsngRoadPrvt
ES,h0051,0.43439629163726323,scr1982,avaConv,bevPsngRoadPrvt
ES,h0052,0.5450491388219469,scr1982,avaConv,bevPsngRoadPrvt
ES,h0053,0.6163100022167902,scr1982,avaConv,bevPsngRoadPrvt
ES,h0054,0.648916667,scr1982,avaConv,bevPsngRoadPrvt
ES,h0055,0.6417473706896408,scr1982,avaConv,bevPsngRoadPrvt
ES,h0056,0.6150660579150107,scr1982,avaConv,bevPsngRoadPrvt
ES,h0057,0.5792036685433843,scr1982,avaConv,bevPsngRoadPrvt
ES,h0058,0.5521698108742572,scr1982,avaConv,bevPsngRoadPrvt
ES,h0059,0.5276914766058409,scr1982,avaConv,bevPsngRoadPrvt
ES,h0060,0.49951625899370544,scr1982,avaConv,bevPsngRoadPrvt
ES,h0061,0.4680582528759314,scr1982,avaConv,bevPsngRoadPrvt
ES,h0062,0.42286231498760296,scr1982,avaConv,bevPsngRoadPrvt
ES,h0063,0.35987538990123324,scr1982,avaConv,bevPsngRoadPrvt
ES,h0064,0.28400294422946626,scr1982,avaConv,bevPsngRoadPrvt
ES,h0065,0.2255326727404401,scr1982,avaConv,bevPsngRoadPrvt
ES,h0066,0.2191642062620618,scr1982,avaConv,bevPsngRoadPrvt
ES,h0067,0.26252027609128215,scr1982,avaConv,bevPsngRoadPrvt
ES,h0068,0.3289114170725087,scr1982,avaConv,bevPsngRoadPrvt
ES,h0069,0.3960421369934646,scr1982,avaConv,bevPsngRoadPrvt
ES,h0070,0.450524980431259,scr1982,avaConv,bevPsngRoadPrvt
ES,h0071,0.4918179497818089,scr1982,avaConv,bevPsngRoadPrvt
ES,h0072,0.5168513786568059,scr1982,avaConv,bevPsngRoadPrvt
ES,h0073,0.5210088466979936,scr1982,avaConv,bevPsngRoadPrvt
ES,h0074,0.5165986153313744,scr1982,avaConv,bevPsngRoadPrvt
ES,h0075,0.5087811673559179,scr1982,avaConv,bevPsngRoadPrvt
ES,h0076,0.5067842030592611,scr1982,avaConv,bevPsngRoadPrvt
ES,h0077,0.5074504934931832,scr1982,avaConv,bevPsngRoadPrvt
ES,h0078,0.5096881516514786,scr1982,avaConv,bevPsngRoadPrvt
ES,h0079,0.5127580272654786,scr1982,avaConv,bevPsngRoadPrvt
ES,h0080,0.5133678462607332,scr1982,avaConv,bevPsngRoadPrvt
ES,h0081,0.5121603964801045,scr1982,avaConv,bevPsngRoadPrvt
ES,h0082,0.5107214426993165,scr1982,avaConv,bevPsngRoadPrvt
ES,h0083,0.5042413257231328,scr1982,avaConv,bevPsngRoadPrvt
ES,h0084,0.4897978490264312,scr1982,avaConv,bevPsngRoadPrvt
ES,h0085,0.47594532987359495,scr1982,avaConv,bevPsngRoadPrvt
ES,h0086,0.45884712954941254,scr1982,avaConv,bevPsngRoadPrvt
ES,h0087,0.4377774790890272,scr1982,avaConv,bevPsngRoadPrvt
ES,h0088,0.40241900269769504,scr1982,avaConv,bevPsngRoadPrvt
ES,h0089,0.3617670505169599,scr1982,avaConv,bevPsngRoadPrvt
ES,h0090,0.32869443473737503,scr1982,avaConv,bevPsngRoadPrvt
ES,h0091,0.3187529860169529,scr1982,avaConv,bevPsngRoadPrvt
ES,h0092,0.34527623463814505,scr1982,avaConv,bevPsngRoadPrvt
ES,h0093,0.3960421369934646,scr1982,avaConv,bevPsngRoadPrvt
ES,h0094,0.450524980431259,scr1982,avaConv,bevPsngRoadPrvt
ES,h0095,0.4918179497818089,scr1982,avaConv,bevPsngRoadPrvt
ES,h0096,0.5168513786568059,scr1982,avaConv,bevPsngRoadPrvt
DK,h0049,0.33840624952058107,scr1982,avaConv,bevPsngRoadPrvt
DK,h0050,0.36509036546377915,scr1982,avaConv,bevPsngRoadPrvt
DK,h0051,0.43439629163726323,scr1982,avaConv,bevPsngRoadPrvt
DK,h0052,0.5450491388219465,scr1982,avaConv,bevPsngRoadPrvt
DK,h0053,0.6163100022167902,scr1982,avaConv,bevPsngRoadPrvt
DK,h0054,0.648916667,scr1982,avaConv,bevPsngRoadPrvt
DK,h0055,0.6417473706896408,scr1982,avaConv,bevPsngRoadPrvt
DK,h0056,0.6150660579150107,scr1982,avaConv,bevPsngRoadPrvt
DK,h0057,0.5792036685433843,scr1982,avaConv,bevPsngRoadPrvt
DK,h0058,0.5521698108742572,scr1982,avaConv,bevPsngRoadPrvt
DK,h0059,0.5276914766058409,scr1982,avaConv,bevPsngRoadPrvt
DK,h0060,0.49951625899370544,scr1982,avaConv,bevPsngRoadPrvt
DK,h0061,0.4680582528759314,scr1982,avaConv,bevPsngRoadPrvt
DK,h0062,0.42286231498760296,scr1982,avaConv,bevPsngRoadPrvt
DK,h0063,0.35987538990123324,scr1982,avaConv,bevPsngRoadPrvt
DK,h0064,0.28400294422946626,scr1982,avaConv,bevPsngRoadPrvt
DK,h0065,0.22553267274043964,scr1982,avaConv,bevPsngRoadPrvt
DK,h0066,0.2191642062620618,scr1982,avaConv,bevPsngRoadPrvt
DK,h0067,0.26252027609128215,scr1982,avaConv,bevPsngRoadPrvt
DK,h0068,0.32891141707250826,scr1982,avaConv,bevPsngRoadPrvt
DK,h0069,0.3960421369934646,scr1982,avaConv,bevPsngRoadPrvt
DK,h0070,0.450524980431259,scr1982,avaConv,bevPsngRoadPrvt
DK,h0071,0.4918179497818089,scr1982,avaConv,bevPsngRoadPrvt
DK,h0072,0.5168513786568059,scr1982,avaConv,bevPsngRoadPrvt
DK,h0073,0.5210088466979936,scr1982,avaConv,bevPsngRoadPrvt
DK,h0074,0.5165986153313744,scr1982,avaConv,bevPsngRoadPrvt
DK,h0075,0.5087811673559179,scr1982,avaConv,bevPsngRoadPrvt
DK,h0076,0.5067842030592611,scr1982,avaConv,bevPsngRoadPrvt
DK,h0077,0.5074504934931832,scr1982,avaConv,bevPsngRoadPrvt
DK,h0078,0.5096881516514786,scr1982,avaConv,bevPsngRoadPrvt
DK,h0079,0.5127580272654786,scr1982,avaConv,bevPsngRoadPrvt
DK,h0080,0.5133678462607332,scr1982,avaConv,bevPsngRoadPrvt
DK,h0081,0.5121603964801045,scr1982,avaConv,bevPsngRoadPrvt
DK,h0082,0.5107214426993165,scr1982,avaConv,bevPsngRoadPrvt
DK,h0083,0.5042413257231328,scr1982,avaConv,bevPsngRoadPrvt
DK,h0084,0.4897978490264312,scr1982,avaConv,bevPsngRoadPrvt
DK,h0085,0.47594532987359495,scr1982,avaConv,bevPsngRoadPrvt
DK,h0086,0.45884712954941254,scr1982,avaConv,bevPsngRoadPrvt
DK,h0087,0.4377774790890272,scr1982,avaConv,bevPsngRoadPrvt
DK,h0088,0.40241900269769504,scr1982,avaConv,bevPsngRoadPrvt
DK,h0089,0.3617670505169599,scr1982,avaConv,bevPsngRoadPrvt
DK,h0090,0.32869443473737503,scr1982,avaConv,bevPsngRoadPrvt
DK,h0091,0.3187529860169529,scr1982,avaConv,bevPsngRoadPrvt
DK,h0092,0.3452762346381446,scr1982,avaConv,bevPsngRoadPrvt
DK,h0093,0.3960421369934646,scr1982,avaConv,bevPsngRoadPrvt
DK,h0094,0.450524980431259,scr1982,avaConv,bevPsngRoadPrvt
DK,h0095,0.4918179497818089,scr1982,avaConv,bevPsngRoadPrvt
DK,h0096,0.5168513786568059,scr1982,avaConv,bevPsngRoadPrvt
EE,h0049,0.33840624952058107,scr1982,avaConv,bevPsngRoadPrvt
EE,h0050,0.36509036546377915,scr1982,avaConv,bevPsngRoadPrvt
EE,h0051,0.43439629163726323,scr1982,avaConv,bevPsngRoadPrvt
EE,h0052,0.5450491388219465,scr1982,avaConv,bevPsngRoadPrvt
EE,h0053,0.6163100022167902,scr1982,avaConv,bevPsngRoadPrvt
EE,h0054,0.648916667,scr1982,avaConv,bevPsngRoadPrvt
EE,h0055,0.6417473706896408,scr1982,avaConv,bevPsngRoadPrvt
EE,h0056,0.6150660579150107,scr1982,avaConv,bevPsngRoadPrvt
EE,h0057,0.5792036685433843,scr1982,avaConv,bevPsngRoadPrvt
EE,h0058,0.5521698108742572,scr1982,avaConv,bevPsngRoadPrvt
EE,h0059,0.5276914766058409,scr1982,avaConv,bevPsngRoadPrvt
EE,h0060,0.49951625899370544,scr1982,avaConv,bevPsngRoadPrvt
EE,h0061,0.4680582528759314,scr1982,avaConv,bevPsngRoadPrvt
EE,h0062,0.42286231498760296,scr1982,avaConv,bevPsngRoadPrvt
EE,h0063,0.35987538990123324,scr1982,avaConv,bevPsngRoadPrvt
EE,h0064,0.28400294422946626,scr1982,avaConv,bevPsngRoadPrvt
EE,h0065,0.22553267274043964,scr1982,avaConv,bevPsngRoadPrvt
EE,h0066,0.2191642062620618,scr1982,avaConv,bevPsngRoadPrvt
EE,h0067,0.26252027609128215,scr1982,avaConv,bevPsngRoadPrvt
EE,h0068,0.32891141707250826,scr1982,avaConv,bevPsngRoadPrvt
EE,h0069,0.3960421369934646,scr1982,avaConv,bevPsngRoadPrvt
EE,h0070,0.450524980431259,scr1982,avaConv,bevPsngRoadPrvt
EE,h0071,0.4918179497818089,scr1982,avaConv,bevPsngRoadPrvt
EE,h0072,0.5168513786568059,scr1982,avaConv,bevPsngRoadPrvt
EE,h0073,0.5210088466979936,scr1982,avaConv,bevPsngRoadPrvt
EE,h0074,0.5165986153313744,scr1982,avaConv,bevPsngRoadPrvt
EE,h0075,0.5087811673559179,scr1982,avaConv,bevPsngRoadPrvt
EE,h0076,0.5067842030592611,scr1982,avaConv,bevPsngRoadPrvt
EE,h0077,0.5074504934931832,scr1982,avaConv,bevPsngRoadPrvt
EE,h0078,0.5096881516514786,scr1982,avaConv,bevPsngRoadPrvt
EE,h0079,0.5127580272654786,scr1982,avaConv,bevPsngRoadPrvt
EE,h0080,0.5133678462607332,scr1982,avaConv,bevPsngRoadPrvt
EE,h0081,0.5121603964801045,scr1982,avaConv,bevPsngRoadPrvt
EE,h0082,0.5107214426993165,scr1982,avaConv,bevPsngRoadPrvt
EE,h0083,0.5042413257231328,scr1982,avaConv,bevPsngRoadPrvt
EE,h0084,0.4897978490264312,scr1982,avaConv,bevPsngRoadPrvt
EE,h0085,0.47594532987359495,scr1982,avaConv,bevPsngRoadPrvt
EE,h0086,0.45884712954941254,scr1982,avaConv,bevPsngRoadPrvt
EE,h0087,0.4377774790890272,scr1982,avaConv,bevPsngRoadPrvt
EE,h0088,0.40241900269769504,scr1982,avaConv,bevPsngRoadPrvt
EE,h0089,0.3617670505169599,scr1982,avaConv,bevPsngRoadPrvt
EE,h0090,0.32869443473737503,scr1982,avaConv,bevPsngRoadPrvt
EE,h0091,0.3187529860169529,scr1982,avaConv,bevPsngRoadPrvt
EE,h0092,0.3452762346381446,scr1982,avaConv,bevPsngRoadPrvt
EE,h0093,0.3960421369934646,scr1982,avaConv,bevPsngRoadPrvt
EE,h0094,0.450524980431259,scr1982,avaConv,bevPsngRoadPrvt
EE,h0095,0.4918179497818089,scr1982,avaConv,bevPsngRoadPrvt
EE,h0096,0.5168513786568059,scr1982,avaConv,bevPsngRoadPrvt
FI,h0049,0.33840624952058107,scr1982,avaConv,bevPsngRoadPrvt
FI,h0050,0.36509036546377915,scr1982,avaConv,bevPsngRoadPrvt
FI,h0051,0.43439629163726323,scr1982,avaConv,bevPsngRoadPrvt
FI,h0052,0.5450491388219465,scr1982,avaConv,bevPsngRoadPrvt
FI,h0053,0.6163100022167902,scr1982,avaConv,bevPsngRoadPrvt
FI,h0054,0.648916667,scr1982,avaConv,bevPsngRoadPrvt
FI,h0055,0.6417473706896408,scr1982,avaConv,bevPsngRoadPrvt
FI,h0056,0.6150660579150107,scr1982,avaConv,bevPsngRoadPrvt
FI,h0057,0.5792036685433843,scr1982,avaConv,bevPsngRoadPrvt
FI,h0058,0.5521698108742572,scr1982,avaConv,bevPsngRoadPrvt
FI,h0059,0.5276914766058409,scr1982,avaConv,bevPsngRoadPrvt
FI,h0060,0.49951625899370544,scr1982,avaConv,bevPsngRoadPrvt
FI,h0061,0.4680582528759314,scr1982,avaConv,bevPsngRoadPrvt
FI,h0062,0.42286231498760296,scr1982,avaConv,bevPsngRoadPrvt
FI,h0063,0.35987538990123324,scr1982,avaConv,bevPsngRoadPrvt
FI,h0064,0.28400294422946626,scr1982,avaConv,bevPsngRoadPrvt
FI,h0065,0.22553267274043964,scr1982,avaConv,bevPsngRoadPrvt
FI,h0066,0.2191642062620618,scr1982,avaConv,bevPsngRoadPrvt
FI,h0067,0.26252027609128215,scr1982,avaConv,bevPsngRoadPrvt
FI,h0068,0.32891141707250826,scr1982,avaConv,bevPsngRoadPrvt
FI,h0069,0.3960421369934646,scr1982,avaConv,bevPsngRoadPrvt
FI,h0070,0.450524980431259,scr1982,avaConv,bevPsngRoadPrvt
FI,h0071,0.4918179497818089,scr1982,avaConv,bevPsngRoadPrvt
FI,h0072,0.5168513786568059,scr1982,avaConv,bevPsngRoadPrvt
FI,h0073,0.5210088466979936,scr1982,avaConv,bevPsngRoadPrvt
FI,h0074,0.5165986153313744,scr1982,avaConv,bevPsngRoadPrvt
FI,h0075,0.5087811673559179,scr1982,avaConv,bevPsngRoadPrvt
FI,h0076,0.5067842030592611,scr1982,avaConv,bevPsngRoadPrvt
FI,h0077,0.5074504934931832,scr1982,avaConv,bevPsngRoadPrvt
FI,h0078,0.5096881516514786,scr1982,avaConv,bevPsngRoadPrvt
FI,h0079,0.5127580272654786,scr1982,avaConv,bevPsngRoadPrvt
FI,h0080,0.5133678462607332,scr1982,avaConv,bevPsngRoadPrvt
FI,h0081,0.5121603964801045,scr1982,avaConv,bevPsngRoadPrvt
FI,h0082,0.5107214426993165,scr1982,avaConv,bevPsngRoadPrvt
FI,h0083,0.5042413257231328,scr1982,avaConv,bevPsngRoadPrvt
FI,h0084,0.4897978490264312,scr1982,avaConv,bevPsngRoadPrvt
FI,h0085,0.47594532987359495,scr1982,avaConv,bevPsngRoadPrvt
FI,h0086,0.45884712954941254,scr1982,avaConv,bevPsngRoadPrvt
FI,h0087,0.4377774790890272,scr1982,avaConv,bevPsngRoadPrvt
FI,h0088,0.40241900269769504,scr1982,avaConv,bevPsngRoadPrvt
FI,h0089,0.3617670505169599,scr1982,avaConv,bevPsngRoadPrvt
FI,h0090,0.32869443473737503,scr1982,avaConv,bevPsngRoadPrvt
FI,h0091,0.3187529860169529,scr1982,avaConv,bevPsngRoadPrvt
FI,h0092,0.3452762346381446,scr1982,avaConv,bevPsngRoadPrvt
FI,h0093,0.3960421369934646,scr1982,avaConv,bevPsngRoadPrvt
FI,h0094,0.450524980431259,scr1982,avaConv,bevPsngRoadPrvt
FI,h0095,0.4918179497818089,scr1982,avaConv,bevPsngRoadPrvt
FI,h0096,0.5168513786568059,scr1982,avaConv,bevPsngRoadPrvt
FR,h0049,0.3384062495205806,scr1982,avaConv,bevPsngRoadPrvt
FR,h0050,0.36509036546377915,scr1982,avaConv,bevPsngRoadPrvt
FR,h0051,0.43439629163726323,scr1982,avaConv,bevPsngRoadPrvt
FR,h0052,0.5450491388219469,scr1982,avaConv,bevPsngRoadPrvt
FR,h0053,0.6163100022167902,scr1982,avaConv,bevPsngRoadPrvt
FR,h0054,0.648916667,scr1982,avaConv,bevPsngRoadPrvt
FR,h0055,0.6417473706896408,scr1982,avaConv,bevPsngRoadPrvt
FR,h0056,0.6150660579150107,scr1982,avaConv,bevPsngRoadPrvt
FR,h0057,0.5792036685433843,scr1982,avaConv,bevPsngRoadPrvt
FR,h0058,0.5521698108742572,scr1982,avaConv,bevPsngRoadPrvt
FR,h0059,0.5276914766058409,scr1982,avaConv,bevPsngRoadPrvt
FR,h0060,0.49951625899370544,scr1982,avaConv,bevPsngRoadPrvt
FR,h0061,0.4680582528759314,scr1982,avaConv,bevPsngRoadPrvt
FR,h0062,0.42286231498760296,scr1982,avaConv,bevPsngRoadPrvt
FR,h0063,0.35987538990123324,scr1982,avaConv,bevPsngRoadPrvt
FR,h0064,0.28400294422946626,scr1982,avaConv,bevPsngRoadPrvt
FR,h0065,0.2255326727404401,scr1982,avaConv,bevPsngRoadPrvt
FR,h0066,0.2191642062620618,scr1982,avaConv,bevPsngRoadPrvt
FR,h0067,0.26252027609128215,scr1982,avaConv,bevPsngRoadPrvt
FR,h0068,0.3289114170725087,scr1982,avaConv,bevPsngRoadPrvt
FR,h0069,0.3960421369934646,scr1982,avaConv,bevPsngRoadPrvt
FR,h0070,0.450524980431259,scr1982,avaConv,bevPsngRoadPrvt
FR,h0071,0.4918179497818089,scr1982,avaConv,bevPsngRoadPrvt
FR,h0072,0.5168513786568059,scr1982,avaConv,bevPsngRoadPrvt
FR,h0073,0.5210088466979936,scr1982,avaConv,bevPsngRoadPrvt
FR,h0074,0.5165986153313744,scr1982,avaConv,bevPsngRoadPrvt
FR,h0075,0.5087811673559179,scr1982,avaConv,bevPsngRoadPrvt
FR,h0076,0.5067842030592611,scr1982,avaConv,bevPsngRoadPrvt
FR,h0077,0.5074504934931832,scr1982,avaConv,bevPsngRoadPrvt
FR,h0078,0.5096881516514786,scr1982,avaConv,bevPsngRoadPrvt
FR,h0079,0.5127580272654786,scr1982,avaConv,bevPsngRoadPrvt
FR,h0080,0.5133678462607332,scr1982,avaConv,bevPsngRoadPrvt
FR,h0081,0.5121603964801045,scr1982,avaConv,bevPsngRoadPrvt
FR,h0082,0.5107214426993165,scr1982,avaConv,bevPsngRoadPrvt
FR,h0083,0.5042413257231328,scr1982,avaConv,bevPsngRoadPrvt
FR,h0084,0.4897978490264312,scr1982,avaConv,bevPsngRoadPrvt
FR,h0085,0.47594532987359495,scr1982,avaConv,bevPsngRoadPrvt
FR,h0086,0.45884712954941254,scr1982,avaConv,bevPsngRoadPrvt
FR,h0087,0.4377774790890272,scr1982,avaConv,bevPsngRoadPrvt
FR,h0088,0.40241900269769504,scr1982,avaConv,bevPsngRoadPrvt
FR,h0089,0.3617670505169599,scr1982,avaConv,bevPsngRoadPrvt
FR,h0090,0.32869443473737503,scr1982,avaConv,bevPsngRoadPrvt
FR,h0091,0.3187529860169529,scr1982,avaConv,bevPsngRoadPrvt
FR,h0092,0.34527623463814505,scr1982,avaConv,bevPsngRoadPrvt
FR,h0093,0.3960421369934646,scr1982,avaConv,bevPsngRoadPrvt
FR,h0094,0.450524980431259,scr1982,avaConv,bevPsngRoadPrvt
FR,h0095,0.4918179497818089,scr1982,avaConv,bevPsngRoadPrvt
FR,h0096,0.5168513786568059,scr1982,avaConv,bevPsngRoadPrvt
IT,h0049,0.33840624952058107,scr1982,avaConv,bevPsngRoadPrvt
IT,h0050,0.36509036546377915,scr1982,avaConv,bevPsngRoadPrvt
IT,h0051,0.43439629163726323,scr1982,avaConv,bevPsngRoadPrvt
IT,h0052,0.5450491388219465,scr1982,avaConv,bevPsngRoadPrvt
IT,h0053,0.6163100022167902,scr1982,avaConv,bevPsngRoadPrvt
IT,h0054,0.648916667,scr1982,avaConv,bevPsngRoadPrvt
IT,h0055,0.6417473706896408,scr1982,avaConv,bevPsngRoadPrvt
IT,h0056,0.6150660579150107,scr1982,avaConv,bevPsngRoadPrvt
IT,h0057,0.5792036685433843,scr1982,avaConv,bevPsngRoadPrvt
IT,h0058,0.5521698108742572,scr1982,avaConv,bevPsngRoadPrvt
IT,h0059,0.5276914766058409,scr1982,avaConv,bevPsngRoadPrvt
IT,h0060,0.49951625899370544,scr1982,avaConv,bevPsngRoadPrvt
IT,h0061,0.4680582528759314,scr1982,avaConv,bevPsngRoadPrvt
IT,h0062,0.42286231498760296,scr1982,avaConv,bevPsngRoadPrvt
IT,h0063,0.35987538990123324,scr1982,avaConv,bevPsngRoadPrvt
IT,h0064,0.28400294422946626,scr1982,avaConv,bevPsngRoadPrvt
IT,h0065,0.2255326727404401,scr1982,avaConv,bevPsngRoadPrvt
IT,h0066,0.2191642062620618,scr1982,avaConv,bevPsngRoadPrvt
IT,h0067,0.26252027609128215,scr1982,avaConv,bevPsngRoadPrvt
IT,h0068,0.32891141707250826,scr1982,avaConv,bevPsngRoadPrvt
IT,h0069,0.3960421369934646,scr1982,avaConv,bevPsngRoadPrvt
IT,h0070,0.450524980431259,scr1982,avaConv,bevPsngRoadPrvt
IT,h0071,0.4918179497818089,scr1982,avaConv,bevPsngRoadPrvt
IT,h0072,0.5168513786568059,scr1982,avaConv,bevPsngRoadPrvt
IT,h0073,0.5210088466979936,scr1982,avaConv,bevPsngRoadPrvt
IT,h0074,0.5165986153313744,scr1982,avaConv,bevPsngRoadPrvt
IT,h0075,0.5087811673559179,scr1982,avaConv,bevPsngRoadPrvt
IT,h0076,0.5067842030592611,scr1982,avaConv,bevPsngRoadPrvt
IT,h0077,0.5074504934931832,scr1982,avaConv,bevPsngRoadPrvt
IT,h0078,0.5096881516514786,scr1982,avaConv,bevPsngRoadPrvt
IT,h0079,0.5127580272654786,scr1982,avaConv,bevPsngRoadPrvt
IT,h0080,0.5133678462607332,scr1982,avaConv,bevPsngRoadPrvt
IT,h0081,0.512160396480104,scr1982,avaConv,bevPsngRoadPrvt
IT,h0082,0.5107214426993165,scr1982,avaConv,bevPsngRoadPrvt
IT,h0083,0.5042413257231328,scr1982,avaConv,bevPsngRoadPrvt
IT,h0084,0.4897978490264312,scr1982,avaConv,bevPsngRoadPrvt
IT,h0085,0.47594532987359495,scr1982,avaConv,bevPsngRoadPrvt
IT,h0086,0.45884712954941254,scr1982,avaConv,bevPsngRoadPrvt
IT,h0087,0.4377774790890272,scr1982,avaConv,bevPsngRoadPrvt
IT,h0088,0.40241900269769504,scr1982,avaConv,bevPsngRoadPrvt
IT,h0089,0.3617670505169599,scr1982,avaConv,bevPsngRoadPrvt
IT,h0090,0.32869443473737503,scr1982,avaConv,bevPsngRoadPrvt
IT,h0091,0.3187529860169529,scr1982,avaConv,bevPsngRoadPrvt
IT,h0092,0.3452762346381446,scr1982,avaConv,bevPsngRoadPrvt
IT,h0093,0.3960421369934646,scr1982,avaConv,bevPsngRoadPrvt
IT,h0094,0.450524980431259,scr1982,avaConv,bevPsngRoadPrvt
IT,h0095,0.4918179497818089,scr1982,avaConv,bevPsngRoadPrvt
IT,h0096,0.5168513786568059,scr1982,avaConv,bevPsngRoadPrvt
NL,h0049,0.33840624952058107,scr1982,avaConv,bevPsngRoadPrvt
NL,h0050,0.36509036546377915,scr1982,avaConv,bevPsngRoadPrvt
NL,h0051,0.43439629163726323,scr1982,avaConv,bevPsngRoadPrvt
NL,h0052,0.5450491388219465,scr1982,avaConv,bevPsngRoadPrvt
NL,h0053,0.6163100022167902,scr1982,avaConv,bevPsngRoadPrvt
NL,h0054,0.648916667,scr1982,avaConv,bevPsngRoadPrvt
NL,h0055,0.6417473706896408,scr1982,avaConv,bevPsngRoadPrvt
NL,h0056,0.6150660579150107,scr1982,avaConv,bevPsngRoadPrvt
NL,h0057,0.5792036685433843,scr1982,avaConv,bevPsngRoadPrvt
NL,h0058,0.5521698108742572,scr1982,avaConv,bevPsngRoadPrvt
NL,h0059,0.5276914766058409,scr1982,avaConv,bevPsngRoadPrvt
NL,h0060,0.49951625899370544,scr1982,avaConv,bevPsngRoadPrvt
NL,h0061,0.4680582528759314,scr1982,avaConv,bevPsngRoadPrvt
NL,h0062,0.42286231498760296,scr1982,avaConv,bevPsngRoadPrvt
NL,h0063,0.35987538990123324,scr1982,avaConv,bevPsngRoadPrvt
NL,h0064,0.28400294422946626,scr1982,avaConv,bevPsngRoadPrvt
NL,h0065,0.22553267274043964,scr1982,avaConv,bevPsngRoadPrvt
NL,h0066,0.2191642062620618,scr1982,avaConv,bevPsngRoadPrvt
NL,h0067,0.26252027609128215,scr1982,avaConv,bevPsngRoadPrvt
NL,h0068,0.32891141707250826,scr1982,avaConv,bevPsngRoadPrvt
NL,h0069,0.3960421369934646,scr1982,avaConv,bevPsngRoadPrvt
NL,h0070,0.450524980431259,scr1982,avaConv,bevPsngRoadPrvt
NL,h0071,0.4918179497818089,scr1982,avaConv,bevPsngRoadPrvt
NL,h0072,0.5168513786568059,scr1982,avaConv,bevPsngRoadPrvt
NL,h0073,0.5210088466979936,scr1982,avaConv,bevPsngRoadPrvt
NL,h0074,0.5165986153313744,scr1982,avaConv,bevPsngRoadPrvt
NL,h0075,0.5087811673559179,scr1982,avaConv,bevPsngRoadPrvt
NL,h0076,0.5067842030592611,scr1982,avaConv,bevPsngRoadPrvt
NL,h0077,0.5074504934931832,scr1982,avaConv,bevPsngRoadPrvt
NL,h0078,0.5096881516514786,scr1982,avaConv,bevPsngRoadPrvt
NL,h0079,0.5127580272654786,scr1982,avaConv,bevPsngRoadPrvt
NL,h0080,0.5133678462607332,scr1982,avaConv,bevPsngRoadPrvt
NL,h0081,0.5121603964801045,scr1982,avaConv,bevPsngRoadPrvt
NL,h0082,0.5107214426993165,scr1982,avaConv,bevPsngRoadPrvt
NL,h0083,0.5042413257231328,scr1982,avaConv,bevPsngRoadPrvt
NL,h0084,0.4897978490264312,scr1982,avaConv,bevPsngRoadPrvt
NL,h0085,0.47594532987359495,scr1982,avaConv,bevPsngRoadPrvt
NL,h0086,0.45884712954941254,scr1982,avaConv,bevPsngRoadPrvt
NL,h0087,0.4377774790890272,scr1982,avaConv,bevPsngRoadPrvt
NL,h0088,0.40241900269769504,scr1982,avaConv,bevPsngRoadPrvt
NL,h0089,0.3617670505169599,scr1982,avaConv,bevPsngRoadPrvt
NL,h0090,0.32869443473737503,scr1982,avaConv,bevPsngRoadPrvt
NL,h0091,0.3187529860169529,scr1982,avaConv,bevPsngRoadPrvt
NL,h0092,0.3452762346381446,scr1982,avaConv,bevPsngRoadPrvt
NL,h0093,0.3960421369934646,scr1982,avaConv,bevPsngRoadPrvt
NL,h0094,0.450524980431259,scr1982,avaConv,bevPsngRoadPrvt
NL,h0095,0.4918179497818089,scr1982,avaConv,bevPsngRoadPrvt
NL,h0096,0.5168513786568059,scr1982,avaConv,bevPsngRoadPrvt
IE,h0049,0.33840624952058107,scr1982,avaConv,bevPsngRoadPrvt
IE,h0050,0.36509036546377915,scr1982,avaConv,bevPsngRoadPrvt
IE,h0051,0.43439629163726323,scr1982,avaConv,bevPsngRoadPrvt
IE,h0052,0.5450491388219465,scr1982,avaConv,bevPsngRoadPrvt
IE,h0053,0.6163100022167902,scr1982,avaConv,bevPsngRoadPrvt
IE,h0054,0.648916667,scr1982,avaConv,bevPsngRoadPrvt
IE,h0055,0.6417473706896408,scr1982,avaConv,bevPsngRoadPrvt
IE,h0056,0.6150660579150107,scr1982,avaConv,bevPsngRoadPrvt
IE,h0057,0.5792036685433843,scr1982,avaConv,bevPsngRoadPrvt
IE,h0058,0.5521698108742572,scr1982,avaConv,bevPsngRoadPrvt
IE,h0059,0.5276914766058409,scr1982,avaConv,bevPsngRoadPrvt
IE,h0060,0.49951625899370544,scr1982,avaConv,bevPsngRoadPrvt
IE,h0061,0.4680582528759314,scr1982,avaConv,bevPsngRoadPrvt
IE,h0062,0.42286231498760296,scr1982,avaConv,bevPsngRoadPrvt
IE,h0063,0.35987538990123324,scr1982,avaConv,bevPsngRoadPrvt
IE,h0064,0.28400294422946626,scr1982,avaConv,bevPsngRoadPrvt
IE,h0065,0.22553267274043964,scr1982,avaConv,bevPsngRoadPrvt
IE,h0066,0.2191642062620618,scr1982,avaConv,bevPsngRoadPrvt
IE,h0067,0.26252027609128215,scr1982,avaConv,bevPsngRoadPrvt
IE,h0068,0.32891141707250826,scr1982,avaConv,bevPsngRoadPrvt
IE,h0069,0.3960421369934646,scr1982,avaConv,bevPsngRoadPrvt
IE,h0070,0.450524980431259,scr1982,avaConv,bevPsngRoadPrvt
IE,h0071,0.4918179497818089,scr1982,avaConv,bevPsngRoadPrvt
IE,h0072,0.5168513786568059,scr1982,avaConv,bevPsngRoadPrvt
IE,h0073,0.5210088466979936,scr1982,avaConv,bevPsngRoadPrvt
IE,h0074,0.5165986153313744,scr1982,avaConv,bevPsngRoadPrvt
IE,h0075,0.5087811673559179,scr1982,avaConv,bevPsngRoadPrvt
IE,h0076,0.5067842030592611,scr1982,avaConv,bevPsngRoadPrvt
IE,h0077,0.5074504934931832,scr1982,avaConv,bevPsngRoadPrvt
IE,h0078,0.5096881516514786,scr1982,avaConv,bevPsngRoadPrvt
IE,h0079,0.5127580272654786,scr1982,avaConv,bevPsngRoadPrvt
IE,h0080,0.5133678462607332,scr1982,avaConv,bevPsngRoadPrvt
IE,h0081,0.5121603964801045,scr1982,avaConv,bevPsngRoadPrvt
IE,h0082,0.5107214426993165,scr1982,avaConv,bevPsngRoadPrvt
IE,h0083,0.5042413257231328,scr1982,avaConv,bevPsngRoadPrvt
IE,h0084,0.4897978490264312,scr1982,avaConv,bevPsngRoadPrvt
IE,h0085,0.47594532987359495,scr1982,avaConv,bevPsngRoadPrvt
IE,h0086,0.45884712954941254,scr1982,avaConv,bevPsngRoadPrvt
IE,h0087,0.4377774790890272,scr1982,avaConv,bevPsngRoadPrvt
IE,h0088,0.40241900269769504,scr1982,avaConv,bevPsngRoadPrvt
IE,h0089,0.3617670505169599,scr1982,avaConv,bevPsngRoadPrvt
IE,h0090,0.32869443473737503,scr1982,avaConv,bevPsngRoadPrvt
IE,h0091,0.3187529860169529,scr1982,avaConv,bevPsngRoadPrvt
IE,h0092,0.3452762346381446,scr1982,avaConv,bevPsngRoadPrvt
IE,h0093,0.3960421369934646,scr1982,avaConv,bevPsngRoadPrvt
IE,h0094,0.450524980431259,scr1982,avaConv,bevPsngRoadPrvt
IE,h0095,0.4918179497818089,scr1982,avaConv,bevPsngRoadPrvt
IE,h0096,0.5168513786568059,scr1982,avaConv,bevPsngRoadPrvt
HR,h0049,0.33840624952058107,scr1982,avaConv,bevPsngRoadPrvt
HR,h0050,0.36509036546377915,scr1982,avaConv,bevPsngRoadPrvt
HR,h0051,0.43439629163726323,scr1982,avaConv,bevPsngRoadPrvt
HR,h0052,0.5450491388219465,scr1982,avaConv,bevPsngRoadPrvt
HR,h0053,0.6163100022167902,scr1982,avaConv,bevPsngRoadPrvt
HR,h0054,0.648916667,scr1982,avaConv,bevPsngRoadPrvt
HR,h0055,0.6417473706896408,scr1982,avaConv,bevPsngRoadPrvt
HR,h0056,0.6150660579150107,scr1982,avaConv,bevPsngRoadPrvt
HR,h0057,0.5792036685433843,scr1982,avaConv,bevPsngRoadPrvt
HR,h0058,0.5521698108742572,scr1982,avaConv,bevPsngRoadPrvt
HR,h0059,0.5276914766058409,scr1982,avaConv,bevPsngRoadPrvt
HR,h0060,0.49951625899370544,scr1982,avaConv,bevPsngRoadPrvt
HR,h0061,0.4680582528759314,scr1982,avaConv,bevPsngRoadPrvt
HR,h0062,0.42286231498760296,scr1982,avaConv,bevPsngRoadPrvt
HR,h0063,0.35987538990123324,scr1982,avaConv,bevPsngRoadPrvt
HR,h0064,0.28400294422946626,scr1982,avaConv,bevPsngRoadPrvt
HR,h0065,0.22553267274043964,scr1982,avaConv,bevPsngRoadPrvt
HR,h0066,0.2191642062620618,scr1982,avaConv,bevPsngRoadPrvt
HR,h0067,0.26252027609128215,scr1982,avaConv,bevPsngRoadPrvt
HR,h0068,0.32891141707250826,scr1982,avaConv,bevPsngRoadPrvt
HR,h0069,0.3960421369934646,scr1982,avaConv,bevPsngRoadPrvt
HR,h0070,0.450524980431259,scr1982,avaConv,bevPsngRoadPrvt
HR,h0071,0.4918179497818089,scr1982,avaConv,bevPsngRoadPrvt
HR,h0072,0.5168513786568059,scr1982,avaConv,bevPsngRoadPrvt
HR,h0073,0.5210088466979936,scr1982,avaConv,bevPsngRoadPrvt
HR,h0074,0.5165986153313744,scr1982,avaConv,bevPsngRoadPrvt
HR,h0075,0.5087811673559179,scr1982,avaConv,bevPsngRoadPrvt
HR,h0076,0.5067842030592611,scr1982,avaConv,bevPsngRoadPrvt
HR,h0077,0.5074504934931832,scr1982,avaConv,bevPsngRoadPrvt
HR,h0078,0.5096881516514786,scr1982,avaConv,bevPsngRoadPrvt
HR,h0079,0.5127580272654786,scr1982,avaConv,bevPsngRoadPrvt
HR,h0080,0.5133678462607332,scr1982,avaConv,bevPsngRoadPrvt
HR,h0081,0.5121603964801045,scr1982,avaConv,bevPsngRoadPrvt
HR,h0082,0.5107214426993165,scr1982,avaConv,bevPsngRoadPrvt
HR,h0083,0.5042413257231328,scr1982,avaConv,bevPsngRoadPrvt
HR,h0084,0.4897978490264312,scr1982,avaConv,bevPsngRoadPrvt
HR,h0085,0.47594532987359495,scr1982,avaConv,bevPsngRoadPrvt
HR,h0086,0.45884712954941254,scr1982,avaConv,bevPsngRoadPrvt
HR,h0087,0.4377774790890272,scr1982,avaConv,bevPsngRoadPrvt
HR,h0088,0.40241900269769504,scr1982,avaConv,bevPsngRoadPrvt
HR,h0089,0.3617670505169599,scr1982,avaConv,bevPsngRoadPrvt
HR,h0090,0.32869443473737503,scr1982,avaConv,bevPsngRoadPrvt
HR,h0091,0.3187529860169529,scr1982,avaConv,bevPsngRoadPrvt
HR,h0092,0.3452762346381446,scr1982,avaConv,bevPsngRoadPrvt
HR,h0093,0.3960421369934646,scr1982,avaConv,bevPsngRoadPrvt
HR,h0094,0.450524980431259,scr1982,avaConv,bevPsngRoadPrvt
HR,h0095,0.4918179497818089,scr1982,avaConv,bevPsngRoadPrvt
HR,h0096,0.5168513786568059,scr1982,avaConv,bevPsngRoadPrvt
HU,h0049,0.33840624952058107,scr1982,avaConv,bevPsngRoadPrvt
HU,h0050,0.36509036546377915,scr1982,avaConv,bevPsngRoadPrvt
HU,h0051,0.43439629163726323,scr1982,avaConv,bevPsngRoadPrvt
HU,h0052,0.5450491388219465,scr1982,avaConv,bevPsngRoadPrvt
HU,h0053,0.6163100022167902,scr1982,avaConv,bevPsngRoadPrvt
HU,h0054,0.648916667,scr1982,avaConv,bevPsngRoadPrvt
HU,h0055,0.6417473706896408,scr1982,avaConv,bevPsngRoadPrvt
HU,h0056,0.6150660579150107,scr1982,avaConv,bevPsngRoadPrvt
HU,h0057,0.5792036685433843,scr1982,avaConv,bevPsngRoadPrvt
HU,h0058,0.5521698108742572,scr1982,avaConv,bevPsngRoadPrvt
HU,h0059,0.5276914766058409,scr1982,avaConv,bevPsngRoadPrvt
HU,h0060,0.49951625899370544,scr1982,avaConv,bevPsngRoadPrvt
HU,h0061,0.4680582528759314,scr1982,avaConv,bevPsngRoadPrvt
HU,h0062,0.42286231498760296,scr1982,avaConv,bevPsngRoadPrvt
HU,h0063,0.35987538990123324,scr1982,avaConv,bevPsngRoadPrvt
HU,h0064,0.28400294422946626,scr1982,avaConv,bevPsngRoadPrvt
HU,h0065,0.22553267274043964,scr1982,avaConv,bevPsngRoadPrvt
HU,h0066,0.2191642062620618,scr1982,avaConv,bevPsngRoadPrvt
HU,h0067,0.26252027609128215,scr1982,avaConv,bevPsngRoadPrvt
HU,h0068,0.32891141707250826,scr1982,avaConv,bevPsngRoadPrvt
HU,h0069,0.3960421369934646,scr1982,avaConv,bevPsngRoadPrvt
HU,h0070,0.450524980431259,scr1982,avaConv,bevPsngRoadPrvt
HU,h0071,0.4918179497818089,scr1982,avaConv,bevPsngRoadPrvt
HU,h0072,0.5168513786568059,scr1982,avaConv,bevPsngRoadPrvt
HU,h0073,0.5210088466979936,scr1982,avaConv,bevPsngRoadPrvt
HU,h0074,0.5165986153313744,scr1982,avaConv,bevPsngRoadPrvt
HU,h0075,0.5087811673559179,scr1982,avaConv,bevPsngRoadPrvt
HU,h0076,0.5067842030592611,scr1982,avaConv,bevPsngRoadPrvt
HU,h0077,0.5074504934931832,scr1982,avaConv,bevPsngRoadPrvt
HU,h0078,0.5096881516514786,scr1982,avaConv,bevPsngRoadPrvt
HU,h0079,0.5127580272654786,scr1982,avaConv,bevPsngRoadPrvt
HU,h0080,0.5133678462607332,scr1982,avaConv,bevPsngRoadPrvt
HU,h0081,0.5121603964801045,scr1982,avaConv,bevPsngRoadPrvt
HU,h0082,0.5107214426993165,scr1982,avaConv,bevPsngRoadPrvt
HU,h0083,0.5042413257231328,scr1982,avaConv,bevPsngRoadPrvt
HU,h0084,0.4897978490264312,scr1982,avaConv,bevPsngRoadPrvt
HU,h0085,0.47594532987359495,scr1982,avaConv,bevPsngRoadPrvt
HU,h0086,0.45884712954941254,scr1982,avaConv,bevPsngRoadPrvt
HU,h0087,0.4377774790890272,scr1982,avaConv,bevPsngRoadPrvt
HU,h0088,0.40241900269769504,scr1982,avaConv,bevPsngRoadPrvt
HU,h0089,0.3617670505169599,scr1982,avaConv,bevPsngRoadPrvt
HU,h0090,0.32869443473737503,scr1982,avaConv,bevPsngRoadPrvt
HU,h0091,0.3187529860169529,scr1982,avaConv,bevPsngRoadPrvt
HU,h0092,0.3452762346381446,scr1982,avaConv,bevPsngRoadPrvt
HU,h0093,0.3960421369934646,scr1982,avaConv,bevPsngRoadPrvt
HU,h0094,0.450524980431259,scr1982,avaConv,bevPsngRoadPrvt
HU,h0095,0.4918179497818089,scr1982,avaConv,bevPsngRoadPrvt
HU,h0096,0.5168513786568059,scr1982,avaConv,bevPsngRoadPrvt
MK,h0049,0.33840624952058107,scr1982,avaConv,bevPsngRoadPrvt
MK,h0050,0.36509036546377915,scr1982,avaConv,bevPsngRoadPrvt
MK,h0051,0.43439629163726323,scr1982,avaConv,bevPsngRoadPrvt
MK,h0052,0.5450491388219465,scr1982,avaConv,bevPsngRoadPrvt
MK,h0053,0.6163100022167902,scr1982,avaConv,bevPsngRoadPrvt
MK,h0054,0.648916667,scr1982,avaConv,bevPsngRoadPrvt
MK,h0055,0.6417473706896408,scr1982,avaConv,bevPsngRoadPrvt
MK,h0056,0.6150660579150107,scr1982,avaConv,bevPsngRoadPrvt
MK,h0057,0.5792036685433843,scr1982,avaConv,bevPsngRoadPrvt
MK,h0058,0.5521698108742572,scr1982,avaConv,bevPsngRoadPrvt
MK,h0059,0.5276914766058409,scr1982,avaConv,bevPsngRoadPrvt
MK,h0060,0.49951625899370544,scr1982,avaConv,bevPsngRoadPrvt
MK,h0061,0.4680582528759314,scr1982,avaConv,bevPsngRoadPrvt
MK,h0062,0.42286231498760296,scr1982,avaConv,bevPsngRoadPrvt
MK,h0063,0.35987538990123324,scr1982,avaConv,bevPsngRoadPrvt
MK,h0064,0.28400294422946626,scr1982,avaConv,bevPsngRoadPrvt
MK,h0065,0.22553267274043964,scr1982,avaConv,bevPsngRoadPrvt
MK,h0066,0.2191642062620618,scr1982,avaConv,bevPsngRoadPrvt
MK,h0067,0.26252027609128215,scr1982,avaConv,bevPsngRoadPrvt
MK,h0068,0.32891141707250826,scr1982,avaConv,bevPsngRoadPrvt
MK,h0069,0.3960421369934646,scr1982,avaConv,bevPsngRoadPrvt
MK,h0070,0.450524980431259,scr1982,avaConv,bevPsngRoadPrvt
MK,h0071,0.4918179497818089,scr1982,avaConv,bevPsngRoadPrvt
MK,h0072,0.5168513786568059,scr1982,avaConv,bevPsngRoadPrvt
MK,h0073,0.5210088466979936,scr1982,avaConv,bevPsngRoadPrvt
MK,h0074,0.5165986153313744,scr1982,avaConv,bevPsngRoadPrvt
MK,h0075,0.5087811673559179,scr1982,avaConv,bevPsngRoadPrvt
MK,h0076,0.5067842030592611,scr1982,avaConv,bevPsngRoadPrvt
MK,h0077,0.5074504934931832,scr1982,avaConv,bevPsngRoadPrvt
MK,h0078,0.5096881516514786,scr1982,avaConv,bevPsngRoadPrvt
MK,h0079,0.5127580272654786,scr1982,avaConv,bevPsngRoadPrvt
MK,h0080,0.5133678462607332,scr1982,avaConv,bevPsngRoadPrvt
MK,h0081,0.5121603964801045,scr1982,avaConv,bevPsngRoadPrvt
MK,h0082,0.5107214426993165,scr1982,avaConv,bevPsngRoadPrvt
MK,h0083,0.5042413257231328,scr1982,avaConv,bevPsngRoadPrvt
MK,h0084,0.4897978490264312,scr1982,avaConv,bevPsngRoadPrvt
MK,h0085,0.47594532987359495,scr1982,avaConv,bevPsngRoadPrvt
MK,h0086,0.45884712954941254,scr1982,avaConv,bevPsngRoadPrvt
MK,h0087,0.4377774790890272,scr1982,avaConv,bevPsngRoadPrvt
MK,h0088,0.40241900269769504,scr1982,avaConv,bevPsngRoadPrvt
MK,h0089,0.3617670505169599,scr1982,avaConv,bevPsngRoadPrvt
MK,h0090,0.32869443473737503,scr1982,avaConv,bevPsngRoadPrvt
MK,h0091,0.3187529860169529,scr1982,avaConv,bevPsngRoadPrvt
MK,h0092,0.3452762346381446,scr1982,avaConv,bevPsngRoadPrvt
MK,h0093,0.3960421369934646,scr1982,avaConv,bevPsngRoadPrvt
MK,h0094,0.450524980431259,scr1982,avaConv,bevPsngRoadPrvt
MK,h0095,0.4918179497818089,scr1982,avaConv,bevPsngRoadPrvt
MK,h0096,0.5168513786568059,scr1982,avaConv,bevPsngRoadPrvt
LV,h0049,0.33840624952058107,scr1982,avaConv,bevPsngRoadPrvt
LV,h0050,0.36509036546377915,scr1982,avaConv,bevPsngRoadPrvt
LV,h0051,0.43439629163726323,scr1982,avaConv,bevPsngRoadPrvt
LV,h0052,0.5450491388219465,scr1982,avaConv,bevPsngRoadPrvt
LV,h0053,0.6163100022167902,scr1982,avaConv,bevPsngRoadPrvt
LV,h0054,0.648916667,scr1982,avaConv,bevPsngRoadPrvt
LV,h0055,0.6417473706896408,scr1982,avaConv,bevPsngRoadPrvt
LV,h0056,0.6150660579150107,scr1982,avaConv,bevPsngRoadPrvt
LV,h0057,0.5792036685433843,scr1982,avaConv,bevPsngRoadPrvt
LV,h0058,0.5521698108742572,scr1982,avaConv,bevPsngRoadPrvt
LV,h0059,0.5276914766058409,scr1982,avaConv,bevPsngRoadPrvt
LV,h0060,0.49951625899370544,scr1982,avaConv,bevPsngRoadPrvt
LV,h0061,0.4680582528759314,scr1982,avaConv,bevPsngRoadPrvt
LV,h0062,0.42286231498760296,scr1982,avaConv,bevPsngRoadPrvt
LV,h0063,0.35987538990123324,scr1982,avaConv,bevPsngRoadPrvt
LV,h0064,0.28400294422946626,scr1982,avaConv,bevPsngRoadPrvt
LV,h0065,0.22553267274043964,scr1982,avaConv,bevPsngRoadPrvt
LV,h0066,0.2191642062620618,scr1982,avaConv,bevPsngRoadPrvt
LV,h0067,0.26252027609128215,scr1982,avaConv,bevPsngRoadPrvt
LV,h0068,0.32891141707250826,scr1982,avaConv,bevPsngRoadPrvt
LV,h0069,0.3960421369934646,scr1982,avaConv,bevPsngRoadPrvt
LV,h0070,0.450524980431259,scr1982,avaConv,bevPsngRoadPrvt
LV,h0071,0.4918179497818089,scr1982,avaConv,bevPsngRoadPrvt
LV,h0072,0.5168513786568059,scr1982,avaConv,bevPsngRoadPrvt
LV,h0073,0.5210088466979936,scr1982,avaConv,bevPsngRoadPrvt
LV,h0074,0.5165986153313744,scr1982,avaConv,bevPsngRoadPrvt
LV,h0075,0.5087811673559179,scr1982,avaConv,bevPsngRoadPrvt
LV,h0076,0.5067842030592611,scr1982,avaConv,bevPsngRoadPrvt
LV,h0077,0.5074504934931832,scr1982,avaConv,bevPsngRoadPrvt
LV,h0078,0.5096881516514786,scr1982,avaConv,bevPsngRoadPrvt
LV,h0079,0.5127580272654786,scr1982,avaConv,bevPsngRoadPrvt
LV,h0080,0.5133678462607332,scr1982,avaConv,bevPsngRoadPrvt
LV,h0081,0.5121603964801045,scr1982,avaConv,bevPsngRoadPrvt
LV,h0082,0.5107214426993165,scr1982,avaConv,bevPsngRoadPrvt
LV,h0083,0.5042413257231328,scr1982,avaConv,bevPsngRoadPrvt
LV,h0084,0.4897978490264312,scr1982,avaConv,bevPsngRoadPrvt
LV,h0085,0.47594532987359495,scr1982,avaConv,bevPsngRoadPrvt
LV,h0086,0.45884712954941254,scr1982,avaConv,bevPsngRoadPrvt
LV,h0087,0.4377774790890272,scr1982,avaConv,bevPsngRoadPrvt
LV,h0088,0.40241900269769504,scr1982,avaConv,bevPsngRoadPrvt
LV,h0089,0.3617670505169599,scr1982,avaConv,bevPsngRoadPrvt
LV,h0090,0.32869443473737503,scr1982,avaConv,bevPsngRoadPrvt
LV,h0091,0.3187529860169529,scr1982,avaConv,bevPsngRoadPrvt
LV,h0092,0.3452762346381446,scr1982,avaConv,bevPsngRoadPrvt
LV,h0093,0.3960421369934646,scr1982,avaConv,bevPsngRoadPrvt
LV,h0094,0.450524980431259,scr1982,avaConv,bevPsngRoadPrvt
LV,h0095,0.4918179497818089,scr1982,avaConv,bevPsngRoadPrvt
LV,h0096,0.5168513786568059,scr1982,avaConv,bevPsngRoadPrvt
ME,h0049,0.33840624952058107,scr1982,avaConv,bevPsngRoadPrvt
ME,h0050,0.36509036546377915,scr1982,avaConv,bevPsngRoadPrvt
ME,h0051,0.43439629163726323,scr1982,avaConv,bevPsngRoadPrvt
ME,h0052,0.5450491388219465,scr1982,avaConv,bevPsngRoadPrvt
ME,h0053,0.6163100022167902,scr1982,avaConv,bevPsngRoadPrvt
ME,h0054,0.648916667,scr1982,avaConv,bevPsngRoadPrvt
ME,h0055,0.6417473706896408,scr1982,avaConv,bevPsngRoadPrvt
ME,h0056,0.6150660579150107,scr1982,avaConv,bevPsngRoadPrvt
ME,h0057,0.5792036685433843,scr1982,avaConv,bevPsngRoadPrvt
ME,h0058,0.5521698108742572,scr1982,avaConv,bevPsngRoadPrvt
ME,h0059,0.5276914766058409,scr1982,avaConv,bevPsngRoadPrvt
ME,h0060,0.49951625899370544,scr1982,avaConv,bevPsngRoadPrvt
ME,h0061,0.4680582528759314,scr1982,avaConv,bevPsngRoadPrvt
ME,h0062,0.42286231498760296,scr1982,avaConv,bevPsngRoadPrvt
ME,h0063,0.35987538990123324,scr1982,avaConv,bevPsngRoadPrvt
ME,h0064,0.28400294422946626,scr1982,avaConv,bevPsngRoadPrvt
ME,h0065,0.22553267274043964,scr1982,avaConv,bevPsngRoadPrvt
ME,h0066,0.2191642062620618,scr1982,avaConv,bevPsngRoadPrvt
ME,h0067,0.26252027609128215,scr1982,avaConv,bevPsngRoadPrvt
ME,h0068,0.32891141707250826,scr1982,avaConv,bevPsngRoadPrvt
ME,h0069,0.3960421369934646,scr1982,avaConv,bevPsngRoadPrvt
ME,h0070,0.450524980431259,scr1982,avaConv,bevPsngRoadPrvt
ME,h0071,0.4918179497818089,scr1982,avaConv,bevPsngRoadPrvt
ME,h0072,0.5168513786568059,scr1982,avaConv,bevPsngRoadPrvt
ME,h0073,0.5210088466979936,scr1982,avaConv,bevPsngRoadPrvt
ME,h0074,0.5165986153313744,scr1982,avaConv,bevPsngRoadPrvt
ME,h0075,0.5087811673559179,scr1982,avaConv,bevPsngRoadPrvt
ME,h0076,0.5067842030592611,scr1982,avaConv,bevPsngRoadPrvt
ME,h0077,0.5074504934931832,scr1982,avaConv,bevPsngRoadPrvt
ME,h0078,0.5096881516514786,scr1982,avaConv,bevPsngRoadPrvt
ME,h0079,0.5127580272654786,scr1982,avaConv,bevPsngRoadPrvt
ME,h0080,0.5133678462607332,scr1982,avaConv,bevPsngRoadPrvt
ME,h0081,0.5121603964801045,scr1982,avaConv,bevPsngRoadPrvt
ME,h0082,0.5107214426993165,scr1982,avaConv,bevPsngRoadPrvt
ME,h0083,0.5042413257231328,scr1982,avaConv,bevPsngRoadPrvt
ME,h0084,0.4897978490264312,scr1982,avaConv,bevPsngRoadPrvt
ME,h0085,0.47594532987359495,scr1982,avaConv,bevPsngRoadPrvt
ME,h0086,0.45884712954941254,scr1982,avaConv,bevPsngRoadPrvt
ME,h0087,0.4377774790890272,scr1982,avaConv,bevPsngRoadPrvt
ME,h0088,0.40241900269769504,scr1982,avaConv,bevPsngRoadPrvt
ME,h0089,0.3617670505169599,scr1982,avaConv,bevPsngRoadPrvt
ME,h0090,0.32869443473737503,scr1982,avaConv,bevPsngRoadPrvt
ME,h0091,0.3187529860169529,scr1982,avaConv,bevPsngRoadPrvt
ME,h0092,0.3452762346381446,scr1982,avaConv,bevPsngRoadPrvt
ME,h0093,0.3960421369934646,scr1982,avaConv,bevPsngRoadPrvt
ME,h0094,0.450524980431259,scr1982,avaConv,bevPsngRoadPrvt
ME,h0095,0.4918179497818089,scr1982,avaConv,bevPsngRoadPrvt
ME,h0096,0.5168513786568059,scr1982,avaConv,bevPsngRoadPrvt
LT,h0049,0.33840624952058107,scr1982,avaConv,bevPsngRoadPrvt
LT,h0050,0.36509036546377915,scr1982,avaConv,bevPsngRoadPrvt
LT,h0051,0.43439629163726323,scr1982,avaConv,bevPsngRoadPrvt
LT,h0052,0.5450491388219465,scr1982,avaConv,bevPsngRoadPrvt
LT,h0053,0.6163100022167902,scr1982,avaConv,bevPsngRoadPrvt
LT,h0054,0.648916667,scr1982,avaConv,bevPsngRoadPrvt
LT,h0055,0.6417473706896408,scr1982,avaConv,bevPsngRoadPrvt
LT,h0056,0.6150660579150107,scr1982,avaConv,bevPsngRoadPrvt
LT,h0057,0.5792036685433843,scr1982,avaConv,bevPsngRoadPrvt
LT,h0058,0.5521698108742572,scr1982,avaConv,bevPsngRoadPrvt
LT,h0059,0.5276914766058409,scr1982,avaConv,bevPsngRoadPrvt
LT,h0060,0.49951625899370544,scr1982,avaConv,bevPsngRoadPrvt
LT,h0061,0.4680582528759314,scr1982,avaConv,bevPsngRoadPrvt
LT,h0062,0.42286231498760296,scr1982,avaConv,bevPsngRoadPrvt
LT,h0063,0.35987538990123324,scr1982,avaConv,bevPsngRoadPrvt
LT,h0064,0.28400294422946626,scr1982,avaConv,bevPsngRoadPrvt
LT,h0065,0.22553267274043964,scr1982,avaConv,bevPsngRoadPrvt
LT,h0066,0.2191642062620618,scr1982,avaConv,bevPsngRoadPrvt
LT,h0067,0.26252027609128215,scr1982,avaConv,bevPsngRoadPrvt
LT,h0068,0.32891141707250826,scr1982,avaConv,bevPsngRoadPrvt
LT,h0069,0.3960421369934646,scr1982,avaConv,bevPsngRoadPrvt
LT,h0070,0.450524980431259,scr1982,avaConv,bevPsngRoadPrvt
LT,h0071,0.4918179497818089,scr1982,avaConv,bevPsngRoadPrvt
LT,h0072,0.5168513786568059,scr1982,avaConv,bevPsngRoadPrvt
LT,h0073,0.5210088466979936,scr1982,avaConv,bevPsngRoadPrvt
LT,h0074,0.5165986153313744,scr1982,avaConv,bevPsngRoadPrvt
LT,h0075,0.5087811673559179,scr1982,avaConv,bevPsngRoadPrvt
LT,h0076,0.5067842030592611,scr1982,avaConv,bevPsngRoadPrvt
LT,h0077,0.5074504934931832,scr1982,avaConv,bevPsngRoadPrvt
LT,h0078,0.5096881516514786,scr1982,avaConv,bevPsngRoadPrvt
LT,h0079,0.5127580272654786,scr1982,avaConv,bevPsngRoadPrvt
LT,h0080,0.5133678462607332,scr1982,avaConv,bevPsngRoadPrvt
LT,h0081,0.5121603964801045,scr1982,avaConv,bevPsngRoadPrvt
LT,h0082,0.5107214426993165,scr1982,avaConv,bevPsngRoadPrvt
LT,h0083,0.5042413257231328,scr1982,avaConv,bevPsngRoadPrvt
LT,h0084,0.4897978490264312,scr1982,avaConv,bevPsngRoadPrvt
LT,h0085,0.47594532987359495,scr1982,avaConv,bevPsngRoadPrvt
LT,h0086,0.45884712954941254,scr1982,avaConv,bevPsngRoadPrvt
LT,h0087,0.4377774790890272,scr1982,avaConv,bevPsngRoadPrvt
LT,h0088,0.40241900269769504,scr1982,avaConv,bevPsngRoadPrvt
LT,h0089,0.3617670505169599,scr1982,avaConv,bevPsngRoadPrvt
LT,h0090,0.32869443473737503,scr1982,avaConv,bevPsngRoadPrvt
LT,h0091,0.3187529860169529,scr1982,avaConv,bevPsngRoadPrvt
LT,h0092,0.3452762346381446,scr1982,avaConv,bevPsngRoadPrvt
LT,h0093,0.3960421369934646,scr1982,avaConv,bevPsngRoadPrvt
LT,h0094,0.450524980431259,scr1982,avaConv,bevPsngRoadPrvt
LT,h0095,0.4918179497818089,scr1982,avaConv,bevPsngRoadPrvt
LT,h0096,0.5168513786568059,scr1982,avaConv,bevPsngRoadPrvt
LU,h0049,0.33840624952058107,scr1982,avaConv,bevPsngRoadPrvt
LU,h0050,0.36509036546377915,scr1982,avaConv,bevPsngRoadPrvt
LU,h0051,0.43439629163726323,scr1982,avaConv,bevPsngRoadPrvt
LU,h0052,0.5450491388219465,scr1982,avaConv,bevPsngRoadPrvt
LU,h0053,0.6163100022167902,scr1982,avaConv,bevPsngRoadPrvt
LU,h0054,0.648916667,scr1982,avaConv,bevPsngRoadPrvt
LU,h0055,0.6417473706896408,scr1982,avaConv,bevPsngRoadPrvt
LU,h0056,0.6150660579150107,scr1982,avaConv,bevPsngRoadPrvt
LU,h0057,0.5792036685433843,scr1982,avaConv,bevPsngRoadPrvt
LU,h0058,0.5521698108742572,scr1982,avaConv,bevPsngRoadPrvt
LU,h0059,0.5276914766058409,scr1982,avaConv,bevPsngRoadPrvt
LU,h0060,0.49951625899370544,scr1982,avaConv,bevPsngRoadPrvt
LU,h0061,0.4680582528759314,scr1982,avaConv,bevPsngRoadPrvt
LU,h0062,0.42286231498760296,scr1982,avaConv,bevPsngRoadPrvt
LU,h0063,0.35987538990123324,scr1982,avaConv,bevPsngRoadPrvt
LU,h0064,0.28400294422946626,scr1982,avaConv,bevPsngRoadPrvt
LU,h0065,0.22553267274043964,scr1982,avaConv,bevPsngRoadPrvt
LU,h0066,0.2191642062620618,scr1982,avaConv,bevPsngRoadPrvt
LU,h0067,0.26252027609128215,scr1982,avaConv,bevPsngRoadPrvt
LU,h0068,0.32891141707250826,scr1982,avaConv,bevPsngRoadPrvt
LU,h0069,0.3960421369934646,scr1982,avaConv,bevPsngRoadPrvt
LU,h0070,0.450524980431259,scr1982,avaConv,bevPsngRoadPrvt
LU,h0071,0.4918179497818089,scr1982,avaConv,bevPsngRoadPrvt
LU,h0072,0.5168513786568059,scr1982,avaConv,bevPsngRoadPrvt
LU,h0073,0.5210088466979936,scr1982,avaConv,bevPsngRoadPrvt
LU,h0074,0.5165986153313744,scr1982,avaConv,bevPsngRoadPrvt
LU,h0075,0.5087811673559179,scr1982,avaConv,bevPsngRoadPrvt
LU,h0076,0.5067842030592611,scr1982,avaConv,bevPsngRoadPrvt
LU,h0077,0.5074504934931832,scr1982,avaConv,bevPsngRoadPrvt
LU,h0078,0.5096881516514786,scr1982,avaConv,bevPsngRoadPrvt
LU,h0079,0.5127580272654786,scr1982,avaConv,bevPsngRoadPrvt
LU,h0080,0.5133678462607332,scr1982,avaConv,bevPsngRoadPrvt
LU,h0081,0.5121603964801045,scr1982,avaConv,bevPsngRoadPrvt
LU,h0082,0.5107214426993165,scr1982,avaConv,bevPsngRoadPrvt
LU,h0083,0.5042413257231328,scr1982,avaConv,bevPsngRoadPrvt
LU,h0084,0.4897978490264312,scr1982,avaConv,bevPsngRoadPrvt
LU,h0085,0.47594532987359495,scr1982,avaConv,bevPsngRoadPrvt
LU,h0086,0.45884712954941254,scr1982,avaConv,bevPsngRoadPrvt
LU,h0087,0.4377774790890272,scr1982,avaConv,bevPsngRoadPrvt
LU,h0088,0.40241900269769504,scr1982,avaConv,bevPsngRoadPrvt
LU,h0089,0.3617670505169599,scr1982,avaConv,bevPsngRoadPrvt
LU,h0090,0.32869443473737503,scr1982,avaConv,bevPsngRoadPrvt
LU,h0091,0.3187529860169529,scr1982,avaConv,bevPsngRoadPrvt
LU,h0092,0.3452762346381446,scr1982,avaConv,bevPsngRoadPrvt
LU,h0093,0.3960421369934646,scr1982,avaConv,bevPsngRoadPrvt
LU,h0094,0.450524980431259,scr1982,avaConv,bevPsngRoadPrvt
LU,h0095,0.4918179497818089,scr1982,avaConv,bevPsngRoadPrvt
LU,h0096,0.5168513786568059,scr1982,avaConv,bevPsngRoadPrvt
NO,h0049,0.33840624952058107,scr1982,avaConv,bevPsngRoadPrvt
NO,h0050,0.36509036546377915,scr1982,avaConv,bevPsngRoadPrvt
NO,h0051,0.43439629163726323,scr1982,avaConv,bevPsngRoadPrvt
NO,h0052,0.5450491388219465,scr1982,avaConv,bevPsngRoadPrvt
NO,h0053,0.6163100022167902,scr1982,avaConv,bevPsngRoadPrvt
NO,h0054,0.648916667,scr1982,avaConv,bevPsngRoadPrvt
NO,h0055,0.6417473706896408,scr1982,avaConv,bevPsngRoadPrvt
NO,h0056,0.6150660579150107,scr1982,avaConv,bevPsngRoadPrvt
NO,h0057,0.5792036685433843,scr1982,avaConv,bevPsngRoadPrvt
NO,h0058,0.5521698108742572,scr1982,avaConv,bevPsngRoadPrvt
NO,h0059,0.5276914766058409,scr1982,avaConv,bevPsngRoadPrvt
NO,h0060,0.49951625899370544,scr1982,avaConv,bevPsngRoadPrvt
NO,h0061,0.4680582528759314,scr1982,avaConv,bevPsngRoadPrvt
NO,h0062,0.42286231498760296,scr1982,avaConv,bevPsngRoadPrvt
NO,h0063,0.35987538990123324,scr1982,avaConv,bevPsngRoadPrvt
NO,h0064,0.28400294422946626,scr1982,avaConv,bevPsngRoadPrvt
NO,h0065,0.2255326727404401,scr1982,avaConv,bevPsngRoadPrvt
NO,h0066,0.2191642062620618,scr1982,avaConv,bevPsngRoadPrvt
NO,h0067,0.26252027609128215,scr1982,avaConv,bevPsngRoadPrvt
NO,h0068,0.3289114170725087,scr1982,avaConv,bevPsngRoadPrvt
NO,h0069,0.3960421369934646,scr1982,avaConv,bevPsngRoadPrvt
NO,h0070,0.450524980431259,scr1982,avaConv,bevPsngRoadPrvt
NO,h0071,0.4918179497818089,scr1982,avaConv,bevPsngRoadPrvt
NO,h0072,0.5168513786568059,scr1982,avaConv,bevPsngRoadPrvt
NO,h0073,0.5210088466979936,scr1982,avaConv,bevPsngRoadPrvt
NO,h0074,0.5165986153313744,scr1982,avaConv,bevPsngRoadPrvt
NO,h0075,0.5087811673559179,scr1982,avaConv,bevPsngRoadPrvt
NO,h0076,0.5067842030592606,scr1982,avaConv,bevPsngRoadPrvt
NO,h0077,0.5074504934931827,scr1982,avaConv,bevPsngRoadPrvt
NO,h0078,0.5096881516514786,scr1982,avaConv,bevPsngRoadPrvt
NO,h0079,0.5127580272654786,scr1982,avaConv,bevPsngRoadPrvt
NO,h0080,0.5133678462607332,scr1982,avaConv,bevPsngRoadPrvt
NO,h0081,0.512160396480104,scr1982,avaConv,bevPsngRoadPrvt
NO,h0082,0.5107214426993165,scr1982,avaConv,bevPsngRoadPrvt
NO,h0083,0.5042413257231328,scr1982,avaConv,bevPsngRoadPrvt
NO,h0084,0.4897978490264312,scr1982,avaConv,bevPsngRoadPrvt
NO,h0085,0.47594532987359495,scr1982,avaConv,bevPsngRoadPrvt
NO,h0086,0.45884712954941254,scr1982,avaConv,bevPsngRoadPrvt
NO,h0087,0.4377774790890272,scr1982,avaConv,bevPsngRoadPrvt
NO,h0088,0.40241900269769504,scr1982,avaConv,bevPsngRoadPrvt
NO,h0089,0.3617670505169599,scr1982,avaConv,bevPsngRoadPrvt
NO,h0090,0.32869443473737503,scr1982,avaConv,bevPsngRoadPrvt
NO,h0091,0.3187529860169529,scr1982,avaConv,bevPsngRoadPrvt
NO,h0092,0.3452762346381446,scr1982,avaConv,bevPsngRoadPrvt
NO,h0093,0.3960421369934646,scr1982,avaConv,bevPsngRoadPrvt
NO,h0094,0.450524980431259,scr1982,avaConv,bevPsngRoadPrvt
NO,h0095,0.4918179497818089,scr1982,avaConv,bevPsngRoadPrvt
NO,h0096,0.5168513786568059,scr1982,avaConv,bevPsngRoadPrvt
PL,h0049,0.33840624952058107,scr1982,avaConv,bevPsngRoadPrvt
PL,h0050,0.36509036546377915,scr1982,avaConv,bevPsngRoadPrvt
PL,h0051,0.43439629163726323,scr1982,avaConv,bevPsngRoadPrvt
PL,h0052,0.5450491388219465,scr1982,avaConv,bevPsngRoadPrvt
PL,h0053,0.6163100022167902,scr1982,avaConv,bevPsngRoadPrvt
PL,h0054,0.648916667,scr1982,avaConv,bevPsngRoadPrvt
PL,h0055,0.6417473706896408,scr1982,avaConv,bevPsngRoadPrvt
PL,h0056,0.6150660579150107,scr1982,avaConv,bevPsngRoadPrvt
PL,h0057,0.5792036685433843,scr1982,avaConv,bevPsngRoadPrvt
PL,h0058,0.5521698108742572,scr1982,avaConv,bevPsngRoadPrvt
PL,h0059,0.5276914766058409,scr1982,avaConv,bevPsngRoadPrvt
PL,h0060,0.49951625899370544,scr1982,avaConv,bevPsngRoadPrvt
PL,h0061,0.46805825287593184,scr1982,avaConv,bevPsngRoadPrvt
PL,h0062,0.42286231498760296,scr1982,avaConv,bevPsngRoadPrvt
PL,h0063,0.35987538990123324,scr1982,avaConv,bevPsngRoadPrvt
PL,h0064,0.28400294422946626,scr1982,avaConv,bevPsngRoadPrvt
PL,h0065,0.22553267274043964,scr1982,avaConv,bevPsngRoadPrvt
PL,h0066,0.2191642062620618,scr1982,avaConv,bevPsngRoadPrvt
PL,h0067,0.26252027609128215,scr1982,avaConv,bevPsngRoadPrvt
PL,h0068,0.32891141707250826,scr1982,avaConv,bevPsngRoadPrvt
PL,h0069,0.3960421369934646,scr1982,avaConv,bevPsngRoadPrvt
PL,h0070,0.450524980431259,scr1982,avaConv,bevPsngRoadPrvt
PL,h0071,0.4918179497818089,scr1982,avaConv,bevPsngRoadPrvt
PL,h0072,0.5168513786568059,scr1982,avaConv,bevPsngRoadPrvt
PL,h0073,0.5210088466979936,scr1982,avaConv,bevPsngRoadPrvt
PL,h0074,0.5165986153313744,scr1982,avaConv,bevPsngRoadPrvt
PL,h0075,0.5087811673559179,scr1982,avaConv,bevPsngRoadPrvt
PL,h0076,0.5067842030592611,scr1982,avaConv,bevPsngRoadPrvt
PL,h0077,0.5074504934931827,scr1982,avaConv,bevPsngRoadPrvt
PL,h0078,0.5096881516514786,scr1982,avaConv,bevPsngRoadPrvt
PL,h0079,0.5127580272654786,scr1982,avaConv,bevPsngRoadPrvt
PL,h0080,0.5133678462607332,scr1982,avaConv,bevPsngRoadPrvt
PL,h0081,0.5121603964801045,scr1982,avaConv,bevPsngRoadPrvt
PL,h0082,0.5107214426993165,scr1982,avaConv,bevPsngRoadPrvt
PL,h0083,0.5042413257231328,scr1982,avaConv,bevPsngRoadPrvt
PL,h0084,0.4897978490264312,scr1982,avaConv,bevPsngRoadPrvt
PL,h0085,0.47594532987359495,scr1982,avaConv,bevPsngRoadPrvt
PL,h0086,0.45884712954941254,scr1982,avaConv,bevPsngRoadPrvt
PL,h0087,0.4377774790890272,scr1982,avaConv,bevPsngRoadPrvt
PL,h0088,0.40241900269769504,scr1982,avaConv,bevPsngRoadPrvt
PL,h0089,0.3617670505169599,scr1982,avaConv,bevPsngRoadPrvt
PL,h0090,0.32869443473737503,scr1982,avaConv,bevPsngRoadPrvt
PL,h0091,0.3187529860169529,scr1982,avaConv,bevPsngRoadPrvt
PL,h0092,0.3452762346381446,scr1982,avaConv,bevPsngRoadPrvt
PL,h0093,0.3960421369934646,scr1982,avaConv,bevPsngRoadPrvt
PL,h0094,0.450524980431259,scr1982,avaConv,bevPsngRoadPrvt
PL,h0095,0.4918179497818089,scr1982,avaConv,bevPsngRoadPrvt
PL,h0096,0.5168513786568059,scr1982,avaConv,bevPsngRoadPrvt
RO,h0049,0.33840624952058107,scr1982,avaConv,bevPsngRoadPrvt
RO,h0050,0.36509036546377915,scr1982,avaConv,bevPsngRoadPrvt
RO,h0051,0.43439629163726323,scr1982,avaConv,bevPsngRoadPrvt
RO,h0052,0.5450491388219465,scr1982,avaConv,bevPsngRoadPrvt
RO,h0053,0.6163100022167902,scr1982,avaConv,bevPsngRoadPrvt
RO,h0054,0.648916667,scr1982,avaConv,bevPsngRoadPrvt
RO,h0055,0.6417473706896408,scr1982,avaConv,bevPsngRoadPrvt
RO,h0056,0.6150660579150107,scr1982,avaConv,bevPsngRoadPrvt
RO,h0057,0.5792036685433843,scr1982,avaConv,bevPsngRoadPrvt
RO,h0058,0.5521698108742572,scr1982,avaConv,bevPsngRoadPrvt
RO,h0059,0.5276914766058409,scr1982,avaConv,bevPsngRoadPrvt
RO,h0060,0.49951625899370544,scr1982,avaConv,bevPsngRoadPrvt
RO,h0061,0.4680582528759314,scr1982,avaConv,bevPsngRoadPrvt
RO,h0062,0.42286231498760296,scr1982,avaConv,bevPsngRoadPrvt
RO,h0063,0.35987538990123324,scr1982,avaConv,bevPsngRoadPrvt
RO,h0064,0.28400294422946626,scr1982,avaConv,bevPsngRoadPrvt
RO,h0065,0.22553267274043964,scr1982,avaConv,bevPsngRoadPrvt
RO,h0066,0.2191642062620618,scr1982,avaConv,bevPsngRoadPrvt
RO,h0067,0.26252027609128215,scr1982,avaConv,bevPsngRoadPrvt
RO,h0068,0.32891141707250826,scr1982,avaConv,bevPsngRoadPrvt
RO,h0069,0.3960421369934646,scr1982,avaConv,bevPsngRoadPrvt
RO,h0070,0.450524980431259,scr1982,avaConv,bevPsngRoadPrvt
RO,h0071,0.4918179497818089,scr1982,avaConv,bevPsngRoadPrvt
RO,h0072,0.5168513786568059,scr1982,avaConv,bevPsngRoadPrvt
RO,h0073,0.5210088466979936,scr1982,avaConv,bevPsngRoadPrvt
RO,h0074,0.5165986153313744,scr1982,avaConv,bevPsngRoadPrvt
RO,h0075,0.5087811673559179,scr1982,avaConv,bevPsngRoadPrvt
RO,h0076,0.5067842030592611,scr1982,avaConv,bevPsngRoadPrvt
RO,h0077,0.5074504934931832,scr1982,avaConv,bevPsngRoadPrvt
RO,h0078,0.5096881516514786,scr1982,avaConv,bevPsngRoadPrvt
RO,h0079,0.5127580272654786,scr1982,avaConv,bevPsngRoadPrvt
RO,h0080,0.5133678462607332,scr1982,avaConv,bevPsngRoadPrvt
RO,h0081,0.5121603964801045,scr1982,avaConv,bevPsngRoadPrvt
RO,h0082,0.5107214426993165,scr1982,avaConv,bevPsngRoadPrvt
RO,h0083,0.5042413257231328,scr1982,avaConv,bevPsngRoadPrvt
RO,h0084,0.4897978490264312,scr1982,avaConv,bevPsngRoadPrvt
RO,h0085,0.47594532987359495,scr1982,avaConv,bevPsngRoadPrvt
RO,h0086,0.45884712954941254,scr1982,avaConv,bevPsngRoadPrvt
RO,h0087,0.4377774790890272,scr1982,avaConv,bevPsngRoadPrvt
RO,h0088,0.4024190026976955,scr1982,avaConv,bevPsngRoadPrvt
RO,h0089,0.3617670505169599,scr1982,avaConv,bevPsngRoadPrvt
RO,h0090,0.32869443473737503,scr1982,avaConv,bevPsngRoadPrvt
RO,h0091,0.3187529860169529,scr1982,avaConv,bevPsngRoadPrvt
RO,h0092,0.3452762346381446,scr1982,avaConv,bevPsngRoadPrvt
RO,h0093,0.3960421369934646,scr1982,avaConv,bevPsngRoadPrvt
RO,h0094,0.450524980431259,scr1982,avaConv,bevPsngRoadPrvt
RO,h0095,0.4918179497818089,scr1982,avaConv,bevPsngRoadPrvt
RO,h0096,0.5168513786568059,scr1982,avaConv,bevPsngRoadPrvt
PT,h0049,0.33840624952058107,scr1982,avaConv,bevPsngRoadPrvt
PT,h0050,0.36509036546377915,scr1982,avaConv,bevPsngRoadPrvt
PT,h0051,0.43439629163726323,scr1982,avaConv,bevPsngRoadPrvt
PT,h0052,0.5450491388219465,scr1982,avaConv,bevPsngRoadPrvt
PT,h0053,0.6163100022167902,scr1982,avaConv,bevPsngRoadPrvt
PT,h0054,0.648916667,scr1982,avaConv,bevPsngRoadPrvt
PT,h0055,0.6417473706896408,scr1982,avaConv,bevPsngRoadPrvt
PT,h0056,0.6150660579150107,scr1982,avaConv,bevPsngRoadPrvt
PT,h0057,0.5792036685433843,scr1982,avaConv,bevPsngRoadPrvt
PT,h0058,0.5521698108742572,scr1982,avaConv,bevPsngRoadPrvt
PT,h0059,0.5276914766058409,scr1982,avaConv,bevPsngRoadPrvt
PT,h0060,0.49951625899370544,scr1982,avaConv,bevPsngRoadPrvt
PT,h0061,0.4680582528759314,scr1982,avaConv,bevPsngRoadPrvt
PT,h0062,0.42286231498760296,scr1982,avaConv,bevPsngRoadPrvt
PT,h0063,0.35987538990123324,scr1982,avaConv,bevPsngRoadPrvt
PT,h0064,0.28400294422946626,scr1982,avaConv,bevPsngRoadPrvt
PT,h0065,0.22553267274043964,scr1982,avaConv,bevPsngRoadPrvt
PT,h0066,0.2191642062620618,scr1982,avaConv,bevPsngRoadPrvt
PT,h0067,0.26252027609128215,scr1982,avaConv,bevPsngRoadPrvt
PT,h0068,0.32891141707250826,scr1982,avaConv,bevPsngRoadPrvt
PT,h0069,0.3960421369934646,scr1982,avaConv,bevPsngRoadPrvt
PT,h0070,0.450524980431259,scr1982,avaConv,bevPsngRoadPrvt
PT,h0071,0.4918179497818089,scr1982,avaConv,bevPsngRoadPrvt
PT,h0072,0.5168513786568059,scr1982,avaConv,bevPsngRoadPrvt
PT,h0073,0.5210088466979936,scr1982,avaConv,bevPsngRoadPrvt
PT,h0074,0.5165986153313744,scr1982,avaConv,bevPsngRoadPrvt
PT,h0075,0.5087811673559179,scr1982,avaConv,bevPsngRoadPrvt
PT,h0076,0.5067842030592611,scr1982,avaConv,bevPsngRoadPrvt
PT,h0077,0.5074504934931832,scr1982,avaConv,bevPsngRoadPrvt
PT,h0078,0.5096881516514786,scr1982,avaConv,bevPsngRoadPrvt
PT,h0079,0.5127580272654786,scr1982,avaConv,bevPsngRoadPrvt
PT,h0080,0.5133678462607332,scr1982,avaConv,bevPsngRoadPrvt
PT,h0081,0.5121603964801045,scr1982,avaConv,bevPsngRoadPrvt
PT,h0082,0.5107214426993165,scr1982,avaConv,bevPsngRoadPrvt
PT,h0083,0.5042413257231328,scr1982,avaConv,bevPsngRoadPrvt
PT,h0084,0.4897978490264312,scr1982,avaConv,bevPsngRoadPrvt
PT,h0085,0.47594532987359495,scr1982,avaConv,bevPsngRoadPrvt
PT,h0086,0.45884712954941254,scr1982,avaConv,bevPsngRoadPrvt
PT,h0087,0.4377774790890272,scr1982,avaConv,bevPsngRoadPrvt
PT,h0088,0.40241900269769504,scr1982,avaConv,bevPsngRoadPrvt
PT,h0089,0.3617670505169599,scr1982,avaConv,bevPsngRoadPrvt
PT,h0090,0.32869443473737503,scr1982,avaConv,bevPsngRoadPrvt
PT,h0091,0.3187529860169529,scr1982,avaConv,bevPsngRoadPrvt
PT,h0092,0.3452762346381446,scr1982,avaConv,bevPsngRoadPrvt
PT,h0093,0.3960421369934646,scr1982,avaConv,bevPsngRoadPrvt
PT,h0094,0.450524980431259,scr1982,avaConv,bevPsngRoadPrvt
PT,h0095,0.4918179497818089,scr1982,avaConv,bevPsngRoadPrvt
PT,h0096,0.5168513786568059,scr1982,avaConv,bevPsngRoadPrvt
SK,h0049,0.33840624952058107,scr1982,avaConv,bevPsngRoadPrvt
SK,h0050,0.36509036546377915,scr1982,avaConv,bevPsngRoadPrvt
SK,h0051,0.43439629163726323,scr1982,avaConv,bevPsngRoadPrvt
SK,h0052,0.5450491388219465,scr1982,avaConv,bevPsngRoadPrvt
SK,h0053,0.6163100022167902,scr1982,avaConv,bevPsngRoadPrvt
SK,h0054,0.648916667,scr1982,avaConv,bevPsngRoadPrvt
SK,h0055,0.6417473706896408,scr1982,avaConv,bevPsngRoadPrvt
SK,h0056,0.6150660579150107,scr1982,avaConv,bevPsngRoadPrvt
SK,h0057,0.5792036685433843,scr1982,avaConv,bevPsngRoadPrvt
SK,h0058,0.5521698108742572,scr1982,avaConv,bevPsngRoadPrvt
SK,h0059,0.5276914766058409,scr1982,avaConv,bevPsngRoadPrvt
SK,h0060,0.49951625899370544,scr1982,avaConv,bevPsngRoadPrvt
SK,h0061,0.4680582528759314,scr1982,avaConv,bevPsngRoadPrvt
SK,h0062,0.42286231498760296,scr1982,avaConv,bevPsngRoadPrvt
SK,h0063,0.35987538990123324,scr1982,avaConv,bevPsngRoadPrvt
SK,h0064,0.28400294422946626,scr1982,avaConv,bevPsngRoadPrvt
SK,h0065,0.22553267274043964,scr1982,avaConv,bevPsngRoadPrvt
SK,h0066,0.2191642062620618,scr1982,avaConv,bevPsngRoadPrvt
SK,h0067,0.26252027609128215,scr1982,avaConv,bevPsngRoadPrvt
SK,h0068,0.32891141707250826,scr1982,avaConv,bevPsngRoadPrvt
SK,h0069,0.3960421369934646,scr1982,avaConv,bevPsngRoadPrvt
SK,h0070,0.450524980431259,scr1982,avaConv,bevPsngRoadPrvt
SK,h0071,0.4918179497818089,scr1982,avaConv,bevPsngRoadPrvt
SK,h0072,0.5168513786568059,scr1982,avaConv,bevPsngRoadPrvt
SK,h0073,0.5210088466979936,scr1982,avaConv,bevPsngRoadPrvt
SK,h0074,0.5165986153313744,scr1982,avaConv,bevPsngRoadPrvt
SK,h0075,0.5087811673559179,scr1982,avaConv,bevPsngRoadPrvt
SK,h0076,0.5067842030592611,scr1982,avaConv,bevPsngRoadPrvt
SK,h0077,0.5074504934931832,scr1982,avaConv,bevPsngRoadPrvt
SK,h0078,0.5096881516514786,scr1982,avaConv,bevPsngRoadPrvt
SK,h0079,0.5127580272654786,scr1982,avaConv,bevPsngRoadPrvt
SK,h0080,0.5133678462607332,scr1982,avaConv,bevPsngRoadPrvt
SK,h0081,0.5121603964801045,scr1982,avaConv,bevPsngRoadPrvt
SK,h0082,0.5107214426993165,scr1982,avaConv,bevPsngRoadPrvt
SK,h0083,0.5042413257231328,scr1982,avaConv,bevPsngRoadPrvt
SK,h0084,0.4897978490264312,scr1982,avaConv,bevPsngRoadPrvt
SK,h0085,0.47594532987359495,scr1982,avaConv,bevPsngRoadPrvt
SK,h0086,0.45884712954941254,scr1982,avaConv,bevPsngRoadPrvt
SK,h0087,0.4377774790890272,scr1982,avaConv,bevPsngRoadPrvt
SK,h0088,0.40241900269769504,scr1982,avaConv,bevPsngRoadPrvt
SK,h0089,0.3617670505169599,scr1982,avaConv,bevPsngRoadPrvt
SK,h0090,0.32869443473737503,scr1982,avaConv,bevPsngRoadPrvt
SK,h0091,0.3187529860169529,scr1982,avaConv,bevPsngRoadPrvt
SK,h0092,0.3452762346381446,scr1982,avaConv,bevPsngRoadPrvt
SK,h0093,0.3960421369934646,scr1982,avaConv,bevPsngRoadPrvt
SK,h0094,0.450524980431259,scr1982,avaConv,bevPsngRoadPrvt
SK,h0095,0.4918179497818089,scr1982,avaConv,bevPsngRoadPrvt
SK,h0096,0.5168513786568059,scr1982,avaConv,bevPsngRoadPrvt
SI,h0049,0.33840624952058107,scr1982,avaConv,bevPsngRoadPrvt
SI,h0050,0.36509036546377915,scr1982,avaConv,bevPsngRoadPrvt
SI,h0051,0.43439629163726323,scr1982,avaConv,bevPsngRoadPrvt
SI,h0052,0.5450491388219465,scr1982,avaConv,bevPsngRoadPrvt
SI,h0053,0.6163100022167902,scr1982,avaConv,bevPsngRoadPrvt
SI,h0054,0.648916667,scr1982,avaConv,bevPsngRoadPrvt
SI,h0055,0.6417473706896408,scr1982,avaConv,bevPsngRoadPrvt
SI,h0056,0.6150660579150107,scr1982,avaConv,bevPsngRoadPrvt
SI,h0057,0.5792036685433843,scr1982,avaConv,bevPsngRoadPrvt
SI,h0058,0.5521698108742572,scr1982,avaConv,bevPsngRoadPrvt
SI,h0059,0.5276914766058409,scr1982,avaConv,bevPsngRoadPrvt
SI,h0060,0.49951625899370544,scr1982,avaConv,bevPsngRoadPrvt
SI,h0061,0.4680582528759314,scr1982,avaConv,bevPsngRoadPrvt
SI,h0062,0.42286231498760296,scr1982,avaConv,bevPsngRoadPrvt
SI,h0063,0.35987538990123324,scr1982,avaConv,bevPsngRoadPrvt
SI,h0064,0.28400294422946626,scr1982,avaConv,bevPsngRoadPrvt
SI,h0065,0.22553267274043964,scr1982,avaConv,bevPsngRoadPrvt
SI,h0066,0.2191642062620618,scr1982,avaConv,bevPsngRoadPrvt
SI,h0067,0.26252027609128215,scr1982,avaConv,bevPsngRoadPrvt
SI,h0068,0.32891141707250826,scr1982,avaConv,bevPsngRoadPrvt
SI,h0069,0.3960421369934646,scr1982,avaConv,bevPsngRoadPrvt
SI,h0070,0.450524980431259,scr1982,avaConv,bevPsngRoadPrvt
SI,h0071,0.4918179497818089,scr1982,avaConv,bevPsngRoadPrvt
SI,h0072,0.5168513786568059,scr1982,avaConv,bevPsngRoadPrvt
SI,h0073,0.5210088466979936,scr1982,avaConv,bevPsngRoadPrvt
SI,h0074,0.5165986153313744,scr1982,avaConv,bevPsngRoadPrvt
SI,h0075,0.5087811673559179,scr1982,avaConv,bevPsngRoadPrvt
SI,h0076,0.5067842030592611,scr1982,avaConv,bevPsngRoadPrvt
SI,h0077,0.5074504934931832,scr1982,avaConv,bevPsngRoadPrvt
SI,h0078,0.5096881516514786,scr1982,avaConv,bevPsngRoadPrvt
SI,h0079,0.5127580272654786,scr1982,avaConv,bevPsngRoadPrvt
SI,h0080,0.5133678462607332,scr1982,avaConv,bevPsngRoadPrvt
SI,h0081,0.5121603964801045,scr1982,avaConv,bevPsngRoadPrvt
SI,h0082,0.5107214426993165,scr1982,avaConv,bevPsngRoadPrvt
SI,h0083,0.5042413257231328,scr1982,avaConv,bevPsngRoadPrvt
SI,h0084,0.4897978490264312,scr1982,avaConv,bevPsngRoadPrvt
SI,h0085,0.47594532987359495,scr1982,avaConv,bevPsngRoadPrvt
SI,h0086,0.45884712954941254,scr1982,avaConv,bevPsngRoadPrvt
SI,h0087,0.4377774790890272,scr1982,avaConv,bevPsngRoadPrvt
SI,h0088,0.40241900269769504,scr1982,avaConv,bevPsngRoadPrvt
SI,h0089,0.3617670505169599,scr1982,avaConv,bevPsngRoadPrvt
SI,h0090,0.32869443473737503,scr1982,avaConv,bevPsngRoadPrvt
SI,h0091,0.3187529860169529,scr1982,avaConv,bevPsngRoadPrvt
SI,h0092,0.3452762346381446,scr1982,avaConv,bevPsngRoadPrvt
SI,h0093,0.3960421369934646,scr1982,avaConv,bevPsngRoadPrvt
SI,h0094,0.450524980431259,scr1982,avaConv,bevPsngRoadPrvt
SI,h0095,0.4918179497818089,scr1982,avaConv,bevPsngRoadPrvt
SI,h0096,0.5168513786568059,scr1982,avaConv,bevPsngRoadPrvt
SE,h0049,0.33840624952058107,scr1982,avaConv,bevPsngRoadPrvt
SE,h0050,0.36509036546377915,scr1982,avaConv,bevPsngRoadPrvt
SE,h0051,0.43439629163726323,scr1982,avaConv,bevPsngRoadPrvt
SE,h0052,0.5450491388219465,scr1982,avaConv,bevPsngRoadPrvt
SE,h0053,0.6163100022167902,scr1982,avaConv,bevPsngRoadPrvt
SE,h0054,0.648916667,scr1982,avaConv,bevPsngRoadPrvt
SE,h0055,0.6417473706896408,scr1982,avaConv,bevPsngRoadPrvt
SE,h0056,0.6150660579150107,scr1982,avaConv,bevPsngRoadPrvt
SE,h0057,0.5792036685433843,scr1982,avaConv,bevPsngRoadPrvt
SE,h0058,0.5521698108742572,scr1982,avaConv,bevPsngRoadPrvt
SE,h0059,0.5276914766058409,scr1982,avaConv,bevPsngRoadPrvt
SE,h0060,0.49951625899370544,scr1982,avaConv,bevPsngRoadPrvt
SE,h0061,0.4680582528759314,scr1982,avaConv,bevPsngRoadPrvt
SE,h0062,0.42286231498760296,scr1982,avaConv,bevPsngRoadPrvt
SE,h0063,0.35987538990123324,scr1982,avaConv,bevPsngRoadPrvt
SE,h0064,0.28400294422946626,scr1982,avaConv,bevPsngRoadPrvt
SE,h0065,0.22553267274043964,scr1982,avaConv,bevPsngRoadPrvt
SE,h0066,0.2191642062620618,scr1982,avaConv,bevPsngRoadPrvt
SE,h0067,0.26252027609128215,scr1982,avaConv,bevPsngRoadPrvt
SE,h0068,0.32891141707250826,scr1982,avaConv,bevPsngRoadPrvt
SE,h0069,0.3960421369934646,scr1982,avaConv,bevPsngRoadPrvt
SE,h0070,0.450524980431259,scr1982,avaConv,bevPsngRoadPrvt
SE,h0071,0.4918179497818089,scr1982,avaConv,bevPsngRoadPrvt
SE,h0072,0.5168513786568059,scr1982,avaConv,bevPsngRoadPrvt
SE,h0073,0.5210088466979936,scr1982,avaConv,bevPsngRoadPrvt
SE,h0074,0.5165986153313744,scr1982,avaConv,bevPsngRoadPrvt
SE,h0075,0.5087811673559179,scr1982,avaConv,bevPsngRoadPrvt
SE,h0076,0.5067842030592611,scr1982,avaConv,bevPsngRoadPrvt
SE,h0077,0.5074504934931832,scr1982,avaConv,bevPsngRoadPrvt
SE,h0078,0.5096881516514786,scr1982,avaConv,bevPsngRoadPrvt
SE,h0079,0.5127580272654786,scr1982,avaConv,bevPsngRoadPrvt
SE,h0080,0.5133678462607332,scr1982,avaConv,bevPsngRoadPrvt
SE,h0081,0.5121603964801045,scr1982,avaConv,bevPsngRoadPrvt
SE,h0082,0.5107214426993165,scr1982,avaConv,bevPsngRoadPrvt
SE,h0083,0.5042413257231328,scr1982,avaConv,bevPsngRoadPrvt
SE,h0084,0.4897978490264312,scr1982,avaConv,bevPsngRoadPrvt
SE,h0085,0.47594532987359495,scr1982,avaConv,bevPsngRoadPrvt
SE,h0086,0.45884712954941254,scr1982,avaConv,bevPsngRoadPrvt
SE,h0087,0.4377774790890272,scr1982,avaConv,bevPsngRoadPrvt
SE,h0088,0.40241900269769504,scr1982,avaConv,bevPsngRoadPrvt
SE,h0089,0.3617670505169599,scr1982,avaConv,bevPsngRoadPrvt
SE,h0090,0.32869443473737503,scr1982,avaConv,bevPsngRoadPrvt
SE,h0091,0.3187529860169529,scr1982,avaConv,bevPsngRoadPrvt
SE,h0092,0.3452762346381446,scr1982,avaConv,bevPsngRoadPrvt
SE,h0093,0.3960421369934646,scr1982,avaConv,bevPsngRoadPrvt
SE,h0094,0.450524980431259,scr1982,avaConv,bevPsngRoadPrvt
SE,h0095,0.4918179497818089,scr1982,avaConv,bevPsngRoadPrvt
SE,h0096,0.5168513786568059,scr1982,avaConv,bevPsngRoadPrvt
UK,h0049,0.33840624952058107,scr1982,avaConv,bevPsngRoadPrvt
UK,h0050,0.36509036546377915,scr1982,avaConv,bevPsngRoadPrvt
UK,h0051,0.43439629163726323,scr1982,avaConv,bevPsngRoadPrvt
UK,h0052,0.5450491388219465,scr1982,avaConv,bevPsngRoadPrvt
UK,h0053,0.6163100022167902,scr1982,avaConv,bevPsngRoadPrvt
UK,h0054,0.648916667,scr1982,avaConv,bevPsngRoadPrvt
UK,h0055,0.6417473706896408,scr1982,avaConv,bevPsngRoadPrvt
UK,h0056,0.6150660579150107,scr1982,avaConv,bevPsngRoadPrvt
UK,h0057,0.5792036685433843,scr1982,avaConv,bevPsngRoadPrvt
UK,h0058,0.5521698108742572,scr1982,avaConv,bevPsngRoadPrvt
UK,h0059,0.5276914766058409,scr1982,avaConv,bevPsngRoadPrvt
UK,h0060,0.49951625899370544,scr1982,avaConv,bevPsngRoadPrvt
UK,h0061,0.4680582528759314,scr1982,avaConv,bevPsngRoadPrvt
UK,h0062,0.42286231498760296,scr1982,avaConv,bevPsngRoadPrvt
UK,h0063,0.35987538990123324,scr1982,avaConv,bevPsngRoadPrvt
UK,h0064,0.28400294422946626,scr1982,avaConv,bevPsngRoadPrvt
UK,h0065,0.2255326727404401,scr1982,avaConv,bevPsngRoadPrvt
UK,h0066,0.2191642062620618,scr1982,avaConv,bevPsngRoadPrvt
UK,h0067,0.26252027609128215,scr1982,avaConv,bevPsngRoadPrvt
UK,h0068,0.32891141707250826,scr1982,avaConv,bevPsngRoadPrvt
UK,h0069,0.3960421369934646,scr1982,avaConv,bevPsngRoadPrvt
UK,h0070,0.450524980431259,scr1982,avaConv,bevPsngRoadPrvt
UK,h0071,0.4918179497818089,scr1982,avaConv,bevPsngRoadPrvt
UK,h0072,0.5168513786568059,scr1982,avaConv,bevPsngRoadPrvt
UK,h0073,0.5210088466979936,scr1982,avaConv,bevPsngRoadPrvt
UK,h0074,0.5165986153313744,scr1982,avaConv,bevPsngRoadPrvt
UK,h0075,0.5087811673559179,scr1982,avaConv,bevPsngRoadPrvt
UK,h0076,0.5067842030592611,scr1982,avaConv,bevPsngRoadPrvt
UK,h0077,0.5074504934931832,scr1982,avaConv,bevPsngRoadPrvt
UK,h0078,0.5096881516514786,scr1982,avaConv,bevPsngRoadPrvt
UK,h0079,0.5127580272654786,scr1982,avaConv,bevPsngRoadPrvt
UK,h0080,0.5133678462607332,scr1982,avaConv,bevPsngRoadPrvt
UK,h0081,0.512160396480104,scr1982,avaConv,bevPsngRoadPrvt
UK,h0082,0.5107214426993165,scr1982,avaConv,bevPsngRoadPrvt
UK,h0083,0.5042413257231328,scr1982,avaConv,bevPsngRoadPrvt
UK,h0084,0.4897978490264312,scr1982,avaConv,bevPsngRoadPrvt
UK,h0085,0.47594532987359495,scr1982,avaConv,bevPsngRoadPrvt
UK,h0086,0.45884712954941254,scr1982,avaConv,bevPsngRoadPrvt
UK,h0087,0.4377774790890272,scr1982,avaConv,bevPsngRoadPrvt
UK,h0088,0.40241900269769504,scr1982,avaConv,bevPsngRoadPrvt
UK,h0089,0.3617670505169599,scr1982,avaConv,bevPsngRoadPrvt
UK,h0090,0.32869443473737503,scr1982,avaConv,bevPsngRoadPrvt
UK,h0091,0.3187529860169529,scr1982,avaConv,bevPsngRoadPrvt
UK,h0092,0.3452762346381446,scr1982,avaConv,bevPsngRoadPrvt
UK,h0093,0.3960421369934646,scr1982,avaConv,bevPsngRoadPrvt
UK,h0094,0.450524980431259,scr1982,avaConv,bevPsngRoadPrvt
UK,h0095,0.4918179497818089,scr1982,avaConv,bevPsngRoadPrvt
UK,h0096,0.5168513786568059,scr1982,avaConv,bevPsngRoadPrvt
RS,h0049,0.33840624952058107,scr1982,avaConv,bevPsngRoadPrvt
RS,h0050,0.36509036546377915,scr1982,avaConv,bevPsngRoadPrvt
RS,h0051,0.43439629163726323,scr1982,avaConv,bevPsngRoadPrvt
RS,h0052,0.5450491388219465,scr1982,avaConv,bevPsngRoadPrvt
RS,h0053,0.6163100022167902,scr1982,avaConv,bevPsngRoadPrvt
RS,h0054,0.648916667,scr1982,avaConv,bevPsngRoadPrvt
RS,h0055,0.6417473706896408,scr1982,avaConv,bevPsngRoadPrvt
RS,h0056,0.6150660579150107,scr1982,avaConv,bevPsngRoadPrvt
RS,h0057,0.5792036685433843,scr1982,avaConv,bevPsngRoadPrvt
RS,h0058,0.5521698108742572,scr1982,avaConv,bevPsngRoadPrvt
RS,h0059,0.5276914766058409,scr1982,avaConv,bevPsngRoadPrvt
RS,h0060,0.49951625899370544,scr1982,avaConv,bevPsngRoadPrvt
RS,h0061,0.4680582528759314,scr1982,avaConv,bevPsngRoadPrvt
RS,h0062,0.42286231498760296,scr1982,avaConv,bevPsngRoadPrvt
RS,h0063,0.35987538990123324,scr1982,avaConv,bevPsngRoadPrvt
RS,h0064,0.28400294422946626,scr1982,avaConv,bevPsngRoadPrvt
RS,h0065,0.22553267274043964,scr1982,avaConv,bevPsngRoadPrvt
RS,h0066,0.2191642062620618,scr1982,avaConv,bevPsngRoadPrvt
RS,h0067,0.26252027609128215,scr1982,avaConv,bevPsngRoadPrvt
RS,h0068,0.32891141707250826,scr1982,avaConv,bevPsngRoadPrvt
RS,h0069,0.3960421369934646,scr1982,avaConv,bevPsngRoadPrvt
RS,h0070,0.450524980431259,scr1982,avaConv,bevPsngRoadPrvt
RS,h0071,0.4918179497818089,scr1982,avaConv,bevPsngRoadPrvt
RS,h0072,0.5168513786568059,scr1982,avaConv,bevPsngRoadPrvt
RS,h0073,0.5210088466979936,scr1982,avaConv,bevPsngRoadPrvt
RS,h0074,0.5165986153313744,scr1982,avaConv,bevPsngRoadPrvt
RS,h0075,0.5087811673559179,scr1982,avaConv,bevPsngRoadPrvt
RS,h0076,0.5067842030592611,scr1982,avaConv,bevPsngRoadPrvt
RS,h0077,0.5074504934931832,scr1982,avaConv,bevPsngRoadPrvt
RS,h0078,0.5096881516514786,scr1982,avaConv,bevPsngRoadPrvt
RS,h0079,0.5127580272654786,scr1982,avaConv,bevPsngRoadPrvt
RS,h0080,0.5133678462607332,scr1982,avaConv,bevPsngRoadPrvt
RS,h0081,0.5121603964801045,scr1982,avaConv,bevPsngRoadPrvt
RS,h0082,0.5107214426993165,scr1982,avaConv,bevPsngRoadPrvt
RS,h0083,0.5042413257231328,scr1982,avaConv,bevPsngRoadPrvt
RS,h0084,0.4897978490264312,scr1982,avaConv,bevPsngRoadPrvt
RS,h0085,0.47594532987359495,scr1982,avaConv,bevPsngRoadPrvt
RS,h0086,0.45884712954941254,scr1982,avaConv,bevPsngRoadPrvt
RS,h0087,0.4377774790890272,scr1982,avaConv,bevPsngRoadPrvt
RS,h0088,0.40241900269769504,scr1982,avaConv,bevPsngRoadPrvt
RS,h0089,0.3617670505169599,scr1982,avaConv,bevPsngRoadPrvt
RS,h0090,0.32869443473737503,scr1982,avaConv,bevPsngRoadPrvt
RS,h0091,0.3187529860169529,scr1982,avaConv,bevPsngRoadPrvt
RS,h0092,0.3452762346381446,scr1982,avaConv,bevPsngRoadPrvt
RS,h0093,0.3960421369934646,scr1982,avaConv,bevPsngRoadPrvt
RS,h0094,0.450524980431259,scr1982,avaConv,bevPsngRoadPrvt
RS,h0095,0.4918179497818089,scr1982,avaConv,bevPsngRoadPrvt
RS,h0096,0.5168513786568059,scr1982,avaConv,bevPsngRoadPrvt
BA,h0049,0.33840624952058107,scr1982,avaConv,bevPsngRoadPrvt
BA,h0050,0.36509036546377915,scr1982,avaConv,bevPsngRoadPrvt
BA,h0051,0.43439629163726323,scr1982,avaConv,bevPsngRoadPrvt
BA,h0052,0.5450491388219465,scr1982,avaConv,bevPsngRoadPrvt
BA,h0053,0.6163100022167902,scr1982,avaConv,bevPsngRoadPrvt
BA,h0054,0.648916667,scr1982,avaConv,bevPsngRoadPrvt
BA,h0055,0.6417473706896408,scr1982,avaConv,bevPsngRoadPrvt
BA,h0056,0.6150660579150107,scr1982,avaConv,bevPsngRoadPrvt
BA,h0057,0.5792036685433843,scr1982,avaConv,bevPsngRoadPrvt
BA,h0058,0.5521698108742572,scr1982,avaConv,bevPsngRoadPrvt
BA,h0059,0.5276914766058409,scr1982,avaConv,bevPsngRoadPrvt
BA,h0060,0.49951625899370544,scr1982,avaConv,bevPsngRoadPrvt
BA,h0061,0.4680582528759314,scr1982,avaConv,bevPsngRoadPrvt
BA,h0062,0.42286231498760296,scr1982,avaConv,bevPsngRoadPrvt
BA,h0063,0.35987538990123324,scr1982,avaConv,bevPsngRoadPrvt
BA,h0064,0.28400294422946626,scr1982,avaConv,bevPsngRoadPrvt
BA,h0065,0.22553267274043964,scr1982,avaConv,bevPsngRoadPrvt
BA,h0066,0.2191642062620618,scr1982,avaConv,bevPsngRoadPrvt
BA,h0067,0.26252027609128215,scr1982,avaConv,bevPsngRoadPrvt
BA,h0068,0.32891141707250826,scr1982,avaConv,bevPsngRoadPrvt
BA,h0069,0.3960421369934646,scr1982,avaConv,bevPsngRoadPrvt
BA,h0070,0.450524980431259,scr1982,avaConv,bevPsngRoadPrvt
BA,h0071,0.4918179497818089,scr1982,avaConv,bevPsngRoadPrvt
BA,h0072,0.5168513786568059,scr1982,avaConv,bevPsngRoadPrvt
BA,h0073,0.5210088466979936,scr1982,avaConv,bevPsngRoadPrvt
BA,h0074,0.5165986153313744,scr1982,avaConv,bevPsngRoadPrvt
BA,h0075,0.5087811673559179,scr1982,avaConv,bevPsngRoadPrvt
BA,h0076,0.5067842030592611,scr1982,avaConv,bevPsngRoadPrvt
BA,h0077,0.5074504934931832,scr1982,avaConv,bevPsngRoadPrvt
BA,h0078,0.5096881516514786,scr1982,avaConv,bevPsngRoadPrvt
BA,h0079,0.5127580272654786,scr1982,avaConv,bevPsngRoadPrvt
BA,h0080,0.5133678462607332,scr1982,avaConv,bevPsngRoadPrvt
BA,h0081,0.5121603964801045,scr1982,avaConv,bevPsngRoadPrvt
BA,h0082,0.5107214426993165,scr1982,avaConv,bevPsngRoadPrvt
BA,h0083,0.5042413257231328,scr1982,avaConv,bevPsngRoadPrvt
BA,h0084,0.4897978490264312,scr1982,avaConv,bevPsngRoadPrvt
BA,h0085,0.47594532987359495,scr1982,avaConv,bevPsngRoadPrvt
BA,h0086,0.45884712954941254,scr1982,avaConv,bevPsngRoadPrvt
BA,h0087,0.4377774790890272,scr1982,avaConv,bevPsngRoadPrvt
BA,h0088,0.40241900269769504,scr1982,avaConv,bevPsngRoadPrvt
BA,h0089,0.3617670505169599,scr1982,avaConv,bevPsngRoadPrvt
BA,h0090,0.32869443473737503,scr1982,avaConv,bevPsngRoadPrvt
BA,h0091,0.3187529860169529,scr1982,avaConv,bevPsngRoadPrvt
BA,h0092,0.3452762346381446,scr1982,avaConv,bevPsngRoadPrvt
BA,h0093,0.3960421369934646,scr1982,avaConv,bevPsngRoadPrvt
BA,h0094,0.450524980431259,scr1982,avaConv,bevPsngRoadPrvt
BA,h0095,0.4918179497818089,scr1982,avaConv,bevPsngRoadPrvt
BA,h0096,0.5168513786568059,scr1982,avaConv,bevPsngRoadPrvt
AL,h0049,0.33840624952058107,scr1982,avaConv,bevPsngRoadPrvt
AL,h0050,0.36509036546377915,scr1982,avaConv,bevPsngRoadPrvt
AL,h0051,0.43439629163726323,scr1982,avaConv,bevPsngRoadPrvt
AL,h0052,0.5450491388219465,scr1982,avaConv,bevPsngRoadPrvt
AL,h0053,0.6163100022167902,scr1982,avaConv,bevPsngRoadPrvt
AL,h0054,0.648916667,scr1982,avaConv,bevPsngRoadPrvt
AL,h0055,0.6417473706896408,scr1982,avaConv,bevPsngRoadPrvt
AL,h0056,0.6150660579150107,scr1982,avaConv,bevPsngRoadPrvt
AL,h0057,0.5792036685433843,scr1982,avaConv,bevPsngRoadPrvt
AL,h0058,0.5521698108742572,scr1982,avaConv,bevPsngRoadPrvt
AL,h0059,0.5276914766058409,scr1982,avaConv,bevPsngRoadPrvt
AL,h0060,0.49951625899370544,scr1982,avaConv,bevPsngRoadPrvt
AL,h0061,0.4680582528759314,scr1982,avaConv,bevPsngRoadPrvt
AL,h0062,0.42286231498760296,scr1982,avaConv,bevPsngRoadPrvt
AL,h0063,0.35987538990123324,scr1982,avaConv,bevPsngRoadPrvt
AL,h0064,0.28400294422946626,scr1982,avaConv,bevPsngRoadPrvt
AL,h0065,0.22553267274043964,scr1982,avaConv,bevPsngRoadPrvt
AL,h0066,0.2191642062620618,scr1982,avaConv,bevPsngRoadPrvt
AL,h0067,0.26252027609128215,scr1982,avaConv,bevPsngRoadPrvt
AL,h0068,0.32891141707250826,scr1982,avaConv,bevPsngRoadPrvt
AL,h0069,0.3960421369934646,scr1982,avaConv,bevPsngRoadPrvt
AL,h0070,0.450524980431259,scr1982,avaConv,bevPsngRoadPrvt
AL,h0071,0.4918179497818089,scr1982,avaConv,bevPsngRoadPrvt
AL,h0072,0.5168513786568059,scr1982,avaConv,bevPsngRoadPrvt
AL,h0073,0.5210088466979936,scr1982,avaConv,bevPsngRoadPrvt
AL,h0074,0.5165986153313744,scr1982,avaConv,bevPsngRoadPrvt
AL,h0075,0.5087811673559179,scr1982,avaConv,bevPsngRoadPrvt
AL,h0076,0.5067842030592611,scr1982,avaConv,bevPsngRoadPrvt
AL,h0077,0.5074504934931832,scr1982,avaConv,bevPsngRoadPrvt
AL,h0078,0.5096881516514786,scr1982,avaConv,bevPsngRoadPrvt
AL,h0079,0.5127580272654786,scr1982,avaConv,bevPsngRoadPrvt
AL,h0080,0.5133678462607332,scr1982,avaConv,bevPsngRoadPrvt
AL,h0081,0.5121603964801045,scr1982,avaConv,bevPsngRoadPrvt
AL,h0082,0.5107214426993165,scr1982,avaConv,bevPsngRoadPrvt
AL,h0083,0.5042413257231328,scr1982,avaConv,bevPsngRoadPrvt
AL,h0084,0.4897978490264312,scr1982,avaConv,bevPsngRoadPrvt
AL,h0085,0.47594532987359495,scr1982,avaConv,bevPsngRoadPrvt
AL,h0086,0.45884712954941254,scr1982,avaConv,bevPsngRoadPrvt
AL,h0087,0.4377774790890272,scr1982,avaConv,bevPsngRoadPrvt
AL,h0088,0.40241900269769504,scr1982,avaConv,bevPsngRoadPrvt
AL,h0089,0.3617670505169599,scr1982,avaConv,bevPsngRoadPrvt
AL,h0090,0.32869443473737503,scr1982,avaConv,bevPsngRoadPrvt
AL,h0091,0.3187529860169529,scr1982,avaConv,bevPsngRoadPrvt
AL,h0092,0.3452762346381446,scr1982,avaConv,bevPsngRoadPrvt
AL,h0093,0.3960421369934646,scr1982,avaConv,bevPsngRoadPrvt
AL,h0094,0.450524980431259,scr1982,avaConv,bevPsngRoadPrvt
AL,h0095,0.4918179497818089,scr1982,avaConv,bevPsngRoadPrvt
AL,h0096,0.5168513786568059,scr1982,avaConv,bevPsngRoadPrvt
