region_1,timestep_6,value,scenario_1,parameter,carrier_1
AL,h1441,10.43864528604545,scr2012,dem,electricity
AL,h1442,10.521465770369339,scr2012,dem,electricity
AL,h1443,10.524666605730276,scr2012,dem,electricity
AL,h1444,10.497983783960454,scr2012,dem,electricity
AL,h1445,10.539377597574848,scr2012,dem,electricity
AL,h1446,10.757284101498737,scr2012,dem,electricity
AL,h1447,11.086587639167,scr2012,dem,electricity
AL,h1448,11.376958394534759,scr2012,dem,electricity
AL,h1449,11.451972693348807,scr2012,dem,electricity
AL,h1450,11.28692894850386,scr2012,dem,electricity
AL,h1451,10.96213763204016,scr2012,dem,electricity
AL,h1452,10.577593901532405,scr2012,dem,electricity
AL,h1453,10.186150114468939,scr2012,dem,electricity
AL,h1454,9.822152203810932,scr2012,dem,electricity
AL,h1455,9.568679433254312,scr2012,dem,electricity
AL,h1456,9.593580112676252,scr2012,dem,electricity
AL,h1457,9.991205538006863,scr2012,dem,electricity
AL,h1458,10.46387562445463,scr2012,dem,electricity
AL,h1459,10.644538795035524,scr2012,dem,electricity
AL,h1460,10.439036768336623,scr2012,dem,electricity
AL,h1461,10.215235835480685,scr2012,dem,electricity
AL,h1462,10.199608901790237,scr2012,dem,electricity
AL,h1463,10.278221192683437,scr2012,dem,electricity
AL,h1464,10.37944176631154,scr2012,dem,electricity
AL,h1465,10.461780965119535,scr2012,dem,electricity
AL,h1466,10.573556701191551,scr2012,dem,electricity
AL,h1467,10.603184557451417,scr2012,dem,electricity
AL,h1468,10.601330076802874,scr2012,dem,electricity
AL,h1469,10.670046169990991,scr2012,dem,electricity
AL,h1470,10.913882234006362,scr2012,dem,electricity
AL,h1471,11.258360912897624,scr2012,dem,electricity
AL,h1472,11.557949246551091,scr2012,dem,electricity
AL,h1473,11.651653160575732,scr2012,dem,electricity
AL,h1474,11.522378839234177,scr2012,dem,electricity
AL,h1475,11.241971309883914,scr2012,dem,electricity
AL,h1476,10.89118960474297,scr2012,dem,electricity
AL,h1477,10.525776252315993,scr2012,dem,electricity
AL,h1478,10.182554155522636,scr2012,dem,electricity
AL,h1479,9.954624157060547,scr2012,dem,electricity
AL,h1480,10.01947988445099,scr2012,dem,electricity
AL,h1481,10.479123319213242,scr2012,dem,electricity
AL,h1482,11.020558020604739,scr2012,dem,electricity
AL,h1483,11.253155756218948,scr2012,dem,electricity
AL,h1484,11.07596275928976,scr2012,dem,electricity
AL,h1485,10.883654374635316,scr2012,dem,electricity
AL,h1486,10.915226458310933,scr2012,dem,electricity
AL,h1487,11.051011812947515,scr2012,dem,electricity
AL,h1488,11.21325224979436,scr2012,dem,electricity
AL,h1489,11.35961823109933,scr2012,dem,electricity
AL,h1490,11.538651475336508,scr2012,dem,electricity
AL,h1491,11.624876582483724,scr2012,dem,electricity
AL,h1492,11.674244586438851,scr2012,dem,electricity
AL,h1493,11.80034521702156,scr2012,dem,electricity
AL,h1494,12.122075972013965,scr2012,dem,electricity
AL,h1495,12.551199582451227,scr2012,dem,electricity
AL,h1496,12.925096311627268,scr2012,dem,electricity
AL,h1497,13.065322357594855,scr2012,dem,electricity
AL,h1498,12.964874273878703,scr2012,dem,electricity
AL,h1499,12.70849570128245,scr2012,dem,electricity
AL,h1500,12.376877808508024,scr2012,dem,electricity
AL,h1501,12.017423923517484,scr2012,dem,electricity
AL,h1502,11.66871923662815,scr2012,dem,electricity
AL,h1503,11.445529793628644,scr2012,dem,electricity
AL,h1504,11.563045007025835,scr2012,dem,electricity
AL,h1505,12.143545769278356,scr2012,dem,electricity
AL,h1506,12.823794597703516,scr2012,dem,electricity
AL,h1507,13.139368693273743,scr2012,dem,electricity
AL,h1508,12.977453439923547,scr2012,dem,electricity
AL,h1509,12.803711740607016,scr2012,dem,electricity
AL,h1510,12.902661273420156,scr2012,dem,electricity
AL,h1511,13.125017158694288,scr2012,dem,electricity
AL,h1512,13.373801199904602,scr2012,dem,electricity
AL,h1513,13.60177008949538,scr2012,dem,electricity
AL,h1514,13.868033729837483,scr2012,dem,electricity
AL,h1515,14.022100300809269,scr2012,dem,electricity
AL,h1516,14.125298020717315,scr2012,dem,electricity
AL,h1517,14.317042596347532,scr2012,dem,electricity
AL,h1518,14.74860848869609,scr2012,dem,electricity
AL,h1519,15.330209955798274,scr2012,dem,electricity
AL,h1520,15.855148615362644,scr2012,dem,electricity
AL,h1521,16.07744510275757,scr2012,dem,electricity
AL,h1522,15.961435738740668,scr2012,dem,electricity
AL,h1523,15.613695892498018,scr2012,dem,electricity
AL,h1524,15.168881006224721,scr2012,dem,electricity
AL,h1525,14.70539883357039,scr2012,dem,electricity
AL,h1526,14.274995602338297,scr2012,dem,electricity
AL,h1527,14.005690563256199,scr2012,dem,electricity
AL,h1528,14.147371754379604,scr2012,dem,electricity
AL,h1529,14.844743243479824,scr2012,dem,electricity
AL,h1530,15.64759263323326,scr2012,dem,electricity
AL,h1531,15.990484549435125,scr2012,dem,electricity
AL,h1532,15.738699003985461,scr2012,dem,electricity
AL,h1533,15.464643282783053,scr2012,dem,electricity
AL,h1534,15.520019088632981,scr2012,dem,electricity
AL,h1535,15.724790650928394,scr2012,dem,electricity
AL,h1536,15.965669622194765,scr2012,dem,electricity
AL,h1537,16.179421342781083,scr2012,dem,electricity
AL,h1538,16.433587702000274,scr2012,dem,electricity
AL,h1539,16.548124683276125,scr2012,dem,electricity
AL,h1540,16.599677710356655,scr2012,dem,electricity
AL,h1541,16.751920995601886,scr2012,dem,electricity
AL,h1542,17.176026950789776,scr2012,dem,electricity
AL,h1543,17.76359489005242,scr2012,dem,electricity
AL,h1544,18.27512188688303,scr2012,dem,electricity
AL,h1545,18.428503069923025,scr2012,dem,electricity
AL,h1546,18.19340981387598,scr2012,dem,electricity
AL,h1547,17.698142830903475,scr2012,dem,electricity
AL,h1548,17.09885455695538,scr2012,dem,electricity
AL,h1549,16.482311503764183,scr2012,dem,electricity
AL,h1550,15.906066923400912,scr2012,dem,electricity
AL,h1551,15.512625590411442,scr2012,dem,electricity
AL,h1552,15.57573112978352,scr2012,dem,electricity
AL,h1553,16.246852683958217,scr2012,dem,electricity
AL,h1554,17.02513943644552,scr2012,dem,electricity
AL,h1555,17.295221270487126,scr2012,dem,electricity
AL,h1556,16.918108561582365,scr2012,dem,electricity
AL,h1557,16.520159372499403,scr2012,dem,electricity
AL,h1558,16.48090268988066,scr2012,dem,electricity
AL,h1559,16.603228515817676,scr2012,dem,electricity
AL,h1560,16.761857341377304,scr2012,dem,electricity
AL,h1561,16.89143770646827,scr2012,dem,electricity
AL,h1562,17.063848561695007,scr2012,dem,electricity
AL,h1563,17.09068107048015,scr2012,dem,electricity
AL,h1564,17.05332416337054,scr2012,dem,electricity
AL,h1565,17.120998160540207,scr2012,dem,electricity
AL,h1566,17.467811214567586,scr2012,dem,electricity
AL,h1567,17.981156665207717,scr2012,dem,electricity
AL,h1568,18.419479958907363,scr2012,dem,electricity
AL,h1569,18.499697167389517,scr2012,dem,electricity
AL,h1570,18.19694795719444,scr2012,dem,electricity
AL,h1571,17.642674008119307,scr2012,dem,electricity
AL,h1572,16.995306039304445,scr2012,dem,electricity
AL,h1573,16.341153023588802,scr2012,dem,electricity
AL,h1574,15.736000164105649,scr2012,dem,electricity
AL,h1575,15.31930910181602,scr2012,dem,electricity
AL,h1576,15.358883919192488,scr2012,dem,electricity
AL,h1577,16.001316277595446,scr2012,dem,electricity
AL,h1578,16.75254739006163,scr2012,dem,electricity
AL,h1579,17.00786313768971,scr2012,dem,electricity
AL,h1580,16.63129819522252,scr2012,dem,electricity
AL,h1581,16.2372727736238,scr2012,dem,electricity
AL,h1582,16.19770945517067,scr2012,dem,electricity
AL,h1583,16.317732238226753,scr2012,dem,electricity
AL,h1584,16.474519498220594,scr2012,dem,electricity
AL,h1585,16.60316643718784,scr2012,dem,electricity
AL,h1586,16.773590128217602,scr2012,dem,electricity
AL,h1587,16.801233831887583,scr2012,dem,electricity
AL,h1588,16.765330054035307,scr2012,dem,electricity
AL,h1589,16.831996260284722,scr2012,dem,electricity
AL,h1590,17.171046234213886,scr2012,dem,electricity
AL,h1591,17.671717953335044,scr2012,dem,electricity
AL,h1592,18.095314880022382,scr2012,dem,electricity
AL,h1593,18.162883834110044,scr2012,dem,electricity
AL,h1594,17.849431400033048,scr2012,dem,electricity
AL,h1595,17.284704439430573,scr2012,dem,electricity
AL,h1596,16.62512499865754,scr2012,dem,electricity
AL,h1597,15.955561304924176,scr2012,dem,electricity
AL,h1598,15.330723792517109,scr2012,dem,electricity
AL,h1599,14.88553299979384,scr2012,dem,electricity
AL,h1600,14.878569107486358,scr2012,dem,electricity
AL,h1601,15.448231578381579,scr2012,dem,electricity
AL,h1602,16.115662397862973,scr2012,dem,electricity
AL,h1603,16.3044627497179,scr2012,dem,electricity
AL,h1604,15.886328114029045,scr2012,dem,electricity
AL,h1605,15.451451064038908,scr2012,dem,electricity
AL,h1606,15.352370496392886,scr2012,dem,electricity
AL,h1607,15.402887635932526,scr2012,dem,electricity
AL,h1608,15.485585421577829,scr2012,dem,electricity
AL,h1609,15.540763677205518,scr2012,dem,electricity
AL,h1610,15.638215094046728,scr2012,dem,electricity
AL,h1611,15.604286911947316,scr2012,dem,electricity
AL,h1612,15.514660209383138,scr2012,dem,electricity
AL,h1613,15.5223606330329,scr2012,dem,electricity
AL,h1614,15.785432066781919,scr2012,dem,electricity
AL,h1615,16.203049739623356,scr2012,dem,electricity
AL,h1616,16.556171739488793,scr2012,dem,electricity
AL,h1617,16.59044312604913,scr2012,dem,electricity
AL,h1618,16.28352468434743,scr2012,dem,electricity
AL,h1619,15.756034985284295,scr2012,dem,electricity
AL,h1620,15.152957247616007,scr2012,dem,electricity
AL,h1621,14.549067155734512,scr2012,dem,electricity
AL,h1622,13.993819356286659,scr2012,dem,electricity
AL,h1623,13.608629649687492,scr2012,dem,electricity
AL,h1624,13.63165646575329,scr2012,dem,electricity
AL,h1625,14.18997766672218,scr2012,dem,electricity
AL,h1626,14.847199161530037,scr2012,dem,electricity
AL,h1627,15.07199479556153,scr2012,dem,electricity
AL,h1628,14.74441212894671,scr2012,dem,electricity
AL,h1629,14.402482280761646,scr2012,dem,electricity
AL,h1630,14.371471285894351,scr2012,dem,electricity
AL,h1631,14.479178270381029,scr2012,dem,electricity
AL,h1632,14.621841354951531,scr2012,dem,electricity
AL,h1633,14.740444303242862,scr2012,dem,electricity
AL,h1634,14.895860914578112,scr2012,dem,electricity
AL,h1635,14.923128221001988,scr2012,dem,electricity
AL,h1636,14.893427511606902,scr2012,dem,electricity
AL,h1637,14.954458787810818,scr2012,dem,electricity
AL,h1638,15.252335505078856,scr2012,dem,electricity
AL,h1639,15.680076759436414,scr2012,dem,electricity
AL,h1640,16.034660876201478,scr2012,dem,electricity
AL,h1641,16.08518359616135,scr2012,dem,electricity
AL,h1642,15.81558681037504,scr2012,dem,electricity
AL,h1643,15.329190021921235,scr2012,dem,electricity
AL,h1644,14.747991893508601,scr2012,dem,electricity
AL,h1645,14.14944794455874,scr2012,dem,electricity
AL,h1646,13.583687218922297,scr2012,dem,electricity
AL,h1647,13.173773247446288,scr2012,dem,electricity
AL,h1648,13.149323309526608,scr2012,dem,electricity
AL,h1649,13.630540818546624,scr2012,dem,electricity
AL,h1650,14.19732296728323,scr2012,dem,electricity
AL,h1651,14.344082275565464,scr2012,dem,electricity
AL,h1652,13.957035445216249,scr2012,dem,electricity
AL,h1653,13.552184534769614,scr2012,dem,electricity
AL,h1654,13.433083009130444,scr2012,dem,electricity
AL,h1655,13.441996149130048,scr2012,dem,electricity
AL,h1656,13.47530609843183,scr2012,dem,electricity
AL,h1657,13.482309562544657,scr2012,dem,electricity
AL,h1658,13.520756531185874,scr2012,dem,electricity
AL,h1659,13.44092915852166,scr2012,dem,electricity
AL,h1660,13.311079766907955,scr2012,dem,electricity
AL,h1661,13.261989716156034,scr2012,dem,electricity
AL,h1662,13.423712851383918,scr2012,dem,electricity
AL,h1663,13.693987222883125,scr2012,dem,electricity
AL,h1664,13.896565566094656,scr2012,dem,electricity
AL,h1665,13.84200633382369,scr2012,dem,electricity
AL,h1666,13.534951600605664,scr2012,dem,electricity
AL,h1667,13.070459130618271,scr2012,dem,electricity
AL,h1668,12.540610092271551,scr2012,dem,electricity
AL,h1669,11.998445296507443,scr2012,dem,electricity
AL,h1670,11.481101690633583,scr2012,dem,electricity
AL,h1671,11.098150648474313,scr2012,dem,electricity
AL,h1672,11.048349850306895,scr2012,dem,electricity
AL,h1673,11.434451842435417,scr2012,dem,electricity
AL,h1674,11.906318818824333,scr2012,dem,electricity
AL,h1675,12.038863612013998,scr2012,dem,electricity
AL,h1676,11.738811507670246,scr2012,dem,electricity
AL,h1677,11.431331974773096,scr2012,dem,electricity
AL,h1678,11.369164123649494,scr2012,dem,electricity
AL,h1679,11.411389131273024,scr2012,dem,electricity
AL,h1680,11.469553448828243,scr2012,dem,electricity
AL,h1681,11.503311077819442,scr2012,dem,electricity
AL,h1682,11.569358157773877,scr2012,dem,electricity
AL,h1683,11.543408844184166,scr2012,dem,electricity
AL,h1684,11.477466625077604,scr2012,dem,electricity
AL,h1685,11.48147579413452,scr2012,dem,electricity
AL,h1686,11.673223998701665,scr2012,dem,electricity
AL,h1687,11.979166624137841,scr2012,dem,electricity
AL,h1688,12.24147777144612,scr2012,dem,electricity
AL,h1689,12.268409644073044,scr2012,dem,electricity
AL,h1690,12.037063260341483,scr2012,dem,electricity
AL,h1691,11.628086871919564,scr2012,dem,electricity
AL,h1692,11.153680469529762,scr2012,dem,electricity
AL,h1693,10.67575310589767,scr2012,dem,electricity
AL,h1694,10.230301794096897,scr2012,dem,electricity
AL,h1695,9.901944374732599,scr2012,dem,electricity
AL,h1696,9.857759313949062,scr2012,dem,electricity
AL,h1697,10.187191942472417,scr2012,dem,electricity
AL,h1698,10.581304610266184,scr2012,dem,electricity
AL,h1699,10.676853949924654,scr2012,dem,electricity
AL,h1700,10.385718598353645,scr2012,dem,electricity
AL,h1701,10.078103018895384,scr2012,dem,electricity
AL,h1702,9.97206192889007,scr2012,dem,electricity
AL,h1703,9.948381048968534,scr2012,dem,electricity
AL,h1704,9.936318875677664,scr2012,dem,electricity
AL,h1705,9.89843243531698,scr2012,dem,electricity
AL,h1706,9.891462163015058,scr2012,dem,electricity
AL,h1707,9.80970137185149,scr2012,dem,electricity
AL,h1708,9.699295603055829,scr2012,dem,electricity
AL,h1709,9.649369193848464,scr2012,dem,electricity
AL,h1710,9.75544844671221,scr2012,dem,electricity
AL,h1711,9.959414150844383,scr2012,dem,electricity
AL,h1712,10.129135678893311,scr2012,dem,electricity
AL,h1713,10.10636127078316,scr2012,dem,electricity
AL,h1714,9.87203350808574,scr2012,dem,electricity
AL,h1715,9.496385574004929,scr2012,dem,electricity
AL,h1716,9.07496630698859,scr2012,dem,electricity
AL,h1717,8.656347083189718,scr2012,dem,electricity
AL,h1718,8.26862151203065,scr2012,dem,electricity
AL,h1719,7.977083129127059,scr2012,dem,electricity
AL,h1720,7.9147245344409125,scr2012,dem,electricity
AL,h1721,8.152167102914987,scr2012,dem,electricity
AL,h1722,8.444502515960425,scr2012,dem,electricity
AL,h1723,8.51009570846954,scr2012,dem,electricity
AL,h1724,8.27985804679524,scr2012,dem,electricity
AL,h1725,8.039206308720528,scr2012,dem,electricity
AL,h1726,7.955129704841678,scr2012,dem,electricity
AL,h1727,7.927787209645394,scr2012,dem,electricity
AL,h1728,7.907679748904844,scr2012,dem,electricity
AL,h1729,7.8665395121118955,scr2012,dem,electricity
AL,h1730,7.856260384128518,scr2012,dem,electricity
AL,h1731,7.794113108722602,scr2012,dem,electricity
AL,h1732,7.716853839722266,scr2012,dem,electricity
AL,h1733,7.692349242809939,scr2012,dem,electricity
AL,h1734,7.797472809979083,scr2012,dem,electricity
AL,h1735,7.986589750551569,scr2012,dem,electricity
AL,h1736,8.155586900858376,scr2012,dem,electricity
AL,h1737,8.173747096270418,scr2012,dem,electricity
AL,h1738,8.020874383024399,scr2012,dem,electricity
AL,h1739,7.750347444930287,scr2012,dem,electricity
AL,h1740,7.441286947596109,scr2012,dem,electricity
AL,h1741,7.132107397559552,scr2012,dem,electricity
AL,h1742,6.845282382991023,scr2012,dem,electricity
AL,h1743,6.633995469940661,scr2012,dem,electricity
AL,h1744,6.609917506152792,scr2012,dem,electricity
AL,h1745,6.835675801491099,scr2012,dem,electricity
AL,h1746,7.111048106822106,scr2012,dem,electricity
AL,h1747,7.204561323820869,scr2012,dem,electricity
AL,h1748,7.054934595505827,scr2012,dem,electricity
AL,h1749,6.894913337621295,scr2012,dem,electricity
AL,h1750,6.862880040582763,scr2012,dem,electricity
AL,h1751,6.8741159144672475,scr2012,dem,electricity
AL,h1752,6.891664395227038,scr2012,dem,electricity
AL,h1753,6.891334613947653,scr2012,dem,electricity
AL,h1754,6.9208127090768885,scr2012,dem,electricity
AL,h1755,6.909831344637633,scr2012,dem,electricity
AL,h1756,6.888974571593003,scr2012,dem,electricity
AL,h1757,6.91800491687607,scr2012,dem,electricity
AL,h1758,7.066883976391238,scr2012,dem,electricity
AL,h1759,7.297921795849076,scr2012,dem,electricity
AL,h1760,7.5165024704623775,scr2012,dem,electricity
AL,h1761,7.6001892860076365,scr2012,dem,electricity
AL,h1762,7.5248184390098,scr2012,dem,electricity
AL,h1763,7.3371738533852335,scr2012,dem,electricity
AL,h1764,7.110867087068313,scr2012,dem,electricity
AL,h1765,6.881629720516674,scr2012,dem,electricity
AL,h1766,6.671437126462496,scr2012,dem,electricity
AL,h1767,6.532694734466222,scr2012,dem,electricity
AL,h1768,6.578987975061997,scr2012,dem,electricity
AL,h1769,6.879516990990618,scr2012,dem,electricity
AL,h1770,7.235379933448481,scr2012,dem,electricity
AL,h1771,7.40954640824186,scr2012,dem,electricity
AL,h1772,7.334654794568455,scr2012,dem,electricity
AL,h1773,7.24862526203773,scr2012,dem,electricity
AL,h1774,7.295623906080832,scr2012,dem,electricity
AL,h1775,7.388137044574581,scr2012,dem,electricity
AL,h1776,7.489510561119826,scr2012,dem,electricity
AL,h1777,7.57243612184393,scr2012,dem,electricity
AL,h1778,7.685004666554763,scr2012,dem,electricity
AL,h1779,7.7463578770132235,scr2012,dem,electricity
AL,h1780,7.791249801023669,scr2012,dem,electricity
AL,h1781,7.887793380258358,scr2012,dem,electricity
AL,h1782,8.118551487361422,scr2012,dem,electricity
AL,h1783,8.43851370082551,scr2012,dem,electricity
AL,h1784,8.735476096820037,scr2012,dem,electricity
AL,h1785,8.86662628214508,scr2012,dem,electricity
AL,h1786,8.804629139645806,scr2012,dem,electricity
AL,h1787,8.607159130781728,scr2012,dem,electricity
AL,h1788,8.35725619534152,scr2012,dem,electricity
AL,h1789,8.09503749923294,scr2012,dem,electricity
AL,h1790,7.84698323138608,scr2012,dem,electricity
AL,h1791,7.678364095716114,scr2012,dem,electricity
AL,h1792,7.7250123991640764,scr2012,dem,electricity
AL,h1793,8.065019365423533,scr2012,dem,electricity
AL,h1794,8.460337621584065,scr2012,dem,electricity
AL,h1795,8.62424687031039,scr2012,dem,electricity
AL,h1796,8.485469818921157,scr2012,dem,electricity
AL,h1797,8.330896710603957,scr2012,dem,electricity
AL,h1798,8.335717723217357,scr2012,dem,electricity
AL,h1799,8.397778247995712,scr2012,dem,electricity
AL,h1800,8.471096863814939,scr2012,dem,electricity
AL,h1801,8.523438109167085,scr2012,dem,electricity
AL,h1802,8.602341090506687,scr2012,dem,electricity
AL,h1803,8.616256234339001,scr2012,dem,electricity
AL,h1804,8.605502623445634,scr2012,dem,electricity
AL,h1805,8.650854125068179,scr2012,dem,electricity
AL,h1806,8.835898739788664,scr2012,dem,electricity
AL,h1807,9.09944588239268,scr2012,dem,electricity
AL,h1808,9.332707603064584,scr2012,dem,electricity
AL,h1809,9.401875592525741,scr2012,dem,electricity
AL,h1810,9.29236653024812,scr2012,dem,electricity
AL,h1811,9.053290659247237,scr2012,dem,electricity
AL,h1812,8.756909390077121,scr2012,dem,electricity
AL,h1813,8.45023465407133,scr2012,dem,electricity
AL,h1814,8.162161640386246,scr2012,dem,electricity
AL,h1815,7.963685475205232,scr2012,dem,electricity
AL,h1816,7.994769579131433,scr2012,dem,electricity
AL,h1817,8.33526510342106,scr2012,dem,electricity
AL,h1818,8.738149251933976,scr2012,dem,electricity
AL,h1819,8.904401863303525,scr2012,dem,electricity
AL,h1820,8.758465805702688,scr2012,dem,electricity
AL,h1821,8.600466507229063,scr2012,dem,electricity
AL,h1822,8.608595102744598,scr2012,dem,electricity
AL,h1823,8.684016382548114,scr2012,dem,electricity
AL,h1824,8.772864082494772,scr2012,dem,electricity
AL,h1825,8.844662655421876,scr2012,dem,electricity
AL,h1826,8.943407430799548,scr2012,dem,electricity
AL,h1827,8.97402321031528,scr2012,dem,electricity
AL,h1828,8.979132391801667,scr2012,dem,electricity
AL,h1829,9.041344755590913,scr2012,dem,electricity
AL,h1830,9.250795222763552,scr2012,dem,electricity
AL,h1831,9.536176278944113,scr2012,dem,electricity
AL,h1832,9.780376446824638,scr2012,dem,electricity
AL,h1833,9.850757068553794,scr2012,dem,electricity
AL,h1834,9.745425514292032,scr2012,dem,electricity
AL,h1835,9.52177689253122,scr2012,dem,electricity
AL,h1836,9.239806185327813,scr2012,dem,electricity
AL,h1837,8.934268258957145,scr2012,dem,electricity
AL,h1838,8.631232082591096,scr2012,dem,electricity
AL,h1839,8.415874994780298,scr2012,dem,electricity
AL,h1840,8.44493517064797,scr2012,dem,electricity
AL,h1841,8.807491713398145,scr2012,dem,electricity
AL,h1842,9.240433384333587,scr2012,dem,electricity
AL,h1843,9.418662787206294,scr2012,dem,electricity
AL,h1844,9.267684426295324,scr2012,dem,electricity
AL,h1845,9.10773223528173,scr2012,dem,electricity
AL,h1846,9.133656896497662,scr2012,dem,electricity
AL,h1847,9.232002354984788,scr2012,dem,electricity
AL,h1848,9.340478241326943,scr2012,dem,electricity
AL,h1849,9.428518539361603,scr2012,dem,electricity
AL,h1850,9.546507734260809,scr2012,dem,electricity
AL,h1851,9.595289508562772,scr2012,dem,electricity
AL,h1852,9.61595553674217,scr2012,dem,electricity
AL,h1853,9.698315291492923,scr2012,dem,electricity
AL,h1854,9.944646148286015,scr2012,dem,electricity
AL,h1855,10.29505527993801,scr2012,dem,electricity
AL,h1856,10.61883594635472,scr2012,dem,electricity
AL,h1857,10.746139665222424,scr2012,dem,electricity
AL,h1858,10.650963264191939,scr2012,dem,electricity
AL,h1859,10.396674806816579,scr2012,dem,electricity
AL,h1860,10.081790358076802,scr2012,dem,electricity
AL,h1861,9.759853492173404,scr2012,dem,electricity
AL,h1862,9.463101616512365,scr2012,dem,electricity
AL,h1863,9.272151673152718,scr2012,dem,electricity
AL,h1864,9.34865850336613,scr2012,dem,electricity
AL,h1865,9.78967023667913,scr2012,dem,electricity
AL,h1866,10.302574967890475,scr2012,dem,electricity
AL,h1867,10.53067595764783,scr2012,dem,electricity
AL,h1868,10.385367140603698,scr2012,dem,electricity
AL,h1869,10.225714612577523,scr2012,dem,electricity
AL,h1870,10.27119744883755,scr2012,dem,electricity
AL,h1871,10.39800644996704,scr2012,dem,electricity
AL,h1872,10.542449088579307,scr2012,dem,electricity
AL,h1873,10.666313412552315,scr2012,dem,electricity
AL,h1874,10.824741866264837,scr2012,dem,electricity
AL,h1875,10.901897171482691,scr2012,dem,electricity
AL,h1876,10.944987225199718,scr2012,dem,electricity
AL,h1877,11.056602668848805,scr2012,dem,electricity
AL,h1878,11.349039809876007,scr2012,dem,electricity
AL,h1879,11.755772620754769,scr2012,dem,electricity
AL,h1880,12.122124047320552,scr2012,dem,electricity
AL,h1881,12.256839419627525,scr2012,dem,electricity
AL,h1882,12.13058603483632,scr2012,dem,electricity
AL,h1883,11.822375542730843,scr2012,dem,electricity
AL,h1884,11.442451074937637,scr2012,dem,electricity
AL,h1885,11.049308876278582,scr2012,dem,electricity
AL,h1886,10.680459791877851,scr2012,dem,electricity
AL,h1887,10.427158121881096,scr2012,dem,electricity
AL,h1888,10.472665886709358,scr2012,dem,electricity
AL,h1889,10.92008127592338,scr2012,dem,electricity
AL,h1890,11.439059716042355,scr2012,dem,electricity
AL,h1891,11.626965889619354,scr2012,dem,electricity
AL,h1892,11.398338137293003,scr2012,dem,electricity
AL,h1893,11.153442786630999,scr2012,dem,electricity
AL,h1894,11.13902932172956,scr2012,dem,electricity
AL,h1895,11.210556412436036,scr2012,dem,electricity
AL,h1896,11.298807683528711,scr2012,dem,electricity
AL,h1897,11.361990124643325,scr2012,dem,electricity
AL,h1898,11.459307341303438,scr2012,dem,electricity
AL,h1899,11.466289554577317,scr2012,dem,electricity
AL,h1900,11.436272330969166,scr2012,dem,electricity
AL,h1901,11.477460522060026,scr2012,dem,electricity
AL,h1902,11.705775808505757,scr2012,dem,electricity
AL,h1903,12.05006922997894,scr2012,dem,electricity
AL,h1904,12.352303642776397,scr2012,dem,electricity
AL,h1905,12.419169317764924,scr2012,dem,electricity
AL,h1906,12.22629833121007,scr2012,dem,electricity
AL,h1907,11.856849626317292,scr2012,dem,electricity
AL,h1908,11.423698308038942,scr2012,dem,electricity
AL,h1909,10.98607326762128,scr2012,dem,electricity
AL,h1910,10.580347339161674,scr2012,dem,electricity
AL,h1911,10.295502137744595,scr2012,dem,electricity
AL,h1912,10.309656824560415,scr2012,dem,electricity
AL,h1913,10.72133768695634,scr2012,dem,electricity
AL,h1914,11.205449398625582,scr2012,dem,electricity
AL,h1915,11.369691745414661,scr2012,dem,electricity
AL,h1916,11.130793834674718,scr2012,dem,electricity
AL,h1917,10.879051353782245,scr2012,dem,electricity
AL,h1918,10.853494857359708,scr2012,dem,electricity
AL,h1919,10.913071398434719,scr2012,dem,electricity
AL,h1920,10.990107270294567,scr2012,dem,electricity
AL,h1921,11.043567179536875,scr2012,dem,electricity
AL,h1922,11.130350548406856,scr2012,dem,electricity
AL,h1923,11.131213814725065,scr2012,dem,electricity
AL,h1924,11.097746988798399,scr2012,dem,electricity
AL,h1925,11.135025391856995,scr2012,dem,electricity
AL,h1926,11.354227443686232,scr2012,dem,electricity
AL,h1927,11.685944485840983,scr2012,dem,electricity
AL,h1928,11.97663047847816,scr2012,dem,electricity
AL,h1929,12.038212265989547,scr2012,dem,electricity
AL,h1930,11.84636908324707,scr2012,dem,electricity
AL,h1931,11.481468905523382,scr2012,dem,electricity
AL,h1932,11.053266156146737,scr2012,dem,electricity
AL,h1933,10.619694525562963,scr2012,dem,electricity
AL,h1934,10.21621148422884,scr2012,dem,electricity
AL,h1935,9.927766607847813,scr2012,dem,electricity
AL,h1936,9.925338073239292,scr2012,dem,electricity
AL,h1937,10.302979156511348,scr2012,dem,electricity
AL,h1938,10.748716436519013,scr2012,dem,electricity
AL,h1939,10.889112121545093,scr2012,dem,electricity
AL,h1940,10.644437155412588,scr2012,dem,electricity
AL,h1941,10.387712802742415,scr2012,dem,electricity
AL,h1942,10.346139803454474,scr2012,dem,electricity
AL,h1943,10.385119962071508,scr2012,dem,electricity
AL,h1944,10.440482845868969,scr2012,dem,electricity
AL,h1945,10.473365755968379,scr2012,dem,electricity
AL,h1946,10.541437404597964,scr2012,dem,electricity
AL,h1947,10.5302241597278,scr2012,dem,electricity
AL,h1948,10.49119823616629,scr2012,dem,electricity
AL,h1949,10.521364180588186,scr2012,dem,electricity
AL,h1950,10.728954193437138,scr2012,dem,electricity
AL,h1951,11.047834790829091,scr2012,dem,electricity
AL,h1952,11.333481515534954,scr2012,dem,electricity
AL,h1953,11.40794198315886,scr2012,dem,electricity
AL,h1954,11.247545253660823,scr2012,dem,electricity
AL,h1955,10.928542232955326,scr2012,dem,electricity
AL,h1956,10.55426497671573,scr2012,dem,electricity
AL,h1957,10.17763066408897,scr2012,dem,electricity
AL,h1958,9.831722117221085,scr2012,dem,electricity
AL,h1959,9.599593002525376,scr2012,dem,electricity
AL,h1960,9.649573105223459,scr2012,dem,electricity
AL,h1961,10.076702197110116,scr2012,dem,electricity
AL,h1962,10.577312702346438,scr2012,dem,electricity
AL,h1963,10.779984783337012,scr2012,dem,electricity
AL,h1964,10.60253883034452,scr2012,dem,electricity
AL,h1965,10.414337365910475,scr2012,dem,electricity
AL,h1966,10.442714014103217,scr2012,dem,electricity
AL,h1967,10.554268635950741,scr2012,dem,electricity
AL,h1968,10.686228564674982,scr2012,dem,electricity
AL,h1969,10.79847522699989,scr2012,dem,electricity
AL,h1970,10.943639638586415,scr2012,dem,electricity
AL,h1971,11.001411768765431,scr2012,dem,electricity
AL,h1972,11.022449766256502,scr2012,dem,electricity
AL,h1973,11.112618276797708,scr2012,dem,electricity
AL,h1974,11.38072327272449,scr2012,dem,electricity
AL,h1975,11.748025220710085,scr2012,dem,electricity
AL,h1976,12.069285301204644,scr2012,dem,electricity
AL,h1977,12.168025067931435,scr2012,dem,electricity
AL,h1978,12.026823463601753,scr2012,dem,electricity
AL,h1979,11.71391220082965,scr2012,dem,electricity
AL,h1980,11.324619599273095,scr2012,dem,electricity
AL,h1981,10.917294913146744,scr2012,dem,electricity
AL,h1982,10.529799077607347,scr2012,dem,electricity
AL,h1983,10.255786536355084,scr2012,dem,electricity
AL,h1984,10.276111555540647,scr2012,dem,electricity
AL,h1985,10.689690373601701,scr2012,dem,electricity
AL,h1986,11.171369498397464,scr2012,dem,electricity
AL,h1987,11.327611859142626,scr2012,dem,electricity
AL,h1988,11.073448747940052,scr2012,dem,electricity
AL,h1989,10.803701859611563,scr2012,dem,electricity
AL,h1990,10.753437561801142,scr2012,dem,electricity
AL,h1991,10.790008424753543,scr2012,dem,electricity
AL,h1992,10.838441394588877,scr2012,dem,electricity
AL,h1993,10.861413970260212,scr2012,dem,electricity
AL,h1994,10.90966080998825,scr2012,dem,electricity
AL,h1995,10.866066067829408,scr2012,dem,electricity
AL,h1996,10.782352753385931,scr2012,dem,electricity
AL,h1997,10.760366167801207,scr2012,dem,electricity
AL,h1998,10.905939652776715,scr2012,dem,electricity
AL,h1999,11.138613886539426,scr2012,dem,electricity
AL,h2000,11.311376540027432,scr2012,dem,electricity
AL,h2001,11.26964400901935,scr2012,dem,electricity
AL,h2002,11.018577756817368,scr2012,dem,electricity
AL,h2003,10.63762273242707,scr2012,dem,electricity
AL,h2004,10.20270819359137,scr2012,dem,electricity
AL,h2005,9.750875180158403,scr2012,dem,electricity
AL,h2006,9.311576018091008,scr2012,dem,electricity
AL,h2007,8.970116952015003,scr2012,dem,electricity
AL,h2008,8.888424478236264,scr2012,dem,electricity
AL,h2009,9.147368932249348,scr2012,dem,electricity
AL,h2010,9.4662515693841,scr2012,dem,electricity
AL,h2011,9.498244242811381,scr2012,dem,electricity
AL,h2012,9.206958101769809,scr2012,dem,electricity
AL,h2013,8.936137990843918,scr2012,dem,electricity
AL,h2014,8.867118540490711,scr2012,dem,electricity
AL,h2015,8.873469364084354,scr2012,dem,electricity
AL,h2016,8.87126244694576,scr2012,dem,electricity
AL,h2017,8.854332093015108,scr2012,dem,electricity
AL,h2018,8.854394132646954,scr2012,dem,electricity
AL,h2019,8.790542299175653,scr2012,dem,electricity
AL,h2020,8.706815907385776,scr2012,dem,electricity
AL,h2021,8.683387603432491,scr2012,dem,electricity
AL,h2022,8.8082657489465,scr2012,dem,electricity
AL,h2023,9.031297883811527,scr2012,dem,electricity
AL,h2024,9.230899072357639,scr2012,dem,electricity
AL,h2025,9.261343704590567,scr2012,dem,electricity
AL,h2026,9.104572639217913,scr2012,dem,electricity
AL,h2027,8.824237420223557,scr2012,dem,electricity
AL,h2028,8.50407251560248,scr2012,dem,electricity
AL,h2029,8.185831749909132,scr2012,dem,electricity
AL,h2030,7.895512203957579,scr2012,dem,electricity
AL,h2031,7.6971694758518545,scr2012,dem,electricity
AL,h2032,7.722424231030535,scr2012,dem,electricity
AL,h2033,8.046088277875098,scr2012,dem,electricity
AL,h2034,8.427932860850511,scr2012,dem,electricity
AL,h2035,8.567263343604973,scr2012,dem,electricity
AL,h2036,8.425367661013047,scr2012,dem,electricity
AL,h2037,8.301152274434362,scr2012,dem,electricity
AL,h2038,8.353309734741847,scr2012,dem,electricity
AL,h2039,8.463981903558308,scr2012,dem,electricity
AL,h2040,8.566313581334045,scr2012,dem,electricity
AL,h2041,8.654105039802488,scr2012,dem,electricity
AL,h2042,8.759772432427617,scr2012,dem,electricity
AL,h2043,8.803346465877773,scr2012,dem,electricity
AL,h2044,8.82587660614233,scr2012,dem,electricity
AL,h2045,8.907227629879616,scr2012,dem,electricity
AL,h2046,9.134196382216363,scr2012,dem,electricity
AL,h2047,9.457130708372267,scr2012,dem,electricity
AL,h2048,9.74638496402354,scr2012,dem,electricity
AL,h2049,9.846497832192805,scr2012,dem,electricity
AL,h2050,9.730786802735386,scr2012,dem,electricity
AL,h2051,9.465881816115798,scr2012,dem,electricity
AL,h2052,9.140607022664994,scr2012,dem,electricity
AL,h2053,8.800919711388703,scr2012,dem,electricity
AL,h2054,8.47703049179638,scr2012,dem,electricity
AL,h2055,8.238201392472114,scr2012,dem,electricity
AL,h2056,8.226336792629619,scr2012,dem,electricity
AL,h2057,8.518614141601235,scr2012,dem,electricity
AL,h2058,8.858354776584457,scr2012,dem,electricity
AL,h2059,8.926862406622043,scr2012,dem,electricity
AL,h2060,8.69228842973642,scr2012,dem,electricity
AL,h2061,8.467967898075363,scr2012,dem,electricity
AL,h2062,8.424332860608867,scr2012,dem,electricity
AL,h2063,8.435399456188469,scr2012,dem,electricity
AL,h2064,8.433149670181326,scr2012,dem,electricity
AL,h2065,8.410542462857514,scr2012,dem,electricity
AL,h2066,8.403386600699495,scr2012,dem,electricity
AL,h2067,8.335712249304672,scr2012,dem,electricity
AL,h2068,8.252255592454421,scr2012,dem,electricity
AL,h2069,8.22709833249069,scr2012,dem,electricity
AL,h2070,8.340123618999485,scr2012,dem,electricity
AL,h2071,8.5455905533918,scr2012,dem,electricity
AL,h2072,8.728345680230852,scr2012,dem,electricity
AL,h2073,8.750930544561516,scr2012,dem,electricity
AL,h2074,8.593583816654208,scr2012,dem,electricity
AL,h2075,8.317850605457446,scr2012,dem,electricity
AL,h2076,8.005014282862874,scr2012,dem,electricity
AL,h2077,7.69531475534173,scr2012,dem,electricity
AL,h2078,7.413721982116703,scr2012,dem,electricity
AL,h2079,7.217824879535733,scr2012,dem,electricity
AL,h2080,7.2307994254718135,scr2012,dem,electricity
AL,h2081,7.5223783429351005,scr2012,dem,electricity
AL,h2082,7.869211664484074,scr2012,dem,electricity
AL,h2083,7.988494864819262,scr2012,dem,electricity
AL,h2084,7.850628467493736,scr2012,dem,electricity
AL,h2085,7.730712535536605,scr2012,dem,electricity
AL,h2086,7.777629677662673,scr2012,dem,electricity
AL,h2087,7.876291658949442,scr2012,dem,electricity
AL,h2088,7.966705304525359,scr2012,dem,electricity
AL,h2089,8.04329663565176,scr2012,dem,electricity
AL,h2090,8.13884097040446,scr2012,dem,electricity
AL,h2091,8.181432231640843,scr2012,dem,electricity
AL,h2092,8.211476133575454,scr2012,dem,electricity
AL,h2093,8.30003290723149,scr2012,dem,electricity
AL,h2094,8.528338149936163,scr2012,dem,electricity
AL,h2095,8.850171715940888,scr2012,dem,electricity
AL,h2096,9.145274469587903,scr2012,dem,electricity
AL,h2097,9.266433471894164,scr2012,dem,electricity
AL,h2098,9.186878050583651,scr2012,dem,electricity
AL,h2099,8.967900520009598,scr2012,dem,electricity
AL,h2100,8.692931325149761,scr2012,dem,electricity
AL,h2101,8.404644812878193,scr2012,dem,electricity
AL,h2102,8.131292296858746,scr2012,dem,electricity
AL,h2103,7.939081228645103,scr2012,dem,electricity
AL,h2104,7.965842662156031,scr2012,dem,electricity
AL,h2105,8.289853535235427,scr2012,dem,electricity
AL,h2106,8.662726473983613,scr2012,dem,electricity
AL,h2107,8.77428371784177,scr2012,dem,electricity
AL,h2108,8.588240238196287,scr2012,dem,electricity
AL,h2109,8.412593885782202,scr2012,dem,electricity
AL,h2110,8.412266977889672,scr2012,dem,electricity
AL,h2111,8.46516481935454,scr2012,dem,electricity
AL,h2112,8.502284331869644,scr2012,dem,electricity
AL,h2113,8.515811429726853,scr2012,dem,electricity
AL,h2114,8.541447502150945,scr2012,dem,electricity
AL,h2115,8.499515656310518,scr2012,dem,electricity
AL,h2116,8.435833752744147,scr2012,dem,electricity
AL,h2117,8.424145899057203,scr2012,dem,electricity
AL,h2118,8.547802606628975,scr2012,dem,electricity
AL,h2119,8.756334049839102,scr2012,dem,electricity
AL,h2120,8.931953966964866,scr2012,dem,electricity
AL,h2121,8.933913065215963,scr2012,dem,electricity
AL,h2122,8.743784064407349,scr2012,dem,electricity
AL,h2123,8.424833032740258,scr2012,dem,electricity
AL,h2124,8.059824234444186,scr2012,dem,electricity
AL,h2125,7.689831602173185,scr2012,dem,electricity
AL,h2126,7.340407660555535,scr2012,dem,electricity
AL,h2127,7.069000181224528,scr2012,dem,electricity
AL,h2128,6.993952627506769,scr2012,dem,electricity
AL,h2129,7.1740138579277275,scr2012,dem,electricity
AL,h2130,7.393060655654741,scr2012,dem,electricity
AL,h2131,7.3910822945698085,scr2012,dem,electricity
AL,h2132,7.143288411243772,scr2012,dem,electricity
AL,h2133,6.9105748700014535,scr2012,dem,electricity
AL,h2134,6.8229111934571725,scr2012,dem,electricity
AL,h2135,6.7801473431504276,scr2012,dem,electricity
AL,h2136,6.726094052102606,scr2012,dem,electricity
AL,h2137,6.660442383596139,scr2012,dem,electricity
AL,h2138,6.609938100104722,scr2012,dem,electricity
AL,h2139,6.512041782429775,scr2012,dem,electricity
AL,h2140,6.403010563173181,scr2012,dem,electricity
AL,h2141,6.3389739545206245,scr2012,dem,electricity
AL,h2142,6.376721137692278,scr2012,dem,electricity
AL,h2143,6.474758147141567,scr2012,dem,electricity
AL,h2144,6.552123748584601,scr2012,dem,electricity
AL,h2145,6.516895273870154,scr2012,dem,electricity
AL,h2146,6.360906471169641,scr2012,dem,electricity
AL,h2147,6.1222775750497656,scr2012,dem,electricity
AL,h2148,5.851277701452145,scr2012,dem,electricity
AL,h2149,5.576919334066079,scr2012,dem,electricity
AL,h2150,5.316805357114707,scr2012,dem,electricity
AL,h2151,5.111914453913697,scr2012,dem,electricity
AL,h2152,5.047705698960628,scr2012,dem,electricity
AL,h2153,5.167269733797175,scr2012,dem,electricity
AL,h2154,5.3194670665442905,scr2012,dem,electricity
AL,h2155,5.322768371300313,scr2012,dem,electricity
AL,h2156,5.163512639924828,scr2012,dem,electricity
AL,h2157,5.023671946474491,scr2012,dem,electricity
AL,h2158,4.9802077951235955,scr2012,dem,electricity
AL,h2159,4.9602331454893385,scr2012,dem,electricity
AL,h2160,4.91482135963753,scr2012,dem,electricity
AT,h1441,24.6298989680101,scr2012,dem,electricity
AT,h1442,24.513475181467218,scr2012,dem,electricity
AT,h1443,24.368604174639103,scr2012,dem,electricity
AT,h1444,24.221461159195655,scr2012,dem,electricity
AT,h1445,24.350965428897233,scr2012,dem,electricity
AT,h1446,25.14028767103022,scr2012,dem,electricity
AT,h1447,26.48437004333085,scr2012,dem,electricity
AT,h1448,27.885284324349346,scr2012,dem,electricity
AT,h1449,28.665046780890115,scr2012,dem,electricity
AT,h1450,28.689070899386593,scr2012,dem,electricity
AT,h1451,28.241921360968636,scr2012,dem,electricity
AT,h1452,27.576864012342362,scr2012,dem,electricity
AT,h1453,26.7507364221866,scr2012,dem,electricity
AT,h1454,25.9078999713574,scr2012,dem,electricity
AT,h1455,25.265930935066468,scr2012,dem,electricity
AT,h1456,25.238881616992977,scr2012,dem,electricity
AT,h1457,25.96442431350762,scr2012,dem,electricity
AT,h1458,27.01050503411119,scr2012,dem,electricity
AT,h1459,27.536807727392365,scr2012,dem,electricity
AT,h1460,27.118101378332057,scr2012,dem,electricity
AT,h1461,26.307766924698235,scr2012,dem,electricity
AT,h1462,25.699373866706573,scr2012,dem,electricity
AT,h1463,25.439455546833624,scr2012,dem,electricity
AT,h1464,25.27811641709667,scr2012,dem,electricity
AT,h1465,25.19046493660567,scr2012,dem,electricity
AT,h1466,25.10463682039364,scr2012,dem,electricity
AT,h1467,24.968891275342305,scr2012,dem,electricity
AT,h1468,24.80569335358489,scr2012,dem,electricity
AT,h1469,24.880512825403844,scr2012,dem,electricity
AT,h1470,25.438398937567147,scr2012,dem,electricity
AT,h1471,26.35881758585893,scr2012,dem,electricity
AT,h1472,27.346819209410985,scr2012,dem,electricity
AT,h1473,27.968212695651065,scr2012,dem,electricity
AT,h1474,28.10748747955246,scr2012,dem,electricity
AT,h1475,27.823085294369996,scr2012,dem,electricity
AT,h1476,27.27369736299466,scr2012,dem,electricity
AT,h1477,26.494510531468567,scr2012,dem,electricity
AT,h1478,25.66381367726243,scr2012,dem,electricity
AT,h1479,25.014730886247936,scr2012,dem,electricity
AT,h1480,25.039741381172597,scr2012,dem,electricity
AT,h1481,25.884232042695448,scr2012,dem,electricity
AT,h1482,27.048816664719023,scr2012,dem,electricity
AT,h1483,27.63510133294099,scr2012,dem,electricity
AT,h1484,27.28103896240463,scr2012,dem,electricity
AT,h1485,26.598863165359194,scr2012,dem,electricity
AT,h1486,26.195701754038833,scr2012,dem,electricity
AT,h1487,26.126646970463597,scr2012,dem,electricity
AT,h1488,26.111607521572694,scr2012,dem,electricity
AT,h1489,26.12811960646138,scr2012,dem,electricity
AT,h1490,26.112714598047944,scr2012,dem,electricity
AT,h1491,26.044563480107453,scr2012,dem,electricity
AT,h1492,25.926830776784644,scr2012,dem,electricity
AT,h1493,26.025207540565038,scr2012,dem,electricity
AT,h1494,26.551808321473032,scr2012,dem,electricity
AT,h1495,27.37324202165932,scr2012,dem,electricity
AT,h1496,28.242508060099492,scr2012,dem,electricity
AT,h1497,28.74716990535969,scr2012,dem,electricity
AT,h1498,28.8408772643833,scr2012,dem,electricity
AT,h1499,28.575145236442893,scr2012,dem,electricity
AT,h1500,28.053443500322974,scr2012,dem,electricity
AT,h1501,27.265618080064943,scr2012,dem,electricity
AT,h1502,26.361405507655764,scr2012,dem,electricity
AT,h1503,25.625307212100715,scr2012,dem,electricity
AT,h1504,25.600115673523216,scr2012,dem,electricity
AT,h1505,26.478843807173128,scr2012,dem,electricity
AT,h1506,27.750870994521183,scr2012,dem,electricity
AT,h1507,28.496405524915613,scr2012,dem,electricity
AT,h1508,28.273820340185065,scr2012,dem,electricity
AT,h1509,27.687888090942202,scr2012,dem,electricity
AT,h1510,27.338320527530662,scr2012,dem,electricity
AT,h1511,27.281292592296275,scr2012,dem,electricity
AT,h1512,27.299980673298975,scr2012,dem,electricity
AT,h1513,27.342053703499722,scr2012,dem,electricity
AT,h1514,27.37277735447147,scr2012,dem,electricity
AT,h1515,27.313336548001246,scr2012,dem,electricity
AT,h1516,27.211073294061677,scr2012,dem,electricity
AT,h1517,27.42881469499226,scr2012,dem,electricity
AT,h1518,28.391162401282326,scr2012,dem,electricity
AT,h1519,29.95793166289992,scr2012,dem,electricity
AT,h1520,31.522159871352383,scr2012,dem,electricity
AT,h1521,32.324151502391466,scr2012,dem,electricity
AT,h1522,32.257845197801394,scr2012,dem,electricity
AT,h1523,31.68741892180794,scr2012,dem,electricity
AT,h1524,30.92543720613838,scr2012,dem,electricity
AT,h1525,30.0466793794302,scr2012,dem,electricity
AT,h1526,29.171999248579258,scr2012,dem,electricity
AT,h1527,28.518597761755267,scr2012,dem,electricity
AT,h1528,28.536997518636607,scr2012,dem,electricity
AT,h1529,29.34811890307358,scr2012,dem,electricity
AT,h1530,30.468180779663584,scr2012,dem,electricity
AT,h1531,30.988741510338215,scr2012,dem,electricity
AT,h1532,30.480360667759175,scr2012,dem,electricity
AT,h1533,29.590407428630552,scr2012,dem,electricity
AT,h1534,28.903075184419524,scr2012,dem,electricity
AT,h1535,28.56451420919586,scr2012,dem,electricity
AT,h1536,28.328082109516046,scr2012,dem,electricity
AT,h1537,28.206855580781728,scr2012,dem,electricity
AT,h1538,28.145369880890343,scr2012,dem,electricity
AT,h1539,28.026183622184725,scr2012,dem,electricity
AT,h1540,27.875758317806834,scr2012,dem,electricity
AT,h1541,28.0339889097362,scr2012,dem,electricity
AT,h1542,28.91928572838136,scr2012,dem,electricity
AT,h1543,30.418604453012048,scr2012,dem,electricity
AT,h1544,31.92135373599903,scr2012,dem,electricity
AT,h1545,32.69003664198488,scr2012,dem,electricity
AT,h1546,32.59405415079509,scr2012,dem,electricity
AT,h1547,32.00828788490442,scr2012,dem,electricity
AT,h1548,31.224439477978734,scr2012,dem,electricity
AT,h1549,30.323879564827866,scr2012,dem,electricity
AT,h1550,29.431983787873357,scr2012,dem,electricity
AT,h1551,28.775524113490587,scr2012,dem,electricity
AT,h1552,28.802416969396006,scr2012,dem,electricity
AT,h1553,29.640155391165575,scr2012,dem,electricity
AT,h1554,30.786679671796215,scr2012,dem,electricity
AT,h1555,31.335570533926933,scr2012,dem,electricity
AT,h1556,30.8281567106268,scr2012,dem,electricity
AT,h1557,29.945907406807635,scr2012,dem,electricity
AT,h1558,29.257963044716863,scr2012,dem,electricity
AT,h1559,28.941884616804813,scr2012,dem,electricity
AT,h1560,28.720172648705624,scr2012,dem,electricity
AT,h1561,28.615287296786743,scr2012,dem,electricity
AT,h1562,28.563156223754333,scr2012,dem,electricity
AT,h1563,28.4457247276073,scr2012,dem,electricity
AT,h1564,28.304463236591843,scr2012,dem,electricity
AT,h1565,28.474326680800697,scr2012,dem,electricity
AT,h1566,29.37251216293428,scr2012,dem,electricity
AT,h1567,30.86767187861072,scr2012,dem,electricity
AT,h1568,32.33532879494129,scr2012,dem,electricity
AT,h1569,33.05719728492642,scr2012,dem,electricity
AT,h1570,32.91816131820168,scr2012,dem,electricity
AT,h1571,32.29912641766042,scr2012,dem,electricity
AT,h1572,31.478660247492428,scr2012,dem,electricity
AT,h1573,30.554181773717705,scr2012,dem,electricity
AT,h1574,29.63293863269004,scr2012,dem,electricity
AT,h1575,28.95695161868938,scr2012,dem,electricity
AT,h1576,28.95194027859003,scr2012,dem,electricity
AT,h1577,29.761001778127433,scr2012,dem,electricity
AT,h1578,30.867824937270072,scr2012,dem,electricity
AT,h1579,31.37775137784048,scr2012,dem,electricity
AT,h1580,30.83238710129617,scr2012,dem,electricity
AT,h1581,29.917472322510292,scr2012,dem,electricity
AT,h1582,29.219187066562665,scr2012,dem,electricity
AT,h1583,28.863110595584605,scr2012,dem,electricity
AT,h1584,28.608008558154886,scr2012,dem,electricity
AT,h1585,28.421118377179827,scr2012,dem,electricity
AT,h1586,28.298683230694113,scr2012,dem,electricity
AT,h1587,28.106047704690763,scr2012,dem,electricity
AT,h1588,27.897919922878536,scr2012,dem,electricity
AT,h1589,27.996444050988437,scr2012,dem,electricity
AT,h1590,28.817683055446864,scr2012,dem,electricity
AT,h1591,30.234322558068765,scr2012,dem,electricity
AT,h1592,31.64338226489901,scr2012,dem,electricity
AT,h1593,32.31836277365581,scr2012,dem,electricity
AT,h1594,32.145080601786105,scr2012,dem,electricity
AT,h1595,31.497542201089015,scr2012,dem,electricity
AT,h1596,30.658367734084823,scr2012,dem,electricity
AT,h1597,29.711095843894952,scr2012,dem,electricity
AT,h1598,28.769875480613454,scr2012,dem,electricity
AT,h1599,28.05685800547148,scr2012,dem,electricity
AT,h1600,27.997926702062156,scr2012,dem,electricity
AT,h1601,28.70809627176715,scr2012,dem,electricity
AT,h1602,29.707646334551406,scr2012,dem,electricity
AT,h1603,30.161914053351797,scr2012,dem,electricity
AT,h1604,29.607761596244913,scr2012,dem,electricity
AT,h1605,28.688280697789114,scr2012,dem,electricity
AT,h1606,27.92441838458724,scr2012,dem,electricity
AT,h1607,27.515144829668003,scr2012,dem,electricity
AT,h1608,27.20174580334442,scr2012,dem,electricity
AT,h1609,27.00328278555643,scr2012,dem,electricity
AT,h1610,26.83516082238679,scr2012,dem,electricity
AT,h1611,26.613621954618147,scr2012,dem,electricity
AT,h1612,26.372982670575198,scr2012,dem,electricity
AT,h1613,26.433953074151944,scr2012,dem,electricity
AT,h1614,27.19197025856787,scr2012,dem,electricity
AT,h1615,28.497662351938548,scr2012,dem,electricity
AT,h1616,29.835454972772638,scr2012,dem,electricity
AT,h1617,30.48988750118995,scr2012,dem,electricity
AT,h1618,30.375162359954036,scr2012,dem,electricity
AT,h1619,29.777799069947594,scr2012,dem,electricity
AT,h1620,28.97698307849168,scr2012,dem,electricity
AT,h1621,28.029942440849368,scr2012,dem,electricity
AT,h1622,27.063735287838412,scr2012,dem,electricity
AT,h1623,26.310175802456975,scr2012,dem,electricity
AT,h1624,26.191150576316485,scr2012,dem,electricity
AT,h1625,26.852083206666755,scr2012,dem,electricity
AT,h1626,27.809953583362066,scr2012,dem,electricity
AT,h1627,28.275081788027574,scr2012,dem,electricity
AT,h1628,27.78063482458122,scr2012,dem,electricity
AT,h1629,26.923149517633178,scr2012,dem,electricity
AT,h1630,26.23397577242821,scr2012,dem,electricity
AT,h1631,25.888401882701086,scr2012,dem,electricity
AT,h1632,25.643914796170186,scr2012,dem,electricity
AT,h1633,25.465925945455727,scr2012,dem,electricity
AT,h1634,25.29751476072586,scr2012,dem,electricity
AT,h1635,25.07106158608512,scr2012,dem,electricity
AT,h1636,24.821964773900362,scr2012,dem,electricity
AT,h1637,24.815079252490797,scr2012,dem,electricity
AT,h1638,25.292093103647645,scr2012,dem,electricity
AT,h1639,26.122528124977066,scr2012,dem,electricity
AT,h1640,27.017702178708834,scr2012,dem,electricity
AT,h1641,27.547133428285623,scr2012,dem,electricity
AT,h1642,27.59550164690904,scr2012,dem,electricity
AT,h1643,27.217791834132615,scr2012,dem,electricity
AT,h1644,26.58088987753614,scr2012,dem,electricity
AT,h1645,25.731472589294274,scr2012,dem,electricity
AT,h1646,24.83887983432279,scr2012,dem,electricity
AT,h1647,24.12028027917091,scr2012,dem,electricity
AT,h1648,24.04772297739548,scr2012,dem,electricity
AT,h1649,24.742619890895668,scr2012,dem,electricity
AT,h1650,25.715117698480437,scr2012,dem,electricity
AT,h1651,26.1768850755518,scr2012,dem,electricity
AT,h1652,25.758636002922987,scr2012,dem,electricity
AT,h1653,25.041679433293396,scr2012,dem,electricity
AT,h1654,24.53619880642677,scr2012,dem,electricity
AT,h1655,24.33599901515711,scr2012,dem,electricity
AT,h1656,24.17928633613661,scr2012,dem,electricity
AT,h1657,24.051161116269814,scr2012,dem,electricity
AT,h1658,23.882697171551836,scr2012,dem,electricity
AT,h1659,23.684937666167183,scr2012,dem,electricity
AT,h1660,23.451780460632076,scr2012,dem,electricity
AT,h1661,23.420822897915986,scr2012,dem,electricity
AT,h1662,23.76357706413531,scr2012,dem,electricity
AT,h1663,24.360698418857613,scr2012,dem,electricity
AT,h1664,25.02097469426302,scr2012,dem,electricity
AT,h1665,25.379389743048577,scr2012,dem,electricity
AT,h1666,25.39580828870186,scr2012,dem,electricity
AT,h1667,25.09556094165454,scr2012,dem,electricity
AT,h1668,24.567970694312585,scr2012,dem,electricity
AT,h1669,23.793959341487767,scr2012,dem,electricity
AT,h1670,22.902400592078003,scr2012,dem,electricity
AT,h1671,22.135756995699317,scr2012,dem,electricity
AT,h1672,21.965563146113332,scr2012,dem,electricity
AT,h1673,22.54209972656218,scr2012,dem,electricity
AT,h1674,23.450847805525353,scr2012,dem,electricity
AT,h1675,24.00968429365332,scr2012,dem,electricity
AT,h1676,23.78475979763315,scr2012,dem,electricity
AT,h1677,23.231653452684235,scr2012,dem,electricity
AT,h1678,22.769658547122667,scr2012,dem,electricity
AT,h1679,22.5324022088261,scr2012,dem,electricity
AT,h1680,22.349723595547857,scr2012,dem,electricity
AT,h1681,22.191207529821654,scr2012,dem,electricity
AT,h1682,22.017293497911854,scr2012,dem,electricity
AT,h1683,21.798651612538986,scr2012,dem,electricity
AT,h1684,21.560073754764556,scr2012,dem,electricity
AT,h1685,21.603803702025715,scr2012,dem,electricity
AT,h1686,22.293642276340268,scr2012,dem,electricity
AT,h1687,23.51157700846381,scr2012,dem,electricity
AT,h1688,24.750064575540403,scr2012,dem,electricity
AT,h1689,25.3605893977858,scr2012,dem,electricity
AT,h1690,25.256464828250415,scr2012,dem,electricity
AT,h1691,24.75108173852483,scr2012,dem,electricity
AT,h1692,24.102843764297997,scr2012,dem,electricity
AT,h1693,23.35936138904639,scr2012,dem,electricity
AT,h1694,22.620153789743206,scr2012,dem,electricity
AT,h1695,22.01507225058435,scr2012,dem,electricity
AT,h1696,21.884889164651664,scr2012,dem,electricity
AT,h1697,22.256765793587686,scr2012,dem,electricity
AT,h1698,22.842785858199086,scr2012,dem,electricity
AT,h1699,23.11218825315739,scr2012,dem,electricity
AT,h1700,22.67357683708736,scr2012,dem,electricity
AT,h1701,21.904156425644,scr2012,dem,electricity
AT,h1702,21.115040627550975,scr2012,dem,electricity
AT,h1703,20.56024535239953,scr2012,dem,electricity
AT,h1704,20.085125366828432,scr2012,dem,electricity
AT,h1705,19.72411244774891,scr2012,dem,electricity
AT,h1706,19.423907567367994,scr2012,dem,electricity
AT,h1707,19.150177758889416,scr2012,dem,electricity
AT,h1708,18.89539037507349,scr2012,dem,electricity
AT,h1709,18.90107152493585,scr2012,dem,electricity
AT,h1710,19.465858811272213,scr2012,dem,electricity
AT,h1711,20.531032487948416,scr2012,dem,electricity
AT,h1712,21.64130058779486,scr2012,dem,electricity
AT,h1713,22.234854123010855,scr2012,dem,electricity
AT,h1714,22.210969045492902,scr2012,dem,electricity
AT,h1715,21.845821613297293,scr2012,dem,electricity
AT,h1716,21.35335839082116,scr2012,dem,electricity
AT,h1717,20.76749899906201,scr2012,dem,electricity
AT,h1718,20.161867466853355,scr2012,dem,electricity
AT,h1719,19.673831225875713,scr2012,dem,electricity
AT,h1720,19.591755754439735,scr2012,dem,electricity
AT,h1721,19.959387377099155,scr2012,dem,electricity
AT,h1722,20.54596543696914,scr2012,dem,electricity
AT,h1723,20.894698015032336,scr2012,dem,electricity
AT,h1724,20.61001263034606,scr2012,dem,electricity
AT,h1725,20.012785300838665,scr2012,dem,electricity
AT,h1726,19.365281433232017,scr2012,dem,electricity
AT,h1727,18.945603598906132,scr2012,dem,electricity
AT,h1728,18.589987862892272,scr2012,dem,electricity
AT,h1729,18.35080404354675,scr2012,dem,electricity
AT,h1730,18.176665417126475,scr2012,dem,electricity
AT,h1731,18.04209018085163,scr2012,dem,electricity
AT,h1732,17.938475470196334,scr2012,dem,electricity
AT,h1733,18.09563815580231,scr2012,dem,electricity
AT,h1734,18.80209282475599,scr2012,dem,electricity
AT,h1735,19.995136948014977,scr2012,dem,electricity
AT,h1736,21.22545093687014,scr2012,dem,electricity
AT,h1737,21.96002319595469,scr2012,dem,electricity
AT,h1738,22.09498567765453,scr2012,dem,electricity
AT,h1739,21.898393823597118,scr2012,dem,electricity
AT,h1740,21.560832531695105,scr2012,dem,electricity
AT,h1741,21.129743332004324,scr2012,dem,electricity
AT,h1742,20.662005045407945,scr2012,dem,electricity
AT,h1743,20.32037681004727,scr2012,dem,electricity
AT,h1744,20.39149465836585,scr2012,dem,electricity
AT,h1745,20.956492661833725,scr2012,dem,electricity
AT,h1746,21.75212370917035,scr2012,dem,electricity
AT,h1747,22.27046192195136,scr2012,dem,electricity
AT,h1748,22.11121223528499,scr2012,dem,electricity
AT,h1749,21.636885951470603,scr2012,dem,electricity
AT,h1750,21.18002504598213,scr2012,dem,electricity
AT,h1751,20.938887857550405,scr2012,dem,electricity
AT,h1752,20.78116055520797,scr2012,dem,electricity
AT,h1753,20.694928169507286,scr2012,dem,electricity
AT,h1754,20.690466072690477,scr2012,dem,electricity
AT,h1755,20.695614567759637,scr2012,dem,electricity
AT,h1756,20.72507191974305,scr2012,dem,electricity
AT,h1757,21.027728647835474,scr2012,dem,electricity
AT,h1758,21.930789912232484,scr2012,dem,electricity
AT,h1759,23.35623208020956,scr2012,dem,electricity
AT,h1760,24.824816629359393,scr2012,dem,electricity
AT,h1761,25.72255063322903,scr2012,dem,electricity
AT,h1762,25.93116066664225,scr2012,dem,electricity
AT,h1763,25.73399108036003,scr2012,dem,electricity
AT,h1764,25.366075868934484,scr2012,dem,electricity
AT,h1765,24.879062220532628,scr2012,dem,electricity
AT,h1766,24.35845908181969,scr2012,dem,electricity
AT,h1767,23.989477678741284,scr2012,dem,electricity
AT,h1768,24.150197214485516,scr2012,dem,electricity
AT,h1769,24.945526906426256,scr2012,dem,electricity
AT,h1770,25.99036381119277,scr2012,dem,electricity
AT,h1771,26.617218559920047,scr2012,dem,electricity
AT,h1772,26.39318504834249,scr2012,dem,electricity
AT,h1773,25.847941869876568,scr2012,dem,electricity
AT,h1774,25.3926886703541,scr2012,dem,electricity
AT,h1775,25.22244204931292,scr2012,dem,electricity
AT,h1776,25.14477640547445,scr2012,dem,electricity
AT,h1777,25.16992736559599,scr2012,dem,electricity
AT,h1778,25.243236034121484,scr2012,dem,electricity
AT,h1779,25.278582437882907,scr2012,dem,electricity
AT,h1780,25.298467670495477,scr2012,dem,electricity
AT,h1781,25.62736551210644,scr2012,dem,electricity
AT,h1782,26.635513492219484,scr2012,dem,electricity
AT,h1783,28.186197609132222,scr2012,dem,electricity
AT,h1784,29.765167753266937,scr2012,dem,electricity
AT,h1785,30.665088155736676,scr2012,dem,electricity
AT,h1786,30.79394481851813,scr2012,dem,electricity
AT,h1787,30.43325326330482,scr2012,dem,electricity
AT,h1788,29.860634798816854,scr2012,dem,electricity
AT,h1789,29.12031982021545,scr2012,dem,electricity
AT,h1790,28.330078100837433,scr2012,dem,electricity
AT,h1791,27.74487990350781,scr2012,dem,electricity
AT,h1792,27.830752737512963,scr2012,dem,electricity
AT,h1793,28.76453020321453,scr2012,dem,electricity
AT,h1794,29.996152421045547,scr2012,dem,electricity
AT,h1795,30.689505208300577,scr2012,dem,electricity
AT,h1796,30.336833282933856,scr2012,dem,electricity
AT,h1797,29.634464772402257,scr2012,dem,electricity
AT,h1798,29.128265255573393,scr2012,dem,electricity
AT,h1799,28.987904339015767,scr2012,dem,electricity
AT,h1800,28.961432473307063,scr2012,dem,electricity
AT,h1801,28.99503956565692,scr2012,dem,electricity
AT,h1802,29.04809219224598,scr2012,dem,electricity
AT,h1803,29.003230204129036,scr2012,dem,electricity
AT,h1804,28.92031412438028,scr2012,dem,electricity
AT,h1805,29.096371773646208,scr2012,dem,electricity
AT,h1806,29.82406180427648,scr2012,dem,electricity
AT,h1807,30.94630528352917,scr2012,dem,electricity
AT,h1808,32.11617698201405,scr2012,dem,electricity
AT,h1809,32.820792623764284,scr2012,dem,electricity
AT,h1810,32.9223505375464,scr2012,dem,electricity
AT,h1811,32.50773969233135,scr2012,dem,electricity
AT,h1812,31.788755488430727,scr2012,dem,electricity
AT,h1813,30.847654748269964,scr2012,dem,electricity
AT,h1814,29.864546246435236,scr2012,dem,electricity
AT,h1815,29.108375417043735,scr2012,dem,electricity
AT,h1816,29.146261979014568,scr2012,dem,electricity
AT,h1817,30.153068730674104,scr2012,dem,electricity
AT,h1818,31.45359789253062,scr2012,dem,electricity
AT,h1819,32.06974435940054,scr2012,dem,electricity
AT,h1820,31.584265409662297,scr2012,dem,electricity
AT,h1821,30.81889105436036,scr2012,dem,electricity
AT,h1822,30.388852786917916,scr2012,dem,electricity
AT,h1823,30.32374698087208,scr2012,dem,electricity
AT,h1824,30.323059303524953,scr2012,dem,electricity
AT,h1825,30.34639092107839,scr2012,dem,electricity
AT,h1826,30.340851593949377,scr2012,dem,electricity
AT,h1827,30.250074321307906,scr2012,dem,electricity
AT,h1828,30.103074059955052,scr2012,dem,electricity
AT,h1829,30.2020542054049,scr2012,dem,electricity
AT,h1830,30.77622019457694,scr2012,dem,electricity
AT,h1831,31.655841594152307,scr2012,dem,electricity
AT,h1832,32.572260505570064,scr2012,dem,electricity
AT,h1833,33.0461324749876,scr2012,dem,electricity
AT,h1834,33.03027432174242,scr2012,dem,electricity
AT,h1835,32.59151964655689,scr2012,dem,electricity
AT,h1836,31.8905206152646,scr2012,dem,electricity
AT,h1837,30.939913458145078,scr2012,dem,electricity
AT,h1838,29.893306141195445,scr2012,dem,electricity
AT,h1839,29.052838529182498,scr2012,dem,electricity
AT,h1840,29.027642475921397,scr2012,dem,electricity
AT,h1841,30.03852903392235,scr2012,dem,electricity
AT,h1842,31.41682667912702,scr2012,dem,electricity
AT,h1843,32.20141121528435,scr2012,dem,electricity
AT,h1844,31.900889713060543,scr2012,dem,electricity
AT,h1845,31.301879985018466,scr2012,dem,electricity
AT,h1846,30.97822217501413,scr2012,dem,electricity
AT,h1847,30.963833299805025,scr2012,dem,electricity
AT,h1848,31.02708104767951,scr2012,dem,electricity
AT,h1849,31.10853450287088,scr2012,dem,electricity
AT,h1850,31.20161188021126,scr2012,dem,electricity
AT,h1851,31.15468942179392,scr2012,dem,electricity
AT,h1852,31.041063641807384,scr2012,dem,electricity
AT,h1853,31.252171004792867,scr2012,dem,electricity
AT,h1854,32.251397292099085,scr2012,dem,electricity
AT,h1855,33.86100558808898,scr2012,dem,electricity
AT,h1856,35.45698010401236,scr2012,dem,electricity
AT,h1857,36.23074887340897,scr2012,dem,electricity
AT,h1858,36.06909960331353,scr2012,dem,electricity
AT,h1859,35.34001997957417,scr2012,dem,electricity
AT,h1860,34.40742496537676,scr2012,dem,electricity
AT,h1861,33.350284332850826,scr2012,dem,electricity
AT,h1862,32.31766105193825,scr2012,dem,electricity
AT,h1863,31.514420348906178,scr2012,dem,electricity
AT,h1864,31.468643387047873,scr2012,dem,electricity
AT,h1865,32.304859070748336,scr2012,dem,electricity
AT,h1866,33.37787587708375,scr2012,dem,electricity
AT,h1867,33.79316695767559,scr2012,dem,electricity
AT,h1868,33.09315156805496,scr2012,dem,electricity
AT,h1869,32.0949505426764,scr2012,dem,electricity
AT,h1870,31.328999142209202,scr2012,dem,electricity
AT,h1871,30.886529180259096,scr2012,dem,electricity
AT,h1872,30.550114536273576,scr2012,dem,electricity
AT,h1873,30.3104897391838,scr2012,dem,electricity
AT,h1874,30.153909878276217,scr2012,dem,electricity
AT,h1875,29.914927008928853,scr2012,dem,electricity
AT,h1876,29.64442336359828,scr2012,dem,electricity
AT,h1877,29.687665737313463,scr2012,dem,electricity
AT,h1878,30.444125901247,scr2012,dem,electricity
AT,h1879,31.788992214523223,scr2012,dem,electricity
AT,h1880,33.13933547001817,scr2012,dem,electricity
AT,h1881,33.76161812233145,scr2012,dem,electricity
AT,h1882,33.530478366994764,scr2012,dem,electricity
AT,h1883,32.792037230584945,scr2012,dem,electricity
AT,h1884,31.870095022299235,scr2012,dem,electricity
AT,h1885,30.848598159634324,scr2012,dem,electricity
AT,h1886,29.847922793970234,scr2012,dem,electricity
AT,h1887,29.08351778114703,scr2012,dem,electricity
AT,h1888,29.02454197970221,scr2012,dem,electricity
AT,h1889,29.786843546043148,scr2012,dem,electricity
AT,h1890,30.800284762986134,scr2012,dem,electricity
AT,h1891,31.24439077622253,scr2012,dem,electricity
AT,h1892,30.67998849032352,scr2012,dem,electricity
AT,h1893,29.828811765288805,scr2012,dem,electricity
AT,h1894,29.161937252329654,scr2012,dem,electricity
AT,h1895,28.805200485964217,scr2012,dem,electricity
AT,h1896,28.54042512274183,scr2012,dem,electricity
AT,h1897,28.3836103405562,scr2012,dem,electricity
AT,h1898,28.313177569191556,scr2012,dem,electricity
AT,h1899,28.18176129427501,scr2012,dem,electricity
AT,h1900,28.029998819344378,scr2012,dem,electricity
AT,h1901,28.18606060672657,scr2012,dem,electricity
AT,h1902,29.035027517041073,scr2012,dem,electricity
AT,h1903,30.45345214321466,scr2012,dem,electricity
AT,h1904,31.870971059980548,scr2012,dem,electricity
AT,h1905,32.595031316301096,scr2012,dem,electricity
AT,h1906,32.49868082973871,scr2012,dem,electricity
AT,h1907,31.91957935595595,scr2012,dem,electricity
AT,h1908,31.1505481302305,scr2012,dem,electricity
AT,h1909,30.274827736370998,scr2012,dem,electricity
AT,h1910,29.39719126333361,scr2012,dem,electricity
AT,h1911,28.741140308382523,scr2012,dem,electricity
AT,h1912,28.762107084316497,scr2012,dem,electricity
AT,h1913,29.59531203594386,scr2012,dem,electricity
AT,h1914,30.675281858126244,scr2012,dem,electricity
AT,h1915,31.172543150665515,scr2012,dem,electricity
AT,h1916,30.669333266758123,scr2012,dem,electricity
AT,h1917,29.875964307601368,scr2012,dem,electricity
AT,h1918,29.305906312320808,scr2012,dem,electricity
AT,h1919,29.014389262613378,scr2012,dem,electricity
AT,h1920,28.82288861122326,scr2012,dem,electricity
AT,h1921,28.695890708286854,scr2012,dem,electricity
AT,h1922,28.663816376406757,scr2012,dem,electricity
AT,h1923,28.562526573057223,scr2012,dem,electricity
AT,h1924,28.446399964555393,scr2012,dem,electricity
AT,h1925,28.635485880144206,scr2012,dem,electricity
AT,h1926,29.53087253141372,scr2012,dem,electricity
AT,h1927,31.011243552130082,scr2012,dem,electricity
AT,h1928,32.51691321815776,scr2012,dem,electricity
AT,h1929,33.31489446567519,scr2012,dem,electricity
AT,h1930,33.26263532664508,scr2012,dem,electricity
AT,h1931,32.69515174334971,scr2012,dem,electricity
AT,h1932,31.925257697530366,scr2012,dem,electricity
AT,h1933,31.032609479253342,scr2012,dem,electricity
AT,h1934,30.143329321015113,scr2012,dem,electricity
AT,h1935,29.48082901608533,scr2012,dem,electricity
AT,h1936,29.530296492251694,scr2012,dem,electricity
AT,h1937,30.41655461308605,scr2012,dem,electricity
AT,h1938,31.551695488994135,scr2012,dem,electricity
AT,h1939,32.09566572686867,scr2012,dem,electricity
AT,h1940,31.603224279810654,scr2012,dem,electricity
AT,h1941,30.814820906800477,scr2012,dem,electricity
AT,h1942,30.223564457084425,scr2012,dem,electricity
AT,h1943,29.944342508409637,scr2012,dem,electricity
AT,h1944,29.762180371705714,scr2012,dem,electricity
AT,h1945,29.680017727634947,scr2012,dem,electricity
AT,h1946,29.661104767610375,scr2012,dem,electricity
AT,h1947,29.559973091750987,scr2012,dem,electricity
AT,h1948,29.423816878281237,scr2012,dem,electricity
AT,h1949,29.606333514728295,scr2012,dem,electricity
AT,h1950,30.498929684338503,scr2012,dem,electricity
AT,h1951,31.971337215537325,scr2012,dem,electricity
AT,h1952,33.440850215772926,scr2012,dem,electricity
AT,h1953,34.187421424165215,scr2012,dem,electricity
AT,h1954,34.08197273583168,scr2012,dem,electricity
AT,h1955,33.45113385831835,scr2012,dem,electricity
AT,h1956,32.607242971607945,scr2012,dem,electricity
AT,h1957,31.589644696889337,scr2012,dem,electricity
AT,h1958,30.541995457788502,scr2012,dem,electricity
AT,h1959,29.71617109685801,scr2012,dem,electricity
AT,h1960,29.63698631740678,scr2012,dem,electricity
AT,h1961,30.46157307528031,scr2012,dem,electricity
AT,h1962,31.567234548000283,scr2012,dem,electricity
AT,h1963,32.06436830379298,scr2012,dem,electricity
AT,h1964,31.462475127661637,scr2012,dem,electricity
AT,h1965,30.532007909975906,scr2012,dem,electricity
AT,h1966,29.829709496368793,scr2012,dem,electricity
AT,h1967,29.504532163218467,scr2012,dem,electricity
AT,h1968,29.28127932290333,scr2012,dem,electricity
AT,h1969,29.113545683781776,scr2012,dem,electricity
AT,h1970,28.961828924670442,scr2012,dem,electricity
AT,h1971,28.714038889399678,scr2012,dem,electricity
AT,h1972,28.4251134706717,scr2012,dem,electricity
AT,h1973,28.380138506322314,scr2012,dem,electricity
AT,h1974,28.859601502834415,scr2012,dem,electricity
AT,h1975,29.717475318972948,scr2012,dem,electricity
AT,h1976,30.630303613560706,scr2012,dem,electricity
AT,h1977,31.110434789837967,scr2012,dem,electricity
AT,h1978,31.025676039652105,scr2012,dem,electricity
AT,h1979,30.461039497816586,scr2012,dem,electricity
AT,h1980,29.62394123466189,scr2012,dem,electricity
AT,h1981,28.589185659401288,scr2012,dem,electricity
AT,h1982,27.518281973263722,scr2012,dem,electricity
AT,h1983,26.653591134483516,scr2012,dem,electricity
AT,h1984,26.510576276386928,scr2012,dem,electricity
AT,h1985,27.224020321162023,scr2012,dem,electricity
AT,h1986,28.186802172679805,scr2012,dem,electricity
AT,h1987,28.573055284464463,scr2012,dem,electricity
AT,h1988,27.99403594918102,scr2012,dem,electricity
AT,h1989,27.16766608879534,scr2012,dem,electricity
AT,h1990,26.587184966104246,scr2012,dem,electricity
AT,h1991,26.328115638484885,scr2012,dem,electricity
AT,h1992,26.10415868562663,scr2012,dem,electricity
AT,h1993,25.901219977889685,scr2012,dem,electricity
AT,h1994,25.662178198218758,scr2012,dem,electricity
AT,h1995,25.387855133065464,scr2012,dem,electricity
AT,h1996,25.08273079623442,scr2012,dem,electricity
AT,h1997,24.984798141531485,scr2012,dem,electricity
AT,h1998,25.2832881104443,scr2012,dem,electricity
AT,h1999,25.868227269983358,scr2012,dem,electricity
AT,h2000,26.500470520591794,scr2012,dem,electricity
AT,h2001,26.789563159708653,scr2012,dem,electricity
AT,h2002,26.684747234725556,scr2012,dem,electricity
AT,h2003,26.260164544712914,scr2012,dem,electricity
AT,h2004,25.614375336811353,scr2012,dem,electricity
AT,h2005,24.732718017309125,scr2012,dem,electricity
AT,h2006,23.74691764387507,scr2012,dem,electricity
AT,h2007,22.88789638934886,scr2012,dem,electricity
AT,h2008,22.651404281476648,scr2012,dem,electricity
AT,h2009,23.158752258362046,scr2012,dem,electricity
AT,h2010,23.935204749082565,scr2012,dem,electricity
AT,h2011,24.21384357657243,scr2012,dem,electricity
AT,h2012,23.946888525636957,scr2012,dem,electricity
AT,h2013,23.51157184898996,scr2012,dem,electricity
AT,h2014,23.31384873993405,scr2012,dem,electricity
AT,h2015,23.114701591694075,scr2012,dem,electricity
AT,h2016,22.901487327551486,scr2012,dem,electricity
AT,h2017,22.703142302886985,scr2012,dem,electricity
AT,h2018,22.50056775633897,scr2012,dem,electricity
AT,h2019,22.245317587325463,scr2012,dem,electricity
AT,h2020,21.977025756224062,scr2012,dem,electricity
AT,h2021,21.987839399009285,scr2012,dem,electricity
AT,h2022,22.638328216773388,scr2012,dem,electricity
AT,h2023,23.86718937845445,scr2012,dem,electricity
AT,h2024,25.151442386520614,scr2012,dem,electricity
AT,h2025,25.828698461242585,scr2012,dem,electricity
AT,h2026,25.75366801772973,scr2012,dem,electricity
AT,h2027,25.259717912990833,scr2012,dem,electricity
AT,h2028,24.62375199589072,scr2012,dem,electricity
AT,h2029,23.874223784033877,scr2012,dem,electricity
AT,h2030,23.117058196030786,scr2012,dem,electricity
AT,h2031,22.485083460433906,scr2012,dem,electricity
AT,h2032,22.32413202276506,scr2012,dem,electricity
AT,h2033,22.685798436290877,scr2012,dem,electricity
AT,h2034,23.192535511563374,scr2012,dem,electricity
AT,h2035,23.251021617507305,scr2012,dem,electricity
AT,h2036,22.84298176087143,scr2012,dem,electricity
AT,h2037,22.26019503330367,scr2012,dem,electricity
AT,h2038,21.825908775948907,scr2012,dem,electricity
AT,h2039,21.35836570887604,scr2012,dem,electricity
AT,h2040,20.8937988327821,scr2012,dem,electricity
AT,h2041,20.52704879600408,scr2012,dem,electricity
AT,h2042,20.219638637594713,scr2012,dem,electricity
AT,h2043,19.934203978116564,scr2012,dem,electricity
AT,h2044,19.66994230589729,scr2012,dem,electricity
AT,h2045,19.665022266843476,scr2012,dem,electricity
AT,h2046,20.229978383282347,scr2012,dem,electricity
AT,h2047,21.349793670615007,scr2012,dem,electricity
AT,h2048,22.546430920153142,scr2012,dem,electricity
AT,h2049,23.217597795692104,scr2012,dem,electricity
AT,h2050,23.19719400986263,scr2012,dem,electricity
AT,h2051,22.799521089231074,scr2012,dem,electricity
AT,h2052,22.25954062744822,scr2012,dem,electricity
AT,h2053,21.59797178153205,scr2012,dem,electricity
AT,h2054,20.9224465114109,scr2012,dem,electricity
AT,h2055,20.35231645768483,scr2012,dem,electricity
AT,h2056,20.208858439316458,scr2012,dem,electricity
AT,h2057,20.49638813948363,scr2012,dem,electricity
AT,h2058,20.92139282888414,scr2012,dem,electricity
AT,h2059,20.949372633228876,scr2012,dem,electricity
AT,h2060,20.61022912326773,scr2012,dem,electricity
AT,h2061,20.092537105378256,scr2012,dem,electricity
AT,h2062,19.66346075548498,scr2012,dem,electricity
AT,h2063,19.189536465195552,scr2012,dem,electricity
AT,h2064,18.709482502874927,scr2012,dem,electricity
AT,h2065,18.351461431528477,scr2012,dem,electricity
AT,h2066,18.0449402383454,scr2012,dem,electricity
AT,h2067,17.784337474297296,scr2012,dem,electricity
AT,h2068,17.55822823366169,scr2012,dem,electricity
AT,h2069,17.58437277821062,scr2012,dem,electricity
AT,h2070,18.154546270302795,scr2012,dem,electricity
AT,h2071,19.253396733027266,scr2012,dem,electricity
AT,h2072,20.4266240160443,scr2012,dem,electricity
AT,h2073,21.125158857365253,scr2012,dem,electricity
AT,h2074,21.193333617992224,scr2012,dem,electricity
AT,h2075,20.929079860974802,scr2012,dem,electricity
AT,h2076,20.535939600036752,scr2012,dem,electricity
AT,h2077,20.03377105083265,scr2012,dem,electricity
AT,h2078,19.513465594004494,scr2012,dem,electricity
AT,h2079,19.089408279807255,scr2012,dem,electricity
AT,h2080,19.048454480453355,scr2012,dem,electricity
AT,h2081,19.404794169990573,scr2012,dem,electricity
AT,h2082,19.899815722476703,scr2012,dem,electricity
AT,h2083,20.037079970738834,scr2012,dem,electricity
AT,h2084,19.84937973065199,scr2012,dem,electricity
AT,h2085,19.484945564584084,scr2012,dem,electricity
AT,h2086,19.215592538911007,scr2012,dem,electricity
AT,h2087,18.868181507772235,scr2012,dem,electricity
AT,h2088,18.520924409663163,scr2012,dem,electricity
AT,h2089,18.251520908405297,scr2012,dem,electricity
AT,h2090,18.039302313185498,scr2012,dem,electricity
AT,h2091,17.86267288527264,scr2012,dem,electricity
AT,h2092,17.721323449675708,scr2012,dem,electricity
AT,h2093,17.82202699435617,scr2012,dem,electricity
AT,h2094,18.470948809237942,scr2012,dem,electricity
AT,h2095,19.649958341439646,scr2012,dem,electricity
AT,h2096,20.910538339810696,scr2012,dem,electricity
AT,h2097,21.668414400496275,scr2012,dem,electricity
AT,h2098,21.759735231960278,scr2012,dem,electricity
AT,h2099,21.479948640606498,scr2012,dem,electricity
AT,h2100,21.04984485657407,scr2012,dem,electricity
AT,h2101,20.481443584109755,scr2012,dem,electricity
AT,h2102,19.882781559327004,scr2012,dem,electricity
AT,h2103,19.363375531009883,scr2012,dem,electricity
AT,h2104,19.228649098405207,scr2012,dem,electricity
AT,h2105,19.473836329729043,scr2012,dem,electricity
AT,h2106,19.834696741772326,scr2012,dem,electricity
AT,h2107,19.840158664082864,scr2012,dem,electricity
AT,h2108,19.510828843305692,scr2012,dem,electricity
AT,h2109,18.99851911243033,scr2012,dem,electricity
AT,h2110,18.528213142861905,scr2012,dem,electricity
AT,h2111,17.998672042177603,scr2012,dem,electricity
AT,h2112,17.44998221845846,scr2012,dem,electricity
AT,h2113,17.004240901187515,scr2012,dem,electricity
AT,h2114,16.588115306987625,scr2012,dem,electricity
AT,h2115,16.216563020640947,scr2012,dem,electricity
AT,h2116,15.882556801494246,scr2012,dem,electricity
AT,h2117,15.789072487775154,scr2012,dem,electricity
AT,h2118,16.193027002371725,scr2012,dem,electricity
AT,h2119,17.100518955371022,scr2012,dem,electricity
AT,h2120,18.0698183968371,scr2012,dem,electricity
AT,h2121,18.614808646682434,scr2012,dem,electricity
AT,h2122,18.579757172489554,scr2012,dem,electricity
AT,h2123,18.24764786501796,scr2012,dem,electricity
AT,h2124,17.798169254709478,scr2012,dem,electricity
AT,h2125,17.2060897588196,scr2012,dem,electricity
AT,h2126,16.56915343634296,scr2012,dem,electricity
AT,h2127,15.987117855718168,scr2012,dem,electricity
AT,h2128,15.740121677702206,scr2012,dem,electricity
AT,h2129,15.823836184001433,scr2012,dem,electricity
AT,h2130,16.068295156290816,scr2012,dem,electricity
AT,h2131,16.083502351048278,scr2012,dem,electricity
AT,h2132,15.840099850214926,scr2012,dem,electricity
AT,h2133,15.394854577751477,scr2012,dem,electricity
AT,h2134,14.952328639147474,scr2012,dem,electricity
AT,h2135,14.50486150260123,scr2012,dem,electricity
AT,h2136,14.04431402487975,scr2012,dem,electricity
AT,h2137,13.651221311924182,scr2012,dem,electricity
AT,h2138,13.238578559404445,scr2012,dem,electricity
AT,h2139,12.893075955294421,scr2012,dem,electricity
AT,h2140,12.584081206101931,scr2012,dem,electricity
AT,h2141,12.439596907124663,scr2012,dem,electricity
AT,h2142,12.576923273454199,scr2012,dem,electricity
AT,h2143,12.989800703062283,scr2012,dem,electricity
AT,h2144,13.536705147442039,scr2012,dem,electricity
AT,h2145,13.975457148977782,scr2012,dem,electricity
AT,h2146,14.168359544332358,scr2012,dem,electricity
AT,h2147,14.12935934383713,scr2012,dem,electricity
AT,h2148,13.909521945845633,scr2012,dem,electricity
AT,h2149,13.504896415631354,scr2012,dem,electricity
AT,h2150,13.008395133633492,scr2012,dem,electricity
AT,h2151,12.526966415011078,scr2012,dem,electricity
AT,h2152,12.321860013207832,scr2012,dem,electricity
AT,h2153,12.38294335846015,scr2012,dem,electricity
AT,h2154,12.568796884578788,scr2012,dem,electricity
AT,h2155,12.552151566113952,scr2012,dem,electricity
AT,h2156,12.405740076752512,scr2012,dem,electricity
AT,h2157,12.131779779324567,scr2012,dem,electricity
AT,h2158,11.874247508803663,scr2012,dem,electricity
AT,h2159,11.549551217153123,scr2012,dem,electricity
AT,h2160,11.14107429931465,scr2012,dem,electricity
BA,h1441,5.592201357690487,scr2012,dem,electricity
BA,h1442,5.538559361161942,scr2012,dem,electricity
BA,h1443,5.481432409477707,scr2012,dem,electricity
BA,h1444,5.443413001864462,scr2012,dem,electricity
BA,h1445,5.45156708851782,scr2012,dem,electricity
BA,h1446,5.5644930434412805,scr2012,dem,electricity
BA,h1447,5.764382195821976,scr2012,dem,electricity
BA,h1448,5.97427482771852,scr2012,dem,electricity
BA,h1449,6.089906734723032,scr2012,dem,electricity
BA,h1450,6.065286204058407,scr2012,dem,electricity
BA,h1451,5.934725148971141,scr2012,dem,electricity
BA,h1452,5.76470148804238,scr2012,dem,electricity
BA,h1453,5.584918827950086,scr2012,dem,electricity
BA,h1454,5.410935777259647,scr2012,dem,electricity
BA,h1455,5.272360841121581,scr2012,dem,electricity
BA,h1456,5.256887163311381,scr2012,dem,electricity
BA,h1457,5.425095971968151,scr2012,dem,electricity
BA,h1458,5.652585110193654,scr2012,dem,electricity
BA,h1459,5.7956217340235785,scr2012,dem,electricity
BA,h1460,5.769127183271947,scr2012,dem,electricity
BA,h1461,5.7053057535607765,scr2012,dem,electricity
BA,h1462,5.689165724724852,scr2012,dem,electricity
BA,h1463,5.678814994633215,scr2012,dem,electricity
BA,h1464,5.657577426460806,scr2012,dem,electricity
BA,h1465,5.604744509848182,scr2012,dem,electricity
BA,h1466,5.579909003790725,scr2012,dem,electricity
BA,h1467,5.545039249170853,scr2012,dem,electricity
BA,h1468,5.524767217168621,scr2012,dem,electricity
BA,h1469,5.553216116659059,scr2012,dem,electricity
BA,h1470,5.6782630481771506,scr2012,dem,electricity
BA,h1471,5.863170429051351,scr2012,dem,electricity
BA,h1472,6.044081309950804,scr2012,dem,electricity
BA,h1473,6.154205330406405,scr2012,dem,electricity
BA,h1474,6.165964525177227,scr2012,dem,electricity
BA,h1475,6.095282518961024,scr2012,dem,electricity
BA,h1476,5.966708169105749,scr2012,dem,electricity
BA,h1477,5.8146509440192675,scr2012,dem,electricity
BA,h1478,5.6578623298708015,scr2012,dem,electricity
BA,h1479,5.540877519018146,scr2012,dem,electricity
BA,h1480,5.559144370629168,scr2012,dem,electricity
BA,h1481,5.779261852521787,scr2012,dem,electricity
BA,h1482,6.063920414450627,scr2012,dem,electricity
BA,h1483,6.249847359003836,scr2012,dem,electricity
BA,h1484,6.245497188587401,scr2012,dem,electricity
BA,h1485,6.208618684069101,scr2012,dem,electricity
BA,h1486,6.229294673412116,scr2012,dem,electricity
BA,h1487,6.263057813337338,scr2012,dem,electricity
BA,h1488,6.2850171193549285,scr2012,dem,electricity
BA,h1489,6.276846181015643,scr2012,dem,electricity
BA,h1490,6.296455308122979,scr2012,dem,electricity
BA,h1491,6.291414795193463,scr2012,dem,electricity
BA,h1492,6.291880629944807,scr2012,dem,electricity
BA,h1493,6.3399206883370365,scr2012,dem,electricity
BA,h1494,6.494839695744747,scr2012,dem,electricity
BA,h1495,6.700495009852215,scr2012,dem,electricity
BA,h1496,6.881434819314371,scr2012,dem,electricity
BA,h1497,6.966268500547917,scr2012,dem,electricity
BA,h1498,6.9554773253674105,scr2012,dem,electricity
BA,h1499,6.88080340705576,scr2012,dem,electricity
BA,h1500,6.752160700020597,scr2012,dem,electricity
BA,h1501,6.577819286635009,scr2012,dem,electricity
BA,h1502,6.371542826428155,scr2012,dem,electricity
BA,h1503,6.197854068065801,scr2012,dem,electricity
BA,h1504,6.180197809273412,scr2012,dem,electricity
BA,h1505,6.391890741593941,scr2012,dem,electricity
BA,h1506,6.677658266203834,scr2012,dem,electricity
BA,h1507,6.844671082017255,scr2012,dem,electricity
BA,h1508,6.806382049442626,scr2012,dem,electricity
BA,h1509,6.743992458475159,scr2012,dem,electricity
BA,h1510,6.76033342095764,scr2012,dem,electricity
BA,h1511,6.789249957234088,scr2012,dem,electricity
BA,h1512,6.789720150422676,scr2012,dem,electricity
BA,h1513,6.75024351419873,scr2012,dem,electricity
BA,h1514,6.743221546282268,scr2012,dem,electricity
BA,h1515,6.715943380972197,scr2012,dem,electricity
BA,h1516,6.690973433913401,scr2012,dem,electricity
BA,h1517,6.714499392273134,scr2012,dem,electricity
BA,h1518,6.861742571149314,scr2012,dem,electricity
BA,h1519,7.107071055974547,scr2012,dem,electricity
BA,h1520,7.3565543628707175,scr2012,dem,electricity
BA,h1521,7.485237802033866,scr2012,dem,electricity
BA,h1522,7.443026002741138,scr2012,dem,electricity
BA,h1523,7.268694641964451,scr2012,dem,electricity
BA,h1524,7.040172248848354,scr2012,dem,electricity
BA,h1525,6.803858023996952,scr2012,dem,electricity
BA,h1526,6.580372898816841,scr2012,dem,electricity
BA,h1527,6.41003464840106,scr2012,dem,electricity
BA,h1528,6.394538374878466,scr2012,dem,electricity
BA,h1529,6.604222893598628,scr2012,dem,electricity
BA,h1530,6.876736194184188,scr2012,dem,electricity
BA,h1531,7.02725100420296,scr2012,dem,electricity
BA,h1532,6.962424005974568,scr2012,dem,electricity
BA,h1533,6.862951785688532,scr2012,dem,electricity
BA,h1534,6.83613376276772,scr2012,dem,electricity
BA,h1535,6.8202204099980674,scr2012,dem,electricity
BA,h1536,6.7885013749794725,scr2012,dem,electricity
BA,h1537,6.718800049320587,scr2012,dem,electricity
BA,h1538,6.68623718392037,scr2012,dem,electricity
BA,h1539,6.64091601668788,scr2012,dem,electricity
BA,h1540,6.609449517513357,scr2012,dem,electricity
BA,h1541,6.632228403611004,scr2012,dem,electricity
BA,h1542,6.776408651120824,scr2012,dem,electricity
BA,h1543,7.016439334231657,scr2012,dem,electricity
BA,h1544,7.261693576690988,scr2012,dem,electricity
BA,h1545,7.3855751821416,scr2012,dem,electricity
BA,h1546,7.342069242309779,scr2012,dem,electricity
BA,h1547,7.17091912433557,scr2012,dem,electricity
BA,h1548,6.9510444817530015,scr2012,dem,electricity
BA,h1549,6.72197177829638,scr2012,dem,electricity
BA,h1550,6.502911221336039,scr2012,dem,electricity
BA,h1551,6.33436112594797,scr2012,dem,electricity
BA,h1552,6.319285042870286,scr2012,dem,electricity
BA,h1553,6.529404489749138,scr2012,dem,electricity
BA,h1554,6.800505474270664,scr2012,dem,electricity
BA,h1555,6.952648892150082,scr2012,dem,electricity
BA,h1556,6.893196259936352,scr2012,dem,electricity
BA,h1557,6.801016351396887,scr2012,dem,electricity
BA,h1558,6.780080884009764,scr2012,dem,electricity
BA,h1559,6.766187884198879,scr2012,dem,electricity
BA,h1560,6.734550283617975,scr2012,dem,electricity
BA,h1561,6.664944036474989,scr2012,dem,electricity
BA,h1562,6.633383750853685,scr2012,dem,electricity
BA,h1563,6.589156677950007,scr2012,dem,electricity
BA,h1564,6.558212807895494,scr2012,dem,electricity
BA,h1565,6.580512145507847,scr2012,dem,electricity
BA,h1566,6.723896772525625,scr2012,dem,electricity
BA,h1567,6.961316979147309,scr2012,dem,electricity
BA,h1568,7.204952985238125,scr2012,dem,electricity
BA,h1569,7.327033991307857,scr2012,dem,electricity
BA,h1570,7.283431609867304,scr2012,dem,electricity
BA,h1571,7.112727826238541,scr2012,dem,electricity
BA,h1572,6.894738109281497,scr2012,dem,electricity
BA,h1573,6.667566663918389,scr2012,dem,electricity
BA,h1574,6.449561418864605,scr2012,dem,electricity
BA,h1575,6.2811185232448645,scr2012,dem,electricity
BA,h1576,6.263727741196986,scr2012,dem,electricity
BA,h1577,6.467367766654201,scr2012,dem,electricity
BA,h1578,6.729686842788426,scr2012,dem,electricity
BA,h1579,6.8744056532191244,scr2012,dem,electricity
BA,h1580,6.811786091613601,scr2012,dem,electricity
BA,h1581,6.71642281158753,scr2012,dem,electricity
BA,h1582,6.690112393684719,scr2012,dem,electricity
BA,h1583,6.6683094252190855,scr2012,dem,electricity
BA,h1584,6.627777631247706,scr2012,dem,electricity
BA,h1585,6.548180954404847,scr2012,dem,electricity
BA,h1586,6.504002253880724,scr2012,dem,electricity
BA,h1587,6.447946140392597,scr2012,dem,electricity
BA,h1588,6.405202764571194,scr2012,dem,electricity
BA,h1589,6.415320038202318,scr2012,dem,electricity
BA,h1590,6.542693671585156,scr2012,dem,electricity
BA,h1591,6.762265989439143,scr2012,dem,electricity
BA,h1592,6.987495673725429,scr2012,dem,electricity
BA,h1593,7.093769373010437,scr2012,dem,electricity
BA,h1594,7.03725402023028,scr2012,dem,electricity
BA,h1595,6.856681563258418,scr2012,dem,electricity
BA,h1596,6.631327528553446,scr2012,dem,electricity
BA,h1597,6.398062517787011,scr2012,dem,electricity
BA,h1598,6.174344822108194,scr2012,dem,electricity
BA,h1599,5.9965825178165035,scr2012,dem,electricity
BA,h1600,5.960494286382114,scr2012,dem,electricity
BA,h1601,6.1312735674085985,scr2012,dem,electricity
BA,h1602,6.354475733473827,scr2012,dem,electricity
BA,h1603,6.4732394143328795,scr2012,dem,electricity
BA,h1604,6.401116314462667,scr2012,dem,electricity
BA,h1605,6.2995960647576945,scr2012,dem,electricity
BA,h1606,6.256789531948495,scr2012,dem,electricity
BA,h1607,6.2125514318658555,scr2012,dem,electricity
BA,h1608,6.147869976751955,scr2012,dem,electricity
BA,h1609,6.045515539863475,scr2012,dem,electricity
BA,h1610,5.980866068424472,scr2012,dem,electricity
BA,h1611,5.906933379877941,scr2012,dem,electricity
BA,h1612,5.847621032726959,scr2012,dem,electricity
BA,h1613,5.83561812939527,scr2012,dem,electricity
BA,h1614,5.9328634202135495,scr2012,dem,electricity
BA,h1615,6.119053104921226,scr2012,dem,electricity
BA,h1616,6.314416876672098,scr2012,dem,electricity
BA,h1617,6.404950064401293,scr2012,dem,electricity
BA,h1618,6.347368442783361,scr2012,dem,electricity
BA,h1619,6.178560910092505,scr2012,dem,electricity
BA,h1620,5.974272378874894,scr2012,dem,electricity
BA,h1621,5.762991117361757,scr2012,dem,electricity
BA,h1622,5.561026509107212,scr2012,dem,electricity
BA,h1623,5.398654073154101,scr2012,dem,electricity
BA,h1624,5.3648970843327595,scr2012,dem,electricity
BA,h1625,5.514930671942998,scr2012,dem,electricity
BA,h1626,5.716041609632938,scr2012,dem,electricity
BA,h1627,5.831710199676847,scr2012,dem,electricity
BA,h1628,5.786091540216582,scr2012,dem,electricity
BA,h1629,5.711205400252152,scr2012,dem,electricity
BA,h1630,5.682590128006442,scr2012,dem,electricity
BA,h1631,5.647812281125371,scr2012,dem,electricity
BA,h1632,5.599094666954522,scr2012,dem,electricity
BA,h1633,5.517241293366286,scr2012,dem,electricity
BA,h1634,5.466055063058649,scr2012,dem,electricity
BA,h1635,5.405529055423005,scr2012,dem,electricity
BA,h1636,5.359136981979793,scr2012,dem,electricity
BA,h1637,5.359501875891704,scr2012,dem,electricity
BA,h1638,5.451122526448543,scr2012,dem,electricity
BA,h1639,5.597135424260905,scr2012,dem,electricity
BA,h1640,5.745286430066871,scr2012,dem,electricity
BA,h1641,5.826379250579209,scr2012,dem,electricity
BA,h1642,5.814695591000526,scr2012,dem,electricity
BA,h1643,5.717039864907332,scr2012,dem,electricity
BA,h1644,5.5654304908001,scr2012,dem,electricity
BA,h1645,5.3948522287848935,scr2012,dem,electricity
BA,h1646,5.22281663252947,scr2012,dem,electricity
BA,h1647,5.08685990363253,scr2012,dem,electricity
BA,h1648,5.071599909239899,scr2012,dem,electricity
BA,h1649,5.233371866383789,scr2012,dem,electricity
BA,h1650,5.449093189047136,scr2012,dem,electricity
BA,h1651,5.5891460075147315,scr2012,dem,electricity
BA,h1652,5.572635114872642,scr2012,dem,electricity
BA,h1653,5.52850657145004,scr2012,dem,electricity
BA,h1654,5.5200023623146075,scr2012,dem,electricity
BA,h1655,5.507875007091331,scr2012,dem,electricity
BA,h1656,5.478025814046463,scr2012,dem,electricity
BA,h1657,5.4174296514949924,scr2012,dem,electricity
BA,h1658,5.38399778297677,scr2012,dem,electricity
BA,h1659,5.335894504792506,scr2012,dem,electricity
BA,h1660,5.298591956207635,scr2012,dem,electricity
BA,h1661,5.301633034712589,scr2012,dem,electricity
BA,h1662,5.3934009963909375,scr2012,dem,electricity
BA,h1663,5.522458786245642,scr2012,dem,electricity
BA,h1664,5.6357525028768505,scr2012,dem,electricity
BA,h1665,5.679288581848167,scr2012,dem,electricity
BA,h1666,5.656794722684384,scr2012,dem,electricity
BA,h1667,5.583914788524204,scr2012,dem,electricity
BA,h1668,5.463672102100736,scr2012,dem,electricity
BA,h1669,5.301262600495312,scr2012,dem,electricity
BA,h1670,5.105310955559102,scr2012,dem,electricity
BA,h1671,4.9294428163731805,scr2012,dem,electricity
BA,h1672,4.871552973112102,scr2012,dem,electricity
BA,h1673,4.990416035151248,scr2012,dem,electricity
BA,h1674,5.168996003642245,scr2012,dem,electricity
BA,h1675,5.275342929117469,scr2012,dem,electricity
BA,h1676,5.24516715594296,scr2012,dem,electricity
BA,h1677,5.195210244615393,scr2012,dem,electricity
BA,h1678,5.188357224068014,scr2012,dem,electricity
BA,h1679,5.168624974044775,scr2012,dem,electricity
BA,h1680,5.115342603602,scr2012,dem,electricity
BA,h1681,5.022715497357786,scr2012,dem,electricity
BA,h1682,4.9599410811116265,scr2012,dem,electricity
BA,h1683,4.8959395078503505,scr2012,dem,electricity
BA,h1684,4.844322419703756,scr2012,dem,electricity
BA,h1685,4.829589106280611,scr2012,dem,electricity
BA,h1686,4.906167003366838,scr2012,dem,electricity
BA,h1687,5.059264700932716,scr2012,dem,electricity
BA,h1688,5.232958735592438,scr2012,dem,electricity
BA,h1689,5.328321689050995,scr2012,dem,electricity
BA,h1690,5.300055339513745,scr2012,dem,electricity
BA,h1691,5.161800834564783,scr2012,dem,electricity
BA,h1692,4.984323881550147,scr2012,dem,electricity
BA,h1693,4.804631155827965,scr2012,dem,electricity
BA,h1694,4.635621995502149,scr2012,dem,electricity
BA,h1695,4.496787397078517,scr2012,dem,electricity
BA,h1696,4.4541321858702085,scr2012,dem,electricity
BA,h1697,4.556584892897852,scr2012,dem,electricity
BA,h1698,4.702833183523154,scr2012,dem,electricity
BA,h1699,4.799918841129507,scr2012,dem,electricity
BA,h1700,4.775869000331169,scr2012,dem,electricity
BA,h1701,4.7225352846490605,scr2012,dem,electricity
BA,h1702,4.686322693276926,scr2012,dem,electricity
BA,h1703,4.627072999167178,scr2012,dem,electricity
BA,h1704,4.542902421001235,scr2012,dem,electricity
BA,h1705,4.422401237423403,scr2012,dem,electricity
BA,h1706,4.339325970339472,scr2012,dem,electricity
BA,h1707,4.26670240260639,scr2012,dem,electricity
BA,h1708,4.217530331002681,scr2012,dem,electricity
BA,h1709,4.204761250144406,scr2012,dem,electricity
BA,h1710,4.269767891737512,scr2012,dem,electricity
BA,h1711,4.407193113264802,scr2012,dem,electricity
BA,h1712,4.5655641224480075,scr2012,dem,electricity
BA,h1713,4.656886165105253,scr2012,dem,electricity
BA,h1714,4.63616616325815,scr2012,dem,electricity
BA,h1715,4.51954668889398,scr2012,dem,electricity
BA,h1716,4.371721169179026,scr2012,dem,electricity
BA,h1717,4.219022893643255,scr2012,dem,electricity
BA,h1718,4.071694380819101,scr2012,dem,electricity
BA,h1719,3.944268756011697,scr2012,dem,electricity
BA,h1720,3.8957097076090466,scr2012,dem,electricity
BA,h1721,3.9695122742470517,scr2012,dem,electricity
BA,h1722,4.079976657195024,scr2012,dem,electricity
BA,h1723,4.157224930244906,scr2012,dem,electricity
BA,h1724,4.14340317028184,scr2012,dem,electricity
BA,h1725,4.104611294781198,scr2012,dem,electricity
BA,h1726,4.072350844870665,scr2012,dem,electricity
BA,h1727,4.001143755627403,scr2012,dem,electricity
BA,h1728,3.9010096141152553,scr2012,dem,electricity
BA,h1729,3.7650413973540795,scr2012,dem,electricity
BA,h1730,3.66727623742719,scr2012,dem,electricity
BA,h1731,3.585937290443736,scr2012,dem,electricity
BA,h1732,3.5314718260495033,scr2012,dem,electricity
BA,h1733,3.5100801480136745,scr2012,dem,electricity
BA,h1734,3.5576191111835023,scr2012,dem,electricity
BA,h1735,3.6717033667919856,scr2012,dem,electricity
BA,h1736,3.812931832463046,scr2012,dem,electricity
BA,h1737,3.903119995282865,scr2012,dem,electricity
BA,h1738,3.899749398048541,scr2012,dem,electricity
BA,h1739,3.812760406599145,scr2012,dem,electricity
BA,h1740,3.7010419846792137,scr2012,dem,electricity
BA,h1741,3.5853136632829905,scr2012,dem,electricity
BA,h1742,3.4727358032085642,scr2012,dem,electricity
BA,h1743,3.3729852081279024,scr2012,dem,electricity
BA,h1744,3.3355157496668637,scr2012,dem,electricity
BA,h1745,3.39966825789644,scr2012,dem,electricity
BA,h1746,3.4996836753816414,scr2012,dem,electricity
BA,h1747,3.5870225080090568,scr2012,dem,electricity
BA,h1748,3.6087800721271592,scr2012,dem,electricity
BA,h1749,3.6059627313124785,scr2012,dem,electricity
BA,h1750,3.5984746809123185,scr2012,dem,electricity
BA,h1751,3.546101482836422,scr2012,dem,electricity
BA,h1752,3.4650462996580553,scr2012,dem,electricity
BA,h1753,3.349440613979258,scr2012,dem,electricity
BA,h1754,3.2696901708545076,scr2012,dem,electricity
BA,h1755,3.211099342242874,scr2012,dem,electricity
BA,h1756,3.1817653166850044,scr2012,dem,electricity
BA,h1757,3.185473480601505,scr2012,dem,electricity
BA,h1758,3.253591677726892,scr2012,dem,electricity
BA,h1759,3.387040752348051,scr2012,dem,electricity
BA,h1760,3.5490872285476924,scr2012,dem,electricity
BA,h1761,3.664574018789554,scr2012,dem,electricity
BA,h1762,3.6884250725976235,scr2012,dem,electricity
BA,h1763,3.628584932805659,scr2012,dem,electricity
BA,h1764,3.5424017240157624,scr2012,dem,electricity
BA,h1765,3.4501002372029435,scr2012,dem,electricity
BA,h1766,3.358971059321517,scr2012,dem,electricity
BA,h1767,3.2772128533086256,scr2012,dem,electricity
BA,h1768,3.253910579249967,scr2012,dem,electricity
BA,h1769,3.329183093501799,scr2012,dem,electricity
BA,h1770,3.43871717610448,scr2012,dem,electricity
BA,h1771,3.538323751843887,scr2012,dem,electricity
BA,h1772,3.5745124289567385,scr2012,dem,electricity
BA,h1773,3.587123585863428,scr2012,dem,electricity
BA,h1774,3.5937272012337127,scr2012,dem,electricity
BA,h1775,3.5544800230661613,scr2012,dem,electricity
BA,h1776,3.4873371333699548,scr2012,dem,electricity
BA,h1777,3.386008052963145,scr2012,dem,electricity
BA,h1778,3.3217204018358832,scr2012,dem,electricity
BA,h1779,3.2760788608082203,scr2012,dem,electricity
BA,h1780,3.2614492158391584,scr2012,dem,electricity
BA,h1781,3.2811173029598586,scr2012,dem,electricity
BA,h1782,3.3720990867824963,scr2012,dem,electricity
BA,h1783,3.533793802762556,scr2012,dem,electricity
BA,h1784,3.724025496669708,scr2012,dem,electricity
BA,h1785,3.8635369980906935,scr2012,dem,electricity
BA,h1786,3.906575690875032,scr2012,dem,electricity
BA,h1787,3.8682578525909315,scr2012,dem,electricity
BA,h1788,3.8065058463902908,scr2012,dem,electricity
BA,h1789,3.738578759137489,scr2012,dem,electricity
BA,h1790,3.671449418758363,scr2012,dem,electricity
BA,h1791,3.6182976220545315,scr2012,dem,electricity
BA,h1792,3.6384640521414315,scr2012,dem,electricity
BA,h1793,3.777666962317086,scr2012,dem,electricity
BA,h1794,3.95880358904124,scr2012,dem,electricity
BA,h1795,4.109524660037948,scr2012,dem,electricity
BA,h1796,4.174760969648417,scr2012,dem,electricity
BA,h1797,4.215390521448835,scr2012,dem,electricity
BA,h1798,4.269085659863456,scr2012,dem,electricity
BA,h1799,4.287785654207905,scr2012,dem,electricity
BA,h1800,4.288534469662382,scr2012,dem,electricity
BA,h1801,4.258948220577267,scr2012,dem,electricity
BA,h1802,4.262621245739751,scr2012,dem,electricity
BA,h1803,4.270157129959447,scr2012,dem,electricity
BA,h1804,4.297088654567905,scr2012,dem,electricity
BA,h1805,4.364328460405545,scr2012,dem,electricity
BA,h1806,4.507977630190257,scr2012,dem,electricity
BA,h1807,4.698178360346537,scr2012,dem,electricity
BA,h1808,4.90239902610021,scr2012,dem,electricity
BA,h1809,5.056382179891033,scr2012,dem,electricity
BA,h1810,5.131216546022718,scr2012,dem,electricity
BA,h1811,5.11820554560961,scr2012,dem,electricity
BA,h1812,5.050063671438211,scr2012,dem,electricity
BA,h1813,4.958375376279869,scr2012,dem,electricity
BA,h1814,4.858198496894907,scr2012,dem,electricity
BA,h1815,4.783085977454189,scr2012,dem,electricity
BA,h1816,4.815408184496499,scr2012,dem,electricity
BA,h1817,5.0142590116913714,scr2012,dem,electricity
BA,h1818,5.263780429299785,scr2012,dem,electricity
BA,h1819,5.438535887330966,scr2012,dem,electricity
BA,h1820,5.469437444529969,scr2012,dem,electricity
BA,h1821,5.473720875251358,scr2012,dem,electricity
BA,h1822,5.513443703831854,scr2012,dem,electricity
BA,h1823,5.5393870599162955,scr2012,dem,electricity
BA,h1824,5.545764249834318,scr2012,dem,electricity
BA,h1825,5.521614995078755,scr2012,dem,electricity
BA,h1826,5.525967399904089,scr2012,dem,electricity
BA,h1827,5.515883117664038,scr2012,dem,electricity
BA,h1828,5.515778055036136,scr2012,dem,electricity
BA,h1829,5.5557105119931105,scr2012,dem,electricity
BA,h1830,5.688318370657911,scr2012,dem,electricity
BA,h1831,5.859510464044023,scr2012,dem,electricity
BA,h1832,6.016069817442986,scr2012,dem,electricity
BA,h1833,6.09571767159815,scr2012,dem,electricity
BA,h1834,6.1010346052329085,scr2012,dem,electricity
BA,h1835,6.045202179177911,scr2012,dem,electricity
BA,h1836,5.93887920274328,scr2012,dem,electricity
BA,h1837,5.789471980997345,scr2012,dem,electricity
BA,h1838,5.6051923508397365,scr2012,dem,electricity
BA,h1839,5.4446848601794695,scr2012,dem,electricity
BA,h1840,5.416514928989931,scr2012,dem,electricity
BA,h1841,5.590709014652803,scr2012,dem,electricity
BA,h1842,5.828512075368811,scr2012,dem,electricity
BA,h1843,5.9693698473422225,scr2012,dem,electricity
BA,h1844,5.952071168714021,scr2012,dem,electricity
BA,h1845,5.915902588944266,scr2012,dem,electricity
BA,h1846,5.943126134809758,scr2012,dem,electricity
BA,h1847,5.96001313352064,scr2012,dem,electricity
BA,h1848,5.945980355766864,scr2012,dem,electricity
BA,h1849,5.892702840001796,scr2012,dem,electricity
BA,h1850,5.8708847851897605,scr2012,dem,electricity
BA,h1851,5.839153037016227,scr2012,dem,electricity
BA,h1852,5.814664265883657,scr2012,dem,electricity
BA,h1853,5.831056355410032,scr2012,dem,electricity
BA,h1854,5.9533396118263955,scr2012,dem,electricity
BA,h1855,6.157588538955424,scr2012,dem,electricity
BA,h1856,6.378698824365999,scr2012,dem,electricity
BA,h1857,6.498391789261167,scr2012,dem,electricity
BA,h1858,6.4733210490527116,scr2012,dem,electricity
BA,h1859,6.32112398410962,scr2012,dem,electricity
BA,h1860,6.12256725975574,scr2012,dem,electricity
BA,h1861,5.918106592741239,scr2012,dem,electricity
BA,h1862,5.723025352892827,scr2012,dem,electricity
BA,h1863,5.569658713033308,scr2012,dem,electricity
BA,h1864,5.542975004205997,scr2012,dem,electricity
BA,h1865,5.706025909385758,scr2012,dem,electricity
BA,h1866,5.917671971828408,scr2012,dem,electricity
BA,h1867,6.035724038671302,scr2012,dem,electricity
BA,h1868,5.989864466776822,scr2012,dem,electricity
BA,h1869,5.916688579493396,scr2012,dem,electricity
BA,h1870,5.89490403510211,scr2012,dem,electricity
BA,h1871,5.856603369975656,scr2012,dem,electricity
BA,h1872,5.795162802286345,scr2012,dem,electricity
BA,h1873,5.698184854650766,scr2012,dem,electricity
BA,h1874,5.641520984926961,scr2012,dem,electricity
BA,h1875,5.583601537451133,scr2012,dem,electricity
BA,h1876,5.54217827947538,scr2012,dem,electricity
BA,h1877,5.545982813435434,scr2012,dem,electricity
BA,h1878,5.649297722624081,scr2012,dem,electricity
BA,h1879,5.8371994065596295,scr2012,dem,electricity
BA,h1880,6.041493216155484,scr2012,dem,electricity
BA,h1881,6.152714075863798,scr2012,dem,electricity
BA,h1882,6.123626919792961,scr2012,dem,electricity
BA,h1883,5.978895310915759,scr2012,dem,electricity
BA,h1884,5.7953128523942405,scr2012,dem,electricity
BA,h1885,5.606747416940227,scr2012,dem,electricity
BA,h1886,5.427577315628801,scr2012,dem,electricity
BA,h1887,5.28506682036998,scr2012,dem,electricity
BA,h1888,5.263729808818062,scr2012,dem,electricity
BA,h1889,5.421839809399728,scr2012,dem,electricity
BA,h1890,5.62802297330419,scr2012,dem,electricity
BA,h1891,5.7434962982332145,scr2012,dem,electricity
BA,h1892,5.715936805601846,scr2012,dem,electricity
BA,h1893,5.664089440125103,scr2012,dem,electricity
BA,h1894,5.665166083841347,scr2012,dem,electricity
BA,h1895,5.6380722375130095,scr2012,dem,electricity
BA,h1896,5.588638983122829,scr2012,dem,electricity
BA,h1897,5.503656918359986,scr2012,dem,electricity
BA,h1898,5.459559755988838,scr2012,dem,electricity
BA,h1899,5.4146554826341715,scr2012,dem,electricity
BA,h1900,5.38852909894686,scr2012,dem,electricity
BA,h1901,5.407655136233028,scr2012,dem,electricity
BA,h1902,5.5262009008488375,scr2012,dem,electricity
BA,h1903,5.728141826333427,scr2012,dem,electricity
BA,h1904,5.948230233461639,scr2012,dem,electricity
BA,h1905,6.076625978296632,scr2012,dem,electricity
BA,h1906,6.066330131434747,scr2012,dem,electricity
BA,h1907,5.940467930665831,scr2012,dem,electricity
BA,h1908,5.774918791553657,scr2012,dem,electricity
BA,h1909,5.602889282960437,scr2012,dem,electricity
BA,h1910,5.438292629631918,scr2012,dem,electricity
BA,h1911,5.309162527055231,scr2012,dem,electricity
BA,h1912,5.300462024250276,scr2012,dem,electricity
BA,h1913,5.471673994947722,scr2012,dem,electricity
BA,h1914,5.690695365208834,scr2012,dem,electricity
BA,h1915,5.818679703553235,scr2012,dem,electricity
BA,h1916,5.801831304582903,scr2012,dem,electricity
BA,h1917,5.760774240854022,scr2012,dem,electricity
BA,h1918,5.773065569894773,scr2012,dem,electricity
BA,h1919,5.758481226382678,scr2012,dem,electricity
BA,h1920,5.722354225725755,scr2012,dem,electricity
BA,h1921,5.650412822970644,scr2012,dem,electricity
BA,h1922,5.616614229690232,scr2012,dem,electricity
BA,h1923,5.581022885583074,scr2012,dem,electricity
BA,h1924,5.564131408651233,scr2012,dem,electricity
BA,h1925,5.596043473784811,scr2012,dem,electricity
BA,h1926,5.731303310792146,scr2012,dem,electricity
BA,h1927,5.952118882177495,scr2012,dem,electricity
BA,h1928,6.190162735330079,scr2012,dem,electricity
BA,h1929,6.33167594889363,scr2012,dem,electricity
BA,h1930,6.328930823995883,scr2012,dem,electricity
BA,h1931,6.206716398141808,scr2012,dem,electricity
BA,h1932,6.042733014053132,scr2012,dem,electricity
BA,h1933,5.872259674319261,scr2012,dem,electricity
BA,h1934,5.71089883387485,scr2012,dem,electricity
BA,h1935,5.588301951555088,scr2012,dem,electricity
BA,h1936,5.5946714664183075,scr2012,dem,electricity
BA,h1937,5.793499381114301,scr2012,dem,electricity
BA,h1938,6.042753118974941,scr2012,dem,electricity
BA,h1939,6.19100176379958,scr2012,dem,electricity
BA,h1940,6.179383366748411,scr2012,dem,electricity
BA,h1941,6.143287239642342,scr2012,dem,electricity
BA,h1942,6.168447372487579,scr2012,dem,electricity
BA,h1943,6.170930901355033,scr2012,dem,electricity
BA,h1944,6.152380804893839,scr2012,dem,electricity
BA,h1945,6.095476626604719,scr2012,dem,electricity
BA,h1946,6.078276562464579,scr2012,dem,electricity
BA,h1947,6.050029286678368,scr2012,dem,electricity
BA,h1948,6.037781147315715,scr2012,dem,electricity
BA,h1949,6.072238508078332,scr2012,dem,electricity
BA,h1950,6.2183342649621975,scr2012,dem,electricity
BA,h1951,6.451060735576706,scr2012,dem,electricity
BA,h1952,6.694372501151442,scr2012,dem,electricity
BA,h1953,6.8273005641227344,scr2012,dem,electricity
BA,h1954,6.8040034184255465,scr2012,dem,electricity
BA,h1955,6.655885675283942,scr2012,dem,electricity
BA,h1956,6.463225472908041,scr2012,dem,electricity
BA,h1957,6.260365690712597,scr2012,dem,electricity
BA,h1958,6.063656217999567,scr2012,dem,electricity
BA,h1959,5.909145057167575,scr2012,dem,electricity
BA,h1960,5.894411663277768,scr2012,dem,electricity
BA,h1961,6.08216228156217,scr2012,dem,electricity
BA,h1962,6.318282048897695,scr2012,dem,electricity
BA,h1963,6.435814115199317,scr2012,dem,electricity
BA,h1964,6.376476505545604,scr2012,dem,electricity
BA,h1965,6.292415701092223,scr2012,dem,electricity
BA,h1966,6.277666535216739,scr2012,dem,electricity
BA,h1967,6.246354519136722,scr2012,dem,electricity
BA,h1968,6.195993273535891,scr2012,dem,electricity
BA,h1969,6.110114482859842,scr2012,dem,electricity
BA,h1970,6.059485815088647,scr2012,dem,electricity
BA,h1971,5.991831980375563,scr2012,dem,electricity
BA,h1972,5.9328449862056765,scr2012,dem,electricity
BA,h1973,5.920872039474598,scr2012,dem,electricity
BA,h1974,6.006565048066382,scr2012,dem,electricity
BA,h1975,6.148570603789065,scr2012,dem,electricity
BA,h1976,6.294542401214934,scr2012,dem,electricity
BA,h1977,6.360238221118767,scr2012,dem,electricity
BA,h1978,6.3218921295175505,scr2012,dem,electricity
BA,h1979,6.183857830063733,scr2012,dem,electricity
BA,h1980,5.994774477187326,scr2012,dem,electricity
BA,h1981,5.790074486224659,scr2012,dem,electricity
BA,h1982,5.586819339608982,scr2012,dem,electricity
BA,h1983,5.422623334041445,scr2012,dem,electricity
BA,h1984,5.387888287697005,scr2012,dem,electricity
BA,h1985,5.5406839243845365,scr2012,dem,electricity
BA,h1986,5.743102816325831,scr2012,dem,electricity
BA,h1987,5.848819395505713,scr2012,dem,electricity
BA,h1988,5.7997390500260275,scr2012,dem,electricity
BA,h1989,5.730406575824257,scr2012,dem,electricity
BA,h1990,5.712418103917546,scr2012,dem,electricity
BA,h1991,5.681005473632286,scr2012,dem,electricity
BA,h1992,5.626011539408561,scr2012,dem,electricity
BA,h1993,5.539835270289816,scr2012,dem,electricity
BA,h1994,5.483206713095534,scr2012,dem,electricity
BA,h1995,5.41664864059833,scr2012,dem,electricity
BA,h1996,5.361266670662658,scr2012,dem,electricity
BA,h1997,5.34487461501551,scr2012,dem,electricity
BA,h1998,5.417578812042538,scr2012,dem,electricity
BA,h1999,5.535629725687289,scr2012,dem,electricity
BA,h2000,5.634713782372436,scr2012,dem,electricity
BA,h2001,5.656155284607921,scr2012,dem,electricity
BA,h2002,5.607493437812075,scr2012,dem,electricity
BA,h2003,5.514043965809741,scr2012,dem,electricity
BA,h2004,5.388026896961642,scr2012,dem,electricity
BA,h2005,5.224444213389137,scr2012,dem,electricity
BA,h2006,5.030724976056474,scr2012,dem,electricity
BA,h2007,4.850625783518563,scr2012,dem,electricity
BA,h2008,4.78267961722898,scr2012,dem,electricity
BA,h2009,4.882795035378545,scr2012,dem,electricity
BA,h2010,5.029181851407563,scr2012,dem,electricity
BA,h2011,5.060232755581819,scr2012,dem,electricity
BA,h2012,4.991377214755009,scr2012,dem,electricity
BA,h2013,4.962934169759277,scr2012,dem,electricity
BA,h2014,5.008672150367786,scr2012,dem,electricity
BA,h2015,5.035416801734415,scr2012,dem,electricity
BA,h2016,4.990394274801777,scr2012,dem,electricity
BA,h2017,4.915682093227933,scr2012,dem,electricity
BA,h2018,4.844843863328451,scr2012,dem,electricity
BA,h2019,4.770615417640625,scr2012,dem,electricity
BA,h2020,4.7147875061335585,scr2012,dem,electricity
BA,h2021,4.69851336992151,scr2012,dem,electricity
BA,h2022,4.770295836304226,scr2012,dem,electricity
BA,h2023,4.921249580239255,scr2012,dem,electricity
BA,h2024,5.086745841070651,scr2012,dem,electricity
BA,h2025,5.17067896976465,scr2012,dem,electricity
BA,h2026,5.1357992806228525,scr2012,dem,electricity
BA,h2027,5.007029001658777,scr2012,dem,electricity
BA,h2028,4.845957946584447,scr2012,dem,electricity
BA,h2029,4.6767412834979485,scr2012,dem,electricity
BA,h2030,4.51081846704969,scr2012,dem,electricity
BA,h2031,4.369213666836214,scr2012,dem,electricity
BA,h2032,4.317280538372651,scr2012,dem,electricity
BA,h2033,4.398711616139333,scr2012,dem,electricity
BA,h2034,4.50978742473607,scr2012,dem,electricity
BA,h2035,4.5286066655433475,scr2012,dem,electricity
BA,h2036,4.469692975840138,scr2012,dem,electricity
BA,h2037,4.443722484179348,scr2012,dem,electricity
BA,h2038,4.465921595813072,scr2012,dem,electricity
BA,h2039,4.450987118819502,scr2012,dem,electricity
BA,h2040,4.366178683399531,scr2012,dem,electricity
BA,h2041,4.255461588044533,scr2012,dem,electricity
BA,h2042,4.154736936908369,scr2012,dem,electricity
BA,h2043,4.0648216487598585,scr2012,dem,electricity
BA,h2044,4.0050170194569885,scr2012,dem,electricity
BA,h2045,3.9886462387764174,scr2012,dem,electricity
BA,h2046,4.048168264265942,scr2012,dem,electricity
BA,h2047,4.184455297704966,scr2012,dem,electricity
BA,h2048,4.340097891227951,scr2012,dem,electricity
BA,h2049,4.432210249869374,scr2012,dem,electricity
BA,h2050,4.416475745029474,scr2012,dem,electricity
BA,h2051,4.315101831853717,scr2012,dem,electricity
BA,h2052,4.18590005170478,scr2012,dem,electricity
BA,h2053,4.051240042224593,scr2012,dem,electricity
BA,h2054,3.921353234596699,scr2012,dem,electricity
BA,h2055,3.8079370347836283,scr2012,dem,electricity
BA,h2056,3.7679507862155766,scr2012,dem,electricity
BA,h2057,3.842055217826416,scr2012,dem,electricity
BA,h2058,3.945044238421793,scr2012,dem,electricity
BA,h2059,3.9680884896197974,scr2012,dem,electricity
BA,h2060,3.938833728987283,scr2012,dem,electricity
BA,h2061,3.9402807374652364,scr2012,dem,electricity
BA,h2062,3.983528740682087,scr2012,dem,electricity
BA,h2063,3.9795133389807282,scr2012,dem,electricity
BA,h2064,3.9070944103729794,scr2012,dem,electricity
BA,h2065,3.806679769181729,scr2012,dem,electricity
BA,h2066,3.7144224667804537,scr2012,dem,electricity
BA,h2067,3.6345034370495317,scr2012,dem,electricity
BA,h2068,3.588680195932103,scr2012,dem,electricity
BA,h2069,3.583054960449852,scr2012,dem,electricity
BA,h2070,3.64744706104296,scr2012,dem,electricity
BA,h2071,3.7830993940345152,scr2012,dem,electricity
BA,h2072,3.940174251143669,scr2012,dem,electricity
BA,h2073,4.040124557116183,scr2012,dem,electricity
BA,h2074,4.039731938855444,scr2012,dem,electricity
BA,h2075,3.9568698043771042,scr2012,dem,electricity
BA,h2076,3.8459888138914167,scr2012,dem,electricity
BA,h2077,3.726941330812714,scr2012,dem,electricity
BA,h2078,3.6090209406202702,scr2012,dem,electricity
BA,h2079,3.5012769260879573,scr2012,dem,electricity
BA,h2080,3.4554021849922036,scr2012,dem,electricity
BA,h2081,3.508482064670308,scr2012,dem,electricity
BA,h2082,3.5863816439547995,scr2012,dem,electricity
BA,h2083,3.5943580670923825,scr2012,dem,electricity
BA,h2084,3.562491133365972,scr2012,dem,electricity
BA,h2085,3.561424571872743,scr2012,dem,electricity
BA,h2086,3.59291607730498,scr2012,dem,electricity
BA,h2087,3.5741003206338937,scr2012,dem,electricity
BA,h2088,3.4843789906201104,scr2012,dem,electricity
BA,h2089,3.3666611315439363,scr2012,dem,electricity
BA,h2090,3.2540656945356377,scr2012,dem,electricity
BA,h2091,3.158787388245482,scr2012,dem,electricity
BA,h2092,3.1005036086210476,scr2012,dem,electricity
BA,h2093,3.081569042534306,scr2012,dem,electricity
BA,h2094,3.1257985381453106,scr2012,dem,electricity
BA,h2095,3.237680849464592,scr2012,dem,electricity
BA,h2096,3.374232713724408,scr2012,dem,electricity
BA,h2097,3.4658374496401585,scr2012,dem,electricity
BA,h2098,3.4701996461026345,scr2012,dem,electricity
BA,h2099,3.4022503984785186,scr2012,dem,electricity
BA,h2100,3.3117635995188337,scr2012,dem,electricity
BA,h2101,3.216184899594878,scr2012,dem,electricity
BA,h2102,3.1221412017217824,scr2012,dem,electricity
BA,h2103,3.03374638904857,scr2012,dem,electricity
BA,h2104,2.9938122308916424,scr2012,dem,electricity
BA,h2105,3.0371374375142315,scr2012,dem,electricity
BA,h2106,3.104003620565182,scr2012,dem,electricity
BA,h2107,3.122749323223257,scr2012,dem,electricity
BA,h2108,3.120368158568758,scr2012,dem,electricity
BA,h2109,3.1521864640490116,scr2012,dem,electricity
BA,h2110,3.204509840056213,scr2012,dem,electricity
BA,h2111,3.2037291873145346,scr2012,dem,electricity
BA,h2112,3.130480680683459,scr2012,dem,electricity
BA,h2113,3.028785888807952,scr2012,dem,electricity
BA,h2114,2.934636361296275,scr2012,dem,electricity
BA,h2115,2.8580783816065596,scr2012,dem,electricity
BA,h2116,2.820153376520274,scr2012,dem,electricity
BA,h2117,2.8157688881472462,scr2012,dem,electricity
BA,h2118,2.8716324749503412,scr2012,dem,electricity
BA,h2119,2.9895704997342896,scr2012,dem,electricity
BA,h2120,3.133268867583325,scr2012,dem,electricity
BA,h2121,3.237045082898276,scr2012,dem,electricity
BA,h2122,3.2596609453890326,scr2012,dem,electricity
BA,h2123,3.2115800337996894,scr2012,dem,electricity
BA,h2124,3.1387819845413145,scr2012,dem,electricity
BA,h2125,3.0556033969696847,scr2012,dem,electricity
BA,h2126,2.9688817867600124,scr2012,dem,electricity
BA,h2127,2.883962682070774,scr2012,dem,electricity
BA,h2128,2.844682105858777,scr2012,dem,electricity
BA,h2129,2.880470844944525,scr2012,dem,electricity
BA,h2130,2.9369617931790692,scr2012,dem,electricity
BA,h2131,2.9477588437830256,scr2012,dem,electricity
BA,h2132,2.9365749981540006,scr2012,dem,electricity
BA,h2133,2.95957406264327,scr2012,dem,electricity
BA,h2134,2.9967826263253685,scr2012,dem,electricity
BA,h2135,2.9832080638432323,scr2012,dem,electricity
BA,h2136,2.8985116586392046,scr2012,dem,electricity
BA,h2137,2.787897376637727,scr2012,dem,electricity
BA,h2138,2.6802992095463214,scr2012,dem,electricity
BA,h2139,2.5857904624087724,scr2012,dem,electricity
BA,h2140,2.523626532583624,scr2012,dem,electricity
BA,h2141,2.493904946827884,scr2012,dem,electricity
BA,h2142,2.507851394558284,scr2012,dem,electricity
BA,h2143,2.556548989099339,scr2012,dem,electricity
BA,h2144,2.621275370149561,scr2012,dem,electricity
BA,h2145,2.6727242616481695,scr2012,dem,electricity
BA,h2146,2.6895127131563172,scr2012,dem,electricity
BA,h2147,2.6634035461439796,scr2012,dem,electricity
BA,h2148,2.6094205542860296,scr2012,dem,electricity
BA,h2149,2.5383240652749985,scr2012,dem,electricity
BA,h2150,2.455455357480262,scr2012,dem,electricity
BA,h2151,2.367461064811929,scr2012,dem,electricity
BA,h2152,2.311571794429485,scr2012,dem,electricity
BA,h2153,2.3125468894652,scr2012,dem,electricity
BA,h2154,2.332783205017896,scr2012,dem,electricity
BA,h2155,2.3285183510814313,scr2012,dem,electricity
BA,h2156,2.325960077245575,scr2012,dem,electricity
BA,h2157,2.3627810896960413,scr2012,dem,electricity
BA,h2158,2.3961725161427703,scr2012,dem,electricity
BA,h2159,2.379209296990841,scr2012,dem,electricity
BA,h2160,2.2838140777821887,scr2012,dem,electricity
BE,h1441,21.45881190612219,scr2012,dem,electricity
BE,h1442,21.19379235532093,scr2012,dem,electricity
BE,h1443,20.831405671714812,scr2012,dem,electricity
BE,h1444,20.588171957232365,scr2012,dem,electricity
BE,h1445,20.600798385794253,scr2012,dem,electricity
BE,h1446,21.037244101121267,scr2012,dem,electricity
BE,h1447,21.94078809607241,scr2012,dem,electricity
BE,h1448,22.951877190954658,scr2012,dem,electricity
BE,h1449,23.624108502934178,scr2012,dem,electricity
BE,h1450,23.72710357583708,scr2012,dem,electricity
BE,h1451,23.448881500387085,scr2012,dem,electricity
BE,h1452,23.073805901390976,scr2012,dem,electricity
BE,h1453,22.56760060235877,scr2012,dem,electricity
BE,h1454,22.056962636402258,scr2012,dem,electricity
BE,h1455,21.61537064145344,scr2012,dem,electricity
BE,h1456,21.55919451785503,scr2012,dem,electricity
BE,h1457,22.00318716766546,scr2012,dem,electricity
BE,h1458,22.594898482360964,scr2012,dem,electricity
BE,h1459,22.920567534581625,scr2012,dem,electricity
BE,h1460,22.746851439187488,scr2012,dem,electricity
BE,h1461,22.3940434600889,scr2012,dem,electricity
BE,h1462,22.109953624975162,scr2012,dem,electricity
BE,h1463,22.004614983248313,scr2012,dem,electricity
BE,h1464,22.00635700725995,scr2012,dem,electricity
BE,h1465,21.952433455456433,scr2012,dem,electricity
BE,h1466,21.739092187390476,scr2012,dem,electricity
BE,h1467,21.36844413013109,scr2012,dem,electricity
BE,h1468,21.074907751715894,scr2012,dem,electricity
BE,h1469,20.985258194626297,scr2012,dem,electricity
BE,h1470,21.23659973068637,scr2012,dem,electricity
BE,h1471,21.725397041460102,scr2012,dem,electricity
BE,h1472,22.231421870395152,scr2012,dem,electricity
BE,h1473,22.599675081607494,scr2012,dem,electricity
BE,h1474,22.76063527713217,scr2012,dem,electricity
BE,h1475,22.7345860284657,scr2012,dem,electricity
BE,h1476,22.517948513897466,scr2012,dem,electricity
BE,h1477,22.100750348309877,scr2012,dem,electricity
BE,h1478,21.60110642819483,scr2012,dem,electricity
BE,h1479,21.15213463869514,scr2012,dem,electricity
BE,h1480,21.077419972485306,scr2012,dem,electricity
BE,h1481,21.53930007632203,scr2012,dem,electricity
BE,h1482,22.205785045320887,scr2012,dem,electricity
BE,h1483,22.613715538332666,scr2012,dem,electricity
BE,h1484,22.532037791707484,scr2012,dem,electricity
BE,h1485,22.262354191223654,scr2012,dem,electricity
BE,h1486,22.054086379169846,scr2012,dem,electricity
BE,h1487,21.950910819538002,scr2012,dem,electricity
BE,h1488,21.95945016412089,scr2012,dem,electricity
BE,h1489,21.9254002597485,scr2012,dem,electricity
BE,h1490,21.813644273582714,scr2012,dem,electricity
BE,h1491,21.525041372466127,scr2012,dem,electricity
BE,h1492,21.265364301612458,scr2012,dem,electricity
BE,h1493,21.181275148331615,scr2012,dem,electricity
BE,h1494,21.423378855270393,scr2012,dem,electricity
BE,h1495,21.879137737748625,scr2012,dem,electricity
BE,h1496,22.271628545691023,scr2012,dem,electricity
BE,h1497,22.49515932542905,scr2012,dem,electricity
BE,h1498,22.49839455808672,scr2012,dem,electricity
BE,h1499,22.407206504737886,scr2012,dem,electricity
BE,h1500,22.173033692068103,scr2012,dem,electricity
BE,h1501,21.81033725848886,scr2012,dem,electricity
BE,h1502,21.29076692831027,scr2012,dem,electricity
BE,h1503,20.768637197105157,scr2012,dem,electricity
BE,h1504,20.571165879056284,scr2012,dem,electricity
BE,h1505,20.951230381194637,scr2012,dem,electricity
BE,h1506,21.559519947910715,scr2012,dem,electricity
BE,h1507,21.97656078314997,scr2012,dem,electricity
BE,h1508,22.020119209678544,scr2012,dem,electricity
BE,h1509,21.928706262332597,scr2012,dem,electricity
BE,h1510,21.834364402541983,scr2012,dem,electricity
BE,h1511,21.71573059546622,scr2012,dem,electricity
BE,h1512,21.58853040983011,scr2012,dem,electricity
BE,h1513,21.39229357981075,scr2012,dem,electricity
BE,h1514,21.16102794928342,scr2012,dem,electricity
BE,h1515,20.84245189084903,scr2012,dem,electricity
BE,h1516,20.60980810714287,scr2012,dem,electricity
BE,h1517,20.585244039289563,scr2012,dem,electricity
BE,h1518,21.012639053305282,scr2012,dem,electricity
BE,h1519,21.96636581323959,scr2012,dem,electricity
BE,h1520,23.048487732580096,scr2012,dem,electricity
BE,h1521,23.770629648441897,scr2012,dem,electricity
BE,h1522,23.875866468979776,scr2012,dem,electricity
BE,h1523,23.580956356622323,scr2012,dem,electricity
BE,h1524,23.149469679209037,scr2012,dem,electricity
BE,h1525,22.562289370183187,scr2012,dem,electricity
BE,h1526,22.00550030365667,scr2012,dem,electricity
BE,h1527,21.546816640791842,scr2012,dem,electricity
BE,h1528,21.51493640642034,scr2012,dem,electricity
BE,h1529,21.93118467302184,scr2012,dem,electricity
BE,h1530,22.480876041632,scr2012,dem,electricity
BE,h1531,22.750184916404983,scr2012,dem,electricity
BE,h1532,22.57677146829418,scr2012,dem,electricity
BE,h1533,22.2223701148305,scr2012,dem,electricity
BE,h1534,21.887325876056174,scr2012,dem,electricity
BE,h1535,21.62972436060633,scr2012,dem,electricity
BE,h1536,21.444766669660055,scr2012,dem,electricity
BE,h1537,21.216348412033835,scr2012,dem,electricity
BE,h1538,20.904835127353323,scr2012,dem,electricity
BE,h1539,20.511247087884275,scr2012,dem,electricity
BE,h1540,20.241860913744198,scr2012,dem,electricity
BE,h1541,20.20861526132642,scr2012,dem,electricity
BE,h1542,20.594212737458186,scr2012,dem,electricity
BE,h1543,21.4669565889725,scr2012,dem,electricity
BE,h1544,22.446296850371606,scr2012,dem,electricity
BE,h1545,23.097901876260515,scr2012,dem,electricity
BE,h1546,23.16410550601769,scr2012,dem,electricity
BE,h1547,22.85557098678372,scr2012,dem,electricity
BE,h1548,22.434777348346724,scr2012,dem,electricity
BE,h1549,21.869668987607533,scr2012,dem,electricity
BE,h1550,21.345154286920224,scr2012,dem,electricity
BE,h1551,20.909918889379508,scr2012,dem,electricity
BE,h1552,20.897069506421193,scr2012,dem,electricity
BE,h1553,21.273879070589626,scr2012,dem,electricity
BE,h1554,21.771629438257406,scr2012,dem,electricity
BE,h1555,21.980551920158764,scr2012,dem,electricity
BE,h1556,21.833416200828164,scr2012,dem,electricity
BE,h1557,21.50326220977125,scr2012,dem,electricity
BE,h1558,21.211413060612173,scr2012,dem,electricity
BE,h1559,20.959704662743835,scr2012,dem,electricity
BE,h1560,20.76974450739512,scr2012,dem,electricity
BE,h1561,20.54409755549433,scr2012,dem,electricity
BE,h1562,20.230277658088383,scr2012,dem,electricity
BE,h1563,19.843783960197076,scr2012,dem,electricity
BE,h1564,19.557227401592865,scr2012,dem,electricity
BE,h1565,19.503828461125753,scr2012,dem,electricity
BE,h1566,19.85356976529578,scr2012,dem,electricity
BE,h1567,20.671835174872367,scr2012,dem,electricity
BE,h1568,21.596430063389263,scr2012,dem,electricity
BE,h1569,22.231559383186543,scr2012,dem,electricity
BE,h1570,22.316049998912042,scr2012,dem,electricity
BE,h1571,22.039494368861092,scr2012,dem,electricity
BE,h1572,21.642872891235534,scr2012,dem,electricity
BE,h1573,21.111802104393018,scr2012,dem,electricity
BE,h1574,20.61254000646223,scr2012,dem,electricity
BE,h1575,20.182927461608575,scr2012,dem,electricity
BE,h1576,20.139115543757615,scr2012,dem,electricity
BE,h1577,20.45823424161774,scr2012,dem,electricity
BE,h1578,20.885388393400703,scr2012,dem,electricity
BE,h1579,21.04118759842103,scr2012,dem,electricity
BE,h1580,20.884608468845286,scr2012,dem,electricity
BE,h1581,20.566444338039165,scr2012,dem,electricity
BE,h1582,20.278987420063913,scr2012,dem,electricity
BE,h1583,20.013972745100364,scr2012,dem,electricity
BE,h1584,19.80163099394626,scr2012,dem,electricity
BE,h1585,19.546533658324172,scr2012,dem,electricity
BE,h1586,19.20259968315095,scr2012,dem,electricity
BE,h1587,18.794952130660125,scr2012,dem,electricity
BE,h1588,18.498252350703343,scr2012,dem,electricity
BE,h1589,18.429023096599057,scr2012,dem,electricity
BE,h1590,18.748263555306934,scr2012,dem,electricity
BE,h1591,19.52655464125986,scr2012,dem,electricity
BE,h1592,20.41539380650571,scr2012,dem,electricity
BE,h1593,21.02678084825823,scr2012,dem,electricity
BE,h1594,21.114855610967723,scr2012,dem,electricity
BE,h1595,20.86808317418258,scr2012,dem,electricity
BE,h1596,20.527310410711646,scr2012,dem,electricity
BE,h1597,20.045074105028792,scr2012,dem,electricity
BE,h1598,19.590383962659494,scr2012,dem,electricity
BE,h1599,19.18850630858021,scr2012,dem,electricity
BE,h1600,19.1471864325159,scr2012,dem,electricity
BE,h1601,19.447924965840045,scr2012,dem,electricity
BE,h1602,19.86053331463997,scr2012,dem,electricity
BE,h1603,20.04650345224439,scr2012,dem,electricity
BE,h1604,19.94427166807637,scr2012,dem,electricity
BE,h1605,19.67155855479271,scr2012,dem,electricity
BE,h1606,19.401425513362824,scr2012,dem,electricity
BE,h1607,19.147387987220505,scr2012,dem,electricity
BE,h1608,18.95681600223383,scr2012,dem,electricity
BE,h1609,18.71524981988827,scr2012,dem,electricity
BE,h1610,18.384301583567808,scr2012,dem,electricity
BE,h1611,17.98914836271418,scr2012,dem,electricity
BE,h1612,17.73015407375401,scr2012,dem,electricity
BE,h1613,17.70097565358207,scr2012,dem,electricity
BE,h1614,18.06514304927554,scr2012,dem,electricity
BE,h1615,18.873332129198143,scr2012,dem,electricity
BE,h1616,19.79328073545396,scr2012,dem,electricity
BE,h1617,20.459291977695194,scr2012,dem,electricity
BE,h1618,20.62295992840266,scr2012,dem,electricity
BE,h1619,20.477174544024468,scr2012,dem,electricity
BE,h1620,20.20838770724972,scr2012,dem,electricity
BE,h1621,19.819756671057192,scr2012,dem,electricity
BE,h1622,19.411907063458777,scr2012,dem,electricity
BE,h1623,19.057304113045507,scr2012,dem,electricity
BE,h1624,19.012209143077957,scr2012,dem,electricity
BE,h1625,19.364985776862316,scr2012,dem,electricity
BE,h1626,19.83171258457296,scr2012,dem,electricity
BE,h1627,20.08537352039666,scr2012,dem,electricity
BE,h1628,20.005826900359178,scr2012,dem,electricity
BE,h1629,19.791403778381653,scr2012,dem,electricity
BE,h1630,19.6174668209322,scr2012,dem,electricity
BE,h1631,19.51972334857854,scr2012,dem,electricity
BE,h1632,19.50035569152202,scr2012,dem,electricity
BE,h1633,19.431102061859097,scr2012,dem,electricity
BE,h1634,19.217177948089113,scr2012,dem,electricity
BE,h1635,18.87212858414687,scr2012,dem,electricity
BE,h1636,18.61058908668494,scr2012,dem,electricity
BE,h1637,18.545514300453675,scr2012,dem,electricity
BE,h1638,18.78082326816222,scr2012,dem,electricity
BE,h1639,19.23141376422491,scr2012,dem,electricity
BE,h1640,19.707117881574387,scr2012,dem,electricity
BE,h1641,20.10596964234268,scr2012,dem,electricity
BE,h1642,20.348394464132234,scr2012,dem,electricity
BE,h1643,20.421939033143868,scr2012,dem,electricity
BE,h1644,20.290457214078888,scr2012,dem,electricity
BE,h1645,19.958328205796,scr2012,dem,electricity
BE,h1646,19.531447557194316,scr2012,dem,electricity
BE,h1647,19.140482798625644,scr2012,dem,electricity
BE,h1648,19.053947323097184,scr2012,dem,electricity
BE,h1649,19.433579654508616,scr2012,dem,electricity
BE,h1650,19.981443881966868,scr2012,dem,electricity
BE,h1651,20.293128273453796,scr2012,dem,electricity
BE,h1652,20.244010560979564,scr2012,dem,electricity
BE,h1653,20.03102399598171,scr2012,dem,electricity
BE,h1654,19.864132126537363,scr2012,dem,electricity
BE,h1655,19.716755436742215,scr2012,dem,electricity
BE,h1656,19.649605780339563,scr2012,dem,electricity
BE,h1657,19.546430863823268,scr2012,dem,electricity
BE,h1658,19.361387203081172,scr2012,dem,electricity
BE,h1659,19.032778711489872,scr2012,dem,electricity
BE,h1660,18.743328575600135,scr2012,dem,electricity
BE,h1661,18.615893455975726,scr2012,dem,electricity
BE,h1662,18.765493792308114,scr2012,dem,electricity
BE,h1663,19.09204111009924,scr2012,dem,electricity
BE,h1664,19.368057684195474,scr2012,dem,electricity
BE,h1665,19.53832313412131,scr2012,dem,electricity
BE,h1666,19.564263571414543,scr2012,dem,electricity
BE,h1667,19.524858937629613,scr2012,dem,electricity
BE,h1668,19.36389070104194,scr2012,dem,electricity
BE,h1669,19.069865369663738,scr2012,dem,electricity
BE,h1670,18.6229873645789,scr2012,dem,electricity
BE,h1671,18.138519878981292,scr2012,dem,electricity
BE,h1672,17.90578596613431,scr2012,dem,electricity
BE,h1673,18.14258693909319,scr2012,dem,electricity
BE,h1674,18.573682242222088,scr2012,dem,electricity
BE,h1675,18.8570666509886,scr2012,dem,electricity
BE,h1676,18.918529963941502,scr2012,dem,electricity
BE,h1677,18.873446340012908,scr2012,dem,electricity
BE,h1678,18.79430067838684,scr2012,dem,electricity
BE,h1679,18.613154498850612,scr2012,dem,electricity
BE,h1680,18.38734730029981,scr2012,dem,electricity
BE,h1681,18.100621145302227,scr2012,dem,electricity
BE,h1682,17.794442131410044,scr2012,dem,electricity
BE,h1683,17.448041980939802,scr2012,dem,electricity
BE,h1684,17.20389407582739,scr2012,dem,electricity
BE,h1685,17.149781421252587,scr2012,dem,electricity
BE,h1686,17.487012234256017,scr2012,dem,electricity
BE,h1687,18.31398199819063,scr2012,dem,electricity
BE,h1688,19.249321577654992,scr2012,dem,electricity
BE,h1689,19.91178672775278,scr2012,dem,electricity
BE,h1690,20.046443984502623,scr2012,dem,electricity
BE,h1691,19.85534572189423,scr2012,dem,electricity
BE,h1692,19.528300440803477,scr2012,dem,electricity
BE,h1693,19.055320253475987,scr2012,dem,electricity
BE,h1694,18.61461911040498,scr2012,dem,electricity
BE,h1695,18.25323936245847,scr2012,dem,electricity
BE,h1696,18.213119854606074,scr2012,dem,electricity
BE,h1697,18.474566680446827,scr2012,dem,electricity
BE,h1698,18.840019957534196,scr2012,dem,electricity
BE,h1699,18.99664542779564,scr2012,dem,electricity
BE,h1700,18.91846852488676,scr2012,dem,electricity
BE,h1701,18.681833485398634,scr2012,dem,electricity
BE,h1702,18.42084259109758,scr2012,dem,electricity
BE,h1703,18.131030954915175,scr2012,dem,electricity
BE,h1704,17.875477437968087,scr2012,dem,electricity
BE,h1705,17.592186259509436,scr2012,dem,electricity
BE,h1706,17.237625529679736,scr2012,dem,electricity
BE,h1707,16.84240671883263,scr2012,dem,electricity
BE,h1708,16.587805885791674,scr2012,dem,electricity
BE,h1709,16.548866696693278,scr2012,dem,electricity
BE,h1710,16.880548145692,scr2012,dem,electricity
BE,h1711,17.645778965442084,scr2012,dem,electricity
BE,h1712,18.528711720903434,scr2012,dem,electricity
BE,h1713,19.181956757376053,scr2012,dem,electricity
BE,h1714,19.36340468261628,scr2012,dem,electricity
BE,h1715,19.23468924457406,scr2012,dem,electricity
BE,h1716,18.985424522037967,scr2012,dem,electricity
BE,h1717,18.58361967684732,scr2012,dem,electricity
BE,h1718,18.199634686991825,scr2012,dem,electricity
BE,h1719,17.865775514018598,scr2012,dem,electricity
BE,h1720,17.8479679761247,scr2012,dem,electricity
BE,h1721,18.129823049309483,scr2012,dem,electricity
BE,h1722,18.513402029688958,scr2012,dem,electricity
BE,h1723,18.6921358665997,scr2012,dem,electricity
BE,h1724,18.635580777664753,scr2012,dem,electricity
BE,h1725,18.41455323742372,scr2012,dem,electricity
BE,h1726,18.174441831260847,scr2012,dem,electricity
BE,h1727,17.910413164514623,scr2012,dem,electricity
BE,h1728,17.682141847655213,scr2012,dem,electricity
BE,h1729,17.438518296939858,scr2012,dem,electricity
BE,h1730,17.120529403916404,scr2012,dem,electricity
BE,h1731,16.764285822185293,scr2012,dem,electricity
BE,h1732,16.52766036354382,scr2012,dem,electricity
BE,h1733,16.509388106897255,scr2012,dem,electricity
BE,h1734,16.861247479827462,scr2012,dem,electricity
BE,h1735,17.637721223154017,scr2012,dem,electricity
BE,h1736,18.53335430185622,scr2012,dem,electricity
BE,h1737,19.208429611963354,scr2012,dem,electricity
BE,h1738,19.42642246344763,scr2012,dem,electricity
BE,h1739,19.338471785331123,scr2012,dem,electricity
BE,h1740,19.130984764166264,scr2012,dem,electricity
BE,h1741,18.781240950295754,scr2012,dem,electricity
BE,h1742,18.433355101365255,scr2012,dem,electricity
BE,h1743,18.125970603998482,scr2012,dem,electricity
BE,h1744,18.13204334629027,scr2012,dem,electricity
BE,h1745,18.45848722006891,scr2012,dem,electricity
BE,h1746,18.881279579666895,scr2012,dem,electricity
BE,h1747,19.088627955845304,scr2012,dem,electricity
BE,h1748,19.067757976088572,scr2012,dem,electricity
BE,h1749,18.911641423216015,scr2012,dem,electricity
BE,h1750,18.75511197807608,scr2012,dem,electricity
BE,h1751,18.563505161938824,scr2012,dem,electricity
BE,h1752,18.403338035763873,scr2012,dem,electricity
BE,h1753,18.21285664613477,scr2012,dem,electricity
BE,h1754,17.946924234182063,scr2012,dem,electricity
BE,h1755,17.63186881583529,scr2012,dem,electricity
BE,h1756,17.439860398884772,scr2012,dem,electricity
BE,h1757,17.47232386611412,scr2012,dem,electricity
BE,h1758,17.892131302752794,scr2012,dem,electricity
BE,h1759,18.74309208258198,scr2012,dem,electricity
BE,h1760,19.709039298003233,scr2012,dem,electricity
BE,h1761,20.428599252812464,scr2012,dem,electricity
BE,h1762,20.668121840249352,scr2012,dem,electricity
BE,h1763,20.581615716348487,scr2012,dem,electricity
BE,h1764,20.364735618883234,scr2012,dem,electricity
BE,h1765,19.987295879488034,scr2012,dem,electricity
BE,h1766,19.61018071880095,scr2012,dem,electricity
BE,h1767,19.286109159977016,scr2012,dem,electricity
BE,h1768,19.3122697262675,scr2012,dem,electricity
BE,h1769,19.720605611551196,scr2012,dem,electricity
BE,h1770,20.240867767510274,scr2012,dem,electricity
BE,h1771,20.495910795565706,scr2012,dem,electricity
BE,h1772,20.435768131948127,scr2012,dem,electricity
BE,h1773,20.22340925478746,scr2012,dem,electricity
BE,h1774,20.04330951321548,scr2012,dem,electricity
BE,h1775,19.854812469717217,scr2012,dem,electricity
BE,h1776,19.703991401504016,scr2012,dem,electricity
BE,h1777,19.511296574459283,scr2012,dem,electricity
BE,h1778,19.251471083571193,scr2012,dem,electricity
BE,h1779,18.9241143602319,scr2012,dem,electricity
BE,h1780,18.721071601922738,scr2012,dem,electricity
BE,h1781,18.731081146856894,scr2012,dem,electricity
BE,h1782,19.154798790653818,scr2012,dem,electricity
BE,h1783,20.022670545702947,scr2012,dem,electricity
BE,h1784,21.012656985142854,scr2012,dem,electricity
BE,h1785,21.72587906557612,scr2012,dem,electricity
BE,h1786,21.908551386922497,scr2012,dem,electricity
BE,h1787,21.735285247914746,scr2012,dem,electricity
BE,h1788,21.396829207677897,scr2012,dem,electricity
BE,h1789,20.932108817513996,scr2012,dem,electricity
BE,h1790,20.457061183025587,scr2012,dem,electricity
BE,h1791,20.052444231788876,scr2012,dem,electricity
BE,h1792,19.991575238156127,scr2012,dem,electricity
BE,h1793,20.356172536178573,scr2012,dem,electricity
BE,h1794,20.838177204894272,scr2012,dem,electricity
BE,h1795,21.006112384481305,scr2012,dem,electricity
BE,h1796,20.816831098105396,scr2012,dem,electricity
BE,h1797,20.510383640357436,scr2012,dem,electricity
BE,h1798,20.320633252713083,scr2012,dem,electricity
BE,h1799,20.170713975839327,scr2012,dem,electricity
BE,h1800,20.06271674891073,scr2012,dem,electricity
BE,h1801,19.891713636898743,scr2012,dem,electricity
BE,h1802,19.59691755613333,scr2012,dem,electricity
BE,h1803,19.171275346510555,scr2012,dem,electricity
BE,h1804,18.822697158206502,scr2012,dem,electricity
BE,h1805,18.669480699385307,scr2012,dem,electricity
BE,h1806,18.812630946000795,scr2012,dem,electricity
BE,h1807,19.161267662778965,scr2012,dem,electricity
BE,h1808,19.53181165589675,scr2012,dem,electricity
BE,h1809,19.838866554730856,scr2012,dem,electricity
BE,h1810,20.00386943878624,scr2012,dem,electricity
BE,h1811,20.000502016968625,scr2012,dem,electricity
BE,h1812,19.77443812477483,scr2012,dem,electricity
BE,h1813,19.354736770673963,scr2012,dem,electricity
BE,h1814,18.842351696206844,scr2012,dem,electricity
BE,h1815,18.376055719682288,scr2012,dem,electricity
BE,h1816,18.19445071947461,scr2012,dem,electricity
BE,h1817,18.459197613638157,scr2012,dem,electricity
BE,h1818,18.872522573731356,scr2012,dem,electricity
BE,h1819,19.04791044638179,scr2012,dem,electricity
BE,h1820,18.929116907031034,scr2012,dem,electricity
BE,h1821,18.674309708347185,scr2012,dem,electricity
BE,h1822,18.48373611849297,scr2012,dem,electricity
BE,h1823,18.26608764036145,scr2012,dem,electricity
BE,h1824,18.102276732865164,scr2012,dem,electricity
BE,h1825,17.896696503026135,scr2012,dem,electricity
BE,h1826,17.61255188331416,scr2012,dem,electricity
BE,h1827,17.229094183977658,scr2012,dem,electricity
BE,h1828,16.896931684848862,scr2012,dem,electricity
BE,h1829,16.73035576932631,scr2012,dem,electricity
BE,h1830,16.803038881375826,scr2012,dem,electricity
BE,h1831,17.03144465018507,scr2012,dem,electricity
BE,h1832,17.22297643432754,scr2012,dem,electricity
BE,h1833,17.354070854255124,scr2012,dem,electricity
BE,h1834,17.414684830387493,scr2012,dem,electricity
BE,h1835,17.446019895085954,scr2012,dem,electricity
BE,h1836,17.374373534935106,scr2012,dem,electricity
BE,h1837,17.166502167273862,scr2012,dem,electricity
BE,h1838,16.80518444526183,scr2012,dem,electricity
BE,h1839,16.391900382918376,scr2012,dem,electricity
BE,h1840,16.191587470369626,scr2012,dem,electricity
BE,h1841,16.402376099177804,scr2012,dem,electricity
BE,h1842,16.80493473751935,scr2012,dem,electricity
BE,h1843,17.074684136236435,scr2012,dem,electricity
BE,h1844,17.19030276348954,scr2012,dem,electricity
BE,h1845,17.222459678733475,scr2012,dem,electricity
BE,h1846,17.23065866736456,scr2012,dem,electricity
BE,h1847,17.116070682672166,scr2012,dem,electricity
BE,h1848,16.93032991890837,scr2012,dem,electricity
BE,h1849,16.681514414533666,scr2012,dem,electricity
BE,h1850,16.427856827472326,scr2012,dem,electricity
BE,h1851,16.144816843243174,scr2012,dem,electricity
BE,h1852,15.975677598282122,scr2012,dem,electricity
BE,h1853,15.991738377280658,scr2012,dem,electricity
BE,h1854,16.393226522758475,scr2012,dem,electricity
BE,h1855,17.248017102858153,scr2012,dem,electricity
BE,h1856,18.22240965363782,scr2012,dem,electricity
BE,h1857,18.95689028239469,scr2012,dem,electricity
BE,h1858,19.216934527773052,scr2012,dem,electricity
BE,h1859,19.148027490421,scr2012,dem,electricity
BE,h1860,18.923925747053758,scr2012,dem,electricity
BE,h1861,18.537418824516056,scr2012,dem,electricity
BE,h1862,18.165478508390684,scr2012,dem,electricity
BE,h1863,17.863752138041846,scr2012,dem,electricity
BE,h1864,17.864511057667375,scr2012,dem,electricity
BE,h1865,18.162622162565288,scr2012,dem,electricity
BE,h1866,18.561082838565813,scr2012,dem,electricity
BE,h1867,18.72021324459561,scr2012,dem,electricity
BE,h1868,18.642513015994663,scr2012,dem,electricity
BE,h1869,18.44059699207188,scr2012,dem,electricity
BE,h1870,18.25425685367987,scr2012,dem,electricity
BE,h1871,18.03074596591884,scr2012,dem,electricity
BE,h1872,17.787797493841897,scr2012,dem,electricity
BE,h1873,17.505444653640954,scr2012,dem,electricity
BE,h1874,17.1630098972628,scr2012,dem,electricity
BE,h1875,16.790750309507875,scr2012,dem,electricity
BE,h1876,16.561952780681487,scr2012,dem,electricity
BE,h1877,16.550825411772255,scr2012,dem,electricity
BE,h1878,16.92256498452242,scr2012,dem,electricity
BE,h1879,17.707306176687435,scr2012,dem,electricity
BE,h1880,18.621986256796447,scr2012,dem,electricity
BE,h1881,19.291024688688985,scr2012,dem,electricity
BE,h1882,19.50867528272312,scr2012,dem,electricity
BE,h1883,19.390381686057474,scr2012,dem,electricity
BE,h1884,19.144016925861965,scr2012,dem,electricity
BE,h1885,18.738099283328932,scr2012,dem,electricity
BE,h1886,18.345481108152658,scr2012,dem,electricity
BE,h1887,18.017103663755456,scr2012,dem,electricity
BE,h1888,18.013740349441132,scr2012,dem,electricity
BE,h1889,18.33809042852914,scr2012,dem,electricity
BE,h1890,18.764131478709455,scr2012,dem,electricity
BE,h1891,18.93088111951547,scr2012,dem,electricity
BE,h1892,18.835680362241522,scr2012,dem,electricity
BE,h1893,18.606805194756095,scr2012,dem,electricity
BE,h1894,18.410711399387708,scr2012,dem,electricity
BE,h1895,18.185618421851057,scr2012,dem,electricity
BE,h1896,17.949441830020273,scr2012,dem,electricity
BE,h1897,17.677688139996448,scr2012,dem,electricity
BE,h1898,17.339861523152866,scr2012,dem,electricity
BE,h1899,16.964466002828296,scr2012,dem,electricity
BE,h1900,16.718557151968852,scr2012,dem,electricity
BE,h1901,16.695634862762464,scr2012,dem,electricity
BE,h1902,17.057827077720912,scr2012,dem,electricity
BE,h1903,17.824882200671702,scr2012,dem,electricity
BE,h1904,18.72424632963895,scr2012,dem,electricity
BE,h1905,19.390459552942378,scr2012,dem,electricity
BE,h1906,19.613831037876366,scr2012,dem,electricity
BE,h1907,19.489877455483054,scr2012,dem,electricity
BE,h1908,19.23291964536859,scr2012,dem,electricity
BE,h1909,18.83059895949844,scr2012,dem,electricity
BE,h1910,18.44245394792229,scr2012,dem,electricity
BE,h1911,18.107800624484103,scr2012,dem,electricity
BE,h1912,18.09324103491128,scr2012,dem,electricity
BE,h1913,18.414287756507868,scr2012,dem,electricity
BE,h1914,18.837322694278676,scr2012,dem,electricity
BE,h1915,18.98422174381794,scr2012,dem,electricity
BE,h1916,18.863309975029384,scr2012,dem,electricity
BE,h1917,18.627147202190613,scr2012,dem,electricity
BE,h1918,18.44075590026621,scr2012,dem,electricity
BE,h1919,18.229119071659785,scr2012,dem,electricity
BE,h1920,17.992509435333403,scr2012,dem,electricity
BE,h1921,17.707741328862138,scr2012,dem,electricity
BE,h1922,17.35579993195513,scr2012,dem,electricity
BE,h1923,16.965641185678283,scr2012,dem,electricity
BE,h1924,16.708094161727697,scr2012,dem,electricity
BE,h1925,16.670783647598412,scr2012,dem,electricity
BE,h1926,17.017351151884384,scr2012,dem,electricity
BE,h1927,17.765257036773082,scr2012,dem,electricity
BE,h1928,18.644952338846302,scr2012,dem,electricity
BE,h1929,19.27956738065383,scr2012,dem,electricity
BE,h1930,19.477111541235143,scr2012,dem,electricity
BE,h1931,19.329696653735656,scr2012,dem,electricity
BE,h1932,19.06058138028661,scr2012,dem,electricity
BE,h1933,18.62986795831164,scr2012,dem,electricity
BE,h1934,18.209857057209604,scr2012,dem,electricity
BE,h1935,17.840381337708344,scr2012,dem,electricity
BE,h1936,17.788378513724005,scr2012,dem,electricity
BE,h1937,18.06686074439131,scr2012,dem,electricity
BE,h1938,18.442095315037193,scr2012,dem,electricity
BE,h1939,18.56188215136823,scr2012,dem,electricity
BE,h1940,18.415935112032987,scr2012,dem,electricity
BE,h1941,18.155326750477506,scr2012,dem,electricity
BE,h1942,17.93439373987148,scr2012,dem,electricity
BE,h1943,17.691293920776086,scr2012,dem,electricity
BE,h1944,17.427209288135103,scr2012,dem,electricity
BE,h1945,17.127949706251293,scr2012,dem,electricity
BE,h1946,16.75942624449317,scr2012,dem,electricity
BE,h1947,16.362922729742174,scr2012,dem,electricity
BE,h1948,16.09492007660331,scr2012,dem,electricity
BE,h1949,16.03856579366494,scr2012,dem,electricity
BE,h1950,16.34896350017117,scr2012,dem,electricity
BE,h1951,17.05991451261095,scr2012,dem,electricity
BE,h1952,17.918370023750853,scr2012,dem,electricity
BE,h1953,18.5635888729413,scr2012,dem,electricity
BE,h1954,18.766970870246627,scr2012,dem,electricity
BE,h1955,18.630281568965255,scr2012,dem,electricity
BE,h1956,18.374624137006467,scr2012,dem,electricity
BE,h1957,17.99194197411867,scr2012,dem,electricity
BE,h1958,17.62118562348122,scr2012,dem,electricity
BE,h1959,17.283389453510015,scr2012,dem,electricity
BE,h1960,17.2184412207913,scr2012,dem,electricity
BE,h1961,17.47132721920412,scr2012,dem,electricity
BE,h1962,17.826849042397516,scr2012,dem,electricity
BE,h1963,17.962093801513284,scr2012,dem,electricity
BE,h1964,17.875627696769214,scr2012,dem,electricity
BE,h1965,17.701545539900906,scr2012,dem,electricity
BE,h1966,17.59904529784826,scr2012,dem,electricity
BE,h1967,17.49091997381848,scr2012,dem,electricity
BE,h1968,17.39279759057027,scr2012,dem,electricity
BE,h1969,17.235105628292285,scr2012,dem,electricity
BE,h1970,16.96721365662181,scr2012,dem,electricity
BE,h1971,16.606036811311988,scr2012,dem,electricity
BE,h1972,16.33935899013012,scr2012,dem,electricity
BE,h1973,16.249945281368223,scr2012,dem,electricity
BE,h1974,16.430996780580514,scr2012,dem,electricity
BE,h1975,16.784415669854805,scr2012,dem,electricity
BE,h1976,17.16636479867789,scr2012,dem,electricity
BE,h1977,17.52183388933986,scr2012,dem,electricity
BE,h1978,17.781485769789068,scr2012,dem,electricity
BE,h1979,17.9000464601533,scr2012,dem,electricity
BE,h1980,17.798654827771045,scr2012,dem,electricity
BE,h1981,17.50542457458461,scr2012,dem,electricity
BE,h1982,17.118127047460302,scr2012,dem,electricity
BE,h1983,16.758699745516413,scr2012,dem,electricity
BE,h1984,16.640226539311715,scr2012,dem,electricity
BE,h1985,16.913873927706316,scr2012,dem,electricity
BE,h1986,17.322887443061866,scr2012,dem,electricity
BE,h1987,17.515414058983005,scr2012,dem,electricity
BE,h1988,17.45621382395456,scr2012,dem,electricity
BE,h1989,17.2679921424424,scr2012,dem,electricity
BE,h1990,17.15062527441943,scr2012,dem,electricity
BE,h1991,16.98048511215953,scr2012,dem,electricity
BE,h1992,16.839747639941333,scr2012,dem,electricity
BE,h1993,16.62777417718091,scr2012,dem,electricity
BE,h1994,16.383861242786317,scr2012,dem,electricity
BE,h1995,16.085147570483063,scr2012,dem,electricity
BE,h1996,15.844345403692564,scr2012,dem,electricity
BE,h1997,15.702907744433332,scr2012,dem,electricity
BE,h1998,15.74668983871825,scr2012,dem,electricity
BE,h1999,15.98035970503928,scr2012,dem,electricity
BE,h2000,16.211528778280837,scr2012,dem,electricity
BE,h2001,16.363515861997136,scr2012,dem,electricity
BE,h2002,16.422368010902037,scr2012,dem,electricity
BE,h2003,16.458464953065462,scr2012,dem,electricity
BE,h2004,16.430278120207273,scr2012,dem,electricity
BE,h2005,16.28370680094291,scr2012,dem,electricity
BE,h2006,15.96383368464124,scr2012,dem,electricity
BE,h2007,15.579295919084014,scr2012,dem,electricity
BE,h2008,15.346348465149681,scr2012,dem,electricity
BE,h2009,15.479321875309594,scr2012,dem,electricity
BE,h2010,15.77331741701283,scr2012,dem,electricity
BE,h2011,15.908556384813547,scr2012,dem,electricity
BE,h2012,15.798965226234735,scr2012,dem,electricity
BE,h2013,15.793615733124742,scr2012,dem,electricity
BE,h2014,15.893880690299827,scr2012,dem,electricity
BE,h2015,15.984811710593963,scr2012,dem,electricity
BE,h2016,15.842663368664404,scr2012,dem,electricity
BE,h2017,15.543624103681879,scr2012,dem,electricity
BE,h2018,15.222472008635343,scr2012,dem,electricity
BE,h2019,14.870027712768302,scr2012,dem,electricity
BE,h2020,14.640529431062529,scr2012,dem,electricity
BE,h2021,14.58600535217288,scr2012,dem,electricity
BE,h2022,14.881910106511025,scr2012,dem,electricity
BE,h2023,15.629445132524697,scr2012,dem,electricity
BE,h2024,16.55912015963245,scr2012,dem,electricity
BE,h2025,17.270862810145502,scr2012,dem,electricity
BE,h2026,17.5188793189591,scr2012,dem,electricity
BE,h2027,17.43514648688175,scr2012,dem,electricity
BE,h2028,17.239991016833816,scr2012,dem,electricity
BE,h2029,16.912593704785643,scr2012,dem,electricity
BE,h2030,16.566624960592513,scr2012,dem,electricity
BE,h2031,16.252861397468813,scr2012,dem,electricity
BE,h2032,16.156479805503828,scr2012,dem,electricity
BE,h2033,16.291626442854838,scr2012,dem,electricity
BE,h2034,16.492827927261786,scr2012,dem,electricity
BE,h2035,16.45685515820908,scr2012,dem,electricity
BE,h2036,16.08574395233523,scr2012,dem,electricity
BE,h2037,15.79435864575445,scr2012,dem,electricity
BE,h2038,15.636534984342198,scr2012,dem,electricity
BE,h2039,15.602884630665926,scr2012,dem,electricity
BE,h2040,15.357026598599745,scr2012,dem,electricity
BE,h2041,14.966285582693601,scr2012,dem,electricity
BE,h2042,14.495182239822245,scr2012,dem,electricity
BE,h2043,14.02700485852413,scr2012,dem,electricity
BE,h2044,13.719271147642605,scr2012,dem,electricity
BE,h2045,13.61010388769477,scr2012,dem,electricity
BE,h2046,13.81775860506172,scr2012,dem,electricity
BE,h2047,14.443415780532963,scr2012,dem,electricity
BE,h2048,15.257401438491975,scr2012,dem,electricity
BE,h2049,15.875201090094158,scr2012,dem,electricity
BE,h2050,16.072268914025766,scr2012,dem,electricity
BE,h2051,15.958338947127867,scr2012,dem,electricity
BE,h2052,15.759745151990408,scr2012,dem,electricity
BE,h2053,15.43597729190617,scr2012,dem,electricity
BE,h2054,15.106784443170977,scr2012,dem,electricity
BE,h2055,14.804499818521073,scr2012,dem,electricity
BE,h2056,14.704618593522483,scr2012,dem,electricity
BE,h2057,14.792303826222753,scr2012,dem,electricity
BE,h2058,14.935822552593553,scr2012,dem,electricity
BE,h2059,14.872479221200095,scr2012,dem,electricity
BE,h2060,14.563923909879442,scr2012,dem,electricity
BE,h2061,14.33146199286249,scr2012,dem,electricity
BE,h2062,14.208511554402513,scr2012,dem,electricity
BE,h2063,14.163358486879268,scr2012,dem,electricity
BE,h2064,13.915186222616484,scr2012,dem,electricity
BE,h2065,13.5329024939514,scr2012,dem,electricity
BE,h2066,13.06046136586852,scr2012,dem,electricity
BE,h2067,12.597249466546213,scr2012,dem,electricity
BE,h2068,12.290142252669028,scr2012,dem,electricity
BE,h2069,12.174564994363468,scr2012,dem,electricity
BE,h2070,12.349916843507863,scr2012,dem,electricity
BE,h2071,12.91616226074959,scr2012,dem,electricity
BE,h2072,13.674777041852575,scr2012,dem,electricity
BE,h2073,14.286131788814401,scr2012,dem,electricity
BE,h2074,14.524526683024245,scr2012,dem,electricity
BE,h2075,14.47262249413334,scr2012,dem,electricity
BE,h2076,14.34134803879926,scr2012,dem,electricity
BE,h2077,14.096334602898573,scr2012,dem,electricity
BE,h2078,13.83438958498299,scr2012,dem,electricity
BE,h2079,13.569687813363448,scr2012,dem,electricity
BE,h2080,13.458697260302216,scr2012,dem,electricity
BE,h2081,13.489566806481868,scr2012,dem,electricity
BE,h2082,13.557764893853442,scr2012,dem,electricity
BE,h2083,13.462153362864974,scr2012,dem,electricity
BE,h2084,13.160970083003527,scr2012,dem,electricity
BE,h2085,12.954325271848063,scr2012,dem,electricity
BE,h2086,12.834933921575239,scr2012,dem,electricity
BE,h2087,12.795726843467325,scr2012,dem,electricity
BE,h2088,12.545024516297449,scr2012,dem,electricity
BE,h2089,12.147082529897762,scr2012,dem,electricity
BE,h2090,11.656958048894143,scr2012,dem,electricity
BE,h2091,11.189615172367457,scr2012,dem,electricity
BE,h2092,10.891305307572356,scr2012,dem,electricity
BE,h2093,10.777146018101615,scr2012,dem,electricity
BE,h2094,10.933588654890645,scr2012,dem,electricity
BE,h2095,11.468008633743203,scr2012,dem,electricity
BE,h2096,12.203046294195968,scr2012,dem,electricity
BE,h2097,12.826026248335303,scr2012,dem,electricity
BE,h2098,13.114940002086854,scr2012,dem,electricity
BE,h2099,13.142467085966494,scr2012,dem,electricity
BE,h2100,13.09744053047806,scr2012,dem,electricity
BE,h2101,12.924139413727374,scr2012,dem,electricity
BE,h2102,12.728241696705517,scr2012,dem,electricity
BE,h2103,12.517989755749888,scr2012,dem,electricity
BE,h2104,12.442164956196205,scr2012,dem,electricity
BE,h2105,12.484076713392923,scr2012,dem,electricity
BE,h2106,12.570514283918701,scr2012,dem,electricity
BE,h2107,12.534977423972876,scr2012,dem,electricity
BE,h2108,12.31882706624014,scr2012,dem,electricity
BE,h2109,12.183959045184796,scr2012,dem,electricity
BE,h2110,12.118764032897232,scr2012,dem,electricity
BE,h2111,12.130221664550533,scr2012,dem,electricity
BE,h2112,11.9451360080405,scr2012,dem,electricity
BE,h2113,11.636959838390464,scr2012,dem,electricity
BE,h2114,11.224543444997938,scr2012,dem,electricity
BE,h2115,10.83411262114604,scr2012,dem,electricity
BE,h2116,10.597297648942185,scr2012,dem,electricity
BE,h2117,10.55033559892767,scr2012,dem,electricity
BE,h2118,10.754380266166834,scr2012,dem,electricity
BE,h2119,11.321334738217864,scr2012,dem,electricity
BE,h2120,12.069747504302924,scr2012,dem,electricity
BE,h2121,12.717566262800023,scr2012,dem,electricity
BE,h2122,13.019747888380603,scr2012,dem,electricity
BE,h2123,13.061992269865971,scr2012,dem,electricity
BE,h2124,13.034188597022602,scr2012,dem,electricity
BE,h2125,12.892074717869175,scr2012,dem,electricity
BE,h2126,12.724674573147343,scr2012,dem,electricity
BE,h2127,12.514849876396166,scr2012,dem,electricity
BE,h2128,12.385993953499291,scr2012,dem,electricity
BE,h2129,12.366509671042422,scr2012,dem,electricity
BE,h2130,12.411241691157226,scr2012,dem,electricity
BE,h2131,12.363859849271847,scr2012,dem,electricity
BE,h2132,12.156612718017872,scr2012,dem,electricity
BE,h2133,12.017453841512253,scr2012,dem,electricity
BE,h2134,11.978423120993831,scr2012,dem,electricity
BE,h2135,12.038720999383557,scr2012,dem,electricity
BE,h2136,11.94512158709622,scr2012,dem,electricity
BE,h2137,11.702793920945446,scr2012,dem,electricity
BE,h2138,11.319943673877372,scr2012,dem,electricity
BE,h2139,10.902684597619597,scr2012,dem,electricity
BE,h2140,10.60894859991658,scr2012,dem,electricity
BE,h2141,10.461657586242168,scr2012,dem,electricity
BE,h2142,10.478122958800775,scr2012,dem,electricity
BE,h2143,10.64823221060934,scr2012,dem,electricity
BE,h2144,10.893304735276931,scr2012,dem,electricity
BE,h2145,11.226376952885538,scr2012,dem,electricity
BE,h2146,11.554069524230865,scr2012,dem,electricity
BE,h2147,11.839860433612117,scr2012,dem,electricity
BE,h2148,11.968691065383663,scr2012,dem,electricity
BE,h2149,11.948498130956569,scr2012,dem,electricity
BE,h2150,11.807959098477632,scr2012,dem,electricity
BE,h2151,11.630652475264405,scr2012,dem,electricity
BE,h2152,11.509849783964842,scr2012,dem,electricity
BE,h2153,11.591372545491136,scr2012,dem,electricity
BE,h2154,11.761206674301096,scr2012,dem,electricity
BE,h2155,11.863235657347058,scr2012,dem,electricity
BE,h2156,11.78696220737287,scr2012,dem,electricity
BE,h2157,11.760876673691513,scr2012,dem,electricity
BE,h2158,11.824588336974877,scr2012,dem,electricity
BE,h2159,11.924977074857658,scr2012,dem,electricity
BE,h2160,11.904285689579428,scr2012,dem,electricity
BG,h1441,9.72136544635644,scr2012,dem,electricity
BG,h1442,9.647537970198297,scr2012,dem,electricity
BG,h1443,9.533153638670264,scr2012,dem,electricity
BG,h1444,9.449922616731715,scr2012,dem,electricity
BG,h1445,9.47628551559238,scr2012,dem,electricity
BG,h1446,9.74381327417164,scr2012,dem,electricity
BG,h1447,10.239217893535578,scr2012,dem,electricity
BG,h1448,10.746605939564411,scr2012,dem,electricity
BG,h1449,11.026085772878819,scr2012,dem,electricity
BG,h1450,11.010352408173027,scr2012,dem,electricity
BG,h1451,10.830907435771955,scr2012,dem,electricity
BG,h1452,10.612563338114938,scr2012,dem,electricity
BG,h1453,10.388272952163291,scr2012,dem,electricity
BG,h1454,10.165173054860567,scr2012,dem,electricity
BG,h1455,10.013939855641095,scr2012,dem,electricity
BG,h1456,10.058242979758376,scr2012,dem,electricity
BG,h1457,10.369472345636122,scr2012,dem,electricity
BG,h1458,10.754697177429051,scr2012,dem,electricity
BG,h1459,10.971078550160549,scr2012,dem,electricity
BG,h1460,10.903839676508504,scr2012,dem,electricity
BG,h1461,10.771321506254303,scr2012,dem,electricity
BG,h1462,10.688916610445482,scr2012,dem,electricity
BG,h1463,10.645567442160111,scr2012,dem,electricity
BG,h1464,10.608854139086723,scr2012,dem,electricity
BG,h1465,10.550890088149373,scr2012,dem,electricity
BG,h1466,10.51908534643674,scr2012,dem,electricity
BG,h1467,10.431804311748234,scr2012,dem,electricity
BG,h1468,10.366918675717383,scr2012,dem,electricity
BG,h1469,10.402697201959846,scr2012,dem,electricity
BG,h1470,10.63952542147224,scr2012,dem,electricity
BG,h1471,11.018275870674191,scr2012,dem,electricity
BG,h1472,11.43910861299766,scr2012,dem,electricity
BG,h1473,11.712788209330313,scr2012,dem,electricity
BG,h1474,11.79874776724608,scr2012,dem,electricity
BG,h1475,11.703934962174205,scr2012,dem,electricity
BG,h1476,11.526471195634283,scr2012,dem,electricity
BG,h1477,11.301671624047472,scr2012,dem,electricity
BG,h1478,11.04609047843871,scr2012,dem,electricity
BG,h1479,10.860890815812922,scr2012,dem,electricity
BG,h1480,10.910735385829533,scr2012,dem,electricity
BG,h1481,11.306736647678164,scr2012,dem,electricity
BG,h1482,11.802351722173732,scr2012,dem,electricity
BG,h1483,12.115992111132218,scr2012,dem,electricity
BG,h1484,12.094067874004022,scr2012,dem,electricity
BG,h1485,11.995656145400137,scr2012,dem,electricity
BG,h1486,11.950002587546223,scr2012,dem,electricity
BG,h1487,11.937874439707851,scr2012,dem,electricity
BG,h1488,11.95373065896965,scr2012,dem,electricity
BG,h1489,11.969957999778085,scr2012,dem,electricity
BG,h1490,12.038436284943174,scr2012,dem,electricity
BG,h1491,12.02807640301807,scr2012,dem,electricity
BG,h1492,12.012256732986415,scr2012,dem,electricity
BG,h1493,12.085708254455493,scr2012,dem,electricity
BG,h1494,12.370602959873,scr2012,dem,electricity
BG,h1495,12.797061498684183,scr2012,dem,electricity
BG,h1496,13.252117538753517,scr2012,dem,electricity
BG,h1497,13.541525078124835,scr2012,dem,electricity
BG,h1498,13.627432359682981,scr2012,dem,electricity
BG,h1499,13.518277568010905,scr2012,dem,electricity
BG,h1500,13.295934016158778,scr2012,dem,electricity
BG,h1501,12.993883267853366,scr2012,dem,electricity
BG,h1502,12.652333295308878,scr2012,dem,electricity
BG,h1503,12.406359916840483,scr2012,dem,electricity
BG,h1504,12.460937008379698,scr2012,dem,electricity
BG,h1505,12.93200655088943,scr2012,dem,electricity
BG,h1506,13.516193897630515,scr2012,dem,electricity
BG,h1507,13.867779381376106,scr2012,dem,electricity
BG,h1508,13.816204142176577,scr2012,dem,electricity
BG,h1509,13.678580354983172,scr2012,dem,electricity
BG,h1510,13.614137766891364,scr2012,dem,electricity
BG,h1511,13.589110945298422,scr2012,dem,electricity
BG,h1512,13.591203854752134,scr2012,dem,electricity
BG,h1513,13.603961185085119,scr2012,dem,electricity
BG,h1514,13.679421613644799,scr2012,dem,electricity
BG,h1515,13.665813415965982,scr2012,dem,electricity
BG,h1516,13.644249439153146,scr2012,dem,electricity
BG,h1517,13.746259224154088,scr2012,dem,electricity
BG,h1518,14.167817807172785,scr2012,dem,electricity
BG,h1519,14.882912405662818,scr2012,dem,electricity
BG,h1520,15.593048054682157,scr2012,dem,electricity
BG,h1521,15.97039102755684,scr2012,dem,electricity
BG,h1522,15.925954089420504,scr2012,dem,electricity
BG,h1523,15.640857117506869,scr2012,dem,electricity
BG,h1524,15.283267844855608,scr2012,dem,electricity
BG,h1525,14.921659887473979,scr2012,dem,electricity
BG,h1526,14.576977022043135,scr2012,dem,electricity
BG,h1527,14.364316314130814,scr2012,dem,electricity
BG,h1528,14.477608792508423,scr2012,dem,electricity
BG,h1529,15.030215151652797,scr2012,dem,electricity
BG,h1530,15.681300831674779,scr2012,dem,electricity
BG,h1531,16.026393744967663,scr2012,dem,electricity
BG,h1532,15.907718566824784,scr2012,dem,electricity
BG,h1533,15.725537839819012,scr2012,dem,electricity
BG,h1534,15.684475320149314,scr2012,dem,electricity
BG,h1535,15.722797226098152,scr2012,dem,electricity
BG,h1536,15.781335121533619,scr2012,dem,electricity
BG,h1537,15.816242837946874,scr2012,dem,electricity
BG,h1538,15.89814451136796,scr2012,dem,electricity
BG,h1539,15.881332467802931,scr2012,dem,electricity
BG,h1540,15.869830301332705,scr2012,dem,electricity
BG,h1541,16.006409510459385,scr2012,dem,electricity
BG,h1542,16.485034501301627,scr2012,dem,electricity
BG,h1543,17.249375997045203,scr2012,dem,electricity
BG,h1544,17.987031329413043,scr2012,dem,electricity
BG,h1545,18.348390126844937,scr2012,dem,electricity
BG,h1546,18.25615572389491,scr2012,dem,electricity
BG,h1547,17.894977394510132,scr2012,dem,electricity
BG,h1548,17.452004357123215,scr2012,dem,electricity
BG,h1549,16.99802983685991,scr2012,dem,electricity
BG,h1550,16.564423015531514,scr2012,dem,electricity
BG,h1551,16.28040329224599,scr2012,dem,electricity
BG,h1552,16.380167642632586,scr2012,dem,electricity
BG,h1553,16.987432902549852,scr2012,dem,electricity
BG,h1554,17.698977967622035,scr2012,dem,electricity
BG,h1555,18.032562774898587,scr2012,dem,electricity
BG,h1556,17.819851112547806,scr2012,dem,electricity
BG,h1557,17.539936480605675,scr2012,dem,electricity
BG,h1558,17.440083696261524,scr2012,dem,electricity
BG,h1559,17.437172814683443,scr2012,dem,electricity
BG,h1560,17.455190347393867,scr2012,dem,electricity
BG,h1561,17.4525374986071,scr2012,dem,electricity
BG,h1562,17.4972375547778,scr2012,dem,electricity
BG,h1563,17.42459741744453,scr2012,dem,electricity
BG,h1564,17.34254197224859,scr2012,dem,electricity
BG,h1565,17.416493255141468,scr2012,dem,electricity
BG,h1566,17.852143392105198,scr2012,dem,electricity
BG,h1567,18.581603427805764,scr2012,dem,electricity
BG,h1568,19.27487560049855,scr2012,dem,electricity
BG,h1569,19.565466622744626,scr2012,dem,electricity
BG,h1570,19.381804745311793,scr2012,dem,electricity
BG,h1571,18.92016516386222,scr2012,dem,electricity
BG,h1572,18.38141455851013,scr2012,dem,electricity
BG,h1573,17.840302254542244,scr2012,dem,electricity
BG,h1574,17.329456177631208,scr2012,dem,electricity
BG,h1575,16.98288612936463,scr2012,dem,electricity
BG,h1576,17.043615973625585,scr2012,dem,electricity
BG,h1577,17.636934792508935,scr2012,dem,electricity
BG,h1578,18.33438717893658,scr2012,dem,electricity
BG,h1579,18.63612386905873,scr2012,dem,electricity
BG,h1580,18.371229374777986,scr2012,dem,electricity
BG,h1581,18.045383467135604,scr2012,dem,electricity
BG,h1582,17.914922373446462,scr2012,dem,electricity
BG,h1583,17.888822481951358,scr2012,dem,electricity
BG,h1584,17.882336909649815,scr2012,dem,electricity
BG,h1585,17.851194446895146,scr2012,dem,electricity
BG,h1586,17.86592427207192,scr2012,dem,electricity
BG,h1587,17.759335571541826,scr2012,dem,electricity
BG,h1588,17.640887000607478,scr2012,dem,electricity
BG,h1589,17.678581933744283,scr2012,dem,electricity
BG,h1590,18.079243486426687,scr2012,dem,electricity
BG,h1591,18.77273766282468,scr2012,dem,electricity
BG,h1592,19.425164696227156,scr2012,dem,electricity
BG,h1593,19.66889126713424,scr2012,dem,electricity
BG,h1594,19.434103390213156,scr2012,dem,electricity
BG,h1595,18.921356477319573,scr2012,dem,electricity
BG,h1596,18.330722423381275,scr2012,dem,electricity
BG,h1597,17.737936030024212,scr2012,dem,electricity
BG,h1598,17.175197525748885,scr2012,dem,electricity
BG,h1599,16.776322387657956,scr2012,dem,electricity
BG,h1600,16.776600079592928,scr2012,dem,electricity
BG,h1601,17.29198157761371,scr2012,dem,electricity
BG,h1602,17.900016290670322,scr2012,dem,electricity
BG,h1603,18.125670506630215,scr2012,dem,electricity
BG,h1604,17.80310600019712,scr2012,dem,electricity
BG,h1605,17.422047433339895,scr2012,dem,electricity
BG,h1606,17.21951231369442,scr2012,dem,electricity
BG,h1607,17.11388095883384,scr2012,dem,electricity
BG,h1608,17.024323090744485,scr2012,dem,electricity
BG,h1609,16.904763833491586,scr2012,dem,electricity
BG,h1610,16.82867209379043,scr2012,dem,electricity
BG,h1611,16.638589690170004,scr2012,dem,electricity
BG,h1612,16.446373351468765,scr2012,dem,electricity
BG,h1613,16.400746888076224,scr2012,dem,electricity
BG,h1614,16.69458249022831,scr2012,dem,electricity
BG,h1615,17.266661565954664,scr2012,dem,electricity
BG,h1616,17.8081162812492,scr2012,dem,electricity
BG,h1617,17.97791267634815,scr2012,dem,electricity
BG,h1618,17.711571856539525,scr2012,dem,electricity
BG,h1619,17.194352649642358,scr2012,dem,electricity
BG,h1620,16.618647504135375,scr2012,dem,electricity
BG,h1621,16.043155504050194,scr2012,dem,electricity
BG,h1622,15.496540841438723,scr2012,dem,electricity
BG,h1623,15.09233451580533,scr2012,dem,electricity
BG,h1624,15.041666283599877,scr2012,dem,electricity
BG,h1625,15.447953755257938,scr2012,dem,electricity
BG,h1626,15.9372710536922,scr2012,dem,electricity
BG,h1627,16.102611334402727,scr2012,dem,electricity
BG,h1628,15.793745044797205,scr2012,dem,electricity
BG,h1629,15.433022094962283,scr2012,dem,electricity
BG,h1630,15.220846557888411,scr2012,dem,electricity
BG,h1631,15.091467937191712,scr2012,dem,electricity
BG,h1632,14.978784099308118,scr2012,dem,electricity
BG,h1633,14.827434579799299,scr2012,dem,electricity
BG,h1634,14.71399160935998,scr2012,dem,electricity
BG,h1635,14.50419738175993,scr2012,dem,electricity
BG,h1636,14.309241536777357,scr2012,dem,electricity
BG,h1637,14.234415140556617,scr2012,dem,electricity
BG,h1638,14.416637494337976,scr2012,dem,electricity
BG,h1639,14.783055768714256,scr2012,dem,electricity
BG,h1640,15.164106165174296,scr2012,dem,electricity
BG,h1641,15.312265108946022,scr2012,dem,electricity
BG,h1642,15.178916200710443,scr2012,dem,electricity
BG,h1643,14.822726868621128,scr2012,dem,electricity
BG,h1644,14.382027792135055,scr2012,dem,electricity
BG,h1645,13.910131392524445,scr2012,dem,electricity
BG,h1646,13.432899126132654,scr2012,dem,electricity
BG,h1647,13.067069260897696,scr2012,dem,electricity
BG,h1648,13.006211164075381,scr2012,dem,electricity
BG,h1649,13.36531935527525,scr2012,dem,electricity
BG,h1650,13.815997381916734,scr2012,dem,electricity
BG,h1651,14.024751015318625,scr2012,dem,electricity
BG,h1652,13.828914228383084,scr2012,dem,electricity
BG,h1653,13.567164773925935,scr2012,dem,electricity
BG,h1654,13.39151447939686,scr2012,dem,electricity
BG,h1655,13.263735238939244,scr2012,dem,electricity
BG,h1656,13.170570956792098,scr2012,dem,electricity
BG,h1657,13.071978201233488,scr2012,dem,electricity
BG,h1658,13.02594866955917,scr2012,dem,electricity
BG,h1659,12.886998330881255,scr2012,dem,electricity
BG,h1660,12.740070710293821,scr2012,dem,electricity
BG,h1661,12.685020796377433,scr2012,dem,electricity
BG,h1662,12.845030328997332,scr2012,dem,electricity
BG,h1663,13.153500919136157,scr2012,dem,electricity
BG,h1664,13.488464614766997,scr2012,dem,electricity
BG,h1665,13.652417980977976,scr2012,dem,electricity
BG,h1666,13.60671402645086,scr2012,dem,electricity
BG,h1667,13.368052096373631,scr2012,dem,electricity
BG,h1668,13.027852891814959,scr2012,dem,electricity
BG,h1669,12.619002196112188,scr2012,dem,electricity
BG,h1670,12.183033985226963,scr2012,dem,electricity
BG,h1671,11.844724335672783,scr2012,dem,electricity
BG,h1672,11.789882508247967,scr2012,dem,electricity
BG,h1673,12.11493653364466,scr2012,dem,electricity
BG,h1674,12.527795108845027,scr2012,dem,electricity
BG,h1675,12.743417925144435,scr2012,dem,electricity
BG,h1676,12.605646512664517,scr2012,dem,electricity
BG,h1677,12.39418566521864,scr2012,dem,electricity
BG,h1678,12.220090414794917,scr2012,dem,electricity
BG,h1679,12.06147024318263,scr2012,dem,electricity
BG,h1680,11.92179793950216,scr2012,dem,electricity
BG,h1681,11.776335820516486,scr2012,dem,electricity
BG,h1682,11.68358770923605,scr2012,dem,electricity
BG,h1683,11.512453475019669,scr2012,dem,electricity
BG,h1684,11.347415057515644,scr2012,dem,electricity
BG,h1685,11.272511430402343,scr2012,dem,electricity
BG,h1686,11.413055382776541,scr2012,dem,electricity
BG,h1687,11.710862947125182,scr2012,dem,electricity
BG,h1688,12.010714754257485,scr2012,dem,electricity
BG,h1689,12.117849768467998,scr2012,dem,electricity
BG,h1690,11.99648010145382,scr2012,dem,electricity
BG,h1691,11.702865348739518,scr2012,dem,electricity
BG,h1692,11.338410776063629,scr2012,dem,electricity
BG,h1693,10.948396663572382,scr2012,dem,electricity
BG,h1694,10.552967651920465,scr2012,dem,electricity
BG,h1695,10.237824115169222,scr2012,dem,electricity
BG,h1696,10.138220611664153,scr2012,dem,electricity
BG,h1697,10.333076192195726,scr2012,dem,electricity
BG,h1698,10.592985663529152,scr2012,dem,electricity
BG,h1699,10.716552305515975,scr2012,dem,electricity
BG,h1700,10.563899235335835,scr2012,dem,electricity
BG,h1701,10.362972516630155,scr2012,dem,electricity
BG,h1702,10.175807229056332,scr2012,dem,electricity
BG,h1703,9.993040716739081,scr2012,dem,electricity
BG,h1704,9.797760538363924,scr2012,dem,electricity
BG,h1705,9.584541707863643,scr2012,dem,electricity
BG,h1706,9.416303184283855,scr2012,dem,electricity
BG,h1707,9.21008688191192,scr2012,dem,electricity
BG,h1708,9.016044705213979,scr2012,dem,electricity
BG,h1709,8.899313538845117,scr2012,dem,electricity
BG,h1710,8.913868010572259,scr2012,dem,electricity
BG,h1711,9.018524657200707,scr2012,dem,electricity
BG,h1712,9.150713460029856,scr2012,dem,electricity
BG,h1713,9.206707703286895,scr2012,dem,electricity
BG,h1714,9.149688162681716,scr2012,dem,electricity
BG,h1715,8.962403411062613,scr2012,dem,electricity
BG,h1716,8.715320938875067,scr2012,dem,electricity
BG,h1717,8.449241163405087,scr2012,dem,electricity
BG,h1718,8.177800160174733,scr2012,dem,electricity
BG,h1719,7.966675533758343,scr2012,dem,electricity
BG,h1720,7.919637988344833,scr2012,dem,electricity
BG,h1721,8.096952400543962,scr2012,dem,electricity
BG,h1722,8.332365271492257,scr2012,dem,electricity
BG,h1723,8.50798835922977,scr2012,dem,electricity
BG,h1724,8.50064213147595,scr2012,dem,electricity
BG,h1725,8.433968428920014,scr2012,dem,electricity
BG,h1726,8.309446948656579,scr2012,dem,electricity
BG,h1727,8.147310220017328,scr2012,dem,electricity
BG,h1728,7.985440228253099,scr2012,dem,electricity
BG,h1729,7.841804295913295,scr2012,dem,electricity
BG,h1730,7.754815735894967,scr2012,dem,electricity
BG,h1731,7.644851590829003,scr2012,dem,electricity
BG,h1732,7.548541663735913,scr2012,dem,electricity
BG,h1733,7.548453689599705,scr2012,dem,electricity
BG,h1734,7.761706616212567,scr2012,dem,electricity
BG,h1735,8.207753724038085,scr2012,dem,electricity
BG,h1736,8.675922993415508,scr2012,dem,electricity
BG,h1737,8.944619340443214,scr2012,dem,electricity
BG,h1738,8.928753980670042,scr2012,dem,electricity
BG,h1739,8.758796716947195,scr2012,dem,electricity
BG,h1740,8.558875713739667,scr2012,dem,electricity
BG,h1741,8.35845427647737,scr2012,dem,electricity
BG,h1742,8.158013626064687,scr2012,dem,electricity
BG,h1743,8.00201301937749,scr2012,dem,electricity
BG,h1744,7.977316715290557,scr2012,dem,electricity
BG,h1745,8.118019696698727,scr2012,dem,electricity
BG,h1746,8.29073231030685,scr2012,dem,electricity
BG,h1747,8.401833589383052,scr2012,dem,electricity
BG,h1748,8.353396707234424,scr2012,dem,electricity
BG,h1749,8.25421974293993,scr2012,dem,electricity
BG,h1750,8.096541585004758,scr2012,dem,electricity
BG,h1751,7.910938300765431,scr2012,dem,electricity
BG,h1752,7.714754984418766,scr2012,dem,electricity
BG,h1753,7.5130567628445295,scr2012,dem,electricity
BG,h1754,7.344840023086746,scr2012,dem,electricity
BG,h1755,7.161222360859564,scr2012,dem,electricity
BG,h1756,7.0121279270383825,scr2012,dem,electricity
BG,h1757,6.960710796646972,scr2012,dem,electricity
BG,h1758,7.097573680962742,scr2012,dem,electricity
BG,h1759,7.435329867654406,scr2012,dem,electricity
BG,h1760,7.79544964735925,scr2012,dem,electricity
BG,h1761,7.989125791123218,scr2012,dem,electricity
BG,h1762,7.945417910467287,scr2012,dem,electricity
BG,h1763,7.781003315054719,scr2012,dem,electricity
BG,h1764,7.6067648745582455,scr2012,dem,electricity
BG,h1765,7.441949728073022,scr2012,dem,electricity
BG,h1766,7.279003993088722,scr2012,dem,electricity
BG,h1767,7.15484955660991,scr2012,dem,electricity
BG,h1768,7.135345251729022,scr2012,dem,electricity
BG,h1769,7.248977393240797,scr2012,dem,electricity
BG,h1770,7.384718904162203,scr2012,dem,electricity
BG,h1771,7.493595988526898,scr2012,dem,electricity
BG,h1772,7.484913338765431,scr2012,dem,electricity
BG,h1773,7.438686910650466,scr2012,dem,electricity
BG,h1774,7.319643539461127,scr2012,dem,electricity
BG,h1775,7.166687032127938,scr2012,dem,electricity
BG,h1776,6.9992367643327436,scr2012,dem,electricity
BG,h1777,6.810412334582354,scr2012,dem,electricity
BG,h1778,6.650428997514953,scr2012,dem,electricity
BG,h1779,6.481707130214194,scr2012,dem,electricity
BG,h1780,6.366302472635824,scr2012,dem,electricity
BG,h1781,6.341643921635245,scr2012,dem,electricity
BG,h1782,6.489450210260564,scr2012,dem,electricity
BG,h1783,6.829261823782357,scr2012,dem,electricity
BG,h1784,7.19857849999414,scr2012,dem,electricity
BG,h1785,7.420897294835968,scr2012,dem,electricity
BG,h1786,7.422360214024072,scr2012,dem,electricity
BG,h1787,7.301847147204802,scr2012,dem,electricity
BG,h1788,7.168851074510884,scr2012,dem,electricity
BG,h1789,7.031303935595982,scr2012,dem,electricity
BG,h1790,6.886435985445652,scr2012,dem,electricity
BG,h1791,6.7674022930142606,scr2012,dem,electricity
BG,h1792,6.743641960150147,scr2012,dem,electricity
BG,h1793,6.84532567497978,scr2012,dem,electricity
BG,h1794,6.970367428578868,scr2012,dem,electricity
BG,h1795,7.072937184115622,scr2012,dem,electricity
BG,h1796,7.065607739460687,scr2012,dem,electricity
BG,h1797,7.014041248229692,scr2012,dem,electricity
BG,h1798,6.890344983428145,scr2012,dem,electricity
BG,h1799,6.734289922047644,scr2012,dem,electricity
BG,h1800,6.567028453943432,scr2012,dem,electricity
BG,h1801,6.36334608535657,scr2012,dem,electricity
BG,h1802,6.184098052996302,scr2012,dem,electricity
BG,h1803,5.995061466876148,scr2012,dem,electricity
BG,h1804,5.867314085744739,scr2012,dem,electricity
BG,h1805,5.809415716232071,scr2012,dem,electricity
BG,h1806,5.869806911045613,scr2012,dem,electricity
BG,h1807,6.05645703729877,scr2012,dem,electricity
BG,h1808,6.3019392702492905,scr2012,dem,electricity
BG,h1809,6.495968498667909,scr2012,dem,electricity
BG,h1810,6.571187214867212,scr2012,dem,electricity
BG,h1811,6.534772026200396,scr2012,dem,electricity
BG,h1812,6.452475811905837,scr2012,dem,electricity
BG,h1813,6.336441711654524,scr2012,dem,electricity
BG,h1814,6.186659833977382,scr2012,dem,electricity
BG,h1815,6.051541121380177,scr2012,dem,electricity
BG,h1816,6.0031723416402,scr2012,dem,electricity
BG,h1817,6.094058068150117,scr2012,dem,electricity
BG,h1818,6.223668117742715,scr2012,dem,electricity
BG,h1819,6.359482010217691,scr2012,dem,electricity
BG,h1820,6.402853553224906,scr2012,dem,electricity
BG,h1821,6.392299521680242,scr2012,dem,electricity
BG,h1822,6.294586095124313,scr2012,dem,electricity
BG,h1823,6.148917725056067,scr2012,dem,electricity
BG,h1824,6.017581764147594,scr2012,dem,electricity
BG,h1825,5.887206572088281,scr2012,dem,electricity
BG,h1826,5.796631612445191,scr2012,dem,electricity
BG,h1827,5.692125102039726,scr2012,dem,electricity
BG,h1828,5.627026521236771,scr2012,dem,electricity
BG,h1829,5.618931534867324,scr2012,dem,electricity
BG,h1830,5.70838695562477,scr2012,dem,electricity
BG,h1831,5.88666073159224,scr2012,dem,electricity
BG,h1832,6.135148189186309,scr2012,dem,electricity
BG,h1833,6.3770601115390715,scr2012,dem,electricity
BG,h1834,6.5632742265703765,scr2012,dem,electricity
BG,h1835,6.654860099539862,scr2012,dem,electricity
BG,h1836,6.683121211269677,scr2012,dem,electricity
BG,h1837,6.642298602959104,scr2012,dem,electricity
BG,h1838,6.551479801747493,scr2012,dem,electricity
BG,h1839,6.4803890424158235,scr2012,dem,electricity
BG,h1840,6.527778820874017,scr2012,dem,electricity
BG,h1841,6.7530556053580995,scr2012,dem,electricity
BG,h1842,7.036174665957589,scr2012,dem,electricity
BG,h1843,7.307169502618933,scr2012,dem,electricity
BG,h1844,7.457107255495664,scr2012,dem,electricity
BG,h1845,7.550946614952113,scr2012,dem,electricity
BG,h1846,7.56897586943924,scr2012,dem,electricity
BG,h1847,7.535782146517443,scr2012,dem,electricity
BG,h1848,7.502380727294299,scr2012,dem,electricity
BG,h1849,7.4814542562397435,scr2012,dem,electricity
BG,h1850,7.509549303736039,scr2012,dem,electricity
BG,h1851,7.5165378495917015,scr2012,dem,electricity
BG,h1852,7.544980354879934,scr2012,dem,electricity
BG,h1853,7.663364603800162,scr2012,dem,electricity
BG,h1854,7.987414045530405,scr2012,dem,electricity
BG,h1855,8.551136812475743,scr2012,dem,electricity
BG,h1856,9.145578343583821,scr2012,dem,electricity
BG,h1857,9.54990939362327,scr2012,dem,electricity
BG,h1858,9.660970700732747,scr2012,dem,electricity
BG,h1859,9.59963562509094,scr2012,dem,electricity
BG,h1860,9.491194462755285,scr2012,dem,electricity
BG,h1861,9.367058018792768,scr2012,dem,electricity
BG,h1862,9.234415839565226,scr2012,dem,electricity
BG,h1863,9.155048015357085,scr2012,dem,electricity
BG,h1864,9.23046872837585,scr2012,dem,electricity
BG,h1865,9.52386543596172,scr2012,dem,electricity
BG,h1866,9.850908814266315,scr2012,dem,electricity
BG,h1867,10.071906944241459,scr2012,dem,electricity
BG,h1868,10.080740923684417,scr2012,dem,electricity
BG,h1869,10.045264530478708,scr2012,dem,electricity
BG,h1870,9.994487819721389,scr2012,dem,electricity
BG,h1871,9.928019824006633,scr2012,dem,electricity
BG,h1872,9.858611568950064,scr2012,dem,electricity
BG,h1873,9.766059167295424,scr2012,dem,electricity
BG,h1874,9.705269187009307,scr2012,dem,electricity
BG,h1875,9.60328902980688,scr2012,dem,electricity
BG,h1876,9.536138407931166,scr2012,dem,electricity
BG,h1877,9.58002433959334,scr2012,dem,electricity
BG,h1878,9.844615010827535,scr2012,dem,electricity
BG,h1879,10.338153593734784,scr2012,dem,electricity
BG,h1880,10.840943143151744,scr2012,dem,electricity
BG,h1881,11.123863825109623,scr2012,dem,electricity
BG,h1882,11.09922157178509,scr2012,dem,electricity
BG,h1883,10.901446220201255,scr2012,dem,electricity
BG,h1884,10.6694209509803,scr2012,dem,electricity
BG,h1885,10.43323438571963,scr2012,dem,electricity
BG,h1886,10.203246048652506,scr2012,dem,electricity
BG,h1887,10.042765538609967,scr2012,dem,electricity
BG,h1888,10.07356043884926,scr2012,dem,electricity
BG,h1889,10.354387726802543,scr2012,dem,electricity
BG,h1890,10.675459425532559,scr2012,dem,electricity
BG,h1891,10.859868536370112,scr2012,dem,electricity
BG,h1892,10.806097118364711,scr2012,dem,electricity
BG,h1893,10.709205158538687,scr2012,dem,electricity
BG,h1894,10.61787173654821,scr2012,dem,electricity
BG,h1895,10.516331667663554,scr2012,dem,electricity
BG,h1896,10.415408509193462,scr2012,dem,electricity
BG,h1897,10.298839191587732,scr2012,dem,electricity
BG,h1898,10.215243336333046,scr2012,dem,electricity
BG,h1899,10.085440553605888,scr2012,dem,electricity
BG,h1900,9.98227175881846,scr2012,dem,electricity
BG,h1901,9.994187975497063,scr2012,dem,electricity
BG,h1902,10.230821178897116,scr2012,dem,electricity
BG,h1903,10.699471378340519,scr2012,dem,electricity
BG,h1904,11.174138363479717,scr2012,dem,electricity
BG,h1905,11.42324289350153,scr2012,dem,electricity
BG,h1906,11.360178398169055,scr2012,dem,electricity
BG,h1907,11.121790994978333,scr2012,dem,electricity
BG,h1908,10.852341948906947,scr2012,dem,electricity
BG,h1909,10.58090509621789,scr2012,dem,electricity
BG,h1910,10.31674618116104,scr2012,dem,electricity
BG,h1911,10.122721714592409,scr2012,dem,electricity
BG,h1912,10.121979297043083,scr2012,dem,electricity
BG,h1913,10.371877824617414,scr2012,dem,electricity
BG,h1914,10.658957900863047,scr2012,dem,electricity
BG,h1915,10.802404437013898,scr2012,dem,electricity
BG,h1916,10.712363871235272,scr2012,dem,electricity
BG,h1917,10.585155958506213,scr2012,dem,electricity
BG,h1918,10.471700401696307,scr2012,dem,electricity
BG,h1919,10.348575507490477,scr2012,dem,electricity
BG,h1920,10.224524795056873,scr2012,dem,electricity
BG,h1921,10.084463756997234,scr2012,dem,electricity
BG,h1922,9.97756067288735,scr2012,dem,electricity
BG,h1923,9.829366684482302,scr2012,dem,electricity
BG,h1924,9.71247466091723,scr2012,dem,electricity
BG,h1925,9.713573804888686,scr2012,dem,electricity
BG,h1926,9.938097148777079,scr2012,dem,electricity
BG,h1927,10.398139464098271,scr2012,dem,electricity
BG,h1928,10.872710228559075,scr2012,dem,electricity
BG,h1929,11.135692553094518,scr2012,dem,electricity
BG,h1930,11.098650153733693,scr2012,dem,electricity
BG,h1931,10.896005955054665,scr2012,dem,electricity
BG,h1932,10.667743627712127,scr2012,dem,electricity
BG,h1933,10.438919524461614,scr2012,dem,electricity
BG,h1934,10.219567587088616,scr2012,dem,electricity
BG,h1935,10.074365207042575,scr2012,dem,electricity
BG,h1936,10.128382760189464,scr2012,dem,electricity
BG,h1937,10.439486757290414,scr2012,dem,electricity
BG,h1938,10.79320302291983,scr2012,dem,electricity
BG,h1939,11.006670679324479,scr2012,dem,electricity
BG,h1940,10.98556043862359,scr2012,dem,electricity
BG,h1941,10.931919073531702,scr2012,dem,electricity
BG,h1942,10.898299898780682,scr2012,dem,electricity
BG,h1943,10.861798156138818,scr2012,dem,electricity
BG,h1944,10.831716618027194,scr2012,dem,electricity
BG,h1945,10.784953177261158,scr2012,dem,electricity
BG,h1946,10.773939432010383,scr2012,dem,electricity
BG,h1947,10.712220699360667,scr2012,dem,electricity
BG,h1948,10.680836969726762,scr2012,dem,electricity
BG,h1949,10.768615596060858,scr2012,dem,electricity
BG,h1950,11.091571623852424,scr2012,dem,electricity
BG,h1951,11.653850219153473,scr2012,dem,electricity
BG,h1952,12.227500601085453,scr2012,dem,electricity
BG,h1953,12.570473599981277,scr2012,dem,electricity
BG,h1954,12.586959039922295,scr2012,dem,electricity
BG,h1955,12.40979726359376,scr2012,dem,electricity
BG,h1956,12.182343856276773,scr2012,dem,electricity
BG,h1957,11.935733708461946,scr2012,dem,electricity
BG,h1958,11.685852182157856,scr2012,dem,electricity
BG,h1959,11.516957627300808,scr2012,dem,electricity
BG,h1960,11.589227585047379,scr2012,dem,electricity
BG,h1961,11.979028245426353,scr2012,dem,electricity
BG,h1962,12.420545390215178,scr2012,dem,electricity
BG,h1963,12.65478493055845,scr2012,dem,electricity
BG,h1964,12.573753171645002,scr2012,dem,electricity
BG,h1965,12.452375234283995,scr2012,dem,electricity
BG,h1966,12.400487221032957,scr2012,dem,electricity
BG,h1967,12.375565028571152,scr2012,dem,electricity
BG,h1968,12.362127630450367,scr2012,dem,electricity
BG,h1969,12.319757529172406,scr2012,dem,electricity
BG,h1970,12.306580925706097,scr2012,dem,electricity
BG,h1971,12.221177493344921,scr2012,dem,electricity
BG,h1972,12.151733953634722,scr2012,dem,electricity
BG,h1973,12.19166923812637,scr2012,dem,electricity
BG,h1974,12.440548285394922,scr2012,dem,electricity
BG,h1975,12.871195482521554,scr2012,dem,electricity
BG,h1976,13.325710813785076,scr2012,dem,electricity
BG,h1977,13.603028343258178,scr2012,dem,electricity
BG,h1978,13.61905146081276,scr2012,dem,electricity
BG,h1979,13.429225191114615,scr2012,dem,electricity
BG,h1980,13.156474857559846,scr2012,dem,electricity
BG,h1981,12.844226955318828,scr2012,dem,electricity
BG,h1982,12.511475703919398,scr2012,dem,electricity
BG,h1983,12.264860949832638,scr2012,dem,electricity
BG,h1984,12.292077071831578,scr2012,dem,electricity
BG,h1985,12.70605667638852,scr2012,dem,electricity
BG,h1986,13.190503291983404,scr2012,dem,electricity
BG,h1987,13.450009689831028,scr2012,dem,electricity
BG,h1988,13.356411904008787,scr2012,dem,electricity
BG,h1989,13.216206298726508,scr2012,dem,electricity
BG,h1990,13.158484965507444,scr2012,dem,electricity
BG,h1991,13.117624881167124,scr2012,dem,electricity
BG,h1992,13.101725029575032,scr2012,dem,electricity
BG,h1993,13.075516566640733,scr2012,dem,electricity
BG,h1994,13.104757621519084,scr2012,dem,electricity
BG,h1995,13.040299709004106,scr2012,dem,electricity
BG,h1996,12.9799406685888,scr2012,dem,electricity
BG,h1997,12.998895931621433,scr2012,dem,electricity
BG,h1998,13.243241350670264,scr2012,dem,electricity
BG,h1999,13.618153797837188,scr2012,dem,electricity
BG,h2000,14.01190691602234,scr2012,dem,electricity
BG,h2001,14.232173358781473,scr2012,dem,electricity
BG,h2002,14.241145723905252,scr2012,dem,electricity
BG,h2003,14.06098956253621,scr2012,dem,electricity
BG,h2004,13.769089371130956,scr2012,dem,electricity
BG,h2005,13.404496273726352,scr2012,dem,electricity
BG,h2006,13.000559434651255,scr2012,dem,electricity
BG,h2007,12.687302375470082,scr2012,dem,electricity
BG,h2008,12.671346400441685,scr2012,dem,electricity
BG,h2009,13.067081609024974,scr2012,dem,electricity
BG,h2010,13.527609330111282,scr2012,dem,electricity
BG,h2011,13.66801575988858,scr2012,dem,electricity
BG,h2012,13.504042968614357,scr2012,dem,electricity
BG,h2013,13.362132298534483,scr2012,dem,electricity
BG,h2014,13.37948197080895,scr2012,dem,electricity
BG,h2015,13.335065635125297,scr2012,dem,electricity
BG,h2016,13.253971264132819,scr2012,dem,electricity
BG,h2017,13.184977548863433,scr2012,dem,electricity
BG,h2018,13.172485366618172,scr2012,dem,electricity
BG,h2019,13.059004610923115,scr2012,dem,electricity
BG,h2020,12.91813225032401,scr2012,dem,electricity
BG,h2021,12.893610367872984,scr2012,dem,electricity
BG,h2022,13.173571475760262,scr2012,dem,electricity
BG,h2023,13.738890593501598,scr2012,dem,electricity
BG,h2024,14.305171446406572,scr2012,dem,electricity
BG,h2025,14.562049873243005,scr2012,dem,electricity
BG,h2026,14.425285821368497,scr2012,dem,electricity
BG,h2027,14.064683167496984,scr2012,dem,electricity
BG,h2028,13.643946683899728,scr2012,dem,electricity
BG,h2029,13.219630478844593,scr2012,dem,electricity
BG,h2030,12.81033086747933,scr2012,dem,electricity
BG,h2031,12.50994040010384,scr2012,dem,electricity
BG,h2032,12.474802615068068,scr2012,dem,electricity
BG,h2033,12.785219291203571,scr2012,dem,electricity
BG,h2034,13.128753723522287,scr2012,dem,electricity
BG,h2035,13.159700021672847,scr2012,dem,electricity
BG,h2036,12.92156581425186,scr2012,dem,electricity
BG,h2037,12.71172685214897,scr2012,dem,electricity
BG,h2038,12.647791420796377,scr2012,dem,electricity
BG,h2039,12.529479341746217,scr2012,dem,electricity
BG,h2040,12.391834544073767,scr2012,dem,electricity
BG,h2041,12.256223344383887,scr2012,dem,electricity
BG,h2042,12.157715066121753,scr2012,dem,electricity
BG,h2043,11.95454465990328,scr2012,dem,electricity
BG,h2044,11.751323179248054,scr2012,dem,electricity
BG,h2045,11.671954881888063,scr2012,dem,electricity
BG,h2046,11.868994383331522,scr2012,dem,electricity
BG,h2047,12.31539229105972,scr2012,dem,electricity
BG,h2048,12.764375106191547,scr2012,dem,electricity
BG,h2049,12.945635237499776,scr2012,dem,electricity
BG,h2050,12.787674941966856,scr2012,dem,electricity
BG,h2051,12.44156008603748,scr2012,dem,electricity
BG,h2052,12.053945138130938,scr2012,dem,electricity
BG,h2053,11.669246803949846,scr2012,dem,electricity
BG,h2054,11.298115337544235,scr2012,dem,electricity
BG,h2055,11.017683717757919,scr2012,dem,electricity
BG,h2056,10.956770102316586,scr2012,dem,electricity
BG,h2057,11.180943113119515,scr2012,dem,electricity
BG,h2058,11.431983212295734,scr2012,dem,electricity
BG,h2059,11.422052735594292,scr2012,dem,electricity
BG,h2060,11.214107369919859,scr2012,dem,electricity
BG,h2061,11.035172666133246,scr2012,dem,electricity
BG,h2062,10.970897554341693,scr2012,dem,electricity
BG,h2063,10.832911777399811,scr2012,dem,electricity
BG,h2064,10.671391828919692,scr2012,dem,electricity
BG,h2065,10.513854308213098,scr2012,dem,electricity
BG,h2066,10.389643348441158,scr2012,dem,electricity
BG,h2067,10.179932488309934,scr2012,dem,electricity
BG,h2068,9.981814353071616,scr2012,dem,electricity
BG,h2069,9.900991169671379,scr2012,dem,electricity
BG,h2070,10.07012672466454,scr2012,dem,electricity
BG,h2071,10.47683340944267,scr2012,dem,electricity
BG,h2072,10.899164578105797,scr2012,dem,electricity
BG,h2073,11.095606964772486,scr2012,dem,electricity
BG,h2074,10.994000915151627,scr2012,dem,electricity
BG,h2075,10.730801936042461,scr2012,dem,electricity
BG,h2076,10.43777545194477,scr2012,dem,electricity
BG,h2077,10.149111763252701,scr2012,dem,electricity
BG,h2078,9.868893636209094,scr2012,dem,electricity
BG,h2079,9.661386738659917,scr2012,dem,electricity
BG,h2080,9.634350198606743,scr2012,dem,electricity
BG,h2081,9.845746294030945,scr2012,dem,electricity
BG,h2082,10.080232310872614,scr2012,dem,electricity
BG,h2083,10.100303622537357,scr2012,dem,electricity
BG,h2084,9.974834501477343,scr2012,dem,electricity
BG,h2085,9.882834748365422,scr2012,dem,electricity
BG,h2086,9.880526500982132,scr2012,dem,electricity
BG,h2087,9.793768611225325,scr2012,dem,electricity
BG,h2088,9.680213736903205,scr2012,dem,electricity
BG,h2089,9.569756967031708,scr2012,dem,electricity
BG,h2090,9.489772329959095,scr2012,dem,electricity
BG,h2091,9.33405711562975,scr2012,dem,electricity
BG,h2092,9.194492188668793,scr2012,dem,electricity
BG,h2093,9.168059213878788,scr2012,dem,electricity
BG,h2094,9.380888426158151,scr2012,dem,electricity
BG,h2095,9.826351445241425,scr2012,dem,electricity
BG,h2096,10.292865009125897,scr2012,dem,electricity
BG,h2097,10.545815710599275,scr2012,dem,electricity
BG,h2098,10.511623685564082,scr2012,dem,electricity
BG,h2099,10.318246463148746,scr2012,dem,electricity
BG,h2100,10.09027759256007,scr2012,dem,electricity
BG,h2101,9.857325724899386,scr2012,dem,electricity
BG,h2102,9.625611291659805,scr2012,dem,electricity
BG,h2103,9.460040912363965,scr2012,dem,electricity
BG,h2104,9.46701515792952,scr2012,dem,electricity
BG,h2105,9.70305676148445,scr2012,dem,electricity
BG,h2106,9.960440594585098,scr2012,dem,electricity
BG,h2107,10.009990342339314,scr2012,dem,electricity
BG,h2108,9.915901755956174,scr2012,dem,electricity
BG,h2109,9.85542650724311,scr2012,dem,electricity
BG,h2110,9.877649202803841,scr2012,dem,electricity
BG,h2111,9.816890356789287,scr2012,dem,electricity
BG,h2112,9.72907146053048,scr2012,dem,electricity
BG,h2113,9.644223775469314,scr2012,dem,electricity
BG,h2114,9.58903803285919,scr2012,dem,electricity
BG,h2115,9.453223583649805,scr2012,dem,electricity
BG,h2116,9.331799823625772,scr2012,dem,electricity
BG,h2117,9.320628447235809,scr2012,dem,electricity
BG,h2118,9.548249211205537,scr2012,dem,electricity
BG,h2119,10.002270000488398,scr2012,dem,electricity
BG,h2120,10.47884011334833,scr2012,dem,electricity
BG,h2121,10.744986087623094,scr2012,dem,electricity
BG,h2122,10.727292599986018,scr2012,dem,electricity
BG,h2123,10.546266445142592,scr2012,dem,electricity
BG,h2124,10.323713465752977,scr2012,dem,electricity
BG,h2125,10.091550869552627,scr2012,dem,electricity
BG,h2126,9.85453699159974,scr2012,dem,electricity
BG,h2127,9.683131115382707,scr2012,dem,electricity
BG,h2128,9.694523415061784,scr2012,dem,electricity
BG,h2129,9.95369705482215,scr2012,dem,electricity
BG,h2130,10.236809003249203,scr2012,dem,electricity
BG,h2131,10.294281951236762,scr2012,dem,electricity
BG,h2132,10.176543231813849,scr2012,dem,electricity
BG,h2133,10.088107442579325,scr2012,dem,electricity
BG,h2134,10.102096362464948,scr2012,dem,electricity
BG,h2135,10.056096393508597,scr2012,dem,electricity
BG,h2136,9.986368586254002,scr2012,dem,electricity
BG,h2137,9.913274827155092,scr2012,dem,electricity
BG,h2138,9.858142898965951,scr2012,dem,electricity
BG,h2139,9.714027495522078,scr2012,dem,electricity
BG,h2140,9.570082620261065,scr2012,dem,electricity
BG,h2141,9.51958367669707,scr2012,dem,electricity
BG,h2142,9.657127025341488,scr2012,dem,electricity
BG,h2143,9.936360933812914,scr2012,dem,electricity
BG,h2144,10.255184610814574,scr2012,dem,electricity
BG,h2145,10.449761625737349,scr2012,dem,electricity
BG,h2146,10.464927285058344,scr2012,dem,electricity
BG,h2147,10.319501316916153,scr2012,dem,electricity
BG,h2148,10.099777134727734,scr2012,dem,electricity
BG,h2149,9.84493282949109,scr2012,dem,electricity
BG,h2150,9.557176890441479,scr2012,dem,electricity
BG,h2151,9.315977383376392,scr2012,dem,electricity
BG,h2152,9.249902698366185,scr2012,dem,electricity
BG,h2153,9.443462652050748,scr2012,dem,electricity
BG,h2154,9.669093157436354,scr2012,dem,electricity
BG,h2155,9.68787914459412,scr2012,dem,electricity
BG,h2156,9.548984670726853,scr2012,dem,electricity
BG,h2157,9.439273511830692,scr2012,dem,electricity
BG,h2158,9.41418978660603,scr2012,dem,electricity
BG,h2159,9.295737052327837,scr2012,dem,electricity
BG,h2160,9.135078916819147,scr2012,dem,electricity
CH,h1441,20.467709640841516,scr2012,dem,electricity
CH,h1442,20.70003295767762,scr2012,dem,electricity
CH,h1443,20.816746638217996,scr2012,dem,electricity
CH,h1444,20.843578782343837,scr2012,dem,electricity
CH,h1445,20.932253607321574,scr2012,dem,electricity
CH,h1446,21.257045946812728,scr2012,dem,electricity
CH,h1447,21.839708688406304,scr2012,dem,electricity
CH,h1448,22.462855301285515,scr2012,dem,electricity
CH,h1449,22.806226546758815,scr2012,dem,electricity
CH,h1450,22.690871712634806,scr2012,dem,electricity
CH,h1451,22.24076606286591,scr2012,dem,electricity
CH,h1452,21.669463781070387,scr2012,dem,electricity
CH,h1453,21.004371538726893,scr2012,dem,electricity
CH,h1454,20.400242166572188,scr2012,dem,electricity
CH,h1455,19.92659853787658,scr2012,dem,electricity
CH,h1456,19.97986602079917,scr2012,dem,electricity
CH,h1457,20.608986996758524,scr2012,dem,electricity
CH,h1458,21.375445101226056,scr2012,dem,electricity
CH,h1459,21.69637800057542,scr2012,dem,electricity
CH,h1460,21.359593685323134,scr2012,dem,electricity
CH,h1461,20.934802914564443,scr2012,dem,electricity
CH,h1462,20.753606537285002,scr2012,dem,electricity
CH,h1463,20.802568294561553,scr2012,dem,electricity
CH,h1464,20.995070792506432,scr2012,dem,electricity
CH,h1465,21.247077706611393,scr2012,dem,electricity
CH,h1466,21.529513243675606,scr2012,dem,electricity
CH,h1467,21.661745631568532,scr2012,dem,electricity
CH,h1468,21.710507524064468,scr2012,dem,electricity
CH,h1469,21.822202168991783,scr2012,dem,electricity
CH,h1470,22.160643847041314,scr2012,dem,electricity
CH,h1471,22.67622939731722,scr2012,dem,electricity
CH,h1472,23.10144047976843,scr2012,dem,electricity
CH,h1473,23.237224697640702,scr2012,dem,electricity
CH,h1474,23.032673277169437,scr2012,dem,electricity
CH,h1475,22.634204078395378,scr2012,dem,electricity
CH,h1476,22.134547112620705,scr2012,dem,electricity
CH,h1477,21.561912223316945,scr2012,dem,electricity
CH,h1478,21.02875536883018,scr2012,dem,electricity
CH,h1479,20.64693521652137,scr2012,dem,electricity
CH,h1480,20.79216268760145,scr2012,dem,electricity
CH,h1481,21.608087051846145,scr2012,dem,electricity
CH,h1482,22.54057940272058,scr2012,dem,electricity
CH,h1483,22.94953919639899,scr2012,dem,electricity
CH,h1484,22.609304918449425,scr2012,dem,electricity
CH,h1485,22.213361487367912,scr2012,dem,electricity
CH,h1486,22.112212990014115,scr2012,dem,electricity
CH,h1487,22.26044983884112,scr2012,dem,electricity
CH,h1488,22.561661055197128,scr2012,dem,electricity
CH,h1489,22.933778285429657,scr2012,dem,electricity
CH,h1490,23.339942489344786,scr2012,dem,electricity
CH,h1491,23.56138437892019,scr2012,dem,electricity
CH,h1492,23.665976540047414,scr2012,dem,electricity
CH,h1493,23.831685834912758,scr2012,dem,electricity
CH,h1494,24.237326870845774,scr2012,dem,electricity
CH,h1495,24.791715757693147,scr2012,dem,electricity
CH,h1496,25.246092063586378,scr2012,dem,electricity
CH,h1497,25.336104358393207,scr2012,dem,electricity
CH,h1498,25.08340581670324,scr2012,dem,electricity
CH,h1499,24.59916566379827,scr2012,dem,electricity
CH,h1500,24.03033614901108,scr2012,dem,electricity
CH,h1501,23.385320300065466,scr2012,dem,electricity
CH,h1502,22.743756100456174,scr2012,dem,electricity
CH,h1503,22.227845245210442,scr2012,dem,electricity
CH,h1504,22.26796750712792,scr2012,dem,electricity
CH,h1505,23.098960171896458,scr2012,dem,electricity
CH,h1506,24.13168594757652,scr2012,dem,electricity
CH,h1507,24.56357712783986,scr2012,dem,electricity
CH,h1508,24.13379661991468,scr2012,dem,electricity
CH,h1509,23.61799002738335,scr2012,dem,electricity
CH,h1510,23.453030262346765,scr2012,dem,electricity
CH,h1511,23.559629476358584,scr2012,dem,electricity
CH,h1512,23.79466950026868,scr2012,dem,electricity
CH,h1513,24.10971345307321,scr2012,dem,electricity
CH,h1514,24.456295972027494,scr2012,dem,electricity
CH,h1515,24.59724131486526,scr2012,dem,electricity
CH,h1516,24.592619665082715,scr2012,dem,electricity
CH,h1517,24.67257835874408,scr2012,dem,electricity
CH,h1518,25.069617880328398,scr2012,dem,electricity
CH,h1519,25.727184809846033,scr2012,dem,electricity
CH,h1520,26.411078212700485,scr2012,dem,electricity
CH,h1521,26.71406926074712,scr2012,dem,electricity
CH,h1522,26.492000505999915,scr2012,dem,electricity
CH,h1523,25.87516804572832,scr2012,dem,electricity
CH,h1524,25.12496814017894,scr2012,dem,electricity
CH,h1525,24.26256446159485,scr2012,dem,electricity
CH,h1526,23.461602912761418,scr2012,dem,electricity
CH,h1527,22.833647864511853,scr2012,dem,electricity
CH,h1528,22.86064192902945,scr2012,dem,electricity
CH,h1529,23.591140354739043,scr2012,dem,electricity
CH,h1530,24.429683973314585,scr2012,dem,electricity
CH,h1531,24.716746468814453,scr2012,dem,electricity
CH,h1532,24.198415573870832,scr2012,dem,electricity
CH,h1533,23.604309168577185,scr2012,dem,electricity
CH,h1534,23.29181839394484,scr2012,dem,electricity
CH,h1535,23.2192508680168,scr2012,dem,electricity
CH,h1536,23.285812630067806,scr2012,dem,electricity
CH,h1537,23.423836349450113,scr2012,dem,electricity
CH,h1538,23.631715695039397,scr2012,dem,electricity
CH,h1539,23.67530869931836,scr2012,dem,electricity
CH,h1540,23.61508179329743,scr2012,dem,electricity
CH,h1541,23.613749930671474,scr2012,dem,electricity
CH,h1542,23.903313404013353,scr2012,dem,electricity
CH,h1543,24.46746380811772,scr2012,dem,electricity
CH,h1544,25.066133893144013,scr2012,dem,electricity
CH,h1545,25.306868920474468,scr2012,dem,electricity
CH,h1546,25.023971869401034,scr2012,dem,electricity
CH,h1547,24.377712814283942,scr2012,dem,electricity
CH,h1548,23.61420189359481,scr2012,dem,electricity
CH,h1549,22.753692502278437,scr2012,dem,electricity
CH,h1550,21.960874493446454,scr2012,dem,electricity
CH,h1551,21.32497092180546,scr2012,dem,electricity
CH,h1552,21.29547379589728,scr2012,dem,electricity
CH,h1553,21.90480268734766,scr2012,dem,electricity
CH,h1554,22.628029252479422,scr2012,dem,electricity
CH,h1555,22.859196237342516,scr2012,dem,electricity
CH,h1556,22.35980915000116,scr2012,dem,electricity
CH,h1557,21.77978934972521,scr2012,dem,electricity
CH,h1558,21.438386133680876,scr2012,dem,electricity
CH,h1559,21.311575996850866,scr2012,dem,electricity
CH,h1560,21.305019817521533,scr2012,dem,electricity
CH,h1561,21.376034888335532,scr2012,dem,electricity
CH,h1562,21.517011867620276,scr2012,dem,electricity
CH,h1563,21.528480959936388,scr2012,dem,electricity
CH,h1564,21.450625279438356,scr2012,dem,electricity
CH,h1565,21.424095014820157,scr2012,dem,electricity
CH,h1566,21.661080818283633,scr2012,dem,electricity
CH,h1567,22.15473370436031,scr2012,dem,electricity
CH,h1568,22.69413154412809,scr2012,dem,electricity
CH,h1569,22.921747647555524,scr2012,dem,electricity
CH,h1570,22.682697226022576,scr2012,dem,electricity
CH,h1571,22.115153821723595,scr2012,dem,electricity
CH,h1572,21.441996614441397,scr2012,dem,electricity
CH,h1573,20.681611414280905,scr2012,dem,electricity
CH,h1574,19.98145640892268,scr2012,dem,electricity
CH,h1575,19.416920587303604,scr2012,dem,electricity
CH,h1576,19.398558940165735,scr2012,dem,electricity
CH,h1577,19.95714549405185,scr2012,dem,electricity
CH,h1578,20.63399834364846,scr2012,dem,electricity
CH,h1579,20.890553436558438,scr2012,dem,electricity
CH,h1580,20.501352710950265,scr2012,dem,electricity
CH,h1581,20.031027549006453,scr2012,dem,electricity
CH,h1582,19.750277891818566,scr2012,dem,electricity
CH,h1583,19.660025193928895,scr2012,dem,electricity
CH,h1584,19.68252396895366,scr2012,dem,electricity
CH,h1585,19.794727012914734,scr2012,dem,electricity
CH,h1586,19.970581316174453,scr2012,dem,electricity
CH,h1587,20.038090157224588,scr2012,dem,electricity
CH,h1588,20.01790414526602,scr2012,dem,electricity
CH,h1589,20.04519210318409,scr2012,dem,electricity
CH,h1590,20.312614728594937,scr2012,dem,electricity
CH,h1591,20.830797547848515,scr2012,dem,electricity
CH,h1592,21.403872611868874,scr2012,dem,electricity
CH,h1593,21.693521238676922,scr2012,dem,electricity
CH,h1594,21.533640500855665,scr2012,dem,electricity
CH,h1595,21.05565079177027,scr2012,dem,electricity
CH,h1596,20.474735143585775,scr2012,dem,electricity
CH,h1597,19.80280221184538,scr2012,dem,electricity
CH,h1598,19.187313003198042,scr2012,dem,electricity
CH,h1599,18.68974211921133,scr2012,dem,electricity
CH,h1600,18.720052970974088,scr2012,dem,electricity
CH,h1601,19.289632277109337,scr2012,dem,electricity
CH,h1602,19.967300830054768,scr2012,dem,electricity
CH,h1603,20.2320545705374,scr2012,dem,electricity
CH,h1604,19.89069827814587,scr2012,dem,electricity
CH,h1605,19.469717532619445,scr2012,dem,electricity
CH,h1606,19.22084785219973,scr2012,dem,electricity
CH,h1607,19.140996897063868,scr2012,dem,electricity
CH,h1608,19.16913500043144,scr2012,dem,electricity
CH,h1609,19.28298833008934,scr2012,dem,electricity
CH,h1610,19.456212764656897,scr2012,dem,electricity
CH,h1611,19.531511481016597,scr2012,dem,electricity
CH,h1612,19.52593132077303,scr2012,dem,electricity
CH,h1613,19.570339012631127,scr2012,dem,electricity
CH,h1614,19.823970648615187,scr2012,dem,electricity
CH,h1615,20.318098416828622,scr2012,dem,electricity
CH,h1616,20.849183246741834,scr2012,dem,electricity
CH,h1617,21.117777193957238,scr2012,dem,electricity
CH,h1618,20.956792821022326,scr2012,dem,electricity
CH,h1619,20.494414299990837,scr2012,dem,electricity
CH,h1620,19.92955127645005,scr2012,dem,electricity
CH,h1621,19.27058901427438,scr2012,dem,electricity
CH,h1622,18.665627745055755,scr2012,dem,electricity
CH,h1623,18.16620062859682,scr2012,dem,electricity
CH,h1624,18.14316117260591,scr2012,dem,electricity
CH,h1625,18.6142085826706,scr2012,dem,electricity
CH,h1626,19.200964475072396,scr2012,dem,electricity
CH,h1627,19.400536215704506,scr2012,dem,electricity
CH,h1628,19.044872041328325,scr2012,dem,electricity
CH,h1629,18.606019992956593,scr2012,dem,electricity
CH,h1630,18.354376644292884,scr2012,dem,electricity
CH,h1631,18.279530373604842,scr2012,dem,electricity
CH,h1632,18.330249217189063,scr2012,dem,electricity
CH,h1633,18.447537140264725,scr2012,dem,electricity
CH,h1634,18.59139888109063,scr2012,dem,electricity
CH,h1635,18.61718689929896,scr2012,dem,electricity
CH,h1636,18.57139702086492,scr2012,dem,electricity
CH,h1637,18.568373073651845,scr2012,dem,electricity
CH,h1638,18.73561282114432,scr2012,dem,electricity
CH,h1639,19.04444629064792,scr2012,dem,electricity
CH,h1640,19.273123211221797,scr2012,dem,electricity
CH,h1641,19.282177843605623,scr2012,dem,electricity
CH,h1642,19.030828197239504,scr2012,dem,electricity
CH,h1643,18.649213089458087,scr2012,dem,electricity
CH,h1644,18.20975024620073,scr2012,dem,electricity
CH,h1645,17.704979053585742,scr2012,dem,electricity
CH,h1646,17.224204920434087,scr2012,dem,electricity
CH,h1647,16.853859810751455,scr2012,dem,electricity
CH,h1648,16.902412043143055,scr2012,dem,electricity
CH,h1649,17.47300151642327,scr2012,dem,electricity
CH,h1650,18.101808726953358,scr2012,dem,electricity
CH,h1651,18.32055764389473,scr2012,dem,electricity
CH,h1652,17.97792823508451,scr2012,dem,electricity
CH,h1653,17.595838416663852,scr2012,dem,electricity
CH,h1654,17.420337936838273,scr2012,dem,electricity
CH,h1655,17.429026698086506,scr2012,dem,electricity
CH,h1656,17.566552783111785,scr2012,dem,electricity
CH,h1657,17.77742187228001,scr2012,dem,electricity
CH,h1658,18.007018024905157,scr2012,dem,electricity
CH,h1659,18.10774096143817,scr2012,dem,electricity
CH,h1660,18.121154911919024,scr2012,dem,electricity
CH,h1661,18.164999725128503,scr2012,dem,electricity
CH,h1662,18.35375088258034,scr2012,dem,electricity
CH,h1663,18.636278134331025,scr2012,dem,electricity
CH,h1664,18.842660581815252,scr2012,dem,electricity
CH,h1665,18.808829673175794,scr2012,dem,electricity
CH,h1666,18.564750109838247,scr2012,dem,electricity
CH,h1667,18.17815927650744,scr2012,dem,electricity
CH,h1668,17.740732534036624,scr2012,dem,electricity
CH,h1669,17.23182646602989,scr2012,dem,electricity
CH,h1670,16.71647533937567,scr2012,dem,electricity
CH,h1671,16.270370794422345,scr2012,dem,electricity
CH,h1672,16.20284883530327,scr2012,dem,electricity
CH,h1673,16.684177218724727,scr2012,dem,electricity
CH,h1674,17.315057946188528,scr2012,dem,electricity
CH,h1675,17.569296733142952,scr2012,dem,electricity
CH,h1676,17.228212397621263,scr2012,dem,electricity
CH,h1677,16.801503821727778,scr2012,dem,electricity
CH,h1678,16.553661790213667,scr2012,dem,electricity
CH,h1679,16.494642416312665,scr2012,dem,electricity
CH,h1680,16.525417688293707,scr2012,dem,electricity
CH,h1681,16.634058538068402,scr2012,dem,electricity
CH,h1682,16.785026279710674,scr2012,dem,electricity
CH,h1683,16.836709917188966,scr2012,dem,electricity
CH,h1684,16.795139152503825,scr2012,dem,electricity
CH,h1685,16.780030819449607,scr2012,dem,electricity
CH,h1686,16.94319145182752,scr2012,dem,electricity
CH,h1687,17.29957851594548,scr2012,dem,electricity
CH,h1688,17.72119413235442,scr2012,dem,electricity
CH,h1689,17.938531799519044,scr2012,dem,electricity
CH,h1690,17.81112184064809,scr2012,dem,electricity
CH,h1691,17.415716867258155,scr2012,dem,electricity
CH,h1692,16.938074774248054,scr2012,dem,electricity
CH,h1693,16.355837667758312,scr2012,dem,electricity
CH,h1694,15.812374907920836,scr2012,dem,electricity
CH,h1695,15.354390860909076,scr2012,dem,electricity
CH,h1696,15.3313991845444,scr2012,dem,electricity
CH,h1697,15.722831948491047,scr2012,dem,electricity
CH,h1698,16.1771641696614,scr2012,dem,electricity
CH,h1699,16.336857517955302,scr2012,dem,electricity
CH,h1700,16.04157973620139,scr2012,dem,electricity
CH,h1701,15.67956653079228,scr2012,dem,electricity
CH,h1702,15.422393698421246,scr2012,dem,electricity
CH,h1703,15.281647768538166,scr2012,dem,electricity
CH,h1704,15.248829498304099,scr2012,dem,electricity
CH,h1705,15.306619171181476,scr2012,dem,electricity
CH,h1706,15.420995238977232,scr2012,dem,electricity
CH,h1707,15.463508591270774,scr2012,dem,electricity
CH,h1708,15.451027317056273,scr2012,dem,electricity
CH,h1709,15.478815023217576,scr2012,dem,electricity
CH,h1710,15.677611288037756,scr2012,dem,electricity
CH,h1711,16.09167519653346,scr2012,dem,electricity
CH,h1712,16.567959854382337,scr2012,dem,electricity
CH,h1713,16.857554094929867,scr2012,dem,electricity
CH,h1714,16.79525620332579,scr2012,dem,electricity
CH,h1715,16.500885056661687,scr2012,dem,electricity
CH,h1716,16.139267828204762,scr2012,dem,electricity
CH,h1717,15.679208268812198,scr2012,dem,electricity
CH,h1718,15.255880263530441,scr2012,dem,electricity
CH,h1719,14.903281977033826,scr2012,dem,electricity
CH,h1720,14.967943107833445,scr2012,dem,electricity
CH,h1721,15.426005668610872,scr2012,dem,electricity
CH,h1722,15.963672582482381,scr2012,dem,electricity
CH,h1723,16.219991835365377,scr2012,dem,electricity
CH,h1724,16.03500900160579,scr2012,dem,electricity
CH,h1725,15.77770125061094,scr2012,dem,electricity
CH,h1726,15.617089842487417,scr2012,dem,electricity
CH,h1727,15.57569436892449,scr2012,dem,electricity
CH,h1728,15.643339999216124,scr2012,dem,electricity
CH,h1729,15.795863172906047,scr2012,dem,electricity
CH,h1730,16.002707577515178,scr2012,dem,electricity
CH,h1731,16.133920393549715,scr2012,dem,electricity
CH,h1732,16.212851402604674,scr2012,dem,electricity
CH,h1733,16.335445587052597,scr2012,dem,electricity
CH,h1734,16.64636315703809,scr2012,dem,electricity
CH,h1735,17.17694603762147,scr2012,dem,electricity
CH,h1736,17.760267366389332,scr2012,dem,electricity
CH,h1737,18.128147084415946,scr2012,dem,electricity
CH,h1738,18.121991904954143,scr2012,dem,electricity
CH,h1739,17.863085933171288,scr2012,dem,electricity
CH,h1740,17.515004396280066,scr2012,dem,electricity
CH,h1741,17.060330312341648,scr2012,dem,electricity
CH,h1742,16.631013937209108,scr2012,dem,electricity
CH,h1743,16.285226068076852,scr2012,dem,electricity
CH,h1744,16.39113961507006,scr2012,dem,electricity
CH,h1745,16.951433708167098,scr2012,dem,electricity
CH,h1746,17.60546226310729,scr2012,dem,electricity
CH,h1747,17.920175804590276,scr2012,dem,electricity
CH,h1748,17.731740311549572,scr2012,dem,electricity
CH,h1749,17.4701771214979,scr2012,dem,electricity
CH,h1750,17.344499872186645,scr2012,dem,electricity
CH,h1751,17.353618097103766,scr2012,dem,electricity
CH,h1752,17.472719012011375,scr2012,dem,electricity
CH,h1753,17.68369699619486,scr2012,dem,electricity
CH,h1754,17.95037985954505,scr2012,dem,electricity
CH,h1755,18.12914638648415,scr2012,dem,electricity
CH,h1756,18.239940999874197,scr2012,dem,electricity
CH,h1757,18.409271111410728,scr2012,dem,electricity
CH,h1758,18.79720955571187,scr2012,dem,electricity
CH,h1759,19.42968999225683,scr2012,dem,electricity
CH,h1760,20.110577976128265,scr2012,dem,electricity
CH,h1761,20.537879303736432,scr2012,dem,electricity
CH,h1762,20.544110317507663,scr2012,dem,electricity
CH,h1763,20.26623143015015,scr2012,dem,electricity
CH,h1764,19.891028016224833,scr2012,dem,electricity
CH,h1765,19.408771673009152,scr2012,dem,electricity
CH,h1766,18.963276344512867,scr2012,dem,electricity
CH,h1767,18.627814433504,scr2012,dem,electricity
CH,h1768,18.822655564007388,scr2012,dem,electricity
CH,h1769,19.5645526339923,scr2012,dem,electricity
CH,h1770,20.41500914441685,scr2012,dem,electricity
CH,h1771,20.822840627200872,scr2012,dem,electricity
CH,h1772,20.630938380566334,scr2012,dem,electricity
CH,h1773,20.369203850268715,scr2012,dem,electricity
CH,h1774,20.315471188137902,scr2012,dem,electricity
CH,h1775,20.418339865110124,scr2012,dem,electricity
CH,h1776,20.639372504247874,scr2012,dem,electricity
CH,h1777,20.946681583094275,scr2012,dem,electricity
CH,h1778,21.32059855242493,scr2012,dem,electricity
CH,h1779,21.580056113784316,scr2012,dem,electricity
CH,h1780,21.747297312330733,scr2012,dem,electricity
CH,h1781,21.974967350046697,scr2012,dem,electricity
CH,h1782,22.448496124994822,scr2012,dem,electricity
CH,h1783,23.175780585554456,scr2012,dem,electricity
CH,h1784,23.922189794055534,scr2012,dem,electricity
CH,h1785,24.336645007593994,scr2012,dem,electricity
CH,h1786,24.260360766187432,scr2012,dem,electricity
CH,h1787,23.837775285162813,scr2012,dem,electricity
CH,h1788,23.286081792387005,scr2012,dem,electricity
CH,h1789,22.616652439974693,scr2012,dem,electricity
CH,h1790,21.987011753317155,scr2012,dem,electricity
CH,h1791,21.484493808142123,scr2012,dem,electricity
CH,h1792,21.562902401049904,scr2012,dem,electricity
CH,h1793,22.27481808700438,scr2012,dem,electricity
CH,h1794,23.11641591860561,scr2012,dem,electricity
CH,h1795,23.428080550471158,scr2012,dem,electricity
CH,h1796,23.03191027416864,scr2012,dem,electricity
CH,h1797,22.560547904660886,scr2012,dem,electricity
CH,h1798,22.37142660085855,scr2012,dem,electricity
CH,h1799,22.384306243097658,scr2012,dem,electricity
CH,h1800,22.535431179400213,scr2012,dem,electricity
CH,h1801,22.75420400450994,scr2012,dem,electricity
CH,h1802,23.012142786813353,scr2012,dem,electricity
CH,h1803,23.108745376972198,scr2012,dem,electricity
CH,h1804,23.109428874568106,scr2012,dem,electricity
CH,h1805,23.180071348288497,scr2012,dem,electricity
CH,h1806,23.493096918698626,scr2012,dem,electricity
CH,h1807,23.969056191854587,scr2012,dem,electricity
CH,h1808,24.360663973365675,scr2012,dem,electricity
CH,h1809,24.43370308256793,scr2012,dem,electricity
CH,h1810,24.164243026454006,scr2012,dem,electricity
CH,h1811,23.683539000109352,scr2012,dem,electricity
CH,h1812,23.12195665099003,scr2012,dem,electricity
CH,h1813,22.49178175071743,scr2012,dem,electricity
CH,h1814,21.893835626314527,scr2012,dem,electricity
CH,h1815,21.46724038809971,scr2012,dem,electricity
CH,h1816,21.603022232754597,scr2012,dem,electricity
CH,h1817,22.4521549893899,scr2012,dem,electricity
CH,h1818,23.37069597444016,scr2012,dem,electricity
CH,h1819,23.703077955661154,scr2012,dem,electricity
CH,h1820,23.27657094286214,scr2012,dem,electricity
CH,h1821,22.82619299234601,scr2012,dem,electricity
CH,h1822,22.720894830672442,scr2012,dem,electricity
CH,h1823,22.857877471586878,scr2012,dem,electricity
CH,h1824,23.143682633450357,scr2012,dem,electricity
CH,h1825,23.50620590657856,scr2012,dem,electricity
CH,h1826,23.892006356231594,scr2012,dem,electricity
CH,h1827,24.094381406595055,scr2012,dem,electricity
CH,h1828,24.169314325238734,scr2012,dem,electricity
CH,h1829,24.309226531057295,scr2012,dem,electricity
CH,h1830,24.685209921714137,scr2012,dem,electricity
CH,h1831,25.20468405664046,scr2012,dem,electricity
CH,h1832,25.60759105637624,scr2012,dem,electricity
CH,h1833,25.634903783770444,scr2012,dem,electricity
CH,h1834,25.29506212577742,scr2012,dem,electricity
CH,h1835,24.731344166929322,scr2012,dem,electricity
CH,h1836,24.071072276790233,scr2012,dem,electricity
CH,h1837,23.33724927267634,scr2012,dem,electricity
CH,h1838,22.587807633692957,scr2012,dem,electricity
CH,h1839,21.982620645807764,scr2012,dem,electricity
CH,h1840,21.93018865286899,scr2012,dem,electricity
CH,h1841,22.654318163341358,scr2012,dem,electricity
CH,h1842,23.54384415082643,scr2012,dem,electricity
CH,h1843,23.83553295094235,scr2012,dem,electricity
CH,h1844,23.301004281253142,scr2012,dem,electricity
CH,h1845,22.674638069581235,scr2012,dem,electricity
CH,h1846,22.37441390824974,scr2012,dem,electricity
CH,h1847,22.311434697617937,scr2012,dem,electricity
CH,h1848,22.358866080747177,scr2012,dem,electricity
CH,h1849,22.47607530757038,scr2012,dem,electricity
CH,h1850,22.65474738957476,scr2012,dem,electricity
CH,h1851,22.69150888938187,scr2012,dem,electricity
CH,h1852,22.6139984622839,scr2012,dem,electricity
CH,h1853,22.594065646687984,scr2012,dem,electricity
CH,h1854,22.82945267601265,scr2012,dem,electricity
CH,h1855,23.303506985628857,scr2012,dem,electricity
CH,h1856,23.80483026584971,scr2012,dem,electricity
CH,h1857,23.983943830028622,scr2012,dem,electricity
CH,h1858,23.711424564984593,scr2012,dem,electricity
CH,h1859,23.11408004959364,scr2012,dem,electricity
CH,h1860,22.413137210315526,scr2012,dem,electricity
CH,h1861,21.605556987137046,scr2012,dem,electricity
CH,h1862,20.85341341872565,scr2012,dem,electricity
CH,h1863,20.251741714884055,scr2012,dem,electricity
CH,h1864,20.244093979007733,scr2012,dem,electricity
CH,h1865,20.854316147716908,scr2012,dem,electricity
CH,h1866,21.56601458504131,scr2012,dem,electricity
CH,h1867,21.79443020396473,scr2012,dem,electricity
CH,h1868,21.373444236353105,scr2012,dem,electricity
CH,h1869,20.89510402517123,scr2012,dem,electricity
CH,h1870,20.668153856252847,scr2012,dem,electricity
CH,h1871,20.59944879868981,scr2012,dem,electricity
CH,h1872,20.65115758837184,scr2012,dem,electricity
CH,h1873,20.79546910083918,scr2012,dem,electricity
CH,h1874,21.01519375744018,scr2012,dem,electricity
CH,h1875,21.111687226145342,scr2012,dem,electricity
CH,h1876,21.11702708210274,scr2012,dem,electricity
CH,h1877,21.1882535290012,scr2012,dem,electricity
CH,h1878,21.50914128229245,scr2012,dem,electricity
CH,h1879,22.081901865526277,scr2012,dem,electricity
CH,h1880,22.680489318276663,scr2012,dem,electricity
CH,h1881,22.96633305392361,scr2012,dem,electricity
CH,h1882,22.779622975257315,scr2012,dem,electricity
CH,h1883,22.273021015182923,scr2012,dem,electricity
CH,h1884,21.668634680546045,scr2012,dem,electricity
CH,h1885,20.951191041535225,scr2012,dem,electricity
CH,h1886,20.27894171524159,scr2012,dem,electricity
CH,h1887,19.73147290688655,scr2012,dem,electricity
CH,h1888,19.746537676551288,scr2012,dem,electricity
CH,h1889,20.336213210384138,scr2012,dem,electricity
CH,h1890,21.007385275857036,scr2012,dem,electricity
CH,h1891,21.208789622790952,scr2012,dem,electricity
CH,h1892,20.774999341809288,scr2012,dem,electricity
CH,h1893,20.284750911155985,scr2012,dem,electricity
CH,h1894,20.016263884395368,scr2012,dem,electricity
CH,h1895,19.90729230351465,scr2012,dem,electricity
CH,h1896,19.912762129846662,scr2012,dem,electricity
CH,h1897,19.992442224857005,scr2012,dem,electricity
CH,h1898,20.144663329732627,scr2012,dem,electricity
CH,h1899,20.18090977000155,scr2012,dem,electricity
CH,h1900,20.148043682035528,scr2012,dem,electricity
CH,h1901,20.17393145192552,scr2012,dem,electricity
CH,h1902,20.440361814670908,scr2012,dem,electricity
CH,h1903,20.949720281175473,scr2012,dem,electricity
CH,h1904,21.49986031241027,scr2012,dem,electricity
CH,h1905,21.767386279792262,scr2012,dem,electricity
CH,h1906,21.606873428721517,scr2012,dem,electricity
CH,h1907,21.14775183346935,scr2012,dem,electricity
CH,h1908,20.601746997496644,scr2012,dem,electricity
CH,h1909,19.9560007689579,scr2012,dem,electricity
CH,h1910,19.361459758852877,scr2012,dem,electricity
CH,h1911,18.892065528569734,scr2012,dem,electricity
CH,h1912,18.96595715470155,scr2012,dem,electricity
CH,h1913,19.605901375321157,scr2012,dem,electricity
CH,h1914,20.344844726845004,scr2012,dem,electricity
CH,h1915,20.639560519040113,scr2012,dem,electricity
CH,h1916,20.32982597118376,scr2012,dem,electricity
CH,h1917,19.968427796460766,scr2012,dem,electricity
CH,h1918,19.827964970989658,scr2012,dem,electricity
CH,h1919,19.845733741060204,scr2012,dem,electricity
CH,h1920,19.979126266116165,scr2012,dem,electricity
CH,h1921,20.201350969424087,scr2012,dem,electricity
CH,h1922,20.496760464240115,scr2012,dem,electricity
CH,h1923,20.6793912605204,scr2012,dem,electricity
CH,h1924,20.77961758130683,scr2012,dem,electricity
CH,h1925,20.938777748049127,scr2012,dem,electricity
CH,h1926,21.344069517721405,scr2012,dem,electricity
CH,h1927,21.99930424201197,scr2012,dem,electricity
CH,h1928,22.690928739776144,scr2012,dem,electricity
CH,h1929,23.07279069310455,scr2012,dem,electricity
CH,h1930,22.9870080937998,scr2012,dem,electricity
CH,h1931,22.56569611576253,scr2012,dem,electricity
CH,h1932,22.032582871031355,scr2012,dem,electricity
CH,h1933,21.380460402494688,scr2012,dem,electricity
CH,h1934,20.77186317545855,scr2012,dem,electricity
CH,h1935,20.29063545041392,scr2012,dem,electricity
CH,h1936,20.3925313163483,scr2012,dem,electricity
CH,h1937,21.095810567677905,scr2012,dem,electricity
CH,h1938,21.891939286357097,scr2012,dem,electricity
CH,h1939,22.175177845135938,scr2012,dem,electricity
CH,h1940,21.79789154368707,scr2012,dem,electricity
CH,h1941,21.364554970121993,scr2012,dem,electricity
CH,h1942,21.174936218228297,scr2012,dem,electricity
CH,h1943,21.144890768833385,scr2012,dem,electricity
CH,h1944,21.224237347967854,scr2012,dem,electricity
CH,h1945,21.38643356209229,scr2012,dem,electricity
CH,h1946,21.61603255392689,scr2012,dem,electricity
CH,h1947,21.72659115210016,scr2012,dem,electricity
CH,h1948,21.742803172846994,scr2012,dem,electricity
CH,h1949,21.819877095585866,scr2012,dem,electricity
CH,h1950,22.1362193534191,scr2012,dem,electricity
CH,h1951,22.686463683798113,scr2012,dem,electricity
CH,h1952,23.256453327112197,scr2012,dem,electricity
CH,h1953,23.509474033965137,scr2012,dem,electricity
CH,h1954,23.315571127574398,scr2012,dem,electricity
CH,h1955,22.80137287580674,scr2012,dem,electricity
CH,h1956,22.176259978983254,scr2012,dem,electricity
CH,h1957,21.448981826782084,scr2012,dem,electricity
CH,h1958,20.770109972984983,scr2012,dem,electricity
CH,h1959,20.218449225113726,scr2012,dem,electricity
CH,h1960,20.224734407331592,scr2012,dem,electricity
CH,h1961,20.8258579288414,scr2012,dem,electricity
CH,h1962,21.53744304061534,scr2012,dem,electricity
CH,h1963,21.75706176227085,scr2012,dem,electricity
CH,h1964,21.33365919238562,scr2012,dem,electricity
CH,h1965,20.855168101274995,scr2012,dem,electricity
CH,h1966,20.63358776906533,scr2012,dem,electricity
CH,h1967,20.5868946459918,scr2012,dem,electricity
CH,h1968,20.674538362693045,scr2012,dem,electricity
CH,h1969,20.83655035542956,scr2012,dem,electricity
CH,h1970,21.041071405113062,scr2012,dem,electricity
CH,h1971,21.100723728718997,scr2012,dem,electricity
CH,h1972,21.064634499582215,scr2012,dem,electricity
CH,h1973,21.08225272140063,scr2012,dem,electricity
CH,h1974,21.303248532299797,scr2012,dem,electricity
CH,h1975,21.639277038308396,scr2012,dem,electricity
CH,h1976,21.92298018951451,scr2012,dem,electricity
CH,h1977,21.931259473221672,scr2012,dem,electricity
CH,h1978,21.668192117745434,scr2012,dem,electricity
CH,h1979,21.19950747154173,scr2012,dem,electricity
CH,h1980,20.648450729494087,scr2012,dem,electricity
CH,h1981,20.024946847175638,scr2012,dem,electricity
CH,h1982,19.426679555056,scr2012,dem,electricity
CH,h1983,18.970566031229808,scr2012,dem,electricity
CH,h1984,18.991557181982788,scr2012,dem,electricity
CH,h1985,19.603308218400542,scr2012,dem,electricity
CH,h1986,20.25881559695307,scr2012,dem,electricity
CH,h1987,20.415422104626302,scr2012,dem,electricity
CH,h1988,19.93605686933882,scr2012,dem,electricity
CH,h1989,19.42957703096034,scr2012,dem,electricity
CH,h1990,19.200395044115613,scr2012,dem,electricity
CH,h1991,19.170677059740054,scr2012,dem,electricity
CH,h1992,19.274958602824437,scr2012,dem,electricity
CH,h1993,19.469428840629778,scr2012,dem,electricity
CH,h1994,19.642748475142312,scr2012,dem,electricity
CH,h1995,19.66127402930019,scr2012,dem,electricity
CH,h1996,19.569681971241902,scr2012,dem,electricity
CH,h1997,19.56033625624555,scr2012,dem,electricity
CH,h1998,19.728467207806446,scr2012,dem,electricity
CH,h1999,20.01052427317963,scr2012,dem,electricity
CH,h2000,20.23103291126595,scr2012,dem,electricity
CH,h2001,20.189515514617806,scr2012,dem,electricity
CH,h2002,19.858549145262955,scr2012,dem,electricity
CH,h2003,19.382100962055006,scr2012,dem,electricity
CH,h2004,18.84605760030642,scr2012,dem,electricity
CH,h2005,18.29734757848965,scr2012,dem,electricity
CH,h2006,17.709308248368927,scr2012,dem,electricity
CH,h2007,17.235885215552308,scr2012,dem,electricity
CH,h2008,17.16136548781695,scr2012,dem,electricity
CH,h2009,17.661122365350078,scr2012,dem,electricity
CH,h2010,18.290599022343642,scr2012,dem,electricity
CH,h2011,18.443957153143586,scr2012,dem,electricity
CH,h2012,18.01871686472634,scr2012,dem,electricity
CH,h2013,17.595766620116187,scr2012,dem,electricity
CH,h2014,17.45228714033586,scr2012,dem,electricity
CH,h2015,17.487917026253815,scr2012,dem,electricity
CH,h2016,17.54873995380912,scr2012,dem,electricity
CH,h2017,17.657199291782682,scr2012,dem,electricity
CH,h2018,17.803570131728275,scr2012,dem,electricity
CH,h2019,17.839271736709165,scr2012,dem,electricity
CH,h2020,17.81226769158075,scr2012,dem,electricity
CH,h2021,17.830513216495717,scr2012,dem,electricity
CH,h2022,18.039209702651092,scr2012,dem,electricity
CH,h2023,18.447940656735415,scr2012,dem,electricity
CH,h2024,18.925329748080305,scr2012,dem,electricity
CH,h2025,19.166117475130914,scr2012,dem,electricity
CH,h2026,19.02573582444292,scr2012,dem,electricity
CH,h2027,18.58991487463023,scr2012,dem,electricity
CH,h2028,18.06227814262503,scr2012,dem,electricity
CH,h2029,17.44674685424712,scr2012,dem,electricity
CH,h2030,16.87069908504875,scr2012,dem,electricity
CH,h2031,16.396853643513506,scr2012,dem,electricity
CH,h2032,16.377240136685955,scr2012,dem,electricity
CH,h2033,16.78622973539712,scr2012,dem,electricity
CH,h2034,17.26083220119573,scr2012,dem,electricity
CH,h2035,17.331602860410673,scr2012,dem,electricity
CH,h2036,16.926556782155345,scr2012,dem,electricity
CH,h2037,16.5584143666528,scr2012,dem,electricity
CH,h2038,16.404427242584468,scr2012,dem,electricity
CH,h2039,16.373314883275043,scr2012,dem,electricity
CH,h2040,16.348060445441835,scr2012,dem,electricity
CH,h2041,16.38489192811795,scr2012,dem,electricity
CH,h2042,16.499795079886827,scr2012,dem,electricity
CH,h2043,16.530095099847628,scr2012,dem,electricity
CH,h2044,16.506140153682956,scr2012,dem,electricity
CH,h2045,16.500501986660996,scr2012,dem,electricity
CH,h2046,16.678677292672013,scr2012,dem,electricity
CH,h2047,17.067601623359355,scr2012,dem,electricity
CH,h2048,17.5504624993691,scr2012,dem,electricity
CH,h2049,17.825277492910118,scr2012,dem,electricity
CH,h2050,17.723127897735175,scr2012,dem,electricity
CH,h2051,17.32723607220348,scr2012,dem,electricity
CH,h2052,16.85357480500361,scr2012,dem,electricity
CH,h2053,16.290988160564645,scr2012,dem,electricity
CH,h2054,15.778784459317075,scr2012,dem,electricity
CH,h2055,15.357836133980696,scr2012,dem,electricity
CH,h2056,15.359968469634465,scr2012,dem,electricity
CH,h2057,15.744988357898947,scr2012,dem,electricity
CH,h2058,16.171989706754268,scr2012,dem,electricity
CH,h2059,16.240552216420998,scr2012,dem,electricity
CH,h2060,15.858591197335604,scr2012,dem,electricity
CH,h2061,15.527798194747804,scr2012,dem,electricity
CH,h2062,15.374432429076425,scr2012,dem,electricity
CH,h2063,15.35028336663459,scr2012,dem,electricity
CH,h2064,15.32714308813691,scr2012,dem,electricity
CH,h2065,15.347330844595199,scr2012,dem,electricity
CH,h2066,15.440798336555089,scr2012,dem,electricity
CH,h2067,15.454916188977075,scr2012,dem,electricity
CH,h2068,15.438912770249411,scr2012,dem,electricity
CH,h2069,15.43008219631845,scr2012,dem,electricity
CH,h2070,15.588262460171013,scr2012,dem,electricity
CH,h2071,15.93926787072676,scr2012,dem,electricity
CH,h2072,16.38344634151248,scr2012,dem,electricity
CH,h2073,16.635406612547488,scr2012,dem,electricity
CH,h2074,16.540382928709512,scr2012,dem,electricity
CH,h2075,16.166990807995674,scr2012,dem,electricity
CH,h2076,15.714687519340034,scr2012,dem,electricity
CH,h2077,15.17648168627653,scr2012,dem,electricity
CH,h2078,14.676343093981531,scr2012,dem,electricity
CH,h2079,14.254717545409179,scr2012,dem,electricity
CH,h2080,14.213384037977521,scr2012,dem,electricity
CH,h2081,14.518294228385228,scr2012,dem,electricity
CH,h2082,14.857445903722569,scr2012,dem,electricity
CH,h2083,14.870783523028884,scr2012,dem,electricity
CH,h2084,14.481570255600749,scr2012,dem,electricity
CH,h2085,14.145997601015335,scr2012,dem,electricity
CH,h2086,13.96344419026399,scr2012,dem,electricity
CH,h2087,13.895516229778732,scr2012,dem,electricity
CH,h2088,13.817957675084452,scr2012,dem,electricity
CH,h2089,13.790898926374794,scr2012,dem,electricity
CH,h2090,13.830769156147227,scr2012,dem,electricity
CH,h2091,13.81666887941355,scr2012,dem,electricity
CH,h2092,13.777102055136767,scr2012,dem,electricity
CH,h2093,13.74133381932104,scr2012,dem,electricity
CH,h2094,13.843981044497808,scr2012,dem,electricity
CH,h2095,14.13024319187918,scr2012,dem,electricity
CH,h2096,14.52743871040951,scr2012,dem,electricity
CH,h2097,14.77900841799803,scr2012,dem,electricity
CH,h2098,14.725174236564367,scr2012,dem,electricity
CH,h2099,14.419105317580637,scr2012,dem,electricity
CH,h2100,14.049261490176033,scr2012,dem,electricity
CH,h2101,13.601311078395028,scr2012,dem,electricity
CH,h2102,13.197944594872553,scr2012,dem,electricity
CH,h2103,12.855686257933986,scr2012,dem,electricity
CH,h2104,12.864425500380914,scr2012,dem,electricity
CH,h2105,13.165248092065527,scr2012,dem,electricity
CH,h2106,13.500381674340112,scr2012,dem,electricity
CH,h2107,13.546312008920545,scr2012,dem,electricity
CH,h2108,13.25547292475291,scr2012,dem,electricity
CH,h2109,13.02164335538852,scr2012,dem,electricity
CH,h2110,12.914933947671175,scr2012,dem,electricity
CH,h2111,12.903213543773187,scr2012,dem,electricity
CH,h2112,12.87997687100773,scr2012,dem,electricity
CH,h2113,12.918324265693485,scr2012,dem,electricity
CH,h2114,13.010781063252109,scr2012,dem,electricity
CH,h2115,13.056644861647758,scr2012,dem,electricity
CH,h2116,13.069435192236917,scr2012,dem,electricity
CH,h2117,13.090050871878919,scr2012,dem,electricity
CH,h2118,13.226957139183906,scr2012,dem,electricity
CH,h2119,13.521726580640543,scr2012,dem,electricity
CH,h2120,13.908279788362899,scr2012,dem,electricity
CH,h2121,14.16388462957285,scr2012,dem,electricity
CH,h2122,14.142278629633315,scr2012,dem,electricity
CH,h2123,13.88541962037743,scr2012,dem,electricity
CH,h2124,13.5476723780261,scr2012,dem,electricity
CH,h2125,13.131834043721705,scr2012,dem,electricity
CH,h2126,12.740196660944106,scr2012,dem,electricity
CH,h2127,12.39327444995173,scr2012,dem,electricity
CH,h2128,12.350440276052243,scr2012,dem,electricity
CH,h2129,12.568876580856816,scr2012,dem,electricity
CH,h2130,12.826292647548417,scr2012,dem,electricity
CH,h2131,12.823137777353992,scr2012,dem,electricity
CH,h2132,12.513626148132944,scr2012,dem,electricity
CH,h2133,12.246209752613083,scr2012,dem,electricity
CH,h2134,12.093405936959321,scr2012,dem,electricity
CH,h2135,12.034026857082585,scr2012,dem,electricity
CH,h2136,11.98768563284806,scr2012,dem,electricity
CH,h2137,11.990033286910133,scr2012,dem,electricity
CH,h2138,12.025928503811423,scr2012,dem,electricity
CH,h2139,11.994238055810031,scr2012,dem,electricity
CH,h2140,11.931019136368283,scr2012,dem,electricity
CH,h2141,11.864167935234205,scr2012,dem,electricity
CH,h2142,11.872079327415783,scr2012,dem,electricity
CH,h2143,11.9222179954514,scr2012,dem,electricity
CH,h2144,11.996437067178176,scr2012,dem,electricity
CH,h2145,11.988963270532741,scr2012,dem,electricity
CH,h2146,11.895142296640978,scr2012,dem,electricity
CH,h2147,11.709771808088181,scr2012,dem,electricity
CH,h2148,11.480974829298033,scr2012,dem,electricity
CH,h2149,11.213303582756904,scr2012,dem,electricity
CH,h2150,10.964027319066872,scr2012,dem,electricity
CH,h2151,10.776333222440371,scr2012,dem,electricity
CH,h2152,10.805564571365574,scr2012,dem,electricity
CH,h2153,11.067768248489338,scr2012,dem,electricity
CH,h2154,11.33892970959811,scr2012,dem,electricity
CH,h2155,11.359310569184387,scr2012,dem,electricity
CH,h2156,11.087147258314618,scr2012,dem,electricity
CH,h2157,10.867467484825008,scr2012,dem,electricity
CH,h2158,10.778113746598326,scr2012,dem,electricity
CH,h2159,10.813028819672768,scr2012,dem,electricity
CH,h2160,10.872349880505832,scr2012,dem,electricity
CZ,h1441,21.89394768708149,scr2012,dem,electricity
CZ,h1442,21.85411161981409,scr2012,dem,electricity
CZ,h1443,21.743566508217434,scr2012,dem,electricity
CZ,h1444,21.629733252804794,scr2012,dem,electricity
CZ,h1445,21.58318663156264,scr2012,dem,electricity
CZ,h1446,21.861317292269216,scr2012,dem,electricity
CZ,h1447,22.709229948162967,scr2012,dem,electricity
CZ,h1448,23.695998654859537,scr2012,dem,electricity
CZ,h1449,24.422763621822295,scr2012,dem,electricity
CZ,h1450,24.47763797277033,scr2012,dem,electricity
CZ,h1451,24.097964559252947,scr2012,dem,electricity
CZ,h1452,23.60936189960824,scr2012,dem,electricity
CZ,h1453,23.074784050752722,scr2012,dem,electricity
CZ,h1454,22.55451469308213,scr2012,dem,electricity
CZ,h1455,22.090746348976364,scr2012,dem,electricity
CZ,h1456,22.060933344824925,scr2012,dem,electricity
CZ,h1457,22.57954850734098,scr2012,dem,electricity
CZ,h1458,23.233175533378503,scr2012,dem,electricity
CZ,h1459,23.446208410848495,scr2012,dem,electricity
CZ,h1460,23.118571583215154,scr2012,dem,electricity
CZ,h1461,22.74950249215651,scr2012,dem,electricity
CZ,h1462,22.504824141228728,scr2012,dem,electricity
CZ,h1463,22.26390680324875,scr2012,dem,electricity
CZ,h1464,22.008671286147532,scr2012,dem,electricity
CZ,h1465,21.729031342921935,scr2012,dem,electricity
CZ,h1466,21.601152766738558,scr2012,dem,electricity
CZ,h1467,21.419222003521025,scr2012,dem,electricity
CZ,h1468,21.32528228497507,scr2012,dem,electricity
CZ,h1469,21.355733715414043,scr2012,dem,electricity
CZ,h1470,21.527393196826036,scr2012,dem,electricity
CZ,h1471,22.005732374861534,scr2012,dem,electricity
CZ,h1472,22.611914374362446,scr2012,dem,electricity
CZ,h1473,23.16272930589973,scr2012,dem,electricity
CZ,h1474,23.35553943872634,scr2012,dem,electricity
CZ,h1475,23.183894198421623,scr2012,dem,electricity
CZ,h1476,22.83913773409449,scr2012,dem,electricity
CZ,h1477,22.32724338387271,scr2012,dem,electricity
CZ,h1478,21.774466306164268,scr2012,dem,electricity
CZ,h1479,21.273303314812825,scr2012,dem,electricity
CZ,h1480,21.263114856146462,scr2012,dem,electricity
CZ,h1481,21.83446145024096,scr2012,dem,electricity
CZ,h1482,22.58202148136128,scr2012,dem,electricity
CZ,h1483,22.91493788087588,scr2012,dem,electricity
CZ,h1484,22.639535962709164,scr2012,dem,electricity
CZ,h1485,22.298753253103747,scr2012,dem,electricity
CZ,h1486,22.097135306732106,scr2012,dem,electricity
CZ,h1487,22.028380472311852,scr2012,dem,electricity
CZ,h1488,21.978988582314685,scr2012,dem,electricity
CZ,h1489,21.883716887998773,scr2012,dem,electricity
CZ,h1490,21.851455065606867,scr2012,dem,electricity
CZ,h1491,21.74130385435104,scr2012,dem,electricity
CZ,h1492,21.688275192488433,scr2012,dem,electricity
CZ,h1493,21.733459991985956,scr2012,dem,electricity
CZ,h1494,21.907307954744873,scr2012,dem,electricity
CZ,h1495,22.350931740858773,scr2012,dem,electricity
CZ,h1496,22.91772944809562,scr2012,dem,electricity
CZ,h1497,23.439806448270737,scr2012,dem,electricity
CZ,h1498,23.665428653962866,scr2012,dem,electricity
CZ,h1499,23.576202250029333,scr2012,dem,electricity
CZ,h1500,23.29438440571103,scr2012,dem,electricity
CZ,h1501,22.787503067880397,scr2012,dem,electricity
CZ,h1502,22.210592236485404,scr2012,dem,electricity
CZ,h1503,21.695797863998244,scr2012,dem,electricity
CZ,h1504,21.71320800720981,scr2012,dem,electricity
CZ,h1505,22.342450065792907,scr2012,dem,electricity
CZ,h1506,23.17008776028504,scr2012,dem,electricity
CZ,h1507,23.595083902549195,scr2012,dem,electricity
CZ,h1508,23.400678895768365,scr2012,dem,electricity
CZ,h1509,23.135191518172917,scr2012,dem,electricity
CZ,h1510,22.997590864797804,scr2012,dem,electricity
CZ,h1511,22.990504478997742,scr2012,dem,electricity
CZ,h1512,22.975682439529102,scr2012,dem,electricity
CZ,h1513,22.965288515057843,scr2012,dem,electricity
CZ,h1514,23.054032198725277,scr2012,dem,electricity
CZ,h1515,23.022703035347526,scr2012,dem,electricity
CZ,h1516,22.957968144060047,scr2012,dem,electricity
CZ,h1517,22.953145103525983,scr2012,dem,electricity
CZ,h1518,23.308160024615614,scr2012,dem,electricity
CZ,h1519,24.25546173857016,scr2012,dem,electricity
CZ,h1520,25.353718922196776,scr2012,dem,electricity
CZ,h1521,26.148330395454167,scr2012,dem,electricity
CZ,h1522,26.21362069388079,scr2012,dem,electricity
CZ,h1523,25.78949483297526,scr2012,dem,electricity
CZ,h1524,25.25743290285292,scr2012,dem,electricity
CZ,h1525,24.69579216227953,scr2012,dem,electricity
CZ,h1526,24.177348459547993,scr2012,dem,electricity
CZ,h1527,23.71106331546371,scr2012,dem,electricity
CZ,h1528,23.718145457493677,scr2012,dem,electricity
CZ,h1529,24.338369717276528,scr2012,dem,electricity
CZ,h1530,25.109565319717294,scr2012,dem,electricity
CZ,h1531,25.390166857631833,scr2012,dem,electricity
CZ,h1532,25.074055320496143,scr2012,dem,electricity
CZ,h1533,24.732712574464372,scr2012,dem,electricity
CZ,h1534,24.542829051140142,scr2012,dem,electricity
CZ,h1535,24.345309624067724,scr2012,dem,electricity
CZ,h1536,24.11335752026393,scr2012,dem,electricity
CZ,h1537,23.908572659510188,scr2012,dem,electricity
CZ,h1538,23.919718018847817,scr2012,dem,electricity
CZ,h1539,23.83755625161206,scr2012,dem,electricity
CZ,h1540,23.756862895338223,scr2012,dem,electricity
CZ,h1541,23.75897771694552,scr2012,dem,electricity
CZ,h1542,24.123443545088886,scr2012,dem,electricity
CZ,h1543,25.073485200664198,scr2012,dem,electricity
CZ,h1544,26.147880827868484,scr2012,dem,electricity
CZ,h1545,26.904092790602977,scr2012,dem,electricity
CZ,h1546,26.934045666034592,scr2012,dem,electricity
CZ,h1547,26.480174335720513,scr2012,dem,electricity
CZ,h1548,25.919260710652093,scr2012,dem,electricity
CZ,h1549,25.325083926181033,scr2012,dem,electricity
CZ,h1550,24.77895119445338,scr2012,dem,electricity
CZ,h1551,24.30661968065021,scr2012,dem,electricity
CZ,h1552,24.331966651506495,scr2012,dem,electricity
CZ,h1553,24.99352977002946,scr2012,dem,electricity
CZ,h1554,25.80924797948708,scr2012,dem,electricity
CZ,h1555,26.105880254341947,scr2012,dem,electricity
CZ,h1556,25.776476860123378,scr2012,dem,electricity
CZ,h1557,25.4145863325792,scr2012,dem,electricity
CZ,h1558,25.219081658861352,scr2012,dem,electricity
CZ,h1559,25.02413961137367,scr2012,dem,electricity
CZ,h1560,24.789064464109856,scr2012,dem,electricity
CZ,h1561,24.5719770417518,scr2012,dem,electricity
CZ,h1562,24.571263196047386,scr2012,dem,electricity
CZ,h1563,24.472325722408268,scr2012,dem,electricity
CZ,h1564,24.3801285937473,scr2012,dem,electricity
CZ,h1565,24.367933687329533,scr2012,dem,electricity
CZ,h1566,24.72223689394693,scr2012,dem,electricity
CZ,h1567,25.6610514293224,scr2012,dem,electricity
CZ,h1568,26.72547138528675,scr2012,dem,electricity
CZ,h1569,27.462235520513662,scr2012,dem,electricity
CZ,h1570,27.464023837159875,scr2012,dem,electricity
CZ,h1571,26.97170783893989,scr2012,dem,electricity
CZ,h1572,26.368878295477135,scr2012,dem,electricity
CZ,h1573,25.73045775243063,scr2012,dem,electricity
CZ,h1574,25.14273749985397,scr2012,dem,electricity
CZ,h1575,24.63104277396499,scr2012,dem,electricity
CZ,h1576,24.625762478849015,scr2012,dem,electricity
CZ,h1577,25.25690886935622,scr2012,dem,electricity
CZ,h1578,26.037335870571862,scr2012,dem,electricity
CZ,h1579,26.296965453145162,scr2012,dem,electricity
CZ,h1580,25.930646973886024,scr2012,dem,electricity
CZ,h1581,25.53645429875827,scr2012,dem,electricity
CZ,h1582,25.309087356552805,scr2012,dem,electricity
CZ,h1583,25.078601065170904,scr2012,dem,electricity
CZ,h1584,24.808443352347954,scr2012,dem,electricity
CZ,h1585,24.552449113868022,scr2012,dem,electricity
CZ,h1586,24.511232422567712,scr2012,dem,electricity
CZ,h1587,24.367124111013027,scr2012,dem,electricity
CZ,h1588,24.226189080446176,scr2012,dem,electricity
CZ,h1589,24.162507285596757,scr2012,dem,electricity
CZ,h1590,24.457033864998085,scr2012,dem,electricity
CZ,h1591,25.33027927149825,scr2012,dem,electricity
CZ,h1592,26.330324262734994,scr2012,dem,electricity
CZ,h1593,27.014764620294663,scr2012,dem,electricity
CZ,h1594,26.978523338388253,scr2012,dem,electricity
CZ,h1595,26.452894639553676,scr2012,dem,electricity
CZ,h1596,25.822292354854333,scr2012,dem,electricity
CZ,h1597,25.16003320520341,scr2012,dem,electricity
CZ,h1598,24.55563135489134,scr2012,dem,electricity
CZ,h1599,24.028333627834325,scr2012,dem,electricity
CZ,h1600,23.988874776386645,scr2012,dem,electricity
CZ,h1601,24.559070584269545,scr2012,dem,electricity
CZ,h1602,25.26417417540297,scr2012,dem,electricity
CZ,h1603,25.47779045297454,scr2012,dem,electricity
CZ,h1604,25.101204489029588,scr2012,dem,electricity
CZ,h1605,24.7063056971757,scr2012,dem,electricity
CZ,h1606,24.458542537521556,scr2012,dem,electricity
CZ,h1607,24.200376522152766,scr2012,dem,electricity
CZ,h1608,23.89698020863506,scr2012,dem,electricity
CZ,h1609,23.613395629081236,scr2012,dem,electricity
CZ,h1610,23.54361103741957,scr2012,dem,electricity
CZ,h1611,23.38282173016146,scr2012,dem,electricity
CZ,h1612,23.226330309510743,scr2012,dem,electricity
CZ,h1613,23.132589719979944,scr2012,dem,electricity
CZ,h1614,23.3697499929047,scr2012,dem,electricity
CZ,h1615,24.178335518829456,scr2012,dem,electricity
CZ,h1616,25.137762951367957,scr2012,dem,electricity
CZ,h1617,25.826054495256436,scr2012,dem,electricity
CZ,h1618,25.82597599173885,scr2012,dem,electricity
CZ,h1619,25.361636527525388,scr2012,dem,electricity
CZ,h1620,24.78980810311496,scr2012,dem,electricity
CZ,h1621,24.172639743096155,scr2012,dem,electricity
CZ,h1622,23.582801760915494,scr2012,dem,electricity
CZ,h1623,23.06147749444881,scr2012,dem,electricity
CZ,h1624,23.012664729213835,scr2012,dem,electricity
CZ,h1625,23.552221957434057,scr2012,dem,electricity
CZ,h1626,24.220410915317608,scr2012,dem,electricity
CZ,h1627,24.410454478247637,scr2012,dem,electricity
CZ,h1628,24.044894831614556,scr2012,dem,electricity
CZ,h1629,23.661771798002974,scr2012,dem,electricity
CZ,h1630,23.431377745707234,scr2012,dem,electricity
CZ,h1631,23.1834089056332,scr2012,dem,electricity
CZ,h1632,22.915875221406626,scr2012,dem,electricity
CZ,h1633,22.614025714153133,scr2012,dem,electricity
CZ,h1634,22.47064725654114,scr2012,dem,electricity
CZ,h1635,22.266389868584,scr2012,dem,electricity
CZ,h1636,22.145291256204324,scr2012,dem,electricity
CZ,h1637,22.142041662511165,scr2012,dem,electricity
CZ,h1638,22.281421990255858,scr2012,dem,electricity
CZ,h1639,22.72815875869984,scr2012,dem,electricity
CZ,h1640,23.32186999110724,scr2012,dem,electricity
CZ,h1641,23.85401218518518,scr2012,dem,electricity
CZ,h1642,24.013844401337913,scr2012,dem,electricity
CZ,h1643,23.780543202714597,scr2012,dem,electricity
CZ,h1644,23.36821387159151,scr2012,dem,electricity
CZ,h1645,22.788723151909757,scr2012,dem,electricity
CZ,h1646,22.1746155470117,scr2012,dem,electricity
CZ,h1647,21.610758092498628,scr2012,dem,electricity
CZ,h1648,21.554659381564882,scr2012,dem,electricity
CZ,h1649,22.079499624652346,scr2012,dem,electricity
CZ,h1650,22.759877016511833,scr2012,dem,electricity
CZ,h1651,23.005519408766027,scr2012,dem,electricity
CZ,h1652,22.663072114178785,scr2012,dem,electricity
CZ,h1653,22.272568283466228,scr2012,dem,electricity
CZ,h1654,22.028075526379173,scr2012,dem,electricity
CZ,h1655,21.890533840429562,scr2012,dem,electricity
CZ,h1656,21.769694099413602,scr2012,dem,electricity
CZ,h1657,21.598848041023132,scr2012,dem,electricity
CZ,h1658,21.494608539181005,scr2012,dem,electricity
CZ,h1659,21.315784848618527,scr2012,dem,electricity
CZ,h1660,21.202929472043177,scr2012,dem,electricity
CZ,h1661,21.183781399036373,scr2012,dem,electricity
CZ,h1662,21.27856073269891,scr2012,dem,electricity
CZ,h1663,21.62254311052696,scr2012,dem,electricity
CZ,h1664,22.103986544024274,scr2012,dem,electricity
CZ,h1665,22.56406546880479,scr2012,dem,electricity
CZ,h1666,22.75828575766684,scr2012,dem,electricity
CZ,h1667,22.640039985329636,scr2012,dem,electricity
CZ,h1668,22.34388380600826,scr2012,dem,electricity
CZ,h1669,21.828929385982445,scr2012,dem,electricity
CZ,h1670,21.250569744655873,scr2012,dem,electricity
CZ,h1671,20.72122036987382,scr2012,dem,electricity
CZ,h1672,20.698370564625403,scr2012,dem,electricity
CZ,h1673,21.23973251296948,scr2012,dem,electricity
CZ,h1674,21.952186587125375,scr2012,dem,electricity
CZ,h1675,22.300307769349605,scr2012,dem,electricity
CZ,h1676,22.107906507914585,scr2012,dem,electricity
CZ,h1677,21.864302471871422,scr2012,dem,electricity
CZ,h1678,21.718575363680714,scr2012,dem,electricity
CZ,h1679,21.66670733410481,scr2012,dem,electricity
CZ,h1680,21.599771003065754,scr2012,dem,electricity
CZ,h1681,21.526176736475964,scr2012,dem,electricity
CZ,h1682,21.54464820313819,scr2012,dem,electricity
CZ,h1683,21.457745921279844,scr2012,dem,electricity
CZ,h1684,21.35457610165295,scr2012,dem,electricity
CZ,h1685,21.28717938868599,scr2012,dem,electricity
CZ,h1686,21.53500425940479,scr2012,dem,electricity
CZ,h1687,22.3481148933423,scr2012,dem,electricity
CZ,h1688,23.334176618220855,scr2012,dem,electricity
CZ,h1689,24.056942917407184,scr2012,dem,electricity
CZ,h1690,24.086903795660465,scr2012,dem,electricity
CZ,h1691,23.636041818453172,scr2012,dem,electricity
CZ,h1692,23.09155870747675,scr2012,dem,electricity
CZ,h1693,22.523317039731236,scr2012,dem,electricity
CZ,h1694,22.00226008576222,scr2012,dem,electricity
CZ,h1695,21.49888727417171,scr2012,dem,electricity
CZ,h1696,21.388017349307738,scr2012,dem,electricity
CZ,h1697,21.77409415720063,scr2012,dem,electricity
CZ,h1698,22.271098155423495,scr2012,dem,electricity
CZ,h1699,22.36984195654858,scr2012,dem,electricity
CZ,h1700,22.01465398697004,scr2012,dem,electricity
CZ,h1701,21.659038559715903,scr2012,dem,electricity
CZ,h1702,21.382814616305048,scr2012,dem,electricity
CZ,h1703,21.035151318120683,scr2012,dem,electricity
CZ,h1704,20.62736978581671,scr2012,dem,electricity
CZ,h1705,20.22925578229623,scr2012,dem,electricity
CZ,h1706,20.0371078722578,scr2012,dem,electricity
CZ,h1707,19.78768316506788,scr2012,dem,electricity
CZ,h1708,19.569012782768652,scr2012,dem,electricity
CZ,h1709,19.40132868850166,scr2012,dem,electricity
CZ,h1710,19.50518882892951,scr2012,dem,electricity
CZ,h1711,20.14693056101919,scr2012,dem,electricity
CZ,h1712,20.957891001924125,scr2012,dem,electricity
CZ,h1713,21.580149126522507,scr2012,dem,electricity
CZ,h1714,21.600945118206912,scr2012,dem,electricity
CZ,h1715,21.20690431233033,scr2012,dem,electricity
CZ,h1716,20.743504098091634,scr2012,dem,electricity
CZ,h1717,20.258252121028413,scr2012,dem,electricity
CZ,h1718,19.818182531317948,scr2012,dem,electricity
CZ,h1719,19.39469029081901,scr2012,dem,electricity
CZ,h1720,19.316044476689328,scr2012,dem,electricity
CZ,h1721,19.665040101153256,scr2012,dem,electricity
CZ,h1722,20.12040476050657,scr2012,dem,electricity
CZ,h1723,20.252929814211328,scr2012,dem,electricity
CZ,h1724,20.029104583026736,scr2012,dem,electricity
CZ,h1725,19.807867636592306,scr2012,dem,electricity
CZ,h1726,19.623982128886183,scr2012,dem,electricity
CZ,h1727,19.34795927077665,scr2012,dem,electricity
CZ,h1728,19.009975709359946,scr2012,dem,electricity
CZ,h1729,18.699770420416073,scr2012,dem,electricity
CZ,h1730,18.59999820039333,scr2012,dem,electricity
CZ,h1731,18.467169200716597,scr2012,dem,electricity
CZ,h1732,18.37543999639368,scr2012,dem,electricity
CZ,h1733,18.32940179166704,scr2012,dem,electricity
CZ,h1734,18.54134874718619,scr2012,dem,electricity
CZ,h1735,19.287296586449322,scr2012,dem,electricity
CZ,h1736,20.216421549054285,scr2012,dem,electricity
CZ,h1737,20.97564773365104,scr2012,dem,electricity
CZ,h1738,21.143508786728354,scr2012,dem,electricity
CZ,h1739,20.89010690279427,scr2012,dem,electricity
CZ,h1740,20.559746345924083,scr2012,dem,electricity
CZ,h1741,20.19412146149561,scr2012,dem,electricity
CZ,h1742,19.864214149494664,scr2012,dem,electricity
CZ,h1743,19.541297402849896,scr2012,dem,electricity
CZ,h1744,19.566022360679817,scr2012,dem,electricity
CZ,h1745,20.025410687781648,scr2012,dem,electricity
CZ,h1746,20.59533365234373,scr2012,dem,electricity
CZ,h1747,20.81907016804281,scr2012,dem,electricity
CZ,h1748,20.671516898129546,scr2012,dem,electricity
CZ,h1749,20.521628789322943,scr2012,dem,electricity
CZ,h1750,20.429942940264162,scr2012,dem,electricity
CZ,h1751,20.2456765093192,scr2012,dem,electricity
CZ,h1752,20.004808682594984,scr2012,dem,electricity
CZ,h1753,19.788532111089037,scr2012,dem,electricity
CZ,h1754,19.782644145495237,scr2012,dem,electricity
CZ,h1755,19.727768275772185,scr2012,dem,electricity
CZ,h1756,19.703723025921846,scr2012,dem,electricity
CZ,h1757,19.733432150709753,scr2012,dem,electricity
CZ,h1758,20.041798215078245,scr2012,dem,electricity
CZ,h1759,20.898867501929104,scr2012,dem,electricity
CZ,h1760,21.936975380083254,scr2012,dem,electricity
CZ,h1761,22.778996734070233,scr2012,dem,electricity
CZ,h1762,22.996851028037945,scr2012,dem,electricity
CZ,h1763,22.76457197448971,scr2012,dem,electricity
CZ,h1764,22.434746909146803,scr2012,dem,electricity
CZ,h1765,22.054967200564782,scr2012,dem,electricity
CZ,h1766,21.708404609850444,scr2012,dem,electricity
CZ,h1767,21.393738074825496,scr2012,dem,electricity
CZ,h1768,21.488528902987895,scr2012,dem,electricity
CZ,h1769,22.098486720690033,scr2012,dem,electricity
CZ,h1770,22.827241048927235,scr2012,dem,electricity
CZ,h1771,23.130182790319374,scr2012,dem,electricity
CZ,h1772,22.974736529895956,scr2012,dem,electricity
CZ,h1773,22.819482558560548,scr2012,dem,electricity
CZ,h1774,22.781157606008122,scr2012,dem,electricity
CZ,h1775,22.673851214077384,scr2012,dem,electricity
CZ,h1776,22.5143111652187,scr2012,dem,electricity
CZ,h1777,22.36484468232845,scr2012,dem,electricity
CZ,h1778,22.42810659207203,scr2012,dem,electricity
CZ,h1779,22.412236109120737,scr2012,dem,electricity
CZ,h1780,22.42067283377395,scr2012,dem,electricity
CZ,h1781,22.486211454027647,scr2012,dem,electricity
CZ,h1782,22.868811139472957,scr2012,dem,electricity
CZ,h1783,23.813315631525615,scr2012,dem,electricity
CZ,h1784,24.92338456788405,scr2012,dem,electricity
CZ,h1785,25.770921301549382,scr2012,dem,electricity
CZ,h1786,25.92599992305862,scr2012,dem,electricity
CZ,h1787,25.58039707968335,scr2012,dem,electricity
CZ,h1788,25.114203666775083,scr2012,dem,electricity
CZ,h1789,24.59198586750442,scr2012,dem,electricity
CZ,h1790,24.095538811566,scr2012,dem,electricity
CZ,h1791,23.654335043519463,scr2012,dem,electricity
CZ,h1792,23.707760721434607,scr2012,dem,electricity
CZ,h1793,24.385903796717304,scr2012,dem,electricity
CZ,h1794,25.203002263893605,scr2012,dem,electricity
CZ,h1795,25.46763076496422,scr2012,dem,electricity
CZ,h1796,25.152249409179994,scr2012,dem,electricity
CZ,h1797,24.80985537888807,scr2012,dem,electricity
CZ,h1798,24.673976886604276,scr2012,dem,electricity
CZ,h1799,24.497404905621874,scr2012,dem,electricity
CZ,h1800,24.30594669995185,scr2012,dem,electricity
CZ,h1801,24.066164891327514,scr2012,dem,electricity
CZ,h1802,23.98881718544679,scr2012,dem,electricity
CZ,h1803,23.8374352018634,scr2012,dem,electricity
CZ,h1804,23.76179140321824,scr2012,dem,electricity
CZ,h1805,23.80655958042898,scr2012,dem,electricity
CZ,h1806,24.01123178523395,scr2012,dem,electricity
CZ,h1807,24.53649050051763,scr2012,dem,electricity
CZ,h1808,25.209984662995872,scr2012,dem,electricity
CZ,h1809,25.78771436548135,scr2012,dem,electricity
CZ,h1810,25.950855920884734,scr2012,dem,electricity
CZ,h1811,25.677791831079126,scr2012,dem,electricity
CZ,h1812,25.21114744102261,scr2012,dem,electricity
CZ,h1813,24.573357890805948,scr2012,dem,electricity
CZ,h1814,23.91277393405337,scr2012,dem,electricity
CZ,h1815,23.324924324269606,scr2012,dem,electricity
CZ,h1816,23.301068502004988,scr2012,dem,electricity
CZ,h1817,23.927794166759856,scr2012,dem,electricity
CZ,h1818,24.712477677449026,scr2012,dem,electricity
CZ,h1819,24.99262748660589,scr2012,dem,electricity
CZ,h1820,24.62873243427675,scr2012,dem,electricity
CZ,h1821,24.22025428763542,scr2012,dem,electricity
CZ,h1822,24.012491691936855,scr2012,dem,electricity
CZ,h1823,23.909904714733177,scr2012,dem,electricity
CZ,h1824,23.835285137769223,scr2012,dem,electricity
CZ,h1825,23.709831109846522,scr2012,dem,electricity
CZ,h1826,23.66253215141545,scr2012,dem,electricity
CZ,h1827,23.519396570986167,scr2012,dem,electricity
CZ,h1828,23.43538096690031,scr2012,dem,electricity
CZ,h1829,23.452708202546912,scr2012,dem,electricity
CZ,h1830,23.617010891861547,scr2012,dem,electricity
CZ,h1831,24.039428206036373,scr2012,dem,electricity
CZ,h1832,24.594926187880365,scr2012,dem,electricity
CZ,h1833,25.091242086889807,scr2012,dem,electricity
CZ,h1834,25.27833622811984,scr2012,dem,electricity
CZ,h1835,25.10713319640852,scr2012,dem,electricity
CZ,h1836,24.73450642927741,scr2012,dem,electricity
CZ,h1837,24.139081214391975,scr2012,dem,electricity
CZ,h1838,23.492558636714357,scr2012,dem,electricity
CZ,h1839,22.925997628361188,scr2012,dem,electricity
CZ,h1840,22.934354912188844,scr2012,dem,electricity
CZ,h1841,23.593920758094285,scr2012,dem,electricity
CZ,h1842,24.431853031887155,scr2012,dem,electricity
CZ,h1843,24.819535606579326,scr2012,dem,electricity
CZ,h1844,24.596646063694692,scr2012,dem,electricity
CZ,h1845,24.32868935063272,scr2012,dem,electricity
CZ,h1846,24.229253616769604,scr2012,dem,electricity
CZ,h1847,24.2295202608924,scr2012,dem,electricity
CZ,h1848,24.235610673765123,scr2012,dem,electricity
CZ,h1849,24.224560717156756,scr2012,dem,electricity
CZ,h1850,24.30534352369432,scr2012,dem,electricity
CZ,h1851,24.252730813649336,scr2012,dem,electricity
CZ,h1852,24.17799468180886,scr2012,dem,electricity
CZ,h1853,24.175700844367274,scr2012,dem,electricity
CZ,h1854,24.53591499475903,scr2012,dem,electricity
CZ,h1855,25.476446844036918,scr2012,dem,electricity
CZ,h1856,26.576901543249125,scr2012,dem,electricity
CZ,h1857,27.349027582400105,scr2012,dem,electricity
CZ,h1858,27.374968522634678,scr2012,dem,electricity
CZ,h1859,26.865341578893865,scr2012,dem,electricity
CZ,h1860,26.241515240014287,scr2012,dem,electricity
CZ,h1861,25.590932989176455,scr2012,dem,electricity
CZ,h1862,24.998996225572522,scr2012,dem,electricity
CZ,h1863,24.469854699157704,scr2012,dem,electricity
CZ,h1864,24.43017370659993,scr2012,dem,electricity
CZ,h1865,25.012031008047583,scr2012,dem,electricity
CZ,h1866,25.725289969429,scr2012,dem,electricity
CZ,h1867,25.913639558376996,scr2012,dem,electricity
CZ,h1868,25.53707188380106,scr2012,dem,electricity
CZ,h1869,25.16194123892521,scr2012,dem,electricity
CZ,h1870,24.97322978893979,scr2012,dem,electricity
CZ,h1871,24.731659767073584,scr2012,dem,electricity
CZ,h1872,24.445462168415112,scr2012,dem,electricity
CZ,h1873,24.158772003715143,scr2012,dem,electricity
CZ,h1874,24.07989966985024,scr2012,dem,electricity
CZ,h1875,23.90683509887995,scr2012,dem,electricity
CZ,h1876,23.750552866481577,scr2012,dem,electricity
CZ,h1877,23.681428580743294,scr2012,dem,electricity
CZ,h1878,23.948077292360264,scr2012,dem,electricity
CZ,h1879,24.798459156637744,scr2012,dem,electricity
CZ,h1880,25.8075309042299,scr2012,dem,electricity
CZ,h1881,26.531241026476764,scr2012,dem,electricity
CZ,h1882,26.54233015463689,scr2012,dem,electricity
CZ,h1883,26.043840925017523,scr2012,dem,electricity
CZ,h1884,25.446585629279696,scr2012,dem,electricity
CZ,h1885,24.82289250139898,scr2012,dem,electricity
CZ,h1886,24.261808249222273,scr2012,dem,electricity
CZ,h1887,23.770064233146066,scr2012,dem,electricity
CZ,h1888,23.763034308649228,scr2012,dem,electricity
CZ,h1889,24.365515301441977,scr2012,dem,electricity
CZ,h1890,25.102688099286112,scr2012,dem,electricity
CZ,h1891,25.323314482617693,scr2012,dem,electricity
CZ,h1892,25.020144643142228,scr2012,dem,electricity
CZ,h1893,24.723239779728214,scr2012,dem,electricity
CZ,h1894,24.605023910880153,scr2012,dem,electricity
CZ,h1895,24.40974401698792,scr2012,dem,electricity
CZ,h1896,24.162894371795844,scr2012,dem,electricity
CZ,h1897,23.93195762233414,scr2012,dem,electricity
CZ,h1898,23.914914928781325,scr2012,dem,electricity
CZ,h1899,23.809510253377873,scr2012,dem,electricity
CZ,h1900,23.71664019938956,scr2012,dem,electricity
CZ,h1901,23.709206188587295,scr2012,dem,electricity
CZ,h1902,24.036978114675748,scr2012,dem,electricity
CZ,h1903,24.945888252056175,scr2012,dem,electricity
CZ,h1904,26.011940221770846,scr2012,dem,electricity
CZ,h1905,26.781941562493156,scr2012,dem,electricity
CZ,h1906,26.828232552376647,scr2012,dem,electricity
CZ,h1907,26.35015153483758,scr2012,dem,electricity
CZ,h1908,25.76400242775271,scr2012,dem,electricity
CZ,h1909,25.139240545275793,scr2012,dem,electricity
CZ,h1910,24.57039896924936,scr2012,dem,electricity
CZ,h1911,24.06241330036139,scr2012,dem,electricity
CZ,h1912,24.045540397597915,scr2012,dem,electricity
CZ,h1913,24.632060830514757,scr2012,dem,electricity
CZ,h1914,25.348729979609043,scr2012,dem,electricity
CZ,h1915,25.519879287978636,scr2012,dem,electricity
CZ,h1916,25.163274456980066,scr2012,dem,electricity
CZ,h1917,24.80622497306849,scr2012,dem,electricity
CZ,h1918,24.640663081936562,scr2012,dem,electricity
CZ,h1919,24.390725480816684,scr2012,dem,electricity
CZ,h1920,24.090357482186718,scr2012,dem,electricity
CZ,h1921,23.801991092571637,scr2012,dem,electricity
CZ,h1922,23.725127780242207,scr2012,dem,electricity
CZ,h1923,23.557245092507603,scr2012,dem,electricity
CZ,h1924,23.4009264478425,scr2012,dem,electricity
CZ,h1925,23.33448418313953,scr2012,dem,electricity
CZ,h1926,23.59994341349713,scr2012,dem,electricity
CZ,h1927,24.446471002652316,scr2012,dem,electricity
CZ,h1928,25.45299811227033,scr2012,dem,electricity
CZ,h1929,26.178413964499843,scr2012,dem,electricity
CZ,h1930,26.19918092594851,scr2012,dem,electricity
CZ,h1931,25.710937703242607,scr2012,dem,electricity
CZ,h1932,25.12567829933977,scr2012,dem,electricity
CZ,h1933,24.50804210120957,scr2012,dem,electricity
CZ,h1934,23.95455851353449,scr2012,dem,electricity
CZ,h1935,23.46499989854495,scr2012,dem,electricity
CZ,h1936,23.460721051463512,scr2012,dem,electricity
CZ,h1937,24.04610022611199,scr2012,dem,electricity
CZ,h1938,24.762141562981984,scr2012,dem,electricity
CZ,h1939,24.95730446693277,scr2012,dem,electricity
CZ,h1940,24.651704054769247,scr2012,dem,electricity
CZ,h1941,24.35137009135839,scr2012,dem,electricity
CZ,h1942,24.232366585993105,scr2012,dem,electricity
CZ,h1943,24.027316668039475,scr2012,dem,electricity
CZ,h1944,23.775100072676803,scr2012,dem,electricity
CZ,h1945,23.542472528553432,scr2012,dem,electricity
CZ,h1946,23.5192845116133,scr2012,dem,electricity
CZ,h1947,23.411290729615363,scr2012,dem,electricity
CZ,h1948,23.316166280324026,scr2012,dem,electricity
CZ,h1949,23.320792860928297,scr2012,dem,electricity
CZ,h1950,23.672672861394812,scr2012,dem,electricity
CZ,h1951,24.588440087433554,scr2012,dem,electricity
CZ,h1952,25.64794931340713,scr2012,dem,electricity
CZ,h1953,26.41272566790251,scr2012,dem,electricity
CZ,h1954,26.474225997512175,scr2012,dem,electricity
CZ,h1955,26.02355724540804,scr2012,dem,electricity
CZ,h1956,25.45668776664736,scr2012,dem,electricity
CZ,h1957,24.836347273087487,scr2012,dem,electricity
CZ,h1958,24.242949042188272,scr2012,dem,electricity
CZ,h1959,23.70420761958413,scr2012,dem,electricity
CZ,h1960,23.67848794865529,scr2012,dem,electricity
CZ,h1961,24.286099377883126,scr2012,dem,electricity
CZ,h1962,25.022641797190694,scr2012,dem,electricity
CZ,h1963,25.193645867319535,scr2012,dem,electricity
CZ,h1964,24.812231567734308,scr2012,dem,electricity
CZ,h1965,24.39001512588951,scr2012,dem,electricity
CZ,h1966,24.177678372739543,scr2012,dem,electricity
CZ,h1967,23.90838912532221,scr2012,dem,electricity
CZ,h1968,23.646798255561468,scr2012,dem,electricity
CZ,h1969,23.34225835739979,scr2012,dem,electricity
CZ,h1970,23.196764101140417,scr2012,dem,electricity
CZ,h1971,22.988177830705478,scr2012,dem,electricity
CZ,h1972,22.863105496262897,scr2012,dem,electricity
CZ,h1973,22.863881773703746,scr2012,dem,electricity
CZ,h1974,23.00699525800376,scr2012,dem,electricity
CZ,h1975,23.45741447272921,scr2012,dem,electricity
CZ,h1976,24.054596875951855,scr2012,dem,electricity
CZ,h1977,24.579458299927932,scr2012,dem,electricity
CZ,h1978,24.714759231266687,scr2012,dem,electricity
CZ,h1979,24.427344102342317,scr2012,dem,electricity
CZ,h1980,23.954163768017107,scr2012,dem,electricity
CZ,h1981,23.315968431096877,scr2012,dem,electricity
CZ,h1982,22.65743966772471,scr2012,dem,electricity
CZ,h1983,22.064894054903817,scr2012,dem,electricity
CZ,h1984,21.99767368242304,scr2012,dem,electricity
CZ,h1985,22.523827738712253,scr2012,dem,electricity
CZ,h1986,23.195313373131633,scr2012,dem,electricity
CZ,h1987,23.393116579787883,scr2012,dem,electricity
CZ,h1988,23.026957909898247,scr2012,dem,electricity
CZ,h1989,22.6076084599474,scr2012,dem,electricity
CZ,h1990,22.370029946940974,scr2012,dem,electricity
CZ,h1991,22.194192722461327,scr2012,dem,electricity
CZ,h1992,22.0463405491515,scr2012,dem,electricity
CZ,h1993,21.852036728809693,scr2012,dem,electricity
CZ,h1994,21.736703328614876,scr2012,dem,electricity
CZ,h1995,21.539676642876486,scr2012,dem,electricity
CZ,h1996,21.416359874303524,scr2012,dem,electricity
CZ,h1997,21.351527509574556,scr2012,dem,electricity
CZ,h1998,21.38330247730871,scr2012,dem,electricity
CZ,h1999,21.669223155777182,scr2012,dem,electricity
CZ,h2000,22.114219190986873,scr2012,dem,electricity
CZ,h2001,22.572799604304386,scr2012,dem,electricity
CZ,h2002,22.743375115173222,scr2012,dem,electricity
CZ,h2003,22.5941673706237,scr2012,dem,electricity
CZ,h2004,22.23191502059132,scr2012,dem,electricity
CZ,h2005,21.648876070997876,scr2012,dem,electricity
CZ,h2006,21.00688461823532,scr2012,dem,electricity
CZ,h2007,20.419818076637455,scr2012,dem,electricity
CZ,h2008,20.307188659581524,scr2012,dem,electricity
CZ,h2009,20.761697636900486,scr2012,dem,electricity
CZ,h2010,21.376869301445254,scr2012,dem,electricity
CZ,h2011,21.53546884725357,scr2012,dem,electricity
CZ,h2012,21.203828573244753,scr2012,dem,electricity
CZ,h2013,20.91995635132407,scr2012,dem,electricity
CZ,h2014,20.881158154628558,scr2012,dem,electricity
CZ,h2015,20.898887389715924,scr2012,dem,electricity
CZ,h2016,20.812869003643726,scr2012,dem,electricity
CZ,h2017,20.65525575577588,scr2012,dem,electricity
CZ,h2018,20.56757891372431,scr2012,dem,electricity
CZ,h2019,20.394312847709244,scr2012,dem,electricity
CZ,h2020,20.246503385009685,scr2012,dem,electricity
CZ,h2021,20.15405034476559,scr2012,dem,electricity
CZ,h2022,20.362314170121586,scr2012,dem,electricity
CZ,h2023,21.1091472935436,scr2012,dem,electricity
CZ,h2024,22.017250311131747,scr2012,dem,electricity
CZ,h2025,22.688356782995704,scr2012,dem,electricity
CZ,h2026,22.709884109574627,scr2012,dem,electricity
CZ,h2027,22.27766725897426,scr2012,dem,electricity
CZ,h2028,21.74414071027195,scr2012,dem,electricity
CZ,h2029,21.189820357884045,scr2012,dem,electricity
CZ,h2030,20.682516038001893,scr2012,dem,electricity
CZ,h2031,20.20737983478987,scr2012,dem,electricity
CZ,h2032,20.10216054086519,scr2012,dem,electricity
CZ,h2033,20.490324855522015,scr2012,dem,electricity
CZ,h2034,20.979404005260193,scr2012,dem,electricity
CZ,h2035,20.978200525851946,scr2012,dem,electricity
CZ,h2036,20.58417186620319,scr2012,dem,electricity
CZ,h2037,20.2770112948578,scr2012,dem,electricity
CZ,h2038,20.193743077520843,scr2012,dem,electricity
CZ,h2039,20.018715792345937,scr2012,dem,electricity
CZ,h2040,19.688255786806124,scr2012,dem,electricity
CZ,h2041,19.32147396272302,scr2012,dem,electricity
CZ,h2042,19.127137062216498,scr2012,dem,electricity
CZ,h2043,18.905388860784935,scr2012,dem,electricity
CZ,h2044,18.74975703714355,scr2012,dem,electricity
CZ,h2045,18.64733545793854,scr2012,dem,electricity
CZ,h2046,18.809149824997643,scr2012,dem,electricity
CZ,h2047,19.518377211505012,scr2012,dem,electricity
CZ,h2048,20.39887650619713,scr2012,dem,electricity
CZ,h2049,21.085690339063174,scr2012,dem,electricity
CZ,h2050,21.143138896822478,scr2012,dem,electricity
CZ,h2051,20.76735610250324,scr2012,dem,electricity
CZ,h2052,20.3096624604655,scr2012,dem,electricity
CZ,h2053,19.82465596851047,scr2012,dem,electricity
CZ,h2054,19.384785233725943,scr2012,dem,electricity
CZ,h2055,18.94621182459455,scr2012,dem,electricity
CZ,h2056,18.846456934528057,scr2012,dem,electricity
CZ,h2057,19.185178974742055,scr2012,dem,electricity
CZ,h2058,19.62882084254378,scr2012,dem,electricity
CZ,h2059,19.5988710257772,scr2012,dem,electricity
CZ,h2060,19.251312032900536,scr2012,dem,electricity
CZ,h2061,18.992623957935614,scr2012,dem,electricity
CZ,h2062,18.93472270016442,scr2012,dem,electricity
CZ,h2063,18.745669743713194,scr2012,dem,electricity
CZ,h2064,18.395715923858855,scr2012,dem,electricity
CZ,h2065,18.02395046730535,scr2012,dem,electricity
CZ,h2066,17.83219060332805,scr2012,dem,electricity
CZ,h2067,17.629466279007524,scr2012,dem,electricity
CZ,h2068,17.502378785062724,scr2012,dem,electricity
CZ,h2069,17.428439336877677,scr2012,dem,electricity
CZ,h2070,17.608604270868156,scr2012,dem,electricity
CZ,h2071,18.320705112463635,scr2012,dem,electricity
CZ,h2072,19.208621472988042,scr2012,dem,electricity
CZ,h2073,19.922261934580185,scr2012,dem,electricity
CZ,h2074,20.036133669029564,scr2012,dem,electricity
CZ,h2075,19.7354058824257,scr2012,dem,electricity
CZ,h2076,19.36361258909366,scr2012,dem,electricity
CZ,h2077,18.96810016584716,scr2012,dem,electricity
CZ,h2078,18.616428642727957,scr2012,dem,electricity
CZ,h2079,18.257522607966177,scr2012,dem,electricity
CZ,h2080,18.221083919594516,scr2012,dem,electricity
CZ,h2081,18.599174145977745,scr2012,dem,electricity
CZ,h2082,19.07964553003459,scr2012,dem,electricity
CZ,h2083,19.115958744726036,scr2012,dem,electricity
CZ,h2084,18.855954345095864,scr2012,dem,electricity
CZ,h2085,18.67785725730939,scr2012,dem,electricity
CZ,h2086,18.682306949502667,scr2012,dem,electricity
CZ,h2087,18.55224886770022,scr2012,dem,electricity
CZ,h2088,18.273161726534834,scr2012,dem,electricity
CZ,h2089,17.97464194707339,scr2012,dem,electricity
CZ,h2090,17.84975244326412,scr2012,dem,electricity
CZ,h2091,17.704641444114472,scr2012,dem,electricity
CZ,h2092,17.625137606665653,scr2012,dem,electricity
CZ,h2093,17.603537757191848,scr2012,dem,electricity
CZ,h2094,17.83968624940795,scr2012,dem,electricity
CZ,h2095,18.59518040369822,scr2012,dem,electricity
CZ,h2096,19.50978393175063,scr2012,dem,electricity
CZ,h2097,20.232870218773666,scr2012,dem,electricity
CZ,h2098,20.351807635660048,scr2012,dem,electricity
CZ,h2099,20.043524525816657,scr2012,dem,electricity
CZ,h2100,19.64645619099674,scr2012,dem,electricity
CZ,h2101,19.211738531570735,scr2012,dem,electricity
CZ,h2102,18.81455381590747,scr2012,dem,electricity
CZ,h2103,18.41127535230864,scr2012,dem,electricity
CZ,h2104,18.328368614997856,scr2012,dem,electricity
CZ,h2105,18.65738656597312,scr2012,dem,electricity
CZ,h2106,19.073732019794303,scr2012,dem,electricity
CZ,h2107,19.04395079055181,scr2012,dem,electricity
CZ,h2108,18.704601825100426,scr2012,dem,electricity
CZ,h2109,18.439097788181062,scr2012,dem,electricity
CZ,h2110,18.341984475415533,scr2012,dem,electricity
CZ,h2111,18.11483335729642,scr2012,dem,electricity
CZ,h2112,17.739860843082415,scr2012,dem,electricity
CZ,h2113,17.36692886178208,scr2012,dem,electricity
CZ,h2114,17.152778687713408,scr2012,dem,electricity
CZ,h2115,16.92572579237789,scr2012,dem,electricity
CZ,h2116,16.746847783946343,scr2012,dem,electricity
CZ,h2117,16.641183037898244,scr2012,dem,electricity
CZ,h2118,16.793179179280067,scr2012,dem,electricity
CZ,h2119,17.430333261789528,scr2012,dem,electricity
CZ,h2120,18.20592588581632,scr2012,dem,electricity
CZ,h2121,18.809258053641408,scr2012,dem,electricity
CZ,h2122,18.862117750613102,scr2012,dem,electricity
CZ,h2123,18.543001637892846,scr2012,dem,electricity
CZ,h2124,18.14481110862724,scr2012,dem,electricity
CZ,h2125,17.695953841923785,scr2012,dem,electricity
CZ,h2126,17.246600900088985,scr2012,dem,electricity
CZ,h2127,16.77701602127054,scr2012,dem,electricity
CZ,h2128,16.614406093035374,scr2012,dem,electricity
CZ,h2129,16.834330798935387,scr2012,dem,electricity
CZ,h2130,17.129820465930898,scr2012,dem,electricity
CZ,h2131,17.028067004614247,scr2012,dem,electricity
CZ,h2132,16.658945142016467,scr2012,dem,electricity
CZ,h2133,16.327261026929314,scr2012,dem,electricity
CZ,h2134,16.139143769272625,scr2012,dem,electricity
CZ,h2135,15.850050620778003,scr2012,dem,electricity
CZ,h2136,15.458385745918621,scr2012,dem,electricity
CZ,h2137,15.009407749574564,scr2012,dem,electricity
CZ,h2138,14.684508981775112,scr2012,dem,electricity
CZ,h2139,14.406515279451526,scr2012,dem,electricity
CZ,h2140,14.276426937107129,scr2012,dem,electricity
CZ,h2141,14.179336827329857,scr2012,dem,electricity
CZ,h2142,14.075873871858672,scr2012,dem,electricity
CZ,h2143,14.22583418575219,scr2012,dem,electricity
CZ,h2144,14.584382489025595,scr2012,dem,electricity
CZ,h2145,15.077876007675858,scr2012,dem,electricity
CZ,h2146,15.341437556073563,scr2012,dem,electricity
CZ,h2147,15.325112463159048,scr2012,dem,electricity
CZ,h2148,15.151914846480096,scr2012,dem,electricity
CZ,h2149,14.820718806810941,scr2012,dem,electricity
CZ,h2150,14.43648951002832,scr2012,dem,electricity
CZ,h2151,14.025772070564685,scr2012,dem,electricity
CZ,h2152,13.87884987742415,scr2012,dem,electricity
CZ,h2153,14.039282858312642,scr2012,dem,electricity
CZ,h2154,14.311517399749437,scr2012,dem,electricity
CZ,h2155,14.302869860108911,scr2012,dem,electricity
CZ,h2156,14.069648532470755,scr2012,dem,electricity
CZ,h2157,13.867340992379823,scr2012,dem,electricity
CZ,h2158,13.784495773674612,scr2012,dem,electricity
CZ,h2159,13.671875219200672,scr2012,dem,electricity
CZ,h2160,13.452368946486951,scr2012,dem,electricity
DE,h1441,137.74108612252698,scr2012,dem,electricity
DE,h1442,135.48625910755058,scr2012,dem,electricity
DE,h1443,133.70177520992092,scr2012,dem,electricity
DE,h1444,132.86501249665318,scr2012,dem,electricity
DE,h1445,133.7401297954546,scr2012,dem,electricity
DE,h1446,137.5605283926515,scr2012,dem,electricity
DE,h1447,144.86571662023837,scr2012,dem,electricity
DE,h1448,153.0191354080256,scr2012,dem,electricity
DE,h1449,158.87584606593958,scr2012,dem,electricity
DE,h1450,160.08392008705601,scr2012,dem,electricity
DE,h1451,158.55271219344726,scr2012,dem,electricity
DE,h1452,155.97687646896938,scr2012,dem,electricity
DE,h1453,152.91493865035042,scr2012,dem,electricity
DE,h1454,149.3482552233633,scr2012,dem,electricity
DE,h1455,145.94621885829545,scr2012,dem,electricity
DE,h1456,144.97526049584943,scr2012,dem,electricity
DE,h1457,147.46455460722333,scr2012,dem,electricity
DE,h1458,151.44521475090653,scr2012,dem,electricity
DE,h1459,153.97609413885357,scr2012,dem,electricity
DE,h1460,153.18790678246273,scr2012,dem,electricity
DE,h1461,150.58829067717497,scr2012,dem,electricity
DE,h1462,147.68322673174097,scr2012,dem,electricity
DE,h1463,144.76107401615266,scr2012,dem,electricity
DE,h1464,142.1875066289992,scr2012,dem,electricity
DE,h1465,139.7731381138084,scr2012,dem,electricity
DE,h1466,137.90752019077195,scr2012,dem,electricity
DE,h1467,136.15575930748957,scr2012,dem,electricity
DE,h1468,135.07948815333313,scr2012,dem,electricity
DE,h1469,135.41965935806093,scr2012,dem,electricity
DE,h1470,137.87659129497675,scr2012,dem,electricity
DE,h1471,141.62936808487228,scr2012,dem,electricity
DE,h1472,145.7268447331629,scr2012,dem,electricity
DE,h1473,148.91178055988743,scr2012,dem,electricity
DE,h1474,150.62031180295023,scr2012,dem,electricity
DE,h1475,150.59267292341138,scr2012,dem,electricity
DE,h1476,149.06791518361416,scr2012,dem,electricity
DE,h1477,146.10514299616432,scr2012,dem,electricity
DE,h1478,142.2363228509025,scr2012,dem,electricity
DE,h1479,138.54549780328605,scr2012,dem,electricity
DE,h1480,137.65207472410722,scr2012,dem,electricity
DE,h1481,140.7404186131992,scr2012,dem,electricity
DE,h1482,145.53993360939992,scr2012,dem,electricity
DE,h1483,148.75868441694774,scr2012,dem,electricity
DE,h1484,148.3757849356828,scr2012,dem,electricity
DE,h1485,146.18311657268097,scr2012,dem,electricity
DE,h1486,143.91299340457948,scr2012,dem,electricity
DE,h1487,142.12491676716832,scr2012,dem,electricity
DE,h1488,140.7872303024916,scr2012,dem,electricity
DE,h1489,139.40575919234564,scr2012,dem,electricity
DE,h1490,138.0249666287096,scr2012,dem,electricity
DE,h1491,136.44948467528255,scr2012,dem,electricity
DE,h1492,135.36973735040294,scr2012,dem,electricity
DE,h1493,135.7878496114944,scr2012,dem,electricity
DE,h1494,138.30665456267505,scr2012,dem,electricity
DE,h1495,141.805514558969,scr2012,dem,electricity
DE,h1496,145.0908771298963,scr2012,dem,electricity
DE,h1497,147.3091560999148,scr2012,dem,electricity
DE,h1498,148.43691316236726,scr2012,dem,electricity
DE,h1499,148.58314545828196,scr2012,dem,electricity
DE,h1500,147.8158363691162,scr2012,dem,electricity
DE,h1501,145.5852101254448,scr2012,dem,electricity
DE,h1502,142.05329119106108,scr2012,dem,electricity
DE,h1503,138.28240907744598,scr2012,dem,electricity
DE,h1504,137.29588347223472,scr2012,dem,electricity
DE,h1505,140.6199862769369,scr2012,dem,electricity
DE,h1506,145.84760564165924,scr2012,dem,electricity
DE,h1507,149.6809233190315,scr2012,dem,electricity
DE,h1508,150.03357924418324,scr2012,dem,electricity
DE,h1509,148.8032773987051,scr2012,dem,electricity
DE,h1510,147.6374586928381,scr2012,dem,electricity
DE,h1511,146.8374886455679,scr2012,dem,electricity
DE,h1512,145.97261342470645,scr2012,dem,electricity
DE,h1513,144.87973054519688,scr2012,dem,electricity
DE,h1514,143.83947626500586,scr2012,dem,electricity
DE,h1515,142.8454489407191,scr2012,dem,electricity
DE,h1516,142.41735865842793,scr2012,dem,electricity
DE,h1517,143.73375943550272,scr2012,dem,electricity
DE,h1518,148.3756784262137,scr2012,dem,electricity
DE,h1519,156.91362024747536,scr2012,dem,electricity
DE,h1520,166.17071714667065,scr2012,dem,electricity
DE,h1521,172.55928384105704,scr2012,dem,electricity
DE,h1522,173.63190228630918,scr2012,dem,electricity
DE,h1523,171.70423598030655,scr2012,dem,electricity
DE,h1524,168.71411622754292,scr2012,dem,electricity
DE,h1525,165.36081671044346,scr2012,dem,electricity
DE,h1526,161.68841624170406,scr2012,dem,electricity
DE,h1527,158.37894808871587,scr2012,dem,electricity
DE,h1528,157.77537598486842,scr2012,dem,electricity
DE,h1529,160.7007048341069,scr2012,dem,electricity
DE,h1530,164.84643015485582,scr2012,dem,electricity
DE,h1531,167.08361769761242,scr2012,dem,electricity
DE,h1532,166.05807675722787,scr2012,dem,electricity
DE,h1533,163.42765473515936,scr2012,dem,electricity
DE,h1534,160.69691807828383,scr2012,dem,electricity
DE,h1535,157.42325544335267,scr2012,dem,electricity
DE,h1536,154.17423493714975,scr2012,dem,electricity
DE,h1537,151.22128940510746,scr2012,dem,electricity
DE,h1538,149.18577199789664,scr2012,dem,electricity
DE,h1539,147.57381226297372,scr2012,dem,electricity
DE,h1540,146.67249591916453,scr2012,dem,electricity
DE,h1541,147.54085253708,scr2012,dem,electricity
DE,h1542,151.58666728316996,scr2012,dem,electricity
DE,h1543,159.17943826456408,scr2012,dem,electricity
DE,h1544,167.43557425653086,scr2012,dem,electricity
DE,h1545,172.98858923408582,scr2012,dem,electricity
DE,h1546,173.56052313198188,scr2012,dem,electricity
DE,h1547,171.25096254225366,scr2012,dem,electricity
DE,h1548,167.93819405699955,scr2012,dem,electricity
DE,h1549,164.25168708448982,scr2012,dem,electricity
DE,h1550,160.38428601938423,scr2012,dem,electricity
DE,h1551,156.94996733862658,scr2012,dem,electricity
DE,h1552,156.24153785833104,scr2012,dem,electricity
DE,h1553,158.8994694396735,scr2012,dem,electricity
DE,h1554,162.72039651434753,scr2012,dem,electricity
DE,h1555,164.6796579170033,scr2012,dem,electricity
DE,h1556,163.50012722733712,scr2012,dem,electricity
DE,h1557,160.74902640774974,scr2012,dem,electricity
DE,h1558,157.85124068262664,scr2012,dem,electricity
DE,h1559,154.3704019431796,scr2012,dem,electricity
DE,h1560,150.92889738665613,scr2012,dem,electricity
DE,h1561,147.61884158151386,scr2012,dem,electricity
DE,h1562,145.2234780273408,scr2012,dem,electricity
DE,h1563,143.22729595391272,scr2012,dem,electricity
DE,h1564,142.14289078938555,scr2012,dem,electricity
DE,h1565,142.81175641018325,scr2012,dem,electricity
DE,h1566,146.6024947869841,scr2012,dem,electricity
DE,h1567,153.87896044634877,scr2012,dem,electricity
DE,h1568,161.84923412568318,scr2012,dem,electricity
DE,h1569,167.22765403107132,scr2012,dem,electricity
DE,h1570,167.75423261735352,scr2012,dem,electricity
DE,h1571,165.4852478412019,scr2012,dem,electricity
DE,h1572,162.26378047758007,scr2012,dem,electricity
DE,h1573,158.69120826596048,scr2012,dem,electricity
DE,h1574,154.930202183051,scr2012,dem,electricity
DE,h1575,151.51090518287282,scr2012,dem,electricity
DE,h1576,150.63795088226541,scr2012,dem,electricity
DE,h1577,152.92579108347277,scr2012,dem,electricity
DE,h1578,156.37612784159472,scr2012,dem,electricity
DE,h1579,158.1892344279582,scr2012,dem,electricity
DE,h1580,157.15043334693985,scr2012,dem,electricity
DE,h1581,154.52174173997554,scr2012,dem,electricity
DE,h1582,151.60656903014097,scr2012,dem,electricity
DE,h1583,148.0245259513865,scr2012,dem,electricity
DE,h1584,144.47609924482677,scr2012,dem,electricity
DE,h1585,141.06406368455816,scr2012,dem,electricity
DE,h1586,138.53268188161425,scr2012,dem,electricity
DE,h1587,136.48986828937618,scr2012,dem,electricity
DE,h1588,135.39943006881515,scr2012,dem,electricity
DE,h1589,136.00895150173193,scr2012,dem,electricity
DE,h1590,139.62477665843545,scr2012,dem,electricity
DE,h1591,146.6306041662713,scr2012,dem,electricity
DE,h1592,154.38769994653208,scr2012,dem,electricity
DE,h1593,159.6919137342738,scr2012,dem,electricity
DE,h1594,160.35476328170708,scr2012,dem,electricity
DE,h1595,158.33596181288036,scr2012,dem,electricity
DE,h1596,155.44631422984173,scr2012,dem,electricity
DE,h1597,152.21255640297687,scr2012,dem,electricity
DE,h1598,148.76940963071476,scr2012,dem,electricity
DE,h1599,145.6094437032826,scr2012,dem,electricity
DE,h1600,144.82575668745648,scr2012,dem,electricity
DE,h1601,146.9871728121637,scr2012,dem,electricity
DE,h1602,150.21729895150193,scr2012,dem,electricity
DE,h1603,151.92561247367146,scr2012,dem,electricity
DE,h1604,151.10123899928618,scr2012,dem,electricity
DE,h1605,148.73010893896335,scr2012,dem,electricity
DE,h1606,146.00565391916388,scr2012,dem,electricity
DE,h1607,142.4604194699633,scr2012,dem,electricity
DE,h1608,138.95889104547453,scr2012,dem,electricity
DE,h1609,135.52873263968633,scr2012,dem,electricity
DE,h1610,132.93145506795142,scr2012,dem,electricity
DE,h1611,130.83107191188535,scr2012,dem,electricity
DE,h1612,129.77198997654276,scr2012,dem,electricity
DE,h1613,130.4503209381893,scr2012,dem,electricity
DE,h1614,134.07026015523758,scr2012,dem,electricity
DE,h1615,141.0112527655401,scr2012,dem,electricity
DE,h1616,148.77096892776697,scr2012,dem,electricity
DE,h1617,154.35863697575957,scr2012,dem,electricity
DE,h1618,155.59556903788135,scr2012,dem,electricity
DE,h1619,154.22865851679614,scr2012,dem,electricity
DE,h1620,151.7621598247992,scr2012,dem,electricity
DE,h1621,148.75425304699004,scr2012,dem,electricity
DE,h1622,145.20056158854993,scr2012,dem,electricity
DE,h1623,141.7821125405309,scr2012,dem,electricity
DE,h1624,140.68646763043662,scr2012,dem,electricity
DE,h1625,142.86580193047627,scr2012,dem,electricity
DE,h1626,146.39270344877593,scr2012,dem,electricity
DE,h1627,148.39895675428477,scr2012,dem,electricity
DE,h1628,147.64707266043294,scr2012,dem,electricity
DE,h1629,145.2321430811288,scr2012,dem,electricity
DE,h1630,142.6074810745015,scr2012,dem,electricity
DE,h1631,139.55585459412256,scr2012,dem,electricity
DE,h1632,136.84441420606254,scr2012,dem,electricity
DE,h1633,134.31697374415984,scr2012,dem,electricity
DE,h1634,132.35669217935398,scr2012,dem,electricity
DE,h1635,130.54184501876114,scr2012,dem,electricity
DE,h1636,129.45962618918946,scr2012,dem,electricity
DE,h1637,129.78506523712161,scr2012,dem,electricity
DE,h1638,132.17350512916477,scr2012,dem,electricity
DE,h1639,135.76705985427998,scr2012,dem,electricity
DE,h1640,139.70914753226504,scr2012,dem,electricity
DE,h1641,142.85257645829245,scr2012,dem,electricity
DE,h1642,144.64320851148517,scr2012,dem,electricity
DE,h1643,144.7559057590735,scr2012,dem,electricity
DE,h1644,143.3067795989398,scr2012,dem,electricity
DE,h1645,140.3852978314461,scr2012,dem,electricity
DE,h1646,136.54468645863227,scr2012,dem,electricity
DE,h1647,132.86681079330077,scr2012,dem,electricity
DE,h1648,131.8817896493611,scr2012,dem,electricity
DE,h1649,134.58281494515853,scr2012,dem,electricity
DE,h1650,138.79034912490079,scr2012,dem,electricity
DE,h1651,141.3979266830314,scr2012,dem,electricity
DE,h1652,140.9446622631941,scr2012,dem,electricity
DE,h1653,138.83945102938452,scr2012,dem,electricity
DE,h1654,136.64243954258632,scr2012,dem,electricity
DE,h1655,134.5590538383373,scr2012,dem,electricity
DE,h1656,132.83827210104863,scr2012,dem,electricity
DE,h1657,131.06037877376627,scr2012,dem,electricity
DE,h1658,129.28976358998452,scr2012,dem,electricity
DE,h1659,127.38236568945442,scr2012,dem,electricity
DE,h1660,125.98969710697745,scr2012,dem,electricity
DE,h1661,126.02646520270218,scr2012,dem,electricity
DE,h1662,128.0218489455089,scr2012,dem,electricity
DE,h1663,130.863585492614,scr2012,dem,electricity
DE,h1664,133.50544847936914,scr2012,dem,electricity
DE,h1665,135.29684126276842,scr2012,dem,electricity
DE,h1666,136.28531428236266,scr2012,dem,electricity
DE,h1667,136.46657607726289,scr2012,dem,electricity
DE,h1668,135.76183755591805,scr2012,dem,electricity
DE,h1669,133.6031331706908,scr2012,dem,electricity
DE,h1670,130.11068827392924,scr2012,dem,electricity
DE,h1671,126.25111466982759,scr2012,dem,electricity
DE,h1672,124.79843833295828,scr2012,dem,electricity
DE,h1673,127.12431147986928,scr2012,dem,electricity
DE,h1674,131.19214236083428,scr2012,dem,electricity
DE,h1675,134.1920361640206,scr2012,dem,electricity
DE,h1676,134.53222265160085,scr2012,dem,electricity
DE,h1677,133.36302638265636,scr2012,dem,electricity
DE,h1678,132.0333710970201,scr2012,dem,electricity
DE,h1679,130.62519322467472,scr2012,dem,electricity
DE,h1680,129.03610695702955,scr2012,dem,electricity
DE,h1681,127.08182359385472,scr2012,dem,electricity
DE,h1682,125.03633015023883,scr2012,dem,electricity
DE,h1683,123.22967783287925,scr2012,dem,electricity
DE,h1684,122.18248940213456,scr2012,dem,electricity
DE,h1685,122.90285771453787,scr2012,dem,electricity
DE,h1686,126.63152590281655,scr2012,dem,electricity
DE,h1687,133.92527923795086,scr2012,dem,electricity
DE,h1688,141.97329442058336,scr2012,dem,electricity
DE,h1689,147.61273433444015,scr2012,dem,electricity
DE,h1690,148.5704527400061,scr2012,dem,electricity
DE,h1691,146.90263032049046,scr2012,dem,electricity
DE,h1692,144.2545166190268,scr2012,dem,electricity
DE,h1693,141.2948460161261,scr2012,dem,electricity
DE,h1694,138.03698991999386,scr2012,dem,electricity
DE,h1695,134.97663736173254,scr2012,dem,electricity
DE,h1696,133.8170619147911,scr2012,dem,electricity
DE,h1697,135.17920773843366,scr2012,dem,electricity
DE,h1698,137.4024947222072,scr2012,dem,electricity
DE,h1699,138.4679262509492,scr2012,dem,electricity
DE,h1700,137.5649297238012,scr2012,dem,electricity
DE,h1701,135.2010209321481,scr2012,dem,electricity
DE,h1702,132.2303154029244,scr2012,dem,electricity
DE,h1703,128.07283109670752,scr2012,dem,electricity
DE,h1704,123.77202994971006,scr2012,dem,electricity
DE,h1705,119.80515094391819,scr2012,dem,electricity
DE,h1706,116.75428994108836,scr2012,dem,electricity
DE,h1707,114.47403592836261,scr2012,dem,electricity
DE,h1708,113.11973009502083,scr2012,dem,electricity
DE,h1709,113.39267638990475,scr2012,dem,electricity
DE,h1710,116.36141799813421,scr2012,dem,electricity
DE,h1711,122.42531431690384,scr2012,dem,electricity
DE,h1712,129.3707139297346,scr2012,dem,electricity
DE,h1713,134.46409877777916,scr2012,dem,electricity
DE,h1714,135.58336616355996,scr2012,dem,electricity
DE,h1715,134.35112761683152,scr2012,dem,electricity
DE,h1716,132.32151779120568,scr2012,dem,electricity
DE,h1717,129.91346431610725,scr2012,dem,electricity
DE,h1718,127.25918629266837,scr2012,dem,electricity
DE,h1719,124.58408876082018,scr2012,dem,electricity
DE,h1720,123.72586029242422,scr2012,dem,electricity
DE,h1721,124.98248995707911,scr2012,dem,electricity
DE,h1722,127.20683161769676,scr2012,dem,electricity
DE,h1723,128.49187502120094,scr2012,dem,electricity
DE,h1724,128.40322427445003,scr2012,dem,electricity
DE,h1725,126.84197738523301,scr2012,dem,electricity
DE,h1726,124.5746684168262,scr2012,dem,electricity
DE,h1727,120.93504870895543,scr2012,dem,electricity
DE,h1728,117.25741468250999,scr2012,dem,electricity
DE,h1729,113.7871324047959,scr2012,dem,electricity
DE,h1730,111.2644063383965,scr2012,dem,electricity
DE,h1731,109.48449503248631,scr2012,dem,electricity
DE,h1732,108.82062512510836,scr2012,dem,electricity
DE,h1733,109.7673903820708,scr2012,dem,electricity
DE,h1734,113.38437085625614,scr2012,dem,electricity
DE,h1735,120.06199093833749,scr2012,dem,electricity
DE,h1736,127.6607021072939,scr2012,dem,electricity
DE,h1737,133.44182739460197,scr2012,dem,electricity
DE,h1738,135.24811652116176,scr2012,dem,electricity
DE,h1739,134.63342068511247,scr2012,dem,electricity
DE,h1740,133.13489909984034,scr2012,dem,electricity
DE,h1741,131.19074287002636,scr2012,dem,electricity
DE,h1742,128.93084219623228,scr2012,dem,electricity
DE,h1743,126.61595087177452,scr2012,dem,electricity
DE,h1744,126.14217904535786,scr2012,dem,electricity
DE,h1745,127.89373714336844,scr2012,dem,electricity
DE,h1746,130.63732543289643,scr2012,dem,electricity
DE,h1747,132.28602026200696,scr2012,dem,electricity
DE,h1748,132.4105503070314,scr2012,dem,electricity
DE,h1749,131.02582875758506,scr2012,dem,electricity
DE,h1750,129.03890805481734,scr2012,dem,electricity
DE,h1751,125.71123672413808,scr2012,dem,electricity
DE,h1752,122.35069496716946,scr2012,dem,electricity
DE,h1753,119.194713561799,scr2012,dem,electricity
DE,h1754,116.9608646170056,scr2012,dem,electricity
DE,h1755,115.42546467982945,scr2012,dem,electricity
DE,h1756,114.96003833171659,scr2012,dem,electricity
DE,h1757,116.1149979598406,scr2012,dem,electricity
DE,h1758,120.02860405850188,scr2012,dem,electricity
DE,h1759,127.01511593498282,scr2012,dem,electricity
DE,h1760,134.92584705095777,scr2012,dem,electricity
DE,h1761,140.89466292140912,scr2012,dem,electricity
DE,h1762,142.83473601967987,scr2012,dem,electricity
DE,h1763,142.2639977958523,scr2012,dem,electricity
DE,h1764,140.7841707187977,scr2012,dem,electricity
DE,h1765,138.82946150151088,scr2012,dem,electricity
DE,h1766,136.56024921106854,scr2012,dem,electricity
DE,h1767,134.36135830690114,scr2012,dem,electricity
DE,h1768,134.23748307789197,scr2012,dem,electricity
DE,h1769,136.6982924697467,scr2012,dem,electricity
DE,h1770,140.1574192805615,scr2012,dem,electricity
DE,h1771,142.11485950969129,scr2012,dem,electricity
DE,h1772,142.22291625753726,scr2012,dem,electricity
DE,h1773,140.86050978704935,scr2012,dem,electricity
DE,h1774,139.23100533471919,scr2012,dem,electricity
DE,h1775,136.30125939088342,scr2012,dem,electricity
DE,h1776,133.36630190436648,scr2012,dem,electricity
DE,h1777,130.63598949242765,scr2012,dem,electricity
DE,h1778,128.79381356243573,scr2012,dem,electricity
DE,h1779,127.49635571985647,scr2012,dem,electricity
DE,h1780,127.13765995218012,scr2012,dem,electricity
DE,h1781,128.48796664462958,scr2012,dem,electricity
DE,h1782,132.7566073863118,scr2012,dem,electricity
DE,h1783,140.13297103797498,scr2012,dem,electricity
DE,h1784,148.350879142838,scr2012,dem,electricity
DE,h1785,154.41271744578643,scr2012,dem,electricity
DE,h1786,156.2891564565083,scr2012,dem,electricity
DE,h1787,155.4575268304918,scr2012,dem,electricity
DE,h1788,153.3596352575638,scr2012,dem,electricity
DE,h1789,150.60947376167846,scr2012,dem,electricity
DE,h1790,147.22758954167435,scr2012,dem,electricity
DE,h1791,143.95265863831452,scr2012,dem,electricity
DE,h1792,143.01942300214188,scr2012,dem,electricity
DE,h1793,145.42630926913102,scr2012,dem,electricity
DE,h1794,149.09260763902117,scr2012,dem,electricity
DE,h1795,150.83775171964533,scr2012,dem,electricity
DE,h1796,149.96993272722858,scr2012,dem,electricity
DE,h1797,147.54694508461827,scr2012,dem,electricity
DE,h1798,145.2171800418846,scr2012,dem,electricity
DE,h1799,142.14231213798772,scr2012,dem,electricity
DE,h1800,139.32248323330157,scr2012,dem,electricity
DE,h1801,136.63892654673862,scr2012,dem,electricity
DE,h1802,134.54751607171534,scr2012,dem,electricity
DE,h1803,132.56757129538897,scr2012,dem,electricity
DE,h1804,131.34098456354315,scr2012,dem,electricity
DE,h1805,131.53519740476582,scr2012,dem,electricity
DE,h1806,133.8429538551064,scr2012,dem,electricity
DE,h1807,137.3095238178609,scr2012,dem,electricity
DE,h1808,141.10750490086065,scr2012,dem,electricity
DE,h1809,144.08575455489395,scr2012,dem,electricity
DE,h1810,145.73268516051797,scr2012,dem,electricity
DE,h1811,145.66767353385708,scr2012,dem,electricity
DE,h1812,143.97314263510313,scr2012,dem,electricity
DE,h1813,140.7959893382654,scr2012,dem,electricity
DE,h1814,136.71724727187146,scr2012,dem,electricity
DE,h1815,132.86205960764767,scr2012,dem,electricity
DE,h1816,131.75400408439563,scr2012,dem,electricity
DE,h1817,134.32971940715996,scr2012,dem,electricity
DE,h1818,138.35218598743194,scr2012,dem,electricity
DE,h1819,140.57686491153393,scr2012,dem,electricity
DE,h1820,140.002749977974,scr2012,dem,electricity
DE,h1821,137.8900700948777,scr2012,dem,electricity
DE,h1822,135.90364439548236,scr2012,dem,electricity
DE,h1823,133.7853514100283,scr2012,dem,electricity
DE,h1824,131.9855095866586,scr2012,dem,electricity
DE,h1825,130.11981257800014,scr2012,dem,electricity
DE,h1826,128.33057299096217,scr2012,dem,electricity
DE,h1827,126.43812264325746,scr2012,dem,electricity
DE,h1828,125.09406813485776,scr2012,dem,electricity
DE,h1829,125.18555619735619,scr2012,dem,electricity
DE,h1830,127.27151974752661,scr2012,dem,electricity
DE,h1831,130.1653343529002,scr2012,dem,electricity
DE,h1832,132.88055681507154,scr2012,dem,electricity
DE,h1833,134.7749696612599,scr2012,dem,electricity
DE,h1834,135.93120490808306,scr2012,dem,electricity
DE,h1835,136.24440589299724,scr2012,dem,electricity
DE,h1836,135.6085713351081,scr2012,dem,electricity
DE,h1837,133.51144341522968,scr2012,dem,electricity
DE,h1838,130.10242200399534,scr2012,dem,electricity
DE,h1839,126.3453600650825,scr2012,dem,electricity
DE,h1840,125.02012257622775,scr2012,dem,electricity
DE,h1841,127.53218752639881,scr2012,dem,electricity
DE,h1842,131.78599860760187,scr2012,dem,electricity
DE,h1843,134.77697302885358,scr2012,dem,electricity
DE,h1844,135.2482727394436,scr2012,dem,electricity
DE,h1845,134.31859849591254,scr2012,dem,electricity
DE,h1846,133.43984896660646,scr2012,dem,electricity
DE,h1847,132.29331865485113,scr2012,dem,electricity
DE,h1848,130.9153023262652,scr2012,dem,electricity
DE,h1849,129.1698977244106,scr2012,dem,electricity
DE,h1850,127.41801278019486,scr2012,dem,electricity
DE,h1851,125.91253017013389,scr2012,dem,electricity
DE,h1852,125.20566950492815,scr2012,dem,electricity
DE,h1853,126.27797333806646,scr2012,dem,electricity
DE,h1854,130.42017958978292,scr2012,dem,electricity
DE,h1855,138.00185606216223,scr2012,dem,electricity
DE,h1856,146.42403359057886,scr2012,dem,electricity
DE,h1857,152.50238645891926,scr2012,dem,electricity
DE,h1858,154.072864922642,scr2012,dem,electricity
DE,h1859,152.86756363154774,scr2012,dem,electricity
DE,h1860,150.50117563806,scr2012,dem,electricity
DE,h1861,147.6550072762937,scr2012,dem,electricity
DE,h1862,144.50900693458505,scr2012,dem,electricity
DE,h1863,141.65981791142025,scr2012,dem,electricity
DE,h1864,140.91949575231305,scr2012,dem,electricity
DE,h1865,143.08020767030536,scr2012,dem,electricity
DE,h1866,146.1336122478954,scr2012,dem,electricity
DE,h1867,147.5131613417074,scr2012,dem,electricity
DE,h1868,146.67983465562298,scr2012,dem,electricity
DE,h1869,144.6059011453892,scr2012,dem,electricity
DE,h1870,142.44533677300086,scr2012,dem,electricity
DE,h1871,138.99488368553293,scr2012,dem,electricity
DE,h1872,135.24282535565843,scr2012,dem,electricity
DE,h1873,131.75794035138873,scr2012,dem,electricity
DE,h1874,129.2663747124297,scr2012,dem,electricity
DE,h1875,127.41738158421734,scr2012,dem,electricity
DE,h1876,126.48024785137255,scr2012,dem,electricity
DE,h1877,127.23291028838545,scr2012,dem,electricity
DE,h1878,130.91580919426926,scr2012,dem,electricity
DE,h1879,137.63264454444987,scr2012,dem,electricity
DE,h1880,145.16931252362846,scr2012,dem,electricity
DE,h1881,150.55572494056057,scr2012,dem,electricity
DE,h1882,151.81563688895943,scr2012,dem,electricity
DE,h1883,150.3870552999051,scr2012,dem,electricity
DE,h1884,147.95033402410994,scr2012,dem,electricity
DE,h1885,145.01312320145715,scr2012,dem,electricity
DE,h1886,141.8214421107352,scr2012,dem,electricity
DE,h1887,138.81353175513254,scr2012,dem,electricity
DE,h1888,138.0462095288764,scr2012,dem,electricity
DE,h1889,140.01647078885952,scr2012,dem,electricity
DE,h1890,142.9684692035957,scr2012,dem,electricity
DE,h1891,144.1551714685155,scr2012,dem,electricity
DE,h1892,143.49168839073766,scr2012,dem,electricity
DE,h1893,141.5086306797049,scr2012,dem,electricity
DE,h1894,139.45029297475202,scr2012,dem,electricity
DE,h1895,135.95172558280765,scr2012,dem,electricity
DE,h1896,132.28144155840633,scr2012,dem,electricity
DE,h1897,128.88681145565826,scr2012,dem,electricity
DE,h1898,126.49722175033631,scr2012,dem,electricity
DE,h1899,124.67307849312562,scr2012,dem,electricity
DE,h1900,123.79642855131891,scr2012,dem,electricity
DE,h1901,124.60759912115364,scr2012,dem,electricity
DE,h1902,128.34108030558153,scr2012,dem,electricity
DE,h1903,135.0877990618345,scr2012,dem,electricity
DE,h1904,142.71184639803948,scr2012,dem,electricity
DE,h1905,148.25576577590672,scr2012,dem,electricity
DE,h1906,149.74430605017324,scr2012,dem,electricity
DE,h1907,148.54930365687449,scr2012,dem,electricity
DE,h1908,146.3371103583121,scr2012,dem,electricity
DE,h1909,143.64579460090755,scr2012,dem,electricity
DE,h1910,140.69984594305663,scr2012,dem,electricity
DE,h1911,137.9350463238236,scr2012,dem,electricity
DE,h1912,137.38013578553947,scr2012,dem,electricity
DE,h1913,139.59174746283944,scr2012,dem,electricity
DE,h1914,142.81652512070525,scr2012,dem,electricity
DE,h1915,144.310305141842,scr2012,dem,electricity
DE,h1916,143.9444531141408,scr2012,dem,electricity
DE,h1917,142.2878713581242,scr2012,dem,electricity
DE,h1918,140.5635450319539,scr2012,dem,electricity
DE,h1919,137.44552995544348,scr2012,dem,electricity
DE,h1920,134.14345499080167,scr2012,dem,electricity
DE,h1921,131.13962588225854,scr2012,dem,electricity
DE,h1922,129.11135215157432,scr2012,dem,electricity
DE,h1923,127.64099378792841,scr2012,dem,electricity
DE,h1924,127.07253845076323,scr2012,dem,electricity
DE,h1925,128.17231665012844,scr2012,dem,electricity
DE,h1926,132.22569920160652,scr2012,dem,electricity
DE,h1927,139.26934541981666,scr2012,dem,electricity
DE,h1928,147.17320420132796,scr2012,dem,electricity
DE,h1929,152.87965374652927,scr2012,dem,electricity
DE,h1930,154.473638221722,scr2012,dem,electricity
DE,h1931,153.29479407562414,scr2012,dem,electricity
DE,h1932,151.06834092839782,scr2012,dem,electricity
DE,h1933,148.31842809311132,scr2012,dem,electricity
DE,h1934,145.29268972048905,scr2012,dem,electricity
DE,h1935,142.52168381500258,scr2012,dem,electricity
DE,h1936,142.07540940567813,scr2012,dem,electricity
DE,h1937,144.58073914337828,scr2012,dem,electricity
DE,h1938,148.03300132900776,scr2012,dem,electricity
DE,h1939,149.4537669651495,scr2012,dem,electricity
DE,h1940,148.80250131376465,scr2012,dem,electricity
DE,h1941,146.89198846944296,scr2012,dem,electricity
DE,h1942,145.11115151704314,scr2012,dem,electricity
DE,h1943,141.9429686158468,scr2012,dem,electricity
DE,h1944,138.56239277271234,scr2012,dem,electricity
DE,h1945,135.60199687764555,scr2012,dem,electricity
DE,h1946,133.56514067828053,scr2012,dem,electricity
DE,h1947,132.02983620759468,scr2012,dem,electricity
DE,h1948,131.21168334976323,scr2012,dem,electricity
DE,h1949,132.09720048930774,scr2012,dem,electricity
DE,h1950,135.95063594143969,scr2012,dem,electricity
DE,h1951,142.74282833927077,scr2012,dem,electricity
DE,h1952,150.3764865906033,scr2012,dem,electricity
DE,h1953,155.82556667766858,scr2012,dem,electricity
DE,h1954,157.24676539258874,scr2012,dem,electricity
DE,h1955,155.9712347513134,scr2012,dem,electricity
DE,h1956,153.4893429016874,scr2012,dem,electricity
DE,h1957,150.42281391658295,scr2012,dem,electricity
DE,h1958,146.75423048246768,scr2012,dem,electricity
DE,h1959,143.24106966993506,scr2012,dem,electricity
DE,h1960,142.074481906668,scr2012,dem,electricity
DE,h1961,144.2342096613186,scr2012,dem,electricity
DE,h1962,147.57276851053246,scr2012,dem,electricity
DE,h1963,148.88430751872835,scr2012,dem,electricity
DE,h1964,147.8009732189678,scr2012,dem,electricity
DE,h1965,145.3196104106019,scr2012,dem,electricity
DE,h1966,143.0803517394942,scr2012,dem,electricity
DE,h1967,139.9097779354916,scr2012,dem,electricity
DE,h1968,136.84304189041532,scr2012,dem,electricity
DE,h1969,133.8555909545279,scr2012,dem,electricity
DE,h1970,131.508062592908,scr2012,dem,electricity
DE,h1971,129.3633328345085,scr2012,dem,electricity
DE,h1972,128.04931646193867,scr2012,dem,electricity
DE,h1973,128.15174502966372,scr2012,dem,electricity
DE,h1974,130.34370501856444,scr2012,dem,electricity
DE,h1975,133.61065585261534,scr2012,dem,electricity
DE,h1976,137.22017772195198,scr2012,dem,electricity
DE,h1977,140.0675881288883,scr2012,dem,electricity
DE,h1978,141.67443383323857,scr2012,dem,electricity
DE,h1979,141.56402634347555,scr2012,dem,electricity
DE,h1980,139.7772150813825,scr2012,dem,electricity
DE,h1981,136.50392287021901,scr2012,dem,electricity
DE,h1982,132.33274055786296,scr2012,dem,electricity
DE,h1983,128.3776638995444,scr2012,dem,electricity
DE,h1984,127.06212611055687,scr2012,dem,electricity
DE,h1985,129.2711686792934,scr2012,dem,electricity
DE,h1986,132.89563023294764,scr2012,dem,electricity
DE,h1987,134.72394330935012,scr2012,dem,electricity
DE,h1988,134.07708077655067,scr2012,dem,electricity
DE,h1989,131.88806307666812,scr2012,dem,electricity
DE,h1990,129.8722696181683,scr2012,dem,electricity
DE,h1991,127.45318898129818,scr2012,dem,electricity
DE,h1992,125.26497840192647,scr2012,dem,electricity
DE,h1993,122.95917157286769,scr2012,dem,electricity
DE,h1994,120.58467091993253,scr2012,dem,electricity
DE,h1995,118.1878541806415,scr2012,dem,electricity
DE,h1996,116.33000032365055,scr2012,dem,electricity
DE,h1997,116.00629350887229,scr2012,dem,electricity
DE,h1998,117.58837924727854,scr2012,dem,electricity
DE,h1999,120.23625714260172,scr2012,dem,electricity
DE,h2000,122.6100456804503,scr2012,dem,electricity
DE,h2001,124.15617977330152,scr2012,dem,electricity
DE,h2002,124.85821674625433,scr2012,dem,electricity
DE,h2003,125.06533320628611,scr2012,dem,electricity
DE,h2004,124.54357726981112,scr2012,dem,electricity
DE,h2005,122.63164939455368,scr2012,dem,electricity
DE,h2006,119.32859568164713,scr2012,dem,electricity
DE,h2007,115.50438703425476,scr2012,dem,electricity
DE,h2008,113.67215435046938,scr2012,dem,electricity
DE,h2009,115.01727085429505,scr2012,dem,electricity
DE,h2010,117.76435234845775,scr2012,dem,electricity
DE,h2011,119.23649824637332,scr2012,dem,electricity
DE,h2012,118.49390783066158,scr2012,dem,electricity
DE,h2013,117.96431021920222,scr2012,dem,electricity
DE,h2014,117.85517095029797,scr2012,dem,electricity
DE,h2015,117.63770787366727,scr2012,dem,electricity
DE,h2016,115.80243902687926,scr2012,dem,electricity
DE,h2017,113.35914862947354,scr2012,dem,electricity
DE,h2018,110.9602325945637,scr2012,dem,electricity
DE,h2019,108.93477974376546,scr2012,dem,electricity
DE,h2020,107.77446882098943,scr2012,dem,electricity
DE,h2021,108.2448337812107,scr2012,dem,electricity
DE,h2022,111.50423536990033,scr2012,dem,electricity
DE,h2023,118.31925389735366,scr2012,dem,electricity
DE,h2024,126.03252179521138,scr2012,dem,electricity
DE,h2025,131.7402482248489,scr2012,dem,electricity
DE,h2026,133.23000885616523,scr2012,dem,electricity
DE,h2027,132.39037726658032,scr2012,dem,electricity
DE,h2028,130.6174383545948,scr2012,dem,electricity
DE,h2029,128.2607848499458,scr2012,dem,electricity
DE,h2030,125.4332460228417,scr2012,dem,electricity
DE,h2031,122.58932282686865,scr2012,dem,electricity
DE,h2032,121.2566963162038,scr2012,dem,electricity
DE,h2033,121.86334907453042,scr2012,dem,electricity
DE,h2034,123.04985406503226,scr2012,dem,electricity
DE,h2035,122.65076941295328,scr2012,dem,electricity
DE,h2036,120.685031095178,scr2012,dem,electricity
DE,h2037,119.1976773053629,scr2012,dem,electricity
DE,h2038,118.04585265530721,scr2012,dem,electricity
DE,h2039,115.73250740323132,scr2012,dem,electricity
DE,h2040,111.57174872161735,scr2012,dem,electricity
DE,h2041,107.28057173277574,scr2012,dem,electricity
DE,h2042,103.9284101379721,scr2012,dem,electricity
DE,h2043,101.43611695333496,scr2012,dem,electricity
DE,h2044,100.05717628204707,scr2012,dem,electricity
DE,h2045,100.29836626031516,scr2012,dem,electricity
DE,h2046,103.11386992589988,scr2012,dem,electricity
DE,h2047,109.04711311682229,scr2012,dem,electricity
DE,h2048,115.8662497518774,scr2012,dem,electricity
DE,h2049,120.98105904844147,scr2012,dem,electricity
DE,h2050,122.37748873624795,scr2012,dem,electricity
DE,h2051,121.67070661779422,scr2012,dem,electricity
DE,h2052,120.21758772700164,scr2012,dem,electricity
DE,h2053,118.27243660821378,scr2012,dem,electricity
DE,h2054,115.89356183533314,scr2012,dem,electricity
DE,h2055,113.42930333125355,scr2012,dem,electricity
DE,h2056,112.3535159116096,scr2012,dem,electricity
DE,h2057,112.8655050166542,scr2012,dem,electricity
DE,h2058,113.91095661490431,scr2012,dem,electricity
DE,h2059,113.650451487569,scr2012,dem,electricity
DE,h2060,112.31965393497472,scr2012,dem,electricity
DE,h2061,111.38371114713806,scr2012,dem,electricity
DE,h2062,110.48231162406145,scr2012,dem,electricity
DE,h2063,108.27007638154598,scr2012,dem,electricity
DE,h2064,104.33013414230447,scr2012,dem,electricity
DE,h2065,100.40612147535293,scr2012,dem,electricity
DE,h2066,97.36665907563523,scr2012,dem,electricity
DE,h2067,95.14295304173754,scr2012,dem,electricity
DE,h2068,93.93970177614105,scr2012,dem,electricity
DE,h2069,94.30761648404359,scr2012,dem,electricity
DE,h2070,97.1615017644639,scr2012,dem,electricity
DE,h2071,103.08006262408477,scr2012,dem,electricity
DE,h2072,109.90887241729877,scr2012,dem,electricity
DE,h2073,115.11857857995585,scr2012,dem,electricity
DE,h2074,116.66615561276049,scr2012,dem,electricity
DE,h2075,116.132014811732,scr2012,dem,electricity
DE,h2076,114.85329269562084,scr2012,dem,electricity
DE,h2077,113.08940608445366,scr2012,dem,electricity
DE,h2078,110.87176237644113,scr2012,dem,electricity
DE,h2079,108.48321265786959,scr2012,dem,electricity
DE,h2080,107.29976189758926,scr2012,dem,electricity
DE,h2081,107.50724850088216,scr2012,dem,electricity
DE,h2082,108.2392769851129,scr2012,dem,electricity
DE,h2083,107.84228115913092,scr2012,dem,electricity
DE,h2084,106.53290015525565,scr2012,dem,electricity
DE,h2085,105.57416191657342,scr2012,dem,electricity
DE,h2086,104.51262745573078,scr2012,dem,electricity
DE,h2087,102.13484937276411,scr2012,dem,electricity
DE,h2088,97.99461185395882,scr2012,dem,electricity
DE,h2089,93.85938954472525,scr2012,dem,electricity
DE,h2090,90.56336467661262,scr2012,dem,electricity
DE,h2091,88.1682615207084,scr2012,dem,electricity
DE,h2092,86.82233636333874,scr2012,dem,electricity
DE,h2093,86.98007184447877,scr2012,dem,electricity
DE,h2094,89.49950366523697,scr2012,dem,electricity
DE,h2095,95.00534551199178,scr2012,dem,electricity
DE,h2096,101.5036764433809,scr2012,dem,electricity
DE,h2097,106.56136929221819,scr2012,dem,electricity
DE,h2098,108.20182787104463,scr2012,dem,electricity
DE,h2099,107.90906876351912,scr2012,dem,electricity
DE,h2100,106.97284157706838,scr2012,dem,electricity
DE,h2101,105.56330643279944,scr2012,dem,electricity
DE,h2102,103.67185858303006,scr2012,dem,electricity
DE,h2103,101.54720649146554,scr2012,dem,electricity
DE,h2104,100.41201528530974,scr2012,dem,electricity
DE,h2105,100.45725441480556,scr2012,dem,electricity
DE,h2106,100.95152247427265,scr2012,dem,electricity
DE,h2107,100.53970009936035,scr2012,dem,electricity
DE,h2108,99.48966701308441,scr2012,dem,electricity
DE,h2109,98.8467042323309,scr2012,dem,electricity
DE,h2110,98.00197613599718,scr2012,dem,electricity
DE,h2111,95.7563510247204,scr2012,dem,electricity
DE,h2112,91.72888952240271,scr2012,dem,electricity
DE,h2113,87.79774178515626,scr2012,dem,electricity
DE,h2114,84.64644377417233,scr2012,dem,electricity
DE,h2115,82.47261315531324,scr2012,dem,electricity
DE,h2116,81.294549074471,scr2012,dem,electricity
DE,h2117,81.62843774769615,scr2012,dem,electricity
DE,h2118,84.2156287960174,scr2012,dem,electricity
DE,h2119,89.67435846096271,scr2012,dem,electricity
DE,h2120,96.12862176931782,scr2012,dem,electricity
DE,h2121,101.2583104139685,scr2012,dem,electricity
DE,h2122,103.1105999030288,scr2012,dem,electricity
DE,h2123,103.15428507976057,scr2012,dem,electricity
DE,h2124,102.44959139312735,scr2012,dem,electricity
DE,h2125,101.23550801151526,scr2012,dem,electricity
DE,h2126,99.21884338441296,scr2012,dem,electricity
DE,h2127,96.77717807329202,scr2012,dem,electricity
DE,h2128,95.19531779267274,scr2012,dem,electricity
DE,h2129,94.91241158374868,scr2012,dem,electricity
DE,h2130,95.28688921592638,scr2012,dem,electricity
DE,h2131,94.93289768388956,scr2012,dem,electricity
DE,h2132,93.82056825426702,scr2012,dem,electricity
DE,h2133,92.81595743464601,scr2012,dem,electricity
DE,h2134,91.56022960851607,scr2012,dem,electricity
DE,h2135,89.23853650751715,scr2012,dem,electricity
DE,h2136,85.49847642214775,scr2012,dem,electricity
DE,h2137,81.40164485442736,scr2012,dem,electricity
DE,h2138,77.82691492453327,scr2012,dem,electricity
DE,h2139,75.01779998801646,scr2012,dem,electricity
DE,h2140,73.42468830813553,scr2012,dem,electricity
DE,h2141,73.05029487805706,scr2012,dem,electricity
DE,h2142,73.98026702787786,scr2012,dem,electricity
DE,h2143,75.8693885791692,scr2012,dem,electricity
DE,h2144,78.30335921195385,scr2012,dem,electricity
DE,h2145,80.98161790488251,scr2012,dem,electricity
DE,h2146,83.33740428834494,scr2012,dem,electricity
DE,h2147,84.98008582078668,scr2012,dem,electricity
DE,h2148,85.42657454197038,scr2012,dem,electricity
DE,h2149,84.47961303488296,scr2012,dem,electricity
DE,h2150,82.41997472142509,scr2012,dem,electricity
DE,h2151,79.94272976310157,scr2012,dem,electricity
DE,h2152,78.52770840269068,scr2012,dem,electricity
DE,h2153,78.5715913595113,scr2012,dem,electricity
DE,h2154,79.55792343873193,scr2012,dem,electricity
DE,h2155,80.13646855870797,scr2012,dem,electricity
DE,h2156,80.00758031288458,scr2012,dem,electricity
DE,h2157,79.80723147694786,scr2012,dem,electricity
DE,h2158,79.31083719515155,scr2012,dem,electricity
DE,h2159,78.20985170964022,scr2012,dem,electricity
DE,h2160,75.96636225431024,scr2012,dem,electricity
DK,h1441,25.388474302835824,scr2012,dem,electricity
DK,h1442,25.53440199171097,scr2012,dem,electricity
DK,h1443,25.536153253181958,scr2012,dem,electricity
DK,h1444,25.50823241212055,scr2012,dem,electricity
DK,h1445,25.686123573197225,scr2012,dem,electricity
DK,h1446,26.32521739649947,scr2012,dem,electricity
DK,h1447,27.333479110017258,scr2012,dem,electricity
DK,h1448,28.295757116474576,scr2012,dem,electricity
DK,h1449,28.734156712999855,scr2012,dem,electricity
DK,h1450,28.495725330264147,scr2012,dem,electricity
DK,h1451,27.84006471216613,scr2012,dem,electricity
DK,h1452,27.02411291415224,scr2012,dem,electricity
DK,h1453,26.169144169679836,scr2012,dem,electricity
DK,h1454,25.33516784099573,scr2012,dem,electricity
DK,h1455,24.71957918033581,scr2012,dem,electricity
DK,h1456,24.7466757488425,scr2012,dem,electricity
DK,h1457,25.62845852571767,scr2012,dem,electricity
DK,h1458,26.705307260300863,scr2012,dem,electricity
DK,h1459,27.11995703276419,scr2012,dem,electricity
DK,h1460,26.635883360581424,scr2012,dem,electricity
DK,h1461,26.036583508011784,scr2012,dem,electricity
DK,h1462,25.83586044475834,scr2012,dem,electricity
DK,h1463,25.838270019545238,scr2012,dem,electricity
DK,h1464,25.92133932787404,scr2012,dem,electricity
DK,h1465,26.001684362424882,scr2012,dem,electricity
DK,h1466,26.14785203045609,scr2012,dem,electricity
DK,h1467,26.121815569420274,scr2012,dem,electricity
DK,h1468,26.04600707723611,scr2012,dem,electricity
DK,h1469,26.15885756098436,scr2012,dem,electricity
DK,h1470,26.685949390912835,scr2012,dem,electricity
DK,h1471,27.448284045488933,scr2012,dem,electricity
DK,h1472,28.129345952809164,scr2012,dem,electricity
DK,h1473,28.363993038581476,scr2012,dem,electricity
DK,h1474,28.111614000277612,scr2012,dem,electricity
DK,h1475,27.501908511434767,scr2012,dem,electricity
DK,h1476,26.70502916695281,scr2012,dem,electricity
DK,h1477,25.81295007205362,scr2012,dem,electricity
DK,h1478,24.919602043791635,scr2012,dem,electricity
DK,h1479,24.247126132801892,scr2012,dem,electricity
DK,h1480,24.238804483743863,scr2012,dem,electricity
DK,h1481,25.1120398558477,scr2012,dem,electricity
DK,h1482,26.190797959041557,scr2012,dem,electricity
DK,h1483,26.60333653193705,scr2012,dem,electricity
DK,h1484,26.10718910304549,scr2012,dem,electricity
DK,h1485,25.496784997210092,scr2012,dem,electricity
DK,h1486,25.294039127579754,scr2012,dem,electricity
DK,h1487,25.322552108812296,scr2012,dem,electricity
DK,h1488,25.4362467698413,scr2012,dem,electricity
DK,h1489,25.534862626072478,scr2012,dem,electricity
DK,h1490,25.665481373119317,scr2012,dem,electricity
DK,h1491,25.610493720328925,scr2012,dem,electricity
DK,h1492,25.49855382465704,scr2012,dem,electricity
DK,h1493,25.578235634837057,scr2012,dem,electricity
DK,h1494,26.062432677992522,scr2012,dem,electricity
DK,h1495,26.757831252785376,scr2012,dem,electricity
DK,h1496,27.34260826841306,scr2012,dem,electricity
DK,h1497,27.488460511436834,scr2012,dem,electricity
DK,h1498,27.19004834435368,scr2012,dem,electricity
DK,h1499,26.594974489154826,scr2012,dem,electricity
DK,h1500,25.856920591899357,scr2012,dem,electricity
DK,h1501,25.026763995790482,scr2012,dem,electricity
DK,h1502,24.172640817597195,scr2012,dem,electricity
DK,h1503,23.50777119867314,scr2012,dem,electricity
DK,h1504,23.486515357575687,scr2012,dem,electricity
DK,h1505,24.339985693559086,scr2012,dem,electricity
DK,h1506,25.408496806807687,scr2012,dem,electricity
DK,h1507,25.850820752761898,scr2012,dem,electricity
DK,h1508,25.425733574327587,scr2012,dem,electricity
DK,h1509,24.902441121952734,scr2012,dem,electricity
DK,h1510,24.77849518424621,scr2012,dem,electricity
DK,h1511,24.871194060428333,scr2012,dem,electricity
DK,h1512,25.01679654718837,scr2012,dem,electricity
DK,h1513,25.13830118414816,scr2012,dem,electricity
DK,h1514,25.295044660172028,scr2012,dem,electricity
DK,h1515,25.289543456727664,scr2012,dem,electricity
DK,h1516,25.235997163770282,scr2012,dem,electricity
DK,h1517,25.386179140112993,scr2012,dem,electricity
DK,h1518,26.006479420761924,scr2012,dem,electricity
DK,h1519,27.01256955351078,scr2012,dem,electricity
DK,h1520,27.97020259999764,scr2012,dem,electricity
DK,h1521,28.39203653852802,scr2012,dem,electricity
DK,h1522,28.122265140057003,scr2012,dem,electricity
DK,h1523,27.438399919446308,scr2012,dem,electricity
DK,h1524,26.603558271765557,scr2012,dem,electricity
DK,h1525,25.742246999258633,scr2012,dem,electricity
DK,h1526,24.913639243382065,scr2012,dem,electricity
DK,h1527,24.303781368600546,scr2012,dem,electricity
DK,h1528,24.318931861591192,scr2012,dem,electricity
DK,h1529,25.144829371658492,scr2012,dem,electricity
DK,h1530,26.141531566652464,scr2012,dem,electricity
DK,h1531,26.493939576766547,scr2012,dem,electricity
DK,h1532,26.008094270084257,scr2012,dem,electricity
DK,h1533,25.422312536918554,scr2012,dem,electricity
DK,h1534,25.216100883827934,scr2012,dem,electricity
DK,h1535,25.1661672367472,scr2012,dem,electricity
DK,h1536,25.173727442950266,scr2012,dem,electricity
DK,h1537,25.189915033344434,scr2012,dem,electricity
DK,h1538,25.29398362773477,scr2012,dem,electricity
DK,h1539,25.262597381138647,scr2012,dem,electricity
DK,h1540,25.19398083718028,scr2012,dem,electricity
DK,h1541,25.329415816941342,scr2012,dem,electricity
DK,h1542,25.922154896199537,scr2012,dem,electricity
DK,h1543,26.877880959918507,scr2012,dem,electricity
DK,h1544,27.78428338657724,scr2012,dem,electricity
DK,h1545,28.17135529962876,scr2012,dem,electricity
DK,h1546,27.892977429517035,scr2012,dem,electricity
DK,h1547,27.210861921750475,scr2012,dem,electricity
DK,h1548,26.382148983125884,scr2012,dem,electricity
DK,h1549,25.52583644985423,scr2012,dem,electricity
DK,h1550,24.70973347864894,scr2012,dem,electricity
DK,h1551,24.114858479118347,scr2012,dem,electricity
DK,h1552,24.143540215063943,scr2012,dem,electricity
DK,h1553,24.971306318139657,scr2012,dem,electricity
DK,h1554,25.967537857425498,scr2012,dem,electricity
DK,h1555,26.324777531295847,scr2012,dem,electricity
DK,h1556,25.852874923656707,scr2012,dem,electricity
DK,h1557,25.282932140132402,scr2012,dem,electricity
DK,h1558,25.08950424733557,scr2012,dem,electricity
DK,h1559,25.04991760649524,scr2012,dem,electricity
DK,h1560,25.069403965028666,scr2012,dem,electricity
DK,h1561,25.087613261682705,scr2012,dem,electricity
DK,h1562,25.193509070590242,scr2012,dem,electricity
DK,h1563,25.16080253507788,scr2012,dem,electricity
DK,h1564,25.1017745483534,scr2012,dem,electricity
DK,h1565,25.246157219231996,scr2012,dem,electricity
DK,h1566,25.847146464437188,scr2012,dem,electricity
DK,h1567,26.808735220934903,scr2012,dem,electricity
DK,h1568,27.72077420606516,scr2012,dem,electricity
DK,h1569,28.113609676107895,scr2012,dem,electricity
DK,h1570,27.84110304704209,scr2012,dem,electricity
DK,h1571,27.16384242841825,scr2012,dem,electricity
DK,h1572,26.338926045911823,scr2012,dem,electricity
DK,h1573,25.485032555403627,scr2012,dem,electricity
DK,h1574,24.66943024303061,scr2012,dem,electricity
DK,h1575,24.07113632036401,scr2012,dem,electricity
DK,h1576,24.092583530917004,scr2012,dem,electricity
DK,h1577,24.910613409558067,scr2012,dem,electricity
DK,h1578,25.897569903131146,scr2012,dem,electricity
DK,h1579,26.247877146888104,scr2012,dem,electricity
DK,h1580,25.773335999603578,scr2012,dem,electricity
DK,h1581,25.19882093684461,scr2012,dem,electricity
DK,h1582,24.999012303858034,scr2012,dem,electricity
DK,h1583,24.9510602777044,scr2012,dem,electricity
DK,h1584,24.962425554648277,scr2012,dem,electricity
DK,h1585,24.97240325775309,scr2012,dem,electricity
DK,h1586,25.06855769488069,scr2012,dem,electricity
DK,h1587,25.028992223833907,scr2012,dem,electricity
DK,h1588,24.964652066429355,scr2012,dem,electricity
DK,h1589,25.102645539653505,scr2012,dem,electricity
DK,h1590,25.69520307147831,scr2012,dem,electricity
DK,h1591,26.645792671919324,scr2012,dem,electricity
DK,h1592,27.55012962921415,scr2012,dem,electricity
DK,h1593,27.939650626745635,scr2012,dem,electricity
DK,h1594,27.67271110878881,scr2012,dem,electricity
DK,h1595,27.00611256318363,scr2012,dem,electricity
DK,h1596,26.197181044212453,scr2012,dem,electricity
DK,h1597,25.36118430706531,scr2012,dem,electricity
DK,h1598,24.564455352588734,scr2012,dem,electricity
DK,h1599,23.98614432669498,scr2012,dem,electricity
DK,h1600,24.02695417911454,scr2012,dem,electricity
DK,h1601,24.864361409102344,scr2012,dem,electricity
DK,h1602,25.868266918914934,scr2012,dem,electricity
DK,h1603,26.23200243661544,scr2012,dem,electricity
DK,h1604,25.77635162226071,scr2012,dem,electricity
DK,h1605,25.222532709077072,scr2012,dem,electricity
DK,h1606,25.047079307485102,scr2012,dem,electricity
DK,h1607,25.01710430685063,scr2012,dem,electricity
DK,h1608,25.046992666963373,scr2012,dem,electricity
DK,h1609,25.0692084222067,scr2012,dem,electricity
DK,h1610,25.17284987323629,scr2012,dem,electricity
DK,h1611,25.133776559413693,scr2012,dem,electricity
DK,h1612,25.069525535946976,scr2012,dem,electricity
DK,h1613,25.208313423646626,scr2012,dem,electricity
DK,h1614,25.799827113734352,scr2012,dem,electricity
DK,h1615,26.74326772663261,scr2012,dem,electricity
DK,h1616,27.635914128959175,scr2012,dem,electricity
DK,h1617,28.015766477913164,scr2012,dem,electricity
DK,h1618,27.742750136541943,scr2012,dem,electricity
DK,h1619,27.0647564481379,scr2012,dem,electricity
DK,h1620,26.224352235119497,scr2012,dem,electricity
DK,h1621,25.341204804617778,scr2012,dem,electricity
DK,h1622,24.474203085097688,scr2012,dem,electricity
DK,h1623,23.814737260331864,scr2012,dem,electricity
DK,h1624,23.767515164721306,scr2012,dem,electricity
DK,h1625,24.527594493525758,scr2012,dem,electricity
DK,h1626,25.46194965755837,scr2012,dem,electricity
DK,h1627,25.755862536546534,scr2012,dem,electricity
DK,h1628,25.222415758663214,scr2012,dem,electricity
DK,h1629,24.58229848129076,scr2012,dem,electricity
DK,h1630,24.319993943729447,scr2012,dem,electricity
DK,h1631,24.22154901608355,scr2012,dem,electricity
DK,h1632,24.195690024017555,scr2012,dem,electricity
DK,h1633,24.167203828035742,scr2012,dem,electricity
DK,h1634,24.20218427203137,scr2012,dem,electricity
DK,h1635,24.08244449140053,scr2012,dem,electricity
DK,h1636,23.92566309769061,scr2012,dem,electricity
DK,h1637,23.94748532214834,scr2012,dem,electricity
DK,h1638,24.350312085315036,scr2012,dem,electricity
DK,h1639,24.965716126558817,scr2012,dem,electricity
DK,h1640,25.512121097937744,scr2012,dem,electricity
DK,h1641,25.66699526231351,scr2012,dem,electricity
DK,h1642,25.395706240737365,scr2012,dem,electricity
DK,h1643,24.80949455990036,scr2012,dem,electricity
DK,h1644,24.053447146313076,scr2012,dem,electricity
DK,h1645,23.210773971412287,scr2012,dem,electricity
DK,h1646,22.36795792717671,scr2012,dem,electricity
DK,h1647,21.724685186467905,scr2012,dem,electricity
DK,h1648,21.677837607863395,scr2012,dem,electricity
DK,h1649,22.411006676106048,scr2012,dem,electricity
DK,h1650,23.329150504808833,scr2012,dem,electricity
DK,h1651,23.667532827512996,scr2012,dem,electricity
DK,h1652,23.235834517866962,scr2012,dem,electricity
DK,h1653,22.708672022364865,scr2012,dem,electricity
DK,h1654,22.538790590159866,scr2012,dem,electricity
DK,h1655,22.55814029632565,scr2012,dem,electricity
DK,h1656,22.659775292128973,scr2012,dem,electricity
DK,h1657,22.75842477658308,scr2012,dem,electricity
DK,h1658,22.896401731959497,scr2012,dem,electricity
DK,h1659,22.886818580472344,scr2012,dem,electricity
DK,h1660,22.84432942182842,scr2012,dem,electricity
DK,h1661,22.990133229858774,scr2012,dem,electricity
DK,h1662,23.515496875752408,scr2012,dem,electricity
DK,h1663,24.244822340862182,scr2012,dem,electricity
DK,h1664,24.89280688471632,scr2012,dem,electricity
DK,h1665,25.167654259013922,scr2012,dem,electricity
DK,h1666,25.060329390092555,scr2012,dem,electricity
DK,h1667,24.6923843115472,scr2012,dem,electricity
DK,h1668,24.191571037271594,scr2012,dem,electricity
DK,h1669,23.5984253413649,scr2012,dem,electricity
DK,h1670,22.97564853238516,scr2012,dem,electricity
DK,h1671,22.529263345662745,scr2012,dem,electricity
DK,h1672,22.704505431983897,scr2012,dem,electricity
DK,h1673,23.74219701930288,scr2012,dem,electricity
DK,h1674,25.007400596363222,scr2012,dem,electricity
DK,h1675,25.664149137817898,scr2012,dem,electricity
DK,h1676,25.483727626079574,scr2012,dem,electricity
DK,h1677,25.21021187064153,scr2012,dem,electricity
DK,h1678,25.346504944123932,scr2012,dem,electricity
DK,h1679,25.68686809591093,scr2012,dem,electricity
DK,h1680,26.087261889694926,scr2012,dem,electricity
DK,h1681,26.4595444503516,scr2012,dem,electricity
DK,h1682,26.86270395395006,scr2012,dem,electricity
DK,h1683,27.08813463253469,scr2012,dem,electricity
DK,h1684,27.257914121574924,scr2012,dem,electricity
DK,h1685,27.64658173682093,scr2012,dem,electricity
DK,h1686,28.539639870206706,scr2012,dem,electricity
DK,h1687,29.828595595277736,scr2012,dem,electricity
DK,h1688,31.043740649672994,scr2012,dem,electricity
DK,h1689,31.64897039342129,scr2012,dem,electricity
DK,h1690,31.48326838215042,scr2012,dem,electricity
DK,h1691,30.835170225759803,scr2012,dem,electricity
DK,h1692,29.984951662747378,scr2012,dem,electricity
DK,h1693,29.077570728181808,scr2012,dem,electricity
DK,h1694,28.190190157639567,scr2012,dem,electricity
DK,h1695,27.547012376624192,scr2012,dem,electricity
DK,h1696,27.60476502172629,scr2012,dem,electricity
DK,h1697,28.586138712501047,scr2012,dem,electricity
DK,h1698,29.731420061234235,scr2012,dem,electricity
DK,h1699,30.091134784232704,scr2012,dem,electricity
DK,h1700,29.46885453276699,scr2012,dem,electricity
DK,h1701,28.740179065566338,scr2012,dem,electricity
DK,h1702,28.471921533613553,scr2012,dem,electricity
DK,h1703,28.369651424232387,scr2012,dem,electricity
DK,h1704,28.319685811675658,scr2012,dem,electricity
DK,h1705,28.26576329389811,scr2012,dem,electricity
DK,h1706,28.29954660995438,scr2012,dem,electricity
DK,h1707,28.160473176171628,scr2012,dem,electricity
DK,h1708,27.965582546574588,scr2012,dem,electricity
DK,h1709,27.98732120779729,scr2012,dem,electricity
DK,h1710,28.504956816009646,scr2012,dem,electricity
DK,h1711,29.391471205424935,scr2012,dem,electricity
DK,h1712,30.210632740660436,scr2012,dem,electricity
DK,h1713,30.46392524996837,scr2012,dem,electricity
DK,h1714,30.021061674732774,scr2012,dem,electricity
DK,h1715,29.15531759547974,scr2012,dem,electricity
DK,h1716,28.14426397903611,scr2012,dem,electricity
DK,h1717,27.11606506760149,scr2012,dem,electricity
DK,h1718,26.14744550310959,scr2012,dem,electricity
DK,h1719,25.425966039432435,scr2012,dem,electricity
DK,h1720,25.37938904950639,scr2012,dem,electricity
DK,h1721,26.18422601361591,scr2012,dem,electricity
DK,h1722,27.16522857497087,scr2012,dem,electricity
DK,h1723,27.45513959219034,scr2012,dem,electricity
DK,h1724,26.895861270171316,scr2012,dem,electricity
DK,h1725,26.247003123176086,scr2012,dem,electricity
DK,h1726,26.019010213367174,scr2012,dem,electricity
DK,h1727,25.934598053374494,scr2012,dem,electricity
DK,h1728,25.913520015581078,scr2012,dem,electricity
DK,h1729,25.89236612966611,scr2012,dem,electricity
DK,h1730,25.96540344797508,scr2012,dem,electricity
DK,h1731,25.89085744176481,scr2012,dem,electricity
DK,h1732,25.78698154477288,scr2012,dem,electricity
DK,h1733,25.8910062914596,scr2012,dem,electricity
DK,h1734,26.46189769710023,scr2012,dem,electricity
DK,h1735,27.38454502596122,scr2012,dem,electricity
DK,h1736,28.251563527773403,scr2012,dem,electricity
DK,h1737,28.58908431900306,scr2012,dem,electricity
DK,h1738,28.260833139492295,scr2012,dem,electricity
DK,h1739,27.51881659974833,scr2012,dem,electricity
DK,h1740,26.62317988043355,scr2012,dem,electricity
DK,h1741,25.694507101708673,scr2012,dem,electricity
DK,h1742,24.804447608071147,scr2012,dem,electricity
DK,h1743,24.129847138757,scr2012,dem,electricity
DK,h1744,24.07682698749496,scr2012,dem,electricity
DK,h1745,24.812181562745895,scr2012,dem,electricity
DK,h1746,25.704714522452992,scr2012,dem,electricity
DK,h1747,25.942328741736375,scr2012,dem,electricity
DK,h1748,25.382067501133932,scr2012,dem,electricity
DK,h1749,24.72488156633433,scr2012,dem,electricity
DK,h1750,24.447855431248566,scr2012,dem,electricity
DK,h1751,24.29100613047558,scr2012,dem,electricity
DK,h1752,24.18535852402749,scr2012,dem,electricity
DK,h1753,24.076126865787735,scr2012,dem,electricity
DK,h1754,24.05283332704354,scr2012,dem,electricity
DK,h1755,23.899736904383698,scr2012,dem,electricity
DK,h1756,23.725928740855927,scr2012,dem,electricity
DK,h1757,23.746743335572173,scr2012,dem,electricity
DK,h1758,24.199240268389076,scr2012,dem,electricity
DK,h1759,24.981568903450366,scr2012,dem,electricity
DK,h1760,25.72513653813959,scr2012,dem,electricity
DK,h1761,25.99552043438145,scr2012,dem,electricity
DK,h1762,25.667048591071183,scr2012,dem,electricity
DK,h1763,24.96980835641327,scr2012,dem,electricity
DK,h1764,24.144673138625613,scr2012,dem,electricity
DK,h1765,23.2980873055685,scr2012,dem,electricity
DK,h1766,22.492517603053955,scr2012,dem,electricity
DK,h1767,21.884601856176623,scr2012,dem,electricity
DK,h1768,21.837047788298822,scr2012,dem,electricity
DK,h1769,22.498792892923863,scr2012,dem,electricity
DK,h1770,23.309454634005842,scr2012,dem,electricity
DK,h1771,23.546047138884617,scr2012,dem,electricity
DK,h1772,23.08989241023055,scr2012,dem,electricity
DK,h1773,22.5473314569993,scr2012,dem,electricity
DK,h1774,22.34324775029403,scr2012,dem,electricity
DK,h1775,22.235263317515205,scr2012,dem,electricity
DK,h1776,22.179297530076703,scr2012,dem,electricity
DK,h1777,22.130023150085577,scr2012,dem,electricity
DK,h1778,22.166883801150913,scr2012,dem,electricity
DK,h1779,22.098043556666568,scr2012,dem,electricity
DK,h1780,22.019744812989234,scr2012,dem,electricity
DK,h1781,22.134142093488865,scr2012,dem,electricity
DK,h1782,22.6607053447605,scr2012,dem,electricity
DK,h1783,23.508389196946016,scr2012,dem,electricity
DK,h1784,24.33343316307997,scr2012,dem,electricity
DK,h1785,24.723945263992746,scr2012,dem,electricity
DK,h1786,24.551441991784216,scr2012,dem,electricity
DK,h1787,24.022211252524972,scr2012,dem,electricity
DK,h1788,23.347584188607676,scr2012,dem,electricity
DK,h1789,22.63442111638763,scr2012,dem,electricity
DK,h1790,21.931865476889943,scr2012,dem,electricity
DK,h1791,21.408982782216903,scr2012,dem,electricity
DK,h1792,21.429829083366457,scr2012,dem,electricity
DK,h1793,22.17487885186495,scr2012,dem,electricity
DK,h1794,23.085597556847297,scr2012,dem,electricity
DK,h1795,23.423791902113276,scr2012,dem,electricity
DK,h1796,23.047796579087173,scr2012,dem,electricity
DK,h1797,22.576032585906887,scr2012,dem,electricity
DK,h1798,22.447854659434537,scr2012,dem,electricity
DK,h1799,22.44024220503903,scr2012,dem,electricity
DK,h1800,22.498349860466213,scr2012,dem,electricity
DK,h1801,22.556052292535487,scr2012,dem,electricity
DK,h1802,22.676359048728468,scr2012,dem,electricity
DK,h1803,22.656936504452215,scr2012,dem,electricity
DK,h1804,22.607671386900122,scr2012,dem,electricity
DK,h1805,22.72690203689326,scr2012,dem,electricity
DK,h1806,23.20703540172625,scr2012,dem,electricity
DK,h1807,23.883544518087273,scr2012,dem,electricity
DK,h1808,24.492218810030703,scr2012,dem,electricity
DK,h1809,24.723450708035696,scr2012,dem,electricity
DK,h1810,24.539281705837762,scr2012,dem,electricity
DK,h1811,24.0359029547591,scr2012,dem,electricity
DK,h1812,23.346706468025165,scr2012,dem,electricity
DK,h1813,22.55403620759877,scr2012,dem,electricity
DK,h1814,21.744668906610546,scr2012,dem,electricity
DK,h1815,21.116306138200137,scr2012,dem,electricity
DK,h1816,21.055483155644612,scr2012,dem,electricity
DK,h1817,21.735955694161277,scr2012,dem,electricity
DK,h1818,22.579553358978263,scr2012,dem,electricity
DK,h1819,22.841798513310625,scr2012,dem,electricity
DK,h1820,22.36768470957553,scr2012,dem,electricity
DK,h1821,21.79356074965999,scr2012,dem,electricity
DK,h1822,21.558823822631545,scr2012,dem,electricity
DK,h1823,21.476534082087674,scr2012,dem,electricity
DK,h1824,21.455595728111373,scr2012,dem,electricity
DK,h1825,21.417234766917876,scr2012,dem,electricity
DK,h1826,21.406974670025527,scr2012,dem,electricity
DK,h1827,21.251943851555257,scr2012,dem,electricity
DK,h1828,21.061621831918366,scr2012,dem,electricity
DK,h1829,21.036729925290928,scr2012,dem,electricity
DK,h1830,21.346771522215477,scr2012,dem,electricity
DK,h1831,21.822263501246933,scr2012,dem,electricity
DK,h1832,22.21235747149308,scr2012,dem,electricity
DK,h1833,22.26932896931953,scr2012,dem,electricity
DK,h1834,21.999690949237948,scr2012,dem,electricity
DK,h1835,21.50706331765228,scr2012,dem,electricity
DK,h1836,20.899815634351874,scr2012,dem,electricity
DK,h1837,20.21103619824457,scr2012,dem,electricity
DK,h1838,19.49284834287991,scr2012,dem,electricity
DK,h1839,18.9133914937844,scr2012,dem,electricity
DK,h1840,18.840751987197926,scr2012,dem,electricity
DK,h1841,19.461102775598295,scr2012,dem,electricity
DK,h1842,20.266238222148953,scr2012,dem,electricity
DK,h1843,20.599332528196435,scr2012,dem,electricity
DK,h1844,20.299981561795512,scr2012,dem,electricity
DK,h1845,19.920409409520904,scr2012,dem,electricity
DK,h1846,19.843133483056164,scr2012,dem,electricity
DK,h1847,19.89954767722073,scr2012,dem,electricity
DK,h1848,19.990927087073413,scr2012,dem,electricity
DK,h1849,20.059292098468177,scr2012,dem,electricity
DK,h1850,20.1577817124052,scr2012,dem,electricity
DK,h1851,20.15432021500163,scr2012,dem,electricity
DK,h1852,20.143838442884217,scr2012,dem,electricity
DK,h1853,20.322041189569163,scr2012,dem,electricity
DK,h1854,20.898147330851472,scr2012,dem,electricity
DK,h1855,21.80547110444367,scr2012,dem,electricity
DK,h1856,22.702359626077065,scr2012,dem,electricity
DK,h1857,23.186222375445144,scr2012,dem,electricity
DK,h1858,23.115247033368345,scr2012,dem,electricity
DK,h1859,22.696429670781303,scr2012,dem,electricity
DK,h1860,22.13829507810097,scr2012,dem,electricity
DK,h1861,21.544924617686952,scr2012,dem,electricity
DK,h1862,20.972528419988816,scr2012,dem,electricity
DK,h1863,20.575976882084873,scr2012,dem,electricity
DK,h1864,20.685742560410652,scr2012,dem,electricity
DK,h1865,21.471297987002732,scr2012,dem,electricity
DK,h1866,22.40017959419124,scr2012,dem,electricity
DK,h1867,22.78993811250834,scr2012,dem,electricity
DK,h1868,22.50768199263228,scr2012,dem,electricity
DK,h1869,22.147559630190536,scr2012,dem,electricity
DK,h1870,22.1107177800354,scr2012,dem,electricity
DK,h1871,22.15734763649042,scr2012,dem,electricity
DK,h1872,22.237494755236582,scr2012,dem,electricity
DK,h1873,22.327307348736525,scr2012,dem,electricity
DK,h1874,22.50523179411317,scr2012,dem,electricity
DK,h1875,22.575777156796754,scr2012,dem,electricity
DK,h1876,22.62562858385564,scr2012,dem,electricity
DK,h1877,22.863256782810403,scr2012,dem,electricity
DK,h1878,23.520673655039353,scr2012,dem,electricity
DK,h1879,24.49688964088058,scr2012,dem,electricity
DK,h1880,25.435606461572984,scr2012,dem,electricity
DK,h1881,25.90344123364094,scr2012,dem,electricity
DK,h1882,25.767190085240404,scr2012,dem,electricity
DK,h1883,25.23702784478415,scr2012,dem,electricity
DK,h1884,24.54916368009956,scr2012,dem,electricity
DK,h1885,23.811330188564792,scr2012,dem,electricity
DK,h1886,23.093867430084263,scr2012,dem,electricity
DK,h1887,22.564248439154344,scr2012,dem,electricity
DK,h1888,22.604401239907766,scr2012,dem,electricity
DK,h1889,23.37874216812571,scr2012,dem,electricity
DK,h1890,24.29933018701088,scr2012,dem,electricity
DK,h1891,24.594701129265083,scr2012,dem,electricity
DK,h1892,24.15194420999532,scr2012,dem,electricity
DK,h1893,23.620163359609762,scr2012,dem,electricity
DK,h1894,23.451409492627846,scr2012,dem,electricity
DK,h1895,23.37264175861492,scr2012,dem,electricity
DK,h1896,23.33200434341898,scr2012,dem,electricity
DK,h1897,23.293738388612798,scr2012,dem,electricity
DK,h1898,23.342920485425754,scr2012,dem,electricity
DK,h1899,23.26670681250581,scr2012,dem,electricity
DK,h1900,23.16704493047632,scr2012,dem,electricity
DK,h1901,23.25904707933256,scr2012,dem,electricity
DK,h1902,23.777765105880963,scr2012,dem,electricity
DK,h1903,24.616420187776356,scr2012,dem,electricity
DK,h1904,25.419827802118583,scr2012,dem,electricity
DK,h1905,25.757728845916464,scr2012,dem,electricity
DK,h1906,25.506221977136086,scr2012,dem,electricity
DK,h1907,24.877641601490016,scr2012,dem,electricity
DK,h1908,24.109904076391082,scr2012,dem,electricity
DK,h1909,23.312699194003592,scr2012,dem,electricity
DK,h1910,22.55215408856592,scr2012,dem,electricity
DK,h1911,21.98811952205767,scr2012,dem,electricity
DK,h1912,21.986862915385107,scr2012,dem,electricity
DK,h1913,22.70608383063235,scr2012,dem,electricity
DK,h1914,23.576816281419806,scr2012,dem,electricity
DK,h1915,23.855388967901693,scr2012,dem,electricity
DK,h1916,23.4319666312581,scr2012,dem,electricity
DK,h1917,22.92913479656517,scr2012,dem,electricity
DK,h1918,22.77869993387103,scr2012,dem,electricity
DK,h1919,22.71820013508468,scr2012,dem,electricity
DK,h1920,22.697914945800292,scr2012,dem,electricity
DK,h1921,22.686842631939466,scr2012,dem,electricity
DK,h1922,22.764186009585018,scr2012,dem,electricity
DK,h1923,22.72666476461935,scr2012,dem,electricity
DK,h1924,22.669321098949975,scr2012,dem,electricity
DK,h1925,22.800658426567125,scr2012,dem,electricity
DK,h1926,23.351894750503117,scr2012,dem,electricity
DK,h1927,24.217482900729607,scr2012,dem,electricity
DK,h1928,25.051063599789444,scr2012,dem,electricity
DK,h1929,25.42448735278252,scr2012,dem,electricity
DK,h1930,25.215464141399863,scr2012,dem,electricity
DK,h1931,24.628012292164385,scr2012,dem,electricity
DK,h1932,23.8977863426751,scr2012,dem,electricity
DK,h1933,23.130514565326692,scr2012,dem,electricity
DK,h1934,22.392268355084166,scr2012,dem,electricity
DK,h1935,21.84513190718276,scr2012,dem,electricity
DK,h1936,21.85116388966019,scr2012,dem,electricity
DK,h1937,22.569022173727138,scr2012,dem,electricity
DK,h1938,23.428853445832118,scr2012,dem,electricity
DK,h1939,23.690975923606263,scr2012,dem,electricity
DK,h1940,23.254771008980505,scr2012,dem,electricity
DK,h1941,22.739812800479857,scr2012,dem,electricity
DK,h1942,22.57702292031424,scr2012,dem,electricity
DK,h1943,22.498357586761905,scr2012,dem,electricity
DK,h1944,22.4559528168123,scr2012,dem,electricity
DK,h1945,22.430510502652794,scr2012,dem,electricity
DK,h1946,22.489850581508716,scr2012,dem,electricity
DK,h1947,22.43725349864769,scr2012,dem,electricity
DK,h1948,22.35780830828038,scr2012,dem,electricity
DK,h1949,22.46790919202547,scr2012,dem,electricity
DK,h1950,22.99209199764248,scr2012,dem,electricity
DK,h1951,23.82538712182678,scr2012,dem,electricity
DK,h1952,24.63229555963386,scr2012,dem,electricity
DK,h1953,24.996294246728294,scr2012,dem,electricity
DK,h1954,24.799774085248597,scr2012,dem,electricity
DK,h1955,24.241452486465146,scr2012,dem,electricity
DK,h1956,23.53744651029055,scr2012,dem,electricity
DK,h1957,22.796403710963226,scr2012,dem,electricity
DK,h1958,22.06622359670891,scr2012,dem,electricity
DK,h1959,21.51902595534735,scr2012,dem,electricity
DK,h1960,21.51897986940969,scr2012,dem,electricity
DK,h1961,22.24635630596047,scr2012,dem,electricity
DK,h1962,23.133777774158535,scr2012,dem,electricity
DK,h1963,23.436583255004567,scr2012,dem,electricity
DK,h1964,23.032856023120765,scr2012,dem,electricity
DK,h1965,22.542987672262417,scr2012,dem,electricity
DK,h1966,22.408927990394012,scr2012,dem,electricity
DK,h1967,22.38587660119591,scr2012,dem,electricity
DK,h1968,22.42013521136403,scr2012,dem,electricity
DK,h1969,22.451405739557018,scr2012,dem,electricity
DK,h1970,22.549784983994908,scr2012,dem,electricity
DK,h1971,22.515231826204868,scr2012,dem,electricity
DK,h1972,22.45752714747597,scr2012,dem,electricity
DK,h1973,22.570952004558137,scr2012,dem,electricity
DK,h1974,23.04767183653435,scr2012,dem,electricity
DK,h1975,23.719699830833786,scr2012,dem,electricity
DK,h1976,24.328379505897615,scr2012,dem,electricity
DK,h1977,24.5661649853641,scr2012,dem,electricity
DK,h1978,24.396673095943374,scr2012,dem,electricity
DK,h1979,23.910287640116476,scr2012,dem,electricity
DK,h1980,23.238076226021192,scr2012,dem,electricity
DK,h1981,22.465014740038995,scr2012,dem,electricity
DK,h1982,21.67866720538765,scr2012,dem,electricity
DK,h1983,21.078209361050426,scr2012,dem,electricity
DK,h1984,21.049934143260447,scr2012,dem,electricity
DK,h1985,21.770659125187443,scr2012,dem,electricity
DK,h1986,22.660722104506085,scr2012,dem,electricity
DK,h1987,22.960359630269682,scr2012,dem,electricity
DK,h1988,22.528168425882285,scr2012,dem,electricity
DK,h1989,21.99684803419254,scr2012,dem,electricity
DK,h1990,21.82116696154992,scr2012,dem,electricity
DK,h1991,21.788735127639637,scr2012,dem,electricity
DK,h1992,21.81703409541244,scr2012,dem,electricity
DK,h1993,21.825882643320597,scr2012,dem,electricity
DK,h1994,21.855671253099665,scr2012,dem,electricity
DK,h1995,21.736389400495106,scr2012,dem,electricity
DK,h1996,21.5750732382787,scr2012,dem,electricity
DK,h1997,21.58969519130594,scr2012,dem,electricity
DK,h1998,21.950293580941622,scr2012,dem,electricity
DK,h1999,22.500815570919073,scr2012,dem,electricity
DK,h2000,22.951060595288528,scr2012,dem,electricity
DK,h2001,23.0367349671862,scr2012,dem,electricity
DK,h2002,22.754633010689755,scr2012,dem,electricity
DK,h2003,22.244718159964105,scr2012,dem,electricity
DK,h2004,21.61809208064537,scr2012,dem,electricity
DK,h2005,20.905256482183095,scr2012,dem,electricity
DK,h2006,20.15453243117123,scr2012,dem,electricity
DK,h2007,19.5415729591952,scr2012,dem,electricity
DK,h2008,19.44162342913938,scr2012,dem,electricity
DK,h2009,20.038761163298336,scr2012,dem,electricity
DK,h2010,20.800393963770752,scr2012,dem,electricity
DK,h2011,21.03659769828508,scr2012,dem,electricity
DK,h2012,20.597916036017892,scr2012,dem,electricity
DK,h2013,20.17033286558748,scr2012,dem,electricity
DK,h2014,20.091903765084474,scr2012,dem,electricity
DK,h2015,20.164683539410863,scr2012,dem,electricity
DK,h2016,20.182567067824284,scr2012,dem,electricity
DK,h2017,20.152453230935787,scr2012,dem,electricity
DK,h2018,20.14877158329774,scr2012,dem,electricity
DK,h2019,20.03172510624622,scr2012,dem,electricity
DK,h2020,19.89838697927348,scr2012,dem,electricity
DK,h2021,19.93975541966333,scr2012,dem,electricity
DK,h2022,20.361158827397553,scr2012,dem,electricity
DK,h2023,21.112764423829773,scr2012,dem,electricity
DK,h2024,21.841132720864092,scr2012,dem,electricity
DK,h2025,22.157855140806976,scr2012,dem,electricity
DK,h2026,21.926375182609785,scr2012,dem,electricity
DK,h2027,21.371366670838544,scr2012,dem,electricity
DK,h2028,20.693244020042137,scr2012,dem,electricity
DK,h2029,19.978288891144363,scr2012,dem,electricity
DK,h2030,19.277151007625676,scr2012,dem,electricity
DK,h2031,18.727829252695358,scr2012,dem,electricity
DK,h2032,18.62200042621864,scr2012,dem,electricity
DK,h2033,19.08340455399545,scr2012,dem,electricity
DK,h2034,19.64805216693385,scr2012,dem,electricity
DK,h2035,19.71522706012253,scr2012,dem,electricity
DK,h2036,19.20658525645903,scr2012,dem,electricity
DK,h2037,18.72673473711387,scr2012,dem,electricity
DK,h2038,18.55574086187491,scr2012,dem,electricity
DK,h2039,18.45534158604565,scr2012,dem,electricity
DK,h2040,18.282075539933597,scr2012,dem,electricity
DK,h2041,18.093253191947714,scr2012,dem,electricity
DK,h2042,17.985323579963637,scr2012,dem,electricity
DK,h2043,17.81463577551691,scr2012,dem,electricity
DK,h2044,17.655966380789085,scr2012,dem,electricity
DK,h2045,17.66591551961003,scr2012,dem,electricity
DK,h2046,18.01954051514289,scr2012,dem,electricity
DK,h2047,18.666921629821058,scr2012,dem,electricity
DK,h2048,19.30757701890491,scr2012,dem,electricity
DK,h2049,19.601858578420703,scr2012,dem,electricity
DK,h2050,19.425805644211852,scr2012,dem,electricity
DK,h2051,18.971970969956338,scr2012,dem,electricity
DK,h2052,18.422075747127383,scr2012,dem,electricity
DK,h2053,17.847118915236027,scr2012,dem,electricity
DK,h2054,17.28837319690826,scr2012,dem,electricity
DK,h2055,16.864235773052457,scr2012,dem,electricity
DK,h2056,16.84239473162465,scr2012,dem,electricity
DK,h2057,17.327445448386,scr2012,dem,electricity
DK,h2058,17.916364338024195,scr2012,dem,electricity
DK,h2059,18.07174536346195,scr2012,dem,electricity
DK,h2060,17.73105058893514,scr2012,dem,electricity
DK,h2061,17.417355100217073,scr2012,dem,electricity
DK,h2062,17.373586105644776,scr2012,dem,electricity
DK,h2063,17.383591931264306,scr2012,dem,electricity
DK,h2064,17.33164129162263,scr2012,dem,electricity
DK,h2065,17.27817453658569,scr2012,dem,electricity
DK,h2066,17.3036965827383,scr2012,dem,electricity
DK,h2067,17.268733996126358,scr2012,dem,electricity
DK,h2068,17.241153471616883,scr2012,dem,electricity
DK,h2069,17.378831303709344,scr2012,dem,electricity
DK,h2070,17.85710853560991,scr2012,dem,electricity
DK,h2071,18.62869291562034,scr2012,dem,electricity
DK,h2072,19.39357849835238,scr2012,dem,electricity
DK,h2073,19.805943866427164,scr2012,dem,electricity
DK,h2074,19.73267972708481,scr2012,dem,electricity
DK,h2075,19.363529522721866,scr2012,dem,electricity
DK,h2076,18.881464457770125,scr2012,dem,electricity
DK,h2077,18.360237746721218,scr2012,dem,electricity
DK,h2078,17.84350335756835,scr2012,dem,electricity
DK,h2079,17.45616915130682,scr2012,dem,electricity
DK,h2080,17.479693275139,scr2012,dem,electricity
DK,h2081,18.03100667315236,scr2012,dem,electricity
DK,h2082,18.687224888723424,scr2012,dem,electricity
DK,h2083,18.878977601088447,scr2012,dem,electricity
DK,h2084,18.533647117511173,scr2012,dem,electricity
DK,h2085,18.206399038639507,scr2012,dem,electricity
DK,h2086,18.162862055778135,scr2012,dem,electricity
DK,h2087,18.181519874805026,scr2012,dem,electricity
DK,h2088,18.135718300118675,scr2012,dem,electricity
DK,h2089,18.08272676469294,scr2012,dem,electricity
DK,h2090,18.104345881215796,scr2012,dem,electricity
DK,h2091,18.05498989446058,scr2012,dem,electricity
DK,h2092,18.005516888074848,scr2012,dem,electricity
DK,h2093,18.121168524334056,scr2012,dem,electricity
DK,h2094,18.58582572709726,scr2012,dem,electricity
DK,h2095,19.346558059343042,scr2012,dem,electricity
DK,h2096,20.096725094394458,scr2012,dem,electricity
DK,h2097,20.479055807828104,scr2012,dem,electricity
DK,h2098,20.365806117929377,scr2012,dem,electricity
DK,h2099,19.951265750311315,scr2012,dem,electricity
DK,h2100,19.42596629369975,scr2012,dem,electricity
DK,h2101,18.864040975217602,scr2012,dem,electricity
DK,h2102,18.310093296567405,scr2012,dem,electricity
DK,h2103,17.8949104485711,scr2012,dem,electricity
DK,h2104,17.90450543415689,scr2012,dem,electricity
DK,h2105,18.46169289599917,scr2012,dem,electricity
DK,h2106,19.122938270275988,scr2012,dem,electricity
DK,h2107,19.303389127121076,scr2012,dem,electricity
DK,h2108,18.928390538359746,scr2012,dem,electricity
DK,h2109,18.573709701587205,scr2012,dem,electricity
DK,h2110,18.51496149734149,scr2012,dem,electricity
DK,h2111,18.520764733404818,scr2012,dem,electricity
DK,h2112,18.460239393323842,scr2012,dem,electricity
DK,h2113,18.394069639243217,scr2012,dem,electricity
DK,h2114,18.396775868601257,scr2012,dem,electricity
DK,h2115,18.322733375995142,scr2012,dem,electricity
DK,h2116,18.238279379046624,scr2012,dem,electricity
DK,h2117,18.318121216918325,scr2012,dem,electricity
DK,h2118,18.74263086078167,scr2012,dem,electricity
DK,h2119,19.453346437494172,scr2012,dem,electricity
DK,h2120,20.143865514746285,scr2012,dem,electricity
DK,h2121,20.45911863350284,scr2012,dem,electricity
DK,h2122,20.276474440079063,scr2012,dem,electricity
DK,h2123,19.794584462581657,scr2012,dem,electricity
DK,h2124,19.194040492569354,scr2012,dem,electricity
DK,h2125,18.555285761199347,scr2012,dem,electricity
DK,h2126,17.905506419846425,scr2012,dem,electricity
DK,h2127,17.380650343816182,scr2012,dem,electricity
DK,h2128,17.26174181558846,scr2012,dem,electricity
DK,h2129,17.675155359041508,scr2012,dem,electricity
DK,h2130,18.19369899418125,scr2012,dem,electricity
DK,h2131,18.256279213132682,scr2012,dem,electricity
DK,h2132,17.78068878066745,scr2012,dem,electricity
DK,h2133,17.308000923971438,scr2012,dem,electricity
DK,h2134,17.10990694044254,scr2012,dem,electricity
DK,h2135,16.987458071185397,scr2012,dem,electricity
DK,h2136,16.815241100340884,scr2012,dem,electricity
DK,h2137,16.610111433233325,scr2012,dem,electricity
DK,h2138,16.45757466684388,scr2012,dem,electricity
DK,h2139,16.23305401957786,scr2012,dem,electricity
DK,h2140,16.02407649644041,scr2012,dem,electricity
DK,h2141,15.956299783838517,scr2012,dem,electricity
DK,h2142,16.15021451198774,scr2012,dem,electricity
DK,h2143,16.50158189254936,scr2012,dem,electricity
DK,h2144,16.822615052748652,scr2012,dem,electricity
DK,h2145,16.91793656595249,scr2012,dem,electricity
DK,h2146,16.755225646859394,scr2012,dem,electricity
DK,h2147,16.4048447892493,scr2012,dem,electricity
DK,h2148,15.935272012978178,scr2012,dem,electricity
DK,h2149,15.389219904701784,scr2012,dem,electricity
DK,h2150,14.81982500268903,scr2012,dem,electricity
DK,h2151,14.361003442518502,scr2012,dem,electricity
DK,h2152,14.268910258471507,scr2012,dem,electricity
DK,h2153,14.650590733732955,scr2012,dem,electricity
DK,h2154,15.153724867880173,scr2012,dem,electricity
DK,h2155,15.298898192737951,scr2012,dem,electricity
DK,h2156,14.998354994740403,scr2012,dem,electricity
DK,h2157,14.696305609968183,scr2012,dem,electricity
DK,h2158,14.62451367661571,scr2012,dem,electricity
DK,h2159,14.638904597086999,scr2012,dem,electricity
DK,h2160,14.621155476646267,scr2012,dem,electricity
EE,h1441,3.6549978234951563,scr2012,dem,electricity
EE,h1442,3.665832628864126,scr2012,dem,electricity
EE,h1443,3.668423767893128,scr2012,dem,electricity
EE,h1444,3.66765182545322,scr2012,dem,electricity
EE,h1445,3.706669754243126,scr2012,dem,electricity
EE,h1446,3.833988928610805,scr2012,dem,electricity
EE,h1447,4.018988691532386,scr2012,dem,electricity
EE,h1448,4.208279620625418,scr2012,dem,electricity
EE,h1449,4.305135857780936,scr2012,dem,electricity
EE,h1450,4.298371921811244,scr2012,dem,electricity
EE,h1451,4.199962861226738,scr2012,dem,electricity
EE,h1452,4.069654027632616,scr2012,dem,electricity
EE,h1453,3.947193909068313,scr2012,dem,electricity
EE,h1454,3.843325490819773,scr2012,dem,electricity
EE,h1455,3.774965308341018,scr2012,dem,electricity
EE,h1456,3.784499098408408,scr2012,dem,electricity
EE,h1457,3.915168567653087,scr2012,dem,electricity
EE,h1458,4.089530963892143,scr2012,dem,electricity
EE,h1459,4.151559402844693,scr2012,dem,electricity
EE,h1460,4.071349537410662,scr2012,dem,electricity
EE,h1461,3.950346180581552,scr2012,dem,electricity
EE,h1462,3.8870250596437033,scr2012,dem,electricity
EE,h1463,3.8409738041536747,scr2012,dem,electricity
EE,h1464,3.8017907253623964,scr2012,dem,electricity
EE,h1465,3.78102912249,scr2012,dem,electricity
EE,h1466,3.7908896440072932,scr2012,dem,electricity
EE,h1467,3.7888287060609596,scr2012,dem,electricity
EE,h1468,3.7810799134314586,scr2012,dem,electricity
EE,h1469,3.8034027632226834,scr2012,dem,electricity
EE,h1470,3.8804360951832257,scr2012,dem,electricity
EE,h1471,4.007690821376096,scr2012,dem,electricity
EE,h1472,4.14403103754631,scr2012,dem,electricity
EE,h1473,4.234402862990808,scr2012,dem,electricity
EE,h1474,4.2328381193786235,scr2012,dem,electricity
EE,h1475,4.155494671658754,scr2012,dem,electricity
EE,h1476,4.032241067691669,scr2012,dem,electricity
EE,h1477,3.902634847262403,scr2012,dem,electricity
EE,h1478,3.787268337283059,scr2012,dem,electricity
EE,h1479,3.713743024659521,scr2012,dem,electricity
EE,h1480,3.7351556990008286,scr2012,dem,electricity
EE,h1481,3.8730548160904847,scr2012,dem,electricity
EE,h1482,4.062742816070798,scr2012,dem,electricity
EE,h1483,4.1379405073283255,scr2012,dem,electricity
EE,h1484,4.07472556427636,scr2012,dem,electricity
EE,h1485,3.9625119746941535,scr2012,dem,electricity
EE,h1486,3.9088840022770803,scr2012,dem,electricity
EE,h1487,3.870140238692528,scr2012,dem,electricity
EE,h1488,3.8349623373648494,scr2012,dem,electricity
EE,h1489,3.814161207739594,scr2012,dem,electricity
EE,h1490,3.822277309384131,scr2012,dem,electricity
EE,h1491,3.8174664325293195,scr2012,dem,electricity
EE,h1492,3.805980872531843,scr2012,dem,electricity
EE,h1493,3.8187413440624343,scr2012,dem,electricity
EE,h1494,3.882788286735438,scr2012,dem,electricity
EE,h1495,3.991657496535909,scr2012,dem,electricity
EE,h1496,4.109974128207773,scr2012,dem,electricity
EE,h1497,4.185765870132947,scr2012,dem,electricity
EE,h1498,4.177776310880398,scr2012,dem,electricity
EE,h1499,4.101803823245172,scr2012,dem,electricity
EE,h1500,3.9837027960352827,scr2012,dem,electricity
EE,h1501,3.858800141574611,scr2012,dem,electricity
EE,h1502,3.7406415630107044,scr2012,dem,electricity
EE,h1503,3.6590494370940423,scr2012,dem,electricity
EE,h1504,3.673077320763985,scr2012,dem,electricity
EE,h1505,3.8092815513598035,scr2012,dem,electricity
EE,h1506,4.000687671888011,scr2012,dem,electricity
EE,h1507,4.082444800341717,scr2012,dem,electricity
EE,h1508,4.022628985032079,scr2012,dem,electricity
EE,h1509,3.9103501609225053,scr2012,dem,electricity
EE,h1510,3.8441445165171495,scr2012,dem,electricity
EE,h1511,3.7889851393555345,scr2012,dem,electricity
EE,h1512,3.7399783646517486,scr2012,dem,electricity
EE,h1513,3.706735067018954,scr2012,dem,electricity
EE,h1514,3.707994482185033,scr2012,dem,electricity
EE,h1515,3.698159278931681,scr2012,dem,electricity
EE,h1516,3.68805638709472,scr2012,dem,electricity
EE,h1517,3.7185637473059368,scr2012,dem,electricity
EE,h1518,3.8350031006206105,scr2012,dem,electricity
EE,h1519,4.012329813091585,scr2012,dem,electricity
EE,h1520,4.192557938520497,scr2012,dem,electricity
EE,h1521,4.286813884918619,scr2012,dem,electricity
EE,h1522,4.2674916282486555,scr2012,dem,electricity
EE,h1523,4.163432415705356,scr2012,dem,electricity
EE,h1524,4.01823765939896,scr2012,dem,electricity
EE,h1525,3.885010040048043,scr2012,dem,electricity
EE,h1526,3.76294985400216,scr2012,dem,electricity
EE,h1527,3.6821866636653757,scr2012,dem,electricity
EE,h1528,3.677348073293974,scr2012,dem,electricity
EE,h1529,3.785881039765581,scr2012,dem,electricity
EE,h1530,3.9427294628177885,scr2012,dem,electricity
EE,h1531,3.9982284195575657,scr2012,dem,electricity
EE,h1532,3.9234203297035704,scr2012,dem,electricity
EE,h1533,3.7965761451172075,scr2012,dem,electricity
EE,h1534,3.7140583646789342,scr2012,dem,electricity
EE,h1535,3.643271386116507,scr2012,dem,electricity
EE,h1536,3.584321029068482,scr2012,dem,electricity
EE,h1537,3.549076260330897,scr2012,dem,electricity
EE,h1538,3.54663638584484,scr2012,dem,electricity
EE,h1539,3.5375118875098526,scr2012,dem,electricity
EE,h1540,3.5248874569166664,scr2012,dem,electricity
EE,h1541,3.55265309734786,scr2012,dem,electricity
EE,h1542,3.6593146891577337,scr2012,dem,electricity
EE,h1543,3.8224057924660846,scr2012,dem,electricity
EE,h1544,3.9904732104843035,scr2012,dem,electricity
EE,h1545,4.075312279709721,scr2012,dem,electricity
EE,h1546,4.059854838536386,scr2012,dem,electricity
EE,h1547,3.9566929549469005,scr2012,dem,electricity
EE,h1548,3.8243756473863626,scr2012,dem,electricity
EE,h1549,3.699203945836743,scr2012,dem,electricity
EE,h1550,3.5935199316384834,scr2012,dem,electricity
EE,h1551,3.5222582397401143,scr2012,dem,electricity
EE,h1552,3.520698785711668,scr2012,dem,electricity
EE,h1553,3.621230579633435,scr2012,dem,electricity
EE,h1554,3.7731893127734644,scr2012,dem,electricity
EE,h1555,3.8266687478358623,scr2012,dem,electricity
EE,h1556,3.7596326802340063,scr2012,dem,electricity
EE,h1557,3.636784409371097,scr2012,dem,electricity
EE,h1558,3.5578722597407526,scr2012,dem,electricity
EE,h1559,3.4870655582329633,scr2012,dem,electricity
EE,h1560,3.42525742060914,scr2012,dem,electricity
EE,h1561,3.3876613974117937,scr2012,dem,electricity
EE,h1562,3.383772220543519,scr2012,dem,electricity
EE,h1563,3.375167104299812,scr2012,dem,electricity
EE,h1564,3.363900682453125,scr2012,dem,electricity
EE,h1565,3.392496798837904,scr2012,dem,electricity
EE,h1566,3.495987250079562,scr2012,dem,electricity
EE,h1567,3.658134446836602,scr2012,dem,electricity
EE,h1568,3.8256709332384875,scr2012,dem,electricity
EE,h1569,3.915973016888232,scr2012,dem,electricity
EE,h1570,3.906333018214382,scr2012,dem,electricity
EE,h1571,3.8139475205281523,scr2012,dem,electricity
EE,h1572,3.6919075666314076,scr2012,dem,electricity
EE,h1573,3.5780323001490615,scr2012,dem,electricity
EE,h1574,3.478017197198516,scr2012,dem,electricity
EE,h1575,3.41153196240171,scr2012,dem,electricity
EE,h1576,3.4095807101641014,scr2012,dem,electricity
EE,h1577,3.5063695633196925,scr2012,dem,electricity
EE,h1578,3.6527294307715983,scr2012,dem,electricity
EE,h1579,3.7063045114739657,scr2012,dem,electricity
EE,h1580,3.6453998762758477,scr2012,dem,electricity
EE,h1581,3.5310107343608177,scr2012,dem,electricity
EE,h1582,3.456668903699549,scr2012,dem,electricity
EE,h1583,3.390018266082006,scr2012,dem,electricity
EE,h1584,3.331017278652085,scr2012,dem,electricity
EE,h1585,3.2962986360951554,scr2012,dem,electricity
EE,h1586,3.2949223449506415,scr2012,dem,electricity
EE,h1587,3.2896503132609936,scr2012,dem,electricity
EE,h1588,3.283378272058998,scr2012,dem,electricity
EE,h1589,3.31667775452637,scr2012,dem,electricity
EE,h1590,3.423627435102177,scr2012,dem,electricity
EE,h1591,3.5879191442036347,scr2012,dem,electricity
EE,h1592,3.758331050954094,scr2012,dem,electricity
EE,h1593,3.852543682126989,scr2012,dem,electricity
EE,h1594,3.848409958547917,scr2012,dem,electricity
EE,h1595,3.7608203764903347,scr2012,dem,electricity
EE,h1596,3.644693865298906,scr2012,dem,electricity
EE,h1597,3.5363517858249076,scr2012,dem,electricity
EE,h1598,3.4438084478096442,scr2012,dem,electricity
EE,h1599,3.3829908735589322,scr2012,dem,electricity
EE,h1600,3.383962087030792,scr2012,dem,electricity
EE,h1601,3.481226518940561,scr2012,dem,electricity
EE,h1602,3.6315601871658743,scr2012,dem,electricity
EE,h1603,3.6934592684021377,scr2012,dem,electricity
EE,h1604,3.6401020597656912,scr2012,dem,electricity
EE,h1605,3.5288145982284123,scr2012,dem,electricity
EE,h1606,3.456175151323094,scr2012,dem,electricity
EE,h1607,3.392053515722291,scr2012,dem,electricity
EE,h1608,3.3373699957599903,scr2012,dem,electricity
EE,h1609,3.3057715146294617,scr2012,dem,electricity
EE,h1610,3.308555277076136,scr2012,dem,electricity
EE,h1611,3.3061384596360877,scr2012,dem,electricity
EE,h1612,3.301713121069772,scr2012,dem,electricity
EE,h1613,3.3339123207832757,scr2012,dem,electricity
EE,h1614,3.4442079894257343,scr2012,dem,electricity
EE,h1615,3.6107957623593956,scr2012,dem,electricity
EE,h1616,3.7836110647669776,scr2012,dem,electricity
EE,h1617,3.8758879346768857,scr2012,dem,electricity
EE,h1618,3.8703594609878045,scr2012,dem,electricity
EE,h1619,3.779066060916021,scr2012,dem,electricity
EE,h1620,3.6577467543867477,scr2012,dem,electricity
EE,h1621,3.544784759350941,scr2012,dem,electricity
EE,h1622,3.4489350593875154,scr2012,dem,electricity
EE,h1623,3.383282758842868,scr2012,dem,electricity
EE,h1624,3.3820058169749263,scr2012,dem,electricity
EE,h1625,3.479478248022022,scr2012,dem,electricity
EE,h1626,3.622507219800218,scr2012,dem,electricity
EE,h1627,3.672059967633738,scr2012,dem,electricity
EE,h1628,3.603930836136735,scr2012,dem,electricity
EE,h1629,3.4900445416535426,scr2012,dem,electricity
EE,h1630,3.41909182038706,scr2012,dem,electricity
EE,h1631,3.3591337692521175,scr2012,dem,electricity
EE,h1632,3.3043397710465383,scr2012,dem,electricity
EE,h1633,3.268291037037925,scr2012,dem,electricity
EE,h1634,3.262324468903782,scr2012,dem,electricity
EE,h1635,3.2491286095545155,scr2012,dem,electricity
EE,h1636,3.2327876830818405,scr2012,dem,electricity
EE,h1637,3.241301416989888,scr2012,dem,electricity
EE,h1638,3.2961830069878153,scr2012,dem,electricity
EE,h1639,3.396317763922286,scr2012,dem,electricity
EE,h1640,3.5109408930011985,scr2012,dem,electricity
EE,h1641,3.5900357794681796,scr2012,dem,electricity
EE,h1642,3.5886204090550824,scr2012,dem,electricity
EE,h1643,3.5215714382718284,scr2012,dem,electricity
EE,h1644,3.4129489393110024,scr2012,dem,electricity
EE,h1645,3.301976694108784,scr2012,dem,electricity
EE,h1646,3.200725607400391,scr2012,dem,electricity
EE,h1647,3.1328210638205514,scr2012,dem,electricity
EE,h1648,3.1440686912764617,scr2012,dem,electricity
EE,h1649,3.2445885391631006,scr2012,dem,electricity
EE,h1650,3.3987240780146033,scr2012,dem,electricity
EE,h1651,3.461151953001535,scr2012,dem,electricity
EE,h1652,3.4154410672734317,scr2012,dem,electricity
EE,h1653,3.3174542891286456,scr2012,dem,electricity
EE,h1654,3.2615977094223156,scr2012,dem,electricity
EE,h1655,3.2151692641551874,scr2012,dem,electricity
EE,h1656,3.172532293780385,scr2012,dem,electricity
EE,h1657,3.14366809627173,scr2012,dem,electricity
EE,h1658,3.1437220371170196,scr2012,dem,electricity
EE,h1659,3.13873434999061,scr2012,dem,electricity
EE,h1660,3.131422716930619,scr2012,dem,electricity
EE,h1661,3.144520998835514,scr2012,dem,electricity
EE,h1662,3.200042486952972,scr2012,dem,electricity
EE,h1663,3.29590961953558,scr2012,dem,electricity
EE,h1664,3.4084215319404674,scr2012,dem,electricity
EE,h1665,3.493588980395266,scr2012,dem,electricity
EE,h1666,3.5096161394275964,scr2012,dem,electricity
EE,h1667,3.466193492667291,scr2012,dem,electricity
EE,h1668,3.383706244187839,scr2012,dem,electricity
EE,h1669,3.295642563624247,scr2012,dem,electricity
EE,h1670,3.212990205329917,scr2012,dem,electricity
EE,h1671,3.161316715664286,scr2012,dem,electricity
EE,h1672,3.191707015988426,scr2012,dem,electricity
EE,h1673,3.3232554065191025,scr2012,dem,electricity
EE,h1674,3.513284166849608,scr2012,dem,electricity
EE,h1675,3.6147784742646696,scr2012,dem,electricity
EE,h1676,3.6009544661788313,scr2012,dem,electricity
EE,h1677,3.5317800134919395,scr2012,dem,electricity
EE,h1678,3.495862922106893,scr2012,dem,electricity
EE,h1679,3.465233296697867,scr2012,dem,electricity
EE,h1680,3.4412029359632257,scr2012,dem,electricity
EE,h1681,3.43507547524682,scr2012,dem,electricity
EE,h1682,3.4647934505477416,scr2012,dem,electricity
EE,h1683,3.487297043327734,scr2012,dem,electricity
EE,h1684,3.510045040909925,scr2012,dem,electricity
EE,h1685,3.57201178421911,scr2012,dem,electricity
EE,h1686,3.7178165541905046,scr2012,dem,electricity
EE,h1687,3.9277842491744153,scr2012,dem,electricity
EE,h1688,4.143868042889932,scr2012,dem,electricity
EE,h1689,4.278070143136747,scr2012,dem,electricity
EE,h1690,4.297101460203531,scr2012,dem,electricity
EE,h1691,4.227531631648017,scr2012,dem,electricity
EE,h1692,4.114217014597541,scr2012,dem,electricity
EE,h1693,4.00881307409388,scr2012,dem,electricity
EE,h1694,3.91368726328602,scr2012,dem,electricity
EE,h1695,3.8589656290586105,scr2012,dem,electricity
EE,h1696,3.883676468625128,scr2012,dem,electricity
EE,h1697,4.024933956847635,scr2012,dem,electricity
EE,h1698,4.219232014003419,scr2012,dem,electricity
EE,h1699,4.308109459535902,scr2012,dem,electricity
EE,h1700,4.260542858132629,scr2012,dem,electricity
EE,h1701,4.15847071716856,scr2012,dem,electricity
EE,h1702,4.104211541746611,scr2012,dem,electricity
EE,h1703,4.0639957739124535,scr2012,dem,electricity
EE,h1704,4.0363627957547275,scr2012,dem,electricity
EE,h1705,4.032626384683809,scr2012,dem,electricity
EE,h1706,4.064511583995246,scr2012,dem,electricity
EE,h1707,4.081668972082076,scr2012,dem,electricity
EE,h1708,4.0911429065342135,scr2012,dem,electricity
EE,h1709,4.142144546933503,scr2012,dem,electricity
EE,h1710,4.278429016570145,scr2012,dem,electricity
EE,h1711,4.47707191892257,scr2012,dem,electricity
EE,h1712,4.676722628061275,scr2012,dem,electricity
EE,h1713,4.781839696152703,scr2012,dem,electricity
EE,h1714,4.767835936607494,scr2012,dem,electricity
EE,h1715,4.6559535365336275,scr2012,dem,electricity
EE,h1716,4.509733814228438,scr2012,dem,electricity
EE,h1717,4.368817464987027,scr2012,dem,electricity
EE,h1718,4.244192832019189,scr2012,dem,electricity
EE,h1719,4.15861366429631,scr2012,dem,electricity
EE,h1720,4.159437688151946,scr2012,dem,electricity
EE,h1721,4.286650584399261,scr2012,dem,electricity
EE,h1722,4.467595275427551,scr2012,dem,electricity
EE,h1723,4.534030108231883,scr2012,dem,electricity
EE,h1724,4.450785168281113,scr2012,dem,electricity
EE,h1725,4.313163201257689,scr2012,dem,electricity
EE,h1726,4.228844931894189,scr2012,dem,electricity
EE,h1727,4.159934102962999,scr2012,dem,electricity
EE,h1728,4.101211966019157,scr2012,dem,electricity
EE,h1729,4.065239768078038,scr2012,dem,electricity
EE,h1730,4.065987296824358,scr2012,dem,electricity
EE,h1731,4.051810695583192,scr2012,dem,electricity
EE,h1732,4.030672549866067,scr2012,dem,electricity
EE,h1733,4.050732262879816,scr2012,dem,electricity
EE,h1734,4.1535296037142855,scr2012,dem,electricity
EE,h1735,4.320642848408161,scr2012,dem,electricity
EE,h1736,4.48894956401437,scr2012,dem,electricity
EE,h1737,4.568275416158013,scr2012,dem,electricity
EE,h1738,4.531310605653983,scr2012,dem,electricity
EE,h1739,4.405183780657691,scr2012,dem,electricity
EE,h1740,4.248359384242823,scr2012,dem,electricity
EE,h1741,4.102690379970095,scr2012,dem,electricity
EE,h1742,3.9717584921151827,scr2012,dem,electricity
EE,h1743,3.880658040837078,scr2012,dem,electricity
EE,h1744,3.8672734855029773,scr2012,dem,electricity
EE,h1745,3.9704089963885467,scr2012,dem,electricity
EE,h1746,4.123356670292393,scr2012,dem,electricity
EE,h1747,4.175687751205001,scr2012,dem,electricity
EE,h1748,4.0941633135522,scr2012,dem,electricity
EE,h1749,3.962796063928869,scr2012,dem,electricity
EE,h1750,3.8758530506877804,scr2012,dem,electricity
EE,h1751,3.801955031379803,scr2012,dem,electricity
EE,h1752,3.736708620532606,scr2012,dem,electricity
EE,h1753,3.695025737156871,scr2012,dem,electricity
EE,h1754,3.6895870525709986,scr2012,dem,electricity
EE,h1755,3.6736982578352024,scr2012,dem,electricity
EE,h1756,3.65474408047935,scr2012,dem,electricity
EE,h1757,3.6749594206499387,scr2012,dem,electricity
EE,h1758,3.772876968877464,scr2012,dem,electricity
EE,h1759,3.931531771349461,scr2012,dem,electricity
EE,h1760,4.094905808508071,scr2012,dem,electricity
EE,h1761,4.177000370349214,scr2012,dem,electricity
EE,h1762,4.151625292893328,scr2012,dem,electricity
EE,h1763,4.040068621075782,scr2012,dem,electricity
EE,h1764,3.9001064780430497,scr2012,dem,electricity
EE,h1765,3.770183471649996,scr2012,dem,electricity
EE,h1766,3.6560034027967325,scr2012,dem,electricity
EE,h1767,3.575772564165496,scr2012,dem,electricity
EE,h1768,3.5623090140464884,scr2012,dem,electricity
EE,h1769,3.6513154002897745,scr2012,dem,electricity
EE,h1770,3.789780669156886,scr2012,dem,electricity
EE,h1771,3.841912183513018,scr2012,dem,electricity
EE,h1772,3.772436797288558,scr2012,dem,electricity
EE,h1773,3.6508102902624753,scr2012,dem,electricity
EE,h1774,3.5645961754318094,scr2012,dem,electricity
EE,h1775,3.4887039807368394,scr2012,dem,electricity
EE,h1776,3.421986309984421,scr2012,dem,electricity
EE,h1777,3.3779521162666244,scr2012,dem,electricity
EE,h1778,3.368326801086489,scr2012,dem,electricity
EE,h1779,3.3531606547121715,scr2012,dem,electricity
EE,h1780,3.336032987496537,scr2012,dem,electricity
EE,h1781,3.35477198799315,scr2012,dem,electricity
EE,h1782,3.448542499450191,scr2012,dem,electricity
EE,h1783,3.6014528295724997,scr2012,dem,electricity
EE,h1784,3.761030350965994,scr2012,dem,electricity
EE,h1785,3.8437904618445518,scr2012,dem,electricity
EE,h1786,3.8269697899592123,scr2012,dem,electricity
EE,h1787,3.7262440736611357,scr2012,dem,electricity
EE,h1788,3.5970454031392824,scr2012,dem,electricity
EE,h1789,3.4777306381455673,scr2012,dem,electricity
EE,h1790,3.376666011728422,scr2012,dem,electricity
EE,h1791,3.304813002602233,scr2012,dem,electricity
EE,h1792,3.295444189687309,scr2012,dem,electricity
EE,h1793,3.3784761726414225,scr2012,dem,electricity
EE,h1794,3.5061906931181266,scr2012,dem,electricity
EE,h1795,3.549681075515791,scr2012,dem,electricity
EE,h1796,3.4850932040486957,scr2012,dem,electricity
EE,h1797,3.3768394689716135,scr2012,dem,electricity
EE,h1798,3.3036514139828177,scr2012,dem,electricity
EE,h1799,3.2392023378738415,scr2012,dem,electricity
EE,h1800,3.179580567534646,scr2012,dem,electricity
EE,h1801,3.1388771173940984,scr2012,dem,electricity
EE,h1802,3.128754951996626,scr2012,dem,electricity
EE,h1803,3.1126715932555964,scr2012,dem,electricity
EE,h1804,3.09452710722306,scr2012,dem,electricity
EE,h1805,3.0976462066734016,scr2012,dem,electricity
EE,h1806,3.1463211901600907,scr2012,dem,electricity
EE,h1807,3.2391024078653983,scr2012,dem,electricity
EE,h1808,3.3500940455983295,scr2012,dem,electricity
EE,h1809,3.425014155951385,scr2012,dem,electricity
EE,h1810,3.4219053404379838,scr2012,dem,electricity
EE,h1811,3.3559912068892515,scr2012,dem,electricity
EE,h1812,3.2514719133134165,scr2012,dem,electricity
EE,h1813,3.14690814774638,scr2012,dem,electricity
EE,h1814,3.049155803449746,scr2012,dem,electricity
EE,h1815,2.9808103275607065,scr2012,dem,electricity
EE,h1816,2.9881048665960206,scr2012,dem,electricity
EE,h1817,3.076574586203068,scr2012,dem,electricity
EE,h1818,3.215414367626132,scr2012,dem,electricity
EE,h1819,3.271200442639027,scr2012,dem,electricity
EE,h1820,3.2276429926432733,scr2012,dem,electricity
EE,h1821,3.1356021314893052,scr2012,dem,electricity
EE,h1822,3.0761901487131724,scr2012,dem,electricity
EE,h1823,3.024321403785858,scr2012,dem,electricity
EE,h1824,2.9745508066264197,scr2012,dem,electricity
EE,h1825,2.9367576485450044,scr2012,dem,electricity
EE,h1826,2.927026389795784,scr2012,dem,electricity
EE,h1827,2.9138712306273558,scr2012,dem,electricity
EE,h1828,2.8987511776854986,scr2012,dem,electricity
EE,h1829,2.900039133959653,scr2012,dem,electricity
EE,h1830,2.940317234402241,scr2012,dem,electricity
EE,h1831,3.017431515044444,scr2012,dem,electricity
EE,h1832,3.113916209347215,scr2012,dem,electricity
EE,h1833,3.1865032895684893,scr2012,dem,electricity
EE,h1834,3.1950813076383007,scr2012,dem,electricity
EE,h1835,3.1465355844385425,scr2012,dem,electricity
EE,h1836,3.060077688744881,scr2012,dem,electricity
EE,h1837,2.9696179217268224,scr2012,dem,electricity
EE,h1838,2.8841479704806616,scr2012,dem,electricity
EE,h1839,2.826210435016824,scr2012,dem,electricity
EE,h1840,2.838824712006861,scr2012,dem,electricity
EE,h1841,2.9347038848156535,scr2012,dem,electricity
EE,h1842,3.0792134962549063,scr2012,dem,electricity
EE,h1843,3.151847739646745,scr2012,dem,electricity
EE,h1844,3.1313996139727402,scr2012,dem,electricity
EE,h1845,3.060552359005683,scr2012,dem,electricity
EE,h1846,3.007122767415165,scr2012,dem,electricity
EE,h1847,2.949398328377831,scr2012,dem,electricity
EE,h1848,2.8945030673236087,scr2012,dem,electricity
EE,h1849,2.856833643115983,scr2012,dem,electricity
EE,h1850,2.853413089242254,scr2012,dem,electricity
EE,h1851,2.847937828375025,scr2012,dem,electricity
EE,h1852,2.843871179688352,scr2012,dem,electricity
EE,h1853,2.8694602930655386,scr2012,dem,electricity
EE,h1854,2.9702664975897446,scr2012,dem,electricity
EE,h1855,3.1288727273719408,scr2012,dem,electricity
EE,h1856,3.3009902709433936,scr2012,dem,electricity
EE,h1857,3.403851967186785,scr2012,dem,electricity
EE,h1858,3.4099003311241227,scr2012,dem,electricity
EE,h1859,3.3379052101151023,scr2012,dem,electricity
EE,h1860,3.2300846836750905,scr2012,dem,electricity
EE,h1861,3.1314173991615215,scr2012,dem,electricity
EE,h1862,3.044140619614,scr2012,dem,electricity
EE,h1863,2.9857515024940904,scr2012,dem,electricity
EE,h1864,2.9780561403155907,scr2012,dem,electricity
EE,h1865,3.046069850688543,scr2012,dem,electricity
EE,h1866,3.152360792575979,scr2012,dem,electricity
EE,h1867,3.1937728086131605,scr2012,dem,electricity
EE,h1868,3.144579886366651,scr2012,dem,electricity
EE,h1869,3.050835709832852,scr2012,dem,electricity
EE,h1870,2.9736281979963812,scr2012,dem,electricity
EE,h1871,2.8969469068309244,scr2012,dem,electricity
EE,h1872,2.8268167422845676,scr2012,dem,electricity
EE,h1873,2.7823748023404455,scr2012,dem,electricity
EE,h1874,2.772015107462495,scr2012,dem,electricity
EE,h1875,2.7603861032175536,scr2012,dem,electricity
EE,h1876,2.7485987721970244,scr2012,dem,electricity
EE,h1877,2.767428876103977,scr2012,dem,electricity
EE,h1878,2.8524618111948516,scr2012,dem,electricity
EE,h1879,2.990211720596675,scr2012,dem,electricity
EE,h1880,3.141972615379013,scr2012,dem,electricity
EE,h1881,3.229698934046464,scr2012,dem,electricity
EE,h1882,3.229436429230161,scr2012,dem,electricity
EE,h1883,3.153893940257633,scr2012,dem,electricity
EE,h1884,3.0537835121730708,scr2012,dem,electricity
EE,h1885,2.962748406320853,scr2012,dem,electricity
EE,h1886,2.8862629698195343,scr2012,dem,electricity
EE,h1887,2.8334667185581046,scr2012,dem,electricity
EE,h1888,2.8284607847093746,scr2012,dem,electricity
EE,h1889,2.895663712685495,scr2012,dem,electricity
EE,h1890,3.0017586092173927,scr2012,dem,electricity
EE,h1891,3.0505478190491595,scr2012,dem,electricity
EE,h1892,3.0117836028793663,scr2012,dem,electricity
EE,h1893,2.9296565226575764,scr2012,dem,electricity
EE,h1894,2.8593240790448786,scr2012,dem,electricity
EE,h1895,2.788116633772729,scr2012,dem,electricity
EE,h1896,2.723110069136576,scr2012,dem,electricity
EE,h1897,2.683369880528987,scr2012,dem,electricity
EE,h1898,2.6784543814031214,scr2012,dem,electricity
EE,h1899,2.674027688704389,scr2012,dem,electricity
EE,h1900,2.6706533663678513,scr2012,dem,electricity
EE,h1901,2.6971363062202456,scr2012,dem,electricity
EE,h1902,2.788570904697143,scr2012,dem,electricity
EE,h1903,2.935635420421061,scr2012,dem,electricity
EE,h1904,3.0970027351895295,scr2012,dem,electricity
EE,h1905,3.195571113712069,scr2012,dem,electricity
EE,h1906,3.203501779445648,scr2012,dem,electricity
EE,h1907,3.138559839093433,scr2012,dem,electricity
EE,h1908,3.0477797956260497,scr2012,dem,electricity
EE,h1909,2.966842249494268,scr2012,dem,electricity
EE,h1910,2.8965797147780425,scr2012,dem,electricity
EE,h1911,2.850912138021721,scr2012,dem,electricity
EE,h1912,2.852269550608675,scr2012,dem,electricity
EE,h1913,2.926946629356254,scr2012,dem,electricity
EE,h1914,3.037495988815944,scr2012,dem,electricity
EE,h1915,3.089534878937121,scr2012,dem,electricity
EE,h1916,3.0534895200225063,scr2012,dem,electricity
EE,h1917,2.9767495392627565,scr2012,dem,electricity
EE,h1918,2.9114840815394922,scr2012,dem,electricity
EE,h1919,2.845937389021949,scr2012,dem,electricity
EE,h1920,2.7853839816467225,scr2012,dem,electricity
EE,h1921,2.7496974840233133,scr2012,dem,electricity
EE,h1922,2.7478424546447653,scr2012,dem,electricity
EE,h1923,2.745995052322415,scr2012,dem,electricity
EE,h1924,2.745882298572428,scr2012,dem,electricity
EE,h1925,2.7750876779644154,scr2012,dem,electricity
EE,h1926,2.870946885498733,scr2012,dem,electricity
EE,h1927,3.022261327088053,scr2012,dem,electricity
EE,h1928,3.1885662750431534,scr2012,dem,electricity
EE,h1929,3.288594544151204,scr2012,dem,electricity
EE,h1930,3.2962326845021415,scr2012,dem,electricity
EE,h1931,3.227420599580565,scr2012,dem,electricity
EE,h1932,3.1325438751273276,scr2012,dem,electricity
EE,h1933,3.0468116635269666,scr2012,dem,electricity
EE,h1934,2.974831630973677,scr2012,dem,electricity
EE,h1935,2.926916801177193,scr2012,dem,electricity
EE,h1936,2.9266357023306413,scr2012,dem,electricity
EE,h1937,2.999652484010393,scr2012,dem,electricity
EE,h1938,3.1102627828073395,scr2012,dem,electricity
EE,h1939,3.163215278485715,scr2012,dem,electricity
EE,h1940,3.125400879485464,scr2012,dem,electricity
EE,h1941,3.044785032172489,scr2012,dem,electricity
EE,h1942,2.9758907099854897,scr2012,dem,electricity
EE,h1943,2.9081457999873783,scr2012,dem,electricity
EE,h1944,2.8467064859590754,scr2012,dem,electricity
EE,h1945,2.808714433591225,scr2012,dem,electricity
EE,h1946,2.8037014091256407,scr2012,dem,electricity
EE,h1947,2.798997428298512,scr2012,dem,electricity
EE,h1948,2.794549006423055,scr2012,dem,electricity
EE,h1949,2.8213017148799024,scr2012,dem,electricity
EE,h1950,2.913280572031279,scr2012,dem,electricity
EE,h1951,3.0626725167064075,scr2012,dem,electricity
EE,h1952,3.222196598240647,scr2012,dem,electricity
EE,h1953,3.3165937843873223,scr2012,dem,electricity
EE,h1954,3.318840227968734,scr2012,dem,electricity
EE,h1955,3.243802119033609,scr2012,dem,electricity
EE,h1956,3.1422821538959496,scr2012,dem,electricity
EE,h1957,3.049404649247502,scr2012,dem,electricity
EE,h1958,2.971516836163554,scr2012,dem,electricity
EE,h1959,2.915525116862124,scr2012,dem,electricity
EE,h1960,2.908175399509314,scr2012,dem,electricity
EE,h1961,2.97641172723716,scr2012,dem,electricity
EE,h1962,3.0793490936692938,scr2012,dem,electricity
EE,h1963,3.1198820999804426,scr2012,dem,electricity
EE,h1964,3.0712693128905775,scr2012,dem,electricity
EE,h1965,2.987974924336604,scr2012,dem,electricity
EE,h1966,2.921989453145987,scr2012,dem,electricity
EE,h1967,2.8587624832928937,scr2012,dem,electricity
EE,h1968,2.7976277820257676,scr2012,dem,electricity
EE,h1969,2.7552899641086888,scr2012,dem,electricity
EE,h1970,2.7428135843658223,scr2012,dem,electricity
EE,h1971,2.7278057438898777,scr2012,dem,electricity
EE,h1972,2.7128048464826633,scr2012,dem,electricity
EE,h1973,2.7130759453582094,scr2012,dem,electricity
EE,h1974,2.7544531921071265,scr2012,dem,electricity
EE,h1975,2.8375221111525093,scr2012,dem,electricity
EE,h1976,2.9444999923744266,scr2012,dem,electricity
EE,h1977,3.0204765153642885,scr2012,dem,electricity
EE,h1978,3.026511852059601,scr2012,dem,electricity
EE,h1979,2.9730175625478905,scr2012,dem,electricity
EE,h1980,2.885273548649442,scr2012,dem,electricity
EE,h1981,2.7978421945435192,scr2012,dem,electricity
EE,h1982,2.7146482158256267,scr2012,dem,electricity
EE,h1983,2.655288691134399,scr2012,dem,electricity
EE,h1984,2.6591559932618423,scr2012,dem,electricity
EE,h1985,2.7314485100454045,scr2012,dem,electricity
EE,h1986,2.8432829520023057,scr2012,dem,electricity
EE,h1987,2.890373555010687,scr2012,dem,electricity
EE,h1988,2.855164920985234,scr2012,dem,electricity
EE,h1989,2.7823985557291797,scr2012,dem,electricity
EE,h1990,2.726936954187846,scr2012,dem,electricity
EE,h1991,2.6743216433952313,scr2012,dem,electricity
EE,h1992,2.6188561752941757,scr2012,dem,electricity
EE,h1993,2.5762126966635917,scr2012,dem,electricity
EE,h1994,2.5615403119563855,scr2012,dem,electricity
EE,h1995,2.548214401577782,scr2012,dem,electricity
EE,h1996,2.5343968049684205,scr2012,dem,electricity
EE,h1997,2.540108452214989,scr2012,dem,electricity
EE,h1998,2.5739969223147394,scr2012,dem,electricity
EE,h1999,2.6439202620314766,scr2012,dem,electricity
EE,h2000,2.72933745077033,scr2012,dem,electricity
EE,h2001,2.8012442444127466,scr2012,dem,electricity
EE,h2002,2.814726943431586,scr2012,dem,electricity
EE,h2003,2.7768050519333185,scr2012,dem,electricity
EE,h2004,2.7005519228427515,scr2012,dem,electricity
EE,h2005,2.6195697706483663,scr2012,dem,electricity
EE,h2006,2.539728995966404,scr2012,dem,electricity
EE,h2007,2.484797140632973,scr2012,dem,electricity
EE,h2008,2.4891668584509135,scr2012,dem,electricity
EE,h2009,2.558295944793142,scr2012,dem,electricity
EE,h2010,2.656830544152151,scr2012,dem,electricity
EE,h2011,2.6957421818794627,scr2012,dem,electricity
EE,h2012,2.695976781296909,scr2012,dem,electricity
EE,h2013,2.6615806685908012,scr2012,dem,electricity
EE,h2014,2.63504776605043,scr2012,dem,electricity
EE,h2015,2.5637867908847167,scr2012,dem,electricity
EE,h2016,2.493903160330627,scr2012,dem,electricity
EE,h2017,2.440857645481702,scr2012,dem,electricity
EE,h2018,2.4225868182647,scr2012,dem,electricity
EE,h2019,2.4097312818181384,scr2012,dem,electricity
EE,h2020,2.4023042435213555,scr2012,dem,electricity
EE,h2021,2.4271813054851243,scr2012,dem,electricity
EE,h2022,2.5184942859153963,scr2012,dem,electricity
EE,h2023,2.6659594318065265,scr2012,dem,electricity
EE,h2024,2.8253370798710407,scr2012,dem,electricity
EE,h2025,2.925346550342659,scr2012,dem,electricity
EE,h2026,2.9389431735132305,scr2012,dem,electricity
EE,h2027,2.8811732112069173,scr2012,dem,electricity
EE,h2028,2.7907240489912746,scr2012,dem,electricity
EE,h2029,2.707947753226656,scr2012,dem,electricity
EE,h2030,2.6357728307119395,scr2012,dem,electricity
EE,h2031,2.5873645746921485,scr2012,dem,electricity
EE,h2032,2.5744667043147005,scr2012,dem,electricity
EE,h2033,2.617053331947906,scr2012,dem,electricity
EE,h2034,2.6808405445150734,scr2012,dem,electricity
EE,h2035,2.6982806596116173,scr2012,dem,electricity
EE,h2036,2.678095093924873,scr2012,dem,electricity
EE,h2037,2.630533359657481,scr2012,dem,electricity
EE,h2038,2.5875545387474403,scr2012,dem,electricity
EE,h2039,2.5070441988380647,scr2012,dem,electricity
EE,h2040,2.4292832811814167,scr2012,dem,electricity
EE,h2041,2.3775134025729865,scr2012,dem,electricity
EE,h2042,2.3596439968211125,scr2012,dem,electricity
EE,h2043,2.349708882740464,scr2012,dem,electricity
EE,h2044,2.344669718776686,scr2012,dem,electricity
EE,h2045,2.3729821716665866,scr2012,dem,electricity
EE,h2046,2.458519085159091,scr2012,dem,electricity
EE,h2047,2.5960865765180774,scr2012,dem,electricity
EE,h2048,2.746759235976709,scr2012,dem,electricity
EE,h2049,2.8420949230084136,scr2012,dem,electricity
EE,h2050,2.8554021054157537,scr2012,dem,electricity
EE,h2051,2.7973187354522686,scr2012,dem,electricity
EE,h2052,2.7126725294551033,scr2012,dem,electricity
EE,h2053,2.6343151367437034,scr2012,dem,electricity
EE,h2054,2.5701028241723987,scr2012,dem,electricity
EE,h2055,2.527212988181777,scr2012,dem,electricity
EE,h2056,2.524063532935986,scr2012,dem,electricity
EE,h2057,2.574814481194238,scr2012,dem,electricity
EE,h2058,2.646746989506379,scr2012,dem,electricity
EE,h2059,2.6714884973272146,scr2012,dem,electricity
EE,h2060,2.66040499565802,scr2012,dem,electricity
EE,h2061,2.6218699051239875,scr2012,dem,electricity
EE,h2062,2.586067644451703,scr2012,dem,electricity
EE,h2063,2.510359778198004,scr2012,dem,electricity
EE,h2064,2.43805149846909,scr2012,dem,electricity
EE,h2065,2.3903444536081127,scr2012,dem,electricity
EE,h2066,2.3769220323325038,scr2012,dem,electricity
EE,h2067,2.37154958497864,scr2012,dem,electricity
EE,h2068,2.3710263649165837,scr2012,dem,electricity
EE,h2069,2.4035676894141664,scr2012,dem,electricity
EE,h2070,2.493583652580154,scr2012,dem,electricity
EE,h2071,2.638808780278695,scr2012,dem,electricity
EE,h2072,2.7959279338638625,scr2012,dem,electricity
EE,h2073,2.896471179579234,scr2012,dem,electricity
EE,h2074,2.9102174453001455,scr2012,dem,electricity
EE,h2075,2.8539677257252634,scr2012,dem,electricity
EE,h2076,2.7693367925721493,scr2012,dem,electricity
EE,h2077,2.6917524844551375,scr2012,dem,electricity
EE,h2078,2.624125463156698,scr2012,dem,electricity
EE,h2079,2.5794112161793783,scr2012,dem,electricity
EE,h2080,2.573945727613344,scr2012,dem,electricity
EE,h2081,2.6238732782679706,scr2012,dem,electricity
EE,h2082,2.690899441530697,scr2012,dem,electricity
EE,h2083,2.7102595822556643,scr2012,dem,electricity
EE,h2084,2.6939543651992603,scr2012,dem,electricity
EE,h2085,2.654467514681194,scr2012,dem,electricity
EE,h2086,2.616935880296774,scr2012,dem,electricity
EE,h2087,2.5399121392499135,scr2012,dem,electricity
EE,h2088,2.4641107860930727,scr2012,dem,electricity
EE,h2089,2.4124435736199676,scr2012,dem,electricity
EE,h2090,2.3942818774150134,scr2012,dem,electricity
EE,h2091,2.384407508229101,scr2012,dem,electricity
EE,h2092,2.380754982317434,scr2012,dem,electricity
EE,h2093,2.409908004877671,scr2012,dem,electricity
EE,h2094,2.49777979335425,scr2012,dem,electricity
EE,h2095,2.640211724188118,scr2012,dem,electricity
EE,h2096,2.795926544288084,scr2012,dem,electricity
EE,h2097,2.894355417590254,scr2012,dem,electricity
EE,h2098,2.90795344322698,scr2012,dem,electricity
EE,h2099,2.850336879042612,scr2012,dem,electricity
EE,h2100,2.7656986878536496,scr2012,dem,electricity
EE,h2101,2.6880612131776442,scr2012,dem,electricity
EE,h2102,2.6235657862892725,scr2012,dem,electricity
EE,h2103,2.58144031990741,scr2012,dem,electricity
EE,h2104,2.5774470767336557,scr2012,dem,electricity
EE,h2105,2.627669080252712,scr2012,dem,electricity
EE,h2106,2.696662848637733,scr2012,dem,electricity
EE,h2107,2.719674209796098,scr2012,dem,electricity
EE,h2108,2.707181203338099,scr2012,dem,electricity
EE,h2109,2.6702607120740205,scr2012,dem,electricity
EE,h2110,2.636796955240175,scr2012,dem,electricity
EE,h2111,2.564803592699202,scr2012,dem,electricity
EE,h2112,2.4954818807830543,scr2012,dem,electricity
EE,h2113,2.4495833515257344,scr2012,dem,electricity
EE,h2114,2.4374132928147714,scr2012,dem,electricity
EE,h2115,2.4333997825379514,scr2012,dem,electricity
EE,h2116,2.433679815351338,scr2012,dem,electricity
EE,h2117,2.4714448373466387,scr2012,dem,electricity
EE,h2118,2.562828903902813,scr2012,dem,electricity
EE,h2119,2.711887565489598,scr2012,dem,electricity
EE,h2120,2.8661182179333684,scr2012,dem,electricity
EE,h2121,2.9667650255957474,scr2012,dem,electricity
EE,h2122,2.9799400493655623,scr2012,dem,electricity
EE,h2123,2.922328685180308,scr2012,dem,electricity
EE,h2124,2.837453892845161,scr2012,dem,electricity
EE,h2125,2.7595645851061907,scr2012,dem,electricity
EE,h2126,2.692630096604297,scr2012,dem,electricity
EE,h2127,2.646179316099042,scr2012,dem,electricity
EE,h2128,2.6394599686888323,scr2012,dem,electricity
EE,h2129,2.6943201773876226,scr2012,dem,electricity
EE,h2130,2.767162174028352,scr2012,dem,electricity
EE,h2131,2.785222147526539,scr2012,dem,electricity
EE,h2132,2.7603479229044363,scr2012,dem,electricity
EE,h2133,2.716596926878483,scr2012,dem,electricity
EE,h2134,2.6853254069908914,scr2012,dem,electricity
EE,h2135,2.620663279083063,scr2012,dem,electricity
EE,h2136,2.5549566396667824,scr2012,dem,electricity
EE,h2137,2.506673904337921,scr2012,dem,electricity
EE,h2138,2.489096964956718,scr2012,dem,electricity
EE,h2139,2.474417438001885,scr2012,dem,electricity
EE,h2140,2.46332342048524,scr2012,dem,electricity
EE,h2141,2.4724162899924385,scr2012,dem,electricity
EE,h2142,2.5145277166797806,scr2012,dem,electricity
EE,h2143,2.5994421628136197,scr2012,dem,electricity
EE,h2144,2.7044252166916847,scr2012,dem,electricity
EE,h2145,2.78576845058468,scr2012,dem,electricity
EE,h2146,2.800642316637407,scr2012,dem,electricity
EE,h2147,2.75848442013269,scr2012,dem,electricity
EE,h2148,2.6809085563834394,scr2012,dem,electricity
EE,h2149,2.600952035543792,scr2012,dem,electricity
EE,h2150,2.5219306959045826,scr2012,dem,electricity
EE,h2151,2.46618342354376,scr2012,dem,electricity
EE,h2152,2.464348027047126,scr2012,dem,electricity
EE,h2153,2.5209099991762813,scr2012,dem,electricity
EE,h2154,2.600759021672381,scr2012,dem,electricity
EE,h2155,2.622365916108132,scr2012,dem,electricity
EE,h2156,2.6052558566601656,scr2012,dem,electricity
EE,h2157,2.567455841235849,scr2012,dem,electricity
EE,h2158,2.543508193023746,scr2012,dem,electricity
EE,h2159,2.4867047338473274,scr2012,dem,electricity
EE,h2160,2.42164757247005,scr2012,dem,electricity
ES,h1441,38.15263381038298,scr2012,dem,electricity
ES,h1442,36.03600387831407,scr2012,dem,electricity
ES,h1443,34.511818800683315,scr2012,dem,electricity
ES,h1444,33.5054971047158,scr2012,dem,electricity
ES,h1445,33.097425206129515,scr2012,dem,electricity
ES,h1446,33.374412702093444,scr2012,dem,electricity
ES,h1447,34.68578072989255,scr2012,dem,electricity
ES,h1448,37.22476690066755,scr2012,dem,electricity
ES,h1449,40.104348349449936,scr2012,dem,electricity
ES,h1450,42.40553790889572,scr2012,dem,electricity
ES,h1451,43.512545447289384,scr2012,dem,electricity
ES,h1452,43.730031918599344,scr2012,dem,electricity
ES,h1453,43.380299261138106,scr2012,dem,electricity
ES,h1454,42.81783513384414,scr2012,dem,electricity
ES,h1455,41.978153437329,scr2012,dem,electricity
ES,h1456,41.236164510048255,scr2012,dem,electricity
ES,h1457,40.6909816576888,scr2012,dem,electricity
ES,h1458,40.76954599550634,scr2012,dem,electricity
ES,h1459,41.14468220658063,scr2012,dem,electricity
ES,h1460,41.99892501522317,scr2012,dem,electricity
ES,h1461,43.0289145975064,scr2012,dem,electricity
ES,h1462,43.5025862126422,scr2012,dem,electricity
ES,h1463,42.6611654939002,scr2012,dem,electricity
ES,h1464,40.74880775655911,scr2012,dem,electricity
ES,h1465,38.82391022643593,scr2012,dem,electricity
ES,h1466,37.085854081080576,scr2012,dem,electricity
ES,h1467,35.613522966605395,scr2012,dem,electricity
ES,h1468,34.28729959712898,scr2012,dem,electricity
ES,h1469,33.48480184078585,scr2012,dem,electricity
ES,h1470,33.26774214672783,scr2012,dem,electricity
ES,h1471,33.48281344364564,scr2012,dem,electricity
ES,h1472,33.84414550956876,scr2012,dem,electricity
ES,h1473,34.29293768960622,scr2012,dem,electricity
ES,h1474,35.37241089479301,scr2012,dem,electricity
ES,h1475,36.90532555327943,scr2012,dem,electricity
ES,h1476,38.1871085775695,scr2012,dem,electricity
ES,h1477,38.43693474766204,scr2012,dem,electricity
ES,h1478,38.12113336103662,scr2012,dem,electricity
ES,h1479,37.60965614167762,scr2012,dem,electricity
ES,h1480,37.01836624050775,scr2012,dem,electricity
ES,h1481,36.39813519792114,scr2012,dem,electricity
ES,h1482,36.06952647384461,scr2012,dem,electricity
ES,h1483,36.261417772973246,scr2012,dem,electricity
ES,h1484,37.09007351799241,scr2012,dem,electricity
ES,h1485,38.445573049128576,scr2012,dem,electricity
ES,h1486,39.59305886841848,scr2012,dem,electricity
ES,h1487,39.58825418378846,scr2012,dem,electricity
ES,h1488,38.418834727169155,scr2012,dem,electricity
ES,h1489,36.802291597620766,scr2012,dem,electricity
ES,h1490,35.17554721313487,scr2012,dem,electricity
ES,h1491,33.677626383787995,scr2012,dem,electricity
ES,h1492,32.35219288358573,scr2012,dem,electricity
ES,h1493,31.541710365602825,scr2012,dem,electricity
ES,h1494,31.332508472811668,scr2012,dem,electricity
ES,h1495,31.507087403333564,scr2012,dem,electricity
ES,h1496,31.576424602173063,scr2012,dem,electricity
ES,h1497,31.37887906562436,scr2012,dem,electricity
ES,h1498,31.617017812025864,scr2012,dem,electricity
ES,h1499,32.462145278512494,scr2012,dem,electricity
ES,h1500,33.52995826550443,scr2012,dem,electricity
ES,h1501,33.90863154185491,scr2012,dem,electricity
ES,h1502,33.94222765626272,scr2012,dem,electricity
ES,h1503,33.86650966488795,scr2012,dem,electricity
ES,h1504,33.63733427890897,scr2012,dem,electricity
ES,h1505,33.275856257435365,scr2012,dem,electricity
ES,h1506,32.943088402292794,scr2012,dem,electricity
ES,h1507,33.174499172837166,scr2012,dem,electricity
ES,h1508,34.207017715124074,scr2012,dem,electricity
ES,h1509,36.0027336980594,scr2012,dem,electricity
ES,h1510,37.73617825413664,scr2012,dem,electricity
ES,h1511,38.36546974984115,scr2012,dem,electricity
ES,h1512,37.55924143695892,scr2012,dem,electricity
ES,h1513,35.852977508228726,scr2012,dem,electricity
ES,h1514,33.98152212466408,scr2012,dem,electricity
ES,h1515,32.47289609472554,scr2012,dem,electricity
ES,h1516,31.548330815190667,scr2012,dem,electricity
ES,h1517,31.214008542149095,scr2012,dem,electricity
ES,h1518,31.598919981445675,scr2012,dem,electricity
ES,h1519,33.17818516681924,scr2012,dem,electricity
ES,h1520,35.99593157067141,scr2012,dem,electricity
ES,h1521,39.247532924527796,scr2012,dem,electricity
ES,h1522,41.7895627455313,scr2012,dem,electricity
ES,h1523,43.09964971600236,scr2012,dem,electricity
ES,h1524,43.39126196995334,scr2012,dem,electricity
ES,h1525,43.05977195843417,scr2012,dem,electricity
ES,h1526,42.50238357835266,scr2012,dem,electricity
ES,h1527,41.69287831312595,scr2012,dem,electricity
ES,h1528,41.042691817932464,scr2012,dem,electricity
ES,h1529,40.60893493952266,scr2012,dem,electricity
ES,h1530,40.73193128795813,scr2012,dem,electricity
ES,h1531,41.08874526661823,scr2012,dem,electricity
ES,h1532,41.924646252970184,scr2012,dem,electricity
ES,h1533,43.08093054253504,scr2012,dem,electricity
ES,h1534,43.7033548262438,scr2012,dem,electricity
ES,h1535,42.846008728356466,scr2012,dem,electricity
ES,h1536,40.55365636518641,scr2012,dem,electricity
ES,h1537,37.949684884925624,scr2012,dem,electricity
ES,h1538,35.7290866667967,scr2012,dem,electricity
ES,h1539,34.160712029919544,scr2012,dem,electricity
ES,h1540,33.165272789997154,scr2012,dem,electricity
ES,h1541,32.75887031453782,scr2012,dem,electricity
ES,h1542,33.019110638051586,scr2012,dem,electricity
ES,h1543,34.33498807403488,scr2012,dem,electricity
ES,h1544,36.851174948639496,scr2012,dem,electricity
ES,h1545,39.829325099977865,scr2012,dem,electricity
ES,h1546,42.19569017610097,scr2012,dem,electricity
ES,h1547,43.37242311199711,scr2012,dem,electricity
ES,h1548,43.55477035554559,scr2012,dem,electricity
ES,h1549,43.206471412020996,scr2012,dem,electricity
ES,h1550,42.66953519677749,scr2012,dem,electricity
ES,h1551,41.863414566666755,scr2012,dem,electricity
ES,h1552,41.182143446783485,scr2012,dem,electricity
ES,h1553,40.716774561260046,scr2012,dem,electricity
ES,h1554,40.847706652566124,scr2012,dem,electricity
ES,h1555,41.195782203299366,scr2012,dem,electricity
ES,h1556,42.079464791481705,scr2012,dem,electricity
ES,h1557,43.31735983391491,scr2012,dem,electricity
ES,h1558,44.01680330992943,scr2012,dem,electricity
ES,h1559,43.16390506157681,scr2012,dem,electricity
ES,h1560,40.84431338766785,scr2012,dem,electricity
ES,h1561,38.23765073744684,scr2012,dem,electricity
ES,h1562,36.03100426812532,scr2012,dem,electricity
ES,h1563,34.486910336945236,scr2012,dem,electricity
ES,h1564,33.5341726863587,scr2012,dem,electricity
ES,h1565,33.186556295205264,scr2012,dem,electricity
ES,h1566,33.52294267450967,scr2012,dem,electricity
ES,h1567,34.91905024832262,scr2012,dem,electricity
ES,h1568,37.49694560082884,scr2012,dem,electricity
ES,h1569,40.509364033253185,scr2012,dem,electricity
ES,h1570,42.87950287324502,scr2012,dem,electricity
ES,h1571,44.0476108053956,scr2012,dem,electricity
ES,h1572,44.23526529818376,scr2012,dem,electricity
ES,h1573,43.93681224127691,scr2012,dem,electricity
ES,h1574,43.458295426460026,scr2012,dem,electricity
ES,h1575,42.71262359055236,scr2012,dem,electricity
ES,h1576,42.078507707388084,scr2012,dem,electricity
ES,h1577,41.72275186185554,scr2012,dem,electricity
ES,h1578,41.97064558481924,scr2012,dem,electricity
ES,h1579,42.36632800823842,scr2012,dem,electricity
ES,h1580,43.26587329660122,scr2012,dem,electricity
ES,h1581,44.544792318165285,scr2012,dem,electricity
ES,h1582,45.337478897643805,scr2012,dem,electricity
ES,h1583,44.57045706741834,scr2012,dem,electricity
ES,h1584,42.341329977097814,scr2012,dem,electricity
ES,h1585,39.867803862264,scr2012,dem,electricity
ES,h1586,37.774016849439846,scr2012,dem,electricity
ES,h1587,36.29695488175345,scr2012,dem,electricity
ES,h1588,35.3749635876248,scr2012,dem,electricity
ES,h1589,35.062817122027255,scr2012,dem,electricity
ES,h1590,35.44534103301129,scr2012,dem,electricity
ES,h1591,36.875546768224226,scr2012,dem,electricity
ES,h1592,39.456646486068756,scr2012,dem,electricity
ES,h1593,42.455556678131295,scr2012,dem,electricity
ES,h1594,44.76429198586427,scr2012,dem,electricity
ES,h1595,45.84712678602191,scr2012,dem,electricity
ES,h1596,45.92116727521221,scr2012,dem,electricity
ES,h1597,45.513160198951404,scr2012,dem,electricity
ES,h1598,44.924268607634055,scr2012,dem,electricity
ES,h1599,44.07446143416044,scr2012,dem,electricity
ES,h1600,43.36224777206343,scr2012,dem,electricity
ES,h1601,42.99035287832138,scr2012,dem,electricity
ES,h1602,43.21482098481236,scr2012,dem,electricity
ES,h1603,43.53831558912567,scr2012,dem,electricity
ES,h1604,44.311024429286725,scr2012,dem,electricity
ES,h1605,45.45400496069241,scr2012,dem,electricity
ES,h1606,46.136724963289666,scr2012,dem,electricity
ES,h1607,45.26513482201278,scr2012,dem,electricity
ES,h1608,42.917091456780945,scr2012,dem,electricity
ES,h1609,40.30715491125177,scr2012,dem,electricity
ES,h1610,38.071891275494174,scr2012,dem,electricity
ES,h1611,36.46888943375023,scr2012,dem,electricity
ES,h1612,35.418291927036144,scr2012,dem,electricity
ES,h1613,34.972477033463285,scr2012,dem,electricity
ES,h1614,35.21420127633282,scr2012,dem,electricity
ES,h1615,36.53017242972773,scr2012,dem,electricity
ES,h1616,38.99535567813657,scr2012,dem,electricity
ES,h1617,41.88527949742718,scr2012,dem,electricity
ES,h1618,44.10184787328607,scr2012,dem,electricity
ES,h1619,45.12966216324497,scr2012,dem,electricity
ES,h1620,45.156768936791934,scr2012,dem,electricity
ES,h1621,44.698219371077904,scr2012,dem,electricity
ES,h1622,44.03496415525076,scr2012,dem,electricity
ES,h1623,43.093053346935285,scr2012,dem,electricity
ES,h1624,42.21023780074612,scr2012,dem,electricity
ES,h1625,41.607520404181706,scr2012,dem,electricity
ES,h1626,41.58851248292421,scr2012,dem,electricity
ES,h1627,41.764732505439675,scr2012,dem,electricity
ES,h1628,42.472815081883496,scr2012,dem,electricity
ES,h1629,43.58637935911253,scr2012,dem,electricity
ES,h1630,44.20813721521868,scr2012,dem,electricity
ES,h1631,43.40734654019825,scr2012,dem,electricity
ES,h1632,41.33026906578886,scr2012,dem,electricity
ES,h1633,39.27169874104816,scr2012,dem,electricity
ES,h1634,37.45683537604989,scr2012,dem,electricity
ES,h1635,35.93620041227878,scr2012,dem,electricity
ES,h1636,34.60429821898762,scr2012,dem,electricity
ES,h1637,33.787156296342005,scr2012,dem,electricity
ES,h1638,33.57471790217059,scr2012,dem,electricity
ES,h1639,33.77125630515279,scr2012,dem,electricity
ES,h1640,34.00920643396292,scr2012,dem,electricity
ES,h1641,34.384882449354635,scr2012,dem,electricity
ES,h1642,35.43932147018072,scr2012,dem,electricity
ES,h1643,37.02629368738892,scr2012,dem,electricity
ES,h1644,38.29710775385119,scr2012,dem,electricity
ES,h1645,38.5039333158654,scr2012,dem,electricity
ES,h1646,38.173464159676755,scr2012,dem,electricity
ES,h1647,37.67389650317194,scr2012,dem,electricity
ES,h1648,37.06351721605471,scr2012,dem,electricity
ES,h1649,36.39892585068381,scr2012,dem,electricity
ES,h1650,35.99310900364439,scr2012,dem,electricity
ES,h1651,36.08221269232251,scr2012,dem,electricity
ES,h1652,36.800426953204564,scr2012,dem,electricity
ES,h1653,38.22544600902752,scr2012,dem,electricity
ES,h1654,39.446019095949715,scr2012,dem,electricity
ES,h1655,39.52869639574125,scr2012,dem,electricity
ES,h1656,38.28182645328876,scr2012,dem,electricity
ES,h1657,36.656213589126224,scr2012,dem,electricity
ES,h1658,35.052400562698395,scr2012,dem,electricity
ES,h1659,33.57254357965629,scr2012,dem,electricity
ES,h1660,32.26314810405775,scr2012,dem,electricity
ES,h1661,31.454156489520486,scr2012,dem,electricity
ES,h1662,31.259239632347402,scr2012,dem,electricity
ES,h1663,31.418122452176064,scr2012,dem,electricity
ES,h1664,31.369905771203968,scr2012,dem,electricity
ES,h1665,31.117402172499915,scr2012,dem,electricity
ES,h1666,31.366782531328283,scr2012,dem,electricity
ES,h1667,32.31473534035933,scr2012,dem,electricity
ES,h1668,33.43303179587817,scr2012,dem,electricity
ES,h1669,33.825559630375615,scr2012,dem,electricity
ES,h1670,33.89118487975796,scr2012,dem,electricity
ES,h1671,33.85478822465273,scr2012,dem,electricity
ES,h1672,33.624526192542085,scr2012,dem,electricity
ES,h1673,33.24960356535202,scr2012,dem,electricity
ES,h1674,32.87881179994953,scr2012,dem,electricity
ES,h1675,33.03868061605096,scr2012,dem,electricity
ES,h1676,33.91625111589326,scr2012,dem,electricity
ES,h1677,35.72516515024693,scr2012,dem,electricity
ES,h1678,37.482522396786415,scr2012,dem,electricity
ES,h1679,38.21347538118482,scr2012,dem,electricity
ES,h1680,37.34798349480197,scr2012,dem,electricity
ES,h1681,35.65300209797949,scr2012,dem,electricity
ES,h1682,33.81075741999889,scr2012,dem,electricity
ES,h1683,32.36352087653255,scr2012,dem,electricity
ES,h1684,31.502377156450144,scr2012,dem,electricity
ES,h1685,31.233107006065218,scr2012,dem,electricity
ES,h1686,31.66423895453032,scr2012,dem,electricity
ES,h1687,33.30998506768738,scr2012,dem,electricity
ES,h1688,36.13704244683534,scr2012,dem,electricity
ES,h1689,39.516331256993745,scr2012,dem,electricity
ES,h1690,42.11714531731589,scr2012,dem,electricity
ES,h1691,43.494231390407876,scr2012,dem,electricity
ES,h1692,43.748437142292225,scr2012,dem,electricity
ES,h1693,43.49601701994262,scr2012,dem,electricity
ES,h1694,43.027664348399995,scr2012,dem,electricity
ES,h1695,42.26731549790326,scr2012,dem,electricity
ES,h1696,41.56952367971812,scr2012,dem,electricity
ES,h1697,41.1614412590756,scr2012,dem,electricity
ES,h1698,41.28560400139755,scr2012,dem,electricity
ES,h1699,41.504107765763095,scr2012,dem,electricity
ES,h1700,42.17918058771195,scr2012,dem,electricity
ES,h1701,43.38902601483492,scr2012,dem,electricity
ES,h1702,44.18401682497143,scr2012,dem,electricity
ES,h1703,43.44187248517392,scr2012,dem,electricity
ES,h1704,41.06362830444645,scr2012,dem,electricity
ES,h1705,38.40980532681388,scr2012,dem,electricity
ES,h1706,36.19110509920418,scr2012,dem,electricity
ES,h1707,34.685266458411164,scr2012,dem,electricity
ES,h1708,33.77054329603089,scr2012,dem,electricity
ES,h1709,33.448848356041076,scr2012,dem,electricity
ES,h1710,33.788793839092875,scr2012,dem,electricity
ES,h1711,35.2049517793489,scr2012,dem,electricity
ES,h1712,37.75427520504406,scr2012,dem,electricity
ES,h1713,40.854460882737,scr2012,dem,electricity
ES,h1714,43.252512857361594,scr2012,dem,electricity
ES,h1715,44.45511827267488,scr2012,dem,electricity
ES,h1716,44.55024306698312,scr2012,dem,electricity
ES,h1717,44.23314880115925,scr2012,dem,electricity
ES,h1718,43.745005023004914,scr2012,dem,electricity
ES,h1719,42.96954526760925,scr2012,dem,electricity
ES,h1720,42.25074673487125,scr2012,dem,electricity
ES,h1721,41.855454692169104,scr2012,dem,electricity
ES,h1722,42.04052675702742,scr2012,dem,electricity
ES,h1723,42.282888594689744,scr2012,dem,electricity
ES,h1724,43.03281826544291,scr2012,dem,electricity
ES,h1725,44.34124742543724,scr2012,dem,electricity
ES,h1726,45.249793288351725,scr2012,dem,electricity
ES,h1727,44.52489592354751,scr2012,dem,electricity
ES,h1728,42.14362076055906,scr2012,dem,electricity
ES,h1729,39.510283309394765,scr2012,dem,electricity
ES,h1730,37.32559386459909,scr2012,dem,electricity
ES,h1731,35.841433674509034,scr2012,dem,electricity
ES,h1732,34.94472862900676,scr2012,dem,electricity
ES,h1733,34.65763589208945,scr2012,dem,electricity
ES,h1734,35.05968061688566,scr2012,dem,electricity
ES,h1735,36.53564713414019,scr2012,dem,electricity
ES,h1736,39.11222898195086,scr2012,dem,electricity
ES,h1737,42.1863461197029,scr2012,dem,electricity
ES,h1738,44.52786565032837,scr2012,dem,electricity
ES,h1739,45.661773860254236,scr2012,dem,electricity
ES,h1740,45.708746512216464,scr2012,dem,electricity
ES,h1741,45.38058804617781,scr2012,dem,electricity
ES,h1742,44.88376031065634,scr2012,dem,electricity
ES,h1743,44.090877736523105,scr2012,dem,electricity
ES,h1744,43.329822212795165,scr2012,dem,electricity
ES,h1745,42.95197768413494,scr2012,dem,electricity
ES,h1746,43.15986572777593,scr2012,dem,electricity
ES,h1747,43.39213428275162,scr2012,dem,electricity
ES,h1748,44.05255539372519,scr2012,dem,electricity
ES,h1749,45.29124589131548,scr2012,dem,electricity
ES,h1750,46.15844522824429,scr2012,dem,electricity
ES,h1751,45.43578950562045,scr2012,dem,electricity
ES,h1752,43.07593416768231,scr2012,dem,electricity
ES,h1753,40.50804162184956,scr2012,dem,electricity
ES,h1754,38.3689392226254,scr2012,dem,electricity
ES,h1755,36.88618130619942,scr2012,dem,electricity
ES,h1756,35.95665455943539,scr2012,dem,electricity
ES,h1757,35.64696431718944,scr2012,dem,electricity
ES,h1758,36.039705671545,scr2012,dem,electricity
ES,h1759,37.49354892455344,scr2012,dem,electricity
ES,h1760,40.02895421680114,scr2012,dem,electricity
ES,h1761,43.07347161754689,scr2012,dem,electricity
ES,h1762,45.391096517083184,scr2012,dem,electricity
ES,h1763,46.52721954687329,scr2012,dem,electricity
ES,h1764,46.57559109580327,scr2012,dem,electricity
ES,h1765,46.25746981371507,scr2012,dem,electricity
ES,h1766,45.78038524485567,scr2012,dem,electricity
ES,h1767,45.03050838210991,scr2012,dem,electricity
ES,h1768,44.35916808538001,scr2012,dem,electricity
ES,h1769,44.13136655918475,scr2012,dem,electricity
ES,h1770,44.51611944111383,scr2012,dem,electricity
ES,h1771,44.864831617527074,scr2012,dem,electricity
ES,h1772,45.54951875330779,scr2012,dem,electricity
ES,h1773,46.77732188872303,scr2012,dem,electricity
ES,h1774,47.699159779714485,scr2012,dem,electricity
ES,h1775,47.09950094911673,scr2012,dem,electricity
ES,h1776,44.878928844477244,scr2012,dem,electricity
ES,h1777,42.490351522169206,scr2012,dem,electricity
ES,h1778,40.500379632043405,scr2012,dem,electricity
ES,h1779,39.09990734573399,scr2012,dem,electricity
ES,h1780,38.14408706377441,scr2012,dem,electricity
ES,h1781,37.80717788141484,scr2012,dem,electricity
ES,h1782,38.221526168104106,scr2012,dem,electricity
ES,h1783,39.64594833139985,scr2012,dem,electricity
ES,h1784,41.938594240530364,scr2012,dem,electricity
ES,h1785,44.59250219014834,scr2012,dem,electricity
ES,h1786,46.66668921012645,scr2012,dem,electricity
ES,h1787,47.633340440615626,scr2012,dem,electricity
ES,h1788,47.7216210481872,scr2012,dem,electricity
ES,h1789,47.27287170669561,scr2012,dem,electricity
ES,h1790,46.73906099600461,scr2012,dem,electricity
ES,h1791,45.85985324304485,scr2012,dem,electricity
ES,h1792,45.114767710316464,scr2012,dem,electricity
ES,h1793,44.84064420036949,scr2012,dem,electricity
ES,h1794,45.10591512081261,scr2012,dem,electricity
ES,h1795,45.34878554715596,scr2012,dem,electricity
ES,h1796,45.82620143002945,scr2012,dem,electricity
ES,h1797,46.789495675949446,scr2012,dem,electricity
ES,h1798,47.444849188684024,scr2012,dem,electricity
ES,h1799,46.79461850340775,scr2012,dem,electricity
ES,h1800,44.954021763108635,scr2012,dem,electricity
ES,h1801,43.208647548087626,scr2012,dem,electricity
ES,h1802,41.84386215068198,scr2012,dem,electricity
ES,h1803,40.570997004756066,scr2012,dem,electricity
ES,h1804,39.35753872262174,scr2012,dem,electricity
ES,h1805,38.541998918780436,scr2012,dem,electricity
ES,h1806,38.38017094280367,scr2012,dem,electricity
ES,h1807,38.531132270713854,scr2012,dem,electricity
ES,h1808,38.4897235314555,scr2012,dem,electricity
ES,h1809,38.338523040123256,scr2012,dem,electricity
ES,h1810,38.61793508648655,scr2012,dem,electricity
ES,h1811,39.3744754621213,scr2012,dem,electricity
ES,h1812,40.09904576232458,scr2012,dem,electricity
ES,h1813,40.12231959126894,scr2012,dem,electricity
ES,h1814,39.90666756031569,scr2012,dem,electricity
ES,h1815,39.52691675413115,scr2012,dem,electricity
ES,h1816,39.01372870794217,scr2012,dem,electricity
ES,h1817,38.56941630551524,scr2012,dem,electricity
ES,h1818,38.29776012236891,scr2012,dem,electricity
ES,h1819,38.351978921213956,scr2012,dem,electricity
ES,h1820,38.78969239896763,scr2012,dem,electricity
ES,h1821,40.15867018016123,scr2012,dem,electricity
ES,h1822,41.68597681658726,scr2012,dem,electricity
ES,h1823,42.42902317140225,scr2012,dem,electricity
ES,h1824,41.695718640539134,scr2012,dem,electricity
ES,h1825,40.37291401343197,scr2012,dem,electricity
ES,h1826,38.791935728563736,scr2012,dem,electricity
ES,h1827,37.26363782887273,scr2012,dem,electricity
ES,h1828,35.91945559139172,scr2012,dem,electricity
ES,h1829,35.09449693544618,scr2012,dem,electricity
ES,h1830,34.92766033222823,scr2012,dem,electricity
ES,h1831,35.14860637026135,scr2012,dem,electricity
ES,h1832,35.11787917293755,scr2012,dem,electricity
ES,h1833,34.83078557764107,scr2012,dem,electricity
ES,h1834,34.91473829703075,scr2012,dem,electricity
ES,h1835,35.612271353975196,scr2012,dem,electricity
ES,h1836,36.45516633841395,scr2012,dem,electricity
ES,h1837,36.574015721000094,scr2012,dem,electricity
ES,h1838,36.44677275854117,scr2012,dem,electricity
ES,h1839,36.218970463979645,scr2012,dem,electricity
ES,h1840,35.893589644633295,scr2012,dem,electricity
ES,h1841,35.5282670077029,scr2012,dem,electricity
ES,h1842,35.149465362166424,scr2012,dem,electricity
ES,h1843,35.163790968525774,scr2012,dem,electricity
ES,h1844,35.77176626200704,scr2012,dem,electricity
ES,h1845,37.45229189957689,scr2012,dem,electricity
ES,h1846,39.23032232468623,scr2012,dem,electricity
ES,h1847,40.03273542360324,scr2012,dem,electricity
ES,h1848,39.10456568671831,scr2012,dem,electricity
ES,h1849,37.35628751939312,scr2012,dem,electricity
ES,h1850,35.465963272233004,scr2012,dem,electricity
ES,h1851,33.96912170893056,scr2012,dem,electricity
ES,h1852,32.991921078401944,scr2012,dem,electricity
ES,h1853,32.61245526169678,scr2012,dem,electricity
ES,h1854,32.97290654241761,scr2012,dem,electricity
ES,h1855,34.52620656019471,scr2012,dem,electricity
ES,h1856,37.13510971024021,scr2012,dem,electricity
ES,h1857,40.324216139019235,scr2012,dem,electricity
ES,h1858,42.778353536843525,scr2012,dem,electricity
ES,h1859,44.129286855019856,scr2012,dem,electricity
ES,h1860,44.27631904585767,scr2012,dem,electricity
ES,h1861,43.9632352488659,scr2012,dem,electricity
ES,h1862,43.453427021707576,scr2012,dem,electricity
ES,h1863,42.67619088019293,scr2012,dem,electricity
ES,h1864,41.923110752906226,scr2012,dem,electricity
ES,h1865,41.48759099702928,scr2012,dem,electricity
ES,h1866,41.59063325913462,scr2012,dem,electricity
ES,h1867,41.687591971383995,scr2012,dem,electricity
ES,h1868,42.16626176040355,scr2012,dem,electricity
ES,h1869,43.293705250841505,scr2012,dem,electricity
ES,h1870,44.16231453129658,scr2012,dem,electricity
ES,h1871,43.54559165882245,scr2012,dem,electricity
ES,h1872,41.23641160128076,scr2012,dem,electricity
ES,h1873,38.65493751025569,scr2012,dem,electricity
ES,h1874,36.508159680708424,scr2012,dem,electricity
ES,h1875,35.019085987777764,scr2012,dem,electricity
ES,h1876,34.04869878607884,scr2012,dem,electricity
ES,h1877,33.66866042516538,scr2012,dem,electricity
ES,h1878,33.97905146240934,scr2012,dem,electricity
ES,h1879,35.32867604581537,scr2012,dem,electricity
ES,h1880,37.68120289149828,scr2012,dem,electricity
ES,h1881,40.61985155128275,scr2012,dem,electricity
ES,h1882,42.9483627455675,scr2012,dem,electricity
ES,h1883,44.2415808638368,scr2012,dem,electricity
ES,h1884,44.355688038322285,scr2012,dem,electricity
ES,h1885,44.07240868574426,scr2012,dem,electricity
ES,h1886,43.609054726627804,scr2012,dem,electricity
ES,h1887,42.85951347172116,scr2012,dem,electricity
ES,h1888,42.105807220300086,scr2012,dem,electricity
ES,h1889,41.66049517919483,scr2012,dem,electricity
ES,h1890,41.80819986740494,scr2012,dem,electricity
ES,h1891,41.948620792832344,scr2012,dem,electricity
ES,h1892,42.500154236036515,scr2012,dem,electricity
ES,h1893,43.69521509919155,scr2012,dem,electricity
ES,h1894,44.62254756917085,scr2012,dem,electricity
ES,h1895,44.01915067696141,scr2012,dem,electricity
ES,h1896,41.72560022790653,scr2012,dem,electricity
ES,h1897,39.167892341037216,scr2012,dem,electricity
ES,h1898,37.04292110603109,scr2012,dem,electricity
ES,h1899,35.54716886858305,scr2012,dem,electricity
ES,h1900,34.55933856647245,scr2012,dem,electricity
ES,h1901,34.172103819824905,scr2012,dem,electricity
ES,h1902,34.49958498562121,scr2012,dem,electricity
ES,h1903,35.852207939976466,scr2012,dem,electricity
ES,h1904,38.16918673676815,scr2012,dem,electricity
ES,h1905,41.024895673289755,scr2012,dem,electricity
ES,h1906,43.27693322776175,scr2012,dem,electricity
ES,h1907,44.5165566948076,scr2012,dem,electricity
ES,h1908,44.599832362731135,scr2012,dem,electricity
ES,h1909,44.315531106896195,scr2012,dem,electricity
ES,h1910,43.8624104188908,scr2012,dem,electricity
ES,h1911,43.1360933291278,scr2012,dem,electricity
ES,h1912,42.382196496969875,scr2012,dem,electricity
ES,h1913,41.95474504761067,scr2012,dem,electricity
ES,h1914,42.124443590324304,scr2012,dem,electricity
ES,h1915,42.24954988927773,scr2012,dem,electricity
ES,h1916,42.72348944768101,scr2012,dem,electricity
ES,h1917,43.83151004515211,scr2012,dem,electricity
ES,h1918,44.71011375194212,scr2012,dem,electricity
ES,h1919,44.10992791462929,scr2012,dem,electricity
ES,h1920,41.85943687494335,scr2012,dem,electricity
ES,h1921,39.37642852676273,scr2012,dem,electricity
ES,h1922,37.293020903683065,scr2012,dem,electricity
ES,h1923,35.78085092730947,scr2012,dem,electricity
ES,h1924,34.72965284036834,scr2012,dem,electricity
ES,h1925,34.273234731906996,scr2012,dem,electricity
ES,h1926,34.52588387831326,scr2012,dem,electricity
ES,h1927,35.76608777988685,scr2012,dem,electricity
ES,h1928,37.939527131081995,scr2012,dem,electricity
ES,h1929,40.66414815253839,scr2012,dem,electricity
ES,h1930,42.8261959831861,scr2012,dem,electricity
ES,h1931,44.02757317610862,scr2012,dem,electricity
ES,h1932,44.073902391996214,scr2012,dem,electricity
ES,h1933,43.738570848857215,scr2012,dem,electricity
ES,h1934,43.21993840946699,scr2012,dem,electricity
ES,h1935,42.42927275105153,scr2012,dem,electricity
ES,h1936,41.60611030125126,scr2012,dem,electricity
ES,h1937,41.09203923569528,scr2012,dem,electricity
ES,h1938,41.1704662757182,scr2012,dem,electricity
ES,h1939,41.234679394265804,scr2012,dem,electricity
ES,h1940,41.64024341266053,scr2012,dem,electricity
ES,h1941,42.63890671197331,scr2012,dem,electricity
ES,h1942,43.39792486688699,scr2012,dem,electricity
ES,h1943,42.721787550458195,scr2012,dem,electricity
ES,h1944,40.418148595456444,scr2012,dem,electricity
ES,h1945,37.85194163140692,scr2012,dem,electricity
ES,h1946,35.66392235109724,scr2012,dem,electricity
ES,h1947,34.0573079918719,scr2012,dem,electricity
ES,h1948,32.903072328887795,scr2012,dem,electricity
ES,h1949,32.326983355140186,scr2012,dem,electricity
ES,h1950,32.4344720761703,scr2012,dem,electricity
ES,h1951,33.531680299399135,scr2012,dem,electricity
ES,h1952,35.55932899659005,scr2012,dem,electricity
ES,h1953,38.16409074034262,scr2012,dem,electricity
ES,h1954,40.29067121874305,scr2012,dem,electricity
ES,h1955,41.54275740508993,scr2012,dem,electricity
ES,h1956,41.662197478123275,scr2012,dem,electricity
ES,h1957,41.36871499648026,scr2012,dem,electricity
ES,h1958,40.85793033255693,scr2012,dem,electricity
ES,h1959,40.033454676194324,scr2012,dem,electricity
ES,h1960,39.076013228249096,scr2012,dem,electricity
ES,h1961,38.291084098276045,scr2012,dem,electricity
ES,h1962,38.095031634810596,scr2012,dem,electricity
ES,h1963,37.988405334834844,scr2012,dem,electricity
ES,h1964,38.39837993341563,scr2012,dem,electricity
ES,h1965,39.40520366452859,scr2012,dem,electricity
ES,h1966,40.159025542311014,scr2012,dem,electricity
ES,h1967,39.57571646142343,scr2012,dem,electricity
ES,h1968,37.6066714286768,scr2012,dem,electricity
ES,h1969,35.629074735497916,scr2012,dem,electricity
ES,h1970,33.87172179761089,scr2012,dem,electricity
ES,h1971,32.42348949253792,scr2012,dem,electricity
ES,h1972,31.15683130153282,scr2012,dem,electricity
ES,h1973,30.37188786135316,scr2012,dem,electricity
ES,h1974,30.097366868501595,scr2012,dem,electricity
ES,h1975,30.147041725371214,scr2012,dem,electricity
ES,h1976,30.25101800010331,scr2012,dem,electricity
ES,h1977,30.714245198318558,scr2012,dem,electricity
ES,h1978,31.930797219550122,scr2012,dem,electricity
ES,h1979,33.65101919045366,scr2012,dem,electricity
ES,h1980,35.03462944748281,scr2012,dem,electricity
ES,h1981,35.43281466459159,scr2012,dem,electricity
ES,h1982,35.37512971361963,scr2012,dem,electricity
ES,h1983,34.95677667614404,scr2012,dem,electricity
ES,h1984,34.31037817383361,scr2012,dem,electricity
ES,h1985,33.54116355515278,scr2012,dem,electricity
ES,h1986,33.07060588726682,scr2012,dem,electricity
ES,h1987,33.02173656869751,scr2012,dem,electricity
ES,h1988,33.64377440703765,scr2012,dem,electricity
ES,h1989,35.02701478555463,scr2012,dem,electricity
ES,h1990,36.32216435269833,scr2012,dem,electricity
ES,h1991,36.503717490930725,scr2012,dem,electricity
ES,h1992,35.2940497151561,scr2012,dem,electricity
ES,h1993,33.52456984291302,scr2012,dem,electricity
ES,h1994,31.758326063641206,scr2012,dem,electricity
ES,h1995,30.19873865092225,scr2012,dem,electricity
ES,h1996,29.062342137809328,scr2012,dem,electricity
ES,h1997,28.342593621503458,scr2012,dem,electricity
ES,h1998,28.076665788707853,scr2012,dem,electricity
ES,h1999,28.109861296327058,scr2012,dem,electricity
ES,h2000,28.372094324491425,scr2012,dem,electricity
ES,h2001,28.42954401090266,scr2012,dem,electricity
ES,h2002,28.913285182330775,scr2012,dem,electricity
ES,h2003,29.64203130509849,scr2012,dem,electricity
ES,h2004,30.9311234486147,scr2012,dem,electricity
ES,h2005,31.580511680392412,scr2012,dem,electricity
ES,h2006,31.92648742685907,scr2012,dem,electricity
ES,h2007,31.910179216372235,scr2012,dem,electricity
ES,h2008,31.627254071157388,scr2012,dem,electricity
ES,h2009,31.177290500273116,scr2012,dem,electricity
ES,h2010,30.604557658820184,scr2012,dem,electricity
ES,h2011,30.348722676974607,scr2012,dem,electricity
ES,h2012,30.31183588347665,scr2012,dem,electricity
ES,h2013,31.37274697069293,scr2012,dem,electricity
ES,h2014,33.46812763617351,scr2012,dem,electricity
ES,h2015,35.086497089906814,scr2012,dem,electricity
ES,h2016,35.11918798803211,scr2012,dem,electricity
ES,h2017,33.37825922034717,scr2012,dem,electricity
ES,h2018,31.46195852950035,scr2012,dem,electricity
ES,h2019,29.80532371402574,scr2012,dem,electricity
ES,h2020,28.808625421347806,scr2012,dem,electricity
ES,h2021,28.39206635570518,scr2012,dem,electricity
ES,h2022,28.620385773986456,scr2012,dem,electricity
ES,h2023,29.966326317954557,scr2012,dem,electricity
ES,h2024,32.6552649265268,scr2012,dem,electricity
ES,h2025,35.80180387616736,scr2012,dem,electricity
ES,h2026,38.3263002527225,scr2012,dem,electricity
ES,h2027,39.63113378861999,scr2012,dem,electricity
ES,h2028,40.072618448559,scr2012,dem,electricity
ES,h2029,39.99970180457732,scr2012,dem,electricity
ES,h2030,39.632968278519485,scr2012,dem,electricity
ES,h2031,38.96206791937316,scr2012,dem,electricity
ES,h2032,38.2366384204179,scr2012,dem,electricity
ES,h2033,37.68108811497278,scr2012,dem,electricity
ES,h2034,37.5028297052621,scr2012,dem,electricity
ES,h2035,37.25013558921197,scr2012,dem,electricity
ES,h2036,36.83852319722778,scr2012,dem,electricity
ES,h2037,37.17346863909735,scr2012,dem,electricity
ES,h2038,38.29092548204682,scr2012,dem,electricity
ES,h2039,38.590625017584784,scr2012,dem,electricity
ES,h2040,37.301761720766606,scr2012,dem,electricity
ES,h2041,34.916162923247086,scr2012,dem,electricity
ES,h2042,32.88342085388558,scr2012,dem,electricity
ES,h2043,31.329170533382722,scr2012,dem,electricity
ES,h2044,30.192031093028152,scr2012,dem,electricity
ES,h2045,29.629360586382614,scr2012,dem,electricity
ES,h2046,29.668622281762065,scr2012,dem,electricity
ES,h2047,30.678184473858046,scr2012,dem,electricity
ES,h2048,32.98803966659626,scr2012,dem,electricity
ES,h2049,35.765446717841556,scr2012,dem,electricity
ES,h2050,38.05525505799524,scr2012,dem,electricity
ES,h2051,39.19615943392326,scr2012,dem,electricity
ES,h2052,39.51585077594703,scr2012,dem,electricity
ES,h2053,39.39466121505392,scr2012,dem,electricity
ES,h2054,39.00204583366363,scr2012,dem,electricity
ES,h2055,38.299157494305696,scr2012,dem,electricity
ES,h2056,37.511733323617534,scr2012,dem,electricity
ES,h2057,36.869052488683785,scr2012,dem,electricity
ES,h2058,36.65720313450909,scr2012,dem,electricity
ES,h2059,36.39184673791292,scr2012,dem,electricity
ES,h2060,36.0428497826328,scr2012,dem,electricity
ES,h2061,36.414565095678675,scr2012,dem,electricity
ES,h2062,37.54889307423429,scr2012,dem,electricity
ES,h2063,37.8073662999813,scr2012,dem,electricity
ES,h2064,36.488792352885056,scr2012,dem,electricity
ES,h2065,34.07873499879663,scr2012,dem,electricity
ES,h2066,32.023995455948395,scr2012,dem,electricity
ES,h2067,30.446273901217047,scr2012,dem,electricity
ES,h2068,29.291286874987197,scr2012,dem,electricity
ES,h2069,28.7148477747971,scr2012,dem,electricity
ES,h2070,28.743535775417563,scr2012,dem,electricity
ES,h2071,29.723972655317,scr2012,dem,electricity
ES,h2072,31.98921691145914,scr2012,dem,electricity
ES,h2073,34.703959145693055,scr2012,dem,electricity
ES,h2074,36.96157033055926,scr2012,dem,electricity
ES,h2075,38.1023581223176,scr2012,dem,electricity
ES,h2076,38.457795966301184,scr2012,dem,electricity
ES,h2077,38.39374959175835,scr2012,dem,electricity
ES,h2078,38.0452870519669,scr2012,dem,electricity
ES,h2079,37.3612237141867,scr2012,dem,electricity
ES,h2080,36.52080278452149,scr2012,dem,electricity
ES,h2081,35.80905190801595,scr2012,dem,electricity
ES,h2082,35.53347628976786,scr2012,dem,electricity
ES,h2083,35.23240605442972,scr2012,dem,electricity
ES,h2084,34.92535778063456,scr2012,dem,electricity
ES,h2085,35.32960531361057,scr2012,dem,electricity
ES,h2086,36.5110967403921,scr2012,dem,electricity
ES,h2087,36.76961224356274,scr2012,dem,electricity
ES,h2088,35.49702059276229,scr2012,dem,electricity
ES,h2089,33.1576160066811,scr2012,dem,electricity
ES,h2090,31.146540048740746,scr2012,dem,electricity
ES,h2091,29.57932904549748,scr2012,dem,electricity
ES,h2092,28.408730050587273,scr2012,dem,electricity
ES,h2093,27.81335059991033,scr2012,dem,electricity
ES,h2094,27.807992064829715,scr2012,dem,electricity
ES,h2095,28.72326909374652,scr2012,dem,electricity
ES,h2096,30.917132787704197,scr2012,dem,electricity
ES,h2097,33.588291808021026,scr2012,dem,electricity
ES,h2098,35.83568283498118,scr2012,dem,electricity
ES,h2099,37.000998309210274,scr2012,dem,electricity
ES,h2100,37.391474716456685,scr2012,dem,electricity
ES,h2101,37.36327558176819,scr2012,dem,electricity
ES,h2102,37.05453299298099,scr2012,dem,electricity
ES,h2103,36.420258478135025,scr2012,dem,electricity
ES,h2104,35.6258595876206,scr2012,dem,electricity
ES,h2105,34.952709640985915,scr2012,dem,electricity
ES,h2106,34.720952336427345,scr2012,dem,electricity
ES,h2107,34.48649085665042,scr2012,dem,electricity
ES,h2108,34.23801967044486,scr2012,dem,electricity
ES,h2109,34.630217889224625,scr2012,dem,electricity
ES,h2110,35.805456801714165,scr2012,dem,electricity
ES,h2111,36.07847869029652,scr2012,dem,electricity
ES,h2112,34.8543608886159,scr2012,dem,electricity
ES,h2113,32.525142895897275,scr2012,dem,electricity
ES,h2114,30.511769026986684,scr2012,dem,electricity
ES,h2115,28.952879854938878,scr2012,dem,electricity
ES,h2116,27.78078985625903,scr2012,dem,electricity
ES,h2117,27.16736770349813,scr2012,dem,electricity
ES,h2118,27.12982886883184,scr2012,dem,electricity
ES,h2119,28.027545032205033,scr2012,dem,electricity
ES,h2120,30.19879624727642,scr2012,dem,electricity
ES,h2121,32.821386772919624,scr2012,dem,electricity
ES,h2122,35.03715454077411,scr2012,dem,electricity
ES,h2123,36.19837148118894,scr2012,dem,electricity
ES,h2124,36.59150904304952,scr2012,dem,electricity
ES,h2125,36.54370660117697,scr2012,dem,electricity
ES,h2126,36.18051110966063,scr2012,dem,electricity
ES,h2127,35.47113620191688,scr2012,dem,electricity
ES,h2128,34.518965340126634,scr2012,dem,electricity
ES,h2129,33.61462702697445,scr2012,dem,electricity
ES,h2130,33.12128141176099,scr2012,dem,electricity
ES,h2131,32.71753905002891,scr2012,dem,electricity
ES,h2132,32.388452174400264,scr2012,dem,electricity
ES,h2133,32.698038968315814,scr2012,dem,electricity
ES,h2134,33.76507857159129,scr2012,dem,electricity
ES,h2135,34.03839909021553,scr2012,dem,electricity
ES,h2136,33.05221303026464,scr2012,dem,electricity
ES,h2137,31.16429942146425,scr2012,dem,electricity
ES,h2138,29.447620770305726,scr2012,dem,electricity
ES,h2139,27.944305150089757,scr2012,dem,electricity
ES,h2140,26.58910845706361,scr2012,dem,electricity
ES,h2141,25.70067996292275,scr2012,dem,electricity
ES,h2142,25.190989213381837,scr2012,dem,electricity
ES,h2143,25.027367742121772,scr2012,dem,electricity
ES,h2144,25.328617049932554,scr2012,dem,electricity
ES,h2145,25.96949327127951,scr2012,dem,electricity
ES,h2146,27.31627057772148,scr2012,dem,electricity
ES,h2147,28.88274093639026,scr2012,dem,electricity
ES,h2148,30.41972454177919,scr2012,dem,electricity
ES,h2149,31.009872318454157,scr2012,dem,electricity
ES,h2150,31.04681502454953,scr2012,dem,electricity
ES,h2151,30.602052241579642,scr2012,dem,electricity
ES,h2152,29.814360276287694,scr2012,dem,electricity
ES,h2153,28.769807522742244,scr2012,dem,electricity
ES,h2154,27.879273919256125,scr2012,dem,electricity
ES,h2155,27.367222057535713,scr2012,dem,electricity
ES,h2156,27.17682822430175,scr2012,dem,electricity
ES,h2157,27.76194313936464,scr2012,dem,electricity
ES,h2158,29.282595227876634,scr2012,dem,electricity
ES,h2159,30.189798415079434,scr2012,dem,electricity
ES,h2160,29.81773765645586,scr2012,dem,electricity
FI,h1441,21.186485963298917,scr2012,dem,electricity
FI,h1442,21.024934859767146,scr2012,dem,electricity
FI,h1443,20.85676709338788,scr2012,dem,electricity
FI,h1444,20.72781614049622,scr2012,dem,electricity
FI,h1445,20.78070498355352,scr2012,dem,electricity
FI,h1446,21.16631876916278,scr2012,dem,electricity
FI,h1447,21.928683790754135,scr2012,dem,electricity
FI,h1448,22.83543093600496,scr2012,dem,electricity
FI,h1449,23.448828899531946,scr2012,dem,electricity
FI,h1450,23.52505774057332,scr2012,dem,electricity
FI,h1451,23.164798192719612,scr2012,dem,electricity
FI,h1452,22.603305583264063,scr2012,dem,electricity
FI,h1453,21.990516128023987,scr2012,dem,electricity
FI,h1454,21.432418328984063,scr2012,dem,electricity
FI,h1455,21.026959870871597,scr2012,dem,electricity
FI,h1456,21.008549284042587,scr2012,dem,electricity
FI,h1457,21.4599476400129,scr2012,dem,electricity
FI,h1458,22.07917738723671,scr2012,dem,electricity
FI,h1459,22.36947633890919,scr2012,dem,electricity
FI,h1460,22.148544905004044,scr2012,dem,electricity
FI,h1461,21.797926275391532,scr2012,dem,electricity
FI,h1462,21.585128515155404,scr2012,dem,electricity
FI,h1463,21.41647472075374,scr2012,dem,electricity
FI,h1464,21.292384233029992,scr2012,dem,electricity
FI,h1465,21.193538063960478,scr2012,dem,electricity
FI,h1466,21.15196206713245,scr2012,dem,electricity
FI,h1467,21.02144507835865,scr2012,dem,electricity
FI,h1468,20.880779515387886,scr2012,dem,electricity
FI,h1469,20.884852402605574,scr2012,dem,electricity
FI,h1470,21.16179600990118,scr2012,dem,electricity
FI,h1471,21.6103192512766,scr2012,dem,electricity
FI,h1472,22.02211997264464,scr2012,dem,electricity
FI,h1473,22.246621602798047,scr2012,dem,electricity
FI,h1474,22.295066347249875,scr2012,dem,electricity
FI,h1475,22.220661365511194,scr2012,dem,electricity
FI,h1476,21.939713679361557,scr2012,dem,electricity
FI,h1477,21.467652338470923,scr2012,dem,electricity
FI,h1478,20.928066408848903,scr2012,dem,electricity
FI,h1479,20.520756139981962,scr2012,dem,electricity
FI,h1480,20.513546312883967,scr2012,dem,electricity
FI,h1481,21.054156847850077,scr2012,dem,electricity
FI,h1482,21.822836929527192,scr2012,dem,electricity
FI,h1483,22.236767048446957,scr2012,dem,electricity
FI,h1484,22.08371226711295,scr2012,dem,electricity
FI,h1485,21.75016457561069,scr2012,dem,electricity
FI,h1486,21.56595441166346,scr2012,dem,electricity
FI,h1487,21.44455676534336,scr2012,dem,electricity
FI,h1488,21.375681014889228,scr2012,dem,electricity
FI,h1489,21.338244210178637,scr2012,dem,electricity
FI,h1490,21.35405534053465,scr2012,dem,electricity
FI,h1491,21.257922002665122,scr2012,dem,electricity
FI,h1492,21.128654996953287,scr2012,dem,electricity
FI,h1493,21.120426269613453,scr2012,dem,electricity
FI,h1494,21.38536030511753,scr2012,dem,electricity
FI,h1495,21.804283375976343,scr2012,dem,electricity
FI,h1496,22.14135543328762,scr2012,dem,electricity
FI,h1497,22.248843236798667,scr2012,dem,electricity
FI,h1498,22.170619066187342,scr2012,dem,electricity
FI,h1499,22.01113739550199,scr2012,dem,electricity
FI,h1500,21.700242410588274,scr2012,dem,electricity
FI,h1501,21.2378224472793,scr2012,dem,electricity
FI,h1502,20.738843397584322,scr2012,dem,electricity
FI,h1503,20.371701823860956,scr2012,dem,electricity
FI,h1504,20.408411801232184,scr2012,dem,electricity
FI,h1505,20.944938090422784,scr2012,dem,electricity
FI,h1506,21.658991349119336,scr2012,dem,electricity
FI,h1507,22.00606883629672,scr2012,dem,electricity
FI,h1508,21.838569098407753,scr2012,dem,electricity
FI,h1509,21.580769502519072,scr2012,dem,electricity
FI,h1510,21.48849822688984,scr2012,dem,electricity
FI,h1511,21.41729552651315,scr2012,dem,electricity
FI,h1512,21.271852030591383,scr2012,dem,electricity
FI,h1513,21.094882667237744,scr2012,dem,electricity
FI,h1514,20.97537278603926,scr2012,dem,electricity
FI,h1515,20.821061188788097,scr2012,dem,electricity
FI,h1516,20.677102975205518,scr2012,dem,electricity
FI,h1517,20.685768196724855,scr2012,dem,electricity
FI,h1518,21.026020273561258,scr2012,dem,electricity
FI,h1519,21.751758810986953,scr2012,dem,electricity
FI,h1520,22.685976648441205,scr2012,dem,electricity
FI,h1521,23.31112290593529,scr2012,dem,electricity
FI,h1522,23.328097366852212,scr2012,dem,electricity
FI,h1523,22.84610327502096,scr2012,dem,electricity
FI,h1524,22.173229507283036,scr2012,dem,electricity
FI,h1525,21.528974052000333,scr2012,dem,electricity
FI,h1526,20.94708559652734,scr2012,dem,electricity
FI,h1527,20.546007415038247,scr2012,dem,electricity
FI,h1528,20.512029019646864,scr2012,dem,electricity
FI,h1529,20.93165260258836,scr2012,dem,electricity
FI,h1530,21.454750162209695,scr2012,dem,electricity
FI,h1531,21.656777194422904,scr2012,dem,electricity
FI,h1532,21.388958816359114,scr2012,dem,electricity
FI,h1533,21.058000736854147,scr2012,dem,electricity
FI,h1534,20.86116962474136,scr2012,dem,electricity
FI,h1535,20.65282533048784,scr2012,dem,electricity
FI,h1536,20.374286257792374,scr2012,dem,electricity
FI,h1537,20.07646706472703,scr2012,dem,electricity
FI,h1538,19.86832163366219,scr2012,dem,electricity
FI,h1539,19.671178829885065,scr2012,dem,electricity
FI,h1540,19.50779353543658,scr2012,dem,electricity
FI,h1541,19.502627750355884,scr2012,dem,electricity
FI,h1542,19.81122181877018,scr2012,dem,electricity
FI,h1543,20.47371725963595,scr2012,dem,electricity
FI,h1544,21.298408436376267,scr2012,dem,electricity
FI,h1545,21.848987856830313,scr2012,dem,electricity
FI,h1546,21.862768595178043,scr2012,dem,electricity
FI,h1547,21.449486342432696,scr2012,dem,electricity
FI,h1548,20.84910154392953,scr2012,dem,electricity
FI,h1549,20.26703585019557,scr2012,dem,electricity
FI,h1550,19.73858565323851,scr2012,dem,electricity
FI,h1551,19.385476392539257,scr2012,dem,electricity
FI,h1552,19.358407234157227,scr2012,dem,electricity
FI,h1553,19.76062978701119,scr2012,dem,electricity
FI,h1554,20.262302838061146,scr2012,dem,electricity
FI,h1555,20.47548024876224,scr2012,dem,electricity
FI,h1556,20.249460496134787,scr2012,dem,electricity
FI,h1557,19.95524536050553,scr2012,dem,electricity
FI,h1558,19.77464549732582,scr2012,dem,electricity
FI,h1559,19.577579584507205,scr2012,dem,electricity
FI,h1560,19.315054704833432,scr2012,dem,electricity
FI,h1561,19.01679406917115,scr2012,dem,electricity
FI,h1562,18.802437895733767,scr2012,dem,electricity
FI,h1563,18.60711557861793,scr2012,dem,electricity
FI,h1564,18.46880868167208,scr2012,dem,electricity
FI,h1565,18.481501191450075,scr2012,dem,electricity
FI,h1566,18.79025113149909,scr2012,dem,electricity
FI,h1567,19.441039122892757,scr2012,dem,electricity
FI,h1568,20.274483653474785,scr2012,dem,electricity
FI,h1569,20.856540265618122,scr2012,dem,electricity
FI,h1570,20.931011241092133,scr2012,dem,electricity
FI,h1571,20.585188636624803,scr2012,dem,electricity
FI,h1572,20.054310937970094,scr2012,dem,electricity
FI,h1573,19.53862743375026,scr2012,dem,electricity
FI,h1574,19.069774520094025,scr2012,dem,electricity
FI,h1575,18.77134747213387,scr2012,dem,electricity
FI,h1576,18.776654699340234,scr2012,dem,electricity
FI,h1577,19.184977431936552,scr2012,dem,electricity
FI,h1578,19.687092364509983,scr2012,dem,electricity
FI,h1579,19.91862931501343,scr2012,dem,electricity
FI,h1580,19.742547757259043,scr2012,dem,electricity
FI,h1581,19.50260880517794,scr2012,dem,electricity
FI,h1582,19.36910001060699,scr2012,dem,electricity
FI,h1583,19.213694403112385,scr2012,dem,electricity
FI,h1584,18.988586786508026,scr2012,dem,electricity
FI,h1585,18.727389825636884,scr2012,dem,electricity
FI,h1586,18.545684483669937,scr2012,dem,electricity
FI,h1587,18.38678927732293,scr2012,dem,electricity
FI,h1588,18.287429571635574,scr2012,dem,electricity
FI,h1589,18.33786189058121,scr2012,dem,electricity
FI,h1590,18.682063329176753,scr2012,dem,electricity
FI,h1591,19.368368592477317,scr2012,dem,electricity
FI,h1592,20.236621278939893,scr2012,dem,electricity
FI,h1593,20.851688006642473,scr2012,dem,electricity
FI,h1594,20.946113272824206,scr2012,dem,electricity
FI,h1595,20.61525144502663,scr2012,dem,electricity
FI,h1596,20.103584349902416,scr2012,dem,electricity
FI,h1597,19.611190904005383,scr2012,dem,electricity
FI,h1598,19.16421056259747,scr2012,dem,electricity
FI,h1599,18.873664332074153,scr2012,dem,electricity
FI,h1600,18.88701096080091,scr2012,dem,electricity
FI,h1601,19.305890244643958,scr2012,dem,electricity
FI,h1602,19.824610322065926,scr2012,dem,electricity
FI,h1603,20.07798165068848,scr2012,dem,electricity
FI,h1604,19.917768612307402,scr2012,dem,electricity
FI,h1605,19.692017257040366,scr2012,dem,electricity
FI,h1606,19.563387450596824,scr2012,dem,electricity
FI,h1607,19.409796699328506,scr2012,dem,electricity
FI,h1608,19.19028809459584,scr2012,dem,electricity
FI,h1609,18.93621753636844,scr2012,dem,electricity
FI,h1610,18.754234070165385,scr2012,dem,electricity
FI,h1611,18.586709448206015,scr2012,dem,electricity
FI,h1612,18.46332686807603,scr2012,dem,electricity
FI,h1613,18.49989772080764,scr2012,dem,electricity
FI,h1614,18.832660311204545,scr2012,dem,electricity
FI,h1615,19.50813233154,scr2012,dem,electricity
FI,h1616,20.350231761108862,scr2012,dem,electricity
FI,h1617,20.942024463836347,scr2012,dem,electricity
FI,h1618,21.034929122009835,scr2012,dem,electricity
FI,h1619,20.712928053099457,scr2012,dem,electricity
FI,h1620,20.206386451206857,scr2012,dem,electricity
FI,h1621,19.67065732609011,scr2012,dem,electricity
FI,h1622,19.180997236819778,scr2012,dem,electricity
FI,h1623,18.81401325189502,scr2012,dem,electricity
FI,h1624,18.76801152156244,scr2012,dem,electricity
FI,h1625,19.101504486132946,scr2012,dem,electricity
FI,h1626,19.5664079982898,scr2012,dem,electricity
FI,h1627,19.78162800329682,scr2012,dem,electricity
FI,h1628,19.619052448938326,scr2012,dem,electricity
FI,h1629,19.35160671210748,scr2012,dem,electricity
FI,h1630,19.162217328713428,scr2012,dem,electricity
FI,h1631,18.95614170364563,scr2012,dem,electricity
FI,h1632,18.78941082503493,scr2012,dem,electricity
FI,h1633,18.648085877682014,scr2012,dem,electricity
FI,h1634,18.562796127510868,scr2012,dem,electricity
FI,h1635,18.414757715442686,scr2012,dem,electricity
FI,h1636,18.274694030287947,scr2012,dem,electricity
FI,h1637,18.266110808718526,scr2012,dem,electricity
FI,h1638,18.49053173181935,scr2012,dem,electricity
FI,h1639,18.856247563341462,scr2012,dem,electricity
FI,h1640,19.202564227576037,scr2012,dem,electricity
FI,h1641,19.422647094948136,scr2012,dem,electricity
FI,h1642,19.5186697249973,scr2012,dem,electricity
FI,h1643,19.521401651800975,scr2012,dem,electricity
FI,h1644,19.327629045004706,scr2012,dem,electricity
FI,h1645,18.96490814466631,scr2012,dem,electricity
FI,h1646,18.537101413345546,scr2012,dem,electricity
FI,h1647,18.21716172892008,scr2012,dem,electricity
FI,h1648,18.22696184342854,scr2012,dem,electricity
FI,h1649,18.702338258748746,scr2012,dem,electricity
FI,h1650,19.375652014125414,scr2012,dem,electricity
FI,h1651,19.79445530433771,scr2012,dem,electricity
FI,h1652,19.76918070170416,scr2012,dem,electricity
FI,h1653,19.600912117917478,scr2012,dem,electricity
FI,h1654,19.519849961223397,scr2012,dem,electricity
FI,h1655,19.460762258896626,scr2012,dem,electricity
FI,h1656,19.45172061542122,scr2012,dem,electricity
FI,h1657,19.48211295763987,scr2012,dem,electricity
FI,h1658,19.570262004976467,scr2012,dem,electricity
FI,h1659,19.570500230323326,scr2012,dem,electricity
FI,h1660,19.553900496548355,scr2012,dem,electricity
FI,h1661,19.651080605709208,scr2012,dem,electricity
FI,h1662,20.002305000429207,scr2012,dem,electricity
FI,h1663,20.497011147344978,scr2012,dem,electricity
FI,h1664,20.926613125559648,scr2012,dem,electricity
FI,h1665,21.168462575247894,scr2012,dem,electricity
FI,h1666,21.243526047822378,scr2012,dem,electricity
FI,h1667,21.2414302648814,scr2012,dem,electricity
FI,h1668,21.081293341951525,scr2012,dem,electricity
FI,h1669,20.77505461506381,scr2012,dem,electricity
FI,h1670,20.426804055506203,scr2012,dem,electricity
FI,h1671,20.200631111496747,scr2012,dem,electricity
FI,h1672,20.374336096352632,scr2012,dem,electricity
FI,h1673,21.063924052325042,scr2012,dem,electricity
FI,h1674,21.917320755644994,scr2012,dem,electricity
FI,h1675,22.41922153075582,scr2012,dem,electricity
FI,h1676,22.42058659671783,scr2012,dem,electricity
FI,h1677,22.36648818408141,scr2012,dem,electricity
FI,h1678,22.482555835635004,scr2012,dem,electricity
FI,h1679,22.602691731703427,scr2012,dem,electricity
FI,h1680,22.665333368684312,scr2012,dem,electricity
FI,h1681,22.70060296007178,scr2012,dem,electricity
FI,h1682,22.805412435966232,scr2012,dem,electricity
FI,h1683,22.852168096959495,scr2012,dem,electricity
FI,h1684,22.90625759065189,scr2012,dem,electricity
FI,h1685,23.12657844672267,scr2012,dem,electricity
FI,h1686,23.718884752389737,scr2012,dem,electricity
FI,h1687,24.700394248792247,scr2012,dem,electricity
FI,h1688,25.88384055843438,scr2012,dem,electricity
FI,h1689,26.69423041339298,scr2012,dem,electricity
FI,h1690,26.843479273913637,scr2012,dem,electricity
FI,h1691,26.423870895519087,scr2012,dem,electricity
FI,h1692,25.78058919532832,scr2012,dem,electricity
FI,h1693,25.139847684769684,scr2012,dem,electricity
FI,h1694,24.556831630374436,scr2012,dem,electricity
FI,h1695,24.200121155809242,scr2012,dem,electricity
FI,h1696,24.33195175802347,scr2012,dem,electricity
FI,h1697,25.08746505773222,scr2012,dem,electricity
FI,h1698,25.95939142185768,scr2012,dem,electricity
FI,h1699,26.352907340992928,scr2012,dem,electricity
FI,h1700,26.127457039979415,scr2012,dem,electricity
FI,h1701,25.856863237235014,scr2012,dem,electricity
FI,h1702,25.840145618683398,scr2012,dem,electricity
FI,h1703,25.830863424065466,scr2012,dem,electricity
FI,h1704,25.763950354177364,scr2012,dem,electricity
FI,h1705,25.660652861033167,scr2012,dem,electricity
FI,h1706,25.648257881945614,scr2012,dem,electricity
FI,h1707,25.57704229953279,scr2012,dem,electricity
FI,h1708,25.51349693367276,scr2012,dem,electricity
FI,h1709,25.63344856054725,scr2012,dem,electricity
FI,h1710,26.15839856743251,scr2012,dem,electricity
FI,h1711,27.081616694653054,scr2012,dem,electricity
FI,h1712,28.146603623740916,scr2012,dem,electricity
FI,h1713,28.787907959053456,scr2012,dem,electricity
FI,h1714,28.72704325732116,scr2012,dem,electricity
FI,h1715,28.117747317582086,scr2012,dem,electricity
FI,h1716,27.28496291174508,scr2012,dem,electricity
FI,h1717,26.47173561859087,scr2012,dem,electricity
FI,h1718,25.72084339561516,scr2012,dem,electricity
FI,h1719,25.206473655028773,scr2012,dem,electricity
FI,h1720,25.199371918983033,scr2012,dem,electricity
FI,h1721,25.852596996337596,scr2012,dem,electricity
FI,h1722,26.624461636370096,scr2012,dem,electricity
FI,h1723,26.872935751865697,scr2012,dem,electricity
FI,h1724,26.454723221226267,scr2012,dem,electricity
FI,h1725,25.9856444146946,scr2012,dem,electricity
FI,h1726,25.789570388953784,scr2012,dem,electricity
FI,h1727,25.607549502324343,scr2012,dem,electricity
FI,h1728,25.36382579988217,scr2012,dem,electricity
FI,h1729,25.076065988848363,scr2012,dem,electricity
FI,h1730,24.883605137990006,scr2012,dem,electricity
FI,h1731,24.642201437262187,scr2012,dem,electricity
FI,h1732,24.41992229656582,scr2012,dem,electricity
FI,h1733,24.37395212764463,scr2012,dem,electricity
FI,h1734,24.710233731037484,scr2012,dem,electricity
FI,h1735,25.42609003981873,scr2012,dem,electricity
FI,h1736,26.30503508044416,scr2012,dem,electricity
FI,h1737,26.802645251055072,scr2012,dem,electricity
FI,h1738,26.660048893312716,scr2012,dem,electricity
FI,h1739,26.004910754720402,scr2012,dem,electricity
FI,h1740,25.151820476304835,scr2012,dem,electricity
FI,h1741,24.33198132886476,scr2012,dem,electricity
FI,h1742,23.582609726650514,scr2012,dem,electricity
FI,h1743,23.062730464724883,scr2012,dem,electricity
FI,h1744,22.994473793701697,scr2012,dem,electricity
FI,h1745,23.505060674209197,scr2012,dem,electricity
FI,h1746,24.12853708744061,scr2012,dem,electricity
FI,h1747,24.300159612135705,scr2012,dem,electricity
FI,h1748,23.917243095475673,scr2012,dem,electricity
FI,h1749,23.48745599490612,scr2012,dem,electricity
FI,h1750,23.293497167965167,scr2012,dem,electricity
FI,h1751,23.091500856888302,scr2012,dem,electricity
FI,h1752,22.822166128613055,scr2012,dem,electricity
FI,h1753,22.51597480632075,scr2012,dem,electricity
FI,h1754,22.299553767361427,scr2012,dem,electricity
FI,h1755,22.06390275347027,scr2012,dem,electricity
FI,h1756,21.864122274763428,scr2012,dem,electricity
FI,h1757,21.829069882400272,scr2012,dem,electricity
FI,h1758,22.137048613108156,scr2012,dem,electricity
FI,h1759,22.803432099256256,scr2012,dem,electricity
FI,h1760,23.645559862494384,scr2012,dem,electricity
FI,h1761,24.161910151443873,scr2012,dem,electricity
FI,h1762,24.09155289735005,scr2012,dem,electricity
FI,h1763,23.546847935900885,scr2012,dem,electricity
FI,h1764,22.82207880702565,scr2012,dem,electricity
FI,h1765,22.122070790481594,scr2012,dem,electricity
FI,h1766,21.477009682204176,scr2012,dem,electricity
FI,h1767,21.01730542686989,scr2012,dem,electricity
FI,h1768,20.94782815623036,scr2012,dem,electricity
FI,h1769,21.37330607206323,scr2012,dem,electricity
FI,h1770,21.90457138692776,scr2012,dem,electricity
FI,h1771,22.066413395433532,scr2012,dem,electricity
FI,h1772,21.763215505232985,scr2012,dem,electricity
FI,h1773,21.414945349941398,scr2012,dem,electricity
FI,h1774,21.239677417212608,scr2012,dem,electricity
FI,h1775,21.030193433248407,scr2012,dem,electricity
FI,h1776,20.752432198905318,scr2012,dem,electricity
FI,h1777,20.460422193369904,scr2012,dem,electricity
FI,h1778,20.251306548390133,scr2012,dem,electricity
FI,h1779,20.029468947378287,scr2012,dem,electricity
FI,h1780,19.83675623952595,scr2012,dem,electricity
FI,h1781,19.79826322758789,scr2012,dem,electricity
FI,h1782,20.079634003871725,scr2012,dem,electricity
FI,h1783,20.69101353010063,scr2012,dem,electricity
FI,h1784,21.488130884554796,scr2012,dem,electricity
FI,h1785,22.011645101965406,scr2012,dem,electricity
FI,h1786,22.014964383584957,scr2012,dem,electricity
FI,h1787,21.581458446470034,scr2012,dem,electricity
FI,h1788,20.978094110599642,scr2012,dem,electricity
FI,h1789,20.37139324924808,scr2012,dem,electricity
FI,h1790,19.80798808358681,scr2012,dem,electricity
FI,h1791,19.37926229370692,scr2012,dem,electricity
FI,h1792,19.29227243219848,scr2012,dem,electricity
FI,h1793,19.62007278044035,scr2012,dem,electricity
FI,h1794,20.07502790767822,scr2012,dem,electricity
FI,h1795,20.251973928604897,scr2012,dem,electricity
FI,h1796,20.0533598727183,scr2012,dem,electricity
FI,h1797,19.764674133576257,scr2012,dem,electricity
FI,h1798,19.58235791774875,scr2012,dem,electricity
FI,h1799,19.37150706270513,scr2012,dem,electricity
FI,h1800,19.1951294331781,scr2012,dem,electricity
FI,h1801,19.03305771220826,scr2012,dem,electricity
FI,h1802,18.926727311407898,scr2012,dem,electricity
FI,h1803,18.750525845577016,scr2012,dem,electricity
FI,h1804,18.586024524328685,scr2012,dem,electricity
FI,h1805,18.54800120442585,scr2012,dem,electricity
FI,h1806,18.742857963946715,scr2012,dem,electricity
FI,h1807,19.063019739020767,scr2012,dem,electricity
FI,h1808,19.35777743749152,scr2012,dem,electricity
FI,h1809,19.517660753439113,scr2012,dem,electricity
FI,h1810,19.540089235343245,scr2012,dem,electricity
FI,h1811,19.453398226459655,scr2012,dem,electricity
FI,h1812,19.163326022545373,scr2012,dem,electricity
FI,h1813,18.715052276265673,scr2012,dem,electricity
FI,h1814,18.205012301418808,scr2012,dem,electricity
FI,h1815,17.794922594858566,scr2012,dem,electricity
FI,h1816,17.69789044553652,scr2012,dem,electricity
FI,h1817,18.041866557245495,scr2012,dem,electricity
FI,h1818,18.569728228692345,scr2012,dem,electricity
FI,h1819,18.852363531434584,scr2012,dem,electricity
FI,h1820,18.738243749900242,scr2012,dem,electricity
FI,h1821,18.486267847248826,scr2012,dem,electricity
FI,h1822,18.308571385313876,scr2012,dem,electricity
FI,h1823,18.121229501692696,scr2012,dem,electricity
FI,h1824,17.970262555335008,scr2012,dem,electricity
FI,h1825,17.84751084880121,scr2012,dem,electricity
FI,h1826,17.77357204442438,scr2012,dem,electricity
FI,h1827,17.622583745803613,scr2012,dem,electricity
FI,h1828,17.46037727483545,scr2012,dem,electricity
FI,h1829,17.38996192195142,scr2012,dem,electricity
FI,h1830,17.528010868373336,scr2012,dem,electricity
FI,h1831,17.768646758207034,scr2012,dem,electricity
FI,h1832,17.949754963416883,scr2012,dem,electricity
FI,h1833,17.999190454573437,scr2012,dem,electricity
FI,h1834,17.94305309732781,scr2012,dem,electricity
FI,h1835,17.848495121249673,scr2012,dem,electricity
FI,h1836,17.620629219306146,scr2012,dem,electricity
FI,h1837,17.273617628979785,scr2012,dem,electricity
FI,h1838,16.89027681712822,scr2012,dem,electricity
FI,h1839,16.589167945815195,scr2012,dem,electricity
FI,h1840,16.573171493201283,scr2012,dem,electricity
FI,h1841,16.919968400657424,scr2012,dem,electricity
FI,h1842,17.388027907393123,scr2012,dem,electricity
FI,h1843,17.62675447724757,scr2012,dem,electricity
FI,h1844,17.564779602165554,scr2012,dem,electricity
FI,h1845,17.461923898244454,scr2012,dem,electricity
FI,h1846,17.442761906602076,scr2012,dem,electricity
FI,h1847,17.349502660707227,scr2012,dem,electricity
FI,h1848,17.18497541964659,scr2012,dem,electricity
FI,h1849,16.988449845293555,scr2012,dem,electricity
FI,h1850,16.85173708660753,scr2012,dem,electricity
FI,h1851,16.70290660266545,scr2012,dem,electricity
FI,h1852,16.596253761657334,scr2012,dem,electricity
FI,h1853,16.615547305167993,scr2012,dem,electricity
FI,h1854,16.8947169885168,scr2012,dem,electricity
FI,h1855,17.463617235781072,scr2012,dem,electricity
FI,h1856,18.24165052891554,scr2012,dem,electricity
FI,h1857,18.811913939486796,scr2012,dem,electricity
FI,h1858,18.937053461282517,scr2012,dem,electricity
FI,h1859,18.6342066909411,scr2012,dem,electricity
FI,h1860,18.150542155385523,scr2012,dem,electricity
FI,h1861,17.66445261745194,scr2012,dem,electricity
FI,h1862,17.21366577666652,scr2012,dem,electricity
FI,h1863,16.903969537798464,scr2012,dem,electricity
FI,h1864,16.86563208969272,scr2012,dem,electricity
FI,h1865,17.160372478861294,scr2012,dem,electricity
FI,h1866,17.527064695315666,scr2012,dem,electricity
FI,h1867,17.650296073712894,scr2012,dem,electricity
FI,h1868,17.522297210751503,scr2012,dem,electricity
FI,h1869,17.365119696991144,scr2012,dem,electricity
FI,h1870,17.30965185880284,scr2012,dem,electricity
FI,h1871,17.144937223424044,scr2012,dem,electricity
FI,h1872,16.89479791102651,scr2012,dem,electricity
FI,h1873,16.604329586627095,scr2012,dem,electricity
FI,h1874,16.38939537404198,scr2012,dem,electricity
FI,h1875,16.203052227828753,scr2012,dem,electricity
FI,h1876,16.08563758748496,scr2012,dem,electricity
FI,h1877,16.09542917227582,scr2012,dem,electricity
FI,h1878,16.354289141630566,scr2012,dem,electricity
FI,h1879,16.908700253395093,scr2012,dem,electricity
FI,h1880,17.65942520320698,scr2012,dem,electricity
FI,h1881,18.217000184125318,scr2012,dem,electricity
FI,h1882,18.328677208138494,scr2012,dem,electricity
FI,h1883,18.046023240741853,scr2012,dem,electricity
FI,h1884,17.60252188118143,scr2012,dem,electricity
FI,h1885,17.167373780291197,scr2012,dem,electricity
FI,h1886,16.76805107997253,scr2012,dem,electricity
FI,h1887,16.491906589410316,scr2012,dem,electricity
FI,h1888,16.475098850951017,scr2012,dem,electricity
FI,h1889,16.78808222063667,scr2012,dem,electricity
FI,h1890,17.176371338651492,scr2012,dem,electricity
FI,h1891,17.306658583180695,scr2012,dem,electricity
FI,h1892,17.172634742265387,scr2012,dem,electricity
FI,h1893,17.008860221456775,scr2012,dem,electricity
FI,h1894,16.95171303636416,scr2012,dem,electricity
FI,h1895,16.789649499594564,scr2012,dem,electricity
FI,h1896,16.544855965495014,scr2012,dem,electricity
FI,h1897,16.285061938178995,scr2012,dem,electricity
FI,h1898,16.10350449683017,scr2012,dem,electricity
FI,h1899,15.949753121631584,scr2012,dem,electricity
FI,h1900,15.850411545428983,scr2012,dem,electricity
FI,h1901,15.874625558174662,scr2012,dem,electricity
FI,h1902,16.14142815237331,scr2012,dem,electricity
FI,h1903,16.695343204851675,scr2012,dem,electricity
FI,h1904,17.454900648906374,scr2012,dem,electricity
FI,h1905,18.029814627277524,scr2012,dem,electricity
FI,h1906,18.176524840704996,scr2012,dem,electricity
FI,h1907,17.922905839393305,scr2012,dem,electricity
FI,h1908,17.500384476016812,scr2012,dem,electricity
FI,h1909,17.074896756033475,scr2012,dem,electricity
FI,h1910,16.6828254845442,scr2012,dem,electricity
FI,h1911,16.41830548223983,scr2012,dem,electricity
FI,h1912,16.40928657130803,scr2012,dem,electricity
FI,h1913,16.735420473881575,scr2012,dem,electricity
FI,h1914,17.14673598222074,scr2012,dem,electricity
FI,h1915,17.31081048715881,scr2012,dem,electricity
FI,h1916,17.212694149237524,scr2012,dem,electricity
FI,h1917,17.079025770770453,scr2012,dem,electricity
FI,h1918,17.048742857571998,scr2012,dem,electricity
FI,h1919,16.918981084858082,scr2012,dem,electricity
FI,h1920,16.70681711904036,scr2012,dem,electricity
FI,h1921,16.480169590689155,scr2012,dem,electricity
FI,h1922,16.325543245747966,scr2012,dem,electricity
FI,h1923,16.193571899834758,scr2012,dem,electricity
FI,h1924,16.115115044109018,scr2012,dem,electricity
FI,h1925,16.16125946030887,scr2012,dem,electricity
FI,h1926,16.453099176203224,scr2012,dem,electricity
FI,h1927,17.03252773237391,scr2012,dem,electricity
FI,h1928,17.8094399940286,scr2012,dem,electricity
FI,h1929,18.395416635999823,scr2012,dem,electricity
FI,h1930,18.542846837989003,scr2012,dem,electricity
FI,h1931,18.285945678490577,scr2012,dem,electricity
FI,h1932,17.862167213032414,scr2012,dem,electricity
FI,h1933,17.43205781057203,scr2012,dem,electricity
FI,h1934,17.037768460419745,scr2012,dem,electricity
FI,h1935,16.76408518314352,scr2012,dem,electricity
FI,h1936,16.75677552729526,scr2012,dem,electricity
FI,h1937,17.09631305923531,scr2012,dem,electricity
FI,h1938,17.523278254552846,scr2012,dem,electricity
FI,h1939,17.6858410890486,scr2012,dem,electricity
FI,h1940,17.568736128300536,scr2012,dem,electricity
FI,h1941,17.417591193913438,scr2012,dem,electricity
FI,h1942,17.379690940920202,scr2012,dem,electricity
FI,h1943,17.247081670685503,scr2012,dem,electricity
FI,h1944,17.039124902472288,scr2012,dem,electricity
FI,h1945,16.840582230818644,scr2012,dem,electricity
FI,h1946,16.71144484725869,scr2012,dem,electricity
FI,h1947,16.576488619606288,scr2012,dem,electricity
FI,h1948,16.476857408126232,scr2012,dem,electricity
FI,h1949,16.496826797432295,scr2012,dem,electricity
FI,h1950,16.780119655082746,scr2012,dem,electricity
FI,h1951,17.341409095064297,scr2012,dem,electricity
FI,h1952,18.119607777538274,scr2012,dem,electricity
FI,h1953,18.69922556825043,scr2012,dem,electricity
FI,h1954,18.82950549389685,scr2012,dem,electricity
FI,h1955,18.545813041509337,scr2012,dem,electricity
FI,h1956,18.095724063461873,scr2012,dem,electricity
FI,h1957,17.6448438016084,scr2012,dem,electricity
FI,h1958,17.21231954246319,scr2012,dem,electricity
FI,h1959,16.892897156202608,scr2012,dem,electricity
FI,h1960,16.838524622309997,scr2012,dem,electricity
FI,h1961,17.123752118480787,scr2012,dem,electricity
FI,h1962,17.50658958680614,scr2012,dem,electricity
FI,h1963,17.66096150572367,scr2012,dem,electricity
FI,h1964,17.537824460100325,scr2012,dem,electricity
FI,h1965,17.336440663443632,scr2012,dem,electricity
FI,h1966,17.21792829487151,scr2012,dem,electricity
FI,h1967,17.04252311116736,scr2012,dem,electricity
FI,h1968,16.883962285966625,scr2012,dem,electricity
FI,h1969,16.725216889667802,scr2012,dem,electricity
FI,h1970,16.6147142037887,scr2012,dem,electricity
FI,h1971,16.45486848461034,scr2012,dem,electricity
FI,h1972,16.3289698345053,scr2012,dem,electricity
FI,h1973,16.309861901856678,scr2012,dem,electricity
FI,h1974,16.489342796633917,scr2012,dem,electricity
FI,h1975,16.763980347290772,scr2012,dem,electricity
FI,h1976,17.03069258492503,scr2012,dem,electricity
FI,h1977,17.208995920742527,scr2012,dem,electricity
FI,h1978,17.293440906222695,scr2012,dem,electricity
FI,h1979,17.28378611459449,scr2012,dem,electricity
FI,h1980,17.079806038190522,scr2012,dem,electricity
FI,h1981,16.7295372148845,scr2012,dem,electricity
FI,h1982,16.318747011320113,scr2012,dem,electricity
FI,h1983,15.987282163771088,scr2012,dem,electricity
FI,h1984,15.916241575829916,scr2012,dem,electricity
FI,h1985,16.218477473165834,scr2012,dem,electricity
FI,h1986,16.688824582935574,scr2012,dem,electricity
FI,h1987,16.936540942972474,scr2012,dem,electricity
FI,h1988,16.87646712550546,scr2012,dem,electricity
FI,h1989,16.682907821700077,scr2012,dem,electricity
FI,h1990,16.566823639896768,scr2012,dem,electricity
FI,h1991,16.41404785128916,scr2012,dem,electricity
FI,h1992,16.29773601787778,scr2012,dem,electricity
FI,h1993,16.202290730290287,scr2012,dem,electricity
FI,h1994,16.100934404188614,scr2012,dem,electricity
FI,h1995,15.935325281754501,scr2012,dem,electricity
FI,h1996,15.756003019206975,scr2012,dem,electricity
FI,h1997,15.69990603142911,scr2012,dem,electricity
FI,h1998,15.832554528999353,scr2012,dem,electricity
FI,h1999,16.077498127963686,scr2012,dem,electricity
FI,h2000,16.27632138080389,scr2012,dem,electricity
FI,h2001,16.379360169385492,scr2012,dem,electricity
FI,h2002,16.410841821862363,scr2012,dem,electricity
FI,h2003,16.433090483927334,scr2012,dem,electricity
FI,h2004,16.317531101192284,scr2012,dem,electricity
FI,h2005,16.053905991938713,scr2012,dem,electricity
FI,h2006,15.723095052260613,scr2012,dem,electricity
FI,h2007,15.455898583630555,scr2012,dem,electricity
FI,h2008,15.435020249300278,scr2012,dem,electricity
FI,h2009,15.727509790534086,scr2012,dem,electricity
FI,h2010,16.117707183906454,scr2012,dem,electricity
FI,h2011,16.271104487997626,scr2012,dem,electricity
FI,h2012,16.11489646270922,scr2012,dem,electricity
FI,h2013,16.0257176991829,scr2012,dem,electricity
FI,h2014,16.10789813248308,scr2012,dem,electricity
FI,h2015,16.17057220612822,scr2012,dem,electricity
FI,h2016,16.06927144118798,scr2012,dem,electricity
FI,h2017,15.866826183839944,scr2012,dem,electricity
FI,h2018,15.700581185279539,scr2012,dem,electricity
FI,h2019,15.524762824576312,scr2012,dem,electricity
FI,h2020,15.394840719558117,scr2012,dem,electricity
FI,h2021,15.398684884600044,scr2012,dem,electricity
FI,h2022,15.647195903496458,scr2012,dem,electricity
FI,h2023,16.188926652205076,scr2012,dem,electricity
FI,h2024,16.918303439618235,scr2012,dem,electricity
FI,h2025,17.49306522577303,scr2012,dem,electricity
FI,h2026,17.67298524922032,scr2012,dem,electricity
FI,h2027,17.4920225673559,scr2012,dem,electricity
FI,h2028,17.110088017859496,scr2012,dem,electricity
FI,h2029,16.687130199504292,scr2012,dem,electricity
FI,h2030,16.267006500027584,scr2012,dem,electricity
FI,h2031,15.9694446201262,scr2012,dem,electricity
FI,h2032,15.918903878413243,scr2012,dem,electricity
FI,h2033,16.160784843153113,scr2012,dem,electricity
FI,h2034,16.45702070406543,scr2012,dem,electricity
FI,h2035,16.465907381435283,scr2012,dem,electricity
FI,h2036,16.20340751398933,scr2012,dem,electricity
FI,h2037,16.02866442624865,scr2012,dem,electricity
FI,h2038,16.078396545536528,scr2012,dem,electricity
FI,h2039,16.079856625899318,scr2012,dem,electricity
FI,h2040,15.895331324344992,scr2012,dem,electricity
FI,h2041,15.599163019412448,scr2012,dem,electricity
FI,h2042,15.359302436308266,scr2012,dem,electricity
FI,h2043,15.152693699526981,scr2012,dem,electricity
FI,h2044,15.015348164262177,scr2012,dem,electricity
FI,h2045,15.01171698756782,scr2012,dem,electricity
FI,h2046,15.239849489477441,scr2012,dem,electricity
FI,h2047,15.771523484084494,scr2012,dem,electricity
FI,h2048,16.49705049151096,scr2012,dem,electricity
FI,h2049,17.072773361769464,scr2012,dem,electricity
FI,h2050,17.242336802797908,scr2012,dem,electricity
FI,h2051,17.050895957393404,scr2012,dem,electricity
FI,h2052,16.68559702465734,scr2012,dem,electricity
FI,h2053,16.287369678605014,scr2012,dem,electricity
FI,h2054,15.907863322692888,scr2012,dem,electricity
FI,h2055,15.643353741467145,scr2012,dem,electricity
FI,h2056,15.61876038671364,scr2012,dem,electricity
FI,h2057,15.885445819673825,scr2012,dem,electricity
FI,h2058,16.200565089759223,scr2012,dem,electricity
FI,h2059,16.233799087847874,scr2012,dem,electricity
FI,h2060,15.983121551120103,scr2012,dem,electricity
FI,h2061,15.826456709869003,scr2012,dem,electricity
FI,h2062,15.879176073863263,scr2012,dem,electricity
FI,h2063,15.893354326919575,scr2012,dem,electricity
FI,h2064,15.730150539428323,scr2012,dem,electricity
FI,h2065,15.493849422496815,scr2012,dem,electricity
FI,h2066,15.308724708801503,scr2012,dem,electricity
FI,h2067,15.143915432029877,scr2012,dem,electricity
FI,h2068,15.025602118063306,scr2012,dem,electricity
FI,h2069,15.037368621044985,scr2012,dem,electricity
FI,h2070,15.278113192150313,scr2012,dem,electricity
FI,h2071,15.81647382753288,scr2012,dem,electricity
FI,h2072,16.5565267522023,scr2012,dem,electricity
FI,h2073,17.144648902677588,scr2012,dem,electricity
FI,h2074,17.333036545514545,scr2012,dem,electricity
FI,h2075,17.14997366085823,scr2012,dem,electricity
FI,h2076,16.78499479326161,scr2012,dem,electricity
FI,h2077,16.379718051033464,scr2012,dem,electricity
FI,h2078,15.989753371673514,scr2012,dem,electricity
FI,h2079,15.721397554604517,scr2012,dem,electricity
FI,h2080,15.689594660553418,scr2012,dem,electricity
FI,h2081,15.950910176930886,scr2012,dem,electricity
FI,h2082,16.257416362765788,scr2012,dem,electricity
FI,h2083,16.280538329356105,scr2012,dem,electricity
FI,h2084,16.018160851121763,scr2012,dem,electricity
FI,h2085,15.847907285295411,scr2012,dem,electricity
FI,h2086,15.890253854758653,scr2012,dem,electricity
FI,h2087,15.899946876138303,scr2012,dem,electricity
FI,h2088,15.73129880726468,scr2012,dem,electricity
FI,h2089,15.48562076909718,scr2012,dem,electricity
FI,h2090,15.286374402737911,scr2012,dem,electricity
FI,h2091,15.10776476421181,scr2012,dem,electricity
FI,h2092,14.979522982135713,scr2012,dem,electricity
FI,h2093,14.982056537416907,scr2012,dem,electricity
FI,h2094,15.213253933830615,scr2012,dem,electricity
FI,h2095,15.742719565013443,scr2012,dem,electricity
FI,h2096,16.471465769547386,scr2012,dem,electricity
FI,h2097,17.05067840734435,scr2012,dem,electricity
FI,h2098,17.226948075085893,scr2012,dem,electricity
FI,h2099,17.034095159506677,scr2012,dem,electricity
FI,h2100,16.669334444675417,scr2012,dem,electricity
FI,h2101,16.269601559574156,scr2012,dem,electricity
FI,h2102,15.891121046108061,scr2012,dem,electricity
FI,h2103,15.625991567826457,scr2012,dem,electricity
FI,h2104,15.600072797625685,scr2012,dem,electricity
FI,h2105,15.868286462686608,scr2012,dem,electricity
FI,h2106,16.18651775179603,scr2012,dem,electricity
FI,h2107,16.224468592589606,scr2012,dem,electricity
FI,h2108,15.974352671480569,scr2012,dem,electricity
FI,h2109,15.815221889879147,scr2012,dem,electricity
FI,h2110,15.86833989259026,scr2012,dem,electricity
FI,h2111,15.892327512141135,scr2012,dem,electricity
FI,h2112,15.746864679405428,scr2012,dem,electricity
FI,h2113,15.540798721221899,scr2012,dem,electricity
FI,h2114,15.381147887916612,scr2012,dem,electricity
FI,h2115,15.221796500985691,scr2012,dem,electricity
FI,h2116,15.100508991190782,scr2012,dem,electricity
FI,h2117,15.108061651575644,scr2012,dem,electricity
FI,h2118,15.355312917266895,scr2012,dem,electricity
FI,h2119,15.899609498411785,scr2012,dem,electricity
FI,h2120,16.67511921940027,scr2012,dem,electricity
FI,h2121,17.299383522085073,scr2012,dem,electricity
FI,h2122,17.495008539346383,scr2012,dem,electricity
FI,h2123,17.300420245627514,scr2012,dem,electricity
FI,h2124,16.92457653701983,scr2012,dem,electricity
FI,h2125,16.53577691489029,scr2012,dem,electricity
FI,h2126,16.136419492174305,scr2012,dem,electricity
FI,h2127,15.847828156767793,scr2012,dem,electricity
FI,h2128,15.791116610552127,scr2012,dem,electricity
FI,h2129,16.03292599364542,scr2012,dem,electricity
FI,h2130,16.333295081474,scr2012,dem,electricity
FI,h2131,16.38067918767644,scr2012,dem,electricity
FI,h2132,16.1252581700356,scr2012,dem,electricity
FI,h2133,15.91717001396191,scr2012,dem,electricity
FI,h2134,15.896344588707745,scr2012,dem,electricity
FI,h2135,15.894166154937722,scr2012,dem,electricity
FI,h2136,15.801708456909466,scr2012,dem,electricity
FI,h2137,15.63503006217286,scr2012,dem,electricity
FI,h2138,15.489834383463199,scr2012,dem,electricity
FI,h2139,15.307049178444283,scr2012,dem,electricity
FI,h2140,15.163130086243994,scr2012,dem,electricity
FI,h2141,15.13146833082872,scr2012,dem,electricity
FI,h2142,15.286368375378224,scr2012,dem,electricity
FI,h2143,15.552426228609976,scr2012,dem,electricity
FI,h2144,15.82464585135852,scr2012,dem,electricity
FI,h2145,16.03516696526942,scr2012,dem,electricity
FI,h2146,16.164317728462755,scr2012,dem,electricity
FI,h2147,16.22124875312104,scr2012,dem,electricity
FI,h2148,16.082844906000908,scr2012,dem,electricity
FI,h2149,15.781221012456703,scr2012,dem,electricity
FI,h2150,15.394854254575435,scr2012,dem,electricity
FI,h2151,15.07335442707941,scr2012,dem,electricity
FI,h2152,14.987588153752982,scr2012,dem,electricity
FI,h2153,15.223021646091931,scr2012,dem,electricity
FI,h2154,15.588084114803523,scr2012,dem,electricity
FI,h2155,15.707374209142007,scr2012,dem,electricity
FI,h2156,15.503366676609502,scr2012,dem,electricity
FI,h2157,15.284913880212478,scr2012,dem,electricity
FI,h2158,15.245025124282542,scr2012,dem,electricity
FI,h2159,15.234602741461504,scr2012,dem,electricity
FI,h2160,15.163755290187185,scr2012,dem,electricity
FR,h1441,141.24572841453238,scr2012,dem,electricity
FR,h1442,140.85621543186488,scr2012,dem,electricity
FR,h1443,139.11570134198928,scr2012,dem,electricity
FR,h1444,137.6705659520485,scr2012,dem,electricity
FR,h1445,137.1023815875423,scr2012,dem,electricity
FR,h1446,139.8013807340783,scr2012,dem,electricity
FR,h1447,145.75298359706233,scr2012,dem,electricity
FR,h1448,151.8707254044199,scr2012,dem,electricity
FR,h1449,155.4157528048985,scr2012,dem,electricity
FR,h1450,155.23612072710978,scr2012,dem,electricity
FR,h1451,152.97039156915685,scr2012,dem,electricity
FR,h1452,149.88020101127853,scr2012,dem,electricity
FR,h1453,146.53522233022107,scr2012,dem,electricity
FR,h1454,142.8286920839643,scr2012,dem,electricity
FR,h1455,139.51068967864626,scr2012,dem,electricity
FR,h1456,138.3948516012145,scr2012,dem,electricity
FR,h1457,141.08979407223512,scr2012,dem,electricity
FR,h1458,145.27841687413388,scr2012,dem,electricity
FR,h1459,148.63276370182757,scr2012,dem,electricity
FR,h1460,148.52960957188162,scr2012,dem,electricity
FR,h1461,146.71832580950763,scr2012,dem,electricity
FR,h1462,144.47869568685218,scr2012,dem,electricity
FR,h1463,144.2378822218255,scr2012,dem,electricity
FR,h1464,145.37226117418504,scr2012,dem,electricity
FR,h1465,145.91510904138306,scr2012,dem,electricity
FR,h1466,145.28362626273065,scr2012,dem,electricity
FR,h1467,143.12180477155965,scr2012,dem,electricity
FR,h1468,141.21261808834333,scr2012,dem,electricity
FR,h1469,140.13161484835433,scr2012,dem,electricity
FR,h1470,141.81473187603484,scr2012,dem,electricity
FR,h1471,145.65066366369211,scr2012,dem,electricity
FR,h1472,149.47000083600267,scr2012,dem,electricity
FR,h1473,151.76808000719438,scr2012,dem,electricity
FR,h1474,151.94075068883444,scr2012,dem,electricity
FR,h1475,150.55877604128557,scr2012,dem,electricity
FR,h1476,147.98549791643603,scr2012,dem,electricity
FR,h1477,145.15013922352125,scr2012,dem,electricity
FR,h1478,141.49814897444224,scr2012,dem,electricity
FR,h1479,138.18663921927367,scr2012,dem,electricity
FR,h1480,136.81851528801468,scr2012,dem,electricity
FR,h1481,139.88811695062424,scr2012,dem,electricity
FR,h1482,144.56964424651522,scr2012,dem,electricity
FR,h1483,148.42025442319039,scr2012,dem,electricity
FR,h1484,148.77505841625754,scr2012,dem,electricity
FR,h1485,147.5815856394911,scr2012,dem,electricity
FR,h1486,146.04050002884082,scr2012,dem,electricity
FR,h1487,146.50506486707695,scr2012,dem,electricity
FR,h1488,148.28459591459836,scr2012,dem,electricity
FR,h1489,149.40166077745317,scr2012,dem,electricity
FR,h1490,149.1065224227474,scr2012,dem,electricity
FR,h1491,146.95574501916582,scr2012,dem,electricity
FR,h1492,144.83888019484954,scr2012,dem,electricity
FR,h1493,143.44213206863924,scr2012,dem,electricity
FR,h1494,144.64792515440672,scr2012,dem,electricity
FR,h1495,147.69042914656086,scr2012,dem,electricity
FR,h1496,150.42870597799822,scr2012,dem,electricity
FR,h1497,151.62111591016787,scr2012,dem,electricity
FR,h1498,151.06252732178916,scr2012,dem,electricity
FR,h1499,149.5535629753544,scr2012,dem,electricity
FR,h1500,147.0948210421427,scr2012,dem,electricity
FR,h1501,144.29109688747053,scr2012,dem,electricity
FR,h1502,140.1474175416315,scr2012,dem,electricity
FR,h1503,136.09644004957573,scr2012,dem,electricity
FR,h1504,134.0037384438915,scr2012,dem,electricity
FR,h1505,136.59699215320796,scr2012,dem,electricity
FR,h1506,141.00700870462947,scr2012,dem,electricity
FR,h1507,144.68934339886158,scr2012,dem,electricity
FR,h1508,145.36086874657593,scr2012,dem,electricity
FR,h1509,144.67057141994394,scr2012,dem,electricity
FR,h1510,143.40414921747112,scr2012,dem,electricity
FR,h1511,143.3578445978289,scr2012,dem,electricity
FR,h1512,144.12178523716716,scr2012,dem,electricity
FR,h1513,144.2873240198972,scr2012,dem,electricity
FR,h1514,143.44680203194486,scr2012,dem,electricity
FR,h1515,141.13994741054609,scr2012,dem,electricity
FR,h1516,139.05925251086228,scr2012,dem,electricity
FR,h1517,137.98268820559701,scr2012,dem,electricity
FR,h1518,140.34700977268352,scr2012,dem,electricity
FR,h1519,146.03076417995715,scr2012,dem,electricity
FR,h1520,151.7463659340089,scr2012,dem,electricity
FR,h1521,154.69104421356315,scr2012,dem,electricity
FR,h1522,153.79344628270093,scr2012,dem,electricity
FR,h1523,150.8718477755586,scr2012,dem,electricity
FR,h1524,147.1870789818231,scr2012,dem,electricity
FR,h1525,143.37910634097648,scr2012,dem,electricity
FR,h1526,139.37209039133285,scr2012,dem,electricity
FR,h1527,135.72466894928436,scr2012,dem,electricity
FR,h1528,134.17368938395265,scr2012,dem,electricity
FR,h1529,136.1030622765556,scr2012,dem,electricity
FR,h1530,139.39118757944772,scr2012,dem,electricity
FR,h1531,142.05967465031745,scr2012,dem,electricity
FR,h1532,141.6992285896266,scr2012,dem,electricity
FR,h1533,139.54398580351994,scr2012,dem,electricity
FR,h1534,136.48283620887662,scr2012,dem,electricity
FR,h1535,135.03371670696595,scr2012,dem,electricity
FR,h1536,135.0455924199083,scr2012,dem,electricity
FR,h1537,134.77102938003873,scr2012,dem,electricity
FR,h1538,133.639614169561,scr2012,dem,electricity
FR,h1539,131.241531564674,scr2012,dem,electricity
FR,h1540,129.2150037277533,scr2012,dem,electricity
FR,h1541,128.01951544136477,scr2012,dem,electricity
FR,h1542,129.9705200824357,scr2012,dem,electricity
FR,h1543,135.12845030170973,scr2012,dem,electricity
FR,h1544,140.49343969908216,scr2012,dem,electricity
FR,h1545,143.4099227797401,scr2012,dem,electricity
FR,h1546,142.7739841597974,scr2012,dem,electricity
FR,h1547,140.26323819866917,scr2012,dem,electricity
FR,h1548,137.12379478310748,scr2012,dem,electricity
FR,h1549,133.7951964832272,scr2012,dem,electricity
FR,h1550,130.2429030063007,scr2012,dem,electricity
FR,h1551,126.99184274303131,scr2012,dem,electricity
FR,h1552,125.66288188967714,scr2012,dem,electricity
FR,h1553,127.51408656386452,scr2012,dem,electricity
FR,h1554,130.6086349648465,scr2012,dem,electricity
FR,h1555,133.34489356514865,scr2012,dem,electricity
FR,h1556,133.43481675654357,scr2012,dem,electricity
FR,h1557,131.75732269041134,scr2012,dem,electricity
FR,h1558,129.0485340007276,scr2012,dem,electricity
FR,h1559,127.78971471451719,scr2012,dem,electricity
FR,h1560,127.96273085990158,scr2012,dem,electricity
FR,h1561,127.81405390473485,scr2012,dem,electricity
FR,h1562,126.81865888466801,scr2012,dem,electricity
FR,h1563,124.65632302968771,scr2012,dem,electricity
FR,h1564,122.92303192151341,scr2012,dem,electricity
FR,h1565,122.00052125639434,scr2012,dem,electricity
FR,h1566,124.1220929675431,scr2012,dem,electricity
FR,h1567,129.2850870868313,scr2012,dem,electricity
FR,h1568,134.64244956824587,scr2012,dem,electricity
FR,h1569,137.86431931526283,scr2012,dem,electricity
FR,h1570,137.75874185149178,scr2012,dem,electricity
FR,h1571,135.87558587979356,scr2012,dem,electricity
FR,h1572,133.17495454988529,scr2012,dem,electricity
FR,h1573,130.2360218911457,scr2012,dem,electricity
FR,h1574,127.02063140141071,scr2012,dem,electricity
FR,h1575,124.01731363953871,scr2012,dem,electricity
FR,h1576,122.79918943695789,scr2012,dem,electricity
FR,h1577,124.64681513365083,scr2012,dem,electricity
FR,h1578,127.71610012943974,scr2012,dem,electricity
FR,h1579,130.598811945381,scr2012,dem,electricity
FR,h1580,130.98794365453904,scr2012,dem,electricity
FR,h1581,129.60311318856384,scr2012,dem,electricity
FR,h1582,127.03917372118458,scr2012,dem,electricity
FR,h1583,125.82863955751388,scr2012,dem,electricity
FR,h1584,126.09901358727565,scr2012,dem,electricity
FR,h1585,126.09207386738815,scr2012,dem,electricity
FR,h1586,125.24892374208987,scr2012,dem,electricity
FR,h1587,123.20087073610951,scr2012,dem,electricity
FR,h1588,121.53050631199932,scr2012,dem,electricity
FR,h1589,120.60912460403692,scr2012,dem,electricity
FR,h1590,122.69544816249534,scr2012,dem,electricity
FR,h1591,127.95922615538286,scr2012,dem,electricity
FR,h1592,133.50971019392102,scr2012,dem,electricity
FR,h1593,136.69104491781945,scr2012,dem,electricity
FR,h1594,136.39078725045096,scr2012,dem,electricity
FR,h1595,134.24808066557478,scr2012,dem,electricity
FR,h1596,131.50722203728355,scr2012,dem,electricity
FR,h1597,128.58939194110116,scr2012,dem,electricity
FR,h1598,125.40412156375658,scr2012,dem,electricity
FR,h1599,122.47317779927243,scr2012,dem,electricity
FR,h1600,121.31700109783586,scr2012,dem,electricity
FR,h1601,123.15932653126136,scr2012,dem,electricity
FR,h1602,126.2286794845112,scr2012,dem,electricity
FR,h1603,128.9997549774386,scr2012,dem,electricity
FR,h1604,129.38201323182687,scr2012,dem,electricity
FR,h1605,127.94482483524176,scr2012,dem,electricity
FR,h1606,125.3792966352171,scr2012,dem,electricity
FR,h1607,124.11132986016169,scr2012,dem,electricity
FR,h1608,124.30353356248513,scr2012,dem,electricity
FR,h1609,124.21945554337367,scr2012,dem,electricity
FR,h1610,123.25685101961902,scr2012,dem,electricity
FR,h1611,121.12125413559848,scr2012,dem,electricity
FR,h1612,119.39807743275199,scr2012,dem,electricity
FR,h1613,118.45800724150023,scr2012,dem,electricity
FR,h1614,120.49759021223696,scr2012,dem,electricity
FR,h1615,125.64558520496563,scr2012,dem,electricity
FR,h1616,131.10366092352558,scr2012,dem,electricity
FR,h1617,134.25026891386113,scr2012,dem,electricity
FR,h1618,133.9913254689368,scr2012,dem,electricity
FR,h1619,131.84164180096155,scr2012,dem,electricity
FR,h1620,129.04286500907642,scr2012,dem,electricity
FR,h1621,126.1194853887131,scr2012,dem,electricity
FR,h1622,122.83143508360851,scr2012,dem,electricity
FR,h1623,119.77257635425012,scr2012,dem,electricity
FR,h1624,118.32272529897683,scr2012,dem,electricity
FR,h1625,119.90160840030252,scr2012,dem,electricity
FR,h1626,122.82707166699426,scr2012,dem,electricity
FR,h1627,125.39619431267369,scr2012,dem,electricity
FR,h1628,125.81534310089447,scr2012,dem,electricity
FR,h1629,124.47451527766871,scr2012,dem,electricity
FR,h1630,122.33003758451909,scr2012,dem,electricity
FR,h1631,121.44824182660399,scr2012,dem,electricity
FR,h1632,121.91768498931197,scr2012,dem,electricity
FR,h1633,121.82075902746044,scr2012,dem,electricity
FR,h1634,120.54348123977513,scr2012,dem,electricity
FR,h1635,117.98243665777801,scr2012,dem,electricity
FR,h1636,115.82837020996486,scr2012,dem,electricity
FR,h1637,114.36223794858832,scr2012,dem,electricity
FR,h1638,115.22434405769286,scr2012,dem,electricity
FR,h1639,117.87978684048781,scr2012,dem,electricity
FR,h1640,120.79188655459197,scr2012,dem,electricity
FR,h1641,122.74534756288891,scr2012,dem,electricity
FR,h1642,123.27897215464327,scr2012,dem,electricity
FR,h1643,122.48674823573914,scr2012,dem,electricity
FR,h1644,120.69195338609849,scr2012,dem,electricity
FR,h1645,118.70553564425065,scr2012,dem,electricity
FR,h1646,115.82730961150224,scr2012,dem,electricity
FR,h1647,112.94496536417965,scr2012,dem,electricity
FR,h1648,111.2179252911,scr2012,dem,electricity
FR,h1649,112.90858088156317,scr2012,dem,electricity
FR,h1650,115.95879231065176,scr2012,dem,electricity
FR,h1651,118.79079305369638,scr2012,dem,electricity
FR,h1652,119.55388559490142,scr2012,dem,electricity
FR,h1653,118.84830930219975,scr2012,dem,electricity
FR,h1654,117.39806274060551,scr2012,dem,electricity
FR,h1655,117.27450108305412,scr2012,dem,electricity
FR,h1656,118.41008575847606,scr2012,dem,electricity
FR,h1657,118.91415510422509,scr2012,dem,electricity
FR,h1658,118.00630874549013,scr2012,dem,electricity
FR,h1659,115.52860473588017,scr2012,dem,electricity
FR,h1660,113.23256360515573,scr2012,dem,electricity
FR,h1661,111.47975578578682,scr2012,dem,electricity
FR,h1662,111.82639842574443,scr2012,dem,electricity
FR,h1663,113.61267976564018,scr2012,dem,electricity
FR,h1664,115.41552147238075,scr2012,dem,electricity
FR,h1665,116.3254734311647,scr2012,dem,electricity
FR,h1666,116.28486799591428,scr2012,dem,electricity
FR,h1667,115.58927997699311,scr2012,dem,electricity
FR,h1668,114.18497071990974,scr2012,dem,electricity
FR,h1669,112.54413385297153,scr2012,dem,electricity
FR,h1670,109.50231359414143,scr2012,dem,electricity
FR,h1671,106.18472501994691,scr2012,dem,electricity
FR,h1672,103.90388221918474,scr2012,dem,electricity
FR,h1673,105.12536488367894,scr2012,dem,electricity
FR,h1674,107.8888748500665,scr2012,dem,electricity
FR,h1675,110.7555992748744,scr2012,dem,electricity
FR,h1676,112.2127631150952,scr2012,dem,electricity
FR,h1677,112.388442844196,scr2012,dem,electricity
FR,h1678,111.45386831855897,scr2012,dem,electricity
FR,h1679,111.03113209972446,scr2012,dem,electricity
FR,h1680,111.37658409977777,scr2012,dem,electricity
FR,h1681,111.17480682410516,scr2012,dem,electricity
FR,h1682,109.96501421394998,scr2012,dem,electricity
FR,h1683,107.6113087537401,scr2012,dem,electricity
FR,h1684,105.67754188434735,scr2012,dem,electricity
FR,h1685,104.59567617355381,scr2012,dem,electricity
FR,h1686,106.4849529123214,scr2012,dem,electricity
FR,h1687,111.4307630131585,scr2012,dem,electricity
FR,h1688,116.71257125782293,scr2012,dem,electricity
FR,h1689,119.7984352815426,scr2012,dem,electricity
FR,h1690,119.69934314563815,scr2012,dem,electricity
FR,h1691,117.8993744710609,scr2012,dem,electricity
FR,h1692,115.58005394132583,scr2012,dem,electricity
FR,h1693,113.21775641194594,scr2012,dem,electricity
FR,h1694,110.58317905736861,scr2012,dem,electricity
FR,h1695,108.00864820116055,scr2012,dem,electricity
FR,h1696,106.73107028569179,scr2012,dem,electricity
FR,h1697,107.92319307383521,scr2012,dem,electricity
FR,h1698,110.29739629387859,scr2012,dem,electricity
FR,h1699,112.76761096063083,scr2012,dem,electricity
FR,h1700,113.74584360938823,scr2012,dem,electricity
FR,h1701,112.93964180027318,scr2012,dem,electricity
FR,h1702,110.74028938819716,scr2012,dem,electricity
FR,h1703,109.38442955247477,scr2012,dem,electricity
FR,h1704,109.4768245701157,scr2012,dem,electricity
FR,h1705,109.3633853579628,scr2012,dem,electricity
FR,h1706,108.40111427377944,scr2012,dem,electricity
FR,h1707,106.43267424654098,scr2012,dem,electricity
FR,h1708,104.99282655735301,scr2012,dem,electricity
FR,h1709,104.26883094876501,scr2012,dem,electricity
FR,h1710,106.38059811844832,scr2012,dem,electricity
FR,h1711,111.5101355284171,scr2012,dem,electricity
FR,h1712,117.07586375308192,scr2012,dem,electricity
FR,h1713,120.49297607471809,scr2012,dem,electricity
FR,h1714,120.73405744778007,scr2012,dem,electricity
FR,h1715,119.22569671504132,scr2012,dem,electricity
FR,h1716,117.23630170104822,scr2012,dem,electricity
FR,h1717,115.08657417479515,scr2012,dem,electricity
FR,h1718,112.6222091972172,scr2012,dem,electricity
FR,h1719,110.25507338447831,scr2012,dem,electricity
FR,h1720,109.3352152024702,scr2012,dem,electricity
FR,h1721,111.00890431737872,scr2012,dem,electricity
FR,h1722,113.81127152086167,scr2012,dem,electricity
FR,h1723,116.49750228013619,scr2012,dem,electricity
FR,h1724,117.55307585781729,scr2012,dem,electricity
FR,h1725,116.81754918915456,scr2012,dem,electricity
FR,h1726,114.87428593223443,scr2012,dem,electricity
FR,h1727,113.75101893523086,scr2012,dem,electricity
FR,h1728,114.06543270395923,scr2012,dem,electricity
FR,h1729,114.12989869455939,scr2012,dem,electricity
FR,h1730,113.36774987945275,scr2012,dem,electricity
FR,h1731,111.56947405431248,scr2012,dem,electricity
FR,h1732,110.27363701385019,scr2012,dem,electricity
FR,h1733,109.73870315101396,scr2012,dem,electricity
FR,h1734,112.10224682085196,scr2012,dem,electricity
FR,h1735,117.3916879677784,scr2012,dem,electricity
FR,h1736,123.06078196200323,scr2012,dem,electricity
FR,h1737,126.69912531650242,scr2012,dem,electricity
FR,h1738,127.19008410985116,scr2012,dem,electricity
FR,h1739,125.8733019023028,scr2012,dem,electricity
FR,h1740,123.8248663132508,scr2012,dem,electricity
FR,h1741,121.57437860760385,scr2012,dem,electricity
FR,h1742,119.01859967509893,scr2012,dem,electricity
FR,h1743,116.63371638931906,scr2012,dem,electricity
FR,h1744,115.87474521767068,scr2012,dem,electricity
FR,h1745,117.9828135989783,scr2012,dem,electricity
FR,h1746,121.26319192197666,scr2012,dem,electricity
FR,h1747,124.29271518813465,scr2012,dem,electricity
FR,h1748,125.43646687129464,scr2012,dem,electricity
FR,h1749,124.80986028967384,scr2012,dem,electricity
FR,h1750,123.08252439952734,scr2012,dem,electricity
FR,h1751,122.23732218443622,scr2012,dem,electricity
FR,h1752,122.91827794203607,scr2012,dem,electricity
FR,h1753,123.40256677034388,scr2012,dem,electricity
FR,h1754,123.10629834156403,scr2012,dem,electricity
FR,h1755,121.6382417961758,scr2012,dem,electricity
FR,h1756,120.57043609054206,scr2012,dem,electricity
FR,h1757,120.2820292276758,scr2012,dem,electricity
FR,h1758,123.06830654955597,scr2012,dem,electricity
FR,h1759,129.03211424921074,scr2012,dem,electricity
FR,h1760,135.42377230665454,scr2012,dem,electricity
FR,h1761,139.3128240158494,scr2012,dem,electricity
FR,h1762,139.67139370921643,scr2012,dem,electricity
FR,h1763,137.9891069993672,scr2012,dem,electricity
FR,h1764,135.723578511501,scr2012,dem,electricity
FR,h1765,133.25734656554948,scr2012,dem,electricity
FR,h1766,130.4725661382309,scr2012,dem,electricity
FR,h1767,128.01875545095152,scr2012,dem,electricity
FR,h1768,127.54120288285905,scr2012,dem,electricity
FR,h1769,130.39338840491183,scr2012,dem,electricity
FR,h1770,134.48204230975512,scr2012,dem,electricity
FR,h1771,137.78672151597465,scr2012,dem,electricity
FR,h1772,138.72233035840895,scr2012,dem,electricity
FR,h1773,137.87596753753974,scr2012,dem,electricity
FR,h1774,136.3097030513818,scr2012,dem,electricity
FR,h1775,135.75329142681875,scr2012,dem,electricity
FR,h1776,136.72308900129804,scr2012,dem,electricity
FR,h1777,137.46138140198536,scr2012,dem,electricity
FR,h1778,137.38781721743538,scr2012,dem,electricity
FR,h1779,135.99947899728704,scr2012,dem,electricity
FR,h1780,134.9369560076109,scr2012,dem,electricity
FR,h1781,134.76194153941213,scr2012,dem,electricity
FR,h1782,137.8606586093852,scr2012,dem,electricity
FR,h1783,144.16143475082856,scr2012,dem,electricity
FR,h1784,150.77438851885898,scr2012,dem,electricity
FR,h1785,154.5492826759471,scr2012,dem,electricity
FR,h1786,154.4902656858431,scr2012,dem,electricity
FR,h1787,152.08730515792826,scr2012,dem,electricity
FR,h1788,148.93952029995575,scr2012,dem,electricity
FR,h1789,145.6154258621716,scr2012,dem,electricity
FR,h1790,141.9130749240427,scr2012,dem,electricity
FR,h1791,138.6651335802415,scr2012,dem,electricity
FR,h1792,137.61591655763783,scr2012,dem,electricity
FR,h1793,140.37603734313808,scr2012,dem,electricity
FR,h1794,144.5168018114133,scr2012,dem,electricity
FR,h1795,147.2577625270223,scr2012,dem,electricity
FR,h1796,147.28376414460564,scr2012,dem,electricity
FR,h1797,145.57433206737517,scr2012,dem,electricity
FR,h1798,143.8109454504003,scr2012,dem,electricity
FR,h1799,143.17102338600841,scr2012,dem,electricity
FR,h1800,143.9194508130313,scr2012,dem,electricity
FR,h1801,144.1495316104174,scr2012,dem,electricity
FR,h1802,143.27433514788436,scr2012,dem,electricity
FR,h1803,140.8623583173673,scr2012,dem,electricity
FR,h1804,138.70779482367874,scr2012,dem,electricity
FR,h1805,137.30485216570582,scr2012,dem,electricity
FR,h1806,138.56190995762904,scr2012,dem,electricity
FR,h1807,141.5639724278371,scr2012,dem,electricity
FR,h1808,144.81007327234875,scr2012,dem,electricity
FR,h1809,146.56988245908263,scr2012,dem,electricity
FR,h1810,146.55357736232202,scr2012,dem,electricity
FR,h1811,144.76436931707724,scr2012,dem,electricity
FR,h1812,141.88514073031126,scr2012,dem,electricity
FR,h1813,138.8242337120729,scr2012,dem,electricity
FR,h1814,134.9344549415374,scr2012,dem,electricity
FR,h1815,131.2639947251933,scr2012,dem,electricity
FR,h1816,129.30661171611484,scr2012,dem,electricity
FR,h1817,131.45359636255165,scr2012,dem,electricity
FR,h1818,134.98911904018848,scr2012,dem,electricity
FR,h1819,137.34877145773152,scr2012,dem,electricity
FR,h1820,137.15296671581848,scr2012,dem,electricity
FR,h1821,135.53646223613026,scr2012,dem,electricity
FR,h1822,133.91085722201507,scr2012,dem,electricity
FR,h1823,133.53591112569802,scr2012,dem,electricity
FR,h1824,134.47865102227593,scr2012,dem,electricity
FR,h1825,134.7926593885503,scr2012,dem,electricity
FR,h1826,133.7848959603478,scr2012,dem,electricity
FR,h1827,131.04073288817523,scr2012,dem,electricity
FR,h1828,128.46273614013865,scr2012,dem,electricity
FR,h1829,126.48605260038478,scr2012,dem,electricity
FR,h1830,126.8514673401205,scr2012,dem,electricity
FR,h1831,128.55856610346143,scr2012,dem,electricity
FR,h1832,130.34182714544,scr2012,dem,electricity
FR,h1833,130.94427345914727,scr2012,dem,electricity
FR,h1834,130.48735013040437,scr2012,dem,electricity
FR,h1835,129.11970916426765,scr2012,dem,electricity
FR,h1836,127.04945230200447,scr2012,dem,electricity
FR,h1837,124.81184644029001,scr2012,dem,electricity
FR,h1838,121.25166825472786,scr2012,dem,electricity
FR,h1839,117.57813003848607,scr2012,dem,electricity
FR,h1840,115.32239571852439,scr2012,dem,electricity
FR,h1841,117.04650645327399,scr2012,dem,electricity
FR,h1842,120.34500267670934,scr2012,dem,electricity
FR,h1843,123.11960454891505,scr2012,dem,electricity
FR,h1844,124.27629018287078,scr2012,dem,electricity
FR,h1845,124.25633010564025,scr2012,dem,electricity
FR,h1846,123.67542579241221,scr2012,dem,electricity
FR,h1847,123.50077506637956,scr2012,dem,electricity
FR,h1848,124.15949814180664,scr2012,dem,electricity
FR,h1849,124.21809112917776,scr2012,dem,electricity
FR,h1850,123.35069324975363,scr2012,dem,electricity
FR,h1851,121.21380725258574,scr2012,dem,electricity
FR,h1852,119.48677514705415,scr2012,dem,electricity
FR,h1853,118.7209733935333,scr2012,dem,electricity
FR,h1854,121.20512100181135,scr2012,dem,electricity
FR,h1855,126.79802414978273,scr2012,dem,electricity
FR,h1856,132.7654285062162,scr2012,dem,electricity
FR,h1857,136.14627324090122,scr2012,dem,electricity
FR,h1858,136.1034078615554,scr2012,dem,electricity
FR,h1859,133.97745061270518,scr2012,dem,electricity
FR,h1860,131.27665867334326,scr2012,dem,electricity
FR,h1861,128.49477793081246,scr2012,dem,electricity
FR,h1862,125.45472275250793,scr2012,dem,electricity
FR,h1863,122.6523249400669,scr2012,dem,electricity
FR,h1864,121.61075465950447,scr2012,dem,electricity
FR,h1865,123.64338100967981,scr2012,dem,electricity
FR,h1866,126.8917576535987,scr2012,dem,electricity
FR,h1867,129.36576801709742,scr2012,dem,electricity
FR,h1868,129.92320376556086,scr2012,dem,electricity
FR,h1869,128.7801945023029,scr2012,dem,electricity
FR,h1870,126.92967036555713,scr2012,dem,electricity
FR,h1871,125.84869532494534,scr2012,dem,electricity
FR,h1872,126.18951981103079,scr2012,dem,electricity
FR,h1873,126.31574001805255,scr2012,dem,electricity
FR,h1874,125.65348663651642,scr2012,dem,electricity
FR,h1875,123.81561290176069,scr2012,dem,electricity
FR,h1876,122.3800958206292,scr2012,dem,electricity
FR,h1877,121.77884927390238,scr2012,dem,electricity
FR,h1878,124.32600934959987,scr2012,dem,electricity
FR,h1879,129.95072939835597,scr2012,dem,electricity
FR,h1880,136.01212751018892,scr2012,dem,electricity
FR,h1881,139.46324502908016,scr2012,dem,electricity
FR,h1882,139.42911623438442,scr2012,dem,electricity
FR,h1883,137.23850292434236,scr2012,dem,electricity
FR,h1884,134.50502641997025,scr2012,dem,electricity
FR,h1885,131.62520188978272,scr2012,dem,electricity
FR,h1886,128.47076443746784,scr2012,dem,electricity
FR,h1887,125.61024349505564,scr2012,dem,electricity
FR,h1888,124.69071855365034,scr2012,dem,electricity
FR,h1889,126.97855848304819,scr2012,dem,electricity
FR,h1890,130.46272746294306,scr2012,dem,electricity
FR,h1891,133.0135661614026,scr2012,dem,electricity
FR,h1892,133.47525395407996,scr2012,dem,electricity
FR,h1893,132.23379028101493,scr2012,dem,electricity
FR,h1894,130.404271416783,scr2012,dem,electricity
FR,h1895,129.3559137640773,scr2012,dem,electricity
FR,h1896,129.6754709636989,scr2012,dem,electricity
FR,h1897,129.70643208878153,scr2012,dem,electricity
FR,h1898,128.95966347104866,scr2012,dem,electricity
FR,h1899,127.02168480888771,scr2012,dem,electricity
FR,h1900,125.46687962596762,scr2012,dem,electricity
FR,h1901,124.76907425705231,scr2012,dem,electricity
FR,h1902,127.2363686399495,scr2012,dem,electricity
FR,h1903,132.64715355782465,scr2012,dem,electricity
FR,h1904,138.43249958432392,scr2012,dem,electricity
FR,h1905,141.78288129072416,scr2012,dem,electricity
FR,h1906,141.794092897454,scr2012,dem,electricity
FR,h1907,139.65501981250003,scr2012,dem,electricity
FR,h1908,136.76026657198116,scr2012,dem,electricity
FR,h1909,133.65869992488985,scr2012,dem,electricity
FR,h1910,130.28909681189646,scr2012,dem,electricity
FR,h1911,127.23564559679157,scr2012,dem,electricity
FR,h1912,126.13371374474777,scr2012,dem,electricity
FR,h1913,128.28814446964054,scr2012,dem,electricity
FR,h1914,131.58464849570248,scr2012,dem,electricity
FR,h1915,133.93019869157615,scr2012,dem,electricity
FR,h1916,134.1287282526486,scr2012,dem,electricity
FR,h1917,132.67505566366123,scr2012,dem,electricity
FR,h1918,130.65619939447254,scr2012,dem,electricity
FR,h1919,129.42698729229687,scr2012,dem,electricity
FR,h1920,129.5792887123289,scr2012,dem,electricity
FR,h1921,129.4705126071732,scr2012,dem,electricity
FR,h1922,128.5931059309163,scr2012,dem,electricity
FR,h1923,126.47444779904917,scr2012,dem,electricity
FR,h1924,124.6729376098318,scr2012,dem,electricity
FR,h1925,123.67228558585994,scr2012,dem,electricity
FR,h1926,125.81018306461061,scr2012,dem,electricity
FR,h1927,131.00531157519805,scr2012,dem,electricity
FR,h1928,136.66127717024983,scr2012,dem,electricity
FR,h1929,139.67173640611577,scr2012,dem,electricity
FR,h1930,139.23828063765365,scr2012,dem,electricity
FR,h1931,136.62870561976763,scr2012,dem,electricity
FR,h1932,133.5151774309195,scr2012,dem,electricity
FR,h1933,130.27587661846565,scr2012,dem,electricity
FR,h1934,126.76710964877113,scr2012,dem,electricity
FR,h1935,123.57309984854952,scr2012,dem,electricity
FR,h1936,122.25431345186907,scr2012,dem,electricity
FR,h1937,124.01782188685524,scr2012,dem,electricity
FR,h1938,126.90629087197273,scr2012,dem,electricity
FR,h1939,128.80690830089003,scr2012,dem,electricity
FR,h1940,128.75468079334183,scr2012,dem,electricity
FR,h1941,127.04368140151995,scr2012,dem,electricity
FR,h1942,124.78555350831931,scr2012,dem,electricity
FR,h1943,123.28629518909379,scr2012,dem,electricity
FR,h1944,123.09666584042326,scr2012,dem,electricity
FR,h1945,122.6341509675745,scr2012,dem,electricity
FR,h1946,121.36460407503121,scr2012,dem,electricity
FR,h1947,118.95997192606566,scr2012,dem,electricity
FR,h1948,116.94909962128605,scr2012,dem,electricity
FR,h1949,115.76409265113408,scr2012,dem,electricity
FR,h1950,117.60338238289773,scr2012,dem,electricity
FR,h1951,122.37005956256034,scr2012,dem,electricity
FR,h1952,127.68874685242595,scr2012,dem,electricity
FR,h1953,130.61572245553646,scr2012,dem,electricity
FR,h1954,130.37689150189004,scr2012,dem,electricity
FR,h1955,128.01132732219742,scr2012,dem,electricity
FR,h1956,125.10883923389518,scr2012,dem,electricity
FR,h1957,122.12844812908901,scr2012,dem,electricity
FR,h1958,118.76584194768876,scr2012,dem,electricity
FR,h1959,115.6435338169959,scr2012,dem,electricity
FR,h1960,114.09779824397273,scr2012,dem,electricity
FR,h1961,115.48716388772476,scr2012,dem,electricity
FR,h1962,118.10750192598253,scr2012,dem,electricity
FR,h1963,119.95766504574243,scr2012,dem,electricity
FR,h1964,120.25554617368701,scr2012,dem,electricity
FR,h1965,119.01119453603647,scr2012,dem,electricity
FR,h1966,117.37940559865481,scr2012,dem,electricity
FR,h1967,116.49105290402454,scr2012,dem,electricity
FR,h1968,116.76647192311898,scr2012,dem,electricity
FR,h1969,116.64528962095578,scr2012,dem,electricity
FR,h1970,115.42982544553679,scr2012,dem,electricity
FR,h1971,112.99788975527254,scr2012,dem,electricity
FR,h1972,110.98698187940505,scr2012,dem,electricity
FR,h1973,109.55267086577746,scr2012,dem,electricity
FR,h1974,110.40719781881133,scr2012,dem,electricity
FR,h1975,112.57260436264308,scr2012,dem,electricity
FR,h1976,115.18841929086227,scr2012,dem,electricity
FR,h1977,116.88826942550212,scr2012,dem,electricity
FR,h1978,117.52246413470876,scr2012,dem,electricity
FR,h1979,116.7547679424025,scr2012,dem,electricity
FR,h1980,115.05021659216567,scr2012,dem,electricity
FR,h1981,113.2120258727853,scr2012,dem,electricity
FR,h1982,110.452434771989,scr2012,dem,electricity
FR,h1983,107.60989821456667,scr2012,dem,electricity
FR,h1984,105.77756222434613,scr2012,dem,electricity
FR,h1985,107.14687930498432,scr2012,dem,electricity
FR,h1986,109.7519872569544,scr2012,dem,electricity
FR,h1987,111.81829250104315,scr2012,dem,electricity
FR,h1988,112.4860236797926,scr2012,dem,electricity
FR,h1989,111.79781644467629,scr2012,dem,electricity
FR,h1990,110.68432650097604,scr2012,dem,electricity
FR,h1991,110.36433797910857,scr2012,dem,electricity
FR,h1992,111.21459915501266,scr2012,dem,electricity
FR,h1993,111.47441522901342,scr2012,dem,electricity
FR,h1994,110.36281578143866,scr2012,dem,electricity
FR,h1995,107.78785666249404,scr2012,dem,electricity
FR,h1996,105.68526549443536,scr2012,dem,electricity
FR,h1997,103.85671157550966,scr2012,dem,electricity
FR,h1998,103.88083566292866,scr2012,dem,electricity
FR,h1999,105.23586771682196,scr2012,dem,electricity
FR,h2000,106.81867238155832,scr2012,dem,electricity
FR,h2001,107.91505967714872,scr2012,dem,electricity
FR,h2002,108.18976703332845,scr2012,dem,electricity
FR,h2003,108.00666173447173,scr2012,dem,electricity
FR,h2004,107.01793444856874,scr2012,dem,electricity
FR,h2005,105.6715941803498,scr2012,dem,electricity
FR,h2006,102.87172783707926,scr2012,dem,electricity
FR,h2007,99.6897848879819,scr2012,dem,electricity
FR,h2008,97.22030700741635,scr2012,dem,electricity
FR,h2009,97.87845903858235,scr2012,dem,electricity
FR,h2010,99.8164701625474,scr2012,dem,electricity
FR,h2011,101.28596814828146,scr2012,dem,electricity
FR,h2012,101.55638346934342,scr2012,dem,electricity
FR,h2013,102.36803402735838,scr2012,dem,electricity
FR,h2014,102.85689815666974,scr2012,dem,electricity
FR,h2015,103.9860499185154,scr2012,dem,electricity
FR,h2016,104.40218946357273,scr2012,dem,electricity
FR,h2017,104.01428034485667,scr2012,dem,electricity
FR,h2018,102.5969692346318,scr2012,dem,electricity
FR,h2019,100.0908635107884,scr2012,dem,electricity
FR,h2020,98.33282324630095,scr2012,dem,electricity
FR,h2021,97.29827403414731,scr2012,dem,electricity
FR,h2022,98.99365770850777,scr2012,dem,electricity
FR,h2023,103.85486226173144,scr2012,dem,electricity
FR,h2024,109.25164967225503,scr2012,dem,electricity
FR,h2025,112.73543143485472,scr2012,dem,electricity
FR,h2026,113.1063025689701,scr2012,dem,electricity
FR,h2027,111.77093409662166,scr2012,dem,electricity
FR,h2028,109.79103088956306,scr2012,dem,electricity
FR,h2029,107.47066685556098,scr2012,dem,electricity
FR,h2030,104.7496756475827,scr2012,dem,electricity
FR,h2031,102.01175339900958,scr2012,dem,electricity
FR,h2032,100.23831069338044,scr2012,dem,electricity
FR,h2033,100.53380154025939,scr2012,dem,electricity
FR,h2034,101.61822142309322,scr2012,dem,electricity
FR,h2035,102.29219967225644,scr2012,dem,electricity
FR,h2036,101.55077241790478,scr2012,dem,electricity
FR,h2037,100.9837704587417,scr2012,dem,electricity
FR,h2038,99.73083499149662,scr2012,dem,electricity
FR,h2039,99.50713745528168,scr2012,dem,electricity
FR,h2040,98.9233390054607,scr2012,dem,electricity
FR,h2041,97.92272751696083,scr2012,dem,electricity
FR,h2042,96.07015908628506,scr2012,dem,electricity
FR,h2043,93.38945813564462,scr2012,dem,electricity
FR,h2044,91.45391788086864,scr2012,dem,electricity
FR,h2045,90.05551296400635,scr2012,dem,electricity
FR,h2046,91.14741241114261,scr2012,dem,electricity
FR,h2047,95.30879623525819,scr2012,dem,electricity
FR,h2048,100.1268040897734,scr2012,dem,electricity
FR,h2049,103.27493433260753,scr2012,dem,electricity
FR,h2050,103.52920202320749,scr2012,dem,electricity
FR,h2051,102.22414653811417,scr2012,dem,electricity
FR,h2052,100.42405727630201,scr2012,dem,electricity
FR,h2053,98.28381752217875,scr2012,dem,electricity
FR,h2054,95.74170249845149,scr2012,dem,electricity
FR,h2055,93.13681327857279,scr2012,dem,electricity
FR,h2056,91.31997411668762,scr2012,dem,electricity
FR,h2057,91.23372974545744,scr2012,dem,electricity
FR,h2058,91.84616641290039,scr2012,dem,electricity
FR,h2059,92.3685301756112,scr2012,dem,electricity
FR,h2060,91.84109044668271,scr2012,dem,electricity
FR,h2061,91.52065843400378,scr2012,dem,electricity
FR,h2062,90.34882099135217,scr2012,dem,electricity
FR,h2063,90.12619322308682,scr2012,dem,electricity
FR,h2064,89.48000704907795,scr2012,dem,electricity
FR,h2065,88.38116173754264,scr2012,dem,electricity
FR,h2066,86.42532860915856,scr2012,dem,electricity
FR,h2067,83.77510853107901,scr2012,dem,electricity
FR,h2068,81.93484321811476,scr2012,dem,electricity
FR,h2069,80.61752221713438,scr2012,dem,electricity
FR,h2070,81.64728028515482,scr2012,dem,electricity
FR,h2071,85.55227854788299,scr2012,dem,electricity
FR,h2072,90.15696484854132,scr2012,dem,electricity
FR,h2073,93.56856766465499,scr2012,dem,electricity
FR,h2074,94.49148832135963,scr2012,dem,electricity
FR,h2075,94.00726970591849,scr2012,dem,electricity
FR,h2076,92.84789962627771,scr2012,dem,electricity
FR,h2077,91.26796928335443,scr2012,dem,electricity
FR,h2078,89.25146293728609,scr2012,dem,electricity
FR,h2079,87.06679257267898,scr2012,dem,electricity
FR,h2080,85.46343121314574,scr2012,dem,electricity
FR,h2081,85.37631296924783,scr2012,dem,electricity
FR,h2082,85.94404209928264,scr2012,dem,electricity
FR,h2083,86.5810602207669,scr2012,dem,electricity
FR,h2084,86.37291401621566,scr2012,dem,electricity
FR,h2085,86.39846130359932,scr2012,dem,electricity
FR,h2086,85.52530393417757,scr2012,dem,electricity
FR,h2087,85.56957687954987,scr2012,dem,electricity
FR,h2088,85.22512372958654,scr2012,dem,electricity
FR,h2089,84.46575566356874,scr2012,dem,electricity
FR,h2090,82.85615956861399,scr2012,dem,electricity
FR,h2091,80.54399924141272,scr2012,dem,electricity
FR,h2092,78.99775347904549,scr2012,dem,electricity
FR,h2093,77.92367471142146,scr2012,dem,electricity
FR,h2094,79.1643495633074,scr2012,dem,electricity
FR,h2095,83.42323947032489,scr2012,dem,electricity
FR,h2096,88.48100181540447,scr2012,dem,electricity
FR,h2097,92.14355173878913,scr2012,dem,electricity
FR,h2098,93.16231427864494,scr2012,dem,electricity
FR,h2099,92.70457706848063,scr2012,dem,electricity
FR,h2100,91.76046050962235,scr2012,dem,electricity
FR,h2101,90.4341698912459,scr2012,dem,electricity
FR,h2102,88.62475529700453,scr2012,dem,electricity
FR,h2103,86.64937206815597,scr2012,dem,electricity
FR,h2104,85.24910154114605,scr2012,dem,electricity
FR,h2105,85.35855030565098,scr2012,dem,electricity
FR,h2106,86.11805835925578,scr2012,dem,electricity
FR,h2107,86.91901583382217,scr2012,dem,electricity
FR,h2108,86.82381458467401,scr2012,dem,electricity
FR,h2109,86.94916913582759,scr2012,dem,electricity
FR,h2110,86.15960969721195,scr2012,dem,electricity
FR,h2111,86.32345274005809,scr2012,dem,electricity
FR,h2112,86.0496048861091,scr2012,dem,electricity
FR,h2113,85.31845201041133,scr2012,dem,electricity
FR,h2114,83.68252617110137,scr2012,dem,electricity
FR,h2115,81.33943702694332,scr2012,dem,electricity
FR,h2116,79.76529682561805,scr2012,dem,electricity
FR,h2117,78.71197813341007,scr2012,dem,electricity
FR,h2118,79.96820410894611,scr2012,dem,electricity
FR,h2119,84.17239769186111,scr2012,dem,electricity
FR,h2120,89.14612391513617,scr2012,dem,electricity
FR,h2121,92.72878454859307,scr2012,dem,electricity
FR,h2122,93.67460260166258,scr2012,dem,electricity
FR,h2123,93.05010509937392,scr2012,dem,electricity
FR,h2124,91.84343130382345,scr2012,dem,electricity
FR,h2125,90.27812689248034,scr2012,dem,electricity
FR,h2126,88.15091694412584,scr2012,dem,electricity
FR,h2127,85.84259682894178,scr2012,dem,electricity
FR,h2128,84.02297835685297,scr2012,dem,electricity
FR,h2129,83.78422446031674,scr2012,dem,electricity
FR,h2130,84.3219410188132,scr2012,dem,electricity
FR,h2131,84.7869028395272,scr2012,dem,electricity
FR,h2132,84.4383284062751,scr2012,dem,electricity
FR,h2133,84.38115035352831,scr2012,dem,electricity
FR,h2134,83.7742257025251,scr2012,dem,electricity
FR,h2135,84.18601537325799,scr2012,dem,electricity
FR,h2136,84.02043792946439,scr2012,dem,electricity
FR,h2137,83.25467959677665,scr2012,dem,electricity
FR,h2138,81.3235695109356,scr2012,dem,electricity
FR,h2139,78.56470590726846,scr2012,dem,electricity
FR,h2140,76.57676557551797,scr2012,dem,electricity
FR,h2141,74.86864715301306,scr2012,dem,electricity
FR,h2142,74.78793191625978,scr2012,dem,electricity
FR,h2143,76.07605705437783,scr2012,dem,electricity
FR,h2144,77.9354044992844,scr2012,dem,electricity
FR,h2145,79.82586904781546,scr2012,dem,electricity
FR,h2146,81.19263535334562,scr2012,dem,electricity
FR,h2147,81.85899165003461,scr2012,dem,electricity
FR,h2148,81.60060028278404,scr2012,dem,electricity
FR,h2149,80.99739741159664,scr2012,dem,electricity
FR,h2150,79.30397549653291,scr2012,dem,electricity
FR,h2151,77.19850053565061,scr2012,dem,electricity
FR,h2152,75.03004766979303,scr2012,dem,electricity
FR,h2153,74.78828224220257,scr2012,dem,electricity
FR,h2154,75.37762553156794,scr2012,dem,electricity
FR,h2155,76.12001474166618,scr2012,dem,electricity
FR,h2156,76.29809399369022,scr2012,dem,electricity
FR,h2157,76.88744203030755,scr2012,dem,electricity
FR,h2158,76.93909367295122,scr2012,dem,electricity
FR,h2159,77.99713599284672,scr2012,dem,electricity
FR,h2160,78.56701474247369,scr2012,dem,electricity
GR,h1441,8.075339133234907,scr2012,dem,electricity
GR,h1442,7.598886331922235,scr2012,dem,electricity
GR,h1443,7.290639563530644,scr2012,dem,electricity
GR,h1444,7.165249440093475,scr2012,dem,electricity
GR,h1445,7.149359629448877,scr2012,dem,electricity
GR,h1446,7.332811499687047,scr2012,dem,electricity
GR,h1447,7.76503604023941,scr2012,dem,electricity
GR,h1448,8.346290325050687,scr2012,dem,electricity
GR,h1449,8.876819730350043,scr2012,dem,electricity
GR,h1450,9.142673701794124,scr2012,dem,electricity
GR,h1451,9.15648183554562,scr2012,dem,electricity
GR,h1452,9.074263819349536,scr2012,dem,electricity
GR,h1453,8.946678352095315,scr2012,dem,electricity
GR,h1454,8.784939295598555,scr2012,dem,electricity
GR,h1455,8.568486819518913,scr2012,dem,electricity
GR,h1456,8.420249833853386,scr2012,dem,electricity
GR,h1457,8.476080612365891,scr2012,dem,electricity
GR,h1458,8.701991092543134,scr2012,dem,electricity
GR,h1459,9.113172340009157,scr2012,dem,electricity
GR,h1460,9.429483830408433,scr2012,dem,electricity
GR,h1461,9.565426762650084,scr2012,dem,electricity
GR,h1462,9.489050435558232,scr2012,dem,electricity
GR,h1463,9.22126000924167,scr2012,dem,electricity
GR,h1464,8.831223769166144,scr2012,dem,electricity
GR,h1465,8.294151977228655,scr2012,dem,electricity
GR,h1466,7.848028185134774,scr2012,dem,electricity
GR,h1467,7.53304690470131,scr2012,dem,electricity
GR,h1468,7.375364437570222,scr2012,dem,electricity
GR,h1469,7.333546974874205,scr2012,dem,electricity
GR,h1470,7.440031086809319,scr2012,dem,electricity
GR,h1471,7.653942837129199,scr2012,dem,electricity
GR,h1472,7.945420657558394,scr2012,dem,electricity
GR,h1473,8.307089941173125,scr2012,dem,electricity
GR,h1474,8.620180484183509,scr2012,dem,electricity
GR,h1475,8.808707127307628,scr2012,dem,electricity
GR,h1476,8.824939903672075,scr2012,dem,electricity
GR,h1477,8.738945165367364,scr2012,dem,electricity
GR,h1478,8.572042191613505,scr2012,dem,electricity
GR,h1479,8.358981866931657,scr2012,dem,electricity
GR,h1480,8.226152766876249,scr2012,dem,electricity
GR,h1481,8.311510606731106,scr2012,dem,electricity
GR,h1482,8.574046466381086,scr2012,dem,electricity
GR,h1483,9.019372955733388,scr2012,dem,electricity
GR,h1484,9.3590739388855,scr2012,dem,electricity
GR,h1485,9.547171372838577,scr2012,dem,electricity
GR,h1486,9.520064214635653,scr2012,dem,electricity
GR,h1487,9.313784541803203,scr2012,dem,electricity
GR,h1488,8.97468989151179,scr2012,dem,electricity
GR,h1489,8.502320127046323,scr2012,dem,electricity
GR,h1490,8.121804022415725,scr2012,dem,electricity
GR,h1491,7.841922443071427,scr2012,dem,electricity
GR,h1492,7.702200613248873,scr2012,dem,electricity
GR,h1493,7.664843871081466,scr2012,dem,electricity
GR,h1494,7.782120382241372,scr2012,dem,electricity
GR,h1495,7.9457989235523865,scr2012,dem,electricity
GR,h1496,8.122540159591173,scr2012,dem,electricity
GR,h1497,8.341990908586373,scr2012,dem,electricity
GR,h1498,8.622368666596298,scr2012,dem,electricity
GR,h1499,8.9344742317183,scr2012,dem,electricity
GR,h1500,9.129440935607024,scr2012,dem,electricity
GR,h1501,9.134020267042361,scr2012,dem,electricity
GR,h1502,8.932624156513883,scr2012,dem,electricity
GR,h1503,8.62604996832393,scr2012,dem,electricity
GR,h1504,8.427518412841556,scr2012,dem,electricity
GR,h1505,8.49160544543585,scr2012,dem,electricity
GR,h1506,8.78471537415185,scr2012,dem,electricity
GR,h1507,9.270948733799331,scr2012,dem,electricity
GR,h1508,9.695046084531334,scr2012,dem,electricity
GR,h1509,10.017377444325957,scr2012,dem,electricity
GR,h1510,10.178127390238322,scr2012,dem,electricity
GR,h1511,10.140257229251935,scr2012,dem,electricity
GR,h1512,9.899047955542327,scr2012,dem,electricity
GR,h1513,9.491660055750739,scr2012,dem,electricity
GR,h1514,9.203175711173094,scr2012,dem,electricity
GR,h1515,9.05376216364558,scr2012,dem,electricity
GR,h1516,9.036505221718818,scr2012,dem,electricity
GR,h1517,9.125275753756814,scr2012,dem,electricity
GR,h1518,9.448419291743733,scr2012,dem,electricity
GR,h1519,10.047324882131315,scr2012,dem,electricity
GR,h1520,10.798680868196623,scr2012,dem,electricity
GR,h1521,11.465497379370838,scr2012,dem,electricity
GR,h1522,11.81205556850013,scr2012,dem,electricity
GR,h1523,11.837510867348014,scr2012,dem,electricity
GR,h1524,11.715980321924977,scr2012,dem,electricity
GR,h1525,11.557089217806064,scr2012,dem,electricity
GR,h1526,11.384513436532094,scr2012,dem,electricity
GR,h1527,11.202575059897063,scr2012,dem,electricity
GR,h1528,11.15623995653922,scr2012,dem,electricity
GR,h1529,11.412256849359068,scr2012,dem,electricity
GR,h1530,11.848173466592703,scr2012,dem,electricity
GR,h1531,12.385161349609335,scr2012,dem,electricity
GR,h1532,12.718411355490245,scr2012,dem,electricity
GR,h1533,12.889297444321643,scr2012,dem,electricity
GR,h1534,12.916255516414472,scr2012,dem,electricity
GR,h1535,12.759208422902681,scr2012,dem,electricity
GR,h1536,12.465029378704564,scr2012,dem,electricity
GR,h1537,12.00846973565419,scr2012,dem,electricity
GR,h1538,11.690604432413295,scr2012,dem,electricity
GR,h1539,11.513299501242468,scr2012,dem,electricity
GR,h1540,11.501907349935278,scr2012,dem,electricity
GR,h1541,11.63353842562318,scr2012,dem,electricity
GR,h1542,12.027871031084283,scr2012,dem,electricity
GR,h1543,12.706641944038502,scr2012,dem,electricity
GR,h1544,13.521587337383199,scr2012,dem,electricity
GR,h1545,14.182278156222447,scr2012,dem,electricity
GR,h1546,14.471974600475543,scr2012,dem,electricity
GR,h1547,14.418125060319987,scr2012,dem,electricity
GR,h1548,14.224648718741136,scr2012,dem,electricity
GR,h1549,13.983454567515935,scr2012,dem,electricity
GR,h1550,13.722017813588257,scr2012,dem,electricity
GR,h1551,13.471232669485268,scr2012,dem,electricity
GR,h1552,13.427712877423474,scr2012,dem,electricity
GR,h1553,13.787159600818478,scr2012,dem,electricity
GR,h1554,14.33097745251113,scr2012,dem,electricity
GR,h1555,14.895839187320997,scr2012,dem,electricity
GR,h1556,15.163022285345638,scr2012,dem,electricity
GR,h1557,15.275231775068177,scr2012,dem,electricity
GR,h1558,15.299656275144448,scr2012,dem,electricity
GR,h1559,15.149246438242416,scr2012,dem,electricity
GR,h1560,14.85576393997463,scr2012,dem,electricity
GR,h1561,14.394012011238791,scr2012,dem,electricity
GR,h1562,14.077228272682545,scr2012,dem,electricity
GR,h1563,13.872296550850606,scr2012,dem,electricity
GR,h1564,13.814900757983105,scr2012,dem,electricity
GR,h1565,13.907540540390917,scr2012,dem,electricity
GR,h1566,14.29671235485365,scr2012,dem,electricity
GR,h1567,14.97849305367062,scr2012,dem,electricity
GR,h1568,15.783843126762106,scr2012,dem,electricity
GR,h1569,16.38194736461088,scr2012,dem,electricity
GR,h1570,16.56810076169505,scr2012,dem,electricity
GR,h1571,16.384873441127155,scr2012,dem,electricity
GR,h1572,16.060575138034373,scr2012,dem,electricity
GR,h1573,15.691641165025981,scr2012,dem,electricity
GR,h1574,15.308196882475187,scr2012,dem,electricity
GR,h1575,14.956809611751543,scr2012,dem,electricity
GR,h1576,14.854601634576037,scr2012,dem,electricity
GR,h1577,15.199368710287136,scr2012,dem,electricity
GR,h1578,15.72526223149916,scr2012,dem,electricity
GR,h1579,16.222092013071325,scr2012,dem,electricity
GR,h1580,16.37675557894081,scr2012,dem,electricity
GR,h1581,16.378356761686483,scr2012,dem,electricity
GR,h1582,16.322138145307086,scr2012,dem,electricity
GR,h1583,16.099546144139843,scr2012,dem,electricity
GR,h1584,15.734967685473316,scr2012,dem,electricity
GR,h1585,15.197324548547869,scr2012,dem,electricity
GR,h1586,14.796874789435197,scr2012,dem,electricity
GR,h1587,14.501050075073604,scr2012,dem,electricity
GR,h1588,14.349448363584118,scr2012,dem,electricity
GR,h1589,14.356571838892567,scr2012,dem,electricity
GR,h1590,14.664774538478966,scr2012,dem,electricity
GR,h1591,15.270979083163205,scr2012,dem,electricity
GR,h1592,15.99585828154799,scr2012,dem,electricity
GR,h1593,16.50605809156353,scr2012,dem,electricity
GR,h1594,16.598978288849885,scr2012,dem,electricity
GR,h1595,16.32737693467974,scr2012,dem,electricity
GR,h1596,15.926656404862507,scr2012,dem,electricity
GR,h1597,15.492536621595622,scr2012,dem,electricity
GR,h1598,15.054202637888986,scr2012,dem,electricity
GR,h1599,14.648940272343575,scr2012,dem,electricity
GR,h1600,14.485639747828264,scr2012,dem,electricity
GR,h1601,14.751226211423889,scr2012,dem,electricity
GR,h1602,15.18119126482419,scr2012,dem,electricity
GR,h1603,15.608564459493785,scr2012,dem,electricity
GR,h1604,15.724568206326042,scr2012,dem,electricity
GR,h1605,15.704607057176224,scr2012,dem,electricity
GR,h1606,15.610060507273806,scr2012,dem,electricity
GR,h1607,15.337229923066992,scr2012,dem,electricity
GR,h1608,14.92063508984172,scr2012,dem,electricity
GR,h1609,14.337246931973233,scr2012,dem,electricity
GR,h1610,13.904667491445721,scr2012,dem,electricity
GR,h1611,13.572807598609367,scr2012,dem,electricity
GR,h1612,13.381821819445053,scr2012,dem,electricity
GR,h1613,13.331071402689123,scr2012,dem,electricity
GR,h1614,13.56918509816922,scr2012,dem,electricity
GR,h1615,14.103166582805944,scr2012,dem,electricity
GR,h1616,14.759272768130469,scr2012,dem,electricity
GR,h1617,15.223224635516049,scr2012,dem,electricity
GR,h1618,15.291869357886632,scr2012,dem,electricity
GR,h1619,15.02297604439531,scr2012,dem,electricity
GR,h1620,14.651347040676058,scr2012,dem,electricity
GR,h1621,14.242590537858622,scr2012,dem,electricity
GR,h1622,13.827265340259338,scr2012,dem,electricity
GR,h1623,13.429911995868006,scr2012,dem,electricity
GR,h1624,13.256206450213734,scr2012,dem,electricity
GR,h1625,13.458243897649535,scr2012,dem,electricity
GR,h1626,13.81996348410081,scr2012,dem,electricity
GR,h1627,14.207452728312308,scr2012,dem,electricity
GR,h1628,14.352302388030505,scr2012,dem,electricity
GR,h1629,14.355587071777348,scr2012,dem,electricity
GR,h1630,14.256571902072832,scr2012,dem,electricity
GR,h1631,13.968405169013444,scr2012,dem,electricity
GR,h1632,13.563602984666348,scr2012,dem,electricity
GR,h1633,13.004578529926826,scr2012,dem,electricity
GR,h1634,12.559473514848383,scr2012,dem,electricity
GR,h1635,12.197666941090956,scr2012,dem,electricity
GR,h1636,11.96432865521695,scr2012,dem,electricity
GR,h1637,11.868435665195463,scr2012,dem,electricity
GR,h1638,11.982047215897316,scr2012,dem,electricity
GR,h1639,12.226545247819448,scr2012,dem,electricity
GR,h1640,12.54937135077581,scr2012,dem,electricity
GR,h1641,12.842515350927364,scr2012,dem,electricity
GR,h1642,12.992061590511343,scr2012,dem,electricity
GR,h1643,12.922013713146317,scr2012,dem,electricity
GR,h1644,12.66703251512189,scr2012,dem,electricity
GR,h1645,12.32627292292922,scr2012,dem,electricity
GR,h1646,11.935087797864787,scr2012,dem,electricity
GR,h1647,11.547377548984715,scr2012,dem,electricity
GR,h1648,11.335233219527066,scr2012,dem,electricity
GR,h1649,11.441763192381343,scr2012,dem,electricity
GR,h1650,11.713155612756267,scr2012,dem,electricity
GR,h1651,12.082631645516587,scr2012,dem,electricity
GR,h1652,12.269444110128353,scr2012,dem,electricity
GR,h1653,12.32744232731168,scr2012,dem,electricity
GR,h1654,12.212537939421512,scr2012,dem,electricity
GR,h1655,11.911949249977885,scr2012,dem,electricity
GR,h1656,11.474499459274124,scr2012,dem,electricity
GR,h1657,10.898862717168948,scr2012,dem,electricity
GR,h1658,10.424655786194075,scr2012,dem,electricity
GR,h1659,10.033244884787702,scr2012,dem,electricity
GR,h1660,9.773301665079142,scr2012,dem,electricity
GR,h1661,9.620094516862443,scr2012,dem,electricity
GR,h1662,9.646547998966987,scr2012,dem,electricity
GR,h1663,9.720704294640768,scr2012,dem,electricity
GR,h1664,9.816447158668977,scr2012,dem,electricity
GR,h1665,9.930026570445465,scr2012,dem,electricity
GR,h1666,10.086775425544834,scr2012,dem,electricity
GR,h1667,10.235255363865374,scr2012,dem,electricity
GR,h1668,10.254025737876509,scr2012,dem,electricity
GR,h1669,10.089714945109561,scr2012,dem,electricity
GR,h1670,9.72765868055467,scr2012,dem,electricity
GR,h1671,9.282590453443396,scr2012,dem,electricity
GR,h1672,8.967534869039847,scr2012,dem,electricity
GR,h1673,8.93416255710626,scr2012,dem,electricity
GR,h1674,9.104172680111786,scr2012,dem,electricity
GR,h1675,9.44405269646492,scr2012,dem,electricity
GR,h1676,9.750649088324714,scr2012,dem,electricity
GR,h1677,9.971025644409654,scr2012,dem,electricity
GR,h1678,10.035283956717041,scr2012,dem,electricity
GR,h1679,9.863483944057474,scr2012,dem,electricity
GR,h1680,9.485931699598359,scr2012,dem,electricity
GR,h1681,8.935553982539062,scr2012,dem,electricity
GR,h1682,8.502321323542052,scr2012,dem,electricity
GR,h1683,8.217578305657241,scr2012,dem,electricity
GR,h1684,8.069897284862705,scr2012,dem,electricity
GR,h1685,8.013647871660275,scr2012,dem,electricity
GR,h1686,8.158434745040031,scr2012,dem,electricity
GR,h1687,8.541537641707485,scr2012,dem,electricity
GR,h1688,9.10765524342519,scr2012,dem,electricity
GR,h1689,9.616898861356493,scr2012,dem,electricity
GR,h1690,9.85316150185631,scr2012,dem,electricity
GR,h1691,9.760024670578838,scr2012,dem,electricity
GR,h1692,9.546680675632961,scr2012,dem,electricity
GR,h1693,9.3171373934136,scr2012,dem,electricity
GR,h1694,9.084596684782895,scr2012,dem,electricity
GR,h1695,8.8199333531672,scr2012,dem,electricity
GR,h1696,8.616926163663223,scr2012,dem,electricity
GR,h1697,8.59895215559647,scr2012,dem,electricity
GR,h1698,8.708519249283356,scr2012,dem,electricity
GR,h1699,9.029406141419562,scr2012,dem,electricity
GR,h1700,9.309853655429501,scr2012,dem,electricity
GR,h1701,9.450717529599487,scr2012,dem,electricity
GR,h1702,9.347946942459464,scr2012,dem,electricity
GR,h1703,8.97638162882215,scr2012,dem,electricity
GR,h1704,8.441266046021296,scr2012,dem,electricity
GR,h1705,7.742748918993589,scr2012,dem,electricity
GR,h1706,7.199377470229814,scr2012,dem,electricity
GR,h1707,6.843667493511349,scr2012,dem,electricity
GR,h1708,6.671480339898641,scr2012,dem,electricity
GR,h1709,6.6004426142967665,scr2012,dem,electricity
GR,h1710,6.694631479742844,scr2012,dem,electricity
GR,h1711,7.0264434260070265,scr2012,dem,electricity
GR,h1712,7.540898419299079,scr2012,dem,electricity
GR,h1713,8.02710333852192,scr2012,dem,electricity
GR,h1714,8.270577883260957,scr2012,dem,electricity
GR,h1715,8.239566199477213,scr2012,dem,electricity
GR,h1716,8.128575573450918,scr2012,dem,electricity
GR,h1717,7.998553613825324,scr2012,dem,electricity
GR,h1718,7.854967158596731,scr2012,dem,electricity
GR,h1719,7.658464810496852,scr2012,dem,electricity
GR,h1720,7.497529190686607,scr2012,dem,electricity
GR,h1721,7.489260848261547,scr2012,dem,electricity
GR,h1722,7.597882652303586,scr2012,dem,electricity
GR,h1723,7.942893558449285,scr2012,dem,electricity
GR,h1724,8.320229928486803,scr2012,dem,electricity
GR,h1725,8.580313577582865,scr2012,dem,electricity
GR,h1726,8.595869467631553,scr2012,dem,electricity
GR,h1727,8.29101387209366,scr2012,dem,electricity
GR,h1728,7.813363935398492,scr2012,dem,electricity
GR,h1729,7.173213297187191,scr2012,dem,electricity
GR,h1730,6.69538236041482,scr2012,dem,electricity
GR,h1731,6.404813303479875,scr2012,dem,electricity
GR,h1732,6.295625459887662,scr2012,dem,electricity
GR,h1733,6.282262981795592,scr2012,dem,electricity
GR,h1734,6.4329542783620886,scr2012,dem,electricity
GR,h1735,6.812215627740562,scr2012,dem,electricity
GR,h1736,7.376533385123643,scr2012,dem,electricity
GR,h1737,7.907522187610839,scr2012,dem,electricity
GR,h1738,8.197171550302878,scr2012,dem,electricity
GR,h1739,8.208011883123243,scr2012,dem,electricity
GR,h1740,8.134668809969783,scr2012,dem,electricity
GR,h1741,8.02792011841196,scr2012,dem,electricity
GR,h1742,7.890790191696025,scr2012,dem,electricity
GR,h1743,7.689100956374975,scr2012,dem,electricity
GR,h1744,7.5131956930677735,scr2012,dem,electricity
GR,h1745,7.478593787765576,scr2012,dem,electricity
GR,h1746,7.5545100880331955,scr2012,dem,electricity
GR,h1747,7.861880173908549,scr2012,dem,electricity
GR,h1748,8.208919013474516,scr2012,dem,electricity
GR,h1749,8.43227988438672,scr2012,dem,electricity
GR,h1750,8.408571911160816,scr2012,dem,electricity
GR,h1751,8.056442065176746,scr2012,dem,electricity
GR,h1752,7.528708788606767,scr2012,dem,electricity
GR,h1753,6.834181705696286,scr2012,dem,electricity
GR,h1754,6.289145447852728,scr2012,dem,electricity
GR,h1755,5.935053784685654,scr2012,dem,electricity
GR,h1756,5.766817231591049,scr2012,dem,electricity
GR,h1757,5.701452800422484,scr2012,dem,electricity
GR,h1758,5.79334712078397,scr2012,dem,electricity
GR,h1759,6.114488270762226,scr2012,dem,electricity
GR,h1760,6.6248007198083965,scr2012,dem,electricity
GR,h1761,7.117169777913813,scr2012,dem,electricity
GR,h1762,7.381326245624848,scr2012,dem,electricity
GR,h1763,7.380218512540831,scr2012,dem,electricity
GR,h1764,7.307639916206062,scr2012,dem,electricity
GR,h1765,7.213943817059073,scr2012,dem,electricity
GR,h1766,7.100581353745035,scr2012,dem,electricity
GR,h1767,6.9199697472735,scr2012,dem,electricity
GR,h1768,6.7496368023479745,scr2012,dem,electricity
GR,h1769,6.699032903826816,scr2012,dem,electricity
GR,h1770,6.755341412405182,scr2012,dem,electricity
GR,h1771,7.0813127425775235,scr2012,dem,electricity
GR,h1772,7.4853786109367455,scr2012,dem,electricity
GR,h1773,7.776655793092427,scr2012,dem,electricity
GR,h1774,7.8032604551481,scr2012,dem,electricity
GR,h1775,7.490713681492829,scr2012,dem,electricity
GR,h1776,7.003234210957051,scr2012,dem,electricity
GR,h1777,6.348730118408685,scr2012,dem,electricity
GR,h1778,5.84507736652779,scr2012,dem,electricity
GR,h1779,5.522461222592464,scr2012,dem,electricity
GR,h1780,5.391322666592605,scr2012,dem,electricity
GR,h1781,5.3561701992969715,scr2012,dem,electricity
GR,h1782,5.48774627881169,scr2012,dem,electricity
GR,h1783,5.854252882811645,scr2012,dem,electricity
GR,h1784,6.400070340919536,scr2012,dem,electricity
GR,h1785,6.913850394879796,scr2012,dem,electricity
GR,h1786,7.186212063333715,scr2012,dem,electricity
GR,h1787,7.209409370976245,scr2012,dem,electricity
GR,h1788,7.172811524908547,scr2012,dem,electricity
GR,h1789,7.10850673354087,scr2012,dem,electricity
GR,h1790,7.011475882320468,scr2012,dem,electricity
GR,h1791,6.8412376490632925,scr2012,dem,electricity
GR,h1792,6.686186078658655,scr2012,dem,electricity
GR,h1793,6.649653201697385,scr2012,dem,electricity
GR,h1794,6.720890147937221,scr2012,dem,electricity
GR,h1795,7.027586155002372,scr2012,dem,electricity
GR,h1796,7.4015415445798105,scr2012,dem,electricity
GR,h1797,7.653166664640764,scr2012,dem,electricity
GR,h1798,7.659159230401421,scr2012,dem,electricity
GR,h1799,7.340288373106357,scr2012,dem,electricity
GR,h1800,6.873830053874722,scr2012,dem,electricity
GR,h1801,6.256274273991653,scr2012,dem,electricity
GR,h1802,5.762770375460861,scr2012,dem,electricity
GR,h1803,5.424653192145465,scr2012,dem,electricity
GR,h1804,5.2503543930796805,scr2012,dem,electricity
GR,h1805,5.176664082103413,scr2012,dem,electricity
GR,h1806,5.21162857805038,scr2012,dem,electricity
GR,h1807,5.319486202952926,scr2012,dem,electricity
GR,h1808,5.576027180111272,scr2012,dem,electricity
GR,h1809,5.945125478194142,scr2012,dem,electricity
GR,h1810,6.312808258010088,scr2012,dem,electricity
GR,h1811,6.514909908185734,scr2012,dem,electricity
GR,h1812,6.569528267958268,scr2012,dem,electricity
GR,h1813,6.546848502283608,scr2012,dem,electricity
GR,h1814,6.455313530917217,scr2012,dem,electricity
GR,h1815,6.2891230894310715,scr2012,dem,electricity
GR,h1816,6.133431866847027,scr2012,dem,electricity
GR,h1817,6.095974207003658,scr2012,dem,electricity
GR,h1818,6.188256296616399,scr2012,dem,electricity
GR,h1819,6.542217888318306,scr2012,dem,electricity
GR,h1820,6.967217997523388,scr2012,dem,electricity
GR,h1821,7.278452539467522,scr2012,dem,electricity
GR,h1822,7.309088232624866,scr2012,dem,electricity
GR,h1823,7.054660934269886,scr2012,dem,electricity
GR,h1824,6.6403358507377295,scr2012,dem,electricity
GR,h1825,6.0951876459403715,scr2012,dem,electricity
GR,h1826,5.65399257917484,scr2012,dem,electricity
GR,h1827,5.3559556404401345,scr2012,dem,electricity
GR,h1828,5.218917737768813,scr2012,dem,electricity
GR,h1829,5.159860185789297,scr2012,dem,electricity
GR,h1830,5.215159860678503,scr2012,dem,electricity
GR,h1831,5.277613054857332,scr2012,dem,electricity
GR,h1832,5.4010806759273615,scr2012,dem,electricity
GR,h1833,5.633115693089687,scr2012,dem,electricity
GR,h1834,5.9973223461973575,scr2012,dem,electricity
GR,h1835,6.385541367395615,scr2012,dem,electricity
GR,h1836,6.661871190370982,scr2012,dem,electricity
GR,h1837,6.754526197443931,scr2012,dem,electricity
GR,h1838,6.624577317571466,scr2012,dem,electricity
GR,h1839,6.3588547260586505,scr2012,dem,electricity
GR,h1840,6.1250904573556975,scr2012,dem,electricity
GR,h1841,6.076834118293168,scr2012,dem,electricity
GR,h1842,6.2139808615614855,scr2012,dem,electricity
GR,h1843,6.598167968166699,scr2012,dem,electricity
GR,h1844,7.083169032023839,scr2012,dem,electricity
GR,h1845,7.487373402461075,scr2012,dem,electricity
GR,h1846,7.6882819347082,scr2012,dem,electricity
GR,h1847,7.594524499734509,scr2012,dem,electricity
GR,h1848,7.286454058182442,scr2012,dem,electricity
GR,h1849,6.810926720461092,scr2012,dem,electricity
GR,h1850,6.451309836258524,scr2012,dem,electricity
GR,h1851,6.265640348126359,scr2012,dem,electricity
GR,h1852,6.228858121502195,scr2012,dem,electricity
GR,h1853,6.269914925909274,scr2012,dem,electricity
GR,h1854,6.483315934173404,scr2012,dem,electricity
GR,h1855,6.90957234376599,scr2012,dem,electricity
GR,h1856,7.543246429747016,scr2012,dem,electricity
GR,h1857,8.156392016516945,scr2012,dem,electricity
GR,h1858,8.544069620282269,scr2012,dem,electricity
GR,h1859,8.616252697809097,scr2012,dem,electricity
GR,h1860,8.573824050653945,scr2012,dem,electricity
GR,h1861,8.505442937733013,scr2012,dem,electricity
GR,h1862,8.413523726279559,scr2012,dem,electricity
GR,h1863,8.274513320379342,scr2012,dem,electricity
GR,h1864,8.17323080520516,scr2012,dem,electricity
GR,h1865,8.252437244985119,scr2012,dem,electricity
GR,h1866,8.453588153981679,scr2012,dem,electricity
GR,h1867,8.855041455524463,scr2012,dem,electricity
GR,h1868,9.250327423782124,scr2012,dem,electricity
GR,h1869,9.516831688361064,scr2012,dem,electricity
GR,h1870,9.562987596942559,scr2012,dem,electricity
GR,h1871,9.302670253736029,scr2012,dem,electricity
GR,h1872,8.868071355251528,scr2012,dem,electricity
GR,h1873,8.277004251838218,scr2012,dem,electricity
GR,h1874,7.841281462163392,scr2012,dem,electricity
GR,h1875,7.588847273679639,scr2012,dem,electricity
GR,h1876,7.508293083771778,scr2012,dem,electricity
GR,h1877,7.5323253264754175,scr2012,dem,electricity
GR,h1878,7.730378554439211,scr2012,dem,electricity
GR,h1879,8.166769551927837,scr2012,dem,electricity
GR,h1880,8.783196581427669,scr2012,dem,electricity
GR,h1881,9.351943636849422,scr2012,dem,electricity
GR,h1882,9.649672500187013,scr2012,dem,electricity
GR,h1883,9.641853203356751,scr2012,dem,electricity
GR,h1884,9.533676686874163,scr2012,dem,electricity
GR,h1885,9.396250324283978,scr2012,dem,electricity
GR,h1886,9.236979012205843,scr2012,dem,electricity
GR,h1887,9.029072870211156,scr2012,dem,electricity
GR,h1888,8.889754184598598,scr2012,dem,electricity
GR,h1889,8.951177490281674,scr2012,dem,electricity
GR,h1890,9.132306916828123,scr2012,dem,electricity
GR,h1891,9.451083909153475,scr2012,dem,electricity
GR,h1892,9.778678217965927,scr2012,dem,electricity
GR,h1893,9.987438469000498,scr2012,dem,electricity
GR,h1894,10.023345695210036,scr2012,dem,electricity
GR,h1895,9.71452661403369,scr2012,dem,electricity
GR,h1896,9.233702404080367,scr2012,dem,electricity
GR,h1897,8.589217977157011,scr2012,dem,electricity
GR,h1898,8.100973416788461,scr2012,dem,electricity
GR,h1899,7.782729690291376,scr2012,dem,electricity
GR,h1900,7.640434955997302,scr2012,dem,electricity
GR,h1901,7.606326377968953,scr2012,dem,electricity
GR,h1902,7.75437970271523,scr2012,dem,electricity
GR,h1903,8.137186668436733,scr2012,dem,electricity
GR,h1904,8.703566677613598,scr2012,dem,electricity
GR,h1905,9.222070343837691,scr2012,dem,electricity
GR,h1906,9.478508387317927,scr2012,dem,electricity
GR,h1907,9.438430208099962,scr2012,dem,electricity
GR,h1908,9.30714220212457,scr2012,dem,electricity
GR,h1909,9.154021652007907,scr2012,dem,electricity
GR,h1910,8.982382860776347,scr2012,dem,electricity
GR,h1911,8.763365589961873,scr2012,dem,electricity
GR,h1912,8.604352194842686,scr2012,dem,electricity
GR,h1913,8.632062454320769,scr2012,dem,electricity
GR,h1914,8.776558794015122,scr2012,dem,electricity
GR,h1915,9.08143409254551,scr2012,dem,electricity
GR,h1916,9.418096353055988,scr2012,dem,electricity
GR,h1917,9.64126951180547,scr2012,dem,electricity
GR,h1918,9.679470043726667,scr2012,dem,electricity
GR,h1919,9.372703093766683,scr2012,dem,electricity
GR,h1920,8.895803769073133,scr2012,dem,electricity
GR,h1921,8.255739604459995,scr2012,dem,electricity
GR,h1922,7.758769413720481,scr2012,dem,electricity
GR,h1923,7.4392926153275925,scr2012,dem,electricity
GR,h1924,7.302561943250049,scr2012,dem,electricity
GR,h1925,7.285278397514206,scr2012,dem,electricity
GR,h1926,7.449713904110175,scr2012,dem,electricity
GR,h1927,7.847738287957618,scr2012,dem,electricity
GR,h1928,8.431180098629966,scr2012,dem,electricity
GR,h1929,8.97138935957459,scr2012,dem,electricity
GR,h1930,9.252899759849596,scr2012,dem,electricity
GR,h1931,9.239408804250546,scr2012,dem,electricity
GR,h1932,9.133529829818924,scr2012,dem,electricity
GR,h1933,9.007849209189404,scr2012,dem,electricity
GR,h1934,8.868477026797953,scr2012,dem,electricity
GR,h1935,8.680345313957268,scr2012,dem,electricity
GR,h1936,8.549338641752149,scr2012,dem,electricity
GR,h1937,8.60500604874392,scr2012,dem,electricity
GR,h1938,8.779308052008695,scr2012,dem,electricity
GR,h1939,9.121073659084294,scr2012,dem,electricity
GR,h1940,9.491758892690891,scr2012,dem,electricity
GR,h1941,9.751341094264093,scr2012,dem,electricity
GR,h1942,9.826303154631269,scr2012,dem,electricity
GR,h1943,9.560243535830429,scr2012,dem,electricity
GR,h1944,9.124503184269722,scr2012,dem,electricity
GR,h1945,8.519996047401852,scr2012,dem,electricity
GR,h1946,8.06871491235198,scr2012,dem,electricity
GR,h1947,7.776413238745938,scr2012,dem,electricity
GR,h1948,7.671042692930764,scr2012,dem,electricity
GR,h1949,7.6725112446529495,scr2012,dem,electricity
GR,h1950,7.874922971514987,scr2012,dem,electricity
GR,h1951,8.310526492887465,scr2012,dem,electricity
GR,h1952,8.921950548187326,scr2012,dem,electricity
GR,h1953,9.475062859270057,scr2012,dem,electricity
GR,h1954,9.761838383591968,scr2012,dem,electricity
GR,h1955,9.761129801942577,scr2012,dem,electricity
GR,h1956,9.670982610290984,scr2012,dem,electricity
GR,h1957,9.549750227791423,scr2012,dem,electricity
GR,h1958,9.401746734073493,scr2012,dem,electricity
GR,h1959,9.212820363338173,scr2012,dem,electricity
GR,h1960,9.111444089684428,scr2012,dem,electricity
GR,h1961,9.226557842984613,scr2012,dem,electricity
GR,h1962,9.462189477122182,scr2012,dem,electricity
GR,h1963,9.813771148720637,scr2012,dem,electricity
GR,h1964,10.140763383585089,scr2012,dem,electricity
GR,h1965,10.359052161995374,scr2012,dem,electricity
GR,h1966,10.426921725246478,scr2012,dem,electricity
GR,h1967,10.18400306737824,scr2012,dem,electricity
GR,h1968,9.789562690480524,scr2012,dem,electricity
GR,h1969,9.245869864423156,scr2012,dem,electricity
GR,h1970,8.83685343002885,scr2012,dem,electricity
GR,h1971,8.550973823266562,scr2012,dem,electricity
GR,h1972,8.409796544289831,scr2012,dem,electricity
GR,h1973,8.381803923253734,scr2012,dem,electricity
GR,h1974,8.510058391840127,scr2012,dem,electricity
GR,h1975,8.740175395801502,scr2012,dem,electricity
GR,h1976,9.102947471001128,scr2012,dem,electricity
GR,h1977,9.503423310335679,scr2012,dem,electricity
GR,h1978,9.826798382486713,scr2012,dem,electricity
GR,h1979,9.932818282297585,scr2012,dem,electricity
GR,h1980,9.884392518734108,scr2012,dem,electricity
GR,h1981,9.755330774914789,scr2012,dem,electricity
GR,h1982,9.563776585262968,scr2012,dem,electricity
GR,h1983,9.329321856135557,scr2012,dem,electricity
GR,h1984,9.194579824512974,scr2012,dem,electricity
GR,h1985,9.294395935365234,scr2012,dem,electricity
GR,h1986,9.527056049002974,scr2012,dem,electricity
GR,h1987,9.879027100818643,scr2012,dem,electricity
GR,h1988,10.191105956394592,scr2012,dem,electricity
GR,h1989,10.40579259467241,scr2012,dem,electricity
GR,h1990,10.442776941275092,scr2012,dem,electricity
GR,h1991,10.208863668668288,scr2012,dem,electricity
GR,h1992,9.803780941366943,scr2012,dem,electricity
GR,h1993,9.261281022614824,scr2012,dem,electricity
GR,h1994,8.82581670770313,scr2012,dem,electricity
GR,h1995,8.51508160049946,scr2012,dem,electricity
GR,h1996,8.343611196784343,scr2012,dem,electricity
GR,h1997,8.25896490154759,scr2012,dem,electricity
GR,h1998,8.327967000723891,scr2012,dem,electricity
GR,h1999,8.466101958828403,scr2012,dem,electricity
GR,h2000,8.611556977065016,scr2012,dem,electricity
GR,h2001,8.75400097298409,scr2012,dem,electricity
GR,h2002,8.930718259311634,scr2012,dem,electricity
GR,h2003,9.123441251190334,scr2012,dem,electricity
GR,h2004,9.243960207479256,scr2012,dem,electricity
GR,h2005,9.185870139492899,scr2012,dem,electricity
GR,h2006,8.928458137957572,scr2012,dem,electricity
GR,h2007,8.538616025374047,scr2012,dem,electricity
GR,h2008,8.231004346761019,scr2012,dem,electricity
GR,h2009,8.14671785327682,scr2012,dem,electricity
GR,h2010,8.196008334078435,scr2012,dem,electricity
GR,h2011,8.21276081131521,scr2012,dem,electricity
GR,h2012,8.375108668032222,scr2012,dem,electricity
GR,h2013,8.734398385178016,scr2012,dem,electricity
GR,h2014,9.078007212731913,scr2012,dem,electricity
GR,h2015,9.151378510456146,scr2012,dem,electricity
GR,h2016,8.834959419997453,scr2012,dem,electricity
GR,h2017,8.391535909263293,scr2012,dem,electricity
GR,h2018,7.94145384556321,scr2012,dem,electricity
GR,h2019,7.631158303794752,scr2012,dem,electricity
GR,h2020,7.488877644123574,scr2012,dem,electricity
GR,h2021,7.454265340882998,scr2012,dem,electricity
GR,h2022,7.610540623128506,scr2012,dem,electricity
GR,h2023,8.02409500013931,scr2012,dem,electricity
GR,h2024,8.597350045683108,scr2012,dem,electricity
GR,h2025,9.10122601063157,scr2012,dem,electricity
GR,h2026,9.355715886906754,scr2012,dem,electricity
GR,h2027,9.357919012404372,scr2012,dem,electricity
GR,h2028,9.274668387777805,scr2012,dem,electricity
GR,h2029,9.149889646751653,scr2012,dem,electricity
GR,h2030,8.991501226881217,scr2012,dem,electricity
GR,h2031,8.783318867617716,scr2012,dem,electricity
GR,h2032,8.629841421346978,scr2012,dem,electricity
GR,h2033,8.64282375187664,scr2012,dem,electricity
GR,h2034,8.730758688897874,scr2012,dem,electricity
GR,h2035,8.7996871317424,scr2012,dem,electricity
GR,h2036,8.998444390578841,scr2012,dem,electricity
GR,h2037,9.354691233494899,scr2012,dem,electricity
GR,h2038,9.642290124134819,scr2012,dem,electricity
GR,h2039,9.60698624152298,scr2012,dem,electricity
GR,h2040,9.200061446636292,scr2012,dem,electricity
GR,h2041,8.678791713399942,scr2012,dem,electricity
GR,h2042,8.181992553344205,scr2012,dem,electricity
GR,h2043,7.85284726200924,scr2012,dem,electricity
GR,h2044,7.723697280631672,scr2012,dem,electricity
GR,h2045,7.734586906356643,scr2012,dem,electricity
GR,h2046,7.928509934097601,scr2012,dem,electricity
GR,h2047,8.391588411745351,scr2012,dem,electricity
GR,h2048,9.006562669772,scr2012,dem,electricity
GR,h2049,9.547507682333661,scr2012,dem,electricity
GR,h2050,9.799230820626438,scr2012,dem,electricity
GR,h2051,9.776278478087074,scr2012,dem,electricity
GR,h2052,9.660015645005846,scr2012,dem,electricity
GR,h2053,9.504824098211152,scr2012,dem,electricity
GR,h2054,9.325747142743994,scr2012,dem,electricity
GR,h2055,9.091808338613264,scr2012,dem,electricity
GR,h2056,8.91752227514162,scr2012,dem,electricity
GR,h2057,8.919710839867863,scr2012,dem,electricity
GR,h2058,8.997790601178012,scr2012,dem,electricity
GR,h2059,9.009879550464753,scr2012,dem,electricity
GR,h2060,9.154708434908379,scr2012,dem,electricity
GR,h2061,9.444102885460147,scr2012,dem,electricity
GR,h2062,9.69788378578725,scr2012,dem,electricity
GR,h2063,9.609912341513233,scr2012,dem,electricity
GR,h2064,9.160452175814495,scr2012,dem,electricity
GR,h2065,8.58210510045787,scr2012,dem,electricity
GR,h2066,8.023625688108469,scr2012,dem,electricity
GR,h2067,7.6217367644521605,scr2012,dem,electricity
GR,h2068,7.433831926670896,scr2012,dem,electricity
GR,h2069,7.3854079754123205,scr2012,dem,electricity
GR,h2070,7.522449449515725,scr2012,dem,electricity
GR,h2071,7.921836864285048,scr2012,dem,electricity
GR,h2072,8.483602476770862,scr2012,dem,electricity
GR,h2073,8.985050627225585,scr2012,dem,electricity
GR,h2074,9.221394268092824,scr2012,dem,electricity
GR,h2075,9.199880646490584,scr2012,dem,electricity
GR,h2076,9.097732234992547,scr2012,dem,electricity
GR,h2077,8.962679225866724,scr2012,dem,electricity
GR,h2078,8.807273511084524,scr2012,dem,electricity
GR,h2079,8.59517132759002,scr2012,dem,electricity
GR,h2080,8.432489657730452,scr2012,dem,electricity
GR,h2081,8.430531673141516,scr2012,dem,electricity
GR,h2082,8.506803541327125,scr2012,dem,electricity
GR,h2083,8.536874560395939,scr2012,dem,electricity
GR,h2084,8.718219259565807,scr2012,dem,electricity
GR,h2085,9.050648930351837,scr2012,dem,electricity
GR,h2086,9.340412517089177,scr2012,dem,electricity
GR,h2087,9.293354926571586,scr2012,dem,electricity
GR,h2088,8.883091619456646,scr2012,dem,electricity
GR,h2089,8.345975040202264,scr2012,dem,electricity
GR,h2090,7.817849765360828,scr2012,dem,electricity
GR,h2091,7.449594974985676,scr2012,dem,electricity
GR,h2092,7.295360651630014,scr2012,dem,electricity
GR,h2093,7.284208058172632,scr2012,dem,electricity
GR,h2094,7.456518989096775,scr2012,dem,electricity
GR,h2095,7.8874868100421995,scr2012,dem,electricity
GR,h2096,8.473184816622455,scr2012,dem,electricity
GR,h2097,8.990052268330281,scr2012,dem,electricity
GR,h2098,9.232018694540274,scr2012,dem,electricity
GR,h2099,9.21027872264141,scr2012,dem,electricity
GR,h2100,9.101202556079507,scr2012,dem,electricity
GR,h2101,8.954208920859541,scr2012,dem,electricity
GR,h2102,8.779222147760908,scr2012,dem,electricity
GR,h2103,8.539122861898225,scr2012,dem,electricity
GR,h2104,8.334891115019692,scr2012,dem,electricity
GR,h2105,8.280474630135448,scr2012,dem,electricity
GR,h2106,8.291906140170227,scr2012,dem,electricity
GR,h2107,8.278606890088993,scr2012,dem,electricity
GR,h2108,8.416576940038,scr2012,dem,electricity
GR,h2109,8.714198311541159,scr2012,dem,electricity
GR,h2110,8.948365517175922,scr2012,dem,electricity
GR,h2111,8.84657418390825,scr2012,dem,electricity
GR,h2112,8.369251650300633,scr2012,dem,electricity
GR,h2113,7.754942416687204,scr2012,dem,electricity
GR,h2114,7.160649568077123,scr2012,dem,electricity
GR,h2115,6.717858647945904,scr2012,dem,electricity
GR,h2116,6.4963910149595225,scr2012,dem,electricity
GR,h2117,6.397296259219834,scr2012,dem,electricity
GR,h2118,6.477325771391924,scr2012,dem,electricity
GR,h2119,6.796042995493401,scr2012,dem,electricity
GR,h2120,7.281311931693235,scr2012,dem,electricity
GR,h2121,7.733541384214844,scr2012,dem,electricity
GR,h2122,7.959902081211691,scr2012,dem,electricity
GR,h2123,7.95437167387508,scr2012,dem,electricity
GR,h2124,7.8764400675518615,scr2012,dem,electricity
GR,h2125,7.759610918621295,scr2012,dem,electricity
GR,h2126,7.611443103881044,scr2012,dem,electricity
GR,h2127,7.393612968215627,scr2012,dem,electricity
GR,h2128,7.202970207610707,scr2012,dem,electricity
GR,h2129,7.1247613728755175,scr2012,dem,electricity
GR,h2130,7.114296396854068,scr2012,dem,electricity
GR,h2131,7.1184682072255985,scr2012,dem,electricity
GR,h2132,7.297038312414921,scr2012,dem,electricity
GR,h2133,7.647226290149974,scr2012,dem,electricity
GR,h2134,7.908167901535828,scr2012,dem,electricity
GR,h2135,7.850413644457557,scr2012,dem,electricity
GR,h2136,7.434583908567361,scr2012,dem,electricity
GR,h2137,6.904290143826183,scr2012,dem,electricity
GR,h2138,6.380759299734294,scr2012,dem,electricity
GR,h2139,5.990011415844554,scr2012,dem,electricity
GR,h2140,5.792327320659455,scr2012,dem,electricity
GR,h2141,5.720224543100967,scr2012,dem,electricity
GR,h2142,5.767297753858275,scr2012,dem,electricity
GR,h2143,5.9368988716144555,scr2012,dem,electricity
GR,h2144,6.225488865445124,scr2012,dem,electricity
GR,h2145,6.582665012561173,scr2012,dem,electricity
GR,h2146,6.899266218880729,scr2012,dem,electricity
GR,h2147,7.083401223265217,scr2012,dem,electricity
GR,h2148,7.155197059836361,scr2012,dem,electricity
GR,h2149,7.1375803083285705,scr2012,dem,electricity
GR,h2150,7.038802585371432,scr2012,dem,electricity
GR,h2151,6.8483818837966215,scr2012,dem,electricity
GR,h2152,6.672223480836641,scr2012,dem,electricity
GR,h2153,6.60021023926958,scr2012,dem,electricity
GR,h2154,6.6005695027733475,scr2012,dem,electricity
GR,h2155,6.635971671394145,scr2012,dem,electricity
GR,h2156,6.8574674068941865,scr2012,dem,electricity
GR,h2157,7.266469498847779,scr2012,dem,electricity
GR,h2158,7.552500069043261,scr2012,dem,electricity
GR,h2159,7.545101686390168,scr2012,dem,electricity
GR,h2160,7.14995071990444,scr2012,dem,electricity
HR,h1441,8.91582716470905,scr2012,dem,electricity
HR,h1442,8.819818409206533,scr2012,dem,electricity
HR,h1443,8.726342085178166,scr2012,dem,electricity
HR,h1444,8.670288118358732,scr2012,dem,electricity
HR,h1445,8.689588179684721,scr2012,dem,electricity
HR,h1446,8.877862409135904,scr2012,dem,electricity
HR,h1447,9.21015961208316,scr2012,dem,electricity
HR,h1448,9.56434868787666,scr2012,dem,electricity
HR,h1449,9.771949981889097,scr2012,dem,electricity
HR,h1450,9.752832052170843,scr2012,dem,electricity
HR,h1451,9.559791062178137,scr2012,dem,electricity
HR,h1452,9.301298007425267,scr2012,dem,electricity
HR,h1453,9.02504693372251,scr2012,dem,electricity
HR,h1454,8.755518629505334,scr2012,dem,electricity
HR,h1455,8.537672493783216,scr2012,dem,electricity
HR,h1456,8.512316259355998,scr2012,dem,electricity
HR,h1457,8.779025817937884,scr2012,dem,electricity
HR,h1458,9.144082673578533,scr2012,dem,electricity
HR,h1459,9.385728238358475,scr2012,dem,electricity
HR,h1460,9.360917446081968,scr2012,dem,electricity
HR,h1461,9.270582549838783,scr2012,dem,electricity
HR,h1462,9.245015510811788,scr2012,dem,electricity
HR,h1463,9.220252818781757,scr2012,dem,electricity
HR,h1464,9.173317383051982,scr2012,dem,electricity
HR,h1465,9.071081284990827,scr2012,dem,electricity
HR,h1466,9.015378006336924,scr2012,dem,electricity
HR,h1467,8.948771114752061,scr2012,dem,electricity
HR,h1468,8.91045882516349,scr2012,dem,electricity
HR,h1469,8.951686789300854,scr2012,dem,electricity
HR,h1470,9.147888059127975,scr2012,dem,electricity
HR,h1471,9.440325565090081,scr2012,dem,electricity
HR,h1472,9.728783935091847,scr2012,dem,electricity
HR,h1473,9.909660978266482,scr2012,dem,electricity
HR,h1474,9.935780606825853,scr2012,dem,electricity
HR,h1475,9.828899352190009,scr2012,dem,electricity
HR,h1476,9.625151190614966,scr2012,dem,electricity
HR,h1477,9.380643480538906,scr2012,dem,electricity
HR,h1478,9.125196823617571,scr2012,dem,electricity
HR,h1479,8.928815507700463,scr2012,dem,electricity
HR,h1480,8.943452750759583,scr2012,dem,electricity
HR,h1481,9.276642883027575,scr2012,dem,electricity
HR,h1482,9.715397534916047,scr2012,dem,electricity
HR,h1483,10.010104543313329,scr2012,dem,electricity
HR,h1484,10.008690898669968,scr2012,dem,electricity
HR,h1485,9.950642676291904,scr2012,dem,electricity
HR,h1486,9.970676446992917,scr2012,dem,electricity
HR,h1487,10.00241632758823,scr2012,dem,electricity
HR,h1488,10.009622775546271,scr2012,dem,electricity
HR,h1489,9.96451949925631,scr2012,dem,electricity
HR,h1490,9.965632150783662,scr2012,dem,electricity
HR,h1491,9.934047180697211,scr2012,dem,electricity
HR,h1492,9.917440492215036,scr2012,dem,electricity
HR,h1493,9.977465572291258,scr2012,dem,electricity
HR,h1494,10.205740151034597,scr2012,dem,electricity
HR,h1495,10.512305205104944,scr2012,dem,electricity
HR,h1496,10.782243702110787,scr2012,dem,electricity
HR,h1497,10.910406517209944,scr2012,dem,electricity
HR,h1498,10.899097650499872,scr2012,dem,electricity
HR,h1499,10.794749124463818,scr2012,dem,electricity
HR,h1500,10.604808093548215,scr2012,dem,electricity
HR,h1501,10.337907684933098,scr2012,dem,electricity
HR,h1502,10.013619992731195,scr2012,dem,electricity
HR,h1503,9.73310175327778,scr2012,dem,electricity
HR,h1504,9.690964659741292,scr2012,dem,electricity
HR,h1505,10.003907304922084,scr2012,dem,electricity
HR,h1506,10.439084669665935,scr2012,dem,electricity
HR,h1507,10.708547518094747,scr2012,dem,electricity
HR,h1508,10.670648737706381,scr2012,dem,electricity
HR,h1509,10.592068603684345,scr2012,dem,electricity
HR,h1510,10.621958551980539,scr2012,dem,electricity
HR,h1511,10.66019396174058,scr2012,dem,electricity
HR,h1512,10.645642640986056,scr2012,dem,electricity
HR,h1513,10.563334561344709,scr2012,dem,electricity
HR,h1514,10.535901038303255,scr2012,dem,electricity
HR,h1515,10.48645010493145,scr2012,dem,electricity
HR,h1516,10.44799290665728,scr2012,dem,electricity
HR,h1517,10.48742141366515,scr2012,dem,electricity
HR,h1518,10.722941532515586,scr2012,dem,electricity
HR,h1519,11.118849674061206,scr2012,dem,electricity
HR,h1520,11.529555430273138,scr2012,dem,electricity
HR,h1521,11.75752443719213,scr2012,dem,electricity
HR,h1522,11.715854725837303,scr2012,dem,electricity
HR,h1523,11.461656321551947,scr2012,dem,electricity
HR,h1524,11.1194476539966,scr2012,dem,electricity
HR,h1525,10.763710925178419,scr2012,dem,electricity
HR,h1526,10.426239279227074,scr2012,dem,electricity
HR,h1527,10.167100704759452,scr2012,dem,electricity
HR,h1528,10.145192473795769,scr2012,dem,electricity
HR,h1529,10.47416098256357,scr2012,dem,electricity
HR,h1530,10.906362615590941,scr2012,dem,electricity
HR,h1531,11.162979092601427,scr2012,dem,electricity
HR,h1532,11.089039479727239,scr2012,dem,electricity
HR,h1533,10.955117821293584,scr2012,dem,electricity
HR,h1534,10.921681831794395,scr2012,dem,electricity
HR,h1535,10.894730137004663,scr2012,dem,electricity
HR,h1536,10.837158726359434,scr2012,dem,electricity
HR,h1537,10.714643174386909,scr2012,dem,electricity
HR,h1538,10.654891136264137,scr2012,dem,electricity
HR,h1539,10.583412230892122,scr2012,dem,electricity
HR,h1540,10.541194357659368,scr2012,dem,electricity
HR,h1541,10.587555895104995,scr2012,dem,electricity
HR,h1542,10.82928266811481,scr2012,dem,electricity
HR,h1543,11.229166177406794,scr2012,dem,electricity
HR,h1544,11.643754664345911,scr2012,dem,electricity
HR,h1545,11.868424216247478,scr2012,dem,electricity
HR,h1546,11.823018771230863,scr2012,dem,electricity
HR,h1547,11.568329330806158,scr2012,dem,electricity
HR,h1548,11.232876662607955,scr2012,dem,electricity
HR,h1549,10.880578613996787,scr2012,dem,electricity
HR,h1550,10.541798310161825,scr2012,dem,electricity
HR,h1551,10.279379780607494,scr2012,dem,electricity
HR,h1552,10.258816308144032,scr2012,dem,electricity
HR,h1553,10.598378283029021,scr2012,dem,electricity
HR,h1554,11.039010833359807,scr2012,dem,electricity
HR,h1555,11.300321287489616,scr2012,dem,electricity
HR,h1556,11.226867648739212,scr2012,dem,electricity
HR,h1557,11.096398008903654,scr2012,dem,electricity
HR,h1558,11.069836737711368,scr2012,dem,electricity
HR,h1559,11.045788802431447,scr2012,dem,electricity
HR,h1560,10.988281657287992,scr2012,dem,electricity
HR,h1561,10.86540442895898,scr2012,dem,electricity
HR,h1562,10.807138085179332,scr2012,dem,electricity
HR,h1563,10.734717182705113,scr2012,dem,electricity
HR,h1564,10.689267403183928,scr2012,dem,electricity
HR,h1565,10.731935600556382,scr2012,dem,electricity
HR,h1566,10.973009694544997,scr2012,dem,electricity
HR,h1567,11.370997604094068,scr2012,dem,electricity
HR,h1568,11.78411455230915,scr2012,dem,electricity
HR,h1569,12.00228952194909,scr2012,dem,electricity
HR,h1570,11.948824658932088,scr2012,dem,electricity
HR,h1571,11.68442794486477,scr2012,dem,electricity
HR,h1572,11.341134548296953,scr2012,dem,electricity
HR,h1573,10.981470718966142,scr2012,dem,electricity
HR,h1574,10.63496685987022,scr2012,dem,electricity
HR,h1575,10.365971099228046,scr2012,dem,electricity
HR,h1576,10.340467736226708,scr2012,dem,electricity
HR,h1577,10.675182229426836,scr2012,dem,electricity
HR,h1578,11.108317538247235,scr2012,dem,electricity
HR,h1579,11.358493706551013,scr2012,dem,electricity
HR,h1580,11.27401610322483,scr2012,dem,electricity
HR,h1581,11.132700721668188,scr2012,dem,electricity
HR,h1582,11.096220362056954,scr2012,dem,electricity
HR,h1583,11.060256079359872,scr2012,dem,electricity
HR,h1584,10.989956996001117,scr2012,dem,electricity
HR,h1585,10.852439346329698,scr2012,dem,electricity
HR,h1586,10.775508470676307,scr2012,dem,electricity
HR,h1587,10.684049565495497,scr2012,dem,electricity
HR,h1588,10.61880148819331,scr2012,dem,electricity
HR,h1589,10.642288541178193,scr2012,dem,electricity
HR,h1590,10.860841492469886,scr2012,dem,electricity
HR,h1591,11.2350401092693,scr2012,dem,electricity
HR,h1592,11.622450052889976,scr2012,dem,electricity
HR,h1593,11.815196340562657,scr2012,dem,electricity
HR,h1594,11.736892095442771,scr2012,dem,electricity
HR,h1595,11.45005129678781,scr2012,dem,electricity
HR,h1596,11.087490624015038,scr2012,dem,electricity
HR,h1597,10.710571015856063,scr2012,dem,electricity
HR,h1598,10.347975498890579,scr2012,dem,electricity
HR,h1599,10.058954301795463,scr2012,dem,electricity
HR,h1600,10.002886489368132,scr2012,dem,electricity
HR,h1601,10.29003344386718,scr2012,dem,electricity
HR,h1602,10.665859140435396,scr2012,dem,electricity
HR,h1603,10.874517760544803,scr2012,dem,electricity
HR,h1604,10.768401229965837,scr2012,dem,electricity
HR,h1605,10.610811439474286,scr2012,dem,electricity
HR,h1606,10.544672356979701,scr2012,dem,electricity
HR,h1607,10.470675917102305,scr2012,dem,electricity
HR,h1608,10.359465491101346,scr2012,dem,electricity
HR,h1609,10.182611891771874,scr2012,dem,electricity
HR,h1610,10.070053557914038,scr2012,dem,electricity
HR,h1611,9.944669695140488,scr2012,dem,electricity
HR,h1612,9.845973665576345,scr2012,dem,electricity
HR,h1613,9.8266439816316,scr2012,dem,electricity
HR,h1614,9.990566408059882,scr2012,dem,electricity
HR,h1615,10.305009643766788,scr2012,dem,electricity
HR,h1616,10.636472990075733,scr2012,dem,electricity
HR,h1617,10.792676367431687,scr2012,dem,electricity
HR,h1618,10.698521499782537,scr2012,dem,electricity
HR,h1619,10.41509259046759,scr2012,dem,electricity
HR,h1620,10.070850415432039,scr2012,dem,electricity
HR,h1621,9.713570339925164,scr2012,dem,electricity
HR,h1622,9.370390092547272,scr2012,dem,electricity
HR,h1623,9.090593648589657,scr2012,dem,electricity
HR,h1624,9.022618528981251,scr2012,dem,electricity
HR,h1625,9.258553636625232,scr2012,dem,electricity
HR,h1626,9.57950494425171,scr2012,dem,electricity
HR,h1627,9.764267492732348,scr2012,dem,electricity
HR,h1628,9.684411762964299,scr2012,dem,electricity
HR,h1629,9.553089298890933,scr2012,dem,electricity
HR,h1630,9.491215193542102,scr2012,dem,electricity
HR,h1631,9.412799065484306,scr2012,dem,electricity
HR,h1632,9.307544791891097,scr2012,dem,electricity
HR,h1633,9.144073806875642,scr2012,dem,electricity
HR,h1634,9.032463980203225,scr2012,dem,electricity
HR,h1635,8.909316280444408,scr2012,dem,electricity
HR,h1636,8.81317519955397,scr2012,dem,electricity
HR,h1637,8.794870576600676,scr2012,dem,electricity
HR,h1638,8.925689025592543,scr2012,dem,electricity
HR,h1639,9.145379842004234,scr2012,dem,electricity
HR,h1640,9.371676648824687,scr2012,dem,electricity
HR,h1641,9.494638918869741,scr2012,dem,electricity
HR,h1642,9.470785305540145,scr2012,dem,electricity
HR,h1643,9.307469666717147,scr2012,dem,electricity
HR,h1644,9.055143937107074,scr2012,dem,electricity
HR,h1645,8.77157188458444,scr2012,dem,electricity
HR,h1646,8.484720378137268,scr2012,dem,electricity
HR,h1647,8.25340452164825,scr2012,dem,electricity
HR,h1648,8.212839848596378,scr2012,dem,electricity
HR,h1649,8.454091976929476,scr2012,dem,electricity
HR,h1650,8.784809335123413,scr2012,dem,electricity
HR,h1651,9.00817451297448,scr2012,dem,electricity
HR,h1652,8.989076715455678,scr2012,dem,electricity
HR,h1653,8.9225525995552,scr2012,dem,electricity
HR,h1654,8.900298216279745,scr2012,dem,electricity
HR,h1655,8.863095031077956,scr2012,dem,electricity
HR,h1656,8.792411655950108,scr2012,dem,electricity
HR,h1657,8.66880362250534,scr2012,dem,electricity
HR,h1658,8.59116894938973,scr2012,dem,electricity
HR,h1659,8.496370325489492,scr2012,dem,electricity
HR,h1660,8.424780345286527,scr2012,dem,electricity
HR,h1661,8.418757272617448,scr2012,dem,electricity
HR,h1662,8.55371688781689,scr2012,dem,electricity
HR,h1663,8.746030671617735,scr2012,dem,electricity
HR,h1664,8.915674613763704,scr2012,dem,electricity
HR,h1665,8.982760121578607,scr2012,dem,electricity
HR,h1666,8.954440381281751,scr2012,dem,electricity
HR,h1667,8.851069458501406,scr2012,dem,electricity
HR,h1668,8.67038720718979,scr2012,dem,electricity
HR,h1669,8.417078533059785,scr2012,dem,electricity
HR,h1670,8.102975542558282,scr2012,dem,electricity
HR,h1671,7.813448131347044,scr2012,dem,electricity
HR,h1672,7.704425885951376,scr2012,dem,electricity
HR,h1673,7.870496912144097,scr2012,dem,electricity
HR,h1674,8.135219735361572,scr2012,dem,electricity
HR,h1675,8.303687025120722,scr2012,dem,electricity
HR,h1676,8.270446946607906,scr2012,dem,electricity
HR,h1677,8.20321899090271,scr2012,dem,electricity
HR,h1678,8.189660566885633,scr2012,dem,electricity
HR,h1679,8.143296576706112,scr2012,dem,electricity
HR,h1680,8.035592930266505,scr2012,dem,electricity
HR,h1681,7.860248968152237,scr2012,dem,electricity
HR,h1682,7.735555755609806,scr2012,dem,electricity
HR,h1683,7.6185384227595785,scr2012,dem,electricity
HR,h1684,7.52833793296573,scr2012,dem,electricity
HR,h1685,7.4975087190241165,scr2012,dem,electricity
HR,h1686,7.611322914193119,scr2012,dem,electricity
HR,h1687,7.850812119759071,scr2012,dem,electricity
HR,h1688,8.132145785217244,scr2012,dem,electricity
HR,h1689,8.298194285194045,scr2012,dem,electricity
HR,h1690,8.27036274542621,scr2012,dem,electricity
HR,h1691,8.064633775451817,scr2012,dem,electricity
HR,h1692,7.79594805448177,scr2012,dem,electricity
HR,h1693,7.524048137316329,scr2012,dem,electricity
HR,h1694,7.26821079859913,scr2012,dem,electricity
HR,h1695,7.0544554010115315,scr2012,dem,electricity
HR,h1696,6.983704280938503,scr2012,dem,electricity
HR,h1697,7.134500365784539,scr2012,dem,electricity
HR,h1698,7.35747548213727,scr2012,dem,electricity
HR,h1699,7.523875877396288,scr2012,dem,electricity
HR,h1700,7.513757865050517,scr2012,dem,electricity
HR,h1701,7.4530707651026775,scr2012,dem,electricity
HR,h1702,7.402264216632608,scr2012,dem,electricity
HR,h1703,7.301746542957956,scr2012,dem,electricity
HR,h1704,7.155601457354981,scr2012,dem,electricity
HR,h1705,6.94716767694152,scr2012,dem,electricity
HR,h1706,6.802863127255732,scr2012,dem,electricity
HR,h1707,6.685086455142265,scr2012,dem,electricity
HR,h1708,6.612396718203788,scr2012,dem,electricity
HR,h1709,6.59904223222604,scr2012,dem,electricity
HR,h1710,6.709753633387595,scr2012,dem,electricity
HR,h1711,6.940727770482175,scr2012,dem,electricity
HR,h1712,7.212698104330506,scr2012,dem,electricity
HR,h1713,7.383443474669714,scr2012,dem,electricity
HR,h1714,7.374012755576557,scr2012,dem,electricity
HR,h1715,7.206232189767706,scr2012,dem,electricity
HR,h1716,6.986485401875421,scr2012,dem,electricity
HR,h1717,6.757160694702674,scr2012,dem,electricity
HR,h1718,6.5339729355720975,scr2012,dem,electricity
HR,h1719,6.336927039260413,scr2012,dem,electricity
HR,h1720,6.259482007126624,scr2012,dem,electricity
HR,h1721,6.373404906439368,scr2012,dem,electricity
HR,h1722,6.548121759584475,scr2012,dem,electricity
HR,h1723,6.684470365853613,scr2012,dem,electricity
HR,h1724,6.685140023393941,scr2012,dem,electricity
HR,h1725,6.642233769775085,scr2012,dem,electricity
HR,h1726,6.5969925271701975,scr2012,dem,electricity
HR,h1727,6.477207254217061,scr2012,dem,electricity
HR,h1728,6.305533638591146,scr2012,dem,electricity
HR,h1729,6.072132449206218,scr2012,dem,electricity
HR,h1730,5.904929893024865,scr2012,dem,electricity
HR,h1731,5.772217071069952,scr2012,dem,electricity
HR,h1732,5.689615366023439,scr2012,dem,electricity
HR,h1733,5.662682871285194,scr2012,dem,electricity
HR,h1734,5.749569890960823,scr2012,dem,electricity
HR,h1735,5.949859190823993,scr2012,dem,electricity
HR,h1736,6.201420977898468,scr2012,dem,electricity
HR,h1737,6.374530270351092,scr2012,dem,electricity
HR,h1738,6.3942572340074,scr2012,dem,electricity
HR,h1739,6.273833619930275,scr2012,dem,electricity
HR,h1740,6.112058746938642,scr2012,dem,electricity
HR,h1741,5.942900880451985,scr2012,dem,electricity
HR,h1742,5.7776947386313315,scr2012,dem,electricity
HR,h1743,5.630784046937346,scr2012,dem,electricity
HR,h1744,5.5847075594446665,scr2012,dem,electricity
HR,h1745,5.707706191717383,scr2012,dem,electricity
HR,h1746,5.893691696723715,scr2012,dem,electricity
HR,h1747,6.066561349958316,scr2012,dem,electricity
HR,h1748,6.134262943286242,scr2012,dem,electricity
HR,h1749,6.1592211977267715,scr2012,dem,electricity
HR,h1750,6.171564070404284,scr2012,dem,electricity
HR,h1751,6.1036130655937315,scr2012,dem,electricity
HR,h1752,5.986078034029663,scr2012,dem,electricity
HR,h1753,5.8089909585815525,scr2012,dem,electricity
HR,h1754,5.694845016661788,scr2012,dem,electricity
HR,h1755,5.618545960551803,scr2012,dem,electricity
HR,h1756,5.5936207106660065,scr2012,dem,electricity
HR,h1757,5.62672342689305,scr2012,dem,electricity
HR,h1758,5.773645527793385,scr2012,dem,electricity
HR,h1759,6.035954169900487,scr2012,dem,electricity
HR,h1760,6.348124563316639,scr2012,dem,electricity
HR,h1761,6.576280153074994,scr2012,dem,electricity
HR,h1762,6.64012322732199,scr2012,dem,electricity
HR,h1763,6.553615967792166,scr2012,dem,electricity
HR,h1764,6.417705737086193,scr2012,dem,electricity
HR,h1765,6.268362476185903,scr2012,dem,electricity
HR,h1766,6.119305133417894,scr2012,dem,electricity
HR,h1767,5.987558339085562,scr2012,dem,electricity
HR,h1768,5.964298606785074,scr2012,dem,electricity
HR,h1769,6.123527207742021,scr2012,dem,electricity
HR,h1770,6.344197528801216,scr2012,dem,electricity
HR,h1771,6.536806549324348,scr2012,dem,electricity
HR,h1772,6.605008905134004,scr2012,dem,electricity
HR,h1773,6.630801597635202,scr2012,dem,electricity
HR,h1774,6.653015722837322,scr2012,dem,electricity
HR,h1775,6.598126608792221,scr2012,dem,electricity
HR,h1776,6.495074372996605,scr2012,dem,electricity
HR,h1777,6.331255334241093,scr2012,dem,electricity
HR,h1778,6.232090840575937,scr2012,dem,electricity
HR,h1779,6.1607249687201096,scr2012,dem,electricity
HR,h1780,6.140676836046602,scr2012,dem,electricity
HR,h1781,6.182149537516787,scr2012,dem,electricity
HR,h1782,6.354253064455378,scr2012,dem,electricity
HR,h1783,6.652843497595159,scr2012,dem,electricity
HR,h1784,6.9978933220908575,scr2012,dem,electricity
HR,h1785,7.2439279914689,scr2012,dem,electricity
HR,h1786,7.310912363562225,scr2012,dem,electricity
HR,h1787,7.228824268107503,scr2012,dem,electricity
HR,h1788,7.102654436827015,scr2012,dem,electricity
HR,h1789,6.964775530437838,scr2012,dem,electricity
HR,h1790,6.828908270671218,scr2012,dem,electricity
HR,h1791,6.721777336502936,scr2012,dem,electricity
HR,h1792,6.753590183266767,scr2012,dem,electricity
HR,h1793,7.007142210836846,scr2012,dem,electricity
HR,h1794,7.33502502868358,scr2012,dem,electricity
HR,h1795,7.595929795912538,scr2012,dem,electricity
HR,h1796,7.691481099101236,scr2012,dem,electricity
HR,h1797,7.743260041195031,scr2012,dem,electricity
HR,h1798,7.825979008873868,scr2012,dem,electricity
HR,h1799,7.851099458016208,scr2012,dem,electricity
HR,h1800,7.844894194743081,scr2012,dem,electricity
HR,h1801,7.784355698837922,scr2012,dem,electricity
HR,h1802,7.7814837393747,scr2012,dem,electricity
HR,h1803,7.781225506484554,scr2012,dem,electricity
HR,h1804,7.812404850980749,scr2012,dem,electricity
HR,h1805,7.914502957646601,scr2012,dem,electricity
HR,h1806,8.152726360571991,scr2012,dem,electricity
HR,h1807,8.472702624641446,scr2012,dem,electricity
HR,h1808,8.814183122609792,scr2012,dem,electricity
HR,h1809,9.062211030740027,scr2012,dem,electricity
HR,h1810,9.167601292803239,scr2012,dem,electricity
HR,h1811,9.117687887770039,scr2012,dem,electricity
HR,h1812,8.971568723320832,scr2012,dem,electricity
HR,h1813,8.785348989993148,scr2012,dem,electricity
HR,h1814,8.585562288139215,scr2012,dem,electricity
HR,h1815,8.430983130352107,scr2012,dem,electricity
HR,h1816,8.465010796424647,scr2012,dem,electricity
HR,h1817,8.788930540596956,scr2012,dem,electricity
HR,h1818,9.199515014664508,scr2012,dem,electricity
HR,h1819,9.47942750596678,scr2012,dem,electricity
HR,h1820,9.50991663275002,scr2012,dem,electricity
HR,h1821,9.494321656496545,scr2012,dem,electricity
HR,h1822,9.539159521855806,scr2012,dem,electricity
HR,h1823,9.559241041137604,scr2012,dem,electricity
HR,h1824,9.544298034899217,scr2012,dem,electricity
HR,h1825,9.475993457652507,scr2012,dem,electricity
HR,h1826,9.457118493147247,scr2012,dem,electricity
HR,h1827,9.415382850286626,scr2012,dem,electricity
HR,h1828,9.39268945353033,scr2012,dem,electricity
HR,h1829,9.438706051604235,scr2012,dem,electricity
HR,h1830,9.641801269146935,scr2012,dem,electricity
HR,h1831,9.909595897117047,scr2012,dem,electricity
HR,h1832,10.154078319892626,scr2012,dem,electricity
HR,h1833,10.272954313811352,scr2012,dem,electricity
HR,h1834,10.27204750810825,scr2012,dem,electricity
HR,h1835,10.172139722828657,scr2012,dem,electricity
HR,h1836,9.9889198952399,scr2012,dem,electricity
HR,h1837,9.733422271715794,scr2012,dem,electricity
HR,h1838,9.418241997104792,scr2012,dem,electricity
HR,h1839,9.1413294600639,scr2012,dem,electricity
HR,h1840,9.084310541752485,scr2012,dem,electricity
HR,h1841,9.364894802768582,scr2012,dem,electricity
HR,h1842,9.754532913238947,scr2012,dem,electricity
HR,h1843,9.990751938203404,scr2012,dem,electricity
HR,h1844,9.970272691118534,scr2012,dem,electricity
HR,h1845,9.918024181599518,scr2012,dem,electricity
HR,h1846,9.966359913250974,scr2012,dem,electricity
HR,h1847,9.992261094597017,scr2012,dem,electricity
HR,h1848,9.963540396026374,scr2012,dem,electricity
HR,h1849,9.867439825856136,scr2012,dem,electricity
HR,h1850,9.825731086264991,scr2012,dem,electricity
HR,h1851,9.771601742293209,scr2012,dem,electricity
HR,h1852,9.732578567436235,scr2012,dem,electricity
HR,h1853,9.762369569533034,scr2012,dem,electricity
HR,h1854,9.969617085310787,scr2012,dem,electricity
HR,h1855,10.315674134321648,scr2012,dem,electricity
HR,h1856,10.693305894675994,scr2012,dem,electricity
HR,h1857,10.9035450123309,scr2012,dem,electricity
HR,h1858,10.87099659995255,scr2012,dem,electricity
HR,h1859,10.622674495611646,scr2012,dem,electricity
HR,h1860,10.295147597119868,scr2012,dem,electricity
HR,h1861,9.956622752011672,scr2012,dem,electricity
HR,h1862,9.632291325999578,scr2012,dem,electricity
HR,h1863,9.374884260388372,scr2012,dem,electricity
HR,h1864,9.32579243094038,scr2012,dem,electricity
HR,h1865,9.591274071949844,scr2012,dem,electricity
HR,h1866,9.938095926404248,scr2012,dem,electricity
HR,h1867,10.134809021917798,scr2012,dem,electricity
HR,h1868,10.062178927801774,scr2012,dem,electricity
HR,h1869,9.941595889454673,scr2012,dem,electricity
HR,h1870,9.899985043185485,scr2012,dem,electricity
HR,h1871,9.824262562192615,scr2012,dem,electricity
HR,h1872,9.706203317763771,scr2012,dem,electricity
HR,h1873,9.526004647151767,scr2012,dem,electricity
HR,h1874,9.414664133000594,scr2012,dem,electricity
HR,h1875,9.305213018965055,scr2012,dem,electricity
HR,h1876,9.226429469001468,scr2012,dem,electricity
HR,h1877,9.223304376957962,scr2012,dem,electricity
HR,h1878,9.385315914650768,scr2012,dem,electricity
HR,h1879,9.68974404945835,scr2012,dem,electricity
HR,h1880,10.024885707101046,scr2012,dem,electricity
HR,h1881,10.208572841579752,scr2012,dem,electricity
HR,h1882,10.15942401418512,scr2012,dem,electricity
HR,h1883,9.916578530595146,scr2012,dem,electricity
HR,h1884,9.609338332557604,scr2012,dem,electricity
HR,h1885,9.294164006862767,scr2012,dem,electricity
HR,h1886,8.994206998260065,scr2012,dem,electricity
HR,h1887,8.752013543006706,scr2012,dem,electricity
HR,h1888,8.705594272602218,scr2012,dem,electricity
HR,h1889,8.951206878574341,scr2012,dem,electricity
HR,h1890,9.276954804804467,scr2012,dem,electricity
HR,h1891,9.463262939086997,scr2012,dem,electricity
HR,h1892,9.423431427677036,scr2012,dem,electricity
HR,h1893,9.341781431754304,scr2012,dem,electricity
HR,h1894,9.338800194861063,scr2012,dem,electricity
HR,h1895,9.280308683863298,scr2012,dem,electricity
HR,h1896,9.181096903865543,scr2012,dem,electricity
HR,h1897,9.02065951123469,scr2012,dem,electricity
HR,h1898,8.930644949624472,scr2012,dem,electricity
HR,h1899,8.845830149453084,scr2012,dem,electricity
HR,h1900,8.797363274559471,scr2012,dem,electricity
HR,h1901,8.82461823567055,scr2012,dem,electricity
HR,h1902,9.01544777654,scr2012,dem,electricity
HR,h1903,9.346435953041057,scr2012,dem,electricity
HR,h1904,9.71314138573248,scr2012,dem,electricity
HR,h1905,9.934794897676841,scr2012,dem,electricity
HR,h1906,9.930013786270644,scr2012,dem,electricity
HR,h1907,9.733841041102078,scr2012,dem,electricity
HR,h1908,9.472644411412952,scr2012,dem,electricity
HR,h1909,9.200964760202295,scr2012,dem,electricity
HR,h1910,8.94077878187239,scr2012,dem,electricity
HR,h1911,8.73541288843813,scr2012,dem,electricity
HR,h1912,8.723124912590846,scr2012,dem,electricity
HR,h1913,9.002796261946763,scr2012,dem,electricity
HR,h1914,9.362777820837971,scr2012,dem,electricity
HR,h1915,9.583908065940276,scr2012,dem,electricity
HR,h1916,9.57629331193898,scr2012,dem,electricity
HR,h1917,9.526596905136396,scr2012,dem,electricity
HR,h1918,9.555847820108918,scr2012,dem,electricity
HR,h1919,9.531418639994529,scr2012,dem,electricity
HR,h1920,9.467452077265799,scr2012,dem,electricity
HR,h1921,9.341207531691717,scr2012,dem,electricity
HR,h1922,9.27978977226646,scr2012,dem,electricity
HR,h1923,9.220061395001457,scr2012,dem,electricity
HR,h1924,9.194791730119764,scr2012,dem,electricity
HR,h1925,9.25041806368035,scr2012,dem,electricity
HR,h1926,9.47627376040807,scr2012,dem,electricity
HR,h1927,9.844978300667428,scr2012,dem,electricity
HR,h1928,10.245068833331679,scr2012,dem,electricity
HR,h1929,10.487182153711474,scr2012,dem,electricity
HR,h1930,10.488640016637353,scr2012,dem,electricity
HR,h1931,10.288292551367311,scr2012,dem,electricity
HR,h1932,10.016659178060788,scr2012,dem,electricity
HR,h1933,9.732563655607656,scr2012,dem,electricity
HR,h1934,9.461335298115895,scr2012,dem,electricity
HR,h1935,9.2495132262255,scr2012,dem,electricity
HR,h1936,9.244245942216285,scr2012,dem,electricity
HR,h1937,9.549876709471725,scr2012,dem,electricity
HR,h1938,9.937322427352791,scr2012,dem,electricity
HR,h1939,10.167828739541383,scr2012,dem,electricity
HR,h1940,10.14452705709981,scr2012,dem,electricity
HR,h1941,10.078121229875544,scr2012,dem,electricity
HR,h1942,10.101864918746319,scr2012,dem,electricity
HR,h1943,10.077736559748086,scr2012,dem,electricity
HR,h1944,10.013501893005213,scr2012,dem,electricity
HR,h1945,9.88222403808154,scr2012,dem,electricity
HR,h1946,9.818230153036568,scr2012,dem,electricity
HR,h1947,9.742826951081973,scr2012,dem,electricity
HR,h1948,9.699578800071697,scr2012,dem,electricity
HR,h1949,9.732887012073334,scr2012,dem,electricity
HR,h1950,9.946420669317078,scr2012,dem,electricity
HR,h1951,10.302772070067645,scr2012,dem,electricity
HR,h1952,10.682918525657904,scr2012,dem,electricity
HR,h1953,10.892353150801004,scr2012,dem,electricity
HR,h1954,10.853128419058836,scr2012,dem,electricity
HR,h1955,10.612892730136986,scr2012,dem,electricity
HR,h1956,10.303136013294372,scr2012,dem,electricity
HR,h1957,9.978806052536367,scr2012,dem,electricity
HR,h1958,9.664648594103674,scr2012,dem,electricity
HR,h1959,9.414073967709696,scr2012,dem,electricity
HR,h1960,9.380022548721932,scr2012,dem,electricity
HR,h1961,9.66261679502252,scr2012,dem,electricity
HR,h1962,10.024686416462256,scr2012,dem,electricity
HR,h1963,10.214955494367445,scr2012,dem,electricity
HR,h1964,10.139082532376401,scr2012,dem,electricity
HR,h1965,10.021542584357256,scr2012,dem,electricity
HR,h1966,10.001402154851792,scr2012,dem,electricity
HR,h1967,9.94152627912575,scr2012,dem,electricity
HR,h1968,9.846006383516244,scr2012,dem,electricity
HR,h1969,9.690160122997378,scr2012,dem,electricity
HR,h1970,9.594329402783082,scr2012,dem,electricity
HR,h1971,9.479322616076944,scr2012,dem,electricity
HR,h1972,9.384680632785042,scr2012,dem,electricity
HR,h1973,9.366359138556524,scr2012,dem,electricity
HR,h1974,9.502534483251663,scr2012,dem,electricity
HR,h1975,9.728225165234674,scr2012,dem,electricity
HR,h1976,9.966152579088961,scr2012,dem,electricity
HR,h1977,10.084926470189297,scr2012,dem,electricity
HR,h1978,10.04305879899261,scr2012,dem,electricity
HR,h1979,9.84001553516763,scr2012,dem,electricity
HR,h1980,9.551898913815986,scr2012,dem,electricity
HR,h1981,9.235582785897394,scr2012,dem,electricity
HR,h1982,8.91761484490833,scr2012,dem,electricity
HR,h1983,8.655501911087491,scr2012,dem,electricity
HR,h1984,8.59209413061041,scr2012,dem,electricity
HR,h1985,8.820982616320995,scr2012,dem,electricity
HR,h1986,9.130014784391497,scr2012,dem,electricity
HR,h1987,9.299685432168943,scr2012,dem,electricity
HR,h1988,9.235373399564471,scr2012,dem,electricity
HR,h1989,9.135418902614601,scr2012,dem,electricity
HR,h1990,9.102568509962609,scr2012,dem,electricity
HR,h1991,9.03523982608087,scr2012,dem,electricity
HR,h1992,8.92323831121731,scr2012,dem,electricity
HR,h1993,8.757151423396097,scr2012,dem,electricity
HR,h1994,8.640464435533287,scr2012,dem,electricity
HR,h1995,8.515726031002481,scr2012,dem,electricity
HR,h1996,8.41514292581824,scr2012,dem,electricity
HR,h1997,8.376880874744046,scr2012,dem,electricity
HR,h1998,8.478327845744666,scr2012,dem,electricity
HR,h1999,8.650218153603877,scr2012,dem,electricity
HR,h2000,8.794650613445649,scr2012,dem,electricity
HR,h2001,8.82539975264619,scr2012,dem,electricity
HR,h2002,8.756245786519465,scr2012,dem,electricity
HR,h2003,8.62348475417651,scr2012,dem,electricity
HR,h2004,8.439956299403294,scr2012,dem,electricity
HR,h2005,8.192100916440044,scr2012,dem,electricity
HR,h2006,7.8893687885065775,scr2012,dem,electricity
HR,h2007,7.59921773452795,scr2012,dem,electricity
HR,h2008,7.477570919418769,scr2012,dem,electricity
HR,h2009,7.613843037427993,scr2012,dem,electricity
HR,h2010,7.825715551733085,scr2012,dem,electricity
HR,h2011,7.868912752432538,scr2012,dem,electricity
HR,h2012,7.776889927359671,scr2012,dem,electricity
HR,h2013,7.756016312136931,scr2012,dem,electricity
HR,h2014,7.842010042258464,scr2012,dem,electricity
HR,h2015,7.884218101465284,scr2012,dem,electricity
HR,h2016,7.7988240655196,scr2012,dem,electricity
HR,h2017,7.663008995888017,scr2012,dem,electricity
HR,h2018,7.532774432797433,scr2012,dem,electricity
HR,h2019,7.40668167282726,scr2012,dem,electricity
HR,h2020,7.3179583292608,scr2012,dem,electricity
HR,h2021,7.29345225044817,scr2012,dem,electricity
HR,h2022,7.408533179287835,scr2012,dem,electricity
HR,h2023,7.654436070774385,scr2012,dem,electricity
HR,h2024,7.931558363671333,scr2012,dem,electricity
HR,h2025,8.086621147830408,scr2012,dem,electricity
HR,h2026,8.05446585854792,scr2012,dem,electricity
HR,h2027,7.870827613158297,scr2012,dem,electricity
HR,h2028,7.635044293872386,scr2012,dem,electricity
HR,h2029,7.384740372555424,scr2012,dem,electricity
HR,h2030,7.137001446773182,scr2012,dem,electricity
HR,h2031,6.921503135048387,scr2012,dem,electricity
HR,h2032,6.839962680835965,scr2012,dem,electricity
HR,h2033,6.9631157799107966,scr2012,dem,electricity
HR,h2034,7.134209358010497,scr2012,dem,electricity
HR,h2035,7.169547067946037,scr2012,dem,electricity
HR,h2036,7.098993935936953,scr2012,dem,electricity
HR,h2037,7.0858615609885245,scr2012,dem,electricity
HR,h2038,7.139127937062773,scr2012,dem,electricity
HR,h2039,7.119004936405915,scr2012,dem,electricity
HR,h2040,6.974801642138925,scr2012,dem,electricity
HR,h2041,6.785916868614855,scr2012,dem,electricity
HR,h2042,6.613229752846847,scr2012,dem,electricity
HR,h2043,6.466046417164189,scr2012,dem,electricity
HR,h2044,6.374553671490076,scr2012,dem,electricity
HR,h2045,6.354845679949475,scr2012,dem,electricity
HR,h2046,6.457398339837661,scr2012,dem,electricity
HR,h2047,6.6882774422381415,scr2012,dem,electricity
HR,h2048,6.955903553433734,scr2012,dem,electricity
HR,h2049,7.12490988395944,scr2012,dem,electricity
HR,h2050,7.117626603476007,scr2012,dem,electricity
HR,h2051,6.967650689795257,scr2012,dem,electricity
HR,h2052,6.770607336985084,scr2012,dem,electricity
HR,h2053,6.562680810369204,scr2012,dem,electricity
HR,h2054,6.359968615928748,scr2012,dem,electricity
HR,h2055,6.178298004830886,scr2012,dem,electricity
HR,h2056,6.108745263647932,scr2012,dem,electricity
HR,h2057,6.218239945204812,scr2012,dem,electricity
HR,h2058,6.374805335087375,scr2012,dem,electricity
HR,h2059,6.409059142370047,scr2012,dem,electricity
HR,h2060,6.373006892356682,scr2012,dem,electricity
HR,h2061,6.390525856086346,scr2012,dem,electricity
HR,h2062,6.4683581407514845,scr2012,dem,electricity
HR,h2063,6.457529306217941,scr2012,dem,electricity
HR,h2064,6.325676629362788,scr2012,dem,electricity
HR,h2065,6.145628531883581,scr2012,dem,electricity
HR,h2066,5.979306609791463,scr2012,dem,electricity
HR,h2067,5.840437842835818,scr2012,dem,electricity
HR,h2068,5.764563084025829,scr2012,dem,electricity
HR,h2069,5.756876955979349,scr2012,dem,electricity
HR,h2070,5.864508089193891,scr2012,dem,electricity
HR,h2071,6.093563554496494,scr2012,dem,electricity
HR,h2072,6.364387958509426,scr2012,dem,electricity
HR,h2073,6.5477701570900555,scr2012,dem,electricity
HR,h2074,6.568051612132811,scr2012,dem,electricity
HR,h2075,6.452106377043736,scr2012,dem,electricity
HR,h2076,6.290523658639383,scr2012,dem,electricity
HR,h2077,6.115417302450474,scr2012,dem,electricity
HR,h2078,5.941468237040995,scr2012,dem,electricity
HR,h2079,5.781038261098213,scr2012,dem,electricity
HR,h2080,5.719031422553184,scr2012,dem,electricity
HR,h2081,5.818869721306053,scr2012,dem,electricity
HR,h2082,5.962291318887129,scr2012,dem,electricity
HR,h2083,5.9955097152669845,scr2012,dem,electricity
HR,h2084,5.972008408879364,scr2012,dem,electricity
HR,h2085,6.002688343061443,scr2012,dem,electricity
HR,h2086,6.083890701834042,scr2012,dem,electricity
HR,h2087,6.074249275081772,scr2012,dem,electricity
HR,h2088,5.9407012586439905,scr2012,dem,electricity
HR,h2089,5.758766144000722,scr2012,dem,electricity
HR,h2090,5.585361318446022,scr2012,dem,electricity
HR,h2091,5.443270071340841,scr2012,dem,electricity
HR,h2092,5.365794590143122,scr2012,dem,electricity
HR,h2093,5.356059015752589,scr2012,dem,electricity
HR,h2094,5.455553421927614,scr2012,dem,electricity
HR,h2095,5.672522294356164,scr2012,dem,electricity
HR,h2096,5.931662596087447,scr2012,dem,electricity
HR,h2097,6.1103268431866296,scr2012,dem,electricity
HR,h2098,6.133351891713594,scr2012,dem,electricity
HR,h2099,6.026319075796535,scr2012,dem,electricity
HR,h2100,5.876240640191214,scr2012,dem,electricity
HR,h2101,5.713842797669537,scr2012,dem,electricity
HR,h2102,5.551237653455635,scr2012,dem,electricity
HR,h2103,5.396698271314082,scr2012,dem,electricity
HR,h2104,5.326864488505215,scr2012,dem,electricity
HR,h2105,5.403442503837155,scr2012,dem,electricity
HR,h2106,5.519397559172998,scr2012,dem,electricity
HR,h2107,5.546666056788132,scr2012,dem,electricity
HR,h2108,5.532460036938851,scr2012,dem,electricity
HR,h2109,5.5765409553048535,scr2012,dem,electricity
HR,h2110,5.656446648064971,scr2012,dem,electricity
HR,h2111,5.642666060044826,scr2012,dem,electricity
HR,h2112,5.500496042039193,scr2012,dem,electricity
HR,h2113,5.3070065300261176,scr2012,dem,electricity
HR,h2114,5.125567934780697,scr2012,dem,electricity
HR,h2115,4.974104628979531,scr2012,dem,electricity
HR,h2116,4.889794909025539,scr2012,dem,electricity
HR,h2117,4.8632764163706,scr2012,dem,electricity
HR,h2118,4.940306975125529,scr2012,dem,electricity
HR,h2119,5.124447625964482,scr2012,dem,electricity
HR,h2120,5.353631613550236,scr2012,dem,electricity
HR,h2121,5.515516334936502,scr2012,dem,electricity
HR,h2122,5.539308830623748,scr2012,dem,electricity
HR,h2123,5.443053874931062,scr2012,dem,electricity
HR,h2124,5.306356321084178,scr2012,dem,electricity
HR,h2125,5.153670415203799,scr2012,dem,electricity
HR,h2126,4.996272684775093,scr2012,dem,electricity
HR,h2127,4.84116307444309,scr2012,dem,electricity
HR,h2128,4.760541482392555,scr2012,dem,electricity
HR,h2129,4.8027326229814316,scr2012,dem,electricity
HR,h2130,4.879974517891661,scr2012,dem,electricity
HR,h2131,4.886445229813502,scr2012,dem,electricity
HR,h2132,4.865933310684406,scr2012,dem,electricity
HR,h2133,4.90606584675373,scr2012,dem,electricity
HR,h2134,4.964994814221509,scr2012,dem,electricity
HR,h2135,4.932429140511538,scr2012,dem,electricity
HR,h2136,4.774833386434654,scr2012,dem,electricity
HR,h2137,4.572449030681489,scr2012,dem,electricity
HR,h2138,4.3748935063004994,scr2012,dem,electricity
HR,h2139,4.20358449833547,scr2012,dem,electricity
HR,h2140,4.090714134120096,scr2012,dem,electricity
HR,h2141,4.0328191108753515,scr2012,dem,electricity
HR,h2142,4.045997557423133,scr2012,dem,electricity
HR,h2143,4.117019873185154,scr2012,dem,electricity
HR,h2144,4.2185018268051,scr2012,dem,electricity
HR,h2145,4.304614990839819,scr2012,dem,electricity
HR,h2146,4.337967893290769,scr2012,dem,electricity
HR,h2147,4.3007081871451405,scr2012,dem,electricity
HR,h2148,4.216138359319617,scr2012,dem,electricity
HR,h2149,4.10138116800589,scr2012,dem,electricity
HR,h2150,3.9645309178236836,scr2012,dem,electricity
HR,h2151,3.813924621640314,scr2012,dem,electricity
HR,h2152,3.7086812675592986,scr2012,dem,electricity
HR,h2153,3.6886873344240243,scr2012,dem,electricity
HR,h2154,3.6994944992331456,scr2012,dem,electricity
HR,h2155,3.679427037471447,scr2012,dem,electricity
HR,h2156,3.6773340902180496,scr2012,dem,electricity
HR,h2157,3.7448174534066534,scr2012,dem,electricity
HR,h2158,3.797407272279614,scr2012,dem,electricity
HR,h2159,3.7578214684138698,scr2012,dem,electricity
HR,h2160,3.5791225863819705,scr2012,dem,electricity
HU,h1441,47.56697033511202,scr2012,dem,electricity
HU,h1442,47.97106531970243,scr2012,dem,electricity
HU,h1443,47.96970569435301,scr2012,dem,electricity
HU,h1444,47.830277140574005,scr2012,dem,electricity
HU,h1445,48.037784108269186,scr2012,dem,electricity
HU,h1446,49.12386365710169,scr2012,dem,electricity
HU,h1447,50.814921608360265,scr2012,dem,electricity
HU,h1448,52.32152054351798,scr2012,dem,electricity
HU,h1449,52.764824634540496,scr2012,dem,electricity
HU,h1450,52.047189978166216,scr2012,dem,electricity
HU,h1451,50.62564151993879,scr2012,dem,electricity
HU,h1452,48.967945712430875,scr2012,dem,electricity
HU,h1453,47.29119044240568,scr2012,dem,electricity
HU,h1454,45.72632671591428,scr2012,dem,electricity
HU,h1455,44.67522886025842,scr2012,dem,electricity
HU,h1456,44.86430068534333,scr2012,dem,electricity
HU,h1457,46.67850639236487,scr2012,dem,electricity
HU,h1458,48.79424156110173,scr2012,dem,electricity
HU,h1459,49.55429995777378,scr2012,dem,electricity
HU,h1460,48.57235358685323,scr2012,dem,electricity
HU,h1461,47.502877391767655,scr2012,dem,electricity
HU,h1462,47.33130594179884,scr2012,dem,electricity
HU,h1463,47.619173732375685,scr2012,dem,electricity
HU,h1464,48.03636432999388,scr2012,dem,electricity
HU,h1465,48.40506334897852,scr2012,dem,electricity
HU,h1466,48.87461256416129,scr2012,dem,electricity
HU,h1467,48.921615927516754,scr2012,dem,electricity
HU,h1468,48.82003468456562,scr2012,dem,electricity
HU,h1469,49.05273090956663,scr2012,dem,electricity
HU,h1470,50.110236173839915,scr2012,dem,electricity
HU,h1471,51.66193951807401,scr2012,dem,electricity
HU,h1472,53.06836206554158,scr2012,dem,electricity
HU,h1473,53.51692679898928,scr2012,dem,electricity
HU,h1474,52.943302096944464,scr2012,dem,electricity
HU,h1475,51.64449726054287,scr2012,dem,electricity
HU,h1476,50.053137887676634,scr2012,dem,electricity
HU,h1477,48.38881093454546,scr2012,dem,electricity
HU,h1478,46.7943564224526,scr2012,dem,electricity
HU,h1479,45.71018251672493,scr2012,dem,electricity
HU,h1480,45.91456845973861,scr2012,dem,electricity
HU,h1481,47.843358769296316,scr2012,dem,electricity
HU,h1482,50.10575844636647,scr2012,dem,electricity
HU,h1483,50.99570735782195,scr2012,dem,electricity
HU,h1484,50.077228580637936,scr2012,dem,electricity
HU,h1485,49.05593152662604,scr2012,dem,electricity
HU,h1486,48.934745654013966,scr2012,dem,electricity
HU,h1487,49.26482448598467,scr2012,dem,electricity
HU,h1488,49.75021529840862,scr2012,dem,electricity
HU,h1489,50.21328282783287,scr2012,dem,electricity
HU,h1490,50.80891480176409,scr2012,dem,electricity
HU,h1491,50.950617233832155,scr2012,dem,electricity
HU,h1492,50.90650986504892,scr2012,dem,electricity
HU,h1493,51.18021733561308,scr2012,dem,electricity
HU,h1494,52.28951073781447,scr2012,dem,electricity
HU,h1495,53.88985380440109,scr2012,dem,electricity
HU,h1496,55.32520501203117,scr2012,dem,electricity
HU,h1497,55.77748581015447,scr2012,dem,electricity
HU,h1498,55.18666583860202,scr2012,dem,electricity
HU,h1499,53.851975405878214,scr2012,dem,electricity
HU,h1500,52.18532787172936,scr2012,dem,electricity
HU,h1501,50.404009822265834,scr2012,dem,electricity
HU,h1502,48.68061937184146,scr2012,dem,electricity
HU,h1503,47.496938829460504,scr2012,dem,electricity
HU,h1504,47.67818084252815,scr2012,dem,electricity
HU,h1505,49.6621505951986,scr2012,dem,electricity
HU,h1506,51.99268245705638,scr2012,dem,electricity
HU,h1507,52.89411459737286,scr2012,dem,electricity
HU,h1508,51.9129677594334,scr2012,dem,electricity
HU,h1509,50.817401951831,scr2012,dem,electricity
HU,h1510,50.640362238291175,scr2012,dem,electricity
HU,h1511,50.91853171777251,scr2012,dem,electricity
HU,h1512,51.34947553169149,scr2012,dem,electricity
HU,h1513,51.77206724791133,scr2012,dem,electricity
HU,h1514,52.34095724870223,scr2012,dem,electricity
HU,h1515,52.450092770598815,scr2012,dem,electricity
HU,h1516,52.375488709623625,scr2012,dem,electricity
HU,h1517,52.66154094891103,scr2012,dem,electricity
HU,h1518,53.91348125384769,scr2012,dem,electricity
HU,h1519,55.847233435109565,scr2012,dem,electricity
HU,h1520,57.5807739359658,scr2012,dem,electricity
HU,h1521,58.13771547055599,scr2012,dem,electricity
HU,h1522,57.39412317491166,scr2012,dem,electricity
HU,h1523,55.86350693012925,scr2012,dem,electricity
HU,h1524,54.06145184244406,scr2012,dem,electricity
HU,h1525,52.246022253845176,scr2012,dem,electricity
HU,h1526,50.56276338423759,scr2012,dem,electricity
HU,h1527,49.4626747432211,scr2012,dem,electricity
HU,h1528,49.74880583875963,scr2012,dem,electricity
HU,h1529,51.85397722126249,scr2012,dem,electricity
HU,h1530,54.29094876759442,scr2012,dem,electricity
HU,h1531,55.22544507742678,scr2012,dem,electricity
HU,h1532,54.22075120495689,scr2012,dem,electricity
HU,h1533,53.13347476001715,scr2012,dem,electricity
HU,h1534,53.04579861796187,scr2012,dem,electricity
HU,h1535,53.4634045997301,scr2012,dem,electricity
HU,h1536,54.02897534934341,scr2012,dem,electricity
HU,h1537,54.54681887842758,scr2012,dem,electricity
HU,h1538,55.19366115379918,scr2012,dem,electricity
HU,h1539,55.37085904653203,scr2012,dem,electricity
HU,h1540,55.38229683888991,scr2012,dem,electricity
HU,h1541,55.788210179927816,scr2012,dem,electricity
HU,h1542,57.19519665701976,scr2012,dem,electricity
HU,h1543,59.27958581567686,scr2012,dem,electricity
HU,h1544,61.13626402323979,scr2012,dem,electricity
HU,h1545,61.75166230099572,scr2012,dem,electricity
HU,h1546,61.011780278141984,scr2012,dem,electricity
HU,h1547,59.435578545858455,scr2012,dem,electricity
HU,h1548,57.5658698688746,scr2012,dem,electricity
HU,h1549,55.66605122192226,scr2012,dem,electricity
HU,h1550,53.8982092023084,scr2012,dem,electricity
HU,h1551,52.740561640396784,scr2012,dem,electricity
HU,h1552,53.0655603399893,scr2012,dem,electricity
HU,h1553,55.33199351265324,scr2012,dem,electricity
HU,h1554,57.94317372250204,scr2012,dem,electricity
HU,h1555,58.92301410284378,scr2012,dem,electricity
HU,h1556,57.8115073182715,scr2012,dem,electricity
HU,h1557,56.60863779366778,scr2012,dem,electricity
HU,h1558,56.47901681229855,scr2012,dem,electricity
HU,h1559,56.88741645279442,scr2012,dem,electricity
HU,h1560,57.446259049097115,scr2012,dem,electricity
HU,h1561,57.95711104293796,scr2012,dem,electricity
HU,h1562,58.59615622581501,scr2012,dem,electricity
HU,h1563,58.72436807679572,scr2012,dem,electricity
HU,h1564,58.65689117132143,scr2012,dem,electricity
HU,h1565,58.9976076076048,scr2012,dem,electricity
HU,h1566,60.38222441641964,scr2012,dem,electricity
HU,h1567,62.46195494975143,scr2012,dem,electricity
HU,h1568,64.28871812005833,scr2012,dem,electricity
HU,h1569,64.80487044929855,scr2012,dem,electricity
HU,h1570,63.903791504676924,scr2012,dem,electricity
HU,h1571,62.13126776745838,scr2012,dem,electricity
HU,h1572,60.06028987048028,scr2012,dem,electricity
HU,h1573,57.96673161130049,scr2012,dem,electricity
HU,h1574,56.01904703598817,scr2012,dem,electricity
HU,h1575,54.71213198949454,scr2012,dem,electricity
HU,h1576,54.94694882454717,scr2012,dem,electricity
HU,h1577,57.18982095103419,scr2012,dem,electricity
HU,h1578,59.77666213605394,scr2012,dem,electricity
HU,h1579,60.67076313596265,scr2012,dem,electricity
HU,h1580,59.40498766995218,scr2012,dem,electricity
HU,h1581,58.05286620328781,scr2012,dem,electricity
HU,h1582,57.812193182432544,scr2012,dem,electricity
HU,h1583,58.12605894600334,scr2012,dem,electricity
HU,h1584,58.5860017766407,scr2012,dem,electricity
HU,h1585,58.987750285885895,scr2012,dem,electricity
HU,h1586,59.513487301703016,scr2012,dem,electricity
HU,h1587,59.51533560387661,scr2012,dem,electricity
HU,h1588,59.31405652375708,scr2012,dem,electricity
HU,h1589,59.52009692874782,scr2012,dem,electricity
HU,h1590,60.77064867513708,scr2012,dem,electricity
HU,h1591,62.711506596300914,scr2012,dem,electricity
HU,h1592,64.38896967735656,scr2012,dem,electricity
HU,h1593,64.74749336088402,scr2012,dem,electricity
HU,h1594,63.68855211955866,scr2012,dem,electricity
HU,h1595,61.766160357935696,scr2012,dem,electricity
HU,h1596,59.552784560813116,scr2012,dem,electricity
HU,h1597,57.325154097527445,scr2012,dem,electricity
HU,h1598,55.24877334893953,scr2012,dem,electricity
HU,h1599,53.810703520887856,scr2012,dem,electricity
HU,h1600,53.885975175468445,scr2012,dem,electricity
HU,h1601,55.91521655155439,scr2012,dem,electricity
HU,h1602,58.265600143243894,scr2012,dem,electricity
HU,h1603,58.97030400542524,scr2012,dem,electricity
HU,h1604,57.57929979478843,scr2012,dem,electricity
HU,h1605,56.10729402108193,scr2012,dem,electricity
HU,h1606,55.70053259707678,scr2012,dem,electricity
HU,h1607,55.82632819894039,scr2012,dem,electricity
HU,h1608,56.08783042792215,scr2012,dem,electricity
HU,h1609,56.28423910166924,scr2012,dem,electricity
HU,h1610,56.59889274433184,scr2012,dem,electricity
HU,h1611,56.41468579092633,scr2012,dem,electricity
HU,h1612,56.04864970206957,scr2012,dem,electricity
HU,h1613,56.06801524255691,scr2012,dem,electricity
HU,h1614,57.0721130431182,scr2012,dem,electricity
HU,h1615,58.73009583383514,scr2012,dem,electricity
HU,h1616,60.14768051967633,scr2012,dem,electricity
HU,h1617,60.33705892822693,scr2012,dem,electricity
HU,h1618,59.21114802192256,scr2012,dem,electricity
HU,h1619,57.290336986397925,scr2012,dem,electricity
HU,h1620,55.12037058764579,scr2012,dem,electricity
HU,h1621,52.94613612475304,scr2012,dem,electricity
HU,h1622,50.92013151214501,scr2012,dem,electricity
HU,h1623,49.48134119326694,scr2012,dem,electricity
HU,h1624,49.4321066605841,scr2012,dem,electricity
HU,h1625,51.17215884645821,scr2012,dem,electricity
HU,h1626,53.206015295692325,scr2012,dem,electricity
HU,h1627,53.7531611214431,scr2012,dem,electricity
HU,h1628,52.40355449624471,scr2012,dem,electricity
HU,h1629,50.98521997386918,scr2012,dem,electricity
HU,h1630,50.53438366104553,scr2012,dem,electricity
HU,h1631,50.57022587459895,scr2012,dem,electricity
HU,h1632,50.73567104432427,scr2012,dem,electricity
HU,h1633,50.82986953788492,scr2012,dem,electricity
HU,h1634,51.03371204349213,scr2012,dem,electricity
HU,h1635,50.79378892291984,scr2012,dem,electricity
HU,h1636,50.41270348559823,scr2012,dem,electricity
HU,h1637,50.37144072860941,scr2012,dem,electricity
HU,h1638,51.16870712373243,scr2012,dem,electricity
HU,h1639,52.48040135332633,scr2012,dem,electricity
HU,h1640,53.63181345703372,scr2012,dem,electricity
HU,h1641,53.80101512959322,scr2012,dem,electricity
HU,h1642,52.92145353621757,scr2012,dem,electricity
HU,h1643,51.328399308615666,scr2012,dem,electricity
HU,h1644,49.47304054120014,scr2012,dem,electricity
HU,h1645,47.57843547091266,scr2012,dem,electricity
HU,h1646,45.7834592403114,scr2012,dem,electricity
HU,h1647,44.50735978539411,scr2012,dem,electricity
HU,h1648,44.48926744885464,scr2012,dem,electricity
HU,h1649,46.12628204443034,scr2012,dem,electricity
HU,h1650,48.06022537901721,scr2012,dem,electricity
HU,h1651,48.69651456588913,scr2012,dem,electricity
HU,h1652,47.62204619046026,scr2012,dem,electricity
HU,h1653,46.46233852946846,scr2012,dem,electricity
HU,h1654,46.136269401663064,scr2012,dem,electricity
HU,h1655,46.226416907967355,scr2012,dem,electricity
HU,h1656,46.46375264474639,scr2012,dem,electricity
HU,h1657,46.674415262782965,scr2012,dem,electricity
HU,h1658,47.0088458102166,scr2012,dem,electricity
HU,h1659,46.92144969669219,scr2012,dem,electricity
HU,h1660,46.67038276250457,scr2012,dem,electricity
HU,h1661,46.709934260553815,scr2012,dem,electricity
HU,h1662,47.50470100763815,scr2012,dem,electricity
HU,h1663,48.7505688252267,scr2012,dem,electricity
HU,h1664,49.85541957237744,scr2012,dem,electricity
HU,h1665,50.0833952381591,scr2012,dem,electricity
HU,h1666,49.377867577887336,scr2012,dem,electricity
HU,h1667,48.00685112518929,scr2012,dem,electricity
HU,h1668,46.34861106056674,scr2012,dem,electricity
HU,h1669,44.59338473281914,scr2012,dem,electricity
HU,h1670,42.89594666565958,scr2012,dem,electricity
HU,h1671,41.67415351405037,scr2012,dem,electricity
HU,h1672,41.63427424113275,scr2012,dem,electricity
HU,h1673,43.13585053852037,scr2012,dem,electricity
HU,h1674,44.9109724134529,scr2012,dem,electricity
HU,h1675,45.48615201049731,scr2012,dem,electricity
HU,h1676,44.46974264727121,scr2012,dem,electricity
HU,h1677,43.35266794228673,scr2012,dem,electricity
HU,h1678,42.96343436420599,scr2012,dem,electricity
HU,h1679,42.92476084516318,scr2012,dem,electricity
HU,h1680,43.00013911471943,scr2012,dem,electricity
HU,h1681,43.04316076885233,scr2012,dem,electricity
HU,h1682,43.20168045796955,scr2012,dem,electricity
HU,h1683,42.97319545530699,scr2012,dem,electricity
HU,h1684,42.60675113074447,scr2012,dem,electricity
HU,h1685,42.512422223024025,scr2012,dem,electricity
HU,h1686,43.13145058044113,scr2012,dem,electricity
HU,h1687,44.186630225595515,scr2012,dem,electricity
HU,h1688,45.08057510211311,scr2012,dem,electricity
HU,h1689,45.12665583146078,scr2012,dem,electricity
HU,h1690,44.27925463498277,scr2012,dem,electricity
HU,h1691,42.83876313998059,scr2012,dem,electricity
HU,h1692,41.17431361108698,scr2012,dem,electricity
HU,h1693,39.478760905936426,scr2012,dem,electricity
HU,h1694,37.86839610396776,scr2012,dem,electricity
HU,h1695,36.68122827634649,scr2012,dem,electricity
HU,h1696,36.502374473557865,scr2012,dem,electricity
HU,h1697,37.63517361162281,scr2012,dem,electricity
HU,h1698,38.99318231689421,scr2012,dem,electricity
HU,h1699,39.343592164467516,scr2012,dem,electricity
HU,h1700,38.34236923672794,scr2012,dem,electricity
HU,h1701,37.278229389683304,scr2012,dem,electricity
HU,h1702,36.83167340668982,scr2012,dem,electricity
HU,h1703,36.68383374580055,scr2012,dem,electricity
HU,h1704,36.60053344689611,scr2012,dem,electricity
HU,h1705,36.47540946704549,scr2012,dem,electricity
HU,h1706,36.453093101081826,scr2012,dem,electricity
HU,h1707,36.13799604003059,scr2012,dem,electricity
HU,h1708,35.717065723315216,scr2012,dem,electricity
HU,h1709,35.53429321897621,scr2012,dem,electricity
HU,h1710,35.900056707536194,scr2012,dem,electricity
HU,h1711,36.5872638865647,scr2012,dem,electricity
HU,h1712,37.173567774219876,scr2012,dem,electricity
HU,h1713,37.15178802870968,scr2012,dem,electricity
HU,h1714,36.476022923414966,scr2012,dem,electricity
HU,h1715,35.320538963943655,scr2012,dem,electricity
HU,h1716,33.980291803249195,scr2012,dem,electricity
HU,h1717,32.62238079101072,scr2012,dem,electricity
HU,h1718,31.341214952036896,scr2012,dem,electricity
HU,h1719,30.41625135967708,scr2012,dem,electricity
HU,h1720,30.33424850014265,scr2012,dem,electricity
HU,h1721,31.348193111302724,scr2012,dem,electricity
HU,h1722,32.56533778881665,scr2012,dem,electricity
HU,h1723,32.994779516730794,scr2012,dem,electricity
HU,h1724,32.334860178194894,scr2012,dem,electricity
HU,h1725,31.60276108564568,scr2012,dem,electricity
HU,h1726,31.320153243426823,scr2012,dem,electricity
HU,h1727,31.248220258202263,scr2012,dem,electricity
HU,h1728,31.253556964931786,scr2012,dem,electricity
HU,h1729,31.272385731359783,scr2012,dem,electricity
HU,h1730,31.409141504358086,scr2012,dem,electricity
HU,h1731,31.307873610795845,scr2012,dem,electricity
HU,h1732,31.122370497199974,scr2012,dem,electricity
HU,h1733,31.18932614672041,scr2012,dem,electricity
HU,h1734,31.875541341017726,scr2012,dem,electricity
HU,h1735,33.051756669686455,scr2012,dem,electricity
HU,h1736,34.14257010380399,scr2012,dem,electricity
HU,h1737,34.5243698422104,scr2012,dem,electricity
HU,h1738,34.082790698550944,scr2012,dem,electricity
HU,h1739,33.15675694426653,scr2012,dem,electricity
HU,h1740,32.088055729968175,scr2012,dem,electricity
HU,h1741,31.01801420106449,scr2012,dem,electricity
HU,h1742,30.019516076118464,scr2012,dem,electricity
HU,h1743,29.335754617801665,scr2012,dem,electricity
HU,h1744,29.41964843214068,scr2012,dem,electricity
HU,h1745,30.49449844983837,scr2012,dem,electricity
HU,h1746,31.743589602797325,scr2012,dem,electricity
HU,h1747,32.23334646283188,scr2012,dem,electricity
HU,h1748,31.691515094745125,scr2012,dem,electricity
HU,h1749,31.087746377879093,scr2012,dem,electricity
HU,h1750,30.921129514810136,scr2012,dem,electricity
HU,h1751,30.973644545223866,scr2012,dem,electricity
HU,h1752,31.09471738915179,scr2012,dem,electricity
HU,h1753,31.20333255816374,scr2012,dem,electricity
HU,h1754,31.402623750134246,scr2012,dem,electricity
HU,h1755,31.37049535168794,scr2012,dem,electricity
HU,h1756,31.277537286394338,scr2012,dem,electricity
HU,h1757,31.444305723818875,scr2012,dem,electricity
HU,h1758,32.217410120131866,scr2012,dem,electricity
HU,h1759,33.453935152688196,scr2012,dem,electricity
HU,h1760,34.60138861006998,scr2012,dem,electricity
HU,h1761,35.05065810309766,scr2012,dem,electricity
HU,h1762,34.69536117346074,scr2012,dem,electricity
HU,h1763,33.86353440843396,scr2012,dem,electricity
HU,h1764,32.89137648690903,scr2012,dem,electricity
HU,h1765,31.91487599124282,scr2012,dem,electricity
HU,h1766,31.005434672000273,scr2012,dem,electricity
HU,h1767,30.420291559020413,scr2012,dem,electricity
HU,h1768,30.631366936915725,scr2012,dem,electricity
HU,h1769,31.8862275921669,scr2012,dem,electricity
HU,h1770,33.321384795978624,scr2012,dem,electricity
HU,h1771,33.95401396421348,scr2012,dem,electricity
HU,h1772,33.49723982518618,scr2012,dem,electricity
HU,h1773,32.99260745842003,scr2012,dem,electricity
HU,h1774,32.975160032463776,scr2012,dem,electricity
HU,h1775,33.20428306596559,scr2012,dem,electricity
HU,h1776,33.512128594774794,scr2012,dem,electricity
HU,h1777,33.789532885615,scr2012,dem,electricity
HU,h1778,34.161629488858246,scr2012,dem,electricity
HU,h1779,34.2790356707014,scr2012,dem,electricity
HU,h1780,34.34476947258188,scr2012,dem,electricity
HU,h1781,34.68904732854707,scr2012,dem,electricity
HU,h1782,35.69172337421767,scr2012,dem,electricity
HU,h1783,37.19283132813869,scr2012,dem,electricity
HU,h1784,38.60055620442282,scr2012,dem,electricity
HU,h1785,39.24840246719072,scr2012,dem,electricity
HU,h1786,39.01666966467476,scr2012,dem,electricity
HU,h1787,38.241736424044454,scr2012,dem,electricity
HU,h1788,37.294551695154624,scr2012,dem,electricity
HU,h1789,36.318061381443286,scr2012,dem,electricity
HU,h1790,35.407720591670625,scr2012,dem,electricity
HU,h1791,34.865574736593985,scr2012,dem,electricity
HU,h1792,35.26450090237726,scr2012,dem,electricity
HU,h1793,36.91577640633094,scr2012,dem,electricity
HU,h1794,38.7951918416424,scr2012,dem,electricity
HU,h1795,39.68910469487703,scr2012,dem,electricity
HU,h1796,39.262938357114585,scr2012,dem,electricity
HU,h1797,38.7759913783129,scr2012,dem,electricity
HU,h1798,38.923996747283525,scr2012,dem,electricity
HU,h1799,39.392275083091285,scr2012,dem,electricity
HU,h1800,39.967683774654255,scr2012,dem,electricity
HU,h1801,40.48750547473947,scr2012,dem,electricity
HU,h1802,41.104761449089565,scr2012,dem,electricity
HU,h1803,41.38500921535607,scr2012,dem,electricity
HU,h1804,41.57626040103919,scr2012,dem,electricity
HU,h1805,42.05471069964459,scr2012,dem,electricity
HU,h1806,43.240497597417296,scr2012,dem,electricity
HU,h1807,44.90151691437525,scr2012,dem,electricity
HU,h1808,46.44769772540845,scr2012,dem,electricity
HU,h1809,47.15950227254593,scr2012,dem,electricity
HU,h1810,46.91645503086014,scr2012,dem,electricity
HU,h1811,46.00284096484557,scr2012,dem,electricity
HU,h1812,44.806147010523226,scr2012,dem,electricity
HU,h1813,43.517152147078825,scr2012,dem,electricity
HU,h1814,42.26558592266735,scr2012,dem,electricity
HU,h1815,41.44798738705252,scr2012,dem,electricity
HU,h1816,41.77259414785759,scr2012,dem,electricity
HU,h1817,43.64105422752392,scr2012,dem,electricity
HU,h1818,45.779878706305674,scr2012,dem,electricity
HU,h1819,46.69078461233136,scr2012,dem,electricity
HU,h1820,45.97755973413558,scr2012,dem,electricity
HU,h1821,45.17473901709773,scr2012,dem,electricity
HU,h1822,45.15407932550804,scr2012,dem,electricity
HU,h1823,45.506681384184745,scr2012,dem,electricity
HU,h1824,46.00282324219794,scr2012,dem,electricity
HU,h1825,46.46716570122242,scr2012,dem,electricity
HU,h1826,47.04582799496631,scr2012,dem,electricity
HU,h1827,47.202308123139076,scr2012,dem,electricity
HU,h1828,47.19815090061276,scr2012,dem,electricity
HU,h1829,47.48571507169359,scr2012,dem,electricity
HU,h1830,48.526510621739156,scr2012,dem,electricity
HU,h1831,50.022575984503575,scr2012,dem,electricity
HU,h1832,51.37160313109435,scr2012,dem,electricity
HU,h1833,51.82775285801833,scr2012,dem,electricity
HU,h1834,51.31175354971877,scr2012,dem,electricity
HU,h1835,50.09942403760235,scr2012,dem,electricity
HU,h1836,48.579983299437295,scr2012,dem,electricity
HU,h1837,46.94534772518835,scr2012,dem,electricity
HU,h1838,45.35912799399288,scr2012,dem,electricity
HU,h1839,44.26310323485869,scr2012,dem,electricity
HU,h1840,44.42331202984837,scr2012,dem,electricity
HU,h1841,46.24201261305521,scr2012,dem,electricity
HU,h1842,48.35171445501809,scr2012,dem,electricity
HU,h1843,49.152913962260946,scr2012,dem,electricity
HU,h1844,48.2414220816764,scr2012,dem,electricity
HU,h1845,47.2428623069294,scr2012,dem,electricity
HU,h1846,47.068055401813744,scr2012,dem,electricity
HU,h1847,47.27368844869381,scr2012,dem,electricity
HU,h1848,47.59794085444632,scr2012,dem,electricity
HU,h1849,47.89995802053127,scr2012,dem,electricity
HU,h1850,48.32656577413962,scr2012,dem,electricity
HU,h1851,48.32922864784919,scr2012,dem,electricity
HU,h1852,48.155826385723245,scr2012,dem,electricity
HU,h1853,48.30844820880128,scr2012,dem,electricity
HU,h1854,49.320374154366945,scr2012,dem,electricity
HU,h1855,50.9568572543257,scr2012,dem,electricity
HU,h1856,52.40389473048423,scr2012,dem,electricity
HU,h1857,52.77973110282369,scr2012,dem,electricity
HU,h1858,51.95370989370608,scr2012,dem,electricity
HU,h1859,50.39390572617451,scr2012,dem,electricity
HU,h1860,48.589261972653844,scr2012,dem,electricity
HU,h1861,46.76536159677021,scr2012,dem,electricity
HU,h1862,45.05539121912038,scr2012,dem,electricity
HU,h1863,43.84999035174544,scr2012,dem,electricity
HU,h1864,43.83949550269635,scr2012,dem,electricity
HU,h1865,45.377832148743515,scr2012,dem,electricity
HU,h1866,47.150164323409,scr2012,dem,electricity
HU,h1867,47.65526138518779,scr2012,dem,electricity
HU,h1868,46.53493910414273,scr2012,dem,electricity
HU,h1869,45.35790883893091,scr2012,dem,electricity
HU,h1870,44.97574866988182,scr2012,dem,electricity
HU,h1871,44.972742411505145,scr2012,dem,electricity
HU,h1872,45.07700402674406,scr2012,dem,electricity
HU,h1873,45.12958053071374,scr2012,dem,electricity
HU,h1874,45.288703376532865,scr2012,dem,electricity
HU,h1875,45.071567225322084,scr2012,dem,electricity
HU,h1876,44.74181201428975,scr2012,dem,electricity
HU,h1877,44.7485955729383,scr2012,dem,electricity
HU,h1878,45.55763336685739,scr2012,dem,electricity
HU,h1879,46.9455624147905,scr2012,dem,electricity
HU,h1880,48.172520291496575,scr2012,dem,electricity
HU,h1881,48.44193877741065,scr2012,dem,electricity
HU,h1882,47.642317852782355,scr2012,dem,electricity
HU,h1883,46.207762802225126,scr2012,dem,electricity
HU,h1884,44.5906062086823,scr2012,dem,electricity
HU,h1885,42.98345638932623,scr2012,dem,electricity
HU,h1886,41.5035574922101,scr2012,dem,electricity
HU,h1887,40.49928582190465,scr2012,dem,electricity
HU,h1888,40.61516359498879,scr2012,dem,electricity
HU,h1889,42.17713215669623,scr2012,dem,electricity
HU,h1890,43.98316767051372,scr2012,dem,electricity
HU,h1891,44.6402750880708,scr2012,dem,electricity
HU,h1892,43.810654889381176,scr2012,dem,electricity
HU,h1893,42.933938882173045,scr2012,dem,electricity
HU,h1894,42.797822735237254,scr2012,dem,electricity
HU,h1895,43.01374784197967,scr2012,dem,electricity
HU,h1896,43.34616666318398,scr2012,dem,electricity
HU,h1897,43.64995817257825,scr2012,dem,electricity
HU,h1898,44.062969078615055,scr2012,dem,electricity
HU,h1899,44.11699737548124,scr2012,dem,electricity
HU,h1900,44.05585173694824,scr2012,dem,electricity
HU,h1901,44.32850781143215,scr2012,dem,electricity
HU,h1902,45.39602539348823,scr2012,dem,electricity
HU,h1903,47.043059249315974,scr2012,dem,electricity
HU,h1904,48.52700812050053,scr2012,dem,electricity
HU,h1905,49.04094429088786,scr2012,dem,electricity
HU,h1906,48.4563763642231,scr2012,dem,electricity
HU,h1907,47.19967983977025,scr2012,dem,electricity
HU,h1908,45.72662207819973,scr2012,dem,electricity
HU,h1909,44.22931408958002,scr2012,dem,electricity
HU,h1910,42.830103327798454,scr2012,dem,electricity
HU,h1911,41.893890602031824,scr2012,dem,electricity
HU,h1912,42.09953602691065,scr2012,dem,electricity
HU,h1913,43.79557098967454,scr2012,dem,electricity
HU,h1914,45.728530921755095,scr2012,dem,electricity
HU,h1915,46.43170255944165,scr2012,dem,electricity
HU,h1916,45.566666214430015,scr2012,dem,electricity
HU,h1917,44.64508587094322,scr2012,dem,electricity
HU,h1918,44.503798802530234,scr2012,dem,electricity
HU,h1919,44.723490088037764,scr2012,dem,electricity
HU,h1920,45.051288683251215,scr2012,dem,electricity
HU,h1921,45.33579023449927,scr2012,dem,electricity
HU,h1922,45.7212157426954,scr2012,dem,electricity
HU,h1923,45.7227350082417,scr2012,dem,electricity
HU,h1924,45.59462899539685,scr2012,dem,electricity
HU,h1925,45.80448387482397,scr2012,dem,electricity
HU,h1926,46.82570662958309,scr2012,dem,electricity
HU,h1927,48.43547149133737,scr2012,dem,electricity
HU,h1928,49.87318862847974,scr2012,dem,electricity
HU,h1929,50.315534874614485,scr2012,dem,electricity
HU,h1930,49.63723400739191,scr2012,dem,electricity
HU,h1931,48.278925428809224,scr2012,dem,electricity
HU,h1932,46.70712118090247,scr2012,dem,electricity
HU,h1933,45.11775325085161,scr2012,dem,electricity
HU,h1934,43.6381153367068,scr2012,dem,electricity
HU,h1935,42.6423621454766,scr2012,dem,electricity
HU,h1936,42.82083650307512,scr2012,dem,electricity
HU,h1937,44.52041207356244,scr2012,dem,electricity
HU,h1938,46.461630737134435,scr2012,dem,electricity
HU,h1939,47.155684462996064,scr2012,dem,electricity
HU,h1940,46.26014940869604,scr2012,dem,electricity
HU,h1941,45.315052309631945,scr2012,dem,electricity
HU,h1942,45.167600529784956,scr2012,dem,electricity
HU,h1943,45.39348402983238,scr2012,dem,electricity
HU,h1944,45.734218078154406,scr2012,dem,electricity
HU,h1945,46.028665088832994,scr2012,dem,electricity
HU,h1946,46.426680298976834,scr2012,dem,electricity
HU,h1947,46.43124107754499,scr2012,dem,electricity
HU,h1948,46.307633048336406,scr2012,dem,electricity
HU,h1949,46.52094093031053,scr2012,dem,electricity
HU,h1950,47.54958927140526,scr2012,dem,electricity
HU,h1951,49.163733904132556,scr2012,dem,electricity
HU,h1952,50.6053178744585,scr2012,dem,electricity
HU,h1953,51.04790526553961,scr2012,dem,electricity
HU,h1954,50.3631470598025,scr2012,dem,electricity
HU,h1955,48.985411716913354,scr2012,dem,electricity
HU,h1956,47.378318227463396,scr2012,dem,electricity
HU,h1957,45.740641786129665,scr2012,dem,electricity
HU,h1958,44.20162968781407,scr2012,dem,electricity
HU,h1959,43.14577297537722,scr2012,dem,electricity
HU,h1960,43.280227636426275,scr2012,dem,electricity
HU,h1961,44.95681421945806,scr2012,dem,electricity
HU,h1962,46.876935072713195,scr2012,dem,electricity
HU,h1963,47.51896334582852,scr2012,dem,electricity
HU,h1964,46.53703817274494,scr2012,dem,electricity
HU,h1965,45.49835693335469,scr2012,dem,electricity
HU,h1966,45.2805568608028,scr2012,dem,electricity
HU,h1967,45.454367632790735,scr2012,dem,electricity
HU,h1968,45.7421750999257,scr2012,dem,electricity
HU,h1969,45.96842395288641,scr2012,dem,electricity
HU,h1970,46.285504075462796,scr2012,dem,electricity
HU,h1971,46.20134314700708,scr2012,dem,electricity
HU,h1972,45.98032719327094,scr2012,dem,electricity
HU,h1973,46.06942960804715,scr2012,dem,electricity
HU,h1974,46.90163813025632,scr2012,dem,electricity
HU,h1975,48.22208476746483,scr2012,dem,electricity
HU,h1976,49.39486819816599,scr2012,dem,electricity
HU,h1977,49.6851942468649,scr2012,dem,electricity
HU,h1978,48.98366053137034,scr2012,dem,electricity
HU,h1979,47.60859475694381,scr2012,dem,electricity
HU,h1980,45.97737052786716,scr2012,dem,electricity
HU,h1981,44.2925978198708,scr2012,dem,electricity
HU,h1982,42.67798989734906,scr2012,dem,electricity
HU,h1983,41.52069820030211,scr2012,dem,electricity
HU,h1984,41.513300533155316,scr2012,dem,electricity
HU,h1985,43.023347678185175,scr2012,dem,electricity
HU,h1986,44.77731260210191,scr2012,dem,electricity
HU,h1987,45.32733729874983,scr2012,dem,electricity
HU,h1988,44.32764773734112,scr2012,dem,electricity
HU,h1989,43.26448905526731,scr2012,dem,electricity
HU,h1990,42.96288767784125,scr2012,dem,electricity
HU,h1991,43.00255592095248,scr2012,dem,electricity
HU,h1992,43.16008239219499,scr2012,dem,electricity
HU,h1993,43.281409885883996,scr2012,dem,electricity
HU,h1994,43.5211536547647,scr2012,dem,electricity
HU,h1995,43.371303002894976,scr2012,dem,electricity
HU,h1996,43.09144487046706,scr2012,dem,electricity
HU,h1997,43.06374867804292,scr2012,dem,electricity
HU,h1998,43.7384998644692,scr2012,dem,electricity
HU,h1999,44.80341118365862,scr2012,dem,electricity
HU,h2000,45.74089943835163,scr2012,dem,electricity
HU,h2001,45.89636278416598,scr2012,dem,electricity
HU,h2002,45.224151302500445,scr2012,dem,electricity
HU,h2003,43.968179238216266,scr2012,dem,electricity
HU,h2004,42.45200751470647,scr2012,dem,electricity
HU,h2005,40.85158558218486,scr2012,dem,electricity
HU,h2006,39.293150280827746,scr2012,dem,electricity
HU,h2007,38.154287915797845,scr2012,dem,electricity
HU,h2008,38.08119487072065,scr2012,dem,electricity
HU,h2009,39.40755524036726,scr2012,dem,electricity
HU,h2010,40.95254694915495,scr2012,dem,electricity
HU,h2011,41.31729635430399,scr2012,dem,electricity
HU,h2012,40.366104166247425,scr2012,dem,electricity
HU,h2013,39.44371610129566,scr2012,dem,electricity
HU,h2014,39.28483027727744,scr2012,dem,electricity
HU,h2015,39.322820235049655,scr2012,dem,electricity
HU,h2016,39.39132495051348,scr2012,dem,electricity
HU,h2017,39.45885276675539,scr2012,dem,electricity
HU,h2018,39.64157085331467,scr2012,dem,electricity
HU,h2019,39.46774188835604,scr2012,dem,electricity
HU,h2020,39.14539435866828,scr2012,dem,electricity
HU,h2021,39.101451555533004,scr2012,dem,electricity
HU,h2022,39.80152077772108,scr2012,dem,electricity
HU,h2023,41.05700870655547,scr2012,dem,electricity
HU,h2024,42.18446581292574,scr2012,dem,electricity
HU,h2025,42.43629263958779,scr2012,dem,electricity
HU,h2026,41.705424121177735,scr2012,dem,electricity
HU,h2027,40.391203677831655,scr2012,dem,electricity
HU,h2028,38.89431258201854,scr2012,dem,electricity
HU,h2029,37.39502091932201,scr2012,dem,electricity
HU,h2030,35.98971226160697,scr2012,dem,electricity
HU,h2031,34.98219574770727,scr2012,dem,electricity
HU,h2032,34.904603827482035,scr2012,dem,electricity
HU,h2033,36.02342864024796,scr2012,dem,electricity
HU,h2034,37.300307400248734,scr2012,dem,electricity
HU,h2035,37.50660607301037,scr2012,dem,electricity
HU,h2036,36.56216603898531,scr2012,dem,electricity
HU,h2037,35.651794430996624,scr2012,dem,electricity
HU,h2038,35.411474317079275,scr2012,dem,electricity
HU,h2039,35.33892116514427,scr2012,dem,electricity
HU,h2040,35.30638072936778,scr2012,dem,electricity
HU,h2041,35.259970182885795,scr2012,dem,electricity
HU,h2042,35.29624281041339,scr2012,dem,electricity
HU,h2043,34.999772657830334,scr2012,dem,electricity
HU,h2044,34.60281020700077,scr2012,dem,electricity
HU,h2045,34.47420701507572,scr2012,dem,electricity
HU,h2046,35.003308421100606,scr2012,dem,electricity
HU,h2047,36.01351545537956,scr2012,dem,electricity
HU,h2048,36.9133365533008,scr2012,dem,electricity
HU,h2049,37.05547568315367,scr2012,dem,electricity
HU,h2050,36.35053858290046,scr2012,dem,electricity
HU,h2051,35.14962119599758,scr2012,dem,electricity
HU,h2052,33.80552858055436,scr2012,dem,electricity
HU,h2053,32.46831766957638,scr2012,dem,electricity
HU,h2054,31.21387554689985,scr2012,dem,electricity
HU,h2055,30.29756541172674,scr2012,dem,electricity
HU,h2056,30.166541359049337,scr2012,dem,electricity
HU,h2057,31.042257865270816,scr2012,dem,electricity
HU,h2058,32.050071420514726,scr2012,dem,electricity
HU,h2059,32.15434497778701,scr2012,dem,electricity
HU,h2060,31.32147359108331,scr2012,dem,electricity
HU,h2061,30.525646587525554,scr2012,dem,electricity
HU,h2062,30.288177479717184,scr2012,dem,electricity
HU,h2063,30.15976641802908,scr2012,dem,electricity
HU,h2064,30.057809879375462,scr2012,dem,electricity
HU,h2065,29.94929962354459,scr2012,dem,electricity
HU,h2066,29.915949553307062,scr2012,dem,electricity
HU,h2067,29.60898281172637,scr2012,dem,electricity
HU,h2068,29.235865942868767,scr2012,dem,electricity
HU,h2069,29.10914976192054,scr2012,dem,electricity
HU,h2070,29.56230883256099,scr2012,dem,electricity
HU,h2071,30.460541704630728,scr2012,dem,electricity
HU,h2072,31.288559176232802,scr2012,dem,electricity
HU,h2073,31.483796878464506,scr2012,dem,electricity
HU,h2074,30.95505850573921,scr2012,dem,electricity
HU,h2075,30.008972863834487,scr2012,dem,electricity
HU,h2076,28.952559955326862,scr2012,dem,electricity
HU,h2077,27.907633118430915,scr2012,dem,electricity
HU,h2078,26.93207492037064,scr2012,dem,electricity
HU,h2079,26.2422569156051,scr2012,dem,electricity
HU,h2080,26.22030610718749,scr2012,dem,electricity
HU,h2081,27.06361278464398,scr2012,dem,electricity
HU,h2082,28.028599455858597,scr2012,dem,electricity
HU,h2083,28.230019043162727,scr2012,dem,electricity
HU,h2084,27.652447483000632,scr2012,dem,electricity
HU,h2085,27.11910015155018,scr2012,dem,electricity
HU,h2086,27.062930330138993,scr2012,dem,electricity
HU,h2087,27.07922399770359,scr2012,dem,electricity
HU,h2088,27.115177154407945,scr2012,dem,electricity
HU,h2089,27.147291238450553,scr2012,dem,electricity
HU,h2090,27.248392841146977,scr2012,dem,electricity
HU,h2091,27.103873768928413,scr2012,dem,electricity
HU,h2092,26.9049101158884,scr2012,dem,electricity
HU,h2093,26.93783700829357,scr2012,dem,electricity
HU,h2094,27.516693431207475,scr2012,dem,electricity
HU,h2095,28.523487857454505,scr2012,dem,electricity
HU,h2096,29.47119335230801,scr2012,dem,electricity
HU,h2097,29.819002647245128,scr2012,dem,electricity
HU,h2098,29.46881962729659,scr2012,dem,electricity
HU,h2099,28.70571467611469,scr2012,dem,electricity
HU,h2100,27.81853729364132,scr2012,dem,electricity
HU,h2101,26.919033407055252,scr2012,dem,electricity
HU,h2102,26.06647449707763,scr2012,dem,electricity
HU,h2103,25.474324581204886,scr2012,dem,electricity
HU,h2104,25.515982795355914,scr2012,dem,electricity
HU,h2105,26.38446341407644,scr2012,dem,electricity
HU,h2106,27.362491552877813,scr2012,dem,electricity
HU,h2107,27.595164015253133,scr2012,dem,electricity
HU,h2108,27.064613238318785,scr2012,dem,electricity
HU,h2109,26.571674451291788,scr2012,dem,electricity
HU,h2110,26.528077174209052,scr2012,dem,electricity
HU,h2111,26.546338206413203,scr2012,dem,electricity
HU,h2112,26.574881790188204,scr2012,dem,electricity
HU,h2113,26.592744512206156,scr2012,dem,electricity
HU,h2114,26.670889963838547,scr2012,dem,electricity
HU,h2115,26.497693469472473,scr2012,dem,electricity
HU,h2116,26.265621482084246,scr2012,dem,electricity
HU,h2117,26.250923072039573,scr2012,dem,electricity
HU,h2118,26.760268629504537,scr2012,dem,electricity
HU,h2119,27.6735472861545,scr2012,dem,electricity
HU,h2120,28.52758642519749,scr2012,dem,electricity
HU,h2121,28.80294539607472,scr2012,dem,electricity
HU,h2122,28.407250094494014,scr2012,dem,electricity
HU,h2123,27.610622050371305,scr2012,dem,electricity
HU,h2124,26.6904470285453,scr2012,dem,electricity
HU,h2125,25.756599871982417,scr2012,dem,electricity
HU,h2126,24.861260491014864,scr2012,dem,electricity
HU,h2127,24.208977876388957,scr2012,dem,electricity
HU,h2128,24.154379324903257,scr2012,dem,electricity
HU,h2129,24.877883177507147,scr2012,dem,electricity
HU,h2130,25.696858915400945,scr2012,dem,electricity
HU,h2131,25.810248346776614,scr2012,dem,electricity
HU,h2132,25.20201609728346,scr2012,dem,electricity
HU,h2133,24.627912755755688,scr2012,dem,electricity
HU,h2134,24.477383825460215,scr2012,dem,electricity
HU,h2135,24.392906257323176,scr2012,dem,electricity
HU,h2136,24.313285228833973,scr2012,dem,electricity
HU,h2137,24.216367037384643,scr2012,dem,electricity
HU,h2138,24.161559924457784,scr2012,dem,electricity
HU,h2139,23.875080077552052,scr2012,dem,electricity
HU,h2140,23.529763069263844,scr2012,dem,electricity
HU,h2141,23.366588778151698,scr2012,dem,electricity
HU,h2142,23.61626539939446,scr2012,dem,electricity
HU,h2143,24.137619405742573,scr2012,dem,electricity
HU,h2144,24.643554129106562,scr2012,dem,electricity
HU,h2145,24.757808929726185,scr2012,dem,electricity
HU,h2146,24.41637311746508,scr2012,dem,electricity
HU,h2147,23.73564668504419,scr2012,dem,electricity
HU,h2148,22.91943105728018,scr2012,dem,electricity
HU,h2149,22.069715983712577,scr2012,dem,electricity
HU,h2150,21.222319494280097,scr2012,dem,electricity
HU,h2151,20.560625202784994,scr2012,dem,electricity
HU,h2152,20.3954635368833,scr2012,dem,electricity
HU,h2153,20.901987216319473,scr2012,dem,electricity
HU,h2154,21.4997659840538,scr2012,dem,electricity
HU,h2155,21.53376364427617,scr2012,dem,electricity
HU,h2156,21.008390125835966,scr2012,dem,electricity
HU,h2157,20.520155230675897,scr2012,dem,electricity
HU,h2158,20.35325716664718,scr2012,dem,electricity
HU,h2159,20.17160830327099,scr2012,dem,electricity
HU,h2160,19.961090705744354,scr2012,dem,electricity
IE,h1441,7.260516660257874,scr2012,dem,electricity
IE,h1442,7.071213765837237,scr2012,dem,electricity
IE,h1443,6.8693642395726435,scr2012,dem,electricity
IE,h1444,6.662442783755102,scr2012,dem,electricity
IE,h1445,6.585231673755677,scr2012,dem,electricity
IE,h1446,6.653475555287263,scr2012,dem,electricity
IE,h1447,6.834891749266708,scr2012,dem,electricity
IE,h1448,7.134037053585201,scr2012,dem,electricity
IE,h1449,7.473948556080366,scr2012,dem,electricity
IE,h1450,7.739266110816392,scr2012,dem,electricity
IE,h1451,7.839128913081833,scr2012,dem,electricity
IE,h1452,7.7634047782982805,scr2012,dem,electricity
IE,h1453,7.620188610835039,scr2012,dem,electricity
IE,h1454,7.439267399197972,scr2012,dem,electricity
IE,h1455,7.294040127898171,scr2012,dem,electricity
IE,h1456,7.267696599378193,scr2012,dem,electricity
IE,h1457,7.432200312854832,scr2012,dem,electricity
IE,h1458,7.679469756638891,scr2012,dem,electricity
IE,h1459,7.786112681235529,scr2012,dem,electricity
IE,h1460,7.760736455722921,scr2012,dem,electricity
IE,h1461,7.7056848635599,scr2012,dem,electricity
IE,h1462,7.678478745830118,scr2012,dem,electricity
IE,h1463,7.532023583937323,scr2012,dem,electricity
IE,h1464,7.31882211510661,scr2012,dem,electricity
IE,h1465,7.1590220801854505,scr2012,dem,electricity
IE,h1466,7.0184784768434785,scr2012,dem,electricity
IE,h1467,6.832982368080669,scr2012,dem,electricity
IE,h1468,6.6046873183226475,scr2012,dem,electricity
IE,h1469,6.489071852337012,scr2012,dem,electricity
IE,h1470,6.51677128753214,scr2012,dem,electricity
IE,h1471,6.64830939844431,scr2012,dem,electricity
IE,h1472,6.845166845584832,scr2012,dem,electricity
IE,h1473,6.982026795494333,scr2012,dem,electricity
IE,h1474,7.0460603536024635,scr2012,dem,electricity
IE,h1475,7.063635569659729,scr2012,dem,electricity
IE,h1476,7.0700107163343135,scr2012,dem,electricity
IE,h1477,7.041321426156667,scr2012,dem,electricity
IE,h1478,6.930804653941149,scr2012,dem,electricity
IE,h1479,6.810193453299058,scr2012,dem,electricity
IE,h1480,6.772153837951875,scr2012,dem,electricity
IE,h1481,6.898209167155483,scr2012,dem,electricity
IE,h1482,7.108871568035127,scr2012,dem,electricity
IE,h1483,7.222492310574518,scr2012,dem,electricity
IE,h1484,7.220929998772033,scr2012,dem,electricity
IE,h1485,7.171809376599443,scr2012,dem,electricity
IE,h1486,7.130862316572894,scr2012,dem,electricity
IE,h1487,6.977999142513335,scr2012,dem,electricity
IE,h1488,6.780049243633612,scr2012,dem,electricity
IE,h1489,6.641638217736034,scr2012,dem,electricity
IE,h1490,6.533089155784279,scr2012,dem,electricity
IE,h1491,6.37630635923706,scr2012,dem,electricity
IE,h1492,6.166261074838516,scr2012,dem,electricity
IE,h1493,6.043649195570283,scr2012,dem,electricity
IE,h1494,6.044519362368847,scr2012,dem,electricity
IE,h1495,6.140948280809998,scr2012,dem,electricity
IE,h1496,6.287300964678709,scr2012,dem,electricity
IE,h1497,6.343833910729573,scr2012,dem,electricity
IE,h1498,6.314929413139289,scr2012,dem,electricity
IE,h1499,6.2537617049215894,scr2012,dem,electricity
IE,h1500,6.245147800498498,scr2012,dem,electricity
IE,h1501,6.255821236614596,scr2012,dem,electricity
IE,h1502,6.223434713111893,scr2012,dem,electricity
IE,h1503,6.168696971741328,scr2012,dem,electricity
IE,h1504,6.146279089665275,scr2012,dem,electricity
IE,h1505,6.225121331142923,scr2012,dem,electricity
IE,h1506,6.369158268215592,scr2012,dem,electricity
IE,h1507,6.4329235388265715,scr2012,dem,electricity
IE,h1508,6.4121735763745225,scr2012,dem,electricity
IE,h1509,6.363283456350463,scr2012,dem,electricity
IE,h1510,6.341152581340801,scr2012,dem,electricity
IE,h1511,6.216538757869395,scr2012,dem,electricity
IE,h1512,6.017342604027775,scr2012,dem,electricity
IE,h1513,5.83383093041702,scr2012,dem,electricity
IE,h1514,5.661551953895949,scr2012,dem,electricity
IE,h1515,5.4695869734833975,scr2012,dem,electricity
IE,h1516,5.264495449267493,scr2012,dem,electricity
IE,h1517,5.161488680341726,scr2012,dem,electricity
IE,h1518,5.173851996032712,scr2012,dem,electricity
IE,h1519,5.281895974449528,scr2012,dem,electricity
IE,h1520,5.512633463997038,scr2012,dem,electricity
IE,h1521,5.814019015095817,scr2012,dem,electricity
IE,h1522,6.0865144164323475,scr2012,dem,electricity
IE,h1523,6.221393249342713,scr2012,dem,electricity
IE,h1524,6.201119170936552,scr2012,dem,electricity
IE,h1525,6.102600911505978,scr2012,dem,electricity
IE,h1526,5.968425161429287,scr2012,dem,electricity
IE,h1527,5.846330883404473,scr2012,dem,electricity
IE,h1528,5.804872694057434,scr2012,dem,electricity
IE,h1529,5.901562777016474,scr2012,dem,electricity
IE,h1530,6.091847299660664,scr2012,dem,electricity
IE,h1531,6.202303166990621,scr2012,dem,electricity
IE,h1532,6.205545612103783,scr2012,dem,electricity
IE,h1533,6.161796807610429,scr2012,dem,electricity
IE,h1534,6.1048781722023175,scr2012,dem,electricity
IE,h1535,5.939483609864116,scr2012,dem,electricity
IE,h1536,5.6729345622829035,scr2012,dem,electricity
IE,h1537,5.417195880470876,scr2012,dem,electricity
IE,h1538,5.176861035592622,scr2012,dem,electricity
IE,h1539,4.953098458067675,scr2012,dem,electricity
IE,h1540,4.751414357217157,scr2012,dem,electricity
IE,h1541,4.666427422438224,scr2012,dem,electricity
IE,h1542,4.692694128324579,scr2012,dem,electricity
IE,h1543,4.8110505852554635,scr2012,dem,electricity
IE,h1544,5.060790001492493,scr2012,dem,electricity
IE,h1545,5.4015275653780925,scr2012,dem,electricity
IE,h1546,5.717245901822043,scr2012,dem,electricity
IE,h1547,5.885901353687015,scr2012,dem,electricity
IE,h1548,5.883022535403619,scr2012,dem,electricity
IE,h1549,5.806735533357904,scr2012,dem,electricity
IE,h1550,5.70254342056954,scr2012,dem,electricity
IE,h1551,5.618498844472739,scr2012,dem,electricity
IE,h1552,5.609308645827182,scr2012,dem,electricity
IE,h1553,5.727093573239987,scr2012,dem,electricity
IE,h1554,5.9279338534529735,scr2012,dem,electricity
IE,h1555,6.0463332198287265,scr2012,dem,electricity
IE,h1556,6.069020414043857,scr2012,dem,electricity
IE,h1557,6.048849258689326,scr2012,dem,electricity
IE,h1558,6.022265640016095,scr2012,dem,electricity
IE,h1559,5.886064326139196,scr2012,dem,electricity
IE,h1560,5.650596575235361,scr2012,dem,electricity
IE,h1561,5.409508637402363,scr2012,dem,electricity
IE,h1562,5.1785211702629335,scr2012,dem,electricity
IE,h1563,4.959790100666352,scr2012,dem,electricity
IE,h1564,4.773197381788241,scr2012,dem,electricity
IE,h1565,4.704611952528489,scr2012,dem,electricity
IE,h1566,4.749548743907008,scr2012,dem,electricity
IE,h1567,4.886695008482971,scr2012,dem,electricity
IE,h1568,5.1533161248251895,scr2012,dem,electricity
IE,h1569,5.506057005281056,scr2012,dem,electricity
IE,h1570,5.831191909897301,scr2012,dem,electricity
IE,h1571,6.006453567976512,scr2012,dem,electricity
IE,h1572,6.010225849343227,scr2012,dem,electricity
IE,h1573,5.936779456512639,scr2012,dem,electricity
IE,h1574,5.832613802680903,scr2012,dem,electricity
IE,h1575,5.747253115705552,scr2012,dem,electricity
IE,h1576,5.740549180459915,scr2012,dem,electricity
IE,h1577,5.8663432062739576,scr2012,dem,electricity
IE,h1578,6.074313996361555,scr2012,dem,electricity
IE,h1579,6.193663546371195,scr2012,dem,electricity
IE,h1580,6.205831829237108,scr2012,dem,electricity
IE,h1581,6.183529420974753,scr2012,dem,electricity
IE,h1582,6.157546827065816,scr2012,dem,electricity
IE,h1583,6.023329980802929,scr2012,dem,electricity
IE,h1584,5.782677115096914,scr2012,dem,electricity
IE,h1585,5.5416935788592205,scr2012,dem,electricity
IE,h1586,5.316322715355866,scr2012,dem,electricity
IE,h1587,5.100019909876946,scr2012,dem,electricity
IE,h1588,4.90869028754463,scr2012,dem,electricity
IE,h1589,4.834839121155804,scr2012,dem,electricity
IE,h1590,4.8774898665924225,scr2012,dem,electricity
IE,h1591,5.015168743204536,scr2012,dem,electricity
IE,h1592,5.281326066811821,scr2012,dem,electricity
IE,h1593,5.630519358497103,scr2012,dem,electricity
IE,h1594,5.9507858888264495,scr2012,dem,electricity
IE,h1595,6.122787453879575,scr2012,dem,electricity
IE,h1596,6.126003885608718,scr2012,dem,electricity
IE,h1597,6.051216468063313,scr2012,dem,electricity
IE,h1598,5.945460568902429,scr2012,dem,electricity
IE,h1599,5.861434258837673,scr2012,dem,electricity
IE,h1600,5.862800611816177,scr2012,dem,electricity
IE,h1601,6.003290046506022,scr2012,dem,electricity
IE,h1602,6.225405665791314,scr2012,dem,electricity
IE,h1603,6.353577481782225,scr2012,dem,electricity
IE,h1604,6.383310842652222,scr2012,dem,electricity
IE,h1605,6.389186745724709,scr2012,dem,electricity
IE,h1606,6.399598838282104,scr2012,dem,electricity
IE,h1607,6.291578282534516,scr2012,dem,electricity
IE,h1608,6.070097198729257,scr2012,dem,electricity
IE,h1609,5.85994799955985,scr2012,dem,electricity
IE,h1610,5.662041155278171,scr2012,dem,electricity
IE,h1611,5.469695367478788,scr2012,dem,electricity
IE,h1612,5.281296263891999,scr2012,dem,electricity
IE,h1613,5.212890940524892,scr2012,dem,electricity
IE,h1614,5.267466251277923,scr2012,dem,electricity
IE,h1615,5.423046454514328,scr2012,dem,electricity
IE,h1616,5.699826364660797,scr2012,dem,electricity
IE,h1617,6.041527066953708,scr2012,dem,electricity
IE,h1618,6.341242571682824,scr2012,dem,electricity
IE,h1619,6.497550384347308,scr2012,dem,electricity
IE,h1620,6.489400049441971,scr2012,dem,electricity
IE,h1621,6.406506418144769,scr2012,dem,electricity
IE,h1622,6.277956940861497,scr2012,dem,electricity
IE,h1623,6.166016980840036,scr2012,dem,electricity
IE,h1624,6.137310215834634,scr2012,dem,electricity
IE,h1625,6.25321396322439,scr2012,dem,electricity
IE,h1626,6.445262940349018,scr2012,dem,electricity
IE,h1627,6.536494976399862,scr2012,dem,electricity
IE,h1628,6.516762934459626,scr2012,dem,electricity
IE,h1629,6.48010635523047,scr2012,dem,electricity
IE,h1630,6.448665415045998,scr2012,dem,electricity
IE,h1631,6.306382183578926,scr2012,dem,electricity
IE,h1632,6.074086000328965,scr2012,dem,electricity
IE,h1633,5.884644992790988,scr2012,dem,electricity
IE,h1634,5.716121484946204,scr2012,dem,electricity
IE,h1635,5.519420045863247,scr2012,dem,electricity
IE,h1636,5.289977314611197,scr2012,dem,electricity
IE,h1637,5.164145347880459,scr2012,dem,electricity
IE,h1638,5.159635849288527,scr2012,dem,electricity
IE,h1639,5.246730319119671,scr2012,dem,electricity
IE,h1640,5.4051081985713,scr2012,dem,electricity
IE,h1641,5.533404204854825,scr2012,dem,electricity
IE,h1642,5.626860748609548,scr2012,dem,electricity
IE,h1643,5.694216995699407,scr2012,dem,electricity
IE,h1644,5.753652962617677,scr2012,dem,electricity
IE,h1645,5.773206181655668,scr2012,dem,electricity
IE,h1646,5.7087725635270266,scr2012,dem,electricity
IE,h1647,5.622221483592513,scr2012,dem,electricity
IE,h1648,5.580983203114934,scr2012,dem,electricity
IE,h1649,5.6497766544764705,scr2012,dem,electricity
IE,h1650,5.791474576617352,scr2012,dem,electricity
IE,h1651,5.8754831918851105,scr2012,dem,electricity
IE,h1652,5.87939504965216,scr2012,dem,electricity
IE,h1653,5.8707038712030855,scr2012,dem,electricity
IE,h1654,5.85403162999466,scr2012,dem,electricity
IE,h1655,5.732384067606386,scr2012,dem,electricity
IE,h1656,5.532605151235456,scr2012,dem,electricity
IE,h1657,5.377587672676846,scr2012,dem,electricity
IE,h1658,5.253792054070697,scr2012,dem,electricity
IE,h1659,5.096367434811366,scr2012,dem,electricity
IE,h1660,4.9043162175296295,scr2012,dem,electricity
IE,h1661,4.79148337638167,scr2012,dem,electricity
IE,h1662,4.783109898794896,scr2012,dem,electricity
IE,h1663,4.851893208114625,scr2012,dem,electricity
IE,h1664,4.977246080253939,scr2012,dem,electricity
IE,h1665,5.043040297449085,scr2012,dem,electricity
IE,h1666,5.059364466724599,scr2012,dem,electricity
IE,h1667,5.061604354253714,scr2012,dem,electricity
IE,h1668,5.114689709316265,scr2012,dem,electricity
IE,h1669,5.174057062300253,scr2012,dem,electricity
IE,h1670,5.1797083493528575,scr2012,dem,electricity
IE,h1671,5.149775422673276,scr2012,dem,electricity
IE,h1672,5.124093352588049,scr2012,dem,electricity
IE,h1673,5.161714171159831,scr2012,dem,electricity
IE,h1674,5.257739701947908,scr2012,dem,electricity
IE,h1675,5.307874072360944,scr2012,dem,electricity
IE,h1676,5.313081338660359,scr2012,dem,electricity
IE,h1677,5.316619040465167,scr2012,dem,electricity
IE,h1678,5.334508439217824,scr2012,dem,electricity
IE,h1679,5.248622306713099,scr2012,dem,electricity
IE,h1680,5.067725618499739,scr2012,dem,electricity
IE,h1681,4.891836340474742,scr2012,dem,electricity
IE,h1682,4.723445826994277,scr2012,dem,electricity
IE,h1683,4.544731419688531,scr2012,dem,electricity
IE,h1684,4.363151537347443,scr2012,dem,electricity
IE,h1685,4.281461774115372,scr2012,dem,electricity
IE,h1686,4.301041945737887,scr2012,dem,electricity
IE,h1687,4.410413285068092,scr2012,dem,electricity
IE,h1688,4.641936212309523,scr2012,dem,electricity
IE,h1689,4.940055672859069,scr2012,dem,electricity
IE,h1690,5.231179890260092,scr2012,dem,electricity
IE,h1691,5.41225640566326,scr2012,dem,electricity
IE,h1692,5.471463737003523,scr2012,dem,electricity
IE,h1693,5.452912584396911,scr2012,dem,electricity
IE,h1694,5.386725839129631,scr2012,dem,electricity
IE,h1695,5.322889398978643,scr2012,dem,electricity
IE,h1696,5.31670125478346,scr2012,dem,electricity
IE,h1697,5.425272175919635,scr2012,dem,electricity
IE,h1698,5.619611409056337,scr2012,dem,electricity
IE,h1699,5.742973744936171,scr2012,dem,electricity
IE,h1700,5.760523280168592,scr2012,dem,electricity
IE,h1701,5.7582499991757965,scr2012,dem,electricity
IE,h1702,5.75358320086525,scr2012,dem,electricity
IE,h1703,5.659670953526388,scr2012,dem,electricity
IE,h1704,5.4417263466636845,scr2012,dem,electricity
IE,h1705,5.222732485992719,scr2012,dem,electricity
IE,h1706,5.018560844527552,scr2012,dem,electricity
IE,h1707,4.832741545329949,scr2012,dem,electricity
IE,h1708,4.673903278547072,scr2012,dem,electricity
IE,h1709,4.630591550720106,scr2012,dem,electricity
IE,h1710,4.697886277910063,scr2012,dem,electricity
IE,h1711,4.858384597221488,scr2012,dem,electricity
IE,h1712,5.140528780946329,scr2012,dem,electricity
IE,h1713,5.505429695356937,scr2012,dem,electricity
IE,h1714,5.852230266088988,scr2012,dem,electricity
IE,h1715,6.067264262171264,scr2012,dem,electricity
IE,h1716,6.1178756945618,scr2012,dem,electricity
IE,h1717,6.079503780559162,scr2012,dem,electricity
IE,h1718,6.001271981432628,scr2012,dem,electricity
IE,h1719,5.937078076770737,scr2012,dem,electricity
IE,h1720,5.957186877600901,scr2012,dem,electricity
IE,h1721,6.120189349995513,scr2012,dem,electricity
IE,h1722,6.375752045143511,scr2012,dem,electricity
IE,h1723,6.531975858038564,scr2012,dem,electricity
IE,h1724,6.5486274964092805,scr2012,dem,electricity
IE,h1725,6.538926251083487,scr2012,dem,electricity
IE,h1726,6.5461114960606075,scr2012,dem,electricity
IE,h1727,6.474548602455792,scr2012,dem,electricity
IE,h1728,6.283918191754626,scr2012,dem,electricity
IE,h1729,6.072988374460946,scr2012,dem,electricity
IE,h1730,5.861115509522367,scr2012,dem,electricity
IE,h1731,5.650238385015662,scr2012,dem,electricity
IE,h1732,5.4703006250355095,scr2012,dem,electricity
IE,h1733,5.426727374562206,scr2012,dem,electricity
IE,h1734,5.519654667144685,scr2012,dem,electricity
IE,h1735,5.716168186615986,scr2012,dem,electricity
IE,h1736,6.003557151243473,scr2012,dem,electricity
IE,h1737,6.349673934738345,scr2012,dem,electricity
IE,h1738,6.676568843591009,scr2012,dem,electricity
IE,h1739,6.905074258015826,scr2012,dem,electricity
IE,h1740,6.952454407874395,scr2012,dem,electricity
IE,h1741,6.8700360600369486,scr2012,dem,electricity
IE,h1742,6.705728722310513,scr2012,dem,electricity
IE,h1743,6.5660759156988355,scr2012,dem,electricity
IE,h1744,6.549812800768536,scr2012,dem,electricity
IE,h1745,6.725145976991983,scr2012,dem,electricity
IE,h1746,6.984244821317985,scr2012,dem,electricity
IE,h1747,7.074498221786484,scr2012,dem,electricity
IE,h1748,6.976863245057789,scr2012,dem,electricity
IE,h1749,6.883188538175396,scr2012,dem,electricity
IE,h1750,6.867550539321521,scr2012,dem,electricity
IE,h1751,6.80136011208445,scr2012,dem,electricity
IE,h1752,6.650897357475485,scr2012,dem,electricity
IE,h1753,6.494351129247699,scr2012,dem,electricity
IE,h1754,6.333862325129677,scr2012,dem,electricity
IE,h1755,6.125292773167146,scr2012,dem,electricity
IE,h1756,5.931154050713777,scr2012,dem,electricity
IE,h1757,5.868755858397647,scr2012,dem,electricity
IE,h1758,5.943186868469793,scr2012,dem,electricity
IE,h1759,6.111550035103075,scr2012,dem,electricity
IE,h1760,6.341485105830736,scr2012,dem,electricity
IE,h1761,6.5606885381158575,scr2012,dem,electricity
IE,h1762,6.707112697808828,scr2012,dem,electricity
IE,h1763,6.765506233814189,scr2012,dem,electricity
IE,h1764,6.737118603456789,scr2012,dem,electricity
IE,h1765,6.669478515895127,scr2012,dem,electricity
IE,h1766,6.558627464669514,scr2012,dem,electricity
IE,h1767,6.431832977070345,scr2012,dem,electricity
IE,h1768,6.378302438091613,scr2012,dem,electricity
IE,h1769,6.495988280154823,scr2012,dem,electricity
IE,h1770,6.739024457460127,scr2012,dem,electricity
IE,h1771,6.879688658471604,scr2012,dem,electricity
IE,h1772,6.853795501344472,scr2012,dem,electricity
IE,h1773,6.835582805189347,scr2012,dem,electricity
IE,h1774,6.868679611685755,scr2012,dem,electricity
IE,h1775,6.838480909441075,scr2012,dem,electricity
IE,h1776,6.684587457063546,scr2012,dem,electricity
IE,h1777,6.537870680076,scr2012,dem,electricity
IE,h1778,6.3841149077284465,scr2012,dem,electricity
IE,h1779,6.198162518494541,scr2012,dem,electricity
IE,h1780,5.997116384982351,scr2012,dem,electricity
IE,h1781,5.930003683139061,scr2012,dem,electricity
IE,h1782,5.989072256881308,scr2012,dem,electricity
IE,h1783,6.136066486619004,scr2012,dem,electricity
IE,h1784,6.354419809408269,scr2012,dem,electricity
IE,h1785,6.645921827676239,scr2012,dem,electricity
IE,h1786,6.89530039277042,scr2012,dem,electricity
IE,h1787,7.037024182006353,scr2012,dem,electricity
IE,h1788,6.992294721045465,scr2012,dem,electricity
IE,h1789,6.8728717465989275,scr2012,dem,electricity
IE,h1790,6.710046032947572,scr2012,dem,electricity
IE,h1791,6.567691575195011,scr2012,dem,electricity
IE,h1792,6.528631868840859,scr2012,dem,electricity
IE,h1793,6.668022360231804,scr2012,dem,electricity
IE,h1794,6.877223592700675,scr2012,dem,electricity
IE,h1795,6.958659576299921,scr2012,dem,electricity
IE,h1796,6.880608175916434,scr2012,dem,electricity
IE,h1797,6.8315056039594,scr2012,dem,electricity
IE,h1798,6.8041690825684995,scr2012,dem,electricity
IE,h1799,6.676068925512709,scr2012,dem,electricity
IE,h1800,6.432889011918564,scr2012,dem,electricity
IE,h1801,6.227308796155974,scr2012,dem,electricity
IE,h1802,6.046724434558988,scr2012,dem,electricity
IE,h1803,5.826725267198089,scr2012,dem,electricity
IE,h1804,5.575094316259246,scr2012,dem,electricity
IE,h1805,5.429922436930481,scr2012,dem,electricity
IE,h1806,5.409890609560896,scr2012,dem,electricity
IE,h1807,5.483035071808667,scr2012,dem,electricity
IE,h1808,5.624129572339469,scr2012,dem,electricity
IE,h1809,5.728065424032622,scr2012,dem,electricity
IE,h1810,5.801503376278992,scr2012,dem,electricity
IE,h1811,5.848111209684994,scr2012,dem,electricity
IE,h1812,5.886704972845915,scr2012,dem,electricity
IE,h1813,5.877707691141234,scr2012,dem,electricity
IE,h1814,5.787009955741623,scr2012,dem,electricity
IE,h1815,5.678815991713167,scr2012,dem,electricity
IE,h1816,5.620874348559309,scr2012,dem,electricity
IE,h1817,5.672492940410812,scr2012,dem,electricity
IE,h1818,5.795635225936707,scr2012,dem,electricity
IE,h1819,5.859961041987553,scr2012,dem,electricity
IE,h1820,5.827770015860756,scr2012,dem,electricity
IE,h1821,5.804097352730256,scr2012,dem,electricity
IE,h1822,5.782353633770611,scr2012,dem,electricity
IE,h1823,5.675069999423614,scr2012,dem,electricity
IE,h1824,5.472821305590109,scr2012,dem,electricity
IE,h1825,5.301717453557404,scr2012,dem,electricity
IE,h1826,5.163140138370304,scr2012,dem,electricity
IE,h1827,4.992117085145242,scr2012,dem,electricity
IE,h1828,4.8029020609033966,scr2012,dem,electricity
IE,h1829,4.6911230892035976,scr2012,dem,electricity
IE,h1830,4.6836891536018985,scr2012,dem,electricity
IE,h1831,4.740623758013536,scr2012,dem,electricity
IE,h1832,4.857079538939239,scr2012,dem,electricity
IE,h1833,4.921370994898543,scr2012,dem,electricity
IE,h1834,4.9499309525063,scr2012,dem,electricity
IE,h1835,4.966126571738082,scr2012,dem,electricity
IE,h1836,5.031705124870153,scr2012,dem,electricity
IE,h1837,5.10136537597676,scr2012,dem,electricity
IE,h1838,5.122425556684561,scr2012,dem,electricity
IE,h1839,5.109371935804963,scr2012,dem,electricity
IE,h1840,5.100766884785047,scr2012,dem,electricity
IE,h1841,5.155147228390657,scr2012,dem,electricity
IE,h1842,5.262776298903277,scr2012,dem,electricity
IE,h1843,5.320390828931071,scr2012,dem,electricity
IE,h1844,5.307154138866117,scr2012,dem,electricity
IE,h1845,5.3122008222378145,scr2012,dem,electricity
IE,h1846,5.345821261111953,scr2012,dem,electricity
IE,h1847,5.304212116184175,scr2012,dem,electricity
IE,h1848,5.159359208884256,scr2012,dem,electricity
IE,h1849,5.008481865544953,scr2012,dem,electricity
IE,h1850,4.864846557509687,scr2012,dem,electricity
IE,h1851,4.709084238013379,scr2012,dem,electricity
IE,h1852,4.552657975231489,scr2012,dem,electricity
IE,h1853,4.500370673604617,scr2012,dem,electricity
IE,h1854,4.552476559444081,scr2012,dem,electricity
IE,h1855,4.698997875544994,scr2012,dem,electricity
IE,h1856,4.964187157179472,scr2012,dem,electricity
IE,h1857,5.284864286044933,scr2012,dem,electricity
IE,h1858,5.596644490686761,scr2012,dem,electricity
IE,h1859,5.803026340302941,scr2012,dem,electricity
IE,h1860,5.889641559246844,scr2012,dem,electricity
IE,h1861,5.890165596527653,scr2012,dem,electricity
IE,h1862,5.835357547282734,scr2012,dem,electricity
IE,h1863,5.7850431484613045,scr2012,dem,electricity
IE,h1864,5.807951817827745,scr2012,dem,electricity
IE,h1865,5.9595050269232805,scr2012,dem,electricity
IE,h1866,6.200455384931486,scr2012,dem,electricity
IE,h1867,6.346631416890311,scr2012,dem,electricity
IE,h1868,6.340526873887572,scr2012,dem,electricity
IE,h1869,6.31742911741148,scr2012,dem,electricity
IE,h1870,6.314038274604022,scr2012,dem,electricity
IE,h1871,6.253767514029374,scr2012,dem,electricity
IE,h1872,6.072098042840162,scr2012,dem,electricity
IE,h1873,5.874829366328058,scr2012,dem,electricity
IE,h1874,5.689147190082161,scr2012,dem,electricity
IE,h1875,5.508185410178143,scr2012,dem,electricity
IE,h1876,5.352359259499332,scr2012,dem,electricity
IE,h1877,5.316362344136093,scr2012,dem,electricity
IE,h1878,5.39989822188297,scr2012,dem,electricity
IE,h1879,5.581022918182058,scr2012,dem,electricity
IE,h1880,5.8690325678552,scr2012,dem,electricity
IE,h1881,6.225037245463862,scr2012,dem,electricity
IE,h1882,6.548645905610661,scr2012,dem,electricity
IE,h1883,6.74150304820365,scr2012,dem,electricity
IE,h1884,6.762078907120899,scr2012,dem,electricity
IE,h1885,6.690910591396089,scr2012,dem,electricity
IE,h1886,6.574221913379588,scr2012,dem,electricity
IE,h1887,6.472359430953958,scr2012,dem,electricity
IE,h1888,6.467356791842375,scr2012,dem,electricity
IE,h1889,6.626204545781983,scr2012,dem,electricity
IE,h1890,6.883795687013277,scr2012,dem,electricity
IE,h1891,7.022647758162301,scr2012,dem,electricity
IE,h1892,6.972961162422408,scr2012,dem,electricity
IE,h1893,6.90006590296946,scr2012,dem,electricity
IE,h1894,6.866984366185549,scr2012,dem,electricity
IE,h1895,6.786448488736645,scr2012,dem,electricity
IE,h1896,6.580990307889555,scr2012,dem,electricity
IE,h1897,6.342510576605265,scr2012,dem,electricity
IE,h1898,6.1083942640755975,scr2012,dem,electricity
IE,h1899,5.875806039966136,scr2012,dem,electricity
IE,h1900,5.669813755447451,scr2012,dem,electricity
IE,h1901,5.587929821008319,scr2012,dem,electricity
IE,h1902,5.631014880194309,scr2012,dem,electricity
IE,h1903,5.7725537162657,scr2012,dem,electricity
IE,h1904,6.018604511479258,scr2012,dem,electricity
IE,h1905,6.329514206992187,scr2012,dem,electricity
IE,h1906,6.60675502753009,scr2012,dem,electricity
IE,h1907,6.754760528886704,scr2012,dem,electricity
IE,h1908,6.734617410627101,scr2012,dem,electricity
IE,h1909,6.62899277371911,scr2012,dem,electricity
IE,h1910,6.48281726185579,scr2012,dem,electricity
IE,h1911,6.353821452982412,scr2012,dem,electricity
IE,h1912,6.319327027397574,scr2012,dem,electricity
IE,h1913,6.441720871169034,scr2012,dem,electricity
IE,h1914,6.66162067963445,scr2012,dem,electricity
IE,h1915,6.770024050509777,scr2012,dem,electricity
IE,h1916,6.699973871071934,scr2012,dem,electricity
IE,h1917,6.610800588108382,scr2012,dem,electricity
IE,h1918,6.558914566953231,scr2012,dem,electricity
IE,h1919,6.456651468067251,scr2012,dem,electricity
IE,h1920,6.228398089555413,scr2012,dem,electricity
IE,h1921,5.97372511924113,scr2012,dem,electricity
IE,h1922,5.727157403216638,scr2012,dem,electricity
IE,h1923,5.484586964300999,scr2012,dem,electricity
IE,h1924,5.263580521381915,scr2012,dem,electricity
IE,h1925,5.16374985365744,scr2012,dem,electricity
IE,h1926,5.182891774631543,scr2012,dem,electricity
IE,h1927,5.297691296967258,scr2012,dem,electricity
IE,h1928,5.51877278615616,scr2012,dem,electricity
IE,h1929,5.812778429305424,scr2012,dem,electricity
IE,h1930,6.085512545111018,scr2012,dem,electricity
IE,h1931,6.235667859811006,scr2012,dem,electricity
IE,h1932,6.2219603071087075,scr2012,dem,electricity
IE,h1933,6.122170297554339,scr2012,dem,electricity
IE,h1934,5.980980178017744,scr2012,dem,electricity
IE,h1935,5.8521960274863165,scr2012,dem,electricity
IE,h1936,5.803135990383636,scr2012,dem,electricity
IE,h1937,5.890956848290715,scr2012,dem,electricity
IE,h1938,6.0717330044505315,scr2012,dem,electricity
IE,h1939,6.158520517914659,scr2012,dem,electricity
IE,h1940,6.094159215911061,scr2012,dem,electricity
IE,h1941,6.016898365304623,scr2012,dem,electricity
IE,h1942,5.967943898241972,scr2012,dem,electricity
IE,h1943,5.862479562713253,scr2012,dem,electricity
IE,h1944,5.625451953760088,scr2012,dem,electricity
IE,h1945,5.36487377754944,scr2012,dem,electricity
IE,h1946,5.106279642110363,scr2012,dem,electricity
IE,h1947,4.857645550434958,scr2012,dem,electricity
IE,h1948,4.627624840332254,scr2012,dem,electricity
IE,h1949,4.518697076369963,scr2012,dem,electricity
IE,h1950,4.522131188109228,scr2012,dem,electricity
IE,h1951,4.620668752984856,scr2012,dem,electricity
IE,h1952,4.83827404645701,scr2012,dem,electricity
IE,h1953,5.14113002800686,scr2012,dem,electricity
IE,h1954,5.432407877216396,scr2012,dem,electricity
IE,h1955,5.602179353422281,scr2012,dem,electricity
IE,h1956,5.614826395111899,scr2012,dem,electricity
IE,h1957,5.538496203857012,scr2012,dem,electricity
IE,h1958,5.417616004125767,scr2012,dem,electricity
IE,h1959,5.3045507260054405,scr2012,dem,electricity
IE,h1960,5.2627980570418105,scr2012,dem,electricity
IE,h1961,5.335550344461848,scr2012,dem,electricity
IE,h1962,5.485361597444671,scr2012,dem,electricity
IE,h1963,5.567206097159314,scr2012,dem,electricity
IE,h1964,5.534635570056945,scr2012,dem,electricity
IE,h1965,5.498702659669008,scr2012,dem,electricity
IE,h1966,5.4623876757048375,scr2012,dem,electricity
IE,h1967,5.350878529151004,scr2012,dem,electricity
IE,h1968,5.131107291618472,scr2012,dem,electricity
IE,h1969,4.937355699235827,scr2012,dem,electricity
IE,h1970,4.758170892357979,scr2012,dem,electricity
IE,h1971,4.564137172446298,scr2012,dem,electricity
IE,h1972,4.345066869594091,scr2012,dem,electricity
IE,h1973,4.227339311039192,scr2012,dem,electricity
IE,h1974,4.215390950573973,scr2012,dem,electricity
IE,h1975,4.2858124627359375,scr2012,dem,electricity
IE,h1976,4.427549578645313,scr2012,dem,electricity
IE,h1977,4.553034055470477,scr2012,dem,electricity
IE,h1978,4.677885819762784,scr2012,dem,electricity
IE,h1979,4.788598022758102,scr2012,dem,electricity
IE,h1980,4.891631838241895,scr2012,dem,electricity
IE,h1981,4.933701316682856,scr2012,dem,electricity
IE,h1982,4.888207771146528,scr2012,dem,electricity
IE,h1983,4.813491493714955,scr2012,dem,electricity
IE,h1984,4.76416645027084,scr2012,dem,electricity
IE,h1985,4.791078063437962,scr2012,dem,electricity
IE,h1986,4.885001334060096,scr2012,dem,electricity
IE,h1987,4.9457785110205865,scr2012,dem,electricity
IE,h1988,4.918024403752371,scr2012,dem,electricity
IE,h1989,4.899980631030896,scr2012,dem,electricity
IE,h1990,4.864588224255833,scr2012,dem,electricity
IE,h1991,4.76128613928818,scr2012,dem,electricity
IE,h1992,4.5553131784971646,scr2012,dem,electricity
IE,h1993,4.37657839925632,scr2012,dem,electricity
IE,h1994,4.2015697865827395,scr2012,dem,electricity
IE,h1995,4.0232242096459805,scr2012,dem,electricity
IE,h1996,3.84057830322035,scr2012,dem,electricity
IE,h1997,3.7371235794773217,scr2012,dem,electricity
IE,h1998,3.693849363415157,scr2012,dem,electricity
IE,h1999,3.6942555203270198,scr2012,dem,electricity
IE,h2000,3.7590442018854615,scr2012,dem,electricity
IE,h2001,3.8024863990700455,scr2012,dem,electricity
IE,h2002,3.8553070931734803,scr2012,dem,electricity
IE,h2003,3.901083231382917,scr2012,dem,electricity
IE,h2004,4.0029162068126105,scr2012,dem,electricity
IE,h2005,4.097132561242787,scr2012,dem,electricity
IE,h2006,4.1668313925096925,scr2012,dem,electricity
IE,h2007,4.1912244187832135,scr2012,dem,electricity
IE,h2008,4.176839321912596,scr2012,dem,electricity
IE,h2009,4.175852608005621,scr2012,dem,electricity
IE,h2010,4.197864321629757,scr2012,dem,electricity
IE,h2011,4.199916717718092,scr2012,dem,electricity
IE,h2012,4.165976111102331,scr2012,dem,electricity
IE,h2013,4.112675703927722,scr2012,dem,electricity
IE,h2014,4.174798101771402,scr2012,dem,electricity
IE,h2015,4.216808463424839,scr2012,dem,electricity
IE,h2016,4.192428181108652,scr2012,dem,electricity
IE,h2017,3.984345863897225,scr2012,dem,electricity
IE,h2018,3.7813708574029423,scr2012,dem,electricity
IE,h2019,3.6159971792287093,scr2012,dem,electricity
IE,h2020,3.5344622734066586,scr2012,dem,electricity
IE,h2021,3.4853478521150496,scr2012,dem,electricity
IE,h2022,3.492902399436834,scr2012,dem,electricity
IE,h2023,3.580371334149125,scr2012,dem,electricity
IE,h2024,3.788190025117399,scr2012,dem,electricity
IE,h2025,4.087315257067498,scr2012,dem,electricity
IE,h2026,4.42351049112348,scr2012,dem,electricity
IE,h2027,4.656882409919372,scr2012,dem,electricity
IE,h2028,4.761933127218184,scr2012,dem,electricity
IE,h2029,4.7602509696317155,scr2012,dem,electricity
IE,h2030,4.723488089652865,scr2012,dem,electricity
IE,h2031,4.683301943819049,scr2012,dem,electricity
IE,h2032,4.667770461211828,scr2012,dem,electricity
IE,h2033,4.721976769187476,scr2012,dem,electricity
IE,h2034,4.833601970250883,scr2012,dem,electricity
IE,h2035,4.882828103260484,scr2012,dem,electricity
IE,h2036,4.818877063353158,scr2012,dem,electricity
IE,h2037,4.6816631180144554,scr2012,dem,electricity
IE,h2038,4.642731731441648,scr2012,dem,electricity
IE,h2039,4.60372719384358,scr2012,dem,electricity
IE,h2040,4.495313949287843,scr2012,dem,electricity
IE,h2041,4.194275894530589,scr2012,dem,electricity
IE,h2042,3.9016983966119207,scr2012,dem,electricity
IE,h2043,3.666667761266819,scr2012,dem,electricity
IE,h2044,3.547186193077171,scr2012,dem,electricity
IE,h2045,3.473202854134967,scr2012,dem,electricity
IE,h2046,3.462018059673669,scr2012,dem,electricity
IE,h2047,3.529032028735405,scr2012,dem,electricity
IE,h2048,3.7164821620813013,scr2012,dem,electricity
IE,h2049,4.010931106147009,scr2012,dem,electricity
IE,h2050,4.351413301042528,scr2012,dem,electricity
IE,h2051,4.584826802825461,scr2012,dem,electricity
IE,h2052,4.6721118517622005,scr2012,dem,electricity
IE,h2053,4.64735080399527,scr2012,dem,electricity
IE,h2054,4.597206829545021,scr2012,dem,electricity
IE,h2055,4.549072200376004,scr2012,dem,electricity
IE,h2056,4.530671165625723,scr2012,dem,electricity
IE,h2057,4.592234140032643,scr2012,dem,electricity
IE,h2058,4.727541359407939,scr2012,dem,electricity
IE,h2059,4.812549650516797,scr2012,dem,electricity
IE,h2060,4.78018851768968,scr2012,dem,electricity
IE,h2061,4.659481163986552,scr2012,dem,electricity
IE,h2062,4.647664287422473,scr2012,dem,electricity
IE,h2063,4.6503336422241315,scr2012,dem,electricity
IE,h2064,4.588863790091544,scr2012,dem,electricity
IE,h2065,4.3249104116506505,scr2012,dem,electricity
IE,h2066,4.058964027707734,scr2012,dem,electricity
IE,h2067,3.853612518593499,scr2012,dem,electricity
IE,h2068,3.7595457237923178,scr2012,dem,electricity
IE,h2069,3.715157654579828,scr2012,dem,electricity
IE,h2070,3.740332369010516,scr2012,dem,electricity
IE,h2071,3.847135218267085,scr2012,dem,electricity
IE,h2072,4.074421153417139,scr2012,dem,electricity
IE,h2073,4.399242945099407,scr2012,dem,electricity
IE,h2074,4.758013264850851,scr2012,dem,electricity
IE,h2075,4.998515521963947,scr2012,dem,electricity
IE,h2076,5.08895167472319,scr2012,dem,electricity
IE,h2077,5.065899225476566,scr2012,dem,electricity
IE,h2078,5.01461699640401,scr2012,dem,electricity
IE,h2079,4.966625129281588,scr2012,dem,electricity
IE,h2080,4.957683561569424,scr2012,dem,electricity
IE,h2081,5.041493674632281,scr2012,dem,electricity
IE,h2082,5.198284057760825,scr2012,dem,electricity
IE,h2083,5.288125614402552,scr2012,dem,electricity
IE,h2084,5.244513118655139,scr2012,dem,electricity
IE,h2085,5.114306657948799,scr2012,dem,electricity
IE,h2086,5.101394044622515,scr2012,dem,electricity
IE,h2087,5.102703703869109,scr2012,dem,electricity
IE,h2088,5.039289361153044,scr2012,dem,electricity
IE,h2089,4.77874582624625,scr2012,dem,electricity
IE,h2090,4.518201012069088,scr2012,dem,electricity
IE,h2091,4.309379813006673,scr2012,dem,electricity
IE,h2092,4.199925275229274,scr2012,dem,electricity
IE,h2093,4.139931893311689,scr2012,dem,electricity
IE,h2094,4.1551900019753285,scr2012,dem,electricity
IE,h2095,4.255496370353584,scr2012,dem,electricity
IE,h2096,4.474215056600291,scr2012,dem,electricity
IE,h2097,4.778418221570379,scr2012,dem,electricity
IE,h2098,5.11009163736537,scr2012,dem,electricity
IE,h2099,5.3174269100695355,scr2012,dem,electricity
IE,h2100,5.37506434739769,scr2012,dem,electricity
IE,h2101,5.3164214590513845,scr2012,dem,electricity
IE,h2102,5.230666704578003,scr2012,dem,electricity
IE,h2103,5.152672146214827,scr2012,dem,electricity
IE,h2104,5.121288699155835,scr2012,dem,electricity
IE,h2105,5.191341047311817,scr2012,dem,electricity
IE,h2106,5.333137044054226,scr2012,dem,electricity
IE,h2107,5.402892341079166,scr2012,dem,electricity
IE,h2108,5.334880603231484,scr2012,dem,electricity
IE,h2109,5.185998429829134,scr2012,dem,electricity
IE,h2110,5.159158430427904,scr2012,dem,electricity
IE,h2111,5.149624147367153,scr2012,dem,electricity
IE,h2112,5.072875053240278,scr2012,dem,electricity
IE,h2113,4.798592883512373,scr2012,dem,electricity
IE,h2114,4.519560152019702,scr2012,dem,electricity
IE,h2115,4.291440987208035,scr2012,dem,electricity
IE,h2116,4.163146762298936,scr2012,dem,electricity
IE,h2117,4.087348287951061,scr2012,dem,electricity
IE,h2118,4.089118262042385,scr2012,dem,electricity
IE,h2119,4.179302516024334,scr2012,dem,electricity
IE,h2120,4.389033560061144,scr2012,dem,electricity
IE,h2121,4.693674026621994,scr2012,dem,electricity
IE,h2122,5.027894396888741,scr2012,dem,electricity
IE,h2123,5.240016783010347,scr2012,dem,electricity
IE,h2124,5.298984275487912,scr2012,dem,electricity
IE,h2125,5.238883678212861,scr2012,dem,electricity
IE,h2126,5.154050672872138,scr2012,dem,electricity
IE,h2127,5.08117357581019,scr2012,dem,electricity
IE,h2128,5.058017701581395,scr2012,dem,electricity
IE,h2129,5.1277755541355505,scr2012,dem,electricity
IE,h2130,5.251422230960116,scr2012,dem,electricity
IE,h2131,5.3088329731790935,scr2012,dem,electricity
IE,h2132,5.2556858708719805,scr2012,dem,electricity
IE,h2133,5.144908726375251,scr2012,dem,electricity
IE,h2134,5.1384953246678595,scr2012,dem,electricity
IE,h2135,5.1326643178472935,scr2012,dem,electricity
IE,h2136,5.070740138507157,scr2012,dem,electricity
IE,h2137,4.867248582958495,scr2012,dem,electricity
IE,h2138,4.669640315916959,scr2012,dem,electricity
IE,h2139,4.498502183135133,scr2012,dem,electricity
IE,h2140,4.380119898360777,scr2012,dem,electricity
IE,h2141,4.2984595734637185,scr2012,dem,electricity
IE,h2142,4.296354125541246,scr2012,dem,electricity
IE,h2143,4.37420545838062,scr2012,dem,electricity
IE,h2144,4.522134433393794,scr2012,dem,electricity
IE,h2145,4.657054516797541,scr2012,dem,electricity
IE,h2146,4.810103831617623,scr2012,dem,electricity
IE,h2147,4.938922517387154,scr2012,dem,electricity
IE,h2148,5.060264392354847,scr2012,dem,electricity
IE,h2149,5.10119241815572,scr2012,dem,electricity
IE,h2150,5.0738893333591175,scr2012,dem,electricity
IE,h2151,5.023735974814691,scr2012,dem,electricity
IE,h2152,4.993363521814514,scr2012,dem,electricity
IE,h2153,5.043013603125182,scr2012,dem,electricity
IE,h2154,5.138007006035016,scr2012,dem,electricity
IE,h2155,5.1861799630686525,scr2012,dem,electricity
IE,h2156,5.133025822846783,scr2012,dem,electricity
IE,h2157,5.038648015556743,scr2012,dem,electricity
IE,h2158,5.0393304863347295,scr2012,dem,electricity
IE,h2159,5.04235827975009,scr2012,dem,electricity
IE,h2160,4.993857414109621,scr2012,dem,electricity
IT,h1441,59.43076367353004,scr2012,dem,electricity
IT,h1442,57.56218202801597,scr2012,dem,electricity
IT,h1443,56.07895430470401,scr2012,dem,electricity
IT,h1444,55.16573491179329,scr2012,dem,electricity
IT,h1445,55.03391479777921,scr2012,dem,electricity
IT,h1446,56.15713580498733,scr2012,dem,electricity
IT,h1447,59.01971073445701,scr2012,dem,electricity
IT,h1448,63.24170447846565,scr2012,dem,electricity
IT,h1449,67.75364753192633,scr2012,dem,electricity
IT,h1450,70.73307590740703,scr2012,dem,electricity
IT,h1451,71.61529185974504,scr2012,dem,electricity
IT,h1452,70.86361538709687,scr2012,dem,electricity
IT,h1453,68.79636392822175,scr2012,dem,electricity
IT,h1454,66.70646242616792,scr2012,dem,electricity
IT,h1455,65.31719338824612,scr2012,dem,electricity
IT,h1456,65.63933969050115,scr2012,dem,electricity
IT,h1457,67.19301160731456,scr2012,dem,electricity
IT,h1458,68.8523465895739,scr2012,dem,electricity
IT,h1459,70.02270610483453,scr2012,dem,electricity
IT,h1460,70.09710445238656,scr2012,dem,electricity
IT,h1461,69.27932028992555,scr2012,dem,electricity
IT,h1462,67.75459605573022,scr2012,dem,electricity
IT,h1463,65.43276325586064,scr2012,dem,electricity
IT,h1464,63.00052039574205,scr2012,dem,electricity
IT,h1465,60.68383391407652,scr2012,dem,electricity
IT,h1466,59.060494904246276,scr2012,dem,electricity
IT,h1467,57.74016422244876,scr2012,dem,electricity
IT,h1468,56.898508263601656,scr2012,dem,electricity
IT,h1469,56.76250346023468,scr2012,dem,electricity
IT,h1470,57.586586412576025,scr2012,dem,electricity
IT,h1471,59.49176463413581,scr2012,dem,electricity
IT,h1472,62.238879900743385,scr2012,dem,electricity
IT,h1473,65.29608392251401,scr2012,dem,electricity
IT,h1474,67.63401367981376,scr2012,dem,electricity
IT,h1475,68.47268351053089,scr2012,dem,electricity
IT,h1476,67.8449683320689,scr2012,dem,electricity
IT,h1477,66.0273020227352,scr2012,dem,electricity
IT,h1478,63.7141593984263,scr2012,dem,electricity
IT,h1479,61.91888756703951,scr2012,dem,electricity
IT,h1480,61.63791594711424,scr2012,dem,electricity
IT,h1481,63.32198566174058,scr2012,dem,electricity
IT,h1482,65.91847157377316,scr2012,dem,electricity
IT,h1483,68.40108515232342,scr2012,dem,electricity
IT,h1484,69.79313882643919,scr2012,dem,electricity
IT,h1485,69.98942830656188,scr2012,dem,electricity
IT,h1486,69.28932848747357,scr2012,dem,electricity
IT,h1487,67.88224893181945,scr2012,dem,electricity
IT,h1488,66.48517762469723,scr2012,dem,electricity
IT,h1489,65.11132297604814,scr2012,dem,electricity
IT,h1490,64.04582454989443,scr2012,dem,electricity
IT,h1491,62.968274471499804,scr2012,dem,electricity
IT,h1492,62.23641783621481,scr2012,dem,electricity
IT,h1493,62.27610841082281,scr2012,dem,electricity
IT,h1494,63.31065779116367,scr2012,dem,electricity
IT,h1495,64.88345302306291,scr2012,dem,electricity
IT,h1496,66.6119793745213,scr2012,dem,electricity
IT,h1497,68.40349669620761,scr2012,dem,electricity
IT,h1498,70.02414310578138,scr2012,dem,electricity
IT,h1499,70.99851529953747,scr2012,dem,electricity
IT,h1500,71.02597119989784,scr2012,dem,electricity
IT,h1501,70.02069885456154,scr2012,dem,electricity
IT,h1502,68.19188008774475,scr2012,dem,electricity
IT,h1503,66.40565669534269,scr2012,dem,electricity
IT,h1504,65.97770077815318,scr2012,dem,electricity
IT,h1505,67.65991079910032,scr2012,dem,electricity
IT,h1506,70.2869287596811,scr2012,dem,electricity
IT,h1507,72.61027036805945,scr2012,dem,electricity
IT,h1508,73.87028370844797,scr2012,dem,electricity
IT,h1509,74.43095933880286,scr2012,dem,electricity
IT,h1510,74.48740086224694,scr2012,dem,electricity
IT,h1511,73.72223948516259,scr2012,dem,electricity
IT,h1512,72.4626409269514,scr2012,dem,electricity
IT,h1513,70.90153439408334,scr2012,dem,electricity
IT,h1514,69.686186419356,scr2012,dem,electricity
IT,h1515,68.57290547872233,scr2012,dem,electricity
IT,h1516,67.9243052489974,scr2012,dem,electricity
IT,h1517,68.16575636660366,scr2012,dem,electricity
IT,h1518,70.04165600202631,scr2012,dem,electricity
IT,h1519,73.92046535576532,scr2012,dem,electricity
IT,h1520,79.10255311212941,scr2012,dem,electricity
IT,h1521,84.13787616686812,scr2012,dem,electricity
IT,h1522,87.12196120154277,scr2012,dem,electricity
IT,h1523,87.72390996531215,scr2012,dem,electricity
IT,h1524,86.46600999232447,scr2012,dem,electricity
IT,h1525,83.89172673373011,scr2012,dem,electricity
IT,h1526,81.40551583344802,scr2012,dem,electricity
IT,h1527,79.81604847325292,scr2012,dem,electricity
IT,h1528,80.29576157713427,scr2012,dem,electricity
IT,h1529,82.36742555820715,scr2012,dem,electricity
IT,h1530,84.4417305657885,scr2012,dem,electricity
IT,h1531,85.50878823393708,scr2012,dem,electricity
IT,h1532,84.92050885415878,scr2012,dem,electricity
IT,h1533,83.71067145908737,scr2012,dem,electricity
IT,h1534,82.1104441618065,scr2012,dem,electricity
IT,h1535,79.76085239445146,scr2012,dem,electricity
IT,h1536,77.15716227004606,scr2012,dem,electricity
IT,h1537,74.57976487654778,scr2012,dem,electricity
IT,h1538,72.793206360424,scr2012,dem,electricity
IT,h1539,71.25487530622914,scr2012,dem,electricity
IT,h1540,70.25733413937755,scr2012,dem,electricity
IT,h1541,70.11882588390506,scr2012,dem,electricity
IT,h1542,71.44459300776995,scr2012,dem,electricity
IT,h1543,74.58240008837672,scr2012,dem,electricity
IT,h1544,79.08194092681103,scr2012,dem,electricity
IT,h1545,83.57518999148473,scr2012,dem,electricity
IT,h1546,86.27173217169863,scr2012,dem,electricity
IT,h1547,86.62506339132221,scr2012,dem,electricity
IT,h1548,85.26244545626537,scr2012,dem,electricity
IT,h1549,82.55056664385836,scr2012,dem,electricity
IT,h1550,79.89981162513863,scr2012,dem,electricity
IT,h1551,78.10147393531011,scr2012,dem,electricity
IT,h1552,78.4606856800111,scr2012,dem,electricity
IT,h1553,80.44446947612246,scr2012,dem,electricity
IT,h1554,82.45438085611528,scr2012,dem,electricity
IT,h1555,83.50820805822542,scr2012,dem,electricity
IT,h1556,82.96205459622854,scr2012,dem,electricity
IT,h1557,81.74054820017653,scr2012,dem,electricity
IT,h1558,80.06104815588387,scr2012,dem,electricity
IT,h1559,77.6339543172914,scr2012,dem,electricity
IT,h1560,74.98685986143789,scr2012,dem,electricity
IT,h1561,72.38890885943198,scr2012,dem,electricity
IT,h1562,70.57702827833276,scr2012,dem,electricity
IT,h1563,69.05174034776311,scr2012,dem,electricity
IT,h1564,68.0780113669442,scr2012,dem,electricity
IT,h1565,67.95208166867246,scr2012,dem,electricity
IT,h1566,69.24765166347512,scr2012,dem,electricity
IT,h1567,72.32139647662521,scr2012,dem,electricity
IT,h1568,76.79589655194084,scr2012,dem,electricity
IT,h1569,81.3162529501794,scr2012,dem,electricity
IT,h1570,84.11451638581073,scr2012,dem,electricity
IT,h1571,84.59538969326309,scr2012,dem,electricity
IT,h1572,83.40268325293883,scr2012,dem,electricity
IT,h1573,80.84080248530006,scr2012,dem,electricity
IT,h1574,78.30324227097023,scr2012,dem,electricity
IT,h1575,76.56369988887405,scr2012,dem,electricity
IT,h1576,76.93722842552256,scr2012,dem,electricity
IT,h1577,78.88033424747303,scr2012,dem,electricity
IT,h1578,80.84281911929264,scr2012,dem,electricity
IT,h1579,81.96698976613175,scr2012,dem,electricity
IT,h1580,81.58553261907252,scr2012,dem,electricity
IT,h1581,80.54306984677919,scr2012,dem,electricity
IT,h1582,78.96084731758603,scr2012,dem,electricity
IT,h1583,76.60697519691593,scr2012,dem,electricity
IT,h1584,74.03986686173545,scr2012,dem,electricity
IT,h1585,71.5307873817446,scr2012,dem,electricity
IT,h1586,69.79575597834719,scr2012,dem,electricity
IT,h1587,68.35113104406668,scr2012,dem,electricity
IT,h1588,67.45544564243866,scr2012,dem,electricity
IT,h1589,67.41122149377432,scr2012,dem,electricity
IT,h1590,68.77923240696907,scr2012,dem,electricity
IT,h1591,71.89106396489186,scr2012,dem,electricity
IT,h1592,76.40667387684329,scr2012,dem,electricity
IT,h1593,80.963073933944,scr2012,dem,electricity
IT,h1594,83.81485453140425,scr2012,dem,electricity
IT,h1595,84.3379320357042,scr2012,dem,electricity
IT,h1596,83.19662684874436,scr2012,dem,electricity
IT,h1597,80.7066044873265,scr2012,dem,electricity
IT,h1598,78.24907189341465,scr2012,dem,electricity
IT,h1599,76.57870026732454,scr2012,dem,electricity
IT,h1600,77.00501728975425,scr2012,dem,electricity
IT,h1601,79.00050253989662,scr2012,dem,electricity
IT,h1602,81.02115453889098,scr2012,dem,electricity
IT,h1603,82.24831183361923,scr2012,dem,electricity
IT,h1604,81.99262654598485,scr2012,dem,electricity
IT,h1605,81.07479011003832,scr2012,dem,electricity
IT,h1606,79.58053959781046,scr2012,dem,electricity
IT,h1607,77.2850822614536,scr2012,dem,electricity
IT,h1608,74.7836406302851,scr2012,dem,electricity
IT,h1609,72.25183305826945,scr2012,dem,electricity
IT,h1610,70.45814300848048,scr2012,dem,electricity
IT,h1611,68.89698302189404,scr2012,dem,electricity
IT,h1612,67.92249570488954,scr2012,dem,electricity
IT,h1613,67.7685380143121,scr2012,dem,electricity
IT,h1614,69.00484221058807,scr2012,dem,electricity
IT,h1615,71.8799255713655,scr2012,dem,electricity
IT,h1616,76.12321359226877,scr2012,dem,electricity
IT,h1617,80.4071793173627,scr2012,dem,electricity
IT,h1618,83.04007062176268,scr2012,dem,electricity
IT,h1619,83.35675543532761,scr2012,dem,electricity
IT,h1620,82.0074829764607,scr2012,dem,electricity
IT,h1621,79.27922461412695,scr2012,dem,electricity
IT,h1622,76.47283658395583,scr2012,dem,electricity
IT,h1623,74.38299223608763,scr2012,dem,electricity
IT,h1624,74.3157009697556,scr2012,dem,electricity
IT,h1625,75.77127300980862,scr2012,dem,electricity
IT,h1626,77.22140439798918,scr2012,dem,electricity
IT,h1627,78.04243548563957,scr2012,dem,electricity
IT,h1628,77.5917479561875,scr2012,dem,electricity
IT,h1629,76.43058590990697,scr2012,dem,electricity
IT,h1630,74.53206022075943,scr2012,dem,electricity
IT,h1631,71.7704789568983,scr2012,dem,electricity
IT,h1632,68.80798773474572,scr2012,dem,electricity
IT,h1633,65.90008210958104,scr2012,dem,electricity
IT,h1634,63.64890412733098,scr2012,dem,electricity
IT,h1635,61.65660847847892,scr2012,dem,electricity
IT,h1636,60.141776185066206,scr2012,dem,electricity
IT,h1637,59.316553603144,scr2012,dem,electricity
IT,h1638,59.44999887437656,scr2012,dem,electricity
IT,h1639,60.50799681568356,scr2012,dem,electricity
IT,h1640,62.47491258119423,scr2012,dem,electricity
IT,h1641,64.76195791017744,scr2012,dem,electricity
IT,h1642,66.45361054235926,scr2012,dem,electricity
IT,h1643,66.59812963497089,scr2012,dem,electricity
IT,h1644,65.34227766945091,scr2012,dem,electricity
IT,h1645,62.9789821765283,scr2012,dem,electricity
IT,h1646,60.17767565946497,scr2012,dem,electricity
IT,h1647,57.838825292227625,scr2012,dem,electricity
IT,h1648,56.892023018519026,scr2012,dem,electricity
IT,h1649,57.645678376936445,scr2012,dem,electricity
IT,h1650,59.10862067012296,scr2012,dem,electricity
IT,h1651,60.829720295106455,scr2012,dem,electricity
IT,h1652,61.86251948032326,scr2012,dem,electricity
IT,h1653,61.84439244173065,scr2012,dem,electricity
IT,h1654,60.59673311181693,scr2012,dem,electricity
IT,h1655,58.455458601776854,scr2012,dem,electricity
IT,h1656,56.28690987767856,scr2012,dem,electricity
IT,h1657,54.095091709478936,scr2012,dem,electricity
IT,h1658,52.16285773244392,scr2012,dem,electricity
IT,h1659,50.34879558784205,scr2012,dem,electricity
IT,h1660,48.954418943684594,scr2012,dem,electricity
IT,h1661,48.248419490575834,scr2012,dem,electricity
IT,h1662,48.26965723927537,scr2012,dem,electricity
IT,h1663,48.637500345730984,scr2012,dem,electricity
IT,h1664,49.30331970613038,scr2012,dem,electricity
IT,h1665,50.330136108601586,scr2012,dem,electricity
IT,h1666,51.59695281106255,scr2012,dem,electricity
IT,h1667,52.380835724745964,scr2012,dem,electricity
IT,h1668,52.40153641536543,scr2012,dem,electricity
IT,h1669,51.48479570224122,scr2012,dem,electricity
IT,h1670,49.808414053793605,scr2012,dem,electricity
IT,h1671,47.98315488991992,scr2012,dem,electricity
IT,h1672,46.96034980116746,scr2012,dem,electricity
IT,h1673,47.25005161331842,scr2012,dem,electricity
IT,h1674,48.26691581866035,scr2012,dem,electricity
IT,h1675,49.785399481523456,scr2012,dem,electricity
IT,h1676,51.24917141985731,scr2012,dem,electricity
IT,h1677,52.13040258885137,scr2012,dem,electricity
IT,h1678,51.90660668230984,scr2012,dem,electricity
IT,h1679,50.473120622536634,scr2012,dem,electricity
IT,h1680,48.47594845796846,scr2012,dem,electricity
IT,h1681,46.14881133655553,scr2012,dem,electricity
IT,h1682,44.161439196103174,scr2012,dem,electricity
IT,h1683,42.556530487978016,scr2012,dem,electricity
IT,h1684,41.578925984132475,scr2012,dem,electricity
IT,h1685,41.346852352502786,scr2012,dem,electricity
IT,h1686,42.297636707045285,scr2012,dem,electricity
IT,h1687,44.89982718426943,scr2012,dem,electricity
IT,h1688,49.03401438368713,scr2012,dem,electricity
IT,h1689,53.63484478599768,scr2012,dem,electricity
IT,h1690,56.934640281838,scr2012,dem,electricity
IT,h1691,58.237481987852085,scr2012,dem,electricity
IT,h1692,57.970984875560895,scr2012,dem,electricity
IT,h1693,56.49618373590654,scr2012,dem,electricity
IT,h1694,55.036196880554385,scr2012,dem,electricity
IT,h1695,54.110369695504644,scr2012,dem,electricity
IT,h1696,54.514680319904244,scr2012,dem,electricity
IT,h1697,55.54660354668449,scr2012,dem,electricity
IT,h1698,56.35249697226383,scr2012,dem,electricity
IT,h1699,57.125170555388785,scr2012,dem,electricity
IT,h1700,57.487442720619796,scr2012,dem,electricity
IT,h1701,57.34589541132175,scr2012,dem,electricity
IT,h1702,56.095391812489126,scr2012,dem,electricity
IT,h1703,53.674101703520755,scr2012,dem,electricity
IT,h1704,50.919389717261524,scr2012,dem,electricity
IT,h1705,48.264035924104135,scr2012,dem,electricity
IT,h1706,46.34562039287041,scr2012,dem,electricity
IT,h1707,44.94177825883562,scr2012,dem,electricity
IT,h1708,44.182091736148166,scr2012,dem,electricity
IT,h1709,44.12813880071236,scr2012,dem,electricity
IT,h1710,45.12834633762595,scr2012,dem,electricity
IT,h1711,47.558334412073926,scr2012,dem,electricity
IT,h1712,51.57237925565468,scr2012,dem,electricity
IT,h1713,56.10529297217816,scr2012,dem,electricity
IT,h1714,59.54689744661928,scr2012,dem,electricity
IT,h1715,60.91827294648566,scr2012,dem,electricity
IT,h1716,60.71313971069796,scr2012,dem,electricity
IT,h1717,59.133428935095424,scr2012,dem,electricity
IT,h1718,57.47861747441012,scr2012,dem,electricity
IT,h1719,56.33818814605583,scr2012,dem,electricity
IT,h1720,56.65781928709202,scr2012,dem,electricity
IT,h1721,57.69414524658303,scr2012,dem,electricity
IT,h1722,58.51891051606788,scr2012,dem,electricity
IT,h1723,59.16976816008501,scr2012,dem,electricity
IT,h1724,59.3474985305805,scr2012,dem,electricity
IT,h1725,58.94965588950063,scr2012,dem,electricity
IT,h1726,57.50462554381132,scr2012,dem,electricity
IT,h1727,54.87816692170318,scr2012,dem,electricity
IT,h1728,51.9522641192519,scr2012,dem,electricity
IT,h1729,49.077931930943905,scr2012,dem,electricity
IT,h1730,46.92341036148867,scr2012,dem,electricity
IT,h1731,45.27413873001919,scr2012,dem,electricity
IT,h1732,44.30237230235794,scr2012,dem,electricity
IT,h1733,44.03784880626672,scr2012,dem,electricity
IT,h1734,44.81551082605497,scr2012,dem,electricity
IT,h1735,47.01475600335941,scr2012,dem,electricity
IT,h1736,50.81958453929283,scr2012,dem,electricity
IT,h1737,55.16640212202621,scr2012,dem,electricity
IT,h1738,58.484440893632865,scr2012,dem,electricity
IT,h1739,59.781648507400924,scr2012,dem,electricity
IT,h1740,59.581537847162366,scr2012,dem,electricity
IT,h1741,58.0418838923751,scr2012,dem,electricity
IT,h1742,56.43168884674321,scr2012,dem,electricity
IT,h1743,55.32436460530672,scr2012,dem,electricity
IT,h1744,55.6613032315886,scr2012,dem,electricity
IT,h1745,56.70717081932276,scr2012,dem,electricity
IT,h1746,57.58184449687376,scr2012,dem,electricity
IT,h1747,58.35404249654418,scr2012,dem,electricity
IT,h1748,58.74055296157711,scr2012,dem,electricity
IT,h1749,58.570883388761686,scr2012,dem,electricity
IT,h1750,57.35260268693827,scr2012,dem,electricity
IT,h1751,54.95750763553706,scr2012,dem,electricity
IT,h1752,52.284248492341725,scr2012,dem,electricity
IT,h1753,49.69221010394336,scr2012,dem,electricity
IT,h1754,47.81440492935009,scr2012,dem,electricity
IT,h1755,46.43902037675461,scr2012,dem,electricity
IT,h1756,45.728034668989956,scr2012,dem,electricity
IT,h1757,45.749757845729725,scr2012,dem,electricity
IT,h1758,46.84869394248342,scr2012,dem,electricity
IT,h1759,49.37921799077858,scr2012,dem,electricity
IT,h1760,53.49990677371136,scr2012,dem,electricity
IT,h1761,58.09401725594536,scr2012,dem,electricity
IT,h1762,61.57889463030936,scr2012,dem,electricity
IT,h1763,62.974346282184875,scr2012,dem,electricity
IT,h1764,62.82745368229553,scr2012,dem,electricity
IT,h1765,61.344072615608816,scr2012,dem,electricity
IT,h1766,59.781590676762974,scr2012,dem,electricity
IT,h1767,58.74426663800237,scr2012,dem,electricity
IT,h1768,59.220235733205584,scr2012,dem,electricity
IT,h1769,60.54084106316992,scr2012,dem,electricity
IT,h1770,61.72481414788717,scr2012,dem,electricity
IT,h1771,62.682043365490564,scr2012,dem,electricity
IT,h1772,63.102876195815824,scr2012,dem,electricity
IT,h1773,62.954093760803595,scr2012,dem,electricity
IT,h1774,61.84704440858005,scr2012,dem,electricity
IT,h1775,59.588021634462244,scr2012,dem,electricity
IT,h1776,57.06750418191146,scr2012,dem,electricity
IT,h1777,54.48073298361798,scr2012,dem,electricity
IT,h1778,52.59708197123336,scr2012,dem,electricity
IT,h1779,51.138594942777274,scr2012,dem,electricity
IT,h1780,50.44656714126287,scr2012,dem,electricity
IT,h1781,50.497656851176814,scr2012,dem,electricity
IT,h1782,51.681065153895425,scr2012,dem,electricity
IT,h1783,54.28566303869705,scr2012,dem,electricity
IT,h1784,58.42442233710909,scr2012,dem,electricity
IT,h1785,62.93430083812897,scr2012,dem,electricity
IT,h1786,66.25906458260869,scr2012,dem,electricity
IT,h1787,67.4864515022266,scr2012,dem,electricity
IT,h1788,67.19116263689406,scr2012,dem,electricity
IT,h1789,65.58141693303304,scr2012,dem,electricity
IT,h1790,63.834855189988126,scr2012,dem,electricity
IT,h1791,62.59893290518988,scr2012,dem,electricity
IT,h1792,63.01017644042964,scr2012,dem,electricity
IT,h1793,64.52039891666294,scr2012,dem,electricity
IT,h1794,66.0290821847783,scr2012,dem,electricity
IT,h1795,67.26267177103225,scr2012,dem,electricity
IT,h1796,67.80272053946578,scr2012,dem,electricity
IT,h1797,67.73061489380086,scr2012,dem,electricity
IT,h1798,66.72525998803417,scr2012,dem,electricity
IT,h1799,64.69089030410649,scr2012,dem,electricity
IT,h1800,62.4216146353761,scr2012,dem,electricity
IT,h1801,60.246189749178335,scr2012,dem,electricity
IT,h1802,58.69269502466036,scr2012,dem,electricity
IT,h1803,57.489542607083536,scr2012,dem,electricity
IT,h1804,56.81826994072026,scr2012,dem,electricity
IT,h1805,56.8330148149427,scr2012,dem,electricity
IT,h1806,57.79906454335567,scr2012,dem,electricity
IT,h1807,59.62829411807219,scr2012,dem,electricity
IT,h1808,62.42950321855369,scr2012,dem,electricity
IT,h1809,65.51302661665892,scr2012,dem,electricity
IT,h1810,67.97789928172784,scr2012,dem,electricity
IT,h1811,68.7526792616375,scr2012,dem,electricity
IT,h1812,68.05026371358366,scr2012,dem,electricity
IT,h1813,66.19455742305763,scr2012,dem,electricity
IT,h1814,63.88194257414285,scr2012,dem,electricity
IT,h1815,62.013004064488555,scr2012,dem,electricity
IT,h1816,61.636049817907185,scr2012,dem,electricity
IT,h1817,63.138045598546995,scr2012,dem,electricity
IT,h1818,65.35759168395467,scr2012,dem,electricity
IT,h1819,67.56751272196283,scr2012,dem,electricity
IT,h1820,68.90373703732817,scr2012,dem,electricity
IT,h1821,69.23005455566778,scr2012,dem,electricity
IT,h1822,68.56907014022929,scr2012,dem,electricity
IT,h1823,67.00223262331906,scr2012,dem,electricity
IT,h1824,65.44157270666412,scr2012,dem,electricity
IT,h1825,63.86351594837647,scr2012,dem,electricity
IT,h1826,62.52576968125293,scr2012,dem,electricity
IT,h1827,61.23504558921383,scr2012,dem,electricity
IT,h1828,60.30590317092457,scr2012,dem,electricity
IT,h1829,60.15736302429881,scr2012,dem,electricity
IT,h1830,60.883094257591196,scr2012,dem,electricity
IT,h1831,62.04392020245219,scr2012,dem,electricity
IT,h1832,63.412830275093356,scr2012,dem,electricity
IT,h1833,64.79718948929045,scr2012,dem,electricity
IT,h1834,66.08249994894229,scr2012,dem,electricity
IT,h1835,66.69101344312153,scr2012,dem,electricity
IT,h1836,66.47867241788347,scr2012,dem,electricity
IT,h1837,65.40025272923037,scr2012,dem,electricity
IT,h1838,63.60310585271808,scr2012,dem,electricity
IT,h1839,61.855143111554874,scr2012,dem,electricity
IT,h1840,61.27726298630278,scr2012,dem,electricity
IT,h1841,62.59518051507105,scr2012,dem,electricity
IT,h1842,64.75366179402263,scr2012,dem,electricity
IT,h1843,66.67985066639645,scr2012,dem,electricity
IT,h1844,67.95410066952545,scr2012,dem,electricity
IT,h1845,68.63225267276604,scr2012,dem,electricity
IT,h1846,68.81112672140193,scr2012,dem,electricity
IT,h1847,67.89215542762602,scr2012,dem,electricity
IT,h1848,66.478124260631,scr2012,dem,electricity
IT,h1849,64.73331524520222,scr2012,dem,electricity
IT,h1850,63.36399828081742,scr2012,dem,electricity
IT,h1851,62.143396240654894,scr2012,dem,electricity
IT,h1852,61.39672412158459,scr2012,dem,electricity
IT,h1853,61.509117012535945,scr2012,dem,electricity
IT,h1854,63.131412414011294,scr2012,dem,electricity
IT,h1855,66.54396723927962,scr2012,dem,electricity
IT,h1856,71.35386541133298,scr2012,dem,electricity
IT,h1857,76.10881769323618,scr2012,dem,electricity
IT,h1858,79.04629894601266,scr2012,dem,electricity
IT,h1859,79.63633697561775,scr2012,dem,electricity
IT,h1860,78.49119577803714,scr2012,dem,electricity
IT,h1861,76.20100825947654,scr2012,dem,electricity
IT,h1862,73.96884190066743,scr2012,dem,electricity
IT,h1863,72.55289494165757,scr2012,dem,electricity
IT,h1864,72.97268309392399,scr2012,dem,electricity
IT,h1865,74.69429927139362,scr2012,dem,electricity
IT,h1866,76.27014335671399,scr2012,dem,electricity
IT,h1867,76.88222567062675,scr2012,dem,electricity
IT,h1868,76.43486674462028,scr2012,dem,electricity
IT,h1869,75.47917742239207,scr2012,dem,electricity
IT,h1870,74.09200717640516,scr2012,dem,electricity
IT,h1871,71.62189145351272,scr2012,dem,electricity
IT,h1872,68.85917611260308,scr2012,dem,electricity
IT,h1873,66.2083803748682,scr2012,dem,electricity
IT,h1874,64.31420331921268,scr2012,dem,electricity
IT,h1875,62.74191110860236,scr2012,dem,electricity
IT,h1876,61.69834539888359,scr2012,dem,electricity
IT,h1877,61.49690229294333,scr2012,dem,electricity
IT,h1878,62.63346694638712,scr2012,dem,electricity
IT,h1879,65.34570153316582,scr2012,dem,electricity
IT,h1880,69.49529225277163,scr2012,dem,electricity
IT,h1881,73.744868794594,scr2012,dem,electricity
IT,h1882,76.53120991254676,scr2012,dem,electricity
IT,h1883,77.05646690729137,scr2012,dem,electricity
IT,h1884,75.92113587342772,scr2012,dem,electricity
IT,h1885,73.55633491556634,scr2012,dem,electricity
IT,h1886,71.20771615755874,scr2012,dem,electricity
IT,h1887,69.68028932316645,scr2012,dem,electricity
IT,h1888,69.976752287735,scr2012,dem,electricity
IT,h1889,71.55034165107966,scr2012,dem,electricity
IT,h1890,73.0397207062434,scr2012,dem,electricity
IT,h1891,73.70240459173374,scr2012,dem,electricity
IT,h1892,73.4389216363993,scr2012,dem,electricity
IT,h1893,72.5857764185852,scr2012,dem,electricity
IT,h1894,71.2260962047651,scr2012,dem,electricity
IT,h1895,68.77934515755143,scr2012,dem,electricity
IT,h1896,66.10024877589052,scr2012,dem,electricity
IT,h1897,63.51583106181762,scr2012,dem,electricity
IT,h1898,61.673749238546414,scr2012,dem,electricity
IT,h1899,60.191180327588796,scr2012,dem,electricity
IT,h1900,59.28636349316539,scr2012,dem,electricity
IT,h1901,59.2112976739458,scr2012,dem,electricity
IT,h1902,60.42491347339499,scr2012,dem,electricity
IT,h1903,63.21066563359849,scr2012,dem,electricity
IT,h1904,67.41018213885232,scr2012,dem,electricity
IT,h1905,71.71296233249461,scr2012,dem,electricity
IT,h1906,74.53032751368775,scr2012,dem,electricity
IT,h1907,75.12824243655714,scr2012,dem,electricity
IT,h1908,74.09460858317635,scr2012,dem,electricity
IT,h1909,71.86853810378145,scr2012,dem,electricity
IT,h1910,69.6498454812884,scr2012,dem,electricity
IT,h1911,68.22066991563676,scr2012,dem,electricity
IT,h1912,68.54707242792449,scr2012,dem,electricity
IT,h1913,70.0841446109755,scr2012,dem,electricity
IT,h1914,71.56540090751875,scr2012,dem,electricity
IT,h1915,72.2354988102318,scr2012,dem,electricity
IT,h1916,72.01849688327934,scr2012,dem,electricity
IT,h1917,71.16238199383028,scr2012,dem,electricity
IT,h1918,69.78649397197367,scr2012,dem,electricity
IT,h1919,67.31800886379656,scr2012,dem,electricity
IT,h1920,64.62795636438051,scr2012,dem,electricity
IT,h1921,62.05556092604687,scr2012,dem,electricity
IT,h1922,60.215826937462566,scr2012,dem,electricity
IT,h1923,58.749593519723454,scr2012,dem,electricity
IT,h1924,57.857636139378364,scr2012,dem,electricity
IT,h1925,57.80791304890419,scr2012,dem,electricity
IT,h1926,59.032700048951774,scr2012,dem,electricity
IT,h1927,61.829709393698145,scr2012,dem,electricity
IT,h1928,66.02396727662654,scr2012,dem,electricity
IT,h1929,70.34485817731334,scr2012,dem,electricity
IT,h1930,73.2007689535856,scr2012,dem,electricity
IT,h1931,73.87222139154102,scr2012,dem,electricity
IT,h1932,72.92316997741622,scr2012,dem,electricity
IT,h1933,70.80831066727495,scr2012,dem,electricity
IT,h1934,68.70539762582206,scr2012,dem,electricity
IT,h1935,67.41220849037288,scr2012,dem,electricity
IT,h1936,67.85599027422325,scr2012,dem,electricity
IT,h1937,69.53051965080189,scr2012,dem,electricity
IT,h1938,71.18227064327115,scr2012,dem,electricity
IT,h1939,71.97628929061824,scr2012,dem,electricity
IT,h1940,71.89834240059218,scr2012,dem,electricity
IT,h1941,71.17157456805182,scr2012,dem,electricity
IT,h1942,70.00732110852033,scr2012,dem,electricity
IT,h1943,67.75664105571832,scr2012,dem,electricity
IT,h1944,65.29643146416342,scr2012,dem,electricity
IT,h1945,62.89678623336692,scr2012,dem,electricity
IT,h1946,61.22817600613157,scr2012,dem,electricity
IT,h1947,59.8915309604368,scr2012,dem,electricity
IT,h1948,59.153982322432995,scr2012,dem,electricity
IT,h1949,59.24114701369215,scr2012,dem,electricity
IT,h1950,60.62001675834415,scr2012,dem,electricity
IT,h1951,63.56120543751031,scr2012,dem,electricity
IT,h1952,67.78858415046116,scr2012,dem,electricity
IT,h1953,72.01986921279985,scr2012,dem,electricity
IT,h1954,74.72462663486394,scr2012,dem,electricity
IT,h1955,75.27994220158098,scr2012,dem,electricity
IT,h1956,74.24537822322984,scr2012,dem,electricity
IT,h1957,72.14087761935994,scr2012,dem,electricity
IT,h1958,69.99667661340115,scr2012,dem,electricity
IT,h1959,68.57586298151901,scr2012,dem,electricity
IT,h1960,68.79756207956925,scr2012,dem,electricity
IT,h1961,70.28438265604174,scr2012,dem,electricity
IT,h1962,71.92627215148559,scr2012,dem,electricity
IT,h1963,72.63553862729304,scr2012,dem,electricity
IT,h1964,72.46736836566882,scr2012,dem,electricity
IT,h1965,71.50658625237276,scr2012,dem,electricity
IT,h1966,70.17678484800734,scr2012,dem,electricity
IT,h1967,67.83814493141986,scr2012,dem,electricity
IT,h1968,65.31401510815147,scr2012,dem,electricity
IT,h1969,62.921938758133784,scr2012,dem,electricity
IT,h1970,61.15714323324854,scr2012,dem,electricity
IT,h1971,59.67681442603203,scr2012,dem,electricity
IT,h1972,58.62037977799396,scr2012,dem,electricity
IT,h1973,58.25207087849246,scr2012,dem,electricity
IT,h1974,58.84441682279591,scr2012,dem,electricity
IT,h1975,60.34457102294499,scr2012,dem,electricity
IT,h1976,62.68044619306328,scr2012,dem,electricity
IT,h1977,65.16760288123524,scr2012,dem,electricity
IT,h1978,66.93274221038595,scr2012,dem,electricity
IT,h1979,67.0942559437743,scr2012,dem,electricity
IT,h1980,65.85579309565875,scr2012,dem,electricity
IT,h1981,63.6262896131873,scr2012,dem,electricity
IT,h1982,61.05456128290939,scr2012,dem,electricity
IT,h1983,58.991272391509305,scr2012,dem,electricity
IT,h1984,58.33937057663233,scr2012,dem,electricity
IT,h1985,59.42279252053303,scr2012,dem,electricity
IT,h1986,61.27271548023852,scr2012,dem,electricity
IT,h1987,62.772716069366844,scr2012,dem,electricity
IT,h1988,63.57532881523624,scr2012,dem,electricity
IT,h1989,63.29675894731872,scr2012,dem,electricity
IT,h1990,62.34160210368156,scr2012,dem,electricity
IT,h1991,60.36451630741712,scr2012,dem,electricity
IT,h1992,58.35325123322558,scr2012,dem,electricity
IT,h1993,56.4203267775148,scr2012,dem,electricity
IT,h1994,54.87956799084217,scr2012,dem,electricity
IT,h1995,53.435799151170286,scr2012,dem,electricity
IT,h1996,52.312269199413336,scr2012,dem,electricity
IT,h1997,51.70817648715328,scr2012,dem,electricity
IT,h1998,51.82555425944285,scr2012,dem,electricity
IT,h1999,52.4157344804219,scr2012,dem,electricity
IT,h2000,53.12991493656518,scr2012,dem,electricity
IT,h2001,54.11271555715403,scr2012,dem,electricity
IT,h2002,55.182821562523124,scr2012,dem,electricity
IT,h2003,56.02019478048286,scr2012,dem,electricity
IT,h2004,56.14391405399401,scr2012,dem,electricity
IT,h2005,55.27474488857558,scr2012,dem,electricity
IT,h2006,53.526020423745585,scr2012,dem,electricity
IT,h2007,51.574518781724876,scr2012,dem,electricity
IT,h2008,50.408622064929936,scr2012,dem,electricity
IT,h2009,50.61943415937304,scr2012,dem,electricity
IT,h2010,51.293244910153575,scr2012,dem,electricity
IT,h2011,51.59522037459156,scr2012,dem,electricity
IT,h2012,52.30663013841308,scr2012,dem,electricity
IT,h2013,53.53018494324534,scr2012,dem,electricity
IT,h2014,54.673024611363346,scr2012,dem,electricity
IT,h2015,54.13242098955718,scr2012,dem,electricity
IT,h2016,52.227270398268594,scr2012,dem,electricity
IT,h2017,49.818907435255944,scr2012,dem,electricity
IT,h2018,47.66639646668059,scr2012,dem,electricity
IT,h2019,45.80429217627861,scr2012,dem,electricity
IT,h2020,44.58183743633646,scr2012,dem,electricity
IT,h2021,44.14026281313389,scr2012,dem,electricity
IT,h2022,45.00094158043366,scr2012,dem,electricity
IT,h2023,47.66645755186156,scr2012,dem,electricity
IT,h2024,51.717515426693126,scr2012,dem,electricity
IT,h2025,56.14978776896625,scr2012,dem,electricity
IT,h2026,59.15056318756604,scr2012,dem,electricity
IT,h2027,60.34019992872744,scr2012,dem,electricity
IT,h2028,59.927689085417946,scr2012,dem,electricity
IT,h2029,58.26209989986879,scr2012,dem,electricity
IT,h2030,56.579347104469576,scr2012,dem,electricity
IT,h2031,55.44850811339537,scr2012,dem,electricity
IT,h2032,55.602443997173495,scr2012,dem,electricity
IT,h2033,56.23678076775973,scr2012,dem,electricity
IT,h2034,56.394179990741826,scr2012,dem,electricity
IT,h2035,55.646936814387374,scr2012,dem,electricity
IT,h2036,55.29552691326566,scr2012,dem,electricity
IT,h2037,55.52053056847503,scr2012,dem,electricity
IT,h2038,55.6918695550449,scr2012,dem,electricity
IT,h2039,54.021911226145676,scr2012,dem,electricity
IT,h2040,51.213564402085076,scr2012,dem,electricity
IT,h2041,48.2264662637428,scr2012,dem,electricity
IT,h2042,45.91349979281405,scr2012,dem,electricity
IT,h2043,44.127041968508394,scr2012,dem,electricity
IT,h2044,43.130218538949634,scr2012,dem,electricity
IT,h2045,42.888377098828144,scr2012,dem,electricity
IT,h2046,43.72027113570192,scr2012,dem,electricity
IT,h2047,46.16046890870311,scr2012,dem,electricity
IT,h2048,49.95738645096438,scr2012,dem,electricity
IT,h2049,54.26541750290249,scr2012,dem,electricity
IT,h2050,57.38757112834974,scr2012,dem,electricity
IT,h2051,58.74893446886165,scr2012,dem,electricity
IT,h2052,58.51653249033057,scr2012,dem,electricity
IT,h2053,56.94075037859596,scr2012,dem,electricity
IT,h2054,55.24913112328628,scr2012,dem,electricity
IT,h2055,54.10463179460957,scr2012,dem,electricity
IT,h2056,54.24548970306903,scr2012,dem,electricity
IT,h2057,54.97625975763757,scr2012,dem,electricity
IT,h2058,55.281750740469185,scr2012,dem,electricity
IT,h2059,54.729683443829096,scr2012,dem,electricity
IT,h2060,54.451637246960324,scr2012,dem,electricity
IT,h2061,54.62194055432072,scr2012,dem,electricity
IT,h2062,54.658377327295945,scr2012,dem,electricity
IT,h2063,52.96115193606347,scr2012,dem,electricity
IT,h2064,50.15851048315668,scr2012,dem,electricity
IT,h2065,47.201438313442296,scr2012,dem,electricity
IT,h2066,44.88869420670024,scr2012,dem,electricity
IT,h2067,43.13328263446984,scr2012,dem,electricity
IT,h2068,42.17002403787956,scr2012,dem,electricity
IT,h2069,41.9545705214927,scr2012,dem,electricity
IT,h2070,42.78830415090846,scr2012,dem,electricity
IT,h2071,45.23954133803933,scr2012,dem,electricity
IT,h2072,49.0488133572556,scr2012,dem,electricity
IT,h2073,53.39421207332691,scr2012,dem,electricity
IT,h2074,56.56754173681606,scr2012,dem,electricity
IT,h2075,58.022754672455825,scr2012,dem,electricity
IT,h2076,57.92419404295405,scr2012,dem,electricity
IT,h2077,56.49577249450377,scr2012,dem,electricity
IT,h2078,54.93751322631438,scr2012,dem,electricity
IT,h2079,53.91880439089502,scr2012,dem,electricity
IT,h2080,54.197942707932995,scr2012,dem,electricity
IT,h2081,55.09979689037339,scr2012,dem,electricity
IT,h2082,55.614887617837,scr2012,dem,electricity
IT,h2083,55.22161380735598,scr2012,dem,electricity
IT,h2084,55.06709198619274,scr2012,dem,electricity
IT,h2085,55.34205669780319,scr2012,dem,electricity
IT,h2086,55.54933096810962,scr2012,dem,electricity
IT,h2087,54.056292071325245,scr2012,dem,electricity
IT,h2088,51.462374645217444,scr2012,dem,electricity
IT,h2089,48.71531385560186,scr2012,dem,electricity
IT,h2090,46.5915257514664,scr2012,dem,electricity
IT,h2091,44.987681200860216,scr2012,dem,electricity
IT,h2092,44.12999653649901,scr2012,dem,electricity
IT,h2093,44.01801405089086,scr2012,dem,electricity
IT,h2094,44.95965568461943,scr2012,dem,electricity
IT,h2095,47.494687846464906,scr2012,dem,electricity
IT,h2096,51.319639252392044,scr2012,dem,electricity
IT,h2097,55.58364998412646,scr2012,dem,electricity
IT,h2098,58.56987107296671,scr2012,dem,electricity
IT,h2099,59.78097171720694,scr2012,dem,electricity
IT,h2100,59.38966095263216,scr2012,dem,electricity
IT,h2101,57.69591919749826,scr2012,dem,electricity
IT,h2102,55.8782561180158,scr2012,dem,electricity
IT,h2103,54.61263725141779,scr2012,dem,electricity
IT,h2104,54.613488809300236,scr2012,dem,electricity
IT,h2105,55.195225232109415,scr2012,dem,electricity
IT,h2106,55.354914701368074,scr2012,dem,electricity
IT,h2107,54.60917229901039,scr2012,dem,electricity
IT,h2108,54.10342116144694,scr2012,dem,electricity
IT,h2109,54.028629172709145,scr2012,dem,electricity
IT,h2110,53.83305692186325,scr2012,dem,electricity
IT,h2111,51.912115650466994,scr2012,dem,electricity
IT,h2112,48.848123022494704,scr2012,dem,electricity
IT,h2113,45.64551945233901,scr2012,dem,electricity
IT,h2114,43.045335379964975,scr2012,dem,electricity
IT,h2115,40.96595767459838,scr2012,dem,electricity
IT,h2116,39.59383479423458,scr2012,dem,electricity
IT,h2117,38.95414651914926,scr2012,dem,electricity
IT,h2118,39.31110455883141,scr2012,dem,electricity
IT,h2119,41.1864592977346,scr2012,dem,electricity
IT,h2120,44.286294009579834,scr2012,dem,electricity
IT,h2121,47.89033806480739,scr2012,dem,electricity
IT,h2122,50.4274101550694,scr2012,dem,electricity
IT,h2123,51.394528457842675,scr2012,dem,electricity
IT,h2124,50.93352959977035,scr2012,dem,electricity
IT,h2125,49.302471057736945,scr2012,dem,electricity
IT,h2126,47.53659171474746,scr2012,dem,electricity
IT,h2127,46.136292516752775,scr2012,dem,electricity
IT,h2128,45.65790142201066,scr2012,dem,electricity
IT,h2129,45.41402454982798,scr2012,dem,electricity
IT,h2130,44.87283806895138,scr2012,dem,electricity
IT,h2131,43.764369476833295,scr2012,dem,electricity
IT,h2132,43.37917417998943,scr2012,dem,electricity
IT,h2133,43.34979048357677,scr2012,dem,electricity
IT,h2134,43.03827387314752,scr2012,dem,electricity
IT,h2135,40.982117686818476,scr2012,dem,electricity
IT,h2136,37.822195345105165,scr2012,dem,electricity
IT,h2137,34.595377031863386,scr2012,dem,electricity
IT,h2138,31.89156096852817,scr2012,dem,electricity
IT,h2139,29.809205820260445,scr2012,dem,electricity
IT,h2140,28.425638948083517,scr2012,dem,electricity
IT,h2141,27.624437393515823,scr2012,dem,electricity
IT,h2142,27.343897780736757,scr2012,dem,electricity
IT,h2143,27.84310228342817,scr2012,dem,electricity
IT,h2144,29.214808880606395,scr2012,dem,electricity
IT,h2145,31.456608558913622,scr2012,dem,electricity
IT,h2146,33.6603559600958,scr2012,dem,electricity
IT,h2147,34.976235669679646,scr2012,dem,electricity
IT,h2148,35.10890585057073,scr2012,dem,electricity
IT,h2149,34.13730918999713,scr2012,dem,electricity
IT,h2150,32.65556785479404,scr2012,dem,electricity
IT,h2151,31.219599421984608,scr2012,dem,electricity
IT,h2152,30.314947499199455,scr2012,dem,electricity
IT,h2153,29.958686378509785,scr2012,dem,electricity
IT,h2154,29.902317503913768,scr2012,dem,electricity
IT,h2155,29.96986829183723,scr2012,dem,electricity
IT,h2156,31.079161220042415,scr2012,dem,electricity
IT,h2157,32.30903214191674,scr2012,dem,electricity
IT,h2158,32.891142170553906,scr2012,dem,electricity
IT,h2159,31.67695759103706,scr2012,dem,electricity
IT,h2160,29.45716071634027,scr2012,dem,electricity
LT,h1441,12.027608994056505,scr2012,dem,electricity
LT,h1442,12.208885530387855,scr2012,dem,electricity
LT,h1443,12.315212427044901,scr2012,dem,electricity
LT,h1444,12.38438300669996,scr2012,dem,electricity
LT,h1445,12.555512610064744,scr2012,dem,electricity
LT,h1446,12.975144517133904,scr2012,dem,electricity
LT,h1447,13.548048573313364,scr2012,dem,electricity
LT,h1448,14.0924274357124,scr2012,dem,electricity
LT,h1449,14.342230844429267,scr2012,dem,electricity
LT,h1450,14.27274050208224,scr2012,dem,electricity
LT,h1451,13.955578685692544,scr2012,dem,electricity
LT,h1452,13.544813928334023,scr2012,dem,electricity
LT,h1453,13.137887966193201,scr2012,dem,electricity
LT,h1454,12.776954136032703,scr2012,dem,electricity
LT,h1455,12.553589341561299,scr2012,dem,electricity
LT,h1456,12.6549627699959,scr2012,dem,electricity
LT,h1457,13.21619017540098,scr2012,dem,electricity
LT,h1458,13.892296415119706,scr2012,dem,electricity
LT,h1459,14.150107469060918,scr2012,dem,electricity
LT,h1460,13.88845888562341,scr2012,dem,electricity
LT,h1461,13.557913341093789,scr2012,dem,electricity
LT,h1462,13.494543800550343,scr2012,dem,electricity
LT,h1463,13.544362029576945,scr2012,dem,electricity
LT,h1464,13.631241369650196,scr2012,dem,electricity
LT,h1465,13.742840903584991,scr2012,dem,electricity
LT,h1466,13.91742829391527,scr2012,dem,electricity
LT,h1467,13.994346855251214,scr2012,dem,electricity
LT,h1468,14.021360956769453,scr2012,dem,electricity
LT,h1469,14.141304920149704,scr2012,dem,electricity
LT,h1470,14.475916726405487,scr2012,dem,electricity
LT,h1471,14.961320083772089,scr2012,dem,electricity
LT,h1472,15.415606950857223,scr2012,dem,electricity
LT,h1473,15.619396863416997,scr2012,dem,electricity
LT,h1474,15.493585146640825,scr2012,dem,electricity
LT,h1475,15.128596160993217,scr2012,dem,electricity
LT,h1476,14.642313777413694,scr2012,dem,electricity
LT,h1477,14.138492667974852,scr2012,dem,electricity
LT,h1478,13.678890635499908,scr2012,dem,electricity
LT,h1479,13.38090537431087,scr2012,dem,electricity
LT,h1480,13.46326407419125,scr2012,dem,electricity
LT,h1481,14.030561748466074,scr2012,dem,electricity
LT,h1482,14.728245002031414,scr2012,dem,electricity
LT,h1483,14.973728364093645,scr2012,dem,electricity
LT,h1484,14.67189929492972,scr2012,dem,electricity
LT,h1485,14.287981523673173,scr2012,dem,electricity
LT,h1486,14.191545634895235,scr2012,dem,electricity
LT,h1487,14.213189164726874,scr2012,dem,electricity
LT,h1488,14.26734065032211,scr2012,dem,electricity
LT,h1489,14.33813382506719,scr2012,dem,electricity
LT,h1490,14.469907044067561,scr2012,dem,electricity
LT,h1491,14.496981544187987,scr2012,dem,electricity
LT,h1492,14.470462756656424,scr2012,dem,electricity
LT,h1493,14.529974112048487,scr2012,dem,electricity
LT,h1494,14.803903453246447,scr2012,dem,electricity
LT,h1495,15.222052750397836,scr2012,dem,electricity
LT,h1496,15.607688282540598,scr2012,dem,electricity
LT,h1497,15.74382273843734,scr2012,dem,electricity
LT,h1498,15.561548449084128,scr2012,dem,electricity
LT,h1499,15.154047826693994,scr2012,dem,electricity
LT,h1500,14.635097318876191,scr2012,dem,electricity
LT,h1501,14.102579818212327,scr2012,dem,electricity
LT,h1502,13.606627226687419,scr2012,dem,electricity
LT,h1503,13.267326104478988,scr2012,dem,electricity
LT,h1504,13.310828490759953,scr2012,dem,electricity
LT,h1505,13.8469440431355,scr2012,dem,electricity
LT,h1506,14.519024528979928,scr2012,dem,electricity
LT,h1507,14.751399453306046,scr2012,dem,electricity
LT,h1508,14.437938418947798,scr2012,dem,electricity
LT,h1509,14.038861841000287,scr2012,dem,electricity
LT,h1510,13.905414678110573,scr2012,dem,electricity
LT,h1511,13.883649820959263,scr2012,dem,electricity
LT,h1512,13.899095221144755,scr2012,dem,electricity
LT,h1513,13.934862672430798,scr2012,dem,electricity
LT,h1514,14.041703568723952,scr2012,dem,electricity
LT,h1515,14.05068418113524,scr2012,dem,electricity
LT,h1516,14.019236054021857,scr2012,dem,electricity
LT,h1517,14.100266634761388,scr2012,dem,electricity
LT,h1518,14.448855430622583,scr2012,dem,electricity
LT,h1519,14.966700196459275,scr2012,dem,electricity
LT,h1520,15.444511164471571,scr2012,dem,electricity
LT,h1521,15.610205064273455,scr2012,dem,electricity
LT,h1522,15.416975215948328,scr2012,dem,electricity
LT,h1523,14.976675807413027,scr2012,dem,electricity
LT,h1524,14.429133211859718,scr2012,dem,electricity
LT,h1525,13.89933238093091,scr2012,dem,electricity
LT,h1526,13.413225604415247,scr2012,dem,electricity
LT,h1527,13.089197338362979,scr2012,dem,electricity
LT,h1528,13.110483507649116,scr2012,dem,electricity
LT,h1529,13.603289216190392,scr2012,dem,electricity
LT,h1530,14.221026784141838,scr2012,dem,electricity
LT,h1531,14.42007563315065,scr2012,dem,electricity
LT,h1532,14.09979321764876,scr2012,dem,electricity
LT,h1533,13.694914616725901,scr2012,dem,electricity
LT,h1534,13.54877916752074,scr2012,dem,electricity
LT,h1535,13.513607770149932,scr2012,dem,electricity
LT,h1536,13.524828898542323,scr2012,dem,electricity
LT,h1537,13.569616330098771,scr2012,dem,electricity
LT,h1538,13.68253828611021,scr2012,dem,electricity
LT,h1539,13.705660545746811,scr2012,dem,electricity
LT,h1540,13.683260742942334,scr2012,dem,electricity
LT,h1541,13.772173445875014,scr2012,dem,electricity
LT,h1542,14.116001420435621,scr2012,dem,electricity
LT,h1543,14.621058565322304,scr2012,dem,electricity
LT,h1544,15.089064023914302,scr2012,dem,electricity
LT,h1545,15.24906674138063,scr2012,dem,electricity
LT,h1546,15.070580122737905,scr2012,dem,electricity
LT,h1547,14.638669028470007,scr2012,dem,electricity
LT,h1548,14.116978485032174,scr2012,dem,electricity
LT,h1549,13.603357115173212,scr2012,dem,electricity
LT,h1550,13.14510383398618,scr2012,dem,electricity
LT,h1551,12.836314836468974,scr2012,dem,electricity
LT,h1552,12.861462948736834,scr2012,dem,electricity
LT,h1553,13.338516183289606,scr2012,dem,electricity
LT,h1554,13.944000399595232,scr2012,dem,electricity
LT,h1555,14.134185614780527,scr2012,dem,electricity
LT,h1556,13.81994124401628,scr2012,dem,electricity
LT,h1557,13.413921405429639,scr2012,dem,electricity
LT,h1558,13.26460159716372,scr2012,dem,electricity
LT,h1559,13.219161179872211,scr2012,dem,electricity
LT,h1560,13.21414435039028,scr2012,dem,electricity
LT,h1561,13.24237204618635,scr2012,dem,electricity
LT,h1562,13.339124036845433,scr2012,dem,electricity
LT,h1563,13.349117326930111,scr2012,dem,electricity
LT,h1564,13.314657329419354,scr2012,dem,electricity
LT,h1565,13.389272132896144,scr2012,dem,electricity
LT,h1566,13.709399357454028,scr2012,dem,electricity
LT,h1567,14.192109811914692,scr2012,dem,electricity
LT,h1568,14.638346827225675,scr2012,dem,electricity
LT,h1569,14.789315709742286,scr2012,dem,electricity
LT,h1570,14.606551895935503,scr2012,dem,electricity
LT,h1571,14.181824541494803,scr2012,dem,electricity
LT,h1572,13.668757202840712,scr2012,dem,electricity
LT,h1573,13.166854347257589,scr2012,dem,electricity
LT,h1574,12.711765167361033,scr2012,dem,electricity
LT,h1575,12.40253092929411,scr2012,dem,electricity
LT,h1576,12.41136683155369,scr2012,dem,electricity
LT,h1577,12.85543430606875,scr2012,dem,electricity
LT,h1578,13.422731608912137,scr2012,dem,electricity
LT,h1579,13.594603883918376,scr2012,dem,electricity
LT,h1580,13.285484383749411,scr2012,dem,electricity
LT,h1581,12.889127866841067,scr2012,dem,electricity
LT,h1582,12.735517994571667,scr2012,dem,electricity
LT,h1583,12.681570464206562,scr2012,dem,electricity
LT,h1584,12.664910957697936,scr2012,dem,electricity
LT,h1585,12.682359077049234,scr2012,dem,electricity
LT,h1586,12.767693296363928,scr2012,dem,electricity
LT,h1587,12.772610296718915,scr2012,dem,electricity
LT,h1588,12.73887586767929,scr2012,dem,electricity
LT,h1589,12.812160401557668,scr2012,dem,electricity
LT,h1590,13.12271201268053,scr2012,dem,electricity
LT,h1591,13.590763772477159,scr2012,dem,electricity
LT,h1592,14.027290679263562,scr2012,dem,electricity
LT,h1593,14.181628977683246,scr2012,dem,electricity
LT,h1594,14.016556033851897,scr2012,dem,electricity
LT,h1595,13.616369138193111,scr2012,dem,electricity
LT,h1596,13.13351662615237,scr2012,dem,electricity
LT,h1597,12.662651496416466,scr2012,dem,electricity
LT,h1598,12.241464318684955,scr2012,dem,electricity
LT,h1599,11.958973824999806,scr2012,dem,electricity
LT,h1600,11.979052079841654,scr2012,dem,electricity
LT,h1601,12.416424215785483,scr2012,dem,electricity
LT,h1602,12.981832522294724,scr2012,dem,electricity
LT,h1603,13.173342024378064,scr2012,dem,electricity
LT,h1604,12.8992187376613,scr2012,dem,electricity
LT,h1605,12.531413692240438,scr2012,dem,electricity
LT,h1606,12.395608658348458,scr2012,dem,electricity
LT,h1607,12.35701042688564,scr2012,dem,electricity
LT,h1608,12.358346265646796,scr2012,dem,electricity
LT,h1609,12.39284298103111,scr2012,dem,electricity
LT,h1610,12.496748530347292,scr2012,dem,electricity
LT,h1611,12.521448966357031,scr2012,dem,electricity
LT,h1612,12.50739569466375,scr2012,dem,electricity
LT,h1613,12.594184751960883,scr2012,dem,electricity
LT,h1614,12.921758448415876,scr2012,dem,electricity
LT,h1615,13.40335761518253,scr2012,dem,electricity
LT,h1616,13.85489061324732,scr2012,dem,electricity
LT,h1617,14.02123980500985,scr2012,dem,electricity
LT,h1618,13.872115070215221,scr2012,dem,electricity
LT,h1619,13.485043264723188,scr2012,dem,electricity
LT,h1620,13.011907267881751,scr2012,dem,electricity
LT,h1621,12.549754674903962,scr2012,dem,electricity
LT,h1622,12.13714786190065,scr2012,dem,electricity
LT,h1623,11.857755373871841,scr2012,dem,electricity
LT,h1624,11.880780408289567,scr2012,dem,electricity
LT,h1625,12.320470670602303,scr2012,dem,electricity
LT,h1626,12.874721753517639,scr2012,dem,electricity
LT,h1627,13.049065600543873,scr2012,dem,electricity
LT,h1628,12.756413911736354,scr2012,dem,electricity
LT,h1629,12.388664091555258,scr2012,dem,electricity
LT,h1630,12.25676165196159,scr2012,dem,electricity
LT,h1631,12.224111233774885,scr2012,dem,electricity
LT,h1632,12.223251290319935,scr2012,dem,electricity
LT,h1633,12.247612206332507,scr2012,dem,electricity
LT,h1634,12.333308070385149,scr2012,dem,electricity
LT,h1635,12.336431703638544,scr2012,dem,electricity
LT,h1636,12.298486166622475,scr2012,dem,electricity
LT,h1637,12.340851936255259,scr2012,dem,electricity
LT,h1638,12.570059214630888,scr2012,dem,electricity
LT,h1639,12.933366712820705,scr2012,dem,electricity
LT,h1640,13.279447741789623,scr2012,dem,electricity
LT,h1641,13.414650978113265,scr2012,dem,electricity
LT,h1642,13.264545715671542,scr2012,dem,electricity
LT,h1643,12.910599340233507,scr2012,dem,electricity
LT,h1644,12.452721979621032,scr2012,dem,electricity
LT,h1645,11.988817880332498,scr2012,dem,electricity
LT,h1646,11.562238639148337,scr2012,dem,electricity
LT,h1647,11.271829631384538,scr2012,dem,electricity
LT,h1648,11.301732114602784,scr2012,dem,electricity
LT,h1649,11.724284290931354,scr2012,dem,electricity
LT,h1650,12.272288983834232,scr2012,dem,electricity
LT,h1651,12.450796932006737,scr2012,dem,electricity
LT,h1652,12.187722121232284,scr2012,dem,electricity
LT,h1653,11.839558379514312,scr2012,dem,electricity
LT,h1654,11.72016791253477,scr2012,dem,electricity
LT,h1655,11.694906584559735,scr2012,dem,electricity
LT,h1656,11.698594178199347,scr2012,dem,electricity
LT,h1657,11.720305028368447,scr2012,dem,electricity
LT,h1658,11.8018065728209,scr2012,dem,electricity
LT,h1659,11.808718756775614,scr2012,dem,electricity
LT,h1660,11.778960927995582,scr2012,dem,electricity
LT,h1661,11.821784136899845,scr2012,dem,electricity
LT,h1662,12.040962212221812,scr2012,dem,electricity
LT,h1663,12.384974470616783,scr2012,dem,electricity
LT,h1664,12.719379326169776,scr2012,dem,electricity
LT,h1665,12.866318849989923,scr2012,dem,electricity
LT,h1666,12.75663813739106,scr2012,dem,electricity
LT,h1667,12.46035818453503,scr2012,dem,electricity
LT,h1668,12.0681368831875,scr2012,dem,electricity
LT,h1669,11.666625007746855,scr2012,dem,electricity
LT,h1670,11.296110341994359,scr2012,dem,electricity
LT,h1671,11.05586532264072,scr2012,dem,electricity
LT,h1672,11.134514698899148,scr2012,dem,electricity
LT,h1673,11.618133443876653,scr2012,dem,electricity
LT,h1674,12.236344789911255,scr2012,dem,electricity
LT,h1675,12.499263858354064,scr2012,dem,electricity
LT,h1676,12.318123975636313,scr2012,dem,electricity
LT,h1677,12.047445366192502,scr2012,dem,electricity
LT,h1678,11.987451075320685,scr2012,dem,electricity
LT,h1679,12.01328817649742,scr2012,dem,electricity
LT,h1680,12.073005454506163,scr2012,dem,electricity
LT,h1681,12.157766794139611,scr2012,dem,electricity
LT,h1682,12.31300594599493,scr2012,dem,electricity
LT,h1683,12.389618547839493,scr2012,dem,electricity
LT,h1684,12.432441354904817,scr2012,dem,electricity
LT,h1685,12.577009546399598,scr2012,dem,electricity
LT,h1686,12.964341981986772,scr2012,dem,electricity
LT,h1687,13.513939874440348,scr2012,dem,electricity
LT,h1688,14.03418568685049,scr2012,dem,electricity
LT,h1689,14.273628529586052,scr2012,dem,electricity
LT,h1690,14.175779107832199,scr2012,dem,electricity
LT,h1691,13.838373114109455,scr2012,dem,electricity
LT,h1692,13.392530303441037,scr2012,dem,electricity
LT,h1693,12.954986061017706,scr2012,dem,electricity
LT,h1694,12.552996828706316,scr2012,dem,electricity
LT,h1695,12.29473401339552,scr2012,dem,electricity
LT,h1696,12.351342888212292,scr2012,dem,electricity
LT,h1697,12.837945216180024,scr2012,dem,electricity
LT,h1698,13.447216680461553,scr2012,dem,electricity
LT,h1699,13.668748700009548,scr2012,dem,electricity
LT,h1700,13.407883754245793,scr2012,dem,electricity
LT,h1701,13.057613038685183,scr2012,dem,electricity
LT,h1702,12.941217249377345,scr2012,dem,electricity
LT,h1703,12.924177827461707,scr2012,dem,electricity
LT,h1704,12.94923900829671,scr2012,dem,electricity
LT,h1705,13.00823275973739,scr2012,dem,electricity
LT,h1706,13.137143884883399,scr2012,dem,electricity
LT,h1707,13.177013544634313,scr2012,dem,electricity
LT,h1708,13.172156499437806,scr2012,dem,electricity
LT,h1709,13.272962370365496,scr2012,dem,electricity
LT,h1710,13.616726923056712,scr2012,dem,electricity
LT,h1711,14.119480436399268,scr2012,dem,electricity
LT,h1712,14.588461833179643,scr2012,dem,electricity
LT,h1713,14.76550448138361,scr2012,dem,electricity
LT,h1714,14.609545064908971,scr2012,dem,electricity
LT,h1715,14.208069733859451,scr2012,dem,electricity
LT,h1716,13.719904911783452,scr2012,dem,electricity
LT,h1717,13.240764410650838,scr2012,dem,electricity
LT,h1718,12.810324159295845,scr2012,dem,electricity
LT,h1719,12.521863964864458,scr2012,dem,electricity
LT,h1720,12.555519029711013,scr2012,dem,electricity
LT,h1721,13.029906740005591,scr2012,dem,electricity
LT,h1722,13.630734378900128,scr2012,dem,electricity
LT,h1723,13.839219289194233,scr2012,dem,electricity
LT,h1724,13.553724807516884,scr2012,dem,electricity
LT,h1725,13.180113436554851,scr2012,dem,electricity
LT,h1726,13.045936691982178,scr2012,dem,electricity
LT,h1727,13.011856763104577,scr2012,dem,electricity
LT,h1728,13.01638407018557,scr2012,dem,electricity
LT,h1729,13.052971157491989,scr2012,dem,electricity
LT,h1730,13.16012158166618,scr2012,dem,electricity
LT,h1731,13.176175058226564,scr2012,dem,electricity
LT,h1732,13.146013714247971,scr2012,dem,electricity
LT,h1733,13.218414090814381,scr2012,dem,electricity
LT,h1734,13.527769530056528,scr2012,dem,electricity
LT,h1735,13.996185457608624,scr2012,dem,electricity
LT,h1736,14.425615081072513,scr2012,dem,electricity
LT,h1737,14.563542747833909,scr2012,dem,electricity
LT,h1738,14.363713451085534,scr2012,dem,electricity
LT,h1739,13.92395111770095,scr2012,dem,electricity
LT,h1740,13.396223396263656,scr2012,dem,electricity
LT,h1741,12.880887325322375,scr2012,dem,electricity
LT,h1742,12.40643663296066,scr2012,dem,electricity
LT,h1743,12.070312883820637,scr2012,dem,electricity
LT,h1744,12.035877579019672,scr2012,dem,electricity
LT,h1745,12.415752119883221,scr2012,dem,electricity
LT,h1746,12.906924495644402,scr2012,dem,electricity
LT,h1747,13.02751106292093,scr2012,dem,electricity
LT,h1748,12.683871935390284,scr2012,dem,electricity
LT,h1749,12.256844692634592,scr2012,dem,electricity
LT,h1750,12.045686990892511,scr2012,dem,electricity
LT,h1751,11.924852092878847,scr2012,dem,electricity
LT,h1752,11.834698635834739,scr2012,dem,electricity
LT,h1753,11.77544328692294,scr2012,dem,electricity
LT,h1754,11.78372874066405,scr2012,dem,electricity
LT,h1755,11.715113772776427,scr2012,dem,electricity
LT,h1756,11.611620182725261,scr2012,dem,electricity
LT,h1757,11.60329882150553,scr2012,dem,electricity
LT,h1758,11.808544977647166,scr2012,dem,electricity
LT,h1759,12.158754113308722,scr2012,dem,electricity
LT,h1760,12.484107520138268,scr2012,dem,electricity
LT,h1761,12.560479178045668,scr2012,dem,electricity
LT,h1762,12.348187157886397,scr2012,dem,electricity
LT,h1763,11.928186366712282,scr2012,dem,electricity
LT,h1764,11.441415123528483,scr2012,dem,electricity
LT,h1765,10.976375162095655,scr2012,dem,electricity
LT,h1766,10.559277923362032,scr2012,dem,electricity
LT,h1767,10.262439122230715,scr2012,dem,electricity
LT,h1768,10.216179244172949,scr2012,dem,electricity
LT,h1769,10.515119552650852,scr2012,dem,electricity
LT,h1770,10.92270734217238,scr2012,dem,electricity
LT,h1771,11.03568940769425,scr2012,dem,electricity
LT,h1772,10.766090885031963,scr2012,dem,electricity
LT,h1773,10.414384760551528,scr2012,dem,electricity
LT,h1774,10.234706322352594,scr2012,dem,electricity
LT,h1775,10.128484316912566,scr2012,dem,electricity
LT,h1776,10.053608195038263,scr2012,dem,electricity
LT,h1777,10.012950329819244,scr2012,dem,electricity
LT,h1778,10.037376205019862,scr2012,dem,electricity
LT,h1779,10.007668880429364,scr2012,dem,electricity
LT,h1780,9.95257786577741,scr2012,dem,electricity
LT,h1781,9.982187830162749,scr2012,dem,electricity
LT,h1782,10.205257514905112,scr2012,dem,electricity
LT,h1783,10.562993516098297,scr2012,dem,electricity
LT,h1784,10.90565667863077,scr2012,dem,electricity
LT,h1785,11.027148153229826,scr2012,dem,electricity
LT,h1786,10.890460269285231,scr2012,dem,electricity
LT,h1787,10.557791202953332,scr2012,dem,electricity
LT,h1788,10.157235341061163,scr2012,dem,electricity
LT,h1789,9.772385714478554,scr2012,dem,electricity
LT,h1790,9.431479115520709,scr2012,dem,electricity
LT,h1791,9.189731653810975,scr2012,dem,electricity
LT,h1792,9.168576618685286,scr2012,dem,electricity
LT,h1793,9.449738665783995,scr2012,dem,electricity
LT,h1794,9.826339039626246,scr2012,dem,electricity
LT,h1795,9.93079532513352,scr2012,dem,electricity
LT,h1796,9.697400165355887,scr2012,dem,electricity
LT,h1797,9.393801804259846,scr2012,dem,electricity
LT,h1798,9.24559399551357,scr2012,dem,electricity
LT,h1799,9.160141158225041,scr2012,dem,electricity
LT,h1800,9.09648206803077,scr2012,dem,electricity
LT,h1801,9.061031322984745,scr2012,dem,electricity
LT,h1802,9.083278725901714,scr2012,dem,electricity
LT,h1803,9.05657178889533,scr2012,dem,electricity
LT,h1804,9.007581273661335,scr2012,dem,electricity
LT,h1805,9.017373807813486,scr2012,dem,electricity
LT,h1806,9.165731224361519,scr2012,dem,electricity
LT,h1807,9.421565307825455,scr2012,dem,electricity
LT,h1808,9.686006499940714,scr2012,dem,electricity
LT,h1809,9.808366680813888,scr2012,dem,electricity
LT,h1810,9.720403478568187,scr2012,dem,electricity
LT,h1811,9.479048113256225,scr2012,dem,electricity
LT,h1812,9.157534249988245,scr2012,dem,electricity
LT,h1813,8.83717826803727,scr2012,dem,electricity
LT,h1814,8.54228348730959,scr2012,dem,electricity
LT,h1815,8.343636043375815,scr2012,dem,electricity
LT,h1816,8.37900894008309,scr2012,dem,electricity
LT,h1817,8.690777278035208,scr2012,dem,electricity
LT,h1818,9.109290387029443,scr2012,dem,electricity
LT,h1819,9.268325254511932,scr2012,dem,electricity
LT,h1820,9.113853843909085,scr2012,dem,electricity
LT,h1821,8.882085504612837,scr2012,dem,electricity
LT,h1822,8.79816300830275,scr2012,dem,electricity
LT,h1823,8.773821302971509,scr2012,dem,electricity
LT,h1824,8.768198493112283,scr2012,dem,electricity
LT,h1825,8.78068252023973,scr2012,dem,electricity
LT,h1826,8.846972209465578,scr2012,dem,electricity
LT,h1827,8.867493858093184,scr2012,dem,electricity
LT,h1828,8.864458169421065,scr2012,dem,electricity
LT,h1829,8.912403773722197,scr2012,dem,electricity
LT,h1830,9.091028288538872,scr2012,dem,electricity
LT,h1831,9.366775898962059,scr2012,dem,electricity
LT,h1832,9.650146049173449,scr2012,dem,electricity
LT,h1833,9.801953858021959,scr2012,dem,electricity
LT,h1834,9.754583628244314,scr2012,dem,electricity
LT,h1835,9.552962198313114,scr2012,dem,electricity
LT,h1836,9.264805735291109,scr2012,dem,electricity
LT,h1837,8.965787082996934,scr2012,dem,electricity
LT,h1838,8.685559115644113,scr2012,dem,electricity
LT,h1839,8.499370694332807,scr2012,dem,electricity
LT,h1840,8.547724633192011,scr2012,dem,electricity
LT,h1841,8.88863260884014,scr2012,dem,electricity
LT,h1842,9.33268762949727,scr2012,dem,electricity
LT,h1843,9.517718624524212,scr2012,dem,electricity
LT,h1844,9.37927241046068,scr2012,dem,electricity
LT,h1845,9.15777741236228,scr2012,dem,electricity
LT,h1846,9.067365934209958,scr2012,dem,electricity
LT,h1847,9.020174999282652,scr2012,dem,electricity
LT,h1848,8.99167931300294,scr2012,dem,electricity
LT,h1849,8.987238485287163,scr2012,dem,electricity
LT,h1850,9.045467675243893,scr2012,dem,electricity
LT,h1851,9.05534464328742,scr2012,dem,electricity
LT,h1852,9.044430969859466,scr2012,dem,electricity
LT,h1853,9.106297513480099,scr2012,dem,electricity
LT,h1854,9.359732601224346,scr2012,dem,electricity
LT,h1855,9.74467332585088,scr2012,dem,electricity
LT,h1856,10.1257088272162,scr2012,dem,electricity
LT,h1857,10.298279362153842,scr2012,dem,electricity
LT,h1858,10.216822155905836,scr2012,dem,electricity
LT,h1859,9.947864588583295,scr2012,dem,electricity
LT,h1860,9.59800277628661,scr2012,dem,electricity
LT,h1861,9.261557742017395,scr2012,dem,electricity
LT,h1862,8.957257459304158,scr2012,dem,electricity
LT,h1863,8.751762299109087,scr2012,dem,electricity
LT,h1864,8.750177169952716,scr2012,dem,electricity
LT,h1865,9.028515424544524,scr2012,dem,electricity
LT,h1866,9.39337489326581,scr2012,dem,electricity
LT,h1867,9.512912469900998,scr2012,dem,electricity
LT,h1868,9.316467009653996,scr2012,dem,electricity
LT,h1869,9.047434908227054,scr2012,dem,electricity
LT,h1870,8.906933920407976,scr2012,dem,electricity
LT,h1871,8.816991117209794,scr2012,dem,electricity
LT,h1872,8.751544146746994,scr2012,dem,electricity
LT,h1873,8.724044942874668,scr2012,dem,electricity
LT,h1874,8.75893800893675,scr2012,dem,electricity
LT,h1875,8.748412271042946,scr2012,dem,electricity
LT,h1876,8.71553005897526,scr2012,dem,electricity
LT,h1877,8.755961763132753,scr2012,dem,electricity
LT,h1878,8.97022035891583,scr2012,dem,electricity
LT,h1879,9.305652686352852,scr2012,dem,electricity
LT,h1880,9.63859069912746,scr2012,dem,electricity
LT,h1881,9.775611701286557,scr2012,dem,electricity
LT,h1882,9.67752818772859,scr2012,dem,electricity
LT,h1883,9.399651447080519,scr2012,dem,electricity
LT,h1884,9.060461134177194,scr2012,dem,electricity
LT,h1885,8.73495083389382,scr2012,dem,electricity
LT,h1886,8.446121950705463,scr2012,dem,electricity
LT,h1887,8.244573948582293,scr2012,dem,electricity
LT,h1888,8.233924214414518,scr2012,dem,electricity
LT,h1889,8.48577250887833,scr2012,dem,electricity
LT,h1890,8.822688618390783,scr2012,dem,electricity
LT,h1891,8.937066442240873,scr2012,dem,electricity
LT,h1892,8.754034930399495,scr2012,dem,electricity
LT,h1893,8.501180610329877,scr2012,dem,electricity
LT,h1894,8.36179853528531,scr2012,dem,electricity
LT,h1895,8.267552642916916,scr2012,dem,electricity
LT,h1896,8.196857271717343,scr2012,dem,electricity
LT,h1897,8.164873830204682,scr2012,dem,electricity
LT,h1898,8.197258081513347,scr2012,dem,electricity
LT,h1899,8.192874820988736,scr2012,dem,electricity
LT,h1900,8.172184077813144,scr2012,dem,electricity
LT,h1901,8.223448360285278,scr2012,dem,electricity
LT,h1902,8.442466383206899,scr2012,dem,electricity
LT,h1903,8.786657556057794,scr2012,dem,electricity
LT,h1904,9.134382872762723,scr2012,dem,electricity
LT,h1905,9.300287445944107,scr2012,dem,electricity
LT,h1906,9.23860029933584,scr2012,dem,electricity
LT,h1907,9.009080476740749,scr2012,dem,electricity
LT,h1908,8.720485752352332,scr2012,dem,electricity
LT,h1909,8.448837792288016,scr2012,dem,electricity
LT,h1910,8.208417173836855,scr2012,dem,electricity
LT,h1911,8.055352489461674,scr2012,dem,electricity
LT,h1912,8.088089595279866,scr2012,dem,electricity
LT,h1913,8.382400824849372,scr2012,dem,electricity
LT,h1914,8.760473188004864,scr2012,dem,electricity
LT,h1915,8.921164755343947,scr2012,dem,electricity
LT,h1916,8.789071623160082,scr2012,dem,electricity
LT,h1917,8.592445565031914,scr2012,dem,electricity
LT,h1918,8.508800534933643,scr2012,dem,electricity
LT,h1919,8.47199637378718,scr2012,dem,electricity
LT,h1920,8.459147999475881,scr2012,dem,electricity
LT,h1921,8.485796651326785,scr2012,dem,electricity
LT,h1922,8.576036943656218,scr2012,dem,electricity
LT,h1923,8.626405303654233,scr2012,dem,electricity
LT,h1924,8.659461333232203,scr2012,dem,electricity
LT,h1925,8.765015041201169,scr2012,dem,electricity
LT,h1926,9.047372733088027,scr2012,dem,electricity
LT,h1927,9.458239259688277,scr2012,dem,electricity
LT,h1928,9.870046540888229,scr2012,dem,electricity
LT,h1929,10.080652784901366,scr2012,dem,electricity
LT,h1930,10.044147909387329,scr2012,dem,electricity
LT,h1931,9.820296951623309,scr2012,dem,electricity
LT,h1932,9.527629553390517,scr2012,dem,electricity
LT,h1933,9.244345911630191,scr2012,dem,electricity
LT,h1934,8.993655838123441,scr2012,dem,electricity
LT,h1935,8.832970415971575,scr2012,dem,electricity
LT,h1936,8.87529779343011,scr2012,dem,electricity
LT,h1937,9.202442573273743,scr2012,dem,electricity
LT,h1938,9.617106792086057,scr2012,dem,electricity
LT,h1939,9.788478260880456,scr2012,dem,electricity
LT,h1940,9.630553024353938,scr2012,dem,electricity
LT,h1941,9.401573716011772,scr2012,dem,electricity
LT,h1942,9.300585914786726,scr2012,dem,electricity
LT,h1943,9.254669010597027,scr2012,dem,electricity
LT,h1944,9.234441628093734,scr2012,dem,electricity
LT,h1945,9.248368874807163,scr2012,dem,electricity
LT,h1946,9.32358870780259,scr2012,dem,electricity
LT,h1947,9.350760082904001,scr2012,dem,electricity
LT,h1948,9.3532832491564,scr2012,dem,electricity
LT,h1949,9.433203728436673,scr2012,dem,electricity
LT,h1950,9.695109167361663,scr2012,dem,electricity
LT,h1951,10.091693439216034,scr2012,dem,electricity
LT,h1952,10.476603773350822,scr2012,dem,electricity
LT,h1953,10.649923913346607,scr2012,dem,electricity
LT,h1954,10.56598331469235,scr2012,dem,electricity
LT,h1955,10.288167910707777,scr2012,dem,electricity
LT,h1956,9.940638430222915,scr2012,dem,electricity
LT,h1957,9.60410634309592,scr2012,dem,electricity
LT,h1958,9.305739736980962,scr2012,dem,electricity
LT,h1959,9.09984753256752,scr2012,dem,electricity
LT,h1960,9.10820076535307,scr2012,dem,electricity
LT,h1961,9.414924452053095,scr2012,dem,electricity
LT,h1962,9.80534219364719,scr2012,dem,electricity
LT,h1963,9.936914320150647,scr2012,dem,electricity
LT,h1964,9.73341654483217,scr2012,dem,electricity
LT,h1965,9.472595685307336,scr2012,dem,electricity
LT,h1966,9.353903701107019,scr2012,dem,electricity
LT,h1967,9.29531471775768,scr2012,dem,electricity
LT,h1968,9.255732803294501,scr2012,dem,electricity
LT,h1969,9.242465332326097,scr2012,dem,electricity
LT,h1970,9.285650868100879,scr2012,dem,electricity
LT,h1971,9.275504205947671,scr2012,dem,electricity
LT,h1972,9.240182427186925,scr2012,dem,electricity
LT,h1973,9.25665166203415,scr2012,dem,electricity
LT,h1974,9.415775791660682,scr2012,dem,electricity
LT,h1975,9.683467832966004,scr2012,dem,electricity
LT,h1976,9.961344751243223,scr2012,dem,electricity
LT,h1977,10.083672326647278,scr2012,dem,electricity
LT,h1978,9.986742555804302,scr2012,dem,electricity
LT,h1979,9.726902352914736,scr2012,dem,electricity
LT,h1980,9.386829978136637,scr2012,dem,electricity
LT,h1981,9.045968105434916,scr2012,dem,electricity
LT,h1982,8.72687624206786,scr2012,dem,electricity
LT,h1983,8.502267718813616,scr2012,dem,electricity
LT,h1984,8.51007517924113,scr2012,dem,electricity
LT,h1985,8.795997857665803,scr2012,dem,electricity
LT,h1986,9.171214803892264,scr2012,dem,electricity
LT,h1987,9.291735759764073,scr2012,dem,electricity
LT,h1988,9.098815166064872,scr2012,dem,electricity
LT,h1989,8.84437977340306,scr2012,dem,electricity
LT,h1990,8.725536410282775,scr2012,dem,electricity
LT,h1991,8.66366450947926,scr2012,dem,electricity
LT,h1992,8.611384765197021,scr2012,dem,electricity
LT,h1993,8.575815306918734,scr2012,dem,electricity
LT,h1994,8.593021064980674,scr2012,dem,electricity
LT,h1995,8.567159794413225,scr2012,dem,electricity
LT,h1996,8.517635898821766,scr2012,dem,electricity
LT,h1997,8.524445921417149,scr2012,dem,electricity
LT,h1998,8.645824858405419,scr2012,dem,electricity
LT,h1999,8.862438338583907,scr2012,dem,electricity
LT,h2000,9.078300445989509,scr2012,dem,electricity
LT,h2001,9.177749968824587,scr2012,dem,electricity
LT,h2002,9.088507626502146,scr2012,dem,electricity
LT,h2003,8.857907771415666,scr2012,dem,electricity
LT,h2004,8.544777610561745,scr2012,dem,electricity
LT,h2005,8.224494099667362,scr2012,dem,electricity
LT,h2006,7.920711091266085,scr2012,dem,electricity
LT,h2007,7.70757621049288,scr2012,dem,electricity
LT,h2008,7.7051504305198995,scr2012,dem,electricity
LT,h2009,7.953940655831503,scr2012,dem,electricity
LT,h2010,8.272548759599333,scr2012,dem,electricity
LT,h2011,8.364743480535628,scr2012,dem,electricity
LT,h2012,8.238277213273031,scr2012,dem,electricity
LT,h2013,8.05605061448322,scr2012,dem,electricity
LT,h2014,7.980664722194208,scr2012,dem,electricity
LT,h2015,7.879418406423898,scr2012,dem,electricity
LT,h2016,7.793297695876386,scr2012,dem,electricity
LT,h2017,7.73168085532384,scr2012,dem,electricity
LT,h2018,7.733613903788397,scr2012,dem,electricity
LT,h2019,7.706416195138813,scr2012,dem,electricity
LT,h2020,7.669404101423967,scr2012,dem,electricity
LT,h2021,7.706843693158665,scr2012,dem,electricity
LT,h2022,7.911745397896895,scr2012,dem,electricity
LT,h2023,8.24021151830089,scr2012,dem,electricity
LT,h2024,8.56715663325004,scr2012,dem,electricity
LT,h2025,8.718660910094014,scr2012,dem,electricity
LT,h2026,8.651078079741199,scr2012,dem,electricity
LT,h2027,8.419356796344616,scr2012,dem,electricity
LT,h2028,8.118024269161998,scr2012,dem,electricity
LT,h2029,7.830125020158651,scr2012,dem,electricity
LT,h2030,7.572583392320214,scr2012,dem,electricity
LT,h2031,7.397870921944703,scr2012,dem,electricity
LT,h2032,7.381865150768167,scr2012,dem,electricity
LT,h2033,7.58560072961118,scr2012,dem,electricity
LT,h2034,7.844922121734042,scr2012,dem,electricity
LT,h2035,7.915646296655079,scr2012,dem,electricity
LT,h2036,7.787935030347253,scr2012,dem,electricity
LT,h2037,7.616576031043859,scr2012,dem,electricity
LT,h2038,7.5369668256052815,scr2012,dem,electricity
LT,h2039,7.438623775803248,scr2012,dem,electricity
LT,h2040,7.357262163206628,scr2012,dem,electricity
LT,h2041,7.316068695828428,scr2012,dem,electricity
LT,h2042,7.336659594255252,scr2012,dem,electricity
LT,h2043,7.335361199912274,scr2012,dem,electricity
LT,h2044,7.324667545636332,scr2012,dem,electricity
LT,h2045,7.3885227972199505,scr2012,dem,electricity
LT,h2046,7.601433374995734,scr2012,dem,electricity
LT,h2047,7.929536619547953,scr2012,dem,electricity
LT,h2048,8.25904215657984,scr2012,dem,electricity
LT,h2049,8.422731342346164,scr2012,dem,electricity
LT,h2050,8.37630400132883,scr2012,dem,electricity
LT,h2051,8.165541009163057,scr2012,dem,electricity
LT,h2052,7.893208666221905,scr2012,dem,electricity
LT,h2053,7.629544791257146,scr2012,dem,electricity
LT,h2054,7.3993186069713355,scr2012,dem,electricity
LT,h2055,7.245155279134852,scr2012,dem,electricity
LT,h2056,7.253376092815604,scr2012,dem,electricity
LT,h2057,7.476069063531984,scr2012,dem,electricity
LT,h2058,7.7533212597027115,scr2012,dem,electricity
LT,h2059,7.841002493030311,scr2012,dem,electricity
LT,h2060,7.733560382285793,scr2012,dem,electricity
LT,h2061,7.581456006685914,scr2012,dem,electricity
LT,h2062,7.51672408692673,scr2012,dem,electricity
LT,h2063,7.428538981840287,scr2012,dem,electricity
LT,h2064,7.3578728327744924,scr2012,dem,electricity
LT,h2065,7.324762437581983,scr2012,dem,electricity
LT,h2066,7.353708295180901,scr2012,dem,electricity
LT,h2067,7.360838129935606,scr2012,dem,electricity
LT,h2068,7.3584101041704475,scr2012,dem,electricity
LT,h2069,7.429985704098805,scr2012,dem,electricity
LT,h2070,7.650985839898254,scr2012,dem,electricity
LT,h2071,7.992445762792666,scr2012,dem,electricity
LT,h2072,8.333712946305006,scr2012,dem,electricity
LT,h2073,8.50767986773563,scr2012,dem,electricity
LT,h2074,8.464370012842812,scr2012,dem,electricity
LT,h2075,8.259457050123812,scr2012,dem,electricity
LT,h2076,7.990514248257903,scr2012,dem,electricity
LT,h2077,7.731910628779125,scr2012,dem,electricity
LT,h2078,7.500483318741939,scr2012,dem,electricity
LT,h2079,7.3483376675508545,scr2012,dem,electricity
LT,h2080,7.359021697694649,scr2012,dem,electricity
LT,h2081,7.588553546442492,scr2012,dem,electricity
LT,h2082,7.867197012036462,scr2012,dem,electricity
LT,h2083,7.95477771707385,scr2012,dem,electricity
LT,h2084,7.8460139258446535,scr2012,dem,electricity
LT,h2085,7.699696286196468,scr2012,dem,electricity
LT,h2086,7.641103676346808,scr2012,dem,electricity
LT,h2087,7.560662856173333,scr2012,dem,electricity
LT,h2088,7.494940052410316,scr2012,dem,electricity
LT,h2089,7.466281455522817,scr2012,dem,electricity
LT,h2090,7.498729989878823,scr2012,dem,electricity
LT,h2091,7.508662555098326,scr2012,dem,electricity
LT,h2092,7.510526702205402,scr2012,dem,electricity
LT,h2093,7.586639053577684,scr2012,dem,electricity
LT,h2094,7.8164521545901335,scr2012,dem,electricity
LT,h2095,8.166957861519894,scr2012,dem,electricity
LT,h2096,8.51841618476808,scr2012,dem,electricity
LT,h2097,8.69732480465599,scr2012,dem,electricity
LT,h2098,8.657418306715192,scr2012,dem,electricity
LT,h2099,8.45034108317034,scr2012,dem,electricity
LT,h2100,8.179232304662056,scr2012,dem,electricity
LT,h2101,7.917093805313024,scr2012,dem,electricity
LT,h2102,7.686742263381202,scr2012,dem,electricity
LT,h2103,7.536230399654843,scr2012,dem,electricity
LT,h2104,7.551681459473277,scr2012,dem,electricity
LT,h2105,7.790911355553664,scr2012,dem,electricity
LT,h2106,8.082538200322547,scr2012,dem,electricity
LT,h2107,8.178545939046115,scr2012,dem,electricity
LT,h2108,8.069859320073318,scr2012,dem,electricity
LT,h2109,7.9211027703869785,scr2012,dem,electricity
LT,h2110,7.866928256236267,scr2012,dem,electricity
LT,h2111,7.7944665827774156,scr2012,dem,electricity
LT,h2112,7.739384567998146,scr2012,dem,electricity
LT,h2113,7.71980665292124,scr2012,dem,electricity
LT,h2114,7.761872012774782,scr2012,dem,electricity
LT,h2115,7.779134491525106,scr2012,dem,electricity
LT,h2116,7.784200088796585,scr2012,dem,electricity
LT,h2117,7.872125694100706,scr2012,dem,electricity
LT,h2118,8.108498160075282,scr2012,dem,electricity
LT,h2119,8.472237787570075,scr2012,dem,electricity
LT,h2120,8.822984659786814,scr2012,dem,electricity
LT,h2121,9.00353741764288,scr2012,dem,electricity
LT,h2122,8.957554671472819,scr2012,dem,electricity
LT,h2123,8.743176171971616,scr2012,dem,electricity
LT,h2124,8.464040197985453,scr2012,dem,electricity
LT,h2125,8.194371548152802,scr2012,dem,electricity
LT,h2126,7.953992973232984,scr2012,dem,electricity
LT,h2127,7.792789197475742,scr2012,dem,electricity
LT,h2128,7.805046754277622,scr2012,dem,electricity
LT,h2129,8.059130746726542,scr2012,dem,electricity
LT,h2130,8.3651785287909,scr2012,dem,electricity
LT,h2131,8.455585720918062,scr2012,dem,electricity
LT,h2132,8.32213937682896,scr2012,dem,electricity
LT,h2133,8.156785848311973,scr2012,dem,electricity
LT,h2134,8.103594372428462,scr2012,dem,electricity
LT,h2135,8.041216003981809,scr2012,dem,electricity
LT,h2136,7.989345832789755,scr2012,dem,electricity
LT,h2137,7.961531717654636,scr2012,dem,electricity
LT,h2138,7.988941486634648,scr2012,dem,electricity
LT,h2139,7.979549414345893,scr2012,dem,electricity
LT,h2140,7.953897067733839,scr2012,dem,electricity
LT,h2141,7.981367061687426,scr2012,dem,electricity
LT,h2142,8.122650518734739,scr2012,dem,electricity
LT,h2143,8.364535903796666,scr2012,dem,electricity
LT,h2144,8.613117823038747,scr2012,dem,electricity
LT,h2145,8.73485706454322,scr2012,dem,electricity
LT,h2146,8.660317616903834,scr2012,dem,electricity
LT,h2147,8.437306253015835,scr2012,dem,electricity
LT,h2148,8.135089392595447,scr2012,dem,electricity
LT,h2149,7.826445015931606,scr2012,dem,electricity
LT,h2150,7.52985615856809,scr2012,dem,electricity
LT,h2151,7.313825085043373,scr2012,dem,electricity
LT,h2152,7.285443393491685,scr2012,dem,electricity
LT,h2153,7.4788927389730375,scr2012,dem,electricity
LT,h2154,7.72580018578974,scr2012,dem,electricity
LT,h2155,7.760067884652439,scr2012,dem,electricity
LT,h2156,7.591543001356798,scr2012,dem,electricity
LT,h2157,7.387565763403142,scr2012,dem,electricity
LT,h2158,7.285886322562662,scr2012,dem,electricity
LT,h2159,7.169197757558278,scr2012,dem,electricity
LT,h2160,7.046938885081223,scr2012,dem,electricity
LV,h1441,8.21196355631978,scr2012,dem,electricity
LV,h1442,8.335130733928047,scr2012,dem,electricity
LV,h1443,8.40030942654183,scr2012,dem,electricity
LV,h1444,8.43668263434548,scr2012,dem,electricity
LV,h1445,8.538143706415166,scr2012,dem,electricity
LV,h1446,8.801488757021565,scr2012,dem,electricity
LV,h1447,9.162803693578299,scr2012,dem,electricity
LV,h1448,9.49873037612018,scr2012,dem,electricity
LV,h1449,9.638013714534951,scr2012,dem,electricity
LV,h1450,9.56677503863263,scr2012,dem,electricity
LV,h1451,9.338076659848912,scr2012,dem,electricity
LV,h1452,9.049812325504089,scr2012,dem,electricity
LV,h1453,8.762851040884964,scr2012,dem,electricity
LV,h1454,8.50597240273601,scr2012,dem,electricity
LV,h1455,8.344232407006347,scr2012,dem,electricity
LV,h1456,8.40705719927282,scr2012,dem,electricity
LV,h1457,8.781852784596099,scr2012,dem,electricity
LV,h1458,9.228658101933128,scr2012,dem,electricity
LV,h1459,9.393135965811329,scr2012,dem,electricity
LV,h1460,9.20877213688558,scr2012,dem,electricity
LV,h1461,8.987503267827904,scr2012,dem,electricity
LV,h1462,8.952139581463575,scr2012,dem,electricity
LV,h1463,8.998480271916915,scr2012,dem,electricity
LV,h1464,9.070863478515596,scr2012,dem,electricity
LV,h1465,9.155160980240971,scr2012,dem,electricity
LV,h1466,9.276382715295307,scr2012,dem,electricity
LV,h1467,9.326899169917596,scr2012,dem,electricity
LV,h1468,9.341337956340142,scr2012,dem,electricity
LV,h1469,9.415938124134582,scr2012,dem,electricity
LV,h1470,9.634674378530482,scr2012,dem,electricity
LV,h1471,9.950008359987851,scr2012,dem,electricity
LV,h1472,10.238003858535746,scr2012,dem,electricity
LV,h1473,10.35165186848995,scr2012,dem,electricity
LV,h1474,10.248255718282852,scr2012,dem,electricity
LV,h1475,9.9912047531295,scr2012,dem,electricity
LV,h1476,9.659524425475347,scr2012,dem,electricity
LV,h1477,9.317641429053925,scr2012,dem,electricity
LV,h1478,9.004850557870176,scr2012,dem,electricity
LV,h1479,8.800075436559593,scr2012,dem,electricity
LV,h1480,8.849645107607444,scr2012,dem,electricity
LV,h1481,9.224594737872316,scr2012,dem,electricity
LV,h1482,9.679391691088483,scr2012,dem,electricity
LV,h1483,9.833282435994061,scr2012,dem,electricity
LV,h1484,9.623135662671938,scr2012,dem,electricity
LV,h1485,9.368907982977785,scr2012,dem,electricity
LV,h1486,9.31115288049517,scr2012,dem,electricity
LV,h1487,9.337451845190822,scr2012,dem,electricity
LV,h1488,9.386974399928674,scr2012,dem,electricity
LV,h1489,9.443804387659748,scr2012,dem,electricity
LV,h1490,9.536201947171087,scr2012,dem,electricity
LV,h1491,9.554238899027155,scr2012,dem,electricity
LV,h1492,9.53424804204258,scr2012,dem,electricity
LV,h1493,9.570288506435809,scr2012,dem,electricity
LV,h1494,9.749203895809345,scr2012,dem,electricity
LV,h1495,10.020379016203922,scr2012,dem,electricity
LV,h1496,10.263505164340994,scr2012,dem,electricity
LV,h1497,10.33412828708481,scr2012,dem,electricity
LV,h1498,10.195399565544601,scr2012,dem,electricity
LV,h1499,9.911843641204126,scr2012,dem,electricity
LV,h1500,9.559779367159107,scr2012,dem,electricity
LV,h1501,9.200170971344013,scr2012,dem,electricity
LV,h1502,8.865753304305278,scr2012,dem,electricity
LV,h1503,8.635774223885692,scr2012,dem,electricity
LV,h1504,8.658313942595164,scr2012,dem,electricity
LV,h1505,9.005638625313674,scr2012,dem,electricity
LV,h1506,9.434779767581736,scr2012,dem,electricity
LV,h1507,9.573916080450996,scr2012,dem,electricity
LV,h1508,9.3553002506513,scr2012,dem,electricity
LV,h1509,9.090943527688534,scr2012,dem,electricity
LV,h1510,9.008186921695884,scr2012,dem,electricity
LV,h1511,9.004496051445802,scr2012,dem,electricity
LV,h1512,9.02595669835771,scr2012,dem,electricity
LV,h1513,9.05680428148422,scr2012,dem,electricity
LV,h1514,9.128367307066421,scr2012,dem,electricity
LV,h1515,9.13110698003364,scr2012,dem,electricity
LV,h1516,9.103916610341358,scr2012,dem,electricity
LV,h1517,9.145877784132956,scr2012,dem,electricity
LV,h1518,9.35593484058419,scr2012,dem,electricity
LV,h1519,9.669913045634141,scr2012,dem,electricity
LV,h1520,9.953140187126076,scr2012,dem,electricity
LV,h1521,10.035342775186104,scr2012,dem,electricity
LV,h1522,9.891701969794227,scr2012,dem,electricity
LV,h1523,9.595085185782965,scr2012,dem,electricity
LV,h1524,9.233858486693123,scr2012,dem,electricity
LV,h1525,8.88231133676828,scr2012,dem,electricity
LV,h1526,8.559531175560005,scr2012,dem,electricity
LV,h1527,8.341827783012521,scr2012,dem,electricity
LV,h1528,8.350820449242159,scr2012,dem,electricity
LV,h1529,8.665501059910827,scr2012,dem,electricity
LV,h1530,9.054952757270744,scr2012,dem,electricity
LV,h1531,9.172852920285445,scr2012,dem,electricity
LV,h1532,8.955863468007365,scr2012,dem,electricity
LV,h1533,8.693718272316598,scr2012,dem,electricity
LV,h1534,8.60418097624592,scr2012,dem,electricity
LV,h1535,8.590624411469586,scr2012,dem,electricity
LV,h1536,8.606141708878111,scr2012,dem,electricity
LV,h1537,8.637969744814958,scr2012,dem,electricity
LV,h1538,8.708226880286459,scr2012,dem,electricity
LV,h1539,8.715863279295554,scr2012,dem,electricity
LV,h1540,8.691618867286756,scr2012,dem,electricity
LV,h1541,8.73407065885477,scr2012,dem,electricity
LV,h1542,8.933522291801168,scr2012,dem,electricity
LV,h1543,9.229816900237058,scr2012,dem,electricity
LV,h1544,9.497511781204054,scr2012,dem,electricity
LV,h1545,9.570919604937592,scr2012,dem,electricity
LV,h1546,9.434200884365504,scr2012,dem,electricity
LV,h1547,9.144171533599541,scr2012,dem,electricity
LV,h1548,8.799782861500763,scr2012,dem,electricity
LV,h1549,8.459757366076529,scr2012,dem,electricity
LV,h1550,8.153602589608125,scr2012,dem,electricity
LV,h1551,7.942153096178018,scr2012,dem,electricity
LV,h1552,7.942579143544543,scr2012,dem,electricity
LV,h1553,8.226218010303194,scr2012,dem,electricity
LV,h1554,8.583728029860602,scr2012,dem,electricity
LV,h1555,8.681520471182466,scr2012,dem,electricity
LV,h1556,8.465262499655118,scr2012,dem,electricity
LV,h1557,8.200265238471786,scr2012,dem,electricity
LV,h1558,8.098831889418882,scr2012,dem,electricity
LV,h1559,8.06580625822245,scr2012,dem,electricity
LV,h1560,8.057493376771117,scr2012,dem,electricity
LV,h1561,8.065841173080639,scr2012,dem,electricity
LV,h1562,8.11264286659455,scr2012,dem,electricity
LV,h1563,8.103227361800606,scr2012,dem,electricity
LV,h1564,8.065535489688392,scr2012,dem,electricity
LV,h1565,8.09192711940346,scr2012,dem,electricity
LV,h1566,8.264507468193974,scr2012,dem,electricity
LV,h1567,8.53209024686583,scr2012,dem,electricity
LV,h1568,8.775406111460855,scr2012,dem,electricity
LV,h1569,8.842638078897268,scr2012,dem,electricity
LV,h1570,8.71404009247617,scr2012,dem,electricity
LV,h1571,8.446372651315546,scr2012,dem,electricity
LV,h1572,8.129301521216945,scr2012,dem,electricity
LV,h1573,7.820074912821457,scr2012,dem,electricity
LV,h1574,7.540410238968517,scr2012,dem,electricity
LV,h1575,7.35012221311236,scr2012,dem,electricity
LV,h1576,7.3538954110332675,scr2012,dem,electricity
LV,h1577,7.6205512783392155,scr2012,dem,electricity
LV,h1578,7.9586339234376045,scr2012,dem,electricity
LV,h1579,8.060796958019184,scr2012,dem,electricity
LV,h1580,7.875904766387806,scr2012,dem,electricity
LV,h1581,7.645669497593112,scr2012,dem,electricity
LV,h1582,7.565083320154409,scr2012,dem,electricity
LV,h1583,7.548038304589894,scr2012,dem,electricity
LV,h1584,7.554614271757109,scr2012,dem,electricity
LV,h1585,7.579646427444509,scr2012,dem,electricity
LV,h1586,7.643093662292734,scr2012,dem,electricity
LV,h1587,7.6559778044129665,scr2012,dem,electricity
LV,h1588,7.644595296712896,scr2012,dem,electricity
LV,h1589,7.695699585403151,scr2012,dem,electricity
LV,h1590,7.88761376183542,scr2012,dem,electricity
LV,h1591,8.171679881702676,scr2012,dem,electricity
LV,h1592,8.434539180828581,scr2012,dem,electricity
LV,h1593,8.528229820928942,scr2012,dem,electricity
LV,h1594,8.432084521707331,scr2012,dem,electricity
LV,h1595,8.197871375374254,scr2012,dem,electricity
LV,h1596,7.914226881391831,scr2012,dem,electricity
LV,h1597,7.635817560009165,scr2012,dem,electricity
LV,h1598,7.385950800361046,scr2012,dem,electricity
LV,h1599,7.220526012854863,scr2012,dem,electricity
LV,h1600,7.242539260977018,scr2012,dem,electricity
LV,h1601,7.521665494181457,scr2012,dem,electricity
LV,h1602,7.874643860540032,scr2012,dem,electricity
LV,h1603,7.997108991804169,scr2012,dem,electricity
LV,h1604,7.833247220848652,scr2012,dem,electricity
LV,h1605,7.619176082907047,scr2012,dem,electricity
LV,h1606,7.551610152520622,scr2012,dem,electricity
LV,h1607,7.547022381962393,scr2012,dem,electricity
LV,h1608,7.566966585916708,scr2012,dem,electricity
LV,h1609,7.603659851419964,scr2012,dem,electricity
LV,h1610,7.678835002125362,scr2012,dem,electricity
LV,h1611,7.701261021823936,scr2012,dem,electricity
LV,h1612,7.697469913277443,scr2012,dem,electricity
LV,h1613,7.7529123565768865,scr2012,dem,electricity
LV,h1614,7.9527337142773495,scr2012,dem,electricity
LV,h1615,8.243276873247034,scr2012,dem,electricity
LV,h1616,8.511442493825308,scr2012,dem,electricity
LV,h1617,8.604562454925842,scr2012,dem,electricity
LV,h1618,8.50605878767655,scr2012,dem,electricity
LV,h1619,8.265715756316535,scr2012,dem,electricity
LV,h1620,7.973421769096386,scr2012,dem,electricity
LV,h1621,7.685992958742864,scr2012,dem,electricity
LV,h1622,7.427635746186573,scr2012,dem,electricity
LV,h1623,7.252200177003868,scr2012,dem,electricity
LV,h1624,7.266573823995473,scr2012,dem,electricity
LV,h1625,7.540077414743713,scr2012,dem,electricity
LV,h1626,7.880051539942231,scr2012,dem,electricity
LV,h1627,7.983951551595689,scr2012,dem,electricity
LV,h1628,7.7985909085306755,scr2012,dem,electricity
LV,h1629,7.57305948018709,scr2012,dem,electricity
LV,h1630,7.497285793871486,scr2012,dem,electricity
LV,h1631,7.486192000319955,scr2012,dem,electricity
LV,h1632,7.495318326702433,scr2012,dem,electricity
LV,h1633,7.517060336740012,scr2012,dem,electricity
LV,h1634,7.573293764086732,scr2012,dem,electricity
LV,h1635,7.57551865239213,scr2012,dem,electricity
LV,h1636,7.550945673257619,scr2012,dem,electricity
LV,h1637,7.575076885672091,scr2012,dem,electricity
LV,h1638,7.71482542473176,scr2012,dem,electricity
LV,h1639,7.934897800467053,scr2012,dem,electricity
LV,h1640,8.140440353330114,scr2012,dem,electricity
LV,h1641,8.21258021156436,scr2012,dem,electricity
LV,h1642,8.11166884211362,scr2012,dem,electricity
LV,h1643,7.889224240786759,scr2012,dem,electricity
LV,h1644,7.607021920196706,scr2012,dem,electricity
LV,h1645,7.321943566757588,scr2012,dem,electricity
LV,h1646,7.060414243341403,scr2012,dem,electricity
LV,h1647,6.883710850648971,scr2012,dem,electricity
LV,h1648,6.905767381154947,scr2012,dem,electricity
LV,h1649,7.173624796477511,scr2012,dem,electricity
LV,h1650,7.5150540999090785,scr2012,dem,electricity
LV,h1651,7.628885437008138,scr2012,dem,electricity
LV,h1652,7.469815098011362,scr2012,dem,electricity
LV,h1653,7.266509169755987,scr2012,dem,electricity
LV,h1654,7.209831301956537,scr2012,dem,electricity
LV,h1655,7.2162124506017316,scr2012,dem,electricity
LV,h1656,7.243144803193627,scr2012,dem,electricity
LV,h1657,7.28069920640292,scr2012,dem,electricity
LV,h1658,7.353643388990991,scr2012,dem,electricity
LV,h1659,7.377949874968075,scr2012,dem,electricity
LV,h1660,7.3789936468144015,scr2012,dem,electricity
LV,h1661,7.4269943047028,scr2012,dem,electricity
LV,h1662,7.589304158569855,scr2012,dem,electricity
LV,h1663,7.8308351604522155,scr2012,dem,electricity
LV,h1664,8.063451347918601,scr2012,dem,electricity
LV,h1665,8.172869614526707,scr2012,dem,electricity
LV,h1666,8.120447501794555,scr2012,dem,electricity
LV,h1667,7.952174690120647,scr2012,dem,electricity
LV,h1668,7.726210692999852,scr2012,dem,electricity
LV,h1669,7.494334110566614,scr2012,dem,electricity
LV,h1670,7.282605227788402,scr2012,dem,electricity
LV,h1671,7.156593968326577,scr2012,dem,electricity
LV,h1672,7.241266483880426,scr2012,dem,electricity
LV,h1673,7.597828941850331,scr2012,dem,electricity
LV,h1674,8.038239878726571,scr2012,dem,electricity
LV,h1675,8.24225816079169,scr2012,dem,electricity
LV,h1676,8.149885608593367,scr2012,dem,electricity
LV,h1677,8.01020597891008,scr2012,dem,electricity
LV,h1678,8.021543707960694,scr2012,dem,electricity
LV,h1679,8.098425119183773,scr2012,dem,electricity
LV,h1680,8.201325550397495,scr2012,dem,electricity
LV,h1681,8.318100377137958,scr2012,dem,electricity
LV,h1682,8.476679581651975,scr2012,dem,electricity
LV,h1683,8.575144790578118,scr2012,dem,electricity
LV,h1684,8.64597744153647,scr2012,dem,electricity
LV,h1685,8.782944335277044,scr2012,dem,electricity
LV,h1686,9.08321705847245,scr2012,dem,electricity
LV,h1687,9.489600996637453,scr2012,dem,electricity
LV,h1688,9.86904400297802,scr2012,dem,electricity
LV,h1689,10.050921428675315,scr2012,dem,electricity
LV,h1690,10.001501905803796,scr2012,dem,electricity
LV,h1691,9.789124360342422,scr2012,dem,electricity
LV,h1692,9.502267790806815,scr2012,dem,electricity
LV,h1693,9.214037921703563,scr2012,dem,electricity
LV,h1694,8.947659241187871,scr2012,dem,electricity
LV,h1695,8.783328041909476,scr2012,dem,electricity
LV,h1696,8.854127917403334,scr2012,dem,electricity
LV,h1697,9.245075706241938,scr2012,dem,electricity
LV,h1698,9.716001194595759,scr2012,dem,electricity
LV,h1699,9.89638340860725,scr2012,dem,electricity
LV,h1700,9.71693987951959,scr2012,dem,electricity
LV,h1701,9.487696497575426,scr2012,dem,electricity
LV,h1702,9.443289377200363,scr2012,dem,electricity
LV,h1703,9.480956895670738,scr2012,dem,electricity
LV,h1704,9.549397475109428,scr2012,dem,electricity
LV,h1705,9.6332759618967,scr2012,dem,electricity
LV,h1706,9.758349670637545,scr2012,dem,electricity
LV,h1707,9.807432192385539,scr2012,dem,electricity
LV,h1708,9.81754560726274,scr2012,dem,electricity
LV,h1709,9.898946458548949,scr2012,dem,electricity
LV,h1710,10.15373572736651,scr2012,dem,electricity
LV,h1711,10.517154530012794,scr2012,dem,electricity
LV,h1712,10.845784668391921,scr2012,dem,electricity
LV,h1713,10.95628245558461,scr2012,dem,electricity
LV,h1714,10.825369326364871,scr2012,dem,electricity
LV,h1715,10.522565295724581,scr2012,dem,electricity
LV,h1716,10.157112242792365,scr2012,dem,electricity
LV,h1717,9.794108847222558,scr2012,dem,electricity
LV,h1718,9.464703178596805,scr2012,dem,electricity
LV,h1719,9.243974185037949,scr2012,dem,electricity
LV,h1720,9.274050283113604,scr2012,dem,electricity
LV,h1721,9.642008477170869,scr2012,dem,electricity
LV,h1722,10.093283051041793,scr2012,dem,electricity
LV,h1723,10.242679259115626,scr2012,dem,electricity
LV,h1724,10.016735981620373,scr2012,dem,electricity
LV,h1725,9.743008779671623,scr2012,dem,electricity
LV,h1726,9.663696514416056,scr2012,dem,electricity
LV,h1727,9.670330550722463,scr2012,dem,electricity
LV,h1728,9.706719430871102,scr2012,dem,electricity
LV,h1729,9.757909646297149,scr2012,dem,electricity
LV,h1730,9.851656308166573,scr2012,dem,electricity
LV,h1731,9.868242320190653,scr2012,dem,electricity
LV,h1732,9.845723519329592,scr2012,dem,electricity
LV,h1733,9.8940108085893,scr2012,dem,electricity
LV,h1734,10.11354645506947,scr2012,dem,electricity
LV,h1735,10.442420882842026,scr2012,dem,electricity
LV,h1736,10.73444355362737,scr2012,dem,electricity
LV,h1737,10.809989659012873,scr2012,dem,electricity
LV,h1738,10.643845824808766,scr2012,dem,electricity
LV,h1739,10.311218752381496,scr2012,dem,electricity
LV,h1740,9.917510469905492,scr2012,dem,electricity
LV,h1741,9.529996386028245,scr2012,dem,electricity
LV,h1742,9.173394903666775,scr2012,dem,electricity
LV,h1743,8.923932420798266,scr2012,dem,electricity
LV,h1744,8.912939588459995,scr2012,dem,electricity
LV,h1745,9.22303280724902,scr2012,dem,electricity
LV,h1746,9.608383491139701,scr2012,dem,electricity
LV,h1747,9.7072131647485,scr2012,dem,electricity
LV,h1748,9.451030061725028,scr2012,dem,electricity
LV,h1749,9.150021200886867,scr2012,dem,electricity
LV,h1750,9.028717134676716,scr2012,dem,electricity
LV,h1751,8.987097258598627,scr2012,dem,electricity
LV,h1752,8.970667297761127,scr2012,dem,electricity
LV,h1753,8.968402124045536,scr2012,dem,electricity
LV,h1754,9.006685971563032,scr2012,dem,electricity
LV,h1755,8.976168965331096,scr2012,dem,electricity
LV,h1756,8.912722883363621,scr2012,dem,electricity
LV,h1757,8.914908055039522,scr2012,dem,electricity
LV,h1758,9.073228857276629,scr2012,dem,electricity
LV,h1759,9.331368531005758,scr2012,dem,electricity
LV,h1760,9.559778745370771,scr2012,dem,electricity
LV,h1761,9.59599160110141,scr2012,dem,electricity
LV,h1762,9.418554033597417,scr2012,dem,electricity
LV,h1763,9.092804749457752,scr2012,dem,electricity
LV,h1764,8.717235867434422,scr2012,dem,electricity
LV,h1765,8.352238460498583,scr2012,dem,electricity
LV,h1766,8.020768934564266,scr2012,dem,electricity
LV,h1767,7.783936455264683,scr2012,dem,electricity
LV,h1768,7.751717164517772,scr2012,dem,electricity
LV,h1769,7.994191380847543,scr2012,dem,electricity
LV,h1770,8.307368264100488,scr2012,dem,electricity
LV,h1771,8.38117676856192,scr2012,dem,electricity
LV,h1772,8.152828190441376,scr2012,dem,electricity
LV,h1773,7.880022894728459,scr2012,dem,electricity
LV,h1774,7.756636272910374,scr2012,dem,electricity
LV,h1775,7.700265488993541,scr2012,dem,electricity
LV,h1776,7.667523505402247,scr2012,dem,electricity
LV,h1777,7.6503769964776,scr2012,dem,electricity
LV,h1778,7.671636728282284,scr2012,dem,electricity
LV,h1779,7.64017757651916,scr2012,dem,electricity
LV,h1780,7.5832495301507405,scr2012,dem,electricity
LV,h1781,7.5841533298642405,scr2012,dem,electricity
LV,h1782,7.7232521618370855,scr2012,dem,electricity
LV,h1783,7.952692320517275,scr2012,dem,electricity
LV,h1784,8.160864290775045,scr2012,dem,electricity
LV,h1785,8.203732536674952,scr2012,dem,electricity
LV,h1786,8.062513905454455,scr2012,dem,electricity
LV,h1787,7.788948408699163,scr2012,dem,electricity
LV,h1788,7.470342363264612,scr2012,dem,electricity
LV,h1789,7.161820853685069,scr2012,dem,electricity
LV,h1790,6.8852453015165676,scr2012,dem,electricity
LV,h1791,6.68719944837376,scr2012,dem,electricity
LV,h1792,6.66313848167829,scr2012,dem,electricity
LV,h1793,6.871081024595868,scr2012,dem,electricity
LV,h1794,7.1406238312535315,scr2012,dem,electricity
LV,h1795,7.2030159431378795,scr2012,dem,electricity
LV,h1796,7.011173590227372,scr2012,dem,electricity
LV,h1797,6.782382257022466,scr2012,dem,electricity
LV,h1798,6.681358815918223,scr2012,dem,electricity
LV,h1799,6.635791711610938,scr2012,dem,electricity
LV,h1800,6.607772433736675,scr2012,dem,electricity
LV,h1801,6.593343321452761,scr2012,dem,electricity
LV,h1802,6.6129724231969345,scr2012,dem,electricity
LV,h1803,6.588690121207387,scr2012,dem,electricity
LV,h1804,6.543706339802278,scr2012,dem,electricity
LV,h1805,6.53999706612249,scr2012,dem,electricity
LV,h1806,6.637225122932527,scr2012,dem,electricity
LV,h1807,6.806075045029317,scr2012,dem,electricity
LV,h1808,6.969292040493396,scr2012,dem,electricity
LV,h1809,7.020067201760756,scr2012,dem,electricity
LV,h1810,6.922579243922507,scr2012,dem,electricity
LV,h1811,6.721319048276734,scr2012,dem,electricity
LV,h1812,6.469938834267732,scr2012,dem,electricity
LV,h1813,6.219867610853008,scr2012,dem,electricity
LV,h1814,5.98935128268677,scr2012,dem,electricity
LV,h1815,5.829405674544233,scr2012,dem,electricity
LV,h1816,5.837197273544333,scr2012,dem,electricity
LV,h1817,6.0464642720055375,scr2012,dem,electricity
LV,h1818,6.320317712537667,scr2012,dem,electricity
LV,h1819,6.407640308121242,scr2012,dem,electricity
LV,h1820,6.270508734724362,scr2012,dem,electricity
LV,h1821,6.092354730430736,scr2012,dem,electricity
LV,h1822,6.027303428240233,scr2012,dem,electricity
LV,h1823,6.0107275739502,scr2012,dem,electricity
LV,h1824,6.008435914375896,scr2012,dem,electricity
LV,h1825,6.014537552207656,scr2012,dem,electricity
LV,h1826,6.051753295345855,scr2012,dem,electricity
LV,h1827,6.05109835326477,scr2012,dem,electricity
LV,h1828,6.031328253091511,scr2012,dem,electricity
LV,h1829,6.046324825745385,scr2012,dem,electricity
LV,h1830,6.151361355604448,scr2012,dem,electricity
LV,h1831,6.319023518477648,scr2012,dem,electricity
LV,h1832,6.4833579459380255,scr2012,dem,electricity
LV,h1833,6.55065313997882,scr2012,dem,electricity
LV,h1834,6.4855460603969375,scr2012,dem,electricity
LV,h1835,6.322619200973826,scr2012,dem,electricity
LV,h1836,6.108841011137842,scr2012,dem,electricity
LV,h1837,5.890497508245766,scr2012,dem,electricity
LV,h1838,5.687255669581092,scr2012,dem,electricity
LV,h1839,5.548990220484095,scr2012,dem,electricity
LV,h1840,5.568141579529641,scr2012,dem,electricity
LV,h1841,5.784052668682392,scr2012,dem,electricity
LV,h1842,6.061491197890507,scr2012,dem,electricity
LV,h1843,6.165890803320191,scr2012,dem,electricity
LV,h1844,6.055978291556112,scr2012,dem,electricity
LV,h1845,5.902780608298189,scr2012,dem,electricity
LV,h1846,5.846022934188093,scr2012,dem,electricity
LV,h1847,5.82578800327895,scr2012,dem,electricity
LV,h1848,5.819953819068859,scr2012,dem,electricity
LV,h1849,5.827131008968687,scr2012,dem,electricity
LV,h1850,5.870648256458778,scr2012,dem,electricity
LV,h1851,5.878968369276185,scr2012,dem,electricity
LV,h1852,5.872091043040261,scr2012,dem,electricity
LV,h1853,5.911295187019381,scr2012,dem,electricity
LV,h1854,6.0706770483894745,scr2012,dem,electricity
LV,h1855,6.310809180713934,scr2012,dem,electricity
LV,h1856,6.544446733111028,scr2012,dem,electricity
LV,h1857,6.645629436329123,scr2012,dem,electricity
LV,h1858,6.589475106772123,scr2012,dem,electricity
LV,h1859,6.419773430879071,scr2012,dem,electricity
LV,h1860,6.20225875184556,scr2012,dem,electricity
LV,h1861,5.9921507761832595,scr2012,dem,electricity
LV,h1862,5.803146653236076,scr2012,dem,electricity
LV,h1863,5.6807442495487255,scr2012,dem,electricity
LV,h1864,5.69984973794978,scr2012,dem,electricity
LV,h1865,5.911806791670734,scr2012,dem,electricity
LV,h1866,6.17851672905204,scr2012,dem,electricity
LV,h1867,6.277564041534667,scr2012,dem,electricity
LV,h1868,6.162192211377849,scr2012,dem,electricity
LV,h1869,6.008456132600559,scr2012,dem,electricity
LV,h1870,5.952451269385699,scr2012,dem,electricity
LV,h1871,5.938059997690855,scr2012,dem,electricity
LV,h1872,5.941911204652473,scr2012,dem,electricity
LV,h1873,5.965704533618019,scr2012,dem,electricity
LV,h1874,6.025318543651207,scr2012,dem,electricity
LV,h1875,6.047259894212127,scr2012,dem,electricity
LV,h1876,6.050077754679747,scr2012,dem,electricity
LV,h1877,6.099697762736109,scr2012,dem,electricity
LV,h1878,6.264484931854833,scr2012,dem,electricity
LV,h1879,6.506254262824096,scr2012,dem,electricity
LV,h1880,6.737994907549642,scr2012,dem,electricity
LV,h1881,6.832368331453584,scr2012,dem,electricity
LV,h1882,6.7668768237128,scr2012,dem,electricity
LV,h1883,6.58240203301601,scr2012,dem,electricity
LV,h1884,6.354676481273482,scr2012,dem,electricity
LV,h1885,6.130992245124433,scr2012,dem,electricity
LV,h1886,5.929119786489849,scr2012,dem,electricity
LV,h1887,5.790038348737461,scr2012,dem,electricity
LV,h1888,5.794418168828598,scr2012,dem,electricity
LV,h1889,5.993750284633858,scr2012,dem,electricity
LV,h1890,6.246067087238846,scr2012,dem,electricity
LV,h1891,6.328123128307286,scr2012,dem,electricity
LV,h1892,6.189549376468152,scr2012,dem,electricity
LV,h1893,6.012483558009626,scr2012,dem,electricity
LV,h1894,5.931621137697525,scr2012,dem,electricity
LV,h1895,5.891916265660804,scr2012,dem,electricity
LV,h1896,5.86899889229897,scr2012,dem,electricity
LV,h1897,5.864745600888597,scr2012,dem,electricity
LV,h1898,5.896869526329826,scr2012,dem,electricity
LV,h1899,5.893451238374476,scr2012,dem,electricity
LV,h1900,5.873169628526063,scr2012,dem,electricity
LV,h1901,5.899506734831257,scr2012,dem,electricity
LV,h1902,6.038765057673895,scr2012,dem,electricity
LV,h1903,6.257364265233639,scr2012,dem,electricity
LV,h1904,6.469058347583446,scr2012,dem,electricity
LV,h1905,6.551674258114316,scr2012,dem,electricity
LV,h1906,6.481032122133704,scr2012,dem,electricity
LV,h1907,6.301399779845665,scr2012,dem,electricity
LV,h1908,6.083650338644128,scr2012,dem,electricity
LV,h1909,5.875530513239607,scr2012,dem,electricity
LV,h1910,5.689534478235274,scr2012,dem,electricity
LV,h1911,5.567925215287159,scr2012,dem,electricity
LV,h1912,5.585596334673186,scr2012,dem,electricity
LV,h1913,5.794129353106504,scr2012,dem,electricity
LV,h1914,6.0556062117049025,scr2012,dem,electricity
LV,h1915,6.15621311428633,scr2012,dem,electricity
LV,h1916,6.046456378685288,scr2012,dem,electricity
LV,h1917,5.902497436742531,scr2012,dem,electricity
LV,h1918,5.851874823486399,scr2012,dem,electricity
LV,h1919,5.842469355463404,scr2012,dem,electricity
LV,h1920,5.850467710133128,scr2012,dem,electricity
LV,h1921,5.878463395486485,scr2012,dem,electricity
LV,h1922,5.942740974872533,scr2012,dem,electricity
LV,h1923,5.971845067063333,scr2012,dem,electricity
LV,h1924,5.9845861416079815,scr2012,dem,electricity
LV,h1925,6.043507064456691,scr2012,dem,electricity
LV,h1926,6.217893361734609,scr2012,dem,electricity
LV,h1927,6.472030712939348,scr2012,dem,electricity
LV,h1928,6.7183021357814,scr2012,dem,electricity
LV,h1929,6.82746184598363,scr2012,dem,electricity
LV,h1930,6.774948017987938,scr2012,dem,electricity
LV,h1931,6.6037548469588145,scr2012,dem,electricity
LV,h1932,6.388713759417658,scr2012,dem,electricity
LV,h1933,6.178077963602507,scr2012,dem,electricity
LV,h1934,5.988722428597689,scr2012,dem,electricity
LV,h1935,5.862552161493713,scr2012,dem,electricity
LV,h1936,5.880033002391806,scr2012,dem,electricity
LV,h1937,6.094479619768887,scr2012,dem,electricity
LV,h1938,6.361820482284899,scr2012,dem,electricity
LV,h1939,6.458450064079537,scr2012,dem,electricity
LV,h1940,6.330767265369996,scr2012,dem,electricity
LV,h1941,6.165080435038226,scr2012,dem,electricity
LV,h1942,6.096548434854096,scr2012,dem,electricity
LV,h1943,6.071446736993102,scr2012,dem,electricity
LV,h1944,6.063672865784516,scr2012,dem,electricity
LV,h1945,6.072994148859872,scr2012,dem,electricity
LV,h1946,6.117070244907004,scr2012,dem,electricity
LV,h1947,6.124038963401867,scr2012,dem,electricity
LV,h1948,6.112346712186895,scr2012,dem,electricity
LV,h1949,6.148610641551132,scr2012,dem,electricity
LV,h1950,6.2997335388428874,scr2012,dem,electricity
LV,h1951,6.532387477310093,scr2012,dem,electricity
LV,h1952,6.752885145966039,scr2012,dem,electricity
LV,h1953,6.837734814044428,scr2012,dem,electricity
LV,h1954,6.762975773988866,scr2012,dem,electricity
LV,h1955,6.5715341953474224,scr2012,dem,electricity
LV,h1956,6.338919388842721,scr2012,dem,electricity
LV,h1957,6.1133074764245166,scr2012,dem,electricity
LV,h1958,5.912630139159042,scr2012,dem,electricity
LV,h1959,5.774768658294324,scr2012,dem,electricity
LV,h1960,5.780932789569462,scr2012,dem,electricity
LV,h1961,5.984226851830854,scr2012,dem,electricity
LV,h1962,6.238821629790004,scr2012,dem,electricity
LV,h1963,6.323124459161924,scr2012,dem,electricity
LV,h1964,6.189543794453261,scr2012,dem,electricity
LV,h1965,6.02602936673937,scr2012,dem,electricity
LV,h1966,5.963116737480835,scr2012,dem,electricity
LV,h1967,5.944687105958626,scr2012,dem,electricity
LV,h1968,5.940437047039272,scr2012,dem,electricity
LV,h1969,5.949963879915391,scr2012,dem,electricity
LV,h1970,5.991811668783779,scr2012,dem,electricity
LV,h1971,5.995100169352319,scr2012,dem,electricity
LV,h1972,5.979893255154451,scr2012,dem,electricity
LV,h1973,5.998544385502858,scr2012,dem,electricity
LV,h1974,6.110306920667639,scr2012,dem,electricity
LV,h1975,6.2893433518010236,scr2012,dem,electricity
LV,h1976,6.4677445105278055,scr2012,dem,electricity
LV,h1977,6.539851752526093,scr2012,dem,electricity
LV,h1978,6.471153793483418,scr2012,dem,electricity
LV,h1979,6.300209189649555,scr2012,dem,electricity
LV,h1980,6.080265540133701,scr2012,dem,electricity
LV,h1981,5.858840183836928,scr2012,dem,electricity
LV,h1982,5.651726564074915,scr2012,dem,electricity
LV,h1983,5.50730906140597,scr2012,dem,electricity
LV,h1984,5.516646859024327,scr2012,dem,electricity
LV,h1985,5.713270395442677,scr2012,dem,electricity
LV,h1986,5.963357570729375,scr2012,dem,electricity
LV,h1987,6.042268227868461,scr2012,dem,electricity
LV,h1988,5.911349259908553,scr2012,dem,electricity
LV,h1989,5.747290508375707,scr2012,dem,electricity
LV,h1990,5.680888594227631,scr2012,dem,electricity
LV,h1991,5.65719871820606,scr2012,dem,electricity
LV,h1992,5.642030951755254,scr2012,dem,electricity
LV,h1993,5.6347636034586905,scr2012,dem,electricity
LV,h1994,5.657350982482396,scr2012,dem,electricity
LV,h1995,5.645967932767398,scr2012,dem,electricity
LV,h1996,5.6163722368615705,scr2012,dem,electricity
LV,h1997,5.6228339622540116,scr2012,dem,electricity
LV,h1998,5.707340814395502,scr2012,dem,electricity
LV,h1999,5.851779926037191,scr2012,dem,electricity
LV,h2000,5.989575969033983,scr2012,dem,electricity
LV,h2001,6.042046104347504,scr2012,dem,electricity
LV,h2002,5.970650409465916,scr2012,dem,electricity
LV,h2003,5.809413972026524,scr2012,dem,electricity
LV,h2004,5.598977635726599,scr2012,dem,electricity
LV,h2005,5.3846770530873895,scr2012,dem,electricity
LV,h2006,5.18270047569983,scr2012,dem,electricity
LV,h2007,5.041647128323462,scr2012,dem,electricity
LV,h2008,5.0420377412710256,scr2012,dem,electricity
LV,h2009,5.213891278159931,scr2012,dem,electricity
LV,h2010,5.428878017314316,scr2012,dem,electricity
LV,h2011,5.489930406876912,scr2012,dem,electricity
LV,h2012,5.394168618856693,scr2012,dem,electricity
LV,h2013,5.26871143809045,scr2012,dem,electricity
LV,h2014,5.2245325311315325,scr2012,dem,electricity
LV,h2015,5.178650307317677,scr2012,dem,electricity
LV,h2016,5.144234669208104,scr2012,dem,electricity
LV,h2017,5.122099529968054,scr2012,dem,electricity
LV,h2018,5.135590451141038,scr2012,dem,electricity
LV,h2019,5.123299744220719,scr2012,dem,electricity
LV,h2020,5.100578040886419,scr2012,dem,electricity
LV,h2021,5.12321984422675,scr2012,dem,electricity
LV,h2022,5.250978325639178,scr2012,dem,electricity
LV,h2023,5.453129904403338,scr2012,dem,electricity
LV,h2024,5.648538408819612,scr2012,dem,electricity
LV,h2025,5.728578801709938,scr2012,dem,electricity
LV,h2026,5.669890441229998,scr2012,dem,electricity
LV,h2027,5.509987094774271,scr2012,dem,electricity
LV,h2028,5.307884513635787,scr2012,dem,electricity
LV,h2029,5.11266476121673,scr2012,dem,electricity
LV,h2030,4.936726539144181,scr2012,dem,electricity
LV,h2031,4.816586431771505,scr2012,dem,electricity
LV,h2032,4.808200099992807,scr2012,dem,electricity
LV,h2033,4.951820020586153,scr2012,dem,electricity
LV,h2034,5.130377754841406,scr2012,dem,electricity
LV,h2035,5.1772485428881545,scr2012,dem,electricity
LV,h2036,5.080823732711892,scr2012,dem,electricity
LV,h2037,4.961120723070839,scr2012,dem,electricity
LV,h2038,4.91290260397844,scr2012,dem,electricity
LV,h2039,4.865897600808591,scr2012,dem,electricity
LV,h2040,4.831063648331918,scr2012,dem,electricity
LV,h2041,4.816916167552249,scr2012,dem,electricity
LV,h2042,4.83739804663163,scr2012,dem,electricity
LV,h2043,4.836942089321648,scr2012,dem,electricity
LV,h2044,4.8269072266763375,scr2012,dem,electricity
LV,h2045,4.8619829240694745,scr2012,dem,electricity
LV,h2046,4.991184177818518,scr2012,dem,electricity
LV,h2047,5.189809898103541,scr2012,dem,electricity
LV,h2048,5.384107400150796,scr2012,dem,electricity
LV,h2049,5.470561725517923,scr2012,dem,electricity
LV,h2050,5.425527174240866,scr2012,dem,electricity
LV,h2051,5.280892764766048,scr2012,dem,electricity
LV,h2052,5.099219441472058,scr2012,dem,electricity
LV,h2053,4.922299993344316,scr2012,dem,electricity
LV,h2054,4.766367227309936,scr2012,dem,electricity
LV,h2055,4.661972984508006,scr2012,dem,electricity
LV,h2056,4.669426059555934,scr2012,dem,electricity
LV,h2057,4.823859723126545,scr2012,dem,electricity
LV,h2058,5.012841123079162,scr2012,dem,electricity
LV,h2059,5.072310827738946,scr2012,dem,electricity
LV,h2060,4.993147815529492,scr2012,dem,electricity
LV,h2061,4.890401007139657,scr2012,dem,electricity
LV,h2062,4.8556079899151765,scr2012,dem,electricity
LV,h2063,4.819072897479528,scr2012,dem,electricity
LV,h2064,4.79519099723505,scr2012,dem,electricity
LV,h2065,4.790932146139394,scr2012,dem,electricity
LV,h2066,4.821562115878138,scr2012,dem,electricity
LV,h2067,4.831711685227728,scr2012,dem,electricity
LV,h2068,4.832366211734751,scr2012,dem,electricity
LV,h2069,4.877835521435629,scr2012,dem,electricity
LV,h2070,5.017664795411027,scr2012,dem,electricity
LV,h2071,5.229854138444761,scr2012,dem,electricity
LV,h2072,5.43692972621272,scr2012,dem,electricity
LV,h2073,5.53507019297475,scr2012,dem,electricity
LV,h2074,5.497220234100805,scr2012,dem,electricity
LV,h2075,5.36039346094343,scr2012,dem,electricity
LV,h2076,5.184429803009668,scr2012,dem,electricity
LV,h2077,5.013388903428794,scr2012,dem,electricity
LV,h2078,4.859476511063268,scr2012,dem,electricity
LV,h2079,4.75878278695789,scr2012,dem,electricity
LV,h2080,4.771132001679813,scr2012,dem,electricity
LV,h2081,4.934477036102938,scr2012,dem,electricity
LV,h2082,5.129672903829593,scr2012,dem,electricity
LV,h2083,5.192556752888315,scr2012,dem,electricity
LV,h2084,5.113642255377284,scr2012,dem,electricity
LV,h2085,5.014649028917271,scr2012,dem,electricity
LV,h2086,4.9850245777300906,scr2012,dem,electricity
LV,h2087,4.955050656737959,scr2012,dem,electricity
LV,h2088,4.936358716229679,scr2012,dem,electricity
LV,h2089,4.936878599931547,scr2012,dem,electricity
LV,h2090,4.971802959285668,scr2012,dem,electricity
LV,h2091,4.985055269798969,scr2012,dem,electricity
LV,h2092,4.9891400527160155,scr2012,dem,electricity
LV,h2093,5.038540592230122,scr2012,dem,electricity
LV,h2094,5.185771271057331,scr2012,dem,electricity
LV,h2095,5.406167086087132,scr2012,dem,electricity
LV,h2096,5.621624639798472,scr2012,dem,electricity
LV,h2097,5.723635501539472,scr2012,dem,electricity
LV,h2098,5.687045142235434,scr2012,dem,electricity
LV,h2099,5.547362305710482,scr2012,dem,electricity
LV,h2100,5.368082900177036,scr2012,dem,electricity
LV,h2101,5.192950498404061,scr2012,dem,electricity
LV,h2102,5.0376535867245416,scr2012,dem,electricity
LV,h2103,4.936922714031203,scr2012,dem,electricity
LV,h2104,4.953427439523094,scr2012,dem,electricity
LV,h2105,5.126947133575167,scr2012,dem,electricity
LV,h2106,5.3348057746635655,scr2012,dem,electricity
LV,h2107,5.405174360377169,scr2012,dem,electricity
LV,h2108,5.325861970742163,scr2012,dem,electricity
LV,h2109,5.225282384148589,scr2012,dem,electricity
LV,h2110,5.200138122173757,scr2012,dem,electricity
LV,h2111,5.177858425793081,scr2012,dem,electricity
LV,h2112,5.168933344873119,scr2012,dem,electricity
LV,h2113,5.178660978401729,scr2012,dem,electricity
LV,h2114,5.223594839618477,scr2012,dem,electricity
LV,h2115,5.244875535543296,scr2012,dem,electricity
LV,h2116,5.254551459730956,scr2012,dem,electricity
LV,h2117,5.315188135623158,scr2012,dem,electricity
LV,h2118,5.473337960951194,scr2012,dem,electricity
LV,h2119,5.709885427579933,scr2012,dem,electricity
LV,h2120,5.9339221745998145,scr2012,dem,electricity
LV,h2121,6.043268342500399,scr2012,dem,electricity
LV,h2122,6.007039818063676,scr2012,dem,electricity
LV,h2123,5.865109022834672,scr2012,dem,electricity
LV,h2124,5.682353691279559,scr2012,dem,electricity
LV,h2125,5.503821580637704,scr2012,dem,electricity
LV,h2126,5.344187882790213,scr2012,dem,electricity
LV,h2127,5.240824247514483,scr2012,dem,electricity
LV,h2128,5.264064626396436,scr2012,dem,electricity
LV,h2129,5.46152454543259,scr2012,dem,electricity
LV,h2130,5.694783280568432,scr2012,dem,electricity
LV,h2131,5.7733132023547675,scr2012,dem,electricity
LV,h2132,5.683451508285359,scr2012,dem,electricity
LV,h2133,5.576344853937205,scr2012,dem,electricity
LV,h2134,5.559038155192713,scr2012,dem,electricity
LV,h2135,5.55175715990829,scr2012,dem,electricity
LV,h2136,5.554820992489565,scr2012,dem,electricity
LV,h2137,5.569962888328144,scr2012,dem,electricity
LV,h2138,5.6168660195738305,scr2012,dem,electricity
LV,h2139,5.630426857402663,scr2012,dem,electricity
LV,h2140,5.628062759966355,scr2012,dem,electricity
LV,h2141,5.6616329106829655,scr2012,dem,electricity
LV,h2142,5.777952784083491,scr2012,dem,electricity
LV,h2143,5.959933600513407,scr2012,dem,electricity
LV,h2144,6.1370256302774155,scr2012,dem,electricity
LV,h2145,6.214802688234169,scr2012,dem,electricity
LV,h2146,6.1552675495599845,scr2012,dem,electricity
LV,h2147,5.995209562690715,scr2012,dem,electricity
LV,h2148,5.783865071482554,scr2012,dem,electricity
LV,h2149,5.567071020628393,scr2012,dem,electricity
LV,h2150,5.3598230785733225,scr2012,dem,electricity
LV,h2151,5.211648189809937,scr2012,dem,electricity
LV,h2152,5.20329384365705,scr2012,dem,electricity
LV,h2153,5.365277528460382,scr2012,dem,electricity
LV,h2154,5.563339279927612,scr2012,dem,electricity
LV,h2155,5.600124091846839,scr2012,dem,electricity
LV,h2156,5.470999650682678,scr2012,dem,electricity
LV,h2157,5.322107291828348,scr2012,dem,electricity
LV,h2158,5.2614458615381645,scr2012,dem,electricity
LV,h2159,5.209119697619145,scr2012,dem,electricity
LV,h2160,5.158059051565005,scr2012,dem,electricity
ME,h1441,0.9229264495574693,scr2012,dem,electricity
ME,h1442,0.8979839121182889,scr2012,dem,electricity
ME,h1443,0.8793833501141173,scr2012,dem,electricity
ME,h1444,0.8701124318549425,scr2012,dem,electricity
ME,h1445,0.8701445476325577,scr2012,dem,electricity
ME,h1446,0.8893038868700801,scr2012,dem,electricity
ME,h1447,0.9276610294860258,scr2012,dem,electricity
ME,h1448,0.9730585657232829,scr2012,dem,electricity
ME,h1449,1.0064381222221856,scr2012,dem,electricity
ME,h1450,1.0143553927646536,scr2012,dem,electricity
ME,h1451,1.0009539532695322,scr2012,dem,electricity
ME,h1452,0.9795423255576623,scr2012,dem,electricity
ME,h1453,0.955306315366478,scr2012,dem,electricity
ME,h1454,0.9303508092132227,scr2012,dem,electricity
ME,h1455,0.9070146442662033,scr2012,dem,electricity
ME,h1456,0.8995661319813139,scr2012,dem,electricity
ME,h1457,0.9198978596878334,scr2012,dem,electricity
ME,h1458,0.9533776525435698,scr2012,dem,electricity
ME,h1459,0.9852783610104706,scr2012,dem,electricity
ME,h1460,0.9953440934304383,scr2012,dem,electricity
ME,h1461,0.9942652879589562,scr2012,dem,electricity
ME,h1462,0.9898461834969409,scr2012,dem,electricity
ME,h1463,0.9784535693112671,scr2012,dem,electricity
ME,h1464,0.9610921417650178,scr2012,dem,electricity
ME,h1465,0.9345722939800962,scr2012,dem,electricity
ME,h1466,0.9147494763751097,scr2012,dem,electricity
ME,h1467,0.8991180424934697,scr2012,dem,electricity
ME,h1468,0.8913421381532807,scr2012,dem,electricity
ME,h1469,0.8934580809189131,scr2012,dem,electricity
ME,h1470,0.9119351209215446,scr2012,dem,electricity
ME,h1471,0.9412048151555026,scr2012,dem,electricity
ME,h1472,0.9731846252568552,scr2012,dem,electricity
ME,h1473,1.000332655976191,scr2012,dem,electricity
ME,h1474,1.0149284814170425,scr2012,dem,electricity
ME,h1475,1.015661342079779,scr2012,dem,electricity
ME,h1476,1.003285892648536,scr2012,dem,electricity
ME,h1477,0.9842954502166366,scr2012,dem,electricity
ME,h1478,0.9615868872478766,scr2012,dem,electricity
ME,h1479,0.9414474511490822,scr2012,dem,electricity
ME,h1480,0.939414784887616,scr2012,dem,electricity
ME,h1481,0.9683370718392451,scr2012,dem,electricity
ME,h1482,1.0114265894325198,scr2012,dem,electricity
ME,h1483,1.0507416981155726,scr2012,dem,electricity
ME,h1484,1.0648246742832197,scr2012,dem,electricity
ME,h1485,1.0694184344494853,scr2012,dem,electricity
ME,h1486,1.072110459428667,scr2012,dem,electricity
ME,h1487,1.0693529741117762,scr2012,dem,electricity
ME,h1488,1.0602255673731997,scr2012,dem,electricity
ME,h1489,1.0426537068436792,scr2012,dem,electricity
ME,h1490,1.0318426437336428,scr2012,dem,electricity
ME,h1491,1.0221677816824848,scr2012,dem,electricity
ME,h1492,1.0185399874606886,scr2012,dem,electricity
ME,h1493,1.0243195596034431,scr2012,dem,electricity
ME,h1494,1.0483396773015268,scr2012,dem,electricity
ME,h1495,1.080060741700367,scr2012,dem,electricity
ME,h1496,1.1095267957840398,scr2012,dem,electricity
ME,h1497,1.1295654300104012,scr2012,dem,electricity
ME,h1498,1.1408229252800681,scr2012,dem,electricity
ME,h1499,1.145804506845424,scr2012,dem,electricity
ME,h1500,1.1399795257687368,scr2012,dem,electricity
ME,h1501,1.1215120789506448,scr2012,dem,electricity
ME,h1502,1.0914390792010766,scr2012,dem,electricity
ME,h1503,1.0612000193032896,scr2012,dem,electricity
ME,h1504,1.0534788688791388,scr2012,dem,electricity
ME,h1505,1.0829061871539345,scr2012,dem,electricity
ME,h1506,1.1297681662696601,scr2012,dem,electricity
ME,h1507,1.1696587051269742,scr2012,dem,electricity
ME,h1508,1.1826601630472382,scr2012,dem,electricity
ME,h1509,1.1889837277266795,scr2012,dem,electricity
ME,h1510,1.1987778865904195,scr2012,dem,electricity
ME,h1511,1.2027182605577709,scr2012,dem,electricity
ME,h1512,1.1957516665254504,scr2012,dem,electricity
ME,h1513,1.1778535656094176,scr2012,dem,electricity
ME,h1514,1.1682997776281157,scr2012,dem,electricity
ME,h1515,1.1613571564607728,scr2012,dem,electricity
ME,h1516,1.1595060343150598,scr2012,dem,electricity
ME,h1517,1.167494262961389,scr2012,dem,electricity
ME,h1518,1.1993370559042218,scr2012,dem,electricity
ME,h1519,1.253393146493207,scr2012,dem,electricity
ME,h1520,1.313526238936246,scr2012,dem,electricity
ME,h1521,1.3555264668514722,scr2012,dem,electricity
ME,h1522,1.364483968021929,scr2012,dem,electricity
ME,h1523,1.3451282509065188,scr2012,dem,electricity
ME,h1524,1.3134762361105587,scr2012,dem,electricity
ME,h1525,1.2793011785052293,scr2012,dem,electricity
ME,h1526,1.2460784578366129,scr2012,dem,electricity
ME,h1527,1.2191221240725634,scr2012,dem,electricity
ME,h1528,1.2166333439211379,scr2012,dem,electricity
ME,h1529,1.2536287439892106,scr2012,dem,electricity
ME,h1530,1.30502325229201,scr2012,dem,electricity
ME,h1531,1.3443357685199009,scr2012,dem,electricity
ME,h1532,1.3487193327568732,scr2012,dem,electricity
ME,h1533,1.3427713699028128,scr2012,dem,electricity
ME,h1534,1.340857634159912,scr2012,dem,electricity
ME,h1535,1.3335707008813797,scr2012,dem,electricity
ME,h1536,1.3191506494233134,scr2012,dem,electricity
ME,h1537,1.2939003167344993,scr2012,dem,electricity
ME,h1538,1.2782242535764219,scr2012,dem,electricity
ME,h1539,1.2657490580920998,scr2012,dem,electricity
ME,h1540,1.260795821914104,scr2012,dem,electricity
ME,h1541,1.2677423359902966,scr2012,dem,electricity
ME,h1542,1.299436333372272,scr2012,dem,electricity
ME,h1543,1.3533561972275734,scr2012,dem,electricity
ME,h1544,1.4126191870310216,scr2012,dem,electricity
ME,h1545,1.4507133164057735,scr2012,dem,electricity
ME,h1546,1.454070135593119,scr2012,dem,electricity
ME,h1547,1.4287795197467716,scr2012,dem,electricity
ME,h1548,1.392237292238677,scr2012,dem,electricity
ME,h1549,1.3527939059416394,scr2012,dem,electricity
ME,h1550,1.3138653796344428,scr2012,dem,electricity
ME,h1551,1.281619600565539,scr2012,dem,electricity
ME,h1552,1.275957007614663,scr2012,dem,electricity
ME,h1553,1.31273290107352,scr2012,dem,electricity
ME,h1554,1.3635585456768833,scr2012,dem,electricity
ME,h1555,1.4003929376521012,scr2012,dem,electricity
ME,h1556,1.4002606355130707,scr2012,dem,electricity
ME,h1557,1.390343443416099,scr2012,dem,electricity
ME,h1558,1.385753033026814,scr2012,dem,electricity
ME,h1559,1.3754302598965804,scr2012,dem,electricity
ME,h1560,1.3574556928838146,scr2012,dem,electricity
ME,h1561,1.3284970900297908,scr2012,dem,electricity
ME,h1562,1.3094404402689817,scr2012,dem,electricity
ME,h1563,1.2931029814379318,scr2012,dem,electricity
ME,h1564,1.2839184554431935,scr2012,dem,electricity
ME,h1565,1.2865672122913256,scr2012,dem,electricity
ME,h1566,1.3143650808620244,scr2012,dem,electricity
ME,h1567,1.364058076913189,scr2012,dem,electricity
ME,h1568,1.4192121807441824,scr2012,dem,electricity
ME,h1569,1.4527221251742117,scr2012,dem,electricity
ME,h1570,1.4518175861843237,scr2012,dem,electricity
ME,h1571,1.4225563659543463,scr2012,dem,electricity
ME,h1572,1.3828243742618824,scr2012,dem,electricity
ME,h1573,1.3406422846913357,scr2012,dem,electricity
ME,h1574,1.2991528874714648,scr2012,dem,electricity
ME,h1575,1.264428323959369,scr2012,dem,electricity
ME,h1576,1.2557674821972893,scr2012,dem,electricity
ME,h1577,1.2882873857926171,scr2012,dem,electricity
ME,h1578,1.334270169402661,scr2012,dem,electricity
ME,h1579,1.367112784766214,scr2012,dem,electricity
ME,h1580,1.3648474870008003,scr2012,dem,electricity
ME,h1581,1.3530672528929206,scr2012,dem,electricity
ME,h1582,1.3459752741707456,scr2012,dem,electricity
ME,h1583,1.3325269553624657,scr2012,dem,electricity
ME,h1584,1.3113463917121686,scr2012,dem,electricity
ME,h1585,1.2791453025483748,scr2012,dem,electricity
ME,h1586,1.256340092306377,scr2012,dem,electricity
ME,h1587,1.2369439014981776,scr2012,dem,electricity
ME,h1588,1.2251033675539489,scr2012,dem,electricity
ME,h1589,1.2252538647087428,scr2012,dem,electricity
ME,h1590,1.249622152786043,scr2012,dem,electricity
ME,h1591,1.2956792096861112,scr2012,dem,electricity
ME,h1592,1.3475283250254522,scr2012,dem,electricity
ME,h1593,1.3790666814706332,scr2012,dem,electricity
ME,h1594,1.3774646066761314,scr2012,dem,electricity
ME,h1595,1.348664409153635,scr2012,dem,electricity
ME,h1596,1.3102794626708083,scr2012,dem,electricity
ME,h1597,1.2698977187771392,scr2012,dem,electricity
ME,h1598,1.2304136932094023,scr2012,dem,electricity
ME,h1599,1.1968954755671977,scr2012,dem,electricity
ME,h1600,1.1874497141071507,scr2012,dem,electricity
ME,h1601,1.2163755883663314,scr2012,dem,electricity
ME,h1602,1.2575710385736658,scr2012,dem,electricity
ME,h1603,1.2887139577898743,scr2012,dem,electricity
ME,h1604,1.2882492412209672,scr2012,dem,electricity
ME,h1605,1.2792845119275584,scr2012,dem,electricity
ME,h1606,1.2730420697230207,scr2012,dem,electricity
ME,h1607,1.2592684653852269,scr2012,dem,electricity
ME,h1608,1.2376244460024763,scr2012,dem,electricity
ME,h1609,1.205424081650302,scr2012,dem,electricity
ME,h1610,1.1834185099075352,scr2012,dem,electricity
ME,h1611,1.1647357805710687,scr2012,dem,electricity
ME,h1612,1.1534223765822627,scr2012,dem,electricity
ME,h1613,1.1528365820009476,scr2012,dem,electricity
ME,h1614,1.1755638213164832,scr2012,dem,electricity
ME,h1615,1.219798834900198,scr2012,dem,electricity
ME,h1616,1.270063532868443,scr2012,dem,electricity
ME,h1617,1.30142324779084,scr2012,dem,electricity
ME,h1618,1.300877365287263,scr2012,dem,electricity
ME,h1619,1.2745959950529993,scr2012,dem,electricity
ME,h1620,1.2401122292731892,scr2012,dem,electricity
ME,h1621,1.2031238621464186,scr2012,dem,electricity
ME,h1622,1.1666777929732624,scr2012,dem,electricity
ME,h1623,1.135226562665036,scr2012,dem,electricity
ME,h1624,1.127035219825632,scr2012,dem,electricity
ME,h1625,1.1545151555324291,scr2012,dem,electricity
ME,h1626,1.1940905280135081,scr2012,dem,electricity
ME,h1627,1.2246686737289048,scr2012,dem,electricity
ME,h1628,1.2270430438126911,scr2012,dem,electricity
ME,h1629,1.2205134532130364,scr2012,dem,electricity
ME,h1630,1.2155198649408996,scr2012,dem,electricity
ME,h1631,1.2026083854224607,scr2012,dem,electricity
ME,h1632,1.1836758970289185,scr2012,dem,electricity
ME,h1633,1.1550042599114594,scr2012,dem,electricity
ME,h1634,1.1342695838054537,scr2012,dem,electricity
ME,h1635,1.1154340024723755,scr2012,dem,electricity
ME,h1636,1.103010488596019,scr2012,dem,electricity
ME,h1637,1.101375056845471,scr2012,dem,electricity
ME,h1638,1.1187409369854588,scr2012,dem,electricity
ME,h1639,1.1476727990068074,scr2012,dem,electricity
ME,h1640,1.1797023366713792,scr2012,dem,electricity
ME,h1641,1.202154797138286,scr2012,dem,electricity
ME,h1642,1.2075839519524487,scr2012,dem,electricity
ME,h1643,1.194062876362699,scr2012,dem,electricity
ME,h1644,1.166881701141509,scr2012,dem,electricity
ME,h1645,1.1340512985595779,scr2012,dem,electricity
ME,h1646,1.0991056833001953,scr2012,dem,electricity
ME,h1647,1.0688516034668507,scr2012,dem,electricity
ME,h1648,1.060418496313335,scr2012,dem,electricity
ME,h1649,1.0862674531591483,scr2012,dem,electricity
ME,h1650,1.1249615512389723,scr2012,dem,electricity
ME,h1651,1.1571889003895923,scr2012,dem,electricity
ME,h1652,1.1624876752163378,scr2012,dem,electricity
ME,h1653,1.1596320932145578,scr2012,dem,electricity
ME,h1654,1.1554045472684644,scr2012,dem,electricity
ME,h1655,1.1442225776631691,scr2012,dem,electricity
ME,h1656,1.1259836031607724,scr2012,dem,electricity
ME,h1657,1.0989324769143578,scr2012,dem,electricity
ME,h1658,1.0790478586761238,scr2012,dem,electricity
ME,h1659,1.0601160519502133,scr2012,dem,electricity
ME,h1660,1.0471925506052318,scr2012,dem,electricity
ME,h1661,1.0433867923928863,scr2012,dem,electricity
ME,h1662,1.0576548757373383,scr2012,dem,electricity
ME,h1663,1.078544425276948,scr2012,dem,electricity
ME,h1664,1.0980291078770605,scr2012,dem,electricity
ME,h1665,1.1087464644367047,scr2012,dem,electricity
ME,h1666,1.1120745987252947,scr2012,dem,electricity
ME,h1667,1.1083490334726962,scr2012,dem,electricity
ME,h1668,1.0938204168080545,scr2012,dem,electricity
ME,h1669,1.0673636526077632,scr2012,dem,electricity
ME,h1670,1.0296646497874398,scr2012,dem,electricity
ME,h1671,0.9919697854953602,scr2012,dem,electricity
ME,h1672,0.9749667730273516,scr2012,dem,electricity
ME,h1673,0.9919612982290229,scr2012,dem,electricity
ME,h1674,1.0241673787731522,scr2012,dem,electricity
ME,h1675,1.0520666228652966,scr2012,dem,electricity
ME,h1676,1.0598893744422306,scr2012,dem,electricity
ME,h1677,1.062135689813721,scr2012,dem,electricity
ME,h1678,1.0653221097574257,scr2012,dem,electricity
ME,h1679,1.0589755860261585,scr2012,dem,electricity
ME,h1680,1.041263458864258,scr2012,dem,electricity
ME,h1681,1.012431916166146,scr2012,dem,electricity
ME,h1682,0.9917213051023233,scr2012,dem,electricity
ME,h1683,0.9756425234609412,scr2012,dem,electricity
ME,h1684,0.9657435058211213,scr2012,dem,electricity
ME,h1685,0.9641357468871403,scr2012,dem,electricity
ME,h1686,0.9822868792948103,scr2012,dem,electricity
ME,h1687,1.0192210349414288,scr2012,dem,electricity
ME,h1688,1.0649494532000772,scr2012,dem,electricity
ME,h1689,1.0972519821221445,scr2012,dem,electricity
ME,h1690,1.102506512233384,scr2012,dem,electricity
ME,h1691,1.0808766251026078,scr2012,dem,electricity
ME,h1692,1.0493788656560046,scr2012,dem,electricity
ME,h1693,1.0167797363290842,scr2012,dem,electricity
ME,h1694,0.985472321823496,scr2012,dem,electricity
ME,h1695,0.9575962081213334,scr2012,dem,electricity
ME,h1696,0.9461819339020707,scr2012,dem,electricity
ME,h1697,0.9625750605209119,scr2012,dem,electricity
ME,h1698,0.989495430355429,scr2012,dem,electricity
ME,h1699,1.0150958770847944,scr2012,dem,electricity
ME,h1700,1.0206850236076392,scr2012,dem,electricity
ME,h1701,1.017462157690002,scr2012,dem,electricity
ME,h1702,1.0095151544991077,scr2012,dem,electricity
ME,h1703,0.9898841233914519,scr2012,dem,electricity
ME,h1704,0.9614554423401898,scr2012,dem,electricity
ME,h1705,0.922472865598416,scr2012,dem,electricity
ME,h1706,0.8938840325063746,scr2012,dem,electricity
ME,h1707,0.8724282893329733,scr2012,dem,electricity
ME,h1708,0.8600049124973467,scr2012,dem,electricity
ME,h1709,0.8562201586063408,scr2012,dem,electricity
ME,h1710,0.8694504912811827,scr2012,dem,electricity
ME,h1711,0.9009933961941705,scr2012,dem,electricity
ME,h1712,0.9411822740797896,scr2012,dem,electricity
ME,h1713,0.9700326786329687,scr2012,dem,electricity
ME,h1714,0.9741715228876489,scr2012,dem,electricity
ME,h1715,0.9551815829300094,scr2012,dem,electricity
ME,h1716,0.9289304520486674,scr2012,dem,electricity
ME,h1717,0.9013464580522006,scr2012,dem,electricity
ME,h1718,0.8742069369823054,scr2012,dem,electricity
ME,h1719,0.848660836814048,scr2012,dem,electricity
ME,h1720,0.8366214488916526,scr2012,dem,electricity
ME,h1721,0.8484044191697628,scr2012,dem,electricity
ME,h1722,0.8694310403558404,scr2012,dem,electricity
ME,h1723,0.8921278879110531,scr2012,dem,electricity
ME,h1724,0.9013947831877606,scr2012,dem,electricity
ME,h1725,0.9033267577994664,scr2012,dem,electricity
ME,h1726,0.8992054281688724,scr2012,dem,electricity
ME,h1727,0.879617111901787,scr2012,dem,electricity
ME,h1728,0.85048108716022,scr2012,dem,electricity
ME,h1729,0.8110094149529065,scr2012,dem,electricity
ME,h1730,0.7823837761214499,scr2012,dem,electricity
ME,h1731,0.7618170995903173,scr2012,dem,electricity
ME,h1732,0.7507953176328229,scr2012,dem,electricity
ME,h1733,0.747880842564759,scr2012,dem,electricity
ME,h1734,0.7608294315331717,scr2012,dem,electricity
ME,h1735,0.7911076390689739,scr2012,dem,electricity
ME,h1736,0.8311084351792557,scr2012,dem,electricity
ME,h1737,0.8619396612254708,scr2012,dem,electricity
ME,h1738,0.8707424721538444,scr2012,dem,electricity
ME,h1739,0.8580245732705787,scr2012,dem,electricity
ME,h1740,0.8388453720578568,scr2012,dem,electricity
ME,h1741,0.8180082409233077,scr2012,dem,electricity
ME,h1742,0.7967893431427033,scr2012,dem,electricity
ME,h1743,0.7758901922901879,scr2012,dem,electricity
ME,h1744,0.7661291173237976,scr2012,dem,electricity
ME,h1745,0.7773730273035148,scr2012,dem,electricity
ME,h1746,0.7977424350555032,scr2012,dem,electricity
ME,h1747,0.8222174990830997,scr2012,dem,electricity
ME,h1748,0.8366228905101087,scr2012,dem,electricity
ME,h1749,0.8435364879242524,scr2012,dem,electricity
ME,h1750,0.8430921454910345,scr2012,dem,electricity
ME,h1751,0.8262784820931862,scr2012,dem,electricity
ME,h1752,0.799989104108127,scr2012,dem,electricity
ME,h1753,0.7634462850261492,scr2012,dem,electricity
ME,h1754,0.7370688637584815,scr2012,dem,electricity
ME,h1755,0.7193256697785152,scr2012,dem,electricity
ME,h1756,0.7114630194990709,scr2012,dem,electricity
ME,h1757,0.7120613728270918,scr2012,dem,electricity
ME,h1758,0.728102528448663,scr2012,dem,electricity
ME,h1759,0.7615851133296891,scr2012,dem,electricity
ME,h1760,0.8049484357097,scr2012,dem,electricity
ME,h1761,0.8395414835498367,scr2012,dem,electricity
ME,h1762,0.8519856935283865,scr2012,dem,electricity
ME,h1763,0.8427408399769515,scr2012,dem,electricity
ME,h1764,0.8268819399378944,scr2012,dem,electricity
ME,h1765,0.8092916394126433,scr2012,dem,electricity
ME,h1766,0.7913486778555218,scr2012,dem,electricity
ME,h1767,0.7734801162984503,scr2012,dem,electricity
ME,h1768,0.7667059802371158,scr2012,dem,electricity
ME,h1769,0.7811808479266589,scr2012,dem,electricity
ME,h1770,0.8045555129626173,scr2012,dem,electricity
ME,h1771,0.8321158340128286,scr2012,dem,electricity
ME,h1772,0.8493331656674088,scr2012,dem,electricity
ME,h1773,0.8593445439689131,scr2012,dem,electricity
ME,h1774,0.8620745717926643,scr2012,dem,electricity
ME,h1775,0.8482735810987144,scr2012,dem,electricity
ME,h1776,0.8250680816364756,scr2012,dem,electricity
ME,h1777,0.7914088483400755,scr2012,dem,electricity
ME,h1778,0.7679583146749931,scr2012,dem,electricity
ME,h1779,0.7518217845921638,scr2012,dem,electricity
ME,h1780,0.7455559985943961,scr2012,dem,electricity
ME,h1781,0.7476256165877162,scr2012,dem,electricity
ME,h1782,0.7665986164721748,scr2012,dem,electricity
ME,h1783,0.8038122079787812,scr2012,dem,electricity
ME,h1784,0.849972228924658,scr2012,dem,electricity
ME,h1785,0.8853455288870619,scr2012,dem,electricity
ME,h1786,0.896653770852081,scr2012,dem,electricity
ME,h1787,0.8866500619813342,scr2012,dem,electricity
ME,h1788,0.8706193634218469,scr2012,dem,electricity
ME,h1789,0.8525810843070766,scr2012,dem,electricity
ME,h1790,0.833693059522098,scr2012,dem,electricity
ME,h1791,0.8152543953839714,scr2012,dem,electricity
ME,h1792,0.8097660824519101,scr2012,dem,electricity
ME,h1793,0.8274200971389857,scr2012,dem,electricity
ME,h1794,0.8544229869605517,scr2012,dem,electricity
ME,h1795,0.882017869251387,scr2012,dem,electricity
ME,h1796,0.896711170621223,scr2012,dem,electricity
ME,h1797,0.9037245645641369,scr2012,dem,electricity
ME,h1798,0.9058598375371033,scr2012,dem,electricity
ME,h1799,0.8929167066225007,scr2012,dem,electricity
ME,h1800,0.8724064130866671,scr2012,dem,electricity
ME,h1801,0.842328530645706,scr2012,dem,electricity
ME,h1802,0.8208439040818541,scr2012,dem,electricity
ME,h1803,0.8044462064278022,scr2012,dem,electricity
ME,h1804,0.7958321962958449,scr2012,dem,electricity
ME,h1805,0.7960747070263178,scr2012,dem,electricity
ME,h1806,0.8104653046734895,scr2012,dem,electricity
ME,h1807,0.8334847694487939,scr2012,dem,electricity
ME,h1808,0.8630504688637308,scr2012,dem,electricity
ME,h1809,0.88931727861084,scr2012,dem,electricity
ME,h1810,0.9049630899188608,scr2012,dem,electricity
ME,h1811,0.9035728674371659,scr2012,dem,electricity
ME,h1812,0.8903142080696059,scr2012,dem,electricity
ME,h1813,0.8718564441253454,scr2012,dem,electricity
ME,h1814,0.850395044033863,scr2012,dem,electricity
ME,h1815,0.8298560912385853,scr2012,dem,electricity
ME,h1816,0.8233436420513002,scr2012,dem,electricity
ME,h1817,0.8416311894283677,scr2012,dem,electricity
ME,h1818,0.8706725647347172,scr2012,dem,electricity
ME,h1819,0.9001438578940373,scr2012,dem,electricity
ME,h1820,0.9149447374924286,scr2012,dem,electricity
ME,h1821,0.9225088980118836,scr2012,dem,electricity
ME,h1822,0.9240112555239661,scr2012,dem,electricity
ME,h1823,0.9133522781822216,scr2012,dem,electricity
ME,h1824,0.8943803779610512,scr2012,dem,electricity
ME,h1825,0.8669637916858013,scr2012,dem,electricity
ME,h1826,0.8468611623774877,scr2012,dem,electricity
ME,h1827,0.8306716852058016,scr2012,dem,electricity
ME,h1828,0.8218821805317573,scr2012,dem,electricity
ME,h1829,0.8206456707198383,scr2012,dem,electricity
ME,h1830,0.8340041858674149,scr2012,dem,electricity
ME,h1831,0.8517114862085954,scr2012,dem,electricity
ME,h1832,0.8700391889737132,scr2012,dem,electricity
ME,h1833,0.8842981282940452,scr2012,dem,electricity
ME,h1834,0.8959667109328374,scr2012,dem,electricity
ME,h1835,0.9022862197009638,scr2012,dem,electricity
ME,h1836,0.8990956209233558,scr2012,dem,electricity
ME,h1837,0.8843471977022969,scr2012,dem,electricity
ME,h1838,0.8573799854324043,scr2012,dem,electricity
ME,h1839,0.8277583230567086,scr2012,dem,electricity
ME,h1840,0.8134293243352512,scr2012,dem,electricity
ME,h1841,0.8276642170618049,scr2012,dem,electricity
ME,h1842,0.8560309148835183,scr2012,dem,electricity
ME,h1843,0.8845341428247253,scr2012,dem,electricity
ME,h1844,0.9010693941510685,scr2012,dem,electricity
ME,h1845,0.9126071048419548,scr2012,dem,electricity
ME,h1846,0.922557081419901,scr2012,dem,electricity
ME,h1847,0.9196217204092215,scr2012,dem,electricity
ME,h1848,0.9049462851461777,scr2012,dem,electricity
ME,h1849,0.8796246946887443,scr2012,dem,electricity
ME,h1850,0.8624103025768912,scr2012,dem,electricity
ME,h1851,0.8514633538502906,scr2012,dem,electricity
ME,h1852,0.8474920970969264,scr2012,dem,electricity
ME,h1853,0.8510043409475949,scr2012,dem,electricity
ME,h1854,0.8724462863337537,scr2012,dem,electricity
ME,h1855,0.9110567752472722,scr2012,dem,electricity
ME,h1856,0.9600483619180619,scr2012,dem,electricity
ME,h1857,0.9981204472849095,scr2012,dem,electricity
ME,h1858,1.0124446704047325,scr2012,dem,electricity
ME,h1859,1.0010558010783703,scr2012,dem,electricity
ME,h1860,0.9803345305104721,scr2012,dem,electricity
ME,h1861,0.9579955390637442,scr2012,dem,electricity
ME,h1862,0.9356981639059354,scr2012,dem,electricity
ME,h1863,0.9158474739121455,scr2012,dem,electricity
ME,h1864,0.9107752205420883,scr2012,dem,electricity
ME,h1865,0.9329573505650107,scr2012,dem,electricity
ME,h1866,0.9653144855258858,scr2012,dem,electricity
ME,h1867,0.9959966853199684,scr2012,dem,electricity
ME,h1868,1.0092171424132292,scr2012,dem,electricity
ME,h1869,1.0144195667112055,scr2012,dem,electricity
ME,h1870,1.0162871267951181,scr2012,dem,electricity
ME,h1871,1.004177210451312,scr2012,dem,electricity
ME,h1872,0.9827625963706866,scr2012,dem,electricity
ME,h1873,0.9513930340011819,scr2012,dem,electricity
ME,h1874,0.9305634821525633,scr2012,dem,electricity
ME,h1875,0.9167867453397145,scr2012,dem,electricity
ME,h1876,0.9115206385378518,scr2012,dem,electricity
ME,h1877,0.9153279207231161,scr2012,dem,electricity
ME,h1878,0.9370024090353395,scr2012,dem,electricity
ME,h1879,0.9773956551769243,scr2012,dem,electricity
ME,h1880,1.0265861236565894,scr2012,dem,electricity
ME,h1881,1.0633523088647947,scr2012,dem,electricity
ME,h1882,1.07358226883155,scr2012,dem,electricity
ME,h1883,1.0586416730573276,scr2012,dem,electricity
ME,h1884,1.0351202463852915,scr2012,dem,electricity
ME,h1885,1.009609299861156,scr2012,dem,electricity
ME,h1886,0.9840792449594153,scr2012,dem,electricity
ME,h1887,0.9607327675156552,scr2012,dem,electricity
ME,h1888,0.9539428674915893,scr2012,dem,electricity
ME,h1889,0.9756005958851344,scr2012,dem,electricity
ME,h1890,1.007288050023013,scr2012,dem,electricity
ME,h1891,1.0334064523361317,scr2012,dem,electricity
ME,h1892,1.042947275555725,scr2012,dem,electricity
ME,h1893,1.0450175392895353,scr2012,dem,electricity
ME,h1894,1.0466535512279793,scr2012,dem,electricity
ME,h1895,1.0318480976831608,scr2012,dem,electricity
ME,h1896,1.0078180364948464,scr2012,dem,electricity
ME,h1897,0.973342921135045,scr2012,dem,electricity
ME,h1898,0.9494660964364009,scr2012,dem,electricity
ME,h1899,0.9317925274018838,scr2012,dem,electricity
ME,h1900,0.9228439725042324,scr2012,dem,electricity
ME,h1901,0.923175037433101,scr2012,dem,electricity
ME,h1902,0.9418987068830893,scr2012,dem,electricity
ME,h1903,0.9791142087780609,scr2012,dem,electricity
ME,h1904,1.0252910454089208,scr2012,dem,electricity
ME,h1905,1.058922806361309,scr2012,dem,electricity
ME,h1906,1.0664772560986144,scr2012,dem,electricity
ME,h1907,1.0493637974614785,scr2012,dem,electricity
ME,h1908,1.024212094700968,scr2012,dem,electricity
ME,h1909,0.9975257394839692,scr2012,dem,electricity
ME,h1910,0.971033141535706,scr2012,dem,electricity
ME,h1911,0.9468342629937059,scr2012,dem,electricity
ME,h1912,0.9387246434105604,scr2012,dem,electricity
ME,h1913,0.9582551945946328,scr2012,dem,electricity
ME,h1914,0.9876111091592232,scr2012,dem,electricity
ME,h1915,1.0126963054045293,scr2012,dem,electricity
ME,h1916,1.0225216653133438,scr2012,dem,electricity
ME,h1917,1.0251949279311943,scr2012,dem,electricity
ME,h1918,1.0267118999612603,scr2012,dem,electricity
ME,h1919,1.0117975648725708,scr2012,dem,electricity
ME,h1920,0.9877652962753732,scr2012,dem,electricity
ME,h1921,0.9533025236795819,scr2012,dem,electricity
ME,h1922,0.9285799013430742,scr2012,dem,electricity
ME,h1923,0.9104735558664365,scr2012,dem,electricity
ME,h1924,0.9014621326969201,scr2012,dem,electricity
ME,h1925,0.9023692080227121,scr2012,dem,electricity
ME,h1926,0.9215518693210192,scr2012,dem,electricity
ME,h1927,0.9590571527020166,scr2012,dem,electricity
ME,h1928,1.0055628709200712,scr2012,dem,electricity
ME,h1929,1.0397913645315044,scr2012,dem,electricity
ME,h1930,1.0481763314382115,scr2012,dem,electricity
ME,h1931,1.0320196798781882,scr2012,dem,electricity
ME,h1932,1.00777387858468,scr2012,dem,electricity
ME,h1933,0.9821324952443676,scr2012,dem,electricity
ME,h1934,0.9569767680983787,scr2012,dem,electricity
ME,h1935,0.9339393185399966,scr2012,dem,electricity
ME,h1936,0.9265225327929735,scr2012,dem,electricity
ME,h1937,0.9462966566774204,scr2012,dem,electricity
ME,h1938,0.9758612142114893,scr2012,dem,electricity
ME,h1939,1.0019493913154949,scr2012,dem,electricity
ME,h1940,1.0130891276786116,scr2012,dem,electricity
ME,h1941,1.0172442901057381,scr2012,dem,electricity
ME,h1942,1.019951424154182,scr2012,dem,electricity
ME,h1943,1.0063219920451445,scr2012,dem,electricity
ME,h1944,0.9835479686687684,scr2012,dem,electricity
ME,h1945,0.9500196062783698,scr2012,dem,electricity
ME,h1946,0.9268628366441639,scr2012,dem,electricity
ME,h1947,0.9094258580091473,scr2012,dem,electricity
ME,h1948,0.9015297691275225,scr2012,dem,electricity
ME,h1949,0.9027421058974207,scr2012,dem,electricity
ME,h1950,0.9231669456322535,scr2012,dem,electricity
ME,h1951,0.9618142317130587,scr2012,dem,electricity
ME,h1952,1.0091522016063548,scr2012,dem,electricity
ME,h1953,1.0439680059160277,scr2012,dem,electricity
ME,h1954,1.053173515641863,scr2012,dem,electricity
ME,h1955,1.0388134875250967,scr2012,dem,electricity
ME,h1956,1.0168388609268166,scr2012,dem,electricity
ME,h1957,0.9929246194129737,scr2012,dem,electricity
ME,h1958,0.968743587053098,scr2012,dem,electricity
ME,h1959,0.947013463934012,scr2012,dem,electricity
ME,h1960,0.9423386593945169,scr2012,dem,electricity
ME,h1961,0.9661583036545819,scr2012,dem,electricity
ME,h1962,0.9999688546577097,scr2012,dem,electricity
ME,h1963,1.027824191900421,scr2012,dem,electricity
ME,h1964,1.0381602145818238,scr2012,dem,electricity
ME,h1965,1.041707128002013,scr2012,dem,electricity
ME,h1966,1.045600549216614,scr2012,dem,electricity
ME,h1967,1.0348767585780712,scr2012,dem,electricity
ME,h1968,1.0161403585675126,scr2012,dem,electricity
ME,h1969,0.9878810973872573,scr2012,dem,electricity
ME,h1970,0.9688274126318923,scr2012,dem,electricity
ME,h1971,0.9533180790281162,scr2012,dem,electricity
ME,h1972,0.9447086632929066,scr2012,dem,electricity
ME,h1973,0.94551274595705,scr2012,dem,electricity
ME,h1974,0.9626593678867255,scr2012,dem,electricity
ME,h1975,0.9897585089408016,scr2012,dem,electricity
ME,h1976,1.0227015787131235,scr2012,dem,electricity
ME,h1977,1.048853171284121,scr2012,dem,electricity
ME,h1978,1.0608920851388597,scr2012,dem,electricity
ME,h1979,1.053432666761603,scr2012,dem,electricity
ME,h1980,1.034007381314559,scr2012,dem,electricity
ME,h1981,1.0092817938901688,scr2012,dem,electricity
ME,h1982,0.9818270193236933,scr2012,dem,electricity
ME,h1983,0.9565208827297282,scr2012,dem,electricity
ME,h1984,0.9488715727504369,scr2012,dem,electricity
ME,h1985,0.9706302614370619,scr2012,dem,electricity
ME,h1986,1.0028833954586485,scr2012,dem,electricity
ME,h1987,1.0292094775619356,scr2012,dem,electricity
ME,h1988,1.036973211683792,scr2012,dem,electricity
ME,h1989,1.038515030337349,scr2012,dem,electricity
ME,h1990,1.0384769009992996,scr2012,dem,electricity
ME,h1991,1.0261393768338607,scr2012,dem,electricity
ME,h1992,1.0043694231967666,scr2012,dem,electricity
ME,h1993,0.9736876251276718,scr2012,dem,electricity
ME,h1994,0.9503808331594104,scr2012,dem,electricity
ME,h1995,0.9308214562615714,scr2012,dem,electricity
ME,h1996,0.9178943780419371,scr2012,dem,electricity
ME,h1997,0.912591908650873,scr2012,dem,electricity
ME,h1998,0.9230295671769888,scr2012,dem,electricity
ME,h1999,0.9411057154465106,scr2012,dem,electricity
ME,h2000,0.9573705897559502,scr2012,dem,electricity
ME,h2001,0.9650309675538744,scr2012,dem,electricity
ME,h2002,0.9664095496028957,scr2012,dem,electricity
ME,h2003,0.9635641895620516,scr2012,dem,electricity
ME,h2004,0.954361573838802,scr2012,dem,electricity
ME,h2005,0.9340637999374929,scr2012,dem,electricity
ME,h2006,0.9026723948802831,scr2012,dem,electricity
ME,h2007,0.8676005554994051,scr2012,dem,electricity
ME,h2008,0.8480552042975781,scr2012,dem,electricity
ME,h2009,0.8556845138901275,scr2012,dem,electricity
ME,h2010,0.8736702626876812,scr2012,dem,electricity
ME,h2011,0.8778407670549667,scr2012,dem,electricity
ME,h2012,0.876883759531901,scr2012,dem,electricity
ME,h2013,0.8881246123635907,scr2012,dem,electricity
ME,h2014,0.9068876610391156,scr2012,dem,electricity
ME,h2015,0.9129698565923328,scr2012,dem,electricity
ME,h2016,0.89590093878382,scr2012,dem,electricity
ME,h2017,0.870645752982006,scr2012,dem,electricity
ME,h2018,0.845613994078384,scr2012,dem,electricity
ME,h2019,0.8257459825395453,scr2012,dem,electricity
ME,h2020,0.8145221926746378,scr2012,dem,electricity
ME,h2021,0.8119018940827821,scr2012,dem,electricity
ME,h2022,0.8265058945059951,scr2012,dem,electricity
ME,h2023,0.8599700321927746,scr2012,dem,electricity
ME,h2024,0.9013613008604489,scr2012,dem,electricity
ME,h2025,0.9310915228227863,scr2012,dem,electricity
ME,h2026,0.9379441264672284,scr2012,dem,electricity
ME,h2027,0.9245238255420126,scr2012,dem,electricity
ME,h2028,0.9041579573669087,scr2012,dem,electricity
ME,h2029,0.881233622359674,scr2012,dem,electricity
ME,h2030,0.8573408751240198,scr2012,dem,electricity
ME,h2031,0.8342340008177899,scr2012,dem,electricity
ME,h2032,0.8233781080361321,scr2012,dem,electricity
ME,h2033,0.8341117790648584,scr2012,dem,electricity
ME,h2034,0.8511646579310013,scr2012,dem,electricity
ME,h2035,0.8570147713815335,scr2012,dem,electricity
ME,h2036,0.8589829755524608,scr2012,dem,electricity
ME,h2037,0.8707552494805996,scr2012,dem,electricity
ME,h2038,0.885417683617497,scr2012,dem,electricity
ME,h2039,0.8834383591447589,scr2012,dem,electricity
ME,h2040,0.859222865305869,scr2012,dem,electricity
ME,h2041,0.8276632853346404,scr2012,dem,electricity
ME,h2042,0.7981855102629543,scr2012,dem,electricity
ME,h2043,0.7762654846184933,scr2012,dem,electricity
ME,h2044,0.7653579507684223,scr2012,dem,electricity
ME,h2045,0.7647857460809069,scr2012,dem,electricity
ME,h2046,0.7800370069499954,scr2012,dem,electricity
ME,h2047,0.8144489147651579,scr2012,dem,electricity
ME,h2048,0.8568115581766209,scr2012,dem,electricity
ME,h2049,0.8887688926617017,scr2012,dem,electricity
ME,h2050,0.8969287656143259,scr2012,dem,electricity
ME,h2051,0.8844508927512764,scr2012,dem,electricity
ME,h2052,0.8650163142747598,scr2012,dem,electricity
ME,h2053,0.8433412915078232,scr2012,dem,electricity
ME,h2054,0.8212363078624882,scr2012,dem,electricity
ME,h2055,0.7989971686841765,scr2012,dem,electricity
ME,h2056,0.7877960213426026,scr2012,dem,electricity
ME,h2057,0.7969015415721339,scr2012,dem,electricity
ME,h2058,0.8122603447846427,scr2012,dem,electricity
ME,h2059,0.8154355419553013,scr2012,dem,electricity
ME,h2060,0.8171327983016047,scr2012,dem,electricity
ME,h2061,0.8278537977325586,scr2012,dem,electricity
ME,h2062,0.842297719024338,scr2012,dem,electricity
ME,h2063,0.8383484635774424,scr2012,dem,electricity
ME,h2064,0.812750510038197,scr2012,dem,electricity
ME,h2065,0.7790433274372379,scr2012,dem,electricity
ME,h2066,0.7471303814653524,scr2012,dem,electricity
ME,h2067,0.7225782749034038,scr2012,dem,electricity
ME,h2068,0.7101365429449978,scr2012,dem,electricity
ME,h2069,0.7077995466437946,scr2012,dem,electricity
ME,h2070,0.7208915920463118,scr2012,dem,electricity
ME,h2071,0.752429175124973,scr2012,dem,electricity
ME,h2072,0.7927235143921765,scr2012,dem,electricity
ME,h2073,0.8240444097382725,scr2012,dem,electricity
ME,h2074,0.8335525526054894,scr2012,dem,electricity
ME,h2075,0.8236497568444245,scr2012,dem,electricity
ME,h2076,0.8074747587148291,scr2012,dem,electricity
ME,h2077,0.7891897747241964,scr2012,dem,electricity
ME,h2078,0.770397493049108,scr2012,dem,electricity
ME,h2079,0.7509319594410478,scr2012,dem,electricity
ME,h2080,0.7412045488345543,scr2012,dem,electricity
ME,h2081,0.7500704362117017,scr2012,dem,electricity
ME,h2082,0.7651763541327777,scr2012,dem,electricity
ME,h2083,0.769815352059921,scr2012,dem,electricity
ME,h2084,0.7746965104554159,scr2012,dem,electricity
ME,h2085,0.7889764943604713,scr2012,dem,electricity
ME,h2086,0.8061755318376156,scr2012,dem,electricity
ME,h2087,0.8051511589483017,scr2012,dem,electricity
ME,h2088,0.7823712680708583,scr2012,dem,electricity
ME,h2089,0.7516699285413075,scr2012,dem,electricity
ME,h2090,0.7221197205308999,scr2012,dem,electricity
ME,h2091,0.7003283195616723,scr2012,dem,electricity
ME,h2092,0.6907941814813209,scr2012,dem,electricity
ME,h2093,0.6916437246773395,scr2012,dem,electricity
ME,h2094,0.7078049690614928,scr2012,dem,electricity
ME,h2095,0.7423042439882759,scr2012,dem,electricity
ME,h2096,0.7853537710102129,scr2012,dem,electricity
ME,h2097,0.8192633675979963,scr2012,dem,electricity
ME,h2098,0.8310408120530509,scr2012,dem,electricity
ME,h2099,0.8232325225119571,scr2012,dem,electricity
ME,h2100,0.8088477068550464,scr2012,dem,electricity
ME,h2101,0.7921113850935082,scr2012,dem,electricity
ME,h2102,0.7744654641538808,scr2012,dem,electricity
ME,h2103,0.7557771395188235,scr2012,dem,electricity
ME,h2104,0.7464004219732501,scr2012,dem,electricity
ME,h2105,0.7556790058362023,scr2012,dem,electricity
ME,h2106,0.7707812050212569,scr2012,dem,electricity
ME,h2107,0.776289868451504,scr2012,dem,electricity
ME,h2108,0.7812597311350055,scr2012,dem,electricity
ME,h2109,0.7961155981789466,scr2012,dem,electricity
ME,h2110,0.8131360429892648,scr2012,dem,electricity
ME,h2111,0.8122332700836278,scr2012,dem,electricity
ME,h2112,0.7889276561976744,scr2012,dem,electricity
ME,h2113,0.7569866256501985,scr2012,dem,electricity
ME,h2114,0.7268023646918003,scr2012,dem,electricity
ME,h2115,0.7031835789175582,scr2012,dem,electricity
ME,h2116,0.6917116876823207,scr2012,dem,electricity
ME,h2117,0.6892651580580972,scr2012,dem,electricity
ME,h2118,0.7023068833453943,scr2012,dem,electricity
ME,h2119,0.7324764689828084,scr2012,dem,electricity
ME,h2120,0.7711125639445886,scr2012,dem,electricity
ME,h2121,0.8010735846391188,scr2012,dem,electricity
ME,h2122,0.8101689108191413,scr2012,dem,electricity
ME,h2123,0.8003419394102321,scr2012,dem,electricity
ME,h2124,0.7840358505196596,scr2012,dem,electricity
ME,h2125,0.7647986620342885,scr2012,dem,electricity
ME,h2126,0.7441463310805941,scr2012,dem,electricity
ME,h2127,0.72230715157698,scr2012,dem,electricity
ME,h2128,0.7098945437300576,scr2012,dem,electricity
ME,h2129,0.7144310952776375,scr2012,dem,electricity
ME,h2130,0.7243799715475796,scr2012,dem,electricity
ME,h2131,0.7257725990720818,scr2012,dem,electricity
ME,h2132,0.7267407375656463,scr2012,dem,electricity
ME,h2133,0.738077834959908,scr2012,dem,electricity
ME,h2134,0.7502984269438951,scr2012,dem,electricity
ME,h2135,0.7461401310729062,scr2012,dem,electricity
ME,h2136,0.7208387502280227,scr2012,dem,electricity
ME,h2137,0.6883971954550977,scr2012,dem,electricity
ME,h2138,0.6567521845882809,scr2012,dem,electricity
ME,h2139,0.6306439116158801,scr2012,dem,electricity
ME,h2140,0.6150931617119139,scr2012,dem,electricity
ME,h2141,0.6086396545347303,scr2012,dem,electricity
ME,h2142,0.6133422529146846,scr2012,dem,electricity
ME,h2143,0.627558149384446,scr2012,dem,electricity
ME,h2144,0.6475675040831249,scr2012,dem,electricity
ME,h2145,0.6665377470471545,scr2012,dem,electricity
ME,h2146,0.6778933878165395,scr2012,dem,electricity
ME,h2147,0.6780156720752404,scr2012,dem,electricity
ME,h2148,0.6702583519638763,scr2012,dem,electricity
ME,h2149,0.6572111606133919,scr2012,dem,electricity
ME,h2150,0.6401209615396956,scr2012,dem,electricity
ME,h2151,0.620170184810373,scr2012,dem,electricity
ME,h2152,0.6071811987125237,scr2012,dem,electricity
ME,h2153,0.6081855684850229,scr2012,dem,electricity
ME,h2154,0.6147731272319169,scr2012,dem,electricity
ME,h2155,0.6169181299278277,scr2012,dem,electricity
ME,h2156,0.6227496729801026,scr2012,dem,electricity
ME,h2157,0.6402681239519034,scr2012,dem,electricity
ME,h2158,0.6549010388255095,scr2012,dem,electricity
ME,h2159,0.6536233675642491,scr2012,dem,electricity
ME,h2160,0.6288838227934829,scr2012,dem,electricity
MK,h1441,1.883661751868249,scr2012,dem,electricity
MK,h1442,1.8433171420503163,scr2012,dem,electricity
MK,h1443,1.812823271264663,scr2012,dem,electricity
MK,h1444,1.7985683737723974,scr2012,dem,electricity
MK,h1445,1.8025861260854117,scr2012,dem,electricity
MK,h1446,1.845068468721366,scr2012,dem,electricity
MK,h1447,1.9247672318509057,scr2012,dem,electricity
MK,h1448,2.016354468803986,scr2012,dem,electricity
MK,h1449,2.081313480296568,scr2012,dem,electricity
MK,h1450,2.0946067312791934,scr2012,dem,electricity
MK,h1451,2.0654485544729306,scr2012,dem,electricity
MK,h1452,2.0201408358803,scr2012,dem,electricity
MK,h1453,1.9692680450329418,scr2012,dem,electricity
MK,h1454,1.9174797561306605,scr2012,dem,electricity
MK,h1455,1.8710712730497803,scr2012,dem,electricity
MK,h1456,1.8600206705646434,scr2012,dem,electricity
MK,h1457,1.9082718261716294,scr2012,dem,electricity
MK,h1458,1.982059999914492,scr2012,dem,electricity
MK,h1459,2.0455788397460712,scr2012,dem,electricity
MK,h1460,2.059844340546745,scr2012,dem,electricity
MK,h1461,2.0533709263987276,scr2012,dem,electricity
MK,h1462,2.045981032970955,scr2012,dem,electricity
MK,h1463,2.0282466079903667,scr2012,dem,electricity
MK,h1464,2.0001801444921985,scr2012,dem,electricity
MK,h1465,1.9549479751028884,scr2012,dem,electricity
MK,h1466,1.9223673341444996,scr2012,dem,electricity
MK,h1467,1.8950297481105127,scr2012,dem,electricity
MK,h1468,1.88083934567161,scr2012,dem,electricity
MK,h1469,1.88609313760209,scr2012,dem,electricity
MK,h1470,1.925129474432533,scr2012,dem,electricity
MK,h1471,1.9859590135248988,scr2012,dem,electricity
MK,h1472,2.0502498366213557,scr2012,dem,electricity
MK,h1473,2.1002976046878525,scr2012,dem,electricity
MK,h1474,2.1218088724725797,scr2012,dem,electricity
MK,h1475,2.1143076054756844,scr2012,dem,electricity
MK,h1476,2.081251274040017,scr2012,dem,electricity
MK,h1477,2.03579945233518,scr2012,dem,electricity
MK,h1478,1.984106040720945,scr2012,dem,electricity
MK,h1479,1.9397757555063828,scr2012,dem,electricity
MK,h1480,1.9350478397782345,scr2012,dem,electricity
MK,h1481,1.9953499275193378,scr2012,dem,electricity
MK,h1482,2.082896651062539,scr2012,dem,electricity
MK,h1483,2.1562936852048638,scr2012,dem,electricity
MK,h1484,2.1746038223645656,scr2012,dem,electricity
MK,h1485,2.175416771967881,scr2012,dem,electricity
MK,h1486,2.1778602358432626,scr2012,dem,electricity
MK,h1487,2.172806092226764,scr2012,dem,electricity
MK,h1488,2.1567630756020786,scr2012,dem,electricity
MK,h1489,2.1251079603895797,scr2012,dem,electricity
MK,h1490,2.106474770124122,scr2012,dem,electricity
MK,h1491,2.088100742368838,scr2012,dem,electricity
MK,h1492,2.0801103489729873,scr2012,dem,electricity
MK,h1493,2.0909197251891993,scr2012,dem,electricity
MK,h1494,2.138900655214718,scr2012,dem,electricity
MK,h1495,2.203208456906841,scr2012,dem,electricity
MK,h1496,2.2626435626491954,scr2012,dem,electricity
MK,h1497,2.300803265739047,scr2012,dem,electricity
MK,h1498,2.3188113571023514,scr2012,dem,electricity
MK,h1499,2.322888250884508,scr2012,dem,electricity
MK,h1500,2.3063761913075407,scr2012,dem,electricity
MK,h1501,2.266835316225819,scr2012,dem,electricity
MK,h1502,2.206864296266303,scr2012,dem,electricity
MK,h1503,2.149445759934791,scr2012,dem,electricity
MK,h1504,2.1400336064865435,scr2012,dem,electricity
MK,h1505,2.2077872702116745,scr2012,dem,electricity
MK,h1506,2.3097254598461694,scr2012,dem,electricity
MK,h1507,2.3920222891427283,scr2012,dem,electricity
MK,h1508,2.416098966983501,scr2012,dem,electricity
MK,h1509,2.428167130744191,scr2012,dem,electricity
MK,h1510,2.4526271451084005,scr2012,dem,electricity
MK,h1511,2.4694677237907285,scr2012,dem,electricity
MK,h1512,2.467643617768609,scr2012,dem,electricity
MK,h1513,2.4460320996155125,scr2012,dem,electricity
MK,h1514,2.440746403451408,scr2012,dem,electricity
MK,h1515,2.437872861339565,scr2012,dem,electricity
MK,h1516,2.443254633816437,scr2012,dem,electricity
MK,h1517,2.4689012942427833,scr2012,dem,electricity
MK,h1518,2.544058396799247,scr2012,dem,electricity
MK,h1519,2.6635804988779297,scr2012,dem,electricity
MK,h1520,2.79298771180125,scr2012,dem,electricity
MK,h1521,2.8819150464949934,scr2012,dem,electricity
MK,h1522,2.9021237341863277,scr2012,dem,electricity
MK,h1523,2.8647287718685,scr2012,dem,electricity
MK,h1524,2.8020910417554483,scr2012,dem,electricity
MK,h1525,2.733901894900839,scr2012,dem,electricity
MK,h1526,2.667958663997484,scr2012,dem,electricity
MK,h1527,2.6177952736067533,scr2012,dem,electricity
MK,h1528,2.6240749829685424,scr2012,dem,electricity
MK,h1529,2.718788088697169,scr2012,dem,electricity
MK,h1530,2.8429596914597943,scr2012,dem,electricity
MK,h1531,2.9308642627824324,scr2012,dem,electricity
MK,h1532,2.936897035234001,scr2012,dem,electricity
MK,h1533,2.923551496596663,scr2012,dem,electricity
MK,h1534,2.9281616957975976,scr2012,dem,electricity
MK,h1535,2.928020330075948,scr2012,dem,electricity
MK,h1536,2.916429406371757,scr2012,dem,electricity
MK,h1537,2.884565397655895,scr2012,dem,electricity
MK,h1538,2.871166089644725,scr2012,dem,electricity
MK,h1539,2.858463659684195,scr2012,dem,electricity
MK,h1540,2.856804644577459,scr2012,dem,electricity
MK,h1541,2.879919082663741,scr2012,dem,electricity
MK,h1542,2.957103261075589,scr2012,dem,electricity
MK,h1543,3.079927740333187,scr2012,dem,electricity
MK,h1544,3.20935775961525,scr2012,dem,electricity
MK,h1545,3.287402191080756,scr2012,dem,electricity
MK,h1546,3.2884593749383364,scr2012,dem,electricity
MK,h1547,3.2280674776041005,scr2012,dem,electricity
MK,h1548,3.143089066352604,scr2012,dem,electricity
MK,h1549,3.0517079300250702,scr2012,dem,electricity
MK,h1550,2.9622908145171367,scr2012,dem,electricity
MK,h1551,2.8914639667860196,scr2012,dem,electricity
MK,h1552,2.885510740275654,scr2012,dem,electricity
MK,h1553,2.9787625926370365,scr2012,dem,electricity
MK,h1554,3.1010597552671952,scr2012,dem,electricity
MK,h1555,3.178278234963613,scr2012,dem,electricity
MK,h1556,3.1640127140410588,scr2012,dem,electricity
MK,h1557,3.131315417131052,scr2012,dem,electricity
MK,h1558,3.12209204992021,scr2012,dem,electricity
MK,h1559,3.1089146132744725,scr2012,dem,electricity
MK,h1560,3.0834574390417746,scr2012,dem,electricity
MK,h1561,3.0372219375921925,scr2012,dem,electricity
MK,h1562,3.0102596026590804,scr2012,dem,electricity
MK,h1563,2.9823500904295375,scr2012,dem,electricity
MK,h1564,2.9646305331945233,scr2012,dem,electricity
MK,h1565,2.972157647153376,scr2012,dem,electricity
MK,h1566,3.0355622704800673,scr2012,dem,electricity
MK,h1567,3.1446186301337646,scr2012,dem,electricity
MK,h1568,3.260528302351136,scr2012,dem,electricity
MK,h1569,3.3238423290963857,scr2012,dem,electricity
MK,h1570,3.3108397268747494,scr2012,dem,electricity
MK,h1571,3.2375065771345115,scr2012,dem,electricity
MK,h1572,3.141960536908402,scr2012,dem,electricity
MK,h1573,3.041898592942282,scr2012,dem,electricity
MK,h1574,2.945133656207233,scr2012,dem,electricity
MK,h1575,2.868062218014538,scr2012,dem,electricity
MK,h1576,2.8558366436467586,scr2012,dem,electricity
MK,h1577,2.9413735584632685,scr2012,dem,electricity
MK,h1578,3.05544016204441,scr2012,dem,electricity
MK,h1579,3.126168054797472,scr2012,dem,electricity
MK,h1580,3.10885490121697,scr2012,dem,electricity
MK,h1581,3.07389359980583,scr2012,dem,electricity
MK,h1582,3.0616839959347555,scr2012,dem,electricity
MK,h1583,3.0446408212667726,scr2012,dem,electricity
MK,h1584,3.015345939137629,scr2012,dem,electricity
MK,h1585,2.965240499950266,scr2012,dem,electricity
MK,h1586,2.9334488472507854,scr2012,dem,electricity
MK,h1587,2.901643475666779,scr2012,dem,electricity
MK,h1588,2.8804286276810553,scr2012,dem,electricity
MK,h1589,2.884579196106526,scr2012,dem,electricity
MK,h1590,2.9428997105361105,scr2012,dem,electricity
MK,h1591,3.0462290552583404,scr2012,dem,electricity
MK,h1592,3.156284131492766,scr2012,dem,electricity
MK,h1593,3.214962432248193,scr2012,dem,electricity
MK,h1594,3.198399438323793,scr2012,dem,electricity
MK,h1595,3.1225850544757234,scr2012,dem,electricity
MK,h1596,3.025379974850701,scr2012,dem,electricity
MK,h1597,2.9238503967345872,scr2012,dem,electricity
MK,h1598,2.8254474097220927,scr2012,dem,electricity
MK,h1599,2.7447721973635186,scr2012,dem,electricity
MK,h1600,2.7245847496297624,scr2012,dem,electricity
MK,h1601,2.7957372597368493,scr2012,dem,electricity
MK,h1602,2.8921705171371617,scr2012,dem,electricity
MK,h1603,2.950983503011246,scr2012,dem,electricity
MK,h1604,2.928890095287304,scr2012,dem,electricity
MK,h1605,2.890843585046224,scr2012,dem,electricity
MK,h1606,2.8708937421195686,scr2012,dem,electricity
MK,h1607,2.8433516091992654,scr2012,dem,electricity
MK,h1608,2.8028066940682828,scr2012,dem,electricity
MK,h1609,2.742216623630728,scr2012,dem,electricity
MK,h1610,2.701366831998541,scr2012,dem,electricity
MK,h1611,2.6614807507454774,scr2012,dem,electricity
MK,h1612,2.632745378523227,scr2012,dem,electricity
MK,h1613,2.6268461610623484,scr2012,dem,electricity
MK,h1614,2.671956934785425,scr2012,dem,electricity
MK,h1615,2.7611604464312918,scr2012,dem,electricity
MK,h1616,2.8589902719541844,scr2012,dem,electricity
MK,h1617,2.9120239485505963,scr2012,dem,electricity
MK,h1618,2.896523573457223,scr2012,dem,electricity
MK,h1619,2.8279380861321037,scr2012,dem,electricity
MK,h1620,2.7427721288118336,scr2012,dem,electricity
MK,h1621,2.6538286383397938,scr2012,dem,electricity
MK,h1622,2.568201184204733,scr2012,dem,electricity
MK,h1623,2.4979282470403037,scr2012,dem,electricity
MK,h1624,2.483746033594499,scr2012,dem,electricity
MK,h1625,2.552157160106804,scr2012,dem,electricity
MK,h1626,2.646048038733784,scr2012,dem,electricity
MK,h1627,2.7094732936388906,scr2012,dem,electricity
MK,h1628,2.7038961880783985,scr2012,dem,electricity
MK,h1629,2.6822251396878687,scr2012,dem,electricity
MK,h1630,2.674288687795535,scr2012,dem,electricity
MK,h1631,2.65723721523742,scr2012,dem,electricity
MK,h1632,2.6309485678875086,scr2012,dem,electricity
MK,h1633,2.5866838541111923,scr2012,dem,electricity
MK,h1634,2.5581132433999807,scr2012,dem,electricity
MK,h1635,2.5285771663936742,scr2012,dem,electricity
MK,h1636,2.508590880383003,scr2012,dem,electricity
MK,h1637,2.5112509465720256,scr2012,dem,electricity
MK,h1638,2.5565629416793056,scr2012,dem,electricity
MK,h1639,2.627382529525958,scr2012,dem,electricity
MK,h1640,2.7011243691567235,scr2012,dem,electricity
MK,h1641,2.746524167715356,scr2012,dem,electricity
MK,h1642,2.7494678610728145,scr2012,dem,electricity
MK,h1643,2.7101929550473107,scr2012,dem,electricity
MK,h1644,2.642595970829196,scr2012,dem,electricity
MK,h1645,2.5638347997018434,scr2012,dem,electricity
MK,h1646,2.482145211283784,scr2012,dem,electricity
MK,h1647,2.4144530789320946,scr2012,dem,electricity
MK,h1648,2.400270125828183,scr2012,dem,electricity
MK,h1649,2.4666160349650155,scr2012,dem,electricity
MK,h1650,2.5590493275141557,scr2012,dem,electricity
MK,h1651,2.623474553057615,scr2012,dem,electricity
MK,h1652,2.6189522915734798,scr2012,dem,electricity
MK,h1653,2.5990252407007697,scr2012,dem,electricity
MK,h1654,2.5876666442195004,scr2012,dem,electricity
MK,h1655,2.568793174352629,scr2012,dem,electricity
MK,h1656,2.5381986719655374,scr2012,dem,electricity
MK,h1657,2.4907652805683,scr2012,dem,electricity
MK,h1658,2.45722580559118,scr2012,dem,electricity
MK,h1659,2.420618503961403,scr2012,dem,electricity
MK,h1660,2.39264304936912,scr2012,dem,electricity
MK,h1661,2.3840098172833093,scr2012,dem,electricity
MK,h1662,2.415814987561995,scr2012,dem,electricity
MK,h1663,2.463630089757618,scr2012,dem,electricity
MK,h1664,2.5062085074273885,scr2012,dem,electricity
MK,h1665,2.5229737236496628,scr2012,dem,electricity
MK,h1666,2.516581698442072,scr2012,dem,electricity
MK,h1667,2.4913962778138954,scr2012,dem,electricity
MK,h1668,2.444387128719175,scr2012,dem,electricity
MK,h1669,2.3756543885752763,scr2012,dem,electricity
MK,h1670,2.287886680307233,scr2012,dem,electricity
MK,h1671,2.205430362484799,scr2012,dem,electricity
MK,h1672,2.1729546160473,scr2012,dem,electricity
MK,h1673,2.218178550295853,scr2012,dem,electricity
MK,h1674,2.293830148463774,scr2012,dem,electricity
MK,h1675,2.3484269116641316,scr2012,dem,electricity
MK,h1676,2.3502236354235504,scr2012,dem,electricity
MK,h1677,2.341750010597668,scr2012,dem,electricity
MK,h1678,2.3445317979915488,scr2012,dem,electricity
MK,h1679,2.3343683163135367,scr2012,dem,electricity
MK,h1680,2.304493757676579,scr2012,dem,electricity
MK,h1681,2.2537580974207247,scr2012,dem,electricity
MK,h1682,2.218654137580423,scr2012,dem,electricity
MK,h1683,2.1881125328414086,scr2012,dem,electricity
MK,h1684,2.1669172530775547,scr2012,dem,electricity
MK,h1685,2.163079081787856,scr2012,dem,electricity
MK,h1686,2.2015460186936964,scr2012,dem,electricity
MK,h1687,2.277701824110453,scr2012,dem,electricity
MK,h1688,2.3676590593115083,scr2012,dem,electricity
MK,h1689,2.4244980370060807,scr2012,dem,electricity
MK,h1690,2.423146797773639,scr2012,dem,electricity
MK,h1691,2.3670331634180752,scr2012,dem,electricity
MK,h1692,2.29080702263089,scr2012,dem,electricity
MK,h1693,2.2124747612647933,scr2012,dem,electricity
MK,h1694,2.1376480740617354,scr2012,dem,electricity
MK,h1695,2.0732352433255903,scr2012,dem,electricity
MK,h1696,2.048504300181031,scr2012,dem,electricity
MK,h1697,2.0867357122307957,scr2012,dem,electricity
MK,h1698,2.14582595093777,scr2012,dem,electricity
MK,h1699,2.1917408263610114,scr2012,dem,electricity
MK,h1700,2.1881138487254463,scr2012,dem,electricity
MK,h1701,2.168117314413408,scr2012,dem,electricity
MK,h1702,2.146677775937864,scr2012,dem,electricity
MK,h1703,2.107156660403826,scr2012,dem,electricity
MK,h1704,2.0521422211794222,scr2012,dem,electricity
MK,h1705,1.9772575571682842,scr2012,dem,electricity
MK,h1706,1.92197767948893,scr2012,dem,electricity
MK,h1707,1.8770333541854796,scr2012,dem,electricity
MK,h1708,1.847394423615242,scr2012,dem,electricity
MK,h1709,1.8351765131990865,scr2012,dem,electricity
MK,h1710,1.8583038398154823,scr2012,dem,electricity
MK,h1711,1.9172718928222627,scr2012,dem,electricity
MK,h1712,1.9907410013161653,scr2012,dem,electricity
MK,h1713,2.0382186427314415,scr2012,dem,electricity
MK,h1714,2.035336872289658,scr2012,dem,electricity
MK,h1715,1.987139677310208,scr2012,dem,electricity
MK,h1716,1.9249987657591192,scr2012,dem,electricity
MK,h1717,1.860988225979154,scr2012,dem,electricity
MK,h1718,1.79904511580578,scr2012,dem,electricity
MK,h1719,1.7429359735650016,scr2012,dem,electricity
MK,h1720,1.7175626403309203,scr2012,dem,electricity
MK,h1721,1.7432048637850124,scr2012,dem,electricity
MK,h1722,1.7870276618325498,scr2012,dem,electricity
MK,h1723,1.8280355931747718,scr2012,dem,electricity
MK,h1724,1.8372710863082817,scr2012,dem,electricity
MK,h1725,1.833148302789953,scr2012,dem,electricity
MK,h1726,1.8222479061202752,scr2012,dem,electricity
MK,h1727,1.784987619202207,scr2012,dem,electricity
MK,h1728,1.7307132544622896,scr2012,dem,electricity
MK,h1729,1.6572820854886157,scr2012,dem,electricity
MK,h1730,1.6042120998448475,scr2012,dem,electricity
MK,h1731,1.5644087161344724,scr2012,dem,electricity
MK,h1732,1.5414329784548797,scr2012,dem,electricity
MK,h1733,1.5343137334656234,scr2012,dem,electricity
MK,h1734,1.5588611382458462,scr2012,dem,electricity
MK,h1735,1.6166087928333086,scr2012,dem,electricity
MK,h1736,1.691322489467673,scr2012,dem,electricity
MK,h1737,1.74581826308465,scr2012,dem,electricity
MK,h1738,1.756460045563725,scr2012,dem,electricity
MK,h1739,1.7254533493666573,scr2012,dem,electricity
MK,h1740,1.6818718932362096,scr2012,dem,electricity
MK,h1741,1.6352924804564957,scr2012,dem,electricity
MK,h1742,1.5885124009864917,scr2012,dem,electricity
MK,h1743,1.5439135706263163,scr2012,dem,electricity
MK,h1744,1.5233414562108938,scr2012,dem,electricity
MK,h1745,1.54576600591191,scr2012,dem,electricity
MK,h1746,1.5855038144399907,scr2012,dem,electricity
MK,h1747,1.6289359288454857,scr2012,dem,electricity
MK,h1748,1.6493042778761025,scr2012,dem,electricity
MK,h1749,1.6558723213763153,scr2012,dem,electricity
MK,h1750,1.6514979811599866,scr2012,dem,electricity
MK,h1751,1.6182074995544178,scr2012,dem,electricity
MK,h1752,1.5677273372171543,scr2012,dem,electricity
MK,h1753,1.4982529285162802,scr2012,dem,electricity
MK,h1754,1.4477605659894222,scr2012,dem,electricity
MK,h1755,1.412359815221464,scr2012,dem,electricity
MK,h1756,1.3948593993732543,scr2012,dem,electricity
MK,h1757,1.3935734035291585,scr2012,dem,electricity
MK,h1758,1.4221743824959439,scr2012,dem,electricity
MK,h1759,1.483752356091125,scr2012,dem,electricity
MK,h1760,1.563266270088604,scr2012,dem,electricity
MK,h1761,1.6251897918425802,scr2012,dem,electricity
MK,h1762,1.6449553545220126,scr2012,dem,electricity
MK,h1763,1.624079731502507,scr2012,dem,electricity
MK,h1764,1.5910227574014786,scr2012,dem,electricity
MK,h1765,1.5551323015534426,scr2012,dem,electricity
MK,h1766,1.5191476566640914,scr2012,dem,electricity
MK,h1767,1.48439615368925,scr2012,dem,electricity
MK,h1768,1.4722326052685326,scr2012,dem,electricity
MK,h1769,1.5019341840100338,scr2012,dem,electricity
MK,h1770,1.5486899811614943,scr2012,dem,electricity
MK,h1771,1.6012168941397174,scr2012,dem,electricity
MK,h1772,1.6322027583193104,scr2012,dem,electricity
MK,h1773,1.650034578120092,scr2012,dem,electricity
MK,h1774,1.6561832064579098,scr2012,dem,electricity
MK,h1775,1.6327498593564038,scr2012,dem,electricity
MK,h1776,1.5923459075769566,scr2012,dem,electricity
MK,h1777,1.5327200525670563,scr2012,dem,electricity
MK,h1778,1.4921339725722582,scr2012,dem,electricity
MK,h1779,1.4643207757158971,scr2012,dem,electricity
MK,h1780,1.4543320166945781,scr2012,dem,electricity
MK,h1781,1.4601796760737087,scr2012,dem,electricity
MK,h1782,1.4985194458962487,scr2012,dem,electricity
MK,h1783,1.5712222463908283,scr2012,dem,electricity
MK,h1784,1.6598978481531943,scr2012,dem,electricity
MK,h1785,1.7266957095442743,scr2012,dem,electricity
MK,h1786,1.746990927680065,scr2012,dem,electricity
MK,h1787,1.7265082376548357,scr2012,dem,electricity
MK,h1788,1.694177167362919,scr2012,dem,electricity
MK,h1789,1.6578432215087266,scr2012,dem,electricity
MK,h1790,1.6199685001070132,scr2012,dem,electricity
MK,h1791,1.5837710633480033,scr2012,dem,electricity
MK,h1792,1.5737842486894018,scr2012,dem,electricity
MK,h1793,1.609543159076694,scr2012,dem,electricity
MK,h1794,1.6628446227542413,scr2012,dem,electricity
MK,h1795,1.7141546075734522,scr2012,dem,electricity
MK,h1796,1.7380203176633082,scr2012,dem,electricity
MK,h1797,1.7475382478552062,scr2012,dem,electricity
MK,h1798,1.7499547238198776,scr2012,dem,electricity
MK,h1799,1.72539950963793,scr2012,dem,electricity
MK,h1800,1.6869682226166476,scr2012,dem,electricity
MK,h1801,1.6306423801172847,scr2012,dem,electricity
MK,h1802,1.5901597449276528,scr2012,dem,electricity
MK,h1803,1.5581245667125887,scr2012,dem,electricity
MK,h1804,1.5399316745009286,scr2012,dem,electricity
MK,h1805,1.5383614226504503,scr2012,dem,electricity
MK,h1806,1.563852215804701,scr2012,dem,electricity
MK,h1807,1.6056762498384662,scr2012,dem,electricity
MK,h1808,1.659019816871686,scr2012,dem,electricity
MK,h1809,1.7047599718501925,scr2012,dem,electricity
MK,h1810,1.7295378234094407,scr2012,dem,electricity
MK,h1811,1.722141899113954,scr2012,dem,electricity
MK,h1812,1.6926997765776006,scr2012,dem,electricity
MK,h1813,1.6538383597724975,scr2012,dem,electricity
MK,h1814,1.609775385283573,scr2012,dem,electricity
MK,h1815,1.5681184200974148,scr2012,dem,electricity
MK,h1816,1.5536192678327017,scr2012,dem,electricity
MK,h1817,1.5862856234854537,scr2012,dem,electricity
MK,h1818,1.6389669688472295,scr2012,dem,electricity
MK,h1819,1.6913433690614932,scr2012,dem,electricity
MK,h1820,1.7154699490031184,scr2012,dem,electricity
MK,h1821,1.7264399077100294,scr2012,dem,electricity
MK,h1822,1.7271666780142039,scr2012,dem,electricity
MK,h1823,1.706020493348893,scr2012,dem,electricity
MK,h1824,1.6698243065996006,scr2012,dem,electricity
MK,h1825,1.6182807310946639,scr2012,dem,electricity
MK,h1826,1.5805736818650309,scr2012,dem,electricity
MK,h1827,1.550208987209281,scr2012,dem,electricity
MK,h1828,1.533768228779652,scr2012,dem,electricity
MK,h1829,1.5317908659802049,scr2012,dem,electricity
MK,h1830,1.5575285598981323,scr2012,dem,electricity
MK,h1831,1.5919946303863584,scr2012,dem,electricity
MK,h1832,1.628053892461149,scr2012,dem,electricity
MK,h1833,1.6566893647686523,scr2012,dem,electricity
MK,h1834,1.6805261271682297,scr2012,dem,electricity
MK,h1835,1.6945793635893116,scr2012,dem,electricity
MK,h1836,1.6913150670263315,scr2012,dem,electricity
MK,h1837,1.6670223282508183,scr2012,dem,electricity
MK,h1838,1.6205885888368692,scr2012,dem,electricity
MK,h1839,1.5701070952394494,scr2012,dem,electricity
MK,h1840,1.5497520631531363,scr2012,dem,electricity
MK,h1841,1.5849876397935558,scr2012,dem,electricity
MK,h1842,1.647497248965331,scr2012,dem,electricity
MK,h1843,1.7085986294485673,scr2012,dem,electricity
MK,h1844,1.745080124882298,scr2012,dem,electricity
MK,h1845,1.77262133341576,scr2012,dem,electricity
MK,h1846,1.7995487367061451,scr2012,dem,electricity
MK,h1847,1.8040647597120856,scr2012,dem,electricity
MK,h1848,1.787857281748626,scr2012,dem,electricity
MK,h1849,1.7524367224526491,scr2012,dem,electricity
MK,h1850,1.7325447506376737,scr2012,dem,electricity
MK,h1851,1.7231324665090715,scr2012,dem,electricity
MK,h1852,1.726030745662416,scr2012,dem,electricity
MK,h1853,1.7438952695325018,scr2012,dem,electricity
MK,h1854,1.7979741142834849,scr2012,dem,electricity
MK,h1855,1.885736186256577,scr2012,dem,electricity
MK,h1856,1.9919077959106568,scr2012,dem,electricity
MK,h1857,2.0736482748061054,scr2012,dem,electricity
MK,h1858,2.10656502722052,scr2012,dem,electricity
MK,h1859,2.088305713182599,scr2012,dem,electricity
MK,h1860,2.050731635968563,scr2012,dem,electricity
MK,h1861,2.00908756929121,scr2012,dem,electricity
MK,h1862,1.9673741715760835,scr2012,dem,electricity
MK,h1863,1.9325597529573706,scr2012,dem,electricity
MK,h1864,1.9322189977658173,scr2012,dem,electricity
MK,h1865,1.9923894903686863,scr2012,dem,electricity
MK,h1866,2.073124763169286,scr2012,dem,electricity
MK,h1867,2.141194694066141,scr2012,dem,electricity
MK,h1868,2.1651033218612445,scr2012,dem,electricity
MK,h1869,2.1738186396206958,scr2012,dem,electricity
MK,h1870,2.183340117119504,scr2012,dem,electricity
MK,h1871,2.170437749022561,scr2012,dem,electricity
MK,h1872,2.1414195653233237,scr2012,dem,electricity
MK,h1873,2.0937311508462635,scr2012,dem,electricity
MK,h1874,2.0659394612883064,scr2012,dem,electricity
MK,h1875,2.0475263173286447,scr2012,dem,electricity
MK,h1876,2.042816064044587,scr2012,dem,electricity
MK,h1877,2.056717771616809,scr2012,dem,electricity
MK,h1878,2.109280424403763,scr2012,dem,electricity
MK,h1879,2.1995131393687095,scr2012,dem,electricity
MK,h1880,2.3037544421661256,scr2012,dem,electricity
MK,h1881,2.3766931270199363,scr2012,dem,electricity
MK,h1882,2.391933750021466,scr2012,dem,electricity
MK,h1883,2.3549451280969826,scr2012,dem,electricity
MK,h1884,2.2995923617651224,scr2012,dem,electricity
MK,h1885,2.2399324153170137,scr2012,dem,electricity
MK,h1886,2.181001518562584,scr2012,dem,electricity
MK,h1887,2.1304249734670284,scr2012,dem,electricity
MK,h1888,2.121229226264916,scr2012,dem,electricity
MK,h1889,2.1788212652027292,scr2012,dem,electricity
MK,h1890,2.257089124844775,scr2012,dem,electricity
MK,h1891,2.3119478531363606,scr2012,dem,electricity
MK,h1892,2.3203108985002396,scr2012,dem,electricity
MK,h1893,2.3146000387177277,scr2012,dem,electricity
MK,h1894,2.317369556909981,scr2012,dem,electricity
MK,h1895,2.294273130952006,scr2012,dem,electricity
MK,h1896,2.2553404378720416,scr2012,dem,electricity
MK,h1897,2.1966866165712755,scr2012,dem,electricity
MK,h1898,2.158152831220996,scr2012,dem,electricity
MK,h1899,2.1268352820789422,scr2012,dem,electricity
MK,h1900,2.1093936870654004,scr2012,dem,electricity
MK,h1901,2.1112208919913344,scr2012,dem,electricity
MK,h1902,2.153230423980063,scr2012,dem,electricity
MK,h1903,2.232679519736245,scr2012,dem,electricity
MK,h1904,2.3261810894269264,scr2012,dem,electricity
MK,h1905,2.3876550840273696,scr2012,dem,electricity
MK,h1906,2.392095344095368,scr2012,dem,electricity
MK,h1907,2.345416864514749,scr2012,dem,electricity
MK,h1908,2.281801750801075,scr2012,dem,electricity
MK,h1909,2.2152359077334425,scr2012,dem,electricity
MK,h1910,2.1502557050730218,scr2012,dem,electricity
MK,h1911,2.094116752738172,scr2012,dem,electricity
MK,h1912,2.0783520994926246,scr2012,dem,electricity
MK,h1913,2.1272537384596526,scr2012,dem,electricity
MK,h1914,2.1962950221761064,scr2012,dem,electricity
MK,h1915,2.2451733873620205,scr2012,dem,electricity
MK,h1916,2.251200380562195,scr2012,dem,electricity
MK,h1917,2.2439710609287173,scr2012,dem,electricity
MK,h1918,2.2433624155152443,scr2012,dem,electricity
MK,h1919,2.216710035365168,scr2012,dem,electricity
MK,h1920,2.1743892523941444,scr2012,dem,electricity
MK,h1921,2.1125371253038505,scr2012,dem,electricity
MK,h1922,2.069322800068348,scr2012,dem,electricity
MK,h1923,2.0347689967206803,scr2012,dem,electricity
MK,h1924,2.0152556375541324,scr2012,dem,electricity
MK,h1925,2.0161047997457433,scr2012,dem,electricity
MK,h1926,2.0562450724592947,scr2012,dem,electricity
MK,h1927,2.1332351842094384,scr2012,dem,electricity
MK,h1928,2.224922710116321,scr2012,dem,electricity
MK,h1929,2.286638766016876,scr2012,dem,electricity
MK,h1930,2.2933836122768514,scr2012,dem,electricity
MK,h1931,2.2504011412516145,scr2012,dem,electricity
MK,h1932,2.1910126882067282,scr2012,dem,electricity
MK,h1933,2.1292297715613078,scr2012,dem,electricity
MK,h1934,2.069637363096,scr2012,dem,electricity
MK,h1935,2.018102065418506,scr2012,dem,electricity
MK,h1936,2.004733864788364,scr2012,dem,electricity
MK,h1937,2.0535125190338497,scr2012,dem,electricity
MK,h1938,2.1223904827138305,scr2012,dem,electricity
MK,h1939,2.174537579082187,scr2012,dem,electricity
MK,h1940,2.1866149194905304,scr2012,dem,electricity
MK,h1941,2.1859400786458836,scr2012,dem,electricity
MK,h1942,2.1904057526738816,scr2012,dem,electricity
MK,h1943,2.168653432068943,scr2012,dem,electricity
MK,h1944,2.1313179458132647,scr2012,dem,electricity
MK,h1945,2.0741313063950924,scr2012,dem,electricity
MK,h1946,2.0368802616307073,scr2012,dem,electricity
MK,h1947,2.0071256534279462,scr2012,dem,electricity
MK,h1948,1.993517980926561,scr2012,dem,electricity
MK,h1949,1.998816030651644,scr2012,dem,electricity
MK,h1950,2.0450730331966804,scr2012,dem,electricity
MK,h1951,2.1281145792928573,scr2012,dem,electricity
MK,h1952,2.2255650568518317,scr2012,dem,electricity
MK,h1953,2.292863756929655,scr2012,dem,electricity
MK,h1954,2.3056278297258275,scr2012,dem,electricity
MK,h1955,2.2702644392692863,scr2012,dem,electricity
MK,h1956,2.2190612265959246,scr2012,dem,electricity
MK,h1957,2.1641161057376443,scr2012,dem,electricity
MK,h1958,2.1097002013273847,scr2012,dem,electricity
MK,h1959,2.063941982073456,scr2012,dem,electricity
MK,h1960,2.0595755599766195,scr2012,dem,electricity
MK,h1961,2.1208955924674298,scr2012,dem,electricity
MK,h1962,2.2029742600171396,scr2012,dem,electricity
MK,h1963,2.2625769902851123,scr2012,dem,electricity
MK,h1964,2.2757465172598614,scr2012,dem,electricity
MK,h1965,2.2763282291232327,scr2012,dem,electricity
MK,h1966,2.2861854492868656,scr2012,dem,electricity
MK,h1967,2.2733393949725342,scr2012,dem,electricity
MK,h1968,2.2470705748910933,scr2012,dem,electricity
MK,h1969,2.2030433651157475,scr2012,dem,electricity
MK,h1970,2.1767003185997535,scr2012,dem,electricity
MK,h1971,2.1530050609836797,scr2012,dem,electricity
MK,h1972,2.1399957053793788,scr2012,dem,electricity
MK,h1973,2.1465487333453592,scr2012,dem,electricity
MK,h1974,2.189554258514616,scr2012,dem,electricity
MK,h1975,2.254373880565454,scr2012,dem,electricity
MK,h1976,2.3276026797869394,scr2012,dem,electricity
MK,h1977,2.3793275192919943,scr2012,dem,electricity
MK,h1978,2.3957453473469252,scr2012,dem,electricity
MK,h1979,2.370130985565184,scr2012,dem,electricity
MK,h1980,2.3198796477788917,scr2012,dem,electricity
MK,h1981,2.259303065800603,scr2012,dem,electricity
MK,h1982,2.194594130375039,scr2012,dem,electricity
MK,h1983,2.138438598175092,scr2012,dem,electricity
MK,h1984,2.1261477958752173,scr2012,dem,electricity
MK,h1985,2.182856609597633,scr2012,dem,electricity
MK,h1986,2.2610458370623205,scr2012,dem,electricity
MK,h1987,2.3146826527742355,scr2012,dem,electricity
MK,h1988,2.3176836454652032,scr2012,dem,electricity
MK,h1989,2.308882456147902,scr2012,dem,electricity
MK,h1990,2.3066105409401043,scr2012,dem,electricity
MK,h1991,2.2861465332638717,scr2012,dem,electricity
MK,h1992,2.249355192821843,scr2012,dem,electricity
MK,h1993,2.1955555457569753,scr2012,dem,electricity
MK,h1994,2.155841218424934,scr2012,dem,electricity
MK,h1995,2.1187534863901685,scr2012,dem,electricity
MK,h1996,2.0916325125394644,scr2012,dem,electricity
MK,h1997,2.080585375185328,scr2012,dem,electricity
MK,h1998,2.1045141141742487,scr2012,dem,electricity
MK,h1999,2.145582929026609,scr2012,dem,electricity
MK,h2000,2.180756725398928,scr2012,dem,electricity
MK,h2001,2.191445794030141,scr2012,dem,electricity
MK,h2002,2.1820570437300826,scr2012,dem,electricity
MK,h2003,2.1596475066601397,scr2012,dem,electricity
MK,h2004,2.1236596384097943,scr2012,dem,electricity
MK,h2005,2.0672545928571533,scr2012,dem,electricity
MK,h2006,1.991667880493583,scr2012,dem,electricity
MK,h2007,1.9136039499194109,scr2012,dem,electricity
MK,h2008,1.873843289983124,scr2012,dem,electricity
MK,h2009,1.8963044180527011,scr2012,dem,electricity
MK,h2010,1.9395512497652256,scr2012,dem,electricity
MK,h2011,1.946545393440887,scr2012,dem,electricity
MK,h2012,1.9313778901186707,scr2012,dem,electricity
MK,h2013,1.93884298435417,scr2012,dem,electricity
MK,h2014,1.967928092186812,scr2012,dem,electricity
MK,h2015,1.9774875125743852,scr2012,dem,electricity
MK,h2016,1.9454793369548207,scr2012,dem,electricity
MK,h2017,1.8983531034420338,scr2012,dem,electricity
MK,h2018,1.8524908435841803,scr2012,dem,electricity
MK,h2019,1.8135665380188568,scr2012,dem,electricity
MK,h2020,1.7895506295660715,scr2012,dem,electricity
MK,h2021,1.7835194551228333,scr2012,dem,electricity
MK,h2022,1.814281924081227,scr2012,dem,electricity
MK,h2023,1.8828544946740071,scr2012,dem,electricity
MK,h2024,1.9650872857814976,scr2012,dem,electricity
MK,h2025,2.0204418706869647,scr2012,dem,electricity
MK,h2026,2.0281936435323726,scr2012,dem,electricity
MK,h2027,1.9954092624934816,scr2012,dem,electricity
MK,h2028,1.9490496780979942,scr2012,dem,electricity
MK,h2029,1.8985150886177329,scr2012,dem,electricity
MK,h2030,1.8476520553624427,scr2012,dem,electricity
MK,h2031,1.8022223890376519,scr2012,dem,electricity
MK,h2032,1.7882334318053767,scr2012,dem,electricity
MK,h2033,1.8257747079403526,scr2012,dem,electricity
MK,h2034,1.8775946342343963,scr2012,dem,electricity
MK,h2035,1.8993783694088768,scr2012,dem,electricity
MK,h2036,1.902134114085071,scr2012,dem,electricity
MK,h2037,1.9231755902546848,scr2012,dem,electricity
MK,h2038,1.9573674393680842,scr2012,dem,electricity
MK,h2039,1.9648234614198063,scr2012,dem,electricity
MK,h2040,1.9327775084276388,scr2012,dem,electricity
MK,h2041,1.887207260823549,scr2012,dem,electricity
MK,h2042,1.8462060418639537,scr2012,dem,electricity
MK,h2043,1.8154431356536818,scr2012,dem,electricity
MK,h2044,1.8029317124013562,scr2012,dem,electricity
MK,h2045,1.8115266974920718,scr2012,dem,electricity
MK,h2046,1.8554765933694046,scr2012,dem,electricity
MK,h2047,1.9380909712526817,scr2012,dem,electricity
MK,h2048,2.0327272734440682,scr2012,dem,electricity
MK,h2049,2.098605161545785,scr2012,dem,electricity
MK,h2050,2.1104613007643236,scr2012,dem,electricity
MK,h2051,2.0772830660081305,scr2012,dem,electricity
MK,h2052,2.0278662988921963,scr2012,dem,electricity
MK,h2053,1.9730068201395627,scr2012,dem,electricity
MK,h2054,1.9176254214387423,scr2012,dem,electricity
MK,h2055,1.8662192127660604,scr2012,dem,electricity
MK,h2056,1.8464779431357883,scr2012,dem,electricity
MK,h2057,1.8790774530549874,scr2012,dem,electricity
MK,h2058,1.9249213067890167,scr2012,dem,electricity
MK,h2059,1.9337663012157789,scr2012,dem,electricity
MK,h2060,1.9226546266073203,scr2012,dem,electricity
MK,h2061,1.927664386747784,scr2012,dem,electricity
MK,h2062,1.949098465578278,scr2012,dem,electricity
MK,h2063,1.9411131043369152,scr2012,dem,electricity
MK,h2064,1.8941520357547885,scr2012,dem,electricity
MK,h2065,1.8316238526610111,scr2012,dem,electricity
MK,h2066,1.7729564125240351,scr2012,dem,electricity
MK,h2067,1.7237954746060788,scr2012,dem,electricity
MK,h2068,1.6949992429567486,scr2012,dem,electricity
MK,h2069,1.6870844542620111,scr2012,dem,electricity
MK,h2070,1.7136857678722954,scr2012,dem,electricity
MK,h2071,1.7776559136005599,scr2012,dem,electricity
MK,h2072,1.8558695530705354,scr2012,dem,electricity
MK,h2073,1.9099777804858347,scr2012,dem,electricity
MK,h2074,1.9165101159518154,scr2012,dem,electricity
MK,h2075,1.8830267677034156,scr2012,dem,electricity
MK,h2076,1.8369615344226222,scr2012,dem,electricity
MK,h2077,1.787754363265467,scr2012,dem,electricity
MK,h2078,1.7394912536597142,scr2012,dem,electricity
MK,h2079,1.6947998959557937,scr2012,dem,electricity
MK,h2080,1.6783177786786396,scr2012,dem,electricity
MK,h2081,1.7092166599986283,scr2012,dem,electricity
MK,h2082,1.7542170486403985,scr2012,dem,electricity
MK,h2083,1.7692771435377534,scr2012,dem,electricity
MK,h2084,1.7716865088590934,scr2012,dem,electricity
MK,h2085,1.7917400543176853,scr2012,dem,electricity
MK,h2086,1.8257115943202233,scr2012,dem,electricity
MK,h2087,1.83038616078076,scr2012,dem,electricity
MK,h2088,1.7964576789091975,scr2012,dem,electricity
MK,h2089,1.7479521908744307,scr2012,dem,electricity
MK,h2090,1.7024162779987644,scr2012,dem,electricity
MK,h2091,1.6676412821982143,scr2012,dem,electricity
MK,h2092,1.653639303621223,scr2012,dem,electricity
MK,h2093,1.6609674686695994,scr2012,dem,electricity
MK,h2094,1.7026337499601372,scr2012,dem,electricity
MK,h2095,1.7814682432718238,scr2012,dem,electricity
MK,h2096,1.8737783121359595,scr2012,dem,electricity
MK,h2097,1.9405051165840934,scr2012,dem,electricity
MK,h2098,1.9573096382839452,scr2012,dem,electricity
MK,h2099,1.9319297643773234,scr2012,dem,electricity
MK,h2100,1.8917115385586052,scr2012,dem,electricity
MK,h2101,1.8463856796008353,scr2012,dem,electricity
MK,h2102,1.8000308569301549,scr2012,dem,electricity
MK,h2103,1.756001178708034,scr2012,dem,electricity
MK,h2104,1.7399016509779752,scr2012,dem,electricity
MK,h2105,1.7722925100700593,scr2012,dem,electricity
MK,h2106,1.8173280217861927,scr2012,dem,electricity
MK,h2107,1.8314712993848632,scr2012,dem,electricity
MK,h2108,1.8288374599108943,scr2012,dem,electricity
MK,h2109,1.8441499707222868,scr2012,dem,electricity
MK,h2110,1.8725586053820003,scr2012,dem,electricity
MK,h2111,1.872290434860179,scr2012,dem,electricity
MK,h2112,1.8318149327093378,scr2012,dem,electricity
MK,h2113,1.7750165975827503,scr2012,dem,electricity
MK,h2114,1.7221145554196826,scr2012,dem,electricity
MK,h2115,1.6775035884415477,scr2012,dem,electricity
MK,h2116,1.6534410462853195,scr2012,dem,electricity
MK,h2117,1.6482717683820023,scr2012,dem,electricity
MK,h2118,1.677720463784366,scr2012,dem,electricity
MK,h2119,1.7421438610956996,scr2012,dem,electricity
MK,h2120,1.8202851197635663,scr2012,dem,electricity
MK,h2121,1.8747256737202025,scr2012,dem,electricity
MK,h2122,1.8829989261507727,scr2012,dem,electricity
MK,h2123,1.851739602903168,scr2012,dem,electricity
MK,h2124,1.8070942661573661,scr2012,dem,electricity
MK,h2125,1.757392476209112,scr2012,dem,electricity
MK,h2126,1.7066359861406912,scr2012,dem,electricity
MK,h2127,1.658383027308758,scr2012,dem,electricity
MK,h2128,1.638020847707558,scr2012,dem,electricity
MK,h2129,1.662514713722492,scr2012,dem,electricity
MK,h2130,1.6995196782025257,scr2012,dem,electricity
MK,h2131,1.7092631280123833,scr2012,dem,electricity
MK,h2132,1.7041281087664246,scr2012,dem,electricity
MK,h2133,1.7182393720415936,scr2012,dem,electricity
MK,h2134,1.74259507846239,scr2012,dem,electricity
MK,h2135,1.7403160203686583,scr2012,dem,electricity
MK,h2136,1.699592381678634,scr2012,dem,electricity
MK,h2137,1.6449106925558041,scr2012,dem,electricity
MK,h2138,1.592393826950222,scr2012,dem,electricity
MK,h2139,1.5462613829611365,scr2012,dem,electricity
MK,h2140,1.517609998528786,scr2012,dem,electricity
MK,h2141,1.5078212047581987,scr2012,dem,electricity
MK,h2142,1.524547027897595,scr2012,dem,electricity
MK,h2143,1.5619694142474652,scr2012,dem,electricity
MK,h2144,1.60768640933063,scr2012,dem,electricity
MK,h2145,1.642945262024917,scr2012,dem,electricity
MK,h2146,1.6554900606799756,scr2012,dem,electricity
MK,h2147,1.6417414807960333,scr2012,dem,electricity
MK,h2148,1.6111912907369836,scr2012,dem,electricity
MK,h2149,1.5705010441090854,scr2012,dem,electricity
MK,h2150,1.5232629341933324,scr2012,dem,electricity
MK,h2151,1.4748896625345034,scr2012,dem,electricity
MK,h2152,1.4492697599230584,scr2012,dem,electricity
MK,h2153,1.4621209824828365,scr2012,dem,electricity
MK,h2154,1.486832855231882,scr2012,dem,electricity
MK,h2155,1.4914629425984076,scr2012,dem,electricity
MK,h2156,1.4888174068692503,scr2012,dem,electricity
MK,h2157,1.507427568145303,scr2012,dem,electricity
MK,h2158,1.528625484992375,scr2012,dem,electricity
MK,h2159,1.5241764747688684,scr2012,dem,electricity
MK,h2160,1.4771423946754654,scr2012,dem,electricity
NL,h1441,35.613884715005156,scr2012,dem,electricity
NL,h1442,35.31505843676365,scr2012,dem,electricity
NL,h1443,34.83099360436521,scr2012,dem,electricity
NL,h1444,34.4994845304742,scr2012,dem,electricity
NL,h1445,34.56781735130407,scr2012,dem,electricity
NL,h1446,35.32740669292411,scr2012,dem,electricity
NL,h1447,36.81039599149166,scr2012,dem,electricity
NL,h1448,38.426399156034165,scr2012,dem,electricity
NL,h1449,39.449235131438165,scr2012,dem,electricity
NL,h1450,39.538561182041335,scr2012,dem,electricity
NL,h1451,39.00515294100376,scr2012,dem,electricity
NL,h1452,38.30387397105406,scr2012,dem,electricity
NL,h1453,37.406723244789546,scr2012,dem,electricity
NL,h1454,36.515109077708594,scr2012,dem,electricity
NL,h1455,35.77764856061389,scr2012,dem,electricity
NL,h1456,35.73274007160791,scr2012,dem,electricity
NL,h1457,36.588655062935494,scr2012,dem,electricity
NL,h1458,37.6884328168845,scr2012,dem,electricity
NL,h1459,38.24775847981552,scr2012,dem,electricity
NL,h1460,37.892286212472996,scr2012,dem,electricity
NL,h1461,37.27312821675807,scr2012,dem,electricity
NL,h1462,36.86481463190786,scr2012,dem,electricity
NL,h1463,36.77205647729516,scr2012,dem,electricity
NL,h1464,36.85195790943023,scr2012,dem,electricity
NL,h1465,36.84703700519595,scr2012,dem,electricity
NL,h1466,36.617181651152606,scr2012,dem,electricity
NL,h1467,36.10851849503268,scr2012,dem,electricity
NL,h1468,35.68777322773807,scr2012,dem,electricity
NL,h1469,35.592824655367785,scr2012,dem,electricity
NL,h1470,36.074223658621065,scr2012,dem,electricity
NL,h1471,36.945588433547606,scr2012,dem,electricity
NL,h1472,37.81415145854442,scr2012,dem,electricity
NL,h1473,38.37409694048685,scr2012,dem,electricity
NL,h1474,38.521416975301804,scr2012,dem,electricity
NL,h1475,38.32527844075066,scr2012,dem,electricity
NL,h1476,37.822857349369734,scr2012,dem,electricity
NL,h1477,37.02377446176761,scr2012,dem,electricity
NL,h1478,36.117917215880944,scr2012,dem,electricity
NL,h1479,35.34332556215755,scr2012,dem,electricity
NL,h1480,35.252221710203834,scr2012,dem,electricity
NL,h1481,36.12276330744064,scr2012,dem,electricity
NL,h1482,37.320207720082564,scr2012,dem,electricity
NL,h1483,37.9806037790009,scr2012,dem,electricity
NL,h1484,37.7326534637393,scr2012,dem,electricity
NL,h1485,37.20773085469357,scr2012,dem,electricity
NL,h1486,36.88641335662487,scr2012,dem,electricity
NL,h1487,36.774084669614396,scr2012,dem,electricity
NL,h1488,36.84032530834965,scr2012,dem,electricity
NL,h1489,36.83972242147141,scr2012,dem,electricity
NL,h1490,36.733136303554375,scr2012,dem,electricity
NL,h1491,36.31822708967273,scr2012,dem,electricity
NL,h1492,35.9201882240741,scr2012,dem,electricity
NL,h1493,35.80551904897673,scr2012,dem,electricity
NL,h1494,36.24312201775305,scr2012,dem,electricity
NL,h1495,37.0335060812272,scr2012,dem,electricity
NL,h1496,37.70251058645842,scr2012,dem,electricity
NL,h1497,38.01965043622495,scr2012,dem,electricity
NL,h1498,37.90936732668158,scr2012,dem,electricity
NL,h1499,37.59516727332967,scr2012,dem,electricity
NL,h1500,37.047345331142,scr2012,dem,electricity
NL,h1501,36.310502257376726,scr2012,dem,electricity
NL,h1502,35.35896615774532,scr2012,dem,electricity
NL,h1503,34.45828647176472,scr2012,dem,electricity
NL,h1504,34.15870177192036,scr2012,dem,electricity
NL,h1505,34.86523387060169,scr2012,dem,electricity
NL,h1506,35.92957933190705,scr2012,dem,electricity
NL,h1507,36.569535056370086,scr2012,dem,electricity
NL,h1508,36.48987682608357,scr2012,dem,electricity
NL,h1509,36.21195554964264,scr2012,dem,electricity
NL,h1510,36.03266612289981,scr2012,dem,electricity
NL,h1511,35.86793234435001,scr2012,dem,electricity
NL,h1512,35.70403001567266,scr2012,dem,electricity
NL,h1513,35.435493484673295,scr2012,dem,electricity
NL,h1514,35.12331611665621,scr2012,dem,electricity
NL,h1515,34.641497962027834,scr2012,dem,electricity
NL,h1516,34.26479509465854,scr2012,dem,electricity
NL,h1517,34.21648888699503,scr2012,dem,electricity
NL,h1518,34.894497364004785,scr2012,dem,electricity
NL,h1519,36.37798088524436,scr2012,dem,electricity
NL,h1520,38.02648641546879,scr2012,dem,electricity
NL,h1521,39.06195799125923,scr2012,dem,electricity
NL,h1522,39.109020638085475,scr2012,dem,electricity
NL,h1523,38.51837384892506,scr2012,dem,electricity
NL,h1524,37.71055900384393,scr2012,dem,electricity
NL,h1525,36.67713491178194,scr2012,dem,electricity
NL,h1526,35.703255739470734,scr2012,dem,electricity
NL,h1527,34.92085180465062,scr2012,dem,electricity
NL,h1528,34.87035301343818,scr2012,dem,electricity
NL,h1529,35.61259049277368,scr2012,dem,electricity
NL,h1530,36.572406757024034,scr2012,dem,electricity
NL,h1531,37.00253260559441,scr2012,dem,electricity
NL,h1532,36.64084113037289,scr2012,dem,electricity
NL,h1533,36.015161016142066,scr2012,dem,electricity
NL,h1534,35.50615707571821,scr2012,dem,electricity
NL,h1535,35.15408467946174,scr2012,dem,electricity
NL,h1536,34.92128770331085,scr2012,dem,electricity
NL,h1537,34.623180695235376,scr2012,dem,electricity
NL,h1538,34.211030597605735,scr2012,dem,electricity
NL,h1539,33.64315750244102,scr2012,dem,electricity
NL,h1540,33.23939764601037,scr2012,dem,electricity
NL,h1541,33.20263660130016,scr2012,dem,electricity
NL,h1542,33.836958874231144,scr2012,dem,electricity
NL,h1543,35.216145414839445,scr2012,dem,electricity
NL,h1544,36.73119933267733,scr2012,dem,electricity
NL,h1545,37.688647868243436,scr2012,dem,electricity
NL,h1546,37.71049935859721,scr2012,dem,electricity
NL,h1547,37.13437608858365,scr2012,dem,electricity
NL,h1548,36.37552474173517,scr2012,dem,electricity
NL,h1549,35.40472986542793,scr2012,dem,electricity
NL,h1550,34.5046952743365,scr2012,dem,electricity
NL,h1551,33.77787962037355,scr2012,dem,electricity
NL,h1552,33.76840807462715,scr2012,dem,electricity
NL,h1553,34.457590014297956,scr2012,dem,electricity
NL,h1554,35.34442270353539,scr2012,dem,electricity
NL,h1555,35.69485017609402,scr2012,dem,electricity
NL,h1556,35.38673651217955,scr2012,dem,electricity
NL,h1557,34.81087947298003,scr2012,dem,electricity
NL,h1558,34.37474683550203,scr2012,dem,electricity
NL,h1559,34.038670127474056,scr2012,dem,electricity
NL,h1560,33.80545262481098,scr2012,dem,electricity
NL,h1561,33.5184990392234,scr2012,dem,electricity
NL,h1562,33.109958846651004,scr2012,dem,electricity
NL,h1563,32.560903581750296,scr2012,dem,electricity
NL,h1564,32.141360399743114,scr2012,dem,electricity
NL,h1565,32.084455884107804,scr2012,dem,electricity
NL,h1566,32.675178494013004,scr2012,dem,electricity
NL,h1567,33.984029709767285,scr2012,dem,electricity
NL,h1568,35.43010648776291,scr2012,dem,electricity
NL,h1569,36.37710625361218,scr2012,dem,electricity
NL,h1570,36.44126816580666,scr2012,dem,electricity
NL,h1571,35.92855079124682,scr2012,dem,electricity
NL,h1572,35.22214424909649,scr2012,dem,electricity
NL,h1573,34.3183749372215,scr2012,dem,electricity
NL,h1574,33.472772287159685,scr2012,dem,electricity
NL,h1575,32.77261118754344,scr2012,dem,electricity
NL,h1576,32.73926235531558,scr2012,dem,electricity
NL,h1577,33.37100757121813,scr2012,dem,electricity
NL,h1578,34.1845641079054,scr2012,dem,electricity
NL,h1579,34.48456486363317,scr2012,dem,electricity
NL,h1580,34.184922518412925,scr2012,dem,electricity
NL,h1581,33.64934099658645,scr2012,dem,electricity
NL,h1582,33.24724555101133,scr2012,dem,electricity
NL,h1583,32.92223972856853,scr2012,dem,electricity
NL,h1584,32.68911762303444,scr2012,dem,electricity
NL,h1585,32.39290798470125,scr2012,dem,electricity
NL,h1586,31.97534270463578,scr2012,dem,electricity
NL,h1587,31.427381531427816,scr2012,dem,electricity
NL,h1588,31.023383962009813,scr2012,dem,electricity
NL,h1589,30.97656450388471,scr2012,dem,electricity
NL,h1590,31.564120238679823,scr2012,dem,electricity
NL,h1591,32.861311068271206,scr2012,dem,electricity
NL,h1592,34.29974959151427,scr2012,dem,electricity
NL,h1593,35.244738897455036,scr2012,dem,electricity
NL,h1594,35.33266532074244,scr2012,dem,electricity
NL,h1595,34.87130286703518,scr2012,dem,electricity
NL,h1596,34.24820619100042,scr2012,dem,electricity
NL,h1597,33.41401186103899,scr2012,dem,electricity
NL,h1598,32.63092438665688,scr2012,dem,electricity
NL,h1599,31.974567793620256,scr2012,dem,electricity
NL,h1600,31.966972003847193,scr2012,dem,electricity
NL,h1601,32.62057623324183,scr2012,dem,electricity
NL,h1602,33.465501831876594,scr2012,dem,electricity
NL,h1603,33.83584663187538,scr2012,dem,electricity
NL,h1604,33.609217174254844,scr2012,dem,electricity
NL,h1605,33.13136199284665,scr2012,dem,electricity
NL,h1606,32.762822731787736,scr2012,dem,electricity
NL,h1607,32.46952944935444,scr2012,dem,electricity
NL,h1608,32.28493287201101,scr2012,dem,electricity
NL,h1609,32.02253624098027,scr2012,dem,electricity
NL,h1610,31.637199273834163,scr2012,dem,electricity
NL,h1611,31.109805506610222,scr2012,dem,electricity
NL,h1612,30.756592020093606,scr2012,dem,electricity
NL,h1613,30.766374807065496,scr2012,dem,electricity
NL,h1614,31.428430322644097,scr2012,dem,electricity
NL,h1615,32.78249518012942,scr2012,dem,electricity
NL,h1616,34.27145618956327,scr2012,dem,electricity
NL,h1617,35.28006055626194,scr2012,dem,electricity
NL,h1618,35.441443821584414,scr2012,dem,electricity
NL,h1619,35.077362603060855,scr2012,dem,electricity
NL,h1620,34.503388648892724,scr2012,dem,electricity
NL,h1621,33.74855998719719,scr2012,dem,electricity
NL,h1622,32.97759112866393,scr2012,dem,electricity
NL,h1623,32.340568973053415,scr2012,dem,electricity
NL,h1624,32.292510542250106,scr2012,dem,electricity
NL,h1625,33.00386731075335,scr2012,dem,electricity
NL,h1626,33.908314404075945,scr2012,dem,electricity
NL,h1627,34.33913826409293,scr2012,dem,electricity
NL,h1628,34.087322610895846,scr2012,dem,electricity
NL,h1629,33.635322751670614,scr2012,dem,electricity
NL,h1630,33.35655756129968,scr2012,dem,electricity
NL,h1631,33.24429287271936,scr2012,dem,electricity
NL,h1632,33.26108293032994,scr2012,dem,electricity
NL,h1633,33.19962459714945,scr2012,dem,electricity
NL,h1634,32.93366152867809,scr2012,dem,electricity
NL,h1635,32.42597622100933,scr2012,dem,electricity
NL,h1636,32.015097330212996,scr2012,dem,electricity
NL,h1637,31.918084928530295,scr2012,dem,electricity
NL,h1638,32.33507488600084,scr2012,dem,electricity
NL,h1639,33.10697842676136,scr2012,dem,electricity
NL,h1640,33.887452590169865,scr2012,dem,electricity
NL,h1641,34.45278625676948,scr2012,dem,electricity
NL,h1642,34.686653017580596,scr2012,dem,electricity
NL,h1643,34.609875222851926,scr2012,dem,electricity
NL,h1644,34.21051021688715,scr2012,dem,electricity
NL,h1645,33.51810287884215,scr2012,dem,electricity
NL,h1646,32.70309074495031,scr2012,dem,electricity
NL,h1647,31.995440917484064,scr2012,dem,electricity
NL,h1648,31.857855639005436,scr2012,dem,electricity
NL,h1649,32.561191092227794,scr2012,dem,electricity
NL,h1650,33.53508727294685,scr2012,dem,electricity
NL,h1651,34.022636156993,scr2012,dem,electricity
NL,h1652,33.81333136457063,scr2012,dem,electricity
NL,h1653,33.36415991367122,scr2012,dem,electricity
NL,h1654,33.083993256115654,scr2012,dem,electricity
NL,h1655,32.88207950300564,scr2012,dem,electricity
NL,h1656,32.81136296286574,scr2012,dem,electricity
NL,h1657,32.68491497920485,scr2012,dem,electricity
NL,h1658,32.44653142447874,scr2012,dem,electricity
NL,h1659,31.956949269594524,scr2012,dem,electricity
NL,h1660,31.504414808780787,scr2012,dem,electricity
NL,h1661,31.312818776705416,scr2012,dem,electricity
NL,h1662,31.591326578854808,scr2012,dem,electricity
NL,h1663,32.16397991733638,scr2012,dem,electricity
NL,h1664,32.63993275228235,scr2012,dem,electricity
NL,h1665,32.874935023859045,scr2012,dem,electricity
NL,h1666,32.81255717736284,scr2012,dem,electricity
NL,h1667,32.60146561245616,scr2012,dem,electricity
NL,h1668,32.19402754355642,scr2012,dem,electricity
NL,h1669,31.59290068122042,scr2012,dem,electricity
NL,h1670,30.782172546489512,scr2012,dem,electricity
NL,h1671,29.96370418288747,scr2012,dem,electricity
NL,h1672,29.62097386033996,scr2012,dem,electricity
NL,h1673,30.10262805234214,scr2012,dem,electricity
NL,h1674,30.890371082352903,scr2012,dem,electricity
NL,h1675,31.34093314666905,scr2012,dem,electricity
NL,h1676,31.32090519055425,scr2012,dem,electricity
NL,h1677,31.144914212795946,scr2012,dem,electricity
NL,h1678,31.00717419167548,scr2012,dem,electricity
NL,h1679,30.763304651825326,scr2012,dem,electricity
NL,h1680,30.46622815687777,scr2012,dem,electricity
NL,h1681,30.07732842736036,scr2012,dem,electricity
NL,h1682,29.666616814663413,scr2012,dem,electricity
NL,h1683,29.16052046355139,scr2012,dem,electricity
NL,h1684,28.785669848971924,scr2012,dem,electricity
NL,h1685,28.709438887703474,scr2012,dem,electricity
NL,h1686,29.262725965323526,scr2012,dem,electricity
NL,h1687,30.563385126756067,scr2012,dem,electricity
NL,h1688,32.001545546565865,scr2012,dem,electricity
NL,h1689,32.962346333080745,scr2012,dem,electricity
NL,h1690,33.072427470027954,scr2012,dem,electricity
NL,h1691,32.65692862378873,scr2012,dem,electricity
NL,h1692,32.02459844140388,scr2012,dem,electricity
NL,h1693,31.17831219667496,scr2012,dem,electricity
NL,h1694,30.390584100546366,scr2012,dem,electricity
NL,h1695,29.75993316229557,scr2012,dem,electricity
NL,h1696,29.693816451438646,scr2012,dem,electricity
NL,h1697,30.189620441449986,scr2012,dem,electricity
NL,h1698,30.85534447446363,scr2012,dem,electricity
NL,h1699,31.106916462134997,scr2012,dem,electricity
NL,h1700,30.884890361757094,scr2012,dem,electricity
NL,h1701,30.430184170727106,scr2012,dem,electricity
NL,h1702,30.016688126993905,scr2012,dem,electricity
NL,h1703,29.598151440852874,scr2012,dem,electricity
NL,h1704,29.2391673005261,scr2012,dem,electricity
NL,h1705,28.836222343754635,scr2012,dem,electricity
NL,h1706,28.33396800759335,scr2012,dem,electricity
NL,h1707,27.740103652753156,scr2012,dem,electricity
NL,h1708,27.335715353229357,scr2012,dem,electricity
NL,h1709,27.263695702600156,scr2012,dem,electricity
NL,h1710,27.78102175164784,scr2012,dem,electricity
NL,h1711,28.95745815680651,scr2012,dem,electricity
NL,h1712,30.287665378981597,scr2012,dem,electricity
NL,h1713,31.216679778488555,scr2012,dem,electricity
NL,h1714,31.391257932579407,scr2012,dem,electricity
NL,h1715,31.072997402714087,scr2012,dem,electricity
NL,h1716,30.565230663822945,scr2012,dem,electricity
NL,h1717,29.835698271017392,scr2012,dem,electricity
NL,h1718,29.1429742642353,scr2012,dem,electricity
NL,h1719,28.557718057110375,scr2012,dem,electricity
NL,h1720,28.510540413828995,scr2012,dem,electricity
NL,h1721,28.996982514941973,scr2012,dem,electricity
NL,h1722,29.64646931950878,scr2012,dem,electricity
NL,h1723,29.912576176472644,scr2012,dem,electricity
NL,h1724,29.7349174781217,scr2012,dem,electricity
NL,h1725,29.317912819227686,scr2012,dem,electricity
NL,h1726,28.934355751192086,scr2012,dem,electricity
NL,h1727,28.54649633162321,scr2012,dem,electricity
NL,h1728,28.220256204971434,scr2012,dem,electricity
NL,h1729,27.871413487142473,scr2012,dem,electricity
NL,h1730,27.42034118080284,scr2012,dem,electricity
NL,h1731,26.89176621918922,scr2012,dem,electricity
NL,h1732,26.528884464196633,scr2012,dem,electricity
NL,h1733,26.50178883250907,scr2012,dem,electricity
NL,h1734,27.056413740906763,scr2012,dem,electricity
NL,h1735,28.255870922367272,scr2012,dem,electricity
NL,h1736,29.6202098165954,scr2012,dem,electricity
NL,h1737,30.615578678723104,scr2012,dem,electricity
NL,h1738,30.895420096046927,scr2012,dem,electricity
NL,h1739,30.69950176575801,scr2012,dem,electricity
NL,h1740,30.320271058196784,scr2012,dem,electricity
NL,h1741,29.73556720328659,scr2012,dem,electricity
NL,h1742,29.16388819007938,scr2012,dem,electricity
NL,h1743,28.68275957090938,scr2012,dem,electricity
NL,h1744,28.731114719729224,scr2012,dem,electricity
NL,h1745,29.341847877873555,scr2012,dem,electricity
NL,h1746,30.11280101259802,scr2012,dem,electricity
NL,h1747,30.49076247738077,scr2012,dem,electricity
NL,h1748,30.437485862215645,scr2012,dem,electricity
NL,h1749,30.187184023467857,scr2012,dem,electricity
NL,h1750,29.998486634824207,scr2012,dem,electricity
NL,h1751,29.789600934349604,scr2012,dem,electricity
NL,h1752,29.637649451291576,scr2012,dem,electricity
NL,h1753,29.440685699707448,scr2012,dem,electricity
NL,h1754,29.138576149952858,scr2012,dem,electricity
NL,h1755,28.735495162754827,scr2012,dem,electricity
NL,h1756,28.49643273485609,scr2012,dem,electricity
NL,h1757,28.60140157750552,scr2012,dem,electricity
NL,h1758,29.319952473412076,scr2012,dem,electricity
NL,h1759,30.694494110887746,scr2012,dem,electricity
NL,h1760,32.217445382471126,scr2012,dem,electricity
NL,h1761,33.30838146641964,scr2012,dem,electricity
NL,h1762,33.62213269079314,scr2012,dem,electricity
NL,h1763,33.408353152226574,scr2012,dem,electricity
NL,h1764,32.98026332708155,scr2012,dem,electricity
NL,h1765,32.30947883342504,scr2012,dem,electricity
NL,h1766,31.642922382186832,scr2012,dem,electricity
NL,h1767,31.08657487921603,scr2012,dem,electricity
NL,h1768,31.12677546361234,scr2012,dem,electricity
NL,h1769,31.836071047851124,scr2012,dem,electricity
NL,h1770,32.72229450563163,scr2012,dem,electricity
NL,h1771,33.114565609273626,scr2012,dem,electricity
NL,h1772,32.91991968033955,scr2012,dem,electricity
NL,h1773,32.49934685510559,scr2012,dem,electricity
NL,h1774,32.19646605112549,scr2012,dem,electricity
NL,h1775,31.914692707102567,scr2012,dem,electricity
NL,h1776,31.695272202464704,scr2012,dem,electricity
NL,h1777,31.410293957564395,scr2012,dem,electricity
NL,h1778,31.031201951849926,scr2012,dem,electricity
NL,h1779,30.523524747612655,scr2012,dem,electricity
NL,h1780,30.183120680363807,scr2012,dem,electricity
NL,h1781,30.17047540411353,scr2012,dem,electricity
NL,h1782,30.806751706875005,scr2012,dem,electricity
NL,h1783,32.11652927150794,scr2012,dem,electricity
NL,h1784,33.59031855968666,scr2012,dem,electricity
NL,h1785,34.603508307583205,scr2012,dem,electricity
NL,h1786,34.78665429130199,scr2012,dem,electricity
NL,h1787,34.418097891080144,scr2012,dem,electricity
NL,h1788,33.80018226186827,scr2012,dem,electricity
NL,h1789,33.00274083288681,scr2012,dem,electricity
NL,h1790,32.203495848338804,scr2012,dem,electricity
NL,h1791,31.5416161563377,scr2012,dem,electricity
NL,h1792,31.45539640831875,scr2012,dem,electricity
NL,h1793,32.08405354575823,scr2012,dem,electricity
NL,h1794,32.90219030291562,scr2012,dem,electricity
NL,h1795,33.18514667135577,scr2012,dem,electricity
NL,h1796,32.85279491682849,scr2012,dem,electricity
NL,h1797,32.35155685999021,scr2012,dem,electricity
NL,h1798,32.08157228687036,scr2012,dem,electricity
NL,h1799,31.900690867564748,scr2012,dem,electricity
NL,h1800,31.792135576048288,scr2012,dem,electricity
NL,h1801,31.592210539490118,scr2012,dem,electricity
NL,h1802,31.217897082940446,scr2012,dem,electricity
NL,h1803,30.62845507015435,scr2012,dem,electricity
NL,h1804,30.14003432575594,scr2012,dem,electricity
NL,h1805,29.95356304559402,scr2012,dem,electricity
NL,h1806,30.243976750725835,scr2012,dem,electricity
NL,h1807,30.859609397877396,scr2012,dem,electricity
NL,h1808,31.493277302996546,scr2012,dem,electricity
NL,h1809,31.975765736110873,scr2012,dem,electricity
NL,h1810,32.18944766518266,scr2012,dem,electricity
NL,h1811,32.11669657568345,scr2012,dem,electricity
NL,h1812,31.7010847420537,scr2012,dem,electricity
NL,h1813,30.99837857610559,scr2012,dem,electricity
NL,h1814,30.166033137312283,scr2012,dem,electricity
NL,h1815,29.43239332371569,scr2012,dem,electricity
NL,h1816,29.193070645086962,scr2012,dem,electricity
NL,h1817,29.709627408546748,scr2012,dem,electricity
NL,h1818,30.459754425770765,scr2012,dem,electricity
NL,h1819,30.7680271563487,scr2012,dem,electricity
NL,h1820,30.531971217221287,scr2012,dem,electricity
NL,h1821,30.095302308939804,scr2012,dem,electricity
NL,h1822,29.819902100843372,scr2012,dem,electricity
NL,h1823,29.53755883432054,scr2012,dem,electricity
NL,h1824,29.343175010574306,scr2012,dem,electricity
NL,h1825,29.08508562685537,scr2012,dem,electricity
NL,h1826,28.716780996000974,scr2012,dem,electricity
NL,h1827,28.173008233713276,scr2012,dem,electricity
NL,h1828,27.68866352682546,scr2012,dem,electricity
NL,h1829,27.463006004257384,scr2012,dem,electricity
NL,h1830,27.634217298207986,scr2012,dem,electricity
NL,h1831,28.058806399705073,scr2012,dem,electricity
NL,h1832,28.412166101193815,scr2012,dem,electricity
NL,h1833,28.61204505184794,scr2012,dem,electricity
NL,h1834,28.642737551667413,scr2012,dem,electricity
NL,h1835,28.58871095322283,scr2012,dem,electricity
NL,h1836,28.367971888346002,scr2012,dem,electricity
NL,h1837,27.946620417623993,scr2012,dem,electricity
NL,h1838,27.30971027517326,scr2012,dem,electricity
NL,h1839,26.631669065028362,scr2012,dem,electricity
NL,h1840,26.347243393718166,scr2012,dem,electricity
NL,h1841,26.770428478631715,scr2012,dem,electricity
NL,h1842,27.4907228031783,scr2012,dem,electricity
NL,h1843,27.921504777808885,scr2012,dem,electricity
NL,h1844,28.011763821547504,scr2012,dem,electricity
NL,h1845,27.978933336009327,scr2012,dem,electricity
NL,h1846,27.979390486766334,scr2012,dem,electricity
NL,h1847,27.83336141065877,scr2012,dem,electricity
NL,h1848,27.592181202621155,scr2012,dem,electricity
NL,h1849,27.255903567430295,scr2012,dem,electricity
NL,h1850,26.917053109518495,scr2012,dem,electricity
NL,h1851,26.505473981952075,scr2012,dem,electricity
NL,h1852,26.245143249630193,scr2012,dem,electricity
NL,h1853,26.27127325156344,scr2012,dem,electricity
NL,h1854,26.90561715275217,scr2012,dem,electricity
NL,h1855,28.22664379341658,scr2012,dem,electricity
NL,h1856,29.70501787057489,scr2012,dem,electricity
NL,h1857,30.769625535852665,scr2012,dem,electricity
NL,h1858,31.077335206478864,scr2012,dem,electricity
NL,h1859,30.864530833176147,scr2012,dem,electricity
NL,h1860,30.410128441132528,scr2012,dem,electricity
NL,h1861,29.71758341421884,scr2012,dem,electricity
NL,h1862,29.055064964578836,scr2012,dem,electricity
NL,h1863,28.52725965099165,scr2012,dem,electricity
NL,h1864,28.515521218750163,scr2012,dem,electricity
NL,h1865,29.032246026288256,scr2012,dem,electricity
NL,h1866,29.70874451687434,scr2012,dem,electricity
NL,h1867,29.950209450399328,scr2012,dem,electricity
NL,h1868,29.74410836310108,scr2012,dem,electricity
NL,h1869,29.355549024461208,scr2012,dem,electricity
NL,h1870,29.04897846373885,scr2012,dem,electricity
NL,h1871,28.71652344192571,scr2012,dem,electricity
NL,h1872,28.362451422175667,scr2012,dem,electricity
NL,h1873,27.947871159502068,scr2012,dem,electricity
NL,h1874,27.449085696174464,scr2012,dem,electricity
NL,h1875,26.882401926153168,scr2012,dem,electricity
NL,h1876,26.513377400558092,scr2012,dem,electricity
NL,h1877,26.47529048401611,scr2012,dem,electricity
NL,h1878,27.032000166592898,scr2012,dem,electricity
NL,h1879,28.2108984650101,scr2012,dem,electricity
NL,h1880,29.566235494985353,scr2012,dem,electricity
NL,h1881,30.514877579548344,scr2012,dem,electricity
NL,h1882,30.75733597369885,scr2012,dem,electricity
NL,h1883,30.481186851669193,scr2012,dem,electricity
NL,h1884,30.0094713123358,scr2012,dem,electricity
NL,h1885,29.30677758163131,scr2012,dem,electricity
NL,h1886,28.63243520341747,scr2012,dem,electricity
NL,h1887,28.077429360627825,scr2012,dem,electricity
NL,h1888,28.052295452519964,scr2012,dem,electricity
NL,h1889,28.57435113401792,scr2012,dem,electricity
NL,h1890,29.25542989922131,scr2012,dem,electricity
NL,h1891,29.4984786310806,scr2012,dem,electricity
NL,h1892,29.288539982953587,scr2012,dem,electricity
NL,h1893,28.884412695786104,scr2012,dem,electricity
NL,h1894,28.57173499898129,scr2012,dem,electricity
NL,h1895,28.23846552788464,scr2012,dem,electricity
NL,h1896,27.89558646650031,scr2012,dem,electricity
NL,h1897,27.500604865621384,scr2012,dem,electricity
NL,h1898,27.01359843157414,scr2012,dem,electricity
NL,h1899,26.456575505203237,scr2012,dem,electricity
NL,h1900,26.082281857233788,scr2012,dem,electricity
NL,h1901,26.04516474300295,scr2012,dem,electricity
NL,h1902,26.598657627441643,scr2012,dem,electricity
NL,h1903,27.76001091829849,scr2012,dem,electricity
NL,h1904,29.10781024779001,scr2012,dem,electricity
NL,h1905,30.08241728387986,scr2012,dem,electricity
NL,h1906,30.377098251455482,scr2012,dem,electricity
NL,h1907,30.14449297764669,scr2012,dem,electricity
NL,h1908,29.711552564507564,scr2012,dem,electricity
NL,h1909,29.067843713909447,scr2012,dem,electricity
NL,h1910,28.45181894871694,scr2012,dem,electricity
NL,h1911,27.935089000167572,scr2012,dem,electricity
NL,h1912,27.93381917864501,scr2012,dem,electricity
NL,h1913,28.485514545081095,scr2012,dem,electricity
NL,h1914,29.199029258739507,scr2012,dem,electricity
NL,h1915,29.45752053290854,scr2012,dem,electricity
NL,h1916,29.260657905428467,scr2012,dem,electricity
NL,h1917,28.896693456580874,scr2012,dem,electricity
NL,h1918,28.647459997167733,scr2012,dem,electricity
NL,h1919,28.382917617587477,scr2012,dem,electricity
NL,h1920,28.090316582975674,scr2012,dem,electricity
NL,h1921,27.728386079916973,scr2012,dem,electricity
NL,h1922,27.27339937854753,scr2012,dem,electricity
NL,h1923,26.745388487436596,scr2012,dem,electricity
NL,h1924,26.40288107944055,scr2012,dem,electricity
NL,h1925,26.39510183255162,scr2012,dem,electricity
NL,h1926,26.982532595342366,scr2012,dem,electricity
NL,h1927,28.176858030070363,scr2012,dem,electricity
NL,h1928,29.554258029015884,scr2012,dem,electricity
NL,h1929,30.528723945775635,scr2012,dem,electricity
NL,h1930,30.816323023604813,scr2012,dem,electricity
NL,h1931,30.56742339055046,scr2012,dem,electricity
NL,h1932,30.12625015272181,scr2012,dem,electricity
NL,h1933,29.444828472704952,scr2012,dem,electricity
NL,h1934,28.78316205673056,scr2012,dem,electricity
NL,h1935,28.22083599235611,scr2012,dem,electricity
NL,h1936,28.18808780996992,scr2012,dem,electricity
NL,h1937,28.726899251793697,scr2012,dem,electricity
NL,h1938,29.422503506917725,scr2012,dem,electricity
NL,h1939,29.664854801970883,scr2012,dem,electricity
NL,h1940,29.420289290053475,scr2012,dem,electricity
NL,h1941,29.006250312292774,scr2012,dem,electricity
NL,h1942,28.708629840512227,scr2012,dem,electricity
NL,h1943,28.40690782611757,scr2012,dem,electricity
NL,h1944,28.082918390395108,scr2012,dem,electricity
NL,h1945,27.70506107135643,scr2012,dem,electricity
NL,h1946,27.22962170776571,scr2012,dem,electricity
NL,h1947,26.684913683642282,scr2012,dem,electricity
NL,h1948,26.312787299935508,scr2012,dem,electricity
NL,h1949,26.264543460424182,scr2012,dem,electricity
NL,h1950,26.795788940689533,scr2012,dem,electricity
NL,h1951,27.936077513783175,scr2012,dem,electricity
NL,h1952,29.274479540849104,scr2012,dem,electricity
NL,h1953,30.237169854799834,scr2012,dem,electricity
NL,h1954,30.487933752099174,scr2012,dem,electricity
NL,h1955,30.19838613229811,scr2012,dem,electricity
NL,h1956,29.716635282546584,scr2012,dem,electricity
NL,h1957,29.04512952428336,scr2012,dem,electricity
NL,h1958,28.397234676978023,scr2012,dem,electricity
NL,h1959,27.828997652386104,scr2012,dem,electricity
NL,h1960,27.73675615674322,scr2012,dem,electricity
NL,h1961,28.20921445797758,scr2012,dem,electricity
NL,h1962,28.845812653765567,scr2012,dem,electricity
NL,h1963,29.06812921456543,scr2012,dem,electricity
NL,h1964,28.85597510831877,scr2012,dem,electricity
NL,h1965,28.514373947353228,scr2012,dem,electricity
NL,h1966,28.34199784730097,scr2012,dem,electricity
NL,h1967,28.192755060585338,scr2012,dem,electricity
NL,h1968,28.06654572666107,scr2012,dem,electricity
NL,h1969,27.85099728603418,scr2012,dem,electricity
NL,h1970,27.479342171114837,scr2012,dem,electricity
NL,h1971,26.944963900884122,scr2012,dem,electricity
NL,h1972,26.536245023942044,scr2012,dem,electricity
NL,h1973,26.402968239094072,scr2012,dem,electricity
NL,h1974,26.708135742327908,scr2012,dem,electricity
NL,h1975,27.289589482274494,scr2012,dem,electricity
NL,h1976,27.899852802968706,scr2012,dem,electricity
NL,h1977,28.41755719606729,scr2012,dem,electricity
NL,h1978,28.741150261021236,scr2012,dem,electricity
NL,h1979,28.825699006449742,scr2012,dem,electricity
NL,h1980,28.57826933062265,scr2012,dem,electricity
NL,h1981,28.0525466251447,scr2012,dem,electricity
NL,h1982,27.4000947090526,scr2012,dem,electricity
NL,h1983,26.82158463316069,scr2012,dem,electricity
NL,h1984,26.67008594553585,scr2012,dem,electricity
NL,h1985,27.189055607405308,scr2012,dem,electricity
NL,h1986,27.92452208033203,scr2012,dem,electricity
NL,h1987,28.26184190576015,scr2012,dem,electricity
NL,h1988,28.130533782679976,scr2012,dem,electricity
NL,h1989,27.81170516880717,scr2012,dem,electricity
NL,h1990,27.660411054722744,scr2012,dem,electricity
NL,h1991,27.464073835623154,scr2012,dem,electricity
NL,h1992,27.32193455846998,scr2012,dem,electricity
NL,h1993,27.075516306068113,scr2012,dem,electricity
NL,h1994,26.78860837598444,scr2012,dem,electricity
NL,h1995,26.394350472349903,scr2012,dem,electricity
NL,h1996,26.070909807355623,scr2012,dem,electricity
NL,h1997,25.909816589099353,scr2012,dem,electricity
NL,h1998,26.066921112845872,scr2012,dem,electricity
NL,h1999,26.528327939997432,scr2012,dem,electricity
NL,h2000,26.969590838472016,scr2012,dem,electricity
NL,h2001,27.22930068798572,scr2012,dem,electricity
NL,h2002,27.28405446679414,scr2012,dem,electricity
NL,h2003,27.260104839217068,scr2012,dem,electricity
NL,h2004,27.122334389398684,scr2012,dem,electricity
NL,h2005,26.80641868496595,scr2012,dem,electricity
NL,h2006,26.242964674203133,scr2012,dem,electricity
NL,h2007,25.619030130845328,scr2012,dem,electricity
NL,h2008,25.302377619353308,scr2012,dem,electricity
NL,h2009,25.633871957554668,scr2012,dem,electricity
NL,h2010,26.21788625148097,scr2012,dem,electricity
NL,h2011,26.465649059379206,scr2012,dem,electricity
NL,h2012,26.229343297321908,scr2012,dem,electricity
NL,h2013,26.143141357312498,scr2012,dem,electricity
NL,h2014,26.284452644514516,scr2012,dem,electricity
NL,h2015,26.4470923974305,scr2012,dem,electricity
NL,h2016,26.277632150592858,scr2012,dem,electricity
NL,h2017,25.874721502868894,scr2012,dem,electricity
NL,h2018,25.44364536257904,scr2012,dem,electricity
NL,h2019,24.933458522359196,scr2012,dem,electricity
NL,h2020,24.585725978071668,scr2012,dem,electricity
NL,h2021,24.510690206827938,scr2012,dem,electricity
NL,h2022,24.997012060878248,scr2012,dem,electricity
NL,h2023,26.17001959888744,scr2012,dem,electricity
NL,h2024,27.590074776775488,scr2012,dem,electricity
NL,h2025,28.62193151068779,scr2012,dem,electricity
NL,h2026,28.90586922393919,scr2012,dem,electricity
NL,h2027,28.66107372590035,scr2012,dem,electricity
NL,h2028,28.237309239836026,scr2012,dem,electricity
NL,h2029,27.61960001192088,scr2012,dem,electricity
NL,h2030,26.984604522965537,scr2012,dem,electricity
NL,h2031,26.43240490012971,scr2012,dem,electricity
NL,h2032,26.280118549309815,scr2012,dem,electricity
NL,h2033,26.570711242813548,scr2012,dem,electricity
NL,h2034,26.97286288647221,scr2012,dem,electricity
NL,h2035,26.93402620315505,scr2012,dem,electricity
NL,h2036,26.292716933571853,scr2012,dem,electricity
NL,h2037,25.767357953407764,scr2012,dem,electricity
NL,h2038,25.503433620490732,scr2012,dem,electricity
NL,h2039,25.453037767657516,scr2012,dem,electricity
NL,h2040,25.100090482515732,scr2012,dem,electricity
NL,h2041,24.53217927199651,scr2012,dem,electricity
NL,h2042,23.850904794521796,scr2012,dem,electricity
NL,h2043,23.14669127386642,scr2012,dem,electricity
NL,h2044,22.663592596234494,scr2012,dem,electricity
NL,h2045,22.48535189624064,scr2012,dem,electricity
NL,h2046,22.810364283363025,scr2012,dem,electricity
NL,h2047,23.767867319033464,scr2012,dem,electricity
NL,h2048,24.98557267346626,scr2012,dem,electricity
NL,h2049,25.861961001712945,scr2012,dem,electricity
NL,h2050,26.069658601935014,scr2012,dem,electricity
NL,h2051,25.790419437721695,scr2012,dem,electricity
NL,h2052,25.377084770315857,scr2012,dem,electricity
NL,h2053,24.78250510463233,scr2012,dem,electricity
NL,h2054,24.18948844897296,scr2012,dem,electricity
NL,h2055,23.664441261198014,scr2012,dem,electricity
NL,h2056,23.49808132012755,scr2012,dem,electricity
NL,h2057,23.684253206620316,scr2012,dem,electricity
NL,h2058,23.96300979617975,scr2012,dem,electricity
NL,h2059,23.869312783793895,scr2012,dem,electricity
NL,h2060,23.334038167136875,scr2012,dem,electricity
NL,h2061,22.909640072616806,scr2012,dem,electricity
NL,h2062,22.693854583677126,scr2012,dem,electricity
NL,h2063,22.61487068705445,scr2012,dem,electricity
NL,h2064,22.243857978104153,scr2012,dem,electricity
NL,h2065,21.673590038734673,scr2012,dem,electricity
NL,h2066,20.973539478287787,scr2012,dem,electricity
NL,h2067,20.266609456929494,scr2012,dem,electricity
NL,h2068,19.777254790387005,scr2012,dem,electricity
NL,h2069,19.57649781418332,scr2012,dem,electricity
NL,h2070,19.826438770829615,scr2012,dem,electricity
NL,h2071,20.659806146428988,scr2012,dem,electricity
NL,h2072,21.76159003519297,scr2012,dem,electricity
NL,h2073,22.60976279215516,scr2012,dem,electricity
NL,h2074,22.876480995947674,scr2012,dem,electricity
NL,h2075,22.6975381264714,scr2012,dem,electricity
NL,h2076,22.396046208216728,scr2012,dem,electricity
NL,h2077,21.929883933820438,scr2012,dem,electricity
NL,h2078,21.445140746433847,scr2012,dem,electricity
NL,h2079,20.97305839902314,scr2012,dem,electricity
NL,h2080,20.7596021609064,scr2012,dem,electricity
NL,h2081,20.792529943100412,scr2012,dem,electricity
NL,h2082,20.882610267743974,scr2012,dem,electricity
NL,h2083,20.69675676628253,scr2012,dem,electricity
NL,h2084,20.170080353021778,scr2012,dem,electricity
NL,h2085,19.782109677515777,scr2012,dem,electricity
NL,h2086,19.544601996952945,scr2012,dem,electricity
NL,h2087,19.435270493097896,scr2012,dem,electricity
NL,h2088,19.01853798625605,scr2012,dem,electricity
NL,h2089,18.385796718218764,scr2012,dem,electricity
NL,h2090,17.620398394375258,scr2012,dem,electricity
NL,h2091,16.8834341533725,scr2012,dem,electricity
NL,h2092,16.3925365973096,scr2012,dem,electricity
NL,h2093,16.175161211415432,scr2012,dem,electricity
NL,h2094,16.360937259839368,scr2012,dem,electricity
NL,h2095,17.103357490865726,scr2012,dem,electricity
NL,h2096,18.13884419692901,scr2012,dem,electricity
NL,h2097,19.007713886816727,scr2012,dem,electricity
NL,h2098,19.38842497362908,scr2012,dem,electricity
NL,h2099,19.390735723406802,scr2012,dem,electricity
NL,h2100,19.292967519807256,scr2012,dem,electricity
NL,h2101,19.01471776855481,scr2012,dem,electricity
NL,h2102,18.71008533831459,scr2012,dem,electricity
NL,h2103,18.391132093104854,scr2012,dem,electricity
NL,h2104,18.275619108413515,scr2012,dem,electricity
NL,h2105,18.339212918459395,scr2012,dem,electricity
NL,h2106,18.471859768661865,scr2012,dem,electricity
NL,h2107,18.426434550182385,scr2012,dem,electricity
NL,h2108,18.11608782873876,scr2012,dem,electricity
NL,h2109,17.926567500413856,scr2012,dem,electricity
NL,h2110,17.843056568923434,scr2012,dem,electricity
NL,h2111,17.874130454003428,scr2012,dem,electricity
NL,h2112,17.620088183053532,scr2012,dem,electricity
NL,h2113,17.187144084087496,scr2012,dem,electricity
NL,h2114,16.602573222468614,scr2012,dem,electricity
NL,h2115,16.0481164227618,scr2012,dem,electricity
NL,h2116,15.71625053798027,scr2012,dem,electricity
NL,h2117,15.661757459202091,scr2012,dem,electricity
NL,h2118,15.976062817986717,scr2012,dem,electricity
NL,h2119,16.82055565339127,scr2012,dem,electricity
NL,h2120,17.92618279290359,scr2012,dem,electricity
NL,h2121,18.87625960192552,scr2012,dem,electricity
NL,h2122,19.312183959564415,scr2012,dem,electricity
NL,h2123,19.360884681529406,scr2012,dem,electricity
NL,h2124,19.301848809967943,scr2012,dem,electricity
NL,h2125,19.071882604086777,scr2012,dem,electricity
NL,h2126,18.802035002534094,scr2012,dem,electricity
NL,h2127,18.469215179782903,scr2012,dem,electricity
NL,h2128,18.255845026043016,scr2012,dem,electricity
NL,h2129,18.202610680210473,scr2012,dem,electricity
NL,h2130,18.238612591174483,scr2012,dem,electricity
NL,h2131,18.13300135498881,scr2012,dem,electricity
NL,h2132,17.78839894322645,scr2012,dem,electricity
NL,h2133,17.541082910932488,scr2012,dem,electricity
NL,h2134,17.438414467201586,scr2012,dem,electricity
NL,h2135,17.478784393239064,scr2012,dem,electricity
NL,h2136,17.291137138865345,scr2012,dem,electricity
NL,h2137,16.884000823982436,scr2012,dem,electricity
NL,h2138,16.269991615134014,scr2012,dem,electricity
NL,h2139,15.60729200453944,scr2012,dem,electricity
NL,h2140,15.126095497013171,scr2012,dem,electricity
NL,h2141,14.856091053698147,scr2012,dem,electricity
NL,h2142,14.817243293176666,scr2012,dem,electricity
NL,h2143,14.997505657371757,scr2012,dem,electricity
NL,h2144,15.289795673460384,scr2012,dem,electricity
NL,h2145,15.723967824890718,scr2012,dem,electricity
NL,h2146,16.16724953364002,scr2012,dem,electricity
NL,h2147,16.563485057653672,scr2012,dem,electricity
NL,h2148,16.740370520475967,scr2012,dem,electricity
NL,h2149,16.706487736990418,scr2012,dem,electricity
NL,h2150,16.500539857605414,scr2012,dem,electricity
NL,h2151,16.236240019605056,scr2012,dem,electricity
NL,h2152,16.03438714009205,scr2012,dem,electricity
NL,h2153,16.098444630324202,scr2012,dem,electricity
NL,h2154,16.28845377228895,scr2012,dem,electricity
NL,h2155,16.411495873381778,scr2012,dem,electricity
NL,h2156,16.313245586946437,scr2012,dem,electricity
NL,h2157,16.291471601157994,scr2012,dem,electricity
NL,h2158,16.38175351096067,scr2012,dem,electricity
NL,h2159,16.51749038426447,scr2012,dem,electricity
NL,h2160,16.476146812320252,scr2012,dem,electricity
NO,h1441,30.898444191387117,scr2012,dem,electricity
NO,h1442,30.567081532913093,scr2012,dem,electricity
NO,h1443,30.258705963677407,scr2012,dem,electricity
NO,h1444,30.030328213978645,scr2012,dem,electricity
NO,h1445,30.074226755186377,scr2012,dem,electricity
NO,h1446,30.597326047795903,scr2012,dem,electricity
NO,h1447,31.696483396570603,scr2012,dem,electricity
NO,h1448,33.04786374403638,scr2012,dem,electricity
NO,h1449,34.00236339303085,scr2012,dem,electricity
NO,h1450,34.16793061743806,scr2012,dem,electricity
NO,h1451,33.678671281515435,scr2012,dem,electricity
NO,h1452,32.884112275138705,scr2012,dem,electricity
NO,h1453,32.00911130820981,scr2012,dem,electricity
NO,h1454,31.212152702465993,scr2012,dem,electricity
NO,h1455,30.61732532789186,scr2012,dem,electricity
NO,h1456,30.540262237383075,scr2012,dem,electricity
NO,h1457,31.079465035733,scr2012,dem,electricity
NO,h1458,31.864642723410576,scr2012,dem,electricity
NO,h1459,32.243877906711326,scr2012,dem,electricity
NO,h1460,31.95089726290764,scr2012,dem,electricity
NO,h1461,31.447906317213146,scr2012,dem,electricity
NO,h1462,31.07177095052242,scr2012,dem,electricity
NO,h1463,30.719031169631894,scr2012,dem,electricity
NO,h1464,30.422215314250924,scr2012,dem,electricity
NO,h1465,30.166949295222857,scr2012,dem,electricity
NO,h1466,29.99501803658689,scr2012,dem,electricity
NO,h1467,29.720437569491118,scr2012,dem,electricity
NO,h1468,29.450125225203546,scr2012,dem,electricity
NO,h1469,29.387257935224998,scr2012,dem,electricity
NO,h1470,29.692626744567928,scr2012,dem,electricity
NO,h1471,30.233453861620482,scr2012,dem,electricity
NO,h1472,30.737730105747975,scr2012,dem,electricity
NO,h1473,31.036793088268205,scr2012,dem,electricity
NO,h1474,31.15346277017157,scr2012,dem,electricity
NO,h1475,31.138298063229296,scr2012,dem,electricity
NO,h1476,30.8165175103797,scr2012,dem,electricity
NO,h1477,30.190421039905946,scr2012,dem,electricity
NO,h1478,29.443220090113037,scr2012,dem,electricity
NO,h1479,28.854446956693977,scr2012,dem,electricity
NO,h1480,28.776114065878907,scr2012,dem,electricity
NO,h1481,29.401828923001894,scr2012,dem,electricity
NO,h1482,30.364918488279898,scr2012,dem,electricity
NO,h1483,30.916544520462097,scr2012,dem,electricity
NO,h1484,30.750538581138656,scr2012,dem,electricity
NO,h1485,30.294581220570514,scr2012,dem,electricity
NO,h1486,29.959979804844746,scr2012,dem,electricity
NO,h1487,29.66821940874264,scr2012,dem,electricity
NO,h1488,29.443551593680453,scr2012,dem,electricity
NO,h1489,29.27359581212688,scr2012,dem,electricity
NO,h1490,29.18098661190863,scr2012,dem,electricity
NO,h1491,28.962864258416882,scr2012,dem,electricity
NO,h1492,28.720679467876636,scr2012,dem,electricity
NO,h1493,28.64445365546055,scr2012,dem,electricity
NO,h1494,28.92295995512432,scr2012,dem,electricity
NO,h1495,29.403224015585845,scr2012,dem,electricity
NO,h1496,29.785000896478735,scr2012,dem,electricity
NO,h1497,29.921104598248505,scr2012,dem,electricity
NO,h1498,29.88599184235331,scr2012,dem,electricity
NO,h1499,29.803410449720143,scr2012,dem,electricity
NO,h1500,29.51094484453427,scr2012,dem,electricity
NO,h1501,28.980205597820113,scr2012,dem,electricity
NO,h1502,28.377155986190846,scr2012,dem,electricity
NO,h1503,27.92387634691436,scr2012,dem,electricity
NO,h1504,27.96940110465853,scr2012,dem,electricity
NO,h1505,28.62271213273307,scr2012,dem,electricity
NO,h1506,29.535009308778328,scr2012,dem,electricity
NO,h1507,30.039980518351705,scr2012,dem,electricity
NO,h1508,29.93631691102509,scr2012,dem,electricity
NO,h1509,29.691323579286042,scr2012,dem,electricity
NO,h1510,29.58644790108529,scr2012,dem,electricity
NO,h1511,29.45537864086026,scr2012,dem,electricity
NO,h1512,29.190981728866554,scr2012,dem,electricity
NO,h1513,28.884499937032015,scr2012,dem,electricity
NO,h1514,28.66567575617167,scr2012,dem,electricity
NO,h1515,28.44891033027787,scr2012,dem,electricity
NO,h1516,28.280139918744485,scr2012,dem,electricity
NO,h1517,28.333068695963245,scr2012,dem,electricity
NO,h1518,28.846128848622556,scr2012,dem,electricity
NO,h1519,29.94502211822504,scr2012,dem,electricity
NO,h1520,31.416938070793357,scr2012,dem,electricity
NO,h1521,32.50291384454869,scr2012,dem,electricity
NO,h1522,32.715580972250464,scr2012,dem,electricity
NO,h1523,32.18785321062826,scr2012,dem,electricity
NO,h1524,31.37383374049032,scr2012,dem,electricity
NO,h1525,30.604024111949272,scr2012,dem,electricity
NO,h1526,29.917805704972075,scr2012,dem,electricity
NO,h1527,29.470305536229173,scr2012,dem,electricity
NO,h1528,29.499772741942074,scr2012,dem,electricity
NO,h1529,30.12065106917152,scr2012,dem,electricity
NO,h1530,30.89374964965519,scr2012,dem,electricity
NO,h1531,31.27965556627755,scr2012,dem,electricity
NO,h1532,31.058288003798527,scr2012,dem,electricity
NO,h1533,30.735822995483325,scr2012,dem,electricity
NO,h1534,30.54380736553774,scr2012,dem,electricity
NO,h1535,30.292421130370116,scr2012,dem,electricity
NO,h1536,29.920933758435222,scr2012,dem,electricity
NO,h1537,29.524829038363134,scr2012,dem,electricity
NO,h1538,29.2706795547017,scr2012,dem,electricity
NO,h1539,29.06681532522884,scr2012,dem,electricity
NO,h1540,28.93336314006392,scr2012,dem,electricity
NO,h1541,29.04245994704495,scr2012,dem,electricity
NO,h1542,29.62273225677291,scr2012,dem,electricity
NO,h1543,30.75984110368134,scr2012,dem,electricity
NO,h1544,32.17758103067354,scr2012,dem,electricity
NO,h1545,33.200835820224114,scr2012,dem,electricity
NO,h1546,33.39603782546868,scr2012,dem,electricity
NO,h1547,32.91839093458127,scr2012,dem,electricity
NO,h1548,32.136532430401246,scr2012,dem,electricity
NO,h1549,31.373186664725253,scr2012,dem,electricity
NO,h1550,30.681127253883883,scr2012,dem,electricity
NO,h1551,30.247895960226526,scr2012,dem,electricity
NO,h1552,30.302500317234706,scr2012,dem,electricity
NO,h1553,31.011555096541816,scr2012,dem,electricity
NO,h1554,31.878363510304784,scr2012,dem,electricity
NO,h1555,32.310423399901396,scr2012,dem,electricity
NO,h1556,32.06480007230584,scr2012,dem,electricity
NO,h1557,31.704791365131662,scr2012,dem,electricity
NO,h1558,31.506190668650795,scr2012,dem,electricity
NO,h1559,31.269249951788048,scr2012,dem,electricity
NO,h1560,30.924247224374795,scr2012,dem,electricity
NO,h1561,30.521320310999663,scr2012,dem,electricity
NO,h1562,30.252476599080588,scr2012,dem,electricity
NO,h1563,30.016278943425394,scr2012,dem,electricity
NO,h1564,29.871781841023218,scr2012,dem,electricity
NO,h1565,29.97026989968358,scr2012,dem,electricity
NO,h1566,30.54879005881937,scr2012,dem,electricity
NO,h1567,31.683605548721157,scr2012,dem,electricity
NO,h1568,33.1147935803362,scr2012,dem,electricity
NO,h1569,34.13238404566705,scr2012,dem,electricity
NO,h1570,34.315570329958035,scr2012,dem,electricity
NO,h1571,33.80542669793115,scr2012,dem,electricity
NO,h1572,32.98550932811952,scr2012,dem,electricity
NO,h1573,32.18277301221072,scr2012,dem,electricity
NO,h1574,31.45096336942723,scr2012,dem,electricity
NO,h1575,30.997041855708364,scr2012,dem,electricity
NO,h1576,31.049419531787,scr2012,dem,electricity
NO,h1577,31.778251646110984,scr2012,dem,electricity
NO,h1578,32.66248964511584,scr2012,dem,electricity
NO,h1579,33.08270170084303,scr2012,dem,electricity
NO,h1580,32.80945763890952,scr2012,dem,electricity
NO,h1581,32.428788421742624,scr2012,dem,electricity
NO,h1582,32.23551429429529,scr2012,dem,electricity
NO,h1583,32.012394653881714,scr2012,dem,electricity
NO,h1584,31.676217799572342,scr2012,dem,electricity
NO,h1585,31.278142076416003,scr2012,dem,electricity
NO,h1586,31.008022094784668,scr2012,dem,electricity
NO,h1587,30.763332568889602,scr2012,dem,electricity
NO,h1588,30.60790538957533,scr2012,dem,electricity
NO,h1589,30.698120702039127,scr2012,dem,electricity
NO,h1590,31.2773294714141,scr2012,dem,electricity
NO,h1591,32.41758420377454,scr2012,dem,electricity
NO,h1592,33.845176511905336,scr2012,dem,electricity
NO,h1593,34.83772552777624,scr2012,dem,electricity
NO,h1594,34.960268889831084,scr2012,dem,electricity
NO,h1595,34.375814619341,scr2012,dem,electricity
NO,h1596,33.49040298366771,scr2012,dem,electricity
NO,h1597,32.634375737387174,scr2012,dem,electricity
NO,h1598,31.853244685849518,scr2012,dem,electricity
NO,h1599,31.33413839454372,scr2012,dem,electricity
NO,h1600,31.327440162902313,scr2012,dem,electricity
NO,h1601,32.00155326593597,scr2012,dem,electricity
NO,h1602,32.8372834463479,scr2012,dem,electricity
NO,h1603,33.21725200388347,scr2012,dem,electricity
NO,h1604,32.898154212998435,scr2012,dem,electricity
NO,h1605,32.47036893225636,scr2012,dem,electricity
NO,h1606,32.211441104124305,scr2012,dem,electricity
NO,h1607,31.91570033469446,scr2012,dem,electricity
NO,h1608,31.51038213086829,scr2012,dem,electricity
NO,h1609,31.045071435074863,scr2012,dem,electricity
NO,h1610,30.694902472032723,scr2012,dem,electricity
NO,h1611,30.363134014065412,scr2012,dem,electricity
NO,h1612,30.100099290890668,scr2012,dem,electricity
NO,h1613,30.095364869614404,scr2012,dem,electricity
NO,h1614,30.56940001184109,scr2012,dem,electricity
NO,h1615,31.596467916708917,scr2012,dem,electricity
NO,h1616,32.890966831302535,scr2012,dem,electricity
NO,h1617,33.779101242547526,scr2012,dem,electricity
NO,h1618,33.86120155032239,scr2012,dem,electricity
NO,h1619,33.275232066405124,scr2012,dem,electricity
NO,h1620,32.39530644496074,scr2012,dem,electricity
NO,h1621,31.47326173189023,scr2012,dem,electricity
NO,h1622,30.62931724449027,scr2012,dem,electricity
NO,h1623,29.981360142058744,scr2012,dem,electricity
NO,h1624,29.83758415848054,scr2012,dem,electricity
NO,h1625,30.281142931203462,scr2012,dem,electricity
NO,h1626,30.930003153575623,scr2012,dem,electricity
NO,h1627,31.19891521117314,scr2012,dem,electricity
NO,h1628,30.88916737718452,scr2012,dem,electricity
NO,h1629,30.410187576105972,scr2012,dem,electricity
NO,h1630,30.035445672735612,scr2012,dem,electricity
NO,h1631,29.62197099709356,scr2012,dem,electricity
NO,h1632,29.266574429086496,scr2012,dem,electricity
NO,h1633,28.951720319697525,scr2012,dem,electricity
NO,h1634,28.724946738120916,scr2012,dem,electricity
NO,h1635,28.40970079343793,scr2012,dem,electricity
NO,h1636,28.114898723352,scr2012,dem,electricity
NO,h1637,28.024402693584516,scr2012,dem,electricity
NO,h1638,28.284949235259216,scr2012,dem,electricity
NO,h1639,28.75830689824513,scr2012,dem,electricity
NO,h1640,29.208420871331576,scr2012,dem,electricity
NO,h1641,29.492597929068843,scr2012,dem,electricity
NO,h1642,29.618959594116156,scr2012,dem,electricity
NO,h1643,29.624930835395805,scr2012,dem,electricity
NO,h1644,29.32792227544756,scr2012,dem,electricity
NO,h1645,28.763516310204125,scr2012,dem,electricity
NO,h1646,28.092473143143437,scr2012,dem,electricity
NO,h1647,27.57496072242778,scr2012,dem,electricity
NO,h1648,27.532392845043038,scr2012,dem,electricity
NO,h1649,28.16179846795151,scr2012,dem,electricity
NO,h1650,29.0976433379791,scr2012,dem,electricity
NO,h1651,29.697366277379373,scr2012,dem,electricity
NO,h1652,29.672168040748968,scr2012,dem,electricity
NO,h1653,29.41762413615912,scr2012,dem,electricity
NO,h1654,29.248556370362962,scr2012,dem,electricity
NO,h1655,29.08807916787794,scr2012,dem,electricity
NO,h1656,29.000559852784015,scr2012,dem,electricity
NO,h1657,28.979451191795427,scr2012,dem,electricity
NO,h1658,29.048436658668088,scr2012,dem,electricity
NO,h1659,29.0032275287541,scr2012,dem,electricity
NO,h1660,28.946278824189474,scr2012,dem,electricity
NO,h1661,29.059479429293457,scr2012,dem,electricity
NO,h1662,29.540964420020376,scr2012,dem,electricity
NO,h1663,30.231363119451327,scr2012,dem,electricity
NO,h1664,30.833741835249025,scr2012,dem,electricity
NO,h1665,31.19637967977461,scr2012,dem,electricity
NO,h1666,31.35561461018608,scr2012,dem,electricity
NO,h1667,31.433887328362957,scr2012,dem,electricity
NO,h1668,31.27497032206546,scr2012,dem,electricity
NO,h1669,30.88363725335361,scr2012,dem,electricity
NO,h1670,30.41810470563692,scr2012,dem,electricity
NO,h1671,30.117922078855802,scr2012,dem,electricity
NO,h1672,30.385484781307383,scr2012,dem,electricity
NO,h1673,31.38385261422131,scr2012,dem,electricity
NO,h1674,32.63221902458075,scr2012,dem,electricity
NO,h1675,33.4079315109594,scr2012,dem,electricity
NO,h1676,33.4893224199259,scr2012,dem,electricity
NO,h1677,33.48247059806275,scr2012,dem,electricity
NO,h1678,33.68284529420585,scr2012,dem,electricity
NO,h1679,33.85648324814008,scr2012,dem,electricity
NO,h1680,33.9278566211258,scr2012,dem,electricity
NO,h1681,33.95751442025082,scr2012,dem,electricity
NO,h1682,34.094961850247685,scr2012,dem,electricity
NO,h1683,34.16776372232033,scr2012,dem,electricity
NO,h1684,34.267229994898784,scr2012,dem,electricity
NO,h1685,34.619480278171494,scr2012,dem,electricity
NO,h1686,35.52863190762113,scr2012,dem,electricity
NO,h1687,37.04340696334819,scr2012,dem,electricity
NO,h1688,38.90160021950538,scr2012,dem,electricity
NO,h1689,40.21657570969711,scr2012,dem,electricity
NO,h1690,40.52135171460209,scr2012,dem,electricity
NO,h1691,39.94174099896253,scr2012,dem,electricity
NO,h1692,39.01254999449735,scr2012,dem,electricity
NO,h1693,38.0866181202247,scr2012,dem,electricity
NO,h1694,37.24383276541185,scr2012,dem,electricity
NO,h1695,36.73293493119451,scr2012,dem,electricity
NO,h1696,36.933971686646615,scr2012,dem,electricity
NO,h1697,38.04252243280031,scr2012,dem,electricity
NO,h1698,39.32215446004942,scr2012,dem,electricity
NO,h1699,39.91674551580094,scr2012,dem,electricity
NO,h1700,39.6181144049816,scr2012,dem,electricity
NO,h1701,39.24640540916997,scr2012,dem,electricity
NO,h1702,39.219139348595306,scr2012,dem,electricity
NO,h1703,39.170915320793284,scr2012,dem,electricity
NO,h1704,39.01956933215966,scr2012,dem,electricity
NO,h1705,38.81140858217019,scr2012,dem,electricity
NO,h1706,38.74598507739282,scr2012,dem,electricity
NO,h1707,38.61485348175718,scr2012,dem,electricity
NO,h1708,38.5118722889239,scr2012,dem,electricity
NO,h1709,38.69118952196841,scr2012,dem,electricity
NO,h1710,39.48275558998182,scr2012,dem,electricity
NO,h1711,40.896848270822645,scr2012,dem,electricity
NO,h1712,42.55956927498423,scr2012,dem,electricity
NO,h1713,43.60044560419614,scr2012,dem,electricity
NO,h1714,43.5684285080017,scr2012,dem,electricity
NO,h1715,42.68906162682845,scr2012,dem,electricity
NO,h1716,41.46417110604219,scr2012,dem,electricity
NO,h1717,40.273659798530204,scr2012,dem,electricity
NO,h1718,39.17709850622593,scr2012,dem,electricity
NO,h1719,38.43273241094569,scr2012,dem,electricity
NO,h1720,38.436510326293785,scr2012,dem,electricity
NO,h1721,39.416246743680475,scr2012,dem,electricity
NO,h1722,40.576486010539284,scr2012,dem,electricity
NO,h1723,40.97670271554364,scr2012,dem,electricity
NO,h1724,40.40070577110849,scr2012,dem,electricity
NO,h1725,39.74376149326882,scr2012,dem,electricity
NO,h1726,39.46955023510644,scr2012,dem,electricity
NO,h1727,39.1894557397451,scr2012,dem,electricity
NO,h1728,38.80304389668301,scr2012,dem,electricity
NO,h1729,38.348710815783406,scr2012,dem,electricity
NO,h1730,38.045660026686846,scr2012,dem,electricity
NO,h1731,37.68781579341166,scr2012,dem,electricity
NO,h1732,37.37313977402424,scr2012,dem,electricity
NO,h1733,37.33193713732183,scr2012,dem,electricity
NO,h1734,37.87650683739396,scr2012,dem,electricity
NO,h1735,39.01901123425601,scr2012,dem,electricity
NO,h1736,40.43916745610285,scr2012,dem,electricity
NO,h1737,41.28599502630452,scr2012,dem,electricity
NO,h1738,41.13718846552763,scr2012,dem,electricity
NO,h1739,40.18119277855418,scr2012,dem,electricity
NO,h1740,38.90990174270328,scr2012,dem,electricity
NO,h1741,37.6883963131622,scr2012,dem,electricity
NO,h1742,36.57092698188313,scr2012,dem,electricity
NO,h1743,35.80022727552361,scr2012,dem,electricity
NO,h1744,35.70932839694777,scr2012,dem,electricity
NO,h1745,36.492284134649765,scr2012,dem,electricity
NO,h1746,37.44774813874753,scr2012,dem,electricity
NO,h1747,37.725208873933624,scr2012,dem,electricity
NO,h1748,37.16875933971944,scr2012,dem,electricity
NO,h1749,36.53479877677108,scr2012,dem,electricity
NO,h1750,36.24208315273266,scr2012,dem,electricity
NO,h1751,35.91559018296917,scr2012,dem,electricity
NO,h1752,35.47367922830506,scr2012,dem,electricity
NO,h1753,34.97250290986399,scr2012,dem,electricity
NO,h1754,34.61343175222953,scr2012,dem,electricity
NO,h1755,34.238618863669316,scr2012,dem,electricity
NO,h1756,33.929509421406976,scr2012,dem,electricity
NO,h1757,33.87844280666614,scr2012,dem,electricity
NO,h1758,34.35943428847193,scr2012,dem,electricity
NO,h1759,35.40896575791834,scr2012,dem,electricity
NO,h1760,36.75280667599469,scr2012,dem,electricity
NO,h1761,37.60097293696529,scr2012,dem,electricity
NO,h1762,37.52962561334944,scr2012,dem,electricity
NO,h1763,36.70845718078735,scr2012,dem,electricity
NO,h1764,35.602064136909775,scr2012,dem,electricity
NO,h1765,34.53564125460281,scr2012,dem,electricity
NO,h1766,33.55326320994648,scr2012,dem,electricity
NO,h1767,32.8542564385958,scr2012,dem,electricity
NO,h1768,32.74904589041854,scr2012,dem,electricity
NO,h1769,33.39689858467149,scr2012,dem,electricity
NO,h1770,34.20828793736469,scr2012,dem,electricity
NO,h1771,34.463429732207146,scr2012,dem,electricity
NO,h1772,34.01552200359875,scr2012,dem,electricity
NO,h1773,33.49276816316562,scr2012,dem,electricity
NO,h1774,33.21691992254246,scr2012,dem,electricity
NO,h1775,32.86758807747468,scr2012,dem,electricity
NO,h1776,32.400297830755136,scr2012,dem,electricity
NO,h1777,31.907730277565932,scr2012,dem,electricity
NO,h1778,31.543890360351885,scr2012,dem,electricity
NO,h1779,31.168985730410725,scr2012,dem,electricity
NO,h1780,30.844046077853584,scr2012,dem,electricity
NO,h1781,30.757019020851253,scr2012,dem,electricity
NO,h1782,31.161786704202044,scr2012,dem,electricity
NO,h1783,32.08379023038715,scr2012,dem,electricity
NO,h1784,33.308588363055605,scr2012,dem,electricity
NO,h1785,34.11412760018767,scr2012,dem,electricity
NO,h1786,34.102513520194464,scr2012,dem,electricity
NO,h1787,33.398699748813556,scr2012,dem,electricity
NO,h1788,32.42427460856841,scr2012,dem,electricity
NO,h1789,31.44291363464483,scr2012,dem,electricity
NO,h1790,30.52475057952463,scr2012,dem,electricity
NO,h1791,29.801741055191883,scr2012,dem,electricity
NO,h1792,29.577003038751425,scr2012,dem,electricity
NO,h1793,29.946594547409877,scr2012,dem,electricity
NO,h1794,30.502079613366583,scr2012,dem,electricity
NO,h1795,30.668513392529956,scr2012,dem,electricity
NO,h1796,30.30719446823129,scr2012,dem,electricity
NO,h1797,29.798942476025612,scr2012,dem,electricity
NO,h1798,29.408521519027406,scr2012,dem,electricity
NO,h1799,28.943849949698897,scr2012,dem,electricity
NO,h1800,28.52308357321806,scr2012,dem,electricity
NO,h1801,28.12490090827018,scr2012,dem,electricity
NO,h1802,27.8117785929356,scr2012,dem,electricity
NO,h1803,27.414386866237976,scr2012,dem,electricity
NO,h1804,27.052807342817392,scr2012,dem,electricity
NO,h1805,26.88045481949244,scr2012,dem,electricity
NO,h1806,27.035818442008395,scr2012,dem,electricity
NO,h1807,27.366963075805398,scr2012,dem,electricity
NO,h1808,27.67838440309178,scr2012,dem,electricity
NO,h1809,27.85068819604909,scr2012,dem,electricity
NO,h1810,27.88608119680814,scr2012,dem,electricity
NO,h1811,27.805260945261203,scr2012,dem,electricity
NO,h1812,27.426299715468833,scr2012,dem,electricity
NO,h1813,26.804845131809305,scr2012,dem,electricity
NO,h1814,26.083302822499416,scr2012,dem,electricity
NO,h1815,25.489108653099944,scr2012,dem,electricity
NO,h1816,25.30526476393075,scr2012,dem,electricity
NO,h1817,25.706252059584155,scr2012,dem,electricity
NO,h1818,26.389613195408355,scr2012,dem,electricity
NO,h1819,26.803264504564847,scr2012,dem,electricity
NO,h1820,26.72662082438165,scr2012,dem,electricity
NO,h1821,26.431980071894927,scr2012,dem,electricity
NO,h1822,26.173512741916642,scr2012,dem,electricity
NO,h1823,25.859754461949002,scr2012,dem,electricity
NO,h1824,25.596158708421672,scr2012,dem,electricity
NO,h1825,25.38366767053708,scr2012,dem,electricity
NO,h1826,25.24543126521835,scr2012,dem,electricity
NO,h1827,25.019609936324347,scr2012,dem,electricity
NO,h1828,24.793973601879497,scr2012,dem,electricity
NO,h1829,24.69664463268004,scr2012,dem,electricity
NO,h1830,24.881058466731023,scr2012,dem,electricity
NO,h1831,25.20054765646664,scr2012,dem,electricity
NO,h1832,25.441401605426705,scr2012,dem,electricity
NO,h1833,25.539981375785505,scr2012,dem,electricity
NO,h1834,25.537464617867624,scr2012,dem,electricity
NO,h1835,25.51377882957638,scr2012,dem,electricity
NO,h1836,25.285387029628552,scr2012,dem,electricity
NO,h1837,24.858602665682312,scr2012,dem,electricity
NO,h1838,24.3567115995018,scr2012,dem,electricity
NO,h1839,23.94358608461274,scr2012,dem,electricity
NO,h1840,23.895575076144752,scr2012,dem,electricity
NO,h1841,24.310817547500754,scr2012,dem,electricity
NO,h1842,24.899095757579104,scr2012,dem,electricity
NO,h1843,25.22068095142155,scr2012,dem,electricity
NO,h1844,25.18438645856364,scr2012,dem,electricity
NO,h1845,25.0817614077279,scr2012,dem,electricity
NO,h1846,25.035280375026726,scr2012,dem,electricity
NO,h1847,24.83032731503218,scr2012,dem,electricity
NO,h1848,24.499204430106843,scr2012,dem,electricity
NO,h1849,24.120335565389343,scr2012,dem,electricity
NO,h1850,23.834827189751238,scr2012,dem,electricity
NO,h1851,23.56829308592169,scr2012,dem,electricity
NO,h1852,23.392444261359373,scr2012,dem,electricity
NO,h1853,23.405949239843864,scr2012,dem,electricity
NO,h1854,23.79089320061154,scr2012,dem,electricity
NO,h1855,24.622155349400092,scr2012,dem,electricity
NO,h1856,25.821036386109697,scr2012,dem,electricity
NO,h1857,26.769216628682376,scr2012,dem,electricity
NO,h1858,27.08253831963544,scr2012,dem,electricity
NO,h1859,26.75927834595057,scr2012,dem,electricity
NO,h1860,26.168691052699337,scr2012,dem,electricity
NO,h1861,25.58189284371008,scr2012,dem,electricity
NO,h1862,25.048447976549802,scr2012,dem,electricity
NO,h1863,24.713193547135365,scr2012,dem,electricity
NO,h1864,24.74318960588735,scr2012,dem,electricity
NO,h1865,25.223269442371905,scr2012,dem,electricity
NO,h1866,25.818862508476972,scr2012,dem,electricity
NO,h1867,26.116301185527394,scr2012,dem,electricity
NO,h1868,26.11350413316489,scr2012,dem,electricity
NO,h1869,26.068340780941035,scr2012,dem,electricity
NO,h1870,26.136415233338976,scr2012,dem,electricity
NO,h1871,26.0051332556778,scr2012,dem,electricity
NO,h1872,25.737061222927068,scr2012,dem,electricity
NO,h1873,25.41173426611479,scr2012,dem,electricity
NO,h1874,25.20968815634407,scr2012,dem,electricity
NO,h1875,25.071573579359015,scr2012,dem,electricity
NO,h1876,25.052632444407546,scr2012,dem,electricity
NO,h1877,25.23501940635344,scr2012,dem,electricity
NO,h1878,25.81056863155301,scr2012,dem,electricity
NO,h1879,26.862927176293827,scr2012,dem,electricity
NO,h1880,28.239520889690272,scr2012,dem,electricity
NO,h1881,29.309577077660645,scr2012,dem,electricity
NO,h1882,29.651885185575946,scr2012,dem,electricity
NO,h1883,29.34078080495681,scr2012,dem,electricity
NO,h1884,28.750386383526504,scr2012,dem,electricity
NO,h1885,28.15423026172529,scr2012,dem,electricity
NO,h1886,27.599362320386156,scr2012,dem,electricity
NO,h1887,27.2346974861724,scr2012,dem,electricity
NO,h1888,27.295693107748708,scr2012,dem,electricity
NO,h1889,27.90969137951926,scr2012,dem,electricity
NO,h1890,28.645546418732167,scr2012,dem,electricity
NO,h1891,28.93145948999294,scr2012,dem,electricity
NO,h1892,28.74894076764835,scr2012,dem,electricity
NO,h1893,28.509490269658706,scr2012,dem,electricity
NO,h1894,28.45607095792462,scr2012,dem,electricity
NO,h1895,28.235295099180007,scr2012,dem,electricity
NO,h1896,27.87750498880168,scr2012,dem,electricity
NO,h1897,27.488886919918485,scr2012,dem,electricity
NO,h1898,27.223613156422243,scr2012,dem,electricity
NO,h1899,26.987455979792067,scr2012,dem,electricity
NO,h1900,26.828992167615226,scr2012,dem,electricity
NO,h1901,26.87253501769285,scr2012,dem,electricity
NO,h1902,27.322874797300262,scr2012,dem,electricity
NO,h1903,28.24481201564913,scr2012,dem,electricity
NO,h1904,29.490543849144576,scr2012,dem,electricity
NO,h1905,30.408506233241514,scr2012,dem,electricity
NO,h1906,30.603374369467186,scr2012,dem,electricity
NO,h1907,30.130338453296375,scr2012,dem,electricity
NO,h1908,29.376086824241646,scr2012,dem,electricity
NO,h1909,28.616481961273028,scr2012,dem,electricity
NO,h1910,27.914166164267215,scr2012,dem,electricity
NO,h1911,27.42958747176391,scr2012,dem,electricity
NO,h1912,27.382660601880097,scr2012,dem,electricity
NO,h1913,27.90647291334544,scr2012,dem,electricity
NO,h1914,28.56963364374821,scr2012,dem,electricity
NO,h1915,28.804733502132194,scr2012,dem,electricity
NO,h1916,28.58477110390845,scr2012,dem,electricity
NO,h1917,28.30606500668298,scr2012,dem,electricity
NO,h1918,28.209643889045125,scr2012,dem,electricity
NO,h1919,27.957363676554635,scr2012,dem,electricity
NO,h1920,27.570331576701015,scr2012,dem,electricity
NO,h1921,27.157280395889483,scr2012,dem,electricity
NO,h1922,26.860807343357667,scr2012,dem,electricity
NO,h1923,26.59632290416969,scr2012,dem,electricity
NO,h1924,26.416549423135123,scr2012,dem,electricity
NO,h1925,26.439821501888446,scr2012,dem,electricity
NO,h1926,26.86384384971986,scr2012,dem,electricity
NO,h1927,27.754627225086935,scr2012,dem,electricity
NO,h1928,28.96404859313544,scr2012,dem,electricity
NO,h1929,29.86125515121366,scr2012,dem,electricity
NO,h1930,30.046995489431378,scr2012,dem,electricity
NO,h1931,29.579171293417687,scr2012,dem,electricity
NO,h1932,28.84477950988779,scr2012,dem,electricity
NO,h1933,28.104932129139616,scr2012,dem,electricity
NO,h1934,27.427045963083323,scr2012,dem,electricity
NO,h1935,26.945447157501068,scr2012,dem,electricity
NO,h1936,26.889540898897067,scr2012,dem,electricity
NO,h1937,27.383347876261272,scr2012,dem,electricity
NO,h1938,28.01586834611544,scr2012,dem,electricity
NO,h1939,28.23321413370162,scr2012,dem,electricity
NO,h1940,28.015795946567415,scr2012,dem,electricity
NO,h1941,27.745023106003586,scr2012,dem,electricity
NO,h1942,27.647665891764316,scr2012,dem,electricity
NO,h1943,27.391591203785755,scr2012,dem,electricity
NO,h1944,27.011480902897322,scr2012,dem,electricity
NO,h1945,26.647870069044902,scr2012,dem,electricity
NO,h1946,26.397084193211196,scr2012,dem,electricity
NO,h1947,26.145517651440855,scr2012,dem,electricity
NO,h1948,25.956894239902464,scr2012,dem,electricity
NO,h1949,25.959665701344907,scr2012,dem,electricity
NO,h1950,26.37846677319099,scr2012,dem,electricity
NO,h1951,27.24280040796449,scr2012,dem,electricity
NO,h1952,28.46587668950281,scr2012,dem,electricity
NO,h1953,29.38761103883436,scr2012,dem,electricity
NO,h1954,29.602116648050487,scr2012,dem,electricity
NO,h1955,29.160106925002562,scr2012,dem,electricity
NO,h1956,28.45598974814644,scr2012,dem,electricity
NO,h1957,27.754106909984714,scr2012,dem,electricity
NO,h1958,27.082021887488327,scr2012,dem,electricity
NO,h1959,26.58504283760913,scr2012,dem,electricity
NO,h1960,26.49471993076639,scr2012,dem,electricity
NO,h1961,26.92450099361172,scr2012,dem,electricity
NO,h1962,27.50982945644704,scr2012,dem,electricity
NO,h1963,27.75613831784929,scr2012,dem,electricity
NO,h1964,27.589604050623297,scr2012,dem,electricity
NO,h1965,27.29791925568382,scr2012,dem,electricity
NO,h1966,27.121231962397452,scr2012,dem,electricity
NO,h1967,26.843437194710397,scr2012,dem,electricity
NO,h1968,26.592212182077017,scr2012,dem,electricity
NO,h1969,26.34329319749723,scr2012,dem,electricity
NO,h1970,26.17290453399302,scr2012,dem,electricity
NO,h1971,25.93212334381521,scr2012,dem,electricity
NO,h1972,25.751883821306148,scr2012,dem,electricity
NO,h1973,25.74223225585554,scr2012,dem,electricity
NO,h1974,26.04532644719111,scr2012,dem,electricity
NO,h1975,26.49879386680069,scr2012,dem,electricity
NO,h1976,26.94520499268535,scr2012,dem,electricity
NO,h1977,27.263700667918005,scr2012,dem,electricity
NO,h1978,27.44383730961686,scr2012,dem,electricity
NO,h1979,27.478743611328277,scr2012,dem,electricity
NO,h1980,27.199385972338014,scr2012,dem,electricity
NO,h1981,26.680449421923544,scr2012,dem,electricity
NO,h1982,26.059650541639723,scr2012,dem,electricity
NO,h1983,25.560712073740454,scr2012,dem,electricity
NO,h1984,25.472421384855444,scr2012,dem,electricity
NO,h1985,25.977360614082237,scr2012,dem,electricity
NO,h1986,26.75498298441575,scr2012,dem,electricity
NO,h1987,27.18308101720654,scr2012,dem,electricity
NO,h1988,27.124082987640588,scr2012,dem,electricity
NO,h1989,26.847910213191287,scr2012,dem,electricity
NO,h1990,26.690638173263764,scr2012,dem,electricity
NO,h1991,26.470639348460423,scr2012,dem,electricity
NO,h1992,26.31025549670564,scr2012,dem,electricity
NO,h1993,26.184825555162053,scr2012,dem,electricity
NO,h1994,26.049962951608496,scr2012,dem,electricity
NO,h1995,25.812216099148017,scr2012,dem,electricity
NO,h1996,25.55277158488294,scr2012,dem,electricity
NO,h1997,25.493830207672023,scr2012,dem,electricity
NO,h1998,25.74261842555364,scr2012,dem,electricity
NO,h1999,26.175381596925142,scr2012,dem,electricity
NO,h2000,26.533972385233184,scr2012,dem,electricity
NO,h2001,26.73550285799443,scr2012,dem,electricity
NO,h2002,26.817408852737795,scr2012,dem,electricity
NO,h2003,26.880658178477006,scr2012,dem,electricity
NO,h2004,26.716597003815664,scr2012,dem,electricity
NO,h2005,26.30901964922605,scr2012,dem,electricity
NO,h2006,25.790472602822355,scr2012,dem,electricity
NO,h2007,25.37672589055593,scr2012,dem,electricity
NO,h2008,25.371267970870782,scr2012,dem,electricity
NO,h2009,25.8882302148741,scr2012,dem,electricity
NO,h2010,26.56683628736155,scr2012,dem,electricity
NO,h2011,26.847551473707316,scr2012,dem,electricity
NO,h2012,26.607819482666095,scr2012,dem,electricity
NO,h2013,26.47551404411145,scr2012,dem,electricity
NO,h2014,26.630696918699407,scr2012,dem,electricity
NO,h2015,26.75787967370324,scr2012,dem,electricity
NO,h2016,26.61897922499542,scr2012,dem,electricity
NO,h2017,26.31386624503791,scr2012,dem,electricity
NO,h2018,26.0668528087938,scr2012,dem,electricity
NO,h2019,25.796770095456296,scr2012,dem,electricity
NO,h2020,25.59623675702786,scr2012,dem,electricity
NO,h2021,25.614320153163476,scr2012,dem,electricity
NO,h2022,26.037469733502114,scr2012,dem,electricity
NO,h2023,26.940225247093416,scr2012,dem,electricity
NO,h2024,28.141838119267618,scr2012,dem,electricity
NO,h2025,29.07541870641762,scr2012,dem,electricity
NO,h2026,29.34989686135824,scr2012,dem,electricity
NO,h2027,29.025668509874656,scr2012,dem,electricity
NO,h2028,28.368463998801793,scr2012,dem,electricity
NO,h2029,27.6418169615337,scr2012,dem,electricity
NO,h2030,26.919212695578654,scr2012,dem,electricity
NO,h2031,26.399954278830492,scr2012,dem,electricity
NO,h2032,26.29355259053992,scr2012,dem,electricity
NO,h2033,26.675457833042078,scr2012,dem,electricity
NO,h2034,27.14350803975351,scr2012,dem,electricity
NO,h2035,27.12684471803357,scr2012,dem,electricity
NO,h2036,26.65054841433932,scr2012,dem,electricity
NO,h2037,26.314478145553693,scr2012,dem,electricity
NO,h2038,26.348928098131402,scr2012,dem,electricity
NO,h2039,26.305794965902912,scr2012,dem,electricity
NO,h2040,25.956782211239386,scr2012,dem,electricity
NO,h2041,25.42218210168634,scr2012,dem,electricity
NO,h2042,24.97625428818513,scr2012,dem,electricity
NO,h2043,24.58081812061299,scr2012,dem,electricity
NO,h2044,24.295477844379267,scr2012,dem,electricity
NO,h2045,24.224115988871255,scr2012,dem,electricity
NO,h2046,24.523030135060615,scr2012,dem,electricity
NO,h2047,25.30889280812258,scr2012,dem,electricity
NO,h2048,26.40690072755077,scr2012,dem,electricity
NO,h2049,27.265762176719182,scr2012,dem,electricity
NO,h2050,27.473478376546506,scr2012,dem,electricity
NO,h2051,27.103361976984626,scr2012,dem,electricity
NO,h2052,26.45753056317494,scr2012,dem,electricity
NO,h2053,25.7633848818019,scr2012,dem,electricity
NO,h2054,25.10205561317238,scr2012,dem,electricity
NO,h2055,24.621369653531886,scr2012,dem,electricity
NO,h2056,24.506374580379298,scr2012,dem,electricity
NO,h2057,24.826251991357086,scr2012,dem,electricity
NO,h2058,25.214686708964024,scr2012,dem,electricity
NO,h2059,25.17859636291597,scr2012,dem,electricity
NO,h2060,24.72610961171315,scr2012,dem,electricity
NO,h2061,24.427445488644455,scr2012,dem,electricity
NO,h2062,24.440212247663013,scr2012,dem,electricity
NO,h2063,24.375832293583386,scr2012,dem,electricity
NO,h2064,24.016742762322437,scr2012,dem,electricity
NO,h2065,23.538583364457995,scr2012,dem,electricity
NO,h2066,23.140307261357034,scr2012,dem,electricity
NO,h2067,22.791587482170062,scr2012,dem,electricity
NO,h2068,22.527676102997738,scr2012,dem,electricity
NO,h2069,22.46435297639353,scr2012,dem,electricity
NO,h2070,22.7408373834967,scr2012,dem,electricity
NO,h2071,23.4812333080774,scr2012,dem,electricity
NO,h2072,24.55923435556711,scr2012,dem,electricity
NO,h2073,25.437359454454203,scr2012,dem,electricity
NO,h2074,25.718740781469954,scr2012,dem,electricity
NO,h2075,25.43424145363974,scr2012,dem,electricity
NO,h2076,24.873301679422067,scr2012,dem,electricity
NO,h2077,24.254789364794327,scr2012,dem,electricity
NO,h2078,23.65995266359016,scr2012,dem,electricity
NO,h2079,23.237940358767432,scr2012,dem,electricity
NO,h2080,23.13182010975562,scr2012,dem,electricity
NO,h2081,23.40796269159941,scr2012,dem,electricity
NO,h2082,23.742366703406542,scr2012,dem,electricity
NO,h2083,23.704529203054406,scr2012,dem,electricity
NO,h2084,23.31113513566788,scr2012,dem,electricity
NO,h2085,23.070442383609674,scr2012,dem,electricity
NO,h2086,23.11286445994322,scr2012,dem,electricity
NO,h2087,23.07311966427988,scr2012,dem,electricity
NO,h2088,22.736554498237645,scr2012,dem,electricity
NO,h2089,22.278975078088116,scr2012,dem,electricity
NO,h2090,21.89367044278577,scr2012,dem,electricity
NO,h2091,21.57302768710131,scr2012,dem,electricity
NO,h2092,21.351213019989174,scr2012,dem,electricity
NO,h2093,21.326850115661077,scr2012,dem,electricity
NO,h2094,21.628170440302682,scr2012,dem,electricity
NO,h2095,22.3890361934754,scr2012,dem,electricity
NO,h2096,23.492042916420797,scr2012,dem,electricity
NO,h2097,24.42047015916328,scr2012,dem,electricity
NO,h2098,24.765083186894483,scr2012,dem,electricity
NO,h2099,24.556221062565935,scr2012,dem,electricity
NO,h2100,24.087136132447583,scr2012,dem,electricity
NO,h2101,23.564614642488838,scr2012,dem,electricity
NO,h2102,23.069307518117895,scr2012,dem,electricity
NO,h2103,22.72459615879149,scr2012,dem,electricity
NO,h2104,22.68819510285119,scr2012,dem,electricity
NO,h2105,23.026407197167725,scr2012,dem,electricity
NO,h2106,23.431778430503158,scr2012,dem,electricity
NO,h2107,23.477179209142278,scr2012,dem,electricity
NO,h2108,23.16802083657662,scr2012,dem,electricity
NO,h2109,23.007624513106208,scr2012,dem,electricity
NO,h2110,23.125943355758544,scr2012,dem,electricity
NO,h2111,23.165570245725796,scr2012,dem,electricity
NO,h2112,22.922730262499172,scr2012,dem,electricity
NO,h2113,22.58449862619019,scr2012,dem,electricity
NO,h2114,22.316916332235753,scr2012,dem,electricity
NO,h2115,22.076392315958486,scr2012,dem,electricity
NO,h2116,21.910444790638277,scr2012,dem,electricity
NO,h2117,21.938056533578457,scr2012,dem,electricity
NO,h2118,22.313207052947103,scr2012,dem,electricity
NO,h2119,23.14731788172489,scr2012,dem,electricity
NO,h2120,24.369765466401038,scr2012,dem,electricity
NO,h2121,25.39987155149199,scr2012,dem,electricity
NO,h2122,25.787197255040063,scr2012,dem,electricity
NO,h2123,25.572830075548485,scr2012,dem,electricity
NO,h2124,25.073677296394184,scr2012,dem,electricity
NO,h2125,24.550506153668174,scr2012,dem,electricity
NO,h2126,23.999331715279286,scr2012,dem,electricity
NO,h2127,23.59665593397733,scr2012,dem,electricity
NO,h2128,23.501858938348,scr2012,dem,electricity
NO,h2129,23.804234579235263,scr2012,dem,electricity
NO,h2130,24.186280458066108,scr2012,dem,electricity
NO,h2131,24.2321154172311,scr2012,dem,electricity
NO,h2132,23.876992166368616,scr2012,dem,electricity
NO,h2133,23.597879109012734,scr2012,dem,electricity
NO,h2134,23.566569362447446,scr2012,dem,electricity
NO,h2135,23.537934422431896,scr2012,dem,electricity
NO,h2136,23.354588159674243,scr2012,dem,electricity
NO,h2137,23.05225626452744,scr2012,dem,electricity
NO,h2138,22.780508456967297,scr2012,dem,electricity
NO,h2139,22.47163167028234,scr2012,dem,electricity
NO,h2140,22.238247413076742,scr2012,dem,electricity
NO,h2141,22.174154744394052,scr2012,dem,electricity
NO,h2142,22.37601815573703,scr2012,dem,electricity
NO,h2143,22.738882352749403,scr2012,dem,electricity
NO,h2144,23.12687336808298,scr2012,dem,electricity
NO,h2145,23.46809660498782,scr2012,dem,electricity
NO,h2146,23.731455823002964,scr2012,dem,electricity
NO,h2147,23.91259826971095,scr2012,dem,electricity
NO,h2148,23.79140602908891,scr2012,dem,electricity
NO,h2149,23.408165870819012,scr2012,dem,electricity
NO,h2150,22.882058153202316,scr2012,dem,electricity
NO,h2151,22.435808338014933,scr2012,dem,electricity
NO,h2152,22.311309330363773,scr2012,dem,electricity
NO,h2153,22.630613587639246,scr2012,dem,electricity
NO,h2154,23.150622909587657,scr2012,dem,electricity
NO,h2155,23.34420518944762,scr2012,dem,electricity
NO,h2156,23.098596963784868,scr2012,dem,electricity
NO,h2157,22.830563145589135,scr2012,dem,electricity
NO,h2158,22.803148192880098,scr2012,dem,electricity
NO,h2159,22.799941078131845,scr2012,dem,electricity
NO,h2160,22.693182064893595,scr2012,dem,electricity
PL,h1441,57.31980355576707,scr2012,dem,electricity
PL,h1442,57.069271414724426,scr2012,dem,electricity
PL,h1443,56.754293891272,scr2012,dem,electricity
PL,h1444,56.543154950308065,scr2012,dem,electricity
PL,h1445,56.82256160507153,scr2012,dem,electricity
PL,h1446,58.054938912975835,scr2012,dem,electricity
PL,h1447,60.238389266764074,scr2012,dem,electricity
PL,h1448,62.65053821727063,scr2012,dem,electricity
PL,h1449,64.24508687470534,scr2012,dem,electricity
PL,h1450,64.42369364473234,scr2012,dem,electricity
PL,h1451,63.468010934866356,scr2012,dem,electricity
PL,h1452,62.07477952278874,scr2012,dem,electricity
PL,h1453,60.58171176825324,scr2012,dem,electricity
PL,h1454,59.23672402710717,scr2012,dem,electricity
PL,h1455,58.201102458078736,scr2012,dem,electricity
PL,h1456,58.26687610974959,scr2012,dem,electricity
PL,h1457,59.85119797494157,scr2012,dem,electricity
PL,h1458,62.0677302882397,scr2012,dem,electricity
PL,h1459,63.30702117771192,scr2012,dem,electricity
PL,h1460,62.9499646682771,scr2012,dem,electricity
PL,h1461,62.08902993915234,scr2012,dem,electricity
PL,h1462,61.48156964566395,scr2012,dem,electricity
PL,h1463,60.81553198667478,scr2012,dem,electricity
PL,h1464,60.13916083156149,scr2012,dem,electricity
PL,h1465,59.57993576821272,scr2012,dem,electricity
PL,h1466,59.42017454810096,scr2012,dem,electricity
PL,h1467,59.12300509331848,scr2012,dem,electricity
PL,h1468,58.87794549746615,scr2012,dem,electricity
PL,h1469,59.08409868136027,scr2012,dem,electricity
PL,h1470,60.13129513409026,scr2012,dem,electricity
PL,h1471,61.752279198399926,scr2012,dem,electricity
PL,h1472,63.45777414509236,scr2012,dem,electricity
PL,h1473,64.56096839785955,scr2012,dem,electricity
PL,h1474,64.7905790013685,scr2012,dem,electricity
PL,h1475,64.18186631899258,scr2012,dem,electricity
PL,h1476,63.00489751373014,scr2012,dem,electricity
PL,h1477,61.519585619848314,scr2012,dem,electricity
PL,h1478,60.02965829631762,scr2012,dem,electricity
PL,h1479,58.859681202112874,scr2012,dem,electricity
PL,h1480,58.910868841245886,scr2012,dem,electricity
PL,h1481,60.648678945095014,scr2012,dem,electricity
PL,h1482,63.061744225088695,scr2012,dem,electricity
PL,h1483,64.46802680418766,scr2012,dem,electricity
PL,h1484,64.10576789462826,scr2012,dem,electricity
PL,h1485,63.28413215082931,scr2012,dem,electricity
PL,h1486,62.787957443632344,scr2012,dem,electricity
PL,h1487,62.40668552665256,scr2012,dem,electricity
PL,h1488,62.0367022187502,scr2012,dem,electricity
PL,h1489,61.70234886428735,scr2012,dem,electricity
PL,h1490,61.6599616226903,scr2012,dem,electricity
PL,h1491,61.39439604842106,scr2012,dem,electricity
PL,h1492,61.16374466439153,scr2012,dem,electricity
PL,h1493,61.398394624766276,scr2012,dem,electricity
PL,h1494,62.52268764005011,scr2012,dem,electricity
PL,h1495,64.1068940259803,scr2012,dem,electricity
PL,h1496,65.61011747684482,scr2012,dem,electricity
PL,h1497,66.3428563257289,scr2012,dem,electricity
PL,h1498,66.25818269314753,scr2012,dem,electricity
PL,h1499,65.46993755806979,scr2012,dem,electricity
PL,h1500,64.20229931472979,scr2012,dem,electricity
PL,h1501,62.67056367945923,scr2012,dem,electricity
PL,h1502,61.105836765060204,scr2012,dem,electricity
PL,h1503,59.92853301724415,scr2012,dem,electricity
PL,h1504,60.0213196007298,scr2012,dem,electricity
PL,h1505,61.893556300796845,scr2012,dem,electricity
PL,h1506,64.42530059639212,scr2012,dem,electricity
PL,h1507,65.9401679615732,scr2012,dem,electricity
PL,h1508,65.68554678775658,scr2012,dem,electricity
PL,h1509,64.9781558093687,scr2012,dem,electricity
PL,h1510,64.60710524472324,scr2012,dem,electricity
PL,h1511,64.31156999009967,scr2012,dem,electricity
PL,h1512,63.99463309908493,scr2012,dem,electricity
PL,h1513,63.7194569294414,scr2012,dem,electricity
PL,h1514,63.753936792257896,scr2012,dem,electricity
PL,h1515,63.60134574628555,scr2012,dem,electricity
PL,h1516,63.453566747690466,scr2012,dem,electricity
PL,h1517,63.80861927383426,scr2012,dem,electricity
PL,h1518,65.30012729962431,scr2012,dem,electricity
PL,h1519,67.9489268689461,scr2012,dem,electricity
PL,h1520,70.88483160580824,scr2012,dem,electricity
PL,h1521,72.80896328499345,scr2012,dem,electricity
PL,h1522,73.00949709362555,scr2012,dem,electricity
PL,h1523,71.82275218769493,scr2012,dem,electricity
PL,h1524,70.08563751346146,scr2012,dem,electricity
PL,h1525,68.22722448485507,scr2012,dem,electricity
PL,h1526,66.56496270134784,scr2012,dem,electricity
PL,h1527,65.30647587291853,scr2012,dem,electricity
PL,h1528,65.38943727670296,scr2012,dem,electricity
PL,h1529,67.27337624315,scr2012,dem,electricity
PL,h1530,69.77624774278937,scr2012,dem,electricity
PL,h1531,71.08757406421047,scr2012,dem,electricity
PL,h1532,70.54048537919279,scr2012,dem,electricity
PL,h1533,69.55945405908957,scr2012,dem,electricity
PL,h1534,68.92051943951414,scr2012,dem,electricity
PL,h1535,68.21577533387709,scr2012,dem,electricity
PL,h1536,67.4714366172338,scr2012,dem,electricity
PL,h1537,66.86519075692307,scr2012,dem,electricity
PL,h1538,66.7426189632657,scr2012,dem,electricity
PL,h1539,66.46896283269936,scr2012,dem,electricity
PL,h1540,66.25866182802301,scr2012,dem,electricity
PL,h1541,66.57704198596589,scr2012,dem,electricity
PL,h1542,67.99269227253212,scr2012,dem,electricity
PL,h1543,70.43820219926995,scr2012,dem,electricity
PL,h1544,73.09506135026672,scr2012,dem,electricity
PL,h1545,74.71658325084262,scr2012,dem,electricity
PL,h1546,74.67786353530701,scr2012,dem,electricity
PL,h1547,73.31900130295466,scr2012,dem,electricity
PL,h1548,71.47066667434912,scr2012,dem,electricity
PL,h1549,69.54337838825447,scr2012,dem,electricity
PL,h1550,67.80198614001634,scr2012,dem,electricity
PL,h1551,66.48972905436499,scr2012,dem,electricity
PL,h1552,66.52729967114323,scr2012,dem,electricity
PL,h1553,68.39460861904315,scr2012,dem,electricity
PL,h1554,70.86550435272501,scr2012,dem,electricity
PL,h1555,72.11654318113409,scr2012,dem,electricity
PL,h1556,71.48884913409236,scr2012,dem,electricity
PL,h1557,70.42417298148821,scr2012,dem,electricity
PL,h1558,69.71634068450409,scr2012,dem,electricity
PL,h1559,68.9403897403938,scr2012,dem,electricity
PL,h1560,68.12601672023608,scr2012,dem,electricity
PL,h1561,67.44121617818791,scr2012,dem,electricity
PL,h1562,67.23470249213467,scr2012,dem,electricity
PL,h1563,66.86889370945767,scr2012,dem,electricity
PL,h1564,66.56109561059868,scr2012,dem,electricity
PL,h1565,66.78168247593828,scr2012,dem,electricity
PL,h1566,68.08670007067859,scr2012,dem,electricity
PL,h1567,70.42394112825967,scr2012,dem,electricity
PL,h1568,72.97926851082468,scr2012,dem,electricity
PL,h1569,74.51169896999234,scr2012,dem,electricity
PL,h1570,74.39022527202337,scr2012,dem,electricity
PL,h1571,72.95296836664203,scr2012,dem,electricity
PL,h1572,71.03664279324039,scr2012,dem,electricity
PL,h1573,69.04507979682147,scr2012,dem,electricity
PL,h1574,67.24632382061317,scr2012,dem,electricity
PL,h1575,65.8740852771074,scr2012,dem,electricity
PL,h1576,65.84450679883696,scr2012,dem,electricity
PL,h1577,67.6014171974759,scr2012,dem,electricity
PL,h1578,69.94301964928995,scr2012,dem,electricity
PL,h1579,71.10588991041558,scr2012,dem,electricity
PL,h1580,70.45837903132778,scr2012,dem,electricity
PL,h1581,69.38775838746169,scr2012,dem,electricity
PL,h1582,68.63873534488526,scr2012,dem,electricity
PL,h1583,67.77981781041946,scr2012,dem,electricity
PL,h1584,66.88434132672242,scr2012,dem,electricity
PL,h1585,66.11653601693564,scr2012,dem,electricity
PL,h1586,65.84030526389604,scr2012,dem,electricity
PL,h1587,65.41216119217334,scr2012,dem,electricity
PL,h1588,65.04949152722149,scr2012,dem,electricity
PL,h1589,65.20593414231708,scr2012,dem,electricity
PL,h1590,66.41274009673776,scr2012,dem,electricity
PL,h1591,68.62739653432293,scr2012,dem,electricity
PL,h1592,71.07101519221254,scr2012,dem,electricity
PL,h1593,72.54186480465339,scr2012,dem,electricity
PL,h1594,72.40837458421943,scr2012,dem,electricity
PL,h1595,70.9839284747269,scr2012,dem,electricity
PL,h1596,69.09399912458939,scr2012,dem,electricity
PL,h1597,67.13552133022408,scr2012,dem,electricity
PL,h1598,65.36786416022832,scr2012,dem,electricity
PL,h1599,63.9999580561288,scr2012,dem,electricity
PL,h1600,63.911231351731296,scr2012,dem,electricity
PL,h1601,65.52539323279105,scr2012,dem,electricity
PL,h1602,67.70271552238144,scr2012,dem,electricity
PL,h1603,68.78819310741565,scr2012,dem,electricity
PL,h1604,68.15789404492912,scr2012,dem,electricity
PL,h1605,67.11816414602195,scr2012,dem,electricity
PL,h1606,66.34654311745916,scr2012,dem,electricity
PL,h1607,65.43595799696806,scr2012,dem,electricity
PL,h1608,64.47763013815252,scr2012,dem,electricity
PL,h1609,63.64176512844879,scr2012,dem,electricity
PL,h1610,63.28804727444226,scr2012,dem,electricity
PL,h1611,62.80529470093005,scr2012,dem,electricity
PL,h1612,62.39180067793025,scr2012,dem,electricity
PL,h1613,62.49588579688923,scr2012,dem,electricity
PL,h1614,63.60552110831057,scr2012,dem,electricity
PL,h1615,65.70242620953549,scr2012,dem,electricity
PL,h1616,68.02062410730326,scr2012,dem,electricity
PL,h1617,69.43895539737741,scr2012,dem,electricity
PL,h1618,69.34396420958845,scr2012,dem,electricity
PL,h1619,68.02742181175468,scr2012,dem,electricity
PL,h1620,66.2676832564967,scr2012,dem,electricity
PL,h1621,64.42247516853614,scr2012,dem,electricity
PL,h1622,62.75522954223111,scr2012,dem,electricity
PL,h1623,61.44876197789229,scr2012,dem,electricity
PL,h1624,61.344857911603654,scr2012,dem,electricity
PL,h1625,62.857190571861494,scr2012,dem,electricity
PL,h1626,64.90847714294024,scr2012,dem,electricity
PL,h1627,65.94566387721781,scr2012,dem,electricity
PL,h1628,65.35417218660129,scr2012,dem,electricity
PL,h1629,64.35191996396891,scr2012,dem,electricity
PL,h1630,63.592984501228585,scr2012,dem,electricity
PL,h1631,62.73024398797329,scr2012,dem,electricity
PL,h1632,61.861902271799444,scr2012,dem,electricity
PL,h1633,61.11003659572163,scr2012,dem,electricity
PL,h1634,60.76625543861715,scr2012,dem,electricity
PL,h1635,60.26942549762092,scr2012,dem,electricity
PL,h1636,59.8125255521244,scr2012,dem,electricity
PL,h1637,59.80782825191239,scr2012,dem,electricity
PL,h1638,60.610873167327206,scr2012,dem,electricity
PL,h1639,61.98649272166315,scr2012,dem,electricity
PL,h1640,63.484351154678336,scr2012,dem,electricity
PL,h1641,64.40375638169336,scr2012,dem,electricity
PL,h1642,64.4323959087999,scr2012,dem,electricity
PL,h1643,63.56570289665907,scr2012,dem,electricity
PL,h1644,62.14153316526509,scr2012,dem,electricity
PL,h1645,60.43908049274249,scr2012,dem,electricity
PL,h1646,58.75164558031404,scr2012,dem,electricity
PL,h1647,57.38183100021617,scr2012,dem,electricity
PL,h1648,57.18258199647853,scr2012,dem,electricity
PL,h1649,58.58368867630312,scr2012,dem,electricity
PL,h1650,60.553534633939144,scr2012,dem,electricity
PL,h1651,61.623939282981404,scr2012,dem,electricity
PL,h1652,61.10702901078053,scr2012,dem,electricity
PL,h1653,60.18557006382928,scr2012,dem,electricity
PL,h1654,59.48238025703386,scr2012,dem,electricity
PL,h1655,58.77845019893934,scr2012,dem,electricity
PL,h1656,58.09630407281278,scr2012,dem,electricity
PL,h1657,57.46361140817577,scr2012,dem,electricity
PL,h1658,57.12787696067786,scr2012,dem,electricity
PL,h1659,56.61568863238392,scr2012,dem,electricity
PL,h1660,56.15960365627994,scr2012,dem,electricity
PL,h1661,56.13999078958159,scr2012,dem,electricity
PL,h1662,56.897714644441315,scr2012,dem,electricity
PL,h1663,58.09621333436651,scr2012,dem,electricity
PL,h1664,59.27751691577183,scr2012,dem,electricity
PL,h1665,59.84946047192797,scr2012,dem,electricity
PL,h1666,59.71545514372409,scr2012,dem,electricity
PL,h1667,58.949556017844145,scr2012,dem,electricity
PL,h1668,57.75731030632031,scr2012,dem,electricity
PL,h1669,56.33433851888856,scr2012,dem,electricity
PL,h1670,54.881904721881355,scr2012,dem,electricity
PL,h1671,53.75773167321853,scr2012,dem,electricity
PL,h1672,53.72376929540418,scr2012,dem,electricity
PL,h1673,55.22474932111241,scr2012,dem,electricity
PL,h1674,57.28345954758884,scr2012,dem,electricity
PL,h1675,58.586472057163455,scr2012,dem,electricity
PL,h1676,58.47856746495148,scr2012,dem,electricity
PL,h1677,57.973170911045436,scr2012,dem,electricity
PL,h1678,57.61914730947983,scr2012,dem,electricity
PL,h1679,57.17628152519232,scr2012,dem,electricity
PL,h1680,56.706729609486715,scr2012,dem,electricity
PL,h1681,56.27882255848379,scr2012,dem,electricity
PL,h1682,56.15834289616373,scr2012,dem,electricity
PL,h1683,55.92942729823557,scr2012,dem,electricity
PL,h1684,55.74110657765082,scr2012,dem,electricity
PL,h1685,56.004906210043174,scr2012,dem,electricity
PL,h1686,57.22683800223639,scr2012,dem,electricity
PL,h1687,59.531818477681796,scr2012,dem,electricity
PL,h1688,62.17727828756119,scr2012,dem,electricity
PL,h1689,64.01483608836723,scr2012,dem,electricity
PL,h1690,64.28342377958067,scr2012,dem,electricity
PL,h1691,63.251657876161815,scr2012,dem,electricity
PL,h1692,61.71005227257833,scr2012,dem,electricity
PL,h1693,60.05274098353177,scr2012,dem,electricity
PL,h1694,58.55108894820528,scr2012,dem,electricity
PL,h1695,57.35255289443523,scr2012,dem,electricity
PL,h1696,57.24211124585471,scr2012,dem,electricity
PL,h1697,58.585555775492566,scr2012,dem,electricity
PL,h1698,60.3928908056969,scr2012,dem,electricity
PL,h1699,61.33105011625832,scr2012,dem,electricity
PL,h1700,60.8473872397561,scr2012,dem,electricity
PL,h1701,59.99206622103831,scr2012,dem,electricity
PL,h1702,59.19232208836214,scr2012,dem,electricity
PL,h1703,58.13182144025147,scr2012,dem,electricity
PL,h1704,56.989843906237645,scr2012,dem,electricity
PL,h1705,55.98512830941634,scr2012,dem,electricity
PL,h1706,55.44662959818648,scr2012,dem,electricity
PL,h1707,54.85953302818388,scr2012,dem,electricity
PL,h1708,54.39403902668695,scr2012,dem,electricity
PL,h1709,54.38551091740371,scr2012,dem,electricity
PL,h1710,55.22943376120321,scr2012,dem,electricity
PL,h1711,57.00721563848858,scr2012,dem,electricity
PL,h1712,59.0857607145403,scr2012,dem,electricity
PL,h1713,60.45213692291658,scr2012,dem,electricity
PL,h1714,60.436512751880926,scr2012,dem,electricity
PL,h1715,59.27139339740174,scr2012,dem,electricity
PL,h1716,57.70753857655789,scr2012,dem,electricity
PL,h1717,56.097139994516034,scr2012,dem,electricity
PL,h1718,54.65655135664158,scr2012,dem,electricity
PL,h1719,53.496628073476884,scr2012,dem,electricity
PL,h1720,53.302817849702386,scr2012,dem,electricity
PL,h1721,54.39692222998125,scr2012,dem,electricity
PL,h1722,55.939238257453646,scr2012,dem,electricity
PL,h1723,56.79272081687267,scr2012,dem,electricity
PL,h1724,56.44775995823379,scr2012,dem,electricity
PL,h1725,55.749283590308906,scr2012,dem,electricity
PL,h1726,54.999776140035166,scr2012,dem,electricity
PL,h1727,53.936165227323116,scr2012,dem,electricity
PL,h1728,52.78830743677376,scr2012,dem,electricity
PL,h1729,51.80079973834641,scr2012,dem,electricity
PL,h1730,51.282264209752036,scr2012,dem,electricity
PL,h1731,50.77209463568614,scr2012,dem,electricity
PL,h1732,50.40056304679621,scr2012,dem,electricity
PL,h1733,50.47229476895344,scr2012,dem,electricity
PL,h1734,51.33285839725893,scr2012,dem,electricity
PL,h1735,53.10999919812438,scr2012,dem,electricity
PL,h1736,55.22902024744697,scr2012,dem,electricity
PL,h1737,56.736998118115785,scr2012,dem,electricity
PL,h1738,56.942281921159726,scr2012,dem,electricity
PL,h1739,56.035480644184155,scr2012,dem,electricity
PL,h1740,54.741158033091025,scr2012,dem,electricity
PL,h1741,53.38968386522442,scr2012,dem,electricity
PL,h1742,52.1930057280695,scr2012,dem,electricity
PL,h1743,51.234577662196585,scr2012,dem,electricity
PL,h1744,51.18075034140713,scr2012,dem,electricity
PL,h1745,52.32613984766777,scr2012,dem,electricity
PL,h1746,53.901633452751966,scr2012,dem,electricity
PL,h1747,54.85987094948163,scr2012,dem,electricity
PL,h1748,54.72395666978746,scr2012,dem,electricity
PL,h1749,54.251139165398754,scr2012,dem,electricity
PL,h1750,53.6836188956568,scr2012,dem,electricity
PL,h1751,52.75453041375527,scr2012,dem,electricity
PL,h1752,51.74421221450814,scr2012,dem,electricity
PL,h1753,50.89517881632789,scr2012,dem,electricity
PL,h1754,50.53032891938888,scr2012,dem,electricity
PL,h1755,50.177882041626965,scr2012,dem,electricity
PL,h1756,49.968915220837474,scr2012,dem,electricity
PL,h1757,50.20149263182883,scr2012,dem,electricity
PL,h1758,51.21538624496155,scr2012,dem,electricity
PL,h1759,53.1420945533611,scr2012,dem,electricity
PL,h1760,55.42585158108767,scr2012,dem,electricity
PL,h1761,57.11445209057601,scr2012,dem,electricity
PL,h1762,57.50083031072575,scr2012,dem,electricity
PL,h1763,56.753675588149484,scr2012,dem,electricity
PL,h1764,55.59833301141296,scr2012,dem,electricity
PL,h1765,54.369544181646454,scr2012,dem,electricity
PL,h1766,53.28087267563404,scr2012,dem,electricity
PL,h1767,52.43218681835039,scr2012,dem,electricity
PL,h1768,52.513018966508106,scr2012,dem,electricity
PL,h1769,53.85425849776944,scr2012,dem,electricity
PL,h1770,55.62140134692077,scr2012,dem,electricity
PL,h1771,56.71916655894924,scr2012,dem,electricity
PL,h1772,56.642226654681345,scr2012,dem,electricity
PL,h1773,56.24173910457521,scr2012,dem,electricity
PL,h1774,55.79829114678387,scr2012,dem,electricity
PL,h1775,55.01222180538574,scr2012,dem,electricity
PL,h1776,54.147651285630715,scr2012,dem,electricity
PL,h1777,53.43242060423363,scr2012,dem,electricity
PL,h1778,53.196818063330966,scr2012,dem,electricity
PL,h1779,52.93579737661447,scr2012,dem,electricity
PL,h1780,52.793621076634544,scr2012,dem,electricity
PL,h1781,53.11151557471667,scr2012,dem,electricity
PL,h1782,54.25510770648269,scr2012,dem,electricity
PL,h1783,56.31175909820038,scr2012,dem,electricity
PL,h1784,58.67921534145367,scr2012,dem,electricity
PL,h1785,60.37885549283148,scr2012,dem,electricity
PL,h1786,60.73851618025221,scr2012,dem,electricity
PL,h1787,59.93413717766866,scr2012,dem,electricity
PL,h1788,58.70251767101834,scr2012,dem,electricity
PL,h1789,57.363540862392135,scr2012,dem,electricity
PL,h1790,56.16398910834224,scr2012,dem,electricity
PL,h1791,55.223577410274295,scr2012,dem,electricity
PL,h1792,55.288417930786956,scr2012,dem,electricity
PL,h1793,56.72079171706424,scr2012,dem,electricity
PL,h1794,58.57578613528533,scr2012,dem,electricity
PL,h1795,59.64899150531026,scr2012,dem,electricity
PL,h1796,59.39194980677948,scr2012,dem,electricity
PL,h1797,58.80422428761322,scr2012,dem,electricity
PL,h1798,58.27899770445656,scr2012,dem,electricity
PL,h1799,57.51641461343247,scr2012,dem,electricity
PL,h1800,56.71950979247602,scr2012,dem,electricity
PL,h1801,56.043251143460374,scr2012,dem,electricity
PL,h1802,55.77393125823657,scr2012,dem,electricity
PL,h1803,55.40238925080768,scr2012,dem,electricity
PL,h1804,55.09483600246134,scr2012,dem,electricity
PL,h1805,55.211579459376544,scr2012,dem,electricity
PL,h1806,56.02284441889234,scr2012,dem,electricity
PL,h1807,57.37317383804705,scr2012,dem,electricity
PL,h1808,58.91102548143514,scr2012,dem,electricity
PL,h1809,60.001878390715014,scr2012,dem,electricity
PL,h1810,60.27518818418042,scr2012,dem,electricity
PL,h1811,59.63576939292013,scr2012,dem,electricity
PL,h1812,58.45104795127215,scr2012,dem,electricity
PL,h1813,56.987656778140895,scr2012,dem,electricity
PL,h1814,55.53167817740398,scr2012,dem,electricity
PL,h1815,54.343068522884835,scr2012,dem,electricity
PL,h1816,54.228038146772185,scr2012,dem,electricity
PL,h1817,55.59595598784507,scr2012,dem,electricity
PL,h1818,57.45528417036217,scr2012,dem,electricity
PL,h1819,58.53344749272218,scr2012,dem,electricity
PL,h1820,58.208904719193704,scr2012,dem,electricity
PL,h1821,57.533564185604284,scr2012,dem,electricity
PL,h1822,56.97271849547397,scr2012,dem,electricity
PL,h1823,56.30847792035152,scr2012,dem,electricity
PL,h1824,55.660235518629015,scr2012,dem,electricity
PL,h1825,55.0865670965403,scr2012,dem,electricity
PL,h1826,54.81354381812906,scr2012,dem,electricity
PL,h1827,54.387568958361605,scr2012,dem,electricity
PL,h1828,54.01354475529704,scr2012,dem,electricity
PL,h1829,54.05586322672633,scr2012,dem,electricity
PL,h1830,54.804376855075546,scr2012,dem,electricity
PL,h1831,56.003029883666436,scr2012,dem,electricity
PL,h1832,57.22753893515897,scr2012,dem,electricity
PL,h1833,57.91784278112054,scr2012,dem,electricity
PL,h1834,57.90004643167241,scr2012,dem,electricity
PL,h1835,57.22513476048721,scr2012,dem,electricity
PL,h1836,56.11651454208583,scr2012,dem,electricity
PL,h1837,54.777818632178935,scr2012,dem,electricity
PL,h1838,53.40860857656448,scr2012,dem,electricity
PL,h1839,52.349764008507385,scr2012,dem,electricity
PL,h1840,52.334208731529806,scr2012,dem,electricity
PL,h1841,53.797439037750515,scr2012,dem,electricity
PL,h1842,55.75647091682005,scr2012,dem,electricity
PL,h1843,56.999352904247935,scr2012,dem,electricity
PL,h1844,56.93981095786906,scr2012,dem,electricity
PL,h1845,56.544656628235906,scr2012,dem,electricity
PL,h1846,56.27358524770919,scr2012,dem,electricity
PL,h1847,55.831479472029976,scr2012,dem,electricity
PL,h1848,55.345299113509576,scr2012,dem,electricity
PL,h1849,54.90380720996977,scr2012,dem,electricity
PL,h1850,54.78732566973755,scr2012,dem,electricity
PL,h1851,54.584494444816805,scr2012,dem,electricity
PL,h1852,54.43202806426844,scr2012,dem,electricity
PL,h1853,54.72118047949223,scr2012,dem,electricity
PL,h1854,55.9086997283435,scr2012,dem,electricity
PL,h1855,58.18518919300112,scr2012,dem,electricity
PL,h1856,60.84474960171504,scr2012,dem,electricity
PL,h1857,62.775692779378026,scr2012,dem,electricity
PL,h1858,63.150194244648446,scr2012,dem,electricity
PL,h1859,62.2178913242076,scr2012,dem,electricity
PL,h1860,60.78404362373428,scr2012,dem,electricity
PL,h1861,59.2468463564635,scr2012,dem,electricity
PL,h1862,57.853547325678235,scr2012,dem,electricity
PL,h1863,56.752193086976426,scr2012,dem,electricity
PL,h1864,56.721237507625254,scr2012,dem,electricity
PL,h1865,58.12652442649489,scr2012,dem,electricity
PL,h1866,59.93984876227041,scr2012,dem,electricity
PL,h1867,60.92827350314573,scr2012,dem,electricity
PL,h1868,60.57681549138262,scr2012,dem,electricity
PL,h1869,59.94631820830524,scr2012,dem,electricity
PL,h1870,59.341183396448756,scr2012,dem,electricity
PL,h1871,58.42530133941672,scr2012,dem,electricity
PL,h1872,57.41758079804236,scr2012,dem,electricity
PL,h1873,56.55681822655941,scr2012,dem,electricity
PL,h1874,56.18064987746753,scr2012,dem,electricity
PL,h1875,55.75308949031239,scr2012,dem,electricity
PL,h1876,55.454680541405956,scr2012,dem,electricity
PL,h1877,55.61995703469151,scr2012,dem,electricity
PL,h1878,56.626688672513914,scr2012,dem,electricity
PL,h1879,58.60223710976893,scr2012,dem,electricity
PL,h1880,60.91366266383012,scr2012,dem,electricity
PL,h1881,62.532306552046954,scr2012,dem,electricity
PL,h1882,62.71022062600267,scr2012,dem,electricity
PL,h1883,61.66056212571211,scr2012,dem,electricity
PL,h1884,60.17785077521918,scr2012,dem,electricity
PL,h1885,58.63906406377216,scr2012,dem,electricity
PL,h1886,57.26865001731691,scr2012,dem,electricity
PL,h1887,56.20346815488648,scr2012,dem,electricity
PL,h1888,56.19157025110457,scr2012,dem,electricity
PL,h1889,57.59195191826064,scr2012,dem,electricity
PL,h1890,59.40257949032543,scr2012,dem,electricity
PL,h1891,60.42824679021757,scr2012,dem,electricity
PL,h1892,60.163673060651995,scr2012,dem,electricity
PL,h1893,59.63458544927178,scr2012,dem,electricity
PL,h1894,59.11741950974026,scr2012,dem,electricity
PL,h1895,58.27645651750817,scr2012,dem,electricity
PL,h1896,57.33660949206452,scr2012,dem,electricity
PL,h1897,56.555419639120544,scr2012,dem,electricity
PL,h1898,56.258985328099946,scr2012,dem,electricity
PL,h1899,55.92053750119011,scr2012,dem,electricity
PL,h1900,55.690836515060724,scr2012,dem,electricity
PL,h1901,55.92239144280306,scr2012,dem,electricity
PL,h1902,56.986803039019385,scr2012,dem,electricity
PL,h1903,59.025921409069156,scr2012,dem,electricity
PL,h1904,61.4088062331877,scr2012,dem,electricity
PL,h1905,63.09738958808199,scr2012,dem,electricity
PL,h1906,63.32805426146887,scr2012,dem,electricity
PL,h1907,62.304029553817735,scr2012,dem,electricity
PL,h1908,60.83280588947312,scr2012,dem,electricity
PL,h1909,59.288330082962815,scr2012,dem,electricity
PL,h1910,57.90867111773382,scr2012,dem,electricity
PL,h1911,56.8293182527503,scr2012,dem,electricity
PL,h1912,56.81706739096094,scr2012,dem,electricity
PL,h1913,58.22328972196684,scr2012,dem,electricity
PL,h1914,60.02810457417218,scr2012,dem,electricity
PL,h1915,60.98911203303111,scr2012,dem,electricity
PL,h1916,60.644106942554366,scr2012,dem,electricity
PL,h1917,60.03965688764367,scr2012,dem,electricity
PL,h1918,59.48711782080391,scr2012,dem,electricity
PL,h1919,58.589587155520334,scr2012,dem,electricity
PL,h1920,57.590238701937224,scr2012,dem,electricity
PL,h1921,56.743865399605355,scr2012,dem,electricity
PL,h1922,56.39826500502436,scr2012,dem,electricity
PL,h1923,56.00234449877828,scr2012,dem,electricity
PL,h1924,55.71757298307538,scr2012,dem,electricity
PL,h1925,55.893873378868896,scr2012,dem,electricity
PL,h1926,56.89870419774934,scr2012,dem,electricity
PL,h1927,58.87366443456845,scr2012,dem,electricity
PL,h1928,61.2043502903881,scr2012,dem,electricity
PL,h1929,62.862027372826475,scr2012,dem,electricity
PL,h1930,63.08410174906574,scr2012,dem,electricity
PL,h1931,62.0616928469704,scr2012,dem,electricity
PL,h1932,60.604090839327554,scr2012,dem,electricity
PL,h1933,59.084095399780246,scr2012,dem,electricity
PL,h1934,57.734238695218274,scr2012,dem,electricity
PL,h1935,56.68916380678743,scr2012,dem,electricity
PL,h1936,56.7108489717512,scr2012,dem,electricity
PL,h1937,58.15619645667746,scr2012,dem,electricity
PL,h1938,60.00696116493177,scr2012,dem,electricity
PL,h1939,61.0139354704907,scr2012,dem,electricity
PL,h1940,60.712900171045476,scr2012,dem,electricity
PL,h1941,60.16669840375842,scr2012,dem,electricity
PL,h1942,59.69912813342418,scr2012,dem,electricity
PL,h1943,58.89791573771446,scr2012,dem,electricity
PL,h1944,57.988627199113445,scr2012,dem,electricity
PL,h1945,57.22545054707454,scr2012,dem,electricity
PL,h1946,56.95530533521789,scr2012,dem,electricity
PL,h1947,56.62187304776761,scr2012,dem,electricity
PL,h1948,56.390537163209565,scr2012,dem,electricity
PL,h1949,56.63158831570291,scr2012,dem,electricity
PL,h1950,57.70752092307981,scr2012,dem,electricity
PL,h1951,59.7270417110299,scr2012,dem,electricity
PL,h1952,62.070829323024356,scr2012,dem,electricity
PL,h1953,63.72576445017862,scr2012,dem,electricity
PL,h1954,63.95792292297991,scr2012,dem,electricity
PL,h1955,62.94682554542279,scr2012,dem,electricity
PL,h1956,61.49113450124509,scr2012,dem,electricity
PL,h1957,59.940882145259216,scr2012,dem,electricity
PL,h1958,58.544176728047056,scr2012,dem,electricity
PL,h1959,57.43686063387241,scr2012,dem,electricity
PL,h1960,57.40918716664164,scr2012,dem,electricity
PL,h1961,58.834965879724116,scr2012,dem,electricity
PL,h1962,60.652607686604405,scr2012,dem,electricity
PL,h1963,61.589300413054104,scr2012,dem,electricity
PL,h1964,61.135146026889586,scr2012,dem,electricity
PL,h1965,60.42765894926731,scr2012,dem,electricity
PL,h1966,59.847293721893855,scr2012,dem,electricity
PL,h1967,59.022873463075925,scr2012,dem,electricity
PL,h1968,58.122677791655306,scr2012,dem,electricity
PL,h1969,57.33291450637785,scr2012,dem,electricity
PL,h1970,56.95761673834317,scr2012,dem,electricity
PL,h1971,56.46811946357311,scr2012,dem,electricity
PL,h1972,56.042793005364835,scr2012,dem,electricity
PL,h1973,56.04531285426352,scr2012,dem,electricity
PL,h1974,56.708519753347,scr2012,dem,electricity
PL,h1975,57.9307761009139,scr2012,dem,electricity
PL,h1976,59.35728544106258,scr2012,dem,electricity
PL,h1977,60.37254569009138,scr2012,dem,electricity
PL,h1978,60.53756936383384,scr2012,dem,electricity
PL,h1979,59.74915292383551,scr2012,dem,electricity
PL,h1980,58.42321653259695,scr2012,dem,electricity
PL,h1981,56.84001953467248,scr2012,dem,electricity
PL,h1982,55.286171073444855,scr2012,dem,electricity
PL,h1983,54.001662861479936,scr2012,dem,electricity
PL,h1984,53.78161408078547,scr2012,dem,electricity
PL,h1985,55.02496315332222,scr2012,dem,electricity
PL,h1986,56.7261678008697,scr2012,dem,electricity
PL,h1987,57.6182107985429,scr2012,dem,electricity
PL,h1988,57.166310525744414,scr2012,dem,electricity
PL,h1989,56.4332324852431,scr2012,dem,electricity
PL,h1990,55.833091986342325,scr2012,dem,electricity
PL,h1991,55.08820213155736,scr2012,dem,electricity
PL,h1992,54.29976530685705,scr2012,dem,electricity
PL,h1993,53.60546145380415,scr2012,dem,electricity
PL,h1994,53.192846426759075,scr2012,dem,electricity
PL,h1995,52.64201452447627,scr2012,dem,electricity
PL,h1996,52.127453095239886,scr2012,dem,electricity
PL,h1997,52.03253105398302,scr2012,dem,electricity
PL,h1998,52.70963676071697,scr2012,dem,electricity
PL,h1999,53.74113836993263,scr2012,dem,electricity
PL,h2000,54.749243591682195,scr2012,dem,electricity
PL,h2001,55.178197975416424,scr2012,dem,electricity
PL,h2002,55.05872786759582,scr2012,dem,electricity
PL,h2003,54.38486606230229,scr2012,dem,electricity
PL,h2004,53.273112558422,scr2012,dem,electricity
PL,h2005,51.89028796685107,scr2012,dem,electricity
PL,h2006,50.44373826381302,scr2012,dem,electricity
PL,h2007,49.315096745916506,scr2012,dem,electricity
PL,h2008,49.14331708166647,scr2012,dem,electricity
PL,h2009,50.27738513855547,scr2012,dem,electricity
PL,h2010,51.739504108285004,scr2012,dem,electricity
PL,h2011,52.23225240511323,scr2012,dem,electricity
PL,h2012,51.84460062699929,scr2012,dem,electricity
PL,h2013,51.62465034232609,scr2012,dem,electricity
PL,h2014,51.84340952902378,scr2012,dem,electricity
PL,h2015,51.618488076249264,scr2012,dem,electricity
PL,h2016,50.9195285120703,scr2012,dem,electricity
PL,h2017,50.20436265616908,scr2012,dem,electricity
PL,h2018,49.77376804857068,scr2012,dem,electricity
PL,h2019,49.31794968516329,scr2012,dem,electricity
PL,h2020,48.964509797130184,scr2012,dem,electricity
PL,h2021,49.060407273025405,scr2012,dem,electricity
PL,h2022,50.067887013551,scr2012,dem,electricity
PL,h2023,52.050882662266574,scr2012,dem,electricity
PL,h2024,54.40311616015597,scr2012,dem,electricity
PL,h2025,56.06963438418086,scr2012,dem,electricity
PL,h2026,56.415966230896444,scr2012,dem,electricity
PL,h2027,55.615550199272654,scr2012,dem,electricity
PL,h2028,54.338181941488365,scr2012,dem,electricity
PL,h2029,52.919521505082386,scr2012,dem,electricity
PL,h2030,51.58852760302081,scr2012,dem,electricity
PL,h2031,50.50518513308873,scr2012,dem,electricity
PL,h2032,50.32907739431675,scr2012,dem,electricity
PL,h2033,51.3073457422818,scr2012,dem,electricity
PL,h2034,52.55058928367255,scr2012,dem,electricity
PL,h2035,52.802430064291975,scr2012,dem,electricity
PL,h2036,52.27515007308693,scr2012,dem,electricity
PL,h2037,51.955268445187414,scr2012,dem,electricity
PL,h2038,51.92305228295861,scr2012,dem,electricity
PL,h2039,51.26696702459755,scr2012,dem,electricity
PL,h2040,50.081654758366426,scr2012,dem,electricity
PL,h2041,48.975233302208075,scr2012,dem,electricity
PL,h2042,48.31061302667708,scr2012,dem,electricity
PL,h2043,47.68013729096224,scr2012,dem,electricity
PL,h2044,47.25301054330449,scr2012,dem,electricity
PL,h2045,47.27836809378757,scr2012,dem,electricity
PL,h2046,48.12131335428486,scr2012,dem,electricity
PL,h2047,49.78155522462086,scr2012,dem,electricity
PL,h2048,51.7730392472986,scr2012,dem,electricity
PL,h2049,53.17289162006181,scr2012,dem,electricity
PL,h2050,53.43005809501636,scr2012,dem,electricity
PL,h2051,52.64265054871346,scr2012,dem,electricity
PL,h2052,51.438833483925514,scr2012,dem,electricity
PL,h2053,50.13081205559917,scr2012,dem,electricity
PL,h2054,48.9290382539946,scr2012,dem,electricity
PL,h2055,47.950021388572864,scr2012,dem,electricity
PL,h2056,47.78612454518388,scr2012,dem,electricity
PL,h2057,48.667668679413126,scr2012,dem,electricity
PL,h2058,49.78250079538747,scr2012,dem,electricity
PL,h2059,49.986721799269546,scr2012,dem,electricity
PL,h2060,49.52782811700643,scr2012,dem,electricity
PL,h2061,49.29704913111908,scr2012,dem,electricity
PL,h2062,49.3114739732605,scr2012,dem,electricity
PL,h2063,48.67060366185681,scr2012,dem,electricity
PL,h2064,47.48022093110712,scr2012,dem,electricity
PL,h2065,46.37904885458707,scr2012,dem,electricity
PL,h2066,45.71262737876188,scr2012,dem,electricity
PL,h2067,45.12036307798566,scr2012,dem,electricity
PL,h2068,44.72840621798786,scr2012,dem,electricity
PL,h2069,44.77570447425474,scr2012,dem,electricity
PL,h2070,45.59447793281687,scr2012,dem,electricity
PL,h2071,47.22069175268928,scr2012,dem,electricity
PL,h2072,49.20637446658512,scr2012,dem,electricity
PL,h2073,50.66777836957378,scr2012,dem,electricity
PL,h2074,51.03533513412977,scr2012,dem,electricity
PL,h2075,50.382073088236204,scr2012,dem,electricity
PL,h2076,49.32177994167138,scr2012,dem,electricity
PL,h2077,48.15207319255568,scr2012,dem,electricity
PL,h2078,47.08722156588537,scr2012,dem,electricity
PL,h2079,46.222320459210316,scr2012,dem,electricity
PL,h2080,46.12876844770437,scr2012,dem,electricity
PL,h2081,47.01550506124493,scr2012,dem,electricity
PL,h2082,48.12939278248852,scr2012,dem,electricity
PL,h2083,48.3865038213698,scr2012,dem,electricity
PL,h2084,48.05067724260053,scr2012,dem,electricity
PL,h2085,47.951826139121316,scr2012,dem,electricity
PL,h2086,48.06813636234004,scr2012,dem,electricity
PL,h2087,47.492240872725716,scr2012,dem,electricity
PL,h2088,46.35648266358751,scr2012,dem,electricity
PL,h2089,45.30142087824604,scr2012,dem,electricity
PL,h2090,44.69050674050487,scr2012,dem,electricity
PL,h2091,44.152581876733855,scr2012,dem,electricity
PL,h2092,43.81644268427458,scr2012,dem,electricity
PL,h2093,43.9054935377106,scr2012,dem,electricity
PL,h2094,44.73978554681981,scr2012,dem,electricity
PL,h2095,46.36248221015203,scr2012,dem,electricity
PL,h2096,48.34403135296932,scr2012,dem,electricity
PL,h2097,49.82223733661225,scr2012,dem,electricity
PL,h2098,50.219973092952195,scr2012,dem,electricity
PL,h2099,49.5977188121595,scr2012,dem,electricity
PL,h2100,48.559659748755045,scr2012,dem,electricity
PL,h2101,47.4044203921491,scr2012,dem,electricity
PL,h2102,46.33725082582854,scr2012,dem,electricity
PL,h2103,45.44476010870554,scr2012,dem,electricity
PL,h2104,45.284013113476746,scr2012,dem,electricity
PL,h2105,46.05740336038915,scr2012,dem,electricity
PL,h2106,47.037589810148326,scr2012,dem,electricity
PL,h2107,47.164816136899255,scr2012,dem,electricity
PL,h2108,46.72193144213264,scr2012,dem,electricity
PL,h2109,46.52567508268431,scr2012,dem,electricity
PL,h2110,46.54230297963299,scr2012,dem,electricity
PL,h2111,45.85926481574225,scr2012,dem,electricity
PL,h2112,44.58997296640844,scr2012,dem,electricity
PL,h2113,43.390282122637245,scr2012,dem,electricity
PL,h2114,42.61445078693693,scr2012,dem,electricity
PL,h2115,41.92085598266676,scr2012,dem,electricity
PL,h2116,41.430604052665814,scr2012,dem,electricity
PL,h2117,41.36558477602871,scr2012,dem,electricity
PL,h2118,41.98744535414063,scr2012,dem,electricity
PL,h2119,43.336620879632136,scr2012,dem,electricity
PL,h2120,45.036519270708254,scr2012,dem,electricity
PL,h2121,46.3188091571667,scr2012,dem,electricity
PL,h2122,46.64658592627115,scr2012,dem,electricity
PL,h2123,46.041703629454744,scr2012,dem,electricity
PL,h2124,45.06207767242373,scr2012,dem,electricity
PL,h2125,43.960884683169525,scr2012,dem,electricity
PL,h2126,42.942899637491585,scr2012,dem,electricity
PL,h2127,42.060931413037814,scr2012,dem,electricity
PL,h2128,41.80417122046543,scr2012,dem,electricity
PL,h2129,42.357579950095975,scr2012,dem,electricity
PL,h2130,43.101028745970794,scr2012,dem,electricity
PL,h2131,43.15206003149584,scr2012,dem,electricity
PL,h2132,42.73823932925844,scr2012,dem,electricity
PL,h2133,42.567213598224065,scr2012,dem,electricity
PL,h2134,42.5523664189897,scr2012,dem,electricity
PL,h2135,41.89746973838763,scr2012,dem,electricity
PL,h2136,40.68726914826703,scr2012,dem,electricity
PL,h2137,39.511233863110334,scr2012,dem,electricity
PL,h2138,38.68225540197119,scr2012,dem,electricity
PL,h2139,37.936955748685314,scr2012,dem,electricity
PL,h2140,37.39236621137338,scr2012,dem,electricity
PL,h2141,37.22095242316576,scr2012,dem,electricity
PL,h2142,37.515480549633864,scr2012,dem,electricity
PL,h2143,38.1397542513566,scr2012,dem,electricity
PL,h2144,38.99807189536247,scr2012,dem,electricity
PL,h2145,39.78560400046719,scr2012,dem,electricity
PL,h2146,40.248641235627275,scr2012,dem,electricity
PL,h2147,40.113516579259795,scr2012,dem,electricity
PL,h2148,39.52190484987597,scr2012,dem,electricity
PL,h2149,38.63090080529268,scr2012,dem,electricity
PL,h2150,37.67773568281057,scr2012,dem,electricity
PL,h2151,36.7959220633529,scr2012,dem,electricity
PL,h2152,36.4611282420834,scr2012,dem,electricity
PL,h2153,36.86108443527121,scr2012,dem,electricity
PL,h2154,37.51946318896205,scr2012,dem,electricity
PL,h2155,37.59594469982535,scr2012,dem,electricity
PL,h2156,37.334747241519224,scr2012,dem,electricity
PL,h2157,37.28446190645868,scr2012,dem,electricity
PL,h2158,37.365955672193074,scr2012,dem,electricity
PL,h2159,36.88854380142169,scr2012,dem,electricity
PL,h2160,35.872115151939276,scr2012,dem,electricity
PT,h1441,5.9522443747263445,scr2012,dem,electricity
PT,h1442,5.514541579849428,scr2012,dem,electricity
PT,h1443,5.204419082823971,scr2012,dem,electricity
PT,h1444,5.001046738090672,scr2012,dem,electricity
PT,h1445,4.90460008354497,scr2012,dem,electricity
PT,h1446,4.916894796286439,scr2012,dem,electricity
PT,h1447,5.115543260042081,scr2012,dem,electricity
PT,h1448,5.558587880810759,scr2012,dem,electricity
PT,h1449,6.098706465551629,scr2012,dem,electricity
PT,h1450,6.5601334454084235,scr2012,dem,electricity
PT,h1451,6.8133036052286915,scr2012,dem,electricity
PT,h1452,6.904413313932549,scr2012,dem,electricity
PT,h1453,6.88811464147234,scr2012,dem,electricity
PT,h1454,6.827259781021592,scr2012,dem,electricity
PT,h1455,6.696011329808419,scr2012,dem,electricity
PT,h1456,6.541610420055903,scr2012,dem,electricity
PT,h1457,6.369810184657977,scr2012,dem,electricity
PT,h1458,6.308914497381252,scr2012,dem,electricity
PT,h1459,6.354720500411389,scr2012,dem,electricity
PT,h1460,6.552919741513328,scr2012,dem,electricity
PT,h1461,6.785533345685796,scr2012,dem,electricity
PT,h1462,6.875684266944736,scr2012,dem,electricity
PT,h1463,6.696334751112982,scr2012,dem,electricity
PT,h1464,6.306548650423522,scr2012,dem,electricity
PT,h1465,5.915502217710211,scr2012,dem,electricity
PT,h1466,5.55765403055244,scr2012,dem,electricity
PT,h1467,5.266854192074415,scr2012,dem,electricity
PT,h1468,5.012525774221778,scr2012,dem,electricity
PT,h1469,4.850552522920291,scr2012,dem,electricity
PT,h1470,4.7769225653934395,scr2012,dem,electricity
PT,h1471,4.773575907091544,scr2012,dem,electricity
PT,h1472,4.808178182163173,scr2012,dem,electricity
PT,h1473,4.8945840806656875,scr2012,dem,electricity
PT,h1474,5.137714284837463,scr2012,dem,electricity
PT,h1475,5.490204450346377,scr2012,dem,electricity
PT,h1476,5.802644608170619,scr2012,dem,electricity
PT,h1477,5.917405646625033,scr2012,dem,electricity
PT,h1478,5.919036823362104,scr2012,dem,electricity
PT,h1479,5.8653423088661345,scr2012,dem,electricity
PT,h1480,5.754614953811112,scr2012,dem,electricity
PT,h1481,5.584774730541671,scr2012,dem,electricity
PT,h1482,5.463187179286942,scr2012,dem,electricity
PT,h1483,5.490144957125805,scr2012,dem,electricity
PT,h1484,5.6974068325255995,scr2012,dem,electricity
PT,h1485,6.006026027271293,scr2012,dem,electricity
PT,h1486,6.240195099307423,scr2012,dem,electricity
PT,h1487,6.236393558492907,scr2012,dem,electricity
PT,h1488,6.004439041222538,scr2012,dem,electricity
PT,h1489,5.687469200501662,scr2012,dem,electricity
PT,h1490,5.365520320742524,scr2012,dem,electricity
PT,h1491,5.081852500935639,scr2012,dem,electricity
PT,h1492,4.837838388345119,scr2012,dem,electricity
PT,h1493,4.684518689220575,scr2012,dem,electricity
PT,h1494,4.624721690878641,scr2012,dem,electricity
PT,h1495,4.6264828286651944,scr2012,dem,electricity
PT,h1496,4.615052146280766,scr2012,dem,electricity
PT,h1497,4.580649935089838,scr2012,dem,electricity
PT,h1498,4.658679344317676,scr2012,dem,electricity
PT,h1499,4.870844639336326,scr2012,dem,electricity
PT,h1500,5.13121661410575,scr2012,dem,electricity
PT,h1501,5.257828176300551,scr2012,dem,electricity
PT,h1502,5.312646909337399,scr2012,dem,electricity
PT,h1503,5.329659576230876,scr2012,dem,electricity
PT,h1504,5.279401311914546,scr2012,dem,electricity
PT,h1505,5.154950717286594,scr2012,dem,electricity
PT,h1506,5.027335604980941,scr2012,dem,electricity
PT,h1507,5.050095461134541,scr2012,dem,electricity
PT,h1508,5.278004069854788,scr2012,dem,electricity
PT,h1509,5.65219527025504,scr2012,dem,electricity
PT,h1510,5.982614615226053,scr2012,dem,electricity
PT,h1511,6.085369896365828,scr2012,dem,electricity
PT,h1512,5.907686380197848,scr2012,dem,electricity
PT,h1513,5.557637744738157,scr2012,dem,electricity
PT,h1514,5.172979677444097,scr2012,dem,electricity
PT,h1515,4.871494820705539,scr2012,dem,electricity
PT,h1516,4.6895191621918375,scr2012,dem,electricity
PT,h1517,4.613727958036408,scr2012,dem,electricity
PT,h1518,4.655026765984394,scr2012,dem,electricity
PT,h1519,4.91499310394477,scr2012,dem,electricity
PT,h1520,5.4218117689784044,scr2012,dem,electricity
PT,h1521,6.0423816882853565,scr2012,dem,electricity
PT,h1522,6.557470324074911,scr2012,dem,electricity
PT,h1523,6.856189159518708,scr2012,dem,electricity
PT,h1524,6.968005134473048,scr2012,dem,electricity
PT,h1525,6.9620761485753135,scr2012,dem,electricity
PT,h1526,6.909811128369942,scr2012,dem,electricity
PT,h1527,6.794252290284383,scr2012,dem,electricity
PT,h1528,6.6728566841922525,scr2012,dem,electricity
PT,h1529,6.546112233927758,scr2012,dem,electricity
PT,h1530,6.520013310488013,scr2012,dem,electricity
PT,h1531,6.582388156145749,scr2012,dem,electricity
PT,h1532,6.78841192571762,scr2012,dem,electricity
PT,h1533,7.056492975329556,scr2012,dem,electricity
PT,h1534,7.192434581858077,scr2012,dem,electricity
PT,h1535,7.030690844014433,scr2012,dem,electricity
PT,h1536,6.590497176364643,scr2012,dem,electricity
PT,h1537,6.091624264878666,scr2012,dem,electricity
PT,h1538,5.663932226062672,scr2012,dem,electricity
PT,h1539,5.373502075955512,scr2012,dem,electricity
PT,h1540,5.199032579641587,scr2012,dem,electricity
PT,h1541,5.1309127817287905,scr2012,dem,electricity
PT,h1542,5.172513731904926,scr2012,dem,electricity
PT,h1543,5.407066700590768,scr2012,dem,electricity
PT,h1544,5.878306136456153,scr2012,dem,electricity
PT,h1545,6.4614624537701335,scr2012,dem,electricity
PT,h1546,6.9498780675424,scr2012,dem,electricity
PT,h1547,7.2236778664652075,scr2012,dem,electricity
PT,h1548,7.310722639591024,scr2012,dem,electricity
PT,h1549,7.294508786707647,scr2012,dem,electricity
PT,h1550,7.237031002753422,scr2012,dem,electricity
PT,h1551,7.114040386264657,scr2012,dem,electricity
PT,h1552,6.98486050430739,scr2012,dem,electricity
PT,h1553,6.858942005278664,scr2012,dem,electricity
PT,h1554,6.8403782680838265,scr2012,dem,electricity
PT,h1555,6.895210414572684,scr2012,dem,electricity
PT,h1556,7.091188562242047,scr2012,dem,electricity
PT,h1557,7.35410653102911,scr2012,dem,electricity
PT,h1558,7.489300247734741,scr2012,dem,electricity
PT,h1559,7.315057236952843,scr2012,dem,electricity
PT,h1560,6.855731535380796,scr2012,dem,electricity
PT,h1561,6.340904035567766,scr2012,dem,electricity
PT,h1562,5.899761531400761,scr2012,dem,electricity
PT,h1563,5.595099690413381,scr2012,dem,electricity
PT,h1564,5.408568788881585,scr2012,dem,electricity
PT,h1565,5.331828355087724,scr2012,dem,electricity
PT,h1566,5.369421856980422,scr2012,dem,electricity
PT,h1567,5.601109538359962,scr2012,dem,electricity
PT,h1568,6.065214374477035,scr2012,dem,electricity
PT,h1569,6.635102369043457,scr2012,dem,electricity
PT,h1570,7.104858656357946,scr2012,dem,electricity
PT,h1571,7.359345992022096,scr2012,dem,electricity
PT,h1572,7.4321473091315,scr2012,dem,electricity
PT,h1573,7.412658217877896,scr2012,dem,electricity
PT,h1574,7.355790205750376,scr2012,dem,electricity
PT,h1575,7.2353632654356,scr2012,dem,electricity
PT,h1576,7.106507110391153,scr2012,dem,electricity
PT,h1577,6.991839055907507,scr2012,dem,electricity
PT,h1578,6.98648605948045,scr2012,dem,electricity
PT,h1579,7.0445439223522595,scr2012,dem,electricity
PT,h1580,7.2417269937526925,scr2012,dem,electricity
PT,h1581,7.512004769425008,scr2012,dem,electricity
PT,h1582,7.664016975656468,scr2012,dem,electricity
PT,h1583,7.505481271610078,scr2012,dem,electricity
PT,h1584,7.063675325936202,scr2012,dem,electricity
PT,h1585,6.5757999278529375,scr2012,dem,electricity
PT,h1586,6.158725903295775,scr2012,dem,electricity
PT,h1587,5.871163004983485,scr2012,dem,electricity
PT,h1588,5.696115571004706,scr2012,dem,electricity
PT,h1589,5.632382473928768,scr2012,dem,electricity
PT,h1590,5.685168386094796,scr2012,dem,electricity
PT,h1591,5.93023673976386,scr2012,dem,electricity
PT,h1592,6.402951938490004,scr2012,dem,electricity
PT,h1593,6.979649314555635,scr2012,dem,electricity
PT,h1594,7.448033365397228,scr2012,dem,electricity
PT,h1595,7.698166391071114,scr2012,dem,electricity
PT,h1596,7.762516855724472,scr2012,dem,electricity
PT,h1597,7.736609559991283,scr2012,dem,electricity
PT,h1598,7.673248895608246,scr2012,dem,electricity
PT,h1599,7.548182044923898,scr2012,dem,electricity
PT,h1600,7.421895387833393,scr2012,dem,electricity
PT,h1601,7.325990501951466,scr2012,dem,electricity
PT,h1602,7.339923509241599,scr2012,dem,electricity
PT,h1603,7.404902534622037,scr2012,dem,electricity
PT,h1604,7.593490087313979,scr2012,dem,electricity
PT,h1605,7.853004666552112,scr2012,dem,electricity
PT,h1606,8.002508457555333,scr2012,dem,electricity
PT,h1607,7.844272721200602,scr2012,dem,electricity
PT,h1608,7.40104557724062,scr2012,dem,electricity
PT,h1609,6.908133968788491,scr2012,dem,electricity
PT,h1610,6.484801546422206,scr2012,dem,electricity
PT,h1611,6.190392020929705,scr2012,dem,electricity
PT,h1612,6.005299838354629,scr2012,dem,electricity
PT,h1613,5.9308289982704245,scr2012,dem,electricity
PT,h1614,5.974992568855235,scr2012,dem,electricity
PT,h1615,6.217581417977362,scr2012,dem,electricity
PT,h1616,6.683574983512893,scr2012,dem,electricity
PT,h1617,7.245403892805303,scr2012,dem,electricity
PT,h1618,7.69238549096441,scr2012,dem,electricity
PT,h1619,7.919882874515173,scr2012,dem,electricity
PT,h1620,7.957608450827134,scr2012,dem,electricity
PT,h1621,7.900529740925069,scr2012,dem,electricity
PT,h1622,7.800085245165912,scr2012,dem,electricity
PT,h1623,7.636114196518317,scr2012,dem,electricity
PT,h1624,7.461839506746976,scr2012,dem,electricity
PT,h1625,7.313412809065282,scr2012,dem,electricity
PT,h1626,7.270743348641119,scr2012,dem,electricity
PT,h1627,7.28740697542508,scr2012,dem,electricity
PT,h1628,7.433163815409348,scr2012,dem,electricity
PT,h1629,7.655667985762035,scr2012,dem,electricity
PT,h1630,7.765911590956305,scr2012,dem,electricity
PT,h1631,7.594931509622604,scr2012,dem,electricity
PT,h1632,7.176268737377228,scr2012,dem,electricity
PT,h1633,6.760719552629652,scr2012,dem,electricity
PT,h1634,6.389772994824256,scr2012,dem,electricity
PT,h1635,6.082869827559257,scr2012,dem,electricity
PT,h1636,5.816244716527018,scr2012,dem,electricity
PT,h1637,5.643704464152393,scr2012,dem,electricity
PT,h1638,5.573904654158788,scr2012,dem,electricity
PT,h1639,5.575494276073691,scr2012,dem,electricity
PT,h1640,5.590587311873604,scr2012,dem,electricity
PT,h1641,5.6521689644739155,scr2012,dem,electricity
PT,h1642,5.864991063623705,scr2012,dem,electricity
PT,h1643,6.1940178940448565,scr2012,dem,electricity
PT,h1644,6.468895602639346,scr2012,dem,electricity
PT,h1645,6.542108206427816,scr2012,dem,electricity
PT,h1646,6.511480525962762,scr2012,dem,electricity
PT,h1647,6.439511703708668,scr2012,dem,electricity
PT,h1648,6.3229599929473626,scr2012,dem,electricity
PT,h1649,6.165393214077591,scr2012,dem,electricity
PT,h1650,6.05369776183263,scr2012,dem,electricity
PT,h1651,6.066218331044611,scr2012,dem,electricity
PT,h1652,6.23415367888162,scr2012,dem,electricity
PT,h1653,6.538195672183992,scr2012,dem,electricity
PT,h1654,6.78323101215253,scr2012,dem,electricity
PT,h1655,6.800883424722786,scr2012,dem,electricity
PT,h1656,6.561636882478465,scr2012,dem,electricity
PT,h1657,6.2505354987324395,scr2012,dem,electricity
PT,h1658,5.941880866537504,scr2012,dem,electricity
PT,h1659,5.664618260441758,scr2012,dem,electricity
PT,h1660,5.423452049364116,scr2012,dem,electricity
PT,h1661,5.273141284657521,scr2012,dem,electricity
PT,h1662,5.22767239336013,scr2012,dem,electricity
PT,h1663,5.242551177126737,scr2012,dem,electricity
PT,h1664,5.220822663429519,scr2012,dem,electricity
PT,h1665,5.174784667168806,scr2012,dem,electricity
PT,h1666,5.239895549585148,scr2012,dem,electricity
PT,h1667,5.447529373341423,scr2012,dem,electricity
PT,h1668,5.689603375558864,scr2012,dem,electricity
PT,h1669,5.790640229523936,scr2012,dem,electricity
PT,h1670,5.8248237344015195,scr2012,dem,electricity
PT,h1671,5.828751541926579,scr2012,dem,electricity
PT,h1672,5.772354205006739,scr2012,dem,electricity
PT,h1673,5.657863225961421,scr2012,dem,electricity
PT,h1674,5.53718277581995,scr2012,dem,electricity
PT,h1675,5.542032288663314,scr2012,dem,electricity
PT,h1676,5.714531972228752,scr2012,dem,electricity
PT,h1677,6.064423167099324,scr2012,dem,electricity
PT,h1678,6.383603853517929,scr2012,dem,electricity
PT,h1679,6.495202744129603,scr2012,dem,electricity
PT,h1680,6.296249363192862,scr2012,dem,electricity
PT,h1681,5.937173150401206,scr2012,dem,electricity
PT,h1682,5.546711401313507,scr2012,dem,electricity
PT,h1683,5.240251182510672,scr2012,dem,electricity
PT,h1684,5.050487153998413,scr2012,dem,electricity
PT,h1685,4.967985183658225,scr2012,dem,electricity
PT,h1686,5.002715910977372,scr2012,dem,electricity
PT,h1687,5.260770516006595,scr2012,dem,electricity
PT,h1688,5.750964454812385,scr2012,dem,electricity
PT,h1689,6.3707252214211,scr2012,dem,electricity
PT,h1690,6.869297531527524,scr2012,dem,electricity
PT,h1691,7.153343213026879,scr2012,dem,electricity
PT,h1692,7.232517515576566,scr2012,dem,electricity
PT,h1693,7.216389618774723,scr2012,dem,electricity
PT,h1694,7.1564962767365135,scr2012,dem,electricity
PT,h1695,7.027416728171829,scr2012,dem,electricity
PT,h1696,6.876875275151981,scr2012,dem,electricity
PT,h1697,6.737128029820068,scr2012,dem,electricity
PT,h1698,6.691856317417198,scr2012,dem,electricity
PT,h1699,6.70490415109929,scr2012,dem,electricity
PT,h1700,6.85475033972164,scr2012,dem,electricity
PT,h1701,7.10767616910714,scr2012,dem,electricity
PT,h1702,7.251651497851686,scr2012,dem,electricity
PT,h1703,7.086849447884175,scr2012,dem,electricity
PT,h1704,6.603996140408311,scr2012,dem,electricity
PT,h1705,6.068692191169031,scr2012,dem,electricity
PT,h1706,5.614096080008924,scr2012,dem,electricity
PT,h1707,5.309681018497399,scr2012,dem,electricity
PT,h1708,5.125915500193178,scr2012,dem,electricity
PT,h1709,5.048728643000546,scr2012,dem,electricity
PT,h1710,5.0772822691384984,scr2012,dem,electricity
PT,h1711,5.301185481879639,scr2012,dem,electricity
PT,h1712,5.750978986798291,scr2012,dem,electricity
PT,h1713,6.336636999658895,scr2012,dem,electricity
PT,h1714,6.818195307789578,scr2012,dem,electricity
PT,h1715,7.090482076258072,scr2012,dem,electricity
PT,h1716,7.158798068077077,scr2012,dem,electricity
PT,h1717,7.149654549068469,scr2012,dem,electricity
PT,h1718,7.1043765278783315,scr2012,dem,electricity
PT,h1719,6.987983563499888,scr2012,dem,electricity
PT,h1720,6.842075000276006,scr2012,dem,electricity
PT,h1721,6.7057371526918015,scr2012,dem,electricity
PT,h1722,6.671285646635608,scr2012,dem,electricity
PT,h1723,6.693877113470496,scr2012,dem,electricity
PT,h1724,6.869604671147698,scr2012,dem,electricity
PT,h1725,7.153098154588513,scr2012,dem,electricity
PT,h1726,7.326969329421109,scr2012,dem,electricity
PT,h1727,7.171871714798815,scr2012,dem,electricity
PT,h1728,6.6945038830269095,scr2012,dem,electricity
PT,h1729,6.169378159776095,scr2012,dem,electricity
PT,h1730,5.727429004678852,scr2012,dem,electricity
PT,h1731,5.43446279007944,scr2012,dem,electricity
PT,h1732,5.261911244219869,scr2012,dem,electricity
PT,h1733,5.198479720379641,scr2012,dem,electricity
PT,h1734,5.244664604168866,scr2012,dem,electricity
PT,h1735,5.484934026733109,scr2012,dem,electricity
PT,h1736,5.9450589363174835,scr2012,dem,electricity
PT,h1737,6.531823321445906,scr2012,dem,electricity
PT,h1738,7.009332676457694,scr2012,dem,electricity
PT,h1739,7.2751354757727995,scr2012,dem,electricity
PT,h1740,7.340216053220761,scr2012,dem,electricity
PT,h1741,7.333971216005079,scr2012,dem,electricity
PT,h1742,7.291016757568455,scr2012,dem,electricity
PT,h1743,7.174324875479522,scr2012,dem,electricity
PT,h1744,7.023668619312945,scr2012,dem,electricity
PT,h1745,6.894457140151422,scr2012,dem,electricity
PT,h1746,6.869077872247681,scr2012,dem,electricity
PT,h1747,6.894308723502524,scr2012,dem,electricity
PT,h1748,7.057162598024064,scr2012,dem,electricity
PT,h1749,7.33072671545021,scr2012,dem,electricity
PT,h1750,7.499134717411071,scr2012,dem,electricity
PT,h1751,7.346243805895416,scr2012,dem,electricity
PT,h1752,6.874269499231998,scr2012,dem,electricity
PT,h1753,6.362447062295214,scr2012,dem,electricity
PT,h1754,5.929332319642953,scr2012,dem,electricity
PT,h1755,5.635910578299253,scr2012,dem,electricity
PT,h1756,5.455529048928032,scr2012,dem,electricity
PT,h1757,5.3854473942818295,scr2012,dem,electricity
PT,h1758,5.426647812257263,scr2012,dem,electricity
PT,h1759,5.658479972824614,scr2012,dem,electricity
PT,h1760,6.10553253360184,scr2012,dem,electricity
PT,h1761,6.6806939220677535,scr2012,dem,electricity
PT,h1762,7.1473048492476146,scr2012,dem,electricity
PT,h1763,7.40694378342439,scr2012,dem,electricity
PT,h1764,7.465554761263215,scr2012,dem,electricity
PT,h1765,7.454337171353558,scr2012,dem,electricity
PT,h1766,7.4080106599577,scr2012,dem,electricity
PT,h1767,7.291507462905502,scr2012,dem,electricity
PT,h1768,7.147510726361512,scr2012,dem,electricity
PT,h1769,7.0325142633783475,scr2012,dem,electricity
PT,h1770,7.024872382128274,scr2012,dem,electricity
PT,h1771,7.058832478093043,scr2012,dem,electricity
PT,h1772,7.21661334026679,scr2012,dem,electricity
PT,h1773,7.478102434741446,scr2012,dem,electricity
PT,h1774,7.643771741874078,scr2012,dem,electricity
PT,h1775,7.4994172847889775,scr2012,dem,electricity
PT,h1776,7.037915288783065,scr2012,dem,electricity
PT,h1777,6.543785885711978,scr2012,dem,electricity
PT,h1778,6.121912814236222,scr2012,dem,electricity
PT,h1779,5.828701285955088,scr2012,dem,electricity
PT,h1780,5.628666499469984,scr2012,dem,electricity
PT,h1781,5.537298139178722,scr2012,dem,electricity
PT,h1782,5.562987368959835,scr2012,dem,electricity
PT,h1783,5.767525424883038,scr2012,dem,electricity
PT,h1784,6.1482590724781545,scr2012,dem,electricity
PT,h1785,6.6351366808317085,scr2012,dem,electricity
PT,h1786,7.048839710458305,scr2012,dem,electricity
PT,h1787,7.274739026231089,scr2012,dem,electricity
PT,h1788,7.342170015950092,scr2012,dem,electricity
PT,h1789,7.3081538252026785,scr2012,dem,electricity
PT,h1790,7.253012756079329,scr2012,dem,electricity
PT,h1791,7.110251019375797,scr2012,dem,electricity
PT,h1792,6.941439088652235,scr2012,dem,electricity
PT,h1793,6.7940168246748165,scr2012,dem,electricity
PT,h1794,6.738856076608874,scr2012,dem,electricity
PT,h1795,6.741521870971251,scr2012,dem,electricity
PT,h1796,6.865358510306194,scr2012,dem,electricity
PT,h1797,7.083244766820783,scr2012,dem,electricity
PT,h1798,7.196190737846612,scr2012,dem,electricity
PT,h1799,7.036214417314602,scr2012,dem,electricity
PT,h1800,6.640669332677032,scr2012,dem,electricity
PT,h1801,6.264321616490788,scr2012,dem,electricity
PT,h1802,5.9572757496697495,scr2012,dem,electricity
PT,h1803,5.688673592331828,scr2012,dem,electricity
PT,h1804,5.442521718188392,scr2012,dem,electricity
PT,h1805,5.261437520826858,scr2012,dem,electricity
PT,h1806,5.172950306688026,scr2012,dem,electricity
PT,h1807,5.126638598683572,scr2012,dem,electricity
PT,h1808,5.056089037470294,scr2012,dem,electricity
PT,h1809,5.012261665981766,scr2012,dem,electricity
PT,h1810,5.100813842693853,scr2012,dem,electricity
PT,h1811,5.31332754119763,scr2012,dem,electricity
PT,h1812,5.532766374047268,scr2012,dem,electricity
PT,h1813,5.619518495499804,scr2012,dem,electricity
PT,h1814,5.655169070041731,scr2012,dem,electricity
PT,h1815,5.634866219153212,scr2012,dem,electricity
PT,h1816,5.529514675486798,scr2012,dem,electricity
PT,h1817,5.360105344385415,scr2012,dem,electricity
PT,h1818,5.212771205535903,scr2012,dem,electricity
PT,h1819,5.199449442388779,scr2012,dem,electricity
PT,h1820,5.3456360455534195,scr2012,dem,electricity
PT,h1821,5.672578333636189,scr2012,dem,electricity
PT,h1822,5.98030867091688,scr2012,dem,electricity
PT,h1823,6.1134647476543815,scr2012,dem,electricity
PT,h1824,5.95694591803071,scr2012,dem,electricity
PT,h1825,5.6896663076959495,scr2012,dem,electricity
PT,h1826,5.369646354738908,scr2012,dem,electricity
PT,h1827,5.081391015507906,scr2012,dem,electricity
PT,h1828,4.839839666531075,scr2012,dem,electricity
PT,h1829,4.687648556732432,scr2012,dem,electricity
PT,h1830,4.6313361472244345,scr2012,dem,electricity
PT,h1831,4.6337543046491625,scr2012,dem,electricity
PT,h1832,4.600505433613158,scr2012,dem,electricity
PT,h1833,4.56217919750282,scr2012,dem,electricity
PT,h1834,4.639391417850755,scr2012,dem,electricity
PT,h1835,4.861883488196449,scr2012,dem,electricity
PT,h1836,5.121509650520537,scr2012,dem,electricity
PT,h1837,5.240912416828657,scr2012,dem,electricity
PT,h1838,5.3058720209816865,scr2012,dem,electricity
PT,h1839,5.328747970550417,scr2012,dem,electricity
PT,h1840,5.280798328040973,scr2012,dem,electricity
PT,h1841,5.160109490854078,scr2012,dem,electricity
PT,h1842,5.0263155804234785,scr2012,dem,electricity
PT,h1843,5.0252045400624095,scr2012,dem,electricity
PT,h1844,5.206199143056107,scr2012,dem,electricity
PT,h1845,5.59348608363954,scr2012,dem,electricity
PT,h1846,5.958870359703033,scr2012,dem,electricity
PT,h1847,6.117025193849564,scr2012,dem,electricity
PT,h1848,5.937645579840909,scr2012,dem,electricity
PT,h1849,5.601936349611952,scr2012,dem,electricity
PT,h1850,5.235655436114994,scr2012,dem,electricity
PT,h1851,4.960720206719692,scr2012,dem,electricity
PT,h1852,4.793505929343823,scr2012,dem,electricity
PT,h1853,4.732433636725464,scr2012,dem,electricity
PT,h1854,4.7897444757957555,scr2012,dem,electricity
PT,h1855,5.063872720474617,scr2012,dem,electricity
PT,h1856,5.549381215457833,scr2012,dem,electricity
PT,h1857,6.177253918462039,scr2012,dem,electricity
PT,h1858,6.693980354856796,scr2012,dem,electricity
PT,h1859,7.017063588789284,scr2012,dem,electricity
PT,h1860,7.114905439564657,scr2012,dem,electricity
PT,h1861,7.123188591379817,scr2012,dem,electricity
PT,h1862,7.087864433957671,scr2012,dem,electricity
PT,h1863,6.983820531327973,scr2012,dem,electricity
PT,h1864,6.8460204048817435,scr2012,dem,electricity
PT,h1865,6.7206073636638095,scr2012,dem,electricity
PT,h1866,6.6905740903947475,scr2012,dem,electricity
PT,h1867,6.701117564249126,scr2012,dem,electricity
PT,h1868,6.834914787199494,scr2012,dem,electricity
PT,h1869,7.0923183059297354,scr2012,dem,electricity
PT,h1870,7.268943040465794,scr2012,dem,electricity
PT,h1871,7.145577816780028,scr2012,dem,electricity
PT,h1872,6.692989924925227,scr2012,dem,electricity
PT,h1873,6.187651078204006,scr2012,dem,electricity
PT,h1874,5.761912361360874,scr2012,dem,electricity
PT,h1875,5.473784882233154,scr2012,dem,electricity
PT,h1876,5.290844275698527,scr2012,dem,electricity
PT,h1877,5.213467888005686,scr2012,dem,electricity
PT,h1878,5.248212689828282,scr2012,dem,electricity
PT,h1879,5.471144234011135,scr2012,dem,electricity
PT,h1880,5.8930808635646486,scr2012,dem,electricity
PT,h1881,6.453626732113502,scr2012,dem,electricity
PT,h1882,6.92282405949247,scr2012,dem,electricity
PT,h1883,7.2095320536641,scr2012,dem,electricity
PT,h1884,7.275909649955112,scr2012,dem,electricity
PT,h1885,7.266648838822311,scr2012,dem,electricity
PT,h1886,7.219218529992872,scr2012,dem,electricity
PT,h1887,7.102474319480004,scr2012,dem,electricity
PT,h1888,6.950086443492017,scr2012,dem,electricity
PT,h1889,6.8112235686963185,scr2012,dem,electricity
PT,h1890,6.778303331072621,scr2012,dem,electricity
PT,h1891,6.78394090662251,scr2012,dem,electricity
PT,h1892,6.916886679163747,scr2012,dem,electricity
PT,h1893,7.172497193429541,scr2012,dem,electricity
PT,h1894,7.3464722232698865,scr2012,dem,electricity
PT,h1895,7.21220193928402,scr2012,dem,electricity
PT,h1896,6.749011392487613,scr2012,dem,electricity
PT,h1897,6.234909597444036,scr2012,dem,electricity
PT,h1898,5.800424544596687,scr2012,dem,electricity
PT,h1899,5.499120582809663,scr2012,dem,electricity
PT,h1900,5.301601053325625,scr2012,dem,electricity
PT,h1901,5.211356786531926,scr2012,dem,electricity
PT,h1902,5.2363794027970325,scr2012,dem,electricity
PT,h1903,5.4459908682782885,scr2012,dem,electricity
PT,h1904,5.847993416090111,scr2012,dem,electricity
PT,h1905,6.3825162731974,scr2012,dem,electricity
PT,h1906,6.830996275973998,scr2012,dem,electricity
PT,h1907,7.104612888874039,scr2012,dem,electricity
PT,h1908,7.164437499086114,scr2012,dem,electricity
PT,h1909,7.155090006920325,scr2012,dem,electricity
PT,h1910,7.109757085440437,scr2012,dem,electricity
PT,h1911,6.995751449660432,scr2012,dem,electricity
PT,h1912,6.836747403321123,scr2012,dem,electricity
PT,h1913,6.687835836450196,scr2012,dem,electricity
PT,h1914,6.644682220373047,scr2012,dem,electricity
PT,h1915,6.639857521227405,scr2012,dem,electricity
PT,h1916,6.7591702045789255,scr2012,dem,electricity
PT,h1917,7.000559084913368,scr2012,dem,electricity
PT,h1918,7.163560796925298,scr2012,dem,electricity
PT,h1919,7.026340801639611,scr2012,dem,electricity
PT,h1920,6.567338961107991,scr2012,dem,electricity
PT,h1921,6.063953645105094,scr2012,dem,electricity
PT,h1922,5.633871220913605,scr2012,dem,electricity
PT,h1923,5.328562141032094,scr2012,dem,electricity
PT,h1924,5.119784475468617,scr2012,dem,electricity
PT,h1925,5.016750564463548,scr2012,dem,electricity
PT,h1926,5.02551214004578,scr2012,dem,electricity
PT,h1927,5.2109336205211605,scr2012,dem,electricity
PT,h1928,5.585009665991144,scr2012,dem,electricity
PT,h1929,6.0992076378431985,scr2012,dem,electricity
PT,h1930,6.540015228690004,scr2012,dem,electricity
PT,h1931,6.818699691853373,scr2012,dem,electricity
PT,h1932,6.884771989096944,scr2012,dem,electricity
PT,h1933,6.87899443431316,scr2012,dem,electricity
PT,h1934,6.833933023894797,scr2012,dem,electricity
PT,h1935,6.71852899204165,scr2012,dem,electricity
PT,h1936,6.553067589618468,scr2012,dem,electricity
PT,h1937,6.3897109250015465,scr2012,dem,electricity
PT,h1938,6.331240133336264,scr2012,dem,electricity
PT,h1939,6.321725445476018,scr2012,dem,electricity
PT,h1940,6.44019182336705,scr2012,dem,electricity
PT,h1941,6.673102474189225,scr2012,dem,electricity
PT,h1942,6.82305189206787,scr2012,dem,electricity
PT,h1943,6.67984429677653,scr2012,dem,electricity
PT,h1944,6.219474586047047,scr2012,dem,electricity
PT,h1945,5.7111672429592115,scr2012,dem,electricity
PT,h1946,5.275793202027948,scr2012,dem,electricity
PT,h1947,4.971660131884244,scr2012,dem,electricity
PT,h1948,4.764967239288872,scr2012,dem,electricity
PT,h1949,4.661455853039371,scr2012,dem,electricity
PT,h1950,4.665634278564726,scr2012,dem,electricity
PT,h1951,4.847810070981771,scr2012,dem,electricity
PT,h1952,5.218204590494395,scr2012,dem,electricity
PT,h1953,5.731891696624928,scr2012,dem,electricity
PT,h1954,6.185141837812315,scr2012,dem,electricity
PT,h1955,6.489471500913384,scr2012,dem,electricity
PT,h1956,6.5826806800170665,scr2012,dem,electricity
PT,h1957,6.595782495556838,scr2012,dem,electricity
PT,h1958,6.56161266996542,scr2012,dem,electricity
PT,h1959,6.449784947722838,scr2012,dem,electricity
PT,h1960,6.273525285257016,scr2012,dem,electricity
PT,h1961,6.081141411066424,scr2012,dem,electricity
PT,h1962,5.994153758612834,scr2012,dem,electricity
PT,h1963,5.967207046652799,scr2012,dem,electricity
PT,h1964,6.090797754065996,scr2012,dem,electricity
PT,h1965,6.328326013169283,scr2012,dem,electricity
PT,h1966,6.485825421223586,scr2012,dem,electricity
PT,h1967,6.371371043260146,scr2012,dem,electricity
PT,h1968,5.986518040442693,scr2012,dem,electricity
PT,h1969,5.600417970024358,scr2012,dem,electricity
PT,h1970,5.253699780688033,scr2012,dem,electricity
PT,h1971,4.978534179249124,scr2012,dem,electricity
PT,h1972,4.744163131387447,scr2012,dem,electricity
PT,h1973,4.5950097397299405,scr2012,dem,electricity
PT,h1974,4.524218162702043,scr2012,dem,electricity
PT,h1975,4.504989209972782,scr2012,dem,electricity
PT,h1976,4.5030453052789134,scr2012,dem,electricity
PT,h1977,4.596544945713337,scr2012,dem,electricity
PT,h1978,4.861266331208524,scr2012,dem,electricity
PT,h1979,5.238686523393257,scr2012,dem,electricity
PT,h1980,5.556517314731437,scr2012,dem,electricity
PT,h1981,5.684460691424942,scr2012,dem,electricity
PT,h1982,5.720506101112635,scr2012,dem,electricity
PT,h1983,5.6728416643723865,scr2012,dem,electricity
PT,h1984,5.5484646635847525,scr2012,dem,electricity
PT,h1985,5.358214393996331,scr2012,dem,electricity
PT,h1986,5.218367631326515,scr2012,dem,electricity
PT,h1987,5.196425839058351,scr2012,dem,electricity
PT,h1988,5.347956141744433,scr2012,dem,electricity
PT,h1989,5.6453429833588284,scr2012,dem,electricity
PT,h1990,5.898282269842952,scr2012,dem,electricity
PT,h1991,5.923847518307024,scr2012,dem,electricity
PT,h1992,5.678131559490739,scr2012,dem,electricity
PT,h1993,5.325052774991073,scr2012,dem,electricity
PT,h1994,4.969771124809849,scr2012,dem,electricity
PT,h1995,4.664806783395155,scr2012,dem,electricity
PT,h1996,4.446112782032666,scr2012,dem,electricity
PT,h1997,4.300180001597319,scr2012,dem,electricity
PT,h1998,4.222610732593923,scr2012,dem,electricity
PT,h1999,4.192083857778597,scr2012,dem,electricity
PT,h2000,4.211700878772708,scr2012,dem,electricity
PT,h2001,4.2163955578545895,scr2012,dem,electricity
PT,h2002,4.328456695228947,scr2012,dem,electricity
PT,h2003,4.503595740321337,scr2012,dem,electricity
PT,h2004,4.792502182352672,scr2012,dem,electricity
PT,h2005,4.95839493859166,scr2012,dem,electricity
PT,h2006,5.0621771502211494,scr2012,dem,electricity
PT,h2007,5.082255432782286,scr2012,dem,electricity
PT,h2008,5.018010648673608,scr2012,dem,electricity
PT,h2009,4.878314249759034,scr2012,dem,electricity
PT,h2010,4.707505703631481,scr2012,dem,electricity
PT,h2011,4.635807575548471,scr2012,dem,electricity
PT,h2012,4.652874216142182,scr2012,dem,electricity
PT,h2013,4.881474569363295,scr2012,dem,electricity
PT,h2014,5.28057267216151,scr2012,dem,electricity
PT,h2015,5.573782931738046,scr2012,dem,electricity
PT,h2016,5.557993346193454,scr2012,dem,electricity
PT,h2017,5.201933585736445,scr2012,dem,electricity
PT,h2018,4.809492305381037,scr2012,dem,electricity
PT,h2019,4.479106420422381,scr2012,dem,electricity
PT,h2020,4.282158420263999,scr2012,dem,electricity
PT,h2021,4.189959670496993,scr2012,dem,electricity
PT,h2022,4.202114114429342,scr2012,dem,electricity
PT,h2023,4.418921300226419,scr2012,dem,electricity
PT,h2024,4.901859730841087,scr2012,dem,electricity
PT,h2025,5.500250290913904,scr2012,dem,electricity
PT,h2026,6.00693300516247,scr2012,dem,electricity
PT,h2027,6.297385953870364,scr2012,dem,electricity
PT,h2028,6.429497921545222,scr2012,dem,electricity
PT,h2029,6.4641295778677605,scr2012,dem,electricity
PT,h2030,6.439213868689389,scr2012,dem,electricity
PT,h2031,6.341515548883558,scr2012,dem,electricity
PT,h2032,6.198432491832916,scr2012,dem,electricity
PT,h2033,6.042484794499305,scr2012,dem,electricity
PT,h2034,5.9521636628271715,scr2012,dem,electricity
PT,h2035,5.8889199840266,scr2012,dem,electricity
PT,h2036,5.844990079692014,scr2012,dem,electricity
PT,h2037,5.945049564576793,scr2012,dem,electricity
PT,h2038,6.1660143055238805,scr2012,dem,electricity
PT,h2039,6.215737269977403,scr2012,dem,electricity
PT,h2040,5.9566853432924916,scr2012,dem,electricity
PT,h2041,5.487834320073571,scr2012,dem,electricity
PT,h2042,5.0843379329418426,scr2012,dem,electricity
PT,h2043,4.78529939761323,scr2012,dem,electricity
PT,h2044,4.572932352001864,scr2012,dem,electricity
PT,h2045,4.464648254295627,scr2012,dem,electricity
PT,h2046,4.453673880549568,scr2012,dem,electricity
PT,h2047,4.619908540970343,scr2012,dem,electricity
PT,h2048,5.043867641846784,scr2012,dem,electricity
PT,h2049,5.583460837382519,scr2012,dem,electricity
PT,h2050,6.054746962681278,scr2012,dem,electricity
PT,h2051,6.321098483322265,scr2012,dem,electricity
PT,h2052,6.435335408957622,scr2012,dem,electricity
PT,h2053,6.464687616055414,scr2012,dem,electricity
PT,h2054,6.437793595496018,scr2012,dem,electricity
PT,h2055,6.337343322981736,scr2012,dem,electricity
PT,h2056,6.1887500615394995,scr2012,dem,electricity
PT,h2057,6.027173801447679,scr2012,dem,electricity
PT,h2058,5.941943749773056,scr2012,dem,electricity
PT,h2059,5.882459052469839,scr2012,dem,electricity
PT,h2060,5.850192526571966,scr2012,dem,electricity
PT,h2061,5.9563219012235855,scr2012,dem,electricity
PT,h2062,6.182847749584852,scr2012,dem,electricity
PT,h2063,6.229023984427652,scr2012,dem,electricity
PT,h2064,5.969662827747264,scr2012,dem,electricity
PT,h2065,5.501830305640901,scr2012,dem,electricity
PT,h2066,5.10012039218465,scr2012,dem,electricity
PT,h2067,4.800767582822944,scr2012,dem,electricity
PT,h2068,4.588228597783997,scr2012,dem,electricity
PT,h2069,4.4813726099081155,scr2012,dem,electricity
PT,h2070,4.474923471258098,scr2012,dem,electricity
PT,h2071,4.643299078639295,scr2012,dem,electricity
PT,h2072,5.065148654616454,scr2012,dem,electricity
PT,h2073,5.595330148611382,scr2012,dem,electricity
PT,h2074,6.059233448071932,scr2012,dem,electricity
PT,h2075,6.322118827813583,scr2012,dem,electricity
PT,h2076,6.43912754972853,scr2012,dem,electricity
PT,h2077,6.475603536294594,scr2012,dem,electricity
PT,h2078,6.454280608819991,scr2012,dem,electricity
PT,h2079,6.357427394088557,scr2012,dem,electricity
PT,h2080,6.205289618022341,scr2012,dem,electricity
PT,h2081,6.045910094569601,scr2012,dem,electricity
PT,h2082,5.965503976587524,scr2012,dem,electricity
PT,h2083,5.90860860384349,scr2012,dem,electricity
PT,h2084,5.884336207766772,scr2012,dem,electricity
PT,h2085,5.996611639159569,scr2012,dem,electricity
PT,h2086,6.237828891860852,scr2012,dem,electricity
PT,h2087,6.292417556158089,scr2012,dem,electricity
PT,h2088,6.052445299732554,scr2012,dem,electricity
PT,h2089,5.6119022909927025,scr2012,dem,electricity
PT,h2090,5.235936571748184,scr2012,dem,electricity
PT,h2091,4.95450591786806,scr2012,dem,electricity
PT,h2092,4.752244824252756,scr2012,dem,electricity
PT,h2093,4.655701964816858,scr2012,dem,electricity
PT,h2094,4.661765553282505,scr2012,dem,electricity
PT,h2095,4.839387250717152,scr2012,dem,electricity
PT,h2096,5.267669402496635,scr2012,dem,electricity
PT,h2097,5.8013893423430165,scr2012,dem,electricity
PT,h2098,6.266342802329877,scr2012,dem,electricity
PT,h2099,6.529621765792527,scr2012,dem,electricity
PT,h2100,6.644506433287566,scr2012,dem,electricity
PT,h2101,6.676333585847008,scr2012,dem,electricity
PT,h2102,6.650014635649345,scr2012,dem,electricity
PT,h2103,6.5529384794929815,scr2012,dem,electricity
PT,h2104,6.4095108513410395,scr2012,dem,electricity
PT,h2105,6.270478383232845,scr2012,dem,electricity
PT,h2106,6.2121866482525725,scr2012,dem,electricity
PT,h2107,6.167410662630072,scr2012,dem,electricity
PT,h2108,6.136928736401817,scr2012,dem,electricity
PT,h2109,6.22790485360226,scr2012,dem,electricity
PT,h2110,6.456858826721405,scr2012,dem,electricity
PT,h2111,6.506823905514789,scr2012,dem,electricity
PT,h2112,6.267880963923291,scr2012,dem,electricity
PT,h2113,5.816677389769319,scr2012,dem,electricity
PT,h2114,5.424251031569947,scr2012,dem,electricity
PT,h2115,5.12276010440892,scr2012,dem,electricity
PT,h2116,4.897265610084277,scr2012,dem,electricity
PT,h2117,4.776096630055413,scr2012,dem,electricity
PT,h2118,4.758088618759533,scr2012,dem,electricity
PT,h2119,4.915642191242512,scr2012,dem,electricity
PT,h2120,5.3201137337397135,scr2012,dem,electricity
PT,h2121,5.82080499151631,scr2012,dem,electricity
PT,h2122,6.253450135937284,scr2012,dem,electricity
PT,h2123,6.490889437344503,scr2012,dem,electricity
PT,h2124,6.584449105690721,scr2012,dem,electricity
PT,h2125,6.594582863999131,scr2012,dem,electricity
PT,h2126,6.543590935834112,scr2012,dem,electricity
PT,h2127,6.421480534116368,scr2012,dem,electricity
PT,h2128,6.24017955285901,scr2012,dem,electricity
PT,h2129,6.051743929021438,scr2012,dem,electricity
PT,h2130,5.9392380901571045,scr2012,dem,electricity
PT,h2131,5.858448305415061,scr2012,dem,electricity
PT,h2132,5.809326947024145,scr2012,dem,electricity
PT,h2133,5.8828991305519835,scr2012,dem,electricity
PT,h2134,6.091586743337922,scr2012,dem,electricity
PT,h2135,6.143560348626101,scr2012,dem,electricity
PT,h2136,5.9532667527244705,scr2012,dem,electricity
PT,h2137,5.59063132358833,scr2012,dem,electricity
PT,h2138,5.259906520453775,scr2012,dem,electricity
PT,h2139,4.974115619175947,scr2012,dem,electricity
PT,h2140,4.718704898761182,scr2012,dem,electricity
PT,h2141,4.550537760039658,scr2012,dem,electricity
PT,h2142,4.448791825383074,scr2012,dem,electricity
PT,h2143,4.4106308840944575,scr2012,dem,electricity
PT,h2144,4.465534411233092,scr2012,dem,electricity
PT,h2145,4.595468869717216,scr2012,dem,electricity
PT,h2146,4.8699740175287705,scr2012,dem,electricity
PT,h2147,5.1912553972133715,scr2012,dem,electricity
PT,h2148,5.508062316141734,scr2012,dem,electricity
PT,h2149,5.642819691445242,scr2012,dem,electricity
PT,h2150,5.669989301593844,scr2012,dem,electricity
PT,h2151,5.600544957488623,scr2012,dem,electricity
PT,h2152,5.456255991770192,scr2012,dem,electricity
PT,h2153,5.25160455485646,scr2012,dem,electricity
PT,h2154,5.074997963852228,scr2012,dem,electricity
PT,h2155,4.98076007253124,scr2012,dem,electricity
PT,h2156,4.959595960750978,scr2012,dem,electricity
PT,h2157,5.087014094153151,scr2012,dem,electricity
PT,h2158,5.386921027162424,scr2012,dem,electricity
PT,h2159,5.565883377130563,scr2012,dem,electricity
PT,h2160,5.498984571120529,scr2012,dem,electricity
RO,h1441,83.38264873334433,scr2012,dem,electricity
RO,h1442,84.35604991882319,scr2012,dem,electricity
RO,h1443,84.59968576599731,scr2012,dem,electricity
RO,h1444,84.57253831985223,scr2012,dem,electricity
RO,h1445,85.14084668021097,scr2012,dem,electricity
RO,h1446,87.23835716089862,scr2012,dem,electricity
RO,h1447,90.36285878380431,scr2012,dem,electricity
RO,h1448,93.14102374220371,scr2012,dem,electricity
RO,h1449,94.03478425761286,scr2012,dem,electricity
RO,h1450,92.88332268236047,scr2012,dem,electricity
RO,h1451,90.47438787707372,scr2012,dem,electricity
RO,h1452,87.62411277695234,scr2012,dem,electricity
RO,h1453,84.725523709553,scr2012,dem,electricity
RO,h1454,82.02667981266318,scr2012,dem,electricity
RO,h1455,80.26364295328024,scr2012,dem,electricity
RO,h1456,80.77398862546184,scr2012,dem,electricity
RO,h1457,84.27511180740126,scr2012,dem,electricity
RO,h1458,88.32549872905746,scr2012,dem,electricity
RO,h1459,89.84967320994579,scr2012,dem,electricity
RO,h1460,88.15650014171696,scr2012,dem,electricity
RO,h1461,86.32936229377486,scr2012,dem,electricity
RO,h1462,86.22119335228592,scr2012,dem,electricity
RO,h1463,86.98658811987147,scr2012,dem,electricity
RO,h1464,88.00746350777153,scr2012,dem,electricity
RO,h1465,88.95115693553007,scr2012,dem,electricity
RO,h1466,90.07995892289641,scr2012,dem,electricity
RO,h1467,90.4104861762203,scr2012,dem,electricity
RO,h1468,90.43319181858136,scr2012,dem,electricity
RO,h1469,91.05849507557703,scr2012,dem,electricity
RO,h1470,93.20403437684246,scr2012,dem,electricity
RO,h1471,96.25165264482527,scr2012,dem,electricity
RO,h1472,98.98681683756399,scr2012,dem,electricity
RO,h1473,99.89910110603616,scr2012,dem,electricity
RO,h1474,98.87551726713438,scr2012,dem,electricity
RO,h1475,96.5024554997044,scr2012,dem,electricity
RO,h1476,93.58194458975069,scr2012,dem,electricity
RO,h1477,90.53216498141485,scr2012,dem,electricity
RO,h1478,87.63370096387538,scr2012,dem,electricity
RO,h1479,85.7180128854114,scr2012,dem,electricity
RO,h1480,86.26954241124496,scr2012,dem,electricity
RO,h1481,90.11741621621175,scr2012,dem,electricity
RO,h1482,94.58803183244584,scr2012,dem,electricity
RO,h1483,96.3674488848405,scr2012,dem,electricity
RO,h1484,94.66118332987445,scr2012,dem,electricity
RO,h1485,92.79788909991805,scr2012,dem,electricity
RO,h1486,92.75980254948314,scr2012,dem,electricity
RO,h1487,93.63387834409271,scr2012,dem,electricity
RO,h1488,94.81713967063311,scr2012,dem,electricity
RO,h1489,95.95956405804948,scr2012,dem,electricity
RO,h1490,97.34262360310383,scr2012,dem,electricity
RO,h1491,97.8374435757086,scr2012,dem,electricity
RO,h1492,97.94745206225019,scr2012,dem,electricity
RO,h1493,98.66143568813908,scr2012,dem,electricity
RO,h1494,100.98262564522037,scr2012,dem,electricity
RO,h1495,104.24050385575178,scr2012,dem,electricity
RO,h1496,107.13212585676081,scr2012,dem,electricity
RO,h1497,108.0673872608504,scr2012,dem,electricity
RO,h1498,106.93776999209709,scr2012,dem,electricity
RO,h1499,104.3687153174163,scr2012,dem,electricity
RO,h1500,101.16994571049106,scr2012,dem,electricity
RO,h1501,97.77802330378697,scr2012,dem,electricity
RO,h1502,94.53285510095772,scr2012,dem,electricity
RO,h1503,92.36632417069269,scr2012,dem,electricity
RO,h1504,92.9038897427275,scr2012,dem,electricity
RO,h1505,97.01465499138224,scr2012,dem,electricity
RO,h1506,101.79259938513395,scr2012,dem,electricity
RO,h1507,103.65096785112308,scr2012,dem,electricity
RO,h1508,101.73882686110413,scr2012,dem,electricity
RO,h1509,99.65031073370581,scr2012,dem,electricity
RO,h1510,99.51731226995837,scr2012,dem,electricity
RO,h1511,100.3518656543807,scr2012,dem,electricity
RO,h1512,101.50467769181506,scr2012,dem,electricity
RO,h1513,102.63207407266756,scr2012,dem,electricity
RO,h1514,104.02620516543392,scr2012,dem,electricity
RO,h1515,104.47664764343727,scr2012,dem,electricity
RO,h1516,104.52027143015354,scr2012,dem,electricity
RO,h1517,105.25334207323384,scr2012,dem,electricity
RO,h1518,107.85242609476532,scr2012,dem,electricity
RO,h1519,111.70443659499082,scr2012,dem,electricity
RO,h1520,115.10874606555018,scr2012,dem,electricity
RO,h1521,116.17212887211078,scr2012,dem,electricity
RO,h1522,114.69181547271288,scr2012,dem,electricity
RO,h1523,111.64685710388235,scr2012,dem,electricity
RO,h1524,108.03837632807156,scr2012,dem,electricity
RO,h1525,104.384748702027,scr2012,dem,electricity
RO,h1526,100.99984650748964,scr2012,dem,electricity
RO,h1527,98.8042585650121,scr2012,dem,electricity
RO,h1528,99.45078679373245,scr2012,dem,electricity
RO,h1529,103.82798170408618,scr2012,dem,electricity
RO,h1530,108.8664995613243,scr2012,dem,electricity
RO,h1531,110.75346054577996,scr2012,dem,electricity
RO,h1532,108.6416602999476,scr2012,dem,electricity
RO,h1533,106.39993201937075,scr2012,dem,electricity
RO,h1534,106.317657914159,scr2012,dem,electricity
RO,h1535,107.31771339963483,scr2012,dem,electricity
RO,h1536,108.63842123371366,scr2012,dem,electricity
RO,h1537,109.87228689828878,scr2012,dem,electricity
RO,h1538,111.35393995438926,scr2012,dem,electricity
RO,h1539,111.84725884860725,scr2012,dem,electricity
RO,h1540,111.94736590988246,scr2012,dem,electricity
RO,h1541,112.80670652624424,scr2012,dem,electricity
RO,h1542,115.63268588366212,scr2012,dem,electricity
RO,h1543,119.73246242814788,scr2012,dem,electricity
RO,h1544,123.33129730777286,scr2012,dem,electricity
RO,h1545,124.43876784295588,scr2012,dem,electricity
RO,h1546,122.86929895098376,scr2012,dem,electricity
RO,h1547,119.63390162235912,scr2012,dem,electricity
RO,h1548,115.79795964829025,scr2012,dem,electricity
RO,h1549,111.90062488376147,scr2012,dem,electricity
RO,h1550,108.28817513316594,scr2012,dem,electricity
RO,h1551,105.94266789015472,scr2012,dem,electricity
RO,h1552,106.65936616642769,scr2012,dem,electricity
RO,h1553,111.38605094343956,scr2012,dem,electricity
RO,h1554,116.81338987469327,scr2012,dem,electricity
RO,h1555,118.81986298559087,scr2012,dem,electricity
RO,h1556,116.5048115484064,scr2012,dem,electricity
RO,h1557,114.04854326043531,scr2012,dem,electricity
RO,h1558,113.92334113406545,scr2012,dem,electricity
RO,h1559,114.95981159395184,scr2012,dem,electricity
RO,h1560,116.33028372465982,scr2012,dem,electricity
RO,h1561,117.61154102166434,scr2012,dem,electricity
RO,h1562,119.14298710598014,scr2012,dem,electricity
RO,h1563,119.59543255325094,scr2012,dem,electricity
RO,h1564,119.59303376921187,scr2012,dem,electricity
RO,h1565,120.38201082742053,scr2012,dem,electricity
RO,h1566,123.24066255193618,scr2012,dem,electricity
RO,h1567,127.41773729510511,scr2012,dem,electricity
RO,h1568,131.03316110854993,scr2012,dem,electricity
RO,h1569,131.9851847333445,scr2012,dem,electricity
RO,h1570,130.09815290538762,scr2012,dem,electricity
RO,h1571,126.44589091449335,scr2012,dem,electricity
RO,h1572,122.16319746112934,scr2012,dem,electricity
RO,h1573,117.82203363162377,scr2012,dem,electricity
RO,h1574,113.78764889100349,scr2012,dem,electricity
RO,h1575,111.08885901916447,scr2012,dem,electricity
RO,h1576,111.59974070000406,scr2012,dem,electricity
RO,h1577,116.2921019380561,scr2012,dem,electricity
RO,h1578,121.68394775460081,scr2012,dem,electricity
RO,h1579,123.48374324142632,scr2012,dem,electricity
RO,h1580,120.77166431702929,scr2012,dem,electricity
RO,h1581,117.92090814316781,scr2012,dem,electricity
RO,h1582,117.49944574193773,scr2012,dem,electricity
RO,h1583,118.28149386354549,scr2012,dem,electricity
RO,h1584,119.38872481859525,scr2012,dem,electricity
RO,h1585,120.38410472383383,scr2012,dem,electricity
RO,h1586,121.62215511036786,scr2012,dem,electricity
RO,h1587,121.74711247374124,scr2012,dem,electricity
RO,h1588,121.39992709851012,scr2012,dem,electricity
RO,h1589,121.8465075718163,scr2012,dem,electricity
RO,h1590,124.371893687558,scr2012,dem,electricity
RO,h1591,128.2105769944439,scr2012,dem,electricity
RO,h1592,131.46811653330684,scr2012,dem,electricity
RO,h1593,132.04551155010228,scr2012,dem,electricity
RO,h1594,129.78796686952674,scr2012,dem,electricity
RO,h1595,125.78876197981336,scr2012,dem,electricity
RO,h1596,121.18576409555607,scr2012,dem,electricity
RO,h1597,116.55313771323843,scr2012,dem,electricity
RO,h1598,112.24936423141445,scr2012,dem,electricity
RO,h1599,109.28479374185925,scr2012,dem,electricity
RO,h1600,109.4812228371303,scr2012,dem,electricity
RO,h1601,113.7601806523128,scr2012,dem,electricity
RO,h1602,118.70342987826447,scr2012,dem,electricity
RO,h1603,120.15220237512678,scr2012,dem,electricity
RO,h1604,117.21976482079533,scr2012,dem,electricity
RO,h1605,114.16192372727033,scr2012,dem,electricity
RO,h1606,113.44898367872709,scr2012,dem,electricity
RO,h1607,113.89995918288572,scr2012,dem,electricity
RO,h1608,114.65880855324207,scr2012,dem,electricity
RO,h1609,115.297371425176,scr2012,dem,electricity
RO,h1610,116.16926112745375,scr2012,dem,electricity
RO,h1611,115.97691598371716,scr2012,dem,electricity
RO,h1612,115.35015805541668,scr2012,dem,electricity
RO,h1613,115.47725684380652,scr2012,dem,electricity
RO,h1614,117.57297014506129,scr2012,dem,electricity
RO,h1615,120.91413057354568,scr2012,dem,electricity
RO,h1616,123.71237264570782,scr2012,dem,electricity
RO,h1617,123.99109478888731,scr2012,dem,electricity
RO,h1618,121.61482779160536,scr2012,dem,electricity
RO,h1619,117.61707858065158,scr2012,dem,electricity
RO,h1620,113.08460535803862,scr2012,dem,electricity
RO,h1621,108.53761015549058,scr2012,dem,electricity
RO,h1622,104.30962226913563,scr2012,dem,electricity
RO,h1623,101.32412350798853,scr2012,dem,electricity
RO,h1624,101.26443325107704,scr2012,dem,electricity
RO,h1625,104.97084214311604,scr2012,dem,electricity
RO,h1626,109.28262871355462,scr2012,dem,electricity
RO,h1627,110.39274031952309,scr2012,dem,electricity
RO,h1628,107.49105796959925,scr2012,dem,electricity
RO,h1629,104.48047047327371,scr2012,dem,electricity
RO,h1630,103.6183726460822,scr2012,dem,electricity
RO,h1631,103.82491502233596,scr2012,dem,electricity
RO,h1632,104.31730157451925,scr2012,dem,electricity
RO,h1633,104.67730057184775,scr2012,dem,electricity
RO,h1634,105.25022491991142,scr2012,dem,electricity
RO,h1635,104.8641207033379,scr2012,dem,electricity
RO,h1636,104.11596000222768,scr2012,dem,electricity
RO,h1637,104.03548448704049,scr2012,dem,electricity
RO,h1638,105.65578999882074,scr2012,dem,electricity
RO,h1639,108.28379979887643,scr2012,dem,electricity
RO,h1640,110.50191755660465,scr2012,dem,electricity
RO,h1641,110.63467584667403,scr2012,dem,electricity
RO,h1642,108.5845665384726,scr2012,dem,electricity
RO,h1643,105.08779484637738,scr2012,dem,electricity
RO,h1644,101.0637355973802,scr2012,dem,electricity
RO,h1645,96.98402114767741,scr2012,dem,electricity
RO,h1646,93.14855426419227,scr2012,dem,electricity
RO,h1647,90.41581659006187,scr2012,dem,electricity
RO,h1648,90.30801106658205,scr2012,dem,electricity
RO,h1649,93.62171065461327,scr2012,dem,electricity
RO,h1650,97.52200461837441,scr2012,dem,electricity
RO,h1651,98.63828461790986,scr2012,dem,electricity
RO,h1652,96.18837633817111,scr2012,dem,electricity
RO,h1653,93.61265975798285,scr2012,dem,electricity
RO,h1654,92.89297381444246,scr2012,dem,electricity
RO,h1655,93.0945509179975,scr2012,dem,electricity
RO,h1656,93.59949702352684,scr2012,dem,electricity
RO,h1657,94.04857993702458,scr2012,dem,electricity
RO,h1658,94.73189271629984,scr2012,dem,electricity
RO,h1659,94.54352113775492,scr2012,dem,electricity
RO,h1660,93.99306530137328,scr2012,dem,electricity
RO,h1661,94.02235076505994,scr2012,dem,electricity
RO,h1662,95.56888338850634,scr2012,dem,electricity
RO,h1663,98.0035459098819,scr2012,dem,electricity
RO,h1664,100.09741019724801,scr2012,dem,electricity
RO,h1665,100.37397533743048,scr2012,dem,electricity
RO,h1666,98.74881679932396,scr2012,dem,electricity
RO,h1667,95.81971299679904,scr2012,dem,electricity
RO,h1668,92.35766343983752,scr2012,dem,electricity
RO,h1669,88.7624596315805,scr2012,dem,electricity
RO,h1670,85.34298476566254,scr2012,dem,electricity
RO,h1671,82.92322262418257,scr2012,dem,electricity
RO,h1672,82.92416734775327,scr2012,dem,electricity
RO,h1673,86.07043684331295,scr2012,dem,electricity
RO,h1674,89.76715991616244,scr2012,dem,electricity
RO,h1675,90.93699515994169,scr2012,dem,electricity
RO,h1676,88.8397873517761,scr2012,dem,electricity
RO,h1677,86.59581633868223,scr2012,dem,electricity
RO,h1678,85.9871318564459,scr2012,dem,electricity
RO,h1679,86.17246592373814,scr2012,dem,electricity
RO,h1680,86.60954162721775,scr2012,dem,electricity
RO,h1681,86.98592020133768,scr2012,dem,electricity
RO,h1682,87.57845639997761,scr2012,dem,electricity
RO,h1683,87.3625521664488,scr2012,dem,electricity
RO,h1684,86.82211826318233,scr2012,dem,electricity
RO,h1685,86.81880684547761,scr2012,dem,electricity
RO,h1686,88.24709618025564,scr2012,dem,electricity
RO,h1687,90.52476995184934,scr2012,dem,electricity
RO,h1688,92.42364361885608,scr2012,dem,electricity
RO,h1689,92.54403290566032,scr2012,dem,electricity
RO,h1690,90.80951688673065,scr2012,dem,electricity
RO,h1691,87.85728797374946,scr2012,dem,electricity
RO,h1692,84.43962172771276,scr2012,dem,electricity
RO,h1693,80.95908347617173,scr2012,dem,electricity
RO,h1694,77.66900514790967,scr2012,dem,electricity
RO,h1695,75.27533760978237,scr2012,dem,electricity
RO,h1696,75.01549140590355,scr2012,dem,electricity
RO,h1697,77.52416676141365,scr2012,dem,electricity
RO,h1698,80.48617508691059,scr2012,dem,electricity
RO,h1699,81.20407549109713,scr2012,dem,electricity
RO,h1700,79.01877787079248,scr2012,dem,electricity
RO,h1701,76.73081279208853,scr2012,dem,electricity
RO,h1702,75.88627992055318,scr2012,dem,electricity
RO,h1703,75.73961668933481,scr2012,dem,electricity
RO,h1704,75.75427627654295,scr2012,dem,electricity
RO,h1705,75.68413696025304,scr2012,dem,electricity
RO,h1706,75.80191124289885,scr2012,dem,electricity
RO,h1707,75.26302045688782,scr2012,dem,electricity
RO,h1708,74.4551591385808,scr2012,dem,electricity
RO,h1709,74.12089526201807,scr2012,dem,electricity
RO,h1710,74.93459013241907,scr2012,dem,electricity
RO,h1711,76.40444919676807,scr2012,dem,electricity
RO,h1712,77.60137116802036,scr2012,dem,electricity
RO,h1713,77.44357927022413,scr2012,dem,electricity
RO,h1714,75.86689225724398,scr2012,dem,electricity
RO,h1715,73.3048864436413,scr2012,dem,electricity
RO,h1716,70.37709297726042,scr2012,dem,electricity
RO,h1717,67.43324140367834,scr2012,dem,electricity
RO,h1718,64.68022140191874,scr2012,dem,electricity
RO,h1719,62.70167687757178,scr2012,dem,electricity
RO,h1720,62.52499440281473,scr2012,dem,electricity
RO,h1721,64.67398861391497,scr2012,dem,electricity
RO,h1722,67.23168554545616,scr2012,dem,electricity
RO,h1723,68.00130726752822,scr2012,dem,electricity
RO,h1724,66.41134273551775,scr2012,dem,electricity
RO,h1725,64.7117626184849,scr2012,dem,electricity
RO,h1726,64.12177952133898,scr2012,dem,electricity
RO,h1727,64.05792784074455,scr2012,dem,electricity
RO,h1728,64.16239970337736,scr2012,dem,electricity
RO,h1729,64.2655351327034,scr2012,dem,electricity
RO,h1730,64.56902224773152,scr2012,dem,electricity
RO,h1731,64.32966853432707,scr2012,dem,electricity
RO,h1732,63.865506855561456,scr2012,dem,electricity
RO,h1733,63.865469781986384,scr2012,dem,electricity
RO,h1734,65.04609287102801,scr2012,dem,electricity
RO,h1735,67.08490636003906,scr2012,dem,electricity
RO,h1736,68.8786942904626,scr2012,dem,electricity
RO,h1737,69.23475024539502,scr2012,dem,electricity
RO,h1738,67.9910112048487,scr2012,dem,electricity
RO,h1739,65.79530939988685,scr2012,dem,electricity
RO,h1740,63.30387313737721,scr2012,dem,electricity
RO,h1741,60.810038304686614,scr2012,dem,electricity
RO,h1742,58.474532927321896,scr2012,dem,electricity
RO,h1743,56.78537158857177,scr2012,dem,electricity
RO,h1744,56.634873841873905,scr2012,dem,electricity
RO,h1745,58.44461726869803,scr2012,dem,electricity
RO,h1746,60.562637069222646,scr2012,dem,electricity
RO,h1747,61.09298903273929,scr2012,dem,electricity
RO,h1748,59.55987527070719,scr2012,dem,electricity
RO,h1749,57.92809970118423,scr2012,dem,electricity
RO,h1750,57.242403513073405,scr2012,dem,electricity
RO,h1751,57.02043803964448,scr2012,dem,electricity
RO,h1752,56.92048027016716,scr2012,dem,electricity
RO,h1753,56.778036065499904,scr2012,dem,electricity
RO,h1754,56.781063284652646,scr2012,dem,electricity
RO,h1755,56.3288873178143,scr2012,dem,electricity
RO,h1756,55.73264358109398,scr2012,dem,electricity
RO,h1757,55.570153616531215,scr2012,dem,electricity
RO,h1758,56.436819050302674,scr2012,dem,electricity
RO,h1759,58.050840900244566,scr2012,dem,electricity
RO,h1760,59.47551383261819,scr2012,dem,electricity
RO,h1761,59.6973101426585,scr2012,dem,electricity
RO,h1762,58.583887129113286,scr2012,dem,electricity
RO,h1763,56.69863537562602,scr2012,dem,electricity
RO,h1764,54.61011133845443,scr2012,dem,electricity
RO,h1765,52.55616806466866,scr2012,dem,electricity
RO,h1766,50.65790258728507,scr2012,dem,electricity
RO,h1767,49.33113316445575,scr2012,dem,electricity
RO,h1768,49.33024803659056,scr2012,dem,electricity
RO,h1769,51.02759914835196,scr2012,dem,electricity
RO,h1770,53.006487476277684,scr2012,dem,electricity
RO,h1771,53.6746007404262,scr2012,dem,electricity
RO,h1772,52.59727455033224,scr2012,dem,electricity
RO,h1773,51.456655065764714,scr2012,dem,electricity
RO,h1774,51.11587177015236,scr2012,dem,electricity
RO,h1775,51.175334641909565,scr2012,dem,electricity
RO,h1776,51.34942315621832,scr2012,dem,electricity
RO,h1777,51.46754031530017,scr2012,dem,electricity
RO,h1778,51.72228316386476,scr2012,dem,electricity
RO,h1779,51.57905525050269,scr2012,dem,electricity
RO,h1780,51.34727622261647,scr2012,dem,electricity
RO,h1781,51.52009755217388,scr2012,dem,electricity
RO,h1782,52.651926322207316,scr2012,dem,electricity
RO,h1783,54.49724402070113,scr2012,dem,electricity
RO,h1784,56.18288683206825,scr2012,dem,electricity
RO,h1785,56.74267051334124,scr2012,dem,electricity
RO,h1786,56.02107539839133,scr2012,dem,electricity
RO,h1787,54.52128129630672,scr2012,dem,electricity
RO,h1788,52.78871783963963,scr2012,dem,electricity
RO,h1789,51.0308568450712,scr2012,dem,electricity
RO,h1790,49.37774945386822,scr2012,dem,electricity
RO,h1791,48.239354850982444,scr2012,dem,electricity
RO,h1792,48.381595529669674,scr2012,dem,electricity
RO,h1793,50.19270840747131,scr2012,dem,electricity
RO,h1794,52.2822671120655,scr2012,dem,electricity
RO,h1795,53.06084504097482,scr2012,dem,electricity
RO,h1796,52.094452268539676,scr2012,dem,electricity
RO,h1797,51.042773640166665,scr2012,dem,electricity
RO,h1798,50.79141002477026,scr2012,dem,electricity
RO,h1799,50.94224567715981,scr2012,dem,electricity
RO,h1800,51.21514697077645,scr2012,dem,electricity
RO,h1801,51.40363265551574,scr2012,dem,electricity
RO,h1802,51.72229185014504,scr2012,dem,electricity
RO,h1803,51.63459577095575,scr2012,dem,electricity
RO,h1804,51.47154348879977,scr2012,dem,electricity
RO,h1805,51.684802164023026,scr2012,dem,electricity
RO,h1806,52.78190968226053,scr2012,dem,electricity
RO,h1807,54.49078709264181,scr2012,dem,electricity
RO,h1808,56.10055734736967,scr2012,dem,electricity
RO,h1809,56.74516586406127,scr2012,dem,electricity
RO,h1810,56.274572123905145,scr2012,dem,electricity
RO,h1811,55.02748469419761,scr2012,dem,electricity
RO,h1812,53.47860568406362,scr2012,dem,electricity
RO,h1813,51.850354101855,scr2012,dem,electricity
RO,h1814,50.2855933626655,scr2012,dem,electricity
RO,h1815,49.246844315623946,scr2012,dem,electricity
RO,h1816,49.55600314270929,scr2012,dem,electricity
RO,h1817,51.68389266929199,scr2012,dem,electricity
RO,h1818,54.15724277501276,scr2012,dem,electricity
RO,h1819,55.28016276267124,scr2012,dem,electricity
RO,h1820,54.56129139190326,scr2012,dem,electricity
RO,h1821,53.73853518854439,scr2012,dem,electricity
RO,h1822,53.77584788822756,scr2012,dem,electricity
RO,h1823,54.230765509644364,scr2012,dem,electricity
RO,h1824,54.8765533751763,scr2012,dem,electricity
RO,h1825,55.50810112051975,scr2012,dem,electricity
RO,h1826,56.305386064474185,scr2012,dem,electricity
RO,h1827,56.631996382281564,scr2012,dem,electricity
RO,h1828,56.806219653476774,scr2012,dem,electricity
RO,h1829,57.356512878041116,scr2012,dem,electricity
RO,h1830,58.83895722618289,scr2012,dem,electricity
RO,h1831,60.9073752880694,scr2012,dem,electricity
RO,h1832,62.850207925748386,scr2012,dem,electricity
RO,h1833,63.75363064368982,scr2012,dem,electricity
RO,h1834,63.48885782596837,scr2012,dem,electricity
RO,h1835,62.35519021285239,scr2012,dem,electricity
RO,h1836,60.81830880597286,scr2012,dem,electricity
RO,h1837,59.10083925739649,scr2012,dem,electricity
RO,h1838,57.40824649184014,scr2012,dem,electricity
RO,h1839,56.30764703801274,scr2012,dem,electricity
RO,h1840,56.784212149192996,scr2012,dem,electricity
RO,h1841,59.37643269252346,scr2012,dem,electricity
RO,h1842,62.36456875175134,scr2012,dem,electricity
RO,h1843,63.728514943458855,scr2012,dem,electricity
RO,h1844,62.91816123949906,scr2012,dem,electricity
RO,h1845,61.98336816645255,scr2012,dem,electricity
RO,h1846,62.06926999405015,scr2012,dem,electricity
RO,h1847,62.6278605941653,scr2012,dem,electricity
RO,h1848,63.353525523828296,scr2012,dem,electricity
RO,h1849,64.06778288907033,scr2012,dem,electricity
RO,h1850,64.9650333394915,scr2012,dem,electricity
RO,h1851,65.3138061430314,scr2012,dem,electricity
RO,h1852,65.44345474264496,scr2012,dem,electricity
RO,h1853,66.03442531558822,scr2012,dem,electricity
RO,h1854,67.83006136716274,scr2012,dem,electricity
RO,h1855,70.5284035590247,scr2012,dem,electricity
RO,h1856,72.99594606222573,scr2012,dem,electricity
RO,h1857,73.98750154374895,scr2012,dem,electricity
RO,h1858,73.28630874926732,scr2012,dem,electricity
RO,h1859,71.53551767993568,scr2012,dem,electricity
RO,h1860,69.41679579946558,scr2012,dem,electricity
RO,h1861,67.24312002861645,scr2012,dem,electricity
RO,h1862,65.206672564328,scr2012,dem,electricity
RO,h1863,63.880976304591265,scr2012,dem,electricity
RO,h1864,64.29287787353049,scr2012,dem,electricity
RO,h1865,66.99838014671819,scr2012,dem,electricity
RO,h1866,70.07328083152373,scr2012,dem,electricity
RO,h1867,71.27401561926605,scr2012,dem,electricity
RO,h1868,70.04426997053392,scr2012,dem,electricity
RO,h1869,68.72143292187043,scr2012,dem,electricity
RO,h1870,68.59483281221938,scr2012,dem,electricity
RO,h1871,69.03989211385121,scr2012,dem,electricity
RO,h1872,69.65727979005605,scr2012,dem,electricity
RO,h1873,70.19813569783854,scr2012,dem,electricity
RO,h1874,70.89640269910873,scr2012,dem,electricity
RO,h1875,70.99279299461044,scr2012,dem,electricity
RO,h1876,70.88865983275588,scr2012,dem,electricity
RO,h1877,71.2966650031256,scr2012,dem,electricity
RO,h1878,72.96353527299955,scr2012,dem,electricity
RO,h1879,75.52526909927236,scr2012,dem,electricity
RO,h1880,77.80493264248429,scr2012,dem,electricity
RO,h1881,78.51808395508809,scr2012,dem,electricity
RO,h1882,77.47888926167904,scr2012,dem,electricity
RO,h1883,75.36909572366339,scr2012,dem,electricity
RO,h1884,72.90884978935374,scr2012,dem,electricity
RO,h1885,70.41567114117484,scr2012,dem,electricity
RO,h1886,68.09172252900974,scr2012,dem,electricity
RO,h1887,66.52272307435042,scr2012,dem,electricity
RO,h1888,66.78833124879901,scr2012,dem,electricity
RO,h1889,69.43955490794488,scr2012,dem,electricity
RO,h1890,72.47393547374354,scr2012,dem,electricity
RO,h1891,73.54731132202302,scr2012,dem,electricity
RO,h1892,72.1108228642898,scr2012,dem,electricity
RO,h1893,70.5868639085073,scr2012,dem,electricity
RO,h1894,70.31970765770241,scr2012,dem,electricity
RO,h1895,70.64706933763954,scr2012,dem,electricity
RO,h1896,71.15923148183332,scr2012,dem,electricity
RO,h1897,71.61411018548273,scr2012,dem,electricity
RO,h1898,72.23691587275769,scr2012,dem,electricity
RO,h1899,72.25298528536432,scr2012,dem,electricity
RO,h1900,72.06132189597625,scr2012,dem,electricity
RO,h1901,72.40268812924417,scr2012,dem,electricity
RO,h1902,74.02856318025728,scr2012,dem,electricity
RO,h1903,76.57262943350071,scr2012,dem,electricity
RO,h1904,78.84300118763433,scr2012,dem,electricity
RO,h1905,79.5453980323274,scr2012,dem,electricity
RO,h1906,78.49419309767514,scr2012,dem,electricity
RO,h1907,76.37685431684825,scr2012,dem,electricity
RO,h1908,73.92540036712741,scr2012,dem,electricity
RO,h1909,71.45589628522967,scr2012,dem,electricity
RO,h1910,69.17005320513036,scr2012,dem,electricity
RO,h1911,67.66200569847179,scr2012,dem,electricity
RO,h1912,68.03821021352516,scr2012,dem,electricity
RO,h1913,70.87148811422107,scr2012,dem,electricity
RO,h1914,74.11384340776345,scr2012,dem,electricity
RO,h1915,75.34432455218497,scr2012,dem,electricity
RO,h1916,74.01247312256257,scr2012,dem,electricity
RO,h1917,72.60953832705286,scr2012,dem,electricity
RO,h1918,72.5331352348377,scr2012,dem,electricity
RO,h1919,73.08279386529796,scr2012,dem,electricity
RO,h1920,73.83424582004042,scr2012,dem,electricity
RO,h1921,74.53380167474407,scr2012,dem,electricity
RO,h1922,75.41037241784598,scr2012,dem,electricity
RO,h1923,75.65535884950945,scr2012,dem,electricity
RO,h1924,75.67970097701179,scr2012,dem,electricity
RO,h1925,76.26308821755735,scr2012,dem,electricity
RO,h1926,78.19696528301405,scr2012,dem,electricity
RO,h1927,81.09414714615858,scr2012,dem,electricity
RO,h1928,83.70229426113093,scr2012,dem,electricity
RO,h1929,84.64998958844133,scr2012,dem,electricity
RO,h1930,83.73263323423195,scr2012,dem,electricity
RO,h1931,81.66654763009385,scr2012,dem,electricity
RO,h1932,79.21743362418624,scr2012,dem,electricity
RO,h1933,76.71961359670422,scr2012,dem,electricity
RO,h1934,74.39839698248525,scr2012,dem,electricity
RO,h1935,72.90703542638487,scr2012,dem,electricity
RO,h1936,73.45619079824935,scr2012,dem,electricity
RO,h1937,76.67395563523459,scr2012,dem,electricity
RO,h1938,80.32923535365252,scr2012,dem,electricity
RO,h1939,81.76893937183343,scr2012,dem,electricity
RO,h1940,80.39415776170007,scr2012,dem,electricity
RO,h1941,78.9414048072186,scr2012,dem,electricity
RO,h1942,78.95429344102669,scr2012,dem,electricity
RO,h1943,79.6625478644137,scr2012,dem,electricity
RO,h1944,80.5927962000035,scr2012,dem,electricity
RO,h1945,81.45361366807823,scr2012,dem,electricity
RO,h1946,82.4965370062969,scr2012,dem,electricity
RO,h1947,82.8245574188612,scr2012,dem,electricity
RO,h1948,82.8945013703159,scr2012,dem,electricity
RO,h1949,83.54917867136948,scr2012,dem,electricity
RO,h1950,85.65184253734975,scr2012,dem,electricity
RO,h1951,88.76146590214596,scr2012,dem,electricity
RO,h1952,91.54022570964607,scr2012,dem,electricity
RO,h1953,92.51200172535768,scr2012,dem,electricity
RO,h1954,91.46575646874192,scr2012,dem,electricity
RO,h1955,89.16021929818717,scr2012,dem,electricity
RO,h1956,86.41216974491867,scr2012,dem,electricity
RO,h1957,83.59197574005269,scr2012,dem,electricity
RO,h1958,80.95002059217433,scr2012,dem,electricity
RO,h1959,79.209808594266,scr2012,dem,electricity
RO,h1960,79.70601633729582,scr2012,dem,electricity
RO,h1961,83.1247418331604,scr2012,dem,electricity
RO,h1962,87.01956847333707,scr2012,dem,electricity
RO,h1963,88.45615112243664,scr2012,dem,electricity
RO,h1964,86.7898665170084,scr2012,dem,electricity
RO,h1965,85.03624332308259,scr2012,dem,electricity
RO,h1966,84.92910132512252,scr2012,dem,electricity
RO,h1967,85.61800477132687,scr2012,dem,electricity
RO,h1968,86.55205517403238,scr2012,dem,electricity
RO,h1969,87.39467485591284,scr2012,dem,electricity
RO,h1970,88.41714071525898,scr2012,dem,electricity
RO,h1971,88.65793721193867,scr2012,dem,electricity
RO,h1972,88.60330272367517,scr2012,dem,electricity
RO,h1973,89.13666365178847,scr2012,dem,electricity
RO,h1974,91.11904941592391,scr2012,dem,electricity
RO,h1975,94.0293063034057,scr2012,dem,electricity
RO,h1976,96.62094828752281,scr2012,dem,electricity
RO,h1977,97.45106549169896,scr2012,dem,electricity
RO,h1978,96.33122265057666,scr2012,dem,electricity
RO,h1979,93.89751913516739,scr2012,dem,electricity
RO,h1980,90.9520493273492,scr2012,dem,electricity
RO,h1981,87.90124082245428,scr2012,dem,electricity
RO,h1982,85.00970433957208,scr2012,dem,electricity
RO,h1983,83.0658856149599,scr2012,dem,electricity
RO,h1984,83.49919387120967,scr2012,dem,electricity
RO,h1985,87.08711885249643,scr2012,dem,electricity
RO,h1986,91.20398238092343,scr2012,dem,electricity
RO,h1987,92.74021905544824,scr2012,dem,electricity
RO,h1988,90.99263287638912,scr2012,dem,electricity
RO,h1989,89.1425689548135,scr2012,dem,electricity
RO,h1990,89.02501307524642,scr2012,dem,electricity
RO,h1991,89.71163853012081,scr2012,dem,electricity
RO,h1992,90.67176000250117,scr2012,dem,electricity
RO,h1993,91.56567525126273,scr2012,dem,electricity
RO,h1994,92.6847528494596,scr2012,dem,electricity
RO,h1995,92.943400607099,scr2012,dem,electricity
RO,h1996,92.85851624584907,scr2012,dem,electricity
RO,h1997,93.30670506677495,scr2012,dem,electricity
RO,h1998,95.26007124353688,scr2012,dem,electricity
RO,h1999,98.0480106655034,scr2012,dem,electricity
RO,h2000,100.47252620100242,scr2012,dem,electricity
RO,h2001,101.06952537817328,scr2012,dem,electricity
RO,h2002,99.74292401989528,scr2012,dem,electricity
RO,h2003,97.08990148030597,scr2012,dem,electricity
RO,h2004,93.84982556432237,scr2012,dem,electricity
RO,h2005,90.43404854198714,scr2012,dem,electricity
RO,h2006,87.14034156204427,scr2012,dem,electricity
RO,h2007,84.80996327000709,scr2012,dem,electricity
RO,h2008,84.91386395840523,scr2012,dem,electricity
RO,h2009,88.21740177145665,scr2012,dem,electricity
RO,h2010,92.01286029680041,scr2012,dem,electricity
RO,h2011,93.02288799341389,scr2012,dem,electricity
RO,h2012,90.83103568284446,scr2012,dem,electricity
RO,h2013,88.66138546687986,scr2012,dem,electricity
RO,h2014,88.35462802019406,scr2012,dem,electricity
RO,h2015,88.69290788273376,scr2012,dem,electricity
RO,h2016,89.1716475216355,scr2012,dem,electricity
RO,h2017,89.61819413705419,scr2012,dem,electricity
RO,h2018,90.2860561519526,scr2012,dem,electricity
RO,h2019,90.10366360409442,scr2012,dem,electricity
RO,h2020,89.53721073514876,scr2012,dem,electricity
RO,h2021,89.56051838480258,scr2012,dem,electricity
RO,h2022,91.18410832069046,scr2012,dem,electricity
RO,h2023,93.9031083737536,scr2012,dem,electricity
RO,h2024,96.2544905035137,scr2012,dem,electricity
RO,h2025,96.6317755972034,scr2012,dem,electricity
RO,h2026,94.87137179331769,scr2012,dem,electricity
RO,h2027,91.82217016439807,scr2012,dem,electricity
RO,h2028,88.34991839286407,scr2012,dem,electricity
RO,h2029,84.87541286418677,scr2012,dem,electricity
RO,h2030,81.64661042014113,scr2012,dem,electricity
RO,h2031,79.38198108420201,scr2012,dem,electricity
RO,h2032,79.35922953726346,scr2012,dem,electricity
RO,h2033,82.22475862637461,scr2012,dem,electricity
RO,h2034,85.50869143350765,scr2012,dem,electricity
RO,h2035,86.22735762570973,scr2012,dem,electricity
RO,h2036,84.05490225124413,scr2012,dem,electricity
RO,h2037,81.9335216694076,scr2012,dem,electricity
RO,h2038,81.5277669327916,scr2012,dem,electricity
RO,h2039,81.72650786808678,scr2012,dem,electricity
RO,h2040,82.09149850906944,scr2012,dem,electricity
RO,h2041,82.41968775230319,scr2012,dem,electricity
RO,h2042,82.93023777898571,scr2012,dem,electricity
RO,h2043,82.64439721526293,scr2012,dem,electricity
RO,h2044,82.05672592953496,scr2012,dem,electricity
RO,h2045,82.04482516533663,scr2012,dem,electricity
RO,h2046,83.49957832864784,scr2012,dem,electricity
RO,h2047,85.93787927052445,scr2012,dem,electricity
RO,h2048,88.03820223541433,scr2012,dem,electricity
RO,h2049,88.34443420832916,scr2012,dem,electricity
RO,h2050,86.71176729245114,scr2012,dem,electricity
RO,h2051,83.90990773846498,scr2012,dem,electricity
RO,h2052,80.72842891308532,scr2012,dem,electricity
RO,h2053,77.54114374968574,scr2012,dem,electricity
RO,h2054,74.56614792152357,scr2012,dem,electricity
RO,h2055,72.45176670715573,scr2012,dem,electricity
RO,h2056,72.3517809577777,scr2012,dem,electricity
RO,h2057,74.84640403780685,scr2012,dem,electricity
RO,h2058,77.70827209664624,scr2012,dem,electricity
RO,h2059,78.24175637806752,scr2012,dem,electricity
RO,h2060,76.19249805851734,scr2012,dem,electricity
RO,h2061,74.18963389076175,scr2012,dem,electricity
RO,h2062,73.72592217202653,scr2012,dem,electricity
RO,h2063,73.7700541599415,scr2012,dem,electricity
RO,h2064,73.94981908630105,scr2012,dem,electricity
RO,h2065,74.09503983607932,scr2012,dem,electricity
RO,h2066,74.40371670558622,scr2012,dem,electricity
RO,h2067,74.00251885236531,scr2012,dem,electricity
RO,h2068,73.3486940283392,scr2012,dem,electricity
RO,h2069,73.22906353940272,scr2012,dem,electricity
RO,h2070,74.44120567479959,scr2012,dem,electricity
RO,h2071,76.5692361709107,scr2012,dem,electricity
RO,h2072,78.41981380546162,scr2012,dem,electricity
RO,h2073,78.68453792251424,scr2012,dem,electricity
RO,h2074,77.22377279419676,scr2012,dem,electricity
RO,h2075,74.73635527887868,scr2012,dem,electricity
RO,h2076,71.93556006927489,scr2012,dem,electricity
RO,h2077,69.14774964220531,scr2012,dem,electricity
RO,h2078,66.55797897884217,scr2012,dem,electricity
RO,h2079,64.7387889921891,scr2012,dem,electricity
RO,h2080,64.71250838410894,scr2012,dem,electricity
RO,h2081,67.0005220282193,scr2012,dem,electricity
RO,h2082,69.62999444451968,scr2012,dem,electricity
RO,h2083,70.21144361938518,scr2012,dem,electricity
RO,h2084,68.53589870071178,scr2012,dem,electricity
RO,h2085,66.9252638578653,scr2012,dem,electricity
RO,h2086,66.68776181988717,scr2012,dem,electricity
RO,h2087,66.88471407816651,scr2012,dem,electricity
RO,h2088,67.20584773459326,scr2012,dem,electricity
RO,h2089,67.5056380754921,scr2012,dem,electricity
RO,h2090,67.9637607192689,scr2012,dem,electricity
RO,h2091,67.78736498334685,scr2012,dem,electricity
RO,h2092,67.39801925441469,scr2012,dem,electricity
RO,h2093,67.51751049555648,scr2012,dem,electricity
RO,h2094,68.89058634084512,scr2012,dem,electricity
RO,h2095,71.1454102559933,scr2012,dem,electricity
RO,h2096,73.16655984131962,scr2012,dem,electricity
RO,h2097,73.71567416118391,scr2012,dem,electricity
RO,h2098,72.64057221330155,scr2012,dem,electricity
RO,h2099,70.58628379865267,scr2012,dem,electricity
RO,h2100,68.21692132396856,scr2012,dem,electricity
RO,h2101,65.83105041617951,scr2012,dem,electricity
RO,h2102,63.60839030435218,scr2012,dem,electricity
RO,h2103,62.10255528822104,scr2012,dem,electricity
RO,h2104,62.30208424244851,scr2012,dem,electricity
RO,h2105,64.72087952928676,scr2012,dem,electricity
RO,h2106,67.47147828225924,scr2012,dem,electricity
RO,h2107,68.25030411814227,scr2012,dem,electricity
RO,h2108,66.84323204442684,scr2012,dem,electricity
RO,h2109,65.49387347041753,scr2012,dem,electricity
RO,h2110,65.45842889776628,scr2012,dem,electricity
RO,h2111,65.83523246981034,scr2012,dem,electricity
RO,h2112,66.32774655813812,scr2012,dem,electricity
RO,h2113,66.79352967579649,scr2012,dem,electricity
RO,h2114,67.40540490434495,scr2012,dem,electricity
RO,h2115,67.37141743753584,scr2012,dem,electricity
RO,h2116,67.11245750760963,scr2012,dem,electricity
RO,h2117,67.34085237564277,scr2012,dem,electricity
RO,h2118,68.80137803191703,scr2012,dem,electricity
RO,h2119,71.11397205729138,scr2012,dem,electricity
RO,h2120,73.18150941319682,scr2012,dem,electricity
RO,h2121,73.77147300278234,scr2012,dem,electricity
RO,h2122,72.73001334493078,scr2012,dem,electricity
RO,h2123,70.68550251422344,scr2012,dem,electricity
RO,h2124,68.29529075763698,scr2012,dem,electricity
RO,h2125,65.86262307509068,scr2012,dem,electricity
RO,h2126,63.56474589857234,scr2012,dem,electricity
RO,h2127,61.96150898015315,scr2012,dem,electricity
RO,h2128,62.04783370988815,scr2012,dem,electricity
RO,h2129,64.33733217765675,scr2012,dem,electricity
RO,h2130,66.93484858731136,scr2012,dem,electricity
RO,h2131,67.5432275788693,scr2012,dem,electricity
RO,h2132,65.93936999764824,scr2012,dem,electricity
RO,h2133,64.37596499995564,scr2012,dem,electricity
RO,h2134,64.12166927206508,scr2012,dem,electricity
RO,h2135,64.29683466094822,scr2012,dem,electricity
RO,h2136,64.57344734167488,scr2012,dem,electricity
RO,h2137,64.80097988652376,scr2012,dem,electricity
RO,h2138,65.14092794656598,scr2012,dem,electricity
RO,h2139,64.8402463398742,scr2012,dem,electricity
RO,h2140,64.30005093825498,scr2012,dem,electricity
RO,h2141,64.1944457318782,scr2012,dem,electricity
RO,h2142,65.16469393125648,scr2012,dem,electricity
RO,h2143,66.78998892243591,scr2012,dem,electricity
RO,h2144,68.22169377562192,scr2012,dem,electricity
RO,h2145,68.43145720810689,scr2012,dem,electricity
RO,h2146,67.31615481978564,scr2012,dem,electricity
RO,h2147,65.28743650188126,scr2012,dem,electricity
RO,h2148,62.90219412780318,scr2012,dem,electricity
RO,h2149,60.45617307246373,scr2012,dem,electricity
RO,h2150,58.102014416548734,scr2012,dem,electricity
RO,h2151,56.36457785555655,scr2012,dem,electricity
RO,h2152,56.16345832051122,scr2012,dem,electricity
RO,h2153,57.99079343785235,scr2012,dem,electricity
RO,h2154,60.112555887700715,scr2012,dem,electricity
RO,h2155,60.47363809832147,scr2012,dem,electricity
RO,h2156,58.89179377391787,scr2012,dem,electricity
RO,h2157,57.358597626825876,scr2012,dem,electricity
RO,h2158,56.96601342500691,scr2012,dem,electricity
RO,h2159,56.874388369241274,scr2012,dem,electricity
RO,h2160,56.82889670994215,scr2012,dem,electricity
RS,h1441,8.433728436936192,scr2012,dem,electricity
RS,h1442,8.121478785484786,scr2012,dem,electricity
RS,h1443,7.904744158622526,scr2012,dem,electricity
RS,h1444,7.806876122234328,scr2012,dem,electricity
RS,h1445,7.80326595675673,scr2012,dem,electricity
RS,h1446,7.984934866337879,scr2012,dem,electricity
RS,h1447,8.368758671011367,scr2012,dem,electricity
RS,h1448,8.84591463964954,scr2012,dem,electricity
RS,h1449,9.231367012619241,scr2012,dem,electricity
RS,h1450,9.370211171920134,scr2012,dem,electricity
RS,h1451,9.29234288689118,scr2012,dem,electricity
RS,h1452,9.132456635886458,scr2012,dem,electricity
RS,h1453,8.939677649458735,scr2012,dem,electricity
RS,h1454,8.7308597054531,scr2012,dem,electricity
RS,h1455,8.513774477652317,scr2012,dem,electricity
RS,h1456,8.418292057185432,scr2012,dem,electricity
RS,h1457,8.563735190533446,scr2012,dem,electricity
RS,h1458,8.847453427625712,scr2012,dem,electricity
RS,h1459,9.182639185655422,scr2012,dem,electricity
RS,h1460,9.350020351930084,scr2012,dem,electricity
RS,h1461,9.387823471303504,scr2012,dem,electricity
RS,h1462,9.334017203400862,scr2012,dem,electricity
RS,h1463,9.172907952497342,scr2012,dem,electricity
RS,h1464,8.933739771981795,scr2012,dem,electricity
RS,h1465,8.58843219949184,scr2012,dem,electricity
RS,h1466,8.314899754202571,scr2012,dem,electricity
RS,h1467,8.110846469402095,scr2012,dem,electricity
RS,h1468,8.007715099488854,scr2012,dem,electricity
RS,h1469,8.004300754901802,scr2012,dem,electricity
RS,h1470,8.151475319313402,scr2012,dem,electricity
RS,h1471,8.40094798720205,scr2012,dem,electricity
RS,h1472,8.69263986064634,scr2012,dem,electricity
RS,h1473,8.97757208766039,scr2012,dem,electricity
RS,h1474,9.168513083730879,scr2012,dem,electricity
RS,h1475,9.232039514851788,scr2012,dem,electricity
RS,h1476,9.156835992952017,scr2012,dem,electricity
RS,h1477,9.006518404037667,scr2012,dem,electricity
RS,h1478,8.80603010073708,scr2012,dem,electricity
RS,h1479,8.605524070545009,scr2012,dem,electricity
RS,h1480,8.542607719218422,scr2012,dem,electricity
RS,h1481,8.742063997622148,scr2012,dem,electricity
RS,h1482,9.087348589637656,scr2012,dem,electricity
RS,h1483,9.471552783355548,scr2012,dem,electricity
RS,h1484,9.666132880974063,scr2012,dem,electricity
RS,h1485,9.750704693722351,scr2012,dem,electricity
RS,h1486,9.749047429116404,scr2012,dem,electricity
RS,h1487,9.652011570610071,scr2012,dem,electricity
RS,h1488,9.469657371129472,scr2012,dem,electricity
RS,h1489,9.189398962166493,scr2012,dem,electricity
RS,h1490,8.980501606443081,scr2012,dem,electricity
RS,h1491,8.812529694894504,scr2012,dem,electricity
RS,h1492,8.728479511027063,scr2012,dem,electricity
RS,h1493,8.734585293848978,scr2012,dem,electricity
RS,h1494,8.900631483359891,scr2012,dem,electricity
RS,h1495,9.12612534670823,scr2012,dem,electricity
RS,h1496,9.341218795982462,scr2012,dem,electricity
RS,h1497,9.515606328981454,scr2012,dem,electricity
RS,h1498,9.660699706450618,scr2012,dem,electricity
RS,h1499,9.78111502833924,scr2012,dem,electricity
RS,h1500,9.797275031756064,scr2012,dem,electricity
RS,h1501,9.672175544328221,scr2012,dem,electricity
RS,h1502,9.40568624801917,scr2012,dem,electricity
RS,h1503,9.09840676924627,scr2012,dem,electricity
RS,h1504,8.953877919869267,scr2012,dem,electricity
RS,h1505,9.108170256968995,scr2012,dem,electricity
RS,h1506,9.441188696775825,scr2012,dem,electricity
RS,h1507,9.810070950225667,scr2012,dem,electricity
RS,h1508,10.011407600811713,scr2012,dem,electricity
RS,h1509,10.13689098172306,scr2012,dem,electricity
RS,h1510,10.215445041226646,scr2012,dem,electricity
RS,h1511,10.183356957665712,scr2012,dem,electricity
RS,h1512,10.011236350320345,scr2012,dem,electricity
RS,h1513,9.71438031143575,scr2012,dem,electricity
RS,h1514,9.506381813929051,scr2012,dem,electricity
RS,h1515,9.367887870244058,scr2012,dem,electricity
RS,h1516,9.30857291524321,scr2012,dem,electricity
RS,h1517,9.339485646648813,scr2012,dem,electricity
RS,h1518,9.579829573895344,scr2012,dem,electricity
RS,h1519,10.03948941054268,scr2012,dem,electricity
RS,h1520,10.591834786781423,scr2012,dem,electricity
RS,h1521,11.025864998396488,scr2012,dem,electricity
RS,h1522,11.173333926867254,scr2012,dem,electricity
RS,h1523,11.056029839773837,scr2012,dem,electricity
RS,h1524,10.822662290077254,scr2012,dem,electricity
RS,h1525,10.565179971507394,scr2012,dem,electricity
RS,h1526,10.30833919358511,scr2012,dem,electricity
RS,h1527,10.073832166430302,scr2012,dem,electricity
RS,h1528,9.998837931393066,scr2012,dem,electricity
RS,h1529,10.217187544882496,scr2012,dem,electricity
RS,h1530,10.575037349428182,scr2012,dem,electricity
RS,h1531,10.939437020284505,scr2012,dem,electricity
RS,h1532,11.078715585706147,scr2012,dem,electricity
RS,h1533,11.100675569440432,scr2012,dem,electricity
RS,h1534,11.062553292330259,scr2012,dem,electricity
RS,h1535,10.910254785932578,scr2012,dem,electricity
RS,h1536,10.66006366501629,scr2012,dem,electricity
RS,h1537,10.288078160190492,scr2012,dem,electricity
RS,h1538,10.018583487017116,scr2012,dem,electricity
RS,h1539,9.833909313188954,scr2012,dem,electricity
RS,h1540,9.761037750447896,scr2012,dem,electricity
RS,h1541,9.799092522606012,scr2012,dem,electricity
RS,h1542,10.04726784439321,scr2012,dem,electricity
RS,h1543,10.510627800203226,scr2012,dem,electricity
RS,h1544,11.063473399876866,scr2012,dem,electricity
RS,h1545,11.477736289762635,scr2012,dem,electricity
RS,h1546,11.59942027442534,scr2012,dem,electricity
RS,h1547,11.460068889999567,scr2012,dem,electricity
RS,h1548,11.218571199949253,scr2012,dem,electricity
RS,h1549,10.94734847082842,scr2012,dem,electricity
RS,h1550,10.668914448932433,scr2012,dem,electricity
RS,h1551,10.411420960057264,scr2012,dem,electricity
RS,h1552,10.326347589391379,scr2012,dem,electricity
RS,h1553,10.55641175913337,scr2012,dem,electricity
RS,h1554,10.92180474500218,scr2012,dem,electricity
RS,h1555,11.28355541708073,scr2012,dem,electricity
RS,h1556,11.4092544394763,scr2012,dem,electricity
RS,h1557,11.42401657131696,scr2012,dem,electricity
RS,h1558,11.387374687496395,scr2012,dem,electricity
RS,h1559,11.229811503324315,scr2012,dem,electricity
RS,h1560,10.969003350334559,scr2012,dem,electricity
RS,h1561,10.585812747650525,scr2012,dem,electricity
RS,h1562,10.309179302301064,scr2012,dem,electricity
RS,h1563,10.113097828524163,scr2012,dem,electricity
RS,h1564,10.024965448835685,scr2012,dem,electricity
RS,h1565,10.04728818809307,scr2012,dem,electricity
RS,h1566,10.285673347185698,scr2012,dem,electricity
RS,h1567,10.736970418842768,scr2012,dem,electricity
RS,h1568,11.279542692619945,scr2012,dem,electricity
RS,h1569,11.675712746151497,scr2012,dem,electricity
RS,h1570,11.778670909316608,scr2012,dem,electricity
RS,h1571,11.61946486763477,scr2012,dem,electricity
RS,h1572,11.363373942898528,scr2012,dem,electricity
RS,h1573,11.079697063517417,scr2012,dem,electricity
RS,h1574,10.788977080733337,scr2012,dem,electricity
RS,h1575,10.521670152920516,scr2012,dem,electricity
RS,h1576,10.429211364796258,scr2012,dem,electricity
RS,h1577,10.651022148919049,scr2012,dem,electricity
RS,h1578,11.003934506222363,scr2012,dem,electricity
RS,h1579,11.3490467293312,scr2012,dem,electricity
RS,h1580,11.461445946432168,scr2012,dem,electricity
RS,h1581,11.464365094875252,scr2012,dem,electricity
RS,h1582,11.41786587590247,scr2012,dem,electricity
RS,h1583,11.247270151628511,scr2012,dem,electricity
RS,h1584,10.97320759631156,scr2012,dem,electricity
RS,h1585,10.574697311389826,scr2012,dem,electricity
RS,h1586,10.276254887320613,scr2012,dem,electricity
RS,h1587,10.058861251266725,scr2012,dem,electricity
RS,h1588,9.949115539767526,scr2012,dem,electricity
RS,h1589,9.952960909580176,scr2012,dem,electricity
RS,h1590,10.169554228510583,scr2012,dem,electricity
RS,h1591,10.599644542492204,scr2012,dem,electricity
RS,h1592,11.118796868976268,scr2012,dem,electricity
RS,h1593,11.49088467163217,scr2012,dem,electricity
RS,h1594,11.568212119176529,scr2012,dem,electricity
RS,h1595,11.385627034879564,scr2012,dem,electricity
RS,h1596,11.110822205231717,scr2012,dem,electricity
RS,h1597,10.811398160823614,scr2012,dem,electricity
RS,h1598,10.507215926809588,scr2012,dem,electricity
RS,h1599,10.2219224348824,scr2012,dem,electricity
RS,h1600,10.100927919689465,scr2012,dem,electricity
RS,h1601,10.276688000809555,scr2012,dem,electricity
RS,h1602,10.569249669793919,scr2012,dem,electricity
RS,h1603,10.872639907645807,scr2012,dem,electricity
RS,h1604,10.965137414213169,scr2012,dem,electricity
RS,h1605,10.958711816959243,scr2012,dem,electricity
RS,h1606,10.888480852107142,scr2012,dem,electricity
RS,h1607,10.683943687985321,scr2012,dem,electricity
RS,h1608,10.373550748542744,scr2012,dem,electricity
RS,h1609,9.942388142957908,scr2012,dem,electricity
RS,h1610,9.620337115242783,scr2012,dem,electricity
RS,h1611,9.375943004408624,scr2012,dem,electricity
RS,h1612,9.236354669254428,scr2012,dem,electricity
RS,h1613,9.196602672857479,scr2012,dem,electricity
RS,h1614,9.360376668302445,scr2012,dem,electricity
RS,h1615,9.736017179785128,scr2012,dem,electricity
RS,h1616,10.203666376071745,scr2012,dem,electricity
RS,h1617,10.541746173498584,scr2012,dem,electricity
RS,h1618,10.602521793923382,scr2012,dem,electricity
RS,h1619,10.424495277365233,scr2012,dem,electricity
RS,h1620,10.174744457962554,scr2012,dem,electricity
RS,h1621,9.898881259452434,scr2012,dem,electricity
RS,h1622,9.617739996940728,scr2012,dem,electricity
RS,h1623,9.345795433365314,scr2012,dem,electricity
RS,h1624,9.226558378578842,scr2012,dem,electricity
RS,h1625,9.368114174341398,scr2012,dem,electricity
RS,h1626,9.625366356188756,scr2012,dem,electricity
RS,h1627,9.914522285174433,scr2012,dem,electricity
RS,h1628,10.04243484952865,scr2012,dem,electricity
RS,h1629,10.068915730618583,scr2012,dem,electricity
RS,h1630,10.014810355175989,scr2012,dem,electricity
RS,h1631,9.821261232049226,scr2012,dem,electricity
RS,h1632,9.54445354861463,scr2012,dem,electricity
RS,h1633,9.158389865450832,scr2012,dem,electricity
RS,h1634,8.85691693167137,scr2012,dem,electricity
RS,h1635,8.620466385005557,scr2012,dem,electricity
RS,h1636,8.480451673236244,scr2012,dem,electricity
RS,h1637,8.441788702587669,scr2012,dem,electricity
RS,h1638,8.556348827089204,scr2012,dem,electricity
RS,h1639,8.768712138715633,scr2012,dem,electricity
RS,h1640,9.042038671252906,scr2012,dem,electricity
RS,h1641,9.297598656360211,scr2012,dem,electricity
RS,h1642,9.45040562111005,scr2012,dem,electricity
RS,h1643,9.443674118328055,scr2012,dem,electricity
RS,h1644,9.301810959931807,scr2012,dem,electricity
RS,h1645,9.096524415200617,scr2012,dem,electricity
RS,h1646,8.854258521790488,scr2012,dem,electricity
RS,h1647,8.617294428835228,scr2012,dem,electricity
RS,h1648,8.517949804613483,scr2012,dem,electricity
RS,h1649,8.667444575960044,scr2012,dem,electricity
RS,h1650,8.94332407999445,scr2012,dem,electricity
RS,h1651,9.277297464221977,scr2012,dem,electricity
RS,h1652,9.459465683118916,scr2012,dem,electricity
RS,h1653,9.548348340162898,scr2012,dem,electricity
RS,h1654,9.526402135666396,scr2012,dem,electricity
RS,h1655,9.377790137994893,scr2012,dem,electricity
RS,h1656,9.13493836292209,scr2012,dem,electricity
RS,h1657,8.793389450285796,scr2012,dem,electricity
RS,h1658,8.527645838374537,scr2012,dem,electricity
RS,h1659,8.312480337330006,scr2012,dem,electricity
RS,h1660,8.18665293531217,scr2012,dem,electricity
RS,h1661,8.143997957906562,scr2012,dem,electricity
RS,h1662,8.249019970108957,scr2012,dem,electricity
RS,h1663,8.397227183058268,scr2012,dem,electricity
RS,h1664,8.551098545257304,scr2012,dem,electricity
RS,h1665,8.686217500002824,scr2012,dem,electricity
RS,h1666,8.81856725375707,scr2012,dem,electricity
RS,h1667,8.920379379944125,scr2012,dem,electricity
RS,h1668,8.915053468993221,scr2012,dem,electricity
RS,h1669,8.770872153784282,scr2012,dem,electricity
RS,h1670,8.483117374086252,scr2012,dem,electricity
RS,h1671,8.14978889103356,scr2012,dem,electricity
RS,h1672,7.952189574925775,scr2012,dem,electricity
RS,h1673,8.01533744596789,scr2012,dem,electricity
RS,h1674,8.233376393780556,scr2012,dem,electricity
RS,h1675,8.518384590941505,scr2012,dem,electricity
RS,h1676,8.711866218504897,scr2012,dem,electricity
RS,h1677,8.84070164905241,scr2012,dem,electricity
RS,h1678,8.894930350014503,scr2012,dem,electricity
RS,h1679,8.796867834374066,scr2012,dem,electricity
RS,h1680,8.555118038445704,scr2012,dem,electricity
RS,h1681,8.186823627615935,scr2012,dem,electricity
RS,h1682,7.905671368175666,scr2012,dem,electricity
RS,h1683,7.713508887402915,scr2012,dem,electricity
RS,h1684,7.610725126403896,scr2012,dem,electricity
RS,h1685,7.583672369519668,scr2012,dem,electricity
RS,h1686,7.729493564845596,scr2012,dem,electricity
RS,h1687,8.062418753127425,scr2012,dem,electricity
RS,h1688,8.517342998824127,scr2012,dem,electricity
RS,h1689,8.893044111432145,scr2012,dem,electricity
RS,h1690,9.032702015347951,scr2012,dem,electricity
RS,h1691,8.909672141896461,scr2012,dem,electricity
RS,h1692,8.690453522465862,scr2012,dem,electricity
RS,h1693,8.459297105295864,scr2012,dem,electricity
RS,h1694,8.232168550247817,scr2012,dem,electricity
RS,h1695,8.004006474272796,scr2012,dem,electricity
RS,h1696,7.8717187333481125,scr2012,dem,electricity
RS,h1697,7.9397893250640355,scr2012,dem,electricity
RS,h1698,8.111308245191209,scr2012,dem,electricity
RS,h1699,8.376444022501946,scr2012,dem,electricity
RS,h1700,8.540733201148772,scr2012,dem,electricity
RS,h1701,8.603680039433165,scr2012,dem,electricity
RS,h1702,8.53389356755028,scr2012,dem,electricity
RS,h1703,8.290797533571636,scr2012,dem,electricity
RS,h1704,7.935357230019443,scr2012,dem,electricity
RS,h1705,7.460179831160005,scr2012,dem,electricity
RS,h1706,7.09951947632138,scr2012,dem,electricity
RS,h1707,6.854061568803083,scr2012,dem,electricity
RS,h1708,6.729723477593419,scr2012,dem,electricity
RS,h1709,6.687383559197325,scr2012,dem,electricity
RS,h1710,6.792104097607146,scr2012,dem,electricity
RS,h1711,7.0820312718580745,scr2012,dem,electricity
RS,h1712,7.490412445202269,scr2012,dem,electricity
RS,h1713,7.8354190651380105,scr2012,dem,electricity
RS,h1714,7.962230541038798,scr2012,dem,electricity
RS,h1715,7.863300455277413,scr2012,dem,electricity
RS,h1716,7.695146736635179,scr2012,dem,electricity
RS,h1717,7.511081394430276,scr2012,dem,electricity
RS,h1718,7.321380088693239,scr2012,dem,electricity
RS,h1719,7.113180818481483,scr2012,dem,electricity
RS,h1720,6.977293387638078,scr2012,dem,electricity
RS,h1721,7.009951750474418,scr2012,dem,electricity
RS,h1722,7.132909523344249,scr2012,dem,electricity
RS,h1723,7.370128249464264,scr2012,dem,electricity
RS,h1724,7.565686562323197,scr2012,dem,electricity
RS,h1725,7.675930294718231,scr2012,dem,electricity
RS,h1726,7.6466680728647045,scr2012,dem,electricity
RS,h1727,7.403899567719662,scr2012,dem,electricity
RS,h1728,7.04025028459475,scr2012,dem,electricity
RS,h1729,6.557855382748237,scr2012,dem,electricity
RS,h1730,6.1950102823649615,scr2012,dem,electricity
RS,h1731,5.953289382839282,scr2012,dem,electricity
RS,h1732,5.8358155269131355,scr2012,dem,electricity
RS,h1733,5.795245429815324,scr2012,dem,electricity
RS,h1734,5.892899903231909,scr2012,dem,electricity
RS,h1735,6.166114914676546,scr2012,dem,electricity
RS,h1736,6.566930815542852,scr2012,dem,electricity
RS,h1737,6.920964268726017,scr2012,dem,electricity
RS,h1738,7.079892796041358,scr2012,dem,electricity
RS,h1739,7.026903671508299,scr2012,dem,electricity
RS,h1740,6.9124072261047385,scr2012,dem,electricity
RS,h1741,6.778430108962636,scr2012,dem,electricity
RS,h1742,6.630276710993119,scr2012,dem,electricity
RS,h1743,6.451498144285466,scr2012,dem,electricity
RS,h1744,6.322503937371298,scr2012,dem,electricity
RS,h1745,6.33413482584721,scr2012,dem,electricity
RS,h1746,6.433841622950762,scr2012,dem,electricity
RS,h1747,6.670679995410893,scr2012,dem,electricity
RS,h1748,6.899595323769539,scr2012,dem,electricity
RS,h1749,7.0410439029784975,scr2012,dem,electricity
RS,h1750,7.02954401712222,scr2012,dem,electricity
RS,h1751,6.7944063723486146,scr2012,dem,electricity
RS,h1752,6.43814393906001,scr2012,dem,electricity
RS,h1753,5.9631066542283975,scr2012,dem,electricity
RS,h1754,5.599334790514483,scr2012,dem,electricity
RS,h1755,5.363722401468388,scr2012,dem,electricity
RS,h1756,5.256756040234055,scr2012,dem,electricity
RS,h1757,5.230073145791703,scr2012,dem,electricity
RS,h1758,5.334059267691281,scr2012,dem,electricity
RS,h1759,5.613024894650435,scr2012,dem,electricity
RS,h1760,6.022204501176777,scr2012,dem,electricity
RS,h1761,6.394015799665224,scr2012,dem,electricity
RS,h1762,6.575605789912306,scr2012,dem,electricity
RS,h1763,6.548700742380703,scr2012,dem,electricity
RS,h1764,6.462357241779383,scr2012,dem,electricity
RS,h1765,6.358404670901624,scr2012,dem,electricity
RS,h1766,6.242024926341843,scr2012,dem,electricity
RS,h1767,6.090009230855099,scr2012,dem,electricity
RS,h1768,5.9782862532778225,scr2012,dem,electricity
RS,h1769,5.996540997134872,scr2012,dem,electricity
RS,h1770,6.098395700158775,scr2012,dem,electricity
RS,h1771,6.352554249548739,scr2012,dem,electricity
RS,h1772,6.613279066971016,scr2012,dem,electricity
RS,h1773,6.791294088811902,scr2012,dem,electricity
RS,h1774,6.808285308784386,scr2012,dem,electricity
RS,h1775,6.595899947520355,scr2012,dem,electricity
RS,h1776,6.262782537364004,scr2012,dem,electricity
RS,h1777,5.810138196435595,scr2012,dem,electricity
RS,h1778,5.469858881405024,scr2012,dem,electricity
RS,h1779,5.24873574110579,scr2012,dem,electricity
RS,h1780,5.160203089455223,scr2012,dem,electricity
RS,h1781,5.149363993062513,scr2012,dem,electricity
RS,h1782,5.280234734143011,scr2012,dem,electricity
RS,h1783,5.593070421578073,scr2012,dem,electricity
RS,h1784,6.029973185775857,scr2012,dem,electricity
RS,h1785,6.418337792072652,scr2012,dem,electricity
RS,h1786,6.606229197944085,scr2012,dem,electricity
RS,h1787,6.5978005977999885,scr2012,dem,electricity
RS,h1788,6.540201265670371,scr2012,dem,electricity
RS,h1789,6.4627302740097115,scr2012,dem,electricity
RS,h1790,6.366479269238374,scr2012,dem,electricity
RS,h1791,6.235092855763449,scr2012,dem,electricity
RS,h1792,6.156527829757815,scr2012,dem,electricity
RS,h1793,6.219618822645614,scr2012,dem,electricity
RS,h1794,6.372038305356638,scr2012,dem,electricity
RS,h1795,6.646600076681416,scr2012,dem,electricity
RS,h1796,6.910419761760721,scr2012,dem,electricity
RS,h1797,7.086770830846481,scr2012,dem,electricity
RS,h1798,7.124625131087468,scr2012,dem,electricity
RS,h1799,6.947953819227834,scr2012,dem,electricity
RS,h1800,6.67278237670908,scr2012,dem,electricity
RS,h1801,6.2898383187163756,scr2012,dem,electricity
RS,h1802,6.00093087101447,scr2012,dem,electricity
RS,h1803,5.806732104011589,scr2012,dem,electricity
RS,h1804,5.72125910556889,scr2012,dem,electricity
RS,h1805,5.719540115193407,scr2012,dem,electricity
RS,h1806,5.828060252650225,scr2012,dem,electricity
RS,h1807,6.0076969254842485,scr2012,dem,electricity
RS,h1808,6.283681310704843,scr2012,dem,electricity
RS,h1809,6.5960516458084975,scr2012,dem,electricity
RS,h1810,6.8600171117141056,scr2012,dem,electricity
RS,h1811,6.9730087980930495,scr2012,dem,electricity
RS,h1812,6.965298408734137,scr2012,dem,electricity
RS,h1813,6.897442003173056,scr2012,dem,electricity
RS,h1814,6.78353903916304,scr2012,dem,electricity
RS,h1815,6.640418254210468,scr2012,dem,electricity
RS,h1816,6.568275191715765,scr2012,dem,electricity
RS,h1817,6.666462741496677,scr2012,dem,electricity
RS,h1818,6.8713723543615846,scr2012,dem,electricity
RS,h1819,7.185518116528751,scr2012,dem,electricity
RS,h1820,7.4547097834587195,scr2012,dem,electricity
RS,h1821,7.640152706958599,scr2012,dem,electricity
RS,h1822,7.680042378981081,scr2012,dem,electricity
RS,h1823,7.542131089627063,scr2012,dem,electricity
RS,h1824,7.297486871464772,scr2012,dem,electricity
RS,h1825,6.9570073040727465,scr2012,dem,electricity
RS,h1826,6.69530429882469,scr2012,dem,electricity
RS,h1827,6.509691126071205,scr2012,dem,electricity
RS,h1828,6.4251630180841595,scr2012,dem,electricity
RS,h1829,6.410358759904613,scr2012,dem,electricity
RS,h1830,6.516145351453083,scr2012,dem,electricity
RS,h1831,6.645721557482572,scr2012,dem,electricity
RS,h1832,6.799485856304372,scr2012,dem,electricity
RS,h1833,6.971045531447707,scr2012,dem,electricity
RS,h1834,7.177734222946889,scr2012,dem,electricity
RS,h1835,7.362727446435686,scr2012,dem,electricity
RS,h1836,7.451697538278877,scr2012,dem,electricity
RS,h1837,7.406241972340201,scr2012,dem,electricity
RS,h1838,7.20869160879727,scr2012,dem,electricity
RS,h1839,6.944341793709965,scr2012,dem,electricity
RS,h1840,6.774926987714974,scr2012,dem,electricity
RS,h1841,6.830990699328893,scr2012,dem,electricity
RS,h1842,7.033664258011331,scr2012,dem,electricity
RS,h1843,7.330417956376465,scr2012,dem,electricity
RS,h1844,7.60010432114901,scr2012,dem,electricity
RS,h1845,7.811310396495916,scr2012,dem,electricity
RS,h1846,7.93543618834927,scr2012,dem,electricity
RS,h1847,7.876186865361047,scr2012,dem,electricity
RS,h1848,7.670315128128719,scr2012,dem,electricity
RS,h1849,7.341844651116256,scr2012,dem,electricity
RS,h1850,7.100840620565307,scr2012,dem,electricity
RS,h1851,6.959968189098197,scr2012,dem,electricity
RS,h1852,6.913309760140677,scr2012,dem,electricity
RS,h1853,6.935661838457147,scr2012,dem,electricity
RS,h1854,7.11859648624954,scr2012,dem,electricity
RS,h1855,7.473745462401396,scr2012,dem,electricity
RS,h1856,7.963770273890301,scr2012,dem,electricity
RS,h1857,8.388426097706416,scr2012,dem,electricity
RS,h1858,8.600800574871247,scr2012,dem,electricity
RS,h1859,8.555213149407434,scr2012,dem,electricity
RS,h1860,8.416451502251928,scr2012,dem,electricity
RS,h1861,8.259717634902648,scr2012,dem,electricity
RS,h1862,8.094194535027519,scr2012,dem,electricity
RS,h1863,7.921608530427669,scr2012,dem,electricity
RS,h1864,7.836544470131544,scr2012,dem,electricity
RS,h1865,7.9575831689235965,scr2012,dem,electricity
RS,h1866,8.177469037115365,scr2012,dem,electricity
RS,h1867,8.473866122616132,scr2012,dem,electricity
RS,h1868,8.685353850411728,scr2012,dem,electricity
RS,h1869,8.804336964197795,scr2012,dem,electricity
RS,h1870,8.813045221139634,scr2012,dem,electricity
RS,h1871,8.624628341689705,scr2012,dem,electricity
RS,h1872,8.317392319823732,scr2012,dem,electricity
RS,h1873,7.896334138703319,scr2012,dem,electricity
RS,h1874,7.591357126086631,scr2012,dem,electricity
RS,h1875,7.3996188224059996,scr2012,dem,electricity
RS,h1876,7.32289820798111,scr2012,dem,electricity
RS,h1877,7.333335238418998,scr2012,dem,electricity
RS,h1878,7.499752930887642,scr2012,dem,electricity
RS,h1879,7.855024211312164,scr2012,dem,electricity
RS,h1880,8.330928911020958,scr2012,dem,electricity
RS,h1881,8.734561973971653,scr2012,dem,electricity
RS,h1882,8.904784438958677,scr2012,dem,electricity
RS,h1883,8.831573457729526,scr2012,dem,electricity
RS,h1884,8.678754599106217,scr2012,dem,electricity
RS,h1885,8.50644849913378,scr2012,dem,electricity
RS,h1886,8.325938448659372,scr2012,dem,electricity
RS,h1887,8.133405518368026,scr2012,dem,electricity
RS,h1888,8.042022594891614,scr2012,dem,electricity
RS,h1889,8.162091501860706,scr2012,dem,electricity
RS,h1890,8.380712466764534,scr2012,dem,electricity
RS,h1891,8.642358904233976,scr2012,dem,electricity
RS,h1892,8.841611349891394,scr2012,dem,electricity
RS,h1893,8.956058911503291,scr2012,dem,electricity
RS,h1894,8.989388301856934,scr2012,dem,electricity
RS,h1895,8.795662499984418,scr2012,dem,electricity
RS,h1896,8.485300079840234,scr2012,dem,electricity
RS,h1897,8.057045107088568,scr2012,dem,electricity
RS,h1898,7.746166504155221,scr2012,dem,electricity
RS,h1899,7.540049232933471,scr2012,dem,electricity
RS,h1900,7.451812023176519,scr2012,dem,electricity
RS,h1901,7.453219864334486,scr2012,dem,electricity
RS,h1902,7.617529775680291,scr2012,dem,electricity
RS,h1903,7.968886704206605,scr2012,dem,electricity
RS,h1904,8.442330159693142,scr2012,dem,electricity
RS,h1905,8.838956976919459,scr2012,dem,electricity
RS,h1906,9.002434876763562,scr2012,dem,electricity
RS,h1907,8.923112841083817,scr2012,dem,electricity
RS,h1908,8.765936053480283,scr2012,dem,electricity
RS,h1909,8.590656780319646,scr2012,dem,electricity
RS,h1910,8.406828775546336,scr2012,dem,electricity
RS,h1911,8.212248746292135,scr2012,dem,electricity
RS,h1912,8.118621682056276,scr2012,dem,electricity
RS,h1913,8.23575251492979,scr2012,dem,electricity
RS,h1914,8.449477600140247,scr2012,dem,electricity
RS,h1915,8.710362378285605,scr2012,dem,electricity
RS,h1916,8.910959067456,scr2012,dem,electricity
RS,h1917,9.029005929793398,scr2012,dem,electricity
RS,h1918,9.063651754055655,scr2012,dem,electricity
RS,h1919,8.873987678810733,scr2012,dem,electricity
RS,h1920,8.569224095087817,scr2012,dem,electricity
RS,h1921,8.145869583597003,scr2012,dem,electricity
RS,h1922,7.829989938293135,scr2012,dem,electricity
RS,h1923,7.620020808729322,scr2012,dem,electricity
RS,h1924,7.530322568864852,scr2012,dem,electricity
RS,h1925,7.539414528342769,scr2012,dem,electricity
RS,h1926,7.7152142394093595,scr2012,dem,electricity
RS,h1927,8.079096532330853,scr2012,dem,electricity
RS,h1928,8.564064566056402,scr2012,dem,electricity
RS,h1929,8.968917313245159,scr2012,dem,electricity
RS,h1930,9.136980275064877,scr2012,dem,electricity
RS,h1931,9.060049799717396,scr2012,dem,electricity
RS,h1932,8.903825406951116,scr2012,dem,electricity
RS,h1933,8.731831955981063,scr2012,dem,electricity
RS,h1934,8.556469227877578,scr2012,dem,electricity
RS,h1935,8.3730288079244,scr2012,dem,electricity
RS,h1936,8.295407272889921,scr2012,dem,electricity
RS,h1937,8.436904561148458,scr2012,dem,electricity
RS,h1938,8.677425071696822,scr2012,dem,electricity
RS,h1939,8.962939065586232,scr2012,dem,electricity
RS,h1940,9.177383669244506,scr2012,dem,electricity
RS,h1941,9.31087038181659,scr2012,dem,electricity
RS,h1942,9.366050366383723,scr2012,dem,electricity
RS,h1943,9.201905106151388,scr2012,dem,electricity
RS,h1944,8.923127281111357,scr2012,dem,electricity
RS,h1945,8.520909715304041,scr2012,dem,electricity
RS,h1946,8.23299037299971,scr2012,dem,electricity
RS,h1947,8.034940923666706,scr2012,dem,electricity
RS,h1948,7.958419243007736,scr2012,dem,electricity
RS,h1949,7.971677177193126,scr2012,dem,electricity
RS,h1950,8.166758191592923,scr2012,dem,electricity
RS,h1951,8.549584198715875,scr2012,dem,electricity
RS,h1952,9.044470753954334,scr2012,dem,electricity
RS,h1953,9.444516454277641,scr2012,dem,electricity
RS,h1954,9.598977605565747,scr2012,dem,electricity
RS,h1955,9.511898456520571,scr2012,dem,electricity
RS,h1956,9.346854006111581,scr2012,dem,electricity
RS,h1957,9.157771729602695,scr2012,dem,electricity
RS,h1958,8.955896886593136,scr2012,dem,electricity
RS,h1959,8.75134766381687,scr2012,dem,electricity
RS,h1960,8.673469563539944,scr2012,dem,electricity
RS,h1961,8.833116247872798,scr2012,dem,electricity
RS,h1962,9.090982072609366,scr2012,dem,electricity
RS,h1963,9.358029205330936,scr2012,dem,electricity
RS,h1964,9.518650954453769,scr2012,dem,electricity
RS,h1965,9.600062222666557,scr2012,dem,electricity
RS,h1966,9.624888850839188,scr2012,dem,electricity
RS,h1967,9.450407707695433,scr2012,dem,electricity
RS,h1968,9.172946789396512,scr2012,dem,electricity
RS,h1969,8.785739998585433,scr2012,dem,electricity
RS,h1970,8.499429385419019,scr2012,dem,electricity
RS,h1971,8.280566539975673,scr2012,dem,electricity
RS,h1972,8.155384579868311,scr2012,dem,electricity
RS,h1973,8.12354501223189,scr2012,dem,electricity
RS,h1974,8.236541343311314,scr2012,dem,electricity
RS,h1975,8.440294777440338,scr2012,dem,electricity
RS,h1976,8.72814868904059,scr2012,dem,electricity
RS,h1977,9.000504614378496,scr2012,dem,electricity
RS,h1978,9.175222945216959,scr2012,dem,electricity
RS,h1979,9.16777632407511,scr2012,dem,electricity
RS,h1980,9.040824268265316,scr2012,dem,electricity
RS,h1981,8.857300764388025,scr2012,dem,electricity
RS,h1982,8.636606003897713,scr2012,dem,electricity
RS,h1983,8.408879992343305,scr2012,dem,electricity
RS,h1984,8.305884099875021,scr2012,dem,electricity
RS,h1985,8.438951081522724,scr2012,dem,electricity
RS,h1986,8.678703742736348,scr2012,dem,electricity
RS,h1987,8.946833699278018,scr2012,dem,electricity
RS,h1988,9.116818888615482,scr2012,dem,electricity
RS,h1989,9.217220684558823,scr2012,dem,electricity
RS,h1990,9.232255496349374,scr2012,dem,electricity
RS,h1991,9.072986842075414,scr2012,dem,electricity
RS,h1992,8.796750239874942,scr2012,dem,electricity
RS,h1993,8.421045051185802,scr2012,dem,electricity
RS,h1994,8.126832428730426,scr2012,dem,electricity
RS,h1995,7.906026981482714,scr2012,dem,electricity
RS,h1996,7.777654646351646,scr2012,dem,electricity
RS,h1997,7.722647756496187,scr2012,dem,electricity
RS,h1998,7.806806777714453,scr2012,dem,electricity
RS,h1999,7.956694199068856,scr2012,dem,electricity
RS,h2000,8.10275714949083,scr2012,dem,electricity
RS,h2001,8.209736740598652,scr2012,dem,electricity
RS,h2002,8.303931538467218,scr2012,dem,electricity
RS,h2003,8.386003471967333,scr2012,dem,electricity
RS,h2004,8.407161361595682,scr2012,dem,electricity
RS,h2005,8.299001135313604,scr2012,dem,electricity
RS,h2006,8.052594659036309,scr2012,dem,electricity
RS,h2007,7.731474026608437,scr2012,dem,electricity
RS,h2008,7.51831822748057,scr2012,dem,electricity
RS,h2009,7.529191909909976,scr2012,dem,electricity
RS,h2010,7.646398827060475,scr2012,dem,electricity
RS,h2011,7.683729745235876,scr2012,dem,electricity
RS,h2012,7.757436392133975,scr2012,dem,electricity
RS,h2013,7.972041009917314,scr2012,dem,electricity
RS,h2014,8.215665987195242,scr2012,dem,electricity
RS,h2015,8.283818577150178,scr2012,dem,electricity
RS,h2016,8.075780466080596,scr2012,dem,electricity
RS,h2017,7.774100616087878,scr2012,dem,electricity
RS,h2018,7.469878959956162,scr2012,dem,electricity
RS,h2019,7.247784415501091,scr2012,dem,electricity
RS,h2020,7.136487223687819,scr2012,dem,electricity
RS,h2021,7.110856000317369,scr2012,dem,electricity
RS,h2022,7.248013181770704,scr2012,dem,electricity
RS,h2023,7.583204664800887,scr2012,dem,electricity
RS,h2024,8.021717052659021,scr2012,dem,electricity
RS,h2025,8.371894100313451,scr2012,dem,electricity
RS,h2026,8.504042104068242,scr2012,dem,electricity
RS,h2027,8.430104816147377,scr2012,dem,electricity
RS,h2028,8.28515580307407,scr2012,dem,electricity
RS,h2029,8.109233360928796,scr2012,dem,electricity
RS,h2030,7.913475316377783,scr2012,dem,electricity
RS,h2031,7.6993471807977,scr2012,dem,electricity
RS,h2032,7.565091112501275,scr2012,dem,electricity
RS,h2033,7.601035839776005,scr2012,dem,electricity
RS,h2034,7.696259767295267,scr2012,dem,electricity
RS,h2035,7.730450465726429,scr2012,dem,electricity
RS,h2036,7.803406919349957,scr2012,dem,electricity
RS,h2037,7.989424981336793,scr2012,dem,electricity
RS,h2038,8.156914828373191,scr2012,dem,electricity
RS,h2039,8.105847542314827,scr2012,dem,electricity
RS,h2040,7.789001995950969,scr2012,dem,electricity
RS,h2041,7.3876649908434135,scr2012,dem,electricity
RS,h2042,7.005696850939527,scr2012,dem,electricity
RS,h2043,6.733068186980223,scr2012,dem,electricity
RS,h2044,6.599252511576719,scr2012,dem,electricity
RS,h2045,6.5723517804846185,scr2012,dem,electricity
RS,h2046,6.692974376648692,scr2012,dem,electricity
RS,h2047,7.015993196436517,scr2012,dem,electricity
RS,h2048,7.444013273577843,scr2012,dem,electricity
RS,h2049,7.801085281135851,scr2012,dem,electricity
RS,h2050,7.9335222533334,scr2012,dem,electricity
RS,h2051,7.85990855722965,scr2012,dem,electricity
RS,h2052,7.71912552176677,scr2012,dem,electricity
RS,h2053,7.554586562386593,scr2012,dem,electricity
RS,h2054,7.379280061444122,scr2012,dem,electricity
RS,h2055,7.176249278507612,scr2012,dem,electricity
RS,h2056,7.03798887394105,scr2012,dem,electricity
RS,h2057,7.052939231618682,scr2012,dem,electricity
RS,h2058,7.127902960759826,scr2012,dem,electricity
RS,h2059,7.136031701891287,scr2012,dem,electricity
RS,h2060,7.216734535764994,scr2012,dem,electricity
RS,h2061,7.402759258769885,scr2012,dem,electricity
RS,h2062,7.57846152260565,scr2012,dem,electricity
RS,h2063,7.514826170243117,scr2012,dem,electricity
RS,h2064,7.192702023818072,scr2012,dem,electricity
RS,h2065,6.777848407447438,scr2012,dem,electricity
RS,h2066,6.379182570306737,scr2012,dem,electricity
RS,h2067,6.088061990268974,scr2012,dem,electricity
RS,h2068,5.948454860531788,scr2012,dem,electricity
RS,h2069,5.91264296570748,scr2012,dem,electricity
RS,h2070,6.019375122023257,scr2012,dem,electricity
RS,h2071,6.319709229931995,scr2012,dem,electricity
RS,h2072,6.733268142964155,scr2012,dem,electricity
RS,h2073,7.090227024185252,scr2012,dem,electricity
RS,h2074,7.2425025386837625,scr2012,dem,electricity
RS,h2075,7.199836995343121,scr2012,dem,electricity
RS,h2076,7.0951509956550485,scr2012,dem,electricity
RS,h2077,6.965719289847669,scr2012,dem,electricity
RS,h2078,6.8224575086605554,scr2012,dem,electricity
RS,h2079,6.643522481492848,scr2012,dem,electricity
RS,h2080,6.512968118488276,scr2012,dem,electricity
RS,h2081,6.513986281837061,scr2012,dem,electricity
RS,h2082,6.572631014402226,scr2012,dem,electricity
RS,h2083,6.58286714576132,scr2012,dem,electricity
RS,h2084,6.6852649519838945,scr2012,dem,electricity
RS,h2085,6.8966825390311435,scr2012,dem,electricity
RS,h2086,7.086991289325152,scr2012,dem,electricity
RS,h2087,7.038834058702147,scr2012,dem,electricity
RS,h2088,6.729818609102548,scr2012,dem,electricity
RS,h2089,6.329922927075101,scr2012,dem,electricity
RS,h2090,5.938733034471607,scr2012,dem,electricity
RS,h2091,5.661669833872123,scr2012,dem,electricity
RS,h2092,5.539635183760289,scr2012,dem,electricity
RS,h2093,5.52477433517816,scr2012,dem,electricity
RS,h2094,5.649245226541803,scr2012,dem,electricity
RS,h2095,5.965810680079107,scr2012,dem,electricity
RS,h2096,6.396332609659261,scr2012,dem,electricity
RS,h2097,6.775598414860033,scr2012,dem,electricity
RS,h2098,6.9544864773962765,scr2012,dem,electricity
RS,h2099,6.942895105944769,scr2012,dem,electricity
RS,h2100,6.870323310379982,scr2012,dem,electricity
RS,h2101,6.773485606867762,scr2012,dem,electricity
RS,h2102,6.66041224047253,scr2012,dem,electricity
RS,h2103,6.507561518493908,scr2012,dem,electricity
RS,h2104,6.395362560731675,scr2012,dem,electricity
RS,h2105,6.412344203771754,scr2012,dem,electricity
RS,h2106,6.484987814018506,scr2012,dem,electricity
RS,h2107,6.527457549586378,scr2012,dem,electricity
RS,h2108,6.660835420135145,scr2012,dem,electricity
RS,h2109,6.910905115708088,scr2012,dem,electricity
RS,h2110,7.130602591312655,scr2012,dem,electricity
RS,h2111,7.116239060774923,scr2012,dem,electricity
RS,h2112,6.83629106198198,scr2012,dem,electricity
RS,h2113,6.459764086350246,scr2012,dem,electricity
RS,h2114,6.100967822495223,scr2012,dem,electricity
RS,h2115,5.84323094902971,scr2012,dem,electricity
RS,h2116,5.739777022495433,scr2012,dem,electricity
RS,h2117,5.730061330152241,scr2012,dem,electricity
RS,h2118,5.867188570578325,scr2012,dem,electricity
RS,h2119,6.186609368049753,scr2012,dem,electricity
RS,h2120,6.618963896257936,scr2012,dem,electricity
RS,h2121,6.998660440005443,scr2012,dem,electricity
RS,h2122,7.183034683633524,scr2012,dem,electricity
RS,h2123,7.17620908079355,scr2012,dem,electricity
RS,h2124,7.103557703011354,scr2012,dem,electricity
RS,h2125,6.995646687796549,scr2012,dem,electricity
RS,h2126,6.863510165217704,scr2012,dem,electricity
RS,h2127,6.693929620723614,scr2012,dem,electricity
RS,h2128,6.582426701704762,scr2012,dem,electricity
RS,h2129,6.604794962176731,scr2012,dem,electricity
RS,h2130,6.682334132229139,scr2012,dem,electricity
RS,h2131,6.717375151429909,scr2012,dem,electricity
RS,h2132,6.813667198024193,scr2012,dem,electricity
RS,h2133,7.030105380371488,scr2012,dem,electricity
RS,h2134,7.216491465753105,scr2012,dem,electricity
RS,h2135,7.189085347458624,scr2012,dem,electricity
RS,h2136,6.906903032620102,scr2012,dem,electricity
RS,h2137,6.539353810368834,scr2012,dem,electricity
RS,h2138,6.177879072662774,scr2012,dem,electricity
RS,h2139,5.894513283323221,scr2012,dem,electricity
RS,h2140,5.740227573391056,scr2012,dem,electricity
RS,h2141,5.6832114862274565,scr2012,dem,electricity
RS,h2142,5.734111763838738,scr2012,dem,electricity
RS,h2143,5.883792397428239,scr2012,dem,electricity
RS,h2144,6.107859537301044,scr2012,dem,electricity
RS,h2145,6.346939456475949,scr2012,dem,electricity
RS,h2146,6.523828730598112,scr2012,dem,electricity
RS,h2147,6.585516097862385,scr2012,dem,electricity
RS,h2148,6.5597391083113425,scr2012,dem,electricity
RS,h2149,6.470396970764918,scr2012,dem,electricity
RS,h2150,6.328092034891236,scr2012,dem,electricity
RS,h2151,6.1366585965077896,scr2012,dem,electricity
RS,h2152,5.992301703643042,scr2012,dem,electricity
RS,h2153,5.96819442102232,scr2012,dem,electricity
RS,h2154,6.0016292889664165,scr2012,dem,electricity
RS,h2155,6.018841358435681,scr2012,dem,electricity
RS,h2156,6.121491154735647,scr2012,dem,electricity
RS,h2157,6.358814902288691,scr2012,dem,electricity
RS,h2158,6.535336145414151,scr2012,dem,electricity
RS,h2159,6.513396480092995,scr2012,dem,electricity
RS,h2160,6.214494419832871,scr2012,dem,electricity
SE,h1441,29.735596523352935,scr2012,dem,electricity
SE,h1442,29.438685052246065,scr2012,dem,electricity
SE,h1443,29.17103813420112,scr2012,dem,electricity
SE,h1444,28.985220024611202,scr2012,dem,electricity
SE,h1445,29.064508742157184,scr2012,dem,electricity
SE,h1446,29.608184122553855,scr2012,dem,electricity
SE,h1447,30.71526365987495,scr2012,dem,electricity
SE,h1448,32.073844220046766,scr2012,dem,electricity
SE,h1449,33.05158156421528,scr2012,dem,electricity
SE,h1450,33.26134669815069,scr2012,dem,electricity
SE,h1451,32.83048321834124,scr2012,dem,electricity
SE,h1452,32.09858163707993,scr2012,dem,electricity
SE,h1453,31.284683523795717,scr2012,dem,electricity
SE,h1454,30.544108634240164,scr2012,dem,electricity
SE,h1455,29.998600125598124,scr2012,dem,electricity
SE,h1456,29.95893452364989,scr2012,dem,electricity
SE,h1457,30.52481015372213,scr2012,dem,electricity
SE,h1458,31.33405511312459,scr2012,dem,electricity
SE,h1459,31.744230907213158,scr2012,dem,electricity
SE,h1460,31.491655499697,scr2012,dem,electricity
SE,h1461,31.032212041534137,scr2012,dem,electricity
SE,h1462,30.69955884518864,scr2012,dem,electricity
SE,h1463,30.391245676819494,scr2012,dem,electricity
SE,h1464,30.139497580090485,scr2012,dem,electricity
SE,h1465,29.929138643504768,scr2012,dem,electricity
SE,h1466,29.8013524510422,scr2012,dem,electricity
SE,h1467,29.569652021190524,scr2012,dem,electricity
SE,h1468,29.340178604761572,scr2012,dem,electricity
SE,h1469,29.316929544368477,scr2012,dem,electricity
SE,h1470,29.663270560973196,scr2012,dem,electricity
SE,h1471,30.246075262690297,scr2012,dem,electricity
SE,h1472,30.79089719486545,scr2012,dem,electricity
SE,h1473,31.122342399913023,scr2012,dem,electricity
SE,h1474,31.260548910744713,scr2012,dem,electricity
SE,h1475,31.258519818166995,scr2012,dem,electricity
SE,h1476,30.949016200601598,scr2012,dem,electricity
SE,h1477,30.33712820181738,scr2012,dem,electricity
SE,h1478,29.6055860359961,scr2012,dem,electricity
SE,h1479,29.036335021110123,scr2012,dem,electricity
SE,h1480,28.989240602230403,scr2012,dem,electricity
SE,h1481,29.663614553844365,scr2012,dem,electricity
SE,h1482,30.675041771352365,scr2012,dem,electricity
SE,h1483,31.254544550256888,scr2012,dem,electricity
SE,h1484,31.094062649330315,scr2012,dem,electricity
SE,h1485,30.647437817313957,scr2012,dem,electricity
SE,h1486,30.340423754103277,scr2012,dem,electricity
SE,h1487,30.08535664451103,scr2012,dem,electricity
SE,h1488,29.899415293192693,scr2012,dem,electricity
SE,h1489,29.76638949403976,scr2012,dem,electricity
SE,h1490,29.710717461298692,scr2012,dem,electricity
SE,h1491,29.52076846766564,scr2012,dem,electricity
SE,h1492,29.301087570812,scr2012,dem,electricity
SE,h1493,29.25011227405792,scr2012,dem,electricity
SE,h1494,29.56504226511204,scr2012,dem,electricity
SE,h1495,30.087809115283335,scr2012,dem,electricity
SE,h1496,30.506969361717413,scr2012,dem,electricity
SE,h1497,30.65893240218584,scr2012,dem,electricity
SE,h1498,30.615608123652727,scr2012,dem,electricity
SE,h1499,30.507563126026543,scr2012,dem,electricity
SE,h1500,30.185067849629586,scr2012,dem,electricity
SE,h1501,29.62603124924791,scr2012,dem,electricity
SE,h1502,28.997919651287273,scr2012,dem,electricity
SE,h1503,28.52997867646233,scr2012,dem,electricity
SE,h1504,28.585286336682962,scr2012,dem,electricity
SE,h1505,29.281612768238,scr2012,dem,electricity
SE,h1506,30.238738260143204,scr2012,dem,electricity
SE,h1507,30.754455562088005,scr2012,dem,electricity
SE,h1508,30.622241781344925,scr2012,dem,electricity
SE,h1509,30.34948992797889,scr2012,dem,electricity
SE,h1510,30.2421833942769,scr2012,dem,electricity
SE,h1511,30.121954230668976,scr2012,dem,electricity
SE,h1512,29.873160786071455,scr2012,dem,electricity
SE,h1513,29.580426649270915,scr2012,dem,electricity
SE,h1514,29.374372156042583,scr2012,dem,electricity
SE,h1515,29.156362907234616,scr2012,dem,electricity
SE,h1516,28.977596918127844,scr2012,dem,electricity
SE,h1517,29.02161054970664,scr2012,dem,electricity
SE,h1518,29.534360660564957,scr2012,dem,electricity
SE,h1519,30.630535329124978,scr2012,dem,electricity
SE,h1520,32.08406175706,scr2012,dem,electricity
SE,h1521,33.13098299415559,scr2012,dem,electricity
SE,h1522,33.29312750860778,scr2012,dem,electricity
SE,h1523,32.711266899180885,scr2012,dem,electricity
SE,h1524,31.842013155492413,scr2012,dem,electricity
SE,h1525,31.015969824150094,scr2012,dem,electricity
SE,h1526,30.27529846311924,scr2012,dem,electricity
SE,h1527,29.78037954536603,scr2012,dem,electricity
SE,h1528,29.778512387022747,scr2012,dem,electricity
SE,h1529,30.386525173572643,scr2012,dem,electricity
SE,h1530,31.145653118417012,scr2012,dem,electricity
SE,h1531,31.4959609689415,scr2012,dem,electricity
SE,h1532,31.217890056759703,scr2012,dem,electricity
SE,h1533,30.839951087201744,scr2012,dem,electricity
SE,h1534,30.6069190309402,scr2012,dem,electricity
SE,h1535,30.323144531950216,scr2012,dem,electricity
SE,h1536,29.921717707936853,scr2012,dem,electricity
SE,h1537,29.494359167064577,scr2012,dem,electricity
SE,h1538,29.206880884065765,scr2012,dem,electricity
SE,h1539,28.963668620486498,scr2012,dem,electricity
SE,h1540,28.787597992987134,scr2012,dem,electricity
SE,h1541,28.851974660558348,scr2012,dem,electricity
SE,h1542,29.38385905100404,scr2012,dem,electricity
SE,h1543,30.46454577253101,scr2012,dem,electricity
SE,h1544,31.81910232662004,scr2012,dem,electricity
SE,h1545,32.78236289343198,scr2012,dem,electricity
SE,h1546,32.93112988562201,scr2012,dem,electricity
SE,h1547,32.42097660877084,scr2012,dem,electricity
SE,h1548,31.616085160456244,scr2012,dem,electricity
SE,h1549,30.834192371502127,scr2012,dem,electricity
SE,h1550,30.12680021494696,scr2012,dem,electricity
SE,h1551,29.67710057660989,scr2012,dem,electricity
SE,h1552,29.707832188320907,scr2012,dem,electricity
SE,h1553,30.37997672816625,scr2012,dem,electricity
SE,h1554,31.207240994667995,scr2012,dem,electricity
SE,h1555,31.611859103668127,scr2012,dem,electricity
SE,h1556,31.356820282425712,scr2012,dem,electricity
SE,h1557,30.99104663671244,scr2012,dem,electricity
SE,h1558,30.781943553888645,scr2012,dem,electricity
SE,h1559,30.534578038148435,scr2012,dem,electricity
SE,h1560,30.181000586884025,scr2012,dem,electricity
SE,h1561,29.771062761632738,scr2012,dem,electricity
SE,h1562,29.492803052008234,scr2012,dem,electricity
SE,h1563,29.248934007726692,scr2012,dem,electricity
SE,h1564,29.096382838276867,scr2012,dem,electricity
SE,h1565,29.180962955691328,scr2012,dem,electricity
SE,h1566,29.732425527793374,scr2012,dem,electricity
SE,h1567,30.82703959340933,scr2012,dem,electricity
SE,h1568,32.213243124069294,scr2012,dem,electricity
SE,h1569,33.19870036426083,scr2012,dem,electricity
SE,h1570,33.37101737525781,scr2012,dem,electricity
SE,h1571,32.866716342837705,scr2012,dem,electricity
SE,h1572,32.05993321890993,scr2012,dem,electricity
SE,h1573,31.270191398749375,scr2012,dem,electricity
SE,h1574,30.54902696705326,scr2012,dem,electricity
SE,h1575,30.09617415521065,scr2012,dem,electricity
SE,h1576,30.12900643537423,scr2012,dem,electricity
SE,h1577,30.809835167180726,scr2012,dem,electricity
SE,h1578,31.639295953992665,scr2012,dem,electricity
SE,h1579,32.02653628329193,scr2012,dem,electricity
SE,h1580,31.750498963341283,scr2012,dem,electricity
SE,h1581,31.369386483015607,scr2012,dem,electricity
SE,h1582,31.161448635393427,scr2012,dem,electricity
SE,h1583,30.919048584740704,scr2012,dem,electricity
SE,h1584,30.563952547065487,scr2012,dem,electricity
SE,h1585,30.148783312630734,scr2012,dem,electricity
SE,h1586,29.858922835998534,scr2012,dem,electricity
SE,h1587,29.600765235082314,scr2012,dem,electricity
SE,h1588,29.434500618858923,scr2012,dem,electricity
SE,h1589,29.507180079885547,scr2012,dem,electricity
SE,h1590,30.0511549504042,scr2012,dem,electricity
SE,h1591,31.141744007467558,scr2012,dem,electricity
SE,h1592,32.5199280274517,scr2012,dem,electricity
SE,h1593,33.487846111182364,scr2012,dem,electricity
SE,h1594,33.619397426890615,scr2012,dem,electricity
SE,h1595,33.06933640219496,scr2012,dem,electricity
SE,h1596,32.23030396371451,scr2012,dem,electricity
SE,h1597,31.42300374371336,scr2012,dem,electricity
SE,h1598,30.68965266442524,scr2012,dem,electricity
SE,h1599,30.2082546838313,scr2012,dem,electricity
SE,h1600,30.215094506878415,scr2012,dem,electricity
SE,h1601,30.871782333773794,scr2012,dem,electricity
SE,h1602,31.687169847581053,scr2012,dem,electricity
SE,h1603,32.07611369818886,scr2012,dem,electricity
SE,h1604,31.802301342735642,scr2012,dem,electricity
SE,h1605,31.423494855850954,scr2012,dem,electricity
SE,h1606,31.199899754962942,scr2012,dem,electricity
SE,h1607,30.93595732691875,scr2012,dem,electricity
SE,h1608,30.56531355642653,scr2012,dem,electricity
SE,h1609,30.138079656197554,scr2012,dem,electricity
SE,h1610,29.824554579279877,scr2012,dem,electricity
SE,h1611,29.533579691341465,scr2012,dem,electricity
SE,h1612,29.312306247914353,scr2012,dem,electricity
SE,h1613,29.343982186722542,scr2012,dem,electricity
SE,h1614,29.843618142874437,scr2012,dem,electricity
SE,h1615,30.886027521024435,scr2012,dem,electricity
SE,h1616,32.19290695987178,scr2012,dem,electricity
SE,h1617,33.103328955563214,scr2012,dem,electricity
SE,h1618,33.222488332462106,scr2012,dem,electricity
SE,h1619,32.68357354279078,scr2012,dem,electricity
SE,h1620,31.85254530643226,scr2012,dem,electricity
SE,h1621,30.97621140522057,scr2012,dem,electricity
SE,h1622,30.173132155959863,scr2012,dem,electricity
SE,h1623,29.560775717825702,scr2012,dem,electricity
SE,h1624,29.445503105248168,scr2012,dem,electricity
SE,h1625,29.912589900381647,scr2012,dem,electricity
SE,h1626,30.582287048798257,scr2012,dem,electricity
SE,h1627,30.87150989072749,scr2012,dem,electricity
SE,h1628,30.582561535540755,scr2012,dem,electricity
SE,h1629,30.125894500255555,scr2012,dem,electricity
SE,h1630,29.776162055478995,scr2012,dem,electricity
SE,h1631,29.39030656115161,scr2012,dem,electricity
SE,h1632,29.061975472373064,scr2012,dem,electricity
SE,h1633,28.772652937999094,scr2012,dem,electricity
SE,h1634,28.569650813335794,scr2012,dem,electricity
SE,h1635,28.275462912896067,scr2012,dem,electricity
SE,h1636,27.998652457186964,scr2012,dem,electricity
SE,h1637,27.923982553507496,scr2012,dem,electricity
SE,h1638,28.19993501487996,scr2012,dem,electricity
SE,h1639,28.688070855046803,scr2012,dem,electricity
SE,h1640,29.150590890294602,scr2012,dem,electricity
SE,h1641,29.440262409842674,scr2012,dem,electricity
SE,h1642,29.564416876617425,scr2012,dem,electricity
SE,h1643,29.563077743362424,scr2012,dem,electricity
SE,h1644,29.26061956159458,scr2012,dem,electricity
SE,h1645,28.69423608039933,scr2012,dem,electricity
SE,h1646,28.023558160637076,scr2012,dem,electricity
SE,h1647,27.508427035355634,scr2012,dem,electricity
SE,h1648,27.472387024236685,scr2012,dem,electricity
SE,h1649,28.11322812883292,scr2012,dem,electricity
SE,h1650,29.057342583553297,scr2012,dem,electricity
SE,h1651,29.655017227690507,scr2012,dem,electricity
SE,h1652,29.61908983988866,scr2012,dem,electricity
SE,h1653,29.35688641798395,scr2012,dem,electricity
SE,h1654,29.189135088805457,scr2012,dem,electricity
SE,h1655,29.03445291377378,scr2012,dem,electricity
SE,h1656,28.951962285908337,scr2012,dem,electricity
SE,h1657,28.933193115574745,scr2012,dem,electricity
SE,h1658,29.002583539776193,scr2012,dem,electricity
SE,h1659,28.95376194783121,scr2012,dem,electricity
SE,h1660,28.88970731753429,scr2012,dem,electricity
SE,h1661,28.993950896848666,scr2012,dem,electricity
SE,h1662,29.46537177525321,scr2012,dem,electricity
SE,h1663,30.14388835473293,scr2012,dem,electricity
SE,h1664,30.731431053005636,scr2012,dem,electricity
SE,h1665,31.07248822027443,scr2012,dem,electricity
SE,h1666,31.203458157627285,scr2012,dem,electricity
SE,h1667,31.248567304017392,scr2012,dem,electricity
SE,h1668,31.05826528903606,scr2012,dem,electricity
SE,h1669,30.639439376825884,scr2012,dem,electricity
SE,h1670,30.148591446962403,scr2012,dem,electricity
SE,h1671,29.823150064707146,scr2012,dem,electricity
SE,h1672,30.06129276449278,scr2012,dem,electricity
SE,h1673,31.022726284934745,scr2012,dem,electricity
SE,h1674,32.227473247871835,scr2012,dem,electricity
SE,h1675,32.959418501412074,scr2012,dem,electricity
SE,h1676,33.00121317908962,scr2012,dem,electricity
SE,h1677,32.954678986332354,scr2012,dem,electricity
SE,h1678,33.11254376485252,scr2012,dem,electricity
SE,h1679,33.24313903000443,scr2012,dem,electricity
SE,h1680,33.26987068633804,scr2012,dem,electricity
SE,h1681,33.25218975675793,scr2012,dem,electricity
SE,h1682,33.337274072868766,scr2012,dem,electricity
SE,h1683,33.357104555758454,scr2012,dem,electricity
SE,h1684,33.40125214558776,scr2012,dem,electricity
SE,h1685,33.68894004803455,scr2012,dem,electricity
SE,h1686,34.514091912709006,scr2012,dem,electricity
SE,h1687,35.92553835185956,scr2012,dem,electricity
SE,h1688,37.67123475057325,scr2012,dem,electricity
SE,h1689,38.889986700561366,scr2012,dem,electricity
SE,h1690,39.127673976104774,scr2012,dem,electricity
SE,h1691,38.50640269616258,scr2012,dem,electricity
SE,h1692,37.54784448583716,scr2012,dem,electricity
SE,h1693,36.59608096239933,scr2012,dem,electricity
SE,h1694,35.72645737808298,scr2012,dem,electricity
SE,h1695,35.17358643750086,scr2012,dem,electricity
SE,h1696,35.29053457595019,scr2012,dem,electricity
SE,h1697,36.25359614554401,scr2012,dem,electricity
SE,h1698,37.3724449385072,scr2012,dem,electricity
SE,h1699,37.856393573651204,scr2012,dem,electricity
SE,h1700,37.51426923292337,scr2012,dem,electricity
SE,h1701,37.101744465159896,scr2012,dem,electricity
SE,h1702,36.99513029419391,scr2012,dem,electricity
SE,h1703,36.85199739582748,scr2012,dem,electricity
SE,h1704,36.600851956071764,scr2012,dem,electricity
SE,h1705,36.294458769273604,scr2012,dem,electricity
SE,h1706,36.12562627692694,scr2012,dem,electricity
SE,h1707,35.912338185360966,scr2012,dem,electricity
SE,h1708,35.738776764506554,scr2012,dem,electricity
SE,h1709,35.8324271201961,scr2012,dem,electricity
SE,h1710,36.493871376572315,scr2012,dem,electricity
SE,h1711,37.747884145629584,scr2012,dem,electricity
SE,h1712,39.26050341846387,scr2012,dem,electricity
SE,h1713,40.21766618530799,scr2012,dem,electricity
SE,h1714,40.181870602364015,scr2012,dem,electricity
SE,h1715,39.35723914238952,scr2012,dem,electricity
SE,h1716,38.215798349480565,scr2012,dem,electricity
SE,h1717,37.117940213764214,scr2012,dem,electricity
SE,h1718,36.11262554654428,scr2012,dem,electricity
SE,h1719,35.429532254022504,scr2012,dem,electricity
SE,h1720,35.41457126631887,scr2012,dem,electricity
SE,h1721,36.26882108183759,scr2012,dem,electricity
SE,h1722,37.29005415703075,scr2012,dem,electricity
SE,h1723,37.6534587664236,scr2012,dem,electricity
SE,h1724,37.163986824129154,scr2012,dem,electricity
SE,h1725,36.599487754060476,scr2012,dem,electricity
SE,h1726,36.35397532851047,scr2012,dem,electricity
SE,h1727,36.07676199919649,scr2012,dem,electricity
SE,h1728,35.6905661872855,scr2012,dem,electricity
SE,h1729,35.24265541973736,scr2012,dem,electricity
SE,h1730,34.9409878731482,scr2012,dem,electricity
SE,h1731,34.611796392454494,scr2012,dem,electricity
SE,h1732,34.33845040920485,scr2012,dem,electricity
SE,h1733,34.32108775253363,scr2012,dem,electricity
SE,h1734,34.84274259512475,scr2012,dem,electricity
SE,h1735,35.93203338554024,scr2012,dem,electricity
SE,h1736,37.307176516060366,scr2012,dem,electricity
SE,h1737,38.1683935781749,scr2012,dem,electricity
SE,h1738,38.10000655465443,scr2012,dem,electricity
SE,h1739,37.26723120608965,scr2012,dem,electricity
SE,h1740,36.132488498539615,scr2012,dem,electricity
SE,h1741,35.042753603074516,scr2012,dem,electricity
SE,h1742,34.04449833903443,scr2012,dem,electricity
SE,h1743,33.358910657254526,scr2012,dem,electricity
SE,h1744,33.28229541144975,scr2012,dem,electricity
SE,h1745,33.99062496581897,scr2012,dem,electricity
SE,h1746,34.85606480437791,scr2012,dem,electricity
SE,h1747,35.117684002934496,scr2012,dem,electricity
SE,h1748,34.635025530932424,scr2012,dem,electricity
SE,h1749,34.07544684595767,scr2012,dem,electricity
SE,h1750,33.80512440030074,scr2012,dem,electricity
SE,h1751,33.479456142698,scr2012,dem,electricity
SE,h1752,33.034422893836066,scr2012,dem,electricity
SE,h1753,32.532657485945606,scr2012,dem,electricity
SE,h1754,32.167011486439115,scr2012,dem,electricity
SE,h1755,31.804403457249773,scr2012,dem,electricity
SE,h1756,31.515797708966318,scr2012,dem,electricity
SE,h1757,31.470743763636307,scr2012,dem,electricity
SE,h1758,31.920402400172485,scr2012,dem,electricity
SE,h1759,32.91375121880364,scr2012,dem,electricity
SE,h1760,34.207470514417494,scr2012,dem,electricity
SE,h1761,35.05477870146173,scr2012,dem,electricity
SE,h1762,35.03983780626861,scr2012,dem,electricity
SE,h1763,34.31436463629771,scr2012,dem,electricity
SE,h1764,33.318646162440174,scr2012,dem,electricity
SE,h1765,32.36298490613409,scr2012,dem,electricity
SE,h1766,31.485186810630527,scr2012,dem,electricity
SE,h1767,30.86752282128921,scr2012,dem,electricity
SE,h1768,30.79152684936986,scr2012,dem,electricity
SE,h1769,31.40409764810441,scr2012,dem,electricity
SE,h1770,32.17320692296913,scr2012,dem,electricity
SE,h1771,32.44638329277018,scr2012,dem,electricity
SE,h1772,32.08725331665535,scr2012,dem,electricity
SE,h1773,31.65729226721534,scr2012,dem,electricity
SE,h1774,31.4407517225173,scr2012,dem,electricity
SE,h1775,31.140081638246446,scr2012,dem,electricity
SE,h1776,30.72451436340418,scr2012,dem,electricity
SE,h1777,30.289687162411123,scr2012,dem,electricity
SE,h1778,29.983177135393973,scr2012,dem,electricity
SE,h1779,29.680059955061893,scr2012,dem,electricity
SE,h1780,29.434497131485948,scr2012,dem,electricity
SE,h1781,29.421882149410933,scr2012,dem,electricity
SE,h1782,29.88550448725718,scr2012,dem,electricity
SE,h1783,30.85743003064799,scr2012,dem,electricity
SE,h1784,32.13705754824081,scr2012,dem,electricity
SE,h1785,33.02261390911572,scr2012,dem,electricity
SE,h1786,33.11830917399371,scr2012,dem,electricity
SE,h1787,32.53898972597028,scr2012,dem,electricity
SE,h1788,31.692483185370175,scr2012,dem,electricity
SE,h1789,30.83472697687529,scr2012,dem,electricity
SE,h1790,30.034663089090436,scr2012,dem,electricity
SE,h1791,29.42440524549998,scr2012,dem,electricity
SE,h1792,29.309827332811388,scr2012,dem,electricity
SE,h1793,29.79681998673186,scr2012,dem,electricity
SE,h1794,30.475974978207034,scr2012,dem,electricity
SE,h1795,30.760043682111675,scr2012,dem,electricity
SE,h1796,30.502923755709006,scr2012,dem,electricity
SE,h1797,30.099779865793728,scr2012,dem,electricity
SE,h1798,29.828336181091547,scr2012,dem,electricity
SE,h1799,29.492048098849818,scr2012,dem,electricity
SE,h1800,29.20420138031024,scr2012,dem,electricity
SE,h1801,28.93848551537833,scr2012,dem,electricity
SE,h1802,28.757253517331424,scr2012,dem,electricity
SE,h1803,28.477243385184714,scr2012,dem,electricity
SE,h1804,28.22144800201293,scr2012,dem,electricity
SE,h1805,28.157688706647882,scr2012,dem,electricity
SE,h1806,28.441380094767773,scr2012,dem,electricity
SE,h1807,28.911253111931504,scr2012,dem,electricity
SE,h1808,29.347383373846537,scr2012,dem,electricity
SE,h1809,29.597921133961613,scr2012,dem,electricity
SE,h1810,29.659407616259593,scr2012,dem,electricity
SE,h1811,29.565841439268542,scr2012,dem,electricity
SE,h1812,29.155012100448666,scr2012,dem,electricity
SE,h1813,28.492211795988684,scr2012,dem,electricity
SE,h1814,27.726443744074235,scr2012,dem,electricity
SE,h1815,27.103133344291386,scr2012,dem,electricity
SE,h1816,26.939215559185055,scr2012,dem,electricity
SE,h1817,27.426577872795995,scr2012,dem,electricity
SE,h1818,28.198293841287974,scr2012,dem,electricity
SE,h1819,28.62462668624889,scr2012,dem,electricity
SE,h1820,28.473985191001102,scr2012,dem,electricity
SE,h1821,28.10367673790604,scr2012,dem,electricity
SE,h1822,27.817935233635417,scr2012,dem,electricity
SE,h1823,27.50012086296087,scr2012,dem,electricity
SE,h1824,27.235128792208613,scr2012,dem,electricity
SE,h1825,27.015804383227714,scr2012,dem,electricity
SE,h1826,26.87141936619913,scr2012,dem,electricity
SE,h1827,26.61868321099794,scr2012,dem,electricity
SE,h1828,26.35539728364147,scr2012,dem,electricity
SE,h1829,26.229814666065135,scr2012,dem,electricity
SE,h1830,26.41262784630159,scr2012,dem,electricity
SE,h1831,26.74568669599043,scr2012,dem,electricity
SE,h1832,26.992163017523758,scr2012,dem,electricity
SE,h1833,27.061360271257065,scr2012,dem,electricity
SE,h1834,26.995740850293156,scr2012,dem,electricity
SE,h1835,26.890343747306652,scr2012,dem,electricity
SE,h1836,26.58100726246526,scr2012,dem,electricity
SE,h1837,26.08290521153965,scr2012,dem,electricity
SE,h1838,25.52282362649808,scr2012,dem,electricity
SE,h1839,25.07637752439724,scr2012,dem,electricity
SE,h1840,25.042498946900412,scr2012,dem,electricity
SE,h1841,25.53234632930294,scr2012,dem,electricity
SE,h1842,26.2075755224001,scr2012,dem,electricity
SE,h1843,26.567824054457212,scr2012,dem,electricity
SE,h1844,26.509958479058717,scr2012,dem,electricity
SE,h1845,26.38893699104894,scr2012,dem,electricity
SE,h1846,26.367421649015007,scr2012,dem,electricity
SE,h1847,26.212431607638674,scr2012,dem,electricity
SE,h1848,25.94149602223852,scr2012,dem,electricity
SE,h1849,25.62356819961309,scr2012,dem,electricity
SE,h1850,25.401342610827214,scr2012,dem,electricity
SE,h1851,25.177871309452748,scr2012,dem,electricity
SE,h1852,25.032484341019426,scr2012,dem,electricity
SE,h1853,25.083672980653564,scr2012,dem,electricity
SE,h1854,25.531728651303826,scr2012,dem,electricity
SE,h1855,26.435214930949652,scr2012,dem,electricity
SE,h1856,27.685636409563145,scr2012,dem,electricity
SE,h1857,28.638829764627523,scr2012,dem,electricity
SE,h1858,28.914420896985384,scr2012,dem,electricity
SE,h1859,28.527418781089413,scr2012,dem,electricity
SE,h1860,27.85975181495337,scr2012,dem,electricity
SE,h1861,27.18906249264429,scr2012,dem,electricity
SE,h1862,26.57187838639456,scr2012,dem,electricity
SE,h1863,26.169573139124306,scr2012,dem,electricity
SE,h1864,26.179383669373895,scr2012,dem,electricity
SE,h1865,26.699580439664565,scr2012,dem,electricity
SE,h1866,27.33807353384592,scr2012,dem,electricity
SE,h1867,27.613266689154937,scr2012,dem,electricity
SE,h1868,27.512122263200464,scr2012,dem,electricity
SE,h1869,27.365337706485597,scr2012,dem,electricity
SE,h1870,27.371050351545357,scr2012,dem,electricity
SE,h1871,27.198750515403784,scr2012,dem,electricity
SE,h1872,26.892772107253116,scr2012,dem,electricity
SE,h1873,26.52491429090969,scr2012,dem,electricity
SE,h1874,26.278146659192505,scr2012,dem,electricity
SE,h1875,26.076105513089523,scr2012,dem,electricity
SE,h1876,25.981955329573946,scr2012,dem,electricity
SE,h1877,26.09160386985418,scr2012,dem,electricity
SE,h1878,26.605410622415974,scr2012,dem,electricity
SE,h1879,27.595461435139388,scr2012,dem,electricity
SE,h1880,28.89495191183008,scr2012,dem,electricity
SE,h1881,29.8686305853969,scr2012,dem,electricity
SE,h1882,30.107180469367872,scr2012,dem,electricity
SE,h1883,29.695472518757104,scr2012,dem,electricity
SE,h1884,29.011592438302678,scr2012,dem,electricity
SE,h1885,28.32961690164042,scr2012,dem,electricity
SE,h1886,27.69770917296535,scr2012,dem,electricity
SE,h1887,27.266143169053066,scr2012,dem,electricity
SE,h1888,27.27201558577778,scr2012,dem,electricity
SE,h1889,27.83972334244407,scr2012,dem,electricity
SE,h1890,28.529815850549465,scr2012,dem,electricity
SE,h1891,28.766447059542006,scr2012,dem,electricity
SE,h1892,28.53139894617195,scr2012,dem,electricity
SE,h1893,28.24398177975991,scr2012,dem,electricity
SE,h1894,28.149890912083546,scr2012,dem,electricity
SE,h1895,27.89773167668415,scr2012,dem,electricity
SE,h1896,27.51367371827366,scr2012,dem,electricity
SE,h1897,27.101587870452523,scr2012,dem,electricity
SE,h1898,26.813814741361213,scr2012,dem,electricity
SE,h1899,26.556770581025624,scr2012,dem,electricity
SE,h1900,26.379056438929894,scr2012,dem,electricity
SE,h1901,26.403253960783964,scr2012,dem,electricity
SE,h1902,26.83036510472295,scr2012,dem,electricity
SE,h1903,27.723898853129135,scr2012,dem,electricity
SE,h1904,28.939017515533028,scr2012,dem,electricity
SE,h1905,29.836633948175404,scr2012,dem,electricity
SE,h1906,30.028916085951273,scr2012,dem,electricity
SE,h1907,29.56977643813848,scr2012,dem,electricity
SE,h1908,28.83833320999356,scr2012,dem,electricity
SE,h1909,28.104859155271534,scr2012,dem,electricity
SE,h1910,27.43046452686546,scr2012,dem,electricity
SE,h1911,26.972771520597277,scr2012,dem,electricity
SE,h1912,26.949087434235043,scr2012,dem,electricity
SE,h1913,27.49248463045281,scr2012,dem,electricity
SE,h1914,28.177480732434315,scr2012,dem,electricity
SE,h1915,28.441471294736044,scr2012,dem,electricity
SE,h1916,28.255290927364257,scr2012,dem,electricity
SE,h1917,28.012977064591947,scr2012,dem,electricity
SE,h1918,27.955472998459577,scr2012,dem,electricity
SE,h1919,27.748655856052178,scr2012,dem,electricity
SE,h1920,27.412791281006935,scr2012,dem,electricity
SE,h1921,27.053088044129716,scr2012,dem,electricity
SE,h1922,26.809638171607077,scr2012,dem,electricity
SE,h1923,26.594315409571735,scr2012,dem,electricity
SE,h1924,26.460123569155673,scr2012,dem,electricity
SE,h1925,26.528523317545336,scr2012,dem,electricity
SE,h1926,27.00010202939637,scr2012,dem,electricity
SE,h1927,27.936091038799745,scr2012,dem,electricity
SE,h1928,29.181816044884837,scr2012,dem,electricity
SE,h1929,30.105341586669574,scr2012,dem,electricity
SE,h1930,30.311475138336046,scr2012,dem,electricity
SE,h1931,29.86109097953871,scr2012,dem,electricity
SE,h1932,29.13987484649296,scr2012,dem,electricity
SE,h1933,28.407858988566982,scr2012,dem,electricity
SE,h1934,27.734536612674997,scr2012,dem,electricity
SE,h1935,27.260292919521554,scr2012,dem,electricity
SE,h1936,27.22604762851399,scr2012,dem,electricity
SE,h1937,27.762764182240215,scr2012,dem,electricity
SE,h1938,28.439393398214474,scr2012,dem,electricity
SE,h1939,28.676131150993942,scr2012,dem,electricity
SE,h1940,28.446958829998493,scr2012,dem,electricity
SE,h1941,28.162999183658854,scr2012,dem,electricity
SE,h1942,28.06970786806283,scr2012,dem,electricity
SE,h1943,27.829598249815334,scr2012,dem,electricity
SE,h1944,27.469202163554222,scr2012,dem,electricity
SE,h1945,27.12285393836385,scr2012,dem,electricity
SE,h1946,26.887753462511572,scr2012,dem,electricity
SE,h1947,26.641038173401277,scr2012,dem,electricity
SE,h1948,26.45022940333747,scr2012,dem,electricity
SE,h1949,26.451946101330233,scr2012,dem,electricity
SE,h1950,26.87658983680014,scr2012,dem,electricity
SE,h1951,27.746390627506077,scr2012,dem,electricity
SE,h1952,28.962674206776498,scr2012,dem,electricity
SE,h1953,29.86206713592977,scr2012,dem,electricity
SE,h1954,30.045972988906588,scr2012,dem,electricity
SE,h1955,29.572241710912465,scr2012,dem,electricity
SE,h1956,28.8367945090423,scr2012,dem,electricity
SE,h1957,28.10408812516642,scr2012,dem,electricity
SE,h1958,27.404211977570366,scr2012,dem,electricity
SE,h1959,26.887370624319477,scr2012,dem,electricity
SE,h1960,26.794375958879186,scr2012,dem,electricity
SE,h1961,27.243017749974275,scr2012,dem,electricity
SE,h1962,27.849030441168882,scr2012,dem,electricity
SE,h1963,28.094687731905786,scr2012,dem,electricity
SE,h1964,27.902088081618636,scr2012,dem,electricity
SE,h1965,27.586222358699366,scr2012,dem,electricity
SE,h1966,27.402354992554876,scr2012,dem,electricity
SE,h1967,27.12810919827996,scr2012,dem,electricity
SE,h1968,26.881868205746333,scr2012,dem,electricity
SE,h1969,26.636530755799598,scr2012,dem,electricity
SE,h1970,26.469006375912016,scr2012,dem,electricity
SE,h1971,26.223793901427385,scr2012,dem,electricity
SE,h1972,26.033382369605377,scr2012,dem,electricity
SE,h1973,26.01375152245492,scr2012,dem,electricity
SE,h1974,26.311511544525448,scr2012,dem,electricity
SE,h1975,26.761536929008205,scr2012,dem,electricity
SE,h1976,27.198871281210703,scr2012,dem,electricity
SE,h1977,27.494118549750443,scr2012,dem,electricity
SE,h1978,27.63778162482128,scr2012,dem,electricity
SE,h1979,27.62924520123978,scr2012,dem,electricity
SE,h1980,27.308575502027985,scr2012,dem,electricity
SE,h1981,26.75259455548362,scr2012,dem,electricity
SE,h1982,26.098551448836783,scr2012,dem,electricity
SE,h1983,25.570569105286538,scr2012,dem,electricity
SE,h1984,25.459285683949464,scr2012,dem,electricity
SE,h1985,25.94572111779148,scr2012,dem,electricity
SE,h1986,26.69992835962041,scr2012,dem,electricity
SE,h1987,27.095090765554456,scr2012,dem,electricity
SE,h1988,26.99481273413204,scr2012,dem,electricity
SE,h1989,26.68051481071201,scr2012,dem,electricity
SE,h1990,26.49086612692999,scr2012,dem,electricity
SE,h1991,26.24272175279268,scr2012,dem,electricity
SE,h1992,26.052126197559158,scr2012,dem,electricity
SE,h1993,25.893972382262447,scr2012,dem,electricity
SE,h1994,25.725789608920042,scr2012,dem,electricity
SE,h1995,25.45392587883069,scr2012,dem,electricity
SE,h1996,25.159447912641806,scr2012,dem,electricity
SE,h1997,25.061335405989258,scr2012,dem,electricity
SE,h1998,25.26423556504341,scr2012,dem,electricity
SE,h1999,25.64586845612451,scr2012,dem,electricity
SE,h2000,25.9532903160831,scr2012,dem,electricity
SE,h2001,26.107599485277508,scr2012,dem,electricity
SE,h2002,26.148117221838167,scr2012,dem,electricity
SE,h2003,26.174678832155426,scr2012,dem,electricity
SE,h2004,25.982145290530585,scr2012,dem,electricity
SE,h2005,25.554147437755248,scr2012,dem,electricity
SE,h2006,25.019562682247205,scr2012,dem,electricity
SE,h2007,24.58640381240786,scr2012,dem,electricity
SE,h2008,24.544651822569264,scr2012,dem,electricity
SE,h2009,24.999896647057604,scr2012,dem,electricity
SE,h2010,25.610241210239845,scr2012,dem,electricity
SE,h2011,25.845588692345846,scr2012,dem,electricity
SE,h2012,25.590785156913416,scr2012,dem,electricity
SE,h2013,25.4430853746786,scr2012,dem,electricity
SE,h2014,25.566253264341533,scr2012,dem,electricity
SE,h2015,25.656848365761775,scr2012,dem,electricity
SE,h2016,25.484898469029364,scr2012,dem,electricity
SE,h2017,25.15124558020396,scr2012,dem,electricity
SE,h2018,24.874819128928053,scr2012,dem,electricity
SE,h2019,24.584425344736324,scr2012,dem,electricity
SE,h2020,24.36787158573396,scr2012,dem,electricity
SE,h2021,24.363377952029243,scr2012,dem,electricity
SE,h2022,24.74568869547469,scr2012,dem,electricity
SE,h2023,25.59346723672614,scr2012,dem,electricity
SE,h2024,26.74115168026127,scr2012,dem,electricity
SE,h2025,27.646293479670344,scr2012,dem,electricity
SE,h2026,27.926214860312275,scr2012,dem,electricity
SE,h2027,27.63367935685959,scr2012,dem,electricity
SE,h2028,27.022090321646413,scr2012,dem,electricity
SE,h2029,26.345621256082918,scr2012,dem,electricity
SE,h2030,25.673231370682778,scr2012,dem,electricity
SE,h2031,25.193114094286255,scr2012,dem,electricity
SE,h2032,25.098226574806525,scr2012,dem,electricity
SE,h2033,25.45711205956108,scr2012,dem,electricity
SE,h2034,25.8994169922482,scr2012,dem,electricity
SE,h2035,25.893440727858856,scr2012,dem,electricity
SE,h2036,25.46777332711744,scr2012,dem,electricity
SE,h2037,25.18165590075287,scr2012,dem,electricity
SE,h2038,25.244113347421152,scr2012,dem,electricity
SE,h2039,25.224230893497133,scr2012,dem,electricity
SE,h2040,24.904711712949773,scr2012,dem,electricity
SE,h2041,24.405931167223446,scr2012,dem,electricity
SE,h2042,23.99493407937809,scr2012,dem,electricity
SE,h2043,23.640615051644108,scr2012,dem,electricity
SE,h2044,23.398220700742407,scr2012,dem,electricity
SE,h2045,23.364636834260224,scr2012,dem,electricity
SE,h2046,23.689786245269318,scr2012,dem,electricity
SE,h2047,24.49171185309696,scr2012,dem,electricity
SE,h2048,25.604036388668902,scr2012,dem,electricity
SE,h2049,26.489553616470616,scr2012,dem,electricity
SE,h2050,26.74133301599488,scr2012,dem,electricity
SE,h2051,26.42722819352871,scr2012,dem,electricity
SE,h2052,25.840551268768465,scr2012,dem,electricity
SE,h2053,25.202988149698232,scr2012,dem,electricity
SE,h2054,24.59410271162965,scr2012,dem,electricity
SE,h2055,24.159492270177495,scr2012,dem,electricity
SE,h2056,24.08271120797188,scr2012,dem,electricity
SE,h2057,24.435226989269516,scr2012,dem,electricity
SE,h2058,24.857261100043246,scr2012,dem,electricity
SE,h2059,24.860409429027825,scr2012,dem,electricity
SE,h2060,24.45019695859752,scr2012,dem,electricity
SE,h2061,24.19082882331379,scr2012,dem,electricity
SE,h2062,24.241373572633535,scr2012,dem,electricity
SE,h2063,24.218851284967144,scr2012,dem,electricity
SE,h2064,23.909614341570762,scr2012,dem,electricity
SE,h2065,23.48501104294863,scr2012,dem,electricity
SE,h2066,23.14086378537116,scr2012,dem,electricity
SE,h2067,22.842936318292818,scr2012,dem,electricity
SE,h2068,22.62742338874687,scr2012,dem,electricity
SE,h2069,22.613589575382253,scr2012,dem,electricity
SE,h2070,22.945040919399087,scr2012,dem,electricity
SE,h2071,23.740804085392796,scr2012,dem,electricity
SE,h2072,24.868242341630474,scr2012,dem,electricity
SE,h2073,25.787243544522646,scr2012,dem,electricity
SE,h2074,26.10453627501377,scr2012,dem,electricity
SE,h2075,25.854176533084644,scr2012,dem,electricity
SE,h2076,25.325910996733285,scr2012,dem,electricity
SE,h2077,24.738157938679187,scr2012,dem,electricity
SE,h2078,24.17422583122523,scr2012,dem,electricity
SE,h2079,23.790699463068535,scr2012,dem,electricity
SE,h2080,23.748315937941484,scr2012,dem,electricity
SE,h2081,24.126696216534498,scr2012,dem,electricity
SE,h2082,24.573145334928927,scr2012,dem,electricity
SE,h2083,24.61497851921115,scr2012,dem,electricity
SE,h2084,24.256606843059163,scr2012,dem,electricity
SE,h2085,24.04718769771047,scr2012,dem,electricity
SE,h2086,24.147609688459724,scr2012,dem,electricity
SE,h2087,24.18267561656017,scr2012,dem,electricity
SE,h2088,23.931630244055228,scr2012,dem,electricity
SE,h2089,23.560498172003552,scr2012,dem,electricity
SE,h2090,23.262368697799015,scr2012,dem,electricity
SE,h2091,23.00917224595581,scr2012,dem,electricity
SE,h2092,22.84200768421509,scr2012,dem,electricity
SE,h2093,22.877541097888646,scr2012,dem,electricity
SE,h2094,23.262148295332537,scr2012,dem,electricity
SE,h2095,24.114228795132846,scr2012,dem,electricity
SE,h2096,25.289368876427318,scr2012,dem,electricity
SE,h2097,26.244799463814946,scr2012,dem,electricity
SE,h2098,26.574430730840383,scr2012,dem,electricity
SE,h2099,26.323506021758167,scr2012,dem,electricity
SE,h2100,25.798283332948113,scr2012,dem,electricity
SE,h2101,25.212804045388,scr2012,dem,electricity
SE,h2102,24.654423942541293,scr2012,dem,electricity
SE,h2103,24.264178928316994,scr2012,dem,electricity
SE,h2104,24.23219747857119,scr2012,dem,electricity
SE,h2105,24.641234551104667,scr2012,dem,electricity
SE,h2106,25.123590399379154,scr2012,dem,electricity
SE,h2107,25.178773055052957,scr2012,dem,electricity
SE,h2108,24.79887048163525,scr2012,dem,electricity
SE,h2109,24.561557396853182,scr2012,dem,electricity
SE,h2110,24.64404748484136,scr2012,dem,electricity
SE,h2111,24.669685432176028,scr2012,dem,electricity
SE,h2112,24.420073598229305,scr2012,dem,electricity
SE,h2113,24.071645783037255,scr2012,dem,electricity
SE,h2114,23.79347231424587,scr2012,dem,electricity
SE,h2115,23.520606471875485,scr2012,dem,electricity
SE,h2116,23.309899844318586,scr2012,dem,electricity
SE,h2117,23.297880284249885,scr2012,dem,electricity
SE,h2118,23.652823871617198,scr2012,dem,electricity
SE,h2119,24.471424763607565,scr2012,dem,electricity
SE,h2120,25.660436173548156,scr2012,dem,electricity
SE,h2121,26.624319866140095,scr2012,dem,electricity
SE,h2122,26.922777828660788,scr2012,dem,electricity
SE,h2123,26.61130670889806,scr2012,dem,electricity
SE,h2124,26.016260343079395,scr2012,dem,electricity
SE,h2125,25.402029146965145,scr2012,dem,electricity
SE,h2126,24.768992634692864,scr2012,dem,electricity
SE,h2127,24.300873293010085,scr2012,dem,electricity
SE,h2128,24.17179085925688,scr2012,dem,electricity
SE,h2129,24.475756721835037,scr2012,dem,electricity
SE,h2130,24.863779497018516,scr2012,dem,electricity
SE,h2131,24.88526248017176,scr2012,dem,electricity
SE,h2132,24.470928221680772,scr2012,dem,electricity
SE,h2133,24.132474617015856,scr2012,dem,electricity
SE,h2134,24.063067564986596,scr2012,dem,electricity
SE,h2135,24.008642903520894,scr2012,dem,electricity
SE,h2136,23.80475042110876,scr2012,dem,electricity
SE,h2137,23.482853011324774,scr2012,dem,electricity
SE,h2138,23.19261363039487,scr2012,dem,electricity
SE,h2139,22.857521544236917,scr2012,dem,electricity
SE,h2140,22.59272331521931,scr2012,dem,electricity
SE,h2141,22.498390261057835,scr2012,dem,electricity
SE,h2142,22.67586928076288,scr2012,dem,electricity
SE,h2143,23.016256587393258,scr2012,dem,electricity
SE,h2144,23.37636156688078,scr2012,dem,electricity
SE,h2145,23.676378373551376,scr2012,dem,electricity
SE,h2146,23.887524334959565,scr2012,dem,electricity
SE,h2147,24.011589226682034,scr2012,dem,electricity
SE,h2148,23.8379146344674,scr2012,dem,electricity
SE,h2149,23.40903990090551,scr2012,dem,electricity
SE,h2150,22.843351087430047,scr2012,dem,electricity
SE,h2151,22.36239809892115,scr2012,dem,electricity
SE,h2152,22.207793135078724,scr2012,dem,electricity
SE,h2153,22.49919985380501,scr2012,dem,electricity
SE,h2154,22.987768282905325,scr2012,dem,electricity
SE,h2155,23.146905791069027,scr2012,dem,electricity
SE,h2156,22.866049337220804,scr2012,dem,electricity
SE,h2157,22.564115649066604,scr2012,dem,electricity
SE,h2158,22.503811048571176,scr2012,dem,electricity
SE,h2159,22.47000369638091,scr2012,dem,electricity
SE,h2160,22.334797653950456,scr2012,dem,electricity
SI,h1441,3.3823300182807037,scr2012,dem,electricity
SI,h1442,3.33584441714917,scr2012,dem,electricity
SI,h1443,3.298154109158552,scr2012,dem,electricity
SI,h1444,3.2672497207675946,scr2012,dem,electricity
SI,h1445,3.2820090426267874,scr2012,dem,electricity
SI,h1446,3.4025120128533066,scr2012,dem,electricity
SI,h1447,3.61876046149017,scr2012,dem,electricity
SI,h1448,3.8544097332838225,scr2012,dem,electricity
SI,h1449,4.000165412867128,scr2012,dem,electricity
SI,h1450,4.030187756743695,scr2012,dem,electricity
SI,h1451,3.988447937625879,scr2012,dem,electricity
SI,h1452,3.911929819965317,scr2012,dem,electricity
SI,h1453,3.8045412827341685,scr2012,dem,electricity
SI,h1454,3.689504558056498,scr2012,dem,electricity
SI,h1455,3.596322987269622,scr2012,dem,electricity
SI,h1456,3.582051953016031,scr2012,dem,electricity
SI,h1457,3.6609702720824897,scr2012,dem,electricity
SI,h1458,3.793845529063903,scr2012,dem,electricity
SI,h1459,3.8730366567200827,scr2012,dem,electricity
SI,h1460,3.825393448402864,scr2012,dem,electricity
SI,h1461,3.701077318115976,scr2012,dem,electricity
SI,h1462,3.5808521284930226,scr2012,dem,electricity
SI,h1463,3.5115041604806505,scr2012,dem,electricity
SI,h1464,3.45617026289717,scr2012,dem,electricity
SI,h1465,3.4160761113592617,scr2012,dem,electricity
SI,h1466,3.373347663219071,scr2012,dem,electricity
SI,h1467,3.3359435034152556,scr2012,dem,electricity
SI,h1468,3.3007605991250895,scr2012,dem,electricity
SI,h1469,3.303172717297687,scr2012,dem,electricity
SI,h1470,3.3753101438551476,scr2012,dem,electricity
SI,h1471,3.5046375038820528,scr2012,dem,electricity
SI,h1472,3.655771881856182,scr2012,dem,electricity
SI,h1473,3.7687533752254714,scr2012,dem,electricity
SI,h1474,3.8216929430452273,scr2012,dem,electricity
SI,h1475,3.8135141379778665,scr2012,dem,electricity
SI,h1476,3.7618761790622153,scr2012,dem,electricity
SI,h1477,3.6660131450753957,scr2012,dem,electricity
SI,h1478,3.555474476246492,scr2012,dem,electricity
SI,h1479,3.4619595564624457,scr2012,dem,electricity
SI,h1480,3.4562993616381337,scr2012,dem,electricity
SI,h1481,3.5533827545100856,scr2012,dem,electricity
SI,h1482,3.7036850348367123,scr2012,dem,electricity
SI,h1483,3.7919692828382825,scr2012,dem,electricity
SI,h1484,3.7582419791390382,scr2012,dem,electricity
SI,h1485,3.6603673996983597,scr2012,dem,electricity
SI,h1486,3.5793408898971704,scr2012,dem,electricity
SI,h1487,3.5451838046318835,scr2012,dem,electricity
SI,h1488,3.5159079574871357,scr2012,dem,electricity
SI,h1489,3.493650446529194,scr2012,dem,electricity
SI,h1490,3.4619418251241205,scr2012,dem,electricity
SI,h1491,3.4360836945095574,scr2012,dem,electricity
SI,h1492,3.408676564578172,scr2012,dem,electricity
SI,h1493,3.4139515131281146,scr2012,dem,electricity
SI,h1494,3.476419834702943,scr2012,dem,electricity
SI,h1495,3.5818058512510236,scr2012,dem,electricity
SI,h1496,3.7057547875991754,scr2012,dem,electricity
SI,h1497,3.7944585224998075,scr2012,dem,electricity
SI,h1498,3.8397177304520667,scr2012,dem,electricity
SI,h1499,3.8382067978410266,scr2012,dem,electricity
SI,h1500,3.7957520715799133,scr2012,dem,electricity
SI,h1501,3.7021130285018553,scr2012,dem,electricity
SI,h1502,3.5808211300319104,scr2012,dem,electricity
SI,h1503,3.472589479774679,scr2012,dem,electricity
SI,h1504,3.456141969290717,scr2012,dem,electricity
SI,h1505,3.55466280861702,scr2012,dem,electricity
SI,h1506,3.720136747486439,scr2012,dem,electricity
SI,h1507,3.837817253023237,scr2012,dem,electricity
SI,h1508,3.832941602952637,scr2012,dem,electricity
SI,h1509,3.7571605514367756,scr2012,dem,electricity
SI,h1510,3.6871328189537946,scr2012,dem,electricity
SI,h1511,3.654579336327729,scr2012,dem,electricity
SI,h1512,3.630948482323711,scr2012,dem,electricity
SI,h1513,3.613025848263493,scr2012,dem,electricity
SI,h1514,3.5896773949887466,scr2012,dem,electricity
SI,h1515,3.5662678082374226,scr2012,dem,electricity
SI,h1516,3.543472198537694,scr2012,dem,electricity
SI,h1517,3.5733386293889753,scr2012,dem,electricity
SI,h1518,3.72097479870085,scr2012,dem,electricity
SI,h1519,3.971761130777882,scr2012,dem,electricity
SI,h1520,4.232408743458841,scr2012,dem,electricity
SI,h1521,4.382478895042803,scr2012,dem,electricity
SI,h1522,4.401792530027735,scr2012,dem,electricity
SI,h1523,4.3474505300433135,scr2012,dem,electricity
SI,h1524,4.265397008763938,scr2012,dem,electricity
SI,h1525,4.161507136920095,scr2012,dem,electricity
SI,h1526,4.053330591344243,scr2012,dem,electricity
SI,h1527,3.967702042938667,scr2012,dem,electricity
SI,h1528,3.9642559433078395,scr2012,dem,electricity
SI,h1529,4.051835405209672,scr2012,dem,electricity
SI,h1530,4.189953278624233,scr2012,dem,electricity
SI,h1531,4.26826789511294,scr2012,dem,electricity
SI,h1532,4.214465125555284,scr2012,dem,electricity
SI,h1533,4.086162797987063,scr2012,dem,electricity
SI,h1534,3.9557892874966427,scr2012,dem,electricity
SI,h1535,3.8734602158114493,scr2012,dem,electricity
SI,h1536,3.8053432512234497,scr2012,dem,electricity
SI,h1537,3.7611389190406093,scr2012,dem,electricity
SI,h1538,3.725439774157935,scr2012,dem,electricity
SI,h1539,3.696229644663596,scr2012,dem,electricity
SI,h1540,3.669882460249259,scr2012,dem,electricity
SI,h1541,3.6938807885886398,scr2012,dem,electricity
SI,h1542,3.832245736491863,scr2012,dem,electricity
SI,h1543,4.0756968044266815,scr2012,dem,electricity
SI,h1544,4.33001844086114,scr2012,dem,electricity
SI,h1545,4.478672861020542,scr2012,dem,electricity
SI,h1546,4.496330370525047,scr2012,dem,electricity
SI,h1547,4.44218237981706,scr2012,dem,electricity
SI,h1548,4.358195029123085,scr2012,dem,electricity
SI,h1549,4.251657462140495,scr2012,dem,electricity
SI,h1550,4.141201254521837,scr2012,dem,electricity
SI,h1551,4.056008743729698,scr2012,dem,electricity
SI,h1552,4.056051679375848,scr2012,dem,electricity
SI,h1553,4.152003994099324,scr2012,dem,electricity
SI,h1554,4.298496600637873,scr2012,dem,electricity
SI,h1555,4.383815049963788,scr2012,dem,electricity
SI,h1556,4.3295454928549795,scr2012,dem,electricity
SI,h1557,4.2018512822661,scr2012,dem,electricity
SI,h1558,4.071387326203569,scr2012,dem,electricity
SI,h1559,3.9939458687674816,scr2012,dem,electricity
SI,h1560,3.9292715478793245,scr2012,dem,electricity
SI,h1561,3.8887582207284566,scr2012,dem,electricity
SI,h1562,3.855460385190594,scr2012,dem,electricity
SI,h1563,3.826719687478181,scr2012,dem,electricity
SI,h1564,3.802129193197854,scr2012,dem,electricity
SI,h1565,3.8287819529865743,scr2012,dem,electricity
SI,h1566,3.971032016516793,scr2012,dem,electricity
SI,h1567,4.215709653945546,scr2012,dem,electricity
SI,h1568,4.4651686563696815,scr2012,dem,electricity
SI,h1569,4.605832211196199,scr2012,dem,electricity
SI,h1570,4.615380860705538,scr2012,dem,electricity
SI,h1571,4.554604988190606,scr2012,dem,electricity
SI,h1572,4.463321126146996,scr2012,dem,electricity
SI,h1573,4.352206279338338,scr2012,dem,electricity
SI,h1574,4.23651475676943,scr2012,dem,electricity
SI,h1575,4.148983980131292,scr2012,dem,electricity
SI,h1576,4.14638582089615,scr2012,dem,electricity
SI,h1577,4.243297538457027,scr2012,dem,electricity
SI,h1578,4.389505247947933,scr2012,dem,electricity
SI,h1579,4.472593600854322,scr2012,dem,electricity
SI,h1580,4.413411969045489,scr2012,dem,electricity
SI,h1581,4.281924578888835,scr2012,dem,electricity
SI,h1582,4.154124289591329,scr2012,dem,electricity
SI,h1583,4.074630061260812,scr2012,dem,electricity
SI,h1584,4.0097474995611195,scr2012,dem,electricity
SI,h1585,3.959578795962555,scr2012,dem,electricity
SI,h1586,3.9191708799564786,scr2012,dem,electricity
SI,h1587,3.8812418324350952,scr2012,dem,electricity
SI,h1588,3.8484326183153894,scr2012,dem,electricity
SI,h1589,3.866636376798531,scr2012,dem,electricity
SI,h1590,4.001390784218774,scr2012,dem,electricity
SI,h1591,4.239394308063128,scr2012,dem,electricity
SI,h1592,4.485174233121833,scr2012,dem,electricity
SI,h1593,4.621067120665908,scr2012,dem,electricity
SI,h1594,4.624610195575857,scr2012,dem,electricity
SI,h1595,4.556274159775077,scr2012,dem,electricity
SI,h1596,4.457893462532859,scr2012,dem,electricity
SI,h1597,4.338149697269679,scr2012,dem,electricity
SI,h1598,4.214245140769955,scr2012,dem,electricity
SI,h1599,4.1164831109169935,scr2012,dem,electricity
SI,h1600,4.10430853566721,scr2012,dem,electricity
SI,h1601,4.188130447209842,scr2012,dem,electricity
SI,h1602,4.320039972708356,scr2012,dem,electricity
SI,h1603,4.393362465161525,scr2012,dem,electricity
SI,h1604,4.326985206971952,scr2012,dem,electricity
SI,h1605,4.188673805878909,scr2012,dem,electricity
SI,h1606,4.04532319353231,scr2012,dem,electricity
SI,h1607,3.9540892338808447,scr2012,dem,electricity
SI,h1608,3.8764641386106975,scr2012,dem,electricity
SI,h1609,3.8221240774224867,scr2012,dem,electricity
SI,h1610,3.770654413796472,scr2012,dem,electricity
SI,h1611,3.7231073165612742,scr2012,dem,electricity
SI,h1612,3.678866295572529,scr2012,dem,electricity
SI,h1613,3.6849201213091365,scr2012,dem,electricity
SI,h1614,3.803854503234953,scr2012,dem,electricity
SI,h1615,4.017035583518943,scr2012,dem,electricity
SI,h1616,4.244515504155069,scr2012,dem,electricity
SI,h1617,4.369305420972526,scr2012,dem,electricity
SI,h1618,4.374931519740334,scr2012,dem,electricity
SI,h1619,4.305765983827918,scr2012,dem,electricity
SI,h1620,4.203986439656437,scr2012,dem,electricity
SI,h1621,4.073663215962164,scr2012,dem,electricity
SI,h1622,3.934766595357018,scr2012,dem,electricity
SI,h1623,3.8198756478863025,scr2012,dem,electricity
SI,h1624,3.788035758065415,scr2012,dem,electricity
SI,h1625,3.8552888974047907,scr2012,dem,electricity
SI,h1626,3.9717727182551528,scr2012,dem,electricity
SI,h1627,4.038984174353714,scr2012,dem,electricity
SI,h1628,3.9754785240446626,scr2012,dem,electricity
SI,h1629,3.8407677173774992,scr2012,dem,electricity
SI,h1630,3.703954909089865,scr2012,dem,electricity
SI,h1631,3.617297769347542,scr2012,dem,electricity
SI,h1632,3.5452216138365653,scr2012,dem,electricity
SI,h1633,3.4870238462223364,scr2012,dem,electricity
SI,h1634,3.427853908854317,scr2012,dem,electricity
SI,h1635,3.372406850075839,scr2012,dem,electricity
SI,h1636,3.32024845216636,scr2012,dem,electricity
SI,h1637,3.306859302191689,scr2012,dem,electricity
SI,h1638,3.363934213531034,scr2012,dem,electricity
SI,h1639,3.4769311787845565,scr2012,dem,electricity
SI,h1640,3.611506879478481,scr2012,dem,electricity
SI,h1641,3.7081685822651442,scr2012,dem,electricity
SI,h1642,3.7450212841624078,scr2012,dem,electricity
SI,h1643,3.7204251644147788,scr2012,dem,electricity
SI,h1644,3.6537815253467016,scr2012,dem,electricity
SI,h1645,3.5466486334875817,scr2012,dem,electricity
SI,h1646,3.4269021596467404,scr2012,dem,electricity
SI,h1647,3.3234671861351486,scr2012,dem,electricity
SI,h1648,3.3040213923302253,scr2012,dem,electricity
SI,h1649,3.3795842135302037,scr2012,dem,electricity
SI,h1650,3.5011228674298693,scr2012,dem,electricity
SI,h1651,3.5726276726114428,scr2012,dem,electricity
SI,h1652,3.531964204109783,scr2012,dem,electricity
SI,h1653,3.4332877173036285,scr2012,dem,electricity
SI,h1654,3.3402821326062044,scr2012,dem,electricity
SI,h1655,3.289731048670363,scr2012,dem,electricity
SI,h1656,3.242928125846804,scr2012,dem,electricity
SI,h1657,3.2030495259717737,scr2012,dem,electricity
SI,h1658,3.1526954943701195,scr2012,dem,electricity
SI,h1659,3.111922714659061,scr2012,dem,electricity
SI,h1660,3.071983588565079,scr2012,dem,electricity
SI,h1661,3.0631330742216263,scr2012,dem,electricity
SI,h1662,3.103732892658129,scr2012,dem,electricity
SI,h1663,3.181264523349205,scr2012,dem,electricity
SI,h1664,3.279800174245073,scr2012,dem,electricity
SI,h1665,3.351582360689494,scr2012,dem,electricity
SI,h1666,3.3889070367941567,scr2012,dem,electricity
SI,h1667,3.384463016282426,scr2012,dem,electricity
SI,h1668,3.3428018927527092,scr2012,dem,electricity
SI,h1669,3.2528787500285445,scr2012,dem,electricity
SI,h1670,3.1350125865905056,scr2012,dem,electricity
SI,h1671,3.024105066924737,scr2012,dem,electricity
SI,h1672,2.989590361544283,scr2012,dem,electricity
SI,h1673,3.049361573695517,scr2012,dem,electricity
SI,h1674,3.1661147102400333,scr2012,dem,electricity
SI,h1675,3.2605862393619014,scr2012,dem,electricity
SI,h1676,3.25723881812724,scr2012,dem,electricity
SI,h1677,3.189884201037672,scr2012,dem,electricity
SI,h1678,3.1071393877987132,scr2012,dem,electricity
SI,h1679,3.0523103207773734,scr2012,dem,electricity
SI,h1680,3.0038667280436946,scr2012,dem,electricity
SI,h1681,2.96152663876807,scr2012,dem,electricity
SI,h1682,2.9140071117454585,scr2012,dem,electricity
SI,h1683,2.872039376811431,scr2012,dem,electricity
SI,h1684,2.833597606690941,scr2012,dem,electricity
SI,h1685,2.8430611022761894,scr2012,dem,electricity
SI,h1686,2.9579631341495465,scr2012,dem,electricity
SI,h1687,3.165349020109255,scr2012,dem,electricity
SI,h1688,3.385525582680217,scr2012,dem,electricity
SI,h1689,3.512731792301995,scr2012,dem,electricity
SI,h1690,3.5297335479845895,scr2012,dem,electricity
SI,h1691,3.4867133112802273,scr2012,dem,electricity
SI,h1692,3.42259097825566,scr2012,dem,electricity
SI,h1693,3.3400689749617674,scr2012,dem,electricity
SI,h1694,3.2542818819492614,scr2012,dem,electricity
SI,h1695,3.179797094066219,scr2012,dem,electricity
SI,h1696,3.1640677126685457,scr2012,dem,electricity
SI,h1697,3.203423767651689,scr2012,dem,electricity
SI,h1698,3.2789450408397176,scr2012,dem,electricity
SI,h1699,3.3317578971610917,scr2012,dem,electricity
SI,h1700,3.29230067717679,scr2012,dem,electricity
SI,h1701,3.188112254652124,scr2012,dem,electricity
SI,h1702,3.052629266676871,scr2012,dem,electricity
SI,h1703,2.949758622260293,scr2012,dem,electricity
SI,h1704,2.8591490335934187,scr2012,dem,electricity
SI,h1705,2.7918323004303853,scr2012,dem,electricity
SI,h1706,2.7342767965629298,scr2012,dem,electricity
SI,h1707,2.692286800766607,scr2012,dem,electricity
SI,h1708,2.6588138220347832,scr2012,dem,electricity
SI,h1709,2.6698888660370788,scr2012,dem,electricity
SI,h1710,2.773846463141852,scr2012,dem,electricity
SI,h1711,2.9666748442228403,scr2012,dem,electricity
SI,h1712,3.17350855749345,scr2012,dem,electricity
SI,h1713,3.2994547169053847,scr2012,dem,electricity
SI,h1714,3.324183133555857,scr2012,dem,electricity
SI,h1715,3.293504789552482,scr2012,dem,electricity
SI,h1716,3.2408675319217943,scr2012,dem,electricity
SI,h1717,3.1682387360515296,scr2012,dem,electricity
SI,h1718,3.0870323084852993,scr2012,dem,electricity
SI,h1719,3.0162870059439117,scr2012,dem,electricity
SI,h1720,2.997983466956399,scr2012,dem,electricity
SI,h1721,3.0331848473874974,scr2012,dem,electricity
SI,h1722,3.1046462360363427,scr2012,dem,electricity
SI,h1723,3.1579063729192396,scr2012,dem,electricity
SI,h1724,3.1217770946693233,scr2012,dem,electricity
SI,h1725,3.02343747072944,scr2012,dem,electricity
SI,h1726,2.8924809635593034,scr2012,dem,electricity
SI,h1727,2.794534902462905,scr2012,dem,electricity
SI,h1728,2.7048505303001185,scr2012,dem,electricity
SI,h1729,2.63749494191136,scr2012,dem,electricity
SI,h1730,2.580164517143625,scr2012,dem,electricity
SI,h1731,2.539299651514187,scr2012,dem,electricity
SI,h1732,2.5086270946783475,scr2012,dem,electricity
SI,h1733,2.5224482427478816,scr2012,dem,electricity
SI,h1734,2.62673830984165,scr2012,dem,electricity
SI,h1735,2.816392039061538,scr2012,dem,electricity
SI,h1736,3.0183258910095345,scr2012,dem,electricity
SI,h1737,3.1451753746494915,scr2012,dem,electricity
SI,h1738,3.177719116028481,scr2012,dem,electricity
SI,h1739,3.160560757329639,scr2012,dem,electricity
SI,h1740,3.1222623714142195,scr2012,dem,electricity
SI,h1741,3.0670553739362374,scr2012,dem,electricity
SI,h1742,3.0022229841238888,scr2012,dem,electricity
SI,h1743,2.949464842230309,scr2012,dem,electricity
SI,h1744,2.9459348934922627,scr2012,dem,electricity
SI,h1745,2.9967665551347027,scr2012,dem,electricity
SI,h1746,3.0851600702350765,scr2012,dem,electricity
SI,h1747,3.1565710206131943,scr2012,dem,electricity
SI,h1748,3.1411750142268287,scr2012,dem,electricity
SI,h1749,3.0640991176321872,scr2012,dem,electricity
SI,h1750,2.961929904852201,scr2012,dem,electricity
SI,h1751,2.887683957790095,scr2012,dem,electricity
SI,h1752,2.824675455080633,scr2012,dem,electricity
SI,h1753,2.7755620344610445,scr2012,dem,electricity
SI,h1754,2.7393326418976995,scr2012,dem,electricity
SI,h1755,2.717057073780462,scr2012,dem,electricity
SI,h1756,2.7053958936330096,scr2012,dem,electricity
SI,h1757,2.738554191041249,scr2012,dem,electricity
SI,h1758,2.8662026015857087,scr2012,dem,electricity
SI,h1759,3.0825582067114534,scr2012,dem,electricity
SI,h1760,3.313798935552183,scr2012,dem,electricity
SI,h1761,3.462768296784812,scr2012,dem,electricity
SI,h1762,3.50791701512018,scr2012,dem,electricity
SI,h1763,3.4940129106407083,scr2012,dem,electricity
SI,h1764,3.455130177370682,scr2012,dem,electricity
SI,h1765,3.3944612915504955,scr2012,dem,electricity
SI,h1766,3.3234373593550326,scr2012,dem,electricity
SI,h1767,3.2641785112272284,scr2012,dem,electricity
SI,h1768,3.2640500991891837,scr2012,dem,electricity
SI,h1769,3.3280151134001,scr2012,dem,electricity
SI,h1770,3.4294211938910495,scr2012,dem,electricity
SI,h1771,3.501427266051061,scr2012,dem,electricity
SI,h1772,3.471943418271572,scr2012,dem,electricity
SI,h1773,3.3798454501124144,scr2012,dem,electricity
SI,h1774,3.2649975552262114,scr2012,dem,electricity
SI,h1775,3.1858987659273192,scr2012,dem,electricity
SI,h1776,3.117978147223282,scr2012,dem,electricity
SI,h1777,3.0706722356686793,scr2012,dem,electricity
SI,h1778,3.029160152669471,scr2012,dem,electricity
SI,h1779,2.9989257967272844,scr2012,dem,electricity
SI,h1780,2.9755360473292165,scr2012,dem,electricity
SI,h1781,3.001462991199386,scr2012,dem,electricity
SI,h1782,3.1283502896668605,scr2012,dem,electricity
SI,h1783,3.343548502249268,scr2012,dem,electricity
SI,h1784,3.575839909155553,scr2012,dem,electricity
SI,h1785,3.7205507826613946,scr2012,dem,electricity
SI,h1786,3.7618447645726474,scr2012,dem,electricity
SI,h1787,3.738945336751467,scr2012,dem,electricity
SI,h1788,3.6885699282760287,scr2012,dem,electricity
SI,h1789,3.609103269008597,scr2012,dem,electricity
SI,h1790,3.5159290119969864,scr2012,dem,electricity
SI,h1791,3.4392254906477113,scr2012,dem,electricity
SI,h1792,3.433972103569377,scr2012,dem,electricity
SI,h1793,3.5151664582477755,scr2012,dem,electricity
SI,h1794,3.642352195129985,scr2012,dem,electricity
SI,h1795,3.7371224570868256,scr2012,dem,electricity
SI,h1796,3.7156181614827477,scr2012,dem,electricity
SI,h1797,3.6270825400415814,scr2012,dem,electricity
SI,h1798,3.52490671674828,scr2012,dem,electricity
SI,h1799,3.469191191794128,scr2012,dem,electricity
SI,h1800,3.4287330256878232,scr2012,dem,electricity
SI,h1801,3.402140453018339,scr2012,dem,electricity
SI,h1802,3.375736665546303,scr2012,dem,electricity
SI,h1803,3.3536231133787795,scr2012,dem,electricity
SI,h1804,3.3361936809209496,scr2012,dem,electricity
SI,h1805,3.356665968701856,scr2012,dem,electricity
SI,h1806,3.4486917575192457,scr2012,dem,electricity
SI,h1807,3.598091743630015,scr2012,dem,electricity
SI,h1808,3.7702463916370537,scr2012,dem,electricity
SI,h1809,3.901825890971042,scr2012,dem,electricity
SI,h1810,3.966533919572641,scr2012,dem,electricity
SI,h1811,3.9625085336492685,scr2012,dem,electricity
SI,h1812,3.9111285637348425,scr2012,dem,electricity
SI,h1813,3.8170699779942745,scr2012,dem,electricity
SI,h1814,3.7076868212823424,scr2012,dem,electricity
SI,h1815,3.6154030157377366,scr2012,dem,electricity
SI,h1816,3.614374426511329,scr2012,dem,electricity
SI,h1817,3.719775980545346,scr2012,dem,electricity
SI,h1818,3.869346434142017,scr2012,dem,electricity
SI,h1819,3.958882541620622,scr2012,dem,electricity
SI,h1820,3.922098298834619,scr2012,dem,electricity
SI,h1821,3.8306876727402734,scr2012,dem,electricity
SI,h1822,3.7508190569713435,scr2012,dem,electricity
SI,h1823,3.715852678953765,scr2012,dem,electricity
SI,h1824,3.685619808368677,scr2012,dem,electricity
SI,h1825,3.661427490822248,scr2012,dem,electricity
SI,h1826,3.6271239457629543,scr2012,dem,electricity
SI,h1827,3.5988733510403788,scr2012,dem,electricity
SI,h1828,3.5710037912965444,scr2012,dem,electricity
SI,h1829,3.5778329974631706,scr2012,dem,electricity
SI,h1830,3.640699957158981,scr2012,dem,electricity
SI,h1831,3.742921577622684,scr2012,dem,electricity
SI,h1832,3.8651305385485393,scr2012,dem,electricity
SI,h1833,3.950519725550991,scr2012,dem,electricity
SI,h1834,3.9906880248440846,scr2012,dem,electricity
SI,h1835,3.9800283155561624,scr2012,dem,electricity
SI,h1836,3.9300531571689317,scr2012,dem,electricity
SI,h1837,3.831904111278925,scr2012,dem,electricity
SI,h1838,3.7078005876794125,scr2012,dem,electricity
SI,h1839,3.596642173492644,scr2012,dem,electricity
SI,h1840,3.5805885755233775,scr2012,dem,electricity
SI,h1841,3.683534757222623,scr2012,dem,electricity
SI,h1842,3.8449006538455834,scr2012,dem,electricity
SI,h1843,3.9646052539023984,scr2012,dem,electricity
SI,h1844,3.9621286577135044,scr2012,dem,electricity
SI,h1845,3.9016178958245096,scr2012,dem,electricity
SI,h1846,3.8406427791857642,scr2012,dem,electricity
SI,h1847,3.8137178188972776,scr2012,dem,electricity
SI,h1848,3.7943736976014373,scr2012,dem,electricity
SI,h1849,3.780387452024673,scr2012,dem,electricity
SI,h1850,3.7646917729102114,scr2012,dem,electricity
SI,h1851,3.7452242080006015,scr2012,dem,electricity
SI,h1852,3.724912619191032,scr2012,dem,electricity
SI,h1853,3.7553430117311817,scr2012,dem,electricity
SI,h1854,3.903650438780895,scr2012,dem,electricity
SI,h1855,4.152030188749218,scr2012,dem,electricity
SI,h1856,4.411928476812349,scr2012,dem,electricity
SI,h1857,4.562054124556285,scr2012,dem,electricity
SI,h1858,4.580666158503404,scr2012,dem,electricity
SI,h1859,4.5209307002731425,scr2012,dem,electricity
SI,h1860,4.434037668912202,scr2012,dem,electricity
SI,h1861,4.32396305351759,scr2012,dem,electricity
SI,h1862,4.212052008689976,scr2012,dem,electricity
SI,h1863,4.1185035394005425,scr2012,dem,electricity
SI,h1864,4.110876416123704,scr2012,dem,electricity
SI,h1865,4.195667316590923,scr2012,dem,electricity
SI,h1866,4.315104214555699,scr2012,dem,electricity
SI,h1867,4.3783964294587845,scr2012,dem,electricity
SI,h1868,4.310118574740815,scr2012,dem,electricity
SI,h1869,4.183854282244316,scr2012,dem,electricity
SI,h1870,4.051361820758999,scr2012,dem,electricity
SI,h1871,3.957160997108342,scr2012,dem,electricity
SI,h1872,3.876984906449264,scr2012,dem,electricity
SI,h1873,3.817583249023877,scr2012,dem,electricity
SI,h1874,3.770550308464021,scr2012,dem,electricity
SI,h1875,3.7285712931490274,scr2012,dem,electricity
SI,h1876,3.690837449919957,scr2012,dem,electricity
SI,h1877,3.7022722571422793,scr2012,dem,electricity
SI,h1878,3.8201267627659004,scr2012,dem,electricity
SI,h1879,4.035106543712561,scr2012,dem,electricity
SI,h1880,4.262646325930737,scr2012,dem,electricity
SI,h1881,4.391294542993587,scr2012,dem,electricity
SI,h1882,4.396257527122648,scr2012,dem,electricity
SI,h1883,4.328430417998741,scr2012,dem,electricity
SI,h1884,4.233554207498849,scr2012,dem,electricity
SI,h1885,4.118109531058537,scr2012,dem,electricity
SI,h1886,3.9990136698050724,scr2012,dem,electricity
SI,h1887,3.901287083605798,scr2012,dem,electricity
SI,h1888,3.885454756165961,scr2012,dem,electricity
SI,h1889,3.958132719013782,scr2012,dem,electricity
SI,h1890,4.06780246772934,scr2012,dem,electricity
SI,h1891,4.128674388302492,scr2012,dem,electricity
SI,h1892,4.067920755740579,scr2012,dem,electricity
SI,h1893,3.9505034561450736,scr2012,dem,electricity
SI,h1894,3.8222343651988835,scr2012,dem,electricity
SI,h1895,3.7315653986220276,scr2012,dem,electricity
SI,h1896,3.651794205353798,scr2012,dem,electricity
SI,h1897,3.594057113054421,scr2012,dem,electricity
SI,h1898,3.5492466783630063,scr2012,dem,electricity
SI,h1899,3.5119989680288906,scr2012,dem,electricity
SI,h1900,3.4806113105347367,scr2012,dem,electricity
SI,h1901,3.497978184251231,scr2012,dem,electricity
SI,h1902,3.619235144722931,scr2012,dem,electricity
SI,h1903,3.834684287790331,scr2012,dem,electricity
SI,h1904,4.061514889322882,scr2012,dem,electricity
SI,h1905,4.196182483722243,scr2012,dem,electricity
SI,h1906,4.214567589694165,scr2012,dem,electricity
SI,h1907,4.1667760367450315,scr2012,dem,electricity
SI,h1908,4.092971296407115,scr2012,dem,electricity
SI,h1909,3.9996324778673142,scr2012,dem,electricity
SI,h1910,3.9004041727660104,scr2012,dem,electricity
SI,h1911,3.8214804604273627,scr2012,dem,electricity
SI,h1912,3.8201210301453776,scr2012,dem,electricity
SI,h1913,3.9064270670812875,scr2012,dem,electricity
SI,h1914,4.0301700059492065,scr2012,dem,electricity
SI,h1915,4.104132128668218,scr2012,dem,electricity
SI,h1916,4.059519820659518,scr2012,dem,electricity
SI,h1917,3.9584399073528367,scr2012,dem,electricity
SI,h1918,3.8547196547245477,scr2012,dem,electricity
SI,h1919,3.782931437229943,scr2012,dem,electricity
SI,h1920,3.7242795079637228,scr2012,dem,electricity
SI,h1921,3.679607503682647,scr2012,dem,electricity
SI,h1922,3.6498080599646627,scr2012,dem,electricity
SI,h1923,3.6257550412991684,scr2012,dem,electricity
SI,h1924,3.6083344362654315,scr2012,dem,electricity
SI,h1925,3.639193621611174,scr2012,dem,electricity
SI,h1926,3.7771545074047794,scr2012,dem,electricity
SI,h1927,4.01247841391003,scr2012,dem,electricity
SI,h1928,4.263340205884346,scr2012,dem,electricity
SI,h1929,4.41678735136796,scr2012,dem,electricity
SI,h1930,4.445180594717819,scr2012,dem,electricity
SI,h1931,4.398487078094199,scr2012,dem,electricity
SI,h1932,4.32137549407491,scr2012,dem,electricity
SI,h1933,4.220016059574596,scr2012,dem,electricity
SI,h1934,4.112620637117671,scr2012,dem,electricity
SI,h1935,4.026097144737362,scr2012,dem,electricity
SI,h1936,4.024537349359369,scr2012,dem,electricity
SI,h1937,4.116047386668496,scr2012,dem,electricity
SI,h1938,4.244225235912923,scr2012,dem,electricity
SI,h1939,4.318428171769606,scr2012,dem,electricity
SI,h1940,4.264735327598253,scr2012,dem,electricity
SI,h1941,4.152853534562524,scr2012,dem,electricity
SI,h1942,4.033280887783291,scr2012,dem,electricity
SI,h1943,3.952064824763446,scr2012,dem,electricity
SI,h1944,3.8827955530372837,scr2012,dem,electricity
SI,h1945,3.834095948902654,scr2012,dem,electricity
SI,h1946,3.7939337941737437,scr2012,dem,electricity
SI,h1947,3.7575197851521835,scr2012,dem,electricity
SI,h1948,3.7244141629912466,scr2012,dem,electricity
SI,h1949,3.7422390364339573,scr2012,dem,electricity
SI,h1950,3.8669659767620344,scr2012,dem,electricity
SI,h1951,4.087736181576551,scr2012,dem,electricity
SI,h1952,4.319836726759452,scr2012,dem,electricity
SI,h1953,4.4550815339677605,scr2012,dem,electricity
SI,h1954,4.469151271250059,scr2012,dem,electricity
SI,h1955,4.409750020330181,scr2012,dem,electricity
SI,h1956,4.320512289210936,scr2012,dem,electricity
SI,h1957,4.199038623394851,scr2012,dem,electricity
SI,h1958,4.0663806934937154,scr2012,dem,electricity
SI,h1959,3.9537001984563993,scr2012,dem,electricity
SI,h1960,3.930739669905776,scr2012,dem,electricity
SI,h1961,4.011219395712763,scr2012,dem,electricity
SI,h1962,4.135748888723699,scr2012,dem,electricity
SI,h1963,4.208005645852123,scr2012,dem,electricity
SI,h1964,4.14544680335042,scr2012,dem,electricity
SI,h1965,4.019320491611079,scr2012,dem,electricity
SI,h1966,3.8903140791465742,scr2012,dem,electricity
SI,h1967,3.8122579142480157,scr2012,dem,electricity
SI,h1968,3.7480339552716164,scr2012,dem,electricity
SI,h1969,3.696676584914184,scr2012,dem,electricity
SI,h1970,3.645219851917023,scr2012,dem,electricity
SI,h1971,3.595544218839757,scr2012,dem,electricity
SI,h1972,3.548334180981737,scr2012,dem,electricity
SI,h1973,3.5378203457714714,scr2012,dem,electricity
SI,h1974,3.598795472682012,scr2012,dem,electricity
SI,h1975,3.717110509539097,scr2012,dem,electricity
SI,h1976,3.85793295292395,scr2012,dem,electricity
SI,h1977,3.9570321806537327,scr2012,dem,electricity
SI,h1978,3.9885064655092557,scr2012,dem,electricity
SI,h1979,3.952655700613613,scr2012,dem,electricity
SI,h1980,3.8729765138577656,scr2012,dem,electricity
SI,h1981,3.7544576716257088,scr2012,dem,electricity
SI,h1982,3.6222751820924786,scr2012,dem,electricity
SI,h1983,3.5074508566271025,scr2012,dem,electricity
SI,h1984,3.4811763538213225,scr2012,dem,electricity
SI,h1985,3.5550625780291667,scr2012,dem,electricity
SI,h1986,3.6674159674462707,scr2012,dem,electricity
SI,h1987,3.7269428647835747,scr2012,dem,electricity
SI,h1988,3.6695345803218213,scr2012,dem,electricity
SI,h1989,3.5638120611882003,scr2012,dem,electricity
SI,h1990,3.4629516030110365,scr2012,dem,electricity
SI,h1991,3.4039643245498987,scr2012,dem,electricity
SI,h1992,3.3460787980363933,scr2012,dem,electricity
SI,h1993,3.293794141222169,scr2012,dem,electricity
SI,h1994,3.2312802937734157,scr2012,dem,electricity
SI,h1995,3.179844238187713,scr2012,dem,electricity
SI,h1996,3.1314434053299176,scr2012,dem,electricity
SI,h1997,3.1136519461324115,scr2012,dem,electricity
SI,h1998,3.145882690262396,scr2012,dem,electricity
SI,h1999,3.219399692531924,scr2012,dem,electricity
SI,h2000,3.3124760493982994,scr2012,dem,electricity
SI,h2001,3.3761151693763876,scr2012,dem,electricity
SI,h2002,3.4003149956036576,scr2012,dem,electricity
SI,h2003,3.3852448200990004,scr2012,dem,electricity
SI,h2004,3.3351769843315564,scr2012,dem,electricity
SI,h2005,3.2387901798811223,scr2012,dem,electricity
SI,h2006,3.1162739381409725,scr2012,dem,electricity
SI,h2007,2.998630942016409,scr2012,dem,electricity
SI,h2008,2.95726725947831,scr2012,dem,electricity
SI,h2009,3.0034412885541975,scr2012,dem,electricity
SI,h2010,3.093652989321537,scr2012,dem,electricity
SI,h2011,3.138269283319193,scr2012,dem,electricity
SI,h2012,3.138130175386651,scr2012,dem,electricity
SI,h2013,3.10520698033482,scr2012,dem,electricity
SI,h2014,3.0818001160570274,scr2012,dem,electricity
SI,h2015,3.0401173567766646,scr2012,dem,electricity
SI,h2016,2.9909290135390525,scr2012,dem,electricity
SI,h2017,2.9460174786193907,scr2012,dem,electricity
SI,h2018,2.897642034485432,scr2012,dem,electricity
SI,h2019,2.8540812640595683,scr2012,dem,electricity
SI,h2020,2.8155158912726277,scr2012,dem,electricity
SI,h2021,2.8231951558570634,scr2012,dem,electricity
SI,h2022,2.9330808142612903,scr2012,dem,electricity
SI,h2023,3.1439822472877954,scr2012,dem,electricity
SI,h2024,3.37441056820433,scr2012,dem,electricity
SI,h2025,3.5170984682262905,scr2012,dem,electricity
SI,h2026,3.5431262632614877,scr2012,dem,electricity
SI,h2027,3.505823081693945,scr2012,dem,electricity
SI,h2028,3.4470331086224952,scr2012,dem,electricity
SI,h2029,3.3653684098600487,scr2012,dem,electricity
SI,h2030,3.2770429617895727,scr2012,dem,electricity
SI,h2031,3.196576401986602,scr2012,dem,electricity
SI,h2032,3.171031703602639,scr2012,dem,electricity
SI,h2033,3.2005663149446284,scr2012,dem,electricity
SI,h2034,3.251378305416424,scr2012,dem,electricity
SI,h2035,3.2561907675863027,scr2012,dem,electricity
SI,h2036,3.2196288393965866,scr2012,dem,electricity
SI,h2037,3.1487576185617536,scr2012,dem,electricity
SI,h2038,3.076887553891183,scr2012,dem,electricity
SI,h2039,2.9838204277601656,scr2012,dem,electricity
SI,h2040,2.8874039911574263,scr2012,dem,electricity
SI,h2041,2.8111373301258187,scr2012,dem,electricity
SI,h2042,2.744252678460139,scr2012,dem,electricity
SI,h2043,2.6937342083222124,scr2012,dem,electricity
SI,h2044,2.6533303322599586,scr2012,dem,electricity
SI,h2045,2.6568424494376064,scr2012,dem,electricity
SI,h2046,2.7532954481223513,scr2012,dem,electricity
SI,h2047,2.948463067885554,scr2012,dem,electricity
SI,h2048,3.1656186528471095,scr2012,dem,electricity
SI,h2049,3.3049103430886766,scr2012,dem,electricity
SI,h2050,3.333438315581771,scr2012,dem,electricity
SI,h2051,3.3031501763699773,scr2012,dem,electricity
SI,h2052,3.250106601272172,scr2012,dem,electricity
SI,h2053,3.172774028035327,scr2012,dem,electricity
SI,h2054,3.0885837191036876,scr2012,dem,electricity
SI,h2055,3.0116293530627485,scr2012,dem,electricity
SI,h2056,2.988134273448027,scr2012,dem,electricity
SI,h2057,3.0108717186638616,scr2012,dem,electricity
SI,h2058,3.0547067831386516,scr2012,dem,electricity
SI,h2059,3.0544207862344104,scr2012,dem,electricity
SI,h2060,3.0224925100215474,scr2012,dem,electricity
SI,h2061,2.955412153907353,scr2012,dem,electricity
SI,h2062,2.881252956772638,scr2012,dem,electricity
SI,h2063,2.7862943425657067,scr2012,dem,electricity
SI,h2064,2.6867434988194585,scr2012,dem,electricity
SI,h2065,2.6116443855582565,scr2012,dem,electricity
SI,h2066,2.5445575945999073,scr2012,dem,electricity
SI,h2067,2.4959683883573565,scr2012,dem,electricity
SI,h2068,2.458684137208479,scr2012,dem,electricity
SI,h2069,2.464814774438535,scr2012,dem,electricity
SI,h2070,2.5617247447145357,scr2012,dem,electricity
SI,h2071,2.7534771010886745,scr2012,dem,electricity
SI,h2072,2.9650038470087505,scr2012,dem,electricity
SI,h2073,3.1038129862913473,scr2012,dem,electricity
SI,h2074,3.139324495014355,scr2012,dem,electricity
SI,h2075,3.1220780830576405,scr2012,dem,electricity
SI,h2076,3.0837633271742173,scr2012,dem,electricity
SI,h2077,3.0236771750082623,scr2012,dem,electricity
SI,h2078,2.956530436722804,scr2012,dem,electricity
SI,h2079,2.896693830737763,scr2012,dem,electricity
SI,h2080,2.885625393337522,scr2012,dem,electricity
SI,h2081,2.9185130204575445,scr2012,dem,electricity
SI,h2082,2.9728838824094637,scr2012,dem,electricity
SI,h2083,2.986693845414692,scr2012,dem,electricity
SI,h2084,2.9727057842528666,scr2012,dem,electricity
SI,h2085,2.9240994163517344,scr2012,dem,electricity
SI,h2086,2.872298553291201,scr2012,dem,electricity
SI,h2087,2.79453523094625,scr2012,dem,electricity
SI,h2088,2.7137291826684145,scr2012,dem,electricity
SI,h2089,2.6488817263191713,scr2012,dem,electricity
SI,h2090,2.5936829949047535,scr2012,dem,electricity
SI,h2091,2.5549375425081906,scr2012,dem,electricity
SI,h2092,2.5280721285803187,scr2012,dem,electricity
SI,h2093,2.543577758552921,scr2012,dem,electricity
SI,h2094,2.6519887650197536,scr2012,dem,electricity
SI,h2095,2.8566683757236233,scr2012,dem,electricity
SI,h2096,3.0834039477006554,scr2012,dem,electricity
SI,h2097,3.2325802449771284,scr2012,dem,electricity
SI,h2098,3.272152509732772,scr2012,dem,electricity
SI,h2099,3.2524096122800814,scr2012,dem,electricity
SI,h2100,3.2085749126962653,scr2012,dem,electricity
SI,h2101,3.138407790256469,scr2012,dem,electricity
SI,h2102,3.059973352838853,scr2012,dem,electricity
SI,h2103,2.986950013773423,scr2012,dem,electricity
SI,h2104,2.9653225310892384,scr2012,dem,electricity
SI,h2105,2.9875695080545133,scr2012,dem,electricity
SI,h2106,3.028613928287188,scr2012,dem,electricity
SI,h2107,3.028450200091118,scr2012,dem,electricity
SI,h2108,2.996346683691884,scr2012,dem,electricity
SI,h2109,2.9288752271626732,scr2012,dem,electricity
SI,h2110,2.8503674583907963,scr2012,dem,electricity
SI,h2111,2.7511014950604595,scr2012,dem,electricity
SI,h2112,2.6461272508865847,scr2012,dem,electricity
SI,h2113,2.5624597903088975,scr2012,dem,electricity
SI,h2114,2.4835275427070376,scr2012,dem,electricity
SI,h2115,2.4212137520469277,scr2012,dem,electricity
SI,h2116,2.370147450495181,scr2012,dem,electricity
SI,h2117,2.36207539536352,scr2012,dem,electricity
SI,h2118,2.4402046042918943,scr2012,dem,electricity
SI,h2119,2.6111124996141784,scr2012,dem,electricity
SI,h2120,2.7984281644300144,scr2012,dem,electricity
SI,h2121,2.9174031765667903,scr2012,dem,electricity
SI,h2122,2.9367811863380546,scr2012,dem,electricity
SI,h2123,2.906016583354318,scr2012,dem,electricity
SI,h2124,2.854324440896099,scr2012,dem,electricity
SI,h2125,2.77346548074768,scr2012,dem,electricity
SI,h2126,2.680605959423804,scr2012,dem,electricity
SI,h2127,2.5902804771250003,scr2012,dem,electricity
SI,h2128,2.548395690517024,scr2012,dem,electricity
SI,h2129,2.550026990186745,scr2012,dem,electricity
SI,h2130,2.579672643235477,scr2012,dem,electricity
SI,h2131,2.5823152972541887,scr2012,dem,electricity
SI,h2132,2.5556591204423906,scr2012,dem,electricity
SI,h2133,2.4889658898329254,scr2012,dem,electricity
SI,h2134,2.4093161122531894,scr2012,dem,electricity
SI,h2135,2.3219429742687225,scr2012,dem,electricity
SI,h2136,2.2299386010846245,scr2012,dem,electricity
SI,h2137,2.1511626420449885,scr2012,dem,electricity
SI,h2138,2.0672173945404024,scr2012,dem,electricity
SI,h2139,2.0011823121947234,scr2012,dem,electricity
SI,h2140,1.9444571146721408,scr2012,dem,electricity
SI,h2141,1.91651682390974,scr2012,dem,electricity
SI,h2142,1.9351340984462062,scr2012,dem,electricity
SI,h2143,2.002776048135827,scr2012,dem,electricity
SI,h2144,2.0991057310805337,scr2012,dem,electricity
SI,h2145,2.1848551059886816,scr2012,dem,electricity
SI,h2146,2.233199248458789,scr2012,dem,electricity
SI,h2147,2.242765682505018,scr2012,dem,electricity
SI,h2148,2.219225640089277,scr2012,dem,electricity
SI,h2149,2.159407272716842,scr2012,dem,electricity
SI,h2150,2.0798461817532146,scr2012,dem,electricity
SI,h2151,1.997136303981458,scr2012,dem,electricity
SI,h2152,1.954337725258736,scr2012,dem,electricity
SI,h2153,1.9452903124341636,scr2012,dem,electricity
SI,h2154,1.9575646008980943,scr2012,dem,electricity
SI,h2155,1.9463437983252554,scr2012,dem,electricity
SI,h2156,1.9293208613915278,scr2012,dem,electricity
SI,h2157,1.8885676536660627,scr2012,dem,electricity
SI,h2158,1.8406031218212437,scr2012,dem,electricity
SI,h2159,1.77476466005478,scr2012,dem,electricity
SI,h2160,1.6910432461562896,scr2012,dem,electricity
SK,h1441,9.231653983363598,scr2012,dem,electricity
SK,h1442,9.208638394115955,scr2012,dem,electricity
SK,h1443,9.150840325395462,scr2012,dem,electricity
SK,h1444,9.096920381509905,scr2012,dem,electricity
SK,h1445,9.138656397025649,scr2012,dem,electricity
SK,h1446,9.348290661874495,scr2012,dem,electricity
SK,h1447,9.707956607207196,scr2012,dem,electricity
SK,h1448,10.06668430855876,scr2012,dem,electricity
SK,h1449,10.271265205823498,scr2012,dem,electricity
SK,h1450,10.259461012443722,scr2012,dem,electricity
SK,h1451,10.089204465794943,scr2012,dem,electricity
SK,h1452,9.852644857904641,scr2012,dem,electricity
SK,h1453,9.596648084896447,scr2012,dem,electricity
SK,h1454,9.36636982584665,scr2012,dem,electricity
SK,h1455,9.205127255942712,scr2012,dem,electricity
SK,h1456,9.214209762979202,scr2012,dem,electricity
SK,h1457,9.457199301555853,scr2012,dem,electricity
SK,h1458,9.783542923643072,scr2012,dem,electricity
SK,h1459,9.94670308040195,scr2012,dem,electricity
SK,h1460,9.85834770685556,scr2012,dem,electricity
SK,h1461,9.70323668021458,scr2012,dem,electricity
SK,h1462,9.597296678625169,scr2012,dem,electricity
SK,h1463,9.516766824995006,scr2012,dem,electricity
SK,h1464,9.443255481684506,scr2012,dem,electricity
SK,h1465,9.387699592457075,scr2012,dem,electricity
SK,h1466,9.357670163168677,scr2012,dem,electricity
SK,h1467,9.293389080626412,scr2012,dem,electricity
SK,h1468,9.246230964734387,scr2012,dem,electricity
SK,h1469,9.285688536142404,scr2012,dem,electricity
SK,h1470,9.449965846173697,scr2012,dem,electricity
SK,h1471,9.695950920420511,scr2012,dem,electricity
SK,h1472,9.941020418206396,scr2012,dem,electricity
SK,h1473,10.086938653425777,scr2012,dem,electricity
SK,h1474,10.11645557766768,scr2012,dem,electricity
SK,h1475,10.029576974166885,scr2012,dem,electricity
SK,h1476,9.872333773665547,scr2012,dem,electricity
SK,h1477,9.641342118073851,scr2012,dem,electricity
SK,h1478,9.378515697785193,scr2012,dem,electricity
SK,h1479,9.156287533141938,scr2012,dem,electricity
SK,h1480,9.135381051411448,scr2012,dem,electricity
SK,h1481,9.410385043999907,scr2012,dem,electricity
SK,h1482,9.76961676246739,scr2012,dem,electricity
SK,h1483,9.957915513248963,scr2012,dem,electricity
SK,h1484,9.862370608656686,scr2012,dem,electricity
SK,h1485,9.725263073264466,scr2012,dem,electricity
SK,h1486,9.648466169042559,scr2012,dem,electricity
SK,h1487,9.606145785931282,scr2012,dem,electricity
SK,h1488,9.564800095031298,scr2012,dem,electricity
SK,h1489,9.544605197768508,scr2012,dem,electricity
SK,h1490,9.546406768445095,scr2012,dem,electricity
SK,h1491,9.511138951528766,scr2012,dem,electricity
SK,h1492,9.47259151976979,scr2012,dem,electricity
SK,h1493,9.513682195314342,scr2012,dem,electricity
SK,h1494,9.677178287272524,scr2012,dem,electricity
SK,h1495,9.918247265134944,scr2012,dem,electricity
SK,h1496,10.160833691970735,scr2012,dem,electricity
SK,h1497,10.31334683390356,scr2012,dem,electricity
SK,h1498,10.36289464518304,scr2012,dem,electricity
SK,h1499,10.302053030045933,scr2012,dem,electricity
SK,h1500,10.143882898402458,scr2012,dem,electricity
SK,h1501,9.873804769888807,scr2012,dem,electricity
SK,h1502,9.551192964766788,scr2012,dem,electricity
SK,h1503,9.28505827848335,scr2012,dem,electricity
SK,h1504,9.252926017369838,scr2012,dem,electricity
SK,h1505,9.537783552958638,scr2012,dem,electricity
SK,h1506,9.919046451629075,scr2012,dem,electricity
SK,h1507,10.131299498032396,scr2012,dem,electricity
SK,h1508,10.061635670261884,scr2012,dem,electricity
SK,h1509,9.943356629830886,scr2012,dem,electricity
SK,h1510,9.873992783939748,scr2012,dem,electricity
SK,h1511,9.830733635951088,scr2012,dem,electricity
SK,h1512,9.782781414213865,scr2012,dem,electricity
SK,h1513,9.774289495116847,scr2012,dem,electricity
SK,h1514,9.789946460366101,scr2012,dem,electricity
SK,h1515,9.765325235914382,scr2012,dem,electricity
SK,h1516,9.72036420747732,scr2012,dem,electricity
SK,h1517,9.776650357179205,scr2012,dem,electricity
SK,h1518,10.020844239635151,scr2012,dem,electricity
SK,h1519,10.452090206210062,scr2012,dem,electricity
SK,h1520,10.88146671685053,scr2012,dem,electricity
SK,h1521,11.1366586203857,scr2012,dem,electricity
SK,h1522,11.126605469407336,scr2012,dem,electricity
SK,h1523,10.936255815141877,scr2012,dem,electricity
SK,h1524,10.667862198090603,scr2012,dem,electricity
SK,h1525,10.390573582764702,scr2012,dem,electricity
SK,h1526,10.144366497904478,scr2012,dem,electricity
SK,h1527,9.977019438959081,scr2012,dem,electricity
SK,h1528,9.998053654176081,scr2012,dem,electricity
SK,h1529,10.288397400993622,scr2012,dem,electricity
SK,h1530,10.663214871429815,scr2012,dem,electricity
SK,h1531,10.850192972844289,scr2012,dem,electricity
SK,h1532,10.758697091359819,scr2012,dem,electricity
SK,h1533,10.606241179704599,scr2012,dem,electricity
SK,h1534,10.516690027780363,scr2012,dem,electricity
SK,h1535,10.448796195891795,scr2012,dem,electricity
SK,h1536,10.39121635370337,scr2012,dem,electricity
SK,h1537,10.363067888125403,scr2012,dem,electricity
SK,h1538,10.376671577262375,scr2012,dem,electricity
SK,h1539,10.34718529914545,scr2012,dem,electricity
SK,h1540,10.31779032094313,scr2012,dem,electricity
SK,h1541,10.391700070203257,scr2012,dem,electricity
SK,h1542,10.653444433437322,scr2012,dem,electricity
SK,h1543,11.08801455171812,scr2012,dem,electricity
SK,h1544,11.51038008066594,scr2012,dem,electricity
SK,h1545,11.746879437170408,scr2012,dem,electricity
SK,h1546,11.724675459642306,scr2012,dem,electricity
SK,h1547,11.523407489279712,scr2012,dem,electricity
SK,h1548,11.244539687173457,scr2012,dem,electricity
SK,h1549,10.95245214493975,scr2012,dem,electricity
SK,h1550,10.686769614019118,scr2012,dem,electricity
SK,h1551,10.509061988130407,scr2012,dem,electricity
SK,h1552,10.534961982465619,scr2012,dem,electricity
SK,h1553,10.853950260503309,scr2012,dem,electricity
SK,h1554,11.259592040525508,scr2012,dem,electricity
SK,h1555,11.461078621698329,scr2012,dem,electricity
SK,h1556,11.360438755195515,scr2012,dem,electricity
SK,h1557,11.196105026308425,scr2012,dem,electricity
SK,h1558,11.104218597761328,scr2012,dem,electricity
SK,h1559,11.039812672865072,scr2012,dem,electricity
SK,h1560,10.98438036148905,scr2012,dem,electricity
SK,h1561,10.95743130770122,scr2012,dem,electricity
SK,h1562,10.969493120895708,scr2012,dem,electricity
SK,h1563,10.931512030296961,scr2012,dem,electricity
SK,h1564,10.889365145782026,scr2012,dem,electricity
SK,h1565,10.953962477652064,scr2012,dem,electricity
SK,h1566,11.213260714818682,scr2012,dem,electricity
SK,h1567,11.6471774068102,scr2012,dem,electricity
SK,h1568,12.063184987863492,scr2012,dem,electricity
SK,h1569,12.283460116796489,scr2012,dem,electricity
SK,h1570,12.233074823877025,scr2012,dem,electricity
SK,h1571,11.999425875406036,scr2012,dem,electricity
SK,h1572,11.68746806266241,scr2012,dem,electricity
SK,h1573,11.364257666986605,scr2012,dem,electricity
SK,h1574,11.069861923317534,scr2012,dem,electricity
SK,h1575,10.866394655388433,scr2012,dem,electricity
SK,h1576,10.876280918089023,scr2012,dem,electricity
SK,h1577,11.188955754397563,scr2012,dem,electricity
SK,h1578,11.588384573702823,scr2012,dem,electricity
SK,h1579,11.774443351505704,scr2012,dem,electricity
SK,h1580,11.646014903001829,scr2012,dem,electricity
SK,h1581,11.45524762137286,scr2012,dem,electricity
SK,h1582,11.343085276407539,scr2012,dem,electricity
SK,h1583,11.261572871182,scr2012,dem,electricity
SK,h1584,11.187789225931363,scr2012,dem,electricity
SK,h1585,11.140661041138712,scr2012,dem,electricity
SK,h1586,11.13265948563305,scr2012,dem,electricity
SK,h1587,11.07298404304156,scr2012,dem,electricity
SK,h1588,11.006823955370844,scr2012,dem,electricity
SK,h1589,11.047437667017206,scr2012,dem,electricity
SK,h1590,11.282342291591887,scr2012,dem,electricity
SK,h1591,11.689407160079112,scr2012,dem,electricity
SK,h1592,12.073682168224467,scr2012,dem,electricity
SK,h1593,12.261493215755358,scr2012,dem,electricity
SK,h1594,12.182622092272952,scr2012,dem,electricity
SK,h1595,11.925885050456559,scr2012,dem,electricity
SK,h1596,11.593521530396949,scr2012,dem,electricity
SK,h1597,11.24892038402011,scr2012,dem,electricity
SK,h1598,10.934098832425386,scr2012,dem,electricity
SK,h1599,10.71027162945767,scr2012,dem,electricity
SK,h1600,10.69740595667331,scr2012,dem,electricity
SK,h1601,10.980170786845267,scr2012,dem,electricity
SK,h1602,11.343772650120275,scr2012,dem,electricity
SK,h1603,11.506389817651435,scr2012,dem,electricity
SK,h1604,11.364326859219478,scr2012,dem,electricity
SK,h1605,11.162787260090658,scr2012,dem,electricity
SK,h1606,11.02847982758158,scr2012,dem,electricity
SK,h1607,10.922966543302618,scr2012,dem,electricity
SK,h1608,10.825801275288251,scr2012,dem,electricity
SK,h1609,10.756203388175466,scr2012,dem,electricity
SK,h1610,10.723800791447587,scr2012,dem,electricity
SK,h1611,10.642843873093973,scr2012,dem,electricity
SK,h1612,10.556962716732723,scr2012,dem,electricity
SK,h1613,10.573448751802594,scr2012,dem,electricity
SK,h1614,10.773861495610156,scr2012,dem,electricity
SK,h1615,11.138470943165732,scr2012,dem,electricity
SK,h1616,11.494696299970874,scr2012,dem,electricity
SK,h1617,11.671704071399535,scr2012,dem,electricity
SK,h1618,11.596904359471912,scr2012,dem,electricity
SK,h1619,11.347039512834607,scr2012,dem,electricity
SK,h1620,11.022504821904237,scr2012,dem,electricity
SK,h1621,10.686287501515974,scr2012,dem,electricity
SK,h1622,10.381355129390242,scr2012,dem,electricity
SK,h1623,10.162660701286718,scr2012,dem,electricity
SK,h1624,10.14392100033197,scr2012,dem,electricity
SK,h1625,10.392877452968605,scr2012,dem,electricity
SK,h1626,10.7195493582956,scr2012,dem,electricity
SK,h1627,10.858095360911504,scr2012,dem,electricity
SK,h1628,10.716902277079956,scr2012,dem,electricity
SK,h1629,10.51509879553644,scr2012,dem,electricity
SK,h1630,10.377540730385178,scr2012,dem,electricity
SK,h1631,10.266323247229144,scr2012,dem,electricity
SK,h1632,10.168522844927336,scr2012,dem,electricity
SK,h1633,10.086883383391603,scr2012,dem,electricity
SK,h1634,10.033435606382344,scr2012,dem,electricity
SK,h1635,9.937060842494118,scr2012,dem,electricity
SK,h1636,9.852857967643214,scr2012,dem,electricity
SK,h1637,9.859534480617226,scr2012,dem,electricity
SK,h1638,9.997245024302055,scr2012,dem,electricity
SK,h1639,10.222996502425127,scr2012,dem,electricity
SK,h1640,10.449171870068932,scr2012,dem,electricity
SK,h1641,10.568019977189513,scr2012,dem,electricity
SK,h1642,10.550382251107504,scr2012,dem,electricity
SK,h1643,10.401767049914389,scr2012,dem,electricity
SK,h1644,10.181829633569707,scr2012,dem,electricity
SK,h1645,9.89662450742786,scr2012,dem,electricity
SK,h1646,9.587611533683926,scr2012,dem,electricity
SK,h1647,9.3240506861671,scr2012,dem,electricity
SK,h1648,9.26598511871744,scr2012,dem,electricity
SK,h1649,9.505509872666648,scr2012,dem,electricity
SK,h1650,9.8270080530347,scr2012,dem,electricity
SK,h1651,9.973164831633389,scr2012,dem,electricity
SK,h1652,9.841514891291842,scr2012,dem,electricity
SK,h1653,9.66805317151049,scr2012,dem,electricity
SK,h1654,9.557662325628932,scr2012,dem,electricity
SK,h1655,9.474393514568867,scr2012,dem,electricity
SK,h1656,9.391619824728213,scr2012,dem,electricity
SK,h1657,9.330649466765236,scr2012,dem,electricity
SK,h1658,9.290865124017515,scr2012,dem,electricity
SK,h1659,9.216414821572048,scr2012,dem,electricity
SK,h1660,9.13878899154905,scr2012,dem,electricity
SK,h1661,9.139049131178204,scr2012,dem,electricity
SK,h1662,9.25370946115327,scr2012,dem,electricity
SK,h1663,9.442909930690549,scr2012,dem,electricity
SK,h1664,9.639110685397627,scr2012,dem,electricity
SK,h1665,9.759973458268945,scr2012,dem,electricity
SK,h1666,9.789333817215947,scr2012,dem,electricity
SK,h1667,9.715016280135673,scr2012,dem,electricity
SK,h1668,9.546505969682748,scr2012,dem,electricity
SK,h1669,9.271189657770332,scr2012,dem,electricity
SK,h1670,8.946351930251362,scr2012,dem,electricity
SK,h1671,8.674824958711527,scr2012,dem,electricity
SK,h1672,8.62085747499094,scr2012,dem,electricity
SK,h1673,8.861118462970605,scr2012,dem,electricity
SK,h1674,9.184824298903125,scr2012,dem,electricity
SK,h1675,9.359215586551956,scr2012,dem,electricity
SK,h1676,9.282411269709225,scr2012,dem,electricity
SK,h1677,9.161349882567764,scr2012,dem,electricity
SK,h1678,9.084683868755214,scr2012,dem,electricity
SK,h1679,9.01718924259803,scr2012,dem,electricity
SK,h1680,8.941089059748414,scr2012,dem,electricity
SK,h1681,8.89417702532368,scr2012,dem,electricity
SK,h1682,8.87173856068289,scr2012,dem,electricity
SK,h1683,8.81882567355132,scr2012,dem,electricity
SK,h1684,8.75101626186024,scr2012,dem,electricity
SK,h1685,8.774558406528199,scr2012,dem,electricity
SK,h1686,8.961625274938202,scr2012,dem,electricity
SK,h1687,9.318944469858351,scr2012,dem,electricity
SK,h1688,9.679941834422612,scr2012,dem,electricity
SK,h1689,9.891338960409058,scr2012,dem,electricity
SK,h1690,9.854582066624287,scr2012,dem,electricity
SK,h1691,9.647065865294135,scr2012,dem,electricity
SK,h1692,9.369102992115469,scr2012,dem,electricity
SK,h1693,9.092291295042132,scr2012,dem,electricity
SK,h1694,8.844957829206024,scr2012,dem,electricity
SK,h1695,8.659662158590342,scr2012,dem,electricity
SK,h1696,8.615406442274322,scr2012,dem,electricity
SK,h1697,8.778066071815187,scr2012,dem,electricity
SK,h1698,9.000048594071009,scr2012,dem,electricity
SK,h1699,9.09694903849865,scr2012,dem,electricity
SK,h1700,8.987098029736531,scr2012,dem,electricity
SK,h1701,8.821729947292036,scr2012,dem,electricity
SK,h1702,8.664369495570087,scr2012,dem,electricity
SK,h1703,8.502530583951676,scr2012,dem,electricity
SK,h1704,8.348566088864734,scr2012,dem,electricity
SK,h1705,8.21944683787393,scr2012,dem,electricity
SK,h1706,8.125524580731204,scr2012,dem,electricity
SK,h1707,8.006018266216758,scr2012,dem,electricity
SK,h1708,7.902435249496592,scr2012,dem,electricity
SK,h1709,7.8880354531076975,scr2012,dem,electricity
SK,h1710,8.017005949548086,scr2012,dem,electricity
SK,h1711,8.292130087399848,scr2012,dem,electricity
SK,h1712,8.567191944010094,scr2012,dem,electricity
SK,h1713,8.717189775266448,scr2012,dem,electricity
SK,h1714,8.671359636505242,scr2012,dem,electricity
SK,h1715,8.493526194230514,scr2012,dem,electricity
SK,h1716,8.264692599241032,scr2012,dem,electricity
SK,h1717,8.035121053445042,scr2012,dem,electricity
SK,h1718,7.834898973644687,scr2012,dem,electricity
SK,h1719,7.692274643082799,scr2012,dem,electricity
SK,h1720,7.6679517350963895,scr2012,dem,electricity
SK,h1721,7.8159388995332275,scr2012,dem,electricity
SK,h1722,8.02085281994095,scr2012,dem,electricity
SK,h1723,8.133480374900348,scr2012,dem,electricity
SK,h1724,8.081398564944385,scr2012,dem,electricity
SK,h1725,7.976334783357393,scr2012,dem,electricity
SK,h1726,7.862011895818229,scr2012,dem,electricity
SK,h1727,7.7317890653942,scr2012,dem,electricity
SK,h1728,7.601480742388174,scr2012,dem,electricity
SK,h1729,7.509553928958918,scr2012,dem,electricity
SK,h1730,7.454364065446634,scr2012,dem,electricity
SK,h1731,7.387325176465765,scr2012,dem,electricity
SK,h1732,7.33381714138756,scr2012,dem,electricity
SK,h1733,7.368808905260297,scr2012,dem,electricity
SK,h1734,7.540782283150074,scr2012,dem,electricity
SK,h1735,7.856347809335929,scr2012,dem,electricity
SK,h1736,8.175343381223081,scr2012,dem,electricity
SK,h1737,8.38028004533305,scr2012,dem,electricity
SK,h1738,8.393102935083478,scr2012,dem,electricity
SK,h1739,8.275726949605119,scr2012,dem,electricity
SK,h1740,8.104147251970044,scr2012,dem,electricity
SK,h1741,7.92737287919287,scr2012,dem,electricity
SK,h1742,7.77377429420603,scr2012,dem,electricity
SK,h1743,7.671012396406579,scr2012,dem,electricity
SK,h1744,7.684117565122131,scr2012,dem,electricity
SK,h1745,7.870299213973855,scr2012,dem,electricity
SK,h1746,8.115498415118054,scr2012,dem,electricity
SK,h1747,8.265275130207675,scr2012,dem,electricity
SK,h1748,8.24496002161177,scr2012,dem,electricity
SK,h1749,8.17021667708738,scr2012,dem,electricity
SK,h1750,8.089510443370797,scr2012,dem,electricity
SK,h1751,7.993471456124457,scr2012,dem,electricity
SK,h1752,7.896108665813355,scr2012,dem,electricity
SK,h1753,7.834669276962667,scr2012,dem,electricity
SK,h1754,7.809810693957896,scr2012,dem,electricity
SK,h1755,7.769816068719099,scr2012,dem,electricity
SK,h1756,7.7404603200003335,scr2012,dem,electricity
SK,h1757,7.8013247182026575,scr2012,dem,electricity
SK,h1758,8.00522960579093,scr2012,dem,electricity
SK,h1759,8.355334744418053,scr2012,dem,electricity
SK,h1760,8.702535383542113,scr2012,dem,electricity
SK,h1761,8.925418971587147,scr2012,dem,electricity
SK,h1762,8.947208715474758,scr2012,dem,electricity
SK,h1763,8.835319422070762,scr2012,dem,electricity
SK,h1764,8.666166448951506,scr2012,dem,electricity
SK,h1765,8.487585752896896,scr2012,dem,electricity
SK,h1766,8.331487076070484,scr2012,dem,electricity
SK,h1767,8.231997496487567,scr2012,dem,electricity
SK,h1768,8.266083165267618,scr2012,dem,electricity
SK,h1769,8.496695047285773,scr2012,dem,electricity
SK,h1770,8.785988095128399,scr2012,dem,electricity
SK,h1771,8.96216576738098,scr2012,dem,electricity
SK,h1772,8.942404729646668,scr2012,dem,electricity
SK,h1773,8.870742357105348,scr2012,dem,electricity
SK,h1774,8.805432978964522,scr2012,dem,electricity
SK,h1775,8.732788853467524,scr2012,dem,electricity
SK,h1776,8.663224981340006,scr2012,dem,electricity
SK,h1777,8.62770708549671,scr2012,dem,electricity
SK,h1778,8.628325584403695,scr2012,dem,electricity
SK,h1779,8.604788916372572,scr2012,dem,electricity
SK,h1780,8.587385411543222,scr2012,dem,electricity
SK,h1781,8.661788589410872,scr2012,dem,electricity
SK,h1782,8.88850086050712,scr2012,dem,electricity
SK,h1783,9.27189965262108,scr2012,dem,electricity
SK,h1784,9.658581879067638,scr2012,dem,electricity
SK,h1785,9.908339807060537,scr2012,dem,electricity
SK,h1786,9.928678271272226,scr2012,dem,electricity
SK,h1787,9.795528232419386,scr2012,dem,electricity
SK,h1788,9.592473152809953,scr2012,dem,electricity
SK,h1789,9.377963526206331,scr2012,dem,electricity
SK,h1790,9.181516468268748,scr2012,dem,electricity
SK,h1791,9.049047216381721,scr2012,dem,electricity
SK,h1792,9.083645252514863,scr2012,dem,electricity
SK,h1793,9.348470816855903,scr2012,dem,electricity
SK,h1794,9.681838561035914,scr2012,dem,electricity
SK,h1795,9.861926653389373,scr2012,dem,electricity
SK,h1796,9.810428956805751,scr2012,dem,electricity
SK,h1797,9.700853176929119,scr2012,dem,electricity
SK,h1798,9.632704276393277,scr2012,dem,electricity
SK,h1799,9.56924039306579,scr2012,dem,electricity
SK,h1800,9.521221840422074,scr2012,dem,electricity
SK,h1801,9.490126540232971,scr2012,dem,electricity
SK,h1802,9.48800788555143,scr2012,dem,electricity
SK,h1803,9.447292790182358,scr2012,dem,electricity
SK,h1804,9.419917704095807,scr2012,dem,electricity
SK,h1805,9.481306473909866,scr2012,dem,electricity
SK,h1806,9.667150347054829,scr2012,dem,electricity
SK,h1807,9.944008482692658,scr2012,dem,electricity
SK,h1808,10.22845910702633,scr2012,dem,electricity
SK,h1809,10.416725493685037,scr2012,dem,electricity
SK,h1810,10.46073159755486,scr2012,dem,electricity
SK,h1811,10.364593718807187,scr2012,dem,electricity
SK,h1812,10.190623960237135,scr2012,dem,electricity
SK,h1813,9.950840044706673,scr2012,dem,electricity
SK,h1814,9.687166495748697,scr2012,dem,electricity
SK,h1815,9.466414679017177,scr2012,dem,electricity
SK,h1816,9.454318525373612,scr2012,dem,electricity
SK,h1817,9.745955924895632,scr2012,dem,electricity
SK,h1818,10.118834282889988,scr2012,dem,electricity
SK,h1819,10.306845777728917,scr2012,dem,electricity
SK,h1820,10.211587073244033,scr2012,dem,electricity
SK,h1821,10.076676045101227,scr2012,dem,electricity
SK,h1822,10.013374107935464,scr2012,dem,electricity
SK,h1823,9.97375861082708,scr2012,dem,electricity
SK,h1824,9.936526831760192,scr2012,dem,electricity
SK,h1825,9.921894685551768,scr2012,dem,electricity
SK,h1826,9.929610899140215,scr2012,dem,electricity
SK,h1827,9.895756596768015,scr2012,dem,electricity
SK,h1828,9.852980407106198,scr2012,dem,electricity
SK,h1829,9.891276178389683,scr2012,dem,electricity
SK,h1830,10.053244914614805,scr2012,dem,electricity
SK,h1831,10.297208327091061,scr2012,dem,electricity
SK,h1832,10.54514663177049,scr2012,dem,electricity
SK,h1833,10.701876906042685,scr2012,dem,electricity
SK,h1834,10.744240267929152,scr2012,dem,electricity
SK,h1835,10.666930978422528,scr2012,dem,electricity
SK,h1836,10.487110580301204,scr2012,dem,electricity
SK,h1837,10.198650408618008,scr2012,dem,electricity
SK,h1838,9.861011043257584,scr2012,dem,electricity
SK,h1839,9.586299690372682,scr2012,dem,electricity
SK,h1840,9.556916895580546,scr2012,dem,electricity
SK,h1841,9.85735010400315,scr2012,dem,electricity
SK,h1842,10.243467253410659,scr2012,dem,electricity
SK,h1843,10.44488110525792,scr2012,dem,electricity
SK,h1844,10.357767729076514,scr2012,dem,electricity
SK,h1845,10.229231607867986,scr2012,dem,electricity
SK,h1846,10.170368191896243,scr2012,dem,electricity
SK,h1847,10.126791730122376,scr2012,dem,electricity
SK,h1848,10.082317599212695,scr2012,dem,electricity
SK,h1849,10.064846910993218,scr2012,dem,electricity
SK,h1850,10.075000904152224,scr2012,dem,electricity
SK,h1851,10.035872509339873,scr2012,dem,electricity
SK,h1852,9.976827928824406,scr2012,dem,electricity
SK,h1853,10.016456551364929,scr2012,dem,electricity
SK,h1854,10.238091588837968,scr2012,dem,electricity
SK,h1855,10.641535424790852,scr2012,dem,electricity
SK,h1856,11.043897542501394,scr2012,dem,electricity
SK,h1857,11.272941839142787,scr2012,dem,electricity
SK,h1858,11.225373954154835,scr2012,dem,electricity
SK,h1859,10.988616846074432,scr2012,dem,electricity
SK,h1860,10.679186941768524,scr2012,dem,electricity
SK,h1861,10.370324461932467,scr2012,dem,electricity
SK,h1862,10.09595458300391,scr2012,dem,electricity
SK,h1863,9.898705531274091,scr2012,dem,electricity
SK,h1864,9.880674062582013,scr2012,dem,electricity
SK,h1865,10.119616739104838,scr2012,dem,electricity
SK,h1866,10.416458970075936,scr2012,dem,electricity
SK,h1867,10.541426811656718,scr2012,dem,electricity
SK,h1868,10.418988256516357,scr2012,dem,electricity
SK,h1869,10.25174156757196,scr2012,dem,electricity
SK,h1870,10.129547647500933,scr2012,dem,electricity
SK,h1871,10.005841326709069,scr2012,dem,electricity
SK,h1872,9.892827608744538,scr2012,dem,electricity
SK,h1873,9.80376265170673,scr2012,dem,electricity
SK,h1874,9.753369150000134,scr2012,dem,electricity
SK,h1875,9.662371179464465,scr2012,dem,electricity
SK,h1876,9.581420187263426,scr2012,dem,electricity
SK,h1877,9.598125637944078,scr2012,dem,electricity
SK,h1878,9.784507587899569,scr2012,dem,electricity
SK,h1879,10.136248780064335,scr2012,dem,electricity
SK,h1880,10.481342519972612,scr2012,dem,electricity
SK,h1881,10.666794074671849,scr2012,dem,electricity
SK,h1882,10.610316120436371,scr2012,dem,electricity
SK,h1883,10.392541155946342,scr2012,dem,electricity
SK,h1884,10.113259008092124,scr2012,dem,electricity
SK,h1885,9.831427767348417,scr2012,dem,electricity
SK,h1886,9.582432966659786,scr2012,dem,electricity
SK,h1887,9.411097824326628,scr2012,dem,electricity
SK,h1888,9.411283652690635,scr2012,dem,electricity
SK,h1889,9.655146926810552,scr2012,dem,electricity
SK,h1890,9.959075542536201,scr2012,dem,electricity
SK,h1891,10.110522392752108,scr2012,dem,electricity
SK,h1892,10.033490137412185,scr2012,dem,electricity
SK,h1893,9.912808986178247,scr2012,dem,electricity
SK,h1894,9.825918703846751,scr2012,dem,electricity
SK,h1895,9.731857823706745,scr2012,dem,electricity
SK,h1896,9.638814254047658,scr2012,dem,electricity
SK,h1897,9.578753707392366,scr2012,dem,electricity
SK,h1898,9.558649114274763,scr2012,dem,electricity
SK,h1899,9.505309020875488,scr2012,dem,electricity
SK,h1900,9.457130469842358,scr2012,dem,electricity
SK,h1901,9.506250877573452,scr2012,dem,electricity
SK,h1902,9.723474181896924,scr2012,dem,electricity
SK,h1903,10.104942365282707,scr2012,dem,electricity
SK,h1904,10.47833969626121,scr2012,dem,electricity
SK,h1905,10.69233086721085,scr2012,dem,electricity
SK,h1906,10.659550508425987,scr2012,dem,electricity
SK,h1907,10.46357319575982,scr2012,dem,electricity
SK,h1908,10.202753197241783,scr2012,dem,electricity
SK,h1909,9.936080545210732,scr2012,dem,electricity
SK,h1910,9.697184315531908,scr2012,dem,electricity
SK,h1911,9.531771671165025,scr2012,dem,electricity
SK,h1912,9.539252221347153,scr2012,dem,electricity
SK,h1913,9.791097491606088,scr2012,dem,electricity
SK,h1914,10.103488790940892,scr2012,dem,electricity
SK,h1915,10.24894216259601,scr2012,dem,electricity
SK,h1916,10.16075378971665,scr2012,dem,electricity
SK,h1917,10.026188504175389,scr2012,dem,electricity
SK,h1918,9.93436783327513,scr2012,dem,electricity
SK,h1919,9.834489246383274,scr2012,dem,electricity
SK,h1920,9.732495205153803,scr2012,dem,electricity
SK,h1921,9.65998856026712,scr2012,dem,electricity
SK,h1922,9.626859117088689,scr2012,dem,electricity
SK,h1923,9.559509831341993,scr2012,dem,electricity
SK,h1924,9.496630210919403,scr2012,dem,electricity
SK,h1925,9.530612589942537,scr2012,dem,electricity
SK,h1926,9.732747564745637,scr2012,dem,electricity
SK,h1927,10.098729807191951,scr2012,dem,electricity
SK,h1928,10.454854008356032,scr2012,dem,electricity
SK,h1929,10.653906363802191,scr2012,dem,electricity
SK,h1930,10.611165205788554,scr2012,dem,electricity
SK,h1931,10.410180327522417,scr2012,dem,electricity
SK,h1932,10.146480269224796,scr2012,dem,electricity
SK,h1933,9.876641625890503,scr2012,dem,electricity
SK,h1934,9.636383837678743,scr2012,dem,electricity
SK,h1935,9.470235620462168,scr2012,dem,electricity
SK,h1936,9.478151974010679,scr2012,dem,electricity
SK,h1937,9.730311716564747,scr2012,dem,electricity
SK,h1938,10.043956656378965,scr2012,dem,electricity
SK,h1939,10.195718889064246,scr2012,dem,electricity
SK,h1940,10.118821597426216,scr2012,dem,electricity
SK,h1941,9.998086070942142,scr2012,dem,electricity
SK,h1942,9.918727472743052,scr2012,dem,electricity
SK,h1943,9.831659590704486,scr2012,dem,electricity
SK,h1944,9.74391543378155,scr2012,dem,electricity
SK,h1945,9.687289922954509,scr2012,dem,electricity
SK,h1946,9.669471422367687,scr2012,dem,electricity
SK,h1947,9.614799704630245,scr2012,dem,electricity
SK,h1948,9.56291508870043,scr2012,dem,electricity
SK,h1949,9.606205659863617,scr2012,dem,electricity
SK,h1950,9.814838476232659,scr2012,dem,electricity
SK,h1951,10.184533760390954,scr2012,dem,electricity
SK,h1952,10.551007385407438,scr2012,dem,electricity
SK,h1953,10.76330578372251,scr2012,dem,electricity
SK,h1954,10.730503323090181,scr2012,dem,electricity
SK,h1955,10.534439369048746,scr2012,dem,electricity
SK,h1956,10.27711638180051,scr2012,dem,electricity
SK,h1957,10.008710620046541,scr2012,dem,electricity
SK,h1958,9.76140651498014,scr2012,dem,electricity
SK,h1959,9.57775261518851,scr2012,dem,electricity
SK,h1960,9.577498274895895,scr2012,dem,electricity
SK,h1961,9.827310279345149,scr2012,dem,electricity
SK,h1962,10.140372313727127,scr2012,dem,electricity
SK,h1963,10.277412578541274,scr2012,dem,electricity
SK,h1964,10.173470560490143,scr2012,dem,electricity
SK,h1965,10.019052506662474,scr2012,dem,electricity
SK,h1966,9.91965907415369,scr2012,dem,electricity
SK,h1967,9.82103606324831,scr2012,dem,electricity
SK,h1968,9.73425148681934,scr2012,dem,electricity
SK,h1969,9.663107042009578,scr2012,dem,electricity
SK,h1970,9.620106688677437,scr2012,dem,electricity
SK,h1971,9.53495944002731,scr2012,dem,electricity
SK,h1972,9.4620784981689,scr2012,dem,electricity
SK,h1973,9.474597712092967,scr2012,dem,electricity
SK,h1974,9.60789396228837,scr2012,dem,electricity
SK,h1975,9.831717309483267,scr2012,dem,electricity
SK,h1976,10.061477805667622,scr2012,dem,electricity
SK,h1977,10.20440867061121,scr2012,dem,electricity
SK,h1978,10.209814875792745,scr2012,dem,electricity
SK,h1979,10.082911683990446,scr2012,dem,electricity
SK,h1980,9.880766105790979,scr2012,dem,electricity
SK,h1981,9.615155938551966,scr2012,dem,electricity
SK,h1982,9.328511454217502,scr2012,dem,electricity
SK,h1983,9.081346766085307,scr2012,dem,electricity
SK,h1984,9.031718563968543,scr2012,dem,electricity
SK,h1985,9.259844420199432,scr2012,dem,electricity
SK,h1986,9.555999091304962,scr2012,dem,electricity
SK,h1987,9.683682199674438,scr2012,dem,electricity
SK,h1988,9.559823206353578,scr2012,dem,electricity
SK,h1989,9.40947490831402,scr2012,dem,electricity
SK,h1990,9.316535792692237,scr2012,dem,electricity
SK,h1991,9.2350163195013,scr2012,dem,electricity
SK,h1992,9.148308278577382,scr2012,dem,electricity
SK,h1993,9.08455258225411,scr2012,dem,electricity
SK,h1994,9.038420052259015,scr2012,dem,electricity
SK,h1995,8.959693932515462,scr2012,dem,electricity
SK,h1996,8.872451140062068,scr2012,dem,electricity
SK,h1997,8.863846479505632,scr2012,dem,electricity
SK,h1998,8.968803473323051,scr2012,dem,electricity
SK,h1999,9.15209872083242,scr2012,dem,electricity
SK,h2000,9.343332605807237,scr2012,dem,electricity
SK,h2001,9.463570160671255,scr2012,dem,electricity
SK,h2002,9.491112454258728,scr2012,dem,electricity
SK,h2003,9.421893828486681,scr2012,dem,electricity
SK,h2004,9.252263830078215,scr2012,dem,electricity
SK,h2005,8.975749959925185,scr2012,dem,electricity
SK,h2006,8.643410327213699,scr2012,dem,electricity
SK,h2007,8.364158583548367,scr2012,dem,electricity
SK,h2008,8.293311967790485,scr2012,dem,electricity
SK,h2009,8.491970809740085,scr2012,dem,electricity
SK,h2010,8.750602705921995,scr2012,dem,electricity
SK,h2011,8.842162838151156,scr2012,dem,electricity
SK,h2012,8.74466230326235,scr2012,dem,electricity
SK,h2013,8.665391903126439,scr2012,dem,electricity
SK,h2014,8.647668472634889,scr2012,dem,electricity
SK,h2015,8.596672499973502,scr2012,dem,electricity
SK,h2016,8.511783664827284,scr2012,dem,electricity
SK,h2017,8.454872300637943,scr2012,dem,electricity
SK,h2018,8.419541496100758,scr2012,dem,electricity
SK,h2019,8.335141111408275,scr2012,dem,electricity
SK,h2020,8.239097056273804,scr2012,dem,electricity
SK,h2021,8.237127877807923,scr2012,dem,electricity
SK,h2022,8.401553920108418,scr2012,dem,electricity
SK,h2023,8.740625139240613,scr2012,dem,electricity
SK,h2024,9.08700820604676,scr2012,dem,electricity
SK,h2025,9.293165129288818,scr2012,dem,electricity
SK,h2026,9.266092932178383,scr2012,dem,electricity
SK,h2027,9.082495091099814,scr2012,dem,electricity
SK,h2028,8.831690052560381,scr2012,dem,electricity
SK,h2029,8.574230067115488,scr2012,dem,electricity
SK,h2030,8.344017541432299,scr2012,dem,electricity
SK,h2031,8.175859218962252,scr2012,dem,electricity
SK,h2032,8.138983492813187,scr2012,dem,electricity
SK,h2033,8.289449999522885,scr2012,dem,electricity
SK,h2034,8.471038480633378,scr2012,dem,electricity
SK,h2035,8.501055389244877,scr2012,dem,electricity
SK,h2036,8.404239545315962,scr2012,dem,electricity
SK,h2037,8.324350424924015,scr2012,dem,electricity
SK,h2038,8.293531831603998,scr2012,dem,electricity
SK,h2039,8.1909853663986,scr2012,dem,electricity
SK,h2040,8.045411841424981,scr2012,dem,electricity
SK,h2041,7.918460785157794,scr2012,dem,electricity
SK,h2042,7.8265563753428244,scr2012,dem,electricity
SK,h2043,7.710717484948152,scr2012,dem,electricity
SK,h2044,7.61205828101396,scr2012,dem,electricity
SK,h2045,7.60018208533134,scr2012,dem,electricity
SK,h2046,7.735547380457926,scr2012,dem,electricity
SK,h2047,8.025605489943297,scr2012,dem,electricity
SK,h2048,8.32089430943144,scr2012,dem,electricity
SK,h2049,8.494524066348605,scr2012,dem,electricity
SK,h2050,8.462492250019185,scr2012,dem,electricity
SK,h2051,8.295777435496236,scr2012,dem,electricity
SK,h2052,8.066879812424242,scr2012,dem,electricity
SK,h2053,7.832218610090296,scr2012,dem,electricity
SK,h2054,7.616736983065023,scr2012,dem,electricity
SK,h2055,7.455882161015774,scr2012,dem,electricity
SK,h2056,7.407756349281814,scr2012,dem,electricity
SK,h2057,7.520388166337507,scr2012,dem,electricity
SK,h2058,7.662896419523928,scr2012,dem,electricity
SK,h2059,7.675700568167493,scr2012,dem,electricity
SK,h2060,7.592276435784635,scr2012,dem,electricity
SK,h2061,7.524996289027037,scr2012,dem,electricity
SK,h2062,7.490481825294073,scr2012,dem,electricity
SK,h2063,7.3805444598272105,scr2012,dem,electricity
SK,h2064,7.220642525318161,scr2012,dem,electricity
SK,h2065,7.081032988294041,scr2012,dem,electricity
SK,h2066,6.974427901209034,scr2012,dem,electricity
SK,h2067,6.8547542402567645,scr2012,dem,electricity
SK,h2068,6.758027791851514,scr2012,dem,electricity
SK,h2069,6.745640852857442,scr2012,dem,electricity
SK,h2070,6.8692752218169995,scr2012,dem,electricity
SK,h2071,7.141493440163676,scr2012,dem,electricity
SK,h2072,7.42501678669668,scr2012,dem,electricity
SK,h2073,7.608007126028235,scr2012,dem,electricity
SK,h2074,7.603079151244556,scr2012,dem,electricity
SK,h2075,7.478163699849994,scr2012,dem,electricity
SK,h2076,7.297370132232943,scr2012,dem,electricity
SK,h2077,7.114243838728176,scr2012,dem,electricity
SK,h2078,6.948984995316086,scr2012,dem,electricity
SK,h2079,6.829006731545326,scr2012,dem,electricity
SK,h2080,6.8042607570456255,scr2012,dem,electricity
SK,h2081,6.918586062440268,scr2012,dem,electricity
SK,h2082,7.064402828864477,scr2012,dem,electricity
SK,h2083,7.103272885094398,scr2012,dem,electricity
SK,h2084,7.068710053848217,scr2012,dem,electricity
SK,h2085,7.0516756479225196,scr2012,dem,electricity
SK,h2086,7.054743918356852,scr2012,dem,electricity
SK,h2087,6.9775444764552494,scr2012,dem,electricity
SK,h2088,6.847407309187272,scr2012,dem,electricity
SK,h2089,6.737035958799293,scr2012,dem,electricity
SK,h2090,6.658778913399292,scr2012,dem,electricity
SK,h2091,6.570358890393888,scr2012,dem,electricity
SK,h2092,6.504567660742191,scr2012,dem,electricity
SK,h2093,6.520149354224135,scr2012,dem,electricity
SK,h2094,6.667276768013949,scr2012,dem,electricity
SK,h2095,6.957981512210718,scr2012,dem,electricity
SK,h2096,7.257512333328122,scr2012,dem,electricity
SK,h2097,7.458279826102662,scr2012,dem,electricity
SK,h2098,7.475936754147112,scr2012,dem,electricity
SK,h2099,7.373730783370949,scr2012,dem,electricity
SK,h2100,7.210150424580762,scr2012,dem,electricity
SK,h2101,7.036427472785225,scr2012,dem,electricity
SK,h2102,6.8758638469684925,scr2012,dem,electricity
SK,h2103,6.756208036274698,scr2012,dem,electricity
SK,h2104,6.727104295633653,scr2012,dem,electricity
SK,h2105,6.830241366151236,scr2012,dem,electricity
SK,h2106,6.961246648620482,scr2012,dem,electricity
SK,h2107,6.986073642547748,scr2012,dem,electricity
SK,h2108,6.939096127284333,scr2012,dem,electricity
SK,h2109,6.909095143807526,scr2012,dem,electricity
SK,h2110,6.893964142610486,scr2012,dem,electricity
SK,h2111,6.797820834581755,scr2012,dem,electricity
SK,h2112,6.646629922964954,scr2012,dem,electricity
SK,h2113,6.519215130304691,scr2012,dem,electricity
SK,h2114,6.421982516776486,scr2012,dem,electricity
SK,h2115,6.311447053733896,scr2012,dem,electricity
SK,h2116,6.22003166824934,scr2012,dem,electricity
SK,h2117,6.207602797904858,scr2012,dem,electricity
SK,h2118,6.318420717528819,scr2012,dem,electricity
SK,h2119,6.5611865507274265,scr2012,dem,electricity
SK,h2120,6.8167079783455415,scr2012,dem,electricity
SK,h2121,6.987662973384042,scr2012,dem,electricity
SK,h2122,6.992634697964749,scr2012,dem,electricity
SK,h2123,6.8889107567834325,scr2012,dem,electricity
SK,h2124,6.7401923626232145,scr2012,dem,electricity
SK,h2125,6.580011637650721,scr2012,dem,electricity
SK,h2126,6.427798460607471,scr2012,dem,electricity
SK,h2127,6.300359688343587,scr2012,dem,electricity
SK,h2128,6.254720806285579,scr2012,dem,electricity
SK,h2129,6.332131370824288,scr2012,dem,electricity
SK,h2130,6.441225983328607,scr2012,dem,electricity
SK,h2131,6.461922114785753,scr2012,dem,electricity
SK,h2132,6.414504978061757,scr2012,dem,electricity
SK,h2133,6.376146601704199,scr2012,dem,electricity
SK,h2134,6.3495745548243665,scr2012,dem,electricity
SK,h2135,6.251954446177609,scr2012,dem,electricity
SK,h2136,6.111702843815997,scr2012,dem,electricity
SK,h2137,5.981768818549971,scr2012,dem,electricity
SK,h2138,5.8716576786571455,scr2012,dem,electricity
SK,h2139,5.751279465849935,scr2012,dem,electricity
SK,h2140,5.663895148157514,scr2012,dem,electricity
SK,h2141,5.643612266920238,scr2012,dem,electricity
SK,h2142,5.692494487212615,scr2012,dem,electricity
SK,h2143,5.800072970991812,scr2012,dem,electricity
SK,h2144,5.931068590429127,scr2012,dem,electricity
SK,h2145,6.055347937400109,scr2012,dem,electricity
SK,h2146,6.127819770315155,scr2012,dem,electricity
SK,h2147,6.128940223275826,scr2012,dem,electricity
SK,h2148,6.0670314205639935,scr2012,dem,electricity
SK,h2149,5.939226996782368,scr2012,dem,electricity
SK,h2150,5.773794252126629,scr2012,dem,electricity
SK,h2151,5.60715857204161,scr2012,dem,electricity
SK,h2152,5.5307487564747975,scr2012,dem,electricity
SK,h2153,5.589080364228829,scr2012,dem,electricity
SK,h2154,5.677525146699673,scr2012,dem,electricity
SK,h2155,5.687756763821642,scr2012,dem,electricity
SK,h2156,5.628875814122173,scr2012,dem,electricity
SK,h2157,5.604664202722367,scr2012,dem,electricity
SK,h2158,5.591427770009624,scr2012,dem,electricity
SK,h2159,5.513541700753237,scr2012,dem,electricity
SK,h2160,5.375553268892883,scr2012,dem,electricity
UK,h1441,78.12258481413433,scr2012,dem,electricity
UK,h1442,75.87906489677029,scr2012,dem,electricity
UK,h1443,73.98548369429435,scr2012,dem,electricity
UK,h1444,72.64037724734047,scr2012,dem,electricity
UK,h1445,71.67935390325673,scr2012,dem,electricity
UK,h1446,71.86242343391598,scr2012,dem,electricity
UK,h1447,73.18717453433592,scr2012,dem,electricity
UK,h1448,76.08397192978467,scr2012,dem,electricity
UK,h1449,80.1787377314369,scr2012,dem,electricity
UK,h1450,83.54487867940699,scr2012,dem,electricity
UK,h1451,84.78426729069344,scr2012,dem,electricity
UK,h1452,83.52141547238973,scr2012,dem,electricity
UK,h1453,81.55432503372494,scr2012,dem,electricity
UK,h1454,79.52065335584054,scr2012,dem,electricity
UK,h1455,77.94691555620817,scr2012,dem,electricity
UK,h1456,77.64117904047521,scr2012,dem,electricity
UK,h1457,79.03973901603443,scr2012,dem,electricity
UK,h1458,81.59410248623071,scr2012,dem,electricity
UK,h1459,83.54778866089698,scr2012,dem,electricity
UK,h1460,84.720883615506,scr2012,dem,electricity
UK,h1461,84.96128226005803,scr2012,dem,electricity
UK,h1462,84.73223595428232,scr2012,dem,electricity
UK,h1463,83.17016217787308,scr2012,dem,electricity
UK,h1464,81.06014873024202,scr2012,dem,electricity
UK,h1465,78.75635811418282,scr2012,dem,electricity
UK,h1466,77.16494450863735,scr2012,dem,electricity
UK,h1467,75.54053874250226,scr2012,dem,electricity
UK,h1468,74.15054715529202,scr2012,dem,electricity
UK,h1469,73.05708916073245,scr2012,dem,electricity
UK,h1470,73.15160427388162,scr2012,dem,electricity
UK,h1471,74.18679470077528,scr2012,dem,electricity
UK,h1472,75.8425851258275,scr2012,dem,electricity
UK,h1473,77.53147034859425,scr2012,dem,electricity
UK,h1474,79.24306770402113,scr2012,dem,electricity
UK,h1475,80.36457499008547,scr2012,dem,electricity
UK,h1476,80.36536492205778,scr2012,dem,electricity
UK,h1477,79.17895983214913,scr2012,dem,electricity
UK,h1478,77.37956251395238,scr2012,dem,electricity
UK,h1479,75.83683145567102,scr2012,dem,electricity
UK,h1480,75.60700481854006,scr2012,dem,electricity
UK,h1481,77.2956726260883,scr2012,dem,electricity
UK,h1482,80.18583748658776,scr2012,dem,electricity
UK,h1483,82.59494236559067,scr2012,dem,electricity
UK,h1484,84.13571028345734,scr2012,dem,electricity
UK,h1485,84.87776993784455,scr2012,dem,electricity
UK,h1486,85.15076036087244,scr2012,dem,electricity
UK,h1487,84.14817175061249,scr2012,dem,electricity
UK,h1488,82.76900226197539,scr2012,dem,electricity
UK,h1489,81.25311780677993,scr2012,dem,electricity
UK,h1490,80.29680067021773,scr2012,dem,electricity
UK,h1491,78.95296123140838,scr2012,dem,electricity
UK,h1492,77.5782074042938,scr2012,dem,electricity
UK,h1493,76.47384531264765,scr2012,dem,electricity
UK,h1494,76.64649669160477,scr2012,dem,electricity
UK,h1495,77.72983394708031,scr2012,dem,electricity
UK,h1496,79.0682918317591,scr2012,dem,electricity
UK,h1497,79.84413487936698,scr2012,dem,electricity
UK,h1498,80.32130647450046,scr2012,dem,electricity
UK,h1499,80.64829556305955,scr2012,dem,electricity
UK,h1500,80.68149106283718,scr2012,dem,electricity
UK,h1501,80.11735005528736,scr2012,dem,electricity
UK,h1502,79.00561147796064,scr2012,dem,electricity
UK,h1503,77.84212899206115,scr2012,dem,electricity
UK,h1504,77.77127804385174,scr2012,dem,electricity
UK,h1505,79.45183302726744,scr2012,dem,electricity
UK,h1506,82.17882286507293,scr2012,dem,electricity
UK,h1507,84.05490509783492,scr2012,dem,electricity
UK,h1508,84.81296189404793,scr2012,dem,electricity
UK,h1509,84.96990285129064,scr2012,dem,electricity
UK,h1510,85.04869004210973,scr2012,dem,electricity
UK,h1511,83.90830423571401,scr2012,dem,electricity
UK,h1512,81.89868776697803,scr2012,dem,electricity
UK,h1513,79.27062713102613,scr2012,dem,electricity
UK,h1514,77.28005212992989,scr2012,dem,electricity
UK,h1515,75.37484256640134,scr2012,dem,electricity
UK,h1516,73.9401421295178,scr2012,dem,electricity
UK,h1517,72.8386638834962,scr2012,dem,electricity
UK,h1518,72.85955430482653,scr2012,dem,electricity
UK,h1519,74.02100951118801,scr2012,dem,electricity
UK,h1520,76.88746880100275,scr2012,dem,electricity
UK,h1521,80.94425919753147,scr2012,dem,electricity
UK,h1522,84.19125960183811,scr2012,dem,electricity
UK,h1523,85.15157650231728,scr2012,dem,electricity
UK,h1524,83.6247353765278,scr2012,dem,electricity
UK,h1525,81.52352737816766,scr2012,dem,electricity
UK,h1526,79.43122110525815,scr2012,dem,electricity
UK,h1527,77.84281185137098,scr2012,dem,electricity
UK,h1528,77.56449342895007,scr2012,dem,electricity
UK,h1529,79.01291295560053,scr2012,dem,electricity
UK,h1530,81.71535594641765,scr2012,dem,electricity
UK,h1531,83.53073339577223,scr2012,dem,electricity
UK,h1532,84.41980751651815,scr2012,dem,electricity
UK,h1533,84.32376819738656,scr2012,dem,electricity
UK,h1534,83.9034620965289,scr2012,dem,electricity
UK,h1535,82.04692074805259,scr2012,dem,electricity
UK,h1536,79.2306985607048,scr2012,dem,electricity
UK,h1537,75.84601972705451,scr2012,dem,electricity
UK,h1538,73.33988781856642,scr2012,dem,electricity
UK,h1539,71.22444164936748,scr2012,dem,electricity
UK,h1540,69.85789789057849,scr2012,dem,electricity
UK,h1541,68.83163695884834,scr2012,dem,electricity
UK,h1542,68.8703312007733,scr2012,dem,electricity
UK,h1543,70.02515399311393,scr2012,dem,electricity
UK,h1544,72.93086882639312,scr2012,dem,electricity
UK,h1545,77.05400096412896,scr2012,dem,electricity
UK,h1546,80.35093393166254,scr2012,dem,electricity
UK,h1547,81.32133389355523,scr2012,dem,electricity
UK,h1548,79.81448239018881,scr2012,dem,electricity
UK,h1549,77.8001125152571,scr2012,dem,electricity
UK,h1550,75.83788909327133,scr2012,dem,electricity
UK,h1551,74.39155364321877,scr2012,dem,electricity
UK,h1552,74.11977397965526,scr2012,dem,electricity
UK,h1553,75.43190699134286,scr2012,dem,electricity
UK,h1554,77.89915424251583,scr2012,dem,electricity
UK,h1555,79.6388976208952,scr2012,dem,electricity
UK,h1556,80.65561030974133,scr2012,dem,electricity
UK,h1557,80.79699002716795,scr2012,dem,electricity
UK,h1558,80.57315385745636,scr2012,dem,electricity
UK,h1559,78.76938469372404,scr2012,dem,electricity
UK,h1560,75.8531338396743,scr2012,dem,electricity
UK,h1561,72.34849174639702,scr2012,dem,electricity
UK,h1562,69.71741929554388,scr2012,dem,electricity
UK,h1563,67.58710893115183,scr2012,dem,electricity
UK,h1564,66.17511477917343,scr2012,dem,electricity
UK,h1565,65.10039995277965,scr2012,dem,electricity
UK,h1566,65.05821597442129,scr2012,dem,electricity
UK,h1567,66.12081995580269,scr2012,dem,electricity
UK,h1568,68.9684899791455,scr2012,dem,electricity
UK,h1569,73.10763337179836,scr2012,dem,electricity
UK,h1570,76.49029212479655,scr2012,dem,electricity
UK,h1571,77.61360963285684,scr2012,dem,electricity
UK,h1572,76.31673146219846,scr2012,dem,electricity
UK,h1573,74.54446450686349,scr2012,dem,electricity
UK,h1574,72.81216891167463,scr2012,dem,electricity
UK,h1575,71.56626004605613,scr2012,dem,electricity
UK,h1576,71.43635911138747,scr2012,dem,electricity
UK,h1577,72.85865783031625,scr2012,dem,electricity
UK,h1578,75.43903548798129,scr2012,dem,electricity
UK,h1579,77.36926520743594,scr2012,dem,electricity
UK,h1580,78.63619819805503,scr2012,dem,electricity
UK,h1581,79.08245025842596,scr2012,dem,electricity
UK,h1582,79.1329026336375,scr2012,dem,electricity
UK,h1583,77.61385989145236,scr2012,dem,electricity
UK,h1584,74.98242557847074,scr2012,dem,electricity
UK,h1585,71.79826907594206,scr2012,dem,electricity
UK,h1586,69.47093877034477,scr2012,dem,electricity
UK,h1587,67.61062830272704,scr2012,dem,electricity
UK,h1588,66.44642471055123,scr2012,dem,electricity
UK,h1589,65.63008030523854,scr2012,dem,electricity
UK,h1590,65.86471317157488,scr2012,dem,electricity
UK,h1591,67.20969418832239,scr2012,dem,electricity
UK,h1592,70.32147135341764,scr2012,dem,electricity
UK,h1593,74.68408441877517,scr2012,dem,electricity
UK,h1594,78.26573657859696,scr2012,dem,electricity
UK,h1595,79.56574048869933,scr2012,dem,electricity
UK,h1596,78.39677794128616,scr2012,dem,electricity
UK,h1597,76.70221449621299,scr2012,dem,electricity
UK,h1598,75.00682909485373,scr2012,dem,electricity
UK,h1599,73.80863723328622,scr2012,dem,electricity
UK,h1600,73.77771683573069,scr2012,dem,electricity
UK,h1601,75.35234658455278,scr2012,dem,electricity
UK,h1602,78.01247252981122,scr2012,dem,electricity
UK,h1603,79.91550708346614,scr2012,dem,electricity
UK,h1604,81.12851670060236,scr2012,dem,electricity
UK,h1605,81.62299323635314,scr2012,dem,electricity
UK,h1606,81.77004697437505,scr2012,dem,electricity
UK,h1607,80.3117548177666,scr2012,dem,electricity
UK,h1608,77.70732669898527,scr2012,dem,electricity
UK,h1609,74.65531584145741,scr2012,dem,electricity
UK,h1610,72.39318622895013,scr2012,dem,electricity
UK,h1611,70.53234936584342,scr2012,dem,electricity
UK,h1612,69.21428683433045,scr2012,dem,electricity
UK,h1613,68.29548646719138,scr2012,dem,electricity
UK,h1614,68.48523521318553,scr2012,dem,electricity
UK,h1615,69.80249535931979,scr2012,dem,electricity
UK,h1616,72.72152568881693,scr2012,dem,electricity
UK,h1617,76.83189753216075,scr2012,dem,electricity
UK,h1618,80.19060729678327,scr2012,dem,electricity
UK,h1619,81.44567535180052,scr2012,dem,electricity
UK,h1620,80.25785668253968,scr2012,dem,electricity
UK,h1621,78.46746473562779,scr2012,dem,electricity
UK,h1622,76.6027934942032,scr2012,dem,electricity
UK,h1623,75.16948034168192,scr2012,dem,electricity
UK,h1624,74.88751444809398,scr2012,dem,electricity
UK,h1625,76.20980634340128,scr2012,dem,electricity
UK,h1626,78.64080867849003,scr2012,dem,electricity
UK,h1627,80.37483707158957,scr2012,dem,electricity
UK,h1628,81.32608048373557,scr2012,dem,electricity
UK,h1629,81.51502662139488,scr2012,dem,electricity
UK,h1630,81.33757071626842,scr2012,dem,electricity
UK,h1631,79.85789668615884,scr2012,dem,electricity
UK,h1632,77.62324432229579,scr2012,dem,electricity
UK,h1633,75.15921006607995,scr2012,dem,electricity
UK,h1634,73.35797590217608,scr2012,dem,electricity
UK,h1635,71.55079120655306,scr2012,dem,electricity
UK,h1636,69.98927776506368,scr2012,dem,electricity
UK,h1637,68.71925768876312,scr2012,dem,electricity
UK,h1638,68.57244545644734,scr2012,dem,electricity
UK,h1639,69.30861138479129,scr2012,dem,electricity
UK,h1640,70.6953372200891,scr2012,dem,electricity
UK,h1641,72.17991750878225,scr2012,dem,electricity
UK,h1642,73.77679179894392,scr2012,dem,electricity
UK,h1643,74.79050462864656,scr2012,dem,electricity
UK,h1644,74.71232366112474,scr2012,dem,electricity
UK,h1645,73.4509903850388,scr2012,dem,electricity
UK,h1646,71.57689061944309,scr2012,dem,electricity
UK,h1647,69.87017848632266,scr2012,dem,electricity
UK,h1648,69.29410463222992,scr2012,dem,electricity
UK,h1649,70.35767174297548,scr2012,dem,electricity
UK,h1650,72.5015685135812,scr2012,dem,electricity
UK,h1651,74.28104686166193,scr2012,dem,electricity
UK,h1652,75.43179029984759,scr2012,dem,electricity
UK,h1653,75.99717935961267,scr2012,dem,electricity
UK,h1654,76.0193503245263,scr2012,dem,electricity
UK,h1655,74.75586894126431,scr2012,dem,electricity
UK,h1656,72.92603363605365,scr2012,dem,electricity
UK,h1657,70.93016887691407,scr2012,dem,electricity
UK,h1658,69.41218434607734,scr2012,dem,electricity
UK,h1659,67.62090742641843,scr2012,dem,electricity
UK,h1660,65.86565282236948,scr2012,dem,electricity
UK,h1661,64.345859165545,scr2012,dem,electricity
UK,h1662,63.913434854790125,scr2012,dem,electricity
UK,h1663,64.28466357779438,scr2012,dem,electricity
UK,h1664,65.02636820897236,scr2012,dem,electricity
UK,h1665,65.47167737465492,scr2012,dem,electricity
UK,h1666,65.95252479722753,scr2012,dem,electricity
UK,h1667,66.44731282587486,scr2012,dem,electricity
UK,h1668,66.7620229112427,scr2012,dem,electricity
UK,h1669,66.50171783259317,scr2012,dem,electricity
UK,h1670,65.70544382218375,scr2012,dem,electricity
UK,h1671,64.73075609107632,scr2012,dem,electricity
UK,h1672,64.47873224236385,scr2012,dem,electricity
UK,h1673,65.4977699173776,scr2012,dem,electricity
UK,h1674,67.4612064064687,scr2012,dem,electricity
UK,h1675,68.97533607170605,scr2012,dem,electricity
UK,h1676,70.03360268036542,scr2012,dem,electricity
UK,h1677,70.7814206517904,scr2012,dem,electricity
UK,h1678,71.30135036302606,scr2012,dem,electricity
UK,h1679,70.3856767314678,scr2012,dem,electricity
UK,h1680,68.37280685548099,scr2012,dem,electricity
UK,h1681,65.70354488265666,scr2012,dem,electricity
UK,h1682,63.62746765538513,scr2012,dem,electricity
UK,h1683,61.77753889217672,scr2012,dem,electricity
UK,h1684,60.474184253989954,scr2012,dem,electricity
UK,h1685,59.47283544429097,scr2012,dem,electricity
UK,h1686,59.40258835573716,scr2012,dem,electricity
UK,h1687,60.377964161536724,scr2012,dem,electricity
UK,h1688,63.10690825348144,scr2012,dem,electricity
UK,h1689,67.26648450086961,scr2012,dem,electricity
UK,h1690,70.88353437371521,scr2012,dem,electricity
UK,h1691,72.39071043680909,scr2012,dem,electricity
UK,h1692,71.45221755010579,scr2012,dem,electricity
UK,h1693,69.94024549406336,scr2012,dem,electricity
UK,h1694,68.41335728776714,scr2012,dem,electricity
UK,h1695,67.25362062604619,scr2012,dem,electricity
UK,h1696,67.03156285583513,scr2012,dem,electricity
UK,h1697,68.11778767024946,scr2012,dem,electricity
UK,h1698,70.35074742945493,scr2012,dem,electricity
UK,h1699,72.0607028301896,scr2012,dem,electricity
UK,h1700,73.2151993163092,scr2012,dem,electricity
UK,h1701,73.65955249659908,scr2012,dem,electricity
UK,h1702,73.56768940169586,scr2012,dem,electricity
UK,h1703,72.00212085602054,scr2012,dem,electricity
UK,h1704,69.24514448081648,scr2012,dem,electricity
UK,h1705,65.922435452647,scr2012,dem,electricity
UK,h1706,63.409007107974595,scr2012,dem,electricity
UK,h1707,61.367450838922586,scr2012,dem,electricity
UK,h1708,60.12704234335452,scr2012,dem,electricity
UK,h1709,59.20107709832274,scr2012,dem,electricity
UK,h1710,59.24086944972843,scr2012,dem,electricity
UK,h1711,60.3233286053011,scr2012,dem,electricity
UK,h1712,63.15484765626061,scr2012,dem,electricity
UK,h1713,67.31490038278747,scr2012,dem,electricity
UK,h1714,70.9044525158416,scr2012,dem,electricity
UK,h1715,72.38173329928064,scr2012,dem,electricity
UK,h1716,71.52564056596192,scr2012,dem,electricity
UK,h1717,70.12180096342372,scr2012,dem,electricity
UK,h1718,68.74007081918016,scr2012,dem,electricity
UK,h1719,67.77909674420513,scr2012,dem,electricity
UK,h1720,67.80576945651282,scr2012,dem,electricity
UK,h1721,69.18648247814751,scr2012,dem,electricity
UK,h1722,71.62055373118619,scr2012,dem,electricity
UK,h1723,73.42435645134016,scr2012,dem,electricity
UK,h1724,74.59391330581076,scr2012,dem,electricity
UK,h1725,75.16668456845385,scr2012,dem,electricity
UK,h1726,75.3508743594611,scr2012,dem,electricity
UK,h1727,74.05619439138981,scr2012,dem,electricity
UK,h1728,71.45459623065594,scr2012,dem,electricity
UK,h1729,68.24835246639093,scr2012,dem,electricity
UK,h1730,65.79778385696875,scr2012,dem,electricity
UK,h1731,63.88689121286133,scr2012,dem,electricity
UK,h1732,62.71917597462894,scr2012,dem,electricity
UK,h1733,61.937642060303524,scr2012,dem,electricity
UK,h1734,62.11838258799601,scr2012,dem,electricity
UK,h1735,63.3169986539659,scr2012,dem,electricity
UK,h1736,66.10432920033725,scr2012,dem,electricity
UK,h1737,70.05320139783946,scr2012,dem,electricity
UK,h1738,73.55651270664936,scr2012,dem,electricity
UK,h1739,75.22304715034979,scr2012,dem,electricity
UK,h1740,74.66114163646948,scr2012,dem,electricity
UK,h1741,73.33581736029136,scr2012,dem,electricity
UK,h1742,71.86279358510502,scr2012,dem,electricity
UK,h1743,70.84300764281494,scr2012,dem,electricity
UK,h1744,70.94672137169654,scr2012,dem,electricity
UK,h1745,72.4979200242636,scr2012,dem,electricity
UK,h1746,75.07514239988892,scr2012,dem,electricity
UK,h1747,77.05135036080434,scr2012,dem,electricity
UK,h1748,78.24021734175057,scr2012,dem,electricity
UK,h1749,78.88327268511921,scr2012,dem,electricity
UK,h1750,79.22724175914821,scr2012,dem,electricity
UK,h1751,78.36251130012974,scr2012,dem,electricity
UK,h1752,76.46528281564981,scr2012,dem,electricity
UK,h1753,74.22274321032756,scr2012,dem,electricity
UK,h1754,72.69526828461179,scr2012,dem,electricity
UK,h1755,71.4973859258691,scr2012,dem,electricity
UK,h1756,70.69013218360176,scr2012,dem,electricity
UK,h1757,70.21142086211722,scr2012,dem,electricity
UK,h1758,70.73400435962023,scr2012,dem,electricity
UK,h1759,72.30734631714007,scr2012,dem,electricity
UK,h1760,75.35087969283884,scr2012,dem,electricity
UK,h1761,79.36469375991564,scr2012,dem,electricity
UK,h1762,82.58657305527727,scr2012,dem,electricity
UK,h1763,83.82200180142688,scr2012,dem,electricity
UK,h1764,82.79255430135409,scr2012,dem,electricity
UK,h1765,81.21368851146137,scr2012,dem,electricity
UK,h1766,79.59218110789641,scr2012,dem,electricity
UK,h1767,78.47419061081,scr2012,dem,electricity
UK,h1768,78.56970837143746,scr2012,dem,electricity
UK,h1769,80.28421014501427,scr2012,dem,electricity
UK,h1770,83.13438387761747,scr2012,dem,electricity
UK,h1771,84.97485972276351,scr2012,dem,electricity
UK,h1772,85.68955973804236,scr2012,dem,electricity
UK,h1773,85.71694206462425,scr2012,dem,electricity
UK,h1774,85.70366509978459,scr2012,dem,electricity
UK,h1775,84.44776733635328,scr2012,dem,electricity
UK,h1776,81.95633794999652,scr2012,dem,electricity
UK,h1777,78.5689102793356,scr2012,dem,electricity
UK,h1778,76.02341290419231,scr2012,dem,electricity
UK,h1779,73.78194146987612,scr2012,dem,electricity
UK,h1780,72.40477333581491,scr2012,dem,electricity
UK,h1781,71.37796902216597,scr2012,dem,electricity
UK,h1782,71.429514765365,scr2012,dem,electricity
UK,h1783,72.55051059863784,scr2012,dem,electricity
UK,h1784,74.89665663337617,scr2012,dem,electricity
UK,h1785,78.32463771671632,scr2012,dem,electricity
UK,h1786,80.96758215442796,scr2012,dem,electricity
UK,h1787,81.87645395840191,scr2012,dem,electricity
UK,h1788,80.51476214300048,scr2012,dem,electricity
UK,h1789,78.67055231527848,scr2012,dem,electricity
UK,h1790,76.76900299770806,scr2012,dem,electricity
UK,h1791,75.1648337633273,scr2012,dem,electricity
UK,h1792,74.64194869647233,scr2012,dem,electricity
UK,h1793,75.59268154626781,scr2012,dem,electricity
UK,h1794,77.64772601699632,scr2012,dem,electricity
UK,h1795,78.95988282177143,scr2012,dem,electricity
UK,h1796,79.47257420115591,scr2012,dem,electricity
UK,h1797,79.47434853313163,scr2012,dem,electricity
UK,h1798,79.13467025571816,scr2012,dem,electricity
UK,h1799,77.64774095129545,scr2012,dem,electricity
UK,h1800,75.20775514683432,scr2012,dem,electricity
UK,h1801,72.62077797779618,scr2012,dem,electricity
UK,h1802,70.56056595678605,scr2012,dem,electricity
UK,h1803,68.50035288330412,scr2012,dem,electricity
UK,h1804,66.59004114017303,scr2012,dem,electricity
UK,h1805,64.99722474098273,scr2012,dem,electricity
UK,h1806,64.48411928623608,scr2012,dem,electricity
UK,h1807,64.83122222202415,scr2012,dem,electricity
UK,h1808,65.83795959139599,scr2012,dem,electricity
UK,h1809,67.00932677128122,scr2012,dem,electricity
UK,h1810,68.3708927386203,scr2012,dem,electricity
UK,h1811,69.21164101751724,scr2012,dem,electricity
UK,h1812,69.00363834171708,scr2012,dem,electricity
UK,h1813,67.67283278582018,scr2012,dem,electricity
UK,h1814,65.76032913855234,scr2012,dem,electricity
UK,h1815,64.00613775098589,scr2012,dem,electricity
UK,h1816,63.22058289981637,scr2012,dem,electricity
UK,h1817,63.86795620099683,scr2012,dem,electricity
UK,h1818,65.48667910541336,scr2012,dem,electricity
UK,h1819,66.94608230712372,scr2012,dem,electricity
UK,h1820,68.01081584036106,scr2012,dem,electricity
UK,h1821,68.7256743499266,scr2012,dem,electricity
UK,h1822,68.78852882486309,scr2012,dem,electricity
UK,h1823,67.55378928209356,scr2012,dem,electricity
UK,h1824,65.5709576451136,scr2012,dem,electricity
UK,h1825,63.40809070487717,scr2012,dem,electricity
UK,h1826,61.84291980285591,scr2012,dem,electricity
UK,h1827,59.929004257844525,scr2012,dem,electricity
UK,h1828,58.19013907450062,scr2012,dem,electricity
UK,h1829,56.487969216093504,scr2012,dem,electricity
UK,h1830,55.87353298449793,scr2012,dem,electricity
UK,h1831,55.927963237454414,scr2012,dem,electricity
UK,h1832,56.42381676966645,scr2012,dem,electricity
UK,h1833,56.8556360079858,scr2012,dem,electricity
UK,h1834,57.49394273290803,scr2012,dem,electricity
UK,h1835,58.22303323602724,scr2012,dem,electricity
UK,h1836,58.82296190172823,scr2012,dem,electricity
UK,h1837,58.86460095449088,scr2012,dem,electricity
UK,h1838,58.38626845602542,scr2012,dem,electricity
UK,h1839,57.63283197488832,scr2012,dem,electricity
UK,h1840,57.383083992935305,scr2012,dem,electricity
UK,h1841,58.141065865229386,scr2012,dem,electricity
UK,h1842,59.79131745767125,scr2012,dem,electricity
UK,h1843,61.183269369624746,scr2012,dem,electricity
UK,h1844,62.25371504508505,scr2012,dem,electricity
UK,h1845,63.27168264996658,scr2012,dem,electricity
UK,h1846,63.945222525723196,scr2012,dem,electricity
UK,h1847,63.26246386629584,scr2012,dem,electricity
UK,h1848,61.23720865876955,scr2012,dem,electricity
UK,h1849,58.59148927650097,scr2012,dem,electricity
UK,h1850,56.50877171214268,scr2012,dem,electricity
UK,h1851,54.72451567951481,scr2012,dem,electricity
UK,h1852,53.50704692539326,scr2012,dem,electricity
UK,h1853,52.59021798808078,scr2012,dem,electricity
UK,h1854,52.53238597993873,scr2012,dem,electricity
UK,h1855,53.50593373300985,scr2012,dem,electricity
UK,h1856,56.16939128001581,scr2012,dem,electricity
UK,h1857,60.37803973695027,scr2012,dem,electricity
UK,h1858,64.26861154004109,scr2012,dem,electricity
UK,h1859,66.29145475601253,scr2012,dem,electricity
UK,h1860,65.90498412581589,scr2012,dem,electricity
UK,h1861,64.8335792104635,scr2012,dem,electricity
UK,h1862,63.7000807407548,scr2012,dem,electricity
UK,h1863,62.901876149197115,scr2012,dem,electricity
UK,h1864,62.92489488922213,scr2012,dem,electricity
UK,h1865,64.09455328499607,scr2012,dem,electricity
UK,h1866,66.32194637308426,scr2012,dem,electricity
UK,h1867,68.16925936005295,scr2012,dem,electricity
UK,h1868,69.45095653530272,scr2012,dem,electricity
UK,h1869,70.28715026568794,scr2012,dem,electricity
UK,h1870,70.54275859493558,scr2012,dem,electricity
UK,h1871,69.43881197944465,scr2012,dem,electricity
UK,h1872,66.8975373326595,scr2012,dem,electricity
UK,h1873,63.799605699965795,scr2012,dem,electricity
UK,h1874,61.456946461168066,scr2012,dem,electricity
UK,h1875,59.644169659674674,scr2012,dem,electricity
UK,h1876,58.56509932848215,scr2012,dem,electricity
UK,h1877,57.83603262883951,scr2012,dem,electricity
UK,h1878,58.03639299465691,scr2012,dem,electricity
UK,h1879,59.251316978759824,scr2012,dem,electricity
UK,h1880,62.09625523919745,scr2012,dem,electricity
UK,h1881,66.2888268832308,scr2012,dem,electricity
UK,h1882,70.01261233565266,scr2012,dem,electricity
UK,h1883,71.7286094734693,scr2012,dem,electricity
UK,h1884,71.02529217328583,scr2012,dem,electricity
UK,h1885,69.64454860992953,scr2012,dem,electricity
UK,h1886,68.24118539317101,scr2012,dem,electricity
UK,h1887,67.27352732885015,scr2012,dem,electricity
UK,h1888,67.28894339797738,scr2012,dem,electricity
UK,h1889,68.62918079095073,scr2012,dem,electricity
UK,h1890,71.0411141406739,scr2012,dem,electricity
UK,h1891,72.79364292506794,scr2012,dem,electricity
UK,h1892,73.72842006582782,scr2012,dem,electricity
UK,h1893,74.19100739765145,scr2012,dem,electricity
UK,h1894,74.31331582985786,scr2012,dem,electricity
UK,h1895,73.1188427163227,scr2012,dem,electricity
UK,h1896,70.4169046625177,scr2012,dem,electricity
UK,h1897,67.04142672531185,scr2012,dem,electricity
UK,h1898,64.40757296223386,scr2012,dem,electricity
UK,h1899,62.28941172979188,scr2012,dem,electricity
UK,h1900,60.89580506962939,scr2012,dem,electricity
UK,h1901,59.89026270754339,scr2012,dem,electricity
UK,h1902,59.846117279647096,scr2012,dem,electricity
UK,h1903,60.84189748372514,scr2012,dem,electricity
UK,h1904,63.44306908385954,scr2012,dem,electricity
UK,h1905,67.390843861482,scr2012,dem,electricity
UK,h1906,70.86871033139553,scr2012,dem,electricity
UK,h1907,72.38470378221886,scr2012,dem,electricity
UK,h1908,71.51910467952581,scr2012,dem,electricity
UK,h1909,70.01938199263726,scr2012,dem,electricity
UK,h1910,68.52499209335922,scr2012,dem,electricity
UK,h1911,67.48114078895972,scr2012,dem,electricity
UK,h1912,67.44960768754652,scr2012,dem,electricity
UK,h1913,68.77144154542205,scr2012,dem,electricity
UK,h1914,71.17402740584129,scr2012,dem,electricity
UK,h1915,72.94673405492364,scr2012,dem,electricity
UK,h1916,73.84384178290884,scr2012,dem,electricity
UK,h1917,74.34445512058238,scr2012,dem,electricity
UK,h1918,74.50620586272152,scr2012,dem,electricity
UK,h1919,73.43890175066515,scr2012,dem,electricity
UK,h1920,70.86400852304274,scr2012,dem,electricity
UK,h1921,67.63886478582755,scr2012,dem,electricity
UK,h1922,65.1546368586358,scr2012,dem,electricity
UK,h1923,63.1402985244235,scr2012,dem,electricity
UK,h1924,61.82471823125347,scr2012,dem,electricity
UK,h1925,60.91118974512025,scr2012,dem,electricity
UK,h1926,60.98226583554173,scr2012,dem,electricity
UK,h1927,62.100195740328914,scr2012,dem,electricity
UK,h1928,64.77866658331988,scr2012,dem,electricity
UK,h1929,68.76889162457891,scr2012,dem,electricity
UK,h1930,72.26650036227977,scr2012,dem,electricity
UK,h1931,73.79897997526574,scr2012,dem,electricity
UK,h1932,72.9072091805101,scr2012,dem,electricity
UK,h1933,71.33866539947111,scr2012,dem,electricity
UK,h1934,69.7440553832325,scr2012,dem,electricity
UK,h1935,68.59332426080059,scr2012,dem,electricity
UK,h1936,68.46570487577718,scr2012,dem,electricity
UK,h1937,69.70239293240911,scr2012,dem,electricity
UK,h1938,71.99705013941869,scr2012,dem,electricity
UK,h1939,73.62457863176436,scr2012,dem,electricity
UK,h1940,74.39454492710061,scr2012,dem,electricity
UK,h1941,74.79614304563346,scr2012,dem,electricity
UK,h1942,74.87503913396607,scr2012,dem,electricity
UK,h1943,73.68510807714016,scr2012,dem,electricity
UK,h1944,70.96733494031709,scr2012,dem,electricity
UK,h1945,67.56651643035933,scr2012,dem,electricity
UK,h1946,64.86801520756464,scr2012,dem,electricity
UK,h1947,62.5862791098609,scr2012,dem,electricity
UK,h1948,60.99577125671569,scr2012,dem,electricity
UK,h1949,59.81717980885417,scr2012,dem,electricity
UK,h1950,59.64249742259245,scr2012,dem,electricity
UK,h1951,60.54343803183189,scr2012,dem,electricity
UK,h1952,62.88609266618716,scr2012,dem,electricity
UK,h1953,66.50321172869906,scr2012,dem,electricity
UK,h1954,69.6739175743457,scr2012,dem,electricity
UK,h1955,71.00981948941077,scr2012,dem,electricity
UK,h1956,70.03078063152992,scr2012,dem,electricity
UK,h1957,68.36435633184625,scr2012,dem,electricity
UK,h1958,66.67287277802888,scr2012,dem,electricity
UK,h1959,65.32230131908337,scr2012,dem,electricity
UK,h1960,64.81156097104089,scr2012,dem,electricity
UK,h1961,65.51682323763218,scr2012,dem,electricity
UK,h1962,67.15021765601887,scr2012,dem,electricity
UK,h1963,68.31392008986644,scr2012,dem,electricity
UK,h1964,68.92906433112441,scr2012,dem,electricity
UK,h1965,69.18238286897238,scr2012,dem,electricity
UK,h1966,69.03829629561352,scr2012,dem,electricity
UK,h1967,67.70055441576223,scr2012,dem,electricity
UK,h1968,65.28053370988293,scr2012,dem,electricity
UK,h1969,62.53678618858663,scr2012,dem,electricity
UK,h1970,60.324557897429656,scr2012,dem,electricity
UK,h1971,58.231477426396,scr2012,dem,electricity
UK,h1972,56.43654764553696,scr2012,dem,electricity
UK,h1973,54.93813285920349,scr2012,dem,electricity
UK,h1974,54.39283561633773,scr2012,dem,electricity
UK,h1975,54.65523729644182,scr2012,dem,electricity
UK,h1976,55.61062956507132,scr2012,dem,electricity
UK,h1977,56.94870580155422,scr2012,dem,electricity
UK,h1978,58.66882253446568,scr2012,dem,electricity
UK,h1979,59.97817808490624,scr2012,dem,electricity
UK,h1980,60.25300743321981,scr2012,dem,electricity
UK,h1981,59.384873531547335,scr2012,dem,electricity
UK,h1982,57.93840261520299,scr2012,dem,electricity
UK,h1983,56.53594255608439,scr2012,dem,electricity
UK,h1984,55.91328563539026,scr2012,dem,electricity
UK,h1985,56.444332061157034,scr2012,dem,electricity
UK,h1986,57.90700402846641,scr2012,dem,electricity
UK,h1987,59.38757418422834,scr2012,dem,electricity
UK,h1988,60.64629095572864,scr2012,dem,electricity
UK,h1989,61.661754641677376,scr2012,dem,electricity
UK,h1990,61.92064144792121,scr2012,dem,electricity
UK,h1991,60.94733610165977,scr2012,dem,electricity
UK,h1992,59.11497534149375,scr2012,dem,electricity
UK,h1993,57.09085382219693,scr2012,dem,electricity
UK,h1994,55.01853205101457,scr2012,dem,electricity
UK,h1995,52.80240963003449,scr2012,dem,electricity
UK,h1996,51.24690568695074,scr2012,dem,electricity
UK,h1997,50.33552895797542,scr2012,dem,electricity
UK,h1998,50.207825650089035,scr2012,dem,electricity
UK,h1999,50.07094305852975,scr2012,dem,electricity
UK,h2000,50.50755773075274,scr2012,dem,electricity
UK,h2001,51.160722412590076,scr2012,dem,electricity
UK,h2002,52.159184142829616,scr2012,dem,electricity
UK,h2003,53.03035157139107,scr2012,dem,electricity
UK,h2004,53.69000872430138,scr2012,dem,electricity
UK,h2005,53.8813307297819,scr2012,dem,electricity
UK,h2006,53.56484922727054,scr2012,dem,electricity
UK,h2007,52.81304135021292,scr2012,dem,electricity
UK,h2008,52.37529811573195,scr2012,dem,electricity
UK,h2009,52.773115477911404,scr2012,dem,electricity
UK,h2010,53.93494576273045,scr2012,dem,electricity
UK,h2011,54.75487820886441,scr2012,dem,electricity
UK,h2012,54.907478907895516,scr2012,dem,electricity
UK,h2013,55.22283737909549,scr2012,dem,electricity
UK,h2014,56.20072437254235,scr2012,dem,electricity
UK,h2015,56.58132268149697,scr2012,dem,electricity
UK,h2016,55.5183952076556,scr2012,dem,electricity
UK,h2017,52.82851274293377,scr2012,dem,electricity
UK,h2018,49.81965060088717,scr2012,dem,electricity
UK,h2019,47.52253675201163,scr2012,dem,electricity
UK,h2020,46.299483514607736,scr2012,dem,electricity
UK,h2021,45.99117790666854,scr2012,dem,electricity
UK,h2022,46.05886766471324,scr2012,dem,electricity
UK,h2023,46.567398774879145,scr2012,dem,electricity
UK,h2024,48.751788465668064,scr2012,dem,electricity
UK,h2025,52.66637300800625,scr2012,dem,electricity
UK,h2026,56.539841372978316,scr2012,dem,electricity
UK,h2027,58.56071538760257,scr2012,dem,electricity
UK,h2028,58.21599306316538,scr2012,dem,electricity
UK,h2029,57.135880115519626,scr2012,dem,electricity
UK,h2030,55.93980764920072,scr2012,dem,electricity
UK,h2031,54.87108685576078,scr2012,dem,electricity
UK,h2032,54.39038193474846,scr2012,dem,electricity
UK,h2033,54.723141365564814,scr2012,dem,electricity
UK,h2034,55.875368827758074,scr2012,dem,electricity
UK,h2035,56.69307756212594,scr2012,dem,electricity
UK,h2036,56.78759416019903,scr2012,dem,electricity
UK,h2037,56.671180774848054,scr2012,dem,electricity
UK,h2038,57.00834984769115,scr2012,dem,electricity
UK,h2039,56.67434237583232,scr2012,dem,electricity
UK,h2040,54.78703633419283,scr2012,dem,electricity
UK,h2041,51.258918075731074,scr2012,dem,electricity
UK,h2042,47.60507729785527,scr2012,dem,electricity
UK,h2043,45.030381979530475,scr2012,dem,electricity
UK,h2044,43.71391065919626,scr2012,dem,electricity
UK,h2045,43.374256982693055,scr2012,dem,electricity
UK,h2046,43.3217376926752,scr2012,dem,electricity
UK,h2047,43.627040492180264,scr2012,dem,electricity
UK,h2048,45.58584876651124,scr2012,dem,electricity
UK,h2049,49.35238233113476,scr2012,dem,electricity
UK,h2050,53.12586146533679,scr2012,dem,electricity
UK,h2051,55.037358530330124,scr2012,dem,electricity
UK,h2052,54.57826249614333,scr2012,dem,electricity
UK,h2053,53.51336680799721,scr2012,dem,electricity
UK,h2054,52.43623694396622,scr2012,dem,electricity
UK,h2055,51.48446168318451,scr2012,dem,electricity
UK,h2056,51.03436228339512,scr2012,dem,electricity
UK,h2057,51.263252001729015,scr2012,dem,electricity
UK,h2058,52.39036701677298,scr2012,dem,electricity
UK,h2059,53.254086279736995,scr2012,dem,electricity
UK,h2060,53.35750603909376,scr2012,dem,electricity
UK,h2061,53.14344666571585,scr2012,dem,electricity
UK,h2062,53.43274011221376,scr2012,dem,electricity
UK,h2063,53.186346612737694,scr2012,dem,electricity
UK,h2064,51.43211356511619,scr2012,dem,electricity
UK,h2065,47.86099036330468,scr2012,dem,electricity
UK,h2066,44.145368787358706,scr2012,dem,electricity
UK,h2067,41.531967592397606,scr2012,dem,electricity
UK,h2068,40.26254161616825,scr2012,dem,electricity
UK,h2069,39.98839878609052,scr2012,dem,electricity
UK,h2070,39.98171525069434,scr2012,dem,electricity
UK,h2071,40.35048052268979,scr2012,dem,electricity
UK,h2072,42.40630219121756,scr2012,dem,electricity
UK,h2073,46.35026240844255,scr2012,dem,electricity
UK,h2074,50.38759948580657,scr2012,dem,electricity
UK,h2075,52.658524296374495,scr2012,dem,electricity
UK,h2076,52.61216714389295,scr2012,dem,electricity
UK,h2077,51.94902094132552,scr2012,dem,electricity
UK,h2078,51.22315176211842,scr2012,dem,electricity
UK,h2079,50.588007627803094,scr2012,dem,electricity
UK,h2080,50.46141280723979,scr2012,dem,electricity
UK,h2081,51.06569196927449,scr2012,dem,electricity
UK,h2082,52.6054998630753,scr2012,dem,electricity
UK,h2083,53.92516481182693,scr2012,dem,electricity
UK,h2084,54.43531164489673,scr2012,dem,electricity
UK,h2085,54.67293931202334,scr2012,dem,electricity
UK,h2086,55.39962664681989,scr2012,dem,electricity
UK,h2087,55.663068469589184,scr2012,dem,electricity
UK,h2088,54.44711757087501,scr2012,dem,electricity
UK,h2089,51.43841323398119,scr2012,dem,electricity
UK,h2090,48.2508066364871,scr2012,dem,electricity
UK,h2091,46.056868723607295,scr2012,dem,electricity
UK,h2092,45.137204052046926,scr2012,dem,electricity
UK,h2093,45.222558956755655,scr2012,dem,electricity
UK,h2094,45.64797257952362,scr2012,dem,electricity
UK,h2095,46.48395576321789,scr2012,dem,electricity
UK,h2096,48.909437261492606,scr2012,dem,electricity
UK,h2097,53.011114343789686,scr2012,dem,electricity
UK,h2098,57.043385885810906,scr2012,dem,electricity
UK,h2099,59.1987847050758,scr2012,dem,electricity
UK,h2100,58.96738261990891,scr2012,dem,electricity
UK,h2101,58.011813423553036,scr2012,dem,electricity
UK,h2102,56.9597612458942,scr2012,dem,electricity
UK,h2103,56.03676659578943,scr2012,dem,electricity
UK,h2104,55.728950591395375,scr2012,dem,electricity
UK,h2105,56.30228755667542,scr2012,dem,electricity
UK,h2106,57.75163171694395,scr2012,dem,electricity
UK,h2107,58.77620813325856,scr2012,dem,electricity
UK,h2108,58.82388861879083,scr2012,dem,electricity
UK,h2109,58.589779587074524,scr2012,dem,electricity
UK,h2110,58.972712742989835,scr2012,dem,electricity
UK,h2111,58.86685442232702,scr2012,dem,electricity
UK,h2112,57.296024790950916,scr2012,dem,electricity
UK,h2113,53.878517304529026,scr2012,dem,electricity
UK,h2114,50.28277658430551,scr2012,dem,electricity
UK,h2115,47.57329515568998,scr2012,dem,electricity
UK,h2116,46.13127469716858,scr2012,dem,electricity
UK,h2117,45.68951833906504,scr2012,dem,electricity
UK,h2118,45.68189837485116,scr2012,dem,electricity
UK,h2119,46.13044172540051,scr2012,dem,electricity
UK,h2120,48.10314137833409,scr2012,dem,electricity
UK,h2121,51.72033581110756,scr2012,dem,electricity
UK,h2122,55.34233641539407,scr2012,dem,electricity
UK,h2123,57.20318638791094,scr2012,dem,electricity
UK,h2124,56.7789416313416,scr2012,dem,electricity
UK,h2125,55.639100426172604,scr2012,dem,electricity
UK,h2126,54.45302081554028,scr2012,dem,electricity
UK,h2127,53.392264064365456,scr2012,dem,electricity
UK,h2128,52.84890729875605,scr2012,dem,electricity
UK,h2129,53.1233403565215,scr2012,dem,electricity
UK,h2130,54.14799773308736,scr2012,dem,electricity
UK,h2131,54.86109683949081,scr2012,dem,electricity
UK,h2132,54.89712385945156,scr2012,dem,electricity
UK,h2133,54.74686489207458,scr2012,dem,electricity
UK,h2134,55.17877783423831,scr2012,dem,electricity
UK,h2135,55.2141985263388,scr2012,dem,electricity
UK,h2136,54.1819620713187,scr2012,dem,electricity
UK,h2137,51.77326055171706,scr2012,dem,electricity
UK,h2138,49.02284372838105,scr2012,dem,electricity
UK,h2139,46.87149159193195,scr2012,dem,electricity
UK,h2140,45.55681071719746,scr2012,dem,electricity
UK,h2141,45.14556010169705,scr2012,dem,electricity
UK,h2142,45.18959116418357,scr2012,dem,electricity
UK,h2143,45.46094786690068,scr2012,dem,electricity
UK,h2144,46.5578055090852,scr2012,dem,electricity
UK,h2145,48.36699674758166,scr2012,dem,electricity
UK,h2146,50.71890337215907,scr2012,dem,electricity
UK,h2147,52.47952082425204,scr2012,dem,electricity
UK,h2148,53.0721402125525,scr2012,dem,electricity
UK,h2149,52.64423436628188,scr2012,dem,electricity
UK,h2150,51.62871248945768,scr2012,dem,electricity
UK,h2151,50.480408350735544,scr2012,dem,electricity
UK,h2152,49.86299410829804,scr2012,dem,electricity
UK,h2153,50.20133258705325,scr2012,dem,electricity
UK,h2154,51.29969191762028,scr2012,dem,electricity
UK,h2155,52.3625724286892,scr2012,dem,electricity
UK,h2156,52.897454410338035,scr2012,dem,electricity
UK,h2157,53.291652844825585,scr2012,dem,electricity
UK,h2158,54.03991605895136,scr2012,dem,electricity
UK,h2159,54.34527865440781,scr2012,dem,electricity
UK,h2160,53.843488876240585,scr2012,dem,electricity
LU,h1441,0.5278460318157989,scr2012,dem,electricity
LU,h1442,0.47060909665259365,scr2012,dem,electricity
LU,h1443,0.4349278700543424,scr2012,dem,electricity
LU,h1444,0.4207085567083784,scr2012,dem,electricity
LU,h1445,0.41636772744607325,scr2012,dem,electricity
LU,h1446,0.4281668776981505,scr2012,dem,electricity
LU,h1447,0.4639026595373464,scr2012,dem,electricity
LU,h1448,0.5177103725653973,scr2012,dem,electricity
LU,h1449,0.5734179811228999,scr2012,dem,electricity
LU,h1450,0.6079086119088534,scr2012,dem,electricity
LU,h1451,0.6197851621748834,scr2012,dem,electricity
LU,h1452,0.6230749306223622,scr2012,dem,electricity
LU,h1453,0.6216204188387823,scr2012,dem,electricity
LU,h1454,0.6154583685195151,scr2012,dem,electricity
LU,h1455,0.5993051406920229,scr2012,dem,electricity
LU,h1456,0.5809042386290361,scr2012,dem,electricity
LU,h1457,0.5720302776744361,scr2012,dem,electricity
LU,h1458,0.579524883259578,scr2012,dem,electricity
LU,h1459,0.6183306514779959,scr2012,dem,electricity
LU,h1460,0.6604264383010815,scr2012,dem,electricity
LU,h1461,0.6829556727942684,scr2012,dem,electricity
LU,h1462,0.6741283324706577,scr2012,dem,electricity
LU,h1463,0.6404055237106778,scr2012,dem,electricity
LU,h1464,0.5921511763511678,scr2012,dem,electricity
LU,h1465,0.5281344251398251,scr2012,dem,electricity
LU,h1466,0.47332984793181065,scr2012,dem,electricity
LU,h1467,0.43627779887128415,scr2012,dem,electricity
LU,h1468,0.4180215673817781,scr2012,dem,electricity
LU,h1469,0.410151139914289,scr2012,dem,electricity
LU,h1470,0.4124338495728638,scr2012,dem,electricity
LU,h1471,0.4230388632348319,scr2012,dem,electricity
LU,h1472,0.4440080012744224,scr2012,dem,electricity
LU,h1473,0.4804990250845972,scr2012,dem,electricity
LU,h1474,0.5198622111360085,scr2012,dem,electricity
LU,h1475,0.5509141772186705,scr2012,dem,electricity
LU,h1476,0.5652954939346404,scr2012,dem,electricity
LU,h1477,0.5688106726785835,scr2012,dem,electricity
LU,h1478,0.5624816828305508,scr2012,dem,electricity
LU,h1479,0.5467327141164737,scr2012,dem,electricity
LU,h1480,0.5291034722027167,scr2012,dem,electricity
LU,h1481,0.5212315332443289,scr2012,dem,electricity
LU,h1482,0.5302089513479384,scr2012,dem,electricity
LU,h1483,0.5712938428310951,scr2012,dem,electricity
LU,h1484,0.6158508021175191,scr2012,dem,electricity
LU,h1485,0.6439224131260485,scr2012,dem,electricity
LU,h1486,0.6393751714190453,scr2012,dem,electricity
LU,h1487,0.6107341334256812,scr2012,dem,electricity
LU,h1488,0.5661287833500664,scr2012,dem,electricity
LU,h1489,0.5071211865757967,scr2012,dem,electricity
LU,h1490,0.4571975671440488,scr2012,dem,electricity
LU,h1491,0.42202424885974094,scr2012,dem,electricity
LU,h1492,0.4038974893121853,scr2012,dem,electricity
LU,h1493,0.3942543618588461,scr2012,dem,electricity
LU,h1494,0.3944340391988581,scr2012,dem,electricity
LU,h1495,0.3956203091781789,scr2012,dem,electricity
LU,h1496,0.4002331388165072,scr2012,dem,electricity
LU,h1497,0.41838626683938596,scr2012,dem,electricity
LU,h1498,0.45245442899295873,scr2012,dem,electricity
LU,h1499,0.49598796866492134,scr2012,dem,electricity
LU,h1500,0.5291936472592755,scr2012,dem,electricity
LU,h1501,0.5420185521859673,scr2012,dem,electricity
LU,h1502,0.5312142354618954,scr2012,dem,electricity
LU,h1503,0.5036519679540731,scr2012,dem,electricity
LU,h1504,0.47477998056430293,scr2012,dem,electricity
LU,h1505,0.4570018566401192,scr2012,dem,electricity
LU,h1506,0.46073956081123896,scr2012,dem,electricity
LU,h1507,0.5004273926715539,scr2012,dem,electricity
LU,h1508,0.5518927466842216,scr2012,dem,electricity
LU,h1509,0.5922380118134726,scr2012,dem,electricity
LU,h1510,0.6033012777854119,scr2012,dem,electricity
LU,h1511,0.5867823680176913,scr2012,dem,electricity
LU,h1512,0.5459010975457919,scr2012,dem,electricity
LU,h1513,0.48682474839491174,scr2012,dem,electricity
LU,h1514,0.43940297504450215,scr2012,dem,electricity
LU,h1515,0.4121035495220273,scr2012,dem,electricity
LU,h1516,0.40163599158902796,scr2012,dem,electricity
LU,h1517,0.3991709384589691,scr2012,dem,electricity
LU,h1518,0.41269802267454797,scr2012,dem,electricity
LU,h1519,0.4506920349220915,scr2012,dem,electricity
LU,h1520,0.5081303075767647,scr2012,dem,electricity
LU,h1521,0.5689108678726038,scr2012,dem,electricity
LU,h1522,0.6080271771470622,scr2012,dem,electricity
LU,h1523,0.6208756286756965,scr2012,dem,electricity
LU,h1524,0.6214734646496863,scr2012,dem,electricity
LU,h1525,0.6189000981761256,scr2012,dem,electricity
LU,h1526,0.6134895193995301,scr2012,dem,electricity
LU,h1527,0.599762701027907,scr2012,dem,electricity
LU,h1528,0.5823854601780156,scr2012,dem,electricity
LU,h1529,0.5731190654177879,scr2012,dem,electricity
LU,h1530,0.5789637888574913,scr2012,dem,electricity
LU,h1531,0.6178447007760193,scr2012,dem,electricity
LU,h1532,0.6616287971200128,scr2012,dem,electricity
LU,h1533,0.6878302532808124,scr2012,dem,electricity
LU,h1534,0.6813608725633852,scr2012,dem,electricity
LU,h1535,0.6460231967658309,scr2012,dem,electricity
LU,h1536,0.5923782859753292,scr2012,dem,electricity
LU,h1537,0.5209018941115843,scr2012,dem,electricity
LU,h1538,0.46297002792761005,scr2012,dem,electricity
LU,h1539,0.4279476232787457,scr2012,dem,electricity
LU,h1540,0.41491995050493036,scr2012,dem,electricity
LU,h1541,0.41269267916253594,scr2012,dem,electricity
LU,h1542,0.42569396159229106,scr2012,dem,electricity
LU,h1543,0.46208231605321737,scr2012,dem,electricity
LU,h1544,0.5177928655565379,scr2012,dem,electricity
LU,h1545,0.5750695325005275,scr2012,dem,electricity
LU,h1546,0.6111148777449094,scr2012,dem,electricity
LU,h1547,0.6223752283399326,scr2012,dem,electricity
LU,h1548,0.6239399559728097,scr2012,dem,electricity
LU,h1549,0.6216655065284848,scr2012,dem,electricity
LU,h1550,0.6153481526299645,scr2012,dem,electricity
LU,h1551,0.5999848009668225,scr2012,dem,electricity
LU,h1552,0.5815254497470709,scr2012,dem,electricity
LU,h1553,0.5726765365232165,scr2012,dem,electricity
LU,h1554,0.5781906152286073,scr2012,dem,electricity
LU,h1555,0.6170731921204367,scr2012,dem,electricity
LU,h1556,0.6613666157524005,scr2012,dem,electricity
LU,h1557,0.6891478431747479,scr2012,dem,electricity
LU,h1558,0.6844686460390866,scr2012,dem,electricity
LU,h1559,0.6494148444128977,scr2012,dem,electricity
LU,h1560,0.5952204998214679,scr2012,dem,electricity
LU,h1561,0.523256293764516,scr2012,dem,electricity
LU,h1562,0.46546700965211324,scr2012,dem,electricity
LU,h1563,0.43044709175219154,scr2012,dem,electricity
LU,h1564,0.4171074801326043,scr2012,dem,electricity
LU,h1565,0.41435202811317656,scr2012,dem,electricity
LU,h1566,0.4272581322841629,scr2012,dem,electricity
LU,h1567,0.4630184544877193,scr2012,dem,electricity
LU,h1568,0.5186336623646904,scr2012,dem,electricity
LU,h1569,0.5753033215319702,scr2012,dem,electricity
LU,h1570,0.6111900244766667,scr2012,dem,electricity
LU,h1571,0.6223518492614692,scr2012,dem,electricity
LU,h1572,0.6245678510524283,scr2012,dem,electricity
LU,h1573,0.6230799402494142,scr2012,dem,electricity
LU,h1574,0.6173370415109798,scr2012,dem,electricity
LU,h1575,0.6025848787149368,scr2012,dem,electricity
LU,h1576,0.5846298365333575,scr2012,dem,electricity
LU,h1577,0.5757308211464601,scr2012,dem,electricity
LU,h1578,0.5805702539937825,scr2012,dem,electricity
LU,h1579,0.6185243630211978,scr2012,dem,electricity
LU,h1580,0.6627610184910209,scr2012,dem,electricity
LU,h1581,0.6907175960523966,scr2012,dem,electricity
LU,h1582,0.6863890873425653,scr2012,dem,electricity
LU,h1583,0.6511983408818033,scr2012,dem,electricity
LU,h1584,0.5969588936313198,scr2012,dem,electricity
LU,h1585,0.5247777456572175,scr2012,dem,electricity
LU,h1586,0.4659217202359291,scr2012,dem,electricity
LU,h1587,0.4300059107640972,scr2012,dem,electricity
LU,h1588,0.4158288603028951,scr2012,dem,electricity
LU,h1589,0.4129358119578832,scr2012,dem,electricity
LU,h1590,0.42563584989550857,scr2012,dem,electricity
LU,h1591,0.46168070847551185,scr2012,dem,electricity
LU,h1592,0.5174331683412068,scr2012,dem,electricity
LU,h1593,0.5739473459793653,scr2012,dem,electricity
LU,h1594,0.6090708832472436,scr2012,dem,electricity
LU,h1595,0.6194962638591808,scr2012,dem,electricity
LU,h1596,0.6215018529987971,scr2012,dem,electricity
LU,h1597,0.6201625668082366,scr2012,dem,electricity
LU,h1598,0.6149607283312383,scr2012,dem,electricity
LU,h1599,0.6005609260987548,scr2012,dem,electricity
LU,h1600,0.5828246495792804,scr2012,dem,electricity
LU,h1601,0.5737486255226135,scr2012,dem,electricity
LU,h1602,0.5769248148251287,scr2012,dem,electricity
LU,h1603,0.6142343087139184,scr2012,dem,electricity
LU,h1604,0.6586579690963111,scr2012,dem,electricity
LU,h1605,0.6883646369905345,scr2012,dem,electricity
LU,h1606,0.6852618714951816,scr2012,dem,electricity
LU,h1607,0.6505954918899908,scr2012,dem,electricity
LU,h1608,0.5969138050595804,scr2012,dem,electricity
LU,h1609,0.5258478212735346,scr2012,dem,electricity
LU,h1610,0.4695856219274537,scr2012,dem,electricity
LU,h1611,0.4346636956597282,scr2012,dem,electricity
LU,h1612,0.42035988762603926,scr2012,dem,electricity
LU,h1613,0.41572566240154973,scr2012,dem,electricity
LU,h1614,0.426967406843924,scr2012,dem,electricity
LU,h1615,0.4621674801222733,scr2012,dem,electricity
LU,h1616,0.5166147481229055,scr2012,dem,electricity
LU,h1617,0.571459164794438,scr2012,dem,electricity
LU,h1618,0.6043082446620789,scr2012,dem,electricity
LU,h1619,0.6133175162410294,scr2012,dem,electricity
LU,h1620,0.6157238872486073,scr2012,dem,electricity
LU,h1621,0.613923701353777,scr2012,dem,electricity
LU,h1622,0.6080589056500256,scr2012,dem,electricity
LU,h1623,0.5926721926636052,scr2012,dem,electricity
LU,h1624,0.5755671688119595,scr2012,dem,electricity
LU,h1625,0.5661722012478018,scr2012,dem,electricity
LU,h1626,0.5692047737847219,scr2012,dem,electricity
LU,h1627,0.6048159032484154,scr2012,dem,electricity
LU,h1628,0.6495016809910343,scr2012,dem,electricity
LU,h1629,0.6787791335209551,scr2012,dem,electricity
LU,h1630,0.6755360969807523,scr2012,dem,electricity
LU,h1631,0.6412070936435478,scr2012,dem,electricity
LU,h1632,0.5913746608623064,scr2012,dem,electricity
LU,h1633,0.5255163449152,scr2012,dem,electricity
LU,h1634,0.47072248230870783,scr2012,dem,electricity
LU,h1635,0.4339635162357443,scr2012,dem,electricity
LU,h1636,0.4157971329360664,scr2012,dem,electricity
LU,h1637,0.4079555982851468,scr2012,dem,electricity
LU,h1638,0.4098156633892344,scr2012,dem,electricity
LU,h1639,0.4190468678958817,scr2012,dem,electricity
LU,h1640,0.44205374077837123,scr2012,dem,electricity
LU,h1641,0.48019894525483553,scr2012,dem,electricity
LU,h1642,0.5208441150482683,scr2012,dem,electricity
LU,h1643,0.5486781629307977,scr2012,dem,electricity
LU,h1644,0.5602406545538184,scr2012,dem,electricity
LU,h1645,0.5623230411399196,scr2012,dem,electricity
LU,h1646,0.5561426805903339,scr2012,dem,electricity
LU,h1647,0.5409481394134918,scr2012,dem,electricity
LU,h1648,0.5236746051415466,scr2012,dem,electricity
LU,h1649,0.5144216640053392,scr2012,dem,electricity
LU,h1650,0.5194931621732632,scr2012,dem,electricity
LU,h1651,0.5594357547345251,scr2012,dem,electricity
LU,h1652,0.6080488860671707,scr2012,dem,electricity
LU,h1653,0.6426933387484607,scr2012,dem,electricity
LU,h1654,0.6415778197434471,scr2012,dem,electricity
LU,h1655,0.6120299997963593,scr2012,dem,electricity
LU,h1656,0.5655893996690328,scr2012,dem,electricity
LU,h1657,0.504853628400022,scr2012,dem,electricity
LU,h1658,0.45412197455222764,scr2012,dem,electricity
LU,h1659,0.41912869179482937,scr2012,dem,electricity
LU,h1660,0.4017416942214081,scr2012,dem,electricity
LU,h1661,0.39236792010332705,scr2012,dem,electricity
LU,h1662,0.3925793242085053,scr2012,dem,electricity
LU,h1663,0.39245792541935315,scr2012,dem,electricity
LU,h1664,0.397924051453709,scr2012,dem,electricity
LU,h1665,0.4181140779470105,scr2012,dem,electricity
LU,h1666,0.4556205280447223,scr2012,dem,electricity
LU,h1667,0.49972453200437905,scr2012,dem,electricity
LU,h1668,0.5319373059596442,scr2012,dem,electricity
LU,h1669,0.5435431817455572,scr2012,dem,electricity
LU,h1670,0.531144099985481,scr2012,dem,electricity
LU,h1671,0.5026936129784642,scr2012,dem,electricity
LU,h1672,0.4731583502963699,scr2012,dem,electricity
LU,h1673,0.455213076488637,scr2012,dem,electricity
LU,h1674,0.4565175902464253,scr2012,dem,electricity
LU,h1675,0.4929143562747311,scr2012,dem,electricity
LU,h1676,0.5455019887900763,scr2012,dem,electricity
LU,h1677,0.5886009155334194,scr2012,dem,electricity
LU,h1678,0.6027552114792775,scr2012,dem,electricity
LU,h1679,0.5853829718818678,scr2012,dem,electricity
LU,h1680,0.5441309906921256,scr2012,dem,electricity
LU,h1681,0.48457573519710606,scr2012,dem,electricity
LU,h1682,0.4369931742372677,scr2012,dem,electricity
LU,h1683,0.410304266528066,scr2012,dem,electricity
LU,h1684,0.40087770595191996,scr2012,dem,electricity
LU,h1685,0.3988830539985773,scr2012,dem,electricity
LU,h1686,0.4117917850963327,scr2012,dem,electricity
LU,h1687,0.44698272667209693,scr2012,dem,electricity
LU,h1688,0.5048427739552295,scr2012,dem,electricity
LU,h1689,0.5661037347390773,scr2012,dem,electricity
LU,h1690,0.6069634320551278,scr2012,dem,electricity
LU,h1691,0.6175240739968594,scr2012,dem,electricity
LU,h1692,0.6168009932529231,scr2012,dem,electricity
LU,h1693,0.6140806749640212,scr2012,dem,electricity
LU,h1694,0.6095251040730087,scr2012,dem,electricity
LU,h1695,0.5967284432816914,scr2012,dem,electricity
LU,h1696,0.5801627927634887,scr2012,dem,electricity
LU,h1697,0.5707344196399219,scr2012,dem,electricity
LU,h1698,0.5734981369873066,scr2012,dem,electricity
LU,h1699,0.6108693976762696,scr2012,dem,electricity
LU,h1700,0.6575107183833476,scr2012,dem,electricity
LU,h1701,0.6889023602886825,scr2012,dem,electricity
LU,h1702,0.6856760186392695,scr2012,dem,electricity
LU,h1703,0.6492228010298252,scr2012,dem,electricity
LU,h1704,0.5940031236221882,scr2012,dem,electricity
LU,h1705,0.5213178674067422,scr2012,dem,electricity
LU,h1706,0.4648646811419441,scr2012,dem,electricity
LU,h1707,0.4316410524110378,scr2012,dem,electricity
LU,h1708,0.4195591839845952,scr2012,dem,electricity
LU,h1709,0.4165711176186938,scr2012,dem,electricity
LU,h1710,0.4268485121823531,scr2012,dem,electricity
LU,h1711,0.4602886917781608,scr2012,dem,electricity
LU,h1712,0.5148738740984204,scr2012,dem,electricity
LU,h1713,0.5718716353783608,scr2012,dem,electricity
LU,h1714,0.6077649982448621,scr2012,dem,electricity
LU,h1715,0.6167742743290208,scr2012,dem,electricity
LU,h1716,0.6177010865382058,scr2012,dem,electricity
LU,h1717,0.6159142595529092,scr2012,dem,electricity
LU,h1718,0.6112417925230059,scr2012,dem,electricity
LU,h1719,0.5974164530924351,scr2012,dem,electricity
LU,h1720,0.5803381348590526,scr2012,dem,electricity
LU,h1721,0.5708279351842498,scr2012,dem,electricity
LU,h1722,0.5722590566497392,scr2012,dem,electricity
LU,h1723,0.6065843580891896,scr2012,dem,electricity
LU,h1724,0.653357574210789,scr2012,dem,electricity
LU,h1725,0.6872324115108628,scr2012,dem,electricity
LU,h1726,0.688830552950778,scr2012,dem,electricity
LU,h1727,0.6527730945638311,scr2012,dem,electricity
LU,h1728,0.5970640985397444,scr2012,dem,electricity
LU,h1729,0.5238768309131886,scr2012,dem,electricity
LU,h1730,0.46784175752543783,scr2012,dem,electricity
LU,h1731,0.43444694566018854,scr2012,dem,electricity
LU,h1732,0.42187897008853376,scr2012,dem,electricity
LU,h1733,0.4183201401343133,scr2012,dem,electricity
LU,h1734,0.4286927213867509,scr2012,dem,electricity
LU,h1735,0.4617767268913827,scr2012,dem,electricity
LU,h1736,0.5164978547970285,scr2012,dem,electricity
LU,h1737,0.5732493189115698,scr2012,dem,electricity
LU,h1738,0.6095818817225017,scr2012,dem,electricity
LU,h1739,0.6194277967644801,scr2012,dem,electricity
LU,h1740,0.6217790623933399,scr2012,dem,electricity
LU,h1741,0.6209340761827606,scr2012,dem,electricity
LU,h1742,0.6163734908357686,scr2012,dem,electricity
LU,h1743,0.6022809519890512,scr2012,dem,electricity
LU,h1744,0.5847200124427703,scr2012,dem,electricity
LU,h1745,0.5744466522960228,scr2012,dem,electricity
LU,h1746,0.5752582334706104,scr2012,dem,electricity
LU,h1747,0.6087986843661476,scr2012,dem,electricity
LU,h1748,0.6556587528027212,scr2012,dem,electricity
LU,h1749,0.6892797690844482,scr2012,dem,electricity
LU,h1750,0.6910415661629584,scr2012,dem,electricity
LU,h1751,0.6547953934746489,scr2012,dem,electricity
LU,h1752,0.5990947297457999,scr2012,dem,electricity
LU,h1753,0.5257644931203719,scr2012,dem,electricity
LU,h1754,0.4684345676576489,scr2012,dem,electricity
LU,h1755,0.43381807022172525,scr2012,dem,electricity
LU,h1756,0.4201802095740154,scr2012,dem,electricity
LU,h1757,0.41646825377999724,scr2012,dem,electricity
LU,h1758,0.4267271124477819,scr2012,dem,electricity
LU,h1759,0.460150591970049,scr2012,dem,electricity
LU,h1760,0.5150305110034966,scr2012,dem,electricity
LU,h1761,0.5716812644173583,scr2012,dem,electricity
LU,h1762,0.6071287553221485,scr2012,dem,electricity
LU,h1763,0.6157773254398919,scr2012,dem,electricity
LU,h1764,0.6170665127412165,scr2012,dem,electricity
LU,h1765,0.6156203517883874,scr2012,dem,electricity
LU,h1766,0.6110864890893334,scr2012,dem,electricity
LU,h1767,0.5970674383949002,scr2012,dem,electricity
LU,h1768,0.5796618162302982,scr2012,dem,electricity
LU,h1769,0.5696272630305532,scr2012,dem,electricity
LU,h1770,0.5701082000425642,scr2012,dem,electricity
LU,h1771,0.6040210174997732,scr2012,dem,electricity
LU,h1772,0.6516976528481628,scr2012,dem,electricity
LU,h1773,0.6868433129972636,scr2012,dem,electricity
LU,h1774,0.6898325221823377,scr2012,dem,electricity
LU,h1775,0.6543461788425864,scr2012,dem,electricity
LU,h1776,0.5994203655609578,scr2012,dem,electricity
LU,h1777,0.526586087290522,scr2012,dem,electricity
LU,h1778,0.46984779478818395,scr2012,dem,electricity
LU,h1779,0.43413000337825913,scr2012,dem,electricity
LU,h1780,0.4197866210241221,scr2012,dem,electricity
LU,h1781,0.414933309467684,scr2012,dem,electricity
LU,h1782,0.42567559279866146,scr2012,dem,electricity
LU,h1783,0.4604625264942692,scr2012,dem,electricity
LU,h1784,0.5155331516594956,scr2012,dem,electricity
LU,h1785,0.5705273498632727,scr2012,dem,electricity
LU,h1786,0.6028320282176357,scr2012,dem,electricity
LU,h1787,0.6103533894811017,scr2012,dem,electricity
LU,h1788,0.6122871689023354,scr2012,dem,electricity
LU,h1789,0.6113737169216115,scr2012,dem,electricity
LU,h1790,0.6065576392077873,scr2012,dem,electricity
LU,h1791,0.5921645354092584,scr2012,dem,electricity
LU,h1792,0.575410196520777,scr2012,dem,electricity
LU,h1793,0.5662840860079041,scr2012,dem,electricity
LU,h1794,0.5680508597065211,scr2012,dem,electricity
LU,h1795,0.5999781212534155,scr2012,dem,electricity
LU,h1796,0.6448475593759416,scr2012,dem,electricity
LU,h1797,0.6765297151355086,scr2012,dem,electricity
LU,h1798,0.678266460027315,scr2012,dem,electricity
LU,h1799,0.6431492320155888,scr2012,dem,electricity
LU,h1800,0.59161513021914,scr2012,dem,electricity
LU,h1801,0.5239062214150774,scr2012,dem,electricity
LU,h1802,0.4694301551489937,scr2012,dem,electricity
LU,h1803,0.433128745213903,scr2012,dem,electricity
LU,h1804,0.4151420430898938,scr2012,dem,electricity
LU,h1805,0.40714988780478856,scr2012,dem,electricity
LU,h1806,0.4086267179406274,scr2012,dem,electricity
LU,h1807,0.41672174008737944,scr2012,dem,electricity
LU,h1808,0.4415519420647777,scr2012,dem,electricity
LU,h1809,0.481414626925892,scr2012,dem,electricity
LU,h1810,0.5240603534529262,scr2012,dem,electricity
LU,h1811,0.5506369717163995,scr2012,dem,electricity
LU,h1812,0.5618955421296181,scr2012,dem,electricity
LU,h1813,0.5647511011008194,scr2012,dem,electricity
LU,h1814,0.5596695428026831,scr2012,dem,electricity
LU,h1815,0.5448624122217203,scr2012,dem,electricity
LU,h1816,0.5273767878450575,scr2012,dem,electricity
LU,h1817,0.5176813158311039,scr2012,dem,electricity
LU,h1818,0.5209994164806491,scr2012,dem,electricity
LU,h1819,0.5567021020559617,scr2012,dem,electricity
LU,h1820,0.605196647214785,scr2012,dem,electricity
LU,h1821,0.6412939304682957,scr2012,dem,electricity
LU,h1822,0.6436819425319978,scr2012,dem,electricity
LU,h1823,0.6134911895074446,scr2012,dem,electricity
LU,h1824,0.5654073790303401,scr2012,dem,electricity
LU,h1825,0.5031925793028226,scr2012,dem,electricity
LU,h1826,0.4518681334606289,scr2012,dem,electricity
LU,h1827,0.417303022102466,scr2012,dem,electricity
LU,h1828,0.4006769887827773,scr2012,dem,electricity
LU,h1829,0.39141676756767857,scr2012,dem,electricity
LU,h1830,0.3914907424059509,scr2012,dem,electricity
LU,h1831,0.3902304987657247,scr2012,dem,electricity
LU,h1832,0.39567290977331937,scr2012,dem,electricity
LU,h1833,0.4159263809630097,scr2012,dem,electricity
LU,h1834,0.4540239524959526,scr2012,dem,electricity
LU,h1835,0.4970127849906054,scr2012,dem,electricity
LU,h1836,0.5288947338274627,scr2012,dem,electricity
LU,h1837,0.5411201398176552,scr2012,dem,electricity
LU,h1838,0.5290216465136685,scr2012,dem,electricity
LU,h1839,0.500270588972666,scr2012,dem,electricity
LU,h1840,0.46968598217428115,scr2012,dem,electricity
LU,h1841,0.45178380389721506,scr2012,dem,electricity
LU,h1842,0.45246010663325026,scr2012,dem,electricity
LU,h1843,0.48630424238243186,scr2012,dem,electricity
LU,h1844,0.5392161077883336,scr2012,dem,electricity
LU,h1845,0.5835260172404094,scr2012,dem,electricity
LU,h1846,0.600818095093777,scr2012,dem,electricity
LU,h1847,0.5836629510047108,scr2012,dem,electricity
LU,h1848,0.5423675640330142,scr2012,dem,electricity
LU,h1849,0.4829935111002398,scr2012,dem,electricity
LU,h1850,0.4356781459615215,scr2012,dem,electricity
LU,h1851,0.4095145861414446,scr2012,dem,electricity
LU,h1852,0.400624220558903,scr2012,dem,electricity
LU,h1853,0.3985687854582309,scr2012,dem,electricity
LU,h1854,0.41076681997925196,scr2012,dem,electricity
LU,h1855,0.44339849531208686,scr2012,dem,electricity
LU,h1856,0.49982472667568056,scr2012,dem,electricity
LU,h1857,0.5599684581865918,scr2012,dem,electricity
LU,h1858,0.6019987341772056,scr2012,dem,electricity
LU,h1859,0.6140122075745491,scr2012,dem,electricity
LU,h1860,0.6154633781406957,scr2012,dem,electricity
LU,h1861,0.6146150528882601,scr2012,dem,electricity
LU,h1862,0.6106623269136219,scr2012,dem,electricity
LU,h1863,0.5982413970640613,scr2012,dem,electricity
LU,h1864,0.5812916604767364,scr2012,dem,electricity
LU,h1865,0.572232337564246,scr2012,dem,electricity
LU,h1866,0.5742896793297979,scr2012,dem,electricity
LU,h1867,0.608489747375605,scr2012,dem,electricity
LU,h1868,0.6549239785026096,scr2012,dem,electricity
LU,h1869,0.6875597210126424,scr2012,dem,electricity
LU,h1870,0.6884731835819109,scr2012,dem,electricity
LU,h1871,0.6522520731013024,scr2012,dem,electricity
LU,h1872,0.5959118493212713,scr2012,dem,electricity
LU,h1873,0.5228378151995953,scr2012,dem,electricity
LU,h1874,0.4660581497889257,scr2012,dem,electricity
LU,h1875,0.4328458680183404,scr2012,dem,electricity
LU,h1876,0.42025685648449346,scr2012,dem,electricity
LU,h1877,0.41700461592954247,scr2012,dem,electricity
LU,h1878,0.4266980562406924,scr2012,dem,electricity
LU,h1879,0.45902525582380127,scr2012,dem,electricity
LU,h1880,0.5132692638502744,scr2012,dem,electricity
LU,h1881,0.5710466945908158,scr2012,dem,electricity
LU,h1882,0.6083427938374443,scr2012,dem,electricity
LU,h1883,0.6182972524632071,scr2012,dem,electricity
LU,h1884,0.6198920382727857,scr2012,dem,electricity
LU,h1885,0.6189334968419691,scr2012,dem,electricity
LU,h1886,0.61482212448222,scr2012,dem,electricity
LU,h1887,0.6010869534237484,scr2012,dem,electricity
LU,h1888,0.5840052852527944,scr2012,dem,electricity
LU,h1889,0.5745769058184118,scr2012,dem,electricity
LU,h1890,0.5761199124110101,scr2012,dem,electricity
LU,h1891,0.6057293539399143,scr2012,dem,electricity
LU,h1892,0.6520717190534684,scr2012,dem,electricity
LU,h1893,0.6857712055927577,scr2012,dem,electricity
LU,h1894,0.6915058121692805,scr2012,dem,electricity
LU,h1895,0.6552813461645108,scr2012,dem,electricity
LU,h1896,0.5992082848587615,scr2012,dem,electricity
LU,h1897,0.5258160932077689,scr2012,dem,electricity
LU,h1898,0.4688729137017099,scr2012,dem,electricity
LU,h1899,0.4344232336461078,scr2012,dem,electricity
LU,h1900,0.42111016114985256,scr2012,dem,electricity
LU,h1901,0.4173850124815034,scr2012,dem,electricity
LU,h1902,0.4273640020374193,scr2012,dem,electricity
LU,h1903,0.4595544427061124,scr2012,dem,electricity
LU,h1904,0.5139539240374852,scr2012,dem,electricity
LU,h1905,0.5714842137798506,scr2012,dem,electricity
LU,h1906,0.6088053644408788,scr2012,dem,electricity
LU,h1907,0.6189668955079843,scr2012,dem,electricity
LU,h1908,0.6209891838227003,scr2012,dem,electricity
LU,h1909,0.6205566711526337,scr2012,dem,electricity
LU,h1910,0.6167776141945025,scr2012,dem,electricity
LU,h1911,0.6033413564390689,scr2012,dem,electricity
LU,h1912,0.5861544770216401,scr2012,dem,electricity
LU,h1913,0.5760764951455868,scr2012,dem,electricity
LU,h1914,0.5765424028450385,scr2012,dem,electricity
LU,h1915,0.6059380953527255,scr2012,dem,electricity
LU,h1916,0.6526845878262442,scr2012,dem,electricity
LU,h1917,0.6870370275404907,scr2012,dem,electricity
LU,h1918,0.6927499255827613,scr2012,dem,electricity
LU,h1919,0.656702466756458,scr2012,dem,electricity
LU,h1920,0.6008882317421916,scr2012,dem,electricity
LU,h1921,0.5275359302310357,scr2012,dem,electricity
LU,h1922,0.4690046675746064,scr2012,dem,electricity
LU,h1923,0.43314193736567597,scr2012,dem,electricity
LU,h1924,0.41872191087471783,scr2012,dem,electricity
LU,h1925,0.41505470888512797,scr2012,dem,electricity
LU,h1926,0.4252686444261973,scr2012,dem,electricity
LU,h1927,0.45753755527637596,scr2012,dem,electricity
LU,h1928,0.5117838855494071,scr2012,dem,electricity
LU,h1929,0.5689025184490601,scr2012,dem,electricity
LU,h1930,0.6055907506425843,scr2012,dem,electricity
LU,h1931,0.6150225163536674,scr2012,dem,electricity
LU,h1932,0.616201487952464,scr2012,dem,electricity
LU,h1933,0.615303064632096,scr2012,dem,electricity
LU,h1934,0.6117745004560963,scr2012,dem,electricity
LU,h1935,0.5986371698104881,scr2012,dem,electricity
LU,h1936,0.5815187700535087,scr2012,dem,electricity
LU,h1937,0.5713439404486049,scr2012,dem,electricity
LU,h1938,0.5716929536861366,scr2012,dem,electricity
LU,h1939,0.6018133718976577,scr2012,dem,electricity
LU,h1940,0.6492278106765248,scr2012,dem,electricity
LU,h1941,0.6845220840663649,scr2012,dem,electricity
LU,h1942,0.6909447090128181,scr2012,dem,electricity
LU,h1943,0.6558608160218846,scr2012,dem,electricity
LU,h1944,0.6008832221324415,scr2012,dem,electricity
LU,h1945,0.5276745324184964,scr2012,dem,electricity
LU,h1946,0.47028597338629463,scr2012,dem,electricity
LU,h1947,0.4338235809751639,scr2012,dem,electricity
LU,h1948,0.41943511321306154,scr2012,dem,electricity
LU,h1949,0.41423046149906134,scr2012,dem,electricity
LU,h1950,0.4243042929836719,scr2012,dem,electricity
LU,h1951,0.45597721562165855,scr2012,dem,electricity
LU,h1952,0.5088515380975929,scr2012,dem,electricity
LU,h1953,0.5641048427550522,scr2012,dem,electricity
LU,h1954,0.5994186958087777,scr2012,dem,electricity
LU,h1955,0.6092896440020978,scr2012,dem,electricity
LU,h1956,0.6118129087034412,scr2012,dem,electricity
LU,h1957,0.6113586873635318,scr2012,dem,electricity
LU,h1958,0.6069333733117706,scr2012,dem,electricity
LU,h1959,0.5931631510459582,scr2012,dem,electricity
LU,h1960,0.5769331646118149,scr2012,dem,electricity
LU,h1961,0.5683464353201947,scr2012,dem,electricity
LU,h1962,0.5701382586070934,scr2012,dem,electricity
LU,h1963,0.5986555391944866,scr2012,dem,electricity
LU,h1964,0.6417982520495895,scr2012,dem,electricity
LU,h1965,0.6732783300700541,scr2012,dem,electricity
LU,h1966,0.6779374804760342,scr2012,dem,electricity
LU,h1967,0.6436084648405598,scr2012,dem,electricity
LU,h1968,0.5912176878149437,scr2012,dem,electricity
LU,h1969,0.5229196407977333,scr2012,dem,electricity
LU,h1970,0.46850987971768926,scr2012,dem,electricity
LU,h1971,0.4322355284811362,scr2012,dem,electricity
LU,h1972,0.4141589909896732,scr2012,dem,electricity
LU,h1973,0.4057284973241558,scr2012,dem,electricity
LU,h1974,0.406682324956714,scr2012,dem,electricity
LU,h1975,0.41455024154345255,scr2012,dem,electricity
LU,h1976,0.43967065668226313,scr2012,dem,electricity
LU,h1977,0.47962517020374773,scr2012,dem,electricity
LU,h1978,0.5222334762768271,scr2012,dem,electricity
LU,h1979,0.5483341606196219,scr2012,dem,electricity
LU,h1980,0.5605629481085119,scr2012,dem,electricity
LU,h1981,0.5645473706645645,scr2012,dem,electricity
LU,h1982,0.5605445788392184,scr2012,dem,electricity
LU,h1983,0.5463035465081687,scr2012,dem,electricity
LU,h1984,0.5293339195723649,scr2012,dem,electricity
LU,h1985,0.520144425376015,scr2012,dem,electricity
LU,h1986,0.5227411281913975,scr2012,dem,electricity
LU,h1987,0.5544844547997054,scr2012,dem,electricity
LU,h1988,0.601397560159205,scr2012,dem,electricity
LU,h1989,0.6380041533071333,scr2012,dem,electricity
LU,h1990,0.6438489361360865,scr2012,dem,electricity
LU,h1991,0.6146902000129361,scr2012,dem,electricity
LU,h1992,0.5654942144635796,scr2012,dem,electricity
LU,h1993,0.5019553505511738,scr2012,dem,electricity
LU,h1994,0.4494297709289282,scr2012,dem,electricity
LU,h1995,0.41557787911608013,scr2012,dem,electricity
LU,h1996,0.3995224446512159,scr2012,dem,electricity
LU,h1997,0.3903442161660103,scr2012,dem,electricity
LU,h1998,0.39044474189700434,scr2012,dem,electricity
LU,h1999,0.39416469093479506,scr2012,dem,electricity
LU,h2000,0.4016810781280309,scr2012,dem,electricity
LU,h2001,0.4193982088126279,scr2012,dem,electricity
LU,h2002,0.4513319337990097,scr2012,dem,electricity
LU,h2003,0.4915189912092075,scr2012,dem,electricity
LU,h2004,0.5262162028377864,scr2012,dem,electricity
LU,h2005,0.5415058896760266,scr2012,dem,electricity
LU,h2006,0.5336122243411454,scr2012,dem,electricity
LU,h2007,0.5059534246019536,scr2012,dem,electricity
LU,h2008,0.4749095639268329,scr2012,dem,electricity
LU,h2009,0.45245242520274814,scr2012,dem,electricity
LU,h2010,0.4422250708082502,scr2012,dem,electricity
LU,h2011,0.4424443262517749,scr2012,dem,electricity
LU,h2012,0.4750894116073011,scr2012,dem,electricity
LU,h2013,0.529063394400268,scr2012,dem,electricity
LU,h2014,0.5713372604142022,scr2012,dem,electricity
LU,h2015,0.5793428611441447,scr2012,dem,electricity
LU,h2016,0.5436199973779846,scr2012,dem,electricity
LU,h2017,0.4943661645019677,scr2012,dem,electricity
LU,h2018,0.4435701587683208,scr2012,dem,electricity
LU,h2019,0.41177876022247384,scr2012,dem,electricity
LU,h2020,0.39997948624611035,scr2012,dem,electricity
LU,h2021,0.3973638122577181,scr2012,dem,electricity
LU,h2022,0.40904936089192806,scr2012,dem,electricity
LU,h2023,0.44506019252057105,scr2012,dem,electricity
LU,h2024,0.5003689460077873,scr2012,dem,electricity
LU,h2025,0.5561610491418126,scr2012,dem,electricity
LU,h2026,0.5928141362336098,scr2012,dem,electricity
LU,h2027,0.6068381871160513,scr2012,dem,electricity
LU,h2028,0.6130820560310135,scr2012,dem,electricity
LU,h2029,0.6144898081518069,scr2012,dem,electricity
LU,h2030,0.6106857055978082,scr2012,dem,electricity
LU,h2031,0.5966766753537528,scr2012,dem,electricity
LU,h2032,0.5778332518285453,scr2012,dem,electricity
LU,h2033,0.5631346206729809,scr2012,dem,electricity
LU,h2034,0.554053616527068,scr2012,dem,electricity
LU,h2035,0.5547733497202875,scr2012,dem,electricity
LU,h2036,0.5841238493345955,scr2012,dem,electricity
LU,h2037,0.6305161581153271,scr2012,dem,electricity
LU,h2038,0.6604063986254203,scr2012,dem,electricity
LU,h2039,0.6506672991878415,scr2012,dem,electricity
LU,h2040,0.5990563212232094,scr2012,dem,electricity
LU,h2041,0.535191624423264,scr2012,dem,electricity
LU,h2042,0.47325470266526215,scr2012,dem,electricity
LU,h2043,0.43341646466556744,scr2012,dem,electricity
LU,h2044,0.4172871577097266,scr2012,dem,electricity
LU,h2045,0.414100879441689,scr2012,dem,electricity
LU,h2046,0.42445224377154245,scr2012,dem,electricity
LU,h2047,0.46062383785873157,scr2012,dem,electricity
LU,h2048,0.5158444220490948,scr2012,dem,electricity
LU,h2049,0.5722106291214716,scr2012,dem,electricity
LU,h2050,0.6065209010980882,scr2012,dem,electricity
LU,h2051,0.6170715223636426,scr2012,dem,electricity
LU,h2052,0.6200907601913804,scr2012,dem,electricity
LU,h2053,0.6194829043916659,scr2012,dem,electricity
LU,h2054,0.6154516884378693,scr2012,dem,electricity
LU,h2055,0.6010184861736845,scr2012,dem,electricity
LU,h2056,0.5821383114863701,scr2012,dem,electricity
LU,h2057,0.5682646094286824,scr2012,dem,electricity
LU,h2058,0.5607483091380171,scr2012,dem,electricity
LU,h2059,0.5592687630114807,scr2012,dem,electricity
LU,h2060,0.5879446354492495,scr2012,dem,electricity
LU,h2061,0.6325050519574191,scr2012,dem,electricity
LU,h2062,0.6640168159389649,scr2012,dem,electricity
LU,h2063,0.6538852751737063,scr2012,dem,electricity
LU,h2064,0.6033446959455022,scr2012,dem,electricity
LU,h2065,0.5392591913978151,scr2012,dem,electricity
LU,h2066,0.47677717036027367,scr2012,dem,electricity
LU,h2067,0.43510754903669174,scr2012,dem,electricity
LU,h2068,0.4184839544191543,scr2012,dem,electricity
LU,h2069,0.4148035605260329,scr2012,dem,electricity
LU,h2070,0.42536366056703406,scr2012,dem,electricity
LU,h2071,0.46113983233225864,scr2012,dem,electricity
LU,h2072,0.5164928452591384,scr2012,dem,electricity
LU,h2073,0.5728669071636017,scr2012,dem,electricity
LU,h2074,0.6078852328827666,scr2012,dem,electricity
LU,h2075,0.6193092313164696,scr2012,dem,electricity
LU,h2076,0.6233087210845855,scr2012,dem,electricity
LU,h2077,0.6233521393795848,scr2012,dem,electricity
LU,h2078,0.6196665970724028,scr2012,dem,electricity
LU,h2079,0.6053619700838909,scr2012,dem,electricity
LU,h2080,0.5865485788994528,scr2012,dem,electricity
LU,h2081,0.5725095447815842,scr2012,dem,electricity
LU,h2082,0.5647060131186747,scr2012,dem,electricity
LU,h2083,0.5626720534985874,scr2012,dem,electricity
LU,h2084,0.5901990333815016,scr2012,dem,electricity
LU,h2085,0.6340046546238526,scr2012,dem,electricity
LU,h2086,0.6649620045914606,scr2012,dem,electricity
LU,h2087,0.6552295784787247,scr2012,dem,electricity
LU,h2088,0.6047858445151998,scr2012,dem,electricity
LU,h2089,0.5408207247995842,scr2012,dem,electricity
LU,h2090,0.477297340968893,scr2012,dem,electricity
LU,h2091,0.43472965573669303,scr2012,dem,electricity
LU,h2092,0.4172634461368289,scr2012,dem,electricity
LU,h2093,0.4134299265221741,scr2012,dem,electricity
LU,h2094,0.42402692707343315,scr2012,dem,electricity
LU,h2095,0.45982897187822547,scr2012,dem,electricity
LU,h2096,0.5148150931913364,scr2012,dem,electricity
LU,h2097,0.570502300881844,scr2012,dem,electricity
LU,h2098,0.6045904629287874,scr2012,dem,electricity
LU,h2099,0.6153698619268626,scr2012,dem,electricity
LU,h2100,0.6189284872181049,scr2012,dem,electricity
LU,h2101,0.618875049352879,scr2012,dem,electricity
LU,h2102,0.6150726143225014,scr2012,dem,electricity
LU,h2103,0.6004807698830651,scr2012,dem,electricity
LU,h2104,0.5807372466611732,scr2012,dem,electricity
LU,h2105,0.5657146437703633,scr2012,dem,electricity
LU,h2106,0.5565301008372024,scr2012,dem,electricity
LU,h2107,0.555650055120744,scr2012,dem,electricity
LU,h2108,0.5841038105974876,scr2012,dem,electricity
LU,h2109,0.6301220535246062,scr2012,dem,electricity
LU,h2110,0.6619778152335468,scr2012,dem,electricity
LU,h2111,0.6538685761052888,scr2012,dem,electricity
LU,h2112,0.6043149247321026,scr2012,dem,electricity
LU,h2113,0.5404453288982035,scr2012,dem,electricity
LU,h2114,0.4784600866868608,scr2012,dem,electricity
LU,h2115,0.435826097114691,scr2012,dem,electricity
LU,h2116,0.4184946418090892,scr2012,dem,electricity
LU,h2117,0.412809069086151,scr2012,dem,electricity
LU,h2118,0.4223704133488147,scr2012,dem,electricity
LU,h2119,0.455572602505616,scr2012,dem,electricity
LU,h2120,0.5082224861010727,scr2012,dem,electricity
LU,h2121,0.5624198960366809,scr2012,dem,electricity
LU,h2122,0.5969438637553253,scr2012,dem,electricity
LU,h2123,0.6089606674672079,scr2012,dem,electricity
LU,h2124,0.6136197733842532,scr2012,dem,electricity
LU,h2125,0.6133960028622658,scr2012,dem,electricity
LU,h2126,0.6084346398424044,scr2012,dem,electricity
LU,h2127,0.5928709140849707,scr2012,dem,electricity
LU,h2128,0.5739974436189106,scr2012,dem,electricity
LU,h2129,0.559537619511881,scr2012,dem,electricity
LU,h2130,0.5509960032216841,scr2012,dem,electricity
LU,h2131,0.5503547563073325,scr2012,dem,electricity
LU,h2132,0.5761800303041664,scr2012,dem,electricity
LU,h2133,0.6203262206563311,scr2012,dem,electricity
LU,h2134,0.6498406788415361,scr2012,dem,electricity
LU,h2135,0.6423109224845865,scr2012,dem,electricity
LU,h2136,0.5951787514684301,scr2012,dem,electricity
LU,h2137,0.5357136383556228,scr2012,dem,electricity
LU,h2138,0.47657411135005656,scr2012,dem,electricity
LU,h2139,0.4337046854326762,scr2012,dem,electricity
LU,h2140,0.4125924869933794,scr2012,dem,electricity
LU,h2141,0.40381566639923877,scr2012,dem,electricity
LU,h2142,0.4046584474048027,scr2012,dem,electricity
LU,h2143,0.4168723622091031,scr2012,dem,electricity
LU,h2144,0.44293243158210455,scr2012,dem,electricity
LU,h2145,0.48063745918591105,scr2012,dem,electricity
LU,h2146,0.5183659769231646,scr2012,dem,electricity
LU,h2147,0.5446236148325514,scr2012,dem,electricity
LU,h2148,0.5598866320583036,scr2012,dem,electricity
LU,h2149,0.5656645461999242,scr2012,dem,electricity
LU,h2150,0.5621710784215479,scr2012,dem,electricity
LU,h2151,0.5465339949272051,scr2012,dem,electricity
LU,h2152,0.5270377970745623,scr2012,dem,electricity
LU,h2153,0.5117514897444051,scr2012,dem,electricity
LU,h2154,0.5032349944595249,scr2012,dem,electricity
LU,h2155,0.5049232632916605,scr2012,dem,electricity
LU,h2156,0.5344722277679007,scr2012,dem,electricity
LU,h2157,0.5844494847184977,scr2012,dem,electricity
LU,h2158,0.6166306601149356,scr2012,dem,electricity
LU,h2159,0.6148655423684593,scr2012,dem,electricity
LU,h2160,0.570597486166923,scr2012,dem,electricity
