region_3,timestep_6,value,scenario_1,parameter,technology_2
al,h1441,0.4551715907241269,scr1982,avaConv,offshore
al,h1442,0.460547933183927,scr1982,avaConv,offshore
al,h1443,0.4116254339623709,scr1982,avaConv,offshore
al,h1444,0.317163372126012,scr1982,avaConv,offshore
al,h1445,0.20614389779428546,scr1982,avaConv,offshore
al,h1446,0.11514063834920397,scr1982,avaConv,offshore
al,h1447,0.05727336321065142,scr1982,avaConv,offshore
al,h1448,0.028159723005848458,scr1982,avaConv,offshore
al,h1449,0.013709394157539528,scr1982,avaConv,offshore
al,h1450,0.00572887901768761,scr1982,avaConv,offshore
al,h1451,0.001612034190806017,scr1982,avaConv,offshore
al,h1452,0.000253049032194284,scr1982,avaConv,offshore
al,h1453,0.0,scr1982,avaConv,offshore
al,h1454,0.001557226714794752,scr1982,avaConv,offshore
al,h1455,0.009142997672778982,scr1982,avaConv,offshore
al,h1456,0.028838172892010593,scr1982,avaConv,offshore
al,h1457,0.061039150083805886,scr1982,avaConv,offshore
al,h1458,0.10188783789640743,scr1982,avaConv,offshore
al,h1459,0.13798452533541117,scr1982,avaConv,offshore
al,h1460,0.14667315891114444,scr1982,avaConv,offshore
al,h1461,0.12317679154858044,scr1982,avaConv,offshore
al,h1462,0.08209274628071354,scr1982,avaConv,offshore
al,h1463,0.049750323444714174,scr1982,avaConv,offshore
al,h1464,0.030402092302244457,scr1982,avaConv,offshore
al,h1465,0.020030700158726256,scr1982,avaConv,offshore
al,h1466,0.015529027872777929,scr1982,avaConv,offshore
al,h1467,0.015082489155915339,scr1982,avaConv,offshore
al,h1468,0.019032168939429484,scr1982,avaConv,offshore
al,h1469,0.02165283988561939,scr1982,avaConv,offshore
al,h1470,0.021582723463971512,scr1982,avaConv,offshore
al,h1471,0.018228991211011056,scr1982,avaConv,offshore
al,h1472,0.014349295288373067,scr1982,avaConv,offshore
al,h1473,0.00943576537735314,scr1982,avaConv,offshore
al,h1474,0.0042130431119892335,scr1982,avaConv,offshore
al,h1475,0.0015068330443084833,scr1982,avaConv,offshore
al,h1476,0.0005325307877837222,scr1982,avaConv,offshore
al,h1477,0.00045065679978841596,scr1982,avaConv,offshore
al,h1478,0.0,scr1982,avaConv,offshore
al,h1479,0.0,scr1982,avaConv,offshore
al,h1480,0.0,scr1982,avaConv,offshore
al,h1481,0.0022717119075944727,scr1982,avaConv,offshore
al,h1482,0.020109636176302938,scr1982,avaConv,offshore
al,h1483,0.06848196361467496,scr1982,avaConv,offshore
al,h1484,0.15122880365544697,scr1982,avaConv,offshore
al,h1485,0.24365271602101177,scr1982,avaConv,offshore
al,h1486,0.2977148431352368,scr1982,avaConv,offshore
al,h1487,0.28823672523389643,scr1982,avaConv,offshore
al,h1488,0.25110362990988844,scr1982,avaConv,offshore
al,h1489,0.24800308011417574,scr1982,avaConv,offshore
al,h1490,0.3101913436887033,scr1982,avaConv,offshore
al,h1491,0.4023302608192728,scr1982,avaConv,offshore
al,h1492,0.49354610460675646,scr1982,avaConv,offshore
al,h1493,0.5754423093070284,scr1982,avaConv,offshore
al,h1494,0.6628164239884435,scr1982,avaConv,offshore
al,h1495,0.7616921735296822,scr1982,avaConv,offshore
al,h1496,0.8458581409698334,scr1982,avaConv,offshore
al,h1497,0.9013573978698034,scr1982,avaConv,offshore
al,h1498,0.9014130744623313,scr1982,avaConv,offshore
al,h1499,0.8291432591524708,scr1982,avaConv,offshore
al,h1500,0.7755999247151893,scr1982,avaConv,offshore
al,h1501,0.7634022214537831,scr1982,avaConv,offshore
al,h1502,0.8012830453169709,scr1982,avaConv,offshore
al,h1503,0.8163503834193622,scr1982,avaConv,offshore
al,h1504,0.8157990501484353,scr1982,avaConv,offshore
al,h1505,0.8194425640755529,scr1982,avaConv,offshore
al,h1506,0.8050582261689597,scr1982,avaConv,offshore
al,h1507,0.7588329662382752,scr1982,avaConv,offshore
al,h1508,0.6932396189387681,scr1982,avaConv,offshore
al,h1509,0.6526925591518934,scr1982,avaConv,offshore
al,h1510,0.6619989739123053,scr1982,avaConv,offshore
al,h1511,0.7241776452806504,scr1982,avaConv,offshore
al,h1512,0.7766559073686896,scr1982,avaConv,offshore
al,h1513,0.7002106877411474,scr1982,avaConv,offshore
al,h1514,0.6293326834271791,scr1982,avaConv,offshore
al,h1515,0.5875642464496524,scr1982,avaConv,offshore
al,h1516,0.6486022267145559,scr1982,avaConv,offshore
al,h1517,0.6904637313106398,scr1982,avaConv,offshore
al,h1518,0.7263094438031504,scr1982,avaConv,offshore
al,h1519,0.7610295165638404,scr1982,avaConv,offshore
al,h1520,0.768647689698252,scr1982,avaConv,offshore
al,h1521,0.740444316816699,scr1982,avaConv,offshore
al,h1522,0.6844720765070561,scr1982,avaConv,offshore
al,h1523,0.6153700397085827,scr1982,avaConv,offshore
al,h1524,0.5763847033639259,scr1982,avaConv,offshore
al,h1525,0.5627183240478006,scr1982,avaConv,offshore
al,h1526,0.5684034272930197,scr1982,avaConv,offshore
al,h1527,0.5665598687096663,scr1982,avaConv,offshore
al,h1528,0.6012154187778895,scr1982,avaConv,offshore
al,h1529,0.6842738721982958,scr1982,avaConv,offshore
al,h1530,0.782589693902467,scr1982,avaConv,offshore
al,h1531,0.8466028981195728,scr1982,avaConv,offshore
al,h1532,0.854988785881582,scr1982,avaConv,offshore
al,h1533,0.8233495246010176,scr1982,avaConv,offshore
al,h1534,0.7387977725695942,scr1982,avaConv,offshore
al,h1535,0.6141950470863363,scr1982,avaConv,offshore
al,h1536,0.42721112376381,scr1982,avaConv,offshore
al,h1537,0.24686765889883716,scr1982,avaConv,offshore
al,h1538,0.10212712102498961,scr1982,avaConv,offshore
al,h1539,0.034709410554020076,scr1982,avaConv,offshore
al,h1540,0.010333924386432467,scr1982,avaConv,offshore
al,h1541,0.006048958344494757,scr1982,avaConv,offshore
al,h1542,0.009377485697469873,scr1982,avaConv,offshore
al,h1543,0.01628084461583617,scr1982,avaConv,offshore
al,h1544,0.023602622872667473,scr1982,avaConv,offshore
al,h1545,0.030666890842760974,scr1982,avaConv,offshore
al,h1546,0.03903554038302219,scr1982,avaConv,offshore
al,h1547,0.04819511352799768,scr1982,avaConv,offshore
al,h1548,0.05718137006140955,scr1982,avaConv,offshore
al,h1549,0.07397939411693427,scr1982,avaConv,offshore
al,h1550,0.10704944255657786,scr1982,avaConv,offshore
al,h1551,0.14943373426417975,scr1982,avaConv,offshore
al,h1552,0.19074450842834226,scr1982,avaConv,offshore
al,h1553,0.21747719443035793,scr1982,avaConv,offshore
al,h1554,0.24082204319575432,scr1982,avaConv,offshore
al,h1555,0.26171177313988886,scr1982,avaConv,offshore
al,h1556,0.285912967764119,scr1982,avaConv,offshore
al,h1557,0.2936559657043286,scr1982,avaConv,offshore
al,h1558,0.26593952762106293,scr1982,avaConv,offshore
al,h1559,0.2144846585661583,scr1982,avaConv,offshore
al,h1560,0.15034291785325501,scr1982,avaConv,offshore
al,h1561,0.10111657904728916,scr1982,avaConv,offshore
al,h1562,0.0614724597579278,scr1982,avaConv,offshore
al,h1563,0.04041118499800446,scr1982,avaConv,offshore
al,h1564,0.03655443381085474,scr1982,avaConv,offshore
al,h1565,0.047310942623444915,scr1982,avaConv,offshore
al,h1566,0.06322195614849505,scr1982,avaConv,offshore
al,h1567,0.07093300563340775,scr1982,avaConv,offshore
al,h1568,0.05935420050218808,scr1982,avaConv,offshore
al,h1569,0.03689609049635064,scr1982,avaConv,offshore
al,h1570,0.014474182578588773,scr1982,avaConv,offshore
al,h1571,0.004011800014238188,scr1982,avaConv,offshore
al,h1572,0.00225477459622922,scr1982,avaConv,offshore
al,h1573,0.007203652117012218,scr1982,avaConv,offshore
al,h1574,0.01840795898068588,scr1982,avaConv,offshore
al,h1575,0.03687518017700217,scr1982,avaConv,offshore
al,h1576,0.0574110864436356,scr1982,avaConv,offshore
al,h1577,0.0769890574881173,scr1982,avaConv,offshore
al,h1578,0.08507283080989654,scr1982,avaConv,offshore
al,h1579,0.0690931593839578,scr1982,avaConv,offshore
al,h1580,0.0369144305289776,scr1982,avaConv,offshore
al,h1581,0.010331491608822635,scr1982,avaConv,offshore
al,h1582,0.0009187980305631304,scr1982,avaConv,offshore
al,h1583,0.0,scr1982,avaConv,offshore
al,h1584,0.0,scr1982,avaConv,offshore
al,h1585,0.0,scr1982,avaConv,offshore
al,h1586,0.0002599562435386033,scr1982,avaConv,offshore
al,h1587,0.0007534583565496365,scr1982,avaConv,offshore
al,h1588,0.0009242260656160647,scr1982,avaConv,offshore
al,h1589,0.0006908836288195502,scr1982,avaConv,offshore
al,h1590,0.0009335944200778337,scr1982,avaConv,offshore
al,h1591,0.006512742360381842,scr1982,avaConv,offshore
al,h1592,0.023977742437606836,scr1982,avaConv,offshore
al,h1593,0.05721474251300844,scr1982,avaConv,offshore
al,h1594,0.10461750149698679,scr1982,avaConv,offshore
al,h1595,0.13645977291462288,scr1982,avaConv,offshore
al,h1596,0.15997123159280466,scr1982,avaConv,offshore
al,h1597,0.17183438500620948,scr1982,avaConv,offshore
al,h1598,0.20726317871122787,scr1982,avaConv,offshore
al,h1599,0.24754443784707167,scr1982,avaConv,offshore
al,h1600,0.2852701752199774,scr1982,avaConv,offshore
al,h1601,0.32532404041411145,scr1982,avaConv,offshore
al,h1602,0.3620444968734633,scr1982,avaConv,offshore
al,h1603,0.3947834522494677,scr1982,avaConv,offshore
al,h1604,0.39794051625940363,scr1982,avaConv,offshore
al,h1605,0.3824892052254612,scr1982,avaConv,offshore
al,h1606,0.36924829171474866,scr1982,avaConv,offshore
al,h1607,0.37028493991317774,scr1982,avaConv,offshore
al,h1608,0.38034408197587605,scr1982,avaConv,offshore
al,h1609,0.4051719400203979,scr1982,avaConv,offshore
al,h1610,0.42486884038898615,scr1982,avaConv,offshore
al,h1611,0.445622651526603,scr1982,avaConv,offshore
al,h1612,0.44391919254906287,scr1982,avaConv,offshore
al,h1613,0.4167655809297809,scr1982,avaConv,offshore
al,h1614,0.35542771472207385,scr1982,avaConv,offshore
al,h1615,0.2604982474494654,scr1982,avaConv,offshore
al,h1616,0.1779575692716801,scr1982,avaConv,offshore
al,h1617,0.10201155223564061,scr1982,avaConv,offshore
al,h1618,0.06747328726288712,scr1982,avaConv,offshore
al,h1619,0.04933417973166807,scr1982,avaConv,offshore
al,h1620,0.053571804331169995,scr1982,avaConv,offshore
al,h1621,0.054647826375270034,scr1982,avaConv,offshore
al,h1622,0.05177349889320944,scr1982,avaConv,offshore
al,h1623,0.04323858592915735,scr1982,avaConv,offshore
al,h1624,0.027204231631118313,scr1982,avaConv,offshore
al,h1625,0.010867572405832067,scr1982,avaConv,offshore
al,h1626,0.002278078438880716,scr1982,avaConv,offshore
al,h1627,0.00022194525812221704,scr1982,avaConv,offshore
al,h1628,0.0,scr1982,avaConv,offshore
al,h1629,0.0,scr1982,avaConv,offshore
al,h1630,0.0,scr1982,avaConv,offshore
al,h1631,0.0,scr1982,avaConv,offshore
al,h1632,0.0,scr1982,avaConv,offshore
al,h1633,0.0,scr1982,avaConv,offshore
al,h1634,0.0,scr1982,avaConv,offshore
al,h1635,0.0,scr1982,avaConv,offshore
al,h1636,0.0,scr1982,avaConv,offshore
al,h1637,0.0,scr1982,avaConv,offshore
al,h1638,0.0,scr1982,avaConv,offshore
al,h1639,0.0,scr1982,avaConv,offshore
al,h1640,0.0,scr1982,avaConv,offshore
al,h1641,0.0,scr1982,avaConv,offshore
al,h1642,0.0,scr1982,avaConv,offshore
al,h1643,0.0,scr1982,avaConv,offshore
al,h1644,0.0,scr1982,avaConv,offshore
al,h1645,0.0,scr1982,avaConv,offshore
al,h1646,0.00010373197962351843,scr1982,avaConv,offshore
al,h1647,0.00031325398040188873,scr1982,avaConv,offshore
al,h1648,0.0004383713176292236,scr1982,avaConv,offshore
al,h1649,0.0003773589957786415,scr1982,avaConv,offshore
al,h1650,0.00023041846888619067,scr1982,avaConv,offshore
al,h1651,0.00014717716085869143,scr1982,avaConv,offshore
al,h1652,0.0001940237956885101,scr1982,avaConv,offshore
al,h1653,0.0003910989114886514,scr1982,avaConv,offshore
al,h1654,0.0005930181493620361,scr1982,avaConv,offshore
al,h1655,0.0009570359127549302,scr1982,avaConv,offshore
al,h1656,0.0015013920982322403,scr1982,avaConv,offshore
al,h1657,0.0018852220140796621,scr1982,avaConv,offshore
al,h1658,0.001303573493765496,scr1982,avaConv,offshore
al,h1659,0.00046164140102513513,scr1982,avaConv,offshore
al,h1660,0.0,scr1982,avaConv,offshore
al,h1661,0.0,scr1982,avaConv,offshore
al,h1662,0.0,scr1982,avaConv,offshore
al,h1663,0.0,scr1982,avaConv,offshore
al,h1664,0.00045928991434265046,scr1982,avaConv,offshore
al,h1665,0.0016483991305590298,scr1982,avaConv,offshore
al,h1666,0.0036327680492707127,scr1982,avaConv,offshore
al,h1667,0.015002434945699429,scr1982,avaConv,offshore
al,h1668,0.02807119505891327,scr1982,avaConv,offshore
al,h1669,0.038135798590864585,scr1982,avaConv,offshore
al,h1670,0.03748033415279487,scr1982,avaConv,offshore
al,h1671,0.04400700193056217,scr1982,avaConv,offshore
al,h1672,0.05871032368097901,scr1982,avaConv,offshore
al,h1673,0.08296571052203626,scr1982,avaConv,offshore
al,h1674,0.10341110304926644,scr1982,avaConv,offshore
al,h1675,0.11198375543998414,scr1982,avaConv,offshore
al,h1676,0.10519280688567134,scr1982,avaConv,offshore
al,h1677,0.07940153945865966,scr1982,avaConv,offshore
al,h1678,0.04723541405294507,scr1982,avaConv,offshore
al,h1679,0.017542149887672276,scr1982,avaConv,offshore
al,h1680,0.0032162157848822596,scr1982,avaConv,offshore
al,h1681,0.04519032867617896,scr1982,avaConv,offshore
al,h1682,0.09722175723251045,scr1982,avaConv,offshore
al,h1683,0.1544779522909266,scr1982,avaConv,offshore
al,h1684,0.14713854917366348,scr1982,avaConv,offshore
al,h1685,0.13897854611526647,scr1982,avaConv,offshore
al,h1686,0.12281918147866298,scr1982,avaConv,offshore
al,h1687,0.1118766128349101,scr1982,avaConv,offshore
al,h1688,0.11582796241002766,scr1982,avaConv,offshore
al,h1689,0.13630738399989917,scr1982,avaConv,offshore
al,h1690,0.15486535548732724,scr1982,avaConv,offshore
al,h1691,0.16646580175208153,scr1982,avaConv,offshore
al,h1692,0.17383100702416007,scr1982,avaConv,offshore
al,h1693,0.19137866053032254,scr1982,avaConv,offshore
al,h1694,0.20747933694766904,scr1982,avaConv,offshore
al,h1695,0.2185135304076519,scr1982,avaConv,offshore
al,h1696,0.22859103379024182,scr1982,avaConv,offshore
al,h1697,0.24517308169852414,scr1982,avaConv,offshore
al,h1698,0.26198097701503786,scr1982,avaConv,offshore
al,h1699,0.2643629515749718,scr1982,avaConv,offshore
al,h1700,0.25057468143891504,scr1982,avaConv,offshore
al,h1701,0.22771068251323148,scr1982,avaConv,offshore
al,h1702,0.19410668624090419,scr1982,avaConv,offshore
al,h1703,0.1545201093357203,scr1982,avaConv,offshore
al,h1704,0.10598512407071993,scr1982,avaConv,offshore
al,h1705,0.0633731567474738,scr1982,avaConv,offshore
al,h1706,0.036402689951313016,scr1982,avaConv,offshore
al,h1707,0.02765679560250148,scr1982,avaConv,offshore
al,h1708,0.024017424352126292,scr1982,avaConv,offshore
al,h1709,0.01833538073910973,scr1982,avaConv,offshore
al,h1710,0.010869423368239546,scr1982,avaConv,offshore
al,h1711,0.005227617716649621,scr1982,avaConv,offshore
al,h1712,0.002148574089906021,scr1982,avaConv,offshore
al,h1713,0.0006558660046197314,scr1982,avaConv,offshore
al,h1714,0.0,scr1982,avaConv,offshore
al,h1715,0.0,scr1982,avaConv,offshore
al,h1716,0.0,scr1982,avaConv,offshore
al,h1717,0.002588758066431851,scr1982,avaConv,offshore
al,h1718,0.029532368105888107,scr1982,avaConv,offshore
al,h1719,0.11621249708563051,scr1982,avaConv,offshore
al,h1720,0.2766867231669978,scr1982,avaConv,offshore
al,h1721,0.4644845102490609,scr1982,avaConv,offshore
al,h1722,0.6139419785847532,scr1982,avaConv,offshore
al,h1723,0.7016992619508322,scr1982,avaConv,offshore
al,h1724,0.7696641930329865,scr1982,avaConv,offshore
al,h1725,0.8413080331861589,scr1982,avaConv,offshore
al,h1726,0.9071354509538816,scr1982,avaConv,offshore
al,h1727,0.9369786156958069,scr1982,avaConv,offshore
al,h1728,0.9318049593289738,scr1982,avaConv,offshore
al,h1729,0.8906755378108532,scr1982,avaConv,offshore
al,h1730,0.784722153386472,scr1982,avaConv,offshore
al,h1731,0.6023832458647844,scr1982,avaConv,offshore
al,h1732,0.37858945205208977,scr1982,avaConv,offshore
al,h1733,0.20601539814543304,scr1982,avaConv,offshore
al,h1734,0.1281883649984562,scr1982,avaConv,offshore
al,h1735,0.13631657203418335,scr1982,avaConv,offshore
al,h1736,0.18926719828829264,scr1982,avaConv,offshore
al,h1737,0.27401302985956116,scr1982,avaConv,offshore
al,h1738,0.40773591087731026,scr1982,avaConv,offshore
al,h1739,0.5804591343913775,scr1982,avaConv,offshore
al,h1740,0.7399114092483222,scr1982,avaConv,offshore
al,h1741,0.8155539211986553,scr1982,avaConv,offshore
al,h1742,0.8062103635623503,scr1982,avaConv,offshore
al,h1743,0.7359763340709755,scr1982,avaConv,offshore
al,h1744,0.6433121997828467,scr1982,avaConv,offshore
al,h1745,0.5419160323834196,scr1982,avaConv,offshore
al,h1746,0.44537088047875517,scr1982,avaConv,offshore
al,h1747,0.3565856771997361,scr1982,avaConv,offshore
al,h1748,0.27178930611018687,scr1982,avaConv,offshore
al,h1749,0.1967824078213492,scr1982,avaConv,offshore
al,h1750,0.13442737522536755,scr1982,avaConv,offshore
al,h1751,0.09662948493355143,scr1982,avaConv,offshore
al,h1752,0.07115319881165931,scr1982,avaConv,offshore
al,h1753,0.0607476168246952,scr1982,avaConv,offshore
al,h1754,0.05713983997879179,scr1982,avaConv,offshore
al,h1755,0.06337129787635626,scr1982,avaConv,offshore
al,h1756,0.07012940451779992,scr1982,avaConv,offshore
al,h1757,0.0725934608511816,scr1982,avaConv,offshore
al,h1758,0.07444581229869324,scr1982,avaConv,offshore
al,h1759,0.07213257053109745,scr1982,avaConv,offshore
al,h1760,0.0606336238874963,scr1982,avaConv,offshore
al,h1761,0.040650216457468906,scr1982,avaConv,offshore
al,h1762,0.025031070519840156,scr1982,avaConv,offshore
al,h1763,0.030684977689779385,scr1982,avaConv,offshore
al,h1764,0.05805560659262428,scr1982,avaConv,offshore
al,h1765,0.10380805781908004,scr1982,avaConv,offshore
al,h1766,0.14512327386130697,scr1982,avaConv,offshore
al,h1767,0.17497028247113808,scr1982,avaConv,offshore
al,h1768,0.1956890617943701,scr1982,avaConv,offshore
al,h1769,0.21380585573745964,scr1982,avaConv,offshore
al,h1770,0.23002858083113167,scr1982,avaConv,offshore
al,h1771,0.23836593924958052,scr1982,avaConv,offshore
al,h1772,0.23644871781490295,scr1982,avaConv,offshore
al,h1773,0.2354603455342938,scr1982,avaConv,offshore
al,h1774,0.23075649258038722,scr1982,avaConv,offshore
al,h1775,0.19980172242585617,scr1982,avaConv,offshore
al,h1776,0.14012394847638837,scr1982,avaConv,offshore
al,h1777,0.07201548719371328,scr1982,avaConv,offshore
al,h1778,0.030173540901818872,scr1982,avaConv,offshore
al,h1779,0.016534741820271277,scr1982,avaConv,offshore
al,h1780,0.019929373101232446,scr1982,avaConv,offshore
al,h1781,0.028794874337084757,scr1982,avaConv,offshore
al,h1782,0.03377356439554147,scr1982,avaConv,offshore
al,h1783,0.032826259237374276,scr1982,avaConv,offshore
al,h1784,0.026510896915095995,scr1982,avaConv,offshore
al,h1785,0.015892228971112036,scr1982,avaConv,offshore
al,h1786,0.006156478872478333,scr1982,avaConv,offshore
al,h1787,0.0037470533648523738,scr1982,avaConv,offshore
al,h1788,0.005803120908423188,scr1982,avaConv,offshore
al,h1789,0.011797632687843939,scr1982,avaConv,offshore
al,h1790,0.015081711576934517,scr1982,avaConv,offshore
al,h1791,0.014210694824343397,scr1982,avaConv,offshore
al,h1792,0.008427580495921088,scr1982,avaConv,offshore
al,h1793,0.002945884917529569,scr1982,avaConv,offshore
al,h1794,0.000547113971238526,scr1982,avaConv,offshore
al,h1795,0.0,scr1982,avaConv,offshore
al,h1796,0.0007498375046367884,scr1982,avaConv,offshore
al,h1797,0.0016853344330974818,scr1982,avaConv,offshore
al,h1798,0.0021913056873314645,scr1982,avaConv,offshore
al,h1799,0.0022834626489703722,scr1982,avaConv,offshore
al,h1800,0.0037875884705567244,scr1982,avaConv,offshore
al,h1801,0.011367439030731733,scr1982,avaConv,offshore
al,h1802,0.03917576229950058,scr1982,avaConv,offshore
al,h1803,0.11568609448902265,scr1982,avaConv,offshore
al,h1804,0.2480249277431587,scr1982,avaConv,offshore
al,h1805,0.3502791289974705,scr1982,avaConv,offshore
al,h1806,0.3440950772792521,scr1982,avaConv,offshore
al,h1807,0.2586840300278069,scr1982,avaConv,offshore
al,h1808,0.19959486903389295,scr1982,avaConv,offshore
al,h1809,0.21240893106599093,scr1982,avaConv,offshore
al,h1810,0.274574169063774,scr1982,avaConv,offshore
al,h1811,0.27470775074123926,scr1982,avaConv,offshore
al,h1812,0.23332763886975183,scr1982,avaConv,offshore
al,h1813,0.14649048662422973,scr1982,avaConv,offshore
al,h1814,0.10040466378788844,scr1982,avaConv,offshore
al,h1815,0.07630712930090963,scr1982,avaConv,offshore
al,h1816,0.08147031208957707,scr1982,avaConv,offshore
al,h1817,0.10730203898875113,scr1982,avaConv,offshore
al,h1818,0.13254988212332633,scr1982,avaConv,offshore
al,h1819,0.1313261880872079,scr1982,avaConv,offshore
al,h1820,0.09909790935297721,scr1982,avaConv,offshore
al,h1821,0.06440584944334973,scr1982,avaConv,offshore
al,h1822,0.08155647482918019,scr1982,avaConv,offshore
al,h1823,0.157440705294038,scr1982,avaConv,offshore
al,h1824,0.21004957418533476,scr1982,avaConv,offshore
al,h1825,0.2914228499507358,scr1982,avaConv,offshore
al,h1826,0.4354179914187342,scr1982,avaConv,offshore
al,h1827,0.5690184588553716,scr1982,avaConv,offshore
al,h1828,0.5888714343980741,scr1982,avaConv,offshore
al,h1829,0.5136431071587466,scr1982,avaConv,offshore
al,h1830,0.5313789366855001,scr1982,avaConv,offshore
al,h1831,0.6053323269463692,scr1982,avaConv,offshore
al,h1832,0.7001645066683813,scr1982,avaConv,offshore
al,h1833,0.7816195043784184,scr1982,avaConv,offshore
al,h1834,0.8530767233910785,scr1982,avaConv,offshore
al,h1835,0.8877359719716297,scr1982,avaConv,offshore
al,h1836,0.8973622628192481,scr1982,avaConv,offshore
al,h1837,0.8842550069888193,scr1982,avaConv,offshore
al,h1838,0.8659093816109703,scr1982,avaConv,offshore
al,h1839,0.7747233793232453,scr1982,avaConv,offshore
al,h1840,0.5647393867531825,scr1982,avaConv,offshore
al,h1841,0.30068342379441776,scr1982,avaConv,offshore
al,h1842,0.1016619683037705,scr1982,avaConv,offshore
al,h1843,0.025679006132516308,scr1982,avaConv,offshore
al,h1844,0.008333821209320314,scr1982,avaConv,offshore
al,h1845,0.006668228865264129,scr1982,avaConv,offshore
al,h1846,0.0041166420689975084,scr1982,avaConv,offshore
al,h1847,0.002069769073970333,scr1982,avaConv,offshore
al,h1848,0.0018782338981063362,scr1982,avaConv,offshore
al,h1849,0.001457647333867376,scr1982,avaConv,offshore
al,h1850,0.0007974516681176218,scr1982,avaConv,offshore
al,h1851,0.0,scr1982,avaConv,offshore
al,h1852,0.00010748338273853311,scr1982,avaConv,offshore
al,h1853,0.00011533159643780057,scr1982,avaConv,offshore
al,h1854,0.0,scr1982,avaConv,offshore
al,h1855,0.0,scr1982,avaConv,offshore
al,h1856,0.0,scr1982,avaConv,offshore
al,h1857,0.0,scr1982,avaConv,offshore
al,h1858,0.0,scr1982,avaConv,offshore
al,h1859,0.0,scr1982,avaConv,offshore
al,h1860,0.0,scr1982,avaConv,offshore
al,h1861,0.0,scr1982,avaConv,offshore
al,h1862,0.0,scr1982,avaConv,offshore
al,h1863,0.0,scr1982,avaConv,offshore
al,h1864,0.00027876834626730437,scr1982,avaConv,offshore
al,h1865,0.0045971127774680955,scr1982,avaConv,offshore
al,h1866,0.01845542186180847,scr1982,avaConv,offshore
al,h1867,0.03954651968753867,scr1982,avaConv,offshore
al,h1868,0.05587740800125,scr1982,avaConv,offshore
al,h1869,0.061750011819492606,scr1982,avaConv,offshore
al,h1870,0.06082672416126176,scr1982,avaConv,offshore
al,h1871,0.07035262065010059,scr1982,avaConv,offshore
al,h1872,0.0733234085053912,scr1982,avaConv,offshore
al,h1873,0.07502571173283273,scr1982,avaConv,offshore
al,h1874,0.07448203196301542,scr1982,avaConv,offshore
al,h1875,0.09318863957689495,scr1982,avaConv,offshore
al,h1876,0.11685886252820343,scr1982,avaConv,offshore
al,h1877,0.1321163377169374,scr1982,avaConv,offshore
al,h1878,0.15662110751988834,scr1982,avaConv,offshore
al,h1879,0.2100422934829725,scr1982,avaConv,offshore
al,h1880,0.281659712723816,scr1982,avaConv,offshore
al,h1881,0.35610506369951406,scr1982,avaConv,offshore
al,h1882,0.42179552306616397,scr1982,avaConv,offshore
al,h1883,0.46257633078547183,scr1982,avaConv,offshore
al,h1884,0.5060001969223569,scr1982,avaConv,offshore
al,h1885,0.5624603957666366,scr1982,avaConv,offshore
al,h1886,0.6599544742404982,scr1982,avaConv,offshore
al,h1887,0.7356652686673207,scr1982,avaConv,offshore
al,h1888,0.7659361861749011,scr1982,avaConv,offshore
al,h1889,0.7567325186034439,scr1982,avaConv,offshore
al,h1890,0.7153574960889844,scr1982,avaConv,offshore
al,h1891,0.6587364835677549,scr1982,avaConv,offshore
al,h1892,0.6193820428623781,scr1982,avaConv,offshore
al,h1893,0.6278519813162532,scr1982,avaConv,offshore
al,h1894,0.6774869703799463,scr1982,avaConv,offshore
al,h1895,0.7039063621968259,scr1982,avaConv,offshore
al,h1896,0.6893720706352617,scr1982,avaConv,offshore
al,h1897,0.6349418802894288,scr1982,avaConv,offshore
al,h1898,0.5720669631813076,scr1982,avaConv,offshore
al,h1899,0.5173744544731111,scr1982,avaConv,offshore
al,h1900,0.45608526933328575,scr1982,avaConv,offshore
al,h1901,0.37612158049452504,scr1982,avaConv,offshore
al,h1902,0.2899374639466028,scr1982,avaConv,offshore
al,h1903,0.2404819855962815,scr1982,avaConv,offshore
al,h1904,0.24847099634090986,scr1982,avaConv,offshore
al,h1905,0.320159206251955,scr1982,avaConv,offshore
al,h1906,0.42883387829960445,scr1982,avaConv,offshore
al,h1907,0.5045962919372499,scr1982,avaConv,offshore
al,h1908,0.4584847976078263,scr1982,avaConv,offshore
al,h1909,0.3674212966593529,scr1982,avaConv,offshore
al,h1910,0.3149044297028523,scr1982,avaConv,offshore
al,h1911,0.31301549440441195,scr1982,avaConv,offshore
al,h1912,0.25804402083770167,scr1982,avaConv,offshore
al,h1913,0.15252801606008956,scr1982,avaConv,offshore
al,h1914,0.056697270839700484,scr1982,avaConv,offshore
al,h1915,0.018596671910990802,scr1982,avaConv,offshore
al,h1916,0.0360954380642236,scr1982,avaConv,offshore
al,h1917,0.11893117547542774,scr1982,avaConv,offshore
al,h1918,0.23036361977288067,scr1982,avaConv,offshore
al,h1919,0.2890831263020308,scr1982,avaConv,offshore
al,h1920,0.2687855442950512,scr1982,avaConv,offshore
al,h1921,0.22845964773525804,scr1982,avaConv,offshore
al,h1922,0.21579747189344198,scr1982,avaConv,offshore
al,h1923,0.2404259117478689,scr1982,avaConv,offshore
al,h1924,0.2931965386696425,scr1982,avaConv,offshore
al,h1925,0.3364712801540646,scr1982,avaConv,offshore
al,h1926,0.33218197597519333,scr1982,avaConv,offshore
al,h1927,0.2620395448386431,scr1982,avaConv,offshore
al,h1928,0.1772443222470602,scr1982,avaConv,offshore
al,h1929,0.11282836339252418,scr1982,avaConv,offshore
al,h1930,0.08636167719556447,scr1982,avaConv,offshore
al,h1931,0.0816684753214966,scr1982,avaConv,offshore
al,h1932,0.10389245157557786,scr1982,avaConv,offshore
al,h1933,0.13818078987159346,scr1982,avaConv,offshore
al,h1934,0.1873003078683788,scr1982,avaConv,offshore
al,h1935,0.24273581286310839,scr1982,avaConv,offshore
al,h1936,0.3106729908942731,scr1982,avaConv,offshore
al,h1937,0.38420845531635295,scr1982,avaConv,offshore
al,h1938,0.46088123423002597,scr1982,avaConv,offshore
al,h1939,0.540088000163691,scr1982,avaConv,offshore
al,h1940,0.6134306168703126,scr1982,avaConv,offshore
al,h1941,0.6522295567702949,scr1982,avaConv,offshore
al,h1942,0.6362911889050549,scr1982,avaConv,offshore
al,h1943,0.5787900614656051,scr1982,avaConv,offshore
al,h1944,0.4919218760200188,scr1982,avaConv,offshore
al,h1945,0.3900106001370416,scr1982,avaConv,offshore
al,h1946,0.2836850824989657,scr1982,avaConv,offshore
al,h1947,0.200282009441768,scr1982,avaConv,offshore
al,h1948,0.14896044795712776,scr1982,avaConv,offshore
al,h1949,0.11822687435575203,scr1982,avaConv,offshore
al,h1950,0.09434827311029974,scr1982,avaConv,offshore
al,h1951,0.0717165306266294,scr1982,avaConv,offshore
al,h1952,0.05219088477818508,scr1982,avaConv,offshore
al,h1953,0.038575933496762665,scr1982,avaConv,offshore
al,h1954,0.03499894066692424,scr1982,avaConv,offshore
al,h1955,0.06210027437841243,scr1982,avaConv,offshore
al,h1956,0.1077276585100717,scr1982,avaConv,offshore
al,h1957,0.1508168024466414,scr1982,avaConv,offshore
al,h1958,0.15949532106019668,scr1982,avaConv,offshore
al,h1959,0.15395352122336886,scr1982,avaConv,offshore
al,h1960,0.14438508646225445,scr1982,avaConv,offshore
al,h1961,0.12597526840390164,scr1982,avaConv,offshore
al,h1962,0.09336658994218035,scr1982,avaConv,offshore
al,h1963,0.059240710781608925,scr1982,avaConv,offshore
al,h1964,0.03396015399325912,scr1982,avaConv,offshore
al,h1965,0.017201294097032766,scr1982,avaConv,offshore
al,h1966,0.006791762793393683,scr1982,avaConv,offshore
al,h1967,0.0013745545664196057,scr1982,avaConv,offshore
al,h1968,0.0001947559792728613,scr1982,avaConv,offshore
al,h1969,0.0004937704276902037,scr1982,avaConv,offshore
al,h1970,0.0046355453758862054,scr1982,avaConv,offshore
al,h1971,0.021599467180569917,scr1982,avaConv,offshore
al,h1972,0.05885351992099497,scr1982,avaConv,offshore
al,h1973,0.09931581959406671,scr1982,avaConv,offshore
al,h1974,0.12490020881852043,scr1982,avaConv,offshore
al,h1975,0.12194575599162498,scr1982,avaConv,offshore
al,h1976,0.12128571317772326,scr1982,avaConv,offshore
al,h1977,0.1260579837312466,scr1982,avaConv,offshore
al,h1978,0.12889620210968217,scr1982,avaConv,offshore
al,h1979,0.11105813799940974,scr1982,avaConv,offshore
al,h1980,0.09733092222378469,scr1982,avaConv,offshore
al,h1981,0.10292017421019549,scr1982,avaConv,offshore
al,h1982,0.12729163997352885,scr1982,avaConv,offshore
al,h1983,0.16141173253672034,scr1982,avaConv,offshore
al,h1984,0.19805217004326162,scr1982,avaConv,offshore
al,h1985,0.2347429062595809,scr1982,avaConv,offshore
al,h1986,0.26040230373123907,scr1982,avaConv,offshore
al,h1987,0.2906956602868797,scr1982,avaConv,offshore
al,h1988,0.3403823751162793,scr1982,avaConv,offshore
al,h1989,0.416074819970434,scr1982,avaConv,offshore
al,h1990,0.496371496820717,scr1982,avaConv,offshore
al,h1991,0.5457427975284862,scr1982,avaConv,offshore
al,h1992,0.5405082737608823,scr1982,avaConv,offshore
al,h1993,0.472911452420643,scr1982,avaConv,offshore
al,h1994,0.3559415266563807,scr1982,avaConv,offshore
al,h1995,0.2259830109298654,scr1982,avaConv,offshore
al,h1996,0.12211972468241242,scr1982,avaConv,offshore
al,h1997,0.06586072922954828,scr1982,avaConv,offshore
al,h1998,0.04189851785275667,scr1982,avaConv,offshore
al,h1999,0.034284496323228594,scr1982,avaConv,offshore
al,h2000,0.03374156071195362,scr1982,avaConv,offshore
al,h2001,0.03531966246401478,scr1982,avaConv,offshore
al,h2002,0.04130256129629114,scr1982,avaConv,offshore
al,h2003,0.05389455453995682,scr1982,avaConv,offshore
al,h2004,0.07354395156936677,scr1982,avaConv,offshore
al,h2005,0.09650566999577327,scr1982,avaConv,offshore
al,h2006,0.1229932671790282,scr1982,avaConv,offshore
al,h2007,0.14989346961921776,scr1982,avaConv,offshore
al,h2008,0.1696812743649218,scr1982,avaConv,offshore
al,h2009,0.1869246314592072,scr1982,avaConv,offshore
al,h2010,0.1902812317260976,scr1982,avaConv,offshore
al,h2011,0.17941529762690225,scr1982,avaConv,offshore
al,h2012,0.1470405878424791,scr1982,avaConv,offshore
al,h2013,0.11035121409511106,scr1982,avaConv,offshore
al,h2014,0.07893305279470245,scr1982,avaConv,offshore
al,h2015,0.05371123184152492,scr1982,avaConv,offshore
al,h2016,0.03218340267337067,scr1982,avaConv,offshore
al,h2017,0.03882334799488404,scr1982,avaConv,offshore
al,h2018,0.06315099953814149,scr1982,avaConv,offshore
al,h2019,0.11132679371971436,scr1982,avaConv,offshore
al,h2020,0.14452100945919175,scr1982,avaConv,offshore
al,h2021,0.1538722045699306,scr1982,avaConv,offshore
al,h2022,0.12966542281190294,scr1982,avaConv,offshore
al,h2023,0.08247688605489806,scr1982,avaConv,offshore
al,h2024,0.039408498857136404,scr1982,avaConv,offshore
al,h2025,0.012845229634517903,scr1982,avaConv,offshore
al,h2026,0.002363145114457174,scr1982,avaConv,offshore
al,h2027,0.0001178404028031927,scr1982,avaConv,offshore
al,h2028,0.0,scr1982,avaConv,offshore
al,h2029,0.0,scr1982,avaConv,offshore
al,h2030,0.00018791325811014703,scr1982,avaConv,offshore
al,h2031,0.0006288885002859524,scr1982,avaConv,offshore
al,h2032,0.002887717113939222,scr1982,avaConv,offshore
al,h2033,0.007914039724721943,scr1982,avaConv,offshore
al,h2034,0.01002343986021372,scr1982,avaConv,offshore
al,h2035,0.007162168198108541,scr1982,avaConv,offshore
al,h2036,0.0020732408857761647,scr1982,avaConv,offshore
al,h2037,0.0,scr1982,avaConv,offshore
al,h2038,0.0,scr1982,avaConv,offshore
al,h2039,0.0020758850898786405,scr1982,avaConv,offshore
al,h2040,0.0028407924234248026,scr1982,avaConv,offshore
al,h2041,0.0028407924234248026,scr1982,avaConv,offshore
al,h2042,0.00047565783311893375,scr1982,avaConv,offshore
al,h2043,0.0,scr1982,avaConv,offshore
al,h2044,0.0,scr1982,avaConv,offshore
al,h2045,0.0,scr1982,avaConv,offshore
al,h2046,0.0,scr1982,avaConv,offshore
al,h2047,0.0003072672139270215,scr1982,avaConv,offshore
al,h2048,0.002731499145630128,scr1982,avaConv,offshore
al,h2049,0.007488162751872641,scr1982,avaConv,offshore
al,h2050,0.011223319853015888,scr1982,avaConv,offshore
al,h2051,0.009968016630773215,scr1982,avaConv,offshore
al,h2052,0.006747977112814734,scr1982,avaConv,offshore
al,h2053,0.009745973064657472,scr1982,avaConv,offshore
al,h2054,0.026956108265604187,scr1982,avaConv,offshore
al,h2055,0.05378500627892653,scr1982,avaConv,offshore
al,h2056,0.07939845593339494,scr1982,avaConv,offshore
al,h2057,0.09274862623109069,scr1982,avaConv,offshore
al,h2058,0.1025819239872067,scr1982,avaConv,offshore
al,h2059,0.1126686533351937,scr1982,avaConv,offshore
al,h2060,0.12154047091177628,scr1982,avaConv,offshore
al,h2061,0.12477505717962603,scr1982,avaConv,offshore
al,h2062,0.12515084443182287,scr1982,avaConv,offshore
al,h2063,0.11242934158807577,scr1982,avaConv,offshore
al,h2064,0.09837537302928051,scr1982,avaConv,offshore
al,h2065,0.08084021138545512,scr1982,avaConv,offshore
al,h2066,0.07581729335677649,scr1982,avaConv,offshore
al,h2067,0.07003159019775669,scr1982,avaConv,offshore
al,h2068,0.06275001249858925,scr1982,avaConv,offshore
al,h2069,0.05177714337326027,scr1982,avaConv,offshore
al,h2070,0.04647851373567151,scr1982,avaConv,offshore
al,h2071,0.0461501303501163,scr1982,avaConv,offshore
al,h2072,0.04601482815213514,scr1982,avaConv,offshore
al,h2073,0.04097664085556465,scr1982,avaConv,offshore
al,h2074,0.029300948408707176,scr1982,avaConv,offshore
al,h2075,0.02285860819051777,scr1982,avaConv,offshore
al,h2076,0.018542011183511436,scr1982,avaConv,offshore
al,h2077,0.019023144271965883,scr1982,avaConv,offshore
al,h2078,0.014923305101135655,scr1982,avaConv,offshore
al,h2079,0.010066056292435234,scr1982,avaConv,offshore
al,h2080,0.007073145575853164,scr1982,avaConv,offshore
al,h2081,0.0070059536393123935,scr1982,avaConv,offshore
al,h2082,0.01020404169440482,scr1982,avaConv,offshore
al,h2083,0.014276014668295832,scr1982,avaConv,offshore
al,h2084,0.02003706240943579,scr1982,avaConv,offshore
al,h2085,0.02215722527819394,scr1982,avaConv,offshore
al,h2086,0.01906926135904904,scr1982,avaConv,offshore
al,h2087,0.013174665784751674,scr1982,avaConv,offshore
al,h2088,0.009271919438522737,scr1982,avaConv,offshore
al,h2089,0.007395949244153963,scr1982,avaConv,offshore
al,h2090,0.006123020756139303,scr1982,avaConv,offshore
al,h2091,0.004343355115671614,scr1982,avaConv,offshore
al,h2092,0.0030536460438649123,scr1982,avaConv,offshore
al,h2093,0.002358796419844204,scr1982,avaConv,offshore
al,h2094,0.0021710555052584105,scr1982,avaConv,offshore
al,h2095,0.00205023545554355,scr1982,avaConv,offshore
al,h2096,0.0015534029585759152,scr1982,avaConv,offshore
al,h2097,0.0007826956187337234,scr1982,avaConv,offshore
al,h2098,0.00019878548368790525,scr1982,avaConv,offshore
al,h2099,0.0,scr1982,avaConv,offshore
al,h2100,0.0,scr1982,avaConv,offshore
al,h2101,0.0,scr1982,avaConv,offshore
al,h2102,0.0,scr1982,avaConv,offshore
al,h2103,0.00013855810700611268,scr1982,avaConv,offshore
al,h2104,0.0006269441415809213,scr1982,avaConv,offshore
al,h2105,0.0013034662015167814,scr1982,avaConv,offshore
al,h2106,0.0012824596034626374,scr1982,avaConv,offshore
al,h2107,0.0011131434898360218,scr1982,avaConv,offshore
al,h2108,0.001990751841048201,scr1982,avaConv,offshore
al,h2109,0.0068341711657451815,scr1982,avaConv,offshore
al,h2110,0.0167752858059568,scr1982,avaConv,offshore
al,h2111,0.02173923098938288,scr1982,avaConv,offshore
al,h2112,0.024679805832215723,scr1982,avaConv,offshore
al,h2113,0.027381849152943543,scr1982,avaConv,offshore
al,h2114,0.03723806635459042,scr1982,avaConv,offshore
al,h2115,0.04414837603171881,scr1982,avaConv,offshore
al,h2116,0.041134981656153806,scr1982,avaConv,offshore
al,h2117,0.029450295931841244,scr1982,avaConv,offshore
al,h2118,0.016585548711953193,scr1982,avaConv,offshore
al,h2119,0.007880917467128679,scr1982,avaConv,offshore
al,h2120,0.004495613916975425,scr1982,avaConv,offshore
al,h2121,0.0035829654213217284,scr1982,avaConv,offshore
al,h2122,0.002828388007041766,scr1982,avaConv,offshore
al,h2123,0.0021819975626093334,scr1982,avaConv,offshore
al,h2124,0.0019067805548834802,scr1982,avaConv,offshore
al,h2125,0.0026005018677297625,scr1982,avaConv,offshore
al,h2126,0.002821634224812293,scr1982,avaConv,offshore
al,h2127,0.0018820134386109322,scr1982,avaConv,offshore
al,h2128,0.0006166573887629792,scr1982,avaConv,offshore
al,h2129,0.0,scr1982,avaConv,offshore
al,h2130,0.0,scr1982,avaConv,offshore
al,h2131,0.0002626021769873186,scr1982,avaConv,offshore
al,h2132,0.0007710769867262257,scr1982,avaConv,offshore
al,h2133,0.0016947669140327125,scr1982,avaConv,offshore
al,h2134,0.002269839371382076,scr1982,avaConv,offshore
al,h2135,0.001624528665930424,scr1982,avaConv,offshore
al,h2136,0.0006514512308974495,scr1982,avaConv,offshore
al,h2137,0.0,scr1982,avaConv,offshore
al,h2138,0.0,scr1982,avaConv,offshore
al,h2139,0.0,scr1982,avaConv,offshore
al,h2140,0.0,scr1982,avaConv,offshore
al,h2141,0.0,scr1982,avaConv,offshore
al,h2142,0.0,scr1982,avaConv,offshore
al,h2143,0.0,scr1982,avaConv,offshore
al,h2144,0.0,scr1982,avaConv,offshore
al,h2145,0.0,scr1982,avaConv,offshore
al,h2146,0.0,scr1982,avaConv,offshore
al,h2147,0.0,scr1982,avaConv,offshore
al,h2148,0.0,scr1982,avaConv,offshore
al,h2149,0.0,scr1982,avaConv,offshore
al,h2150,0.0,scr1982,avaConv,offshore
al,h2151,0.0,scr1982,avaConv,offshore
al,h2152,0.0,scr1982,avaConv,offshore
al,h2153,0.0,scr1982,avaConv,offshore
al,h2154,0.0,scr1982,avaConv,offshore
al,h2155,0.0,scr1982,avaConv,offshore
al,h2156,0.0,scr1982,avaConv,offshore
al,h2157,0.0,scr1982,avaConv,offshore
al,h2158,0.0,scr1982,avaConv,offshore
al,h2159,0.0,scr1982,avaConv,offshore
al,h2160,0.0,scr1982,avaConv,offshore
ba,h1441,0.00016151907229000213,scr1982,avaConv,offshore
ba,h1442,0.0,scr1982,avaConv,offshore
ba,h1443,0.0,scr1982,avaConv,offshore
ba,h1444,0.0,scr1982,avaConv,offshore
ba,h1445,0.0,scr1982,avaConv,offshore
ba,h1446,0.0,scr1982,avaConv,offshore
ba,h1447,0.0,scr1982,avaConv,offshore
ba,h1448,0.0,scr1982,avaConv,offshore
ba,h1449,0.0,scr1982,avaConv,offshore
ba,h1450,0.0,scr1982,avaConv,offshore
ba,h1451,0.0,scr1982,avaConv,offshore
ba,h1452,0.004219249962055423,scr1982,avaConv,offshore
ba,h1453,0.015004786991463192,scr1982,avaConv,offshore
ba,h1454,0.029461956077208164,scr1982,avaConv,offshore
ba,h1455,0.03802936511769899,scr1982,avaConv,offshore
ba,h1456,0.042045197856974484,scr1982,avaConv,offshore
ba,h1457,0.04053716088801009,scr1982,avaConv,offshore
ba,h1458,0.03585000396559155,scr1982,avaConv,offshore
ba,h1459,0.024624805515827814,scr1982,avaConv,offshore
ba,h1460,0.012491750007191806,scr1982,avaConv,offshore
ba,h1461,0.0037191928891493055,scr1982,avaConv,offshore
ba,h1462,0.00020408395372910579,scr1982,avaConv,offshore
ba,h1463,0.0,scr1982,avaConv,offshore
ba,h1464,0.0,scr1982,avaConv,offshore
ba,h1465,0.0,scr1982,avaConv,offshore
ba,h1466,0.0,scr1982,avaConv,offshore
ba,h1467,0.0,scr1982,avaConv,offshore
ba,h1468,0.0,scr1982,avaConv,offshore
ba,h1469,0.0,scr1982,avaConv,offshore
ba,h1470,0.0,scr1982,avaConv,offshore
ba,h1471,0.0004892465572422585,scr1982,avaConv,offshore
ba,h1472,0.0007945236970879835,scr1982,avaConv,offshore
ba,h1473,0.001417626474070674,scr1982,avaConv,offshore
ba,h1474,0.0015208445225477418,scr1982,avaConv,offshore
ba,h1475,0.003595950870941464,scr1982,avaConv,offshore
ba,h1476,0.014799904821268674,scr1982,avaConv,offshore
ba,h1477,0.04313354637220152,scr1982,avaConv,offshore
ba,h1478,0.09712038203888704,scr1982,avaConv,offshore
ba,h1479,0.1669152769449814,scr1982,avaConv,offshore
ba,h1480,0.24686026326427132,scr1982,avaConv,offshore
ba,h1481,0.3002447442714884,scr1982,avaConv,offshore
ba,h1482,0.32013389481118626,scr1982,avaConv,offshore
ba,h1483,0.3256036975423755,scr1982,avaConv,offshore
ba,h1484,0.34277228495800777,scr1982,avaConv,offshore
ba,h1485,0.4476931158189592,scr1982,avaConv,offshore
ba,h1486,0.6052370048407564,scr1982,avaConv,offshore
ba,h1487,0.7274582568797772,scr1982,avaConv,offshore
ba,h1488,0.7617824961340145,scr1982,avaConv,offshore
ba,h1489,0.7262156089081302,scr1982,avaConv,offshore
ba,h1490,0.6998230680557228,scr1982,avaConv,offshore
ba,h1491,0.6736872850422861,scr1982,avaConv,offshore
ba,h1492,0.6442836994428435,scr1982,avaConv,offshore
ba,h1493,0.5944866749541886,scr1982,avaConv,offshore
ba,h1494,0.5008783890627668,scr1982,avaConv,offshore
ba,h1495,0.3751459054809009,scr1982,avaConv,offshore
ba,h1496,0.28227036508664427,scr1982,avaConv,offshore
ba,h1497,0.2345703278406226,scr1982,avaConv,offshore
ba,h1498,0.21247571397830395,scr1982,avaConv,offshore
ba,h1499,0.1903793572319623,scr1982,avaConv,offshore
ba,h1500,0.17372358702152005,scr1982,avaConv,offshore
ba,h1501,0.1865191754658326,scr1982,avaConv,offshore
ba,h1502,0.20396447218949823,scr1982,avaConv,offshore
ba,h1503,0.19634341300841862,scr1982,avaConv,offshore
ba,h1504,0.15316197183109018,scr1982,avaConv,offshore
ba,h1505,0.11017058365497123,scr1982,avaConv,offshore
ba,h1506,0.09442553552875144,scr1982,avaConv,offshore
ba,h1507,0.09677114539041615,scr1982,avaConv,offshore
ba,h1508,0.10730440956790191,scr1982,avaConv,offshore
ba,h1509,0.11896693836117975,scr1982,avaConv,offshore
ba,h1510,0.13278536045220196,scr1982,avaConv,offshore
ba,h1511,0.10653585678792764,scr1982,avaConv,offshore
ba,h1512,0.08442470082271407,scr1982,avaConv,offshore
ba,h1513,0.0906072286608367,scr1982,avaConv,offshore
ba,h1514,0.13774159370102,scr1982,avaConv,offshore
ba,h1515,0.18055876926298073,scr1982,avaConv,offshore
ba,h1516,0.19215476418211375,scr1982,avaConv,offshore
ba,h1517,0.19394177184720926,scr1982,avaConv,offshore
ba,h1518,0.17391631822537731,scr1982,avaConv,offshore
ba,h1519,0.1388586468271992,scr1982,avaConv,offshore
ba,h1520,0.12719442874818704,scr1982,avaConv,offshore
ba,h1521,0.15078562631359452,scr1982,avaConv,offshore
ba,h1522,0.18771467039334397,scr1982,avaConv,offshore
ba,h1523,0.21789542888587973,scr1982,avaConv,offshore
ba,h1524,0.21939921465872814,scr1982,avaConv,offshore
ba,h1525,0.2107015962426427,scr1982,avaConv,offshore
ba,h1526,0.1960391385283237,scr1982,avaConv,offshore
ba,h1527,0.20248505663149272,scr1982,avaConv,offshore
ba,h1528,0.2415747458236352,scr1982,avaConv,offshore
ba,h1529,0.2868804668809007,scr1982,avaConv,offshore
ba,h1530,0.3112931323157389,scr1982,avaConv,offshore
ba,h1531,0.2968498133095464,scr1982,avaConv,offshore
ba,h1532,0.2678722531101467,scr1982,avaConv,offshore
ba,h1533,0.22974397661123722,scr1982,avaConv,offshore
ba,h1534,0.18819912376408598,scr1982,avaConv,offshore
ba,h1535,0.13803751804019926,scr1982,avaConv,offshore
ba,h1536,0.0896328501862577,scr1982,avaConv,offshore
ba,h1537,0.058477399761548365,scr1982,avaConv,offshore
ba,h1538,0.03806987329866902,scr1982,avaConv,offshore
ba,h1539,0.030075418724114553,scr1982,avaConv,offshore
ba,h1540,0.026733035462639356,scr1982,avaConv,offshore
ba,h1541,0.029279673237168746,scr1982,avaConv,offshore
ba,h1542,0.028005445767564714,scr1982,avaConv,offshore
ba,h1543,0.0217172310092067,scr1982,avaConv,offshore
ba,h1544,0.012467736650978866,scr1982,avaConv,offshore
ba,h1545,0.008828052694521346,scr1982,avaConv,offshore
ba,h1546,0.012102157399626926,scr1982,avaConv,offshore
ba,h1547,0.015255569975676286,scr1982,avaConv,offshore
ba,h1548,0.017789903624927984,scr1982,avaConv,offshore
ba,h1549,0.023467495185278492,scr1982,avaConv,offshore
ba,h1550,0.05836292863692477,scr1982,avaConv,offshore
ba,h1551,0.17643118042557443,scr1982,avaConv,offshore
ba,h1552,0.35655329882308096,scr1982,avaConv,offshore
ba,h1553,0.49836311072511014,scr1982,avaConv,offshore
ba,h1554,0.5020854278025735,scr1982,avaConv,offshore
ba,h1555,0.38593091967174437,scr1982,avaConv,offshore
ba,h1556,0.25285530266377376,scr1982,avaConv,offshore
ba,h1557,0.15679999159982635,scr1982,avaConv,offshore
ba,h1558,0.11789461919396828,scr1982,avaConv,offshore
ba,h1559,0.09912097724894729,scr1982,avaConv,offshore
ba,h1560,0.07167057330808344,scr1982,avaConv,offshore
ba,h1561,0.0383036190428323,scr1982,avaConv,offshore
ba,h1562,0.01997207544927232,scr1982,avaConv,offshore
ba,h1563,0.019713753711364457,scr1982,avaConv,offshore
ba,h1564,0.02961571424484605,scr1982,avaConv,offshore
ba,h1565,0.03927220159054611,scr1982,avaConv,offshore
ba,h1566,0.041439595570549985,scr1982,avaConv,offshore
ba,h1567,0.03899658060398247,scr1982,avaConv,offshore
ba,h1568,0.031055627777726098,scr1982,avaConv,offshore
ba,h1569,0.02479267878939395,scr1982,avaConv,offshore
ba,h1570,0.014412531336819107,scr1982,avaConv,offshore
ba,h1571,0.0066973270994616675,scr1982,avaConv,offshore
ba,h1572,0.0014410590429787332,scr1982,avaConv,offshore
ba,h1573,0.0016719750811373885,scr1982,avaConv,offshore
ba,h1574,0.011707022487189677,scr1982,avaConv,offshore
ba,h1575,0.027554621606607946,scr1982,avaConv,offshore
ba,h1576,0.048660262148254786,scr1982,avaConv,offshore
ba,h1577,0.058118116810439005,scr1982,avaConv,offshore
ba,h1578,0.06859718216878524,scr1982,avaConv,offshore
ba,h1579,0.05720498805390918,scr1982,avaConv,offshore
ba,h1580,0.037634744157270195,scr1982,avaConv,offshore
ba,h1581,0.012368282115176796,scr1982,avaConv,offshore
ba,h1582,0.001996737236319757,scr1982,avaConv,offshore
ba,h1583,0.0,scr1982,avaConv,offshore
ba,h1584,0.0,scr1982,avaConv,offshore
ba,h1585,0.0,scr1982,avaConv,offshore
ba,h1586,0.0,scr1982,avaConv,offshore
ba,h1587,0.0012127262875316098,scr1982,avaConv,offshore
ba,h1588,0.005413389204118486,scr1982,avaConv,offshore
ba,h1589,0.025543426034221838,scr1982,avaConv,offshore
ba,h1590,0.045864863447323975,scr1982,avaConv,offshore
ba,h1591,0.05414061615104309,scr1982,avaConv,offshore
ba,h1592,0.04696947562933308,scr1982,avaConv,offshore
ba,h1593,0.03890338401900745,scr1982,avaConv,offshore
ba,h1594,0.03561201386033146,scr1982,avaConv,offshore
ba,h1595,0.02785149165400284,scr1982,avaConv,offshore
ba,h1596,0.04004892178605462,scr1982,avaConv,offshore
ba,h1597,0.07904249273999737,scr1982,avaConv,offshore
ba,h1598,0.11309669136900287,scr1982,avaConv,offshore
ba,h1599,0.09917835114007104,scr1982,avaConv,offshore
ba,h1600,0.047013124143802126,scr1982,avaConv,offshore
ba,h1601,0.011784668675880003,scr1982,avaConv,offshore
ba,h1602,0.0005263680954008706,scr1982,avaConv,offshore
ba,h1603,0.00021198284449047193,scr1982,avaConv,offshore
ba,h1604,0.0,scr1982,avaConv,offshore
ba,h1605,0.0,scr1982,avaConv,offshore
ba,h1606,0.0,scr1982,avaConv,offshore
ba,h1607,0.0013280810422688092,scr1982,avaConv,offshore
ba,h1608,0.0018235234879944702,scr1982,avaConv,offshore
ba,h1609,0.0018235234879944702,scr1982,avaConv,offshore
ba,h1610,0.0005127018853656936,scr1982,avaConv,offshore
ba,h1611,0.001962546474144887,scr1982,avaConv,offshore
ba,h1612,0.00459054372907132,scr1982,avaConv,offshore
ba,h1613,0.004893397724098433,scr1982,avaConv,offshore
ba,h1614,0.0025311811260876694,scr1982,avaConv,offshore
ba,h1615,0.00031840242741245007,scr1982,avaConv,offshore
ba,h1616,0.0,scr1982,avaConv,offshore
ba,h1617,0.0,scr1982,avaConv,offshore
ba,h1618,0.0,scr1982,avaConv,offshore
ba,h1619,0.0,scr1982,avaConv,offshore
ba,h1620,0.0,scr1982,avaConv,offshore
ba,h1621,0.0005680782454595145,scr1982,avaConv,offshore
ba,h1622,0.0030280318707154173,scr1982,avaConv,offshore
ba,h1623,0.010046532287756224,scr1982,avaConv,offshore
ba,h1624,0.021646213220071982,scr1982,avaConv,offshore
ba,h1625,0.0300582261945403,scr1982,avaConv,offshore
ba,h1626,0.035945556114938805,scr1982,avaConv,offshore
ba,h1627,0.028201779695932374,scr1982,avaConv,offshore
ba,h1628,0.01609839500657593,scr1982,avaConv,offshore
ba,h1629,0.0038774640529354574,scr1982,avaConv,offshore
ba,h1630,0.0,scr1982,avaConv,offshore
ba,h1631,0.0,scr1982,avaConv,offshore
ba,h1632,0.0,scr1982,avaConv,offshore
ba,h1633,0.0,scr1982,avaConv,offshore
ba,h1634,0.0,scr1982,avaConv,offshore
ba,h1635,0.0,scr1982,avaConv,offshore
ba,h1636,0.0,scr1982,avaConv,offshore
ba,h1637,0.0,scr1982,avaConv,offshore
ba,h1638,0.0,scr1982,avaConv,offshore
ba,h1639,0.0,scr1982,avaConv,offshore
ba,h1640,0.0,scr1982,avaConv,offshore
ba,h1641,0.0,scr1982,avaConv,offshore
ba,h1642,0.0003143871218368981,scr1982,avaConv,offshore
ba,h1643,0.0005780117272961824,scr1982,avaConv,offshore
ba,h1644,0.0009868220163305249,scr1982,avaConv,offshore
ba,h1645,0.000786993746592309,scr1982,avaConv,offshore
ba,h1646,0.0012775370969412112,scr1982,avaConv,offshore
ba,h1647,0.0025837650733394205,scr1982,avaConv,offshore
ba,h1648,0.0042963036142257644,scr1982,avaConv,offshore
ba,h1649,0.003934472504002974,scr1982,avaConv,offshore
ba,h1650,0.0028743978077175464,scr1982,avaConv,offshore
ba,h1651,0.0010370433130525933,scr1982,avaConv,offshore
ba,h1652,0.0005457373680696073,scr1982,avaConv,offshore
ba,h1653,0.0,scr1982,avaConv,offshore
ba,h1654,0.0,scr1982,avaConv,offshore
ba,h1655,0.0,scr1982,avaConv,offshore
ba,h1656,0.0,scr1982,avaConv,offshore
ba,h1657,0.0,scr1982,avaConv,offshore
ba,h1658,0.0,scr1982,avaConv,offshore
ba,h1659,0.0,scr1982,avaConv,offshore
ba,h1660,0.0,scr1982,avaConv,offshore
ba,h1661,0.0,scr1982,avaConv,offshore
ba,h1662,0.0,scr1982,avaConv,offshore
ba,h1663,0.0,scr1982,avaConv,offshore
ba,h1664,0.0,scr1982,avaConv,offshore
ba,h1665,0.0,scr1982,avaConv,offshore
ba,h1666,0.0,scr1982,avaConv,offshore
ba,h1667,0.0,scr1982,avaConv,offshore
ba,h1668,0.0016908523234365558,scr1982,avaConv,offshore
ba,h1669,0.0127026322697932,scr1982,avaConv,offshore
ba,h1670,0.04145186004663064,scr1982,avaConv,offshore
ba,h1671,0.07978834404495372,scr1982,avaConv,offshore
ba,h1672,0.08435984234270871,scr1982,avaConv,offshore
ba,h1673,0.06011899770144357,scr1982,avaConv,offshore
ba,h1674,0.03002676554501654,scr1982,avaConv,offshore
ba,h1675,0.01646587338202426,scr1982,avaConv,offshore
ba,h1676,0.009017943000375415,scr1982,avaConv,offshore
ba,h1677,0.0022533721852892466,scr1982,avaConv,offshore
ba,h1678,0.0,scr1982,avaConv,offshore
ba,h1679,0.0,scr1982,avaConv,offshore
ba,h1680,0.0,scr1982,avaConv,offshore
ba,h1681,0.0024449019689307965,scr1982,avaConv,offshore
ba,h1682,0.0037087739260694367,scr1982,avaConv,offshore
ba,h1683,0.005280941910279253,scr1982,avaConv,offshore
ba,h1684,0.004928484157623028,scr1982,avaConv,offshore
ba,h1685,0.009645694047107233,scr1982,avaConv,offshore
ba,h1686,0.016269361412689514,scr1982,avaConv,offshore
ba,h1687,0.023771587512144487,scr1982,avaConv,offshore
ba,h1688,0.022514550242188455,scr1982,avaConv,offshore
ba,h1689,0.0156952837697006,scr1982,avaConv,offshore
ba,h1690,0.0055933853210661175,scr1982,avaConv,offshore
ba,h1691,0.0011547639871599942,scr1982,avaConv,offshore
ba,h1692,0.001005644584511842,scr1982,avaConv,offshore
ba,h1693,0.004100283983284144,scr1982,avaConv,offshore
ba,h1694,0.009092771573674373,scr1982,avaConv,offshore
ba,h1695,0.018520424215965454,scr1982,avaConv,offshore
ba,h1696,0.038176489541354296,scr1982,avaConv,offshore
ba,h1697,0.07836052192650943,scr1982,avaConv,offshore
ba,h1698,0.12463492560146817,scr1982,avaConv,offshore
ba,h1699,0.15668119813705247,scr1982,avaConv,offshore
ba,h1700,0.15221339008241322,scr1982,avaConv,offshore
ba,h1701,0.11083431966343003,scr1982,avaConv,offshore
ba,h1702,0.05624957789964247,scr1982,avaConv,offshore
ba,h1703,0.016294602958473084,scr1982,avaConv,offshore
ba,h1704,0.0017424646523737477,scr1982,avaConv,offshore
ba,h1705,0.0,scr1982,avaConv,offshore
ba,h1706,0.0,scr1982,avaConv,offshore
ba,h1707,0.0,scr1982,avaConv,offshore
ba,h1708,0.0,scr1982,avaConv,offshore
ba,h1709,0.0009949744186159232,scr1982,avaConv,offshore
ba,h1710,0.006424792176833728,scr1982,avaConv,offshore
ba,h1711,0.01481526049933336,scr1982,avaConv,offshore
ba,h1712,0.018285267353728027,scr1982,avaConv,offshore
ba,h1713,0.021916042794257035,scr1982,avaConv,offshore
ba,h1714,0.03217661669356868,scr1982,avaConv,offshore
ba,h1715,0.06611315307194253,scr1982,avaConv,offshore
ba,h1716,0.10568559523042118,scr1982,avaConv,offshore
ba,h1717,0.14301409867025558,scr1982,avaConv,offshore
ba,h1718,0.1777990647069256,scr1982,avaConv,offshore
ba,h1719,0.2615517277572283,scr1982,avaConv,offshore
ba,h1720,0.4063769738827108,scr1982,avaConv,offshore
ba,h1721,0.572577888346476,scr1982,avaConv,offshore
ba,h1722,0.6786342762225428,scr1982,avaConv,offshore
ba,h1723,0.7492411995596091,scr1982,avaConv,offshore
ba,h1724,0.8157791636433801,scr1982,avaConv,offshore
ba,h1725,0.8809322054353254,scr1982,avaConv,offshore
ba,h1726,0.8233857877018137,scr1982,avaConv,offshore
ba,h1727,0.6209159062795833,scr1982,avaConv,offshore
ba,h1728,0.29704566272423116,scr1982,avaConv,offshore
ba,h1729,0.087228980380456,scr1982,avaConv,offshore
ba,h1730,0.0005767737491235332,scr1982,avaConv,offshore
ba,h1731,0.0,scr1982,avaConv,offshore
ba,h1732,0.002005634020646277,scr1982,avaConv,offshore
ba,h1733,0.01348308390706373,scr1982,avaConv,offshore
ba,h1734,0.05002935150437472,scr1982,avaConv,offshore
ba,h1735,0.10178129502016846,scr1982,avaConv,offshore
ba,h1736,0.1521261709365332,scr1982,avaConv,offshore
ba,h1737,0.16757618161805266,scr1982,avaConv,offshore
ba,h1738,0.1662996368183018,scr1982,avaConv,offshore
ba,h1739,0.13766354758313493,scr1982,avaConv,offshore
ba,h1740,0.13878633126041914,scr1982,avaConv,offshore
ba,h1741,0.16396252272242604,scr1982,avaConv,offshore
ba,h1742,0.20766392641108028,scr1982,avaConv,offshore
ba,h1743,0.24296357937055524,scr1982,avaConv,offshore
ba,h1744,0.2813766211581191,scr1982,avaConv,offshore
ba,h1745,0.3277983215768672,scr1982,avaConv,offshore
ba,h1746,0.34287073982800526,scr1982,avaConv,offshore
ba,h1747,0.30005037133150103,scr1982,avaConv,offshore
ba,h1748,0.22264674659378278,scr1982,avaConv,offshore
ba,h1749,0.15173596084045493,scr1982,avaConv,offshore
ba,h1750,0.11627811863380892,scr1982,avaConv,offshore
ba,h1751,0.12717146735839607,scr1982,avaConv,offshore
ba,h1752,0.162647268667932,scr1982,avaConv,offshore
ba,h1753,0.19751036675980058,scr1982,avaConv,offshore
ba,h1754,0.21130598321828353,scr1982,avaConv,offshore
ba,h1755,0.18901017527811967,scr1982,avaConv,offshore
ba,h1756,0.13920397999334136,scr1982,avaConv,offshore
ba,h1757,0.08718891264232591,scr1982,avaConv,offshore
ba,h1758,0.058580707603377344,scr1982,avaConv,offshore
ba,h1759,0.04421587489056459,scr1982,avaConv,offshore
ba,h1760,0.028546505631865962,scr1982,avaConv,offshore
ba,h1761,0.012409164642513112,scr1982,avaConv,offshore
ba,h1762,0.0029355732467191615,scr1982,avaConv,offshore
ba,h1763,0.0014716954847202055,scr1982,avaConv,offshore
ba,h1764,0.002378691298461363,scr1982,avaConv,offshore
ba,h1765,0.008088369703797518,scr1982,avaConv,offshore
ba,h1766,0.017265430410198374,scr1982,avaConv,offshore
ba,h1767,0.026614851099506127,scr1982,avaConv,offshore
ba,h1768,0.02991460330415466,scr1982,avaConv,offshore
ba,h1769,0.03537900014409271,scr1982,avaConv,offshore
ba,h1770,0.04878447786300698,scr1982,avaConv,offshore
ba,h1771,0.07405832123774954,scr1982,avaConv,offshore
ba,h1772,0.09292413615095853,scr1982,avaConv,offshore
ba,h1773,0.09749066000438858,scr1982,avaConv,offshore
ba,h1774,0.10698945157083424,scr1982,avaConv,offshore
ba,h1775,0.15909252163488447,scr1982,avaConv,offshore
ba,h1776,0.19172157545966417,scr1982,avaConv,offshore
ba,h1777,0.17221221013344903,scr1982,avaConv,offshore
ba,h1778,0.11194069539439748,scr1982,avaConv,offshore
ba,h1779,0.07426936992978075,scr1982,avaConv,offshore
ba,h1780,0.055605108147584216,scr1982,avaConv,offshore
ba,h1781,0.0367319443629039,scr1982,avaConv,offshore
ba,h1782,0.02503889673110154,scr1982,avaConv,offshore
ba,h1783,0.023560300863885747,scr1982,avaConv,offshore
ba,h1784,0.016933605272848578,scr1982,avaConv,offshore
ba,h1785,0.008649577448557103,scr1982,avaConv,offshore
ba,h1786,0.002000385399067139,scr1982,avaConv,offshore
ba,h1787,0.00021877655410483345,scr1982,avaConv,offshore
ba,h1788,0.0,scr1982,avaConv,offshore
ba,h1789,0.0,scr1982,avaConv,offshore
ba,h1790,0.0012037703128826582,scr1982,avaConv,offshore
ba,h1791,0.015803328980517287,scr1982,avaConv,offshore
ba,h1792,0.043049277987441736,scr1982,avaConv,offshore
ba,h1793,0.0583032014839557,scr1982,avaConv,offshore
ba,h1794,0.0653440441908087,scr1982,avaConv,offshore
ba,h1795,0.03624140640378331,scr1982,avaConv,offshore
ba,h1796,0.020964299324443093,scr1982,avaConv,offshore
ba,h1797,0.015754796124308548,scr1982,avaConv,offshore
ba,h1798,0.04146951278341945,scr1982,avaConv,offshore
ba,h1799,0.07731583178066402,scr1982,avaConv,offshore
ba,h1800,0.11548081420675223,scr1982,avaConv,offshore
ba,h1801,0.14607713669786196,scr1982,avaConv,offshore
ba,h1802,0.14920570985736506,scr1982,avaConv,offshore
ba,h1803,0.15602179196862045,scr1982,avaConv,offshore
ba,h1804,0.19305201786968496,scr1982,avaConv,offshore
ba,h1805,0.2413759692151307,scr1982,avaConv,offshore
ba,h1806,0.2420992853385371,scr1982,avaConv,offshore
ba,h1807,0.18819222801617358,scr1982,avaConv,offshore
ba,h1808,0.1326934548779603,scr1982,avaConv,offshore
ba,h1809,0.10404532856864941,scr1982,avaConv,offshore
ba,h1810,0.10383930413818651,scr1982,avaConv,offshore
ba,h1811,0.10927340266264349,scr1982,avaConv,offshore
ba,h1812,0.1479072818357143,scr1982,avaConv,offshore
ba,h1813,0.1268282573012419,scr1982,avaConv,offshore
ba,h1814,0.08954716805138212,scr1982,avaConv,offshore
ba,h1815,0.021198476770297056,scr1982,avaConv,offshore
ba,h1816,0.0025879259135390296,scr1982,avaConv,offshore
ba,h1817,0.01243473284347519,scr1982,avaConv,offshore
ba,h1818,0.019175309179922054,scr1982,avaConv,offshore
ba,h1819,0.023694315736979558,scr1982,avaConv,offshore
ba,h1820,0.009780160831592008,scr1982,avaConv,offshore
ba,h1821,0.013269287838885606,scr1982,avaConv,offshore
ba,h1822,0.010885431901489905,scr1982,avaConv,offshore
ba,h1823,0.010885431901489905,scr1982,avaConv,offshore
ba,h1824,0.001400183478842596,scr1982,avaConv,offshore
ba,h1825,0.013547635724397024,scr1982,avaConv,offshore
ba,h1826,0.049994962041726564,scr1982,avaConv,offshore
ba,h1827,0.086299817633012,scr1982,avaConv,offshore
ba,h1828,0.07968108613681105,scr1982,avaConv,offshore
ba,h1829,0.057352585174657765,scr1982,avaConv,offshore
ba,h1830,0.04433473454870498,scr1982,avaConv,offshore
ba,h1831,0.036992460180685444,scr1982,avaConv,offshore
ba,h1832,0.02222658022790221,scr1982,avaConv,offshore
ba,h1833,0.006742541761236473,scr1982,avaConv,offshore
ba,h1834,0.0021076249011130047,scr1982,avaConv,offshore
ba,h1835,0.0007042081715520116,scr1982,avaConv,offshore
ba,h1836,0.0,scr1982,avaConv,offshore
ba,h1837,0.0,scr1982,avaConv,offshore
ba,h1838,0.012791281866489167,scr1982,avaConv,offshore
ba,h1839,0.07437526271783206,scr1982,avaConv,offshore
ba,h1840,0.14036252063177815,scr1982,avaConv,offshore
ba,h1841,0.16552724990470805,scr1982,avaConv,offshore
ba,h1842,0.12424142022354928,scr1982,avaConv,offshore
ba,h1843,0.09662689141138443,scr1982,avaConv,offshore
ba,h1844,0.07064097000372721,scr1982,avaConv,offshore
ba,h1845,0.04312089522940714,scr1982,avaConv,offshore
ba,h1846,0.013056862753109503,scr1982,avaConv,offshore
ba,h1847,0.0015127522417886727,scr1982,avaConv,offshore
ba,h1848,0.0,scr1982,avaConv,offshore
ba,h1849,0.0,scr1982,avaConv,offshore
ba,h1850,0.0,scr1982,avaConv,offshore
ba,h1851,0.0,scr1982,avaConv,offshore
ba,h1852,0.0,scr1982,avaConv,offshore
ba,h1853,0.0,scr1982,avaConv,offshore
ba,h1854,0.0,scr1982,avaConv,offshore
ba,h1855,0.0,scr1982,avaConv,offshore
ba,h1856,0.0,scr1982,avaConv,offshore
ba,h1857,0.00022562156695962637,scr1982,avaConv,offshore
ba,h1858,0.003731234380673743,scr1982,avaConv,offshore
ba,h1859,0.009797574009282422,scr1982,avaConv,offshore
ba,h1860,0.029702349489663802,scr1982,avaConv,offshore
ba,h1861,0.05835138999384233,scr1982,avaConv,offshore
ba,h1862,0.08635209676350537,scr1982,avaConv,offshore
ba,h1863,0.08891142734565488,scr1982,avaConv,offshore
ba,h1864,0.07062625201159022,scr1982,avaConv,offshore
ba,h1865,0.045724764125132544,scr1982,avaConv,offshore
ba,h1866,0.024903474360978735,scr1982,avaConv,offshore
ba,h1867,0.01377597107566556,scr1982,avaConv,offshore
ba,h1868,0.01651886889204034,scr1982,avaConv,offshore
ba,h1869,0.028548283987296884,scr1982,avaConv,offshore
ba,h1870,0.04894508238862377,scr1982,avaConv,offshore
ba,h1871,0.062157681193112393,scr1982,avaConv,offshore
ba,h1872,0.08450826621676363,scr1982,avaConv,offshore
ba,h1873,0.13204915066432035,scr1982,avaConv,offshore
ba,h1874,0.18372759274950684,scr1982,avaConv,offshore
ba,h1875,0.23086757755637363,scr1982,avaConv,offshore
ba,h1876,0.28771399388069957,scr1982,avaConv,offshore
ba,h1877,0.32775069719259026,scr1982,avaConv,offshore
ba,h1878,0.3472299526623566,scr1982,avaConv,offshore
ba,h1879,0.31289466257215226,scr1982,avaConv,offshore
ba,h1880,0.2821507715582721,scr1982,avaConv,offshore
ba,h1881,0.3385542933749578,scr1982,avaConv,offshore
ba,h1882,0.4139672637305345,scr1982,avaConv,offshore
ba,h1883,0.5009606005528587,scr1982,avaConv,offshore
ba,h1884,0.5325910645289482,scr1982,avaConv,offshore
ba,h1885,0.562190680888528,scr1982,avaConv,offshore
ba,h1886,0.5718740419952912,scr1982,avaConv,offshore
ba,h1887,0.4749647740337976,scr1982,avaConv,offshore
ba,h1888,0.346657487210158,scr1982,avaConv,offshore
ba,h1889,0.27711223095487536,scr1982,avaConv,offshore
ba,h1890,0.2445617959776867,scr1982,avaConv,offshore
ba,h1891,0.21508282951967747,scr1982,avaConv,offshore
ba,h1892,0.14010952458213266,scr1982,avaConv,offshore
ba,h1893,0.0743565566115071,scr1982,avaConv,offshore
ba,h1894,0.031403862810548834,scr1982,avaConv,offshore
ba,h1895,0.006252285871637192,scr1982,avaConv,offshore
ba,h1896,0.002486385426059261,scr1982,avaConv,offshore
ba,h1897,0.0,scr1982,avaConv,offshore
ba,h1898,0.0006753400260376366,scr1982,avaConv,offshore
ba,h1899,0.0013025288699646577,scr1982,avaConv,offshore
ba,h1900,0.0013025288699646577,scr1982,avaConv,offshore
ba,h1901,0.0009025176172272319,scr1982,avaConv,offshore
ba,h1902,0.02272597244909924,scr1982,avaConv,offshore
ba,h1903,0.07069660833391057,scr1982,avaConv,offshore
ba,h1904,0.08182918288384426,scr1982,avaConv,offshore
ba,h1905,0.04937398207430229,scr1982,avaConv,offshore
ba,h1906,0.007493177551364126,scr1982,avaConv,offshore
ba,h1907,0.010787147620739219,scr1982,avaConv,offshore
ba,h1908,0.013370220803264608,scr1982,avaConv,offshore
ba,h1909,0.01214869349002221,scr1982,avaConv,offshore
ba,h1910,0.001443777407132295,scr1982,avaConv,offshore
ba,h1911,0.0,scr1982,avaConv,offshore
ba,h1912,0.004429680206828702,scr1982,avaConv,offshore
ba,h1913,0.012845481642836285,scr1982,avaConv,offshore
ba,h1914,0.02643506022061078,scr1982,avaConv,offshore
ba,h1915,0.0699607781600824,scr1982,avaConv,offshore
ba,h1916,0.14635440646748013,scr1982,avaConv,offshore
ba,h1917,0.22823795774086006,scr1982,avaConv,offshore
ba,h1918,0.26799799891314546,scr1982,avaConv,offshore
ba,h1919,0.2553266257369155,scr1982,avaConv,offshore
ba,h1920,0.2389022571807871,scr1982,avaConv,offshore
ba,h1921,0.23241310060781167,scr1982,avaConv,offshore
ba,h1922,0.25120620926623827,scr1982,avaConv,offshore
ba,h1923,0.2604056236235854,scr1982,avaConv,offshore
ba,h1924,0.22822628680675153,scr1982,avaConv,offshore
ba,h1925,0.1715328000758847,scr1982,avaConv,offshore
ba,h1926,0.1227328243781401,scr1982,avaConv,offshore
ba,h1927,0.1027038877347377,scr1982,avaConv,offshore
ba,h1928,0.089204637085509,scr1982,avaConv,offshore
ba,h1929,0.07964914782956058,scr1982,avaConv,offshore
ba,h1930,0.07128038579057817,scr1982,avaConv,offshore
ba,h1931,0.060020620546498295,scr1982,avaConv,offshore
ba,h1932,0.03928712824197357,scr1982,avaConv,offshore
ba,h1933,0.017439559164609975,scr1982,avaConv,offshore
ba,h1934,0.01351500833282846,scr1982,avaConv,offshore
ba,h1935,0.034612168150659456,scr1982,avaConv,offshore
ba,h1936,0.09382073916143807,scr1982,avaConv,offshore
ba,h1937,0.20288636897352566,scr1982,avaConv,offshore
ba,h1938,0.3317135644422977,scr1982,avaConv,offshore
ba,h1939,0.41564172140828703,scr1982,avaConv,offshore
ba,h1940,0.3963106175665821,scr1982,avaConv,offshore
ba,h1941,0.29294934124506966,scr1982,avaConv,offshore
ba,h1942,0.1906964756235692,scr1982,avaConv,offshore
ba,h1943,0.12731395082609331,scr1982,avaConv,offshore
ba,h1944,0.11419654009309915,scr1982,avaConv,offshore
ba,h1945,0.10691764203833458,scr1982,avaConv,offshore
ba,h1946,0.0988302561371867,scr1982,avaConv,offshore
ba,h1947,0.07964224888576533,scr1982,avaConv,offshore
ba,h1948,0.058855542612326305,scr1982,avaConv,offshore
ba,h1949,0.03772419892069664,scr1982,avaConv,offshore
ba,h1950,0.018121108002470923,scr1982,avaConv,offshore
ba,h1951,0.0067136815498090785,scr1982,avaConv,offshore
ba,h1952,0.0015699474651068965,scr1982,avaConv,offshore
ba,h1953,0.0006146202998271148,scr1982,avaConv,offshore
ba,h1954,0.0,scr1982,avaConv,offshore
ba,h1955,0.00015184135326360776,scr1982,avaConv,offshore
ba,h1956,0.001900456402566994,scr1982,avaConv,offshore
ba,h1957,0.007840096628172415,scr1982,avaConv,offshore
ba,h1958,0.021456139736761946,scr1982,avaConv,offshore
ba,h1959,0.03872013685879426,scr1982,avaConv,offshore
ba,h1960,0.05029901552293414,scr1982,avaConv,offshore
ba,h1961,0.05288066624548636,scr1982,avaConv,offshore
ba,h1962,0.0558156846232312,scr1982,avaConv,offshore
ba,h1963,0.057865156049704054,scr1982,avaConv,offshore
ba,h1964,0.04796029095135522,scr1982,avaConv,offshore
ba,h1965,0.04709221690079066,scr1982,avaConv,offshore
ba,h1966,0.042927311236661166,scr1982,avaConv,offshore
ba,h1967,0.04235774213045849,scr1982,avaConv,offshore
ba,h1968,0.022661312446086497,scr1982,avaConv,offshore
ba,h1969,0.010655629231501117,scr1982,avaConv,offshore
ba,h1970,0.004435587699785922,scr1982,avaConv,offshore
ba,h1971,0.00241405492227794,scr1982,avaConv,offshore
ba,h1972,0.001289047106248017,scr1982,avaConv,offshore
ba,h1973,0.005676094767248985,scr1982,avaConv,offshore
ba,h1974,0.019301887295152795,scr1982,avaConv,offshore
ba,h1975,0.034043595434816665,scr1982,avaConv,offshore
ba,h1976,0.03423776708470523,scr1982,avaConv,offshore
ba,h1977,0.02770308112021299,scr1982,avaConv,offshore
ba,h1978,0.027200729250521184,scr1982,avaConv,offshore
ba,h1979,0.031591578056285506,scr1982,avaConv,offshore
ba,h1980,0.024744464629656984,scr1982,avaConv,offshore
ba,h1981,0.011617875171719446,scr1982,avaConv,offshore
ba,h1982,0.00899771550641059,scr1982,avaConv,offshore
ba,h1983,0.022059798482663998,scr1982,avaConv,offshore
ba,h1984,0.045117415450950986,scr1982,avaConv,offshore
ba,h1985,0.09969648202017196,scr1982,avaConv,offshore
ba,h1986,0.17913386075035023,scr1982,avaConv,offshore
ba,h1987,0.24108956512708674,scr1982,avaConv,offshore
ba,h1988,0.22338392973003796,scr1982,avaConv,offshore
ba,h1989,0.16136154834363517,scr1982,avaConv,offshore
ba,h1990,0.11871225418490118,scr1982,avaConv,offshore
ba,h1991,0.12408837778333115,scr1982,avaConv,offshore
ba,h1992,0.14892243770060493,scr1982,avaConv,offshore
ba,h1993,0.15746787934056708,scr1982,avaConv,offshore
ba,h1994,0.13987023127805656,scr1982,avaConv,offshore
ba,h1995,0.11224971288344467,scr1982,avaConv,offshore
ba,h1996,0.09578910327098546,scr1982,avaConv,offshore
ba,h1997,0.08011144041953147,scr1982,avaConv,offshore
ba,h1998,0.060419307646624384,scr1982,avaConv,offshore
ba,h1999,0.03768206817221752,scr1982,avaConv,offshore
ba,h2000,0.020070015026034407,scr1982,avaConv,offshore
ba,h2001,0.0078043141188741064,scr1982,avaConv,offshore
ba,h2002,0.0018795509553273478,scr1982,avaConv,offshore
ba,h2003,0.0,scr1982,avaConv,offshore
ba,h2004,0.0,scr1982,avaConv,offshore
ba,h2005,0.0,scr1982,avaConv,offshore
ba,h2006,0.001043205332612738,scr1982,avaConv,offshore
ba,h2007,0.012947447615155878,scr1982,avaConv,offshore
ba,h2008,0.04790894641185958,scr1982,avaConv,offshore
ba,h2009,0.07699936112520511,scr1982,avaConv,offshore
ba,h2010,0.07312893735092887,scr1982,avaConv,offshore
ba,h2011,0.03827384723205918,scr1982,avaConv,offshore
ba,h2012,0.01198926291058884,scr1982,avaConv,offshore
ba,h2013,0.0023192924459199977,scr1982,avaConv,offshore
ba,h2014,0.0001358534937335742,scr1982,avaConv,offshore
ba,h2015,0.0,scr1982,avaConv,offshore
ba,h2016,0.0,scr1982,avaConv,offshore
ba,h2017,0.0,scr1982,avaConv,offshore
ba,h2018,0.0,scr1982,avaConv,offshore
ba,h2019,0.0,scr1982,avaConv,offshore
ba,h2020,0.0,scr1982,avaConv,offshore
ba,h2021,0.00016230442078383578,scr1982,avaConv,offshore
ba,h2022,0.0008607962238621142,scr1982,avaConv,offshore
ba,h2023,0.0008607962238621142,scr1982,avaConv,offshore
ba,h2024,0.0006012924151933492,scr1982,avaConv,offshore
ba,h2025,0.0,scr1982,avaConv,offshore
ba,h2026,0.0,scr1982,avaConv,offshore
ba,h2027,0.0,scr1982,avaConv,offshore
ba,h2028,0.0,scr1982,avaConv,offshore
ba,h2029,0.0019941386426794443,scr1982,avaConv,offshore
ba,h2030,0.0019941386426794443,scr1982,avaConv,offshore
ba,h2031,0.0019941386426794443,scr1982,avaConv,offshore
ba,h2032,0.001242764278719865,scr1982,avaConv,offshore
ba,h2033,0.0033285824145133465,scr1982,avaConv,offshore
ba,h2034,0.0036870686844706615,scr1982,avaConv,offshore
ba,h2035,0.002043009840260302,scr1982,avaConv,offshore
ba,h2036,0.0004904813277751037,scr1982,avaConv,offshore
ba,h2037,0.0023014284814108447,scr1982,avaConv,offshore
ba,h2038,0.006036390031236281,scr1982,avaConv,offshore
ba,h2039,0.01202673134820898,scr1982,avaConv,offshore
ba,h2040,0.008940697440189209,scr1982,avaConv,offshore
ba,h2041,0.004708859500382966,scr1982,avaConv,offshore
ba,h2042,0.0,scr1982,avaConv,offshore
ba,h2043,0.0,scr1982,avaConv,offshore
ba,h2044,0.0,scr1982,avaConv,offshore
ba,h2045,0.0,scr1982,avaConv,offshore
ba,h2046,0.0,scr1982,avaConv,offshore
ba,h2047,0.0,scr1982,avaConv,offshore
ba,h2048,0.0,scr1982,avaConv,offshore
ba,h2049,0.0,scr1982,avaConv,offshore
ba,h2050,0.0003398741485415412,scr1982,avaConv,offshore
ba,h2051,0.0003398741485415412,scr1982,avaConv,offshore
ba,h2052,0.0003398741485415412,scr1982,avaConv,offshore
ba,h2053,0.0,scr1982,avaConv,offshore
ba,h2054,0.0016421261097269732,scr1982,avaConv,offshore
ba,h2055,0.008350902488231038,scr1982,avaConv,offshore
ba,h2056,0.030430771212541594,scr1982,avaConv,offshore
ba,h2057,0.03453816289126705,scr1982,avaConv,offshore
ba,h2058,0.02808261119758446,scr1982,avaConv,offshore
ba,h2059,0.012595229397536005,scr1982,avaConv,offshore
ba,h2060,0.02099983769396353,scr1982,avaConv,offshore
ba,h2061,0.03907410696914122,scr1982,avaConv,offshore
ba,h2062,0.06913780768663626,scr1982,avaConv,offshore
ba,h2063,0.08211276347242959,scr1982,avaConv,offshore
ba,h2064,0.10020847058675308,scr1982,avaConv,offshore
ba,h2065,0.09987332608073317,scr1982,avaConv,offshore
ba,h2066,0.11890413324343947,scr1982,avaConv,offshore
ba,h2067,0.13596047158942112,scr1982,avaConv,offshore
ba,h2068,0.1755024743685858,scr1982,avaConv,offshore
ba,h2069,0.21501197564996394,scr1982,avaConv,offshore
ba,h2070,0.2813358977611932,scr1982,avaConv,offshore
ba,h2071,0.3319653780061213,scr1982,avaConv,offshore
ba,h2072,0.36574108826650326,scr1982,avaConv,offshore
ba,h2073,0.35091321076740045,scr1982,avaConv,offshore
ba,h2074,0.33075041962314355,scr1982,avaConv,offshore
ba,h2075,0.27415456315739656,scr1982,avaConv,offshore
ba,h2076,0.2016225978789658,scr1982,avaConv,offshore
ba,h2077,0.11493795135204679,scr1982,avaConv,offshore
ba,h2078,0.061082672123689105,scr1982,avaConv,offshore
ba,h2079,0.03232584835069957,scr1982,avaConv,offshore
ba,h2080,0.020329068835557074,scr1982,avaConv,offshore
ba,h2081,0.027689000856759998,scr1982,avaConv,offshore
ba,h2082,0.05382102581687161,scr1982,avaConv,offshore
ba,h2083,0.11976004605531773,scr1982,avaConv,offshore
ba,h2084,0.22548669306301433,scr1982,avaConv,offshore
ba,h2085,0.35512244136107723,scr1982,avaConv,offshore
ba,h2086,0.4248606547436898,scr1982,avaConv,offshore
ba,h2087,0.40653200252184085,scr1982,avaConv,offshore
ba,h2088,0.3267076639321922,scr1982,avaConv,offshore
ba,h2089,0.2552118212653612,scr1982,avaConv,offshore
ba,h2090,0.1983559199577817,scr1982,avaConv,offshore
ba,h2091,0.15600255691669493,scr1982,avaConv,offshore
ba,h2092,0.1318106189705414,scr1982,avaConv,offshore
ba,h2093,0.1287733463712295,scr1982,avaConv,offshore
ba,h2094,0.14277796407947002,scr1982,avaConv,offshore
ba,h2095,0.14610875390880038,scr1982,avaConv,offshore
ba,h2096,0.13785105578395832,scr1982,avaConv,offshore
ba,h2097,0.1066763994756808,scr1982,avaConv,offshore
ba,h2098,0.06878735290532856,scr1982,avaConv,offshore
ba,h2099,0.03215285854561061,scr1982,avaConv,offshore
ba,h2100,0.009658708068166353,scr1982,avaConv,offshore
ba,h2101,0.0013979588646480772,scr1982,avaConv,offshore
ba,h2102,0.0,scr1982,avaConv,offshore
ba,h2103,0.00016088628652680985,scr1982,avaConv,offshore
ba,h2104,0.004409753333392289,scr1982,avaConv,offshore
ba,h2105,0.019380707830570172,scr1982,avaConv,offshore
ba,h2106,0.04884384556974297,scr1982,avaConv,offshore
ba,h2107,0.07044822912413161,scr1982,avaConv,offshore
ba,h2108,0.07084567438771806,scr1982,avaConv,offshore
ba,h2109,0.055679027867459464,scr1982,avaConv,offshore
ba,h2110,0.04408549728380257,scr1982,avaConv,offshore
ba,h2111,0.04716967072347313,scr1982,avaConv,offshore
ba,h2112,0.06622033972885105,scr1982,avaConv,offshore
ba,h2113,0.09385755805114601,scr1982,avaConv,offshore
ba,h2114,0.10931882858988955,scr1982,avaConv,offshore
ba,h2115,0.11198101597913356,scr1982,avaConv,offshore
ba,h2116,0.1142619702085769,scr1982,avaConv,offshore
ba,h2117,0.1244921509294205,scr1982,avaConv,offshore
ba,h2118,0.1328408889573819,scr1982,avaConv,offshore
ba,h2119,0.12814833876269607,scr1982,avaConv,offshore
ba,h2120,0.11044961436513649,scr1982,avaConv,offshore
ba,h2121,0.0804188636482082,scr1982,avaConv,offshore
ba,h2122,0.04992450796464941,scr1982,avaConv,offshore
ba,h2123,0.024868189323802012,scr1982,avaConv,offshore
ba,h2124,0.009304470761966195,scr1982,avaConv,offshore
ba,h2125,0.001763308988511818,scr1982,avaConv,offshore
ba,h2126,0.0,scr1982,avaConv,offshore
ba,h2127,0.0,scr1982,avaConv,offshore
ba,h2128,0.0,scr1982,avaConv,offshore
ba,h2129,0.000623294736222267,scr1982,avaConv,offshore
ba,h2130,0.0032892685708212667,scr1982,avaConv,offshore
ba,h2131,0.007638872224683848,scr1982,avaConv,offshore
ba,h2132,0.01336217262664182,scr1982,avaConv,offshore
ba,h2133,0.01860139041084805,scr1982,avaConv,offshore
ba,h2134,0.02839288386677355,scr1982,avaConv,offshore
ba,h2135,0.046136484063206605,scr1982,avaConv,offshore
ba,h2136,0.062195095152396816,scr1982,avaConv,offshore
ba,h2137,0.0702399443538415,scr1982,avaConv,offshore
ba,h2138,0.06902434524480888,scr1982,avaConv,offshore
ba,h2139,0.0678828617851398,scr1982,avaConv,offshore
ba,h2140,0.0638195599399454,scr1982,avaConv,offshore
ba,h2141,0.06009797285557695,scr1982,avaConv,offshore
ba,h2142,0.055489763236270924,scr1982,avaConv,offshore
ba,h2143,0.04804704731619835,scr1982,avaConv,offshore
ba,h2144,0.03377779870198801,scr1982,avaConv,offshore
ba,h2145,0.016893813164931108,scr1982,avaConv,offshore
ba,h2146,0.006131031211012537,scr1982,avaConv,offshore
ba,h2147,0.00097951497832747,scr1982,avaConv,offshore
ba,h2148,0.0,scr1982,avaConv,offshore
ba,h2149,0.0,scr1982,avaConv,offshore
ba,h2150,0.0,scr1982,avaConv,offshore
ba,h2151,0.0006229864751383284,scr1982,avaConv,offshore
ba,h2152,0.005375148649172977,scr1982,avaConv,offshore
ba,h2153,0.009429566405956479,scr1982,avaConv,offshore
ba,h2154,0.01158262275046703,scr1982,avaConv,offshore
ba,h2155,0.00802900551053382,scr1982,avaConv,offshore
ba,h2156,0.004917287823324932,scr1982,avaConv,offshore
ba,h2157,0.0021263998916745143,scr1982,avaConv,offshore
ba,h2158,0.00042657455070034496,scr1982,avaConv,offshore
ba,h2159,0.0,scr1982,avaConv,offshore
ba,h2160,0.0,scr1982,avaConv,offshore
be,h1441,0.5099547962234666,scr1982,avaConv,offshore
be,h1442,0.4493200882421521,scr1982,avaConv,offshore
be,h1443,0.39201346388956365,scr1982,avaConv,offshore
be,h1444,0.3168357425504056,scr1982,avaConv,offshore
be,h1445,0.24843789668571767,scr1982,avaConv,offshore
be,h1446,0.17928957088656955,scr1982,avaConv,offshore
be,h1447,0.12514640438060368,scr1982,avaConv,offshore
be,h1448,0.08283169082593195,scr1982,avaConv,offshore
be,h1449,0.0526983417457635,scr1982,avaConv,offshore
be,h1450,0.03695216972074343,scr1982,avaConv,offshore
be,h1451,0.07802494284082047,scr1982,avaConv,offshore
be,h1452,0.14095057726860172,scr1982,avaConv,offshore
be,h1453,0.18897947105471247,scr1982,avaConv,offshore
be,h1454,0.25755872710941785,scr1982,avaConv,offshore
be,h1455,0.3007563598653623,scr1982,avaConv,offshore
be,h1456,0.34475234566344914,scr1982,avaConv,offshore
be,h1457,0.3047032299029987,scr1982,avaConv,offshore
be,h1458,0.23660401243273485,scr1982,avaConv,offshore
be,h1459,0.15796551888364493,scr1982,avaConv,offshore
be,h1460,0.10666503969209092,scr1982,avaConv,offshore
be,h1461,0.17748079438039527,scr1982,avaConv,offshore
be,h1462,0.4123782747007387,scr1982,avaConv,offshore
be,h1463,0.6140116062146217,scr1982,avaConv,offshore
be,h1464,0.7793501951359821,scr1982,avaConv,offshore
be,h1465,0.8069331290393206,scr1982,avaConv,offshore
be,h1466,0.8027414992266133,scr1982,avaConv,offshore
be,h1467,0.727143312784234,scr1982,avaConv,offshore
be,h1468,0.6242505166402219,scr1982,avaConv,offshore
be,h1469,0.5387308901863185,scr1982,avaConv,offshore
be,h1470,0.5030190975547538,scr1982,avaConv,offshore
be,h1471,0.5192577909920325,scr1982,avaConv,offshore
be,h1472,0.553563482219214,scr1982,avaConv,offshore
be,h1473,0.5639319684711622,scr1982,avaConv,offshore
be,h1474,0.5539581816784331,scr1982,avaConv,offshore
be,h1475,0.5042105239541412,scr1982,avaConv,offshore
be,h1476,0.41330694258305073,scr1982,avaConv,offshore
be,h1477,0.3302712756971841,scr1982,avaConv,offshore
be,h1478,0.3163385593204521,scr1982,avaConv,offshore
be,h1479,0.35788510403121915,scr1982,avaConv,offshore
be,h1480,0.3753725758013995,scr1982,avaConv,offshore
be,h1481,0.37244835020902056,scr1982,avaConv,offshore
be,h1482,0.41033219032522944,scr1982,avaConv,offshore
be,h1483,0.4909078360321248,scr1982,avaConv,offshore
be,h1484,0.5751392850554929,scr1982,avaConv,offshore
be,h1485,0.6405764699979462,scr1982,avaConv,offshore
be,h1486,0.7166343100920693,scr1982,avaConv,offshore
be,h1487,0.7881411895515936,scr1982,avaConv,offshore
be,h1488,0.8472987401698506,scr1982,avaConv,offshore
be,h1489,0.844535047753052,scr1982,avaConv,offshore
be,h1490,0.8189163671673458,scr1982,avaConv,offshore
be,h1491,0.7882490555349353,scr1982,avaConv,offshore
be,h1492,0.7532886260343642,scr1982,avaConv,offshore
be,h1493,0.7067987366983327,scr1982,avaConv,offshore
be,h1494,0.6121552961316771,scr1982,avaConv,offshore
be,h1495,0.5098851470990463,scr1982,avaConv,offshore
be,h1496,0.40590764325898127,scr1982,avaConv,offshore
be,h1497,0.33129009194816317,scr1982,avaConv,offshore
be,h1498,0.27534457275047086,scr1982,avaConv,offshore
be,h1499,0.2435281625143228,scr1982,avaConv,offshore
be,h1500,0.20538346676742333,scr1982,avaConv,offshore
be,h1501,0.16166730428341206,scr1982,avaConv,offshore
be,h1502,0.09669806638991099,scr1982,avaConv,offshore
be,h1503,0.05215252768329556,scr1982,avaConv,offshore
be,h1504,0.038659538681784116,scr1982,avaConv,offshore
be,h1505,0.03927378669282846,scr1982,avaConv,offshore
be,h1506,0.03241018287628509,scr1982,avaConv,offshore
be,h1507,0.017915172447268826,scr1982,avaConv,offshore
be,h1508,0.004397863783332057,scr1982,avaConv,offshore
be,h1509,0.0,scr1982,avaConv,offshore
be,h1510,0.007691132238065312,scr1982,avaConv,offshore
be,h1511,0.015604653538999886,scr1982,avaConv,offshore
be,h1512,0.023943447347343612,scr1982,avaConv,offshore
be,h1513,0.31735505866807334,scr1982,avaConv,offshore
be,h1514,0.5471413970930203,scr1982,avaConv,offshore
be,h1515,0.7361313141115694,scr1982,avaConv,offshore
be,h1516,0.7230043247242717,scr1982,avaConv,offshore
be,h1517,0.6808949413156521,scr1982,avaConv,offshore
be,h1518,0.6549832555616687,scr1982,avaConv,offshore
be,h1519,0.6579995367697246,scr1982,avaConv,offshore
be,h1520,0.667982874721762,scr1982,avaConv,offshore
be,h1521,0.6563495393494075,scr1982,avaConv,offshore
be,h1522,0.6462685081706157,scr1982,avaConv,offshore
be,h1523,0.631521457308955,scr1982,avaConv,offshore
be,h1524,0.6402863178028103,scr1982,avaConv,offshore
be,h1525,0.6102204132542272,scr1982,avaConv,offshore
be,h1526,0.5487804103590409,scr1982,avaConv,offshore
be,h1527,0.4423484314391968,scr1982,avaConv,offshore
be,h1528,0.3495766017177687,scr1982,avaConv,offshore
be,h1529,0.2654964276039188,scr1982,avaConv,offshore
be,h1530,0.17737592408628594,scr1982,avaConv,offshore
be,h1531,0.1113865612313389,scr1982,avaConv,offshore
be,h1532,0.18385740976292295,scr1982,avaConv,offshore
be,h1533,0.4549631904654184,scr1982,avaConv,offshore
be,h1534,0.7193647670931017,scr1982,avaConv,offshore
be,h1535,0.8834269620955203,scr1982,avaConv,offshore
be,h1536,0.8508724525190934,scr1982,avaConv,offshore
be,h1537,0.7755356688471169,scr1982,avaConv,offshore
be,h1538,0.7475881293769173,scr1982,avaConv,offshore
be,h1539,0.7740364819027097,scr1982,avaConv,offshore
be,h1540,0.7751549428545209,scr1982,avaConv,offshore
be,h1541,0.7407117387853707,scr1982,avaConv,offshore
be,h1542,0.7003918477104626,scr1982,avaConv,offshore
be,h1543,0.6503510923649443,scr1982,avaConv,offshore
be,h1544,0.5764501949721786,scr1982,avaConv,offshore
be,h1545,0.4925480031657896,scr1982,avaConv,offshore
be,h1546,0.4167693267577197,scr1982,avaConv,offshore
be,h1547,0.3639683571811322,scr1982,avaConv,offshore
be,h1548,0.3240559034629443,scr1982,avaConv,offshore
be,h1549,0.30118036393730885,scr1982,avaConv,offshore
be,h1550,0.2805285137757931,scr1982,avaConv,offshore
be,h1551,0.25150729837175123,scr1982,avaConv,offshore
be,h1552,0.1956204061991185,scr1982,avaConv,offshore
be,h1553,0.12103160211351595,scr1982,avaConv,offshore
be,h1554,0.059863471947630774,scr1982,avaConv,offshore
be,h1555,0.02657750842692952,scr1982,avaConv,offshore
be,h1556,0.011608465242073492,scr1982,avaConv,offshore
be,h1557,0.004640887750645301,scr1982,avaConv,offshore
be,h1558,0.012561204929970805,scr1982,avaConv,offshore
be,h1559,0.06580188667331671,scr1982,avaConv,offshore
be,h1560,0.12346157417407905,scr1982,avaConv,offshore
be,h1561,0.1666870635464039,scr1982,avaConv,offshore
be,h1562,0.17923363176868615,scr1982,avaConv,offshore
be,h1563,0.1838489054753683,scr1982,avaConv,offshore
be,h1564,0.20790399837813975,scr1982,avaConv,offshore
be,h1565,0.24810160652569993,scr1982,avaConv,offshore
be,h1566,0.2991872652977703,scr1982,avaConv,offshore
be,h1567,0.3404645518010943,scr1982,avaConv,offshore
be,h1568,0.35648750470518636,scr1982,avaConv,offshore
be,h1569,0.33905333090371725,scr1982,avaConv,offshore
be,h1570,0.3155333348390174,scr1982,avaConv,offshore
be,h1571,0.3341823671866922,scr1982,avaConv,offshore
be,h1572,0.3942020478445127,scr1982,avaConv,offshore
be,h1573,0.4908359122423017,scr1982,avaConv,offshore
be,h1574,0.6124205488050009,scr1982,avaConv,offshore
be,h1575,0.7436674795243677,scr1982,avaConv,offshore
be,h1576,0.8516010710242043,scr1982,avaConv,offshore
be,h1577,0.9109383259565131,scr1982,avaConv,offshore
be,h1578,0.9343702052918701,scr1982,avaConv,offshore
be,h1579,0.940135051829535,scr1982,avaConv,offshore
be,h1580,0.9412695487056607,scr1982,avaConv,offshore
be,h1581,0.9422258454467819,scr1982,avaConv,offshore
be,h1582,0.9408943084556232,scr1982,avaConv,offshore
be,h1583,0.9399102346447221,scr1982,avaConv,offshore
be,h1584,0.9379694362532014,scr1982,avaConv,offshore
be,h1585,0.9368848191482458,scr1982,avaConv,offshore
be,h1586,0.9341432641595232,scr1982,avaConv,offshore
be,h1587,0.9312912485842871,scr1982,avaConv,offshore
be,h1588,0.9290878836659623,scr1982,avaConv,offshore
be,h1589,0.923600042836462,scr1982,avaConv,offshore
be,h1590,0.9143645755415573,scr1982,avaConv,offshore
be,h1591,0.9043675858887319,scr1982,avaConv,offshore
be,h1592,0.8915767088786306,scr1982,avaConv,offshore
be,h1593,0.8838633312904138,scr1982,avaConv,offshore
be,h1594,0.8847564707870224,scr1982,avaConv,offshore
be,h1595,0.896330882412046,scr1982,avaConv,offshore
be,h1596,0.9013816106595669,scr1982,avaConv,offshore
be,h1597,0.8944615196383309,scr1982,avaConv,offshore
be,h1598,0.8810709554359986,scr1982,avaConv,offshore
be,h1599,0.8753512030164387,scr1982,avaConv,offshore
be,h1600,0.8827900173517459,scr1982,avaConv,offshore
be,h1601,0.9022243591606445,scr1982,avaConv,offshore
be,h1602,0.9233802813278039,scr1982,avaConv,offshore
be,h1603,0.9377079986692141,scr1982,avaConv,offshore
be,h1604,0.9427337289671789,scr1982,avaConv,offshore
be,h1605,0.9429747161751106,scr1982,avaConv,offshore
be,h1606,0.9395402201589496,scr1982,avaConv,offshore
be,h1607,0.9305106972781922,scr1982,avaConv,offshore
be,h1608,0.9129896122038571,scr1982,avaConv,offshore
be,h1609,0.8905910205933827,scr1982,avaConv,offshore
be,h1610,0.8677177650705757,scr1982,avaConv,offshore
be,h1611,0.8403663143810677,scr1982,avaConv,offshore
be,h1612,0.8146113303234438,scr1982,avaConv,offshore
be,h1613,0.7888451135930713,scr1982,avaConv,offshore
be,h1614,0.759239858004021,scr1982,avaConv,offshore
be,h1615,0.7296532546658675,scr1982,avaConv,offshore
be,h1616,0.702941468233232,scr1982,avaConv,offshore
be,h1617,0.6748691331121337,scr1982,avaConv,offshore
be,h1618,0.6393418836125486,scr1982,avaConv,offshore
be,h1619,0.5921284087880716,scr1982,avaConv,offshore
be,h1620,0.5624651254025667,scr1982,avaConv,offshore
be,h1621,0.5679665968785839,scr1982,avaConv,offshore
be,h1622,0.6187695947090667,scr1982,avaConv,offshore
be,h1623,0.6860656289115775,scr1982,avaConv,offshore
be,h1624,0.7303237408865393,scr1982,avaConv,offshore
be,h1625,0.7396359930592862,scr1982,avaConv,offshore
be,h1626,0.7311712346626256,scr1982,avaConv,offshore
be,h1627,0.7275055368085406,scr1982,avaConv,offshore
be,h1628,0.7386057334271126,scr1982,avaConv,offshore
be,h1629,0.7610316369531119,scr1982,avaConv,offshore
be,h1630,0.7802801543814669,scr1982,avaConv,offshore
be,h1631,0.7709978059148564,scr1982,avaConv,offshore
be,h1632,0.7719420652697652,scr1982,avaConv,offshore
be,h1633,0.7726336798568327,scr1982,avaConv,offshore
be,h1634,0.7488494468676439,scr1982,avaConv,offshore
be,h1635,0.678845706955497,scr1982,avaConv,offshore
be,h1636,0.6194862619458225,scr1982,avaConv,offshore
be,h1637,0.6252694264996496,scr1982,avaConv,offshore
be,h1638,0.6544778258907707,scr1982,avaConv,offshore
be,h1639,0.6530654736187081,scr1982,avaConv,offshore
be,h1640,0.619262917774704,scr1982,avaConv,offshore
be,h1641,0.5692492294809463,scr1982,avaConv,offshore
be,h1642,0.4997082625412148,scr1982,avaConv,offshore
be,h1643,0.3593443958358738,scr1982,avaConv,offshore
be,h1644,0.20963343437297063,scr1982,avaConv,offshore
be,h1645,0.08466518509457317,scr1982,avaConv,offshore
be,h1646,0.08451250204733567,scr1982,avaConv,offshore
be,h1647,0.07224362142562896,scr1982,avaConv,offshore
be,h1648,0.08506076549665685,scr1982,avaConv,offshore
be,h1649,0.05927345403573979,scr1982,avaConv,offshore
be,h1650,0.06319068248432376,scr1982,avaConv,offshore
be,h1651,0.021953702372053012,scr1982,avaConv,offshore
be,h1652,0.019402290549048802,scr1982,avaConv,offshore
be,h1653,0.056394977444816294,scr1982,avaConv,offshore
be,h1654,0.11963721378872522,scr1982,avaConv,offshore
be,h1655,0.19462930353451416,scr1982,avaConv,offshore
be,h1656,0.26320698861150904,scr1982,avaConv,offshore
be,h1657,0.2733532725781187,scr1982,avaConv,offshore
be,h1658,0.2576730462260701,scr1982,avaConv,offshore
be,h1659,0.20394295383453845,scr1982,avaConv,offshore
be,h1660,0.1641015167072663,scr1982,avaConv,offshore
be,h1661,0.12613389187009624,scr1982,avaConv,offshore
be,h1662,0.1319173130909523,scr1982,avaConv,offshore
be,h1663,0.18772244363860557,scr1982,avaConv,offshore
be,h1664,0.2933741830229372,scr1982,avaConv,offshore
be,h1665,0.4166409081519433,scr1982,avaConv,offshore
be,h1666,0.5021245641705996,scr1982,avaConv,offshore
be,h1667,0.5046630760889703,scr1982,avaConv,offshore
be,h1668,0.4610873292610356,scr1982,avaConv,offshore
be,h1669,0.4768518854180782,scr1982,avaConv,offshore
be,h1670,0.504767692899088,scr1982,avaConv,offshore
be,h1671,0.5512165527365569,scr1982,avaConv,offshore
be,h1672,0.5243941125259206,scr1982,avaConv,offshore
be,h1673,0.507794493825882,scr1982,avaConv,offshore
be,h1674,0.5538066427937673,scr1982,avaConv,offshore
be,h1675,0.6968010166932546,scr1982,avaConv,offshore
be,h1676,0.8419680393857605,scr1982,avaConv,offshore
be,h1677,0.9022012651011863,scr1982,avaConv,offshore
be,h1678,0.8664109182168765,scr1982,avaConv,offshore
be,h1679,0.830895119231036,scr1982,avaConv,offshore
be,h1680,0.7672258309108065,scr1982,avaConv,offshore
be,h1681,0.79383243275208,scr1982,avaConv,offshore
be,h1682,0.8156337114728763,scr1982,avaConv,offshore
be,h1683,0.8762114640202137,scr1982,avaConv,offshore
be,h1684,0.8656490429664233,scr1982,avaConv,offshore
be,h1685,0.8559092298389267,scr1982,avaConv,offshore
be,h1686,0.8495346666313291,scr1982,avaConv,offshore
be,h1687,0.8477352434090212,scr1982,avaConv,offshore
be,h1688,0.8395427409103833,scr1982,avaConv,offshore
be,h1689,0.8190211756588611,scr1982,avaConv,offshore
be,h1690,0.7993988499182052,scr1982,avaConv,offshore
be,h1691,0.8019136203216455,scr1982,avaConv,offshore
be,h1692,0.82328448279149,scr1982,avaConv,offshore
be,h1693,0.8562856213042624,scr1982,avaConv,offshore
be,h1694,0.8775116688790879,scr1982,avaConv,offshore
be,h1695,0.8889678807771945,scr1982,avaConv,offshore
be,h1696,0.892784356184257,scr1982,avaConv,offshore
be,h1697,0.8953569624788964,scr1982,avaConv,offshore
be,h1698,0.8977199372467226,scr1982,avaConv,offshore
be,h1699,0.8927190266574618,scr1982,avaConv,offshore
be,h1700,0.8881381187879098,scr1982,avaConv,offshore
be,h1701,0.8718497574625318,scr1982,avaConv,offshore
be,h1702,0.8422487940800343,scr1982,avaConv,offshore
be,h1703,0.7192779281108264,scr1982,avaConv,offshore
be,h1704,0.5754841736178786,scr1982,avaConv,offshore
be,h1705,0.4228988233866347,scr1982,avaConv,offshore
be,h1706,0.3479253049706906,scr1982,avaConv,offshore
be,h1707,0.2853652572211141,scr1982,avaConv,offshore
be,h1708,0.2223381892615994,scr1982,avaConv,offshore
be,h1709,0.1533508569201721,scr1982,avaConv,offshore
be,h1710,0.08335405232284283,scr1982,avaConv,offshore
be,h1711,0.029967119834753923,scr1982,avaConv,offshore
be,h1712,0.02283390378535119,scr1982,avaConv,offshore
be,h1713,0.03070885437808226,scr1982,avaConv,offshore
be,h1714,0.03166628184392761,scr1982,avaConv,offshore
be,h1715,0.023423742145076674,scr1982,avaConv,offshore
be,h1716,0.012964074975593718,scr1982,avaConv,offshore
be,h1717,0.003938538552410105,scr1982,avaConv,offshore
be,h1718,0.0,scr1982,avaConv,offshore
be,h1719,0.0,scr1982,avaConv,offshore
be,h1720,0.0,scr1982,avaConv,offshore
be,h1721,0.0,scr1982,avaConv,offshore
be,h1722,0.0,scr1982,avaConv,offshore
be,h1723,0.0,scr1982,avaConv,offshore
be,h1724,0.0,scr1982,avaConv,offshore
be,h1725,0.0,scr1982,avaConv,offshore
be,h1726,0.0,scr1982,avaConv,offshore
be,h1727,0.0,scr1982,avaConv,offshore
be,h1728,0.0,scr1982,avaConv,offshore
be,h1729,0.0,scr1982,avaConv,offshore
be,h1730,0.0,scr1982,avaConv,offshore
be,h1731,0.0,scr1982,avaConv,offshore
be,h1732,0.0,scr1982,avaConv,offshore
be,h1733,0.0,scr1982,avaConv,offshore
be,h1734,0.0018243872293123625,scr1982,avaConv,offshore
be,h1735,0.014030381004824911,scr1982,avaConv,offshore
be,h1736,0.039231417328275286,scr1982,avaConv,offshore
be,h1737,0.05680406226410223,scr1982,avaConv,offshore
be,h1738,0.05301479609798461,scr1982,avaConv,offshore
be,h1739,0.04131114481554298,scr1982,avaConv,offshore
be,h1740,0.020691456574929327,scr1982,avaConv,offshore
be,h1741,0.017197011995229154,scr1982,avaConv,offshore
be,h1742,0.0011992203019599139,scr1982,avaConv,offshore
be,h1743,0.0,scr1982,avaConv,offshore
be,h1744,0.0017198254324341485,scr1982,avaConv,offshore
be,h1745,0.015754186146660087,scr1982,avaConv,offshore
be,h1746,0.04497038158896472,scr1982,avaConv,offshore
be,h1747,0.08605420152466077,scr1982,avaConv,offshore
be,h1748,0.16404121180894,scr1982,avaConv,offshore
be,h1749,0.25768930467570267,scr1982,avaConv,offshore
be,h1750,0.3152920804229855,scr1982,avaConv,offshore
be,h1751,0.2948191765101743,scr1982,avaConv,offshore
be,h1752,0.22746351506366808,scr1982,avaConv,offshore
be,h1753,0.16757492183218653,scr1982,avaConv,offshore
be,h1754,0.1496240828294309,scr1982,avaConv,offshore
be,h1755,0.1392834483310963,scr1982,avaConv,offshore
be,h1756,0.1318104324327539,scr1982,avaConv,offshore
be,h1757,0.12622385755970258,scr1982,avaConv,offshore
be,h1758,0.11421987193574082,scr1982,avaConv,offshore
be,h1759,0.08858698599405453,scr1982,avaConv,offshore
be,h1760,0.05676835193691931,scr1982,avaConv,offshore
be,h1761,0.03906776038977926,scr1982,avaConv,offshore
be,h1762,0.06341998921779982,scr1982,avaConv,offshore
be,h1763,0.08669772174551652,scr1982,avaConv,offshore
be,h1764,0.10218089686881074,scr1982,avaConv,offshore
be,h1765,0.09872851554581542,scr1982,avaConv,offshore
be,h1766,0.10599530159309634,scr1982,avaConv,offshore
be,h1767,0.12701900744334668,scr1982,avaConv,offshore
be,h1768,0.16049410590553645,scr1982,avaConv,offshore
be,h1769,0.19836423277082701,scr1982,avaConv,offshore
be,h1770,0.23436859675513091,scr1982,avaConv,offshore
be,h1771,0.2658210402114346,scr1982,avaConv,offshore
be,h1772,0.2884448249225772,scr1982,avaConv,offshore
be,h1773,0.2906131164640628,scr1982,avaConv,offshore
be,h1774,0.27162638444284676,scr1982,avaConv,offshore
be,h1775,0.20456551794726455,scr1982,avaConv,offshore
be,h1776,0.13262812141048078,scr1982,avaConv,offshore
be,h1777,0.056443629215184685,scr1982,avaConv,offshore
be,h1778,0.02859927550242053,scr1982,avaConv,offshore
be,h1779,0.011741569793531347,scr1982,avaConv,offshore
be,h1780,0.001991277638022336,scr1982,avaConv,offshore
be,h1781,0.0,scr1982,avaConv,offshore
be,h1782,0.0,scr1982,avaConv,offshore
be,h1783,0.0,scr1982,avaConv,offshore
be,h1784,0.0,scr1982,avaConv,offshore
be,h1785,0.0,scr1982,avaConv,offshore
be,h1786,0.0,scr1982,avaConv,offshore
be,h1787,0.0,scr1982,avaConv,offshore
be,h1788,0.0,scr1982,avaConv,offshore
be,h1789,0.0,scr1982,avaConv,offshore
be,h1790,0.003635541837304438,scr1982,avaConv,offshore
be,h1791,0.015499785956675104,scr1982,avaConv,offshore
be,h1792,0.0318276123806223,scr1982,avaConv,offshore
be,h1793,0.050145301797535916,scr1982,avaConv,offshore
be,h1794,0.06346152521343576,scr1982,avaConv,offshore
be,h1795,0.07106734903926563,scr1982,avaConv,offshore
be,h1796,0.07047106472383786,scr1982,avaConv,offshore
be,h1797,0.06198078710197224,scr1982,avaConv,offshore
be,h1798,0.04508308148532416,scr1982,avaConv,offshore
be,h1799,0.025256093843749074,scr1982,avaConv,offshore
be,h1800,0.014890988793858792,scr1982,avaConv,offshore
be,h1801,0.026769366403238796,scr1982,avaConv,offshore
be,h1802,0.05424190310670167,scr1982,avaConv,offshore
be,h1803,0.08530872594230945,scr1982,avaConv,offshore
be,h1804,0.10755341058817776,scr1982,avaConv,offshore
be,h1805,0.11141424500664553,scr1982,avaConv,offshore
be,h1806,0.09474346893231277,scr1982,avaConv,offshore
be,h1807,0.0674282498613523,scr1982,avaConv,offshore
be,h1808,0.04158116666980902,scr1982,avaConv,offshore
be,h1809,0.0340233540116994,scr1982,avaConv,offshore
be,h1810,0.04077400507607123,scr1982,avaConv,offshore
be,h1811,0.06853679094187595,scr1982,avaConv,offshore
be,h1812,0.13406354531957396,scr1982,avaConv,offshore
be,h1813,0.20268772836870674,scr1982,avaConv,offshore
be,h1814,0.2691478720261931,scr1982,avaConv,offshore
be,h1815,0.3175815579764702,scr1982,avaConv,offshore
be,h1816,0.36026296858513657,scr1982,avaConv,offshore
be,h1817,0.38993719150880357,scr1982,avaConv,offshore
be,h1818,0.4143999186067055,scr1982,avaConv,offshore
be,h1819,0.43118726152026593,scr1982,avaConv,offshore
be,h1820,0.43181400645464235,scr1982,avaConv,offshore
be,h1821,0.40182733793839376,scr1982,avaConv,offshore
be,h1822,0.36564582062730155,scr1982,avaConv,offshore
be,h1823,0.3666186311840165,scr1982,avaConv,offshore
be,h1824,0.35559132038805846,scr1982,avaConv,offshore
be,h1825,0.3136290749632824,scr1982,avaConv,offshore
be,h1826,0.23736715133698602,scr1982,avaConv,offshore
be,h1827,0.19619883401059296,scr1982,avaConv,offshore
be,h1828,0.18928888442621067,scr1982,avaConv,offshore
be,h1829,0.18061505227583885,scr1982,avaConv,offshore
be,h1830,0.1710704621529018,scr1982,avaConv,offshore
be,h1831,0.16238430424736247,scr1982,avaConv,offshore
be,h1832,0.14008119551539527,scr1982,avaConv,offshore
be,h1833,0.09868404634288923,scr1982,avaConv,offshore
be,h1834,0.0484326127906314,scr1982,avaConv,offshore
be,h1835,0.02001330142251815,scr1982,avaConv,offshore
be,h1836,0.0030666692719900947,scr1982,avaConv,offshore
be,h1837,0.0,scr1982,avaConv,offshore
be,h1838,0.0,scr1982,avaConv,offshore
be,h1839,0.0,scr1982,avaConv,offshore
be,h1840,0.0,scr1982,avaConv,offshore
be,h1841,0.002565980788953106,scr1982,avaConv,offshore
be,h1842,0.00986250495529883,scr1982,avaConv,offshore
be,h1843,0.036018624196728556,scr1982,avaConv,offshore
be,h1844,0.06236978567265787,scr1982,avaConv,offshore
be,h1845,0.09717506842833287,scr1982,avaConv,offshore
be,h1846,0.13517407075155677,scr1982,avaConv,offshore
be,h1847,0.1263440798138712,scr1982,avaConv,offshore
be,h1848,0.0947027930700949,scr1982,avaConv,offshore
be,h1849,0.4253939010590372,scr1982,avaConv,offshore
be,h1850,0.7017178186441368,scr1982,avaConv,offshore
be,h1851,0.9487121565568608,scr1982,avaConv,offshore
be,h1852,0.9460486896279132,scr1982,avaConv,offshore
be,h1853,0.9398220513598705,scr1982,avaConv,offshore
be,h1854,0.9285019424234857,scr1982,avaConv,offshore
be,h1855,0.911782765840032,scr1982,avaConv,offshore
be,h1856,0.8952552900550133,scr1982,avaConv,offshore
be,h1857,0.8832245458591608,scr1982,avaConv,offshore
be,h1858,0.8662359324501209,scr1982,avaConv,offshore
be,h1859,0.8469435261465682,scr1982,avaConv,offshore
be,h1860,0.8207419480201028,scr1982,avaConv,offshore
be,h1861,0.8248097427856332,scr1982,avaConv,offshore
be,h1862,0.8505576301520427,scr1982,avaConv,offshore
be,h1863,0.8898886114117559,scr1982,avaConv,offshore
be,h1864,0.91624005981966,scr1982,avaConv,offshore
be,h1865,0.9296175940332531,scr1982,avaConv,offshore
be,h1866,0.9368482155053196,scr1982,avaConv,offshore
be,h1867,0.9396901033130141,scr1982,avaConv,offshore
be,h1868,0.9384305122030372,scr1982,avaConv,offshore
be,h1869,0.9377389321434023,scr1982,avaConv,offshore
be,h1870,0.9395777090417212,scr1982,avaConv,offshore
be,h1871,0.9443505941858518,scr1982,avaConv,offshore
be,h1872,0.9486962643184381,scr1982,avaConv,offshore
be,h1873,0.9499869832193941,scr1982,avaConv,offshore
be,h1874,0.9499853340692644,scr1982,avaConv,offshore
be,h1875,0.9499150460337761,scr1982,avaConv,offshore
be,h1876,0.9495544696664611,scr1982,avaConv,offshore
be,h1877,0.9481333760735616,scr1982,avaConv,offshore
be,h1878,0.942111933328695,scr1982,avaConv,offshore
be,h1879,0.9325044752306376,scr1982,avaConv,offshore
be,h1880,0.9189032232426477,scr1982,avaConv,offshore
be,h1881,0.8890488467720843,scr1982,avaConv,offshore
be,h1882,0.8177832400825945,scr1982,avaConv,offshore
be,h1883,0.7677987415956278,scr1982,avaConv,offshore
be,h1884,0.7002912230682825,scr1982,avaConv,offshore
be,h1885,0.6708210054611747,scr1982,avaConv,offshore
be,h1886,0.604884892638971,scr1982,avaConv,offshore
be,h1887,0.5625921686526584,scr1982,avaConv,offshore
be,h1888,0.5343524056535627,scr1982,avaConv,offshore
be,h1889,0.5290184335962566,scr1982,avaConv,offshore
be,h1890,0.5213249064233645,scr1982,avaConv,offshore
be,h1891,0.5126454768753368,scr1982,avaConv,offshore
be,h1892,0.5001473539379044,scr1982,avaConv,offshore
be,h1893,0.5051440813571662,scr1982,avaConv,offshore
be,h1894,0.5196404845231457,scr1982,avaConv,offshore
be,h1895,0.544702535643913,scr1982,avaConv,offshore
be,h1896,0.6042003100490009,scr1982,avaConv,offshore
be,h1897,0.6417008587006863,scr1982,avaConv,offshore
be,h1898,0.678162552754945,scr1982,avaConv,offshore
be,h1899,0.6962128868777205,scr1982,avaConv,offshore
be,h1900,0.7403760714921521,scr1982,avaConv,offshore
be,h1901,0.7799651205458032,scr1982,avaConv,offshore
be,h1902,0.8017930878946977,scr1982,avaConv,offshore
be,h1903,0.803324586733956,scr1982,avaConv,offshore
be,h1904,0.8049294976806027,scr1982,avaConv,offshore
be,h1905,0.822941957647553,scr1982,avaConv,offshore
be,h1906,0.8487237791277343,scr1982,avaConv,offshore
be,h1907,0.8596355806651816,scr1982,avaConv,offshore
be,h1908,0.8602814299932053,scr1982,avaConv,offshore
be,h1909,0.8387131663145879,scr1982,avaConv,offshore
be,h1910,0.8295152973833295,scr1982,avaConv,offshore
be,h1911,0.8393125099630286,scr1982,avaConv,offshore
be,h1912,0.8740330770904774,scr1982,avaConv,offshore
be,h1913,0.906076086817959,scr1982,avaConv,offshore
be,h1914,0.921058644509915,scr1982,avaConv,offshore
be,h1915,0.9283562062807378,scr1982,avaConv,offshore
be,h1916,0.9343245454823356,scr1982,avaConv,offshore
be,h1917,0.9356942667679555,scr1982,avaConv,offshore
be,h1918,0.9342440884927065,scr1982,avaConv,offshore
be,h1919,0.9297461027824669,scr1982,avaConv,offshore
be,h1920,0.9227494950785144,scr1982,avaConv,offshore
be,h1921,0.9106429674813566,scr1982,avaConv,offshore
be,h1922,0.8952749728214162,scr1982,avaConv,offshore
be,h1923,0.8728687453998588,scr1982,avaConv,offshore
be,h1924,0.8416261783293743,scr1982,avaConv,offshore
be,h1925,0.7797665428568618,scr1982,avaConv,offshore
be,h1926,0.6841742919113255,scr1982,avaConv,offshore
be,h1927,0.5794693952677505,scr1982,avaConv,offshore
be,h1928,0.4935684592370728,scr1982,avaConv,offshore
be,h1929,0.4478490487925238,scr1982,avaConv,offshore
be,h1930,0.41911256061391666,scr1982,avaConv,offshore
be,h1931,0.41483557071699356,scr1982,avaConv,offshore
be,h1932,0.4079694154769062,scr1982,avaConv,offshore
be,h1933,0.39701715782186753,scr1982,avaConv,offshore
be,h1934,0.3680102872605693,scr1982,avaConv,offshore
be,h1935,0.34043784575177427,scr1982,avaConv,offshore
be,h1936,0.31502824680517166,scr1982,avaConv,offshore
be,h1937,0.2870359724074433,scr1982,avaConv,offshore
be,h1938,0.26085906820121096,scr1982,avaConv,offshore
be,h1939,0.24654710180872105,scr1982,avaConv,offshore
be,h1940,0.24064700172810435,scr1982,avaConv,offshore
be,h1941,0.2188827427505317,scr1982,avaConv,offshore
be,h1942,0.1834737965837773,scr1982,avaConv,offshore
be,h1943,0.17146894522558973,scr1982,avaConv,offshore
be,h1944,0.19134883660549984,scr1982,avaConv,offshore
be,h1945,0.2149330258855645,scr1982,avaConv,offshore
be,h1946,0.22740476897463982,scr1982,avaConv,offshore
be,h1947,0.22200051228210899,scr1982,avaConv,offshore
be,h1948,0.2019017548770479,scr1982,avaConv,offshore
be,h1949,0.18397761144517022,scr1982,avaConv,offshore
be,h1950,0.190864656011985,scr1982,avaConv,offshore
be,h1951,0.23029400950250947,scr1982,avaConv,offshore
be,h1952,0.2538037451385696,scr1982,avaConv,offshore
be,h1953,0.26134916585819695,scr1982,avaConv,offshore
be,h1954,0.2754278052674748,scr1982,avaConv,offshore
be,h1955,0.34347956165129145,scr1982,avaConv,offshore
be,h1956,0.44511178661495066,scr1982,avaConv,offshore
be,h1957,0.5401417686787268,scr1982,avaConv,offshore
be,h1958,0.6251809266659706,scr1982,avaConv,offshore
be,h1959,0.7207189579408075,scr1982,avaConv,offshore
be,h1960,0.8201869411069557,scr1982,avaConv,offshore
be,h1961,0.8956785791990058,scr1982,avaConv,offshore
be,h1962,0.9318311835876055,scr1982,avaConv,offshore
be,h1963,0.9462140258618797,scr1982,avaConv,offshore
be,h1964,0.9497748713439895,scr1982,avaConv,offshore
be,h1965,0.9499810970105096,scr1982,avaConv,offshore
be,h1966,0.9499999915416096,scr1982,avaConv,offshore
be,h1967,0.95,scr1982,avaConv,offshore
be,h1968,0.95,scr1982,avaConv,offshore
be,h1969,0.9499303759417717,scr1982,avaConv,offshore
be,h1970,0.9456708413237715,scr1982,avaConv,offshore
be,h1971,0.9207827547278513,scr1982,avaConv,offshore
be,h1972,0.8662704652929792,scr1982,avaConv,offshore
be,h1973,0.800736749288983,scr1982,avaConv,offshore
be,h1974,0.7359351772242336,scr1982,avaConv,offshore
be,h1975,0.676785118101138,scr1982,avaConv,offshore
be,h1976,0.6056501203163779,scr1982,avaConv,offshore
be,h1977,0.5237892212017752,scr1982,avaConv,offshore
be,h1978,0.44418860821111644,scr1982,avaConv,offshore
be,h1979,0.4029391315087048,scr1982,avaConv,offshore
be,h1980,0.3919501750109139,scr1982,avaConv,offshore
be,h1981,0.3997589336393961,scr1982,avaConv,offshore
be,h1982,0.40303862999464585,scr1982,avaConv,offshore
be,h1983,0.40562698431487454,scr1982,avaConv,offshore
be,h1984,0.40959210604717144,scr1982,avaConv,offshore
be,h1985,0.41046419585655036,scr1982,avaConv,offshore
be,h1986,0.4179413182873319,scr1982,avaConv,offshore
be,h1987,0.4258186471325256,scr1982,avaConv,offshore
be,h1988,0.42591088290193446,scr1982,avaConv,offshore
be,h1989,0.43516318450063074,scr1982,avaConv,offshore
be,h1990,0.4673213326389885,scr1982,avaConv,offshore
be,h1991,0.5215585652470783,scr1982,avaConv,offshore
be,h1992,0.5502380935434046,scr1982,avaConv,offshore
be,h1993,0.5344131351709388,scr1982,avaConv,offshore
be,h1994,0.4758292759301986,scr1982,avaConv,offshore
be,h1995,0.4125524622661596,scr1982,avaConv,offshore
be,h1996,0.34624299123068214,scr1982,avaConv,offshore
be,h1997,0.28181909921652065,scr1982,avaConv,offshore
be,h1998,0.22372442885887828,scr1982,avaConv,offshore
be,h1999,0.1936130378555084,scr1982,avaConv,offshore
be,h2000,0.18543815078555434,scr1982,avaConv,offshore
be,h2001,0.19073276725760405,scr1982,avaConv,offshore
be,h2002,0.2026795779287702,scr1982,avaConv,offshore
be,h2003,0.22021798517246982,scr1982,avaConv,offshore
be,h2004,0.22854452194063624,scr1982,avaConv,offshore
be,h2005,0.22436909276152564,scr1982,avaConv,offshore
be,h2006,0.20447785089396653,scr1982,avaConv,offshore
be,h2007,0.18136601734644345,scr1982,avaConv,offshore
be,h2008,0.19321651340046417,scr1982,avaConv,offshore
be,h2009,0.2803347437923729,scr1982,avaConv,offshore
be,h2010,0.42213656569323416,scr1982,avaConv,offshore
be,h2011,0.5594125540266552,scr1982,avaConv,offshore
be,h2012,0.6595130291012318,scr1982,avaConv,offshore
be,h2013,0.7000043641002569,scr1982,avaConv,offshore
be,h2014,0.7149354859444476,scr1982,avaConv,offshore
be,h2015,0.7236153879534806,scr1982,avaConv,offshore
be,h2016,0.7415936791587165,scr1982,avaConv,offshore
be,h2017,0.6038310166305648,scr1982,avaConv,offshore
be,h2018,0.4284364221205816,scr1982,avaConv,offshore
be,h2019,0.21573823098662334,scr1982,avaConv,offshore
be,h2020,0.1912738930664673,scr1982,avaConv,offshore
be,h2021,0.16491835846967956,scr1982,avaConv,offshore
be,h2022,0.13056638587143402,scr1982,avaConv,offshore
be,h2023,0.10049831450089734,scr1982,avaConv,offshore
be,h2024,0.09109432966347276,scr1982,avaConv,offshore
be,h2025,0.09612882548936771,scr1982,avaConv,offshore
be,h2026,0.10075836907251141,scr1982,avaConv,offshore
be,h2027,0.097138561333909,scr1982,avaConv,offshore
be,h2028,0.08515779390220404,scr1982,avaConv,offshore
be,h2029,0.06854133919605432,scr1982,avaConv,offshore
be,h2030,0.05008256187121929,scr1982,avaConv,offshore
be,h2031,0.03710612607150107,scr1982,avaConv,offshore
be,h2032,0.028560669395864657,scr1982,avaConv,offshore
be,h2033,0.021196807096937754,scr1982,avaConv,offshore
be,h2034,0.012440312497840025,scr1982,avaConv,offshore
be,h2035,0.004572729771690611,scr1982,avaConv,offshore
be,h2036,0.0006410627318722134,scr1982,avaConv,offshore
be,h2037,0.0,scr1982,avaConv,offshore
be,h2038,0.003766676254031729,scr1982,avaConv,offshore
be,h2039,0.035890751304515134,scr1982,avaConv,offshore
be,h2040,0.07721282658882714,scr1982,avaConv,offshore
be,h2041,0.14532028090080726,scr1982,avaConv,offshore
be,h2042,0.2032552523977938,scr1982,avaConv,offshore
be,h2043,0.25825119374888067,scr1982,avaConv,offshore
be,h2044,0.3169211440042743,scr1982,avaConv,offshore
be,h2045,0.39958439089697434,scr1982,avaConv,offshore
be,h2046,0.5102927327455838,scr1982,avaConv,offshore
be,h2047,0.5943034191530785,scr1982,avaConv,offshore
be,h2048,0.6109634881171853,scr1982,avaConv,offshore
be,h2049,0.5587796276699195,scr1982,avaConv,offshore
be,h2050,0.4759109647963297,scr1982,avaConv,offshore
be,h2051,0.4183814410073538,scr1982,avaConv,offshore
be,h2052,0.3988434687306189,scr1982,avaConv,offshore
be,h2053,0.4144835406129932,scr1982,avaConv,offshore
be,h2054,0.4575207339590876,scr1982,avaConv,offshore
be,h2055,0.5082550618687488,scr1982,avaConv,offshore
be,h2056,0.548333341866803,scr1982,avaConv,offshore
be,h2057,0.5646776216910799,scr1982,avaConv,offshore
be,h2058,0.5537505369758617,scr1982,avaConv,offshore
be,h2059,0.5261066612329317,scr1982,avaConv,offshore
be,h2060,0.49090148141023343,scr1982,avaConv,offshore
be,h2061,0.4485342776221531,scr1982,avaConv,offshore
be,h2062,0.4021107036933198,scr1982,avaConv,offshore
be,h2063,0.33814154442720556,scr1982,avaConv,offshore
be,h2064,0.28199280844163194,scr1982,avaConv,offshore
be,h2065,0.24089916677425122,scr1982,avaConv,offshore
be,h2066,0.22470523826148822,scr1982,avaConv,offshore
be,h2067,0.20935894395671098,scr1982,avaConv,offshore
be,h2068,0.18485547243344738,scr1982,avaConv,offshore
be,h2069,0.1552726331682331,scr1982,avaConv,offshore
be,h2070,0.1323180172636305,scr1982,avaConv,offshore
be,h2071,0.11744256510301851,scr1982,avaConv,offshore
be,h2072,0.09978435759833518,scr1982,avaConv,offshore
be,h2073,0.07407259997317166,scr1982,avaConv,offshore
be,h2074,0.05334881214821946,scr1982,avaConv,offshore
be,h2075,0.0635257927844247,scr1982,avaConv,offshore
be,h2076,0.09597026330904398,scr1982,avaConv,offshore
be,h2077,0.1318865850228635,scr1982,avaConv,offshore
be,h2078,0.16630696501942885,scr1982,avaConv,offshore
be,h2079,0.20315178448224425,scr1982,avaConv,offshore
be,h2080,0.254550686723838,scr1982,avaConv,offshore
be,h2081,0.30115997097444747,scr1982,avaConv,offshore
be,h2082,0.3615078148754872,scr1982,avaConv,offshore
be,h2083,0.4539719454735949,scr1982,avaConv,offshore
be,h2084,0.5706522630423234,scr1982,avaConv,offshore
be,h2085,0.6598190666622633,scr1982,avaConv,offshore
be,h2086,0.6811226814619399,scr1982,avaConv,offshore
be,h2087,0.6542462414268868,scr1982,avaConv,offshore
be,h2088,0.6105683303732349,scr1982,avaConv,offshore
be,h2089,0.5747337535734546,scr1982,avaConv,offshore
be,h2090,0.534897546884772,scr1982,avaConv,offshore
be,h2091,0.4947886883273201,scr1982,avaConv,offshore
be,h2092,0.4450465206182147,scr1982,avaConv,offshore
be,h2093,0.3797739583862548,scr1982,avaConv,offshore
be,h2094,0.29771483542737753,scr1982,avaConv,offshore
be,h2095,0.21674514845696297,scr1982,avaConv,offshore
be,h2096,0.1620743478061781,scr1982,avaConv,offshore
be,h2097,0.12804653427178544,scr1982,avaConv,offshore
be,h2098,0.09512488675542025,scr1982,avaConv,offshore
be,h2099,0.05591270906195847,scr1982,avaConv,offshore
be,h2100,0.021618772731104508,scr1982,avaConv,offshore
be,h2101,0.0006336328761356465,scr1982,avaConv,offshore
be,h2102,0.0,scr1982,avaConv,offshore
be,h2103,0.0,scr1982,avaConv,offshore
be,h2104,0.0006884204764207381,scr1982,avaConv,offshore
be,h2105,0.0025613586549188584,scr1982,avaConv,offshore
be,h2106,0.003699101572520868,scr1982,avaConv,offshore
be,h2107,0.003798333121454143,scr1982,avaConv,offshore
be,h2108,0.002296251192075092,scr1982,avaConv,offshore
be,h2109,0.0008564513951616749,scr1982,avaConv,offshore
be,h2110,0.0,scr1982,avaConv,offshore
be,h2111,0.0,scr1982,avaConv,offshore
be,h2112,0.0,scr1982,avaConv,offshore
be,h2113,0.0,scr1982,avaConv,offshore
be,h2114,0.0,scr1982,avaConv,offshore
be,h2115,0.0,scr1982,avaConv,offshore
be,h2116,0.0,scr1982,avaConv,offshore
be,h2117,0.0,scr1982,avaConv,offshore
be,h2118,0.0,scr1982,avaConv,offshore
be,h2119,0.0,scr1982,avaConv,offshore
be,h2120,0.0,scr1982,avaConv,offshore
be,h2121,0.0,scr1982,avaConv,offshore
be,h2122,0.0,scr1982,avaConv,offshore
be,h2123,0.0,scr1982,avaConv,offshore
be,h2124,0.0,scr1982,avaConv,offshore
be,h2125,0.0,scr1982,avaConv,offshore
be,h2126,0.0,scr1982,avaConv,offshore
be,h2127,0.0,scr1982,avaConv,offshore
be,h2128,0.0,scr1982,avaConv,offshore
be,h2129,0.0,scr1982,avaConv,offshore
be,h2130,0.0,scr1982,avaConv,offshore
be,h2131,0.0,scr1982,avaConv,offshore
be,h2132,0.0044346788462843855,scr1982,avaConv,offshore
be,h2133,0.013029736686934695,scr1982,avaConv,offshore
be,h2134,0.022517179558634397,scr1982,avaConv,offshore
be,h2135,0.029800281163556822,scr1982,avaConv,offshore
be,h2136,0.0439354914594991,scr1982,avaConv,offshore
be,h2137,0.0664012580624781,scr1982,avaConv,offshore
be,h2138,0.09210486914828846,scr1982,avaConv,offshore
be,h2139,0.10498853036035752,scr1982,avaConv,offshore
be,h2140,0.10289796195350163,scr1982,avaConv,offshore
be,h2141,0.09060230781779195,scr1982,avaConv,offshore
be,h2142,0.07657832813931123,scr1982,avaConv,offshore
be,h2143,0.06320585827329167,scr1982,avaConv,offshore
be,h2144,0.05222216802769602,scr1982,avaConv,offshore
be,h2145,0.043905384551187684,scr1982,avaConv,offshore
be,h2146,0.03829986028352221,scr1982,avaConv,offshore
be,h2147,0.03623884698864964,scr1982,avaConv,offshore
be,h2148,0.03718352659649288,scr1982,avaConv,offshore
be,h2149,0.037817096736081864,scr1982,avaConv,offshore
be,h2150,0.036054067570615654,scr1982,avaConv,offshore
be,h2151,0.030522371034600992,scr1982,avaConv,offshore
be,h2152,0.025716878271987688,scr1982,avaConv,offshore
be,h2153,0.021715027219164452,scr1982,avaConv,offshore
be,h2154,0.025713952818196998,scr1982,avaConv,offshore
be,h2155,0.03328021140539418,scr1982,avaConv,offshore
be,h2156,0.0401502762638275,scr1982,avaConv,offshore
be,h2157,0.04478905950222529,scr1982,avaConv,offshore
be,h2158,0.05309941720228975,scr1982,avaConv,offshore
be,h2159,0.044611374432793865,scr1982,avaConv,offshore
be,h2160,0.031039796052261443,scr1982,avaConv,offshore
bg,h1441,0.02951348348858209,scr1982,avaConv,offshore
bg,h1442,0.053682061995299485,scr1982,avaConv,offshore
bg,h1443,0.07385085878963374,scr1982,avaConv,offshore
bg,h1444,0.07979151043587854,scr1982,avaConv,offshore
bg,h1445,0.07360042308704276,scr1982,avaConv,offshore
bg,h1446,0.06545250758604775,scr1982,avaConv,offshore
bg,h1447,0.06015414122045877,scr1982,avaConv,offshore
bg,h1448,0.05872013206422589,scr1982,avaConv,offshore
bg,h1449,0.05885813200541535,scr1982,avaConv,offshore
bg,h1450,0.06167720579171225,scr1982,avaConv,offshore
bg,h1451,0.08049668542452368,scr1982,avaConv,offshore
bg,h1452,0.11156895159806639,scr1982,avaConv,offshore
bg,h1453,0.15205391108300811,scr1982,avaConv,offshore
bg,h1454,0.18562121594991945,scr1982,avaConv,offshore
bg,h1455,0.21264865365440672,scr1982,avaConv,offshore
bg,h1456,0.23748765235107844,scr1982,avaConv,offshore
bg,h1457,0.23553302589912747,scr1982,avaConv,offshore
bg,h1458,0.2252791991589523,scr1982,avaConv,offshore
bg,h1459,0.20708871214482563,scr1982,avaConv,offshore
bg,h1460,0.18254138514756074,scr1982,avaConv,offshore
bg,h1461,0.14504267707449725,scr1982,avaConv,offshore
bg,h1462,0.10309156690424649,scr1982,avaConv,offshore
bg,h1463,0.06787739201547345,scr1982,avaConv,offshore
bg,h1464,0.04174358466293985,scr1982,avaConv,offshore
bg,h1465,0.019572050504434762,scr1982,avaConv,offshore
bg,h1466,0.010003729113076686,scr1982,avaConv,offshore
bg,h1467,0.006677416761464842,scr1982,avaConv,offshore
bg,h1468,0.008408859143754962,scr1982,avaConv,offshore
bg,h1469,0.01722676942548475,scr1982,avaConv,offshore
bg,h1470,0.03651661558989093,scr1982,avaConv,offshore
bg,h1471,0.06210829333836442,scr1982,avaConv,offshore
bg,h1472,0.08697302794677657,scr1982,avaConv,offshore
bg,h1473,0.097003170470971,scr1982,avaConv,offshore
bg,h1474,0.08944732432074487,scr1982,avaConv,offshore
bg,h1475,0.07257354423310497,scr1982,avaConv,offshore
bg,h1476,0.07045084131664126,scr1982,avaConv,offshore
bg,h1477,0.09191783110056813,scr1982,avaConv,offshore
bg,h1478,0.13160378227282005,scr1982,avaConv,offshore
bg,h1479,0.16492201076935695,scr1982,avaConv,offshore
bg,h1480,0.18270539423212995,scr1982,avaConv,offshore
bg,h1481,0.18766766221253242,scr1982,avaConv,offshore
bg,h1482,0.1858588859311887,scr1982,avaConv,offshore
bg,h1483,0.18454627858139197,scr1982,avaConv,offshore
bg,h1484,0.1905774605582875,scr1982,avaConv,offshore
bg,h1485,0.21539150090681006,scr1982,avaConv,offshore
bg,h1486,0.25691012828385323,scr1982,avaConv,offshore
bg,h1487,0.3092075910160364,scr1982,avaConv,offshore
bg,h1488,0.36172148304011603,scr1982,avaConv,offshore
bg,h1489,0.4169685598368787,scr1982,avaConv,offshore
bg,h1490,0.4680186449138154,scr1982,avaConv,offshore
bg,h1491,0.5114402476020451,scr1982,avaConv,offshore
bg,h1492,0.5403564540166202,scr1982,avaConv,offshore
bg,h1493,0.5690238811558541,scr1982,avaConv,offshore
bg,h1494,0.615582860645926,scr1982,avaConv,offshore
bg,h1495,0.6817738794344989,scr1982,avaConv,offshore
bg,h1496,0.750732769154831,scr1982,avaConv,offshore
bg,h1497,0.8088827536222817,scr1982,avaConv,offshore
bg,h1498,0.8518134144671556,scr1982,avaConv,offshore
bg,h1499,0.8584162449041307,scr1982,avaConv,offshore
bg,h1500,0.8544957109854473,scr1982,avaConv,offshore
bg,h1501,0.8490392588547231,scr1982,avaConv,offshore
bg,h1502,0.8611617984678729,scr1982,avaConv,offshore
bg,h1503,0.8618239231954296,scr1982,avaConv,offshore
bg,h1504,0.8107566532956538,scr1982,avaConv,offshore
bg,h1505,0.6883723938175887,scr1982,avaConv,offshore
bg,h1506,0.5003433483485783,scr1982,avaConv,offshore
bg,h1507,0.31096010581817296,scr1982,avaConv,offshore
bg,h1508,0.18472814177205799,scr1982,avaConv,offshore
bg,h1509,0.12864977220526172,scr1982,avaConv,offshore
bg,h1510,0.12702802758288714,scr1982,avaConv,offshore
bg,h1511,0.14860132376399512,scr1982,avaConv,offshore
bg,h1512,0.20172050812055864,scr1982,avaConv,offshore
bg,h1513,0.4561312169409669,scr1982,avaConv,offshore
bg,h1514,0.7134551696496004,scr1982,avaConv,offshore
bg,h1515,0.9455217091386687,scr1982,avaConv,offshore
bg,h1516,0.9481242491879098,scr1982,avaConv,offshore
bg,h1517,0.949691231771357,scr1982,avaConv,offshore
bg,h1518,0.9499812434462681,scr1982,avaConv,offshore
bg,h1519,0.9499995268054948,scr1982,avaConv,offshore
bg,h1520,0.9499983664821139,scr1982,avaConv,offshore
bg,h1521,0.9499945975363362,scr1982,avaConv,offshore
bg,h1522,0.9499808490742438,scr1982,avaConv,offshore
bg,h1523,0.949806197954179,scr1982,avaConv,offshore
bg,h1524,0.9482341125779037,scr1982,avaConv,offshore
bg,h1525,0.9437933655319026,scr1982,avaConv,offshore
bg,h1526,0.9386829976858148,scr1982,avaConv,offshore
bg,h1527,0.9241608466463522,scr1982,avaConv,offshore
bg,h1528,0.8734751817806432,scr1982,avaConv,offshore
bg,h1529,0.7896320361390363,scr1982,avaConv,offshore
bg,h1530,0.7285863621896447,scr1982,avaConv,offshore
bg,h1531,0.7145768837212981,scr1982,avaConv,offshore
bg,h1532,0.7343762523009637,scr1982,avaConv,offshore
bg,h1533,0.7624501098620093,scr1982,avaConv,offshore
bg,h1534,0.7929641093357099,scr1982,avaConv,offshore
bg,h1535,0.7565781486450267,scr1982,avaConv,offshore
bg,h1536,0.6883704733903925,scr1982,avaConv,offshore
bg,h1537,0.6058640454929018,scr1982,avaConv,offshore
bg,h1538,0.6071164573037194,scr1982,avaConv,offshore
bg,h1539,0.6451214782869904,scr1982,avaConv,offshore
bg,h1540,0.6838669916556647,scr1982,avaConv,offshore
bg,h1541,0.6893439032692122,scr1982,avaConv,offshore
bg,h1542,0.6529284088313209,scr1982,avaConv,offshore
bg,h1543,0.5979482021568392,scr1982,avaConv,offshore
bg,h1544,0.5317923983740791,scr1982,avaConv,offshore
bg,h1545,0.4513958303324875,scr1982,avaConv,offshore
bg,h1546,0.3616205110979914,scr1982,avaConv,offshore
bg,h1547,0.28386211215382273,scr1982,avaConv,offshore
bg,h1548,0.23460003475805635,scr1982,avaConv,offshore
bg,h1549,0.21416426585055842,scr1982,avaConv,offshore
bg,h1550,0.20551170819385398,scr1982,avaConv,offshore
bg,h1551,0.19572078266865034,scr1982,avaConv,offshore
bg,h1552,0.1776191575489332,scr1982,avaConv,offshore
bg,h1553,0.16770986001339644,scr1982,avaConv,offshore
bg,h1554,0.17747018897227848,scr1982,avaConv,offshore
bg,h1555,0.20562289467914266,scr1982,avaConv,offshore
bg,h1556,0.22903628890379035,scr1982,avaConv,offshore
bg,h1557,0.21683131574917117,scr1982,avaConv,offshore
bg,h1558,0.16710364538821174,scr1982,avaConv,offshore
bg,h1559,0.10247925871213848,scr1982,avaConv,offshore
bg,h1560,0.06315760685328385,scr1982,avaConv,offshore
bg,h1561,0.06003723386565028,scr1982,avaConv,offshore
bg,h1562,0.0795561124834988,scr1982,avaConv,offshore
bg,h1563,0.09820529980839952,scr1982,avaConv,offshore
bg,h1564,0.10620018544309537,scr1982,avaConv,offshore
bg,h1565,0.0999133601051485,scr1982,avaConv,offshore
bg,h1566,0.08250290990285196,scr1982,avaConv,offshore
bg,h1567,0.061937758245413414,scr1982,avaConv,offshore
bg,h1568,0.044813958232454494,scr1982,avaConv,offshore
bg,h1569,0.03567843102509299,scr1982,avaConv,offshore
bg,h1570,0.0346922236456772,scr1982,avaConv,offshore
bg,h1571,0.032220059050060236,scr1982,avaConv,offshore
bg,h1572,0.032277137684128515,scr1982,avaConv,offshore
bg,h1573,0.03226248989615133,scr1982,avaConv,offshore
bg,h1574,0.04125135116153414,scr1982,avaConv,offshore
bg,h1575,0.06758433859335813,scr1982,avaConv,offshore
bg,h1576,0.11305025393380856,scr1982,avaConv,offshore
bg,h1577,0.16717527180902958,scr1982,avaConv,offshore
bg,h1578,0.20469898379579526,scr1982,avaConv,offshore
bg,h1579,0.2357112771392719,scr1982,avaConv,offshore
bg,h1580,0.24976635390815732,scr1982,avaConv,offshore
bg,h1581,0.24030920624451668,scr1982,avaConv,offshore
bg,h1582,0.20116035991266212,scr1982,avaConv,offshore
bg,h1583,0.165317456130846,scr1982,avaConv,offshore
bg,h1584,0.14343036230197267,scr1982,avaConv,offshore
bg,h1585,0.12891984500697182,scr1982,avaConv,offshore
bg,h1586,0.1029461907153677,scr1982,avaConv,offshore
bg,h1587,0.07621127009222572,scr1982,avaConv,offshore
bg,h1588,0.05717440408552237,scr1982,avaConv,offshore
bg,h1589,0.0531038461777847,scr1982,avaConv,offshore
bg,h1590,0.05502914510582128,scr1982,avaConv,offshore
bg,h1591,0.05650700864856457,scr1982,avaConv,offshore
bg,h1592,0.061819032799918995,scr1982,avaConv,offshore
bg,h1593,0.07289451439341996,scr1982,avaConv,offshore
bg,h1594,0.08809594343464962,scr1982,avaConv,offshore
bg,h1595,0.11418361228463007,scr1982,avaConv,offshore
bg,h1596,0.12481786407779093,scr1982,avaConv,offshore
bg,h1597,0.13775351449373194,scr1982,avaConv,offshore
bg,h1598,0.14723037605323702,scr1982,avaConv,offshore
bg,h1599,0.16599745811418454,scr1982,avaConv,offshore
bg,h1600,0.17362208727304695,scr1982,avaConv,offshore
bg,h1601,0.17961949351850642,scr1982,avaConv,offshore
bg,h1602,0.17873959663110117,scr1982,avaConv,offshore
bg,h1603,0.1668953258980518,scr1982,avaConv,offshore
bg,h1604,0.13572998677370238,scr1982,avaConv,offshore
bg,h1605,0.10516621739955494,scr1982,avaConv,offshore
bg,h1606,0.08372539117174271,scr1982,avaConv,offshore
bg,h1607,0.05784369602803023,scr1982,avaConv,offshore
bg,h1608,0.03326075299949816,scr1982,avaConv,offshore
bg,h1609,0.013013434396178804,scr1982,avaConv,offshore
bg,h1610,0.005334346599715249,scr1982,avaConv,offshore
bg,h1611,0.0060432569306113765,scr1982,avaConv,offshore
bg,h1612,0.015365591230950115,scr1982,avaConv,offshore
bg,h1613,0.03506313956224624,scr1982,avaConv,offshore
bg,h1614,0.06178042014562559,scr1982,avaConv,offshore
bg,h1615,0.08638036547577904,scr1982,avaConv,offshore
bg,h1616,0.09570964416319536,scr1982,avaConv,offshore
bg,h1617,0.08754884914637681,scr1982,avaConv,offshore
bg,h1618,0.06691899649063986,scr1982,avaConv,offshore
bg,h1619,0.059921704546686876,scr1982,avaConv,offshore
bg,h1620,0.06458391699083799,scr1982,avaConv,offshore
bg,h1621,0.08516712407078038,scr1982,avaConv,offshore
bg,h1622,0.09646746989594195,scr1982,avaConv,offshore
bg,h1623,0.10483115146185255,scr1982,avaConv,offshore
bg,h1624,0.107874445996795,scr1982,avaConv,offshore
bg,h1625,0.10106500505398168,scr1982,avaConv,offshore
bg,h1626,0.08758988020254274,scr1982,avaConv,offshore
bg,h1627,0.06978449781909245,scr1982,avaConv,offshore
bg,h1628,0.05942312103715842,scr1982,avaConv,offshore
bg,h1629,0.05091462625884314,scr1982,avaConv,offshore
bg,h1630,0.041531299327830506,scr1982,avaConv,offshore
bg,h1631,0.024858160511420986,scr1982,avaConv,offshore
bg,h1632,0.01252016065072906,scr1982,avaConv,offshore
bg,h1633,0.005229147049509991,scr1982,avaConv,offshore
bg,h1634,0.005276563624512554,scr1982,avaConv,offshore
bg,h1635,0.0037377967606215087,scr1982,avaConv,offshore
bg,h1636,0.0013761440380855943,scr1982,avaConv,offshore
bg,h1637,0.00011415156263111452,scr1982,avaConv,offshore
bg,h1638,0.00011415156263111452,scr1982,avaConv,offshore
bg,h1639,0.0,scr1982,avaConv,offshore
bg,h1640,0.0,scr1982,avaConv,offshore
bg,h1641,0.0,scr1982,avaConv,offshore
bg,h1642,0.0,scr1982,avaConv,offshore
bg,h1643,0.0,scr1982,avaConv,offshore
bg,h1644,0.0,scr1982,avaConv,offshore
bg,h1645,0.0,scr1982,avaConv,offshore
bg,h1646,0.0,scr1982,avaConv,offshore
bg,h1647,0.0,scr1982,avaConv,offshore
bg,h1648,0.0,scr1982,avaConv,offshore
bg,h1649,0.0,scr1982,avaConv,offshore
bg,h1650,0.0,scr1982,avaConv,offshore
bg,h1651,0.0,scr1982,avaConv,offshore
bg,h1652,0.0,scr1982,avaConv,offshore
bg,h1653,0.0,scr1982,avaConv,offshore
bg,h1654,0.0,scr1982,avaConv,offshore
bg,h1655,0.00017625349411949803,scr1982,avaConv,offshore
bg,h1656,0.001186664393382838,scr1982,avaConv,offshore
bg,h1657,0.002815257700860591,scr1982,avaConv,offshore
bg,h1658,0.006149815363956302,scr1982,avaConv,offshore
bg,h1659,0.011760703836962611,scr1982,avaConv,offshore
bg,h1660,0.01939549360920045,scr1982,avaConv,offshore
bg,h1661,0.025940491254082734,scr1982,avaConv,offshore
bg,h1662,0.03210340015604217,scr1982,avaConv,offshore
bg,h1663,0.036812851080403816,scr1982,avaConv,offshore
bg,h1664,0.03885147619736042,scr1982,avaConv,offshore
bg,h1665,0.03218267568455089,scr1982,avaConv,offshore
bg,h1666,0.018975978262016375,scr1982,avaConv,offshore
bg,h1667,0.007765340376534203,scr1982,avaConv,offshore
bg,h1668,0.0016501475725078758,scr1982,avaConv,offshore
bg,h1669,0.0005696480765327957,scr1982,avaConv,offshore
bg,h1670,0.0,scr1982,avaConv,offshore
bg,h1671,0.002020969902961057,scr1982,avaConv,offshore
bg,h1672,0.016943593397688757,scr1982,avaConv,offshore
bg,h1673,0.048866495775683735,scr1982,avaConv,offshore
bg,h1674,0.09446142428319593,scr1982,avaConv,offshore
bg,h1675,0.14947854656700565,scr1982,avaConv,offshore
bg,h1676,0.19134990775274238,scr1982,avaConv,offshore
bg,h1677,0.21363567669274042,scr1982,avaConv,offshore
bg,h1678,0.2068377058232075,scr1982,avaConv,offshore
bg,h1679,0.19817392614866589,scr1982,avaConv,offshore
bg,h1680,0.21916023153466183,scr1982,avaConv,offshore
bg,h1681,0.24085349152716848,scr1982,avaConv,offshore
bg,h1682,0.28090653916973163,scr1982,avaConv,offshore
bg,h1683,0.3100087029682627,scr1982,avaConv,offshore
bg,h1684,0.3656651592963181,scr1982,avaConv,offshore
bg,h1685,0.4400524656633676,scr1982,avaConv,offshore
bg,h1686,0.5649106001239893,scr1982,avaConv,offshore
bg,h1687,0.705626081401564,scr1982,avaConv,offshore
bg,h1688,0.8317881228285735,scr1982,avaConv,offshore
bg,h1689,0.8960146102397134,scr1982,avaConv,offshore
bg,h1690,0.9143581686024559,scr1982,avaConv,offshore
bg,h1691,0.913610376792761,scr1982,avaConv,offshore
bg,h1692,0.8702632923467157,scr1982,avaConv,offshore
bg,h1693,0.7809126725342735,scr1982,avaConv,offshore
bg,h1694,0.6427442054738449,scr1982,avaConv,offshore
bg,h1695,0.510591749264233,scr1982,avaConv,offshore
bg,h1696,0.4433651345195688,scr1982,avaConv,offshore
bg,h1697,0.41831247973104946,scr1982,avaConv,offshore
bg,h1698,0.39797093538930217,scr1982,avaConv,offshore
bg,h1699,0.34613569815399475,scr1982,avaConv,offshore
bg,h1700,0.283991473745873,scr1982,avaConv,offshore
bg,h1701,0.24457901521759307,scr1982,avaConv,offshore
bg,h1702,0.2235349429977418,scr1982,avaConv,offshore
bg,h1703,0.21718218296445946,scr1982,avaConv,offshore
bg,h1704,0.2081594563677729,scr1982,avaConv,offshore
bg,h1705,0.204041810088163,scr1982,avaConv,offshore
bg,h1706,0.2036248474403939,scr1982,avaConv,offshore
bg,h1707,0.19889971565262637,scr1982,avaConv,offshore
bg,h1708,0.18325224970466766,scr1982,avaConv,offshore
bg,h1709,0.1625895775771282,scr1982,avaConv,offshore
bg,h1710,0.15497645244351416,scr1982,avaConv,offshore
bg,h1711,0.155131567594476,scr1982,avaConv,offshore
bg,h1712,0.1429496550202001,scr1982,avaConv,offshore
bg,h1713,0.11699173053456818,scr1982,avaConv,offshore
bg,h1714,0.08390211910715815,scr1982,avaConv,offshore
bg,h1715,0.06003448094599148,scr1982,avaConv,offshore
bg,h1716,0.04268378474830235,scr1982,avaConv,offshore
bg,h1717,0.02896193925629026,scr1982,avaConv,offshore
bg,h1718,0.017251796690471437,scr1982,avaConv,offshore
bg,h1719,0.012571104846441264,scr1982,avaConv,offshore
bg,h1720,0.014284183717104791,scr1982,avaConv,offshore
bg,h1721,0.022734932559597736,scr1982,avaConv,offshore
bg,h1722,0.03796860402088191,scr1982,avaConv,offshore
bg,h1723,0.05705595132477778,scr1982,avaConv,offshore
bg,h1724,0.08402421237046916,scr1982,avaConv,offshore
bg,h1725,0.1287055881498491,scr1982,avaConv,offshore
bg,h1726,0.17641146314015216,scr1982,avaConv,offshore
bg,h1727,0.22177139851509506,scr1982,avaConv,offshore
bg,h1728,0.24389075080270584,scr1982,avaConv,offshore
bg,h1729,0.2687084648880558,scr1982,avaConv,offshore
bg,h1730,0.2601113358786891,scr1982,avaConv,offshore
bg,h1731,0.21467536505417187,scr1982,avaConv,offshore
bg,h1732,0.14260230976385657,scr1982,avaConv,offshore
bg,h1733,0.09630057644621912,scr1982,avaConv,offshore
bg,h1734,0.07249697330428205,scr1982,avaConv,offshore
bg,h1735,0.06777622000930138,scr1982,avaConv,offshore
bg,h1736,0.05485828227283026,scr1982,avaConv,offshore
bg,h1737,0.04798494915193193,scr1982,avaConv,offshore
bg,h1738,0.04295055043293533,scr1982,avaConv,offshore
bg,h1739,0.0457784265259824,scr1982,avaConv,offshore
bg,h1740,0.07595532822088898,scr1982,avaConv,offshore
bg,h1741,0.1141301912301689,scr1982,avaConv,offshore
bg,h1742,0.14282189975172274,scr1982,avaConv,offshore
bg,h1743,0.13149484963453922,scr1982,avaConv,offshore
bg,h1744,0.09135745842065499,scr1982,avaConv,offshore
bg,h1745,0.05388281148760554,scr1982,avaConv,offshore
bg,h1746,0.02503740113630275,scr1982,avaConv,offshore
bg,h1747,0.011429317174458607,scr1982,avaConv,offshore
bg,h1748,0.0034896483673339776,scr1982,avaConv,offshore
bg,h1749,0.000888907794041998,scr1982,avaConv,offshore
bg,h1750,0.0,scr1982,avaConv,offshore
bg,h1751,0.0,scr1982,avaConv,offshore
bg,h1752,0.0,scr1982,avaConv,offshore
bg,h1753,0.0,scr1982,avaConv,offshore
bg,h1754,0.0,scr1982,avaConv,offshore
bg,h1755,0.0001678768226330862,scr1982,avaConv,offshore
bg,h1756,0.0026910846376067095,scr1982,avaConv,offshore
bg,h1757,0.009252675969377957,scr1982,avaConv,offshore
bg,h1758,0.03384078336689865,scr1982,avaConv,offshore
bg,h1759,0.08843393468686375,scr1982,avaConv,offshore
bg,h1760,0.15080001745885616,scr1982,avaConv,offshore
bg,h1761,0.1937632768436471,scr1982,avaConv,offshore
bg,h1762,0.20220105848969128,scr1982,avaConv,offshore
bg,h1763,0.19179822632345062,scr1982,avaConv,offshore
bg,h1764,0.1760438294303526,scr1982,avaConv,offshore
bg,h1765,0.16125790954617436,scr1982,avaConv,offshore
bg,h1766,0.16855252166221274,scr1982,avaConv,offshore
bg,h1767,0.17501431228059938,scr1982,avaConv,offshore
bg,h1768,0.1587161775373248,scr1982,avaConv,offshore
bg,h1769,0.11527776420578026,scr1982,avaConv,offshore
bg,h1770,0.07622159439358045,scr1982,avaConv,offshore
bg,h1771,0.06814495039893587,scr1982,avaConv,offshore
bg,h1772,0.07996498688886695,scr1982,avaConv,offshore
bg,h1773,0.10274281192307576,scr1982,avaConv,offshore
bg,h1774,0.11672367925056251,scr1982,avaConv,offshore
bg,h1775,0.12979871266977833,scr1982,avaConv,offshore
bg,h1776,0.15523481083796667,scr1982,avaConv,offshore
bg,h1777,0.20425601561470974,scr1982,avaConv,offshore
bg,h1778,0.30638433603036697,scr1982,avaConv,offshore
bg,h1779,0.43859715874063887,scr1982,avaConv,offshore
bg,h1780,0.5613551101986434,scr1982,avaConv,offshore
bg,h1781,0.6283040958736859,scr1982,avaConv,offshore
bg,h1782,0.6271770279540823,scr1982,avaConv,offshore
bg,h1783,0.6331068086191476,scr1982,avaConv,offshore
bg,h1784,0.6457318000251815,scr1982,avaConv,offshore
bg,h1785,0.652903299334754,scr1982,avaConv,offshore
bg,h1786,0.6297668403886528,scr1982,avaConv,offshore
bg,h1787,0.5818892761924779,scr1982,avaConv,offshore
bg,h1788,0.5764098496926969,scr1982,avaConv,offshore
bg,h1789,0.558387307041952,scr1982,avaConv,offshore
bg,h1790,0.5215650735019821,scr1982,avaConv,offshore
bg,h1791,0.4360076539665033,scr1982,avaConv,offshore
bg,h1792,0.3776292785855721,scr1982,avaConv,offshore
bg,h1793,0.38644619478149633,scr1982,avaConv,offshore
bg,h1794,0.44989727282620673,scr1982,avaConv,offshore
bg,h1795,0.544233282350818,scr1982,avaConv,offshore
bg,h1796,0.6065087780769619,scr1982,avaConv,offshore
bg,h1797,0.6170677279194023,scr1982,avaConv,offshore
bg,h1798,0.6025697061416267,scr1982,avaConv,offshore
bg,h1799,0.6164364675700619,scr1982,avaConv,offshore
bg,h1800,0.6397228391665145,scr1982,avaConv,offshore
bg,h1801,0.6897993157566085,scr1982,avaConv,offshore
bg,h1802,0.7231283770637507,scr1982,avaConv,offshore
bg,h1803,0.7540255850372325,scr1982,avaConv,offshore
bg,h1804,0.7436342858677912,scr1982,avaConv,offshore
bg,h1805,0.7276308106987681,scr1982,avaConv,offshore
bg,h1806,0.7300996093697384,scr1982,avaConv,offshore
bg,h1807,0.7240858058483337,scr1982,avaConv,offshore
bg,h1808,0.6897214531269372,scr1982,avaConv,offshore
bg,h1809,0.629642263732419,scr1982,avaConv,offshore
bg,h1810,0.5341844050721456,scr1982,avaConv,offshore
bg,h1811,0.4395693602816688,scr1982,avaConv,offshore
bg,h1812,0.3447433735722463,scr1982,avaConv,offshore
bg,h1813,0.2624311664714233,scr1982,avaConv,offshore
bg,h1814,0.1663787478575148,scr1982,avaConv,offshore
bg,h1815,0.09056028328095739,scr1982,avaConv,offshore
bg,h1816,0.04586876974556274,scr1982,avaConv,offshore
bg,h1817,0.027430619639776596,scr1982,avaConv,offshore
bg,h1818,0.014470270151278174,scr1982,avaConv,offshore
bg,h1819,0.005249477188069915,scr1982,avaConv,offshore
bg,h1820,0.0019502089779809384,scr1982,avaConv,offshore
bg,h1821,0.004386737022094838,scr1982,avaConv,offshore
bg,h1822,0.010286090869308064,scr1982,avaConv,offshore
bg,h1823,0.01789769549027401,scr1982,avaConv,offshore
bg,h1824,0.029464923687819576,scr1982,avaConv,offshore
bg,h1825,0.034813480186354155,scr1982,avaConv,offshore
bg,h1826,0.031144630389158334,scr1982,avaConv,offshore
bg,h1827,0.017625232771988145,scr1982,avaConv,offshore
bg,h1828,0.006830354178538697,scr1982,avaConv,offshore
bg,h1829,0.002109002232471622,scr1982,avaConv,offshore
bg,h1830,0.0003872202626045242,scr1982,avaConv,offshore
bg,h1831,0.0,scr1982,avaConv,offshore
bg,h1832,0.0,scr1982,avaConv,offshore
bg,h1833,0.0,scr1982,avaConv,offshore
bg,h1834,0.0005223144581450644,scr1982,avaConv,offshore
bg,h1835,0.004830530478715794,scr1982,avaConv,offshore
bg,h1836,0.01488603857252548,scr1982,avaConv,offshore
bg,h1837,0.021021726760663717,scr1982,avaConv,offshore
bg,h1838,0.019351164626239092,scr1982,avaConv,offshore
bg,h1839,0.010591086213276906,scr1982,avaConv,offshore
bg,h1840,0.008499477542642674,scr1982,avaConv,offshore
bg,h1841,0.023147128799594872,scr1982,avaConv,offshore
bg,h1842,0.038585834234861324,scr1982,avaConv,offshore
bg,h1843,0.043037938845587945,scr1982,avaConv,offshore
bg,h1844,0.03173013331216724,scr1982,avaConv,offshore
bg,h1845,0.01776014389876749,scr1982,avaConv,offshore
bg,h1846,0.018846013369876617,scr1982,avaConv,offshore
bg,h1847,0.011666269862546423,scr1982,avaConv,offshore
bg,h1848,0.008933512143499184,scr1982,avaConv,offshore
bg,h1849,0.0007144834663148673,scr1982,avaConv,offshore
bg,h1850,0.0019726458199389365,scr1982,avaConv,offshore
bg,h1851,0.007771906113812934,scr1982,avaConv,offshore
bg,h1852,0.018083117537358837,scr1982,avaConv,offshore
bg,h1853,0.03155303260509879,scr1982,avaConv,offshore
bg,h1854,0.04293382665897595,scr1982,avaConv,offshore
bg,h1855,0.05123598978893186,scr1982,avaConv,offshore
bg,h1856,0.05720135356694603,scr1982,avaConv,offshore
bg,h1857,0.061821573213728574,scr1982,avaConv,offshore
bg,h1858,0.060893733070777,scr1982,avaConv,offshore
bg,h1859,0.05341715345889205,scr1982,avaConv,offshore
bg,h1860,0.04021140328646044,scr1982,avaConv,offshore
bg,h1861,0.0310009647686539,scr1982,avaConv,offshore
bg,h1862,0.02563484479556054,scr1982,avaConv,offshore
bg,h1863,0.02576610490020567,scr1982,avaConv,offshore
bg,h1864,0.0277280007445381,scr1982,avaConv,offshore
bg,h1865,0.030235635210609006,scr1982,avaConv,offshore
bg,h1866,0.03123065844744721,scr1982,avaConv,offshore
bg,h1867,0.026992623819629753,scr1982,avaConv,offshore
bg,h1868,0.020622353598521753,scr1982,avaConv,offshore
bg,h1869,0.013871826096167232,scr1982,avaConv,offshore
bg,h1870,0.009505660154630237,scr1982,avaConv,offshore
bg,h1871,0.004816910815399893,scr1982,avaConv,offshore
bg,h1872,0.0017724315281532656,scr1982,avaConv,offshore
bg,h1873,0.0,scr1982,avaConv,offshore
bg,h1874,0.0,scr1982,avaConv,offshore
bg,h1875,0.0,scr1982,avaConv,offshore
bg,h1876,0.0,scr1982,avaConv,offshore
bg,h1877,0.0,scr1982,avaConv,offshore
bg,h1878,0.0,scr1982,avaConv,offshore
bg,h1879,0.0,scr1982,avaConv,offshore
bg,h1880,0.0,scr1982,avaConv,offshore
bg,h1881,0.0,scr1982,avaConv,offshore
bg,h1882,0.0,scr1982,avaConv,offshore
bg,h1883,0.0,scr1982,avaConv,offshore
bg,h1884,0.0,scr1982,avaConv,offshore
bg,h1885,0.00018904275278592124,scr1982,avaConv,offshore
bg,h1886,0.0002870411740376671,scr1982,avaConv,offshore
bg,h1887,0.0002550784631408091,scr1982,avaConv,offshore
bg,h1888,0.00010428908746464214,scr1982,avaConv,offshore
bg,h1889,0.0,scr1982,avaConv,offshore
bg,h1890,0.00014633957472345334,scr1982,avaConv,offshore
bg,h1891,0.0010089978187714011,scr1982,avaConv,offshore
bg,h1892,0.001932367747375174,scr1982,avaConv,offshore
bg,h1893,0.0024701967613163047,scr1982,avaConv,offshore
bg,h1894,0.0032847066150690756,scr1982,avaConv,offshore
bg,h1895,0.00239086508757914,scr1982,avaConv,offshore
bg,h1896,0.0018635739662514245,scr1982,avaConv,offshore
bg,h1897,0.00042226476152014723,scr1982,avaConv,offshore
bg,h1898,0.0007121948650106194,scr1982,avaConv,offshore
bg,h1899,0.0014905246526949402,scr1982,avaConv,offshore
bg,h1900,0.003628636126280212,scr1982,avaConv,offshore
bg,h1901,0.005548021456118115,scr1982,avaConv,offshore
bg,h1902,0.005766713339137079,scr1982,avaConv,offshore
bg,h1903,0.004501314364381337,scr1982,avaConv,offshore
bg,h1904,0.004764778951014253,scr1982,avaConv,offshore
bg,h1905,0.005934977069046346,scr1982,avaConv,offshore
bg,h1906,0.00495894282668018,scr1982,avaConv,offshore
bg,h1907,0.0023836593285484976,scr1982,avaConv,offshore
bg,h1908,0.00021247551816807556,scr1982,avaConv,offshore
bg,h1909,0.0,scr1982,avaConv,offshore
bg,h1910,0.0,scr1982,avaConv,offshore
bg,h1911,0.0004294988397972427,scr1982,avaConv,offshore
bg,h1912,0.001136008286063026,scr1982,avaConv,offshore
bg,h1913,0.004435641596923801,scr1982,avaConv,offshore
bg,h1914,0.007973177564107047,scr1982,avaConv,offshore
bg,h1915,0.011667914096764938,scr1982,avaConv,offshore
bg,h1916,0.009836951388477134,scr1982,avaConv,offshore
bg,h1917,0.0075495415855825155,scr1982,avaConv,offshore
bg,h1918,0.004068901449396642,scr1982,avaConv,offshore
bg,h1919,0.002347843071731794,scr1982,avaConv,offshore
bg,h1920,0.000797818226655548,scr1982,avaConv,offshore
bg,h1921,0.0,scr1982,avaConv,offshore
bg,h1922,0.0,scr1982,avaConv,offshore
bg,h1923,0.0003361110711980616,scr1982,avaConv,offshore
bg,h1924,0.0031246373968183785,scr1982,avaConv,offshore
bg,h1925,0.009361087036983703,scr1982,avaConv,offshore
bg,h1926,0.019099422941544535,scr1982,avaConv,offshore
bg,h1927,0.029804501396999358,scr1982,avaConv,offshore
bg,h1928,0.04224017049340582,scr1982,avaConv,offshore
bg,h1929,0.056013089315370426,scr1982,avaConv,offshore
bg,h1930,0.07134348807238587,scr1982,avaConv,offshore
bg,h1931,0.07576069851159453,scr1982,avaConv,offshore
bg,h1932,0.09584694530139037,scr1982,avaConv,offshore
bg,h1933,0.13549756134107407,scr1982,avaConv,offshore
bg,h1934,0.19571785154471882,scr1982,avaConv,offshore
bg,h1935,0.25338572386686037,scr1982,avaConv,offshore
bg,h1936,0.29916674938297605,scr1982,avaConv,offshore
bg,h1937,0.3268048357329323,scr1982,avaConv,offshore
bg,h1938,0.3221647774838439,scr1982,avaConv,offshore
bg,h1939,0.2974479712776519,scr1982,avaConv,offshore
bg,h1940,0.3314234013495005,scr1982,avaConv,offshore
bg,h1941,0.40188933561625056,scr1982,avaConv,offshore
bg,h1942,0.45207575478882733,scr1982,avaConv,offshore
bg,h1943,0.3742773742773546,scr1982,avaConv,offshore
bg,h1944,0.29903731128566824,scr1982,avaConv,offshore
bg,h1945,0.2830439477291481,scr1982,avaConv,offshore
bg,h1946,0.3833742518548537,scr1982,avaConv,offshore
bg,h1947,0.48308267948546135,scr1982,avaConv,offshore
bg,h1948,0.5511392718452064,scr1982,avaConv,offshore
bg,h1949,0.5892475232572865,scr1982,avaConv,offshore
bg,h1950,0.6138840910970248,scr1982,avaConv,offshore
bg,h1951,0.6414993257167494,scr1982,avaConv,offshore
bg,h1952,0.6361676470594175,scr1982,avaConv,offshore
bg,h1953,0.5813275638677701,scr1982,avaConv,offshore
bg,h1954,0.48540049837629445,scr1982,avaConv,offshore
bg,h1955,0.40845519020345145,scr1982,avaConv,offshore
bg,h1956,0.3837842042245966,scr1982,avaConv,offshore
bg,h1957,0.4118813823486782,scr1982,avaConv,offshore
bg,h1958,0.4615481385883568,scr1982,avaConv,offshore
bg,h1959,0.5354928041853868,scr1982,avaConv,offshore
bg,h1960,0.6234164204261873,scr1982,avaConv,offshore
bg,h1961,0.7052791695267077,scr1982,avaConv,offshore
bg,h1962,0.7701808578912741,scr1982,avaConv,offshore
bg,h1963,0.8130774266326686,scr1982,avaConv,offshore
bg,h1964,0.8254891450379386,scr1982,avaConv,offshore
bg,h1965,0.7862593440342468,scr1982,avaConv,offshore
bg,h1966,0.7040675422293314,scr1982,avaConv,offshore
bg,h1967,0.5291052363999003,scr1982,avaConv,offshore
bg,h1968,0.37398509685250075,scr1982,avaConv,offshore
bg,h1969,0.27635558484373357,scr1982,avaConv,offshore
bg,h1970,0.3199422106015852,scr1982,avaConv,offshore
bg,h1971,0.40887848731794707,scr1982,avaConv,offshore
bg,h1972,0.5029061426978365,scr1982,avaConv,offshore
bg,h1973,0.5605643848973628,scr1982,avaConv,offshore
bg,h1974,0.578308391886056,scr1982,avaConv,offshore
bg,h1975,0.5584148654593851,scr1982,avaConv,offshore
bg,h1976,0.5099967442417629,scr1982,avaConv,offshore
bg,h1977,0.4400783359216441,scr1982,avaConv,offshore
bg,h1978,0.36169827414462324,scr1982,avaConv,offshore
bg,h1979,0.2781448298501927,scr1982,avaConv,offshore
bg,h1980,0.22558462583574596,scr1982,avaConv,offshore
bg,h1981,0.1840521435208531,scr1982,avaConv,offshore
bg,h1982,0.16533103316754724,scr1982,avaConv,offshore
bg,h1983,0.14947271766868728,scr1982,avaConv,offshore
bg,h1984,0.1486226736823728,scr1982,avaConv,offshore
bg,h1985,0.15290998406419387,scr1982,avaConv,offshore
bg,h1986,0.16675535332724176,scr1982,avaConv,offshore
bg,h1987,0.1877938228613512,scr1982,avaConv,offshore
bg,h1988,0.21508655475138955,scr1982,avaConv,offshore
bg,h1989,0.24094889573548428,scr1982,avaConv,offshore
bg,h1990,0.23843027518157278,scr1982,avaConv,offshore
bg,h1991,0.2090809505393624,scr1982,avaConv,offshore
bg,h1992,0.17022595751758202,scr1982,avaConv,offshore
bg,h1993,0.18659582221043844,scr1982,avaConv,offshore
bg,h1994,0.26759948784791404,scr1982,avaConv,offshore
bg,h1995,0.3690119623701849,scr1982,avaConv,offshore
bg,h1996,0.43122928260870086,scr1982,avaConv,offshore
bg,h1997,0.4461296960116406,scr1982,avaConv,offshore
bg,h1998,0.46988839225060575,scr1982,avaConv,offshore
bg,h1999,0.5557992080022975,scr1982,avaConv,offshore
bg,h2000,0.6735519937448643,scr1982,avaConv,offshore
bg,h2001,0.7550854453875381,scr1982,avaConv,offshore
bg,h2002,0.7505520733779333,scr1982,avaConv,offshore
bg,h2003,0.7713265546140313,scr1982,avaConv,offshore
bg,h2004,0.7942700550781474,scr1982,avaConv,offshore
bg,h2005,0.8152999927616281,scr1982,avaConv,offshore
bg,h2006,0.7663164323719998,scr1982,avaConv,offshore
bg,h2007,0.7367761220348977,scr1982,avaConv,offshore
bg,h2008,0.7290759147783925,scr1982,avaConv,offshore
bg,h2009,0.7391043437177861,scr1982,avaConv,offshore
bg,h2010,0.7380748371693083,scr1982,avaConv,offshore
bg,h2011,0.737891444122799,scr1982,avaConv,offshore
bg,h2012,0.7217676414146743,scr1982,avaConv,offshore
bg,h2013,0.6856443335530921,scr1982,avaConv,offshore
bg,h2014,0.6504201492431072,scr1982,avaConv,offshore
bg,h2015,0.6544343803872948,scr1982,avaConv,offshore
bg,h2016,0.6528769562552661,scr1982,avaConv,offshore
bg,h2017,0.4248220023131518,scr1982,avaConv,offshore
bg,h2018,0.18538515345839682,scr1982,avaConv,offshore
bg,h2019,0.0,scr1982,avaConv,offshore
bg,h2020,0.0,scr1982,avaConv,offshore
bg,h2021,0.0,scr1982,avaConv,offshore
bg,h2022,0.0,scr1982,avaConv,offshore
bg,h2023,0.0,scr1982,avaConv,offshore
bg,h2024,0.00018494436311869837,scr1982,avaConv,offshore
bg,h2025,0.0014900337122309383,scr1982,avaConv,offshore
bg,h2026,0.005283431402873431,scr1982,avaConv,offshore
bg,h2027,0.011240432291381535,scr1982,avaConv,offshore
bg,h2028,0.020413676808265863,scr1982,avaConv,offshore
bg,h2029,0.030476847154231677,scr1982,avaConv,offshore
bg,h2030,0.039521256707120915,scr1982,avaConv,offshore
bg,h2031,0.042991432161369914,scr1982,avaConv,offshore
bg,h2032,0.04135674588430019,scr1982,avaConv,offshore
bg,h2033,0.03673779188910025,scr1982,avaConv,offshore
bg,h2034,0.033713029800236397,scr1982,avaConv,offshore
bg,h2035,0.03973146294208113,scr1982,avaConv,offshore
bg,h2036,0.061861766293610905,scr1982,avaConv,offshore
bg,h2037,0.09305140045433455,scr1982,avaConv,offshore
bg,h2038,0.12010506824987657,scr1982,avaConv,offshore
bg,h2039,0.11713195059693611,scr1982,avaConv,offshore
bg,h2040,0.10219328817867922,scr1982,avaConv,offshore
bg,h2041,0.08130207270417915,scr1982,avaConv,offshore
bg,h2042,0.0732884576199096,scr1982,avaConv,offshore
bg,h2043,0.07252956567233651,scr1982,avaConv,offshore
bg,h2044,0.07622859096369676,scr1982,avaConv,offshore
bg,h2045,0.07851679320914677,scr1982,avaConv,offshore
bg,h2046,0.0726337565819929,scr1982,avaConv,offshore
bg,h2047,0.06524606279774472,scr1982,avaConv,offshore
bg,h2048,0.06502718216972114,scr1982,avaConv,offshore
bg,h2049,0.07629433835808387,scr1982,avaConv,offshore
bg,h2050,0.10179587686225534,scr1982,avaConv,offshore
bg,h2051,0.15097200982887088,scr1982,avaConv,offshore
bg,h2052,0.21512440843658587,scr1982,avaConv,offshore
bg,h2053,0.2850789129078808,scr1982,avaConv,offshore
bg,h2054,0.3596932469179586,scr1982,avaConv,offshore
bg,h2055,0.47106924462644745,scr1982,avaConv,offshore
bg,h2056,0.6018789367369014,scr1982,avaConv,offshore
bg,h2057,0.7216985425452709,scr1982,avaConv,offshore
bg,h2058,0.8011720007553761,scr1982,avaConv,offshore
bg,h2059,0.8472077639311971,scr1982,avaConv,offshore
bg,h2060,0.8708548462582189,scr1982,avaConv,offshore
bg,h2061,0.8639239047383654,scr1982,avaConv,offshore
bg,h2062,0.8379510863224046,scr1982,avaConv,offshore
bg,h2063,0.7370077995405464,scr1982,avaConv,offshore
bg,h2064,0.6074942917116644,scr1982,avaConv,offshore
bg,h2065,0.47879381824124456,scr1982,avaConv,offshore
bg,h2066,0.43132831994389526,scr1982,avaConv,offshore
bg,h2067,0.44206199776603106,scr1982,avaConv,offshore
bg,h2068,0.48147185139192183,scr1982,avaConv,offshore
bg,h2069,0.5233570371340146,scr1982,avaConv,offshore
bg,h2070,0.549145147942423,scr1982,avaConv,offshore
bg,h2071,0.5503218235558833,scr1982,avaConv,offshore
bg,h2072,0.5422194692824485,scr1982,avaConv,offshore
bg,h2073,0.5234769840330892,scr1982,avaConv,offshore
bg,h2074,0.5057482003126422,scr1982,avaConv,offshore
bg,h2075,0.463163880358275,scr1982,avaConv,offshore
bg,h2076,0.41509279828418283,scr1982,avaConv,offshore
bg,h2077,0.370492744519717,scr1982,avaConv,offshore
bg,h2078,0.3514570428561905,scr1982,avaConv,offshore
bg,h2079,0.3493836729336237,scr1982,avaConv,offshore
bg,h2080,0.3529375091219822,scr1982,avaConv,offshore
bg,h2081,0.35321589407246307,scr1982,avaConv,offshore
bg,h2082,0.34550025980675847,scr1982,avaConv,offshore
bg,h2083,0.3276260781249013,scr1982,avaConv,offshore
bg,h2084,0.2953662699030334,scr1982,avaConv,offshore
bg,h2085,0.24672792018881598,scr1982,avaConv,offshore
bg,h2086,0.19363097564064352,scr1982,avaConv,offshore
bg,h2087,0.13408188472364166,scr1982,avaConv,offshore
bg,h2088,0.09637756105750975,scr1982,avaConv,offshore
bg,h2089,0.08130885270113487,scr1982,avaConv,offshore
bg,h2090,0.09830626480704648,scr1982,avaConv,offshore
bg,h2091,0.12858690869178724,scr1982,avaConv,offshore
bg,h2092,0.17267229844470575,scr1982,avaConv,offshore
bg,h2093,0.21729288482457165,scr1982,avaConv,offshore
bg,h2094,0.23497243455368552,scr1982,avaConv,offshore
bg,h2095,0.20729178319974853,scr1982,avaConv,offshore
bg,h2096,0.15676284634577795,scr1982,avaConv,offshore
bg,h2097,0.1152556292654744,scr1982,avaConv,offshore
bg,h2098,0.0917263693954851,scr1982,avaConv,offshore
bg,h2099,0.07695273880690381,scr1982,avaConv,offshore
bg,h2100,0.06298891542572307,scr1982,avaConv,offshore
bg,h2101,0.055101516259998755,scr1982,avaConv,offshore
bg,h2102,0.052868813116220485,scr1982,avaConv,offshore
bg,h2103,0.05288037945341065,scr1982,avaConv,offshore
bg,h2104,0.047445618215334495,scr1982,avaConv,offshore
bg,h2105,0.035724781590277366,scr1982,avaConv,offshore
bg,h2106,0.02472815123392282,scr1982,avaConv,offshore
bg,h2107,0.019781933074685707,scr1982,avaConv,offshore
bg,h2108,0.018752806435817993,scr1982,avaConv,offshore
bg,h2109,0.01614147354398127,scr1982,avaConv,offshore
bg,h2110,0.010777080680748993,scr1982,avaConv,offshore
bg,h2111,0.004730032006387196,scr1982,avaConv,offshore
bg,h2112,0.0013677074126138395,scr1982,avaConv,offshore
bg,h2113,0.0,scr1982,avaConv,offshore
bg,h2114,0.0,scr1982,avaConv,offshore
bg,h2115,0.0,scr1982,avaConv,offshore
bg,h2116,0.000407687163179173,scr1982,avaConv,offshore
bg,h2117,0.0023160904650310556,scr1982,avaConv,offshore
bg,h2118,0.005511458808631209,scr1982,avaConv,offshore
bg,h2119,0.00756413348404785,scr1982,avaConv,offshore
bg,h2120,0.006468112096885753,scr1982,avaConv,offshore
bg,h2121,0.003609505739662073,scr1982,avaConv,offshore
bg,h2122,0.0012753952432641017,scr1982,avaConv,offshore
bg,h2123,0.0007596377385550946,scr1982,avaConv,offshore
bg,h2124,0.0010036012863012627,scr1982,avaConv,offshore
bg,h2125,0.0013522405244301462,scr1982,avaConv,offshore
bg,h2126,0.0009928100208551531,scr1982,avaConv,offshore
bg,h2127,0.000407571674057881,scr1982,avaConv,offshore
bg,h2128,0.0,scr1982,avaConv,offshore
bg,h2129,0.0,scr1982,avaConv,offshore
bg,h2130,0.0,scr1982,avaConv,offshore
bg,h2131,0.0,scr1982,avaConv,offshore
bg,h2132,0.0,scr1982,avaConv,offshore
bg,h2133,0.0,scr1982,avaConv,offshore
bg,h2134,0.0005663467977391413,scr1982,avaConv,offshore
bg,h2135,0.000958779504717257,scr1982,avaConv,offshore
bg,h2136,0.0012990072707128326,scr1982,avaConv,offshore
bg,h2137,0.0014624653940794193,scr1982,avaConv,offshore
bg,h2138,0.0030175498827817357,scr1982,avaConv,offshore
bg,h2139,0.008641888127775148,scr1982,avaConv,offshore
bg,h2140,0.021082467061545887,scr1982,avaConv,offshore
bg,h2141,0.04173067710335098,scr1982,avaConv,offshore
bg,h2142,0.061057658490021566,scr1982,avaConv,offshore
bg,h2143,0.06966986645979989,scr1982,avaConv,offshore
bg,h2144,0.06802173689106962,scr1982,avaConv,offshore
bg,h2145,0.06579500682480735,scr1982,avaConv,offshore
bg,h2146,0.06675484074842689,scr1982,avaConv,offshore
bg,h2147,0.06684889593063252,scr1982,avaConv,offshore
bg,h2148,0.0651598051354585,scr1982,avaConv,offshore
bg,h2149,0.06504222726349557,scr1982,avaConv,offshore
bg,h2150,0.06241454672836795,scr1982,avaConv,offshore
bg,h2151,0.052027576547066315,scr1982,avaConv,offshore
bg,h2152,0.03827977387712081,scr1982,avaConv,offshore
bg,h2153,0.02878654590279359,scr1982,avaConv,offshore
bg,h2154,0.0233592329178876,scr1982,avaConv,offshore
bg,h2155,0.01674202663103107,scr1982,avaConv,offshore
bg,h2156,0.009424329872206108,scr1982,avaConv,offshore
bg,h2157,0.004548839001241439,scr1982,avaConv,offshore
bg,h2158,0.002613642619885896,scr1982,avaConv,offshore
bg,h2159,0.0011674196037314653,scr1982,avaConv,offshore
bg,h2160,0.00043799324477974207,scr1982,avaConv,offshore
de,h1441,0.13970187840701068,scr1982,avaConv,offshore
de,h1442,0.12927117928835952,scr1982,avaConv,offshore
de,h1443,0.11355812366109996,scr1982,avaConv,offshore
de,h1444,0.09836998620411833,scr1982,avaConv,offshore
de,h1445,0.0861939305114581,scr1982,avaConv,offshore
de,h1446,0.072680740677863,scr1982,avaConv,offshore
de,h1447,0.06172258331208288,scr1982,avaConv,offshore
de,h1448,0.05186014268799729,scr1982,avaConv,offshore
de,h1449,0.04346538858444365,scr1982,avaConv,offshore
de,h1450,0.03682719628572435,scr1982,avaConv,offshore
de,h1451,0.0341975094991098,scr1982,avaConv,offshore
de,h1452,0.03798153382765652,scr1982,avaConv,offshore
de,h1453,0.04556564494615702,scr1982,avaConv,offshore
de,h1454,0.057963272945579535,scr1982,avaConv,offshore
de,h1455,0.08248103340365673,scr1982,avaConv,offshore
de,h1456,0.12343571269808754,scr1982,avaConv,offshore
de,h1457,0.17303290830576556,scr1982,avaConv,offshore
de,h1458,0.2212537797359216,scr1982,avaConv,offshore
de,h1459,0.27097551427731015,scr1982,avaConv,offshore
de,h1460,0.3224322210247758,scr1982,avaConv,offshore
de,h1461,0.3736279088622541,scr1982,avaConv,offshore
de,h1462,0.41433981875852743,scr1982,avaConv,offshore
de,h1463,0.460061520602371,scr1982,avaConv,offshore
de,h1464,0.538401404451444,scr1982,avaConv,offshore
de,h1465,0.6200673481700497,scr1982,avaConv,offshore
de,h1466,0.675868133691216,scr1982,avaConv,offshore
de,h1467,0.6853076968676977,scr1982,avaConv,offshore
de,h1468,0.6846891810582845,scr1982,avaConv,offshore
de,h1469,0.691091448076503,scr1982,avaConv,offshore
de,h1470,0.7127998432228658,scr1982,avaConv,offshore
de,h1471,0.7353959287177952,scr1982,avaConv,offshore
de,h1472,0.7553120879201088,scr1982,avaConv,offshore
de,h1473,0.7511650121279592,scr1982,avaConv,offshore
de,h1474,0.7265539573786722,scr1982,avaConv,offshore
de,h1475,0.6846105592500109,scr1982,avaConv,offshore
de,h1476,0.641835710615814,scr1982,avaConv,offshore
de,h1477,0.6089361403246994,scr1982,avaConv,offshore
de,h1478,0.5815125786202862,scr1982,avaConv,offshore
de,h1479,0.551665642521913,scr1982,avaConv,offshore
de,h1480,0.5215470401766656,scr1982,avaConv,offshore
de,h1481,0.4935715655918602,scr1982,avaConv,offshore
de,h1482,0.47349159149160863,scr1982,avaConv,offshore
de,h1483,0.446553868460265,scr1982,avaConv,offshore
de,h1484,0.41324506772599784,scr1982,avaConv,offshore
de,h1485,0.37137896246679425,scr1982,avaConv,offshore
de,h1486,0.33690305875701654,scr1982,avaConv,offshore
de,h1487,0.35216316668252345,scr1982,avaConv,offshore
de,h1488,0.38398399683014744,scr1982,avaConv,offshore
de,h1489,0.4152048034748522,scr1982,avaConv,offshore
de,h1490,0.39974584176665695,scr1982,avaConv,offshore
de,h1491,0.3696292426408872,scr1982,avaConv,offshore
de,h1492,0.3416684496098527,scr1982,avaConv,offshore
de,h1493,0.33294083129939805,scr1982,avaConv,offshore
de,h1494,0.34012038418019425,scr1982,avaConv,offshore
de,h1495,0.34321889488332097,scr1982,avaConv,offshore
de,h1496,0.32106994014828527,scr1982,avaConv,offshore
de,h1497,0.28058747522459027,scr1982,avaConv,offshore
de,h1498,0.23977531216510295,scr1982,avaConv,offshore
de,h1499,0.220123777721668,scr1982,avaConv,offshore
de,h1500,0.2336843238073845,scr1982,avaConv,offshore
de,h1501,0.2686483649929941,scr1982,avaConv,offshore
de,h1502,0.30136718604995605,scr1982,avaConv,offshore
de,h1503,0.30693943024213094,scr1982,avaConv,offshore
de,h1504,0.28227115901278477,scr1982,avaConv,offshore
de,h1505,0.24428832218013602,scr1982,avaConv,offshore
de,h1506,0.2034587689882347,scr1982,avaConv,offshore
de,h1507,0.1669462844985043,scr1982,avaConv,offshore
de,h1508,0.1409812573573706,scr1982,avaConv,offshore
de,h1509,0.12539531280682883,scr1982,avaConv,offshore
de,h1510,0.11648046850758782,scr1982,avaConv,offshore
de,h1511,0.0960256526051659,scr1982,avaConv,offshore
de,h1512,0.07486979228407017,scr1982,avaConv,offshore
de,h1513,0.0701236963115288,scr1982,avaConv,offshore
de,h1514,0.07919668358077459,scr1982,avaConv,offshore
de,h1515,0.0904236049179333,scr1982,avaConv,offshore
de,h1516,0.09693164637770416,scr1982,avaConv,offshore
de,h1517,0.11255211524581762,scr1982,avaConv,offshore
de,h1518,0.13421019685977836,scr1982,avaConv,offshore
de,h1519,0.1534062915431119,scr1982,avaConv,offshore
de,h1520,0.17406793596678036,scr1982,avaConv,offshore
de,h1521,0.200104461804006,scr1982,avaConv,offshore
de,h1522,0.23525784497088045,scr1982,avaConv,offshore
de,h1523,0.25798711636800037,scr1982,avaConv,offshore
de,h1524,0.28195530729399726,scr1982,avaConv,offshore
de,h1525,0.3096304896698564,scr1982,avaConv,offshore
de,h1526,0.35909540528496087,scr1982,avaConv,offshore
de,h1527,0.41565096695862064,scr1982,avaConv,offshore
de,h1528,0.47994691366036096,scr1982,avaConv,offshore
de,h1529,0.5537328560432154,scr1982,avaConv,offshore
de,h1530,0.6320664775926937,scr1982,avaConv,offshore
de,h1531,0.7008406498626694,scr1982,avaConv,offshore
de,h1532,0.7544991917260618,scr1982,avaConv,offshore
de,h1533,0.7999428397467816,scr1982,avaConv,offshore
de,h1534,0.8373892781323823,scr1982,avaConv,offshore
de,h1535,0.8637809957676467,scr1982,avaConv,offshore
de,h1536,0.8745310965711841,scr1982,avaConv,offshore
de,h1537,0.878654180248563,scr1982,avaConv,offshore
de,h1538,0.8809283513033892,scr1982,avaConv,offshore
de,h1539,0.8778104746493673,scr1982,avaConv,offshore
de,h1540,0.8675120434759864,scr1982,avaConv,offshore
de,h1541,0.8537281610403399,scr1982,avaConv,offshore
de,h1542,0.8277945288931581,scr1982,avaConv,offshore
de,h1543,0.8068799604042706,scr1982,avaConv,offshore
de,h1544,0.769862334018321,scr1982,avaConv,offshore
de,h1545,0.7128084547242531,scr1982,avaConv,offshore
de,h1546,0.6428192746071199,scr1982,avaConv,offshore
de,h1547,0.5456650811014748,scr1982,avaConv,offshore
de,h1548,0.48009205227855156,scr1982,avaConv,offshore
de,h1549,0.42313863775878013,scr1982,avaConv,offshore
de,h1550,0.4060750881378627,scr1982,avaConv,offshore
de,h1551,0.39274302763092267,scr1982,avaConv,offshore
de,h1552,0.37865383063585717,scr1982,avaConv,offshore
de,h1553,0.35837698872785184,scr1982,avaConv,offshore
de,h1554,0.32517059148097993,scr1982,avaConv,offshore
de,h1555,0.27815877447715887,scr1982,avaConv,offshore
de,h1556,0.22820405815263517,scr1982,avaConv,offshore
de,h1557,0.1791528922070617,scr1982,avaConv,offshore
de,h1558,0.13636933783107444,scr1982,avaConv,offshore
de,h1559,0.09751189723772534,scr1982,avaConv,offshore
de,h1560,0.06869444251889933,scr1982,avaConv,offshore
de,h1561,0.048970393722799065,scr1982,avaConv,offshore
de,h1562,0.04482445751265811,scr1982,avaConv,offshore
de,h1563,0.0480652655895942,scr1982,avaConv,offshore
de,h1564,0.05666551176028372,scr1982,avaConv,offshore
de,h1565,0.06613040428657094,scr1982,avaConv,offshore
de,h1566,0.07472476660963495,scr1982,avaConv,offshore
de,h1567,0.08165182060774437,scr1982,avaConv,offshore
de,h1568,0.08806968191669678,scr1982,avaConv,offshore
de,h1569,0.09484685301761211,scr1982,avaConv,offshore
de,h1570,0.10405756746405469,scr1982,avaConv,offshore
de,h1571,0.10984581052321155,scr1982,avaConv,offshore
de,h1572,0.12118508492079341,scr1982,avaConv,offshore
de,h1573,0.1425333540975617,scr1982,avaConv,offshore
de,h1574,0.1829534976218664,scr1982,avaConv,offshore
de,h1575,0.22834017255820427,scr1982,avaConv,offshore
de,h1576,0.2788698365267453,scr1982,avaConv,offshore
de,h1577,0.32531361250516144,scr1982,avaConv,offshore
de,h1578,0.37508586897719276,scr1982,avaConv,offshore
de,h1579,0.42241334372798967,scr1982,avaConv,offshore
de,h1580,0.4733187072973924,scr1982,avaConv,offshore
de,h1581,0.5227631938191224,scr1982,avaConv,offshore
de,h1582,0.577533630325484,scr1982,avaConv,offshore
de,h1583,0.6500048973033556,scr1982,avaConv,offshore
de,h1584,0.7141580683258717,scr1982,avaConv,offshore
de,h1585,0.7525369986374455,scr1982,avaConv,offshore
de,h1586,0.7475639823031216,scr1982,avaConv,offshore
de,h1587,0.724747840977572,scr1982,avaConv,offshore
de,h1588,0.7036793991012149,scr1982,avaConv,offshore
de,h1589,0.7019928345802569,scr1982,avaConv,offshore
de,h1590,0.7153918080610348,scr1982,avaConv,offshore
de,h1591,0.7270602145074706,scr1982,avaConv,offshore
de,h1592,0.7189338418770855,scr1982,avaConv,offshore
de,h1593,0.6961271785320055,scr1982,avaConv,offshore
de,h1594,0.6649651435236104,scr1982,avaConv,offshore
de,h1595,0.6388280156523697,scr1982,avaConv,offshore
de,h1596,0.5954552695561663,scr1982,avaConv,offshore
de,h1597,0.5575185204610248,scr1982,avaConv,offshore
de,h1598,0.5242787161925567,scr1982,avaConv,offshore
de,h1599,0.526147328607091,scr1982,avaConv,offshore
de,h1600,0.549111161698749,scr1982,avaConv,offshore
de,h1601,0.5838177398740018,scr1982,avaConv,offshore
de,h1602,0.6158705227187941,scr1982,avaConv,offshore
de,h1603,0.6343813649413943,scr1982,avaConv,offshore
de,h1604,0.6407541878739362,scr1982,avaConv,offshore
de,h1605,0.6239485747068713,scr1982,avaConv,offshore
de,h1606,0.5837225286586067,scr1982,avaConv,offshore
de,h1607,0.5269641305316299,scr1982,avaConv,offshore
de,h1608,0.4684337911144863,scr1982,avaConv,offshore
de,h1609,0.4080191389350516,scr1982,avaConv,offshore
de,h1610,0.3437668113219759,scr1982,avaConv,offshore
de,h1611,0.2816109171023264,scr1982,avaConv,offshore
de,h1612,0.23461192731221642,scr1982,avaConv,offshore
de,h1613,0.2011063747417161,scr1982,avaConv,offshore
de,h1614,0.18126840002290925,scr1982,avaConv,offshore
de,h1615,0.16730250077627928,scr1982,avaConv,offshore
de,h1616,0.15817008897684381,scr1982,avaConv,offshore
de,h1617,0.1504199742426281,scr1982,avaConv,offshore
de,h1618,0.14025847376046444,scr1982,avaConv,offshore
de,h1619,0.13257810059822261,scr1982,avaConv,offshore
de,h1620,0.12545076625171775,scr1982,avaConv,offshore
de,h1621,0.12124627831046159,scr1982,avaConv,offshore
de,h1622,0.12323658225266446,scr1982,avaConv,offshore
de,h1623,0.14155920248180467,scr1982,avaConv,offshore
de,h1624,0.17872277546537918,scr1982,avaConv,offshore
de,h1625,0.22256651326919846,scr1982,avaConv,offshore
de,h1626,0.2621361480029184,scr1982,avaConv,offshore
de,h1627,0.29410265108944106,scr1982,avaConv,offshore
de,h1628,0.3256954300548073,scr1982,avaConv,offshore
de,h1629,0.3663335846736813,scr1982,avaConv,offshore
de,h1630,0.41912096065046495,scr1982,avaConv,offshore
de,h1631,0.44874355026457696,scr1982,avaConv,offshore
de,h1632,0.4574859234615682,scr1982,avaConv,offshore
de,h1633,0.45186121184942823,scr1982,avaConv,offshore
de,h1634,0.46420205828621286,scr1982,avaConv,offshore
de,h1635,0.49547051751620474,scr1982,avaConv,offshore
de,h1636,0.5485696421147856,scr1982,avaConv,offshore
de,h1637,0.6118812048257768,scr1982,avaConv,offshore
de,h1638,0.6609137061498417,scr1982,avaConv,offshore
de,h1639,0.6707135207009067,scr1982,avaConv,offshore
de,h1640,0.6589476673771205,scr1982,avaConv,offshore
de,h1641,0.6482436457134088,scr1982,avaConv,offshore
de,h1642,0.6662248110175572,scr1982,avaConv,offshore
de,h1643,0.703618439783496,scr1982,avaConv,offshore
de,h1644,0.7394401618240799,scr1982,avaConv,offshore
de,h1645,0.7606769146412654,scr1982,avaConv,offshore
de,h1646,0.7633542293519748,scr1982,avaConv,offshore
de,h1647,0.7613054279805187,scr1982,avaConv,offshore
de,h1648,0.7545168102977395,scr1982,avaConv,offshore
de,h1649,0.7618371018686088,scr1982,avaConv,offshore
de,h1650,0.7885646584470026,scr1982,avaConv,offshore
de,h1651,0.829737710612944,scr1982,avaConv,offshore
de,h1652,0.8627858502496413,scr1982,avaConv,offshore
de,h1653,0.8829932164180064,scr1982,avaConv,offshore
de,h1654,0.8960212154318847,scr1982,avaConv,offshore
de,h1655,0.8988435956680446,scr1982,avaConv,offshore
de,h1656,0.8988807280388449,scr1982,avaConv,offshore
de,h1657,0.8893993812615413,scr1982,avaConv,offshore
de,h1658,0.8696595316013244,scr1982,avaConv,offshore
de,h1659,0.8289559489194573,scr1982,avaConv,offshore
de,h1660,0.7730200272789519,scr1982,avaConv,offshore
de,h1661,0.709376181349357,scr1982,avaConv,offshore
de,h1662,0.655270652879691,scr1982,avaConv,offshore
de,h1663,0.617728279441744,scr1982,avaConv,offshore
de,h1664,0.5642448532733603,scr1982,avaConv,offshore
de,h1665,0.478075627089247,scr1982,avaConv,offshore
de,h1666,0.37811125614254937,scr1982,avaConv,offshore
de,h1667,0.3041390228165354,scr1982,avaConv,offshore
de,h1668,0.2849214879758373,scr1982,avaConv,offshore
de,h1669,0.2769387708396603,scr1982,avaConv,offshore
de,h1670,0.2807462906591308,scr1982,avaConv,offshore
de,h1671,0.26419091973083664,scr1982,avaConv,offshore
de,h1672,0.25095725831280197,scr1982,avaConv,offshore
de,h1673,0.24228020415346285,scr1982,avaConv,offshore
de,h1674,0.2670069375992751,scr1982,avaConv,offshore
de,h1675,0.29575356298506184,scr1982,avaConv,offshore
de,h1676,0.31673560291039554,scr1982,avaConv,offshore
de,h1677,0.31009998656942417,scr1982,avaConv,offshore
de,h1678,0.33747278813296394,scr1982,avaConv,offshore
de,h1679,0.41035800103852327,scr1982,avaConv,offshore
de,h1680,0.5132150878062477,scr1982,avaConv,offshore
de,h1681,0.44196538856105744,scr1982,avaConv,offshore
de,h1682,0.3248946083108479,scr1982,avaConv,offshore
de,h1683,0.15708054804288918,scr1982,avaConv,offshore
de,h1684,0.15067964562433264,scr1982,avaConv,offshore
de,h1685,0.14833220232905775,scr1982,avaConv,offshore
de,h1686,0.1527962528046757,scr1982,avaConv,offshore
de,h1687,0.15835755561969198,scr1982,avaConv,offshore
de,h1688,0.16047366064240393,scr1982,avaConv,offshore
de,h1689,0.16435349849222491,scr1982,avaConv,offshore
de,h1690,0.17011344329152336,scr1982,avaConv,offshore
de,h1691,0.18449686573231242,scr1982,avaConv,offshore
de,h1692,0.19221669553258228,scr1982,avaConv,offshore
de,h1693,0.20922307903760134,scr1982,avaConv,offshore
de,h1694,0.22574526868314035,scr1982,avaConv,offshore
de,h1695,0.2476193820713381,scr1982,avaConv,offshore
de,h1696,0.27091190399685017,scr1982,avaConv,offshore
de,h1697,0.3174672136385097,scr1982,avaConv,offshore
de,h1698,0.3955180510205349,scr1982,avaConv,offshore
de,h1699,0.4782262314479269,scr1982,avaConv,offshore
de,h1700,0.5268905857368587,scr1982,avaConv,offshore
de,h1701,0.5335534672453025,scr1982,avaConv,offshore
de,h1702,0.5210805633460761,scr1982,avaConv,offshore
de,h1703,0.5258695725946733,scr1982,avaConv,offshore
de,h1704,0.5461010314461124,scr1982,avaConv,offshore
de,h1705,0.5694488557758827,scr1982,avaConv,offshore
de,h1706,0.5815352694429001,scr1982,avaConv,offshore
de,h1707,0.5856810969009091,scr1982,avaConv,offshore
de,h1708,0.5939068364013169,scr1982,avaConv,offshore
de,h1709,0.5972244274626817,scr1982,avaConv,offshore
de,h1710,0.598098571016928,scr1982,avaConv,offshore
de,h1711,0.5964758133314882,scr1982,avaConv,offshore
de,h1712,0.6056207655841741,scr1982,avaConv,offshore
de,h1713,0.6170028079665413,scr1982,avaConv,offshore
de,h1714,0.62199414804559,scr1982,avaConv,offshore
de,h1715,0.624716118396756,scr1982,avaConv,offshore
de,h1716,0.6271739205091065,scr1982,avaConv,offshore
de,h1717,0.628596881564963,scr1982,avaConv,offshore
de,h1718,0.6293287992477006,scr1982,avaConv,offshore
de,h1719,0.6409703731839343,scr1982,avaConv,offshore
de,h1720,0.6599518203802025,scr1982,avaConv,offshore
de,h1721,0.6625700194071757,scr1982,avaConv,offshore
de,h1722,0.6422315101008694,scr1982,avaConv,offshore
de,h1723,0.6131379422205708,scr1982,avaConv,offshore
de,h1724,0.5943814362304413,scr1982,avaConv,offshore
de,h1725,0.5851899635662074,scr1982,avaConv,offshore
de,h1726,0.576062748905178,scr1982,avaConv,offshore
de,h1727,0.5682489087464622,scr1982,avaConv,offshore
de,h1728,0.5511584347544509,scr1982,avaConv,offshore
de,h1729,0.5272724016222007,scr1982,avaConv,offshore
de,h1730,0.485879888797721,scr1982,avaConv,offshore
de,h1731,0.4537853743124226,scr1982,avaConv,offshore
de,h1732,0.44471452503658154,scr1982,avaConv,offshore
de,h1733,0.4674186574095151,scr1982,avaConv,offshore
de,h1734,0.4948644349662344,scr1982,avaConv,offshore
de,h1735,0.5011925621944409,scr1982,avaConv,offshore
de,h1736,0.48512955102217964,scr1982,avaConv,offshore
de,h1737,0.45570516915226655,scr1982,avaConv,offshore
de,h1738,0.428313863910366,scr1982,avaConv,offshore
de,h1739,0.39617544033614316,scr1982,avaConv,offshore
de,h1740,0.3687852772995648,scr1982,avaConv,offshore
de,h1741,0.34469026706214106,scr1982,avaConv,offshore
de,h1742,0.33056751307486965,scr1982,avaConv,offshore
de,h1743,0.31064862893260836,scr1982,avaConv,offshore
de,h1744,0.2839932504106906,scr1982,avaConv,offshore
de,h1745,0.2542203726273217,scr1982,avaConv,offshore
de,h1746,0.23141801442425614,scr1982,avaConv,offshore
de,h1747,0.21658922199404113,scr1982,avaConv,offshore
de,h1748,0.21970952791373768,scr1982,avaConv,offshore
de,h1749,0.25529396397134424,scr1982,avaConv,offshore
de,h1750,0.3240745441665784,scr1982,avaConv,offshore
de,h1751,0.4050328936778988,scr1982,avaConv,offshore
de,h1752,0.4725626113521818,scr1982,avaConv,offshore
de,h1753,0.5040567063889094,scr1982,avaConv,offshore
de,h1754,0.4894016798026723,scr1982,avaConv,offshore
de,h1755,0.44771196987855916,scr1982,avaConv,offshore
de,h1756,0.41031182309431713,scr1982,avaConv,offshore
de,h1757,0.3995377487896515,scr1982,avaConv,offshore
de,h1758,0.39521132271492376,scr1982,avaConv,offshore
de,h1759,0.37240814759815677,scr1982,avaConv,offshore
de,h1760,0.33539054928278944,scr1982,avaConv,offshore
de,h1761,0.3001078641433253,scr1982,avaConv,offshore
de,h1762,0.28717256202968083,scr1982,avaConv,offshore
de,h1763,0.3013317596456757,scr1982,avaConv,offshore
de,h1764,0.32928956898535017,scr1982,avaConv,offshore
de,h1765,0.36047754764686835,scr1982,avaConv,offshore
de,h1766,0.3837212336150939,scr1982,avaConv,offshore
de,h1767,0.4046828039269933,scr1982,avaConv,offshore
de,h1768,0.4243889411114004,scr1982,avaConv,offshore
de,h1769,0.434778985914042,scr1982,avaConv,offshore
de,h1770,0.4412704508349323,scr1982,avaConv,offshore
de,h1771,0.454734249543191,scr1982,avaConv,offshore
de,h1772,0.4896222029096065,scr1982,avaConv,offshore
de,h1773,0.5464844782206192,scr1982,avaConv,offshore
de,h1774,0.6140836441595766,scr1982,avaConv,offshore
de,h1775,0.6929365318859494,scr1982,avaConv,offshore
de,h1776,0.7409182629153755,scr1982,avaConv,offshore
de,h1777,0.7581469835766699,scr1982,avaConv,offshore
de,h1778,0.7420664562847524,scr1982,avaConv,offshore
de,h1779,0.727004545645966,scr1982,avaConv,offshore
de,h1780,0.7113348981513589,scr1982,avaConv,offshore
de,h1781,0.6877576210327923,scr1982,avaConv,offshore
de,h1782,0.6682705294981784,scr1982,avaConv,offshore
de,h1783,0.6609844872745092,scr1982,avaConv,offshore
de,h1784,0.6596942918714228,scr1982,avaConv,offshore
de,h1785,0.6471349263920402,scr1982,avaConv,offshore
de,h1786,0.6277753087946026,scr1982,avaConv,offshore
de,h1787,0.5873898245005874,scr1982,avaConv,offshore
de,h1788,0.5484934563162747,scr1982,avaConv,offshore
de,h1789,0.5029388480650692,scr1982,avaConv,offshore
de,h1790,0.4693005731426888,scr1982,avaConv,offshore
de,h1791,0.4493631384631503,scr1982,avaConv,offshore
de,h1792,0.4494301230326607,scr1982,avaConv,offshore
de,h1793,0.48046394293926714,scr1982,avaConv,offshore
de,h1794,0.5278609387052375,scr1982,avaConv,offshore
de,h1795,0.5884928691477981,scr1982,avaConv,offshore
de,h1796,0.6567663156361586,scr1982,avaConv,offshore
de,h1797,0.724024062657861,scr1982,avaConv,offshore
de,h1798,0.7784993855863414,scr1982,avaConv,offshore
de,h1799,0.8204449830545498,scr1982,avaConv,offshore
de,h1800,0.8377308835865057,scr1982,avaConv,offshore
de,h1801,0.8485788822097312,scr1982,avaConv,offshore
de,h1802,0.8417771209231762,scr1982,avaConv,offshore
de,h1803,0.8260281591103987,scr1982,avaConv,offshore
de,h1804,0.7701430029480565,scr1982,avaConv,offshore
de,h1805,0.6858731850957376,scr1982,avaConv,offshore
de,h1806,0.5979338451378924,scr1982,avaConv,offshore
de,h1807,0.5369240000403022,scr1982,avaConv,offshore
de,h1808,0.5052676077258076,scr1982,avaConv,offshore
de,h1809,0.4875180455331518,scr1982,avaConv,offshore
de,h1810,0.4898516801910624,scr1982,avaConv,offshore
de,h1811,0.5176592442462608,scr1982,avaConv,offshore
de,h1812,0.5377791247601581,scr1982,avaConv,offshore
de,h1813,0.5400525720054733,scr1982,avaConv,offshore
de,h1814,0.514509737594961,scr1982,avaConv,offshore
de,h1815,0.4939056356371627,scr1982,avaConv,offshore
de,h1816,0.4762598384998463,scr1982,avaConv,offshore
de,h1817,0.46532818869327947,scr1982,avaConv,offshore
de,h1818,0.46569417091126153,scr1982,avaConv,offshore
de,h1819,0.49509088805132484,scr1982,avaConv,offshore
de,h1820,0.5736509764318704,scr1982,avaConv,offshore
de,h1821,0.6808804305464421,scr1982,avaConv,offshore
de,h1822,0.7682780305127185,scr1982,avaConv,offshore
de,h1823,0.8132084070139688,scr1982,avaConv,offshore
de,h1824,0.8139749528675102,scr1982,avaConv,offshore
de,h1825,0.8064473624330408,scr1982,avaConv,offshore
de,h1826,0.7933400202999847,scr1982,avaConv,offshore
de,h1827,0.7790597412546841,scr1982,avaConv,offshore
de,h1828,0.7650701275325602,scr1982,avaConv,offshore
de,h1829,0.751166791710474,scr1982,avaConv,offshore
de,h1830,0.7159476635431684,scr1982,avaConv,offshore
de,h1831,0.6582964831262687,scr1982,avaConv,offshore
de,h1832,0.5968654476429396,scr1982,avaConv,offshore
de,h1833,0.5774861237590798,scr1982,avaConv,offshore
de,h1834,0.5687720743580204,scr1982,avaConv,offshore
de,h1835,0.5842619547969415,scr1982,avaConv,offshore
de,h1836,0.5706686373687743,scr1982,avaConv,offshore
de,h1837,0.5431102366298798,scr1982,avaConv,offshore
de,h1838,0.4677222305388015,scr1982,avaConv,offshore
de,h1839,0.39315215931052894,scr1982,avaConv,offshore
de,h1840,0.3274238027519631,scr1982,avaConv,offshore
de,h1841,0.2707027473321988,scr1982,avaConv,offshore
de,h1842,0.2197744917022655,scr1982,avaConv,offshore
de,h1843,0.1818017233683684,scr1982,avaConv,offshore
de,h1844,0.15981102751326715,scr1982,avaConv,offshore
de,h1845,0.1499618268524306,scr1982,avaConv,offshore
de,h1846,0.15600456653446632,scr1982,avaConv,offshore
de,h1847,0.18944876000268895,scr1982,avaConv,offshore
de,h1848,0.23351796451759246,scr1982,avaConv,offshore
de,h1849,0.4416651180279529,scr1982,avaConv,offshore
de,h1850,0.5990496608508821,scr1982,avaConv,offshore
de,h1851,0.7263359408345518,scr1982,avaConv,offshore
de,h1852,0.6976148126024794,scr1982,avaConv,offshore
de,h1853,0.6811728592624146,scr1982,avaConv,offshore
de,h1854,0.7291881193848488,scr1982,avaConv,offshore
de,h1855,0.804412662838598,scr1982,avaConv,offshore
de,h1856,0.8771702643291563,scr1982,avaConv,offshore
de,h1857,0.8976211388393407,scr1982,avaConv,offshore
de,h1858,0.8949777543991706,scr1982,avaConv,offshore
de,h1859,0.8869549440235701,scr1982,avaConv,offshore
de,h1860,0.8842686271228551,scr1982,avaConv,offshore
de,h1861,0.895988013846926,scr1982,avaConv,offshore
de,h1862,0.9142683731749568,scr1982,avaConv,offshore
de,h1863,0.9263305625698607,scr1982,avaConv,offshore
de,h1864,0.9237916025110624,scr1982,avaConv,offshore
de,h1865,0.9208430807640526,scr1982,avaConv,offshore
de,h1866,0.9232882732103078,scr1982,avaConv,offshore
de,h1867,0.9236336317643947,scr1982,avaConv,offshore
de,h1868,0.9117114522647304,scr1982,avaConv,offshore
de,h1869,0.8878017602176662,scr1982,avaConv,offshore
de,h1870,0.8604847943126976,scr1982,avaConv,offshore
de,h1871,0.877128266541612,scr1982,avaConv,offshore
de,h1872,0.8989229078301668,scr1982,avaConv,offshore
de,h1873,0.9296299277892788,scr1982,avaConv,offshore
de,h1874,0.9309339217164145,scr1982,avaConv,offshore
de,h1875,0.9370545690701766,scr1982,avaConv,offshore
de,h1876,0.9426717480874113,scr1982,avaConv,offshore
de,h1877,0.9453573593338854,scr1982,avaConv,offshore
de,h1878,0.9476455269817698,scr1982,avaConv,offshore
de,h1879,0.9489619719078873,scr1982,avaConv,offshore
de,h1880,0.949619584452184,scr1982,avaConv,offshore
de,h1881,0.9498231142701026,scr1982,avaConv,offshore
de,h1882,0.9499167616762089,scr1982,avaConv,offshore
de,h1883,0.9498838346362074,scr1982,avaConv,offshore
de,h1884,0.9497649760503794,scr1982,avaConv,offshore
de,h1885,0.9495247228181058,scr1982,avaConv,offshore
de,h1886,0.949197556664186,scr1982,avaConv,offshore
de,h1887,0.9487241405837714,scr1982,avaConv,offshore
de,h1888,0.9481257870526328,scr1982,avaConv,offshore
de,h1889,0.9475402513814293,scr1982,avaConv,offshore
de,h1890,0.9466970573977429,scr1982,avaConv,offshore
de,h1891,0.9445906718917636,scr1982,avaConv,offshore
de,h1892,0.9414178569207721,scr1982,avaConv,offshore
de,h1893,0.9404585118193921,scr1982,avaConv,offshore
de,h1894,0.9404430695630978,scr1982,avaConv,offshore
de,h1895,0.942332818695283,scr1982,avaConv,offshore
de,h1896,0.9349623611322655,scr1982,avaConv,offshore
de,h1897,0.9039997121427706,scr1982,avaConv,offshore
de,h1898,0.8257983351903897,scr1982,avaConv,offshore
de,h1899,0.6971534936656631,scr1982,avaConv,offshore
de,h1900,0.5637549209868553,scr1982,avaConv,offshore
de,h1901,0.467841736942922,scr1982,avaConv,offshore
de,h1902,0.4219824057753024,scr1982,avaConv,offshore
de,h1903,0.3966891472000632,scr1982,avaConv,offshore
de,h1904,0.38014924301304265,scr1982,avaConv,offshore
de,h1905,0.3706665896383493,scr1982,avaConv,offshore
de,h1906,0.36549290039678883,scr1982,avaConv,offshore
de,h1907,0.3789561266543296,scr1982,avaConv,offshore
de,h1908,0.3952535434074055,scr1982,avaConv,offshore
de,h1909,0.42492361962804,scr1982,avaConv,offshore
de,h1910,0.44761446539220956,scr1982,avaConv,offshore
de,h1911,0.4818963618041846,scr1982,avaConv,offshore
de,h1912,0.5150248791047213,scr1982,avaConv,offshore
de,h1913,0.5391700994023819,scr1982,avaConv,offshore
de,h1914,0.5450777760506471,scr1982,avaConv,offshore
de,h1915,0.5517376088600626,scr1982,avaConv,offshore
de,h1916,0.5679686119980775,scr1982,avaConv,offshore
de,h1917,0.6213759182044241,scr1982,avaConv,offshore
de,h1918,0.6885219683469418,scr1982,avaConv,offshore
de,h1919,0.7405158702934244,scr1982,avaConv,offshore
de,h1920,0.7559014608693053,scr1982,avaConv,offshore
de,h1921,0.7169433594571134,scr1982,avaConv,offshore
de,h1922,0.664778300521028,scr1982,avaConv,offshore
de,h1923,0.602644837887329,scr1982,avaConv,offshore
de,h1924,0.5546212881126491,scr1982,avaConv,offshore
de,h1925,0.5189981292191864,scr1982,avaConv,offshore
de,h1926,0.49789962495825035,scr1982,avaConv,offshore
de,h1927,0.4874441139982828,scr1982,avaConv,offshore
de,h1928,0.4827256787518312,scr1982,avaConv,offshore
de,h1929,0.49477656449010865,scr1982,avaConv,offshore
de,h1930,0.5295260450294167,scr1982,avaConv,offshore
de,h1931,0.547191556505891,scr1982,avaConv,offshore
de,h1932,0.5773522576066416,scr1982,avaConv,offshore
de,h1933,0.6132747645288993,scr1982,avaConv,offshore
de,h1934,0.6706862876203386,scr1982,avaConv,offshore
de,h1935,0.6982307464998402,scr1982,avaConv,offshore
de,h1936,0.6954565597825593,scr1982,avaConv,offshore
de,h1937,0.6640254399284896,scr1982,avaConv,offshore
de,h1938,0.6118908030879489,scr1982,avaConv,offshore
de,h1939,0.5456588925553247,scr1982,avaConv,offshore
de,h1940,0.4844719089658981,scr1982,avaConv,offshore
de,h1941,0.44111962606615807,scr1982,avaConv,offshore
de,h1942,0.42038601412107196,scr1982,avaConv,offshore
de,h1943,0.475658387156373,scr1982,avaConv,offshore
de,h1944,0.5395783112064533,scr1982,avaConv,offshore
de,h1945,0.6038901199860301,scr1982,avaConv,offshore
de,h1946,0.6081716498829132,scr1982,avaConv,offshore
de,h1947,0.5986613486273036,scr1982,avaConv,offshore
de,h1948,0.5791552870511599,scr1982,avaConv,offshore
de,h1949,0.557809703371911,scr1982,avaConv,offshore
de,h1950,0.5185137916810205,scr1982,avaConv,offshore
de,h1951,0.455594960370673,scr1982,avaConv,offshore
de,h1952,0.37294389561916946,scr1982,avaConv,offshore
de,h1953,0.2984050964354221,scr1982,avaConv,offshore
de,h1954,0.2440901491927261,scr1982,avaConv,offshore
de,h1955,0.215151905500028,scr1982,avaConv,offshore
de,h1956,0.20553370096237736,scr1982,avaConv,offshore
de,h1957,0.20817889062963255,scr1982,avaConv,offshore
de,h1958,0.22383779352160424,scr1982,avaConv,offshore
de,h1959,0.2696108454421934,scr1982,avaConv,offshore
de,h1960,0.3675014991299083,scr1982,avaConv,offshore
de,h1961,0.500018791695643,scr1982,avaConv,offshore
de,h1962,0.625051746630017,scr1982,avaConv,offshore
de,h1963,0.7026791946708945,scr1982,avaConv,offshore
de,h1964,0.7585994285299413,scr1982,avaConv,offshore
de,h1965,0.8074879070175132,scr1982,avaConv,offshore
de,h1966,0.8574119574464645,scr1982,avaConv,offshore
de,h1967,0.8862787758885081,scr1982,avaConv,offshore
de,h1968,0.8983757005810227,scr1982,avaConv,offshore
de,h1969,0.904247271702075,scr1982,avaConv,offshore
de,h1970,0.8999956484731825,scr1982,avaConv,offshore
de,h1971,0.8920755869464744,scr1982,avaConv,offshore
de,h1972,0.8692886242661808,scr1982,avaConv,offshore
de,h1973,0.8497123172654735,scr1982,avaConv,offshore
de,h1974,0.8448746178300243,scr1982,avaConv,offshore
de,h1975,0.854028081810158,scr1982,avaConv,offshore
de,h1976,0.8568122714393432,scr1982,avaConv,offshore
de,h1977,0.8454461175371817,scr1982,avaConv,offshore
de,h1978,0.837158017092221,scr1982,avaConv,offshore
de,h1979,0.8247634993883247,scr1982,avaConv,offshore
de,h1980,0.8264599382404303,scr1982,avaConv,offshore
de,h1981,0.8316962158540617,scr1982,avaConv,offshore
de,h1982,0.8362911146006742,scr1982,avaConv,offshore
de,h1983,0.8107363174765323,scr1982,avaConv,offshore
de,h1984,0.7796523823249253,scr1982,avaConv,offshore
de,h1985,0.7521001831862831,scr1982,avaConv,offshore
de,h1986,0.7418506465992984,scr1982,avaConv,offshore
de,h1987,0.7335355530194239,scr1982,avaConv,offshore
de,h1988,0.7276210299596005,scr1982,avaConv,offshore
de,h1989,0.7156317692448652,scr1982,avaConv,offshore
de,h1990,0.688838261857626,scr1982,avaConv,offshore
de,h1991,0.6950112255775721,scr1982,avaConv,offshore
de,h1992,0.686062653121257,scr1982,avaConv,offshore
de,h1993,0.6606119612360402,scr1982,avaConv,offshore
de,h1994,0.5882268356931095,scr1982,avaConv,offshore
de,h1995,0.5372624754373834,scr1982,avaConv,offshore
de,h1996,0.5021357006842767,scr1982,avaConv,offshore
de,h1997,0.47601749666006254,scr1982,avaConv,offshore
de,h1998,0.44551277582805515,scr1982,avaConv,offshore
de,h1999,0.42803913477650807,scr1982,avaConv,offshore
de,h2000,0.4263208001260161,scr1982,avaConv,offshore
de,h2001,0.43814693121577697,scr1982,avaConv,offshore
de,h2002,0.4558289787851822,scr1982,avaConv,offshore
de,h2003,0.4725555458537912,scr1982,avaConv,offshore
de,h2004,0.4711768980856917,scr1982,avaConv,offshore
de,h2005,0.4506359915402964,scr1982,avaConv,offshore
de,h2006,0.3986112188339451,scr1982,avaConv,offshore
de,h2007,0.33162793781761624,scr1982,avaConv,offshore
de,h2008,0.2667058459788767,scr1982,avaConv,offshore
de,h2009,0.22443608679718394,scr1982,avaConv,offshore
de,h2010,0.20807342759672937,scr1982,avaConv,offshore
de,h2011,0.2171925340626069,scr1982,avaConv,offshore
de,h2012,0.2400378905638663,scr1982,avaConv,offshore
de,h2013,0.2544076147625453,scr1982,avaConv,offshore
de,h2014,0.24993674238555505,scr1982,avaConv,offshore
de,h2015,0.204981423946635,scr1982,avaConv,offshore
de,h2016,0.16324667981779548,scr1982,avaConv,offshore
de,h2017,0.22650372668911886,scr1982,avaConv,offshore
de,h2018,0.33353493291272507,scr1982,avaConv,offshore
de,h2019,0.4412250346172001,scr1982,avaConv,offshore
de,h2020,0.46148505597633177,scr1982,avaConv,offshore
de,h2021,0.4605235287854597,scr1982,avaConv,offshore
de,h2022,0.4506092179318849,scr1982,avaConv,offshore
de,h2023,0.44323924249280605,scr1982,avaConv,offshore
de,h2024,0.44741404954024444,scr1982,avaConv,offshore
de,h2025,0.46266002021482255,scr1982,avaConv,offshore
de,h2026,0.4892842598022249,scr1982,avaConv,offshore
de,h2027,0.4964957484171812,scr1982,avaConv,offshore
de,h2028,0.49246877975093795,scr1982,avaConv,offshore
de,h2029,0.4740979911043242,scr1982,avaConv,offshore
de,h2030,0.4713834086494977,scr1982,avaConv,offshore
de,h2031,0.4832163598699958,scr1982,avaConv,offshore
de,h2032,0.5043374578584472,scr1982,avaConv,offshore
de,h2033,0.5219667813696616,scr1982,avaConv,offshore
de,h2034,0.5199972637319713,scr1982,avaConv,offshore
de,h2035,0.5030837675742906,scr1982,avaConv,offshore
de,h2036,0.48665302773523395,scr1982,avaConv,offshore
de,h2037,0.48776992738023467,scr1982,avaConv,offshore
de,h2038,0.5001476228232016,scr1982,avaConv,offshore
de,h2039,0.48703929002861174,scr1982,avaConv,offshore
de,h2040,0.44532101317214634,scr1982,avaConv,offshore
de,h2041,0.39150753275673517,scr1982,avaConv,offshore
de,h2042,0.35306843170453217,scr1982,avaConv,offshore
de,h2043,0.3298581184869043,scr1982,avaConv,offshore
de,h2044,0.33746426415858716,scr1982,avaConv,offshore
de,h2045,0.40232998660525254,scr1982,avaConv,offshore
de,h2046,0.49408001340537244,scr1982,avaConv,offshore
de,h2047,0.5402071484654412,scr1982,avaConv,offshore
de,h2048,0.5189585746532479,scr1982,avaConv,offshore
de,h2049,0.46590047386284367,scr1982,avaConv,offshore
de,h2050,0.4310055619800376,scr1982,avaConv,offshore
de,h2051,0.3970288495175026,scr1982,avaConv,offshore
de,h2052,0.35855383187829765,scr1982,avaConv,offshore
de,h2053,0.3142977891776681,scr1982,avaConv,offshore
de,h2054,0.29418315604882234,scr1982,avaConv,offshore
de,h2055,0.29235097076737054,scr1982,avaConv,offshore
de,h2056,0.2965508709427259,scr1982,avaConv,offshore
de,h2057,0.29011777757442797,scr1982,avaConv,offshore
de,h2058,0.272553388483791,scr1982,avaConv,offshore
de,h2059,0.25305988448718975,scr1982,avaConv,offshore
de,h2060,0.22712399170363687,scr1982,avaConv,offshore
de,h2061,0.19423228727402542,scr1982,avaConv,offshore
de,h2062,0.16003882877642459,scr1982,avaConv,offshore
de,h2063,0.1281663497384041,scr1982,avaConv,offshore
de,h2064,0.10652108080689365,scr1982,avaConv,offshore
de,h2065,0.08737071724685634,scr1982,avaConv,offshore
de,h2066,0.077038186701141,scr1982,avaConv,offshore
de,h2067,0.06229653986783455,scr1982,avaConv,offshore
de,h2068,0.04883514173335141,scr1982,avaConv,offshore
de,h2069,0.037923787080625625,scr1982,avaConv,offshore
de,h2070,0.03307130766713742,scr1982,avaConv,offshore
de,h2071,0.04413636557313071,scr1982,avaConv,offshore
de,h2072,0.07388067183255731,scr1982,avaConv,offshore
de,h2073,0.1176932686347114,scr1982,avaConv,offshore
de,h2074,0.174259080884127,scr1982,avaConv,offshore
de,h2075,0.22911071103340888,scr1982,avaConv,offshore
de,h2076,0.27747348543974715,scr1982,avaConv,offshore
de,h2077,0.30785043751658836,scr1982,avaConv,offshore
de,h2078,0.3307430488593269,scr1982,avaConv,offshore
de,h2079,0.3648287030960647,scr1982,avaConv,offshore
de,h2080,0.4155995830864953,scr1982,avaConv,offshore
de,h2081,0.47864715289953014,scr1982,avaConv,offshore
de,h2082,0.5291876619320676,scr1982,avaConv,offshore
de,h2083,0.5804244679875017,scr1982,avaConv,offshore
de,h2084,0.6418247574388282,scr1982,avaConv,offshore
de,h2085,0.7098397923001236,scr1982,avaConv,offshore
de,h2086,0.7651668482943501,scr1982,avaConv,offshore
de,h2087,0.7869703042277507,scr1982,avaConv,offshore
de,h2088,0.80211433338818,scr1982,avaConv,offshore
de,h2089,0.8082405609232668,scr1982,avaConv,offshore
de,h2090,0.795174728990246,scr1982,avaConv,offshore
de,h2091,0.7439846813373582,scr1982,avaConv,offshore
de,h2092,0.6489449602926617,scr1982,avaConv,offshore
de,h2093,0.5508211077902819,scr1982,avaConv,offshore
de,h2094,0.47246191955942335,scr1982,avaConv,offshore
de,h2095,0.42665138184874585,scr1982,avaConv,offshore
de,h2096,0.39254864331561556,scr1982,avaConv,offshore
de,h2097,0.3486184407141063,scr1982,avaConv,offshore
de,h2098,0.2913624655860184,scr1982,avaConv,offshore
de,h2099,0.23346902083365936,scr1982,avaConv,offshore
de,h2100,0.1997810857132956,scr1982,avaConv,offshore
de,h2101,0.20100933445885436,scr1982,avaConv,offshore
de,h2102,0.2208172993283694,scr1982,avaConv,offshore
de,h2103,0.2375901054248294,scr1982,avaConv,offshore
de,h2104,0.24087572490204548,scr1982,avaConv,offshore
de,h2105,0.22461884324479894,scr1982,avaConv,offshore
de,h2106,0.1927974908920572,scr1982,avaConv,offshore
de,h2107,0.15931111556958863,scr1982,avaConv,offshore
de,h2108,0.13568897334676167,scr1982,avaConv,offshore
de,h2109,0.11775788884862996,scr1982,avaConv,offshore
de,h2110,0.10158296286887818,scr1982,avaConv,offshore
de,h2111,0.09131629413119163,scr1982,avaConv,offshore
de,h2112,0.08668023472802888,scr1982,avaConv,offshore
de,h2113,0.08718650545154365,scr1982,avaConv,offshore
de,h2114,0.09214860412528401,scr1982,avaConv,offshore
de,h2115,0.10106035532801629,scr1982,avaConv,offshore
de,h2116,0.10694063359092998,scr1982,avaConv,offshore
de,h2117,0.10275493428690723,scr1982,avaConv,offshore
de,h2118,0.08876381585275969,scr1982,avaConv,offshore
de,h2119,0.07802688636486142,scr1982,avaConv,offshore
de,h2120,0.07991470481393959,scr1982,avaConv,offshore
de,h2121,0.09544919966712168,scr1982,avaConv,offshore
de,h2122,0.11668681208689288,scr1982,avaConv,offshore
de,h2123,0.13643685340781866,scr1982,avaConv,offshore
de,h2124,0.15484334907742872,scr1982,avaConv,offshore
de,h2125,0.17034496383462902,scr1982,avaConv,offshore
de,h2126,0.17723799061758666,scr1982,avaConv,offshore
de,h2127,0.1723358421711201,scr1982,avaConv,offshore
de,h2128,0.1529168545717991,scr1982,avaConv,offshore
de,h2129,0.1304242022213387,scr1982,avaConv,offshore
de,h2130,0.1089634100850691,scr1982,avaConv,offshore
de,h2131,0.09493437285092117,scr1982,avaConv,offshore
de,h2132,0.09022206158991788,scr1982,avaConv,offshore
de,h2133,0.09787090787914603,scr1982,avaConv,offshore
de,h2134,0.11618693679822416,scr1982,avaConv,offshore
de,h2135,0.12518820709323042,scr1982,avaConv,offshore
de,h2136,0.12188911114221201,scr1982,avaConv,offshore
de,h2137,0.10739604874630099,scr1982,avaConv,offshore
de,h2138,0.10127312516471672,scr1982,avaConv,offshore
de,h2139,0.10435770372314342,scr1982,avaConv,offshore
de,h2140,0.11116143849840857,scr1982,avaConv,offshore
de,h2141,0.12306481182399062,scr1982,avaConv,offshore
de,h2142,0.13691070299103641,scr1982,avaConv,offshore
de,h2143,0.15146093333241187,scr1982,avaConv,offshore
de,h2144,0.1621696970006166,scr1982,avaConv,offshore
de,h2145,0.1698016638322629,scr1982,avaConv,offshore
de,h2146,0.18442103254577846,scr1982,avaConv,offshore
de,h2147,0.19543563025264396,scr1982,avaConv,offshore
de,h2148,0.21692489179193777,scr1982,avaConv,offshore
de,h2149,0.23741511969394224,scr1982,avaConv,offshore
de,h2150,0.25840431982795187,scr1982,avaConv,offshore
de,h2151,0.26097863376051056,scr1982,avaConv,offshore
de,h2152,0.2530179784528697,scr1982,avaConv,offshore
de,h2153,0.24992570211120496,scr1982,avaConv,offshore
de,h2154,0.2622986714629857,scr1982,avaConv,offshore
de,h2155,0.28785649284461484,scr1982,avaConv,offshore
de,h2156,0.31781256350886905,scr1982,avaConv,offshore
de,h2157,0.3477947338329351,scr1982,avaConv,offshore
de,h2158,0.3688955646084602,scr1982,avaConv,offshore
de,h2159,0.3381050776452889,scr1982,avaConv,offshore
de,h2160,0.29512930410938737,scr1982,avaConv,offshore
dk_e,h1441,0.25135470895823764,scr1982,avaConv,offshore
dk_e,h1442,0.2401824708404697,scr1982,avaConv,offshore
dk_e,h1443,0.2142118059966673,scr1982,avaConv,offshore
dk_e,h1444,0.17829091000938574,scr1982,avaConv,offshore
dk_e,h1445,0.14329666506396907,scr1982,avaConv,offshore
dk_e,h1446,0.11292098499238326,scr1982,avaConv,offshore
dk_e,h1447,0.08833109529054022,scr1982,avaConv,offshore
dk_e,h1448,0.0693552899762281,scr1982,avaConv,offshore
dk_e,h1449,0.05364673367235091,scr1982,avaConv,offshore
dk_e,h1450,0.03787284801716065,scr1982,avaConv,offshore
dk_e,h1451,0.02569937214345061,scr1982,avaConv,offshore
dk_e,h1452,0.020061221078696973,scr1982,avaConv,offshore
dk_e,h1453,0.017091816084546078,scr1982,avaConv,offshore
dk_e,h1454,0.0135484342746419,scr1982,avaConv,offshore
dk_e,h1455,0.008783415124832751,scr1982,avaConv,offshore
dk_e,h1456,0.008214559769823415,scr1982,avaConv,offshore
dk_e,h1457,0.008039543612735756,scr1982,avaConv,offshore
dk_e,h1458,0.005948422752772999,scr1982,avaConv,offshore
dk_e,h1459,0.002472032715550729,scr1982,avaConv,offshore
dk_e,h1460,0.0035776099576900647,scr1982,avaConv,offshore
dk_e,h1461,0.022332289696451454,scr1982,avaConv,offshore
dk_e,h1462,0.060396242995870875,scr1982,avaConv,offshore
dk_e,h1463,0.10995517091559971,scr1982,avaConv,offshore
dk_e,h1464,0.17144954501351936,scr1982,avaConv,offshore
dk_e,h1465,0.24959049092575902,scr1982,avaConv,offshore
dk_e,h1466,0.33686778923851773,scr1982,avaConv,offshore
dk_e,h1467,0.4240827177180336,scr1982,avaConv,offshore
dk_e,h1468,0.5089495577712159,scr1982,avaConv,offshore
dk_e,h1469,0.5818380217220437,scr1982,avaConv,offshore
dk_e,h1470,0.6391469557094941,scr1982,avaConv,offshore
dk_e,h1471,0.677069404522734,scr1982,avaConv,offshore
dk_e,h1472,0.7031860096585065,scr1982,avaConv,offshore
dk_e,h1473,0.7298110878545723,scr1982,avaConv,offshore
dk_e,h1474,0.7524200704877879,scr1982,avaConv,offshore
dk_e,h1475,0.7515520707622267,scr1982,avaConv,offshore
dk_e,h1476,0.7386844257093512,scr1982,avaConv,offshore
dk_e,h1477,0.7111255903150661,scr1982,avaConv,offshore
dk_e,h1478,0.6733456835179834,scr1982,avaConv,offshore
dk_e,h1479,0.598296740363418,scr1982,avaConv,offshore
dk_e,h1480,0.480877264351304,scr1982,avaConv,offshore
dk_e,h1481,0.36140175760682325,scr1982,avaConv,offshore
dk_e,h1482,0.2718487443444497,scr1982,avaConv,offshore
dk_e,h1483,0.2332512501918655,scr1982,avaConv,offshore
dk_e,h1484,0.24004795704598222,scr1982,avaConv,offshore
dk_e,h1485,0.28354445102306786,scr1982,avaConv,offshore
dk_e,h1486,0.35299021974977124,scr1982,avaConv,offshore
dk_e,h1487,0.3994331264479348,scr1982,avaConv,offshore
dk_e,h1488,0.4330442989964037,scr1982,avaConv,offshore
dk_e,h1489,0.4493100930012475,scr1982,avaConv,offshore
dk_e,h1490,0.4705143383569354,scr1982,avaConv,offshore
dk_e,h1491,0.4767657782154398,scr1982,avaConv,offshore
dk_e,h1492,0.47500189043830365,scr1982,avaConv,offshore
dk_e,h1493,0.4878631065267766,scr1982,avaConv,offshore
dk_e,h1494,0.5135583077890868,scr1982,avaConv,offshore
dk_e,h1495,0.5503276075849941,scr1982,avaConv,offshore
dk_e,h1496,0.5909850830148621,scr1982,avaConv,offshore
dk_e,h1497,0.6220973095630864,scr1982,avaConv,offshore
dk_e,h1498,0.6343166539723752,scr1982,avaConv,offshore
dk_e,h1499,0.5916503634573721,scr1982,avaConv,offshore
dk_e,h1500,0.5354826490505927,scr1982,avaConv,offshore
dk_e,h1501,0.455799537075831,scr1982,avaConv,offshore
dk_e,h1502,0.40118950875969134,scr1982,avaConv,offshore
dk_e,h1503,0.3393662749611623,scr1982,avaConv,offshore
dk_e,h1504,0.2873496472616274,scr1982,avaConv,offshore
dk_e,h1505,0.24154192479191486,scr1982,avaConv,offshore
dk_e,h1506,0.2062169136125505,scr1982,avaConv,offshore
dk_e,h1507,0.18214612101467087,scr1982,avaConv,offshore
dk_e,h1508,0.1642678759932528,scr1982,avaConv,offshore
dk_e,h1509,0.14570258798880217,scr1982,avaConv,offshore
dk_e,h1510,0.12142434584386742,scr1982,avaConv,offshore
dk_e,h1511,0.08406679129968807,scr1982,avaConv,offshore
dk_e,h1512,0.046444470275898375,scr1982,avaConv,offshore
dk_e,h1513,0.12108666347825127,scr1982,avaConv,offshore
dk_e,h1514,0.18121580759229114,scr1982,avaConv,offshore
dk_e,h1515,0.2255020954325948,scr1982,avaConv,offshore
dk_e,h1516,0.1764480493489227,scr1982,avaConv,offshore
dk_e,h1517,0.14453908392148593,scr1982,avaConv,offshore
dk_e,h1518,0.11994987640125324,scr1982,avaConv,offshore
dk_e,h1519,0.0904205239499779,scr1982,avaConv,offshore
dk_e,h1520,0.05909198757160691,scr1982,avaConv,offshore
dk_e,h1521,0.036621723666036575,scr1982,avaConv,offshore
dk_e,h1522,0.02520020549297902,scr1982,avaConv,offshore
dk_e,h1523,0.016583685069801696,scr1982,avaConv,offshore
dk_e,h1524,0.008264314724636734,scr1982,avaConv,offshore
dk_e,h1525,0.0016175377362249207,scr1982,avaConv,offshore
dk_e,h1526,0.000572494204620649,scr1982,avaConv,offshore
dk_e,h1527,0.0006771731796196726,scr1982,avaConv,offshore
dk_e,h1528,0.0006641924876971916,scr1982,avaConv,offshore
dk_e,h1529,0.00044458795954346224,scr1982,avaConv,offshore
dk_e,h1530,0.00019867509139365796,scr1982,avaConv,offshore
dk_e,h1531,0.0,scr1982,avaConv,offshore
dk_e,h1532,0.0013334962942522018,scr1982,avaConv,offshore
dk_e,h1533,0.0071799199317771146,scr1982,avaConv,offshore
dk_e,h1534,0.02008977790105463,scr1982,avaConv,offshore
dk_e,h1535,0.03552517429269638,scr1982,avaConv,offshore
dk_e,h1536,0.060340681742220174,scr1982,avaConv,offshore
dk_e,h1537,0.09747068597455506,scr1982,avaConv,offshore
dk_e,h1538,0.1588886008972147,scr1982,avaConv,offshore
dk_e,h1539,0.24159904679297686,scr1982,avaConv,offshore
dk_e,h1540,0.32358702400895295,scr1982,avaConv,offshore
dk_e,h1541,0.3720618003133051,scr1982,avaConv,offshore
dk_e,h1542,0.39760174823627686,scr1982,avaConv,offshore
dk_e,h1543,0.4234558250323165,scr1982,avaConv,offshore
dk_e,h1544,0.46161802165281074,scr1982,avaConv,offshore
dk_e,h1545,0.5165878507838079,scr1982,avaConv,offshore
dk_e,h1546,0.5901712381273808,scr1982,avaConv,offshore
dk_e,h1547,0.6540575783352712,scr1982,avaConv,offshore
dk_e,h1548,0.6858353308614465,scr1982,avaConv,offshore
dk_e,h1549,0.6699715538441795,scr1982,avaConv,offshore
dk_e,h1550,0.6492561621556625,scr1982,avaConv,offshore
dk_e,h1551,0.6229254149503572,scr1982,avaConv,offshore
dk_e,h1552,0.6029142928937101,scr1982,avaConv,offshore
dk_e,h1553,0.6089880897372594,scr1982,avaConv,offshore
dk_e,h1554,0.6474460127921764,scr1982,avaConv,offshore
dk_e,h1555,0.7018394308443819,scr1982,avaConv,offshore
dk_e,h1556,0.7364682194654358,scr1982,avaConv,offshore
dk_e,h1557,0.7375419231443435,scr1982,avaConv,offshore
dk_e,h1558,0.6956435590809431,scr1982,avaConv,offshore
dk_e,h1559,0.6156135465818449,scr1982,avaConv,offshore
dk_e,h1560,0.503787437478235,scr1982,avaConv,offshore
dk_e,h1561,0.38921389574147164,scr1982,avaConv,offshore
dk_e,h1562,0.28023656307432343,scr1982,avaConv,offshore
dk_e,h1563,0.18847831755160305,scr1982,avaConv,offshore
dk_e,h1564,0.1105521958612153,scr1982,avaConv,offshore
dk_e,h1565,0.05624883674824658,scr1982,avaConv,offshore
dk_e,h1566,0.033735955041610505,scr1982,avaConv,offshore
dk_e,h1567,0.04451124311774316,scr1982,avaConv,offshore
dk_e,h1568,0.07152939956651448,scr1982,avaConv,offshore
dk_e,h1569,0.09749592282899279,scr1982,avaConv,offshore
dk_e,h1570,0.11447511925479645,scr1982,avaConv,offshore
dk_e,h1571,0.11226343782702791,scr1982,avaConv,offshore
dk_e,h1572,0.09985156754638101,scr1982,avaConv,offshore
dk_e,h1573,0.08732531331462533,scr1982,avaConv,offshore
dk_e,h1574,0.09501194990433245,scr1982,avaConv,offshore
dk_e,h1575,0.11664918704078604,scr1982,avaConv,offshore
dk_e,h1576,0.1466062972567257,scr1982,avaConv,offshore
dk_e,h1577,0.1649646481364884,scr1982,avaConv,offshore
dk_e,h1578,0.16512821037403203,scr1982,avaConv,offshore
dk_e,h1579,0.15887697897756942,scr1982,avaConv,offshore
dk_e,h1580,0.17594106371016957,scr1982,avaConv,offshore
dk_e,h1581,0.20082802993771154,scr1982,avaConv,offshore
dk_e,h1582,0.2043910886072758,scr1982,avaConv,offshore
dk_e,h1583,0.17220023375063556,scr1982,avaConv,offshore
dk_e,h1584,0.13364960365876236,scr1982,avaConv,offshore
dk_e,h1585,0.10450554290173969,scr1982,avaConv,offshore
dk_e,h1586,0.08421606881307027,scr1982,avaConv,offshore
dk_e,h1587,0.07304482367404365,scr1982,avaConv,offshore
dk_e,h1588,0.07429045340127147,scr1982,avaConv,offshore
dk_e,h1589,0.0884183998336867,scr1982,avaConv,offshore
dk_e,h1590,0.10469866158207342,scr1982,avaConv,offshore
dk_e,h1591,0.11841880542762721,scr1982,avaConv,offshore
dk_e,h1592,0.12878973309526026,scr1982,avaConv,offshore
dk_e,h1593,0.13641486840998154,scr1982,avaConv,offshore
dk_e,h1594,0.13632392787299583,scr1982,avaConv,offshore
dk_e,h1595,0.13700412315994479,scr1982,avaConv,offshore
dk_e,h1596,0.12827674758879118,scr1982,avaConv,offshore
dk_e,h1597,0.12198614127678127,scr1982,avaConv,offshore
dk_e,h1598,0.10983892981736029,scr1982,avaConv,offshore
dk_e,h1599,0.1047483231265588,scr1982,avaConv,offshore
dk_e,h1600,0.10680789755892123,scr1982,avaConv,offshore
dk_e,h1601,0.11288752082531785,scr1982,avaConv,offshore
dk_e,h1602,0.12027437401842618,scr1982,avaConv,offshore
dk_e,h1603,0.12166149826536551,scr1982,avaConv,offshore
dk_e,h1604,0.1250676614396138,scr1982,avaConv,offshore
dk_e,h1605,0.1348431664010823,scr1982,avaConv,offshore
dk_e,h1606,0.15628560116516185,scr1982,avaConv,offshore
dk_e,h1607,0.1820127442269332,scr1982,avaConv,offshore
dk_e,h1608,0.209728079724863,scr1982,avaConv,offshore
dk_e,h1609,0.22409393518089454,scr1982,avaConv,offshore
dk_e,h1610,0.21071809165229816,scr1982,avaConv,offshore
dk_e,h1611,0.1657166941339698,scr1982,avaConv,offshore
dk_e,h1612,0.1159571230254506,scr1982,avaConv,offshore
dk_e,h1613,0.09784598654692059,scr1982,avaConv,offshore
dk_e,h1614,0.11498411221616378,scr1982,avaConv,offshore
dk_e,h1615,0.1406588983351634,scr1982,avaConv,offshore
dk_e,h1616,0.16170596213674612,scr1982,avaConv,offshore
dk_e,h1617,0.17877059264921455,scr1982,avaConv,offshore
dk_e,h1618,0.18657133817994384,scr1982,avaConv,offshore
dk_e,h1619,0.20394070014365476,scr1982,avaConv,offshore
dk_e,h1620,0.24349221951521763,scr1982,avaConv,offshore
dk_e,h1621,0.28900066272502906,scr1982,avaConv,offshore
dk_e,h1622,0.3122302423058272,scr1982,avaConv,offshore
dk_e,h1623,0.30956954953832105,scr1982,avaConv,offshore
dk_e,h1624,0.3048906924979209,scr1982,avaConv,offshore
dk_e,h1625,0.3174296372982463,scr1982,avaConv,offshore
dk_e,h1626,0.3436036410464107,scr1982,avaConv,offshore
dk_e,h1627,0.3882620748968781,scr1982,avaConv,offshore
dk_e,h1628,0.4363323013910608,scr1982,avaConv,offshore
dk_e,h1629,0.4806437126482161,scr1982,avaConv,offshore
dk_e,h1630,0.5282139858140198,scr1982,avaConv,offshore
dk_e,h1631,0.5353309573235825,scr1982,avaConv,offshore
dk_e,h1632,0.5484945923011885,scr1982,avaConv,offshore
dk_e,h1633,0.5440540290748234,scr1982,avaConv,offshore
dk_e,h1634,0.5354636550398936,scr1982,avaConv,offshore
dk_e,h1635,0.4934457944583696,scr1982,avaConv,offshore
dk_e,h1636,0.44841710319738515,scr1982,avaConv,offshore
dk_e,h1637,0.4478658903917335,scr1982,avaConv,offshore
dk_e,h1638,0.4800389421297168,scr1982,avaConv,offshore
dk_e,h1639,0.5113413695789734,scr1982,avaConv,offshore
dk_e,h1640,0.5231989992215275,scr1982,avaConv,offshore
dk_e,h1641,0.50408278547856,scr1982,avaConv,offshore
dk_e,h1642,0.4913162774078325,scr1982,avaConv,offshore
dk_e,h1643,0.5140632958966206,scr1982,avaConv,offshore
dk_e,h1644,0.5510964035770777,scr1982,avaConv,offshore
dk_e,h1645,0.5981210562720527,scr1982,avaConv,offshore
dk_e,h1646,0.6292388788071768,scr1982,avaConv,offshore
dk_e,h1647,0.6656696836173743,scr1982,avaConv,offshore
dk_e,h1648,0.6933234351665551,scr1982,avaConv,offshore
dk_e,h1649,0.7230790810202598,scr1982,avaConv,offshore
dk_e,h1650,0.7535912845753735,scr1982,avaConv,offshore
dk_e,h1651,0.7746590237191434,scr1982,avaConv,offshore
dk_e,h1652,0.7847949070263702,scr1982,avaConv,offshore
dk_e,h1653,0.7920306620816931,scr1982,avaConv,offshore
dk_e,h1654,0.7887797910220529,scr1982,avaConv,offshore
dk_e,h1655,0.7654611802429153,scr1982,avaConv,offshore
dk_e,h1656,0.7326639120513023,scr1982,avaConv,offshore
dk_e,h1657,0.6967888281743904,scr1982,avaConv,offshore
dk_e,h1658,0.6624121736088754,scr1982,avaConv,offshore
dk_e,h1659,0.6235629023301724,scr1982,avaConv,offshore
dk_e,h1660,0.6018435939593937,scr1982,avaConv,offshore
dk_e,h1661,0.5789720347456747,scr1982,avaConv,offshore
dk_e,h1662,0.5373148864666486,scr1982,avaConv,offshore
dk_e,h1663,0.4806880302369296,scr1982,avaConv,offshore
dk_e,h1664,0.4352865923357047,scr1982,avaConv,offshore
dk_e,h1665,0.42148880773121294,scr1982,avaConv,offshore
dk_e,h1666,0.42579273098316933,scr1982,avaConv,offshore
dk_e,h1667,0.43108747410438303,scr1982,avaConv,offshore
dk_e,h1668,0.43702249354223205,scr1982,avaConv,offshore
dk_e,h1669,0.44243457020568233,scr1982,avaConv,offshore
dk_e,h1670,0.46457990854671777,scr1982,avaConv,offshore
dk_e,h1671,0.5149483348629842,scr1982,avaConv,offshore
dk_e,h1672,0.5876479257289299,scr1982,avaConv,offshore
dk_e,h1673,0.643784241907737,scr1982,avaConv,offshore
dk_e,h1674,0.664871927469871,scr1982,avaConv,offshore
dk_e,h1675,0.6818696308635809,scr1982,avaConv,offshore
dk_e,h1676,0.7284786863210663,scr1982,avaConv,offshore
dk_e,h1677,0.7927115022424464,scr1982,avaConv,offshore
dk_e,h1678,0.8376483166043384,scr1982,avaConv,offshore
dk_e,h1679,0.7783438134156998,scr1982,avaConv,offshore
dk_e,h1680,0.6700682263155575,scr1982,avaConv,offshore
dk_e,h1681,0.4025910371275577,scr1982,avaConv,offshore
dk_e,h1682,0.2016108535490925,scr1982,avaConv,offshore
dk_e,h1683,0.011909804285583319,scr1982,avaConv,offshore
dk_e,h1684,0.014812443212700524,scr1982,avaConv,offshore
dk_e,h1685,0.014500159247298002,scr1982,avaConv,offshore
dk_e,h1686,0.010412914357146011,scr1982,avaConv,offshore
dk_e,h1687,0.004901103741170608,scr1982,avaConv,offshore
dk_e,h1688,0.0011585776305029064,scr1982,avaConv,offshore
dk_e,h1689,0.0005215876493573973,scr1982,avaConv,offshore
dk_e,h1690,0.0015808679258757761,scr1982,avaConv,offshore
dk_e,h1691,0.0014933849169613362,scr1982,avaConv,offshore
dk_e,h1692,0.0011786271824487417,scr1982,avaConv,offshore
dk_e,h1693,0.00021771004847390748,scr1982,avaConv,offshore
dk_e,h1694,0.0005625752986106828,scr1982,avaConv,offshore
dk_e,h1695,0.0009822561859694412,scr1982,avaConv,offshore
dk_e,h1696,0.0012987290313551903,scr1982,avaConv,offshore
dk_e,h1697,0.0014511625550930219,scr1982,avaConv,offshore
dk_e,h1698,0.001510077305002736,scr1982,avaConv,offshore
dk_e,h1699,0.0018512828287515389,scr1982,avaConv,offshore
dk_e,h1700,0.002774041136763551,scr1982,avaConv,offshore
dk_e,h1701,0.006172174200153684,scr1982,avaConv,offshore
dk_e,h1702,0.016985842418405856,scr1982,avaConv,offshore
dk_e,h1703,0.02417590857179482,scr1982,avaConv,offshore
dk_e,h1704,0.026848013534351865,scr1982,avaConv,offshore
dk_e,h1705,0.019648640374356412,scr1982,avaConv,offshore
dk_e,h1706,0.014189472528927249,scr1982,avaConv,offshore
dk_e,h1707,0.017022728431672983,scr1982,avaConv,offshore
dk_e,h1708,0.033652897218807376,scr1982,avaConv,offshore
dk_e,h1709,0.05763077041538406,scr1982,avaConv,offshore
dk_e,h1710,0.0774676888212085,scr1982,avaConv,offshore
dk_e,h1711,0.08001551089186211,scr1982,avaConv,offshore
dk_e,h1712,0.06473902372466686,scr1982,avaConv,offshore
dk_e,h1713,0.0405839394173709,scr1982,avaConv,offshore
dk_e,h1714,0.024642298449784012,scr1982,avaConv,offshore
dk_e,h1715,0.03474429484412672,scr1982,avaConv,offshore
dk_e,h1716,0.07149181115631761,scr1982,avaConv,offshore
dk_e,h1717,0.12848823580200164,scr1982,avaConv,offshore
dk_e,h1718,0.1887157701176388,scr1982,avaConv,offshore
dk_e,h1719,0.24138796601073859,scr1982,avaConv,offshore
dk_e,h1720,0.2880310279183028,scr1982,avaConv,offshore
dk_e,h1721,0.3235331603585612,scr1982,avaConv,offshore
dk_e,h1722,0.34291137290629625,scr1982,avaConv,offshore
dk_e,h1723,0.3420308387401543,scr1982,avaConv,offshore
dk_e,h1724,0.3270328401937856,scr1982,avaConv,offshore
dk_e,h1725,0.3109701438667882,scr1982,avaConv,offshore
dk_e,h1726,0.29630971060043804,scr1982,avaConv,offshore
dk_e,h1727,0.28428068510959487,scr1982,avaConv,offshore
dk_e,h1728,0.26996646380376904,scr1982,avaConv,offshore
dk_e,h1729,0.24979384523493398,scr1982,avaConv,offshore
dk_e,h1730,0.2262509102713883,scr1982,avaConv,offshore
dk_e,h1731,0.20537900242209953,scr1982,avaConv,offshore
dk_e,h1732,0.19109115993756792,scr1982,avaConv,offshore
dk_e,h1733,0.17992174250144377,scr1982,avaConv,offshore
dk_e,h1734,0.16792159243731294,scr1982,avaConv,offshore
dk_e,h1735,0.150869164819865,scr1982,avaConv,offshore
dk_e,h1736,0.13228552776804248,scr1982,avaConv,offshore
dk_e,h1737,0.10949386499452718,scr1982,avaConv,offshore
dk_e,h1738,0.08637413206545036,scr1982,avaConv,offshore
dk_e,h1739,0.06803095043174676,scr1982,avaConv,offshore
dk_e,h1740,0.06142145907553705,scr1982,avaConv,offshore
dk_e,h1741,0.0641846984591347,scr1982,avaConv,offshore
dk_e,h1742,0.07076709285327189,scr1982,avaConv,offshore
dk_e,h1743,0.07535146474129,scr1982,avaConv,offshore
dk_e,h1744,0.07496636751196542,scr1982,avaConv,offshore
dk_e,h1745,0.0655306036671264,scr1982,avaConv,offshore
dk_e,h1746,0.05113316211745262,scr1982,avaConv,offshore
dk_e,h1747,0.03835906826542692,scr1982,avaConv,offshore
dk_e,h1748,0.03537702907979576,scr1982,avaConv,offshore
dk_e,h1749,0.04691229868425581,scr1982,avaConv,offshore
dk_e,h1750,0.07584432955019708,scr1982,avaConv,offshore
dk_e,h1751,0.1152636351308254,scr1982,avaConv,offshore
dk_e,h1752,0.15683775702108949,scr1982,avaConv,offshore
dk_e,h1753,0.1728646855533657,scr1982,avaConv,offshore
dk_e,h1754,0.16274371084807268,scr1982,avaConv,offshore
dk_e,h1755,0.14744133908193627,scr1982,avaConv,offshore
dk_e,h1756,0.14892661594332693,scr1982,avaConv,offshore
dk_e,h1757,0.16882383012021518,scr1982,avaConv,offshore
dk_e,h1758,0.18357225202274063,scr1982,avaConv,offshore
dk_e,h1759,0.18626475892448274,scr1982,avaConv,offshore
dk_e,h1760,0.18104508350039322,scr1982,avaConv,offshore
dk_e,h1761,0.17081267251177157,scr1982,avaConv,offshore
dk_e,h1762,0.17050809428640518,scr1982,avaConv,offshore
dk_e,h1763,0.17228998677930546,scr1982,avaConv,offshore
dk_e,h1764,0.1889183524118504,scr1982,avaConv,offshore
dk_e,h1765,0.21897487146961797,scr1982,avaConv,offshore
dk_e,h1766,0.26923839690759743,scr1982,avaConv,offshore
dk_e,h1767,0.3185448378483585,scr1982,avaConv,offshore
dk_e,h1768,0.35898248910531444,scr1982,avaConv,offshore
dk_e,h1769,0.38413825274303154,scr1982,avaConv,offshore
dk_e,h1770,0.40222407169071417,scr1982,avaConv,offshore
dk_e,h1771,0.4092213830834329,scr1982,avaConv,offshore
dk_e,h1772,0.41297261485162695,scr1982,avaConv,offshore
dk_e,h1773,0.4082003808062255,scr1982,avaConv,offshore
dk_e,h1774,0.4021454829483526,scr1982,avaConv,offshore
dk_e,h1775,0.3907653906818345,scr1982,avaConv,offshore
dk_e,h1776,0.38195780753484576,scr1982,avaConv,offshore
dk_e,h1777,0.3762082017221967,scr1982,avaConv,offshore
dk_e,h1778,0.37941222551903986,scr1982,avaConv,offshore
dk_e,h1779,0.3777784690100191,scr1982,avaConv,offshore
dk_e,h1780,0.3633532901043666,scr1982,avaConv,offshore
dk_e,h1781,0.33406449017623335,scr1982,avaConv,offshore
dk_e,h1782,0.30488010397600057,scr1982,avaConv,offshore
dk_e,h1783,0.2891325784267771,scr1982,avaConv,offshore
dk_e,h1784,0.2877823301717981,scr1982,avaConv,offshore
dk_e,h1785,0.29280340261752474,scr1982,avaConv,offshore
dk_e,h1786,0.30745709919955005,scr1982,avaConv,offshore
dk_e,h1787,0.31409786557460695,scr1982,avaConv,offshore
dk_e,h1788,0.3388106325963516,scr1982,avaConv,offshore
dk_e,h1789,0.36700509190819697,scr1982,avaConv,offshore
dk_e,h1790,0.41042828050516394,scr1982,avaConv,offshore
dk_e,h1791,0.4527069000629361,scr1982,avaConv,offshore
dk_e,h1792,0.48992930596381384,scr1982,avaConv,offshore
dk_e,h1793,0.5173596502046031,scr1982,avaConv,offshore
dk_e,h1794,0.5326024343860021,scr1982,avaConv,offshore
dk_e,h1795,0.5460266084178849,scr1982,avaConv,offshore
dk_e,h1796,0.5673237451136565,scr1982,avaConv,offshore
dk_e,h1797,0.5920454583641924,scr1982,avaConv,offshore
dk_e,h1798,0.6142094615504198,scr1982,avaConv,offshore
dk_e,h1799,0.62304756749898,scr1982,avaConv,offshore
dk_e,h1800,0.6213164463587438,scr1982,avaConv,offshore
dk_e,h1801,0.6121708908431056,scr1982,avaConv,offshore
dk_e,h1802,0.603012783426946,scr1982,avaConv,offshore
dk_e,h1803,0.5893936078049726,scr1982,avaConv,offshore
dk_e,h1804,0.5715086506903867,scr1982,avaConv,offshore
dk_e,h1805,0.5452387402428417,scr1982,avaConv,offshore
dk_e,h1806,0.5168037948094296,scr1982,avaConv,offshore
dk_e,h1807,0.49090624430026236,scr1982,avaConv,offshore
dk_e,h1808,0.4695764732543348,scr1982,avaConv,offshore
dk_e,h1809,0.45435775843789283,scr1982,avaConv,offshore
dk_e,h1810,0.4535283220577879,scr1982,avaConv,offshore
dk_e,h1811,0.4532036290273229,scr1982,avaConv,offshore
dk_e,h1812,0.4757338241391564,scr1982,avaConv,offshore
dk_e,h1813,0.5089556170343773,scr1982,avaConv,offshore
dk_e,h1814,0.5613367823687526,scr1982,avaConv,offshore
dk_e,h1815,0.6052501923358071,scr1982,avaConv,offshore
dk_e,h1816,0.637690874759555,scr1982,avaConv,offshore
dk_e,h1817,0.6615446894468712,scr1982,avaConv,offshore
dk_e,h1818,0.6811969690930577,scr1982,avaConv,offshore
dk_e,h1819,0.6973643375406442,scr1982,avaConv,offshore
dk_e,h1820,0.7132955474892201,scr1982,avaConv,offshore
dk_e,h1821,0.731024778621522,scr1982,avaConv,offshore
dk_e,h1822,0.7412984107302193,scr1982,avaConv,offshore
dk_e,h1823,0.7285457506278432,scr1982,avaConv,offshore
dk_e,h1824,0.6991692731815514,scr1982,avaConv,offshore
dk_e,h1825,0.6638318391625991,scr1982,avaConv,offshore
dk_e,h1826,0.6248615087536021,scr1982,avaConv,offshore
dk_e,h1827,0.5837558667321374,scr1982,avaConv,offshore
dk_e,h1828,0.5423473017739509,scr1982,avaConv,offshore
dk_e,h1829,0.5178898715409653,scr1982,avaConv,offshore
dk_e,h1830,0.49618201656419725,scr1982,avaConv,offshore
dk_e,h1831,0.47777276127373625,scr1982,avaConv,offshore
dk_e,h1832,0.4626849770133793,scr1982,avaConv,offshore
dk_e,h1833,0.45456755927570996,scr1982,avaConv,offshore
dk_e,h1834,0.4518853510439075,scr1982,avaConv,offshore
dk_e,h1835,0.45701165790166576,scr1982,avaConv,offshore
dk_e,h1836,0.47978568896889734,scr1982,avaConv,offshore
dk_e,h1837,0.5159883440615121,scr1982,avaConv,offshore
dk_e,h1838,0.5516751105116918,scr1982,avaConv,offshore
dk_e,h1839,0.569655011655306,scr1982,avaConv,offshore
dk_e,h1840,0.5783545337489678,scr1982,avaConv,offshore
dk_e,h1841,0.5889204183377494,scr1982,avaConv,offshore
dk_e,h1842,0.6104466890906742,scr1982,avaConv,offshore
dk_e,h1843,0.6322056083296188,scr1982,avaConv,offshore
dk_e,h1844,0.6465132971256072,scr1982,avaConv,offshore
dk_e,h1845,0.6386084949478681,scr1982,avaConv,offshore
dk_e,h1846,0.6140443339153847,scr1982,avaConv,offshore
dk_e,h1847,0.5908556313133875,scr1982,avaConv,offshore
dk_e,h1848,0.5898562593134461,scr1982,avaConv,offshore
dk_e,h1849,0.5912878354578488,scr1982,avaConv,offshore
dk_e,h1850,0.6053049676302988,scr1982,avaConv,offshore
dk_e,h1851,0.6355699032399211,scr1982,avaConv,offshore
dk_e,h1852,0.7035455314346076,scr1982,avaConv,offshore
dk_e,h1853,0.7738245414216411,scr1982,avaConv,offshore
dk_e,h1854,0.8335774260423796,scr1982,avaConv,offshore
dk_e,h1855,0.8819104387506815,scr1982,avaConv,offshore
dk_e,h1856,0.9197223603409256,scr1982,avaConv,offshore
dk_e,h1857,0.9425147923920251,scr1982,avaConv,offshore
dk_e,h1858,0.9485176008078475,scr1982,avaConv,offshore
dk_e,h1859,0.9488838285993205,scr1982,avaConv,offshore
dk_e,h1860,0.9483623530945678,scr1982,avaConv,offshore
dk_e,h1861,0.9481101455520912,scr1982,avaConv,offshore
dk_e,h1862,0.9475279363581753,scr1982,avaConv,offshore
dk_e,h1863,0.9474737389387583,scr1982,avaConv,offshore
dk_e,h1864,0.946643186502787,scr1982,avaConv,offshore
dk_e,h1865,0.945751237743209,scr1982,avaConv,offshore
dk_e,h1866,0.9432008408488287,scr1982,avaConv,offshore
dk_e,h1867,0.9374566763031164,scr1982,avaConv,offshore
dk_e,h1868,0.9295240288165145,scr1982,avaConv,offshore
dk_e,h1869,0.9229443093212427,scr1982,avaConv,offshore
dk_e,h1870,0.9223164647281058,scr1982,avaConv,offshore
dk_e,h1871,0.9225490964479764,scr1982,avaConv,offshore
dk_e,h1872,0.92070659845229,scr1982,avaConv,offshore
dk_e,h1873,0.9172644975318411,scr1982,avaConv,offshore
dk_e,h1874,0.9071131274020846,scr1982,avaConv,offshore
dk_e,h1875,0.896063298741107,scr1982,avaConv,offshore
dk_e,h1876,0.8851252727745768,scr1982,avaConv,offshore
dk_e,h1877,0.8768805864383339,scr1982,avaConv,offshore
dk_e,h1878,0.8616272833957256,scr1982,avaConv,offshore
dk_e,h1879,0.8373815616289831,scr1982,avaConv,offshore
dk_e,h1880,0.8153976981018944,scr1982,avaConv,offshore
dk_e,h1881,0.8021684181246148,scr1982,avaConv,offshore
dk_e,h1882,0.7968667463330246,scr1982,avaConv,offshore
dk_e,h1883,0.7930307009881377,scr1982,avaConv,offshore
dk_e,h1884,0.7911974503742949,scr1982,avaConv,offshore
dk_e,h1885,0.7896508816228882,scr1982,avaConv,offshore
dk_e,h1886,0.7915164916600408,scr1982,avaConv,offshore
dk_e,h1887,0.7937910657977428,scr1982,avaConv,offshore
dk_e,h1888,0.7962949441206817,scr1982,avaConv,offshore
dk_e,h1889,0.7956535228249587,scr1982,avaConv,offshore
dk_e,h1890,0.7995878487396282,scr1982,avaConv,offshore
dk_e,h1891,0.8058933053116916,scr1982,avaConv,offshore
dk_e,h1892,0.8228208714999637,scr1982,avaConv,offshore
dk_e,h1893,0.8370484227889717,scr1982,avaConv,offshore
dk_e,h1894,0.8468530026660293,scr1982,avaConv,offshore
dk_e,h1895,0.866046400751656,scr1982,avaConv,offshore
dk_e,h1896,0.8831025182834277,scr1982,avaConv,offshore
dk_e,h1897,0.9055283265802762,scr1982,avaConv,offshore
dk_e,h1898,0.9086090307536431,scr1982,avaConv,offshore
dk_e,h1899,0.9102759162421341,scr1982,avaConv,offshore
dk_e,h1900,0.9073385307613117,scr1982,avaConv,offshore
dk_e,h1901,0.9006419469763175,scr1982,avaConv,offshore
dk_e,h1902,0.884162986440576,scr1982,avaConv,offshore
dk_e,h1903,0.8570394452352665,scr1982,avaConv,offshore
dk_e,h1904,0.8246537060907423,scr1982,avaConv,offshore
dk_e,h1905,0.7849799621182161,scr1982,avaConv,offshore
dk_e,h1906,0.7267679848243656,scr1982,avaConv,offshore
dk_e,h1907,0.6435326354115963,scr1982,avaConv,offshore
dk_e,h1908,0.5389438463172295,scr1982,avaConv,offshore
dk_e,h1909,0.44054069542828067,scr1982,avaConv,offshore
dk_e,h1910,0.36414676349798025,scr1982,avaConv,offshore
dk_e,h1911,0.3264806363152833,scr1982,avaConv,offshore
dk_e,h1912,0.31170331634926896,scr1982,avaConv,offshore
dk_e,h1913,0.3128153062130608,scr1982,avaConv,offshore
dk_e,h1914,0.3135774210813309,scr1982,avaConv,offshore
dk_e,h1915,0.31491796972426384,scr1982,avaConv,offshore
dk_e,h1916,0.30703127189156576,scr1982,avaConv,offshore
dk_e,h1917,0.3071186990664752,scr1982,avaConv,offshore
dk_e,h1918,0.3188580814535832,scr1982,avaConv,offshore
dk_e,h1919,0.351649495940846,scr1982,avaConv,offshore
dk_e,h1920,0.3755091671081898,scr1982,avaConv,offshore
dk_e,h1921,0.382735532931565,scr1982,avaConv,offshore
dk_e,h1922,0.3858001182481257,scr1982,avaConv,offshore
dk_e,h1923,0.41263461961118014,scr1982,avaConv,offshore
dk_e,h1924,0.4750376167135842,scr1982,avaConv,offshore
dk_e,h1925,0.5584517687851984,scr1982,avaConv,offshore
dk_e,h1926,0.6479737145758905,scr1982,avaConv,offshore
dk_e,h1927,0.7272084301668809,scr1982,avaConv,offshore
dk_e,h1928,0.7809890531294466,scr1982,avaConv,offshore
dk_e,h1929,0.8237733120628197,scr1982,avaConv,offshore
dk_e,h1930,0.8452891114289659,scr1982,avaConv,offshore
dk_e,h1931,0.8308199313191402,scr1982,avaConv,offshore
dk_e,h1932,0.7717136997277256,scr1982,avaConv,offshore
dk_e,h1933,0.6953171432808368,scr1982,avaConv,offshore
dk_e,h1934,0.6415329251405916,scr1982,avaConv,offshore
dk_e,h1935,0.5979974585725999,scr1982,avaConv,offshore
dk_e,h1936,0.531490113544097,scr1982,avaConv,offshore
dk_e,h1937,0.4538977182372221,scr1982,avaConv,offshore
dk_e,h1938,0.3990320158242859,scr1982,avaConv,offshore
dk_e,h1939,0.38280382184438344,scr1982,avaConv,offshore
dk_e,h1940,0.3898901262160479,scr1982,avaConv,offshore
dk_e,h1941,0.40475761479647415,scr1982,avaConv,offshore
dk_e,h1942,0.42217162326760693,scr1982,avaConv,offshore
dk_e,h1943,0.4420399587638612,scr1982,avaConv,offshore
dk_e,h1944,0.4665953031328586,scr1982,avaConv,offshore
dk_e,h1945,0.4988614529726578,scr1982,avaConv,offshore
dk_e,h1946,0.5184036753594298,scr1982,avaConv,offshore
dk_e,h1947,0.5172286549968059,scr1982,avaConv,offshore
dk_e,h1948,0.5113740713315698,scr1982,avaConv,offshore
dk_e,h1949,0.5145746261770242,scr1982,avaConv,offshore
dk_e,h1950,0.5130836980590266,scr1982,avaConv,offshore
dk_e,h1951,0.5051056548533569,scr1982,avaConv,offshore
dk_e,h1952,0.48511399161003144,scr1982,avaConv,offshore
dk_e,h1953,0.47392555365011474,scr1982,avaConv,offshore
dk_e,h1954,0.4744107893097565,scr1982,avaConv,offshore
dk_e,h1955,0.47576527544153674,scr1982,avaConv,offshore
dk_e,h1956,0.4532926823361049,scr1982,avaConv,offshore
dk_e,h1957,0.4218800376463419,scr1982,avaConv,offshore
dk_e,h1958,0.40078732437447867,scr1982,avaConv,offshore
dk_e,h1959,0.39501922961944247,scr1982,avaConv,offshore
dk_e,h1960,0.3912713485511074,scr1982,avaConv,offshore
dk_e,h1961,0.37521832837560914,scr1982,avaConv,offshore
dk_e,h1962,0.3446997028150976,scr1982,avaConv,offshore
dk_e,h1963,0.30908097843887833,scr1982,avaConv,offshore
dk_e,h1964,0.2883477839548083,scr1982,avaConv,offshore
dk_e,h1965,0.2815802331895287,scr1982,avaConv,offshore
dk_e,h1966,0.27414383118586233,scr1982,avaConv,offshore
dk_e,h1967,0.30244903259765565,scr1982,avaConv,offshore
dk_e,h1968,0.34052123737000434,scr1982,avaConv,offshore
dk_e,h1969,0.40305724002417187,scr1982,avaConv,offshore
dk_e,h1970,0.47001357342185196,scr1982,avaConv,offshore
dk_e,h1971,0.5851187448663034,scr1982,avaConv,offshore
dk_e,h1972,0.6987159657909544,scr1982,avaConv,offshore
dk_e,h1973,0.7809534724745578,scr1982,avaConv,offshore
dk_e,h1974,0.8337248218232725,scr1982,avaConv,offshore
dk_e,h1975,0.8806678188692343,scr1982,avaConv,offshore
dk_e,h1976,0.9188792436237708,scr1982,avaConv,offshore
dk_e,h1977,0.9387206960037626,scr1982,avaConv,offshore
dk_e,h1978,0.9368738527974186,scr1982,avaConv,offshore
dk_e,h1979,0.886609684376444,scr1982,avaConv,offshore
dk_e,h1980,0.8145923317420951,scr1982,avaConv,offshore
dk_e,h1981,0.731505997511239,scr1982,avaConv,offshore
dk_e,h1982,0.7003663253546552,scr1982,avaConv,offshore
dk_e,h1983,0.7171110358755717,scr1982,avaConv,offshore
dk_e,h1984,0.7505232991473009,scr1982,avaConv,offshore
dk_e,h1985,0.7518742299236278,scr1982,avaConv,offshore
dk_e,h1986,0.7175848362155463,scr1982,avaConv,offshore
dk_e,h1987,0.6620315098294413,scr1982,avaConv,offshore
dk_e,h1988,0.6032049539954336,scr1982,avaConv,offshore
dk_e,h1989,0.5349885557994133,scr1982,avaConv,offshore
dk_e,h1990,0.4785859065291906,scr1982,avaConv,offshore
dk_e,h1991,0.461782175617648,scr1982,avaConv,offshore
dk_e,h1992,0.4382108961052689,scr1982,avaConv,offshore
dk_e,h1993,0.40084127128274094,scr1982,avaConv,offshore
dk_e,h1994,0.33853916202648826,scr1982,avaConv,offshore
dk_e,h1995,0.30458974038225195,scr1982,avaConv,offshore
dk_e,h1996,0.2989438485217384,scr1982,avaConv,offshore
dk_e,h1997,0.2994723445193765,scr1982,avaConv,offshore
dk_e,h1998,0.2865798481276848,scr1982,avaConv,offshore
dk_e,h1999,0.26491835362067595,scr1982,avaConv,offshore
dk_e,h2000,0.2446055309466968,scr1982,avaConv,offshore
dk_e,h2001,0.23017835360865674,scr1982,avaConv,offshore
dk_e,h2002,0.2216581905667602,scr1982,avaConv,offshore
dk_e,h2003,0.21654868615567943,scr1982,avaConv,offshore
dk_e,h2004,0.19950951659346436,scr1982,avaConv,offshore
dk_e,h2005,0.18071761520304844,scr1982,avaConv,offshore
dk_e,h2006,0.1728036393583654,scr1982,avaConv,offshore
dk_e,h2007,0.20554419589500464,scr1982,avaConv,offshore
dk_e,h2008,0.23613193371227323,scr1982,avaConv,offshore
dk_e,h2009,0.2441015662231215,scr1982,avaConv,offshore
dk_e,h2010,0.21898808705855602,scr1982,avaConv,offshore
dk_e,h2011,0.1781013853561155,scr1982,avaConv,offshore
dk_e,h2012,0.1470756236531238,scr1982,avaConv,offshore
dk_e,h2013,0.11780537819421404,scr1982,avaConv,offshore
dk_e,h2014,0.09786204779209698,scr1982,avaConv,offshore
dk_e,h2015,0.06795235805944279,scr1982,avaConv,offshore
dk_e,h2016,0.044115510835842156,scr1982,avaConv,offshore
dk_e,h2017,0.020777800129063818,scr1982,avaConv,offshore
dk_e,h2018,0.011553065152292284,scr1982,avaConv,offshore
dk_e,h2019,0.003712216304861604,scr1982,avaConv,offshore
dk_e,h2020,0.0127174840345364,scr1982,avaConv,offshore
dk_e,h2021,0.02781772917681595,scr1982,avaConv,offshore
dk_e,h2022,0.04696811485589388,scr1982,avaConv,offshore
dk_e,h2023,0.06752142191261255,scr1982,avaConv,offshore
dk_e,h2024,0.08981969290663878,scr1982,avaConv,offshore
dk_e,h2025,0.11303407347347363,scr1982,avaConv,offshore
dk_e,h2026,0.13924713087373283,scr1982,avaConv,offshore
dk_e,h2027,0.1662814803213987,scr1982,avaConv,offshore
dk_e,h2028,0.18125608249223327,scr1982,avaConv,offshore
dk_e,h2029,0.1836874511332595,scr1982,avaConv,offshore
dk_e,h2030,0.17506152952923268,scr1982,avaConv,offshore
dk_e,h2031,0.17445182715616264,scr1982,avaConv,offshore
dk_e,h2032,0.19104998431100736,scr1982,avaConv,offshore
dk_e,h2033,0.2349253961862702,scr1982,avaConv,offshore
dk_e,h2034,0.31618766566542056,scr1982,avaConv,offshore
dk_e,h2035,0.43259236501049597,scr1982,avaConv,offshore
dk_e,h2036,0.5585759730886508,scr1982,avaConv,offshore
dk_e,h2037,0.6642864021991552,scr1982,avaConv,offshore
dk_e,h2038,0.7284472605618874,scr1982,avaConv,offshore
dk_e,h2039,0.737256672905137,scr1982,avaConv,offshore
dk_e,h2040,0.7197171508454219,scr1982,avaConv,offshore
dk_e,h2041,0.6895989985244433,scr1982,avaConv,offshore
dk_e,h2042,0.6798387470767172,scr1982,avaConv,offshore
dk_e,h2043,0.6766769499796954,scr1982,avaConv,offshore
dk_e,h2044,0.6878440761058174,scr1982,avaConv,offshore
dk_e,h2045,0.6871175503775054,scr1982,avaConv,offshore
dk_e,h2046,0.6665324153655928,scr1982,avaConv,offshore
dk_e,h2047,0.6255659192917873,scr1982,avaConv,offshore
dk_e,h2048,0.5785352788918898,scr1982,avaConv,offshore
dk_e,h2049,0.5098140406505913,scr1982,avaConv,offshore
dk_e,h2050,0.4190038754668765,scr1982,avaConv,offshore
dk_e,h2051,0.31014345564322804,scr1982,avaConv,offshore
dk_e,h2052,0.22983293197536797,scr1982,avaConv,offshore
dk_e,h2053,0.17963458184165698,scr1982,avaConv,offshore
dk_e,h2054,0.1693582805204512,scr1982,avaConv,offshore
dk_e,h2055,0.1818913281132742,scr1982,avaConv,offshore
dk_e,h2056,0.22245062144063596,scr1982,avaConv,offshore
dk_e,h2057,0.2891573494589175,scr1982,avaConv,offshore
dk_e,h2058,0.3756192130395131,scr1982,avaConv,offshore
dk_e,h2059,0.4304492657604654,scr1982,avaConv,offshore
dk_e,h2060,0.45469390342511534,scr1982,avaConv,offshore
dk_e,h2061,0.4415449626058025,scr1982,avaConv,offshore
dk_e,h2062,0.41603413878392315,scr1982,avaConv,offshore
dk_e,h2063,0.3853874883804592,scr1982,avaConv,offshore
dk_e,h2064,0.3874650090683726,scr1982,avaConv,offshore
dk_e,h2065,0.4061850572022422,scr1982,avaConv,offshore
dk_e,h2066,0.404903944424782,scr1982,avaConv,offshore
dk_e,h2067,0.3495088797349268,scr1982,avaConv,offshore
dk_e,h2068,0.2680145685339881,scr1982,avaConv,offshore
dk_e,h2069,0.19167586126639127,scr1982,avaConv,offshore
dk_e,h2070,0.13373698607515233,scr1982,avaConv,offshore
dk_e,h2071,0.09442630125457345,scr1982,avaConv,offshore
dk_e,h2072,0.0660424530595594,scr1982,avaConv,offshore
dk_e,h2073,0.04179975963312056,scr1982,avaConv,offshore
dk_e,h2074,0.024292354982558818,scr1982,avaConv,offshore
dk_e,h2075,0.019511562133673506,scr1982,avaConv,offshore
dk_e,h2076,0.016710524022526596,scr1982,avaConv,offshore
dk_e,h2077,0.012779791138494654,scr1982,avaConv,offshore
dk_e,h2078,0.006404533064578001,scr1982,avaConv,offshore
dk_e,h2079,0.00842271956966902,scr1982,avaConv,offshore
dk_e,h2080,0.016698408006700204,scr1982,avaConv,offshore
dk_e,h2081,0.028019138403433397,scr1982,avaConv,offshore
dk_e,h2082,0.04169601736406171,scr1982,avaConv,offshore
dk_e,h2083,0.06664310539894534,scr1982,avaConv,offshore
dk_e,h2084,0.114563804911403,scr1982,avaConv,offshore
dk_e,h2085,0.19022053729468655,scr1982,avaConv,offshore
dk_e,h2086,0.2982945249824096,scr1982,avaConv,offshore
dk_e,h2087,0.41669218161578775,scr1982,avaConv,offshore
dk_e,h2088,0.5211747732903419,scr1982,avaConv,offshore
dk_e,h2089,0.5842844208775823,scr1982,avaConv,offshore
dk_e,h2090,0.6186592417597586,scr1982,avaConv,offshore
dk_e,h2091,0.6270377402316971,scr1982,avaConv,offshore
dk_e,h2092,0.6235527242971718,scr1982,avaConv,offshore
dk_e,h2093,0.6105049691649347,scr1982,avaConv,offshore
dk_e,h2094,0.6079198883216558,scr1982,avaConv,offshore
dk_e,h2095,0.6166001074846964,scr1982,avaConv,offshore
dk_e,h2096,0.6361299004523588,scr1982,avaConv,offshore
dk_e,h2097,0.6504771632235428,scr1982,avaConv,offshore
dk_e,h2098,0.6420221055175541,scr1982,avaConv,offshore
dk_e,h2099,0.5756927610025441,scr1982,avaConv,offshore
dk_e,h2100,0.4969138154237598,scr1982,avaConv,offshore
dk_e,h2101,0.442432138836037,scr1982,avaConv,offshore
dk_e,h2102,0.44276668224669113,scr1982,avaConv,offshore
dk_e,h2103,0.4533771970304051,scr1982,avaConv,offshore
dk_e,h2104,0.4543156794949983,scr1982,avaConv,offshore
dk_e,h2105,0.4372956472476238,scr1982,avaConv,offshore
dk_e,h2106,0.3991649151786076,scr1982,avaConv,offshore
dk_e,h2107,0.3496481687308442,scr1982,avaConv,offshore
dk_e,h2108,0.30908935386440267,scr1982,avaConv,offshore
dk_e,h2109,0.28212684243719666,scr1982,avaConv,offshore
dk_e,h2110,0.26296749985534973,scr1982,avaConv,offshore
dk_e,h2111,0.24595824043863593,scr1982,avaConv,offshore
dk_e,h2112,0.23889131705334343,scr1982,avaConv,offshore
dk_e,h2113,0.23764929208380975,scr1982,avaConv,offshore
dk_e,h2114,0.23257549346404316,scr1982,avaConv,offshore
dk_e,h2115,0.22153424858652485,scr1982,avaConv,offshore
dk_e,h2116,0.21555536332883837,scr1982,avaConv,offshore
dk_e,h2117,0.21766282076398494,scr1982,avaConv,offshore
dk_e,h2118,0.2186423863238297,scr1982,avaConv,offshore
dk_e,h2119,0.2143622648468951,scr1982,avaConv,offshore
dk_e,h2120,0.2054268870393806,scr1982,avaConv,offshore
dk_e,h2121,0.20165006111877884,scr1982,avaConv,offshore
dk_e,h2122,0.20108586222361094,scr1982,avaConv,offshore
dk_e,h2123,0.21828046734666948,scr1982,avaConv,offshore
dk_e,h2124,0.2270118800712919,scr1982,avaConv,offshore
dk_e,h2125,0.22870221616012695,scr1982,avaConv,offshore
dk_e,h2126,0.21348430169382707,scr1982,avaConv,offshore
dk_e,h2127,0.20706782212098124,scr1982,avaConv,offshore
dk_e,h2128,0.197605887202753,scr1982,avaConv,offshore
dk_e,h2129,0.17979213029104468,scr1982,avaConv,offshore
dk_e,h2130,0.15345218443744338,scr1982,avaConv,offshore
dk_e,h2131,0.13556136452594109,scr1982,avaConv,offshore
dk_e,h2132,0.13319009490144096,scr1982,avaConv,offshore
dk_e,h2133,0.1464466828729535,scr1982,avaConv,offshore
dk_e,h2134,0.1661209451682415,scr1982,avaConv,offshore
dk_e,h2135,0.18386769082658896,scr1982,avaConv,offshore
dk_e,h2136,0.1777694758952221,scr1982,avaConv,offshore
dk_e,h2137,0.15063546574300316,scr1982,avaConv,offshore
dk_e,h2138,0.11027910516877464,scr1982,avaConv,offshore
dk_e,h2139,0.08468848557325408,scr1982,avaConv,offshore
dk_e,h2140,0.0743515382491281,scr1982,avaConv,offshore
dk_e,h2141,0.07560023455676045,scr1982,avaConv,offshore
dk_e,h2142,0.08284276533739578,scr1982,avaConv,offshore
dk_e,h2143,0.09218532810994443,scr1982,avaConv,offshore
dk_e,h2144,0.10260414755841007,scr1982,avaConv,offshore
dk_e,h2145,0.1091730152936321,scr1982,avaConv,offshore
dk_e,h2146,0.10819237476063026,scr1982,avaConv,offshore
dk_e,h2147,0.0963180768247081,scr1982,avaConv,offshore
dk_e,h2148,0.08790451996377131,scr1982,avaConv,offshore
dk_e,h2149,0.08812966054786951,scr1982,avaConv,offshore
dk_e,h2150,0.10264190355498837,scr1982,avaConv,offshore
dk_e,h2151,0.12216302241692871,scr1982,avaConv,offshore
dk_e,h2152,0.1439716167727321,scr1982,avaConv,offshore
dk_e,h2153,0.1623240656704215,scr1982,avaConv,offshore
dk_e,h2154,0.1770988749917839,scr1982,avaConv,offshore
dk_e,h2155,0.18865028363130043,scr1982,avaConv,offshore
dk_e,h2156,0.20132716617966312,scr1982,avaConv,offshore
dk_e,h2157,0.22158822125953329,scr1982,avaConv,offshore
dk_e,h2158,0.25146574304633457,scr1982,avaConv,offshore
dk_e,h2159,0.2815934543639467,scr1982,avaConv,offshore
dk_e,h2160,0.3121713899918928,scr1982,avaConv,offshore
dk_w,h1441,0.7335177966826341,scr1982,avaConv,offshore
dk_w,h1442,0.7085851952656231,scr1982,avaConv,offshore
dk_w,h1443,0.6656216005463457,scr1982,avaConv,offshore
dk_w,h1444,0.6217028899132605,scr1982,avaConv,offshore
dk_w,h1445,0.5952342528910801,scr1982,avaConv,offshore
dk_w,h1446,0.580873477042663,scr1982,avaConv,offshore
dk_w,h1447,0.5640157189224887,scr1982,avaConv,offshore
dk_w,h1448,0.5184397058528557,scr1982,avaConv,offshore
dk_w,h1449,0.4577298547489796,scr1982,avaConv,offshore
dk_w,h1450,0.3934776977982284,scr1982,avaConv,offshore
dk_w,h1451,0.3197291197356829,scr1982,avaConv,offshore
dk_w,h1452,0.24655401075276928,scr1982,avaConv,offshore
dk_w,h1453,0.17716239564169214,scr1982,avaConv,offshore
dk_w,h1454,0.13894082073364475,scr1982,avaConv,offshore
dk_w,h1455,0.1032306520776587,scr1982,avaConv,offshore
dk_w,h1456,0.06767935876832351,scr1982,avaConv,offshore
dk_w,h1457,0.03749298031093942,scr1982,avaConv,offshore
dk_w,h1458,0.018383430609892785,scr1982,avaConv,offshore
dk_w,h1459,0.010666571427025736,scr1982,avaConv,offshore
dk_w,h1460,0.007395846570886308,scr1982,avaConv,offshore
dk_w,h1461,0.004784412240060627,scr1982,avaConv,offshore
dk_w,h1462,0.0013772427928247697,scr1982,avaConv,offshore
dk_w,h1463,0.0067302249761082775,scr1982,avaConv,offshore
dk_w,h1464,0.03639364728510097,scr1982,avaConv,offshore
dk_w,h1465,0.09224585027042674,scr1982,avaConv,offshore
dk_w,h1466,0.16659775704111598,scr1982,avaConv,offshore
dk_w,h1467,0.25041005958636503,scr1982,avaConv,offshore
dk_w,h1468,0.3384885792945224,scr1982,avaConv,offshore
dk_w,h1469,0.4222824846037816,scr1982,avaConv,offshore
dk_w,h1470,0.4938346490445439,scr1982,avaConv,offshore
dk_w,h1471,0.5399300956631712,scr1982,avaConv,offshore
dk_w,h1472,0.557594025826533,scr1982,avaConv,offshore
dk_w,h1473,0.5387062308414046,scr1982,avaConv,offshore
dk_w,h1474,0.5031021025646867,scr1982,avaConv,offshore
dk_w,h1475,0.49462445109476294,scr1982,avaConv,offshore
dk_w,h1476,0.5140627959314955,scr1982,avaConv,offshore
dk_w,h1477,0.5409233793174746,scr1982,avaConv,offshore
dk_w,h1478,0.541648572187129,scr1982,avaConv,offshore
dk_w,h1479,0.5320252835146294,scr1982,avaConv,offshore
dk_w,h1480,0.5250794778168218,scr1982,avaConv,offshore
dk_w,h1481,0.5165709919227512,scr1982,avaConv,offshore
dk_w,h1482,0.49804858856683815,scr1982,avaConv,offshore
dk_w,h1483,0.4619722522236638,scr1982,avaConv,offshore
dk_w,h1484,0.4110664904656627,scr1982,avaConv,offshore
dk_w,h1485,0.36276697434085176,scr1982,avaConv,offshore
dk_w,h1486,0.3426222199879487,scr1982,avaConv,offshore
dk_w,h1487,0.37377854241570463,scr1982,avaConv,offshore
dk_w,h1488,0.4214451674387693,scr1982,avaConv,offshore
dk_w,h1489,0.44372062207963653,scr1982,avaConv,offshore
dk_w,h1490,0.4156028309598713,scr1982,avaConv,offshore
dk_w,h1491,0.36100801829583995,scr1982,avaConv,offshore
dk_w,h1492,0.3079777170607607,scr1982,avaConv,offshore
dk_w,h1493,0.278607660522654,scr1982,avaConv,offshore
dk_w,h1494,0.2738395975931918,scr1982,avaConv,offshore
dk_w,h1495,0.28721282232167267,scr1982,avaConv,offshore
dk_w,h1496,0.30867978013397157,scr1982,avaConv,offshore
dk_w,h1497,0.3473483099054573,scr1982,avaConv,offshore
dk_w,h1498,0.3982006928201309,scr1982,avaConv,offshore
dk_w,h1499,0.44128633331792405,scr1982,avaConv,offshore
dk_w,h1500,0.46264615368181544,scr1982,avaConv,offshore
dk_w,h1501,0.4670153518651194,scr1982,avaConv,offshore
dk_w,h1502,0.4669353446803563,scr1982,avaConv,offshore
dk_w,h1503,0.46630169449116843,scr1982,avaConv,offshore
dk_w,h1504,0.46748827001523446,scr1982,avaConv,offshore
dk_w,h1505,0.4780049150247104,scr1982,avaConv,offshore
dk_w,h1506,0.49961724651105033,scr1982,avaConv,offshore
dk_w,h1507,0.5183593089145302,scr1982,avaConv,offshore
dk_w,h1508,0.5336770244311511,scr1982,avaConv,offshore
dk_w,h1509,0.5314616392427891,scr1982,avaConv,offshore
dk_w,h1510,0.5216660656048644,scr1982,avaConv,offshore
dk_w,h1511,0.4943174738635145,scr1982,avaConv,offshore
dk_w,h1512,0.4656326664016948,scr1982,avaConv,offshore
dk_w,h1513,0.4298852565536722,scr1982,avaConv,offshore
dk_w,h1514,0.3900270830656391,scr1982,avaConv,offshore
dk_w,h1515,0.32873414680835905,scr1982,avaConv,offshore
dk_w,h1516,0.25093286687181404,scr1982,avaConv,offshore
dk_w,h1517,0.17254836188670947,scr1982,avaConv,offshore
dk_w,h1518,0.11986858307569491,scr1982,avaConv,offshore
dk_w,h1519,0.09869672813867184,scr1982,avaConv,offshore
dk_w,h1520,0.08957947971625835,scr1982,avaConv,offshore
dk_w,h1521,0.08423209912423481,scr1982,avaConv,offshore
dk_w,h1522,0.07936469773923077,scr1982,avaConv,offshore
dk_w,h1523,0.07048281997316416,scr1982,avaConv,offshore
dk_w,h1524,0.05204463616881874,scr1982,avaConv,offshore
dk_w,h1525,0.028328144268590046,scr1982,avaConv,offshore
dk_w,h1526,0.017664474729681648,scr1982,avaConv,offshore
dk_w,h1527,0.029537877473168543,scr1982,avaConv,offshore
dk_w,h1528,0.06797684886035427,scr1982,avaConv,offshore
dk_w,h1529,0.13401517242328462,scr1982,avaConv,offshore
dk_w,h1530,0.21296288817535278,scr1982,avaConv,offshore
dk_w,h1531,0.28830286515393416,scr1982,avaConv,offshore
dk_w,h1532,0.3542170262339737,scr1982,avaConv,offshore
dk_w,h1533,0.4225351369638855,scr1982,avaConv,offshore
dk_w,h1534,0.5005586267459495,scr1982,avaConv,offshore
dk_w,h1535,0.5933134188935575,scr1982,avaConv,offshore
dk_w,h1536,0.6767945495771293,scr1982,avaConv,offshore
dk_w,h1537,0.7420225178629928,scr1982,avaConv,offshore
dk_w,h1538,0.7869619304931231,scr1982,avaConv,offshore
dk_w,h1539,0.8311428183323374,scr1982,avaConv,offshore
dk_w,h1540,0.8710979981270223,scr1982,avaConv,offshore
dk_w,h1541,0.8963855840900968,scr1982,avaConv,offshore
dk_w,h1542,0.9117949873628719,scr1982,avaConv,offshore
dk_w,h1543,0.926370281607903,scr1982,avaConv,offshore
dk_w,h1544,0.9411742669202868,scr1982,avaConv,offshore
dk_w,h1545,0.9476440055265507,scr1982,avaConv,offshore
dk_w,h1546,0.9479986989630155,scr1982,avaConv,offshore
dk_w,h1547,0.9243859514887085,scr1982,avaConv,offshore
dk_w,h1548,0.8871002112596279,scr1982,avaConv,offshore
dk_w,h1549,0.805883111737227,scr1982,avaConv,offshore
dk_w,h1550,0.7035003089420752,scr1982,avaConv,offshore
dk_w,h1551,0.5919917218276814,scr1982,avaConv,offshore
dk_w,h1552,0.5185785252441841,scr1982,avaConv,offshore
dk_w,h1553,0.48008016433042844,scr1982,avaConv,offshore
dk_w,h1554,0.4455089590787248,scr1982,avaConv,offshore
dk_w,h1555,0.40783320094417613,scr1982,avaConv,offshore
dk_w,h1556,0.3768225164447676,scr1982,avaConv,offshore
dk_w,h1557,0.35347010122481687,scr1982,avaConv,offshore
dk_w,h1558,0.32292064450383917,scr1982,avaConv,offshore
dk_w,h1559,0.2927209450154607,scr1982,avaConv,offshore
dk_w,h1560,0.2610404666668518,scr1982,avaConv,offshore
dk_w,h1561,0.23367880294562712,scr1982,avaConv,offshore
dk_w,h1562,0.19413901005749998,scr1982,avaConv,offshore
dk_w,h1563,0.15156095164798603,scr1982,avaConv,offshore
dk_w,h1564,0.11032704162489852,scr1982,avaConv,offshore
dk_w,h1565,0.07425966409079449,scr1982,avaConv,offshore
dk_w,h1566,0.048585699194942766,scr1982,avaConv,offshore
dk_w,h1567,0.03417392533783622,scr1982,avaConv,offshore
dk_w,h1568,0.03178843753370032,scr1982,avaConv,offshore
dk_w,h1569,0.032916940337068976,scr1982,avaConv,offshore
dk_w,h1570,0.03650501671074073,scr1982,avaConv,offshore
dk_w,h1571,0.03398254060528848,scr1982,avaConv,offshore
dk_w,h1572,0.032665747784388376,scr1982,avaConv,offshore
dk_w,h1573,0.03831312017003435,scr1982,avaConv,offshore
dk_w,h1574,0.05766747852935448,scr1982,avaConv,offshore
dk_w,h1575,0.07468139618465582,scr1982,avaConv,offshore
dk_w,h1576,0.08619551416454267,scr1982,avaConv,offshore
dk_w,h1577,0.0913923819778401,scr1982,avaConv,offshore
dk_w,h1578,0.09951286329966401,scr1982,avaConv,offshore
dk_w,h1579,0.11779294546735315,scr1982,avaConv,offshore
dk_w,h1580,0.1636223405189882,scr1982,avaConv,offshore
dk_w,h1581,0.2393405771133647,scr1982,avaConv,offshore
dk_w,h1582,0.3248484261763875,scr1982,avaConv,offshore
dk_w,h1583,0.4206157276654708,scr1982,avaConv,offshore
dk_w,h1584,0.4810277284956803,scr1982,avaConv,offshore
dk_w,h1585,0.525727493759241,scr1982,avaConv,offshore
dk_w,h1586,0.5460410918737026,scr1982,avaConv,offshore
dk_w,h1587,0.5754776670634688,scr1982,avaConv,offshore
dk_w,h1588,0.6069645364443426,scr1982,avaConv,offshore
dk_w,h1589,0.642573857278976,scr1982,avaConv,offshore
dk_w,h1590,0.6853318506996255,scr1982,avaConv,offshore
dk_w,h1591,0.7296983735854526,scr1982,avaConv,offshore
dk_w,h1592,0.7708899341428138,scr1982,avaConv,offshore
dk_w,h1593,0.8128653470613812,scr1982,avaConv,offshore
dk_w,h1594,0.8504512247307944,scr1982,avaConv,offshore
dk_w,h1595,0.8680007362175713,scr1982,avaConv,offshore
dk_w,h1596,0.8543811192513265,scr1982,avaConv,offshore
dk_w,h1597,0.8296642641638137,scr1982,avaConv,offshore
dk_w,h1598,0.816780839390172,scr1982,avaConv,offshore
dk_w,h1599,0.8243399368674363,scr1982,avaConv,offshore
dk_w,h1600,0.8403046568835104,scr1982,avaConv,offshore
dk_w,h1601,0.8558096856414563,scr1982,avaConv,offshore
dk_w,h1602,0.8600509565541129,scr1982,avaConv,offshore
dk_w,h1603,0.8403458659858367,scr1982,avaConv,offshore
dk_w,h1604,0.7856748063964649,scr1982,avaConv,offshore
dk_w,h1605,0.7050492920241986,scr1982,avaConv,offshore
dk_w,h1606,0.6216798193581784,scr1982,avaConv,offshore
dk_w,h1607,0.5435005894111554,scr1982,avaConv,offshore
dk_w,h1608,0.46703195468547953,scr1982,avaConv,offshore
dk_w,h1609,0.38947756410250706,scr1982,avaConv,offshore
dk_w,h1610,0.3196088639824293,scr1982,avaConv,offshore
dk_w,h1611,0.25764241792368087,scr1982,avaConv,offshore
dk_w,h1612,0.1966708585416246,scr1982,avaConv,offshore
dk_w,h1613,0.13771488806622129,scr1982,avaConv,offshore
dk_w,h1614,0.09164936805977757,scr1982,avaConv,offshore
dk_w,h1615,0.061651445816903405,scr1982,avaConv,offshore
dk_w,h1616,0.05699213078374688,scr1982,avaConv,offshore
dk_w,h1617,0.07603843301890911,scr1982,avaConv,offshore
dk_w,h1618,0.09094129827438657,scr1982,avaConv,offshore
dk_w,h1619,0.0963340247102785,scr1982,avaConv,offshore
dk_w,h1620,0.09389262731406828,scr1982,avaConv,offshore
dk_w,h1621,0.09847726325734965,scr1982,avaConv,offshore
dk_w,h1622,0.10454734041112577,scr1982,avaConv,offshore
dk_w,h1623,0.11084278129672236,scr1982,avaConv,offshore
dk_w,h1624,0.12986152045078694,scr1982,avaConv,offshore
dk_w,h1625,0.14424962035281294,scr1982,avaConv,offshore
dk_w,h1626,0.13937419980431848,scr1982,avaConv,offshore
dk_w,h1627,0.10639067659998191,scr1982,avaConv,offshore
dk_w,h1628,0.072758620463249,scr1982,avaConv,offshore
dk_w,h1629,0.07076443244197621,scr1982,avaConv,offshore
dk_w,h1630,0.11259789805472077,scr1982,avaConv,offshore
dk_w,h1631,0.16079813835594786,scr1982,avaConv,offshore
dk_w,h1632,0.19623456501287975,scr1982,avaConv,offshore
dk_w,h1633,0.21441178427964455,scr1982,avaConv,offshore
dk_w,h1634,0.2276994600382478,scr1982,avaConv,offshore
dk_w,h1635,0.2353964554322036,scr1982,avaConv,offshore
dk_w,h1636,0.2321877353430448,scr1982,avaConv,offshore
dk_w,h1637,0.23207817021049437,scr1982,avaConv,offshore
dk_w,h1638,0.2567199058320501,scr1982,avaConv,offshore
dk_w,h1639,0.29002135567589576,scr1982,avaConv,offshore
dk_w,h1640,0.3142797498569133,scr1982,avaConv,offshore
dk_w,h1641,0.3155591146983373,scr1982,avaConv,offshore
dk_w,h1642,0.3130109231851412,scr1982,avaConv,offshore
dk_w,h1643,0.3120554270708315,scr1982,avaConv,offshore
dk_w,h1644,0.3243729389055876,scr1982,avaConv,offshore
dk_w,h1645,0.3622365243525903,scr1982,avaConv,offshore
dk_w,h1646,0.4415390512856935,scr1982,avaConv,offshore
dk_w,h1647,0.5694581808388293,scr1982,avaConv,offshore
dk_w,h1648,0.6989713466677476,scr1982,avaConv,offshore
dk_w,h1649,0.7890704850208863,scr1982,avaConv,offshore
dk_w,h1650,0.8099511010240528,scr1982,avaConv,offshore
dk_w,h1651,0.7869034877832406,scr1982,avaConv,offshore
dk_w,h1652,0.766643353668011,scr1982,avaConv,offshore
dk_w,h1653,0.7844370769682927,scr1982,avaConv,offshore
dk_w,h1654,0.8338890709200595,scr1982,avaConv,offshore
dk_w,h1655,0.8819101296445625,scr1982,avaConv,offshore
dk_w,h1656,0.9091067115448078,scr1982,avaConv,offshore
dk_w,h1657,0.9214442948875239,scr1982,avaConv,offshore
dk_w,h1658,0.9329025486780185,scr1982,avaConv,offshore
dk_w,h1659,0.9411921763768486,scr1982,avaConv,offshore
dk_w,h1660,0.9463004395592568,scr1982,avaConv,offshore
dk_w,h1661,0.9475807682725329,scr1982,avaConv,offshore
dk_w,h1662,0.9469781339424441,scr1982,avaConv,offshore
dk_w,h1663,0.9436786881497484,scr1982,avaConv,offshore
dk_w,h1664,0.9347370402604092,scr1982,avaConv,offshore
dk_w,h1665,0.92776076169862,scr1982,avaConv,offshore
dk_w,h1666,0.91685005524014,scr1982,avaConv,offshore
dk_w,h1667,0.8831941585645368,scr1982,avaConv,offshore
dk_w,h1668,0.840836284414317,scr1982,avaConv,offshore
dk_w,h1669,0.7959806489154841,scr1982,avaConv,offshore
dk_w,h1670,0.7751597085905004,scr1982,avaConv,offshore
dk_w,h1671,0.7288209901046971,scr1982,avaConv,offshore
dk_w,h1672,0.6268273080783363,scr1982,avaConv,offshore
dk_w,h1673,0.4889343892193144,scr1982,avaConv,offshore
dk_w,h1674,0.3424492496909951,scr1982,avaConv,offshore
dk_w,h1675,0.2567336412690562,scr1982,avaConv,offshore
dk_w,h1676,0.1832534882202083,scr1982,avaConv,offshore
dk_w,h1677,0.18456510090277886,scr1982,avaConv,offshore
dk_w,h1678,0.24478877006629846,scr1982,avaConv,offshore
dk_w,h1679,0.2728634881138069,scr1982,avaConv,offshore
dk_w,h1680,0.29462193530322345,scr1982,avaConv,offshore
dk_w,h1681,0.2798793070756993,scr1982,avaConv,offshore
dk_w,h1682,0.30758601765190124,scr1982,avaConv,offshore
dk_w,h1683,0.2995874689768065,scr1982,avaConv,offshore
dk_w,h1684,0.2730052973057847,scr1982,avaConv,offshore
dk_w,h1685,0.25675350321690227,scr1982,avaConv,offshore
dk_w,h1686,0.25149942264927216,scr1982,avaConv,offshore
dk_w,h1687,0.24524111131546186,scr1982,avaConv,offshore
dk_w,h1688,0.22928209344964057,scr1982,avaConv,offshore
dk_w,h1689,0.20956079759382115,scr1982,avaConv,offshore
dk_w,h1690,0.19862725900420544,scr1982,avaConv,offshore
dk_w,h1691,0.1965207593760325,scr1982,avaConv,offshore
dk_w,h1692,0.20361604676608072,scr1982,avaConv,offshore
dk_w,h1693,0.20222832691540077,scr1982,avaConv,offshore
dk_w,h1694,0.19447580625981542,scr1982,avaConv,offshore
dk_w,h1695,0.17579622341889675,scr1982,avaConv,offshore
dk_w,h1696,0.16235415814759088,scr1982,avaConv,offshore
dk_w,h1697,0.15067570233558705,scr1982,avaConv,offshore
dk_w,h1698,0.1442070841020478,scr1982,avaConv,offshore
dk_w,h1699,0.1411302965615844,scr1982,avaConv,offshore
dk_w,h1700,0.14723162309761195,scr1982,avaConv,offshore
dk_w,h1701,0.15940650453866098,scr1982,avaConv,offshore
dk_w,h1702,0.16300305851617827,scr1982,avaConv,offshore
dk_w,h1703,0.1371893521126201,scr1982,avaConv,offshore
dk_w,h1704,0.09493241743743806,scr1982,avaConv,offshore
dk_w,h1705,0.05272171360628612,scr1982,avaConv,offshore
dk_w,h1706,0.037023356893002186,scr1982,avaConv,offshore
dk_w,h1707,0.028250302759777964,scr1982,avaConv,offshore
dk_w,h1708,0.019559174164899225,scr1982,avaConv,offshore
dk_w,h1709,0.011311639239059862,scr1982,avaConv,offshore
dk_w,h1710,0.006057479423000294,scr1982,avaConv,offshore
dk_w,h1711,0.0032256126839285137,scr1982,avaConv,offshore
dk_w,h1712,0.0021432889923500616,scr1982,avaConv,offshore
dk_w,h1713,0.002817165662169231,scr1982,avaConv,offshore
dk_w,h1714,0.0067631468457117335,scr1982,avaConv,offshore
dk_w,h1715,0.01622840175751659,scr1982,avaConv,offshore
dk_w,h1716,0.026294268831735274,scr1982,avaConv,offshore
dk_w,h1717,0.03475599800231704,scr1982,avaConv,offshore
dk_w,h1718,0.04016012232899288,scr1982,avaConv,offshore
dk_w,h1719,0.04730689513775866,scr1982,avaConv,offshore
dk_w,h1720,0.06156284546547285,scr1982,avaConv,offshore
dk_w,h1721,0.07529561951256299,scr1982,avaConv,offshore
dk_w,h1722,0.07583817990477429,scr1982,avaConv,offshore
dk_w,h1723,0.06221469191293837,scr1982,avaConv,offshore
dk_w,h1724,0.05145490508746989,scr1982,avaConv,offshore
dk_w,h1725,0.06361796805376978,scr1982,avaConv,offshore
dk_w,h1726,0.08833912606164403,scr1982,avaConv,offshore
dk_w,h1727,0.11349858945150158,scr1982,avaConv,offshore
dk_w,h1728,0.12677784840063638,scr1982,avaConv,offshore
dk_w,h1729,0.13234870625777415,scr1982,avaConv,offshore
dk_w,h1730,0.13086482045680567,scr1982,avaConv,offshore
dk_w,h1731,0.1324715946453812,scr1982,avaConv,offshore
dk_w,h1732,0.12846952407001425,scr1982,avaConv,offshore
dk_w,h1733,0.11387051055710619,scr1982,avaConv,offshore
dk_w,h1734,0.09084820972115434,scr1982,avaConv,offshore
dk_w,h1735,0.07477539467468605,scr1982,avaConv,offshore
dk_w,h1736,0.07224018752968454,scr1982,avaConv,offshore
dk_w,h1737,0.07215087308219352,scr1982,avaConv,offshore
dk_w,h1738,0.072049511882054,scr1982,avaConv,offshore
dk_w,h1739,0.07755378661488542,scr1982,avaConv,offshore
dk_w,h1740,0.09481082464750869,scr1982,avaConv,offshore
dk_w,h1741,0.11177013066562909,scr1982,avaConv,offshore
dk_w,h1742,0.11791567214272218,scr1982,avaConv,offshore
dk_w,h1743,0.1089395257768734,scr1982,avaConv,offshore
dk_w,h1744,0.09497941130936555,scr1982,avaConv,offshore
dk_w,h1745,0.08486197092030075,scr1982,avaConv,offshore
dk_w,h1746,0.08316472374370303,scr1982,avaConv,offshore
dk_w,h1747,0.08492235263214531,scr1982,avaConv,offshore
dk_w,h1748,0.08811600206278754,scr1982,avaConv,offshore
dk_w,h1749,0.09483443679932897,scr1982,avaConv,offshore
dk_w,h1750,0.10677507123326084,scr1982,avaConv,offshore
dk_w,h1751,0.14460920496524804,scr1982,avaConv,offshore
dk_w,h1752,0.1866541450115454,scr1982,avaConv,offshore
dk_w,h1753,0.21628059910792943,scr1982,avaConv,offshore
dk_w,h1754,0.1999600501771293,scr1982,avaConv,offshore
dk_w,h1755,0.15153255638430269,scr1982,avaConv,offshore
dk_w,h1756,0.09058637184172294,scr1982,avaConv,offshore
dk_w,h1757,0.043047712524816636,scr1982,avaConv,offshore
dk_w,h1758,0.01540830594255689,scr1982,avaConv,offshore
dk_w,h1759,0.005126353534235968,scr1982,avaConv,offshore
dk_w,h1760,0.0043747030052383885,scr1982,avaConv,offshore
dk_w,h1761,0.006626451688825175,scr1982,avaConv,offshore
dk_w,h1762,0.012113186058871774,scr1982,avaConv,offshore
dk_w,h1763,0.017417117566603614,scr1982,avaConv,offshore
dk_w,h1764,0.02826697936028651,scr1982,avaConv,offshore
dk_w,h1765,0.04737213819788739,scr1982,avaConv,offshore
dk_w,h1766,0.08333643372165958,scr1982,avaConv,offshore
dk_w,h1767,0.1322614602910232,scr1982,avaConv,offshore
dk_w,h1768,0.19507121031057448,scr1982,avaConv,offshore
dk_w,h1769,0.2671535811924874,scr1982,avaConv,offshore
dk_w,h1770,0.3420021248942307,scr1982,avaConv,offshore
dk_w,h1771,0.39975569707755515,scr1982,avaConv,offshore
dk_w,h1772,0.42345215247815704,scr1982,avaConv,offshore
dk_w,h1773,0.40224737892300627,scr1982,avaConv,offshore
dk_w,h1774,0.3486205045417938,scr1982,avaConv,offshore
dk_w,h1775,0.3155402348366914,scr1982,avaConv,offshore
dk_w,h1776,0.31808908286878085,scr1982,avaConv,offshore
dk_w,h1777,0.36080935249056756,scr1982,avaConv,offshore
dk_w,h1778,0.3853822638215105,scr1982,avaConv,offshore
dk_w,h1779,0.3739473853467078,scr1982,avaConv,offshore
dk_w,h1780,0.3223843334507232,scr1982,avaConv,offshore
dk_w,h1781,0.2636861923828061,scr1982,avaConv,offshore
dk_w,h1782,0.2440359378868226,scr1982,avaConv,offshore
dk_w,h1783,0.2683260331175173,scr1982,avaConv,offshore
dk_w,h1784,0.3091558408374459,scr1982,avaConv,offshore
dk_w,h1785,0.33341034501020467,scr1982,avaConv,offshore
dk_w,h1786,0.3359225243579009,scr1982,avaConv,offshore
dk_w,h1787,0.309042181834987,scr1982,avaConv,offshore
dk_w,h1788,0.26917011960201576,scr1982,avaConv,offshore
dk_w,h1789,0.22099394879148881,scr1982,avaConv,offshore
dk_w,h1790,0.181597598571013,scr1982,avaConv,offshore
dk_w,h1791,0.15235935256957828,scr1982,avaConv,offshore
dk_w,h1792,0.13589646005463007,scr1982,avaConv,offshore
dk_w,h1793,0.14463056929758275,scr1982,avaConv,offshore
dk_w,h1794,0.18308647212618692,scr1982,avaConv,offshore
dk_w,h1795,0.24910986136541324,scr1982,avaConv,offshore
dk_w,h1796,0.33165113385393535,scr1982,avaConv,offshore
dk_w,h1797,0.406969709543337,scr1982,avaConv,offshore
dk_w,h1798,0.450449034386579,scr1982,avaConv,offshore
dk_w,h1799,0.4656729609739769,scr1982,avaConv,offshore
dk_w,h1800,0.44975075734962844,scr1982,avaConv,offshore
dk_w,h1801,0.43888631242790427,scr1982,avaConv,offshore
dk_w,h1802,0.4181052590384251,scr1982,avaConv,offshore
dk_w,h1803,0.40909741493043666,scr1982,avaConv,offshore
dk_w,h1804,0.4067281807967871,scr1982,avaConv,offshore
dk_w,h1805,0.42827760252365266,scr1982,avaConv,offshore
dk_w,h1806,0.4677237097151563,scr1982,avaConv,offshore
dk_w,h1807,0.5073143607805247,scr1982,avaConv,offshore
dk_w,h1808,0.5294947205844965,scr1982,avaConv,offshore
dk_w,h1809,0.5278187217334146,scr1982,avaConv,offshore
dk_w,h1810,0.5098633083535618,scr1982,avaConv,offshore
dk_w,h1811,0.4801285651464197,scr1982,avaConv,offshore
dk_w,h1812,0.46473493065181753,scr1982,avaConv,offshore
dk_w,h1813,0.46381026050388374,scr1982,avaConv,offshore
dk_w,h1814,0.4788397135620422,scr1982,avaConv,offshore
dk_w,h1815,0.4839846203529402,scr1982,avaConv,offshore
dk_w,h1816,0.4747015627019432,scr1982,avaConv,offshore
dk_w,h1817,0.45728473829139676,scr1982,avaConv,offshore
dk_w,h1818,0.43646005308953456,scr1982,avaConv,offshore
dk_w,h1819,0.41576912784504005,scr1982,avaConv,offshore
dk_w,h1820,0.4062328685711647,scr1982,avaConv,offshore
dk_w,h1821,0.41265766992716685,scr1982,avaConv,offshore
dk_w,h1822,0.42912571284099743,scr1982,avaConv,offshore
dk_w,h1823,0.46039104581343027,scr1982,avaConv,offshore
dk_w,h1824,0.47865646273102014,scr1982,avaConv,offshore
dk_w,h1825,0.4938591274027689,scr1982,avaConv,offshore
dk_w,h1826,0.47401051092387475,scr1982,avaConv,offshore
dk_w,h1827,0.4651070916452072,scr1982,avaConv,offshore
dk_w,h1828,0.4743464024643852,scr1982,avaConv,offshore
dk_w,h1829,0.5188151790548681,scr1982,avaConv,offshore
dk_w,h1830,0.5818644771624628,scr1982,avaConv,offshore
dk_w,h1831,0.6399028737332811,scr1982,avaConv,offshore
dk_w,h1832,0.6740482137440228,scr1982,avaConv,offshore
dk_w,h1833,0.6574158985156473,scr1982,avaConv,offshore
dk_w,h1834,0.6098104840303977,scr1982,avaConv,offshore
dk_w,h1835,0.5677089777560982,scr1982,avaConv,offshore
dk_w,h1836,0.5576762884752791,scr1982,avaConv,offshore
dk_w,h1837,0.5645302146367613,scr1982,avaConv,offshore
dk_w,h1838,0.5687667067103073,scr1982,avaConv,offshore
dk_w,h1839,0.563472986798727,scr1982,avaConv,offshore
dk_w,h1840,0.5350792065797423,scr1982,avaConv,offshore
dk_w,h1841,0.48480978795553126,scr1982,avaConv,offshore
dk_w,h1842,0.4362798654815753,scr1982,avaConv,offshore
dk_w,h1843,0.41221073785717927,scr1982,avaConv,offshore
dk_w,h1844,0.41037413163446634,scr1982,avaConv,offshore
dk_w,h1845,0.4060125717393193,scr1982,avaConv,offshore
dk_w,h1846,0.4000500952876152,scr1982,avaConv,offshore
dk_w,h1847,0.38279601234679195,scr1982,avaConv,offshore
dk_w,h1848,0.36372353544135205,scr1982,avaConv,offshore
dk_w,h1849,0.3353533175535704,scr1982,avaConv,offshore
dk_w,h1850,0.28014650091015414,scr1982,avaConv,offshore
dk_w,h1851,0.20097211681414523,scr1982,avaConv,offshore
dk_w,h1852,0.11263646661068086,scr1982,avaConv,offshore
dk_w,h1853,0.05822905443950635,scr1982,avaConv,offshore
dk_w,h1854,0.03408273559471787,scr1982,avaConv,offshore
dk_w,h1855,0.030920289969840985,scr1982,avaConv,offshore
dk_w,h1856,0.042857697563813336,scr1982,avaConv,offshore
dk_w,h1857,0.055698422044208065,scr1982,avaConv,offshore
dk_w,h1858,0.06992150782647619,scr1982,avaConv,offshore
dk_w,h1859,0.08652256138437403,scr1982,avaConv,offshore
dk_w,h1860,0.13439142813398655,scr1982,avaConv,offshore
dk_w,h1861,0.20853471156127792,scr1982,avaConv,offshore
dk_w,h1862,0.2953481342814533,scr1982,avaConv,offshore
dk_w,h1863,0.3638942535859833,scr1982,avaConv,offshore
dk_w,h1864,0.3880189882106838,scr1982,avaConv,offshore
dk_w,h1865,0.36991485217445336,scr1982,avaConv,offshore
dk_w,h1866,0.32088460146998793,scr1982,avaConv,offshore
dk_w,h1867,0.2622872181479191,scr1982,avaConv,offshore
dk_w,h1868,0.22088527677870698,scr1982,avaConv,offshore
dk_w,h1869,0.2086050571997791,scr1982,avaConv,offshore
dk_w,h1870,0.2093809132762617,scr1982,avaConv,offshore
dk_w,h1871,0.19183386670470381,scr1982,avaConv,offshore
dk_w,h1872,0.13451017861346995,scr1982,avaConv,offshore
dk_w,h1873,0.07301431389795132,scr1982,avaConv,offshore
dk_w,h1874,0.0228864187711986,scr1982,avaConv,offshore
dk_w,h1875,0.012646028535183498,scr1982,avaConv,offshore
dk_w,h1876,0.01702012268590756,scr1982,avaConv,offshore
dk_w,h1877,0.02820553563689758,scr1982,avaConv,offshore
dk_w,h1878,0.051030262009046604,scr1982,avaConv,offshore
dk_w,h1879,0.07864180463458732,scr1982,avaConv,offshore
dk_w,h1880,0.1070048123426116,scr1982,avaConv,offshore
dk_w,h1881,0.1323749208095787,scr1982,avaConv,offshore
dk_w,h1882,0.14941672190550787,scr1982,avaConv,offshore
dk_w,h1883,0.145004577167695,scr1982,avaConv,offshore
dk_w,h1884,0.12467352353935517,scr1982,avaConv,offshore
dk_w,h1885,0.12793084146259573,scr1982,avaConv,offshore
dk_w,h1886,0.19800593092022856,scr1982,avaConv,offshore
dk_w,h1887,0.31750703251436446,scr1982,avaConv,offshore
dk_w,h1888,0.4617030909324498,scr1982,avaConv,offshore
dk_w,h1889,0.6069777418497554,scr1982,avaConv,offshore
dk_w,h1890,0.7369514110032143,scr1982,avaConv,offshore
dk_w,h1891,0.8339617090990605,scr1982,avaConv,offshore
dk_w,h1892,0.8933348012995648,scr1982,avaConv,offshore
dk_w,h1893,0.924565912807235,scr1982,avaConv,offshore
dk_w,h1894,0.9393186560875781,scr1982,avaConv,offshore
dk_w,h1895,0.9454371935352591,scr1982,avaConv,offshore
dk_w,h1896,0.9463024879267666,scr1982,avaConv,offshore
dk_w,h1897,0.9434185769091145,scr1982,avaConv,offshore
dk_w,h1898,0.9344199814557016,scr1982,avaConv,offshore
dk_w,h1899,0.9108548034170688,scr1982,avaConv,offshore
dk_w,h1900,0.8611237614629699,scr1982,avaConv,offshore
dk_w,h1901,0.7791885568385758,scr1982,avaConv,offshore
dk_w,h1902,0.6830450820680439,scr1982,avaConv,offshore
dk_w,h1903,0.5845406450096357,scr1982,avaConv,offshore
dk_w,h1904,0.5001154096000422,scr1982,avaConv,offshore
dk_w,h1905,0.4278575154503565,scr1982,avaConv,offshore
dk_w,h1906,0.37201034031531754,scr1982,avaConv,offshore
dk_w,h1907,0.34628762486717507,scr1982,avaConv,offshore
dk_w,h1908,0.3211620349035785,scr1982,avaConv,offshore
dk_w,h1909,0.2915159980476761,scr1982,avaConv,offshore
dk_w,h1910,0.24099578354818085,scr1982,avaConv,offshore
dk_w,h1911,0.20946834445171403,scr1982,avaConv,offshore
dk_w,h1912,0.21355078647910367,scr1982,avaConv,offshore
dk_w,h1913,0.2492075387471039,scr1982,avaConv,offshore
dk_w,h1914,0.2939581327290494,scr1982,avaConv,offshore
dk_w,h1915,0.3448728564748616,scr1982,avaConv,offshore
dk_w,h1916,0.3754495834068982,scr1982,avaConv,offshore
dk_w,h1917,0.4053258914156712,scr1982,avaConv,offshore
dk_w,h1918,0.4473734197234418,scr1982,avaConv,offshore
dk_w,h1919,0.47488496545835723,scr1982,avaConv,offshore
dk_w,h1920,0.4568497727212403,scr1982,avaConv,offshore
dk_w,h1921,0.3814535348310064,scr1982,avaConv,offshore
dk_w,h1922,0.30908064470557495,scr1982,avaConv,offshore
dk_w,h1923,0.2773488029747507,scr1982,avaConv,offshore
dk_w,h1924,0.28954084147978737,scr1982,avaConv,offshore
dk_w,h1925,0.32009749482107247,scr1982,avaConv,offshore
dk_w,h1926,0.34877286595562684,scr1982,avaConv,offshore
dk_w,h1927,0.3577945982050046,scr1982,avaConv,offshore
dk_w,h1928,0.3556446418045435,scr1982,avaConv,offshore
dk_w,h1929,0.35167721251085676,scr1982,avaConv,offshore
dk_w,h1930,0.3521194222624457,scr1982,avaConv,offshore
dk_w,h1931,0.3606056919508071,scr1982,avaConv,offshore
dk_w,h1932,0.3568168461832711,scr1982,avaConv,offshore
dk_w,h1933,0.3359478420841083,scr1982,avaConv,offshore
dk_w,h1934,0.2965638613979344,scr1982,avaConv,offshore
dk_w,h1935,0.2544140566702466,scr1982,avaConv,offshore
dk_w,h1936,0.22115084690548423,scr1982,avaConv,offshore
dk_w,h1937,0.20582071022926357,scr1982,avaConv,offshore
dk_w,h1938,0.22183952824644873,scr1982,avaConv,offshore
dk_w,h1939,0.2723530266556812,scr1982,avaConv,offshore
dk_w,h1940,0.3318985901145427,scr1982,avaConv,offshore
dk_w,h1941,0.37678681340335846,scr1982,avaConv,offshore
dk_w,h1942,0.39504066014543937,scr1982,avaConv,offshore
dk_w,h1943,0.4497622777150007,scr1982,avaConv,offshore
dk_w,h1944,0.5015405173999207,scr1982,avaConv,offshore
dk_w,h1945,0.5650076165429049,scr1982,avaConv,offshore
dk_w,h1946,0.5947481935442591,scr1982,avaConv,offshore
dk_w,h1947,0.6419650482369329,scr1982,avaConv,offshore
dk_w,h1948,0.6966730211124564,scr1982,avaConv,offshore
dk_w,h1949,0.742704966378764,scr1982,avaConv,offshore
dk_w,h1950,0.7446962508232764,scr1982,avaConv,offshore
dk_w,h1951,0.6863141942737314,scr1982,avaConv,offshore
dk_w,h1952,0.5927700495429967,scr1982,avaConv,offshore
dk_w,h1953,0.5044811059779746,scr1982,avaConv,offshore
dk_w,h1954,0.4580526576865254,scr1982,avaConv,offshore
dk_w,h1955,0.4496212947674386,scr1982,avaConv,offshore
dk_w,h1956,0.4484657620540055,scr1982,avaConv,offshore
dk_w,h1957,0.4179918495661666,scr1982,avaConv,offshore
dk_w,h1958,0.3632070395015501,scr1982,avaConv,offshore
dk_w,h1959,0.3021932386490203,scr1982,avaConv,offshore
dk_w,h1960,0.2764667998330038,scr1982,avaConv,offshore
dk_w,h1961,0.33185899558618076,scr1982,avaConv,offshore
dk_w,h1962,0.4616506813790823,scr1982,avaConv,offshore
dk_w,h1963,0.6018785549694521,scr1982,avaConv,offshore
dk_w,h1964,0.700436059915058,scr1982,avaConv,offshore
dk_w,h1965,0.7749765636541927,scr1982,avaConv,offshore
dk_w,h1966,0.8481945402230243,scr1982,avaConv,offshore
dk_w,h1967,0.9096596450022941,scr1982,avaConv,offshore
dk_w,h1968,0.93638352104994,scr1982,avaConv,offshore
dk_w,h1969,0.9403036481473547,scr1982,avaConv,offshore
dk_w,h1970,0.9410816161752749,scr1982,avaConv,offshore
dk_w,h1971,0.9426071667631298,scr1982,avaConv,offshore
dk_w,h1972,0.9363431444298772,scr1982,avaConv,offshore
dk_w,h1973,0.9277341208570199,scr1982,avaConv,offshore
dk_w,h1974,0.9231108946925213,scr1982,avaConv,offshore
dk_w,h1975,0.9154026932279884,scr1982,avaConv,offshore
dk_w,h1976,0.8834226797400179,scr1982,avaConv,offshore
dk_w,h1977,0.8249880471106267,scr1982,avaConv,offshore
dk_w,h1978,0.776933115890196,scr1982,avaConv,offshore
dk_w,h1979,0.7646941388132579,scr1982,avaConv,offshore
dk_w,h1980,0.7980298438706723,scr1982,avaConv,offshore
dk_w,h1981,0.8372174454483985,scr1982,avaConv,offshore
dk_w,h1982,0.8623390261973445,scr1982,avaConv,offshore
dk_w,h1983,0.8488260474749707,scr1982,avaConv,offshore
dk_w,h1984,0.8184809402346509,scr1982,avaConv,offshore
dk_w,h1985,0.8025444999996046,scr1982,avaConv,offshore
dk_w,h1986,0.8235869027420836,scr1982,avaConv,offshore
dk_w,h1987,0.8603252947259258,scr1982,avaConv,offshore
dk_w,h1988,0.8875405074801666,scr1982,avaConv,offshore
dk_w,h1989,0.9047969670906677,scr1982,avaConv,offshore
dk_w,h1990,0.9187114867065315,scr1982,avaConv,offshore
dk_w,h1991,0.9341810177180673,scr1982,avaConv,offshore
dk_w,h1992,0.9406611778766054,scr1982,avaConv,offshore
dk_w,h1993,0.942146097166595,scr1982,avaConv,offshore
dk_w,h1994,0.9324139880175444,scr1982,avaConv,offshore
dk_w,h1995,0.9186545784313958,scr1982,avaConv,offshore
dk_w,h1996,0.8939347837628705,scr1982,avaConv,offshore
dk_w,h1997,0.8501037751080848,scr1982,avaConv,offshore
dk_w,h1998,0.7832715451458092,scr1982,avaConv,offshore
dk_w,h1999,0.7164203050257276,scr1982,avaConv,offshore
dk_w,h2000,0.6652566485958716,scr1982,avaConv,offshore
dk_w,h2001,0.6351405727332473,scr1982,avaConv,offshore
dk_w,h2002,0.6111059475667369,scr1982,avaConv,offshore
dk_w,h2003,0.5908709688167837,scr1982,avaConv,offshore
dk_w,h2004,0.5550655903638021,scr1982,avaConv,offshore
dk_w,h2005,0.5005942055038423,scr1982,avaConv,offshore
dk_w,h2006,0.4325129348301745,scr1982,avaConv,offshore
dk_w,h2007,0.370589687554166,scr1982,avaConv,offshore
dk_w,h2008,0.31521085794722203,scr1982,avaConv,offshore
dk_w,h2009,0.26952419028184793,scr1982,avaConv,offshore
dk_w,h2010,0.24472452549391568,scr1982,avaConv,offshore
dk_w,h2011,0.2514243788121534,scr1982,avaConv,offshore
dk_w,h2012,0.2718604802127291,scr1982,avaConv,offshore
dk_w,h2013,0.2811742532503429,scr1982,avaConv,offshore
dk_w,h2014,0.2700011586471588,scr1982,avaConv,offshore
dk_w,h2015,0.23501457602523096,scr1982,avaConv,offshore
dk_w,h2016,0.21290484185927797,scr1982,avaConv,offshore
dk_w,h2017,0.40938213224252484,scr1982,avaConv,offshore
dk_w,h2018,0.6253448368055844,scr1982,avaConv,offshore
dk_w,h2019,0.826816396833411,scr1982,avaConv,offshore
dk_w,h2020,0.8700528979021126,scr1982,avaConv,offshore
dk_w,h2021,0.8865869803205545,scr1982,avaConv,offshore
dk_w,h2022,0.8972136916216513,scr1982,avaConv,offshore
dk_w,h2023,0.9090158990723797,scr1982,avaConv,offshore
dk_w,h2024,0.9188742107474192,scr1982,avaConv,offshore
dk_w,h2025,0.9222185025354728,scr1982,avaConv,offshore
dk_w,h2026,0.9219482658033795,scr1982,avaConv,offshore
dk_w,h2027,0.9084533447581822,scr1982,avaConv,offshore
dk_w,h2028,0.88337910295921,scr1982,avaConv,offshore
dk_w,h2029,0.849903912296403,scr1982,avaConv,offshore
dk_w,h2030,0.8224373684228913,scr1982,avaConv,offshore
dk_w,h2031,0.8073164275516899,scr1982,avaConv,offshore
dk_w,h2032,0.8113955788222973,scr1982,avaConv,offshore
dk_w,h2033,0.8269789009273536,scr1982,avaConv,offshore
dk_w,h2034,0.8435761260206779,scr1982,avaConv,offshore
dk_w,h2035,0.8575476322975902,scr1982,avaConv,offshore
dk_w,h2036,0.8675156374104606,scr1982,avaConv,offshore
dk_w,h2037,0.8724696451514175,scr1982,avaConv,offshore
dk_w,h2038,0.8622149271682737,scr1982,avaConv,offshore
dk_w,h2039,0.8497339599077087,scr1982,avaConv,offshore
dk_w,h2040,0.8405825136509718,scr1982,avaConv,offshore
dk_w,h2041,0.8397320076287258,scr1982,avaConv,offshore
dk_w,h2042,0.848641742282686,scr1982,avaConv,offshore
dk_w,h2043,0.870192656218567,scr1982,avaConv,offshore
dk_w,h2044,0.8947894653665066,scr1982,avaConv,offshore
dk_w,h2045,0.899767431172017,scr1982,avaConv,offshore
dk_w,h2046,0.8611503208388225,scr1982,avaConv,offshore
dk_w,h2047,0.7976551808904543,scr1982,avaConv,offshore
dk_w,h2048,0.7376311009248968,scr1982,avaConv,offshore
dk_w,h2049,0.682611352526774,scr1982,avaConv,offshore
dk_w,h2050,0.6372332036883527,scr1982,avaConv,offshore
dk_w,h2051,0.5938397347729902,scr1982,avaConv,offshore
dk_w,h2052,0.6092412836308628,scr1982,avaConv,offshore
dk_w,h2053,0.64873310911466,scr1982,avaConv,offshore
dk_w,h2054,0.709833104592491,scr1982,avaConv,offshore
dk_w,h2055,0.7296917016688882,scr1982,avaConv,offshore
dk_w,h2056,0.7395516671805779,scr1982,avaConv,offshore
dk_w,h2057,0.7200436245532993,scr1982,avaConv,offshore
dk_w,h2058,0.6956061446310741,scr1982,avaConv,offshore
dk_w,h2059,0.6416870570189357,scr1982,avaConv,offshore
dk_w,h2060,0.5655883792501495,scr1982,avaConv,offshore
dk_w,h2061,0.4973740542327402,scr1982,avaConv,offshore
dk_w,h2062,0.44888109045148566,scr1982,avaConv,offshore
dk_w,h2063,0.4088197506728123,scr1982,avaConv,offshore
dk_w,h2064,0.3640128234653318,scr1982,avaConv,offshore
dk_w,h2065,0.3079015855092229,scr1982,avaConv,offshore
dk_w,h2066,0.2504490641789525,scr1982,avaConv,offshore
dk_w,h2067,0.17899113988462512,scr1982,avaConv,offshore
dk_w,h2068,0.11599505484976974,scr1982,avaConv,offshore
dk_w,h2069,0.07573252236970184,scr1982,avaConv,offshore
dk_w,h2070,0.054333160567901474,scr1982,avaConv,offshore
dk_w,h2071,0.04142345381028985,scr1982,avaConv,offshore
dk_w,h2072,0.06967490510876215,scr1982,avaConv,offshore
dk_w,h2073,0.1448686459410261,scr1982,avaConv,offshore
dk_w,h2074,0.25352953677143625,scr1982,avaConv,offshore
dk_w,h2075,0.3814031505095942,scr1982,avaConv,offshore
dk_w,h2076,0.5228699630824991,scr1982,avaConv,offshore
dk_w,h2077,0.6559371635409408,scr1982,avaConv,offshore
dk_w,h2078,0.7633636328300826,scr1982,avaConv,offshore
dk_w,h2079,0.8311581552365964,scr1982,avaConv,offshore
dk_w,h2080,0.8725955958139202,scr1982,avaConv,offshore
dk_w,h2081,0.9013630297044064,scr1982,avaConv,offshore
dk_w,h2082,0.9243675255049347,scr1982,avaConv,offshore
dk_w,h2083,0.9411026051620535,scr1982,avaConv,offshore
dk_w,h2084,0.947906038475953,scr1982,avaConv,offshore
dk_w,h2085,0.9498659811616766,scr1982,avaConv,offshore
dk_w,h2086,0.9499878745156503,scr1982,avaConv,offshore
dk_w,h2087,0.9499934218565828,scr1982,avaConv,offshore
dk_w,h2088,0.9498828233201196,scr1982,avaConv,offshore
dk_w,h2089,0.9494783046868135,scr1982,avaConv,offshore
dk_w,h2090,0.9490022296608025,scr1982,avaConv,offshore
dk_w,h2091,0.9477903250810643,scr1982,avaConv,offshore
dk_w,h2092,0.944496738738939,scr1982,avaConv,offshore
dk_w,h2093,0.9377774944923859,scr1982,avaConv,offshore
dk_w,h2094,0.9257795841838213,scr1982,avaConv,offshore
dk_w,h2095,0.8975599927008487,scr1982,avaConv,offshore
dk_w,h2096,0.8144459999207552,scr1982,avaConv,offshore
dk_w,h2097,0.6880423245014917,scr1982,avaConv,offshore
dk_w,h2098,0.5807916499686978,scr1982,avaConv,offshore
dk_w,h2099,0.5525430993268596,scr1982,avaConv,offshore
dk_w,h2100,0.5762515157552396,scr1982,avaConv,offshore
dk_w,h2101,0.6185570860082542,scr1982,avaConv,offshore
dk_w,h2102,0.6786513424337729,scr1982,avaConv,offshore
dk_w,h2103,0.743937281731062,scr1982,avaConv,offshore
dk_w,h2104,0.7865472980567776,scr1982,avaConv,offshore
dk_w,h2105,0.7887652842143668,scr1982,avaConv,offshore
dk_w,h2106,0.7684372230411763,scr1982,avaConv,offshore
dk_w,h2107,0.7181348494950088,scr1982,avaConv,offshore
dk_w,h2108,0.6289127625169422,scr1982,avaConv,offshore
dk_w,h2109,0.5264481040752004,scr1982,avaConv,offshore
dk_w,h2110,0.439075012970531,scr1982,avaConv,offshore
dk_w,h2111,0.4049148793774061,scr1982,avaConv,offshore
dk_w,h2112,0.41327881698587443,scr1982,avaConv,offshore
dk_w,h2113,0.4520909555896018,scr1982,avaConv,offshore
dk_w,h2114,0.5040902591325636,scr1982,avaConv,offshore
dk_w,h2115,0.536515982247575,scr1982,avaConv,offshore
dk_w,h2116,0.5302070792782018,scr1982,avaConv,offshore
dk_w,h2117,0.48827954757369385,scr1982,avaConv,offshore
dk_w,h2118,0.44228956192420177,scr1982,avaConv,offshore
dk_w,h2119,0.40584999821635737,scr1982,avaConv,offshore
dk_w,h2120,0.38431055262748504,scr1982,avaConv,offshore
dk_w,h2121,0.3871229664607304,scr1982,avaConv,offshore
dk_w,h2122,0.42860126539881616,scr1982,avaConv,offshore
dk_w,h2123,0.5197493624968647,scr1982,avaConv,offshore
dk_w,h2124,0.604973725635363,scr1982,avaConv,offshore
dk_w,h2125,0.6795059597289761,scr1982,avaConv,offshore
dk_w,h2126,0.7278947328924059,scr1982,avaConv,offshore
dk_w,h2127,0.7645888877287419,scr1982,avaConv,offshore
dk_w,h2128,0.7689568879208766,scr1982,avaConv,offshore
dk_w,h2129,0.7342917271956204,scr1982,avaConv,offshore
dk_w,h2130,0.6862601682460159,scr1982,avaConv,offshore
dk_w,h2131,0.6479076400372752,scr1982,avaConv,offshore
dk_w,h2132,0.6323986617437006,scr1982,avaConv,offshore
dk_w,h2133,0.6363157611414602,scr1982,avaConv,offshore
dk_w,h2134,0.6554196760335648,scr1982,avaConv,offshore
dk_w,h2135,0.6815829491844859,scr1982,avaConv,offshore
dk_w,h2136,0.6913961626070277,scr1982,avaConv,offshore
dk_w,h2137,0.6744116624288483,scr1982,avaConv,offshore
dk_w,h2138,0.647224485427458,scr1982,avaConv,offshore
dk_w,h2139,0.6351558702720408,scr1982,avaConv,offshore
dk_w,h2140,0.653477140513658,scr1982,avaConv,offshore
dk_w,h2141,0.6645931463618054,scr1982,avaConv,offshore
dk_w,h2142,0.6634740796829678,scr1982,avaConv,offshore
dk_w,h2143,0.6343700727724255,scr1982,avaConv,offshore
dk_w,h2144,0.6105311313864488,scr1982,avaConv,offshore
dk_w,h2145,0.5984044017418562,scr1982,avaConv,offshore
dk_w,h2146,0.6109385140254615,scr1982,avaConv,offshore
dk_w,h2147,0.6367590974209227,scr1982,avaConv,offshore
dk_w,h2148,0.6443287919512497,scr1982,avaConv,offshore
dk_w,h2149,0.6490987303938699,scr1982,avaConv,offshore
dk_w,h2150,0.6625392288463263,scr1982,avaConv,offshore
dk_w,h2151,0.7024117888364277,scr1982,avaConv,offshore
dk_w,h2152,0.7383490893111947,scr1982,avaConv,offshore
dk_w,h2153,0.7497625110012911,scr1982,avaConv,offshore
dk_w,h2154,0.7359852098748181,scr1982,avaConv,offshore
dk_w,h2155,0.7045720905427145,scr1982,avaConv,offshore
dk_w,h2156,0.6750393339087527,scr1982,avaConv,offshore
dk_w,h2157,0.6339687285465769,scr1982,avaConv,offshore
dk_w,h2158,0.6014204133156886,scr1982,avaConv,offshore
dk_w,h2159,0.5779320785318595,scr1982,avaConv,offshore
dk_w,h2160,0.5697107413962966,scr1982,avaConv,offshore
ee,h1441,0.06541388394663565,scr1982,avaConv,offshore
ee,h1442,0.09027876612857993,scr1982,avaConv,offshore
ee,h1443,0.10986118836791266,scr1982,avaConv,offshore
ee,h1444,0.12853757913567412,scr1982,avaConv,offshore
ee,h1445,0.17745704833672918,scr1982,avaConv,offshore
ee,h1446,0.28080340556983874,scr1982,avaConv,offshore
ee,h1447,0.39945195101955044,scr1982,avaConv,offshore
ee,h1448,0.4848109675127798,scr1982,avaConv,offshore
ee,h1449,0.5172904971631755,scr1982,avaConv,offshore
ee,h1450,0.5104074119041784,scr1982,avaConv,offshore
ee,h1451,0.4810721751635113,scr1982,avaConv,offshore
ee,h1452,0.4401603132699592,scr1982,avaConv,offshore
ee,h1453,0.40103920020815936,scr1982,avaConv,offshore
ee,h1454,0.37010770362096385,scr1982,avaConv,offshore
ee,h1455,0.3384131120536469,scr1982,avaConv,offshore
ee,h1456,0.3058583476369712,scr1982,avaConv,offshore
ee,h1457,0.27892198377087224,scr1982,avaConv,offshore
ee,h1458,0.2579134522760338,scr1982,avaConv,offshore
ee,h1459,0.23615629083897624,scr1982,avaConv,offshore
ee,h1460,0.2058744085795115,scr1982,avaConv,offshore
ee,h1461,0.16515488755216878,scr1982,avaConv,offshore
ee,h1462,0.12480900339287855,scr1982,avaConv,offshore
ee,h1463,0.10497284294985791,scr1982,avaConv,offshore
ee,h1464,0.09534669715441238,scr1982,avaConv,offshore
ee,h1465,0.09118987782524374,scr1982,avaConv,offshore
ee,h1466,0.08493067976252469,scr1982,avaConv,offshore
ee,h1467,0.09545851294945487,scr1982,avaConv,offshore
ee,h1468,0.11121542427947574,scr1982,avaConv,offshore
ee,h1469,0.11697549458374969,scr1982,avaConv,offshore
ee,h1470,0.11386408276668808,scr1982,avaConv,offshore
ee,h1471,0.10260065562621642,scr1982,avaConv,offshore
ee,h1472,0.09176518007185365,scr1982,avaConv,offshore
ee,h1473,0.09201599483389411,scr1982,avaConv,offshore
ee,h1474,0.11075162071256027,scr1982,avaConv,offshore
ee,h1475,0.15444568708458503,scr1982,avaConv,offshore
ee,h1476,0.18199379919385794,scr1982,avaConv,offshore
ee,h1477,0.18910965695230816,scr1982,avaConv,offshore
ee,h1478,0.16906414418188534,scr1982,avaConv,offshore
ee,h1479,0.15104197110139095,scr1982,avaConv,offshore
ee,h1480,0.13582645345698882,scr1982,avaConv,offshore
ee,h1481,0.114792978705052,scr1982,avaConv,offshore
ee,h1482,0.0879754425508032,scr1982,avaConv,offshore
ee,h1483,0.07993049236151395,scr1982,avaConv,offshore
ee,h1484,0.1331454422833754,scr1982,avaConv,offshore
ee,h1485,0.24398161140574634,scr1982,avaConv,offshore
ee,h1486,0.36927123052051153,scr1982,avaConv,offshore
ee,h1487,0.4726381485052295,scr1982,avaConv,offshore
ee,h1488,0.5296590552290332,scr1982,avaConv,offshore
ee,h1489,0.5458179495479021,scr1982,avaConv,offshore
ee,h1490,0.5303408444870589,scr1982,avaConv,offshore
ee,h1491,0.5062970409076574,scr1982,avaConv,offshore
ee,h1492,0.49325499877282036,scr1982,avaConv,offshore
ee,h1493,0.5049442907975589,scr1982,avaConv,offshore
ee,h1494,0.5226937923548017,scr1982,avaConv,offshore
ee,h1495,0.5169980771188594,scr1982,avaConv,offshore
ee,h1496,0.4750029574518625,scr1982,avaConv,offshore
ee,h1497,0.39575483053905836,scr1982,avaConv,offshore
ee,h1498,0.30564902218629775,scr1982,avaConv,offshore
ee,h1499,0.20220675159297546,scr1982,avaConv,offshore
ee,h1500,0.12697566318115974,scr1982,avaConv,offshore
ee,h1501,0.08884854595148133,scr1982,avaConv,offshore
ee,h1502,0.10620194494654168,scr1982,avaConv,offshore
ee,h1503,0.1450600433456584,scr1982,avaConv,offshore
ee,h1504,0.1883597412578892,scr1982,avaConv,offshore
ee,h1505,0.20623241167172562,scr1982,avaConv,offshore
ee,h1506,0.1991348288128723,scr1982,avaConv,offshore
ee,h1507,0.17110959385082045,scr1982,avaConv,offshore
ee,h1508,0.1535390070273698,scr1982,avaConv,offshore
ee,h1509,0.14408609857540022,scr1982,avaConv,offshore
ee,h1510,0.1429836581372792,scr1982,avaConv,offshore
ee,h1511,0.1500098602476905,scr1982,avaConv,offshore
ee,h1512,0.16930216324236738,scr1982,avaConv,offshore
ee,h1513,0.39981890222374,scr1982,avaConv,offshore
ee,h1514,0.5919077412458298,scr1982,avaConv,offshore
ee,h1515,0.7646555794827805,scr1982,avaConv,offshore
ee,h1516,0.7800528292243729,scr1982,avaConv,offshore
ee,h1517,0.803623594043681,scr1982,avaConv,offshore
ee,h1518,0.832542203062884,scr1982,avaConv,offshore
ee,h1519,0.8593882155386113,scr1982,avaConv,offshore
ee,h1520,0.882743744472033,scr1982,avaConv,offshore
ee,h1521,0.8982258846355061,scr1982,avaConv,offshore
ee,h1522,0.9003875554438757,scr1982,avaConv,offshore
ee,h1523,0.8878587408383567,scr1982,avaConv,offshore
ee,h1524,0.8682525746439782,scr1982,avaConv,offshore
ee,h1525,0.8576483749689431,scr1982,avaConv,offshore
ee,h1526,0.8722511247741491,scr1982,avaConv,offshore
ee,h1527,0.8992400272936321,scr1982,avaConv,offshore
ee,h1528,0.9185389677866329,scr1982,avaConv,offshore
ee,h1529,0.9203547915006551,scr1982,avaConv,offshore
ee,h1530,0.9087278821170831,scr1982,avaConv,offshore
ee,h1531,0.8917232760295601,scr1982,avaConv,offshore
ee,h1532,0.8814872705259736,scr1982,avaConv,offshore
ee,h1533,0.8656536915783024,scr1982,avaConv,offshore
ee,h1534,0.8211666184116098,scr1982,avaConv,offshore
ee,h1535,0.710044944159675,scr1982,avaConv,offshore
ee,h1536,0.5732201206134119,scr1982,avaConv,offshore
ee,h1537,0.4507682751477426,scr1982,avaConv,offshore
ee,h1538,0.40461300724907434,scr1982,avaConv,offshore
ee,h1539,0.42837973770957827,scr1982,avaConv,offshore
ee,h1540,0.49658332447897874,scr1982,avaConv,offshore
ee,h1541,0.5548460318343321,scr1982,avaConv,offshore
ee,h1542,0.5710324397201875,scr1982,avaConv,offshore
ee,h1543,0.5575049128647023,scr1982,avaConv,offshore
ee,h1544,0.5317375967108725,scr1982,avaConv,offshore
ee,h1545,0.4851991907340346,scr1982,avaConv,offshore
ee,h1546,0.4015617153913685,scr1982,avaConv,offshore
ee,h1547,0.30158415234777747,scr1982,avaConv,offshore
ee,h1548,0.2213144676474077,scr1982,avaConv,offshore
ee,h1549,0.1601618980291977,scr1982,avaConv,offshore
ee,h1550,0.10982851085096323,scr1982,avaConv,offshore
ee,h1551,0.06732286632117762,scr1982,avaConv,offshore
ee,h1552,0.06754818898446505,scr1982,avaConv,offshore
ee,h1553,0.10180457111054925,scr1982,avaConv,offshore
ee,h1554,0.1461944167944872,scr1982,avaConv,offshore
ee,h1555,0.1837641589496456,scr1982,avaConv,offshore
ee,h1556,0.20297273992720413,scr1982,avaConv,offshore
ee,h1557,0.2105210404743116,scr1982,avaConv,offshore
ee,h1558,0.20396517456850088,scr1982,avaConv,offshore
ee,h1559,0.1766518304430744,scr1982,avaConv,offshore
ee,h1560,0.1348962234010326,scr1982,avaConv,offshore
ee,h1561,0.09021158220336029,scr1982,avaConv,offshore
ee,h1562,0.05957285182718168,scr1982,avaConv,offshore
ee,h1563,0.036835384298274626,scr1982,avaConv,offshore
ee,h1564,0.019218009153392134,scr1982,avaConv,offshore
ee,h1565,0.0088716741991155,scr1982,avaConv,offshore
ee,h1566,0.0048785563709935,scr1982,avaConv,offshore
ee,h1567,0.0036292706555516208,scr1982,avaConv,offshore
ee,h1568,0.007645962771455646,scr1982,avaConv,offshore
ee,h1569,0.012721173278923388,scr1982,avaConv,offshore
ee,h1570,0.027784811990286654,scr1982,avaConv,offshore
ee,h1571,0.04093417254664616,scr1982,avaConv,offshore
ee,h1572,0.06555712749623645,scr1982,avaConv,offshore
ee,h1573,0.08258780180844584,scr1982,avaConv,offshore
ee,h1574,0.0884304108422013,scr1982,avaConv,offshore
ee,h1575,0.0716228314016729,scr1982,avaConv,offshore
ee,h1576,0.05158899389309473,scr1982,avaConv,offshore
ee,h1577,0.04537065483728359,scr1982,avaConv,offshore
ee,h1578,0.055980300997156056,scr1982,avaConv,offshore
ee,h1579,0.07197202464727981,scr1982,avaConv,offshore
ee,h1580,0.09311349695045903,scr1982,avaConv,offshore
ee,h1581,0.12066604216912323,scr1982,avaConv,offshore
ee,h1582,0.154162010573884,scr1982,avaConv,offshore
ee,h1583,0.20347830768850636,scr1982,avaConv,offshore
ee,h1584,0.2440429864029127,scr1982,avaConv,offshore
ee,h1585,0.2617496225444494,scr1982,avaConv,offshore
ee,h1586,0.24014702075469552,scr1982,avaConv,offshore
ee,h1587,0.19902186033952113,scr1982,avaConv,offshore
ee,h1588,0.15069199378350173,scr1982,avaConv,offshore
ee,h1589,0.10607169631538464,scr1982,avaConv,offshore
ee,h1590,0.06546478502802448,scr1982,avaConv,offshore
ee,h1591,0.04166017456784476,scr1982,avaConv,offshore
ee,h1592,0.03304927552020801,scr1982,avaConv,offshore
ee,h1593,0.03507417526200796,scr1982,avaConv,offshore
ee,h1594,0.039240885841620804,scr1982,avaConv,offshore
ee,h1595,0.03660945233077957,scr1982,avaConv,offshore
ee,h1596,0.033486620202946016,scr1982,avaConv,offshore
ee,h1597,0.02445918583199155,scr1982,avaConv,offshore
ee,h1598,0.015746291758794446,scr1982,avaConv,offshore
ee,h1599,0.007614343597208707,scr1982,avaConv,offshore
ee,h1600,0.0036162663237392445,scr1982,avaConv,offshore
ee,h1601,0.005621862666025311,scr1982,avaConv,offshore
ee,h1602,0.011612462803746367,scr1982,avaConv,offshore
ee,h1603,0.019348645892973578,scr1982,avaConv,offshore
ee,h1604,0.034656998361058046,scr1982,avaConv,offshore
ee,h1605,0.056201162695346994,scr1982,avaConv,offshore
ee,h1606,0.08274347321218133,scr1982,avaConv,offshore
ee,h1607,0.126420424769572,scr1982,avaConv,offshore
ee,h1608,0.16150200139811693,scr1982,avaConv,offshore
ee,h1609,0.22781193285075685,scr1982,avaConv,offshore
ee,h1610,0.2980277930049321,scr1982,avaConv,offshore
ee,h1611,0.3974638345386172,scr1982,avaConv,offshore
ee,h1612,0.5144304857105202,scr1982,avaConv,offshore
ee,h1613,0.6325760445948718,scr1982,avaConv,offshore
ee,h1614,0.7408708249848902,scr1982,avaConv,offshore
ee,h1615,0.8018782065953457,scr1982,avaConv,offshore
ee,h1616,0.8240366937778146,scr1982,avaConv,offshore
ee,h1617,0.8127263866223533,scr1982,avaConv,offshore
ee,h1618,0.7868926444459587,scr1982,avaConv,offshore
ee,h1619,0.7391600762964843,scr1982,avaConv,offshore
ee,h1620,0.6872080998016133,scr1982,avaConv,offshore
ee,h1621,0.6490035996726361,scr1982,avaConv,offshore
ee,h1622,0.6884025586884752,scr1982,avaConv,offshore
ee,h1623,0.7833069358079484,scr1982,avaConv,offshore
ee,h1624,0.8800976030977684,scr1982,avaConv,offshore
ee,h1625,0.933407400353103,scr1982,avaConv,offshore
ee,h1626,0.9448203038254572,scr1982,avaConv,offshore
ee,h1627,0.9462398479599189,scr1982,avaConv,offshore
ee,h1628,0.9453310798670148,scr1982,avaConv,offshore
ee,h1629,0.9428200670730735,scr1982,avaConv,offshore
ee,h1630,0.9391515102027433,scr1982,avaConv,offshore
ee,h1631,0.9277948131902422,scr1982,avaConv,offshore
ee,h1632,0.9266958193435211,scr1982,avaConv,offshore
ee,h1633,0.928870769925045,scr1982,avaConv,offshore
ee,h1634,0.9382353369555422,scr1982,avaConv,offshore
ee,h1635,0.933050682191172,scr1982,avaConv,offshore
ee,h1636,0.9000768150617788,scr1982,avaConv,offshore
ee,h1637,0.852204971768298,scr1982,avaConv,offshore
ee,h1638,0.8034953635895447,scr1982,avaConv,offshore
ee,h1639,0.7477851605002709,scr1982,avaConv,offshore
ee,h1640,0.6799858716727852,scr1982,avaConv,offshore
ee,h1641,0.6098244773409686,scr1982,avaConv,offshore
ee,h1642,0.5652270984038833,scr1982,avaConv,offshore
ee,h1643,0.5222010950548072,scr1982,avaConv,offshore
ee,h1644,0.5051498307816746,scr1982,avaConv,offshore
ee,h1645,0.5183241185674476,scr1982,avaConv,offshore
ee,h1646,0.570589784717459,scr1982,avaConv,offshore
ee,h1647,0.6077389929133606,scr1982,avaConv,offshore
ee,h1648,0.6340860881123519,scr1982,avaConv,offshore
ee,h1649,0.6519336552268392,scr1982,avaConv,offshore
ee,h1650,0.6750371986921256,scr1982,avaConv,offshore
ee,h1651,0.6898603852900744,scr1982,avaConv,offshore
ee,h1652,0.6956439207341407,scr1982,avaConv,offshore
ee,h1653,0.697833372919858,scr1982,avaConv,offshore
ee,h1654,0.7147234981374956,scr1982,avaConv,offshore
ee,h1655,0.73916959055234,scr1982,avaConv,offshore
ee,h1656,0.7613982670454934,scr1982,avaConv,offshore
ee,h1657,0.7632203925298661,scr1982,avaConv,offshore
ee,h1658,0.7641332676551978,scr1982,avaConv,offshore
ee,h1659,0.7517503502980614,scr1982,avaConv,offshore
ee,h1660,0.7442342991523618,scr1982,avaConv,offshore
ee,h1661,0.7495555504476765,scr1982,avaConv,offshore
ee,h1662,0.7742749345581027,scr1982,avaConv,offshore
ee,h1663,0.7975636472902656,scr1982,avaConv,offshore
ee,h1664,0.7956121218945648,scr1982,avaConv,offshore
ee,h1665,0.7672648863754554,scr1982,avaConv,offshore
ee,h1666,0.7190495581696037,scr1982,avaConv,offshore
ee,h1667,0.6882815533208478,scr1982,avaConv,offshore
ee,h1668,0.6931036024838277,scr1982,avaConv,offshore
ee,h1669,0.742279977008027,scr1982,avaConv,offshore
ee,h1670,0.7897877634221145,scr1982,avaConv,offshore
ee,h1671,0.815608603193949,scr1982,avaConv,offshore
ee,h1672,0.8172442139165116,scr1982,avaConv,offshore
ee,h1673,0.8099624507574321,scr1982,avaConv,offshore
ee,h1674,0.7948307534056871,scr1982,avaConv,offshore
ee,h1675,0.7668522292971401,scr1982,avaConv,offshore
ee,h1676,0.7419825838252059,scr1982,avaConv,offshore
ee,h1677,0.7400488016071868,scr1982,avaConv,offshore
ee,h1678,0.7411638507550609,scr1982,avaConv,offshore
ee,h1679,0.7474543930688966,scr1982,avaConv,offshore
ee,h1680,0.736598979024557,scr1982,avaConv,offshore
ee,h1681,0.6353689844857436,scr1982,avaConv,offshore
ee,h1682,0.5262075210067747,scr1982,avaConv,offshore
ee,h1683,0.41356398325627425,scr1982,avaConv,offshore
ee,h1684,0.403178323355966,scr1982,avaConv,offshore
ee,h1685,0.3759551668895014,scr1982,avaConv,offshore
ee,h1686,0.3442106819053881,scr1982,avaConv,offshore
ee,h1687,0.31408720708526733,scr1982,avaConv,offshore
ee,h1688,0.2925087694337394,scr1982,avaConv,offshore
ee,h1689,0.27274373571181787,scr1982,avaConv,offshore
ee,h1690,0.2538077682360726,scr1982,avaConv,offshore
ee,h1691,0.24838393038741438,scr1982,avaConv,offshore
ee,h1692,0.2511805420502194,scr1982,avaConv,offshore
ee,h1693,0.26198179598980587,scr1982,avaConv,offshore
ee,h1694,0.2626990534218351,scr1982,avaConv,offshore
ee,h1695,0.25957492804066296,scr1982,avaConv,offshore
ee,h1696,0.2577814998573586,scr1982,avaConv,offshore
ee,h1697,0.26675418999684636,scr1982,avaConv,offshore
ee,h1698,0.2932735349208572,scr1982,avaConv,offshore
ee,h1699,0.32365623085571027,scr1982,avaConv,offshore
ee,h1700,0.3414337688434557,scr1982,avaConv,offshore
ee,h1701,0.3312302462363199,scr1982,avaConv,offshore
ee,h1702,0.30404294431939755,scr1982,avaConv,offshore
ee,h1703,0.2771484994293476,scr1982,avaConv,offshore
ee,h1704,0.2678798664833667,scr1982,avaConv,offshore
ee,h1705,0.28908066694096085,scr1982,avaConv,offshore
ee,h1706,0.3312691663041583,scr1982,avaConv,offshore
ee,h1707,0.3692698179994306,scr1982,avaConv,offshore
ee,h1708,0.38673136699658833,scr1982,avaConv,offshore
ee,h1709,0.4011666711843484,scr1982,avaConv,offshore
ee,h1710,0.43740818997685815,scr1982,avaConv,offshore
ee,h1711,0.48154644023023996,scr1982,avaConv,offshore
ee,h1712,0.5020771036363971,scr1982,avaConv,offshore
ee,h1713,0.4881097707052519,scr1982,avaConv,offshore
ee,h1714,0.4515670712253474,scr1982,avaConv,offshore
ee,h1715,0.4068785259886378,scr1982,avaConv,offshore
ee,h1716,0.3439437823669018,scr1982,avaConv,offshore
ee,h1717,0.2836199674671329,scr1982,avaConv,offshore
ee,h1718,0.2508879929508672,scr1982,avaConv,offshore
ee,h1719,0.2774088593094449,scr1982,avaConv,offshore
ee,h1720,0.34431962952766393,scr1982,avaConv,offshore
ee,h1721,0.4064622704580644,scr1982,avaConv,offshore
ee,h1722,0.43917380904908915,scr1982,avaConv,offshore
ee,h1723,0.4386830106878848,scr1982,avaConv,offshore
ee,h1724,0.43173607824296484,scr1982,avaConv,offshore
ee,h1725,0.41873031815870226,scr1982,avaConv,offshore
ee,h1726,0.3901084032201978,scr1982,avaConv,offshore
ee,h1727,0.3535348978138993,scr1982,avaConv,offshore
ee,h1728,0.29524415546166505,scr1982,avaConv,offshore
ee,h1729,0.24195079559848176,scr1982,avaConv,offshore
ee,h1730,0.190958845255177,scr1982,avaConv,offshore
ee,h1731,0.17273575964640484,scr1982,avaConv,offshore
ee,h1732,0.16207626440625422,scr1982,avaConv,offshore
ee,h1733,0.14211334522470662,scr1982,avaConv,offshore
ee,h1734,0.11431122149181097,scr1982,avaConv,offshore
ee,h1735,0.09268340681990647,scr1982,avaConv,offshore
ee,h1736,0.08836337742130593,scr1982,avaConv,offshore
ee,h1737,0.1082134971861371,scr1982,avaConv,offshore
ee,h1738,0.14009904760098776,scr1982,avaConv,offshore
ee,h1739,0.1721867743043568,scr1982,avaConv,offshore
ee,h1740,0.17262697442722832,scr1982,avaConv,offshore
ee,h1741,0.14693556791466392,scr1982,avaConv,offshore
ee,h1742,0.10266025205298403,scr1982,avaConv,offshore
ee,h1743,0.06519239448937457,scr1982,avaConv,offshore
ee,h1744,0.043610821547010334,scr1982,avaConv,offshore
ee,h1745,0.03650296048661901,scr1982,avaConv,offshore
ee,h1746,0.04706692169683546,scr1982,avaConv,offshore
ee,h1747,0.05768292235656581,scr1982,avaConv,offshore
ee,h1748,0.05666022179562592,scr1982,avaConv,offshore
ee,h1749,0.04141097721734836,scr1982,avaConv,offshore
ee,h1750,0.02167978256591855,scr1982,avaConv,offshore
ee,h1751,0.008376824226152563,scr1982,avaConv,offshore
ee,h1752,0.004137138377989698,scr1982,avaConv,offshore
ee,h1753,0.003995731351952448,scr1982,avaConv,offshore
ee,h1754,0.004082307116906771,scr1982,avaConv,offshore
ee,h1755,0.0035241256916749056,scr1982,avaConv,offshore
ee,h1756,0.0026983722298023227,scr1982,avaConv,offshore
ee,h1757,0.008519454823915336,scr1982,avaConv,offshore
ee,h1758,0.02523315689240217,scr1982,avaConv,offshore
ee,h1759,0.05172525096953052,scr1982,avaConv,offshore
ee,h1760,0.08388900485222436,scr1982,avaConv,offshore
ee,h1761,0.11905234913721581,scr1982,avaConv,offshore
ee,h1762,0.14864629808336677,scr1982,avaConv,offshore
ee,h1763,0.15144827910021108,scr1982,avaConv,offshore
ee,h1764,0.12944179135678965,scr1982,avaConv,offshore
ee,h1765,0.08976747764435321,scr1982,avaConv,offshore
ee,h1766,0.05858217119323621,scr1982,avaConv,offshore
ee,h1767,0.03758222261601056,scr1982,avaConv,offshore
ee,h1768,0.026099255340225547,scr1982,avaConv,offshore
ee,h1769,0.024480468537086447,scr1982,avaConv,offshore
ee,h1770,0.03067487347030014,scr1982,avaConv,offshore
ee,h1771,0.042427103426188245,scr1982,avaConv,offshore
ee,h1772,0.05459148499571849,scr1982,avaConv,offshore
ee,h1773,0.06088608268871663,scr1982,avaConv,offshore
ee,h1774,0.0600319641858173,scr1982,avaConv,offshore
ee,h1775,0.055597238828194916,scr1982,avaConv,offshore
ee,h1776,0.0488980987563081,scr1982,avaConv,offshore
ee,h1777,0.0422846201142974,scr1982,avaConv,offshore
ee,h1778,0.03378127562815266,scr1982,avaConv,offshore
ee,h1779,0.02739178450583782,scr1982,avaConv,offshore
ee,h1780,0.02316091738729047,scr1982,avaConv,offshore
ee,h1781,0.020530689923916906,scr1982,avaConv,offshore
ee,h1782,0.018403422419957394,scr1982,avaConv,offshore
ee,h1783,0.018951303877667493,scr1982,avaConv,offshore
ee,h1784,0.024377398047241046,scr1982,avaConv,offshore
ee,h1785,0.03465663157568525,scr1982,avaConv,offshore
ee,h1786,0.041380070905546414,scr1982,avaConv,offshore
ee,h1787,0.04588179066138806,scr1982,avaConv,offshore
ee,h1788,0.04519722946658574,scr1982,avaConv,offshore
ee,h1789,0.045760235211359634,scr1982,avaConv,offshore
ee,h1790,0.047039731316749864,scr1982,avaConv,offshore
ee,h1791,0.05394024964811013,scr1982,avaConv,offshore
ee,h1792,0.06378649036645072,scr1982,avaConv,offshore
ee,h1793,0.0736860447557186,scr1982,avaConv,offshore
ee,h1794,0.08397493418158855,scr1982,avaConv,offshore
ee,h1795,0.09021544018955328,scr1982,avaConv,offshore
ee,h1796,0.09271455712105905,scr1982,avaConv,offshore
ee,h1797,0.08349929489109457,scr1982,avaConv,offshore
ee,h1798,0.06836133504871351,scr1982,avaConv,offshore
ee,h1799,0.05603607704981266,scr1982,avaConv,offshore
ee,h1800,0.05437942133507018,scr1982,avaConv,offshore
ee,h1801,0.0577807659135195,scr1982,avaConv,offshore
ee,h1802,0.054735068737716774,scr1982,avaConv,offshore
ee,h1803,0.04459404468797553,scr1982,avaConv,offshore
ee,h1804,0.031069178059220548,scr1982,avaConv,offshore
ee,h1805,0.018926474464981476,scr1982,avaConv,offshore
ee,h1806,0.010844927434074897,scr1982,avaConv,offshore
ee,h1807,0.00993121548480651,scr1982,avaConv,offshore
ee,h1808,0.012639412984818037,scr1982,avaConv,offshore
ee,h1809,0.01477801130123,scr1982,avaConv,offshore
ee,h1810,0.01590105512057009,scr1982,avaConv,offshore
ee,h1811,0.015577163660322744,scr1982,avaConv,offshore
ee,h1812,0.01478576382946953,scr1982,avaConv,offshore
ee,h1813,0.013153363729823578,scr1982,avaConv,offshore
ee,h1814,0.011503494197427107,scr1982,avaConv,offshore
ee,h1815,0.00959692766684746,scr1982,avaConv,offshore
ee,h1816,0.008155410198812324,scr1982,avaConv,offshore
ee,h1817,0.007503758169062778,scr1982,avaConv,offshore
ee,h1818,0.008808977890789075,scr1982,avaConv,offshore
ee,h1819,0.012582788988535714,scr1982,avaConv,offshore
ee,h1820,0.019482983166694945,scr1982,avaConv,offshore
ee,h1821,0.02836333753459297,scr1982,avaConv,offshore
ee,h1822,0.03579200269369004,scr1982,avaConv,offshore
ee,h1823,0.049040922448211954,scr1982,avaConv,offshore
ee,h1824,0.07228238059720632,scr1982,avaConv,offshore
ee,h1825,0.11823147125133411,scr1982,avaConv,offshore
ee,h1826,0.17085854231912698,scr1982,avaConv,offshore
ee,h1827,0.21704299696533447,scr1982,avaConv,offshore
ee,h1828,0.24249603845120482,scr1982,avaConv,offshore
ee,h1829,0.2395633339873224,scr1982,avaConv,offshore
ee,h1830,0.21418937156542653,scr1982,avaConv,offshore
ee,h1831,0.1689447007187305,scr1982,avaConv,offshore
ee,h1832,0.11575805656978852,scr1982,avaConv,offshore
ee,h1833,0.06301033823108881,scr1982,avaConv,offshore
ee,h1834,0.02305375604284539,scr1982,avaConv,offshore
ee,h1835,0.006169709069769833,scr1982,avaConv,offshore
ee,h1836,0.009631220796500637,scr1982,avaConv,offshore
ee,h1837,0.012525290969539986,scr1982,avaConv,offshore
ee,h1838,0.01138873283784705,scr1982,avaConv,offshore
ee,h1839,0.01109608501811012,scr1982,avaConv,offshore
ee,h1840,0.01322892275416923,scr1982,avaConv,offshore
ee,h1841,0.0158916739168216,scr1982,avaConv,offshore
ee,h1842,0.015687117392724628,scr1982,avaConv,offshore
ee,h1843,0.014222638669354037,scr1982,avaConv,offshore
ee,h1844,0.014586707327452453,scr1982,avaConv,offshore
ee,h1845,0.018069261227990862,scr1982,avaConv,offshore
ee,h1846,0.023970230574609272,scr1982,avaConv,offshore
ee,h1847,0.040897034621852416,scr1982,avaConv,offshore
ee,h1848,0.07192185070295895,scr1982,avaConv,offshore
ee,h1849,0.3844175749910328,scr1982,avaConv,offshore
ee,h1850,0.6313211036909265,scr1982,avaConv,offshore
ee,h1851,0.8498621546924039,scr1982,avaConv,offshore
ee,h1852,0.861843839844251,scr1982,avaConv,offshore
ee,h1853,0.8702974518549801,scr1982,avaConv,offshore
ee,h1854,0.8597348030029867,scr1982,avaConv,offshore
ee,h1855,0.8482988932577991,scr1982,avaConv,offshore
ee,h1856,0.8416709718357167,scr1982,avaConv,offshore
ee,h1857,0.8313306350536992,scr1982,avaConv,offshore
ee,h1858,0.8001981335071224,scr1982,avaConv,offshore
ee,h1859,0.7772265137477176,scr1982,avaConv,offshore
ee,h1860,0.7739461592073447,scr1982,avaConv,offshore
ee,h1861,0.8013373655359662,scr1982,avaConv,offshore
ee,h1862,0.8504564610874906,scr1982,avaConv,offshore
ee,h1863,0.8965809169658076,scr1982,avaConv,offshore
ee,h1864,0.930190960378292,scr1982,avaConv,offshore
ee,h1865,0.9353061057968293,scr1982,avaConv,offshore
ee,h1866,0.9405466411039843,scr1982,avaConv,offshore
ee,h1867,0.9454541793175759,scr1982,avaConv,offshore
ee,h1868,0.9418797370315198,scr1982,avaConv,offshore
ee,h1869,0.9336193654881759,scr1982,avaConv,offshore
ee,h1870,0.9194656435919791,scr1982,avaConv,offshore
ee,h1871,0.8964844703348808,scr1982,avaConv,offshore
ee,h1872,0.8752491679129121,scr1982,avaConv,offshore
ee,h1873,0.8686532989612025,scr1982,avaConv,offshore
ee,h1874,0.8769515632120719,scr1982,avaConv,offshore
ee,h1875,0.8990261593394163,scr1982,avaConv,offshore
ee,h1876,0.9182019503317554,scr1982,avaConv,offshore
ee,h1877,0.9331634231060628,scr1982,avaConv,offshore
ee,h1878,0.9266928350830538,scr1982,avaConv,offshore
ee,h1879,0.9095189034878848,scr1982,avaConv,offshore
ee,h1880,0.8966465500847165,scr1982,avaConv,offshore
ee,h1881,0.8902478446978679,scr1982,avaConv,offshore
ee,h1882,0.8823981925060105,scr1982,avaConv,offshore
ee,h1883,0.8523847192430071,scr1982,avaConv,offshore
ee,h1884,0.8531917094148741,scr1982,avaConv,offshore
ee,h1885,0.8710874048530353,scr1982,avaConv,offshore
ee,h1886,0.9121020223679691,scr1982,avaConv,offshore
ee,h1887,0.9297832836642601,scr1982,avaConv,offshore
ee,h1888,0.937418331069752,scr1982,avaConv,offshore
ee,h1889,0.9379477063420925,scr1982,avaConv,offshore
ee,h1890,0.9206750490464075,scr1982,avaConv,offshore
ee,h1891,0.8655981364023948,scr1982,avaConv,offshore
ee,h1892,0.7602350029092736,scr1982,avaConv,offshore
ee,h1893,0.6268645489594218,scr1982,avaConv,offshore
ee,h1894,0.4926303950643159,scr1982,avaConv,offshore
ee,h1895,0.41117237721943517,scr1982,avaConv,offshore
ee,h1896,0.3395372654245514,scr1982,avaConv,offshore
ee,h1897,0.29306868139852055,scr1982,avaConv,offshore
ee,h1898,0.22774810010631422,scr1982,avaConv,offshore
ee,h1899,0.19717640355077515,scr1982,avaConv,offshore
ee,h1900,0.20156124622328214,scr1982,avaConv,offshore
ee,h1901,0.2576366704854437,scr1982,avaConv,offshore
ee,h1902,0.31874976101565594,scr1982,avaConv,offshore
ee,h1903,0.3541506594067664,scr1982,avaConv,offshore
ee,h1904,0.34667898912062545,scr1982,avaConv,offshore
ee,h1905,0.32851988358110523,scr1982,avaConv,offshore
ee,h1906,0.30251447695563327,scr1982,avaConv,offshore
ee,h1907,0.28599845063550483,scr1982,avaConv,offshore
ee,h1908,0.29145364387875194,scr1982,avaConv,offshore
ee,h1909,0.3131504649268079,scr1982,avaConv,offshore
ee,h1910,0.3387985911385445,scr1982,avaConv,offshore
ee,h1911,0.329369086843198,scr1982,avaConv,offshore
ee,h1912,0.303232731870909,scr1982,avaConv,offshore
ee,h1913,0.27390530206557606,scr1982,avaConv,offshore
ee,h1914,0.26441406470747486,scr1982,avaConv,offshore
ee,h1915,0.25860789146761,scr1982,avaConv,offshore
ee,h1916,0.24950285821859816,scr1982,avaConv,offshore
ee,h1917,0.24309276316211142,scr1982,avaConv,offshore
ee,h1918,0.25218574382018305,scr1982,avaConv,offshore
ee,h1919,0.28063713335396073,scr1982,avaConv,offshore
ee,h1920,0.3079262243228617,scr1982,avaConv,offshore
ee,h1921,0.33722799123237907,scr1982,avaConv,offshore
ee,h1922,0.3535215479071452,scr1982,avaConv,offshore
ee,h1923,0.3675656076766075,scr1982,avaConv,offshore
ee,h1924,0.36479409478406344,scr1982,avaConv,offshore
ee,h1925,0.332791628571262,scr1982,avaConv,offshore
ee,h1926,0.2985013788382656,scr1982,avaConv,offshore
ee,h1927,0.29177460142279815,scr1982,avaConv,offshore
ee,h1928,0.3166089082835648,scr1982,avaConv,offshore
ee,h1929,0.331747264095191,scr1982,avaConv,offshore
ee,h1930,0.3168723925700639,scr1982,avaConv,offshore
ee,h1931,0.2850776859876775,scr1982,avaConv,offshore
ee,h1932,0.2636713301074379,scr1982,avaConv,offshore
ee,h1933,0.27256464390883417,scr1982,avaConv,offshore
ee,h1934,0.3209978956697758,scr1982,avaConv,offshore
ee,h1935,0.40325664406966877,scr1982,avaConv,offshore
ee,h1936,0.5075253524939278,scr1982,avaConv,offshore
ee,h1937,0.618983658652408,scr1982,avaConv,offshore
ee,h1938,0.7044100263463657,scr1982,avaConv,offshore
ee,h1939,0.7553889585317299,scr1982,avaConv,offshore
ee,h1940,0.7666793983469499,scr1982,avaConv,offshore
ee,h1941,0.7732106719483797,scr1982,avaConv,offshore
ee,h1942,0.7775608080715369,scr1982,avaConv,offshore
ee,h1943,0.8251115963467617,scr1982,avaConv,offshore
ee,h1944,0.8687809779080229,scr1982,avaConv,offshore
ee,h1945,0.879277844858648,scr1982,avaConv,offshore
ee,h1946,0.8266997284069056,scr1982,avaConv,offshore
ee,h1947,0.7468354472475589,scr1982,avaConv,offshore
ee,h1948,0.6808304661914375,scr1982,avaConv,offshore
ee,h1949,0.6225006076592839,scr1982,avaConv,offshore
ee,h1950,0.5674191062808022,scr1982,avaConv,offshore
ee,h1951,0.5220207792620049,scr1982,avaConv,offshore
ee,h1952,0.48786886917940925,scr1982,avaConv,offshore
ee,h1953,0.4577660190094842,scr1982,avaConv,offshore
ee,h1954,0.447767483747282,scr1982,avaConv,offshore
ee,h1955,0.4782463683597045,scr1982,avaConv,offshore
ee,h1956,0.5672155240311277,scr1982,avaConv,offshore
ee,h1957,0.6564475846218893,scr1982,avaConv,offshore
ee,h1958,0.7115649165815252,scr1982,avaConv,offshore
ee,h1959,0.7350328929834604,scr1982,avaConv,offshore
ee,h1960,0.7503219411214509,scr1982,avaConv,offshore
ee,h1961,0.7775703657639247,scr1982,avaConv,offshore
ee,h1962,0.7902241001838815,scr1982,avaConv,offshore
ee,h1963,0.7860215010376792,scr1982,avaConv,offshore
ee,h1964,0.7686375288910626,scr1982,avaConv,offshore
ee,h1965,0.7508611287231758,scr1982,avaConv,offshore
ee,h1966,0.7307031752242364,scr1982,avaConv,offshore
ee,h1967,0.7612017665149972,scr1982,avaConv,offshore
ee,h1968,0.7708214151516886,scr1982,avaConv,offshore
ee,h1969,0.7351904066709681,scr1982,avaConv,offshore
ee,h1970,0.6100928875406167,scr1982,avaConv,offshore
ee,h1971,0.5013231417144167,scr1982,avaConv,offshore
ee,h1972,0.45267788254068625,scr1982,avaConv,offshore
ee,h1973,0.44173968475696024,scr1982,avaConv,offshore
ee,h1974,0.4359538718573613,scr1982,avaConv,offshore
ee,h1975,0.43766405656207247,scr1982,avaConv,offshore
ee,h1976,0.4584901158747107,scr1982,avaConv,offshore
ee,h1977,0.49136423622111375,scr1982,avaConv,offshore
ee,h1978,0.5191434462388616,scr1982,avaConv,offshore
ee,h1979,0.5198857144343773,scr1982,avaConv,offshore
ee,h1980,0.5240113826093338,scr1982,avaConv,offshore
ee,h1981,0.5465640094612157,scr1982,avaConv,offshore
ee,h1982,0.6114741838192272,scr1982,avaConv,offshore
ee,h1983,0.6881731054279734,scr1982,avaConv,offshore
ee,h1984,0.7597950029445618,scr1982,avaConv,offshore
ee,h1985,0.8262499273673005,scr1982,avaConv,offshore
ee,h1986,0.8839614275102041,scr1982,avaConv,offshore
ee,h1987,0.9249862283135248,scr1982,avaConv,offshore
ee,h1988,0.9413800314743448,scr1982,avaConv,offshore
ee,h1989,0.9413428981065718,scr1982,avaConv,offshore
ee,h1990,0.9401072696347339,scr1982,avaConv,offshore
ee,h1991,0.9328993586868944,scr1982,avaConv,offshore
ee,h1992,0.876843238066111,scr1982,avaConv,offshore
ee,h1993,0.7885758194411071,scr1982,avaConv,offshore
ee,h1994,0.7025690085101057,scr1982,avaConv,offshore
ee,h1995,0.6722104975898306,scr1982,avaConv,offshore
ee,h1996,0.6541334583174525,scr1982,avaConv,offshore
ee,h1997,0.6117424065964735,scr1982,avaConv,offshore
ee,h1998,0.5548580681779322,scr1982,avaConv,offshore
ee,h1999,0.5195485478240598,scr1982,avaConv,offshore
ee,h2000,0.5272684223606273,scr1982,avaConv,offshore
ee,h2001,0.5477633726581574,scr1982,avaConv,offshore
ee,h2002,0.5512277792275965,scr1982,avaConv,offshore
ee,h2003,0.5284478841119611,scr1982,avaConv,offshore
ee,h2004,0.4791257947430701,scr1982,avaConv,offshore
ee,h2005,0.43255378204884604,scr1982,avaConv,offshore
ee,h2006,0.4095809518998265,scr1982,avaConv,offshore
ee,h2007,0.44374576368287527,scr1982,avaConv,offshore
ee,h2008,0.5052067658159624,scr1982,avaConv,offshore
ee,h2009,0.5954446286677991,scr1982,avaConv,offshore
ee,h2010,0.6750952340222813,scr1982,avaConv,offshore
ee,h2011,0.7237718100320141,scr1982,avaConv,offshore
ee,h2012,0.7126436202436125,scr1982,avaConv,offshore
ee,h2013,0.6794448403663442,scr1982,avaConv,offshore
ee,h2014,0.6305212861251474,scr1982,avaConv,offshore
ee,h2015,0.5968256037912052,scr1982,avaConv,offshore
ee,h2016,0.5676082793564169,scr1982,avaConv,offshore
ee,h2017,0.4114626059331163,scr1982,avaConv,offshore
ee,h2018,0.24452717919826125,scr1982,avaConv,offshore
ee,h2019,0.017455189046404303,scr1982,avaConv,offshore
ee,h2020,0.02344867056740899,scr1982,avaConv,offshore
ee,h2021,0.027463302924730017,scr1982,avaConv,offshore
ee,h2022,0.030331628733197655,scr1982,avaConv,offshore
ee,h2023,0.03553615571049432,scr1982,avaConv,offshore
ee,h2024,0.03960461922869642,scr1982,avaConv,offshore
ee,h2025,0.04469409573367294,scr1982,avaConv,offshore
ee,h2026,0.06516708707480835,scr1982,avaConv,offshore
ee,h2027,0.13336060717913845,scr1982,avaConv,offshore
ee,h2028,0.2079761892438928,scr1982,avaConv,offshore
ee,h2029,0.26185649473488826,scr1982,avaConv,offshore
ee,h2030,0.25672616303505147,scr1982,avaConv,offshore
ee,h2031,0.2185880730054442,scr1982,avaConv,offshore
ee,h2032,0.17749131894021355,scr1982,avaConv,offshore
ee,h2033,0.17213853012806102,scr1982,avaConv,offshore
ee,h2034,0.21385787812562865,scr1982,avaConv,offshore
ee,h2035,0.2903670618053742,scr1982,avaConv,offshore
ee,h2036,0.36907360163234393,scr1982,avaConv,offshore
ee,h2037,0.43158531808698936,scr1982,avaConv,offshore
ee,h2038,0.47168274427372314,scr1982,avaConv,offshore
ee,h2039,0.4997029529467337,scr1982,avaConv,offshore
ee,h2040,0.5378693996917825,scr1982,avaConv,offshore
ee,h2041,0.5848978846668393,scr1982,avaConv,offshore
ee,h2042,0.6385622067792647,scr1982,avaConv,offshore
ee,h2043,0.6796404486925065,scr1982,avaConv,offshore
ee,h2044,0.7161921276813087,scr1982,avaConv,offshore
ee,h2045,0.7495732038032424,scr1982,avaConv,offshore
ee,h2046,0.7864289504940448,scr1982,avaConv,offshore
ee,h2047,0.8202463735851486,scr1982,avaConv,offshore
ee,h2048,0.8559275527337521,scr1982,avaConv,offshore
ee,h2049,0.8930546416792846,scr1982,avaConv,offshore
ee,h2050,0.9249372728926015,scr1982,avaConv,offshore
ee,h2051,0.9440284951293216,scr1982,avaConv,offshore
ee,h2052,0.9491812487509265,scr1982,avaConv,offshore
ee,h2053,0.9499581576562931,scr1982,avaConv,offshore
ee,h2054,0.949987758213851,scr1982,avaConv,offshore
ee,h2055,0.9499987619376494,scr1982,avaConv,offshore
ee,h2056,0.9499999843499785,scr1982,avaConv,offshore
ee,h2057,0.9499994845694838,scr1982,avaConv,offshore
ee,h2058,0.9499708412339539,scr1982,avaConv,offshore
ee,h2059,0.9487379268450702,scr1982,avaConv,offshore
ee,h2060,0.9377469521187037,scr1982,avaConv,offshore
ee,h2061,0.9007302756764267,scr1982,avaConv,offshore
ee,h2062,0.8415868767381772,scr1982,avaConv,offshore
ee,h2063,0.7952594318983908,scr1982,avaConv,offshore
ee,h2064,0.7851388766758663,scr1982,avaConv,offshore
ee,h2065,0.7902393944343006,scr1982,avaConv,offshore
ee,h2066,0.7687247071791004,scr1982,avaConv,offshore
ee,h2067,0.7307657277830175,scr1982,avaConv,offshore
ee,h2068,0.6899081545438048,scr1982,avaConv,offshore
ee,h2069,0.636081669929009,scr1982,avaConv,offshore
ee,h2070,0.543997110238612,scr1982,avaConv,offshore
ee,h2071,0.4283317950122901,scr1982,avaConv,offshore
ee,h2072,0.3267219615295972,scr1982,avaConv,offshore
ee,h2073,0.26462899818525654,scr1982,avaConv,offshore
ee,h2074,0.23233743282114455,scr1982,avaConv,offshore
ee,h2075,0.22614854901220222,scr1982,avaConv,offshore
ee,h2076,0.21569624515850572,scr1982,avaConv,offshore
ee,h2077,0.18549241729301202,scr1982,avaConv,offshore
ee,h2078,0.14027769504676763,scr1982,avaConv,offshore
ee,h2079,0.09453736557600059,scr1982,avaConv,offshore
ee,h2080,0.06875575263188743,scr1982,avaConv,offshore
ee,h2081,0.05700602878869049,scr1982,avaConv,offshore
ee,h2082,0.06991317039989892,scr1982,avaConv,offshore
ee,h2083,0.09686821282197967,scr1982,avaConv,offshore
ee,h2084,0.12839280262061617,scr1982,avaConv,offshore
ee,h2085,0.1666800465626634,scr1982,avaConv,offshore
ee,h2086,0.21717116883921048,scr1982,avaConv,offshore
ee,h2087,0.2750998179097314,scr1982,avaConv,offshore
ee,h2088,0.3011847334208406,scr1982,avaConv,offshore
ee,h2089,0.3175531975831866,scr1982,avaConv,offshore
ee,h2090,0.33743940461999133,scr1982,avaConv,offshore
ee,h2091,0.39796395458997774,scr1982,avaConv,offshore
ee,h2092,0.45572134984273155,scr1982,avaConv,offshore
ee,h2093,0.48776603735091056,scr1982,avaConv,offshore
ee,h2094,0.47719282127042695,scr1982,avaConv,offshore
ee,h2095,0.4918482890738564,scr1982,avaConv,offshore
ee,h2096,0.510420230205358,scr1982,avaConv,offshore
ee,h2097,0.5278297524567419,scr1982,avaConv,offshore
ee,h2098,0.48087270034615676,scr1982,avaConv,offshore
ee,h2099,0.39932608826344695,scr1982,avaConv,offshore
ee,h2100,0.29885493518172124,scr1982,avaConv,offshore
ee,h2101,0.24872464676667258,scr1982,avaConv,offshore
ee,h2102,0.21024781691463174,scr1982,avaConv,offshore
ee,h2103,0.19015609992973315,scr1982,avaConv,offshore
ee,h2104,0.17581225584412108,scr1982,avaConv,offshore
ee,h2105,0.23074094868312536,scr1982,avaConv,offshore
ee,h2106,0.3055492418979938,scr1982,avaConv,offshore
ee,h2107,0.3934054120695739,scr1982,avaConv,offshore
ee,h2108,0.4697823081135822,scr1982,avaConv,offshore
ee,h2109,0.5389900185944748,scr1982,avaConv,offshore
ee,h2110,0.5599998995893313,scr1982,avaConv,offshore
ee,h2111,0.5525468042827022,scr1982,avaConv,offshore
ee,h2112,0.5400409432471569,scr1982,avaConv,offshore
ee,h2113,0.5140533032564271,scr1982,avaConv,offshore
ee,h2114,0.4638654765285533,scr1982,avaConv,offshore
ee,h2115,0.4054220021808233,scr1982,avaConv,offshore
ee,h2116,0.35742572987850774,scr1982,avaConv,offshore
ee,h2117,0.30791951752907815,scr1982,avaConv,offshore
ee,h2118,0.23557718396781374,scr1982,avaConv,offshore
ee,h2119,0.15546201062194268,scr1982,avaConv,offshore
ee,h2120,0.09716154055313299,scr1982,avaConv,offshore
ee,h2121,0.066150208200402,scr1982,avaConv,offshore
ee,h2122,0.046748775840537944,scr1982,avaConv,offshore
ee,h2123,0.026117414076481466,scr1982,avaConv,offshore
ee,h2124,0.020527452536772184,scr1982,avaConv,offshore
ee,h2125,0.07496661461483133,scr1982,avaConv,offshore
ee,h2126,0.1775174645607627,scr1982,avaConv,offshore
ee,h2127,0.32406761330946554,scr1982,avaConv,offshore
ee,h2128,0.4860978587976411,scr1982,avaConv,offshore
ee,h2129,0.5807737403541571,scr1982,avaConv,offshore
ee,h2130,0.6070864463208817,scr1982,avaConv,offshore
ee,h2131,0.5885569274806471,scr1982,avaConv,offshore
ee,h2132,0.6030059320217592,scr1982,avaConv,offshore
ee,h2133,0.6593581470250431,scr1982,avaConv,offshore
ee,h2134,0.7359673093344706,scr1982,avaConv,offshore
ee,h2135,0.8323192467453713,scr1982,avaConv,offshore
ee,h2136,0.9017930672252088,scr1982,avaConv,offshore
ee,h2137,0.9344918161036231,scr1982,avaConv,offshore
ee,h2138,0.923049333968865,scr1982,avaConv,offshore
ee,h2139,0.8983984649090482,scr1982,avaConv,offshore
ee,h2140,0.8676198040668603,scr1982,avaConv,offshore
ee,h2141,0.8381074188637939,scr1982,avaConv,offshore
ee,h2142,0.7815743213803478,scr1982,avaConv,offshore
ee,h2143,0.7110146800582875,scr1982,avaConv,offshore
ee,h2144,0.6507910909736371,scr1982,avaConv,offshore
ee,h2145,0.6250605175057735,scr1982,avaConv,offshore
ee,h2146,0.6249718573802062,scr1982,avaConv,offshore
ee,h2147,0.640505036806192,scr1982,avaConv,offshore
ee,h2148,0.6963843219011921,scr1982,avaConv,offshore
ee,h2149,0.7740271579033807,scr1982,avaConv,offshore
ee,h2150,0.8294913947585647,scr1982,avaConv,offshore
ee,h2151,0.8467802794052156,scr1982,avaConv,offshore
ee,h2152,0.851895069809058,scr1982,avaConv,offshore
ee,h2153,0.8705535260693787,scr1982,avaConv,offshore
ee,h2154,0.8991225860572876,scr1982,avaConv,offshore
ee,h2155,0.9210745179365214,scr1982,avaConv,offshore
ee,h2156,0.9330449058460495,scr1982,avaConv,offshore
ee,h2157,0.9392322958328355,scr1982,avaConv,offshore
ee,h2158,0.9421083033011174,scr1982,avaConv,offshore
ee,h2159,0.9428946321852878,scr1982,avaConv,offshore
ee,h2160,0.9441379037904455,scr1982,avaConv,offshore
es,h1441,0.9499889086416373,scr1982,avaConv,offshore
es,h1442,0.946465425118567,scr1982,avaConv,offshore
es,h1443,0.9236747161907506,scr1982,avaConv,offshore
es,h1444,0.8814576744237694,scr1982,avaConv,offshore
es,h1445,0.8399276425277448,scr1982,avaConv,offshore
es,h1446,0.823976119430678,scr1982,avaConv,offshore
es,h1447,0.8339633174227733,scr1982,avaConv,offshore
es,h1448,0.8541933368488349,scr1982,avaConv,offshore
es,h1449,0.8710522517755972,scr1982,avaConv,offshore
es,h1450,0.8931869380028493,scr1982,avaConv,offshore
es,h1451,0.9131686415177475,scr1982,avaConv,offshore
es,h1452,0.9284910457513165,scr1982,avaConv,offshore
es,h1453,0.9309234039623018,scr1982,avaConv,offshore
es,h1454,0.9303206866868764,scr1982,avaConv,offshore
es,h1455,0.9323449303034451,scr1982,avaConv,offshore
es,h1456,0.9342932092986566,scr1982,avaConv,offshore
es,h1457,0.9309890040046612,scr1982,avaConv,offshore
es,h1458,0.9225347803224626,scr1982,avaConv,offshore
es,h1459,0.9118346057060909,scr1982,avaConv,offshore
es,h1460,0.8982652250492698,scr1982,avaConv,offshore
es,h1461,0.8921930300092631,scr1982,avaConv,offshore
es,h1462,0.8834399895758873,scr1982,avaConv,offshore
es,h1463,0.8714642468966703,scr1982,avaConv,offshore
es,h1464,0.8680460836654742,scr1982,avaConv,offshore
es,h1465,0.8670568403941954,scr1982,avaConv,offshore
es,h1466,0.8763725052695087,scr1982,avaConv,offshore
es,h1467,0.8626306401391494,scr1982,avaConv,offshore
es,h1468,0.8365417559769128,scr1982,avaConv,offshore
es,h1469,0.7888248088452215,scr1982,avaConv,offshore
es,h1470,0.730385478952912,scr1982,avaConv,offshore
es,h1471,0.6763310146988135,scr1982,avaConv,offshore
es,h1472,0.6153675879769914,scr1982,avaConv,offshore
es,h1473,0.5616465873332349,scr1982,avaConv,offshore
es,h1474,0.5049259397449348,scr1982,avaConv,offshore
es,h1475,0.4597250369031903,scr1982,avaConv,offshore
es,h1476,0.441576356258982,scr1982,avaConv,offshore
es,h1477,0.460877867295472,scr1982,avaConv,offshore
es,h1478,0.5049100973214443,scr1982,avaConv,offshore
es,h1479,0.5482882367761743,scr1982,avaConv,offshore
es,h1480,0.5833435407649658,scr1982,avaConv,offshore
es,h1481,0.6141167754119754,scr1982,avaConv,offshore
es,h1482,0.6301418935235985,scr1982,avaConv,offshore
es,h1483,0.6360807109336725,scr1982,avaConv,offshore
es,h1484,0.6344261492164025,scr1982,avaConv,offshore
es,h1485,0.6179635366332034,scr1982,avaConv,offshore
es,h1486,0.5858600185549172,scr1982,avaConv,offshore
es,h1487,0.5677959840207835,scr1982,avaConv,offshore
es,h1488,0.5611367921815781,scr1982,avaConv,offshore
es,h1489,0.5764649491019029,scr1982,avaConv,offshore
es,h1490,0.5979195699526507,scr1982,avaConv,offshore
es,h1491,0.6410967902184012,scr1982,avaConv,offshore
es,h1492,0.6915855166040562,scr1982,avaConv,offshore
es,h1493,0.7496059335237923,scr1982,avaConv,offshore
es,h1494,0.809286068887952,scr1982,avaConv,offshore
es,h1495,0.8583979752802902,scr1982,avaConv,offshore
es,h1496,0.8874064401423455,scr1982,avaConv,offshore
es,h1497,0.9016991399302827,scr1982,avaConv,offshore
es,h1498,0.9078334433788784,scr1982,avaConv,offshore
es,h1499,0.8999044890156163,scr1982,avaConv,offshore
es,h1500,0.8987728805014535,scr1982,avaConv,offshore
es,h1501,0.9006609128450929,scr1982,avaConv,offshore
es,h1502,0.9120591207174128,scr1982,avaConv,offshore
es,h1503,0.9172696620676174,scr1982,avaConv,offshore
es,h1504,0.9195209275097614,scr1982,avaConv,offshore
es,h1505,0.9268091985384914,scr1982,avaConv,offshore
es,h1506,0.9346725315957813,scr1982,avaConv,offshore
es,h1507,0.9441764420474413,scr1982,avaConv,offshore
es,h1508,0.9484576929476707,scr1982,avaConv,offshore
es,h1509,0.9419200373159683,scr1982,avaConv,offshore
es,h1510,0.9229413082523902,scr1982,avaConv,offshore
es,h1511,0.8276935149989857,scr1982,avaConv,offshore
es,h1512,0.7533862983613402,scr1982,avaConv,offshore
es,h1513,0.6212865184667905,scr1982,avaConv,offshore
es,h1514,0.5586373917668154,scr1982,avaConv,offshore
es,h1515,0.4645258907353551,scr1982,avaConv,offshore
es,h1516,0.45451421661525804,scr1982,avaConv,offshore
es,h1517,0.4506779706874721,scr1982,avaConv,offshore
es,h1518,0.44418278014537244,scr1982,avaConv,offshore
es,h1519,0.4128565180158219,scr1982,avaConv,offshore
es,h1520,0.3753028424750125,scr1982,avaConv,offshore
es,h1521,0.35482783924721784,scr1982,avaConv,offshore
es,h1522,0.33928648143595247,scr1982,avaConv,offshore
es,h1523,0.36268038764072585,scr1982,avaConv,offshore
es,h1524,0.40456083078043925,scr1982,avaConv,offshore
es,h1525,0.4689576251742454,scr1982,avaConv,offshore
es,h1526,0.5134542085198965,scr1982,avaConv,offshore
es,h1527,0.5475538224549384,scr1982,avaConv,offshore
es,h1528,0.5510306427725346,scr1982,avaConv,offshore
es,h1529,0.5225142121049275,scr1982,avaConv,offshore
es,h1530,0.4640675401998848,scr1982,avaConv,offshore
es,h1531,0.4005725544181517,scr1982,avaConv,offshore
es,h1532,0.33736078744994497,scr1982,avaConv,offshore
es,h1533,0.2739790850661461,scr1982,avaConv,offshore
es,h1534,0.20639445857748104,scr1982,avaConv,offshore
es,h1535,0.17233742088778267,scr1982,avaConv,offshore
es,h1536,0.13914035736949568,scr1982,avaConv,offshore
es,h1537,0.11222750931027557,scr1982,avaConv,offshore
es,h1538,0.06451259094991339,scr1982,avaConv,offshore
es,h1539,0.045420429544429146,scr1982,avaConv,offshore
es,h1540,0.05004705011535329,scr1982,avaConv,offshore
es,h1541,0.06343940872873434,scr1982,avaConv,offshore
es,h1542,0.07194775799813535,scr1982,avaConv,offshore
es,h1543,0.07021865507748823,scr1982,avaConv,offshore
es,h1544,0.06920651759187918,scr1982,avaConv,offshore
es,h1545,0.08022776527044921,scr1982,avaConv,offshore
es,h1546,0.10863807894193156,scr1982,avaConv,offshore
es,h1547,0.15123230738847682,scr1982,avaConv,offshore
es,h1548,0.21424220388696408,scr1982,avaConv,offshore
es,h1549,0.2898665021006037,scr1982,avaConv,offshore
es,h1550,0.35837382267846474,scr1982,avaConv,offshore
es,h1551,0.4185277058512267,scr1982,avaConv,offshore
es,h1552,0.46041006549546515,scr1982,avaConv,offshore
es,h1553,0.47549779879954424,scr1982,avaConv,offshore
es,h1554,0.44148256526778984,scr1982,avaConv,offshore
es,h1555,0.383293002624625,scr1982,avaConv,offshore
es,h1556,0.33291626814814335,scr1982,avaConv,offshore
es,h1557,0.317176375250929,scr1982,avaConv,offshore
es,h1558,0.3429027326031081,scr1982,avaConv,offshore
es,h1559,0.3650212754210062,scr1982,avaConv,offshore
es,h1560,0.39460577378038963,scr1982,avaConv,offshore
es,h1561,0.43482109907668776,scr1982,avaConv,offshore
es,h1562,0.5341048630808619,scr1982,avaConv,offshore
es,h1563,0.6493732936647858,scr1982,avaConv,offshore
es,h1564,0.7519635824450726,scr1982,avaConv,offshore
es,h1565,0.8096885706955169,scr1982,avaConv,offshore
es,h1566,0.8439643778885035,scr1982,avaConv,offshore
es,h1567,0.8399878302314051,scr1982,avaConv,offshore
es,h1568,0.8171706427804808,scr1982,avaConv,offshore
es,h1569,0.7690497810816889,scr1982,avaConv,offshore
es,h1570,0.7224706269703722,scr1982,avaConv,offshore
es,h1571,0.7104707663313273,scr1982,avaConv,offshore
es,h1572,0.692517345660391,scr1982,avaConv,offshore
es,h1573,0.6868600272214387,scr1982,avaConv,offshore
es,h1574,0.673724883175816,scr1982,avaConv,offshore
es,h1575,0.6816707499312525,scr1982,avaConv,offshore
es,h1576,0.6934734654582865,scr1982,avaConv,offshore
es,h1577,0.6915707237544855,scr1982,avaConv,offshore
es,h1578,0.660260433483916,scr1982,avaConv,offshore
es,h1579,0.5956169801257641,scr1982,avaConv,offshore
es,h1580,0.519777923340781,scr1982,avaConv,offshore
es,h1581,0.4869400869469583,scr1982,avaConv,offshore
es,h1582,0.5044256895233168,scr1982,avaConv,offshore
es,h1583,0.565526901488969,scr1982,avaConv,offshore
es,h1584,0.631773973193583,scr1982,avaConv,offshore
es,h1585,0.6818122849050222,scr1982,avaConv,offshore
es,h1586,0.7081903660617531,scr1982,avaConv,offshore
es,h1587,0.7203705815010734,scr1982,avaConv,offshore
es,h1588,0.7275688894393628,scr1982,avaConv,offshore
es,h1589,0.7250308082730529,scr1982,avaConv,offshore
es,h1590,0.739039951423747,scr1982,avaConv,offshore
es,h1591,0.7590380583664911,scr1982,avaConv,offshore
es,h1592,0.7891459461947962,scr1982,avaConv,offshore
es,h1593,0.8249179226353451,scr1982,avaConv,offshore
es,h1594,0.8712289037413443,scr1982,avaConv,offshore
es,h1595,0.9100201164350292,scr1982,avaConv,offshore
es,h1596,0.9301025485511185,scr1982,avaConv,offshore
es,h1597,0.9371519334527035,scr1982,avaConv,offshore
es,h1598,0.9458876828534976,scr1982,avaConv,offshore
es,h1599,0.9481142362352777,scr1982,avaConv,offshore
es,h1600,0.948462430964169,scr1982,avaConv,offshore
es,h1601,0.9471340731999041,scr1982,avaConv,offshore
es,h1602,0.9408647165432593,scr1982,avaConv,offshore
es,h1603,0.9313555933160607,scr1982,avaConv,offshore
es,h1604,0.9226516229552822,scr1982,avaConv,offshore
es,h1605,0.9154795602322049,scr1982,avaConv,offshore
es,h1606,0.9073631851111219,scr1982,avaConv,offshore
es,h1607,0.899135732085774,scr1982,avaConv,offshore
es,h1608,0.8945240198837989,scr1982,avaConv,offshore
es,h1609,0.896029058110887,scr1982,avaConv,offshore
es,h1610,0.8968526077621919,scr1982,avaConv,offshore
es,h1611,0.8906860563904008,scr1982,avaConv,offshore
es,h1612,0.8694835463724462,scr1982,avaConv,offshore
es,h1613,0.8196068522987835,scr1982,avaConv,offshore
es,h1614,0.7382571055345469,scr1982,avaConv,offshore
es,h1615,0.6298388562815893,scr1982,avaConv,offshore
es,h1616,0.5173888411907833,scr1982,avaConv,offshore
es,h1617,0.42391547611927693,scr1982,avaConv,offshore
es,h1618,0.36564890278545714,scr1982,avaConv,offshore
es,h1619,0.33502704450717546,scr1982,avaConv,offshore
es,h1620,0.3370387248540358,scr1982,avaConv,offshore
es,h1621,0.3623624565524253,scr1982,avaConv,offshore
es,h1622,0.40995365203024753,scr1982,avaConv,offshore
es,h1623,0.448679201162582,scr1982,avaConv,offshore
es,h1624,0.4678439562689274,scr1982,avaConv,offshore
es,h1625,0.4717301133700937,scr1982,avaConv,offshore
es,h1626,0.4632127968093177,scr1982,avaConv,offshore
es,h1627,0.44310014501982886,scr1982,avaConv,offshore
es,h1628,0.3974320280013391,scr1982,avaConv,offshore
es,h1629,0.33454224752956274,scr1982,avaConv,offshore
es,h1630,0.2615280127909771,scr1982,avaConv,offshore
es,h1631,0.20590139970688492,scr1982,avaConv,offshore
es,h1632,0.16697005314575972,scr1982,avaConv,offshore
es,h1633,0.1569847586390273,scr1982,avaConv,offshore
es,h1634,0.1638795855772469,scr1982,avaConv,offshore
es,h1635,0.18606379851567414,scr1982,avaConv,offshore
es,h1636,0.20543732366084633,scr1982,avaConv,offshore
es,h1637,0.21408237628998353,scr1982,avaConv,offshore
es,h1638,0.20795869050914353,scr1982,avaConv,offshore
es,h1639,0.1943269574507671,scr1982,avaConv,offshore
es,h1640,0.1889713596165938,scr1982,avaConv,offshore
es,h1641,0.20800236236799846,scr1982,avaConv,offshore
es,h1642,0.24571604008870412,scr1982,avaConv,offshore
es,h1643,0.27542263056270055,scr1982,avaConv,offshore
es,h1644,0.28005932734351147,scr1982,avaConv,offshore
es,h1645,0.26657803295954274,scr1982,avaConv,offshore
es,h1646,0.2800270101111081,scr1982,avaConv,offshore
es,h1647,0.32753694501396197,scr1982,avaConv,offshore
es,h1648,0.39218580973456574,scr1982,avaConv,offshore
es,h1649,0.4600639454063951,scr1982,avaConv,offshore
es,h1650,0.5385044926573247,scr1982,avaConv,offshore
es,h1651,0.6390794265046201,scr1982,avaConv,offshore
es,h1652,0.7172022554518789,scr1982,avaConv,offshore
es,h1653,0.7173058713228311,scr1982,avaConv,offshore
es,h1654,0.620354907280306,scr1982,avaConv,offshore
es,h1655,0.44811023442118736,scr1982,avaConv,offshore
es,h1656,0.3084314609496966,scr1982,avaConv,offshore
es,h1657,0.23032278593408595,scr1982,avaConv,offshore
es,h1658,0.23246094950871027,scr1982,avaConv,offshore
es,h1659,0.25858082803173105,scr1982,avaConv,offshore
es,h1660,0.28414138686473317,scr1982,avaConv,offshore
es,h1661,0.2855947519903358,scr1982,avaConv,offshore
es,h1662,0.26472383563586743,scr1982,avaConv,offshore
es,h1663,0.2427051528284619,scr1982,avaConv,offshore
es,h1664,0.23158626979475197,scr1982,avaConv,offshore
es,h1665,0.22290302483428465,scr1982,avaConv,offshore
es,h1666,0.20482319046096323,scr1982,avaConv,offshore
es,h1667,0.18346870536208792,scr1982,avaConv,offshore
es,h1668,0.15602614275226664,scr1982,avaConv,offshore
es,h1669,0.13276004263782756,scr1982,avaConv,offshore
es,h1670,0.10948250285518835,scr1982,avaConv,offshore
es,h1671,0.09255638799057056,scr1982,avaConv,offshore
es,h1672,0.08108909892477095,scr1982,avaConv,offshore
es,h1673,0.07991616877040268,scr1982,avaConv,offshore
es,h1674,0.09544791180349955,scr1982,avaConv,offshore
es,h1675,0.13989511766384527,scr1982,avaConv,offshore
es,h1676,0.20756770163232174,scr1982,avaConv,offshore
es,h1677,0.2826189965703349,scr1982,avaConv,offshore
es,h1678,0.34149758875620134,scr1982,avaConv,offshore
es,h1679,0.34260714363800415,scr1982,avaConv,offshore
es,h1680,0.31742081567998537,scr1982,avaConv,offshore
es,h1681,0.25847532208768303,scr1982,avaConv,offshore
es,h1682,0.23060602353359855,scr1982,avaConv,offshore
es,h1683,0.21240520852859907,scr1982,avaConv,offshore
es,h1684,0.2233297326699451,scr1982,avaConv,offshore
es,h1685,0.23415232699005056,scr1982,avaConv,offshore
es,h1686,0.24341664130834473,scr1982,avaConv,offshore
es,h1687,0.2437671226534967,scr1982,avaConv,offshore
es,h1688,0.24170060915109107,scr1982,avaConv,offshore
es,h1689,0.23609181307506755,scr1982,avaConv,offshore
es,h1690,0.23266581382002538,scr1982,avaConv,offshore
es,h1691,0.2292861188972157,scr1982,avaConv,offshore
es,h1692,0.22343792219735975,scr1982,avaConv,offshore
es,h1693,0.19536405550713903,scr1982,avaConv,offshore
es,h1694,0.1508704835538891,scr1982,avaConv,offshore
es,h1695,0.10476298276969669,scr1982,avaConv,offshore
es,h1696,0.07796122784693144,scr1982,avaConv,offshore
es,h1697,0.06237385130220114,scr1982,avaConv,offshore
es,h1698,0.04327112733692034,scr1982,avaConv,offshore
es,h1699,0.022554818759208634,scr1982,avaConv,offshore
es,h1700,0.007398840342187039,scr1982,avaConv,offshore
es,h1701,0.0010945891881646063,scr1982,avaConv,offshore
es,h1702,0.0,scr1982,avaConv,offshore
es,h1703,0.0,scr1982,avaConv,offshore
es,h1704,0.0,scr1982,avaConv,offshore
es,h1705,0.0,scr1982,avaConv,offshore
es,h1706,0.0,scr1982,avaConv,offshore
es,h1707,0.0,scr1982,avaConv,offshore
es,h1708,0.0,scr1982,avaConv,offshore
es,h1709,0.0,scr1982,avaConv,offshore
es,h1710,0.0018123367847883067,scr1982,avaConv,offshore
es,h1711,0.004628902380566853,scr1982,avaConv,offshore
es,h1712,0.010711767575589374,scr1982,avaConv,offshore
es,h1713,0.023575609538002733,scr1982,avaConv,offshore
es,h1714,0.0350800590690441,scr1982,avaConv,offshore
es,h1715,0.07318641852082726,scr1982,avaConv,offshore
es,h1716,0.10315173787305218,scr1982,avaConv,offshore
es,h1717,0.11498782273509715,scr1982,avaConv,offshore
es,h1718,0.09525470346960757,scr1982,avaConv,offshore
es,h1719,0.07284694217488547,scr1982,avaConv,offshore
es,h1720,0.0698165476927726,scr1982,avaConv,offshore
es,h1721,0.07480333337183571,scr1982,avaConv,offshore
es,h1722,0.07057369910131056,scr1982,avaConv,offshore
es,h1723,0.055335834811033754,scr1982,avaConv,offshore
es,h1724,0.032961156666437605,scr1982,avaConv,offshore
es,h1725,0.02228727238804183,scr1982,avaConv,offshore
es,h1726,0.039532191238999724,scr1982,avaConv,offshore
es,h1727,0.07084557700627492,scr1982,avaConv,offshore
es,h1728,0.10628984929644325,scr1982,avaConv,offshore
es,h1729,0.11716102548177806,scr1982,avaConv,offshore
es,h1730,0.11927573407595805,scr1982,avaConv,offshore
es,h1731,0.14694918744616933,scr1982,avaConv,offshore
es,h1732,0.2303644250902629,scr1982,avaConv,offshore
es,h1733,0.3692603092407743,scr1982,avaConv,offshore
es,h1734,0.5150105255327326,scr1982,avaConv,offshore
es,h1735,0.6366542364299334,scr1982,avaConv,offshore
es,h1736,0.6934095025729947,scr1982,avaConv,offshore
es,h1737,0.6912278962968621,scr1982,avaConv,offshore
es,h1738,0.6463218444935187,scr1982,avaConv,offshore
es,h1739,0.6260488496408895,scr1982,avaConv,offshore
es,h1740,0.6484738586109091,scr1982,avaConv,offshore
es,h1741,0.7104954787816553,scr1982,avaConv,offshore
es,h1742,0.7557842964390563,scr1982,avaConv,offshore
es,h1743,0.7389328753054882,scr1982,avaConv,offshore
es,h1744,0.6631669928900166,scr1982,avaConv,offshore
es,h1745,0.5482450232908778,scr1982,avaConv,offshore
es,h1746,0.44952483030193924,scr1982,avaConv,offshore
es,h1747,0.356871958477175,scr1982,avaConv,offshore
es,h1748,0.28491055082174455,scr1982,avaConv,offshore
es,h1749,0.2432726905922243,scr1982,avaConv,offshore
es,h1750,0.24142881762261437,scr1982,avaConv,offshore
es,h1751,0.23400948550063044,scr1982,avaConv,offshore
es,h1752,0.21037040212366373,scr1982,avaConv,offshore
es,h1753,0.1769575436380799,scr1982,avaConv,offshore
es,h1754,0.1610012279625691,scr1982,avaConv,offshore
es,h1755,0.16125727277061996,scr1982,avaConv,offshore
es,h1756,0.17454709829267218,scr1982,avaConv,offshore
es,h1757,0.19541981601564765,scr1982,avaConv,offshore
es,h1758,0.20674110798911502,scr1982,avaConv,offshore
es,h1759,0.19925236938280066,scr1982,avaConv,offshore
es,h1760,0.18189640585648575,scr1982,avaConv,offshore
es,h1761,0.166827113461059,scr1982,avaConv,offshore
es,h1762,0.15649062027023633,scr1982,avaConv,offshore
es,h1763,0.14403044534454948,scr1982,avaConv,offshore
es,h1764,0.13775072479805683,scr1982,avaConv,offshore
es,h1765,0.14027802274334966,scr1982,avaConv,offshore
es,h1766,0.16035412531050025,scr1982,avaConv,offshore
es,h1767,0.19362859757302783,scr1982,avaConv,offshore
es,h1768,0.2230894386975761,scr1982,avaConv,offshore
es,h1769,0.22962234753865743,scr1982,avaConv,offshore
es,h1770,0.2049513147671758,scr1982,avaConv,offshore
es,h1771,0.16018832509038589,scr1982,avaConv,offshore
es,h1772,0.12495540904974795,scr1982,avaConv,offshore
es,h1773,0.12479511766726172,scr1982,avaConv,offshore
es,h1774,0.13948333312322686,scr1982,avaConv,offshore
es,h1775,0.12024027356041356,scr1982,avaConv,offshore
es,h1776,0.07425602809897806,scr1982,avaConv,offshore
es,h1777,0.027630289404002348,scr1982,avaConv,offshore
es,h1778,0.023219452594238552,scr1982,avaConv,offshore
es,h1779,0.022218298446275247,scr1982,avaConv,offshore
es,h1780,0.026167986302816207,scr1982,avaConv,offshore
es,h1781,0.02908202031289114,scr1982,avaConv,offshore
es,h1782,0.03197410931379243,scr1982,avaConv,offshore
es,h1783,0.02959848433837272,scr1982,avaConv,offshore
es,h1784,0.020973952591141123,scr1982,avaConv,offshore
es,h1785,0.010674888442575543,scr1982,avaConv,offshore
es,h1786,0.0032952456125411003,scr1982,avaConv,offshore
es,h1787,0.0002300296060901813,scr1982,avaConv,offshore
es,h1788,0.0,scr1982,avaConv,offshore
es,h1789,0.001098636901234793,scr1982,avaConv,offshore
es,h1790,0.00886594360495883,scr1982,avaConv,offshore
es,h1791,0.014217229951258816,scr1982,avaConv,offshore
es,h1792,0.013655112368588521,scr1982,avaConv,offshore
es,h1793,0.006393567308854965,scr1982,avaConv,offshore
es,h1794,0.0006606356924517158,scr1982,avaConv,offshore
es,h1795,0.00023907302843997156,scr1982,avaConv,offshore
es,h1796,0.0005071702299780053,scr1982,avaConv,offshore
es,h1797,0.011710625954199355,scr1982,avaConv,offshore
es,h1798,0.03189771723965955,scr1982,avaConv,offshore
es,h1799,0.04724176891622931,scr1982,avaConv,offshore
es,h1800,0.044891193950936326,scr1982,avaConv,offshore
es,h1801,0.040763602714476245,scr1982,avaConv,offshore
es,h1802,0.056750954665382,scr1982,avaConv,offshore
es,h1803,0.10448613274083962,scr1982,avaConv,offshore
es,h1804,0.1791677680486736,scr1982,avaConv,offshore
es,h1805,0.2761954394855178,scr1982,avaConv,offshore
es,h1806,0.3802918928333036,scr1982,avaConv,offshore
es,h1807,0.4597148844697578,scr1982,avaConv,offshore
es,h1808,0.5202559173417748,scr1982,avaConv,offshore
es,h1809,0.5706419374170472,scr1982,avaConv,offshore
es,h1810,0.6065032713573928,scr1982,avaConv,offshore
es,h1811,0.6100270366528271,scr1982,avaConv,offshore
es,h1812,0.5323167383405526,scr1982,avaConv,offshore
es,h1813,0.4209115707942456,scr1982,avaConv,offshore
es,h1814,0.31721627992308904,scr1982,avaConv,offshore
es,h1815,0.2768207888102842,scr1982,avaConv,offshore
es,h1816,0.26685028780360015,scr1982,avaConv,offshore
es,h1817,0.25057801277229363,scr1982,avaConv,offshore
es,h1818,0.22763957044900104,scr1982,avaConv,offshore
es,h1819,0.2187364868125504,scr1982,avaConv,offshore
es,h1820,0.2301149077922976,scr1982,avaConv,offshore
es,h1821,0.25535403887362607,scr1982,avaConv,offshore
es,h1822,0.2740811217549866,scr1982,avaConv,offshore
es,h1823,0.25203154896993435,scr1982,avaConv,offshore
es,h1824,0.228889043405503,scr1982,avaConv,offshore
es,h1825,0.21876082868589933,scr1982,avaConv,offshore
es,h1826,0.253912169523184,scr1982,avaConv,offshore
es,h1827,0.28776352540641664,scr1982,avaConv,offshore
es,h1828,0.3135754745505292,scr1982,avaConv,offshore
es,h1829,0.3412190717975076,scr1982,avaConv,offshore
es,h1830,0.3841211383304913,scr1982,avaConv,offshore
es,h1831,0.43994088276296256,scr1982,avaConv,offshore
es,h1832,0.48015534705210294,scr1982,avaConv,offshore
es,h1833,0.4851822121368349,scr1982,avaConv,offshore
es,h1834,0.45560179224712327,scr1982,avaConv,offshore
es,h1835,0.4060979150487112,scr1982,avaConv,offshore
es,h1836,0.3780485559886747,scr1982,avaConv,offshore
es,h1837,0.3779956515197505,scr1982,avaConv,offshore
es,h1838,0.4174592983875074,scr1982,avaConv,offshore
es,h1839,0.4497405209303638,scr1982,avaConv,offshore
es,h1840,0.4675139943976277,scr1982,avaConv,offshore
es,h1841,0.5026387603071394,scr1982,avaConv,offshore
es,h1842,0.5715895221931034,scr1982,avaConv,offshore
es,h1843,0.6565297636142647,scr1982,avaConv,offshore
es,h1844,0.725416473974091,scr1982,avaConv,offshore
es,h1845,0.7657103589555292,scr1982,avaConv,offshore
es,h1846,0.7958600515826102,scr1982,avaConv,offshore
es,h1847,0.7617394858223435,scr1982,avaConv,offshore
es,h1848,0.7223435842388066,scr1982,avaConv,offshore
es,h1849,0.5100998777733361,scr1982,avaConv,offshore
es,h1850,0.3346883661679292,scr1982,avaConv,offshore
es,h1851,0.15816601366650274,scr1982,avaConv,offshore
es,h1852,0.19293495506778427,scr1982,avaConv,offshore
es,h1853,0.266073987127058,scr1982,avaConv,offshore
es,h1854,0.3532421559868118,scr1982,avaConv,offshore
es,h1855,0.4099415950273777,scr1982,avaConv,offshore
es,h1856,0.4359354020611398,scr1982,avaConv,offshore
es,h1857,0.44654433863588094,scr1982,avaConv,offshore
es,h1858,0.4423812834140923,scr1982,avaConv,offshore
es,h1859,0.42510867046177425,scr1982,avaConv,offshore
es,h1860,0.3935977308944938,scr1982,avaConv,offshore
es,h1861,0.36343019151207745,scr1982,avaConv,offshore
es,h1862,0.3375484194141497,scr1982,avaConv,offshore
es,h1863,0.3262623191870412,scr1982,avaConv,offshore
es,h1864,0.347422180892334,scr1982,avaConv,offshore
es,h1865,0.40297807523320983,scr1982,avaConv,offshore
es,h1866,0.47073744608404805,scr1982,avaConv,offshore
es,h1867,0.5331552258767202,scr1982,avaConv,offshore
es,h1868,0.5761415968469548,scr1982,avaConv,offshore
es,h1869,0.6128931404986192,scr1982,avaConv,offshore
es,h1870,0.6393940830914641,scr1982,avaConv,offshore
es,h1871,0.6161981376989821,scr1982,avaConv,offshore
es,h1872,0.592547036632942,scr1982,avaConv,offshore
es,h1873,0.5656800471883313,scr1982,avaConv,offshore
es,h1874,0.5899759984788162,scr1982,avaConv,offshore
es,h1875,0.609407308142118,scr1982,avaConv,offshore
es,h1876,0.6299189454953952,scr1982,avaConv,offshore
es,h1877,0.6364433783932338,scr1982,avaConv,offshore
es,h1878,0.6298054051599499,scr1982,avaConv,offshore
es,h1879,0.6110555096761804,scr1982,avaConv,offshore
es,h1880,0.5994697208960441,scr1982,avaConv,offshore
es,h1881,0.6062445882281651,scr1982,avaConv,offshore
es,h1882,0.634731052833451,scr1982,avaConv,offshore
es,h1883,0.6963794182275912,scr1982,avaConv,offshore
es,h1884,0.7480956312477317,scr1982,avaConv,offshore
es,h1885,0.78657941807453,scr1982,avaConv,offshore
es,h1886,0.7825140349469855,scr1982,avaConv,offshore
es,h1887,0.7737821078787293,scr1982,avaConv,offshore
es,h1888,0.7681832888746797,scr1982,avaConv,offshore
es,h1889,0.768252696303617,scr1982,avaConv,offshore
es,h1890,0.7818400491331837,scr1982,avaConv,offshore
es,h1891,0.805158313495294,scr1982,avaConv,offshore
es,h1892,0.8408023563615271,scr1982,avaConv,offshore
es,h1893,0.8720938504307888,scr1982,avaConv,offshore
es,h1894,0.8923803546175816,scr1982,avaConv,offshore
es,h1895,0.8764599710521369,scr1982,avaConv,offshore
es,h1896,0.849503351659016,scr1982,avaConv,offshore
es,h1897,0.8177659249586721,scr1982,avaConv,offshore
es,h1898,0.807937754131476,scr1982,avaConv,offshore
es,h1899,0.8055961100586551,scr1982,avaConv,offshore
es,h1900,0.8154213737358579,scr1982,avaConv,offshore
es,h1901,0.8318274876414873,scr1982,avaConv,offshore
es,h1902,0.8431381919529816,scr1982,avaConv,offshore
es,h1903,0.8424215860316684,scr1982,avaConv,offshore
es,h1904,0.8259607994311,scr1982,avaConv,offshore
es,h1905,0.8183981979804811,scr1982,avaConv,offshore
es,h1906,0.8191474589479143,scr1982,avaConv,offshore
es,h1907,0.8302990104902517,scr1982,avaConv,offshore
es,h1908,0.8312386030882797,scr1982,avaConv,offshore
es,h1909,0.8129202150336488,scr1982,avaConv,offshore
es,h1910,0.7722602947538502,scr1982,avaConv,offshore
es,h1911,0.7174334912792834,scr1982,avaConv,offshore
es,h1912,0.682184160560386,scr1982,avaConv,offshore
es,h1913,0.6853836350903567,scr1982,avaConv,offshore
es,h1914,0.7241557619614007,scr1982,avaConv,offshore
es,h1915,0.7622234194628861,scr1982,avaConv,offshore
es,h1916,0.7892532591178535,scr1982,avaConv,offshore
es,h1917,0.8050344357841401,scr1982,avaConv,offshore
es,h1918,0.822838064637762,scr1982,avaConv,offshore
es,h1919,0.818028334518047,scr1982,avaConv,offshore
es,h1920,0.7992581901997993,scr1982,avaConv,offshore
es,h1921,0.7538808983535189,scr1982,avaConv,offshore
es,h1922,0.712652859912218,scr1982,avaConv,offshore
es,h1923,0.6633601924489013,scr1982,avaConv,offshore
es,h1924,0.6240353730739172,scr1982,avaConv,offshore
es,h1925,0.6112130528197729,scr1982,avaConv,offshore
es,h1926,0.6293478705782626,scr1982,avaConv,offshore
es,h1927,0.6597432216455323,scr1982,avaConv,offshore
es,h1928,0.6717832250086977,scr1982,avaConv,offshore
es,h1929,0.6576756044963037,scr1982,avaConv,offshore
es,h1930,0.6217530833398225,scr1982,avaConv,offshore
es,h1931,0.5863713659245849,scr1982,avaConv,offshore
es,h1932,0.5722761676820493,scr1982,avaConv,offshore
es,h1933,0.5982950814402689,scr1982,avaConv,offshore
es,h1934,0.621041977006245,scr1982,avaConv,offshore
es,h1935,0.6085477733059563,scr1982,avaConv,offshore
es,h1936,0.5690992637654735,scr1982,avaConv,offshore
es,h1937,0.5514465256668986,scr1982,avaConv,offshore
es,h1938,0.5653673238972907,scr1982,avaConv,offshore
es,h1939,0.5825305539014952,scr1982,avaConv,offshore
es,h1940,0.6242856681354716,scr1982,avaConv,offshore
es,h1941,0.6890480876475131,scr1982,avaConv,offshore
es,h1942,0.775882049605936,scr1982,avaConv,offshore
es,h1943,0.7837532863005127,scr1982,avaConv,offshore
es,h1944,0.7265534133036702,scr1982,avaConv,offshore
es,h1945,0.6464737517395859,scr1982,avaConv,offshore
es,h1946,0.6386727730915219,scr1982,avaConv,offshore
es,h1947,0.6804329976219506,scr1982,avaConv,offshore
es,h1948,0.7144393711126463,scr1982,avaConv,offshore
es,h1949,0.7019024552700517,scr1982,avaConv,offshore
es,h1950,0.6750302843396062,scr1982,avaConv,offshore
es,h1951,0.664093211066057,scr1982,avaConv,offshore
es,h1952,0.6630851770665322,scr1982,avaConv,offshore
es,h1953,0.6540334387347286,scr1982,avaConv,offshore
es,h1954,0.6269016425188378,scr1982,avaConv,offshore
es,h1955,0.5820324360322076,scr1982,avaConv,offshore
es,h1956,0.5251340546581281,scr1982,avaConv,offshore
es,h1957,0.4729374197049924,scr1982,avaConv,offshore
es,h1958,0.43182330843722094,scr1982,avaConv,offshore
es,h1959,0.4162775084410907,scr1982,avaConv,offshore
es,h1960,0.4136238423511876,scr1982,avaConv,offshore
es,h1961,0.43267976029342037,scr1982,avaConv,offshore
es,h1962,0.4475785866997864,scr1982,avaConv,offshore
es,h1963,0.44492780956102496,scr1982,avaConv,offshore
es,h1964,0.4211538025230535,scr1982,avaConv,offshore
es,h1965,0.3972321821335269,scr1982,avaConv,offshore
es,h1966,0.3987452941132832,scr1982,avaConv,offshore
es,h1967,0.3944330528881481,scr1982,avaConv,offshore
es,h1968,0.3820239720710593,scr1982,avaConv,offshore
es,h1969,0.3463182169006438,scr1982,avaConv,offshore
es,h1970,0.3224132532593972,scr1982,avaConv,offshore
es,h1971,0.2993922944168774,scr1982,avaConv,offshore
es,h1972,0.2795962174869318,scr1982,avaConv,offshore
es,h1973,0.2643388565706495,scr1982,avaConv,offshore
es,h1974,0.25046295941308044,scr1982,avaConv,offshore
es,h1975,0.23097406021505046,scr1982,avaConv,offshore
es,h1976,0.2039206881069075,scr1982,avaConv,offshore
es,h1977,0.1788609014834622,scr1982,avaConv,offshore
es,h1978,0.1625737042515458,scr1982,avaConv,offshore
es,h1979,0.15173409551646153,scr1982,avaConv,offshore
es,h1980,0.12987543351585945,scr1982,avaConv,offshore
es,h1981,0.09703783794049933,scr1982,avaConv,offshore
es,h1982,0.06076142458343474,scr1982,avaConv,offshore
es,h1983,0.036641815789332816,scr1982,avaConv,offshore
es,h1984,0.027273788512687174,scr1982,avaConv,offshore
es,h1985,0.025885966410158553,scr1982,avaConv,offshore
es,h1986,0.025399133125957315,scr1982,avaConv,offshore
es,h1987,0.02585730598236577,scr1982,avaConv,offshore
es,h1988,0.04067247020408715,scr1982,avaConv,offshore
es,h1989,0.10140176819204613,scr1982,avaConv,offshore
es,h1990,0.2424544810136782,scr1982,avaConv,offshore
es,h1991,0.43070902899401964,scr1982,avaConv,offshore
es,h1992,0.57082416454751,scr1982,avaConv,offshore
es,h1993,0.5925076622872267,scr1982,avaConv,offshore
es,h1994,0.49796555146658383,scr1982,avaConv,offshore
es,h1995,0.3832728998807532,scr1982,avaConv,offshore
es,h1996,0.33991273548149886,scr1982,avaConv,offshore
es,h1997,0.3760740651915461,scr1982,avaConv,offshore
es,h1998,0.4186190093978546,scr1982,avaConv,offshore
es,h1999,0.4056011047487921,scr1982,avaConv,offshore
es,h2000,0.3649848126861842,scr1982,avaConv,offshore
es,h2001,0.31863899129340006,scr1982,avaConv,offshore
es,h2002,0.2731479668269405,scr1982,avaConv,offshore
es,h2003,0.20174461449992398,scr1982,avaConv,offshore
es,h2004,0.1614372845543005,scr1982,avaConv,offshore
es,h2005,0.14638974240263872,scr1982,avaConv,offshore
es,h2006,0.17395130616484394,scr1982,avaConv,offshore
es,h2007,0.1993535119830737,scr1982,avaConv,offshore
es,h2008,0.2290883104189436,scr1982,avaConv,offshore
es,h2009,0.25109319786870227,scr1982,avaConv,offshore
es,h2010,0.25902666125957163,scr1982,avaConv,offshore
es,h2011,0.27194381021804653,scr1982,avaConv,offshore
es,h2012,0.3014517518574093,scr1982,avaConv,offshore
es,h2013,0.35989628557301206,scr1982,avaConv,offshore
es,h2014,0.40176018148524417,scr1982,avaConv,offshore
es,h2015,0.3927557397063721,scr1982,avaConv,offshore
es,h2016,0.33199204451635617,scr1982,avaConv,offshore
es,h2017,0.2063497753758665,scr1982,avaConv,offshore
es,h2018,0.10638292122215687,scr1982,avaConv,offshore
es,h2019,0.032553075530401494,scr1982,avaConv,offshore
es,h2020,0.03242096248226671,scr1982,avaConv,offshore
es,h2021,0.035511944616807234,scr1982,avaConv,offshore
es,h2022,0.03679443025822863,scr1982,avaConv,offshore
es,h2023,0.03572608662734495,scr1982,avaConv,offshore
es,h2024,0.04592894983232077,scr1982,avaConv,offshore
es,h2025,0.061615947946633255,scr1982,avaConv,offshore
es,h2026,0.06484084433582255,scr1982,avaConv,offshore
es,h2027,0.04903642267528201,scr1982,avaConv,offshore
es,h2028,0.028293889133451038,scr1982,avaConv,offshore
es,h2029,0.02580694631375521,scr1982,avaConv,offshore
es,h2030,0.03610605348133388,scr1982,avaConv,offshore
es,h2031,0.06149078873419722,scr1982,avaConv,offshore
es,h2032,0.10177525185770837,scr1982,avaConv,offshore
es,h2033,0.13435975551946275,scr1982,avaConv,offshore
es,h2034,0.14721701506799217,scr1982,avaConv,offshore
es,h2035,0.12468463537103433,scr1982,avaConv,offshore
es,h2036,0.08598508533243761,scr1982,avaConv,offshore
es,h2037,0.051227020429936654,scr1982,avaConv,offshore
es,h2038,0.03700673414163436,scr1982,avaConv,offshore
es,h2039,0.026422127312473766,scr1982,avaConv,offshore
es,h2040,0.017254455430004124,scr1982,avaConv,offshore
es,h2041,0.0063022437636828105,scr1982,avaConv,offshore
es,h2042,0.00923527930926526,scr1982,avaConv,offshore
es,h2043,0.011833121818105724,scr1982,avaConv,offshore
es,h2044,0.011604696624378026,scr1982,avaConv,offshore
es,h2045,0.011144953830311652,scr1982,avaConv,offshore
es,h2046,0.0090792357444871,scr1982,avaConv,offshore
es,h2047,0.00662855017516683,scr1982,avaConv,offshore
es,h2048,0.003655258136666497,scr1982,avaConv,offshore
es,h2049,0.002513411521168497,scr1982,avaConv,offshore
es,h2050,0.002089527324653198,scr1982,avaConv,offshore
es,h2051,0.0013422159682122618,scr1982,avaConv,offshore
es,h2052,0.000570169640157021,scr1982,avaConv,offshore
es,h2053,0.0,scr1982,avaConv,offshore
es,h2054,0.0,scr1982,avaConv,offshore
es,h2055,0.0007644791247293178,scr1982,avaConv,offshore
es,h2056,0.0032002183320499916,scr1982,avaConv,offshore
es,h2057,0.008507427463395726,scr1982,avaConv,offshore
es,h2058,0.017176907990581403,scr1982,avaConv,offshore
es,h2059,0.026929322535029266,scr1982,avaConv,offshore
es,h2060,0.03634251698886713,scr1982,avaConv,offshore
es,h2061,0.04875985727830327,scr1982,avaConv,offshore
es,h2062,0.06552146469309747,scr1982,avaConv,offshore
es,h2063,0.06935146368082364,scr1982,avaConv,offshore
es,h2064,0.07319658348676122,scr1982,avaConv,offshore
es,h2065,0.08182530069151567,scr1982,avaConv,offshore
es,h2066,0.11424135405306692,scr1982,avaConv,offshore
es,h2067,0.15014883141672838,scr1982,avaConv,offshore
es,h2068,0.17771462839049226,scr1982,avaConv,offshore
es,h2069,0.19620680034953789,scr1982,avaConv,offshore
es,h2070,0.21078651793968084,scr1982,avaConv,offshore
es,h2071,0.22912280199735874,scr1982,avaConv,offshore
es,h2072,0.2634954816765573,scr1982,avaConv,offshore
es,h2073,0.31715931706827605,scr1982,avaConv,offshore
es,h2074,0.38336214977492783,scr1982,avaConv,offshore
es,h2075,0.4366276388182195,scr1982,avaConv,offshore
es,h2076,0.46002222267687515,scr1982,avaConv,offshore
es,h2077,0.46752337989231263,scr1982,avaConv,offshore
es,h2078,0.48125370289522973,scr1982,avaConv,offshore
es,h2079,0.5251807301291228,scr1982,avaConv,offshore
es,h2080,0.5974961602274501,scr1982,avaConv,offshore
es,h2081,0.674727643925002,scr1982,avaConv,offshore
es,h2082,0.740687830614692,scr1982,avaConv,offshore
es,h2083,0.781988631833467,scr1982,avaConv,offshore
es,h2084,0.8168970457525468,scr1982,avaConv,offshore
es,h2085,0.8472104709953268,scr1982,avaConv,offshore
es,h2086,0.8802925499739799,scr1982,avaConv,offshore
es,h2087,0.8910579263038129,scr1982,avaConv,offshore
es,h2088,0.8886477071378811,scr1982,avaConv,offshore
es,h2089,0.87972957117686,scr1982,avaConv,offshore
es,h2090,0.8831634913200904,scr1982,avaConv,offshore
es,h2091,0.8953121308096719,scr1982,avaConv,offshore
es,h2092,0.9078651812385944,scr1982,avaConv,offshore
es,h2093,0.9230675278743958,scr1982,avaConv,offshore
es,h2094,0.9353242961803706,scr1982,avaConv,offshore
es,h2095,0.944240338017497,scr1982,avaConv,offshore
es,h2096,0.9482349876005225,scr1982,avaConv,offshore
es,h2097,0.9496128343751498,scr1982,avaConv,offshore
es,h2098,0.949909554115614,scr1982,avaConv,offshore
es,h2099,0.9499439992678508,scr1982,avaConv,offshore
es,h2100,0.9498577880967041,scr1982,avaConv,offshore
es,h2101,0.9497841069521011,scr1982,avaConv,offshore
es,h2102,0.9497859778328092,scr1982,avaConv,offshore
es,h2103,0.9498647316305795,scr1982,avaConv,offshore
es,h2104,0.9498802975017671,scr1982,avaConv,offshore
es,h2105,0.94956187393298,scr1982,avaConv,offshore
es,h2106,0.9485922628366961,scr1982,avaConv,offshore
es,h2107,0.9473594433656132,scr1982,avaConv,offshore
es,h2108,0.9463581055893148,scr1982,avaConv,offshore
es,h2109,0.9457631754941271,scr1982,avaConv,offshore
es,h2110,0.944447485812063,scr1982,avaConv,offshore
es,h2111,0.9432909306284074,scr1982,avaConv,offshore
es,h2112,0.9393997070303625,scr1982,avaConv,offshore
es,h2113,0.929912399838339,scr1982,avaConv,offshore
es,h2114,0.9038712970487105,scr1982,avaConv,offshore
es,h2115,0.856890148340909,scr1982,avaConv,offshore
es,h2116,0.7850814677260864,scr1982,avaConv,offshore
es,h2117,0.7003583659455588,scr1982,avaConv,offshore
es,h2118,0.6216653065399311,scr1982,avaConv,offshore
es,h2119,0.5544248234893496,scr1982,avaConv,offshore
es,h2120,0.48702528480194013,scr1982,avaConv,offshore
es,h2121,0.4064016094630088,scr1982,avaConv,offshore
es,h2122,0.3188655899494706,scr1982,avaConv,offshore
es,h2123,0.23531867824559535,scr1982,avaConv,offshore
es,h2124,0.16978991623533446,scr1982,avaConv,offshore
es,h2125,0.11899174443873899,scr1982,avaConv,offshore
es,h2126,0.07995064993186211,scr1982,avaConv,offshore
es,h2127,0.04454149754020816,scr1982,avaConv,offshore
es,h2128,0.01778922288299555,scr1982,avaConv,offshore
es,h2129,0.004668079514323692,scr1982,avaConv,offshore
es,h2130,0.0009750179098597602,scr1982,avaConv,offshore
es,h2131,0.0005481812289655956,scr1982,avaConv,offshore
es,h2132,0.0005556464931146519,scr1982,avaConv,offshore
es,h2133,0.0004300129432417705,scr1982,avaConv,offshore
es,h2134,0.00024079400833653249,scr1982,avaConv,offshore
es,h2135,0.0,scr1982,avaConv,offshore
es,h2136,0.0,scr1982,avaConv,offshore
es,h2137,0.0003161174913825731,scr1982,avaConv,offshore
es,h2138,0.0005181123597031921,scr1982,avaConv,offshore
es,h2139,0.00044103231096990505,scr1982,avaConv,offshore
es,h2140,0.00021977172947274432,scr1982,avaConv,offshore
es,h2141,0.0,scr1982,avaConv,offshore
es,h2142,0.0,scr1982,avaConv,offshore
es,h2143,0.0,scr1982,avaConv,offshore
es,h2144,0.0004194403146384851,scr1982,avaConv,offshore
es,h2145,0.007839031075081652,scr1982,avaConv,offshore
es,h2146,0.026280892395453316,scr1982,avaConv,offshore
es,h2147,0.05479743151004846,scr1982,avaConv,offshore
es,h2148,0.08634513927972066,scr1982,avaConv,offshore
es,h2149,0.10457524328503925,scr1982,avaConv,offshore
es,h2150,0.11851546378187101,scr1982,avaConv,offshore
es,h2151,0.13010739195281446,scr1982,avaConv,offshore
es,h2152,0.1524143776538686,scr1982,avaConv,offshore
es,h2153,0.17626049963584828,scr1982,avaConv,offshore
es,h2154,0.19979810616504368,scr1982,avaConv,offshore
es,h2155,0.22746473605312764,scr1982,avaConv,offshore
es,h2156,0.2725219900766654,scr1982,avaConv,offshore
es,h2157,0.3343529216021575,scr1982,avaConv,offshore
es,h2158,0.38869343989857835,scr1982,avaConv,offshore
es,h2159,0.394648466171327,scr1982,avaConv,offshore
es,h2160,0.35908454572933357,scr1982,avaConv,offshore
fi,h1441,0.08846537855773873,scr1982,avaConv,offshore
fi,h1442,0.09308947116671176,scr1982,avaConv,offshore
fi,h1443,0.10165131623493377,scr1982,avaConv,offshore
fi,h1444,0.12950843957482042,scr1982,avaConv,offshore
fi,h1445,0.18732241215063136,scr1982,avaConv,offshore
fi,h1446,0.26188200748625484,scr1982,avaConv,offshore
fi,h1447,0.3122354944751385,scr1982,avaConv,offshore
fi,h1448,0.3169746590167042,scr1982,avaConv,offshore
fi,h1449,0.28865911765963453,scr1982,avaConv,offshore
fi,h1450,0.2627123697100876,scr1982,avaConv,offshore
fi,h1451,0.2599356347836899,scr1982,avaConv,offshore
fi,h1452,0.2843910575211844,scr1982,avaConv,offshore
fi,h1453,0.31952236531084627,scr1982,avaConv,offshore
fi,h1454,0.33888759703027327,scr1982,avaConv,offshore
fi,h1455,0.3272304138695623,scr1982,avaConv,offshore
fi,h1456,0.29481975811957406,scr1982,avaConv,offshore
fi,h1457,0.26524059012539486,scr1982,avaConv,offshore
fi,h1458,0.24678331970508058,scr1982,avaConv,offshore
fi,h1459,0.2300232392922773,scr1982,avaConv,offshore
fi,h1460,0.20209773301109285,scr1982,avaConv,offshore
fi,h1461,0.1665882627981706,scr1982,avaConv,offshore
fi,h1462,0.13838015583840144,scr1982,avaConv,offshore
fi,h1463,0.1349208558132,scr1982,avaConv,offshore
fi,h1464,0.14478687773299226,scr1982,avaConv,offshore
fi,h1465,0.1555792417783636,scr1982,avaConv,offshore
fi,h1466,0.1520980948659493,scr1982,avaConv,offshore
fi,h1467,0.13619158921720934,scr1982,avaConv,offshore
fi,h1468,0.1086951785911936,scr1982,avaConv,offshore
fi,h1469,0.07706090757836201,scr1982,avaConv,offshore
fi,h1470,0.04926263700466359,scr1982,avaConv,offshore
fi,h1471,0.029229865840800708,scr1982,avaConv,offshore
fi,h1472,0.01821943339348166,scr1982,avaConv,offshore
fi,h1473,0.012793409239864354,scr1982,avaConv,offshore
fi,h1474,0.017643416443199424,scr1982,avaConv,offshore
fi,h1475,0.032555539624523205,scr1982,avaConv,offshore
fi,h1476,0.05050379971852631,scr1982,avaConv,offshore
fi,h1477,0.06973184513919654,scr1982,avaConv,offshore
fi,h1478,0.0909221022446772,scr1982,avaConv,offshore
fi,h1479,0.1173513297063099,scr1982,avaConv,offshore
fi,h1480,0.14357513970638838,scr1982,avaConv,offshore
fi,h1481,0.16677147296603087,scr1982,avaConv,offshore
fi,h1482,0.1813686565160413,scr1982,avaConv,offshore
fi,h1483,0.1873809116929678,scr1982,avaConv,offshore
fi,h1484,0.18519798235160434,scr1982,avaConv,offshore
fi,h1485,0.18315796173540033,scr1982,avaConv,offshore
fi,h1486,0.18683298451345134,scr1982,avaConv,offshore
fi,h1487,0.20350410086509688,scr1982,avaConv,offshore
fi,h1488,0.23258278249986947,scr1982,avaConv,offshore
fi,h1489,0.26668951986751177,scr1982,avaConv,offshore
fi,h1490,0.2899444107413637,scr1982,avaConv,offshore
fi,h1491,0.29522903957659247,scr1982,avaConv,offshore
fi,h1492,0.2838250229564539,scr1982,avaConv,offshore
fi,h1493,0.26278092458666946,scr1982,avaConv,offshore
fi,h1494,0.24297381165126128,scr1982,avaConv,offshore
fi,h1495,0.22603623128224212,scr1982,avaConv,offshore
fi,h1496,0.21262856136863717,scr1982,avaConv,offshore
fi,h1497,0.19044778742174695,scr1982,avaConv,offshore
fi,h1498,0.1557953807854454,scr1982,avaConv,offshore
fi,h1499,0.1048884273577804,scr1982,avaConv,offshore
fi,h1500,0.05856477354843535,scr1982,avaConv,offshore
fi,h1501,0.02948709436621638,scr1982,avaConv,offshore
fi,h1502,0.02979155989543365,scr1982,avaConv,offshore
fi,h1503,0.044199206456773915,scr1982,avaConv,offshore
fi,h1504,0.06516222919627324,scr1982,avaConv,offshore
fi,h1505,0.08115364948998464,scr1982,avaConv,offshore
fi,h1506,0.08422432959765967,scr1982,avaConv,offshore
fi,h1507,0.06978162963401903,scr1982,avaConv,offshore
fi,h1508,0.044158167500431875,scr1982,avaConv,offshore
fi,h1509,0.020309233280462725,scr1982,avaConv,offshore
fi,h1510,0.005078487807649721,scr1982,avaConv,offshore
fi,h1511,0.0,scr1982,avaConv,offshore
fi,h1512,0.004637066973368339,scr1982,avaConv,offshore
fi,h1513,0.13000744642125076,scr1982,avaConv,offshore
fi,h1514,0.23395577403682769,scr1982,avaConv,offshore
fi,h1515,0.3319646851115339,scr1982,avaConv,offshore
fi,h1516,0.3465428318927461,scr1982,avaConv,offshore
fi,h1517,0.38841307995239543,scr1982,avaConv,offshore
fi,h1518,0.44498699268209413,scr1982,avaConv,offshore
fi,h1519,0.49474358202674595,scr1982,avaConv,offshore
fi,h1520,0.5303451236767537,scr1982,avaConv,offshore
fi,h1521,0.5551860724987976,scr1982,avaConv,offshore
fi,h1522,0.5703781496072494,scr1982,avaConv,offshore
fi,h1523,0.5766321854005494,scr1982,avaConv,offshore
fi,h1524,0.5923633278884906,scr1982,avaConv,offshore
fi,h1525,0.6199909989551735,scr1982,avaConv,offshore
fi,h1526,0.6478358205971436,scr1982,avaConv,offshore
fi,h1527,0.663328007025947,scr1982,avaConv,offshore
fi,h1528,0.6691311017199518,scr1982,avaConv,offshore
fi,h1529,0.6883452165408414,scr1982,avaConv,offshore
fi,h1530,0.7248764320023191,scr1982,avaConv,offshore
fi,h1531,0.7665272024962901,scr1982,avaConv,offshore
fi,h1532,0.7842525670243119,scr1982,avaConv,offshore
fi,h1533,0.7564050368389824,scr1982,avaConv,offshore
fi,h1534,0.6927848872768898,scr1982,avaConv,offshore
fi,h1535,0.6213510975319525,scr1982,avaConv,offshore
fi,h1536,0.5644667577475792,scr1982,avaConv,offshore
fi,h1537,0.5161546090134536,scr1982,avaConv,offshore
fi,h1538,0.47285260781612093,scr1982,avaConv,offshore
fi,h1539,0.41732142389482946,scr1982,avaConv,offshore
fi,h1540,0.352545435008279,scr1982,avaConv,offshore
fi,h1541,0.2798108256170953,scr1982,avaConv,offshore
fi,h1542,0.22063342512878653,scr1982,avaConv,offshore
fi,h1543,0.19521198847151813,scr1982,avaConv,offshore
fi,h1544,0.20547548044203334,scr1982,avaConv,offshore
fi,h1545,0.2337480859318086,scr1982,avaConv,offshore
fi,h1546,0.2600126051405273,scr1982,avaConv,offshore
fi,h1547,0.2860136293313958,scr1982,avaConv,offshore
fi,h1548,0.31384567472647623,scr1982,avaConv,offshore
fi,h1549,0.3368210025970392,scr1982,avaConv,offshore
fi,h1550,0.3424529754982971,scr1982,avaConv,offshore
fi,h1551,0.3322478098074334,scr1982,avaConv,offshore
fi,h1552,0.32497344100757647,scr1982,avaConv,offshore
fi,h1553,0.30626438655141963,scr1982,avaConv,offshore
fi,h1554,0.27832912288803346,scr1982,avaConv,offshore
fi,h1555,0.2422386567613722,scr1982,avaConv,offshore
fi,h1556,0.22805647558957937,scr1982,avaConv,offshore
fi,h1557,0.2320405844356178,scr1982,avaConv,offshore
fi,h1558,0.24658543756226198,scr1982,avaConv,offshore
fi,h1559,0.27675637402493997,scr1982,avaConv,offshore
fi,h1560,0.3014034218024167,scr1982,avaConv,offshore
fi,h1561,0.3138891834682245,scr1982,avaConv,offshore
fi,h1562,0.29581727566994637,scr1982,avaConv,offshore
fi,h1563,0.27231101188972173,scr1982,avaConv,offshore
fi,h1564,0.25104857607328035,scr1982,avaConv,offshore
fi,h1565,0.24480818018153477,scr1982,avaConv,offshore
fi,h1566,0.2553755712744615,scr1982,avaConv,offshore
fi,h1567,0.27170060128121953,scr1982,avaConv,offshore
fi,h1568,0.2853786474319315,scr1982,avaConv,offshore
fi,h1569,0.3118185485091572,scr1982,avaConv,offshore
fi,h1570,0.34794364261951266,scr1982,avaConv,offshore
fi,h1571,0.411590585652463,scr1982,avaConv,offshore
fi,h1572,0.46054482973105376,scr1982,avaConv,offshore
fi,h1573,0.4984878615130047,scr1982,avaConv,offshore
fi,h1574,0.5059220238963665,scr1982,avaConv,offshore
fi,h1575,0.505080288117195,scr1982,avaConv,offshore
fi,h1576,0.5033882378961398,scr1982,avaConv,offshore
fi,h1577,0.5017061227337806,scr1982,avaConv,offshore
fi,h1578,0.4986719553798849,scr1982,avaConv,offshore
fi,h1579,0.4835408374147227,scr1982,avaConv,offshore
fi,h1580,0.4524948816045236,scr1982,avaConv,offshore
fi,h1581,0.418604583095963,scr1982,avaConv,offshore
fi,h1582,0.3957383582062445,scr1982,avaConv,offshore
fi,h1583,0.373571439945111,scr1982,avaConv,offshore
fi,h1584,0.365535490291658,scr1982,avaConv,offshore
fi,h1585,0.3639481301652192,scr1982,avaConv,offshore
fi,h1586,0.37304254808579024,scr1982,avaConv,offshore
fi,h1587,0.3692610450996276,scr1982,avaConv,offshore
fi,h1588,0.3567069548134581,scr1982,avaConv,offshore
fi,h1589,0.3452125354459847,scr1982,avaConv,offshore
fi,h1590,0.3335781464210765,scr1982,avaConv,offshore
fi,h1591,0.3211477848749668,scr1982,avaConv,offshore
fi,h1592,0.3084774853447606,scr1982,avaConv,offshore
fi,h1593,0.29162288947804543,scr1982,avaConv,offshore
fi,h1594,0.27409523283722614,scr1982,avaConv,offshore
fi,h1595,0.24373390653581267,scr1982,avaConv,offshore
fi,h1596,0.2040818704981689,scr1982,avaConv,offshore
fi,h1597,0.13930588870330593,scr1982,avaConv,offshore
fi,h1598,0.09713236928041753,scr1982,avaConv,offshore
fi,h1599,0.10116246507551813,scr1982,avaConv,offshore
fi,h1600,0.1695008414432851,scr1982,avaConv,offshore
fi,h1601,0.24390614801129282,scr1982,avaConv,offshore
fi,h1602,0.28031752413542244,scr1982,avaConv,offshore
fi,h1603,0.2658813812283306,scr1982,avaConv,offshore
fi,h1604,0.22225867026594034,scr1982,avaConv,offshore
fi,h1605,0.17813630959409593,scr1982,avaConv,offshore
fi,h1606,0.1509863384157938,scr1982,avaConv,offshore
fi,h1607,0.14984679628263656,scr1982,avaConv,offshore
fi,h1608,0.18509621622014594,scr1982,avaConv,offshore
fi,h1609,0.2519111250822019,scr1982,avaConv,offshore
fi,h1610,0.3370733678749681,scr1982,avaConv,offshore
fi,h1611,0.4268937635282094,scr1982,avaConv,offshore
fi,h1612,0.5053488835721927,scr1982,avaConv,offshore
fi,h1613,0.5550942333505238,scr1982,avaConv,offshore
fi,h1614,0.5652236857781072,scr1982,avaConv,offshore
fi,h1615,0.5500684772919444,scr1982,avaConv,offshore
fi,h1616,0.5239466840503663,scr1982,avaConv,offshore
fi,h1617,0.5012684012122065,scr1982,avaConv,offshore
fi,h1618,0.48741533333612486,scr1982,avaConv,offshore
fi,h1619,0.4734411125474357,scr1982,avaConv,offshore
fi,h1620,0.48042203785045984,scr1982,avaConv,offshore
fi,h1621,0.5170260121692005,scr1982,avaConv,offshore
fi,h1622,0.5822925980027622,scr1982,avaConv,offshore
fi,h1623,0.6328606395166065,scr1982,avaConv,offshore
fi,h1624,0.6475993362466211,scr1982,avaConv,offshore
fi,h1625,0.6265202339387103,scr1982,avaConv,offshore
fi,h1626,0.5904879531304843,scr1982,avaConv,offshore
fi,h1627,0.5553744984516833,scr1982,avaConv,offshore
fi,h1628,0.5375329876350795,scr1982,avaConv,offshore
fi,h1629,0.5318826759789068,scr1982,avaConv,offshore
fi,h1630,0.5247910181332326,scr1982,avaConv,offshore
fi,h1631,0.4977436715800011,scr1982,avaConv,offshore
fi,h1632,0.47270286475464063,scr1982,avaConv,offshore
fi,h1633,0.45156277611230355,scr1982,avaConv,offshore
fi,h1634,0.42238955406959355,scr1982,avaConv,offshore
fi,h1635,0.35856875702279145,scr1982,avaConv,offshore
fi,h1636,0.2675779971085208,scr1982,avaConv,offshore
fi,h1637,0.19221829876414231,scr1982,avaConv,offshore
fi,h1638,0.1802954709817542,scr1982,avaConv,offshore
fi,h1639,0.21678157070082027,scr1982,avaConv,offshore
fi,h1640,0.25808289638593135,scr1982,avaConv,offshore
fi,h1641,0.2745475412812535,scr1982,avaConv,offshore
fi,h1642,0.2777512952682038,scr1982,avaConv,offshore
fi,h1643,0.2830499731467123,scr1982,avaConv,offshore
fi,h1644,0.28502118028561546,scr1982,avaConv,offshore
fi,h1645,0.2767649149038875,scr1982,avaConv,offshore
fi,h1646,0.267771650054504,scr1982,avaConv,offshore
fi,h1647,0.2518249280963427,scr1982,avaConv,offshore
fi,h1648,0.23131451826818678,scr1982,avaConv,offshore
fi,h1649,0.20365301785426868,scr1982,avaConv,offshore
fi,h1650,0.17752461010234058,scr1982,avaConv,offshore
fi,h1651,0.15828756314700165,scr1982,avaConv,offshore
fi,h1652,0.15679181255963176,scr1982,avaConv,offshore
fi,h1653,0.17605234823266805,scr1982,avaConv,offshore
fi,h1654,0.2139218337269679,scr1982,avaConv,offshore
fi,h1655,0.24439855904792493,scr1982,avaConv,offshore
fi,h1656,0.2806182183911707,scr1982,avaConv,offshore
fi,h1657,0.31411274397552696,scr1982,avaConv,offshore
fi,h1658,0.3572540529619174,scr1982,avaConv,offshore
fi,h1659,0.39099375947643333,scr1982,avaConv,offshore
fi,h1660,0.4169527271275416,scr1982,avaConv,offshore
fi,h1661,0.4361838032856522,scr1982,avaConv,offshore
fi,h1662,0.4412551320251196,scr1982,avaConv,offshore
fi,h1663,0.4391794612206631,scr1982,avaConv,offshore
fi,h1664,0.436145837143891,scr1982,avaConv,offshore
fi,h1665,0.4406936666312147,scr1982,avaConv,offshore
fi,h1666,0.4509311546772359,scr1982,avaConv,offshore
fi,h1667,0.48089328747883664,scr1982,avaConv,offshore
fi,h1668,0.5236427575887458,scr1982,avaConv,offshore
fi,h1669,0.5737508688989406,scr1982,avaConv,offshore
fi,h1670,0.6149877765624201,scr1982,avaConv,offshore
fi,h1671,0.6537797118508845,scr1982,avaConv,offshore
fi,h1672,0.7029896037976331,scr1982,avaConv,offshore
fi,h1673,0.7462042756252883,scr1982,avaConv,offshore
fi,h1674,0.7766948548736428,scr1982,avaConv,offshore
fi,h1675,0.7850185336437303,scr1982,avaConv,offshore
fi,h1676,0.7893550193787682,scr1982,avaConv,offshore
fi,h1677,0.8024099698230441,scr1982,avaConv,offshore
fi,h1678,0.8151298949220322,scr1982,avaConv,offshore
fi,h1679,0.811793878676922,scr1982,avaConv,offshore
fi,h1680,0.78480412691078,scr1982,avaConv,offshore
fi,h1681,0.5748733870385372,scr1982,avaConv,offshore
fi,h1682,0.36599558504242097,scr1982,avaConv,offshore
fi,h1683,0.15719139782550295,scr1982,avaConv,offshore
fi,h1684,0.1483100682963418,scr1982,avaConv,offshore
fi,h1685,0.14560249657441252,scr1982,avaConv,offshore
fi,h1686,0.14835706337255022,scr1982,avaConv,offshore
fi,h1687,0.1536416802334605,scr1982,avaConv,offshore
fi,h1688,0.15240259702944442,scr1982,avaConv,offshore
fi,h1689,0.14180056507045377,scr1982,avaConv,offshore
fi,h1690,0.13035866336939175,scr1982,avaConv,offshore
fi,h1691,0.12488489309507365,scr1982,avaConv,offshore
fi,h1692,0.12674945353478848,scr1982,avaConv,offshore
fi,h1693,0.1326256187847377,scr1982,avaConv,offshore
fi,h1694,0.14162041351820062,scr1982,avaConv,offshore
fi,h1695,0.15072930537750928,scr1982,avaConv,offshore
fi,h1696,0.16860055832981982,scr1982,avaConv,offshore
fi,h1697,0.20232542810001816,scr1982,avaConv,offshore
fi,h1698,0.24627413287281483,scr1982,avaConv,offshore
fi,h1699,0.27897566314185307,scr1982,avaConv,offshore
fi,h1700,0.28794361884968256,scr1982,avaConv,offshore
fi,h1701,0.27957927540767663,scr1982,avaConv,offshore
fi,h1702,0.26816460098387507,scr1982,avaConv,offshore
fi,h1703,0.26591337057508124,scr1982,avaConv,offshore
fi,h1704,0.2673821725592163,scr1982,avaConv,offshore
fi,h1705,0.2657584914440362,scr1982,avaConv,offshore
fi,h1706,0.24073666607321062,scr1982,avaConv,offshore
fi,h1707,0.19460555668243767,scr1982,avaConv,offshore
fi,h1708,0.14550707857001122,scr1982,avaConv,offshore
fi,h1709,0.12414748269658098,scr1982,avaConv,offshore
fi,h1710,0.16004683406716544,scr1982,avaConv,offshore
fi,h1711,0.2204826458251296,scr1982,avaConv,offshore
fi,h1712,0.27282258995390923,scr1982,avaConv,offshore
fi,h1713,0.2866930480830213,scr1982,avaConv,offshore
fi,h1714,0.266456595082007,scr1982,avaConv,offshore
fi,h1715,0.23540473347347332,scr1982,avaConv,offshore
fi,h1716,0.19678052078694117,scr1982,avaConv,offshore
fi,h1717,0.17681727612769765,scr1982,avaConv,offshore
fi,h1718,0.18287119608534538,scr1982,avaConv,offshore
fi,h1719,0.22878368788912848,scr1982,avaConv,offshore
fi,h1720,0.2978001083477211,scr1982,avaConv,offshore
fi,h1721,0.36301098196956755,scr1982,avaConv,offshore
fi,h1722,0.4128638891602539,scr1982,avaConv,offshore
fi,h1723,0.44477874732427247,scr1982,avaConv,offshore
fi,h1724,0.47342738412397706,scr1982,avaConv,offshore
fi,h1725,0.4979686819525994,scr1982,avaConv,offshore
fi,h1726,0.5069606104347998,scr1982,avaConv,offshore
fi,h1727,0.47940179514420017,scr1982,avaConv,offshore
fi,h1728,0.4164655353850719,scr1982,avaConv,offshore
fi,h1729,0.33951267596237195,scr1982,avaConv,offshore
fi,h1730,0.2726867302919975,scr1982,avaConv,offshore
fi,h1731,0.22040924946102336,scr1982,avaConv,offshore
fi,h1732,0.17648909136359212,scr1982,avaConv,offshore
fi,h1733,0.13832494138190163,scr1982,avaConv,offshore
fi,h1734,0.1052557207832738,scr1982,avaConv,offshore
fi,h1735,0.07908184669122892,scr1982,avaConv,offshore
fi,h1736,0.05962742308302365,scr1982,avaConv,offshore
fi,h1737,0.059566179250155414,scr1982,avaConv,offshore
fi,h1738,0.08022328906454052,scr1982,avaConv,offshore
fi,h1739,0.10805620231428474,scr1982,avaConv,offshore
fi,h1740,0.11232616779661239,scr1982,avaConv,offshore
fi,h1741,0.09001413635196023,scr1982,avaConv,offshore
fi,h1742,0.05916086215729986,scr1982,avaConv,offshore
fi,h1743,0.04435473387857175,scr1982,avaConv,offshore
fi,h1744,0.043738480906209784,scr1982,avaConv,offshore
fi,h1745,0.046366027243014474,scr1982,avaConv,offshore
fi,h1746,0.04882920088298547,scr1982,avaConv,offshore
fi,h1747,0.05391329428148006,scr1982,avaConv,offshore
fi,h1748,0.054517501629594484,scr1982,avaConv,offshore
fi,h1749,0.04920322509075009,scr1982,avaConv,offshore
fi,h1750,0.04058331771200414,scr1982,avaConv,offshore
fi,h1751,0.059448173213297636,scr1982,avaConv,offshore
fi,h1752,0.08530168965007365,scr1982,avaConv,offshore
fi,h1753,0.11242545717089768,scr1982,avaConv,offshore
fi,h1754,0.11640754264796453,scr1982,avaConv,offshore
fi,h1755,0.10593570226355947,scr1982,avaConv,offshore
fi,h1756,0.08264358902506334,scr1982,avaConv,offshore
fi,h1757,0.05435287132447779,scr1982,avaConv,offshore
fi,h1758,0.0362995589131727,scr1982,avaConv,offshore
fi,h1759,0.03008775189654744,scr1982,avaConv,offshore
fi,h1760,0.028040612685759282,scr1982,avaConv,offshore
fi,h1761,0.02266970734280338,scr1982,avaConv,offshore
fi,h1762,0.016543696749497985,scr1982,avaConv,offshore
fi,h1763,0.010958325255504687,scr1982,avaConv,offshore
fi,h1764,0.009633413594724674,scr1982,avaConv,offshore
fi,h1765,0.011950688366610859,scr1982,avaConv,offshore
fi,h1766,0.020066155895053873,scr1982,avaConv,offshore
fi,h1767,0.028805042285145015,scr1982,avaConv,offshore
fi,h1768,0.03995646373503773,scr1982,avaConv,offshore
fi,h1769,0.05555748369267249,scr1982,avaConv,offshore
fi,h1770,0.07150778876732694,scr1982,avaConv,offshore
fi,h1771,0.081976219836466,scr1982,avaConv,offshore
fi,h1772,0.08670616995710703,scr1982,avaConv,offshore
fi,h1773,0.09494883587231992,scr1982,avaConv,offshore
fi,h1774,0.11160930423778025,scr1982,avaConv,offshore
fi,h1775,0.12628829094092284,scr1982,avaConv,offshore
fi,h1776,0.125481293278026,scr1982,avaConv,offshore
fi,h1777,0.1296172679043453,scr1982,avaConv,offshore
fi,h1778,0.17039121962593806,scr1982,avaConv,offshore
fi,h1779,0.23270521710173922,scr1982,avaConv,offshore
fi,h1780,0.2798785602327136,scr1982,avaConv,offshore
fi,h1781,0.2773721089293626,scr1982,avaConv,offshore
fi,h1782,0.24992354339665473,scr1982,avaConv,offshore
fi,h1783,0.21014518714501793,scr1982,avaConv,offshore
fi,h1784,0.1753961947031818,scr1982,avaConv,offshore
fi,h1785,0.1470503082093011,scr1982,avaConv,offshore
fi,h1786,0.12785388148903032,scr1982,avaConv,offshore
fi,h1787,0.10913984688186441,scr1982,avaConv,offshore
fi,h1788,0.09326652101171362,scr1982,avaConv,offshore
fi,h1789,0.0805377729543052,scr1982,avaConv,offshore
fi,h1790,0.07779396996826073,scr1982,avaConv,offshore
fi,h1791,0.0803321513627795,scr1982,avaConv,offshore
fi,h1792,0.08946660370593738,scr1982,avaConv,offshore
fi,h1793,0.10374972430014476,scr1982,avaConv,offshore
fi,h1794,0.1156306842260365,scr1982,avaConv,offshore
fi,h1795,0.11754869854012609,scr1982,avaConv,offshore
fi,h1796,0.10878437752557125,scr1982,avaConv,offshore
fi,h1797,0.09360869477732008,scr1982,avaConv,offshore
fi,h1798,0.07566443850358581,scr1982,avaConv,offshore
fi,h1799,0.06311641755223013,scr1982,avaConv,offshore
fi,h1800,0.06013668773236665,scr1982,avaConv,offshore
fi,h1801,0.06893924039673238,scr1982,avaConv,offshore
fi,h1802,0.08060526417008021,scr1982,avaConv,offshore
fi,h1803,0.09181080184818079,scr1982,avaConv,offshore
fi,h1804,0.10559222488574421,scr1982,avaConv,offshore
fi,h1805,0.12158623765103856,scr1982,avaConv,offshore
fi,h1806,0.14327350699197705,scr1982,avaConv,offshore
fi,h1807,0.1622773608401443,scr1982,avaConv,offshore
fi,h1808,0.17107763269379955,scr1982,avaConv,offshore
fi,h1809,0.16240750691708053,scr1982,avaConv,offshore
fi,h1810,0.13842220028976204,scr1982,avaConv,offshore
fi,h1811,0.11043290924061754,scr1982,avaConv,offshore
fi,h1812,0.07962270779024855,scr1982,avaConv,offshore
fi,h1813,0.054842096387729994,scr1982,avaConv,offshore
fi,h1814,0.036275381249056014,scr1982,avaConv,offshore
fi,h1815,0.030738234113684856,scr1982,avaConv,offshore
fi,h1816,0.03486385884349457,scr1982,avaConv,offshore
fi,h1817,0.039651391825895964,scr1982,avaConv,offshore
fi,h1818,0.048464333506878704,scr1982,avaConv,offshore
fi,h1819,0.07099075569219912,scr1982,avaConv,offshore
fi,h1820,0.12955585975526487,scr1982,avaConv,offshore
fi,h1821,0.21283474782147008,scr1982,avaConv,offshore
fi,h1822,0.27867445536694385,scr1982,avaConv,offshore
fi,h1823,0.31236186510509656,scr1982,avaConv,offshore
fi,h1824,0.32285604907954835,scr1982,avaConv,offshore
fi,h1825,0.3542068953783065,scr1982,avaConv,offshore
fi,h1826,0.3853666908195703,scr1982,avaConv,offshore
fi,h1827,0.39260810138647556,scr1982,avaConv,offshore
fi,h1828,0.3605524829173011,scr1982,avaConv,offshore
fi,h1829,0.3129256661282687,scr1982,avaConv,offshore
fi,h1830,0.274095789738433,scr1982,avaConv,offshore
fi,h1831,0.22668492275971117,scr1982,avaConv,offshore
fi,h1832,0.18391712631320276,scr1982,avaConv,offshore
fi,h1833,0.150679889948476,scr1982,avaConv,offshore
fi,h1834,0.13437534997849734,scr1982,avaConv,offshore
fi,h1835,0.11130316873554624,scr1982,avaConv,offshore
fi,h1836,0.08424012283111905,scr1982,avaConv,offshore
fi,h1837,0.06469534728362353,scr1982,avaConv,offshore
fi,h1838,0.06031796594117487,scr1982,avaConv,offshore
fi,h1839,0.0557768850114895,scr1982,avaConv,offshore
fi,h1840,0.05347750631206674,scr1982,avaConv,offshore
fi,h1841,0.05260232786960049,scr1982,avaConv,offshore
fi,h1842,0.05005942097216847,scr1982,avaConv,offshore
fi,h1843,0.047159135347977034,scr1982,avaConv,offshore
fi,h1844,0.04494999754411476,scr1982,avaConv,offshore
fi,h1845,0.04794473876988155,scr1982,avaConv,offshore
fi,h1846,0.06702434211896362,scr1982,avaConv,offshore
fi,h1847,0.09319798986777875,scr1982,avaConv,offshore
fi,h1848,0.126939954057296,scr1982,avaConv,offshore
fi,h1849,0.33125127902871987,scr1982,avaConv,offshore
fi,h1850,0.5047978742793268,scr1982,avaConv,offshore
fi,h1851,0.6681204361700309,scr1982,avaConv,offshore
fi,h1852,0.6602006348981492,scr1982,avaConv,offshore
fi,h1853,0.6642891860724915,scr1982,avaConv,offshore
fi,h1854,0.6784802307429625,scr1982,avaConv,offshore
fi,h1855,0.7047055268591532,scr1982,avaConv,offshore
fi,h1856,0.7398793728597662,scr1982,avaConv,offshore
fi,h1857,0.7726930401020707,scr1982,avaConv,offshore
fi,h1858,0.7789402556257822,scr1982,avaConv,offshore
fi,h1859,0.745802926794016,scr1982,avaConv,offshore
fi,h1860,0.6794138736065288,scr1982,avaConv,offshore
fi,h1861,0.6331927223236536,scr1982,avaConv,offshore
fi,h1862,0.6242070687154097,scr1982,avaConv,offshore
fi,h1863,0.6599601537874396,scr1982,avaConv,offshore
fi,h1864,0.699066848608716,scr1982,avaConv,offshore
fi,h1865,0.7500337351001727,scr1982,avaConv,offshore
fi,h1866,0.8048251404308147,scr1982,avaConv,offshore
fi,h1867,0.8492276123580177,scr1982,avaConv,offshore
fi,h1868,0.8802928695329462,scr1982,avaConv,offshore
fi,h1869,0.8770593208130051,scr1982,avaConv,offshore
fi,h1870,0.8654135470423016,scr1982,avaConv,offshore
fi,h1871,0.849472305829332,scr1982,avaConv,offshore
fi,h1872,0.8165625193213085,scr1982,avaConv,offshore
fi,h1873,0.7811246903482423,scr1982,avaConv,offshore
fi,h1874,0.73341283390573,scr1982,avaConv,offshore
fi,h1875,0.7059665153442283,scr1982,avaConv,offshore
fi,h1876,0.6903873881671291,scr1982,avaConv,offshore
fi,h1877,0.6711087715775126,scr1982,avaConv,offshore
fi,h1878,0.6280965049293487,scr1982,avaConv,offshore
fi,h1879,0.5798939754373061,scr1982,avaConv,offshore
fi,h1880,0.5529674271137501,scr1982,avaConv,offshore
fi,h1881,0.5477075370315722,scr1982,avaConv,offshore
fi,h1882,0.5450089489975954,scr1982,avaConv,offshore
fi,h1883,0.5179171573009395,scr1982,avaConv,offshore
fi,h1884,0.4987068584159649,scr1982,avaConv,offshore
fi,h1885,0.4858409508008067,scr1982,avaConv,offshore
fi,h1886,0.4819033975847278,scr1982,avaConv,offshore
fi,h1887,0.46633056445813104,scr1982,avaConv,offshore
fi,h1888,0.4547169980196066,scr1982,avaConv,offshore
fi,h1889,0.44058771959989224,scr1982,avaConv,offshore
fi,h1890,0.41069756113152295,scr1982,avaConv,offshore
fi,h1891,0.3458153272254493,scr1982,avaConv,offshore
fi,h1892,0.2604550236821887,scr1982,avaConv,offshore
fi,h1893,0.1843556167984119,scr1982,avaConv,offshore
fi,h1894,0.13108482835411867,scr1982,avaConv,offshore
fi,h1895,0.11179161754271634,scr1982,avaConv,offshore
fi,h1896,0.09982896371613834,scr1982,avaConv,offshore
fi,h1897,0.0984680978519245,scr1982,avaConv,offshore
fi,h1898,0.09408896781087911,scr1982,avaConv,offshore
fi,h1899,0.09860050553625553,scr1982,avaConv,offshore
fi,h1900,0.09806786876844331,scr1982,avaConv,offshore
fi,h1901,0.10051999444097016,scr1982,avaConv,offshore
fi,h1902,0.10689847216656691,scr1982,avaConv,offshore
fi,h1903,0.1116370273598329,scr1982,avaConv,offshore
fi,h1904,0.10446075494434189,scr1982,avaConv,offshore
fi,h1905,0.08807801366283767,scr1982,avaConv,offshore
fi,h1906,0.07608089499865718,scr1982,avaConv,offshore
fi,h1907,0.08259842709108628,scr1982,avaConv,offshore
fi,h1908,0.10201673425705932,scr1982,avaConv,offshore
fi,h1909,0.12632391283547048,scr1982,avaConv,offshore
fi,h1910,0.15402913216031833,scr1982,avaConv,offshore
fi,h1911,0.18445642402383752,scr1982,avaConv,offshore
fi,h1912,0.2156014046443826,scr1982,avaConv,offshore
fi,h1913,0.23959573434208417,scr1982,avaConv,offshore
fi,h1914,0.2565604073731996,scr1982,avaConv,offshore
fi,h1915,0.2672787002473895,scr1982,avaConv,offshore
fi,h1916,0.2706808523270283,scr1982,avaConv,offshore
fi,h1917,0.25942887356234595,scr1982,avaConv,offshore
fi,h1918,0.2405751079118917,scr1982,avaConv,offshore
fi,h1919,0.21344969944800293,scr1982,avaConv,offshore
fi,h1920,0.1971142050391479,scr1982,avaConv,offshore
fi,h1921,0.18882254407654603,scr1982,avaConv,offshore
fi,h1922,0.18522203786014466,scr1982,avaConv,offshore
fi,h1923,0.1769429060904837,scr1982,avaConv,offshore
fi,h1924,0.1666844127284706,scr1982,avaConv,offshore
fi,h1925,0.15186993524035508,scr1982,avaConv,offshore
fi,h1926,0.1336696256060905,scr1982,avaConv,offshore
fi,h1927,0.11197043509893599,scr1982,avaConv,offshore
fi,h1928,0.10232566976819193,scr1982,avaConv,offshore
fi,h1929,0.105382420276227,scr1982,avaConv,offshore
fi,h1930,0.11410021687626216,scr1982,avaConv,offshore
fi,h1931,0.12339082682292415,scr1982,avaConv,offshore
fi,h1932,0.1468935962502487,scr1982,avaConv,offshore
fi,h1933,0.18868225056036586,scr1982,avaConv,offshore
fi,h1934,0.2331175240850614,scr1982,avaConv,offshore
fi,h1935,0.2591553392634351,scr1982,avaConv,offshore
fi,h1936,0.258160113604096,scr1982,avaConv,offshore
fi,h1937,0.24766399574724635,scr1982,avaConv,offshore
fi,h1938,0.24316287679219437,scr1982,avaConv,offshore
fi,h1939,0.25721664680114026,scr1982,avaConv,offshore
fi,h1940,0.2831657977653929,scr1982,avaConv,offshore
fi,h1941,0.30619972535939616,scr1982,avaConv,offshore
fi,h1942,0.3273935352584325,scr1982,avaConv,offshore
fi,h1943,0.3536358392543034,scr1982,avaConv,offshore
fi,h1944,0.37791170542365166,scr1982,avaConv,offshore
fi,h1945,0.3912741685176725,scr1982,avaConv,offshore
fi,h1946,0.3852658760442953,scr1982,avaConv,offshore
fi,h1947,0.3756182597745918,scr1982,avaConv,offshore
fi,h1948,0.37512855305552745,scr1982,avaConv,offshore
fi,h1949,0.37977946224910347,scr1982,avaConv,offshore
fi,h1950,0.3709073153219949,scr1982,avaConv,offshore
fi,h1951,0.328295774825709,scr1982,avaConv,offshore
fi,h1952,0.2668640821314954,scr1982,avaConv,offshore
fi,h1953,0.2136442548393773,scr1982,avaConv,offshore
fi,h1954,0.18809903825610522,scr1982,avaConv,offshore
fi,h1955,0.17712283830665046,scr1982,avaConv,offshore
fi,h1956,0.18093108668168445,scr1982,avaConv,offshore
fi,h1957,0.19940937043548243,scr1982,avaConv,offshore
fi,h1958,0.235343582349947,scr1982,avaConv,offshore
fi,h1959,0.2729435595020998,scr1982,avaConv,offshore
fi,h1960,0.30615125332239224,scr1982,avaConv,offshore
fi,h1961,0.3279200312709833,scr1982,avaConv,offshore
fi,h1962,0.3528509394716962,scr1982,avaConv,offshore
fi,h1963,0.37862382782080606,scr1982,avaConv,offshore
fi,h1964,0.41793068585876814,scr1982,avaConv,offshore
fi,h1965,0.4497475595361676,scr1982,avaConv,offshore
fi,h1966,0.46320983538482996,scr1982,avaConv,offshore
fi,h1967,0.4712460673793902,scr1982,avaConv,offshore
fi,h1968,0.45825801974157426,scr1982,avaConv,offshore
fi,h1969,0.41626374432435864,scr1982,avaConv,offshore
fi,h1970,0.3421239693812191,scr1982,avaConv,offshore
fi,h1971,0.28392129157283996,scr1982,avaConv,offshore
fi,h1972,0.2804431824471017,scr1982,avaConv,offshore
fi,h1973,0.3088228251626519,scr1982,avaConv,offshore
fi,h1974,0.33741185685860725,scr1982,avaConv,offshore
fi,h1975,0.35249109855971256,scr1982,avaConv,offshore
fi,h1976,0.3603103369101162,scr1982,avaConv,offshore
fi,h1977,0.36854317083201366,scr1982,avaConv,offshore
fi,h1978,0.3793577784242671,scr1982,avaConv,offshore
fi,h1979,0.37861366879303887,scr1982,avaConv,offshore
fi,h1980,0.37967481216889254,scr1982,avaConv,offshore
fi,h1981,0.3808658877105315,scr1982,avaConv,offshore
fi,h1982,0.40445451258661586,scr1982,avaConv,offshore
fi,h1983,0.4411438443409981,scr1982,avaConv,offshore
fi,h1984,0.4838906299213504,scr1982,avaConv,offshore
fi,h1985,0.5271231431297662,scr1982,avaConv,offshore
fi,h1986,0.5733917055060342,scr1982,avaConv,offshore
fi,h1987,0.6220621896567415,scr1982,avaConv,offshore
fi,h1988,0.6673618680004338,scr1982,avaConv,offshore
fi,h1989,0.7058170950513272,scr1982,avaConv,offshore
fi,h1990,0.7456092556735215,scr1982,avaConv,offshore
fi,h1991,0.7747581033547046,scr1982,avaConv,offshore
fi,h1992,0.7637075285235493,scr1982,avaConv,offshore
fi,h1993,0.7206023579655803,scr1982,avaConv,offshore
fi,h1994,0.674904848532521,scr1982,avaConv,offshore
fi,h1995,0.6515851128742487,scr1982,avaConv,offshore
fi,h1996,0.6183011393418656,scr1982,avaConv,offshore
fi,h1997,0.5750019745401025,scr1982,avaConv,offshore
fi,h1998,0.5531444101757714,scr1982,avaConv,offshore
fi,h1999,0.5735601136676632,scr1982,avaConv,offshore
fi,h2000,0.6167632647323981,scr1982,avaConv,offshore
fi,h2001,0.6522777938478546,scr1982,avaConv,offshore
fi,h2002,0.6639130275384277,scr1982,avaConv,offshore
fi,h2003,0.6615304635771821,scr1982,avaConv,offshore
fi,h2004,0.6467339177220865,scr1982,avaConv,offshore
fi,h2005,0.6475882647958544,scr1982,avaConv,offshore
fi,h2006,0.667182173377381,scr1982,avaConv,offshore
fi,h2007,0.704860400180385,scr1982,avaConv,offshore
fi,h2008,0.746434378057462,scr1982,avaConv,offshore
fi,h2009,0.7774294440092635,scr1982,avaConv,offshore
fi,h2010,0.8084372864204181,scr1982,avaConv,offshore
fi,h2011,0.8311956039453968,scr1982,avaConv,offshore
fi,h2012,0.8429190509458501,scr1982,avaConv,offshore
fi,h2013,0.8355505898019505,scr1982,avaConv,offshore
fi,h2014,0.8209334369938862,scr1982,avaConv,offshore
fi,h2015,0.8077924549152057,scr1982,avaConv,offshore
fi,h2016,0.7963799868348073,scr1982,avaConv,offshore
fi,h2017,0.6101663488313437,scr1982,avaConv,offshore
fi,h2018,0.40424454850730446,scr1982,avaConv,offshore
fi,h2019,0.17681069761426593,scr1982,avaConv,offshore
fi,h2020,0.1302813995804385,scr1982,avaConv,offshore
fi,h2021,0.08673233627782581,scr1982,avaConv,offshore
fi,h2022,0.046089519390064754,scr1982,avaConv,offshore
fi,h2023,0.017065849435199558,scr1982,avaConv,offshore
fi,h2024,0.007021425670370583,scr1982,avaConv,offshore
fi,h2025,0.013953844761200682,scr1982,avaConv,offshore
fi,h2026,0.0431530703978409,scr1982,avaConv,offshore
fi,h2027,0.12838133617269237,scr1982,avaConv,offshore
fi,h2028,0.2501658039289043,scr1982,avaConv,offshore
fi,h2029,0.3891940961173136,scr1982,avaConv,offshore
fi,h2030,0.4956714483836643,scr1982,avaConv,offshore
fi,h2031,0.5783639203191308,scr1982,avaConv,offshore
fi,h2032,0.6369647622868037,scr1982,avaConv,offshore
fi,h2033,0.68196409188646,scr1982,avaConv,offshore
fi,h2034,0.7120439086227037,scr1982,avaConv,offshore
fi,h2035,0.7355506964470803,scr1982,avaConv,offshore
fi,h2036,0.759408977717484,scr1982,avaConv,offshore
fi,h2037,0.7844331481592736,scr1982,avaConv,offshore
fi,h2038,0.8048444124938334,scr1982,avaConv,offshore
fi,h2039,0.8129950403687545,scr1982,avaConv,offshore
fi,h2040,0.8148095809803622,scr1982,avaConv,offshore
fi,h2041,0.816063275348614,scr1982,avaConv,offshore
fi,h2042,0.8280263635107307,scr1982,avaConv,offshore
fi,h2043,0.8443120404105652,scr1982,avaConv,offshore
fi,h2044,0.8686307491644405,scr1982,avaConv,offshore
fi,h2045,0.8958777815053439,scr1982,avaConv,offshore
fi,h2046,0.9226293796450965,scr1982,avaConv,offshore
fi,h2047,0.9395976203202061,scr1982,avaConv,offshore
fi,h2048,0.9461314871773006,scr1982,avaConv,offshore
fi,h2049,0.9479128123145736,scr1982,avaConv,offshore
fi,h2050,0.9487408128176531,scr1982,avaConv,offshore
fi,h2051,0.9496581548089056,scr1982,avaConv,offshore
fi,h2052,0.9499760880643946,scr1982,avaConv,offshore
fi,h2053,0.9499999217794847,scr1982,avaConv,offshore
fi,h2054,0.95,scr1982,avaConv,offshore
fi,h2055,0.9499974447392844,scr1982,avaConv,offshore
fi,h2056,0.9298668852423904,scr1982,avaConv,offshore
fi,h2057,0.8955318553824462,scr1982,avaConv,offshore
fi,h2058,0.8559223637488517,scr1982,avaConv,offshore
fi,h2059,0.8347535667205433,scr1982,avaConv,offshore
fi,h2060,0.8296618638604776,scr1982,avaConv,offshore
fi,h2061,0.8357769521880448,scr1982,avaConv,offshore
fi,h2062,0.8444489393183974,scr1982,avaConv,offshore
fi,h2063,0.8499552959467325,scr1982,avaConv,offshore
fi,h2064,0.8387044862625633,scr1982,avaConv,offshore
fi,h2065,0.8150997628662571,scr1982,avaConv,offshore
fi,h2066,0.7780138936748551,scr1982,avaConv,offshore
fi,h2067,0.7536232059597151,scr1982,avaConv,offshore
fi,h2068,0.735662548325117,scr1982,avaConv,offshore
fi,h2069,0.7198062487521708,scr1982,avaConv,offshore
fi,h2070,0.6893627014330408,scr1982,avaConv,offshore
fi,h2071,0.6529674312536986,scr1982,avaConv,offshore
fi,h2072,0.6193244632280985,scr1982,avaConv,offshore
fi,h2073,0.5906496795292309,scr1982,avaConv,offshore
fi,h2074,0.5637438241122235,scr1982,avaConv,offshore
fi,h2075,0.5521121558072157,scr1982,avaConv,offshore
fi,h2076,0.539613138933197,scr1982,avaConv,offshore
fi,h2077,0.524010327479568,scr1982,avaConv,offshore
fi,h2078,0.4897553351870811,scr1982,avaConv,offshore
fi,h2079,0.45388876776113735,scr1982,avaConv,offshore
fi,h2080,0.4249141180234006,scr1982,avaConv,offshore
fi,h2081,0.4052673259369963,scr1982,avaConv,offshore
fi,h2082,0.3815345079238556,scr1982,avaConv,offshore
fi,h2083,0.3446630260948947,scr1982,avaConv,offshore
fi,h2084,0.30213392081750745,scr1982,avaConv,offshore
fi,h2085,0.2814814804328925,scr1982,avaConv,offshore
fi,h2086,0.2822076175762469,scr1982,avaConv,offshore
fi,h2087,0.31430659687356854,scr1982,avaConv,offshore
fi,h2088,0.3230919734956068,scr1982,avaConv,offshore
fi,h2089,0.3250654342298629,scr1982,avaConv,offshore
fi,h2090,0.2984513323966338,scr1982,avaConv,offshore
fi,h2091,0.27160897321990785,scr1982,avaConv,offshore
fi,h2092,0.23579687502220142,scr1982,avaConv,offshore
fi,h2093,0.19616896713849002,scr1982,avaConv,offshore
fi,h2094,0.1696118938990315,scr1982,avaConv,offshore
fi,h2095,0.15656082225190426,scr1982,avaConv,offshore
fi,h2096,0.1567957971713797,scr1982,avaConv,offshore
fi,h2097,0.15340363413875246,scr1982,avaConv,offshore
fi,h2098,0.15506940030307387,scr1982,avaConv,offshore
fi,h2099,0.15774301769862345,scr1982,avaConv,offshore
fi,h2100,0.17071605077545415,scr1982,avaConv,offshore
fi,h2101,0.1789625358928454,scr1982,avaConv,offshore
fi,h2102,0.1737140734362012,scr1982,avaConv,offshore
fi,h2103,0.16907400849357077,scr1982,avaConv,offshore
fi,h2104,0.1902937308423503,scr1982,avaConv,offshore
fi,h2105,0.24429585642894297,scr1982,avaConv,offshore
fi,h2106,0.3182290418138102,scr1982,avaConv,offshore
fi,h2107,0.414140805461752,scr1982,avaConv,offshore
fi,h2108,0.5090292894027925,scr1982,avaConv,offshore
fi,h2109,0.5596187332524288,scr1982,avaConv,offshore
fi,h2110,0.5613514785236908,scr1982,avaConv,offshore
fi,h2111,0.5232342260985873,scr1982,avaConv,offshore
fi,h2112,0.49812280034482775,scr1982,avaConv,offshore
fi,h2113,0.45078858137924793,scr1982,avaConv,offshore
fi,h2114,0.39404998748122233,scr1982,avaConv,offshore
fi,h2115,0.327866666723423,scr1982,avaConv,offshore
fi,h2116,0.26564374760622717,scr1982,avaConv,offshore
fi,h2117,0.2068269078470072,scr1982,avaConv,offshore
fi,h2118,0.1424548926248605,scr1982,avaConv,offshore
fi,h2119,0.08734634371452377,scr1982,avaConv,offshore
fi,h2120,0.04939189885143389,scr1982,avaConv,offshore
fi,h2121,0.033446428326653246,scr1982,avaConv,offshore
fi,h2122,0.03741220428340959,scr1982,avaConv,offshore
fi,h2123,0.08123103613322986,scr1982,avaConv,offshore
fi,h2124,0.1510082629988232,scr1982,avaConv,offshore
fi,h2125,0.23622010254985273,scr1982,avaConv,offshore
fi,h2126,0.3216828108405837,scr1982,avaConv,offshore
fi,h2127,0.41603993926805927,scr1982,avaConv,offshore
fi,h2128,0.5223823423048365,scr1982,avaConv,offshore
fi,h2129,0.6198727422867175,scr1982,avaConv,offshore
fi,h2130,0.6781716238879396,scr1982,avaConv,offshore
fi,h2131,0.6775603978829284,scr1982,avaConv,offshore
fi,h2132,0.6122055035902306,scr1982,avaConv,offshore
fi,h2133,0.5316003861495884,scr1982,avaConv,offshore
fi,h2134,0.4653924241288013,scr1982,avaConv,offshore
fi,h2135,0.4584230587504453,scr1982,avaConv,offshore
fi,h2136,0.4688389237285134,scr1982,avaConv,offshore
fi,h2137,0.4628227541879061,scr1982,avaConv,offshore
fi,h2138,0.4115502670986474,scr1982,avaConv,offshore
fi,h2139,0.33166541209709266,scr1982,avaConv,offshore
fi,h2140,0.2663740465101122,scr1982,avaConv,offshore
fi,h2141,0.21529016100034493,scr1982,avaConv,offshore
fi,h2142,0.18341790406563863,scr1982,avaConv,offshore
fi,h2143,0.17156104769387442,scr1982,avaConv,offshore
fi,h2144,0.20817962680030358,scr1982,avaConv,offshore
fi,h2145,0.29238456221667947,scr1982,avaConv,offshore
fi,h2146,0.3972636367552943,scr1982,avaConv,offshore
fi,h2147,0.5136092905740477,scr1982,avaConv,offshore
fi,h2148,0.6298517871306063,scr1982,avaConv,offshore
fi,h2149,0.7334522306119671,scr1982,avaConv,offshore
fi,h2150,0.8058165716117995,scr1982,avaConv,offshore
fi,h2151,0.850830033732206,scr1982,avaConv,offshore
fi,h2152,0.8690695474949498,scr1982,avaConv,offshore
fi,h2153,0.8795660585021712,scr1982,avaConv,offshore
fi,h2154,0.8770434391163052,scr1982,avaConv,offshore
fi,h2155,0.8773115555419992,scr1982,avaConv,offshore
fi,h2156,0.8803812297635863,scr1982,avaConv,offshore
fi,h2157,0.8844752180459323,scr1982,avaConv,offshore
fi,h2158,0.8980104165605166,scr1982,avaConv,offshore
fi,h2159,0.8953088716763875,scr1982,avaConv,offshore
fi,h2160,0.8754223765361977,scr1982,avaConv,offshore
fr,h1441,0.3291792016518993,scr1982,avaConv,offshore
fr,h1442,0.3869312511945767,scr1982,avaConv,offshore
fr,h1443,0.43272887614395306,scr1982,avaConv,offshore
fr,h1444,0.4739613290834956,scr1982,avaConv,offshore
fr,h1445,0.5088519497524494,scr1982,avaConv,offshore
fr,h1446,0.5245328814418552,scr1982,avaConv,offshore
fr,h1447,0.5369849321275275,scr1982,avaConv,offshore
fr,h1448,0.5713203073703609,scr1982,avaConv,offshore
fr,h1449,0.6403412691954385,scr1982,avaConv,offshore
fr,h1450,0.7141027069853165,scr1982,avaConv,offshore
fr,h1451,0.7383016532402714,scr1982,avaConv,offshore
fr,h1452,0.72563704769263,scr1982,avaConv,offshore
fr,h1453,0.712279054540775,scr1982,avaConv,offshore
fr,h1454,0.7206450192620211,scr1982,avaConv,offshore
fr,h1455,0.7394349232627889,scr1982,avaConv,offshore
fr,h1456,0.7591658271563023,scr1982,avaConv,offshore
fr,h1457,0.7732632336157629,scr1982,avaConv,offshore
fr,h1458,0.7728020402691015,scr1982,avaConv,offshore
fr,h1459,0.7491341261722826,scr1982,avaConv,offshore
fr,h1460,0.723053184330369,scr1982,avaConv,offshore
fr,h1461,0.7137716147248125,scr1982,avaConv,offshore
fr,h1462,0.7355426464663127,scr1982,avaConv,offshore
fr,h1463,0.7718086984561652,scr1982,avaConv,offshore
fr,h1464,0.804303997239923,scr1982,avaConv,offshore
fr,h1465,0.8181909367738971,scr1982,avaConv,offshore
fr,h1466,0.8225192727438486,scr1982,avaConv,offshore
fr,h1467,0.8330997749718895,scr1982,avaConv,offshore
fr,h1468,0.8541219474228492,scr1982,avaConv,offshore
fr,h1469,0.8787993059380658,scr1982,avaConv,offshore
fr,h1470,0.8976846063879692,scr1982,avaConv,offshore
fr,h1471,0.9113575496057718,scr1982,avaConv,offshore
fr,h1472,0.9249508230724884,scr1982,avaConv,offshore
fr,h1473,0.9363329820579371,scr1982,avaConv,offshore
fr,h1474,0.943382445237718,scr1982,avaConv,offshore
fr,h1475,0.9453186451599424,scr1982,avaConv,offshore
fr,h1476,0.939407955023454,scr1982,avaConv,offshore
fr,h1477,0.936531795589082,scr1982,avaConv,offshore
fr,h1478,0.9330462471317924,scr1982,avaConv,offshore
fr,h1479,0.935300652859839,scr1982,avaConv,offshore
fr,h1480,0.9318869839373632,scr1982,avaConv,offshore
fr,h1481,0.9287524847860701,scr1982,avaConv,offshore
fr,h1482,0.9269398156299542,scr1982,avaConv,offshore
fr,h1483,0.9263792683102948,scr1982,avaConv,offshore
fr,h1484,0.9214851324022566,scr1982,avaConv,offshore
fr,h1485,0.9061151524849391,scr1982,avaConv,offshore
fr,h1486,0.8742707825032539,scr1982,avaConv,offshore
fr,h1487,0.83681690071771,scr1982,avaConv,offshore
fr,h1488,0.7988183646051762,scr1982,avaConv,offshore
fr,h1489,0.7756711200561222,scr1982,avaConv,offshore
fr,h1490,0.7569533192178249,scr1982,avaConv,offshore
fr,h1491,0.7384771424987882,scr1982,avaConv,offshore
fr,h1492,0.7121887678842612,scr1982,avaConv,offshore
fr,h1493,0.681655315331248,scr1982,avaConv,offshore
fr,h1494,0.6507569850359346,scr1982,avaConv,offshore
fr,h1495,0.6192182061893926,scr1982,avaConv,offshore
fr,h1496,0.5832174105988822,scr1982,avaConv,offshore
fr,h1497,0.5494067567198275,scr1982,avaConv,offshore
fr,h1498,0.5187458121072399,scr1982,avaConv,offshore
fr,h1499,0.48122723557115143,scr1982,avaConv,offshore
fr,h1500,0.42966688067064923,scr1982,avaConv,offshore
fr,h1501,0.37273114776715993,scr1982,avaConv,offshore
fr,h1502,0.32416997562582234,scr1982,avaConv,offshore
fr,h1503,0.28833061208478294,scr1982,avaConv,offshore
fr,h1504,0.2575077482908178,scr1982,avaConv,offshore
fr,h1505,0.23661746859308705,scr1982,avaConv,offshore
fr,h1506,0.22878454716006907,scr1982,avaConv,offshore
fr,h1507,0.23905342600008128,scr1982,avaConv,offshore
fr,h1508,0.2669331204521568,scr1982,avaConv,offshore
fr,h1509,0.31133444202082305,scr1982,avaConv,offshore
fr,h1510,0.3720029234846492,scr1982,avaConv,offshore
fr,h1511,0.4436014203254051,scr1982,avaConv,offshore
fr,h1512,0.49045170605224936,scr1982,avaConv,offshore
fr,h1513,0.5424197931807971,scr1982,avaConv,offshore
fr,h1514,0.5503930452513681,scr1982,avaConv,offshore
fr,h1515,0.5420090550521414,scr1982,avaConv,offshore
fr,h1516,0.4728341110775861,scr1982,avaConv,offshore
fr,h1517,0.4044148682585853,scr1982,avaConv,offshore
fr,h1518,0.36872123039959426,scr1982,avaConv,offshore
fr,h1519,0.35735310533953224,scr1982,avaConv,offshore
fr,h1520,0.3780654672835837,scr1982,avaConv,offshore
fr,h1521,0.3871884352277052,scr1982,avaConv,offshore
fr,h1522,0.36261371531237363,scr1982,avaConv,offshore
fr,h1523,0.3048858793197347,scr1982,avaConv,offshore
fr,h1524,0.2742111496442537,scr1982,avaConv,offshore
fr,h1525,0.3259850424452008,scr1982,avaConv,offshore
fr,h1526,0.4111881223798917,scr1982,avaConv,offshore
fr,h1527,0.4772920241939288,scr1982,avaConv,offshore
fr,h1528,0.5637973775670412,scr1982,avaConv,offshore
fr,h1529,0.6312423086519992,scr1982,avaConv,offshore
fr,h1530,0.6830796731499684,scr1982,avaConv,offshore
fr,h1531,0.6601866854140258,scr1982,avaConv,offshore
fr,h1532,0.6272621396967709,scr1982,avaConv,offshore
fr,h1533,0.5886969747295738,scr1982,avaConv,offshore
fr,h1534,0.5527644395186466,scr1982,avaConv,offshore
fr,h1535,0.5195000421280581,scr1982,avaConv,offshore
fr,h1536,0.48714598829460554,scr1982,avaConv,offshore
fr,h1537,0.46109721451573255,scr1982,avaConv,offshore
fr,h1538,0.44360159496259044,scr1982,avaConv,offshore
fr,h1539,0.42423478696350353,scr1982,avaConv,offshore
fr,h1540,0.38250132570365847,scr1982,avaConv,offshore
fr,h1541,0.3176866986710813,scr1982,avaConv,offshore
fr,h1542,0.24618812014067215,scr1982,avaConv,offshore
fr,h1543,0.18253461521936623,scr1982,avaConv,offshore
fr,h1544,0.1302389543678095,scr1982,avaConv,offshore
fr,h1545,0.09216603027412373,scr1982,avaConv,offshore
fr,h1546,0.07323439602326999,scr1982,avaConv,offshore
fr,h1547,0.08480930281425095,scr1982,avaConv,offshore
fr,h1548,0.09907081880010138,scr1982,avaConv,offshore
fr,h1549,0.11015711638553238,scr1982,avaConv,offshore
fr,h1550,0.10114459005205291,scr1982,avaConv,offshore
fr,h1551,0.0888655575091833,scr1982,avaConv,offshore
fr,h1552,0.07646020556360239,scr1982,avaConv,offshore
fr,h1553,0.06704608896496597,scr1982,avaConv,offshore
fr,h1554,0.06603192997184494,scr1982,avaConv,offshore
fr,h1555,0.06899709072210915,scr1982,avaConv,offshore
fr,h1556,0.07259620657701957,scr1982,avaConv,offshore
fr,h1557,0.07702629057765557,scr1982,avaConv,offshore
fr,h1558,0.09347543522291789,scr1982,avaConv,offshore
fr,h1559,0.12200088967652149,scr1982,avaConv,offshore
fr,h1560,0.17137766456608472,scr1982,avaConv,offshore
fr,h1561,0.2368891165351507,scr1982,avaConv,offshore
fr,h1562,0.30450694105603715,scr1982,avaConv,offshore
fr,h1563,0.35489700034038396,scr1982,avaConv,offshore
fr,h1564,0.3882716459846114,scr1982,avaConv,offshore
fr,h1565,0.4203289806516935,scr1982,avaConv,offshore
fr,h1566,0.45056044570847653,scr1982,avaConv,offshore
fr,h1567,0.4712264044155073,scr1982,avaConv,offshore
fr,h1568,0.4863881636906496,scr1982,avaConv,offshore
fr,h1569,0.5144246725906972,scr1982,avaConv,offshore
fr,h1570,0.5578855829655884,scr1982,avaConv,offshore
fr,h1571,0.59829190335778,scr1982,avaConv,offshore
fr,h1572,0.6560298243286102,scr1982,avaConv,offshore
fr,h1573,0.7104366732564272,scr1982,avaConv,offshore
fr,h1574,0.7671724383719375,scr1982,avaConv,offshore
fr,h1575,0.7916885475595994,scr1982,avaConv,offshore
fr,h1576,0.8054673667959082,scr1982,avaConv,offshore
fr,h1577,0.8120516442557261,scr1982,avaConv,offshore
fr,h1578,0.815215112447146,scr1982,avaConv,offshore
fr,h1579,0.8118132068136868,scr1982,avaConv,offshore
fr,h1580,0.8067026521238289,scr1982,avaConv,offshore
fr,h1581,0.80177931532736,scr1982,avaConv,offshore
fr,h1582,0.7974191692079285,scr1982,avaConv,offshore
fr,h1583,0.7914328304573196,scr1982,avaConv,offshore
fr,h1584,0.7861017977918645,scr1982,avaConv,offshore
fr,h1585,0.7770322941958662,scr1982,avaConv,offshore
fr,h1586,0.7552950954833374,scr1982,avaConv,offshore
fr,h1587,0.7163138581030501,scr1982,avaConv,offshore
fr,h1588,0.6704833839528115,scr1982,avaConv,offshore
fr,h1589,0.6307832294983922,scr1982,avaConv,offshore
fr,h1590,0.5992569312139436,scr1982,avaConv,offshore
fr,h1591,0.5862541939552717,scr1982,avaConv,offshore
fr,h1592,0.5833760365328889,scr1982,avaConv,offshore
fr,h1593,0.5885525664818203,scr1982,avaConv,offshore
fr,h1594,0.5655200530687786,scr1982,avaConv,offshore
fr,h1595,0.5235303272626797,scr1982,avaConv,offshore
fr,h1596,0.46102833535170895,scr1982,avaConv,offshore
fr,h1597,0.414954385293025,scr1982,avaConv,offshore
fr,h1598,0.3850636344277769,scr1982,avaConv,offshore
fr,h1599,0.40972224640508653,scr1982,avaConv,offshore
fr,h1600,0.47643215567025526,scr1982,avaConv,offshore
fr,h1601,0.5512502569586792,scr1982,avaConv,offshore
fr,h1602,0.583847028784645,scr1982,avaConv,offshore
fr,h1603,0.5751441205883346,scr1982,avaConv,offshore
fr,h1604,0.5568868948051245,scr1982,avaConv,offshore
fr,h1605,0.5441103517281924,scr1982,avaConv,offshore
fr,h1606,0.5373099067334786,scr1982,avaConv,offshore
fr,h1607,0.5396732616069957,scr1982,avaConv,offshore
fr,h1608,0.5415545271915023,scr1982,avaConv,offshore
fr,h1609,0.5397084843559216,scr1982,avaConv,offshore
fr,h1610,0.5368220604753581,scr1982,avaConv,offshore
fr,h1611,0.537771239572069,scr1982,avaConv,offshore
fr,h1612,0.5422353185076486,scr1982,avaConv,offshore
fr,h1613,0.5363474689446537,scr1982,avaConv,offshore
fr,h1614,0.5237667138297224,scr1982,avaConv,offshore
fr,h1615,0.5095477328131571,scr1982,avaConv,offshore
fr,h1616,0.4990814948443831,scr1982,avaConv,offshore
fr,h1617,0.4840578440456334,scr1982,avaConv,offshore
fr,h1618,0.4501400418814892,scr1982,avaConv,offshore
fr,h1619,0.3763967335730531,scr1982,avaConv,offshore
fr,h1620,0.3456869410959756,scr1982,avaConv,offshore
fr,h1621,0.361717090748188,scr1982,avaConv,offshore
fr,h1622,0.4147274848224516,scr1982,avaConv,offshore
fr,h1623,0.4235815822524418,scr1982,avaConv,offshore
fr,h1624,0.40300035586409394,scr1982,avaConv,offshore
fr,h1625,0.385948817425468,scr1982,avaConv,offshore
fr,h1626,0.3833798705125997,scr1982,avaConv,offshore
fr,h1627,0.39302646845606753,scr1982,avaConv,offshore
fr,h1628,0.4196108710582395,scr1982,avaConv,offshore
fr,h1629,0.4684550068804752,scr1982,avaConv,offshore
fr,h1630,0.5309642313570605,scr1982,avaConv,offshore
fr,h1631,0.5691080579864801,scr1982,avaConv,offshore
fr,h1632,0.5615012498151771,scr1982,avaConv,offshore
fr,h1633,0.529507062662346,scr1982,avaConv,offshore
fr,h1634,0.4918729781657262,scr1982,avaConv,offshore
fr,h1635,0.4613305607018427,scr1982,avaConv,offshore
fr,h1636,0.4432306447590675,scr1982,avaConv,offshore
fr,h1637,0.451422713333983,scr1982,avaConv,offshore
fr,h1638,0.4734497653278278,scr1982,avaConv,offshore
fr,h1639,0.47744932907271126,scr1982,avaConv,offshore
fr,h1640,0.4451554077467954,scr1982,avaConv,offshore
fr,h1641,0.39789380656204293,scr1982,avaConv,offshore
fr,h1642,0.3535402300399911,scr1982,avaConv,offshore
fr,h1643,0.31212309808302396,scr1982,avaConv,offshore
fr,h1644,0.266702409396277,scr1982,avaConv,offshore
fr,h1645,0.20851759181738322,scr1982,avaConv,offshore
fr,h1646,0.15920066488404225,scr1982,avaConv,offshore
fr,h1647,0.126101914557065,scr1982,avaConv,offshore
fr,h1648,0.10843155136315158,scr1982,avaConv,offshore
fr,h1649,0.10222199703845995,scr1982,avaConv,offshore
fr,h1650,0.10254105642624245,scr1982,avaConv,offshore
fr,h1651,0.10891424200001805,scr1982,avaConv,offshore
fr,h1652,0.11609567265852049,scr1982,avaConv,offshore
fr,h1653,0.11710408285617761,scr1982,avaConv,offshore
fr,h1654,0.11733465647328133,scr1982,avaConv,offshore
fr,h1655,0.11057515962263548,scr1982,avaConv,offshore
fr,h1656,0.10811856872883369,scr1982,avaConv,offshore
fr,h1657,0.108906235507004,scr1982,avaConv,offshore
fr,h1658,0.12313704266363815,scr1982,avaConv,offshore
fr,h1659,0.14655899511068476,scr1982,avaConv,offshore
fr,h1660,0.1757138970845882,scr1982,avaConv,offshore
fr,h1661,0.20358476170319975,scr1982,avaConv,offshore
fr,h1662,0.22101762434898006,scr1982,avaConv,offshore
fr,h1663,0.23096854485017596,scr1982,avaConv,offshore
fr,h1664,0.24423895925000488,scr1982,avaConv,offshore
fr,h1665,0.2578450345390864,scr1982,avaConv,offshore
fr,h1666,0.25935410843350665,scr1982,avaConv,offshore
fr,h1667,0.24005627551314196,scr1982,avaConv,offshore
fr,h1668,0.23014949222792694,scr1982,avaConv,offshore
fr,h1669,0.2592310216885121,scr1982,avaConv,offshore
fr,h1670,0.3476507192906207,scr1982,avaConv,offshore
fr,h1671,0.4642946092041708,scr1982,avaConv,offshore
fr,h1672,0.5697266018426994,scr1982,avaConv,offshore
fr,h1673,0.6388049275191484,scr1982,avaConv,offshore
fr,h1674,0.6688762183584201,scr1982,avaConv,offshore
fr,h1675,0.6710012542464889,scr1982,avaConv,offshore
fr,h1676,0.6416298866863355,scr1982,avaConv,offshore
fr,h1677,0.5801651613101081,scr1982,avaConv,offshore
fr,h1678,0.4919675072793062,scr1982,avaConv,offshore
fr,h1679,0.4001171617058345,scr1982,avaConv,offshore
fr,h1680,0.3410820465570365,scr1982,avaConv,offshore
fr,h1681,0.4198369903338003,scr1982,avaConv,offshore
fr,h1682,0.5217993261765137,scr1982,avaConv,offshore
fr,h1683,0.6390181681399786,scr1982,avaConv,offshore
fr,h1684,0.6567478261061924,scr1982,avaConv,offshore
fr,h1685,0.6637503455532375,scr1982,avaConv,offshore
fr,h1686,0.6479813691915937,scr1982,avaConv,offshore
fr,h1687,0.6370460887479836,scr1982,avaConv,offshore
fr,h1688,0.6451607911793069,scr1982,avaConv,offshore
fr,h1689,0.667548016599827,scr1982,avaConv,offshore
fr,h1690,0.6838778265516223,scr1982,avaConv,offshore
fr,h1691,0.6633512764308452,scr1982,avaConv,offshore
fr,h1692,0.6350904254644949,scr1982,avaConv,offshore
fr,h1693,0.6052973523713255,scr1982,avaConv,offshore
fr,h1694,0.6035796846429857,scr1982,avaConv,offshore
fr,h1695,0.6020801417988081,scr1982,avaConv,offshore
fr,h1696,0.6034195117119917,scr1982,avaConv,offshore
fr,h1697,0.5981856333434553,scr1982,avaConv,offshore
fr,h1698,0.5880932395612221,scr1982,avaConv,offshore
fr,h1699,0.583861102661025,scr1982,avaConv,offshore
fr,h1700,0.5913968585674024,scr1982,avaConv,offshore
fr,h1701,0.601742915257515,scr1982,avaConv,offshore
fr,h1702,0.5917039885649961,scr1982,avaConv,offshore
fr,h1703,0.5146045413290701,scr1982,avaConv,offshore
fr,h1704,0.41382841062038545,scr1982,avaConv,offshore
fr,h1705,0.3207108108382622,scr1982,avaConv,offshore
fr,h1706,0.2918954127126462,scr1982,avaConv,offshore
fr,h1707,0.2758561609910631,scr1982,avaConv,offshore
fr,h1708,0.2588193939949332,scr1982,avaConv,offshore
fr,h1709,0.23872886269831997,scr1982,avaConv,offshore
fr,h1710,0.2219767209464052,scr1982,avaConv,offshore
fr,h1711,0.20367124547458562,scr1982,avaConv,offshore
fr,h1712,0.18348704108023078,scr1982,avaConv,offshore
fr,h1713,0.16182006231360965,scr1982,avaConv,offshore
fr,h1714,0.13640977473334526,scr1982,avaConv,offshore
fr,h1715,0.10602805840739135,scr1982,avaConv,offshore
fr,h1716,0.08016194294347659,scr1982,avaConv,offshore
fr,h1717,0.06758510974836633,scr1982,avaConv,offshore
fr,h1718,0.06225625604595065,scr1982,avaConv,offshore
fr,h1719,0.05962184715968251,scr1982,avaConv,offshore
fr,h1720,0.05569004129849058,scr1982,avaConv,offshore
fr,h1721,0.05393075155685464,scr1982,avaConv,offshore
fr,h1722,0.050965333225291835,scr1982,avaConv,offshore
fr,h1723,0.044576056815328766,scr1982,avaConv,offshore
fr,h1724,0.03659074568337296,scr1982,avaConv,offshore
fr,h1725,0.03015816130699796,scr1982,avaConv,offshore
fr,h1726,0.025000880482741,scr1982,avaConv,offshore
fr,h1727,0.020107280497021922,scr1982,avaConv,offshore
fr,h1728,0.015413662816905024,scr1982,avaConv,offshore
fr,h1729,0.010830139801960648,scr1982,avaConv,offshore
fr,h1730,0.005972723027293102,scr1982,avaConv,offshore
fr,h1731,0.0024006538690122046,scr1982,avaConv,offshore
fr,h1732,0.0007474632764650194,scr1982,avaConv,offshore
fr,h1733,0.0002047444857496338,scr1982,avaConv,offshore
fr,h1734,0.0,scr1982,avaConv,offshore
fr,h1735,0.0,scr1982,avaConv,offshore
fr,h1736,0.0,scr1982,avaConv,offshore
fr,h1737,0.0001454883697089261,scr1982,avaConv,offshore
fr,h1738,0.0004119516115492363,scr1982,avaConv,offshore
fr,h1739,0.0011978240290012137,scr1982,avaConv,offshore
fr,h1740,0.002381271914929122,scr1982,avaConv,offshore
fr,h1741,0.0024424429820336354,scr1982,avaConv,offshore
fr,h1742,0.0019410572298765576,scr1982,avaConv,offshore
fr,h1743,0.0010597432594313674,scr1982,avaConv,offshore
fr,h1744,0.0017647802707455292,scr1982,avaConv,offshore
fr,h1745,0.006122554174146024,scr1982,avaConv,offshore
fr,h1746,0.013309318872934857,scr1982,avaConv,offshore
fr,h1747,0.023294770463927552,scr1982,avaConv,offshore
fr,h1748,0.03618832489530915,scr1982,avaConv,offshore
fr,h1749,0.054784111595211835,scr1982,avaConv,offshore
fr,h1750,0.07852568485126239,scr1982,avaConv,offshore
fr,h1751,0.0956746836447006,scr1982,avaConv,offshore
fr,h1752,0.10604627769510667,scr1982,avaConv,offshore
fr,h1753,0.10631158451763362,scr1982,avaConv,offshore
fr,h1754,0.10093689621354267,scr1982,avaConv,offshore
fr,h1755,0.08817370181000753,scr1982,avaConv,offshore
fr,h1756,0.07482488874765268,scr1982,avaConv,offshore
fr,h1757,0.06677479774026972,scr1982,avaConv,offshore
fr,h1758,0.06869452452251217,scr1982,avaConv,offshore
fr,h1759,0.07860665407341427,scr1982,avaConv,offshore
fr,h1760,0.09242912474812072,scr1982,avaConv,offshore
fr,h1761,0.10638458915329756,scr1982,avaConv,offshore
fr,h1762,0.11745624729873802,scr1982,avaConv,offshore
fr,h1763,0.12582624559863223,scr1982,avaConv,offshore
fr,h1764,0.1266105311969419,scr1982,avaConv,offshore
fr,h1765,0.1206687211863877,scr1982,avaConv,offshore
fr,h1766,0.11169667558500371,scr1982,avaConv,offshore
fr,h1767,0.10629619088331668,scr1982,avaConv,offshore
fr,h1768,0.11056246602560024,scr1982,avaConv,offshore
fr,h1769,0.12806654163068695,scr1982,avaConv,offshore
fr,h1770,0.15725307918835954,scr1982,avaConv,offshore
fr,h1771,0.19180375879611655,scr1982,avaConv,offshore
fr,h1772,0.22486775001002535,scr1982,avaConv,offshore
fr,h1773,0.24765332408812055,scr1982,avaConv,offshore
fr,h1774,0.2555987850082925,scr1982,avaConv,offshore
fr,h1775,0.22365206282105046,scr1982,avaConv,offshore
fr,h1776,0.19319430266471166,scr1982,avaConv,offshore
fr,h1777,0.17975255675084248,scr1982,avaConv,offshore
fr,h1778,0.2102164782734674,scr1982,avaConv,offshore
fr,h1779,0.2491765165103683,scr1982,avaConv,offshore
fr,h1780,0.2842674769102967,scr1982,avaConv,offshore
fr,h1781,0.2902685334395893,scr1982,avaConv,offshore
fr,h1782,0.26663797150353025,scr1982,avaConv,offshore
fr,h1783,0.22740732844463576,scr1982,avaConv,offshore
fr,h1784,0.20568368989614572,scr1982,avaConv,offshore
fr,h1785,0.1979682344492342,scr1982,avaConv,offshore
fr,h1786,0.1815318674858291,scr1982,avaConv,offshore
fr,h1787,0.16269463039014098,scr1982,avaConv,offshore
fr,h1788,0.15044631223183,scr1982,avaConv,offshore
fr,h1789,0.15367269681333934,scr1982,avaConv,offshore
fr,h1790,0.15739081953843823,scr1982,avaConv,offshore
fr,h1791,0.15646516741075453,scr1982,avaConv,offshore
fr,h1792,0.15857301448966765,scr1982,avaConv,offshore
fr,h1793,0.16838428775630024,scr1982,avaConv,offshore
fr,h1794,0.18374660696383077,scr1982,avaConv,offshore
fr,h1795,0.19474833415628448,scr1982,avaConv,offshore
fr,h1796,0.1898083885865775,scr1982,avaConv,offshore
fr,h1797,0.17178403519924568,scr1982,avaConv,offshore
fr,h1798,0.14731343658348048,scr1982,avaConv,offshore
fr,h1799,0.12910605190067267,scr1982,avaConv,offshore
fr,h1800,0.12290181167544166,scr1982,avaConv,offshore
fr,h1801,0.12418517666938673,scr1982,avaConv,offshore
fr,h1802,0.13028381166549696,scr1982,avaConv,offshore
fr,h1803,0.13146021090383916,scr1982,avaConv,offshore
fr,h1804,0.13421270762703685,scr1982,avaConv,offshore
fr,h1805,0.14962038742492004,scr1982,avaConv,offshore
fr,h1806,0.1947735485601981,scr1982,avaConv,offshore
fr,h1807,0.2683382831189788,scr1982,avaConv,offshore
fr,h1808,0.3515795931741781,scr1982,avaConv,offshore
fr,h1809,0.4246508229115432,scr1982,avaConv,offshore
fr,h1810,0.4709657179370857,scr1982,avaConv,offshore
fr,h1811,0.49374921268816013,scr1982,avaConv,offshore
fr,h1812,0.4938498781781538,scr1982,avaConv,offshore
fr,h1813,0.47571119099605486,scr1982,avaConv,offshore
fr,h1814,0.4402137128511039,scr1982,avaConv,offshore
fr,h1815,0.40890916218445134,scr1982,avaConv,offshore
fr,h1816,0.3971150720959965,scr1982,avaConv,offshore
fr,h1817,0.40224554084240655,scr1982,avaConv,offshore
fr,h1818,0.40097326398370225,scr1982,avaConv,offshore
fr,h1819,0.38732805205809884,scr1982,avaConv,offshore
fr,h1820,0.36889945341855984,scr1982,avaConv,offshore
fr,h1821,0.35226637865853916,scr1982,avaConv,offshore
fr,h1822,0.34127740923364197,scr1982,avaConv,offshore
fr,h1823,0.3527910643197033,scr1982,avaConv,offshore
fr,h1824,0.37555455653361625,scr1982,avaConv,offshore
fr,h1825,0.3837852876090623,scr1982,avaConv,offshore
fr,h1826,0.35816859618577446,scr1982,avaConv,offshore
fr,h1827,0.3105511344564113,scr1982,avaConv,offshore
fr,h1828,0.2597705923459068,scr1982,avaConv,offshore
fr,h1829,0.21668269975785592,scr1982,avaConv,offshore
fr,h1830,0.18705159335732982,scr1982,avaConv,offshore
fr,h1831,0.17758512613710878,scr1982,avaConv,offshore
fr,h1832,0.17916501298691295,scr1982,avaConv,offshore
fr,h1833,0.18352575363293303,scr1982,avaConv,offshore
fr,h1834,0.18122097272958657,scr1982,avaConv,offshore
fr,h1835,0.16268238324192946,scr1982,avaConv,offshore
fr,h1836,0.13130342935266515,scr1982,avaConv,offshore
fr,h1837,0.10154282617816139,scr1982,avaConv,offshore
fr,h1838,0.08407105334106464,scr1982,avaConv,offshore
fr,h1839,0.07708908173036375,scr1982,avaConv,offshore
fr,h1840,0.07742048513723657,scr1982,avaConv,offshore
fr,h1841,0.08892500134295858,scr1982,avaConv,offshore
fr,h1842,0.12161412039088368,scr1982,avaConv,offshore
fr,h1843,0.16881684031833452,scr1982,avaConv,offshore
fr,h1844,0.22211681704755382,scr1982,avaConv,offshore
fr,h1845,0.27212364552551976,scr1982,avaConv,offshore
fr,h1846,0.3067028450723682,scr1982,avaConv,offshore
fr,h1847,0.31889333758873994,scr1982,avaConv,offshore
fr,h1848,0.3007268675629155,scr1982,avaConv,offshore
fr,h1849,0.45042236530196267,scr1982,avaConv,offshore
fr,h1850,0.5884758630572441,scr1982,avaConv,offshore
fr,h1851,0.7285527465803643,scr1982,avaConv,offshore
fr,h1852,0.6944244849676132,scr1982,avaConv,offshore
fr,h1853,0.663519363138745,scr1982,avaConv,offshore
fr,h1854,0.6301328414938882,scr1982,avaConv,offshore
fr,h1855,0.5897313301525643,scr1982,avaConv,offshore
fr,h1856,0.5511987496441353,scr1982,avaConv,offshore
fr,h1857,0.5249726112152914,scr1982,avaConv,offshore
fr,h1858,0.5181659303123715,scr1982,avaConv,offshore
fr,h1859,0.5186583558400558,scr1982,avaConv,offshore
fr,h1860,0.5254728691205532,scr1982,avaConv,offshore
fr,h1861,0.5530052220601092,scr1982,avaConv,offshore
fr,h1862,0.6012770776135257,scr1982,avaConv,offshore
fr,h1863,0.6589665027279283,scr1982,avaConv,offshore
fr,h1864,0.707594755407206,scr1982,avaConv,offshore
fr,h1865,0.7452004482666257,scr1982,avaConv,offshore
fr,h1866,0.7647470986200327,scr1982,avaConv,offshore
fr,h1867,0.7692695882711604,scr1982,avaConv,offshore
fr,h1868,0.7581197726005694,scr1982,avaConv,offshore
fr,h1869,0.7360646254411152,scr1982,avaConv,offshore
fr,h1870,0.7100800458066665,scr1982,avaConv,offshore
fr,h1871,0.7006144257118377,scr1982,avaConv,offshore
fr,h1872,0.7021053735307897,scr1982,avaConv,offshore
fr,h1873,0.6926618826542672,scr1982,avaConv,offshore
fr,h1874,0.6636442075480744,scr1982,avaConv,offshore
fr,h1875,0.6321457626479794,scr1982,avaConv,offshore
fr,h1876,0.6074299656427747,scr1982,avaConv,offshore
fr,h1877,0.5704303188007168,scr1982,avaConv,offshore
fr,h1878,0.5153734042530139,scr1982,avaConv,offshore
fr,h1879,0.4600992036633867,scr1982,avaConv,offshore
fr,h1880,0.413085823960242,scr1982,avaConv,offshore
fr,h1881,0.36659967852466,scr1982,avaConv,offshore
fr,h1882,0.3080507548785844,scr1982,avaConv,offshore
fr,h1883,0.28193241629873417,scr1982,avaConv,offshore
fr,h1884,0.28344987443147546,scr1982,avaConv,offshore
fr,h1885,0.31968598669184123,scr1982,avaConv,offshore
fr,h1886,0.35737065401306656,scr1982,avaConv,offshore
fr,h1887,0.39732433236583065,scr1982,avaConv,offshore
fr,h1888,0.42707756933673424,scr1982,avaConv,offshore
fr,h1889,0.4428646404047556,scr1982,avaConv,offshore
fr,h1890,0.4526879153660192,scr1982,avaConv,offshore
fr,h1891,0.4625388664026322,scr1982,avaConv,offshore
fr,h1892,0.4687778889045305,scr1982,avaConv,offshore
fr,h1893,0.46567963957646535,scr1982,avaConv,offshore
fr,h1894,0.45224638609716616,scr1982,avaConv,offshore
fr,h1895,0.44576914855090494,scr1982,avaConv,offshore
fr,h1896,0.43660277648914686,scr1982,avaConv,offshore
fr,h1897,0.42619387668975167,scr1982,avaConv,offshore
fr,h1898,0.40587285887439495,scr1982,avaConv,offshore
fr,h1899,0.39799559084412334,scr1982,avaConv,offshore
fr,h1900,0.40661434133115526,scr1982,avaConv,offshore
fr,h1901,0.4209199159552234,scr1982,avaConv,offshore
fr,h1902,0.4389121773630495,scr1982,avaConv,offshore
fr,h1903,0.460882426484976,scr1982,avaConv,offshore
fr,h1904,0.4798196055122183,scr1982,avaConv,offshore
fr,h1905,0.4987612679597927,scr1982,avaConv,offshore
fr,h1906,0.5026768655403452,scr1982,avaConv,offshore
fr,h1907,0.5005679360851926,scr1982,avaConv,offshore
fr,h1908,0.4869239010471411,scr1982,avaConv,offshore
fr,h1909,0.47085846620901495,scr1982,avaConv,offshore
fr,h1910,0.46196345371863723,scr1982,avaConv,offshore
fr,h1911,0.4657861989335543,scr1982,avaConv,offshore
fr,h1912,0.4895478780409933,scr1982,avaConv,offshore
fr,h1913,0.5179500058908866,scr1982,avaConv,offshore
fr,h1914,0.5407119302856683,scr1982,avaConv,offshore
fr,h1915,0.5440340843107573,scr1982,avaConv,offshore
fr,h1916,0.5318217602487612,scr1982,avaConv,offshore
fr,h1917,0.507523990380515,scr1982,avaConv,offshore
fr,h1918,0.48352937686552777,scr1982,avaConv,offshore
fr,h1919,0.5021852790982306,scr1982,avaConv,offshore
fr,h1920,0.5238465763849672,scr1982,avaConv,offshore
fr,h1921,0.5426961278712731,scr1982,avaConv,offshore
fr,h1922,0.5183175419087834,scr1982,avaConv,offshore
fr,h1923,0.49868603131591566,scr1982,avaConv,offshore
fr,h1924,0.47482606361596386,scr1982,avaConv,offshore
fr,h1925,0.44644307422352947,scr1982,avaConv,offshore
fr,h1926,0.4037534490307744,scr1982,avaConv,offshore
fr,h1927,0.3550756683454618,scr1982,avaConv,offshore
fr,h1928,0.2990137208124738,scr1982,avaConv,offshore
fr,h1929,0.2447029546776383,scr1982,avaConv,offshore
fr,h1930,0.20187174203740701,scr1982,avaConv,offshore
fr,h1931,0.1730691880174735,scr1982,avaConv,offshore
fr,h1932,0.15911342758683172,scr1982,avaConv,offshore
fr,h1933,0.15314981433336491,scr1982,avaConv,offshore
fr,h1934,0.174567904704026,scr1982,avaConv,offshore
fr,h1935,0.2228270347207727,scr1982,avaConv,offshore
fr,h1936,0.2942105137530829,scr1982,avaConv,offshore
fr,h1937,0.3584147693409132,scr1982,avaConv,offshore
fr,h1938,0.40536202662259707,scr1982,avaConv,offshore
fr,h1939,0.4392485573926949,scr1982,avaConv,offshore
fr,h1940,0.45134411132443203,scr1982,avaConv,offshore
fr,h1941,0.44691110106992493,scr1982,avaConv,offshore
fr,h1942,0.4214322965784697,scr1982,avaConv,offshore
fr,h1943,0.40092849076308185,scr1982,avaConv,offshore
fr,h1944,0.3697809731991293,scr1982,avaConv,offshore
fr,h1945,0.32497272436329216,scr1982,avaConv,offshore
fr,h1946,0.2619892531987908,scr1982,avaConv,offshore
fr,h1947,0.21095502542168096,scr1982,avaConv,offshore
fr,h1948,0.1926187145243575,scr1982,avaConv,offshore
fr,h1949,0.2021411836065957,scr1982,avaConv,offshore
fr,h1950,0.2238345564229855,scr1982,avaConv,offshore
fr,h1951,0.24912035173844374,scr1982,avaConv,offshore
fr,h1952,0.2707936181762613,scr1982,avaConv,offshore
fr,h1953,0.2893087988077966,scr1982,avaConv,offshore
fr,h1954,0.31468874650805356,scr1982,avaConv,offshore
fr,h1955,0.35088200062800934,scr1982,avaConv,offshore
fr,h1956,0.4120455464467098,scr1982,avaConv,offshore
fr,h1957,0.5162773132279905,scr1982,avaConv,offshore
fr,h1958,0.6297389456898201,scr1982,avaConv,offshore
fr,h1959,0.7358745216009366,scr1982,avaConv,offshore
fr,h1960,0.7983161708722099,scr1982,avaConv,offshore
fr,h1961,0.8448296735821185,scr1982,avaConv,offshore
fr,h1962,0.8708995047299787,scr1982,avaConv,offshore
fr,h1963,0.8806891052302014,scr1982,avaConv,offshore
fr,h1964,0.8841981822261578,scr1982,avaConv,offshore
fr,h1965,0.884838549193113,scr1982,avaConv,offshore
fr,h1966,0.8652848077483698,scr1982,avaConv,offshore
fr,h1967,0.8348818956070475,scr1982,avaConv,offshore
fr,h1968,0.7955842713739694,scr1982,avaConv,offshore
fr,h1969,0.7644096096878599,scr1982,avaConv,offshore
fr,h1970,0.7283577292473166,scr1982,avaConv,offshore
fr,h1971,0.6734378888154519,scr1982,avaConv,offshore
fr,h1972,0.5857373473796735,scr1982,avaConv,offshore
fr,h1973,0.4806423731473069,scr1982,avaConv,offshore
fr,h1974,0.38790153108637787,scr1982,avaConv,offshore
fr,h1975,0.31941432433375105,scr1982,avaConv,offshore
fr,h1976,0.2614563783570161,scr1982,avaConv,offshore
fr,h1977,0.2079828141542135,scr1982,avaConv,offshore
fr,h1978,0.17276625353368902,scr1982,avaConv,offshore
fr,h1979,0.13899205009094096,scr1982,avaConv,offshore
fr,h1980,0.11521757665972555,scr1982,avaConv,offshore
fr,h1981,0.0965744982601443,scr1982,avaConv,offshore
fr,h1982,0.10125214684086786,scr1982,avaConv,offshore
fr,h1983,0.110353389808236,scr1982,avaConv,offshore
fr,h1984,0.12315139115520096,scr1982,avaConv,offshore
fr,h1985,0.14355106657715822,scr1982,avaConv,offshore
fr,h1986,0.1673428511453788,scr1982,avaConv,offshore
fr,h1987,0.18680795376065423,scr1982,avaConv,offshore
fr,h1988,0.18909600883499575,scr1982,avaConv,offshore
fr,h1989,0.182361259481917,scr1982,avaConv,offshore
fr,h1990,0.1681063311183094,scr1982,avaConv,offshore
fr,h1991,0.16749414102397003,scr1982,avaConv,offshore
fr,h1992,0.17820859604504083,scr1982,avaConv,offshore
fr,h1993,0.19927203978565583,scr1982,avaConv,offshore
fr,h1994,0.2153455904898846,scr1982,avaConv,offshore
fr,h1995,0.22628662528044532,scr1982,avaConv,offshore
fr,h1996,0.23597278454307705,scr1982,avaConv,offshore
fr,h1997,0.25094968425111247,scr1982,avaConv,offshore
fr,h1998,0.2626984135662683,scr1982,avaConv,offshore
fr,h1999,0.2689440381451919,scr1982,avaConv,offshore
fr,h2000,0.2716682831383899,scr1982,avaConv,offshore
fr,h2001,0.28153626112094204,scr1982,avaConv,offshore
fr,h2002,0.29287975726330434,scr1982,avaConv,offshore
fr,h2003,0.2943652444005434,scr1982,avaConv,offshore
fr,h2004,0.3030814662493859,scr1982,avaConv,offshore
fr,h2005,0.330933518409994,scr1982,avaConv,offshore
fr,h2006,0.38428097898318714,scr1982,avaConv,offshore
fr,h2007,0.4432376980986875,scr1982,avaConv,offshore
fr,h2008,0.4995083538381466,scr1982,avaConv,offshore
fr,h2009,0.5481959069669691,scr1982,avaConv,offshore
fr,h2010,0.6002721945333773,scr1982,avaConv,offshore
fr,h2011,0.6481275050982461,scr1982,avaConv,offshore
fr,h2012,0.6873007309603313,scr1982,avaConv,offshore
fr,h2013,0.70526136984508,scr1982,avaConv,offshore
fr,h2014,0.7028809425837697,scr1982,avaConv,offshore
fr,h2015,0.7091272990805981,scr1982,avaConv,offshore
fr,h2016,0.7229212143103575,scr1982,avaConv,offshore
fr,h2017,0.5375375142120692,scr1982,avaConv,offshore
fr,h2018,0.32812555318542846,scr1982,avaConv,offshore
fr,h2019,0.09301055253111386,scr1982,avaConv,offshore
fr,h2020,0.0791888072118067,scr1982,avaConv,offshore
fr,h2021,0.06995658363307779,scr1982,avaConv,offshore
fr,h2022,0.062432643018731575,scr1982,avaConv,offshore
fr,h2023,0.05597887965083252,scr1982,avaConv,offshore
fr,h2024,0.04817364201493339,scr1982,avaConv,offshore
fr,h2025,0.03844751586907733,scr1982,avaConv,offshore
fr,h2026,0.027206246641832712,scr1982,avaConv,offshore
fr,h2027,0.018003893472565837,scr1982,avaConv,offshore
fr,h2028,0.014206550558398609,scr1982,avaConv,offshore
fr,h2029,0.014964209002668588,scr1982,avaConv,offshore
fr,h2030,0.015509742321079248,scr1982,avaConv,offshore
fr,h2031,0.014395878058263725,scr1982,avaConv,offshore
fr,h2032,0.011985848104123597,scr1982,avaConv,offshore
fr,h2033,0.010667662578061234,scr1982,avaConv,offshore
fr,h2034,0.010942838402918658,scr1982,avaConv,offshore
fr,h2035,0.011853538326091782,scr1982,avaConv,offshore
fr,h2036,0.016700420975575808,scr1982,avaConv,offshore
fr,h2037,0.02322594058041351,scr1982,avaConv,offshore
fr,h2038,0.027323140258137847,scr1982,avaConv,offshore
fr,h2039,0.03685303283345976,scr1982,avaConv,offshore
fr,h2040,0.05576243630742144,scr1982,avaConv,offshore
fr,h2041,0.080158814150506,scr1982,avaConv,offshore
fr,h2042,0.09549027078738359,scr1982,avaConv,offshore
fr,h2043,0.09685852854800289,scr1982,avaConv,offshore
fr,h2044,0.08559920462640798,scr1982,avaConv,offshore
fr,h2045,0.07352848871244272,scr1982,avaConv,offshore
fr,h2046,0.06798853462525783,scr1982,avaConv,offshore
fr,h2047,0.07035826984314594,scr1982,avaConv,offshore
fr,h2048,0.07296718059741375,scr1982,avaConv,offshore
fr,h2049,0.07178054224804503,scr1982,avaConv,offshore
fr,h2050,0.0737405919830922,scr1982,avaConv,offshore
fr,h2051,0.07476239017928807,scr1982,avaConv,offshore
fr,h2052,0.08265787421471603,scr1982,avaConv,offshore
fr,h2053,0.08362988315464309,scr1982,avaConv,offshore
fr,h2054,0.07785687035813786,scr1982,avaConv,offshore
fr,h2055,0.05870598572936128,scr1982,avaConv,offshore
fr,h2056,0.0419228672701495,scr1982,avaConv,offshore
fr,h2057,0.034469627662172875,scr1982,avaConv,offshore
fr,h2058,0.03814458915080574,scr1982,avaConv,offshore
fr,h2059,0.05822438650601552,scr1982,avaConv,offshore
fr,h2060,0.10223908678619713,scr1982,avaConv,offshore
fr,h2061,0.16311713136860223,scr1982,avaConv,offshore
fr,h2062,0.232274887181929,scr1982,avaConv,offshore
fr,h2063,0.2810766855617272,scr1982,avaConv,offshore
fr,h2064,0.2981493525821749,scr1982,avaConv,offshore
fr,h2065,0.27483366114453284,scr1982,avaConv,offshore
fr,h2066,0.2303174070313086,scr1982,avaConv,offshore
fr,h2067,0.18912182451760134,scr1982,avaConv,offshore
fr,h2068,0.1628946454955474,scr1982,avaConv,offshore
fr,h2069,0.1520248528681565,scr1982,avaConv,offshore
fr,h2070,0.14380428009180943,scr1982,avaConv,offshore
fr,h2071,0.13285802264045957,scr1982,avaConv,offshore
fr,h2072,0.12418313952194422,scr1982,avaConv,offshore
fr,h2073,0.12380609075145393,scr1982,avaConv,offshore
fr,h2074,0.13463230973070975,scr1982,avaConv,offshore
fr,h2075,0.14787461606255112,scr1982,avaConv,offshore
fr,h2076,0.1631070468711466,scr1982,avaConv,offshore
fr,h2077,0.17161347752621522,scr1982,avaConv,offshore
fr,h2078,0.1777764802950872,scr1982,avaConv,offshore
fr,h2079,0.18199065773424605,scr1982,avaConv,offshore
fr,h2080,0.19833331515685262,scr1982,avaConv,offshore
fr,h2081,0.2247616312418322,scr1982,avaConv,offshore
fr,h2082,0.25602717061685365,scr1982,avaConv,offshore
fr,h2083,0.2876190341825889,scr1982,avaConv,offshore
fr,h2084,0.3168115061009727,scr1982,avaConv,offshore
fr,h2085,0.3411373220453592,scr1982,avaConv,offshore
fr,h2086,0.35132423169819677,scr1982,avaConv,offshore
fr,h2087,0.3379691387498719,scr1982,avaConv,offshore
fr,h2088,0.3086294706565719,scr1982,avaConv,offshore
fr,h2089,0.264828643654407,scr1982,avaConv,offshore
fr,h2090,0.22379351630992225,scr1982,avaConv,offshore
fr,h2091,0.1849568374668229,scr1982,avaConv,offshore
fr,h2092,0.16154207414853666,scr1982,avaConv,offshore
fr,h2093,0.15200398106718574,scr1982,avaConv,offshore
fr,h2094,0.1500085687868764,scr1982,avaConv,offshore
fr,h2095,0.13709194385937795,scr1982,avaConv,offshore
fr,h2096,0.11405966298115197,scr1982,avaConv,offshore
fr,h2097,0.08859552916924025,scr1982,avaConv,offshore
fr,h2098,0.07502825252685073,scr1982,avaConv,offshore
fr,h2099,0.0650925359449448,scr1982,avaConv,offshore
fr,h2100,0.055847837832344156,scr1982,avaConv,offshore
fr,h2101,0.04490220633114714,scr1982,avaConv,offshore
fr,h2102,0.03797477744679771,scr1982,avaConv,offshore
fr,h2103,0.032405111389042986,scr1982,avaConv,offshore
fr,h2104,0.028898864517575985,scr1982,avaConv,offshore
fr,h2105,0.025408184138961287,scr1982,avaConv,offshore
fr,h2106,0.02165841405858399,scr1982,avaConv,offshore
fr,h2107,0.0182485724866365,scr1982,avaConv,offshore
fr,h2108,0.01801592850180651,scr1982,avaConv,offshore
fr,h2109,0.023901140161063032,scr1982,avaConv,offshore
fr,h2110,0.03762859510176983,scr1982,avaConv,offshore
fr,h2111,0.05343154854081843,scr1982,avaConv,offshore
fr,h2112,0.06817769821676802,scr1982,avaConv,offshore
fr,h2113,0.07761644727936985,scr1982,avaConv,offshore
fr,h2114,0.08289832494648441,scr1982,avaConv,offshore
fr,h2115,0.08251430975226692,scr1982,avaConv,offshore
fr,h2116,0.07797291702571298,scr1982,avaConv,offshore
fr,h2117,0.07173855417057742,scr1982,avaConv,offshore
fr,h2118,0.06887155787331209,scr1982,avaConv,offshore
fr,h2119,0.0713780809031502,scr1982,avaConv,offshore
fr,h2120,0.07964642793846469,scr1982,avaConv,offshore
fr,h2121,0.08977399581571613,scr1982,avaConv,offshore
fr,h2122,0.10070102861801275,scr1982,avaConv,offshore
fr,h2123,0.09825773724851472,scr1982,avaConv,offshore
fr,h2124,0.09250897987003977,scr1982,avaConv,offshore
fr,h2125,0.08393214144903353,scr1982,avaConv,offshore
fr,h2126,0.08825501284012748,scr1982,avaConv,offshore
fr,h2127,0.09741286383229099,scr1982,avaConv,offshore
fr,h2128,0.10769304230554101,scr1982,avaConv,offshore
fr,h2129,0.11705683002856841,scr1982,avaConv,offshore
fr,h2130,0.12360890533934825,scr1982,avaConv,offshore
fr,h2131,0.13256190320940878,scr1982,avaConv,offshore
fr,h2132,0.14478430413519092,scr1982,avaConv,offshore
fr,h2133,0.1638660064039504,scr1982,avaConv,offshore
fr,h2134,0.18768922126085058,scr1982,avaConv,offshore
fr,h2135,0.19232715289705424,scr1982,avaConv,offshore
fr,h2136,0.18627930505199408,scr1982,avaConv,offshore
fr,h2137,0.16581953701916008,scr1982,avaConv,offshore
fr,h2138,0.15732949254481032,scr1982,avaConv,offshore
fr,h2139,0.1495035994733839,scr1982,avaConv,offshore
fr,h2140,0.14614890618915172,scr1982,avaConv,offshore
fr,h2141,0.14557830179727382,scr1982,avaConv,offshore
fr,h2142,0.14849056232599722,scr1982,avaConv,offshore
fr,h2143,0.15570902170347597,scr1982,avaConv,offshore
fr,h2144,0.16185545426780434,scr1982,avaConv,offshore
fr,h2145,0.15964537320214203,scr1982,avaConv,offshore
fr,h2146,0.14462555420861006,scr1982,avaConv,offshore
fr,h2147,0.11839019362549486,scr1982,avaConv,offshore
fr,h2148,0.09315440920926542,scr1982,avaConv,offshore
fr,h2149,0.07176268365743814,scr1982,avaConv,offshore
fr,h2150,0.05794717586867796,scr1982,avaConv,offshore
fr,h2151,0.04683597421884101,scr1982,avaConv,offshore
fr,h2152,0.0382758988703625,scr1982,avaConv,offshore
fr,h2153,0.03179037883865839,scr1982,avaConv,offshore
fr,h2154,0.027337626736554134,scr1982,avaConv,offshore
fr,h2155,0.02651809643775575,scr1982,avaConv,offshore
fr,h2156,0.028976765391338238,scr1982,avaConv,offshore
fr,h2157,0.03501192941053632,scr1982,avaConv,offshore
fr,h2158,0.04454769043384904,scr1982,avaConv,offshore
fr,h2159,0.05673383975464134,scr1982,avaConv,offshore
fr,h2160,0.06505039746332776,scr1982,avaConv,offshore
gr,h1441,0.17814403137477383,scr1982,avaConv,offshore
gr,h1442,0.17665570663808486,scr1982,avaConv,offshore
gr,h1443,0.17875742348772583,scr1982,avaConv,offshore
gr,h1444,0.1824068574505505,scr1982,avaConv,offshore
gr,h1445,0.1809142992982912,scr1982,avaConv,offshore
gr,h1446,0.17073559796667293,scr1982,avaConv,offshore
gr,h1447,0.15451918805527742,scr1982,avaConv,offshore
gr,h1448,0.13801030365998648,scr1982,avaConv,offshore
gr,h1449,0.1246968194756238,scr1982,avaConv,offshore
gr,h1450,0.11190828003127434,scr1982,avaConv,offshore
gr,h1451,0.09426718048182947,scr1982,avaConv,offshore
gr,h1452,0.07383267164774426,scr1982,avaConv,offshore
gr,h1453,0.051850898144599186,scr1982,avaConv,offshore
gr,h1454,0.03683975063737169,scr1982,avaConv,offshore
gr,h1455,0.02744781704912782,scr1982,avaConv,offshore
gr,h1456,0.0233834105730455,scr1982,avaConv,offshore
gr,h1457,0.0258552482243845,scr1982,avaConv,offshore
gr,h1458,0.03272555344442136,scr1982,avaConv,offshore
gr,h1459,0.04143623976930957,scr1982,avaConv,offshore
gr,h1460,0.05085969858232582,scr1982,avaConv,offshore
gr,h1461,0.06870438454367822,scr1982,avaConv,offshore
gr,h1462,0.10527891424887618,scr1982,avaConv,offshore
gr,h1463,0.16315505936055336,scr1982,avaConv,offshore
gr,h1464,0.23094425673025212,scr1982,avaConv,offshore
gr,h1465,0.290727591985253,scr1982,avaConv,offshore
gr,h1466,0.34542804184090664,scr1982,avaConv,offshore
gr,h1467,0.39767854171363737,scr1982,avaConv,offshore
gr,h1468,0.45464367794480687,scr1982,avaConv,offshore
gr,h1469,0.5106910765536607,scr1982,avaConv,offshore
gr,h1470,0.5696194850035361,scr1982,avaConv,offshore
gr,h1471,0.6304748194686627,scr1982,avaConv,offshore
gr,h1472,0.6801508854774692,scr1982,avaConv,offshore
gr,h1473,0.7094464115482906,scr1982,avaConv,offshore
gr,h1474,0.7099079297771705,scr1982,avaConv,offshore
gr,h1475,0.6824048669411613,scr1982,avaConv,offshore
gr,h1476,0.6431393887911968,scr1982,avaConv,offshore
gr,h1477,0.6134618705074423,scr1982,avaConv,offshore
gr,h1478,0.6151649523532993,scr1982,avaConv,offshore
gr,h1479,0.6396987162829101,scr1982,avaConv,offshore
gr,h1480,0.6764644848519317,scr1982,avaConv,offshore
gr,h1481,0.710014895704963,scr1982,avaConv,offshore
gr,h1482,0.7351261954637973,scr1982,avaConv,offshore
gr,h1483,0.75383035153014,scr1982,avaConv,offshore
gr,h1484,0.7651104250168063,scr1982,avaConv,offshore
gr,h1485,0.7688962502943621,scr1982,avaConv,offshore
gr,h1486,0.7603097206138318,scr1982,avaConv,offshore
gr,h1487,0.7260275745813116,scr1982,avaConv,offshore
gr,h1488,0.6870599591608612,scr1982,avaConv,offshore
gr,h1489,0.6497873021103031,scr1982,avaConv,offshore
gr,h1490,0.6308787182252165,scr1982,avaConv,offshore
gr,h1491,0.6153733427247778,scr1982,avaConv,offshore
gr,h1492,0.5950856078395704,scr1982,avaConv,offshore
gr,h1493,0.577501783670889,scr1982,avaConv,offshore
gr,h1494,0.560023682352786,scr1982,avaConv,offshore
gr,h1495,0.5532929380149115,scr1982,avaConv,offshore
gr,h1496,0.5482702921833177,scr1982,avaConv,offshore
gr,h1497,0.5464476207200264,scr1982,avaConv,offshore
gr,h1498,0.5371852756530167,scr1982,avaConv,offshore
gr,h1499,0.5299116310050314,scr1982,avaConv,offshore
gr,h1500,0.5042712353552437,scr1982,avaConv,offshore
gr,h1501,0.46491896489340523,scr1982,avaConv,offshore
gr,h1502,0.41246739911924735,scr1982,avaConv,offshore
gr,h1503,0.37473107674059186,scr1982,avaConv,offshore
gr,h1504,0.3590053067085205,scr1982,avaConv,offshore
gr,h1505,0.3738744082162183,scr1982,avaConv,offshore
gr,h1506,0.4108746069726835,scr1982,avaConv,offshore
gr,h1507,0.4556298501754483,scr1982,avaConv,offshore
gr,h1508,0.4855359958566765,scr1982,avaConv,offshore
gr,h1509,0.490223341124345,scr1982,avaConv,offshore
gr,h1510,0.47367818080214613,scr1982,avaConv,offshore
gr,h1511,0.4292163844502001,scr1982,avaConv,offshore
gr,h1512,0.3920469026275306,scr1982,avaConv,offshore
gr,h1513,0.46261879842290143,scr1982,avaConv,offshore
gr,h1514,0.5727663072691987,scr1982,avaConv,offshore
gr,h1515,0.695806979248818,scr1982,avaConv,offshore
gr,h1516,0.734550444205411,scr1982,avaConv,offshore
gr,h1517,0.7637173814505412,scr1982,avaConv,offshore
gr,h1518,0.7807518152673091,scr1982,avaConv,offshore
gr,h1519,0.7859310146745178,scr1982,avaConv,offshore
gr,h1520,0.7797613394963757,scr1982,avaConv,offshore
gr,h1521,0.7716413299738961,scr1982,avaConv,offshore
gr,h1522,0.768231078014022,scr1982,avaConv,offshore
gr,h1523,0.783845583467975,scr1982,avaConv,offshore
gr,h1524,0.81024725594169,scr1982,avaConv,offshore
gr,h1525,0.8378637073106737,scr1982,avaConv,offshore
gr,h1526,0.8467401081247704,scr1982,avaConv,offshore
gr,h1527,0.8375229756035093,scr1982,avaConv,offshore
gr,h1528,0.820686725305764,scr1982,avaConv,offshore
gr,h1529,0.8088886910774634,scr1982,avaConv,offshore
gr,h1530,0.803874054137024,scr1982,avaConv,offshore
gr,h1531,0.8025952265624192,scr1982,avaConv,offshore
gr,h1532,0.7991149400319044,scr1982,avaConv,offshore
gr,h1533,0.7940277012509735,scr1982,avaConv,offshore
gr,h1534,0.7873715141432611,scr1982,avaConv,offshore
gr,h1535,0.7772778124720872,scr1982,avaConv,offshore
gr,h1536,0.7646886910254743,scr1982,avaConv,offshore
gr,h1537,0.7496093269381464,scr1982,avaConv,offshore
gr,h1538,0.7377730244638148,scr1982,avaConv,offshore
gr,h1539,0.7307246479278012,scr1982,avaConv,offshore
gr,h1540,0.726630770918799,scr1982,avaConv,offshore
gr,h1541,0.7233973717877458,scr1982,avaConv,offshore
gr,h1542,0.7149532435984871,scr1982,avaConv,offshore
gr,h1543,0.7017967952560114,scr1982,avaConv,offshore
gr,h1544,0.6823041195304707,scr1982,avaConv,offshore
gr,h1545,0.6593704987858121,scr1982,avaConv,offshore
gr,h1546,0.6294432159938138,scr1982,avaConv,offshore
gr,h1547,0.5972280690504925,scr1982,avaConv,offshore
gr,h1548,0.5632776499062259,scr1982,avaConv,offshore
gr,h1549,0.5295745688702798,scr1982,avaConv,offshore
gr,h1550,0.4987494472227248,scr1982,avaConv,offshore
gr,h1551,0.46951631137916955,scr1982,avaConv,offshore
gr,h1552,0.44652796496357855,scr1982,avaConv,offshore
gr,h1553,0.4271185897009473,scr1982,avaConv,offshore
gr,h1554,0.4152232631493515,scr1982,avaConv,offshore
gr,h1555,0.40548338666045103,scr1982,avaConv,offshore
gr,h1556,0.39611875640583655,scr1982,avaConv,offshore
gr,h1557,0.3886149877289286,scr1982,avaConv,offshore
gr,h1558,0.3899551291030548,scr1982,avaConv,offshore
gr,h1559,0.39035587746963163,scr1982,avaConv,offshore
gr,h1560,0.3961827841331114,scr1982,avaConv,offshore
gr,h1561,0.38556154721322017,scr1982,avaConv,offshore
gr,h1562,0.3651965104669177,scr1982,avaConv,offshore
gr,h1563,0.31950650971258177,scr1982,avaConv,offshore
gr,h1564,0.26809027687362497,scr1982,avaConv,offshore
gr,h1565,0.21675747195689157,scr1982,avaConv,offshore
gr,h1566,0.17141793394933155,scr1982,avaConv,offshore
gr,h1567,0.13482845662570483,scr1982,avaConv,offshore
gr,h1568,0.10322295070848365,scr1982,avaConv,offshore
gr,h1569,0.0787418788655537,scr1982,avaConv,offshore
gr,h1570,0.0583713505258455,scr1982,avaConv,offshore
gr,h1571,0.05287160398977103,scr1982,avaConv,offshore
gr,h1572,0.05005853163607617,scr1982,avaConv,offshore
gr,h1573,0.04887029870371051,scr1982,avaConv,offshore
gr,h1574,0.04027606798969505,scr1982,avaConv,offshore
gr,h1575,0.03300421098548578,scr1982,avaConv,offshore
gr,h1576,0.02814927185125708,scr1982,avaConv,offshore
gr,h1577,0.024890091549332513,scr1982,avaConv,offshore
gr,h1578,0.02541217390620325,scr1982,avaConv,offshore
gr,h1579,0.03046492220481012,scr1982,avaConv,offshore
gr,h1580,0.03897675559308247,scr1982,avaConv,offshore
gr,h1581,0.04962417793309074,scr1982,avaConv,offshore
gr,h1582,0.06112432098294975,scr1982,avaConv,offshore
gr,h1583,0.06717027818057619,scr1982,avaConv,offshore
gr,h1584,0.07166852060088863,scr1982,avaConv,offshore
gr,h1585,0.07167104114377545,scr1982,avaConv,offshore
gr,h1586,0.07322997495166661,scr1982,avaConv,offshore
gr,h1587,0.06937015062870125,scr1982,avaConv,offshore
gr,h1588,0.061665506347002554,scr1982,avaConv,offshore
gr,h1589,0.050929458955602136,scr1982,avaConv,offshore
gr,h1590,0.04120693454874517,scr1982,avaConv,offshore
gr,h1591,0.03449694340955443,scr1982,avaConv,offshore
gr,h1592,0.029965937719608496,scr1982,avaConv,offshore
gr,h1593,0.025714695250591245,scr1982,avaConv,offshore
gr,h1594,0.021117737114151165,scr1982,avaConv,offshore
gr,h1595,0.017802689206514344,scr1982,avaConv,offshore
gr,h1596,0.01835130406886982,scr1982,avaConv,offshore
gr,h1597,0.021054593449920556,scr1982,avaConv,offshore
gr,h1598,0.026086285499614434,scr1982,avaConv,offshore
gr,h1599,0.0327767902894421,scr1982,avaConv,offshore
gr,h1600,0.044151169457392565,scr1982,avaConv,offshore
gr,h1601,0.05854140269894665,scr1982,avaConv,offshore
gr,h1602,0.0726413810404056,scr1982,avaConv,offshore
gr,h1603,0.08125309818075421,scr1982,avaConv,offshore
gr,h1604,0.08474653211412123,scr1982,avaConv,offshore
gr,h1605,0.08512265551338917,scr1982,avaConv,offshore
gr,h1606,0.08553518956329119,scr1982,avaConv,offshore
gr,h1607,0.08398860630647086,scr1982,avaConv,offshore
gr,h1608,0.08409755220392762,scr1982,avaConv,offshore
gr,h1609,0.08421890696999007,scr1982,avaConv,offshore
gr,h1610,0.08839965445466978,scr1982,avaConv,offshore
gr,h1611,0.09375491106488991,scr1982,avaConv,offshore
gr,h1612,0.10441103757620818,scr1982,avaConv,offshore
gr,h1613,0.11505906009989254,scr1982,avaConv,offshore
gr,h1614,0.12263020719009252,scr1982,avaConv,offshore
gr,h1615,0.12561276599717186,scr1982,avaConv,offshore
gr,h1616,0.1296487526113673,scr1982,avaConv,offshore
gr,h1617,0.13576780487689658,scr1982,avaConv,offshore
gr,h1618,0.14229743376641996,scr1982,avaConv,offshore
gr,h1619,0.16250872654369214,scr1982,avaConv,offshore
gr,h1620,0.18450047066311034,scr1982,avaConv,offshore
gr,h1621,0.2040132387881625,scr1982,avaConv,offshore
gr,h1622,0.20362920954757607,scr1982,avaConv,offshore
gr,h1623,0.19336209275731833,scr1982,avaConv,offshore
gr,h1624,0.18177264499387027,scr1982,avaConv,offshore
gr,h1625,0.17685557368630975,scr1982,avaConv,offshore
gr,h1626,0.1818640003156267,scr1982,avaConv,offshore
gr,h1627,0.19262392805800735,scr1982,avaConv,offshore
gr,h1628,0.20089150997737518,scr1982,avaConv,offshore
gr,h1629,0.20871109277996772,scr1982,avaConv,offshore
gr,h1630,0.2163241550750856,scr1982,avaConv,offshore
gr,h1631,0.21842142407463594,scr1982,avaConv,offshore
gr,h1632,0.21834300669221263,scr1982,avaConv,offshore
gr,h1633,0.21359303980957972,scr1982,avaConv,offshore
gr,h1634,0.2110851850481811,scr1982,avaConv,offshore
gr,h1635,0.20634431553505064,scr1982,avaConv,offshore
gr,h1636,0.20269637367807564,scr1982,avaConv,offshore
gr,h1637,0.1991649836784431,scr1982,avaConv,offshore
gr,h1638,0.18820338246589455,scr1982,avaConv,offshore
gr,h1639,0.1686472300705016,scr1982,avaConv,offshore
gr,h1640,0.14683598873148848,scr1982,avaConv,offshore
gr,h1641,0.13467295916949626,scr1982,avaConv,offshore
gr,h1642,0.1338753165955328,scr1982,avaConv,offshore
gr,h1643,0.15010850091726213,scr1982,avaConv,offshore
gr,h1644,0.17242793167392798,scr1982,avaConv,offshore
gr,h1645,0.1965263623194793,scr1982,avaConv,offshore
gr,h1646,0.21876043258464486,scr1982,avaConv,offshore
gr,h1647,0.24125021859126555,scr1982,avaConv,offshore
gr,h1648,0.26905417838560214,scr1982,avaConv,offshore
gr,h1649,0.2962725456100439,scr1982,avaConv,offshore
gr,h1650,0.32825288008866754,scr1982,avaConv,offshore
gr,h1651,0.3604123933794248,scr1982,avaConv,offshore
gr,h1652,0.38557344667394616,scr1982,avaConv,offshore
gr,h1653,0.3964990823428624,scr1982,avaConv,offshore
gr,h1654,0.39712346509442953,scr1982,avaConv,offshore
gr,h1655,0.382702500146099,scr1982,avaConv,offshore
gr,h1656,0.38249742180171653,scr1982,avaConv,offshore
gr,h1657,0.39222420274173414,scr1982,avaConv,offshore
gr,h1658,0.4231074774095372,scr1982,avaConv,offshore
gr,h1659,0.4574827215155611,scr1982,avaConv,offshore
gr,h1660,0.49219304101603756,scr1982,avaConv,offshore
gr,h1661,0.5204529481874938,scr1982,avaConv,offshore
gr,h1662,0.5351233700798135,scr1982,avaConv,offshore
gr,h1663,0.5493768499877466,scr1982,avaConv,offshore
gr,h1664,0.5691535239140856,scr1982,avaConv,offshore
gr,h1665,0.5862329492824979,scr1982,avaConv,offshore
gr,h1666,0.5794905490263793,scr1982,avaConv,offshore
gr,h1667,0.5652160821628301,scr1982,avaConv,offshore
gr,h1668,0.5636435932636981,scr1982,avaConv,offshore
gr,h1669,0.596739448352014,scr1982,avaConv,offshore
gr,h1670,0.6471338746547171,scr1982,avaConv,offshore
gr,h1671,0.6962742725569262,scr1982,avaConv,offshore
gr,h1672,0.7255475358536615,scr1982,avaConv,offshore
gr,h1673,0.7322067646801058,scr1982,avaConv,offshore
gr,h1674,0.7302452293500744,scr1982,avaConv,offshore
gr,h1675,0.7295970853973482,scr1982,avaConv,offshore
gr,h1676,0.7369611007745215,scr1982,avaConv,offshore
gr,h1677,0.741378869604014,scr1982,avaConv,offshore
gr,h1678,0.7464165329989578,scr1982,avaConv,offshore
gr,h1679,0.7347895449267972,scr1982,avaConv,offshore
gr,h1680,0.7222113454322451,scr1982,avaConv,offshore
gr,h1681,0.7142250232702795,scr1982,avaConv,offshore
gr,h1682,0.7221868842808732,scr1982,avaConv,offshore
gr,h1683,0.7338951062474606,scr1982,avaConv,offshore
gr,h1684,0.7381142349163239,scr1982,avaConv,offshore
gr,h1685,0.740615003918307,scr1982,avaConv,offshore
gr,h1686,0.7415046570630139,scr1982,avaConv,offshore
gr,h1687,0.7419991594146672,scr1982,avaConv,offshore
gr,h1688,0.7354888898620151,scr1982,avaConv,offshore
gr,h1689,0.725157957987115,scr1982,avaConv,offshore
gr,h1690,0.7138630098800709,scr1982,avaConv,offshore
gr,h1691,0.722185939985958,scr1982,avaConv,offshore
gr,h1692,0.746418510156074,scr1982,avaConv,offshore
gr,h1693,0.7804679301560491,scr1982,avaConv,offshore
gr,h1694,0.808030044160154,scr1982,avaConv,offshore
gr,h1695,0.829942798000897,scr1982,avaConv,offshore
gr,h1696,0.850827517536997,scr1982,avaConv,offshore
gr,h1697,0.8721033827375794,scr1982,avaConv,offshore
gr,h1698,0.8899866845321304,scr1982,avaConv,offshore
gr,h1699,0.9021908719001107,scr1982,avaConv,offshore
gr,h1700,0.9071483092896331,scr1982,avaConv,offshore
gr,h1701,0.903785219554936,scr1982,avaConv,offshore
gr,h1702,0.887616646357376,scr1982,avaConv,offshore
gr,h1703,0.853725231537556,scr1982,avaConv,offshore
gr,h1704,0.8177620872376894,scr1982,avaConv,offshore
gr,h1705,0.7930012279917642,scr1982,avaConv,offshore
gr,h1706,0.7862340000112535,scr1982,avaConv,offshore
gr,h1707,0.7816772259488748,scr1982,avaConv,offshore
gr,h1708,0.7751377492625935,scr1982,avaConv,offshore
gr,h1709,0.7673557091974647,scr1982,avaConv,offshore
gr,h1710,0.7599063407953601,scr1982,avaConv,offshore
gr,h1711,0.748925450028348,scr1982,avaConv,offshore
gr,h1712,0.7308933177237721,scr1982,avaConv,offshore
gr,h1713,0.7045088356714492,scr1982,avaConv,offshore
gr,h1714,0.671247991753093,scr1982,avaConv,offshore
gr,h1715,0.6372060883376982,scr1982,avaConv,offshore
gr,h1716,0.6170888904600725,scr1982,avaConv,offshore
gr,h1717,0.6116900924615172,scr1982,avaConv,offshore
gr,h1718,0.6145864315880566,scr1982,avaConv,offshore
gr,h1719,0.612040831573425,scr1982,avaConv,offshore
gr,h1720,0.6050345760528285,scr1982,avaConv,offshore
gr,h1721,0.5965147933568731,scr1982,avaConv,offshore
gr,h1722,0.5882881913990615,scr1982,avaConv,offshore
gr,h1723,0.5801234677043509,scr1982,avaConv,offshore
gr,h1724,0.5705357170630002,scr1982,avaConv,offshore
gr,h1725,0.5577382812451807,scr1982,avaConv,offshore
gr,h1726,0.5359130579793968,scr1982,avaConv,offshore
gr,h1727,0.4959209973006385,scr1982,avaConv,offshore
gr,h1728,0.44578329154418955,scr1982,avaConv,offshore
gr,h1729,0.3963445564138378,scr1982,avaConv,offshore
gr,h1730,0.36336882317520847,scr1982,avaConv,offshore
gr,h1731,0.34165262311767386,scr1982,avaConv,offshore
gr,h1732,0.3234499945268461,scr1982,avaConv,offshore
gr,h1733,0.3029201248785512,scr1982,avaConv,offshore
gr,h1734,0.28383190766698674,scr1982,avaConv,offshore
gr,h1735,0.2671296406603671,scr1982,avaConv,offshore
gr,h1736,0.2564294209065644,scr1982,avaConv,offshore
gr,h1737,0.2519824459703185,scr1982,avaConv,offshore
gr,h1738,0.255680631051214,scr1982,avaConv,offshore
gr,h1739,0.25199651451481747,scr1982,avaConv,offshore
gr,h1740,0.25047289544918583,scr1982,avaConv,offshore
gr,h1741,0.2674606805729348,scr1982,avaConv,offshore
gr,h1742,0.32106332003043286,scr1982,avaConv,offshore
gr,h1743,0.39554283071755575,scr1982,avaConv,offshore
gr,h1744,0.46030444050670694,scr1982,avaConv,offshore
gr,h1745,0.48174632010959967,scr1982,avaConv,offshore
gr,h1746,0.4455027918069934,scr1982,avaConv,offshore
gr,h1747,0.36004104339518267,scr1982,avaConv,offshore
gr,h1748,0.2637123676051158,scr1982,avaConv,offshore
gr,h1749,0.18911552009432753,scr1982,avaConv,offshore
gr,h1750,0.15277769825862986,scr1982,avaConv,offshore
gr,h1751,0.1563860666924974,scr1982,avaConv,offshore
gr,h1752,0.1804738539972168,scr1982,avaConv,offshore
gr,h1753,0.21963093796696223,scr1982,avaConv,offshore
gr,h1754,0.2632162453603253,scr1982,avaConv,offshore
gr,h1755,0.302700258130715,scr1982,avaConv,offshore
gr,h1756,0.32471661594419043,scr1982,avaConv,offshore
gr,h1757,0.3203763457993924,scr1982,avaConv,offshore
gr,h1758,0.29953247975007286,scr1982,avaConv,offshore
gr,h1759,0.2700939035463296,scr1982,avaConv,offshore
gr,h1760,0.23926960869134645,scr1982,avaConv,offshore
gr,h1761,0.21087637695281644,scr1982,avaConv,offshore
gr,h1762,0.18673971119478733,scr1982,avaConv,offshore
gr,h1763,0.1788691194947568,scr1982,avaConv,offshore
gr,h1764,0.18642533865420918,scr1982,avaConv,offshore
gr,h1765,0.21318219470217362,scr1982,avaConv,offshore
gr,h1766,0.24950027873423866,scr1982,avaConv,offshore
gr,h1767,0.29426478357515956,scr1982,avaConv,offshore
gr,h1768,0.33971131548977807,scr1982,avaConv,offshore
gr,h1769,0.3802336080913611,scr1982,avaConv,offshore
gr,h1770,0.4164252298325934,scr1982,avaConv,offshore
gr,h1771,0.4472306213595532,scr1982,avaConv,offshore
gr,h1772,0.4688651193820076,scr1982,avaConv,offshore
gr,h1773,0.48185524409184216,scr1982,avaConv,offshore
gr,h1774,0.4953633951051388,scr1982,avaConv,offshore
gr,h1775,0.5021124301231131,scr1982,avaConv,offshore
gr,h1776,0.5299380512838182,scr1982,avaConv,offshore
gr,h1777,0.5753156209729372,scr1982,avaConv,offshore
gr,h1778,0.637125593941062,scr1982,avaConv,offshore
gr,h1779,0.6912825700910551,scr1982,avaConv,offshore
gr,h1780,0.7372808318189281,scr1982,avaConv,offshore
gr,h1781,0.7727737449093335,scr1982,avaConv,offshore
gr,h1782,0.7854550413548957,scr1982,avaConv,offshore
gr,h1783,0.7695577466593341,scr1982,avaConv,offshore
gr,h1784,0.7422446164565539,scr1982,avaConv,offshore
gr,h1785,0.714443479832671,scr1982,avaConv,offshore
gr,h1786,0.6913434883736286,scr1982,avaConv,offshore
gr,h1787,0.6936068770699468,scr1982,avaConv,offshore
gr,h1788,0.7012946975660143,scr1982,avaConv,offshore
gr,h1789,0.7068942774918023,scr1982,avaConv,offshore
gr,h1790,0.7005207176201852,scr1982,avaConv,offshore
gr,h1791,0.7073464838016977,scr1982,avaConv,offshore
gr,h1792,0.7282200466425177,scr1982,avaConv,offshore
gr,h1793,0.7483753662929146,scr1982,avaConv,offshore
gr,h1794,0.7626486473714763,scr1982,avaConv,offshore
gr,h1795,0.7735195262057926,scr1982,avaConv,offshore
gr,h1796,0.7788933178356097,scr1982,avaConv,offshore
gr,h1797,0.7713428118524223,scr1982,avaConv,offshore
gr,h1798,0.756275794734265,scr1982,avaConv,offshore
gr,h1799,0.7330990510992877,scr1982,avaConv,offshore
gr,h1800,0.7196179793586057,scr1982,avaConv,offshore
gr,h1801,0.7134544720179001,scr1982,avaConv,offshore
gr,h1802,0.7167447700600091,scr1982,avaConv,offshore
gr,h1803,0.7151854039600676,scr1982,avaConv,offshore
gr,h1804,0.7109855259746566,scr1982,avaConv,offshore
gr,h1805,0.7090925997857628,scr1982,avaConv,offshore
gr,h1806,0.7100453293944319,scr1982,avaConv,offshore
gr,h1807,0.7112031928791142,scr1982,avaConv,offshore
gr,h1808,0.7065113935398861,scr1982,avaConv,offshore
gr,h1809,0.6946424553643129,scr1982,avaConv,offshore
gr,h1810,0.6756289040966514,scr1982,avaConv,offshore
gr,h1811,0.661833167131058,scr1982,avaConv,offshore
gr,h1812,0.6487483728261481,scr1982,avaConv,offshore
gr,h1813,0.6422047035339675,scr1982,avaConv,offshore
gr,h1814,0.6291250510048917,scr1982,avaConv,offshore
gr,h1815,0.6125435358010916,scr1982,avaConv,offshore
gr,h1816,0.5874319227425554,scr1982,avaConv,offshore
gr,h1817,0.5611438702851881,scr1982,avaConv,offshore
gr,h1818,0.5432914728422692,scr1982,avaConv,offshore
gr,h1819,0.5389377754596417,scr1982,avaConv,offshore
gr,h1820,0.5485002974484499,scr1982,avaConv,offshore
gr,h1821,0.5626935353759676,scr1982,avaConv,offshore
gr,h1822,0.5691112508685057,scr1982,avaConv,offshore
gr,h1823,0.5427170942404437,scr1982,avaConv,offshore
gr,h1824,0.49527113697264635,scr1982,avaConv,offshore
gr,h1825,0.44537649169838733,scr1982,avaConv,offshore
gr,h1826,0.42091585148274413,scr1982,avaConv,offshore
gr,h1827,0.4110310304976747,scr1982,avaConv,offshore
gr,h1828,0.39870604920520053,scr1982,avaConv,offshore
gr,h1829,0.3815390767015542,scr1982,avaConv,offshore
gr,h1830,0.3637252082866366,scr1982,avaConv,offshore
gr,h1831,0.35061989019989814,scr1982,avaConv,offshore
gr,h1832,0.33259437313178486,scr1982,avaConv,offshore
gr,h1833,0.30256069314361167,scr1982,avaConv,offshore
gr,h1834,0.26144536034002824,scr1982,avaConv,offshore
gr,h1835,0.21872313272606003,scr1982,avaConv,offshore
gr,h1836,0.18867004485377625,scr1982,avaConv,offshore
gr,h1837,0.1728738642964677,scr1982,avaConv,offshore
gr,h1838,0.17190654089833673,scr1982,avaConv,offshore
gr,h1839,0.17404492545407063,scr1982,avaConv,offshore
gr,h1840,0.18280206990597278,scr1982,avaConv,offshore
gr,h1841,0.20192916449279955,scr1982,avaConv,offshore
gr,h1842,0.23050295042998442,scr1982,avaConv,offshore
gr,h1843,0.2590783521244702,scr1982,avaConv,offshore
gr,h1844,0.2734416214912914,scr1982,avaConv,offshore
gr,h1845,0.2872563549006149,scr1982,avaConv,offshore
gr,h1846,0.3103540311308405,scr1982,avaConv,offshore
gr,h1847,0.31703138403419884,scr1982,avaConv,offshore
gr,h1848,0.3137675585215813,scr1982,avaConv,offshore
gr,h1849,0.4525452456127048,scr1982,avaConv,offshore
gr,h1850,0.6052406620785084,scr1982,avaConv,offshore
gr,h1851,0.7530425849657068,scr1982,avaConv,offshore
gr,h1852,0.7464700911216847,scr1982,avaConv,offshore
gr,h1853,0.733964325013167,scr1982,avaConv,offshore
gr,h1854,0.7243435816412981,scr1982,avaConv,offshore
gr,h1855,0.7215262329061876,scr1982,avaConv,offshore
gr,h1856,0.7265860935547949,scr1982,avaConv,offshore
gr,h1857,0.7347206540259507,scr1982,avaConv,offshore
gr,h1858,0.7341605215599458,scr1982,avaConv,offshore
gr,h1859,0.7384625844697166,scr1982,avaConv,offshore
gr,h1860,0.7334063656945066,scr1982,avaConv,offshore
gr,h1861,0.7282615664056274,scr1982,avaConv,offshore
gr,h1862,0.7100357322748856,scr1982,avaConv,offshore
gr,h1863,0.6916534727054412,scr1982,avaConv,offshore
gr,h1864,0.6738000953488799,scr1982,avaConv,offshore
gr,h1865,0.6599938539140323,scr1982,avaConv,offshore
gr,h1866,0.6523768377761444,scr1982,avaConv,offshore
gr,h1867,0.6497885697561575,scr1982,avaConv,offshore
gr,h1868,0.6480224600297747,scr1982,avaConv,offshore
gr,h1869,0.6447349091163428,scr1982,avaConv,offshore
gr,h1870,0.6416982267720133,scr1982,avaConv,offshore
gr,h1871,0.6340444577705762,scr1982,avaConv,offshore
gr,h1872,0.6357964877329619,scr1982,avaConv,offshore
gr,h1873,0.6377544609881872,scr1982,avaConv,offshore
gr,h1874,0.6383595173140316,scr1982,avaConv,offshore
gr,h1875,0.6264834295930983,scr1982,avaConv,offshore
gr,h1876,0.6141609335677066,scr1982,avaConv,offshore
gr,h1877,0.6085403246113782,scr1982,avaConv,offshore
gr,h1878,0.6075685606829223,scr1982,avaConv,offshore
gr,h1879,0.6018464266103567,scr1982,avaConv,offshore
gr,h1880,0.5917489447134552,scr1982,avaConv,offshore
gr,h1881,0.5796786539104953,scr1982,avaConv,offshore
gr,h1882,0.5710978191582359,scr1982,avaConv,offshore
gr,h1883,0.5806402915901767,scr1982,avaConv,offshore
gr,h1884,0.5887176029061565,scr1982,avaConv,offshore
gr,h1885,0.5936132935509039,scr1982,avaConv,offshore
gr,h1886,0.5775966463731677,scr1982,avaConv,offshore
gr,h1887,0.561668930835549,scr1982,avaConv,offshore
gr,h1888,0.5464356039993195,scr1982,avaConv,offshore
gr,h1889,0.536923426685563,scr1982,avaConv,offshore
gr,h1890,0.5330366991743974,scr1982,avaConv,offshore
gr,h1891,0.5391854696778885,scr1982,avaConv,offshore
gr,h1892,0.5476195632276482,scr1982,avaConv,offshore
gr,h1893,0.55316028267055,scr1982,avaConv,offshore
gr,h1894,0.5501082787223016,scr1982,avaConv,offshore
gr,h1895,0.5210416001789321,scr1982,avaConv,offshore
gr,h1896,0.4899247248746714,scr1982,avaConv,offshore
gr,h1897,0.4651679700724926,scr1982,avaConv,offshore
gr,h1898,0.4677706353625216,scr1982,avaConv,offshore
gr,h1899,0.4768717749894005,scr1982,avaConv,offshore
gr,h1900,0.47896166905817583,scr1982,avaConv,offshore
gr,h1901,0.4776160318253558,scr1982,avaConv,offshore
gr,h1902,0.4649614360030087,scr1982,avaConv,offshore
gr,h1903,0.4470544476908273,scr1982,avaConv,offshore
gr,h1904,0.421141055578098,scr1982,avaConv,offshore
gr,h1905,0.39802272821661516,scr1982,avaConv,offshore
gr,h1906,0.3773629279186824,scr1982,avaConv,offshore
gr,h1907,0.36636232709649524,scr1982,avaConv,offshore
gr,h1908,0.3571985182769383,scr1982,avaConv,offshore
gr,h1909,0.3453637557930805,scr1982,avaConv,offshore
gr,h1910,0.33114821479963075,scr1982,avaConv,offshore
gr,h1911,0.3197831032495514,scr1982,avaConv,offshore
gr,h1912,0.3085802449165344,scr1982,avaConv,offshore
gr,h1913,0.2929083308220222,scr1982,avaConv,offshore
gr,h1914,0.27981886822339436,scr1982,avaConv,offshore
gr,h1915,0.284744569973286,scr1982,avaConv,offshore
gr,h1916,0.3080187869959302,scr1982,avaConv,offshore
gr,h1917,0.338246603837103,scr1982,avaConv,offshore
gr,h1918,0.3606269580370662,scr1982,avaConv,offshore
gr,h1919,0.3516781072455544,scr1982,avaConv,offshore
gr,h1920,0.32505892640269834,scr1982,avaConv,offshore
gr,h1921,0.2901857398464556,scr1982,avaConv,offshore
gr,h1922,0.2740606338605607,scr1982,avaConv,offshore
gr,h1923,0.26763240276298883,scr1982,avaConv,offshore
gr,h1924,0.2731818988262996,scr1982,avaConv,offshore
gr,h1925,0.28571912425052814,scr1982,avaConv,offshore
gr,h1926,0.30261106023956685,scr1982,avaConv,offshore
gr,h1927,0.3309401943874072,scr1982,avaConv,offshore
gr,h1928,0.3692730465624899,scr1982,avaConv,offshore
gr,h1929,0.41383366865524923,scr1982,avaConv,offshore
gr,h1930,0.4480267037452422,scr1982,avaConv,offshore
gr,h1931,0.47553760105882636,scr1982,avaConv,offshore
gr,h1932,0.5167475962210278,scr1982,avaConv,offshore
gr,h1933,0.56716471849508,scr1982,avaConv,offshore
gr,h1934,0.6164316580700828,scr1982,avaConv,offshore
gr,h1935,0.6422095860047831,scr1982,avaConv,offshore
gr,h1936,0.6572992666701897,scr1982,avaConv,offshore
gr,h1937,0.6717699184694155,scr1982,avaConv,offshore
gr,h1938,0.6945831486760902,scr1982,avaConv,offshore
gr,h1939,0.7147394118359935,scr1982,avaConv,offshore
gr,h1940,0.7214125994621974,scr1982,avaConv,offshore
gr,h1941,0.7036492298931408,scr1982,avaConv,offshore
gr,h1942,0.6755756223137185,scr1982,avaConv,offshore
gr,h1943,0.6267419849462378,scr1982,avaConv,offshore
gr,h1944,0.6113748927109007,scr1982,avaConv,offshore
gr,h1945,0.623399806222582,scr1982,avaConv,offshore
gr,h1946,0.6694810109314394,scr1982,avaConv,offshore
gr,h1947,0.6993571964027485,scr1982,avaConv,offshore
gr,h1948,0.7125129614059327,scr1982,avaConv,offshore
gr,h1949,0.7227682263898069,scr1982,avaConv,offshore
gr,h1950,0.7377966527607059,scr1982,avaConv,offshore
gr,h1951,0.7595315905079684,scr1982,avaConv,offshore
gr,h1952,0.7857843857503062,scr1982,avaConv,offshore
gr,h1953,0.8088932140449193,scr1982,avaConv,offshore
gr,h1954,0.825107384805761,scr1982,avaConv,offshore
gr,h1955,0.8305861752744741,scr1982,avaConv,offshore
gr,h1956,0.8393724496577195,scr1982,avaConv,offshore
gr,h1957,0.8481676640915573,scr1982,avaConv,offshore
gr,h1958,0.8621239110957456,scr1982,avaConv,offshore
gr,h1959,0.8712187432374588,scr1982,avaConv,offshore
gr,h1960,0.8785290759896938,scr1982,avaConv,offshore
gr,h1961,0.8812233131596522,scr1982,avaConv,offshore
gr,h1962,0.8773308587656367,scr1982,avaConv,offshore
gr,h1963,0.8668159280609973,scr1982,avaConv,offshore
gr,h1964,0.8470441441352126,scr1982,avaConv,offshore
gr,h1965,0.816627890831134,scr1982,avaConv,offshore
gr,h1966,0.7781530048474198,scr1982,avaConv,offshore
gr,h1967,0.7207176835671242,scr1982,avaConv,offshore
gr,h1968,0.6800966299847213,scr1982,avaConv,offshore
gr,h1969,0.6528335514702636,scr1982,avaConv,offshore
gr,h1970,0.6563363025933658,scr1982,avaConv,offshore
gr,h1971,0.6580806605543333,scr1982,avaConv,offshore
gr,h1972,0.6609191277601827,scr1982,avaConv,offshore
gr,h1973,0.6624377504796056,scr1982,avaConv,offshore
gr,h1974,0.6586298273838097,scr1982,avaConv,offshore
gr,h1975,0.6500426637211131,scr1982,avaConv,offshore
gr,h1976,0.6325941628410681,scr1982,avaConv,offshore
gr,h1977,0.6060303716492788,scr1982,avaConv,offshore
gr,h1978,0.5730835253043086,scr1982,avaConv,offshore
gr,h1979,0.5455042541998582,scr1982,avaConv,offshore
gr,h1980,0.5151056956079402,scr1982,avaConv,offshore
gr,h1981,0.4821104718004835,scr1982,avaConv,offshore
gr,h1982,0.44338702156488363,scr1982,avaConv,offshore
gr,h1983,0.41174965739944486,scr1982,avaConv,offshore
gr,h1984,0.3935471565017927,scr1982,avaConv,offshore
gr,h1985,0.39575423481799404,scr1982,avaConv,offshore
gr,h1986,0.4223286524774598,scr1982,avaConv,offshore
gr,h1987,0.45898590894614993,scr1982,avaConv,offshore
gr,h1988,0.49712471194706764,scr1982,avaConv,offshore
gr,h1989,0.5337604894709812,scr1982,avaConv,offshore
gr,h1990,0.5724923870131026,scr1982,avaConv,offshore
gr,h1991,0.629056979003874,scr1982,avaConv,offshore
gr,h1992,0.6871982368006924,scr1982,avaConv,offshore
gr,h1993,0.7364979389094228,scr1982,avaConv,offshore
gr,h1994,0.7599943827553832,scr1982,avaConv,offshore
gr,h1995,0.7745988130738608,scr1982,avaConv,offshore
gr,h1996,0.7866219410460583,scr1982,avaConv,offshore
gr,h1997,0.8021148835480066,scr1982,avaConv,offshore
gr,h1998,0.8155187184935608,scr1982,avaConv,offshore
gr,h1999,0.8300096183369831,scr1982,avaConv,offshore
gr,h2000,0.8332637099531127,scr1982,avaConv,offshore
gr,h2001,0.8269453235168536,scr1982,avaConv,offshore
gr,h2002,0.814959037041292,scr1982,avaConv,offshore
gr,h2003,0.8011888894805465,scr1982,avaConv,offshore
gr,h2004,0.8086368565688599,scr1982,avaConv,offshore
gr,h2005,0.8319060183034863,scr1982,avaConv,offshore
gr,h2006,0.8674037301485757,scr1982,avaConv,offshore
gr,h2007,0.8874497946579019,scr1982,avaConv,offshore
gr,h2008,0.8932710313828358,scr1982,avaConv,offshore
gr,h2009,0.8910297546690303,scr1982,avaConv,offshore
gr,h2010,0.8868060004911393,scr1982,avaConv,offshore
gr,h2011,0.8811370851764289,scr1982,avaConv,offshore
gr,h2012,0.871176074473793,scr1982,avaConv,offshore
gr,h2013,0.8538878003954398,scr1982,avaConv,offshore
gr,h2014,0.8313635128590773,scr1982,avaConv,offshore
gr,h2015,0.7978859754675257,scr1982,avaConv,offshore
gr,h2016,0.7743110264941504,scr1982,avaConv,offshore
gr,h2017,0.6381851706737593,scr1982,avaConv,offshore
gr,h2018,0.5028295147319265,scr1982,avaConv,offshore
gr,h2019,0.3589543504107498,scr1982,avaConv,offshore
gr,h2020,0.3382374124674989,scr1982,avaConv,offshore
gr,h2021,0.33132796153455146,scr1982,avaConv,offshore
gr,h2022,0.3271644798677363,scr1982,avaConv,offshore
gr,h2023,0.3241690024068987,scr1982,avaConv,offshore
gr,h2024,0.31863947120207126,scr1982,avaConv,offshore
gr,h2025,0.31924172791714617,scr1982,avaConv,offshore
gr,h2026,0.3278513153432297,scr1982,avaConv,offshore
gr,h2027,0.32890450495419604,scr1982,avaConv,offshore
gr,h2028,0.3226654917726639,scr1982,avaConv,offshore
gr,h2029,0.3072595912590844,scr1982,avaConv,offshore
gr,h2030,0.29601559463454147,scr1982,avaConv,offshore
gr,h2031,0.28885040240392,scr1982,avaConv,offshore
gr,h2032,0.2890150076799344,scr1982,avaConv,offshore
gr,h2033,0.30810538992317044,scr1982,avaConv,offshore
gr,h2034,0.3361939152142433,scr1982,avaConv,offshore
gr,h2035,0.36285053985950216,scr1982,avaConv,offshore
gr,h2036,0.3793450560434319,scr1982,avaConv,offshore
gr,h2037,0.3850068910992088,scr1982,avaConv,offshore
gr,h2038,0.38161174249239277,scr1982,avaConv,offshore
gr,h2039,0.3582989914231777,scr1982,avaConv,offshore
gr,h2040,0.329845659247268,scr1982,avaConv,offshore
gr,h2041,0.30416581570208234,scr1982,avaConv,offshore
gr,h2042,0.3024932011537478,scr1982,avaConv,offshore
gr,h2043,0.3153084830357062,scr1982,avaConv,offshore
gr,h2044,0.33257330833480137,scr1982,avaConv,offshore
gr,h2045,0.34408759619272594,scr1982,avaConv,offshore
gr,h2046,0.3447958973910712,scr1982,avaConv,offshore
gr,h2047,0.34108130328750746,scr1982,avaConv,offshore
gr,h2048,0.32962491774697283,scr1982,avaConv,offshore
gr,h2049,0.3143596006535592,scr1982,avaConv,offshore
gr,h2050,0.29496926681525765,scr1982,avaConv,offshore
gr,h2051,0.277797048180353,scr1982,avaConv,offshore
gr,h2052,0.260496006469276,scr1982,avaConv,offshore
gr,h2053,0.2470634990141524,scr1982,avaConv,offshore
gr,h2054,0.23852626489314216,scr1982,avaConv,offshore
gr,h2055,0.2382515788664023,scr1982,avaConv,offshore
gr,h2056,0.24221493062277735,scr1982,avaConv,offshore
gr,h2057,0.2507260492175016,scr1982,avaConv,offshore
gr,h2058,0.26973637212081053,scr1982,avaConv,offshore
gr,h2059,0.3038025424122442,scr1982,avaConv,offshore
gr,h2060,0.3492579376514123,scr1982,avaConv,offshore
gr,h2061,0.38499403097270835,scr1982,avaConv,offshore
gr,h2062,0.3971304587992258,scr1982,avaConv,offshore
gr,h2063,0.34683399004460386,scr1982,avaConv,offshore
gr,h2064,0.2959148125256728,scr1982,avaConv,offshore
gr,h2065,0.25998501121566564,scr1982,avaConv,offshore
gr,h2066,0.2832047432827369,scr1982,avaConv,offshore
gr,h2067,0.30341710162519747,scr1982,avaConv,offshore
gr,h2068,0.3065671356848214,scr1982,avaConv,offshore
gr,h2069,0.2886149616636106,scr1982,avaConv,offshore
gr,h2070,0.2589542519675698,scr1982,avaConv,offshore
gr,h2071,0.2276508373315061,scr1982,avaConv,offshore
gr,h2072,0.19737065494104672,scr1982,avaConv,offshore
gr,h2073,0.1736863096245962,scr1982,avaConv,offshore
gr,h2074,0.15957462479811985,scr1982,avaConv,offshore
gr,h2075,0.16415674826377466,scr1982,avaConv,offshore
gr,h2076,0.18991645025583753,scr1982,avaConv,offshore
gr,h2077,0.23541352319316955,scr1982,avaConv,offshore
gr,h2078,0.28971937372314005,scr1982,avaConv,offshore
gr,h2079,0.346415450066212,scr1982,avaConv,offshore
gr,h2080,0.4073616163790372,scr1982,avaConv,offshore
gr,h2081,0.4467514374723419,scr1982,avaConv,offshore
gr,h2082,0.47443081495208256,scr1982,avaConv,offshore
gr,h2083,0.5023363655262649,scr1982,avaConv,offshore
gr,h2084,0.5618257406425131,scr1982,avaConv,offshore
gr,h2085,0.6293345935051946,scr1982,avaConv,offshore
gr,h2086,0.679791934923528,scr1982,avaConv,offshore
gr,h2087,0.6930703020174592,scr1982,avaConv,offshore
gr,h2088,0.7104634437425614,scr1982,avaConv,offshore
gr,h2089,0.7356867796221377,scr1982,avaConv,offshore
gr,h2090,0.774171741848572,scr1982,avaConv,offshore
gr,h2091,0.793153374027909,scr1982,avaConv,offshore
gr,h2092,0.7957243148087363,scr1982,avaConv,offshore
gr,h2093,0.7924230247655715,scr1982,avaConv,offshore
gr,h2094,0.788006612761111,scr1982,avaConv,offshore
gr,h2095,0.7864238852237955,scr1982,avaConv,offshore
gr,h2096,0.7893024276487676,scr1982,avaConv,offshore
gr,h2097,0.7979755291260276,scr1982,avaConv,offshore
gr,h2098,0.8074048162832159,scr1982,avaConv,offshore
gr,h2099,0.8199973423342201,scr1982,avaConv,offshore
gr,h2100,0.836171183866339,scr1982,avaConv,offshore
gr,h2101,0.8551894868358164,scr1982,avaConv,offshore
gr,h2102,0.8728434365437149,scr1982,avaConv,offshore
gr,h2103,0.8865463010001536,scr1982,avaConv,offshore
gr,h2104,0.8998723204889968,scr1982,avaConv,offshore
gr,h2105,0.9115664300414772,scr1982,avaConv,offshore
gr,h2106,0.9217772202805331,scr1982,avaConv,offshore
gr,h2107,0.9279962191646499,scr1982,avaConv,offshore
gr,h2108,0.9300556803752457,scr1982,avaConv,offshore
gr,h2109,0.9265132524119609,scr1982,avaConv,offshore
gr,h2110,0.9204437939161559,scr1982,avaConv,offshore
gr,h2111,0.8844251657805733,scr1982,avaConv,offshore
gr,h2112,0.8670036187871999,scr1982,avaConv,offshore
gr,h2113,0.8564090500264092,scr1982,avaConv,offshore
gr,h2114,0.8726637117088224,scr1982,avaConv,offshore
gr,h2115,0.8698272072191385,scr1982,avaConv,offshore
gr,h2116,0.8568577107985369,scr1982,avaConv,offshore
gr,h2117,0.8438859158873468,scr1982,avaConv,offshore
gr,h2118,0.8309776315604528,scr1982,avaConv,offshore
gr,h2119,0.8193323443965044,scr1982,avaConv,offshore
gr,h2120,0.8037427253574223,scr1982,avaConv,offshore
gr,h2121,0.782719627694128,scr1982,avaConv,offshore
gr,h2122,0.7546098350114075,scr1982,avaConv,offshore
gr,h2123,0.7246092908629989,scr1982,avaConv,offshore
gr,h2124,0.710713042794146,scr1982,avaConv,offshore
gr,h2125,0.7075941653634327,scr1982,avaConv,offshore
gr,h2126,0.7117308684491707,scr1982,avaConv,offshore
gr,h2127,0.7094216521550182,scr1982,avaConv,offshore
gr,h2128,0.7093305779224135,scr1982,avaConv,offshore
gr,h2129,0.7210510369159558,scr1982,avaConv,offshore
gr,h2130,0.7438534678508215,scr1982,avaConv,offshore
gr,h2131,0.7758826671955631,scr1982,avaConv,offshore
gr,h2132,0.7960838312816442,scr1982,avaConv,offshore
gr,h2133,0.7981428451999815,scr1982,avaConv,offshore
gr,h2134,0.7834042942781231,scr1982,avaConv,offshore
gr,h2135,0.7043960912061532,scr1982,avaConv,offshore
gr,h2136,0.6278579852713466,scr1982,avaConv,offshore
gr,h2137,0.5654597581816745,scr1982,avaConv,offshore
gr,h2138,0.5814907912944149,scr1982,avaConv,offshore
gr,h2139,0.608475889745479,scr1982,avaConv,offshore
gr,h2140,0.6289019519199539,scr1982,avaConv,offshore
gr,h2141,0.6442452014835787,scr1982,avaConv,offshore
gr,h2142,0.6572367377739765,scr1982,avaConv,offshore
gr,h2143,0.6716050835911005,scr1982,avaConv,offshore
gr,h2144,0.6783892381342553,scr1982,avaConv,offshore
gr,h2145,0.673678962115402,scr1982,avaConv,offshore
gr,h2146,0.6569934953310801,scr1982,avaConv,offshore
gr,h2147,0.6443855117581168,scr1982,avaConv,offshore
gr,h2148,0.6501238674024621,scr1982,avaConv,offshore
gr,h2149,0.6738779179053791,scr1982,avaConv,offshore
gr,h2150,0.7073106879068184,scr1982,avaConv,offshore
gr,h2151,0.7463411329833082,scr1982,avaConv,offshore
gr,h2152,0.7826039053042795,scr1982,avaConv,offshore
gr,h2153,0.8141153027220058,scr1982,avaConv,offshore
gr,h2154,0.8300250103846636,scr1982,avaConv,offshore
gr,h2155,0.841148108002776,scr1982,avaConv,offshore
gr,h2156,0.8434554986732021,scr1982,avaConv,offshore
gr,h2157,0.8342115933316967,scr1982,avaConv,offshore
gr,h2158,0.8164811614533658,scr1982,avaConv,offshore
gr,h2159,0.7666975952552735,scr1982,avaConv,offshore
gr,h2160,0.7215871515519777,scr1982,avaConv,offshore
hr,h1441,0.023726565223914795,scr1982,avaConv,offshore
hr,h1442,0.009631204685989825,scr1982,avaConv,offshore
hr,h1443,0.00194770474990682,scr1982,avaConv,offshore
hr,h1444,0.00015723647788819608,scr1982,avaConv,offshore
hr,h1445,0.000150273670171231,scr1982,avaConv,offshore
hr,h1446,0.00027050406369668066,scr1982,avaConv,offshore
hr,h1447,0.00021498523169976577,scr1982,avaConv,offshore
hr,h1448,0.00013236336278814515,scr1982,avaConv,offshore
hr,h1449,0.0,scr1982,avaConv,offshore
hr,h1450,0.0,scr1982,avaConv,offshore
hr,h1451,0.0002449905179994197,scr1982,avaConv,offshore
hr,h1452,0.001332393484384607,scr1982,avaConv,offshore
hr,h1453,0.005340804428840348,scr1982,avaConv,offshore
hr,h1454,0.01332138302638745,scr1982,avaConv,offshore
hr,h1455,0.023846864030463585,scr1982,avaConv,offshore
hr,h1456,0.03417142294250205,scr1982,avaConv,offshore
hr,h1457,0.04233844642078863,scr1982,avaConv,offshore
hr,h1458,0.04461915542423785,scr1982,avaConv,offshore
hr,h1459,0.03683693098225356,scr1982,avaConv,offshore
hr,h1460,0.023269623534681334,scr1982,avaConv,offshore
hr,h1461,0.010751229870112906,scr1982,avaConv,offshore
hr,h1462,0.0040183778274061705,scr1982,avaConv,offshore
hr,h1463,0.0011295096473394495,scr1982,avaConv,offshore
hr,h1464,0.00021780447115349975,scr1982,avaConv,offshore
hr,h1465,0.0,scr1982,avaConv,offshore
hr,h1466,0.0,scr1982,avaConv,offshore
hr,h1467,0.0,scr1982,avaConv,offshore
hr,h1468,0.0,scr1982,avaConv,offshore
hr,h1469,0.001006191532518,scr1982,avaConv,offshore
hr,h1470,0.004747232984142595,scr1982,avaConv,offshore
hr,h1471,0.014313666223213629,scr1982,avaConv,offshore
hr,h1472,0.03486754037489564,scr1982,avaConv,offshore
hr,h1473,0.07259805709406458,scr1982,avaConv,offshore
hr,h1474,0.13441057667237133,scr1982,avaConv,offshore
hr,h1475,0.22308062922322042,scr1982,avaConv,offshore
hr,h1476,0.34618539557980027,scr1982,avaConv,offshore
hr,h1477,0.4815943344223618,scr1982,avaConv,offshore
hr,h1478,0.6012388150841033,scr1982,avaConv,offshore
hr,h1479,0.6998629456075081,scr1982,avaConv,offshore
hr,h1480,0.783995206277377,scr1982,avaConv,offshore
hr,h1481,0.8439535227559773,scr1982,avaConv,offshore
hr,h1482,0.8514937310928716,scr1982,avaConv,offshore
hr,h1483,0.8490066158397344,scr1982,avaConv,offshore
hr,h1484,0.8402369476464909,scr1982,avaConv,offshore
hr,h1485,0.8139390588276705,scr1982,avaConv,offshore
hr,h1486,0.7323883223982965,scr1982,avaConv,offshore
hr,h1487,0.6019091270540948,scr1982,avaConv,offshore
hr,h1488,0.4679362779898857,scr1982,avaConv,offshore
hr,h1489,0.36136999561582833,scr1982,avaConv,offshore
hr,h1490,0.30044721989971357,scr1982,avaConv,offshore
hr,h1491,0.26181572489778987,scr1982,avaConv,offshore
hr,h1492,0.23419059392174288,scr1982,avaConv,offshore
hr,h1493,0.21754960875275034,scr1982,avaConv,offshore
hr,h1494,0.2055130173260138,scr1982,avaConv,offshore
hr,h1495,0.19284871236505685,scr1982,avaConv,offshore
hr,h1496,0.1742046680947291,scr1982,avaConv,offshore
hr,h1497,0.15765931248410328,scr1982,avaConv,offshore
hr,h1498,0.13009438394497566,scr1982,avaConv,offshore
hr,h1499,0.09332399568864978,scr1982,avaConv,offshore
hr,h1500,0.06042974456227481,scr1982,avaConv,offshore
hr,h1501,0.03847939224532496,scr1982,avaConv,offshore
hr,h1502,0.02780834766549681,scr1982,avaConv,offshore
hr,h1503,0.022506703198537866,scr1982,avaConv,offshore
hr,h1504,0.023041433722719027,scr1982,avaConv,offshore
hr,h1505,0.028439381296316887,scr1982,avaConv,offshore
hr,h1506,0.038429146299151534,scr1982,avaConv,offshore
hr,h1507,0.050474726562647294,scr1982,avaConv,offshore
hr,h1508,0.06245251303839697,scr1982,avaConv,offshore
hr,h1509,0.0744728251022993,scr1982,avaConv,offshore
hr,h1510,0.10094368819599601,scr1982,avaConv,offshore
hr,h1511,0.10191536786928393,scr1982,avaConv,offshore
hr,h1512,0.0899193839552811,scr1982,avaConv,offshore
hr,h1513,0.1409286956544985,scr1982,avaConv,offshore
hr,h1514,0.22521115076578985,scr1982,avaConv,offshore
hr,h1515,0.33391326089990603,scr1982,avaConv,offshore
hr,h1516,0.358999106047965,scr1982,avaConv,offshore
hr,h1517,0.39113959701077083,scr1982,avaConv,offshore
hr,h1518,0.410326748697235,scr1982,avaConv,offshore
hr,h1519,0.40207124447922926,scr1982,avaConv,offshore
hr,h1520,0.36377223853164703,scr1982,avaConv,offshore
hr,h1521,0.30512291799023744,scr1982,avaConv,offshore
hr,h1522,0.24586374947676698,scr1982,avaConv,offshore
hr,h1523,0.20806873585060515,scr1982,avaConv,offshore
hr,h1524,0.18017007341155997,scr1982,avaConv,offshore
hr,h1525,0.1778373683748772,scr1982,avaConv,offshore
hr,h1526,0.23662311751230733,scr1982,avaConv,offshore
hr,h1527,0.3952045461138139,scr1982,avaConv,offshore
hr,h1528,0.5937005197636605,scr1982,avaConv,offshore
hr,h1529,0.7477325749179995,scr1982,avaConv,offshore
hr,h1530,0.8177389133636398,scr1982,avaConv,offshore
hr,h1531,0.8296755928209971,scr1982,avaConv,offshore
hr,h1532,0.7844802182369802,scr1982,avaConv,offshore
hr,h1533,0.677455400644092,scr1982,avaConv,offshore
hr,h1534,0.5203927233018015,scr1982,avaConv,offshore
hr,h1535,0.3660223207699101,scr1982,avaConv,offshore
hr,h1536,0.24179700006591864,scr1982,avaConv,offshore
hr,h1537,0.17584136892275615,scr1982,avaConv,offshore
hr,h1538,0.13116793888948278,scr1982,avaConv,offshore
hr,h1539,0.09850623591424046,scr1982,avaConv,offshore
hr,h1540,0.07005282314523838,scr1982,avaConv,offshore
hr,h1541,0.05966078485815284,scr1982,avaConv,offshore
hr,h1542,0.06300494298558776,scr1982,avaConv,offshore
hr,h1543,0.0649976037281398,scr1982,avaConv,offshore
hr,h1544,0.05891565886145594,scr1982,avaConv,offshore
hr,h1545,0.05108428664161716,scr1982,avaConv,offshore
hr,h1546,0.04537916922538545,scr1982,avaConv,offshore
hr,h1547,0.038546812334222316,scr1982,avaConv,offshore
hr,h1548,0.032412190199139546,scr1982,avaConv,offshore
hr,h1549,0.03638461550001955,scr1982,avaConv,offshore
hr,h1550,0.07584929862309016,scr1982,avaConv,offshore
hr,h1551,0.17360992167604558,scr1982,avaConv,offshore
hr,h1552,0.3200994851010275,scr1982,avaConv,offshore
hr,h1553,0.45276684019428903,scr1982,avaConv,offshore
hr,h1554,0.5223452108325793,scr1982,avaConv,offshore
hr,h1555,0.5353045288765195,scr1982,avaConv,offshore
hr,h1556,0.5213023629485052,scr1982,avaConv,offshore
hr,h1557,0.4837689508747873,scr1982,avaConv,offshore
hr,h1558,0.4145270569849352,scr1982,avaConv,offshore
hr,h1559,0.3148208335852525,scr1982,avaConv,offshore
hr,h1560,0.2043461369977456,scr1982,avaConv,offshore
hr,h1561,0.11455472103231146,scr1982,avaConv,offshore
hr,h1562,0.06074836945190601,scr1982,avaConv,offshore
hr,h1563,0.04359849270585922,scr1982,avaConv,offshore
hr,h1564,0.04695911284859112,scr1982,avaConv,offshore
hr,h1565,0.0639992602981978,scr1982,avaConv,offshore
hr,h1566,0.08856215979014866,scr1982,avaConv,offshore
hr,h1567,0.11133782755239938,scr1982,avaConv,offshore
hr,h1568,0.12568944899349804,scr1982,avaConv,offshore
hr,h1569,0.12463904115939711,scr1982,avaConv,offshore
hr,h1570,0.10759999084909312,scr1982,avaConv,offshore
hr,h1571,0.0771578131704313,scr1982,avaConv,offshore
hr,h1572,0.054784396851303575,scr1982,avaConv,offshore
hr,h1573,0.05819570307821016,scr1982,avaConv,offshore
hr,h1574,0.08912107447484358,scr1982,avaConv,offshore
hr,h1575,0.12645084522668013,scr1982,avaConv,offshore
hr,h1576,0.15920155770085423,scr1982,avaConv,offshore
hr,h1577,0.19252961810715485,scr1982,avaConv,offshore
hr,h1578,0.23211907167458548,scr1982,avaConv,offshore
hr,h1579,0.26944655944588775,scr1982,avaConv,offshore
hr,h1580,0.28960909363503146,scr1982,avaConv,offshore
hr,h1581,0.2923052719188571,scr1982,avaConv,offshore
hr,h1582,0.27127458249203223,scr1982,avaConv,offshore
hr,h1583,0.22295808344079027,scr1982,avaConv,offshore
hr,h1584,0.16699571209185024,scr1982,avaConv,offshore
hr,h1585,0.11961701529188154,scr1982,avaConv,offshore
hr,h1586,0.09549052356336742,scr1982,avaConv,offshore
hr,h1587,0.09124344612330176,scr1982,avaConv,offshore
hr,h1588,0.10453534951443538,scr1982,avaConv,offshore
hr,h1589,0.12327612287130109,scr1982,avaConv,offshore
hr,h1590,0.12457975750755607,scr1982,avaConv,offshore
hr,h1591,0.10417118348316785,scr1982,avaConv,offshore
hr,h1592,0.06674966269154124,scr1982,avaConv,offshore
hr,h1593,0.03515645071535955,scr1982,avaConv,offshore
hr,h1594,0.015735642182692418,scr1982,avaConv,offshore
hr,h1595,0.008518939864457368,scr1982,avaConv,offshore
hr,h1596,0.007636195672406042,scr1982,avaConv,offshore
hr,h1597,0.009475352991435291,scr1982,avaConv,offshore
hr,h1598,0.018168721477085925,scr1982,avaConv,offshore
hr,h1599,0.026160382779420555,scr1982,avaConv,offshore
hr,h1600,0.02927096593355624,scr1982,avaConv,offshore
hr,h1601,0.025197773911113396,scr1982,avaConv,offshore
hr,h1602,0.018135194094795658,scr1982,avaConv,offshore
hr,h1603,0.009810884611769414,scr1982,avaConv,offshore
hr,h1604,0.0030282834165767207,scr1982,avaConv,offshore
hr,h1605,0.0002650214525731639,scr1982,avaConv,offshore
hr,h1606,0.0,scr1982,avaConv,offshore
hr,h1607,0.0,scr1982,avaConv,offshore
hr,h1608,0.0,scr1982,avaConv,offshore
hr,h1609,0.0006701697107230643,scr1982,avaConv,offshore
hr,h1610,0.00433397666959855,scr1982,avaConv,offshore
hr,h1611,0.01225774143868655,scr1982,avaConv,offshore
hr,h1612,0.023361550990566148,scr1982,avaConv,offshore
hr,h1613,0.03054807680678912,scr1982,avaConv,offshore
hr,h1614,0.029123588060672324,scr1982,avaConv,offshore
hr,h1615,0.021416760295187336,scr1982,avaConv,offshore
hr,h1616,0.012206658416753795,scr1982,avaConv,offshore
hr,h1617,0.006194158402153317,scr1982,avaConv,offshore
hr,h1618,0.002350348275811139,scr1982,avaConv,offshore
hr,h1619,0.0006175594939797678,scr1982,avaConv,offshore
hr,h1620,0.00016928733726971227,scr1982,avaConv,offshore
hr,h1621,0.0012497702122628933,scr1982,avaConv,offshore
hr,h1622,0.0036785219275600814,scr1982,avaConv,offshore
hr,h1623,0.006557904463878847,scr1982,avaConv,offshore
hr,h1624,0.007998640439903932,scr1982,avaConv,offshore
hr,h1625,0.008805473637452328,scr1982,avaConv,offshore
hr,h1626,0.009706222026764641,scr1982,avaConv,offshore
hr,h1627,0.009256195841745956,scr1982,avaConv,offshore
hr,h1628,0.007011739716881419,scr1982,avaConv,offshore
hr,h1629,0.004006722683965601,scr1982,avaConv,offshore
hr,h1630,0.0015577158586052326,scr1982,avaConv,offshore
hr,h1631,0.00047263535148398445,scr1982,avaConv,offshore
hr,h1632,0.0010041305315079704,scr1982,avaConv,offshore
hr,h1633,0.004770996451949433,scr1982,avaConv,offshore
hr,h1634,0.005752680210489321,scr1982,avaConv,offshore
hr,h1635,0.007026970715610641,scr1982,avaConv,offshore
hr,h1636,0.0035492953547485925,scr1982,avaConv,offshore
hr,h1637,0.0027368429851843974,scr1982,avaConv,offshore
hr,h1638,0.0008251359343521862,scr1982,avaConv,offshore
hr,h1639,0.002167818805577338,scr1982,avaConv,offshore
hr,h1640,0.004291209263468483,scr1982,avaConv,offshore
hr,h1641,0.006971851784133814,scr1982,avaConv,offshore
hr,h1642,0.006186805016635505,scr1982,avaConv,offshore
hr,h1643,0.00997400817779333,scr1982,avaConv,offshore
hr,h1644,0.01206620980188427,scr1982,avaConv,offshore
hr,h1645,0.01260945851838272,scr1982,avaConv,offshore
hr,h1646,0.006626433945024949,scr1982,avaConv,offshore
hr,h1647,0.002142608649202983,scr1982,avaConv,offshore
hr,h1648,0.0007055086501611371,scr1982,avaConv,offshore
hr,h1649,0.0005458106868431319,scr1982,avaConv,offshore
hr,h1650,0.0004861271989098333,scr1982,avaConv,offshore
hr,h1651,0.00029293917525076424,scr1982,avaConv,offshore
hr,h1652,0.00021824176407226397,scr1982,avaConv,offshore
hr,h1653,0.00019760430964196318,scr1982,avaConv,offshore
hr,h1654,0.0002518530627844901,scr1982,avaConv,offshore
hr,h1655,0.00028083354743248365,scr1982,avaConv,offshore
hr,h1656,0.0003101794877239499,scr1982,avaConv,offshore
hr,h1657,0.00032726408145606055,scr1982,avaConv,offshore
hr,h1658,0.0002444173161268786,scr1982,avaConv,offshore
hr,h1659,0.00018474568316848982,scr1982,avaConv,offshore
hr,h1660,0.00020032653300109822,scr1982,avaConv,offshore
hr,h1661,0.00040978014705884876,scr1982,avaConv,offshore
hr,h1662,0.0006482155020747128,scr1982,avaConv,offshore
hr,h1663,0.0007683177380215268,scr1982,avaConv,offshore
hr,h1664,0.0008083198061861335,scr1982,avaConv,offshore
hr,h1665,0.0008855968598214713,scr1982,avaConv,offshore
hr,h1666,0.0010029352421373594,scr1982,avaConv,offshore
hr,h1667,0.0007788984979579468,scr1982,avaConv,offshore
hr,h1668,0.00041515316127007897,scr1982,avaConv,offshore
hr,h1669,0.00013402778105662592,scr1982,avaConv,offshore
hr,h1670,0.0004061438670525356,scr1982,avaConv,offshore
hr,h1671,0.0015293668097852168,scr1982,avaConv,offshore
hr,h1672,0.002868487202945247,scr1982,avaConv,offshore
hr,h1673,0.002606148541897055,scr1982,avaConv,offshore
hr,h1674,0.0015269174635737968,scr1982,avaConv,offshore
hr,h1675,0.0007888514745024456,scr1982,avaConv,offshore
hr,h1676,0.001121329891663661,scr1982,avaConv,offshore
hr,h1677,0.0013936521482184859,scr1982,avaConv,offshore
hr,h1678,0.0010230884790783784,scr1982,avaConv,offshore
hr,h1679,0.00045304942672513317,scr1982,avaConv,offshore
hr,h1680,0.0,scr1982,avaConv,offshore
hr,h1681,0.050667717246809796,scr1982,avaConv,offshore
hr,h1682,0.12102482891744935,scr1982,avaConv,offshore
hr,h1683,0.19981777488278613,scr1982,avaConv,offshore
hr,h1684,0.19306589854252013,scr1982,avaConv,offshore
hr,h1685,0.18556778558660023,scr1982,avaConv,offshore
hr,h1686,0.18506538865140107,scr1982,avaConv,offshore
hr,h1687,0.1902245931590532,scr1982,avaConv,offshore
hr,h1688,0.17488457050191075,scr1982,avaConv,offshore
hr,h1689,0.13146310759417865,scr1982,avaConv,offshore
hr,h1690,0.08274272636589751,scr1982,avaConv,offshore
hr,h1691,0.05610138244687778,scr1982,avaConv,offshore
hr,h1692,0.047006319053839146,scr1982,avaConv,offshore
hr,h1693,0.04769054627990291,scr1982,avaConv,offshore
hr,h1694,0.05272312905469382,scr1982,avaConv,offshore
hr,h1695,0.07006267856070882,scr1982,avaConv,offshore
hr,h1696,0.09480419986272297,scr1982,avaConv,offshore
hr,h1697,0.11122526896705444,scr1982,avaConv,offshore
hr,h1698,0.11333624924531634,scr1982,avaConv,offshore
hr,h1699,0.10529152053436626,scr1982,avaConv,offshore
hr,h1700,0.09281927924322754,scr1982,avaConv,offshore
hr,h1701,0.07275130882713444,scr1982,avaConv,offshore
hr,h1702,0.04753094362294242,scr1982,avaConv,offshore
hr,h1703,0.02433897359999741,scr1982,avaConv,offshore
hr,h1704,0.009183858485228739,scr1982,avaConv,offshore
hr,h1705,0.002593989068694351,scr1982,avaConv,offshore
hr,h1706,0.00019547656710926394,scr1982,avaConv,offshore
hr,h1707,0.0,scr1982,avaConv,offshore
hr,h1708,0.0002952603535963394,scr1982,avaConv,offshore
hr,h1709,0.001642482246468372,scr1982,avaConv,offshore
hr,h1710,0.006897146981946234,scr1982,avaConv,offshore
hr,h1711,0.023068756850171557,scr1982,avaConv,offshore
hr,h1712,0.06185434228192928,scr1982,avaConv,offshore
hr,h1713,0.12519138681144273,scr1982,avaConv,offshore
hr,h1714,0.20451978668280485,scr1982,avaConv,offshore
hr,h1715,0.31934854533247303,scr1982,avaConv,offshore
hr,h1716,0.436913332202823,scr1982,avaConv,offshore
hr,h1717,0.5384309072266149,scr1982,avaConv,offshore
hr,h1718,0.5816322272982101,scr1982,avaConv,offshore
hr,h1719,0.6208308517438584,scr1982,avaConv,offshore
hr,h1720,0.6740330759401097,scr1982,avaConv,offshore
hr,h1721,0.695541341319394,scr1982,avaConv,offshore
hr,h1722,0.647589659693645,scr1982,avaConv,offshore
hr,h1723,0.5353844328171231,scr1982,avaConv,offshore
hr,h1724,0.434550611385191,scr1982,avaConv,offshore
hr,h1725,0.448669038220348,scr1982,avaConv,offshore
hr,h1726,0.5551640756996901,scr1982,avaConv,offshore
hr,h1727,0.6578781710598945,scr1982,avaConv,offshore
hr,h1728,0.6905913594853003,scr1982,avaConv,offshore
hr,h1729,0.6442726836634395,scr1982,avaConv,offshore
hr,h1730,0.5928044775994301,scr1982,avaConv,offshore
hr,h1731,0.5426855781536667,scr1982,avaConv,offshore
hr,h1732,0.5390201546716196,scr1982,avaConv,offshore
hr,h1733,0.559222407792949,scr1982,avaConv,offshore
hr,h1734,0.5625709275250725,scr1982,avaConv,offshore
hr,h1735,0.5465966731226947,scr1982,avaConv,offshore
hr,h1736,0.5318770942308928,scr1982,avaConv,offshore
hr,h1737,0.5218223121129248,scr1982,avaConv,offshore
hr,h1738,0.5182241139342179,scr1982,avaConv,offshore
hr,h1739,0.5035342569932355,scr1982,avaConv,offshore
hr,h1740,0.5166359689602537,scr1982,avaConv,offshore
hr,h1741,0.5621651999682332,scr1982,avaConv,offshore
hr,h1742,0.6472797735526626,scr1982,avaConv,offshore
hr,h1743,0.7282072118204005,scr1982,avaConv,offshore
hr,h1744,0.7840627492415031,scr1982,avaConv,offshore
hr,h1745,0.8238379963539364,scr1982,avaConv,offshore
hr,h1746,0.8431926175149862,scr1982,avaConv,offshore
hr,h1747,0.8408255961965,scr1982,avaConv,offshore
hr,h1748,0.8100866490055996,scr1982,avaConv,offshore
hr,h1749,0.7278319489353572,scr1982,avaConv,offshore
hr,h1750,0.5827623717104577,scr1982,avaConv,offshore
hr,h1751,0.42530199331585655,scr1982,avaConv,offshore
hr,h1752,0.2780486285918102,scr1982,avaConv,offshore
hr,h1753,0.1790515531007515,scr1982,avaConv,offshore
hr,h1754,0.11283383899972477,scr1982,avaConv,offshore
hr,h1755,0.08682940806262554,scr1982,avaConv,offshore
hr,h1756,0.0755837756702872,scr1982,avaConv,offshore
hr,h1757,0.06425038053684773,scr1982,avaConv,offshore
hr,h1758,0.049933727428134185,scr1982,avaConv,offshore
hr,h1759,0.03614559045617045,scr1982,avaConv,offshore
hr,h1760,0.024082124064509346,scr1982,avaConv,offshore
hr,h1761,0.0131876870667237,scr1982,avaConv,offshore
hr,h1762,0.004891657516484256,scr1982,avaConv,offshore
hr,h1763,0.001267156763321233,scr1982,avaConv,offshore
hr,h1764,0.0005205019105080131,scr1982,avaConv,offshore
hr,h1765,0.00044834208024817265,scr1982,avaConv,offshore
hr,h1766,0.0010243235233180741,scr1982,avaConv,offshore
hr,h1767,0.00756978779169188,scr1982,avaConv,offshore
hr,h1768,0.02556956538687727,scr1982,avaConv,offshore
hr,h1769,0.06069097107837633,scr1982,avaConv,offshore
hr,h1770,0.10570438114788594,scr1982,avaConv,offshore
hr,h1771,0.152133380041326,scr1982,avaConv,offshore
hr,h1772,0.18091094483324732,scr1982,avaConv,offshore
hr,h1773,0.1870579018287024,scr1982,avaConv,offshore
hr,h1774,0.15719412802578087,scr1982,avaConv,offshore
hr,h1775,0.11636000023706418,scr1982,avaConv,offshore
hr,h1776,0.06845657132173871,scr1982,avaConv,offshore
hr,h1777,0.035665050929050014,scr1982,avaConv,offshore
hr,h1778,0.014979677479664538,scr1982,avaConv,offshore
hr,h1779,0.00981232614732034,scr1982,avaConv,offshore
hr,h1780,0.017957593732948397,scr1982,avaConv,offshore
hr,h1781,0.03652334229089854,scr1982,avaConv,offshore
hr,h1782,0.058506179664998166,scr1982,avaConv,offshore
hr,h1783,0.07123043276125453,scr1982,avaConv,offshore
hr,h1784,0.06944051524603823,scr1982,avaConv,offshore
hr,h1785,0.06639701344910347,scr1982,avaConv,offshore
hr,h1786,0.06851393737258948,scr1982,avaConv,offshore
hr,h1787,0.08662084485946185,scr1982,avaConv,offshore
hr,h1788,0.1377653584819187,scr1982,avaConv,offshore
hr,h1789,0.2005165927641477,scr1982,avaConv,offshore
hr,h1790,0.24485381609755336,scr1982,avaConv,offshore
hr,h1791,0.2711809650927869,scr1982,avaConv,offshore
hr,h1792,0.3061243374667907,scr1982,avaConv,offshore
hr,h1793,0.31189988671188157,scr1982,avaConv,offshore
hr,h1794,0.2669118860446054,scr1982,avaConv,offshore
hr,h1795,0.22128642267216111,scr1982,avaConv,offshore
hr,h1796,0.2298331790056175,scr1982,avaConv,offshore
hr,h1797,0.2848346066862183,scr1982,avaConv,offshore
hr,h1798,0.3496834192278791,scr1982,avaConv,offshore
hr,h1799,0.4064853836183342,scr1982,avaConv,offshore
hr,h1800,0.45173858983641324,scr1982,avaConv,offshore
hr,h1801,0.43133189689489765,scr1982,avaConv,offshore
hr,h1802,0.3494474533044613,scr1982,avaConv,offshore
hr,h1803,0.24792435026024764,scr1982,avaConv,offshore
hr,h1804,0.17430270702713055,scr1982,avaConv,offshore
hr,h1805,0.13067203674178574,scr1982,avaConv,offshore
hr,h1806,0.08596669202409629,scr1982,avaConv,offshore
hr,h1807,0.046747100326414395,scr1982,avaConv,offshore
hr,h1808,0.024546816340563674,scr1982,avaConv,offshore
hr,h1809,0.012214517597829391,scr1982,avaConv,offshore
hr,h1810,0.006829271050027906,scr1982,avaConv,offshore
hr,h1811,0.014569776336799027,scr1982,avaConv,offshore
hr,h1812,0.03466263037688414,scr1982,avaConv,offshore
hr,h1813,0.04823415522657345,scr1982,avaConv,offshore
hr,h1814,0.03842977068564246,scr1982,avaConv,offshore
hr,h1815,0.01844200506509857,scr1982,avaConv,offshore
hr,h1816,0.0068318637605267,scr1982,avaConv,offshore
hr,h1817,0.00202580325925438,scr1982,avaConv,offshore
hr,h1818,0.0018851951597021826,scr1982,avaConv,offshore
hr,h1819,0.0014414923604437512,scr1982,avaConv,offshore
hr,h1820,0.0012043514912905334,scr1982,avaConv,offshore
hr,h1821,0.00020844500181734098,scr1982,avaConv,offshore
hr,h1822,0.0,scr1982,avaConv,offshore
hr,h1823,0.0,scr1982,avaConv,offshore
hr,h1824,0.0013030428215762074,scr1982,avaConv,offshore
hr,h1825,0.015349011679929334,scr1982,avaConv,offshore
hr,h1826,0.057167671545786454,scr1982,avaConv,offshore
hr,h1827,0.11396892472298129,scr1982,avaConv,offshore
hr,h1828,0.16922449883943896,scr1982,avaConv,offshore
hr,h1829,0.21655792775666688,scr1982,avaConv,offshore
hr,h1830,0.2678617269285763,scr1982,avaConv,offshore
hr,h1831,0.30110213917908846,scr1982,avaConv,offshore
hr,h1832,0.2881353047808083,scr1982,avaConv,offshore
hr,h1833,0.20880284349967854,scr1982,avaConv,offshore
hr,h1834,0.10954860484929967,scr1982,avaConv,offshore
hr,h1835,0.0396578708442468,scr1982,avaConv,offshore
hr,h1836,0.01671813158535213,scr1982,avaConv,offshore
hr,h1837,0.01127136522217333,scr1982,avaConv,offshore
hr,h1838,0.006897788981832427,scr1982,avaConv,offshore
hr,h1839,0.005742635532923754,scr1982,avaConv,offshore
hr,h1840,0.01946110277723669,scr1982,avaConv,offshore
hr,h1841,0.05010187053337496,scr1982,avaConv,offshore
hr,h1842,0.08544316309318321,scr1982,avaConv,offshore
hr,h1843,0.10949430850152347,scr1982,avaConv,offshore
hr,h1844,0.11136750561087866,scr1982,avaConv,offshore
hr,h1845,0.09351746693888119,scr1982,avaConv,offshore
hr,h1846,0.06360251703055478,scr1982,avaConv,offshore
hr,h1847,0.0376739159780234,scr1982,avaConv,offshore
hr,h1848,0.02584695003524996,scr1982,avaConv,offshore
hr,h1849,0.013956183429680125,scr1982,avaConv,offshore
hr,h1850,0.006652248276331667,scr1982,avaConv,offshore
hr,h1851,0.0,scr1982,avaConv,offshore
hr,h1852,0.0,scr1982,avaConv,offshore
hr,h1853,0.0,scr1982,avaConv,offshore
hr,h1854,0.0,scr1982,avaConv,offshore
hr,h1855,0.0001613972219220969,scr1982,avaConv,offshore
hr,h1856,0.0009435866101028933,scr1982,avaConv,offshore
hr,h1857,0.0034689196013363652,scr1982,avaConv,offshore
hr,h1858,0.009431629846564149,scr1982,avaConv,offshore
hr,h1859,0.014632397843532374,scr1982,avaConv,offshore
hr,h1860,0.02379568636993545,scr1982,avaConv,offshore
hr,h1861,0.03241402186609595,scr1982,avaConv,offshore
hr,h1862,0.04177732209818326,scr1982,avaConv,offshore
hr,h1863,0.04005305144912365,scr1982,avaConv,offshore
hr,h1864,0.03108638378306192,scr1982,avaConv,offshore
hr,h1865,0.023181897465724962,scr1982,avaConv,offshore
hr,h1866,0.026350626921894476,scr1982,avaConv,offshore
hr,h1867,0.04818360379181861,scr1982,avaConv,offshore
hr,h1868,0.09483575151221418,scr1982,avaConv,offshore
hr,h1869,0.15669544525316972,scr1982,avaConv,offshore
hr,h1870,0.22579708063665357,scr1982,avaConv,offshore
hr,h1871,0.2738766064597371,scr1982,avaConv,offshore
hr,h1872,0.2978039036667916,scr1982,avaConv,offshore
hr,h1873,0.290673926579856,scr1982,avaConv,offshore
hr,h1874,0.27440670382421245,scr1982,avaConv,offshore
hr,h1875,0.25574577419754796,scr1982,avaConv,offshore
hr,h1876,0.2445543869592941,scr1982,avaConv,offshore
hr,h1877,0.23991854278135785,scr1982,avaConv,offshore
hr,h1878,0.22196787546049562,scr1982,avaConv,offshore
hr,h1879,0.19302944040165307,scr1982,avaConv,offshore
hr,h1880,0.1609356842936742,scr1982,avaConv,offshore
hr,h1881,0.14873451842472632,scr1982,avaConv,offshore
hr,h1882,0.15092595338178605,scr1982,avaConv,offshore
hr,h1883,0.16121766138636026,scr1982,avaConv,offshore
hr,h1884,0.17972994966077988,scr1982,avaConv,offshore
hr,h1885,0.18297079367213892,scr1982,avaConv,offshore
hr,h1886,0.16423337097526722,scr1982,avaConv,offshore
hr,h1887,0.1540474711467561,scr1982,avaConv,offshore
hr,h1888,0.1605542096229473,scr1982,avaConv,offshore
hr,h1889,0.185387850478121,scr1982,avaConv,offshore
hr,h1890,0.17993175235706302,scr1982,avaConv,offshore
hr,h1891,0.1558645551314421,scr1982,avaConv,offshore
hr,h1892,0.10860715140121144,scr1982,avaConv,offshore
hr,h1893,0.06295291659287512,scr1982,avaConv,offshore
hr,h1894,0.02510262351729742,scr1982,avaConv,offshore
hr,h1895,0.007910308744303783,scr1982,avaConv,offshore
hr,h1896,0.004807787865452054,scr1982,avaConv,offshore
hr,h1897,0.008488864346064738,scr1982,avaConv,offshore
hr,h1898,0.012521473558167497,scr1982,avaConv,offshore
hr,h1899,0.012819960498876806,scr1982,avaConv,offshore
hr,h1900,0.01564720741663513,scr1982,avaConv,offshore
hr,h1901,0.018714986189273603,scr1982,avaConv,offshore
hr,h1902,0.021868629663771764,scr1982,avaConv,offshore
hr,h1903,0.03251530730776331,scr1982,avaConv,offshore
hr,h1904,0.06063428073417299,scr1982,avaConv,offshore
hr,h1905,0.08998693866084391,scr1982,avaConv,offshore
hr,h1906,0.10497766489077918,scr1982,avaConv,offshore
hr,h1907,0.13602266995255122,scr1982,avaConv,offshore
hr,h1908,0.1514848710721628,scr1982,avaConv,offshore
hr,h1909,0.12715839037271648,scr1982,avaConv,offshore
hr,h1910,0.07304561153229842,scr1982,avaConv,offshore
hr,h1911,0.05707657376800874,scr1982,avaConv,offshore
hr,h1912,0.11879409780350317,scr1982,avaConv,offshore
hr,h1913,0.23831028924023093,scr1982,avaConv,offshore
hr,h1914,0.33266914807098863,scr1982,avaConv,offshore
hr,h1915,0.3430338223170057,scr1982,avaConv,offshore
hr,h1916,0.27498501702673794,scr1982,avaConv,offshore
hr,h1917,0.21476386744963297,scr1982,avaConv,offshore
hr,h1918,0.18172717465937577,scr1982,avaConv,offshore
hr,h1919,0.1616250151942366,scr1982,avaConv,offshore
hr,h1920,0.14306920580165866,scr1982,avaConv,offshore
hr,h1921,0.12987702040350768,scr1982,avaConv,offshore
hr,h1922,0.1295176562947809,scr1982,avaConv,offshore
hr,h1923,0.13738325441260135,scr1982,avaConv,offshore
hr,h1924,0.14346889283170275,scr1982,avaConv,offshore
hr,h1925,0.13827248049152013,scr1982,avaConv,offshore
hr,h1926,0.13049315832129552,scr1982,avaConv,offshore
hr,h1927,0.13281913004100565,scr1982,avaConv,offshore
hr,h1928,0.14853263030003003,scr1982,avaConv,offshore
hr,h1929,0.15700088254016636,scr1982,avaConv,offshore
hr,h1930,0.1470112893946294,scr1982,avaConv,offshore
hr,h1931,0.1161928011589877,scr1982,avaConv,offshore
hr,h1932,0.08350069152375433,scr1982,avaConv,offshore
hr,h1933,0.0562414629138169,scr1982,avaConv,offshore
hr,h1934,0.04263752082408614,scr1982,avaConv,offshore
hr,h1935,0.05495629405608865,scr1982,avaConv,offshore
hr,h1936,0.11124044990115801,scr1982,avaConv,offshore
hr,h1937,0.23348251165343425,scr1982,avaConv,offshore
hr,h1938,0.383598915804921,scr1982,avaConv,offshore
hr,h1939,0.4964568044837206,scr1982,avaConv,offshore
hr,h1940,0.5186610419183818,scr1982,avaConv,offshore
hr,h1941,0.4644007124608515,scr1982,avaConv,offshore
hr,h1942,0.3705273698941796,scr1982,avaConv,offshore
hr,h1943,0.25650464228889663,scr1982,avaConv,offshore
hr,h1944,0.16167025376118366,scr1982,avaConv,offshore
hr,h1945,0.09481377649443008,scr1982,avaConv,offshore
hr,h1946,0.05870793240737337,scr1982,avaConv,offshore
hr,h1947,0.03310628393984345,scr1982,avaConv,offshore
hr,h1948,0.015824103837250646,scr1982,avaConv,offshore
hr,h1949,0.0062196855321831265,scr1982,avaConv,offshore
hr,h1950,0.0021785753661830677,scr1982,avaConv,offshore
hr,h1951,0.001051767622475991,scr1982,avaConv,offshore
hr,h1952,0.0015438000076229681,scr1982,avaConv,offshore
hr,h1953,0.0026745097883633007,scr1982,avaConv,offshore
hr,h1954,0.0036006382360659556,scr1982,avaConv,offshore
hr,h1955,0.005473716208228787,scr1982,avaConv,offshore
hr,h1956,0.008612442283831623,scr1982,avaConv,offshore
hr,h1957,0.01608512487568721,scr1982,avaConv,offshore
hr,h1958,0.024779928765618884,scr1982,avaConv,offshore
hr,h1959,0.03150681940353338,scr1982,avaConv,offshore
hr,h1960,0.032647341018624126,scr1982,avaConv,offshore
hr,h1961,0.034144712660064774,scr1982,avaConv,offshore
hr,h1962,0.038805283857758575,scr1982,avaConv,offshore
hr,h1963,0.04744499541226088,scr1982,avaConv,offshore
hr,h1964,0.07743395754398374,scr1982,avaConv,offshore
hr,h1965,0.13026696874177016,scr1982,avaConv,offshore
hr,h1966,0.16059101724753003,scr1982,avaConv,offshore
hr,h1967,0.15214917440226988,scr1982,avaConv,offshore
hr,h1968,0.10159420668086191,scr1982,avaConv,offshore
hr,h1969,0.07178984833913482,scr1982,avaConv,offshore
hr,h1970,0.058490274039387724,scr1982,avaConv,offshore
hr,h1971,0.06595200306449012,scr1982,avaConv,offshore
hr,h1972,0.078374545538938,scr1982,avaConv,offshore
hr,h1973,0.0856788035512614,scr1982,avaConv,offshore
hr,h1974,0.08870785292126261,scr1982,avaConv,offshore
hr,h1975,0.08782665863706188,scr1982,avaConv,offshore
hr,h1976,0.08491735448952946,scr1982,avaConv,offshore
hr,h1977,0.07828557463913319,scr1982,avaConv,offshore
hr,h1978,0.06615505020504676,scr1982,avaConv,offshore
hr,h1979,0.04902752287157259,scr1982,avaConv,offshore
hr,h1980,0.027913412291467796,scr1982,avaConv,offshore
hr,h1981,0.01255354970092049,scr1982,avaConv,offshore
hr,h1982,0.007993568615934102,scr1982,avaConv,offshore
hr,h1983,0.023719977101734846,scr1982,avaConv,offshore
hr,h1984,0.07176813549312486,scr1982,avaConv,offshore
hr,h1985,0.1761756713765696,scr1982,avaConv,offshore
hr,h1986,0.32178399271953745,scr1982,avaConv,offshore
hr,h1987,0.4687317115309862,scr1982,avaConv,offshore
hr,h1988,0.5527717313995125,scr1982,avaConv,offshore
hr,h1989,0.5578014884398923,scr1982,avaConv,offshore
hr,h1990,0.4904196769834528,scr1982,avaConv,offshore
hr,h1991,0.35933066352608684,scr1982,avaConv,offshore
hr,h1992,0.22844209736390614,scr1982,avaConv,offshore
hr,h1993,0.1354130257261712,scr1982,avaConv,offshore
hr,h1994,0.09016160416953714,scr1982,avaConv,offshore
hr,h1995,0.06075396934245957,scr1982,avaConv,offshore
hr,h1996,0.03422555871764627,scr1982,avaConv,offshore
hr,h1997,0.0162626147383771,scr1982,avaConv,offshore
hr,h1998,0.006472488999209395,scr1982,avaConv,offshore
hr,h1999,0.0024270068451092055,scr1982,avaConv,offshore
hr,h2000,0.000982458037215203,scr1982,avaConv,offshore
hr,h2001,0.0003864351200030234,scr1982,avaConv,offshore
hr,h2002,0.0001222507927301676,scr1982,avaConv,offshore
hr,h2003,0.0,scr1982,avaConv,offshore
hr,h2004,0.0,scr1982,avaConv,offshore
hr,h2005,0.00010415874903385334,scr1982,avaConv,offshore
hr,h2006,0.00046294758431480337,scr1982,avaConv,offshore
hr,h2007,0.0009861701537148113,scr1982,avaConv,offshore
hr,h2008,0.0020388090299537274,scr1982,avaConv,offshore
hr,h2009,0.0024315879634832518,scr1982,avaConv,offshore
hr,h2010,0.002657768113222549,scr1982,avaConv,offshore
hr,h2011,0.002465431368588307,scr1982,avaConv,offshore
hr,h2012,0.0023845902402674186,scr1982,avaConv,offshore
hr,h2013,0.001611749270066613,scr1982,avaConv,offshore
hr,h2014,0.0005921868742265007,scr1982,avaConv,offshore
hr,h2015,0.00016787239381026354,scr1982,avaConv,offshore
hr,h2016,0.0002556597273645876,scr1982,avaConv,offshore
hr,h2017,0.00029808442838962927,scr1982,avaConv,offshore
hr,h2018,0.0017942057551485096,scr1982,avaConv,offshore
hr,h2019,0.012580088404053483,scr1982,avaConv,offshore
hr,h2020,0.037736110757035216,scr1982,avaConv,offshore
hr,h2021,0.06071273353941114,scr1982,avaConv,offshore
hr,h2022,0.06783424134946767,scr1982,avaConv,offshore
hr,h2023,0.058440262690668696,scr1982,avaConv,offshore
hr,h2024,0.04763274889628922,scr1982,avaConv,offshore
hr,h2025,0.036075972050635625,scr1982,avaConv,offshore
hr,h2026,0.024072260606093302,scr1982,avaConv,offshore
hr,h2027,0.01521880041079946,scr1982,avaConv,offshore
hr,h2028,0.009230851849215387,scr1982,avaConv,offshore
hr,h2029,0.00660127489948111,scr1982,avaConv,offshore
hr,h2030,0.007033474848228201,scr1982,avaConv,offshore
hr,h2031,0.011838498523328276,scr1982,avaConv,offshore
hr,h2032,0.016897247145170536,scr1982,avaConv,offshore
hr,h2033,0.021106326517534118,scr1982,avaConv,offshore
hr,h2034,0.02346892017605453,scr1982,avaConv,offshore
hr,h2035,0.02546487062108439,scr1982,avaConv,offshore
hr,h2036,0.026633264630145984,scr1982,avaConv,offshore
hr,h2037,0.0264209580828174,scr1982,avaConv,offshore
hr,h2038,0.027459603840103434,scr1982,avaConv,offshore
hr,h2039,0.027006672433684577,scr1982,avaConv,offshore
hr,h2040,0.028015528202283205,scr1982,avaConv,offshore
hr,h2041,0.03384078601030215,scr1982,avaConv,offshore
hr,h2042,0.03958969851961076,scr1982,avaConv,offshore
hr,h2043,0.04315671551202579,scr1982,avaConv,offshore
hr,h2044,0.04109001168038549,scr1982,avaConv,offshore
hr,h2045,0.036150622510193534,scr1982,avaConv,offshore
hr,h2046,0.031582277675708946,scr1982,avaConv,offshore
hr,h2047,0.027686842659157086,scr1982,avaConv,offshore
hr,h2048,0.02570785036480241,scr1982,avaConv,offshore
hr,h2049,0.019768172789029186,scr1982,avaConv,offshore
hr,h2050,0.010794095805263715,scr1982,avaConv,offshore
hr,h2051,0.003481358029638498,scr1982,avaConv,offshore
hr,h2052,0.0006043902303074421,scr1982,avaConv,offshore
hr,h2053,0.0,scr1982,avaConv,offshore
hr,h2054,0.00015788703246498898,scr1982,avaConv,offshore
hr,h2055,0.0008762463787290233,scr1982,avaConv,offshore
hr,h2056,0.003491597528792037,scr1982,avaConv,offshore
hr,h2057,0.009420342612437578,scr1982,avaConv,offshore
hr,h2058,0.016499235640197823,scr1982,avaConv,offshore
hr,h2059,0.026743158782222578,scr1982,avaConv,offshore
hr,h2060,0.041880326530774406,scr1982,avaConv,offshore
hr,h2061,0.061668369459428045,scr1982,avaConv,offshore
hr,h2062,0.07999443843883872,scr1982,avaConv,offshore
hr,h2063,0.09158918513200438,scr1982,avaConv,offshore
hr,h2064,0.09491613169892527,scr1982,avaConv,offshore
hr,h2065,0.09616234347875838,scr1982,avaConv,offshore
hr,h2066,0.09708606365665724,scr1982,avaConv,offshore
hr,h2067,0.10524606901217472,scr1982,avaConv,offshore
hr,h2068,0.11639629265075582,scr1982,avaConv,offshore
hr,h2069,0.13006338349326133,scr1982,avaConv,offshore
hr,h2070,0.14514168114212217,scr1982,avaConv,offshore
hr,h2071,0.17044732907841786,scr1982,avaConv,offshore
hr,h2072,0.18814072807260346,scr1982,avaConv,offshore
hr,h2073,0.18366833200731053,scr1982,avaConv,offshore
hr,h2074,0.14462739112907325,scr1982,avaConv,offshore
hr,h2075,0.0910189277743808,scr1982,avaConv,offshore
hr,h2076,0.04377591884242733,scr1982,avaConv,offshore
hr,h2077,0.01440842499307965,scr1982,avaConv,offshore
hr,h2078,0.0030280395764675154,scr1982,avaConv,offshore
hr,h2079,0.0025790167557506157,scr1982,avaConv,offshore
hr,h2080,0.012567651543471402,scr1982,avaConv,offshore
hr,h2081,0.044561227014754984,scr1982,avaConv,offshore
hr,h2082,0.1008099473984288,scr1982,avaConv,offshore
hr,h2083,0.1543608939353192,scr1982,avaConv,offshore
hr,h2084,0.18883249950001438,scr1982,avaConv,offshore
hr,h2085,0.20429124917215807,scr1982,avaConv,offshore
hr,h2086,0.21580110293516944,scr1982,avaConv,offshore
hr,h2087,0.21328664371752434,scr1982,avaConv,offshore
hr,h2088,0.1867275211359251,scr1982,avaConv,offshore
hr,h2089,0.14874746705959482,scr1982,avaConv,offshore
hr,h2090,0.11277753928905239,scr1982,avaConv,offshore
hr,h2091,0.08680206561260652,scr1982,avaConv,offshore
hr,h2092,0.06811716037359894,scr1982,avaConv,offshore
hr,h2093,0.056514993191588946,scr1982,avaConv,offshore
hr,h2094,0.05183066019140839,scr1982,avaConv,offshore
hr,h2095,0.04775574002418695,scr1982,avaConv,offshore
hr,h2096,0.0389394505290398,scr1982,avaConv,offshore
hr,h2097,0.025989273444534222,scr1982,avaConv,offshore
hr,h2098,0.013226221215845432,scr1982,avaConv,offshore
hr,h2099,0.005361293457454495,scr1982,avaConv,offshore
hr,h2100,0.0013669778037574748,scr1982,avaConv,offshore
hr,h2101,0.00028510763914229214,scr1982,avaConv,offshore
hr,h2102,0.0006969889513273252,scr1982,avaConv,offshore
hr,h2103,0.0030564265560601286,scr1982,avaConv,offshore
hr,h2104,0.00833770728045092,scr1982,avaConv,offshore
hr,h2105,0.019767232980904333,scr1982,avaConv,offshore
hr,h2106,0.04138001564903136,scr1982,avaConv,offshore
hr,h2107,0.06679185987935905,scr1982,avaConv,offshore
hr,h2108,0.08688752826443163,scr1982,avaConv,offshore
hr,h2109,0.09673829885012883,scr1982,avaConv,offshore
hr,h2110,0.10114087320201331,scr1982,avaConv,offshore
hr,h2111,0.10501063852287501,scr1982,avaConv,offshore
hr,h2112,0.10775704242237803,scr1982,avaConv,offshore
hr,h2113,0.10462658962669558,scr1982,avaConv,offshore
hr,h2114,0.0920219212098703,scr1982,avaConv,offshore
hr,h2115,0.07061204854792429,scr1982,avaConv,offshore
hr,h2116,0.05066943576269731,scr1982,avaConv,offshore
hr,h2117,0.03704908705640628,scr1982,avaConv,offshore
hr,h2118,0.02947996460794787,scr1982,avaConv,offshore
hr,h2119,0.025609561256024805,scr1982,avaConv,offshore
hr,h2120,0.021810860974480307,scr1982,avaConv,offshore
hr,h2121,0.01710525924564375,scr1982,avaConv,offshore
hr,h2122,0.01143574514621386,scr1982,avaConv,offshore
hr,h2123,0.006454447958520188,scr1982,avaConv,offshore
hr,h2124,0.003142648833570749,scr1982,avaConv,offshore
hr,h2125,0.0013364957913132055,scr1982,avaConv,offshore
hr,h2126,0.0005501258653363784,scr1982,avaConv,offshore
hr,h2127,0.00041871108815260766,scr1982,avaConv,offshore
hr,h2128,0.0010419824723110337,scr1982,avaConv,offshore
hr,h2129,0.0037836249507089436,scr1982,avaConv,offshore
hr,h2130,0.01037253484528182,scr1982,avaConv,offshore
hr,h2131,0.019598367862065088,scr1982,avaConv,offshore
hr,h2132,0.02629980796261866,scr1982,avaConv,offshore
hr,h2133,0.025693692455242383,scr1982,avaConv,offshore
hr,h2134,0.020040918286362258,scr1982,avaConv,offshore
hr,h2135,0.01500371565369794,scr1982,avaConv,offshore
hr,h2136,0.01338572791521789,scr1982,avaConv,offshore
hr,h2137,0.013138190131450811,scr1982,avaConv,offshore
hr,h2138,0.012716292410841002,scr1982,avaConv,offshore
hr,h2139,0.010957790933540778,scr1982,avaConv,offshore
hr,h2140,0.00973013389973162,scr1982,avaConv,offshore
hr,h2141,0.009648654941831158,scr1982,avaConv,offshore
hr,h2142,0.011900800153817583,scr1982,avaConv,offshore
hr,h2143,0.014019986647333805,scr1982,avaConv,offshore
hr,h2144,0.01476066927211085,scr1982,avaConv,offshore
hr,h2145,0.01361210021436632,scr1982,avaConv,offshore
hr,h2146,0.012086178512842972,scr1982,avaConv,offshore
hr,h2147,0.007892015005605714,scr1982,avaConv,offshore
hr,h2148,0.0038109953305570836,scr1982,avaConv,offshore
hr,h2149,0.0007743761533273893,scr1982,avaConv,offshore
hr,h2150,0.00019896007198491944,scr1982,avaConv,offshore
hr,h2151,0.0,scr1982,avaConv,offshore
hr,h2152,0.0,scr1982,avaConv,offshore
hr,h2153,0.0,scr1982,avaConv,offshore
hr,h2154,0.0,scr1982,avaConv,offshore
hr,h2155,0.0,scr1982,avaConv,offshore
hr,h2156,0.0001563763377351046,scr1982,avaConv,offshore
hr,h2157,0.0003749721603704045,scr1982,avaConv,offshore
hr,h2158,0.0004363534834350129,scr1982,avaConv,offshore
hr,h2159,0.0002983908856160644,scr1982,avaConv,offshore
hr,h2160,0.0,scr1982,avaConv,offshore
ie,h1441,0.813651872181283,scr1982,avaConv,offshore
ie,h1442,0.8199334831137356,scr1982,avaConv,offshore
ie,h1443,0.8212390228190832,scr1982,avaConv,offshore
ie,h1444,0.8291279798715581,scr1982,avaConv,offshore
ie,h1445,0.8523421560712965,scr1982,avaConv,offshore
ie,h1446,0.887544502122414,scr1982,avaConv,offshore
ie,h1447,0.9207311827239931,scr1982,avaConv,offshore
ie,h1448,0.9394281563124798,scr1982,avaConv,offshore
ie,h1449,0.9469458216615579,scr1982,avaConv,offshore
ie,h1450,0.949102575343567,scr1982,avaConv,offshore
ie,h1451,0.9497536259150575,scr1982,avaConv,offshore
ie,h1452,0.9499458203177189,scr1982,avaConv,offshore
ie,h1453,0.9499794441274296,scr1982,avaConv,offshore
ie,h1454,0.9499823972376548,scr1982,avaConv,offshore
ie,h1455,0.9499894522996116,scr1982,avaConv,offshore
ie,h1456,0.9499884810072546,scr1982,avaConv,offshore
ie,h1457,0.9499841699572391,scr1982,avaConv,offshore
ie,h1458,0.9499712129166876,scr1982,avaConv,offshore
ie,h1459,0.949945499456696,scr1982,avaConv,offshore
ie,h1460,0.9498878354306859,scr1982,avaConv,offshore
ie,h1461,0.9497396482693368,scr1982,avaConv,offshore
ie,h1462,0.9494630610504873,scr1982,avaConv,offshore
ie,h1463,0.9484404838852772,scr1982,avaConv,offshore
ie,h1464,0.9453870987816384,scr1982,avaConv,offshore
ie,h1465,0.938887223816211,scr1982,avaConv,offshore
ie,h1466,0.9289669413902534,scr1982,avaConv,offshore
ie,h1467,0.9169348306079248,scr1982,avaConv,offshore
ie,h1468,0.9041075824947686,scr1982,avaConv,offshore
ie,h1469,0.8901941600704998,scr1982,avaConv,offshore
ie,h1470,0.8754611063224096,scr1982,avaConv,offshore
ie,h1471,0.8600110420727276,scr1982,avaConv,offshore
ie,h1472,0.8430247499398623,scr1982,avaConv,offshore
ie,h1473,0.8247091879884547,scr1982,avaConv,offshore
ie,h1474,0.7958504801763542,scr1982,avaConv,offshore
ie,h1475,0.7675811401069192,scr1982,avaConv,offshore
ie,h1476,0.7179388953296796,scr1982,avaConv,offshore
ie,h1477,0.6582077689787444,scr1982,avaConv,offshore
ie,h1478,0.586831553787048,scr1982,avaConv,offshore
ie,h1479,0.5357344681429237,scr1982,avaConv,offshore
ie,h1480,0.517538210960283,scr1982,avaConv,offshore
ie,h1481,0.5131339178955556,scr1982,avaConv,offshore
ie,h1482,0.5023513834697513,scr1982,avaConv,offshore
ie,h1483,0.45914114617522245,scr1982,avaConv,offshore
ie,h1484,0.3957862130352159,scr1982,avaConv,offshore
ie,h1485,0.3323622778505074,scr1982,avaConv,offshore
ie,h1486,0.28768761961093736,scr1982,avaConv,offshore
ie,h1487,0.26877973480660194,scr1982,avaConv,offshore
ie,h1488,0.2610698045789213,scr1982,avaConv,offshore
ie,h1489,0.26118701859252796,scr1982,avaConv,offshore
ie,h1490,0.2631645145786828,scr1982,avaConv,offshore
ie,h1491,0.27084449548505735,scr1982,avaConv,offshore
ie,h1492,0.27888727593691665,scr1982,avaConv,offshore
ie,h1493,0.2918429105002537,scr1982,avaConv,offshore
ie,h1494,0.3135244775439109,scr1982,avaConv,offshore
ie,h1495,0.3535843362372524,scr1982,avaConv,offshore
ie,h1496,0.4074696392568799,scr1982,avaConv,offshore
ie,h1497,0.47173029954312823,scr1982,avaConv,offshore
ie,h1498,0.5294120998014552,scr1982,avaConv,offshore
ie,h1499,0.5683604470088951,scr1982,avaConv,offshore
ie,h1500,0.6065555364976147,scr1982,avaConv,offshore
ie,h1501,0.6355565632332162,scr1982,avaConv,offshore
ie,h1502,0.6552234162648022,scr1982,avaConv,offshore
ie,h1503,0.6672747589726924,scr1982,avaConv,offshore
ie,h1504,0.6750261171781601,scr1982,avaConv,offshore
ie,h1505,0.6795650991990121,scr1982,avaConv,offshore
ie,h1506,0.659199176923049,scr1982,avaConv,offshore
ie,h1507,0.6230700222065647,scr1982,avaConv,offshore
ie,h1508,0.5857382530017984,scr1982,avaConv,offshore
ie,h1509,0.532649807056858,scr1982,avaConv,offshore
ie,h1510,0.46140748518748465,scr1982,avaConv,offshore
ie,h1511,0.3746070114912511,scr1982,avaConv,offshore
ie,h1512,0.3070595887377194,scr1982,avaConv,offshore
ie,h1513,0.26678995840171643,scr1982,avaConv,offshore
ie,h1514,0.25170366771243274,scr1982,avaConv,offshore
ie,h1515,0.26654805606871007,scr1982,avaConv,offshore
ie,h1516,0.30813605649293246,scr1982,avaConv,offshore
ie,h1517,0.372309352184473,scr1982,avaConv,offshore
ie,h1518,0.4344060679321031,scr1982,avaConv,offshore
ie,h1519,0.4630958931613555,scr1982,avaConv,offshore
ie,h1520,0.4429766618895513,scr1982,avaConv,offshore
ie,h1521,0.37382142645686933,scr1982,avaConv,offshore
ie,h1522,0.299155404563589,scr1982,avaConv,offshore
ie,h1523,0.2858708332940926,scr1982,avaConv,offshore
ie,h1524,0.3472609284012014,scr1982,avaConv,offshore
ie,h1525,0.47312473637943775,scr1982,avaConv,offshore
ie,h1526,0.5973116007794318,scr1982,avaConv,offshore
ie,h1527,0.6848335975142188,scr1982,avaConv,offshore
ie,h1528,0.7242286801532533,scr1982,avaConv,offshore
ie,h1529,0.7097604859250919,scr1982,avaConv,offshore
ie,h1530,0.6573224385832943,scr1982,avaConv,offshore
ie,h1531,0.5862785872683426,scr1982,avaConv,offshore
ie,h1532,0.5095626191400423,scr1982,avaConv,offshore
ie,h1533,0.44752617056724203,scr1982,avaConv,offshore
ie,h1534,0.39007716902257206,scr1982,avaConv,offshore
ie,h1535,0.31452495631325555,scr1982,avaConv,offshore
ie,h1536,0.23592964478186226,scr1982,avaConv,offshore
ie,h1537,0.162272959847505,scr1982,avaConv,offshore
ie,h1538,0.11906484815782706,scr1982,avaConv,offshore
ie,h1539,0.08298578288032046,scr1982,avaConv,offshore
ie,h1540,0.05375418987778801,scr1982,avaConv,offshore
ie,h1541,0.033785440853548565,scr1982,avaConv,offshore
ie,h1542,0.020237035854169947,scr1982,avaConv,offshore
ie,h1543,0.010635845531749953,scr1982,avaConv,offshore
ie,h1544,0.004496650831024267,scr1982,avaConv,offshore
ie,h1545,0.0012130396969217375,scr1982,avaConv,offshore
ie,h1546,0.00024792654971239077,scr1982,avaConv,offshore
ie,h1547,0.0,scr1982,avaConv,offshore
ie,h1548,0.0,scr1982,avaConv,offshore
ie,h1549,0.0,scr1982,avaConv,offshore
ie,h1550,0.0,scr1982,avaConv,offshore
ie,h1551,0.0,scr1982,avaConv,offshore
ie,h1552,0.0,scr1982,avaConv,offshore
ie,h1553,0.0,scr1982,avaConv,offshore
ie,h1554,0.0,scr1982,avaConv,offshore
ie,h1555,0.00011039145608808781,scr1982,avaConv,offshore
ie,h1556,0.00018124606678016436,scr1982,avaConv,offshore
ie,h1557,0.0004639698188836121,scr1982,avaConv,offshore
ie,h1558,0.0008430305345018356,scr1982,avaConv,offshore
ie,h1559,0.0015821884733004717,scr1982,avaConv,offshore
ie,h1560,0.0027444986670998096,scr1982,avaConv,offshore
ie,h1561,0.004352960113935561,scr1982,avaConv,offshore
ie,h1562,0.006072327345783608,scr1982,avaConv,offshore
ie,h1563,0.0075461284746132255,scr1982,avaConv,offshore
ie,h1564,0.007675956044482043,scr1982,avaConv,offshore
ie,h1565,0.006653427749640555,scr1982,avaConv,offshore
ie,h1566,0.005402928625626118,scr1982,avaConv,offshore
ie,h1567,0.0051747389596110745,scr1982,avaConv,offshore
ie,h1568,0.006030439687829394,scr1982,avaConv,offshore
ie,h1569,0.0065879953282372864,scr1982,avaConv,offshore
ie,h1570,0.00692647765097375,scr1982,avaConv,offshore
ie,h1571,0.007038362408494205,scr1982,avaConv,offshore
ie,h1572,0.009231657095556001,scr1982,avaConv,offshore
ie,h1573,0.01597839685561599,scr1982,avaConv,offshore
ie,h1574,0.02961144828176156,scr1982,avaConv,offshore
ie,h1575,0.045399729902820325,scr1982,avaConv,offshore
ie,h1576,0.06167211928016315,scr1982,avaConv,offshore
ie,h1577,0.07939673215515924,scr1982,avaConv,offshore
ie,h1578,0.10416100508623082,scr1982,avaConv,offshore
ie,h1579,0.13169764568006087,scr1982,avaConv,offshore
ie,h1580,0.15761483699227513,scr1982,avaConv,offshore
ie,h1581,0.17993036579269142,scr1982,avaConv,offshore
ie,h1582,0.20505260490462393,scr1982,avaConv,offshore
ie,h1583,0.2181727538715931,scr1982,avaConv,offshore
ie,h1584,0.23167018174984358,scr1982,avaConv,offshore
ie,h1585,0.23978183413908757,scr1982,avaConv,offshore
ie,h1586,0.2531979289856817,scr1982,avaConv,offshore
ie,h1587,0.2540417645994527,scr1982,avaConv,offshore
ie,h1588,0.2410912428922471,scr1982,avaConv,offshore
ie,h1589,0.22381311610194973,scr1982,avaConv,offshore
ie,h1590,0.21318433747212412,scr1982,avaConv,offshore
ie,h1591,0.21196201569081852,scr1982,avaConv,offshore
ie,h1592,0.21574999991520252,scr1982,avaConv,offshore
ie,h1593,0.2219810857951452,scr1982,avaConv,offshore
ie,h1594,0.22828404571977803,scr1982,avaConv,offshore
ie,h1595,0.21727847712942167,scr1982,avaConv,offshore
ie,h1596,0.19873376553528752,scr1982,avaConv,offshore
ie,h1597,0.1804987339633725,scr1982,avaConv,offshore
ie,h1598,0.17749813939835965,scr1982,avaConv,offshore
ie,h1599,0.17415165637926794,scr1982,avaConv,offshore
ie,h1600,0.15672832629926753,scr1982,avaConv,offshore
ie,h1601,0.1302550237303669,scr1982,avaConv,offshore
ie,h1602,0.11167365282826794,scr1982,avaConv,offshore
ie,h1603,0.11754420562266098,scr1982,avaConv,offshore
ie,h1604,0.14237316417039386,scr1982,avaConv,offshore
ie,h1605,0.16371186120328884,scr1982,avaConv,offshore
ie,h1606,0.17033404157414428,scr1982,avaConv,offshore
ie,h1607,0.16171616984591225,scr1982,avaConv,offshore
ie,h1608,0.14908543322026602,scr1982,avaConv,offshore
ie,h1609,0.14795465654294443,scr1982,avaConv,offshore
ie,h1610,0.15855685450190837,scr1982,avaConv,offshore
ie,h1611,0.16731796235474905,scr1982,avaConv,offshore
ie,h1612,0.151683310300674,scr1982,avaConv,offshore
ie,h1613,0.11770775651939164,scr1982,avaConv,offshore
ie,h1614,0.08092684555569678,scr1982,avaConv,offshore
ie,h1615,0.05829109448867949,scr1982,avaConv,offshore
ie,h1616,0.053054435598712625,scr1982,avaConv,offshore
ie,h1617,0.05457203963353072,scr1982,avaConv,offshore
ie,h1618,0.0500755583069962,scr1982,avaConv,offshore
ie,h1619,0.03179316581783475,scr1982,avaConv,offshore
ie,h1620,0.01443567147966071,scr1982,avaConv,offshore
ie,h1621,0.004033448121562928,scr1982,avaConv,offshore
ie,h1622,0.00182294649888471,scr1982,avaConv,offshore
ie,h1623,0.002168270164258982,scr1982,avaConv,offshore
ie,h1624,0.007397786252408082,scr1982,avaConv,offshore
ie,h1625,0.024968726212789272,scr1982,avaConv,offshore
ie,h1626,0.05844613474253904,scr1982,avaConv,offshore
ie,h1627,0.09475856359270567,scr1982,avaConv,offshore
ie,h1628,0.12050531982932107,scr1982,avaConv,offshore
ie,h1629,0.13016517893694804,scr1982,avaConv,offshore
ie,h1630,0.12713288748281254,scr1982,avaConv,offshore
ie,h1631,0.10943925530025032,scr1982,avaConv,offshore
ie,h1632,0.09087217113854412,scr1982,avaConv,offshore
ie,h1633,0.07933349796357186,scr1982,avaConv,offshore
ie,h1634,0.07717938567344348,scr1982,avaConv,offshore
ie,h1635,0.0681439337645695,scr1982,avaConv,offshore
ie,h1636,0.0525391419763167,scr1982,avaConv,offshore
ie,h1637,0.045624399284770384,scr1982,avaConv,offshore
ie,h1638,0.05178374729838838,scr1982,avaConv,offshore
ie,h1639,0.062146675092147705,scr1982,avaConv,offshore
ie,h1640,0.06657751618571714,scr1982,avaConv,offshore
ie,h1641,0.06223628529271149,scr1982,avaConv,offshore
ie,h1642,0.0568784467796554,scr1982,avaConv,offshore
ie,h1643,0.04484293675084461,scr1982,avaConv,offshore
ie,h1644,0.03281029849278529,scr1982,avaConv,offshore
ie,h1645,0.024976407252907264,scr1982,avaConv,offshore
ie,h1646,0.02706681337425755,scr1982,avaConv,offshore
ie,h1647,0.035387896013577745,scr1982,avaConv,offshore
ie,h1648,0.049428712546527274,scr1982,avaConv,offshore
ie,h1649,0.07353655881775167,scr1982,avaConv,offshore
ie,h1650,0.10120193619401714,scr1982,avaConv,offshore
ie,h1651,0.12866284884204912,scr1982,avaConv,offshore
ie,h1652,0.145464592025626,scr1982,avaConv,offshore
ie,h1653,0.1550983200926281,scr1982,avaConv,offshore
ie,h1654,0.1585895160326398,scr1982,avaConv,offshore
ie,h1655,0.14919014455226406,scr1982,avaConv,offshore
ie,h1656,0.14625997666422816,scr1982,avaConv,offshore
ie,h1657,0.1546959117893687,scr1982,avaConv,offshore
ie,h1658,0.19194962391868722,scr1982,avaConv,offshore
ie,h1659,0.24154638150363975,scr1982,avaConv,offshore
ie,h1660,0.2912820188799866,scr1982,avaConv,offshore
ie,h1661,0.3274485460848815,scr1982,avaConv,offshore
ie,h1662,0.3458731796425622,scr1982,avaConv,offshore
ie,h1663,0.3479235250134554,scr1982,avaConv,offshore
ie,h1664,0.3354480665133462,scr1982,avaConv,offshore
ie,h1665,0.3109888268634858,scr1982,avaConv,offshore
ie,h1666,0.28699006217954637,scr1982,avaConv,offshore
ie,h1667,0.29876559204956765,scr1982,avaConv,offshore
ie,h1668,0.345834182703655,scr1982,avaConv,offshore
ie,h1669,0.4106921618205928,scr1982,avaConv,offshore
ie,h1670,0.4503777554422021,scr1982,avaConv,offshore
ie,h1671,0.47065450145392246,scr1982,avaConv,offshore
ie,h1672,0.48931534623551215,scr1982,avaConv,offshore
ie,h1673,0.5107790431125803,scr1982,avaConv,offshore
ie,h1674,0.5120491329437762,scr1982,avaConv,offshore
ie,h1675,0.4749951244287386,scr1982,avaConv,offshore
ie,h1676,0.40975558421028446,scr1982,avaConv,offshore
ie,h1677,0.34215871018045696,scr1982,avaConv,offshore
ie,h1678,0.28473345416442536,scr1982,avaConv,offshore
ie,h1679,0.2505996396104872,scr1982,avaConv,offshore
ie,h1680,0.22848141562880636,scr1982,avaConv,offshore
ie,h1681,0.16857641400327927,scr1982,avaConv,offshore
ie,h1682,0.11750758211488156,scr1982,avaConv,offshore
ie,h1683,0.07377756278641864,scr1982,avaConv,offshore
ie,h1684,0.08049694885245946,scr1982,avaConv,offshore
ie,h1685,0.08145218135431798,scr1982,avaConv,offshore
ie,h1686,0.08313401549477635,scr1982,avaConv,offshore
ie,h1687,0.08331500335103718,scr1982,avaConv,offshore
ie,h1688,0.08142481184564297,scr1982,avaConv,offshore
ie,h1689,0.07400781989449282,scr1982,avaConv,offshore
ie,h1690,0.06201872251738704,scr1982,avaConv,offshore
ie,h1691,0.03831325813950085,scr1982,avaConv,offshore
ie,h1692,0.01820772997801173,scr1982,avaConv,offshore
ie,h1693,0.0050387816607811945,scr1982,avaConv,offshore
ie,h1694,0.00431261339060764,scr1982,avaConv,offshore
ie,h1695,0.004030024076744697,scr1982,avaConv,offshore
ie,h1696,0.0027732219091423176,scr1982,avaConv,offshore
ie,h1697,0.001020175090817702,scr1982,avaConv,offshore
ie,h1698,0.0005097460444383991,scr1982,avaConv,offshore
ie,h1699,0.0026625378892376214,scr1982,avaConv,offshore
ie,h1700,0.01060115439210372,scr1982,avaConv,offshore
ie,h1701,0.03164805062121671,scr1982,avaConv,offshore
ie,h1702,0.07173569377221477,scr1982,avaConv,offshore
ie,h1703,0.09531749331187712,scr1982,avaConv,offshore
ie,h1704,0.10588348183085086,scr1982,avaConv,offshore
ie,h1705,0.0940212748175328,scr1982,avaConv,offshore
ie,h1706,0.09022850803244943,scr1982,avaConv,offshore
ie,h1707,0.08184509309283153,scr1982,avaConv,offshore
ie,h1708,0.07000279359855294,scr1982,avaConv,offshore
ie,h1709,0.05986810911198578,scr1982,avaConv,offshore
ie,h1710,0.05307418119937748,scr1982,avaConv,offshore
ie,h1711,0.05225687604678601,scr1982,avaConv,offshore
ie,h1712,0.05133568101787066,scr1982,avaConv,offshore
ie,h1713,0.051059524802585354,scr1982,avaConv,offshore
ie,h1714,0.051590433446998145,scr1982,avaConv,offshore
ie,h1715,0.045586478459418926,scr1982,avaConv,offshore
ie,h1716,0.03864688006716695,scr1982,avaConv,offshore
ie,h1717,0.02947921005119284,scr1982,avaConv,offshore
ie,h1718,0.027406846263877967,scr1982,avaConv,offshore
ie,h1719,0.0272223865318825,scr1982,avaConv,offshore
ie,h1720,0.03063887668649273,scr1982,avaConv,offshore
ie,h1721,0.0410588854298865,scr1982,avaConv,offshore
ie,h1722,0.056666159723490345,scr1982,avaConv,offshore
ie,h1723,0.07637200233221536,scr1982,avaConv,offshore
ie,h1724,0.09801730176645104,scr1982,avaConv,offshore
ie,h1725,0.12122260822987722,scr1982,avaConv,offshore
ie,h1726,0.140058449647456,scr1982,avaConv,offshore
ie,h1727,0.12904746677793014,scr1982,avaConv,offshore
ie,h1728,0.09882618017200331,scr1982,avaConv,offshore
ie,h1729,0.06175986922643516,scr1982,avaConv,offshore
ie,h1730,0.042501532963927134,scr1982,avaConv,offshore
ie,h1731,0.031081169519214025,scr1982,avaConv,offshore
ie,h1732,0.02308863025766477,scr1982,avaConv,offshore
ie,h1733,0.0194384097184345,scr1982,avaConv,offshore
ie,h1734,0.01844308993551629,scr1982,avaConv,offshore
ie,h1735,0.01692939873917979,scr1982,avaConv,offshore
ie,h1736,0.012376454201996328,scr1982,avaConv,offshore
ie,h1737,0.006988404337915891,scr1982,avaConv,offshore
ie,h1738,0.003491654488724491,scr1982,avaConv,offshore
ie,h1739,0.0023198068724437225,scr1982,avaConv,offshore
ie,h1740,0.002312371107808951,scr1982,avaConv,offshore
ie,h1741,0.001974951665518897,scr1982,avaConv,offshore
ie,h1742,0.0012946053029165242,scr1982,avaConv,offshore
ie,h1743,0.000843210422782637,scr1982,avaConv,offshore
ie,h1744,0.0027924529888565105,scr1982,avaConv,offshore
ie,h1745,0.010774214487855578,scr1982,avaConv,offshore
ie,h1746,0.023656594247700675,scr1982,avaConv,offshore
ie,h1747,0.03701801910070042,scr1982,avaConv,offshore
ie,h1748,0.04189301572586512,scr1982,avaConv,offshore
ie,h1749,0.037434973005606005,scr1982,avaConv,offshore
ie,h1750,0.026807086100652605,scr1982,avaConv,offshore
ie,h1751,0.014235139442367808,scr1982,avaConv,offshore
ie,h1752,0.005995218954303929,scr1982,avaConv,offshore
ie,h1753,0.0033221933988993326,scr1982,avaConv,offshore
ie,h1754,0.008797976432396248,scr1982,avaConv,offshore
ie,h1755,0.015719828086391302,scr1982,avaConv,offshore
ie,h1756,0.018582381512791055,scr1982,avaConv,offshore
ie,h1757,0.014514082215325687,scr1982,avaConv,offshore
ie,h1758,0.007868338503588517,scr1982,avaConv,offshore
ie,h1759,0.0030454978452797267,scr1982,avaConv,offshore
ie,h1760,0.0006485826648577819,scr1982,avaConv,offshore
ie,h1761,0.0,scr1982,avaConv,offshore
ie,h1762,0.0,scr1982,avaConv,offshore
ie,h1763,0.0,scr1982,avaConv,offshore
ie,h1764,0.0,scr1982,avaConv,offshore
ie,h1765,0.0002475323084856442,scr1982,avaConv,offshore
ie,h1766,0.0007531517643468761,scr1982,avaConv,offshore
ie,h1767,0.001193701251568662,scr1982,avaConv,offshore
ie,h1768,0.0011765982907743107,scr1982,avaConv,offshore
ie,h1769,0.0008076432811931972,scr1982,avaConv,offshore
ie,h1770,0.0003850753491065098,scr1982,avaConv,offshore
ie,h1771,0.00013042324021550125,scr1982,avaConv,offshore
ie,h1772,0.0,scr1982,avaConv,offshore
ie,h1773,0.0,scr1982,avaConv,offshore
ie,h1774,0.0002922676967901592,scr1982,avaConv,offshore
ie,h1775,0.0004126866323034476,scr1982,avaConv,offshore
ie,h1776,0.00046695480273327823,scr1982,avaConv,offshore
ie,h1777,0.0007692731217133967,scr1982,avaConv,offshore
ie,h1778,0.0017358767731164692,scr1982,avaConv,offshore
ie,h1779,0.0031612642583467862,scr1982,avaConv,offshore
ie,h1780,0.005239707306676528,scr1982,avaConv,offshore
ie,h1781,0.006934408999904488,scr1982,avaConv,offshore
ie,h1782,0.01181136777681895,scr1982,avaConv,offshore
ie,h1783,0.023495567308694825,scr1982,avaConv,offshore
ie,h1784,0.041337094240198345,scr1982,avaConv,offshore
ie,h1785,0.062002918456568176,scr1982,avaConv,offshore
ie,h1786,0.08064921046741182,scr1982,avaConv,offshore
ie,h1787,0.09635048945345633,scr1982,avaConv,offshore
ie,h1788,0.09941936099139936,scr1982,avaConv,offshore
ie,h1789,0.09301357245371923,scr1982,avaConv,offshore
ie,h1790,0.08975556326953456,scr1982,avaConv,offshore
ie,h1791,0.10330091745801881,scr1982,avaConv,offshore
ie,h1792,0.13481601213670946,scr1982,avaConv,offshore
ie,h1793,0.16432821006203013,scr1982,avaConv,offshore
ie,h1794,0.18569927719065893,scr1982,avaConv,offshore
ie,h1795,0.1854375341689319,scr1982,avaConv,offshore
ie,h1796,0.18501333007917511,scr1982,avaConv,offshore
ie,h1797,0.19166841663239334,scr1982,avaConv,offshore
ie,h1798,0.21452364999299509,scr1982,avaConv,offshore
ie,h1799,0.2711062543646799,scr1982,avaConv,offshore
ie,h1800,0.34158118010639366,scr1982,avaConv,offshore
ie,h1801,0.4516089199772923,scr1982,avaConv,offshore
ie,h1802,0.5685689684338264,scr1982,avaConv,offshore
ie,h1803,0.6700223058992536,scr1982,avaConv,offshore
ie,h1804,0.7016874951424643,scr1982,avaConv,offshore
ie,h1805,0.6663970347660788,scr1982,avaConv,offshore
ie,h1806,0.6039484723392967,scr1982,avaConv,offshore
ie,h1807,0.5507806840609302,scr1982,avaConv,offshore
ie,h1808,0.5243068109067764,scr1982,avaConv,offshore
ie,h1809,0.5252410691344624,scr1982,avaConv,offshore
ie,h1810,0.540393882737272,scr1982,avaConv,offshore
ie,h1811,0.5787989947418338,scr1982,avaConv,offshore
ie,h1812,0.5772612095369711,scr1982,avaConv,offshore
ie,h1813,0.5310682313606918,scr1982,avaConv,offshore
ie,h1814,0.4249164142939654,scr1982,avaConv,offshore
ie,h1815,0.32355249266850306,scr1982,avaConv,offshore
ie,h1816,0.2549881341415594,scr1982,avaConv,offshore
ie,h1817,0.22748363381480302,scr1982,avaConv,offshore
ie,h1818,0.2515367001112419,scr1982,avaConv,offshore
ie,h1819,0.32210579238130777,scr1982,avaConv,offshore
ie,h1820,0.41477072694750955,scr1982,avaConv,offshore
ie,h1821,0.5009559125478621,scr1982,avaConv,offshore
ie,h1822,0.562679156630383,scr1982,avaConv,offshore
ie,h1823,0.5800878728836271,scr1982,avaConv,offshore
ie,h1824,0.6290273687529739,scr1982,avaConv,offshore
ie,h1825,0.7046519122636626,scr1982,avaConv,offshore
ie,h1826,0.8098476749719927,scr1982,avaConv,offshore
ie,h1827,0.870553112758399,scr1982,avaConv,offshore
ie,h1828,0.8987733554212711,scr1982,avaConv,offshore
ie,h1829,0.9194513466477309,scr1982,avaConv,offshore
ie,h1830,0.9374468463245433,scr1982,avaConv,offshore
ie,h1831,0.9469544477020538,scr1982,avaConv,offshore
ie,h1832,0.9481753628692845,scr1982,avaConv,offshore
ie,h1833,0.9463735164177669,scr1982,avaConv,offshore
ie,h1834,0.9381654187350982,scr1982,avaConv,offshore
ie,h1835,0.9220652679400599,scr1982,avaConv,offshore
ie,h1836,0.8886808728723886,scr1982,avaConv,offshore
ie,h1837,0.8653931456072833,scr1982,avaConv,offshore
ie,h1838,0.8562899844302412,scr1982,avaConv,offshore
ie,h1839,0.8725738388348467,scr1982,avaConv,offshore
ie,h1840,0.889781382898969,scr1982,avaConv,offshore
ie,h1841,0.8989646429578079,scr1982,avaConv,offshore
ie,h1842,0.9000074464539259,scr1982,avaConv,offshore
ie,h1843,0.8900940191069948,scr1982,avaConv,offshore
ie,h1844,0.864801498295564,scr1982,avaConv,offshore
ie,h1845,0.8252543993340345,scr1982,avaConv,offshore
ie,h1846,0.767424758640479,scr1982,avaConv,offshore
ie,h1847,0.7017904731292195,scr1982,avaConv,offshore
ie,h1848,0.6368387448442407,scr1982,avaConv,offshore
ie,h1849,0.7176326864073224,scr1982,avaConv,offshore
ie,h1850,0.8248617822345873,scr1982,avaConv,offshore
ie,h1851,0.9484287141721244,scr1982,avaConv,offshore
ie,h1852,0.948033522432142,scr1982,avaConv,offshore
ie,h1853,0.9480389323920838,scr1982,avaConv,offshore
ie,h1854,0.9471645775211306,scr1982,avaConv,offshore
ie,h1855,0.9417729922290528,scr1982,avaConv,offshore
ie,h1856,0.9378341411301275,scr1982,avaConv,offshore
ie,h1857,0.9343739174202496,scr1982,avaConv,offshore
ie,h1858,0.9350068392218543,scr1982,avaConv,offshore
ie,h1859,0.9373296889519274,scr1982,avaConv,offshore
ie,h1860,0.9410328912409842,scr1982,avaConv,offshore
ie,h1861,0.9442631651040879,scr1982,avaConv,offshore
ie,h1862,0.9423868669760691,scr1982,avaConv,offshore
ie,h1863,0.9358099593625133,scr1982,avaConv,offshore
ie,h1864,0.9152165766031835,scr1982,avaConv,offshore
ie,h1865,0.8830033165601088,scr1982,avaConv,offshore
ie,h1866,0.8572160865845183,scr1982,avaConv,offshore
ie,h1867,0.8406925297371793,scr1982,avaConv,offshore
ie,h1868,0.8068169560236544,scr1982,avaConv,offshore
ie,h1869,0.7466011870526476,scr1982,avaConv,offshore
ie,h1870,0.6515157248198057,scr1982,avaConv,offshore
ie,h1871,0.5916680023528641,scr1982,avaConv,offshore
ie,h1872,0.5509811196786932,scr1982,avaConv,offshore
ie,h1873,0.5536998099949448,scr1982,avaConv,offshore
ie,h1874,0.5530624788224138,scr1982,avaConv,offshore
ie,h1875,0.5684956085753289,scr1982,avaConv,offshore
ie,h1876,0.5776758070170445,scr1982,avaConv,offshore
ie,h1877,0.6047659261118057,scr1982,avaConv,offshore
ie,h1878,0.6437162191849108,scr1982,avaConv,offshore
ie,h1879,0.6929375347893564,scr1982,avaConv,offshore
ie,h1880,0.715473098899799,scr1982,avaConv,offshore
ie,h1881,0.7394658056356992,scr1982,avaConv,offshore
ie,h1882,0.7932025692085294,scr1982,avaConv,offshore
ie,h1883,0.8610304125587227,scr1982,avaConv,offshore
ie,h1884,0.8988352835188502,scr1982,avaConv,offshore
ie,h1885,0.8951221191236876,scr1982,avaConv,offshore
ie,h1886,0.8964483849612981,scr1982,avaConv,offshore
ie,h1887,0.9133895009563118,scr1982,avaConv,offshore
ie,h1888,0.9361485370636309,scr1982,avaConv,offshore
ie,h1889,0.9480985897513342,scr1982,avaConv,offshore
ie,h1890,0.9496851997505898,scr1982,avaConv,offshore
ie,h1891,0.9498988436912744,scr1982,avaConv,offshore
ie,h1892,0.9480424941434882,scr1982,avaConv,offshore
ie,h1893,0.9315199852306789,scr1982,avaConv,offshore
ie,h1894,0.8975652307951307,scr1982,avaConv,offshore
ie,h1895,0.8039323624732186,scr1982,avaConv,offshore
ie,h1896,0.736131869941899,scr1982,avaConv,offshore
ie,h1897,0.7139981659524058,scr1982,avaConv,offshore
ie,h1898,0.7793013381881765,scr1982,avaConv,offshore
ie,h1899,0.847787061361412,scr1982,avaConv,offshore
ie,h1900,0.892395443050603,scr1982,avaConv,offshore
ie,h1901,0.9143088643774878,scr1982,avaConv,offshore
ie,h1902,0.9268251520418841,scr1982,avaConv,offshore
ie,h1903,0.9368485598772194,scr1982,avaConv,offshore
ie,h1904,0.943331086080912,scr1982,avaConv,offshore
ie,h1905,0.9460987664907899,scr1982,avaConv,offshore
ie,h1906,0.9474036207922865,scr1982,avaConv,offshore
ie,h1907,0.9486314770633265,scr1982,avaConv,offshore
ie,h1908,0.9494710781863888,scr1982,avaConv,offshore
ie,h1909,0.949685080748742,scr1982,avaConv,offshore
ie,h1910,0.9495754538332049,scr1982,avaConv,offshore
ie,h1911,0.9492402235682011,scr1982,avaConv,offshore
ie,h1912,0.9484329717537615,scr1982,avaConv,offshore
ie,h1913,0.9476749376397671,scr1982,avaConv,offshore
ie,h1914,0.9469284093396343,scr1982,avaConv,offshore
ie,h1915,0.9468061646443103,scr1982,avaConv,offshore
ie,h1916,0.9440320013546748,scr1982,avaConv,offshore
ie,h1917,0.9331921689412641,scr1982,avaConv,offshore
ie,h1918,0.907967143235414,scr1982,avaConv,offshore
ie,h1919,0.8996956694025829,scr1982,avaConv,offshore
ie,h1920,0.8922474428179337,scr1982,avaConv,offshore
ie,h1921,0.8849179497464448,scr1982,avaConv,offshore
ie,h1922,0.859685800190674,scr1982,avaConv,offshore
ie,h1923,0.8422044300623431,scr1982,avaConv,offshore
ie,h1924,0.8403347506338392,scr1982,avaConv,offshore
ie,h1925,0.8440711049822632,scr1982,avaConv,offshore
ie,h1926,0.8360490179553923,scr1982,avaConv,offshore
ie,h1927,0.8170510200501182,scr1982,avaConv,offshore
ie,h1928,0.781428910145725,scr1982,avaConv,offshore
ie,h1929,0.741168625160471,scr1982,avaConv,offshore
ie,h1930,0.6828018024606276,scr1982,avaConv,offshore
ie,h1931,0.5706802594516148,scr1982,avaConv,offshore
ie,h1932,0.4504698920676928,scr1982,avaConv,offshore
ie,h1933,0.3587897167157759,scr1982,avaConv,offshore
ie,h1934,0.3529841371114424,scr1982,avaConv,offshore
ie,h1935,0.40148866999268484,scr1982,avaConv,offshore
ie,h1936,0.4581923164050048,scr1982,avaConv,offshore
ie,h1937,0.4874361930372481,scr1982,avaConv,offshore
ie,h1938,0.49319625613007956,scr1982,avaConv,offshore
ie,h1939,0.5226531414539419,scr1982,avaConv,offshore
ie,h1940,0.5669273696027952,scr1982,avaConv,offshore
ie,h1941,0.630220270918589,scr1982,avaConv,offshore
ie,h1942,0.6983934832172256,scr1982,avaConv,offshore
ie,h1943,0.7810791864050021,scr1982,avaConv,offshore
ie,h1944,0.8565509377112296,scr1982,avaConv,offshore
ie,h1945,0.9036537134263816,scr1982,avaConv,offshore
ie,h1946,0.9339067662313922,scr1982,avaConv,offshore
ie,h1947,0.9460411361635505,scr1982,avaConv,offshore
ie,h1948,0.949928540281931,scr1982,avaConv,offshore
ie,h1949,0.9499898413291472,scr1982,avaConv,offshore
ie,h1950,0.9499996290244668,scr1982,avaConv,offshore
ie,h1951,0.9499999999999996,scr1982,avaConv,offshore
ie,h1952,0.9499999999999996,scr1982,avaConv,offshore
ie,h1953,0.9499999999999996,scr1982,avaConv,offshore
ie,h1954,0.9499999999999996,scr1982,avaConv,offshore
ie,h1955,0.9499999999999996,scr1982,avaConv,offshore
ie,h1956,0.9499999999999996,scr1982,avaConv,offshore
ie,h1957,0.9499999999999996,scr1982,avaConv,offshore
ie,h1958,0.9499999999999996,scr1982,avaConv,offshore
ie,h1959,0.9499999999999996,scr1982,avaConv,offshore
ie,h1960,0.9499992750243876,scr1982,avaConv,offshore
ie,h1961,0.9499865680897845,scr1982,avaConv,offshore
ie,h1962,0.9499828649293687,scr1982,avaConv,offshore
ie,h1963,0.9499014015375782,scr1982,avaConv,offshore
ie,h1964,0.9488758876182224,scr1982,avaConv,offshore
ie,h1965,0.948000530180723,scr1982,avaConv,offshore
ie,h1966,0.945399347233558,scr1982,avaConv,offshore
ie,h1967,0.9435984142137445,scr1982,avaConv,offshore
ie,h1968,0.9415124083168067,scr1982,avaConv,offshore
ie,h1969,0.9426699875584046,scr1982,avaConv,offshore
ie,h1970,0.9448568849565061,scr1982,avaConv,offshore
ie,h1971,0.9472479304772142,scr1982,avaConv,offshore
ie,h1972,0.9481913324178426,scr1982,avaConv,offshore
ie,h1973,0.9484913213605104,scr1982,avaConv,offshore
ie,h1974,0.9488068977628309,scr1982,avaConv,offshore
ie,h1975,0.9491992352297902,scr1982,avaConv,offshore
ie,h1976,0.9494294642706071,scr1982,avaConv,offshore
ie,h1977,0.9494562980396419,scr1982,avaConv,offshore
ie,h1978,0.949577960100158,scr1982,avaConv,offshore
ie,h1979,0.949361309884347,scr1982,avaConv,offshore
ie,h1980,0.949146409782808,scr1982,avaConv,offshore
ie,h1981,0.948832705295039,scr1982,avaConv,offshore
ie,h1982,0.9481854681468695,scr1982,avaConv,offshore
ie,h1983,0.9470288215574675,scr1982,avaConv,offshore
ie,h1984,0.9443078047855828,scr1982,avaConv,offshore
ie,h1985,0.9400241307375267,scr1982,avaConv,offshore
ie,h1986,0.9330809682004315,scr1982,avaConv,offshore
ie,h1987,0.9258367390879879,scr1982,avaConv,offshore
ie,h1988,0.9167941800883946,scr1982,avaConv,offshore
ie,h1989,0.9077010050369776,scr1982,avaConv,offshore
ie,h1990,0.8972280840887464,scr1982,avaConv,offshore
ie,h1991,0.8931458277062405,scr1982,avaConv,offshore
ie,h1992,0.8905866266524678,scr1982,avaConv,offshore
ie,h1993,0.888705735490803,scr1982,avaConv,offshore
ie,h1994,0.8809780089062871,scr1982,avaConv,offshore
ie,h1995,0.8634495934176711,scr1982,avaConv,offshore
ie,h1996,0.831494734077125,scr1982,avaConv,offshore
ie,h1997,0.7623820158574688,scr1982,avaConv,offshore
ie,h1998,0.6472235087611494,scr1982,avaConv,offshore
ie,h1999,0.49359384338508483,scr1982,avaConv,offshore
ie,h2000,0.3434728721195621,scr1982,avaConv,offshore
ie,h2001,0.22326675566476242,scr1982,avaConv,offshore
ie,h2002,0.1427638509779484,scr1982,avaConv,offshore
ie,h2003,0.11159301114442928,scr1982,avaConv,offshore
ie,h2004,0.09136994200480632,scr1982,avaConv,offshore
ie,h2005,0.07311195008648663,scr1982,avaConv,offshore
ie,h2006,0.03833201962268,scr1982,avaConv,offshore
ie,h2007,0.02400584426236705,scr1982,avaConv,offshore
ie,h2008,0.03355444443878826,scr1982,avaConv,offshore
ie,h2009,0.06918805099309555,scr1982,avaConv,offshore
ie,h2010,0.1324380808773267,scr1982,avaConv,offshore
ie,h2011,0.2128726492043942,scr1982,avaConv,offshore
ie,h2012,0.28532399727548335,scr1982,avaConv,offshore
ie,h2013,0.34195496450943874,scr1982,avaConv,offshore
ie,h2014,0.3836884830145196,scr1982,avaConv,offshore
ie,h2015,0.3995565567882364,scr1982,avaConv,offshore
ie,h2016,0.39352351296348853,scr1982,avaConv,offshore
ie,h2017,0.542774256450396,scr1982,avaConv,offshore
ie,h2018,0.6846348291813045,scr1982,avaConv,offshore
ie,h2019,0.8234713532998749,scr1982,avaConv,offshore
ie,h2020,0.7860758789457323,scr1982,avaConv,offshore
ie,h2021,0.7619404840091761,scr1982,avaConv,offshore
ie,h2022,0.7284288253483066,scr1982,avaConv,offshore
ie,h2023,0.674733113877065,scr1982,avaConv,offshore
ie,h2024,0.6017756150106779,scr1982,avaConv,offshore
ie,h2025,0.5693912845650737,scr1982,avaConv,offshore
ie,h2026,0.5990060355116409,scr1982,avaConv,offshore
ie,h2027,0.6976920700902862,scr1982,avaConv,offshore
ie,h2028,0.7915978539038833,scr1982,avaConv,offshore
ie,h2029,0.8493116761424444,scr1982,avaConv,offshore
ie,h2030,0.8846035533165183,scr1982,avaConv,offshore
ie,h2031,0.9122440022329668,scr1982,avaConv,offshore
ie,h2032,0.9338950881511207,scr1982,avaConv,offshore
ie,h2033,0.9363468087886476,scr1982,avaConv,offshore
ie,h2034,0.9232155095801391,scr1982,avaConv,offshore
ie,h2035,0.8985912248433505,scr1982,avaConv,offshore
ie,h2036,0.8559561228880506,scr1982,avaConv,offshore
ie,h2037,0.7980476286711129,scr1982,avaConv,offshore
ie,h2038,0.7317288780093919,scr1982,avaConv,offshore
ie,h2039,0.6719448931395466,scr1982,avaConv,offshore
ie,h2040,0.6317063502102186,scr1982,avaConv,offshore
ie,h2041,0.5970387138329853,scr1982,avaConv,offshore
ie,h2042,0.5560369352182604,scr1982,avaConv,offshore
ie,h2043,0.4967720980854142,scr1982,avaConv,offshore
ie,h2044,0.4315640264116572,scr1982,avaConv,offshore
ie,h2045,0.35984503575226773,scr1982,avaConv,offshore
ie,h2046,0.286919638788042,scr1982,avaConv,offshore
ie,h2047,0.2143313425182717,scr1982,avaConv,offshore
ie,h2048,0.15600957222342587,scr1982,avaConv,offshore
ie,h2049,0.10556911215540933,scr1982,avaConv,offshore
ie,h2050,0.07191726426298228,scr1982,avaConv,offshore
ie,h2051,0.06011682606600244,scr1982,avaConv,offshore
ie,h2052,0.07582280946851026,scr1982,avaConv,offshore
ie,h2053,0.12331605718622929,scr1982,avaConv,offshore
ie,h2054,0.20330503318829518,scr1982,avaConv,offshore
ie,h2055,0.30771334826200347,scr1982,avaConv,offshore
ie,h2056,0.41959023945012436,scr1982,avaConv,offshore
ie,h2057,0.5162725899041839,scr1982,avaConv,offshore
ie,h2058,0.6142079437561927,scr1982,avaConv,offshore
ie,h2059,0.704627732880242,scr1982,avaConv,offshore
ie,h2060,0.8000197391276203,scr1982,avaConv,offshore
ie,h2061,0.8746180273176042,scr1982,avaConv,offshore
ie,h2062,0.9249501291753239,scr1982,avaConv,offshore
ie,h2063,0.9455083606479522,scr1982,avaConv,offshore
ie,h2064,0.9497390132757804,scr1982,avaConv,offshore
ie,h2065,0.9498283387196458,scr1982,avaConv,offshore
ie,h2066,0.9489906821410015,scr1982,avaConv,offshore
ie,h2067,0.9480683407443301,scr1982,avaConv,offshore
ie,h2068,0.9475041742015021,scr1982,avaConv,offshore
ie,h2069,0.9476409985510811,scr1982,avaConv,offshore
ie,h2070,0.9446106661998881,scr1982,avaConv,offshore
ie,h2071,0.9299530183932379,scr1982,avaConv,offshore
ie,h2072,0.9142298909136023,scr1982,avaConv,offshore
ie,h2073,0.9064203392881992,scr1982,avaConv,offshore
ie,h2074,0.9173713793087759,scr1982,avaConv,offshore
ie,h2075,0.9319013380715256,scr1982,avaConv,offshore
ie,h2076,0.9436775247176433,scr1982,avaConv,offshore
ie,h2077,0.9480960364681392,scr1982,avaConv,offshore
ie,h2078,0.9499619204854757,scr1982,avaConv,offshore
ie,h2079,0.9489654851383499,scr1982,avaConv,offshore
ie,h2080,0.9339078438811665,scr1982,avaConv,offshore
ie,h2081,0.890969204884137,scr1982,avaConv,offshore
ie,h2082,0.8192432508705562,scr1982,avaConv,offshore
ie,h2083,0.7133223845019928,scr1982,avaConv,offshore
ie,h2084,0.5579952823293449,scr1982,avaConv,offshore
ie,h2085,0.3724716980266938,scr1982,avaConv,offshore
ie,h2086,0.2075213434137279,scr1982,avaConv,offshore
ie,h2087,0.11698040856196108,scr1982,avaConv,offshore
ie,h2088,0.08370355855929486,scr1982,avaConv,offshore
ie,h2089,0.07985628007763663,scr1982,avaConv,offshore
ie,h2090,0.08134826732629429,scr1982,avaConv,offshore
ie,h2091,0.0924756683036705,scr1982,avaConv,offshore
ie,h2092,0.11636178438172148,scr1982,avaConv,offshore
ie,h2093,0.16562439750934738,scr1982,avaConv,offshore
ie,h2094,0.24500174482478526,scr1982,avaConv,offshore
ie,h2095,0.3617215149923154,scr1982,avaConv,offshore
ie,h2096,0.49895589485180025,scr1982,avaConv,offshore
ie,h2097,0.6440796106331534,scr1982,avaConv,offshore
ie,h2098,0.7745121071526994,scr1982,avaConv,offshore
ie,h2099,0.8747188488654396,scr1982,avaConv,offshore
ie,h2100,0.9296206960499149,scr1982,avaConv,offshore
ie,h2101,0.9486175743601342,scr1982,avaConv,offshore
ie,h2102,0.9497418141633971,scr1982,avaConv,offshore
ie,h2103,0.9498759606883551,scr1982,avaConv,offshore
ie,h2104,0.9499894097838136,scr1982,avaConv,offshore
ie,h2105,0.9499990700341295,scr1982,avaConv,offshore
ie,h2106,0.9499997276548078,scr1982,avaConv,offshore
ie,h2107,0.9499999347178034,scr1982,avaConv,offshore
ie,h2108,0.9499999999999996,scr1982,avaConv,offshore
ie,h2109,0.9499999999999996,scr1982,avaConv,offshore
ie,h2110,0.9499999999999996,scr1982,avaConv,offshore
ie,h2111,0.9499999999999996,scr1982,avaConv,offshore
ie,h2112,0.9499999999999996,scr1982,avaConv,offshore
ie,h2113,0.9499999999999996,scr1982,avaConv,offshore
ie,h2114,0.9499999999999996,scr1982,avaConv,offshore
ie,h2115,0.9499999999999996,scr1982,avaConv,offshore
ie,h2116,0.949999896897757,scr1982,avaConv,offshore
ie,h2117,0.9499982205398229,scr1982,avaConv,offshore
ie,h2118,0.9499897301956836,scr1982,avaConv,offshore
ie,h2119,0.9499853715338832,scr1982,avaConv,offshore
ie,h2120,0.9499862612203668,scr1982,avaConv,offshore
ie,h2121,0.9499947515619434,scr1982,avaConv,offshore
ie,h2122,0.9499992133295363,scr1982,avaConv,offshore
ie,h2123,0.9499999999999996,scr1982,avaConv,offshore
ie,h2124,0.9499999999999996,scr1982,avaConv,offshore
ie,h2125,0.9499999999999996,scr1982,avaConv,offshore
ie,h2126,0.9499999999999996,scr1982,avaConv,offshore
ie,h2127,0.9499999749374161,scr1982,avaConv,offshore
ie,h2128,0.9499990259925291,scr1982,avaConv,offshore
ie,h2129,0.9499920111535787,scr1982,avaConv,offshore
ie,h2130,0.949980737996638,scr1982,avaConv,offshore
ie,h2131,0.9499613123454854,scr1982,avaConv,offshore
ie,h2132,0.9499273446859694,scr1982,avaConv,offshore
ie,h2133,0.9498873583738947,scr1982,avaConv,offshore
ie,h2134,0.9498389878909481,scr1982,avaConv,offshore
ie,h2135,0.9498197374875564,scr1982,avaConv,offshore
ie,h2136,0.949833030990423,scr1982,avaConv,offshore
ie,h2137,0.9498804460665053,scr1982,avaConv,offshore
ie,h2138,0.9499069164880528,scr1982,avaConv,offshore
ie,h2139,0.9498839253859291,scr1982,avaConv,offshore
ie,h2140,0.9497955266314808,scr1982,avaConv,offshore
ie,h2141,0.9496474724422593,scr1982,avaConv,offshore
ie,h2142,0.9492721006754867,scr1982,avaConv,offshore
ie,h2143,0.9458729029103229,scr1982,avaConv,offshore
ie,h2144,0.9222750795204441,scr1982,avaConv,offshore
ie,h2145,0.8691941378136029,scr1982,avaConv,offshore
ie,h2146,0.7832497961820324,scr1982,avaConv,offshore
ie,h2147,0.6622117334758941,scr1982,avaConv,offshore
ie,h2148,0.4957557023553367,scr1982,avaConv,offshore
ie,h2149,0.3223221604638992,scr1982,avaConv,offshore
ie,h2150,0.18320629158196944,scr1982,avaConv,offshore
ie,h2151,0.10335936673902063,scr1982,avaConv,offshore
ie,h2152,0.06319837373228393,scr1982,avaConv,offshore
ie,h2153,0.04804434557866826,scr1982,avaConv,offshore
ie,h2154,0.056714317187549074,scr1982,avaConv,offshore
ie,h2155,0.08488127187173568,scr1982,avaConv,offshore
ie,h2156,0.13072161729982848,scr1982,avaConv,offshore
ie,h2157,0.18726631344803887,scr1982,avaConv,offshore
ie,h2158,0.2580108757460297,scr1982,avaConv,offshore
ie,h2159,0.2828185477215333,scr1982,avaConv,offshore
ie,h2160,0.3294239203071739,scr1982,avaConv,offshore
it_s,h1441,0.5658984096844109,scr1982,avaConv,offshore
it_s,h1442,0.49867556581016237,scr1982,avaConv,offshore
it_s,h1443,0.3953830033428248,scr1982,avaConv,offshore
it_s,h1444,0.2815025750164472,scr1982,avaConv,offshore
it_s,h1445,0.18778552987189592,scr1982,avaConv,offshore
it_s,h1446,0.12519730629525344,scr1982,avaConv,offshore
it_s,h1447,0.08893828088839849,scr1982,avaConv,offshore
it_s,h1448,0.06935226954290685,scr1982,avaConv,offshore
it_s,h1449,0.055778751948146646,scr1982,avaConv,offshore
it_s,h1450,0.04454806658022193,scr1982,avaConv,offshore
it_s,h1451,0.03563523953918858,scr1982,avaConv,offshore
it_s,h1452,0.0294131556989086,scr1982,avaConv,offshore
it_s,h1453,0.02460656173816096,scr1982,avaConv,offshore
it_s,h1454,0.018446479059064182,scr1982,avaConv,offshore
it_s,h1455,0.014207531067235225,scr1982,avaConv,offshore
it_s,h1456,0.013813851372141627,scr1982,avaConv,offshore
it_s,h1457,0.018355454949370065,scr1982,avaConv,offshore
it_s,h1458,0.028416570569578394,scr1982,avaConv,offshore
it_s,h1459,0.04438560446472603,scr1982,avaConv,offshore
it_s,h1460,0.06024514288356363,scr1982,avaConv,offshore
it_s,h1461,0.0684992280555013,scr1982,avaConv,offshore
it_s,h1462,0.06527959734376984,scr1982,avaConv,offshore
it_s,h1463,0.05259179892749984,scr1982,avaConv,offshore
it_s,h1464,0.04046866411426806,scr1982,avaConv,offshore
it_s,h1465,0.03071708512898801,scr1982,avaConv,offshore
it_s,h1466,0.02774628639486731,scr1982,avaConv,offshore
it_s,h1467,0.02743562454895022,scr1982,avaConv,offshore
it_s,h1468,0.03109672962342831,scr1982,avaConv,offshore
it_s,h1469,0.03373836081688552,scr1982,avaConv,offshore
it_s,h1470,0.03387710644625301,scr1982,avaConv,offshore
it_s,h1471,0.030502244341705592,scr1982,avaConv,offshore
it_s,h1472,0.026225819230632604,scr1982,avaConv,offshore
it_s,h1473,0.02038867960537568,scr1982,avaConv,offshore
it_s,h1474,0.012638562417202594,scr1982,avaConv,offshore
it_s,h1475,0.006546424730243468,scr1982,avaConv,offshore
it_s,h1476,0.002922381923456546,scr1982,avaConv,offshore
it_s,h1477,0.0030246452020918457,scr1982,avaConv,offshore
it_s,h1478,0.006027321011429805,scr1982,avaConv,offshore
it_s,h1479,0.01619286985762025,scr1982,avaConv,offshore
it_s,h1480,0.03829772265951102,scr1982,avaConv,offshore
it_s,h1481,0.07833421611398717,scr1982,avaConv,offshore
it_s,h1482,0.13532682394176296,scr1982,avaConv,offshore
it_s,h1483,0.20828010060662194,scr1982,avaConv,offshore
it_s,h1484,0.29305629383098813,scr1982,avaConv,offshore
it_s,h1485,0.3837746777857591,scr1982,avaConv,offshore
it_s,h1486,0.4614060883627071,scr1982,avaConv,offshore
it_s,h1487,0.5106652864390518,scr1982,avaConv,offshore
it_s,h1488,0.5325004069087161,scr1982,avaConv,offshore
it_s,h1489,0.5447743692165179,scr1982,avaConv,offshore
it_s,h1490,0.5560118435260012,scr1982,avaConv,offshore
it_s,h1491,0.5517235095498422,scr1982,avaConv,offshore
it_s,h1492,0.5196922775419051,scr1982,avaConv,offshore
it_s,h1493,0.4641644125232924,scr1982,avaConv,offshore
it_s,h1494,0.40442536035730103,scr1982,avaConv,offshore
it_s,h1495,0.3650738279576324,scr1982,avaConv,offshore
it_s,h1496,0.3560850085797317,scr1982,avaConv,offshore
it_s,h1497,0.3866759789546437,scr1982,avaConv,offshore
it_s,h1498,0.44088119097225337,scr1982,avaConv,offshore
it_s,h1499,0.44780447460772516,scr1982,avaConv,offshore
it_s,h1500,0.453666803520057,scr1982,avaConv,offshore
it_s,h1501,0.4454675945236169,scr1982,avaConv,offshore
it_s,h1502,0.4596510360498657,scr1982,avaConv,offshore
it_s,h1503,0.4333969871023347,scr1982,avaConv,offshore
it_s,h1504,0.3928508065513465,scr1982,avaConv,offshore
it_s,h1505,0.3652894090933079,scr1982,avaConv,offshore
it_s,h1506,0.345343522812648,scr1982,avaConv,offshore
it_s,h1507,0.31471419796873457,scr1982,avaConv,offshore
it_s,h1508,0.26701798022355816,scr1982,avaConv,offshore
it_s,h1509,0.2252885325213426,scr1982,avaConv,offshore
it_s,h1510,0.20814512779158545,scr1982,avaConv,offshore
it_s,h1511,0.21790123898339378,scr1982,avaConv,offshore
it_s,h1512,0.23471067530607345,scr1982,avaConv,offshore
it_s,h1513,0.4322795127855652,scr1982,avaConv,offshore
it_s,h1514,0.6300060739802725,scr1982,avaConv,offshore
it_s,h1515,0.8373935898390842,scr1982,avaConv,offshore
it_s,h1516,0.8488560224616882,scr1982,avaConv,offshore
it_s,h1517,0.8571644621445552,scr1982,avaConv,offshore
it_s,h1518,0.8618203527678991,scr1982,avaConv,offshore
it_s,h1519,0.8716448458696235,scr1982,avaConv,offshore
it_s,h1520,0.8856192171425916,scr1982,avaConv,offshore
it_s,h1521,0.8933809568110878,scr1982,avaConv,offshore
it_s,h1522,0.8813047470701292,scr1982,avaConv,offshore
it_s,h1523,0.8536480234069329,scr1982,avaConv,offshore
it_s,h1524,0.813800284708769,scr1982,avaConv,offshore
it_s,h1525,0.781188575711844,scr1982,avaConv,offshore
it_s,h1526,0.7616823604788915,scr1982,avaConv,offshore
it_s,h1527,0.7635561206479919,scr1982,avaConv,offshore
it_s,h1528,0.7747810875389987,scr1982,avaConv,offshore
it_s,h1529,0.7866844559907529,scr1982,avaConv,offshore
it_s,h1530,0.7938916850618541,scr1982,avaConv,offshore
it_s,h1531,0.7971875216138853,scr1982,avaConv,offshore
it_s,h1532,0.790283277657018,scr1982,avaConv,offshore
it_s,h1533,0.7721059477056392,scr1982,avaConv,offshore
it_s,h1534,0.7447178753204725,scr1982,avaConv,offshore
it_s,h1535,0.7164235784700063,scr1982,avaConv,offshore
it_s,h1536,0.6552472014887348,scr1982,avaConv,offshore
it_s,h1537,0.5543069187903213,scr1982,avaConv,offshore
it_s,h1538,0.4393498932848512,scr1982,avaConv,offshore
it_s,h1539,0.36470846923030215,scr1982,avaConv,offshore
it_s,h1540,0.33398719934139104,scr1982,avaConv,offshore
it_s,h1541,0.33079519219446424,scr1982,avaConv,offshore
it_s,h1542,0.3314767725373376,scr1982,avaConv,offshore
it_s,h1543,0.3372054367708665,scr1982,avaConv,offshore
it_s,h1544,0.3311359832467739,scr1982,avaConv,offshore
it_s,h1545,0.3147861335206151,scr1982,avaConv,offshore
it_s,h1546,0.2837087256262967,scr1982,avaConv,offshore
it_s,h1547,0.2423984651827519,scr1982,avaConv,offshore
it_s,h1548,0.20137577230820103,scr1982,avaConv,offshore
it_s,h1549,0.16651730311579152,scr1982,avaConv,offshore
it_s,h1550,0.14814103365126968,scr1982,avaConv,offshore
it_s,h1551,0.1363980702057929,scr1982,avaConv,offshore
it_s,h1552,0.12912622681735514,scr1982,avaConv,offshore
it_s,h1553,0.12287015075251348,scr1982,avaConv,offshore
it_s,h1554,0.12722026125015184,scr1982,avaConv,offshore
it_s,h1555,0.14973695849477336,scr1982,avaConv,offshore
it_s,h1556,0.18607403565473235,scr1982,avaConv,offshore
it_s,h1557,0.2232717904325597,scr1982,avaConv,offshore
it_s,h1558,0.24477043154129943,scr1982,avaConv,offshore
it_s,h1559,0.23780770159872192,scr1982,avaConv,offshore
it_s,h1560,0.20709536548619334,scr1982,avaConv,offshore
it_s,h1561,0.165169994524394,scr1982,avaConv,offshore
it_s,h1562,0.12967362836216756,scr1982,avaConv,offshore
it_s,h1563,0.10142072033266673,scr1982,avaConv,offshore
it_s,h1564,0.07894315129100518,scr1982,avaConv,offshore
it_s,h1565,0.062266044300503115,scr1982,avaConv,offshore
it_s,h1566,0.050661532228322106,scr1982,avaConv,offshore
it_s,h1567,0.043678376985408,scr1982,avaConv,offshore
it_s,h1568,0.03776719041683174,scr1982,avaConv,offshore
it_s,h1569,0.03007504426731977,scr1982,avaConv,offshore
it_s,h1570,0.01950057424004313,scr1982,avaConv,offshore
it_s,h1571,0.010194862501583897,scr1982,avaConv,offshore
it_s,h1572,0.004552885313627066,scr1982,avaConv,offshore
it_s,h1573,0.003829996146817883,scr1982,avaConv,offshore
it_s,h1574,0.0061615004883033295,scr1982,avaConv,offshore
it_s,h1575,0.011928582886790499,scr1982,avaConv,offshore
it_s,h1576,0.021677056948424245,scr1982,avaConv,offshore
it_s,h1577,0.03728917630363612,scr1982,avaConv,offshore
it_s,h1578,0.05776662935162182,scr1982,avaConv,offshore
it_s,h1579,0.07183138772812732,scr1982,avaConv,offshore
it_s,h1580,0.07309868336943924,scr1982,avaConv,offshore
it_s,h1581,0.0660546107662482,scr1982,avaConv,offshore
it_s,h1582,0.062284742521642115,scr1982,avaConv,offshore
it_s,h1583,0.05540976985713767,scr1982,avaConv,offshore
it_s,h1584,0.049597833540950716,scr1982,avaConv,offshore
it_s,h1585,0.04283776434941755,scr1982,avaConv,offshore
it_s,h1586,0.04112096352979002,scr1982,avaConv,offshore
it_s,h1587,0.035722233593467614,scr1982,avaConv,offshore
it_s,h1588,0.028236090951393233,scr1982,avaConv,offshore
it_s,h1589,0.02335993330957873,scr1982,avaConv,offshore
it_s,h1590,0.02151454160861796,scr1982,avaConv,offshore
it_s,h1591,0.02079264079707874,scr1982,avaConv,offshore
it_s,h1592,0.02025862534001498,scr1982,avaConv,offshore
it_s,h1593,0.021058923179294618,scr1982,avaConv,offshore
it_s,h1594,0.02432577420368417,scr1982,avaConv,offshore
it_s,h1595,0.02499997803661062,scr1982,avaConv,offshore
it_s,h1596,0.027716532041480467,scr1982,avaConv,offshore
it_s,h1597,0.029452985236278675,scr1982,avaConv,offshore
it_s,h1598,0.03612497755597851,scr1982,avaConv,offshore
it_s,h1599,0.04121902831024241,scr1982,avaConv,offshore
it_s,h1600,0.0476240041085345,scr1982,avaConv,offshore
it_s,h1601,0.05294292441985325,scr1982,avaConv,offshore
it_s,h1602,0.055333623751030674,scr1982,avaConv,offshore
it_s,h1603,0.055149021163383445,scr1982,avaConv,offshore
it_s,h1604,0.05386469218094203,scr1982,avaConv,offshore
it_s,h1605,0.05500447308271289,scr1982,avaConv,offshore
it_s,h1606,0.06078793282690289,scr1982,avaConv,offshore
it_s,h1607,0.06794095282751098,scr1982,avaConv,offshore
it_s,h1608,0.07412087376889723,scr1982,avaConv,offshore
it_s,h1609,0.07533738974638993,scr1982,avaConv,offshore
it_s,h1610,0.07094262858970024,scr1982,avaConv,offshore
it_s,h1611,0.06300872234611503,scr1982,avaConv,offshore
it_s,h1612,0.05434161642327339,scr1982,avaConv,offshore
it_s,h1613,0.0474121145078288,scr1982,avaConv,offshore
it_s,h1614,0.0399008691522133,scr1982,avaConv,offshore
it_s,h1615,0.030602246257283437,scr1982,avaConv,offshore
it_s,h1616,0.023152553220515883,scr1982,avaConv,offshore
it_s,h1617,0.01696916972218583,scr1982,avaConv,offshore
it_s,h1618,0.013196594065994927,scr1982,avaConv,offshore
it_s,h1619,0.011370686306288706,scr1982,avaConv,offshore
it_s,h1620,0.011896882583243167,scr1982,avaConv,offshore
it_s,h1621,0.012632983996254737,scr1982,avaConv,offshore
it_s,h1622,0.011051664447634458,scr1982,avaConv,offshore
it_s,h1623,0.008455308954325839,scr1982,avaConv,offshore
it_s,h1624,0.005250059587494241,scr1982,avaConv,offshore
it_s,h1625,0.0024499276857515174,scr1982,avaConv,offshore
it_s,h1626,0.0007076903501403206,scr1982,avaConv,offshore
it_s,h1627,0.0001417108007279218,scr1982,avaConv,offshore
it_s,h1628,0.00011968151822289225,scr1982,avaConv,offshore
it_s,h1629,0.0012973564208011072,scr1982,avaConv,offshore
it_s,h1630,0.005928319527712964,scr1982,avaConv,offshore
it_s,h1631,0.010836220575814962,scr1982,avaConv,offshore
it_s,h1632,0.015353555433433254,scr1982,avaConv,offshore
it_s,h1633,0.014792107907041585,scr1982,avaConv,offshore
it_s,h1634,0.011716134434991901,scr1982,avaConv,offshore
it_s,h1635,0.007110148880023749,scr1982,avaConv,offshore
it_s,h1636,0.0035916785744532346,scr1982,avaConv,offshore
it_s,h1637,0.0020809494944605557,scr1982,avaConv,offshore
it_s,h1638,0.0020078103441524735,scr1982,avaConv,offshore
it_s,h1639,0.0033494825064721767,scr1982,avaConv,offshore
it_s,h1640,0.007114856942353616,scr1982,avaConv,offshore
it_s,h1641,0.012127358415575752,scr1982,avaConv,offshore
it_s,h1642,0.016826288118266253,scr1982,avaConv,offshore
it_s,h1643,0.013135459135900035,scr1982,avaConv,offshore
it_s,h1644,0.007944818119699376,scr1982,avaConv,offshore
it_s,h1645,0.0027130482040411603,scr1982,avaConv,offshore
it_s,h1646,0.003803120204137667,scr1982,avaConv,offshore
it_s,h1647,0.006726137094223314,scr1982,avaConv,offshore
it_s,h1648,0.012101061097700906,scr1982,avaConv,offshore
it_s,h1649,0.021944949837856966,scr1982,avaConv,offshore
it_s,h1650,0.03507232080780716,scr1982,avaConv,offshore
it_s,h1651,0.04802857542214597,scr1982,avaConv,offshore
it_s,h1652,0.054392409963299033,scr1982,avaConv,offshore
it_s,h1653,0.05700130947321393,scr1982,avaConv,offshore
it_s,h1654,0.059727480600244465,scr1982,avaConv,offshore
it_s,h1655,0.05807549584366564,scr1982,avaConv,offshore
it_s,h1656,0.04842019404700946,scr1982,avaConv,offshore
it_s,h1657,0.03122157754558292,scr1982,avaConv,offshore
it_s,h1658,0.01696402940197338,scr1982,avaConv,offshore
it_s,h1659,0.008513820620145792,scr1982,avaConv,offshore
it_s,h1660,0.006343102840910749,scr1982,avaConv,offshore
it_s,h1661,0.006957166380695181,scr1982,avaConv,offshore
it_s,h1662,0.007058660448560826,scr1982,avaConv,offshore
it_s,h1663,0.005346338747895793,scr1982,avaConv,offshore
it_s,h1664,0.003804130497765604,scr1982,avaConv,offshore
it_s,h1665,0.003570218825748505,scr1982,avaConv,offshore
it_s,h1666,0.0037248296636481493,scr1982,avaConv,offshore
it_s,h1667,0.008667317732658207,scr1982,avaConv,offshore
it_s,h1668,0.013214978435163135,scr1982,avaConv,offshore
it_s,h1669,0.0166332457849055,scr1982,avaConv,offshore
it_s,h1670,0.013800663029993188,scr1982,avaConv,offshore
it_s,h1671,0.012047066939090328,scr1982,avaConv,offshore
it_s,h1672,0.012282862705081206,scr1982,avaConv,offshore
it_s,h1673,0.014991955735754242,scr1982,avaConv,offshore
it_s,h1674,0.019920331092263772,scr1982,avaConv,offshore
it_s,h1675,0.03007515201685876,scr1982,avaConv,offshore
it_s,h1676,0.05091324737609127,scr1982,avaConv,offshore
it_s,h1677,0.07333484399432708,scr1982,avaConv,offshore
it_s,h1678,0.08211258250889662,scr1982,avaConv,offshore
it_s,h1679,0.05994315497224338,scr1982,avaConv,offshore
it_s,h1680,0.03068571588718631,scr1982,avaConv,offshore
it_s,h1681,0.056861989920037825,scr1982,avaConv,offshore
it_s,h1682,0.10024999352542607,scr1982,avaConv,offshore
it_s,h1683,0.1514197015160984,scr1982,avaConv,offshore
it_s,h1684,0.15662806038929405,scr1982,avaConv,offshore
it_s,h1685,0.16740627959090149,scr1982,avaConv,offshore
it_s,h1686,0.17437093293192849,scr1982,avaConv,offshore
it_s,h1687,0.18191027389605577,scr1982,avaConv,offshore
it_s,h1688,0.19526286452767236,scr1982,avaConv,offshore
it_s,h1689,0.21594898458381853,scr1982,avaConv,offshore
it_s,h1690,0.23558687884928528,scr1982,avaConv,offshore
it_s,h1691,0.25528862094455296,scr1982,avaConv,offshore
it_s,h1692,0.26350792598619,scr1982,avaConv,offshore
it_s,h1693,0.2645829479810805,scr1982,avaConv,offshore
it_s,h1694,0.24656835000307584,scr1982,avaConv,offshore
it_s,h1695,0.22714966327027022,scr1982,avaConv,offshore
it_s,h1696,0.20894853881829423,scr1982,avaConv,offshore
it_s,h1697,0.1988937732789818,scr1982,avaConv,offshore
it_s,h1698,0.19418861388934722,scr1982,avaConv,offshore
it_s,h1699,0.19054912426821943,scr1982,avaConv,offshore
it_s,h1700,0.18778891335638273,scr1982,avaConv,offshore
it_s,h1701,0.18592622706917342,scr1982,avaConv,offshore
it_s,h1702,0.1819055942882279,scr1982,avaConv,offshore
it_s,h1703,0.17169612989419428,scr1982,avaConv,offshore
it_s,h1704,0.1526749095954569,scr1982,avaConv,offshore
it_s,h1705,0.1266832384205165,scr1982,avaConv,offshore
it_s,h1706,0.1008116208372703,scr1982,avaConv,offshore
it_s,h1707,0.08060891817832246,scr1982,avaConv,offshore
it_s,h1708,0.06309822085151882,scr1982,avaConv,offshore
it_s,h1709,0.04663219980284045,scr1982,avaConv,offshore
it_s,h1710,0.02956709882949954,scr1982,avaConv,offshore
it_s,h1711,0.016392139590372896,scr1982,avaConv,offshore
it_s,h1712,0.008351856310278757,scr1982,avaConv,offshore
it_s,h1713,0.005975191139482755,scr1982,avaConv,offshore
it_s,h1714,0.011753987897270394,scr1982,avaConv,offshore
it_s,h1715,0.023032127434720325,scr1982,avaConv,offshore
it_s,h1716,0.045749702206306225,scr1982,avaConv,offshore
it_s,h1717,0.08641671982598359,scr1982,avaConv,offshore
it_s,h1718,0.15910759378137362,scr1982,avaConv,offshore
it_s,h1719,0.2599710682330258,scr1982,avaConv,offshore
it_s,h1720,0.3777657328909272,scr1982,avaConv,offshore
it_s,h1721,0.4985415802290171,scr1982,avaConv,offshore
it_s,h1722,0.6070400403145106,scr1982,avaConv,offshore
it_s,h1723,0.685344710453095,scr1982,avaConv,offshore
it_s,h1724,0.7133235144133538,scr1982,avaConv,offshore
it_s,h1725,0.7014914192395268,scr1982,avaConv,offshore
it_s,h1726,0.6750809280072253,scr1982,avaConv,offshore
it_s,h1727,0.6477608490173663,scr1982,avaConv,offshore
it_s,h1728,0.6377062483507754,scr1982,avaConv,offshore
it_s,h1729,0.6223416904849447,scr1982,avaConv,offshore
it_s,h1730,0.6003105496844815,scr1982,avaConv,offshore
it_s,h1731,0.5628998530029155,scr1982,avaConv,offshore
it_s,h1732,0.5110344276758906,scr1982,avaConv,offshore
it_s,h1733,0.44686295939917886,scr1982,avaConv,offshore
it_s,h1734,0.34755150959216763,scr1982,avaConv,offshore
it_s,h1735,0.24189059400898597,scr1982,avaConv,offshore
it_s,h1736,0.1583372373862543,scr1982,avaConv,offshore
it_s,h1737,0.11404339315547747,scr1982,avaConv,offshore
it_s,h1738,0.10173590469287572,scr1982,avaConv,offshore
it_s,h1739,0.10398460589231236,scr1982,avaConv,offshore
it_s,h1740,0.11752730937496074,scr1982,avaConv,offshore
it_s,h1741,0.13004553839073626,scr1982,avaConv,offshore
it_s,h1742,0.13848310817773482,scr1982,avaConv,offshore
it_s,h1743,0.1411567473394174,scr1982,avaConv,offshore
it_s,h1744,0.1425420504191228,scr1982,avaConv,offshore
it_s,h1745,0.14190187968035234,scr1982,avaConv,offshore
it_s,h1746,0.13820389907692185,scr1982,avaConv,offshore
it_s,h1747,0.12924624265870868,scr1982,avaConv,offshore
it_s,h1748,0.11376288256805214,scr1982,avaConv,offshore
it_s,h1749,0.0945143037414514,scr1982,avaConv,offshore
it_s,h1750,0.07728409410254106,scr1982,avaConv,offshore
it_s,h1751,0.06976550871534197,scr1982,avaConv,offshore
it_s,h1752,0.06399256667682518,scr1982,avaConv,offshore
it_s,h1753,0.05768741362056592,scr1982,avaConv,offshore
it_s,h1754,0.04943792043984383,scr1982,avaConv,offshore
it_s,h1755,0.047499700300331384,scr1982,avaConv,offshore
it_s,h1756,0.051601469062790645,scr1982,avaConv,offshore
it_s,h1757,0.05623316106705385,scr1982,avaConv,offshore
it_s,h1758,0.05981917613226881,scr1982,avaConv,offshore
it_s,h1759,0.06003806031051212,scr1982,avaConv,offshore
it_s,h1760,0.05640568475653654,scr1982,avaConv,offshore
it_s,h1761,0.04747259188269758,scr1982,avaConv,offshore
it_s,h1762,0.03788261423815434,scr1982,avaConv,offshore
it_s,h1763,0.03642892213036586,scr1982,avaConv,offshore
it_s,h1764,0.03908995693532248,scr1982,avaConv,offshore
it_s,h1765,0.04454216914740665,scr1982,avaConv,offshore
it_s,h1766,0.04595067148189061,scr1982,avaConv,offshore
it_s,h1767,0.049140379400261364,scr1982,avaConv,offshore
it_s,h1768,0.054064589953726455,scr1982,avaConv,offshore
it_s,h1769,0.060544924002577306,scr1982,avaConv,offshore
it_s,h1770,0.06869083154800612,scr1982,avaConv,offshore
it_s,h1771,0.08088542670876855,scr1982,avaConv,offshore
it_s,h1772,0.10062991146286716,scr1982,avaConv,offshore
it_s,h1773,0.12732559030710008,scr1982,avaConv,offshore
it_s,h1774,0.14978880472339443,scr1982,avaConv,offshore
it_s,h1775,0.14466862110155157,scr1982,avaConv,offshore
it_s,h1776,0.11533964191976868,scr1982,avaConv,offshore
it_s,h1777,0.07247342399100866,scr1982,avaConv,offshore
it_s,h1778,0.041486181868839775,scr1982,avaConv,offshore
it_s,h1779,0.027224341328389162,scr1982,avaConv,offshore
it_s,h1780,0.027932190080574154,scr1982,avaConv,offshore
it_s,h1781,0.033937854011600266,scr1982,avaConv,offshore
it_s,h1782,0.03723710549328197,scr1982,avaConv,offshore
it_s,h1783,0.03479280972246343,scr1982,avaConv,offshore
it_s,h1784,0.027951826302660937,scr1982,avaConv,offshore
it_s,h1785,0.01812349840655482,scr1982,avaConv,offshore
it_s,h1786,0.008887469003310043,scr1982,avaConv,offshore
it_s,h1787,0.006116480274929161,scr1982,avaConv,offshore
it_s,h1788,0.005649405926288417,scr1982,avaConv,offshore
it_s,h1789,0.006852128756870581,scr1982,avaConv,offshore
it_s,h1790,0.006181469238653525,scr1982,avaConv,offshore
it_s,h1791,0.00663414701168329,scr1982,avaConv,offshore
it_s,h1792,0.009007324940732284,scr1982,avaConv,offshore
it_s,h1793,0.01644456603762642,scr1982,avaConv,offshore
it_s,h1794,0.031759996083889235,scr1982,avaConv,offshore
it_s,h1795,0.05782543924681877,scr1982,avaConv,offshore
it_s,h1796,0.10203638273872977,scr1982,avaConv,offshore
it_s,h1797,0.16377631370801257,scr1982,avaConv,offshore
it_s,h1798,0.23296147861405556,scr1982,avaConv,offshore
it_s,h1799,0.2674085927997497,scr1982,avaConv,offshore
it_s,h1800,0.2775083727884102,scr1982,avaConv,offshore
it_s,h1801,0.26236481385123556,scr1982,avaConv,offshore
it_s,h1802,0.24684876274887463,scr1982,avaConv,offshore
it_s,h1803,0.218537344029025,scr1982,avaConv,offshore
it_s,h1804,0.19711749915296828,scr1982,avaConv,offshore
it_s,h1805,0.19608688692440185,scr1982,avaConv,offshore
it_s,h1806,0.21777177262882838,scr1982,avaConv,offshore
it_s,h1807,0.24595718120025944,scr1982,avaConv,offshore
it_s,h1808,0.2700067678664118,scr1982,avaConv,offshore
it_s,h1809,0.2705662682565253,scr1982,avaConv,offshore
it_s,h1810,0.24957361936394823,scr1982,avaConv,offshore
it_s,h1811,0.17968817432024464,scr1982,avaConv,offshore
it_s,h1812,0.11164719547293403,scr1982,avaConv,offshore
it_s,h1813,0.058387652703995534,scr1982,avaConv,offshore
it_s,h1814,0.04257763466285016,scr1982,avaConv,offshore
it_s,h1815,0.0352168110139135,scr1982,avaConv,offshore
it_s,h1816,0.030849040013100106,scr1982,avaConv,offshore
it_s,h1817,0.03615522137103844,scr1982,avaConv,offshore
it_s,h1818,0.04643402650377634,scr1982,avaConv,offshore
it_s,h1819,0.054279396571736915,scr1982,avaConv,offshore
it_s,h1820,0.06036542243757619,scr1982,avaConv,offshore
it_s,h1821,0.07276874090180012,scr1982,avaConv,offshore
it_s,h1822,0.0928853424879125,scr1982,avaConv,offshore
it_s,h1823,0.1410414491871203,scr1982,avaConv,offshore
it_s,h1824,0.2053187432110203,scr1982,avaConv,offshore
it_s,h1825,0.2791835223093815,scr1982,avaConv,offshore
it_s,h1826,0.3342492915783503,scr1982,avaConv,offshore
it_s,h1827,0.39594178563297217,scr1982,avaConv,offshore
it_s,h1828,0.5059049870456415,scr1982,avaConv,offshore
it_s,h1829,0.6017771873323405,scr1982,avaConv,offshore
it_s,h1830,0.6439563823150078,scr1982,avaConv,offshore
it_s,h1831,0.6088632458925235,scr1982,avaConv,offshore
it_s,h1832,0.5127834532125932,scr1982,avaConv,offshore
it_s,h1833,0.4217219036713112,scr1982,avaConv,offshore
it_s,h1834,0.35569503166239164,scr1982,avaConv,offshore
it_s,h1835,0.32442936175032083,scr1982,avaConv,offshore
it_s,h1836,0.2934246354955742,scr1982,avaConv,offshore
it_s,h1837,0.23927541150787338,scr1982,avaConv,offshore
it_s,h1838,0.2141719606535623,scr1982,avaConv,offshore
it_s,h1839,0.19586889898218046,scr1982,avaConv,offshore
it_s,h1840,0.18558812086376963,scr1982,avaConv,offshore
it_s,h1841,0.1826102562178025,scr1982,avaConv,offshore
it_s,h1842,0.202180729398851,scr1982,avaConv,offshore
it_s,h1843,0.23587492688093725,scr1982,avaConv,offshore
it_s,h1844,0.25951541937763944,scr1982,avaConv,offshore
it_s,h1845,0.25612105779947575,scr1982,avaConv,offshore
it_s,h1846,0.2248201011973221,scr1982,avaConv,offshore
it_s,h1847,0.18254122933814987,scr1982,avaConv,offshore
it_s,h1848,0.1475935082951583,scr1982,avaConv,offshore
it_s,h1849,0.10057531306897992,scr1982,avaConv,offshore
it_s,h1850,0.06667206890549168,scr1982,avaConv,offshore
it_s,h1851,0.03696408776811269,scr1982,avaConv,offshore
it_s,h1852,0.029667268519250466,scr1982,avaConv,offshore
it_s,h1853,0.018866886039472713,scr1982,avaConv,offshore
it_s,h1854,0.009072036971701041,scr1982,avaConv,offshore
it_s,h1855,0.003268682751899795,scr1982,avaConv,offshore
it_s,h1856,0.0005548715707769387,scr1982,avaConv,offshore
it_s,h1857,0.0,scr1982,avaConv,offshore
it_s,h1858,0.0,scr1982,avaConv,offshore
it_s,h1859,0.0,scr1982,avaConv,offshore
it_s,h1860,0.0,scr1982,avaConv,offshore
it_s,h1861,0.0,scr1982,avaConv,offshore
it_s,h1862,0.0017523478081395137,scr1982,avaConv,offshore
it_s,h1863,0.009108414681466653,scr1982,avaConv,offshore
it_s,h1864,0.02702546071394103,scr1982,avaConv,offshore
it_s,h1865,0.05956518837471559,scr1982,avaConv,offshore
it_s,h1866,0.10069284880255738,scr1982,avaConv,offshore
it_s,h1867,0.13643454157872656,scr1982,avaConv,offshore
it_s,h1868,0.1553634909682668,scr1982,avaConv,offshore
it_s,h1869,0.15960859549524017,scr1982,avaConv,offshore
it_s,h1870,0.16166276073797456,scr1982,avaConv,offshore
it_s,h1871,0.1685453755849372,scr1982,avaConv,offshore
it_s,h1872,0.16912522407988012,scr1982,avaConv,offshore
it_s,h1873,0.15911374822656657,scr1982,avaConv,offshore
it_s,h1874,0.14174276881478592,scr1982,avaConv,offshore
it_s,h1875,0.1303447873563299,scr1982,avaConv,offshore
it_s,h1876,0.12400853215007995,scr1982,avaConv,offshore
it_s,h1877,0.11550048239736696,scr1982,avaConv,offshore
it_s,h1878,0.10271209237345605,scr1982,avaConv,offshore
it_s,h1879,0.09582786765712743,scr1982,avaConv,offshore
it_s,h1880,0.09897428333682834,scr1982,avaConv,offshore
it_s,h1881,0.11383134659645992,scr1982,avaConv,offshore
it_s,h1882,0.1350171706285981,scr1982,avaConv,offshore
it_s,h1883,0.14084095055350898,scr1982,avaConv,offshore
it_s,h1884,0.15188259354908393,scr1982,avaConv,offshore
it_s,h1885,0.16983348400368178,scr1982,avaConv,offshore
it_s,h1886,0.218749672266365,scr1982,avaConv,offshore
it_s,h1887,0.27763017667215695,scr1982,avaConv,offshore
it_s,h1888,0.3285574320020874,scr1982,avaConv,offshore
it_s,h1889,0.35753763554905704,scr1982,avaConv,offshore
it_s,h1890,0.36510762930305407,scr1982,avaConv,offshore
it_s,h1891,0.3727131723172024,scr1982,avaConv,offshore
it_s,h1892,0.39322964782256764,scr1982,avaConv,offshore
it_s,h1893,0.42697254736517515,scr1982,avaConv,offshore
it_s,h1894,0.4581981542876599,scr1982,avaConv,offshore
it_s,h1895,0.4420319503691335,scr1982,avaConv,offshore
it_s,h1896,0.39709595580814494,scr1982,avaConv,offshore
it_s,h1897,0.32917063285802245,scr1982,avaConv,offshore
it_s,h1898,0.2788150155785386,scr1982,avaConv,offshore
it_s,h1899,0.22878558076547012,scr1982,avaConv,offshore
it_s,h1900,0.18861628723291074,scr1982,avaConv,offshore
it_s,h1901,0.14946643403698398,scr1982,avaConv,offshore
it_s,h1902,0.11369539764938615,scr1982,avaConv,offshore
it_s,h1903,0.08635912783127236,scr1982,avaConv,offshore
it_s,h1904,0.07747582291468233,scr1982,avaConv,offshore
it_s,h1905,0.0827994489592674,scr1982,avaConv,offshore
it_s,h1906,0.09451393525220253,scr1982,avaConv,offshore
it_s,h1907,0.1075115088422822,scr1982,avaConv,offshore
it_s,h1908,0.12354783592988788,scr1982,avaConv,offshore
it_s,h1909,0.16304160174435572,scr1982,avaConv,offshore
it_s,h1910,0.25201479335333904,scr1982,avaConv,offshore
it_s,h1911,0.40402227903471527,scr1982,avaConv,offshore
it_s,h1912,0.5365852668504301,scr1982,avaConv,offshore
it_s,h1913,0.5864830907651497,scr1982,avaConv,offshore
it_s,h1914,0.5397405047910343,scr1982,avaConv,offshore
it_s,h1915,0.45315747704989684,scr1982,avaConv,offshore
it_s,h1916,0.37621305399923405,scr1982,avaConv,offshore
it_s,h1917,0.33142117172127683,scr1982,avaConv,offshore
it_s,h1918,0.32199234088589096,scr1982,avaConv,offshore
it_s,h1919,0.35045193818017906,scr1982,avaConv,offshore
it_s,h1920,0.3917627015804436,scr1982,avaConv,offshore
it_s,h1921,0.44437872890592117,scr1982,avaConv,offshore
it_s,h1922,0.49089964193102875,scr1982,avaConv,offshore
it_s,h1923,0.531142297006274,scr1982,avaConv,offshore
it_s,h1924,0.5681519306677744,scr1982,avaConv,offshore
it_s,h1925,0.5968942284093386,scr1982,avaConv,offshore
it_s,h1926,0.6049907280502792,scr1982,avaConv,offshore
it_s,h1927,0.5832340423678791,scr1982,avaConv,offshore
it_s,h1928,0.5504377121767619,scr1982,avaConv,offshore
it_s,h1929,0.5173497412123169,scr1982,avaConv,offshore
it_s,h1930,0.49003174280797535,scr1982,avaConv,offshore
it_s,h1931,0.46592985990455416,scr1982,avaConv,offshore
it_s,h1932,0.44364130740336966,scr1982,avaConv,offshore
it_s,h1933,0.42878098464486414,scr1982,avaConv,offshore
it_s,h1934,0.4089128992706641,scr1982,avaConv,offshore
it_s,h1935,0.38967226880158246,scr1982,avaConv,offshore
it_s,h1936,0.3686298556247584,scr1982,avaConv,offshore
it_s,h1937,0.3519926242689591,scr1982,avaConv,offshore
it_s,h1938,0.3459308435804902,scr1982,avaConv,offshore
it_s,h1939,0.3501559229606499,scr1982,avaConv,offshore
it_s,h1940,0.3653279536935682,scr1982,avaConv,offshore
it_s,h1941,0.38575962217358595,scr1982,avaConv,offshore
it_s,h1942,0.4010985324021158,scr1982,avaConv,offshore
it_s,h1943,0.42529508571801883,scr1982,avaConv,offshore
it_s,h1944,0.43911725753660863,scr1982,avaConv,offshore
it_s,h1945,0.43933872142122793,scr1982,avaConv,offshore
it_s,h1946,0.42291313293653426,scr1982,avaConv,offshore
it_s,h1947,0.4118445612699779,scr1982,avaConv,offshore
it_s,h1948,0.41827903669513283,scr1982,avaConv,offshore
it_s,h1949,0.42500342786168843,scr1982,avaConv,offshore
it_s,h1950,0.41669484526882156,scr1982,avaConv,offshore
it_s,h1951,0.386532178611151,scr1982,avaConv,offshore
it_s,h1952,0.33166299404455274,scr1982,avaConv,offshore
it_s,h1953,0.26485556338290295,scr1982,avaConv,offshore
it_s,h1954,0.20933536447540246,scr1982,avaConv,offshore
it_s,h1955,0.2063666379025198,scr1982,avaConv,offshore
it_s,h1956,0.20927597448157795,scr1982,avaConv,offshore
it_s,h1957,0.19594988483418707,scr1982,avaConv,offshore
it_s,h1958,0.14047734921021993,scr1982,avaConv,offshore
it_s,h1959,0.09507639071539092,scr1982,avaConv,offshore
it_s,h1960,0.06761405701429667,scr1982,avaConv,offshore
it_s,h1961,0.05237725121680614,scr1982,avaConv,offshore
it_s,h1962,0.04683406449008524,scr1982,avaConv,offshore
it_s,h1963,0.05876402237361864,scr1982,avaConv,offshore
it_s,h1964,0.08503187029120468,scr1982,avaConv,offshore
it_s,h1965,0.1082031135170628,scr1982,avaConv,offshore
it_s,h1966,0.11976359205346612,scr1982,avaConv,offshore
it_s,h1967,0.15472885008176407,scr1982,avaConv,offshore
it_s,h1968,0.18701058738359558,scr1982,avaConv,offshore
it_s,h1969,0.22346969609278056,scr1982,avaConv,offshore
it_s,h1970,0.23130536399958074,scr1982,avaConv,offshore
it_s,h1971,0.24768523895891834,scr1982,avaConv,offshore
it_s,h1972,0.2801008055982053,scr1982,avaConv,offshore
it_s,h1973,0.3469038910951468,scr1982,avaConv,offshore
it_s,h1974,0.4514870257586656,scr1982,avaConv,offshore
it_s,h1975,0.5220702120023898,scr1982,avaConv,offshore
it_s,h1976,0.5500335816546561,scr1982,avaConv,offshore
it_s,h1977,0.5374404744197208,scr1982,avaConv,offshore
it_s,h1978,0.5213786949329032,scr1982,avaConv,offshore
it_s,h1979,0.4962388387896319,scr1982,avaConv,offshore
it_s,h1980,0.4661997986693106,scr1982,avaConv,offshore
it_s,h1981,0.4285133828488996,scr1982,avaConv,offshore
it_s,h1982,0.3914841650010505,scr1982,avaConv,offshore
it_s,h1983,0.3633650058934368,scr1982,avaConv,offshore
it_s,h1984,0.35015922729884225,scr1982,avaConv,offshore
it_s,h1985,0.3437954940173898,scr1982,avaConv,offshore
it_s,h1986,0.3417926286197891,scr1982,avaConv,offshore
it_s,h1987,0.3705526949778438,scr1982,avaConv,offshore
it_s,h1988,0.4223870151640847,scr1982,avaConv,offshore
it_s,h1989,0.48056336523374177,scr1982,avaConv,offshore
it_s,h1990,0.5180197882998692,scr1982,avaConv,offshore
it_s,h1991,0.5371894668573017,scr1982,avaConv,offshore
it_s,h1992,0.5409046858489288,scr1982,avaConv,offshore
it_s,h1993,0.5541095073462444,scr1982,avaConv,offshore
it_s,h1994,0.5620516595453398,scr1982,avaConv,offshore
it_s,h1995,0.5514716282197152,scr1982,avaConv,offshore
it_s,h1996,0.5166997199497605,scr1982,avaConv,offshore
it_s,h1997,0.4820927527759883,scr1982,avaConv,offshore
it_s,h1998,0.4659205894624978,scr1982,avaConv,offshore
it_s,h1999,0.4564809004702078,scr1982,avaConv,offshore
it_s,h2000,0.44100154266436803,scr1982,avaConv,offshore
it_s,h2001,0.41195519968728916,scr1982,avaConv,offshore
it_s,h2002,0.37879299139969924,scr1982,avaConv,offshore
it_s,h2003,0.3468254427906752,scr1982,avaConv,offshore
it_s,h2004,0.3192227782157593,scr1982,avaConv,offshore
it_s,h2005,0.2874223304384548,scr1982,avaConv,offshore
it_s,h2006,0.24074626439241512,scr1982,avaConv,offshore
it_s,h2007,0.18987582921380455,scr1982,avaConv,offshore
it_s,h2008,0.1428543510931592,scr1982,avaConv,offshore
it_s,h2009,0.11361406243637061,scr1982,avaConv,offshore
it_s,h2010,0.09132859487591473,scr1982,avaConv,offshore
it_s,h2011,0.07673103190226012,scr1982,avaConv,offshore
it_s,h2012,0.06417175615885815,scr1982,avaConv,offshore
it_s,h2013,0.055847807355804704,scr1982,avaConv,offshore
it_s,h2014,0.049259505071366456,scr1982,avaConv,offshore
it_s,h2015,0.039755761366362406,scr1982,avaConv,offshore
it_s,h2016,0.030850960071375527,scr1982,avaConv,offshore
it_s,h2017,0.04965059670644657,scr1982,avaConv,offshore
it_s,h2018,0.07510084000880658,scr1982,avaConv,offshore
it_s,h2019,0.09937350105788292,scr1982,avaConv,offshore
it_s,h2020,0.09532804509815498,scr1982,avaConv,offshore
it_s,h2021,0.08869026377897239,scr1982,avaConv,offshore
it_s,h2022,0.07887612350508484,scr1982,avaConv,offshore
it_s,h2023,0.06371598270583576,scr1982,avaConv,offshore
it_s,h2024,0.04600313465050876,scr1982,avaConv,offshore
it_s,h2025,0.03305101172028098,scr1982,avaConv,offshore
it_s,h2026,0.026192517379926367,scr1982,avaConv,offshore
it_s,h2027,0.021831298866939696,scr1982,avaConv,offshore
it_s,h2028,0.016892448381715604,scr1982,avaConv,offshore
it_s,h2029,0.01079870019174833,scr1982,avaConv,offshore
it_s,h2030,0.006134102931221892,scr1982,avaConv,offshore
it_s,h2031,0.004106702730232911,scr1982,avaConv,offshore
it_s,h2032,0.0033981356134813057,scr1982,avaConv,offshore
it_s,h2033,0.0036967369837736666,scr1982,avaConv,offshore
it_s,h2034,0.00417584469684541,scr1982,avaConv,offshore
it_s,h2035,0.004366548858672278,scr1982,avaConv,offshore
it_s,h2036,0.00420344822608595,scr1982,avaConv,offshore
it_s,h2037,0.004384874486334172,scr1982,avaConv,offshore
it_s,h2038,0.005626004690169218,scr1982,avaConv,offshore
it_s,h2039,0.006183550660010567,scr1982,avaConv,offshore
it_s,h2040,0.007778430057156283,scr1982,avaConv,offshore
it_s,h2041,0.013700088007794311,scr1982,avaConv,offshore
it_s,h2042,0.026078806136130388,scr1982,avaConv,offshore
it_s,h2043,0.041010239914222556,scr1982,avaConv,offshore
it_s,h2044,0.055023676294649576,scr1982,avaConv,offshore
it_s,h2045,0.06649371389775154,scr1982,avaConv,offshore
it_s,h2046,0.08316879029725217,scr1982,avaConv,offshore
it_s,h2047,0.1023238188015039,scr1982,avaConv,offshore
it_s,h2048,0.12623461355225735,scr1982,avaConv,offshore
it_s,h2049,0.1411027747066274,scr1982,avaConv,offshore
it_s,h2050,0.1431508130052097,scr1982,avaConv,offshore
it_s,h2051,0.13252247663374686,scr1982,avaConv,offshore
it_s,h2052,0.11196803871002764,scr1982,avaConv,offshore
it_s,h2053,0.09649233222590756,scr1982,avaConv,offshore
it_s,h2054,0.08791672935761444,scr1982,avaConv,offshore
it_s,h2055,0.09216560304561472,scr1982,avaConv,offshore
it_s,h2056,0.1034039791762987,scr1982,avaConv,offshore
it_s,h2057,0.11198043077942592,scr1982,avaConv,offshore
it_s,h2058,0.11669630987552668,scr1982,avaConv,offshore
it_s,h2059,0.11712511894502538,scr1982,avaConv,offshore
it_s,h2060,0.12925041377808488,scr1982,avaConv,offshore
it_s,h2061,0.14839573978127923,scr1982,avaConv,offshore
it_s,h2062,0.17363747922110936,scr1982,avaConv,offshore
it_s,h2063,0.17738984696610155,scr1982,avaConv,offshore
it_s,h2064,0.1800336938229036,scr1982,avaConv,offshore
it_s,h2065,0.17608725819033322,scr1982,avaConv,offshore
it_s,h2066,0.18523040175249622,scr1982,avaConv,offshore
it_s,h2067,0.18843601264590001,scr1982,avaConv,offshore
it_s,h2068,0.19648618682579203,scr1982,avaConv,offshore
it_s,h2069,0.2116670629058382,scr1982,avaConv,offshore
it_s,h2070,0.23916227682600408,scr1982,avaConv,offshore
it_s,h2071,0.2658077360273428,scr1982,avaConv,offshore
it_s,h2072,0.2682062915106701,scr1982,avaConv,offshore
it_s,h2073,0.2413476126698861,scr1982,avaConv,offshore
it_s,h2074,0.19446460449062772,scr1982,avaConv,offshore
it_s,h2075,0.16950842103091932,scr1982,avaConv,offshore
it_s,h2076,0.16036545448932066,scr1982,avaConv,offshore
it_s,h2077,0.17818524983373885,scr1982,avaConv,offshore
it_s,h2078,0.17419016431136838,scr1982,avaConv,offshore
it_s,h2079,0.15746073357798593,scr1982,avaConv,offshore
it_s,h2080,0.12275978383989711,scr1982,avaConv,offshore
it_s,h2081,0.09934123915319652,scr1982,avaConv,offshore
it_s,h2082,0.08875127017066232,scr1982,avaConv,offshore
it_s,h2083,0.08233087897088048,scr1982,avaConv,offshore
it_s,h2084,0.08212687290223954,scr1982,avaConv,offshore
it_s,h2085,0.08199131070520801,scr1982,avaConv,offshore
it_s,h2086,0.0732097923244011,scr1982,avaConv,offshore
it_s,h2087,0.05851487232889381,scr1982,avaConv,offshore
it_s,h2088,0.04863951176785729,scr1982,avaConv,offshore
it_s,h2089,0.056915663079347624,scr1982,avaConv,offshore
it_s,h2090,0.06975909020863169,scr1982,avaConv,offshore
it_s,h2091,0.0831955794169907,scr1982,avaConv,offshore
it_s,h2092,0.10470089645954164,scr1982,avaConv,offshore
it_s,h2093,0.13658068696410167,scr1982,avaConv,offshore
it_s,h2094,0.15255224014623497,scr1982,avaConv,offshore
it_s,h2095,0.13946110770032238,scr1982,avaConv,offshore
it_s,h2096,0.09879517373746738,scr1982,avaConv,offshore
it_s,h2097,0.06390589408367092,scr1982,avaConv,offshore
it_s,h2098,0.039305041025056754,scr1982,avaConv,offshore
it_s,h2099,0.027710526201649613,scr1982,avaConv,offshore
it_s,h2100,0.019781715464693518,scr1982,avaConv,offshore
it_s,h2101,0.01489966861808313,scr1982,avaConv,offshore
it_s,h2102,0.012113161251213658,scr1982,avaConv,offshore
it_s,h2103,0.010356878780343705,scr1982,avaConv,offshore
it_s,h2104,0.007304580779620101,scr1982,avaConv,offshore
it_s,h2105,0.003672629929286733,scr1982,avaConv,offshore
it_s,h2106,0.0016878746635051484,scr1982,avaConv,offshore
it_s,h2107,0.0010812840026116627,scr1982,avaConv,offshore
it_s,h2108,0.003021542052818266,scr1982,avaConv,offshore
it_s,h2109,0.008615910956317236,scr1982,avaConv,offshore
it_s,h2110,0.017185307822283953,scr1982,avaConv,offshore
it_s,h2111,0.021720023916424754,scr1982,avaConv,offshore
it_s,h2112,0.024157327381633845,scr1982,avaConv,offshore
it_s,h2113,0.023091058201174203,scr1982,avaConv,offshore
it_s,h2114,0.024620186742820783,scr1982,avaConv,offshore
it_s,h2115,0.025051628875802277,scr1982,avaConv,offshore
it_s,h2116,0.02714655012533888,scr1982,avaConv,offshore
it_s,h2117,0.03492924871502531,scr1982,avaConv,offshore
it_s,h2118,0.05087867440480304,scr1982,avaConv,offshore
it_s,h2119,0.07334806527250932,scr1982,avaConv,offshore
it_s,h2120,0.08473864824016432,scr1982,avaConv,offshore
it_s,h2121,0.07433529889003543,scr1982,avaConv,offshore
it_s,h2122,0.045794117716482785,scr1982,avaConv,offshore
it_s,h2123,0.019675343142159216,scr1982,avaConv,offshore
it_s,h2124,0.006936096880776668,scr1982,avaConv,offshore
it_s,h2125,0.004414284774125472,scr1982,avaConv,offshore
it_s,h2126,0.006549852433473987,scr1982,avaConv,offshore
it_s,h2127,0.010435641694176722,scr1982,avaConv,offshore
it_s,h2128,0.016114135960539316,scr1982,avaConv,offshore
it_s,h2129,0.02075680499294886,scr1982,avaConv,offshore
it_s,h2130,0.020526591212037665,scr1982,avaConv,offshore
it_s,h2131,0.01593388341718519,scr1982,avaConv,offshore
it_s,h2132,0.010141261186936812,scr1982,avaConv,offshore
it_s,h2133,0.0068667968852730715,scr1982,avaConv,offshore
it_s,h2134,0.005377837740997734,scr1982,avaConv,offshore
it_s,h2135,0.005320514966293109,scr1982,avaConv,offshore
it_s,h2136,0.004061634340600522,scr1982,avaConv,offshore
it_s,h2137,0.0025981455155024828,scr1982,avaConv,offshore
it_s,h2138,0.0006004653239719023,scr1982,avaConv,offshore
it_s,h2139,0.00027637867735813603,scr1982,avaConv,offshore
it_s,h2140,0.0004906422262881665,scr1982,avaConv,offshore
it_s,h2141,0.0007215305693836844,scr1982,avaConv,offshore
it_s,h2142,0.0014140020063315426,scr1982,avaConv,offshore
it_s,h2143,0.004043097514799344,scr1982,avaConv,offshore
it_s,h2144,0.0076225998078780395,scr1982,avaConv,offshore
it_s,h2145,0.011915207323113824,scr1982,avaConv,offshore
it_s,h2146,0.018491086687603648,scr1982,avaConv,offshore
it_s,h2147,0.016487612423378296,scr1982,avaConv,offshore
it_s,h2148,0.018462822678197908,scr1982,avaConv,offshore
it_s,h2149,0.02298128680483009,scr1982,avaConv,offshore
it_s,h2150,0.03951516073302458,scr1982,avaConv,offshore
it_s,h2151,0.05303846222777596,scr1982,avaConv,offshore
it_s,h2152,0.0618085445119878,scr1982,avaConv,offshore
it_s,h2153,0.06925403064176025,scr1982,avaConv,offshore
it_s,h2154,0.07122125463648626,scr1982,avaConv,offshore
it_s,h2155,0.061423586782251925,scr1982,avaConv,offshore
it_s,h2156,0.04508905398519171,scr1982,avaConv,offshore
it_s,h2157,0.028902220279118505,scr1982,avaConv,offshore
it_s,h2158,0.018245472014219742,scr1982,avaConv,offshore
it_s,h2159,0.009230602475566028,scr1982,avaConv,offshore
it_s,h2160,0.005498971736878589,scr1982,avaConv,offshore
it_cn,h1441,0.061830522417901136,scr1982,avaConv,offshore
it_cn,h1442,0.0533759157611245,scr1982,avaConv,offshore
it_cn,h1443,0.040811652107800495,scr1982,avaConv,offshore
it_cn,h1444,0.03118168359154557,scr1982,avaConv,offshore
it_cn,h1445,0.02583372380910409,scr1982,avaConv,offshore
it_cn,h1446,0.02062865175488522,scr1982,avaConv,offshore
it_cn,h1447,0.01272823689494492,scr1982,avaConv,offshore
it_cn,h1448,0.00500795633642813,scr1982,avaConv,offshore
it_cn,h1449,0.0014905929966839762,scr1982,avaConv,offshore
it_cn,h1450,0.0006398458295218911,scr1982,avaConv,offshore
it_cn,h1451,0.0013693096468995886,scr1982,avaConv,offshore
it_cn,h1452,0.0020344476496511146,scr1982,avaConv,offshore
it_cn,h1453,0.0022523369288609918,scr1982,avaConv,offshore
it_cn,h1454,0.0018434897044941091,scr1982,avaConv,offshore
it_cn,h1455,0.0022263722111403234,scr1982,avaConv,offshore
it_cn,h1456,0.0039934462543517475,scr1982,avaConv,offshore
it_cn,h1457,0.007471176367141749,scr1982,avaConv,offshore
it_cn,h1458,0.015303055518315333,scr1982,avaConv,offshore
it_cn,h1459,0.03092278466042856,scr1982,avaConv,offshore
it_cn,h1460,0.04665818794613378,scr1982,avaConv,offshore
it_cn,h1461,0.056986240626207794,scr1982,avaConv,offshore
it_cn,h1462,0.06200718491425064,scr1982,avaConv,offshore
it_cn,h1463,0.0645640044724877,scr1982,avaConv,offshore
it_cn,h1464,0.07304005542876982,scr1982,avaConv,offshore
it_cn,h1465,0.0843176949821161,scr1982,avaConv,offshore
it_cn,h1466,0.11507415764138183,scr1982,avaConv,offshore
it_cn,h1467,0.17598194605415204,scr1982,avaConv,offshore
it_cn,h1468,0.2683014175609275,scr1982,avaConv,offshore
it_cn,h1469,0.35086836718905995,scr1982,avaConv,offshore
it_cn,h1470,0.40228501869236943,scr1982,avaConv,offshore
it_cn,h1471,0.42449818899262487,scr1982,avaConv,offshore
it_cn,h1472,0.45192899567470624,scr1982,avaConv,offshore
it_cn,h1473,0.5087060398182266,scr1982,avaConv,offshore
it_cn,h1474,0.5862211973273407,scr1982,avaConv,offshore
it_cn,h1475,0.6586933351831753,scr1982,avaConv,offshore
it_cn,h1476,0.6942851717713087,scr1982,avaConv,offshore
it_cn,h1477,0.6640904720943623,scr1982,avaConv,offshore
it_cn,h1478,0.5554946056306587,scr1982,avaConv,offshore
it_cn,h1479,0.3986900014810787,scr1982,avaConv,offshore
it_cn,h1480,0.2932996113035162,scr1982,avaConv,offshore
it_cn,h1481,0.2773076370353553,scr1982,avaConv,offshore
it_cn,h1482,0.3065264633781865,scr1982,avaConv,offshore
it_cn,h1483,0.31693468351217785,scr1982,avaConv,offshore
it_cn,h1484,0.29529332244712453,scr1982,avaConv,offshore
it_cn,h1485,0.260809982807697,scr1982,avaConv,offshore
it_cn,h1486,0.21627801509706354,scr1982,avaConv,offshore
it_cn,h1487,0.16555445747466185,scr1982,avaConv,offshore
it_cn,h1488,0.12309748755952814,scr1982,avaConv,offshore
it_cn,h1489,0.08748031512610335,scr1982,avaConv,offshore
it_cn,h1490,0.06535394829978332,scr1982,avaConv,offshore
it_cn,h1491,0.04623229322942399,scr1982,avaConv,offshore
it_cn,h1492,0.028582635599124672,scr1982,avaConv,offshore
it_cn,h1493,0.012951054014208967,scr1982,avaConv,offshore
it_cn,h1494,0.004045343190530498,scr1982,avaConv,offshore
it_cn,h1495,0.0025220967702474176,scr1982,avaConv,offshore
it_cn,h1496,0.007518991908713112,scr1982,avaConv,offshore
it_cn,h1497,0.012974944358173519,scr1982,avaConv,offshore
it_cn,h1498,0.018885807480580243,scr1982,avaConv,offshore
it_cn,h1499,0.021363016055416486,scr1982,avaConv,offshore
it_cn,h1500,0.029418703325260958,scr1982,avaConv,offshore
it_cn,h1501,0.0284797523528272,scr1982,avaConv,offshore
it_cn,h1502,0.02502755573954021,scr1982,avaConv,offshore
it_cn,h1503,0.016786613558628566,scr1982,avaConv,offshore
it_cn,h1504,0.0189866117209167,scr1982,avaConv,offshore
it_cn,h1505,0.023094130911603013,scr1982,avaConv,offshore
it_cn,h1506,0.01891184844993466,scr1982,avaConv,offshore
it_cn,h1507,0.012933046289314498,scr1982,avaConv,offshore
it_cn,h1508,0.010718940871194465,scr1982,avaConv,offshore
it_cn,h1509,0.022511578796682266,scr1982,avaConv,offshore
it_cn,h1510,0.04141208513176785,scr1982,avaConv,offshore
it_cn,h1511,0.05957557630836621,scr1982,avaConv,offshore
it_cn,h1512,0.07937797258582882,scr1982,avaConv,offshore
it_cn,h1513,0.06553459549443566,scr1982,avaConv,offshore
it_cn,h1514,0.051788612752484905,scr1982,avaConv,offshore
it_cn,h1515,0.036642299469864845,scr1982,avaConv,offshore
it_cn,h1516,0.05074753820222302,scr1982,avaConv,offshore
it_cn,h1517,0.06326096145398659,scr1982,avaConv,offshore
it_cn,h1518,0.06833803698615909,scr1982,avaConv,offshore
it_cn,h1519,0.06600324625890044,scr1982,avaConv,offshore
it_cn,h1520,0.05844742467767707,scr1982,avaConv,offshore
it_cn,h1521,0.05046138626027143,scr1982,avaConv,offshore
it_cn,h1522,0.04159791199340808,scr1982,avaConv,offshore
it_cn,h1523,0.03630845024677632,scr1982,avaConv,offshore
it_cn,h1524,0.031038174210558076,scr1982,avaConv,offshore
it_cn,h1525,0.02955774833209318,scr1982,avaConv,offshore
it_cn,h1526,0.028704292205893052,scr1982,avaConv,offshore
it_cn,h1527,0.03294233583746818,scr1982,avaConv,offshore
it_cn,h1528,0.04243559547279137,scr1982,avaConv,offshore
it_cn,h1529,0.056893995768271706,scr1982,avaConv,offshore
it_cn,h1530,0.07308416940237618,scr1982,avaConv,offshore
it_cn,h1531,0.08358800451449365,scr1982,avaConv,offshore
it_cn,h1532,0.08707570077117019,scr1982,avaConv,offshore
it_cn,h1533,0.08007881403876732,scr1982,avaConv,offshore
it_cn,h1534,0.06641098791223594,scr1982,avaConv,offshore
it_cn,h1535,0.045230016465309324,scr1982,avaConv,offshore
it_cn,h1536,0.02348578047103177,scr1982,avaConv,offshore
it_cn,h1537,0.008136060978929795,scr1982,avaConv,offshore
it_cn,h1538,0.002017583591967204,scr1982,avaConv,offshore
it_cn,h1539,0.000831349500770221,scr1982,avaConv,offshore
it_cn,h1540,0.0005447843807724473,scr1982,avaConv,offshore
it_cn,h1541,0.00038171993018076416,scr1982,avaConv,offshore
it_cn,h1542,0.000578488739200964,scr1982,avaConv,offshore
it_cn,h1543,0.0007505929377146334,scr1982,avaConv,offshore
it_cn,h1544,0.0019772518243008305,scr1982,avaConv,offshore
it_cn,h1545,0.0035697945315519798,scr1982,avaConv,offshore
it_cn,h1546,0.005270892251322259,scr1982,avaConv,offshore
it_cn,h1547,0.0037017186593517547,scr1982,avaConv,offshore
it_cn,h1548,0.001756739606736147,scr1982,avaConv,offshore
it_cn,h1549,0.00011093652672506853,scr1982,avaConv,offshore
it_cn,h1550,0.0006087703495599869,scr1982,avaConv,offshore
it_cn,h1551,0.0021636858113590583,scr1982,avaConv,offshore
it_cn,h1552,0.005805993190945374,scr1982,avaConv,offshore
it_cn,h1553,0.013437255309204555,scr1982,avaConv,offshore
it_cn,h1554,0.02583868250700291,scr1982,avaConv,offshore
it_cn,h1555,0.040499831475795986,scr1982,avaConv,offshore
it_cn,h1556,0.05039416940939597,scr1982,avaConv,offshore
it_cn,h1557,0.0503089829720829,scr1982,avaConv,offshore
it_cn,h1558,0.04103806494609119,scr1982,avaConv,offshore
it_cn,h1559,0.02585396944284868,scr1982,avaConv,offshore
it_cn,h1560,0.014736749098910875,scr1982,avaConv,offshore
it_cn,h1561,0.008109946814054548,scr1982,avaConv,offshore
it_cn,h1562,0.006430390954610217,scr1982,avaConv,offshore
it_cn,h1563,0.004553419574459692,scr1982,avaConv,offshore
it_cn,h1564,0.0023510413699638047,scr1982,avaConv,offshore
it_cn,h1565,0.0009308754042945537,scr1982,avaConv,offshore
it_cn,h1566,0.00011123078850309309,scr1982,avaConv,offshore
it_cn,h1567,0.0,scr1982,avaConv,offshore
it_cn,h1568,0.0,scr1982,avaConv,offshore
it_cn,h1569,0.0,scr1982,avaConv,offshore
it_cn,h1570,0.0,scr1982,avaConv,offshore
it_cn,h1571,0.0,scr1982,avaConv,offshore
it_cn,h1572,0.0,scr1982,avaConv,offshore
it_cn,h1573,0.0,scr1982,avaConv,offshore
it_cn,h1574,0.0003008975569207966,scr1982,avaConv,offshore
it_cn,h1575,0.001016422648408069,scr1982,avaConv,offshore
it_cn,h1576,0.0041667440939553175,scr1982,avaConv,offshore
it_cn,h1577,0.007734125862918427,scr1982,avaConv,offshore
it_cn,h1578,0.013263667593325213,scr1982,avaConv,offshore
it_cn,h1579,0.016662367092980416,scr1982,avaConv,offshore
it_cn,h1580,0.017381452230921916,scr1982,avaConv,offshore
it_cn,h1581,0.015435748545688115,scr1982,avaConv,offshore
it_cn,h1582,0.01339977477977168,scr1982,avaConv,offshore
it_cn,h1583,0.01739071736516867,scr1982,avaConv,offshore
it_cn,h1584,0.01949369801189529,scr1982,avaConv,offshore
it_cn,h1585,0.01856363630473741,scr1982,avaConv,offshore
it_cn,h1586,0.013649931894429404,scr1982,avaConv,offshore
it_cn,h1587,0.01112562989424059,scr1982,avaConv,offshore
it_cn,h1588,0.011092820658999632,scr1982,avaConv,offshore
it_cn,h1589,0.00880063190977559,scr1982,avaConv,offshore
it_cn,h1590,0.005221093440660816,scr1982,avaConv,offshore
it_cn,h1591,0.0020777177025889104,scr1982,avaConv,offshore
it_cn,h1592,0.0016970353438979175,scr1982,avaConv,offshore
it_cn,h1593,0.003480141820978755,scr1982,avaConv,offshore
it_cn,h1594,0.006606040248733737,scr1982,avaConv,offshore
it_cn,h1595,0.016509478378490115,scr1982,avaConv,offshore
it_cn,h1596,0.0238205837375775,scr1982,avaConv,offshore
it_cn,h1597,0.028072609133241517,scr1982,avaConv,offshore
it_cn,h1598,0.024866746354139133,scr1982,avaConv,offshore
it_cn,h1599,0.024779915893349037,scr1982,avaConv,offshore
it_cn,h1600,0.024195636771102324,scr1982,avaConv,offshore
it_cn,h1601,0.018658645425178214,scr1982,avaConv,offshore
it_cn,h1602,0.010264350804510033,scr1982,avaConv,offshore
it_cn,h1603,0.005043838451749827,scr1982,avaConv,offshore
it_cn,h1604,0.005367023544187287,scr1982,avaConv,offshore
it_cn,h1605,0.008703881647069586,scr1982,avaConv,offshore
it_cn,h1606,0.012893697910636694,scr1982,avaConv,offshore
it_cn,h1607,0.012571597816086903,scr1982,avaConv,offshore
it_cn,h1608,0.009794206202428645,scr1982,avaConv,offshore
it_cn,h1609,0.004899260667625259,scr1982,avaConv,offshore
it_cn,h1610,0.0024546481409371155,scr1982,avaConv,offshore
it_cn,h1611,0.0009727362659445845,scr1982,avaConv,offshore
it_cn,h1612,0.0004946844281153757,scr1982,avaConv,offshore
it_cn,h1613,0.002869453110968423,scr1982,avaConv,offshore
it_cn,h1614,0.008272510543222495,scr1982,avaConv,offshore
it_cn,h1615,0.01372686851619259,scr1982,avaConv,offshore
it_cn,h1616,0.016729167133593903,scr1982,avaConv,offshore
it_cn,h1617,0.017660841609887762,scr1982,avaConv,offshore
it_cn,h1618,0.020259973258366717,scr1982,avaConv,offshore
it_cn,h1619,0.02455618790406803,scr1982,avaConv,offshore
it_cn,h1620,0.025461875212333847,scr1982,avaConv,offshore
it_cn,h1621,0.023416004215910745,scr1982,avaConv,offshore
it_cn,h1622,0.021445727067287448,scr1982,avaConv,offshore
it_cn,h1623,0.02527639081451981,scr1982,avaConv,offshore
it_cn,h1624,0.03176202496511837,scr1982,avaConv,offshore
it_cn,h1625,0.03743312496740302,scr1982,avaConv,offshore
it_cn,h1626,0.04370478103454519,scr1982,avaConv,offshore
it_cn,h1627,0.051180300981341735,scr1982,avaConv,offshore
it_cn,h1628,0.05556327016632298,scr1982,avaConv,offshore
it_cn,h1629,0.05598430173262039,scr1982,avaConv,offshore
it_cn,h1630,0.052735702518628136,scr1982,avaConv,offshore
it_cn,h1631,0.042515038391847455,scr1982,avaConv,offshore
it_cn,h1632,0.03509416963886086,scr1982,avaConv,offshore
it_cn,h1633,0.028910712498981844,scr1982,avaConv,offshore
it_cn,h1634,0.02821601228929466,scr1982,avaConv,offshore
it_cn,h1635,0.027437466032871137,scr1982,avaConv,offshore
it_cn,h1636,0.030314942025556627,scr1982,avaConv,offshore
it_cn,h1637,0.03832932662550367,scr1982,avaConv,offshore
it_cn,h1638,0.055289768695602155,scr1982,avaConv,offshore
it_cn,h1639,0.08216187972912613,scr1982,avaConv,offshore
it_cn,h1640,0.11400661471596626,scr1982,avaConv,offshore
it_cn,h1641,0.14430915511939854,scr1982,avaConv,offshore
it_cn,h1642,0.17209208834185363,scr1982,avaConv,offshore
it_cn,h1643,0.20329670289914428,scr1982,avaConv,offshore
it_cn,h1644,0.21598827901573178,scr1982,avaConv,offshore
it_cn,h1645,0.21290342947998042,scr1982,avaConv,offshore
it_cn,h1646,0.1946461959637792,scr1982,avaConv,offshore
it_cn,h1647,0.17818567783958664,scr1982,avaConv,offshore
it_cn,h1648,0.15288257034599242,scr1982,avaConv,offshore
it_cn,h1649,0.12088279145478058,scr1982,avaConv,offshore
it_cn,h1650,0.08807495068220958,scr1982,avaConv,offshore
it_cn,h1651,0.0644394551137222,scr1982,avaConv,offshore
it_cn,h1652,0.048293136610425454,scr1982,avaConv,offshore
it_cn,h1653,0.041733562992778916,scr1982,avaConv,offshore
it_cn,h1654,0.041914279325761944,scr1982,avaConv,offshore
it_cn,h1655,0.04829584457627013,scr1982,avaConv,offshore
it_cn,h1656,0.04931344250516987,scr1982,avaConv,offshore
it_cn,h1657,0.045423322225255115,scr1982,avaConv,offshore
it_cn,h1658,0.03335146548727497,scr1982,avaConv,offshore
it_cn,h1659,0.022419328357699345,scr1982,avaConv,offshore
it_cn,h1660,0.013374393371679748,scr1982,avaConv,offshore
it_cn,h1661,0.011322351933324785,scr1982,avaConv,offshore
it_cn,h1662,0.01514215360664501,scr1982,avaConv,offshore
it_cn,h1663,0.023518678978670354,scr1982,avaConv,offshore
it_cn,h1664,0.03353475083704743,scr1982,avaConv,offshore
it_cn,h1665,0.03945896000947635,scr1982,avaConv,offshore
it_cn,h1666,0.0423546945005956,scr1982,avaConv,offshore
it_cn,h1667,0.04834767814575292,scr1982,avaConv,offshore
it_cn,h1668,0.05287477793592836,scr1982,avaConv,offshore
it_cn,h1669,0.05419716973750609,scr1982,avaConv,offshore
it_cn,h1670,0.04823776923159167,scr1982,avaConv,offshore
it_cn,h1671,0.03816826856394417,scr1982,avaConv,offshore
it_cn,h1672,0.027097912574044154,scr1982,avaConv,offshore
it_cn,h1673,0.016986277109239462,scr1982,avaConv,offshore
it_cn,h1674,0.012071199576771264,scr1982,avaConv,offshore
it_cn,h1675,0.008884104257409995,scr1982,avaConv,offshore
it_cn,h1676,0.005507290550702025,scr1982,avaConv,offshore
it_cn,h1677,0.002468969591708342,scr1982,avaConv,offshore
it_cn,h1678,0.0006832913997752497,scr1982,avaConv,offshore
it_cn,h1679,0.003996066443288677,scr1982,avaConv,offshore
it_cn,h1680,0.008700344863883483,scr1982,avaConv,offshore
it_cn,h1681,0.07662238171280282,scr1982,avaConv,offshore
it_cn,h1682,0.13229753739596853,scr1982,avaConv,offshore
it_cn,h1683,0.18180785376375083,scr1982,avaConv,offshore
it_cn,h1684,0.15742885536295106,scr1982,avaConv,offshore
it_cn,h1685,0.1441820069200968,scr1982,avaConv,offshore
it_cn,h1686,0.15917237588213679,scr1982,avaConv,offshore
it_cn,h1687,0.21722410816897383,scr1982,avaConv,offshore
it_cn,h1688,0.278404421839359,scr1982,avaConv,offshore
it_cn,h1689,0.31185688455806404,scr1982,avaConv,offshore
it_cn,h1690,0.32543339329228155,scr1982,avaConv,offshore
it_cn,h1691,0.36438373453713696,scr1982,avaConv,offshore
it_cn,h1692,0.37093586745577667,scr1982,avaConv,offshore
it_cn,h1693,0.33342118594411285,scr1982,avaConv,offshore
it_cn,h1694,0.26914210015820933,scr1982,avaConv,offshore
it_cn,h1695,0.2599338890017673,scr1982,avaConv,offshore
it_cn,h1696,0.2892087247026091,scr1982,avaConv,offshore
it_cn,h1697,0.3264858623133575,scr1982,avaConv,offshore
it_cn,h1698,0.36382465632303573,scr1982,avaConv,offshore
it_cn,h1699,0.41462730533433084,scr1982,avaConv,offshore
it_cn,h1700,0.49560532192878626,scr1982,avaConv,offshore
it_cn,h1701,0.5782203361032109,scr1982,avaConv,offshore
it_cn,h1702,0.6474833730624314,scr1982,avaConv,offshore
it_cn,h1703,0.6778436958383588,scr1982,avaConv,offshore
it_cn,h1704,0.7148343401425613,scr1982,avaConv,offshore
it_cn,h1705,0.7233177311930865,scr1982,avaConv,offshore
it_cn,h1706,0.7152707391192678,scr1982,avaConv,offshore
it_cn,h1707,0.673624484594957,scr1982,avaConv,offshore
it_cn,h1708,0.6219168425860324,scr1982,avaConv,offshore
it_cn,h1709,0.597149237386554,scr1982,avaConv,offshore
it_cn,h1710,0.5764234664646528,scr1982,avaConv,offshore
it_cn,h1711,0.5853269277032443,scr1982,avaConv,offshore
it_cn,h1712,0.6409394056968734,scr1982,avaConv,offshore
it_cn,h1713,0.7126115260751017,scr1982,avaConv,offshore
it_cn,h1714,0.7449314738018501,scr1982,avaConv,offshore
it_cn,h1715,0.6422898890255794,scr1982,avaConv,offshore
it_cn,h1716,0.4849569233838039,scr1982,avaConv,offshore
it_cn,h1717,0.3472713953916511,scr1982,avaConv,offshore
it_cn,h1718,0.2762069211371074,scr1982,avaConv,offshore
it_cn,h1719,0.24078921566314912,scr1982,avaConv,offshore
it_cn,h1720,0.22018743664184884,scr1982,avaConv,offshore
it_cn,h1721,0.21258369663286558,scr1982,avaConv,offshore
it_cn,h1722,0.21686564449090523,scr1982,avaConv,offshore
it_cn,h1723,0.22380345610505945,scr1982,avaConv,offshore
it_cn,h1724,0.2264624525934395,scr1982,avaConv,offshore
it_cn,h1725,0.22023982305359835,scr1982,avaConv,offshore
it_cn,h1726,0.2058077244857313,scr1982,avaConv,offshore
it_cn,h1727,0.18849421821335868,scr1982,avaConv,offshore
it_cn,h1728,0.17301350527125758,scr1982,avaConv,offshore
it_cn,h1729,0.16075543576608947,scr1982,avaConv,offshore
it_cn,h1730,0.14879201008259021,scr1982,avaConv,offshore
it_cn,h1731,0.133031147692261,scr1982,avaConv,offshore
it_cn,h1732,0.10943465820933958,scr1982,avaConv,offshore
it_cn,h1733,0.08029076281773206,scr1982,avaConv,offshore
it_cn,h1734,0.05195925434170233,scr1982,avaConv,offshore
it_cn,h1735,0.03135272751728659,scr1982,avaConv,offshore
it_cn,h1736,0.02117207945430662,scr1982,avaConv,offshore
it_cn,h1737,0.020003487343192,scr1982,avaConv,offshore
it_cn,h1738,0.021974228337902312,scr1982,avaConv,offshore
it_cn,h1739,0.022408329750193558,scr1982,avaConv,offshore
it_cn,h1740,0.015817127719980114,scr1982,avaConv,offshore
it_cn,h1741,0.008530929552374476,scr1982,avaConv,offshore
it_cn,h1742,0.003208406130801282,scr1982,avaConv,offshore
it_cn,h1743,0.0030555601962310693,scr1982,avaConv,offshore
it_cn,h1744,0.005684331254925721,scr1982,avaConv,offshore
it_cn,h1745,0.008930363695805594,scr1982,avaConv,offshore
it_cn,h1746,0.011259498598600589,scr1982,avaConv,offshore
it_cn,h1747,0.012436341797219481,scr1982,avaConv,offshore
it_cn,h1748,0.01347814301187713,scr1982,avaConv,offshore
it_cn,h1749,0.013770958664529515,scr1982,avaConv,offshore
it_cn,h1750,0.013557175685635695,scr1982,avaConv,offshore
it_cn,h1751,0.016946009219588054,scr1982,avaConv,offshore
it_cn,h1752,0.018528863649044647,scr1982,avaConv,offshore
it_cn,h1753,0.01682215989430779,scr1982,avaConv,offshore
it_cn,h1754,0.009025180468012447,scr1982,avaConv,offshore
it_cn,h1755,0.004141836992884231,scr1982,avaConv,offshore
it_cn,h1756,0.0013958440860766836,scr1982,avaConv,offshore
it_cn,h1757,0.0008098288337172916,scr1982,avaConv,offshore
it_cn,h1758,0.0002920345648515928,scr1982,avaConv,offshore
it_cn,h1759,0.0005792706040045718,scr1982,avaConv,offshore
it_cn,h1760,0.0023867335396825255,scr1982,avaConv,offshore
it_cn,h1761,0.00558828417008563,scr1982,avaConv,offshore
it_cn,h1762,0.009770078370231378,scr1982,avaConv,offshore
it_cn,h1763,0.02294599715038463,scr1982,avaConv,offshore
it_cn,h1764,0.04284118421821374,scr1982,avaConv,offshore
it_cn,h1765,0.08367935860118339,scr1982,avaConv,offshore
it_cn,h1766,0.1294337892387688,scr1982,avaConv,offshore
it_cn,h1767,0.15834395637492157,scr1982,avaConv,offshore
it_cn,h1768,0.1662689044045995,scr1982,avaConv,offshore
it_cn,h1769,0.17585119851389253,scr1982,avaConv,offshore
it_cn,h1770,0.20788940087262409,scr1982,avaConv,offshore
it_cn,h1771,0.23155311025197778,scr1982,avaConv,offshore
it_cn,h1772,0.22815948036641484,scr1982,avaConv,offshore
it_cn,h1773,0.2193650460066305,scr1982,avaConv,offshore
it_cn,h1774,0.23757682327939886,scr1982,avaConv,offshore
it_cn,h1775,0.30407048303207257,scr1982,avaConv,offshore
it_cn,h1776,0.4073437776526869,scr1982,avaConv,offshore
it_cn,h1777,0.476939526967388,scr1982,avaConv,offshore
it_cn,h1778,0.4422907546776871,scr1982,avaConv,offshore
it_cn,h1779,0.36023815373030077,scr1982,avaConv,offshore
it_cn,h1780,0.2939098687413663,scr1982,avaConv,offshore
it_cn,h1781,0.23664283011023293,scr1982,avaConv,offshore
it_cn,h1782,0.20554884653733413,scr1982,avaConv,offshore
it_cn,h1783,0.19410011044802158,scr1982,avaConv,offshore
it_cn,h1784,0.21670392433718064,scr1982,avaConv,offshore
it_cn,h1785,0.20745150456819655,scr1982,avaConv,offshore
it_cn,h1786,0.1670000951403016,scr1982,avaConv,offshore
it_cn,h1787,0.12598290292555217,scr1982,avaConv,offshore
it_cn,h1788,0.08306821829437207,scr1982,avaConv,offshore
it_cn,h1789,0.0510714007204771,scr1982,avaConv,offshore
it_cn,h1790,0.044266044937677884,scr1982,avaConv,offshore
it_cn,h1791,0.04974313562991604,scr1982,avaConv,offshore
it_cn,h1792,0.05587900757559002,scr1982,avaConv,offshore
it_cn,h1793,0.05190793389419391,scr1982,avaConv,offshore
it_cn,h1794,0.04486402843560548,scr1982,avaConv,offshore
it_cn,h1795,0.03758264184597151,scr1982,avaConv,offshore
it_cn,h1796,0.03595119449610662,scr1982,avaConv,offshore
it_cn,h1797,0.03436699788547766,scr1982,avaConv,offshore
it_cn,h1798,0.030232425763369604,scr1982,avaConv,offshore
it_cn,h1799,0.020804641456609582,scr1982,avaConv,offshore
it_cn,h1800,0.014116066542192437,scr1982,avaConv,offshore
it_cn,h1801,0.0087415680728418,scr1982,avaConv,offshore
it_cn,h1802,0.006001172764619151,scr1982,avaConv,offshore
it_cn,h1803,0.003044251418535706,scr1982,avaConv,offshore
it_cn,h1804,0.0018421167919805681,scr1982,avaConv,offshore
it_cn,h1805,0.003038070454184401,scr1982,avaConv,offshore
it_cn,h1806,0.003154778754738732,scr1982,avaConv,offshore
it_cn,h1807,0.003049297810938013,scr1982,avaConv,offshore
it_cn,h1808,0.0011773024206489884,scr1982,avaConv,offshore
it_cn,h1809,0.00125796963533088,scr1982,avaConv,offshore
it_cn,h1810,0.004419403264401731,scr1982,avaConv,offshore
it_cn,h1811,0.008132579154147288,scr1982,avaConv,offshore
it_cn,h1812,0.009732552355033399,scr1982,avaConv,offshore
it_cn,h1813,0.008433673090811987,scr1982,avaConv,offshore
it_cn,h1814,0.005413518697525736,scr1982,avaConv,offshore
it_cn,h1815,0.003290669723077275,scr1982,avaConv,offshore
it_cn,h1816,0.0013248918248677812,scr1982,avaConv,offshore
it_cn,h1817,0.0019238936283421004,scr1982,avaConv,offshore
it_cn,h1818,0.005904153181211613,scr1982,avaConv,offshore
it_cn,h1819,0.01238850184587821,scr1982,avaConv,offshore
it_cn,h1820,0.016183464022436457,scr1982,avaConv,offshore
it_cn,h1821,0.014231461681466771,scr1982,avaConv,offshore
it_cn,h1822,0.009851141335435349,scr1982,avaConv,offshore
it_cn,h1823,0.005930724248339869,scr1982,avaConv,offshore
it_cn,h1824,0.0057682923210515295,scr1982,avaConv,offshore
it_cn,h1825,0.006945480056565656,scr1982,avaConv,offshore
it_cn,h1826,0.013186327972076278,scr1982,avaConv,offshore
it_cn,h1827,0.022148308013995394,scr1982,avaConv,offshore
it_cn,h1828,0.032559464481615646,scr1982,avaConv,offshore
it_cn,h1829,0.04399310525140627,scr1982,avaConv,offshore
it_cn,h1830,0.05344895658845027,scr1982,avaConv,offshore
it_cn,h1831,0.05898283840614098,scr1982,avaConv,offshore
it_cn,h1832,0.055602464753068875,scr1982,avaConv,offshore
it_cn,h1833,0.045000200163109016,scr1982,avaConv,offshore
it_cn,h1834,0.03195789077646036,scr1982,avaConv,offshore
it_cn,h1835,0.02657655213034234,scr1982,avaConv,offshore
it_cn,h1836,0.024123332539453656,scr1982,avaConv,offshore
it_cn,h1837,0.025959900402939134,scr1982,avaConv,offshore
it_cn,h1838,0.02563456702187086,scr1982,avaConv,offshore
it_cn,h1839,0.027957637314298497,scr1982,avaConv,offshore
it_cn,h1840,0.02721323607064748,scr1982,avaConv,offshore
it_cn,h1841,0.022053400392816152,scr1982,avaConv,offshore
it_cn,h1842,0.015349002056995326,scr1982,avaConv,offshore
it_cn,h1843,0.01184332544244756,scr1982,avaConv,offshore
it_cn,h1844,0.011663933129407,scr1982,avaConv,offshore
it_cn,h1845,0.011835092422035386,scr1982,avaConv,offshore
it_cn,h1846,0.010433146141653539,scr1982,avaConv,offshore
it_cn,h1847,0.007382375400366266,scr1982,avaConv,offshore
it_cn,h1848,0.0050199526092174806,scr1982,avaConv,offshore
it_cn,h1849,0.0025670635334579454,scr1982,avaConv,offshore
it_cn,h1850,0.0012987531116114876,scr1982,avaConv,offshore
it_cn,h1851,0.00022729285669954673,scr1982,avaConv,offshore
it_cn,h1852,0.0006636986214375957,scr1982,avaConv,offshore
it_cn,h1853,0.0032567939455564877,scr1982,avaConv,offshore
it_cn,h1854,0.008551755380900344,scr1982,avaConv,offshore
it_cn,h1855,0.020271682301950453,scr1982,avaConv,offshore
it_cn,h1856,0.03823524650081177,scr1982,avaConv,offshore
it_cn,h1857,0.06026914674431183,scr1982,avaConv,offshore
it_cn,h1858,0.07830213999207987,scr1982,avaConv,offshore
it_cn,h1859,0.07656470904300548,scr1982,avaConv,offshore
it_cn,h1860,0.08007431798162032,scr1982,avaConv,offshore
it_cn,h1861,0.09569329067877734,scr1982,avaConv,offshore
it_cn,h1862,0.13432553339881506,scr1982,avaConv,offshore
it_cn,h1863,0.17767448950067052,scr1982,avaConv,offshore
it_cn,h1864,0.22608168980041593,scr1982,avaConv,offshore
it_cn,h1865,0.2921689373922055,scr1982,avaConv,offshore
it_cn,h1866,0.38118868548465157,scr1982,avaConv,offshore
it_cn,h1867,0.48028576658708677,scr1982,avaConv,offshore
it_cn,h1868,0.5611466419148168,scr1982,avaConv,offshore
it_cn,h1869,0.5967200111714474,scr1982,avaConv,offshore
it_cn,h1870,0.5902563367820635,scr1982,avaConv,offshore
it_cn,h1871,0.5889454087790248,scr1982,avaConv,offshore
it_cn,h1872,0.6097249906550625,scr1982,avaConv,offshore
it_cn,h1873,0.6162142867147627,scr1982,avaConv,offshore
it_cn,h1874,0.5410205520525121,scr1982,avaConv,offshore
it_cn,h1875,0.44097446912225324,scr1982,avaConv,offshore
it_cn,h1876,0.39988538322873546,scr1982,avaConv,offshore
it_cn,h1877,0.4328528855659687,scr1982,avaConv,offshore
it_cn,h1878,0.4985117222928906,scr1982,avaConv,offshore
it_cn,h1879,0.5484720523591851,scr1982,avaConv,offshore
it_cn,h1880,0.5860467778990495,scr1982,avaConv,offshore
it_cn,h1881,0.5779251130641649,scr1982,avaConv,offshore
it_cn,h1882,0.5444262045788628,scr1982,avaConv,offshore
it_cn,h1883,0.5290717093348449,scr1982,avaConv,offshore
it_cn,h1884,0.5519483365979956,scr1982,avaConv,offshore
it_cn,h1885,0.5758180866364474,scr1982,avaConv,offshore
it_cn,h1886,0.5914741224516673,scr1982,avaConv,offshore
it_cn,h1887,0.6010855099856771,scr1982,avaConv,offshore
it_cn,h1888,0.6106376196361955,scr1982,avaConv,offshore
it_cn,h1889,0.5812093623907278,scr1982,avaConv,offshore
it_cn,h1890,0.5230993753381598,scr1982,avaConv,offshore
it_cn,h1891,0.45535575355492114,scr1982,avaConv,offshore
it_cn,h1892,0.39982690247434344,scr1982,avaConv,offshore
it_cn,h1893,0.3552565508180325,scr1982,avaConv,offshore
it_cn,h1894,0.30058096294918024,scr1982,avaConv,offshore
it_cn,h1895,0.23373201198526533,scr1982,avaConv,offshore
it_cn,h1896,0.16203628374740522,scr1982,avaConv,offshore
it_cn,h1897,0.11930594134732822,scr1982,avaConv,offshore
it_cn,h1898,0.11722284645173103,scr1982,avaConv,offshore
it_cn,h1899,0.14483744223565695,scr1982,avaConv,offshore
it_cn,h1900,0.1646704960540421,scr1982,avaConv,offshore
it_cn,h1901,0.17358737133502675,scr1982,avaConv,offshore
it_cn,h1902,0.1920455073112638,scr1982,avaConv,offshore
it_cn,h1903,0.2503179343738178,scr1982,avaConv,offshore
it_cn,h1904,0.31413799824524835,scr1982,avaConv,offshore
it_cn,h1905,0.31610362151841986,scr1982,avaConv,offshore
it_cn,h1906,0.2579258736150428,scr1982,avaConv,offshore
it_cn,h1907,0.2130233763788163,scr1982,avaConv,offshore
it_cn,h1908,0.1997217829923662,scr1982,avaConv,offshore
it_cn,h1909,0.2025615536004221,scr1982,avaConv,offshore
it_cn,h1910,0.17933083732024035,scr1982,avaConv,offshore
it_cn,h1911,0.15534460473547668,scr1982,avaConv,offshore
it_cn,h1912,0.1428836842697079,scr1982,avaConv,offshore
it_cn,h1913,0.14801744729820382,scr1982,avaConv,offshore
it_cn,h1914,0.16977593750675268,scr1982,avaConv,offshore
it_cn,h1915,0.1998217015170055,scr1982,avaConv,offshore
it_cn,h1916,0.22633864088779887,scr1982,avaConv,offshore
it_cn,h1917,0.2387388340294409,scr1982,avaConv,offshore
it_cn,h1918,0.23352199317860503,scr1982,avaConv,offshore
it_cn,h1919,0.2183378228014499,scr1982,avaConv,offshore
it_cn,h1920,0.2048367211218918,scr1982,avaConv,offshore
it_cn,h1921,0.19936762439430217,scr1982,avaConv,offshore
it_cn,h1922,0.2017873055161764,scr1982,avaConv,offshore
it_cn,h1923,0.2083794601041039,scr1982,avaConv,offshore
it_cn,h1924,0.21853568092057715,scr1982,avaConv,offshore
it_cn,h1925,0.21856326019561315,scr1982,avaConv,offshore
it_cn,h1926,0.20245291499134815,scr1982,avaConv,offshore
it_cn,h1927,0.17309427446486073,scr1982,avaConv,offshore
it_cn,h1928,0.14817002444306016,scr1982,avaConv,offshore
it_cn,h1929,0.1250228593913029,scr1982,avaConv,offshore
it_cn,h1930,0.101126521631453,scr1982,avaConv,offshore
it_cn,h1931,0.07343369992470797,scr1982,avaConv,offshore
it_cn,h1932,0.04870946361453561,scr1982,avaConv,offshore
it_cn,h1933,0.030171357107171275,scr1982,avaConv,offshore
it_cn,h1934,0.016864189028963066,scr1982,avaConv,offshore
it_cn,h1935,0.009304051651405094,scr1982,avaConv,offshore
it_cn,h1936,0.005775514754688448,scr1982,avaConv,offshore
it_cn,h1937,0.006866031623602031,scr1982,avaConv,offshore
it_cn,h1938,0.008790348300528723,scr1982,avaConv,offshore
it_cn,h1939,0.01035486352552959,scr1982,avaConv,offshore
it_cn,h1940,0.009578653795380048,scr1982,avaConv,offshore
it_cn,h1941,0.00855009419950793,scr1982,avaConv,offshore
it_cn,h1942,0.007169096209328233,scr1982,avaConv,offshore
it_cn,h1943,0.004321792467129405,scr1982,avaConv,offshore
it_cn,h1944,0.00179436989070826,scr1982,avaConv,offshore
it_cn,h1945,0.00018623883870695385,scr1982,avaConv,offshore
it_cn,h1946,0.0,scr1982,avaConv,offshore
it_cn,h1947,0.0,scr1982,avaConv,offshore
it_cn,h1948,0.0,scr1982,avaConv,offshore
it_cn,h1949,0.0,scr1982,avaConv,offshore
it_cn,h1950,0.0,scr1982,avaConv,offshore
it_cn,h1951,0.0,scr1982,avaConv,offshore
it_cn,h1952,0.0,scr1982,avaConv,offshore
it_cn,h1953,0.0,scr1982,avaConv,offshore
it_cn,h1954,0.0,scr1982,avaConv,offshore
it_cn,h1955,0.00016419627542301463,scr1982,avaConv,offshore
it_cn,h1956,0.0005432521873691184,scr1982,avaConv,offshore
it_cn,h1957,0.0010327382234066298,scr1982,avaConv,offshore
it_cn,h1958,0.001014754563545697,scr1982,avaConv,offshore
it_cn,h1959,0.0006459118419539339,scr1982,avaConv,offshore
it_cn,h1960,0.00012789739313422694,scr1982,avaConv,offshore
it_cn,h1961,0.0,scr1982,avaConv,offshore
it_cn,h1962,0.0,scr1982,avaConv,offshore
it_cn,h1963,0.0,scr1982,avaConv,offshore
it_cn,h1964,0.0,scr1982,avaConv,offshore
it_cn,h1965,0.00012914925724736748,scr1982,avaConv,offshore
it_cn,h1966,0.00044657725751217183,scr1982,avaConv,offshore
it_cn,h1967,0.0012572971541659238,scr1982,avaConv,offshore
it_cn,h1968,0.0019909672156664658,scr1982,avaConv,offshore
it_cn,h1969,0.0022430114785944723,scr1982,avaConv,offshore
it_cn,h1970,0.0016291356303733025,scr1982,avaConv,offshore
it_cn,h1971,0.0008601566628118634,scr1982,avaConv,offshore
it_cn,h1972,0.0007561109200333272,scr1982,avaConv,offshore
it_cn,h1973,0.002462171962039227,scr1982,avaConv,offshore
it_cn,h1974,0.006896978138526077,scr1982,avaConv,offshore
it_cn,h1975,0.014020791941765197,scr1982,avaConv,offshore
it_cn,h1976,0.02206115309238847,scr1982,avaConv,offshore
it_cn,h1977,0.023847583168242963,scr1982,avaConv,offshore
it_cn,h1978,0.018017404413967784,scr1982,avaConv,offshore
it_cn,h1979,0.00844773858844213,scr1982,avaConv,offshore
it_cn,h1980,0.002286278671584559,scr1982,avaConv,offshore
it_cn,h1981,0.000619924759614373,scr1982,avaConv,offshore
it_cn,h1982,0.0018723038841297049,scr1982,avaConv,offshore
it_cn,h1983,0.004443553444477627,scr1982,avaConv,offshore
it_cn,h1984,0.006708573289974137,scr1982,avaConv,offshore
it_cn,h1985,0.007933168749232543,scr1982,avaConv,offshore
it_cn,h1986,0.010486777674491401,scr1982,avaConv,offshore
it_cn,h1987,0.014705684102511715,scr1982,avaConv,offshore
it_cn,h1988,0.018860130983252163,scr1982,avaConv,offshore
it_cn,h1989,0.020484171430183155,scr1982,avaConv,offshore
it_cn,h1990,0.018630045906711464,scr1982,avaConv,offshore
it_cn,h1991,0.013200940094709231,scr1982,avaConv,offshore
it_cn,h1992,0.006800142352540397,scr1982,avaConv,offshore
it_cn,h1993,0.0021185773884441787,scr1982,avaConv,offshore
it_cn,h1994,0.0003701432217821951,scr1982,avaConv,offshore
it_cn,h1995,0.0,scr1982,avaConv,offshore
it_cn,h1996,0.0,scr1982,avaConv,offshore
it_cn,h1997,0.00032396633452007654,scr1982,avaConv,offshore
it_cn,h1998,0.0010797557572642413,scr1982,avaConv,offshore
it_cn,h1999,0.0022743282270878897,scr1982,avaConv,offshore
it_cn,h2000,0.003821468896868435,scr1982,avaConv,offshore
it_cn,h2001,0.006212594796575441,scr1982,avaConv,offshore
it_cn,h2002,0.009403088978626154,scr1982,avaConv,offshore
it_cn,h2003,0.017789842426696397,scr1982,avaConv,offshore
it_cn,h2004,0.028492231684435893,scr1982,avaConv,offshore
it_cn,h2005,0.044222980065351115,scr1982,avaConv,offshore
it_cn,h2006,0.057696668677033,scr1982,avaConv,offshore
it_cn,h2007,0.06632178963920056,scr1982,avaConv,offshore
it_cn,h2008,0.0726205489470803,scr1982,avaConv,offshore
it_cn,h2009,0.08958198034929644,scr1982,avaConv,offshore
it_cn,h2010,0.1253515555206226,scr1982,avaConv,offshore
it_cn,h2011,0.1632130753309055,scr1982,avaConv,offshore
it_cn,h2012,0.19665023068350312,scr1982,avaConv,offshore
it_cn,h2013,0.2169098974223947,scr1982,avaConv,offshore
it_cn,h2014,0.2233680547509789,scr1982,avaConv,offshore
it_cn,h2015,0.23181997969348678,scr1982,avaConv,offshore
it_cn,h2016,0.2326376719931439,scr1982,avaConv,offshore
it_cn,h2017,0.1988699009109435,scr1982,avaConv,offshore
it_cn,h2018,0.1594038889824278,scr1982,avaConv,offshore
it_cn,h2019,0.13551494430489935,scr1982,avaConv,offshore
it_cn,h2020,0.15940713044906976,scr1982,avaConv,offshore
it_cn,h2021,0.1738451799779696,scr1982,avaConv,offshore
it_cn,h2022,0.16589721203264232,scr1982,avaConv,offshore
it_cn,h2023,0.14057594420008923,scr1982,avaConv,offshore
it_cn,h2024,0.11149091943471126,scr1982,avaConv,offshore
it_cn,h2025,0.08645150816003441,scr1982,avaConv,offshore
it_cn,h2026,0.06859545197224019,scr1982,avaConv,offshore
it_cn,h2027,0.0592550002291134,scr1982,avaConv,offshore
it_cn,h2028,0.058493910498174886,scr1982,avaConv,offshore
it_cn,h2029,0.06858627628608362,scr1982,avaConv,offshore
it_cn,h2030,0.09055672184886818,scr1982,avaConv,offshore
it_cn,h2031,0.11934468462132096,scr1982,avaConv,offshore
it_cn,h2032,0.153981292723855,scr1982,avaConv,offshore
it_cn,h2033,0.18306125904458806,scr1982,avaConv,offshore
it_cn,h2034,0.19819130622063183,scr1982,avaConv,offshore
it_cn,h2035,0.19973125978800824,scr1982,avaConv,offshore
it_cn,h2036,0.20204507714822378,scr1982,avaConv,offshore
it_cn,h2037,0.22518994164920506,scr1982,avaConv,offshore
it_cn,h2038,0.25865991059896265,scr1982,avaConv,offshore
it_cn,h2039,0.293555402134756,scr1982,avaConv,offshore
it_cn,h2040,0.30000533199925916,scr1982,avaConv,offshore
it_cn,h2041,0.27336964567233146,scr1982,avaConv,offshore
it_cn,h2042,0.23130424731968532,scr1982,avaConv,offshore
it_cn,h2043,0.19220045381914827,scr1982,avaConv,offshore
it_cn,h2044,0.16693158902578678,scr1982,avaConv,offshore
it_cn,h2045,0.13404759953533404,scr1982,avaConv,offshore
it_cn,h2046,0.10130396545820314,scr1982,avaConv,offshore
it_cn,h2047,0.0743923833205931,scr1982,avaConv,offshore
it_cn,h2048,0.06050039190184965,scr1982,avaConv,offshore
it_cn,h2049,0.05980008109014027,scr1982,avaConv,offshore
it_cn,h2050,0.06669897336483421,scr1982,avaConv,offshore
it_cn,h2051,0.0706280788614258,scr1982,avaConv,offshore
it_cn,h2052,0.0766117982766135,scr1982,avaConv,offshore
it_cn,h2053,0.08910163765165602,scr1982,avaConv,offshore
it_cn,h2054,0.12119479406885046,scr1982,avaConv,offshore
it_cn,h2055,0.17908578374093695,scr1982,avaConv,offshore
it_cn,h2056,0.2732666410262632,scr1982,avaConv,offshore
it_cn,h2057,0.3943335264578175,scr1982,avaConv,offshore
it_cn,h2058,0.5097818923471911,scr1982,avaConv,offshore
it_cn,h2059,0.5818779749888541,scr1982,avaConv,offshore
it_cn,h2060,0.6006719453361622,scr1982,avaConv,offshore
it_cn,h2061,0.5694445893324169,scr1982,avaConv,offshore
it_cn,h2062,0.5062122600994368,scr1982,avaConv,offshore
it_cn,h2063,0.4229744930189899,scr1982,avaConv,offshore
it_cn,h2064,0.3420527487530323,scr1982,avaConv,offshore
it_cn,h2065,0.2905135569765362,scr1982,avaConv,offshore
it_cn,h2066,0.275374076609105,scr1982,avaConv,offshore
it_cn,h2067,0.28485643798505406,scr1982,avaConv,offshore
it_cn,h2068,0.29129702433400934,scr1982,avaConv,offshore
it_cn,h2069,0.2740778976506209,scr1982,avaConv,offshore
it_cn,h2070,0.2454721961539944,scr1982,avaConv,offshore
it_cn,h2071,0.2210897905971141,scr1982,avaConv,offshore
it_cn,h2072,0.21014034208480356,scr1982,avaConv,offshore
it_cn,h2073,0.19696887019588685,scr1982,avaConv,offshore
it_cn,h2074,0.1631884149477479,scr1982,avaConv,offshore
it_cn,h2075,0.11986193408543644,scr1982,avaConv,offshore
it_cn,h2076,0.07834739830596181,scr1982,avaConv,offshore
it_cn,h2077,0.051736140674107284,scr1982,avaConv,offshore
it_cn,h2078,0.038246453608059255,scr1982,avaConv,offshore
it_cn,h2079,0.03896928090510451,scr1982,avaConv,offshore
it_cn,h2080,0.04774099591236067,scr1982,avaConv,offshore
it_cn,h2081,0.06385981472617526,scr1982,avaConv,offshore
it_cn,h2082,0.08069992536096078,scr1982,avaConv,offshore
it_cn,h2083,0.09979354562051082,scr1982,avaConv,offshore
it_cn,h2084,0.11891615609034836,scr1982,avaConv,offshore
it_cn,h2085,0.13317283020172424,scr1982,avaConv,offshore
it_cn,h2086,0.13913427383319735,scr1982,avaConv,offshore
it_cn,h2087,0.14103157286907592,scr1982,avaConv,offshore
it_cn,h2088,0.12916706635872066,scr1982,avaConv,offshore
it_cn,h2089,0.11149583359275303,scr1982,avaConv,offshore
it_cn,h2090,0.0853332561410041,scr1982,avaConv,offshore
it_cn,h2091,0.06604258658798033,scr1982,avaConv,offshore
it_cn,h2092,0.05375885193884304,scr1982,avaConv,offshore
it_cn,h2093,0.04542434822399994,scr1982,avaConv,offshore
it_cn,h2094,0.04152079629529567,scr1982,avaConv,offshore
it_cn,h2095,0.038157834560871885,scr1982,avaConv,offshore
it_cn,h2096,0.036189270280239244,scr1982,avaConv,offshore
it_cn,h2097,0.03469174397180746,scr1982,avaConv,offshore
it_cn,h2098,0.03289983872807878,scr1982,avaConv,offshore
it_cn,h2099,0.030135798014045263,scr1982,avaConv,offshore
it_cn,h2100,0.022871799100661266,scr1982,avaConv,offshore
it_cn,h2101,0.01352754517684835,scr1982,avaConv,offshore
it_cn,h2102,0.0060654490118781015,scr1982,avaConv,offshore
it_cn,h2103,0.004893685165214068,scr1982,avaConv,offshore
it_cn,h2104,0.01018971964179649,scr1982,avaConv,offshore
it_cn,h2105,0.021166997879424696,scr1982,avaConv,offshore
it_cn,h2106,0.03379986104711389,scr1982,avaConv,offshore
it_cn,h2107,0.03918938466323472,scr1982,avaConv,offshore
it_cn,h2108,0.03525068786312144,scr1982,avaConv,offshore
it_cn,h2109,0.027692676015105534,scr1982,avaConv,offshore
it_cn,h2110,0.025625364337254698,scr1982,avaConv,offshore
it_cn,h2111,0.02945461822688998,scr1982,avaConv,offshore
it_cn,h2112,0.040452751596010486,scr1982,avaConv,offshore
it_cn,h2113,0.055392162642954115,scr1982,avaConv,offshore
it_cn,h2114,0.07013485899263015,scr1982,avaConv,offshore
it_cn,h2115,0.077390434469351,scr1982,avaConv,offshore
it_cn,h2116,0.07785762202087278,scr1982,avaConv,offshore
it_cn,h2117,0.0805002447236159,scr1982,avaConv,offshore
it_cn,h2118,0.08863972547346977,scr1982,avaConv,offshore
it_cn,h2119,0.10107685750381908,scr1982,avaConv,offshore
it_cn,h2120,0.10895222355385308,scr1982,avaConv,offshore
it_cn,h2121,0.10589719336942559,scr1982,avaConv,offshore
it_cn,h2122,0.08895997130841768,scr1982,avaConv,offshore
it_cn,h2123,0.05898703775490912,scr1982,avaConv,offshore
it_cn,h2124,0.034506112781246434,scr1982,avaConv,offshore
it_cn,h2125,0.017989124186107798,scr1982,avaConv,offshore
it_cn,h2126,0.013453643869587523,scr1982,avaConv,offshore
it_cn,h2127,0.009958372893732022,scr1982,avaConv,offshore
it_cn,h2128,0.008504452918367274,scr1982,avaConv,offshore
it_cn,h2129,0.008602295208997454,scr1982,avaConv,offshore
it_cn,h2130,0.011568044876205288,scr1982,avaConv,offshore
it_cn,h2131,0.019401038047145634,scr1982,avaConv,offshore
it_cn,h2132,0.03575073569857096,scr1982,avaConv,offshore
it_cn,h2133,0.059562892364207684,scr1982,avaConv,offshore
it_cn,h2134,0.07994910636143135,scr1982,avaConv,offshore
it_cn,h2135,0.09926714294723916,scr1982,avaConv,offshore
it_cn,h2136,0.10910631701695857,scr1982,avaConv,offshore
it_cn,h2137,0.1119076743249108,scr1982,avaConv,offshore
it_cn,h2138,0.10062409181761361,scr1982,avaConv,offshore
it_cn,h2139,0.08552184082741256,scr1982,avaConv,offshore
it_cn,h2140,0.07354966984127471,scr1982,avaConv,offshore
it_cn,h2141,0.06326595631645665,scr1982,avaConv,offshore
it_cn,h2142,0.053240158945415374,scr1982,avaConv,offshore
it_cn,h2143,0.043698178540082865,scr1982,avaConv,offshore
it_cn,h2144,0.03736423315641337,scr1982,avaConv,offshore
it_cn,h2145,0.03483572678911456,scr1982,avaConv,offshore
it_cn,h2146,0.03407685091445021,scr1982,avaConv,offshore
it_cn,h2147,0.03137557335874977,scr1982,avaConv,offshore
it_cn,h2148,0.02460016967625273,scr1982,avaConv,offshore
it_cn,h2149,0.016426265825290935,scr1982,avaConv,offshore
it_cn,h2150,0.009183643489833568,scr1982,avaConv,offshore
it_cn,h2151,0.004713970502205055,scr1982,avaConv,offshore
it_cn,h2152,0.002036095689489557,scr1982,avaConv,offshore
it_cn,h2153,0.0017659378590575837,scr1982,avaConv,offshore
it_cn,h2154,0.0050719140007943414,scr1982,avaConv,offshore
it_cn,h2155,0.014215562044543847,scr1982,avaConv,offshore
it_cn,h2156,0.029722393766190368,scr1982,avaConv,offshore
it_cn,h2157,0.047872066428557625,scr1982,avaConv,offshore
it_cn,h2158,0.06216156477523842,scr1982,avaConv,offshore
it_cn,h2159,0.07314191155968741,scr1982,avaConv,offshore
it_cn,h2160,0.07341267959878751,scr1982,avaConv,offshore
it_cs,h1441,0.1304966679514749,scr1982,avaConv,offshore
it_cs,h1442,0.10591270463712267,scr1982,avaConv,offshore
it_cs,h1443,0.08395733854773803,scr1982,avaConv,offshore
it_cs,h1444,0.05846320173856549,scr1982,avaConv,offshore
it_cs,h1445,0.03756188090404856,scr1982,avaConv,offshore
it_cs,h1446,0.026761243733498627,scr1982,avaConv,offshore
it_cs,h1447,0.023008639141118028,scr1982,avaConv,offshore
it_cs,h1448,0.017562555589862677,scr1982,avaConv,offshore
it_cs,h1449,0.009469853360886847,scr1982,avaConv,offshore
it_cs,h1450,0.004019615707394954,scr1982,avaConv,offshore
it_cs,h1451,0.0013721387246788056,scr1982,avaConv,offshore
it_cs,h1452,0.000211799945051757,scr1982,avaConv,offshore
it_cs,h1453,0.0,scr1982,avaConv,offshore
it_cs,h1454,0.0,scr1982,avaConv,offshore
it_cs,h1455,0.0006424221695751102,scr1982,avaConv,offshore
it_cs,h1456,0.002592097654077199,scr1982,avaConv,offshore
it_cs,h1457,0.006191663473416744,scr1982,avaConv,offshore
it_cs,h1458,0.017729163739998128,scr1982,avaConv,offshore
it_cs,h1459,0.04152445285695478,scr1982,avaConv,offshore
it_cs,h1460,0.06513278021953044,scr1982,avaConv,offshore
it_cs,h1461,0.08416679034561197,scr1982,avaConv,offshore
it_cs,h1462,0.09986455566533031,scr1982,avaConv,offshore
it_cs,h1463,0.11729182703192999,scr1982,avaConv,offshore
it_cs,h1464,0.14848533781560896,scr1982,avaConv,offshore
it_cs,h1465,0.1879889463777075,scr1982,avaConv,offshore
it_cs,h1466,0.23637204000167075,scr1982,avaConv,offshore
it_cs,h1467,0.2779931274863113,scr1982,avaConv,offshore
it_cs,h1468,0.33004416747713,scr1982,avaConv,offshore
it_cs,h1469,0.39516578715296324,scr1982,avaConv,offshore
it_cs,h1470,0.44971724512556194,scr1982,avaConv,offshore
it_cs,h1471,0.4555907238466909,scr1982,avaConv,offshore
it_cs,h1472,0.43517670780841816,scr1982,avaConv,offshore
it_cs,h1473,0.4574080291710601,scr1982,avaConv,offshore
it_cs,h1474,0.5305682348386996,scr1982,avaConv,offshore
it_cs,h1475,0.6101500926717508,scr1982,avaConv,offshore
it_cs,h1476,0.672898324956275,scr1982,avaConv,offshore
it_cs,h1477,0.7210093549830694,scr1982,avaConv,offshore
it_cs,h1478,0.7632653755174665,scr1982,avaConv,offshore
it_cs,h1479,0.7166040443333288,scr1982,avaConv,offshore
it_cs,h1480,0.5759240998095534,scr1982,avaConv,offshore
it_cs,h1481,0.3949078947740765,scr1982,avaConv,offshore
it_cs,h1482,0.2639148663123011,scr1982,avaConv,offshore
it_cs,h1483,0.20962454268253272,scr1982,avaConv,offshore
it_cs,h1484,0.18399460942161328,scr1982,avaConv,offshore
it_cs,h1485,0.16841081598378682,scr1982,avaConv,offshore
it_cs,h1486,0.16155015939045994,scr1982,avaConv,offshore
it_cs,h1487,0.15646334313480934,scr1982,avaConv,offshore
it_cs,h1488,0.14093989195836779,scr1982,avaConv,offshore
it_cs,h1489,0.12363610478412708,scr1982,avaConv,offshore
it_cs,h1490,0.12249461074684775,scr1982,avaConv,offshore
it_cs,h1491,0.13657642459324776,scr1982,avaConv,offshore
it_cs,h1492,0.13027334721385742,scr1982,avaConv,offshore
it_cs,h1493,0.0954368194183091,scr1982,avaConv,offshore
it_cs,h1494,0.047210327186119144,scr1982,avaConv,offshore
it_cs,h1495,0.015967854838661203,scr1982,avaConv,offshore
it_cs,h1496,0.003986932208753085,scr1982,avaConv,offshore
it_cs,h1497,0.004347934864159283,scr1982,avaConv,offshore
it_cs,h1498,0.005806479405314941,scr1982,avaConv,offshore
it_cs,h1499,0.006263806473180073,scr1982,avaConv,offshore
it_cs,h1500,0.005884669688271964,scr1982,avaConv,offshore
it_cs,h1501,0.005976850172054299,scr1982,avaConv,offshore
it_cs,h1502,0.004962207704443598,scr1982,avaConv,offshore
it_cs,h1503,0.0031098914339795234,scr1982,avaConv,offshore
it_cs,h1504,0.0052118027438755555,scr1982,avaConv,offshore
it_cs,h1505,0.017328633729941374,scr1982,avaConv,offshore
it_cs,h1506,0.036961887764905346,scr1982,avaConv,offshore
it_cs,h1507,0.051646961902645803,scr1982,avaConv,offshore
it_cs,h1508,0.05510753859469271,scr1982,avaConv,offshore
it_cs,h1509,0.05580311081624662,scr1982,avaConv,offshore
it_cs,h1510,0.07344561656499762,scr1982,avaConv,offshore
it_cs,h1511,0.11003216047834913,scr1982,avaConv,offshore
it_cs,h1512,0.1587324861455937,scr1982,avaConv,offshore
it_cs,h1513,0.12758397396904736,scr1982,avaConv,offshore
it_cs,h1514,0.07858885759266084,scr1982,avaConv,offshore
it_cs,h1515,0.0,scr1982,avaConv,offshore
it_cs,h1516,0.0,scr1982,avaConv,offshore
it_cs,h1517,0.0010688533012837272,scr1982,avaConv,offshore
it_cs,h1518,0.007376088040832408,scr1982,avaConv,offshore
it_cs,h1519,0.020583383227109186,scr1982,avaConv,offshore
it_cs,h1520,0.038799831065440174,scr1982,avaConv,offshore
it_cs,h1521,0.06204301156221579,scr1982,avaConv,offshore
it_cs,h1522,0.09020599150848567,scr1982,avaConv,offshore
it_cs,h1523,0.11106643468477821,scr1982,avaConv,offshore
it_cs,h1524,0.12607215574829533,scr1982,avaConv,offshore
it_cs,h1525,0.13389044816343823,scr1982,avaConv,offshore
it_cs,h1526,0.142268252039819,scr1982,avaConv,offshore
it_cs,h1527,0.15087631128094367,scr1982,avaConv,offshore
it_cs,h1528,0.15857419352747956,scr1982,avaConv,offshore
it_cs,h1529,0.16804558086112661,scr1982,avaConv,offshore
it_cs,h1530,0.17802359132324544,scr1982,avaConv,offshore
it_cs,h1531,0.18701279320648748,scr1982,avaConv,offshore
it_cs,h1532,0.19565138591650577,scr1982,avaConv,offshore
it_cs,h1533,0.20035872752626274,scr1982,avaConv,offshore
it_cs,h1534,0.19662230030400898,scr1982,avaConv,offshore
it_cs,h1535,0.1830319865313561,scr1982,avaConv,offshore
it_cs,h1536,0.15441199409907108,scr1982,avaConv,offshore
it_cs,h1537,0.11228515320726293,scr1982,avaConv,offshore
it_cs,h1538,0.06443689282925247,scr1982,avaConv,offshore
it_cs,h1539,0.025740555660941872,scr1982,avaConv,offshore
it_cs,h1540,0.005846464060647205,scr1982,avaConv,offshore
it_cs,h1541,0.00048757361936930643,scr1982,avaConv,offshore
it_cs,h1542,0.00010872985748271706,scr1982,avaConv,offshore
it_cs,h1543,0.00010872985748271706,scr1982,avaConv,offshore
it_cs,h1544,0.00010872985748271706,scr1982,avaConv,offshore
it_cs,h1545,0.0,scr1982,avaConv,offshore
it_cs,h1546,0.0001814372448357687,scr1982,avaConv,offshore
it_cs,h1547,0.0001814372448357687,scr1982,avaConv,offshore
it_cs,h1548,0.0001814372448357687,scr1982,avaConv,offshore
it_cs,h1549,0.0,scr1982,avaConv,offshore
it_cs,h1550,0.0,scr1982,avaConv,offshore
it_cs,h1551,0.0,scr1982,avaConv,offshore
it_cs,h1552,0.0,scr1982,avaConv,offshore
it_cs,h1553,0.0,scr1982,avaConv,offshore
it_cs,h1554,0.0006313324072069153,scr1982,avaConv,offshore
it_cs,h1555,0.0024166345906989806,scr1982,avaConv,offshore
it_cs,h1556,0.006154198567006464,scr1982,avaConv,offshore
it_cs,h1557,0.010632546177767543,scr1982,avaConv,offshore
it_cs,h1558,0.011539592788250595,scr1982,avaConv,offshore
it_cs,h1559,0.010065782211163816,scr1982,avaConv,offshore
it_cs,h1560,0.006609707945499781,scr1982,avaConv,offshore
it_cs,h1561,0.005072196670053227,scr1982,avaConv,offshore
it_cs,h1562,0.0034875443646494243,scr1982,avaConv,offshore
it_cs,h1563,0.0018365013654451868,scr1982,avaConv,offshore
it_cs,h1564,0.0006881602131560742,scr1982,avaConv,offshore
it_cs,h1565,0.0,scr1982,avaConv,offshore
it_cs,h1566,0.0,scr1982,avaConv,offshore
it_cs,h1567,0.0,scr1982,avaConv,offshore
it_cs,h1568,0.0,scr1982,avaConv,offshore
it_cs,h1569,0.0,scr1982,avaConv,offshore
it_cs,h1570,0.0,scr1982,avaConv,offshore
it_cs,h1571,0.0031271996600769876,scr1982,avaConv,offshore
it_cs,h1572,0.004796223442036737,scr1982,avaConv,offshore
it_cs,h1573,0.004796223442036737,scr1982,avaConv,offshore
it_cs,h1574,0.0024603257403022485,scr1982,avaConv,offshore
it_cs,h1575,0.0024666662619191506,scr1982,avaConv,offshore
it_cs,h1576,0.006757842771282157,scr1982,avaConv,offshore
it_cs,h1577,0.014834444618407962,scr1982,avaConv,offshore
it_cs,h1578,0.020949993399120254,scr1982,avaConv,offshore
it_cs,h1579,0.025065285658622292,scr1982,avaConv,offshore
it_cs,h1580,0.019571971227003278,scr1982,avaConv,offshore
it_cs,h1581,0.01654410197331628,scr1982,avaConv,offshore
it_cs,h1582,0.01564209293589037,scr1982,avaConv,offshore
it_cs,h1583,0.02218797044871914,scr1982,avaConv,offshore
it_cs,h1584,0.02415470577558993,scr1982,avaConv,offshore
it_cs,h1585,0.0198225027683156,scr1982,avaConv,offshore
it_cs,h1586,0.011439304648687592,scr1982,avaConv,offshore
it_cs,h1587,0.004209467318201497,scr1982,avaConv,offshore
it_cs,h1588,0.0009780019225688577,scr1982,avaConv,offshore
it_cs,h1589,0.0,scr1982,avaConv,offshore
it_cs,h1590,0.0,scr1982,avaConv,offshore
it_cs,h1591,0.0,scr1982,avaConv,offshore
it_cs,h1592,0.0,scr1982,avaConv,offshore
it_cs,h1593,0.0,scr1982,avaConv,offshore
it_cs,h1594,0.0,scr1982,avaConv,offshore
it_cs,h1595,0.0020724746775539317,scr1982,avaConv,offshore
it_cs,h1596,0.007081959218939521,scr1982,avaConv,offshore
it_cs,h1597,0.015101925021707001,scr1982,avaConv,offshore
it_cs,h1598,0.02342409351006712,scr1982,avaConv,offshore
it_cs,h1599,0.032155666415452214,scr1982,avaConv,offshore
it_cs,h1600,0.03643879573771687,scr1982,avaConv,offshore
it_cs,h1601,0.03243872594111037,scr1982,avaConv,offshore
it_cs,h1602,0.022547280855980234,scr1982,avaConv,offshore
it_cs,h1603,0.012055778122298185,scr1982,avaConv,offshore
it_cs,h1604,0.008686184300139189,scr1982,avaConv,offshore
it_cs,h1605,0.008649562027748057,scr1982,avaConv,offshore
it_cs,h1606,0.013064757574946094,scr1982,avaConv,offshore
it_cs,h1607,0.015649371964786128,scr1982,avaConv,offshore
it_cs,h1608,0.016637630875691478,scr1982,avaConv,offshore
it_cs,h1609,0.012624921772583661,scr1982,avaConv,offshore
it_cs,h1610,0.007844983333052648,scr1982,avaConv,offshore
it_cs,h1611,0.003276679384343121,scr1982,avaConv,offshore
it_cs,h1612,0.0006399238454827345,scr1982,avaConv,offshore
it_cs,h1613,0.00015761031839911795,scr1982,avaConv,offshore
it_cs,h1614,0.0026596192865425126,scr1982,avaConv,offshore
it_cs,h1615,0.005735800339640958,scr1982,avaConv,offshore
it_cs,h1616,0.009538491410592854,scr1982,avaConv,offshore
it_cs,h1617,0.01225752960229466,scr1982,avaConv,offshore
it_cs,h1618,0.014414469605737537,scr1982,avaConv,offshore
it_cs,h1619,0.018004595650219054,scr1982,avaConv,offshore
it_cs,h1620,0.02166483437853146,scr1982,avaConv,offshore
it_cs,h1621,0.02393698101442674,scr1982,avaConv,offshore
it_cs,h1622,0.02172155810155096,scr1982,avaConv,offshore
it_cs,h1623,0.019000470859203568,scr1982,avaConv,offshore
it_cs,h1624,0.021893344240584096,scr1982,avaConv,offshore
it_cs,h1625,0.0355799358965785,scr1982,avaConv,offshore
it_cs,h1626,0.05855893066938429,scr1982,avaConv,offshore
it_cs,h1627,0.08188444179785023,scr1982,avaConv,offshore
it_cs,h1628,0.09245683099917243,scr1982,avaConv,offshore
it_cs,h1629,0.0899427934526362,scr1982,avaConv,offshore
it_cs,h1630,0.07868693457996304,scr1982,avaConv,offshore
it_cs,h1631,0.05873379651460634,scr1982,avaConv,offshore
it_cs,h1632,0.041741825005631054,scr1982,avaConv,offshore
it_cs,h1633,0.03513836076462982,scr1982,avaConv,offshore
it_cs,h1634,0.052816693311500684,scr1982,avaConv,offshore
it_cs,h1635,0.07481849478078056,scr1982,avaConv,offshore
it_cs,h1636,0.08332795643513695,scr1982,avaConv,offshore
it_cs,h1637,0.07055245929969864,scr1982,avaConv,offshore
it_cs,h1638,0.04798174350463846,scr1982,avaConv,offshore
it_cs,h1639,0.0404600909002003,scr1982,avaConv,offshore
it_cs,h1640,0.06069901440272969,scr1982,avaConv,offshore
it_cs,h1641,0.10410042329571453,scr1982,avaConv,offshore
it_cs,h1642,0.15046482292683394,scr1982,avaConv,offshore
it_cs,h1643,0.17862859794720434,scr1982,avaConv,offshore
it_cs,h1644,0.19055554026647273,scr1982,avaConv,offshore
it_cs,h1645,0.19456954230573192,scr1982,avaConv,offshore
it_cs,h1646,0.19449828230773802,scr1982,avaConv,offshore
it_cs,h1647,0.17992302315037587,scr1982,avaConv,offshore
it_cs,h1648,0.15867966598544714,scr1982,avaConv,offshore
it_cs,h1649,0.14494786365617943,scr1982,avaConv,offshore
it_cs,h1650,0.14325383646131845,scr1982,avaConv,offshore
it_cs,h1651,0.1305296306251047,scr1982,avaConv,offshore
it_cs,h1652,0.1013494319524551,scr1982,avaConv,offshore
it_cs,h1653,0.06680533960669366,scr1982,avaConv,offshore
it_cs,h1654,0.04791273280753168,scr1982,avaConv,offshore
it_cs,h1655,0.05120058573509273,scr1982,avaConv,offshore
it_cs,h1656,0.05078245096669425,scr1982,avaConv,offshore
it_cs,h1657,0.04241110356830083,scr1982,avaConv,offshore
it_cs,h1658,0.023682389219335367,scr1982,avaConv,offshore
it_cs,h1659,0.0114081965664143,scr1982,avaConv,offshore
it_cs,h1660,0.004052525437922382,scr1982,avaConv,offshore
it_cs,h1661,0.0027488616992025357,scr1982,avaConv,offshore
it_cs,h1662,0.0038603100900867584,scr1982,avaConv,offshore
it_cs,h1663,0.008923191272691014,scr1982,avaConv,offshore
it_cs,h1664,0.019637666719620386,scr1982,avaConv,offshore
it_cs,h1665,0.03383098521950322,scr1982,avaConv,offshore
it_cs,h1666,0.04248465591732287,scr1982,avaConv,offshore
it_cs,h1667,0.052138521692753015,scr1982,avaConv,offshore
it_cs,h1668,0.06092071505028541,scr1982,avaConv,offshore
it_cs,h1669,0.06808252938403461,scr1982,avaConv,offshore
it_cs,h1670,0.062260554885109086,scr1982,avaConv,offshore
it_cs,h1671,0.05061449154147225,scr1982,avaConv,offshore
it_cs,h1672,0.04224435351828499,scr1982,avaConv,offshore
it_cs,h1673,0.038113072212282405,scr1982,avaConv,offshore
it_cs,h1674,0.03217861462760373,scr1982,avaConv,offshore
it_cs,h1675,0.020854105420720314,scr1982,avaConv,offshore
it_cs,h1676,0.01035944966391387,scr1982,avaConv,offshore
it_cs,h1677,0.004440937692371085,scr1982,avaConv,offshore
it_cs,h1678,0.00682307623685714,scr1982,avaConv,offshore
it_cs,h1679,0.014768800890882505,scr1982,avaConv,offshore
it_cs,h1680,0.02053555706255228,scr1982,avaConv,offshore
it_cs,h1681,0.10281379265184776,scr1982,avaConv,offshore
it_cs,h1682,0.1587989432420785,scr1982,avaConv,offshore
it_cs,h1683,0.1933576888089288,scr1982,avaConv,offshore
it_cs,h1684,0.1446566721387567,scr1982,avaConv,offshore
it_cs,h1685,0.10422235943060011,scr1982,avaConv,offshore
it_cs,h1686,0.11562312463501499,scr1982,avaConv,offshore
it_cs,h1687,0.19377807855619875,scr1982,avaConv,offshore
it_cs,h1688,0.29033878512016104,scr1982,avaConv,offshore
it_cs,h1689,0.3511906933459099,scr1982,avaConv,offshore
it_cs,h1690,0.3839886588585931,scr1982,avaConv,offshore
it_cs,h1691,0.46115502119798985,scr1982,avaConv,offshore
it_cs,h1692,0.5435549601700941,scr1982,avaConv,offshore
it_cs,h1693,0.5756420057388627,scr1982,avaConv,offshore
it_cs,h1694,0.5340682537878261,scr1982,avaConv,offshore
it_cs,h1695,0.49323708223579965,scr1982,avaConv,offshore
it_cs,h1696,0.4836388497139836,scr1982,avaConv,offshore
it_cs,h1697,0.478694967151612,scr1982,avaConv,offshore
it_cs,h1698,0.46723740609022235,scr1982,avaConv,offshore
it_cs,h1699,0.46948085466653233,scr1982,avaConv,offshore
it_cs,h1700,0.5152511581513836,scr1982,avaConv,offshore
it_cs,h1701,0.600294614012354,scr1982,avaConv,offshore
it_cs,h1702,0.6835945447184878,scr1982,avaConv,offshore
it_cs,h1703,0.7201945771360356,scr1982,avaConv,offshore
it_cs,h1704,0.7308026787751027,scr1982,avaConv,offshore
it_cs,h1705,0.7199218946934868,scr1982,avaConv,offshore
it_cs,h1706,0.7159320972115817,scr1982,avaConv,offshore
it_cs,h1707,0.7079461761469418,scr1982,avaConv,offshore
it_cs,h1708,0.7141269328835637,scr1982,avaConv,offshore
it_cs,h1709,0.7238396305654672,scr1982,avaConv,offshore
it_cs,h1710,0.6940610206932698,scr1982,avaConv,offshore
it_cs,h1711,0.6089551218791982,scr1982,avaConv,offshore
it_cs,h1712,0.5357650568577321,scr1982,avaConv,offshore
it_cs,h1713,0.5004481496796902,scr1982,avaConv,offshore
it_cs,h1714,0.5279196160159881,scr1982,avaConv,offshore
it_cs,h1715,0.5548582625758532,scr1982,avaConv,offshore
it_cs,h1716,0.6084303735933918,scr1982,avaConv,offshore
it_cs,h1717,0.6793794105459909,scr1982,avaConv,offshore
it_cs,h1718,0.7616123415211273,scr1982,avaConv,offshore
it_cs,h1719,0.8194975400105913,scr1982,avaConv,offshore
it_cs,h1720,0.850490964421932,scr1982,avaConv,offshore
it_cs,h1721,0.8609233409714807,scr1982,avaConv,offshore
it_cs,h1722,0.8677961162588429,scr1982,avaConv,offshore
it_cs,h1723,0.8716733588575648,scr1982,avaConv,offshore
it_cs,h1724,0.8683835808977014,scr1982,avaConv,offshore
it_cs,h1725,0.8464377397674916,scr1982,avaConv,offshore
it_cs,h1726,0.8003319433264511,scr1982,avaConv,offshore
it_cs,h1727,0.7020616801236486,scr1982,avaConv,offshore
it_cs,h1728,0.5859807702312079,scr1982,avaConv,offshore
it_cs,h1729,0.44971090856450985,scr1982,avaConv,offshore
it_cs,h1730,0.33337390259146565,scr1982,avaConv,offshore
it_cs,h1731,0.2207745811227729,scr1982,avaConv,offshore
it_cs,h1732,0.133568831987849,scr1982,avaConv,offshore
it_cs,h1733,0.0794959516273661,scr1982,avaConv,offshore
it_cs,h1734,0.05171307600990246,scr1982,avaConv,offshore
it_cs,h1735,0.036106937977056906,scr1982,avaConv,offshore
it_cs,h1736,0.02222181392984516,scr1982,avaConv,offshore
it_cs,h1737,0.01027189095922844,scr1982,avaConv,offshore
it_cs,h1738,0.004170389454942793,scr1982,avaConv,offshore
it_cs,h1739,0.0033704420176785526,scr1982,avaConv,offshore
it_cs,h1740,0.0030742296165727073,scr1982,avaConv,offshore
it_cs,h1741,0.0025803287813062426,scr1982,avaConv,offshore
it_cs,h1742,0.0013784793775070807,scr1982,avaConv,offshore
it_cs,h1743,0.0006186952077253948,scr1982,avaConv,offshore
it_cs,h1744,0.0,scr1982,avaConv,offshore
it_cs,h1745,0.0,scr1982,avaConv,offshore
it_cs,h1746,0.0002022103860678543,scr1982,avaConv,offshore
it_cs,h1747,0.0014992635805179825,scr1982,avaConv,offshore
it_cs,h1748,0.0041794673498497395,scr1982,avaConv,offshore
it_cs,h1749,0.006670177081844795,scr1982,avaConv,offshore
it_cs,h1750,0.008129211445628684,scr1982,avaConv,offshore
it_cs,h1751,0.011457536555083686,scr1982,avaConv,offshore
it_cs,h1752,0.011916537866169804,scr1982,avaConv,offshore
it_cs,h1753,0.010146124735234683,scr1982,avaConv,offshore
it_cs,h1754,0.0042956371278812045,scr1982,avaConv,offshore
it_cs,h1755,0.0008503487564852763,scr1982,avaConv,offshore
it_cs,h1756,0.0,scr1982,avaConv,offshore
it_cs,h1757,0.0,scr1982,avaConv,offshore
it_cs,h1758,0.0026023505362604083,scr1982,avaConv,offshore
it_cs,h1759,0.0026023505362604083,scr1982,avaConv,offshore
it_cs,h1760,0.0026023505362604083,scr1982,avaConv,offshore
it_cs,h1761,0.001212898633091376,scr1982,avaConv,offshore
it_cs,h1762,0.0060022921823702,scr1982,avaConv,offshore
it_cs,h1763,0.027518808998997002,scr1982,avaConv,offshore
it_cs,h1764,0.04994747128748111,scr1982,avaConv,offshore
it_cs,h1765,0.07967604907210915,scr1982,avaConv,offshore
it_cs,h1766,0.13091948549613885,scr1982,avaConv,offshore
it_cs,h1767,0.19231423761572333,scr1982,avaConv,offshore
it_cs,h1768,0.2348994649478146,scr1982,avaConv,offshore
it_cs,h1769,0.23954879907617024,scr1982,avaConv,offshore
it_cs,h1770,0.2442882921279967,scr1982,avaConv,offshore
it_cs,h1771,0.26067126547641073,scr1982,avaConv,offshore
it_cs,h1772,0.265770893562429,scr1982,avaConv,offshore
it_cs,h1773,0.24187203616366668,scr1982,avaConv,offshore
it_cs,h1774,0.21237422243277107,scr1982,avaConv,offshore
it_cs,h1775,0.22026738290216868,scr1982,avaConv,offshore
it_cs,h1776,0.2791723959089287,scr1982,avaConv,offshore
it_cs,h1777,0.3390986855069954,scr1982,avaConv,offshore
it_cs,h1778,0.33639426861768745,scr1982,avaConv,offshore
it_cs,h1779,0.2788921926413052,scr1982,avaConv,offshore
it_cs,h1780,0.22654448089312904,scr1982,avaConv,offshore
it_cs,h1781,0.18308179713259815,scr1982,avaConv,offshore
it_cs,h1782,0.1338465402659115,scr1982,avaConv,offshore
it_cs,h1783,0.07747411203723494,scr1982,avaConv,offshore
it_cs,h1784,0.07754140351166554,scr1982,avaConv,offshore
it_cs,h1785,0.12337312833471706,scr1982,avaConv,offshore
it_cs,h1786,0.15237013209483427,scr1982,avaConv,offshore
it_cs,h1787,0.18769556378350166,scr1982,avaConv,offshore
it_cs,h1788,0.18175562002677556,scr1982,avaConv,offshore
it_cs,h1789,0.18435039752190144,scr1982,avaConv,offshore
it_cs,h1790,0.17787525704187926,scr1982,avaConv,offshore
it_cs,h1791,0.19793689132299364,scr1982,avaConv,offshore
it_cs,h1792,0.23024347261400344,scr1982,avaConv,offshore
it_cs,h1793,0.2517386857174544,scr1982,avaConv,offshore
it_cs,h1794,0.25260334730810113,scr1982,avaConv,offshore
it_cs,h1795,0.23485866971136754,scr1982,avaConv,offshore
it_cs,h1796,0.22158593799586185,scr1982,avaConv,offshore
it_cs,h1797,0.2433648923633593,scr1982,avaConv,offshore
it_cs,h1798,0.2862144697988649,scr1982,avaConv,offshore
it_cs,h1799,0.3090184348219833,scr1982,avaConv,offshore
it_cs,h1800,0.32114077830925586,scr1982,avaConv,offshore
it_cs,h1801,0.32610756628270765,scr1982,avaConv,offshore
it_cs,h1802,0.3311841232674389,scr1982,avaConv,offshore
it_cs,h1803,0.30854368630867157,scr1982,avaConv,offshore
it_cs,h1804,0.22583011842252868,scr1982,avaConv,offshore
it_cs,h1805,0.14363549427848152,scr1982,avaConv,offshore
it_cs,h1806,0.07199523245671502,scr1982,avaConv,offshore
it_cs,h1807,0.044068815047933564,scr1982,avaConv,offshore
it_cs,h1808,0.024362162742786114,scr1982,avaConv,offshore
it_cs,h1809,0.023707833808359936,scr1982,avaConv,offshore
it_cs,h1810,0.06807270832334121,scr1982,avaConv,offshore
it_cs,h1811,0.08902588513237639,scr1982,avaConv,offshore
it_cs,h1812,0.09223002962628149,scr1982,avaConv,offshore
it_cs,h1813,0.0716365604214594,scr1982,avaConv,offshore
it_cs,h1814,0.050175728553992736,scr1982,avaConv,offshore
it_cs,h1815,0.03223067546677696,scr1982,avaConv,offshore
it_cs,h1816,0.008374400969152134,scr1982,avaConv,offshore
it_cs,h1817,0.008231115805599524,scr1982,avaConv,offshore
it_cs,h1818,0.0231167216228661,scr1982,avaConv,offshore
it_cs,h1819,0.03980069372415621,scr1982,avaConv,offshore
it_cs,h1820,0.05767371266829701,scr1982,avaConv,offshore
it_cs,h1821,0.07561890724700808,scr1982,avaConv,offshore
it_cs,h1822,0.109434738532718,scr1982,avaConv,offshore
it_cs,h1823,0.13200729326083252,scr1982,avaConv,offshore
it_cs,h1824,0.16884545359594086,scr1982,avaConv,offshore
it_cs,h1825,0.19892665239663443,scr1982,avaConv,offshore
it_cs,h1826,0.23535662222505788,scr1982,avaConv,offshore
it_cs,h1827,0.24772071530546383,scr1982,avaConv,offshore
it_cs,h1828,0.24086588749587703,scr1982,avaConv,offshore
it_cs,h1829,0.22810902743899766,scr1982,avaConv,offshore
it_cs,h1830,0.21419310322323065,scr1982,avaConv,offshore
it_cs,h1831,0.19945202795390843,scr1982,avaConv,offshore
it_cs,h1832,0.17762035860677794,scr1982,avaConv,offshore
it_cs,h1833,0.15130957110405707,scr1982,avaConv,offshore
it_cs,h1834,0.12876787247338115,scr1982,avaConv,offshore
it_cs,h1835,0.12040773821563296,scr1982,avaConv,offshore
it_cs,h1836,0.11762633630013512,scr1982,avaConv,offshore
it_cs,h1837,0.12321855043897922,scr1982,avaConv,offshore
it_cs,h1838,0.13073773777606412,scr1982,avaConv,offshore
it_cs,h1839,0.1425666230343285,scr1982,avaConv,offshore
it_cs,h1840,0.14670893751142042,scr1982,avaConv,offshore
it_cs,h1841,0.14145784145306875,scr1982,avaConv,offshore
it_cs,h1842,0.12579418028248204,scr1982,avaConv,offshore
it_cs,h1843,0.12090610067231873,scr1982,avaConv,offshore
it_cs,h1844,0.13744088621827863,scr1982,avaConv,offshore
it_cs,h1845,0.17512805945096743,scr1982,avaConv,offshore
it_cs,h1846,0.2104784833271489,scr1982,avaConv,offshore
it_cs,h1847,0.23104448187538126,scr1982,avaConv,offshore
it_cs,h1848,0.235182378050202,scr1982,avaConv,offshore
it_cs,h1849,0.20600108926716318,scr1982,avaConv,offshore
it_cs,h1850,0.17410196016352616,scr1982,avaConv,offshore
it_cs,h1851,0.13367776073730162,scr1982,avaConv,offshore
it_cs,h1852,0.10798742126722784,scr1982,avaConv,offshore
it_cs,h1853,0.07452035946076829,scr1982,avaConv,offshore
it_cs,h1854,0.04835037116071566,scr1982,avaConv,offshore
it_cs,h1855,0.04316006941645044,scr1982,avaConv,offshore
it_cs,h1856,0.06092547495117477,scr1982,avaConv,offshore
it_cs,h1857,0.0948700589203072,scr1982,avaConv,offshore
it_cs,h1858,0.12775185485305382,scr1982,avaConv,offshore
it_cs,h1859,0.12370191211191497,scr1982,avaConv,offshore
it_cs,h1860,0.10694954878750855,scr1982,avaConv,offshore
it_cs,h1861,0.08826295952926898,scr1982,avaConv,offshore
it_cs,h1862,0.09848399700340914,scr1982,avaConv,offshore
it_cs,h1863,0.11920345728185007,scr1982,avaConv,offshore
it_cs,h1864,0.15376289419146602,scr1982,avaConv,offshore
it_cs,h1865,0.21136684896495744,scr1982,avaConv,offshore
it_cs,h1866,0.28396348986100756,scr1982,avaConv,offshore
it_cs,h1867,0.34914637506412616,scr1982,avaConv,offshore
it_cs,h1868,0.39588246371479635,scr1982,avaConv,offshore
it_cs,h1869,0.41843044842244886,scr1982,avaConv,offshore
it_cs,h1870,0.4249769212966242,scr1982,avaConv,offshore
it_cs,h1871,0.4379849223030188,scr1982,avaConv,offshore
it_cs,h1872,0.46513857394741437,scr1982,avaConv,offshore
it_cs,h1873,0.4884596214527573,scr1982,avaConv,offshore
it_cs,h1874,0.43698987679135415,scr1982,avaConv,offshore
it_cs,h1875,0.3686639877137484,scr1982,avaConv,offshore
it_cs,h1876,0.3370340851923421,scr1982,avaConv,offshore
it_cs,h1877,0.38374006487854095,scr1982,avaConv,offshore
it_cs,h1878,0.46718527884438565,scr1982,avaConv,offshore
it_cs,h1879,0.505807767690538,scr1982,avaConv,offshore
it_cs,h1880,0.5243251271232238,scr1982,avaConv,offshore
it_cs,h1881,0.4848834459444668,scr1982,avaConv,offshore
it_cs,h1882,0.4628511763637306,scr1982,avaConv,offshore
it_cs,h1883,0.4802142106283242,scr1982,avaConv,offshore
it_cs,h1884,0.5533009171684798,scr1982,avaConv,offshore
it_cs,h1885,0.6218107778592966,scr1982,avaConv,offshore
it_cs,h1886,0.6691345856949389,scr1982,avaConv,offshore
it_cs,h1887,0.7098375179251138,scr1982,avaConv,offshore
it_cs,h1888,0.7686555927438132,scr1982,avaConv,offshore
it_cs,h1889,0.8258606217465011,scr1982,avaConv,offshore
it_cs,h1890,0.8674525585636602,scr1982,avaConv,offshore
it_cs,h1891,0.8988985991238005,scr1982,avaConv,offshore
it_cs,h1892,0.9166002917775699,scr1982,avaConv,offshore
it_cs,h1893,0.904031873015553,scr1982,avaConv,offshore
it_cs,h1894,0.8600774827579627,scr1982,avaConv,offshore
it_cs,h1895,0.7889688550738918,scr1982,avaConv,offshore
it_cs,h1896,0.684738982683901,scr1982,avaConv,offshore
it_cs,h1897,0.5611226759091649,scr1982,avaConv,offshore
it_cs,h1898,0.4446316949613351,scr1982,avaConv,offshore
it_cs,h1899,0.3612086674714322,scr1982,avaConv,offshore
it_cs,h1900,0.3077207824951761,scr1982,avaConv,offshore
it_cs,h1901,0.26437448831674126,scr1982,avaConv,offshore
it_cs,h1902,0.24350243656982576,scr1982,avaConv,offshore
it_cs,h1903,0.262657935291963,scr1982,avaConv,offshore
it_cs,h1904,0.31600240459297313,scr1982,avaConv,offshore
it_cs,h1905,0.36128950806345506,scr1982,avaConv,offshore
it_cs,h1906,0.3697729503476311,scr1982,avaConv,offshore
it_cs,h1907,0.36676037233390113,scr1982,avaConv,offshore
it_cs,h1908,0.3635782549642702,scr1982,avaConv,offshore
it_cs,h1909,0.3578580367880387,scr1982,avaConv,offshore
it_cs,h1910,0.33111610139302716,scr1982,avaConv,offshore
it_cs,h1911,0.3037060574068112,scr1982,avaConv,offshore
it_cs,h1912,0.2918349023676881,scr1982,avaConv,offshore
it_cs,h1913,0.29529300293020866,scr1982,avaConv,offshore
it_cs,h1914,0.31409964993611783,scr1982,avaConv,offshore
it_cs,h1915,0.3437930674271191,scr1982,avaConv,offshore
it_cs,h1916,0.3748810158326102,scr1982,avaConv,offshore
it_cs,h1917,0.39650869342825545,scr1982,avaConv,offshore
it_cs,h1918,0.39443202369964514,scr1982,avaConv,offshore
it_cs,h1919,0.3753621485644501,scr1982,avaConv,offshore
it_cs,h1920,0.35361682127849847,scr1982,avaConv,offshore
it_cs,h1921,0.33630570977819174,scr1982,avaConv,offshore
it_cs,h1922,0.3217715937225242,scr1982,avaConv,offshore
it_cs,h1923,0.3076620778461802,scr1982,avaConv,offshore
it_cs,h1924,0.300319574195048,scr1982,avaConv,offshore
it_cs,h1925,0.2840615635088674,scr1982,avaConv,offshore
it_cs,h1926,0.2518503025353709,scr1982,avaConv,offshore
it_cs,h1927,0.21246072334351682,scr1982,avaConv,offshore
it_cs,h1928,0.18639671705015115,scr1982,avaConv,offshore
it_cs,h1929,0.16777185132131897,scr1982,avaConv,offshore
it_cs,h1930,0.14615389722837333,scr1982,avaConv,offshore
it_cs,h1931,0.11568593988231854,scr1982,avaConv,offshore
it_cs,h1932,0.08792250590748983,scr1982,avaConv,offshore
it_cs,h1933,0.06569128845332296,scr1982,avaConv,offshore
it_cs,h1934,0.04787987232307991,scr1982,avaConv,offshore
it_cs,h1935,0.0316551360277739,scr1982,avaConv,offshore
it_cs,h1936,0.017958219396514163,scr1982,avaConv,offshore
it_cs,h1937,0.009394342822659303,scr1982,avaConv,offshore
it_cs,h1938,0.004507133119828601,scr1982,avaConv,offshore
it_cs,h1939,0.0020300199514868673,scr1982,avaConv,offshore
it_cs,h1940,0.00038884472040451974,scr1982,avaConv,offshore
it_cs,h1941,0.0,scr1982,avaConv,offshore
it_cs,h1942,0.0,scr1982,avaConv,offshore
it_cs,h1943,0.0,scr1982,avaConv,offshore
it_cs,h1944,0.0,scr1982,avaConv,offshore
it_cs,h1945,0.0,scr1982,avaConv,offshore
it_cs,h1946,0.0,scr1982,avaConv,offshore
it_cs,h1947,0.0,scr1982,avaConv,offshore
it_cs,h1948,0.0,scr1982,avaConv,offshore
it_cs,h1949,0.0,scr1982,avaConv,offshore
it_cs,h1950,0.0,scr1982,avaConv,offshore
it_cs,h1951,0.0,scr1982,avaConv,offshore
it_cs,h1952,0.0,scr1982,avaConv,offshore
it_cs,h1953,0.0,scr1982,avaConv,offshore
it_cs,h1954,0.0,scr1982,avaConv,offshore
it_cs,h1955,0.0,scr1982,avaConv,offshore
it_cs,h1956,0.0,scr1982,avaConv,offshore
it_cs,h1957,0.0,scr1982,avaConv,offshore
it_cs,h1958,0.0,scr1982,avaConv,offshore
it_cs,h1959,0.0,scr1982,avaConv,offshore
it_cs,h1960,0.0,scr1982,avaConv,offshore
it_cs,h1961,0.00012827102874743968,scr1982,avaConv,offshore
it_cs,h1962,0.00024793199934050576,scr1982,avaConv,offshore
it_cs,h1963,0.002671386961548631,scr1982,avaConv,offshore
it_cs,h1964,0.008964256888115427,scr1982,avaConv,offshore
it_cs,h1965,0.018767457907763976,scr1982,avaConv,offshore
it_cs,h1966,0.02711004124918703,scr1982,avaConv,offshore
it_cs,h1967,0.03542703266596608,scr1982,avaConv,offshore
it_cs,h1968,0.03939241865703621,scr1982,avaConv,offshore
it_cs,h1969,0.04216034881305546,scr1982,avaConv,offshore
it_cs,h1970,0.04176755705469679,scr1982,avaConv,offshore
it_cs,h1971,0.04599322159773059,scr1982,avaConv,offshore
it_cs,h1972,0.05419100169991207,scr1982,avaConv,offshore
it_cs,h1973,0.06512686294834481,scr1982,avaConv,offshore
it_cs,h1974,0.07443884564661951,scr1982,avaConv,offshore
it_cs,h1975,0.08087474812939677,scr1982,avaConv,offshore
it_cs,h1976,0.08625234215172994,scr1982,avaConv,offshore
it_cs,h1977,0.08502411244877195,scr1982,avaConv,offshore
it_cs,h1978,0.07630311825185622,scr1982,avaConv,offshore
it_cs,h1979,0.05917676014534153,scr1982,avaConv,offshore
it_cs,h1980,0.03895096752961777,scr1982,avaConv,offshore
it_cs,h1981,0.024866051238365362,scr1982,avaConv,offshore
it_cs,h1982,0.01893706801865064,scr1982,avaConv,offshore
it_cs,h1983,0.02432962078686718,scr1982,avaConv,offshore
it_cs,h1984,0.031145266682495586,scr1982,avaConv,offshore
it_cs,h1985,0.03584986635340427,scr1982,avaConv,offshore
it_cs,h1986,0.036619935291836575,scr1982,avaConv,offshore
it_cs,h1987,0.035919631566083875,scr1982,avaConv,offshore
it_cs,h1988,0.034288928904282354,scr1982,avaConv,offshore
it_cs,h1989,0.03175150282845645,scr1982,avaConv,offshore
it_cs,h1990,0.02805145670271752,scr1982,avaConv,offshore
it_cs,h1991,0.020456545570170646,scr1982,avaConv,offshore
it_cs,h1992,0.01171669483040375,scr1982,avaConv,offshore
it_cs,h1993,0.00355771390533755,scr1982,avaConv,offshore
it_cs,h1994,0.00044548946953180436,scr1982,avaConv,offshore
it_cs,h1995,0.0,scr1982,avaConv,offshore
it_cs,h1996,0.0,scr1982,avaConv,offshore
it_cs,h1997,0.0,scr1982,avaConv,offshore
it_cs,h1998,0.0,scr1982,avaConv,offshore
it_cs,h1999,0.0,scr1982,avaConv,offshore
it_cs,h2000,0.0,scr1982,avaConv,offshore
it_cs,h2001,0.00037040824107447247,scr1982,avaConv,offshore
it_cs,h2002,0.0017525531174630115,scr1982,avaConv,offshore
it_cs,h2003,0.009502161943493577,scr1982,avaConv,offshore
it_cs,h2004,0.018130040419267593,scr1982,avaConv,offshore
it_cs,h2005,0.03110404323682002,scr1982,avaConv,offshore
it_cs,h2006,0.047388977052493925,scr1982,avaConv,offshore
it_cs,h2007,0.07070680545834655,scr1982,avaConv,offshore
it_cs,h2008,0.09440722040468147,scr1982,avaConv,offshore
it_cs,h2009,0.10936475771280091,scr1982,avaConv,offshore
it_cs,h2010,0.13584992858580067,scr1982,avaConv,offshore
it_cs,h2011,0.17217294178069337,scr1982,avaConv,offshore
it_cs,h2012,0.20337699607058812,scr1982,avaConv,offshore
it_cs,h2013,0.22235754229691512,scr1982,avaConv,offshore
it_cs,h2014,0.21610276213228516,scr1982,avaConv,offshore
it_cs,h2015,0.22189281526085117,scr1982,avaConv,offshore
it_cs,h2016,0.2252789434959184,scr1982,avaConv,offshore
it_cs,h2017,0.21903884158022027,scr1982,avaConv,offshore
it_cs,h2018,0.21657228989689797,scr1982,avaConv,offshore
it_cs,h2019,0.21948135338749153,scr1982,avaConv,offshore
it_cs,h2020,0.24492851934999416,scr1982,avaConv,offshore
it_cs,h2021,0.2595886378558911,scr1982,avaConv,offshore
it_cs,h2022,0.25615070460181527,scr1982,avaConv,offshore
it_cs,h2023,0.23283601379183458,scr1982,avaConv,offshore
it_cs,h2024,0.1934690396889231,scr1982,avaConv,offshore
it_cs,h2025,0.15002474490119244,scr1982,avaConv,offshore
it_cs,h2026,0.11834822010244563,scr1982,avaConv,offshore
it_cs,h2027,0.10650509421413439,scr1982,avaConv,offshore
it_cs,h2028,0.10675142924257515,scr1982,avaConv,offshore
it_cs,h2029,0.10916204656319287,scr1982,avaConv,offshore
it_cs,h2030,0.10864916615203786,scr1982,avaConv,offshore
it_cs,h2031,0.11364834525273189,scr1982,avaConv,offshore
it_cs,h2032,0.12987145646698625,scr1982,avaConv,offshore
it_cs,h2033,0.14789341307460518,scr1982,avaConv,offshore
it_cs,h2034,0.15794218613391672,scr1982,avaConv,offshore
it_cs,h2035,0.1605217071507207,scr1982,avaConv,offshore
it_cs,h2036,0.16136658477136062,scr1982,avaConv,offshore
it_cs,h2037,0.172880891279883,scr1982,avaConv,offshore
it_cs,h2038,0.18962480664801076,scr1982,avaConv,offshore
it_cs,h2039,0.21078641803754344,scr1982,avaConv,offshore
it_cs,h2040,0.22108546868145837,scr1982,avaConv,offshore
it_cs,h2041,0.21414255988373898,scr1982,avaConv,offshore
it_cs,h2042,0.1964360009633771,scr1982,avaConv,offshore
it_cs,h2043,0.18392406982470683,scr1982,avaConv,offshore
it_cs,h2044,0.18212457568592766,scr1982,avaConv,offshore
it_cs,h2045,0.1752290026380059,scr1982,avaConv,offshore
it_cs,h2046,0.1518400357825375,scr1982,avaConv,offshore
it_cs,h2047,0.12656733327574338,scr1982,avaConv,offshore
it_cs,h2048,0.11691117900152172,scr1982,avaConv,offshore
it_cs,h2049,0.12888914897456696,scr1982,avaConv,offshore
it_cs,h2050,0.14717199816924137,scr1982,avaConv,offshore
it_cs,h2051,0.14906343165120747,scr1982,avaConv,offshore
it_cs,h2052,0.14778780724283555,scr1982,avaConv,offshore
it_cs,h2053,0.147983505380256,scr1982,avaConv,offshore
it_cs,h2054,0.16508418641200145,scr1982,avaConv,offshore
it_cs,h2055,0.1950624390274138,scr1982,avaConv,offshore
it_cs,h2056,0.24581610629077205,scr1982,avaConv,offshore
it_cs,h2057,0.32877633463376865,scr1982,avaConv,offshore
it_cs,h2058,0.42528777837975784,scr1982,avaConv,offshore
it_cs,h2059,0.5245709309936769,scr1982,avaConv,offshore
it_cs,h2060,0.5882163331256642,scr1982,avaConv,offshore
it_cs,h2061,0.606617379843583,scr1982,avaConv,offshore
it_cs,h2062,0.5851697252993742,scr1982,avaConv,offshore
it_cs,h2063,0.5529028545355712,scr1982,avaConv,offshore
it_cs,h2064,0.5066489958279476,scr1982,avaConv,offshore
it_cs,h2065,0.4514498904691493,scr1982,avaConv,offshore
it_cs,h2066,0.3943616885455878,scr1982,avaConv,offshore
it_cs,h2067,0.35704029718047603,scr1982,avaConv,offshore
it_cs,h2068,0.34126117612229595,scr1982,avaConv,offshore
it_cs,h2069,0.3245779643745705,scr1982,avaConv,offshore
it_cs,h2070,0.30077071225618524,scr1982,avaConv,offshore
it_cs,h2071,0.26341981950357723,scr1982,avaConv,offshore
it_cs,h2072,0.21992970432855885,scr1982,avaConv,offshore
it_cs,h2073,0.1836341895004187,scr1982,avaConv,offshore
it_cs,h2074,0.14468061419140057,scr1982,avaConv,offshore
it_cs,h2075,0.11096728250561351,scr1982,avaConv,offshore
it_cs,h2076,0.07715056433034481,scr1982,avaConv,offshore
it_cs,h2077,0.05156460478539614,scr1982,avaConv,offshore
it_cs,h2078,0.03246823607012882,scr1982,avaConv,offshore
it_cs,h2079,0.02138465047543564,scr1982,avaConv,offshore
it_cs,h2080,0.015557644693059886,scr1982,avaConv,offshore
it_cs,h2081,0.015941491732886243,scr1982,avaConv,offshore
it_cs,h2082,0.02059298720952532,scr1982,avaConv,offshore
it_cs,h2083,0.0306416379358625,scr1982,avaConv,offshore
it_cs,h2084,0.04234319201722409,scr1982,avaConv,offshore
it_cs,h2085,0.047658871133509466,scr1982,avaConv,offshore
it_cs,h2086,0.043101857761731595,scr1982,avaConv,offshore
it_cs,h2087,0.029868524973718245,scr1982,avaConv,offshore
it_cs,h2088,0.016413917666347182,scr1982,avaConv,offshore
it_cs,h2089,0.00662956704520263,scr1982,avaConv,offshore
it_cs,h2090,0.0018327624223305867,scr1982,avaConv,offshore
it_cs,h2091,0.00016541613320989417,scr1982,avaConv,offshore
it_cs,h2092,0.00013442403928924906,scr1982,avaConv,offshore
it_cs,h2093,0.0005423323266309802,scr1982,avaConv,offshore
it_cs,h2094,0.0009515709600992699,scr1982,avaConv,offshore
it_cs,h2095,0.001608138996767433,scr1982,avaConv,offshore
it_cs,h2096,0.0033237925742737678,scr1982,avaConv,offshore
it_cs,h2097,0.008765797587420887,scr1982,avaConv,offshore
it_cs,h2098,0.019748279014075738,scr1982,avaConv,offshore
it_cs,h2099,0.033153648569886895,scr1982,avaConv,offshore
it_cs,h2100,0.03624337068696628,scr1982,avaConv,offshore
it_cs,h2101,0.02670540011797074,scr1982,avaConv,offshore
it_cs,h2102,0.011437604212412014,scr1982,avaConv,offshore
it_cs,h2103,0.002219363047112629,scr1982,avaConv,offshore
it_cs,h2104,0.0015199903018979885,scr1982,avaConv,offshore
it_cs,h2105,0.001917167034260687,scr1982,avaConv,offshore
it_cs,h2106,0.0028716532731019456,scr1982,avaConv,offshore
it_cs,h2107,0.006526752002312679,scr1982,avaConv,offshore
it_cs,h2108,0.016363335966963655,scr1982,avaConv,offshore
it_cs,h2109,0.028277989612828548,scr1982,avaConv,offshore
it_cs,h2110,0.039888038288078395,scr1982,avaConv,offshore
it_cs,h2111,0.04967094918564489,scr1982,avaConv,offshore
it_cs,h2112,0.051026489100678064,scr1982,avaConv,offshore
it_cs,h2113,0.04246277813095086,scr1982,avaConv,offshore
it_cs,h2114,0.026884429188879257,scr1982,avaConv,offshore
it_cs,h2115,0.017435499089269585,scr1982,avaConv,offshore
it_cs,h2116,0.018390947856040108,scr1982,avaConv,offshore
it_cs,h2117,0.023593437316215278,scr1982,avaConv,offshore
it_cs,h2118,0.028213176292045627,scr1982,avaConv,offshore
it_cs,h2119,0.03246829254590989,scr1982,avaConv,offshore
it_cs,h2120,0.03698535747035482,scr1982,avaConv,offshore
it_cs,h2121,0.04123673157418039,scr1982,avaConv,offshore
it_cs,h2122,0.04007610251859241,scr1982,avaConv,offshore
it_cs,h2123,0.029793101042730957,scr1982,avaConv,offshore
it_cs,h2124,0.016547899230145487,scr1982,avaConv,offshore
it_cs,h2125,0.005578812354315157,scr1982,avaConv,offshore
it_cs,h2126,0.002933590469459562,scr1982,avaConv,offshore
it_cs,h2127,0.003822673157097881,scr1982,avaConv,offshore
it_cs,h2128,0.00594900285650481,scr1982,avaConv,offshore
it_cs,h2129,0.010829143746377237,scr1982,avaConv,offshore
it_cs,h2130,0.01868292155941028,scr1982,avaConv,offshore
it_cs,h2131,0.02971903427924644,scr1982,avaConv,offshore
it_cs,h2132,0.04034685686936799,scr1982,avaConv,offshore
it_cs,h2133,0.04981268342930442,scr1982,avaConv,offshore
it_cs,h2134,0.06296144437403475,scr1982,avaConv,offshore
it_cs,h2135,0.08281848538972512,scr1982,avaConv,offshore
it_cs,h2136,0.0948554489594608,scr1982,avaConv,offshore
it_cs,h2137,0.0910736437661691,scr1982,avaConv,offshore
it_cs,h2138,0.07040067959696579,scr1982,avaConv,offshore
it_cs,h2139,0.0503175983313785,scr1982,avaConv,offshore
it_cs,h2140,0.03715319669094261,scr1982,avaConv,offshore
it_cs,h2141,0.03188045480112508,scr1982,avaConv,offshore
it_cs,h2142,0.03262722278188627,scr1982,avaConv,offshore
it_cs,h2143,0.04455022411944406,scr1982,avaConv,offshore
it_cs,h2144,0.06566947254454222,scr1982,avaConv,offshore
it_cs,h2145,0.0878555198190327,scr1982,avaConv,offshore
it_cs,h2146,0.09441958742245578,scr1982,avaConv,offshore
it_cs,h2147,0.09481202600637731,scr1982,avaConv,offshore
it_cs,h2148,0.09276812354700358,scr1982,avaConv,offshore
it_cs,h2149,0.091062386911477,scr1982,avaConv,offshore
it_cs,h2150,0.07796437266241164,scr1982,avaConv,offshore
it_cs,h2151,0.06040326180405525,scr1982,avaConv,offshore
it_cs,h2152,0.048483764918948145,scr1982,avaConv,offshore
it_cs,h2153,0.04361365609275397,scr1982,avaConv,offshore
it_cs,h2154,0.03673457154820293,scr1982,avaConv,offshore
it_cs,h2155,0.026500297371455674,scr1982,avaConv,offshore
it_cs,h2156,0.017558276470474057,scr1982,avaConv,offshore
it_cs,h2157,0.01843113213671792,scr1982,avaConv,offshore
it_cs,h2158,0.03112550933108829,scr1982,avaConv,offshore
it_cs,h2159,0.05496335966386545,scr1982,avaConv,offshore
it_cs,h2160,0.08071837092940504,scr1982,avaConv,offshore
it_n,h1441,0.14384284783252743,scr1982,avaConv,offshore
it_n,h1442,0.13884913700577448,scr1982,avaConv,offshore
it_n,h1443,0.14526113483481035,scr1982,avaConv,offshore
it_n,h1444,0.1399684746525145,scr1982,avaConv,offshore
it_n,h1445,0.10917917892431002,scr1982,avaConv,offshore
it_n,h1446,0.06343976871652368,scr1982,avaConv,offshore
it_n,h1447,0.027144504263494955,scr1982,avaConv,offshore
it_n,h1448,0.01184032529373719,scr1982,avaConv,offshore
it_n,h1449,0.012693044267358226,scr1982,avaConv,offshore
it_n,h1450,0.021443618934054574,scr1982,avaConv,offshore
it_n,h1451,0.024256456813443475,scr1982,avaConv,offshore
it_n,h1452,0.021602555999361974,scr1982,avaConv,offshore
it_n,h1453,0.01239078505261943,scr1982,avaConv,offshore
it_n,h1454,0.00739909586656414,scr1982,avaConv,offshore
it_n,h1455,0.005432059714174452,scr1982,avaConv,offshore
it_n,h1456,0.006674309289345732,scr1982,avaConv,offshore
it_n,h1457,0.0060821291054602225,scr1982,avaConv,offshore
it_n,h1458,0.0035683309768424053,scr1982,avaConv,offshore
it_n,h1459,0.0006962258221199037,scr1982,avaConv,offshore
it_n,h1460,0.00032177994755691657,scr1982,avaConv,offshore
it_n,h1461,0.0,scr1982,avaConv,offshore
it_n,h1462,0.0,scr1982,avaConv,offshore
it_n,h1463,0.0,scr1982,avaConv,offshore
it_n,h1464,0.0005427503069946719,scr1982,avaConv,offshore
it_n,h1465,0.0018188894337388916,scr1982,avaConv,offshore
it_n,h1466,0.0030337629009883466,scr1982,avaConv,offshore
it_n,h1467,0.0024508550035656092,scr1982,avaConv,offshore
it_n,h1468,0.0010992818033608047,scr1982,avaConv,offshore
it_n,h1469,0.00010711945725440402,scr1982,avaConv,offshore
it_n,h1470,0.0,scr1982,avaConv,offshore
it_n,h1471,0.0,scr1982,avaConv,offshore
it_n,h1472,0.0,scr1982,avaConv,offshore
it_n,h1473,0.0,scr1982,avaConv,offshore
it_n,h1474,0.0,scr1982,avaConv,offshore
it_n,h1475,0.0,scr1982,avaConv,offshore
it_n,h1476,0.00327320462732081,scr1982,avaConv,offshore
it_n,h1477,0.021737758150895885,scr1982,avaConv,offshore
it_n,h1478,0.057427852138414635,scr1982,avaConv,offshore
it_n,h1479,0.10781936101761742,scr1982,avaConv,offshore
it_n,h1480,0.15891865464347998,scr1982,avaConv,offshore
it_n,h1481,0.19527611307495715,scr1982,avaConv,offshore
it_n,h1482,0.21564555030062557,scr1982,avaConv,offshore
it_n,h1483,0.22354896949550856,scr1982,avaConv,offshore
it_n,h1484,0.25283081193302254,scr1982,avaConv,offshore
it_n,h1485,0.31702700574907117,scr1982,avaConv,offshore
it_n,h1486,0.40798837705796137,scr1982,avaConv,offshore
it_n,h1487,0.48285962765779894,scr1982,avaConv,offshore
it_n,h1488,0.49983466084525613,scr1982,avaConv,offshore
it_n,h1489,0.46470287700309804,scr1982,avaConv,offshore
it_n,h1490,0.39746392097590244,scr1982,avaConv,offshore
it_n,h1491,0.32302737315974217,scr1982,avaConv,offshore
it_n,h1492,0.24064313557267566,scr1982,avaConv,offshore
it_n,h1493,0.15408975025918356,scr1982,avaConv,offshore
it_n,h1494,0.07842669785428186,scr1982,avaConv,offshore
it_n,h1495,0.0274009735289375,scr1982,avaConv,offshore
it_n,h1496,0.006136887830325634,scr1982,avaConv,offshore
it_n,h1497,0.0007831170451425963,scr1982,avaConv,offshore
it_n,h1498,0.0,scr1982,avaConv,offshore
it_n,h1499,0.00020664906165273654,scr1982,avaConv,offshore
it_n,h1500,0.00018866115859436688,scr1982,avaConv,offshore
it_n,h1501,0.00018866115859436688,scr1982,avaConv,offshore
it_n,h1502,0.0,scr1982,avaConv,offshore
it_n,h1503,0.0,scr1982,avaConv,offshore
it_n,h1504,0.0,scr1982,avaConv,offshore
it_n,h1505,0.0,scr1982,avaConv,offshore
it_n,h1506,0.0,scr1982,avaConv,offshore
it_n,h1507,0.00020008442291476682,scr1982,avaConv,offshore
it_n,h1508,0.0030529389874684467,scr1982,avaConv,offshore
it_n,h1509,0.017378953106014824,scr1982,avaConv,offshore
it_n,h1510,0.049648129535230456,scr1982,avaConv,offshore
it_n,h1511,0.10578842619503116,scr1982,avaConv,offshore
it_n,h1512,0.17085585275486237,scr1982,avaConv,offshore
it_n,h1513,0.20807267135067115,scr1982,avaConv,offshore
it_n,h1514,0.24292111781382403,scr1982,avaConv,offshore
it_n,h1515,0.27138940038704296,scr1982,avaConv,offshore
it_n,h1516,0.3117209491667806,scr1982,avaConv,offshore
it_n,h1517,0.30441017359572925,scr1982,avaConv,offshore
it_n,h1518,0.2545100167259302,scr1982,avaConv,offshore
it_n,h1519,0.19912133434088874,scr1982,avaConv,offshore
it_n,h1520,0.17069967165305128,scr1982,avaConv,offshore
it_n,h1521,0.1729045511096726,scr1982,avaConv,offshore
it_n,h1522,0.18747658320541696,scr1982,avaConv,offshore
it_n,h1523,0.2198631119126811,scr1982,avaConv,offshore
it_n,h1524,0.23528611345047143,scr1982,avaConv,offshore
it_n,h1525,0.21981175144519186,scr1982,avaConv,offshore
it_n,h1526,0.15691736897597983,scr1982,avaConv,offshore
it_n,h1527,0.09233176453429044,scr1982,avaConv,offshore
it_n,h1528,0.042523753473778486,scr1982,avaConv,offshore
it_n,h1529,0.014413766431746971,scr1982,avaConv,offshore
it_n,h1530,0.0025537390132206873,scr1982,avaConv,offshore
it_n,h1531,0.0,scr1982,avaConv,offshore
it_n,h1532,0.0,scr1982,avaConv,offshore
it_n,h1533,0.0,scr1982,avaConv,offshore
it_n,h1534,0.0,scr1982,avaConv,offshore
it_n,h1535,0.00010093421584046487,scr1982,avaConv,offshore
it_n,h1536,0.00013657883404505304,scr1982,avaConv,offshore
it_n,h1537,0.00011467225139625462,scr1982,avaConv,offshore
it_n,h1538,0.0,scr1982,avaConv,offshore
it_n,h1539,0.0,scr1982,avaConv,offshore
it_n,h1540,0.0,scr1982,avaConv,offshore
it_n,h1541,0.0,scr1982,avaConv,offshore
it_n,h1542,0.0,scr1982,avaConv,offshore
it_n,h1543,0.0,scr1982,avaConv,offshore
it_n,h1544,0.0,scr1982,avaConv,offshore
it_n,h1545,0.0,scr1982,avaConv,offshore
it_n,h1546,0.0,scr1982,avaConv,offshore
it_n,h1547,0.0,scr1982,avaConv,offshore
it_n,h1548,0.0,scr1982,avaConv,offshore
it_n,h1549,0.0,scr1982,avaConv,offshore
it_n,h1550,0.0,scr1982,avaConv,offshore
it_n,h1551,0.0,scr1982,avaConv,offshore
it_n,h1552,0.002145084982689608,scr1982,avaConv,offshore
it_n,h1553,0.007334334122071788,scr1982,avaConv,offshore
it_n,h1554,0.013768997350885598,scr1982,avaConv,offshore
it_n,h1555,0.012823656004770942,scr1982,avaConv,offshore
it_n,h1556,0.012060055583502014,scr1982,avaConv,offshore
it_n,h1557,0.009039912938267395,scr1982,avaConv,offshore
it_n,h1558,0.012295658402244558,scr1982,avaConv,offshore
it_n,h1559,0.010431004694774334,scr1982,avaConv,offshore
it_n,h1560,0.007402647307091713,scr1982,avaConv,offshore
it_n,h1561,0.002635674009731141,scr1982,avaConv,offshore
it_n,h1562,0.000219936505467592,scr1982,avaConv,offshore
it_n,h1563,0.0,scr1982,avaConv,offshore
it_n,h1564,0.0,scr1982,avaConv,offshore
it_n,h1565,0.0,scr1982,avaConv,offshore
it_n,h1566,0.0,scr1982,avaConv,offshore
it_n,h1567,0.0,scr1982,avaConv,offshore
it_n,h1568,0.0,scr1982,avaConv,offshore
it_n,h1569,0.0,scr1982,avaConv,offshore
it_n,h1570,0.0,scr1982,avaConv,offshore
it_n,h1571,0.0,scr1982,avaConv,offshore
it_n,h1572,0.0,scr1982,avaConv,offshore
it_n,h1573,0.0,scr1982,avaConv,offshore
it_n,h1574,0.0001275050321640296,scr1982,avaConv,offshore
it_n,h1575,0.0007310111269081481,scr1982,avaConv,offshore
it_n,h1576,0.0038091657662844324,scr1982,avaConv,offshore
it_n,h1577,0.009700346576257913,scr1982,avaConv,offshore
it_n,h1578,0.014927048757752802,scr1982,avaConv,offshore
it_n,h1579,0.015281685249446873,scr1982,avaConv,offshore
it_n,h1580,0.011239516606845813,scr1982,avaConv,offshore
it_n,h1581,0.005535618907779502,scr1982,avaConv,offshore
it_n,h1582,0.0018756833112887122,scr1982,avaConv,offshore
it_n,h1583,0.00015104163853873052,scr1982,avaConv,offshore
it_n,h1584,0.0003938836913971022,scr1982,avaConv,offshore
it_n,h1585,0.00625680243477808,scr1982,avaConv,offshore
it_n,h1586,0.011175270693881524,scr1982,avaConv,offshore
it_n,h1587,0.012019699659264626,scr1982,avaConv,offshore
it_n,h1588,0.005698624615778083,scr1982,avaConv,offshore
it_n,h1589,0.001986268285121857,scr1982,avaConv,offshore
it_n,h1590,0.0030697850887591222,scr1982,avaConv,offshore
it_n,h1591,0.004457706375355148,scr1982,avaConv,offshore
it_n,h1592,0.00443245830852133,scr1982,avaConv,offshore
it_n,h1593,0.0021099156597329262,scr1982,avaConv,offshore
it_n,h1594,0.0005192627910389713,scr1982,avaConv,offshore
it_n,h1595,0.0,scr1982,avaConv,offshore
it_n,h1596,0.0,scr1982,avaConv,offshore
it_n,h1597,0.0,scr1982,avaConv,offshore
it_n,h1598,0.0,scr1982,avaConv,offshore
it_n,h1599,0.0,scr1982,avaConv,offshore
it_n,h1600,0.0,scr1982,avaConv,offshore
it_n,h1601,0.0031179892642509924,scr1982,avaConv,offshore
it_n,h1602,0.013241927794384954,scr1982,avaConv,offshore
it_n,h1603,0.025300530065469586,scr1982,avaConv,offshore
it_n,h1604,0.028473255386907797,scr1982,avaConv,offshore
it_n,h1605,0.023430403744767004,scr1982,avaConv,offshore
it_n,h1606,0.012510237825711206,scr1982,avaConv,offshore
it_n,h1607,0.005658334205008923,scr1982,avaConv,offshore
it_n,h1608,0.0005986797793000262,scr1982,avaConv,offshore
it_n,h1609,0.00029717965517237594,scr1982,avaConv,offshore
it_n,h1610,0.0009362854112720272,scr1982,avaConv,offshore
it_n,h1611,0.0018847605286282747,scr1982,avaConv,offshore
it_n,h1612,0.0021259949721634227,scr1982,avaConv,offshore
it_n,h1613,0.0013887663398097594,scr1982,avaConv,offshore
it_n,h1614,0.00046693445910839183,scr1982,avaConv,offshore
it_n,h1615,0.0,scr1982,avaConv,offshore
it_n,h1616,0.0,scr1982,avaConv,offshore
it_n,h1617,0.0,scr1982,avaConv,offshore
it_n,h1618,0.0,scr1982,avaConv,offshore
it_n,h1619,0.0,scr1982,avaConv,offshore
it_n,h1620,0.0,scr1982,avaConv,offshore
it_n,h1621,0.0,scr1982,avaConv,offshore
it_n,h1622,0.0,scr1982,avaConv,offshore
it_n,h1623,0.0,scr1982,avaConv,offshore
it_n,h1624,0.0,scr1982,avaConv,offshore
it_n,h1625,0.0003170092434632428,scr1982,avaConv,offshore
it_n,h1626,0.00044418197137530537,scr1982,avaConv,offshore
it_n,h1627,0.00044418197137530537,scr1982,avaConv,offshore
it_n,h1628,0.0,scr1982,avaConv,offshore
it_n,h1629,0.0,scr1982,avaConv,offshore
it_n,h1630,0.0,scr1982,avaConv,offshore
it_n,h1631,0.0,scr1982,avaConv,offshore
it_n,h1632,0.0002755744548352649,scr1982,avaConv,offshore
it_n,h1633,0.0007478842260930842,scr1982,avaConv,offshore
it_n,h1634,0.0012906497370055736,scr1982,avaConv,offshore
it_n,h1635,0.0010592153348446488,scr1982,avaConv,offshore
it_n,h1636,0.0005563169172828693,scr1982,avaConv,offshore
it_n,h1637,0.0,scr1982,avaConv,offshore
it_n,h1638,0.0,scr1982,avaConv,offshore
it_n,h1639,0.0,scr1982,avaConv,offshore
it_n,h1640,0.0,scr1982,avaConv,offshore
it_n,h1641,0.0,scr1982,avaConv,offshore
it_n,h1642,0.0,scr1982,avaConv,offshore
it_n,h1643,0.0,scr1982,avaConv,offshore
it_n,h1644,0.0,scr1982,avaConv,offshore
it_n,h1645,0.00040944668297071817,scr1982,avaConv,offshore
it_n,h1646,0.0013637960996526958,scr1982,avaConv,offshore
it_n,h1647,0.0027567691178732854,scr1982,avaConv,offshore
it_n,h1648,0.0028464540368451775,scr1982,avaConv,offshore
it_n,h1649,0.0017584696207168027,scr1982,avaConv,offshore
it_n,h1650,0.00045012397502559794,scr1982,avaConv,offshore
it_n,h1651,0.0,scr1982,avaConv,offshore
it_n,h1652,0.0,scr1982,avaConv,offshore
it_n,h1653,0.0,scr1982,avaConv,offshore
it_n,h1654,0.0,scr1982,avaConv,offshore
it_n,h1655,0.0,scr1982,avaConv,offshore
it_n,h1656,0.00013406866507823686,scr1982,avaConv,offshore
it_n,h1657,0.00013406866507823686,scr1982,avaConv,offshore
it_n,h1658,0.0,scr1982,avaConv,offshore
it_n,h1659,0.0,scr1982,avaConv,offshore
it_n,h1660,0.0,scr1982,avaConv,offshore
it_n,h1661,0.0006317825210676409,scr1982,avaConv,offshore
it_n,h1662,0.002027405824620363,scr1982,avaConv,offshore
it_n,h1663,0.00380624544451908,scr1982,avaConv,offshore
it_n,h1664,0.006162382536656814,scr1982,avaConv,offshore
it_n,h1665,0.010119750654083206,scr1982,avaConv,offshore
it_n,h1666,0.012076185788689452,scr1982,avaConv,offshore
it_n,h1667,0.017100366019077506,scr1982,avaConv,offshore
it_n,h1668,0.018783405856264576,scr1982,avaConv,offshore
it_n,h1669,0.02113817825709058,scr1982,avaConv,offshore
it_n,h1670,0.016527163378230788,scr1982,avaConv,offshore
it_n,h1671,0.009919354534518284,scr1982,avaConv,offshore
it_n,h1672,0.004269342826001746,scr1982,avaConv,offshore
it_n,h1673,0.0008487209350254881,scr1982,avaConv,offshore
it_n,h1674,0.00013240859188749606,scr1982,avaConv,offshore
it_n,h1675,0.0,scr1982,avaConv,offshore
it_n,h1676,0.0,scr1982,avaConv,offshore
it_n,h1677,0.0,scr1982,avaConv,offshore
it_n,h1678,0.0,scr1982,avaConv,offshore
it_n,h1679,0.0003140563034242846,scr1982,avaConv,offshore
it_n,h1680,0.0012971228681954404,scr1982,avaConv,offshore
it_n,h1681,0.2193465375440548,scr1982,avaConv,offshore
it_n,h1682,0.47688347612188126,scr1982,avaConv,offshore
it_n,h1683,0.7484488349319388,scr1982,avaConv,offshore
it_n,h1684,0.6888534179852057,scr1982,avaConv,offshore
it_n,h1685,0.6836423406305627,scr1982,avaConv,offshore
it_n,h1686,0.7283199462310767,scr1982,avaConv,offshore
it_n,h1687,0.7913827342831568,scr1982,avaConv,offshore
it_n,h1688,0.7741960483895254,scr1982,avaConv,offshore
it_n,h1689,0.7371056589523142,scr1982,avaConv,offshore
it_n,h1690,0.6991981495898804,scr1982,avaConv,offshore
it_n,h1691,0.7265891690875297,scr1982,avaConv,offshore
it_n,h1692,0.7509346742414862,scr1982,avaConv,offshore
it_n,h1693,0.8145361180038834,scr1982,avaConv,offshore
it_n,h1694,0.8181019585156475,scr1982,avaConv,offshore
it_n,h1695,0.7498546322298719,scr1982,avaConv,offshore
it_n,h1696,0.6097563937954613,scr1982,avaConv,offshore
it_n,h1697,0.46289658516587423,scr1982,avaConv,offshore
it_n,h1698,0.3971489558614507,scr1982,avaConv,offshore
it_n,h1699,0.4756771287178253,scr1982,avaConv,offshore
it_n,h1700,0.5725764184366192,scr1982,avaConv,offshore
it_n,h1701,0.48881533461877097,scr1982,avaConv,offshore
it_n,h1702,0.26654723546144327,scr1982,avaConv,offshore
it_n,h1703,0.07568962961855348,scr1982,avaConv,offshore
it_n,h1704,0.017909990441557694,scr1982,avaConv,offshore
it_n,h1705,0.006766710417984356,scr1982,avaConv,offshore
it_n,h1706,0.0027263720406889504,scr1982,avaConv,offshore
it_n,h1707,0.0035832340834308597,scr1982,avaConv,offshore
it_n,h1708,0.009042019701875,scr1982,avaConv,offshore
it_n,h1709,0.023460888718979268,scr1982,avaConv,offshore
it_n,h1710,0.10010791593379471,scr1982,avaConv,offshore
it_n,h1711,0.22436390462154202,scr1982,avaConv,offshore
it_n,h1712,0.22615972768209475,scr1982,avaConv,offshore
it_n,h1713,0.247327004908066,scr1982,avaConv,offshore
it_n,h1714,0.3872887799554382,scr1982,avaConv,offshore
it_n,h1715,0.6951128736533294,scr1982,avaConv,offshore
it_n,h1716,0.9115157954432339,scr1982,avaConv,offshore
it_n,h1717,0.9455410687261641,scr1982,avaConv,offshore
it_n,h1718,0.9488794616019319,scr1982,avaConv,offshore
it_n,h1719,0.9499101486266233,scr1982,avaConv,offshore
it_n,h1720,0.9499715062121286,scr1982,avaConv,offshore
it_n,h1721,0.9497663553079645,scr1982,avaConv,offshore
it_n,h1722,0.9488153411444373,scr1982,avaConv,offshore
it_n,h1723,0.9452567366515354,scr1982,avaConv,offshore
it_n,h1724,0.9300384237591012,scr1982,avaConv,offshore
it_n,h1725,0.8801932199562873,scr1982,avaConv,offshore
it_n,h1726,0.7773878478723829,scr1982,avaConv,offshore
it_n,h1727,0.5773387148835121,scr1982,avaConv,offshore
it_n,h1728,0.3524167591793407,scr1982,avaConv,offshore
it_n,h1729,0.15888174099201405,scr1982,avaConv,offshore
it_n,h1730,0.06284529772259045,scr1982,avaConv,offshore
it_n,h1731,0.02437444110719461,scr1982,avaConv,offshore
it_n,h1732,0.014335977424331191,scr1982,avaConv,offshore
it_n,h1733,0.013846312963463194,scr1982,avaConv,offshore
it_n,h1734,0.015344844785947923,scr1982,avaConv,offshore
it_n,h1735,0.013949091406069114,scr1982,avaConv,offshore
it_n,h1736,0.009467083541204444,scr1982,avaConv,offshore
it_n,h1737,0.0042787097093239185,scr1982,avaConv,offshore
it_n,h1738,0.0013601805893175612,scr1982,avaConv,offshore
it_n,h1739,0.0006296099999951073,scr1982,avaConv,offshore
it_n,h1740,0.0018871834778416974,scr1982,avaConv,offshore
it_n,h1741,0.004174864152854088,scr1982,avaConv,offshore
it_n,h1742,0.005280130662044199,scr1982,avaConv,offshore
it_n,h1743,0.0037520352609318546,scr1982,avaConv,offshore
it_n,h1744,0.0015749869537152257,scr1982,avaConv,offshore
it_n,h1745,0.00033322758837411274,scr1982,avaConv,offshore
it_n,h1746,0.00024029683876738118,scr1982,avaConv,offshore
it_n,h1747,0.00024718116482182114,scr1982,avaConv,offshore
it_n,h1748,0.0001412422546407937,scr1982,avaConv,offshore
it_n,h1749,0.0,scr1982,avaConv,offshore
it_n,h1750,0.0,scr1982,avaConv,offshore
it_n,h1751,0.0008449400900545287,scr1982,avaConv,offshore
it_n,h1752,0.0035971127470293793,scr1982,avaConv,offshore
it_n,h1753,0.013394136951224699,scr1982,avaConv,offshore
it_n,h1754,0.022750641999859128,scr1982,avaConv,offshore
it_n,h1755,0.021514762681121003,scr1982,avaConv,offshore
it_n,h1756,0.013115072336053864,scr1982,avaConv,offshore
it_n,h1757,0.006465884473649414,scr1982,avaConv,offshore
it_n,h1758,0.01192772389486826,scr1982,avaConv,offshore
it_n,h1759,0.0317028748188195,scr1982,avaConv,offshore
it_n,h1760,0.058400637918935835,scr1982,avaConv,offshore
it_n,h1761,0.10177876608402356,scr1982,avaConv,offshore
it_n,h1762,0.1541301441456047,scr1982,avaConv,offshore
it_n,h1763,0.28327888013280106,scr1982,avaConv,offshore
it_n,h1764,0.3417248877837296,scr1982,avaConv,offshore
it_n,h1765,0.35589088433185984,scr1982,avaConv,offshore
it_n,h1766,0.31517364431130795,scr1982,avaConv,offshore
it_n,h1767,0.35881206289968665,scr1982,avaConv,offshore
it_n,h1768,0.4606864433633329,scr1982,avaConv,offshore
it_n,h1769,0.4751351564739754,scr1982,avaConv,offshore
it_n,h1770,0.38218755444076496,scr1982,avaConv,offshore
it_n,h1771,0.2267003979952761,scr1982,avaConv,offshore
it_n,h1772,0.11740516754552999,scr1982,avaConv,offshore
it_n,h1773,0.062055916423009096,scr1982,avaConv,offshore
it_n,h1774,0.029299956038044337,scr1982,avaConv,offshore
it_n,h1775,0.009254257730852714,scr1982,avaConv,offshore
it_n,h1776,0.006938109673521091,scr1982,avaConv,offshore
it_n,h1777,0.016479532845455672,scr1982,avaConv,offshore
it_n,h1778,0.029114673211596248,scr1982,avaConv,offshore
it_n,h1779,0.02960916526242491,scr1982,avaConv,offshore
it_n,h1780,0.018259955139346345,scr1982,avaConv,offshore
it_n,h1781,0.008071266978600456,scr1982,avaConv,offshore
it_n,h1782,0.005935018074023997,scr1982,avaConv,offshore
it_n,h1783,0.00817922390981395,scr1982,avaConv,offshore
it_n,h1784,0.00995017548191483,scr1982,avaConv,offshore
it_n,h1785,0.011568317879689365,scr1982,avaConv,offshore
it_n,h1786,0.011100908495031512,scr1982,avaConv,offshore
it_n,h1787,0.0092366823291657,scr1982,avaConv,offshore
it_n,h1788,0.005744981941343325,scr1982,avaConv,offshore
it_n,h1789,0.006349155485314343,scr1982,avaConv,offshore
it_n,h1790,0.01825587380635211,scr1982,avaConv,offshore
it_n,h1791,0.0481805667471896,scr1982,avaConv,offshore
it_n,h1792,0.10408489813714406,scr1982,avaConv,offshore
it_n,h1793,0.1802192701656481,scr1982,avaConv,offshore
it_n,h1794,0.2582419160087869,scr1982,avaConv,offshore
it_n,h1795,0.2984992793712473,scr1982,avaConv,offshore
it_n,h1796,0.31765594424684845,scr1982,avaConv,offshore
it_n,h1797,0.31372398050879385,scr1982,avaConv,offshore
it_n,h1798,0.3052837759280813,scr1982,avaConv,offshore
it_n,h1799,0.2641483621166337,scr1982,avaConv,offshore
it_n,h1800,0.20526869424887917,scr1982,avaConv,offshore
it_n,h1801,0.14699383678183814,scr1982,avaConv,offshore
it_n,h1802,0.12007371207486954,scr1982,avaConv,offshore
it_n,h1803,0.11510089883956696,scr1982,avaConv,offshore
it_n,h1804,0.11339875604948725,scr1982,avaConv,offshore
it_n,h1805,0.08621415229593714,scr1982,avaConv,offshore
it_n,h1806,0.04801769775402085,scr1982,avaConv,offshore
it_n,h1807,0.017935434544803844,scr1982,avaConv,offshore
it_n,h1808,0.004869285398186297,scr1982,avaConv,offshore
it_n,h1809,0.0027198510791022596,scr1982,avaConv,offshore
it_n,h1810,0.0034507738932356815,scr1982,avaConv,offshore
it_n,h1811,0.006858412699196946,scr1982,avaConv,offshore
it_n,h1812,0.013615863678375187,scr1982,avaConv,offshore
it_n,h1813,0.02225525144636188,scr1982,avaConv,offshore
it_n,h1814,0.026460829617114823,scr1982,avaConv,offshore
it_n,h1815,0.025303511001754025,scr1982,avaConv,offshore
it_n,h1816,0.02016473376297562,scr1982,avaConv,offshore
it_n,h1817,0.01626777708509205,scr1982,avaConv,offshore
it_n,h1818,0.017287813135305734,scr1982,avaConv,offshore
it_n,h1819,0.02077808113506078,scr1982,avaConv,offshore
it_n,h1820,0.023669651124949922,scr1982,avaConv,offshore
it_n,h1821,0.020852301610933627,scr1982,avaConv,offshore
it_n,h1822,0.017102600380212826,scr1982,avaConv,offshore
it_n,h1823,0.012521833729422532,scr1982,avaConv,offshore
it_n,h1824,0.010954634663806164,scr1982,avaConv,offshore
it_n,h1825,0.01175358597090006,scr1982,avaConv,offshore
it_n,h1826,0.01698368543413182,scr1982,avaConv,offshore
it_n,h1827,0.020731445042501413,scr1982,avaConv,offshore
it_n,h1828,0.019050140999742327,scr1982,avaConv,offshore
it_n,h1829,0.013350140756058948,scr1982,avaConv,offshore
it_n,h1830,0.007150933547758504,scr1982,avaConv,offshore
it_n,h1831,0.003634744925337319,scr1982,avaConv,offshore
it_n,h1832,0.001829524014868086,scr1982,avaConv,offshore
it_n,h1833,0.0012072874291146362,scr1982,avaConv,offshore
it_n,h1834,0.001096857496316508,scr1982,avaConv,offshore
it_n,h1835,0.0009253016447105312,scr1982,avaConv,offshore
it_n,h1836,0.0010889608524281258,scr1982,avaConv,offshore
it_n,h1837,0.0017347828917308398,scr1982,avaConv,offshore
it_n,h1838,0.0028558016144518417,scr1982,avaConv,offshore
it_n,h1839,0.004020017683269524,scr1982,avaConv,offshore
it_n,h1840,0.005762163875836812,scr1982,avaConv,offshore
it_n,h1841,0.009196950112900329,scr1982,avaConv,offshore
it_n,h1842,0.019899991130505487,scr1982,avaConv,offshore
it_n,h1843,0.03809392168986568,scr1982,avaConv,offshore
it_n,h1844,0.05363379726963972,scr1982,avaConv,offshore
it_n,h1845,0.057264341984774446,scr1982,avaConv,offshore
it_n,h1846,0.052804461914570076,scr1982,avaConv,offshore
it_n,h1847,0.0419575507686001,scr1982,avaConv,offshore
it_n,h1848,0.03939449561694534,scr1982,avaConv,offshore
it_n,h1849,0.0447931632231439,scr1982,avaConv,offshore
it_n,h1850,0.057113687900541166,scr1982,avaConv,offshore
it_n,h1851,0.0641674834728043,scr1982,avaConv,offshore
it_n,h1852,0.06364347600164115,scr1982,avaConv,offshore
it_n,h1853,0.07476407700946555,scr1982,avaConv,offshore
it_n,h1854,0.09503902469514394,scr1982,avaConv,offshore
it_n,h1855,0.11376139873781625,scr1982,avaConv,offshore
it_n,h1856,0.12605300153457638,scr1982,avaConv,offshore
it_n,h1857,0.15761802200962327,scr1982,avaConv,offshore
it_n,h1858,0.2511772160109562,scr1982,avaConv,offshore
it_n,h1859,0.3955570369569412,scr1982,avaConv,offshore
it_n,h1860,0.5954207833776755,scr1982,avaConv,offshore
it_n,h1861,0.76829719398961,scr1982,avaConv,offshore
it_n,h1862,0.8963152467861091,scr1982,avaConv,offshore
it_n,h1863,0.9403309351140993,scr1982,avaConv,offshore
it_n,h1864,0.9488142291462072,scr1982,avaConv,offshore
it_n,h1865,0.949928834576008,scr1982,avaConv,offshore
it_n,h1866,0.9499954337770542,scr1982,avaConv,offshore
it_n,h1867,0.9499782892526981,scr1982,avaConv,offshore
it_n,h1868,0.949827245475451,scr1982,avaConv,offshore
it_n,h1869,0.9497266348295328,scr1982,avaConv,offshore
it_n,h1870,0.9497017855241768,scr1982,avaConv,offshore
it_n,h1871,0.949852713902823,scr1982,avaConv,offshore
it_n,h1872,0.9499536618283914,scr1982,avaConv,offshore
it_n,h1873,0.9499984161757274,scr1982,avaConv,offshore
it_n,h1874,0.9499990879523589,scr1982,avaConv,offshore
it_n,h1875,0.947968021213675,scr1982,avaConv,offshore
it_n,h1876,0.9157706941045245,scr1982,avaConv,offshore
it_n,h1877,0.8455055837204631,scr1982,avaConv,offshore
it_n,h1878,0.7164668202323841,scr1982,avaConv,offshore
it_n,h1879,0.536702596266518,scr1982,avaConv,offshore
it_n,h1880,0.33988885593745505,scr1982,avaConv,offshore
it_n,h1881,0.18240030269619456,scr1982,avaConv,offshore
it_n,h1882,0.09835305393309196,scr1982,avaConv,offshore
it_n,h1883,0.06865949228391546,scr1982,avaConv,offshore
it_n,h1884,0.0679813947110897,scr1982,avaConv,offshore
it_n,h1885,0.07362379933076975,scr1982,avaConv,offshore
it_n,h1886,0.0748323027251499,scr1982,avaConv,offshore
it_n,h1887,0.06116573910622353,scr1982,avaConv,offshore
it_n,h1888,0.03997071374182228,scr1982,avaConv,offshore
it_n,h1889,0.019147867366210672,scr1982,avaConv,offshore
it_n,h1890,0.007431251292378105,scr1982,avaConv,offshore
it_n,h1891,0.011980032966997914,scr1982,avaConv,offshore
it_n,h1892,0.05954387189870255,scr1982,avaConv,offshore
it_n,h1893,0.16403865157274386,scr1982,avaConv,offshore
it_n,h1894,0.3160120046388234,scr1982,avaConv,offshore
it_n,h1895,0.4474992854824079,scr1982,avaConv,offshore
it_n,h1896,0.5572766829039284,scr1982,avaConv,offshore
it_n,h1897,0.6476395921724877,scr1982,avaConv,offshore
it_n,h1898,0.7465743322069747,scr1982,avaConv,offshore
it_n,h1899,0.8221154552027148,scr1982,avaConv,offshore
it_n,h1900,0.8533441459037089,scr1982,avaConv,offshore
it_n,h1901,0.8390102527257496,scr1982,avaConv,offshore
it_n,h1902,0.8036570197275289,scr1982,avaConv,offshore
it_n,h1903,0.7448464859271745,scr1982,avaConv,offshore
it_n,h1904,0.6600916963476225,scr1982,avaConv,offshore
it_n,h1905,0.53296374719386,scr1982,avaConv,offshore
it_n,h1906,0.3867330148763484,scr1982,avaConv,offshore
it_n,h1907,0.26319206689562435,scr1982,avaConv,offshore
it_n,h1908,0.17121173236221823,scr1982,avaConv,offshore
it_n,h1909,0.11030628489965272,scr1982,avaConv,offshore
it_n,h1910,0.060453957844276755,scr1982,avaConv,offshore
it_n,h1911,0.028178803769817812,scr1982,avaConv,offshore
it_n,h1912,0.011871048684214696,scr1982,avaConv,offshore
it_n,h1913,0.004324515064651739,scr1982,avaConv,offshore
it_n,h1914,0.0012832170724754715,scr1982,avaConv,offshore
it_n,h1915,0.0003611380701382252,scr1982,avaConv,offshore
it_n,h1916,0.0,scr1982,avaConv,offshore
it_n,h1917,0.0,scr1982,avaConv,offshore
it_n,h1918,0.0,scr1982,avaConv,offshore
it_n,h1919,0.0,scr1982,avaConv,offshore
it_n,h1920,0.0,scr1982,avaConv,offshore
it_n,h1921,0.0,scr1982,avaConv,offshore
it_n,h1922,0.0001680782187173178,scr1982,avaConv,offshore
it_n,h1923,0.0013311877710183088,scr1982,avaConv,offshore
it_n,h1924,0.003205057953120618,scr1982,avaConv,offshore
it_n,h1925,0.004949549027336318,scr1982,avaConv,offshore
it_n,h1926,0.006293689080923052,scr1982,avaConv,offshore
it_n,h1927,0.008187986229838025,scr1982,avaConv,offshore
it_n,h1928,0.01238725931494545,scr1982,avaConv,offshore
it_n,h1929,0.017164223559193146,scr1982,avaConv,offshore
it_n,h1930,0.02004402042209087,scr1982,avaConv,offshore
it_n,h1931,0.02098288934209884,scr1982,avaConv,offshore
it_n,h1932,0.01957679769605858,scr1982,avaConv,offshore
it_n,h1933,0.014878665550501704,scr1982,avaConv,offshore
it_n,h1934,0.00831375191241112,scr1982,avaConv,offshore
it_n,h1935,0.003020230150545863,scr1982,avaConv,offshore
it_n,h1936,0.0012815137451810685,scr1982,avaConv,offshore
it_n,h1937,0.0006718076658920863,scr1982,avaConv,offshore
it_n,h1938,0.0002470399192567728,scr1982,avaConv,offshore
it_n,h1939,0.0,scr1982,avaConv,offshore
it_n,h1940,0.0,scr1982,avaConv,offshore
it_n,h1941,0.0002675208102972734,scr1982,avaConv,offshore
it_n,h1942,0.0011788889578879806,scr1982,avaConv,offshore
it_n,h1943,0.002535920432427899,scr1982,avaConv,offshore
it_n,h1944,0.003221760273910789,scr1982,avaConv,offshore
it_n,h1945,0.0033811097616649106,scr1982,avaConv,offshore
it_n,h1946,0.004173594567745152,scr1982,avaConv,offshore
it_n,h1947,0.006240318138550834,scr1982,avaConv,offshore
it_n,h1948,0.009538404578847397,scr1982,avaConv,offshore
it_n,h1949,0.017228636041343278,scr1982,avaConv,offshore
it_n,h1950,0.020234470652545668,scr1982,avaConv,offshore
it_n,h1951,0.021949336967032742,scr1982,avaConv,offshore
it_n,h1952,0.029910727153281382,scr1982,avaConv,offshore
it_n,h1953,0.05209841383014177,scr1982,avaConv,offshore
it_n,h1954,0.08079794005226287,scr1982,avaConv,offshore
it_n,h1955,0.09787063276620676,scr1982,avaConv,offshore
it_n,h1956,0.09644588385819729,scr1982,avaConv,offshore
it_n,h1957,0.08782100216161597,scr1982,avaConv,offshore
it_n,h1958,0.0931682572541936,scr1982,avaConv,offshore
it_n,h1959,0.1220325959593905,scr1982,avaConv,offshore
it_n,h1960,0.15617673551724545,scr1982,avaConv,offshore
it_n,h1961,0.15717208775609787,scr1982,avaConv,offshore
it_n,h1962,0.12128897921114494,scr1982,avaConv,offshore
it_n,h1963,0.07084278948173069,scr1982,avaConv,offshore
it_n,h1964,0.035438121266959326,scr1982,avaConv,offshore
it_n,h1965,0.0221220895013341,scr1982,avaConv,offshore
it_n,h1966,0.02130673996022123,scr1982,avaConv,offshore
it_n,h1967,0.026504824113061966,scr1982,avaConv,offshore
it_n,h1968,0.03399656330588833,scr1982,avaConv,offshore
it_n,h1969,0.04689906412864055,scr1982,avaConv,offshore
it_n,h1970,0.0607079388003882,scr1982,avaConv,offshore
it_n,h1971,0.07576448515241563,scr1982,avaConv,offshore
it_n,h1972,0.08865029826251697,scr1982,avaConv,offshore
it_n,h1973,0.0996894015522886,scr1982,avaConv,offshore
it_n,h1974,0.10979794605297073,scr1982,avaConv,offshore
it_n,h1975,0.11309297294024735,scr1982,avaConv,offshore
it_n,h1976,0.1047537848905197,scr1982,avaConv,offshore
it_n,h1977,0.08030217165585321,scr1982,avaConv,offshore
it_n,h1978,0.0531288330662814,scr1982,avaConv,offshore
it_n,h1979,0.037442156128962026,scr1982,avaConv,offshore
it_n,h1980,0.02795444018402079,scr1982,avaConv,offshore
it_n,h1981,0.022246153450741497,scr1982,avaConv,offshore
it_n,h1982,0.014132649455144013,scr1982,avaConv,offshore
it_n,h1983,0.009692186849725552,scr1982,avaConv,offshore
it_n,h1984,0.006681877085006623,scr1982,avaConv,offshore
it_n,h1985,0.004326265614589348,scr1982,avaConv,offshore
it_n,h1986,0.0022211500145040046,scr1982,avaConv,offshore
it_n,h1987,0.0008182151174774424,scr1982,avaConv,offshore
it_n,h1988,0.00016835818182446105,scr1982,avaConv,offshore
it_n,h1989,0.0,scr1982,avaConv,offshore
it_n,h1990,0.0,scr1982,avaConv,offshore
it_n,h1991,0.0,scr1982,avaConv,offshore
it_n,h1992,0.0,scr1982,avaConv,offshore
it_n,h1993,0.00015490554408239963,scr1982,avaConv,offshore
it_n,h1994,0.00025234668202100274,scr1982,avaConv,offshore
it_n,h1995,0.00038713328709673463,scr1982,avaConv,offshore
it_n,h1996,0.0003788463277288823,scr1982,avaConv,offshore
it_n,h1997,0.00022998888618531362,scr1982,avaConv,offshore
it_n,h1998,0.0,scr1982,avaConv,offshore
it_n,h1999,0.0,scr1982,avaConv,offshore
it_n,h2000,0.0,scr1982,avaConv,offshore
it_n,h2001,0.0,scr1982,avaConv,offshore
it_n,h2002,0.0,scr1982,avaConv,offshore
it_n,h2003,0.0,scr1982,avaConv,offshore
it_n,h2004,0.0,scr1982,avaConv,offshore
it_n,h2005,0.0,scr1982,avaConv,offshore
it_n,h2006,0.0,scr1982,avaConv,offshore
it_n,h2007,0.0003467898678261409,scr1982,avaConv,offshore
it_n,h2008,0.001410737610000827,scr1982,avaConv,offshore
it_n,h2009,0.006976696058045458,scr1982,avaConv,offshore
it_n,h2010,0.016778794701010315,scr1982,avaConv,offshore
it_n,h2011,0.024001582996672727,scr1982,avaConv,offshore
it_n,h2012,0.02041782682744631,scr1982,avaConv,offshore
it_n,h2013,0.015095658163045478,scr1982,avaConv,offshore
it_n,h2014,0.014651398846976837,scr1982,avaConv,offshore
it_n,h2015,0.01689203906245486,scr1982,avaConv,offshore
it_n,h2016,0.015623673774313762,scr1982,avaConv,offshore
it_n,h2017,0.01246928621897786,scr1982,avaConv,offshore
it_n,h2018,0.010691656127384026,scr1982,avaConv,offshore
it_n,h2019,0.007366593200422815,scr1982,avaConv,offshore
it_n,h2020,0.0031345119124282796,scr1982,avaConv,offshore
it_n,h2021,0.000427487070749062,scr1982,avaConv,offshore
it_n,h2022,0.0,scr1982,avaConv,offshore
it_n,h2023,0.0,scr1982,avaConv,offshore
it_n,h2024,0.0,scr1982,avaConv,offshore
it_n,h2025,0.0,scr1982,avaConv,offshore
it_n,h2026,0.0,scr1982,avaConv,offshore
it_n,h2027,0.0,scr1982,avaConv,offshore
it_n,h2028,0.0,scr1982,avaConv,offshore
it_n,h2029,0.0,scr1982,avaConv,offshore
it_n,h2030,0.0,scr1982,avaConv,offshore
it_n,h2031,0.0,scr1982,avaConv,offshore
it_n,h2032,0.0,scr1982,avaConv,offshore
it_n,h2033,0.0,scr1982,avaConv,offshore
it_n,h2034,0.0021426657341175395,scr1982,avaConv,offshore
it_n,h2035,0.006729233414894483,scr1982,avaConv,offshore
it_n,h2036,0.009683562810233462,scr1982,avaConv,offshore
it_n,h2037,0.007732333682036863,scr1982,avaConv,offshore
it_n,h2038,0.003413159546198603,scr1982,avaConv,offshore
it_n,h2039,0.0015968968244815202,scr1982,avaConv,offshore
it_n,h2040,0.0013540680598338602,scr1982,avaConv,offshore
it_n,h2041,0.002890024062348621,scr1982,avaConv,offshore
it_n,h2042,0.0029735881657594735,scr1982,avaConv,offshore
it_n,h2043,0.002392035495530617,scr1982,avaConv,offshore
it_n,h2044,0.0005832462171406551,scr1982,avaConv,offshore
it_n,h2045,0.0,scr1982,avaConv,offshore
it_n,h2046,0.0,scr1982,avaConv,offshore
it_n,h2047,0.0,scr1982,avaConv,offshore
it_n,h2048,0.0,scr1982,avaConv,offshore
it_n,h2049,0.0,scr1982,avaConv,offshore
it_n,h2050,0.0,scr1982,avaConv,offshore
it_n,h2051,0.0,scr1982,avaConv,offshore
it_n,h2052,0.0,scr1982,avaConv,offshore
it_n,h2053,0.0,scr1982,avaConv,offshore
it_n,h2054,0.0,scr1982,avaConv,offshore
it_n,h2055,0.00011315503921212912,scr1982,avaConv,offshore
it_n,h2056,0.001135192486759017,scr1982,avaConv,offshore
it_n,h2057,0.0033165402611368714,scr1982,avaConv,offshore
it_n,h2058,0.0039228581521780935,scr1982,avaConv,offshore
it_n,h2059,0.0029474361941555587,scr1982,avaConv,offshore
it_n,h2060,0.0009795597378238013,scr1982,avaConv,offshore
it_n,h2061,0.00041315665509453,scr1982,avaConv,offshore
it_n,h2062,0.00017509978103880079,scr1982,avaConv,offshore
it_n,h2063,0.0,scr1982,avaConv,offshore
it_n,h2064,0.0,scr1982,avaConv,offshore
it_n,h2065,0.0009324538474051237,scr1982,avaConv,offshore
it_n,h2066,0.005174442572038248,scr1982,avaConv,offshore
it_n,h2067,0.01293721858666863,scr1982,avaConv,offshore
it_n,h2068,0.024142897996763432,scr1982,avaConv,offshore
it_n,h2069,0.042724528737647816,scr1982,avaConv,offshore
it_n,h2070,0.07804505578309942,scr1982,avaConv,offshore
it_n,h2071,0.135025394504957,scr1982,avaConv,offshore
it_n,h2072,0.20430718935016431,scr1982,avaConv,offshore
it_n,h2073,0.27505879499916375,scr1982,avaConv,offshore
it_n,h2074,0.3384296457177743,scr1982,avaConv,offshore
it_n,h2075,0.4048697927919045,scr1982,avaConv,offshore
it_n,h2076,0.46305320459049343,scr1982,avaConv,offshore
it_n,h2077,0.5129322283692683,scr1982,avaConv,offshore
it_n,h2078,0.5348271228809587,scr1982,avaConv,offshore
it_n,h2079,0.5238422750687428,scr1982,avaConv,offshore
it_n,h2080,0.462781370325992,scr1982,avaConv,offshore
it_n,h2081,0.3744048085745934,scr1982,avaConv,offshore
it_n,h2082,0.28327268929573907,scr1982,avaConv,offshore
it_n,h2083,0.22811369809125231,scr1982,avaConv,offshore
it_n,h2084,0.21057660801108763,scr1982,avaConv,offshore
it_n,h2085,0.23060828976616393,scr1982,avaConv,offshore
it_n,h2086,0.2711580657543074,scr1982,avaConv,offshore
it_n,h2087,0.2977509136616764,scr1982,avaConv,offshore
it_n,h2088,0.30718549062987865,scr1982,avaConv,offshore
it_n,h2089,0.28950613524627034,scr1982,avaConv,offshore
it_n,h2090,0.2595097468488356,scr1982,avaConv,offshore
it_n,h2091,0.22237266675469686,scr1982,avaConv,offshore
it_n,h2092,0.19884645698222966,scr1982,avaConv,offshore
it_n,h2093,0.1989295199672544,scr1982,avaConv,offshore
it_n,h2094,0.21571999614509826,scr1982,avaConv,offshore
it_n,h2095,0.23669248017495254,scr1982,avaConv,offshore
it_n,h2096,0.26269091794629795,scr1982,avaConv,offshore
it_n,h2097,0.27967659855694577,scr1982,avaConv,offshore
it_n,h2098,0.2874305074411595,scr1982,avaConv,offshore
it_n,h2099,0.281688838141787,scr1982,avaConv,offshore
it_n,h2100,0.27280470639762794,scr1982,avaConv,offshore
it_n,h2101,0.25554293898818703,scr1982,avaConv,offshore
it_n,h2102,0.23128643482457095,scr1982,avaConv,offshore
it_n,h2103,0.1966285357050714,scr1982,avaConv,offshore
it_n,h2104,0.14977429177157686,scr1982,avaConv,offshore
it_n,h2105,0.09432101391557791,scr1982,avaConv,offshore
it_n,h2106,0.04530926622799654,scr1982,avaConv,offshore
it_n,h2107,0.015686626580130234,scr1982,avaConv,offshore
it_n,h2108,0.003535179128961048,scr1982,avaConv,offshore
it_n,h2109,0.0007509879789512737,scr1982,avaConv,offshore
it_n,h2110,0.00392725866210255,scr1982,avaConv,offshore
it_n,h2111,0.011922872346840573,scr1982,avaConv,offshore
it_n,h2112,0.03178345474548118,scr1982,avaConv,offshore
it_n,h2113,0.06748393527733251,scr1982,avaConv,offshore
it_n,h2114,0.12327247217972787,scr1982,avaConv,offshore
it_n,h2115,0.1714236595159308,scr1982,avaConv,offshore
it_n,h2116,0.19028799947362326,scr1982,avaConv,offshore
it_n,h2117,0.18273700644115892,scr1982,avaConv,offshore
it_n,h2118,0.17912596803776565,scr1982,avaConv,offshore
it_n,h2119,0.21005405550400388,scr1982,avaConv,offshore
it_n,h2120,0.2753086322319759,scr1982,avaConv,offshore
it_n,h2121,0.3641775143654488,scr1982,avaConv,offshore
it_n,h2122,0.4615115397029497,scr1982,avaConv,offshore
it_n,h2123,0.5443035009200615,scr1982,avaConv,offshore
it_n,h2124,0.615174888214264,scr1982,avaConv,offshore
it_n,h2125,0.653880329838728,scr1982,avaConv,offshore
it_n,h2126,0.6774097206932387,scr1982,avaConv,offshore
it_n,h2127,0.6684729805372892,scr1982,avaConv,offshore
it_n,h2128,0.6398099974106154,scr1982,avaConv,offshore
it_n,h2129,0.5828901914913347,scr1982,avaConv,offshore
it_n,h2130,0.5256101077511224,scr1982,avaConv,offshore
it_n,h2131,0.5011375143899286,scr1982,avaConv,offshore
it_n,h2132,0.5374478540224282,scr1982,avaConv,offshore
it_n,h2133,0.6226851507396646,scr1982,avaConv,offshore
it_n,h2134,0.6993265013292599,scr1982,avaConv,offshore
it_n,h2135,0.7493720702330677,scr1982,avaConv,offshore
it_n,h2136,0.7372641973981726,scr1982,avaConv,offshore
it_n,h2137,0.6800554007522134,scr1982,avaConv,offshore
it_n,h2138,0.6038459155294472,scr1982,avaConv,offshore
it_n,h2139,0.5684647552056037,scr1982,avaConv,offshore
it_n,h2140,0.5784357318717769,scr1982,avaConv,offshore
it_n,h2141,0.6017199808052717,scr1982,avaConv,offshore
it_n,h2142,0.6177058066736268,scr1982,avaConv,offshore
it_n,h2143,0.6402715191962638,scr1982,avaConv,offshore
it_n,h2144,0.6783662708353684,scr1982,avaConv,offshore
it_n,h2145,0.7271651511664752,scr1982,avaConv,offshore
it_n,h2146,0.7660566730371935,scr1982,avaConv,offshore
it_n,h2147,0.7759005727375998,scr1982,avaConv,offshore
it_n,h2148,0.756077519161019,scr1982,avaConv,offshore
it_n,h2149,0.7279898323408741,scr1982,avaConv,offshore
it_n,h2150,0.7004495336519089,scr1982,avaConv,offshore
it_n,h2151,0.6655276129301839,scr1982,avaConv,offshore
it_n,h2152,0.6153825889501986,scr1982,avaConv,offshore
it_n,h2153,0.5593690829068927,scr1982,avaConv,offshore
it_n,h2154,0.5156446751678035,scr1982,avaConv,offshore
it_n,h2155,0.4932705405437427,scr1982,avaConv,offshore
it_n,h2156,0.5100996399605578,scr1982,avaConv,offshore
it_n,h2157,0.5560289493148773,scr1982,avaConv,offshore
it_n,h2158,0.6145223171773616,scr1982,avaConv,offshore
it_n,h2159,0.6905930194587369,scr1982,avaConv,offshore
it_n,h2160,0.7364963207787683,scr1982,avaConv,offshore
it_sar,h1441,0.24775725848442337,scr1982,avaConv,offshore
it_sar,h1442,0.2161540797239437,scr1982,avaConv,offshore
it_sar,h1443,0.1823466519334306,scr1982,avaConv,offshore
it_sar,h1444,0.1427435289755838,scr1982,avaConv,offshore
it_sar,h1445,0.10779578647331954,scr1982,avaConv,offshore
it_sar,h1446,0.07629381148306738,scr1982,avaConv,offshore
it_sar,h1447,0.05098389655680291,scr1982,avaConv,offshore
it_sar,h1448,0.02952780763422911,scr1982,avaConv,offshore
it_sar,h1449,0.019461523890698006,scr1982,avaConv,offshore
it_sar,h1450,0.028147429822026414,scr1982,avaConv,offshore
it_sar,h1451,0.061561351836704734,scr1982,avaConv,offshore
it_sar,h1452,0.08437201579746885,scr1982,avaConv,offshore
it_sar,h1453,0.0927332508254864,scr1982,avaConv,offshore
it_sar,h1454,0.08511944973606586,scr1982,avaConv,offshore
it_sar,h1455,0.09429070435915604,scr1982,avaConv,offshore
it_sar,h1456,0.12359559458981917,scr1982,avaConv,offshore
it_sar,h1457,0.17064300669560736,scr1982,avaConv,offshore
it_sar,h1458,0.2377607193147244,scr1982,avaConv,offshore
it_sar,h1459,0.3177806531743274,scr1982,avaConv,offshore
it_sar,h1460,0.39256080225550405,scr1982,avaConv,offshore
it_sar,h1461,0.43458999279952243,scr1982,avaConv,offshore
it_sar,h1462,0.43390676487695007,scr1982,avaConv,offshore
it_sar,h1463,0.38930985635686177,scr1982,avaConv,offshore
it_sar,h1464,0.3199194112722967,scr1982,avaConv,offshore
it_sar,h1465,0.24074985628787746,scr1982,avaConv,offshore
it_sar,h1466,0.18217605013154747,scr1982,avaConv,offshore
it_sar,h1467,0.1503504472135268,scr1982,avaConv,offshore
it_sar,h1468,0.15413572028453204,scr1982,avaConv,offshore
it_sar,h1469,0.17122309006665304,scr1982,avaConv,offshore
it_sar,h1470,0.18617115058710962,scr1982,avaConv,offshore
it_sar,h1471,0.1780259092916839,scr1982,avaConv,offshore
it_sar,h1472,0.15048863668341914,scr1982,avaConv,offshore
it_sar,h1473,0.12915873520670315,scr1982,avaConv,offshore
it_sar,h1474,0.12115075723474614,scr1982,avaConv,offshore
it_sar,h1475,0.14004599879782723,scr1982,avaConv,offshore
it_sar,h1476,0.15842076467222432,scr1982,avaConv,offshore
it_sar,h1477,0.17355765804769738,scr1982,avaConv,offshore
it_sar,h1478,0.17074893091408344,scr1982,avaConv,offshore
it_sar,h1479,0.15241347799324967,scr1982,avaConv,offshore
it_sar,h1480,0.1309993317128559,scr1982,avaConv,offshore
it_sar,h1481,0.11014809409313507,scr1982,avaConv,offshore
it_sar,h1482,0.10433888117294489,scr1982,avaConv,offshore
it_sar,h1483,0.11488484468153624,scr1982,avaConv,offshore
it_sar,h1484,0.13003748664922493,scr1982,avaConv,offshore
it_sar,h1485,0.1472236225149763,scr1982,avaConv,offshore
it_sar,h1486,0.1562129443644412,scr1982,avaConv,offshore
it_sar,h1487,0.15392123938479424,scr1982,avaConv,offshore
it_sar,h1488,0.13884959153490553,scr1982,avaConv,offshore
it_sar,h1489,0.1187863420446337,scr1982,avaConv,offshore
it_sar,h1490,0.10697950750438981,scr1982,avaConv,offshore
it_sar,h1491,0.10140863565736892,scr1982,avaConv,offshore
it_sar,h1492,0.09823605281101407,scr1982,avaConv,offshore
it_sar,h1493,0.09015280899018309,scr1982,avaConv,offshore
it_sar,h1494,0.07442443265536204,scr1982,avaConv,offshore
it_sar,h1495,0.054131842141642045,scr1982,avaConv,offshore
it_sar,h1496,0.04096815727388679,scr1982,avaConv,offshore
it_sar,h1497,0.042631054117924325,scr1982,avaConv,offshore
it_sar,h1498,0.05565833554386858,scr1982,avaConv,offshore
it_sar,h1499,0.06213031279473464,scr1982,avaConv,offshore
it_sar,h1500,0.06466935209460349,scr1982,avaConv,offshore
it_sar,h1501,0.05609167675930485,scr1982,avaConv,offshore
it_sar,h1502,0.04632079340689817,scr1982,avaConv,offshore
it_sar,h1503,0.030755846729426137,scr1982,avaConv,offshore
it_sar,h1504,0.018935258119436922,scr1982,avaConv,offshore
it_sar,h1505,0.018352479943013155,scr1982,avaConv,offshore
it_sar,h1506,0.035441727482861035,scr1982,avaConv,offshore
it_sar,h1507,0.08401056620396495,scr1982,avaConv,offshore
it_sar,h1508,0.18017249533313187,scr1982,avaConv,offshore
it_sar,h1509,0.3160310890915844,scr1982,avaConv,offshore
it_sar,h1510,0.4443191520797242,scr1982,avaConv,offshore
it_sar,h1511,0.5003445584172644,scr1982,avaConv,offshore
it_sar,h1512,0.49339111580531664,scr1982,avaConv,offshore
it_sar,h1513,0.40386312480640524,scr1982,avaConv,offshore
it_sar,h1514,0.32871841757123854,scr1982,avaConv,offshore
it_sar,h1515,0.25547494829566736,scr1982,avaConv,offshore
it_sar,h1516,0.25005937133177986,scr1982,avaConv,offshore
it_sar,h1517,0.2714538510298775,scr1982,avaConv,offshore
it_sar,h1518,0.3262582713910646,scr1982,avaConv,offshore
it_sar,h1519,0.40128018193512444,scr1982,avaConv,offshore
it_sar,h1520,0.4755434886109006,scr1982,avaConv,offshore
it_sar,h1521,0.5391161339528344,scr1982,avaConv,offshore
it_sar,h1522,0.5819054342662263,scr1982,avaConv,offshore
it_sar,h1523,0.5927267573723882,scr1982,avaConv,offshore
it_sar,h1524,0.5878304294973817,scr1982,avaConv,offshore
it_sar,h1525,0.580358082930929,scr1982,avaConv,offshore
it_sar,h1526,0.5949896436766565,scr1982,avaConv,offshore
it_sar,h1527,0.6145579775010106,scr1982,avaConv,offshore
it_sar,h1528,0.6289094118605413,scr1982,avaConv,offshore
it_sar,h1529,0.6265525876217555,scr1982,avaConv,offshore
it_sar,h1530,0.604102447675568,scr1982,avaConv,offshore
it_sar,h1531,0.5696253336005496,scr1982,avaConv,offshore
it_sar,h1532,0.5316681650524662,scr1982,avaConv,offshore
it_sar,h1533,0.5032749614417077,scr1982,avaConv,offshore
it_sar,h1534,0.4685968673472937,scr1982,avaConv,offshore
it_sar,h1535,0.3988421890285159,scr1982,avaConv,offshore
it_sar,h1536,0.30771829583118215,scr1982,avaConv,offshore
it_sar,h1537,0.2181551821227228,scr1982,avaConv,offshore
it_sar,h1538,0.16597650647151738,scr1982,avaConv,offshore
it_sar,h1539,0.136552374289581,scr1982,avaConv,offshore
it_sar,h1540,0.12172115676676509,scr1982,avaConv,offshore
it_sar,h1541,0.11394730728600751,scr1982,avaConv,offshore
it_sar,h1542,0.10573152724172406,scr1982,avaConv,offshore
it_sar,h1543,0.09620191294637521,scr1982,avaConv,offshore
it_sar,h1544,0.0855402794754815,scr1982,avaConv,offshore
it_sar,h1545,0.07536645084548108,scr1982,avaConv,offshore
it_sar,h1546,0.06411162065407566,scr1982,avaConv,offshore
it_sar,h1547,0.054346014266293895,scr1982,avaConv,offshore
it_sar,h1548,0.04726665137805997,scr1982,avaConv,offshore
it_sar,h1549,0.040997085135129285,scr1982,avaConv,offshore
it_sar,h1550,0.03448008785923824,scr1982,avaConv,offshore
it_sar,h1551,0.026417963707316208,scr1982,avaConv,offshore
it_sar,h1552,0.01778586042095718,scr1982,avaConv,offshore
it_sar,h1553,0.01129044927056513,scr1982,avaConv,offshore
it_sar,h1554,0.007559161625933081,scr1982,avaConv,offshore
it_sar,h1555,0.006638454744083471,scr1982,avaConv,offshore
it_sar,h1556,0.008107222876449171,scr1982,avaConv,offshore
it_sar,h1557,0.011020690507167582,scr1982,avaConv,offshore
it_sar,h1558,0.017188025071159546,scr1982,avaConv,offshore
it_sar,h1559,0.024806442277142675,scr1982,avaConv,offshore
it_sar,h1560,0.029033992209788053,scr1982,avaConv,offshore
it_sar,h1561,0.028506074410594176,scr1982,avaConv,offshore
it_sar,h1562,0.02080118311362129,scr1982,avaConv,offshore
it_sar,h1563,0.011457578527576838,scr1982,avaConv,offshore
it_sar,h1564,0.0035781984509507033,scr1982,avaConv,offshore
it_sar,h1565,0.0004702277896160743,scr1982,avaConv,offshore
it_sar,h1566,0.0,scr1982,avaConv,offshore
it_sar,h1567,0.0,scr1982,avaConv,offshore
it_sar,h1568,0.0,scr1982,avaConv,offshore
it_sar,h1569,0.001015687587559453,scr1982,avaConv,offshore
it_sar,h1570,0.003445363655387017,scr1982,avaConv,offshore
it_sar,h1571,0.009328439437590912,scr1982,avaConv,offshore
it_sar,h1572,0.014498514601492199,scr1982,avaConv,offshore
it_sar,h1573,0.01850365299545393,scr1982,avaConv,offshore
it_sar,h1574,0.021348521787541656,scr1982,avaConv,offshore
it_sar,h1575,0.0276159579358003,scr1982,avaConv,offshore
it_sar,h1576,0.03628072944084922,scr1982,avaConv,offshore
it_sar,h1577,0.04380202924997856,scr1982,avaConv,offshore
it_sar,h1578,0.04499957823781044,scr1982,avaConv,offshore
it_sar,h1579,0.04185796418350621,scr1982,avaConv,offshore
it_sar,h1580,0.0362033654844736,scr1982,avaConv,offshore
it_sar,h1581,0.03402569638137559,scr1982,avaConv,offshore
it_sar,h1582,0.03538726224023644,scr1982,avaConv,offshore
it_sar,h1583,0.03772021739814308,scr1982,avaConv,offshore
it_sar,h1584,0.034378503182041685,scr1982,avaConv,offshore
it_sar,h1585,0.02407894662468714,scr1982,avaConv,offshore
it_sar,h1586,0.011729832731215958,scr1982,avaConv,offshore
it_sar,h1587,0.003429930879512513,scr1982,avaConv,offshore
it_sar,h1588,0.0008691078382599272,scr1982,avaConv,offshore
it_sar,h1589,0.00031526558202270055,scr1982,avaConv,offshore
it_sar,h1590,0.0,scr1982,avaConv,offshore
it_sar,h1591,0.0,scr1982,avaConv,offshore
it_sar,h1592,0.0,scr1982,avaConv,offshore
it_sar,h1593,0.0,scr1982,avaConv,offshore
it_sar,h1594,0.0,scr1982,avaConv,offshore
it_sar,h1595,0.0,scr1982,avaConv,offshore
it_sar,h1596,0.002169748840801906,scr1982,avaConv,offshore
it_sar,h1597,0.006448346117073888,scr1982,avaConv,offshore
it_sar,h1598,0.012017810638342357,scr1982,avaConv,offshore
it_sar,h1599,0.017433788110444555,scr1982,avaConv,offshore
it_sar,h1600,0.020656123767261735,scr1982,avaConv,offshore
it_sar,h1601,0.023656896806337226,scr1982,avaConv,offshore
it_sar,h1602,0.021884238130604004,scr1982,avaConv,offshore
it_sar,h1603,0.017491609696559392,scr1982,avaConv,offshore
it_sar,h1604,0.010721456665551325,scr1982,avaConv,offshore
it_sar,h1605,0.007007911860352917,scr1982,avaConv,offshore
it_sar,h1606,0.006541083113026572,scr1982,avaConv,offshore
it_sar,h1607,0.014396527038128843,scr1982,avaConv,offshore
it_sar,h1608,0.021053981760092953,scr1982,avaConv,offshore
it_sar,h1609,0.023978326303226046,scr1982,avaConv,offshore
it_sar,h1610,0.016942877366182496,scr1982,avaConv,offshore
it_sar,h1611,0.008495671451379205,scr1982,avaConv,offshore
it_sar,h1612,0.002497484597253812,scr1982,avaConv,offshore
it_sar,h1613,0.0038570765760220136,scr1982,avaConv,offshore
it_sar,h1614,0.012100609568905026,scr1982,avaConv,offshore
it_sar,h1615,0.013361332226344981,scr1982,avaConv,offshore
it_sar,h1616,0.010990514723731365,scr1982,avaConv,offshore
it_sar,h1617,0.0024898505203256047,scr1982,avaConv,offshore
it_sar,h1618,0.0008377856523543555,scr1982,avaConv,offshore
it_sar,h1619,0.0014130253068826179,scr1982,avaConv,offshore
it_sar,h1620,0.0021816866018933966,scr1982,avaConv,offshore
it_sar,h1621,0.00731166536443209,scr1982,avaConv,offshore
it_sar,h1622,0.01389263197091739,scr1982,avaConv,offshore
it_sar,h1623,0.020356764828781508,scr1982,avaConv,offshore
it_sar,h1624,0.02636865427071551,scr1982,avaConv,offshore
it_sar,h1625,0.03424428136661968,scr1982,avaConv,offshore
it_sar,h1626,0.04438965921712176,scr1982,avaConv,offshore
it_sar,h1627,0.05252106188168506,scr1982,avaConv,offshore
it_sar,h1628,0.05355007988102386,scr1982,avaConv,offshore
it_sar,h1629,0.047315504394026486,scr1982,avaConv,offshore
it_sar,h1630,0.035603350799693054,scr1982,avaConv,offshore
it_sar,h1631,0.02563854309752509,scr1982,avaConv,offshore
it_sar,h1632,0.022872643874171768,scr1982,avaConv,offshore
it_sar,h1633,0.024398658248242736,scr1982,avaConv,offshore
it_sar,h1634,0.028711375336184564,scr1982,avaConv,offshore
it_sar,h1635,0.03125823366209615,scr1982,avaConv,offshore
it_sar,h1636,0.030325785021614537,scr1982,avaConv,offshore
it_sar,h1637,0.024951131281391148,scr1982,avaConv,offshore
it_sar,h1638,0.017427718989927295,scr1982,avaConv,offshore
it_sar,h1639,0.016690412233695384,scr1982,avaConv,offshore
it_sar,h1640,0.026305208914697963,scr1982,avaConv,offshore
it_sar,h1641,0.03413009535121307,scr1982,avaConv,offshore
it_sar,h1642,0.03483320031111423,scr1982,avaConv,offshore
it_sar,h1643,0.02679369167228448,scr1982,avaConv,offshore
it_sar,h1644,0.022221521888454845,scr1982,avaConv,offshore
it_sar,h1645,0.02591176245508394,scr1982,avaConv,offshore
it_sar,h1646,0.030116888554833156,scr1982,avaConv,offshore
it_sar,h1647,0.03120104179610435,scr1982,avaConv,offshore
it_sar,h1648,0.02885579066821765,scr1982,avaConv,offshore
it_sar,h1649,0.028454044400405613,scr1982,avaConv,offshore
it_sar,h1650,0.03158231614636749,scr1982,avaConv,offshore
it_sar,h1651,0.0436830105147301,scr1982,avaConv,offshore
it_sar,h1652,0.06203833825867233,scr1982,avaConv,offshore
it_sar,h1653,0.08008033706364596,scr1982,avaConv,offshore
it_sar,h1654,0.09029046820711532,scr1982,avaConv,offshore
it_sar,h1655,0.07788252698344239,scr1982,avaConv,offshore
it_sar,h1656,0.054957326117826416,scr1982,avaConv,offshore
it_sar,h1657,0.024628997615458347,scr1982,avaConv,offshore
it_sar,h1658,0.009892511326130385,scr1982,avaConv,offshore
it_sar,h1659,0.0028225226209589874,scr1982,avaConv,offshore
it_sar,h1660,0.0036707140939851203,scr1982,avaConv,offshore
it_sar,h1661,0.01448896478425426,scr1982,avaConv,offshore
it_sar,h1662,0.04261179945358834,scr1982,avaConv,offshore
it_sar,h1663,0.08545918247723772,scr1982,avaConv,offshore
it_sar,h1664,0.13448820546987195,scr1982,avaConv,offshore
it_sar,h1665,0.17859128680647227,scr1982,avaConv,offshore
it_sar,h1666,0.1932121250337909,scr1982,avaConv,offshore
it_sar,h1667,0.17627563594373152,scr1982,avaConv,offshore
it_sar,h1668,0.12783966419591497,scr1982,avaConv,offshore
it_sar,h1669,0.07885813789214395,scr1982,avaConv,offshore
it_sar,h1670,0.04795460097228122,scr1982,avaConv,offshore
it_sar,h1671,0.05068285376185606,scr1982,avaConv,offshore
it_sar,h1672,0.08292580248803538,scr1982,avaConv,offshore
it_sar,h1673,0.1325726682943981,scr1982,avaConv,offshore
it_sar,h1674,0.19461934562762895,scr1982,avaConv,offshore
it_sar,h1675,0.27235655727394437,scr1982,avaConv,offshore
it_sar,h1676,0.3789227431345641,scr1982,avaConv,offshore
it_sar,h1677,0.5041287174015233,scr1982,avaConv,offshore
it_sar,h1678,0.6033016808036636,scr1982,avaConv,offshore
it_sar,h1679,0.5323723591503654,scr1982,avaConv,offshore
it_sar,h1680,0.3745812825968491,scr1982,avaConv,offshore
it_sar,h1681,0.3588119811559478,scr1982,avaConv,offshore
it_sar,h1682,0.450938271489955,scr1982,avaConv,offshore
it_sar,h1683,0.5624072490310318,scr1982,avaConv,offshore
it_sar,h1684,0.5308141714828262,scr1982,avaConv,offshore
it_sar,h1685,0.5343713071624019,scr1982,avaConv,offshore
it_sar,h1686,0.5589165283081649,scr1982,avaConv,offshore
it_sar,h1687,0.5624839081000387,scr1982,avaConv,offshore
it_sar,h1688,0.5160199180946609,scr1982,avaConv,offshore
it_sar,h1689,0.4292550055218713,scr1982,avaConv,offshore
it_sar,h1690,0.34000564206825984,scr1982,avaConv,offshore
it_sar,h1691,0.27970302853430024,scr1982,avaConv,offshore
it_sar,h1692,0.24240129541659894,scr1982,avaConv,offshore
it_sar,h1693,0.2194381214393182,scr1982,avaConv,offshore
it_sar,h1694,0.20975835370586227,scr1982,avaConv,offshore
it_sar,h1695,0.20663110924477118,scr1982,avaConv,offshore
it_sar,h1696,0.2027847919894449,scr1982,avaConv,offshore
it_sar,h1697,0.19656466027046704,scr1982,avaConv,offshore
it_sar,h1698,0.19632341438801734,scr1982,avaConv,offshore
it_sar,h1699,0.20218387746391167,scr1982,avaConv,offshore
it_sar,h1700,0.21221080469242393,scr1982,avaConv,offshore
it_sar,h1701,0.21690420049471545,scr1982,avaConv,offshore
it_sar,h1702,0.21546790436890803,scr1982,avaConv,offshore
it_sar,h1703,0.21003334433939033,scr1982,avaConv,offshore
it_sar,h1704,0.20274342694686248,scr1982,avaConv,offshore
it_sar,h1705,0.184948487440719,scr1982,avaConv,offshore
it_sar,h1706,0.1566967182239433,scr1982,avaConv,offshore
it_sar,h1707,0.12130110264705705,scr1982,avaConv,offshore
it_sar,h1708,0.11099662226876346,scr1982,avaConv,offshore
it_sar,h1709,0.1333602633473217,scr1982,avaConv,offshore
it_sar,h1710,0.18239463040459833,scr1982,avaConv,offshore
it_sar,h1711,0.23322568736470317,scr1982,avaConv,offshore
it_sar,h1712,0.2697881925624636,scr1982,avaConv,offshore
it_sar,h1713,0.29460954049472293,scr1982,avaConv,offshore
it_sar,h1714,0.31169615850814975,scr1982,avaConv,offshore
it_sar,h1715,0.32773711015588136,scr1982,avaConv,offshore
it_sar,h1716,0.34310511535546145,scr1982,avaConv,offshore
it_sar,h1717,0.3589567732062127,scr1982,avaConv,offshore
it_sar,h1718,0.37521955699036014,scr1982,avaConv,offshore
it_sar,h1719,0.3853069042828102,scr1982,avaConv,offshore
it_sar,h1720,0.3892762478910922,scr1982,avaConv,offshore
it_sar,h1721,0.38891451163039764,scr1982,avaConv,offshore
it_sar,h1722,0.38243562758126015,scr1982,avaConv,offshore
it_sar,h1723,0.35879481029298105,scr1982,avaConv,offshore
it_sar,h1724,0.3217813039099635,scr1982,avaConv,offshore
it_sar,h1725,0.2860932579941109,scr1982,avaConv,offshore
it_sar,h1726,0.26447353794022815,scr1982,avaConv,offshore
it_sar,h1727,0.2536137195559575,scr1982,avaConv,offshore
it_sar,h1728,0.23920993538741325,scr1982,avaConv,offshore
it_sar,h1729,0.21745176357178722,scr1982,avaConv,offshore
it_sar,h1730,0.18297048314137287,scr1982,avaConv,offshore
it_sar,h1731,0.14778530574679044,scr1982,avaConv,offshore
it_sar,h1732,0.12196804430449035,scr1982,avaConv,offshore
it_sar,h1733,0.11723158627803053,scr1982,avaConv,offshore
it_sar,h1734,0.11995511420629816,scr1982,avaConv,offshore
it_sar,h1735,0.1163562918323955,scr1982,avaConv,offshore
it_sar,h1736,0.10446544310927652,scr1982,avaConv,offshore
it_sar,h1737,0.09585421861510716,scr1982,avaConv,offshore
it_sar,h1738,0.09383381924156475,scr1982,avaConv,offshore
it_sar,h1739,0.09257904313843565,scr1982,avaConv,offshore
it_sar,h1740,0.0857516170845729,scr1982,avaConv,offshore
it_sar,h1741,0.08151743712148923,scr1982,avaConv,offshore
it_sar,h1742,0.08498267539582424,scr1982,avaConv,offshore
it_sar,h1743,0.10170961387447967,scr1982,avaConv,offshore
it_sar,h1744,0.12659560406529224,scr1982,avaConv,offshore
it_sar,h1745,0.15486503667984494,scr1982,avaConv,offshore
it_sar,h1746,0.19143305522803575,scr1982,avaConv,offshore
it_sar,h1747,0.24075737678438525,scr1982,avaConv,offshore
it_sar,h1748,0.29244867512981326,scr1982,avaConv,offshore
it_sar,h1749,0.32985789142973343,scr1982,avaConv,offshore
it_sar,h1750,0.3393143830338497,scr1982,avaConv,offshore
it_sar,h1751,0.3152702058891768,scr1982,avaConv,offshore
it_sar,h1752,0.28288922425502433,scr1982,avaConv,offshore
it_sar,h1753,0.24243171500473845,scr1982,avaConv,offshore
it_sar,h1754,0.22286130734318688,scr1982,avaConv,offshore
it_sar,h1755,0.2288103080564115,scr1982,avaConv,offshore
it_sar,h1756,0.27078345864204506,scr1982,avaConv,offshore
it_sar,h1757,0.3363704663554182,scr1982,avaConv,offshore
it_sar,h1758,0.4047365162275997,scr1982,avaConv,offshore
it_sar,h1759,0.45430098055912344,scr1982,avaConv,offshore
it_sar,h1760,0.4472991678997071,scr1982,avaConv,offshore
it_sar,h1761,0.3758682683632738,scr1982,avaConv,offshore
it_sar,h1762,0.2608856210238105,scr1982,avaConv,offshore
it_sar,h1763,0.16758109993756315,scr1982,avaConv,offshore
it_sar,h1764,0.12684607662850905,scr1982,avaConv,offshore
it_sar,h1765,0.1518186344276204,scr1982,avaConv,offshore
it_sar,h1766,0.19359090025994502,scr1982,avaConv,offshore
it_sar,h1767,0.22623401285924682,scr1982,avaConv,offshore
it_sar,h1768,0.23368997604797853,scr1982,avaConv,offshore
it_sar,h1769,0.22970790749663053,scr1982,avaConv,offshore
it_sar,h1770,0.22813359140267772,scr1982,avaConv,offshore
it_sar,h1771,0.22126570750625735,scr1982,avaConv,offshore
it_sar,h1772,0.21508214433068426,scr1982,avaConv,offshore
it_sar,h1773,0.21071801111307747,scr1982,avaConv,offshore
it_sar,h1774,0.21501828660797448,scr1982,avaConv,offshore
it_sar,h1775,0.24659920794746787,scr1982,avaConv,offshore
it_sar,h1776,0.27014451671566353,scr1982,avaConv,offshore
it_sar,h1777,0.2849814240504152,scr1982,avaConv,offshore
it_sar,h1778,0.2714128599575427,scr1982,avaConv,offshore
it_sar,h1779,0.25846415776096565,scr1982,avaConv,offshore
it_sar,h1780,0.25484186098667244,scr1982,avaConv,offshore
it_sar,h1781,0.23997619086410218,scr1982,avaConv,offshore
it_sar,h1782,0.20433874748287223,scr1982,avaConv,offshore
it_sar,h1783,0.14912293297572637,scr1982,avaConv,offshore
it_sar,h1784,0.1058491258785819,scr1982,avaConv,offshore
it_sar,h1785,0.0939912036688823,scr1982,avaConv,offshore
it_sar,h1786,0.10407388578162086,scr1982,avaConv,offshore
it_sar,h1787,0.1297195322846613,scr1982,avaConv,offshore
it_sar,h1788,0.14155150816876724,scr1982,avaConv,offshore
it_sar,h1789,0.16346511421443852,scr1982,avaConv,offshore
it_sar,h1790,0.17540530813624114,scr1982,avaConv,offshore
it_sar,h1791,0.20783375424746095,scr1982,avaConv,offshore
it_sar,h1792,0.25017606022414435,scr1982,avaConv,offshore
it_sar,h1793,0.2844916231444693,scr1982,avaConv,offshore
it_sar,h1794,0.2915186828185426,scr1982,avaConv,offshore
it_sar,h1795,0.2780636823932865,scr1982,avaConv,offshore
it_sar,h1796,0.2701629406421682,scr1982,avaConv,offshore
it_sar,h1797,0.2757262100673603,scr1982,avaConv,offshore
it_sar,h1798,0.2860198936392258,scr1982,avaConv,offshore
it_sar,h1799,0.2905435571694922,scr1982,avaConv,offshore
it_sar,h1800,0.3010915768961739,scr1982,avaConv,offshore
it_sar,h1801,0.31184413086820295,scr1982,avaConv,offshore
it_sar,h1802,0.3195234439299088,scr1982,avaConv,offshore
it_sar,h1803,0.2906151293750282,scr1982,avaConv,offshore
it_sar,h1804,0.23258597742482637,scr1982,avaConv,offshore
it_sar,h1805,0.1749459573317133,scr1982,avaConv,offshore
it_sar,h1806,0.13940100860766183,scr1982,avaConv,offshore
it_sar,h1807,0.12982611427815308,scr1982,avaConv,offshore
it_sar,h1808,0.11934622976368953,scr1982,avaConv,offshore
it_sar,h1809,0.1156505776922146,scr1982,avaConv,offshore
it_sar,h1810,0.11842027175780186,scr1982,avaConv,offshore
it_sar,h1811,0.10826327615640385,scr1982,avaConv,offshore
it_sar,h1812,0.09969577823528368,scr1982,avaConv,offshore
it_sar,h1813,0.06861291202428055,scr1982,avaConv,offshore
it_sar,h1814,0.05009866671235923,scr1982,avaConv,offshore
it_sar,h1815,0.04143274621888494,scr1982,avaConv,offshore
it_sar,h1816,0.0711177296263999,scr1982,avaConv,offshore
it_sar,h1817,0.14070294614753673,scr1982,avaConv,offshore
it_sar,h1818,0.23107827237706885,scr1982,avaConv,offshore
it_sar,h1819,0.3007487210757854,scr1982,avaConv,offshore
it_sar,h1820,0.3324494967295946,scr1982,avaConv,offshore
it_sar,h1821,0.33179235320820016,scr1982,avaConv,offshore
it_sar,h1822,0.3224750542403172,scr1982,avaConv,offshore
it_sar,h1823,0.32540010755113385,scr1982,avaConv,offshore
it_sar,h1824,0.3336956696269026,scr1982,avaConv,offshore
it_sar,h1825,0.35292807028454787,scr1982,avaConv,offshore
it_sar,h1826,0.36764416670700406,scr1982,avaConv,offshore
it_sar,h1827,0.3743638371650233,scr1982,avaConv,offshore
it_sar,h1828,0.37747785599709494,scr1982,avaConv,offshore
it_sar,h1829,0.38388210918114407,scr1982,avaConv,offshore
it_sar,h1830,0.3941576129896361,scr1982,avaConv,offshore
it_sar,h1831,0.39353018032830156,scr1982,avaConv,offshore
it_sar,h1832,0.3722263133476181,scr1982,avaConv,offshore
it_sar,h1833,0.33911329357418174,scr1982,avaConv,offshore
it_sar,h1834,0.3037171045243428,scr1982,avaConv,offshore
it_sar,h1835,0.2762687977603684,scr1982,avaConv,offshore
it_sar,h1836,0.25094627485260596,scr1982,avaConv,offshore
it_sar,h1837,0.2385915705182772,scr1982,avaConv,offshore
it_sar,h1838,0.2444054812762122,scr1982,avaConv,offshore
it_sar,h1839,0.2751148160822351,scr1982,avaConv,offshore
it_sar,h1840,0.31099431489153706,scr1982,avaConv,offshore
it_sar,h1841,0.3415657988003893,scr1982,avaConv,offshore
it_sar,h1842,0.3574469164623248,scr1982,avaConv,offshore
it_sar,h1843,0.36445151490182803,scr1982,avaConv,offshore
it_sar,h1844,0.3587490981465499,scr1982,avaConv,offshore
it_sar,h1845,0.34406937248158964,scr1982,avaConv,offshore
it_sar,h1846,0.3180035174692833,scr1982,avaConv,offshore
it_sar,h1847,0.28811552451939937,scr1982,avaConv,offshore
it_sar,h1848,0.25929924398740506,scr1982,avaConv,offshore
it_sar,h1849,0.21089832562095603,scr1982,avaConv,offshore
it_sar,h1850,0.16165692157657285,scr1982,avaConv,offshore
it_sar,h1851,0.11135241263983518,scr1982,avaConv,offshore
it_sar,h1852,0.09207815473997567,scr1982,avaConv,offshore
it_sar,h1853,0.07948214444900853,scr1982,avaConv,offshore
it_sar,h1854,0.07315286642494674,scr1982,avaConv,offshore
it_sar,h1855,0.0732143637665179,scr1982,avaConv,offshore
it_sar,h1856,0.07546114525440595,scr1982,avaConv,offshore
it_sar,h1857,0.07272255635332601,scr1982,avaConv,offshore
it_sar,h1858,0.06684215127203591,scr1982,avaConv,offshore
it_sar,h1859,0.05421862791000378,scr1982,avaConv,offshore
it_sar,h1860,0.04484592191990205,scr1982,avaConv,offshore
it_sar,h1861,0.03643739069750037,scr1982,avaConv,offshore
it_sar,h1862,0.034808754211491606,scr1982,avaConv,offshore
it_sar,h1863,0.03768304425978679,scr1982,avaConv,offshore
it_sar,h1864,0.043830210081038115,scr1982,avaConv,offshore
it_sar,h1865,0.05382768774206895,scr1982,avaConv,offshore
it_sar,h1866,0.06444580452181495,scr1982,avaConv,offshore
it_sar,h1867,0.07832747217330936,scr1982,avaConv,offshore
it_sar,h1868,0.09888981951404911,scr1982,avaConv,offshore
it_sar,h1869,0.12345343325001808,scr1982,avaConv,offshore
it_sar,h1870,0.1507099287626427,scr1982,avaConv,offshore
it_sar,h1871,0.17457999790019077,scr1982,avaConv,offshore
it_sar,h1872,0.192044490055058,scr1982,avaConv,offshore
it_sar,h1873,0.18672385684221965,scr1982,avaConv,offshore
it_sar,h1874,0.17272891966615936,scr1982,avaConv,offshore
it_sar,h1875,0.17418870797332114,scr1982,avaConv,offshore
it_sar,h1876,0.19671859315625045,scr1982,avaConv,offshore
it_sar,h1877,0.230817410972903,scr1982,avaConv,offshore
it_sar,h1878,0.2507622428758542,scr1982,avaConv,offshore
it_sar,h1879,0.2630116917383402,scr1982,avaConv,offshore
it_sar,h1880,0.2512664661827704,scr1982,avaConv,offshore
it_sar,h1881,0.2264984972968378,scr1982,avaConv,offshore
it_sar,h1882,0.22316644890815,scr1982,avaConv,offshore
it_sar,h1883,0.2596720411402065,scr1982,avaConv,offshore
it_sar,h1884,0.3181770780907963,scr1982,avaConv,offshore
it_sar,h1885,0.3801713436993056,scr1982,avaConv,offshore
it_sar,h1886,0.43706848596899794,scr1982,avaConv,offshore
it_sar,h1887,0.5102879456333492,scr1982,avaConv,offshore
it_sar,h1888,0.5827906435416149,scr1982,avaConv,offshore
it_sar,h1889,0.6454147489720259,scr1982,avaConv,offshore
it_sar,h1890,0.6771307184794358,scr1982,avaConv,offshore
it_sar,h1891,0.6788744579592582,scr1982,avaConv,offshore
it_sar,h1892,0.6829183978915757,scr1982,avaConv,offshore
it_sar,h1893,0.70797017579836,scr1982,avaConv,offshore
it_sar,h1894,0.7478800942018757,scr1982,avaConv,offshore
it_sar,h1895,0.7802926629133445,scr1982,avaConv,offshore
it_sar,h1896,0.7995520128237126,scr1982,avaConv,offshore
it_sar,h1897,0.8089149120215537,scr1982,avaConv,offshore
it_sar,h1898,0.7965072429844213,scr1982,avaConv,offshore
it_sar,h1899,0.7431602098387041,scr1982,avaConv,offshore
it_sar,h1900,0.6715424829016131,scr1982,avaConv,offshore
it_sar,h1901,0.588027497211903,scr1982,avaConv,offshore
it_sar,h1902,0.509088998438454,scr1982,avaConv,offshore
it_sar,h1903,0.4295156192119005,scr1982,avaConv,offshore
it_sar,h1904,0.3781170014739189,scr1982,avaConv,offshore
it_sar,h1905,0.36626040423527223,scr1982,avaConv,offshore
it_sar,h1906,0.3853930400536392,scr1982,avaConv,offshore
it_sar,h1907,0.430438003797342,scr1982,avaConv,offshore
it_sar,h1908,0.4575181627994297,scr1982,avaConv,offshore
it_sar,h1909,0.4566961708569921,scr1982,avaConv,offshore
it_sar,h1910,0.4153027728653884,scr1982,avaConv,offshore
it_sar,h1911,0.37624922593741866,scr1982,avaConv,offshore
it_sar,h1912,0.3506015747956453,scr1982,avaConv,offshore
it_sar,h1913,0.3341983195275234,scr1982,avaConv,offshore
it_sar,h1914,0.31588478297606915,scr1982,avaConv,offshore
it_sar,h1915,0.28820942100289615,scr1982,avaConv,offshore
it_sar,h1916,0.2500777666547946,scr1982,avaConv,offshore
it_sar,h1917,0.20819764282081424,scr1982,avaConv,offshore
it_sar,h1918,0.16520494046365336,scr1982,avaConv,offshore
it_sar,h1919,0.13486391914833332,scr1982,avaConv,offshore
it_sar,h1920,0.11546320028946261,scr1982,avaConv,offshore
it_sar,h1921,0.10724420358673166,scr1982,avaConv,offshore
it_sar,h1922,0.10327489800379726,scr1982,avaConv,offshore
it_sar,h1923,0.09967704734434818,scr1982,avaConv,offshore
it_sar,h1924,0.09335424261549713,scr1982,avaConv,offshore
it_sar,h1925,0.08373547903854052,scr1982,avaConv,offshore
it_sar,h1926,0.08029602443066722,scr1982,avaConv,offshore
it_sar,h1927,0.08656824882058965,scr1982,avaConv,offshore
it_sar,h1928,0.09976440742976384,scr1982,avaConv,offshore
it_sar,h1929,0.1151962901951348,scr1982,avaConv,offshore
it_sar,h1930,0.1314874692633242,scr1982,avaConv,offshore
it_sar,h1931,0.1405504531821014,scr1982,avaConv,offshore
it_sar,h1932,0.14113680511871754,scr1982,avaConv,offshore
it_sar,h1933,0.13092717982137028,scr1982,avaConv,offshore
it_sar,h1934,0.11406972534299374,scr1982,avaConv,offshore
it_sar,h1935,0.0958115317905745,scr1982,avaConv,offshore
it_sar,h1936,0.09418346590322829,scr1982,avaConv,offshore
it_sar,h1937,0.11950024924498891,scr1982,avaConv,offshore
it_sar,h1938,0.16279152879653022,scr1982,avaConv,offshore
it_sar,h1939,0.19989148352414587,scr1982,avaConv,offshore
it_sar,h1940,0.22428121055926237,scr1982,avaConv,offshore
it_sar,h1941,0.23329105435756917,scr1982,avaConv,offshore
it_sar,h1942,0.23565042633326147,scr1982,avaConv,offshore
it_sar,h1943,0.23103917924230766,scr1982,avaConv,offshore
it_sar,h1944,0.2127038051954379,scr1982,avaConv,offshore
it_sar,h1945,0.19012183138353678,scr1982,avaConv,offshore
it_sar,h1946,0.1713729228560421,scr1982,avaConv,offshore
it_sar,h1947,0.19348749847177552,scr1982,avaConv,offshore
it_sar,h1948,0.22848266802674244,scr1982,avaConv,offshore
it_sar,h1949,0.26899056964560747,scr1982,avaConv,offshore
it_sar,h1950,0.29878268251916473,scr1982,avaConv,offshore
it_sar,h1951,0.304157368389399,scr1982,avaConv,offshore
it_sar,h1952,0.28082688493365177,scr1982,avaConv,offshore
it_sar,h1953,0.24417902435568875,scr1982,avaConv,offshore
it_sar,h1954,0.23130415226291506,scr1982,avaConv,offshore
it_sar,h1955,0.2251636522329408,scr1982,avaConv,offshore
it_sar,h1956,0.19266445791781728,scr1982,avaConv,offshore
it_sar,h1957,0.12990334567542522,scr1982,avaConv,offshore
it_sar,h1958,0.07771006162554134,scr1982,avaConv,offshore
it_sar,h1959,0.05664951901998864,scr1982,avaConv,offshore
it_sar,h1960,0.06744638243082586,scr1982,avaConv,offshore
it_sar,h1961,0.0858361393000947,scr1982,avaConv,offshore
it_sar,h1962,0.12234519395405333,scr1982,avaConv,offshore
it_sar,h1963,0.19186006996947383,scr1982,avaConv,offshore
it_sar,h1964,0.28806385744256147,scr1982,avaConv,offshore
it_sar,h1965,0.39118440665704096,scr1982,avaConv,offshore
it_sar,h1966,0.478032646951542,scr1982,avaConv,offshore
it_sar,h1967,0.5462584243979737,scr1982,avaConv,offshore
it_sar,h1968,0.5920013853045853,scr1982,avaConv,offshore
it_sar,h1969,0.6253519102222478,scr1982,avaConv,offshore
it_sar,h1970,0.6490771055707892,scr1982,avaConv,offshore
it_sar,h1971,0.6617091203147157,scr1982,avaConv,offshore
it_sar,h1972,0.6530241018815435,scr1982,avaConv,offshore
it_sar,h1973,0.6135530082109423,scr1982,avaConv,offshore
it_sar,h1974,0.5459317478773921,scr1982,avaConv,offshore
it_sar,h1975,0.461486765855659,scr1982,avaConv,offshore
it_sar,h1976,0.37425615691808156,scr1982,avaConv,offshore
it_sar,h1977,0.2972214086131444,scr1982,avaConv,offshore
it_sar,h1978,0.23671017309392664,scr1982,avaConv,offshore
it_sar,h1979,0.19255315949121302,scr1982,avaConv,offshore
it_sar,h1980,0.1583804076709996,scr1982,avaConv,offshore
it_sar,h1981,0.13394240476105154,scr1982,avaConv,offshore
it_sar,h1982,0.12279191955715063,scr1982,avaConv,offshore
it_sar,h1983,0.13224398374771043,scr1982,avaConv,offshore
it_sar,h1984,0.15316663216295395,scr1982,avaConv,offshore
it_sar,h1985,0.17629852821047673,scr1982,avaConv,offshore
it_sar,h1986,0.18381859275013987,scr1982,avaConv,offshore
it_sar,h1987,0.17047888220233187,scr1982,avaConv,offshore
it_sar,h1988,0.1385635162261384,scr1982,avaConv,offshore
it_sar,h1989,0.09982525462146673,scr1982,avaConv,offshore
it_sar,h1990,0.0623841207692054,scr1982,avaConv,offshore
it_sar,h1991,0.03234302740578249,scr1982,avaConv,offshore
it_sar,h1992,0.013386487734985908,scr1982,avaConv,offshore
it_sar,h1993,0.004337939842312454,scr1982,avaConv,offshore
it_sar,h1994,0.0013028409531368492,scr1982,avaConv,offshore
it_sar,h1995,0.0010105734779590851,scr1982,avaConv,offshore
it_sar,h1996,0.007123812323330545,scr1982,avaConv,offshore
it_sar,h1997,0.028331581361129222,scr1982,avaConv,offshore
it_sar,h1998,0.06802526790956707,scr1982,avaConv,offshore
it_sar,h1999,0.12290945791367387,scr1982,avaConv,offshore
it_sar,h2000,0.18904126028603732,scr1982,avaConv,offshore
it_sar,h2001,0.25862752186101456,scr1982,avaConv,offshore
it_sar,h2002,0.3165533587278913,scr1982,avaConv,offshore
it_sar,h2003,0.3779542346647229,scr1982,avaConv,offshore
it_sar,h2004,0.43673970496002024,scr1982,avaConv,offshore
it_sar,h2005,0.501204271899728,scr1982,avaConv,offshore
it_sar,h2006,0.5611904687372802,scr1982,avaConv,offshore
it_sar,h2007,0.6233037467496867,scr1982,avaConv,offshore
it_sar,h2008,0.6790141245042586,scr1982,avaConv,offshore
it_sar,h2009,0.7196148256887077,scr1982,avaConv,offshore
it_sar,h2010,0.7493306441908228,scr1982,avaConv,offshore
it_sar,h2011,0.7767588810496638,scr1982,avaConv,offshore
it_sar,h2012,0.7977453029041716,scr1982,avaConv,offshore
it_sar,h2013,0.8092689550665544,scr1982,avaConv,offshore
it_sar,h2014,0.8055911051296115,scr1982,avaConv,offshore
it_sar,h2015,0.803431201994336,scr1982,avaConv,offshore
it_sar,h2016,0.7695049967292025,scr1982,avaConv,offshore
it_sar,h2017,0.5527454348976256,scr1982,avaConv,offshore
it_sar,h2018,0.30888008635367803,scr1982,avaConv,offshore
it_sar,h2019,0.047165877010789475,scr1982,avaConv,offshore
it_sar,h2020,0.03836850632641945,scr1982,avaConv,offshore
it_sar,h2021,0.031603632658802124,scr1982,avaConv,offshore
it_sar,h2022,0.029043943899469488,scr1982,avaConv,offshore
it_sar,h2023,0.03174262033182627,scr1982,avaConv,offshore
it_sar,h2024,0.041727795897804065,scr1982,avaConv,offshore
it_sar,h2025,0.05772906585482732,scr1982,avaConv,offshore
it_sar,h2026,0.07226864481839522,scr1982,avaConv,offshore
it_sar,h2027,0.08072917954883843,scr1982,avaConv,offshore
it_sar,h2028,0.0800098852996926,scr1982,avaConv,offshore
it_sar,h2029,0.07559511771526249,scr1982,avaConv,offshore
it_sar,h2030,0.0707543920141808,scr1982,avaConv,offshore
it_sar,h2031,0.0710325678799366,scr1982,avaConv,offshore
it_sar,h2032,0.0756837474490392,scr1982,avaConv,offshore
it_sar,h2033,0.08162907908735376,scr1982,avaConv,offshore
it_sar,h2034,0.08413909141213441,scr1982,avaConv,offshore
it_sar,h2035,0.0797739154647051,scr1982,avaConv,offshore
it_sar,h2036,0.06814030206804421,scr1982,avaConv,offshore
it_sar,h2037,0.05097414185025308,scr1982,avaConv,offshore
it_sar,h2038,0.03504646472587836,scr1982,avaConv,offshore
it_sar,h2039,0.02463564651509346,scr1982,avaConv,offshore
it_sar,h2040,0.021374013455098134,scr1982,avaConv,offshore
it_sar,h2041,0.022920153452400963,scr1982,avaConv,offshore
it_sar,h2042,0.02897713202453631,scr1982,avaConv,offshore
it_sar,h2043,0.03478752474592175,scr1982,avaConv,offshore
it_sar,h2044,0.0431075584154575,scr1982,avaConv,offshore
it_sar,h2045,0.050278979543464664,scr1982,avaConv,offshore
it_sar,h2046,0.05583993575924543,scr1982,avaConv,offshore
it_sar,h2047,0.058310356579312855,scr1982,avaConv,offshore
it_sar,h2048,0.059428477974709695,scr1982,avaConv,offshore
it_sar,h2049,0.0599513672118177,scr1982,avaConv,offshore
it_sar,h2050,0.057309715162518746,scr1982,avaConv,offshore
it_sar,h2051,0.049706121870699504,scr1982,avaConv,offshore
it_sar,h2052,0.040587089740058334,scr1982,avaConv,offshore
it_sar,h2053,0.030905590156592135,scr1982,avaConv,offshore
it_sar,h2054,0.0243439383610069,scr1982,avaConv,offshore
it_sar,h2055,0.021662858483023642,scr1982,avaConv,offshore
it_sar,h2056,0.022878477270747183,scr1982,avaConv,offshore
it_sar,h2057,0.029301141438709863,scr1982,avaConv,offshore
it_sar,h2058,0.040266499211405404,scr1982,avaConv,offshore
it_sar,h2059,0.05929905153512765,scr1982,avaConv,offshore
it_sar,h2060,0.08604765636651782,scr1982,avaConv,offshore
it_sar,h2061,0.11501817852517486,scr1982,avaConv,offshore
it_sar,h2062,0.12958345041445324,scr1982,avaConv,offshore
it_sar,h2063,0.13313896810762443,scr1982,avaConv,offshore
it_sar,h2064,0.12665167027033902,scr1982,avaConv,offshore
it_sar,h2065,0.12405207426347953,scr1982,avaConv,offshore
it_sar,h2066,0.12764157806136978,scr1982,avaConv,offshore
it_sar,h2067,0.14033386797739175,scr1982,avaConv,offshore
it_sar,h2068,0.15933027196190364,scr1982,avaConv,offshore
it_sar,h2069,0.1750259747908356,scr1982,avaConv,offshore
it_sar,h2070,0.1782371371865426,scr1982,avaConv,offshore
it_sar,h2071,0.17143664169775644,scr1982,avaConv,offshore
it_sar,h2072,0.15827540325388723,scr1982,avaConv,offshore
it_sar,h2073,0.15043680832772888,scr1982,avaConv,offshore
it_sar,h2074,0.14364110812321249,scr1982,avaConv,offshore
it_sar,h2075,0.13457174980215825,scr1982,avaConv,offshore
it_sar,h2076,0.12122962393769145,scr1982,avaConv,offshore
it_sar,h2077,0.1102934361960376,scr1982,avaConv,offshore
it_sar,h2078,0.10673955774681197,scr1982,avaConv,offshore
it_sar,h2079,0.11423354562379497,scr1982,avaConv,offshore
it_sar,h2080,0.1323181929065179,scr1982,avaConv,offshore
it_sar,h2081,0.15883640227635226,scr1982,avaConv,offshore
it_sar,h2082,0.17027021389011238,scr1982,avaConv,offshore
it_sar,h2083,0.17087224131819062,scr1982,avaConv,offshore
it_sar,h2084,0.15860553139441938,scr1982,avaConv,offshore
it_sar,h2085,0.1418797519601128,scr1982,avaConv,offshore
it_sar,h2086,0.1171281683550455,scr1982,avaConv,offshore
it_sar,h2087,0.08394096049030769,scr1982,avaConv,offshore
it_sar,h2088,0.059213558527827725,scr1982,avaConv,offshore
it_sar,h2089,0.03838105143620861,scr1982,avaConv,offshore
it_sar,h2090,0.026937863481943262,scr1982,avaConv,offshore
it_sar,h2091,0.020336817395546644,scr1982,avaConv,offshore
it_sar,h2092,0.018290727270025627,scr1982,avaConv,offshore
it_sar,h2093,0.025191421652313042,scr1982,avaConv,offshore
it_sar,h2094,0.03277726069410671,scr1982,avaConv,offshore
it_sar,h2095,0.047613419132694595,scr1982,avaConv,offshore
it_sar,h2096,0.06113129854398152,scr1982,avaConv,offshore
it_sar,h2097,0.07491592428079982,scr1982,avaConv,offshore
it_sar,h2098,0.08557079493136355,scr1982,avaConv,offshore
it_sar,h2099,0.08590848650594715,scr1982,avaConv,offshore
it_sar,h2100,0.0793440324476676,scr1982,avaConv,offshore
it_sar,h2101,0.06758425398782465,scr1982,avaConv,offshore
it_sar,h2102,0.06263607751026389,scr1982,avaConv,offshore
it_sar,h2103,0.06265698998291416,scr1982,avaConv,offshore
it_sar,h2104,0.06950274002524405,scr1982,avaConv,offshore
it_sar,h2105,0.07403353819293061,scr1982,avaConv,offshore
it_sar,h2106,0.07808945833511204,scr1982,avaConv,offshore
it_sar,h2107,0.07737608557645985,scr1982,avaConv,offshore
it_sar,h2108,0.07813914428323651,scr1982,avaConv,offshore
it_sar,h2109,0.07110828615663733,scr1982,avaConv,offshore
it_sar,h2110,0.05712083671146747,scr1982,avaConv,offshore
it_sar,h2111,0.0380423919786704,scr1982,avaConv,offshore
it_sar,h2112,0.027934542607120357,scr1982,avaConv,offshore
it_sar,h2113,0.031365800916512664,scr1982,avaConv,offshore
it_sar,h2114,0.05235460728265554,scr1982,avaConv,offshore
it_sar,h2115,0.07528602310681351,scr1982,avaConv,offshore
it_sar,h2116,0.09797011809889992,scr1982,avaConv,offshore
it_sar,h2117,0.11755482428087742,scr1982,avaConv,offshore
it_sar,h2118,0.12957202717084884,scr1982,avaConv,offshore
it_sar,h2119,0.12965771141862267,scr1982,avaConv,offshore
it_sar,h2120,0.11854452837142243,scr1982,avaConv,offshore
it_sar,h2121,0.11138653294330066,scr1982,avaConv,offshore
it_sar,h2122,0.11486882672233611,scr1982,avaConv,offshore
it_sar,h2123,0.11165068057241023,scr1982,avaConv,offshore
it_sar,h2124,0.1174901707266357,scr1982,avaConv,offshore
it_sar,h2125,0.12545115138160481,scr1982,avaConv,offshore
it_sar,h2126,0.13954775651887263,scr1982,avaConv,offshore
it_sar,h2127,0.14343264210959675,scr1982,avaConv,offshore
it_sar,h2128,0.14357994433064397,scr1982,avaConv,offshore
it_sar,h2129,0.15438325391113208,scr1982,avaConv,offshore
it_sar,h2130,0.16212184228987506,scr1982,avaConv,offshore
it_sar,h2131,0.1666961319091954,scr1982,avaConv,offshore
it_sar,h2132,0.16495165041607918,scr1982,avaConv,offshore
it_sar,h2133,0.1672883374394357,scr1982,avaConv,offshore
it_sar,h2134,0.17449636325923096,scr1982,avaConv,offshore
it_sar,h2135,0.17233911179126093,scr1982,avaConv,offshore
it_sar,h2136,0.16378314229178514,scr1982,avaConv,offshore
it_sar,h2137,0.14285906526094566,scr1982,avaConv,offshore
it_sar,h2138,0.12310257554849678,scr1982,avaConv,offshore
it_sar,h2139,0.11188156687173827,scr1982,avaConv,offshore
it_sar,h2140,0.12169926315694195,scr1982,avaConv,offshore
it_sar,h2141,0.15671090674900423,scr1982,avaConv,offshore
it_sar,h2142,0.20043505344590093,scr1982,avaConv,offshore
it_sar,h2143,0.23640285111729586,scr1982,avaConv,offshore
it_sar,h2144,0.250940269153908,scr1982,avaConv,offshore
it_sar,h2145,0.236749859885408,scr1982,avaConv,offshore
it_sar,h2146,0.20208076374199635,scr1982,avaConv,offshore
it_sar,h2147,0.15023445433562874,scr1982,avaConv,offshore
it_sar,h2148,0.10620565029322478,scr1982,avaConv,offshore
it_sar,h2149,0.07560791757128014,scr1982,avaConv,offshore
it_sar,h2150,0.06395900538317612,scr1982,avaConv,offshore
it_sar,h2151,0.06706489145927898,scr1982,avaConv,offshore
it_sar,h2152,0.08564154499885861,scr1982,avaConv,offshore
it_sar,h2153,0.11208460704741512,scr1982,avaConv,offshore
it_sar,h2154,0.12519618338543667,scr1982,avaConv,offshore
it_sar,h2155,0.12397435085121844,scr1982,avaConv,offshore
it_sar,h2156,0.11581132040226973,scr1982,avaConv,offshore
it_sar,h2157,0.10999500199800492,scr1982,avaConv,offshore
it_sar,h2158,0.10371105168724024,scr1982,avaConv,offshore
it_sar,h2159,0.09234313894650482,scr1982,avaConv,offshore
it_sar,h2160,0.08912930082300062,scr1982,avaConv,offshore
it_sic,h1441,0.20241789011535213,scr1982,avaConv,offshore
it_sic,h1442,0.1704880204208615,scr1982,avaConv,offshore
it_sic,h1443,0.16210987355389703,scr1982,avaConv,offshore
it_sic,h1444,0.16274898032320317,scr1982,avaConv,offshore
it_sic,h1445,0.1501236356593911,scr1982,avaConv,offshore
it_sic,h1446,0.11215489748533751,scr1982,avaConv,offshore
it_sic,h1447,0.06515387519559869,scr1982,avaConv,offshore
it_sic,h1448,0.030008223568168138,scr1982,avaConv,offshore
it_sic,h1449,0.0126366680706209,scr1982,avaConv,offshore
it_sic,h1450,0.005367764201621271,scr1982,avaConv,offshore
it_sic,h1451,0.0017679230142822223,scr1982,avaConv,offshore
it_sic,h1452,0.00042675115497928256,scr1982,avaConv,offshore
it_sic,h1453,0.0,scr1982,avaConv,offshore
it_sic,h1454,0.0,scr1982,avaConv,offshore
it_sic,h1455,0.0013163879964338163,scr1982,avaConv,offshore
it_sic,h1456,0.003628563477555174,scr1982,avaConv,offshore
it_sic,h1457,0.007147774357224964,scr1982,avaConv,offshore
it_sic,h1458,0.011593747215626716,scr1982,avaConv,offshore
it_sic,h1459,0.015584288061781124,scr1982,avaConv,offshore
it_sic,h1460,0.018165814338155204,scr1982,avaConv,offshore
it_sic,h1461,0.01691835599778056,scr1982,avaConv,offshore
it_sic,h1462,0.014570998704529577,scr1982,avaConv,offshore
it_sic,h1463,0.010268966123485873,scr1982,avaConv,offshore
it_sic,h1464,0.007592382717213354,scr1982,avaConv,offshore
it_sic,h1465,0.004530836226367731,scr1982,avaConv,offshore
it_sic,h1466,0.003935630862771248,scr1982,avaConv,offshore
it_sic,h1467,0.0056958606431254345,scr1982,avaConv,offshore
it_sic,h1468,0.012674808487575306,scr1982,avaConv,offshore
it_sic,h1469,0.029406241331369744,scr1982,avaConv,offshore
it_sic,h1470,0.06607244279657576,scr1982,avaConv,offshore
it_sic,h1471,0.13552877349890866,scr1982,avaConv,offshore
it_sic,h1472,0.23684421915714088,scr1982,avaConv,offshore
it_sic,h1473,0.34392634281463796,scr1982,avaConv,offshore
it_sic,h1474,0.42935504448523226,scr1982,avaConv,offshore
it_sic,h1475,0.4838358154177722,scr1982,avaConv,offshore
it_sic,h1476,0.5116628063387483,scr1982,avaConv,offshore
it_sic,h1477,0.5103009220015313,scr1982,avaConv,offshore
it_sic,h1478,0.48585763409637134,scr1982,avaConv,offshore
it_sic,h1479,0.45668046076490093,scr1982,avaConv,offshore
it_sic,h1480,0.4489753730651283,scr1982,avaConv,offshore
it_sic,h1481,0.4686282803535251,scr1982,avaConv,offshore
it_sic,h1482,0.5061303990211533,scr1982,avaConv,offshore
it_sic,h1483,0.5520346244986594,scr1982,avaConv,offshore
it_sic,h1484,0.5831456553211648,scr1982,avaConv,offshore
it_sic,h1485,0.5921810644204564,scr1982,avaConv,offshore
it_sic,h1486,0.5817991640687313,scr1982,avaConv,offshore
it_sic,h1487,0.5292758424710992,scr1982,avaConv,offshore
it_sic,h1488,0.49717809154802595,scr1982,avaConv,offshore
it_sic,h1489,0.4871519806721054,scr1982,avaConv,offshore
it_sic,h1490,0.5350184762064253,scr1982,avaConv,offshore
it_sic,h1491,0.574295686617916,scr1982,avaConv,offshore
it_sic,h1492,0.6028593587627048,scr1982,avaConv,offshore
it_sic,h1493,0.6212317907724869,scr1982,avaConv,offshore
it_sic,h1494,0.6404162049716016,scr1982,avaConv,offshore
it_sic,h1495,0.663722413780411,scr1982,avaConv,offshore
it_sic,h1496,0.6767528852686718,scr1982,avaConv,offshore
it_sic,h1497,0.6585565334941043,scr1982,avaConv,offshore
it_sic,h1498,0.6096572734990372,scr1982,avaConv,offshore
it_sic,h1499,0.5069622463719479,scr1982,avaConv,offshore
it_sic,h1500,0.43315856553109,scr1982,avaConv,offshore
it_sic,h1501,0.3888595443337436,scr1982,avaConv,offshore
it_sic,h1502,0.4218647934456891,scr1982,avaConv,offshore
it_sic,h1503,0.46586989910743654,scr1982,avaConv,offshore
it_sic,h1504,0.515873267060513,scr1982,avaConv,offshore
it_sic,h1505,0.5655871229883783,scr1982,avaConv,offshore
it_sic,h1506,0.6080611206507317,scr1982,avaConv,offshore
it_sic,h1507,0.6408070598202035,scr1982,avaConv,offshore
it_sic,h1508,0.6638897878274466,scr1982,avaConv,offshore
it_sic,h1509,0.680435889956034,scr1982,avaConv,offshore
it_sic,h1510,0.697428159459681,scr1982,avaConv,offshore
it_sic,h1511,0.7298816007540916,scr1982,avaConv,offshore
it_sic,h1512,0.7647587124296646,scr1982,avaConv,offshore
it_sic,h1513,0.5861350545400732,scr1982,avaConv,offshore
it_sic,h1514,0.3619152802539827,scr1982,avaConv,offshore
it_sic,h1515,0.07885166136927999,scr1982,avaConv,offshore
it_sic,h1516,0.04857571330762412,scr1982,avaConv,offshore
it_sic,h1517,0.029840003560805618,scr1982,avaConv,offshore
it_sic,h1518,0.024165039234323928,scr1982,avaConv,offshore
it_sic,h1519,0.024303843987807886,scr1982,avaConv,offshore
it_sic,h1520,0.025643610718004486,scr1982,avaConv,offshore
it_sic,h1521,0.026601549314425262,scr1982,avaConv,offshore
it_sic,h1522,0.0260968416107126,scr1982,avaConv,offshore
it_sic,h1523,0.02504729740447294,scr1982,avaConv,offshore
it_sic,h1524,0.022824551022219766,scr1982,avaConv,offshore
it_sic,h1525,0.020857033579892544,scr1982,avaConv,offshore
it_sic,h1526,0.01995563169143725,scr1982,avaConv,offshore
it_sic,h1527,0.02722792345645475,scr1982,avaConv,offshore
it_sic,h1528,0.05105000024092482,scr1982,avaConv,offshore
it_sic,h1529,0.09401834172590424,scr1982,avaConv,offshore
it_sic,h1530,0.1522848230198363,scr1982,avaConv,offshore
it_sic,h1531,0.21592011972718023,scr1982,avaConv,offshore
it_sic,h1532,0.2714742635464875,scr1982,avaConv,offshore
it_sic,h1533,0.30080246676685507,scr1982,avaConv,offshore
it_sic,h1534,0.297450886917352,scr1982,avaConv,offshore
it_sic,h1535,0.25454409464072947,scr1982,avaConv,offshore
it_sic,h1536,0.2025529149917897,scr1982,avaConv,offshore
it_sic,h1537,0.15212795027586234,scr1982,avaConv,offshore
it_sic,h1538,0.12061381148653548,scr1982,avaConv,offshore
it_sic,h1539,0.09513861784430533,scr1982,avaConv,offshore
it_sic,h1540,0.07539909914251851,scr1982,avaConv,offshore
it_sic,h1541,0.0583083325689866,scr1982,avaConv,offshore
it_sic,h1542,0.039812466245491375,scr1982,avaConv,offshore
it_sic,h1543,0.021011041270787817,scr1982,avaConv,offshore
it_sic,h1544,0.00788666599949696,scr1982,avaConv,offshore
it_sic,h1545,0.0016532306836489852,scr1982,avaConv,offshore
it_sic,h1546,0.0,scr1982,avaConv,offshore
it_sic,h1547,0.0,scr1982,avaConv,offshore
it_sic,h1548,0.0,scr1982,avaConv,offshore
it_sic,h1549,0.0,scr1982,avaConv,offshore
it_sic,h1550,0.0,scr1982,avaConv,offshore
it_sic,h1551,0.0005629620033842761,scr1982,avaConv,offshore
it_sic,h1552,0.002344842277154534,scr1982,avaConv,offshore
it_sic,h1553,0.006510189446764606,scr1982,avaConv,offshore
it_sic,h1554,0.01310455379128845,scr1982,avaConv,offshore
it_sic,h1555,0.01988044363167895,scr1982,avaConv,offshore
it_sic,h1556,0.022582552292444973,scr1982,avaConv,offshore
it_sic,h1557,0.021153511822588168,scr1982,avaConv,offshore
it_sic,h1558,0.015495638854463714,scr1982,avaConv,offshore
it_sic,h1559,0.009927657510077173,scr1982,avaConv,offshore
it_sic,h1560,0.0050909656282295155,scr1982,avaConv,offshore
it_sic,h1561,0.00371607117034919,scr1982,avaConv,offshore
it_sic,h1562,0.005027466023839321,scr1982,avaConv,offshore
it_sic,h1563,0.007284374178930236,scr1982,avaConv,offshore
it_sic,h1564,0.007978758746697578,scr1982,avaConv,offshore
it_sic,h1565,0.006706725825806854,scr1982,avaConv,offshore
it_sic,h1566,0.00391704935320554,scr1982,avaConv,offshore
it_sic,h1567,0.001587287081110269,scr1982,avaConv,offshore
it_sic,h1568,0.0004099022656779594,scr1982,avaConv,offshore
it_sic,h1569,0.0006012266838198765,scr1982,avaConv,offshore
it_sic,h1570,0.0029555684449883808,scr1982,avaConv,offshore
it_sic,h1571,0.006306600826066055,scr1982,avaConv,offshore
it_sic,h1572,0.008757276521653775,scr1982,avaConv,offshore
it_sic,h1573,0.00878841752885756,scr1982,avaConv,offshore
it_sic,h1574,0.00789870155808469,scr1982,avaConv,offshore
it_sic,h1575,0.009316370211231365,scr1982,avaConv,offshore
it_sic,h1576,0.013817819124905236,scr1982,avaConv,offshore
it_sic,h1577,0.020575856032595936,scr1982,avaConv,offshore
it_sic,h1578,0.026842453563565932,scr1982,avaConv,offshore
it_sic,h1579,0.03460722184470206,scr1982,avaConv,offshore
it_sic,h1580,0.04917252229125297,scr1982,avaConv,offshore
it_sic,h1581,0.07633237022178346,scr1982,avaConv,offshore
it_sic,h1582,0.11212379729574222,scr1982,avaConv,offshore
it_sic,h1583,0.1345759843184947,scr1982,avaConv,offshore
it_sic,h1584,0.1307062519781965,scr1982,avaConv,offshore
it_sic,h1585,0.09910947554508269,scr1982,avaConv,offshore
it_sic,h1586,0.0627224327461769,scr1982,avaConv,offshore
it_sic,h1587,0.043245352446704646,scr1982,avaConv,offshore
it_sic,h1588,0.05129868780181777,scr1982,avaConv,offshore
it_sic,h1589,0.07311179469199036,scr1982,avaConv,offshore
it_sic,h1590,0.09451834882041654,scr1982,avaConv,offshore
it_sic,h1591,0.11709604692997506,scr1982,avaConv,offshore
it_sic,h1592,0.14076207163162438,scr1982,avaConv,offshore
it_sic,h1593,0.15688556484867747,scr1982,avaConv,offshore
it_sic,h1594,0.1536981435387412,scr1982,avaConv,offshore
it_sic,h1595,0.12777312336855742,scr1982,avaConv,offshore
it_sic,h1596,0.10396441793635675,scr1982,avaConv,offshore
it_sic,h1597,0.08735442568897504,scr1982,avaConv,offshore
it_sic,h1598,0.08604971724033054,scr1982,avaConv,offshore
it_sic,h1599,0.08314876841702487,scr1982,avaConv,offshore
it_sic,h1600,0.07847454927028484,scr1982,avaConv,offshore
it_sic,h1601,0.06857292596383058,scr1982,avaConv,offshore
it_sic,h1602,0.04980589363738522,scr1982,avaConv,offshore
it_sic,h1603,0.02840245046896915,scr1982,avaConv,offshore
it_sic,h1604,0.01006258002080262,scr1982,avaConv,offshore
it_sic,h1605,0.0018106418773099506,scr1982,avaConv,offshore
it_sic,h1606,0.0008253540684634617,scr1982,avaConv,offshore
it_sic,h1607,0.0007658435725974403,scr1982,avaConv,offshore
it_sic,h1608,0.0007658435725974403,scr1982,avaConv,offshore
it_sic,h1609,0.0003331873119563678,scr1982,avaConv,offshore
it_sic,h1610,0.0,scr1982,avaConv,offshore
it_sic,h1611,0.0,scr1982,avaConv,offshore
it_sic,h1612,0.0,scr1982,avaConv,offshore
it_sic,h1613,0.0,scr1982,avaConv,offshore
it_sic,h1614,0.0,scr1982,avaConv,offshore
it_sic,h1615,0.0,scr1982,avaConv,offshore
it_sic,h1616,0.0,scr1982,avaConv,offshore
it_sic,h1617,0.0,scr1982,avaConv,offshore
it_sic,h1618,0.0,scr1982,avaConv,offshore
it_sic,h1619,0.0,scr1982,avaConv,offshore
it_sic,h1620,0.0,scr1982,avaConv,offshore
it_sic,h1621,0.0,scr1982,avaConv,offshore
it_sic,h1622,0.0010658644435404606,scr1982,avaConv,offshore
it_sic,h1623,0.0018925800033446104,scr1982,avaConv,offshore
it_sic,h1624,0.0022983256219560855,scr1982,avaConv,offshore
it_sic,h1625,0.0016496212771741356,scr1982,avaConv,offshore
it_sic,h1626,0.001749377206158326,scr1982,avaConv,offshore
it_sic,h1627,0.006447470316089372,scr1982,avaConv,offshore
it_sic,h1628,0.019747055301779358,scr1982,avaConv,offshore
it_sic,h1629,0.03466647889597724,scr1982,avaConv,offshore
it_sic,h1630,0.053240455714086345,scr1982,avaConv,offshore
it_sic,h1631,0.06471406999021616,scr1982,avaConv,offshore
it_sic,h1632,0.0743209818939339,scr1982,avaConv,offshore
it_sic,h1633,0.07566103063568866,scr1982,avaConv,offshore
it_sic,h1634,0.0781912940259322,scr1982,avaConv,offshore
it_sic,h1635,0.08680959786926523,scr1982,avaConv,offshore
it_sic,h1636,0.10373966828721312,scr1982,avaConv,offshore
it_sic,h1637,0.12436596829732198,scr1982,avaConv,offshore
it_sic,h1638,0.14905969280414835,scr1982,avaConv,offshore
it_sic,h1639,0.17096891424882216,scr1982,avaConv,offshore
it_sic,h1640,0.176003807182226,scr1982,avaConv,offshore
it_sic,h1641,0.1647612123486487,scr1982,avaConv,offshore
it_sic,h1642,0.1551177630606486,scr1982,avaConv,offshore
it_sic,h1643,0.14515008667419088,scr1982,avaConv,offshore
it_sic,h1644,0.15345144058006718,scr1982,avaConv,offshore
it_sic,h1645,0.1694427035970411,scr1982,avaConv,offshore
it_sic,h1646,0.20210731819947297,scr1982,avaConv,offshore
it_sic,h1647,0.22288719320611877,scr1982,avaConv,offshore
it_sic,h1648,0.2272776895928422,scr1982,avaConv,offshore
it_sic,h1649,0.2199566509757583,scr1982,avaConv,offshore
it_sic,h1650,0.20221701633103223,scr1982,avaConv,offshore
it_sic,h1651,0.18470258075915266,scr1982,avaConv,offshore
it_sic,h1652,0.1720377787825421,scr1982,avaConv,offshore
it_sic,h1653,0.1764214044563035,scr1982,avaConv,offshore
it_sic,h1654,0.19198939458548597,scr1982,avaConv,offshore
it_sic,h1655,0.19961470966041756,scr1982,avaConv,offshore
it_sic,h1656,0.20479671071028108,scr1982,avaConv,offshore
it_sic,h1657,0.21608617787716075,scr1982,avaConv,offshore
it_sic,h1658,0.24901351053966497,scr1982,avaConv,offshore
it_sic,h1659,0.26824783794771045,scr1982,avaConv,offshore
it_sic,h1660,0.2580577754181782,scr1982,avaConv,offshore
it_sic,h1661,0.22743664171251762,scr1982,avaConv,offshore
it_sic,h1662,0.19860583507921492,scr1982,avaConv,offshore
it_sic,h1663,0.17457050212969571,scr1982,avaConv,offshore
it_sic,h1664,0.1463083400446094,scr1982,avaConv,offshore
it_sic,h1665,0.11986922519358253,scr1982,avaConv,offshore
it_sic,h1666,0.10624706783388133,scr1982,avaConv,offshore
it_sic,h1667,0.10644108990164546,scr1982,avaConv,offshore
it_sic,h1668,0.11120273946713644,scr1982,avaConv,offshore
it_sic,h1669,0.10762047628774639,scr1982,avaConv,offshore
it_sic,h1670,0.0933110244633811,scr1982,avaConv,offshore
it_sic,h1671,0.07675589373978292,scr1982,avaConv,offshore
it_sic,h1672,0.07686254143612395,scr1982,avaConv,offshore
it_sic,h1673,0.10180441846631856,scr1982,avaConv,offshore
it_sic,h1674,0.14551590664215486,scr1982,avaConv,offshore
it_sic,h1675,0.2034949760214366,scr1982,avaConv,offshore
it_sic,h1676,0.26749448813432913,scr1982,avaConv,offshore
it_sic,h1677,0.32078575447585284,scr1982,avaConv,offshore
it_sic,h1678,0.3447620108399013,scr1982,avaConv,offshore
it_sic,h1679,0.30775775719844,scr1982,avaConv,offshore
it_sic,h1680,0.25776118720938007,scr1982,avaConv,offshore
it_sic,h1681,0.3561843859416298,scr1982,avaConv,offshore
it_sic,h1682,0.5020431003459848,scr1982,avaConv,offshore
it_sic,h1683,0.6451132495700002,scr1982,avaConv,offshore
it_sic,h1684,0.6591476343723177,scr1982,avaConv,offshore
it_sic,h1685,0.6539369047685523,scr1982,avaConv,offshore
it_sic,h1686,0.652019550206854,scr1982,avaConv,offshore
it_sic,h1687,0.6620767525267597,scr1982,avaConv,offshore
it_sic,h1688,0.6806262831498288,scr1982,avaConv,offshore
it_sic,h1689,0.6989090365025687,scr1982,avaConv,offshore
it_sic,h1690,0.7153303163931513,scr1982,avaConv,offshore
it_sic,h1691,0.6931243124179594,scr1982,avaConv,offshore
it_sic,h1692,0.6693594714850182,scr1982,avaConv,offshore
it_sic,h1693,0.6433885822608421,scr1982,avaConv,offshore
it_sic,h1694,0.6568014819366135,scr1982,avaConv,offshore
it_sic,h1695,0.6645093924093387,scr1982,avaConv,offshore
it_sic,h1696,0.667265200493741,scr1982,avaConv,offshore
it_sic,h1697,0.6675710648280612,scr1982,avaConv,offshore
it_sic,h1698,0.6615318795107346,scr1982,avaConv,offshore
it_sic,h1699,0.6474636346431099,scr1982,avaConv,offshore
it_sic,h1700,0.6307906842598057,scr1982,avaConv,offshore
it_sic,h1701,0.6330004101916864,scr1982,avaConv,offshore
it_sic,h1702,0.6680229830468137,scr1982,avaConv,offshore
it_sic,h1703,0.7008100948312076,scr1982,avaConv,offshore
it_sic,h1704,0.7328338018165592,scr1982,avaConv,offshore
it_sic,h1705,0.7366143831732055,scr1982,avaConv,offshore
it_sic,h1706,0.7276208709528789,scr1982,avaConv,offshore
it_sic,h1707,0.698780510167475,scr1982,avaConv,offshore
it_sic,h1708,0.6778493133494499,scr1982,avaConv,offshore
it_sic,h1709,0.6786201436370958,scr1982,avaConv,offshore
it_sic,h1710,0.6920587275748954,scr1982,avaConv,offshore
it_sic,h1711,0.7059933114328876,scr1982,avaConv,offshore
it_sic,h1712,0.713600634607385,scr1982,avaConv,offshore
it_sic,h1713,0.7122505043839233,scr1982,avaConv,offshore
it_sic,h1714,0.6743456606956956,scr1982,avaConv,offshore
it_sic,h1715,0.55496608267222,scr1982,avaConv,offshore
it_sic,h1716,0.4103089578276514,scr1982,avaConv,offshore
it_sic,h1717,0.2788712953019947,scr1982,avaConv,offshore
it_sic,h1718,0.22701689594353625,scr1982,avaConv,offshore
it_sic,h1719,0.18619077117003055,scr1982,avaConv,offshore
it_sic,h1720,0.13903598717526414,scr1982,avaConv,offshore
it_sic,h1721,0.08519848700905569,scr1982,avaConv,offshore
it_sic,h1722,0.04587984520773743,scr1982,avaConv,offshore
it_sic,h1723,0.038120877893718416,scr1982,avaConv,offshore
it_sic,h1724,0.0622336165647002,scr1982,avaConv,offshore
it_sic,h1725,0.10466307073624763,scr1982,avaConv,offshore
it_sic,h1726,0.1495364850184543,scr1982,avaConv,offshore
it_sic,h1727,0.17580370731943684,scr1982,avaConv,offshore
it_sic,h1728,0.20494726826501838,scr1982,avaConv,offshore
it_sic,h1729,0.25543279171083927,scr1982,avaConv,offshore
it_sic,h1730,0.3320308673355082,scr1982,avaConv,offshore
it_sic,h1731,0.3875698229992378,scr1982,avaConv,offshore
it_sic,h1732,0.39936345500295095,scr1982,avaConv,offshore
it_sic,h1733,0.372816655225596,scr1982,avaConv,offshore
it_sic,h1734,0.33085850016603247,scr1982,avaConv,offshore
it_sic,h1735,0.26304862453505135,scr1982,avaConv,offshore
it_sic,h1736,0.17792292597592607,scr1982,avaConv,offshore
it_sic,h1737,0.10587385070722041,scr1982,avaConv,offshore
it_sic,h1738,0.09067859458773694,scr1982,avaConv,offshore
it_sic,h1739,0.1119373187839725,scr1982,avaConv,offshore
it_sic,h1740,0.12813207561064355,scr1982,avaConv,offshore
it_sic,h1741,0.12083025049219714,scr1982,avaConv,offshore
it_sic,h1742,0.09969489469074454,scr1982,avaConv,offshore
it_sic,h1743,0.07016269967139296,scr1982,avaConv,offshore
it_sic,h1744,0.044973313852146764,scr1982,avaConv,offshore
it_sic,h1745,0.03094485318859003,scr1982,avaConv,offshore
it_sic,h1746,0.02494993116809819,scr1982,avaConv,offshore
it_sic,h1747,0.020737593526101022,scr1982,avaConv,offshore
it_sic,h1748,0.016456272895912935,scr1982,avaConv,offshore
it_sic,h1749,0.01706061572499081,scr1982,avaConv,offshore
it_sic,h1750,0.023272120829733383,scr1982,avaConv,offshore
it_sic,h1751,0.03730259587849279,scr1982,avaConv,offshore
it_sic,h1752,0.04023940462531108,scr1982,avaConv,offshore
it_sic,h1753,0.03377672266587887,scr1982,avaConv,offshore
it_sic,h1754,0.017781160785457748,scr1982,avaConv,offshore
it_sic,h1755,0.009780827603493825,scr1982,avaConv,offshore
it_sic,h1756,0.011353178412937658,scr1982,avaConv,offshore
it_sic,h1757,0.013861089850196276,scr1982,avaConv,offshore
it_sic,h1758,0.014747899703152474,scr1982,avaConv,offshore
it_sic,h1759,0.022060871399866788,scr1982,avaConv,offshore
it_sic,h1760,0.036685080145039614,scr1982,avaConv,offshore
it_sic,h1761,0.05544440938662724,scr1982,avaConv,offshore
it_sic,h1762,0.07129352614353551,scr1982,avaConv,offshore
it_sic,h1763,0.06155882808640908,scr1982,avaConv,offshore
it_sic,h1764,0.046120948600052745,scr1982,avaConv,offshore
it_sic,h1765,0.02215223523655891,scr1982,avaConv,offshore
it_sic,h1766,0.016622453446568007,scr1982,avaConv,offshore
it_sic,h1767,0.009225044372695172,scr1982,avaConv,offshore
it_sic,h1768,0.005467153578680363,scr1982,avaConv,offshore
it_sic,h1769,0.007099059074181325,scr1982,avaConv,offshore
it_sic,h1770,0.009662933648555678,scr1982,avaConv,offshore
it_sic,h1771,0.020651154195891676,scr1982,avaConv,offshore
it_sic,h1772,0.060303160569575395,scr1982,avaConv,offshore
it_sic,h1773,0.12879335349973364,scr1982,avaConv,offshore
it_sic,h1774,0.19746483517247004,scr1982,avaConv,offshore
it_sic,h1775,0.21040318267353292,scr1982,avaConv,offshore
it_sic,h1776,0.16850294503421065,scr1982,avaConv,offshore
it_sic,h1777,0.10418453020939182,scr1982,avaConv,offshore
it_sic,h1778,0.06872319414305172,scr1982,avaConv,offshore
it_sic,h1779,0.055365548655869026,scr1982,avaConv,offshore
it_sic,h1780,0.04622913400693179,scr1982,avaConv,offshore
it_sic,h1781,0.0429329117883509,scr1982,avaConv,offshore
it_sic,h1782,0.049495864857823695,scr1982,avaConv,offshore
it_sic,h1783,0.06252288326724109,scr1982,avaConv,offshore
it_sic,h1784,0.08343442882271285,scr1982,avaConv,offshore
it_sic,h1785,0.11256611963256537,scr1982,avaConv,offshore
it_sic,h1786,0.141014012878664,scr1982,avaConv,offshore
it_sic,h1787,0.13015778598196037,scr1982,avaConv,offshore
it_sic,h1788,0.11067506554462073,scr1982,avaConv,offshore
it_sic,h1789,0.08886689278578626,scr1982,avaConv,offshore
it_sic,h1790,0.10182394384188637,scr1982,avaConv,offshore
it_sic,h1791,0.11777960284564395,scr1982,avaConv,offshore
it_sic,h1792,0.1373715803890724,scr1982,avaConv,offshore
it_sic,h1793,0.1620278827167839,scr1982,avaConv,offshore
it_sic,h1794,0.18877749361568158,scr1982,avaConv,offshore
it_sic,h1795,0.21723193461952417,scr1982,avaConv,offshore
it_sic,h1796,0.2500717719282904,scr1982,avaConv,offshore
it_sic,h1797,0.28845455636595674,scr1982,avaConv,offshore
it_sic,h1798,0.31498087425241234,scr1982,avaConv,offshore
it_sic,h1799,0.2799805661032174,scr1982,avaConv,offshore
it_sic,h1800,0.2330791465038177,scr1982,avaConv,offshore
it_sic,h1801,0.18551395124002698,scr1982,avaConv,offshore
it_sic,h1802,0.18040030357871312,scr1982,avaConv,offshore
it_sic,h1803,0.1684702538681279,scr1982,avaConv,offshore
it_sic,h1804,0.1581181251672905,scr1982,avaConv,offshore
it_sic,h1805,0.15626775498087037,scr1982,avaConv,offshore
it_sic,h1806,0.16103197218721146,scr1982,avaConv,offshore
it_sic,h1807,0.1658782754452578,scr1982,avaConv,offshore
it_sic,h1808,0.17624231739719465,scr1982,avaConv,offshore
it_sic,h1809,0.19482546522374175,scr1982,avaConv,offshore
it_sic,h1810,0.22112575873249415,scr1982,avaConv,offshore
it_sic,h1811,0.21836507421613732,scr1982,avaConv,offshore
it_sic,h1812,0.2098370943234545,scr1982,avaConv,offshore
it_sic,h1813,0.20098577538227727,scr1982,avaConv,offshore
it_sic,h1814,0.22795579949447037,scr1982,avaConv,offshore
it_sic,h1815,0.2516750293160547,scr1982,avaConv,offshore
it_sic,h1816,0.2489669981196417,scr1982,avaConv,offshore
it_sic,h1817,0.21071376937941003,scr1982,avaConv,offshore
it_sic,h1818,0.15097735593865966,scr1982,avaConv,offshore
it_sic,h1819,0.10580475923074727,scr1982,avaConv,offshore
it_sic,h1820,0.09554069262275272,scr1982,avaConv,offshore
it_sic,h1821,0.09606819077219808,scr1982,avaConv,offshore
it_sic,h1822,0.09755428811019808,scr1982,avaConv,offshore
it_sic,h1823,0.06960271455200033,scr1982,avaConv,offshore
it_sic,h1824,0.04847814322186869,scr1982,avaConv,offshore
it_sic,h1825,0.025016652947758976,scr1982,avaConv,offshore
it_sic,h1826,0.030377256165008054,scr1982,avaConv,offshore
it_sic,h1827,0.03919450419260442,scr1982,avaConv,offshore
it_sic,h1828,0.052950450523551656,scr1982,avaConv,offshore
it_sic,h1829,0.07028564560084508,scr1982,avaConv,offshore
it_sic,h1830,0.09716974628387967,scr1982,avaConv,offshore
it_sic,h1831,0.12541621802751254,scr1982,avaConv,offshore
it_sic,h1832,0.13975592278248264,scr1982,avaConv,offshore
it_sic,h1833,0.13254699688216187,scr1982,avaConv,offshore
it_sic,h1834,0.11037690148642217,scr1982,avaConv,offshore
it_sic,h1835,0.10337999943969195,scr1982,avaConv,offshore
it_sic,h1836,0.1088616901939218,scr1982,avaConv,offshore
it_sic,h1837,0.12806361796563134,scr1982,avaConv,offshore
it_sic,h1838,0.14011514414046028,scr1982,avaConv,offshore
it_sic,h1839,0.14934046560494565,scr1982,avaConv,offshore
it_sic,h1840,0.15536101914833597,scr1982,avaConv,offshore
it_sic,h1841,0.16727847499971726,scr1982,avaConv,offshore
it_sic,h1842,0.18789368526206698,scr1982,avaConv,offshore
it_sic,h1843,0.21308088021214686,scr1982,avaConv,offshore
it_sic,h1844,0.2336236883311769,scr1982,avaConv,offshore
it_sic,h1845,0.250395519416258,scr1982,avaConv,offshore
it_sic,h1846,0.2510527974257228,scr1982,avaConv,offshore
it_sic,h1847,0.24457751381467266,scr1982,avaConv,offshore
it_sic,h1848,0.21502370388707592,scr1982,avaConv,offshore
it_sic,h1849,0.15842798089145674,scr1982,avaConv,offshore
it_sic,h1850,0.10034351433282193,scr1982,avaConv,offshore
it_sic,h1851,0.05692291605791797,scr1982,avaConv,offshore
it_sic,h1852,0.05540459956697765,scr1982,avaConv,offshore
it_sic,h1853,0.052158570360587346,scr1982,avaConv,offshore
it_sic,h1854,0.04637708684020622,scr1982,avaConv,offshore
it_sic,h1855,0.03805792851568355,scr1982,avaConv,offshore
it_sic,h1856,0.03195348202857192,scr1982,avaConv,offshore
it_sic,h1857,0.03182948097414758,scr1982,avaConv,offshore
it_sic,h1858,0.03706027415228309,scr1982,avaConv,offshore
it_sic,h1859,0.03450085618854287,scr1982,avaConv,offshore
it_sic,h1860,0.024527885031002287,scr1982,avaConv,offshore
it_sic,h1861,0.009600386014157894,scr1982,avaConv,offshore
it_sic,h1862,0.0017471435768572842,scr1982,avaConv,offshore
it_sic,h1863,0.00023459001260903983,scr1982,avaConv,offshore
it_sic,h1864,0.0,scr1982,avaConv,offshore
it_sic,h1865,0.0003729337064693235,scr1982,avaConv,offshore
it_sic,h1866,0.0011707033660788967,scr1982,avaConv,offshore
it_sic,h1867,0.003758087689986913,scr1982,avaConv,offshore
it_sic,h1868,0.010846511513592795,scr1982,avaConv,offshore
it_sic,h1869,0.023720979577571827,scr1982,avaConv,offshore
it_sic,h1870,0.04442089195283555,scr1982,avaConv,offshore
it_sic,h1871,0.06462114656784089,scr1982,avaConv,offshore
it_sic,h1872,0.08459726155202285,scr1982,avaConv,offshore
it_sic,h1873,0.1034677980441505,scr1982,avaConv,offshore
it_sic,h1874,0.1271034918110969,scr1982,avaConv,offshore
it_sic,h1875,0.15475384527234445,scr1982,avaConv,offshore
it_sic,h1876,0.18689634700534308,scr1982,avaConv,offshore
it_sic,h1877,0.2241558320243632,scr1982,avaConv,offshore
it_sic,h1878,0.2545182922963089,scr1982,avaConv,offshore
it_sic,h1879,0.2678511884428619,scr1982,avaConv,offshore
it_sic,h1880,0.2622718172066442,scr1982,avaConv,offshore
it_sic,h1881,0.2617803900547126,scr1982,avaConv,offshore
it_sic,h1882,0.2755380518971025,scr1982,avaConv,offshore
it_sic,h1883,0.28527223003812824,scr1982,avaConv,offshore
it_sic,h1884,0.31450762105467145,scr1982,avaConv,offshore
it_sic,h1885,0.3677311697365847,scr1982,avaConv,offshore
it_sic,h1886,0.4360276919433089,scr1982,avaConv,offshore
it_sic,h1887,0.4467619412903157,scr1982,avaConv,offshore
it_sic,h1888,0.39742029458375916,scr1982,avaConv,offshore
it_sic,h1889,0.33061892018250516,scr1982,avaConv,offshore
it_sic,h1890,0.2960536369493373,scr1982,avaConv,offshore
it_sic,h1891,0.2758287276299136,scr1982,avaConv,offshore
it_sic,h1892,0.2355380661930328,scr1982,avaConv,offshore
it_sic,h1893,0.17491389830939966,scr1982,avaConv,offshore
it_sic,h1894,0.1321644101923392,scr1982,avaConv,offshore
it_sic,h1895,0.15703084930865177,scr1982,avaConv,offshore
it_sic,h1896,0.18894607795317386,scr1982,avaConv,offshore
it_sic,h1897,0.1913443248257214,scr1982,avaConv,offshore
it_sic,h1898,0.14620451802924375,scr1982,avaConv,offshore
it_sic,h1899,0.10774409849365105,scr1982,avaConv,offshore
it_sic,h1900,0.10752147091462276,scr1982,avaConv,offshore
it_sic,h1901,0.13889565078275146,scr1982,avaConv,offshore
it_sic,h1902,0.19825199921542483,scr1982,avaConv,offshore
it_sic,h1903,0.2600312764829271,scr1982,avaConv,offshore
it_sic,h1904,0.32056478444736025,scr1982,avaConv,offshore
it_sic,h1905,0.3738959298555213,scr1982,avaConv,offshore
it_sic,h1906,0.43395872122691137,scr1982,avaConv,offshore
it_sic,h1907,0.49741484196337254,scr1982,avaConv,offshore
it_sic,h1908,0.5210791377874531,scr1982,avaConv,offshore
it_sic,h1909,0.5075012601546139,scr1982,avaConv,offshore
it_sic,h1910,0.467671940331892,scr1982,avaConv,offshore
it_sic,h1911,0.45411062828776855,scr1982,avaConv,offshore
it_sic,h1912,0.45232874777587845,scr1982,avaConv,offshore
it_sic,h1913,0.4462539639773846,scr1982,avaConv,offshore
it_sic,h1914,0.4245362802559852,scr1982,avaConv,offshore
it_sic,h1915,0.4057782675627262,scr1982,avaConv,offshore
it_sic,h1916,0.3886579862915235,scr1982,avaConv,offshore
it_sic,h1917,0.3742304965155578,scr1982,avaConv,offshore
it_sic,h1918,0.34802254906961866,scr1982,avaConv,offshore
it_sic,h1919,0.3332331505341077,scr1982,avaConv,offshore
it_sic,h1920,0.32505171426131607,scr1982,avaConv,offshore
it_sic,h1921,0.34226119340417926,scr1982,avaConv,offshore
it_sic,h1922,0.36405424598720654,scr1982,avaConv,offshore
it_sic,h1923,0.38090095777261024,scr1982,avaConv,offshore
it_sic,h1924,0.3689558428520481,scr1982,avaConv,offshore
it_sic,h1925,0.32482387823405756,scr1982,avaConv,offshore
it_sic,h1926,0.26771796589954533,scr1982,avaConv,offshore
it_sic,h1927,0.21806228512087703,scr1982,avaConv,offshore
it_sic,h1928,0.1819261698377173,scr1982,avaConv,offshore
it_sic,h1929,0.13981324831981917,scr1982,avaConv,offshore
it_sic,h1930,0.088763376274013,scr1982,avaConv,offshore
it_sic,h1931,0.04052047729132866,scr1982,avaConv,offshore
it_sic,h1932,0.014863793837553416,scr1982,avaConv,offshore
it_sic,h1933,0.00904422100842887,scr1982,avaConv,offshore
it_sic,h1934,0.012142291316127155,scr1982,avaConv,offshore
it_sic,h1935,0.02334323139887256,scr1982,avaConv,offshore
it_sic,h1936,0.041913104574598875,scr1982,avaConv,offshore
it_sic,h1937,0.06641267000900257,scr1982,avaConv,offshore
it_sic,h1938,0.09815846000944115,scr1982,avaConv,offshore
it_sic,h1939,0.13677518687176424,scr1982,avaConv,offshore
it_sic,h1940,0.17389344891108288,scr1982,avaConv,offshore
it_sic,h1941,0.20046235815440644,scr1982,avaConv,offshore
it_sic,h1942,0.2061329692021426,scr1982,avaConv,offshore
it_sic,h1943,0.19433879696712766,scr1982,avaConv,offshore
it_sic,h1944,0.16389752707265975,scr1982,avaConv,offshore
it_sic,h1945,0.12185934176360531,scr1982,avaConv,offshore
it_sic,h1946,0.07491358963292892,scr1982,avaConv,offshore
it_sic,h1947,0.03654407842089558,scr1982,avaConv,offshore
it_sic,h1948,0.015628064055439317,scr1982,avaConv,offshore
it_sic,h1949,0.011765503251830053,scr1982,avaConv,offshore
it_sic,h1950,0.015458490023756778,scr1982,avaConv,offshore
it_sic,h1951,0.016129505890624025,scr1982,avaConv,offshore
it_sic,h1952,0.012133424396226536,scr1982,avaConv,offshore
it_sic,h1953,0.005482811298286731,scr1982,avaConv,offshore
it_sic,h1954,0.001326351878576685,scr1982,avaConv,offshore
it_sic,h1955,0.0,scr1982,avaConv,offshore
it_sic,h1956,0.0,scr1982,avaConv,offshore
it_sic,h1957,0.0,scr1982,avaConv,offshore
it_sic,h1958,0.0,scr1982,avaConv,offshore
it_sic,h1959,0.00028564458860507846,scr1982,avaConv,offshore
it_sic,h1960,0.00028564458860507846,scr1982,avaConv,offshore
it_sic,h1961,0.00028564458860507846,scr1982,avaConv,offshore
it_sic,h1962,0.004446713932466774,scr1982,avaConv,offshore
it_sic,h1963,0.014795243563147119,scr1982,avaConv,offshore
it_sic,h1964,0.03996160955017015,scr1982,avaConv,offshore
it_sic,h1965,0.06776119467799714,scr1982,avaConv,offshore
it_sic,h1966,0.07312554704373754,scr1982,avaConv,offshore
it_sic,h1967,0.13446982647962974,scr1982,avaConv,offshore
it_sic,h1968,0.18564636089567751,scr1982,avaConv,offshore
it_sic,h1969,0.26366081796143337,scr1982,avaConv,offshore
it_sic,h1970,0.30150255408749116,scr1982,avaConv,offshore
it_sic,h1971,0.34472622077110715,scr1982,avaConv,offshore
it_sic,h1972,0.3591966936806009,scr1982,avaConv,offshore
it_sic,h1973,0.3523197030865668,scr1982,avaConv,offshore
it_sic,h1974,0.34000770204501907,scr1982,avaConv,offshore
it_sic,h1975,0.33755199270025293,scr1982,avaConv,offshore
it_sic,h1976,0.343079166702221,scr1982,avaConv,offshore
it_sic,h1977,0.34519948525539235,scr1982,avaConv,offshore
it_sic,h1978,0.34549630696687134,scr1982,avaConv,offshore
it_sic,h1979,0.34146553680523617,scr1982,avaConv,offshore
it_sic,h1980,0.35242223538098266,scr1982,avaConv,offshore
it_sic,h1981,0.3645612733173883,scr1982,avaConv,offshore
it_sic,h1982,0.35755508075444187,scr1982,avaConv,offshore
it_sic,h1983,0.33508894342213846,scr1982,avaConv,offshore
it_sic,h1984,0.3200665224271782,scr1982,avaConv,offshore
it_sic,h1985,0.32815818207330905,scr1982,avaConv,offshore
it_sic,h1986,0.33012959824328747,scr1982,avaConv,offshore
it_sic,h1987,0.3152917782854022,scr1982,avaConv,offshore
it_sic,h1988,0.27942945646902045,scr1982,avaConv,offshore
it_sic,h1989,0.23208585095970963,scr1982,avaConv,offshore
it_sic,h1990,0.18140160708885586,scr1982,avaConv,offshore
it_sic,h1991,0.12796039429526146,scr1982,avaConv,offshore
it_sic,h1992,0.08757732725089792,scr1982,avaConv,offshore
it_sic,h1993,0.058746071454150325,scr1982,avaConv,offshore
it_sic,h1994,0.04941524039702007,scr1982,avaConv,offshore
it_sic,h1995,0.044918405170546155,scr1982,avaConv,offshore
it_sic,h1996,0.04339215961185422,scr1982,avaConv,offshore
it_sic,h1997,0.04137725867952096,scr1982,avaConv,offshore
it_sic,h1998,0.03999089493507377,scr1982,avaConv,offshore
it_sic,h1999,0.04159577359734333,scr1982,avaConv,offshore
it_sic,h2000,0.04521216103109471,scr1982,avaConv,offshore
it_sic,h2001,0.04985185664453137,scr1982,avaConv,offshore
it_sic,h2002,0.05829733659882126,scr1982,avaConv,offshore
it_sic,h2003,0.0654719389212843,scr1982,avaConv,offshore
it_sic,h2004,0.08093638258328305,scr1982,avaConv,offshore
it_sic,h2005,0.10002408393755004,scr1982,avaConv,offshore
it_sic,h2006,0.1240495261788171,scr1982,avaConv,offshore
it_sic,h2007,0.13051139169767115,scr1982,avaConv,offshore
it_sic,h2008,0.1211653551367327,scr1982,avaConv,offshore
it_sic,h2009,0.1133990732036405,scr1982,avaConv,offshore
it_sic,h2010,0.13090886041260716,scr1982,avaConv,offshore
it_sic,h2011,0.17246171578323136,scr1982,avaConv,offshore
it_sic,h2012,0.2298354818902062,scr1982,avaConv,offshore
it_sic,h2013,0.2916510489732118,scr1982,avaConv,offshore
it_sic,h2014,0.3478520513784652,scr1982,avaConv,offshore
it_sic,h2015,0.38137922723622525,scr1982,avaConv,offshore
it_sic,h2016,0.43463630761849265,scr1982,avaConv,offshore
it_sic,h2017,0.3248765661250389,scr1982,avaConv,offshore
it_sic,h2018,0.20625650047464486,scr1982,avaConv,offshore
it_sic,h2019,0.0011785228961470823,scr1982,avaConv,offshore
it_sic,h2020,0.0030411382517360015,scr1982,avaConv,offshore
it_sic,h2021,0.004781121363322647,scr1982,avaConv,offshore
it_sic,h2022,0.004513522383209821,scr1982,avaConv,offshore
it_sic,h2023,0.0032333754339807447,scr1982,avaConv,offshore
it_sic,h2024,0.0018083452483850441,scr1982,avaConv,offshore
it_sic,h2025,0.0014114593464036092,scr1982,avaConv,offshore
it_sic,h2026,0.000956663528284589,scr1982,avaConv,offshore
it_sic,h2027,0.0003169229526731538,scr1982,avaConv,offshore
it_sic,h2028,0.0,scr1982,avaConv,offshore
it_sic,h2029,0.0,scr1982,avaConv,offshore
it_sic,h2030,0.0,scr1982,avaConv,offshore
it_sic,h2031,0.0005004911570216638,scr1982,avaConv,offshore
it_sic,h2032,0.0021963916803958683,scr1982,avaConv,offshore
it_sic,h2033,0.005631148151724558,scr1982,avaConv,offshore
it_sic,h2034,0.014580396161433529,scr1982,avaConv,offshore
it_sic,h2035,0.02797462001422508,scr1982,avaConv,offshore
it_sic,h2036,0.0414855203327624,scr1982,avaConv,offshore
it_sic,h2037,0.05085011673338557,scr1982,avaConv,offshore
it_sic,h2038,0.055409388556134545,scr1982,avaConv,offshore
it_sic,h2039,0.06448132366116491,scr1982,avaConv,offshore
it_sic,h2040,0.07454235584534429,scr1982,avaConv,offshore
it_sic,h2041,0.0785444739785595,scr1982,avaConv,offshore
it_sic,h2042,0.07145629282638882,scr1982,avaConv,offshore
it_sic,h2043,0.06191898333768554,scr1982,avaConv,offshore
it_sic,h2044,0.06221826794772928,scr1982,avaConv,offshore
it_sic,h2045,0.07228890236778723,scr1982,avaConv,offshore
it_sic,h2046,0.08978088647953236,scr1982,avaConv,offshore
it_sic,h2047,0.11038578531117296,scr1982,avaConv,offshore
it_sic,h2048,0.11909859568212947,scr1982,avaConv,offshore
it_sic,h2049,0.11469899364224392,scr1982,avaConv,offshore
it_sic,h2050,0.10316165793622792,scr1982,avaConv,offshore
it_sic,h2051,0.08178144904446824,scr1982,avaConv,offshore
it_sic,h2052,0.06544594517580847,scr1982,avaConv,offshore
it_sic,h2053,0.054162587075683596,scr1982,avaConv,offshore
it_sic,h2054,0.07393184531919321,scr1982,avaConv,offshore
it_sic,h2055,0.11363266922343597,scr1982,avaConv,offshore
it_sic,h2056,0.16289644345201637,scr1982,avaConv,offshore
it_sic,h2057,0.20983227888758466,scr1982,avaConv,offshore
it_sic,h2058,0.24494247073987505,scr1982,avaConv,offshore
it_sic,h2059,0.2757038582032679,scr1982,avaConv,offshore
it_sic,h2060,0.30233449810714663,scr1982,avaConv,offshore
it_sic,h2061,0.30745264592007926,scr1982,avaConv,offshore
it_sic,h2062,0.28382269461787274,scr1982,avaConv,offshore
it_sic,h2063,0.22543502740123691,scr1982,avaConv,offshore
it_sic,h2064,0.17553669643251696,scr1982,avaConv,offshore
it_sic,h2065,0.13568777284378356,scr1982,avaConv,offshore
it_sic,h2066,0.12578113363655707,scr1982,avaConv,offshore
it_sic,h2067,0.12472381881690202,scr1982,avaConv,offshore
it_sic,h2068,0.1409902269342455,scr1982,avaConv,offshore
it_sic,h2069,0.16621436995406114,scr1982,avaConv,offshore
it_sic,h2070,0.1923444367424767,scr1982,avaConv,offshore
it_sic,h2071,0.20901966525918134,scr1982,avaConv,offshore
it_sic,h2072,0.21191545517309063,scr1982,avaConv,offshore
it_sic,h2073,0.19925140996280774,scr1982,avaConv,offshore
it_sic,h2074,0.17265376317071474,scr1982,avaConv,offshore
it_sic,h2075,0.14450122244633737,scr1982,avaConv,offshore
it_sic,h2076,0.11471087562565715,scr1982,avaConv,offshore
it_sic,h2077,0.1011860565530354,scr1982,avaConv,offshore
it_sic,h2078,0.10563285166952155,scr1982,avaConv,offshore
it_sic,h2079,0.1349527574925087,scr1982,avaConv,offshore
it_sic,h2080,0.16102683161056994,scr1982,avaConv,offshore
it_sic,h2081,0.1814181932298653,scr1982,avaConv,offshore
it_sic,h2082,0.19610008304515916,scr1982,avaConv,offshore
it_sic,h2083,0.21408545360593087,scr1982,avaConv,offshore
it_sic,h2084,0.21684075505726869,scr1982,avaConv,offshore
it_sic,h2085,0.1911179459809615,scr1982,avaConv,offshore
it_sic,h2086,0.14686256125172725,scr1982,avaConv,offshore
it_sic,h2087,0.09359569328382855,scr1982,avaConv,offshore
it_sic,h2088,0.058205308895178796,scr1982,avaConv,offshore
it_sic,h2089,0.034010939580042886,scr1982,avaConv,offshore
it_sic,h2090,0.028262947226884765,scr1982,avaConv,offshore
it_sic,h2091,0.026493765930848116,scr1982,avaConv,offshore
it_sic,h2092,0.02369903867000509,scr1982,avaConv,offshore
it_sic,h2093,0.019316203656844146,scr1982,avaConv,offshore
it_sic,h2094,0.012864768886603655,scr1982,avaConv,offshore
it_sic,h2095,0.009258716010016781,scr1982,avaConv,offshore
it_sic,h2096,0.009126192044336108,scr1982,avaConv,offshore
it_sic,h2097,0.009095547509292293,scr1982,avaConv,offshore
it_sic,h2098,0.008442088808415397,scr1982,avaConv,offshore
it_sic,h2099,0.008109884115115458,scr1982,avaConv,offshore
it_sic,h2100,0.007688089888602628,scr1982,avaConv,offshore
it_sic,h2101,0.006463647667683686,scr1982,avaConv,offshore
it_sic,h2102,0.003316156930139865,scr1982,avaConv,offshore
it_sic,h2103,0.001588669787954208,scr1982,avaConv,offshore
it_sic,h2104,0.0019094064391597285,scr1982,avaConv,offshore
it_sic,h2105,0.005458673547746682,scr1982,avaConv,offshore
it_sic,h2106,0.014589596929836472,scr1982,avaConv,offshore
it_sic,h2107,0.020692184344694414,scr1982,avaConv,offshore
it_sic,h2108,0.022652840004605403,scr1982,avaConv,offshore
it_sic,h2109,0.015690636453325028,scr1982,avaConv,offshore
it_sic,h2110,0.008437332632156324,scr1982,avaConv,offshore
it_sic,h2111,0.0023091058082737683,scr1982,avaConv,offshore
it_sic,h2112,0.0002887949534865212,scr1982,avaConv,offshore
it_sic,h2113,0.0,scr1982,avaConv,offshore
it_sic,h2114,0.0,scr1982,avaConv,offshore
it_sic,h2115,0.000666933890216681,scr1982,avaConv,offshore
it_sic,h2116,0.0021044012538671887,scr1982,avaConv,offshore
it_sic,h2117,0.00647834696761649,scr1982,avaConv,offshore
it_sic,h2118,0.018532563323783356,scr1982,avaConv,offshore
it_sic,h2119,0.0336242700088253,scr1982,avaConv,offshore
it_sic,h2120,0.048563991294033375,scr1982,avaConv,offshore
it_sic,h2121,0.06863624549476606,scr1982,avaConv,offshore
it_sic,h2122,0.09382016435498157,scr1982,avaConv,offshore
it_sic,h2123,0.1240842947915433,scr1982,avaConv,offshore
it_sic,h2124,0.12983607320544438,scr1982,avaConv,offshore
it_sic,h2125,0.12080830532839491,scr1982,avaConv,offshore
it_sic,h2126,0.10311720448544731,scr1982,avaConv,offshore
it_sic,h2127,0.09462523818392568,scr1982,avaConv,offshore
it_sic,h2128,0.10469792742717826,scr1982,avaConv,offshore
it_sic,h2129,0.14244202267111042,scr1982,avaConv,offshore
it_sic,h2130,0.18078476624680895,scr1982,avaConv,offshore
it_sic,h2131,0.22415836142486742,scr1982,avaConv,offshore
it_sic,h2132,0.2511588454513654,scr1982,avaConv,offshore
it_sic,h2133,0.2689221013866388,scr1982,avaConv,offshore
it_sic,h2134,0.2511931752718255,scr1982,avaConv,offshore
it_sic,h2135,0.25151415536701194,scr1982,avaConv,offshore
it_sic,h2136,0.2847610672586806,scr1982,avaConv,offshore
it_sic,h2137,0.3813819203894134,scr1982,avaConv,offshore
it_sic,h2138,0.4678124123960314,scr1982,avaConv,offshore
it_sic,h2139,0.47474349399757,scr1982,avaConv,offshore
it_sic,h2140,0.4081732361127347,scr1982,avaConv,offshore
it_sic,h2141,0.29233470978563547,scr1982,avaConv,offshore
it_sic,h2142,0.23153196992111655,scr1982,avaConv,offshore
it_sic,h2143,0.1829957002727854,scr1982,avaConv,offshore
it_sic,h2144,0.14159194621534277,scr1982,avaConv,offshore
it_sic,h2145,0.0975661943808433,scr1982,avaConv,offshore
it_sic,h2146,0.08608058919516759,scr1982,avaConv,offshore
it_sic,h2147,0.08436704915912102,scr1982,avaConv,offshore
it_sic,h2148,0.09660572636141082,scr1982,avaConv,offshore
it_sic,h2149,0.08747247734747828,scr1982,avaConv,offshore
it_sic,h2150,0.08828127192028695,scr1982,avaConv,offshore
it_sic,h2151,0.0757474009709231,scr1982,avaConv,offshore
it_sic,h2152,0.06761685380608297,scr1982,avaConv,offshore
it_sic,h2153,0.05880907981030948,scr1982,avaConv,offshore
it_sic,h2154,0.0428657017799623,scr1982,avaConv,offshore
it_sic,h2155,0.027471320123345418,scr1982,avaConv,offshore
it_sic,h2156,0.02070099278149403,scr1982,avaConv,offshore
it_sic,h2157,0.032705220963948366,scr1982,avaConv,offshore
it_sic,h2158,0.052795287740526976,scr1982,avaConv,offshore
it_sic,h2159,0.06816377620540008,scr1982,avaConv,offshore
it_sic,h2160,0.07921387069151578,scr1982,avaConv,offshore
lt,h1441,0.5645773767972299,scr1982,avaConv,offshore
lt,h1442,0.6064791696329328,scr1982,avaConv,offshore
lt,h1443,0.6622914569229169,scr1982,avaConv,offshore
lt,h1444,0.6735670046837146,scr1982,avaConv,offshore
lt,h1445,0.6351701690772866,scr1982,avaConv,offshore
lt,h1446,0.568931483968446,scr1982,avaConv,offshore
lt,h1447,0.47016397496945334,scr1982,avaConv,offshore
lt,h1448,0.35683670210442203,scr1982,avaConv,offshore
lt,h1449,0.25791189976076956,scr1982,avaConv,offshore
lt,h1450,0.20936144012439972,scr1982,avaConv,offshore
lt,h1451,0.16828917618330083,scr1982,avaConv,offshore
lt,h1452,0.13836659800779957,scr1982,avaConv,offshore
lt,h1453,0.11165680535330819,scr1982,avaConv,offshore
lt,h1454,0.10389401400076856,scr1982,avaConv,offshore
lt,h1455,0.0890992486679592,scr1982,avaConv,offshore
lt,h1456,0.07592380178477258,scr1982,avaConv,offshore
lt,h1457,0.06969953104503347,scr1982,avaConv,offshore
lt,h1458,0.06797080962647038,scr1982,avaConv,offshore
lt,h1459,0.06392315216769896,scr1982,avaConv,offshore
lt,h1460,0.05668884793763149,scr1982,avaConv,offshore
lt,h1461,0.05071805842430747,scr1982,avaConv,offshore
lt,h1462,0.048935270182165994,scr1982,avaConv,offshore
lt,h1463,0.04752607777503688,scr1982,avaConv,offshore
lt,h1464,0.03980310197633693,scr1982,avaConv,offshore
lt,h1465,0.03464936761802705,scr1982,avaConv,offshore
lt,h1466,0.05132453794312656,scr1982,avaConv,offshore
lt,h1467,0.09595821831917563,scr1982,avaConv,offshore
lt,h1468,0.14975331042274606,scr1982,avaConv,offshore
lt,h1469,0.2024749201727259,scr1982,avaConv,offshore
lt,h1470,0.2541095427182519,scr1982,avaConv,offshore
lt,h1471,0.3014417476204295,scr1982,avaConv,offshore
lt,h1472,0.34450315316471064,scr1982,avaConv,offshore
lt,h1473,0.3877849752168994,scr1982,avaConv,offshore
lt,h1474,0.44041691956780504,scr1982,avaConv,offshore
lt,h1475,0.46889036426301267,scr1982,avaConv,offshore
lt,h1476,0.4977961403385853,scr1982,avaConv,offshore
lt,h1477,0.5228067428042156,scr1982,avaConv,offshore
lt,h1478,0.5561781296029643,scr1982,avaConv,offshore
lt,h1479,0.5739923197334127,scr1982,avaConv,offshore
lt,h1480,0.5704539368567058,scr1982,avaConv,offshore
lt,h1481,0.5632211041074278,scr1982,avaConv,offshore
lt,h1482,0.546319336864791,scr1982,avaConv,offshore
lt,h1483,0.5341328664735172,scr1982,avaConv,offshore
lt,h1484,0.5410072313338595,scr1982,avaConv,offshore
lt,h1485,0.5779619379182811,scr1982,avaConv,offshore
lt,h1486,0.6464980143416112,scr1982,avaConv,offshore
lt,h1487,0.7102692371888041,scr1982,avaConv,offshore
lt,h1488,0.7822175887277498,scr1982,avaConv,offshore
lt,h1489,0.8483878745029871,scr1982,avaConv,offshore
lt,h1490,0.9079711794810509,scr1982,avaConv,offshore
lt,h1491,0.9357700908536551,scr1982,avaConv,offshore
lt,h1492,0.9334045934664096,scr1982,avaConv,offshore
lt,h1493,0.8783841401712088,scr1982,avaConv,offshore
lt,h1494,0.7227842748903603,scr1982,avaConv,offshore
lt,h1495,0.4995352826936546,scr1982,avaConv,offshore
lt,h1496,0.3191940518185719,scr1982,avaConv,offshore
lt,h1497,0.2724731746196439,scr1982,avaConv,offshore
lt,h1498,0.32229943366399466,scr1982,avaConv,offshore
lt,h1499,0.37938513030741905,scr1982,avaConv,offshore
lt,h1500,0.43321616721981016,scr1982,avaConv,offshore
lt,h1501,0.46646095045391806,scr1982,avaConv,offshore
lt,h1502,0.46057684096452567,scr1982,avaConv,offshore
lt,h1503,0.4296365942929925,scr1982,avaConv,offshore
lt,h1504,0.39198678037425416,scr1982,avaConv,offshore
lt,h1505,0.38467443810099555,scr1982,avaConv,offshore
lt,h1506,0.38449709859397574,scr1982,avaConv,offshore
lt,h1507,0.3865099173099626,scr1982,avaConv,offshore
lt,h1508,0.3738913324842102,scr1982,avaConv,offshore
lt,h1509,0.3673636889992129,scr1982,avaConv,offshore
lt,h1510,0.39471866936572153,scr1982,avaConv,offshore
lt,h1511,0.44290684750815046,scr1982,avaConv,offshore
lt,h1512,0.49356491674806335,scr1982,avaConv,offshore
lt,h1513,0.5774300360947485,scr1982,avaConv,offshore
lt,h1514,0.6461943558930674,scr1982,avaConv,offshore
lt,h1515,0.7099062566134553,scr1982,avaConv,offshore
lt,h1516,0.7289150634549019,scr1982,avaConv,offshore
lt,h1517,0.7605902724697892,scr1982,avaConv,offshore
lt,h1518,0.7857172282819411,scr1982,avaConv,offshore
lt,h1519,0.799408955516908,scr1982,avaConv,offshore
lt,h1520,0.8033936336279746,scr1982,avaConv,offshore
lt,h1521,0.7912284373541463,scr1982,avaConv,offshore
lt,h1522,0.7607887315570417,scr1982,avaConv,offshore
lt,h1523,0.7262605814212979,scr1982,avaConv,offshore
lt,h1524,0.690948857209713,scr1982,avaConv,offshore
lt,h1525,0.657912840182534,scr1982,avaConv,offshore
lt,h1526,0.6059658948234915,scr1982,avaConv,offshore
lt,h1527,0.5563210324126239,scr1982,avaConv,offshore
lt,h1528,0.5193466065915476,scr1982,avaConv,offshore
lt,h1529,0.5076025194705908,scr1982,avaConv,offshore
lt,h1530,0.4964184505546945,scr1982,avaConv,offshore
lt,h1531,0.46690346353580375,scr1982,avaConv,offshore
lt,h1532,0.43273881880051984,scr1982,avaConv,offshore
lt,h1533,0.4195612229592741,scr1982,avaConv,offshore
lt,h1534,0.4510579144996909,scr1982,avaConv,offshore
lt,h1535,0.514952269373952,scr1982,avaConv,offshore
lt,h1536,0.5847800019692865,scr1982,avaConv,offshore
lt,h1537,0.6234725674186057,scr1982,avaConv,offshore
lt,h1538,0.6089287119203296,scr1982,avaConv,offshore
lt,h1539,0.5507532709019887,scr1982,avaConv,offshore
lt,h1540,0.47528792889905624,scr1982,avaConv,offshore
lt,h1541,0.4208875883511126,scr1982,avaConv,offshore
lt,h1542,0.4144230669648257,scr1982,avaConv,offshore
lt,h1543,0.4551428742496924,scr1982,avaConv,offshore
lt,h1544,0.48648598958828826,scr1982,avaConv,offshore
lt,h1545,0.4575767939124923,scr1982,avaConv,offshore
lt,h1546,0.3957272479334719,scr1982,avaConv,offshore
lt,h1547,0.36794300730939106,scr1982,avaConv,offshore
lt,h1548,0.38258972840496164,scr1982,avaConv,offshore
lt,h1549,0.39406482822193495,scr1982,avaConv,offshore
lt,h1550,0.38066614946698796,scr1982,avaConv,offshore
lt,h1551,0.36613336034695576,scr1982,avaConv,offshore
lt,h1552,0.36543696291219563,scr1982,avaConv,offshore
lt,h1553,0.3709046923374528,scr1982,avaConv,offshore
lt,h1554,0.3803911670860073,scr1982,avaConv,offshore
lt,h1555,0.3873716071522479,scr1982,avaConv,offshore
lt,h1556,0.3990138500678329,scr1982,avaConv,offshore
lt,h1557,0.4214479046156712,scr1982,avaConv,offshore
lt,h1558,0.4426930027487919,scr1982,avaConv,offshore
lt,h1559,0.4345094140742756,scr1982,avaConv,offshore
lt,h1560,0.39173145775002144,scr1982,avaConv,offshore
lt,h1561,0.3238662573633911,scr1982,avaConv,offshore
lt,h1562,0.25119036171886083,scr1982,avaConv,offshore
lt,h1563,0.18444330935303405,scr1982,avaConv,offshore
lt,h1564,0.1272472808402194,scr1982,avaConv,offshore
lt,h1565,0.08269379321797075,scr1982,avaConv,offshore
lt,h1566,0.04936518084526923,scr1982,avaConv,offshore
lt,h1567,0.03496407542240804,scr1982,avaConv,offshore
lt,h1568,0.043950470944016655,scr1982,avaConv,offshore
lt,h1569,0.07806821469622405,scr1982,avaConv,offshore
lt,h1570,0.1252731990030872,scr1982,avaConv,offshore
lt,h1571,0.14616961771360878,scr1982,avaConv,offshore
lt,h1572,0.16669982650817963,scr1982,avaConv,offshore
lt,h1573,0.1915572899117195,scr1982,avaConv,offshore
lt,h1574,0.24902574245171882,scr1982,avaConv,offshore
lt,h1575,0.3218512447108997,scr1982,avaConv,offshore
lt,h1576,0.42393821588355013,scr1982,avaConv,offshore
lt,h1577,0.5448521814497265,scr1982,avaConv,offshore
lt,h1578,0.6563309783254005,scr1982,avaConv,offshore
lt,h1579,0.7332526463572474,scr1982,avaConv,offshore
lt,h1580,0.7760780868309127,scr1982,avaConv,offshore
lt,h1581,0.7944695181837932,scr1982,avaConv,offshore
lt,h1582,0.7889902478874183,scr1982,avaConv,offshore
lt,h1583,0.7911768464491026,scr1982,avaConv,offshore
lt,h1584,0.7654897906609373,scr1982,avaConv,offshore
lt,h1585,0.7128353922627569,scr1982,avaConv,offshore
lt,h1586,0.6034108228384297,scr1982,avaConv,offshore
lt,h1587,0.5094536014546398,scr1982,avaConv,offshore
lt,h1588,0.4466861629368144,scr1982,avaConv,offshore
lt,h1589,0.4008836266278,scr1982,avaConv,offshore
lt,h1590,0.35617859861136536,scr1982,avaConv,offshore
lt,h1591,0.32321518287403445,scr1982,avaConv,offshore
lt,h1592,0.3001798885337357,scr1982,avaConv,offshore
lt,h1593,0.2626335275333856,scr1982,avaConv,offshore
lt,h1594,0.19808741813560413,scr1982,avaConv,offshore
lt,h1595,0.1455673775031858,scr1982,avaConv,offshore
lt,h1596,0.11640376770983878,scr1982,avaConv,offshore
lt,h1597,0.09851056844827828,scr1982,avaConv,offshore
lt,h1598,0.08423863437758093,scr1982,avaConv,offshore
lt,h1599,0.08238010465843014,scr1982,avaConv,offshore
lt,h1600,0.10331295925894811,scr1982,avaConv,offshore
lt,h1601,0.13279147589415666,scr1982,avaConv,offshore
lt,h1602,0.15094472141655554,scr1982,avaConv,offshore
lt,h1603,0.14264341068940933,scr1982,avaConv,offshore
lt,h1604,0.11259861207291016,scr1982,avaConv,offshore
lt,h1605,0.07323263660324414,scr1982,avaConv,offshore
lt,h1606,0.04053243208975483,scr1982,avaConv,offshore
lt,h1607,0.025609955516378048,scr1982,avaConv,offshore
lt,h1608,0.022401244644368577,scr1982,avaConv,offshore
lt,h1609,0.04053280596669346,scr1982,avaConv,offshore
lt,h1610,0.18725840065079022,scr1982,avaConv,offshore
lt,h1611,0.22144236304098003,scr1982,avaConv,offshore
lt,h1612,0.233587049981145,scr1982,avaConv,offshore
lt,h1613,0.1955598750503205,scr1982,avaConv,offshore
lt,h1614,0.3094827249976013,scr1982,avaConv,offshore
lt,h1615,0.4460444961132584,scr1982,avaConv,offshore
lt,h1616,0.5266919138582419,scr1982,avaConv,offshore
lt,h1617,0.5654966500594436,scr1982,avaConv,offshore
lt,h1618,0.559698240326929,scr1982,avaConv,offshore
lt,h1619,0.4914125676612419,scr1982,avaConv,offshore
lt,h1620,0.3796668558563131,scr1982,avaConv,offshore
lt,h1621,0.2873445338538619,scr1982,avaConv,offshore
lt,h1622,0.29780242228126036,scr1982,avaConv,offshore
lt,h1623,0.4032836658215823,scr1982,avaConv,offshore
lt,h1624,0.5501127458601593,scr1982,avaConv,offshore
lt,h1625,0.683006426642651,scr1982,avaConv,offshore
lt,h1626,0.7677449671251925,scr1982,avaConv,offshore
lt,h1627,0.8338581399712242,scr1982,avaConv,offshore
lt,h1628,0.8712185710038962,scr1982,avaConv,offshore
lt,h1629,0.8807911987452737,scr1982,avaConv,offshore
lt,h1630,0.8560080570408346,scr1982,avaConv,offshore
lt,h1631,0.7999887089770545,scr1982,avaConv,offshore
lt,h1632,0.7700520551178391,scr1982,avaConv,offshore
lt,h1633,0.7053453686812513,scr1982,avaConv,offshore
lt,h1634,0.7322377702281508,scr1982,avaConv,offshore
lt,h1635,0.7656728681937608,scr1982,avaConv,offshore
lt,h1636,0.805824255491627,scr1982,avaConv,offshore
lt,h1637,0.7990349668331277,scr1982,avaConv,offshore
lt,h1638,0.762390494920025,scr1982,avaConv,offshore
lt,h1639,0.7250564522504023,scr1982,avaConv,offshore
lt,h1640,0.67021603999462,scr1982,avaConv,offshore
lt,h1641,0.6156100535108574,scr1982,avaConv,offshore
lt,h1642,0.5684189457391146,scr1982,avaConv,offshore
lt,h1643,0.5106351261136375,scr1982,avaConv,offshore
lt,h1644,0.44200995498163537,scr1982,avaConv,offshore
lt,h1645,0.42023945078293545,scr1982,avaConv,offshore
lt,h1646,0.43946130817309637,scr1982,avaConv,offshore
lt,h1647,0.47028156406332916,scr1982,avaConv,offshore
lt,h1648,0.4613624267201383,scr1982,avaConv,offshore
lt,h1649,0.44924270931876886,scr1982,avaConv,offshore
lt,h1650,0.5029875608985833,scr1982,avaConv,offshore
lt,h1651,0.5477912700355742,scr1982,avaConv,offshore
lt,h1652,0.5551085510112483,scr1982,avaConv,offshore
lt,h1653,0.5143765859353692,scr1982,avaConv,offshore
lt,h1654,0.5348614495587977,scr1982,avaConv,offshore
lt,h1655,0.5428732881616618,scr1982,avaConv,offshore
lt,h1656,0.5155418769004362,scr1982,avaConv,offshore
lt,h1657,0.43811276527780846,scr1982,avaConv,offshore
lt,h1658,0.36990042092545483,scr1982,avaConv,offshore
lt,h1659,0.324039597450103,scr1982,avaConv,offshore
lt,h1660,0.3038541616713573,scr1982,avaConv,offshore
lt,h1661,0.32443208061116374,scr1982,avaConv,offshore
lt,h1662,0.38461576804735415,scr1982,avaConv,offshore
lt,h1663,0.4333466226488036,scr1982,avaConv,offshore
lt,h1664,0.43334571257911497,scr1982,avaConv,offshore
lt,h1665,0.36947899048781474,scr1982,avaConv,offshore
lt,h1666,0.2932311343893033,scr1982,avaConv,offshore
lt,h1667,0.26812446396395617,scr1982,avaConv,offshore
lt,h1668,0.27037651174827165,scr1982,avaConv,offshore
lt,h1669,0.2734683714197429,scr1982,avaConv,offshore
lt,h1670,0.23534540704643445,scr1982,avaConv,offshore
lt,h1671,0.19335874751462212,scr1982,avaConv,offshore
lt,h1672,0.17443368644176863,scr1982,avaConv,offshore
lt,h1673,0.19665433342290392,scr1982,avaConv,offshore
lt,h1674,0.25194500073369896,scr1982,avaConv,offshore
lt,h1675,0.33362842115462854,scr1982,avaConv,offshore
lt,h1676,0.4475522275871112,scr1982,avaConv,offshore
lt,h1677,0.5495236274452319,scr1982,avaConv,offshore
lt,h1678,0.6108121986022178,scr1982,avaConv,offshore
lt,h1679,0.6417832017218029,scr1982,avaConv,offshore
lt,h1680,0.6719285103074377,scr1982,avaConv,offshore
lt,h1681,0.5295280750898419,scr1982,avaConv,offshore
lt,h1682,0.35578894421377316,scr1982,avaConv,offshore
lt,h1683,0.13678472323811397,scr1982,avaConv,offshore
lt,h1684,0.13190496499000148,scr1982,avaConv,offshore
lt,h1685,0.1190035759031484,scr1982,avaConv,offshore
lt,h1686,0.10611621960280049,scr1982,avaConv,offshore
lt,h1687,0.09283276188078202,scr1982,avaConv,offshore
lt,h1688,0.08281228519733994,scr1982,avaConv,offshore
lt,h1689,0.07368085275104304,scr1982,avaConv,offshore
lt,h1690,0.07414609728781867,scr1982,avaConv,offshore
lt,h1691,0.08089217373859461,scr1982,avaConv,offshore
lt,h1692,0.10935699638632557,scr1982,avaConv,offshore
lt,h1693,0.14684852393397388,scr1982,avaConv,offshore
lt,h1694,0.1757921828557289,scr1982,avaConv,offshore
lt,h1695,0.17420729838207596,scr1982,avaConv,offshore
lt,h1696,0.1465240885266154,scr1982,avaConv,offshore
lt,h1697,0.11778703591959168,scr1982,avaConv,offshore
lt,h1698,0.10322730707444645,scr1982,avaConv,offshore
lt,h1699,0.1030676734279137,scr1982,avaConv,offshore
lt,h1700,0.11626711962988327,scr1982,avaConv,offshore
lt,h1701,0.13577368758724012,scr1982,avaConv,offshore
lt,h1702,0.15378300159212388,scr1982,avaConv,offshore
lt,h1703,0.1642829693648377,scr1982,avaConv,offshore
lt,h1704,0.16498742028762742,scr1982,avaConv,offshore
lt,h1705,0.15136956706249852,scr1982,avaConv,offshore
lt,h1706,0.12597372549044003,scr1982,avaConv,offshore
lt,h1707,0.10612884430724555,scr1982,avaConv,offshore
lt,h1708,0.11208056839482829,scr1982,avaConv,offshore
lt,h1709,0.14262953675949713,scr1982,avaConv,offshore
lt,h1710,0.1782783592454466,scr1982,avaConv,offshore
lt,h1711,0.210571599728972,scr1982,avaConv,offshore
lt,h1712,0.24701323201901254,scr1982,avaConv,offshore
lt,h1713,0.2879087353930192,scr1982,avaConv,offshore
lt,h1714,0.31530901993268706,scr1982,avaConv,offshore
lt,h1715,0.29950494064385286,scr1982,avaConv,offshore
lt,h1716,0.2581963530743337,scr1982,avaConv,offshore
lt,h1717,0.23030451571647256,scr1982,avaConv,offshore
lt,h1718,0.2594498730417471,scr1982,avaConv,offshore
lt,h1719,0.3396488806536583,scr1982,avaConv,offshore
lt,h1720,0.4491552996046971,scr1982,avaConv,offshore
lt,h1721,0.5624688731970099,scr1982,avaConv,offshore
lt,h1722,0.6707212564129912,scr1982,avaConv,offshore
lt,h1723,0.7537239283113525,scr1982,avaConv,offshore
lt,h1724,0.8036672416539474,scr1982,avaConv,offshore
lt,h1725,0.7930229635066762,scr1982,avaConv,offshore
lt,h1726,0.7247673577472135,scr1982,avaConv,offshore
lt,h1727,0.6405600413833145,scr1982,avaConv,offshore
lt,h1728,0.5720452922339254,scr1982,avaConv,offshore
lt,h1729,0.5429813817646777,scr1982,avaConv,offshore
lt,h1730,0.5144205165177861,scr1982,avaConv,offshore
lt,h1731,0.4699140621178384,scr1982,avaConv,offshore
lt,h1732,0.3990083099871884,scr1982,avaConv,offshore
lt,h1733,0.3221232821009679,scr1982,avaConv,offshore
lt,h1734,0.2797209344722083,scr1982,avaConv,offshore
lt,h1735,0.29304044420559777,scr1982,avaConv,offshore
lt,h1736,0.3140992515409625,scr1982,avaConv,offshore
lt,h1737,0.29994720100788663,scr1982,avaConv,offshore
lt,h1738,0.240357476514337,scr1982,avaConv,offshore
lt,h1739,0.17141082860803428,scr1982,avaConv,offshore
lt,h1740,0.12465459961375681,scr1982,avaConv,offshore
lt,h1741,0.09243279077100328,scr1982,avaConv,offshore
lt,h1742,0.08961465811996218,scr1982,avaConv,offshore
lt,h1743,0.12609284873984472,scr1982,avaConv,offshore
lt,h1744,0.22412864442191652,scr1982,avaConv,offshore
lt,h1745,0.36063180771122527,scr1982,avaConv,offshore
lt,h1746,0.4802425282172809,scr1982,avaConv,offshore
lt,h1747,0.5321472507130486,scr1982,avaConv,offshore
lt,h1748,0.5007135117714933,scr1982,avaConv,offshore
lt,h1749,0.41690226517570234,scr1982,avaConv,offshore
lt,h1750,0.33205743595824994,scr1982,avaConv,offshore
lt,h1751,0.2648256466298281,scr1982,avaConv,offshore
lt,h1752,0.21735814583067223,scr1982,avaConv,offshore
lt,h1753,0.18186582223702996,scr1982,avaConv,offshore
lt,h1754,0.16713832211798077,scr1982,avaConv,offshore
lt,h1755,0.1563301826015235,scr1982,avaConv,offshore
lt,h1756,0.12855951181444292,scr1982,avaConv,offshore
lt,h1757,0.08160131235546433,scr1982,avaConv,offshore
lt,h1758,0.03898728823736188,scr1982,avaConv,offshore
lt,h1759,0.017923493134594057,scr1982,avaConv,offshore
lt,h1760,0.019139938357013827,scr1982,avaConv,offshore
lt,h1761,0.03942885799063193,scr1982,avaConv,offshore
lt,h1762,0.08180468511163463,scr1982,avaConv,offshore
lt,h1763,0.14833228682846905,scr1982,avaConv,offshore
lt,h1764,0.1960732496023428,scr1982,avaConv,offshore
lt,h1765,0.22222683599454326,scr1982,avaConv,offshore
lt,h1766,0.23361559593162626,scr1982,avaConv,offshore
lt,h1767,0.27809797985596124,scr1982,avaConv,offshore
lt,h1768,0.35775308762582353,scr1982,avaConv,offshore
lt,h1769,0.43727008061362543,scr1982,avaConv,offshore
lt,h1770,0.4917483123984352,scr1982,avaConv,offshore
lt,h1771,0.505460411253478,scr1982,avaConv,offshore
lt,h1772,0.5009201522898584,scr1982,avaConv,offshore
lt,h1773,0.4672068451061272,scr1982,avaConv,offshore
lt,h1774,0.41225529825726603,scr1982,avaConv,offshore
lt,h1775,0.33771691509294194,scr1982,avaConv,offshore
lt,h1776,0.2753629065537862,scr1982,avaConv,offshore
lt,h1777,0.22424018707563326,scr1982,avaConv,offshore
lt,h1778,0.17423754721175852,scr1982,avaConv,offshore
lt,h1779,0.11774579998757202,scr1982,avaConv,offshore
lt,h1780,0.06950938106216933,scr1982,avaConv,offshore
lt,h1781,0.05257795974210451,scr1982,avaConv,offshore
lt,h1782,0.06855470036542104,scr1982,avaConv,offshore
lt,h1783,0.09880345551415536,scr1982,avaConv,offshore
lt,h1784,0.11636514476890526,scr1982,avaConv,offshore
lt,h1785,0.11030665865638381,scr1982,avaConv,offshore
lt,h1786,0.08450375958475366,scr1982,avaConv,offshore
lt,h1787,0.05085798118614685,scr1982,avaConv,offshore
lt,h1788,0.03610593011198469,scr1982,avaConv,offshore
lt,h1789,0.058649145270739146,scr1982,avaConv,offshore
lt,h1790,0.10780415444561257,scr1982,avaConv,offshore
lt,h1791,0.16687375967073448,scr1982,avaConv,offshore
lt,h1792,0.23323306201249044,scr1982,avaConv,offshore
lt,h1793,0.3166658365622426,scr1982,avaConv,offshore
lt,h1794,0.4166283133601893,scr1982,avaConv,offshore
lt,h1795,0.5063171411723586,scr1982,avaConv,offshore
lt,h1796,0.5891349825492314,scr1982,avaConv,offshore
lt,h1797,0.6618834619540259,scr1982,avaConv,offshore
lt,h1798,0.7263943972749853,scr1982,avaConv,offshore
lt,h1799,0.7458128178750125,scr1982,avaConv,offshore
lt,h1800,0.7075172423575888,scr1982,avaConv,offshore
lt,h1801,0.623061062347051,scr1982,avaConv,offshore
lt,h1802,0.5244533334458372,scr1982,avaConv,offshore
lt,h1803,0.4280613086190111,scr1982,avaConv,offshore
lt,h1804,0.34245863185367326,scr1982,avaConv,offshore
lt,h1805,0.2671398632634748,scr1982,avaConv,offshore
lt,h1806,0.20606582336149323,scr1982,avaConv,offshore
lt,h1807,0.1598880019171826,scr1982,avaConv,offshore
lt,h1808,0.12796676651605837,scr1982,avaConv,offshore
lt,h1809,0.11267845225671023,scr1982,avaConv,offshore
lt,h1810,0.11535666837601222,scr1982,avaConv,offshore
lt,h1811,0.10822927559674582,scr1982,avaConv,offshore
lt,h1812,0.11285731973984113,scr1982,avaConv,offshore
lt,h1813,0.1370263369509059,scr1982,avaConv,offshore
lt,h1814,0.2066295507136184,scr1982,avaConv,offshore
lt,h1815,0.2968491116499157,scr1982,avaConv,offshore
lt,h1816,0.3787063628568068,scr1982,avaConv,offshore
lt,h1817,0.44613107660255347,scr1982,avaConv,offshore
lt,h1818,0.5035495062357606,scr1982,avaConv,offshore
lt,h1819,0.5637996262188152,scr1982,avaConv,offshore
lt,h1820,0.6109272341567978,scr1982,avaConv,offshore
lt,h1821,0.6142432167005843,scr1982,avaConv,offshore
lt,h1822,0.5799563146935636,scr1982,avaConv,offshore
lt,h1823,0.516083404683166,scr1982,avaConv,offshore
lt,h1824,0.4527593748603726,scr1982,avaConv,offshore
lt,h1825,0.3756751992668391,scr1982,avaConv,offshore
lt,h1826,0.2956849110797949,scr1982,avaConv,offshore
lt,h1827,0.2166680865461568,scr1982,avaConv,offshore
lt,h1828,0.15416558388588802,scr1982,avaConv,offshore
lt,h1829,0.11464137841364815,scr1982,avaConv,offshore
lt,h1830,0.09452265946552385,scr1982,avaConv,offshore
lt,h1831,0.09381493676663652,scr1982,avaConv,offshore
lt,h1832,0.1048232181851479,scr1982,avaConv,offshore
lt,h1833,0.11664119994845908,scr1982,avaConv,offshore
lt,h1834,0.12750166742015837,scr1982,avaConv,offshore
lt,h1835,0.13535173018149893,scr1982,avaConv,offshore
lt,h1836,0.14252035432864185,scr1982,avaConv,offshore
lt,h1837,0.1397739951445215,scr1982,avaConv,offshore
lt,h1838,0.12528303879774003,scr1982,avaConv,offshore
lt,h1839,0.09954446398432226,scr1982,avaConv,offshore
lt,h1840,0.0755769689041148,scr1982,avaConv,offshore
lt,h1841,0.06553779826139729,scr1982,avaConv,offshore
lt,h1842,0.08194721256449591,scr1982,avaConv,offshore
lt,h1843,0.13020565195599756,scr1982,avaConv,offshore
lt,h1844,0.2046640156338282,scr1982,avaConv,offshore
lt,h1845,0.2839493153864704,scr1982,avaConv,offshore
lt,h1846,0.33843001398241573,scr1982,avaConv,offshore
lt,h1847,0.33474790823241596,scr1982,avaConv,offshore
lt,h1848,0.2944957193711363,scr1982,avaConv,offshore
lt,h1849,0.4882282009926257,scr1982,avaConv,offshore
lt,h1850,0.6864613748887024,scr1982,avaConv,offshore
lt,h1851,0.871866501866383,scr1982,avaConv,offshore
lt,h1852,0.8331787044911987,scr1982,avaConv,offshore
lt,h1853,0.7963482082967026,scr1982,avaConv,offshore
lt,h1854,0.7244885446475999,scr1982,avaConv,offshore
lt,h1855,0.6158973807007544,scr1982,avaConv,offshore
lt,h1856,0.47860455402808855,scr1982,avaConv,offshore
lt,h1857,0.4113940045263974,scr1982,avaConv,offshore
lt,h1858,0.4681201619168745,scr1982,avaConv,offshore
lt,h1859,0.5537097175706865,scr1982,avaConv,offshore
lt,h1860,0.6302127352729152,scr1982,avaConv,offshore
lt,h1861,0.6082234277412413,scr1982,avaConv,offshore
lt,h1862,0.5534590474403009,scr1982,avaConv,offshore
lt,h1863,0.48471883791766535,scr1982,avaConv,offshore
lt,h1864,0.449768544493646,scr1982,avaConv,offshore
lt,h1865,0.4078595158617465,scr1982,avaConv,offshore
lt,h1866,0.34478326416342236,scr1982,avaConv,offshore
lt,h1867,0.3066483444694745,scr1982,avaConv,offshore
lt,h1868,0.3337678736720797,scr1982,avaConv,offshore
lt,h1869,0.3494826494295711,scr1982,avaConv,offshore
lt,h1870,0.3350817125096674,scr1982,avaConv,offshore
lt,h1871,0.27338992925721534,scr1982,avaConv,offshore
lt,h1872,0.2668465052921661,scr1982,avaConv,offshore
lt,h1873,0.3419420343054354,scr1982,avaConv,offshore
lt,h1874,0.4423121627141746,scr1982,avaConv,offshore
lt,h1875,0.5560385651629425,scr1982,avaConv,offshore
lt,h1876,0.643590052647706,scr1982,avaConv,offshore
lt,h1877,0.7224341705858931,scr1982,avaConv,offshore
lt,h1878,0.7604096068868956,scr1982,avaConv,offshore
lt,h1879,0.779854025548449,scr1982,avaConv,offshore
lt,h1880,0.8134654795649655,scr1982,avaConv,offshore
lt,h1881,0.8621859922408287,scr1982,avaConv,offshore
lt,h1882,0.9025525207626565,scr1982,avaConv,offshore
lt,h1883,0.9263617045779008,scr1982,avaConv,offshore
lt,h1884,0.9398305536181047,scr1982,avaConv,offshore
lt,h1885,0.9451749670374435,scr1982,avaConv,offshore
lt,h1886,0.9496826118590884,scr1982,avaConv,offshore
lt,h1887,0.9499623274058981,scr1982,avaConv,offshore
lt,h1888,0.949997811741412,scr1982,avaConv,offshore
lt,h1889,0.9499991683354558,scr1982,avaConv,offshore
lt,h1890,0.9499999999999998,scr1982,avaConv,offshore
lt,h1891,0.9499999999999998,scr1982,avaConv,offshore
lt,h1892,0.9499999999999998,scr1982,avaConv,offshore
lt,h1893,0.9499999999999998,scr1982,avaConv,offshore
lt,h1894,0.9499999999999998,scr1982,avaConv,offshore
lt,h1895,0.9499999999999998,scr1982,avaConv,offshore
lt,h1896,0.9499965048924459,scr1982,avaConv,offshore
lt,h1897,0.9494189665203349,scr1982,avaConv,offshore
lt,h1898,0.9329669262633808,scr1982,avaConv,offshore
lt,h1899,0.9001468313836838,scr1982,avaConv,offshore
lt,h1900,0.8595909888612508,scr1982,avaConv,offshore
lt,h1901,0.8326638350559348,scr1982,avaConv,offshore
lt,h1902,0.8235810330229087,scr1982,avaConv,offshore
lt,h1903,0.812332272306318,scr1982,avaConv,offshore
lt,h1904,0.815630344336432,scr1982,avaConv,offshore
lt,h1905,0.8285242835925803,scr1982,avaConv,offshore
lt,h1906,0.8561232557382014,scr1982,avaConv,offshore
lt,h1907,0.87473040131724,scr1982,avaConv,offshore
lt,h1908,0.8949013185032785,scr1982,avaConv,offshore
lt,h1909,0.9165195634660964,scr1982,avaConv,offshore
lt,h1910,0.935581947604052,scr1982,avaConv,offshore
lt,h1911,0.9427412814197433,scr1982,avaConv,offshore
lt,h1912,0.9436894616591027,scr1982,avaConv,offshore
lt,h1913,0.940193986194978,scr1982,avaConv,offshore
lt,h1914,0.9269170788033781,scr1982,avaConv,offshore
lt,h1915,0.8963474261858427,scr1982,avaConv,offshore
lt,h1916,0.8512583734929774,scr1982,avaConv,offshore
lt,h1917,0.7851288012164055,scr1982,avaConv,offshore
lt,h1918,0.7050511572772153,scr1982,avaConv,offshore
lt,h1919,0.6415993584453189,scr1982,avaConv,offshore
lt,h1920,0.5761940245724105,scr1982,avaConv,offshore
lt,h1921,0.5004533122495955,scr1982,avaConv,offshore
lt,h1922,0.39186806644530486,scr1982,avaConv,offshore
lt,h1923,0.3014025185127996,scr1982,avaConv,offshore
lt,h1924,0.2497381495880351,scr1982,avaConv,offshore
lt,h1925,0.22206177849837888,scr1982,avaConv,offshore
lt,h1926,0.1996194719838855,scr1982,avaConv,offshore
lt,h1927,0.1725265854437777,scr1982,avaConv,offshore
lt,h1928,0.15425894489039846,scr1982,avaConv,offshore
lt,h1929,0.1551408568742369,scr1982,avaConv,offshore
lt,h1930,0.18405715974584239,scr1982,avaConv,offshore
lt,h1931,0.2248126572425221,scr1982,avaConv,offshore
lt,h1932,0.29972437634997123,scr1982,avaConv,offshore
lt,h1933,0.37649246847697143,scr1982,avaConv,offshore
lt,h1934,0.43388494169089165,scr1982,avaConv,offshore
lt,h1935,0.4528167530096843,scr1982,avaConv,offshore
lt,h1936,0.43595707392557814,scr1982,avaConv,offshore
lt,h1937,0.4171778245441014,scr1982,avaConv,offshore
lt,h1938,0.3939508520024632,scr1982,avaConv,offshore
lt,h1939,0.3961940557416834,scr1982,avaConv,offshore
lt,h1940,0.42565346777421664,scr1982,avaConv,offshore
lt,h1941,0.49213410593272483,scr1982,avaConv,offshore
lt,h1942,0.5575674392163749,scr1982,avaConv,offshore
lt,h1943,0.575982522675089,scr1982,avaConv,offshore
lt,h1944,0.5570364536217419,scr1982,avaConv,offshore
lt,h1945,0.5296745639143255,scr1982,avaConv,offshore
lt,h1946,0.5249017139157969,scr1982,avaConv,offshore
lt,h1947,0.5032412566613955,scr1982,avaConv,offshore
lt,h1948,0.46225670420230874,scr1982,avaConv,offshore
lt,h1949,0.3988433222033538,scr1982,avaConv,offshore
lt,h1950,0.33797920477250887,scr1982,avaConv,offshore
lt,h1951,0.3129173433135614,scr1982,avaConv,offshore
lt,h1952,0.3317518998444366,scr1982,avaConv,offshore
lt,h1953,0.362297519621441,scr1982,avaConv,offshore
lt,h1954,0.36749408561156416,scr1982,avaConv,offshore
lt,h1955,0.3684831839890827,scr1982,avaConv,offshore
lt,h1956,0.3606288445758468,scr1982,avaConv,offshore
lt,h1957,0.374327310938626,scr1982,avaConv,offshore
lt,h1958,0.3678452648656069,scr1982,avaConv,offshore
lt,h1959,0.3629206580618648,scr1982,avaConv,offshore
lt,h1960,0.3383540980255875,scr1982,avaConv,offshore
lt,h1961,0.3443894374977515,scr1982,avaConv,offshore
lt,h1962,0.36048136356893956,scr1982,avaConv,offshore
lt,h1963,0.3663420153390768,scr1982,avaConv,offshore
lt,h1964,0.35233937809907667,scr1982,avaConv,offshore
lt,h1965,0.3465256784285727,scr1982,avaConv,offshore
lt,h1966,0.3613493881332273,scr1982,avaConv,offshore
lt,h1967,0.4121307651944183,scr1982,avaConv,offshore
lt,h1968,0.4505221998979469,scr1982,avaConv,offshore
lt,h1969,0.4687290165211662,scr1982,avaConv,offshore
lt,h1970,0.44628011227807296,scr1982,avaConv,offshore
lt,h1971,0.43728809251501644,scr1982,avaConv,offshore
lt,h1972,0.4474328883142341,scr1982,avaConv,offshore
lt,h1973,0.4372883112988718,scr1982,avaConv,offshore
lt,h1974,0.41219534038323163,scr1982,avaConv,offshore
lt,h1975,0.407306306761901,scr1982,avaConv,offshore
lt,h1976,0.42567329141588367,scr1982,avaConv,offshore
lt,h1977,0.44013807787736337,scr1982,avaConv,offshore
lt,h1978,0.43551861158275684,scr1982,avaConv,offshore
lt,h1979,0.42031554831050133,scr1982,avaConv,offshore
lt,h1980,0.4457882285946888,scr1982,avaConv,offshore
lt,h1981,0.4961322633652308,scr1982,avaConv,offshore
lt,h1982,0.5729721723378329,scr1982,avaConv,offshore
lt,h1983,0.6278666377351932,scr1982,avaConv,offshore
lt,h1984,0.6739562648612278,scr1982,avaConv,offshore
lt,h1985,0.7193936236012011,scr1982,avaConv,offshore
lt,h1986,0.7569095180250771,scr1982,avaConv,offshore
lt,h1987,0.7577933015488167,scr1982,avaConv,offshore
lt,h1988,0.7386921075899677,scr1982,avaConv,offshore
lt,h1989,0.73325584991605,scr1982,avaConv,offshore
lt,h1990,0.7568396211093593,scr1982,avaConv,offshore
lt,h1991,0.7495975790316723,scr1982,avaConv,offshore
lt,h1992,0.6998462878190176,scr1982,avaConv,offshore
lt,h1993,0.61996989015957,scr1982,avaConv,offshore
lt,h1994,0.5690251673816673,scr1982,avaConv,offshore
lt,h1995,0.5163432171474116,scr1982,avaConv,offshore
lt,h1996,0.44946737750966614,scr1982,avaConv,offshore
lt,h1997,0.3682885830176718,scr1982,avaConv,offshore
lt,h1998,0.3303505072239892,scr1982,avaConv,offshore
lt,h1999,0.33463240548310197,scr1982,avaConv,offshore
lt,h2000,0.3566172735731785,scr1982,avaConv,offshore
lt,h2001,0.3443206393806131,scr1982,avaConv,offshore
lt,h2002,0.30917439641457595,scr1982,avaConv,offshore
lt,h2003,0.25309108306546585,scr1982,avaConv,offshore
lt,h2004,0.20450714741472198,scr1982,avaConv,offshore
lt,h2005,0.1609453001771128,scr1982,avaConv,offshore
lt,h2006,0.14200499451475704,scr1982,avaConv,offshore
lt,h2007,0.1339438792665241,scr1982,avaConv,offshore
lt,h2008,0.13509463022009535,scr1982,avaConv,offshore
lt,h2009,0.14085049101085564,scr1982,avaConv,offshore
lt,h2010,0.17590083244261087,scr1982,avaConv,offshore
lt,h2011,0.26704713347865805,scr1982,avaConv,offshore
lt,h2012,0.4068478379651257,scr1982,avaConv,offshore
lt,h2013,0.572775696118086,scr1982,avaConv,offshore
lt,h2014,0.7160460097106461,scr1982,avaConv,offshore
lt,h2015,0.8142060931850228,scr1982,avaConv,offshore
lt,h2016,0.8644918621987172,scr1982,avaConv,offshore
lt,h2017,0.6926827545966808,scr1982,avaConv,offshore
lt,h2018,0.48321930487816,scr1982,avaConv,offshore
lt,h2019,0.21897071116319394,scr1982,avaConv,offshore
lt,h2020,0.15117671753809192,scr1982,avaConv,offshore
lt,h2021,0.08922767915121195,scr1982,avaConv,offshore
lt,h2022,0.04831313073219507,scr1982,avaConv,offshore
lt,h2023,0.03425348118074223,scr1982,avaConv,offshore
lt,h2024,0.03353429517938965,scr1982,avaConv,offshore
lt,h2025,0.0465831745398833,scr1982,avaConv,offshore
lt,h2026,0.06291389964000514,scr1982,avaConv,offshore
lt,h2027,0.06445897411799888,scr1982,avaConv,offshore
lt,h2028,0.05321772618257578,scr1982,avaConv,offshore
lt,h2029,0.034354003627678806,scr1982,avaConv,offshore
lt,h2030,0.022436021601381913,scr1982,avaConv,offshore
lt,h2031,0.01082394707989373,scr1982,avaConv,offshore
lt,h2032,0.0026893721610238065,scr1982,avaConv,offshore
lt,h2033,0.0,scr1982,avaConv,offshore
lt,h2034,0.0012902706031498253,scr1982,avaConv,offshore
lt,h2035,0.007185195821520097,scr1982,avaConv,offshore
lt,h2036,0.020992029129531544,scr1982,avaConv,offshore
lt,h2037,0.048721897020770955,scr1982,avaConv,offshore
lt,h2038,0.08788245157652515,scr1982,avaConv,offshore
lt,h2039,0.12564047943340875,scr1982,avaConv,offshore
lt,h2040,0.1674037151768677,scr1982,avaConv,offshore
lt,h2041,0.22237047499994197,scr1982,avaConv,offshore
lt,h2042,0.31056054616766726,scr1982,avaConv,offshore
lt,h2043,0.4188022978732404,scr1982,avaConv,offshore
lt,h2044,0.5276014802255611,scr1982,avaConv,offshore
lt,h2045,0.604897733219674,scr1982,avaConv,offshore
lt,h2046,0.6729047502954941,scr1982,avaConv,offshore
lt,h2047,0.7368672744847522,scr1982,avaConv,offshore
lt,h2048,0.7944826159739379,scr1982,avaConv,offshore
lt,h2049,0.8211123332330367,scr1982,avaConv,offshore
lt,h2050,0.827969280552632,scr1982,avaConv,offshore
lt,h2051,0.8457292169447888,scr1982,avaConv,offshore
lt,h2052,0.8611653634652211,scr1982,avaConv,offshore
lt,h2053,0.8574586264090044,scr1982,avaConv,offshore
lt,h2054,0.8353410109636286,scr1982,avaConv,offshore
lt,h2055,0.8238807052112194,scr1982,avaConv,offshore
lt,h2056,0.824640288002109,scr1982,avaConv,offshore
lt,h2057,0.8129107720198917,scr1982,avaConv,offshore
lt,h2058,0.7691715330339135,scr1982,avaConv,offshore
lt,h2059,0.7022158332263682,scr1982,avaConv,offshore
lt,h2060,0.6388027258923588,scr1982,avaConv,offshore
lt,h2061,0.6004827091712583,scr1982,avaConv,offshore
lt,h2062,0.5892804986391258,scr1982,avaConv,offshore
lt,h2063,0.5930286022847776,scr1982,avaConv,offshore
lt,h2064,0.620433287611792,scr1982,avaConv,offshore
lt,h2065,0.689493073016834,scr1982,avaConv,offshore
lt,h2066,0.7568100458836023,scr1982,avaConv,offshore
lt,h2067,0.7824147231528454,scr1982,avaConv,offshore
lt,h2068,0.7369874165785318,scr1982,avaConv,offshore
lt,h2069,0.6381179915716789,scr1982,avaConv,offshore
lt,h2070,0.5248856225560586,scr1982,avaConv,offshore
lt,h2071,0.4103932348783637,scr1982,avaConv,offshore
lt,h2072,0.3246096557013282,scr1982,avaConv,offshore
lt,h2073,0.26036457041326855,scr1982,avaConv,offshore
lt,h2074,0.2072902718583718,scr1982,avaConv,offshore
lt,h2075,0.16478221681968686,scr1982,avaConv,offshore
lt,h2076,0.13339063113782243,scr1982,avaConv,offshore
lt,h2077,0.11627998016173453,scr1982,avaConv,offshore
lt,h2078,0.1032293229051424,scr1982,avaConv,offshore
lt,h2079,0.07984134903649676,scr1982,avaConv,offshore
lt,h2080,0.05889047656375586,scr1982,avaConv,offshore
lt,h2081,0.04886437562050782,scr1982,avaConv,offshore
lt,h2082,0.042694738866060886,scr1982,avaConv,offshore
lt,h2083,0.03362390049421795,scr1982,avaConv,offshore
lt,h2084,0.02729786540291502,scr1982,avaConv,offshore
lt,h2085,0.03424121439663214,scr1982,avaConv,offshore
lt,h2086,0.069257347960137,scr1982,avaConv,offshore
lt,h2087,0.13022081418968634,scr1982,avaConv,offshore
lt,h2088,0.19430692584844683,scr1982,avaConv,offshore
lt,h2089,0.24395784792108005,scr1982,avaConv,offshore
lt,h2090,0.2793136206430603,scr1982,avaConv,offshore
lt,h2091,0.3088684371161971,scr1982,avaConv,offshore
lt,h2092,0.32925104805139616,scr1982,avaConv,offshore
lt,h2093,0.3301919185397643,scr1982,avaConv,offshore
lt,h2094,0.32457886681626547,scr1982,avaConv,offshore
lt,h2095,0.3409400072411964,scr1982,avaConv,offshore
lt,h2096,0.38312290494928064,scr1982,avaConv,offshore
lt,h2097,0.4575918199169825,scr1982,avaConv,offshore
lt,h2098,0.5545452407128135,scr1982,avaConv,offshore
lt,h2099,0.6179923076630498,scr1982,avaConv,offshore
lt,h2100,0.6294113056542069,scr1982,avaConv,offshore
lt,h2101,0.5991308040607836,scr1982,avaConv,offshore
lt,h2102,0.5916290129573295,scr1982,avaConv,offshore
lt,h2103,0.6142957138200742,scr1982,avaConv,offshore
lt,h2104,0.6413143124198208,scr1982,avaConv,offshore
lt,h2105,0.6245814674438709,scr1982,avaConv,offshore
lt,h2106,0.5579230685506548,scr1982,avaConv,offshore
lt,h2107,0.4770891228012931,scr1982,avaConv,offshore
lt,h2108,0.4784390972478282,scr1982,avaConv,offshore
lt,h2109,0.5315160522486809,scr1982,avaConv,offshore
lt,h2110,0.5778209984767444,scr1982,avaConv,offshore
lt,h2111,0.593843530596756,scr1982,avaConv,offshore
lt,h2112,0.5941426909316877,scr1982,avaConv,offshore
lt,h2113,0.5872483141273305,scr1982,avaConv,offshore
lt,h2114,0.4996189716791539,scr1982,avaConv,offshore
lt,h2115,0.358173206499256,scr1982,avaConv,offshore
lt,h2116,0.20697471705941986,scr1982,avaConv,offshore
lt,h2117,0.11141493242219466,scr1982,avaConv,offshore
lt,h2118,0.06346880471929062,scr1982,avaConv,offshore
lt,h2119,0.03293364505577647,scr1982,avaConv,offshore
lt,h2120,0.006341168962565447,scr1982,avaConv,offshore
lt,h2121,0.0013316604821391454,scr1982,avaConv,offshore
lt,h2122,0.01625225065927891,scr1982,avaConv,offshore
lt,h2123,0.08268998499768812,scr1982,avaConv,offshore
lt,h2124,0.2199345382583683,scr1982,avaConv,offshore
lt,h2125,0.3465049977340981,scr1982,avaConv,offshore
lt,h2126,0.4224494001364059,scr1982,avaConv,offshore
lt,h2127,0.4528545027992166,scr1982,avaConv,offshore
lt,h2128,0.5120510809558381,scr1982,avaConv,offshore
lt,h2129,0.6078507889810711,scr1982,avaConv,offshore
lt,h2130,0.6820195562484386,scr1982,avaConv,offshore
lt,h2131,0.7132558772749089,scr1982,avaConv,offshore
lt,h2132,0.7181934234633294,scr1982,avaConv,offshore
lt,h2133,0.7310306201037737,scr1982,avaConv,offshore
lt,h2134,0.747298976549992,scr1982,avaConv,offshore
lt,h2135,0.7889057034914022,scr1982,avaConv,offshore
lt,h2136,0.8182495661794865,scr1982,avaConv,offshore
lt,h2137,0.8318550456091817,scr1982,avaConv,offshore
lt,h2138,0.8087926100915479,scr1982,avaConv,offshore
lt,h2139,0.7648751958392485,scr1982,avaConv,offshore
lt,h2140,0.7181911040203096,scr1982,avaConv,offshore
lt,h2141,0.690691787372638,scr1982,avaConv,offshore
lt,h2142,0.7055071999408531,scr1982,avaConv,offshore
lt,h2143,0.7435664440481308,scr1982,avaConv,offshore
lt,h2144,0.7614926180485133,scr1982,avaConv,offshore
lt,h2145,0.7664522886693009,scr1982,avaConv,offshore
lt,h2146,0.753034929741465,scr1982,avaConv,offshore
lt,h2147,0.7302061644568582,scr1982,avaConv,offshore
lt,h2148,0.702208498947649,scr1982,avaConv,offshore
lt,h2149,0.7005141655614269,scr1982,avaConv,offshore
lt,h2150,0.7389943047877756,scr1982,avaConv,offshore
lt,h2151,0.7872031902059062,scr1982,avaConv,offshore
lt,h2152,0.8210927198754148,scr1982,avaConv,offshore
lt,h2153,0.8420844058367652,scr1982,avaConv,offshore
lt,h2154,0.8649424410840099,scr1982,avaConv,offshore
lt,h2155,0.8931103297198457,scr1982,avaConv,offshore
lt,h2156,0.9129960459174555,scr1982,avaConv,offshore
lt,h2157,0.9157766701893273,scr1982,avaConv,offshore
lt,h2158,0.9119215171572691,scr1982,avaConv,offshore
lt,h2159,0.9066385572173763,scr1982,avaConv,offshore
lt,h2160,0.8985652965791044,scr1982,avaConv,offshore
lv,h1441,0.24790236322676082,scr1982,avaConv,offshore
lv,h1442,0.18612309194424712,scr1982,avaConv,offshore
lv,h1443,0.16029260939719048,scr1982,avaConv,offshore
lv,h1444,0.15550197205664792,scr1982,avaConv,offshore
lv,h1445,0.15824953623818092,scr1982,avaConv,offshore
lv,h1446,0.17984334332268453,scr1982,avaConv,offshore
lv,h1447,0.2234378527953424,scr1982,avaConv,offshore
lv,h1448,0.2725215805340438,scr1982,avaConv,offshore
lv,h1449,0.2972773485212603,scr1982,avaConv,offshore
lv,h1450,0.2923217384685015,scr1982,avaConv,offshore
lv,h1451,0.26315721438053047,scr1982,avaConv,offshore
lv,h1452,0.23221110867727304,scr1982,avaConv,offshore
lv,h1453,0.20539782783524826,scr1982,avaConv,offshore
lv,h1454,0.18648752777247368,scr1982,avaConv,offshore
lv,h1455,0.16841850405824044,scr1982,avaConv,offshore
lv,h1456,0.15624322061097254,scr1982,avaConv,offshore
lv,h1457,0.14372790637286365,scr1982,avaConv,offshore
lv,h1458,0.12709767461634888,scr1982,avaConv,offshore
lv,h1459,0.10465231228542916,scr1982,avaConv,offshore
lv,h1460,0.08114217162565278,scr1982,avaConv,offshore
lv,h1461,0.056795930607464316,scr1982,avaConv,offshore
lv,h1462,0.03308601476528872,scr1982,avaConv,offshore
lv,h1463,0.015261945989108135,scr1982,avaConv,offshore
lv,h1464,0.006036989867322498,scr1982,avaConv,offshore
lv,h1465,0.0031118751827850528,scr1982,avaConv,offshore
lv,h1466,0.0033166087198039807,scr1982,avaConv,offshore
lv,h1467,0.012142560438245959,scr1982,avaConv,offshore
lv,h1468,0.02655100444574599,scr1982,avaConv,offshore
lv,h1469,0.04670053817837999,scr1982,avaConv,offshore
lv,h1470,0.07463767496454478,scr1982,avaConv,offshore
lv,h1471,0.10624185209709665,scr1982,avaConv,offshore
lv,h1472,0.13795028676461138,scr1982,avaConv,offshore
lv,h1473,0.16540676835938695,scr1982,avaConv,offshore
lv,h1474,0.18950443116548976,scr1982,avaConv,offshore
lv,h1475,0.19260343182767495,scr1982,avaConv,offshore
lv,h1476,0.19372834179537773,scr1982,avaConv,offshore
lv,h1477,0.18969350130578794,scr1982,avaConv,offshore
lv,h1478,0.1916057402753895,scr1982,avaConv,offshore
lv,h1479,0.18510558101657112,scr1982,avaConv,offshore
lv,h1480,0.17666986143928212,scr1982,avaConv,offshore
lv,h1481,0.1901930813543497,scr1982,avaConv,offshore
lv,h1482,0.22943827630929173,scr1982,avaConv,offshore
lv,h1483,0.28188230192943375,scr1982,avaConv,offshore
lv,h1484,0.34927521518711796,scr1982,avaConv,offshore
lv,h1485,0.42849254877139037,scr1982,avaConv,offshore
lv,h1486,0.5241100130116201,scr1982,avaConv,offshore
lv,h1487,0.6072187537236327,scr1982,avaConv,offshore
lv,h1488,0.6761402705644003,scr1982,avaConv,offshore
lv,h1489,0.7129390081595032,scr1982,avaConv,offshore
lv,h1490,0.7431954709841473,scr1982,avaConv,offshore
lv,h1491,0.756716005815483,scr1982,avaConv,offshore
lv,h1492,0.7679808965179948,scr1982,avaConv,offshore
lv,h1493,0.7708456721463517,scr1982,avaConv,offshore
lv,h1494,0.7682773246848649,scr1982,avaConv,offshore
lv,h1495,0.7584743349028015,scr1982,avaConv,offshore
lv,h1496,0.717776874296489,scr1982,avaConv,offshore
lv,h1497,0.654608059213181,scr1982,avaConv,offshore
lv,h1498,0.5740261787963898,scr1982,avaConv,offshore
lv,h1499,0.4877401134617618,scr1982,avaConv,offshore
lv,h1500,0.4052490711154612,scr1982,avaConv,offshore
lv,h1501,0.35310910143285984,scr1982,avaConv,offshore
lv,h1502,0.3492486009145565,scr1982,avaConv,offshore
lv,h1503,0.3655795782115491,scr1982,avaConv,offshore
lv,h1504,0.38145985887947004,scr1982,avaConv,offshore
lv,h1505,0.386239683755481,scr1982,avaConv,offshore
lv,h1506,0.4040365522525064,scr1982,avaConv,offshore
lv,h1507,0.42480185574310636,scr1982,avaConv,offshore
lv,h1508,0.446940473156464,scr1982,avaConv,offshore
lv,h1509,0.4615308379114965,scr1982,avaConv,offshore
lv,h1510,0.4868183217434551,scr1982,avaConv,offshore
lv,h1511,0.5245125958786957,scr1982,avaConv,offshore
lv,h1512,0.5614596592393052,scr1982,avaConv,offshore
lv,h1513,0.6355230514629415,scr1982,avaConv,offshore
lv,h1514,0.6988610186945472,scr1982,avaConv,offshore
lv,h1515,0.7609577926443845,scr1982,avaConv,offshore
lv,h1516,0.771741423294838,scr1982,avaConv,offshore
lv,h1517,0.7810506661445596,scr1982,avaConv,offshore
lv,h1518,0.7954580087753084,scr1982,avaConv,offshore
lv,h1519,0.8189597900769948,scr1982,avaConv,offshore
lv,h1520,0.8385073047218123,scr1982,avaConv,offshore
lv,h1521,0.8346980893861745,scr1982,avaConv,offshore
lv,h1522,0.8040526897350243,scr1982,avaConv,offshore
lv,h1523,0.7584606615937348,scr1982,avaConv,offshore
lv,h1524,0.7077184182671874,scr1982,avaConv,offshore
lv,h1525,0.6581554126912783,scr1982,avaConv,offshore
lv,h1526,0.6131581727737162,scr1982,avaConv,offshore
lv,h1527,0.5921885121557929,scr1982,avaConv,offshore
lv,h1528,0.5922250977761524,scr1982,avaConv,offshore
lv,h1529,0.61088167622246,scr1982,avaConv,offshore
lv,h1530,0.6230706025029473,scr1982,avaConv,offshore
lv,h1531,0.6220255620879319,scr1982,avaConv,offshore
lv,h1532,0.6033969620183061,scr1982,avaConv,offshore
lv,h1533,0.5840295182722297,scr1982,avaConv,offshore
lv,h1534,0.5789420374789013,scr1982,avaConv,offshore
lv,h1535,0.5790877872530817,scr1982,avaConv,offshore
lv,h1536,0.5775367829596754,scr1982,avaConv,offshore
lv,h1537,0.5517972985708841,scr1982,avaConv,offshore
lv,h1538,0.5066782353639377,scr1982,avaConv,offshore
lv,h1539,0.4513669373859326,scr1982,avaConv,offshore
lv,h1540,0.4192498332368843,scr1982,avaConv,offshore
lv,h1541,0.43146745294441746,scr1982,avaConv,offshore
lv,h1542,0.4721435484552474,scr1982,avaConv,offshore
lv,h1543,0.5152045764947997,scr1982,avaConv,offshore
lv,h1544,0.5205353572472402,scr1982,avaConv,offshore
lv,h1545,0.467948827566168,scr1982,avaConv,offshore
lv,h1546,0.3890786340794431,scr1982,avaConv,offshore
lv,h1547,0.3281812605727225,scr1982,avaConv,offshore
lv,h1548,0.3122240652440188,scr1982,avaConv,offshore
lv,h1549,0.30567887845393166,scr1982,avaConv,offshore
lv,h1550,0.29911580906568086,scr1982,avaConv,offshore
lv,h1551,0.29387625284956426,scr1982,avaConv,offshore
lv,h1552,0.30657351434207303,scr1982,avaConv,offshore
lv,h1553,0.32936994969639877,scr1982,avaConv,offshore
lv,h1554,0.3524719969167476,scr1982,avaConv,offshore
lv,h1555,0.3618992764163455,scr1982,avaConv,offshore
lv,h1556,0.3576686168195854,scr1982,avaConv,offshore
lv,h1557,0.350296718542332,scr1982,avaConv,offshore
lv,h1558,0.33139549762069737,scr1982,avaConv,offshore
lv,h1559,0.28786790413950786,scr1982,avaConv,offshore
lv,h1560,0.23441567390467463,scr1982,avaConv,offshore
lv,h1561,0.18706041403455895,scr1982,avaConv,offshore
lv,h1562,0.15227087051480967,scr1982,avaConv,offshore
lv,h1563,0.11746926363712752,scr1982,avaConv,offshore
lv,h1564,0.08063235541192042,scr1982,avaConv,offshore
lv,h1565,0.049564421642388945,scr1982,avaConv,offshore
lv,h1566,0.0252262239721705,scr1982,avaConv,offshore
lv,h1567,0.011521174447841278,scr1982,avaConv,offshore
lv,h1568,0.016450719927414825,scr1982,avaConv,offshore
lv,h1569,0.03747183699313151,scr1982,avaConv,offshore
lv,h1570,0.07456740484565892,scr1982,avaConv,offshore
lv,h1571,0.09042066155326575,scr1982,avaConv,offshore
lv,h1572,0.10656332298314512,scr1982,avaConv,offshore
lv,h1573,0.11318736199485144,scr1982,avaConv,offshore
lv,h1574,0.1367600202809546,scr1982,avaConv,offshore
lv,h1575,0.16405373885072427,scr1982,avaConv,offshore
lv,h1576,0.2192950834220273,scr1982,avaConv,offshore
lv,h1577,0.31030029413408383,scr1982,avaConv,offshore
lv,h1578,0.40869863328359174,scr1982,avaConv,offshore
lv,h1579,0.48249203988441325,scr1982,avaConv,offshore
lv,h1580,0.5297712558123926,scr1982,avaConv,offshore
lv,h1581,0.5667106440717717,scr1982,avaConv,offshore
lv,h1582,0.5888818635944184,scr1982,avaConv,offshore
lv,h1583,0.6060135612257544,scr1982,avaConv,offshore
lv,h1584,0.5803954861113934,scr1982,avaConv,offshore
lv,h1585,0.5294035074698377,scr1982,avaConv,offshore
lv,h1586,0.4331151491419908,scr1982,avaConv,offshore
lv,h1587,0.33364318402119875,scr1982,avaConv,offshore
lv,h1588,0.25352052922012347,scr1982,avaConv,offshore
lv,h1589,0.20092621877463385,scr1982,avaConv,offshore
lv,h1590,0.16917352204525707,scr1982,avaConv,offshore
lv,h1591,0.14529459645172893,scr1982,avaConv,offshore
lv,h1592,0.12564070936821287,scr1982,avaConv,offshore
lv,h1593,0.11106381325035701,scr1982,avaConv,offshore
lv,h1594,0.08835540442572727,scr1982,avaConv,offshore
lv,h1595,0.06819322547475273,scr1982,avaConv,offshore
lv,h1596,0.0539401849774207,scr1982,avaConv,offshore
lv,h1597,0.052626189575692865,scr1982,avaConv,offshore
lv,h1598,0.05931648709002902,scr1982,avaConv,offshore
lv,h1599,0.07523119064996305,scr1982,avaConv,offshore
lv,h1600,0.09638258719395186,scr1982,avaConv,offshore
lv,h1601,0.12178726209823426,scr1982,avaConv,offshore
lv,h1602,0.14923451282896133,scr1982,avaConv,offshore
lv,h1603,0.16760927008169665,scr1982,avaConv,offshore
lv,h1604,0.18585116035077567,scr1982,avaConv,offshore
lv,h1605,0.20253918971053672,scr1982,avaConv,offshore
lv,h1606,0.21479456856592402,scr1982,avaConv,offshore
lv,h1607,0.22550075312197257,scr1982,avaConv,offshore
lv,h1608,0.20639065549552893,scr1982,avaConv,offshore
lv,h1609,0.23270237817351466,scr1982,avaConv,offshore
lv,h1610,0.24232790214631514,scr1982,avaConv,offshore
lv,h1611,0.23614634975656554,scr1982,avaConv,offshore
lv,h1612,0.1969653184939225,scr1982,avaConv,offshore
lv,h1613,0.2152009545809556,scr1982,avaConv,offshore
lv,h1614,0.3439657022331412,scr1982,avaConv,offshore
lv,h1615,0.5097987554428839,scr1982,avaConv,offshore
lv,h1616,0.6471144954666844,scr1982,avaConv,offshore
lv,h1617,0.7246125487898141,scr1982,avaConv,offshore
lv,h1618,0.7549031695004256,scr1982,avaConv,offshore
lv,h1619,0.7359344983427281,scr1982,avaConv,offshore
lv,h1620,0.7017297447590738,scr1982,avaConv,offshore
lv,h1621,0.6735859317471637,scr1982,avaConv,offshore
lv,h1622,0.7067235087808288,scr1982,avaConv,offshore
lv,h1623,0.779112225618302,scr1982,avaConv,offshore
lv,h1624,0.8562207497753898,scr1982,avaConv,offshore
lv,h1625,0.9102037923719362,scr1982,avaConv,offshore
lv,h1626,0.9355449836269188,scr1982,avaConv,offshore
lv,h1627,0.9460878762227386,scr1982,avaConv,offshore
lv,h1628,0.9486120235464464,scr1982,avaConv,offshore
lv,h1629,0.948591977146585,scr1982,avaConv,offshore
lv,h1630,0.9468411845541493,scr1982,avaConv,offshore
lv,h1631,0.9394992707343297,scr1982,avaConv,offshore
lv,h1632,0.9360013900160662,scr1982,avaConv,offshore
lv,h1633,0.9146229589004341,scr1982,avaConv,offshore
lv,h1634,0.9169337158691739,scr1982,avaConv,offshore
lv,h1635,0.8808180466045915,scr1982,avaConv,offshore
lv,h1636,0.8674892456688227,scr1982,avaConv,offshore
lv,h1637,0.8644996356672654,scr1982,avaConv,offshore
lv,h1638,0.8979293926957443,scr1982,avaConv,offshore
lv,h1639,0.9232021579335294,scr1982,avaConv,offshore
lv,h1640,0.9163715352570485,scr1982,avaConv,offshore
lv,h1641,0.8978980528211192,scr1982,avaConv,offshore
lv,h1642,0.8731375458427824,scr1982,avaConv,offshore
lv,h1643,0.855638394882654,scr1982,avaConv,offshore
lv,h1644,0.855695800838233,scr1982,avaConv,offshore
lv,h1645,0.875513089552579,scr1982,avaConv,offshore
lv,h1646,0.8982205019670774,scr1982,avaConv,offshore
lv,h1647,0.914404679014623,scr1982,avaConv,offshore
lv,h1648,0.9202762774290447,scr1982,avaConv,offshore
lv,h1649,0.918350195810574,scr1982,avaConv,offshore
lv,h1650,0.9146404899756677,scr1982,avaConv,offshore
lv,h1651,0.895663449867009,scr1982,avaConv,offshore
lv,h1652,0.8508967493231717,scr1982,avaConv,offshore
lv,h1653,0.8066971559210991,scr1982,avaConv,offshore
lv,h1654,0.7895801062525912,scr1982,avaConv,offshore
lv,h1655,0.7621203232624668,scr1982,avaConv,offshore
lv,h1656,0.7051001002850128,scr1982,avaConv,offshore
lv,h1657,0.6141082966105257,scr1982,avaConv,offshore
lv,h1658,0.531162311502505,scr1982,avaConv,offshore
lv,h1659,0.445581071432357,scr1982,avaConv,offshore
lv,h1660,0.37683422739486355,scr1982,avaConv,offshore
lv,h1661,0.34930374818646653,scr1982,avaConv,offshore
lv,h1662,0.3710908096116903,scr1982,avaConv,offshore
lv,h1663,0.408826574238777,scr1982,avaConv,offshore
lv,h1664,0.4256608794712772,scr1982,avaConv,offshore
lv,h1665,0.39859431680909213,scr1982,avaConv,offshore
lv,h1666,0.330622051248703,scr1982,avaConv,offshore
lv,h1667,0.27691494907604386,scr1982,avaConv,offshore
lv,h1668,0.25807070705107255,scr1982,avaConv,offshore
lv,h1669,0.2815785109387696,scr1982,avaConv,offshore
lv,h1670,0.3071244302157991,scr1982,avaConv,offshore
lv,h1671,0.3424057703359166,scr1982,avaConv,offshore
lv,h1672,0.39763247149755243,scr1982,avaConv,offshore
lv,h1673,0.4863678709067953,scr1982,avaConv,offshore
lv,h1674,0.5906477493649069,scr1982,avaConv,offshore
lv,h1675,0.6861262239083106,scr1982,avaConv,offshore
lv,h1676,0.7663403029663526,scr1982,avaConv,offshore
lv,h1677,0.8120656904580201,scr1982,avaConv,offshore
lv,h1678,0.8148069359064588,scr1982,avaConv,offshore
lv,h1679,0.7908112705866923,scr1982,avaConv,offshore
lv,h1680,0.7664657310535328,scr1982,avaConv,offshore
lv,h1681,0.5851438572945796,scr1982,avaConv,offshore
lv,h1682,0.3918474266378621,scr1982,avaConv,offshore
lv,h1683,0.18173233429218555,scr1982,avaConv,offshore
lv,h1684,0.19031428130004063,scr1982,avaConv,offshore
lv,h1685,0.1971053049610785,scr1982,avaConv,offshore
lv,h1686,0.19437054305441515,scr1982,avaConv,offshore
lv,h1687,0.17800955807884974,scr1982,avaConv,offshore
lv,h1688,0.15518170793052086,scr1982,avaConv,offshore
lv,h1689,0.13508585577562102,scr1982,avaConv,offshore
lv,h1690,0.12372758789315072,scr1982,avaConv,offshore
lv,h1691,0.11795504696519815,scr1982,avaConv,offshore
lv,h1692,0.11705053351891705,scr1982,avaConv,offshore
lv,h1693,0.12034171679335333,scr1982,avaConv,offshore
lv,h1694,0.12632688754391405,scr1982,avaConv,offshore
lv,h1695,0.13209285431241485,scr1982,avaConv,offshore
lv,h1696,0.14244606734961085,scr1982,avaConv,offshore
lv,h1697,0.16132488164422062,scr1982,avaConv,offshore
lv,h1698,0.18774591859870685,scr1982,avaConv,offshore
lv,h1699,0.21184265551608808,scr1982,avaConv,offshore
lv,h1700,0.23117282540008557,scr1982,avaConv,offshore
lv,h1701,0.23839731687522,scr1982,avaConv,offshore
lv,h1702,0.23443208730858098,scr1982,avaConv,offshore
lv,h1703,0.22663966645400963,scr1982,avaConv,offshore
lv,h1704,0.21598976379748153,scr1982,avaConv,offshore
lv,h1705,0.20023775312659778,scr1982,avaConv,offshore
lv,h1706,0.17418280203864775,scr1982,avaConv,offshore
lv,h1707,0.1562473408286435,scr1982,avaConv,offshore
lv,h1708,0.16084063464069784,scr1982,avaConv,offshore
lv,h1709,0.19195625265124996,scr1982,avaConv,offshore
lv,h1710,0.24495286096787164,scr1982,avaConv,offshore
lv,h1711,0.3104538472040466,scr1982,avaConv,offshore
lv,h1712,0.37233359675587374,scr1982,avaConv,offshore
lv,h1713,0.41194996959440844,scr1982,avaConv,offshore
lv,h1714,0.4251789034356551,scr1982,avaConv,offshore
lv,h1715,0.4167169764558846,scr1982,avaConv,offshore
lv,h1716,0.3932958870993098,scr1982,avaConv,offshore
lv,h1717,0.3607175523332374,scr1982,avaConv,offshore
lv,h1718,0.34301736133439276,scr1982,avaConv,offshore
lv,h1719,0.3664430195424874,scr1982,avaConv,offshore
lv,h1720,0.43614539570403676,scr1982,avaConv,offshore
lv,h1721,0.5217496195388928,scr1982,avaConv,offshore
lv,h1722,0.5968379891575808,scr1982,avaConv,offshore
lv,h1723,0.6369002701669138,scr1982,avaConv,offshore
lv,h1724,0.646030081751768,scr1982,avaConv,offshore
lv,h1725,0.6261190147601331,scr1982,avaConv,offshore
lv,h1726,0.5904552494150742,scr1982,avaConv,offshore
lv,h1727,0.5626701769813578,scr1982,avaConv,offshore
lv,h1728,0.5181038808181708,scr1982,avaConv,offshore
lv,h1729,0.4608683740888661,scr1982,avaConv,offshore
lv,h1730,0.3756296198931582,scr1982,avaConv,offshore
lv,h1731,0.2976187660212357,scr1982,avaConv,offshore
lv,h1732,0.2399742451679926,scr1982,avaConv,offshore
lv,h1733,0.2214394909085416,scr1982,avaConv,offshore
lv,h1734,0.24356176320483003,scr1982,avaConv,offshore
lv,h1735,0.2684425675279284,scr1982,avaConv,offshore
lv,h1736,0.26503572078441123,scr1982,avaConv,offshore
lv,h1737,0.22880318410413003,scr1982,avaConv,offshore
lv,h1738,0.18992724573490072,scr1982,avaConv,offshore
lv,h1739,0.15770284834626913,scr1982,avaConv,offshore
lv,h1740,0.1349173920732087,scr1982,avaConv,offshore
lv,h1741,0.11933133535244647,scr1982,avaConv,offshore
lv,h1742,0.13320392669467332,scr1982,avaConv,offshore
lv,h1743,0.18534560294859354,scr1982,avaConv,offshore
lv,h1744,0.28332540714704046,scr1982,avaConv,offshore
lv,h1745,0.38816995234703244,scr1982,avaConv,offshore
lv,h1746,0.46217590957816895,scr1982,avaConv,offshore
lv,h1747,0.4843384764407654,scr1982,avaConv,offshore
lv,h1748,0.46722248907441855,scr1982,avaConv,offshore
lv,h1749,0.434787015245994,scr1982,avaConv,offshore
lv,h1750,0.4017375940999317,scr1982,avaConv,offshore
lv,h1751,0.3587666470198849,scr1982,avaConv,offshore
lv,h1752,0.31023369842855597,scr1982,avaConv,offshore
lv,h1753,0.25156942200120685,scr1982,avaConv,offshore
lv,h1754,0.1991393313097766,scr1982,avaConv,offshore
lv,h1755,0.15224996615797629,scr1982,avaConv,offshore
lv,h1756,0.10682741311422796,scr1982,avaConv,offshore
lv,h1757,0.06492170376692571,scr1982,avaConv,offshore
lv,h1758,0.030896809156880093,scr1982,avaConv,offshore
lv,h1759,0.013273327994240493,scr1982,avaConv,offshore
lv,h1760,0.01755533658657949,scr1982,avaConv,offshore
lv,h1761,0.042515590092916125,scr1982,avaConv,offshore
lv,h1762,0.08186432047893734,scr1982,avaConv,offshore
lv,h1763,0.12170416226368107,scr1982,avaConv,offshore
lv,h1764,0.14248050839013457,scr1982,avaConv,offshore
lv,h1765,0.1493129938205111,scr1982,avaConv,offshore
lv,h1766,0.15766773672278636,scr1982,avaConv,offshore
lv,h1767,0.18620805530185108,scr1982,avaConv,offshore
lv,h1768,0.22256737928810114,scr1982,avaConv,offshore
lv,h1769,0.2521892207553002,scr1982,avaConv,offshore
lv,h1770,0.2688845823777212,scr1982,avaConv,offshore
lv,h1771,0.2737033178194268,scr1982,avaConv,offshore
lv,h1772,0.270740568651547,scr1982,avaConv,offshore
lv,h1773,0.2513398782716307,scr1982,avaConv,offshore
lv,h1774,0.2219614142672066,scr1982,avaConv,offshore
lv,h1775,0.19519372944789964,scr1982,avaConv,offshore
lv,h1776,0.18383224654828123,scr1982,avaConv,offshore
lv,h1777,0.18151659156070946,scr1982,avaConv,offshore
lv,h1778,0.1681105377125681,scr1982,avaConv,offshore
lv,h1779,0.14057188465044326,scr1982,avaConv,offshore
lv,h1780,0.10636795254244295,scr1982,avaConv,offshore
lv,h1781,0.08308732649815274,scr1982,avaConv,offshore
lv,h1782,0.07523046957016341,scr1982,avaConv,offshore
lv,h1783,0.0785410094869636,scr1982,avaConv,offshore
lv,h1784,0.08150224906025173,scr1982,avaConv,offshore
lv,h1785,0.08108063601320144,scr1982,avaConv,offshore
lv,h1786,0.081670661854529,scr1982,avaConv,offshore
lv,h1787,0.08423664892514054,scr1982,avaConv,offshore
lv,h1788,0.09810755387499047,scr1982,avaConv,offshore
lv,h1789,0.12731814010769324,scr1982,avaConv,offshore
lv,h1790,0.17139382997250469,scr1982,avaConv,offshore
lv,h1791,0.22677234561044982,scr1982,avaConv,offshore
lv,h1792,0.285719786079301,scr1982,avaConv,offshore
lv,h1793,0.34513138061271387,scr1982,avaConv,offshore
lv,h1794,0.39670845853415504,scr1982,avaConv,offshore
lv,h1795,0.4309304590125104,scr1982,avaConv,offshore
lv,h1796,0.4544607669636157,scr1982,avaConv,offshore
lv,h1797,0.467067743463014,scr1982,avaConv,offshore
lv,h1798,0.4706739557823871,scr1982,avaConv,offshore
lv,h1799,0.45678026235671865,scr1982,avaConv,offshore
lv,h1800,0.4328825228803176,scr1982,avaConv,offshore
lv,h1801,0.3951332697472577,scr1982,avaConv,offshore
lv,h1802,0.3393598773712409,scr1982,avaConv,offshore
lv,h1803,0.25942066464213215,scr1982,avaConv,offshore
lv,h1804,0.17565619064984575,scr1982,avaConv,offshore
lv,h1805,0.10785091649912329,scr1982,avaConv,offshore
lv,h1806,0.06698040723166963,scr1982,avaConv,offshore
lv,h1807,0.050081655497776344,scr1982,avaConv,offshore
lv,h1808,0.0490100031213972,scr1982,avaConv,offshore
lv,h1809,0.05531133099041866,scr1982,avaConv,offshore
lv,h1810,0.06610319490801772,scr1982,avaConv,offshore
lv,h1811,0.0641005896090119,scr1982,avaConv,offshore
lv,h1812,0.0682553620160802,scr1982,avaConv,offshore
lv,h1813,0.07840137221088103,scr1982,avaConv,offshore
lv,h1814,0.10721259242298975,scr1982,avaConv,offshore
lv,h1815,0.13853626877785238,scr1982,avaConv,offshore
lv,h1816,0.16547377280307962,scr1982,avaConv,offshore
lv,h1817,0.18908615125961842,scr1982,avaConv,offshore
lv,h1818,0.2057812845909987,scr1982,avaConv,offshore
lv,h1819,0.22307136254454918,scr1982,avaConv,offshore
lv,h1820,0.23904716277196453,scr1982,avaConv,offshore
lv,h1821,0.24546518874330775,scr1982,avaConv,offshore
lv,h1822,0.23952287330985092,scr1982,avaConv,offshore
lv,h1823,0.22198854259097575,scr1982,avaConv,offshore
lv,h1824,0.19155549859946122,scr1982,avaConv,offshore
lv,h1825,0.1463276499976126,scr1982,avaConv,offshore
lv,h1826,0.09124934592988437,scr1982,avaConv,offshore
lv,h1827,0.047870505398538536,scr1982,avaConv,offshore
lv,h1828,0.02274143330334056,scr1982,avaConv,offshore
lv,h1829,0.013371063842075946,scr1982,avaConv,offshore
lv,h1830,0.011082929626722101,scr1982,avaConv,offshore
lv,h1831,0.013986063111280325,scr1982,avaConv,offshore
lv,h1832,0.022152887117401186,scr1982,avaConv,offshore
lv,h1833,0.033780513263850405,scr1982,avaConv,offshore
lv,h1834,0.046599597624053885,scr1982,avaConv,offshore
lv,h1835,0.0536172099715593,scr1982,avaConv,offshore
lv,h1836,0.05390430445148832,scr1982,avaConv,offshore
lv,h1837,0.04430276311316872,scr1982,avaConv,offshore
lv,h1838,0.030881037805842962,scr1982,avaConv,offshore
lv,h1839,0.016767932376169067,scr1982,avaConv,offshore
lv,h1840,0.007449113467427547,scr1982,avaConv,offshore
lv,h1841,0.008072183759579368,scr1982,avaConv,offshore
lv,h1842,0.02063498343338449,scr1982,avaConv,offshore
lv,h1843,0.04359324538706383,scr1982,avaConv,offshore
lv,h1844,0.07123632853988973,scr1982,avaConv,offshore
lv,h1845,0.09945657006027951,scr1982,avaConv,offshore
lv,h1846,0.12225758007997076,scr1982,avaConv,offshore
lv,h1847,0.12883426631350103,scr1982,avaConv,offshore
lv,h1848,0.12182182736107085,scr1982,avaConv,offshore
lv,h1849,0.4181195644457392,scr1982,avaConv,offshore
lv,h1850,0.6776189882187282,scr1982,avaConv,offshore
lv,h1851,0.9141193972636277,scr1982,avaConv,offshore
lv,h1852,0.8949465937695034,scr1982,avaConv,offshore
lv,h1853,0.8537041664904276,scr1982,avaConv,offshore
lv,h1854,0.8114059791000005,scr1982,avaConv,offshore
lv,h1855,0.768019577043583,scr1982,avaConv,offshore
lv,h1856,0.7181973715909411,scr1982,avaConv,offshore
lv,h1857,0.6524088563550409,scr1982,avaConv,offshore
lv,h1858,0.6103878966203845,scr1982,avaConv,offshore
lv,h1859,0.5978058351680289,scr1982,avaConv,offshore
lv,h1860,0.6464869849559008,scr1982,avaConv,offshore
lv,h1861,0.7292091175753476,scr1982,avaConv,offshore
lv,h1862,0.8009328026175441,scr1982,avaConv,offshore
lv,h1863,0.8316177792075998,scr1982,avaConv,offshore
lv,h1864,0.8178602191139139,scr1982,avaConv,offshore
lv,h1865,0.7942839176084934,scr1982,avaConv,offshore
lv,h1866,0.742248097734928,scr1982,avaConv,offshore
lv,h1867,0.7053246644437244,scr1982,avaConv,offshore
lv,h1868,0.674729286205192,scr1982,avaConv,offshore
lv,h1869,0.6486761157231489,scr1982,avaConv,offshore
lv,h1870,0.600557370924646,scr1982,avaConv,offshore
lv,h1871,0.5482748977933247,scr1982,avaConv,offshore
lv,h1872,0.5414940318104119,scr1982,avaConv,offshore
lv,h1873,0.5884315315266252,scr1982,avaConv,offshore
lv,h1874,0.6838354934082231,scr1982,avaConv,offshore
lv,h1875,0.789387320099673,scr1982,avaConv,offshore
lv,h1876,0.859992640046688,scr1982,avaConv,offshore
lv,h1877,0.8909735890839044,scr1982,avaConv,offshore
lv,h1878,0.8878573016873129,scr1982,avaConv,offshore
lv,h1879,0.8784132756120047,scr1982,avaConv,offshore
lv,h1880,0.8751664686254645,scr1982,avaConv,offshore
lv,h1881,0.8849519751309564,scr1982,avaConv,offshore
lv,h1882,0.9023006417799287,scr1982,avaConv,offshore
lv,h1883,0.9206407748471703,scr1982,avaConv,offshore
lv,h1884,0.9363706102091358,scr1982,avaConv,offshore
lv,h1885,0.9437178201599432,scr1982,avaConv,offshore
lv,h1886,0.9490374571517551,scr1982,avaConv,offshore
lv,h1887,0.9498751815887015,scr1982,avaConv,offshore
lv,h1888,0.949982303324666,scr1982,avaConv,offshore
lv,h1889,0.9499957123018501,scr1982,avaConv,offshore
lv,h1890,0.949970460508896,scr1982,avaConv,offshore
lv,h1891,0.9487954339078576,scr1982,avaConv,offshore
lv,h1892,0.9435102019923095,scr1982,avaConv,offshore
lv,h1893,0.9300103287999837,scr1982,avaConv,offshore
lv,h1894,0.9060734672953925,scr1982,avaConv,offshore
lv,h1895,0.8910977021334344,scr1982,avaConv,offshore
lv,h1896,0.8468821607577045,scr1982,avaConv,offshore
lv,h1897,0.749592114455092,scr1982,avaConv,offshore
lv,h1898,0.5964298483580445,scr1982,avaConv,offshore
lv,h1899,0.4711210682773867,scr1982,avaConv,offshore
lv,h1900,0.4193098244414116,scr1982,avaConv,offshore
lv,h1901,0.4278502077669231,scr1982,avaConv,offshore
lv,h1902,0.44946162222729685,scr1982,avaConv,offshore
lv,h1903,0.46978377945772265,scr1982,avaConv,offshore
lv,h1904,0.4757997887182389,scr1982,avaConv,offshore
lv,h1905,0.4641611193772599,scr1982,avaConv,offshore
lv,h1906,0.46143701980386687,scr1982,avaConv,offshore
lv,h1907,0.4744860372392604,scr1982,avaConv,offshore
lv,h1908,0.5143627884550849,scr1982,avaConv,offshore
lv,h1909,0.5561401862906639,scr1982,avaConv,offshore
lv,h1910,0.5939669949753394,scr1982,avaConv,offshore
lv,h1911,0.6122516897497063,scr1982,avaConv,offshore
lv,h1912,0.6108411445156987,scr1982,avaConv,offshore
lv,h1913,0.5859742807517301,scr1982,avaConv,offshore
lv,h1914,0.5398486733303937,scr1982,avaConv,offshore
lv,h1915,0.47820016112916797,scr1982,avaConv,offshore
lv,h1916,0.42725750064884127,scr1982,avaConv,offshore
lv,h1917,0.3894080630109265,scr1982,avaConv,offshore
lv,h1918,0.36230795678873917,scr1982,avaConv,offshore
lv,h1919,0.3670009765256307,scr1982,avaConv,offshore
lv,h1920,0.3775938043224214,scr1982,avaConv,offshore
lv,h1921,0.3858714715685594,scr1982,avaConv,offshore
lv,h1922,0.34719849673670566,scr1982,avaConv,offshore
lv,h1923,0.2954715407002889,scr1982,avaConv,offshore
lv,h1924,0.24651978456463333,scr1982,avaConv,offshore
lv,h1925,0.2122518737290117,scr1982,avaConv,offshore
lv,h1926,0.2042492307195599,scr1982,avaConv,offshore
lv,h1927,0.20778709665753015,scr1982,avaConv,offshore
lv,h1928,0.2160385416361193,scr1982,avaConv,offshore
lv,h1929,0.21703560001772912,scr1982,avaConv,offshore
lv,h1930,0.21521425840483224,scr1982,avaConv,offshore
lv,h1931,0.21886301721955717,scr1982,avaConv,offshore
lv,h1932,0.2638949383536287,scr1982,avaConv,offshore
lv,h1933,0.35946155171832433,scr1982,avaConv,offshore
lv,h1934,0.4719575272037173,scr1982,avaConv,offshore
lv,h1935,0.5555375617277393,scr1982,avaConv,offshore
lv,h1936,0.5956024164664081,scr1982,avaConv,offshore
lv,h1937,0.6181189063389048,scr1982,avaConv,offshore
lv,h1938,0.6400741871299619,scr1982,avaConv,offshore
lv,h1939,0.6563327909811023,scr1982,avaConv,offshore
lv,h1940,0.6713556363530554,scr1982,avaConv,offshore
lv,h1941,0.6927171823882651,scr1982,avaConv,offshore
lv,h1942,0.7391441705864983,scr1982,avaConv,offshore
lv,h1943,0.7710228920985924,scr1982,avaConv,offshore
lv,h1944,0.7741941060872348,scr1982,avaConv,offshore
lv,h1945,0.7337738994137996,scr1982,avaConv,offshore
lv,h1946,0.6928398546337374,scr1982,avaConv,offshore
lv,h1947,0.6463488924329989,scr1982,avaConv,offshore
lv,h1948,0.6096412749848008,scr1982,avaConv,offshore
lv,h1949,0.5599569764109722,scr1982,avaConv,offshore
lv,h1950,0.5174571186983445,scr1982,avaConv,offshore
lv,h1951,0.48712913072300745,scr1982,avaConv,offshore
lv,h1952,0.4945405510242696,scr1982,avaConv,offshore
lv,h1953,0.5307657040357808,scr1982,avaConv,offshore
lv,h1954,0.5760472771212293,scr1982,avaConv,offshore
lv,h1955,0.6225934918547522,scr1982,avaConv,offshore
lv,h1956,0.6470345877797731,scr1982,avaConv,offshore
lv,h1957,0.6551135632566328,scr1982,avaConv,offshore
lv,h1958,0.6472570451723296,scr1982,avaConv,offshore
lv,h1959,0.6418737973359595,scr1982,avaConv,offshore
lv,h1960,0.6378488955853967,scr1982,avaConv,offshore
lv,h1961,0.6398320426088907,scr1982,avaConv,offshore
lv,h1962,0.6338836394931058,scr1982,avaConv,offshore
lv,h1963,0.6154538785578524,scr1982,avaConv,offshore
lv,h1964,0.591748919556776,scr1982,avaConv,offshore
lv,h1965,0.5778648698790289,scr1982,avaConv,offshore
lv,h1966,0.5729929059239073,scr1982,avaConv,offshore
lv,h1967,0.6061213706037852,scr1982,avaConv,offshore
lv,h1968,0.6102056412575305,scr1982,avaConv,offshore
lv,h1969,0.5869579070396587,scr1982,avaConv,offshore
lv,h1970,0.509698449147457,scr1982,avaConv,offshore
lv,h1971,0.456929998684865,scr1982,avaConv,offshore
lv,h1972,0.42448203702619525,scr1982,avaConv,offshore
lv,h1973,0.38885570784750567,scr1982,avaConv,offshore
lv,h1974,0.3619305904118297,scr1982,avaConv,offshore
lv,h1975,0.36590084636018927,scr1982,avaConv,offshore
lv,h1976,0.4073757010936869,scr1982,avaConv,offshore
lv,h1977,0.4506744412265467,scr1982,avaConv,offshore
lv,h1978,0.49690357883614417,scr1982,avaConv,offshore
lv,h1979,0.5091470022916643,scr1982,avaConv,offshore
lv,h1980,0.5395939654883843,scr1982,avaConv,offshore
lv,h1981,0.5812109740395828,scr1982,avaConv,offshore
lv,h1982,0.6555342663501849,scr1982,avaConv,offshore
lv,h1983,0.7203690475544459,scr1982,avaConv,offshore
lv,h1984,0.7732861360392025,scr1982,avaConv,offshore
lv,h1985,0.8287896596107633,scr1982,avaConv,offshore
lv,h1986,0.8755591542988945,scr1982,avaConv,offshore
lv,h1987,0.8993787221590223,scr1982,avaConv,offshore
lv,h1988,0.8915977566165563,scr1982,avaConv,offshore
lv,h1989,0.8722539954807461,scr1982,avaConv,offshore
lv,h1990,0.8661340291415203,scr1982,avaConv,offshore
lv,h1991,0.839911809733994,scr1982,avaConv,offshore
lv,h1992,0.7873663645496285,scr1982,avaConv,offshore
lv,h1993,0.7067370071806032,scr1982,avaConv,offshore
lv,h1994,0.6394955243359699,scr1982,avaConv,offshore
lv,h1995,0.5860329627023018,scr1982,avaConv,offshore
lv,h1996,0.5276517419879705,scr1982,avaConv,offshore
lv,h1997,0.46334115036565443,scr1982,avaConv,offshore
lv,h1998,0.42151664551194007,scr1982,avaConv,offshore
lv,h1999,0.4159871143631435,scr1982,avaConv,offshore
lv,h2000,0.43596617939952775,scr1982,avaConv,offshore
lv,h2001,0.4316352053605785,scr1982,avaConv,offshore
lv,h2002,0.4025431906552878,scr1982,avaConv,offshore
lv,h2003,0.36032504447844665,scr1982,avaConv,offshore
lv,h2004,0.3255114779974263,scr1982,avaConv,offshore
lv,h2005,0.2974169825369469,scr1982,avaConv,offshore
lv,h2006,0.28974381474753813,scr1982,avaConv,offshore
lv,h2007,0.30316740218399807,scr1982,avaConv,offshore
lv,h2008,0.3387375879212745,scr1982,avaConv,offshore
lv,h2009,0.3831597740428096,scr1982,avaConv,offshore
lv,h2010,0.4119016267711409,scr1982,avaConv,offshore
lv,h2011,0.43089550074034144,scr1982,avaConv,offshore
lv,h2012,0.45601732860230443,scr1982,avaConv,offshore
lv,h2013,0.528201241037578,scr1982,avaConv,offshore
lv,h2014,0.630324445738573,scr1982,avaConv,offshore
lv,h2015,0.7329987583305905,scr1982,avaConv,offshore
lv,h2016,0.8146013864208074,scr1982,avaConv,offshore
lv,h2017,0.631397400564553,scr1982,avaConv,offshore
lv,h2018,0.39658569237685914,scr1982,avaConv,offshore
lv,h2019,0.07753341724786951,scr1982,avaConv,offshore
lv,h2020,0.04568469319264099,scr1982,avaConv,offshore
lv,h2021,0.02373190943140938,scr1982,avaConv,offshore
lv,h2022,0.017212705551085377,scr1982,avaConv,offshore
lv,h2023,0.018647734913806575,scr1982,avaConv,offshore
lv,h2024,0.02696483739828557,scr1982,avaConv,offshore
lv,h2025,0.042001218338247784,scr1982,avaConv,offshore
lv,h2026,0.05737140216196393,scr1982,avaConv,offshore
lv,h2027,0.08323219254144305,scr1982,avaConv,offshore
lv,h2028,0.10737744107433574,scr1982,avaConv,offshore
lv,h2029,0.13010603015778102,scr1982,avaConv,offshore
lv,h2030,0.13354013860861325,scr1982,avaConv,offshore
lv,h2031,0.12526787398211536,scr1982,avaConv,offshore
lv,h2032,0.11239562272770176,scr1982,avaConv,offshore
lv,h2033,0.10959550751401205,scr1982,avaConv,offshore
lv,h2034,0.12480747987893098,scr1982,avaConv,offshore
lv,h2035,0.16025353477060544,scr1982,avaConv,offshore
lv,h2036,0.20017941355713204,scr1982,avaConv,offshore
lv,h2037,0.23496300910461085,scr1982,avaConv,offshore
lv,h2038,0.2590058219056684,scr1982,avaConv,offshore
lv,h2039,0.2775003082410214,scr1982,avaConv,offshore
lv,h2040,0.29889558295835383,scr1982,avaConv,offshore
lv,h2041,0.324311108748427,scr1982,avaConv,offshore
lv,h2042,0.3673934235947999,scr1982,avaConv,offshore
lv,h2043,0.42406767496634085,scr1982,avaConv,offshore
lv,h2044,0.502656037157052,scr1982,avaConv,offshore
lv,h2045,0.5775496480575211,scr1982,avaConv,offshore
lv,h2046,0.6608610437649324,scr1982,avaConv,offshore
lv,h2047,0.742191002210099,scr1982,avaConv,offshore
lv,h2048,0.8188465328209609,scr1982,avaConv,offshore
lv,h2049,0.8698641494641323,scr1982,avaConv,offshore
lv,h2050,0.898610525690485,scr1982,avaConv,offshore
lv,h2051,0.917917597723066,scr1982,avaConv,offshore
lv,h2052,0.9302317892394529,scr1982,avaConv,offshore
lv,h2053,0.9315383317808374,scr1982,avaConv,offshore
lv,h2054,0.9266590663876756,scr1982,avaConv,offshore
lv,h2055,0.9267478442078473,scr1982,avaConv,offshore
lv,h2056,0.9323070869560904,scr1982,avaConv,offshore
lv,h2057,0.937350530947883,scr1982,avaConv,offshore
lv,h2058,0.9355246508356999,scr1982,avaConv,offshore
lv,h2059,0.9260145464839958,scr1982,avaConv,offshore
lv,h2060,0.9106072016079276,scr1982,avaConv,offshore
lv,h2061,0.8872303619643017,scr1982,avaConv,offshore
lv,h2062,0.8417065981091344,scr1982,avaConv,offshore
lv,h2063,0.7587307968691115,scr1982,avaConv,offshore
lv,h2064,0.6979017499315155,scr1982,avaConv,offshore
lv,h2065,0.6840733898399036,scr1982,avaConv,offshore
lv,h2066,0.6962403989307794,scr1982,avaConv,offshore
lv,h2067,0.6699533993062066,scr1982,avaConv,offshore
lv,h2068,0.6195762121544864,scr1982,avaConv,offshore
lv,h2069,0.5608143318795925,scr1982,avaConv,offshore
lv,h2070,0.5010053446263032,scr1982,avaConv,offshore
lv,h2071,0.4164534857815308,scr1982,avaConv,offshore
lv,h2072,0.34477514808485504,scr1982,avaConv,offshore
lv,h2073,0.301893272976505,scr1982,avaConv,offshore
lv,h2074,0.27849112657618724,scr1982,avaConv,offshore
lv,h2075,0.2623053627237211,scr1982,avaConv,offshore
lv,h2076,0.23138624788430312,scr1982,avaConv,offshore
lv,h2077,0.18257896011873867,scr1982,avaConv,offshore
lv,h2078,0.12006401090002052,scr1982,avaConv,offshore
lv,h2079,0.062323769070825145,scr1982,avaConv,offshore
lv,h2080,0.03569179371476591,scr1982,avaConv,offshore
lv,h2081,0.03720621155096723,scr1982,avaConv,offshore
lv,h2082,0.04549699032718199,scr1982,avaConv,offshore
lv,h2083,0.0589689817112343,scr1982,avaConv,offshore
lv,h2084,0.07957702188079989,scr1982,avaConv,offshore
lv,h2085,0.10629034631186887,scr1982,avaConv,offshore
lv,h2086,0.1499439625810581,scr1982,avaConv,offshore
lv,h2087,0.20722119019121576,scr1982,avaConv,offshore
lv,h2088,0.2653992552967052,scr1982,avaConv,offshore
lv,h2089,0.3152446052953501,scr1982,avaConv,offshore
lv,h2090,0.3646442157615945,scr1982,avaConv,offshore
lv,h2091,0.4189135226128965,scr1982,avaConv,offshore
lv,h2092,0.45572031671965124,scr1982,avaConv,offshore
lv,h2093,0.4590727447586561,scr1982,avaConv,offshore
lv,h2094,0.4508379253882572,scr1982,avaConv,offshore
lv,h2095,0.47840760023575357,scr1982,avaConv,offshore
lv,h2096,0.5303934847883882,scr1982,avaConv,offshore
lv,h2097,0.5749110770657614,scr1982,avaConv,offshore
lv,h2098,0.5839756062340199,scr1982,avaConv,offshore
lv,h2099,0.5363093371546445,scr1982,avaConv,offshore
lv,h2100,0.47674962388065767,scr1982,avaConv,offshore
lv,h2101,0.4199429331348368,scr1982,avaConv,offshore
lv,h2102,0.3984270517173348,scr1982,avaConv,offshore
lv,h2103,0.3812077098559186,scr1982,avaConv,offshore
lv,h2104,0.37422415854310603,scr1982,avaConv,offshore
lv,h2105,0.35465058129097854,scr1982,avaConv,offshore
lv,h2106,0.3246694918553877,scr1982,avaConv,offshore
lv,h2107,0.3004959834292061,scr1982,avaConv,offshore
lv,h2108,0.3434777006035285,scr1982,avaConv,offshore
lv,h2109,0.4174483606604573,scr1982,avaConv,offshore
lv,h2110,0.469890405671407,scr1982,avaConv,offshore
lv,h2111,0.5013110513692395,scr1982,avaConv,offshore
lv,h2112,0.5169134275117181,scr1982,avaConv,offshore
lv,h2113,0.5048389988610554,scr1982,avaConv,offshore
lv,h2114,0.4214534595515683,scr1982,avaConv,offshore
lv,h2115,0.30483547465628613,scr1982,avaConv,offshore
lv,h2116,0.19806337530549034,scr1982,avaConv,offshore
lv,h2117,0.12606773714536043,scr1982,avaConv,offshore
lv,h2118,0.07493932490685014,scr1982,avaConv,offshore
lv,h2119,0.03492853830895876,scr1982,avaConv,offshore
lv,h2120,0.012714717413607156,scr1982,avaConv,offshore
lv,h2121,0.0051557597673671015,scr1982,avaConv,offshore
lv,h2122,0.003055055424792192,scr1982,avaConv,offshore
lv,h2123,0.02260092637475883,scr1982,avaConv,offshore
lv,h2124,0.07280834723556938,scr1982,avaConv,offshore
lv,h2125,0.1656435166008119,scr1982,avaConv,offshore
lv,h2126,0.2887815116597358,scr1982,avaConv,offshore
lv,h2127,0.4138854436321567,scr1982,avaConv,offshore
lv,h2128,0.5079006835308386,scr1982,avaConv,offshore
lv,h2129,0.5682208096701281,scr1982,avaConv,offshore
lv,h2130,0.5891099741780134,scr1982,avaConv,offshore
lv,h2131,0.6022624073284633,scr1982,avaConv,offshore
lv,h2132,0.6229666132525294,scr1982,avaConv,offshore
lv,h2133,0.6703696872073395,scr1982,avaConv,offshore
lv,h2134,0.7220684389288816,scr1982,avaConv,offshore
lv,h2135,0.797387636379727,scr1982,avaConv,offshore
lv,h2136,0.8547707363356923,scr1982,avaConv,offshore
lv,h2137,0.884245847846953,scr1982,avaConv,offshore
lv,h2138,0.8497815943894805,scr1982,avaConv,offshore
lv,h2139,0.7840276168830709,scr1982,avaConv,offshore
lv,h2140,0.7230847754850417,scr1982,avaConv,offshore
lv,h2141,0.6862617512242816,scr1982,avaConv,offshore
lv,h2142,0.675335175499258,scr1982,avaConv,offshore
lv,h2143,0.666757250035862,scr1982,avaConv,offshore
lv,h2144,0.652370316712651,scr1982,avaConv,offshore
lv,h2145,0.6389113479571858,scr1982,avaConv,offshore
lv,h2146,0.6153731473647709,scr1982,avaConv,offshore
lv,h2147,0.5718433305795502,scr1982,avaConv,offshore
lv,h2148,0.5409973528366783,scr1982,avaConv,offshore
lv,h2149,0.553140153473339,scr1982,avaConv,offshore
lv,h2150,0.6138109568944885,scr1982,avaConv,offshore
lv,h2151,0.6882211899807602,scr1982,avaConv,offshore
lv,h2152,0.751009453360828,scr1982,avaConv,offshore
lv,h2153,0.8051317839082619,scr1982,avaConv,offshore
lv,h2154,0.8474217653008451,scr1982,avaConv,offshore
lv,h2155,0.8848587725907311,scr1982,avaConv,offshore
lv,h2156,0.908263031033549,scr1982,avaConv,offshore
lv,h2157,0.919626980609599,scr1982,avaConv,offshore
lv,h2158,0.9257608611863983,scr1982,avaConv,offshore
lv,h2159,0.929756138824395,scr1982,avaConv,offshore
lv,h2160,0.9308567793269196,scr1982,avaConv,offshore
me,h1441,0.16855888484569487,scr1982,avaConv,offshore
me,h1442,0.12859135115073125,scr1982,avaConv,offshore
me,h1443,0.08027721850396209,scr1982,avaConv,offshore
me,h1444,0.036002314404788995,scr1982,avaConv,offshore
me,h1445,0.00929613996626359,scr1982,avaConv,offshore
me,h1446,0.000716418466768952,scr1982,avaConv,offshore
me,h1447,0.0006182175584615497,scr1982,avaConv,offshore
me,h1448,0.002050399140271195,scr1982,avaConv,offshore
me,h1449,0.002909972515186979,scr1982,avaConv,offshore
me,h1450,0.002269066235922427,scr1982,avaConv,offshore
me,h1451,0.000783327803598547,scr1982,avaConv,offshore
me,h1452,0.0,scr1982,avaConv,offshore
me,h1453,0.0,scr1982,avaConv,offshore
me,h1454,0.0007007146984882087,scr1982,avaConv,offshore
me,h1455,0.003900965300465383,scr1982,avaConv,offshore
me,h1456,0.012255640139432871,scr1982,avaConv,offshore
me,h1457,0.025666434250555585,scr1982,avaConv,offshore
me,h1458,0.04590802276766856,scr1982,avaConv,offshore
me,h1459,0.06154078958683132,scr1982,avaConv,offshore
me,h1460,0.06550626150155699,scr1982,avaConv,offshore
me,h1461,0.05138573262398304,scr1982,avaConv,offshore
me,h1462,0.030129702956567007,scr1982,avaConv,offshore
me,h1463,0.01209614539735925,scr1982,avaConv,offshore
me,h1464,0.0026876160417228937,scr1982,avaConv,offshore
me,h1465,0.00011667753959350307,scr1982,avaConv,offshore
me,h1466,0.0,scr1982,avaConv,offshore
me,h1467,0.0,scr1982,avaConv,offshore
me,h1468,0.0,scr1982,avaConv,offshore
me,h1469,0.0,scr1982,avaConv,offshore
me,h1470,0.0,scr1982,avaConv,offshore
me,h1471,0.0,scr1982,avaConv,offshore
me,h1472,0.0,scr1982,avaConv,offshore
me,h1473,0.0,scr1982,avaConv,offshore
me,h1474,0.0010262944558065807,scr1982,avaConv,offshore
me,h1475,0.0037750248879438535,scr1982,avaConv,offshore
me,h1476,0.010798384812238937,scr1982,avaConv,offshore
me,h1477,0.022285485633115696,scr1982,avaConv,offshore
me,h1478,0.03874785880263001,scr1982,avaConv,offshore
me,h1479,0.05003026344958933,scr1982,avaConv,offshore
me,h1480,0.06857501457714556,scr1982,avaConv,offshore
me,h1481,0.11679221903228586,scr1982,avaConv,offshore
me,h1482,0.21309685884328902,scr1982,avaConv,offshore
me,h1483,0.3240329427832928,scr1982,avaConv,offshore
me,h1484,0.3836164549053854,scr1982,avaConv,offshore
me,h1485,0.37770566595108035,scr1982,avaConv,offshore
me,h1486,0.3401584029136772,scr1982,avaConv,offshore
me,h1487,0.291834792383396,scr1982,avaConv,offshore
me,h1488,0.2691136045936722,scr1982,avaConv,offshore
me,h1489,0.26098228632476017,scr1982,avaConv,offshore
me,h1490,0.28300331785232763,scr1982,avaConv,offshore
me,h1491,0.3127431415366572,scr1982,avaConv,offshore
me,h1492,0.33710449993378244,scr1982,avaConv,offshore
me,h1493,0.36595628058048546,scr1982,avaConv,offshore
me,h1494,0.3920530972443405,scr1982,avaConv,offshore
me,h1495,0.40621521009057815,scr1982,avaConv,offshore
me,h1496,0.3610054372328787,scr1982,avaConv,offshore
me,h1497,0.2831679475666016,scr1982,avaConv,offshore
me,h1498,0.21500301481013628,scr1982,avaConv,offshore
me,h1499,0.17234260021512832,scr1982,avaConv,offshore
me,h1500,0.15264812086124604,scr1982,avaConv,offshore
me,h1501,0.12817360119158658,scr1982,avaConv,offshore
me,h1502,0.1122269355316439,scr1982,avaConv,offshore
me,h1503,0.09278534629665326,scr1982,avaConv,offshore
me,h1504,0.0929281053987639,scr1982,avaConv,offshore
me,h1505,0.12892403773922792,scr1982,avaConv,offshore
me,h1506,0.1765609688648791,scr1982,avaConv,offshore
me,h1507,0.1979692808469976,scr1982,avaConv,offshore
me,h1508,0.21237151270845633,scr1982,avaConv,offshore
me,h1509,0.2577785797213526,scr1982,avaConv,offshore
me,h1510,0.3313967705527699,scr1982,avaConv,offshore
me,h1511,0.39548612088524226,scr1982,avaConv,offshore
me,h1512,0.3905604384090503,scr1982,avaConv,offshore
me,h1513,0.3548874849921435,scr1982,avaConv,offshore
me,h1514,0.28448501566791035,scr1982,avaConv,offshore
me,h1515,0.22579156263628472,scr1982,avaConv,offshore
me,h1516,0.1798737945663203,scr1982,avaConv,offshore
me,h1517,0.15698801303798593,scr1982,avaConv,offshore
me,h1518,0.14707054794443716,scr1982,avaConv,offshore
me,h1519,0.14045734796807188,scr1982,avaConv,offshore
me,h1520,0.12912345239810866,scr1982,avaConv,offshore
me,h1521,0.1137025873355512,scr1982,avaConv,offshore
me,h1522,0.09459665953231867,scr1982,avaConv,offshore
me,h1523,0.07264141227140679,scr1982,avaConv,offshore
me,h1524,0.05207644812833026,scr1982,avaConv,offshore
me,h1525,0.032441253050745855,scr1982,avaConv,offshore
me,h1526,0.023559254630806103,scr1982,avaConv,offshore
me,h1527,0.03742409475581209,scr1982,avaConv,offshore
me,h1528,0.09990516326462494,scr1982,avaConv,offshore
me,h1529,0.22026471299602865,scr1982,avaConv,offshore
me,h1530,0.3884727945832571,scr1982,avaConv,offshore
me,h1531,0.542287513705485,scr1982,avaConv,offshore
me,h1532,0.620474529873644,scr1982,avaConv,offshore
me,h1533,0.5952843633068866,scr1982,avaConv,offshore
me,h1534,0.4810524122255219,scr1982,avaConv,offshore
me,h1535,0.3243978872294866,scr1982,avaConv,offshore
me,h1536,0.17643010916101237,scr1982,avaConv,offshore
me,h1537,0.09381001855024527,scr1982,avaConv,offshore
me,h1538,0.06707507474661988,scr1982,avaConv,offshore
me,h1539,0.06298733561121683,scr1982,avaConv,offshore
me,h1540,0.05375144824289515,scr1982,avaConv,offshore
me,h1541,0.04165740166218881,scr1982,avaConv,offshore
me,h1542,0.03336379181555386,scr1982,avaConv,offshore
me,h1543,0.02500965456721488,scr1982,avaConv,offshore
me,h1544,0.016989199926221808,scr1982,avaConv,offshore
me,h1545,0.009843223268554432,scr1982,avaConv,offshore
me,h1546,0.004549065478757641,scr1982,avaConv,offshore
me,h1547,0.0018430992090411272,scr1982,avaConv,offshore
me,h1548,0.0005155612093100972,scr1982,avaConv,offshore
me,h1549,0.00029333829021886644,scr1982,avaConv,offshore
me,h1550,0.0033506435614137284,scr1982,avaConv,offshore
me,h1551,0.01397999411228527,scr1982,avaConv,offshore
me,h1552,0.03743134280162327,scr1982,avaConv,offshore
me,h1553,0.0791201102959209,scr1982,avaConv,offshore
me,h1554,0.1364531136541611,scr1982,avaConv,offshore
me,h1555,0.18999208921974417,scr1982,avaConv,offshore
me,h1556,0.21621229889626112,scr1982,avaConv,offshore
me,h1557,0.21115104080198843,scr1982,avaConv,offshore
me,h1558,0.18538029598430908,scr1982,avaConv,offshore
me,h1559,0.15559123346847573,scr1982,avaConv,offshore
me,h1560,0.11268607224051858,scr1982,avaConv,offshore
me,h1561,0.07020674798414224,scr1982,avaConv,offshore
me,h1562,0.03436487145489347,scr1982,avaConv,offshore
me,h1563,0.02080560942806544,scr1982,avaConv,offshore
me,h1564,0.02382206672926374,scr1982,avaConv,offshore
me,h1565,0.029946662712550035,scr1982,avaConv,offshore
me,h1566,0.028691868219690917,scr1982,avaConv,offshore
me,h1567,0.016570073927222397,scr1982,avaConv,offshore
me,h1568,0.005685065919093007,scr1982,avaConv,offshore
me,h1569,0.0005959064610729111,scr1982,avaConv,offshore
me,h1570,0.0,scr1982,avaConv,offshore
me,h1571,0.0,scr1982,avaConv,offshore
me,h1572,0.0,scr1982,avaConv,offshore
me,h1573,0.0006873446835905662,scr1982,avaConv,offshore
me,h1574,0.008169064946347443,scr1982,avaConv,offshore
me,h1575,0.025310788167420505,scr1982,avaConv,offshore
me,h1576,0.043520675531254896,scr1982,avaConv,offshore
me,h1577,0.0469678732586542,scr1982,avaConv,offshore
me,h1578,0.03865400745855804,scr1982,avaConv,offshore
me,h1579,0.026646396463371583,scr1982,avaConv,offshore
me,h1580,0.01568673128997037,scr1982,avaConv,offshore
me,h1581,0.007171593954647965,scr1982,avaConv,offshore
me,h1582,0.002644864981880968,scr1982,avaConv,offshore
me,h1583,0.0012980364762264262,scr1982,avaConv,offshore
me,h1584,0.0017291396088473833,scr1982,avaConv,offshore
me,h1585,0.009474871151991622,scr1982,avaConv,offshore
me,h1586,0.028557181882107124,scr1982,avaConv,offshore
me,h1587,0.05114911286192408,scr1982,avaConv,offshore
me,h1588,0.06609063094348464,scr1982,avaConv,offshore
me,h1589,0.06959185484155227,scr1982,avaConv,offshore
me,h1590,0.059286501911528754,scr1982,avaConv,offshore
me,h1591,0.03584070296465711,scr1982,avaConv,offshore
me,h1592,0.013003662693972465,scr1982,avaConv,offshore
me,h1593,0.0035956715782184496,scr1982,avaConv,offshore
me,h1594,0.0071492084659619546,scr1982,avaConv,offshore
me,h1595,0.013865858471496278,scr1982,avaConv,offshore
me,h1596,0.02175992472486833,scr1982,avaConv,offshore
me,h1597,0.02412817665730162,scr1982,avaConv,offshore
me,h1598,0.029490069708074135,scr1982,avaConv,offshore
me,h1599,0.03185441711251544,scr1982,avaConv,offshore
me,h1600,0.031704153343318886,scr1982,avaConv,offshore
me,h1601,0.02805446698683289,scr1982,avaConv,offshore
me,h1602,0.02514332568197508,scr1982,avaConv,offshore
me,h1603,0.019206027950260784,scr1982,avaConv,offshore
me,h1604,0.011303901225842294,scr1982,avaConv,offshore
me,h1605,0.002930709588128705,scr1982,avaConv,offshore
me,h1606,0.0004026571915476003,scr1982,avaConv,offshore
me,h1607,0.0,scr1982,avaConv,offshore
me,h1608,0.0,scr1982,avaConv,offshore
me,h1609,0.0,scr1982,avaConv,offshore
me,h1610,0.0005301393220887049,scr1982,avaConv,offshore
me,h1611,0.0013744792929411141,scr1982,avaConv,offshore
me,h1612,0.0020875563388858937,scr1982,avaConv,offshore
me,h1613,0.0016977553595420444,scr1982,avaConv,offshore
me,h1614,0.0008130999266876591,scr1982,avaConv,offshore
me,h1615,0.00014133905550189058,scr1982,avaConv,offshore
me,h1616,0.0,scr1982,avaConv,offshore
me,h1617,0.0,scr1982,avaConv,offshore
me,h1618,0.001890115993619414,scr1982,avaConv,offshore
me,h1619,0.00233342893045603,scr1982,avaConv,offshore
me,h1620,0.002797603397540204,scr1982,avaConv,offshore
me,h1621,0.0008166296556438793,scr1982,avaConv,offshore
me,h1622,0.00045165552549270764,scr1982,avaConv,offshore
me,h1623,0.0,scr1982,avaConv,offshore
me,h1624,0.0,scr1982,avaConv,offshore
me,h1625,0.0,scr1982,avaConv,offshore
me,h1626,0.0,scr1982,avaConv,offshore
me,h1627,0.0,scr1982,avaConv,offshore
me,h1628,0.0,scr1982,avaConv,offshore
me,h1629,0.0,scr1982,avaConv,offshore
me,h1630,0.0,scr1982,avaConv,offshore
me,h1631,0.0,scr1982,avaConv,offshore
me,h1632,0.0,scr1982,avaConv,offshore
me,h1633,0.0,scr1982,avaConv,offshore
me,h1634,0.0,scr1982,avaConv,offshore
me,h1635,0.0,scr1982,avaConv,offshore
me,h1636,0.0,scr1982,avaConv,offshore
me,h1637,0.0,scr1982,avaConv,offshore
me,h1638,0.0,scr1982,avaConv,offshore
me,h1639,0.0,scr1982,avaConv,offshore
me,h1640,0.0007621095114099304,scr1982,avaConv,offshore
me,h1641,0.0017279565714516164,scr1982,avaConv,offshore
me,h1642,0.0022347447253959086,scr1982,avaConv,offshore
me,h1643,0.002273816020572141,scr1982,avaConv,offshore
me,h1644,0.001908269796709869,scr1982,avaConv,offshore
me,h1645,0.0013756785900513701,scr1982,avaConv,offshore
me,h1646,0.0004533477321202963,scr1982,avaConv,offshore
me,h1647,0.0,scr1982,avaConv,offshore
me,h1648,0.0,scr1982,avaConv,offshore
me,h1649,0.0,scr1982,avaConv,offshore
me,h1650,0.0,scr1982,avaConv,offshore
me,h1651,0.0,scr1982,avaConv,offshore
me,h1652,0.0,scr1982,avaConv,offshore
me,h1653,0.00011739525871274727,scr1982,avaConv,offshore
me,h1654,0.00020133495403777012,scr1982,avaConv,offshore
me,h1655,0.0004963924669997017,scr1982,avaConv,offshore
me,h1656,0.0004604785505625801,scr1982,avaConv,offshore
me,h1657,0.0003626321183394539,scr1982,avaConv,offshore
me,h1658,0.0,scr1982,avaConv,offshore
me,h1659,0.0,scr1982,avaConv,offshore
me,h1660,0.0,scr1982,avaConv,offshore
me,h1661,0.0,scr1982,avaConv,offshore
me,h1662,0.0,scr1982,avaConv,offshore
me,h1663,0.0,scr1982,avaConv,offshore
me,h1664,0.0,scr1982,avaConv,offshore
me,h1665,0.0,scr1982,avaConv,offshore
me,h1666,0.0,scr1982,avaConv,offshore
me,h1667,0.0,scr1982,avaConv,offshore
me,h1668,0.0,scr1982,avaConv,offshore
me,h1669,0.0,scr1982,avaConv,offshore
me,h1670,0.0,scr1982,avaConv,offshore
me,h1671,0.00028633289080438163,scr1982,avaConv,offshore
me,h1672,0.0005800819225430508,scr1982,avaConv,offshore
me,h1673,0.0013463616959362443,scr1982,avaConv,offshore
me,h1674,0.0027563569594861483,scr1982,avaConv,offshore
me,h1675,0.005039665701327609,scr1982,avaConv,offshore
me,h1676,0.007316590581897266,scr1982,avaConv,offshore
me,h1677,0.006318556269812005,scr1982,avaConv,offshore
me,h1678,0.003515131162387487,scr1982,avaConv,offshore
me,h1679,0.000758455503505068,scr1982,avaConv,offshore
me,h1680,0.0,scr1982,avaConv,offshore
me,h1681,0.08128711495438383,scr1982,avaConv,offshore
me,h1682,0.16318084211625014,scr1982,avaConv,offshore
me,h1683,0.2364624630314453,scr1982,avaConv,offshore
me,h1684,0.18046656774547243,scr1982,avaConv,offshore
me,h1685,0.1332299956614559,scr1982,avaConv,offshore
me,h1686,0.09488377294218397,scr1982,avaConv,offshore
me,h1687,0.07052936482547667,scr1982,avaConv,offshore
me,h1688,0.05508221948027687,scr1982,avaConv,offshore
me,h1689,0.041599971787052,scr1982,avaConv,offshore
me,h1690,0.02637547496811886,scr1982,avaConv,offshore
me,h1691,0.016856020062493062,scr1982,avaConv,offshore
me,h1692,0.013387212195760893,scr1982,avaConv,offshore
me,h1693,0.01483575977245007,scr1982,avaConv,offshore
me,h1694,0.014884449748738088,scr1982,avaConv,offshore
me,h1695,0.01738366318255025,scr1982,avaConv,offshore
me,h1696,0.026338124991721893,scr1982,avaConv,offshore
me,h1697,0.046725513008888095,scr1982,avaConv,offshore
me,h1698,0.07143345416712166,scr1982,avaConv,offshore
me,h1699,0.08654935765573445,scr1982,avaConv,offshore
me,h1700,0.08654061715633388,scr1982,avaConv,offshore
me,h1701,0.07250838458630549,scr1982,avaConv,offshore
me,h1702,0.0511743316095862,scr1982,avaConv,offshore
me,h1703,0.025956545442791495,scr1982,avaConv,offshore
me,h1704,0.008075814343558,scr1982,avaConv,offshore
me,h1705,0.000496431170115701,scr1982,avaConv,offshore
me,h1706,0.0,scr1982,avaConv,offshore
me,h1707,0.0,scr1982,avaConv,offshore
me,h1708,0.0,scr1982,avaConv,offshore
me,h1709,0.0,scr1982,avaConv,offshore
me,h1710,0.0,scr1982,avaConv,offshore
me,h1711,0.0,scr1982,avaConv,offshore
me,h1712,0.0003204715888872087,scr1982,avaConv,offshore
me,h1713,0.0007504216960508918,scr1982,avaConv,offshore
me,h1714,0.0018414868726031777,scr1982,avaConv,offshore
me,h1715,0.006529960402677343,scr1982,avaConv,offshore
me,h1716,0.02012575342926327,scr1982,avaConv,offshore
me,h1717,0.04444553722070678,scr1982,avaConv,offshore
me,h1718,0.07007832897831745,scr1982,avaConv,offshore
me,h1719,0.09346114998892677,scr1982,avaConv,offshore
me,h1720,0.12412384454858187,scr1982,avaConv,offshore
me,h1721,0.19045000265074047,scr1982,avaConv,offshore
me,h1722,0.3285611093743436,scr1982,avaConv,offshore
me,h1723,0.5311280857131667,scr1982,avaConv,offshore
me,h1724,0.7219267965325983,scr1982,avaConv,offshore
me,h1725,0.8098522520695348,scr1982,avaConv,offshore
me,h1726,0.7182774567610188,scr1982,avaConv,offshore
me,h1727,0.5320956228441481,scr1982,avaConv,offshore
me,h1728,0.4413787473119779,scr1982,avaConv,offshore
me,h1729,0.5171198903698724,scr1982,avaConv,offshore
me,h1730,0.6988308677307004,scr1982,avaConv,offshore
me,h1731,0.8228214000763838,scr1982,avaConv,offshore
me,h1732,0.8563356333703948,scr1982,avaConv,offshore
me,h1733,0.8570366509915054,scr1982,avaConv,offshore
me,h1734,0.8498412772076889,scr1982,avaConv,offshore
me,h1735,0.8428377179056887,scr1982,avaConv,offshore
me,h1736,0.8167308169492365,scr1982,avaConv,offshore
me,h1737,0.7715942830883221,scr1982,avaConv,offshore
me,h1738,0.7375552221136586,scr1982,avaConv,offshore
me,h1739,0.7307009833194158,scr1982,avaConv,offshore
me,h1740,0.7316256626721613,scr1982,avaConv,offshore
me,h1741,0.7399286657010168,scr1982,avaConv,offshore
me,h1742,0.7474468036849287,scr1982,avaConv,offshore
me,h1743,0.7690323011246244,scr1982,avaConv,offshore
me,h1744,0.7795643767438443,scr1982,avaConv,offshore
me,h1745,0.7763593096348675,scr1982,avaConv,offshore
me,h1746,0.7430709088220927,scr1982,avaConv,offshore
me,h1747,0.6744830894986275,scr1982,avaConv,offshore
me,h1748,0.5728391719133799,scr1982,avaConv,offshore
me,h1749,0.46224256224144805,scr1982,avaConv,offshore
me,h1750,0.3530363230852586,scr1982,avaConv,offshore
me,h1751,0.2690191530257391,scr1982,avaConv,offshore
me,h1752,0.18306052435687734,scr1982,avaConv,offshore
me,h1753,0.11399199826455879,scr1982,avaConv,offshore
me,h1754,0.05662926457947439,scr1982,avaConv,offshore
me,h1755,0.029288084599728047,scr1982,avaConv,offshore
me,h1756,0.016965206051358334,scr1982,avaConv,offshore
me,h1757,0.009419000082020575,scr1982,avaConv,offshore
me,h1758,0.00496269333768511,scr1982,avaConv,offshore
me,h1759,0.0020364085102803162,scr1982,avaConv,offshore
me,h1760,0.0006415323351318337,scr1982,avaConv,offshore
me,h1761,0.0,scr1982,avaConv,offshore
me,h1762,0.0,scr1982,avaConv,offshore
me,h1763,0.0,scr1982,avaConv,offshore
me,h1764,0.0,scr1982,avaConv,offshore
me,h1765,0.0,scr1982,avaConv,offshore
me,h1766,0.0,scr1982,avaConv,offshore
me,h1767,0.0011548249367501328,scr1982,avaConv,offshore
me,h1768,0.006682244203832442,scr1982,avaConv,offshore
me,h1769,0.024968944215106422,scr1982,avaConv,offshore
me,h1770,0.05856088156467708,scr1982,avaConv,offshore
me,h1771,0.09852606694076851,scr1982,avaConv,offshore
me,h1772,0.13481947424704718,scr1982,avaConv,offshore
me,h1773,0.16645556221166072,scr1982,avaConv,offshore
me,h1774,0.18051755964707678,scr1982,avaConv,offshore
me,h1775,0.13818130696371905,scr1982,avaConv,offshore
me,h1776,0.06977967590051415,scr1982,avaConv,offshore
me,h1777,0.01510501204397624,scr1982,avaConv,offshore
me,h1778,0.0012787794131153948,scr1982,avaConv,offshore
me,h1779,0.0,scr1982,avaConv,offshore
me,h1780,0.0,scr1982,avaConv,offshore
me,h1781,0.0,scr1982,avaConv,offshore
me,h1782,0.0,scr1982,avaConv,offshore
me,h1783,0.00010124612717193845,scr1982,avaConv,offshore
me,h1784,0.001262819541982133,scr1982,avaConv,offshore
me,h1785,0.003111858431776727,scr1982,avaConv,offshore
me,h1786,0.004061758830130271,scr1982,avaConv,offshore
me,h1787,0.00252307227073656,scr1982,avaConv,offshore
me,h1788,0.0007635614690628569,scr1982,avaConv,offshore
me,h1789,0.0,scr1982,avaConv,offshore
me,h1790,0.0,scr1982,avaConv,offshore
me,h1791,0.0,scr1982,avaConv,offshore
me,h1792,0.0003940352902227241,scr1982,avaConv,offshore
me,h1793,0.006451545312834854,scr1982,avaConv,offshore
me,h1794,0.013040317363385115,scr1982,avaConv,offshore
me,h1795,0.01390481487515036,scr1982,avaConv,offshore
me,h1796,0.007931494729254732,scr1982,avaConv,offshore
me,h1797,0.0053410041410940695,scr1982,avaConv,offshore
me,h1798,0.012833517771769644,scr1982,avaConv,offshore
me,h1799,0.04656482963891341,scr1982,avaConv,offshore
me,h1800,0.11304957858921937,scr1982,avaConv,offshore
me,h1801,0.2051331736242607,scr1982,avaConv,offshore
me,h1802,0.2871020872767469,scr1982,avaConv,offshore
me,h1803,0.306774633895953,scr1982,avaConv,offshore
me,h1804,0.26245500955941325,scr1982,avaConv,offshore
me,h1805,0.20433638970987725,scr1982,avaConv,offshore
me,h1806,0.17510700583471941,scr1982,avaConv,offshore
me,h1807,0.1623901832151623,scr1982,avaConv,offshore
me,h1808,0.13721454204025246,scr1982,avaConv,offshore
me,h1809,0.0978541197563612,scr1982,avaConv,offshore
me,h1810,0.06090036320515313,scr1982,avaConv,offshore
me,h1811,0.03439523774153571,scr1982,avaConv,offshore
me,h1812,0.03244660052495203,scr1982,avaConv,offshore
me,h1813,0.03200007059696625,scr1982,avaConv,offshore
me,h1814,0.023540020039340536,scr1982,avaConv,offshore
me,h1815,0.005851444357336284,scr1982,avaConv,offshore
me,h1816,0.0,scr1982,avaConv,offshore
me,h1817,0.001235242484241103,scr1982,avaConv,offshore
me,h1818,0.001772222953108074,scr1982,avaConv,offshore
me,h1819,0.0029228389650239033,scr1982,avaConv,offshore
me,h1820,0.0014270867941420069,scr1982,avaConv,offshore
me,h1821,0.000911527638207163,scr1982,avaConv,offshore
me,h1822,0.010848587841211718,scr1982,avaConv,offshore
me,h1823,0.024518305670087687,scr1982,avaConv,offshore
me,h1824,0.051289097372191214,scr1982,avaConv,offshore
me,h1825,0.046738955474132905,scr1982,avaConv,offshore
me,h1826,0.03268453195684331,scr1982,avaConv,offshore
me,h1827,0.049967186937077364,scr1982,avaConv,offshore
me,h1828,0.11083167116381291,scr1982,avaConv,offshore
me,h1829,0.18572950882084635,scr1982,avaConv,offshore
me,h1830,0.24139490642300626,scr1982,avaConv,offshore
me,h1831,0.286954767061556,scr1982,avaConv,offshore
me,h1832,0.30910048765029347,scr1982,avaConv,offshore
me,h1833,0.269827521717064,scr1982,avaConv,offshore
me,h1834,0.18138542788610237,scr1982,avaConv,offshore
me,h1835,0.09688293017449748,scr1982,avaConv,offshore
me,h1836,0.04261294211755612,scr1982,avaConv,offshore
me,h1837,0.018170281482953358,scr1982,avaConv,offshore
me,h1838,0.01093734069509635,scr1982,avaConv,offshore
me,h1839,0.009281833114906777,scr1982,avaConv,offshore
me,h1840,0.01933728614928698,scr1982,avaConv,offshore
me,h1841,0.03511389545592559,scr1982,avaConv,offshore
me,h1842,0.039594762859582466,scr1982,avaConv,offshore
me,h1843,0.028401351704730654,scr1982,avaConv,offshore
me,h1844,0.01509844572577471,scr1982,avaConv,offshore
me,h1845,0.006331356339939923,scr1982,avaConv,offshore
me,h1846,0.0012908492048535017,scr1982,avaConv,offshore
me,h1847,0.0,scr1982,avaConv,offshore
me,h1848,0.0,scr1982,avaConv,offshore
me,h1849,0.0,scr1982,avaConv,offshore
me,h1850,0.0,scr1982,avaConv,offshore
me,h1851,0.0,scr1982,avaConv,offshore
me,h1852,0.0,scr1982,avaConv,offshore
me,h1853,0.0,scr1982,avaConv,offshore
me,h1854,0.0,scr1982,avaConv,offshore
me,h1855,0.0,scr1982,avaConv,offshore
me,h1856,0.0,scr1982,avaConv,offshore
me,h1857,0.0,scr1982,avaConv,offshore
me,h1858,0.0,scr1982,avaConv,offshore
me,h1859,0.0,scr1982,avaConv,offshore
me,h1860,0.0,scr1982,avaConv,offshore
me,h1861,0.0,scr1982,avaConv,offshore
me,h1862,0.0,scr1982,avaConv,offshore
me,h1863,0.0,scr1982,avaConv,offshore
me,h1864,0.0,scr1982,avaConv,offshore
me,h1865,0.0,scr1982,avaConv,offshore
me,h1866,0.0,scr1982,avaConv,offshore
me,h1867,0.0018433805618687448,scr1982,avaConv,offshore
me,h1868,0.017061287138846255,scr1982,avaConv,offshore
me,h1869,0.053099065535554,scr1982,avaConv,offshore
me,h1870,0.09448482124733742,scr1982,avaConv,offshore
me,h1871,0.11850835641580267,scr1982,avaConv,offshore
me,h1872,0.1134648075922346,scr1982,avaConv,offshore
me,h1873,0.09819481066246406,scr1982,avaConv,offshore
me,h1874,0.08188726580428898,scr1982,avaConv,offshore
me,h1875,0.06717107149882692,scr1982,avaConv,offshore
me,h1876,0.051938865880965496,scr1982,avaConv,offshore
me,h1877,0.04603309919290409,scr1982,avaConv,offshore
me,h1878,0.06203343172081527,scr1982,avaConv,offshore
me,h1879,0.09321170108348996,scr1982,avaConv,offshore
me,h1880,0.12919597199768634,scr1982,avaConv,offshore
me,h1881,0.16143424406325982,scr1982,avaConv,offshore
me,h1882,0.19521638527937912,scr1982,avaConv,offshore
me,h1883,0.20657476083622972,scr1982,avaConv,offshore
me,h1884,0.2156703315550092,scr1982,avaConv,offshore
me,h1885,0.23970115121466512,scr1982,avaConv,offshore
me,h1886,0.293711531445681,scr1982,avaConv,offshore
me,h1887,0.3424380871148328,scr1982,avaConv,offshore
me,h1888,0.3616179841089877,scr1982,avaConv,offshore
me,h1889,0.3792051234302597,scr1982,avaConv,offshore
me,h1890,0.4167564666865904,scr1982,avaConv,offshore
me,h1891,0.4790782962040258,scr1982,avaConv,offshore
me,h1892,0.5503825940680825,scr1982,avaConv,offshore
me,h1893,0.608098789817219,scr1982,avaConv,offshore
me,h1894,0.6271840430738382,scr1982,avaConv,offshore
me,h1895,0.5288131307474534,scr1982,avaConv,offshore
me,h1896,0.3942065594137118,scr1982,avaConv,offshore
me,h1897,0.26214903467254735,scr1982,avaConv,offshore
me,h1898,0.19581225640773164,scr1982,avaConv,offshore
me,h1899,0.1337207669776961,scr1982,avaConv,offshore
me,h1900,0.08290083858517733,scr1982,avaConv,offshore
me,h1901,0.038400554702479044,scr1982,avaConv,offshore
me,h1902,0.015950171140104757,scr1982,avaConv,offshore
me,h1903,0.0096571942113614,scr1982,avaConv,offshore
me,h1904,0.022550905005934208,scr1982,avaConv,offshore
me,h1905,0.05164684106804262,scr1982,avaConv,offshore
me,h1906,0.15393313406515427,scr1982,avaConv,offshore
me,h1907,0.2118064333579233,scr1982,avaConv,offshore
me,h1908,0.1955425017679065,scr1982,avaConv,offshore
me,h1909,0.08275533628416658,scr1982,avaConv,offshore
me,h1910,0.022816097702600503,scr1982,avaConv,offshore
me,h1911,0.01138649327196238,scr1982,avaConv,offshore
me,h1912,0.00893307697060489,scr1982,avaConv,offshore
me,h1913,0.008742453646196437,scr1982,avaConv,offshore
me,h1914,0.03066818437326989,scr1982,avaConv,offshore
me,h1915,0.12360517965886879,scr1982,avaConv,offshore
me,h1916,0.207422527359071,scr1982,avaConv,offshore
me,h1917,0.2173939741253716,scr1982,avaConv,offshore
me,h1918,0.13265805795270255,scr1982,avaConv,offshore
me,h1919,0.06639927801974804,scr1982,avaConv,offshore
me,h1920,0.03838983575842058,scr1982,avaConv,offshore
me,h1921,0.030403140185967282,scr1982,avaConv,offshore
me,h1922,0.02967667448885417,scr1982,avaConv,offshore
me,h1923,0.035184846595653095,scr1982,avaConv,offshore
me,h1924,0.03602286448564453,scr1982,avaConv,offshore
me,h1925,0.03086181766017365,scr1982,avaConv,offshore
me,h1926,0.0199954546313933,scr1982,avaConv,offshore
me,h1927,0.014775473346535254,scr1982,avaConv,offshore
me,h1928,0.01611643821269544,scr1982,avaConv,offshore
me,h1929,0.02070848400859039,scr1982,avaConv,offshore
me,h1930,0.023871924923327556,scr1982,avaConv,offshore
me,h1931,0.021138510155942543,scr1982,avaConv,offshore
me,h1932,0.014772085018172442,scr1982,avaConv,offshore
me,h1933,0.0075654833107014945,scr1982,avaConv,offshore
me,h1934,0.004081702520588904,scr1982,avaConv,offshore
me,h1935,0.009137308335736867,scr1982,avaConv,offshore
me,h1936,0.03390660105117471,scr1982,avaConv,offshore
me,h1937,0.0971627270305849,scr1982,avaConv,offshore
me,h1938,0.21549490720591932,scr1982,avaConv,offshore
me,h1939,0.37378992324528193,scr1982,avaConv,offshore
me,h1940,0.5325245551408446,scr1982,avaConv,offshore
me,h1941,0.6420941150753955,scr1982,avaConv,offshore
me,h1942,0.6603238915243577,scr1982,avaConv,offshore
me,h1943,0.5464140352782845,scr1982,avaConv,offshore
me,h1944,0.3541155793942131,scr1982,avaConv,offshore
me,h1945,0.17334299867815456,scr1982,avaConv,offshore
me,h1946,0.07151750995816977,scr1982,avaConv,offshore
me,h1947,0.02721666195184457,scr1982,avaConv,offshore
me,h1948,0.009611625833942318,scr1982,avaConv,offshore
me,h1949,0.0033666633124651425,scr1982,avaConv,offshore
me,h1950,0.0016637720155128564,scr1982,avaConv,offshore
me,h1951,0.0009019276732682367,scr1982,avaConv,offshore
me,h1952,0.0003477977446039789,scr1982,avaConv,offshore
me,h1953,0.00010313718478085159,scr1982,avaConv,offshore
me,h1954,0.0,scr1982,avaConv,offshore
me,h1955,0.0,scr1982,avaConv,offshore
me,h1956,0.00015761763219157966,scr1982,avaConv,offshore
me,h1957,0.0015525853246356038,scr1982,avaConv,offshore
me,h1958,0.007651246281143241,scr1982,avaConv,offshore
me,h1959,0.01898785385543645,scr1982,avaConv,offshore
me,h1960,0.027768319131034856,scr1982,avaConv,offshore
me,h1961,0.02583792558547004,scr1982,avaConv,offshore
me,h1962,0.01906867313068566,scr1982,avaConv,offshore
me,h1963,0.015532979971683087,scr1982,avaConv,offshore
me,h1964,0.012982270966039173,scr1982,avaConv,offshore
me,h1965,0.008949443243223892,scr1982,avaConv,offshore
me,h1966,0.026745243624846975,scr1982,avaConv,offshore
me,h1967,0.046791974406979346,scr1982,avaConv,offshore
me,h1968,0.09055069594539866,scr1982,avaConv,offshore
me,h1969,0.12589947952861363,scr1982,avaConv,offshore
me,h1970,0.17676744465386235,scr1982,avaConv,offshore
me,h1971,0.19579965883012965,scr1982,avaConv,offshore
me,h1972,0.16919436836661972,scr1982,avaConv,offshore
me,h1973,0.12125294613932888,scr1982,avaConv,offshore
me,h1974,0.08023747041704136,scr1982,avaConv,offshore
me,h1975,0.0568441478981363,scr1982,avaConv,offshore
me,h1976,0.04329631603760369,scr1982,avaConv,offshore
me,h1977,0.030153187599571248,scr1982,avaConv,offshore
me,h1978,0.016555061597110572,scr1982,avaConv,offshore
me,h1979,0.006281588317124876,scr1982,avaConv,offshore
me,h1980,0.0011104063334546816,scr1982,avaConv,offshore
me,h1981,0.0010754818931481183,scr1982,avaConv,offshore
me,h1982,0.005940290793804164,scr1982,avaConv,offshore
me,h1983,0.01973745499563176,scr1982,avaConv,offshore
me,h1984,0.041830745020831436,scr1982,avaConv,offshore
me,h1985,0.07611251945818694,scr1982,avaConv,offshore
me,h1986,0.13430511039028617,scr1982,avaConv,offshore
me,h1987,0.23198433138917862,scr1982,avaConv,offshore
me,h1988,0.35815190088590404,scr1982,avaConv,offshore
me,h1989,0.4643373770805173,scr1982,avaConv,offshore
me,h1990,0.49641217555188827,scr1982,avaConv,offshore
me,h1991,0.43152679170023306,scr1982,avaConv,offshore
me,h1992,0.3101254882655314,scr1982,avaConv,offshore
me,h1993,0.19295790245612685,scr1982,avaConv,offshore
me,h1994,0.1244786939228249,scr1982,avaConv,offshore
me,h1995,0.09902904629566633,scr1982,avaConv,offshore
me,h1996,0.09083259859260787,scr1982,avaConv,offshore
me,h1997,0.08073394233949928,scr1982,avaConv,offshore
me,h1998,0.06672634677351472,scr1982,avaConv,offshore
me,h1999,0.05506729979439612,scr1982,avaConv,offshore
me,h2000,0.04400151433868075,scr1982,avaConv,offshore
me,h2001,0.032471209814246664,scr1982,avaConv,offshore
me,h2002,0.021049356372839837,scr1982,avaConv,offshore
me,h2003,0.012657301125778807,scr1982,avaConv,offshore
me,h2004,0.0059726369368002345,scr1982,avaConv,offshore
me,h2005,0.0023733904189290754,scr1982,avaConv,offshore
me,h2006,0.00036325240350887453,scr1982,avaConv,offshore
me,h2007,0.0005552252783440351,scr1982,avaConv,offshore
me,h2008,0.005108227506906453,scr1982,avaConv,offshore
me,h2009,0.01940790168166107,scr1982,avaConv,offshore
me,h2010,0.03691972629268636,scr1982,avaConv,offshore
me,h2011,0.05506474252203243,scr1982,avaConv,offshore
me,h2012,0.06556475454018684,scr1982,avaConv,offshore
me,h2013,0.0712527948528121,scr1982,avaConv,offshore
me,h2014,0.05860850911817358,scr1982,avaConv,offshore
me,h2015,0.03304926114003833,scr1982,avaConv,offshore
me,h2016,0.010645106430468438,scr1982,avaConv,offshore
me,h2017,0.0023535898285050364,scr1982,avaConv,offshore
me,h2018,0.0013383547325638546,scr1982,avaConv,offshore
me,h2019,0.002056159107585057,scr1982,avaConv,offshore
me,h2020,0.0016635902653235725,scr1982,avaConv,offshore
me,h2021,0.001984213836637254,scr1982,avaConv,offshore
me,h2022,0.0014552075164712937,scr1982,avaConv,offshore
me,h2023,0.0007051683215437166,scr1982,avaConv,offshore
me,h2024,0.0015665951710130547,scr1982,avaConv,offshore
me,h2025,0.016736933180642597,scr1982,avaConv,offshore
me,h2026,0.043903474398302986,scr1982,avaConv,offshore
me,h2027,0.07134101289243724,scr1982,avaConv,offshore
me,h2028,0.06074516249826357,scr1982,avaConv,offshore
me,h2029,0.035049710597091874,scr1982,avaConv,offshore
me,h2030,0.010450653606572371,scr1982,avaConv,offshore
me,h2031,0.002811377330859012,scr1982,avaConv,offshore
me,h2032,0.0006799101443104973,scr1982,avaConv,offshore
me,h2033,0.0,scr1982,avaConv,offshore
me,h2034,0.0022993316014983103,scr1982,avaConv,offshore
me,h2035,0.004491496913285231,scr1982,avaConv,offshore
me,h2036,0.004910149287567524,scr1982,avaConv,offshore
me,h2037,0.00249630366067867,scr1982,avaConv,offshore
me,h2038,0.00058423264926428,scr1982,avaConv,offshore
me,h2039,0.002653929738016752,scr1982,avaConv,offshore
me,h2040,0.0024809348890391914,scr1982,avaConv,offshore
me,h2041,0.0024809348890391914,scr1982,avaConv,offshore
me,h2042,0.00018009258678025874,scr1982,avaConv,offshore
me,h2043,0.0,scr1982,avaConv,offshore
me,h2044,0.0,scr1982,avaConv,offshore
me,h2045,0.0,scr1982,avaConv,offshore
me,h2046,0.0,scr1982,avaConv,offshore
me,h2047,0.0,scr1982,avaConv,offshore
me,h2048,0.0,scr1982,avaConv,offshore
me,h2049,0.0,scr1982,avaConv,offshore
me,h2050,0.0,scr1982,avaConv,offshore
me,h2051,0.0,scr1982,avaConv,offshore
me,h2052,0.0,scr1982,avaConv,offshore
me,h2053,0.00038147210934360036,scr1982,avaConv,offshore
me,h2054,0.0048572133841836805,scr1982,avaConv,offshore
me,h2055,0.020958417382128235,scr1982,avaConv,offshore
me,h2056,0.048863513122789665,scr1982,avaConv,offshore
me,h2057,0.07921531935116904,scr1982,avaConv,offshore
me,h2058,0.1100050616554967,scr1982,avaConv,offshore
me,h2059,0.1291977187991086,scr1982,avaConv,offshore
me,h2060,0.14712701019630786,scr1982,avaConv,offshore
me,h2061,0.14758690587102094,scr1982,avaConv,offshore
me,h2062,0.1466024082623246,scr1982,avaConv,offshore
me,h2063,0.12245481812697524,scr1982,avaConv,offshore
me,h2064,0.10055697228101487,scr1982,avaConv,offshore
me,h2065,0.08061686948393583,scr1982,avaConv,offshore
me,h2066,0.07285117884826661,scr1982,avaConv,offshore
me,h2067,0.07413961173846402,scr1982,avaConv,offshore
me,h2068,0.0733837321349047,scr1982,avaConv,offshore
me,h2069,0.07832867698047086,scr1982,avaConv,offshore
me,h2070,0.07824912097765467,scr1982,avaConv,offshore
me,h2071,0.08807283838669452,scr1982,avaConv,offshore
me,h2072,0.08989863865396472,scr1982,avaConv,offshore
me,h2073,0.08559185349015397,scr1982,avaConv,offshore
me,h2074,0.06998244071052839,scr1982,avaConv,offshore
me,h2075,0.06776761652190337,scr1982,avaConv,offshore
me,h2076,0.0658042002425436,scr1982,avaConv,offshore
me,h2077,0.06568526611334786,scr1982,avaConv,offshore
me,h2078,0.051198475325342586,scr1982,avaConv,offshore
me,h2079,0.03693308020816749,scr1982,avaConv,offshore
me,h2080,0.026115339806354415,scr1982,avaConv,offshore
me,h2081,0.034251378124405416,scr1982,avaConv,offshore
me,h2082,0.06178183780784021,scr1982,avaConv,offshore
me,h2083,0.10285876553062255,scr1982,avaConv,offshore
me,h2084,0.13122746170197866,scr1982,avaConv,offshore
me,h2085,0.15010848164837629,scr1982,avaConv,offshore
me,h2086,0.17217416718373335,scr1982,avaConv,offshore
me,h2087,0.22426327909593255,scr1982,avaConv,offshore
me,h2088,0.2701126533885157,scr1982,avaConv,offshore
me,h2089,0.2927775406746111,scr1982,avaConv,offshore
me,h2090,0.29417101419188596,scr1982,avaConv,offshore
me,h2091,0.3063659963080498,scr1982,avaConv,offshore
me,h2092,0.32079035429837927,scr1982,avaConv,offshore
me,h2093,0.31399201038469626,scr1982,avaConv,offshore
me,h2094,0.28800022254373064,scr1982,avaConv,offshore
me,h2095,0.2537993379066344,scr1982,avaConv,offshore
me,h2096,0.21376576479373038,scr1982,avaConv,offshore
me,h2097,0.16817260871884085,scr1982,avaConv,offshore
me,h2098,0.12715261695771668,scr1982,avaConv,offshore
me,h2099,0.1033096112857616,scr1982,avaConv,offshore
me,h2100,0.08025982567134878,scr1982,avaConv,offshore
me,h2101,0.05383526682918838,scr1982,avaConv,offshore
me,h2102,0.023310185672584572,scr1982,avaConv,offshore
me,h2103,0.006647354007577948,scr1982,avaConv,offshore
me,h2104,0.0018997367745889932,scr1982,avaConv,offshore
me,h2105,0.004723067307867061,scr1982,avaConv,offshore
me,h2106,0.013948315772634017,scr1982,avaConv,offshore
me,h2107,0.0341469942179974,scr1982,avaConv,offshore
me,h2108,0.06579663516900586,scr1982,avaConv,offshore
me,h2109,0.10033682811120088,scr1982,avaConv,offshore
me,h2110,0.11843064002223719,scr1982,avaConv,offshore
me,h2111,0.1117888486127726,scr1982,avaConv,offshore
me,h2112,0.0941686281689773,scr1982,avaConv,offshore
me,h2113,0.07835127274668435,scr1982,avaConv,offshore
me,h2114,0.06829025355882361,scr1982,avaConv,offshore
me,h2115,0.05285213050844003,scr1982,avaConv,offshore
me,h2116,0.03399063305570677,scr1982,avaConv,offshore
me,h2117,0.015715532650350174,scr1982,avaConv,offshore
me,h2118,0.005054686205876753,scr1982,avaConv,offshore
me,h2119,0.0011830150843480547,scr1982,avaConv,offshore
me,h2120,0.0008263909545621102,scr1982,avaConv,offshore
me,h2121,0.0015777906546330306,scr1982,avaConv,offshore
me,h2122,0.0030118591670879337,scr1982,avaConv,offshore
me,h2123,0.004639133755758675,scr1982,avaConv,offshore
me,h2124,0.005788286514905765,scr1982,avaConv,offshore
me,h2125,0.004649597980147038,scr1982,avaConv,offshore
me,h2126,0.002644755282003449,scr1982,avaConv,offshore
me,h2127,0.0008157815208081048,scr1982,avaConv,offshore
me,h2128,0.0009538952359098377,scr1982,avaConv,offshore
me,h2129,0.0036955344136204806,scr1982,avaConv,offshore
me,h2130,0.013634192740946821,scr1982,avaConv,offshore
me,h2131,0.03212561696435649,scr1982,avaConv,offshore
me,h2132,0.053253161712866044,scr1982,avaConv,offshore
me,h2133,0.06186381527075281,scr1982,avaConv,offshore
me,h2134,0.05157411295617517,scr1982,avaConv,offshore
me,h2135,0.03315437425778461,scr1982,avaConv,offshore
me,h2136,0.01774462790760469,scr1982,avaConv,offshore
me,h2137,0.009768061409564915,scr1982,avaConv,offshore
me,h2138,0.0069215014659553655,scr1982,avaConv,offshore
me,h2139,0.00934159841464339,scr1982,avaConv,offshore
me,h2140,0.025557591066264398,scr1982,avaConv,offshore
me,h2141,0.058547836334536134,scr1982,avaConv,offshore
me,h2142,0.09372076199972033,scr1982,avaConv,offshore
me,h2143,0.10580720746450002,scr1982,avaConv,offshore
me,h2144,0.09426776929812937,scr1982,avaConv,offshore
me,h2145,0.07704747151385344,scr1982,avaConv,offshore
me,h2146,0.06437881937743527,scr1982,avaConv,offshore
me,h2147,0.04174929952289344,scr1982,avaConv,offshore
me,h2148,0.02001233667443273,scr1982,avaConv,offshore
me,h2149,0.004050299497375732,scr1982,avaConv,offshore
me,h2150,0.0008849733137497864,scr1982,avaConv,offshore
me,h2151,0.0001799639818599928,scr1982,avaConv,offshore
me,h2152,0.0,scr1982,avaConv,offshore
me,h2153,0.0,scr1982,avaConv,offshore
me,h2154,0.0,scr1982,avaConv,offshore
me,h2155,0.0,scr1982,avaConv,offshore
me,h2156,0.0,scr1982,avaConv,offshore
me,h2157,0.0,scr1982,avaConv,offshore
me,h2158,0.0,scr1982,avaConv,offshore
me,h2159,0.0032861476882743443,scr1982,avaConv,offshore
me,h2160,0.004662605779445445,scr1982,avaConv,offshore
nl,h1441,0.3772779237737087,scr1982,avaConv,offshore
nl,h1442,0.37326428871484985,scr1982,avaConv,offshore
nl,h1443,0.38888212635679403,scr1982,avaConv,offshore
nl,h1444,0.4159250628682428,scr1982,avaConv,offshore
nl,h1445,0.4520056651860162,scr1982,avaConv,offshore
nl,h1446,0.49443641427527646,scr1982,avaConv,offshore
nl,h1447,0.5289665022918733,scr1982,avaConv,offshore
nl,h1448,0.5558269043248028,scr1982,avaConv,offshore
nl,h1449,0.5727419896295028,scr1982,avaConv,offshore
nl,h1450,0.5853237934122508,scr1982,avaConv,offshore
nl,h1451,0.6113368943348089,scr1982,avaConv,offshore
nl,h1452,0.630449010917554,scr1982,avaConv,offshore
nl,h1453,0.6486280268546442,scr1982,avaConv,offshore
nl,h1454,0.6537627350493787,scr1982,avaConv,offshore
nl,h1455,0.6658216911850523,scr1982,avaConv,offshore
nl,h1456,0.6713673518361504,scr1982,avaConv,offshore
nl,h1457,0.6808551895765521,scr1982,avaConv,offshore
nl,h1458,0.6881174270566587,scr1982,avaConv,offshore
nl,h1459,0.7000392240050083,scr1982,avaConv,offshore
nl,h1460,0.6976145962627256,scr1982,avaConv,offshore
nl,h1461,0.6912167988031178,scr1982,avaConv,offshore
nl,h1462,0.6954328256208103,scr1982,avaConv,offshore
nl,h1463,0.7216226204383394,scr1982,avaConv,offshore
nl,h1464,0.7742535254747197,scr1982,avaConv,offshore
nl,h1465,0.8081570597017007,scr1982,avaConv,offshore
nl,h1466,0.7893286088726332,scr1982,avaConv,offshore
nl,h1467,0.7075407360765246,scr1982,avaConv,offshore
nl,h1468,0.5988622755371917,scr1982,avaConv,offshore
nl,h1469,0.4951998956405504,scr1982,avaConv,offshore
nl,h1470,0.41480452058976947,scr1982,avaConv,offshore
nl,h1471,0.3716720005399166,scr1982,avaConv,offshore
nl,h1472,0.39054399993817096,scr1982,avaConv,offshore
nl,h1473,0.45270524889964475,scr1982,avaConv,offshore
nl,h1474,0.5190381424809543,scr1982,avaConv,offshore
nl,h1475,0.5555764311687731,scr1982,avaConv,offshore
nl,h1476,0.5280118718522869,scr1982,avaConv,offshore
nl,h1477,0.4511666455937846,scr1982,avaConv,offshore
nl,h1478,0.35258231457915845,scr1982,avaConv,offshore
nl,h1479,0.28040336169004076,scr1982,avaConv,offshore
nl,h1480,0.2431264020227326,scr1982,avaConv,offshore
nl,h1481,0.22191137427335828,scr1982,avaConv,offshore
nl,h1482,0.20897373525579988,scr1982,avaConv,offshore
nl,h1483,0.20479438905267652,scr1982,avaConv,offshore
nl,h1484,0.2155833419404753,scr1982,avaConv,offshore
nl,h1485,0.23696440031718377,scr1982,avaConv,offshore
nl,h1486,0.27420659149554066,scr1982,avaConv,offshore
nl,h1487,0.3027014993846929,scr1982,avaConv,offshore
nl,h1488,0.31971515703007675,scr1982,avaConv,offshore
nl,h1489,0.30109219596759096,scr1982,avaConv,offshore
nl,h1490,0.26405257675982546,scr1982,avaConv,offshore
nl,h1491,0.22719003839970564,scr1982,avaConv,offshore
nl,h1492,0.19407795715999665,scr1982,avaConv,offshore
nl,h1493,0.1605781112907584,scr1982,avaConv,offshore
nl,h1494,0.11543334802736337,scr1982,avaConv,offshore
nl,h1495,0.07934852835524435,scr1982,avaConv,offshore
nl,h1496,0.0632319246853505,scr1982,avaConv,offshore
nl,h1497,0.06530811066472464,scr1982,avaConv,offshore
nl,h1498,0.07044978412942708,scr1982,avaConv,offshore
nl,h1499,0.08031781112322967,scr1982,avaConv,offshore
nl,h1500,0.0814844182448317,scr1982,avaConv,offshore
nl,h1501,0.07877325203525704,scr1982,avaConv,offshore
nl,h1502,0.06653483775971863,scr1982,avaConv,offshore
nl,h1503,0.061870538026609224,scr1982,avaConv,offshore
nl,h1504,0.05632435064251727,scr1982,avaConv,offshore
nl,h1505,0.046093949190944644,scr1982,avaConv,offshore
nl,h1506,0.030350428903517683,scr1982,avaConv,offshore
nl,h1507,0.017850717104174827,scr1982,avaConv,offshore
nl,h1508,0.012176189278559721,scr1982,avaConv,offshore
nl,h1509,0.008650881919707828,scr1982,avaConv,offshore
nl,h1510,0.010696305326919876,scr1982,avaConv,offshore
nl,h1511,0.01678053824056501,scr1982,avaConv,offshore
nl,h1512,0.026017122635852256,scr1982,avaConv,offshore
nl,h1513,0.3350878609273235,scr1982,avaConv,offshore
nl,h1514,0.5774333570525417,scr1982,avaConv,offshore
nl,h1515,0.7927509091782328,scr1982,avaConv,offshore
nl,h1516,0.7999742180305222,scr1982,avaConv,offshore
nl,h1517,0.7927289100999743,scr1982,avaConv,offshore
nl,h1518,0.7881530865035263,scr1982,avaConv,offshore
nl,h1519,0.7936705909740414,scr1982,avaConv,offshore
nl,h1520,0.8112165352237427,scr1982,avaConv,offshore
nl,h1521,0.8235414443593312,scr1982,avaConv,offshore
nl,h1522,0.8327509150619752,scr1982,avaConv,offshore
nl,h1523,0.8278436238248608,scr1982,avaConv,offshore
nl,h1524,0.8336658392804173,scr1982,avaConv,offshore
nl,h1525,0.832306504137611,scr1982,avaConv,offshore
nl,h1526,0.8265247296415866,scr1982,avaConv,offshore
nl,h1527,0.8034200964894301,scr1982,avaConv,offshore
nl,h1528,0.7811548603291459,scr1982,avaConv,offshore
nl,h1529,0.766052565101755,scr1982,avaConv,offshore
nl,h1530,0.7458421358972435,scr1982,avaConv,offshore
nl,h1531,0.7214827551381661,scr1982,avaConv,offshore
nl,h1532,0.7137229490926227,scr1982,avaConv,offshore
nl,h1533,0.7280609100626529,scr1982,avaConv,offshore
nl,h1534,0.8083237050911487,scr1982,avaConv,offshore
nl,h1535,0.8724510467239784,scr1982,avaConv,offshore
nl,h1536,0.8749146454751642,scr1982,avaConv,offshore
nl,h1537,0.8437622802561777,scr1982,avaConv,offshore
nl,h1538,0.8079877536442193,scr1982,avaConv,offshore
nl,h1539,0.7496053658550356,scr1982,avaConv,offshore
nl,h1540,0.6458830204308849,scr1982,avaConv,offshore
nl,h1541,0.5961979652152073,scr1982,avaConv,offshore
nl,h1542,0.6621925661365525,scr1982,avaConv,offshore
nl,h1543,0.7496058863588031,scr1982,avaConv,offshore
nl,h1544,0.7759879598095654,scr1982,avaConv,offshore
nl,h1545,0.7553511695571528,scr1982,avaConv,offshore
nl,h1546,0.7070108683822411,scr1982,avaConv,offshore
nl,h1547,0.6259007216531947,scr1982,avaConv,offshore
nl,h1548,0.5316072868103737,scr1982,avaConv,offshore
nl,h1549,0.43615441871406624,scr1982,avaConv,offshore
nl,h1550,0.3673684512364885,scr1982,avaConv,offshore
nl,h1551,0.3083165984659666,scr1982,avaConv,offshore
nl,h1552,0.25795720777449677,scr1982,avaConv,offshore
nl,h1553,0.21161640077318805,scr1982,avaConv,offshore
nl,h1554,0.16559734661026584,scr1982,avaConv,offshore
nl,h1555,0.11584803461665671,scr1982,avaConv,offshore
nl,h1556,0.06627641604618878,scr1982,avaConv,offshore
nl,h1557,0.028545801302575474,scr1982,avaConv,offshore
nl,h1558,0.007264628601570418,scr1982,avaConv,offshore
nl,h1559,0.013195163949567636,scr1982,avaConv,offshore
nl,h1560,0.026587520787218676,scr1982,avaConv,offshore
nl,h1561,0.03721407098333865,scr1982,avaConv,offshore
nl,h1562,0.04155076045908832,scr1982,avaConv,offshore
nl,h1563,0.056841056322064855,scr1982,avaConv,offshore
nl,h1564,0.1020085684482809,scr1982,avaConv,offshore
nl,h1565,0.1706770299182348,scr1982,avaConv,offshore
nl,h1566,0.2506276409310646,scr1982,avaConv,offshore
nl,h1567,0.3128411754273697,scr1982,avaConv,offshore
nl,h1568,0.3392409237830672,scr1982,avaConv,offshore
nl,h1569,0.3320787000752201,scr1982,avaConv,offshore
nl,h1570,0.31841662957898026,scr1982,avaConv,offshore
nl,h1571,0.3308038544218576,scr1982,avaConv,offshore
nl,h1572,0.38337756794650046,scr1982,avaConv,offshore
nl,h1573,0.4786679790239751,scr1982,avaConv,offshore
nl,h1574,0.6076124812404593,scr1982,avaConv,offshore
nl,h1575,0.735247522233657,scr1982,avaConv,offshore
nl,h1576,0.8274782570295521,scr1982,avaConv,offshore
nl,h1577,0.8699347096443032,scr1982,avaConv,offshore
nl,h1578,0.878181718713027,scr1982,avaConv,offshore
nl,h1579,0.8744793666625932,scr1982,avaConv,offshore
nl,h1580,0.8733573257229275,scr1982,avaConv,offshore
nl,h1581,0.8749236276761746,scr1982,avaConv,offshore
nl,h1582,0.8786941684887761,scr1982,avaConv,offshore
nl,h1583,0.8910975681513238,scr1982,avaConv,offshore
nl,h1584,0.9060615015266373,scr1982,avaConv,offshore
nl,h1585,0.921151312388982,scr1982,avaConv,offshore
nl,h1586,0.9261250830051369,scr1982,avaConv,offshore
nl,h1587,0.9296275122975968,scr1982,avaConv,offshore
nl,h1588,0.93256765751472,scr1982,avaConv,offshore
nl,h1589,0.9340914256936993,scr1982,avaConv,offshore
nl,h1590,0.933384226294211,scr1982,avaConv,offshore
nl,h1591,0.9318291746545259,scr1982,avaConv,offshore
nl,h1592,0.9299139812315405,scr1982,avaConv,offshore
nl,h1593,0.928678816515892,scr1982,avaConv,offshore
nl,h1594,0.9290384246912291,scr1982,avaConv,offshore
nl,h1595,0.9313769933016629,scr1982,avaConv,offshore
nl,h1596,0.932356851628138,scr1982,avaConv,offshore
nl,h1597,0.9299611627895946,scr1982,avaConv,offshore
nl,h1598,0.9233493087877982,scr1982,avaConv,offshore
nl,h1599,0.9189028947256046,scr1982,avaConv,offshore
nl,h1600,0.9185138243454347,scr1982,avaConv,offshore
nl,h1601,0.9221634583478582,scr1982,avaConv,offshore
nl,h1602,0.9261407913363472,scr1982,avaConv,offshore
nl,h1603,0.9291485939795102,scr1982,avaConv,offshore
nl,h1604,0.931234866419421,scr1982,avaConv,offshore
nl,h1605,0.9314333347528898,scr1982,avaConv,offshore
nl,h1606,0.9290479848917866,scr1982,avaConv,offshore
nl,h1607,0.9226483382695535,scr1982,avaConv,offshore
nl,h1608,0.906344257579144,scr1982,avaConv,offshore
nl,h1609,0.87651663476977,scr1982,avaConv,offshore
nl,h1610,0.8401397778982533,scr1982,avaConv,offshore
nl,h1611,0.808752414914125,scr1982,avaConv,offshore
nl,h1612,0.7938444958538445,scr1982,avaConv,offshore
nl,h1613,0.7810599309382764,scr1982,avaConv,offshore
nl,h1614,0.7600067842062146,scr1982,avaConv,offshore
nl,h1615,0.7305179194822052,scr1982,avaConv,offshore
nl,h1616,0.7103115368805871,scr1982,avaConv,offshore
nl,h1617,0.7059633864668646,scr1982,avaConv,offshore
nl,h1618,0.7024160844994148,scr1982,avaConv,offshore
nl,h1619,0.6785090684503274,scr1982,avaConv,offshore
nl,h1620,0.6455578639337559,scr1982,avaConv,offshore
nl,h1621,0.6217860048082137,scr1982,avaConv,offshore
nl,h1622,0.6252289601072333,scr1982,avaConv,offshore
nl,h1623,0.6466202661899294,scr1982,avaConv,offshore
nl,h1624,0.6803382294115063,scr1982,avaConv,offshore
nl,h1625,0.7189022849100866,scr1982,avaConv,offshore
nl,h1626,0.7580632923987092,scr1982,avaConv,offshore
nl,h1627,0.7874034033548438,scr1982,avaConv,offshore
nl,h1628,0.8020360647379283,scr1982,avaConv,offshore
nl,h1629,0.8074543651947138,scr1982,avaConv,offshore
nl,h1630,0.8055226100697976,scr1982,avaConv,offshore
nl,h1631,0.7761506761335777,scr1982,avaConv,offshore
nl,h1632,0.7280610346722174,scr1982,avaConv,offshore
nl,h1633,0.684609520324121,scr1982,avaConv,offshore
nl,h1634,0.6707226480255734,scr1982,avaConv,offshore
nl,h1635,0.659050608726613,scr1982,avaConv,offshore
nl,h1636,0.6455940415481002,scr1982,avaConv,offshore
nl,h1637,0.6479956339413908,scr1982,avaConv,offshore
nl,h1638,0.6782598192550858,scr1982,avaConv,offshore
nl,h1639,0.7171629591113091,scr1982,avaConv,offshore
nl,h1640,0.7509586645945592,scr1982,avaConv,offshore
nl,h1641,0.7661068213035626,scr1982,avaConv,offshore
nl,h1642,0.7574273195436441,scr1982,avaConv,offshore
nl,h1643,0.7020688983069058,scr1982,avaConv,offshore
nl,h1644,0.6560312635223235,scr1982,avaConv,offshore
nl,h1645,0.6360544471955399,scr1982,avaConv,offshore
nl,h1646,0.6569239840221719,scr1982,avaConv,offshore
nl,h1647,0.6752875182352538,scr1982,avaConv,offshore
nl,h1648,0.659526652939308,scr1982,avaConv,offshore
nl,h1649,0.6369161279981563,scr1982,avaConv,offshore
nl,h1650,0.6032413811746051,scr1982,avaConv,offshore
nl,h1651,0.5860943107683952,scr1982,avaConv,offshore
nl,h1652,0.5587237591888612,scr1982,avaConv,offshore
nl,h1653,0.5075804966120246,scr1982,avaConv,offshore
nl,h1654,0.44548574456078427,scr1982,avaConv,offshore
nl,h1655,0.3905138755998361,scr1982,avaConv,offshore
nl,h1656,0.40405645925568057,scr1982,avaConv,offshore
nl,h1657,0.4149200993334188,scr1982,avaConv,offshore
nl,h1658,0.40925684966349163,scr1982,avaConv,offshore
nl,h1659,0.3536798164328665,scr1982,avaConv,offshore
nl,h1660,0.3064815941536202,scr1982,avaConv,offshore
nl,h1661,0.2848590086744087,scr1982,avaConv,offshore
nl,h1662,0.27634692428766283,scr1982,avaConv,offshore
nl,h1663,0.26684684601657144,scr1982,avaConv,offshore
nl,h1664,0.2639806965612507,scr1982,avaConv,offshore
nl,h1665,0.2944008241905924,scr1982,avaConv,offshore
nl,h1666,0.3619846102146725,scr1982,avaConv,offshore
nl,h1667,0.41267552739583013,scr1982,avaConv,offshore
nl,h1668,0.428908544490786,scr1982,avaConv,offshore
nl,h1669,0.4234953238364263,scr1982,avaConv,offshore
nl,h1670,0.41967006368302695,scr1982,avaConv,offshore
nl,h1671,0.4345557824857115,scr1982,avaConv,offshore
nl,h1672,0.45247511421808345,scr1982,avaConv,offshore
nl,h1673,0.45492625013012755,scr1982,avaConv,offshore
nl,h1674,0.46911272768794876,scr1982,avaConv,offshore
nl,h1675,0.5233989684639868,scr1982,avaConv,offshore
nl,h1676,0.6192284974344372,scr1982,avaConv,offshore
nl,h1677,0.6881139580410274,scr1982,avaConv,offshore
nl,h1678,0.709769588834599,scr1982,avaConv,offshore
nl,h1679,0.7357930567696189,scr1982,avaConv,offshore
nl,h1680,0.7636719128248288,scr1982,avaConv,offshore
nl,h1681,0.7795764693774825,scr1982,avaConv,offshore
nl,h1682,0.7676350333835067,scr1982,avaConv,offshore
nl,h1683,0.7600815216589851,scr1982,avaConv,offshore
nl,h1684,0.7736259255545328,scr1982,avaConv,offshore
nl,h1685,0.786433968228898,scr1982,avaConv,offshore
nl,h1686,0.7905669289633995,scr1982,avaConv,offshore
nl,h1687,0.7896637514032925,scr1982,avaConv,offshore
nl,h1688,0.7884626944007421,scr1982,avaConv,offshore
nl,h1689,0.784822854224422,scr1982,avaConv,offshore
nl,h1690,0.7727572863221016,scr1982,avaConv,offshore
nl,h1691,0.7713795563795629,scr1982,avaConv,offshore
nl,h1692,0.7773731157906847,scr1982,avaConv,offshore
nl,h1693,0.7943036670516531,scr1982,avaConv,offshore
nl,h1694,0.8113268125560833,scr1982,avaConv,offshore
nl,h1695,0.8461468896352669,scr1982,avaConv,offshore
nl,h1696,0.8848289672118584,scr1982,avaConv,offshore
nl,h1697,0.9164193344098603,scr1982,avaConv,offshore
nl,h1698,0.9300842912188881,scr1982,avaConv,offshore
nl,h1699,0.9352354050000634,scr1982,avaConv,offshore
nl,h1700,0.9380017473100722,scr1982,avaConv,offshore
nl,h1701,0.9407759957110902,scr1982,avaConv,offshore
nl,h1702,0.9429910356521478,scr1982,avaConv,offshore
nl,h1703,0.9231311346041696,scr1982,avaConv,offshore
nl,h1704,0.884356009878054,scr1982,avaConv,offshore
nl,h1705,0.8396892923385122,scr1982,avaConv,offshore
nl,h1706,0.8069750671643611,scr1982,avaConv,offshore
nl,h1707,0.7865612297671443,scr1982,avaConv,offshore
nl,h1708,0.7662011848996895,scr1982,avaConv,offshore
nl,h1709,0.7446746649384949,scr1982,avaConv,offshore
nl,h1710,0.7200295276721126,scr1982,avaConv,offshore
nl,h1711,0.6939191955962409,scr1982,avaConv,offshore
nl,h1712,0.6739679360527592,scr1982,avaConv,offshore
nl,h1713,0.6528539390344058,scr1982,avaConv,offshore
nl,h1714,0.616121881834284,scr1982,avaConv,offshore
nl,h1715,0.5768590446745134,scr1982,avaConv,offshore
nl,h1716,0.5445883480747589,scr1982,avaConv,offshore
nl,h1717,0.5476593513169171,scr1982,avaConv,offshore
nl,h1718,0.5705995001093506,scr1982,avaConv,offshore
nl,h1719,0.5988754562971098,scr1982,avaConv,offshore
nl,h1720,0.6076618047140657,scr1982,avaConv,offshore
nl,h1721,0.600881425776695,scr1982,avaConv,offshore
nl,h1722,0.5954544254283104,scr1982,avaConv,offshore
nl,h1723,0.6041449094742303,scr1982,avaConv,offshore
nl,h1724,0.6191330231722326,scr1982,avaConv,offshore
nl,h1725,0.6295433901640404,scr1982,avaConv,offshore
nl,h1726,0.6314601162531277,scr1982,avaConv,offshore
nl,h1727,0.6396799965490518,scr1982,avaConv,offshore
nl,h1728,0.6452619534994101,scr1982,avaConv,offshore
nl,h1729,0.6479841111832375,scr1982,avaConv,offshore
nl,h1730,0.6275592899643859,scr1982,avaConv,offshore
nl,h1731,0.5979397552734047,scr1982,avaConv,offshore
nl,h1732,0.5604952076317892,scr1982,avaConv,offshore
nl,h1733,0.5185913238290744,scr1982,avaConv,offshore
nl,h1734,0.4637451910375277,scr1982,avaConv,offshore
nl,h1735,0.3879285671538014,scr1982,avaConv,offshore
nl,h1736,0.3008329202414871,scr1982,avaConv,offshore
nl,h1737,0.2215027301865622,scr1982,avaConv,offshore
nl,h1738,0.17088289388402753,scr1982,avaConv,offshore
nl,h1739,0.1568115521098981,scr1982,avaConv,offshore
nl,h1740,0.14802200491441705,scr1982,avaConv,offshore
nl,h1741,0.13188250070914517,scr1982,avaConv,offshore
nl,h1742,0.10045317518306922,scr1982,avaConv,offshore
nl,h1743,0.07288485830944459,scr1982,avaConv,offshore
nl,h1744,0.05449894884896558,scr1982,avaConv,offshore
nl,h1745,0.042115845412682845,scr1982,avaConv,offshore
nl,h1746,0.03832855892996884,scr1982,avaConv,offshore
nl,h1747,0.044423676501409756,scr1982,avaConv,offshore
nl,h1748,0.07765801445441903,scr1982,avaConv,offshore
nl,h1749,0.12436169531722595,scr1982,avaConv,offshore
nl,h1750,0.15450068357668723,scr1982,avaConv,offshore
nl,h1751,0.1618215253409201,scr1982,avaConv,offshore
nl,h1752,0.16524704945350835,scr1982,avaConv,offshore
nl,h1753,0.19218680019190587,scr1982,avaConv,offshore
nl,h1754,0.22867502809378587,scr1982,avaConv,offshore
nl,h1755,0.258592204635876,scr1982,avaConv,offshore
nl,h1756,0.2804235787903427,scr1982,avaConv,offshore
nl,h1757,0.29604628319127285,scr1982,avaConv,offshore
nl,h1758,0.32262582305788284,scr1982,avaConv,offshore
nl,h1759,0.35888542053415257,scr1982,avaConv,offshore
nl,h1760,0.38962200220146453,scr1982,avaConv,offshore
nl,h1761,0.39290812445269946,scr1982,avaConv,offshore
nl,h1762,0.3739111499008565,scr1982,avaConv,offshore
nl,h1763,0.36960467629338767,scr1982,avaConv,offshore
nl,h1764,0.3929102104109241,scr1982,avaConv,offshore
nl,h1765,0.44326407459801687,scr1982,avaConv,offshore
nl,h1766,0.5061646703846039,scr1982,avaConv,offshore
nl,h1767,0.5716436383818918,scr1982,avaConv,offshore
nl,h1768,0.6330478209844992,scr1982,avaConv,offshore
nl,h1769,0.6854049331086401,scr1982,avaConv,offshore
nl,h1770,0.73176700436447,scr1982,avaConv,offshore
nl,h1771,0.7705371971538576,scr1982,avaConv,offshore
nl,h1772,0.7984371637474912,scr1982,avaConv,offshore
nl,h1773,0.8105571160465567,scr1982,avaConv,offshore
nl,h1774,0.8074434599364112,scr1982,avaConv,offshore
nl,h1775,0.7824710651851878,scr1982,avaConv,offshore
nl,h1776,0.7550152192092333,scr1982,avaConv,offshore
nl,h1777,0.7262571883806435,scr1982,avaConv,offshore
nl,h1778,0.7033427449179632,scr1982,avaConv,offshore
nl,h1779,0.6714368814898124,scr1982,avaConv,offshore
nl,h1780,0.6297857120277132,scr1982,avaConv,offshore
nl,h1781,0.5841283472661976,scr1982,avaConv,offshore
nl,h1782,0.5497729740353161,scr1982,avaConv,offshore
nl,h1783,0.5322500131430608,scr1982,avaConv,offshore
nl,h1784,0.5248907634510118,scr1982,avaConv,offshore
nl,h1785,0.5094619856125412,scr1982,avaConv,offshore
nl,h1786,0.4775122070135257,scr1982,avaConv,offshore
nl,h1787,0.4292857916117023,scr1982,avaConv,offshore
nl,h1788,0.38326227281722725,scr1982,avaConv,offshore
nl,h1789,0.3688779129214618,scr1982,avaConv,offshore
nl,h1790,0.39199843960996594,scr1982,avaConv,offshore
nl,h1791,0.4423388699875443,scr1982,avaConv,offshore
nl,h1792,0.4826753044621169,scr1982,avaConv,offshore
nl,h1793,0.5112540939403946,scr1982,avaConv,offshore
nl,h1794,0.5190635784028603,scr1982,avaConv,offshore
nl,h1795,0.5165717921578666,scr1982,avaConv,offshore
nl,h1796,0.5104647811948043,scr1982,avaConv,offshore
nl,h1797,0.501571622752483,scr1982,avaConv,offshore
nl,h1798,0.4822567859607551,scr1982,avaConv,offshore
nl,h1799,0.45077692274769465,scr1982,avaConv,offshore
nl,h1800,0.39607177397477256,scr1982,avaConv,offshore
nl,h1801,0.3490093979212599,scr1982,avaConv,offshore
nl,h1802,0.29954497496875965,scr1982,avaConv,offshore
nl,h1803,0.270762132418083,scr1982,avaConv,offshore
nl,h1804,0.24201867306010608,scr1982,avaConv,offshore
nl,h1805,0.2167214469088805,scr1982,avaConv,offshore
nl,h1806,0.19012159021619565,scr1982,avaConv,offshore
nl,h1807,0.15151645025157326,scr1982,avaConv,offshore
nl,h1808,0.12317627895885264,scr1982,avaConv,offshore
nl,h1809,0.11284115523246506,scr1982,avaConv,offshore
nl,h1810,0.1237922738375255,scr1982,avaConv,offshore
nl,h1811,0.130539618059062,scr1982,avaConv,offshore
nl,h1812,0.1171687088793153,scr1982,avaConv,offshore
nl,h1813,0.10363186983508535,scr1982,avaConv,offshore
nl,h1814,0.1041394263629369,scr1982,avaConv,offshore
nl,h1815,0.12990386180724245,scr1982,avaConv,offshore
nl,h1816,0.16608757669730265,scr1982,avaConv,offshore
nl,h1817,0.1968829256886966,scr1982,avaConv,offshore
nl,h1818,0.21187800919029404,scr1982,avaConv,offshore
nl,h1819,0.21658984725326472,scr1982,avaConv,offshore
nl,h1820,0.21370355250120143,scr1982,avaConv,offshore
nl,h1821,0.211638446144634,scr1982,avaConv,offshore
nl,h1822,0.20292394694471344,scr1982,avaConv,offshore
nl,h1823,0.21375424925779987,scr1982,avaConv,offshore
nl,h1824,0.21419457578245016,scr1982,avaConv,offshore
nl,h1825,0.20576426243627394,scr1982,avaConv,offshore
nl,h1826,0.17257911501591866,scr1982,avaConv,offshore
nl,h1827,0.14395597553444622,scr1982,avaConv,offshore
nl,h1828,0.1255708970063215,scr1982,avaConv,offshore
nl,h1829,0.1177478256396524,scr1982,avaConv,offshore
nl,h1830,0.11966230400865759,scr1982,avaConv,offshore
nl,h1831,0.12663320385394913,scr1982,avaConv,offshore
nl,h1832,0.13946202398211793,scr1982,avaConv,offshore
nl,h1833,0.14284831626887437,scr1982,avaConv,offshore
nl,h1834,0.13162034615333026,scr1982,avaConv,offshore
nl,h1835,0.13085333346739628,scr1982,avaConv,offshore
nl,h1836,0.12433780444409348,scr1982,avaConv,offshore
nl,h1837,0.11816718640282935,scr1982,avaConv,offshore
nl,h1838,0.08981489877910454,scr1982,avaConv,offshore
nl,h1839,0.08010571488393085,scr1982,avaConv,offshore
nl,h1840,0.08080266221309962,scr1982,avaConv,offshore
nl,h1841,0.07794747462773718,scr1982,avaConv,offshore
nl,h1842,0.06046408331180882,scr1982,avaConv,offshore
nl,h1843,0.03865745290688151,scr1982,avaConv,offshore
nl,h1844,0.021880640317626508,scr1982,avaConv,offshore
nl,h1845,0.025494106728356128,scr1982,avaConv,offshore
nl,h1846,0.048844440802927665,scr1982,avaConv,offshore
nl,h1847,0.05590121289970855,scr1982,avaConv,offshore
nl,h1848,0.04852172335747771,scr1982,avaConv,offshore
nl,h1849,0.4112462993422131,scr1982,avaConv,offshore
nl,h1850,0.6940957961893818,scr1982,avaConv,offshore
nl,h1851,0.9496982439381132,scr1982,avaConv,offshore
nl,h1852,0.9495183135839177,scr1982,avaConv,offshore
nl,h1853,0.9493185990981606,scr1982,avaConv,offshore
nl,h1854,0.9489905995416621,scr1982,avaConv,offshore
nl,h1855,0.947613621851548,scr1982,avaConv,offshore
nl,h1856,0.9458007104767575,scr1982,avaConv,offshore
nl,h1857,0.9441806053141658,scr1982,avaConv,offshore
nl,h1858,0.9416263710327888,scr1982,avaConv,offshore
nl,h1859,0.9387460939790647,scr1982,avaConv,offshore
nl,h1860,0.9343746927240462,scr1982,avaConv,offshore
nl,h1861,0.9349699029982412,scr1982,avaConv,offshore
nl,h1862,0.938526067460182,scr1982,avaConv,offshore
nl,h1863,0.9442134707267079,scr1982,avaConv,offshore
nl,h1864,0.9474193568978234,scr1982,avaConv,offshore
nl,h1865,0.9487234604123043,scr1982,avaConv,offshore
nl,h1866,0.9494269554402018,scr1982,avaConv,offshore
nl,h1867,0.9494346261334429,scr1982,avaConv,offshore
nl,h1868,0.9494353262161294,scr1982,avaConv,offshore
nl,h1869,0.9495755463525715,scr1982,avaConv,offshore
nl,h1870,0.9498920784967161,scr1982,avaConv,offshore
nl,h1871,0.9499906066876243,scr1982,avaConv,offshore
nl,h1872,0.9499666641144073,scr1982,avaConv,offshore
nl,h1873,0.9499456150595196,scr1982,avaConv,offshore
nl,h1874,0.9499474715972838,scr1982,avaConv,offshore
nl,h1875,0.9499750611000142,scr1982,avaConv,offshore
nl,h1876,0.9499953202803701,scr1982,avaConv,offshore
nl,h1877,0.94996757376693,scr1982,avaConv,offshore
nl,h1878,0.9496549076404202,scr1982,avaConv,offshore
nl,h1879,0.9487986902003981,scr1982,avaConv,offshore
nl,h1880,0.9468491762717797,scr1982,avaConv,offshore
nl,h1881,0.9408904718080773,scr1982,avaConv,offshore
nl,h1882,0.9233432789145641,scr1982,avaConv,offshore
nl,h1883,0.9120430179900316,scr1982,avaConv,offshore
nl,h1884,0.888529672909895,scr1982,avaConv,offshore
nl,h1885,0.8710907412259533,scr1982,avaConv,offshore
nl,h1886,0.842754685870766,scr1982,avaConv,offshore
nl,h1887,0.8188908653704383,scr1982,avaConv,offshore
nl,h1888,0.7952484987189828,scr1982,avaConv,offshore
nl,h1889,0.7690655613296746,scr1982,avaConv,offshore
nl,h1890,0.7244711786355453,scr1982,avaConv,offshore
nl,h1891,0.6794003139607562,scr1982,avaConv,offshore
nl,h1892,0.6641036000231834,scr1982,avaConv,offshore
nl,h1893,0.6983387062565257,scr1982,avaConv,offshore
nl,h1894,0.7404697091079854,scr1982,avaConv,offshore
nl,h1895,0.7687137732828097,scr1982,avaConv,offshore
nl,h1896,0.7910944957098548,scr1982,avaConv,offshore
nl,h1897,0.8195818491766005,scr1982,avaConv,offshore
nl,h1898,0.8489207197183042,scr1982,avaConv,offshore
nl,h1899,0.8710596088920084,scr1982,avaConv,offshore
nl,h1900,0.887882827627465,scr1982,avaConv,offshore
nl,h1901,0.892791481026069,scr1982,avaConv,offshore
nl,h1902,0.8857616329141728,scr1982,avaConv,offshore
nl,h1903,0.8691582428893481,scr1982,avaConv,offshore
nl,h1904,0.8519567082070524,scr1982,avaConv,offshore
nl,h1905,0.8383425482640777,scr1982,avaConv,offshore
nl,h1906,0.8235263408586636,scr1982,avaConv,offshore
nl,h1907,0.8039417593620071,scr1982,avaConv,offshore
nl,h1908,0.7900234195072418,scr1982,avaConv,offshore
nl,h1909,0.775940548614117,scr1982,avaConv,offshore
nl,h1910,0.7634724276348311,scr1982,avaConv,offshore
nl,h1911,0.7514902463736658,scr1982,avaConv,offshore
nl,h1912,0.7651775645430258,scr1982,avaConv,offshore
nl,h1913,0.7982469999359213,scr1982,avaConv,offshore
nl,h1914,0.8413345227642589,scr1982,avaConv,offshore
nl,h1915,0.8757548367101939,scr1982,avaConv,offshore
nl,h1916,0.9021998193460511,scr1982,avaConv,offshore
nl,h1917,0.9188571218409983,scr1982,avaConv,offshore
nl,h1918,0.9280117613773178,scr1982,avaConv,offshore
nl,h1919,0.932729299402902,scr1982,avaConv,offshore
nl,h1920,0.9340645588943572,scr1982,avaConv,offshore
nl,h1921,0.9235265629058341,scr1982,avaConv,offshore
nl,h1922,0.8819114221769927,scr1982,avaConv,offshore
nl,h1923,0.7836389871747714,scr1982,avaConv,offshore
nl,h1924,0.6538900721788911,scr1982,avaConv,offshore
nl,h1925,0.5295094146337895,scr1982,avaConv,offshore
nl,h1926,0.44221899163462136,scr1982,avaConv,offshore
nl,h1927,0.39390398218723843,scr1982,avaConv,offshore
nl,h1928,0.392582295472854,scr1982,avaConv,offshore
nl,h1929,0.44965898072779575,scr1982,avaConv,offshore
nl,h1930,0.5287999913042126,scr1982,avaConv,offshore
nl,h1931,0.5661826025444234,scr1982,avaConv,offshore
nl,h1932,0.5871968105992814,scr1982,avaConv,offshore
nl,h1933,0.5884936986209724,scr1982,avaConv,offshore
nl,h1934,0.6021133361584909,scr1982,avaConv,offshore
nl,h1935,0.5831910979001382,scr1982,avaConv,offshore
nl,h1936,0.543997561301003,scr1982,avaConv,offshore
nl,h1937,0.4879290402246952,scr1982,avaConv,offshore
nl,h1938,0.43139870377349865,scr1982,avaConv,offshore
nl,h1939,0.3876193378252004,scr1982,avaConv,offshore
nl,h1940,0.36157118970583046,scr1982,avaConv,offshore
nl,h1941,0.3402446450261779,scr1982,avaConv,offshore
nl,h1942,0.31596196013544786,scr1982,avaConv,offshore
nl,h1943,0.2976258379590447,scr1982,avaConv,offshore
nl,h1944,0.282155523969342,scr1982,avaConv,offshore
nl,h1945,0.2664346692523449,scr1982,avaConv,offshore
nl,h1946,0.24304593165512073,scr1982,avaConv,offshore
nl,h1947,0.2106259824724531,scr1982,avaConv,offshore
nl,h1948,0.1753246940660214,scr1982,avaConv,offshore
nl,h1949,0.14037863601794606,scr1982,avaConv,offshore
nl,h1950,0.11894967842569996,scr1982,avaConv,offshore
nl,h1951,0.1116273823275357,scr1982,avaConv,offshore
nl,h1952,0.10673194953559399,scr1982,avaConv,offshore
nl,h1953,0.1100904669695214,scr1982,avaConv,offshore
nl,h1954,0.12762832496862425,scr1982,avaConv,offshore
nl,h1955,0.176858505122037,scr1982,avaConv,offshore
nl,h1956,0.2676409364999539,scr1982,avaConv,offshore
nl,h1957,0.38083712512643236,scr1982,avaConv,offshore
nl,h1958,0.5149742255036014,scr1982,avaConv,offshore
nl,h1959,0.637347636219235,scr1982,avaConv,offshore
nl,h1960,0.7361169001608986,scr1982,avaConv,offshore
nl,h1961,0.8088955017893759,scr1982,avaConv,offshore
nl,h1962,0.8633301244832728,scr1982,avaConv,offshore
nl,h1963,0.9073841089735666,scr1982,avaConv,offshore
nl,h1964,0.9331852828821788,scr1982,avaConv,offshore
nl,h1965,0.9447687982444242,scr1982,avaConv,offshore
nl,h1966,0.949197271636312,scr1982,avaConv,offshore
nl,h1967,0.9495855151754095,scr1982,avaConv,offshore
nl,h1968,0.9498750438531572,scr1982,avaConv,offshore
nl,h1969,0.9499722073699135,scr1982,avaConv,offshore
nl,h1970,0.9483869171364763,scr1982,avaConv,offshore
nl,h1971,0.9397501183260736,scr1982,avaConv,offshore
nl,h1972,0.9210284151122425,scr1982,avaConv,offshore
nl,h1973,0.9035321983623785,scr1982,avaConv,offshore
nl,h1974,0.8837439329829506,scr1982,avaConv,offshore
nl,h1975,0.852204287380177,scr1982,avaConv,offshore
nl,h1976,0.8050436418498066,scr1982,avaConv,offshore
nl,h1977,0.7511314706638813,scr1982,avaConv,offshore
nl,h1978,0.703454357881563,scr1982,avaConv,offshore
nl,h1979,0.6703714055829006,scr1982,avaConv,offshore
nl,h1980,0.6525937559051077,scr1982,avaConv,offshore
nl,h1981,0.6398642606647059,scr1982,avaConv,offshore
nl,h1982,0.6202044977535432,scr1982,avaConv,offshore
nl,h1983,0.5894217963712126,scr1982,avaConv,offshore
nl,h1984,0.5582314964984224,scr1982,avaConv,offshore
nl,h1985,0.5197134025845197,scr1982,avaConv,offshore
nl,h1986,0.4911059548483325,scr1982,avaConv,offshore
nl,h1987,0.47044393674174545,scr1982,avaConv,offshore
nl,h1988,0.4629713221047782,scr1982,avaConv,offshore
nl,h1989,0.45430521819498837,scr1982,avaConv,offshore
nl,h1990,0.4528174049072071,scr1982,avaConv,offshore
nl,h1991,0.4784210286126665,scr1982,avaConv,offshore
nl,h1992,0.49143839829186353,scr1982,avaConv,offshore
nl,h1993,0.495940763052974,scr1982,avaConv,offshore
nl,h1994,0.4602855527714741,scr1982,avaConv,offshore
nl,h1995,0.4189222165563761,scr1982,avaConv,offshore
nl,h1996,0.3597680560542088,scr1982,avaConv,offshore
nl,h1997,0.297011916702672,scr1982,avaConv,offshore
nl,h1998,0.24420309617514427,scr1982,avaConv,offshore
nl,h1999,0.21553970400108058,scr1982,avaConv,offshore
nl,h2000,0.21009901068912815,scr1982,avaConv,offshore
nl,h2001,0.22404796393110665,scr1982,avaConv,offshore
nl,h2002,0.24961571490971654,scr1982,avaConv,offshore
nl,h2003,0.30018829475050945,scr1982,avaConv,offshore
nl,h2004,0.3399869615959228,scr1982,avaConv,offshore
nl,h2005,0.3507339504383595,scr1982,avaConv,offshore
nl,h2006,0.3175747057555734,scr1982,avaConv,offshore
nl,h2007,0.27635929790638614,scr1982,avaConv,offshore
nl,h2008,0.2503922721638851,scr1982,avaConv,offshore
nl,h2009,0.255122851363755,scr1982,avaConv,offshore
nl,h2010,0.29684882304983196,scr1982,avaConv,offshore
nl,h2011,0.3591439346158293,scr1982,avaConv,offshore
nl,h2012,0.41737210169463795,scr1982,avaConv,offshore
nl,h2013,0.4448457226593696,scr1982,avaConv,offshore
nl,h2014,0.45605837483870665,scr1982,avaConv,offshore
nl,h2015,0.4362005618977424,scr1982,avaConv,offshore
nl,h2016,0.43400662919252136,scr1982,avaConv,offshore
nl,h2017,0.36660112425779606,scr1982,avaConv,offshore
nl,h2018,0.31779938673981706,scr1982,avaConv,offshore
nl,h2019,0.2468671010597293,scr1982,avaConv,offshore
nl,h2020,0.23670186723554565,scr1982,avaConv,offshore
nl,h2021,0.2146453775453957,scr1982,avaConv,offshore
nl,h2022,0.18036067872455766,scr1982,avaConv,offshore
nl,h2023,0.1437219413790937,scr1982,avaConv,offshore
nl,h2024,0.11977384844074532,scr1982,avaConv,offshore
nl,h2025,0.11200345485377161,scr1982,avaConv,offshore
nl,h2026,0.11295182918840574,scr1982,avaConv,offshore
nl,h2027,0.11209705299389404,scr1982,avaConv,offshore
nl,h2028,0.11207814522032719,scr1982,avaConv,offshore
nl,h2029,0.11289919956687892,scr1982,avaConv,offshore
nl,h2030,0.11876995397432182,scr1982,avaConv,offshore
nl,h2031,0.12882474347188497,scr1982,avaConv,offshore
nl,h2032,0.13974722542743345,scr1982,avaConv,offshore
nl,h2033,0.14461829801529927,scr1982,avaConv,offshore
nl,h2034,0.1363157186025383,scr1982,avaConv,offshore
nl,h2035,0.12208711181082382,scr1982,avaConv,offshore
nl,h2036,0.11276420091463289,scr1982,avaConv,offshore
nl,h2037,0.11882732789468181,scr1982,avaConv,offshore
nl,h2038,0.14170843137766506,scr1982,avaConv,offshore
nl,h2039,0.17634820211090524,scr1982,avaConv,offshore
nl,h2040,0.22080902680886977,scr1982,avaConv,offshore
nl,h2041,0.28808666444526565,scr1982,avaConv,offshore
nl,h2042,0.34345895449005504,scr1982,avaConv,offshore
nl,h2043,0.3885390056810438,scr1982,avaConv,offshore
nl,h2044,0.45378210824137444,scr1982,avaConv,offshore
nl,h2045,0.5671161603335739,scr1982,avaConv,offshore
nl,h2046,0.7011604072093807,scr1982,avaConv,offshore
nl,h2047,0.7513128415412748,scr1982,avaConv,offshore
nl,h2048,0.6892340053430367,scr1982,avaConv,offshore
nl,h2049,0.5662044212254348,scr1982,avaConv,offshore
nl,h2050,0.47893827709204595,scr1982,avaConv,offshore
nl,h2051,0.461464970941834,scr1982,avaConv,offshore
nl,h2052,0.46402500693893856,scr1982,avaConv,offshore
nl,h2053,0.44260951176113517,scr1982,avaConv,offshore
nl,h2054,0.4100111344161987,scr1982,avaConv,offshore
nl,h2055,0.37766960275688294,scr1982,avaConv,offshore
nl,h2056,0.3619169600628923,scr1982,avaConv,offshore
nl,h2057,0.344970979661567,scr1982,avaConv,offshore
nl,h2058,0.3247323963412073,scr1982,avaConv,offshore
nl,h2059,0.2960473079782968,scr1982,avaConv,offshore
nl,h2060,0.26711133847122387,scr1982,avaConv,offshore
nl,h2061,0.23508368396436466,scr1982,avaConv,offshore
nl,h2062,0.19964625709563952,scr1982,avaConv,offshore
nl,h2063,0.15365211394943915,scr1982,avaConv,offshore
nl,h2064,0.11580283400478669,scr1982,avaConv,offshore
nl,h2065,0.09161473256455786,scr1982,avaConv,offshore
nl,h2066,0.09169770601868972,scr1982,avaConv,offshore
nl,h2067,0.09373118095748884,scr1982,avaConv,offshore
nl,h2068,0.09180131470325655,scr1982,avaConv,offshore
nl,h2069,0.08876026594584614,scr1982,avaConv,offshore
nl,h2070,0.09914810883602984,scr1982,avaConv,offshore
nl,h2071,0.12087129201935085,scr1982,avaConv,offshore
nl,h2072,0.13881979070945086,scr1982,avaConv,offshore
nl,h2073,0.1465422110587532,scr1982,avaConv,offshore
nl,h2074,0.15521637958483164,scr1982,avaConv,offshore
nl,h2075,0.17633940906053164,scr1982,avaConv,offshore
nl,h2076,0.20107796765707442,scr1982,avaConv,offshore
nl,h2077,0.22297700849824642,scr1982,avaConv,offshore
nl,h2078,0.25406779991050676,scr1982,avaConv,offshore
nl,h2079,0.31029262552944725,scr1982,avaConv,offshore
nl,h2080,0.39518645793786006,scr1982,avaConv,offshore
nl,h2081,0.5040283288600661,scr1982,avaConv,offshore
nl,h2082,0.614945350441985,scr1982,avaConv,offshore
nl,h2083,0.6822756392388999,scr1982,avaConv,offshore
nl,h2084,0.7049924269915704,scr1982,avaConv,offshore
nl,h2085,0.6976633718120347,scr1982,avaConv,offshore
nl,h2086,0.7094388996177479,scr1982,avaConv,offshore
nl,h2087,0.748766545469697,scr1982,avaConv,offshore
nl,h2088,0.7855253229694018,scr1982,avaConv,offshore
nl,h2089,0.798028310407649,scr1982,avaConv,offshore
nl,h2090,0.7550986007385587,scr1982,avaConv,offshore
nl,h2091,0.6804160791642138,scr1982,avaConv,offshore
nl,h2092,0.5694395516333036,scr1982,avaConv,offshore
nl,h2093,0.4371144512528425,scr1982,avaConv,offshore
nl,h2094,0.3094733145716116,scr1982,avaConv,offshore
nl,h2095,0.22393968720983565,scr1982,avaConv,offshore
nl,h2096,0.18601607336598674,scr1982,avaConv,offshore
nl,h2097,0.1544572421240463,scr1982,avaConv,offshore
nl,h2098,0.10862435718837689,scr1982,avaConv,offshore
nl,h2099,0.06566448001181299,scr1982,avaConv,offshore
nl,h2100,0.04772444801712828,scr1982,avaConv,offshore
nl,h2101,0.05282630243342455,scr1982,avaConv,offshore
nl,h2102,0.062088532153826224,scr1982,avaConv,offshore
nl,h2103,0.06658085199017263,scr1982,avaConv,offshore
nl,h2104,0.07121004129277593,scr1982,avaConv,offshore
nl,h2105,0.06804338113415234,scr1982,avaConv,offshore
nl,h2106,0.05405565074107465,scr1982,avaConv,offshore
nl,h2107,0.03179763208054387,scr1982,avaConv,offshore
nl,h2108,0.013519934828858125,scr1982,avaConv,offshore
nl,h2109,0.004386681936257609,scr1982,avaConv,offshore
nl,h2110,0.0014676030528139915,scr1982,avaConv,offshore
nl,h2111,0.00035978365257597066,scr1982,avaConv,offshore
nl,h2112,0.0016321342094351287,scr1982,avaConv,offshore
nl,h2113,0.0037314807080536367,scr1982,avaConv,offshore
nl,h2114,0.0063255570819929306,scr1982,avaConv,offshore
nl,h2115,0.007913905977144047,scr1982,avaConv,offshore
nl,h2116,0.009275943902007451,scr1982,avaConv,offshore
nl,h2117,0.010474438205407376,scr1982,avaConv,offshore
nl,h2118,0.01004237974321756,scr1982,avaConv,offshore
nl,h2119,0.0077682568531494845,scr1982,avaConv,offshore
nl,h2120,0.0047087826150070105,scr1982,avaConv,offshore
nl,h2121,0.004351135982925139,scr1982,avaConv,offshore
nl,h2122,0.006957421034397589,scr1982,avaConv,offshore
nl,h2123,0.007549800329450945,scr1982,avaConv,offshore
nl,h2124,0.007922049404404734,scr1982,avaConv,offshore
nl,h2125,0.008006121037160982,scr1982,avaConv,offshore
nl,h2126,0.010050974204752483,scr1982,avaConv,offshore
nl,h2127,0.010697160558198466,scr1982,avaConv,offshore
nl,h2128,0.008844317778444435,scr1982,avaConv,offshore
nl,h2129,0.0055300780563272015,scr1982,avaConv,offshore
nl,h2130,0.0022704478810647304,scr1982,avaConv,offshore
nl,h2131,0.0024474199726880054,scr1982,avaConv,offshore
nl,h2132,0.00661021522572539,scr1982,avaConv,offshore
nl,h2133,0.010564565509125426,scr1982,avaConv,offshore
nl,h2134,0.013503716619373081,scr1982,avaConv,offshore
nl,h2135,0.011104432068550003,scr1982,avaConv,offshore
nl,h2136,0.013752462572887961,scr1982,avaConv,offshore
nl,h2137,0.02658225090469945,scr1982,avaConv,offshore
nl,h2138,0.04918614040789716,scr1982,avaConv,offshore
nl,h2139,0.06672519303433845,scr1982,avaConv,offshore
nl,h2140,0.07426811250845941,scr1982,avaConv,offshore
nl,h2141,0.07214899043639415,scr1982,avaConv,offshore
nl,h2142,0.06536979945420116,scr1982,avaConv,offshore
nl,h2143,0.05410200805435588,scr1982,avaConv,offshore
nl,h2144,0.04177580168513506,scr1982,avaConv,offshore
nl,h2145,0.03181426500457322,scr1982,avaConv,offshore
nl,h2146,0.029901955602990055,scr1982,avaConv,offshore
nl,h2147,0.03669071341146316,scr1982,avaConv,offshore
nl,h2148,0.055874851518057794,scr1982,avaConv,offshore
nl,h2149,0.07839741111826164,scr1982,avaConv,offshore
nl,h2150,0.09971126632095688,scr1982,avaConv,offshore
nl,h2151,0.11489876578584894,scr1982,avaConv,offshore
nl,h2152,0.12815933505089774,scr1982,avaConv,offshore
nl,h2153,0.1407125390417037,scr1982,avaConv,offshore
nl,h2154,0.15318247742395333,scr1982,avaConv,offshore
nl,h2155,0.16478020174362382,scr1982,avaConv,offshore
nl,h2156,0.1743566450556656,scr1982,avaConv,offshore
nl,h2157,0.17846799070948807,scr1982,avaConv,offshore
nl,h2158,0.17091768930483478,scr1982,avaConv,offshore
nl,h2159,0.14466045101063688,scr1982,avaConv,offshore
nl,h2160,0.12258491903593899,scr1982,avaConv,offshore
no_m,h1441,0.42188440589421,scr1982,avaConv,offshore
no_m,h1442,0.4256743164753007,scr1982,avaConv,offshore
no_m,h1443,0.43495752511059227,scr1982,avaConv,offshore
no_m,h1444,0.44141542538620965,scr1982,avaConv,offshore
no_m,h1445,0.4467376095657204,scr1982,avaConv,offshore
no_m,h1446,0.46266600233740324,scr1982,avaConv,offshore
no_m,h1447,0.48463519906471664,scr1982,avaConv,offshore
no_m,h1448,0.49818507464277767,scr1982,avaConv,offshore
no_m,h1449,0.4891706898220678,scr1982,avaConv,offshore
no_m,h1450,0.4662731711424786,scr1982,avaConv,offshore
no_m,h1451,0.41062776894017367,scr1982,avaConv,offshore
no_m,h1452,0.36994031155728907,scr1982,avaConv,offshore
no_m,h1453,0.3423349104383731,scr1982,avaConv,offshore
no_m,h1454,0.35408557652450223,scr1982,avaConv,offshore
no_m,h1455,0.3541452995566065,scr1982,avaConv,offshore
no_m,h1456,0.34175272164168935,scr1982,avaConv,offshore
no_m,h1457,0.32603395505909394,scr1982,avaConv,offshore
no_m,h1458,0.3217685301451786,scr1982,avaConv,offshore
no_m,h1459,0.3323567776232371,scr1982,avaConv,offshore
no_m,h1460,0.3509425328384177,scr1982,avaConv,offshore
no_m,h1461,0.3601475197090718,scr1982,avaConv,offshore
no_m,h1462,0.3537586021931412,scr1982,avaConv,offshore
no_m,h1463,0.30136074545683406,scr1982,avaConv,offshore
no_m,h1464,0.24153435687937186,scr1982,avaConv,offshore
no_m,h1465,0.17500082403697134,scr1982,avaConv,offshore
no_m,h1466,0.14415947819214367,scr1982,avaConv,offshore
no_m,h1467,0.11335284341884744,scr1982,avaConv,offshore
no_m,h1468,0.09062847674933483,scr1982,avaConv,offshore
no_m,h1469,0.07288609640476884,scr1982,avaConv,offshore
no_m,h1470,0.06137134401424462,scr1982,avaConv,offshore
no_m,h1471,0.05181192682856119,scr1982,avaConv,offshore
no_m,h1472,0.04816317196361764,scr1982,avaConv,offshore
no_m,h1473,0.05314144147974686,scr1982,avaConv,offshore
no_m,h1474,0.06628255058309455,scr1982,avaConv,offshore
no_m,h1475,0.09833586401647991,scr1982,avaConv,offshore
no_m,h1476,0.12125087362143179,scr1982,avaConv,offshore
no_m,h1477,0.1346154339924719,scr1982,avaConv,offshore
no_m,h1478,0.12926200781512914,scr1982,avaConv,offshore
no_m,h1479,0.13422581170930753,scr1982,avaConv,offshore
no_m,h1480,0.15417411511525644,scr1982,avaConv,offshore
no_m,h1481,0.17807238511168466,scr1982,avaConv,offshore
no_m,h1482,0.1920225042859532,scr1982,avaConv,offshore
no_m,h1483,0.19259716378010078,scr1982,avaConv,offshore
no_m,h1484,0.1893475121457495,scr1982,avaConv,offshore
no_m,h1485,0.19406860019911656,scr1982,avaConv,offshore
no_m,h1486,0.2121821867345346,scr1982,avaConv,offshore
no_m,h1487,0.22362668949116918,scr1982,avaConv,offshore
no_m,h1488,0.24982857658019625,scr1982,avaConv,offshore
no_m,h1489,0.2870261015558038,scr1982,avaConv,offshore
no_m,h1490,0.3472337865121164,scr1982,avaConv,offshore
no_m,h1491,0.4044464882416452,scr1982,avaConv,offshore
no_m,h1492,0.4580059780408029,scr1982,avaConv,offshore
no_m,h1493,0.5171893534826695,scr1982,avaConv,offshore
no_m,h1494,0.5865039711099307,scr1982,avaConv,offshore
no_m,h1495,0.6662581498631149,scr1982,avaConv,offshore
no_m,h1496,0.7448192462837705,scr1982,avaConv,offshore
no_m,h1497,0.8040782355531402,scr1982,avaConv,offshore
no_m,h1498,0.8345837217205453,scr1982,avaConv,offshore
no_m,h1499,0.835212660728889,scr1982,avaConv,offshore
no_m,h1500,0.8183355482741077,scr1982,avaConv,offshore
no_m,h1501,0.7970683326796837,scr1982,avaConv,offshore
no_m,h1502,0.7831578012075545,scr1982,avaConv,offshore
no_m,h1503,0.7818364676096359,scr1982,avaConv,offshore
no_m,h1504,0.7859134969786717,scr1982,avaConv,offshore
no_m,h1505,0.7899314799126677,scr1982,avaConv,offshore
no_m,h1506,0.7868843428851706,scr1982,avaConv,offshore
no_m,h1507,0.781876034269909,scr1982,avaConv,offshore
no_m,h1508,0.7822602702866768,scr1982,avaConv,offshore
no_m,h1509,0.8011906424397716,scr1982,avaConv,offshore
no_m,h1510,0.8348593631772063,scr1982,avaConv,offshore
no_m,h1511,0.8639957372223168,scr1982,avaConv,offshore
no_m,h1512,0.8822152650762178,scr1982,avaConv,offshore
no_m,h1513,0.8207485100667182,scr1982,avaConv,offshore
no_m,h1514,0.7294726434303841,scr1982,avaConv,offshore
no_m,h1515,0.6132041617599012,scr1982,avaConv,offshore
no_m,h1516,0.5609509332079402,scr1982,avaConv,offshore
no_m,h1517,0.5268727851726428,scr1982,avaConv,offshore
no_m,h1518,0.4835357217734586,scr1982,avaConv,offshore
no_m,h1519,0.4122577586960573,scr1982,avaConv,offshore
no_m,h1520,0.34231418136571906,scr1982,avaConv,offshore
no_m,h1521,0.3090075358450036,scr1982,avaConv,offshore
no_m,h1522,0.29161431073097877,scr1982,avaConv,offshore
no_m,h1523,0.2708501570962364,scr1982,avaConv,offshore
no_m,h1524,0.21896851194232503,scr1982,avaConv,offshore
no_m,h1525,0.17096792820438622,scr1982,avaConv,offshore
no_m,h1526,0.11893559379038314,scr1982,avaConv,offshore
no_m,h1527,0.0749483490552531,scr1982,avaConv,offshore
no_m,h1528,0.043979066599331346,scr1982,avaConv,offshore
no_m,h1529,0.02482869252348241,scr1982,avaConv,offshore
no_m,h1530,0.08545614011171565,scr1982,avaConv,offshore
no_m,h1531,0.22388494731295344,scr1982,avaConv,offshore
no_m,h1532,0.37864822846553936,scr1982,avaConv,offshore
no_m,h1533,0.5479750001437484,scr1982,avaConv,offshore
no_m,h1534,0.6774520759756498,scr1982,avaConv,offshore
no_m,h1535,0.7966747844835168,scr1982,avaConv,offshore
no_m,h1536,0.8656437556757017,scr1982,avaConv,offshore
no_m,h1537,0.913051835209874,scr1982,avaConv,offshore
no_m,h1538,0.9343298897690497,scr1982,avaConv,offshore
no_m,h1539,0.9471077245420206,scr1982,avaConv,offshore
no_m,h1540,0.9498714952439798,scr1982,avaConv,offshore
no_m,h1541,0.949999212917285,scr1982,avaConv,offshore
no_m,h1542,0.9500000000000004,scr1982,avaConv,offshore
no_m,h1543,0.9500000000000004,scr1982,avaConv,offshore
no_m,h1544,0.9500000000000004,scr1982,avaConv,offshore
no_m,h1545,0.9500000000000004,scr1982,avaConv,offshore
no_m,h1546,0.9499855494658532,scr1982,avaConv,offshore
no_m,h1547,0.9499076387259591,scr1982,avaConv,offshore
no_m,h1548,0.9496933577656098,scr1982,avaConv,offshore
no_m,h1549,0.9470260014760361,scr1982,avaConv,offshore
no_m,h1550,0.9248490383633102,scr1982,avaConv,offshore
no_m,h1551,0.8710289179630262,scr1982,avaConv,offshore
no_m,h1552,0.7434193507747416,scr1982,avaConv,offshore
no_m,h1553,0.5516264765726493,scr1982,avaConv,offshore
no_m,h1554,0.33889973721610456,scr1982,avaConv,offshore
no_m,h1555,0.2043073841168708,scr1982,avaConv,offshore
no_m,h1556,0.19643857421186095,scr1982,avaConv,offshore
no_m,h1557,0.2569109106981146,scr1982,avaConv,offshore
no_m,h1558,0.31634828773330315,scr1982,avaConv,offshore
no_m,h1559,0.3725848072306801,scr1982,avaConv,offshore
no_m,h1560,0.42538978831249025,scr1982,avaConv,offshore
no_m,h1561,0.4353253142981621,scr1982,avaConv,offshore
no_m,h1562,0.38643988067469526,scr1982,avaConv,offshore
no_m,h1563,0.30509863556627614,scr1982,avaConv,offshore
no_m,h1564,0.2432130168075156,scr1982,avaConv,offshore
no_m,h1565,0.20966691738321142,scr1982,avaConv,offshore
no_m,h1566,0.17974739052677857,scr1982,avaConv,offshore
no_m,h1567,0.1459383954302249,scr1982,avaConv,offshore
no_m,h1568,0.1158983706549886,scr1982,avaConv,offshore
no_m,h1569,0.09826065909002532,scr1982,avaConv,offshore
no_m,h1570,0.10384536376342504,scr1982,avaConv,offshore
no_m,h1571,0.11340144749816927,scr1982,avaConv,offshore
no_m,h1572,0.11478099963739977,scr1982,avaConv,offshore
no_m,h1573,0.10036692783927677,scr1982,avaConv,offshore
no_m,h1574,0.07973090010535054,scr1982,avaConv,offshore
no_m,h1575,0.056002138029490785,scr1982,avaConv,offshore
no_m,h1576,0.04036720073320026,scr1982,avaConv,offshore
no_m,h1577,0.035690025459360224,scr1982,avaConv,offshore
no_m,h1578,0.03778736513793298,scr1982,avaConv,offshore
no_m,h1579,0.04841239769795297,scr1982,avaConv,offshore
no_m,h1580,0.06614931233503356,scr1982,avaConv,offshore
no_m,h1581,0.09081715049689151,scr1982,avaConv,offshore
no_m,h1582,0.12261491515899071,scr1982,avaConv,offshore
no_m,h1583,0.1468215580866537,scr1982,avaConv,offshore
no_m,h1584,0.15445627493345052,scr1982,avaConv,offshore
no_m,h1585,0.14877232788570052,scr1982,avaConv,offshore
no_m,h1586,0.1509135317153445,scr1982,avaConv,offshore
no_m,h1587,0.16411623947966425,scr1982,avaConv,offshore
no_m,h1588,0.17248094918658122,scr1982,avaConv,offshore
no_m,h1589,0.19347435852651854,scr1982,avaConv,offshore
no_m,h1590,0.22357503357807315,scr1982,avaConv,offshore
no_m,h1591,0.257359097869178,scr1982,avaConv,offshore
no_m,h1592,0.2709008914868861,scr1982,avaConv,offshore
no_m,h1593,0.27310003449046366,scr1982,avaConv,offshore
no_m,h1594,0.2715677714478504,scr1982,avaConv,offshore
no_m,h1595,0.24732192267918296,scr1982,avaConv,offshore
no_m,h1596,0.2185394015269146,scr1982,avaConv,offshore
no_m,h1597,0.18314830102533616,scr1982,avaConv,offshore
no_m,h1598,0.16055268894886213,scr1982,avaConv,offshore
no_m,h1599,0.1318824565259431,scr1982,avaConv,offshore
no_m,h1600,0.11563468667406876,scr1982,avaConv,offshore
no_m,h1601,0.11633109306079355,scr1982,avaConv,offshore
no_m,h1602,0.11936324214750332,scr1982,avaConv,offshore
no_m,h1603,0.10949182774291687,scr1982,avaConv,offshore
no_m,h1604,0.08447101760013342,scr1982,avaConv,offshore
no_m,h1605,0.05922656571856898,scr1982,avaConv,offshore
no_m,h1606,0.04210972338392228,scr1982,avaConv,offshore
no_m,h1607,0.032590393441136394,scr1982,avaConv,offshore
no_m,h1608,0.031034615472689667,scr1982,avaConv,offshore
no_m,h1609,0.03613201932470331,scr1982,avaConv,offshore
no_m,h1610,0.060258108384512586,scr1982,avaConv,offshore
no_m,h1611,0.10428507979509567,scr1982,avaConv,offshore
no_m,h1612,0.16985474529169606,scr1982,avaConv,offshore
no_m,h1613,0.23492735328637032,scr1982,avaConv,offshore
no_m,h1614,0.2771689181744491,scr1982,avaConv,offshore
no_m,h1615,0.29689146641439074,scr1982,avaConv,offshore
no_m,h1616,0.31161511739327924,scr1982,avaConv,offshore
no_m,h1617,0.3415039745267245,scr1982,avaConv,offshore
no_m,h1618,0.39471968917836114,scr1982,avaConv,offshore
no_m,h1619,0.4627527790250102,scr1982,avaConv,offshore
no_m,h1620,0.5427479340492113,scr1982,avaConv,offshore
no_m,h1621,0.6055358530077745,scr1982,avaConv,offshore
no_m,h1622,0.6567791418378494,scr1982,avaConv,offshore
no_m,h1623,0.6929212389881066,scr1982,avaConv,offshore
no_m,h1624,0.7264005520563137,scr1982,avaConv,offshore
no_m,h1625,0.75656748059048,scr1982,avaConv,offshore
no_m,h1626,0.7822794867563257,scr1982,avaConv,offshore
no_m,h1627,0.8086051452491296,scr1982,avaConv,offshore
no_m,h1628,0.8270710374682446,scr1982,avaConv,offshore
no_m,h1629,0.824345616510126,scr1982,avaConv,offshore
no_m,h1630,0.7909146427187563,scr1982,avaConv,offshore
no_m,h1631,0.7116773371029355,scr1982,avaConv,offshore
no_m,h1632,0.6260260438546392,scr1982,avaConv,offshore
no_m,h1633,0.5410416257957766,scr1982,avaConv,offshore
no_m,h1634,0.45167953796337174,scr1982,avaConv,offshore
no_m,h1635,0.3447375134770285,scr1982,avaConv,offshore
no_m,h1636,0.23380751627984536,scr1982,avaConv,offshore
no_m,h1637,0.16296211002317654,scr1982,avaConv,offshore
no_m,h1638,0.11621513524880105,scr1982,avaConv,offshore
no_m,h1639,0.08489829095636424,scr1982,avaConv,offshore
no_m,h1640,0.06699530713580859,scr1982,avaConv,offshore
no_m,h1641,0.07612673759673085,scr1982,avaConv,offshore
no_m,h1642,0.10110794379935435,scr1982,avaConv,offshore
no_m,h1643,0.14451938105703388,scr1982,avaConv,offshore
no_m,h1644,0.18561359352153492,scr1982,avaConv,offshore
no_m,h1645,0.2227261768213072,scr1982,avaConv,offshore
no_m,h1646,0.245846912624828,scr1982,avaConv,offshore
no_m,h1647,0.24553336692264238,scr1982,avaConv,offshore
no_m,h1648,0.21247238404907204,scr1982,avaConv,offshore
no_m,h1649,0.16281409585905085,scr1982,avaConv,offshore
no_m,h1650,0.14840283900969672,scr1982,avaConv,offshore
no_m,h1651,0.18978714307007352,scr1982,avaConv,offshore
no_m,h1652,0.27379451264780447,scr1982,avaConv,offshore
no_m,h1653,0.36144359978781926,scr1982,avaConv,offshore
no_m,h1654,0.438664262094115,scr1982,avaConv,offshore
no_m,h1655,0.5070692520219401,scr1982,avaConv,offshore
no_m,h1656,0.5936359061703697,scr1982,avaConv,offshore
no_m,h1657,0.6974162855798687,scr1982,avaConv,offshore
no_m,h1658,0.7206768313765232,scr1982,avaConv,offshore
no_m,h1659,0.6560626364804756,scr1982,avaConv,offshore
no_m,h1660,0.5081915601488002,scr1982,avaConv,offshore
no_m,h1661,0.374861986252367,scr1982,avaConv,offshore
no_m,h1662,0.28290306722714215,scr1982,avaConv,offshore
no_m,h1663,0.22752098406373394,scr1982,avaConv,offshore
no_m,h1664,0.19736933032112744,scr1982,avaConv,offshore
no_m,h1665,0.19333277654134848,scr1982,avaConv,offshore
no_m,h1666,0.22515152481866982,scr1982,avaConv,offshore
no_m,h1667,0.23035171922814962,scr1982,avaConv,offshore
no_m,h1668,0.1882471943030873,scr1982,avaConv,offshore
no_m,h1669,0.09816527512993245,scr1982,avaConv,offshore
no_m,h1670,0.05462303980911078,scr1982,avaConv,offshore
no_m,h1671,0.05006727645273969,scr1982,avaConv,offshore
no_m,h1672,0.06402630988419358,scr1982,avaConv,offshore
no_m,h1673,0.08679428814532063,scr1982,avaConv,offshore
no_m,h1674,0.14327003145197162,scr1982,avaConv,offshore
no_m,h1675,0.25404006444368576,scr1982,avaConv,offshore
no_m,h1676,0.4010936496120584,scr1982,avaConv,offshore
no_m,h1677,0.557906887067193,scr1982,avaConv,offshore
no_m,h1678,0.6982408261854531,scr1982,avaConv,offshore
no_m,h1679,0.7791258437184008,scr1982,avaConv,offshore
no_m,h1680,0.8134735200834854,scr1982,avaConv,offshore
no_m,h1681,0.6520673510905196,scr1982,avaConv,offshore
no_m,h1682,0.476525313231787,scr1982,avaConv,offshore
no_m,h1683,0.28286699942884125,scr1982,avaConv,offshore
no_m,h1684,0.30198349546353387,scr1982,avaConv,offshore
no_m,h1685,0.3527955965751109,scr1982,avaConv,offshore
no_m,h1686,0.42238637184127653,scr1982,avaConv,offshore
no_m,h1687,0.49473834608987793,scr1982,avaConv,offshore
no_m,h1688,0.5461396441665267,scr1982,avaConv,offshore
no_m,h1689,0.5672389937705665,scr1982,avaConv,offshore
no_m,h1690,0.5575942231352665,scr1982,avaConv,offshore
no_m,h1691,0.5088548701048901,scr1982,avaConv,offshore
no_m,h1692,0.46367381755837306,scr1982,avaConv,offshore
no_m,h1693,0.42898631108434837,scr1982,avaConv,offshore
no_m,h1694,0.4226606589644383,scr1982,avaConv,offshore
no_m,h1695,0.3980057833792756,scr1982,avaConv,offshore
no_m,h1696,0.35590090196799473,scr1982,avaConv,offshore
no_m,h1697,0.3022084198427745,scr1982,avaConv,offshore
no_m,h1698,0.2411854449342157,scr1982,avaConv,offshore
no_m,h1699,0.16954243851313625,scr1982,avaConv,offshore
no_m,h1700,0.09310633395358665,scr1982,avaConv,offshore
no_m,h1701,0.03490750629258251,scr1982,avaConv,offshore
no_m,h1702,0.0034009324449620587,scr1982,avaConv,offshore
no_m,h1703,0.0026318580855565843,scr1982,avaConv,offshore
no_m,h1704,0.007585301805748951,scr1982,avaConv,offshore
no_m,h1705,0.017571711964962284,scr1982,avaConv,offshore
no_m,h1706,0.028988686406327038,scr1982,avaConv,offshore
no_m,h1707,0.03706502188065755,scr1982,avaConv,offshore
no_m,h1708,0.047600086818260265,scr1982,avaConv,offshore
no_m,h1709,0.07042574395320612,scr1982,avaConv,offshore
no_m,h1710,0.11068957453219715,scr1982,avaConv,offshore
no_m,h1711,0.1604525500787097,scr1982,avaConv,offshore
no_m,h1712,0.19912718656635134,scr1982,avaConv,offshore
no_m,h1713,0.21334636955699854,scr1982,avaConv,offshore
no_m,h1714,0.21038498352040247,scr1982,avaConv,offshore
no_m,h1715,0.22030866703831117,scr1982,avaConv,offshore
no_m,h1716,0.2453631926849498,scr1982,avaConv,offshore
no_m,h1717,0.27178603391911893,scr1982,avaConv,offshore
no_m,h1718,0.2876822004522622,scr1982,avaConv,offshore
no_m,h1719,0.30329749909388687,scr1982,avaConv,offshore
no_m,h1720,0.3300875955106777,scr1982,avaConv,offshore
no_m,h1721,0.3537671896196899,scr1982,avaConv,offshore
no_m,h1722,0.3726344695985846,scr1982,avaConv,offshore
no_m,h1723,0.37945070332875214,scr1982,avaConv,offshore
no_m,h1724,0.3952863956825179,scr1982,avaConv,offshore
no_m,h1725,0.4175857687148331,scr1982,avaConv,offshore
no_m,h1726,0.44137876697608036,scr1982,avaConv,offshore
no_m,h1727,0.4286737340692523,scr1982,avaConv,offshore
no_m,h1728,0.4101411885020922,scr1982,avaConv,offshore
no_m,h1729,0.3915028906604815,scr1982,avaConv,offshore
no_m,h1730,0.410965923827169,scr1982,avaConv,offshore
no_m,h1731,0.4449507356195099,scr1982,avaConv,offshore
no_m,h1732,0.48360938751730026,scr1982,avaConv,offshore
no_m,h1733,0.5063832296085595,scr1982,avaConv,offshore
no_m,h1734,0.507924691367786,scr1982,avaConv,offshore
no_m,h1735,0.49971113465945455,scr1982,avaConv,offshore
no_m,h1736,0.5055435254264133,scr1982,avaConv,offshore
no_m,h1737,0.5278713247640549,scr1982,avaConv,offshore
no_m,h1738,0.5698458020525311,scr1982,avaConv,offshore
no_m,h1739,0.6043758277929331,scr1982,avaConv,offshore
no_m,h1740,0.6345421462611261,scr1982,avaConv,offshore
no_m,h1741,0.6506223965337862,scr1982,avaConv,offshore
no_m,h1742,0.6716718559089269,scr1982,avaConv,offshore
no_m,h1743,0.6934851832302208,scr1982,avaConv,offshore
no_m,h1744,0.7204938520843932,scr1982,avaConv,offshore
no_m,h1745,0.742597762626723,scr1982,avaConv,offshore
no_m,h1746,0.7609593672371381,scr1982,avaConv,offshore
no_m,h1747,0.781332632998213,scr1982,avaConv,offshore
no_m,h1748,0.8108370548110321,scr1982,avaConv,offshore
no_m,h1749,0.8418130001446098,scr1982,avaConv,offshore
no_m,h1750,0.8597527237929719,scr1982,avaConv,offshore
no_m,h1751,0.862631644232929,scr1982,avaConv,offshore
no_m,h1752,0.8492142131356311,scr1982,avaConv,offshore
no_m,h1753,0.8221963591440016,scr1982,avaConv,offshore
no_m,h1754,0.7890568242833056,scr1982,avaConv,offshore
no_m,h1755,0.7396939951688142,scr1982,avaConv,offshore
no_m,h1756,0.684511452357979,scr1982,avaConv,offshore
no_m,h1757,0.6104936624750595,scr1982,avaConv,offshore
no_m,h1758,0.5408040192403204,scr1982,avaConv,offshore
no_m,h1759,0.4796559585901783,scr1982,avaConv,offshore
no_m,h1760,0.4487336512849111,scr1982,avaConv,offshore
no_m,h1761,0.4591824970230702,scr1982,avaConv,offshore
no_m,h1762,0.49752414767395703,scr1982,avaConv,offshore
no_m,h1763,0.5341463603062054,scr1982,avaConv,offshore
no_m,h1764,0.5214870512309607,scr1982,avaConv,offshore
no_m,h1765,0.4633346003424257,scr1982,avaConv,offshore
no_m,h1766,0.3800111761718179,scr1982,avaConv,offshore
no_m,h1767,0.315279718309455,scr1982,avaConv,offshore
no_m,h1768,0.28525599183961836,scr1982,avaConv,offshore
no_m,h1769,0.2920545847201934,scr1982,avaConv,offshore
no_m,h1770,0.3298650940995511,scr1982,avaConv,offshore
no_m,h1771,0.37598753800711876,scr1982,avaConv,offshore
no_m,h1772,0.39885597955901536,scr1982,avaConv,offshore
no_m,h1773,0.38896454016180754,scr1982,avaConv,offshore
no_m,h1774,0.3747926506375983,scr1982,avaConv,offshore
no_m,h1775,0.3561900603278587,scr1982,avaConv,offshore
no_m,h1776,0.3621855490925384,scr1982,avaConv,offshore
no_m,h1777,0.35223158334492677,scr1982,avaConv,offshore
no_m,h1778,0.34480517393562016,scr1982,avaConv,offshore
no_m,h1779,0.3141398759690577,scr1982,avaConv,offshore
no_m,h1780,0.28580777176170213,scr1982,avaConv,offshore
no_m,h1781,0.2715131054524061,scr1982,avaConv,offshore
no_m,h1782,0.27700914101798174,scr1982,avaConv,offshore
no_m,h1783,0.2864750319100006,scr1982,avaConv,offshore
no_m,h1784,0.290767294073322,scr1982,avaConv,offshore
no_m,h1785,0.2921589332387777,scr1982,avaConv,offshore
no_m,h1786,0.3111990616688667,scr1982,avaConv,offshore
no_m,h1787,0.3343142089945246,scr1982,avaConv,offshore
no_m,h1788,0.35417111918443817,scr1982,avaConv,offshore
no_m,h1789,0.346422698466028,scr1982,avaConv,offshore
no_m,h1790,0.3312023312178734,scr1982,avaConv,offshore
no_m,h1791,0.3379084826039167,scr1982,avaConv,offshore
no_m,h1792,0.39454671433585997,scr1982,avaConv,offshore
no_m,h1793,0.4836446569134564,scr1982,avaConv,offshore
no_m,h1794,0.5656328986416965,scr1982,avaConv,offshore
no_m,h1795,0.6124832374074204,scr1982,avaConv,offshore
no_m,h1796,0.6388434015633623,scr1982,avaConv,offshore
no_m,h1797,0.6664870674960266,scr1982,avaConv,offshore
no_m,h1798,0.7006626782599935,scr1982,avaConv,offshore
no_m,h1799,0.7366981324903532,scr1982,avaConv,offshore
no_m,h1800,0.7556015692605015,scr1982,avaConv,offshore
no_m,h1801,0.7617864604914615,scr1982,avaConv,offshore
no_m,h1802,0.7534029575269869,scr1982,avaConv,offshore
no_m,h1803,0.7484691950621751,scr1982,avaConv,offshore
no_m,h1804,0.7626809598508604,scr1982,avaConv,offshore
no_m,h1805,0.7984893379334103,scr1982,avaConv,offshore
no_m,h1806,0.8468943281350603,scr1982,avaConv,offshore
no_m,h1807,0.8906793792937757,scr1982,avaConv,offshore
no_m,h1808,0.9216502991725367,scr1982,avaConv,offshore
no_m,h1809,0.9343976504659763,scr1982,avaConv,offshore
no_m,h1810,0.9254120635671012,scr1982,avaConv,offshore
no_m,h1811,0.8864166468430796,scr1982,avaConv,offshore
no_m,h1812,0.8006391275056387,scr1982,avaConv,offshore
no_m,h1813,0.6811882204395274,scr1982,avaConv,offshore
no_m,h1814,0.5458659045797004,scr1982,avaConv,offshore
no_m,h1815,0.4270280158351203,scr1982,avaConv,offshore
no_m,h1816,0.33931099943898857,scr1982,avaConv,offshore
no_m,h1817,0.2884100602138028,scr1982,avaConv,offshore
no_m,h1818,0.2672137991439064,scr1982,avaConv,offshore
no_m,h1819,0.26033769518849015,scr1982,avaConv,offshore
no_m,h1820,0.27677467644443926,scr1982,avaConv,offshore
no_m,h1821,0.29521486610523495,scr1982,avaConv,offshore
no_m,h1822,0.3053922103642242,scr1982,avaConv,offshore
no_m,h1823,0.29281465053120836,scr1982,avaConv,offshore
no_m,h1824,0.2590904145005653,scr1982,avaConv,offshore
no_m,h1825,0.20858974292345114,scr1982,avaConv,offshore
no_m,h1826,0.14313175471789621,scr1982,avaConv,offshore
no_m,h1827,0.09353200536486878,scr1982,avaConv,offshore
no_m,h1828,0.06980619132570841,scr1982,avaConv,offshore
no_m,h1829,0.07037316961169329,scr1982,avaConv,offshore
no_m,h1830,0.07718690903806842,scr1982,avaConv,offshore
no_m,h1831,0.0747015474959986,scr1982,avaConv,offshore
no_m,h1832,0.05872121833917526,scr1982,avaConv,offshore
no_m,h1833,0.0347760722701167,scr1982,avaConv,offshore
no_m,h1834,0.01663380552023602,scr1982,avaConv,offshore
no_m,h1835,0.00607701194201906,scr1982,avaConv,offshore
no_m,h1836,0.008899170515451032,scr1982,avaConv,offshore
no_m,h1837,0.021895110538611887,scr1982,avaConv,offshore
no_m,h1838,0.03344524269797602,scr1982,avaConv,offshore
no_m,h1839,0.03751447750379281,scr1982,avaConv,offshore
no_m,h1840,0.027926542501105343,scr1982,avaConv,offshore
no_m,h1841,0.015031966438605401,scr1982,avaConv,offshore
no_m,h1842,0.0027111606809194578,scr1982,avaConv,offshore
no_m,h1843,0.0,scr1982,avaConv,offshore
no_m,h1844,0.016704181145264,scr1982,avaConv,offshore
no_m,h1845,0.049240110490691866,scr1982,avaConv,offshore
no_m,h1846,0.07228040718788706,scr1982,avaConv,offshore
no_m,h1847,0.07051413473183778,scr1982,avaConv,offshore
no_m,h1848,0.04385670902572575,scr1982,avaConv,offshore
no_m,h1849,0.4121563616915792,scr1982,avaConv,offshore
no_m,h1850,0.6925698771469468,scr1982,avaConv,offshore
no_m,h1851,0.9413047118435266,scr1982,avaConv,offshore
no_m,h1852,0.9363093947085124,scr1982,avaConv,offshore
no_m,h1853,0.9272034552237974,scr1982,avaConv,offshore
no_m,h1854,0.9194518534883448,scr1982,avaConv,offshore
no_m,h1855,0.9203980812082421,scr1982,avaConv,offshore
no_m,h1856,0.9287033859342727,scr1982,avaConv,offshore
no_m,h1857,0.9386591132081943,scr1982,avaConv,offshore
no_m,h1858,0.944643228494396,scr1982,avaConv,offshore
no_m,h1859,0.9461075142826525,scr1982,avaConv,offshore
no_m,h1860,0.9467057887456017,scr1982,avaConv,offshore
no_m,h1861,0.9455253054589486,scr1982,avaConv,offshore
no_m,h1862,0.932317033882182,scr1982,avaConv,offshore
no_m,h1863,0.8768538698390259,scr1982,avaConv,offshore
no_m,h1864,0.7575832401959312,scr1982,avaConv,offshore
no_m,h1865,0.5865091815854168,scr1982,avaConv,offshore
no_m,h1866,0.39970165354205595,scr1982,avaConv,offshore
no_m,h1867,0.2452026096784169,scr1982,avaConv,offshore
no_m,h1868,0.1655493862968294,scr1982,avaConv,offshore
no_m,h1869,0.1827914173768357,scr1982,avaConv,offshore
no_m,h1870,0.2292875034934397,scr1982,avaConv,offshore
no_m,h1871,0.21387035672568433,scr1982,avaConv,offshore
no_m,h1872,0.1428771776514675,scr1982,avaConv,offshore
no_m,h1873,0.054621836857267125,scr1982,avaConv,offshore
no_m,h1874,0.021685710856272914,scr1982,avaConv,offshore
no_m,h1875,0.02549547078716486,scr1982,avaConv,offshore
no_m,h1876,0.028900715263235142,scr1982,avaConv,offshore
no_m,h1877,0.025819406609244294,scr1982,avaConv,offshore
no_m,h1878,0.018072313550790045,scr1982,avaConv,offshore
no_m,h1879,0.011314924494600821,scr1982,avaConv,offshore
no_m,h1880,0.006857803349916905,scr1982,avaConv,offshore
no_m,h1881,0.004645753820540204,scr1982,avaConv,offshore
no_m,h1882,0.0070156976989012975,scr1982,avaConv,offshore
no_m,h1883,0.013058385425157856,scr1982,avaConv,offshore
no_m,h1884,0.012099005733739383,scr1982,avaConv,offshore
no_m,h1885,0.009059778893500438,scr1982,avaConv,offshore
no_m,h1886,0.001197131434244828,scr1982,avaConv,offshore
no_m,h1887,0.0,scr1982,avaConv,offshore
no_m,h1888,0.00446447114167941,scr1982,avaConv,offshore
no_m,h1889,0.009552903345061415,scr1982,avaConv,offshore
no_m,h1890,0.012607529409978181,scr1982,avaConv,offshore
no_m,h1891,0.01881985190916331,scr1982,avaConv,offshore
no_m,h1892,0.03382998148070551,scr1982,avaConv,offshore
no_m,h1893,0.0667142552056391,scr1982,avaConv,offshore
no_m,h1894,0.10635043079264517,scr1982,avaConv,offshore
no_m,h1895,0.1378446225814937,scr1982,avaConv,offshore
no_m,h1896,0.14612070336806643,scr1982,avaConv,offshore
no_m,h1897,0.13363500064282088,scr1982,avaConv,offshore
no_m,h1898,0.11903103300175753,scr1982,avaConv,offshore
no_m,h1899,0.12223936649402473,scr1982,avaConv,offshore
no_m,h1900,0.14261159171795526,scr1982,avaConv,offshore
no_m,h1901,0.15871075769210294,scr1982,avaConv,offshore
no_m,h1902,0.15609544198391398,scr1982,avaConv,offshore
no_m,h1903,0.12775700760950334,scr1982,avaConv,offshore
no_m,h1904,0.08760589036694832,scr1982,avaConv,offshore
no_m,h1905,0.04714349183086222,scr1982,avaConv,offshore
no_m,h1906,0.021403570695611145,scr1982,avaConv,offshore
no_m,h1907,0.014581906215144188,scr1982,avaConv,offshore
no_m,h1908,0.01567962247922142,scr1982,avaConv,offshore
no_m,h1909,0.01644608903359582,scr1982,avaConv,offshore
no_m,h1910,0.01224082541574557,scr1982,avaConv,offshore
no_m,h1911,0.008340318914349453,scr1982,avaConv,offshore
no_m,h1912,0.006104380187497483,scr1982,avaConv,offshore
no_m,h1913,0.0041293323168460905,scr1982,avaConv,offshore
no_m,h1914,0.0022882528988056846,scr1982,avaConv,offshore
no_m,h1915,0.0004954073703557275,scr1982,avaConv,offshore
no_m,h1916,0.0,scr1982,avaConv,offshore
no_m,h1917,0.0,scr1982,avaConv,offshore
no_m,h1918,0.0,scr1982,avaConv,offshore
no_m,h1919,0.0,scr1982,avaConv,offshore
no_m,h1920,0.0,scr1982,avaConv,offshore
no_m,h1921,0.0,scr1982,avaConv,offshore
no_m,h1922,0.0006933135917736813,scr1982,avaConv,offshore
no_m,h1923,0.004581472326478372,scr1982,avaConv,offshore
no_m,h1924,0.015883747597777706,scr1982,avaConv,offshore
no_m,h1925,0.03189672737287826,scr1982,avaConv,offshore
no_m,h1926,0.05127961457892168,scr1982,avaConv,offshore
no_m,h1927,0.0779369547733588,scr1982,avaConv,offshore
no_m,h1928,0.11941098259902706,scr1982,avaConv,offshore
no_m,h1929,0.17528468120669957,scr1982,avaConv,offshore
no_m,h1930,0.2299897475012112,scr1982,avaConv,offshore
no_m,h1931,0.26059000761931644,scr1982,avaConv,offshore
no_m,h1932,0.2572587859656921,scr1982,avaConv,offshore
no_m,h1933,0.22722458001033657,scr1982,avaConv,offshore
no_m,h1934,0.1973220301819203,scr1982,avaConv,offshore
no_m,h1935,0.1863158461325108,scr1982,avaConv,offshore
no_m,h1936,0.1933086199156506,scr1982,avaConv,offshore
no_m,h1937,0.21160655734152906,scr1982,avaConv,offshore
no_m,h1938,0.23143265366731003,scr1982,avaConv,offshore
no_m,h1939,0.24176982199605657,scr1982,avaConv,offshore
no_m,h1940,0.2307590492364217,scr1982,avaConv,offshore
no_m,h1941,0.19618870352229736,scr1982,avaConv,offshore
no_m,h1942,0.15231295345848175,scr1982,avaConv,offshore
no_m,h1943,0.11534603070423309,scr1982,avaConv,offshore
no_m,h1944,0.09344782861008653,scr1982,avaConv,offshore
no_m,h1945,0.08219713476498641,scr1982,avaConv,offshore
no_m,h1946,0.07418526480816831,scr1982,avaConv,offshore
no_m,h1947,0.06365733003598063,scr1982,avaConv,offshore
no_m,h1948,0.055721957265810355,scr1982,avaConv,offshore
no_m,h1949,0.04668674051636644,scr1982,avaConv,offshore
no_m,h1950,0.04279226653597453,scr1982,avaConv,offshore
no_m,h1951,0.04280311525570012,scr1982,avaConv,offshore
no_m,h1952,0.05005938182224511,scr1982,avaConv,offshore
no_m,h1953,0.06097753966489674,scr1982,avaConv,offshore
no_m,h1954,0.07095275299887814,scr1982,avaConv,offshore
no_m,h1955,0.06401069088684067,scr1982,avaConv,offshore
no_m,h1956,0.04724180700655641,scr1982,avaConv,offshore
no_m,h1957,0.02420780161438369,scr1982,avaConv,offshore
no_m,h1958,0.015456841400649542,scr1982,avaConv,offshore
no_m,h1959,0.018082981909917032,scr1982,avaConv,offshore
no_m,h1960,0.02106348800367549,scr1982,avaConv,offshore
no_m,h1961,0.020598293852661865,scr1982,avaConv,offshore
no_m,h1962,0.023880582262497577,scr1982,avaConv,offshore
no_m,h1963,0.04332560942656718,scr1982,avaConv,offshore
no_m,h1964,0.0762201303691623,scr1982,avaConv,offshore
no_m,h1965,0.1033319765047389,scr1982,avaConv,offshore
no_m,h1966,0.11485463479293673,scr1982,avaConv,offshore
no_m,h1967,0.11023727414092784,scr1982,avaConv,offshore
no_m,h1968,0.11868300710595875,scr1982,avaConv,offshore
no_m,h1969,0.15943273108183934,scr1982,avaConv,offshore
no_m,h1970,0.26018101083940637,scr1982,avaConv,offshore
no_m,h1971,0.39503229381499594,scr1982,avaConv,offshore
no_m,h1972,0.52989412191841,scr1982,avaConv,offshore
no_m,h1973,0.6285946867627693,scr1982,avaConv,offshore
no_m,h1974,0.6849581022399618,scr1982,avaConv,offshore
no_m,h1975,0.709463286973911,scr1982,avaConv,offshore
no_m,h1976,0.6992599630393321,scr1982,avaConv,offshore
no_m,h1977,0.653182693960337,scr1982,avaConv,offshore
no_m,h1978,0.6193409310189646,scr1982,avaConv,offshore
no_m,h1979,0.6626229081210508,scr1982,avaConv,offshore
no_m,h1980,0.7793103791224071,scr1982,avaConv,offshore
no_m,h1981,0.8880972770128601,scr1982,avaConv,offshore
no_m,h1982,0.9416158867621227,scr1982,avaConv,offshore
no_m,h1983,0.9499625147762928,scr1982,avaConv,offshore
no_m,h1984,0.9499974810393158,scr1982,avaConv,offshore
no_m,h1985,0.9499984205295379,scr1982,avaConv,offshore
no_m,h1986,0.949999058331869,scr1982,avaConv,offshore
no_m,h1987,0.9499999571221858,scr1982,avaConv,offshore
no_m,h1988,0.9500000000000004,scr1982,avaConv,offshore
no_m,h1989,0.9500000000000004,scr1982,avaConv,offshore
no_m,h1990,0.9499999857805167,scr1982,avaConv,offshore
no_m,h1991,0.9499998913157038,scr1982,avaConv,offshore
no_m,h1992,0.9499998913157038,scr1982,avaConv,offshore
no_m,h1993,0.9499999055351879,scr1982,avaConv,offshore
no_m,h1994,0.9499999708886658,scr1982,avaConv,offshore
no_m,h1995,0.94999990827871,scr1982,avaConv,offshore
no_m,h1996,0.9499977258547629,scr1982,avaConv,offshore
no_m,h1997,0.9499824326471603,scr1982,avaConv,offshore
no_m,h1998,0.9499667387825557,scr1982,avaConv,offshore
no_m,h1999,0.9499576830174941,scr1982,avaConv,offshore
no_m,h2000,0.9499616104079112,scr1982,avaConv,offshore
no_m,h2001,0.9499434514960876,scr1982,avaConv,offshore
no_m,h2002,0.9497847164524654,scr1982,avaConv,offshore
no_m,h2003,0.9493383984489412,scr1982,avaConv,offshore
no_m,h2004,0.9488038911053688,scr1982,avaConv,offshore
no_m,h2005,0.9484905860883709,scr1982,avaConv,offshore
no_m,h2006,0.948527480336054,scr1982,avaConv,offshore
no_m,h2007,0.9486247455646072,scr1982,avaConv,offshore
no_m,h2008,0.9486550062493287,scr1982,avaConv,offshore
no_m,h2009,0.9486927302438449,scr1982,avaConv,offshore
no_m,h2010,0.9488912131199106,scr1982,avaConv,offshore
no_m,h2011,0.9487224494978255,scr1982,avaConv,offshore
no_m,h2012,0.9484362229796269,scr1982,avaConv,offshore
no_m,h2013,0.9483820957237964,scr1982,avaConv,offshore
no_m,h2014,0.9489634196646362,scr1982,avaConv,offshore
no_m,h2015,0.9495902407660751,scr1982,avaConv,offshore
no_m,h2016,0.9498920008764744,scr1982,avaConv,offshore
no_m,h2017,0.9426372464170863,scr1982,avaConv,offshore
no_m,h2018,0.9201830240932918,scr1982,avaConv,offshore
no_m,h2019,0.8898559882229522,scr1982,avaConv,offshore
no_m,h2020,0.8668945988934982,scr1982,avaConv,offshore
no_m,h2021,0.8643303212791862,scr1982,avaConv,offshore
no_m,h2022,0.8778546604379197,scr1982,avaConv,offshore
no_m,h2023,0.8995689283506542,scr1982,avaConv,offshore
no_m,h2024,0.9177643436422808,scr1982,avaConv,offshore
no_m,h2025,0.9299015480177445,scr1982,avaConv,offshore
no_m,h2026,0.9350162974572958,scr1982,avaConv,offshore
no_m,h2027,0.9395756639797908,scr1982,avaConv,offshore
no_m,h2028,0.9419746327078293,scr1982,avaConv,offshore
no_m,h2029,0.9446860992199098,scr1982,avaConv,offshore
no_m,h2030,0.947032300748361,scr1982,avaConv,offshore
no_m,h2031,0.9493412685824657,scr1982,avaConv,offshore
no_m,h2032,0.9499755013654609,scr1982,avaConv,offshore
no_m,h2033,0.9499958953853941,scr1982,avaConv,offshore
no_m,h2034,0.9499868540142461,scr1982,avaConv,offshore
no_m,h2035,0.949808399577422,scr1982,avaConv,offshore
no_m,h2036,0.9469667093193195,scr1982,avaConv,offshore
no_m,h2037,0.9315253066119971,scr1982,avaConv,offshore
no_m,h2038,0.9160710014862645,scr1982,avaConv,offshore
no_m,h2039,0.9159315496020216,scr1982,avaConv,offshore
no_m,h2040,0.9272200452995317,scr1982,avaConv,offshore
no_m,h2041,0.9422226508953847,scr1982,avaConv,offshore
no_m,h2042,0.9452076121847004,scr1982,avaConv,offshore
no_m,h2043,0.9494275984279467,scr1982,avaConv,offshore
no_m,h2044,0.9499987047198543,scr1982,avaConv,offshore
no_m,h2045,0.9500000000000004,scr1982,avaConv,offshore
no_m,h2046,0.9499998485315173,scr1982,avaConv,offshore
no_m,h2047,0.9499527768674929,scr1982,avaConv,offshore
no_m,h2048,0.9490830712830253,scr1982,avaConv,offshore
no_m,h2049,0.9470888486315194,scr1982,avaConv,offshore
no_m,h2050,0.9450793463239362,scr1982,avaConv,offshore
no_m,h2051,0.9415393887808803,scr1982,avaConv,offshore
no_m,h2052,0.9421308676353287,scr1982,avaConv,offshore
no_m,h2053,0.9441753750455041,scr1982,avaConv,offshore
no_m,h2054,0.9485822599724995,scr1982,avaConv,offshore
no_m,h2055,0.9499858293172722,scr1982,avaConv,offshore
no_m,h2056,0.9499999397498106,scr1982,avaConv,offshore
no_m,h2057,0.9500000000000004,scr1982,avaConv,offshore
no_m,h2058,0.9500000000000004,scr1982,avaConv,offshore
no_m,h2059,0.9499999686120538,scr1982,avaConv,offshore
no_m,h2060,0.949880203906838,scr1982,avaConv,offshore
no_m,h2061,0.9455928826060195,scr1982,avaConv,offshore
no_m,h2062,0.929521827481485,scr1982,avaConv,offshore
no_m,h2063,0.9218881272120973,scr1982,avaConv,offshore
no_m,h2064,0.9212659186397074,scr1982,avaConv,offshore
no_m,h2065,0.9298225676088244,scr1982,avaConv,offshore
no_m,h2066,0.9215522080274481,scr1982,avaConv,offshore
no_m,h2067,0.8953662040522464,scr1982,avaConv,offshore
no_m,h2068,0.850321561236544,scr1982,avaConv,offshore
no_m,h2069,0.7796210494979317,scr1982,avaConv,offshore
no_m,h2070,0.6945085651391228,scr1982,avaConv,offshore
no_m,h2071,0.6138308264429472,scr1982,avaConv,offshore
no_m,h2072,0.5760286649219286,scr1982,avaConv,offshore
no_m,h2073,0.582719983405534,scr1982,avaConv,offshore
no_m,h2074,0.5763364343210639,scr1982,avaConv,offshore
no_m,h2075,0.5551956449742372,scr1982,avaConv,offshore
no_m,h2076,0.5393981613172653,scr1982,avaConv,offshore
no_m,h2077,0.5839148785722186,scr1982,avaConv,offshore
no_m,h2078,0.6635559813699341,scr1982,avaConv,offshore
no_m,h2079,0.7596285838117307,scr1982,avaConv,offshore
no_m,h2080,0.8362027336445397,scr1982,avaConv,offshore
no_m,h2081,0.8764193775125766,scr1982,avaConv,offshore
no_m,h2082,0.8754574611532198,scr1982,avaConv,offshore
no_m,h2083,0.8800327955043311,scr1982,avaConv,offshore
no_m,h2084,0.9049935161733649,scr1982,avaConv,offshore
no_m,h2085,0.9350135041320706,scr1982,avaConv,offshore
no_m,h2086,0.9463457363255132,scr1982,avaConv,offshore
no_m,h2087,0.9252674197374219,scr1982,avaConv,offshore
no_m,h2088,0.8270619354425855,scr1982,avaConv,offshore
no_m,h2089,0.6633863928148152,scr1982,avaConv,offshore
no_m,h2090,0.47778000526489944,scr1982,avaConv,offshore
no_m,h2091,0.37190414949941114,scr1982,avaConv,offshore
no_m,h2092,0.35919249925412405,scr1982,avaConv,offshore
no_m,h2093,0.3755617614543206,scr1982,avaConv,offshore
no_m,h2094,0.4199838356525568,scr1982,avaConv,offshore
no_m,h2095,0.4711852231021747,scr1982,avaConv,offshore
no_m,h2096,0.508455604662404,scr1982,avaConv,offshore
no_m,h2097,0.475458223607678,scr1982,avaConv,offshore
no_m,h2098,0.3703594953406267,scr1982,avaConv,offshore
no_m,h2099,0.2752968054915397,scr1982,avaConv,offshore
no_m,h2100,0.2038690320531251,scr1982,avaConv,offshore
no_m,h2101,0.16627561160731957,scr1982,avaConv,offshore
no_m,h2102,0.10928662593698207,scr1982,avaConv,offshore
no_m,h2103,0.06235612099496482,scr1982,avaConv,offshore
no_m,h2104,0.027299414592904126,scr1982,avaConv,offshore
no_m,h2105,0.009738159643053584,scr1982,avaConv,offshore
no_m,h2106,0.0030817147108789106,scr1982,avaConv,offshore
no_m,h2107,0.0,scr1982,avaConv,offshore
no_m,h2108,0.0011815490130085969,scr1982,avaConv,offshore
no_m,h2109,0.020170560842221637,scr1982,avaConv,offshore
no_m,h2110,0.07679677325894413,scr1982,avaConv,offshore
no_m,h2111,0.16935538092033053,scr1982,avaConv,offshore
no_m,h2112,0.32817357301432487,scr1982,avaConv,offshore
no_m,h2113,0.5550344534833687,scr1982,avaConv,offshore
no_m,h2114,0.7686667028930932,scr1982,avaConv,offshore
no_m,h2115,0.9066763471621447,scr1982,avaConv,offshore
no_m,h2116,0.9481358304301635,scr1982,avaConv,offshore
no_m,h2117,0.949998246775672,scr1982,avaConv,offshore
no_m,h2118,0.9494891205690325,scr1982,avaConv,offshore
no_m,h2119,0.9487514034861623,scr1982,avaConv,offshore
no_m,h2120,0.9477985212452659,scr1982,avaConv,offshore
no_m,h2121,0.9479980802035641,scr1982,avaConv,offshore
no_m,h2122,0.948735500239267,scr1982,avaConv,offshore
no_m,h2123,0.9496875386691579,scr1982,avaConv,offshore
no_m,h2124,0.9499975915573672,scr1982,avaConv,offshore
no_m,h2125,0.9499980732794305,scr1982,avaConv,offshore
no_m,h2126,0.9499986411558939,scr1982,avaConv,offshore
no_m,h2127,0.949973197576929,scr1982,avaConv,offshore
no_m,h2128,0.9498674588475754,scr1982,avaConv,offshore
no_m,h2129,0.9498520276688409,scr1982,avaConv,offshore
no_m,h2130,0.9498780114675525,scr1982,avaConv,offshore
no_m,h2131,0.9499836704940059,scr1982,avaConv,offshore
no_m,h2132,0.949999189844982,scr1982,avaConv,offshore
no_m,h2133,0.949999920668257,scr1982,avaConv,offshore
no_m,h2134,0.9500000000000004,scr1982,avaConv,offshore
no_m,h2135,0.9499999244282274,scr1982,avaConv,offshore
no_m,h2136,0.9499999057024922,scr1982,avaConv,offshore
no_m,h2137,0.9499977935313186,scr1982,avaConv,offshore
no_m,h2138,0.9499708178207311,scr1982,avaConv,offshore
no_m,h2139,0.9499114454958525,scr1982,avaConv,offshore
no_m,h2140,0.949899982990421,scr1982,avaConv,offshore
no_m,h2141,0.9499224918767203,scr1982,avaConv,offshore
no_m,h2142,0.9499720727689818,scr1982,avaConv,offshore
no_m,h2143,0.9499825788943166,scr1982,avaConv,offshore
no_m,h2144,0.9499867396035536,scr1982,avaConv,offshore
no_m,h2145,0.9499964718462833,scr1982,avaConv,offshore
no_m,h2146,0.9499994508737324,scr1982,avaConv,offshore
no_m,h2147,0.9499998331049466,scr1982,avaConv,offshore
no_m,h2148,0.9499999107548921,scr1982,avaConv,offshore
no_m,h2149,0.9500000000000004,scr1982,avaConv,offshore
no_m,h2150,0.9499999209634169,scr1982,avaConv,offshore
no_m,h2151,0.9499943993094918,scr1982,avaConv,offshore
no_m,h2152,0.9499880618012562,scr1982,avaConv,offshore
no_m,h2153,0.9499849023662864,scr1982,avaConv,offshore
no_m,h2154,0.9498905641884068,scr1982,avaConv,offshore
no_m,h2155,0.9490289747231007,scr1982,avaConv,offshore
no_m,h2156,0.9480109553923035,scr1982,avaConv,offshore
no_m,h2157,0.9475226072446213,scr1982,avaConv,offshore
no_m,h2158,0.9434081402285253,scr1982,avaConv,offshore
no_m,h2159,0.9167427096990273,scr1982,avaConv,offshore
no_m,h2160,0.8857526675510576,scr1982,avaConv,offshore
no_n,h1441,0.022629098318739188,scr1982,avaConv,offshore
no_n,h1442,0.017814291712574568,scr1982,avaConv,offshore
no_n,h1443,0.013768516519720494,scr1982,avaConv,offshore
no_n,h1444,0.010821926596082599,scr1982,avaConv,offshore
no_n,h1445,0.009994499550959077,scr1982,avaConv,offshore
no_n,h1446,0.011051262701393762,scr1982,avaConv,offshore
no_n,h1447,0.012511343393126467,scr1982,avaConv,offshore
no_n,h1448,0.012373216085987005,scr1982,avaConv,offshore
no_n,h1449,0.01107430806107939,scr1982,avaConv,offshore
no_n,h1450,0.009820190127781212,scr1982,avaConv,offshore
no_n,h1451,0.0091137439893396,scr1982,avaConv,offshore
no_n,h1452,0.010980982859928417,scr1982,avaConv,offshore
no_n,h1453,0.01503188094968036,scr1982,avaConv,offshore
no_n,h1454,0.020745594132749557,scr1982,avaConv,offshore
no_n,h1455,0.02597339515420567,scr1982,avaConv,offshore
no_n,h1456,0.028928234554616884,scr1982,avaConv,offshore
no_n,h1457,0.03147714646731283,scr1982,avaConv,offshore
no_n,h1458,0.03378981426021264,scr1982,avaConv,offshore
no_n,h1459,0.0382551681278221,scr1982,avaConv,offshore
no_n,h1460,0.04264269293504757,scr1982,avaConv,offshore
no_n,h1461,0.04596219129451761,scr1982,avaConv,offshore
no_n,h1462,0.048211138305684895,scr1982,avaConv,offshore
no_n,h1463,0.04674125600286419,scr1982,avaConv,offshore
no_n,h1464,0.0493640258433291,scr1982,avaConv,offshore
no_n,h1465,0.057596235069378755,scr1982,avaConv,offshore
no_n,h1466,0.07432112205269391,scr1982,avaConv,offshore
no_n,h1467,0.09320886391455442,scr1982,avaConv,offshore
no_n,h1468,0.10488902813109877,scr1982,avaConv,offshore
no_n,h1469,0.10676763087811379,scr1982,avaConv,offshore
no_n,h1470,0.09663048228161897,scr1982,avaConv,offshore
no_n,h1471,0.08380892711737417,scr1982,avaConv,offshore
no_n,h1472,0.07309053699965468,scr1982,avaConv,offshore
no_n,h1473,0.06584402889194568,scr1982,avaConv,offshore
no_n,h1474,0.060277352924989536,scr1982,avaConv,offshore
no_n,h1475,0.06470824438022371,scr1982,avaConv,offshore
no_n,h1476,0.07344811884620472,scr1982,avaConv,offshore
no_n,h1477,0.08763224451123727,scr1982,avaConv,offshore
no_n,h1478,0.09338872573351419,scr1982,avaConv,offshore
no_n,h1479,0.09536297078969665,scr1982,avaConv,offshore
no_n,h1480,0.09237794490179525,scr1982,avaConv,offshore
no_n,h1481,0.0879311510183111,scr1982,avaConv,offshore
no_n,h1482,0.0817617292259785,scr1982,avaConv,offshore
no_n,h1483,0.07612323118808745,scr1982,avaConv,offshore
no_n,h1484,0.07254445879146594,scr1982,avaConv,offshore
no_n,h1485,0.07314368240988714,scr1982,avaConv,offshore
no_n,h1486,0.07407700862828613,scr1982,avaConv,offshore
no_n,h1487,0.08518287391532395,scr1982,avaConv,offshore
no_n,h1488,0.08861010567625624,scr1982,avaConv,offshore
no_n,h1489,0.08640593398883806,scr1982,avaConv,offshore
no_n,h1490,0.06968787692787262,scr1982,avaConv,offshore
no_n,h1491,0.057655457788543626,scr1982,avaConv,offshore
no_n,h1492,0.04996852161021641,scr1982,avaConv,offshore
no_n,h1493,0.045328490964557606,scr1982,avaConv,offshore
no_n,h1494,0.040787948394354935,scr1982,avaConv,offshore
no_n,h1495,0.03475033438474298,scr1982,avaConv,offshore
no_n,h1496,0.02762383174451236,scr1982,avaConv,offshore
no_n,h1497,0.020378381787217598,scr1982,avaConv,offshore
no_n,h1498,0.015246792690554095,scr1982,avaConv,offshore
no_n,h1499,0.015616067934147826,scr1982,avaConv,offshore
no_n,h1500,0.01770076087145602,scr1982,avaConv,offshore
no_n,h1501,0.020159741057332398,scr1982,avaConv,offshore
no_n,h1502,0.018946083491044513,scr1982,avaConv,offshore
no_n,h1503,0.018517621419143444,scr1982,avaConv,offshore
no_n,h1504,0.019135554552799305,scr1982,avaConv,offshore
no_n,h1505,0.020594630879877195,scr1982,avaConv,offshore
no_n,h1506,0.021908479772575037,scr1982,avaConv,offshore
no_n,h1507,0.023031530699746575,scr1982,avaConv,offshore
no_n,h1508,0.02409453961202682,scr1982,avaConv,offshore
no_n,h1509,0.02511090701535102,scr1982,avaConv,offshore
no_n,h1510,0.025940202864330183,scr1982,avaConv,offshore
no_n,h1511,0.023653660569490607,scr1982,avaConv,offshore
no_n,h1512,0.019420283083413325,scr1982,avaConv,offshore
no_n,h1513,0.14092029096484174,scr1982,avaConv,offshore
no_n,h1514,0.2793221597933255,scr1982,avaConv,offshore
no_n,h1515,0.4295012869058618,scr1982,avaConv,offshore
no_n,h1516,0.43029119878776995,scr1982,avaConv,offshore
no_n,h1517,0.44545924499307676,scr1982,avaConv,offshore
no_n,h1518,0.4710970142308405,scr1982,avaConv,offshore
no_n,h1519,0.502346062035893,scr1982,avaConv,offshore
no_n,h1520,0.5341932046957809,scr1982,avaConv,offshore
no_n,h1521,0.5591125394273481,scr1982,avaConv,offshore
no_n,h1522,0.5690062061549068,scr1982,avaConv,offshore
no_n,h1523,0.5548465121886819,scr1982,avaConv,offshore
no_n,h1524,0.5226345207540405,scr1982,avaConv,offshore
no_n,h1525,0.4818938881833686,scr1982,avaConv,offshore
no_n,h1526,0.4436937511669983,scr1982,avaConv,offshore
no_n,h1527,0.4087045494011979,scr1982,avaConv,offshore
no_n,h1528,0.38418497923513323,scr1982,avaConv,offshore
no_n,h1529,0.37283644880965594,scr1982,avaConv,offshore
no_n,h1530,0.3776773491030774,scr1982,avaConv,offshore
no_n,h1531,0.3767973005940859,scr1982,avaConv,offshore
no_n,h1532,0.3649071703622998,scr1982,avaConv,offshore
no_n,h1533,0.33323920354865094,scr1982,avaConv,offshore
no_n,h1534,0.2916446358502182,scr1982,avaConv,offshore
no_n,h1535,0.2530573715477428,scr1982,avaConv,offshore
no_n,h1536,0.22433140796155862,scr1982,avaConv,offshore
no_n,h1537,0.20665982595053126,scr1982,avaConv,offshore
no_n,h1538,0.1914057269382057,scr1982,avaConv,offshore
no_n,h1539,0.17835888969761435,scr1982,avaConv,offshore
no_n,h1540,0.1677994157183081,scr1982,avaConv,offshore
no_n,h1541,0.15927758688205995,scr1982,avaConv,offshore
no_n,h1542,0.1541634447108246,scr1982,avaConv,offshore
no_n,h1543,0.15170524313361047,scr1982,avaConv,offshore
no_n,h1544,0.14813430968866487,scr1982,avaConv,offshore
no_n,h1545,0.1435859869467314,scr1982,avaConv,offshore
no_n,h1546,0.14040887014637563,scr1982,avaConv,offshore
no_n,h1547,0.1459134310038338,scr1982,avaConv,offshore
no_n,h1548,0.15219088782822104,scr1982,avaConv,offshore
no_n,h1549,0.16540284648542328,scr1982,avaConv,offshore
no_n,h1550,0.18708348851729856,scr1982,avaConv,offshore
no_n,h1551,0.220802788227328,scr1982,avaConv,offshore
no_n,h1552,0.25132133024476305,scr1982,avaConv,offshore
no_n,h1553,0.2667267188347682,scr1982,avaConv,offshore
no_n,h1554,0.270947178814978,scr1982,avaConv,offshore
no_n,h1555,0.27271997836270745,scr1982,avaConv,offshore
no_n,h1556,0.2699229580473373,scr1982,avaConv,offshore
no_n,h1557,0.25932329104856494,scr1982,avaConv,offshore
no_n,h1558,0.24893924104947773,scr1982,avaConv,offshore
no_n,h1559,0.2713676145276368,scr1982,avaConv,offshore
no_n,h1560,0.29578448902014143,scr1982,avaConv,offshore
no_n,h1561,0.2931897948802898,scr1982,avaConv,offshore
no_n,h1562,0.2399785366529574,scr1982,avaConv,offshore
no_n,h1563,0.17246421604749385,scr1982,avaConv,offshore
no_n,h1564,0.12325822399438084,scr1982,avaConv,offshore
no_n,h1565,0.0990422518158503,scr1982,avaConv,offshore
no_n,h1566,0.10110864661670724,scr1982,avaConv,offshore
no_n,h1567,0.1176937089231589,scr1982,avaConv,offshore
no_n,h1568,0.13795150017440616,scr1982,avaConv,offshore
no_n,h1569,0.15598976948271426,scr1982,avaConv,offshore
no_n,h1570,0.17055687939959624,scr1982,avaConv,offshore
no_n,h1571,0.19002997600431754,scr1982,avaConv,offshore
no_n,h1572,0.20345212451989192,scr1982,avaConv,offshore
no_n,h1573,0.21034930261751839,scr1982,avaConv,offshore
no_n,h1574,0.207029493340498,scr1982,avaConv,offshore
no_n,h1575,0.20294596565960313,scr1982,avaConv,offshore
no_n,h1576,0.19923350669420617,scr1982,avaConv,offshore
no_n,h1577,0.20415296104391842,scr1982,avaConv,offshore
no_n,h1578,0.2427107174323472,scr1982,avaConv,offshore
no_n,h1579,0.3184893611906631,scr1982,avaConv,offshore
no_n,h1580,0.41638678066924645,scr1982,avaConv,offshore
no_n,h1581,0.5083815265814604,scr1982,avaConv,offshore
no_n,h1582,0.580190901990394,scr1982,avaConv,offshore
no_n,h1583,0.6287019717668292,scr1982,avaConv,offshore
no_n,h1584,0.665509379586768,scr1982,avaConv,offshore
no_n,h1585,0.69576087546353,scr1982,avaConv,offshore
no_n,h1586,0.723293841200911,scr1982,avaConv,offshore
no_n,h1587,0.7397501188290906,scr1982,avaConv,offshore
no_n,h1588,0.7510579751378569,scr1982,avaConv,offshore
no_n,h1589,0.7593775435592013,scr1982,avaConv,offshore
no_n,h1590,0.7698692353680993,scr1982,avaConv,offshore
no_n,h1591,0.7866954040873735,scr1982,avaConv,offshore
no_n,h1592,0.8078720653805284,scr1982,avaConv,offshore
no_n,h1593,0.83313252257783,scr1982,avaConv,offshore
no_n,h1594,0.852394519840287,scr1982,avaConv,offshore
no_n,h1595,0.8615667878951451,scr1982,avaConv,offshore
no_n,h1596,0.850046703422421,scr1982,avaConv,offshore
no_n,h1597,0.8332979716462986,scr1982,avaConv,offshore
no_n,h1598,0.8186577207692739,scr1982,avaConv,offshore
no_n,h1599,0.8136209424730112,scr1982,avaConv,offshore
no_n,h1600,0.8134435128395494,scr1982,avaConv,offshore
no_n,h1601,0.8194361614231471,scr1982,avaConv,offshore
no_n,h1602,0.8289856239086137,scr1982,avaConv,offshore
no_n,h1603,0.8337297489550586,scr1982,avaConv,offshore
no_n,h1604,0.8283479128394544,scr1982,avaConv,offshore
no_n,h1605,0.8215837173429837,scr1982,avaConv,offshore
no_n,h1606,0.8180309790222071,scr1982,avaConv,offshore
no_n,h1607,0.8335358714208172,scr1982,avaConv,offshore
no_n,h1608,0.8361186643246498,scr1982,avaConv,offshore
no_n,h1609,0.8302462908858043,scr1982,avaConv,offshore
no_n,h1610,0.8003053285443412,scr1982,avaConv,offshore
no_n,h1611,0.7702766875481875,scr1982,avaConv,offshore
no_n,h1612,0.7326283567358305,scr1982,avaConv,offshore
no_n,h1613,0.696484260931533,scr1982,avaConv,offshore
no_n,h1614,0.6667921509612887,scr1982,avaConv,offshore
no_n,h1615,0.6380191619133915,scr1982,avaConv,offshore
no_n,h1616,0.6032668312166176,scr1982,avaConv,offshore
no_n,h1617,0.5654461878788039,scr1982,avaConv,offshore
no_n,h1618,0.5374244617820637,scr1982,avaConv,offshore
no_n,h1619,0.5253444523381839,scr1982,avaConv,offshore
no_n,h1620,0.533452769228149,scr1982,avaConv,offshore
no_n,h1621,0.5502034684688059,scr1982,avaConv,offshore
no_n,h1622,0.5603926167941334,scr1982,avaConv,offshore
no_n,h1623,0.551676351896375,scr1982,avaConv,offshore
no_n,h1624,0.5346511220980756,scr1982,avaConv,offshore
no_n,h1625,0.5173494725052161,scr1982,avaConv,offshore
no_n,h1626,0.5017551141103263,scr1982,avaConv,offshore
no_n,h1627,0.49044713291252656,scr1982,avaConv,offshore
no_n,h1628,0.48761051078238565,scr1982,avaConv,offshore
no_n,h1629,0.5021074615734423,scr1982,avaConv,offshore
no_n,h1630,0.5279397166737296,scr1982,avaConv,offshore
no_n,h1631,0.5580941719384663,scr1982,avaConv,offshore
no_n,h1632,0.5804854292563789,scr1982,avaConv,offshore
no_n,h1633,0.5947528367031969,scr1982,avaConv,offshore
no_n,h1634,0.5994079010437944,scr1982,avaConv,offshore
no_n,h1635,0.5998897237171651,scr1982,avaConv,offshore
no_n,h1636,0.6007957823770724,scr1982,avaConv,offshore
no_n,h1637,0.6105410213427859,scr1982,avaConv,offshore
no_n,h1638,0.6218220522889046,scr1982,avaConv,offshore
no_n,h1639,0.6267978502762541,scr1982,avaConv,offshore
no_n,h1640,0.6207140097815235,scr1982,avaConv,offshore
no_n,h1641,0.6112657007393213,scr1982,avaConv,offshore
no_n,h1642,0.602772191792243,scr1982,avaConv,offshore
no_n,h1643,0.5952879515961179,scr1982,avaConv,offshore
no_n,h1644,0.5886403752112382,scr1982,avaConv,offshore
no_n,h1645,0.5841666448220459,scr1982,avaConv,offshore
no_n,h1646,0.5819049770805528,scr1982,avaConv,offshore
no_n,h1647,0.5783416592976023,scr1982,avaConv,offshore
no_n,h1648,0.5709362441725718,scr1982,avaConv,offshore
no_n,h1649,0.5625719173506206,scr1982,avaConv,offshore
no_n,h1650,0.5567831751028282,scr1982,avaConv,offshore
no_n,h1651,0.5523028983838643,scr1982,avaConv,offshore
no_n,h1652,0.5479074341644455,scr1982,avaConv,offshore
no_n,h1653,0.5463535001477232,scr1982,avaConv,offshore
no_n,h1654,0.5470978672321034,scr1982,avaConv,offshore
no_n,h1655,0.5468881929796936,scr1982,avaConv,offshore
no_n,h1656,0.5424010792278585,scr1982,avaConv,offshore
no_n,h1657,0.5395446823108231,scr1982,avaConv,offshore
no_n,h1658,0.5410491024884776,scr1982,avaConv,offshore
no_n,h1659,0.5432095119098566,scr1982,avaConv,offshore
no_n,h1660,0.5427764133245938,scr1982,avaConv,offshore
no_n,h1661,0.5395666106372539,scr1982,avaConv,offshore
no_n,h1662,0.5382867705271884,scr1982,avaConv,offshore
no_n,h1663,0.5414107927908683,scr1982,avaConv,offshore
no_n,h1664,0.5480921475903577,scr1982,avaConv,offshore
no_n,h1665,0.5479595272448183,scr1982,avaConv,offshore
no_n,h1666,0.5378383016113,scr1982,avaConv,offshore
no_n,h1667,0.5317246182742045,scr1982,avaConv,offshore
no_n,h1668,0.523929227883193,scr1982,avaConv,offshore
no_n,h1669,0.5123703872859915,scr1982,avaConv,offshore
no_n,h1670,0.4774695183064435,scr1982,avaConv,offshore
no_n,h1671,0.41942945548374605,scr1982,avaConv,offshore
no_n,h1672,0.33821178439882926,scr1982,avaConv,offshore
no_n,h1673,0.2463806811898432,scr1982,avaConv,offshore
no_n,h1674,0.16632826389752853,scr1982,avaConv,offshore
no_n,h1675,0.10821105024224442,scr1982,avaConv,offshore
no_n,h1676,0.07182560611456211,scr1982,avaConv,offshore
no_n,h1677,0.05656918476816431,scr1982,avaConv,offshore
no_n,h1678,0.0663380395776494,scr1982,avaConv,offshore
no_n,h1679,0.1064332476769872,scr1982,avaConv,offshore
no_n,h1680,0.16578586902184458,scr1982,avaConv,offshore
no_n,h1681,0.3368601404647123,scr1982,avaConv,offshore
no_n,h1682,0.4831829830829168,scr1982,avaConv,offshore
no_n,h1683,0.6020493019816483,scr1982,avaConv,offshore
no_n,h1684,0.578991298962251,scr1982,avaConv,offshore
no_n,h1685,0.5640542899907184,scr1982,avaConv,offshore
no_n,h1686,0.5607086275261584,scr1982,avaConv,offshore
no_n,h1687,0.5655099223276574,scr1982,avaConv,offshore
no_n,h1688,0.5760868519572616,scr1982,avaConv,offshore
no_n,h1689,0.5975903736046703,scr1982,avaConv,offshore
no_n,h1690,0.6306315407268246,scr1982,avaConv,offshore
no_n,h1691,0.64868800095369,scr1982,avaConv,offshore
no_n,h1692,0.6656317649689373,scr1982,avaConv,offshore
no_n,h1693,0.6746237148485528,scr1982,avaConv,offshore
no_n,h1694,0.6973232378428819,scr1982,avaConv,offshore
no_n,h1695,0.7110864681972928,scr1982,avaConv,offshore
no_n,h1696,0.7236815626677645,scr1982,avaConv,offshore
no_n,h1697,0.7300367483574309,scr1982,avaConv,offshore
no_n,h1698,0.7204989232289966,scr1982,avaConv,offshore
no_n,h1699,0.6855655797553889,scr1982,avaConv,offshore
no_n,h1700,0.6307175743041904,scr1982,avaConv,offshore
no_n,h1701,0.5746450011365895,scr1982,avaConv,offshore
no_n,h1702,0.5346738271809042,scr1982,avaConv,offshore
no_n,h1703,0.5080282315868758,scr1982,avaConv,offshore
no_n,h1704,0.48867535526778794,scr1982,avaConv,offshore
no_n,h1705,0.47121499009504847,scr1982,avaConv,offshore
no_n,h1706,0.4541748058215975,scr1982,avaConv,offshore
no_n,h1707,0.43885116896679743,scr1982,avaConv,offshore
no_n,h1708,0.42090452642436693,scr1982,avaConv,offshore
no_n,h1709,0.40719408953499214,scr1982,avaConv,offshore
no_n,h1710,0.39330179376410457,scr1982,avaConv,offshore
no_n,h1711,0.3776896364435226,scr1982,avaConv,offshore
no_n,h1712,0.3573479692967059,scr1982,avaConv,offshore
no_n,h1713,0.3370405381133712,scr1982,avaConv,offshore
no_n,h1714,0.3187254086903547,scr1982,avaConv,offshore
no_n,h1715,0.293420515332016,scr1982,avaConv,offshore
no_n,h1716,0.2664101281239448,scr1982,avaConv,offshore
no_n,h1717,0.2386151047561055,scr1982,avaConv,offshore
no_n,h1718,0.2130227301654568,scr1982,avaConv,offshore
no_n,h1719,0.1767973184070635,scr1982,avaConv,offshore
no_n,h1720,0.1330425921430016,scr1982,avaConv,offshore
no_n,h1721,0.09576177776233977,scr1982,avaConv,offshore
no_n,h1722,0.07215423488494799,scr1982,avaConv,offshore
no_n,h1723,0.059338573229826316,scr1982,avaConv,offshore
no_n,h1724,0.053303290656483114,scr1982,avaConv,offshore
no_n,h1725,0.047221180688611336,scr1982,avaConv,offshore
no_n,h1726,0.03886970891216232,scr1982,avaConv,offshore
no_n,h1727,0.024925810555151008,scr1982,avaConv,offshore
no_n,h1728,0.012324577350224276,scr1982,avaConv,offshore
no_n,h1729,0.004418174593119681,scr1982,avaConv,offshore
no_n,h1730,0.001608073034023557,scr1982,avaConv,offshore
no_n,h1731,0.0017775410708626258,scr1982,avaConv,offshore
no_n,h1732,0.0036028833831052097,scr1982,avaConv,offshore
no_n,h1733,0.006675295779533658,scr1982,avaConv,offshore
no_n,h1734,0.010332587836015913,scr1982,avaConv,offshore
no_n,h1735,0.01578051256514803,scr1982,avaConv,offshore
no_n,h1736,0.024499247542350177,scr1982,avaConv,offshore
no_n,h1737,0.03448212205273188,scr1982,avaConv,offshore
no_n,h1738,0.042397465135262595,scr1982,avaConv,offshore
no_n,h1739,0.042753772690968576,scr1982,avaConv,offshore
no_n,h1740,0.04152702435834845,scr1982,avaConv,offshore
no_n,h1741,0.04241493050936755,scr1982,avaConv,offshore
no_n,h1742,0.051658990227686025,scr1982,avaConv,offshore
no_n,h1743,0.06331166585047208,scr1982,avaConv,offshore
no_n,h1744,0.07298026115059127,scr1982,avaConv,offshore
no_n,h1745,0.0786552432821465,scr1982,avaConv,offshore
no_n,h1746,0.08381133322713306,scr1982,avaConv,offshore
no_n,h1747,0.09254734379389824,scr1982,avaConv,offshore
no_n,h1748,0.10700063090211057,scr1982,avaConv,offshore
no_n,h1749,0.13139448713829469,scr1982,avaConv,offshore
no_n,h1750,0.16588716623296038,scr1982,avaConv,offshore
no_n,h1751,0.20591109844734007,scr1982,avaConv,offshore
no_n,h1752,0.2542294614890973,scr1982,avaConv,offshore
no_n,h1753,0.30114592863000295,scr1982,avaConv,offshore
no_n,h1754,0.36240944961729915,scr1982,avaConv,offshore
no_n,h1755,0.42008924926864305,scr1982,avaConv,offshore
no_n,h1756,0.477069809996673,scr1982,avaConv,offshore
no_n,h1757,0.5172206442109429,scr1982,avaConv,offshore
no_n,h1758,0.5506201935975723,scr1982,avaConv,offshore
no_n,h1759,0.5763328798458908,scr1982,avaConv,offshore
no_n,h1760,0.5915007664364275,scr1982,avaConv,offshore
no_n,h1761,0.5926344929021052,scr1982,avaConv,offshore
no_n,h1762,0.5845252943479193,scr1982,avaConv,offshore
no_n,h1763,0.578440173007999,scr1982,avaConv,offshore
no_n,h1764,0.5767331347478823,scr1982,avaConv,offshore
no_n,h1765,0.5863528198083836,scr1982,avaConv,offshore
no_n,h1766,0.59881099725717,scr1982,avaConv,offshore
no_n,h1767,0.610732479711095,scr1982,avaConv,offshore
no_n,h1768,0.6150386055194021,scr1982,avaConv,offshore
no_n,h1769,0.6169696498951839,scr1982,avaConv,offshore
no_n,h1770,0.6242805559110046,scr1982,avaConv,offshore
no_n,h1771,0.6360279731560006,scr1982,avaConv,offshore
no_n,h1772,0.6433675037454605,scr1982,avaConv,offshore
no_n,h1773,0.6391834909016009,scr1982,avaConv,offshore
no_n,h1774,0.627635642747411,scr1982,avaConv,offshore
no_n,h1775,0.6210291437055838,scr1982,avaConv,offshore
no_n,h1776,0.6208501600122311,scr1982,avaConv,offshore
no_n,h1777,0.6243956708794222,scr1982,avaConv,offshore
no_n,h1778,0.6244754938836004,scr1982,avaConv,offshore
no_n,h1779,0.6170321346173547,scr1982,avaConv,offshore
no_n,h1780,0.5947952396145224,scr1982,avaConv,offshore
no_n,h1781,0.5540761188116246,scr1982,avaConv,offshore
no_n,h1782,0.5005496464372226,scr1982,avaConv,offshore
no_n,h1783,0.4425737307213731,scr1982,avaConv,offshore
no_n,h1784,0.3928222535074193,scr1982,avaConv,offshore
no_n,h1785,0.3642549229890968,scr1982,avaConv,offshore
no_n,h1786,0.3751618848616452,scr1982,avaConv,offshore
no_n,h1787,0.4193401647279997,scr1982,avaConv,offshore
no_n,h1788,0.47981651196724023,scr1982,avaConv,offshore
no_n,h1789,0.5285272633284795,scr1982,avaConv,offshore
no_n,h1790,0.5619707266037626,scr1982,avaConv,offshore
no_n,h1791,0.5808735696598433,scr1982,avaConv,offshore
no_n,h1792,0.5908193953734855,scr1982,avaConv,offshore
no_n,h1793,0.5930846685425956,scr1982,avaConv,offshore
no_n,h1794,0.5929357280029163,scr1982,avaConv,offshore
no_n,h1795,0.5949808437493137,scr1982,avaConv,offshore
no_n,h1796,0.5976576441758552,scr1982,avaConv,offshore
no_n,h1797,0.5981337762216797,scr1982,avaConv,offshore
no_n,h1798,0.5949187538024686,scr1982,avaConv,offshore
no_n,h1799,0.5867814082875324,scr1982,avaConv,offshore
no_n,h1800,0.5792806131940426,scr1982,avaConv,offshore
no_n,h1801,0.5701458181965378,scr1982,avaConv,offshore
no_n,h1802,0.5629853286788244,scr1982,avaConv,offshore
no_n,h1803,0.557960719187689,scr1982,avaConv,offshore
no_n,h1804,0.5600966993458637,scr1982,avaConv,offshore
no_n,h1805,0.5718891373379659,scr1982,avaConv,offshore
no_n,h1806,0.5879339600142515,scr1982,avaConv,offshore
no_n,h1807,0.59827976269835,scr1982,avaConv,offshore
no_n,h1808,0.5974595608800464,scr1982,avaConv,offshore
no_n,h1809,0.5856895212539595,scr1982,avaConv,offshore
no_n,h1810,0.5716836225975566,scr1982,avaConv,offshore
no_n,h1811,0.5663025297874722,scr1982,avaConv,offshore
no_n,h1812,0.5706845974442208,scr1982,avaConv,offshore
no_n,h1813,0.5849365337142021,scr1982,avaConv,offshore
no_n,h1814,0.5990130947176078,scr1982,avaConv,offshore
no_n,h1815,0.6118505459076629,scr1982,avaConv,offshore
no_n,h1816,0.6226539678015277,scr1982,avaConv,offshore
no_n,h1817,0.6355551610090623,scr1982,avaConv,offshore
no_n,h1818,0.6499015820565194,scr1982,avaConv,offshore
no_n,h1819,0.6587967518591992,scr1982,avaConv,offshore
no_n,h1820,0.6552808061992218,scr1982,avaConv,offshore
no_n,h1821,0.6419492208548156,scr1982,avaConv,offshore
no_n,h1822,0.6168131300919935,scr1982,avaConv,offshore
no_n,h1823,0.594922948933736,scr1982,avaConv,offshore
no_n,h1824,0.5722115523931027,scr1982,avaConv,offshore
no_n,h1825,0.559475897040273,scr1982,avaConv,offshore
no_n,h1826,0.54551706838191,scr1982,avaConv,offshore
no_n,h1827,0.532594344013036,scr1982,avaConv,offshore
no_n,h1828,0.5162418869128316,scr1982,avaConv,offshore
no_n,h1829,0.5016904542152996,scr1982,avaConv,offshore
no_n,h1830,0.48445876785950254,scr1982,avaConv,offshore
no_n,h1831,0.4602537397118552,scr1982,avaConv,offshore
no_n,h1832,0.4241307659251179,scr1982,avaConv,offshore
no_n,h1833,0.38601407231414053,scr1982,avaConv,offshore
no_n,h1834,0.3559497858080597,scr1982,avaConv,offshore
no_n,h1835,0.356384397893352,scr1982,avaConv,offshore
no_n,h1836,0.36834486082057444,scr1982,avaConv,offshore
no_n,h1837,0.38783775376815266,scr1982,avaConv,offshore
no_n,h1838,0.38494602191676386,scr1982,avaConv,offshore
no_n,h1839,0.37213599126740815,scr1982,avaConv,offshore
no_n,h1840,0.348921895173248,scr1982,avaConv,offshore
no_n,h1841,0.32057334101409496,scr1982,avaConv,offshore
no_n,h1842,0.2904454789699381,scr1982,avaConv,offshore
no_n,h1843,0.2633043077281239,scr1982,avaConv,offshore
no_n,h1844,0.24182727894035158,scr1982,avaConv,offshore
no_n,h1845,0.2322863331983393,scr1982,avaConv,offshore
no_n,h1846,0.22569841191022041,scr1982,avaConv,offshore
no_n,h1847,0.22416051621552346,scr1982,avaConv,offshore
no_n,h1848,0.21111379961756974,scr1982,avaConv,offshore
no_n,h1849,0.3502420897161634,scr1982,avaConv,offshore
no_n,h1850,0.4973200751875088,scr1982,avaConv,offshore
no_n,h1851,0.662684965080324,scr1982,avaConv,offshore
no_n,h1852,0.662111436276232,scr1982,avaConv,offshore
no_n,h1853,0.6592436996257992,scr1982,avaConv,offshore
no_n,h1854,0.6510483024033555,scr1982,avaConv,offshore
no_n,h1855,0.6346822439414689,scr1982,avaConv,offshore
no_n,h1856,0.6075983934576678,scr1982,avaConv,offshore
no_n,h1857,0.5731492424977014,scr1982,avaConv,offshore
no_n,h1858,0.5400744820513146,scr1982,avaConv,offshore
no_n,h1859,0.512217633699508,scr1982,avaConv,offshore
no_n,h1860,0.4907996282475636,scr1982,avaConv,offshore
no_n,h1861,0.4769985643473527,scr1982,avaConv,offshore
no_n,h1862,0.47175773037173413,scr1982,avaConv,offshore
no_n,h1863,0.47300767516282005,scr1982,avaConv,offshore
no_n,h1864,0.4821379265219529,scr1982,avaConv,offshore
no_n,h1865,0.49489957407235957,scr1982,avaConv,offshore
no_n,h1866,0.5095203670617034,scr1982,avaConv,offshore
no_n,h1867,0.5204132586968006,scr1982,avaConv,offshore
no_n,h1868,0.5293088418314836,scr1982,avaConv,offshore
no_n,h1869,0.5396337515000608,scr1982,avaConv,offshore
no_n,h1870,0.5533371007809103,scr1982,avaConv,offshore
no_n,h1871,0.5518201685554064,scr1982,avaConv,offshore
no_n,h1872,0.5470704924115873,scr1982,avaConv,offshore
no_n,h1873,0.545981129675295,scr1982,avaConv,offshore
no_n,h1874,0.5701544392177187,scr1982,avaConv,offshore
no_n,h1875,0.6073108043346619,scr1982,avaConv,offshore
no_n,h1876,0.6494409615387501,scr1982,avaConv,offshore
no_n,h1877,0.6878408708890003,scr1982,avaConv,offshore
no_n,h1878,0.7121531081728657,scr1982,avaConv,offshore
no_n,h1879,0.7170324924294631,scr1982,avaConv,offshore
no_n,h1880,0.7109383165339758,scr1982,avaConv,offshore
no_n,h1881,0.7077567093194231,scr1982,avaConv,offshore
no_n,h1882,0.7191785662046468,scr1982,avaConv,offshore
no_n,h1883,0.7242207767613165,scr1982,avaConv,offshore
no_n,h1884,0.734636987388206,scr1982,avaConv,offshore
no_n,h1885,0.7376088369691766,scr1982,avaConv,offshore
no_n,h1886,0.7479465576530595,scr1982,avaConv,offshore
no_n,h1887,0.7485894799324895,scr1982,avaConv,offshore
no_n,h1888,0.738354938948331,scr1982,avaConv,offshore
no_n,h1889,0.7177673080726206,scr1982,avaConv,offshore
no_n,h1890,0.685637988011965,scr1982,avaConv,offshore
no_n,h1891,0.6559447917259829,scr1982,avaConv,offshore
no_n,h1892,0.6354646902895955,scr1982,avaConv,offshore
no_n,h1893,0.6267500307108109,scr1982,avaConv,offshore
no_n,h1894,0.6236379003626199,scr1982,avaConv,offshore
no_n,h1895,0.6058518113223047,scr1982,avaConv,offshore
no_n,h1896,0.5717516845318201,scr1982,avaConv,offshore
no_n,h1897,0.528184837076408,scr1982,avaConv,offshore
no_n,h1898,0.49604157280462546,scr1982,avaConv,offshore
no_n,h1899,0.4836227185990675,scr1982,avaConv,offshore
no_n,h1900,0.49016901139228536,scr1982,avaConv,offshore
no_n,h1901,0.5089704209550493,scr1982,avaConv,offshore
no_n,h1902,0.5244320014977691,scr1982,avaConv,offshore
no_n,h1903,0.5221788778343818,scr1982,avaConv,offshore
no_n,h1904,0.49311871303211835,scr1982,avaConv,offshore
no_n,h1905,0.4393951012153512,scr1982,avaConv,offshore
no_n,h1906,0.3698306791960172,scr1982,avaConv,offshore
no_n,h1907,0.28295096472145387,scr1982,avaConv,offshore
no_n,h1908,0.21127004464795873,scr1982,avaConv,offshore
no_n,h1909,0.15800561883961492,scr1982,avaConv,offshore
no_n,h1910,0.13999606696204991,scr1982,avaConv,offshore
no_n,h1911,0.13333578146044,scr1982,avaConv,offshore
no_n,h1912,0.13297996332520096,scr1982,avaConv,offshore
no_n,h1913,0.13039889274084285,scr1982,avaConv,offshore
no_n,h1914,0.12501268577180966,scr1982,avaConv,offshore
no_n,h1915,0.11712489871020897,scr1982,avaConv,offshore
no_n,h1916,0.10750941878473395,scr1982,avaConv,offshore
no_n,h1917,0.09525469294133641,scr1982,avaConv,offshore
no_n,h1918,0.08072172087844465,scr1982,avaConv,offshore
no_n,h1919,0.06746163524716556,scr1982,avaConv,offshore
no_n,h1920,0.054142221113978636,scr1982,avaConv,offshore
no_n,h1921,0.04176394211778434,scr1982,avaConv,offshore
no_n,h1922,0.031236905390104267,scr1982,avaConv,offshore
no_n,h1923,0.0246282793582154,scr1982,avaConv,offshore
no_n,h1924,0.022246938119141114,scr1982,avaConv,offshore
no_n,h1925,0.022456623261499418,scr1982,avaConv,offshore
no_n,h1926,0.023440116708429475,scr1982,avaConv,offshore
no_n,h1927,0.023329624582189158,scr1982,avaConv,offshore
no_n,h1928,0.02127055502480153,scr1982,avaConv,offshore
no_n,h1929,0.018140750127815,scr1982,avaConv,offshore
no_n,h1930,0.015650037249531096,scr1982,avaConv,offshore
no_n,h1931,0.012389861380099947,scr1982,avaConv,offshore
no_n,h1932,0.009605420385948478,scr1982,avaConv,offshore
no_n,h1933,0.007175206465159115,scr1982,avaConv,offshore
no_n,h1934,0.0070083804239752506,scr1982,avaConv,offshore
no_n,h1935,0.0076514408403946434,scr1982,avaConv,offshore
no_n,h1936,0.008201061501915134,scr1982,avaConv,offshore
no_n,h1937,0.008658876005116067,scr1982,avaConv,offshore
no_n,h1938,0.010606420216034591,scr1982,avaConv,offshore
no_n,h1939,0.014534095785572406,scr1982,avaConv,offshore
no_n,h1940,0.02116876177420406,scr1982,avaConv,offshore
no_n,h1941,0.027223066432495713,scr1982,avaConv,offshore
no_n,h1942,0.03185662474267837,scr1982,avaConv,offshore
no_n,h1943,0.035428995578277535,scr1982,avaConv,offshore
no_n,h1944,0.03921871296970892,scr1982,avaConv,offshore
no_n,h1945,0.04233255859757151,scr1982,avaConv,offshore
no_n,h1946,0.04378217188568223,scr1982,avaConv,offshore
no_n,h1947,0.04501432509369302,scr1982,avaConv,offshore
no_n,h1948,0.04894547391719062,scr1982,avaConv,offshore
no_n,h1949,0.055759578484888106,scr1982,avaConv,offshore
no_n,h1950,0.06455306952936939,scr1982,avaConv,offshore
no_n,h1951,0.072079186666431,scr1982,avaConv,offshore
no_n,h1952,0.07710420092917548,scr1982,avaConv,offshore
no_n,h1953,0.07906704529043217,scr1982,avaConv,offshore
no_n,h1954,0.08037918703017947,scr1982,avaConv,offshore
no_n,h1955,0.07472741628285835,scr1982,avaConv,offshore
no_n,h1956,0.06525238018358989,scr1982,avaConv,offshore
no_n,h1957,0.05142914671574343,scr1982,avaConv,offshore
no_n,h1958,0.04421772309470229,scr1982,avaConv,offshore
no_n,h1959,0.04757452929883174,scr1982,avaConv,offshore
no_n,h1960,0.07044174464332989,scr1982,avaConv,offshore
no_n,h1961,0.11269965621631725,scr1982,avaConv,offshore
no_n,h1962,0.1631057559742827,scr1982,avaConv,offshore
no_n,h1963,0.207825272628453,scr1982,avaConv,offshore
no_n,h1964,0.23607549624798013,scr1982,avaConv,offshore
no_n,h1965,0.25630715687323136,scr1982,avaConv,offshore
no_n,h1966,0.26982019727003026,scr1982,avaConv,offshore
no_n,h1967,0.271814276579854,scr1982,avaConv,offshore
no_n,h1968,0.2621897502134948,scr1982,avaConv,offshore
no_n,h1969,0.24174943879734784,scr1982,avaConv,offshore
no_n,h1970,0.22976142940751876,scr1982,avaConv,offshore
no_n,h1971,0.22384180824718686,scr1982,avaConv,offshore
no_n,h1972,0.22981272101716266,scr1982,avaConv,offshore
no_n,h1973,0.23861733634927185,scr1982,avaConv,offshore
no_n,h1974,0.24186378073901804,scr1982,avaConv,offshore
no_n,h1975,0.2403709690556934,scr1982,avaConv,offshore
no_n,h1976,0.23623208866615972,scr1982,avaConv,offshore
no_n,h1977,0.23700287642575824,scr1982,avaConv,offshore
no_n,h1978,0.2359721768719916,scr1982,avaConv,offshore
no_n,h1979,0.23718360373742728,scr1982,avaConv,offshore
no_n,h1980,0.2364722612084035,scr1982,avaConv,offshore
no_n,h1981,0.23160588653619962,scr1982,avaConv,offshore
no_n,h1982,0.21681457623097924,scr1982,avaConv,offshore
no_n,h1983,0.208817678196881,scr1982,avaConv,offshore
no_n,h1984,0.2180834662801666,scr1982,avaConv,offshore
no_n,h1985,0.24497621670356376,scr1982,avaConv,offshore
no_n,h1986,0.27283707239225763,scr1982,avaConv,offshore
no_n,h1987,0.2883516834283604,scr1982,avaConv,offshore
no_n,h1988,0.28566275945606806,scr1982,avaConv,offshore
no_n,h1989,0.26909289446216506,scr1982,avaConv,offshore
no_n,h1990,0.25094288000583936,scr1982,avaConv,offshore
no_n,h1991,0.2447744507454898,scr1982,avaConv,offshore
no_n,h1992,0.2538980034833943,scr1982,avaConv,offshore
no_n,h1993,0.2664203325786909,scr1982,avaConv,offshore
no_n,h1994,0.2685856382848526,scr1982,avaConv,offshore
no_n,h1995,0.2554265010995514,scr1982,avaConv,offshore
no_n,h1996,0.23424018519856782,scr1982,avaConv,offshore
no_n,h1997,0.21511705293518366,scr1982,avaConv,offshore
no_n,h1998,0.20242486998292927,scr1982,avaConv,offshore
no_n,h1999,0.1942996222772548,scr1982,avaConv,offshore
no_n,h2000,0.18427679027684746,scr1982,avaConv,offshore
no_n,h2001,0.16645157858372653,scr1982,avaConv,offshore
no_n,h2002,0.14336896522859505,scr1982,avaConv,offshore
no_n,h2003,0.12325200880950005,scr1982,avaConv,offshore
no_n,h2004,0.10599763153700914,scr1982,avaConv,offshore
no_n,h2005,0.0930603633439654,scr1982,avaConv,offshore
no_n,h2006,0.08338178175220178,scr1982,avaConv,offshore
no_n,h2007,0.0851022716986936,scr1982,avaConv,offshore
no_n,h2008,0.10113676390249877,scr1982,avaConv,offshore
no_n,h2009,0.12302259559635217,scr1982,avaConv,offshore
no_n,h2010,0.1457335744365254,scr1982,avaConv,offshore
no_n,h2011,0.16311395206739307,scr1982,avaConv,offshore
no_n,h2012,0.1836690332505412,scr1982,avaConv,offshore
no_n,h2013,0.2008303471093043,scr1982,avaConv,offshore
no_n,h2014,0.21064371059753784,scr1982,avaConv,offshore
no_n,h2015,0.21228986326433283,scr1982,avaConv,offshore
no_n,h2016,0.2026369050838978,scr1982,avaConv,offshore
no_n,h2017,0.29562777360681236,scr1982,avaConv,offshore
no_n,h2018,0.39134786694418955,scr1982,avaConv,offshore
no_n,h2019,0.5016625984289277,scr1982,avaConv,offshore
no_n,h2020,0.5130869262623071,scr1982,avaConv,offshore
no_n,h2021,0.552083365441806,scr1982,avaConv,offshore
no_n,h2022,0.6357215942579031,scr1982,avaConv,offshore
no_n,h2023,0.7380699152782054,scr1982,avaConv,offshore
no_n,h2024,0.8246195472914165,scr1982,avaConv,offshore
no_n,h2025,0.8711257965253651,scr1982,avaConv,offshore
no_n,h2026,0.8971683600944999,scr1982,avaConv,offshore
no_n,h2027,0.916291924317228,scr1982,avaConv,offshore
no_n,h2028,0.923363494538266,scr1982,avaConv,offshore
no_n,h2029,0.9182873208184584,scr1982,avaConv,offshore
no_n,h2030,0.9079747332126906,scr1982,avaConv,offshore
no_n,h2031,0.9049293230883387,scr1982,avaConv,offshore
no_n,h2032,0.9063535025818686,scr1982,avaConv,offshore
no_n,h2033,0.9066104275776311,scr1982,avaConv,offshore
no_n,h2034,0.9025985115662003,scr1982,avaConv,offshore
no_n,h2035,0.8991086991876129,scr1982,avaConv,offshore
no_n,h2036,0.9053030279886364,scr1982,avaConv,offshore
no_n,h2037,0.9167759756220463,scr1982,avaConv,offshore
no_n,h2038,0.9279555793844975,scr1982,avaConv,offshore
no_n,h2039,0.927121622688763,scr1982,avaConv,offshore
no_n,h2040,0.9216629205290505,scr1982,avaConv,offshore
no_n,h2041,0.9143899733940638,scr1982,avaConv,offshore
no_n,h2042,0.9077962516400543,scr1982,avaConv,offshore
no_n,h2043,0.9011935504732549,scr1982,avaConv,offshore
no_n,h2044,0.9009416968609409,scr1982,avaConv,offshore
no_n,h2045,0.9028394765084169,scr1982,avaConv,offshore
no_n,h2046,0.8993309141657636,scr1982,avaConv,offshore
no_n,h2047,0.8746615763361665,scr1982,avaConv,offshore
no_n,h2048,0.8158165287679056,scr1982,avaConv,offshore
no_n,h2049,0.7378760635436645,scr1982,avaConv,offshore
no_n,h2050,0.6813126878473761,scr1982,avaConv,offshore
no_n,h2051,0.7068156624264083,scr1982,avaConv,offshore
no_n,h2052,0.744357868107979,scr1982,avaConv,offshore
no_n,h2053,0.7675583535058323,scr1982,avaConv,offshore
no_n,h2054,0.7548386110355336,scr1982,avaConv,offshore
no_n,h2055,0.7857011826435417,scr1982,avaConv,offshore
no_n,h2056,0.8291626543400117,scr1982,avaConv,offshore
no_n,h2057,0.8523998936788519,scr1982,avaConv,offshore
no_n,h2058,0.8165904801446366,scr1982,avaConv,offshore
no_n,h2059,0.7514678355026702,scr1982,avaConv,offshore
no_n,h2060,0.6844812223713095,scr1982,avaConv,offshore
no_n,h2061,0.6405972689712672,scr1982,avaConv,offshore
no_n,h2062,0.6093694375945028,scr1982,avaConv,offshore
no_n,h2063,0.560063210565626,scr1982,avaConv,offshore
no_n,h2064,0.514422670438913,scr1982,avaConv,offshore
no_n,h2065,0.48389340965582733,scr1982,avaConv,offshore
no_n,h2066,0.4808286824242554,scr1982,avaConv,offshore
no_n,h2067,0.4782279780198859,scr1982,avaConv,offshore
no_n,h2068,0.47389611910879004,scr1982,avaConv,offshore
no_n,h2069,0.4602597377848809,scr1982,avaConv,offshore
no_n,h2070,0.42831414323227723,scr1982,avaConv,offshore
no_n,h2071,0.3935738034435135,scr1982,avaConv,offshore
no_n,h2072,0.3827944779147789,scr1982,avaConv,offshore
no_n,h2073,0.399439341194329,scr1982,avaConv,offshore
no_n,h2074,0.41700683126114696,scr1982,avaConv,offshore
no_n,h2075,0.40033763944387674,scr1982,avaConv,offshore
no_n,h2076,0.3521695750250396,scr1982,avaConv,offshore
no_n,h2077,0.284509348381947,scr1982,avaConv,offshore
no_n,h2078,0.23157844279105044,scr1982,avaConv,offshore
no_n,h2079,0.21387970153541486,scr1982,avaConv,offshore
no_n,h2080,0.22812145287699626,scr1982,avaConv,offshore
no_n,h2081,0.2633509675106313,scr1982,avaConv,offshore
no_n,h2082,0.2996456646175293,scr1982,avaConv,offshore
no_n,h2083,0.33815443796417616,scr1982,avaConv,offshore
no_n,h2084,0.36730710171165537,scr1982,avaConv,offshore
no_n,h2085,0.37977593767541196,scr1982,avaConv,offshore
no_n,h2086,0.37221211290928763,scr1982,avaConv,offshore
no_n,h2087,0.32371015935001757,scr1982,avaConv,offshore
no_n,h2088,0.27113068813015173,scr1982,avaConv,offshore
no_n,h2089,0.21966283800872716,scr1982,avaConv,offshore
no_n,h2090,0.1970337330369912,scr1982,avaConv,offshore
no_n,h2091,0.18242397693597326,scr1982,avaConv,offshore
no_n,h2092,0.17213217439545042,scr1982,avaConv,offshore
no_n,h2093,0.16257965414541836,scr1982,avaConv,offshore
no_n,h2094,0.14607531697477602,scr1982,avaConv,offshore
no_n,h2095,0.12413141316121691,scr1982,avaConv,offshore
no_n,h2096,0.1003815124036575,scr1982,avaConv,offshore
no_n,h2097,0.08154816037511457,scr1982,avaConv,offshore
no_n,h2098,0.06916965165438484,scr1982,avaConv,offshore
no_n,h2099,0.06071886659318252,scr1982,avaConv,offshore
no_n,h2100,0.052267901267761825,scr1982,avaConv,offshore
no_n,h2101,0.04455478277297158,scr1982,avaConv,offshore
no_n,h2102,0.03950334744860215,scr1982,avaConv,offshore
no_n,h2103,0.03821579807848518,scr1982,avaConv,offshore
no_n,h2104,0.03826275881943329,scr1982,avaConv,offshore
no_n,h2105,0.03999027278261069,scr1982,avaConv,offshore
no_n,h2106,0.045013815761464876,scr1982,avaConv,offshore
no_n,h2107,0.05670167393937298,scr1982,avaConv,offshore
no_n,h2108,0.08013543730835138,scr1982,avaConv,offshore
no_n,h2109,0.12020250066040687,scr1982,avaConv,offshore
no_n,h2110,0.17135997774650397,scr1982,avaConv,offshore
no_n,h2111,0.2235449048936148,scr1982,avaConv,offshore
no_n,h2112,0.25935147651509877,scr1982,avaConv,offshore
no_n,h2113,0.27872169326228036,scr1982,avaConv,offshore
no_n,h2114,0.2833955435291016,scr1982,avaConv,offshore
no_n,h2115,0.28263887709552454,scr1982,avaConv,offshore
no_n,h2116,0.28477011453376094,scr1982,avaConv,offshore
no_n,h2117,0.29032790226355454,scr1982,avaConv,offshore
no_n,h2118,0.2985223583924275,scr1982,avaConv,offshore
no_n,h2119,0.308400078794799,scr1982,avaConv,offshore
no_n,h2120,0.32552829876323824,scr1982,avaConv,offshore
no_n,h2121,0.35143387042914254,scr1982,avaConv,offshore
no_n,h2122,0.3743136590681901,scr1982,avaConv,offshore
no_n,h2123,0.37879238001249294,scr1982,avaConv,offshore
no_n,h2124,0.38191507380394163,scr1982,avaConv,offshore
no_n,h2125,0.3901327758501032,scr1982,avaConv,offshore
no_n,h2126,0.3991473354338681,scr1982,avaConv,offshore
no_n,h2127,0.3826800912106612,scr1982,avaConv,offshore
no_n,h2128,0.33893678263623156,scr1982,avaConv,offshore
no_n,h2129,0.2886662754846944,scr1982,avaConv,offshore
no_n,h2130,0.2517012298652891,scr1982,avaConv,offshore
no_n,h2131,0.22545937427080198,scr1982,avaConv,offshore
no_n,h2132,0.20592206272998453,scr1982,avaConv,offshore
no_n,h2133,0.1857363279071603,scr1982,avaConv,offshore
no_n,h2134,0.1744200175881616,scr1982,avaConv,offshore
no_n,h2135,0.18159081906324387,scr1982,avaConv,offshore
no_n,h2136,0.2067359646299366,scr1982,avaConv,offshore
no_n,h2137,0.257068611651932,scr1982,avaConv,offshore
no_n,h2138,0.3189312277667899,scr1982,avaConv,offshore
no_n,h2139,0.3819185292147247,scr1982,avaConv,offshore
no_n,h2140,0.4306103862969765,scr1982,avaConv,offshore
no_n,h2141,0.4628085726115643,scr1982,avaConv,offshore
no_n,h2142,0.4830111015243268,scr1982,avaConv,offshore
no_n,h2143,0.48940282379798855,scr1982,avaConv,offshore
no_n,h2144,0.4860056043819382,scr1982,avaConv,offshore
no_n,h2145,0.4867452170073043,scr1982,avaConv,offshore
no_n,h2146,0.48342849914209074,scr1982,avaConv,offshore
no_n,h2147,0.4631690566651008,scr1982,avaConv,offshore
no_n,h2148,0.42648276250638534,scr1982,avaConv,offshore
no_n,h2149,0.3982669692445519,scr1982,avaConv,offshore
no_n,h2150,0.39889182684318436,scr1982,avaConv,offshore
no_n,h2151,0.43074933746074817,scr1982,avaConv,offshore
no_n,h2152,0.5031991291412679,scr1982,avaConv,offshore
no_n,h2153,0.5998217849029955,scr1982,avaConv,offshore
no_n,h2154,0.689892936796043,scr1982,avaConv,offshore
no_n,h2155,0.737007559419817,scr1982,avaConv,offshore
no_n,h2156,0.7413711759502088,scr1982,avaConv,offshore
no_n,h2157,0.7151422178275024,scr1982,avaConv,offshore
no_n,h2158,0.6740188991185938,scr1982,avaConv,offshore
no_n,h2159,0.6302696871263487,scr1982,avaConv,offshore
no_n,h2160,0.5798572599343039,scr1982,avaConv,offshore
no_s,h1441,0.8378050637953754,scr1982,avaConv,offshore
no_s,h1442,0.8254513481499706,scr1982,avaConv,offshore
no_s,h1443,0.8009753674970271,scr1982,avaConv,offshore
no_s,h1444,0.7692612697108351,scr1982,avaConv,offshore
no_s,h1445,0.7382629755788405,scr1982,avaConv,offshore
no_s,h1446,0.7075770851913414,scr1982,avaConv,offshore
no_s,h1447,0.6714964083452486,scr1982,avaConv,offshore
no_s,h1448,0.6209037943891509,scr1982,avaConv,offshore
no_s,h1449,0.5680804877275563,scr1982,avaConv,offshore
no_s,h1450,0.5210515355967179,scr1982,avaConv,offshore
no_s,h1451,0.4670307794121245,scr1982,avaConv,offshore
no_s,h1452,0.4170192243970224,scr1982,avaConv,offshore
no_s,h1453,0.3788366429305262,scr1982,avaConv,offshore
no_s,h1454,0.36801718883641493,scr1982,avaConv,offshore
no_s,h1455,0.3587918278446659,scr1982,avaConv,offshore
no_s,h1456,0.33598868384223585,scr1982,avaConv,offshore
no_s,h1457,0.29807337345476304,scr1982,avaConv,offshore
no_s,h1458,0.243925086068337,scr1982,avaConv,offshore
no_s,h1459,0.18067630285158517,scr1982,avaConv,offshore
no_s,h1460,0.12361403781848364,scr1982,avaConv,offshore
no_s,h1461,0.08611884313311823,scr1982,avaConv,offshore
no_s,h1462,0.06846540779657805,scr1982,avaConv,offshore
no_s,h1463,0.05964108662651052,scr1982,avaConv,offshore
no_s,h1464,0.060254283732932526,scr1982,avaConv,offshore
no_s,h1465,0.073708692107492,scr1982,avaConv,offshore
no_s,h1466,0.09908579823181793,scr1982,avaConv,offshore
no_s,h1467,0.1313844880402027,scr1982,avaConv,offshore
no_s,h1468,0.17196099864795933,scr1982,avaConv,offshore
no_s,h1469,0.21599311643874872,scr1982,avaConv,offshore
no_s,h1470,0.2527137357613313,scr1982,avaConv,offshore
no_s,h1471,0.27810454051954336,scr1982,avaConv,offshore
no_s,h1472,0.2918994496973733,scr1982,avaConv,offshore
no_s,h1473,0.28613843583026877,scr1982,avaConv,offshore
no_s,h1474,0.2582294078541977,scr1982,avaConv,offshore
no_s,h1475,0.20719331010551925,scr1982,avaConv,offshore
no_s,h1476,0.1554970087433647,scr1982,avaConv,offshore
no_s,h1477,0.12137933765688198,scr1982,avaConv,offshore
no_s,h1478,0.13185077778250118,scr1982,avaConv,offshore
no_s,h1479,0.17899212594792147,scr1982,avaConv,offshore
no_s,h1480,0.2414287512857591,scr1982,avaConv,offshore
no_s,h1481,0.28930472318181205,scr1982,avaConv,offshore
no_s,h1482,0.31746346543945486,scr1982,avaConv,offshore
no_s,h1483,0.32770206789955547,scr1982,avaConv,offshore
no_s,h1484,0.33787272517049677,scr1982,avaConv,offshore
no_s,h1485,0.35464186841209694,scr1982,avaConv,offshore
no_s,h1486,0.38150154267077974,scr1982,avaConv,offshore
no_s,h1487,0.3990829802236643,scr1982,avaConv,offshore
no_s,h1488,0.3911016157847714,scr1982,avaConv,offshore
no_s,h1489,0.3616326629212173,scr1982,avaConv,offshore
no_s,h1490,0.34590060730301586,scr1982,avaConv,offshore
no_s,h1491,0.36852537887086384,scr1982,avaConv,offshore
no_s,h1492,0.4198984089121129,scr1982,avaConv,offshore
no_s,h1493,0.46432628449093694,scr1982,avaConv,offshore
no_s,h1494,0.49034680288499377,scr1982,avaConv,offshore
no_s,h1495,0.5072105947926927,scr1982,avaConv,offshore
no_s,h1496,0.5309311427143973,scr1982,avaConv,offshore
no_s,h1497,0.5678807630534699,scr1982,avaConv,offshore
no_s,h1498,0.6033644388348379,scr1982,avaConv,offshore
no_s,h1499,0.6341140014418505,scr1982,avaConv,offshore
no_s,h1500,0.6471577094132736,scr1982,avaConv,offshore
no_s,h1501,0.6572617722105838,scr1982,avaConv,offshore
no_s,h1502,0.6731256748912872,scr1982,avaConv,offshore
no_s,h1503,0.7048005595659008,scr1982,avaConv,offshore
no_s,h1504,0.7403833906243794,scr1982,avaConv,offshore
no_s,h1505,0.7683612559139495,scr1982,avaConv,offshore
no_s,h1506,0.7871260748339927,scr1982,avaConv,offshore
no_s,h1507,0.7893275025830888,scr1982,avaConv,offshore
no_s,h1508,0.7716467527394989,scr1982,avaConv,offshore
no_s,h1509,0.7380154864068131,scr1982,avaConv,offshore
no_s,h1510,0.7107790984220511,scr1982,avaConv,offshore
no_s,h1511,0.6825230534379291,scr1982,avaConv,offshore
no_s,h1512,0.6419391445383296,scr1982,avaConv,offshore
no_s,h1513,0.5569977482269833,scr1982,avaConv,offshore
no_s,h1514,0.46478718099598976,scr1982,avaConv,offshore
no_s,h1515,0.3676630697787431,scr1982,avaConv,offshore
no_s,h1516,0.2915084913390257,scr1982,avaConv,offshore
no_s,h1517,0.22627781416540682,scr1982,avaConv,offshore
no_s,h1518,0.18762333671431417,scr1982,avaConv,offshore
no_s,h1519,0.16221484142450132,scr1982,avaConv,offshore
no_s,h1520,0.1454322475692631,scr1982,avaConv,offshore
no_s,h1521,0.1407364719833744,scr1982,avaConv,offshore
no_s,h1522,0.14222170129469014,scr1982,avaConv,offshore
no_s,h1523,0.1284132024977836,scr1982,avaConv,offshore
no_s,h1524,0.08617424944545085,scr1982,avaConv,offshore
no_s,h1525,0.04388822538176469,scr1982,avaConv,offshore
no_s,h1526,0.012430773358910288,scr1982,avaConv,offshore
no_s,h1527,0.008722883122952949,scr1982,avaConv,offshore
no_s,h1528,0.03930420887964893,scr1982,avaConv,offshore
no_s,h1529,0.0930455472995915,scr1982,avaConv,offshore
no_s,h1530,0.16150114466309876,scr1982,avaConv,offshore
no_s,h1531,0.218091758197973,scr1982,avaConv,offshore
no_s,h1532,0.25589421479728763,scr1982,avaConv,offshore
no_s,h1533,0.28596514791206823,scr1982,avaConv,offshore
no_s,h1534,0.3300023300034322,scr1982,avaConv,offshore
no_s,h1535,0.41313564296355737,scr1982,avaConv,offshore
no_s,h1536,0.5102229843819284,scr1982,avaConv,offshore
no_s,h1537,0.6002685846456363,scr1982,avaConv,offshore
no_s,h1538,0.676260020651684,scr1982,avaConv,offshore
no_s,h1539,0.7454496554186878,scr1982,avaConv,offshore
no_s,h1540,0.7980268965827332,scr1982,avaConv,offshore
no_s,h1541,0.8217353033254332,scr1982,avaConv,offshore
no_s,h1542,0.8299452007003401,scr1982,avaConv,offshore
no_s,h1543,0.8479323848390814,scr1982,avaConv,offshore
no_s,h1544,0.8694444050910406,scr1982,avaConv,offshore
no_s,h1545,0.8838441770082505,scr1982,avaConv,offshore
no_s,h1546,0.8865056565632188,scr1982,avaConv,offshore
no_s,h1547,0.8846369028670591,scr1982,avaConv,offshore
no_s,h1548,0.8851443189876669,scr1982,avaConv,offshore
no_s,h1549,0.8837765629261933,scr1982,avaConv,offshore
no_s,h1550,0.8688422097060602,scr1982,avaConv,offshore
no_s,h1551,0.7838602606150048,scr1982,avaConv,offshore
no_s,h1552,0.6193889114842802,scr1982,avaConv,offshore
no_s,h1553,0.4396467337580051,scr1982,avaConv,offshore
no_s,h1554,0.33227629252347346,scr1982,avaConv,offshore
no_s,h1555,0.3186997847533904,scr1982,avaConv,offshore
no_s,h1556,0.317094311298549,scr1982,avaConv,offshore
no_s,h1557,0.2939129316776945,scr1982,avaConv,offshore
no_s,h1558,0.2534406397869988,scr1982,avaConv,offshore
no_s,h1559,0.21241443950447356,scr1982,avaConv,offshore
no_s,h1560,0.17973892851287487,scr1982,avaConv,offshore
no_s,h1561,0.1592476504336944,scr1982,avaConv,offshore
no_s,h1562,0.13299569098428696,scr1982,avaConv,offshore
no_s,h1563,0.1075727915516213,scr1982,avaConv,offshore
no_s,h1564,0.08181272326531168,scr1982,avaConv,offshore
no_s,h1565,0.07368987045826389,scr1982,avaConv,offshore
no_s,h1566,0.07879430507225997,scr1982,avaConv,offshore
no_s,h1567,0.09206357148077494,scr1982,avaConv,offshore
no_s,h1568,0.10689712667260923,scr1982,avaConv,offshore
no_s,h1569,0.12322408632832747,scr1982,avaConv,offshore
no_s,h1570,0.14718031226579462,scr1982,avaConv,offshore
no_s,h1571,0.16208269256349073,scr1982,avaConv,offshore
no_s,h1572,0.17814453617100667,scr1982,avaConv,offshore
no_s,h1573,0.19535865641131783,scr1982,avaConv,offshore
no_s,h1574,0.22827506572411707,scr1982,avaConv,offshore
no_s,h1575,0.267876447353735,scr1982,avaConv,offshore
no_s,h1576,0.31755132066349373,scr1982,avaConv,offshore
no_s,h1577,0.3706165250852442,scr1982,avaConv,offshore
no_s,h1578,0.42539273711991554,scr1982,avaConv,offshore
no_s,h1579,0.4903856214259484,scr1982,avaConv,offshore
no_s,h1580,0.5743610186986503,scr1982,avaConv,offshore
no_s,h1581,0.6614784340636549,scr1982,avaConv,offshore
no_s,h1582,0.7340520573191083,scr1982,avaConv,offshore
no_s,h1583,0.7848632044160103,scr1982,avaConv,offshore
no_s,h1584,0.8139997916314153,scr1982,avaConv,offshore
no_s,h1585,0.8272299898622012,scr1982,avaConv,offshore
no_s,h1586,0.8334706305190199,scr1982,avaConv,offshore
no_s,h1587,0.8431760271976806,scr1982,avaConv,offshore
no_s,h1588,0.8540263695856378,scr1982,avaConv,offshore
no_s,h1589,0.8615206946689229,scr1982,avaConv,offshore
no_s,h1590,0.8661844103570612,scr1982,avaConv,offshore
no_s,h1591,0.86835012344494,scr1982,avaConv,offshore
no_s,h1592,0.8688373514406952,scr1982,avaConv,offshore
no_s,h1593,0.8706615377390471,scr1982,avaConv,offshore
no_s,h1594,0.874814274282381,scr1982,avaConv,offshore
no_s,h1595,0.8763345931402869,scr1982,avaConv,offshore
no_s,h1596,0.8738799916639597,scr1982,avaConv,offshore
no_s,h1597,0.8694231029463753,scr1982,avaConv,offshore
no_s,h1598,0.8679776655888971,scr1982,avaConv,offshore
no_s,h1599,0.8675419463698102,scr1982,avaConv,offshore
no_s,h1600,0.865781300415452,scr1982,avaConv,offshore
no_s,h1601,0.861165223723308,scr1982,avaConv,offshore
no_s,h1602,0.8488390087980624,scr1982,avaConv,offshore
no_s,h1603,0.8222062460286943,scr1982,avaConv,offshore
no_s,h1604,0.7808333900904293,scr1982,avaConv,offshore
no_s,h1605,0.733345817160073,scr1982,avaConv,offshore
no_s,h1606,0.6860766975457256,scr1982,avaConv,offshore
no_s,h1607,0.6190252020289223,scr1982,avaConv,offshore
no_s,h1608,0.5240520441525692,scr1982,avaConv,offshore
no_s,h1609,0.4094970395626603,scr1982,avaConv,offshore
no_s,h1610,0.3175070057322139,scr1982,avaConv,offshore
no_s,h1611,0.256630180309726,scr1982,avaConv,offshore
no_s,h1612,0.21122604513837134,scr1982,avaConv,offshore
no_s,h1613,0.1611144235220332,scr1982,avaConv,offshore
no_s,h1614,0.1114866382182368,scr1982,avaConv,offshore
no_s,h1615,0.07425924980902489,scr1982,avaConv,offshore
no_s,h1616,0.05532563569969827,scr1982,avaConv,offshore
no_s,h1617,0.05408742787668169,scr1982,avaConv,offshore
no_s,h1618,0.0604426517985416,scr1982,avaConv,offshore
no_s,h1619,0.06858769539640072,scr1982,avaConv,offshore
no_s,h1620,0.07703724839156095,scr1982,avaConv,offshore
no_s,h1621,0.0857593368763284,scr1982,avaConv,offshore
no_s,h1622,0.08571557534281243,scr1982,avaConv,offshore
no_s,h1623,0.0706615258248403,scr1982,avaConv,offshore
no_s,h1624,0.04947342236508535,scr1982,avaConv,offshore
no_s,h1625,0.03358092515108087,scr1982,avaConv,offshore
no_s,h1626,0.025432447540680154,scr1982,avaConv,offshore
no_s,h1627,0.01736272445377892,scr1982,avaConv,offshore
no_s,h1628,0.008141686333348448,scr1982,avaConv,offshore
no_s,h1629,0.004504698422919588,scr1982,avaConv,offshore
no_s,h1630,0.02333976232405094,scr1982,avaConv,offshore
no_s,h1631,0.045804811210061566,scr1982,avaConv,offshore
no_s,h1632,0.0685402846902325,scr1982,avaConv,offshore
no_s,h1633,0.08941945046290618,scr1982,avaConv,offshore
no_s,h1634,0.12141818284118228,scr1982,avaConv,offshore
no_s,h1635,0.17347198853781998,scr1982,avaConv,offshore
no_s,h1636,0.2407697779224362,scr1982,avaConv,offshore
no_s,h1637,0.313045969042763,scr1982,avaConv,offshore
no_s,h1638,0.3908142111990551,scr1982,avaConv,offshore
no_s,h1639,0.46486521884938764,scr1982,avaConv,offshore
no_s,h1640,0.5290520822022436,scr1982,avaConv,offshore
no_s,h1641,0.5804845559387946,scr1982,avaConv,offshore
no_s,h1642,0.6178117446593204,scr1982,avaConv,offshore
no_s,h1643,0.6505286746151577,scr1982,avaConv,offshore
no_s,h1644,0.6807802372920861,scr1982,avaConv,offshore
no_s,h1645,0.7161126756526869,scr1982,avaConv,offshore
no_s,h1646,0.758808673885695,scr1982,avaConv,offshore
no_s,h1647,0.8015522652044507,scr1982,avaConv,offshore
no_s,h1648,0.8315863936525028,scr1982,avaConv,offshore
no_s,h1649,0.8458942560706442,scr1982,avaConv,offshore
no_s,h1650,0.850496939218852,scr1982,avaConv,offshore
no_s,h1651,0.860047002718985,scr1982,avaConv,offshore
no_s,h1652,0.8724616322117522,scr1982,avaConv,offshore
no_s,h1653,0.8825908451038372,scr1982,avaConv,offshore
no_s,h1654,0.8883097290118205,scr1982,avaConv,offshore
no_s,h1655,0.8909996437967479,scr1982,avaConv,offshore
no_s,h1656,0.8914549640682814,scr1982,avaConv,offshore
no_s,h1657,0.8899441259169205,scr1982,avaConv,offshore
no_s,h1658,0.886906399516536,scr1982,avaConv,offshore
no_s,h1659,0.8852719772206549,scr1982,avaConv,offshore
no_s,h1660,0.8853576630946136,scr1982,avaConv,offshore
no_s,h1661,0.8871417754795146,scr1982,avaConv,offshore
no_s,h1662,0.8886756186073508,scr1982,avaConv,offshore
no_s,h1663,0.889707510464234,scr1982,avaConv,offshore
no_s,h1664,0.8890169607381747,scr1982,avaConv,offshore
no_s,h1665,0.8872348491008083,scr1982,avaConv,offshore
no_s,h1666,0.885888596012381,scr1982,avaConv,offshore
no_s,h1667,0.8856214526150192,scr1982,avaConv,offshore
no_s,h1668,0.8845525808523278,scr1982,avaConv,offshore
no_s,h1669,0.8829946243135413,scr1982,avaConv,offshore
no_s,h1670,0.8797557079579746,scr1982,avaConv,offshore
no_s,h1671,0.8697458498007372,scr1982,avaConv,offshore
no_s,h1672,0.8498638970304887,scr1982,avaConv,offshore
no_s,h1673,0.8223512288687693,scr1982,avaConv,offshore
no_s,h1674,0.8220929510748118,scr1982,avaConv,offshore
no_s,h1675,0.8233722828587043,scr1982,avaConv,offshore
no_s,h1676,0.8123502678544239,scr1982,avaConv,offshore
no_s,h1677,0.7854217677391552,scr1982,avaConv,offshore
no_s,h1678,0.7891494580144334,scr1982,avaConv,offshore
no_s,h1679,0.7925170689594161,scr1982,avaConv,offshore
no_s,h1680,0.8031705867182004,scr1982,avaConv,offshore
no_s,h1681,0.7274504302090343,scr1982,avaConv,offshore
no_s,h1682,0.6732351518054122,scr1982,avaConv,offshore
no_s,h1683,0.6061488609909947,scr1982,avaConv,offshore
no_s,h1684,0.6001320871323038,scr1982,avaConv,offshore
no_s,h1685,0.5877177405473788,scr1982,avaConv,offshore
no_s,h1686,0.5700782491302634,scr1982,avaConv,offshore
no_s,h1687,0.5587987769684974,scr1982,avaConv,offshore
no_s,h1688,0.5545763565323784,scr1982,avaConv,offshore
no_s,h1689,0.5578891425803847,scr1982,avaConv,offshore
no_s,h1690,0.5640421382546634,scr1982,avaConv,offshore
no_s,h1691,0.5703744642613634,scr1982,avaConv,offshore
no_s,h1692,0.581527953003021,scr1982,avaConv,offshore
no_s,h1693,0.5902868452531855,scr1982,avaConv,offshore
no_s,h1694,0.6064093321633922,scr1982,avaConv,offshore
no_s,h1695,0.6253088988551069,scr1982,avaConv,offshore
no_s,h1696,0.6510375452562053,scr1982,avaConv,offshore
no_s,h1697,0.6637358025885637,scr1982,avaConv,offshore
no_s,h1698,0.6554708122857679,scr1982,avaConv,offshore
no_s,h1699,0.6278058290701705,scr1982,avaConv,offshore
no_s,h1700,0.5943848320954059,scr1982,avaConv,offshore
no_s,h1701,0.5631473662135439,scr1982,avaConv,offshore
no_s,h1702,0.5346361819900044,scr1982,avaConv,offshore
no_s,h1703,0.46997785494697136,scr1982,avaConv,offshore
no_s,h1704,0.38335007138789967,scr1982,avaConv,offshore
no_s,h1705,0.274782502206615,scr1982,avaConv,offshore
no_s,h1706,0.19565710480403023,scr1982,avaConv,offshore
no_s,h1707,0.13343068298826108,scr1982,avaConv,offshore
no_s,h1708,0.08708464825716199,scr1982,avaConv,offshore
no_s,h1709,0.05131418174672767,scr1982,avaConv,offshore
no_s,h1710,0.024343995909286594,scr1982,avaConv,offshore
no_s,h1711,0.009810546858177676,scr1982,avaConv,offshore
no_s,h1712,0.003280190992173872,scr1982,avaConv,offshore
no_s,h1713,0.003237991427311695,scr1982,avaConv,offshore
no_s,h1714,0.005041925604843576,scr1982,avaConv,offshore
no_s,h1715,0.005601720146289654,scr1982,avaConv,offshore
no_s,h1716,0.004227363581605579,scr1982,avaConv,offshore
no_s,h1717,0.003681449776303077,scr1982,avaConv,offshore
no_s,h1718,0.006043361856435938,scr1982,avaConv,offshore
no_s,h1719,0.00749929217822438,scr1982,avaConv,offshore
no_s,h1720,0.006212227221419785,scr1982,avaConv,offshore
no_s,h1721,0.0032425018704834107,scr1982,avaConv,offshore
no_s,h1722,0.0,scr1982,avaConv,offshore
no_s,h1723,0.0006293908696018653,scr1982,avaConv,offshore
no_s,h1724,0.0006293908696018653,scr1982,avaConv,offshore
no_s,h1725,0.0006293908696018653,scr1982,avaConv,offshore
no_s,h1726,0.0,scr1982,avaConv,offshore
no_s,h1727,0.0,scr1982,avaConv,offshore
no_s,h1728,0.0,scr1982,avaConv,offshore
no_s,h1729,0.0,scr1982,avaConv,offshore
no_s,h1730,0.0,scr1982,avaConv,offshore
no_s,h1731,0.0,scr1982,avaConv,offshore
no_s,h1732,0.0,scr1982,avaConv,offshore
no_s,h1733,0.0,scr1982,avaConv,offshore
no_s,h1734,0.0,scr1982,avaConv,offshore
no_s,h1735,0.0,scr1982,avaConv,offshore
no_s,h1736,0.0,scr1982,avaConv,offshore
no_s,h1737,0.0,scr1982,avaConv,offshore
no_s,h1738,0.0,scr1982,avaConv,offshore
no_s,h1739,0.0,scr1982,avaConv,offshore
no_s,h1740,0.0,scr1982,avaConv,offshore
no_s,h1741,0.0,scr1982,avaConv,offshore
no_s,h1742,0.0,scr1982,avaConv,offshore
no_s,h1743,0.0,scr1982,avaConv,offshore
no_s,h1744,0.0,scr1982,avaConv,offshore
no_s,h1745,0.0,scr1982,avaConv,offshore
no_s,h1746,0.0,scr1982,avaConv,offshore
no_s,h1747,0.0,scr1982,avaConv,offshore
no_s,h1748,0.002704754662282878,scr1982,avaConv,offshore
no_s,h1749,0.010211095340304406,scr1982,avaConv,offshore
no_s,h1750,0.019180259265734027,scr1982,avaConv,offshore
no_s,h1751,0.036176950422475734,scr1982,avaConv,offshore
no_s,h1752,0.042060295824622326,scr1982,avaConv,offshore
no_s,h1753,0.042280046853774185,scr1982,avaConv,offshore
no_s,h1754,0.030713781188700308,scr1982,avaConv,offshore
no_s,h1755,0.025010030305387804,scr1982,avaConv,offshore
no_s,h1756,0.02237894952923305,scr1982,avaConv,offshore
no_s,h1757,0.021145253302857537,scr1982,avaConv,offshore
no_s,h1758,0.021833875648006137,scr1982,avaConv,offshore
no_s,h1759,0.03132734420479818,scr1982,avaConv,offshore
no_s,h1760,0.04938719176961912,scr1982,avaConv,offshore
no_s,h1761,0.06563921487031099,scr1982,avaConv,offshore
no_s,h1762,0.07498696011643341,scr1982,avaConv,offshore
no_s,h1763,0.06690983129210318,scr1982,avaConv,offshore
no_s,h1764,0.05390963772323459,scr1982,avaConv,offshore
no_s,h1765,0.0339957512534827,scr1982,avaConv,offshore
no_s,h1766,0.02027131736108947,scr1982,avaConv,offshore
no_s,h1767,0.007794140602744762,scr1982,avaConv,offshore
no_s,h1768,0.0,scr1982,avaConv,offshore
no_s,h1769,0.0,scr1982,avaConv,offshore
no_s,h1770,0.01124018883838545,scr1982,avaConv,offshore
no_s,h1771,0.04465143225992491,scr1982,avaConv,offshore
no_s,h1772,0.08878699330988024,scr1982,avaConv,offshore
no_s,h1773,0.13135538611608852,scr1982,avaConv,offshore
no_s,h1774,0.15960816006786332,scr1982,avaConv,offshore
no_s,h1775,0.16463128434077356,scr1982,avaConv,offshore
no_s,h1776,0.16127562724828298,scr1982,avaConv,offshore
no_s,h1777,0.15581080579776171,scr1982,avaConv,offshore
no_s,h1778,0.1666528218092578,scr1982,avaConv,offshore
no_s,h1779,0.18175146769009903,scr1982,avaConv,offshore
no_s,h1780,0.19351517059689868,scr1982,avaConv,offshore
no_s,h1781,0.1908970730409992,scr1982,avaConv,offshore
no_s,h1782,0.17554404401199064,scr1982,avaConv,offshore
no_s,h1783,0.14904371610211364,scr1982,avaConv,offshore
no_s,h1784,0.12078713380315191,scr1982,avaConv,offshore
no_s,h1785,0.09549738923216006,scr1982,avaConv,offshore
no_s,h1786,0.07725817319221119,scr1982,avaConv,offshore
no_s,h1787,0.06437443121571013,scr1982,avaConv,offshore
no_s,h1788,0.05211975713927172,scr1982,avaConv,offshore
no_s,h1789,0.03907176237000756,scr1982,avaConv,offshore
no_s,h1790,0.023721952489780082,scr1982,avaConv,offshore
no_s,h1791,0.011761407117342065,scr1982,avaConv,offshore
no_s,h1792,0.00855210207110696,scr1982,avaConv,offshore
no_s,h1793,0.018707951009305644,scr1982,avaConv,offshore
no_s,h1794,0.0407932917893183,scr1982,avaConv,offshore
no_s,h1795,0.06981597725513412,scr1982,avaConv,offshore
no_s,h1796,0.09356449185462515,scr1982,avaConv,offshore
no_s,h1797,0.09889975814923474,scr1982,avaConv,offshore
no_s,h1798,0.08154329409308424,scr1982,avaConv,offshore
no_s,h1799,0.05966238740096355,scr1982,avaConv,offshore
no_s,h1800,0.06322430758796584,scr1982,avaConv,offshore
no_s,h1801,0.11953779464237574,scr1982,avaConv,offshore
no_s,h1802,0.21134002691272485,scr1982,avaConv,offshore
no_s,h1803,0.30389173169065115,scr1982,avaConv,offshore
no_s,h1804,0.37325758591192715,scr1982,avaConv,offshore
no_s,h1805,0.4186454248447842,scr1982,avaConv,offshore
no_s,h1806,0.4647825761480764,scr1982,avaConv,offshore
no_s,h1807,0.5205213889713434,scr1982,avaConv,offshore
no_s,h1808,0.5656900533312792,scr1982,avaConv,offshore
no_s,h1809,0.5750163199696224,scr1982,avaConv,offshore
no_s,h1810,0.5582323297489901,scr1982,avaConv,offshore
no_s,h1811,0.5208314849373848,scr1982,avaConv,offshore
no_s,h1812,0.49204387888217166,scr1982,avaConv,offshore
no_s,h1813,0.47418721482846127,scr1982,avaConv,offshore
no_s,h1814,0.4838486322017558,scr1982,avaConv,offshore
no_s,h1815,0.503014823697723,scr1982,avaConv,offshore
no_s,h1816,0.5103028438737408,scr1982,avaConv,offshore
no_s,h1817,0.49030994649541926,scr1982,avaConv,offshore
no_s,h1818,0.4453094630365939,scr1982,avaConv,offshore
no_s,h1819,0.3854831769745717,scr1982,avaConv,offshore
no_s,h1820,0.3322078335094418,scr1982,avaConv,offshore
no_s,h1821,0.3001270869689558,scr1982,avaConv,offshore
no_s,h1822,0.2898200048421589,scr1982,avaConv,offshore
no_s,h1823,0.30734813208042844,scr1982,avaConv,offshore
no_s,h1824,0.32765282717393795,scr1982,avaConv,offshore
no_s,h1825,0.3635579875463984,scr1982,avaConv,offshore
no_s,h1826,0.39601603922672,scr1982,avaConv,offshore
no_s,h1827,0.4458483102814536,scr1982,avaConv,offshore
no_s,h1828,0.5001027731189985,scr1982,avaConv,offshore
no_s,h1829,0.5589812132311889,scr1982,avaConv,offshore
no_s,h1830,0.6149181192456645,scr1982,avaConv,offshore
no_s,h1831,0.6681128000557451,scr1982,avaConv,offshore
no_s,h1832,0.705766184404423,scr1982,avaConv,offshore
no_s,h1833,0.717264405156416,scr1982,avaConv,offshore
no_s,h1834,0.7040337198643367,scr1982,avaConv,offshore
no_s,h1835,0.6568791593549057,scr1982,avaConv,offshore
no_s,h1836,0.5756672653390364,scr1982,avaConv,offshore
no_s,h1837,0.48346354513589473,scr1982,avaConv,offshore
no_s,h1838,0.41999724750154926,scr1982,avaConv,offshore
no_s,h1839,0.3935228322662569,scr1982,avaConv,offshore
no_s,h1840,0.3680905120519152,scr1982,avaConv,offshore
no_s,h1841,0.3178732620640111,scr1982,avaConv,offshore
no_s,h1842,0.2583092747050286,scr1982,avaConv,offshore
no_s,h1843,0.21019105085362697,scr1982,avaConv,offshore
no_s,h1844,0.19337607599346615,scr1982,avaConv,offshore
no_s,h1845,0.18892255348843237,scr1982,avaConv,offshore
no_s,h1846,0.1826400834457918,scr1982,avaConv,offshore
no_s,h1847,0.17787349856401544,scr1982,avaConv,offshore
no_s,h1848,0.1754219567134917,scr1982,avaConv,offshore
no_s,h1849,0.16691784499469564,scr1982,avaConv,offshore
no_s,h1850,0.13103866127497432,scr1982,avaConv,offshore
no_s,h1851,0.08124178109626898,scr1982,avaConv,offshore
no_s,h1852,0.032944997724194694,scr1982,avaConv,offshore
no_s,h1853,0.009322776398214229,scr1982,avaConv,offshore
no_s,h1854,0.011577467443463786,scr1982,avaConv,offshore
no_s,h1855,0.01859526051779118,scr1982,avaConv,offshore
no_s,h1856,0.026551960500916436,scr1982,avaConv,offshore
no_s,h1857,0.034967119938850946,scr1982,avaConv,offshore
no_s,h1858,0.03920249393218215,scr1982,avaConv,offshore
no_s,h1859,0.035389801167406115,scr1982,avaConv,offshore
no_s,h1860,0.028941882438269954,scr1982,avaConv,offshore
no_s,h1861,0.02560355903364004,scr1982,avaConv,offshore
no_s,h1862,0.031839904450272745,scr1982,avaConv,offshore
no_s,h1863,0.038869220668916744,scr1982,avaConv,offshore
no_s,h1864,0.052947386257397894,scr1982,avaConv,offshore
no_s,h1865,0.06073437248293535,scr1982,avaConv,offshore
no_s,h1866,0.06170059275264884,scr1982,avaConv,offshore
no_s,h1867,0.05730577233720934,scr1982,avaConv,offshore
no_s,h1868,0.05912914954518335,scr1982,avaConv,offshore
no_s,h1869,0.06935319421012205,scr1982,avaConv,offshore
no_s,h1870,0.07583784465951861,scr1982,avaConv,offshore
no_s,h1871,0.08146091108413854,scr1982,avaConv,offshore
no_s,h1872,0.0842398698543202,scr1982,avaConv,offshore
no_s,h1873,0.08452373504124443,scr1982,avaConv,offshore
no_s,h1874,0.0735340332957165,scr1982,avaConv,offshore
no_s,h1875,0.06156325495029404,scr1982,avaConv,offshore
no_s,h1876,0.05480314545536685,scr1982,avaConv,offshore
no_s,h1877,0.05560480796349176,scr1982,avaConv,offshore
no_s,h1878,0.05181581175868745,scr1982,avaConv,offshore
no_s,h1879,0.047045655762098244,scr1982,avaConv,offshore
no_s,h1880,0.05032676709731714,scr1982,avaConv,offshore
no_s,h1881,0.05842746479293443,scr1982,avaConv,offshore
no_s,h1882,0.062099093544463115,scr1982,avaConv,offshore
no_s,h1883,0.06166185380824794,scr1982,avaConv,offshore
no_s,h1884,0.06647779789582026,scr1982,avaConv,offshore
no_s,h1885,0.095795925055716,scr1982,avaConv,offshore
no_s,h1886,0.15100503739117097,scr1982,avaConv,offshore
no_s,h1887,0.2180907404215327,scr1982,avaConv,offshore
no_s,h1888,0.2592309478884327,scr1982,avaConv,offshore
no_s,h1889,0.2783177039239891,scr1982,avaConv,offshore
no_s,h1890,0.2946959435281459,scr1982,avaConv,offshore
no_s,h1891,0.33735628783858473,scr1982,avaConv,offshore
no_s,h1892,0.3841535462865213,scr1982,avaConv,offshore
no_s,h1893,0.42334555891490583,scr1982,avaConv,offshore
no_s,h1894,0.4500784980406406,scr1982,avaConv,offshore
no_s,h1895,0.4675359167596207,scr1982,avaConv,offshore
no_s,h1896,0.48666290956698793,scr1982,avaConv,offshore
no_s,h1897,0.4995703513016731,scr1982,avaConv,offshore
no_s,h1898,0.507115702056222,scr1982,avaConv,offshore
no_s,h1899,0.4882510610892274,scr1982,avaConv,offshore
no_s,h1900,0.45654435328112747,scr1982,avaConv,offshore
no_s,h1901,0.42201919610199323,scr1982,avaConv,offshore
no_s,h1902,0.39658739753418526,scr1982,avaConv,offshore
no_s,h1903,0.36580053508815796,scr1982,avaConv,offshore
no_s,h1904,0.3287412771935343,scr1982,avaConv,offshore
no_s,h1905,0.28809226310773656,scr1982,avaConv,offshore
no_s,h1906,0.2627812735370103,scr1982,avaConv,offshore
no_s,h1907,0.26915317837568997,scr1982,avaConv,offshore
no_s,h1908,0.2770259246438547,scr1982,avaConv,offshore
no_s,h1909,0.26761810617042414,scr1982,avaConv,offshore
no_s,h1910,0.21909427333379022,scr1982,avaConv,offshore
no_s,h1911,0.1618469313452113,scr1982,avaConv,offshore
no_s,h1912,0.11440783958134726,scr1982,avaConv,offshore
no_s,h1913,0.0879240084582994,scr1982,avaConv,offshore
no_s,h1914,0.08291941213197326,scr1982,avaConv,offshore
no_s,h1915,0.10122584468173808,scr1982,avaConv,offshore
no_s,h1916,0.12459507337501387,scr1982,avaConv,offshore
no_s,h1917,0.1499015924839422,scr1982,avaConv,offshore
no_s,h1918,0.16586378944916366,scr1982,avaConv,offshore
no_s,h1919,0.16476474254564685,scr1982,avaConv,offshore
no_s,h1920,0.15053535545249608,scr1982,avaConv,offshore
no_s,h1921,0.1355321571549368,scr1982,avaConv,offshore
no_s,h1922,0.15589934394310614,scr1982,avaConv,offshore
no_s,h1923,0.2007132843574952,scr1982,avaConv,offshore
no_s,h1924,0.2512072085966051,scr1982,avaConv,offshore
no_s,h1925,0.276996163638804,scr1982,avaConv,offshore
no_s,h1926,0.2751577230423,scr1982,avaConv,offshore
no_s,h1927,0.25425765991041044,scr1982,avaConv,offshore
no_s,h1928,0.23057917279878717,scr1982,avaConv,offshore
no_s,h1929,0.20682019109637517,scr1982,avaConv,offshore
no_s,h1930,0.18226369308043575,scr1982,avaConv,offshore
no_s,h1931,0.1566146075509218,scr1982,avaConv,offshore
no_s,h1932,0.14305260996545732,scr1982,avaConv,offshore
no_s,h1933,0.13403684104568034,scr1982,avaConv,offshore
no_s,h1934,0.1274995473324268,scr1982,avaConv,offshore
no_s,h1935,0.11587936768428224,scr1982,avaConv,offshore
no_s,h1936,0.10689080081400479,scr1982,avaConv,offshore
no_s,h1937,0.10233238111139902,scr1982,avaConv,offshore
no_s,h1938,0.09849013666650598,scr1982,avaConv,offshore
no_s,h1939,0.09292320093150104,scr1982,avaConv,offshore
no_s,h1940,0.0843613667364342,scr1982,avaConv,offshore
no_s,h1941,0.08121267946854466,scr1982,avaConv,offshore
no_s,h1942,0.09751511744104036,scr1982,avaConv,offshore
no_s,h1943,0.15838166765958586,scr1982,avaConv,offshore
no_s,h1944,0.2227395833423138,scr1982,avaConv,offshore
no_s,h1945,0.2974430909866578,scr1982,avaConv,offshore
no_s,h1946,0.3766348142572696,scr1982,avaConv,offshore
no_s,h1947,0.4866581539906176,scr1982,avaConv,offshore
no_s,h1948,0.5927395407853935,scr1982,avaConv,offshore
no_s,h1949,0.6515852404757714,scr1982,avaConv,offshore
no_s,h1950,0.6321757914449607,scr1982,avaConv,offshore
no_s,h1951,0.5481583557770123,scr1982,avaConv,offshore
no_s,h1952,0.4412077640068055,scr1982,avaConv,offshore
no_s,h1953,0.35555981256884067,scr1982,avaConv,offshore
no_s,h1954,0.316660222263944,scr1982,avaConv,offshore
no_s,h1955,0.3342476499560381,scr1982,avaConv,offshore
no_s,h1956,0.36331150633788534,scr1982,avaConv,offshore
no_s,h1957,0.35852236798051296,scr1982,avaConv,offshore
no_s,h1958,0.29991983685718815,scr1982,avaConv,offshore
no_s,h1959,0.21312621425304043,scr1982,avaConv,offshore
no_s,h1960,0.14632338844067372,scr1982,avaConv,offshore
no_s,h1961,0.14794211053062906,scr1982,avaConv,offshore
no_s,h1962,0.23201744027762908,scr1982,avaConv,offshore
no_s,h1963,0.3572930990246487,scr1982,avaConv,offshore
no_s,h1964,0.48566379010767863,scr1982,avaConv,offshore
no_s,h1965,0.5936144383616925,scr1982,avaConv,offshore
no_s,h1966,0.6872246565690941,scr1982,avaConv,offshore
no_s,h1967,0.7656847437536504,scr1982,avaConv,offshore
no_s,h1968,0.7986384295399248,scr1982,avaConv,offshore
no_s,h1969,0.813710325662862,scr1982,avaConv,offshore
no_s,h1970,0.8246243860252445,scr1982,avaConv,offshore
no_s,h1971,0.8339487327443668,scr1982,avaConv,offshore
no_s,h1972,0.8307007823495178,scr1982,avaConv,offshore
no_s,h1973,0.8259308624554504,scr1982,avaConv,offshore
no_s,h1974,0.841767561664464,scr1982,avaConv,offshore
no_s,h1975,0.8514909254472296,scr1982,avaConv,offshore
no_s,h1976,0.8398849044488775,scr1982,avaConv,offshore
no_s,h1977,0.8305019943742071,scr1982,avaConv,offshore
no_s,h1978,0.8340698459710153,scr1982,avaConv,offshore
no_s,h1979,0.8432092899663886,scr1982,avaConv,offshore
no_s,h1980,0.8547809706114786,scr1982,avaConv,offshore
no_s,h1981,0.862922597942369,scr1982,avaConv,offshore
no_s,h1982,0.8650916938051534,scr1982,avaConv,offshore
no_s,h1983,0.8385552792999037,scr1982,avaConv,offshore
no_s,h1984,0.7767020953427562,scr1982,avaConv,offshore
no_s,h1985,0.6955777794364579,scr1982,avaConv,offshore
no_s,h1986,0.6433730042467265,scr1982,avaConv,offshore
no_s,h1987,0.6434899657208984,scr1982,avaConv,offshore
no_s,h1988,0.6801181905382467,scr1982,avaConv,offshore
no_s,h1989,0.735756625028628,scr1982,avaConv,offshore
no_s,h1990,0.7859967035136803,scr1982,avaConv,offshore
no_s,h1991,0.8316196967515508,scr1982,avaConv,offshore
no_s,h1992,0.846222768961676,scr1982,avaConv,offshore
no_s,h1993,0.8415161723203404,scr1982,avaConv,offshore
no_s,h1994,0.8203145839297379,scr1982,avaConv,offshore
no_s,h1995,0.7997306837501361,scr1982,avaConv,offshore
no_s,h1996,0.7699905676149938,scr1982,avaConv,offshore
no_s,h1997,0.7115646511567754,scr1982,avaConv,offshore
no_s,h1998,0.629541937258635,scr1982,avaConv,offshore
no_s,h1999,0.5521789408397564,scr1982,avaConv,offshore
no_s,h2000,0.5008179366469037,scr1982,avaConv,offshore
no_s,h2001,0.47121224083225405,scr1982,avaConv,offshore
no_s,h2002,0.45650175626179956,scr1982,avaConv,offshore
no_s,h2003,0.4633386394686567,scr1982,avaConv,offshore
no_s,h2004,0.4712303721437564,scr1982,avaConv,offshore
no_s,h2005,0.4653920689142811,scr1982,avaConv,offshore
no_s,h2006,0.4518518498218738,scr1982,avaConv,offshore
no_s,h2007,0.4403810110419285,scr1982,avaConv,offshore
no_s,h2008,0.42441891906258183,scr1982,avaConv,offshore
no_s,h2009,0.3908115854285748,scr1982,avaConv,offshore
no_s,h2010,0.3525436565978484,scr1982,avaConv,offshore
no_s,h2011,0.326862699116589,scr1982,avaConv,offshore
no_s,h2012,0.3156254544049797,scr1982,avaConv,offshore
no_s,h2013,0.30333549867215376,scr1982,avaConv,offshore
no_s,h2014,0.289195844405608,scr1982,avaConv,offshore
no_s,h2015,0.28052573772190154,scr1982,avaConv,offshore
no_s,h2016,0.2846010574993981,scr1982,avaConv,offshore
no_s,h2017,0.42963063848555894,scr1982,avaConv,offshore
no_s,h2018,0.5818698601710139,scr1982,avaConv,offshore
no_s,h2019,0.7376639346733549,scr1982,avaConv,offshore
no_s,h2020,0.7855433757948644,scr1982,avaConv,offshore
no_s,h2021,0.8138291326199567,scr1982,avaConv,offshore
no_s,h2022,0.8290330332757624,scr1982,avaConv,offshore
no_s,h2023,0.8398566136821932,scr1982,avaConv,offshore
no_s,h2024,0.8492254426371779,scr1982,avaConv,offshore
no_s,h2025,0.8551696792308167,scr1982,avaConv,offshore
no_s,h2026,0.8604836052000961,scr1982,avaConv,offshore
no_s,h2027,0.862960802004335,scr1982,avaConv,offshore
no_s,h2028,0.8619321502761528,scr1982,avaConv,offshore
no_s,h2029,0.8560709777853939,scr1982,avaConv,offshore
no_s,h2030,0.8491830538808227,scr1982,avaConv,offshore
no_s,h2031,0.8418931212355644,scr1982,avaConv,offshore
no_s,h2032,0.8364387985560328,scr1982,avaConv,offshore
no_s,h2033,0.8364086169312384,scr1982,avaConv,offshore
no_s,h2034,0.8422827896224615,scr1982,avaConv,offshore
no_s,h2035,0.8495606010324427,scr1982,avaConv,offshore
no_s,h2036,0.8481051000753704,scr1982,avaConv,offshore
no_s,h2037,0.8357963219951723,scr1982,avaConv,offshore
no_s,h2038,0.8158265959525551,scr1982,avaConv,offshore
no_s,h2039,0.7970867989199083,scr1982,avaConv,offshore
no_s,h2040,0.7853599422871167,scr1982,avaConv,offshore
no_s,h2041,0.7890116307984835,scr1982,avaConv,offshore
no_s,h2042,0.8134773350114943,scr1982,avaConv,offshore
no_s,h2043,0.842188619537228,scr1982,avaConv,offshore
no_s,h2044,0.8534549610345024,scr1982,avaConv,offshore
no_s,h2045,0.8441899234070269,scr1982,avaConv,offshore
no_s,h2046,0.8336726582392393,scr1982,avaConv,offshore
no_s,h2047,0.813498682314511,scr1982,avaConv,offshore
no_s,h2048,0.7706674822112042,scr1982,avaConv,offshore
no_s,h2049,0.7331735611356343,scr1982,avaConv,offshore
no_s,h2050,0.7415124568000819,scr1982,avaConv,offshore
no_s,h2051,0.7726276547386828,scr1982,avaConv,offshore
no_s,h2052,0.8055953711532976,scr1982,avaConv,offshore
no_s,h2053,0.8249163671322455,scr1982,avaConv,offshore
no_s,h2054,0.8532078574120465,scr1982,avaConv,offshore
no_s,h2055,0.8714871016399252,scr1982,avaConv,offshore
no_s,h2056,0.8780211389081144,scr1982,avaConv,offshore
no_s,h2057,0.8748713159672948,scr1982,avaConv,offshore
no_s,h2058,0.8657035454513865,scr1982,avaConv,offshore
no_s,h2059,0.8455445981456067,scr1982,avaConv,offshore
no_s,h2060,0.8138238920294376,scr1982,avaConv,offshore
no_s,h2061,0.7899069660194717,scr1982,avaConv,offshore
no_s,h2062,0.764007864406342,scr1982,avaConv,offshore
no_s,h2063,0.7220042433015398,scr1982,avaConv,offshore
no_s,h2064,0.6509918627896227,scr1982,avaConv,offshore
no_s,h2065,0.5592557507603128,scr1982,avaConv,offshore
no_s,h2066,0.4631604884380662,scr1982,avaConv,offshore
no_s,h2067,0.3612763041075429,scr1982,avaConv,offshore
no_s,h2068,0.2747813002517925,scr1982,avaConv,offshore
no_s,h2069,0.201697724695579,scr1982,avaConv,offshore
no_s,h2070,0.135787518665768,scr1982,avaConv,offshore
no_s,h2071,0.07225800218726675,scr1982,avaConv,offshore
no_s,h2072,0.04681937160007127,scr1982,avaConv,offshore
no_s,h2073,0.09067285017684885,scr1982,avaConv,offshore
no_s,h2074,0.2009965939207248,scr1982,avaConv,offshore
no_s,h2075,0.3480448707425407,scr1982,avaConv,offshore
no_s,h2076,0.5017501769418984,scr1982,avaConv,offshore
no_s,h2077,0.630695107237953,scr1982,avaConv,offshore
no_s,h2078,0.7139970076772856,scr1982,avaConv,offshore
no_s,h2079,0.7627412159461915,scr1982,avaConv,offshore
no_s,h2080,0.7861354462627786,scr1982,avaConv,offshore
no_s,h2081,0.8185196969501285,scr1982,avaConv,offshore
no_s,h2082,0.8484127184412107,scr1982,avaConv,offshore
no_s,h2083,0.8760443133760971,scr1982,avaConv,offshore
no_s,h2084,0.8868294964751517,scr1982,avaConv,offshore
no_s,h2085,0.8939271249818069,scr1982,avaConv,offshore
no_s,h2086,0.8982855052850459,scr1982,avaConv,offshore
no_s,h2087,0.8996447178000408,scr1982,avaConv,offshore
no_s,h2088,0.8983910821831248,scr1982,avaConv,offshore
no_s,h2089,0.8968574295876337,scr1982,avaConv,offshore
no_s,h2090,0.8965657399082914,scr1982,avaConv,offshore
no_s,h2091,0.8978263043141679,scr1982,avaConv,offshore
no_s,h2092,0.8991014196682011,scr1982,avaConv,offshore
no_s,h2093,0.899436236820641,scr1982,avaConv,offshore
no_s,h2094,0.898598065430619,scr1982,avaConv,offshore
no_s,h2095,0.8866791929754473,scr1982,avaConv,offshore
no_s,h2096,0.8195767766445534,scr1982,avaConv,offshore
no_s,h2097,0.7121518483431224,scr1982,avaConv,offshore
no_s,h2098,0.5970350306122342,scr1982,avaConv,offshore
no_s,h2099,0.5119899331587969,scr1982,avaConv,offshore
no_s,h2100,0.43903200481479604,scr1982,avaConv,offshore
no_s,h2101,0.40933950940183045,scr1982,avaConv,offshore
no_s,h2102,0.4323313166674568,scr1982,avaConv,offshore
no_s,h2103,0.4826218552887243,scr1982,avaConv,offshore
no_s,h2104,0.5132290530303323,scr1982,avaConv,offshore
no_s,h2105,0.5405598929154497,scr1982,avaConv,offshore
no_s,h2106,0.5860181425104082,scr1982,avaConv,offshore
no_s,h2107,0.6163792694469954,scr1982,avaConv,offshore
no_s,h2108,0.6038733318662673,scr1982,avaConv,offshore
no_s,h2109,0.552115404443642,scr1982,avaConv,offshore
no_s,h2110,0.481144675127459,scr1982,avaConv,offshore
no_s,h2111,0.44619083994153896,scr1982,avaConv,offshore
no_s,h2112,0.44320369765783024,scr1982,avaConv,offshore
no_s,h2113,0.4759931401546014,scr1982,avaConv,offshore
no_s,h2114,0.48778611284902545,scr1982,avaConv,offshore
no_s,h2115,0.4763498492916326,scr1982,avaConv,offshore
no_s,h2116,0.44226217469762713,scr1982,avaConv,offshore
no_s,h2117,0.40958147165216907,scr1982,avaConv,offshore
no_s,h2118,0.3845600855571037,scr1982,avaConv,offshore
no_s,h2119,0.3719113727075474,scr1982,avaConv,offshore
no_s,h2120,0.3932449728444105,scr1982,avaConv,offshore
no_s,h2121,0.4545120411912274,scr1982,avaConv,offshore
no_s,h2122,0.5310924938798439,scr1982,avaConv,offshore
no_s,h2123,0.6176295924086721,scr1982,avaConv,offshore
no_s,h2124,0.6799797197185761,scr1982,avaConv,offshore
no_s,h2125,0.7188489513594023,scr1982,avaConv,offshore
no_s,h2126,0.7060906875679441,scr1982,avaConv,offshore
no_s,h2127,0.6675995005720737,scr1982,avaConv,offshore
no_s,h2128,0.6181044486267137,scr1982,avaConv,offshore
no_s,h2129,0.5813196495130097,scr1982,avaConv,offshore
no_s,h2130,0.5486046241115704,scr1982,avaConv,offshore
no_s,h2131,0.522672516750321,scr1982,avaConv,offshore
no_s,h2132,0.49400177360032943,scr1982,avaConv,offshore
no_s,h2133,0.46506347337239545,scr1982,avaConv,offshore
no_s,h2134,0.42465692548949047,scr1982,avaConv,offshore
no_s,h2135,0.3828982684760868,scr1982,avaConv,offshore
no_s,h2136,0.3230236906908478,scr1982,avaConv,offshore
no_s,h2137,0.2794654755341053,scr1982,avaConv,offshore
no_s,h2138,0.26167295552879266,scr1982,avaConv,offshore
no_s,h2139,0.29296036601038994,scr1982,avaConv,offshore
no_s,h2140,0.3328583130916066,scr1982,avaConv,offshore
no_s,h2141,0.3586595015082144,scr1982,avaConv,offshore
no_s,h2142,0.37255654990984743,scr1982,avaConv,offshore
no_s,h2143,0.37890363583993736,scr1982,avaConv,offshore
no_s,h2144,0.3945461123491844,scr1982,avaConv,offshore
no_s,h2145,0.4172861055480054,scr1982,avaConv,offshore
no_s,h2146,0.4625376965239396,scr1982,avaConv,offshore
no_s,h2147,0.525767359799845,scr1982,avaConv,offshore
no_s,h2148,0.5881862457589038,scr1982,avaConv,offshore
no_s,h2149,0.6319619619175375,scr1982,avaConv,offshore
no_s,h2150,0.6495250573477327,scr1982,avaConv,offshore
no_s,h2151,0.644578120643186,scr1982,avaConv,offshore
no_s,h2152,0.6226344273192923,scr1982,avaConv,offshore
no_s,h2153,0.5778608957456745,scr1982,avaConv,offshore
no_s,h2154,0.5303828160106123,scr1982,avaConv,offshore
no_s,h2155,0.5067388086679867,scr1982,avaConv,offshore
no_s,h2156,0.4927950610957879,scr1982,avaConv,offshore
no_s,h2157,0.5067404057332091,scr1982,avaConv,offshore
no_s,h2158,0.5345566035279643,scr1982,avaConv,offshore
no_s,h2159,0.5461998653207841,scr1982,avaConv,offshore
no_s,h2160,0.5507785048071133,scr1982,avaConv,offshore
pl,h1441,0.5726584526524306,scr1982,avaConv,offshore
pl,h1442,0.5433462647899439,scr1982,avaConv,offshore
pl,h1443,0.5167450939443616,scr1982,avaConv,offshore
pl,h1444,0.4695497033879131,scr1982,avaConv,offshore
pl,h1445,0.4086999829298813,scr1982,avaConv,offshore
pl,h1446,0.34625326398456224,scr1982,avaConv,offshore
pl,h1447,0.27769709450690877,scr1982,avaConv,offshore
pl,h1448,0.20661131623100143,scr1982,avaConv,offshore
pl,h1449,0.1382982224447276,scr1982,avaConv,offshore
pl,h1450,0.0853358963997239,scr1982,avaConv,offshore
pl,h1451,0.04321340437559731,scr1982,avaConv,offshore
pl,h1452,0.02077729714402938,scr1982,avaConv,offshore
pl,h1453,0.010636811874842843,scr1982,avaConv,offshore
pl,h1454,0.009442361392622702,scr1982,avaConv,offshore
pl,h1455,0.0060292481530401275,scr1982,avaConv,offshore
pl,h1456,0.001953758026486231,scr1982,avaConv,offshore
pl,h1457,0.0003056917961461548,scr1982,avaConv,offshore
pl,h1458,0.0,scr1982,avaConv,offshore
pl,h1459,0.0,scr1982,avaConv,offshore
pl,h1460,0.0,scr1982,avaConv,offshore
pl,h1461,0.01090208472418949,scr1982,avaConv,offshore
pl,h1462,0.03809615417607507,scr1982,avaConv,offshore
pl,h1463,0.08582623237146411,scr1982,avaConv,offshore
pl,h1464,0.13795557333605282,scr1982,avaConv,offshore
pl,h1465,0.1960540517931271,scr1982,avaConv,offshore
pl,h1466,0.2578258121691153,scr1982,avaConv,offshore
pl,h1467,0.3281481249846281,scr1982,avaConv,offshore
pl,h1468,0.3960665174291402,scr1982,avaConv,offshore
pl,h1469,0.4588314384010191,scr1982,avaConv,offshore
pl,h1470,0.5209078641099796,scr1982,avaConv,offshore
pl,h1471,0.588784356773992,scr1982,avaConv,offshore
pl,h1472,0.6676878716515986,scr1982,avaConv,offshore
pl,h1473,0.7489126659324614,scr1982,avaConv,offshore
pl,h1474,0.820925657912939,scr1982,avaConv,offshore
pl,h1475,0.8446214612293202,scr1982,avaConv,offshore
pl,h1476,0.860100808392718,scr1982,avaConv,offshore
pl,h1477,0.85629101324778,scr1982,avaConv,offshore
pl,h1478,0.8673820853785961,scr1982,avaConv,offshore
pl,h1479,0.8544242794259014,scr1982,avaConv,offshore
pl,h1480,0.8483549987634392,scr1982,avaConv,offshore
pl,h1481,0.8504727219042549,scr1982,avaConv,offshore
pl,h1482,0.8698469788483684,scr1982,avaConv,offshore
pl,h1483,0.8913705001673649,scr1982,avaConv,offshore
pl,h1484,0.911141849738844,scr1982,avaConv,offshore
pl,h1485,0.9259749064840548,scr1982,avaConv,offshore
pl,h1486,0.932052940350381,scr1982,avaConv,offshore
pl,h1487,0.9036024961690872,scr1982,avaConv,offshore
pl,h1488,0.7903380539797367,scr1982,avaConv,offshore
pl,h1489,0.6368247286014049,scr1982,avaConv,offshore
pl,h1490,0.48902059499527917,scr1982,avaConv,offshore
pl,h1491,0.41682092259482584,scr1982,avaConv,offshore
pl,h1492,0.3949861562675262,scr1982,avaConv,offshore
pl,h1493,0.41392115676897256,scr1982,avaConv,offshore
pl,h1494,0.45602064096756484,scr1982,avaConv,offshore
pl,h1495,0.48810296328059494,scr1982,avaConv,offshore
pl,h1496,0.48656071847577825,scr1982,avaConv,offshore
pl,h1497,0.458182981156887,scr1982,avaConv,offshore
pl,h1498,0.41707918940781213,scr1982,avaConv,offshore
pl,h1499,0.3575594864146549,scr1982,avaConv,offshore
pl,h1500,0.2927039466236585,scr1982,avaConv,offshore
pl,h1501,0.2286462725216978,scr1982,avaConv,offshore
pl,h1502,0.19060359438391541,scr1982,avaConv,offshore
pl,h1503,0.16465888644972687,scr1982,avaConv,offshore
pl,h1504,0.144206996726578,scr1982,avaConv,offshore
pl,h1505,0.13325539985349596,scr1982,avaConv,offshore
pl,h1506,0.12845667271185496,scr1982,avaConv,offshore
pl,h1507,0.12124378114394002,scr1982,avaConv,offshore
pl,h1508,0.10620048243173594,scr1982,avaConv,offshore
pl,h1509,0.08555907196857378,scr1982,avaConv,offshore
pl,h1510,0.07198302839907303,scr1982,avaConv,offshore
pl,h1511,0.06996698569595768,scr1982,avaConv,offshore
pl,h1512,0.07669461132193067,scr1982,avaConv,offshore
pl,h1513,0.31102692012205385,scr1982,avaConv,offshore
pl,h1514,0.49040499233448615,scr1982,avaConv,offshore
pl,h1515,0.6367252230634627,scr1982,avaConv,offshore
pl,h1516,0.586621479384432,scr1982,avaConv,offshore
pl,h1517,0.5370356727702446,scr1982,avaConv,offshore
pl,h1518,0.5002039661498983,scr1982,avaConv,offshore
pl,h1519,0.47560394632497893,scr1982,avaConv,offshore
pl,h1520,0.4538023734630089,scr1982,avaConv,offshore
pl,h1521,0.4143048074601178,scr1982,avaConv,offshore
pl,h1522,0.3587922751494549,scr1982,avaConv,offshore
pl,h1523,0.30312468343719295,scr1982,avaConv,offshore
pl,h1524,0.2518521738960321,scr1982,avaConv,offshore
pl,h1525,0.20826869146926635,scr1982,avaConv,offshore
pl,h1526,0.16577212689196297,scr1982,avaConv,offshore
pl,h1527,0.14036644583890376,scr1982,avaConv,offshore
pl,h1528,0.13522722869459625,scr1982,avaConv,offshore
pl,h1529,0.1471030454632568,scr1982,avaConv,offshore
pl,h1530,0.1531402726538013,scr1982,avaConv,offshore
pl,h1531,0.14395394729104094,scr1982,avaConv,offshore
pl,h1532,0.1251046488802606,scr1982,avaConv,offshore
pl,h1533,0.10720025259102604,scr1982,avaConv,offshore
pl,h1534,0.09744754801368288,scr1982,avaConv,offshore
pl,h1535,0.09645025146741958,scr1982,avaConv,offshore
pl,h1536,0.11050674947353775,scr1982,avaConv,offshore
pl,h1537,0.13043054119983225,scr1982,avaConv,offshore
pl,h1538,0.1529104693764947,scr1982,avaConv,offshore
pl,h1539,0.16596684559894015,scr1982,avaConv,offshore
pl,h1540,0.17145922591342289,scr1982,avaConv,offshore
pl,h1541,0.17639033040072252,scr1982,avaConv,offshore
pl,h1542,0.1974179007309137,scr1982,avaConv,offshore
pl,h1543,0.23866178328481835,scr1982,avaConv,offshore
pl,h1544,0.26751183722035893,scr1982,avaConv,offshore
pl,h1545,0.2742173160717559,scr1982,avaConv,offshore
pl,h1546,0.281062922412037,scr1982,avaConv,offshore
pl,h1547,0.3004838219334868,scr1982,avaConv,offshore
pl,h1548,0.3280087106978398,scr1982,avaConv,offshore
pl,h1549,0.3378429285588179,scr1982,avaConv,offshore
pl,h1550,0.3612884892004205,scr1982,avaConv,offshore
pl,h1551,0.40194146637657535,scr1982,avaConv,offshore
pl,h1552,0.4504453355798783,scr1982,avaConv,offshore
pl,h1553,0.4749953808250112,scr1982,avaConv,offshore
pl,h1554,0.460669659640809,scr1982,avaConv,offshore
pl,h1555,0.4062949901630089,scr1982,avaConv,offshore
pl,h1556,0.3325652008062132,scr1982,avaConv,offshore
pl,h1557,0.2641189142048906,scr1982,avaConv,offshore
pl,h1558,0.21123783404341767,scr1982,avaConv,offshore
pl,h1559,0.17166260931707322,scr1982,avaConv,offshore
pl,h1560,0.13637941956014207,scr1982,avaConv,offshore
pl,h1561,0.10737966174279998,scr1982,avaConv,offshore
pl,h1562,0.0771512096986142,scr1982,avaConv,offshore
pl,h1563,0.05235690904747972,scr1982,avaConv,offshore
pl,h1564,0.03415226380923229,scr1982,avaConv,offshore
pl,h1565,0.02222703573137388,scr1982,avaConv,offshore
pl,h1566,0.013074424308495959,scr1982,avaConv,offshore
pl,h1567,0.01244721684919205,scr1982,avaConv,offshore
pl,h1568,0.029949831816512403,scr1982,avaConv,offshore
pl,h1569,0.06102536874682352,scr1982,avaConv,offshore
pl,h1570,0.10534904414536862,scr1982,avaConv,offshore
pl,h1571,0.12454144669095739,scr1982,avaConv,offshore
pl,h1572,0.14219407108848886,scr1982,avaConv,offshore
pl,h1573,0.15642473465742376,scr1982,avaConv,offshore
pl,h1574,0.19597148140718215,scr1982,avaConv,offshore
pl,h1575,0.23110243896610938,scr1982,avaConv,offshore
pl,h1576,0.27575368715251586,scr1982,avaConv,offshore
pl,h1577,0.33918525706505254,scr1982,avaConv,offshore
pl,h1578,0.4273113265603833,scr1982,avaConv,offshore
pl,h1579,0.514518428761462,scr1982,avaConv,offshore
pl,h1580,0.6039341625321863,scr1982,avaConv,offshore
pl,h1581,0.6901882157284307,scr1982,avaConv,offshore
pl,h1582,0.7591028832523702,scr1982,avaConv,offshore
pl,h1583,0.8019279579910452,scr1982,avaConv,offshore
pl,h1584,0.7923857729425537,scr1982,avaConv,offshore
pl,h1585,0.7483921517514728,scr1982,avaConv,offshore
pl,h1586,0.6561560684676097,scr1982,avaConv,offshore
pl,h1587,0.5568421592646935,scr1982,avaConv,offshore
pl,h1588,0.4778554956599225,scr1982,avaConv,offshore
pl,h1589,0.43062161955087774,scr1982,avaConv,offshore
pl,h1590,0.40585895862232496,scr1982,avaConv,offshore
pl,h1591,0.3984823997759263,scr1982,avaConv,offshore
pl,h1592,0.4109546046613372,scr1982,avaConv,offshore
pl,h1593,0.4218468799114825,scr1982,avaConv,offshore
pl,h1594,0.4047629560905685,scr1982,avaConv,offshore
pl,h1595,0.36353281114197783,scr1982,avaConv,offshore
pl,h1596,0.3399199912851024,scr1982,avaConv,offshore
pl,h1597,0.3494075003799419,scr1982,avaConv,offshore
pl,h1598,0.37473753469106036,scr1982,avaConv,offshore
pl,h1599,0.38892388883842427,scr1982,avaConv,offshore
pl,h1600,0.39336988266634715,scr1982,avaConv,offshore
pl,h1601,0.3895996743010785,scr1982,avaConv,offshore
pl,h1602,0.387915696642825,scr1982,avaConv,offshore
pl,h1603,0.3796725766901538,scr1982,avaConv,offshore
pl,h1604,0.3664421049002266,scr1982,avaConv,offshore
pl,h1605,0.34191343084697107,scr1982,avaConv,offshore
pl,h1606,0.3066881236332139,scr1982,avaConv,offshore
pl,h1607,0.2680772975782379,scr1982,avaConv,offshore
pl,h1608,0.22569352582238217,scr1982,avaConv,offshore
pl,h1609,0.19698581264171813,scr1982,avaConv,offshore
pl,h1610,0.19302832270393314,scr1982,avaConv,offshore
pl,h1611,0.27214596371952987,scr1982,avaConv,offshore
pl,h1612,0.32454168693947355,scr1982,avaConv,offshore
pl,h1613,0.3019822083827778,scr1982,avaConv,offshore
pl,h1614,0.20376666237213661,scr1982,avaConv,offshore
pl,h1615,0.1417619416658069,scr1982,avaConv,offshore
pl,h1616,0.22483229522981302,scr1982,avaConv,offshore
pl,h1617,0.34781981161999564,scr1982,avaConv,offshore
pl,h1618,0.4094157857555406,scr1982,avaConv,offshore
pl,h1619,0.37410601534324595,scr1982,avaConv,offshore
pl,h1620,0.32000797176511725,scr1982,avaConv,offshore
pl,h1621,0.3496976249929462,scr1982,avaConv,offshore
pl,h1622,0.42610431387806336,scr1982,avaConv,offshore
pl,h1623,0.4953560094829403,scr1982,avaConv,offshore
pl,h1624,0.5555198365173113,scr1982,avaConv,offshore
pl,h1625,0.6507799096154153,scr1982,avaConv,offshore
pl,h1626,0.7536830530317645,scr1982,avaConv,offshore
pl,h1627,0.83943666565702,scr1982,avaConv,offshore
pl,h1628,0.8887225834118794,scr1982,avaConv,offshore
pl,h1629,0.91342050110501,scr1982,avaConv,offshore
pl,h1630,0.912784454650057,scr1982,avaConv,offshore
pl,h1631,0.8457031619125679,scr1982,avaConv,offshore
pl,h1632,0.7324753821209116,scr1982,avaConv,offshore
pl,h1633,0.6272750975826177,scr1982,avaConv,offshore
pl,h1634,0.572930032597261,scr1982,avaConv,offshore
pl,h1635,0.6228985138906747,scr1982,avaConv,offshore
pl,h1636,0.7091164871694453,scr1982,avaConv,offshore
pl,h1637,0.7538374565483676,scr1982,avaConv,offshore
pl,h1638,0.73518062108346,scr1982,avaConv,offshore
pl,h1639,0.6640416957723847,scr1982,avaConv,offshore
pl,h1640,0.6184413072091063,scr1982,avaConv,offshore
pl,h1641,0.5793779464424997,scr1982,avaConv,offshore
pl,h1642,0.5639580235461354,scr1982,avaConv,offshore
pl,h1643,0.5929422487405899,scr1982,avaConv,offshore
pl,h1644,0.6116131259778332,scr1982,avaConv,offshore
pl,h1645,0.5947304455787927,scr1982,avaConv,offshore
pl,h1646,0.5591194471428128,scr1982,avaConv,offshore
pl,h1647,0.5396927036791126,scr1982,avaConv,offshore
pl,h1648,0.5862470546717276,scr1982,avaConv,offshore
pl,h1649,0.6520345930438094,scr1982,avaConv,offshore
pl,h1650,0.725161736679221,scr1982,avaConv,offshore
pl,h1651,0.7613416838203261,scr1982,avaConv,offshore
pl,h1652,0.773167971522174,scr1982,avaConv,offshore
pl,h1653,0.737804701106814,scr1982,avaConv,offshore
pl,h1654,0.6783727705662358,scr1982,avaConv,offshore
pl,h1655,0.5897197370894175,scr1982,avaConv,offshore
pl,h1656,0.49325932330376454,scr1982,avaConv,offshore
pl,h1657,0.3713271319096032,scr1982,avaConv,offshore
pl,h1658,0.25715511562486754,scr1982,avaConv,offshore
pl,h1659,0.18524205650121173,scr1982,avaConv,offshore
pl,h1660,0.17704374010089058,scr1982,avaConv,offshore
pl,h1661,0.21213619862470934,scr1982,avaConv,offshore
pl,h1662,0.29012005999016016,scr1982,avaConv,offshore
pl,h1663,0.4001462632251327,scr1982,avaConv,offshore
pl,h1664,0.5058012862388498,scr1982,avaConv,offshore
pl,h1665,0.5420966733841578,scr1982,avaConv,offshore
pl,h1666,0.4918873902245319,scr1982,avaConv,offshore
pl,h1667,0.42413666894228813,scr1982,avaConv,offshore
pl,h1668,0.3697731873947007,scr1982,avaConv,offshore
pl,h1669,0.3657885108712614,scr1982,avaConv,offshore
pl,h1670,0.3753565582987471,scr1982,avaConv,offshore
pl,h1671,0.4330510869451661,scr1982,avaConv,offshore
pl,h1672,0.5262150915951589,scr1982,avaConv,offshore
pl,h1673,0.6108984579651531,scr1982,avaConv,offshore
pl,h1674,0.6718819707318183,scr1982,avaConv,offshore
pl,h1675,0.694350134929107,scr1982,avaConv,offshore
pl,h1676,0.7082882210048232,scr1982,avaConv,offshore
pl,h1677,0.7197486721070218,scr1982,avaConv,offshore
pl,h1678,0.7299759142797525,scr1982,avaConv,offshore
pl,h1679,0.7207190339709658,scr1982,avaConv,offshore
pl,h1680,0.7032856187325861,scr1982,avaConv,offshore
pl,h1681,0.49902038805016746,scr1982,avaConv,offshore
pl,h1682,0.2993255645861021,scr1982,avaConv,offshore
pl,h1683,0.0629078923501503,scr1982,avaConv,offshore
pl,h1684,0.06027558152122183,scr1982,avaConv,offshore
pl,h1685,0.04608881299312412,scr1982,avaConv,offshore
pl,h1686,0.029708497650607953,scr1982,avaConv,offshore
pl,h1687,0.015026600368090323,scr1982,avaConv,offshore
pl,h1688,0.008022789770547259,scr1982,avaConv,offshore
pl,h1689,0.016275469804974775,scr1982,avaConv,offshore
pl,h1690,0.03923608158339134,scr1982,avaConv,offshore
pl,h1691,0.04963168607127687,scr1982,avaConv,offshore
pl,h1692,0.06894213901963674,scr1982,avaConv,offshore
pl,h1693,0.09670026883862248,scr1982,avaConv,offshore
pl,h1694,0.1484944523205894,scr1982,avaConv,offshore
pl,h1695,0.1910299191438739,scr1982,avaConv,offshore
pl,h1696,0.2140111433563778,scr1982,avaConv,offshore
pl,h1697,0.21036794217749935,scr1982,avaConv,offshore
pl,h1698,0.18522217411315042,scr1982,avaConv,offshore
pl,h1699,0.15067327139691983,scr1982,avaConv,offshore
pl,h1700,0.12446981601230937,scr1982,avaConv,offshore
pl,h1701,0.11126641009867476,scr1982,avaConv,offshore
pl,h1702,0.10368835468065649,scr1982,avaConv,offshore
pl,h1703,0.08673471020460097,scr1982,avaConv,offshore
pl,h1704,0.06128133318143372,scr1982,avaConv,offshore
pl,h1705,0.035073508544520314,scr1982,avaConv,offshore
pl,h1706,0.01942994577431049,scr1982,avaConv,offshore
pl,h1707,0.024097252143744335,scr1982,avaConv,offshore
pl,h1708,0.04609621978936914,scr1982,avaConv,offshore
pl,h1709,0.07906238315543646,scr1982,avaConv,offshore
pl,h1710,0.11336584221615006,scr1982,avaConv,offshore
pl,h1711,0.14401980799153646,scr1982,avaConv,offshore
pl,h1712,0.17170805385751384,scr1982,avaConv,offshore
pl,h1713,0.19591221066367184,scr1982,avaConv,offshore
pl,h1714,0.2106435328473999,scr1982,avaConv,offshore
pl,h1715,0.20663942462708254,scr1982,avaConv,offshore
pl,h1716,0.17633078565649843,scr1982,avaConv,offshore
pl,h1717,0.13624592309421998,scr1982,avaConv,offshore
pl,h1718,0.10640400377468605,scr1982,avaConv,offshore
pl,h1719,0.11355908245901336,scr1982,avaConv,offshore
pl,h1720,0.1562961574616478,scr1982,avaConv,offshore
pl,h1721,0.22504719398232698,scr1982,avaConv,offshore
pl,h1722,0.3130335496396242,scr1982,avaConv,offshore
pl,h1723,0.399422624944278,scr1982,avaConv,offshore
pl,h1724,0.46373783104375005,scr1982,avaConv,offshore
pl,h1725,0.48910653179623803,scr1982,avaConv,offshore
pl,h1726,0.4870362455877359,scr1982,avaConv,offshore
pl,h1727,0.47047501865205993,scr1982,avaConv,offshore
pl,h1728,0.44185225578188153,scr1982,avaConv,offshore
pl,h1729,0.39758866173464286,scr1982,avaConv,offshore
pl,h1730,0.3447891701104833,scr1982,avaConv,offshore
pl,h1731,0.30381322024144036,scr1982,avaConv,offshore
pl,h1732,0.28098888542622574,scr1982,avaConv,offshore
pl,h1733,0.26687782556889617,scr1982,avaConv,offshore
pl,h1734,0.25434897662932665,scr1982,avaConv,offshore
pl,h1735,0.2691868525749615,scr1982,avaConv,offshore
pl,h1736,0.32033227369357825,scr1982,avaConv,offshore
pl,h1737,0.3676651415798779,scr1982,avaConv,offshore
pl,h1738,0.36546678370734104,scr1982,avaConv,offshore
pl,h1739,0.2973586004425768,scr1982,avaConv,offshore
pl,h1740,0.21537102995945615,scr1982,avaConv,offshore
pl,h1741,0.14705197505916284,scr1982,avaConv,offshore
pl,h1742,0.11395674524783386,scr1982,avaConv,offshore
pl,h1743,0.10381882237413645,scr1982,avaConv,offshore
pl,h1744,0.12002639533242887,scr1982,avaConv,offshore
pl,h1745,0.16434679199178645,scr1982,avaConv,offshore
pl,h1746,0.22894232795521707,scr1982,avaConv,offshore
pl,h1747,0.2855939618125079,scr1982,avaConv,offshore
pl,h1748,0.31723241498293686,scr1982,avaConv,offshore
pl,h1749,0.3111034320653898,scr1982,avaConv,offshore
pl,h1750,0.28121992998410617,scr1982,avaConv,offshore
pl,h1751,0.24673653070963925,scr1982,avaConv,offshore
pl,h1752,0.20536180635867188,scr1982,avaConv,offshore
pl,h1753,0.1582048570323656,scr1982,avaConv,offshore
pl,h1754,0.10154710666697518,scr1982,avaConv,offshore
pl,h1755,0.05650369904303939,scr1982,avaConv,offshore
pl,h1756,0.02883325566087538,scr1982,avaConv,offshore
pl,h1757,0.015703464710691763,scr1982,avaConv,offshore
pl,h1758,0.008190028867918277,scr1982,avaConv,offshore
pl,h1759,0.004439216463992039,scr1982,avaConv,offshore
pl,h1760,0.0026102498407928943,scr1982,avaConv,offshore
pl,h1761,0.002405014969188873,scr1982,avaConv,offshore
pl,h1762,0.0036642389874809666,scr1982,avaConv,offshore
pl,h1763,0.009519592916189394,scr1982,avaConv,offshore
pl,h1764,0.0179367666835868,scr1982,avaConv,offshore
pl,h1765,0.02796187531441715,scr1982,avaConv,offshore
pl,h1766,0.03556292878721671,scr1982,avaConv,offshore
pl,h1767,0.04223201269934635,scr1982,avaConv,offshore
pl,h1768,0.04921259367544777,scr1982,avaConv,offshore
pl,h1769,0.05715943360469656,scr1982,avaConv,offshore
pl,h1770,0.06674888664584681,scr1982,avaConv,offshore
pl,h1771,0.08078008905288055,scr1982,avaConv,offshore
pl,h1772,0.10616191736645654,scr1982,avaConv,offshore
pl,h1773,0.1339924147317579,scr1982,avaConv,offshore
pl,h1774,0.1530964518669958,scr1982,avaConv,offshore
pl,h1775,0.14858762708506507,scr1982,avaConv,offshore
pl,h1776,0.13572482253213236,scr1982,avaConv,offshore
pl,h1777,0.11752217373101043,scr1982,avaConv,offshore
pl,h1778,0.0995001273447734,scr1982,avaConv,offshore
pl,h1779,0.07574677739256372,scr1982,avaConv,offshore
pl,h1780,0.06112026589326084,scr1982,avaConv,offshore
pl,h1781,0.07399842754509729,scr1982,avaConv,offshore
pl,h1782,0.10313238027478132,scr1982,avaConv,offshore
pl,h1783,0.12809950763224837,scr1982,avaConv,offshore
pl,h1784,0.135004415059037,scr1982,avaConv,offshore
pl,h1785,0.12661138134816152,scr1982,avaConv,offshore
pl,h1786,0.11536780642657593,scr1982,avaConv,offshore
pl,h1787,0.09660482822119124,scr1982,avaConv,offshore
pl,h1788,0.08713988635582473,scr1982,avaConv,offshore
pl,h1789,0.0869309571944299,scr1982,avaConv,offshore
pl,h1790,0.10804719386128891,scr1982,avaConv,offshore
pl,h1791,0.13991108059008384,scr1982,avaConv,offshore
pl,h1792,0.1776546386615331,scr1982,avaConv,offshore
pl,h1793,0.20710236138377228,scr1982,avaConv,offshore
pl,h1794,0.22187811513403324,scr1982,avaConv,offshore
pl,h1795,0.22635953988954163,scr1982,avaConv,offshore
pl,h1796,0.2406317244557626,scr1982,avaConv,offshore
pl,h1797,0.26892180390894815,scr1982,avaConv,offshore
pl,h1798,0.3099817270667147,scr1982,avaConv,offshore
pl,h1799,0.3524206099958159,scr1982,avaConv,offshore
pl,h1800,0.3909126269391907,scr1982,avaConv,offshore
pl,h1801,0.40516988359911077,scr1982,avaConv,offshore
pl,h1802,0.3874148558806576,scr1982,avaConv,offshore
pl,h1803,0.3344707276636075,scr1982,avaConv,offshore
pl,h1804,0.27059406832488836,scr1982,avaConv,offshore
pl,h1805,0.2204381549491289,scr1982,avaConv,offshore
pl,h1806,0.1979402969877215,scr1982,avaConv,offshore
pl,h1807,0.1924467319071133,scr1982,avaConv,offshore
pl,h1808,0.1852828366543576,scr1982,avaConv,offshore
pl,h1809,0.16993469930178887,scr1982,avaConv,offshore
pl,h1810,0.1545559214649613,scr1982,avaConv,offshore
pl,h1811,0.14769445206597362,scr1982,avaConv,offshore
pl,h1812,0.17450139216826552,scr1982,avaConv,offshore
pl,h1813,0.2428381909510931,scr1982,avaConv,offshore
pl,h1814,0.3370491465029195,scr1982,avaConv,offshore
pl,h1815,0.42292443937102764,scr1982,avaConv,offshore
pl,h1816,0.4763026673276752,scr1982,avaConv,offshore
pl,h1817,0.5007646580329552,scr1982,avaConv,offshore
pl,h1818,0.5112347949232988,scr1982,avaConv,offshore
pl,h1819,0.5163082997470634,scr1982,avaConv,offshore
pl,h1820,0.5165227939706799,scr1982,avaConv,offshore
pl,h1821,0.5084603115576309,scr1982,avaConv,offshore
pl,h1822,0.49705976552291553,scr1982,avaConv,offshore
pl,h1823,0.4657271850174737,scr1982,avaConv,offshore
pl,h1824,0.435657820010278,scr1982,avaConv,offshore
pl,h1825,0.4032195963972642,scr1982,avaConv,offshore
pl,h1826,0.3801425236285788,scr1982,avaConv,offshore
pl,h1827,0.3451390432298848,scr1982,avaConv,offshore
pl,h1828,0.2973235668442018,scr1982,avaConv,offshore
pl,h1829,0.2500654409077341,scr1982,avaConv,offshore
pl,h1830,0.20620565271077212,scr1982,avaConv,offshore
pl,h1831,0.18475189270974174,scr1982,avaConv,offshore
pl,h1832,0.19007211107991287,scr1982,avaConv,offshore
pl,h1833,0.2193533956682305,scr1982,avaConv,offshore
pl,h1834,0.2610861422539339,scr1982,avaConv,offshore
pl,h1835,0.2921113042801813,scr1982,avaConv,offshore
pl,h1836,0.3145493969433447,scr1982,avaConv,offshore
pl,h1837,0.3186005366590386,scr1982,avaConv,offshore
pl,h1838,0.32155585108778584,scr1982,avaConv,offshore
pl,h1839,0.31216211866981647,scr1982,avaConv,offshore
pl,h1840,0.2997755838342823,scr1982,avaConv,offshore
pl,h1841,0.2815872779761129,scr1982,avaConv,offshore
pl,h1842,0.2670737545702041,scr1982,avaConv,offshore
pl,h1843,0.2589051708693601,scr1982,avaConv,offshore
pl,h1844,0.26863865585781976,scr1982,avaConv,offshore
pl,h1845,0.2989730741249967,scr1982,avaConv,offshore
pl,h1846,0.3330704879027108,scr1982,avaConv,offshore
pl,h1847,0.35611062576396657,scr1982,avaConv,offshore
pl,h1848,0.3598045528791112,scr1982,avaConv,offshore
pl,h1849,0.5463965245878214,scr1982,avaConv,offshore
pl,h1850,0.7026258013738983,scr1982,avaConv,offshore
pl,h1851,0.8493830277906745,scr1982,avaConv,offshore
pl,h1852,0.8170575355517989,scr1982,avaConv,offshore
pl,h1853,0.7694073178792998,scr1982,avaConv,offshore
pl,h1854,0.6944727278828527,scr1982,avaConv,offshore
pl,h1855,0.6182635940823026,scr1982,avaConv,offshore
pl,h1856,0.6012531524605944,scr1982,avaConv,offshore
pl,h1857,0.6463709057247619,scr1982,avaConv,offshore
pl,h1858,0.7118824846900682,scr1982,avaConv,offshore
pl,h1859,0.7025151923096911,scr1982,avaConv,offshore
pl,h1860,0.676045721158103,scr1982,avaConv,offshore
pl,h1861,0.6487828602884804,scr1982,avaConv,offshore
pl,h1862,0.6474405095264397,scr1982,avaConv,offshore
pl,h1863,0.6214695538655237,scr1982,avaConv,offshore
pl,h1864,0.5817583358673706,scr1982,avaConv,offshore
pl,h1865,0.5908896918201505,scr1982,avaConv,offshore
pl,h1866,0.6302496101778009,scr1982,avaConv,offshore
pl,h1867,0.6516818377175527,scr1982,avaConv,offshore
pl,h1868,0.6423197198336883,scr1982,avaConv,offshore
pl,h1869,0.6126525442907698,scr1982,avaConv,offshore
pl,h1870,0.6088391321071979,scr1982,avaConv,offshore
pl,h1871,0.599713156318382,scr1982,avaConv,offshore
pl,h1872,0.6310314591712518,scr1982,avaConv,offshore
pl,h1873,0.6609316974073517,scr1982,avaConv,offshore
pl,h1874,0.724143786186635,scr1982,avaConv,offshore
pl,h1875,0.7685607618994319,scr1982,avaConv,offshore
pl,h1876,0.8087773029053904,scr1982,avaConv,offshore
pl,h1877,0.8434830642341674,scr1982,avaConv,offshore
pl,h1878,0.8782358498197093,scr1982,avaConv,offshore
pl,h1879,0.9180148980828939,scr1982,avaConv,offshore
pl,h1880,0.9413259069116335,scr1982,avaConv,offshore
pl,h1881,0.9475495312017745,scr1982,avaConv,offshore
pl,h1882,0.9488673365640166,scr1982,avaConv,offshore
pl,h1883,0.9494852601277138,scr1982,avaConv,offshore
pl,h1884,0.949792652753704,scr1982,avaConv,offshore
pl,h1885,0.9499512262897695,scr1982,avaConv,offshore
pl,h1886,0.9499980387578698,scr1982,avaConv,offshore
pl,h1887,0.95,scr1982,avaConv,offshore
pl,h1888,0.95,scr1982,avaConv,offshore
pl,h1889,0.95,scr1982,avaConv,offshore
pl,h1890,0.95,scr1982,avaConv,offshore
pl,h1891,0.95,scr1982,avaConv,offshore
pl,h1892,0.9499986335064661,scr1982,avaConv,offshore
pl,h1893,0.9499762858704079,scr1982,avaConv,offshore
pl,h1894,0.9497421954290113,scr1982,avaConv,offshore
pl,h1895,0.949395322557588,scr1982,avaConv,offshore
pl,h1896,0.945546092499111,scr1982,avaConv,offshore
pl,h1897,0.9306999453262992,scr1982,avaConv,offshore
pl,h1898,0.9060769575047164,scr1982,avaConv,offshore
pl,h1899,0.8929468110846227,scr1982,avaConv,offshore
pl,h1900,0.8959470026070248,scr1982,avaConv,offshore
pl,h1901,0.9106245535273482,scr1982,avaConv,offshore
pl,h1902,0.9197545162167682,scr1982,avaConv,offshore
pl,h1903,0.9259579292691735,scr1982,avaConv,offshore
pl,h1904,0.9272844418371943,scr1982,avaConv,offshore
pl,h1905,0.9202008821929534,scr1982,avaConv,offshore
pl,h1906,0.9112273783003935,scr1982,avaConv,offshore
pl,h1907,0.9070687984617383,scr1982,avaConv,offshore
pl,h1908,0.9135135674073337,scr1982,avaConv,offshore
pl,h1909,0.9228286425460639,scr1982,avaConv,offshore
pl,h1910,0.932927685413135,scr1982,avaConv,offshore
pl,h1911,0.9383976280044002,scr1982,avaConv,offshore
pl,h1912,0.9353134805384237,scr1982,avaConv,offshore
pl,h1913,0.918449215568829,scr1982,avaConv,offshore
pl,h1914,0.8833148532090321,scr1982,avaConv,offshore
pl,h1915,0.8314001398282558,scr1982,avaConv,offshore
pl,h1916,0.7555648374340248,scr1982,avaConv,offshore
pl,h1917,0.6662191752089675,scr1982,avaConv,offshore
pl,h1918,0.5710902378174313,scr1982,avaConv,offshore
pl,h1919,0.48040234633578344,scr1982,avaConv,offshore
pl,h1920,0.39331234407353644,scr1982,avaConv,offshore
pl,h1921,0.3153414437971264,scr1982,avaConv,offshore
pl,h1922,0.25034215086913536,scr1982,avaConv,offshore
pl,h1923,0.19826465669935045,scr1982,avaConv,offshore
pl,h1924,0.15928918722806026,scr1982,avaConv,offshore
pl,h1925,0.13349347007481271,scr1982,avaConv,offshore
pl,h1926,0.12884024292533067,scr1982,avaConv,offshore
pl,h1927,0.13654629879691504,scr1982,avaConv,offshore
pl,h1928,0.17047459013360394,scr1982,avaConv,offshore
pl,h1929,0.2288379178217503,scr1982,avaConv,offshore
pl,h1930,0.3087496786434122,scr1982,avaConv,offshore
pl,h1931,0.37074805946248346,scr1982,avaConv,offshore
pl,h1932,0.42556691304354916,scr1982,avaConv,offshore
pl,h1933,0.4711080284370284,scr1982,avaConv,offshore
pl,h1934,0.5082550932080304,scr1982,avaConv,offshore
pl,h1935,0.523279303456442,scr1982,avaConv,offshore
pl,h1936,0.5105266994459928,scr1982,avaConv,offshore
pl,h1937,0.4912530050264004,scr1982,avaConv,offshore
pl,h1938,0.456882261831216,scr1982,avaConv,offshore
pl,h1939,0.41523276479261745,scr1982,avaConv,offshore
pl,h1940,0.3851799699538061,scr1982,avaConv,offshore
pl,h1941,0.3763602331493045,scr1982,avaConv,offshore
pl,h1942,0.3925002683428657,scr1982,avaConv,offshore
pl,h1943,0.40479488941653297,scr1982,avaConv,offshore
pl,h1944,0.4304020847509243,scr1982,avaConv,offshore
pl,h1945,0.4427004522928251,scr1982,avaConv,offshore
pl,h1946,0.43965173758523063,scr1982,avaConv,offshore
pl,h1947,0.39684230568949086,scr1982,avaConv,offshore
pl,h1948,0.3476219204823253,scr1982,avaConv,offshore
pl,h1949,0.32819905540427485,scr1982,avaConv,offshore
pl,h1950,0.3333356499491951,scr1982,avaConv,offshore
pl,h1951,0.3463398496790143,scr1982,avaConv,offshore
pl,h1952,0.36031437463298654,scr1982,avaConv,offshore
pl,h1953,0.39472723483015054,scr1982,avaConv,offshore
pl,h1954,0.4328709651498839,scr1982,avaConv,offshore
pl,h1955,0.44918489223997216,scr1982,avaConv,offshore
pl,h1956,0.422428846156452,scr1982,avaConv,offshore
pl,h1957,0.39233427889861144,scr1982,avaConv,offshore
pl,h1958,0.370191771971125,scr1982,avaConv,offshore
pl,h1959,0.38195830860581115,scr1982,avaConv,offshore
pl,h1960,0.41450871530807015,scr1982,avaConv,offshore
pl,h1961,0.44139263332459405,scr1982,avaConv,offshore
pl,h1962,0.45495127971084415,scr1982,avaConv,offshore
pl,h1963,0.4597499917469941,scr1982,avaConv,offshore
pl,h1964,0.4758268372846656,scr1982,avaConv,offshore
pl,h1965,0.4921288378755353,scr1982,avaConv,offshore
pl,h1966,0.49535982711450977,scr1982,avaConv,offshore
pl,h1967,0.5083938496655142,scr1982,avaConv,offshore
pl,h1968,0.49878115786329413,scr1982,avaConv,offshore
pl,h1969,0.4885601766436985,scr1982,avaConv,offshore
pl,h1970,0.4557142615208557,scr1982,avaConv,offshore
pl,h1971,0.43500978100621723,scr1982,avaConv,offshore
pl,h1972,0.40969654020366875,scr1982,avaConv,offshore
pl,h1973,0.4108358699406711,scr1982,avaConv,offshore
pl,h1974,0.44007313920305374,scr1982,avaConv,offshore
pl,h1975,0.47847606518119995,scr1982,avaConv,offshore
pl,h1976,0.5087309101239678,scr1982,avaConv,offshore
pl,h1977,0.5328523020786013,scr1982,avaConv,offshore
pl,h1978,0.5732376179441706,scr1982,avaConv,offshore
pl,h1979,0.6181807491437158,scr1982,avaConv,offshore
pl,h1980,0.6822681903312544,scr1982,avaConv,offshore
pl,h1981,0.7423309308342262,scr1982,avaConv,offshore
pl,h1982,0.7914071641017099,scr1982,avaConv,offshore
pl,h1983,0.8266180734633676,scr1982,avaConv,offshore
pl,h1984,0.8540947728298184,scr1982,avaConv,offshore
pl,h1985,0.8844871455737979,scr1982,avaConv,offshore
pl,h1986,0.9007696354302106,scr1982,avaConv,offshore
pl,h1987,0.8993765212962436,scr1982,avaConv,offshore
pl,h1988,0.8788978858841572,scr1982,avaConv,offshore
pl,h1989,0.8343603678038184,scr1982,avaConv,offshore
pl,h1990,0.7801117687701254,scr1982,avaConv,offshore
pl,h1991,0.6998107509573466,scr1982,avaConv,offshore
pl,h1992,0.647347948204011,scr1982,avaConv,offshore
pl,h1993,0.611754463637894,scr1982,avaConv,offshore
pl,h1994,0.593728683232769,scr1982,avaConv,offshore
pl,h1995,0.5258816038764567,scr1982,avaConv,offshore
pl,h1996,0.43071260359435765,scr1982,avaConv,offshore
pl,h1997,0.3653278288337079,scr1982,avaConv,offshore
pl,h1998,0.364279135133959,scr1982,avaConv,offshore
pl,h1999,0.38502890548354674,scr1982,avaConv,offshore
pl,h2000,0.3755234768372225,scr1982,avaConv,offshore
pl,h2001,0.3318272311228031,scr1982,avaConv,offshore
pl,h2002,0.282786504576082,scr1982,avaConv,offshore
pl,h2003,0.22055112407701669,scr1982,avaConv,offshore
pl,h2004,0.16275709421282275,scr1982,avaConv,offshore
pl,h2005,0.11125133330667883,scr1982,avaConv,offshore
pl,h2006,0.1007174038848403,scr1982,avaConv,offshore
pl,h2007,0.14072778468660124,scr1982,avaConv,offshore
pl,h2008,0.2314399629599347,scr1982,avaConv,offshore
pl,h2009,0.34344882693566253,scr1982,avaConv,offshore
pl,h2010,0.43579245373506453,scr1982,avaConv,offshore
pl,h2011,0.4978876695632429,scr1982,avaConv,offshore
pl,h2012,0.5368676441983645,scr1982,avaConv,offshore
pl,h2013,0.5928471889256945,scr1982,avaConv,offshore
pl,h2014,0.6801376231826057,scr1982,avaConv,offshore
pl,h2015,0.7923329347840323,scr1982,avaConv,offshore
pl,h2016,0.8779563142982635,scr1982,avaConv,offshore
pl,h2017,0.7183191444797495,scr1982,avaConv,offshore
pl,h2018,0.4965865329806424,scr1982,avaConv,offshore
pl,h2019,0.2199838373888219,scr1982,avaConv,offshore
pl,h2020,0.15513282994237867,scr1982,avaConv,offshore
pl,h2021,0.09991192394177786,scr1982,avaConv,offshore
pl,h2022,0.06269145898476956,scr1982,avaConv,offshore
pl,h2023,0.04605214240012639,scr1982,avaConv,offshore
pl,h2024,0.03696313396545734,scr1982,avaConv,offshore
pl,h2025,0.0293991519191929,scr1982,avaConv,offshore
pl,h2026,0.020964746081901544,scr1982,avaConv,offshore
pl,h2027,0.010975013760418128,scr1982,avaConv,offshore
pl,h2028,0.005294982782669539,scr1982,avaConv,offshore
pl,h2029,0.005956828727857838,scr1982,avaConv,offshore
pl,h2030,0.007301149815283562,scr1982,avaConv,offshore
pl,h2031,0.006044283667754709,scr1982,avaConv,offshore
pl,h2032,0.0035473955125348874,scr1982,avaConv,offshore
pl,h2033,0.002855047098134298,scr1982,avaConv,offshore
pl,h2034,0.005524164049080657,scr1982,avaConv,offshore
pl,h2035,0.02304906020499139,scr1982,avaConv,offshore
pl,h2036,0.06672466416350924,scr1982,avaConv,offshore
pl,h2037,0.14883575750117864,scr1982,avaConv,offshore
pl,h2038,0.261847604859625,scr1982,avaConv,offshore
pl,h2039,0.3612221118729154,scr1982,avaConv,offshore
pl,h2040,0.44570108507912565,scr1982,avaConv,offshore
pl,h2041,0.5066178927451879,scr1982,avaConv,offshore
pl,h2042,0.5738085458708619,scr1982,avaConv,offshore
pl,h2043,0.6251326836178055,scr1982,avaConv,offshore
pl,h2044,0.6679382498599441,scr1982,avaConv,offshore
pl,h2045,0.7032331030916675,scr1982,avaConv,offshore
pl,h2046,0.7527480490211099,scr1982,avaConv,offshore
pl,h2047,0.7996382227917409,scr1982,avaConv,offshore
pl,h2048,0.8329462177209221,scr1982,avaConv,offshore
pl,h2049,0.8443090257805735,scr1982,avaConv,offshore
pl,h2050,0.8494030522417015,scr1982,avaConv,offshore
pl,h2051,0.8411623050184134,scr1982,avaConv,offshore
pl,h2052,0.7984409586263744,scr1982,avaConv,offshore
pl,h2053,0.7129302810379426,scr1982,avaConv,offshore
pl,h2054,0.6156829955857117,scr1982,avaConv,offshore
pl,h2055,0.5437599391988314,scr1982,avaConv,offshore
pl,h2056,0.5007837577699386,scr1982,avaConv,offshore
pl,h2057,0.4702414021521938,scr1982,avaConv,offshore
pl,h2058,0.4387049740093335,scr1982,avaConv,offshore
pl,h2059,0.4119252424095168,scr1982,avaConv,offshore
pl,h2060,0.39804488425387746,scr1982,avaConv,offshore
pl,h2061,0.3964783954566749,scr1982,avaConv,offshore
pl,h2062,0.43249907886384936,scr1982,avaConv,offshore
pl,h2063,0.5595644580844024,scr1982,avaConv,offshore
pl,h2064,0.7199411163123701,scr1982,avaConv,offshore
pl,h2065,0.8313919873893637,scr1982,avaConv,offshore
pl,h2066,0.8360857764919628,scr1982,avaConv,offshore
pl,h2067,0.7745594606987368,scr1982,avaConv,offshore
pl,h2068,0.6858744618265848,scr1982,avaConv,offshore
pl,h2069,0.5783136333079505,scr1982,avaConv,offshore
pl,h2070,0.4657328378984985,scr1982,avaConv,offshore
pl,h2071,0.3753823186741643,scr1982,avaConv,offshore
pl,h2072,0.30908408531044823,scr1982,avaConv,offshore
pl,h2073,0.2502086023216639,scr1982,avaConv,offshore
pl,h2074,0.1900838449678747,scr1982,avaConv,offshore
pl,h2075,0.12966492200555307,scr1982,avaConv,offshore
pl,h2076,0.08708223982684025,scr1982,avaConv,offshore
pl,h2077,0.0636395711867649,scr1982,avaConv,offshore
pl,h2078,0.056298703561704494,scr1982,avaConv,offshore
pl,h2079,0.06286666245963338,scr1982,avaConv,offshore
pl,h2080,0.07876126205881437,scr1982,avaConv,offshore
pl,h2081,0.0937687975355754,scr1982,avaConv,offshore
pl,h2082,0.09974618092503694,scr1982,avaConv,offshore
pl,h2083,0.1073704501839948,scr1982,avaConv,offshore
pl,h2084,0.12118764470126932,scr1982,avaConv,offshore
pl,h2085,0.1478861607267938,scr1982,avaConv,offshore
pl,h2086,0.18410130973584218,scr1982,avaConv,offshore
pl,h2087,0.2215834380719933,scr1982,avaConv,offshore
pl,h2088,0.2521230872692229,scr1982,avaConv,offshore
pl,h2089,0.2735731218547151,scr1982,avaConv,offshore
pl,h2090,0.29634252039923714,scr1982,avaConv,offshore
pl,h2091,0.30434193841435464,scr1982,avaConv,offshore
pl,h2092,0.3027763246079339,scr1982,avaConv,offshore
pl,h2093,0.30775583261653416,scr1982,avaConv,offshore
pl,h2094,0.38432394446339846,scr1982,avaConv,offshore
pl,h2095,0.5243389493686544,scr1982,avaConv,offshore
pl,h2096,0.6856396477564665,scr1982,avaConv,offshore
pl,h2097,0.8099836946822286,scr1982,avaConv,offshore
pl,h2098,0.8850568020281719,scr1982,avaConv,offshore
pl,h2099,0.8852748444519081,scr1982,avaConv,offshore
pl,h2100,0.8590569385018374,scr1982,avaConv,offshore
pl,h2101,0.8132709735303844,scr1982,avaConv,offshore
pl,h2102,0.7983361874069084,scr1982,avaConv,offshore
pl,h2103,0.7888605070072091,scr1982,avaConv,offshore
pl,h2104,0.782222516046431,scr1982,avaConv,offshore
pl,h2105,0.7667340627261192,scr1982,avaConv,offshore
pl,h2106,0.7333027823053471,scr1982,avaConv,offshore
pl,h2107,0.6980956887798896,scr1982,avaConv,offshore
pl,h2108,0.6910098822793541,scr1982,avaConv,offshore
pl,h2109,0.6882200871685072,scr1982,avaConv,offshore
pl,h2110,0.6780913053580399,scr1982,avaConv,offshore
pl,h2111,0.6813561699151068,scr1982,avaConv,offshore
pl,h2112,0.7000268903139839,scr1982,avaConv,offshore
pl,h2113,0.7008804558408882,scr1982,avaConv,offshore
pl,h2114,0.6240333744380364,scr1982,avaConv,offshore
pl,h2115,0.49393576105238546,scr1982,avaConv,offshore
pl,h2116,0.3891524524690862,scr1982,avaConv,offshore
pl,h2117,0.34607133805589513,scr1982,avaConv,offshore
pl,h2118,0.33814114061886597,scr1982,avaConv,offshore
pl,h2119,0.3230504344477488,scr1982,avaConv,offshore
pl,h2120,0.29518805001454107,scr1982,avaConv,offshore
pl,h2121,0.2894554121645318,scr1982,avaConv,offshore
pl,h2122,0.3074950638238645,scr1982,avaConv,offshore
pl,h2123,0.33353131891196053,scr1982,avaConv,offshore
pl,h2124,0.3663773919539126,scr1982,avaConv,offshore
pl,h2125,0.42044825543278036,scr1982,avaConv,offshore
pl,h2126,0.5055842849568969,scr1982,avaConv,offshore
pl,h2127,0.6210052987649569,scr1982,avaConv,offshore
pl,h2128,0.7195751633831616,scr1982,avaConv,offshore
pl,h2129,0.786317777873667,scr1982,avaConv,offshore
pl,h2130,0.8065002372830943,scr1982,avaConv,offshore
pl,h2131,0.8108419768885095,scr1982,avaConv,offshore
pl,h2132,0.8099691460093019,scr1982,avaConv,offshore
pl,h2133,0.8082263607880258,scr1982,avaConv,offshore
pl,h2134,0.7992975012089807,scr1982,avaConv,offshore
pl,h2135,0.799913537244107,scr1982,avaConv,offshore
pl,h2136,0.8049947643527091,scr1982,avaConv,offshore
pl,h2137,0.810059250347129,scr1982,avaConv,offshore
pl,h2138,0.801680412556362,scr1982,avaConv,offshore
pl,h2139,0.7758926735150874,scr1982,avaConv,offshore
pl,h2140,0.751301889331823,scr1982,avaConv,offshore
pl,h2141,0.7448677933059539,scr1982,avaConv,offshore
pl,h2142,0.7692751192803985,scr1982,avaConv,offshore
pl,h2143,0.8044022332074994,scr1982,avaConv,offshore
pl,h2144,0.8165417657925186,scr1982,avaConv,offshore
pl,h2145,0.8063947120941528,scr1982,avaConv,offshore
pl,h2146,0.7897446001728718,scr1982,avaConv,offshore
pl,h2147,0.7771154387170417,scr1982,avaConv,offshore
pl,h2148,0.7861629604397185,scr1982,avaConv,offshore
pl,h2149,0.8024885840573669,scr1982,avaConv,offshore
pl,h2150,0.8233986509047152,scr1982,avaConv,offshore
pl,h2151,0.8264616767410025,scr1982,avaConv,offshore
pl,h2152,0.8203491552865961,scr1982,avaConv,offshore
pl,h2153,0.8215536892477476,scr1982,avaConv,offshore
pl,h2154,0.8302932956954684,scr1982,avaConv,offshore
pl,h2155,0.8410651869082482,scr1982,avaConv,offshore
pl,h2156,0.8436998600247666,scr1982,avaConv,offshore
pl,h2157,0.8369239113934079,scr1982,avaConv,offshore
pl,h2158,0.8243379452734675,scr1982,avaConv,offshore
pl,h2159,0.8069381200682884,scr1982,avaConv,offshore
pl,h2160,0.7855020988323294,scr1982,avaConv,offshore
pt,h1441,0.9495818461316196,scr1982,avaConv,offshore
pt,h1442,0.949826554695487,scr1982,avaConv,offshore
pt,h1443,0.873216523004733,scr1982,avaConv,offshore
pt,h1444,0.660065469771719,scr1982,avaConv,offshore
pt,h1445,0.4213423448559056,scr1982,avaConv,offshore
pt,h1446,0.2554350999562136,scr1982,avaConv,offshore
pt,h1447,0.21068804972117494,scr1982,avaConv,offshore
pt,h1448,0.19828661141367201,scr1982,avaConv,offshore
pt,h1449,0.19807767718013206,scr1982,avaConv,offshore
pt,h1450,0.20020734572739435,scr1982,avaConv,offshore
pt,h1451,0.18257294687186404,scr1982,avaConv,offshore
pt,h1452,0.15701643448822244,scr1982,avaConv,offshore
pt,h1453,0.1349760967866754,scr1982,avaConv,offshore
pt,h1454,0.1476867332639791,scr1982,avaConv,offshore
pt,h1455,0.18024636450726916,scr1982,avaConv,offshore
pt,h1456,0.2168782669167333,scr1982,avaConv,offshore
pt,h1457,0.2490664465534281,scr1982,avaConv,offshore
pt,h1458,0.279098263820684,scr1982,avaConv,offshore
pt,h1459,0.30799330466805463,scr1982,avaConv,offshore
pt,h1460,0.32306044417738755,scr1982,avaConv,offshore
pt,h1461,0.3201448656257127,scr1982,avaConv,offshore
pt,h1462,0.3075506521597385,scr1982,avaConv,offshore
pt,h1463,0.25244571209319183,scr1982,avaConv,offshore
pt,h1464,0.21300394003211748,scr1982,avaConv,offshore
pt,h1465,0.18852970714516226,scr1982,avaConv,offshore
pt,h1466,0.21071539154236252,scr1982,avaConv,offshore
pt,h1467,0.21272734002153734,scr1982,avaConv,offshore
pt,h1468,0.1914695664713179,scr1982,avaConv,offshore
pt,h1469,0.1568632676662084,scr1982,avaConv,offshore
pt,h1470,0.11729829510063915,scr1982,avaConv,offshore
pt,h1471,0.08645982684415295,scr1982,avaConv,offshore
pt,h1472,0.06068003904305046,scr1982,avaConv,offshore
pt,h1473,0.04115434415953292,scr1982,avaConv,offshore
pt,h1474,0.022862252043386752,scr1982,avaConv,offshore
pt,h1475,0.008630256808330463,scr1982,avaConv,offshore
pt,h1476,0.002947381583153937,scr1982,avaConv,offshore
pt,h1477,0.0014095821688046154,scr1982,avaConv,offshore
pt,h1478,0.002130390834092541,scr1982,avaConv,offshore
pt,h1479,0.002798159814657866,scr1982,avaConv,offshore
pt,h1480,0.0030201807432103786,scr1982,avaConv,offshore
pt,h1481,0.002289639523619372,scr1982,avaConv,offshore
pt,h1482,0.0012915308847982192,scr1982,avaConv,offshore
pt,h1483,0.0006513589386062459,scr1982,avaConv,offshore
pt,h1484,0.0007805745484112539,scr1982,avaConv,offshore
pt,h1485,0.0016072024805246108,scr1982,avaConv,offshore
pt,h1486,0.0032861060911114097,scr1982,avaConv,offshore
pt,h1487,0.008302629978731928,scr1982,avaConv,offshore
pt,h1488,0.011773213134765762,scr1982,avaConv,offshore
pt,h1489,0.010803080167893216,scr1982,avaConv,offshore
pt,h1490,0.005911323623148608,scr1982,avaConv,offshore
pt,h1491,0.0038069481965880172,scr1982,avaConv,offshore
pt,h1492,0.006979842351163964,scr1982,avaConv,offshore
pt,h1493,0.016434079499819412,scr1982,avaConv,offshore
pt,h1494,0.03648448515302849,scr1982,avaConv,offshore
pt,h1495,0.06915692859630518,scr1982,avaConv,offshore
pt,h1496,0.11292439939762748,scr1982,avaConv,offshore
pt,h1497,0.15757754183446748,scr1982,avaConv,offshore
pt,h1498,0.2062109537191359,scr1982,avaConv,offshore
pt,h1499,0.27443818049854624,scr1982,avaConv,offshore
pt,h1500,0.36753424949494823,scr1982,avaConv,offshore
pt,h1501,0.49203822538446024,scr1982,avaConv,offshore
pt,h1502,0.6060403193381115,scr1982,avaConv,offshore
pt,h1503,0.7371472373250175,scr1982,avaConv,offshore
pt,h1504,0.8389666696965726,scr1982,avaConv,offshore
pt,h1505,0.918563144490462,scr1982,avaConv,offshore
pt,h1506,0.9443482884411056,scr1982,avaConv,offshore
pt,h1507,0.9492430548104758,scr1982,avaConv,offshore
pt,h1508,0.9495959392457621,scr1982,avaConv,offshore
pt,h1509,0.9051639809079804,scr1982,avaConv,offshore
pt,h1510,0.7517260125304349,scr1982,avaConv,offshore
pt,h1511,0.5214418038976235,scr1982,avaConv,offshore
pt,h1512,0.34928067005844576,scr1982,avaConv,offshore
pt,h1513,0.2532229789919908,scr1982,avaConv,offshore
pt,h1514,0.21423972561681862,scr1982,avaConv,offshore
pt,h1515,0.14446940128898575,scr1982,avaConv,offshore
pt,h1516,0.09338459245886364,scr1982,avaConv,offshore
pt,h1517,0.06150735690914038,scr1982,avaConv,offshore
pt,h1518,0.05006989879077467,scr1982,avaConv,offshore
pt,h1519,0.039837226474410424,scr1982,avaConv,offshore
pt,h1520,0.023558263319509942,scr1982,avaConv,offshore
pt,h1521,0.010147692909824852,scr1982,avaConv,offshore
pt,h1522,0.0027627471761452853,scr1982,avaConv,offshore
pt,h1523,0.0004683724191618411,scr1982,avaConv,offshore
pt,h1524,0.0,scr1982,avaConv,offshore
pt,h1525,0.0,scr1982,avaConv,offshore
pt,h1526,0.0,scr1982,avaConv,offshore
pt,h1527,0.0,scr1982,avaConv,offshore
pt,h1528,0.0,scr1982,avaConv,offshore
pt,h1529,0.0,scr1982,avaConv,offshore
pt,h1530,0.0,scr1982,avaConv,offshore
pt,h1531,0.00015440312628969545,scr1982,avaConv,offshore
pt,h1532,0.0050430588044492915,scr1982,avaConv,offshore
pt,h1533,0.022205346092215104,scr1982,avaConv,offshore
pt,h1534,0.04944862021462257,scr1982,avaConv,offshore
pt,h1535,0.059761561828034056,scr1982,avaConv,offshore
pt,h1536,0.05464809046618889,scr1982,avaConv,offshore
pt,h1537,0.03787103097463285,scr1982,avaConv,offshore
pt,h1538,0.02957991229986267,scr1982,avaConv,offshore
pt,h1539,0.020707326226007065,scr1982,avaConv,offshore
pt,h1540,0.01348254665641542,scr1982,avaConv,offshore
pt,h1541,0.0071895578609909895,scr1982,avaConv,offshore
pt,h1542,0.002839974846460559,scr1982,avaConv,offshore
pt,h1543,0.00071274708459047,scr1982,avaConv,offshore
pt,h1544,0.0,scr1982,avaConv,offshore
pt,h1545,0.0,scr1982,avaConv,offshore
pt,h1546,0.0,scr1982,avaConv,offshore
pt,h1547,0.0006132826143322846,scr1982,avaConv,offshore
pt,h1548,0.005612392541482825,scr1982,avaConv,offshore
pt,h1549,0.014592538672512945,scr1982,avaConv,offshore
pt,h1550,0.024938512644900407,scr1982,avaConv,offshore
pt,h1551,0.03339190387844868,scr1982,avaConv,offshore
pt,h1552,0.03899249190237484,scr1982,avaConv,offshore
pt,h1553,0.03982036790989501,scr1982,avaConv,offshore
pt,h1554,0.03626695964124088,scr1982,avaConv,offshore
pt,h1555,0.03448086851658744,scr1982,avaConv,offshore
pt,h1556,0.04511276377343929,scr1982,avaConv,offshore
pt,h1557,0.07162993270975014,scr1982,avaConv,offshore
pt,h1558,0.12701261488847915,scr1982,avaConv,offshore
pt,h1559,0.17586771761074463,scr1982,avaConv,offshore
pt,h1560,0.20973967959969003,scr1982,avaConv,offshore
pt,h1561,0.20669276075815968,scr1982,avaConv,offshore
pt,h1562,0.1954792427549074,scr1982,avaConv,offshore
pt,h1563,0.18376983551432352,scr1982,avaConv,offshore
pt,h1564,0.17993366117359924,scr1982,avaConv,offshore
pt,h1565,0.173285873753982,scr1982,avaConv,offshore
pt,h1566,0.1590459766330785,scr1982,avaConv,offshore
pt,h1567,0.14112396869115945,scr1982,avaConv,offshore
pt,h1568,0.1261331204968526,scr1982,avaConv,offshore
pt,h1569,0.1303063424387883,scr1982,avaConv,offshore
pt,h1570,0.15243202079504775,scr1982,avaConv,offshore
pt,h1571,0.19372022927971377,scr1982,avaConv,offshore
pt,h1572,0.23599546982895836,scr1982,avaConv,offshore
pt,h1573,0.2721943924769677,scr1982,avaConv,offshore
pt,h1574,0.3240994569536629,scr1982,avaConv,offshore
pt,h1575,0.38528962233709274,scr1982,avaConv,offshore
pt,h1576,0.4336302026801053,scr1982,avaConv,offshore
pt,h1577,0.4518726982610607,scr1982,avaConv,offshore
pt,h1578,0.45820225440803364,scr1982,avaConv,offshore
pt,h1579,0.48316339332194175,scr1982,avaConv,offshore
pt,h1580,0.525743089684212,scr1982,avaConv,offshore
pt,h1581,0.5804223701070869,scr1982,avaConv,offshore
pt,h1582,0.6499906798398178,scr1982,avaConv,offshore
pt,h1583,0.6589381004196643,scr1982,avaConv,offshore
pt,h1584,0.654118747020555,scr1982,avaConv,offshore
pt,h1585,0.6464166928017848,scr1982,avaConv,offshore
pt,h1586,0.7085278832831154,scr1982,avaConv,offshore
pt,h1587,0.7692856064118372,scr1982,avaConv,offshore
pt,h1588,0.7987415277309128,scr1982,avaConv,offshore
pt,h1589,0.8082878932339524,scr1982,avaConv,offshore
pt,h1590,0.8120768658454238,scr1982,avaConv,offshore
pt,h1591,0.8225495490813745,scr1982,avaConv,offshore
pt,h1592,0.8296609919446069,scr1982,avaConv,offshore
pt,h1593,0.837570855127557,scr1982,avaConv,offshore
pt,h1594,0.8297241448028027,scr1982,avaConv,offshore
pt,h1595,0.7492111493038577,scr1982,avaConv,offshore
pt,h1596,0.6457371222492249,scr1982,avaConv,offshore
pt,h1597,0.5585952863615333,scr1982,avaConv,offshore
pt,h1598,0.5561435211182204,scr1982,avaConv,offshore
pt,h1599,0.6090180199356794,scr1982,avaConv,offshore
pt,h1600,0.6791026564303431,scr1982,avaConv,offshore
pt,h1601,0.7351764215980171,scr1982,avaConv,offshore
pt,h1602,0.7534390974900677,scr1982,avaConv,offshore
pt,h1603,0.7304093166814127,scr1982,avaConv,offshore
pt,h1604,0.6817649475637185,scr1982,avaConv,offshore
pt,h1605,0.6101918119008912,scr1982,avaConv,offshore
pt,h1606,0.5471340530658054,scr1982,avaConv,offshore
pt,h1607,0.43759185214800894,scr1982,avaConv,offshore
pt,h1608,0.3907867077789903,scr1982,avaConv,offshore
pt,h1609,0.36683869739093816,scr1982,avaConv,offshore
pt,h1610,0.4119877180525971,scr1982,avaConv,offshore
pt,h1611,0.4301176826364892,scr1982,avaConv,offshore
pt,h1612,0.45198134141172946,scr1982,avaConv,offshore
pt,h1613,0.4813447182558155,scr1982,avaConv,offshore
pt,h1614,0.4966717654550833,scr1982,avaConv,offshore
pt,h1615,0.49553618224943585,scr1982,avaConv,offshore
pt,h1616,0.4766272012603477,scr1982,avaConv,offshore
pt,h1617,0.45796308232062505,scr1982,avaConv,offshore
pt,h1618,0.44099221671090966,scr1982,avaConv,offshore
pt,h1619,0.3630535365800383,scr1982,avaConv,offshore
pt,h1620,0.3181646078346602,scr1982,avaConv,offshore
pt,h1621,0.28748385984637015,scr1982,avaConv,offshore
pt,h1622,0.3324048222481324,scr1982,avaConv,offshore
pt,h1623,0.3668879033300282,scr1982,avaConv,offshore
pt,h1624,0.39277003671851346,scr1982,avaConv,offshore
pt,h1625,0.41921038953578743,scr1982,avaConv,offshore
pt,h1626,0.4321625771108289,scr1982,avaConv,offshore
pt,h1627,0.43783510835819134,scr1982,avaConv,offshore
pt,h1628,0.428902272832673,scr1982,avaConv,offshore
pt,h1629,0.3982527566049051,scr1982,avaConv,offshore
pt,h1630,0.3513038565514822,scr1982,avaConv,offshore
pt,h1631,0.2829498499209144,scr1982,avaConv,offshore
pt,h1632,0.225071861501907,scr1982,avaConv,offshore
pt,h1633,0.1759988168929823,scr1982,avaConv,offshore
pt,h1634,0.14555324256166788,scr1982,avaConv,offshore
pt,h1635,0.12847507350460347,scr1982,avaConv,offshore
pt,h1636,0.12458946194783696,scr1982,avaConv,offshore
pt,h1637,0.12206385011379112,scr1982,avaConv,offshore
pt,h1638,0.11237673828656697,scr1982,avaConv,offshore
pt,h1639,0.09805136062651823,scr1982,avaConv,offshore
pt,h1640,0.09019344052207035,scr1982,avaConv,offshore
pt,h1641,0.08544139513145359,scr1982,avaConv,offshore
pt,h1642,0.07627323094206344,scr1982,avaConv,offshore
pt,h1643,0.0591271443988776,scr1982,avaConv,offshore
pt,h1644,0.043242733637842104,scr1982,avaConv,offshore
pt,h1645,0.033076699439741224,scr1982,avaConv,offshore
pt,h1646,0.03338248206550142,scr1982,avaConv,offshore
pt,h1647,0.040068922511953695,scr1982,avaConv,offshore
pt,h1648,0.052191454347541584,scr1982,avaConv,offshore
pt,h1649,0.06813713354266117,scr1982,avaConv,offshore
pt,h1650,0.0911665012243286,scr1982,avaConv,offshore
pt,h1651,0.127075412681186,scr1982,avaConv,offshore
pt,h1652,0.1746803679824767,scr1982,avaConv,offshore
pt,h1653,0.21791375526975704,scr1982,avaConv,offshore
pt,h1654,0.24694788160727404,scr1982,avaConv,offshore
pt,h1655,0.22334400353176098,scr1982,avaConv,offshore
pt,h1656,0.19366947085107025,scr1982,avaConv,offshore
pt,h1657,0.15533904546841612,scr1982,avaConv,offshore
pt,h1658,0.15596676973133644,scr1982,avaConv,offshore
pt,h1659,0.1783507389375158,scr1982,avaConv,offshore
pt,h1660,0.2512813529240565,scr1982,avaConv,offshore
pt,h1661,0.3700405504454436,scr1982,avaConv,offshore
pt,h1662,0.5072686169413069,scr1982,avaConv,offshore
pt,h1663,0.6136234997201973,scr1982,avaConv,offshore
pt,h1664,0.6469760530192779,scr1982,avaConv,offshore
pt,h1665,0.6087151651781955,scr1982,avaConv,offshore
pt,h1666,0.5541958461366924,scr1982,avaConv,offshore
pt,h1667,0.5777857995915138,scr1982,avaConv,offshore
pt,h1668,0.6668973606319907,scr1982,avaConv,offshore
pt,h1669,0.7847927035306118,scr1982,avaConv,offshore
pt,h1670,0.8573344933768402,scr1982,avaConv,offshore
pt,h1671,0.9019357241104488,scr1982,avaConv,offshore
pt,h1672,0.9239195968378565,scr1982,avaConv,offshore
pt,h1673,0.9345428566217868,scr1982,avaConv,offshore
pt,h1674,0.9399138356868021,scr1982,avaConv,offshore
pt,h1675,0.9448803714384398,scr1982,avaConv,offshore
pt,h1676,0.9474759643816285,scr1982,avaConv,offshore
pt,h1677,0.9488100746624708,scr1982,avaConv,offshore
pt,h1678,0.9490690052657028,scr1982,avaConv,offshore
pt,h1679,0.9417944262756216,scr1982,avaConv,offshore
pt,h1680,0.9321109382080027,scr1982,avaConv,offshore
pt,h1681,0.9085894592773757,scr1982,avaConv,offshore
pt,h1682,0.8753047554176078,scr1982,avaConv,offshore
pt,h1683,0.8142428930652502,scr1982,avaConv,offshore
pt,h1684,0.7324622166805771,scr1982,avaConv,offshore
pt,h1685,0.6534161512987274,scr1982,avaConv,offshore
pt,h1686,0.5977348092772774,scr1982,avaConv,offshore
pt,h1687,0.5533689495176003,scr1982,avaConv,offshore
pt,h1688,0.4937488517936915,scr1982,avaConv,offshore
pt,h1689,0.4028879063299125,scr1982,avaConv,offshore
pt,h1690,0.2995916041990554,scr1982,avaConv,offshore
pt,h1691,0.2221725390105746,scr1982,avaConv,offshore
pt,h1692,0.16612198054895305,scr1982,avaConv,offshore
pt,h1693,0.13624924290326493,scr1982,avaConv,offshore
pt,h1694,0.10991979491494577,scr1982,avaConv,offshore
pt,h1695,0.09916740841477503,scr1982,avaConv,offshore
pt,h1696,0.09247361167838196,scr1982,avaConv,offshore
pt,h1697,0.08333446877530563,scr1982,avaConv,offshore
pt,h1698,0.07498030713974498,scr1982,avaConv,offshore
pt,h1699,0.07290429384636371,scr1982,avaConv,offshore
pt,h1700,0.0752758693806387,scr1982,avaConv,offshore
pt,h1701,0.07484013221842797,scr1982,avaConv,offshore
pt,h1702,0.06330282404829773,scr1982,avaConv,offshore
pt,h1703,0.03633363257184209,scr1982,avaConv,offshore
pt,h1704,0.013030770720620328,scr1982,avaConv,offshore
pt,h1705,0.0005636932434941991,scr1982,avaConv,offshore
pt,h1706,0.0,scr1982,avaConv,offshore
pt,h1707,0.0,scr1982,avaConv,offshore
pt,h1708,0.0,scr1982,avaConv,offshore
pt,h1709,0.0,scr1982,avaConv,offshore
pt,h1710,0.0,scr1982,avaConv,offshore
pt,h1711,0.0006153670250421699,scr1982,avaConv,offshore
pt,h1712,0.006488013376358495,scr1982,avaConv,offshore
pt,h1713,0.020357668949975184,scr1982,avaConv,offshore
pt,h1714,0.03979036770242196,scr1982,avaConv,offshore
pt,h1715,0.05323332090762643,scr1982,avaConv,offshore
pt,h1716,0.07287386822130414,scr1982,avaConv,offshore
pt,h1717,0.12015058017589632,scr1982,avaConv,offshore
pt,h1718,0.23500496017928013,scr1982,avaConv,offshore
pt,h1719,0.320527888812255,scr1982,avaConv,offshore
pt,h1720,0.31738867356968575,scr1982,avaConv,offshore
pt,h1721,0.21630663957757698,scr1982,avaConv,offshore
pt,h1722,0.13531656639573272,scr1982,avaConv,offshore
pt,h1723,0.11718899102673548,scr1982,avaConv,offshore
pt,h1724,0.1427947236714646,scr1982,avaConv,offshore
pt,h1725,0.17014966992582356,scr1982,avaConv,offshore
pt,h1726,0.16390901130542382,scr1982,avaConv,offshore
pt,h1727,0.12891324004080662,scr1982,avaConv,offshore
pt,h1728,0.10346079673005702,scr1982,avaConv,offshore
pt,h1729,0.10682948051643895,scr1982,avaConv,offshore
pt,h1730,0.09544382820290552,scr1982,avaConv,offshore
pt,h1731,0.06701211851285138,scr1982,avaConv,offshore
pt,h1732,0.034769330238750354,scr1982,avaConv,offshore
pt,h1733,0.026141833787336297,scr1982,avaConv,offshore
pt,h1734,0.025762457012061434,scr1982,avaConv,offshore
pt,h1735,0.017884703551954432,scr1982,avaConv,offshore
pt,h1736,0.008040380591157423,scr1982,avaConv,offshore
pt,h1737,0.002080527028019371,scr1982,avaConv,offshore
pt,h1738,0.00014492775991956438,scr1982,avaConv,offshore
pt,h1739,0.0,scr1982,avaConv,offshore
pt,h1740,0.0,scr1982,avaConv,offshore
pt,h1741,0.0,scr1982,avaConv,offshore
pt,h1742,0.0,scr1982,avaConv,offshore
pt,h1743,0.00013391368455026488,scr1982,avaConv,offshore
pt,h1744,0.000603401601765581,scr1982,avaConv,offshore
pt,h1745,0.003965101212158604,scr1982,avaConv,offshore
pt,h1746,0.008790042369041545,scr1982,avaConv,offshore
pt,h1747,0.021307266166020904,scr1982,avaConv,offshore
pt,h1748,0.03234459037544595,scr1982,avaConv,offshore
pt,h1749,0.048713959121064715,scr1982,avaConv,offshore
pt,h1750,0.06614163586574048,scr1982,avaConv,offshore
pt,h1751,0.06696355051389805,scr1982,avaConv,offshore
pt,h1752,0.06660355163419042,scr1982,avaConv,offshore
pt,h1753,0.06982628525043037,scr1982,avaConv,offshore
pt,h1754,0.10987286939787248,scr1982,avaConv,offshore
pt,h1755,0.17890666297975372,scr1982,avaConv,offshore
pt,h1756,0.2751099930185922,scr1982,avaConv,offshore
pt,h1757,0.3822056023655253,scr1982,avaConv,offshore
pt,h1758,0.47723023373541984,scr1982,avaConv,offshore
pt,h1759,0.5291299408436132,scr1982,avaConv,offshore
pt,h1760,0.5300447747177129,scr1982,avaConv,offshore
pt,h1761,0.4912183914236874,scr1982,avaConv,offshore
pt,h1762,0.43536031611898585,scr1982,avaConv,offshore
pt,h1763,0.35619814903988084,scr1982,avaConv,offshore
pt,h1764,0.29321698772671045,scr1982,avaConv,offshore
pt,h1765,0.2610851873656392,scr1982,avaConv,offshore
pt,h1766,0.2869411540757276,scr1982,avaConv,offshore
pt,h1767,0.3321636779700604,scr1982,avaConv,offshore
pt,h1768,0.3804840637684306,scr1982,avaConv,offshore
pt,h1769,0.4211775269277601,scr1982,avaConv,offshore
pt,h1770,0.440504619988762,scr1982,avaConv,offshore
pt,h1771,0.4583992094356251,scr1982,avaConv,offshore
pt,h1772,0.5109826129005496,scr1982,avaConv,offshore
pt,h1773,0.6235207954353167,scr1982,avaConv,offshore
pt,h1774,0.7511955828716121,scr1982,avaConv,offshore
pt,h1775,0.7934213895042265,scr1982,avaConv,offshore
pt,h1776,0.7752623319941654,scr1982,avaConv,offshore
pt,h1777,0.7039283136236407,scr1982,avaConv,offshore
pt,h1778,0.6726699708940337,scr1982,avaConv,offshore
pt,h1779,0.6539393291739685,scr1982,avaConv,offshore
pt,h1780,0.6512018278303272,scr1982,avaConv,offshore
pt,h1781,0.655643061574873,scr1982,avaConv,offshore
pt,h1782,0.6733297538418416,scr1982,avaConv,offshore
pt,h1783,0.7026344933970465,scr1982,avaConv,offshore
pt,h1784,0.7238572073284536,scr1982,avaConv,offshore
pt,h1785,0.7215630821586259,scr1982,avaConv,offshore
pt,h1786,0.6798248911767805,scr1982,avaConv,offshore
pt,h1787,0.6069199139459369,scr1982,avaConv,offshore
pt,h1788,0.5188347201555433,scr1982,avaConv,offshore
pt,h1789,0.4862229440133108,scr1982,avaConv,offshore
pt,h1790,0.5070797831680388,scr1982,avaConv,offshore
pt,h1791,0.5574292868946643,scr1982,avaConv,offshore
pt,h1792,0.6166392158094719,scr1982,avaConv,offshore
pt,h1793,0.6730918874162735,scr1982,avaConv,offshore
pt,h1794,0.7399037730206516,scr1982,avaConv,offshore
pt,h1795,0.7860307438581667,scr1982,avaConv,offshore
pt,h1796,0.8149109760014789,scr1982,avaConv,offshore
pt,h1797,0.8220048354996548,scr1982,avaConv,offshore
pt,h1798,0.8141756084745994,scr1982,avaConv,offshore
pt,h1799,0.7644252150235978,scr1982,avaConv,offshore
pt,h1800,0.6754567171983786,scr1982,avaConv,offshore
pt,h1801,0.5335737302833017,scr1982,avaConv,offshore
pt,h1802,0.3911783501916234,scr1982,avaConv,offshore
pt,h1803,0.2892072050841952,scr1982,avaConv,offshore
pt,h1804,0.2524686423482399,scr1982,avaConv,offshore
pt,h1805,0.2354052311398055,scr1982,avaConv,offshore
pt,h1806,0.2038769425650785,scr1982,avaConv,offshore
pt,h1807,0.15979852365723746,scr1982,avaConv,offshore
pt,h1808,0.1290576582703032,scr1982,avaConv,offshore
pt,h1809,0.1128007521980334,scr1982,avaConv,offshore
pt,h1810,0.10823279800011514,scr1982,avaConv,offshore
pt,h1811,0.08923922039212719,scr1982,avaConv,offshore
pt,h1812,0.07743960625034588,scr1982,avaConv,offshore
pt,h1813,0.06044824620759517,scr1982,avaConv,offshore
pt,h1814,0.054796100276051925,scr1982,avaConv,offshore
pt,h1815,0.04453089229771735,scr1982,avaConv,offshore
pt,h1816,0.04734542655175632,scr1982,avaConv,offshore
pt,h1817,0.07490351890080466,scr1982,avaConv,offshore
pt,h1818,0.12815557392480462,scr1982,avaConv,offshore
pt,h1819,0.19221852245080764,scr1982,avaConv,offshore
pt,h1820,0.27161040855548607,scr1982,avaConv,offshore
pt,h1821,0.38110200466873895,scr1982,avaConv,offshore
pt,h1822,0.5008703499982269,scr1982,avaConv,offshore
pt,h1823,0.5645978813226372,scr1982,avaConv,offshore
pt,h1824,0.5928119838738563,scr1982,avaConv,offshore
pt,h1825,0.6082941355422339,scr1982,avaConv,offshore
pt,h1826,0.6750671002988775,scr1982,avaConv,offshore
pt,h1827,0.7411562802894124,scr1982,avaConv,offshore
pt,h1828,0.7861492551425006,scr1982,avaConv,offshore
pt,h1829,0.7851917464148135,scr1982,avaConv,offshore
pt,h1830,0.7425666778324992,scr1982,avaConv,offshore
pt,h1831,0.7108867875483588,scr1982,avaConv,offshore
pt,h1832,0.702929655907558,scr1982,avaConv,offshore
pt,h1833,0.7196528336451048,scr1982,avaConv,offshore
pt,h1834,0.7238469981508932,scr1982,avaConv,offshore
pt,h1835,0.6894962199291836,scr1982,avaConv,offshore
pt,h1836,0.64939601497722,scr1982,avaConv,offshore
pt,h1837,0.6297915830823942,scr1982,avaConv,offshore
pt,h1838,0.6666557041471474,scr1982,avaConv,offshore
pt,h1839,0.7184255219084082,scr1982,avaConv,offshore
pt,h1840,0.7831957002849668,scr1982,avaConv,offshore
pt,h1841,0.8422391229001462,scr1982,avaConv,offshore
pt,h1842,0.8963191357666308,scr1982,avaConv,offshore
pt,h1843,0.9264022961848913,scr1982,avaConv,offshore
pt,h1844,0.9373301970124356,scr1982,avaConv,offshore
pt,h1845,0.9417480287469556,scr1982,avaConv,offshore
pt,h1846,0.9454812864920693,scr1982,avaConv,offshore
pt,h1847,0.9451403971345629,scr1982,avaConv,offshore
pt,h1848,0.9442769836660589,scr1982,avaConv,offshore
pt,h1849,0.647116867894946,scr1982,avaConv,offshore
pt,h1850,0.372010049383832,scr1982,avaConv,offshore
pt,h1851,0.1350967589508219,scr1982,avaConv,offshore
pt,h1852,0.1669842674566176,scr1982,avaConv,offshore
pt,h1853,0.262642963105507,scr1982,avaConv,offshore
pt,h1854,0.4406117273385876,scr1982,avaConv,offshore
pt,h1855,0.6433507384970321,scr1982,avaConv,offshore
pt,h1856,0.7817128367398726,scr1982,avaConv,offshore
pt,h1857,0.8361220700674865,scr1982,avaConv,offshore
pt,h1858,0.8572797614313188,scr1982,avaConv,offshore
pt,h1859,0.8917130084184579,scr1982,avaConv,offshore
pt,h1860,0.9222344656682786,scr1982,avaConv,offshore
pt,h1861,0.9401399046589898,scr1982,avaConv,offshore
pt,h1862,0.9463392163653265,scr1982,avaConv,offshore
pt,h1863,0.948753805281377,scr1982,avaConv,offshore
pt,h1864,0.9497499346665363,scr1982,avaConv,offshore
pt,h1865,0.9499876189850475,scr1982,avaConv,offshore
pt,h1866,0.9499999797656682,scr1982,avaConv,offshore
pt,h1867,0.9499999999999997,scr1982,avaConv,offshore
pt,h1868,0.9499999999999997,scr1982,avaConv,offshore
pt,h1869,0.9499999999999997,scr1982,avaConv,offshore
pt,h1870,0.9499999999999997,scr1982,avaConv,offshore
pt,h1871,0.9499999999999997,scr1982,avaConv,offshore
pt,h1872,0.9499999999999997,scr1982,avaConv,offshore
pt,h1873,0.9499999999999997,scr1982,avaConv,offshore
pt,h1874,0.9499999999999997,scr1982,avaConv,offshore
pt,h1875,0.9499999999999997,scr1982,avaConv,offshore
pt,h1876,0.9499999999999997,scr1982,avaConv,offshore
pt,h1877,0.9499999999999997,scr1982,avaConv,offshore
pt,h1878,0.9499999999999997,scr1982,avaConv,offshore
pt,h1879,0.9499995233558081,scr1982,avaConv,offshore
pt,h1880,0.9499893335179992,scr1982,avaConv,offshore
pt,h1881,0.949876974313266,scr1982,avaConv,offshore
pt,h1882,0.9486997589894994,scr1982,avaConv,offshore
pt,h1883,0.9452682836429993,scr1982,avaConv,offshore
pt,h1884,0.9346709749755744,scr1982,avaConv,offshore
pt,h1885,0.9175029564856255,scr1982,avaConv,offshore
pt,h1886,0.9061887375669382,scr1982,avaConv,offshore
pt,h1887,0.906874123277332,scr1982,avaConv,offshore
pt,h1888,0.9166169638930519,scr1982,avaConv,offshore
pt,h1889,0.9264862007025535,scr1982,avaConv,offshore
pt,h1890,0.9333012594918776,scr1982,avaConv,offshore
pt,h1891,0.9397238513677283,scr1982,avaConv,offshore
pt,h1892,0.9431948714056961,scr1982,avaConv,offshore
pt,h1893,0.9456425729019061,scr1982,avaConv,offshore
pt,h1894,0.9470650792170487,scr1982,avaConv,offshore
pt,h1895,0.9441364443620327,scr1982,avaConv,offshore
pt,h1896,0.9149030417680487,scr1982,avaConv,offshore
pt,h1897,0.8857271659092549,scr1982,avaConv,offshore
pt,h1898,0.8711577049514154,scr1982,avaConv,offshore
pt,h1899,0.8595509365337287,scr1982,avaConv,offshore
pt,h1900,0.8265523505834121,scr1982,avaConv,offshore
pt,h1901,0.7566846988622105,scr1982,avaConv,offshore
pt,h1902,0.6817037282776874,scr1982,avaConv,offshore
pt,h1903,0.5951786594538783,scr1982,avaConv,offshore
pt,h1904,0.5303987068555487,scr1982,avaConv,offshore
pt,h1905,0.5253541023256476,scr1982,avaConv,offshore
pt,h1906,0.5561906328437513,scr1982,avaConv,offshore
pt,h1907,0.5580227760783185,scr1982,avaConv,offshore
pt,h1908,0.4730300722682449,scr1982,avaConv,offshore
pt,h1909,0.34492700541747123,scr1982,avaConv,offshore
pt,h1910,0.23879124896840806,scr1982,avaConv,offshore
pt,h1911,0.19444372127897674,scr1982,avaConv,offshore
pt,h1912,0.2114689687168627,scr1982,avaConv,offshore
pt,h1913,0.29050157367075996,scr1982,avaConv,offshore
pt,h1914,0.4447191648662144,scr1982,avaConv,offshore
pt,h1915,0.6342938206030478,scr1982,avaConv,offshore
pt,h1916,0.8067180025018481,scr1982,avaConv,offshore
pt,h1917,0.8992842953533668,scr1982,avaConv,offshore
pt,h1918,0.9374155731146441,scr1982,avaConv,offshore
pt,h1919,0.9440450990239156,scr1982,avaConv,offshore
pt,h1920,0.943420059781534,scr1982,avaConv,offshore
pt,h1921,0.9440155945893064,scr1982,avaConv,offshore
pt,h1922,0.9471043933895776,scr1982,avaConv,offshore
pt,h1923,0.9493987731665067,scr1982,avaConv,offshore
pt,h1924,0.9496581479062569,scr1982,avaConv,offshore
pt,h1925,0.9486595738844597,scr1982,avaConv,offshore
pt,h1926,0.947427239736412,scr1982,avaConv,offshore
pt,h1927,0.9475615289554358,scr1982,avaConv,offshore
pt,h1928,0.9486431932583591,scr1982,avaConv,offshore
pt,h1929,0.949908940396351,scr1982,avaConv,offshore
pt,h1930,0.949997156814806,scr1982,avaConv,offshore
pt,h1931,0.9499997460477673,scr1982,avaConv,offshore
pt,h1932,0.9499979616092927,scr1982,avaConv,offshore
pt,h1933,0.9499905593512366,scr1982,avaConv,offshore
pt,h1934,0.9499899153758391,scr1982,avaConv,offshore
pt,h1935,0.9499918805715261,scr1982,avaConv,offshore
pt,h1936,0.9499993560235356,scr1982,avaConv,offshore
pt,h1937,0.9499999999999997,scr1982,avaConv,offshore
pt,h1938,0.9499999999999997,scr1982,avaConv,offshore
pt,h1939,0.9499999999999997,scr1982,avaConv,offshore
pt,h1940,0.9499999999999997,scr1982,avaConv,offshore
pt,h1941,0.9499999999999997,scr1982,avaConv,offshore
pt,h1942,0.9499999999999997,scr1982,avaConv,offshore
pt,h1943,0.9499999999999997,scr1982,avaConv,offshore
pt,h1944,0.9499999999999997,scr1982,avaConv,offshore
pt,h1945,0.9499999999999997,scr1982,avaConv,offshore
pt,h1946,0.9499986961976327,scr1982,avaConv,offshore
pt,h1947,0.9499347824488605,scr1982,avaConv,offshore
pt,h1948,0.949930716347209,scr1982,avaConv,offshore
pt,h1949,0.9499318685816908,scr1982,avaConv,offshore
pt,h1950,0.9499948879367924,scr1982,avaConv,offshore
pt,h1951,0.9498872829908623,scr1982,avaConv,offshore
pt,h1952,0.9478889699191467,scr1982,avaConv,offshore
pt,h1953,0.9366065902442179,scr1982,avaConv,offshore
pt,h1954,0.9038578504261667,scr1982,avaConv,offshore
pt,h1955,0.8842099328793193,scr1982,avaConv,offshore
pt,h1956,0.886304911660074,scr1982,avaConv,offshore
pt,h1957,0.9067163660440293,scr1982,avaConv,offshore
pt,h1958,0.8839725152287798,scr1982,avaConv,offshore
pt,h1959,0.8407808236144955,scr1982,avaConv,offshore
pt,h1960,0.8357656245477904,scr1982,avaConv,offshore
pt,h1961,0.8754376703663707,scr1982,avaConv,offshore
pt,h1962,0.9271418862591121,scr1982,avaConv,offshore
pt,h1963,0.9445926116657379,scr1982,avaConv,offshore
pt,h1964,0.9490353406646793,scr1982,avaConv,offshore
pt,h1965,0.9499477961891051,scr1982,avaConv,offshore
pt,h1966,0.9499707472388208,scr1982,avaConv,offshore
pt,h1967,0.9463508310288276,scr1982,avaConv,offshore
pt,h1968,0.936291421988375,scr1982,avaConv,offshore
pt,h1969,0.9282842310339353,scr1982,avaConv,offshore
pt,h1970,0.9247042196577829,scr1982,avaConv,offshore
pt,h1971,0.9260232756370711,scr1982,avaConv,offshore
pt,h1972,0.920302295938117,scr1982,avaConv,offshore
pt,h1973,0.8940278062840809,scr1982,avaConv,offshore
pt,h1974,0.8417756787962112,scr1982,avaConv,offshore
pt,h1975,0.7626465555813122,scr1982,avaConv,offshore
pt,h1976,0.6849937883427105,scr1982,avaConv,offshore
pt,h1977,0.6386599904700727,scr1982,avaConv,offshore
pt,h1978,0.6433769149916106,scr1982,avaConv,offshore
pt,h1979,0.6954577926249653,scr1982,avaConv,offshore
pt,h1980,0.7573442211275173,scr1982,avaConv,offshore
pt,h1981,0.8064463811382266,scr1982,avaConv,offshore
pt,h1982,0.8372959747778336,scr1982,avaConv,offshore
pt,h1983,0.8491066542129019,scr1982,avaConv,offshore
pt,h1984,0.8449973411766679,scr1982,avaConv,offshore
pt,h1985,0.8349020252224646,scr1982,avaConv,offshore
pt,h1986,0.8496467405813825,scr1982,avaConv,offshore
pt,h1987,0.8845322750901207,scr1982,avaConv,offshore
pt,h1988,0.9175429082561453,scr1982,avaConv,offshore
pt,h1989,0.9334531602339307,scr1982,avaConv,offshore
pt,h1990,0.9356527503342615,scr1982,avaConv,offshore
pt,h1991,0.9165298126269519,scr1982,avaConv,offshore
pt,h1992,0.883306236203047,scr1982,avaConv,offshore
pt,h1993,0.8590084289743459,scr1982,avaConv,offshore
pt,h1994,0.8497077206947811,scr1982,avaConv,offshore
pt,h1995,0.8537208914505541,scr1982,avaConv,offshore
pt,h1996,0.862516505180853,scr1982,avaConv,offshore
pt,h1997,0.8826055010343613,scr1982,avaConv,offshore
pt,h1998,0.9128149761829368,scr1982,avaConv,offshore
pt,h1999,0.9285677527349665,scr1982,avaConv,offshore
pt,h2000,0.9200852704426983,scr1982,avaConv,offshore
pt,h2001,0.8973558933221502,scr1982,avaConv,offshore
pt,h2002,0.8849969614538862,scr1982,avaConv,offshore
pt,h2003,0.8458053133791242,scr1982,avaConv,offshore
pt,h2004,0.7871636988729769,scr1982,avaConv,offshore
pt,h2005,0.6770114185119609,scr1982,avaConv,offshore
pt,h2006,0.5728565985250753,scr1982,avaConv,offshore
pt,h2007,0.5120229710998128,scr1982,avaConv,offshore
pt,h2008,0.5426307709732624,scr1982,avaConv,offshore
pt,h2009,0.6355281147530306,scr1982,avaConv,offshore
pt,h2010,0.7555270690188907,scr1982,avaConv,offshore
pt,h2011,0.8300307433596303,scr1982,avaConv,offshore
pt,h2012,0.8802505165259561,scr1982,avaConv,offshore
pt,h2013,0.8873787770822008,scr1982,avaConv,offshore
pt,h2014,0.8881355641157954,scr1982,avaConv,offshore
pt,h2015,0.8688443742281317,scr1982,avaConv,offshore
pt,h2016,0.8169637818647293,scr1982,avaConv,offshore
pt,h2017,0.490848510072214,scr1982,avaConv,offshore
pt,h2018,0.2199821898165014,scr1982,avaConv,offshore
pt,h2019,0.02026751122961223,scr1982,avaConv,offshore
pt,h2020,0.022882074865627766,scr1982,avaConv,offshore
pt,h2021,0.020484829210655434,scr1982,avaConv,offshore
pt,h2022,0.01995346292558794,scr1982,avaConv,offshore
pt,h2023,0.02345167934111295,scr1982,avaConv,offshore
pt,h2024,0.03296691138925596,scr1982,avaConv,offshore
pt,h2025,0.055153561570474005,scr1982,avaConv,offshore
pt,h2026,0.0908375463386931,scr1982,avaConv,offshore
pt,h2027,0.11851475968123415,scr1982,avaConv,offshore
pt,h2028,0.12154783584570016,scr1982,avaConv,offshore
pt,h2029,0.1068479574086371,scr1982,avaConv,offshore
pt,h2030,0.09980179432738213,scr1982,avaConv,offshore
pt,h2031,0.10500197890985795,scr1982,avaConv,offshore
pt,h2032,0.12453428961258889,scr1982,avaConv,offshore
pt,h2033,0.16609384986118333,scr1982,avaConv,offshore
pt,h2034,0.23415698567300686,scr1982,avaConv,offshore
pt,h2035,0.2991306577062773,scr1982,avaConv,offshore
pt,h2036,0.354017587672064,scr1982,avaConv,offshore
pt,h2037,0.38940178312885454,scr1982,avaConv,offshore
pt,h2038,0.4318131333493064,scr1982,avaConv,offshore
pt,h2039,0.3925977442226562,scr1982,avaConv,offshore
pt,h2040,0.36161793453675684,scr1982,avaConv,offshore
pt,h2041,0.3404447175486818,scr1982,avaConv,offshore
pt,h2042,0.39579870224929875,scr1982,avaConv,offshore
pt,h2043,0.4372197494792516,scr1982,avaConv,offshore
pt,h2044,0.4427272810705018,scr1982,avaConv,offshore
pt,h2045,0.4315739668625848,scr1982,avaConv,offshore
pt,h2046,0.4109055408338544,scr1982,avaConv,offshore
pt,h2047,0.39205418825059923,scr1982,avaConv,offshore
pt,h2048,0.37641329234483245,scr1982,avaConv,offshore
pt,h2049,0.3828019468900639,scr1982,avaConv,offshore
pt,h2050,0.41253619353651905,scr1982,avaConv,offshore
pt,h2051,0.4562516982358335,scr1982,avaConv,offshore
pt,h2052,0.47544647888657926,scr1982,avaConv,offshore
pt,h2053,0.4874320203636002,scr1982,avaConv,offshore
pt,h2054,0.5132550997807219,scr1982,avaConv,offshore
pt,h2055,0.5846562024672255,scr1982,avaConv,offshore
pt,h2056,0.692760740874565,scr1982,avaConv,offshore
pt,h2057,0.8026726868948894,scr1982,avaConv,offshore
pt,h2058,0.8870165651977859,scr1982,avaConv,offshore
pt,h2059,0.9306626442059094,scr1982,avaConv,offshore
pt,h2060,0.9454339934552274,scr1982,avaConv,offshore
pt,h2061,0.9484212373957785,scr1982,avaConv,offshore
pt,h2062,0.9482208530881573,scr1982,avaConv,offshore
pt,h2063,0.9171287399904025,scr1982,avaConv,offshore
pt,h2064,0.8643722448795547,scr1982,avaConv,offshore
pt,h2065,0.8287769596113014,scr1982,avaConv,offshore
pt,h2066,0.8430477264557115,scr1982,avaConv,offshore
pt,h2067,0.8831235661948811,scr1982,avaConv,offshore
pt,h2068,0.9034176794025016,scr1982,avaConv,offshore
pt,h2069,0.8941415961661433,scr1982,avaConv,offshore
pt,h2070,0.8618367372888823,scr1982,avaConv,offshore
pt,h2071,0.7953091759167913,scr1982,avaConv,offshore
pt,h2072,0.679224108078238,scr1982,avaConv,offshore
pt,h2073,0.5227376907347957,scr1982,avaConv,offshore
pt,h2074,0.38596142794143373,scr1982,avaConv,offshore
pt,h2075,0.3439806304138508,scr1982,avaConv,offshore
pt,h2076,0.3763467408001245,scr1982,avaConv,offshore
pt,h2077,0.4357941227520206,scr1982,avaConv,offshore
pt,h2078,0.457544246309411,scr1982,avaConv,offshore
pt,h2079,0.45610070697435595,scr1982,avaConv,offshore
pt,h2080,0.44719126450887753,scr1982,avaConv,offshore
pt,h2081,0.44231341090065346,scr1982,avaConv,offshore
pt,h2082,0.46782554500529,scr1982,avaConv,offshore
pt,h2083,0.5153676006041932,scr1982,avaConv,offshore
pt,h2084,0.5762037364367256,scr1982,avaConv,offshore
pt,h2085,0.6209042934294855,scr1982,avaConv,offshore
pt,h2086,0.6438155704271107,scr1982,avaConv,offshore
pt,h2087,0.6186837912243326,scr1982,avaConv,offshore
pt,h2088,0.5048168135676258,scr1982,avaConv,offshore
pt,h2089,0.3578358709973674,scr1982,avaConv,offshore
pt,h2090,0.2265023064651419,scr1982,avaConv,offshore
pt,h2091,0.16268119468110012,scr1982,avaConv,offshore
pt,h2092,0.12479712818932939,scr1982,avaConv,offshore
pt,h2093,0.09352252710805846,scr1982,avaConv,offshore
pt,h2094,0.057178441502603816,scr1982,avaConv,offshore
pt,h2095,0.027352219606688447,scr1982,avaConv,offshore
pt,h2096,0.01066121774536474,scr1982,avaConv,offshore
pt,h2097,0.006689471982506326,scr1982,avaConv,offshore
pt,h2098,0.007273654740173122,scr1982,avaConv,offshore
pt,h2099,0.006316914311826129,scr1982,avaConv,offshore
pt,h2100,0.004059847130433533,scr1982,avaConv,offshore
pt,h2101,0.0014033107053815208,scr1982,avaConv,offshore
pt,h2102,0.0005404921799588703,scr1982,avaConv,offshore
pt,h2103,0.0001026922740223491,scr1982,avaConv,offshore
pt,h2104,0.0,scr1982,avaConv,offshore
pt,h2105,0.0,scr1982,avaConv,offshore
pt,h2106,0.0,scr1982,avaConv,offshore
pt,h2107,0.0,scr1982,avaConv,offshore
pt,h2108,0.0,scr1982,avaConv,offshore
pt,h2109,0.00014418013233471664,scr1982,avaConv,offshore
pt,h2110,0.0005684527204409766,scr1982,avaConv,offshore
pt,h2111,0.0005684527204409766,scr1982,avaConv,offshore
pt,h2112,0.00035858251671292617,scr1982,avaConv,offshore
pt,h2113,0.0,scr1982,avaConv,offshore
pt,h2114,0.0,scr1982,avaConv,offshore
pt,h2115,0.0,scr1982,avaConv,offshore
pt,h2116,0.0,scr1982,avaConv,offshore
pt,h2117,0.0,scr1982,avaConv,offshore
pt,h2118,0.0,scr1982,avaConv,offshore
pt,h2119,0.0,scr1982,avaConv,offshore
pt,h2120,0.0,scr1982,avaConv,offshore
pt,h2121,0.0,scr1982,avaConv,offshore
pt,h2122,0.0,scr1982,avaConv,offshore
pt,h2123,0.0,scr1982,avaConv,offshore
pt,h2124,0.0,scr1982,avaConv,offshore
pt,h2125,0.0,scr1982,avaConv,offshore
pt,h2126,0.0,scr1982,avaConv,offshore
pt,h2127,0.0,scr1982,avaConv,offshore
pt,h2128,0.0,scr1982,avaConv,offshore
pt,h2129,0.0,scr1982,avaConv,offshore
pt,h2130,0.0,scr1982,avaConv,offshore
pt,h2131,0.0,scr1982,avaConv,offshore
pt,h2132,0.0,scr1982,avaConv,offshore
pt,h2133,0.0015511471869423272,scr1982,avaConv,offshore
pt,h2134,0.00858241271450192,scr1982,avaConv,offshore
pt,h2135,0.013250441178468277,scr1982,avaConv,offshore
pt,h2136,0.01498141673689372,scr1982,avaConv,offshore
pt,h2137,0.011215991098579485,scr1982,avaConv,offshore
pt,h2138,0.012674645695003485,scr1982,avaConv,offshore
pt,h2139,0.016670774275191112,scr1982,avaConv,offshore
pt,h2140,0.02211993211357723,scr1982,avaConv,offshore
pt,h2141,0.027153159622256486,scr1982,avaConv,offshore
pt,h2142,0.03271902032720685,scr1982,avaConv,offshore
pt,h2143,0.033839577969133686,scr1982,avaConv,offshore
pt,h2144,0.029116914289536416,scr1982,avaConv,offshore
pt,h2145,0.018839982804602518,scr1982,avaConv,offshore
pt,h2146,0.01580166075997162,scr1982,avaConv,offshore
pt,h2147,0.013825133489195245,scr1982,avaConv,offshore
pt,h2148,0.01759541069319541,scr1982,avaConv,offshore
pt,h2149,0.023645040053995838,scr1982,avaConv,offshore
pt,h2150,0.040943127813978866,scr1982,avaConv,offshore
pt,h2151,0.0616817011738363,scr1982,avaConv,offshore
pt,h2152,0.07764696185674692,scr1982,avaConv,offshore
pt,h2153,0.08912121911953073,scr1982,avaConv,offshore
pt,h2154,0.09619253658211617,scr1982,avaConv,offshore
pt,h2155,0.09971124529261298,scr1982,avaConv,offshore
pt,h2156,0.0933038712323991,scr1982,avaConv,offshore
pt,h2157,0.07342432205210588,scr1982,avaConv,offshore
pt,h2158,0.04259305454994829,scr1982,avaConv,offshore
pt,h2159,0.015716383040739284,scr1982,avaConv,offshore
pt,h2160,0.0024559167095300634,scr1982,avaConv,offshore
ro,h1441,0.20543831212228536,scr1982,avaConv,offshore
ro,h1442,0.19606885217378556,scr1982,avaConv,offshore
ro,h1443,0.19674970614344808,scr1982,avaConv,offshore
ro,h1444,0.17515531283154126,scr1982,avaConv,offshore
ro,h1445,0.11488549173710429,scr1982,avaConv,offshore
ro,h1446,0.05490450590056425,scr1982,avaConv,offshore
ro,h1447,0.038633591291841046,scr1982,avaConv,offshore
ro,h1448,0.05226672367288559,scr1982,avaConv,offshore
ro,h1449,0.07301144066702626,scr1982,avaConv,offshore
ro,h1450,0.09362099261796455,scr1982,avaConv,offshore
ro,h1451,0.1260484203089402,scr1982,avaConv,offshore
ro,h1452,0.18325325093876887,scr1982,avaConv,offshore
ro,h1453,0.24745883742881364,scr1982,avaConv,offshore
ro,h1454,0.3119664884315173,scr1982,avaConv,offshore
ro,h1455,0.3590170711110819,scr1982,avaConv,offshore
ro,h1456,0.40411764673027295,scr1982,avaConv,offshore
ro,h1457,0.4285223926796929,scr1982,avaConv,offshore
ro,h1458,0.43717462230427545,scr1982,avaConv,offshore
ro,h1459,0.43237206235089526,scr1982,avaConv,offshore
ro,h1460,0.43408810135816817,scr1982,avaConv,offshore
ro,h1461,0.4428773872851533,scr1982,avaConv,offshore
ro,h1462,0.4610051538719981,scr1982,avaConv,offshore
ro,h1463,0.4810935786011236,scr1982,avaConv,offshore
ro,h1464,0.5052458726782608,scr1982,avaConv,offshore
ro,h1465,0.4822315787137133,scr1982,avaConv,offshore
ro,h1466,0.3966298916025573,scr1982,avaConv,offshore
ro,h1467,0.23828206860141207,scr1982,avaConv,offshore
ro,h1468,0.10608747907208065,scr1982,avaConv,offshore
ro,h1469,0.037877886196505256,scr1982,avaConv,offshore
ro,h1470,0.0535565116413243,scr1982,avaConv,offshore
ro,h1471,0.1044173860386815,scr1982,avaConv,offshore
ro,h1472,0.15926576589498925,scr1982,avaConv,offshore
ro,h1473,0.19335025323903487,scr1982,avaConv,offshore
ro,h1474,0.19137570565733034,scr1982,avaConv,offshore
ro,h1475,0.15335856819215374,scr1982,avaConv,offshore
ro,h1476,0.10797805550941046,scr1982,avaConv,offshore
ro,h1477,0.08111297212616202,scr1982,avaConv,offshore
ro,h1478,0.08937118270936628,scr1982,avaConv,offshore
ro,h1479,0.11755961021647099,scr1982,avaConv,offshore
ro,h1480,0.1537560642701487,scr1982,avaConv,offshore
ro,h1481,0.1980741798804674,scr1982,avaConv,offshore
ro,h1482,0.24698791342935497,scr1982,avaConv,offshore
ro,h1483,0.3022333997438944,scr1982,avaConv,offshore
ro,h1484,0.35472348240943263,scr1982,avaConv,offshore
ro,h1485,0.4003768230333388,scr1982,avaConv,offshore
ro,h1486,0.4309453452394849,scr1982,avaConv,offshore
ro,h1487,0.5117304888585474,scr1982,avaConv,offshore
ro,h1488,0.5982009443029003,scr1982,avaConv,offshore
ro,h1489,0.6817684370065117,scr1982,avaConv,offshore
ro,h1490,0.6996084251452758,scr1982,avaConv,offshore
ro,h1491,0.7197592165181917,scr1982,avaConv,offshore
ro,h1492,0.754152126845245,scr1982,avaConv,offshore
ro,h1493,0.802179504853349,scr1982,avaConv,offshore
ro,h1494,0.84920592838607,scr1982,avaConv,offshore
ro,h1495,0.892589712356033,scr1982,avaConv,offshore
ro,h1496,0.9233196104967982,scr1982,avaConv,offshore
ro,h1497,0.9384824065258451,scr1982,avaConv,offshore
ro,h1498,0.9450152749719916,scr1982,avaConv,offshore
ro,h1499,0.9465848835374486,scr1982,avaConv,offshore
ro,h1500,0.9483028140873507,scr1982,avaConv,offshore
ro,h1501,0.9484186386853724,scr1982,avaConv,offshore
ro,h1502,0.94890659995724,scr1982,avaConv,offshore
ro,h1503,0.9401154422627674,scr1982,avaConv,offshore
ro,h1504,0.9201193564083312,scr1982,avaConv,offshore
ro,h1505,0.8067138338891635,scr1982,avaConv,offshore
ro,h1506,0.5803392099863345,scr1982,avaConv,offshore
ro,h1507,0.33532881324532154,scr1982,avaConv,offshore
ro,h1508,0.2139767499987133,scr1982,avaConv,offshore
ro,h1509,0.238812972218058,scr1982,avaConv,offshore
ro,h1510,0.31573453367863924,scr1982,avaConv,offshore
ro,h1511,0.31433143256175416,scr1982,avaConv,offshore
ro,h1512,0.2796956838006785,scr1982,avaConv,offshore
ro,h1513,0.42669489720281206,scr1982,avaConv,offshore
ro,h1514,0.6478208061112868,scr1982,avaConv,offshore
ro,h1515,0.8902357657109293,scr1982,avaConv,offshore
ro,h1516,0.9270686500015641,scr1982,avaConv,offshore
ro,h1517,0.9449631199639549,scr1982,avaConv,offshore
ro,h1518,0.9491788039764552,scr1982,avaConv,offshore
ro,h1519,0.9498775085933967,scr1982,avaConv,offshore
ro,h1520,0.9499835326911813,scr1982,avaConv,offshore
ro,h1521,0.9499981027782161,scr1982,avaConv,offshore
ro,h1522,0.9499996974600123,scr1982,avaConv,offshore
ro,h1523,0.949999389405606,scr1982,avaConv,offshore
ro,h1524,0.9499981086044641,scr1982,avaConv,offshore
ro,h1525,0.9499911205269543,scr1982,avaConv,offshore
ro,h1526,0.9499770139476253,scr1982,avaConv,offshore
ro,h1527,0.9499603973833042,scr1982,avaConv,offshore
ro,h1528,0.9499492285223858,scr1982,avaConv,offshore
ro,h1529,0.9493722718868292,scr1982,avaConv,offshore
ro,h1530,0.9476057889339624,scr1982,avaConv,offshore
ro,h1531,0.9474240432861845,scr1982,avaConv,offshore
ro,h1532,0.9479913631955502,scr1982,avaConv,offshore
ro,h1533,0.9497278750166159,scr1982,avaConv,offshore
ro,h1534,0.9497531867239194,scr1982,avaConv,offshore
ro,h1535,0.9403063448334128,scr1982,avaConv,offshore
ro,h1536,0.9255672219444372,scr1982,avaConv,offshore
ro,h1537,0.9052766384273554,scr1982,avaConv,offshore
ro,h1538,0.902991094957235,scr1982,avaConv,offshore
ro,h1539,0.9132317269497038,scr1982,avaConv,offshore
ro,h1540,0.9281855026698187,scr1982,avaConv,offshore
ro,h1541,0.9280241405334669,scr1982,avaConv,offshore
ro,h1542,0.9185807071167685,scr1982,avaConv,offshore
ro,h1543,0.9047764352219426,scr1982,avaConv,offshore
ro,h1544,0.8962014464460553,scr1982,avaConv,offshore
ro,h1545,0.8833061241399899,scr1982,avaConv,offshore
ro,h1546,0.8393019042116102,scr1982,avaConv,offshore
ro,h1547,0.7005421493392847,scr1982,avaConv,offshore
ro,h1548,0.5118587699490599,scr1982,avaConv,offshore
ro,h1549,0.33396152744833985,scr1982,avaConv,offshore
ro,h1550,0.24663696783598163,scr1982,avaConv,offshore
ro,h1551,0.2216247676930562,scr1982,avaConv,offshore
ro,h1552,0.2283289453974347,scr1982,avaConv,offshore
ro,h1553,0.24707340888522933,scr1982,avaConv,offshore
ro,h1554,0.27670173594089387,scr1982,avaConv,offshore
ro,h1555,0.3273760565549669,scr1982,avaConv,offshore
ro,h1556,0.35687554008052214,scr1982,avaConv,offshore
ro,h1557,0.3421597553499212,scr1982,avaConv,offshore
ro,h1558,0.28638592659648415,scr1982,avaConv,offshore
ro,h1559,0.2110489011161946,scr1982,avaConv,offshore
ro,h1560,0.1529659161617717,scr1982,avaConv,offshore
ro,h1561,0.10916695390715507,scr1982,avaConv,offshore
ro,h1562,0.11398550780649844,scr1982,avaConv,offshore
ro,h1563,0.1699799819421336,scr1982,avaConv,offshore
ro,h1564,0.2519361324729439,scr1982,avaConv,offshore
ro,h1565,0.30523692467642816,scr1982,avaConv,offshore
ro,h1566,0.2972736208973845,scr1982,avaConv,offshore
ro,h1567,0.24988312318498287,scr1982,avaConv,offshore
ro,h1568,0.20579590617793297,scr1982,avaConv,offshore
ro,h1569,0.17815691592218513,scr1982,avaConv,offshore
ro,h1570,0.1733721117714641,scr1982,avaConv,offshore
ro,h1571,0.17727805580686484,scr1982,avaConv,offshore
ro,h1572,0.19866726667370688,scr1982,avaConv,offshore
ro,h1573,0.22284094610652969,scr1982,avaConv,offshore
ro,h1574,0.26230870413740603,scr1982,avaConv,offshore
ro,h1575,0.3065592825686805,scr1982,avaConv,offshore
ro,h1576,0.37117518466520133,scr1982,avaConv,offshore
ro,h1577,0.41924581200134764,scr1982,avaConv,offshore
ro,h1578,0.4332580096691443,scr1982,avaConv,offshore
ro,h1579,0.41060989646794654,scr1982,avaConv,offshore
ro,h1580,0.3923944301648871,scr1982,avaConv,offshore
ro,h1581,0.37542798647397047,scr1982,avaConv,offshore
ro,h1582,0.3440297606278559,scr1982,avaConv,offshore
ro,h1583,0.2894994846033164,scr1982,avaConv,offshore
ro,h1584,0.22619883040736316,scr1982,avaConv,offshore
ro,h1585,0.18300130347981255,scr1982,avaConv,offshore
ro,h1586,0.16729486952839448,scr1982,avaConv,offshore
ro,h1587,0.18536304390451228,scr1982,avaConv,offshore
ro,h1588,0.2219393690014078,scr1982,avaConv,offshore
ro,h1589,0.26472065867497097,scr1982,avaConv,offshore
ro,h1590,0.3035273513671437,scr1982,avaConv,offshore
ro,h1591,0.32733564967478435,scr1982,avaConv,offshore
ro,h1592,0.3397759667888877,scr1982,avaConv,offshore
ro,h1593,0.33024363858215666,scr1982,avaConv,offshore
ro,h1594,0.3025748202431977,scr1982,avaConv,offshore
ro,h1595,0.2685175975964346,scr1982,avaConv,offshore
ro,h1596,0.2559081563022495,scr1982,avaConv,offshore
ro,h1597,0.265782011253616,scr1982,avaConv,offshore
ro,h1598,0.2858397852574454,scr1982,avaConv,offshore
ro,h1599,0.2995699586486968,scr1982,avaConv,offshore
ro,h1600,0.27939554872950406,scr1982,avaConv,offshore
ro,h1601,0.2387794931000685,scr1982,avaConv,offshore
ro,h1602,0.18197016937291635,scr1982,avaConv,offshore
ro,h1603,0.13925566386795726,scr1982,avaConv,offshore
ro,h1604,0.10962053367789698,scr1982,avaConv,offshore
ro,h1605,0.09720760321534029,scr1982,avaConv,offshore
ro,h1606,0.09515541526905022,scr1982,avaConv,offshore
ro,h1607,0.07676014855372114,scr1982,avaConv,offshore
ro,h1608,0.052033481521789555,scr1982,avaConv,offshore
ro,h1609,0.029426106272362595,scr1982,avaConv,offshore
ro,h1610,0.027193502347095215,scr1982,avaConv,offshore
ro,h1611,0.03210694476922225,scr1982,avaConv,offshore
ro,h1612,0.042416028645284855,scr1982,avaConv,offshore
ro,h1613,0.05251099849422168,scr1982,avaConv,offshore
ro,h1614,0.056006552311543216,scr1982,avaConv,offshore
ro,h1615,0.04966023709160928,scr1982,avaConv,offshore
ro,h1616,0.03884966018982191,scr1982,avaConv,offshore
ro,h1617,0.027470844941454325,scr1982,avaConv,offshore
ro,h1618,0.016817771447049937,scr1982,avaConv,offshore
ro,h1619,0.012707043385276002,scr1982,avaConv,offshore
ro,h1620,0.01273859020222648,scr1982,avaConv,offshore
ro,h1621,0.0148316012778277,scr1982,avaConv,offshore
ro,h1622,0.011475098317405005,scr1982,avaConv,offshore
ro,h1623,0.006904641009167639,scr1982,avaConv,offshore
ro,h1624,0.004667303602958319,scr1982,avaConv,offshore
ro,h1625,0.00525005955755185,scr1982,avaConv,offshore
ro,h1626,0.005871431571472311,scr1982,avaConv,offshore
ro,h1627,0.006298896351991582,scr1982,avaConv,offshore
ro,h1628,0.006501473377310104,scr1982,avaConv,offshore
ro,h1629,0.00808861101524025,scr1982,avaConv,offshore
ro,h1630,0.009159090147877637,scr1982,avaConv,offshore
ro,h1631,0.00634418272776571,scr1982,avaConv,offshore
ro,h1632,0.002894040923660596,scr1982,avaConv,offshore
ro,h1633,0.0,scr1982,avaConv,offshore
ro,h1634,0.0,scr1982,avaConv,offshore
ro,h1635,0.0,scr1982,avaConv,offshore
ro,h1636,0.0,scr1982,avaConv,offshore
ro,h1637,0.0,scr1982,avaConv,offshore
ro,h1638,0.0,scr1982,avaConv,offshore
ro,h1639,0.0005524648526818382,scr1982,avaConv,offshore
ro,h1640,0.0021682233245764737,scr1982,avaConv,offshore
ro,h1641,0.002354759729082358,scr1982,avaConv,offshore
ro,h1642,0.0017242318892500802,scr1982,avaConv,offshore
ro,h1643,0.00015092980121948136,scr1982,avaConv,offshore
ro,h1644,0.0,scr1982,avaConv,offshore
ro,h1645,0.0,scr1982,avaConv,offshore
ro,h1646,0.0,scr1982,avaConv,offshore
ro,h1647,0.0,scr1982,avaConv,offshore
ro,h1648,0.0003940418069904584,scr1982,avaConv,offshore
ro,h1649,0.0013504937904520835,scr1982,avaConv,offshore
ro,h1650,0.004952378337025594,scr1982,avaConv,offshore
ro,h1651,0.008447725373178294,scr1982,avaConv,offshore
ro,h1652,0.0107583992720924,scr1982,avaConv,offshore
ro,h1653,0.012683169683661184,scr1982,avaConv,offshore
ro,h1654,0.015734354961936103,scr1982,avaConv,offshore
ro,h1655,0.013517075383340307,scr1982,avaConv,offshore
ro,h1656,0.009531106347934607,scr1982,avaConv,offshore
ro,h1657,0.005459870887187204,scr1982,avaConv,offshore
ro,h1658,0.00790317332168711,scr1982,avaConv,offshore
ro,h1659,0.009751652962090804,scr1982,avaConv,offshore
ro,h1660,0.011408516952644833,scr1982,avaConv,offshore
ro,h1661,0.019484056816150164,scr1982,avaConv,offshore
ro,h1662,0.04031737628834324,scr1982,avaConv,offshore
ro,h1663,0.0621307972076035,scr1982,avaConv,offshore
ro,h1664,0.06915769599362967,scr1982,avaConv,offshore
ro,h1665,0.054269111479369046,scr1982,avaConv,offshore
ro,h1666,0.035620702288195256,scr1982,avaConv,offshore
ro,h1667,0.02884962565088993,scr1982,avaConv,offshore
ro,h1668,0.030287547310092627,scr1982,avaConv,offshore
ro,h1669,0.03404972308041757,scr1982,avaConv,offshore
ro,h1670,0.04327984500464455,scr1982,avaConv,offshore
ro,h1671,0.0686715829020555,scr1982,avaConv,offshore
ro,h1672,0.114074032698497,scr1982,avaConv,offshore
ro,h1673,0.2014256303634616,scr1982,avaConv,offshore
ro,h1674,0.2631866373406036,scr1982,avaConv,offshore
ro,h1675,0.30087750907180694,scr1982,avaConv,offshore
ro,h1676,0.2820346313560576,scr1982,avaConv,offshore
ro,h1677,0.26797476512244545,scr1982,avaConv,offshore
ro,h1678,0.24647421120304983,scr1982,avaConv,offshore
ro,h1679,0.19454131612281542,scr1982,avaConv,offshore
ro,h1680,0.1633187389917396,scr1982,avaConv,offshore
ro,h1681,0.19543208148689623,scr1982,avaConv,offshore
ro,h1682,0.2753732839659842,scr1982,avaConv,offshore
ro,h1683,0.39133785649113534,scr1982,avaConv,offshore
ro,h1684,0.5233270589447978,scr1982,avaConv,offshore
ro,h1685,0.6760218797725712,scr1982,avaConv,offshore
ro,h1686,0.807791625720187,scr1982,avaConv,offshore
ro,h1687,0.8828562524889418,scr1982,avaConv,offshore
ro,h1688,0.9227373762343345,scr1982,avaConv,offshore
ro,h1689,0.9260991810522091,scr1982,avaConv,offshore
ro,h1690,0.9018003335854782,scr1982,avaConv,offshore
ro,h1691,0.8867347749119834,scr1982,avaConv,offshore
ro,h1692,0.8566137102936849,scr1982,avaConv,offshore
ro,h1693,0.8010364545945615,scr1982,avaConv,offshore
ro,h1694,0.7116175985627428,scr1982,avaConv,offshore
ro,h1695,0.6324665854883159,scr1982,avaConv,offshore
ro,h1696,0.598941165835901,scr1982,avaConv,offshore
ro,h1697,0.586830064214628,scr1982,avaConv,offshore
ro,h1698,0.5749827976536104,scr1982,avaConv,offshore
ro,h1699,0.552452714270241,scr1982,avaConv,offshore
ro,h1700,0.5368767181721682,scr1982,avaConv,offshore
ro,h1701,0.5349988140567881,scr1982,avaConv,offshore
ro,h1702,0.5330527562193598,scr1982,avaConv,offshore
ro,h1703,0.5306961561024424,scr1982,avaConv,offshore
ro,h1704,0.5158836964970597,scr1982,avaConv,offshore
ro,h1705,0.47798122529686066,scr1982,avaConv,offshore
ro,h1706,0.4299766981172072,scr1982,avaConv,offshore
ro,h1707,0.38385087330529694,scr1982,avaConv,offshore
ro,h1708,0.3518923938433889,scr1982,avaConv,offshore
ro,h1709,0.32487932900815253,scr1982,avaConv,offshore
ro,h1710,0.3163656604935011,scr1982,avaConv,offshore
ro,h1711,0.3213943757783885,scr1982,avaConv,offshore
ro,h1712,0.304102593540917,scr1982,avaConv,offshore
ro,h1713,0.25200890225748745,scr1982,avaConv,offshore
ro,h1714,0.1886396122455712,scr1982,avaConv,offshore
ro,h1715,0.1490475567047592,scr1982,avaConv,offshore
ro,h1716,0.14388257234254548,scr1982,avaConv,offshore
ro,h1717,0.15489029871358223,scr1982,avaConv,offshore
ro,h1718,0.16598423491072423,scr1982,avaConv,offshore
ro,h1719,0.1687985490495015,scr1982,avaConv,offshore
ro,h1720,0.17361899797955083,scr1982,avaConv,offshore
ro,h1721,0.1976110779815554,scr1982,avaConv,offshore
ro,h1722,0.22965751337208698,scr1982,avaConv,offshore
ro,h1723,0.25949000056441285,scr1982,avaConv,offshore
ro,h1724,0.2601918514980027,scr1982,avaConv,offshore
ro,h1725,0.2256032259371426,scr1982,avaConv,offshore
ro,h1726,0.17444635930378324,scr1982,avaConv,offshore
ro,h1727,0.1214640010700414,scr1982,avaConv,offshore
ro,h1728,0.09561332235024315,scr1982,avaConv,offshore
ro,h1729,0.09445692736124114,scr1982,avaConv,offshore
ro,h1730,0.11681556101763192,scr1982,avaConv,offshore
ro,h1731,0.12389496589413643,scr1982,avaConv,offshore
ro,h1732,0.10100682004728763,scr1982,avaConv,offshore
ro,h1733,0.06295022541889511,scr1982,avaConv,offshore
ro,h1734,0.04148983456065349,scr1982,avaConv,offshore
ro,h1735,0.03034828975210436,scr1982,avaConv,offshore
ro,h1736,0.02602807142544637,scr1982,avaConv,offshore
ro,h1737,0.02293021186561737,scr1982,avaConv,offshore
ro,h1738,0.023250976964953395,scr1982,avaConv,offshore
ro,h1739,0.017365265672411846,scr1982,avaConv,offshore
ro,h1740,0.007513818106544932,scr1982,avaConv,offshore
ro,h1741,0.002634238760161544,scr1982,avaConv,offshore
ro,h1742,0.0033771427854772103,scr1982,avaConv,offshore
ro,h1743,0.01472340881587115,scr1982,avaConv,offshore
ro,h1744,0.033817400239994855,scr1982,avaConv,offshore
ro,h1745,0.04028761076164346,scr1982,avaConv,offshore
ro,h1746,0.0332441682948127,scr1982,avaConv,offshore
ro,h1747,0.013019051017826364,scr1982,avaConv,offshore
ro,h1748,0.00503607224442737,scr1982,avaConv,offshore
ro,h1749,0.0004785032341092712,scr1982,avaConv,offshore
ro,h1750,0.0,scr1982,avaConv,offshore
ro,h1751,0.0,scr1982,avaConv,offshore
ro,h1752,0.0004476749351439897,scr1982,avaConv,offshore
ro,h1753,0.0017031381091394235,scr1982,avaConv,offshore
ro,h1754,0.0034511319852246385,scr1982,avaConv,offshore
ro,h1755,0.0032600575901099954,scr1982,avaConv,offshore
ro,h1756,0.0019842067158797423,scr1982,avaConv,offshore
ro,h1757,0.0003544068224039858,scr1982,avaConv,offshore
ro,h1758,0.00048772717967293736,scr1982,avaConv,offshore
ro,h1759,0.0009061776904621358,scr1982,avaConv,offshore
ro,h1760,0.0008492570732462763,scr1982,avaConv,offshore
ro,h1761,0.00446871750003086,scr1982,avaConv,offshore
ro,h1762,0.019012368145196048,scr1982,avaConv,offshore
ro,h1763,0.04071996617860057,scr1982,avaConv,offshore
ro,h1764,0.06509490176772838,scr1982,avaConv,offshore
ro,h1765,0.07885472925461826,scr1982,avaConv,offshore
ro,h1766,0.09070038579736354,scr1982,avaConv,offshore
ro,h1767,0.09249087233043134,scr1982,avaConv,offshore
ro,h1768,0.08426908625699914,scr1982,avaConv,offshore
ro,h1769,0.0780214519839286,scr1982,avaConv,offshore
ro,h1770,0.0844734010648698,scr1982,avaConv,offshore
ro,h1771,0.18201383680010158,scr1982,avaConv,offshore
ro,h1772,0.2591842688355118,scr1982,avaConv,offshore
ro,h1773,0.28498761884256046,scr1982,avaConv,offshore
ro,h1774,0.2387257092490932,scr1982,avaConv,offshore
ro,h1775,0.20841608138744808,scr1982,avaConv,offshore
ro,h1776,0.20460256012481493,scr1982,avaConv,offshore
ro,h1777,0.20011330579702447,scr1982,avaConv,offshore
ro,h1778,0.229070376896447,scr1982,avaConv,offshore
ro,h1779,0.3281975890202627,scr1982,avaConv,offshore
ro,h1780,0.4501308230170747,scr1982,avaConv,offshore
ro,h1781,0.5226194565125554,scr1982,avaConv,offshore
ro,h1782,0.5426800316585996,scr1982,avaConv,offshore
ro,h1783,0.5523388252007934,scr1982,avaConv,offshore
ro,h1784,0.5579892349176231,scr1982,avaConv,offshore
ro,h1785,0.5472726669061962,scr1982,avaConv,offshore
ro,h1786,0.482456356484106,scr1982,avaConv,offshore
ro,h1787,0.39303845680362975,scr1982,avaConv,offshore
ro,h1788,0.3304868686742721,scr1982,avaConv,offshore
ro,h1789,0.32736980869409377,scr1982,avaConv,offshore
ro,h1790,0.36674222863428185,scr1982,avaConv,offshore
ro,h1791,0.386923134198201,scr1982,avaConv,offshore
ro,h1792,0.38701387986054386,scr1982,avaConv,offshore
ro,h1793,0.3863921302866926,scr1982,avaConv,offshore
ro,h1794,0.4338423134240664,scr1982,avaConv,offshore
ro,h1795,0.47275791879757395,scr1982,avaConv,offshore
ro,h1796,0.5251150780312691,scr1982,avaConv,offshore
ro,h1797,0.5780743124097535,scr1982,avaConv,offshore
ro,h1798,0.6253649790014199,scr1982,avaConv,offshore
ro,h1799,0.6553871144275589,scr1982,avaConv,offshore
ro,h1800,0.6479139536435997,scr1982,avaConv,offshore
ro,h1801,0.667056542369502,scr1982,avaConv,offshore
ro,h1802,0.6862486136824062,scr1982,avaConv,offshore
ro,h1803,0.6819282258416561,scr1982,avaConv,offshore
ro,h1804,0.6730597521221594,scr1982,avaConv,offshore
ro,h1805,0.6818294368871418,scr1982,avaConv,offshore
ro,h1806,0.7005908760318007,scr1982,avaConv,offshore
ro,h1807,0.681578725340196,scr1982,avaConv,offshore
ro,h1808,0.6388323948504648,scr1982,avaConv,offshore
ro,h1809,0.5872650150238348,scr1982,avaConv,offshore
ro,h1810,0.517827011320822,scr1982,avaConv,offshore
ro,h1811,0.4437145713272086,scr1982,avaConv,offshore
ro,h1812,0.34682163870265775,scr1982,avaConv,offshore
ro,h1813,0.2583821373023483,scr1982,avaConv,offshore
ro,h1814,0.16362680531914153,scr1982,avaConv,offshore
ro,h1815,0.09232602495084927,scr1982,avaConv,offshore
ro,h1816,0.045700756003646696,scr1982,avaConv,offshore
ro,h1817,0.02067650562921775,scr1982,avaConv,offshore
ro,h1818,0.010503478413483334,scr1982,avaConv,offshore
ro,h1819,0.0064022335079081324,scr1982,avaConv,offshore
ro,h1820,0.007003992058057427,scr1982,avaConv,offshore
ro,h1821,0.01386916016683091,scr1982,avaConv,offshore
ro,h1822,0.026558853634322165,scr1982,avaConv,offshore
ro,h1823,0.043953966170863015,scr1982,avaConv,offshore
ro,h1824,0.06462850091779877,scr1982,avaConv,offshore
ro,h1825,0.08071774005552064,scr1982,avaConv,offshore
ro,h1826,0.08186387915977825,scr1982,avaConv,offshore
ro,h1827,0.06488457057622651,scr1982,avaConv,offshore
ro,h1828,0.038458255165605394,scr1982,avaConv,offshore
ro,h1829,0.017454612879902354,scr1982,avaConv,offshore
ro,h1830,0.005162335631023978,scr1982,avaConv,offshore
ro,h1831,0.0007247802301383104,scr1982,avaConv,offshore
ro,h1832,0.00019786125688229438,scr1982,avaConv,offshore
ro,h1833,0.0,scr1982,avaConv,offshore
ro,h1834,0.0,scr1982,avaConv,offshore
ro,h1835,0.00019232908259304474,scr1982,avaConv,offshore
ro,h1836,0.0004098157153241391,scr1982,avaConv,offshore
ro,h1837,0.0006261807800716776,scr1982,avaConv,offshore
ro,h1838,0.0005354016105446671,scr1982,avaConv,offshore
ro,h1839,0.00034282583290470153,scr1982,avaConv,offshore
ro,h1840,0.00010666624213483375,scr1982,avaConv,offshore
ro,h1841,0.0,scr1982,avaConv,offshore
ro,h1842,0.0,scr1982,avaConv,offshore
ro,h1843,0.0,scr1982,avaConv,offshore
ro,h1844,0.000696348368438406,scr1982,avaConv,offshore
ro,h1845,0.001465702245391246,scr1982,avaConv,offshore
ro,h1846,0.0014306108343843966,scr1982,avaConv,offshore
ro,h1847,0.0008104864864879749,scr1982,avaConv,offshore
ro,h1848,0.00012289377056023672,scr1982,avaConv,offshore
ro,h1849,0.000468191749178721,scr1982,avaConv,offshore
ro,h1850,0.0016178619211210845,scr1982,avaConv,offshore
ro,h1851,0.004817091250452424,scr1982,avaConv,offshore
ro,h1852,0.011383181612995428,scr1982,avaConv,offshore
ro,h1853,0.022908943853791587,scr1982,avaConv,offshore
ro,h1854,0.03934847332396438,scr1982,avaConv,offshore
ro,h1855,0.059215930054833145,scr1982,avaConv,offshore
ro,h1856,0.074185356906833,scr1982,avaConv,offshore
ro,h1857,0.0780908495144657,scr1982,avaConv,offshore
ro,h1858,0.06782016289226969,scr1982,avaConv,offshore
ro,h1859,0.054151480412155735,scr1982,avaConv,offshore
ro,h1860,0.03856826670676495,scr1982,avaConv,offshore
ro,h1861,0.028199221678268303,scr1982,avaConv,offshore
ro,h1862,0.017995512991589874,scr1982,avaConv,offshore
ro,h1863,0.011938692060648327,scr1982,avaConv,offshore
ro,h1864,0.00841489030192519,scr1982,avaConv,offshore
ro,h1865,0.007257967465890443,scr1982,avaConv,offshore
ro,h1866,0.009317831465941182,scr1982,avaConv,offshore
ro,h1867,0.012127714774728272,scr1982,avaConv,offshore
ro,h1868,0.015631113270448888,scr1982,avaConv,offshore
ro,h1869,0.01770854604432492,scr1982,avaConv,offshore
ro,h1870,0.018005022546540888,scr1982,avaConv,offshore
ro,h1871,0.011667428127360662,scr1982,avaConv,offshore
ro,h1872,0.005464376679000612,scr1982,avaConv,offshore
ro,h1873,0.0,scr1982,avaConv,offshore
ro,h1874,0.0,scr1982,avaConv,offshore
ro,h1875,0.0,scr1982,avaConv,offshore
ro,h1876,0.0,scr1982,avaConv,offshore
ro,h1877,0.0,scr1982,avaConv,offshore
ro,h1878,0.0003233454901164903,scr1982,avaConv,offshore
ro,h1879,0.0028578740756748217,scr1982,avaConv,offshore
ro,h1880,0.009151867261013996,scr1982,avaConv,offshore
ro,h1881,0.014982196664366284,scr1982,avaConv,offshore
ro,h1882,0.015477056241229817,scr1982,avaConv,offshore
ro,h1883,0.013984970497850635,scr1982,avaConv,offshore
ro,h1884,0.01104666743535187,scr1982,avaConv,offshore
ro,h1885,0.01035451619008098,scr1982,avaConv,offshore
ro,h1886,0.008527753096893912,scr1982,avaConv,offshore
ro,h1887,0.010103086424750888,scr1982,avaConv,offshore
ro,h1888,0.011961828657725663,scr1982,avaConv,offshore
ro,h1889,0.010227797341380752,scr1982,avaConv,offshore
ro,h1890,0.00571264928277999,scr1982,avaConv,offshore
ro,h1891,0.0015019343156836991,scr1982,avaConv,offshore
ro,h1892,0.0002288964041044171,scr1982,avaConv,offshore
ro,h1893,0.0,scr1982,avaConv,offshore
ro,h1894,0.00019774758742048464,scr1982,avaConv,offshore
ro,h1895,0.00016462952553893942,scr1982,avaConv,offshore
ro,h1896,0.00010964365039569376,scr1982,avaConv,offshore
ro,h1897,0.0,scr1982,avaConv,offshore
ro,h1898,0.0,scr1982,avaConv,offshore
ro,h1899,0.0,scr1982,avaConv,offshore
ro,h1900,0.0003176448391888879,scr1982,avaConv,offshore
ro,h1901,0.0008078663695556451,scr1982,avaConv,offshore
ro,h1902,0.0010121455725202917,scr1982,avaConv,offshore
ro,h1903,0.0006566228833625565,scr1982,avaConv,offshore
ro,h1904,0.00017555694938791927,scr1982,avaConv,offshore
ro,h1905,0.0,scr1982,avaConv,offshore
ro,h1906,0.0,scr1982,avaConv,offshore
ro,h1907,0.0,scr1982,avaConv,offshore
ro,h1908,0.0,scr1982,avaConv,offshore
ro,h1909,0.0,scr1982,avaConv,offshore
ro,h1910,0.0,scr1982,avaConv,offshore
ro,h1911,0.0,scr1982,avaConv,offshore
ro,h1912,0.0,scr1982,avaConv,offshore
ro,h1913,0.0,scr1982,avaConv,offshore
ro,h1914,0.0,scr1982,avaConv,offshore
ro,h1915,0.0,scr1982,avaConv,offshore
ro,h1916,0.0,scr1982,avaConv,offshore
ro,h1917,0.0,scr1982,avaConv,offshore
ro,h1918,0.0,scr1982,avaConv,offshore
ro,h1919,0.0,scr1982,avaConv,offshore
ro,h1920,0.0,scr1982,avaConv,offshore
ro,h1921,0.0,scr1982,avaConv,offshore
ro,h1922,0.0019092901037486931,scr1982,avaConv,offshore
ro,h1923,0.011361697514944995,scr1982,avaConv,offshore
ro,h1924,0.026149714716460146,scr1982,avaConv,offshore
ro,h1925,0.040820601101126695,scr1982,avaConv,offshore
ro,h1926,0.04211127344103255,scr1982,avaConv,offshore
ro,h1927,0.03081477550744582,scr1982,avaConv,offshore
ro,h1928,0.014754453464506222,scr1982,avaConv,offshore
ro,h1929,0.00401352552482812,scr1982,avaConv,offshore
ro,h1930,0.000641795146768607,scr1982,avaConv,offshore
ro,h1931,0.0005194648552593599,scr1982,avaConv,offshore
ro,h1932,0.0028408985676307407,scr1982,avaConv,offshore
ro,h1933,0.006262753506920266,scr1982,avaConv,offshore
ro,h1934,0.011429446585046608,scr1982,avaConv,offshore
ro,h1935,0.03306965562084773,scr1982,avaConv,offshore
ro,h1936,0.09369742630481077,scr1982,avaConv,offshore
ro,h1937,0.19366200884552645,scr1982,avaConv,offshore
ro,h1938,0.31279255579225407,scr1982,avaConv,offshore
ro,h1939,0.43382902918094307,scr1982,avaConv,offshore
ro,h1940,0.49629641437656635,scr1982,avaConv,offshore
ro,h1941,0.4461106512251815,scr1982,avaConv,offshore
ro,h1942,0.2852555560850807,scr1982,avaConv,offshore
ro,h1943,0.13401365883680025,scr1982,avaConv,offshore
ro,h1944,0.062076158382844464,scr1982,avaConv,offshore
ro,h1945,0.0594682138519339,scr1982,avaConv,offshore
ro,h1946,0.06271630762896052,scr1982,avaConv,offshore
ro,h1947,0.06035481120896786,scr1982,avaConv,offshore
ro,h1948,0.05642420727209264,scr1982,avaConv,offshore
ro,h1949,0.06837872999042167,scr1982,avaConv,offshore
ro,h1950,0.08965537656050589,scr1982,avaConv,offshore
ro,h1951,0.12696200252901488,scr1982,avaConv,offshore
ro,h1952,0.1760586333385484,scr1982,avaConv,offshore
ro,h1953,0.20686198853091964,scr1982,avaConv,offshore
ro,h1954,0.1868419809006761,scr1982,avaConv,offshore
ro,h1955,0.12783310475986256,scr1982,avaConv,offshore
ro,h1956,0.08450741462977515,scr1982,avaConv,offshore
ro,h1957,0.07594139133798827,scr1982,avaConv,offshore
ro,h1958,0.07869586986524192,scr1982,avaConv,offshore
ro,h1959,0.07071613110448849,scr1982,avaConv,offshore
ro,h1960,0.0625447418260702,scr1982,avaConv,offshore
ro,h1961,0.0792973933142413,scr1982,avaConv,offshore
ro,h1962,0.13262721474401706,scr1982,avaConv,offshore
ro,h1963,0.2238212659528224,scr1982,avaConv,offshore
ro,h1964,0.3290850924794578,scr1982,avaConv,offshore
ro,h1965,0.3957212847938782,scr1982,avaConv,offshore
ro,h1966,0.3960929657641627,scr1982,avaConv,offshore
ro,h1967,0.31612919582540866,scr1982,avaConv,offshore
ro,h1968,0.23455066496289692,scr1982,avaConv,offshore
ro,h1969,0.1743352045470899,scr1982,avaConv,offshore
ro,h1970,0.17496635939985153,scr1982,avaConv,offshore
ro,h1971,0.20370600706948405,scr1982,avaConv,offshore
ro,h1972,0.24714942406901852,scr1982,avaConv,offshore
ro,h1973,0.2795503044028317,scr1982,avaConv,offshore
ro,h1974,0.30889398862687467,scr1982,avaConv,offshore
ro,h1975,0.35149035104093185,scr1982,avaConv,offshore
ro,h1976,0.397983726728354,scr1982,avaConv,offshore
ro,h1977,0.4129800226348796,scr1982,avaConv,offshore
ro,h1978,0.38513520015446867,scr1982,avaConv,offshore
ro,h1979,0.2977610968303595,scr1982,avaConv,offshore
ro,h1980,0.21403627748070775,scr1982,avaConv,offshore
ro,h1981,0.1446524170370062,scr1982,avaConv,offshore
ro,h1982,0.13258024243374816,scr1982,avaConv,offshore
ro,h1983,0.13802591801296732,scr1982,avaConv,offshore
ro,h1984,0.16253470040388612,scr1982,avaConv,offshore
ro,h1985,0.19094443298506913,scr1982,avaConv,offshore
ro,h1986,0.22793825298585638,scr1982,avaConv,offshore
ro,h1987,0.2582980336762189,scr1982,avaConv,offshore
ro,h1988,0.2690374210750993,scr1982,avaConv,offshore
ro,h1989,0.2711856457866181,scr1982,avaConv,offshore
ro,h1990,0.2747405184027323,scr1982,avaConv,offshore
ro,h1991,0.2940097175588885,scr1982,avaConv,offshore
ro,h1992,0.31261211146165874,scr1982,avaConv,offshore
ro,h1993,0.30488403826778887,scr1982,avaConv,offshore
ro,h1994,0.2816699706359165,scr1982,avaConv,offshore
ro,h1995,0.2509073958444733,scr1982,avaConv,offshore
ro,h1996,0.23016651624704482,scr1982,avaConv,offshore
ro,h1997,0.23318874951539198,scr1982,avaConv,offshore
ro,h1998,0.283592927887349,scr1982,avaConv,offshore
ro,h1999,0.38091519260385,scr1982,avaConv,offshore
ro,h2000,0.49257039209358766,scr1982,avaConv,offshore
ro,h2001,0.5583359519280877,scr1982,avaConv,offshore
ro,h2002,0.5529205270268499,scr1982,avaConv,offshore
ro,h2003,0.5664847382171325,scr1982,avaConv,offshore
ro,h2004,0.5648465278597297,scr1982,avaConv,offshore
ro,h2005,0.5778135837378919,scr1982,avaConv,offshore
ro,h2006,0.5212245418741595,scr1982,avaConv,offshore
ro,h2007,0.47191478426430006,scr1982,avaConv,offshore
ro,h2008,0.4347150509932527,scr1982,avaConv,offshore
ro,h2009,0.4166035473250657,scr1982,avaConv,offshore
ro,h2010,0.40250850765233304,scr1982,avaConv,offshore
ro,h2011,0.40912129515965023,scr1982,avaConv,offshore
ro,h2012,0.42352707076425816,scr1982,avaConv,offshore
ro,h2013,0.43737119942901215,scr1982,avaConv,offshore
ro,h2014,0.42595556149972275,scr1982,avaConv,offshore
ro,h2015,0.44335363768515246,scr1982,avaConv,offshore
ro,h2016,0.4678179475238466,scr1982,avaConv,offshore
ro,h2017,0.32603746214505697,scr1982,avaConv,offshore
ro,h2018,0.1563540868276326,scr1982,avaConv,offshore
ro,h2019,0.0,scr1982,avaConv,offshore
ro,h2020,0.0,scr1982,avaConv,offshore
ro,h2021,0.0,scr1982,avaConv,offshore
ro,h2022,0.001172931543264876,scr1982,avaConv,offshore
ro,h2023,0.005350301446420578,scr1982,avaConv,offshore
ro,h2024,0.019816011664394773,scr1982,avaConv,offshore
ro,h2025,0.0488302911873827,scr1982,avaConv,offshore
ro,h2026,0.08458453091091984,scr1982,avaConv,offshore
ro,h2027,0.10905903574995178,scr1982,avaConv,offshore
ro,h2028,0.10517944396425812,scr1982,avaConv,offshore
ro,h2029,0.07909380744717326,scr1982,avaConv,offshore
ro,h2030,0.04366205002680924,scr1982,avaConv,offshore
ro,h2031,0.017754694188722307,scr1982,avaConv,offshore
ro,h2032,0.004298075984078032,scr1982,avaConv,offshore
ro,h2033,0.000672415986770868,scr1982,avaConv,offshore
ro,h2034,0.00011698611400752344,scr1982,avaConv,offshore
ro,h2035,0.0,scr1982,avaConv,offshore
ro,h2036,0.0007350275158414516,scr1982,avaConv,offshore
ro,h2037,0.0019128936647111693,scr1982,avaConv,offshore
ro,h2038,0.003028313246280388,scr1982,avaConv,offshore
ro,h2039,0.002642804970866873,scr1982,avaConv,offshore
ro,h2040,0.0039016064897494044,scr1982,avaConv,offshore
ro,h2041,0.012085332633460684,scr1982,avaConv,offshore
ro,h2042,0.030257433802440184,scr1982,avaConv,offshore
ro,h2043,0.05287614459168491,scr1982,avaConv,offshore
ro,h2044,0.06699026766836358,scr1982,avaConv,offshore
ro,h2045,0.07442947960338726,scr1982,avaConv,offshore
ro,h2046,0.10156043964323759,scr1982,avaConv,offshore
ro,h2047,0.19782656228827594,scr1982,avaConv,offshore
ro,h2048,0.3601295316432521,scr1982,avaConv,offshore
ro,h2049,0.5108077726035636,scr1982,avaConv,offshore
ro,h2050,0.5674609857796074,scr1982,avaConv,offshore
ro,h2051,0.5862226046614047,scr1982,avaConv,offshore
ro,h2052,0.5928169437663099,scr1982,avaConv,offshore
ro,h2053,0.6173557438779318,scr1982,avaConv,offshore
ro,h2054,0.6043660790501296,scr1982,avaConv,offshore
ro,h2055,0.6004790058780505,scr1982,avaConv,offshore
ro,h2056,0.6083468565657187,scr1982,avaConv,offshore
ro,h2057,0.6303736320659827,scr1982,avaConv,offshore
ro,h2058,0.6507043078277007,scr1982,avaConv,offshore
ro,h2059,0.6584160716821869,scr1982,avaConv,offshore
ro,h2060,0.6357582882722226,scr1982,avaConv,offshore
ro,h2061,0.5766577062831951,scr1982,avaConv,offshore
ro,h2062,0.5019206169251206,scr1982,avaConv,offshore
ro,h2063,0.4075784248568749,scr1982,avaConv,offshore
ro,h2064,0.34782509111144705,scr1982,avaConv,offshore
ro,h2065,0.3153504769733765,scr1982,avaConv,offshore
ro,h2066,0.32446687404531166,scr1982,avaConv,offshore
ro,h2067,0.3279841989690827,scr1982,avaConv,offshore
ro,h2068,0.31185257426163737,scr1982,avaConv,offshore
ro,h2069,0.2812378475589842,scr1982,avaConv,offshore
ro,h2070,0.2503684428721668,scr1982,avaConv,offshore
ro,h2071,0.23971175832881514,scr1982,avaConv,offshore
ro,h2072,0.2452215025927633,scr1982,avaConv,offshore
ro,h2073,0.24123632388370567,scr1982,avaConv,offshore
ro,h2074,0.22150515605749074,scr1982,avaConv,offshore
ro,h2075,0.19304873846137405,scr1982,avaConv,offshore
ro,h2076,0.1743091620522173,scr1982,avaConv,offshore
ro,h2077,0.16397671761376925,scr1982,avaConv,offshore
ro,h2078,0.15794446283969318,scr1982,avaConv,offshore
ro,h2079,0.15327547800961702,scr1982,avaConv,offshore
ro,h2080,0.1556401464182174,scr1982,avaConv,offshore
ro,h2081,0.16539314380415357,scr1982,avaConv,offshore
ro,h2082,0.17592183780462453,scr1982,avaConv,offshore
ro,h2083,0.1850214513787684,scr1982,avaConv,offshore
ro,h2084,0.18667273975160648,scr1982,avaConv,offshore
ro,h2085,0.17590694805986512,scr1982,avaConv,offshore
ro,h2086,0.15002633073207391,scr1982,avaConv,offshore
ro,h2087,0.10346843724622537,scr1982,avaConv,offshore
ro,h2088,0.06355201040324539,scr1982,avaConv,offshore
ro,h2089,0.03768075353643501,scr1982,avaConv,offshore
ro,h2090,0.043742535773808815,scr1982,avaConv,offshore
ro,h2091,0.06399098046862889,scr1982,avaConv,offshore
ro,h2092,0.0852771462761558,scr1982,avaConv,offshore
ro,h2093,0.09396009579725968,scr1982,avaConv,offshore
ro,h2094,0.09010748691512956,scr1982,avaConv,offshore
ro,h2095,0.08167198670826423,scr1982,avaConv,offshore
ro,h2096,0.06922364785406705,scr1982,avaConv,offshore
ro,h2097,0.04959969168545116,scr1982,avaConv,offshore
ro,h2098,0.028515143166988322,scr1982,avaConv,offshore
ro,h2099,0.01699470257835977,scr1982,avaConv,offshore
ro,h2100,0.014047323672054662,scr1982,avaConv,offshore
ro,h2101,0.012835322492277649,scr1982,avaConv,offshore
ro,h2102,0.008706199645288903,scr1982,avaConv,offshore
ro,h2103,0.004317019373729205,scr1982,avaConv,offshore
ro,h2104,0.0014516802015275203,scr1982,avaConv,offshore
ro,h2105,0.00028167745311472313,scr1982,avaConv,offshore
ro,h2106,0.0,scr1982,avaConv,offshore
ro,h2107,0.0,scr1982,avaConv,offshore
ro,h2108,0.0,scr1982,avaConv,offshore
ro,h2109,0.0,scr1982,avaConv,offshore
ro,h2110,0.0,scr1982,avaConv,offshore
ro,h2111,0.00029747241310319284,scr1982,avaConv,offshore
ro,h2112,0.0013432968347799159,scr1982,avaConv,offshore
ro,h2113,0.004416267249882908,scr1982,avaConv,offshore
ro,h2114,0.010078900349406844,scr1982,avaConv,offshore
ro,h2115,0.019535291810356212,scr1982,avaConv,offshore
ro,h2116,0.02809299495340629,scr1982,avaConv,offshore
ro,h2117,0.03807319293255243,scr1982,avaConv,offshore
ro,h2118,0.0477367034236041,scr1982,avaConv,offshore
ro,h2119,0.05715181109472965,scr1982,avaConv,offshore
ro,h2120,0.05913442619488317,scr1982,avaConv,offshore
ro,h2121,0.050458236416799127,scr1982,avaConv,offshore
ro,h2122,0.03883746654051672,scr1982,avaConv,offshore
ro,h2123,0.03134313105760622,scr1982,avaConv,offshore
ro,h2124,0.025548436400565123,scr1982,avaConv,offshore
ro,h2125,0.01859426985145148,scr1982,avaConv,offshore
ro,h2126,0.008639758388328407,scr1982,avaConv,offshore
ro,h2127,0.0028168344342515803,scr1982,avaConv,offshore
ro,h2128,0.0003987797989953968,scr1982,avaConv,offshore
ro,h2129,0.0,scr1982,avaConv,offshore
ro,h2130,0.0,scr1982,avaConv,offshore
ro,h2131,0.0018289502389460235,scr1982,avaConv,offshore
ro,h2132,0.00645265681423777,scr1982,avaConv,offshore
ro,h2133,0.017408243215916157,scr1982,avaConv,offshore
ro,h2134,0.04982457976929441,scr1982,avaConv,offshore
ro,h2135,0.06385312425592703,scr1982,avaConv,offshore
ro,h2136,0.0751906176580909,scr1982,avaConv,offshore
ro,h2137,0.06753699219117094,scr1982,avaConv,offshore
ro,h2138,0.08467490467886941,scr1982,avaConv,offshore
ro,h2139,0.11915867255426564,scr1982,avaConv,offshore
ro,h2140,0.16452122893341947,scr1982,avaConv,offshore
ro,h2141,0.2105290267707119,scr1982,avaConv,offshore
ro,h2142,0.24156225957580688,scr1982,avaConv,offshore
ro,h2143,0.25315498043660906,scr1982,avaConv,offshore
ro,h2144,0.2445862060826403,scr1982,avaConv,offshore
ro,h2145,0.2179721262352544,scr1982,avaConv,offshore
ro,h2146,0.1880541107499616,scr1982,avaConv,offshore
ro,h2147,0.16478644533503878,scr1982,avaConv,offshore
ro,h2148,0.14459794636895493,scr1982,avaConv,offshore
ro,h2149,0.12471186444825556,scr1982,avaConv,offshore
ro,h2150,0.10158244776619876,scr1982,avaConv,offshore
ro,h2151,0.08579738183473014,scr1982,avaConv,offshore
ro,h2152,0.06874348922289535,scr1982,avaConv,offshore
ro,h2153,0.04795769904869774,scr1982,avaConv,offshore
ro,h2154,0.0232504993395114,scr1982,avaConv,offshore
ro,h2155,0.006242170392849867,scr1982,avaConv,offshore
ro,h2156,0.0007184278934434491,scr1982,avaConv,offshore
ro,h2157,0.0,scr1982,avaConv,offshore
ro,h2158,0.0001380122017480072,scr1982,avaConv,offshore
ro,h2159,0.00010875186956632902,scr1982,avaConv,offshore
ro,h2160,0.0,scr1982,avaConv,offshore
se_1,h1441,0.0,scr1982,avaConv,offshore
se_1,h1442,0.0,scr1982,avaConv,offshore
se_1,h1443,0.0,scr1982,avaConv,offshore
se_1,h1444,0.002451922915157017,scr1982,avaConv,offshore
se_1,h1445,0.005724416498035555,scr1982,avaConv,offshore
se_1,h1446,0.00642628834210404,scr1982,avaConv,offshore
se_1,h1447,0.004016704226862739,scr1982,avaConv,offshore
se_1,h1448,0.0007241241283542244,scr1982,avaConv,offshore
se_1,h1449,0.0,scr1982,avaConv,offshore
se_1,h1450,0.0006552981728621419,scr1982,avaConv,offshore
se_1,h1451,0.00324625308150426,scr1982,avaConv,offshore
se_1,h1452,0.012288928488194647,scr1982,avaConv,offshore
se_1,h1453,0.028644602199560536,scr1982,avaConv,offshore
se_1,h1454,0.04280139865075408,scr1982,avaConv,offshore
se_1,h1455,0.04426741092044277,scr1982,avaConv,offshore
se_1,h1456,0.03329232578255512,scr1982,avaConv,offshore
se_1,h1457,0.02960100857700231,scr1982,avaConv,offshore
se_1,h1458,0.033159975926599514,scr1982,avaConv,offshore
se_1,h1459,0.0403194771314066,scr1982,avaConv,offshore
se_1,h1460,0.03253076877528696,scr1982,avaConv,offshore
se_1,h1461,0.02238930184421647,scr1982,avaConv,offshore
se_1,h1462,0.011550223439805291,scr1982,avaConv,offshore
se_1,h1463,0.0062830950973541315,scr1982,avaConv,offshore
se_1,h1464,0.0023913734953228648,scr1982,avaConv,offshore
se_1,h1465,0.0,scr1982,avaConv,offshore
se_1,h1466,0.0,scr1982,avaConv,offshore
se_1,h1467,0.0,scr1982,avaConv,offshore
se_1,h1468,0.0,scr1982,avaConv,offshore
se_1,h1469,0.0,scr1982,avaConv,offshore
se_1,h1470,0.0,scr1982,avaConv,offshore
se_1,h1471,0.0,scr1982,avaConv,offshore
se_1,h1472,0.0,scr1982,avaConv,offshore
se_1,h1473,0.0,scr1982,avaConv,offshore
se_1,h1474,0.0,scr1982,avaConv,offshore
se_1,h1475,0.0,scr1982,avaConv,offshore
se_1,h1476,0.00048620328089727077,scr1982,avaConv,offshore
se_1,h1477,0.0018146696782110137,scr1982,avaConv,offshore
se_1,h1478,0.0031437354776107074,scr1982,avaConv,offshore
se_1,h1479,0.005629104500228918,scr1982,avaConv,offshore
se_1,h1480,0.009017176367074237,scr1982,avaConv,offshore
se_1,h1481,0.013113980759874655,scr1982,avaConv,offshore
se_1,h1482,0.01857758607553043,scr1982,avaConv,offshore
se_1,h1483,0.024809562942216278,scr1982,avaConv,offshore
se_1,h1484,0.031670420477825444,scr1982,avaConv,offshore
se_1,h1485,0.038130698693434155,scr1982,avaConv,offshore
se_1,h1486,0.04725128757480523,scr1982,avaConv,offshore
se_1,h1487,0.0444482773422591,scr1982,avaConv,offshore
se_1,h1488,0.041282555749425666,scr1982,avaConv,offshore
se_1,h1489,0.04017219447816286,scr1982,avaConv,offshore
se_1,h1490,0.04913581699596572,scr1982,avaConv,offshore
se_1,h1491,0.047145857630190136,scr1982,avaConv,offshore
se_1,h1492,0.036151108704736576,scr1982,avaConv,offshore
se_1,h1493,0.035554852369219625,scr1982,avaConv,offshore
se_1,h1494,0.05762167803170366,scr1982,avaConv,offshore
se_1,h1495,0.07616270465190297,scr1982,avaConv,offshore
se_1,h1496,0.06996766313224909,scr1982,avaConv,offshore
se_1,h1497,0.0401082537110521,scr1982,avaConv,offshore
se_1,h1498,0.013531843347895782,scr1982,avaConv,offshore
se_1,h1499,0.0018140994718108794,scr1982,avaConv,offshore
se_1,h1500,0.0,scr1982,avaConv,offshore
se_1,h1501,0.0004065865372320662,scr1982,avaConv,offshore
se_1,h1502,0.0019164227592696735,scr1982,avaConv,offshore
se_1,h1503,0.0044685377083596685,scr1982,avaConv,offshore
se_1,h1504,0.006914171623686297,scr1982,avaConv,offshore
se_1,h1505,0.00748217917468523,scr1982,avaConv,offshore
se_1,h1506,0.006238683178223258,scr1982,avaConv,offshore
se_1,h1507,0.0038729404201404117,scr1982,avaConv,offshore
se_1,h1508,0.0023138838872627456,scr1982,avaConv,offshore
se_1,h1509,0.0022102196201589865,scr1982,avaConv,offshore
se_1,h1510,0.003669098060676447,scr1982,avaConv,offshore
se_1,h1511,0.0053620947403748564,scr1982,avaConv,offshore
se_1,h1512,0.006674652922420598,scr1982,avaConv,offshore
se_1,h1513,0.004750714402332511,scr1982,avaConv,offshore
se_1,h1514,0.0025468569019986274,scr1982,avaConv,offshore
se_1,h1515,0.0,scr1982,avaConv,offshore
se_1,h1516,0.0,scr1982,avaConv,offshore
se_1,h1517,0.0019149576102822953,scr1982,avaConv,offshore
se_1,h1518,0.005412975992013121,scr1982,avaConv,offshore
se_1,h1519,0.010445801923486167,scr1982,avaConv,offshore
se_1,h1520,0.021276277836858603,scr1982,avaConv,offshore
se_1,h1521,0.055042678608295224,scr1982,avaConv,offshore
se_1,h1522,0.09821145429608137,scr1982,avaConv,offshore
se_1,h1523,0.12473072826088051,scr1982,avaConv,offshore
se_1,h1524,0.14704049936915495,scr1982,avaConv,offshore
se_1,h1525,0.18041744532420181,scr1982,avaConv,offshore
se_1,h1526,0.23150114470206415,scr1982,avaConv,offshore
se_1,h1527,0.2818966603408119,scr1982,avaConv,offshore
se_1,h1528,0.3661215802420236,scr1982,avaConv,offshore
se_1,h1529,0.5534696138387011,scr1982,avaConv,offshore
se_1,h1530,0.7481325668454754,scr1982,avaConv,offshore
se_1,h1531,0.8594754419389157,scr1982,avaConv,offshore
se_1,h1532,0.8318771607916045,scr1982,avaConv,offshore
se_1,h1533,0.7998684248060058,scr1982,avaConv,offshore
se_1,h1534,0.8242067464981108,scr1982,avaConv,offshore
se_1,h1535,0.8890446595107347,scr1982,avaConv,offshore
se_1,h1536,0.9284196149558901,scr1982,avaConv,offshore
se_1,h1537,0.9163904378854463,scr1982,avaConv,offshore
se_1,h1538,0.8461045750950201,scr1982,avaConv,offshore
se_1,h1539,0.7291652343173206,scr1982,avaConv,offshore
se_1,h1540,0.5724816065765995,scr1982,avaConv,offshore
se_1,h1541,0.42866353551476344,scr1982,avaConv,offshore
se_1,h1542,0.3173281687242649,scr1982,avaConv,offshore
se_1,h1543,0.24606048204780873,scr1982,avaConv,offshore
se_1,h1544,0.19221128555269326,scr1982,avaConv,offshore
se_1,h1545,0.1439925132662875,scr1982,avaConv,offshore
se_1,h1546,0.12242332929770407,scr1982,avaConv,offshore
se_1,h1547,0.161935907504318,scr1982,avaConv,offshore
se_1,h1548,0.1996052048669408,scr1982,avaConv,offshore
se_1,h1549,0.2421885141783637,scr1982,avaConv,offshore
se_1,h1550,0.2602053653859442,scr1982,avaConv,offshore
se_1,h1551,0.3232902345635898,scr1982,avaConv,offshore
se_1,h1552,0.339101539443065,scr1982,avaConv,offshore
se_1,h1553,0.2852160004764995,scr1982,avaConv,offshore
se_1,h1554,0.16916145409068778,scr1982,avaConv,offshore
se_1,h1555,0.08144748587526916,scr1982,avaConv,offshore
se_1,h1556,0.048744559536387,scr1982,avaConv,offshore
se_1,h1557,0.06388497024468072,scr1982,avaConv,offshore
se_1,h1558,0.10410397156491569,scr1982,avaConv,offshore
se_1,h1559,0.1835243249894804,scr1982,avaConv,offshore
se_1,h1560,0.26258393383007395,scr1982,avaConv,offshore
se_1,h1561,0.34794244567873645,scr1982,avaConv,offshore
se_1,h1562,0.403829386686071,scr1982,avaConv,offshore
se_1,h1563,0.486888130387982,scr1982,avaConv,offshore
se_1,h1564,0.5773947403912184,scr1982,avaConv,offshore
se_1,h1565,0.6920561237059409,scr1982,avaConv,offshore
se_1,h1566,0.7773510804241737,scr1982,avaConv,offshore
se_1,h1567,0.8491463001717844,scr1982,avaConv,offshore
se_1,h1568,0.8949635685036085,scr1982,avaConv,offshore
se_1,h1569,0.9287245326369271,scr1982,avaConv,offshore
se_1,h1570,0.9464831317314054,scr1982,avaConv,offshore
se_1,h1571,0.9498853015600316,scr1982,avaConv,offshore
se_1,h1572,0.9499999999999998,scr1982,avaConv,offshore
se_1,h1573,0.9499999999999998,scr1982,avaConv,offshore
se_1,h1574,0.9499999999999998,scr1982,avaConv,offshore
se_1,h1575,0.9499997776853204,scr1982,avaConv,offshore
se_1,h1576,0.9499996872743298,scr1982,avaConv,offshore
se_1,h1577,0.9499996872743298,scr1982,avaConv,offshore
se_1,h1578,0.9499999095890095,scr1982,avaConv,offshore
se_1,h1579,0.9499999999999998,scr1982,avaConv,offshore
se_1,h1580,0.9499999999999998,scr1982,avaConv,offshore
se_1,h1581,0.9499999383951069,scr1982,avaConv,offshore
se_1,h1582,0.9499784248202988,scr1982,avaConv,offshore
se_1,h1583,0.947392120695827,scr1982,avaConv,offshore
se_1,h1584,0.9391431074756916,scr1982,avaConv,offshore
se_1,h1585,0.913555145059914,scr1982,avaConv,offshore
se_1,h1586,0.876245534026866,scr1982,avaConv,offshore
se_1,h1587,0.8529211962028782,scr1982,avaConv,offshore
se_1,h1588,0.8595135974644239,scr1982,avaConv,offshore
se_1,h1589,0.8869346931819232,scr1982,avaConv,offshore
se_1,h1590,0.9089192704937468,scr1982,avaConv,offshore
se_1,h1591,0.9209536342905752,scr1982,avaConv,offshore
se_1,h1592,0.927901385629142,scr1982,avaConv,offshore
se_1,h1593,0.9329275772771088,scr1982,avaConv,offshore
se_1,h1594,0.9297852271317149,scr1982,avaConv,offshore
se_1,h1595,0.8478174400527458,scr1982,avaConv,offshore
se_1,h1596,0.6424024351637014,scr1982,avaConv,offshore
se_1,h1597,0.5037168154778114,scr1982,avaConv,offshore
se_1,h1598,0.5350929194365927,scr1982,avaConv,offshore
se_1,h1599,0.6817704672987378,scr1982,avaConv,offshore
se_1,h1600,0.7271620197925761,scr1982,avaConv,offshore
se_1,h1601,0.6201756207083392,scr1982,avaConv,offshore
se_1,h1602,0.44207831806256803,scr1982,avaConv,offshore
se_1,h1603,0.2519668171368667,scr1982,avaConv,offshore
se_1,h1604,0.09996433212601896,scr1982,avaConv,offshore
se_1,h1605,0.02486465557986802,scr1982,avaConv,offshore
se_1,h1606,0.01578143141148784,scr1982,avaConv,offshore
se_1,h1607,0.1089873669777298,scr1982,avaConv,offshore
se_1,h1608,0.2744523914945448,scr1982,avaConv,offshore
se_1,h1609,0.47278843183508534,scr1982,avaConv,offshore
se_1,h1610,0.6413885398097104,scr1982,avaConv,offshore
se_1,h1611,0.7512678748543664,scr1982,avaConv,offshore
se_1,h1612,0.8112602541170011,scr1982,avaConv,offshore
se_1,h1613,0.8159072740190496,scr1982,avaConv,offshore
se_1,h1614,0.7923612679393169,scr1982,avaConv,offshore
se_1,h1615,0.7276202436149458,scr1982,avaConv,offshore
se_1,h1616,0.6322905915959307,scr1982,avaConv,offshore
se_1,h1617,0.5313173515634921,scr1982,avaConv,offshore
se_1,h1618,0.4704605151662872,scr1982,avaConv,offshore
se_1,h1619,0.4509832334674396,scr1982,avaConv,offshore
se_1,h1620,0.4181124759657837,scr1982,avaConv,offshore
se_1,h1621,0.39999512639053475,scr1982,avaConv,offshore
se_1,h1622,0.4011311918560931,scr1982,avaConv,offshore
se_1,h1623,0.4210212486481644,scr1982,avaConv,offshore
se_1,h1624,0.39263579593781966,scr1982,avaConv,offshore
se_1,h1625,0.31134533565668077,scr1982,avaConv,offshore
se_1,h1626,0.23304844661641316,scr1982,avaConv,offshore
se_1,h1627,0.1876771769137515,scr1982,avaConv,offshore
se_1,h1628,0.16922526691053494,scr1982,avaConv,offshore
se_1,h1629,0.16408268033606538,scr1982,avaConv,offshore
se_1,h1630,0.15861127331793243,scr1982,avaConv,offshore
se_1,h1631,0.14785057884223138,scr1982,avaConv,offshore
se_1,h1632,0.13016884105180287,scr1982,avaConv,offshore
se_1,h1633,0.11728724731952132,scr1982,avaConv,offshore
se_1,h1634,0.1052504498146303,scr1982,avaConv,offshore
se_1,h1635,0.08966621944736247,scr1982,avaConv,offshore
se_1,h1636,0.0660658272750564,scr1982,avaConv,offshore
se_1,h1637,0.046940276254191914,scr1982,avaConv,offshore
se_1,h1638,0.03076640191575339,scr1982,avaConv,offshore
se_1,h1639,0.017051635297555944,scr1982,avaConv,offshore
se_1,h1640,0.005138902938800521,scr1982,avaConv,offshore
se_1,h1641,0.0,scr1982,avaConv,offshore
se_1,h1642,0.00011456473124898744,scr1982,avaConv,offshore
se_1,h1643,0.011112724304595454,scr1982,avaConv,offshore
se_1,h1644,0.04384032005844635,scr1982,avaConv,offshore
se_1,h1645,0.08849274269878661,scr1982,avaConv,offshore
se_1,h1646,0.12754444579601337,scr1982,avaConv,offshore
se_1,h1647,0.16287659306592092,scr1982,avaConv,offshore
se_1,h1648,0.22128090622772,scr1982,avaConv,offshore
se_1,h1649,0.3004605398782637,scr1982,avaConv,offshore
se_1,h1650,0.3763516828225948,scr1982,avaConv,offshore
se_1,h1651,0.46658799339669116,scr1982,avaConv,offshore
se_1,h1652,0.577484963916455,scr1982,avaConv,offshore
se_1,h1653,0.6669831529081602,scr1982,avaConv,offshore
se_1,h1654,0.6968904959864437,scr1982,avaConv,offshore
se_1,h1655,0.6310713261817579,scr1982,avaConv,offshore
se_1,h1656,0.6020526549450705,scr1982,avaConv,offshore
se_1,h1657,0.5978800249213557,scr1982,avaConv,offshore
se_1,h1658,0.6394033140498931,scr1982,avaConv,offshore
se_1,h1659,0.654582960857144,scr1982,avaConv,offshore
se_1,h1660,0.6619089819844451,scr1982,avaConv,offshore
se_1,h1661,0.6892600686107876,scr1982,avaConv,offshore
se_1,h1662,0.7124093668089938,scr1982,avaConv,offshore
se_1,h1663,0.7223490955083716,scr1982,avaConv,offshore
se_1,h1664,0.7079552420680154,scr1982,avaConv,offshore
se_1,h1665,0.7096376546944292,scr1982,avaConv,offshore
se_1,h1666,0.7560283282573137,scr1982,avaConv,offshore
se_1,h1667,0.8432764333104162,scr1982,avaConv,offshore
se_1,h1668,0.9154079274438038,scr1982,avaConv,offshore
se_1,h1669,0.9492556572985252,scr1982,avaConv,offshore
se_1,h1670,0.9499997373797341,scr1982,avaConv,offshore
se_1,h1671,0.9499999999999998,scr1982,avaConv,offshore
se_1,h1672,0.9499999999999998,scr1982,avaConv,offshore
se_1,h1673,0.9499999999999998,scr1982,avaConv,offshore
se_1,h1674,0.9499999999999998,scr1982,avaConv,offshore
se_1,h1675,0.9499999999999998,scr1982,avaConv,offshore
se_1,h1676,0.9499999999999998,scr1982,avaConv,offshore
se_1,h1677,0.9499812025411972,scr1982,avaConv,offshore
se_1,h1678,0.9492736176584734,scr1982,avaConv,offshore
se_1,h1679,0.9483169732153882,scr1982,avaConv,offshore
se_1,h1680,0.9457591460181295,scr1982,avaConv,offshore
se_1,h1681,0.640310131129866,scr1982,avaConv,offshore
se_1,h1682,0.33354474297966985,scr1982,avaConv,offshore
se_1,h1683,0.022430213381635443,scr1982,avaConv,offshore
se_1,h1684,0.017659953697619905,scr1982,avaConv,offshore
se_1,h1685,0.011298639119205556,scr1982,avaConv,offshore
se_1,h1686,0.0068351749211541515,scr1982,avaConv,offshore
se_1,h1687,0.004536286701954134,scr1982,avaConv,offshore
se_1,h1688,0.003389039504508625,scr1982,avaConv,offshore
se_1,h1689,0.0023780511413635163,scr1982,avaConv,offshore
se_1,h1690,0.0014816607500229202,scr1982,avaConv,offshore
se_1,h1691,0.003234787801882504,scr1982,avaConv,offshore
se_1,h1692,0.017869355411419235,scr1982,avaConv,offshore
se_1,h1693,0.04933960204716271,scr1982,avaConv,offshore
se_1,h1694,0.08635973269858745,scr1982,avaConv,offshore
se_1,h1695,0.11669143074977512,scr1982,avaConv,offshore
se_1,h1696,0.15163516645527803,scr1982,avaConv,offshore
se_1,h1697,0.2140181290127941,scr1982,avaConv,offshore
se_1,h1698,0.31575116468601266,scr1982,avaConv,offshore
se_1,h1699,0.431129131717894,scr1982,avaConv,offshore
se_1,h1700,0.5320941669913422,scr1982,avaConv,offshore
se_1,h1701,0.5906543962181935,scr1982,avaConv,offshore
se_1,h1702,0.6014311912936247,scr1982,avaConv,offshore
se_1,h1703,0.5793399454615112,scr1982,avaConv,offshore
se_1,h1704,0.4957024379140042,scr1982,avaConv,offshore
se_1,h1705,0.3710627842394639,scr1982,avaConv,offshore
se_1,h1706,0.30774722760530066,scr1982,avaConv,offshore
se_1,h1707,0.3621136020856647,scr1982,avaConv,offshore
se_1,h1708,0.5231090613331868,scr1982,avaConv,offshore
se_1,h1709,0.6899169087802102,scr1982,avaConv,offshore
se_1,h1710,0.8122137928219019,scr1982,avaConv,offshore
se_1,h1711,0.8702070744569954,scr1982,avaConv,offshore
se_1,h1712,0.8542928185197826,scr1982,avaConv,offshore
se_1,h1713,0.7929539822488412,scr1982,avaConv,offshore
se_1,h1714,0.7058734626672728,scr1982,avaConv,offshore
se_1,h1715,0.6065375643900204,scr1982,avaConv,offshore
se_1,h1716,0.49712793398789173,scr1982,avaConv,offshore
se_1,h1717,0.4001382520461833,scr1982,avaConv,offshore
se_1,h1718,0.3164850034389372,scr1982,avaConv,offshore
se_1,h1719,0.2565436475452189,scr1982,avaConv,offshore
se_1,h1720,0.20296642175562127,scr1982,avaConv,offshore
se_1,h1721,0.15222946073766533,scr1982,avaConv,offshore
se_1,h1722,0.11120717482829047,scr1982,avaConv,offshore
se_1,h1723,0.08427893761922094,scr1982,avaConv,offshore
se_1,h1724,0.07315631502414799,scr1982,avaConv,offshore
se_1,h1725,0.0838035836260859,scr1982,avaConv,offshore
se_1,h1726,0.13280933540397136,scr1982,avaConv,offshore
se_1,h1727,0.1708882982958516,scr1982,avaConv,offshore
se_1,h1728,0.19507725476203888,scr1982,avaConv,offshore
se_1,h1729,0.17179527728219735,scr1982,avaConv,offshore
se_1,h1730,0.14053403892792563,scr1982,avaConv,offshore
se_1,h1731,0.09203137184373979,scr1982,avaConv,offshore
se_1,h1732,0.04690989467555638,scr1982,avaConv,offshore
se_1,h1733,0.016253892197087998,scr1982,avaConv,offshore
se_1,h1734,0.0031774057353018133,scr1982,avaConv,offshore
se_1,h1735,0.0,scr1982,avaConv,offshore
se_1,h1736,0.0,scr1982,avaConv,offshore
se_1,h1737,0.0,scr1982,avaConv,offshore
se_1,h1738,0.0,scr1982,avaConv,offshore
se_1,h1739,0.0,scr1982,avaConv,offshore
se_1,h1740,0.0,scr1982,avaConv,offshore
se_1,h1741,0.0004021029281630445,scr1982,avaConv,offshore
se_1,h1742,0.007704775132044889,scr1982,avaConv,offshore
se_1,h1743,0.033039066662514355,scr1982,avaConv,offshore
se_1,h1744,0.07978712219375034,scr1982,avaConv,offshore
se_1,h1745,0.12578492658191678,scr1982,avaConv,offshore
se_1,h1746,0.1344511250266972,scr1982,avaConv,offshore
se_1,h1747,0.096010126852279,scr1982,avaConv,offshore
se_1,h1748,0.042736893830674,scr1982,avaConv,offshore
se_1,h1749,0.008642862151944692,scr1982,avaConv,offshore
se_1,h1750,0.0,scr1982,avaConv,offshore
se_1,h1751,0.025993082796543103,scr1982,avaConv,offshore
se_1,h1752,0.07235098345797153,scr1982,avaConv,offshore
se_1,h1753,0.11467431334004484,scr1982,avaConv,offshore
se_1,h1754,0.12213855437803883,scr1982,avaConv,offshore
se_1,h1755,0.1032199482030187,scr1982,avaConv,offshore
se_1,h1756,0.08854243351668681,scr1982,avaConv,offshore
se_1,h1757,0.08484512635668452,scr1982,avaConv,offshore
se_1,h1758,0.08333759609431092,scr1982,avaConv,offshore
se_1,h1759,0.08157920701743256,scr1982,avaConv,offshore
se_1,h1760,0.07597889814482359,scr1982,avaConv,offshore
se_1,h1761,0.06681920613483329,scr1982,avaConv,offshore
se_1,h1762,0.04837958810714491,scr1982,avaConv,offshore
se_1,h1763,0.026372793225673832,scr1982,avaConv,offshore
se_1,h1764,0.009930162149998097,scr1982,avaConv,offshore
se_1,h1765,0.002182363217623658,scr1982,avaConv,offshore
se_1,h1766,0.00029818728586794113,scr1982,avaConv,offshore
se_1,h1767,0.0036738561867239766,scr1982,avaConv,offshore
se_1,h1768,0.016149563859304134,scr1982,avaConv,offshore
se_1,h1769,0.03313841749272311,scr1982,avaConv,offshore
se_1,h1770,0.04864563649268588,scr1982,avaConv,offshore
se_1,h1771,0.05509277045064025,scr1982,avaConv,offshore
se_1,h1772,0.058290015605142895,scr1982,avaConv,offshore
se_1,h1773,0.06354913939783367,scr1982,avaConv,offshore
se_1,h1774,0.0805017510006204,scr1982,avaConv,offshore
se_1,h1775,0.10949670554612947,scr1982,avaConv,offshore
se_1,h1776,0.14249831602379234,scr1982,avaConv,offshore
se_1,h1777,0.1404060156026288,scr1982,avaConv,offshore
se_1,h1778,0.17375204318403395,scr1982,avaConv,offshore
se_1,h1779,0.3701726486485169,scr1982,avaConv,offshore
se_1,h1780,0.6402214535443296,scr1982,avaConv,offshore
se_1,h1781,0.851435541446107,scr1982,avaConv,offshore
se_1,h1782,0.8481409787098596,scr1982,avaConv,offshore
se_1,h1783,0.7445667744962647,scr1982,avaConv,offshore
se_1,h1784,0.611483736952937,scr1982,avaConv,offshore
se_1,h1785,0.49885915583374524,scr1982,avaConv,offshore
se_1,h1786,0.40046146304085056,scr1982,avaConv,offshore
se_1,h1787,0.29943120922764527,scr1982,avaConv,offshore
se_1,h1788,0.20064457277142056,scr1982,avaConv,offshore
se_1,h1789,0.1166962284539581,scr1982,avaConv,offshore
se_1,h1790,0.06352445703115578,scr1982,avaConv,offshore
se_1,h1791,0.027140594712605676,scr1982,avaConv,offshore
se_1,h1792,0.009218396874760833,scr1982,avaConv,offshore
se_1,h1793,0.002178738379467517,scr1982,avaConv,offshore
se_1,h1794,0.0002568144320665036,scr1982,avaConv,offshore
se_1,h1795,0.0,scr1982,avaConv,offshore
se_1,h1796,0.0,scr1982,avaConv,offshore
se_1,h1797,0.0,scr1982,avaConv,offshore
se_1,h1798,0.0006802414202548389,scr1982,avaConv,offshore
se_1,h1799,0.0016366278603510494,scr1982,avaConv,offshore
se_1,h1800,0.013025033511741752,scr1982,avaConv,offshore
se_1,h1801,0.041015043644543066,scr1982,avaConv,offshore
se_1,h1802,0.07938530602704806,scr1982,avaConv,offshore
se_1,h1803,0.10840727127772004,scr1982,avaConv,offshore
se_1,h1804,0.12402418538282318,scr1982,avaConv,offshore
se_1,h1805,0.13538624312775444,scr1982,avaConv,offshore
se_1,h1806,0.16175885628538586,scr1982,avaConv,offshore
se_1,h1807,0.2048005164842584,scr1982,avaConv,offshore
se_1,h1808,0.26581662926813004,scr1982,avaConv,offshore
se_1,h1809,0.327200926264983,scr1982,avaConv,offshore
se_1,h1810,0.36761331354657995,scr1982,avaConv,offshore
se_1,h1811,0.36727398358066893,scr1982,avaConv,offshore
se_1,h1812,0.303251012575412,scr1982,avaConv,offshore
se_1,h1813,0.20698722176200524,scr1982,avaConv,offshore
se_1,h1814,0.10705594889330237,scr1982,avaConv,offshore
se_1,h1815,0.0454307202450999,scr1982,avaConv,offshore
se_1,h1816,0.014302046478437098,scr1982,avaConv,offshore
se_1,h1817,0.0027049143853060706,scr1982,avaConv,offshore
se_1,h1818,0.0004321625485513023,scr1982,avaConv,offshore
se_1,h1819,0.00213690995259614,scr1982,avaConv,offshore
se_1,h1820,0.018314547613585072,scr1982,avaConv,offshore
se_1,h1821,0.08112944228176783,scr1982,avaConv,offshore
se_1,h1822,0.242078094361039,scr1982,avaConv,offshore
se_1,h1823,0.4993388927688731,scr1982,avaConv,offshore
se_1,h1824,0.6871644984372082,scr1982,avaConv,offshore
se_1,h1825,0.7395110577671092,scr1982,avaConv,offshore
se_1,h1826,0.6653404059170975,scr1982,avaConv,offshore
se_1,h1827,0.6070758662073084,scr1982,avaConv,offshore
se_1,h1828,0.5767027174885463,scr1982,avaConv,offshore
se_1,h1829,0.5404725630664864,scr1982,avaConv,offshore
se_1,h1830,0.4800977641043346,scr1982,avaConv,offshore
se_1,h1831,0.40323375481591583,scr1982,avaConv,offshore
se_1,h1832,0.32787381283599376,scr1982,avaConv,offshore
se_1,h1833,0.2676940701461744,scr1982,avaConv,offshore
se_1,h1834,0.21657454144435961,scr1982,avaConv,offshore
se_1,h1835,0.16008049231604068,scr1982,avaConv,offshore
se_1,h1836,0.10750084128442274,scr1982,avaConv,offshore
se_1,h1837,0.060481421030197595,scr1982,avaConv,offshore
se_1,h1838,0.03305348556363259,scr1982,avaConv,offshore
se_1,h1839,0.014456859025737144,scr1982,avaConv,offshore
se_1,h1840,0.005303512441826373,scr1982,avaConv,offshore
se_1,h1841,0.0020621515941768617,scr1982,avaConv,offshore
se_1,h1842,0.002170951017830131,scr1982,avaConv,offshore
se_1,h1843,0.009361346297750829,scr1982,avaConv,offshore
se_1,h1844,0.02168369047816251,scr1982,avaConv,offshore
se_1,h1845,0.03134910911517921,scr1982,avaConv,offshore
se_1,h1846,0.02942782907957395,scr1982,avaConv,offshore
se_1,h1847,0.017697361893027945,scr1982,avaConv,offshore
se_1,h1848,0.008269008240274312,scr1982,avaConv,offshore
se_1,h1849,0.3072978246769505,scr1982,avaConv,offshore
se_1,h1850,0.6143209406752063,scr1982,avaConv,offshore
se_1,h1851,0.9171433098846462,scr1982,avaConv,offshore
se_1,h1852,0.9200351850211657,scr1982,avaConv,offshore
se_1,h1853,0.8815588245976177,scr1982,avaConv,offshore
se_1,h1854,0.7521875670215349,scr1982,avaConv,offshore
se_1,h1855,0.5587534922184672,scr1982,avaConv,offshore
se_1,h1856,0.3747454297623884,scr1982,avaConv,offshore
se_1,h1857,0.26634619489184824,scr1982,avaConv,offshore
se_1,h1858,0.21615147449996716,scr1982,avaConv,offshore
se_1,h1859,0.20827587904381717,scr1982,avaConv,offshore
se_1,h1860,0.2251137330770078,scr1982,avaConv,offshore
se_1,h1861,0.28262261318003423,scr1982,avaConv,offshore
se_1,h1862,0.38536126576095925,scr1982,avaConv,offshore
se_1,h1863,0.5338901802052328,scr1982,avaConv,offshore
se_1,h1864,0.7117490134951326,scr1982,avaConv,offshore
se_1,h1865,0.8426273677101683,scr1982,avaConv,offshore
se_1,h1866,0.9226174680193656,scr1982,avaConv,offshore
se_1,h1867,0.9408375504909021,scr1982,avaConv,offshore
se_1,h1868,0.9432545336606217,scr1982,avaConv,offshore
se_1,h1869,0.943977043771077,scr1982,avaConv,offshore
se_1,h1870,0.9458814089380645,scr1982,avaConv,offshore
se_1,h1871,0.947999073061972,scr1982,avaConv,offshore
se_1,h1872,0.9490999931896451,scr1982,avaConv,offshore
se_1,h1873,0.9471754992871934,scr1982,avaConv,offshore
se_1,h1874,0.9460637550160782,scr1982,avaConv,offshore
se_1,h1875,0.9460582708082399,scr1982,avaConv,offshore
se_1,h1876,0.9394997378837162,scr1982,avaConv,offshore
se_1,h1877,0.8746097143672816,scr1982,avaConv,offshore
se_1,h1878,0.7585884301269433,scr1982,avaConv,offshore
se_1,h1879,0.6315588444290233,scr1982,avaConv,offshore
se_1,h1880,0.5296247362566094,scr1982,avaConv,offshore
se_1,h1881,0.43580088042659465,scr1982,avaConv,offshore
se_1,h1882,0.32371228702509997,scr1982,avaConv,offshore
se_1,h1883,0.2281607411574528,scr1982,avaConv,offshore
se_1,h1884,0.15415840897918545,scr1982,avaConv,offshore
se_1,h1885,0.1031338926178484,scr1982,avaConv,offshore
se_1,h1886,0.06700431153219254,scr1982,avaConv,offshore
se_1,h1887,0.044722483411539594,scr1982,avaConv,offshore
se_1,h1888,0.029431997231324964,scr1982,avaConv,offshore
se_1,h1889,0.012791769652984699,scr1982,avaConv,offshore
se_1,h1890,0.004087918208075029,scr1982,avaConv,offshore
se_1,h1891,0.001880489758924974,scr1982,avaConv,offshore
se_1,h1892,0.0013762072847335568,scr1982,avaConv,offshore
se_1,h1893,0.001013928553254447,scr1982,avaConv,offshore
se_1,h1894,0.0030400451039941548,scr1982,avaConv,offshore
se_1,h1895,0.0072330254068312325,scr1982,avaConv,offshore
se_1,h1896,0.009288194062887188,scr1982,avaConv,offshore
se_1,h1897,0.008015706921455838,scr1982,avaConv,offshore
se_1,h1898,0.0038729524470335025,scr1982,avaConv,offshore
se_1,h1899,0.0008708731932160635,scr1982,avaConv,offshore
se_1,h1900,0.0,scr1982,avaConv,offshore
se_1,h1901,0.0,scr1982,avaConv,offshore
se_1,h1902,0.0,scr1982,avaConv,offshore
se_1,h1903,0.0,scr1982,avaConv,offshore
se_1,h1904,0.0017857140571471127,scr1982,avaConv,offshore
se_1,h1905,0.005253581747625308,scr1982,avaConv,offshore
se_1,h1906,0.011589750033231356,scr1982,avaConv,offshore
se_1,h1907,0.018739009619549985,scr1982,avaConv,offshore
se_1,h1908,0.027494119055701274,scr1982,avaConv,offshore
se_1,h1909,0.02957466162105322,scr1982,avaConv,offshore
se_1,h1910,0.022306149917961232,scr1982,avaConv,offshore
se_1,h1911,0.010186685934389334,scr1982,avaConv,offshore
se_1,h1912,0.002405059821269118,scr1982,avaConv,offshore
se_1,h1913,0.006282023104545915,scr1982,avaConv,offshore
se_1,h1914,0.01574863720160426,scr1982,avaConv,offshore
se_1,h1915,0.02742163280094451,scr1982,avaConv,offshore
se_1,h1916,0.030586719855782266,scr1982,avaConv,offshore
se_1,h1917,0.02835093955687487,scr1982,avaConv,offshore
se_1,h1918,0.02487723285037264,scr1982,avaConv,offshore
se_1,h1919,0.028431152004251847,scr1982,avaConv,offshore
se_1,h1920,0.034418646872216706,scr1982,avaConv,offshore
se_1,h1921,0.04048507339735216,scr1982,avaConv,offshore
se_1,h1922,0.05122479798364261,scr1982,avaConv,offshore
se_1,h1923,0.06865190340585782,scr1982,avaConv,offshore
se_1,h1924,0.09087449956861834,scr1982,avaConv,offshore
se_1,h1925,0.10917238171299948,scr1982,avaConv,offshore
se_1,h1926,0.11879283946030142,scr1982,avaConv,offshore
se_1,h1927,0.11578894463560002,scr1982,avaConv,offshore
se_1,h1928,0.10104920913329213,scr1982,avaConv,offshore
se_1,h1929,0.08125225335530853,scr1982,avaConv,offshore
se_1,h1930,0.06827309789998984,scr1982,avaConv,offshore
se_1,h1931,0.04977509891163494,scr1982,avaConv,offshore
se_1,h1932,0.034520566092315824,scr1982,avaConv,offshore
se_1,h1933,0.014413709632071808,scr1982,avaConv,offshore
se_1,h1934,0.006611647129796626,scr1982,avaConv,offshore
se_1,h1935,0.0013212157596356525,scr1982,avaConv,offshore
se_1,h1936,0.00011615492236044835,scr1982,avaConv,offshore
se_1,h1937,0.0,scr1982,avaConv,offshore
se_1,h1938,0.0,scr1982,avaConv,offshore
se_1,h1939,0.0,scr1982,avaConv,offshore
se_1,h1940,0.0,scr1982,avaConv,offshore
se_1,h1941,0.0,scr1982,avaConv,offshore
se_1,h1942,0.0,scr1982,avaConv,offshore
se_1,h1943,0.0,scr1982,avaConv,offshore
se_1,h1944,0.0,scr1982,avaConv,offshore
se_1,h1945,0.0,scr1982,avaConv,offshore
se_1,h1946,0.0,scr1982,avaConv,offshore
se_1,h1947,0.0011693837995907425,scr1982,avaConv,offshore
se_1,h1948,0.002753960196458859,scr1982,avaConv,offshore
se_1,h1949,0.003764333638078961,scr1982,avaConv,offshore
se_1,h1950,0.003924791361117858,scr1982,avaConv,offshore
se_1,h1951,0.009815644312772185,scr1982,avaConv,offshore
se_1,h1952,0.027588996726980963,scr1982,avaConv,offshore
se_1,h1953,0.055861557372631945,scr1982,avaConv,offshore
se_1,h1954,0.07970187258169172,scr1982,avaConv,offshore
se_1,h1955,0.08406129614355326,scr1982,avaConv,offshore
se_1,h1956,0.07956483559473479,scr1982,avaConv,offshore
se_1,h1957,0.0824606027199677,scr1982,avaConv,offshore
se_1,h1958,0.11067806445884777,scr1982,avaConv,offshore
se_1,h1959,0.14775627367838393,scr1982,avaConv,offshore
se_1,h1960,0.17991396929698542,scr1982,avaConv,offshore
se_1,h1961,0.19962022863372272,scr1982,avaConv,offshore
se_1,h1962,0.21574729864262418,scr1982,avaConv,offshore
se_1,h1963,0.23051474475491993,scr1982,avaConv,offshore
se_1,h1964,0.24588620504434147,scr1982,avaConv,offshore
se_1,h1965,0.25921509588922126,scr1982,avaConv,offshore
se_1,h1966,0.27434390142232057,scr1982,avaConv,offshore
se_1,h1967,0.2725972399461418,scr1982,avaConv,offshore
se_1,h1968,0.2551334181518057,scr1982,avaConv,offshore
se_1,h1969,0.2025677243402724,scr1982,avaConv,offshore
se_1,h1970,0.14447149596768447,scr1982,avaConv,offshore
se_1,h1971,0.09300549209357509,scr1982,avaConv,offshore
se_1,h1972,0.07661839754628502,scr1982,avaConv,offshore
se_1,h1973,0.07688121079676145,scr1982,avaConv,offshore
se_1,h1974,0.07665763437581422,scr1982,avaConv,offshore
se_1,h1975,0.07457463535754745,scr1982,avaConv,offshore
se_1,h1976,0.07088453667059622,scr1982,avaConv,offshore
se_1,h1977,0.06822208945567877,scr1982,avaConv,offshore
se_1,h1978,0.05900641313162622,scr1982,avaConv,offshore
se_1,h1979,0.04630074446646392,scr1982,avaConv,offshore
se_1,h1980,0.04490492088875838,scr1982,avaConv,offshore
se_1,h1981,0.054032386941694766,scr1982,avaConv,offshore
se_1,h1982,0.0854957844991177,scr1982,avaConv,offshore
se_1,h1983,0.13867714626041736,scr1982,avaConv,offshore
se_1,h1984,0.2038394132958543,scr1982,avaConv,offshore
se_1,h1985,0.2533436460030561,scr1982,avaConv,offshore
se_1,h1986,0.31298366944918565,scr1982,avaConv,offshore
se_1,h1987,0.40776260948259446,scr1982,avaConv,offshore
se_1,h1988,0.527777174630556,scr1982,avaConv,offshore
se_1,h1989,0.6193182315476818,scr1982,avaConv,offshore
se_1,h1990,0.6634439915468093,scr1982,avaConv,offshore
se_1,h1991,0.6840611967123001,scr1982,avaConv,offshore
se_1,h1992,0.6919701407955928,scr1982,avaConv,offshore
se_1,h1993,0.6836615301054919,scr1982,avaConv,offshore
se_1,h1994,0.6704590754633144,scr1982,avaConv,offshore
se_1,h1995,0.6322151523930665,scr1982,avaConv,offshore
se_1,h1996,0.6109109537368963,scr1982,avaConv,offshore
se_1,h1997,0.6193535479685728,scr1982,avaConv,offshore
se_1,h1998,0.6724492569108814,scr1982,avaConv,offshore
se_1,h1999,0.7482015818677361,scr1982,avaConv,offshore
se_1,h2000,0.8117604604091903,scr1982,avaConv,offshore
se_1,h2001,0.8765407100889439,scr1982,avaConv,offshore
se_1,h2002,0.9136430422262477,scr1982,avaConv,offshore
se_1,h2003,0.9297764727306751,scr1982,avaConv,offshore
se_1,h2004,0.924887208034049,scr1982,avaConv,offshore
se_1,h2005,0.9198958036693645,scr1982,avaConv,offshore
se_1,h2006,0.9256188251267108,scr1982,avaConv,offshore
se_1,h2007,0.9361806720647436,scr1982,avaConv,offshore
se_1,h2008,0.9454401446255696,scr1982,avaConv,offshore
se_1,h2009,0.9493781108461173,scr1982,avaConv,offshore
se_1,h2010,0.9499907799325557,scr1982,avaConv,offshore
se_1,h2011,0.9499957304387601,scr1982,avaConv,offshore
se_1,h2012,0.9499734805425942,scr1982,avaConv,offshore
se_1,h2013,0.9499226179017136,scr1982,avaConv,offshore
se_1,h2014,0.9495997935602876,scr1982,avaConv,offshore
se_1,h2015,0.9486624280876752,scr1982,avaConv,offshore
se_1,h2016,0.9431731126061109,scr1982,avaConv,offshore
se_1,h2017,0.708180702769041,scr1982,avaConv,offshore
se_1,h2018,0.442071788660646,scr1982,avaConv,offshore
se_1,h2019,0.14995081199576335,scr1982,avaConv,offshore
se_1,h2020,0.07403707834192594,scr1982,avaConv,offshore
se_1,h2021,0.024761858391992443,scr1982,avaConv,offshore
se_1,h2022,0.004535024691342798,scr1982,avaConv,offshore
se_1,h2023,0.0,scr1982,avaConv,offshore
se_1,h2024,0.0,scr1982,avaConv,offshore
se_1,h2025,0.015042872541080372,scr1982,avaConv,offshore
se_1,h2026,0.07077747953746524,scr1982,avaConv,offshore
se_1,h2027,0.22564450882773254,scr1982,avaConv,offshore
se_1,h2028,0.4431211092658559,scr1982,avaConv,offshore
se_1,h2029,0.6772601291092339,scr1982,avaConv,offshore
se_1,h2030,0.8341387154029193,scr1982,avaConv,offshore
se_1,h2031,0.9175221462749684,scr1982,avaConv,offshore
se_1,h2032,0.944098460580333,scr1982,avaConv,offshore
se_1,h2033,0.9490904044427511,scr1982,avaConv,offshore
se_1,h2034,0.9499118031426781,scr1982,avaConv,offshore
se_1,h2035,0.9499925179179491,scr1982,avaConv,offshore
se_1,h2036,0.9499996416153175,scr1982,avaConv,offshore
se_1,h2037,0.9499999999999998,scr1982,avaConv,offshore
se_1,h2038,0.9499999999999998,scr1982,avaConv,offshore
se_1,h2039,0.9499999999999998,scr1982,avaConv,offshore
se_1,h2040,0.9499999999999998,scr1982,avaConv,offshore
se_1,h2041,0.9499999999999998,scr1982,avaConv,offshore
se_1,h2042,0.9499999999999998,scr1982,avaConv,offshore
se_1,h2043,0.9499999999999998,scr1982,avaConv,offshore
se_1,h2044,0.9499999999999998,scr1982,avaConv,offshore
se_1,h2045,0.9499999999999998,scr1982,avaConv,offshore
se_1,h2046,0.9499999999999998,scr1982,avaConv,offshore
se_1,h2047,0.9499999999999998,scr1982,avaConv,offshore
se_1,h2048,0.9499999999999998,scr1982,avaConv,offshore
se_1,h2049,0.9499999999999998,scr1982,avaConv,offshore
se_1,h2050,0.9499999948203411,scr1982,avaConv,offshore
se_1,h2051,0.9499994933429116,scr1982,avaConv,offshore
se_1,h2052,0.9499976190613377,scr1982,avaConv,offshore
se_1,h2053,0.9499976242409968,scr1982,avaConv,offshore
se_1,h2054,0.9499981257184362,scr1982,avaConv,offshore
se_1,h2055,0.9499999999999998,scr1982,avaConv,offshore
se_1,h2056,0.9494730736242675,scr1982,avaConv,offshore
se_1,h2057,0.9492851884262286,scr1982,avaConv,offshore
se_1,h2058,0.9474665699457605,scr1982,avaConv,offshore
se_1,h2059,0.9476809576463119,scr1982,avaConv,offshore
se_1,h2060,0.9478682688226681,scr1982,avaConv,offshore
se_1,h2061,0.9496868796026005,scr1982,avaConv,offshore
se_1,h2062,0.9499994228140661,scr1982,avaConv,offshore
se_1,h2063,0.9499999999999998,scr1982,avaConv,offshore
se_1,h2064,0.9499999999999998,scr1982,avaConv,offshore
se_1,h2065,0.9499999999999998,scr1982,avaConv,offshore
se_1,h2066,0.9499999801405429,scr1982,avaConv,offshore
se_1,h2067,0.9499999090075057,scr1982,avaConv,offshore
se_1,h2068,0.9499995429959565,scr1982,avaConv,offshore
se_1,h2069,0.9499986698651725,scr1982,avaConv,offshore
se_1,h2070,0.9499933749117898,scr1982,avaConv,offshore
se_1,h2071,0.9499314158939027,scr1982,avaConv,offshore
se_1,h2072,0.9488071091716823,scr1982,avaConv,offshore
se_1,h2073,0.9475557639709731,scr1982,avaConv,offshore
se_1,h2074,0.947138014561365,scr1982,avaConv,offshore
se_1,h2075,0.9482122104965054,scr1982,avaConv,offshore
se_1,h2076,0.9493276758664668,scr1982,avaConv,offshore
se_1,h2077,0.9496828702052433,scr1982,avaConv,offshore
se_1,h2078,0.9497092707302183,scr1982,avaConv,offshore
se_1,h2079,0.949630684155499,scr1982,avaConv,offshore
se_1,h2080,0.9452090453046821,scr1982,avaConv,offshore
se_1,h2081,0.9246987752623326,scr1982,avaConv,offshore
se_1,h2082,0.8840006456567058,scr1982,avaConv,offshore
se_1,h2083,0.8007819297038304,scr1982,avaConv,offshore
se_1,h2084,0.7086351325869683,scr1982,avaConv,offshore
se_1,h2085,0.6156651269485455,scr1982,avaConv,offshore
se_1,h2086,0.5280713454077371,scr1982,avaConv,offshore
se_1,h2087,0.4452413440062721,scr1982,avaConv,offshore
se_1,h2088,0.36419250693529265,scr1982,avaConv,offshore
se_1,h2089,0.28898187735814596,scr1982,avaConv,offshore
se_1,h2090,0.2067091316091578,scr1982,avaConv,offshore
se_1,h2091,0.11893965941799554,scr1982,avaConv,offshore
se_1,h2092,0.05401703525103281,scr1982,avaConv,offshore
se_1,h2093,0.015109469876738568,scr1982,avaConv,offshore
se_1,h2094,0.0010135094708293953,scr1982,avaConv,offshore
se_1,h2095,0.0,scr1982,avaConv,offshore
se_1,h2096,0.0,scr1982,avaConv,offshore
se_1,h2097,0.0,scr1982,avaConv,offshore
se_1,h2098,0.0,scr1982,avaConv,offshore
se_1,h2099,0.0,scr1982,avaConv,offshore
se_1,h2100,0.008543815793916913,scr1982,avaConv,offshore
se_1,h2101,0.03122658404971773,scr1982,avaConv,offshore
se_1,h2102,0.07026871449131275,scr1982,avaConv,offshore
se_1,h2103,0.10960856652651778,scr1982,avaConv,offshore
se_1,h2104,0.14140512524227947,scr1982,avaConv,offshore
se_1,h2105,0.16883929251366797,scr1982,avaConv,offshore
se_1,h2106,0.21247824514793387,scr1982,avaConv,offshore
se_1,h2107,0.27649077630230107,scr1982,avaConv,offshore
se_1,h2108,0.3249398069102951,scr1982,avaConv,offshore
se_1,h2109,0.32704088831697375,scr1982,avaConv,offshore
se_1,h2110,0.2803966352569856,scr1982,avaConv,offshore
se_1,h2111,0.19570856737410755,scr1982,avaConv,offshore
se_1,h2112,0.11616152783668786,scr1982,avaConv,offshore
se_1,h2113,0.05152114057275703,scr1982,avaConv,offshore
se_1,h2114,0.027188860790841738,scr1982,avaConv,offshore
se_1,h2115,0.013771782987991128,scr1982,avaConv,offshore
se_1,h2116,0.006521554209825472,scr1982,avaConv,offshore
se_1,h2117,0.0005313071306615305,scr1982,avaConv,offshore
se_1,h2118,0.0,scr1982,avaConv,offshore
se_1,h2119,0.0,scr1982,avaConv,offshore
se_1,h2120,0.00931686603981158,scr1982,avaConv,offshore
se_1,h2121,0.04512170267709309,scr1982,avaConv,offshore
se_1,h2122,0.11196820779972765,scr1982,avaConv,offshore
se_1,h2123,0.2567498356876303,scr1982,avaConv,offshore
se_1,h2124,0.41470002150395796,scr1982,avaConv,offshore
se_1,h2125,0.5580083435295261,scr1982,avaConv,offshore
se_1,h2126,0.6290260628607417,scr1982,avaConv,offshore
se_1,h2127,0.6737128220103968,scr1982,avaConv,offshore
se_1,h2128,0.7170275896063515,scr1982,avaConv,offshore
se_1,h2129,0.7648011948146552,scr1982,avaConv,offshore
se_1,h2130,0.7897784500356454,scr1982,avaConv,offshore
se_1,h2131,0.7673012352303932,scr1982,avaConv,offshore
se_1,h2132,0.71813194066364,scr1982,avaConv,offshore
se_1,h2133,0.65168528403465,scr1982,avaConv,offshore
se_1,h2134,0.552533923675385,scr1982,avaConv,offshore
se_1,h2135,0.41380526217509556,scr1982,avaConv,offshore
se_1,h2136,0.26140474945862857,scr1982,avaConv,offshore
se_1,h2137,0.1385911488789289,scr1982,avaConv,offshore
se_1,h2138,0.056122780945581714,scr1982,avaConv,offshore
se_1,h2139,0.01139329655716518,scr1982,avaConv,offshore
se_1,h2140,0.002266620800932711,scr1982,avaConv,offshore
se_1,h2141,0.0030878334969767253,scr1982,avaConv,offshore
se_1,h2142,0.030880699581950354,scr1982,avaConv,offshore
se_1,h2143,0.0946319493906711,scr1982,avaConv,offshore
se_1,h2144,0.2061927677864824,scr1982,avaConv,offshore
se_1,h2145,0.40707228704653414,scr1982,avaConv,offshore
se_1,h2146,0.651101646222639,scr1982,avaConv,offshore
se_1,h2147,0.8510232903880172,scr1982,avaConv,offshore
se_1,h2148,0.9391846640987817,scr1982,avaConv,offshore
se_1,h2149,0.9455537252088709,scr1982,avaConv,offshore
se_1,h2150,0.9392910351521792,scr1982,avaConv,offshore
se_1,h2151,0.9288120582279892,scr1982,avaConv,offshore
se_1,h2152,0.9252155844731721,scr1982,avaConv,offshore
se_1,h2153,0.9290315278239838,scr1982,avaConv,offshore
se_1,h2154,0.9340518709761105,scr1982,avaConv,offshore
se_1,h2155,0.9338171602717951,scr1982,avaConv,offshore
se_1,h2156,0.9327637886216567,scr1982,avaConv,offshore
se_1,h2157,0.934971229634201,scr1982,avaConv,offshore
se_1,h2158,0.9297486810309036,scr1982,avaConv,offshore
se_1,h2159,0.9083377499433408,scr1982,avaConv,offshore
se_1,h2160,0.8574600025262199,scr1982,avaConv,offshore
se_2,h1441,0.055130412213625156,scr1982,avaConv,offshore
se_2,h1442,0.09082630452713272,scr1982,avaConv,offshore
se_2,h1443,0.13274787179966197,scr1982,avaConv,offshore
se_2,h1444,0.17843906833822779,scr1982,avaConv,offshore
se_2,h1445,0.2142045928685336,scr1982,avaConv,offshore
se_2,h1446,0.2356217714022163,scr1982,avaConv,offshore
se_2,h1447,0.23245835003781568,scr1982,avaConv,offshore
se_2,h1448,0.20696878752054793,scr1982,avaConv,offshore
se_2,h1449,0.17130770715864843,scr1982,avaConv,offshore
se_2,h1450,0.1403047671138473,scr1982,avaConv,offshore
se_2,h1451,0.11793730374927634,scr1982,avaConv,offshore
se_2,h1452,0.09954687294528533,scr1982,avaConv,offshore
se_2,h1453,0.08963015786562233,scr1982,avaConv,offshore
se_2,h1454,0.07952567266829803,scr1982,avaConv,offshore
se_2,h1455,0.06109163295425638,scr1982,avaConv,offshore
se_2,h1456,0.03624439358475734,scr1982,avaConv,offshore
se_2,h1457,0.02151013250299927,scr1982,avaConv,offshore
se_2,h1458,0.028664625345319685,scr1982,avaConv,offshore
se_2,h1459,0.054912053275018115,scr1982,avaConv,offshore
se_2,h1460,0.09601430739751803,scr1982,avaConv,offshore
se_2,h1461,0.14158360837943748,scr1982,avaConv,offshore
se_2,h1462,0.18613539194066395,scr1982,avaConv,offshore
se_2,h1463,0.23161578415840525,scr1982,avaConv,offshore
se_2,h1464,0.2548293258848849,scr1982,avaConv,offshore
se_2,h1465,0.25595200072564694,scr1982,avaConv,offshore
se_2,h1466,0.22772220741750002,scr1982,avaConv,offshore
se_2,h1467,0.19823425144538606,scr1982,avaConv,offshore
se_2,h1468,0.1698402428530705,scr1982,avaConv,offshore
se_2,h1469,0.13802064942541484,scr1982,avaConv,offshore
se_2,h1470,0.10048508659012152,scr1982,avaConv,offshore
se_2,h1471,0.05993016585415167,scr1982,avaConv,offshore
se_2,h1472,0.027448346711588755,scr1982,avaConv,offshore
se_2,h1473,0.009177237493732351,scr1982,avaConv,offshore
se_2,h1474,0.001976310359809615,scr1982,avaConv,offshore
se_2,h1475,0.0002881002486098618,scr1982,avaConv,offshore
se_2,h1476,0.005135846752936541,scr1982,avaConv,offshore
se_2,h1477,0.023287775451857267,scr1982,avaConv,offshore
se_2,h1478,0.06332952957550878,scr1982,avaConv,offshore
se_2,h1479,0.12613402773807972,scr1982,avaConv,offshore
se_2,h1480,0.21902763758870705,scr1982,avaConv,offshore
se_2,h1481,0.35559235425306673,scr1982,avaConv,offshore
se_2,h1482,0.5358535837597056,scr1982,avaConv,offshore
se_2,h1483,0.7021316722508969,scr1982,avaConv,offshore
se_2,h1484,0.7970931367727263,scr1982,avaConv,offshore
se_2,h1485,0.8084337680512255,scr1982,avaConv,offshore
se_2,h1486,0.7832495971176174,scr1982,avaConv,offshore
se_2,h1487,0.7608181012200474,scr1982,avaConv,offshore
se_2,h1488,0.7732983776656324,scr1982,avaConv,offshore
se_2,h1489,0.8000898669195027,scr1982,avaConv,offshore
se_2,h1490,0.8160835988758395,scr1982,avaConv,offshore
se_2,h1491,0.7941059619060433,scr1982,avaConv,offshore
se_2,h1492,0.7358961526893327,scr1982,avaConv,offshore
se_2,h1493,0.6528215835969586,scr1982,avaConv,offshore
se_2,h1494,0.5332301850095424,scr1982,avaConv,offshore
se_2,h1495,0.3965252816067903,scr1982,avaConv,offshore
se_2,h1496,0.2602695325911386,scr1982,avaConv,offshore
se_2,h1497,0.1513349310932678,scr1982,avaConv,offshore
se_2,h1498,0.0756253171215153,scr1982,avaConv,offshore
se_2,h1499,0.030121004164794837,scr1982,avaConv,offshore
se_2,h1500,0.008557986019033917,scr1982,avaConv,offshore
se_2,h1501,0.00039360705145515825,scr1982,avaConv,offshore
se_2,h1502,0.0,scr1982,avaConv,offshore
se_2,h1503,0.0,scr1982,avaConv,offshore
se_2,h1504,0.0,scr1982,avaConv,offshore
se_2,h1505,0.0,scr1982,avaConv,offshore
se_2,h1506,0.0,scr1982,avaConv,offshore
se_2,h1507,0.0,scr1982,avaConv,offshore
se_2,h1508,0.0,scr1982,avaConv,offshore
se_2,h1509,0.0,scr1982,avaConv,offshore
se_2,h1510,0.0,scr1982,avaConv,offshore
se_2,h1511,0.0,scr1982,avaConv,offshore
se_2,h1512,0.0,scr1982,avaConv,offshore
se_2,h1513,0.00029319051730879034,scr1982,avaConv,offshore
se_2,h1514,0.00029319051730879034,scr1982,avaConv,offshore
se_2,h1515,0.000867622669515666,scr1982,avaConv,offshore
se_2,h1516,0.01133162143731285,scr1982,avaConv,offshore
se_2,h1517,0.05064046915936858,scr1982,avaConv,offshore
se_2,h1518,0.13958662866659288,scr1982,avaConv,offshore
se_2,h1519,0.29790590436545,scr1982,avaConv,offshore
se_2,h1520,0.49060385280292923,scr1982,avaConv,offshore
se_2,h1521,0.6619956445987855,scr1982,avaConv,offshore
se_2,h1522,0.7526916358192867,scr1982,avaConv,offshore
se_2,h1523,0.7443831277421745,scr1982,avaConv,offshore
se_2,h1524,0.6681115703872335,scr1982,avaConv,offshore
se_2,h1525,0.5393419725578561,scr1982,avaConv,offshore
se_2,h1526,0.3817855622651125,scr1982,avaConv,offshore
se_2,h1527,0.21587603319510512,scr1982,avaConv,offshore
se_2,h1528,0.08784276786657713,scr1982,avaConv,offshore
se_2,h1529,0.02660601405809768,scr1982,avaConv,offshore
se_2,h1530,0.022084766063715778,scr1982,avaConv,offshore
se_2,h1531,0.04003311780836732,scr1982,avaConv,offshore
se_2,h1532,0.06268501434111862,scr1982,avaConv,offshore
se_2,h1533,0.09144210837927293,scr1982,avaConv,offshore
se_2,h1534,0.13245745525064218,scr1982,avaConv,offshore
se_2,h1535,0.15890087817184922,scr1982,avaConv,offshore
se_2,h1536,0.17759176027565393,scr1982,avaConv,offshore
se_2,h1537,0.18378987592317533,scr1982,avaConv,offshore
se_2,h1538,0.2098468715632593,scr1982,avaConv,offshore
se_2,h1539,0.26566000409199786,scr1982,avaConv,offshore
se_2,h1540,0.37196547384395395,scr1982,avaConv,offshore
se_2,h1541,0.5404048413548803,scr1982,avaConv,offshore
se_2,h1542,0.7174218142841734,scr1982,avaConv,offshore
se_2,h1543,0.8503034763284709,scr1982,avaConv,offshore
se_2,h1544,0.9116077237481326,scr1982,avaConv,offshore
se_2,h1545,0.9258948567306186,scr1982,avaConv,offshore
se_2,h1546,0.9105275742058159,scr1982,avaConv,offshore
se_2,h1547,0.8640552914669877,scr1982,avaConv,offshore
se_2,h1548,0.8388665400869025,scr1982,avaConv,offshore
se_2,h1549,0.8497102854932892,scr1982,avaConv,offshore
se_2,h1550,0.899346468638373,scr1982,avaConv,offshore
se_2,h1551,0.9321439767689992,scr1982,avaConv,offshore
se_2,h1552,0.9458062907405201,scr1982,avaConv,offshore
se_2,h1553,0.9497853046417505,scr1982,avaConv,offshore
se_2,h1554,0.9499954105278422,scr1982,avaConv,offshore
se_2,h1555,0.9499998350751006,scr1982,avaConv,offshore
se_2,h1556,0.9499999529243416,scr1982,avaConv,offshore
se_2,h1557,0.9499998469751112,scr1982,avaConv,offshore
se_2,h1558,0.9499995058642697,scr1982,avaConv,offshore
se_2,h1559,0.9499995529399273,scr1982,avaConv,offshore
se_2,h1560,0.949999540487843,scr1982,avaConv,offshore
se_2,h1561,0.9499979528801971,scr1982,avaConv,offshore
se_2,h1562,0.9499498301409677,scr1982,avaConv,offshore
se_2,h1563,0.9494379605463185,scr1982,avaConv,offshore
se_2,h1564,0.9466830619482552,scr1982,avaConv,offshore
se_2,h1565,0.9350082227147598,scr1982,avaConv,offshore
se_2,h1566,0.8998069547605141,scr1982,avaConv,offshore
se_2,h1567,0.827957039070798,scr1982,avaConv,offshore
se_2,h1568,0.7298710154707276,scr1982,avaConv,offshore
se_2,h1569,0.6391035142141199,scr1982,avaConv,offshore
se_2,h1570,0.6126782423311113,scr1982,avaConv,offshore
se_2,h1571,0.6714624340096333,scr1982,avaConv,offshore
se_2,h1572,0.7770995434330847,scr1982,avaConv,offshore
se_2,h1573,0.8720668412257124,scr1982,avaConv,offshore
se_2,h1574,0.9191265552982978,scr1982,avaConv,offshore
se_2,h1575,0.9365426164514311,scr1982,avaConv,offshore
se_2,h1576,0.9400666987344579,scr1982,avaConv,offshore
se_2,h1577,0.9409884775030724,scr1982,avaConv,offshore
se_2,h1578,0.9414163690885403,scr1982,avaConv,offshore
se_2,h1579,0.9401810540157002,scr1982,avaConv,offshore
se_2,h1580,0.9397617437515529,scr1982,avaConv,offshore
se_2,h1581,0.9405338052219344,scr1982,avaConv,offshore
se_2,h1582,0.9427234984534263,scr1982,avaConv,offshore
se_2,h1583,0.9425749409429496,scr1982,avaConv,offshore
se_2,h1584,0.9429265589071311,scr1982,avaConv,offshore
se_2,h1585,0.9387467903191937,scr1982,avaConv,offshore
se_2,h1586,0.9130699189120901,scr1982,avaConv,offshore
se_2,h1587,0.8381870572588144,scr1982,avaConv,offshore
se_2,h1588,0.7155348223741884,scr1982,avaConv,offshore
se_2,h1589,0.5843155190623308,scr1982,avaConv,offshore
se_2,h1590,0.4696836055385141,scr1982,avaConv,offshore
se_2,h1591,0.3793186594909881,scr1982,avaConv,offshore
se_2,h1592,0.29392607136437493,scr1982,avaConv,offshore
se_2,h1593,0.21772721041518622,scr1982,avaConv,offshore
se_2,h1594,0.14876668054298067,scr1982,avaConv,offshore
se_2,h1595,0.09098999598083359,scr1982,avaConv,offshore
se_2,h1596,0.04487444284944646,scr1982,avaConv,offshore
se_2,h1597,0.017736702646572042,scr1982,avaConv,offshore
se_2,h1598,0.0065594067187859225,scr1982,avaConv,offshore
se_2,h1599,0.00622041484789543,scr1982,avaConv,offshore
se_2,h1600,0.0115406762666586,scr1982,avaConv,offshore
se_2,h1601,0.037761852754053256,scr1982,avaConv,offshore
se_2,h1602,0.1187551198386948,scr1982,avaConv,offshore
se_2,h1603,0.2721312714782035,scr1982,avaConv,offshore
se_2,h1604,0.46859403894407176,scr1982,avaConv,offshore
se_2,h1605,0.6280945051029452,scr1982,avaConv,offshore
se_2,h1606,0.7053561498105383,scr1982,avaConv,offshore
se_2,h1607,0.7187284384726134,scr1982,avaConv,offshore
se_2,h1608,0.6801379270355463,scr1982,avaConv,offshore
se_2,h1609,0.6288041982073086,scr1982,avaConv,offshore
se_2,h1610,0.5842839523662499,scr1982,avaConv,offshore
se_2,h1611,0.5998859690119793,scr1982,avaConv,offshore
se_2,h1612,0.6492006281408873,scr1982,avaConv,offshore
se_2,h1613,0.6905466005860642,scr1982,avaConv,offshore
se_2,h1614,0.6986955749230019,scr1982,avaConv,offshore
se_2,h1615,0.6612316638604736,scr1982,avaConv,offshore
se_2,h1616,0.5696241511869938,scr1982,avaConv,offshore
se_2,h1617,0.43564960719801565,scr1982,avaConv,offshore
se_2,h1618,0.2829635296186253,scr1982,avaConv,offshore
se_2,h1619,0.14670200391000435,scr1982,avaConv,offshore
se_2,h1620,0.054055213951050424,scr1982,avaConv,offshore
se_2,h1621,0.00924720097752477,scr1982,avaConv,offshore
se_2,h1622,0.002182159177537717,scr1982,avaConv,offshore
se_2,h1623,0.0006510401043370677,scr1982,avaConv,offshore
se_2,h1624,0.0009174149074593315,scr1982,avaConv,offshore
se_2,h1625,0.00386952667488207,scr1982,avaConv,offshore
se_2,h1626,0.007975264931658075,scr1982,avaConv,offshore
se_2,h1627,0.012986681240110652,scr1982,avaConv,offshore
se_2,h1628,0.016416091306782093,scr1982,avaConv,offshore
se_2,h1629,0.01927426142001007,scr1982,avaConv,offshore
se_2,h1630,0.023276875519505066,scr1982,avaConv,offshore
se_2,h1631,0.028698748827842624,scr1982,avaConv,offshore
se_2,h1632,0.029530705550600382,scr1982,avaConv,offshore
se_2,h1633,0.025299276185638254,scr1982,avaConv,offshore
se_2,h1634,0.018834919353519757,scr1982,avaConv,offshore
se_2,h1635,0.015532742117247091,scr1982,avaConv,offshore
se_2,h1636,0.013685303813596023,scr1982,avaConv,offshore
se_2,h1637,0.020030318957684576,scr1982,avaConv,offshore
se_2,h1638,0.04480579458278276,scr1982,avaConv,offshore
se_2,h1639,0.08061914332307882,scr1982,avaConv,offshore
se_2,h1640,0.1256583240849425,scr1982,avaConv,offshore
se_2,h1641,0.1791042685263808,scr1982,avaConv,offshore
se_2,h1642,0.23651343674578654,scr1982,avaConv,offshore
se_2,h1643,0.2947730207752761,scr1982,avaConv,offshore
se_2,h1644,0.32679284564434113,scr1982,avaConv,offshore
se_2,h1645,0.3615693975470455,scr1982,avaConv,offshore
se_2,h1646,0.40462876900549005,scr1982,avaConv,offshore
se_2,h1647,0.44052407218137857,scr1982,avaConv,offshore
se_2,h1648,0.4302542395062263,scr1982,avaConv,offshore
se_2,h1649,0.3688950774712279,scr1982,avaConv,offshore
se_2,h1650,0.3036645178529735,scr1982,avaConv,offshore
se_2,h1651,0.26972577019726673,scr1982,avaConv,offshore
se_2,h1652,0.2780512234968914,scr1982,avaConv,offshore
se_2,h1653,0.3348834457812284,scr1982,avaConv,offshore
se_2,h1654,0.4234659115234178,scr1982,avaConv,offshore
se_2,h1655,0.4663747285531652,scr1982,avaConv,offshore
se_2,h1656,0.4711717269551093,scr1982,avaConv,offshore
se_2,h1657,0.44629660119360054,scr1982,avaConv,offshore
se_2,h1658,0.4423857497742757,scr1982,avaConv,offshore
se_2,h1659,0.43317069684299075,scr1982,avaConv,offshore
se_2,h1660,0.39926125879670105,scr1982,avaConv,offshore
se_2,h1661,0.35195572023115324,scr1982,avaConv,offshore
se_2,h1662,0.29405003813073344,scr1982,avaConv,offshore
se_2,h1663,0.24939252040610102,scr1982,avaConv,offshore
se_2,h1664,0.22427531368336487,scr1982,avaConv,offshore
se_2,h1665,0.23349793037365013,scr1982,avaConv,offshore
se_2,h1666,0.2949579787390024,scr1982,avaConv,offshore
se_2,h1667,0.4329741019132326,scr1982,avaConv,offshore
se_2,h1668,0.5876382458167114,scr1982,avaConv,offshore
se_2,h1669,0.7256426122536461,scr1982,avaConv,offshore
se_2,h1670,0.8129908942179241,scr1982,avaConv,offshore
se_2,h1671,0.8795385551321365,scr1982,avaConv,offshore
se_2,h1672,0.922671784590866,scr1982,avaConv,offshore
se_2,h1673,0.9413991656925103,scr1982,avaConv,offshore
se_2,h1674,0.9472288121153636,scr1982,avaConv,offshore
se_2,h1675,0.9488839121966078,scr1982,avaConv,offshore
se_2,h1676,0.9495749848265262,scr1982,avaConv,offshore
se_2,h1677,0.9498842709057128,scr1982,avaConv,offshore
se_2,h1678,0.9499747863879251,scr1982,avaConv,offshore
se_2,h1679,0.9499887129235438,scr1982,avaConv,offshore
se_2,h1680,0.9498820028524259,scr1982,avaConv,offshore
se_2,h1681,0.6319661007520525,scr1982,avaConv,offshore
se_2,h1682,0.31501305797262635,scr1982,avaConv,offshore
se_2,h1683,0.005479983132862832,scr1982,avaConv,offshore
se_2,h1684,0.0023530087880601356,scr1982,avaConv,offshore
se_2,h1685,0.0012086667390003051,scr1982,avaConv,offshore
se_2,h1686,0.00066039671827005,scr1982,avaConv,offshore
se_2,h1687,0.0002886651735234402,scr1982,avaConv,offshore
se_2,h1688,0.0,scr1982,avaConv,offshore
se_2,h1689,0.0,scr1982,avaConv,offshore
se_2,h1690,0.0,scr1982,avaConv,offshore
se_2,h1691,0.0,scr1982,avaConv,offshore
se_2,h1692,0.0,scr1982,avaConv,offshore
se_2,h1693,0.0,scr1982,avaConv,offshore
se_2,h1694,0.0,scr1982,avaConv,offshore
se_2,h1695,0.0,scr1982,avaConv,offshore
se_2,h1696,0.0,scr1982,avaConv,offshore
se_2,h1697,0.0,scr1982,avaConv,offshore
se_2,h1698,0.0,scr1982,avaConv,offshore
se_2,h1699,0.0,scr1982,avaConv,offshore
se_2,h1700,0.0,scr1982,avaConv,offshore
se_2,h1701,0.0,scr1982,avaConv,offshore
se_2,h1702,0.0002588265994913732,scr1982,avaConv,offshore
se_2,h1703,0.002362654957690479,scr1982,avaConv,offshore
se_2,h1704,0.013463283502156611,scr1982,avaConv,offshore
se_2,h1705,0.04135010338506241,scr1982,avaConv,offshore
se_2,h1706,0.07922837253004043,scr1982,avaConv,offshore
se_2,h1707,0.11094982529977121,scr1982,avaConv,offshore
se_2,h1708,0.14561454159056958,scr1982,avaConv,offshore
se_2,h1709,0.21685515317816004,scr1982,avaConv,offshore
se_2,h1710,0.325863605718594,scr1982,avaConv,offshore
se_2,h1711,0.4144759133828664,scr1982,avaConv,offshore
se_2,h1712,0.44001284614127534,scr1982,avaConv,offshore
se_2,h1713,0.4112013435834324,scr1982,avaConv,offshore
se_2,h1714,0.3656453122934311,scr1982,avaConv,offshore
se_2,h1715,0.3114905094865744,scr1982,avaConv,offshore
se_2,h1716,0.24915086535642234,scr1982,avaConv,offshore
se_2,h1717,0.18157865028256773,scr1982,avaConv,offshore
se_2,h1718,0.12187055813615713,scr1982,avaConv,offshore
se_2,h1719,0.07708027951649246,scr1982,avaConv,offshore
se_2,h1720,0.055522260685228295,scr1982,avaConv,offshore
se_2,h1721,0.053184306270575805,scr1982,avaConv,offshore
se_2,h1722,0.06661756995154576,scr1982,avaConv,offshore
se_2,h1723,0.08920455965527861,scr1982,avaConv,offshore
se_2,h1724,0.11551747210305958,scr1982,avaConv,offshore
se_2,h1725,0.14585538535821557,scr1982,avaConv,offshore
se_2,h1726,0.17998502370811895,scr1982,avaConv,offshore
se_2,h1727,0.21748229100012662,scr1982,avaConv,offshore
se_2,h1728,0.21934695817470898,scr1982,avaConv,offshore
se_2,h1729,0.19406811401570606,scr1982,avaConv,offshore
se_2,h1730,0.15011965941770264,scr1982,avaConv,offshore
se_2,h1731,0.12397746634204058,scr1982,avaConv,offshore
se_2,h1732,0.10689145128934081,scr1982,avaConv,offshore
se_2,h1733,0.09262441942546741,scr1982,avaConv,offshore
se_2,h1734,0.0773055621788016,scr1982,avaConv,offshore
se_2,h1735,0.059836198650796625,scr1982,avaConv,offshore
se_2,h1736,0.042229530575194796,scr1982,avaConv,offshore
se_2,h1737,0.027562649207159697,scr1982,avaConv,offshore
se_2,h1738,0.017275584434319705,scr1982,avaConv,offshore
se_2,h1739,0.010309850784057608,scr1982,avaConv,offshore
se_2,h1740,0.005827675364818014,scr1982,avaConv,offshore
se_2,h1741,0.0027794518997607785,scr1982,avaConv,offshore
se_2,h1742,0.0011157706453755977,scr1982,avaConv,offshore
se_2,h1743,0.0006828786666955716,scr1982,avaConv,offshore
se_2,h1744,0.0018244674893735354,scr1982,avaConv,offshore
se_2,h1745,0.004842639860206836,scr1982,avaConv,offshore
se_2,h1746,0.008594975222557855,scr1982,avaConv,offshore
se_2,h1747,0.0148810371833473,scr1982,avaConv,offshore
se_2,h1748,0.032123377572607706,scr1982,avaConv,offshore
se_2,h1749,0.0702721211566644,scr1982,avaConv,offshore
se_2,h1750,0.12401090562607169,scr1982,avaConv,offshore
se_2,h1751,0.15545397844301778,scr1982,avaConv,offshore
se_2,h1752,0.17700512378303798,scr1982,avaConv,offshore
se_2,h1753,0.1908537539924926,scr1982,avaConv,offshore
se_2,h1754,0.2039782905438931,scr1982,avaConv,offshore
se_2,h1755,0.1831011701586945,scr1982,avaConv,offshore
se_2,h1756,0.1295615888460415,scr1982,avaConv,offshore
se_2,h1757,0.07718410778314268,scr1982,avaConv,offshore
se_2,h1758,0.04617303568299843,scr1982,avaConv,offshore
se_2,h1759,0.043346705982382924,scr1982,avaConv,offshore
se_2,h1760,0.0581476259408468,scr1982,avaConv,offshore
se_2,h1761,0.07257755268851215,scr1982,avaConv,offshore
se_2,h1762,0.07695706252964692,scr1982,avaConv,offshore
se_2,h1763,0.06900042554440143,scr1982,avaConv,offshore
se_2,h1764,0.0706072698440426,scr1982,avaConv,offshore
se_2,h1765,0.08913983607730239,scr1982,avaConv,offshore
se_2,h1766,0.12193954153212126,scr1982,avaConv,offshore
se_2,h1767,0.14784601258748692,scr1982,avaConv,offshore
se_2,h1768,0.16036688717449354,scr1982,avaConv,offshore
se_2,h1769,0.1578752789843771,scr1982,avaConv,offshore
se_2,h1770,0.1450704867379322,scr1982,avaConv,offshore
se_2,h1771,0.12441670203538824,scr1982,avaConv,offshore
se_2,h1772,0.09901736707103859,scr1982,avaConv,offshore
se_2,h1773,0.06926600178557818,scr1982,avaConv,offshore
se_2,h1774,0.04192682872388959,scr1982,avaConv,offshore
se_2,h1775,0.019275245838925946,scr1982,avaConv,offshore
se_2,h1776,0.008133457740638552,scr1982,avaConv,offshore
se_2,h1777,0.0017333563495220857,scr1982,avaConv,offshore
se_2,h1778,0.0003443468512406747,scr1982,avaConv,offshore
se_2,h1779,0.00023805589651883363,scr1982,avaConv,offshore
se_2,h1780,0.0006419514442658982,scr1982,avaConv,offshore
se_2,h1781,0.0008417087631653017,scr1982,avaConv,offshore
se_2,h1782,0.0006306460346714177,scr1982,avaConv,offshore
se_2,h1783,0.00029025005571637003,scr1982,avaConv,offshore
se_2,h1784,0.005313416286794046,scr1982,avaConv,offshore
se_2,h1785,0.032855731602416255,scr1982,avaConv,offshore
se_2,h1786,0.08743254361941132,scr1982,avaConv,offshore
se_2,h1787,0.1431547321251529,scr1982,avaConv,offshore
se_2,h1788,0.1761304608590713,scr1982,avaConv,offshore
se_2,h1789,0.17886541600993006,scr1982,avaConv,offshore
se_2,h1790,0.17860313842403783,scr1982,avaConv,offshore
se_2,h1791,0.18158293208525095,scr1982,avaConv,offshore
se_2,h1792,0.18945055600304075,scr1982,avaConv,offshore
se_2,h1793,0.1985778776687581,scr1982,avaConv,offshore
se_2,h1794,0.21080329562940167,scr1982,avaConv,offshore
se_2,h1795,0.22963003003642157,scr1982,avaConv,offshore
se_2,h1796,0.23953910157151365,scr1982,avaConv,offshore
se_2,h1797,0.2242248215753311,scr1982,avaConv,offshore
se_2,h1798,0.1849382179753683,scr1982,avaConv,offshore
se_2,h1799,0.13450214109894185,scr1982,avaConv,offshore
se_2,h1800,0.09204960569470423,scr1982,avaConv,offshore
se_2,h1801,0.05461250310541327,scr1982,avaConv,offshore
se_2,h1802,0.027875969381656568,scr1982,avaConv,offshore
se_2,h1803,0.010001214615758642,scr1982,avaConv,offshore
se_2,h1804,0.0025881936473161585,scr1982,avaConv,offshore
se_2,h1805,0.000251719392810178,scr1982,avaConv,offshore
se_2,h1806,0.0,scr1982,avaConv,offshore
se_2,h1807,0.0,scr1982,avaConv,offshore
se_2,h1808,0.0,scr1982,avaConv,offshore
se_2,h1809,0.0,scr1982,avaConv,offshore
se_2,h1810,0.0,scr1982,avaConv,offshore
se_2,h1811,0.0,scr1982,avaConv,offshore
se_2,h1812,0.0007490222697075972,scr1982,avaConv,offshore
se_2,h1813,0.007819046879820652,scr1982,avaConv,offshore
se_2,h1814,0.03126079549443125,scr1982,avaConv,offshore
se_2,h1815,0.06717114841966017,scr1982,avaConv,offshore
se_2,h1816,0.09732278278536237,scr1982,avaConv,offshore
se_2,h1817,0.0983634736316023,scr1982,avaConv,offshore
se_2,h1818,0.0766442867026761,scr1982,avaConv,offshore
se_2,h1819,0.05262066005030318,scr1982,avaConv,offshore
se_2,h1820,0.03938901842925392,scr1982,avaConv,offshore
se_2,h1821,0.02728283083916568,scr1982,avaConv,offshore
se_2,h1822,0.01429465464710993,scr1982,avaConv,offshore
se_2,h1823,0.003024942217508218,scr1982,avaConv,offshore
se_2,h1824,0.0001571504897355466,scr1982,avaConv,offshore
se_2,h1825,0.0052534580922114285,scr1982,avaConv,offshore
se_2,h1826,0.04855258368110651,scr1982,avaConv,offshore
se_2,h1827,0.1526839243791568,scr1982,avaConv,offshore
se_2,h1828,0.29732002042332667,scr1982,avaConv,offshore
se_2,h1829,0.4245054526387406,scr1982,avaConv,offshore
se_2,h1830,0.46853636255229447,scr1982,avaConv,offshore
se_2,h1831,0.4484875326866561,scr1982,avaConv,offshore
se_2,h1832,0.39371207649707946,scr1982,avaConv,offshore
se_2,h1833,0.3410332124074668,scr1982,avaConv,offshore
se_2,h1834,0.28330465727318266,scr1982,avaConv,offshore
se_2,h1835,0.22154845934898018,scr1982,avaConv,offshore
se_2,h1836,0.1901348568593549,scr1982,avaConv,offshore
se_2,h1837,0.20112962998569345,scr1982,avaConv,offshore
se_2,h1838,0.25089171576912894,scr1982,avaConv,offshore
se_2,h1839,0.2985640247754299,scr1982,avaConv,offshore
se_2,h1840,0.3147683010244421,scr1982,avaConv,offshore
se_2,h1841,0.2819196011136222,scr1982,avaConv,offshore
se_2,h1842,0.22495315177429798,scr1982,avaConv,offshore
se_2,h1843,0.18035775069742363,scr1982,avaConv,offshore
se_2,h1844,0.15827793515873378,scr1982,avaConv,offshore
se_2,h1845,0.15329107071573359,scr1982,avaConv,offshore
se_2,h1846,0.15900499854269742,scr1982,avaConv,offshore
se_2,h1847,0.19090704315360765,scr1982,avaConv,offshore
se_2,h1848,0.22873824094449444,scr1982,avaConv,offshore
se_2,h1849,0.378891474345833,scr1982,avaConv,offshore
se_2,h1850,0.471248517088799,scr1982,avaConv,offshore
se_2,h1851,0.5428555997221575,scr1982,avaConv,offshore
se_2,h1852,0.47982892389984527,scr1982,avaConv,offshore
se_2,h1853,0.4628898009729058,scr1982,avaConv,offshore
se_2,h1854,0.47632373420356366,scr1982,avaConv,offshore
se_2,h1855,0.523380239578942,scr1982,avaConv,offshore
se_2,h1856,0.5899200730509352,scr1982,avaConv,offshore
se_2,h1857,0.6528660066099503,scr1982,avaConv,offshore
se_2,h1858,0.6927189969954599,scr1982,avaConv,offshore
se_2,h1859,0.7141453028783843,scr1982,avaConv,offshore
se_2,h1860,0.7393880935034857,scr1982,avaConv,offshore
se_2,h1861,0.7681604934968806,scr1982,avaConv,offshore
se_2,h1862,0.785469492338281,scr1982,avaConv,offshore
se_2,h1863,0.7860039568577118,scr1982,avaConv,offshore
se_2,h1864,0.7767694259770758,scr1982,avaConv,offshore
se_2,h1865,0.7735722590075462,scr1982,avaConv,offshore
se_2,h1866,0.7812392073691776,scr1982,avaConv,offshore
se_2,h1867,0.7900977340855733,scr1982,avaConv,offshore
se_2,h1868,0.7628906672460403,scr1982,avaConv,offshore
se_2,h1869,0.6860840152756517,scr1982,avaConv,offshore
se_2,h1870,0.5778765066225374,scr1982,avaConv,offshore
se_2,h1871,0.447011122728159,scr1982,avaConv,offshore
se_2,h1872,0.320217841822657,scr1982,avaConv,offshore
se_2,h1873,0.21373447646028282,scr1982,avaConv,offshore
se_2,h1874,0.16084478978569752,scr1982,avaConv,offshore
se_2,h1875,0.1344690926901579,scr1982,avaConv,offshore
se_2,h1876,0.10827201830184559,scr1982,avaConv,offshore
se_2,h1877,0.07311478325603048,scr1982,avaConv,offshore
se_2,h1878,0.04127236517347916,scr1982,avaConv,offshore
se_2,h1879,0.026167318098020833,scr1982,avaConv,offshore
se_2,h1880,0.02426529285352391,scr1982,avaConv,offshore
se_2,h1881,0.036509673270021976,scr1982,avaConv,offshore
se_2,h1882,0.05914570519998404,scr1982,avaConv,offshore
se_2,h1883,0.06890060294078484,scr1982,avaConv,offshore
se_2,h1884,0.0632943767815119,scr1982,avaConv,offshore
se_2,h1885,0.04965981024875191,scr1982,avaConv,offshore
se_2,h1886,0.04897582046211455,scr1982,avaConv,offshore
se_2,h1887,0.06090174116399948,scr1982,avaConv,offshore
se_2,h1888,0.07463275357042169,scr1982,avaConv,offshore
se_2,h1889,0.08740881796150027,scr1982,avaConv,offshore
se_2,h1890,0.09241127600159592,scr1982,avaConv,offshore
se_2,h1891,0.08641766940268568,scr1982,avaConv,offshore
se_2,h1892,0.07283764167136547,scr1982,avaConv,offshore
se_2,h1893,0.06386290496891145,scr1982,avaConv,offshore
se_2,h1894,0.06417503360533125,scr1982,avaConv,offshore
se_2,h1895,0.07744561513309435,scr1982,avaConv,offshore
se_2,h1896,0.09323058399642069,scr1982,avaConv,offshore
se_2,h1897,0.12670900845415917,scr1982,avaConv,offshore
se_2,h1898,0.1575567298842834,scr1982,avaConv,offshore
se_2,h1899,0.17795864206620032,scr1982,avaConv,offshore
se_2,h1900,0.1800167704618966,scr1982,avaConv,offshore
se_2,h1901,0.1793649298285468,scr1982,avaConv,offshore
se_2,h1902,0.16714649303231544,scr1982,avaConv,offshore
se_2,h1903,0.13796160439741487,scr1982,avaConv,offshore
se_2,h1904,0.10337614372640998,scr1982,avaConv,offshore
se_2,h1905,0.08153589799021896,scr1982,avaConv,offshore
se_2,h1906,0.07180128107012933,scr1982,avaConv,offshore
se_2,h1907,0.07771755895628205,scr1982,avaConv,offshore
se_2,h1908,0.11069734502438328,scr1982,avaConv,offshore
se_2,h1909,0.1642189115502457,scr1982,avaConv,offshore
se_2,h1910,0.21781458906228796,scr1982,avaConv,offshore
se_2,h1911,0.2472873395685866,scr1982,avaConv,offshore
se_2,h1912,0.2459506297282715,scr1982,avaConv,offshore
se_2,h1913,0.22250754688060312,scr1982,avaConv,offshore
se_2,h1914,0.22108332440997489,scr1982,avaConv,offshore
se_2,h1915,0.25326355412454726,scr1982,avaConv,offshore
se_2,h1916,0.2995064206832559,scr1982,avaConv,offshore
se_2,h1917,0.33415467232672424,scr1982,avaConv,offshore
se_2,h1918,0.33334349744355934,scr1982,avaConv,offshore
se_2,h1919,0.28704930756100616,scr1982,avaConv,offshore
se_2,h1920,0.23286170310083418,scr1982,avaConv,offshore
se_2,h1921,0.19095323368832878,scr1982,avaConv,offshore
se_2,h1922,0.17963660521934519,scr1982,avaConv,offshore
se_2,h1923,0.156932356332844,scr1982,avaConv,offshore
se_2,h1924,0.13525294878907357,scr1982,avaConv,offshore
se_2,h1925,0.11443981715955891,scr1982,avaConv,offshore
se_2,h1926,0.09478519478652055,scr1982,avaConv,offshore
se_2,h1927,0.06588740860855616,scr1982,avaConv,offshore
se_2,h1928,0.03810002604733109,scr1982,avaConv,offshore
se_2,h1929,0.01620730346907572,scr1982,avaConv,offshore
se_2,h1930,0.004484348555091217,scr1982,avaConv,offshore
se_2,h1931,0.0009443596418626583,scr1982,avaConv,offshore
se_2,h1932,0.0,scr1982,avaConv,offshore
se_2,h1933,0.0,scr1982,avaConv,offshore
se_2,h1934,0.0,scr1982,avaConv,offshore
se_2,h1935,0.0,scr1982,avaConv,offshore
se_2,h1936,0.0,scr1982,avaConv,offshore
se_2,h1937,0.0008905501355232601,scr1982,avaConv,offshore
se_2,h1938,0.00599108667826252,scr1982,avaConv,offshore
se_2,h1939,0.020022833786462912,scr1982,avaConv,offshore
se_2,h1940,0.044661785907637266,scr1982,avaConv,offshore
se_2,h1941,0.07168283498595335,scr1982,avaConv,offshore
se_2,h1942,0.083877668874521,scr1982,avaConv,offshore
se_2,h1943,0.08265953465703413,scr1982,avaConv,offshore
se_2,h1944,0.07214152105026844,scr1982,avaConv,offshore
se_2,h1945,0.0712450536285627,scr1982,avaConv,offshore
se_2,h1946,0.08204576174789044,scr1982,avaConv,offshore
se_2,h1947,0.11615436296521156,scr1982,avaConv,offshore
se_2,h1948,0.17581166905288417,scr1982,avaConv,offshore
se_2,h1949,0.2567395867443273,scr1982,avaConv,offshore
se_2,h1950,0.3484310049952621,scr1982,avaConv,offshore
se_2,h1951,0.4299470484215146,scr1982,avaConv,offshore
se_2,h1952,0.4741327136746205,scr1982,avaConv,offshore
se_2,h1953,0.4824426607322541,scr1982,avaConv,offshore
se_2,h1954,0.47889686557187894,scr1982,avaConv,offshore
se_2,h1955,0.44920496459263526,scr1982,avaConv,offshore
se_2,h1956,0.43222358689181817,scr1982,avaConv,offshore
se_2,h1957,0.43600258344059106,scr1982,avaConv,offshore
se_2,h1958,0.461306138849871,scr1982,avaConv,offshore
se_2,h1959,0.4867560676858744,scr1982,avaConv,offshore
se_2,h1960,0.4461838794724039,scr1982,avaConv,offshore
se_2,h1961,0.3707933249186073,scr1982,avaConv,offshore
se_2,h1962,0.26535632638752116,scr1982,avaConv,offshore
se_2,h1963,0.20077190097735376,scr1982,avaConv,offshore
se_2,h1964,0.18027798638229942,scr1982,avaConv,offshore
se_2,h1965,0.17511331207550088,scr1982,avaConv,offshore
se_2,h1966,0.1558288598466006,scr1982,avaConv,offshore
se_2,h1967,0.11955734048704447,scr1982,avaConv,offshore
se_2,h1968,0.08604000914485338,scr1982,avaConv,offshore
se_2,h1969,0.0674612107669956,scr1982,avaConv,offshore
se_2,h1970,0.0622342225323554,scr1982,avaConv,offshore
se_2,h1971,0.0598906677971506,scr1982,avaConv,offshore
se_2,h1972,0.058957363710132916,scr1982,avaConv,offshore
se_2,h1973,0.07749480176113176,scr1982,avaConv,offshore
se_2,h1974,0.11985940317917339,scr1982,avaConv,offshore
se_2,h1975,0.1748267081761109,scr1982,avaConv,offshore
se_2,h1976,0.2233075671254692,scr1982,avaConv,offshore
se_2,h1977,0.2545333277230745,scr1982,avaConv,offshore
se_2,h1978,0.2825215920028359,scr1982,avaConv,offshore
se_2,h1979,0.29005233524326596,scr1982,avaConv,offshore
se_2,h1980,0.29943223474575964,scr1982,avaConv,offshore
se_2,h1981,0.3055929461679441,scr1982,avaConv,offshore
se_2,h1982,0.3519770783564949,scr1982,avaConv,offshore
se_2,h1983,0.41636676193383776,scr1982,avaConv,offshore
se_2,h1984,0.5070200297995008,scr1982,avaConv,offshore
se_2,h1985,0.6223053699626299,scr1982,avaConv,offshore
se_2,h1986,0.7449601286815705,scr1982,avaConv,offshore
se_2,h1987,0.8257834337820428,scr1982,avaConv,offshore
se_2,h1988,0.8577877040771407,scr1982,avaConv,offshore
se_2,h1989,0.8714753067026968,scr1982,avaConv,offshore
se_2,h1990,0.8828414048434916,scr1982,avaConv,offshore
se_2,h1991,0.8825797663684969,scr1982,avaConv,offshore
se_2,h1992,0.8738947283398589,scr1982,avaConv,offshore
se_2,h1993,0.8827309208410171,scr1982,avaConv,offshore
se_2,h1994,0.9029016296384559,scr1982,avaConv,offshore
se_2,h1995,0.921210400601361,scr1982,avaConv,offshore
se_2,h1996,0.9231991122154749,scr1982,avaConv,offshore
se_2,h1997,0.9148859812750727,scr1982,avaConv,offshore
se_2,h1998,0.9023799796601775,scr1982,avaConv,offshore
se_2,h1999,0.9003114928668076,scr1982,avaConv,offshore
se_2,h2000,0.9100673184276631,scr1982,avaConv,offshore
se_2,h2001,0.9179235295696084,scr1982,avaConv,offshore
se_2,h2002,0.9207119384946163,scr1982,avaConv,offshore
se_2,h2003,0.9235166997775625,scr1982,avaConv,offshore
se_2,h2004,0.9228533369122266,scr1982,avaConv,offshore
se_2,h2005,0.9141260275131798,scr1982,avaConv,offshore
se_2,h2006,0.9011651479474295,scr1982,avaConv,offshore
se_2,h2007,0.9001148675394768,scr1982,avaConv,offshore
se_2,h2008,0.9048980617717806,scr1982,avaConv,offshore
se_2,h2009,0.8994319366986621,scr1982,avaConv,offshore
se_2,h2010,0.8942756055737789,scr1982,avaConv,offshore
se_2,h2011,0.8992523069222467,scr1982,avaConv,offshore
se_2,h2012,0.9129780405434357,scr1982,avaConv,offshore
se_2,h2013,0.9139687113010082,scr1982,avaConv,offshore
se_2,h2014,0.895773053931713,scr1982,avaConv,offshore
se_2,h2015,0.8792235469717293,scr1982,avaConv,offshore
se_2,h2016,0.8477915702502883,scr1982,avaConv,offshore
se_2,h2017,0.5911552729904871,scr1982,avaConv,offshore
se_2,h2018,0.3214570640802485,scr1982,avaConv,offshore
se_2,h2019,0.06651747758816223,scr1982,avaConv,offshore
se_2,h2020,0.032743723587110356,scr1982,avaConv,offshore
se_2,h2021,0.011808210880156185,scr1982,avaConv,offshore
se_2,h2022,0.002165161546852907,scr1982,avaConv,offshore
se_2,h2023,0.012313987735327452,scr1982,avaConv,offshore
se_2,h2024,0.05859384091231745,scr1982,avaConv,offshore
se_2,h2025,0.18041302165013762,scr1982,avaConv,offshore
se_2,h2026,0.3859663626636096,scr1982,avaConv,offshore
se_2,h2027,0.6484832190094838,scr1982,avaConv,offshore
se_2,h2028,0.8417614779890474,scr1982,avaConv,offshore
se_2,h2029,0.9415355085825097,scr1982,avaConv,offshore
se_2,h2030,0.9493555778910485,scr1982,avaConv,offshore
se_2,h2031,0.9498599104028109,scr1982,avaConv,offshore
se_2,h2032,0.9491209538030897,scr1982,avaConv,offshore
se_2,h2033,0.94650553960428,scr1982,avaConv,offshore
se_2,h2034,0.9447814259045374,scr1982,avaConv,offshore
se_2,h2035,0.9450737779746515,scr1982,avaConv,offshore
se_2,h2036,0.9474542833006583,scr1982,avaConv,offshore
se_2,h2037,0.9489611752491877,scr1982,avaConv,offshore
se_2,h2038,0.9490905962390985,scr1982,avaConv,offshore
se_2,h2039,0.949252529473854,scr1982,avaConv,offshore
se_2,h2040,0.9494556581926831,scr1982,avaConv,offshore
se_2,h2041,0.9498012978090399,scr1982,avaConv,offshore
se_2,h2042,0.9498000053808667,scr1982,avaConv,offshore
se_2,h2043,0.9496865517451749,scr1982,avaConv,offshore
se_2,h2044,0.9496401240497978,scr1982,avaConv,offshore
se_2,h2045,0.9497155657488527,scr1982,avaConv,offshore
se_2,h2046,0.9498910630216872,scr1982,avaConv,offshore
se_2,h2047,0.9499890443499126,scr1982,avaConv,offshore
se_2,h2048,0.9499997946612769,scr1982,avaConv,offshore
se_2,h2049,0.9499999999999997,scr1982,avaConv,offshore
se_2,h2050,0.9499999999999997,scr1982,avaConv,offshore
se_2,h2051,0.9499999999999997,scr1982,avaConv,offshore
se_2,h2052,0.9499999999999997,scr1982,avaConv,offshore
se_2,h2053,0.9499998747237417,scr1982,avaConv,offshore
se_2,h2054,0.9499997637083826,scr1982,avaConv,offshore
se_2,h2055,0.8893275260136465,scr1982,avaConv,offshore
se_2,h2056,0.6080885728696029,scr1982,avaConv,offshore
se_2,h2057,0.2932866218483269,scr1982,avaConv,offshore
se_2,h2058,0.04384443175125305,scr1982,avaConv,offshore
se_2,h2059,0.034788447214122116,scr1982,avaConv,offshore
se_2,h2060,0.14341062306341762,scr1982,avaConv,offshore
se_2,h2061,0.35869883161390675,scr1982,avaConv,offshore
se_2,h2062,0.6205456445352048,scr1982,avaConv,offshore
se_2,h2063,0.8175188118719858,scr1982,avaConv,offshore
se_2,h2064,0.9017780048252175,scr1982,avaConv,offshore
se_2,h2065,0.8637319254121133,scr1982,avaConv,offshore
se_2,h2066,0.7721601684354433,scr1982,avaConv,offshore
se_2,h2067,0.7147624998378801,scr1982,avaConv,offshore
se_2,h2068,0.7315993854811415,scr1982,avaConv,offshore
se_2,h2069,0.7944974271233333,scr1982,avaConv,offshore
se_2,h2070,0.7950489491652063,scr1982,avaConv,offshore
se_2,h2071,0.7463583630678449,scr1982,avaConv,offshore
se_2,h2072,0.6921254535573796,scr1982,avaConv,offshore
se_2,h2073,0.6784754238617401,scr1982,avaConv,offshore
se_2,h2074,0.6787848051876446,scr1982,avaConv,offshore
se_2,h2075,0.6848263629637282,scr1982,avaConv,offshore
se_2,h2076,0.6553141945813211,scr1982,avaConv,offshore
se_2,h2077,0.573045207326198,scr1982,avaConv,offshore
se_2,h2078,0.415262174125969,scr1982,avaConv,offshore
se_2,h2079,0.2518901530681813,scr1982,avaConv,offshore
se_2,h2080,0.1340446055968354,scr1982,avaConv,offshore
se_2,h2081,0.07555229724326211,scr1982,avaConv,offshore
se_2,h2082,0.07137505060866635,scr1982,avaConv,offshore
se_2,h2083,0.12518127360586706,scr1982,avaConv,offshore
se_2,h2084,0.2304923946380526,scr1982,avaConv,offshore
se_2,h2085,0.35243174793868287,scr1982,avaConv,offshore
se_2,h2086,0.4525732938252912,scr1982,avaConv,offshore
se_2,h2087,0.5085789909741985,scr1982,avaConv,offshore
se_2,h2088,0.4975461876129627,scr1982,avaConv,offshore
se_2,h2089,0.4655755685904068,scr1982,avaConv,offshore
se_2,h2090,0.4041280806478198,scr1982,avaConv,offshore
se_2,h2091,0.3555813110428793,scr1982,avaConv,offshore
se_2,h2092,0.3014258523943295,scr1982,avaConv,offshore
se_2,h2093,0.2655978118095283,scr1982,avaConv,offshore
se_2,h2094,0.23966786699856754,scr1982,avaConv,offshore
se_2,h2095,0.23784328408974373,scr1982,avaConv,offshore
se_2,h2096,0.24924559684507577,scr1982,avaConv,offshore
se_2,h2097,0.28299820040266915,scr1982,avaConv,offshore
se_2,h2098,0.3065739891778843,scr1982,avaConv,offshore
se_2,h2099,0.3287983369851529,scr1982,avaConv,offshore
se_2,h2100,0.31679885672545643,scr1982,avaConv,offshore
se_2,h2101,0.28969410521900013,scr1982,avaConv,offshore
se_2,h2102,0.26954417325753427,scr1982,avaConv,offshore
se_2,h2103,0.2894343786812853,scr1982,avaConv,offshore
se_2,h2104,0.35029916788489784,scr1982,avaConv,offshore
se_2,h2105,0.45521877986383436,scr1982,avaConv,offshore
se_2,h2106,0.6015429875137288,scr1982,avaConv,offshore
se_2,h2107,0.7421251436251175,scr1982,avaConv,offshore
se_2,h2108,0.8309934108822375,scr1982,avaConv,offshore
se_2,h2109,0.8403288595184719,scr1982,avaConv,offshore
se_2,h2110,0.7677555494082854,scr1982,avaConv,offshore
se_2,h2111,0.5932221147615537,scr1982,avaConv,offshore
se_2,h2112,0.38442530732377356,scr1982,avaConv,offshore
se_2,h2113,0.20404143766647584,scr1982,avaConv,offshore
se_2,h2114,0.1005686274594655,scr1982,avaConv,offshore
se_2,h2115,0.04171422575949882,scr1982,avaConv,offshore
se_2,h2116,0.011007356819700198,scr1982,avaConv,offshore
se_2,h2117,0.0013997397854767736,scr1982,avaConv,offshore
se_2,h2118,0.0,scr1982,avaConv,offshore
se_2,h2119,0.00023913970102099763,scr1982,avaConv,offshore
se_2,h2120,0.002156941746553204,scr1982,avaConv,offshore
se_2,h2121,0.015258223111861332,scr1982,avaConv,offshore
se_2,h2122,0.0588799823627573,scr1982,avaConv,offshore
se_2,h2123,0.1493708920238803,scr1982,avaConv,offshore
se_2,h2124,0.24873177892594403,scr1982,avaConv,offshore
se_2,h2125,0.33206467148436236,scr1982,avaConv,offshore
se_2,h2126,0.39758782637123236,scr1982,avaConv,offshore
se_2,h2127,0.46676667972156877,scr1982,avaConv,offshore
se_2,h2128,0.4893377596805053,scr1982,avaConv,offshore
se_2,h2129,0.44148065106702883,scr1982,avaConv,offshore
se_2,h2130,0.3156644053027197,scr1982,avaConv,offshore
se_2,h2131,0.19310162456345425,scr1982,avaConv,offshore
se_2,h2132,0.10037546107526032,scr1982,avaConv,offshore
se_2,h2133,0.06814766607689533,scr1982,avaConv,offshore
se_2,h2134,0.06797348233668561,scr1982,avaConv,offshore
se_2,h2135,0.078176848118724,scr1982,avaConv,offshore
se_2,h2136,0.07853044136621803,scr1982,avaConv,offshore
se_2,h2137,0.06741625364339196,scr1982,avaConv,offshore
se_2,h2138,0.05293691880301146,scr1982,avaConv,offshore
se_2,h2139,0.040030853043950376,scr1982,avaConv,offshore
se_2,h2140,0.031400461798187194,scr1982,avaConv,offshore
se_2,h2141,0.03681180360047435,scr1982,avaConv,offshore
se_2,h2142,0.06343137610642681,scr1982,avaConv,offshore
se_2,h2143,0.12112639221873914,scr1982,avaConv,offshore
se_2,h2144,0.19875450603636743,scr1982,avaConv,offshore
se_2,h2145,0.2667328851873059,scr1982,avaConv,offshore
se_2,h2146,0.2948662904729818,scr1982,avaConv,offshore
se_2,h2147,0.3682156659362222,scr1982,avaConv,offshore
se_2,h2148,0.46893181985926785,scr1982,avaConv,offshore
se_2,h2149,0.6249101758916703,scr1982,avaConv,offshore
se_2,h2150,0.7576748925757159,scr1982,avaConv,offshore
se_2,h2151,0.867794319561232,scr1982,avaConv,offshore
se_2,h2152,0.9356683352105185,scr1982,avaConv,offshore
se_2,h2153,0.9497862923442036,scr1982,avaConv,offshore
se_2,h2154,0.9499948602210906,scr1982,avaConv,offshore
se_2,h2155,0.9499991623746724,scr1982,avaConv,offshore
se_2,h2156,0.9499984286279172,scr1982,avaConv,offshore
se_2,h2157,0.9499934734160713,scr1982,avaConv,offshore
se_2,h2158,0.9499902075323312,scr1982,avaConv,offshore
se_2,h2159,0.949988352311801,scr1982,avaConv,offshore
se_2,h2160,0.9499128638751602,scr1982,avaConv,offshore
se_3,h1441,0.4335650321255212,scr1982,avaConv,offshore
se_3,h1442,0.3204616973914241,scr1982,avaConv,offshore
se_3,h1443,0.24331150615652855,scr1982,avaConv,offshore
se_3,h1444,0.20587414476051188,scr1982,avaConv,offshore
se_3,h1445,0.191934297908066,scr1982,avaConv,offshore
se_3,h1446,0.1865190341254951,scr1982,avaConv,offshore
se_3,h1447,0.17892916655614866,scr1982,avaConv,offshore
se_3,h1448,0.1623513814546325,scr1982,avaConv,offshore
se_3,h1449,0.1393295813678448,scr1982,avaConv,offshore
se_3,h1450,0.11584419658126839,scr1982,avaConv,offshore
se_3,h1451,0.09375047855146915,scr1982,avaConv,offshore
se_3,h1452,0.07749881300579704,scr1982,avaConv,offshore
se_3,h1453,0.05994179027495128,scr1982,avaConv,offshore
se_3,h1454,0.04119498448204419,scr1982,avaConv,offshore
se_3,h1455,0.021808493711829698,scr1982,avaConv,offshore
se_3,h1456,0.010691388657976806,scr1982,avaConv,offshore
se_3,h1457,0.006829629898804154,scr1982,avaConv,offshore
se_3,h1458,0.004294915918305003,scr1982,avaConv,offshore
se_3,h1459,0.0023011654290551278,scr1982,avaConv,offshore
se_3,h1460,0.0008452368948269688,scr1982,avaConv,offshore
se_3,h1461,0.0022376149629386396,scr1982,avaConv,offshore
se_3,h1462,0.007371598685595066,scr1982,avaConv,offshore
se_3,h1463,0.020056076417236796,scr1982,avaConv,offshore
se_3,h1464,0.0373479000400924,scr1982,avaConv,offshore
se_3,h1465,0.060567150895645294,scr1982,avaConv,offshore
se_3,h1466,0.08825272607415492,scr1982,avaConv,offshore
se_3,h1467,0.12361558635168211,scr1982,avaConv,offshore
se_3,h1468,0.15971838655616155,scr1982,avaConv,offshore
se_3,h1469,0.19662259433927254,scr1982,avaConv,offshore
se_3,h1470,0.2344598181518087,scr1982,avaConv,offshore
se_3,h1471,0.2796434154721465,scr1982,avaConv,offshore
se_3,h1472,0.3369888610323689,scr1982,avaConv,offshore
se_3,h1473,0.40140673249776715,scr1982,avaConv,offshore
se_3,h1474,0.46481932380235097,scr1982,avaConv,offshore
se_3,h1475,0.4901232267836356,scr1982,avaConv,offshore
se_3,h1476,0.516086741835747,scr1982,avaConv,offshore
se_3,h1477,0.5300033825242425,scr1982,avaConv,offshore
se_3,h1478,0.5576577489143344,scr1982,avaConv,offshore
se_3,h1479,0.5476670370346096,scr1982,avaConv,offshore
se_3,h1480,0.51534051564629,scr1982,avaConv,offshore
se_3,h1481,0.4675545910110407,scr1982,avaConv,offshore
se_3,h1482,0.43054484252793274,scr1982,avaConv,offshore
se_3,h1483,0.41479620994181915,scr1982,avaConv,offshore
se_3,h1484,0.42043798434802604,scr1982,avaConv,offshore
se_3,h1485,0.4383070641280382,scr1982,avaConv,offshore
se_3,h1486,0.47046408696300657,scr1982,avaConv,offshore
se_3,h1487,0.5081228647586017,scr1982,avaConv,offshore
se_3,h1488,0.5648035164183773,scr1982,avaConv,offshore
se_3,h1489,0.6101894809536033,scr1982,avaConv,offshore
se_3,h1490,0.6404637325363032,scr1982,avaConv,offshore
se_3,h1491,0.6325060740800118,scr1982,avaConv,offshore
se_3,h1492,0.6067717911196376,scr1982,avaConv,offshore
se_3,h1493,0.5718239955715405,scr1982,avaConv,offshore
se_3,h1494,0.5333978636800412,scr1982,avaConv,offshore
se_3,h1495,0.4844877567724976,scr1982,avaConv,offshore
se_3,h1496,0.42345322907334204,scr1982,avaConv,offshore
se_3,h1497,0.3541939428133151,scr1982,avaConv,offshore
se_3,h1498,0.2871585344157826,scr1982,avaConv,offshore
se_3,h1499,0.2319633185564966,scr1982,avaConv,offshore
se_3,h1500,0.1864536157872457,scr1982,avaConv,offshore
se_3,h1501,0.16775871108146725,scr1982,avaConv,offshore
se_3,h1502,0.16192703886505044,scr1982,avaConv,offshore
se_3,h1503,0.16570593424014576,scr1982,avaConv,offshore
se_3,h1504,0.16352177128937034,scr1982,avaConv,offshore
se_3,h1505,0.16389603824750962,scr1982,avaConv,offshore
se_3,h1506,0.17537065326428286,scr1982,avaConv,offshore
se_3,h1507,0.18375935380231745,scr1982,avaConv,offshore
se_3,h1508,0.18383228360717183,scr1982,avaConv,offshore
se_3,h1509,0.17302040023503173,scr1982,avaConv,offshore
se_3,h1510,0.16435970304758474,scr1982,avaConv,offshore
se_3,h1511,0.16914391132725107,scr1982,avaConv,offshore
se_3,h1512,0.17948448662892835,scr1982,avaConv,offshore
se_3,h1513,0.26792475367223195,scr1982,avaConv,offshore
se_3,h1514,0.36658221392625295,scr1982,avaConv,offshore
se_3,h1515,0.4853813155455898,scr1982,avaConv,offshore
se_3,h1516,0.5454865833225756,scr1982,avaConv,offshore
se_3,h1517,0.5835853614370557,scr1982,avaConv,offshore
se_3,h1518,0.5895455704290015,scr1982,avaConv,offshore
se_3,h1519,0.5710255916710694,scr1982,avaConv,offshore
se_3,h1520,0.5277084585026286,scr1982,avaConv,offshore
se_3,h1521,0.46171456119689275,scr1982,avaConv,offshore
se_3,h1522,0.3827625030168483,scr1982,avaConv,offshore
se_3,h1523,0.31544269880731307,scr1982,avaConv,offshore
se_3,h1524,0.2623582785899991,scr1982,avaConv,offshore
se_3,h1525,0.21829332170317772,scr1982,avaConv,offshore
se_3,h1526,0.1769781780300441,scr1982,avaConv,offshore
se_3,h1527,0.14900807903781485,scr1982,avaConv,offshore
se_3,h1528,0.13696854117681698,scr1982,avaConv,offshore
se_3,h1529,0.13170695866448925,scr1982,avaConv,offshore
se_3,h1530,0.12311434777484098,scr1982,avaConv,offshore
se_3,h1531,0.11211781871160723,scr1982,avaConv,offshore
se_3,h1532,0.101236270777495,scr1982,avaConv,offshore
se_3,h1533,0.09463481644919124,scr1982,avaConv,offshore
se_3,h1534,0.09500698829932913,scr1982,avaConv,offshore
se_3,h1535,0.10595522963322115,scr1982,avaConv,offshore
se_3,h1536,0.12757743815665454,scr1982,avaConv,offshore
se_3,h1537,0.14786591660712176,scr1982,avaConv,offshore
se_3,h1538,0.1576050874412964,scr1982,avaConv,offshore
se_3,h1539,0.15166945734522688,scr1982,avaConv,offshore
se_3,h1540,0.14063725546705763,scr1982,avaConv,offshore
se_3,h1541,0.14047430237500877,scr1982,avaConv,offshore
se_3,h1542,0.15975767653979772,scr1982,avaConv,offshore
se_3,h1543,0.19710463585179125,scr1982,avaConv,offshore
se_3,h1544,0.23406070915332747,scr1982,avaConv,offshore
se_3,h1545,0.25718748169599537,scr1982,avaConv,offshore
se_3,h1546,0.28077134360349687,scr1982,avaConv,offshore
se_3,h1547,0.2924560700892342,scr1982,avaConv,offshore
se_3,h1548,0.2960057860532793,scr1982,avaConv,offshore
se_3,h1549,0.27645426264740314,scr1982,avaConv,offshore
se_3,h1550,0.26774196734244976,scr1982,avaConv,offshore
se_3,h1551,0.2776804634624394,scr1982,avaConv,offshore
se_3,h1552,0.3035765633085402,scr1982,avaConv,offshore
se_3,h1553,0.32772628032421985,scr1982,avaConv,offshore
se_3,h1554,0.3405149749354835,scr1982,avaConv,offshore
se_3,h1555,0.3373499774721338,scr1982,avaConv,offshore
se_3,h1556,0.317802222015658,scr1982,avaConv,offshore
se_3,h1557,0.29100793526037866,scr1982,avaConv,offshore
se_3,h1558,0.2587902001843763,scr1982,avaConv,offshore
se_3,h1559,0.22671592440082727,scr1982,avaConv,offshore
se_3,h1560,0.19213446180967575,scr1982,avaConv,offshore
se_3,h1561,0.1565795790850921,scr1982,avaConv,offshore
se_3,h1562,0.1178564384815831,scr1982,avaConv,offshore
se_3,h1563,0.08045315479024574,scr1982,avaConv,offshore
se_3,h1564,0.04834050322304029,scr1982,avaConv,offshore
se_3,h1565,0.026954903132397956,scr1982,avaConv,offshore
se_3,h1566,0.015167050455828883,scr1982,avaConv,offshore
se_3,h1567,0.01247746046010768,scr1982,avaConv,offshore
se_3,h1568,0.021115671805010262,scr1982,avaConv,offshore
se_3,h1569,0.03685175938729173,scr1982,avaConv,offshore
se_3,h1570,0.062367838898355475,scr1982,avaConv,offshore
se_3,h1571,0.07088836244362214,scr1982,avaConv,offshore
se_3,h1572,0.07865339028885442,scr1982,avaConv,offshore
se_3,h1573,0.07768443720447901,scr1982,avaConv,offshore
se_3,h1574,0.08657607146414117,scr1982,avaConv,offshore
se_3,h1575,0.08983749206701848,scr1982,avaConv,offshore
se_3,h1576,0.10017684985502787,scr1982,avaConv,offshore
se_3,h1577,0.1274388377644239,scr1982,avaConv,offshore
se_3,h1578,0.1767170544937366,scr1982,avaConv,offshore
se_3,h1579,0.2323801544360519,scr1982,avaConv,offshore
se_3,h1580,0.28783738031614914,scr1982,avaConv,offshore
se_3,h1581,0.340026634974941,scr1982,avaConv,offshore
se_3,h1582,0.38687705394671085,scr1982,avaConv,offshore
se_3,h1583,0.43036452143081855,scr1982,avaConv,offshore
se_3,h1584,0.4297086839003114,scr1982,avaConv,offshore
se_3,h1585,0.39259848245490075,scr1982,avaConv,offshore
se_3,h1586,0.31634437560776957,scr1982,avaConv,offshore
se_3,h1587,0.24543757096584698,scr1982,avaConv,offshore
se_3,h1588,0.19608661773023225,scr1982,avaConv,offshore
se_3,h1589,0.1741622600910898,scr1982,avaConv,offshore
se_3,h1590,0.17034877371833562,scr1982,avaConv,offshore
se_3,h1591,0.16974419312726396,scr1982,avaConv,offshore
se_3,h1592,0.1686479377994977,scr1982,avaConv,offshore
se_3,h1593,0.16976207295046633,scr1982,avaConv,offshore
se_3,h1594,0.16764895151574313,scr1982,avaConv,offshore
se_3,h1595,0.1628829971867532,scr1982,avaConv,offshore
se_3,h1596,0.16076045166676703,scr1982,avaConv,offshore
se_3,h1597,0.17366862050107063,scr1982,avaConv,offshore
se_3,h1598,0.19584574564401822,scr1982,avaConv,offshore
se_3,h1599,0.2134929030150177,scr1982,avaConv,offshore
se_3,h1600,0.2130013492270092,scr1982,avaConv,offshore
se_3,h1601,0.19118872579180363,scr1982,avaConv,offshore
se_3,h1602,0.16377901749714102,scr1982,avaConv,offshore
se_3,h1603,0.13866802049602392,scr1982,avaConv,offshore
se_3,h1604,0.12453067859930987,scr1982,avaConv,offshore
se_3,h1605,0.1230018068756794,scr1982,avaConv,offshore
se_3,h1606,0.13307340075150048,scr1982,avaConv,offshore
se_3,h1607,0.15977287729505443,scr1982,avaConv,offshore
se_3,h1608,0.17146457658285333,scr1982,avaConv,offshore
se_3,h1609,0.16634825726227578,scr1982,avaConv,offshore
se_3,h1610,0.16416255642973088,scr1982,avaConv,offshore
se_3,h1611,0.17967029787025318,scr1982,avaConv,offshore
se_3,h1612,0.17966107955219676,scr1982,avaConv,offshore
se_3,h1613,0.15258093164209605,scr1982,avaConv,offshore
se_3,h1614,0.16073677294140581,scr1982,avaConv,offshore
se_3,h1615,0.2513528472958366,scr1982,avaConv,offshore
se_3,h1616,0.38614006974509885,scr1982,avaConv,offshore
se_3,h1617,0.5138354134912273,scr1982,avaConv,offshore
se_3,h1618,0.5977014300630535,scr1982,avaConv,offshore
se_3,h1619,0.5954191632454642,scr1982,avaConv,offshore
se_3,h1620,0.5431576539420202,scr1982,avaConv,offshore
se_3,h1621,0.5073909655511344,scr1982,avaConv,offshore
se_3,h1622,0.5472949147522551,scr1982,avaConv,offshore
se_3,h1623,0.6205847655782757,scr1982,avaConv,offshore
se_3,h1624,0.6859203292709287,scr1982,avaConv,offshore
se_3,h1625,0.7407592128341111,scr1982,avaConv,offshore
se_3,h1626,0.7817973313536215,scr1982,avaConv,offshore
se_3,h1627,0.8040347620705659,scr1982,avaConv,offshore
se_3,h1628,0.8086478219891284,scr1982,avaConv,offshore
se_3,h1629,0.8038683231820369,scr1982,avaConv,offshore
se_3,h1630,0.7971775675190741,scr1982,avaConv,offshore
se_3,h1631,0.7800685830343083,scr1982,avaConv,offshore
se_3,h1632,0.7570459802838326,scr1982,avaConv,offshore
se_3,h1633,0.7428360534534655,scr1982,avaConv,offshore
se_3,h1634,0.7438853339260911,scr1982,avaConv,offshore
se_3,h1635,0.7626256089065874,scr1982,avaConv,offshore
se_3,h1636,0.7661627499813463,scr1982,avaConv,offshore
se_3,h1637,0.7490879946730623,scr1982,avaConv,offshore
se_3,h1638,0.7441170967626576,scr1982,avaConv,offshore
se_3,h1639,0.757411566409809,scr1982,avaConv,offshore
se_3,h1640,0.7787012708112341,scr1982,avaConv,offshore
se_3,h1641,0.7680585840890011,scr1982,avaConv,offshore
se_3,h1642,0.7380570147873623,scr1982,avaConv,offshore
se_3,h1643,0.7141599043152724,scr1982,avaConv,offshore
se_3,h1644,0.700450318863974,scr1982,avaConv,offshore
se_3,h1645,0.7020551390135178,scr1982,avaConv,offshore
se_3,h1646,0.7201362510343794,scr1982,avaConv,offshore
se_3,h1647,0.7472269732485763,scr1982,avaConv,offshore
se_3,h1648,0.7799082332633087,scr1982,avaConv,offshore
se_3,h1649,0.802727385541798,scr1982,avaConv,offshore
se_3,h1650,0.8189211177275485,scr1982,avaConv,offshore
se_3,h1651,0.8230725043750499,scr1982,avaConv,offshore
se_3,h1652,0.8214519378975287,scr1982,avaConv,offshore
se_3,h1653,0.8049708836611749,scr1982,avaConv,offshore
se_3,h1654,0.7795549834296248,scr1982,avaConv,offshore
se_3,h1655,0.7323124639765506,scr1982,avaConv,offshore
se_3,h1656,0.6709175203286378,scr1982,avaConv,offshore
se_3,h1657,0.5720087888831604,scr1982,avaConv,offshore
se_3,h1658,0.4682234846561827,scr1982,avaConv,offshore
se_3,h1659,0.3736080987677092,scr1982,avaConv,offshore
se_3,h1660,0.3274980515731837,scr1982,avaConv,offshore
se_3,h1661,0.31693675797620197,scr1982,avaConv,offshore
se_3,h1662,0.3351036380593689,scr1982,avaConv,offshore
se_3,h1663,0.37479595577369507,scr1982,avaConv,offshore
se_3,h1664,0.4204840588007635,scr1982,avaConv,offshore
se_3,h1665,0.43854340315754287,scr1982,avaConv,offshore
se_3,h1666,0.4037766167027794,scr1982,avaConv,offshore
se_3,h1667,0.35929034832751333,scr1982,avaConv,offshore
se_3,h1668,0.3115738491859513,scr1982,avaConv,offshore
se_3,h1669,0.2913320130411428,scr1982,avaConv,offshore
se_3,h1670,0.27476980488684183,scr1982,avaConv,offshore
se_3,h1671,0.2964113994336049,scr1982,avaConv,offshore
se_3,h1672,0.3499319706456291,scr1982,avaConv,offshore
se_3,h1673,0.41339046173112004,scr1982,avaConv,offshore
se_3,h1674,0.4740227723116605,scr1982,avaConv,offshore
se_3,h1675,0.5364736519441003,scr1982,avaConv,offshore
se_3,h1676,0.6093669926152242,scr1982,avaConv,offshore
se_3,h1677,0.6824761553233593,scr1982,avaConv,offshore
se_3,h1678,0.7234889067321068,scr1982,avaConv,offshore
se_3,h1679,0.7376154313585337,scr1982,avaConv,offshore
se_3,h1680,0.7349696260774491,scr1982,avaConv,offshore
se_3,h1681,0.5430948563198869,scr1982,avaConv,offshore
se_3,h1682,0.33368485333032777,scr1982,avaConv,offshore
se_3,h1683,0.09092502511036409,scr1982,avaConv,offshore
se_3,h1684,0.09464098235981658,scr1982,avaConv,offshore
se_3,h1685,0.09557695499831367,scr1982,avaConv,offshore
se_3,h1686,0.09222758362512548,scr1982,avaConv,offshore
se_3,h1687,0.08788109664850705,scr1982,avaConv,offshore
se_3,h1688,0.09151935261470102,scr1982,avaConv,offshore
se_3,h1689,0.10529730428717224,scr1982,avaConv,offshore
se_3,h1690,0.1216691158414619,scr1982,avaConv,offshore
se_3,h1691,0.11592134828453825,scr1982,avaConv,offshore
se_3,h1692,0.10233813881014024,scr1982,avaConv,offshore
se_3,h1693,0.08276507442998815,scr1982,avaConv,offshore
se_3,h1694,0.07609052129668871,scr1982,avaConv,offshore
se_3,h1695,0.06476425423832578,scr1982,avaConv,offshore
se_3,h1696,0.05482718711780483,scr1982,avaConv,offshore
se_3,h1697,0.05118841710706912,scr1982,avaConv,offshore
se_3,h1698,0.05318167671798269,scr1982,avaConv,offshore
se_3,h1699,0.05427828053845344,scr1982,avaConv,offshore
se_3,h1700,0.05349756593256155,scr1982,avaConv,offshore
se_3,h1701,0.050487672809749,scr1982,avaConv,offshore
se_3,h1702,0.04784438870050037,scr1982,avaConv,offshore
se_3,h1703,0.0456239486676836,scr1982,avaConv,offshore
se_3,h1704,0.044131550656936844,scr1982,avaConv,offshore
se_3,h1705,0.040846511699439,scr1982,avaConv,offshore
se_3,h1706,0.03703076591481298,scr1982,avaConv,offshore
se_3,h1707,0.045981181751348445,scr1982,avaConv,offshore
se_3,h1708,0.07258150493773935,scr1982,avaConv,offshore
se_3,h1709,0.10820449404253422,scr1982,avaConv,offshore
se_3,h1710,0.13770493181204296,scr1982,avaConv,offshore
se_3,h1711,0.15760842267210842,scr1982,avaConv,offshore
se_3,h1712,0.17325283436546438,scr1982,avaConv,offshore
se_3,h1713,0.18613373353191645,scr1982,avaConv,offshore
se_3,h1714,0.18939162934353174,scr1982,avaConv,offshore
se_3,h1715,0.1735327588939836,scr1982,avaConv,offshore
se_3,h1716,0.14313538868304815,scr1982,avaConv,offshore
se_3,h1717,0.11253598879683759,scr1982,avaConv,offshore
se_3,h1718,0.1001372095363107,scr1982,avaConv,offshore
se_3,h1719,0.1130062135426642,scr1982,avaConv,offshore
se_3,h1720,0.1469208261208491,scr1982,avaConv,offshore
se_3,h1721,0.19243796256489465,scr1982,avaConv,offshore
se_3,h1722,0.24558014407984471,scr1982,avaConv,offshore
se_3,h1723,0.2989198871249845,scr1982,avaConv,offshore
se_3,h1724,0.34118142917767486,scr1982,avaConv,offshore
se_3,h1725,0.35592135234676664,scr1982,avaConv,offshore
se_3,h1726,0.34542382079405104,scr1982,avaConv,offshore
se_3,h1727,0.331785343540933,scr1982,avaConv,offshore
se_3,h1728,0.31985327379507117,scr1982,avaConv,offshore
se_3,h1729,0.30259059804341876,scr1982,avaConv,offshore
se_3,h1730,0.2618973979233521,scr1982,avaConv,offshore
se_3,h1731,0.20935834070653372,scr1982,avaConv,offshore
se_3,h1732,0.16417717392446857,scr1982,avaConv,offshore
se_3,h1733,0.15330668083120844,scr1982,avaConv,offshore
se_3,h1734,0.182894430625229,scr1982,avaConv,offshore
se_3,h1735,0.22562555350255678,scr1982,avaConv,offshore
se_3,h1736,0.24936504835414117,scr1982,avaConv,offshore
se_3,h1737,0.24358139589356234,scr1982,avaConv,offshore
se_3,h1738,0.2241580897847684,scr1982,avaConv,offshore
se_3,h1739,0.18982838091080187,scr1982,avaConv,offshore
se_3,h1740,0.15254725974049924,scr1982,avaConv,offshore
se_3,h1741,0.10791190293177101,scr1982,avaConv,offshore
se_3,h1742,0.0782210313453841,scr1982,avaConv,offshore
se_3,h1743,0.06462148746888735,scr1982,avaConv,offshore
se_3,h1744,0.08269194317043516,scr1982,avaConv,offshore
se_3,h1745,0.12886009658231787,scr1982,avaConv,offshore
se_3,h1746,0.18888188091408822,scr1982,avaConv,offshore
se_3,h1747,0.23562353963211852,scr1982,avaConv,offshore
se_3,h1748,0.25625398308876773,scr1982,avaConv,offshore
se_3,h1749,0.24835353440464858,scr1982,avaConv,offshore
se_3,h1750,0.22705454428120384,scr1982,avaConv,offshore
se_3,h1751,0.2017885709765163,scr1982,avaConv,offshore
se_3,h1752,0.17558898245399399,scr1982,avaConv,offshore
se_3,h1753,0.1498204871530495,scr1982,avaConv,offshore
se_3,h1754,0.12362276311571026,scr1982,avaConv,offshore
se_3,h1755,0.10046468179658338,scr1982,avaConv,offshore
se_3,h1756,0.07414376154048455,scr1982,avaConv,offshore
se_3,h1757,0.048263826823389394,scr1982,avaConv,offshore
se_3,h1758,0.024172002019727815,scr1982,avaConv,offshore
se_3,h1759,0.010604936288288423,scr1982,avaConv,offshore
se_3,h1760,0.00953499415457395,scr1982,avaConv,offshore
se_3,h1761,0.01831136317416777,scr1982,avaConv,offshore
se_3,h1762,0.03160586238147701,scr1982,avaConv,offshore
se_3,h1763,0.04689108915898342,scr1982,avaConv,offshore
se_3,h1764,0.05421326657022777,scr1982,avaConv,offshore
se_3,h1765,0.0537661162083401,scr1982,avaConv,offshore
se_3,h1766,0.04621199052544523,scr1982,avaConv,offshore
se_3,h1767,0.041308393222979536,scr1982,avaConv,offshore
se_3,h1768,0.039465468706294554,scr1982,avaConv,offshore
se_3,h1769,0.03858621078233395,scr1982,avaConv,offshore
se_3,h1770,0.03768883337135444,scr1982,avaConv,offshore
se_3,h1771,0.0372174683604633,scr1982,avaConv,offshore
se_3,h1772,0.03891015568139699,scr1982,avaConv,offshore
se_3,h1773,0.04010213043924857,scr1982,avaConv,offshore
se_3,h1774,0.04079250092066719,scr1982,avaConv,offshore
se_3,h1775,0.043479008373220634,scr1982,avaConv,offshore
se_3,h1776,0.05140315664969677,scr1982,avaConv,offshore
se_3,h1777,0.05874277535870958,scr1982,avaConv,offshore
se_3,h1778,0.05949184255954681,scr1982,avaConv,offshore
se_3,h1779,0.052087985784601665,scr1982,avaConv,offshore
se_3,h1780,0.04300987708395007,scr1982,avaConv,offshore
se_3,h1781,0.041394138271319963,scr1982,avaConv,offshore
se_3,h1782,0.046519249482943066,scr1982,avaConv,offshore
se_3,h1783,0.05523171613158587,scr1982,avaConv,offshore
se_3,h1784,0.05981959484597676,scr1982,avaConv,offshore
se_3,h1785,0.05807566141684199,scr1982,avaConv,offshore
se_3,h1786,0.05273463844302803,scr1982,avaConv,offshore
se_3,h1787,0.042724575720822514,scr1982,avaConv,offshore
se_3,h1788,0.040384024590842504,scr1982,avaConv,offshore
se_3,h1789,0.04692685167016009,scr1982,avaConv,offshore
se_3,h1790,0.06368161811144694,scr1982,avaConv,offshore
se_3,h1791,0.08470588506762913,scr1982,avaConv,offshore
se_3,h1792,0.11115127575734461,scr1982,avaConv,offshore
se_3,h1793,0.14204492879846428,scr1982,avaConv,offshore
se_3,h1794,0.1697970064887222,scr1982,avaConv,offshore
se_3,h1795,0.1864633435472657,scr1982,avaConv,offshore
se_3,h1796,0.20082134471371602,scr1982,avaConv,offshore
se_3,h1797,0.22195241984811326,scr1982,avaConv,offshore
se_3,h1798,0.2531185524945006,scr1982,avaConv,offshore
se_3,h1799,0.2918822483458576,scr1982,avaConv,offshore
se_3,h1800,0.3277712824696786,scr1982,avaConv,offshore
se_3,h1801,0.3534653321058398,scr1982,avaConv,offshore
se_3,h1802,0.35496474620753976,scr1982,avaConv,offshore
se_3,h1803,0.3258749165715911,scr1982,avaConv,offshore
se_3,h1804,0.2760431690535278,scr1982,avaConv,offshore
se_3,h1805,0.22457443092174906,scr1982,avaConv,offshore
se_3,h1806,0.187789556397456,scr1982,avaConv,offshore
se_3,h1807,0.16369189881705032,scr1982,avaConv,offshore
se_3,h1808,0.14206340096857512,scr1982,avaConv,offshore
se_3,h1809,0.12087091092920767,scr1982,avaConv,offshore
se_3,h1810,0.10493156483524624,scr1982,avaConv,offshore
se_3,h1811,0.08516949546750303,scr1982,avaConv,offshore
se_3,h1812,0.07975300928678176,scr1982,avaConv,offshore
se_3,h1813,0.09188595058534565,scr1982,avaConv,offshore
se_3,h1814,0.12683263452332985,scr1982,avaConv,offshore
se_3,h1815,0.15885742422041402,scr1982,avaConv,offshore
se_3,h1816,0.1731671277371608,scr1982,avaConv,offshore
se_3,h1817,0.17182652071281435,scr1982,avaConv,offshore
se_3,h1818,0.16420418411413729,scr1982,avaConv,offshore
se_3,h1819,0.1648988686047781,scr1982,avaConv,offshore
se_3,h1820,0.1732763311946455,scr1982,avaConv,offshore
se_3,h1821,0.1807759800808869,scr1982,avaConv,offshore
se_3,h1822,0.18144978735983164,scr1982,avaConv,offshore
se_3,h1823,0.1705370862635289,scr1982,avaConv,offshore
se_3,h1824,0.15406501218400379,scr1982,avaConv,offshore
se_3,h1825,0.13185508185877276,scr1982,avaConv,offshore
se_3,h1826,0.10780616545119798,scr1982,avaConv,offshore
se_3,h1827,0.0833146358917148,scr1982,avaConv,offshore
se_3,h1828,0.061748987248887145,scr1982,avaConv,offshore
se_3,h1829,0.05053348275947302,scr1982,avaConv,offshore
se_3,h1830,0.048179583626170634,scr1982,avaConv,offshore
se_3,h1831,0.0536637005870461,scr1982,avaConv,offshore
se_3,h1832,0.06171828098696344,scr1982,avaConv,offshore
se_3,h1833,0.0694776434465612,scr1982,avaConv,offshore
se_3,h1834,0.07880869387987853,scr1982,avaConv,offshore
se_3,h1835,0.083566985165623,scr1982,avaConv,offshore
se_3,h1836,0.08550397862197624,scr1982,avaConv,offshore
se_3,h1837,0.07772735254904027,scr1982,avaConv,offshore
se_3,h1838,0.06788588329931375,scr1982,avaConv,offshore
se_3,h1839,0.05522444348321744,scr1982,avaConv,offshore
se_3,h1840,0.045678261439788544,scr1982,avaConv,offshore
se_3,h1841,0.03889128044446792,scr1982,avaConv,offshore
se_3,h1842,0.03786446107465227,scr1982,avaConv,offshore
se_3,h1843,0.04353234027542418,scr1982,avaConv,offshore
se_3,h1844,0.058203188896223564,scr1982,avaConv,offshore
se_3,h1845,0.078813405967309,scr1982,avaConv,offshore
se_3,h1846,0.09679605812387798,scr1982,avaConv,offshore
se_3,h1847,0.10559553002515729,scr1982,avaConv,offshore
se_3,h1848,0.10375617514746857,scr1982,avaConv,offshore
se_3,h1849,0.38256580705367815,scr1982,avaConv,offshore
se_3,h1850,0.6049411355094432,scr1982,avaConv,offshore
se_3,h1851,0.7946329737818101,scr1982,avaConv,offshore
se_3,h1852,0.7404012002977532,scr1982,avaConv,offshore
se_3,h1853,0.6924546030623092,scr1982,avaConv,offshore
se_3,h1854,0.6471487713882432,scr1982,avaConv,offshore
se_3,h1855,0.6087426935174021,scr1982,avaConv,offshore
se_3,h1856,0.5840014009297446,scr1982,avaConv,offshore
se_3,h1857,0.5919425099402373,scr1982,avaConv,offshore
se_3,h1858,0.6229856111128359,scr1982,avaConv,offshore
se_3,h1859,0.6207425465173237,scr1982,avaConv,offshore
se_3,h1860,0.6424825679305199,scr1982,avaConv,offshore
se_3,h1861,0.6880637310718013,scr1982,avaConv,offshore
se_3,h1862,0.7649716199218347,scr1982,avaConv,offshore
se_3,h1863,0.7868358501314099,scr1982,avaConv,offshore
se_3,h1864,0.7692890219083205,scr1982,avaConv,offshore
se_3,h1865,0.7438701190306392,scr1982,avaConv,offshore
se_3,h1866,0.7151042339085403,scr1982,avaConv,offshore
se_3,h1867,0.6906552781707287,scr1982,avaConv,offshore
se_3,h1868,0.6618562651277404,scr1982,avaConv,offshore
se_3,h1869,0.6628607815082936,scr1982,avaConv,offshore
se_3,h1870,0.6766458229699809,scr1982,avaConv,offshore
se_3,h1871,0.6742588681831836,scr1982,avaConv,offshore
se_3,h1872,0.6791574288241281,scr1982,avaConv,offshore
se_3,h1873,0.6856340364921347,scr1982,avaConv,offshore
se_3,h1874,0.7234575760025823,scr1982,avaConv,offshore
se_3,h1875,0.7447193849102093,scr1982,avaConv,offshore
se_3,h1876,0.7470366122560361,scr1982,avaConv,offshore
se_3,h1877,0.7451832590504401,scr1982,avaConv,offshore
se_3,h1878,0.7519036644822581,scr1982,avaConv,offshore
se_3,h1879,0.7751746654033813,scr1982,avaConv,offshore
se_3,h1880,0.8005562093479719,scr1982,avaConv,offshore
se_3,h1881,0.8184128379552531,scr1982,avaConv,offshore
se_3,h1882,0.8256948222458683,scr1982,avaConv,offshore
se_3,h1883,0.8157702384515878,scr1982,avaConv,offshore
se_3,h1884,0.80853058865666,scr1982,avaConv,offshore
se_3,h1885,0.8054918367072655,scr1982,avaConv,offshore
se_3,h1886,0.8104318293582199,scr1982,avaConv,offshore
se_3,h1887,0.8057289748575166,scr1982,avaConv,offshore
se_3,h1888,0.7962767460967612,scr1982,avaConv,offshore
se_3,h1889,0.7952867757054897,scr1982,avaConv,offshore
se_3,h1890,0.7942540737476287,scr1982,avaConv,offshore
se_3,h1891,0.7873827483743802,scr1982,avaConv,offshore
se_3,h1892,0.7675905782670173,scr1982,avaConv,offshore
se_3,h1893,0.7473340931284039,scr1982,avaConv,offshore
se_3,h1894,0.7374952891578419,scr1982,avaConv,offshore
se_3,h1895,0.7382739411820443,scr1982,avaConv,offshore
se_3,h1896,0.7012253423846974,scr1982,avaConv,offshore
se_3,h1897,0.6149080426398116,scr1982,avaConv,offshore
se_3,h1898,0.5054705880864399,scr1982,avaConv,offshore
se_3,h1899,0.4492265494970967,scr1982,avaConv,offshore
se_3,h1900,0.4522102469053097,scr1982,avaConv,offshore
se_3,h1901,0.4779982997908141,scr1982,avaConv,offshore
se_3,h1902,0.5043255544773133,scr1982,avaConv,offshore
se_3,h1903,0.5139126686173747,scr1982,avaConv,offshore
se_3,h1904,0.5122513207846511,scr1982,avaConv,offshore
se_3,h1905,0.5129244295292839,scr1982,avaConv,offshore
se_3,h1906,0.5413041223460386,scr1982,avaConv,offshore
se_3,h1907,0.5807827862555178,scr1982,avaConv,offshore
se_3,h1908,0.619803616803896,scr1982,avaConv,offshore
se_3,h1909,0.6497724191515276,scr1982,avaConv,offshore
se_3,h1910,0.6867128620888537,scr1982,avaConv,offshore
se_3,h1911,0.7155036516277209,scr1982,avaConv,offshore
se_3,h1912,0.722244696620878,scr1982,avaConv,offshore
se_3,h1913,0.7090695464368397,scr1982,avaConv,offshore
se_3,h1914,0.6801235424458546,scr1982,avaConv,offshore
se_3,h1915,0.651508180933864,scr1982,avaConv,offshore
se_3,h1916,0.6170685520770958,scr1982,avaConv,offshore
se_3,h1917,0.5784912852931127,scr1982,avaConv,offshore
se_3,h1918,0.528928633448453,scr1982,avaConv,offshore
se_3,h1919,0.4906629301770358,scr1982,avaConv,offshore
se_3,h1920,0.44434137621626707,scr1982,avaConv,offshore
se_3,h1921,0.3961223406381609,scr1982,avaConv,offshore
se_3,h1922,0.32963208668210603,scr1982,avaConv,offshore
se_3,h1923,0.2665598246483452,scr1982,avaConv,offshore
se_3,h1924,0.21474320681476874,scr1982,avaConv,offshore
se_3,h1925,0.1743151948032746,scr1982,avaConv,offshore
se_3,h1926,0.154558994195462,scr1982,avaConv,offshore
se_3,h1927,0.15255478296796074,scr1982,avaConv,offshore
se_3,h1928,0.17227925863666252,scr1982,avaConv,offshore
se_3,h1929,0.2079884377187377,scr1982,avaConv,offshore
se_3,h1930,0.2596532350099125,scr1982,avaConv,offshore
se_3,h1931,0.33027587999314617,scr1982,avaConv,offshore
se_3,h1932,0.4128283243073445,scr1982,avaConv,offshore
se_3,h1933,0.5028326368052177,scr1982,avaConv,offshore
se_3,h1934,0.5926468534961685,scr1982,avaConv,offshore
se_3,h1935,0.6841812206358611,scr1982,avaConv,offshore
se_3,h1936,0.7449699649757303,scr1982,avaConv,offshore
se_3,h1937,0.769960162415765,scr1982,avaConv,offshore
se_3,h1938,0.7479810836415317,scr1982,avaConv,offshore
se_3,h1939,0.7136344466058937,scr1982,avaConv,offshore
se_3,h1940,0.6809257245885203,scr1982,avaConv,offshore
se_3,h1941,0.6544286517891722,scr1982,avaConv,offshore
se_3,h1942,0.6236413491097029,scr1982,avaConv,offshore
se_3,h1943,0.5669697826937362,scr1982,avaConv,offshore
se_3,h1944,0.5097394800734838,scr1982,avaConv,offshore
se_3,h1945,0.45644753767795443,scr1982,avaConv,offshore
se_3,h1946,0.42046787819057047,scr1982,avaConv,offshore
se_3,h1947,0.3887196053510194,scr1982,avaConv,offshore
se_3,h1948,0.3699454103724344,scr1982,avaConv,offshore
se_3,h1949,0.3606443758704484,scr1982,avaConv,offshore
se_3,h1950,0.3572351746730256,scr1982,avaConv,offshore
se_3,h1951,0.363378212444737,scr1982,avaConv,offshore
se_3,h1952,0.3839022602053539,scr1982,avaConv,offshore
se_3,h1953,0.40622116593216856,scr1982,avaConv,offshore
se_3,h1954,0.4170173100139543,scr1982,avaConv,offshore
se_3,h1955,0.41846606084479204,scr1982,avaConv,offshore
se_3,h1956,0.4120360311898348,scr1982,avaConv,offshore
se_3,h1957,0.41889269583781197,scr1982,avaConv,offshore
se_3,h1958,0.4354646585180291,scr1982,avaConv,offshore
se_3,h1959,0.47308741270391,scr1982,avaConv,offshore
se_3,h1960,0.521713175608112,scr1982,avaConv,offshore
se_3,h1961,0.5643932072217445,scr1982,avaConv,offshore
se_3,h1962,0.5958657566726018,scr1982,avaConv,offshore
se_3,h1963,0.605594699529944,scr1982,avaConv,offshore
se_3,h1964,0.601028889846436,scr1982,avaConv,offshore
se_3,h1965,0.5800023002310067,scr1982,avaConv,offshore
se_3,h1966,0.5494074213613536,scr1982,avaConv,offshore
se_3,h1967,0.5399186069913313,scr1982,avaConv,offshore
se_3,h1968,0.5072687888223908,scr1982,avaConv,offshore
se_3,h1969,0.46106140735699735,scr1982,avaConv,offshore
se_3,h1970,0.389264210513653,scr1982,avaConv,offshore
se_3,h1971,0.34987222142925106,scr1982,avaConv,offshore
se_3,h1972,0.32945068503263925,scr1982,avaConv,offshore
se_3,h1973,0.33105741569773034,scr1982,avaConv,offshore
se_3,h1974,0.35955663509749625,scr1982,avaConv,offshore
se_3,h1975,0.4171837411169478,scr1982,avaConv,offshore
se_3,h1976,0.490245403852783,scr1982,avaConv,offshore
se_3,h1977,0.5543480225678248,scr1982,avaConv,offshore
se_3,h1978,0.6061333366958299,scr1982,avaConv,offshore
se_3,h1979,0.639981678305589,scr1982,avaConv,offshore
se_3,h1980,0.6981371630038776,scr1982,avaConv,offshore
se_3,h1981,0.7724199526646269,scr1982,avaConv,offshore
se_3,h1982,0.8466849697050055,scr1982,avaConv,offshore
se_3,h1983,0.8876379620086545,scr1982,avaConv,offshore
se_3,h1984,0.8928854507521785,scr1982,avaConv,offshore
se_3,h1985,0.8851603717321093,scr1982,avaConv,offshore
se_3,h1986,0.8620132484571915,scr1982,avaConv,offshore
se_3,h1987,0.8325455168162774,scr1982,avaConv,offshore
se_3,h1988,0.789760957199773,scr1982,avaConv,offshore
se_3,h1989,0.7448187586717825,scr1982,avaConv,offshore
se_3,h1990,0.6940439459798227,scr1982,avaConv,offshore
se_3,h1991,0.6379696919382062,scr1982,avaConv,offshore
se_3,h1992,0.5822518362091756,scr1982,avaConv,offshore
se_3,h1993,0.5419330723637202,scr1982,avaConv,offshore
se_3,h1994,0.5121879464084419,scr1982,avaConv,offshore
se_3,h1995,0.47189655785947643,scr1982,avaConv,offshore
se_3,h1996,0.41643778070470316,scr1982,avaConv,offshore
se_3,h1997,0.37438000090136414,scr1982,avaConv,offshore
se_3,h1998,0.36490055538521277,scr1982,avaConv,offshore
se_3,h1999,0.37044731173017204,scr1982,avaConv,offshore
se_3,h2000,0.36569735856908353,scr1982,avaConv,offshore
se_3,h2001,0.3439740980727556,scr1982,avaConv,offshore
se_3,h2002,0.32518055001648005,scr1982,avaConv,offshore
se_3,h2003,0.300252581946305,scr1982,avaConv,offshore
se_3,h2004,0.2805466063131961,scr1982,avaConv,offshore
se_3,h2005,0.2711518739490112,scr1982,avaConv,offshore
se_3,h2006,0.2848518824096673,scr1982,avaConv,offshore
se_3,h2007,0.3139967522867559,scr1982,avaConv,offshore
se_3,h2008,0.3519422477920765,scr1982,avaConv,offshore
se_3,h2009,0.4041052972706216,scr1982,avaConv,offshore
se_3,h2010,0.4634973858443083,scr1982,avaConv,offshore
se_3,h2011,0.5314143360735588,scr1982,avaConv,offshore
se_3,h2012,0.5869760896945179,scr1982,avaConv,offshore
se_3,h2013,0.6348699148661459,scr1982,avaConv,offshore
se_3,h2014,0.6660021971218131,scr1982,avaConv,offshore
se_3,h2015,0.6979650036098318,scr1982,avaConv,offshore
se_3,h2016,0.7315192933692795,scr1982,avaConv,offshore
se_3,h2017,0.6334515059287312,scr1982,avaConv,offshore
se_3,h2018,0.4938014606154541,scr1982,avaConv,offshore
se_3,h2019,0.29888299855712996,scr1982,avaConv,offshore
se_3,h2020,0.21885965810455293,scr1982,avaConv,offshore
se_3,h2021,0.15619387977583743,scr1982,avaConv,offshore
se_3,h2022,0.12049459421714317,scr1982,avaConv,offshore
se_3,h2023,0.10585583562023887,scr1982,avaConv,offshore
se_3,h2024,0.11245403741537874,scr1982,avaConv,offshore
se_3,h2025,0.1263060136253154,scr1982,avaConv,offshore
se_3,h2026,0.13029682849161944,scr1982,avaConv,offshore
se_3,h2027,0.12331528609108344,scr1982,avaConv,offshore
se_3,h2028,0.11972468755695716,scr1982,avaConv,offshore
se_3,h2029,0.13154277449371773,scr1982,avaConv,offshore
se_3,h2030,0.1564516900079974,scr1982,avaConv,offshore
se_3,h2031,0.18590208648593498,scr1982,avaConv,offshore
se_3,h2032,0.21461400315764761,scr1982,avaConv,offshore
se_3,h2033,0.24398426709076718,scr1982,avaConv,offshore
se_3,h2034,0.27452323174780247,scr1982,avaConv,offshore
se_3,h2035,0.30862556613338377,scr1982,avaConv,offshore
se_3,h2036,0.33457264274336596,scr1982,avaConv,offshore
se_3,h2037,0.35313369838802044,scr1982,avaConv,offshore
se_3,h2038,0.3683094372802306,scr1982,avaConv,offshore
se_3,h2039,0.3837841503628208,scr1982,avaConv,offshore
se_3,h2040,0.41832909195631895,scr1982,avaConv,offshore
se_3,h2041,0.46722363600783084,scr1982,avaConv,offshore
se_3,h2042,0.5378918045465283,scr1982,avaConv,offshore
se_3,h2043,0.6037713852082116,scr1982,avaConv,offshore
se_3,h2044,0.6674767035545512,scr1982,avaConv,offshore
se_3,h2045,0.7144437242628915,scr1982,avaConv,offshore
se_3,h2046,0.7543570251409217,scr1982,avaConv,offshore
se_3,h2047,0.775248849990297,scr1982,avaConv,offshore
se_3,h2048,0.7900119012990076,scr1982,avaConv,offshore
se_3,h2049,0.8039330970450163,scr1982,avaConv,offshore
se_3,h2050,0.8276195100434696,scr1982,avaConv,offshore
se_3,h2051,0.8519226750093255,scr1982,avaConv,offshore
se_3,h2052,0.8660262030735436,scr1982,avaConv,offshore
se_3,h2053,0.8684906448268689,scr1982,avaConv,offshore
se_3,h2054,0.8656239511892588,scr1982,avaConv,offshore
se_3,h2055,0.8590983976321942,scr1982,avaConv,offshore
se_3,h2056,0.8452131424370982,scr1982,avaConv,offshore
se_3,h2057,0.818535196649226,scr1982,avaConv,offshore
se_3,h2058,0.7781792742688179,scr1982,avaConv,offshore
se_3,h2059,0.7256005066358728,scr1982,avaConv,offshore
se_3,h2060,0.671883903113458,scr1982,avaConv,offshore
se_3,h2061,0.6331533151802917,scr1982,avaConv,offshore
se_3,h2062,0.6364155947891138,scr1982,avaConv,offshore
se_3,h2063,0.681328407819049,scr1982,avaConv,offshore
se_3,h2064,0.7360619772982772,scr1982,avaConv,offshore
se_3,h2065,0.7517841288900277,scr1982,avaConv,offshore
se_3,h2066,0.7199946593152813,scr1982,avaConv,offshore
se_3,h2067,0.6571721793510524,scr1982,avaConv,offshore
se_3,h2068,0.5854343293617726,scr1982,avaConv,offshore
se_3,h2069,0.5090045655831412,scr1982,avaConv,offshore
se_3,h2070,0.43208608077383476,scr1982,avaConv,offshore
se_3,h2071,0.3666922624016298,scr1982,avaConv,offshore
se_3,h2072,0.31692811419944744,scr1982,avaConv,offshore
se_3,h2073,0.2732937024297067,scr1982,avaConv,offshore
se_3,h2074,0.22018959197422872,scr1982,avaConv,offshore
se_3,h2075,0.16560530377570118,scr1982,avaConv,offshore
se_3,h2076,0.11865849516224862,scr1982,avaConv,offshore
se_3,h2077,0.09250815625201814,scr1982,avaConv,offshore
se_3,h2078,0.0835953573602178,scr1982,avaConv,offshore
se_3,h2079,0.10231700462061744,scr1982,avaConv,offshore
se_3,h2080,0.14048113644373753,scr1982,avaConv,offshore
se_3,h2081,0.18226905554019063,scr1982,avaConv,offshore
se_3,h2082,0.21432065700212502,scr1982,avaConv,offshore
se_3,h2083,0.23874921279830977,scr1982,avaConv,offshore
se_3,h2084,0.2558816857428687,scr1982,avaConv,offshore
se_3,h2085,0.28481502409305653,scr1982,avaConv,offshore
se_3,h2086,0.3234913185184679,scr1982,avaConv,offshore
se_3,h2087,0.37256573946014343,scr1982,avaConv,offshore
se_3,h2088,0.40634636657048545,scr1982,avaConv,offshore
se_3,h2089,0.4263626202878072,scr1982,avaConv,offshore
se_3,h2090,0.4326262969926537,scr1982,avaConv,offshore
se_3,h2091,0.4253248439953595,scr1982,avaConv,offshore
se_3,h2092,0.4165465948296477,scr1982,avaConv,offshore
se_3,h2093,0.4225715482750086,scr1982,avaConv,offshore
se_3,h2094,0.4723389846368841,scr1982,avaConv,offshore
se_3,h2095,0.5512943584680615,scr1982,avaConv,offshore
se_3,h2096,0.6307744766518814,scr1982,avaConv,offshore
se_3,h2097,0.6891718141788994,scr1982,avaConv,offshore
se_3,h2098,0.7184511390336734,scr1982,avaConv,offshore
se_3,h2099,0.6930340972222183,scr1982,avaConv,offshore
se_3,h2100,0.6305513252011838,scr1982,avaConv,offshore
se_3,h2101,0.558885332743483,scr1982,avaConv,offshore
se_3,h2102,0.5185562303575363,scr1982,avaConv,offshore
se_3,h2103,0.5072042811121741,scr1982,avaConv,offshore
se_3,h2104,0.5064507222977672,scr1982,avaConv,offshore
se_3,h2105,0.5135407758367575,scr1982,avaConv,offshore
se_3,h2106,0.5203644040907651,scr1982,avaConv,offshore
se_3,h2107,0.5474932370539185,scr1982,avaConv,offshore
se_3,h2108,0.5887069601718541,scr1982,avaConv,offshore
se_3,h2109,0.6136170540932577,scr1982,avaConv,offshore
se_3,h2110,0.5948167336064923,scr1982,avaConv,offshore
se_3,h2111,0.5844440783198689,scr1982,avaConv,offshore
se_3,h2112,0.5746744744646755,scr1982,avaConv,offshore
se_3,h2113,0.5417386100347225,scr1982,avaConv,offshore
se_3,h2114,0.43405375275551344,scr1982,avaConv,offshore
se_3,h2115,0.3089402493607594,scr1982,avaConv,offshore
se_3,h2116,0.22601318596517905,scr1982,avaConv,offshore
se_3,h2117,0.19583957369555977,scr1982,avaConv,offshore
se_3,h2118,0.19006970961150393,scr1982,avaConv,offshore
se_3,h2119,0.1855670109943382,scr1982,avaConv,offshore
se_3,h2120,0.18985524006858914,scr1982,avaConv,offshore
se_3,h2121,0.2112722349636807,scr1982,avaConv,offshore
se_3,h2122,0.24442656312962485,scr1982,avaConv,offshore
se_3,h2123,0.2967713029864285,scr1982,avaConv,offshore
se_3,h2124,0.3614658797794588,scr1982,avaConv,offshore
se_3,h2125,0.43251062843074434,scr1982,avaConv,offshore
se_3,h2126,0.5015841191999496,scr1982,avaConv,offshore
se_3,h2127,0.5693929437699288,scr1982,avaConv,offshore
se_3,h2128,0.6329791177809161,scr1982,avaConv,offshore
se_3,h2129,0.6866428950816351,scr1982,avaConv,offshore
se_3,h2130,0.7225735747948507,scr1982,avaConv,offshore
se_3,h2131,0.7478395120338232,scr1982,avaConv,offshore
se_3,h2132,0.7617047344012693,scr1982,avaConv,offshore
se_3,h2133,0.7672838520371148,scr1982,avaConv,offshore
se_3,h2134,0.7599402216207983,scr1982,avaConv,offshore
se_3,h2135,0.7734310221172651,scr1982,avaConv,offshore
se_3,h2136,0.7841660114258112,scr1982,avaConv,offshore
se_3,h2137,0.794019166981289,scr1982,avaConv,offshore
se_3,h2138,0.7665378042667407,scr1982,avaConv,offshore
se_3,h2139,0.7182583357389225,scr1982,avaConv,offshore
se_3,h2140,0.6698372730717043,scr1982,avaConv,offshore
se_3,h2141,0.6394538561749796,scr1982,avaConv,offshore
se_3,h2142,0.6389015336365319,scr1982,avaConv,offshore
se_3,h2143,0.6497104669610958,scr1982,avaConv,offshore
se_3,h2144,0.6544838519700248,scr1982,avaConv,offshore
se_3,h2145,0.6570133493457779,scr1982,avaConv,offshore
se_3,h2146,0.653561475734066,scr1982,avaConv,offshore
se_3,h2147,0.647209408469019,scr1982,avaConv,offshore
se_3,h2148,0.6579265536413048,scr1982,avaConv,offshore
se_3,h2149,0.6954060219631817,scr1982,avaConv,offshore
se_3,h2150,0.7521912792474389,scr1982,avaConv,offshore
se_3,h2151,0.7972657568743376,scr1982,avaConv,offshore
se_3,h2152,0.8214300634959307,scr1982,avaConv,offshore
se_3,h2153,0.835328838584009,scr1982,avaConv,offshore
se_3,h2154,0.8442367510423875,scr1982,avaConv,offshore
se_3,h2155,0.8511207743785152,scr1982,avaConv,offshore
se_3,h2156,0.8548138108980372,scr1982,avaConv,offshore
se_3,h2157,0.855407061978753,scr1982,avaConv,offshore
se_3,h2158,0.851026199296754,scr1982,avaConv,offshore
se_3,h2159,0.8406503981770997,scr1982,avaConv,offshore
se_3,h2160,0.8300700805160404,scr1982,avaConv,offshore
se_4,h1441,0.37411647175369156,scr1982,avaConv,offshore
se_4,h1442,0.3381244599022399,scr1982,avaConv,offshore
se_4,h1443,0.29946726922098565,scr1982,avaConv,offshore
se_4,h1444,0.25269422301060807,scr1982,avaConv,offshore
se_4,h1445,0.20555805322525023,scr1982,avaConv,offshore
se_4,h1446,0.15837823595597642,scr1982,avaConv,offshore
se_4,h1447,0.11050368842378301,scr1982,avaConv,offshore
se_4,h1448,0.0695123015511401,scr1982,avaConv,offshore
se_4,h1449,0.041608321064976854,scr1982,avaConv,offshore
se_4,h1450,0.024483854139305268,scr1982,avaConv,offshore
se_4,h1451,0.01312203624416291,scr1982,avaConv,offshore
se_4,h1452,0.007953315610974418,scr1982,avaConv,offshore
se_4,h1453,0.006663953184960655,scr1982,avaConv,offshore
se_4,h1454,0.007715892807796014,scr1982,avaConv,offshore
se_4,h1455,0.008877953338453273,scr1982,avaConv,offshore
se_4,h1456,0.016165528109542728,scr1982,avaConv,offshore
se_4,h1457,0.030185229680752223,scr1982,avaConv,offshore
se_4,h1458,0.039054217062110964,scr1982,avaConv,offshore
se_4,h1459,0.03668363409580559,scr1982,avaConv,offshore
se_4,h1460,0.024117965678797818,scr1982,avaConv,offshore
se_4,h1461,0.020544740524482942,scr1982,avaConv,offshore
se_4,h1462,0.03686621905060239,scr1982,avaConv,offshore
se_4,h1463,0.07213836527808473,scr1982,avaConv,offshore
se_4,h1464,0.11929387802938451,scr1982,avaConv,offshore
se_4,h1465,0.1739724655586288,scr1982,avaConv,offshore
se_4,h1466,0.23480289162088663,scr1982,avaConv,offshore
se_4,h1467,0.29994296456858677,scr1982,avaConv,offshore
se_4,h1468,0.36912163154813254,scr1982,avaConv,offshore
se_4,h1469,0.44316424800546744,scr1982,avaConv,offshore
se_4,h1470,0.5174287542274014,scr1982,avaConv,offshore
se_4,h1471,0.5937931901611269,scr1982,avaConv,offshore
se_4,h1472,0.6708211911213834,scr1982,avaConv,offshore
se_4,h1473,0.7357741843737416,scr1982,avaConv,offshore
se_4,h1474,0.7828249220932268,scr1982,avaConv,offshore
se_4,h1475,0.7993052112884658,scr1982,avaConv,offshore
se_4,h1476,0.8204079203112125,scr1982,avaConv,offshore
se_4,h1477,0.8478436791186893,scr1982,avaConv,offshore
se_4,h1478,0.880233191035625,scr1982,avaConv,offshore
se_4,h1479,0.8791007146242765,scr1982,avaConv,offshore
se_4,h1480,0.8569823798221528,scr1982,avaConv,offshore
se_4,h1481,0.8263888371275464,scr1982,avaConv,offshore
se_4,h1482,0.8063991447505319,scr1982,avaConv,offshore
se_4,h1483,0.7912338752934057,scr1982,avaConv,offshore
se_4,h1484,0.7805548985553621,scr1982,avaConv,offshore
se_4,h1485,0.7710177575948781,scr1982,avaConv,offshore
se_4,h1486,0.7451870712021147,scr1982,avaConv,offshore
se_4,h1487,0.6631378051192461,scr1982,avaConv,offshore
se_4,h1488,0.5155930896550777,scr1982,avaConv,offshore
se_4,h1489,0.3379774628780907,scr1982,avaConv,offshore
se_4,h1490,0.18176336496412526,scr1982,avaConv,offshore
se_4,h1491,0.09362268576276474,scr1982,avaConv,offshore
se_4,h1492,0.0554459977236627,scr1982,avaConv,offshore
se_4,h1493,0.0637275220772332,scr1982,avaConv,offshore
se_4,h1494,0.08070448480132783,scr1982,avaConv,offshore
se_4,h1495,0.0928794346767183,scr1982,avaConv,offshore
se_4,h1496,0.09532296144296153,scr1982,avaConv,offshore
se_4,h1497,0.0891289585209434,scr1982,avaConv,offshore
se_4,h1498,0.07714019360727012,scr1982,avaConv,offshore
se_4,h1499,0.05884291547791156,scr1982,avaConv,offshore
se_4,h1500,0.040147417371229184,scr1982,avaConv,offshore
se_4,h1501,0.02775156868226982,scr1982,avaConv,offshore
se_4,h1502,0.02299297679590227,scr1982,avaConv,offshore
se_4,h1503,0.02551751818095389,scr1982,avaConv,offshore
se_4,h1504,0.03863445261580548,scr1982,avaConv,offshore
se_4,h1505,0.061810412048735455,scr1982,avaConv,offshore
se_4,h1506,0.08630777511440957,scr1982,avaConv,offshore
se_4,h1507,0.09876788072561143,scr1982,avaConv,offshore
se_4,h1508,0.09552828678919638,scr1982,avaConv,offshore
se_4,h1509,0.074793196265641,scr1982,avaConv,offshore
se_4,h1510,0.04608268231408886,scr1982,avaConv,offshore
se_4,h1511,0.02150208629661964,scr1982,avaConv,offshore
se_4,h1512,0.013369993245218864,scr1982,avaConv,offshore
se_4,h1513,0.2690363555619025,scr1982,avaConv,offshore
se_4,h1514,0.4673494211754451,scr1982,avaConv,offshore
se_4,h1515,0.6267568649146203,scr1982,avaConv,offshore
se_4,h1516,0.5621662905914996,scr1982,avaConv,offshore
se_4,h1517,0.48773281075722796,scr1982,avaConv,offshore
se_4,h1518,0.41537840338654153,scr1982,avaConv,offshore
se_4,h1519,0.3445124198253513,scr1982,avaConv,offshore
se_4,h1520,0.2698086279001113,scr1982,avaConv,offshore
se_4,h1521,0.19014038393762936,scr1982,avaConv,offshore
se_4,h1522,0.11606192469650449,scr1982,avaConv,offshore
se_4,h1523,0.06121822346320892,scr1982,avaConv,offshore
se_4,h1524,0.02764366966803301,scr1982,avaConv,offshore
se_4,h1525,0.013583887108718492,scr1982,avaConv,offshore
se_4,h1526,0.012725958726960033,scr1982,avaConv,offshore
se_4,h1527,0.023781913172151527,scr1982,avaConv,offshore
se_4,h1528,0.03464775274014928,scr1982,avaConv,offshore
se_4,h1529,0.033792573169862186,scr1982,avaConv,offshore
se_4,h1530,0.02160984282586836,scr1982,avaConv,offshore
se_4,h1531,0.007488764037488009,scr1982,avaConv,offshore
se_4,h1532,0.000909753636237793,scr1982,avaConv,offshore
se_4,h1533,0.00023004439634433614,scr1982,avaConv,offshore
se_4,h1534,0.00018311136988584547,scr1982,avaConv,offshore
se_4,h1535,0.0011477263088375755,scr1982,avaConv,offshore
se_4,h1536,0.0033260507850040636,scr1982,avaConv,offshore
se_4,h1537,0.006244865916884773,scr1982,avaConv,offshore
se_4,h1538,0.016405511465466125,scr1982,avaConv,offshore
se_4,h1539,0.03300018949773754,scr1982,avaConv,offshore
se_4,h1540,0.054882432259735096,scr1982,avaConv,offshore
se_4,h1541,0.07166967621762162,scr1982,avaConv,offshore
se_4,h1542,0.08866213134943865,scr1982,avaConv,offshore
se_4,h1543,0.10610088479530702,scr1982,avaConv,offshore
se_4,h1544,0.12772171936808,scr1982,avaConv,offshore
se_4,h1545,0.17514643284717138,scr1982,avaConv,offshore
se_4,h1546,0.2435620723677115,scr1982,avaConv,offshore
se_4,h1547,0.3024907216116704,scr1982,avaConv,offshore
se_4,h1548,0.33547220647865666,scr1982,avaConv,offshore
se_4,h1549,0.33242790008643974,scr1982,avaConv,offshore
se_4,h1550,0.331596474753517,scr1982,avaConv,offshore
se_4,h1551,0.3410367847167502,scr1982,avaConv,offshore
se_4,h1552,0.3784613761949878,scr1982,avaConv,offshore
se_4,h1553,0.4188317489405084,scr1982,avaConv,offshore
se_4,h1554,0.43309411850541407,scr1982,avaConv,offshore
se_4,h1555,0.4190547616462154,scr1982,avaConv,offshore
se_4,h1556,0.37445093717763855,scr1982,avaConv,offshore
se_4,h1557,0.31558936404699334,scr1982,avaConv,offshore
se_4,h1558,0.24535614609800235,scr1982,avaConv,offshore
se_4,h1559,0.18868107738078504,scr1982,avaConv,offshore
se_4,h1560,0.14264545070361279,scr1982,avaConv,offshore
se_4,h1561,0.10503676932590442,scr1982,avaConv,offshore
se_4,h1562,0.07096129127104137,scr1982,avaConv,offshore
se_4,h1563,0.04814137704382206,scr1982,avaConv,offshore
se_4,h1564,0.03668017380061721,scr1982,avaConv,offshore
se_4,h1565,0.03784963957202619,scr1982,avaConv,offshore
se_4,h1566,0.04657914015283158,scr1982,avaConv,offshore
se_4,h1567,0.05538336087137115,scr1982,avaConv,offshore
se_4,h1568,0.06477265547901628,scr1982,avaConv,offshore
se_4,h1569,0.07456476489744114,scr1982,avaConv,offshore
se_4,h1570,0.09102857588911316,scr1982,avaConv,offshore
se_4,h1571,0.0874913777964076,scr1982,avaConv,offshore
se_4,h1572,0.08228247180207321,scr1982,avaConv,offshore
se_4,h1573,0.07288408772383295,scr1982,avaConv,offshore
se_4,h1574,0.08552259047905994,scr1982,avaConv,offshore
se_4,h1575,0.09682817387818873,scr1982,avaConv,offshore
se_4,h1576,0.10833249256357205,scr1982,avaConv,offshore
se_4,h1577,0.12263338943193418,scr1982,avaConv,offshore
se_4,h1578,0.15436259583346043,scr1982,avaConv,offshore
se_4,h1579,0.19370069155883485,scr1982,avaConv,offshore
se_4,h1580,0.23160315736991885,scr1982,avaConv,offshore
se_4,h1581,0.2709657123410475,scr1982,avaConv,offshore
se_4,h1582,0.31777530832914985,scr1982,avaConv,offshore
se_4,h1583,0.37117630593091194,scr1982,avaConv,offshore
se_4,h1584,0.3865452396738943,scr1982,avaConv,offshore
se_4,h1585,0.36860645391462643,scr1982,avaConv,offshore
se_4,h1586,0.32149612335991357,scr1982,avaConv,offshore
se_4,h1587,0.2865530228634327,scr1982,avaConv,offshore
se_4,h1588,0.27027841317801465,scr1982,avaConv,offshore
se_4,h1589,0.2743429584985119,scr1982,avaConv,offshore
se_4,h1590,0.28737955302919177,scr1982,avaConv,offshore
se_4,h1591,0.3009331646200516,scr1982,avaConv,offshore
se_4,h1592,0.3188557257124173,scr1982,avaConv,offshore
se_4,h1593,0.3422219940997442,scr1982,avaConv,offshore
se_4,h1594,0.3597896130811288,scr1982,avaConv,offshore
se_4,h1595,0.3634188899990755,scr1982,avaConv,offshore
se_4,h1596,0.3626938199486723,scr1982,avaConv,offshore
se_4,h1597,0.3732901409058079,scr1982,avaConv,offshore
se_4,h1598,0.39239058906728663,scr1982,avaConv,offshore
se_4,h1599,0.3977679460285765,scr1982,avaConv,offshore
se_4,h1600,0.3811241385303517,scr1982,avaConv,offshore
se_4,h1601,0.338352508085681,scr1982,avaConv,offshore
se_4,h1602,0.2889262812049967,scr1982,avaConv,offshore
se_4,h1603,0.24544539097997478,scr1982,avaConv,offshore
se_4,h1604,0.21951796061478096,scr1982,avaConv,offshore
se_4,h1605,0.21304444091572194,scr1982,avaConv,offshore
se_4,h1606,0.217823804472032,scr1982,avaConv,offshore
se_4,h1607,0.23724010187076114,scr1982,avaConv,offshore
se_4,h1608,0.23899848427325238,scr1982,avaConv,offshore
se_4,h1609,0.22547326067066273,scr1982,avaConv,offshore
se_4,h1610,0.18234470413689102,scr1982,avaConv,offshore
se_4,h1611,0.16333811964317768,scr1982,avaConv,offshore
se_4,h1612,0.16664003290586726,scr1982,avaConv,offshore
se_4,h1613,0.15789065754555967,scr1982,avaConv,offshore
se_4,h1614,0.1344111285299993,scr1982,avaConv,offshore
se_4,h1615,0.12496244733047276,scr1982,avaConv,offshore
se_4,h1616,0.19246090682374128,scr1982,avaConv,offshore
se_4,h1617,0.31052310390198773,scr1982,avaConv,offshore
se_4,h1618,0.4118213237622351,scr1982,avaConv,offshore
se_4,h1619,0.4363447994842766,scr1982,avaConv,offshore
se_4,h1620,0.40691843534983263,scr1982,avaConv,offshore
se_4,h1621,0.3824121150755042,scr1982,avaConv,offshore
se_4,h1622,0.4254360063707093,scr1982,avaConv,offshore
se_4,h1623,0.48806312737212154,scr1982,avaConv,offshore
se_4,h1624,0.546435325147276,scr1982,avaConv,offshore
se_4,h1625,0.5954387600517803,scr1982,avaConv,offshore
se_4,h1626,0.6459682663877456,scr1982,avaConv,offshore
se_4,h1627,0.6887910685607334,scr1982,avaConv,offshore
se_4,h1628,0.7165920786683164,scr1982,avaConv,offshore
se_4,h1629,0.7348001667903385,scr1982,avaConv,offshore
se_4,h1630,0.7533840280212015,scr1982,avaConv,offshore
se_4,h1631,0.7452725294105583,scr1982,avaConv,offshore
se_4,h1632,0.7005874481781557,scr1982,avaConv,offshore
se_4,h1633,0.6531091997683335,scr1982,avaConv,offshore
se_4,h1634,0.6400655794412139,scr1982,avaConv,offshore
se_4,h1635,0.6389101792084889,scr1982,avaConv,offshore
se_4,h1636,0.668341741718599,scr1982,avaConv,offshore
se_4,h1637,0.6493917271837581,scr1982,avaConv,offshore
se_4,h1638,0.6357922624342581,scr1982,avaConv,offshore
se_4,h1639,0.608197851734719,scr1982,avaConv,offshore
se_4,h1640,0.6173519861179382,scr1982,avaConv,offshore
se_4,h1641,0.6217600578599044,scr1982,avaConv,offshore
se_4,h1642,0.6073407591883094,scr1982,avaConv,offshore
se_4,h1643,0.6085919945382946,scr1982,avaConv,offshore
se_4,h1644,0.6247893014961047,scr1982,avaConv,offshore
se_4,h1645,0.6402495008479637,scr1982,avaConv,offshore
se_4,h1646,0.6464553760376316,scr1982,avaConv,offshore
se_4,h1647,0.6624643091899454,scr1982,avaConv,offshore
se_4,h1648,0.6952118859741404,scr1982,avaConv,offshore
se_4,h1649,0.7305814447523515,scr1982,avaConv,offshore
se_4,h1650,0.7635963494134612,scr1982,avaConv,offshore
se_4,h1651,0.7809005847412573,scr1982,avaConv,offshore
se_4,h1652,0.8009415368352147,scr1982,avaConv,offshore
se_4,h1653,0.7980900535802689,scr1982,avaConv,offshore
se_4,h1654,0.7607920008081002,scr1982,avaConv,offshore
se_4,h1655,0.671657272017089,scr1982,avaConv,offshore
se_4,h1656,0.5716005008904318,scr1982,avaConv,offshore
se_4,h1657,0.46553743834365224,scr1982,avaConv,offshore
se_4,h1658,0.38125301972062514,scr1982,avaConv,offshore
se_4,h1659,0.3204355674953312,scr1982,avaConv,offshore
se_4,h1660,0.3026574855714142,scr1982,avaConv,offshore
se_4,h1661,0.3095948690559985,scr1982,avaConv,offshore
se_4,h1662,0.32561675013430325,scr1982,avaConv,offshore
se_4,h1663,0.3529454211970085,scr1982,avaConv,offshore
se_4,h1664,0.3988519517352246,scr1982,avaConv,offshore
se_4,h1665,0.44949879933009995,scr1982,avaConv,offshore
se_4,h1666,0.4703161113437155,scr1982,avaConv,offshore
se_4,h1667,0.4641761092859785,scr1982,avaConv,offshore
se_4,h1668,0.42331739849646993,scr1982,avaConv,offshore
se_4,h1669,0.3886204593516299,scr1982,avaConv,offshore
se_4,h1670,0.3742323235616568,scr1982,avaConv,offshore
se_4,h1671,0.42313733584822666,scr1982,avaConv,offshore
se_4,h1672,0.5106999604300773,scr1982,avaConv,offshore
se_4,h1673,0.5885049332462844,scr1982,avaConv,offshore
se_4,h1674,0.6430405955229105,scr1982,avaConv,offshore
se_4,h1675,0.680251243149158,scr1982,avaConv,offshore
se_4,h1676,0.7060124149791797,scr1982,avaConv,offshore
se_4,h1677,0.7282464096348037,scr1982,avaConv,offshore
se_4,h1678,0.7436779717119355,scr1982,avaConv,offshore
se_4,h1679,0.7406871103328209,scr1982,avaConv,offshore
se_4,h1680,0.7178467447458993,scr1982,avaConv,offshore
se_4,h1681,0.4916627687644985,scr1982,avaConv,offshore
se_4,h1682,0.2675218561180374,scr1982,avaConv,offshore
se_4,h1683,0.010747134892275738,scr1982,avaConv,offshore
se_4,h1684,0.00892702814756498,scr1982,avaConv,offshore
se_4,h1685,0.011123755034576457,scr1982,avaConv,offshore
se_4,h1686,0.016001084681170098,scr1982,avaConv,offshore
se_4,h1687,0.019214293781094436,scr1982,avaConv,offshore
se_4,h1688,0.020374151589747654,scr1982,avaConv,offshore
se_4,h1689,0.02278014146449346,scr1982,avaConv,offshore
se_4,h1690,0.02833426545483902,scr1982,avaConv,offshore
se_4,h1691,0.02635234742226579,scr1982,avaConv,offshore
se_4,h1692,0.027684154504344024,scr1982,avaConv,offshore
se_4,h1693,0.034434538636869315,scr1982,avaConv,offshore
se_4,h1694,0.05558023182249644,scr1982,avaConv,offshore
se_4,h1695,0.07069061904441137,scr1982,avaConv,offshore
se_4,h1696,0.07607901904905691,scr1982,avaConv,offshore
se_4,h1697,0.07110588316850817,scr1982,avaConv,offshore
se_4,h1698,0.06192562031195818,scr1982,avaConv,offshore
se_4,h1699,0.052178065231251895,scr1982,avaConv,offshore
se_4,h1700,0.046182156455621313,scr1982,avaConv,offshore
se_4,h1701,0.043259459921438065,scr1982,avaConv,offshore
se_4,h1702,0.04133430318548479,scr1982,avaConv,offshore
se_4,h1703,0.03415754156012285,scr1982,avaConv,offshore
se_4,h1704,0.024284770408832968,scr1982,avaConv,offshore
se_4,h1705,0.015021735912721936,scr1982,avaConv,offshore
se_4,h1706,0.012245194506617044,scr1982,avaConv,offshore
se_4,h1707,0.019377840850747414,scr1982,avaConv,offshore
se_4,h1708,0.03810646390857788,scr1982,avaConv,offshore
se_4,h1709,0.06667797053045846,scr1982,avaConv,offshore
se_4,h1710,0.0962165318842777,scr1982,avaConv,offshore
se_4,h1711,0.11694982632175505,scr1982,avaConv,offshore
se_4,h1712,0.1286565521000729,scr1982,avaConv,offshore
se_4,h1713,0.13307149385039485,scr1982,avaConv,offshore
se_4,h1714,0.13385588743827456,scr1982,avaConv,offshore
se_4,h1715,0.1309331298131392,scr1982,avaConv,offshore
se_4,h1716,0.12109815255781552,scr1982,avaConv,offshore
se_4,h1717,0.10968631027790512,scr1982,avaConv,offshore
se_4,h1718,0.0976449169101845,scr1982,avaConv,offshore
se_4,h1719,0.0917648941134908,scr1982,avaConv,offshore
se_4,h1720,0.09488256909298677,scr1982,avaConv,offshore
se_4,h1721,0.109264682316847,scr1982,avaConv,offshore
se_4,h1722,0.14046400276209114,scr1982,avaConv,offshore
se_4,h1723,0.1831740581812016,scr1982,avaConv,offshore
se_4,h1724,0.22621802048676665,scr1982,avaConv,offshore
se_4,h1725,0.25699695473165796,scr1982,avaConv,offshore
se_4,h1726,0.2730997399781931,scr1982,avaConv,offshore
se_4,h1727,0.27699994446175247,scr1982,avaConv,offshore
se_4,h1728,0.26421932201644344,scr1982,avaConv,offshore
se_4,h1729,0.23583774329887525,scr1982,avaConv,offshore
se_4,h1730,0.20022183713559533,scr1982,avaConv,offshore
se_4,h1731,0.17135482870850322,scr1982,avaConv,offshore
se_4,h1732,0.15535514043307674,scr1982,avaConv,offshore
se_4,h1733,0.14731166468891976,scr1982,avaConv,offshore
se_4,h1734,0.1483052251175833,scr1982,avaConv,offshore
se_4,h1735,0.16248567579716658,scr1982,avaConv,offshore
se_4,h1736,0.18794209165370115,scr1982,avaConv,offshore
se_4,h1737,0.21014455104426544,scr1982,avaConv,offshore
se_4,h1738,0.21367448997227287,scr1982,avaConv,offshore
se_4,h1739,0.18290245231139923,scr1982,avaConv,offshore
se_4,h1740,0.14348433554824308,scr1982,avaConv,offshore
se_4,h1741,0.10398306804078734,scr1982,avaConv,offshore
se_4,h1742,0.08400764108246384,scr1982,avaConv,offshore
se_4,h1743,0.0706581600885413,scr1982,avaConv,offshore
se_4,h1744,0.07099829249607767,scr1982,avaConv,offshore
se_4,h1745,0.08958144964770971,scr1982,avaConv,offshore
se_4,h1746,0.1273696800593667,scr1982,avaConv,offshore
se_4,h1747,0.16851566954888464,scr1982,avaConv,offshore
se_4,h1748,0.1903722051738597,scr1982,avaConv,offshore
se_4,h1749,0.18043694481603603,scr1982,avaConv,offshore
se_4,h1750,0.14515584104396745,scr1982,avaConv,offshore
se_4,h1751,0.11352821420053542,scr1982,avaConv,offshore
se_4,h1752,0.0995530295464081,scr1982,avaConv,offshore
se_4,h1753,0.09762455761518588,scr1982,avaConv,offshore
se_4,h1754,0.08889372344778317,scr1982,avaConv,offshore
se_4,h1755,0.07322817900499133,scr1982,avaConv,offshore
se_4,h1756,0.056853119986479336,scr1982,avaConv,offshore
se_4,h1757,0.04994222578775155,scr1982,avaConv,offshore
se_4,h1758,0.04695071100912248,scr1982,avaConv,offshore
se_4,h1759,0.04515906986195116,scr1982,avaConv,offshore
se_4,h1760,0.04575228964310665,scr1982,avaConv,offshore
se_4,h1761,0.04668469024719545,scr1982,avaConv,offshore
se_4,h1762,0.048580920034334465,scr1982,avaConv,offshore
se_4,h1763,0.046471488722830225,scr1982,avaConv,offshore
se_4,h1764,0.046147740452763174,scr1982,avaConv,offshore
se_4,h1765,0.04708074345711668,scr1982,avaConv,offshore
se_4,h1766,0.050314991823670406,scr1982,avaConv,offshore
se_4,h1767,0.05093470932537457,scr1982,avaConv,offshore
se_4,h1768,0.0485025352537051,scr1982,avaConv,offshore
se_4,h1769,0.044381322630099515,scr1982,avaConv,offshore
se_4,h1770,0.04157705185276703,scr1982,avaConv,offshore
se_4,h1771,0.04056024637308673,scr1982,avaConv,offshore
se_4,h1772,0.04286298959289304,scr1982,avaConv,offshore
se_4,h1773,0.049943205131301856,scr1982,avaConv,offshore
se_4,h1774,0.059609961364119855,scr1982,avaConv,offshore
se_4,h1775,0.06889833027511699,scr1982,avaConv,offshore
se_4,h1776,0.07444698557361039,scr1982,avaConv,offshore
se_4,h1777,0.07678262233769935,scr1982,avaConv,offshore
se_4,h1778,0.07484580244923329,scr1982,avaConv,offshore
se_4,h1779,0.06919034620410122,scr1982,avaConv,offshore
se_4,h1780,0.06607234569268775,scr1982,avaConv,offshore
se_4,h1781,0.07712704921582803,scr1982,avaConv,offshore
se_4,h1782,0.09793038947808375,scr1982,avaConv,offshore
se_4,h1783,0.11384793741880596,scr1982,avaConv,offshore
se_4,h1784,0.12072329015656513,scr1982,avaConv,offshore
se_4,h1785,0.11801751523810433,scr1982,avaConv,offshore
se_4,h1786,0.11779518868403455,scr1982,avaConv,offshore
se_4,h1787,0.1069676884853924,scr1982,avaConv,offshore
se_4,h1788,0.10419191445146006,scr1982,avaConv,offshore
se_4,h1789,0.10835534549043467,scr1982,avaConv,offshore
se_4,h1790,0.12855680017991744,scr1982,avaConv,offshore
se_4,h1791,0.15148660006200895,scr1982,avaConv,offshore
se_4,h1792,0.1721491774907237,scr1982,avaConv,offshore
se_4,h1793,0.18294021600387017,scr1982,avaConv,offshore
se_4,h1794,0.18234764048282312,scr1982,avaConv,offshore
se_4,h1795,0.1789423255015407,scr1982,avaConv,offshore
se_4,h1796,0.18630546421965358,scr1982,avaConv,offshore
se_4,h1797,0.20882058271386672,scr1982,avaConv,offshore
se_4,h1798,0.2414432038816225,scr1982,avaConv,offshore
se_4,h1799,0.28136144903972293,scr1982,avaConv,offshore
se_4,h1800,0.31378033631103713,scr1982,avaConv,offshore
se_4,h1801,0.32834897773143223,scr1982,avaConv,offshore
se_4,h1802,0.3181931928940886,scr1982,avaConv,offshore
se_4,h1803,0.2878905156124961,scr1982,avaConv,offshore
se_4,h1804,0.2514565956887955,scr1982,avaConv,offshore
se_4,h1805,0.22110779238986436,scr1982,avaConv,offshore
se_4,h1806,0.20674888400118685,scr1982,avaConv,offshore
se_4,h1807,0.2024678151321976,scr1982,avaConv,offshore
se_4,h1808,0.20119864290196923,scr1982,avaConv,offshore
se_4,h1809,0.19833799738336308,scr1982,avaConv,offshore
se_4,h1810,0.199086350633269,scr1982,avaConv,offshore
se_4,h1811,0.19855135785741004,scr1982,avaConv,offshore
se_4,h1812,0.22103065891559134,scr1982,avaConv,offshore
se_4,h1813,0.2695181649879624,scr1982,avaConv,offshore
se_4,h1814,0.33950324440500385,scr1982,avaConv,offshore
se_4,h1815,0.40287800466368595,scr1982,avaConv,offshore
se_4,h1816,0.44305696995955934,scr1982,avaConv,offshore
se_4,h1817,0.4556482231260302,scr1982,avaConv,offshore
se_4,h1818,0.44253548959151234,scr1982,avaConv,offshore
se_4,h1819,0.41543778013990545,scr1982,avaConv,offshore
se_4,h1820,0.3961453176800517,scr1982,avaConv,offshore
se_4,h1821,0.39100780622334486,scr1982,avaConv,offshore
se_4,h1822,0.3987278845529978,scr1982,avaConv,offshore
se_4,h1823,0.38945846484640645,scr1982,avaConv,offshore
se_4,h1824,0.36966848887420656,scr1982,avaConv,offshore
se_4,h1825,0.345700292025724,scr1982,avaConv,offshore
se_4,h1826,0.33470783222448575,scr1982,avaConv,offshore
se_4,h1827,0.32876625685645616,scr1982,avaConv,offshore
se_4,h1828,0.3134920742854783,scr1982,avaConv,offshore
se_4,h1829,0.2924246882420041,scr1982,avaConv,offshore
se_4,h1830,0.26416580873794837,scr1982,avaConv,offshore
se_4,h1831,0.24118700328074255,scr1982,avaConv,offshore
se_4,h1832,0.2318119938445102,scr1982,avaConv,offshore
se_4,h1833,0.24394348960934792,scr1982,avaConv,offshore
se_4,h1834,0.2796533532026006,scr1982,avaConv,offshore
se_4,h1835,0.3088170846407239,scr1982,avaConv,offshore
se_4,h1836,0.3293751179352846,scr1982,avaConv,offshore
se_4,h1837,0.32591910990886797,scr1982,avaConv,offshore
se_4,h1838,0.3213956527226197,scr1982,avaConv,offshore
se_4,h1839,0.30744810371332526,scr1982,avaConv,offshore
se_4,h1840,0.2946522608132307,scr1982,avaConv,offshore
se_4,h1841,0.27765763166280066,scr1982,avaConv,offshore
se_4,h1842,0.2619907347051569,scr1982,avaConv,offshore
se_4,h1843,0.2457981315564555,scr1982,avaConv,offshore
se_4,h1844,0.24351979158974196,scr1982,avaConv,offshore
se_4,h1845,0.25232862207201145,scr1982,avaConv,offshore
se_4,h1846,0.26700610739715713,scr1982,avaConv,offshore
se_4,h1847,0.28706106716369395,scr1982,avaConv,offshore
se_4,h1848,0.30460966348457896,scr1982,avaConv,offshore
se_4,h1849,0.47773405687153586,scr1982,avaConv,offshore
se_4,h1850,0.6159563592049174,scr1982,avaConv,offshore
se_4,h1851,0.7490241145202764,scr1982,avaConv,offshore
se_4,h1852,0.7481052434800105,scr1982,avaConv,offshore
se_4,h1853,0.7440300192137759,scr1982,avaConv,offshore
se_4,h1854,0.7346854415961858,scr1982,avaConv,offshore
se_4,h1855,0.7465163981559256,scr1982,avaConv,offshore
se_4,h1856,0.8024005370840387,scr1982,avaConv,offshore
se_4,h1857,0.864502121103334,scr1982,avaConv,offshore
se_4,h1858,0.8801270998132864,scr1982,avaConv,offshore
se_4,h1859,0.8501588071226486,scr1982,avaConv,offshore
se_4,h1860,0.8359413376268194,scr1982,avaConv,offshore
se_4,h1861,0.8460463610559452,scr1982,avaConv,offshore
se_4,h1862,0.865489933867584,scr1982,avaConv,offshore
se_4,h1863,0.8421588452989107,scr1982,avaConv,offshore
se_4,h1864,0.8370233912193547,scr1982,avaConv,offshore
se_4,h1865,0.8522033340743043,scr1982,avaConv,offshore
se_4,h1866,0.8825670096091867,scr1982,avaConv,offshore
se_4,h1867,0.8791730195155067,scr1982,avaConv,offshore
se_4,h1868,0.8714805449958473,scr1982,avaConv,offshore
se_4,h1869,0.8588350432600632,scr1982,avaConv,offshore
se_4,h1870,0.8620035781909196,scr1982,avaConv,offshore
se_4,h1871,0.8490453294045102,scr1982,avaConv,offshore
se_4,h1872,0.8541667560169778,scr1982,avaConv,offshore
se_4,h1873,0.8431214130499827,scr1982,avaConv,offshore
se_4,h1874,0.8562290832256725,scr1982,avaConv,offshore
se_4,h1875,0.8515318478115895,scr1982,avaConv,offshore
se_4,h1876,0.8634335324952951,scr1982,avaConv,offshore
se_4,h1877,0.8696442566708164,scr1982,avaConv,offshore
se_4,h1878,0.8911580637339462,scr1982,avaConv,offshore
se_4,h1879,0.9079449017946741,scr1982,avaConv,offshore
se_4,h1880,0.9082136565525044,scr1982,avaConv,offshore
se_4,h1881,0.896686991696268,scr1982,avaConv,offshore
se_4,h1882,0.8744120711127181,scr1982,avaConv,offshore
se_4,h1883,0.8543915310773496,scr1982,avaConv,offshore
se_4,h1884,0.8551748005381621,scr1982,avaConv,offshore
se_4,h1885,0.8628620931570815,scr1982,avaConv,offshore
se_4,h1886,0.876925515065673,scr1982,avaConv,offshore
se_4,h1887,0.8764350388860076,scr1982,avaConv,offshore
se_4,h1888,0.8772062715292752,scr1982,avaConv,offshore
se_4,h1889,0.8593164114706395,scr1982,avaConv,offshore
se_4,h1890,0.8475990011903973,scr1982,avaConv,offshore
se_4,h1891,0.8244240619231904,scr1982,avaConv,offshore
se_4,h1892,0.8139665902072946,scr1982,avaConv,offshore
se_4,h1893,0.8036359893263473,scr1982,avaConv,offshore
se_4,h1894,0.7999997207349362,scr1982,avaConv,offshore
se_4,h1895,0.8079260332098055,scr1982,avaConv,offshore
se_4,h1896,0.7907584161465624,scr1982,avaConv,offshore
se_4,h1897,0.7581318990071587,scr1982,avaConv,offshore
se_4,h1898,0.7210374610234106,scr1982,avaConv,offshore
se_4,h1899,0.7309853906931104,scr1982,avaConv,offshore
se_4,h1900,0.7699705685882154,scr1982,avaConv,offshore
se_4,h1901,0.8121435954813635,scr1982,avaConv,offshore
se_4,h1902,0.8356190542649174,scr1982,avaConv,offshore
se_4,h1903,0.8501571849826521,scr1982,avaConv,offshore
se_4,h1904,0.8638302322656117,scr1982,avaConv,offshore
se_4,h1905,0.8583723106159368,scr1982,avaConv,offshore
se_4,h1906,0.8427921145113311,scr1982,avaConv,offshore
se_4,h1907,0.8065569767526919,scr1982,avaConv,offshore
se_4,h1908,0.7744246356418695,scr1982,avaConv,offshore
se_4,h1909,0.7504235819763129,scr1982,avaConv,offshore
se_4,h1910,0.7401578043858141,scr1982,avaConv,offshore
se_4,h1911,0.7334733310015602,scr1982,avaConv,offshore
se_4,h1912,0.7198668158044778,scr1982,avaConv,offshore
se_4,h1913,0.6984849342480282,scr1982,avaConv,offshore
se_4,h1914,0.6518338214048339,scr1982,avaConv,offshore
se_4,h1915,0.5913368740195617,scr1982,avaConv,offshore
se_4,h1916,0.5248070515402476,scr1982,avaConv,offshore
se_4,h1917,0.4670162996635168,scr1982,avaConv,offshore
se_4,h1918,0.40279548163252127,scr1982,avaConv,offshore
se_4,h1919,0.32941168741815063,scr1982,avaConv,offshore
se_4,h1920,0.26593423433583707,scr1982,avaConv,offshore
se_4,h1921,0.22519407084537063,scr1982,avaConv,offshore
se_4,h1922,0.1984682368451767,scr1982,avaConv,offshore
se_4,h1923,0.17400655955634237,scr1982,avaConv,offshore
se_4,h1924,0.15944343875132513,scr1982,avaConv,offshore
se_4,h1925,0.1622773044994274,scr1982,avaConv,offshore
se_4,h1926,0.18689721673523624,scr1982,avaConv,offshore
se_4,h1927,0.21505900520797108,scr1982,avaConv,offshore
se_4,h1928,0.26650237425313494,scr1982,avaConv,offshore
se_4,h1929,0.3418694694542922,scr1982,avaConv,offshore
se_4,h1930,0.43826528718876506,scr1982,avaConv,offshore
se_4,h1931,0.5094800781890408,scr1982,avaConv,offshore
se_4,h1932,0.5636960566898161,scr1982,avaConv,offshore
se_4,h1933,0.6121019635772932,scr1982,avaConv,offshore
se_4,h1934,0.6662827662633367,scr1982,avaConv,offshore
se_4,h1935,0.7004458175000287,scr1982,avaConv,offshore
se_4,h1936,0.6981286381742217,scr1982,avaConv,offshore
se_4,h1937,0.6550900449289301,scr1982,avaConv,offshore
se_4,h1938,0.5872310945390314,scr1982,avaConv,offshore
se_4,h1939,0.518398492048399,scr1982,avaConv,offshore
se_4,h1940,0.4708027689837318,scr1982,avaConv,offshore
se_4,h1941,0.44194227573835715,scr1982,avaConv,offshore
se_4,h1942,0.42189380113073216,scr1982,avaConv,offshore
se_4,h1943,0.39297152209363806,scr1982,avaConv,offshore
se_4,h1944,0.37990726066883873,scr1982,avaConv,offshore
se_4,h1945,0.37645790434484944,scr1982,avaConv,offshore
se_4,h1946,0.3805232591672754,scr1982,avaConv,offshore
se_4,h1947,0.38935338629897914,scr1982,avaConv,offshore
se_4,h1948,0.3917899877542685,scr1982,avaConv,offshore
se_4,h1949,0.4133340349049206,scr1982,avaConv,offshore
se_4,h1950,0.4142279145888885,scr1982,avaConv,offshore
se_4,h1951,0.4246227812493472,scr1982,avaConv,offshore
se_4,h1952,0.4286870808797232,scr1982,avaConv,offshore
se_4,h1953,0.42818180152855834,scr1982,avaConv,offshore
se_4,h1954,0.4039798994082058,scr1982,avaConv,offshore
se_4,h1955,0.3716995752238928,scr1982,avaConv,offshore
se_4,h1956,0.3485372664300291,scr1982,avaConv,offshore
se_4,h1957,0.35459046972574065,scr1982,avaConv,offshore
se_4,h1958,0.37866772787231173,scr1982,avaConv,offshore
se_4,h1959,0.4245105751365152,scr1982,avaConv,offshore
se_4,h1960,0.4745855637391438,scr1982,avaConv,offshore
se_4,h1961,0.5152831223031612,scr1982,avaConv,offshore
se_4,h1962,0.5324241873163129,scr1982,avaConv,offshore
se_4,h1963,0.5321136567055552,scr1982,avaConv,offshore
se_4,h1964,0.5160547773038424,scr1982,avaConv,offshore
se_4,h1965,0.4870260877923107,scr1982,avaConv,offshore
se_4,h1966,0.44953713490344466,scr1982,avaConv,offshore
se_4,h1967,0.423452819916445,scr1982,avaConv,offshore
se_4,h1968,0.3944092870503743,scr1982,avaConv,offshore
se_4,h1969,0.36710215593836976,scr1982,avaConv,offshore
se_4,h1970,0.33269042095992674,scr1982,avaConv,offshore
se_4,h1971,0.32136182460510626,scr1982,avaConv,offshore
se_4,h1972,0.33587622751055485,scr1982,avaConv,offshore
se_4,h1973,0.37840539347377244,scr1982,avaConv,offshore
se_4,h1974,0.45391990058555004,scr1982,avaConv,offshore
se_4,h1975,0.5544746868337764,scr1982,avaConv,offshore
se_4,h1976,0.6541402958338469,scr1982,avaConv,offshore
se_4,h1977,0.7382996872587537,scr1982,avaConv,offshore
se_4,h1978,0.7964194116659765,scr1982,avaConv,offshore
se_4,h1979,0.8262720328818461,scr1982,avaConv,offshore
se_4,h1980,0.831360838683114,scr1982,avaConv,offshore
se_4,h1981,0.8141982023564899,scr1982,avaConv,offshore
se_4,h1982,0.813755312016041,scr1982,avaConv,offshore
se_4,h1983,0.8304944300937489,scr1982,avaConv,offshore
se_4,h1984,0.8485037737499541,scr1982,avaConv,offshore
se_4,h1985,0.8423660545458321,scr1982,avaConv,offshore
se_4,h1986,0.8106841632224429,scr1982,avaConv,offshore
se_4,h1987,0.7589143208217851,scr1982,avaConv,offshore
se_4,h1988,0.6978532149410301,scr1982,avaConv,offshore
se_4,h1989,0.6338052092699028,scr1982,avaConv,offshore
se_4,h1990,0.5765700972391007,scr1982,avaConv,offshore
se_4,h1991,0.5201821399219263,scr1982,avaConv,offshore
se_4,h1992,0.48292046087843393,scr1982,avaConv,offshore
se_4,h1993,0.45464795848547174,scr1982,avaConv,offshore
se_4,h1994,0.42362721687572275,scr1982,avaConv,offshore
se_4,h1995,0.3603138181474011,scr1982,avaConv,offshore
se_4,h1996,0.2997457648749412,scr1982,avaConv,offshore
se_4,h1997,0.28043911304035885,scr1982,avaConv,offshore
se_4,h1998,0.2994990829401438,scr1982,avaConv,offshore
se_4,h1999,0.31346602087012393,scr1982,avaConv,offshore
se_4,h2000,0.30970045543695107,scr1982,avaConv,offshore
se_4,h2001,0.2928218929327513,scr1982,avaConv,offshore
se_4,h2002,0.28166265089426756,scr1982,avaConv,offshore
se_4,h2003,0.2580799487392971,scr1982,avaConv,offshore
se_4,h2004,0.23610908345386394,scr1982,avaConv,offshore
se_4,h2005,0.20939902483896658,scr1982,avaConv,offshore
se_4,h2006,0.2014055870826336,scr1982,avaConv,offshore
se_4,h2007,0.21386943368937059,scr1982,avaConv,offshore
se_4,h2008,0.25302846302996657,scr1982,avaConv,offshore
se_4,h2009,0.31783397723188084,scr1982,avaConv,offshore
se_4,h2010,0.3708556053148304,scr1982,avaConv,offshore
se_4,h2011,0.4019523986757265,scr1982,avaConv,offshore
se_4,h2012,0.394909662171189,scr1982,avaConv,offshore
se_4,h2013,0.4076985328659624,scr1982,avaConv,offshore
se_4,h2014,0.46984682222863056,scr1982,avaConv,offshore
se_4,h2015,0.5603779037142489,scr1982,avaConv,offshore
se_4,h2016,0.6284099977037589,scr1982,avaConv,offshore
se_4,h2017,0.5071330095132025,scr1982,avaConv,offshore
se_4,h2018,0.34530459902078253,scr1982,avaConv,offshore
se_4,h2019,0.14643538091304184,scr1982,avaConv,offshore
se_4,h2020,0.09758860553590971,scr1982,avaConv,offshore
se_4,h2021,0.05689883917933508,scr1982,avaConv,offshore
se_4,h2022,0.029898729540658784,scr1982,avaConv,offshore
se_4,h2023,0.017018718454271938,scr1982,avaConv,offshore
se_4,h2024,0.012186075016747455,scr1982,avaConv,offshore
se_4,h2025,0.011647579595579131,scr1982,avaConv,offshore
se_4,h2026,0.014680678257786186,scr1982,avaConv,offshore
se_4,h2027,0.025672593300526656,scr1982,avaConv,offshore
se_4,h2028,0.04898030500704632,scr1982,avaConv,offshore
se_4,h2029,0.07344692175427943,scr1982,avaConv,offshore
se_4,h2030,0.08910896117146586,scr1982,avaConv,offshore
se_4,h2031,0.09283255241212299,scr1982,avaConv,offshore
se_4,h2032,0.09300818971525138,scr1982,avaConv,offshore
se_4,h2033,0.0991749898643127,scr1982,avaConv,offshore
se_4,h2034,0.1165803228895354,scr1982,avaConv,offshore
se_4,h2035,0.14797978577124454,scr1982,avaConv,offshore
se_4,h2036,0.19520683935351926,scr1982,avaConv,offshore
se_4,h2037,0.2626123960410361,scr1982,avaConv,offshore
se_4,h2038,0.3478473878251224,scr1982,avaConv,offshore
se_4,h2039,0.4198897857163421,scr1982,avaConv,offshore
se_4,h2040,0.480213923108291,scr1982,avaConv,offshore
se_4,h2041,0.5209638941529797,scr1982,avaConv,offshore
se_4,h2042,0.5701178575451786,scr1982,avaConv,offshore
se_4,h2043,0.6094443711585608,scr1982,avaConv,offshore
se_4,h2044,0.6507983741003318,scr1982,avaConv,offshore
se_4,h2045,0.6835624227745799,scr1982,avaConv,offshore
se_4,h2046,0.71834759511254,scr1982,avaConv,offshore
se_4,h2047,0.7400935493592701,scr1982,avaConv,offshore
se_4,h2048,0.7469217146283437,scr1982,avaConv,offshore
se_4,h2049,0.7406229973800897,scr1982,avaConv,offshore
se_4,h2050,0.7309456550467585,scr1982,avaConv,offshore
se_4,h2051,0.718905723200078,scr1982,avaConv,offshore
se_4,h2052,0.697938268581853,scr1982,avaConv,offshore
se_4,h2053,0.6662077424678369,scr1982,avaConv,offshore
se_4,h2054,0.6373327000517197,scr1982,avaConv,offshore
se_4,h2055,0.6130483578942312,scr1982,avaConv,offshore
se_4,h2056,0.5941661915463526,scr1982,avaConv,offshore
se_4,h2057,0.5705486416558749,scr1982,avaConv,offshore
se_4,h2058,0.5319356280599808,scr1982,avaConv,offshore
se_4,h2059,0.481840825041066,scr1982,avaConv,offshore
se_4,h2060,0.4528456983820504,scr1982,avaConv,offshore
se_4,h2061,0.48178873603401395,scr1982,avaConv,offshore
se_4,h2062,0.570851087340251,scr1982,avaConv,offshore
se_4,h2063,0.6627884579728347,scr1982,avaConv,offshore
se_4,h2064,0.7144425422581605,scr1982,avaConv,offshore
se_4,h2065,0.7045937261279065,scr1982,avaConv,offshore
se_4,h2066,0.665953981343779,scr1982,avaConv,offshore
se_4,h2067,0.6033292411491127,scr1982,avaConv,offshore
se_4,h2068,0.5272872630974387,scr1982,avaConv,offshore
se_4,h2069,0.44106375289603816,scr1982,avaConv,offshore
se_4,h2070,0.36357691142634874,scr1982,avaConv,offshore
se_4,h2071,0.31200256810560334,scr1982,avaConv,offshore
se_4,h2072,0.2707601016031093,scr1982,avaConv,offshore
se_4,h2073,0.2350562462275747,scr1982,avaConv,offshore
se_4,h2074,0.18350871400288765,scr1982,avaConv,offshore
se_4,h2075,0.13439830029667887,scr1982,avaConv,offshore
se_4,h2076,0.09670199544653015,scr1982,avaConv,offshore
se_4,h2077,0.07954058261870744,scr1982,avaConv,offshore
se_4,h2078,0.07730396780918002,scr1982,avaConv,offshore
se_4,h2079,0.08919818991122441,scr1982,avaConv,offshore
se_4,h2080,0.1090878900547768,scr1982,avaConv,offshore
se_4,h2081,0.13361373375996036,scr1982,avaConv,offshore
se_4,h2082,0.1612256516838138,scr1982,avaConv,offshore
se_4,h2083,0.19616852482316013,scr1982,avaConv,offshore
se_4,h2084,0.2270516309522818,scr1982,avaConv,offshore
se_4,h2085,0.2571244389516283,scr1982,avaConv,offshore
se_4,h2086,0.2770664290895745,scr1982,avaConv,offshore
se_4,h2087,0.295237743967192,scr1982,avaConv,offshore
se_4,h2088,0.30475190780629985,scr1982,avaConv,offshore
se_4,h2089,0.30930871620862677,scr1982,avaConv,offshore
se_4,h2090,0.3138506897476762,scr1982,avaConv,offshore
se_4,h2091,0.31441569287209886,scr1982,avaConv,offshore
se_4,h2092,0.3347138138345818,scr1982,avaConv,offshore
se_4,h2093,0.39759210299363285,scr1982,avaConv,offshore
se_4,h2094,0.5193496813371705,scr1982,avaConv,offshore
se_4,h2095,0.6552850206790307,scr1982,avaConv,offshore
se_4,h2096,0.7553059530941687,scr1982,avaConv,offshore
se_4,h2097,0.8006684355057782,scr1982,avaConv,offshore
se_4,h2098,0.8033101808416444,scr1982,avaConv,offshore
se_4,h2099,0.7661853159696194,scr1982,avaConv,offshore
se_4,h2100,0.7126367987470473,scr1982,avaConv,offshore
se_4,h2101,0.6666011186735703,scr1982,avaConv,offshore
se_4,h2102,0.6489909847649706,scr1982,avaConv,offshore
se_4,h2103,0.6452260703917442,scr1982,avaConv,offshore
se_4,h2104,0.6368746392923273,scr1982,avaConv,offshore
se_4,h2105,0.6140959903557035,scr1982,avaConv,offshore
se_4,h2106,0.5727603215881873,scr1982,avaConv,offshore
se_4,h2107,0.5438583003531696,scr1982,avaConv,offshore
se_4,h2108,0.5445961807209416,scr1982,avaConv,offshore
se_4,h2109,0.5600588033335612,scr1982,avaConv,offshore
se_4,h2110,0.5614932948242654,scr1982,avaConv,offshore
se_4,h2111,0.5754704538436985,scr1982,avaConv,offshore
se_4,h2112,0.5854526591989141,scr1982,avaConv,offshore
se_4,h2113,0.5781303673740688,scr1982,avaConv,offshore
se_4,h2114,0.5123370255042696,scr1982,avaConv,offshore
se_4,h2115,0.42649721741461,scr1982,avaConv,offshore
se_4,h2116,0.36819273733943864,scr1982,avaConv,offshore
se_4,h2117,0.3347438425648633,scr1982,avaConv,offshore
se_4,h2118,0.3099389518710292,scr1982,avaConv,offshore
se_4,h2119,0.2739192335204366,scr1982,avaConv,offshore
se_4,h2120,0.24986476493063456,scr1982,avaConv,offshore
se_4,h2121,0.2586605051432347,scr1982,avaConv,offshore
se_4,h2122,0.2931681942119884,scr1982,avaConv,offshore
se_4,h2123,0.3361026976823132,scr1982,avaConv,offshore
se_4,h2124,0.3752920486867685,scr1982,avaConv,offshore
se_4,h2125,0.42536266460741806,scr1982,avaConv,offshore
se_4,h2126,0.4897052482940751,scr1982,avaConv,offshore
se_4,h2127,0.5659042992355963,scr1982,avaConv,offshore
se_4,h2128,0.6217823739254015,scr1982,avaConv,offshore
se_4,h2129,0.6498356132574493,scr1982,avaConv,offshore
se_4,h2130,0.6422526292163974,scr1982,avaConv,offshore
se_4,h2131,0.6208327103521541,scr1982,avaConv,offshore
se_4,h2132,0.5983805353117952,scr1982,avaConv,offshore
se_4,h2133,0.5900767839184605,scr1982,avaConv,offshore
se_4,h2134,0.5826922032237424,scr1982,avaConv,offshore
se_4,h2135,0.5913375560926724,scr1982,avaConv,offshore
se_4,h2136,0.5981956412834014,scr1982,avaConv,offshore
se_4,h2137,0.6078836367612261,scr1982,avaConv,offshore
se_4,h2138,0.5984809005257106,scr1982,avaConv,offshore
se_4,h2139,0.5776727827662907,scr1982,avaConv,offshore
se_4,h2140,0.5611801307983175,scr1982,avaConv,offshore
se_4,h2141,0.560977313959781,scr1982,avaConv,offshore
se_4,h2142,0.5826385524733992,scr1982,avaConv,offshore
se_4,h2143,0.5989756383549494,scr1982,avaConv,offshore
se_4,h2144,0.5935980161154628,scr1982,avaConv,offshore
se_4,h2145,0.5837220301799829,scr1982,avaConv,offshore
se_4,h2146,0.5797971294922492,scr1982,avaConv,offshore
se_4,h2147,0.5686330098648767,scr1982,avaConv,offshore
se_4,h2148,0.5657929941910114,scr1982,avaConv,offshore
se_4,h2149,0.5722728843571501,scr1982,avaConv,offshore
se_4,h2150,0.6025989385361692,scr1982,avaConv,offshore
se_4,h2151,0.6224902600018972,scr1982,avaConv,offshore
se_4,h2152,0.6337678728057247,scr1982,avaConv,offshore
se_4,h2153,0.6451876317359243,scr1982,avaConv,offshore
se_4,h2154,0.6600139906832563,scr1982,avaConv,offshore
se_4,h2155,0.6754052940798624,scr1982,avaConv,offshore
se_4,h2156,0.6856085070108281,scr1982,avaConv,offshore
se_4,h2157,0.6880757493065247,scr1982,avaConv,offshore
se_4,h2158,0.6809123728465584,scr1982,avaConv,offshore
se_4,h2159,0.6607856308421328,scr1982,avaConv,offshore
se_4,h2160,0.6362966749896988,scr1982,avaConv,offshore
si,h1441,0.0,scr1982,avaConv,offshore
si,h1442,0.0,scr1982,avaConv,offshore
si,h1443,0.0,scr1982,avaConv,offshore
si,h1444,0.0,scr1982,avaConv,offshore
si,h1445,0.0,scr1982,avaConv,offshore
si,h1446,0.0,scr1982,avaConv,offshore
si,h1447,0.0,scr1982,avaConv,offshore
si,h1448,0.0,scr1982,avaConv,offshore
si,h1449,0.0,scr1982,avaConv,offshore
si,h1450,0.0,scr1982,avaConv,offshore
si,h1451,0.0,scr1982,avaConv,offshore
si,h1452,0.00015076847051704364,scr1982,avaConv,offshore
si,h1453,0.001821969400193384,scr1982,avaConv,offshore
si,h1454,0.006560862503235471,scr1982,avaConv,offshore
si,h1455,0.010849525188161735,scr1982,avaConv,offshore
si,h1456,0.010208552333028777,scr1982,avaConv,offshore
si,h1457,0.004640820448859552,scr1982,avaConv,offshore
si,h1458,0.0011334556632671396,scr1982,avaConv,offshore
si,h1459,0.0,scr1982,avaConv,offshore
si,h1460,0.0,scr1982,avaConv,offshore
si,h1461,0.0,scr1982,avaConv,offshore
si,h1462,0.0007300613042203768,scr1982,avaConv,offshore
si,h1463,0.0007300613042203768,scr1982,avaConv,offshore
si,h1464,0.0012756830339596776,scr1982,avaConv,offshore
si,h1465,0.0017698222253589165,scr1982,avaConv,offshore
si,h1466,0.003903571507677725,scr1982,avaConv,offshore
si,h1467,0.005541346639155938,scr1982,avaConv,offshore
si,h1468,0.008785696405494722,scr1982,avaConv,offshore
si,h1469,0.018825547797562896,scr1982,avaConv,offshore
si,h1470,0.047892269193040155,scr1982,avaConv,offshore
si,h1471,0.09876343505134337,scr1982,avaConv,offshore
si,h1472,0.17245098799593286,scr1982,avaConv,offshore
si,h1473,0.2555136724289831,scr1982,avaConv,offshore
si,h1474,0.3550857550626594,scr1982,avaConv,offshore
si,h1475,0.49400065167588014,scr1982,avaConv,offshore
si,h1476,0.6730034133671984,scr1982,avaConv,offshore
si,h1477,0.8160179034278856,scr1982,avaConv,offshore
si,h1478,0.8861233666670325,scr1982,avaConv,offshore
si,h1479,0.8854384622792949,scr1982,avaConv,offshore
si,h1480,0.8798389935329377,scr1982,avaConv,offshore
si,h1481,0.8618460159381494,scr1982,avaConv,offshore
si,h1482,0.7938895293217639,scr1982,avaConv,offshore
si,h1483,0.7233982830979988,scr1982,avaConv,offshore
si,h1484,0.5998959550243902,scr1982,avaConv,offshore
si,h1485,0.4792319080158456,scr1982,avaConv,offshore
si,h1486,0.3139553778110914,scr1982,avaConv,offshore
si,h1487,0.19889135973012934,scr1982,avaConv,offshore
si,h1488,0.10614131702242584,scr1982,avaConv,offshore
si,h1489,0.05498870022496883,scr1982,avaConv,offshore
si,h1490,0.01693676497389791,scr1982,avaConv,offshore
si,h1491,0.0030912827326049132,scr1982,avaConv,offshore
si,h1492,0.007611483601007339,scr1982,avaConv,offshore
si,h1493,0.059666341656601514,scr1982,avaConv,offshore
si,h1494,0.1967386921301594,scr1982,avaConv,offshore
si,h1495,0.4017404998378924,scr1982,avaConv,offshore
si,h1496,0.5315401260603344,scr1982,avaConv,offshore
si,h1497,0.46294133609728677,scr1982,avaConv,offshore
si,h1498,0.25624222225815046,scr1982,avaConv,offshore
si,h1499,0.0842972308154594,scr1982,avaConv,offshore
si,h1500,0.015894910277251154,scr1982,avaConv,offshore
si,h1501,0.004244133843903546,scr1982,avaConv,offshore
si,h1502,0.003973000406544644,scr1982,avaConv,offshore
si,h1503,0.005921945475348437,scr1982,avaConv,offshore
si,h1504,0.0033609162232248603,scr1982,avaConv,offshore
si,h1505,0.0009222057882239617,scr1982,avaConv,offshore
si,h1506,0.0,scr1982,avaConv,offshore
si,h1507,0.0,scr1982,avaConv,offshore
si,h1508,0.0,scr1982,avaConv,offshore
si,h1509,0.0,scr1982,avaConv,offshore
si,h1510,0.0,scr1982,avaConv,offshore
si,h1511,0.0,scr1982,avaConv,offshore
si,h1512,0.0,scr1982,avaConv,offshore
si,h1513,0.00034790621193548125,scr1982,avaConv,offshore
si,h1514,0.00034790621193548125,scr1982,avaConv,offshore
si,h1515,0.00034790621193548125,scr1982,avaConv,offshore
si,h1516,0.0,scr1982,avaConv,offshore
si,h1517,0.0,scr1982,avaConv,offshore
si,h1518,0.0,scr1982,avaConv,offshore
si,h1519,0.0,scr1982,avaConv,offshore
si,h1520,0.0,scr1982,avaConv,offshore
si,h1521,0.0,scr1982,avaConv,offshore
si,h1522,0.0,scr1982,avaConv,offshore
si,h1523,0.0,scr1982,avaConv,offshore
si,h1524,0.0,scr1982,avaConv,offshore
si,h1525,0.0,scr1982,avaConv,offshore
si,h1526,0.0,scr1982,avaConv,offshore
si,h1527,0.0004409121323422497,scr1982,avaConv,offshore
si,h1528,0.0009976449534001824,scr1982,avaConv,offshore
si,h1529,0.0011549272575016956,scr1982,avaConv,offshore
si,h1530,0.0005533038628091443,scr1982,avaConv,offshore
si,h1531,0.00012115595912473459,scr1982,avaConv,offshore
si,h1532,0.0,scr1982,avaConv,offshore
si,h1533,0.00034162479469409553,scr1982,avaConv,offshore
si,h1534,0.0011038315172760644,scr1982,avaConv,offshore
si,h1535,0.0013679595642719776,scr1982,avaConv,offshore
si,h1536,0.0006846667818282872,scr1982,avaConv,offshore
si,h1537,0.0,scr1982,avaConv,offshore
si,h1538,0.0,scr1982,avaConv,offshore
si,h1539,0.0,scr1982,avaConv,offshore
si,h1540,0.0,scr1982,avaConv,offshore
si,h1541,0.0,scr1982,avaConv,offshore
si,h1542,0.0,scr1982,avaConv,offshore
si,h1543,0.0,scr1982,avaConv,offshore
si,h1544,0.0,scr1982,avaConv,offshore
si,h1545,0.0,scr1982,avaConv,offshore
si,h1546,0.0,scr1982,avaConv,offshore
si,h1547,0.0,scr1982,avaConv,offshore
si,h1548,0.0,scr1982,avaConv,offshore
si,h1549,0.0016418322924128075,scr1982,avaConv,offshore
si,h1550,0.004834453653918214,scr1982,avaConv,offshore
si,h1551,0.006988837281723348,scr1982,avaConv,offshore
si,h1552,0.005183932339183508,scr1982,avaConv,offshore
si,h1553,0.0021941263269294915,scr1982,avaConv,offshore
si,h1554,0.0006227791319758306,scr1982,avaConv,offshore
si,h1555,0.0,scr1982,avaConv,offshore
si,h1556,0.0,scr1982,avaConv,offshore
si,h1557,0.00026343832077603384,scr1982,avaConv,offshore
si,h1558,0.00036837904208086934,scr1982,avaConv,offshore
si,h1559,0.0006272154313862388,scr1982,avaConv,offshore
si,h1560,0.0006003193436368406,scr1982,avaConv,offshore
si,h1561,0.0007850978576647073,scr1982,avaConv,offshore
si,h1562,0.0005186604763538161,scr1982,avaConv,offshore
si,h1563,0.0002716545050903494,scr1982,avaConv,offshore
si,h1564,0.00014600442107165823,scr1982,avaConv,offshore
si,h1565,0.0007828137807710934,scr1982,avaConv,offshore
si,h1566,0.0018586137137231562,scr1982,avaConv,offshore
si,h1567,0.0018436091099913996,scr1982,avaConv,offshore
si,h1568,0.0007140488220260205,scr1982,avaConv,offshore
si,h1569,0.0,scr1982,avaConv,offshore
si,h1570,0.0,scr1982,avaConv,offshore
si,h1571,0.0,scr1982,avaConv,offshore
si,h1572,0.0,scr1982,avaConv,offshore
si,h1573,0.0,scr1982,avaConv,offshore
si,h1574,0.0,scr1982,avaConv,offshore
si,h1575,0.0,scr1982,avaConv,offshore
si,h1576,0.0,scr1982,avaConv,offshore
si,h1577,0.0004193354656258581,scr1982,avaConv,offshore
si,h1578,0.002784651432274052,scr1982,avaConv,offshore
si,h1579,0.009802723067990982,scr1982,avaConv,offshore
si,h1580,0.014818098140495678,scr1982,avaConv,offshore
si,h1581,0.01502401220703506,scr1982,avaConv,offshore
si,h1582,0.008586423364608263,scr1982,avaConv,offshore
si,h1583,0.0041676127192311506,scr1982,avaConv,offshore
si,h1584,0.0017299816317765083,scr1982,avaConv,offshore
si,h1585,0.0006392083675640427,scr1982,avaConv,offshore
si,h1586,0.0001945801196382641,scr1982,avaConv,offshore
si,h1587,0.0,scr1982,avaConv,offshore
si,h1588,0.0,scr1982,avaConv,offshore
si,h1589,0.00012639179487643825,scr1982,avaConv,offshore
si,h1590,0.00012639179487643825,scr1982,avaConv,offshore
si,h1591,0.00012639179487643825,scr1982,avaConv,offshore
si,h1592,0.0,scr1982,avaConv,offshore
si,h1593,0.0,scr1982,avaConv,offshore
si,h1594,0.00024289188292042765,scr1982,avaConv,offshore
si,h1595,0.0003664800036419424,scr1982,avaConv,offshore
si,h1596,0.0015277104150620109,scr1982,avaConv,offshore
si,h1597,0.0032076723460480482,scr1982,avaConv,offshore
si,h1598,0.008981251553934562,scr1982,avaConv,offshore
si,h1599,0.010013304230748506,scr1982,avaConv,offshore
si,h1600,0.007745112540505831,scr1982,avaConv,offshore
si,h1601,0.0021000663471981693,scr1982,avaConv,offshore
si,h1602,0.00020700819429554833,scr1982,avaConv,offshore
si,h1603,0.0,scr1982,avaConv,offshore
si,h1604,0.0,scr1982,avaConv,offshore
si,h1605,0.0,scr1982,avaConv,offshore
si,h1606,0.0,scr1982,avaConv,offshore
si,h1607,0.0008520043602711178,scr1982,avaConv,offshore
si,h1608,0.004080462206890598,scr1982,avaConv,offshore
si,h1609,0.012723355703711919,scr1982,avaConv,offshore
si,h1610,0.02082212361438544,scr1982,avaConv,offshore
si,h1611,0.022035584254349337,scr1982,avaConv,offshore
si,h1612,0.01539308161262956,scr1982,avaConv,offshore
si,h1613,0.005994854314132542,scr1982,avaConv,offshore
si,h1614,0.0015859310861511937,scr1982,avaConv,offshore
si,h1615,0.0,scr1982,avaConv,offshore
si,h1616,0.0,scr1982,avaConv,offshore
si,h1617,0.0,scr1982,avaConv,offshore
si,h1618,0.0,scr1982,avaConv,offshore
si,h1619,0.0,scr1982,avaConv,offshore
si,h1620,0.004470650814386151,scr1982,avaConv,offshore
si,h1621,0.021631555081956928,scr1982,avaConv,offshore
si,h1622,0.030795237286992204,scr1982,avaConv,offshore
si,h1623,0.01988916168824816,scr1982,avaConv,offshore
si,h1624,0.003422693916780763,scr1982,avaConv,offshore
si,h1625,0.0,scr1982,avaConv,offshore
si,h1626,0.0,scr1982,avaConv,offshore
si,h1627,0.0,scr1982,avaConv,offshore
si,h1628,0.0,scr1982,avaConv,offshore
si,h1629,0.0,scr1982,avaConv,offshore
si,h1630,0.0,scr1982,avaConv,offshore
si,h1631,0.0018580483027551633,scr1982,avaConv,offshore
si,h1632,0.01233659053210999,scr1982,avaConv,offshore
si,h1633,0.01233659053210999,scr1982,avaConv,offshore
si,h1634,0.007862531409177666,scr1982,avaConv,offshore
si,h1635,0.0035450790602806603,scr1982,avaConv,offshore
si,h1636,0.010790344466765352,scr1982,avaConv,offshore
si,h1637,0.014765941221305897,scr1982,avaConv,offshore
si,h1638,0.008321930874925764,scr1982,avaConv,offshore
si,h1639,0.0018747610675347243,scr1982,avaConv,offshore
si,h1640,0.00015811397012761757,scr1982,avaConv,offshore
si,h1641,0.0,scr1982,avaConv,offshore
si,h1642,0.0,scr1982,avaConv,offshore
si,h1643,0.0,scr1982,avaConv,offshore
si,h1644,0.0,scr1982,avaConv,offshore
si,h1645,0.0,scr1982,avaConv,offshore
si,h1646,0.004682416399348083,scr1982,avaConv,offshore
si,h1647,0.02020956349620383,scr1982,avaConv,offshore
si,h1648,0.03956144795029492,scr1982,avaConv,offshore
si,h1649,0.030245026934707462,scr1982,avaConv,offshore
si,h1650,0.011728163384459978,scr1982,avaConv,offshore
si,h1651,0.00046469883434459666,scr1982,avaConv,offshore
si,h1652,0.0,scr1982,avaConv,offshore
si,h1653,0.0,scr1982,avaConv,offshore
si,h1654,0.0,scr1982,avaConv,offshore
si,h1655,0.0,scr1982,avaConv,offshore
si,h1656,0.0,scr1982,avaConv,offshore
si,h1657,0.0005727386474259303,scr1982,avaConv,offshore
si,h1658,0.0005727386474259303,scr1982,avaConv,offshore
si,h1659,0.0004545929470770892,scr1982,avaConv,offshore
si,h1660,0.0,scr1982,avaConv,offshore
si,h1661,0.0,scr1982,avaConv,offshore
si,h1662,0.0,scr1982,avaConv,offshore
si,h1663,0.0,scr1982,avaConv,offshore
si,h1664,0.0,scr1982,avaConv,offshore
si,h1665,0.0,scr1982,avaConv,offshore
si,h1666,0.0,scr1982,avaConv,offshore
si,h1667,0.0,scr1982,avaConv,offshore
si,h1668,0.0,scr1982,avaConv,offshore
si,h1669,0.00025726262751148203,scr1982,avaConv,offshore
si,h1670,0.0013435544581959762,scr1982,avaConv,offshore
si,h1671,0.0019405230152327896,scr1982,avaConv,offshore
si,h1672,0.0015328768981934335,scr1982,avaConv,offshore
si,h1673,0.00037624511151755695,scr1982,avaConv,offshore
si,h1674,0.0,scr1982,avaConv,offshore
si,h1675,0.0,scr1982,avaConv,offshore
si,h1676,0.0,scr1982,avaConv,offshore
si,h1677,0.0,scr1982,avaConv,offshore
si,h1678,0.0,scr1982,avaConv,offshore
si,h1679,0.0,scr1982,avaConv,offshore
si,h1680,0.0,scr1982,avaConv,offshore
si,h1681,0.0,scr1982,avaConv,offshore
si,h1682,0.0,scr1982,avaConv,offshore
si,h1683,0.0,scr1982,avaConv,offshore
si,h1684,0.0,scr1982,avaConv,offshore
si,h1685,0.0,scr1982,avaConv,offshore
si,h1686,0.0,scr1982,avaConv,offshore
si,h1687,0.0,scr1982,avaConv,offshore
si,h1688,0.0,scr1982,avaConv,offshore
si,h1689,0.0,scr1982,avaConv,offshore
si,h1690,0.0,scr1982,avaConv,offshore
si,h1691,0.0,scr1982,avaConv,offshore
si,h1692,0.0,scr1982,avaConv,offshore
si,h1693,0.0005139500567116365,scr1982,avaConv,offshore
si,h1694,0.0008956675760526993,scr1982,avaConv,offshore
si,h1695,0.0008956675760526993,scr1982,avaConv,offshore
si,h1696,0.00017360415903870088,scr1982,avaConv,offshore
si,h1697,0.0002890393276374837,scr1982,avaConv,offshore
si,h1698,0.0002890393276374837,scr1982,avaConv,offshore
si,h1699,0.0002890393276374837,scr1982,avaConv,offshore
si,h1700,0.0,scr1982,avaConv,offshore
si,h1701,0.0,scr1982,avaConv,offshore
si,h1702,0.0,scr1982,avaConv,offshore
si,h1703,0.0,scr1982,avaConv,offshore
si,h1704,0.0,scr1982,avaConv,offshore
si,h1705,0.0003541060081403422,scr1982,avaConv,offshore
si,h1706,0.00587565568769903,scr1982,avaConv,offshore
si,h1707,0.015029735307506141,scr1982,avaConv,offshore
si,h1708,0.019580662182177466,scr1982,avaConv,offshore
si,h1709,0.012365715052797906,scr1982,avaConv,offshore
si,h1710,0.003933223485094086,scr1982,avaConv,offshore
si,h1711,0.0014861877062485205,scr1982,avaConv,offshore
si,h1712,0.008542798676216106,scr1982,avaConv,offshore
si,h1713,0.03428220800259191,scr1982,avaConv,offshore
si,h1714,0.0656158713026175,scr1982,avaConv,offshore
si,h1715,0.06280781018628041,scr1982,avaConv,offshore
si,h1716,0.059007119313141725,scr1982,avaConv,offshore
si,h1717,0.1113515533266025,scr1982,avaConv,offshore
si,h1718,0.22200231901642967,scr1982,avaConv,offshore
si,h1719,0.21938471563454331,scr1982,avaConv,offshore
si,h1720,0.10705968874447346,scr1982,avaConv,offshore
si,h1721,0.013530856327107838,scr1982,avaConv,offshore
si,h1722,0.0,scr1982,avaConv,offshore
si,h1723,0.00013858312633176708,scr1982,avaConv,offshore
si,h1724,0.00013858312633176708,scr1982,avaConv,offshore
si,h1725,0.00013858312633176708,scr1982,avaConv,offshore
si,h1726,0.0,scr1982,avaConv,offshore
si,h1727,0.0,scr1982,avaConv,offshore
si,h1728,0.0,scr1982,avaConv,offshore
si,h1729,0.0,scr1982,avaConv,offshore
si,h1730,0.0,scr1982,avaConv,offshore
si,h1731,0.0,scr1982,avaConv,offshore
si,h1732,0.0,scr1982,avaConv,offshore
si,h1733,0.0,scr1982,avaConv,offshore
si,h1734,0.0,scr1982,avaConv,offshore
si,h1735,0.0,scr1982,avaConv,offshore
si,h1736,0.0,scr1982,avaConv,offshore
si,h1737,0.0,scr1982,avaConv,offshore
si,h1738,0.0,scr1982,avaConv,offshore
si,h1739,0.0,scr1982,avaConv,offshore
si,h1740,0.0,scr1982,avaConv,offshore
si,h1741,0.0,scr1982,avaConv,offshore
si,h1742,0.0,scr1982,avaConv,offshore
si,h1743,0.0005502185507258592,scr1982,avaConv,offshore
si,h1744,0.001544329199889146,scr1982,avaConv,offshore
si,h1745,0.003076712040693314,scr1982,avaConv,offshore
si,h1746,0.005695394113784582,scr1982,avaConv,offshore
si,h1747,0.009730083689567542,scr1982,avaConv,offshore
si,h1748,0.012873612465170537,scr1982,avaConv,offshore
si,h1749,0.011178164094251396,scr1982,avaConv,offshore
si,h1750,0.007709211497414101,scr1982,avaConv,offshore
si,h1751,0.00545910801718471,scr1982,avaConv,offshore
si,h1752,0.0048062849423910845,scr1982,avaConv,offshore
si,h1753,0.004808396994199829,scr1982,avaConv,offshore
si,h1754,0.004444934865093972,scr1982,avaConv,offshore
si,h1755,0.004341134446700624,scr1982,avaConv,offshore
si,h1756,0.002677760789040549,scr1982,avaConv,offshore
si,h1757,0.0013001170920230885,scr1982,avaConv,offshore
si,h1758,0.0010153946437476155,scr1982,avaConv,offshore
si,h1759,0.0009302513918932884,scr1982,avaConv,offshore
si,h1760,0.000731781654162141,scr1982,avaConv,offshore
si,h1761,0.0,scr1982,avaConv,offshore
si,h1762,0.0,scr1982,avaConv,offshore
si,h1763,0.0,scr1982,avaConv,offshore
si,h1764,0.0,scr1982,avaConv,offshore
si,h1765,0.0,scr1982,avaConv,offshore
si,h1766,0.0,scr1982,avaConv,offshore
si,h1767,0.000128315008607263,scr1982,avaConv,offshore
si,h1768,0.0029896208929267765,scr1982,avaConv,offshore
si,h1769,0.01044926003803358,scr1982,avaConv,offshore
si,h1770,0.016204465781510306,scr1982,avaConv,offshore
si,h1771,0.010207879663790857,scr1982,avaConv,offshore
si,h1772,0.002825769273928868,scr1982,avaConv,offshore
si,h1773,0.0,scr1982,avaConv,offshore
si,h1774,0.0010996747107158704,scr1982,avaConv,offshore
si,h1775,0.001978461840398493,scr1982,avaConv,offshore
si,h1776,0.0048001990548118025,scr1982,avaConv,offshore
si,h1777,0.008121345888607712,scr1982,avaConv,offshore
si,h1778,0.036405403967489675,scr1982,avaConv,offshore
si,h1779,0.09784238173307086,scr1982,avaConv,offshore
si,h1780,0.14133915328265229,scr1982,avaConv,offshore
si,h1781,0.09949139898195328,scr1982,avaConv,offshore
si,h1782,0.03276192963180696,scr1982,avaConv,offshore
si,h1783,0.05021941951297865,scr1982,avaConv,offshore
si,h1784,0.06385233015488875,scr1982,avaConv,offshore
si,h1785,0.07147154174023432,scr1982,avaConv,offshore
si,h1786,0.035404125904595275,scr1982,avaConv,offshore
si,h1787,0.021170043720780504,scr1982,avaConv,offshore
si,h1788,0.015076574444324238,scr1982,avaConv,offshore
si,h1789,0.0007736295923611219,scr1982,avaConv,offshore
si,h1790,0.003309607208976528,scr1982,avaConv,offshore
si,h1791,0.011671178010604645,scr1982,avaConv,offshore
si,h1792,0.025432742877900007,scr1982,avaConv,offshore
si,h1793,0.02598423287454044,scr1982,avaConv,offshore
si,h1794,0.015744285374622257,scr1982,avaConv,offshore
si,h1795,0.004470106373434065,scr1982,avaConv,offshore
si,h1796,0.0004221976552503029,scr1982,avaConv,offshore
si,h1797,0.0007500031056060058,scr1982,avaConv,offshore
si,h1798,0.0019086634190903667,scr1982,avaConv,offshore
si,h1799,0.0016366887511302128,scr1982,avaConv,offshore
si,h1800,0.004210111825537772,scr1982,avaConv,offshore
si,h1801,0.009587717113602984,scr1982,avaConv,offshore
si,h1802,0.01494899306798917,scr1982,avaConv,offshore
si,h1803,0.009079757272890312,scr1982,avaConv,offshore
si,h1804,0.002308159844809974,scr1982,avaConv,offshore
si,h1805,0.0,scr1982,avaConv,offshore
si,h1806,0.0,scr1982,avaConv,offshore
si,h1807,0.0,scr1982,avaConv,offshore
si,h1808,0.0,scr1982,avaConv,offshore
si,h1809,0.0,scr1982,avaConv,offshore
si,h1810,0.0,scr1982,avaConv,offshore
si,h1811,0.0,scr1982,avaConv,offshore
si,h1812,0.0,scr1982,avaConv,offshore
si,h1813,0.0021274688335187254,scr1982,avaConv,offshore
si,h1814,0.01088882099471506,scr1982,avaConv,offshore
si,h1815,0.018854893131341168,scr1982,avaConv,offshore
si,h1816,0.018689871275604678,scr1982,avaConv,offshore
si,h1817,0.011316250269343256,scr1982,avaConv,offshore
si,h1818,0.005767634670143846,scr1982,avaConv,offshore
si,h1819,0.002341483953129244,scr1982,avaConv,offshore
si,h1820,0.0006719253732697653,scr1982,avaConv,offshore
si,h1821,0.00014857121980385696,scr1982,avaConv,offshore
si,h1822,0.00014857121980385696,scr1982,avaConv,offshore
si,h1823,0.0,scr1982,avaConv,offshore
si,h1824,0.0,scr1982,avaConv,offshore
si,h1825,0.0,scr1982,avaConv,offshore
si,h1826,0.0,scr1982,avaConv,offshore
si,h1827,0.0,scr1982,avaConv,offshore
si,h1828,0.0,scr1982,avaConv,offshore
si,h1829,0.0,scr1982,avaConv,offshore
si,h1830,0.0,scr1982,avaConv,offshore
si,h1831,0.0,scr1982,avaConv,offshore
si,h1832,0.0,scr1982,avaConv,offshore
si,h1833,0.0,scr1982,avaConv,offshore
si,h1834,0.0,scr1982,avaConv,offshore
si,h1835,0.0,scr1982,avaConv,offshore
si,h1836,0.0,scr1982,avaConv,offshore
si,h1837,0.0,scr1982,avaConv,offshore
si,h1838,0.00012491432084793468,scr1982,avaConv,offshore
si,h1839,0.0015513668576103083,scr1982,avaConv,offshore
si,h1840,0.003267126343287697,scr1982,avaConv,offshore
si,h1841,0.0029616816752961,scr1982,avaConv,offshore
si,h1842,0.0010067944829376158,scr1982,avaConv,offshore
si,h1843,0.0,scr1982,avaConv,offshore
si,h1844,0.0,scr1982,avaConv,offshore
si,h1845,0.0,scr1982,avaConv,offshore
si,h1846,0.0,scr1982,avaConv,offshore
si,h1847,0.0,scr1982,avaConv,offshore
si,h1848,0.0,scr1982,avaConv,offshore
si,h1849,0.0,scr1982,avaConv,offshore
si,h1850,0.0,scr1982,avaConv,offshore
si,h1851,0.0,scr1982,avaConv,offshore
si,h1852,0.0,scr1982,avaConv,offshore
si,h1853,0.0,scr1982,avaConv,offshore
si,h1854,0.00024979329376415336,scr1982,avaConv,offshore
si,h1855,0.0024926594968490284,scr1982,avaConv,offshore
si,h1856,0.009207572597408072,scr1982,avaConv,offshore
si,h1857,0.016983608302207763,scr1982,avaConv,offshore
si,h1858,0.028235351667629135,scr1982,avaConv,offshore
si,h1859,0.027246605644768874,scr1982,avaConv,offshore
si,h1860,0.04132829439823112,scr1982,avaConv,offshore
si,h1861,0.07918998450279985,scr1982,avaConv,offshore
si,h1862,0.18333414539262521,scr1982,avaConv,offshore
si,h1863,0.3292843879307217,scr1982,avaConv,offshore
si,h1864,0.5110357745175497,scr1982,avaConv,offshore
si,h1865,0.6916783476737327,scr1982,avaConv,offshore
si,h1866,0.8382330303562898,scr1982,avaConv,offshore
si,h1867,0.9150104627568385,scr1982,avaConv,offshore
si,h1868,0.8938448903649122,scr1982,avaConv,offshore
si,h1869,0.6157591656925796,scr1982,avaConv,offshore
si,h1870,0.3027642283979529,scr1982,avaConv,offshore
si,h1871,0.3164801787392724,scr1982,avaConv,offshore
si,h1872,0.3769684463228442,scr1982,avaConv,offshore
si,h1873,0.6401364424806907,scr1982,avaConv,offshore
si,h1874,0.49067692041349054,scr1982,avaConv,offshore
si,h1875,0.48595831270714535,scr1982,avaConv,offshore
si,h1876,0.3422618047272974,scr1982,avaConv,offshore
si,h1877,0.17361566458536182,scr1982,avaConv,offshore
si,h1878,0.13755799887580808,scr1982,avaConv,offshore
si,h1879,0.3031652327782662,scr1982,avaConv,offshore
si,h1880,0.671322331992824,scr1982,avaConv,offshore
si,h1881,0.9499969117850373,scr1982,avaConv,offshore
si,h1882,0.9499885347060826,scr1982,avaConv,offshore
si,h1883,0.948648965998022,scr1982,avaConv,offshore
si,h1884,0.9486294823636451,scr1982,avaConv,offshore
si,h1885,0.9486374096683035,scr1982,avaConv,offshore
si,h1886,0.9499769733918008,scr1982,avaConv,offshore
si,h1887,0.9499977236270487,scr1982,avaConv,offshore
si,h1888,0.9499705295790134,scr1982,avaConv,offshore
si,h1889,0.9491566403009525,scr1982,avaConv,offshore
si,h1890,0.9472263690408915,scr1982,avaConv,offshore
si,h1891,0.9465261906119958,scr1982,avaConv,offshore
si,h1892,0.9470839696506884,scr1982,avaConv,offshore
si,h1893,0.948973023054888,scr1982,avaConv,offshore
si,h1894,0.9496900599853445,scr1982,avaConv,offshore
si,h1895,0.949945695019031,scr1982,avaConv,offshore
si,h1896,0.9499886671909604,scr1982,avaConv,offshore
si,h1897,0.95,scr1982,avaConv,offshore
si,h1898,0.95,scr1982,avaConv,offshore
si,h1899,0.949997475510256,scr1982,avaConv,offshore
si,h1900,0.9490806559463945,scr1982,avaConv,offshore
si,h1901,0.9358093350948226,scr1982,avaConv,offshore
si,h1902,0.9058788828154565,scr1982,avaConv,offshore
si,h1903,0.858624749987186,scr1982,avaConv,offshore
si,h1904,0.7583676408828649,scr1982,avaConv,offshore
si,h1905,0.6263270935863043,scr1982,avaConv,offshore
si,h1906,0.47001466736974734,scr1982,avaConv,offshore
si,h1907,0.4161495272694405,scr1982,avaConv,offshore
si,h1908,0.3674022729490184,scr1982,avaConv,offshore
si,h1909,0.2862264385237169,scr1982,avaConv,offshore
si,h1910,0.13626306658151938,scr1982,avaConv,offshore
si,h1911,0.03592781755515562,scr1982,avaConv,offshore
si,h1912,0.0042060468906259165,scr1982,avaConv,offshore
si,h1913,0.00024740544818874926,scr1982,avaConv,offshore
si,h1914,0.0034384467228456136,scr1982,avaConv,offshore
si,h1915,0.0109819781082567,scr1982,avaConv,offshore
si,h1916,0.02157022416143539,scr1982,avaConv,offshore
si,h1917,0.02608876440623271,scr1982,avaConv,offshore
si,h1918,0.02495783990886275,scr1982,avaConv,offshore
si,h1919,0.02225148136700052,scr1982,avaConv,offshore
si,h1920,0.018792806044667643,scr1982,avaConv,offshore
si,h1921,0.016809311909457218,scr1982,avaConv,offshore
si,h1922,0.013532630428145584,scr1982,avaConv,offshore
si,h1923,0.010863562561941932,scr1982,avaConv,offshore
si,h1924,0.00910216002647192,scr1982,avaConv,offshore
si,h1925,0.00925693820591775,scr1982,avaConv,offshore
si,h1926,0.00839853509186916,scr1982,avaConv,offshore
si,h1927,0.00501724561028161,scr1982,avaConv,offshore
si,h1928,0.0015290419953176242,scr1982,avaConv,offshore
si,h1929,0.0,scr1982,avaConv,offshore
si,h1930,0.0,scr1982,avaConv,offshore
si,h1931,0.0,scr1982,avaConv,offshore
si,h1932,0.0,scr1982,avaConv,offshore
si,h1933,0.0,scr1982,avaConv,offshore
si,h1934,0.0012758336806610628,scr1982,avaConv,offshore
si,h1935,0.005298988956427828,scr1982,avaConv,offshore
si,h1936,0.011332715374165553,scr1982,avaConv,offshore
si,h1937,0.015429427431328295,scr1982,avaConv,offshore
si,h1938,0.013872031790516765,scr1982,avaConv,offshore
si,h1939,0.009285493768965293,scr1982,avaConv,offshore
si,h1940,0.0053890589145010985,scr1982,avaConv,offshore
si,h1941,0.004128429487026735,scr1982,avaConv,offshore
si,h1942,0.004296133536444808,scr1982,avaConv,offshore
si,h1943,0.004161184601785271,scr1982,avaConv,offshore
si,h1944,0.002455120657254804,scr1982,avaConv,offshore
si,h1945,0.0010362260619544124,scr1982,avaConv,offshore
si,h1946,0.0,scr1982,avaConv,offshore
si,h1947,0.0,scr1982,avaConv,offshore
si,h1948,0.0,scr1982,avaConv,offshore
si,h1949,0.0,scr1982,avaConv,offshore
si,h1950,0.0,scr1982,avaConv,offshore
si,h1951,0.0,scr1982,avaConv,offshore
si,h1952,0.0,scr1982,avaConv,offshore
si,h1953,0.0,scr1982,avaConv,offshore
si,h1954,0.0,scr1982,avaConv,offshore
si,h1955,0.0,scr1982,avaConv,offshore
si,h1956,0.0,scr1982,avaConv,offshore
si,h1957,0.0,scr1982,avaConv,offshore
si,h1958,0.0,scr1982,avaConv,offshore
si,h1959,0.0,scr1982,avaConv,offshore
si,h1960,0.0,scr1982,avaConv,offshore
si,h1961,0.0002658317402332655,scr1982,avaConv,offshore
si,h1962,0.0012620436274064708,scr1982,avaConv,offshore
si,h1963,0.0026318427628103723,scr1982,avaConv,offshore
si,h1964,0.0020027806771558665,scr1982,avaConv,offshore
si,h1965,0.0007818102268003723,scr1982,avaConv,offshore
si,h1966,0.0,scr1982,avaConv,offshore
si,h1967,0.0,scr1982,avaConv,offshore
si,h1968,0.0,scr1982,avaConv,offshore
si,h1969,0.0006086438195905378,scr1982,avaConv,offshore
si,h1970,0.003998139731190555,scr1982,avaConv,offshore
si,h1971,0.01486462317215063,scr1982,avaConv,offshore
si,h1972,0.034085595935005986,scr1982,avaConv,offshore
si,h1973,0.05482880163920347,scr1982,avaConv,offshore
si,h1974,0.07504879660641135,scr1982,avaConv,offshore
si,h1975,0.07492415353193456,scr1982,avaConv,offshore
si,h1976,0.06487305422385736,scr1982,avaConv,offshore
si,h1977,0.04681815972706178,scr1982,avaConv,offshore
si,h1978,0.02759638367620784,scr1982,avaConv,offshore
si,h1979,0.011572028534646216,scr1982,avaConv,offshore
si,h1980,0.0014968737045473015,scr1982,avaConv,offshore
si,h1981,0.0,scr1982,avaConv,offshore
si,h1982,0.0,scr1982,avaConv,offshore
si,h1983,0.0006711854842158781,scr1982,avaConv,offshore
si,h1984,0.003112061675111729,scr1982,avaConv,offshore
si,h1985,0.010610825427222909,scr1982,avaConv,offshore
si,h1986,0.014073051346245648,scr1982,avaConv,offshore
si,h1987,0.010319167420343198,scr1982,avaConv,offshore
si,h1988,0.003270418617207934,scr1982,avaConv,offshore
si,h1989,0.0004612940380761958,scr1982,avaConv,offshore
si,h1990,0.00042787038421427233,scr1982,avaConv,offshore
si,h1991,0.0006925457591302223,scr1982,avaConv,offshore
si,h1992,0.0007619223412769117,scr1982,avaConv,offshore
si,h1993,0.000554621861578891,scr1982,avaConv,offshore
si,h1994,0.0001500582084767188,scr1982,avaConv,offshore
si,h1995,0.0,scr1982,avaConv,offshore
si,h1996,0.0,scr1982,avaConv,offshore
si,h1997,0.0,scr1982,avaConv,offshore
si,h1998,0.0,scr1982,avaConv,offshore
si,h1999,0.0,scr1982,avaConv,offshore
si,h2000,0.0,scr1982,avaConv,offshore
si,h2001,0.0,scr1982,avaConv,offshore
si,h2002,0.0,scr1982,avaConv,offshore
si,h2003,0.0,scr1982,avaConv,offshore
si,h2004,0.0,scr1982,avaConv,offshore
si,h2005,0.0,scr1982,avaConv,offshore
si,h2006,0.0,scr1982,avaConv,offshore
si,h2007,0.0,scr1982,avaConv,offshore
si,h2008,0.0,scr1982,avaConv,offshore
si,h2009,0.0,scr1982,avaConv,offshore
si,h2010,0.0,scr1982,avaConv,offshore
si,h2011,0.0,scr1982,avaConv,offshore
si,h2012,0.0,scr1982,avaConv,offshore
si,h2013,0.0,scr1982,avaConv,offshore
si,h2014,0.0006505057053612,scr1982,avaConv,offshore
si,h2015,0.002188874822612957,scr1982,avaConv,offshore
si,h2016,0.004921407342795164,scr1982,avaConv,offshore
si,h2017,0.03018519938043767,scr1982,avaConv,offshore
si,h2018,0.08031207581291992,scr1982,avaConv,offshore
si,h2019,0.14657444088671706,scr1982,avaConv,offshore
si,h2020,0.15755383466992978,scr1982,avaConv,offshore
si,h2021,0.1340454568561792,scr1982,avaConv,offshore
si,h2022,0.10405362018934883,scr1982,avaConv,offshore
si,h2023,0.08950658024073627,scr1982,avaConv,offshore
si,h2024,0.08403591531550315,scr1982,avaConv,offshore
si,h2025,0.08275564190396928,scr1982,avaConv,offshore
si,h2026,0.08291200651431911,scr1982,avaConv,offshore
si,h2027,0.08541845126435772,scr1982,avaConv,offshore
si,h2028,0.0771298266500814,scr1982,avaConv,offshore
si,h2029,0.06497595500512186,scr1982,avaConv,offshore
si,h2030,0.045235526190624854,scr1982,avaConv,offshore
si,h2031,0.033819384923508146,scr1982,avaConv,offshore
si,h2032,0.040394116819857766,scr1982,avaConv,offshore
si,h2033,0.07719093231920666,scr1982,avaConv,offshore
si,h2034,0.1339121181338688,scr1982,avaConv,offshore
si,h2035,0.1788641146379371,scr1982,avaConv,offshore
si,h2036,0.19734083143964992,scr1982,avaConv,offshore
si,h2037,0.20660621892615363,scr1982,avaConv,offshore
si,h2038,0.2152667308639091,scr1982,avaConv,offshore
si,h2039,0.21868784474279565,scr1982,avaConv,offshore
si,h2040,0.2547891225469972,scr1982,avaConv,offshore
si,h2041,0.28177103924335667,scr1982,avaConv,offshore
si,h2042,0.30946283047310663,scr1982,avaConv,offshore
si,h2043,0.2764283288439125,scr1982,avaConv,offshore
si,h2044,0.2465240946199023,scr1982,avaConv,offshore
si,h2045,0.20660041111829225,scr1982,avaConv,offshore
si,h2046,0.18311864870671374,scr1982,avaConv,offshore
si,h2047,0.1631344050749439,scr1982,avaConv,offshore
si,h2048,0.1617915338940563,scr1982,avaConv,offshore
si,h2049,0.15115806070110335,scr1982,avaConv,offshore
si,h2050,0.13069405328161293,scr1982,avaConv,offshore
si,h2051,0.09964515613822987,scr1982,avaConv,offshore
si,h2052,0.0706823721281057,scr1982,avaConv,offshore
si,h2053,0.04563378126887755,scr1982,avaConv,offshore
si,h2054,0.026927955052957406,scr1982,avaConv,offshore
si,h2055,0.015006505018869932,scr1982,avaConv,offshore
si,h2056,0.009138462451214512,scr1982,avaConv,offshore
si,h2057,0.010494910476649829,scr1982,avaConv,offshore
si,h2058,0.027910301883044854,scr1982,avaConv,offshore
si,h2059,0.06315497045701442,scr1982,avaConv,offshore
si,h2060,0.11682091352854747,scr1982,avaConv,offshore
si,h2061,0.16635497063249136,scr1982,avaConv,offshore
si,h2062,0.20496108384322417,scr1982,avaConv,offshore
si,h2063,0.22167451321318132,scr1982,avaConv,offshore
si,h2064,0.25034025963516904,scr1982,avaConv,offshore
si,h2065,0.31573589468946367,scr1982,avaConv,offshore
si,h2066,0.3962495917800928,scr1982,avaConv,offshore
si,h2067,0.45994961507144194,scr1982,avaConv,offshore
si,h2068,0.5159467630994042,scr1982,avaConv,offshore
si,h2069,0.5693923053438746,scr1982,avaConv,offshore
si,h2070,0.5986891191047249,scr1982,avaConv,offshore
si,h2071,0.5783920786661223,scr1982,avaConv,offshore
si,h2072,0.5136705267070136,scr1982,avaConv,offshore
si,h2073,0.4317882092541944,scr1982,avaConv,offshore
si,h2074,0.34039605551501106,scr1982,avaConv,offshore
si,h2075,0.23915489097234774,scr1982,avaConv,offshore
si,h2076,0.167582689268859,scr1982,avaConv,offshore
si,h2077,0.1092723103161971,scr1982,avaConv,offshore
si,h2078,0.08503213944438309,scr1982,avaConv,offshore
si,h2079,0.07389315062989181,scr1982,avaConv,offshore
si,h2080,0.0845550026208194,scr1982,avaConv,offshore
si,h2081,0.1107310087678218,scr1982,avaConv,offshore
si,h2082,0.13920510586536017,scr1982,avaConv,offshore
si,h2083,0.1676426326347103,scr1982,avaConv,offshore
si,h2084,0.18985203654744526,scr1982,avaConv,offshore
si,h2085,0.208295352934949,scr1982,avaConv,offshore
si,h2086,0.20636105169820815,scr1982,avaConv,offshore
si,h2087,0.211408525636354,scr1982,avaConv,offshore
si,h2088,0.2177137729304324,scr1982,avaConv,offshore
si,h2089,0.23063371807131228,scr1982,avaConv,offshore
si,h2090,0.24028660952944988,scr1982,avaConv,offshore
si,h2091,0.2527167180183621,scr1982,avaConv,offshore
si,h2092,0.2711768455306317,scr1982,avaConv,offshore
si,h2093,0.2817017077720681,scr1982,avaConv,offshore
si,h2094,0.27656412313785467,scr1982,avaConv,offshore
si,h2095,0.2608723127742977,scr1982,avaConv,offshore
si,h2096,0.24114402967399742,scr1982,avaConv,offshore
si,h2097,0.21356374801264535,scr1982,avaConv,offshore
si,h2098,0.16720080347289562,scr1982,avaConv,offshore
si,h2099,0.1082630719750472,scr1982,avaConv,offshore
si,h2100,0.053432896780865206,scr1982,avaConv,offshore
si,h2101,0.019440652127143562,scr1982,avaConv,offshore
si,h2102,0.004220259223344267,scr1982,avaConv,offshore
si,h2103,0.0005132074712882341,scr1982,avaConv,offshore
si,h2104,0.00018968041419478772,scr1982,avaConv,offshore
si,h2105,0.000737518118231885,scr1982,avaConv,offshore
si,h2106,0.0028026104362227854,scr1982,avaConv,offshore
si,h2107,0.009831941475115883,scr1982,avaConv,offshore
si,h2108,0.01821018922759448,scr1982,avaConv,offshore
si,h2109,0.025621407542417266,scr1982,avaConv,offshore
si,h2110,0.03402882586354491,scr1982,avaConv,offshore
si,h2111,0.05673143557495296,scr1982,avaConv,offshore
si,h2112,0.09017982236533051,scr1982,avaConv,offshore
si,h2113,0.12284953339412993,scr1982,avaConv,offshore
si,h2114,0.1466122720799837,scr1982,avaConv,offshore
si,h2115,0.17482304989719522,scr1982,avaConv,offshore
si,h2116,0.20723678602583245,scr1982,avaConv,offshore
si,h2117,0.2415710667218814,scr1982,avaConv,offshore
si,h2118,0.2708126133624043,scr1982,avaConv,offshore
si,h2119,0.2914261998658377,scr1982,avaConv,offshore
si,h2120,0.29457262066152995,scr1982,avaConv,offshore
si,h2121,0.274623106926959,scr1982,avaConv,offshore
si,h2122,0.22958930869247368,scr1982,avaConv,offshore
si,h2123,0.18014331513905782,scr1982,avaConv,offshore
si,h2124,0.12773617775457574,scr1982,avaConv,offshore
si,h2125,0.09025599244461835,scr1982,avaConv,offshore
si,h2126,0.05991612177146001,scr1982,avaConv,offshore
si,h2127,0.040205518736830204,scr1982,avaConv,offshore
si,h2128,0.02719549555604268,scr1982,avaConv,offshore
si,h2129,0.020848787089001036,scr1982,avaConv,offshore
si,h2130,0.026490885504208122,scr1982,avaConv,offshore
si,h2131,0.04424926491705545,scr1982,avaConv,offshore
si,h2132,0.06423694308810887,scr1982,avaConv,offshore
si,h2133,0.07302452436648231,scr1982,avaConv,offshore
si,h2134,0.07058174471106962,scr1982,avaConv,offshore
si,h2135,0.07156811722417558,scr1982,avaConv,offshore
si,h2136,0.085799394015978,scr1982,avaConv,offshore
si,h2137,0.10494918805947381,scr1982,avaConv,offshore
si,h2138,0.12913625649220586,scr1982,avaConv,offshore
si,h2139,0.13461936789459972,scr1982,avaConv,offshore
si,h2140,0.12855985751288948,scr1982,avaConv,offshore
si,h2141,0.11145496544217452,scr1982,avaConv,offshore
si,h2142,0.1080192254584242,scr1982,avaConv,offshore
si,h2143,0.11642020856413077,scr1982,avaConv,offshore
si,h2144,0.11476643745259507,scr1982,avaConv,offshore
si,h2145,0.09082201208113534,scr1982,avaConv,offshore
si,h2146,0.05015747162219513,scr1982,avaConv,offshore
si,h2147,0.021620177257315194,scr1982,avaConv,offshore
si,h2148,0.005739477348923755,scr1982,avaConv,offshore
si,h2149,0.001187200527654723,scr1982,avaConv,offshore
si,h2150,0.0,scr1982,avaConv,offshore
si,h2151,0.0,scr1982,avaConv,offshore
si,h2152,0.0,scr1982,avaConv,offshore
si,h2153,0.0,scr1982,avaConv,offshore
si,h2154,0.0,scr1982,avaConv,offshore
si,h2155,0.0,scr1982,avaConv,offshore
si,h2156,0.0006503701585157408,scr1982,avaConv,offshore
si,h2157,0.004119973326153597,scr1982,avaConv,offshore
si,h2158,0.010688050996730628,scr1982,avaConv,offshore
si,h2159,0.014765326226216053,scr1982,avaConv,offshore
si,h2160,0.012725644327183499,scr1982,avaConv,offshore
uk,h1441,0.5104181682275065,scr1982,avaConv,offshore
uk,h1442,0.5707493836896104,scr1982,avaConv,offshore
uk,h1443,0.639831434456736,scr1982,avaConv,offshore
uk,h1444,0.7012280377196467,scr1982,avaConv,offshore
uk,h1445,0.7480841447510057,scr1982,avaConv,offshore
uk,h1446,0.7711273688759714,scr1982,avaConv,offshore
uk,h1447,0.780961871901,scr1982,avaConv,offshore
uk,h1448,0.7809015954743338,scr1982,avaConv,offshore
uk,h1449,0.7782959681298599,scr1982,avaConv,offshore
uk,h1450,0.7722832679342068,scr1982,avaConv,offshore
uk,h1451,0.7691719880864476,scr1982,avaConv,offshore
uk,h1452,0.76415060160911,scr1982,avaConv,offshore
uk,h1453,0.7548152588039537,scr1982,avaConv,offshore
uk,h1454,0.7428434931344766,scr1982,avaConv,offshore
uk,h1455,0.7419776003855169,scr1982,avaConv,offshore
uk,h1456,0.7368942087956986,scr1982,avaConv,offshore
uk,h1457,0.7291784572325595,scr1982,avaConv,offshore
uk,h1458,0.7179966702296242,scr1982,avaConv,offshore
uk,h1459,0.7182094365258606,scr1982,avaConv,offshore
uk,h1460,0.7093137212340613,scr1982,avaConv,offshore
uk,h1461,0.685834929477189,scr1982,avaConv,offshore
uk,h1462,0.6561529837098918,scr1982,avaConv,offshore
uk,h1463,0.6647108237121951,scr1982,avaConv,offshore
uk,h1464,0.7141166309839363,scr1982,avaConv,offshore
uk,h1465,0.7697727160495162,scr1982,avaConv,offshore
uk,h1466,0.7850711600331295,scr1982,avaConv,offshore
uk,h1467,0.7428200208558261,scr1982,avaConv,offshore
uk,h1468,0.6697973329168682,scr1982,avaConv,offshore
uk,h1469,0.5921165175253132,scr1982,avaConv,offshore
uk,h1470,0.5287811711838116,scr1982,avaConv,offshore
uk,h1471,0.4876148917389506,scr1982,avaConv,offshore
uk,h1472,0.469595418882592,scr1982,avaConv,offshore
uk,h1473,0.4679531650768072,scr1982,avaConv,offshore
uk,h1474,0.4710900735708719,scr1982,avaConv,offshore
uk,h1475,0.45398751511285873,scr1982,avaConv,offshore
uk,h1476,0.4334113440561059,scr1982,avaConv,offshore
uk,h1477,0.4134876369034598,scr1982,avaConv,offshore
uk,h1478,0.42666418499846415,scr1982,avaConv,offshore
uk,h1479,0.4505212148872086,scr1982,avaConv,offshore
uk,h1480,0.46958354237655997,scr1982,avaConv,offshore
uk,h1481,0.4564228877315461,scr1982,avaConv,offshore
uk,h1482,0.41994033731304214,scr1982,avaConv,offshore
uk,h1483,0.3859689639731216,scr1982,avaConv,offshore
uk,h1484,0.3708873703470097,scr1982,avaConv,offshore
uk,h1485,0.3575654747780038,scr1982,avaConv,offshore
uk,h1486,0.34099302712791096,scr1982,avaConv,offshore
uk,h1487,0.30839958846829596,scr1982,avaConv,offshore
uk,h1488,0.28057758367755764,scr1982,avaConv,offshore
uk,h1489,0.24938683458054403,scr1982,avaConv,offshore
uk,h1490,0.22311148842526335,scr1982,avaConv,offshore
uk,h1491,0.20321076913442823,scr1982,avaConv,offshore
uk,h1492,0.18670355052638096,scr1982,avaConv,offshore
uk,h1493,0.17760476412431833,scr1982,avaConv,offshore
uk,h1494,0.17546529959462162,scr1982,avaConv,offshore
uk,h1495,0.1871443375497502,scr1982,avaConv,offshore
uk,h1496,0.21868324365861513,scr1982,avaConv,offshore
uk,h1497,0.2661317712838578,scr1982,avaConv,offshore
uk,h1498,0.32053970664222015,scr1982,avaConv,offshore
uk,h1499,0.3821190399779646,scr1982,avaConv,offshore
uk,h1500,0.42098797092046064,scr1982,avaConv,offshore
uk,h1501,0.4386754204166403,scr1982,avaConv,offshore
uk,h1502,0.42946866405098716,scr1982,avaConv,offshore
uk,h1503,0.4227442804196675,scr1982,avaConv,offshore
uk,h1504,0.4208474469450499,scr1982,avaConv,offshore
uk,h1505,0.42139737912822717,scr1982,avaConv,offshore
uk,h1506,0.4226397586807002,scr1982,avaConv,offshore
uk,h1507,0.423187974090173,scr1982,avaConv,offshore
uk,h1508,0.4232530679013428,scr1982,avaConv,offshore
uk,h1509,0.4232263348506473,scr1982,avaConv,offshore
uk,h1510,0.4270473190386499,scr1982,avaConv,offshore
uk,h1511,0.4374490237841967,scr1982,avaConv,offshore
uk,h1512,0.452068743481274,scr1982,avaConv,offshore
uk,h1513,0.5918069730580615,scr1982,avaConv,offshore
uk,h1514,0.7315454084719776,scr1982,avaConv,offshore
uk,h1515,0.8553793290398675,scr1982,avaConv,offshore
uk,h1516,0.8449273129953389,scr1982,avaConv,offshore
uk,h1517,0.8094295107157897,scr1982,avaConv,offshore
uk,h1518,0.757486268686175,scr1982,avaConv,offshore
uk,h1519,0.709529625116181,scr1982,avaConv,offshore
uk,h1520,0.6912838529431099,scr1982,avaConv,offshore
uk,h1521,0.6852442246530153,scr1982,avaConv,offshore
uk,h1522,0.688605647775775,scr1982,avaConv,offshore
uk,h1523,0.6830740865577232,scr1982,avaConv,offshore
uk,h1524,0.6928550805112595,scr1982,avaConv,offshore
uk,h1525,0.6911850415274077,scr1982,avaConv,offshore
uk,h1526,0.6708561148997341,scr1982,avaConv,offshore
uk,h1527,0.6439784254205598,scr1982,avaConv,offshore
uk,h1528,0.6330049010945626,scr1982,avaConv,offshore
uk,h1529,0.6292809915700603,scr1982,avaConv,offshore
uk,h1530,0.6012546417817952,scr1982,avaConv,offshore
uk,h1531,0.5307978891228463,scr1982,avaConv,offshore
uk,h1532,0.46471441972054983,scr1982,avaConv,offshore
uk,h1533,0.39950135415377924,scr1982,avaConv,offshore
uk,h1534,0.4409504889224694,scr1982,avaConv,offshore
uk,h1535,0.5284485795287416,scr1982,avaConv,offshore
uk,h1536,0.5806168280441693,scr1982,avaConv,offshore
uk,h1537,0.5623224262772483,scr1982,avaConv,offshore
uk,h1538,0.5002682736035657,scr1982,avaConv,offshore
uk,h1539,0.5055483299069149,scr1982,avaConv,offshore
uk,h1540,0.5260510645060185,scr1982,avaConv,offshore
uk,h1541,0.5374352834774847,scr1982,avaConv,offshore
uk,h1542,0.5249153230185952,scr1982,avaConv,offshore
uk,h1543,0.4911232839146453,scr1982,avaConv,offshore
uk,h1544,0.4414109912177603,scr1982,avaConv,offshore
uk,h1545,0.3862812441129676,scr1982,avaConv,offshore
uk,h1546,0.3335140679060165,scr1982,avaConv,offshore
uk,h1547,0.2968421146276828,scr1982,avaConv,offshore
uk,h1548,0.27439538798925933,scr1982,avaConv,offshore
uk,h1549,0.2610388879659122,scr1982,avaConv,offshore
uk,h1550,0.25101723864537184,scr1982,avaConv,offshore
uk,h1551,0.23854030884924363,scr1982,avaConv,offshore
uk,h1552,0.21367727631528097,scr1982,avaConv,offshore
uk,h1553,0.17622286922970495,scr1982,avaConv,offshore
uk,h1554,0.13988594255829254,scr1982,avaConv,offshore
uk,h1555,0.11564698123769615,scr1982,avaConv,offshore
uk,h1556,0.1003548153961809,scr1982,avaConv,offshore
uk,h1557,0.08919701602867766,scr1982,avaConv,offshore
uk,h1558,0.08346650242451623,scr1982,avaConv,offshore
uk,h1559,0.08494568539788024,scr1982,avaConv,offshore
uk,h1560,0.08960414026675907,scr1982,avaConv,offshore
uk,h1561,0.09121898793060257,scr1982,avaConv,offshore
uk,h1562,0.09123037586324337,scr1982,avaConv,offshore
uk,h1563,0.09821942775566903,scr1982,avaConv,offshore
uk,h1564,0.1198496381096163,scr1982,avaConv,offshore
uk,h1565,0.15112893105520414,scr1982,avaConv,offshore
uk,h1566,0.18470421553010022,scr1982,avaConv,offshore
uk,h1567,0.22033935704674054,scr1982,avaConv,offshore
uk,h1568,0.262966924184927,scr1982,avaConv,offshore
uk,h1569,0.31057456318381704,scr1982,avaConv,offshore
uk,h1570,0.3611487721418469,scr1982,avaConv,offshore
uk,h1571,0.4012245020930662,scr1982,avaConv,offshore
uk,h1572,0.449097794894008,scr1982,avaConv,offshore
uk,h1573,0.5039597139694509,scr1982,avaConv,offshore
uk,h1574,0.5755296733829895,scr1982,avaConv,offshore
uk,h1575,0.6547163681371434,scr1982,avaConv,offshore
uk,h1576,0.7353473879462453,scr1982,avaConv,offshore
uk,h1577,0.807088739519052,scr1982,avaConv,offshore
uk,h1578,0.8562623898338363,scr1982,avaConv,offshore
uk,h1579,0.8815831370458602,scr1982,avaConv,offshore
uk,h1580,0.8913161848646295,scr1982,avaConv,offshore
uk,h1581,0.8959008931512515,scr1982,avaConv,offshore
uk,h1582,0.900883166206165,scr1982,avaConv,offshore
uk,h1583,0.9088228893200095,scr1982,avaConv,offshore
uk,h1584,0.9151390889139163,scr1982,avaConv,offshore
uk,h1585,0.9193925669742805,scr1982,avaConv,offshore
uk,h1586,0.9198232088753658,scr1982,avaConv,offshore
uk,h1587,0.9183837648860365,scr1982,avaConv,offshore
uk,h1588,0.9161776749291253,scr1982,avaConv,offshore
uk,h1589,0.9133213677596448,scr1982,avaConv,offshore
uk,h1590,0.9101752208192021,scr1982,avaConv,offshore
uk,h1591,0.907181886192809,scr1982,avaConv,offshore
uk,h1592,0.904563972597508,scr1982,avaConv,offshore
uk,h1593,0.9028434151903759,scr1982,avaConv,offshore
uk,h1594,0.9004220401157996,scr1982,avaConv,offshore
uk,h1595,0.8971703883434116,scr1982,avaConv,offshore
uk,h1596,0.8939510962357659,scr1982,avaConv,offshore
uk,h1597,0.8874522320712982,scr1982,avaConv,offshore
uk,h1598,0.87331802728806,scr1982,avaConv,offshore
uk,h1599,0.846609083215208,scr1982,avaConv,offshore
uk,h1600,0.8124056862693637,scr1982,avaConv,offshore
uk,h1601,0.7781344900455085,scr1982,avaConv,offshore
uk,h1602,0.7439061209215895,scr1982,avaConv,offshore
uk,h1603,0.7128890456818322,scr1982,avaConv,offshore
uk,h1604,0.6892120197652171,scr1982,avaConv,offshore
uk,h1605,0.6787291788523139,scr1982,avaConv,offshore
uk,h1606,0.6746617334889526,scr1982,avaConv,offshore
uk,h1607,0.6679878741643185,scr1982,avaConv,offshore
uk,h1608,0.6590631514485324,scr1982,avaConv,offshore
uk,h1609,0.6387007080443474,scr1982,avaConv,offshore
uk,h1610,0.6146461381708873,scr1982,avaConv,offshore
uk,h1611,0.5879747348402579,scr1982,avaConv,offshore
uk,h1612,0.5741119394839265,scr1982,avaConv,offshore
uk,h1613,0.5772824823586679,scr1982,avaConv,offshore
uk,h1614,0.5868262939658401,scr1982,avaConv,offshore
uk,h1615,0.5858172035571205,scr1982,avaConv,offshore
uk,h1616,0.5710307798803652,scr1982,avaConv,offshore
uk,h1617,0.5522917329697474,scr1982,avaConv,offshore
uk,h1618,0.5418306411328057,scr1982,avaConv,offshore
uk,h1619,0.5189094753605992,scr1982,avaConv,offshore
uk,h1620,0.4756814531790546,scr1982,avaConv,offshore
uk,h1621,0.43100486021990503,scr1982,avaConv,offshore
uk,h1622,0.40496530832106375,scr1982,avaConv,offshore
uk,h1623,0.40807810786940457,scr1982,avaConv,offshore
uk,h1624,0.42493472527141346,scr1982,avaConv,offshore
uk,h1625,0.4441434503755954,scr1982,avaConv,offshore
uk,h1626,0.4514215320304707,scr1982,avaConv,offshore
uk,h1627,0.44326831610564843,scr1982,avaConv,offshore
uk,h1628,0.43499194212770925,scr1982,avaConv,offshore
uk,h1629,0.4407247740040221,scr1982,avaConv,offshore
uk,h1630,0.4636162960091311,scr1982,avaConv,offshore
uk,h1631,0.4797242204634558,scr1982,avaConv,offshore
uk,h1632,0.5148155810456527,scr1982,avaConv,offshore
uk,h1633,0.5674401140683781,scr1982,avaConv,offshore
uk,h1634,0.6269966513693422,scr1982,avaConv,offshore
uk,h1635,0.6493447695045045,scr1982,avaConv,offshore
uk,h1636,0.6459928924313748,scr1982,avaConv,offshore
uk,h1637,0.6413215064240702,scr1982,avaConv,offshore
uk,h1638,0.6441599373148371,scr1982,avaConv,offshore
uk,h1639,0.6362480629044301,scr1982,avaConv,offshore
uk,h1640,0.6212058360623711,scr1982,avaConv,offshore
uk,h1641,0.6094239157369035,scr1982,avaConv,offshore
uk,h1642,0.611775793051952,scr1982,avaConv,offshore
uk,h1643,0.5698180980599867,scr1982,avaConv,offshore
uk,h1644,0.5235185416385111,scr1982,avaConv,offshore
uk,h1645,0.4759183708295687,scr1982,avaConv,offshore
uk,h1646,0.48970123988214587,scr1982,avaConv,offshore
uk,h1647,0.5109267590782315,scr1982,avaConv,offshore
uk,h1648,0.5076263644514609,scr1982,avaConv,offshore
uk,h1649,0.48244566010615586,scr1982,avaConv,offshore
uk,h1650,0.45002073387128044,scr1982,avaConv,offshore
uk,h1651,0.443033859811123,scr1982,avaConv,offshore
uk,h1652,0.447579858055783,scr1982,avaConv,offshore
uk,h1653,0.4503177949733187,scr1982,avaConv,offshore
uk,h1654,0.45022728269420437,scr1982,avaConv,offshore
uk,h1655,0.4405531490793743,scr1982,avaConv,offshore
uk,h1656,0.4649751224983838,scr1982,avaConv,offshore
uk,h1657,0.4780654271517464,scr1982,avaConv,offshore
uk,h1658,0.4854785854393446,scr1982,avaConv,offshore
uk,h1659,0.46329528367728107,scr1982,avaConv,offshore
uk,h1660,0.4432421489013674,scr1982,avaConv,offshore
uk,h1661,0.4348841610664205,scr1982,avaConv,offshore
uk,h1662,0.43273103722498973,scr1982,avaConv,offshore
uk,h1663,0.4370418546840174,scr1982,avaConv,offshore
uk,h1664,0.4479631299713228,scr1982,avaConv,offshore
uk,h1665,0.4641014623528594,scr1982,avaConv,offshore
uk,h1666,0.4833511951543641,scr1982,avaConv,offshore
uk,h1667,0.4832601920644174,scr1982,avaConv,offshore
uk,h1668,0.44946342992945854,scr1982,avaConv,offshore
uk,h1669,0.4139718306720833,scr1982,avaConv,offshore
uk,h1670,0.3980469457672916,scr1982,avaConv,offshore
uk,h1671,0.395383212928348,scr1982,avaConv,offshore
uk,h1672,0.3874482189017375,scr1982,avaConv,offshore
uk,h1673,0.37003148140697417,scr1982,avaConv,offshore
uk,h1674,0.37510163313624706,scr1982,avaConv,offshore
uk,h1675,0.4179633493145399,scr1982,avaConv,offshore
uk,h1676,0.47908536550051545,scr1982,avaConv,offshore
uk,h1677,0.5184229015644809,scr1982,avaConv,offshore
uk,h1678,0.5271643846474101,scr1982,avaConv,offshore
uk,h1679,0.5498527765579931,scr1982,avaConv,offshore
uk,h1680,0.5614561245618962,scr1982,avaConv,offshore
uk,h1681,0.5959991540651645,scr1982,avaConv,offshore
uk,h1682,0.6060680701477807,scr1982,avaConv,offshore
uk,h1683,0.6376004223831315,scr1982,avaConv,offshore
uk,h1684,0.6450791342625217,scr1982,avaConv,offshore
uk,h1685,0.647110381630515,scr1982,avaConv,offshore
uk,h1686,0.645889882486602,scr1982,avaConv,offshore
uk,h1687,0.6424253358542991,scr1982,avaConv,offshore
uk,h1688,0.6357943328903709,scr1982,avaConv,offshore
uk,h1689,0.6252795087780684,scr1982,avaConv,offshore
uk,h1690,0.6128800843059857,scr1982,avaConv,offshore
uk,h1691,0.6090794996029515,scr1982,avaConv,offshore
uk,h1692,0.6172710871073844,scr1982,avaConv,offshore
uk,h1693,0.6379203400819056,scr1982,avaConv,offshore
uk,h1694,0.6633850239344402,scr1982,avaConv,offshore
uk,h1695,0.688020801972143,scr1982,avaConv,offshore
uk,h1696,0.7089747595993491,scr1982,avaConv,offshore
uk,h1697,0.7300447034749132,scr1982,avaConv,offshore
uk,h1698,0.7533965452731106,scr1982,avaConv,offshore
uk,h1699,0.7795599705053866,scr1982,avaConv,offshore
uk,h1700,0.7981201933971265,scr1982,avaConv,offshore
uk,h1701,0.8060753207168998,scr1982,avaConv,offshore
uk,h1702,0.8047419860932059,scr1982,avaConv,offshore
uk,h1703,0.770845253929446,scr1982,avaConv,offshore
uk,h1704,0.7159158159063346,scr1982,avaConv,offshore
uk,h1705,0.6521605723004885,scr1982,avaConv,offshore
uk,h1706,0.6091065780297519,scr1982,avaConv,offshore
uk,h1707,0.5794700872857149,scr1982,avaConv,offshore
uk,h1708,0.5489389567634778,scr1982,avaConv,offshore
uk,h1709,0.5087029984903523,scr1982,avaConv,offshore
uk,h1710,0.4557231517390963,scr1982,avaConv,offshore
uk,h1711,0.39913682289173485,scr1982,avaConv,offshore
uk,h1712,0.363281544177035,scr1982,avaConv,offshore
uk,h1713,0.3556194069198144,scr1982,avaConv,offshore
uk,h1714,0.352907416367742,scr1982,avaConv,offshore
uk,h1715,0.33984660130650296,scr1982,avaConv,offshore
uk,h1716,0.31392587434960995,scr1982,avaConv,offshore
uk,h1717,0.29197563742303584,scr1982,avaConv,offshore
uk,h1718,0.27260883256222523,scr1982,avaConv,offshore
uk,h1719,0.2552179411926625,scr1982,avaConv,offshore
uk,h1720,0.23550565364330234,scr1982,avaConv,offshore
uk,h1721,0.2158422057737563,scr1982,avaConv,offshore
uk,h1722,0.1930927058402905,scr1982,avaConv,offshore
uk,h1723,0.17136938670694768,scr1982,avaConv,offshore
uk,h1724,0.15492121731088457,scr1982,avaConv,offshore
uk,h1725,0.14153573606710945,scr1982,avaConv,offshore
uk,h1726,0.12600975476121246,scr1982,avaConv,offshore
uk,h1727,0.11026495960890198,scr1982,avaConv,offshore
uk,h1728,0.09564589027260524,scr1982,avaConv,offshore
uk,h1729,0.08215843741721775,scr1982,avaConv,offshore
uk,h1730,0.068883811568784,scr1982,avaConv,offshore
uk,h1731,0.0562257700754683,scr1982,avaConv,offshore
uk,h1732,0.04721123270128111,scr1982,avaConv,offshore
uk,h1733,0.045271152840674976,scr1982,avaConv,offshore
uk,h1734,0.0497393545189815,scr1982,avaConv,offshore
uk,h1735,0.05210842576476195,scr1982,avaConv,offshore
uk,h1736,0.0478219628748016,scr1982,avaConv,offshore
uk,h1737,0.04295712306821586,scr1982,avaConv,offshore
uk,h1738,0.04522010957855626,scr1982,avaConv,offshore
uk,h1739,0.05981718890263033,scr1982,avaConv,offshore
uk,h1740,0.06491616417655317,scr1982,avaConv,offshore
uk,h1741,0.058448946501087826,scr1982,avaConv,offshore
uk,h1742,0.0403309608107078,scr1982,avaConv,offshore
uk,h1743,0.030447045725731467,scr1982,avaConv,offshore
uk,h1744,0.0302880819274702,scr1982,avaConv,offshore
uk,h1745,0.03775649957793315,scr1982,avaConv,offshore
uk,h1746,0.05313666775531823,scr1982,avaConv,offshore
uk,h1747,0.07788414668433381,scr1982,avaConv,offshore
uk,h1748,0.10962681791141365,scr1982,avaConv,offshore
uk,h1749,0.15308020765750863,scr1982,avaConv,offshore
uk,h1750,0.18695533287433963,scr1982,avaConv,offshore
uk,h1751,0.19610618701404955,scr1982,avaConv,offshore
uk,h1752,0.17725386103813903,scr1982,avaConv,offshore
uk,h1753,0.14511551021391703,scr1982,avaConv,offshore
uk,h1754,0.1135127246533905,scr1982,avaConv,offshore
uk,h1755,0.08237391004619181,scr1982,avaConv,offshore
uk,h1756,0.06130909961699852,scr1982,avaConv,offshore
uk,h1757,0.060573225807409224,scr1982,avaConv,offshore
uk,h1758,0.07013535321055572,scr1982,avaConv,offshore
uk,h1759,0.08362307370261667,scr1982,avaConv,offshore
uk,h1760,0.10322686659248104,scr1982,avaConv,offshore
uk,h1761,0.14374259158233008,scr1982,avaConv,offshore
uk,h1762,0.18216676082057448,scr1982,avaConv,offshore
uk,h1763,0.21544123247193903,scr1982,avaConv,offshore
uk,h1764,0.22728852095399266,scr1982,avaConv,offshore
uk,h1765,0.24365592286559057,scr1982,avaConv,offshore
uk,h1766,0.2603495423786542,scr1982,avaConv,offshore
uk,h1767,0.2801335350181488,scr1982,avaConv,offshore
uk,h1768,0.29944291442470683,scr1982,avaConv,offshore
uk,h1769,0.3258179232944793,scr1982,avaConv,offshore
uk,h1770,0.3651234996455993,scr1982,avaConv,offshore
uk,h1771,0.419270290312922,scr1982,avaConv,offshore
uk,h1772,0.47518193513104723,scr1982,avaConv,offshore
uk,h1773,0.5184514372600346,scr1982,avaConv,offshore
uk,h1774,0.5353331639391818,scr1982,avaConv,offshore
uk,h1775,0.5126402509540557,scr1982,avaConv,offshore
uk,h1776,0.47752114974785737,scr1982,avaConv,offshore
uk,h1777,0.4432149493720539,scr1982,avaConv,offshore
uk,h1778,0.42038864679818744,scr1982,avaConv,offshore
uk,h1779,0.39121017014875886,scr1982,avaConv,offshore
uk,h1780,0.3512074660666566,scr1982,avaConv,offshore
uk,h1781,0.31550672689043063,scr1982,avaConv,offshore
uk,h1782,0.2885204342673356,scr1982,avaConv,offshore
uk,h1783,0.2720747286320933,scr1982,avaConv,offshore
uk,h1784,0.2599370013377091,scr1982,avaConv,offshore
uk,h1785,0.25376558990204723,scr1982,avaConv,offshore
uk,h1786,0.24860368017722304,scr1982,avaConv,offshore
uk,h1787,0.23945041104221626,scr1982,avaConv,offshore
uk,h1788,0.220698520028958,scr1982,avaConv,offshore
uk,h1789,0.19682981538267125,scr1982,avaConv,offshore
uk,h1790,0.17454055849803896,scr1982,avaConv,offshore
uk,h1791,0.1651140373751958,scr1982,avaConv,offshore
uk,h1792,0.16749345546381397,scr1982,avaConv,offshore
uk,h1793,0.178109627371671,scr1982,avaConv,offshore
uk,h1794,0.1835666430598143,scr1982,avaConv,offshore
uk,h1795,0.1823100274454165,scr1982,avaConv,offshore
uk,h1796,0.1754094359906158,scr1982,avaConv,offshore
uk,h1797,0.16618391490130777,scr1982,avaConv,offshore
uk,h1798,0.14919961985395755,scr1982,avaConv,offshore
uk,h1799,0.1282653251619417,scr1982,avaConv,offshore
uk,h1800,0.11131743486205121,scr1982,avaConv,offshore
uk,h1801,0.10870176562451879,scr1982,avaConv,offshore
uk,h1802,0.1150234823194983,scr1982,avaConv,offshore
uk,h1803,0.12141616079250551,scr1982,avaConv,offshore
uk,h1804,0.13381219429480493,scr1982,avaConv,offshore
uk,h1805,0.16156625976229305,scr1982,avaConv,offshore
uk,h1806,0.204964861328247,scr1982,avaConv,offshore
uk,h1807,0.25686858994074946,scr1982,avaConv,offshore
uk,h1808,0.3025145883947878,scr1982,avaConv,offshore
uk,h1809,0.33827532258701304,scr1982,avaConv,offshore
uk,h1810,0.3612323782089106,scr1982,avaConv,offshore
uk,h1811,0.3742507334416368,scr1982,avaConv,offshore
uk,h1812,0.3735200542992914,scr1982,avaConv,offshore
uk,h1813,0.35954659043056547,scr1982,avaConv,offshore
uk,h1814,0.34157533922967814,scr1982,avaConv,offshore
uk,h1815,0.32983670531058595,scr1982,avaConv,offshore
uk,h1816,0.3226318397293188,scr1982,avaConv,offshore
uk,h1817,0.31232840762862035,scr1982,avaConv,offshore
uk,h1818,0.29140464900049345,scr1982,avaConv,offshore
uk,h1819,0.25928846881391604,scr1982,avaConv,offshore
uk,h1820,0.21730415141527185,scr1982,avaConv,offshore
uk,h1821,0.17428815285851648,scr1982,avaConv,offshore
uk,h1822,0.13881226954404507,scr1982,avaConv,offshore
uk,h1823,0.1258800206379384,scr1982,avaConv,offshore
uk,h1824,0.11526220815157287,scr1982,avaConv,offshore
uk,h1825,0.1051842077040382,scr1982,avaConv,offshore
uk,h1826,0.08283677617637565,scr1982,avaConv,offshore
uk,h1827,0.07026489659598131,scr1982,avaConv,offshore
uk,h1828,0.07217146734541276,scr1982,avaConv,offshore
uk,h1829,0.09121611674270572,scr1982,avaConv,offshore
uk,h1830,0.1243287044752926,scr1982,avaConv,offshore
uk,h1831,0.16338226561643315,scr1982,avaConv,offshore
uk,h1832,0.20364640726688255,scr1982,avaConv,offshore
uk,h1833,0.2439757972205289,scr1982,avaConv,offshore
uk,h1834,0.27873562187953715,scr1982,avaConv,offshore
uk,h1835,0.2965179187671268,scr1982,avaConv,offshore
uk,h1836,0.29243569620757376,scr1982,avaConv,offshore
uk,h1837,0.28389125374804997,scr1982,avaConv,offshore
uk,h1838,0.2826105126365894,scr1982,avaConv,offshore
uk,h1839,0.2801034192518943,scr1982,avaConv,offshore
uk,h1840,0.26197935864632593,scr1982,avaConv,offshore
uk,h1841,0.23097173570075386,scr1982,avaConv,offshore
uk,h1842,0.20970198034416931,scr1982,avaConv,offshore
uk,h1843,0.216258322767294,scr1982,avaConv,offshore
uk,h1844,0.2476651454417588,scr1982,avaConv,offshore
uk,h1845,0.28777868610299046,scr1982,avaConv,offshore
uk,h1846,0.31880758072953236,scr1982,avaConv,offshore
uk,h1847,0.3289263119417704,scr1982,avaConv,offshore
uk,h1848,0.32657875569782713,scr1982,avaConv,offshore
uk,h1849,0.5298156017936243,scr1982,avaConv,offshore
uk,h1850,0.7194471932441977,scr1982,avaConv,offshore
uk,h1851,0.9033258908750945,scr1982,avaConv,offshore
uk,h1852,0.9029022498729997,scr1982,avaConv,offshore
uk,h1853,0.903536520541692,scr1982,avaConv,offshore
uk,h1854,0.9024541795209104,scr1982,avaConv,offshore
uk,h1855,0.9026666458321935,scr1982,avaConv,offshore
uk,h1856,0.9043385172963263,scr1982,avaConv,offshore
uk,h1857,0.9031504182177233,scr1982,avaConv,offshore
uk,h1858,0.8975091571119246,scr1982,avaConv,offshore
uk,h1859,0.8843044588110363,scr1982,avaConv,offshore
uk,h1860,0.8672293483951564,scr1982,avaConv,offshore
uk,h1861,0.854738414050411,scr1982,avaConv,offshore
uk,h1862,0.8499122239947705,scr1982,avaConv,offshore
uk,h1863,0.8546477462474367,scr1982,avaConv,offshore
uk,h1864,0.8612858068763096,scr1982,avaConv,offshore
uk,h1865,0.8717114325458425,scr1982,avaConv,offshore
uk,h1866,0.8793861417142483,scr1982,avaConv,offshore
uk,h1867,0.8830348642667345,scr1982,avaConv,offshore
uk,h1868,0.8828806516883961,scr1982,avaConv,offshore
uk,h1869,0.8819984109255303,scr1982,avaConv,offshore
uk,h1870,0.8768136391511614,scr1982,avaConv,offshore
uk,h1871,0.8760835171989129,scr1982,avaConv,offshore
uk,h1872,0.8699254850264195,scr1982,avaConv,offshore
uk,h1873,0.8605051150709515,scr1982,avaConv,offshore
uk,h1874,0.8395782160838889,scr1982,avaConv,offshore
uk,h1875,0.8182055497101985,scr1982,avaConv,offshore
uk,h1876,0.7929471323670625,scr1982,avaConv,offshore
uk,h1877,0.7641425492537651,scr1982,avaConv,offshore
uk,h1878,0.7359727716117522,scr1982,avaConv,offshore
uk,h1879,0.7157579106058178,scr1982,avaConv,offshore
uk,h1880,0.6965327017237768,scr1982,avaConv,offshore
uk,h1881,0.6726286874369068,scr1982,avaConv,offshore
uk,h1882,0.6471486811311455,scr1982,avaConv,offshore
uk,h1883,0.6550328684722788,scr1982,avaConv,offshore
uk,h1884,0.6605235528538375,scr1982,avaConv,offshore
uk,h1885,0.6567429564468255,scr1982,avaConv,offshore
uk,h1886,0.6195893283306797,scr1982,avaConv,offshore
uk,h1887,0.5918096237741706,scr1982,avaConv,offshore
uk,h1888,0.589112344222012,scr1982,avaConv,offshore
uk,h1889,0.6099730063845552,scr1982,avaConv,offshore
uk,h1890,0.6439144564190492,scr1982,avaConv,offshore
uk,h1891,0.6808493363868872,scr1982,avaConv,offshore
uk,h1892,0.7107074700751017,scr1982,avaConv,offshore
uk,h1893,0.7329446012021743,scr1982,avaConv,offshore
uk,h1894,0.7367901774334945,scr1982,avaConv,offshore
uk,h1895,0.7453157840983078,scr1982,avaConv,offshore
uk,h1896,0.7682349403265896,scr1982,avaConv,offshore
uk,h1897,0.8032775454229892,scr1982,avaConv,offshore
uk,h1898,0.8278015505993827,scr1982,avaConv,offshore
uk,h1899,0.8317972043583687,scr1982,avaConv,offshore
uk,h1900,0.8299239946819978,scr1982,avaConv,offshore
uk,h1901,0.8312630707312365,scr1982,avaConv,offshore
uk,h1902,0.8388012209316505,scr1982,avaConv,offshore
uk,h1903,0.8436856442179453,scr1982,avaConv,offshore
uk,h1904,0.8422350955226393,scr1982,avaConv,offshore
uk,h1905,0.8425150010461996,scr1982,avaConv,offshore
uk,h1906,0.8407752027177923,scr1982,avaConv,offshore
uk,h1907,0.830331918199944,scr1982,avaConv,offshore
uk,h1908,0.7961880504672328,scr1982,avaConv,offshore
uk,h1909,0.7559701243526276,scr1982,avaConv,offshore
uk,h1910,0.7278320111108049,scr1982,avaConv,offshore
uk,h1911,0.727226141712785,scr1982,avaConv,offshore
uk,h1912,0.7432389794894337,scr1982,avaConv,offshore
uk,h1913,0.761416696235856,scr1982,avaConv,offshore
uk,h1914,0.766763299383357,scr1982,avaConv,offshore
uk,h1915,0.7594459099682616,scr1982,avaConv,offshore
uk,h1916,0.7429046675454343,scr1982,avaConv,offshore
uk,h1917,0.724009113899671,scr1982,avaConv,offshore
uk,h1918,0.6965857322881096,scr1982,avaConv,offshore
uk,h1919,0.689904356633763,scr1982,avaConv,offshore
uk,h1920,0.6832615521296377,scr1982,avaConv,offshore
uk,h1921,0.6899649119337021,scr1982,avaConv,offshore
uk,h1922,0.6851921645612723,scr1982,avaConv,offshore
uk,h1923,0.6864988422911992,scr1982,avaConv,offshore
uk,h1924,0.6815048004962537,scr1982,avaConv,offshore
uk,h1925,0.6592244864732939,scr1982,avaConv,offshore
uk,h1926,0.6235272403548744,scr1982,avaConv,offshore
uk,h1927,0.601977549510708,scr1982,avaConv,offshore
uk,h1928,0.596419702452788,scr1982,avaConv,offshore
uk,h1929,0.5968127592084402,scr1982,avaConv,offshore
uk,h1930,0.5753005474444303,scr1982,avaConv,offshore
uk,h1931,0.5487203715765252,scr1982,avaConv,offshore
uk,h1932,0.5098645588705194,scr1982,avaConv,offshore
uk,h1933,0.4618338279017517,scr1982,avaConv,offshore
uk,h1934,0.4004951655313079,scr1982,avaConv,offshore
uk,h1935,0.34581680684152044,scr1982,avaConv,offshore
uk,h1936,0.30666112762990616,scr1982,avaConv,offshore
uk,h1937,0.2796633117307606,scr1982,avaConv,offshore
uk,h1938,0.26529514049157416,scr1982,avaConv,offshore
uk,h1939,0.2594183012286868,scr1982,avaConv,offshore
uk,h1940,0.2500761605294208,scr1982,avaConv,offshore
uk,h1941,0.2445435687419914,scr1982,avaConv,offshore
uk,h1942,0.23800687644893803,scr1982,avaConv,offshore
uk,h1943,0.24331900527941702,scr1982,avaConv,offshore
uk,h1944,0.2412334655232405,scr1982,avaConv,offshore
uk,h1945,0.24656537322212843,scr1982,avaConv,offshore
uk,h1946,0.2517919500515944,scr1982,avaConv,offshore
uk,h1947,0.2573925288361761,scr1982,avaConv,offshore
uk,h1948,0.2605703485329125,scr1982,avaConv,offshore
uk,h1949,0.2820109762082046,scr1982,avaConv,offshore
uk,h1950,0.33407814394285795,scr1982,avaConv,offshore
uk,h1951,0.38117149809779083,scr1982,avaConv,offshore
uk,h1952,0.4315357156536296,scr1982,avaConv,offshore
uk,h1953,0.4796432224100039,scr1982,avaConv,offshore
uk,h1954,0.5367917887826538,scr1982,avaConv,offshore
uk,h1955,0.5957917214158331,scr1982,avaConv,offshore
uk,h1956,0.6507926372108159,scr1982,avaConv,offshore
uk,h1957,0.7160885848234445,scr1982,avaConv,offshore
uk,h1958,0.7826204920640374,scr1982,avaConv,offshore
uk,h1959,0.8448035289356483,scr1982,avaConv,offshore
uk,h1960,0.8938321546141968,scr1982,avaConv,offshore
uk,h1961,0.9186598549560432,scr1982,avaConv,offshore
uk,h1962,0.9284415343892265,scr1982,avaConv,offshore
uk,h1963,0.9275925952292614,scr1982,avaConv,offshore
uk,h1964,0.9181395055995354,scr1982,avaConv,offshore
uk,h1965,0.899519560612597,scr1982,avaConv,offshore
uk,h1966,0.8699423551179317,scr1982,avaConv,offshore
uk,h1967,0.8453704733667002,scr1982,avaConv,offshore
uk,h1968,0.8265722676524251,scr1982,avaConv,offshore
uk,h1969,0.818789706204209,scr1982,avaConv,offshore
uk,h1970,0.8074989464241834,scr1982,avaConv,offshore
uk,h1971,0.7916201895635128,scr1982,avaConv,offshore
uk,h1972,0.7733793722032499,scr1982,avaConv,offshore
uk,h1973,0.747334604976109,scr1982,avaConv,offshore
uk,h1974,0.7131820335731972,scr1982,avaConv,offshore
uk,h1975,0.6696096525802758,scr1982,avaConv,offshore
uk,h1976,0.6343358933186926,scr1982,avaConv,offshore
uk,h1977,0.6104739164183123,scr1982,avaConv,offshore
uk,h1978,0.5925085228935005,scr1982,avaConv,offshore
uk,h1979,0.5774429884982885,scr1982,avaConv,offshore
uk,h1980,0.5564907441395478,scr1982,avaConv,offshore
uk,h1981,0.5351453363756685,scr1982,avaConv,offshore
uk,h1982,0.5230569838088255,scr1982,avaConv,offshore
uk,h1983,0.5260156317658011,scr1982,avaConv,offshore
uk,h1984,0.5472747729293691,scr1982,avaConv,offshore
uk,h1985,0.5737983296912913,scr1982,avaConv,offshore
uk,h1986,0.6033855402536681,scr1982,avaConv,offshore
uk,h1987,0.6179425656806241,scr1982,avaConv,offshore
uk,h1988,0.606628223677633,scr1982,avaConv,offshore
uk,h1989,0.587482827256045,scr1982,avaConv,offshore
uk,h1990,0.5847125535737765,scr1982,avaConv,offshore
uk,h1991,0.5980542179254693,scr1982,avaConv,offshore
uk,h1992,0.6087147609620093,scr1982,avaConv,offshore
uk,h1993,0.6065348689749396,scr1982,avaConv,offshore
uk,h1994,0.5984572190700891,scr1982,avaConv,offshore
uk,h1995,0.5895406226858745,scr1982,avaConv,offshore
uk,h1996,0.5628969560945803,scr1982,avaConv,offshore
uk,h1997,0.5193634175732688,scr1982,avaConv,offshore
uk,h1998,0.46764017796976304,scr1982,avaConv,offshore
uk,h1999,0.4288764115787905,scr1982,avaConv,offshore
uk,h2000,0.4062265117916602,scr1982,avaConv,offshore
uk,h2001,0.39288539086098095,scr1982,avaConv,offshore
uk,h2002,0.3858323251676631,scr1982,avaConv,offshore
uk,h2003,0.38693523924997,scr1982,avaConv,offshore
uk,h2004,0.3822546813036101,scr1982,avaConv,offshore
uk,h2005,0.3721097838442674,scr1982,avaConv,offshore
uk,h2006,0.3590397811646129,scr1982,avaConv,offshore
uk,h2007,0.36294769413456157,scr1982,avaConv,offshore
uk,h2008,0.38432242813309286,scr1982,avaConv,offshore
uk,h2009,0.4207218724045933,scr1982,avaConv,offshore
uk,h2010,0.4698198140004562,scr1982,avaConv,offshore
uk,h2011,0.5204708400076513,scr1982,avaConv,offshore
uk,h2012,0.5493962537244821,scr1982,avaConv,offshore
uk,h2013,0.5330512011170162,scr1982,avaConv,offshore
uk,h2014,0.4874353347153753,scr1982,avaConv,offshore
uk,h2015,0.43352743091077417,scr1982,avaConv,offshore
uk,h2016,0.40549450557372835,scr1982,avaConv,offshore
uk,h2017,0.4551230158011793,scr1982,avaConv,offshore
uk,h2018,0.49938094348185796,scr1982,avaConv,offshore
uk,h2019,0.52466551926018,scr1982,avaConv,offshore
uk,h2020,0.47286742200074366,scr1982,avaConv,offshore
uk,h2021,0.4208524617814558,scr1982,avaConv,offshore
uk,h2022,0.3743888759914131,scr1982,avaConv,offshore
uk,h2023,0.33773140193064055,scr1982,avaConv,offshore
uk,h2024,0.31340206599541776,scr1982,avaConv,offshore
uk,h2025,0.30963027126021586,scr1982,avaConv,offshore
uk,h2026,0.3231790679420995,scr1982,avaConv,offshore
uk,h2027,0.34104674366792853,scr1982,avaConv,offshore
uk,h2028,0.33555344148183847,scr1982,avaConv,offshore
uk,h2029,0.3160062097810438,scr1982,avaConv,offshore
uk,h2030,0.29053361477554884,scr1982,avaConv,offshore
uk,h2031,0.2735017741776177,scr1982,avaConv,offshore
uk,h2032,0.24852097092638628,scr1982,avaConv,offshore
uk,h2033,0.21926038765338135,scr1982,avaConv,offshore
uk,h2034,0.19337318576968862,scr1982,avaConv,offshore
uk,h2035,0.17970562055994524,scr1982,avaConv,offshore
uk,h2036,0.17455286738674486,scr1982,avaConv,offshore
uk,h2037,0.17448043110247147,scr1982,avaConv,offshore
uk,h2038,0.18286553735972555,scr1982,avaConv,offshore
uk,h2039,0.21241893067068995,scr1982,avaConv,offshore
uk,h2040,0.26194930533404054,scr1982,avaConv,offshore
uk,h2041,0.3254239188442813,scr1982,avaConv,offshore
uk,h2042,0.3816376517368945,scr1982,avaConv,offshore
uk,h2043,0.4379288532849167,scr1982,avaConv,offshore
uk,h2044,0.5034257581909638,scr1982,avaConv,offshore
uk,h2045,0.5639495904804043,scr1982,avaConv,offshore
uk,h2046,0.5872815598496188,scr1982,avaConv,offshore
uk,h2047,0.5559768748337371,scr1982,avaConv,offshore
uk,h2048,0.4932390989940509,scr1982,avaConv,offshore
uk,h2049,0.4274413206708328,scr1982,avaConv,offshore
uk,h2050,0.3768210949169397,scr1982,avaConv,offshore
uk,h2051,0.331915021290967,scr1982,avaConv,offshore
uk,h2052,0.29163110907595774,scr1982,avaConv,offshore
uk,h2053,0.2483614552527265,scr1982,avaConv,offshore
uk,h2054,0.21819116646184677,scr1982,avaConv,offshore
uk,h2055,0.19900482842362077,scr1982,avaConv,offshore
uk,h2056,0.19153384729387443,scr1982,avaConv,offshore
uk,h2057,0.1875605755441276,scr1982,avaConv,offshore
uk,h2058,0.18609510288029346,scr1982,avaConv,offshore
uk,h2059,0.18560716894231552,scr1982,avaConv,offshore
uk,h2060,0.18918434115883542,scr1982,avaConv,offshore
uk,h2061,0.1977754081071393,scr1982,avaConv,offshore
uk,h2062,0.2128631718902487,scr1982,avaConv,offshore
uk,h2063,0.2388051676580178,scr1982,avaConv,offshore
uk,h2064,0.27337725922119754,scr1982,avaConv,offshore
uk,h2065,0.3188877862918763,scr1982,avaConv,offshore
uk,h2066,0.3604624250639603,scr1982,avaConv,offshore
uk,h2067,0.39304145372494165,scr1982,avaConv,offshore
uk,h2068,0.40912313552309726,scr1982,avaConv,offshore
uk,h2069,0.42030850499331823,scr1982,avaConv,offshore
uk,h2070,0.4362240755865165,scr1982,avaConv,offshore
uk,h2071,0.4634860748523982,scr1982,avaConv,offshore
uk,h2072,0.4978337381265228,scr1982,avaConv,offshore
uk,h2073,0.537973171831266,scr1982,avaConv,offshore
uk,h2074,0.5791779936537622,scr1982,avaConv,offshore
uk,h2075,0.5975548702139257,scr1982,avaConv,offshore
uk,h2076,0.6036668032063283,scr1982,avaConv,offshore
uk,h2077,0.6017035634891227,scr1982,avaConv,offshore
uk,h2078,0.605469179703404,scr1982,avaConv,offshore
uk,h2079,0.6003233321257553,scr1982,avaConv,offshore
uk,h2080,0.5919386983221238,scr1982,avaConv,offshore
uk,h2081,0.5825309944724992,scr1982,avaConv,offshore
uk,h2082,0.5828771725467663,scr1982,avaConv,offshore
uk,h2083,0.5922872783375333,scr1982,avaConv,offshore
uk,h2084,0.6090588461246654,scr1982,avaConv,offshore
uk,h2085,0.6115939536734754,scr1982,avaConv,offshore
uk,h2086,0.5827074384547618,scr1982,avaConv,offshore
uk,h2087,0.5447003922817116,scr1982,avaConv,offshore
uk,h2088,0.5082201067345149,scr1982,avaConv,offshore
uk,h2089,0.4806828299566054,scr1982,avaConv,offshore
uk,h2090,0.4453312803757415,scr1982,avaConv,offshore
uk,h2091,0.4051252061530001,scr1982,avaConv,offshore
uk,h2092,0.35273003470070935,scr1982,avaConv,offshore
uk,h2093,0.2904940943021408,scr1982,avaConv,offshore
uk,h2094,0.22787964450084755,scr1982,avaConv,offshore
uk,h2095,0.17836466538919538,scr1982,avaConv,offshore
uk,h2096,0.14043027387252924,scr1982,avaConv,offshore
uk,h2097,0.1042534093681071,scr1982,avaConv,offshore
uk,h2098,0.07471716723414966,scr1982,avaConv,offshore
uk,h2099,0.05425812924570862,scr1982,avaConv,offshore
uk,h2100,0.03966272738868196,scr1982,avaConv,offshore
uk,h2101,0.025348834149606918,scr1982,avaConv,offshore
uk,h2102,0.01408799049854347,scr1982,avaConv,offshore
uk,h2103,0.010407955737586207,scr1982,avaConv,offshore
uk,h2104,0.011666670609771099,scr1982,avaConv,offshore
uk,h2105,0.012905704917327855,scr1982,avaConv,offshore
uk,h2106,0.01378344867553326,scr1982,avaConv,offshore
uk,h2107,0.015293881105039148,scr1982,avaConv,offshore
uk,h2108,0.019172971596032908,scr1982,avaConv,offshore
uk,h2109,0.02604749768912385,scr1982,avaConv,offshore
uk,h2110,0.03566564221743867,scr1982,avaConv,offshore
uk,h2111,0.04835654056919476,scr1982,avaConv,offshore
uk,h2112,0.06356430051320373,scr1982,avaConv,offshore
uk,h2113,0.07726769225690208,scr1982,avaConv,offshore
uk,h2114,0.0863398909669933,scr1982,avaConv,offshore
uk,h2115,0.08839249828964352,scr1982,avaConv,offshore
uk,h2116,0.08506532801591433,scr1982,avaConv,offshore
uk,h2117,0.0771613148201189,scr1982,avaConv,offshore
uk,h2118,0.06721478518250146,scr1982,avaConv,offshore
uk,h2119,0.061221295877750236,scr1982,avaConv,offshore
uk,h2120,0.061039888810188174,scr1982,avaConv,offshore
uk,h2121,0.06666675771146832,scr1982,avaConv,offshore
uk,h2122,0.07226190571701174,scr1982,avaConv,offshore
uk,h2123,0.07648561630607667,scr1982,avaConv,offshore
uk,h2124,0.07728823747509093,scr1982,avaConv,offshore
uk,h2125,0.07753732489509113,scr1982,avaConv,offshore
uk,h2126,0.07766674752297602,scr1982,avaConv,offshore
uk,h2127,0.08055314319886099,scr1982,avaConv,offshore
uk,h2128,0.08237293031704994,scr1982,avaConv,offshore
uk,h2129,0.08551180040539418,scr1982,avaConv,offshore
uk,h2130,0.09370540211055096,scr1982,avaConv,offshore
uk,h2131,0.1084682999465546,scr1982,avaConv,offshore
uk,h2132,0.1255812488520856,scr1982,avaConv,offshore
uk,h2133,0.14038904894998125,scr1982,avaConv,offshore
uk,h2134,0.15225908583833123,scr1982,avaConv,offshore
uk,h2135,0.1523866671243475,scr1982,avaConv,offshore
uk,h2136,0.15002973083077556,scr1982,avaConv,offshore
uk,h2137,0.1463202590797234,scr1982,avaConv,offshore
uk,h2138,0.15085004920589154,scr1982,avaConv,offshore
uk,h2139,0.1491162895489618,scr1982,avaConv,offshore
uk,h2140,0.1400518031751184,scr1982,avaConv,offshore
uk,h2141,0.12633258047205495,scr1982,avaConv,offshore
uk,h2142,0.11811077384519666,scr1982,avaConv,offshore
uk,h2143,0.11875345477770036,scr1982,avaConv,offshore
uk,h2144,0.12861853166376402,scr1982,avaConv,offshore
uk,h2145,0.13850914540979575,scr1982,avaConv,offshore
uk,h2146,0.14651774183514543,scr1982,avaConv,offshore
uk,h2147,0.14744355999469216,scr1982,avaConv,offshore
uk,h2148,0.14534395207031103,scr1982,avaConv,offshore
uk,h2149,0.13776527474466393,scr1982,avaConv,offshore
uk,h2150,0.13162229668296677,scr1982,avaConv,offshore
uk,h2151,0.12819111424833438,scr1982,avaConv,offshore
uk,h2152,0.127544534767407,scr1982,avaConv,offshore
uk,h2153,0.12556954585296362,scr1982,avaConv,offshore
uk,h2154,0.12388706388459236,scr1982,avaConv,offshore
uk,h2155,0.12393398819912854,scr1982,avaConv,offshore
uk,h2156,0.12412579771848115,scr1982,avaConv,offshore
uk,h2157,0.12316347981715814,scr1982,avaConv,offshore
uk,h2158,0.1227151725480741,scr1982,avaConv,offshore
uk,h2159,0.13157987988456685,scr1982,avaConv,offshore
uk,h2160,0.13389446520223441,scr1982,avaConv,offshore
ni,h1441,0.3789947648889514,scr1982,avaConv,offshore
ni,h1442,0.5487220171141229,scr1982,avaConv,offshore
ni,h1443,0.6942806138912936,scr1982,avaConv,offshore
ni,h1444,0.8088000308173094,scr1982,avaConv,offshore
ni,h1445,0.889280085093822,scr1982,avaConv,offshore
ni,h1446,0.9339196907182399,scr1982,avaConv,offshore
ni,h1447,0.9487199752916923,scr1982,avaConv,offshore
ni,h1448,0.9497579715350678,scr1982,avaConv,offshore
ni,h1449,0.9498668144112841,scr1982,avaConv,offshore
ni,h1450,0.9499388438697757,scr1982,avaConv,offshore
ni,h1451,0.9499843470896379,scr1982,avaConv,offshore
ni,h1452,0.9499932506020377,scr1982,avaConv,offshore
ni,h1453,0.9499791842289622,scr1982,avaConv,offshore
ni,h1454,0.9499656648914457,scr1982,avaConv,offshore
ni,h1455,0.9499613812011705,scr1982,avaConv,offshore
ni,h1456,0.9499703626542148,scr1982,avaConv,offshore
ni,h1457,0.9499670442225495,scr1982,avaConv,offshore
ni,h1458,0.9499056517302602,scr1982,avaConv,offshore
ni,h1459,0.9496707848476674,scr1982,avaConv,offshore
ni,h1460,0.9490223602299956,scr1982,avaConv,offshore
ni,h1461,0.9481366940378899,scr1982,avaConv,offshore
ni,h1462,0.9474530509668231,scr1982,avaConv,offshore
ni,h1463,0.9456601771109456,scr1982,avaConv,offshore
ni,h1464,0.9441441315574867,scr1982,avaConv,offshore
ni,h1465,0.941849983325055,scr1982,avaConv,offshore
ni,h1466,0.9395430678399815,scr1982,avaConv,offshore
ni,h1467,0.9319273279328012,scr1982,avaConv,offshore
ni,h1468,0.922096765972452,scr1982,avaConv,offshore
ni,h1469,0.9132687355826615,scr1982,avaConv,offshore
ni,h1470,0.9127045238643628,scr1982,avaConv,offshore
ni,h1471,0.9099628248661031,scr1982,avaConv,offshore
ni,h1472,0.8966368553357449,scr1982,avaConv,offshore
ni,h1473,0.8763142296833069,scr1982,avaConv,offshore
ni,h1474,0.8532555594241686,scr1982,avaConv,offshore
ni,h1475,0.8182520153595934,scr1982,avaConv,offshore
ni,h1476,0.7797119901906497,scr1982,avaConv,offshore
ni,h1477,0.7324738821163769,scr1982,avaConv,offshore
ni,h1478,0.6701351095455861,scr1982,avaConv,offshore
ni,h1479,0.5641403773459333,scr1982,avaConv,offshore
ni,h1480,0.43263300226573037,scr1982,avaConv,offshore
ni,h1481,0.30898995906199056,scr1982,avaConv,offshore
ni,h1482,0.23350783916180137,scr1982,avaConv,offshore
ni,h1483,0.216917747569203,scr1982,avaConv,offshore
ni,h1484,0.24122990942698574,scr1982,avaConv,offshore
ni,h1485,0.2718692227787808,scr1982,avaConv,offshore
ni,h1486,0.3012482311005886,scr1982,avaConv,offshore
ni,h1487,0.36535718124611727,scr1982,avaConv,offshore
ni,h1488,0.4351014788702002,scr1982,avaConv,offshore
ni,h1489,0.4838520212610713,scr1982,avaConv,offshore
ni,h1490,0.4816844999091306,scr1982,avaConv,offshore
ni,h1491,0.4581871164519717,scr1982,avaConv,offshore
ni,h1492,0.42802587016461774,scr1982,avaConv,offshore
ni,h1493,0.40436507807661387,scr1982,avaConv,offshore
ni,h1494,0.3984715867026181,scr1982,avaConv,offshore
ni,h1495,0.4119234115842742,scr1982,avaConv,offshore
ni,h1496,0.43244087477582654,scr1982,avaConv,offshore
ni,h1497,0.45471635742686184,scr1982,avaConv,offshore
ni,h1498,0.4887338582069232,scr1982,avaConv,offshore
ni,h1499,0.5259430809670402,scr1982,avaConv,offshore
ni,h1500,0.5653460439554592,scr1982,avaConv,offshore
ni,h1501,0.5944117348830795,scr1982,avaConv,offshore
ni,h1502,0.6293608031009001,scr1982,avaConv,offshore
ni,h1503,0.6705028321415665,scr1982,avaConv,offshore
ni,h1504,0.7207598293007194,scr1982,avaConv,offshore
ni,h1505,0.7723378359802993,scr1982,avaConv,offshore
ni,h1506,0.8134856493553708,scr1982,avaConv,offshore
ni,h1507,0.8390046408762752,scr1982,avaConv,offshore
ni,h1508,0.8485582598424274,scr1982,avaConv,offshore
ni,h1509,0.8531984986605209,scr1982,avaConv,offshore
ni,h1510,0.8554724564927119,scr1982,avaConv,offshore
ni,h1511,0.8730195549781355,scr1982,avaConv,offshore
ni,h1512,0.8898750346098879,scr1982,avaConv,offshore
ni,h1513,0.8902775470860423,scr1982,avaConv,offshore
ni,h1514,0.8840732695640244,scr1982,avaConv,offshore
ni,h1515,0.8814279984969215,scr1982,avaConv,offshore
ni,h1516,0.9096173292509239,scr1982,avaConv,offshore
ni,h1517,0.9294724569895765,scr1982,avaConv,offshore
ni,h1518,0.9458518227946373,scr1982,avaConv,offshore
ni,h1519,0.948335605926331,scr1982,avaConv,offshore
ni,h1520,0.9492853713818102,scr1982,avaConv,offshore
ni,h1521,0.9406248392521377,scr1982,avaConv,offshore
ni,h1522,0.9359804583396312,scr1982,avaConv,offshore
ni,h1523,0.9275532072015726,scr1982,avaConv,offshore
ni,h1524,0.9317586725928056,scr1982,avaConv,offshore
ni,h1525,0.9274194823014229,scr1982,avaConv,offshore
ni,h1526,0.8688862820099054,scr1982,avaConv,offshore
ni,h1527,0.7026779101611822,scr1982,avaConv,offshore
ni,h1528,0.4901742460855597,scr1982,avaConv,offshore
ni,h1529,0.40226114997641327,scr1982,avaConv,offshore
ni,h1530,0.48988454363196793,scr1982,avaConv,offshore
ni,h1531,0.6111934629377954,scr1982,avaConv,offshore
ni,h1532,0.6188902093453236,scr1982,avaConv,offshore
ni,h1533,0.5716576223833781,scr1982,avaConv,offshore
ni,h1534,0.5593404624440754,scr1982,avaConv,offshore
ni,h1535,0.5916920677925209,scr1982,avaConv,offshore
ni,h1536,0.6103417157893875,scr1982,avaConv,offshore
ni,h1537,0.6137575714045643,scr1982,avaConv,offshore
ni,h1538,0.6192527681276965,scr1982,avaConv,offshore
ni,h1539,0.6141144143101435,scr1982,avaConv,offshore
ni,h1540,0.5622330877059558,scr1982,avaConv,offshore
ni,h1541,0.48139427445609567,scr1982,avaConv,offshore
ni,h1542,0.3975345861926336,scr1982,avaConv,offshore
ni,h1543,0.32897813468112846,scr1982,avaConv,offshore
ni,h1544,0.2701807125585867,scr1982,avaConv,offshore
ni,h1545,0.21488620553932222,scr1982,avaConv,offshore
ni,h1546,0.17105790503246596,scr1982,avaConv,offshore
ni,h1547,0.13187995039361197,scr1982,avaConv,offshore
ni,h1548,0.0982350197227583,scr1982,avaConv,offshore
ni,h1549,0.06661080287720586,scr1982,avaConv,offshore
ni,h1550,0.04885582015604535,scr1982,avaConv,offshore
ni,h1551,0.04145088720412287,scr1982,avaConv,offshore
ni,h1552,0.038258830278054066,scr1982,avaConv,offshore
ni,h1553,0.033415878833581006,scr1982,avaConv,offshore
ni,h1554,0.02618243952079971,scr1982,avaConv,offshore
ni,h1555,0.017816181107432567,scr1982,avaConv,offshore
ni,h1556,0.009382071479012976,scr1982,avaConv,offshore
ni,h1557,0.003119392553642334,scr1982,avaConv,offshore
ni,h1558,0.0,scr1982,avaConv,offshore
ni,h1559,0.0,scr1982,avaConv,offshore
ni,h1560,0.0,scr1982,avaConv,offshore
ni,h1561,0.0,scr1982,avaConv,offshore
ni,h1562,0.0,scr1982,avaConv,offshore
ni,h1563,0.0,scr1982,avaConv,offshore
ni,h1564,0.0,scr1982,avaConv,offshore
ni,h1565,0.0,scr1982,avaConv,offshore
ni,h1566,0.0,scr1982,avaConv,offshore
ni,h1567,0.0,scr1982,avaConv,offshore
ni,h1568,0.0,scr1982,avaConv,offshore
ni,h1569,0.0011522425526035197,scr1982,avaConv,offshore
ni,h1570,0.0036855000343331136,scr1982,avaConv,offshore
ni,h1571,0.006534910643653407,scr1982,avaConv,offshore
ni,h1572,0.01400670569938495,scr1982,avaConv,offshore
ni,h1573,0.02724639586994575,scr1982,avaConv,offshore
ni,h1574,0.04933491496704022,scr1982,avaConv,offshore
ni,h1575,0.073417855897419,scr1982,avaConv,offshore
ni,h1576,0.09294175095976366,scr1982,avaConv,offshore
ni,h1577,0.11765118529875485,scr1982,avaConv,offshore
ni,h1578,0.1792417421992722,scr1982,avaConv,offshore
ni,h1579,0.29456261854785704,scr1982,avaConv,offshore
ni,h1580,0.44364634700527367,scr1982,avaConv,offshore
ni,h1581,0.5974673295880053,scr1982,avaConv,offshore
ni,h1582,0.7172793341224724,scr1982,avaConv,offshore
ni,h1583,0.7914703470959922,scr1982,avaConv,offshore
ni,h1584,0.8049807519150802,scr1982,avaConv,offshore
ni,h1585,0.7554928321641636,scr1982,avaConv,offshore
ni,h1586,0.649955653654947,scr1982,avaConv,offshore
ni,h1587,0.5357012629460637,scr1982,avaConv,offshore
ni,h1588,0.4613976733240454,scr1982,avaConv,offshore
ni,h1589,0.4478413700175389,scr1982,avaConv,offshore
ni,h1590,0.45973563832244635,scr1982,avaConv,offshore
ni,h1591,0.46840407495895847,scr1982,avaConv,offshore
ni,h1592,0.4650149858201711,scr1982,avaConv,offshore
ni,h1593,0.4576472926094197,scr1982,avaConv,offshore
ni,h1594,0.46861803727959417,scr1982,avaConv,offshore
ni,h1595,0.45482698533183824,scr1982,avaConv,offshore
ni,h1596,0.439292127270388,scr1982,avaConv,offshore
ni,h1597,0.4273189073891095,scr1982,avaConv,offshore
ni,h1598,0.46587743861199393,scr1982,avaConv,offshore
ni,h1599,0.4891083661215649,scr1982,avaConv,offshore
ni,h1600,0.4954203463939774,scr1982,avaConv,offshore
ni,h1601,0.5115162658211875,scr1982,avaConv,offshore
ni,h1602,0.562562464496446,scr1982,avaConv,offshore
ni,h1603,0.6021386251510711,scr1982,avaConv,offshore
ni,h1604,0.5903148007774173,scr1982,avaConv,offshore
ni,h1605,0.5223189706667777,scr1982,avaConv,offshore
ni,h1606,0.47198619196096925,scr1982,avaConv,offshore
ni,h1607,0.45991519001591,scr1982,avaConv,offshore
ni,h1608,0.5107774726806468,scr1982,avaConv,offshore
ni,h1609,0.5796419219548903,scr1982,avaConv,offshore
ni,h1610,0.6363468311406898,scr1982,avaConv,offshore
ni,h1611,0.6577781284931056,scr1982,avaConv,offshore
ni,h1612,0.6299774956622831,scr1982,avaConv,offshore
ni,h1613,0.572228677626206,scr1982,avaConv,offshore
ni,h1614,0.5058860522840377,scr1982,avaConv,offshore
ni,h1615,0.4509347243985096,scr1982,avaConv,offshore
ni,h1616,0.41200759471573584,scr1982,avaConv,offshore
ni,h1617,0.396462609116865,scr1982,avaConv,offshore
ni,h1618,0.38754303590540823,scr1982,avaConv,offshore
ni,h1619,0.374938870922007,scr1982,avaConv,offshore
ni,h1620,0.33565234959558193,scr1982,avaConv,offshore
ni,h1621,0.30309416170070513,scr1982,avaConv,offshore
ni,h1622,0.2813779085646074,scr1982,avaConv,offshore
ni,h1623,0.2544033932646644,scr1982,avaConv,offshore
ni,h1624,0.19356631275545247,scr1982,avaConv,offshore
ni,h1625,0.11429713193944999,scr1982,avaConv,offshore
ni,h1626,0.054041227499980096,scr1982,avaConv,offshore
ni,h1627,0.021840423837143044,scr1982,avaConv,offshore
ni,h1628,0.007808487572047918,scr1982,avaConv,offshore
ni,h1629,0.0016444670254332722,scr1982,avaConv,offshore
ni,h1630,0.0,scr1982,avaConv,offshore
ni,h1631,0.0,scr1982,avaConv,offshore
ni,h1632,0.0,scr1982,avaConv,offshore
ni,h1633,0.0,scr1982,avaConv,offshore
ni,h1634,0.0,scr1982,avaConv,offshore
ni,h1635,0.00033016612385523717,scr1982,avaConv,offshore
ni,h1636,0.00662266465367326,scr1982,avaConv,offshore
ni,h1637,0.02335330205356192,scr1982,avaConv,offshore
ni,h1638,0.04878224454152879,scr1982,avaConv,offshore
ni,h1639,0.06983365290990096,scr1982,avaConv,offshore
ni,h1640,0.0823968340749008,scr1982,avaConv,offshore
ni,h1641,0.09310213604407368,scr1982,avaConv,offshore
ni,h1642,0.11490442063161722,scr1982,avaConv,offshore
ni,h1643,0.13154297753143673,scr1982,avaConv,offshore
ni,h1644,0.14725565718640016,scr1982,avaConv,offshore
ni,h1645,0.1702677587711262,scr1982,avaConv,offshore
ni,h1646,0.21461007019049194,scr1982,avaConv,offshore
ni,h1647,0.2615747511045589,scr1982,avaConv,offshore
ni,h1648,0.29996857767715895,scr1982,avaConv,offshore
ni,h1649,0.32123327822075637,scr1982,avaConv,offshore
ni,h1650,0.3403800492092887,scr1982,avaConv,offshore
ni,h1651,0.3750139760592233,scr1982,avaConv,offshore
ni,h1652,0.4350729200046107,scr1982,avaConv,offshore
ni,h1653,0.4970228890392312,scr1982,avaConv,offshore
ni,h1654,0.5393839335105222,scr1982,avaConv,offshore
ni,h1655,0.5628600234912551,scr1982,avaConv,offshore
ni,h1656,0.5846718256438554,scr1982,avaConv,offshore
ni,h1657,0.6131170712883801,scr1982,avaConv,offshore
ni,h1658,0.6391300443142885,scr1982,avaConv,offshore
ni,h1659,0.6689536231483674,scr1982,avaConv,offshore
ni,h1660,0.7012938875823141,scr1982,avaConv,offshore
ni,h1661,0.7337410765442713,scr1982,avaConv,offshore
ni,h1662,0.7452622614022243,scr1982,avaConv,offshore
ni,h1663,0.7265226230551814,scr1982,avaConv,offshore
ni,h1664,0.6998027485256845,scr1982,avaConv,offshore
ni,h1665,0.6737987770234145,scr1982,avaConv,offshore
ni,h1666,0.6589796270312805,scr1982,avaConv,offshore
ni,h1667,0.6524728227673849,scr1982,avaConv,offshore
ni,h1668,0.6717921559904072,scr1982,avaConv,offshore
ni,h1669,0.6990833786685642,scr1982,avaConv,offshore
ni,h1670,0.7053675032520496,scr1982,avaConv,offshore
ni,h1671,0.6776107531663179,scr1982,avaConv,offshore
ni,h1672,0.6262469563458528,scr1982,avaConv,offshore
ni,h1673,0.5718597320305733,scr1982,avaConv,offshore
ni,h1674,0.5249260408903758,scr1982,avaConv,offshore
ni,h1675,0.4897603777577599,scr1982,avaConv,offshore
ni,h1676,0.46028984546222107,scr1982,avaConv,offshore
ni,h1677,0.43133102237543064,scr1982,avaConv,offshore
ni,h1678,0.3993595098268541,scr1982,avaConv,offshore
ni,h1679,0.4053212926461799,scr1982,avaConv,offshore
ni,h1680,0.4316975372341391,scr1982,avaConv,offshore
ni,h1681,0.36885996106676916,scr1982,avaConv,offshore
ni,h1682,0.26695713965307843,scr1982,avaConv,offshore
ni,h1683,0.14296886041524445,scr1982,avaConv,offshore
ni,h1684,0.1324974213791268,scr1982,avaConv,offshore
ni,h1685,0.13426358396577315,scr1982,avaConv,offshore
ni,h1686,0.1377802700629782,scr1982,avaConv,offshore
ni,h1687,0.1280308242845796,scr1982,avaConv,offshore
ni,h1688,0.10749627512795104,scr1982,avaConv,offshore
ni,h1689,0.08032974470405799,scr1982,avaConv,offshore
ni,h1690,0.06588969883507255,scr1982,avaConv,offshore
ni,h1691,0.06562056274144441,scr1982,avaConv,offshore
ni,h1692,0.06554242913832077,scr1982,avaConv,offshore
ni,h1693,0.057778845725934495,scr1982,avaConv,offshore
ni,h1694,0.050059355642877716,scr1982,avaConv,offshore
ni,h1695,0.0514283375242917,scr1982,avaConv,offshore
ni,h1696,0.05802584579394142,scr1982,avaConv,offshore
ni,h1697,0.05485655845048171,scr1982,avaConv,offshore
ni,h1698,0.04587171763319829,scr1982,avaConv,offshore
ni,h1699,0.03561409674112586,scr1982,avaConv,offshore
ni,h1700,0.02952855593647784,scr1982,avaConv,offshore
ni,h1701,0.024291507544456054,scr1982,avaConv,offshore
ni,h1702,0.01752158670273116,scr1982,avaConv,offshore
ni,h1703,0.01036862514913315,scr1982,avaConv,offshore
ni,h1704,0.004302902368114552,scr1982,avaConv,offshore
ni,h1705,0.014202608294548993,scr1982,avaConv,offshore
ni,h1706,0.05180561319342003,scr1982,avaConv,offshore
ni,h1707,0.10220950388878175,scr1982,avaConv,offshore
ni,h1708,0.1491596253680215,scr1982,avaConv,offshore
ni,h1709,0.18791176845605284,scr1982,avaConv,offshore
ni,h1710,0.23682971317225576,scr1982,avaConv,offshore
ni,h1711,0.3045705626839486,scr1982,avaConv,offshore
ni,h1712,0.3519473675555154,scr1982,avaConv,offshore
ni,h1713,0.358393438992831,scr1982,avaConv,offshore
ni,h1714,0.3292983820503371,scr1982,avaConv,offshore
ni,h1715,0.28781455970386827,scr1982,avaConv,offshore
ni,h1716,0.25237368886819467,scr1982,avaConv,offshore
ni,h1717,0.2094097650478748,scr1982,avaConv,offshore
ni,h1718,0.1834371162035246,scr1982,avaConv,offshore
ni,h1719,0.16428084555911823,scr1982,avaConv,offshore
ni,h1720,0.160437796043393,scr1982,avaConv,offshore
ni,h1721,0.1539396264779232,scr1982,avaConv,offshore
ni,h1722,0.1591873797711219,scr1982,avaConv,offshore
ni,h1723,0.17808760784989372,scr1982,avaConv,offshore
ni,h1724,0.22899702415517334,scr1982,avaConv,offshore
ni,h1725,0.30908238403087107,scr1982,avaConv,offshore
ni,h1726,0.38621207251997486,scr1982,avaConv,offshore
ni,h1727,0.40051978235064073,scr1982,avaConv,offshore
ni,h1728,0.3965163497941288,scr1982,avaConv,offshore
ni,h1729,0.3753042914544761,scr1982,avaConv,offshore
ni,h1730,0.37325710710809756,scr1982,avaConv,offshore
ni,h1731,0.34220279235993495,scr1982,avaConv,offshore
ni,h1732,0.3170037288478597,scr1982,avaConv,offshore
ni,h1733,0.29957891024229777,scr1982,avaConv,offshore
ni,h1734,0.28806191579459084,scr1982,avaConv,offshore
ni,h1735,0.2666982609654002,scr1982,avaConv,offshore
ni,h1736,0.24610502946235718,scr1982,avaConv,offshore
ni,h1737,0.22075758975441284,scr1982,avaConv,offshore
ni,h1738,0.1897170697581594,scr1982,avaConv,offshore
ni,h1739,0.1649786206783314,scr1982,avaConv,offshore
ni,h1740,0.1560813235515196,scr1982,avaConv,offshore
ni,h1741,0.1608666213285371,scr1982,avaConv,offshore
ni,h1742,0.1594502237865158,scr1982,avaConv,offshore
ni,h1743,0.13710915588557696,scr1982,avaConv,offshore
ni,h1744,0.10239394300209108,scr1982,avaConv,offshore
ni,h1745,0.0622996629879063,scr1982,avaConv,offshore
ni,h1746,0.029219820328294673,scr1982,avaConv,offshore
ni,h1747,0.008861931790009415,scr1982,avaConv,offshore
ni,h1748,0.000215619744504471,scr1982,avaConv,offshore
ni,h1749,0.0,scr1982,avaConv,offshore
ni,h1750,0.0,scr1982,avaConv,offshore
ni,h1751,0.0,scr1982,avaConv,offshore
ni,h1752,0.0,scr1982,avaConv,offshore
ni,h1753,0.0,scr1982,avaConv,offshore
ni,h1754,0.0,scr1982,avaConv,offshore
ni,h1755,0.0,scr1982,avaConv,offshore
ni,h1756,0.0003607523786388932,scr1982,avaConv,offshore
ni,h1757,0.0021754742990786912,scr1982,avaConv,offshore
ni,h1758,0.0054729524636337986,scr1982,avaConv,offshore
ni,h1759,0.007628241397388613,scr1982,avaConv,offshore
ni,h1760,0.0076296104764186625,scr1982,avaConv,offshore
ni,h1761,0.005176687040281559,scr1982,avaConv,offshore
ni,h1762,0.0031285572000058944,scr1982,avaConv,offshore
ni,h1763,0.0014838289519640102,scr1982,avaConv,offshore
ni,h1764,0.0020950329026482735,scr1982,avaConv,offshore
ni,h1765,0.006242172160615166,scr1982,avaConv,offshore
ni,h1766,0.01544480683589508,scr1982,avaConv,offshore
ni,h1767,0.033082575911160005,scr1982,avaConv,offshore
ni,h1768,0.05137575837467744,scr1982,avaConv,offshore
ni,h1769,0.06110386558130131,scr1982,avaConv,offshore
ni,h1770,0.06188076155235899,scr1982,avaConv,offshore
ni,h1771,0.06785757810055774,scr1982,avaConv,offshore
ni,h1772,0.08376262182707428,scr1982,avaConv,offshore
ni,h1773,0.10827970228987038,scr1982,avaConv,offshore
ni,h1774,0.12635104845672027,scr1982,avaConv,offshore
ni,h1775,0.12287426634945868,scr1982,avaConv,offshore
ni,h1776,0.1216440374437978,scr1982,avaConv,offshore
ni,h1777,0.12415454140376506,scr1982,avaConv,offshore
ni,h1778,0.140444443346324,scr1982,avaConv,offshore
ni,h1779,0.13890223077125644,scr1982,avaConv,offshore
ni,h1780,0.11695636716103225,scr1982,avaConv,offshore
ni,h1781,0.08822296080730753,scr1982,avaConv,offshore
ni,h1782,0.06972235491590413,scr1982,avaConv,offshore
ni,h1783,0.06729944677396026,scr1982,avaConv,offshore
ni,h1784,0.06824907012551482,scr1982,avaConv,offshore
ni,h1785,0.057613741698975755,scr1982,avaConv,offshore
ni,h1786,0.03949049584176879,scr1982,avaConv,offshore
ni,h1787,0.023496289285920693,scr1982,avaConv,offshore
ni,h1788,0.013997460499444305,scr1982,avaConv,offshore
ni,h1789,0.007986694700304324,scr1982,avaConv,offshore
ni,h1790,0.0037351776123037057,scr1982,avaConv,offshore
ni,h1791,0.0,scr1982,avaConv,offshore
ni,h1792,0.0,scr1982,avaConv,offshore
ni,h1793,0.0,scr1982,avaConv,offshore
ni,h1794,0.0,scr1982,avaConv,offshore
ni,h1795,0.0,scr1982,avaConv,offshore
ni,h1796,0.0,scr1982,avaConv,offshore
ni,h1797,0.0,scr1982,avaConv,offshore
ni,h1798,0.0006454624275072746,scr1982,avaConv,offshore
ni,h1799,0.004884566408669096,scr1982,avaConv,offshore
ni,h1800,0.010428717701238377,scr1982,avaConv,offshore
ni,h1801,0.019090723235420076,scr1982,avaConv,offshore
ni,h1802,0.029736504281611252,scr1982,avaConv,offshore
ni,h1803,0.04538325669229213,scr1982,avaConv,offshore
ni,h1804,0.062222597440478714,scr1982,avaConv,offshore
ni,h1805,0.07947102614255974,scr1982,avaConv,offshore
ni,h1806,0.10153512349825564,scr1982,avaConv,offshore
ni,h1807,0.13747129944915004,scr1982,avaConv,offshore
ni,h1808,0.20078207443889207,scr1982,avaConv,offshore
ni,h1809,0.2880534285195955,scr1982,avaConv,offshore
ni,h1810,0.36313612577794385,scr1982,avaConv,offshore
ni,h1811,0.39494289551475287,scr1982,avaConv,offshore
ni,h1812,0.35805206856810984,scr1982,avaConv,offshore
ni,h1813,0.2887077508736984,scr1982,avaConv,offshore
ni,h1814,0.19682799244816104,scr1982,avaConv,offshore
ni,h1815,0.1226694373212601,scr1982,avaConv,offshore
ni,h1816,0.06472416110347519,scr1982,avaConv,offshore
ni,h1817,0.035510166369222176,scr1982,avaConv,offshore
ni,h1818,0.02009746417458194,scr1982,avaConv,offshore
ni,h1819,0.010820439863810429,scr1982,avaConv,offshore
ni,h1820,0.011589541666664203,scr1982,avaConv,offshore
ni,h1821,0.014480416716519269,scr1982,avaConv,offshore
ni,h1822,0.013075792507114908,scr1982,avaConv,offshore
ni,h1823,0.0072790656754000375,scr1982,avaConv,offshore
ni,h1824,0.0013138198525046209,scr1982,avaConv,offshore
ni,h1825,0.0,scr1982,avaConv,offshore
ni,h1826,0.0,scr1982,avaConv,offshore
ni,h1827,0.0,scr1982,avaConv,offshore
ni,h1828,0.0,scr1982,avaConv,offshore
ni,h1829,0.0,scr1982,avaConv,offshore
ni,h1830,0.0,scr1982,avaConv,offshore
ni,h1831,0.0,scr1982,avaConv,offshore
ni,h1832,0.00097074141576271,scr1982,avaConv,offshore
ni,h1833,0.003666071820258779,scr1982,avaConv,offshore
ni,h1834,0.009559902365500448,scr1982,avaConv,offshore
ni,h1835,0.025323772424976555,scr1982,avaConv,offshore
ni,h1836,0.04452746298461079,scr1982,avaConv,offshore
ni,h1837,0.06823218898945067,scr1982,avaConv,offshore
ni,h1838,0.09746941187429375,scr1982,avaConv,offshore
ni,h1839,0.1587948049153236,scr1982,avaConv,offshore
ni,h1840,0.2687551787958288,scr1982,avaConv,offshore
ni,h1841,0.3943454658211579,scr1982,avaConv,offshore
ni,h1842,0.5071403829402185,scr1982,avaConv,offshore
ni,h1843,0.594344659236274,scr1982,avaConv,offshore
ni,h1844,0.6636161087786807,scr1982,avaConv,offshore
ni,h1845,0.7250970979371331,scr1982,avaConv,offshore
ni,h1846,0.7612113001001575,scr1982,avaConv,offshore
ni,h1847,0.7950744782123902,scr1982,avaConv,offshore
ni,h1848,0.8109609548857842,scr1982,avaConv,offshore
ni,h1849,0.8121306917343795,scr1982,avaConv,offshore
ni,h1850,0.8141743034272916,scr1982,avaConv,offshore
ni,h1851,0.839054930024786,scr1982,avaConv,offshore
ni,h1852,0.8793697438069827,scr1982,avaConv,offshore
ni,h1853,0.9147367255338353,scr1982,avaConv,offshore
ni,h1854,0.9322385949732294,scr1982,avaConv,offshore
ni,h1855,0.9451564763306359,scr1982,avaConv,offshore
ni,h1856,0.9491279386724153,scr1982,avaConv,offshore
ni,h1857,0.9496078656675803,scr1982,avaConv,offshore
ni,h1858,0.9499835886823476,scr1982,avaConv,offshore
ni,h1859,0.9499994542948466,scr1982,avaConv,offshore
ni,h1860,0.95,scr1982,avaConv,offshore
ni,h1861,0.95,scr1982,avaConv,offshore
ni,h1862,0.95,scr1982,avaConv,offshore
ni,h1863,0.95,scr1982,avaConv,offshore
ni,h1864,0.95,scr1982,avaConv,offshore
ni,h1865,0.95,scr1982,avaConv,offshore
ni,h1866,0.95,scr1982,avaConv,offshore
ni,h1867,0.95,scr1982,avaConv,offshore
ni,h1868,0.95,scr1982,avaConv,offshore
ni,h1869,0.949996893247452,scr1982,avaConv,offshore
ni,h1870,0.9497654906148842,scr1982,avaConv,offshore
ni,h1871,0.9495182509377922,scr1982,avaConv,offshore
ni,h1872,0.9483416574128453,scr1982,avaConv,offshore
ni,h1873,0.9448993731812474,scr1982,avaConv,offshore
ni,h1874,0.9279355653114173,scr1982,avaConv,offshore
ni,h1875,0.8667311002087734,scr1982,avaConv,offshore
ni,h1876,0.7620305191948613,scr1982,avaConv,offshore
ni,h1877,0.6348133515500178,scr1982,avaConv,offshore
ni,h1878,0.5090634135544082,scr1982,avaConv,offshore
ni,h1879,0.40363105901246643,scr1982,avaConv,offshore
ni,h1880,0.31099793084646077,scr1982,avaConv,offshore
ni,h1881,0.27432822138103397,scr1982,avaConv,offshore
ni,h1882,0.3078554277537175,scr1982,avaConv,offshore
ni,h1883,0.4352392454382541,scr1982,avaConv,offshore
ni,h1884,0.6197866762344081,scr1982,avaConv,offshore
ni,h1885,0.7857641398696207,scr1982,avaConv,offshore
ni,h1886,0.8497231031228986,scr1982,avaConv,offshore
ni,h1887,0.8064782816318148,scr1982,avaConv,offshore
ni,h1888,0.7048027947537487,scr1982,avaConv,offshore
ni,h1889,0.6252447446399272,scr1982,avaConv,offshore
ni,h1890,0.6143045969643314,scr1982,avaConv,offshore
ni,h1891,0.6325184669073942,scr1982,avaConv,offshore
ni,h1892,0.6446195552925057,scr1982,avaConv,offshore
ni,h1893,0.625239098322384,scr1982,avaConv,offshore
ni,h1894,0.6619260028417366,scr1982,avaConv,offshore
ni,h1895,0.7013659196941774,scr1982,avaConv,offshore
ni,h1896,0.7457087387447905,scr1982,avaConv,offshore
ni,h1897,0.6892508273935201,scr1982,avaConv,offshore
ni,h1898,0.6118770186314089,scr1982,avaConv,offshore
ni,h1899,0.5142100815730469,scr1982,avaConv,offshore
ni,h1900,0.45539418205250276,scr1982,avaConv,offshore
ni,h1901,0.4325229270526274,scr1982,avaConv,offshore
ni,h1902,0.4614115147915273,scr1982,avaConv,offshore
ni,h1903,0.5360200672693621,scr1982,avaConv,offshore
ni,h1904,0.615186895114145,scr1982,avaConv,offshore
ni,h1905,0.6641045584316304,scr1982,avaConv,offshore
ni,h1906,0.6813399725345428,scr1982,avaConv,offshore
ni,h1907,0.6911739699396396,scr1982,avaConv,offshore
ni,h1908,0.6914862220990518,scr1982,avaConv,offshore
ni,h1909,0.6617048728892901,scr1982,avaConv,offshore
ni,h1910,0.6331925038786477,scr1982,avaConv,offshore
ni,h1911,0.6420767043732455,scr1982,avaConv,offshore
ni,h1912,0.7147490074391727,scr1982,avaConv,offshore
ni,h1913,0.8120798203942532,scr1982,avaConv,offshore
ni,h1914,0.8759985742598725,scr1982,avaConv,offshore
ni,h1915,0.898762961067857,scr1982,avaConv,offshore
ni,h1916,0.8960446901665224,scr1982,avaConv,offshore
ni,h1917,0.8923901641538384,scr1982,avaConv,offshore
ni,h1918,0.878911117291285,scr1982,avaConv,offshore
ni,h1919,0.866569553466122,scr1982,avaConv,offshore
ni,h1920,0.8300717095437643,scr1982,avaConv,offshore
ni,h1921,0.7897340022543862,scr1982,avaConv,offshore
ni,h1922,0.7115107585321796,scr1982,avaConv,offshore
ni,h1923,0.6292852417675588,scr1982,avaConv,offshore
ni,h1924,0.537064749758576,scr1982,avaConv,offshore
ni,h1925,0.4680292778164188,scr1982,avaConv,offshore
ni,h1926,0.43226543058455275,scr1982,avaConv,offshore
ni,h1927,0.4197247160575665,scr1982,avaConv,offshore
ni,h1928,0.41546514093450954,scr1982,avaConv,offshore
ni,h1929,0.3916760191390321,scr1982,avaConv,offshore
ni,h1930,0.39760578052416895,scr1982,avaConv,offshore
ni,h1931,0.39952290306992305,scr1982,avaConv,offshore
ni,h1932,0.4175257550364521,scr1982,avaConv,offshore
ni,h1933,0.4260614711418916,scr1982,avaConv,offshore
ni,h1934,0.4351443341722758,scr1982,avaConv,offshore
ni,h1935,0.4479639026578176,scr1982,avaConv,offshore
ni,h1936,0.43846624743721163,scr1982,avaConv,offshore
ni,h1937,0.41839211820119815,scr1982,avaConv,offshore
ni,h1938,0.3672637577217847,scr1982,avaConv,offshore
ni,h1939,0.3002267807797373,scr1982,avaConv,offshore
ni,h1940,0.2348630877129581,scr1982,avaConv,offshore
ni,h1941,0.18376009303348967,scr1982,avaConv,offshore
ni,h1942,0.1539718709593903,scr1982,avaConv,offshore
ni,h1943,0.1666843038665909,scr1982,avaConv,offshore
ni,h1944,0.23907587121868887,scr1982,avaConv,offshore
ni,h1945,0.32427400532250283,scr1982,avaConv,offshore
ni,h1946,0.38187146812404765,scr1982,avaConv,offshore
ni,h1947,0.4153644556872599,scr1982,avaConv,offshore
ni,h1948,0.47221653027565835,scr1982,avaConv,offshore
ni,h1949,0.5721637218480258,scr1982,avaConv,offshore
ni,h1950,0.6828406338722471,scr1982,avaConv,offshore
ni,h1951,0.7797872527103689,scr1982,avaConv,offshore
ni,h1952,0.8624226611788651,scr1982,avaConv,offshore
ni,h1953,0.9159063537644409,scr1982,avaConv,offshore
ni,h1954,0.9466325440119631,scr1982,avaConv,offshore
ni,h1955,0.949336103737662,scr1982,avaConv,offshore
ni,h1956,0.9497125786456131,scr1982,avaConv,offshore
ni,h1957,0.9498688851920212,scr1982,avaConv,offshore
ni,h1958,0.949999520175387,scr1982,avaConv,offshore
ni,h1959,0.95,scr1982,avaConv,offshore
ni,h1960,0.95,scr1982,avaConv,offshore
ni,h1961,0.95,scr1982,avaConv,offshore
ni,h1962,0.95,scr1982,avaConv,offshore
ni,h1963,0.95,scr1982,avaConv,offshore
ni,h1964,0.95,scr1982,avaConv,offshore
ni,h1965,0.9499999969681601,scr1982,avaConv,offshore
ni,h1966,0.9499998495504953,scr1982,avaConv,offshore
ni,h1967,0.9499998495504953,scr1982,avaConv,offshore
ni,h1968,0.9499998525823352,scr1982,avaConv,offshore
ni,h1969,0.9499997148071425,scr1982,avaConv,offshore
ni,h1970,0.9499938750641193,scr1982,avaConv,offshore
ni,h1971,0.9499779295891804,scr1982,avaConv,offshore
ni,h1972,0.9498186465425423,scr1982,avaConv,offshore
ni,h1973,0.94917945638928,scr1982,avaConv,offshore
ni,h1974,0.9469603882790517,scr1982,avaConv,offshore
ni,h1975,0.9427176463250094,scr1982,avaConv,offshore
ni,h1976,0.9369865346726189,scr1982,avaConv,offshore
ni,h1977,0.9298369058694801,scr1982,avaConv,offshore
ni,h1978,0.9322181842036472,scr1982,avaConv,offshore
ni,h1979,0.9383363075216954,scr1982,avaConv,offshore
ni,h1980,0.9471218150013068,scr1982,avaConv,offshore
ni,h1981,0.9468627068403122,scr1982,avaConv,offshore
ni,h1982,0.9464369493769228,scr1982,avaConv,offshore
ni,h1983,0.9465847055091943,scr1982,avaConv,offshore
ni,h1984,0.9334913824766149,scr1982,avaConv,offshore
ni,h1985,0.8855455520645659,scr1982,avaConv,offshore
ni,h1986,0.7809933159633925,scr1982,avaConv,offshore
ni,h1987,0.6850532893577471,scr1982,avaConv,offshore
ni,h1988,0.6207896112958794,scr1982,avaConv,offshore
ni,h1989,0.6028441590650419,scr1982,avaConv,offshore
ni,h1990,0.6197511524253865,scr1982,avaConv,offshore
ni,h1991,0.6566454074301139,scr1982,avaConv,offshore
ni,h1992,0.6998178159887075,scr1982,avaConv,offshore
ni,h1993,0.7152840804130448,scr1982,avaConv,offshore
ni,h1994,0.714834385226686,scr1982,avaConv,offshore
ni,h1995,0.7295153776691577,scr1982,avaConv,offshore
ni,h1996,0.7417469347469169,scr1982,avaConv,offshore
ni,h1997,0.745229232448035,scr1982,avaConv,offshore
ni,h1998,0.732842299336055,scr1982,avaConv,offshore
ni,h1999,0.7279174054266774,scr1982,avaConv,offshore
ni,h2000,0.726187444777614,scr1982,avaConv,offshore
ni,h2001,0.7210204575682239,scr1982,avaConv,offshore
ni,h2002,0.6839669756064396,scr1982,avaConv,offshore
ni,h2003,0.6340492818458868,scr1982,avaConv,offshore
ni,h2004,0.5622227055994741,scr1982,avaConv,offshore
ni,h2005,0.5039526102368459,scr1982,avaConv,offshore
ni,h2006,0.4516461660683907,scr1982,avaConv,offshore
ni,h2007,0.41461174097763215,scr1982,avaConv,offshore
ni,h2008,0.36867003463258147,scr1982,avaConv,offshore
ni,h2009,0.3286094283560911,scr1982,avaConv,offshore
ni,h2010,0.28994371390642215,scr1982,avaConv,offshore
ni,h2011,0.25327434739048915,scr1982,avaConv,offshore
ni,h2012,0.2089242472871479,scr1982,avaConv,offshore
ni,h2013,0.1771168430836398,scr1982,avaConv,offshore
ni,h2014,0.16408255314060094,scr1982,avaConv,offshore
ni,h2015,0.1704314899509093,scr1982,avaConv,offshore
ni,h2016,0.17568993602353872,scr1982,avaConv,offshore
ni,h2017,0.45684642322102964,scr1982,avaConv,offshore
ni,h2018,0.7068830745236415,scr1982,avaConv,offshore
ni,h2019,0.9465090137022164,scr1982,avaConv,offshore
ni,h2020,0.9479671361657775,scr1982,avaConv,offshore
ni,h2021,0.9468798184335392,scr1982,avaConv,offshore
ni,h2022,0.9326710882302721,scr1982,avaConv,offshore
ni,h2023,0.8874304691009425,scr1982,avaConv,offshore
ni,h2024,0.8068923076137982,scr1982,avaConv,offshore
ni,h2025,0.6957301660897461,scr1982,avaConv,offshore
ni,h2026,0.5876185820117965,scr1982,avaConv,offshore
ni,h2027,0.490838325378731,scr1982,avaConv,offshore
ni,h2028,0.42976055984829514,scr1982,avaConv,offshore
ni,h2029,0.4063718401099709,scr1982,avaConv,offshore
ni,h2030,0.4151260042595406,scr1982,avaConv,offshore
ni,h2031,0.45665472280862335,scr1982,avaConv,offshore
ni,h2032,0.5564573956004374,scr1982,avaConv,offshore
ni,h2033,0.6940020876214009,scr1982,avaConv,offshore
ni,h2034,0.8130916600331703,scr1982,avaConv,offshore
ni,h2035,0.8790892868414584,scr1982,avaConv,offshore
ni,h2036,0.9079252259962699,scr1982,avaConv,offshore
ni,h2037,0.925173149112782,scr1982,avaConv,offshore
ni,h2038,0.9203510853779577,scr1982,avaConv,offshore
ni,h2039,0.8948621761260714,scr1982,avaConv,offshore
ni,h2040,0.8564579229284348,scr1982,avaConv,offshore
ni,h2041,0.8001636238407547,scr1982,avaConv,offshore
ni,h2042,0.731438013304526,scr1982,avaConv,offshore
ni,h2043,0.6644191275916603,scr1982,avaConv,offshore
ni,h2044,0.6245697775335471,scr1982,avaConv,offshore
ni,h2045,0.5952763150281942,scr1982,avaConv,offshore
ni,h2046,0.560889095174942,scr1982,avaConv,offshore
ni,h2047,0.5041733129702828,scr1982,avaConv,offshore
ni,h2048,0.4283599891018378,scr1982,avaConv,offshore
ni,h2049,0.36011987327402395,scr1982,avaConv,offshore
ni,h2050,0.2762922760097759,scr1982,avaConv,offshore
ni,h2051,0.19618751924842212,scr1982,avaConv,offshore
ni,h2052,0.11455439170383498,scr1982,avaConv,offshore
ni,h2053,0.05885756600094767,scr1982,avaConv,offshore
ni,h2054,0.029535524774017746,scr1982,avaConv,offshore
ni,h2055,0.00801126661735506,scr1982,avaConv,offshore
ni,h2056,0.019948226405413706,scr1982,avaConv,offshore
ni,h2057,0.1026326679698713,scr1982,avaConv,offshore
ni,h2058,0.2707469204666017,scr1982,avaConv,offshore
ni,h2059,0.4884693834278491,scr1982,avaConv,offshore
ni,h2060,0.6658296324861807,scr1982,avaConv,offshore
ni,h2061,0.7724530623313751,scr1982,avaConv,offshore
ni,h2062,0.8261083213568775,scr1982,avaConv,offshore
ni,h2063,0.8766797376359271,scr1982,avaConv,offshore
ni,h2064,0.9189384646754459,scr1982,avaConv,offshore
ni,h2065,0.9429832987463876,scr1982,avaConv,offshore
ni,h2066,0.9499000847027215,scr1982,avaConv,offshore
ni,h2067,0.9499965015514328,scr1982,avaConv,offshore
ni,h2068,0.9499994190042431,scr1982,avaConv,offshore
ni,h2069,0.9499996319852765,scr1982,avaConv,offshore
ni,h2070,0.95,scr1982,avaConv,offshore
ni,h2071,0.95,scr1982,avaConv,offshore
ni,h2072,0.95,scr1982,avaConv,offshore
ni,h2073,0.9499996817015515,scr1982,avaConv,offshore
ni,h2074,0.949999598335939,scr1982,avaConv,offshore
ni,h2075,0.949999598335939,scr1982,avaConv,offshore
ni,h2076,0.9499987930232471,scr1982,avaConv,offshore
ni,h2077,0.9499985645727025,scr1982,avaConv,offshore
ni,h2078,0.9499985645727025,scr1982,avaConv,offshore
ni,h2079,0.9499996881838879,scr1982,avaConv,offshore
ni,h2080,0.95,scr1982,avaConv,offshore
ni,h2081,0.9499996557732644,scr1982,avaConv,offshore
ni,h2082,0.9499961723048626,scr1982,avaConv,offshore
ni,h2083,0.9499519541267369,scr1982,avaConv,offshore
ni,h2084,0.9497620515046813,scr1982,avaConv,offshore
ni,h2085,0.9492330142679717,scr1982,avaConv,offshore
ni,h2086,0.9479856884371887,scr1982,avaConv,offshore
ni,h2087,0.938932535400355,scr1982,avaConv,offshore
ni,h2088,0.9058456803062341,scr1982,avaConv,offshore
ni,h2089,0.8057364037811673,scr1982,avaConv,offshore
ni,h2090,0.6146426542118589,scr1982,avaConv,offshore
ni,h2091,0.38694212934152883,scr1982,avaConv,offshore
ni,h2092,0.196955138106075,scr1982,avaConv,offshore
ni,h2093,0.11306893173193323,scr1982,avaConv,offshore
ni,h2094,0.08697646489281098,scr1982,avaConv,offshore
ni,h2095,0.08432710059799212,scr1982,avaConv,offshore
ni,h2096,0.08043775678126418,scr1982,avaConv,offshore
ni,h2097,0.0904587988061891,scr1982,avaConv,offshore
ni,h2098,0.1112555634694018,scr1982,avaConv,offshore
ni,h2099,0.1378660295314593,scr1982,avaConv,offshore
ni,h2100,0.15882780169057956,scr1982,avaConv,offshore
ni,h2101,0.18142391863908633,scr1982,avaConv,offshore
ni,h2102,0.19538243983231718,scr1982,avaConv,offshore
ni,h2103,0.19900345535651415,scr1982,avaConv,offshore
ni,h2104,0.20814021492256018,scr1982,avaConv,offshore
ni,h2105,0.2431019942076325,scr1982,avaConv,offshore
ni,h2106,0.308404324915221,scr1982,avaConv,offshore
ni,h2107,0.38879907782818557,scr1982,avaConv,offshore
ni,h2108,0.46735509533969843,scr1982,avaConv,offshore
ni,h2109,0.5441276215004143,scr1982,avaConv,offshore
ni,h2110,0.6043787351652818,scr1982,avaConv,offshore
ni,h2111,0.6589692133640153,scr1982,avaConv,offshore
ni,h2112,0.710448033902593,scr1982,avaConv,offshore
ni,h2113,0.7647701571403022,scr1982,avaConv,offshore
ni,h2114,0.8009684148950136,scr1982,avaConv,offshore
ni,h2115,0.8079949882211054,scr1982,avaConv,offshore
ni,h2116,0.7815876501599522,scr1982,avaConv,offshore
ni,h2117,0.7436253155726233,scr1982,avaConv,offshore
ni,h2118,0.702254196032681,scr1982,avaConv,offshore
ni,h2119,0.6709872202711868,scr1982,avaConv,offshore
ni,h2120,0.6358355907405999,scr1982,avaConv,offshore
ni,h2121,0.6087679515332978,scr1982,avaConv,offshore
ni,h2122,0.5997755894359119,scr1982,avaConv,offshore
ni,h2123,0.6496439094962326,scr1982,avaConv,offshore
ni,h2124,0.6386549025332088,scr1982,avaConv,offshore
ni,h2125,0.5853005155117859,scr1982,avaConv,offshore
ni,h2126,0.47408332333907877,scr1982,avaConv,offshore
ni,h2127,0.4370350980532873,scr1982,avaConv,offshore
ni,h2128,0.44309655279564103,scr1982,avaConv,offshore
ni,h2129,0.46556423321288803,scr1982,avaConv,offshore
ni,h2130,0.4596785677595055,scr1982,avaConv,offshore
ni,h2131,0.4276782632654907,scr1982,avaConv,offshore
ni,h2132,0.4061862782763392,scr1982,avaConv,offshore
ni,h2133,0.4266504489970021,scr1982,avaConv,offshore
ni,h2134,0.46843895644039013,scr1982,avaConv,offshore
ni,h2135,0.4972380453764727,scr1982,avaConv,offshore
ni,h2136,0.5101633016154848,scr1982,avaConv,offshore
ni,h2137,0.5273028052004615,scr1982,avaConv,offshore
ni,h2138,0.5562175487880431,scr1982,avaConv,offshore
ni,h2139,0.5868849840217663,scr1982,avaConv,offshore
ni,h2140,0.5935556419793435,scr1982,avaConv,offshore
ni,h2141,0.5664340580064957,scr1982,avaConv,offshore
ni,h2142,0.5166441303666676,scr1982,avaConv,offshore
ni,h2143,0.4692014757074052,scr1982,avaConv,offshore
ni,h2144,0.4436322263950291,scr1982,avaConv,offshore
ni,h2145,0.44024057846343384,scr1982,avaConv,offshore
ni,h2146,0.4587889820935143,scr1982,avaConv,offshore
ni,h2147,0.5052010965248959,scr1982,avaConv,offshore
ni,h2148,0.5540862094344361,scr1982,avaConv,offshore
ni,h2149,0.5930574235071947,scr1982,avaConv,offshore
ni,h2150,0.5794408794170193,scr1982,avaConv,offshore
ni,h2151,0.5228887493767612,scr1982,avaConv,offshore
ni,h2152,0.431951099153916,scr1982,avaConv,offshore
ni,h2153,0.32472689833693213,scr1982,avaConv,offshore
ni,h2154,0.225382708901597,scr1982,avaConv,offshore
ni,h2155,0.1368444942749118,scr1982,avaConv,offshore
ni,h2156,0.07286015633702518,scr1982,avaConv,offshore
ni,h2157,0.029172327478265273,scr1982,avaConv,offshore
ni,h2158,0.005808486706848629,scr1982,avaConv,offshore
ni,h2159,0.004381864780414681,scr1982,avaConv,offshore
ni,h2160,0.031385203842232444,scr1982,avaConv,offshore
