region_3,timestep_6,value,scenario_1,parameter,technology_2
al,h0193,0.6462329173242197,scr2016,avaConv,offshore
al,h0194,0.8061838500488135,scr2016,avaConv,offshore
al,h0195,0.9496396844640425,scr2016,avaConv,offshore
al,h0196,0.9497127141867484,scr2016,avaConv,offshore
al,h0197,0.9498074130703668,scr2016,avaConv,offshore
al,h0198,0.9498693731791485,scr2016,avaConv,offshore
al,h0199,0.855527926597012,scr2016,avaConv,offshore
al,h0200,0.7667717481035478,scr2016,avaConv,offshore
al,h0201,0.6891647502263915,scr2016,avaConv,offshore
al,h0202,0.7211939298929815,scr2016,avaConv,offshore
al,h0203,0.7251956422273453,scr2016,avaConv,offshore
al,h0204,0.7175579049845346,scr2016,avaConv,offshore
al,h0205,0.7657009419270207,scr2016,avaConv,offshore
al,h0206,0.8447818619481252,scr2016,avaConv,offshore
al,h0207,0.9276871113447833,scr2016,avaConv,offshore
al,h0208,0.9425647522345661,scr2016,avaConv,offshore
al,h0209,0.9482412581111874,scr2016,avaConv,offshore
al,h0210,0.9495355471681599,scr2016,avaConv,offshore
al,h0211,0.7076700277492001,scr2016,avaConv,offshore
al,h0212,0.4321271582296662,scr2016,avaConv,offshore
al,h0213,0.13476633798046134,scr2016,avaConv,offshore
al,h0214,0.11013886727100619,scr2016,avaConv,offshore
al,h0215,0.15207327485449196,scr2016,avaConv,offshore
al,h0216,0.22927345845169086,scr2016,avaConv,offshore
al,h0217,0.2854562286675299,scr2016,avaConv,offshore
al,h0218,0.3132939243693335,scr2016,avaConv,offshore
al,h0219,0.3052707389309905,scr2016,avaConv,offshore
al,h0220,0.2953314129763877,scr2016,avaConv,offshore
al,h0221,0.27931818635647926,scr2016,avaConv,offshore
al,h0222,0.29865401996667,scr2016,avaConv,offshore
al,h0223,0.3371555647840954,scr2016,avaConv,offshore
al,h0224,0.35854063805674496,scr2016,avaConv,offshore
al,h0225,0.3512882533032904,scr2016,avaConv,offshore
al,h0226,0.3355991388632579,scr2016,avaConv,offshore
al,h0227,0.3679725938749968,scr2016,avaConv,offshore
al,h0228,0.39203486750312816,scr2016,avaConv,offshore
al,h0229,0.28563369600472266,scr2016,avaConv,offshore
al,h0230,0.15005914493892922,scr2016,avaConv,offshore
al,h0231,0.05152378895667945,scr2016,avaConv,offshore
al,h0232,0.14512996989416535,scr2016,avaConv,offshore
al,h0233,0.24686555443249494,scr2016,avaConv,offshore
al,h0234,0.2993650347666008,scr2016,avaConv,offshore
al,h0235,0.25346862100079975,scr2016,avaConv,offshore
al,h0236,0.18033324292777894,scr2016,avaConv,offshore
al,h0237,0.11078980551598856,scr2016,avaConv,offshore
al,h0238,0.07724135717267157,scr2016,avaConv,offshore
al,h0239,0.050500766605800496,scr2016,avaConv,offshore
al,h0240,0.026374339878034496,scr2016,avaConv,offshore
ba,h0193,0.5170615041492727,scr2016,avaConv,offshore
ba,h0194,0.7328197067848744,scr2016,avaConv,offshore
ba,h0195,0.9463766349724726,scr2016,avaConv,offshore
ba,h0196,0.94545906248852,scr2016,avaConv,offshore
ba,h0197,0.9303007692958984,scr2016,avaConv,offshore
ba,h0198,0.8298032508340276,scr2016,avaConv,offshore
ba,h0199,0.791741250788288,scr2016,avaConv,offshore
ba,h0200,0.7445695980410739,scr2016,avaConv,offshore
ba,h0201,0.8322525010557948,scr2016,avaConv,offshore
ba,h0202,0.8682711814170346,scr2016,avaConv,offshore
ba,h0203,0.9189669342189148,scr2016,avaConv,offshore
ba,h0204,0.9206645238145136,scr2016,avaConv,offshore
ba,h0205,0.7403414630215867,scr2016,avaConv,offshore
ba,h0206,0.5989564780214479,scr2016,avaConv,offshore
ba,h0207,0.4769053170118231,scr2016,avaConv,offshore
ba,h0208,0.5709633544860259,scr2016,avaConv,offshore
ba,h0209,0.6357885904250004,scr2016,avaConv,offshore
ba,h0210,0.6792253266271028,scr2016,avaConv,offshore
ba,h0211,0.5170571460063851,scr2016,avaConv,offshore
ba,h0212,0.31066054262121406,scr2016,avaConv,offshore
ba,h0213,0.05272468195354183,scr2016,avaConv,offshore
ba,h0214,0.015717342259219353,scr2016,avaConv,offshore
ba,h0215,0.006617072244838058,scr2016,avaConv,offshore
ba,h0216,0.0,scr2016,avaConv,offshore
ba,h0217,0.29486254576663384,scr2016,avaConv,offshore
ba,h0218,0.5250239677906738,scr2016,avaConv,offshore
ba,h0219,0.741465577070251,scr2016,avaConv,offshore
ba,h0220,0.7543018643774101,scr2016,avaConv,offshore
ba,h0221,0.7493486497857902,scr2016,avaConv,offshore
ba,h0222,0.7274880906410923,scr2016,avaConv,offshore
ba,h0223,0.5111592525923112,scr2016,avaConv,offshore
ba,h0224,0.2852204322964695,scr2016,avaConv,offshore
ba,h0225,0.008516051312607182,scr2016,avaConv,offshore
ba,h0226,0.0,scr2016,avaConv,offshore
ba,h0227,0.0,scr2016,avaConv,offshore
ba,h0228,0.0,scr2016,avaConv,offshore
ba,h0229,0.12115835377353878,scr2016,avaConv,offshore
ba,h0230,0.19088065373304605,scr2016,avaConv,offshore
ba,h0231,0.23285166074375535,scr2016,avaConv,offshore
ba,h0232,0.1724015127546517,scr2016,avaConv,offshore
ba,h0233,0.12452517324290756,scr2016,avaConv,offshore
ba,h0234,0.10881533676935559,scr2016,avaConv,offshore
ba,h0235,0.08594941912752228,scr2016,avaConv,offshore
ba,h0236,0.06204541263711341,scr2016,avaConv,offshore
ba,h0237,0.021523348638323038,scr2016,avaConv,offshore
ba,h0238,0.005192584709630202,scr2016,avaConv,offshore
ba,h0239,0.00696555754217762,scr2016,avaConv,offshore
ba,h0240,0.008339334080727656,scr2016,avaConv,offshore
be,h0193,0.6865302635860031,scr2016,avaConv,offshore
be,h0194,0.4545559305986878,scr2016,avaConv,offshore
be,h0195,0.22345905686305542,scr2016,avaConv,offshore
be,h0196,0.20049386429274033,scr2016,avaConv,offshore
be,h0197,0.16700330284028536,scr2016,avaConv,offshore
be,h0198,0.15565232954693167,scr2016,avaConv,offshore
be,h0199,0.2409148934103416,scr2016,avaConv,offshore
be,h0200,0.3196700079182253,scr2016,avaConv,offshore
be,h0201,0.37507892100675366,scr2016,avaConv,offshore
be,h0202,0.30924042501603466,scr2016,avaConv,offshore
be,h0203,0.22952198336279814,scr2016,avaConv,offshore
be,h0204,0.1644695940488137,scr2016,avaConv,offshore
be,h0205,0.15485755614431976,scr2016,avaConv,offshore
be,h0206,0.1997180371380218,scr2016,avaConv,offshore
be,h0207,0.2882572858444274,scr2016,avaConv,offshore
be,h0208,0.37857450295233896,scr2016,avaConv,offshore
be,h0209,0.4704313077486737,scr2016,avaConv,offshore
be,h0210,0.5633085212618513,scr2016,avaConv,offshore
be,h0211,0.5861380874690678,scr2016,avaConv,offshore
be,h0212,0.5855615605596616,scr2016,avaConv,offshore
be,h0213,0.5795769896064862,scr2016,avaConv,offshore
be,h0214,0.6279490887930222,scr2016,avaConv,offshore
be,h0215,0.6462780752749245,scr2016,avaConv,offshore
be,h0216,0.6432400106376185,scr2016,avaConv,offshore
be,h0217,0.7234984574603003,scr2016,avaConv,offshore
be,h0218,0.8337126687637425,scr2016,avaConv,offshore
be,h0219,0.9396293641716705,scr2016,avaConv,offshore
be,h0220,0.9464636865988033,scr2016,avaConv,offshore
be,h0221,0.9494946266290508,scr2016,avaConv,offshore
be,h0222,0.9493744594356378,scr2016,avaConv,offshore
be,h0223,0.6329471934797506,scr2016,avaConv,offshore
be,h0224,0.33044654284312247,scr2016,avaConv,offshore
be,h0225,0.06003690123861976,scr2016,avaConv,offshore
be,h0226,0.04135564202039363,scr2016,avaConv,offshore
be,h0227,0.026359692872658384,scr2016,avaConv,offshore
be,h0228,0.01699881283628403,scr2016,avaConv,offshore
be,h0229,0.02254543698552061,scr2016,avaConv,offshore
be,h0230,0.03238682785702635,scr2016,avaConv,offshore
be,h0231,0.043322390217395146,scr2016,avaConv,offshore
be,h0232,0.03735978273699516,scr2016,avaConv,offshore
be,h0233,0.0269458213241547,scr2016,avaConv,offshore
be,h0234,0.019695105151403432,scr2016,avaConv,offshore
be,h0235,0.017517874041785696,scr2016,avaConv,offshore
be,h0236,0.021002824804678355,scr2016,avaConv,offshore
be,h0237,0.027484267542181414,scr2016,avaConv,offshore
be,h0238,0.041325427032559654,scr2016,avaConv,offshore
be,h0239,0.04062845854994787,scr2016,avaConv,offshore
be,h0240,0.04135372855370612,scr2016,avaConv,offshore
bg,h0193,0.3484490904546759,scr2016,avaConv,offshore
bg,h0194,0.33299414022484697,scr2016,avaConv,offshore
bg,h0195,0.2600200388869047,scr2016,avaConv,offshore
bg,h0196,0.2134261109042918,scr2016,avaConv,offshore
bg,h0197,0.19924432832467992,scr2016,avaConv,offshore
bg,h0198,0.21743053692270142,scr2016,avaConv,offshore
bg,h0199,0.22267981549387245,scr2016,avaConv,offshore
bg,h0200,0.19640983689274719,scr2016,avaConv,offshore
bg,h0201,0.1354155783816702,scr2016,avaConv,offshore
bg,h0202,0.0842797659109469,scr2016,avaConv,offshore
bg,h0203,0.048770602962666006,scr2016,avaConv,offshore
bg,h0204,0.031210831866999925,scr2016,avaConv,offshore
bg,h0205,0.3586965358397264,scr2016,avaConv,offshore
bg,h0206,0.6624501819985278,scr2016,avaConv,offshore
bg,h0207,0.9499965898438745,scr2016,avaConv,offshore
bg,h0208,0.9499720180341851,scr2016,avaConv,offshore
bg,h0209,0.9494753864248459,scr2016,avaConv,offshore
bg,h0210,0.944948964851256,scr2016,avaConv,offshore
bg,h0211,0.6985042690480554,scr2016,avaConv,offshore
bg,h0212,0.44883526229251186,scr2016,avaConv,offshore
bg,h0213,0.18572636973999426,scr2016,avaConv,offshore
bg,h0214,0.1810115522831913,scr2016,avaConv,offshore
bg,h0215,0.21488234047939034,scr2016,avaConv,offshore
bg,h0216,0.24055450204762144,scr2016,avaConv,offshore
bg,h0217,0.4787403824201524,scr2016,avaConv,offshore
bg,h0218,0.6363497811929423,scr2016,avaConv,offshore
bg,h0219,0.7528924712117078,scr2016,avaConv,offshore
bg,h0220,0.6236221616614973,scr2016,avaConv,offshore
bg,h0221,0.48579521029164285,scr2016,avaConv,offshore
bg,h0222,0.3640974895659211,scr2016,avaConv,offshore
bg,h0223,0.22508119611050964,scr2016,avaConv,offshore
bg,h0224,0.11264860796792464,scr2016,avaConv,offshore
bg,h0225,0.019328898444371058,scr2016,avaConv,offshore
bg,h0226,0.006417527788453037,scr2016,avaConv,offshore
bg,h0227,0.00010145565989422109,scr2016,avaConv,offshore
bg,h0228,0.00033171984616100976,scr2016,avaConv,offshore
bg,h0229,0.32539011607357515,scr2016,avaConv,offshore
bg,h0230,0.5992009546110187,scr2016,avaConv,offshore
bg,h0231,0.839034794402126,scr2016,avaConv,offshore
bg,h0232,0.7993428262126296,scr2016,avaConv,offshore
bg,h0233,0.7666811026315073,scr2016,avaConv,offshore
bg,h0234,0.7304622219450586,scr2016,avaConv,offshore
bg,h0235,0.49309160572205774,scr2016,avaConv,offshore
bg,h0236,0.2502389971371235,scr2016,avaConv,offshore
bg,h0237,0.016674101104119713,scr2016,avaConv,offshore
bg,h0238,0.038197783762410384,scr2016,avaConv,offshore
bg,h0239,0.04280238805440396,scr2016,avaConv,offshore
bg,h0240,0.036485353137643596,scr2016,avaConv,offshore
de,h0193,0.6100870087540087,scr2016,avaConv,offshore
de,h0194,0.3292110378444914,scr2016,avaConv,offshore
de,h0195,0.015537326818700715,scr2016,avaConv,offshore
de,h0196,0.02182031368642527,scr2016,avaConv,offshore
de,h0197,0.028800441278775308,scr2016,avaConv,offshore
de,h0198,0.03356369895670331,scr2016,avaConv,offshore
de,h0199,0.3078868844621424,scr2016,avaConv,offshore
de,h0200,0.558736945769606,scr2016,avaConv,offshore
de,h0201,0.8012890164016229,scr2016,avaConv,offshore
de,h0202,0.8125227218339124,scr2016,avaConv,offshore
de,h0203,0.8085800132439026,scr2016,avaConv,offshore
de,h0204,0.7995739308869699,scr2016,avaConv,offshore
de,h0205,0.6210632659278897,scr2016,avaConv,offshore
de,h0206,0.4476803199170732,scr2016,avaConv,offshore
de,h0207,0.2742250978039819,scr2016,avaConv,offshore
de,h0208,0.28716122884983375,scr2016,avaConv,offshore
de,h0209,0.2954783989466292,scr2016,avaConv,offshore
de,h0210,0.28241309583187263,scr2016,avaConv,offshore
de,h0211,0.4087620148374382,scr2016,avaConv,offshore
de,h0212,0.5345670940372007,scr2016,avaConv,offshore
de,h0213,0.680727257716621,scr2016,avaConv,offshore
de,h0214,0.6973126977438046,scr2016,avaConv,offshore
de,h0215,0.6826113750325863,scr2016,avaConv,offshore
de,h0216,0.6782249761073529,scr2016,avaConv,offshore
de,h0217,0.5981220817450389,scr2016,avaConv,offshore
de,h0218,0.5685835503314525,scr2016,avaConv,offshore
de,h0219,0.5320061679878993,scr2016,avaConv,offshore
de,h0220,0.5673659774534849,scr2016,avaConv,offshore
de,h0221,0.567201926370079,scr2016,avaConv,offshore
de,h0222,0.5462376425042518,scr2016,avaConv,offshore
de,h0223,0.6130326499632617,scr2016,avaConv,offshore
de,h0224,0.6689606820993802,scr2016,avaConv,offshore
de,h0225,0.7006307789984272,scr2016,avaConv,offshore
de,h0226,0.6173677293734571,scr2016,avaConv,offshore
de,h0227,0.5550014771356705,scr2016,avaConv,offshore
de,h0228,0.5115832558845647,scr2016,avaConv,offshore
de,h0229,0.49784924700526845,scr2016,avaConv,offshore
de,h0230,0.48945739663111315,scr2016,avaConv,offshore
de,h0231,0.49406314513636485,scr2016,avaConv,offshore
de,h0232,0.49852373815672657,scr2016,avaConv,offshore
de,h0233,0.4935244774412383,scr2016,avaConv,offshore
de,h0234,0.4712957820585152,scr2016,avaConv,offshore
de,h0235,0.5828319385262537,scr2016,avaConv,offshore
de,h0236,0.709075199649398,scr2016,avaConv,offshore
de,h0237,0.8571355792265233,scr2016,avaConv,offshore
de,h0238,0.8853617467309155,scr2016,avaConv,offshore
de,h0239,0.9061768401486718,scr2016,avaConv,offshore
de,h0240,0.9192261822517644,scr2016,avaConv,offshore
dk_e,h0193,0.231263600360178,scr2016,avaConv,offshore
dk_e,h0194,0.1513714470688549,scr2016,avaConv,offshore
dk_e,h0195,0.07291196138499098,scr2016,avaConv,offshore
dk_e,h0196,0.09557783488099847,scr2016,avaConv,offshore
dk_e,h0197,0.1302609455601225,scr2016,avaConv,offshore
dk_e,h0198,0.15610484240306138,scr2016,avaConv,offshore
dk_e,h0199,0.4148283033541868,scr2016,avaConv,offshore
dk_e,h0200,0.6544375112737312,scr2016,avaConv,offshore
dk_e,h0201,0.893017353987123,scr2016,avaConv,offshore
dk_e,h0202,0.9163231125478877,scr2016,avaConv,offshore
dk_e,h0203,0.8914000093796143,scr2016,avaConv,offshore
dk_e,h0204,0.8766131228387928,scr2016,avaConv,offshore
dk_e,h0205,0.7008270366551708,scr2016,avaConv,offshore
dk_e,h0206,0.541465483260786,scr2016,avaConv,offshore
dk_e,h0207,0.3452700458372592,scr2016,avaConv,offshore
dk_e,h0208,0.3200385352554492,scr2016,avaConv,offshore
dk_e,h0209,0.3223742175523104,scr2016,avaConv,offshore
dk_e,h0210,0.3507089144019565,scr2016,avaConv,offshore
dk_e,h0211,0.31602350950288566,scr2016,avaConv,offshore
dk_e,h0212,0.2808733956040481,scr2016,avaConv,offshore
dk_e,h0213,0.23167824179357535,scr2016,avaConv,offshore
dk_e,h0214,0.2490752966964906,scr2016,avaConv,offshore
dk_e,h0215,0.26100809590965757,scr2016,avaConv,offshore
dk_e,h0216,0.262184882499528,scr2016,avaConv,offshore
dk_e,h0217,0.25445354373769574,scr2016,avaConv,offshore
dk_e,h0218,0.25065840868834194,scr2016,avaConv,offshore
dk_e,h0219,0.2627267000354406,scr2016,avaConv,offshore
dk_e,h0220,0.28018054365436335,scr2016,avaConv,offshore
dk_e,h0221,0.29869043887123137,scr2016,avaConv,offshore
dk_e,h0222,0.3328557067221072,scr2016,avaConv,offshore
dk_e,h0223,0.3697087155769601,scr2016,avaConv,offshore
dk_e,h0224,0.3600741514162405,scr2016,avaConv,offshore
dk_e,h0225,0.29381973052374033,scr2016,avaConv,offshore
dk_e,h0226,0.20123834154944334,scr2016,avaConv,offshore
dk_e,h0227,0.13208869148033608,scr2016,avaConv,offshore
dk_e,h0228,0.08972663267861708,scr2016,avaConv,offshore
dk_e,h0229,0.14000210991005022,scr2016,avaConv,offshore
dk_e,h0230,0.21960059585351882,scr2016,avaConv,offshore
dk_e,h0231,0.3236011528488389,scr2016,avaConv,offshore
dk_e,h0232,0.3722427498673993,scr2016,avaConv,offshore
dk_e,h0233,0.4047744073694948,scr2016,avaConv,offshore
dk_e,h0234,0.4052529117430118,scr2016,avaConv,offshore
dk_e,h0235,0.5500925714956858,scr2016,avaConv,offshore
dk_e,h0236,0.6961029297714103,scr2016,avaConv,offshore
dk_e,h0237,0.8499011033978231,scr2016,avaConv,offshore
dk_e,h0238,0.8589070174615115,scr2016,avaConv,offshore
dk_e,h0239,0.8619206089036436,scr2016,avaConv,offshore
dk_e,h0240,0.8497267893707129,scr2016,avaConv,offshore
dk_w,h0193,0.4645189810959679,scr2016,avaConv,offshore
dk_w,h0194,0.2655197447559798,scr2016,avaConv,offshore
dk_w,h0195,0.01809471086431406,scr2016,avaConv,offshore
dk_w,h0196,0.012595875750001762,scr2016,avaConv,offshore
dk_w,h0197,0.005766240440906592,scr2016,avaConv,offshore
dk_w,h0198,0.0009346639702973599,scr2016,avaConv,offshore
dk_w,h0199,0.3381814973499962,scr2016,avaConv,offshore
dk_w,h0200,0.6488243838476897,scr2016,avaConv,offshore
dk_w,h0201,0.9498074263079829,scr2016,avaConv,offshore
dk_w,h0202,0.9497666424980572,scr2016,avaConv,offshore
dk_w,h0203,0.9497509504558626,scr2016,avaConv,offshore
dk_w,h0204,0.9495930021736336,scr2016,avaConv,offshore
dk_w,h0205,0.9045509666318053,scr2016,avaConv,offshore
dk_w,h0206,0.8684240271074822,scr2016,avaConv,offshore
dk_w,h0207,0.8353149340506857,scr2016,avaConv,offshore
dk_w,h0208,0.8420843510159062,scr2016,avaConv,offshore
dk_w,h0209,0.8231937271794905,scr2016,avaConv,offshore
dk_w,h0210,0.7894772077698157,scr2016,avaConv,offshore
dk_w,h0211,0.8095430483720089,scr2016,avaConv,offshore
dk_w,h0212,0.855771009655552,scr2016,avaConv,offshore
dk_w,h0213,0.9082011695817225,scr2016,avaConv,offshore
dk_w,h0214,0.8894202762895812,scr2016,avaConv,offshore
dk_w,h0215,0.8330477427806667,scr2016,avaConv,offshore
dk_w,h0216,0.7174804992110075,scr2016,avaConv,offshore
dk_w,h0217,0.6888023109519902,scr2016,avaConv,offshore
dk_w,h0218,0.639198306637222,scr2016,avaConv,offshore
dk_w,h0219,0.6165998657693191,scr2016,avaConv,offshore
dk_w,h0220,0.5414109940517303,scr2016,avaConv,offshore
dk_w,h0221,0.5316478096836872,scr2016,avaConv,offshore
dk_w,h0222,0.5828986408492078,scr2016,avaConv,offshore
dk_w,h0223,0.6741157210590889,scr2016,avaConv,offshore
dk_w,h0224,0.7434469211922786,scr2016,avaConv,offshore
dk_w,h0225,0.7773598866248561,scr2016,avaConv,offshore
dk_w,h0226,0.7500288397695238,scr2016,avaConv,offshore
dk_w,h0227,0.6835553714917073,scr2016,avaConv,offshore
dk_w,h0228,0.6249695988607729,scr2016,avaConv,offshore
dk_w,h0229,0.5925491409263598,scr2016,avaConv,offshore
dk_w,h0230,0.615235651102955,scr2016,avaConv,offshore
dk_w,h0231,0.6342343964761072,scr2016,avaConv,offshore
dk_w,h0232,0.6162719044486639,scr2016,avaConv,offshore
dk_w,h0233,0.5701564431945887,scr2016,avaConv,offshore
dk_w,h0234,0.5253839758085571,scr2016,avaConv,offshore
dk_w,h0235,0.568252648121602,scr2016,avaConv,offshore
dk_w,h0236,0.663220005468314,scr2016,avaConv,offshore
dk_w,h0237,0.7974071499657646,scr2016,avaConv,offshore
dk_w,h0238,0.874176030642934,scr2016,avaConv,offshore
dk_w,h0239,0.9200165853352454,scr2016,avaConv,offshore
dk_w,h0240,0.9342176617280952,scr2016,avaConv,offshore
ee,h0193,0.5524288799108364,scr2016,avaConv,offshore
ee,h0194,0.7374463758584541,scr2016,avaConv,offshore
ee,h0195,0.9413401399189794,scr2016,avaConv,offshore
ee,h0196,0.9407970615857989,scr2016,avaConv,offshore
ee,h0197,0.9420669901986181,scr2016,avaConv,offshore
ee,h0198,0.9415460144617397,scr2016,avaConv,offshore
ee,h0199,0.7596217643860593,scr2016,avaConv,offshore
ee,h0200,0.521138449947023,scr2016,avaConv,offshore
ee,h0201,0.3502923051110796,scr2016,avaConv,offshore
ee,h0202,0.3721928712249401,scr2016,avaConv,offshore
ee,h0203,0.5062974514979318,scr2016,avaConv,offshore
ee,h0204,0.5578633374542772,scr2016,avaConv,offshore
ee,h0205,0.7163993020918789,scr2016,avaConv,offshore
ee,h0206,0.8211892010156552,scr2016,avaConv,offshore
ee,h0207,0.9499723073868231,scr2016,avaConv,offshore
ee,h0208,0.9499500019922569,scr2016,avaConv,offshore
ee,h0209,0.9498788594622861,scr2016,avaConv,offshore
ee,h0210,0.9492843099114008,scr2016,avaConv,offshore
ee,h0211,0.6174098190073943,scr2016,avaConv,offshore
ee,h0212,0.2958519041422963,scr2016,avaConv,offshore
ee,h0213,0.0,scr2016,avaConv,offshore
ee,h0214,0.0,scr2016,avaConv,offshore
ee,h0215,0.0,scr2016,avaConv,offshore
ee,h0216,0.0004814949313065599,scr2016,avaConv,offshore
ee,h0217,0.024875192943671902,scr2016,avaConv,offshore
ee,h0218,0.04196928406658707,scr2016,avaConv,offshore
ee,h0219,0.052967452258390973,scr2016,avaConv,offshore
ee,h0220,0.032964037169176515,scr2016,avaConv,offshore
ee,h0221,0.018710042567442024,scr2016,avaConv,offshore
ee,h0222,0.008822056134123648,scr2016,avaConv,offshore
ee,h0223,0.008852124331464033,scr2016,avaConv,offshore
ee,h0224,0.007875564136853632,scr2016,avaConv,offshore
ee,h0225,0.007420208776006507,scr2016,avaConv,offshore
ee,h0226,0.0021205034299656015,scr2016,avaConv,offshore
ee,h0227,0.0029158698999173674,scr2016,avaConv,offshore
ee,h0228,0.009964057731867738,scr2016,avaConv,offshore
ee,h0229,0.009702570066179821,scr2016,avaConv,offshore
ee,h0230,0.007298503257930358,scr2016,avaConv,offshore
ee,h0231,0.00026678211314307745,scr2016,avaConv,offshore
ee,h0232,0.00039987275305133137,scr2016,avaConv,offshore
ee,h0233,0.0015746503985492346,scr2016,avaConv,offshore
ee,h0234,0.00487488965762854,scr2016,avaConv,offshore
ee,h0235,0.006575971155445641,scr2016,avaConv,offshore
ee,h0236,0.00701157929797045,scr2016,avaConv,offshore
ee,h0237,0.004892111724893288,scr2016,avaConv,offshore
ee,h0238,0.0044099841962482395,scr2016,avaConv,offshore
ee,h0239,0.004324837991583244,scr2016,avaConv,offshore
ee,h0240,0.004932713134458922,scr2016,avaConv,offshore
es,h0193,0.5530962027515948,scr2016,avaConv,offshore
es,h0194,0.7253907158424115,scr2016,avaConv,offshore
es,h0195,0.9367821573728566,scr2016,avaConv,offshore
es,h0196,0.9378893759262037,scr2016,avaConv,offshore
es,h0197,0.9437258550370061,scr2016,avaConv,offshore
es,h0198,0.9492849144500328,scr2016,avaConv,offshore
es,h0199,0.6979294064646968,scr2016,avaConv,offshore
es,h0200,0.47129168507388053,scr2016,avaConv,offshore
es,h0201,0.2693226137427318,scr2016,avaConv,offshore
es,h0202,0.3028293946653171,scr2016,avaConv,offshore
es,h0203,0.2904832532970943,scr2016,avaConv,offshore
es,h0204,0.24637778256033335,scr2016,avaConv,offshore
es,h0205,0.18040474466665496,scr2016,avaConv,offshore
es,h0206,0.1517688090007868,scr2016,avaConv,offshore
es,h0207,0.14028421171466648,scr2016,avaConv,offshore
es,h0208,0.14660807316667185,scr2016,avaConv,offshore
es,h0209,0.1490418917576162,scr2016,avaConv,offshore
es,h0210,0.1544053634762639,scr2016,avaConv,offshore
es,h0211,0.12171721168084552,scr2016,avaConv,offshore
es,h0212,0.0938398525656336,scr2016,avaConv,offshore
es,h0213,0.07477899059431796,scr2016,avaConv,offshore
es,h0214,0.10452365996394516,scr2016,avaConv,offshore
es,h0215,0.1475724019362782,scr2016,avaConv,offshore
es,h0216,0.18039001469350266,scr2016,avaConv,offshore
es,h0217,0.24164349251295753,scr2016,avaConv,offshore
es,h0218,0.2912743558533605,scr2016,avaConv,offshore
es,h0219,0.37991731770478715,scr2016,avaConv,offshore
es,h0220,0.4671701089710995,scr2016,avaConv,offshore
es,h0221,0.5702050074628213,scr2016,avaConv,offshore
es,h0222,0.651401673329394,scr2016,avaConv,offshore
es,h0223,0.5924059914998333,scr2016,avaConv,offshore
es,h0224,0.49664237209495116,scr2016,avaConv,offshore
es,h0225,0.37038714918263005,scr2016,avaConv,offshore
es,h0226,0.306424432897338,scr2016,avaConv,offshore
es,h0227,0.24651267837687954,scr2016,avaConv,offshore
es,h0228,0.19872692656565685,scr2016,avaConv,offshore
es,h0229,0.42083201537499504,scr2016,avaConv,offshore
es,h0230,0.6740460815395473,scr2016,avaConv,offshore
es,h0231,0.9470721276533589,scr2016,avaConv,offshore
es,h0232,0.9489678701138903,scr2016,avaConv,offshore
es,h0233,0.949352491252185,scr2016,avaConv,offshore
es,h0234,0.9495104692252938,scr2016,avaConv,offshore
es,h0235,0.6379764858358061,scr2016,avaConv,offshore
es,h0236,0.3294677629563424,scr2016,avaConv,offshore
es,h0237,0.047089334910907464,scr2016,avaConv,offshore
es,h0238,0.02404883177137917,scr2016,avaConv,offshore
es,h0239,0.011081012786419441,scr2016,avaConv,offshore
es,h0240,0.008099603252631897,scr2016,avaConv,offshore
fi,h0193,0.24314591366586522,scr2016,avaConv,offshore
fi,h0194,0.3762914300518346,scr2016,avaConv,offshore
fi,h0195,0.5175371333823091,scr2016,avaConv,offshore
fi,h0196,0.5146081126197288,scr2016,avaConv,offshore
fi,h0197,0.5002786086243551,scr2016,avaConv,offshore
fi,h0198,0.47418536007015255,scr2016,avaConv,offshore
fi,h0199,0.48246792410519995,scr2016,avaConv,offshore
fi,h0200,0.4815266136277871,scr2016,avaConv,offshore
fi,h0201,0.44933401872024675,scr2016,avaConv,offshore
fi,h0202,0.3852766559152225,scr2016,avaConv,offshore
fi,h0203,0.33135713926627336,scr2016,avaConv,offshore
fi,h0204,0.3018598276636923,scr2016,avaConv,offshore
fi,h0205,0.4836577400634478,scr2016,avaConv,offshore
fi,h0206,0.6742335010584734,scr2016,avaConv,offshore
fi,h0207,0.8788724327713792,scr2016,avaConv,offshore
fi,h0208,0.8484161684046024,scr2016,avaConv,offshore
fi,h0209,0.799404596552295,scr2016,avaConv,offshore
fi,h0210,0.7453127373702528,scr2016,avaConv,offshore
fi,h0211,0.4874390679289516,scr2016,avaConv,offshore
fi,h0212,0.2560116172816149,scr2016,avaConv,offshore
fi,h0213,0.043469288466913295,scr2016,avaConv,offshore
fi,h0214,0.03778573527073345,scr2016,avaConv,offshore
fi,h0215,0.03181444340687534,scr2016,avaConv,offshore
fi,h0216,0.02825405046365756,scr2016,avaConv,offshore
fi,h0217,0.20461495662911136,scr2016,avaConv,offshore
fi,h0218,0.3873084728359087,scr2016,avaConv,offshore
fi,h0219,0.560298146302619,scr2016,avaConv,offshore
fi,h0220,0.527538116868739,scr2016,avaConv,offshore
fi,h0221,0.47682555205012334,scr2016,avaConv,offshore
fi,h0222,0.42675362006486156,scr2016,avaConv,offshore
fi,h0223,0.2877477337280455,scr2016,avaConv,offshore
fi,h0224,0.17066331853820804,scr2016,avaConv,offshore
fi,h0225,0.06654710885755254,scr2016,avaConv,offshore
fi,h0226,0.062081993032490186,scr2016,avaConv,offshore
fi,h0227,0.06307659287940039,scr2016,avaConv,offshore
fi,h0228,0.06812676581165693,scr2016,avaConv,offshore
fi,h0229,0.11371174924977144,scr2016,avaConv,offshore
fi,h0230,0.14666396603724946,scr2016,avaConv,offshore
fi,h0231,0.1683093186122471,scr2016,avaConv,offshore
fi,h0232,0.14216736222686982,scr2016,avaConv,offshore
fi,h0233,0.11392701831467637,scr2016,avaConv,offshore
fi,h0234,0.09065629636358843,scr2016,avaConv,offshore
fi,h0235,0.07919638362377851,scr2016,avaConv,offshore
fi,h0236,0.07647689470998256,scr2016,avaConv,offshore
fi,h0237,0.07845161185905507,scr2016,avaConv,offshore
fi,h0238,0.07853902046030195,scr2016,avaConv,offshore
fi,h0239,0.08629147521460116,scr2016,avaConv,offshore
fi,h0240,0.09151937192640133,scr2016,avaConv,offshore
fr,h0193,0.3856180658199797,scr2016,avaConv,offshore
fr,h0194,0.2531050694646456,scr2016,avaConv,offshore
fr,h0195,0.14703123743206142,scr2016,avaConv,offshore
fr,h0196,0.14243251900098913,scr2016,avaConv,offshore
fr,h0197,0.13147920076333855,scr2016,avaConv,offshore
fr,h0198,0.12090050271884738,scr2016,avaConv,offshore
fr,h0199,0.09855247314178431,scr2016,avaConv,offshore
fr,h0200,0.08325951957482498,scr2016,avaConv,offshore
fr,h0201,0.0651411553408368,scr2016,avaConv,offshore
fr,h0202,0.055456440485886126,scr2016,avaConv,offshore
fr,h0203,0.03779730227030772,scr2016,avaConv,offshore
fr,h0204,0.020254781430021237,scr2016,avaConv,offshore
fr,h0205,0.30893282588167326,scr2016,avaConv,offshore
fr,h0206,0.6091931670307366,scr2016,avaConv,offshore
fr,h0207,0.9098859873005806,scr2016,avaConv,offshore
fr,h0208,0.9028280794284579,scr2016,avaConv,offshore
fr,h0209,0.8959037849408947,scr2016,avaConv,offshore
fr,h0210,0.8958930078258716,scr2016,avaConv,offshore
fr,h0211,0.6749702617827309,scr2016,avaConv,offshore
fr,h0212,0.4414239629476713,scr2016,avaConv,offshore
fr,h0213,0.1985147539737366,scr2016,avaConv,offshore
fr,h0214,0.17339707012526073,scr2016,avaConv,offshore
fr,h0215,0.1506455975847299,scr2016,avaConv,offshore
fr,h0216,0.12977621845766557,scr2016,avaConv,offshore
fr,h0217,0.23234746901615436,scr2016,avaConv,offshore
fr,h0218,0.33659100251358,scr2016,avaConv,offshore
fr,h0219,0.4307398721052241,scr2016,avaConv,offshore
fr,h0220,0.40040469745168944,scr2016,avaConv,offshore
fr,h0221,0.3689960954944436,scr2016,avaConv,offshore
fr,h0222,0.3383431399824522,scr2016,avaConv,offshore
fr,h0223,0.3446750447336064,scr2016,avaConv,offshore
fr,h0224,0.3450493394216881,scr2016,avaConv,offshore
fr,h0225,0.34081860690597465,scr2016,avaConv,offshore
fr,h0226,0.29724694064447743,scr2016,avaConv,offshore
fr,h0227,0.24199711088517,scr2016,avaConv,offshore
fr,h0228,0.19956360025614217,scr2016,avaConv,offshore
fr,h0229,0.15262056049517478,scr2016,avaConv,offshore
fr,h0230,0.13964960407926644,scr2016,avaConv,offshore
fr,h0231,0.13788730594687185,scr2016,avaConv,offshore
fr,h0232,0.1594664684476732,scr2016,avaConv,offshore
fr,h0233,0.1765221648578566,scr2016,avaConv,offshore
fr,h0234,0.18805119847443214,scr2016,avaConv,offshore
fr,h0235,0.16085057103614422,scr2016,avaConv,offshore
fr,h0236,0.1253071141250245,scr2016,avaConv,offshore
fr,h0237,0.0885765922114916,scr2016,avaConv,offshore
fr,h0238,0.0923953192824908,scr2016,avaConv,offshore
fr,h0239,0.106478038467132,scr2016,avaConv,offshore
fr,h0240,0.1252540191372904,scr2016,avaConv,offshore
gr,h0193,0.4093049889207806,scr2016,avaConv,offshore
gr,h0194,0.2911046664524016,scr2016,avaConv,offshore
gr,h0195,0.19254627974818433,scr2016,avaConv,offshore
gr,h0196,0.17242309738375636,scr2016,avaConv,offshore
gr,h0197,0.15100789177317517,scr2016,avaConv,offshore
gr,h0198,0.12835448257969037,scr2016,avaConv,offshore
gr,h0199,0.07829814404990913,scr2016,avaConv,offshore
gr,h0200,0.03755721040983615,scr2016,avaConv,offshore
gr,h0201,0.004580537245150245,scr2016,avaConv,offshore
gr,h0202,0.0030780128035808943,scr2016,avaConv,offshore
gr,h0203,0.0014632344499681746,scr2016,avaConv,offshore
gr,h0204,0.0005408487524159639,scr2016,avaConv,offshore
gr,h0205,0.0887874850076139,scr2016,avaConv,offshore
gr,h0206,0.17971459942767667,scr2016,avaConv,offshore
gr,h0207,0.264052443133655,scr2016,avaConv,offshore
gr,h0208,0.24483516738396083,scr2016,avaConv,offshore
gr,h0209,0.23265547310877033,scr2016,avaConv,offshore
gr,h0210,0.2343687206045508,scr2016,avaConv,offshore
gr,h0211,0.23521682879361114,scr2016,avaConv,offshore
gr,h0212,0.25492516732302134,scr2016,avaConv,offshore
gr,h0213,0.28267942614506136,scr2016,avaConv,offshore
gr,h0214,0.3120498391556505,scr2016,avaConv,offshore
gr,h0215,0.29288403906396665,scr2016,avaConv,offshore
gr,h0216,0.26363556401403165,scr2016,avaConv,offshore
gr,h0217,0.1716818224450364,scr2016,avaConv,offshore
gr,h0218,0.10966822384465642,scr2016,avaConv,offshore
gr,h0219,0.04952502785874034,scr2016,avaConv,offshore
gr,h0220,0.05638077282895863,scr2016,avaConv,offshore
gr,h0221,0.06375429324072858,scr2016,avaConv,offshore
gr,h0222,0.07055147870346201,scr2016,avaConv,offshore
gr,h0223,0.18747340798242115,scr2016,avaConv,offshore
gr,h0224,0.3123239037026142,scr2016,avaConv,offshore
gr,h0225,0.4438252375254226,scr2016,avaConv,offshore
gr,h0226,0.456806004393691,scr2016,avaConv,offshore
gr,h0227,0.4604588753177369,scr2016,avaConv,offshore
gr,h0228,0.47100325888384703,scr2016,avaConv,offshore
gr,h0229,0.5159186036506479,scr2016,avaConv,offshore
gr,h0230,0.568054445603342,scr2016,avaConv,offshore
gr,h0231,0.6154623971752096,scr2016,avaConv,offshore
gr,h0232,0.6274441742052531,scr2016,avaConv,offshore
gr,h0233,0.646374950728601,scr2016,avaConv,offshore
gr,h0234,0.6544259173495024,scr2016,avaConv,offshore
gr,h0235,0.5546914635773573,scr2016,avaConv,offshore
gr,h0236,0.46250708202982826,scr2016,avaConv,offshore
gr,h0237,0.3781667290839099,scr2016,avaConv,offshore
gr,h0238,0.39396819071370676,scr2016,avaConv,offshore
gr,h0239,0.3894699435137289,scr2016,avaConv,offshore
gr,h0240,0.38005647112023283,scr2016,avaConv,offshore
hr,h0193,0.346514760695506,scr2016,avaConv,offshore
hr,h0194,0.3323654339835729,scr2016,avaConv,offshore
hr,h0195,0.3238529852537559,scr2016,avaConv,offshore
hr,h0196,0.3212457559299788,scr2016,avaConv,offshore
hr,h0197,0.3540911151530547,scr2016,avaConv,offshore
hr,h0198,0.4041505821484367,scr2016,avaConv,offshore
hr,h0199,0.5980000459274207,scr2016,avaConv,offshore
hr,h0200,0.7597709717533254,scr2016,avaConv,offshore
hr,h0201,0.91002610925537,scr2016,avaConv,offshore
hr,h0202,0.9119065767961458,scr2016,avaConv,offshore
hr,h0203,0.9188840597340547,scr2016,avaConv,offshore
hr,h0204,0.9281499503573124,scr2016,avaConv,offshore
hr,h0205,0.8400169458245907,scr2016,avaConv,offshore
hr,h0206,0.7610972132632438,scr2016,avaConv,offshore
hr,h0207,0.6822876556997745,scr2016,avaConv,offshore
hr,h0208,0.7069340571201013,scr2016,avaConv,offshore
hr,h0209,0.7074304565124497,scr2016,avaConv,offshore
hr,h0210,0.6828630262848855,scr2016,avaConv,offshore
hr,h0211,0.47313409131776824,scr2016,avaConv,offshore
hr,h0212,0.26617724099815604,scr2016,avaConv,offshore
hr,h0213,0.05308032754815613,scr2016,avaConv,offshore
hr,h0214,0.038779924637937745,scr2016,avaConv,offshore
hr,h0215,0.024868281235795407,scr2016,avaConv,offshore
hr,h0216,0.027896599276362764,scr2016,avaConv,offshore
hr,h0217,0.19042466810204087,scr2016,avaConv,offshore
hr,h0218,0.3359146367156269,scr2016,avaConv,offshore
hr,h0219,0.4860177784563217,scr2016,avaConv,offshore
hr,h0220,0.5155528091329636,scr2016,avaConv,offshore
hr,h0221,0.5502106897779218,scr2016,avaConv,offshore
hr,h0222,0.5767427152937583,scr2016,avaConv,offshore
hr,h0223,0.4232212362364515,scr2016,avaConv,offshore
hr,h0224,0.2551870311633091,scr2016,avaConv,offshore
hr,h0225,0.054060985712082836,scr2016,avaConv,offshore
hr,h0226,0.03727252654160734,scr2016,avaConv,offshore
hr,h0227,0.02090875466558908,scr2016,avaConv,offshore
hr,h0228,0.011988950495530034,scr2016,avaConv,offshore
hr,h0229,0.20184539044411226,scr2016,avaConv,offshore
hr,h0230,0.3797266016851155,scr2016,avaConv,offshore
hr,h0231,0.536966356743464,scr2016,avaConv,offshore
hr,h0232,0.5231729016368363,scr2016,avaConv,offshore
hr,h0233,0.4904829482444193,scr2016,avaConv,offshore
hr,h0234,0.47800052934730963,scr2016,avaConv,offshore
hr,h0235,0.3944560497806131,scr2016,avaConv,offshore
hr,h0236,0.31189576347047243,scr2016,avaConv,offshore
hr,h0237,0.2074468368702365,scr2016,avaConv,offshore
hr,h0238,0.18343740874096806,scr2016,avaConv,offshore
hr,h0239,0.14941879300275973,scr2016,avaConv,offshore
hr,h0240,0.11302004219706852,scr2016,avaConv,offshore
ie,h0193,0.817109163241504,scr2016,avaConv,offshore
ie,h0194,0.6738517130808702,scr2016,avaConv,offshore
ie,h0195,0.5062803253638095,scr2016,avaConv,offshore
ie,h0196,0.44564016739590695,scr2016,avaConv,offshore
ie,h0197,0.3806939262974652,scr2016,avaConv,offshore
ie,h0198,0.34140763016399217,scr2016,avaConv,offshore
ie,h0199,0.3272982987181463,scr2016,avaConv,offshore
ie,h0200,0.3556715029675334,scr2016,avaConv,offshore
ie,h0201,0.4093678371135905,scr2016,avaConv,offshore
ie,h0202,0.4855552533267481,scr2016,avaConv,offshore
ie,h0203,0.5760309354275687,scr2016,avaConv,offshore
ie,h0204,0.6700473750799137,scr2016,avaConv,offshore
ie,h0205,0.4979781263405848,scr2016,avaConv,offshore
ie,h0206,0.2956538933295387,scr2016,avaConv,offshore
ie,h0207,0.08112684614919138,scr2016,avaConv,offshore
ie,h0208,0.09803247900154868,scr2016,avaConv,offshore
ie,h0209,0.12963538959011156,scr2016,avaConv,offshore
ie,h0210,0.1923448146653091,scr2016,avaConv,offshore
ie,h0211,0.27879897140424653,scr2016,avaConv,offshore
ie,h0212,0.327523629987848,scr2016,avaConv,offshore
ie,h0213,0.32564881567542225,scr2016,avaConv,offshore
ie,h0214,0.2861651452725292,scr2016,avaConv,offshore
ie,h0215,0.2613402773635728,scr2016,avaConv,offshore
ie,h0216,0.2691912609112183,scr2016,avaConv,offshore
ie,h0217,0.4744622103911606,scr2016,avaConv,offshore
ie,h0218,0.6693085192293113,scr2016,avaConv,offshore
ie,h0219,0.8332706877672509,scr2016,avaConv,offshore
ie,h0220,0.8039748715072321,scr2016,avaConv,offshore
ie,h0221,0.7955796686296056,scr2016,avaConv,offshore
ie,h0222,0.8013641503156803,scr2016,avaConv,offshore
ie,h0223,0.6552637958917152,scr2016,avaConv,offshore
ie,h0224,0.5072444340761936,scr2016,avaConv,offshore
ie,h0225,0.338702695877807,scr2016,avaConv,offshore
ie,h0226,0.29824378279524355,scr2016,avaConv,offshore
ie,h0227,0.23335400041576942,scr2016,avaConv,offshore
ie,h0228,0.1845000336212374,scr2016,avaConv,offshore
ie,h0229,0.3233234501219031,scr2016,avaConv,offshore
ie,h0230,0.5021401389335356,scr2016,avaConv,offshore
ie,h0231,0.7013832010910789,scr2016,avaConv,offshore
ie,h0232,0.7437529742719807,scr2016,avaConv,offshore
ie,h0233,0.8000466550337851,scr2016,avaConv,offshore
ie,h0234,0.8629917731746589,scr2016,avaConv,offshore
ie,h0235,0.6777324515590267,scr2016,avaConv,offshore
ie,h0236,0.49909809021009904,scr2016,avaConv,offshore
ie,h0237,0.3373123848652906,scr2016,avaConv,offshore
ie,h0238,0.4187963098910456,scr2016,avaConv,offshore
ie,h0239,0.4921108869857074,scr2016,avaConv,offshore
ie,h0240,0.5516503894745688,scr2016,avaConv,offshore
it_s,h0193,0.5239779744501073,scr2016,avaConv,offshore
it_s,h0194,0.7072037586573818,scr2016,avaConv,offshore
it_s,h0195,0.873945388888603,scr2016,avaConv,offshore
it_s,h0196,0.8461337184712557,scr2016,avaConv,offshore
it_s,h0197,0.790166064156602,scr2016,avaConv,offshore
it_s,h0198,0.6952352398381506,scr2016,avaConv,offshore
it_s,h0199,0.5689543229735458,scr2016,avaConv,offshore
it_s,h0200,0.4781454423336397,scr2016,avaConv,offshore
it_s,h0201,0.4297789972598994,scr2016,avaConv,offshore
it_s,h0202,0.4263136670317347,scr2016,avaConv,offshore
it_s,h0203,0.38327760120987064,scr2016,avaConv,offshore
it_s,h0204,0.35460091689264356,scr2016,avaConv,offshore
it_s,h0205,0.5316002629192368,scr2016,avaConv,offshore
it_s,h0206,0.7448355294197704,scr2016,avaConv,offshore
it_s,h0207,0.948570292986802,scr2016,avaConv,offshore
it_s,h0208,0.9496452022141602,scr2016,avaConv,offshore
it_s,h0209,0.9499294052463286,scr2016,avaConv,offshore
it_s,h0210,0.95,scr2016,avaConv,offshore
it_s,h0211,0.8493991344084916,scr2016,avaConv,offshore
it_s,h0212,0.7321790428028345,scr2016,avaConv,offshore
it_s,h0213,0.6000475217388068,scr2016,avaConv,offshore
it_s,h0214,0.566997589965969,scr2016,avaConv,offshore
it_s,h0215,0.5470593823587033,scr2016,avaConv,offshore
it_s,h0216,0.563209763480456,scr2016,avaConv,offshore
it_s,h0217,0.4971459010700803,scr2016,avaConv,offshore
it_s,h0218,0.42214803020378094,scr2016,avaConv,offshore
it_s,h0219,0.3095284655329929,scr2016,avaConv,offshore
it_s,h0220,0.26889993153115466,scr2016,avaConv,offshore
it_s,h0221,0.23775705869422298,scr2016,avaConv,offshore
it_s,h0222,0.23376726848588386,scr2016,avaConv,offshore
it_s,h0223,0.37749810557564384,scr2016,avaConv,offshore
it_s,h0224,0.5145628448507538,scr2016,avaConv,offshore
it_s,h0225,0.618687392613847,scr2016,avaConv,offshore
it_s,h0226,0.5574148129777978,scr2016,avaConv,offshore
it_s,h0227,0.5215342007782499,scr2016,avaConv,offshore
it_s,h0228,0.4746887836736636,scr2016,avaConv,offshore
it_s,h0229,0.416328713830665,scr2016,avaConv,offshore
it_s,h0230,0.3434475679024368,scr2016,avaConv,offshore
it_s,h0231,0.3086028678349165,scr2016,avaConv,offshore
it_s,h0232,0.31947950494731747,scr2016,avaConv,offshore
it_s,h0233,0.32350224810834716,scr2016,avaConv,offshore
it_s,h0234,0.3135083355053218,scr2016,avaConv,offshore
it_s,h0235,0.21114106040515873,scr2016,avaConv,offshore
it_s,h0236,0.11503117949289822,scr2016,avaConv,offshore
it_s,h0237,0.025103987400207646,scr2016,avaConv,offshore
it_s,h0238,0.01966795287853907,scr2016,avaConv,offshore
it_s,h0239,0.013244015206092079,scr2016,avaConv,offshore
it_s,h0240,0.00763832307757011,scr2016,avaConv,offshore
it_cn,h0193,0.14899778152510557,scr2016,avaConv,offshore
it_cn,h0194,0.29926078543069506,scr2016,avaConv,offshore
it_cn,h0195,0.4723480434443867,scr2016,avaConv,offshore
it_cn,h0196,0.5346901502872625,scr2016,avaConv,offshore
it_cn,h0197,0.5178940844384498,scr2016,avaConv,offshore
it_cn,h0198,0.44724642293052735,scr2016,avaConv,offshore
it_cn,h0199,0.3987591192897087,scr2016,avaConv,offshore
it_cn,h0200,0.39346637555843833,scr2016,avaConv,offshore
it_cn,h0201,0.42027318764843874,scr2016,avaConv,offshore
it_cn,h0202,0.4303849855577931,scr2016,avaConv,offshore
it_cn,h0203,0.482361316945687,scr2016,avaConv,offshore
it_cn,h0204,0.5185953624926444,scr2016,avaConv,offshore
it_cn,h0205,0.38630341050459,scr2016,avaConv,offshore
it_cn,h0206,0.2113071069404168,scr2016,avaConv,offshore
it_cn,h0207,0.03279972827721194,scr2016,avaConv,offshore
it_cn,h0208,0.017919149313538787,scr2016,avaConv,offshore
it_cn,h0209,0.013454462210422576,scr2016,avaConv,offshore
it_cn,h0210,0.014713280624686322,scr2016,avaConv,offshore
it_cn,h0211,0.18705596043590628,scr2016,avaConv,offshore
it_cn,h0212,0.3503609483889586,scr2016,avaConv,offshore
it_cn,h0213,0.5209097531807952,scr2016,avaConv,offshore
it_cn,h0214,0.5548204186560267,scr2016,avaConv,offshore
it_cn,h0215,0.6222757483924242,scr2016,avaConv,offshore
it_cn,h0216,0.7021929987030763,scr2016,avaConv,offshore
it_cn,h0217,0.7938760974693811,scr2016,avaConv,offshore
it_cn,h0218,0.838137442776857,scr2016,avaConv,offshore
it_cn,h0219,0.8265101000538128,scr2016,avaConv,offshore
it_cn,h0220,0.7390282071022155,scr2016,avaConv,offshore
it_cn,h0221,0.6302247636178834,scr2016,avaConv,offshore
it_cn,h0222,0.5510018280892945,scr2016,avaConv,offshore
it_cn,h0223,0.3558427351554506,scr2016,avaConv,offshore
it_cn,h0224,0.18699454495642634,scr2016,avaConv,offshore
it_cn,h0225,0.0036051995077776328,scr2016,avaConv,offshore
it_cn,h0226,0.001517155791936022,scr2016,avaConv,offshore
it_cn,h0227,0.0007221193211177568,scr2016,avaConv,offshore
it_cn,h0228,0.001010384100465655,scr2016,avaConv,offshore
it_cn,h0229,0.1980117133027416,scr2016,avaConv,offshore
it_cn,h0230,0.3500813650144532,scr2016,avaConv,offshore
it_cn,h0231,0.474088883699163,scr2016,avaConv,offshore
it_cn,h0232,0.399349067248758,scr2016,avaConv,offshore
it_cn,h0233,0.333992472273727,scr2016,avaConv,offshore
it_cn,h0234,0.2677453899466753,scr2016,avaConv,offshore
it_cn,h0235,0.1666684786214767,scr2016,avaConv,offshore
it_cn,h0236,0.08045369460988315,scr2016,avaConv,offshore
it_cn,h0237,0.016162937611008798,scr2016,avaConv,offshore
it_cn,h0238,0.014821363053469786,scr2016,avaConv,offshore
it_cn,h0239,0.013875581257879981,scr2016,avaConv,offshore
it_cn,h0240,0.01524650145584926,scr2016,avaConv,offshore
it_cs,h0193,0.37706343009432153,scr2016,avaConv,offshore
it_cs,h0194,0.6574428730662788,scr2016,avaConv,offshore
it_cs,h0195,0.941387133604195,scr2016,avaConv,offshore
it_cs,h0196,0.9476663776747164,scr2016,avaConv,offshore
it_cs,h0197,0.9401907175645313,scr2016,avaConv,offshore
it_cs,h0198,0.9190433648478713,scr2016,avaConv,offshore
it_cs,h0199,0.7353124986196958,scr2016,avaConv,offshore
it_cs,h0200,0.562452868221365,scr2016,avaConv,offshore
it_cs,h0201,0.40257671839841963,scr2016,avaConv,offshore
it_cs,h0202,0.4330400508557613,scr2016,avaConv,offshore
it_cs,h0203,0.532077875890215,scr2016,avaConv,offshore
it_cs,h0204,0.6153176900505039,scr2016,avaConv,offshore
it_cs,h0205,0.4683872817010607,scr2016,avaConv,offshore
it_cs,h0206,0.2396335733658977,scr2016,avaConv,offshore
it_cs,h0207,0.004077086144830281,scr2016,avaConv,offshore
it_cs,h0208,0.0012873187166009734,scr2016,avaConv,offshore
it_cs,h0209,0.002940171442898519,scr2016,avaConv,offshore
it_cs,h0210,0.005495677981585187,scr2016,avaConv,offshore
it_cs,h0211,0.3402384245164958,scr2016,avaConv,offshore
it_cs,h0212,0.6487574368618093,scr2016,avaConv,offshore
it_cs,h0213,0.9475979417401951,scr2016,avaConv,offshore
it_cs,h0214,0.9487112595909177,scr2016,avaConv,offshore
it_cs,h0215,0.9491380187522797,scr2016,avaConv,offshore
it_cs,h0216,0.9495790725304798,scr2016,avaConv,offshore
it_cs,h0217,0.8740431105137364,scr2016,avaConv,offshore
it_cs,h0218,0.8146871050203128,scr2016,avaConv,offshore
it_cs,h0219,0.7716167243497496,scr2016,avaConv,offshore
it_cs,h0220,0.8160394463391114,scr2016,avaConv,offshore
it_cs,h0221,0.838840033004225,scr2016,avaConv,offshore
it_cs,h0222,0.8394038685031935,scr2016,avaConv,offshore
it_cs,h0223,0.5694860806220099,scr2016,avaConv,offshore
it_cs,h0224,0.2949931086319885,scr2016,avaConv,offshore
it_cs,h0225,0.0028031940765373344,scr2016,avaConv,offshore
it_cs,h0226,0.0009365688370271393,scr2016,avaConv,offshore
it_cs,h0227,0.00014699140969994895,scr2016,avaConv,offshore
it_cs,h0228,0.0,scr2016,avaConv,offshore
it_cs,h0229,0.25259631930500476,scr2016,avaConv,offshore
it_cs,h0230,0.45853900478832654,scr2016,avaConv,offshore
it_cs,h0231,0.653541608543211,scr2016,avaConv,offshore
it_cs,h0232,0.6228495385600541,scr2016,avaConv,offshore
it_cs,h0233,0.6351308518727633,scr2016,avaConv,offshore
it_cs,h0234,0.6645523185353711,scr2016,avaConv,offshore
it_cs,h0235,0.4705592440766037,scr2016,avaConv,offshore
it_cs,h0236,0.2532989304858787,scr2016,avaConv,offshore
it_cs,h0237,0.006778400517030682,scr2016,avaConv,offshore
it_cs,h0238,0.012392314944400068,scr2016,avaConv,offshore
it_cs,h0239,0.017915473842482862,scr2016,avaConv,offshore
it_cs,h0240,0.023077241250953996,scr2016,avaConv,offshore
it_n,h0193,0.3244848602021026,scr2016,avaConv,offshore
it_n,h0194,0.615050533882543,scr2016,avaConv,offshore
it_n,h0195,0.8997865824058945,scr2016,avaConv,offshore
it_n,h0196,0.820784836767535,scr2016,avaConv,offshore
it_n,h0197,0.6965368380351444,scr2016,avaConv,offshore
it_n,h0198,0.6184182018277828,scr2016,avaConv,offshore
it_n,h0199,0.5567548935172238,scr2016,avaConv,offshore
it_n,h0200,0.49180991017721243,scr2016,avaConv,offshore
it_n,h0201,0.4035207791889435,scr2016,avaConv,offshore
it_n,h0202,0.349374044137846,scr2016,avaConv,offshore
it_n,h0203,0.3947279824741397,scr2016,avaConv,offshore
it_n,h0204,0.42331587370596413,scr2016,avaConv,offshore
it_n,h0205,0.4085389880321118,scr2016,avaConv,offshore
it_n,h0206,0.347871367406595,scr2016,avaConv,offshore
it_n,h0207,0.32820051656680393,scr2016,avaConv,offshore
it_n,h0208,0.336155178063749,scr2016,avaConv,offshore
it_n,h0209,0.3396467846404742,scr2016,avaConv,offshore
it_n,h0210,0.3259317591930601,scr2016,avaConv,offshore
it_n,h0211,0.20049895581335422,scr2016,avaConv,offshore
it_n,h0212,0.09091165656071225,scr2016,avaConv,offshore
it_n,h0213,0.00630144868157457,scr2016,avaConv,offshore
it_n,h0214,0.005699187751708016,scr2016,avaConv,offshore
it_n,h0215,0.004111220155557892,scr2016,avaConv,offshore
it_n,h0216,0.0029009189724308474,scr2016,avaConv,offshore
it_n,h0217,0.25448596338022156,scr2016,avaConv,offshore
it_n,h0218,0.5834778374291937,scr2016,avaConv,offshore
it_n,h0219,0.9499770942269307,scr2016,avaConv,offshore
it_n,h0220,0.9499769674832512,scr2016,avaConv,offshore
it_n,h0221,0.9499853945737073,scr2016,avaConv,offshore
it_n,h0222,0.949999940998619,scr2016,avaConv,offshore
it_n,h0223,0.5817270375875546,scr2016,avaConv,offshore
it_n,h0224,0.2524750211855467,scr2016,avaConv,offshore
it_n,h0225,0.0010332705871713517,scr2016,avaConv,offshore
it_n,h0226,0.001750283599544112,scr2016,avaConv,offshore
it_n,h0227,0.0017941243978250403,scr2016,avaConv,offshore
it_n,h0228,0.0009216801292031811,scr2016,avaConv,offshore
it_n,h0229,0.026035708024001816,scr2016,avaConv,offshore
it_n,h0230,0.0742631298218427,scr2016,avaConv,offshore
it_n,h0231,0.12777595753518609,scr2016,avaConv,offshore
it_n,h0232,0.13226230998799676,scr2016,avaConv,offshore
it_n,h0233,0.11918555864264856,scr2016,avaConv,offshore
it_n,h0234,0.11925317946327428,scr2016,avaConv,offshore
it_n,h0235,0.1261000989144113,scr2016,avaConv,offshore
it_n,h0236,0.1606432981366376,scr2016,avaConv,offshore
it_n,h0237,0.21849841721666025,scr2016,avaConv,offshore
it_n,h0238,0.2987874316049517,scr2016,avaConv,offshore
it_n,h0239,0.3479527678440769,scr2016,avaConv,offshore
it_n,h0240,0.3845072306241573,scr2016,avaConv,offshore
it_sar,h0193,0.33382708472787365,scr2016,avaConv,offshore
it_sar,h0194,0.528454758142416,scr2016,avaConv,offshore
it_sar,h0195,0.6865080362114626,scr2016,avaConv,offshore
it_sar,h0196,0.6383505469816155,scr2016,avaConv,offshore
it_sar,h0197,0.5791470216935134,scr2016,avaConv,offshore
it_sar,h0198,0.512633119980087,scr2016,avaConv,offshore
it_sar,h0199,0.3675854538059743,scr2016,avaConv,offshore
it_sar,h0200,0.24252040442771922,scr2016,avaConv,offshore
it_sar,h0201,0.13154260455159084,scr2016,avaConv,offshore
it_sar,h0202,0.12062776754648398,scr2016,avaConv,offshore
it_sar,h0203,0.1315177869263615,scr2016,avaConv,offshore
it_sar,h0204,0.1547276175449106,scr2016,avaConv,offshore
it_sar,h0205,0.3701544014247192,scr2016,avaConv,offshore
it_sar,h0206,0.5579388947603078,scr2016,avaConv,offshore
it_sar,h0207,0.7381321786798744,scr2016,avaConv,offshore
it_sar,h0208,0.7505905615198706,scr2016,avaConv,offshore
it_sar,h0209,0.7616584711857248,scr2016,avaConv,offshore
it_sar,h0210,0.7728375338731726,scr2016,avaConv,offshore
it_sar,h0211,0.7285788820229799,scr2016,avaConv,offshore
it_sar,h0212,0.667464360071581,scr2016,avaConv,offshore
it_sar,h0213,0.5852871211636919,scr2016,avaConv,offshore
it_sar,h0214,0.5366150598176009,scr2016,avaConv,offshore
it_sar,h0215,0.5035797800599657,scr2016,avaConv,offshore
it_sar,h0216,0.4977012401067988,scr2016,avaConv,offshore
it_sar,h0217,0.3950448757076309,scr2016,avaConv,offshore
it_sar,h0218,0.29192332829917134,scr2016,avaConv,offshore
it_sar,h0219,0.17842540985538038,scr2016,avaConv,offshore
it_sar,h0220,0.18755113164667894,scr2016,avaConv,offshore
it_sar,h0221,0.19835984793097639,scr2016,avaConv,offshore
it_sar,h0222,0.20569391756248193,scr2016,avaConv,offshore
it_sar,h0223,0.21361055275236104,scr2016,avaConv,offshore
it_sar,h0224,0.23367292273764445,scr2016,avaConv,offshore
it_sar,h0225,0.2700679747752792,scr2016,avaConv,offshore
it_sar,h0226,0.322736921094424,scr2016,avaConv,offshore
it_sar,h0227,0.3811066514711397,scr2016,avaConv,offshore
it_sar,h0228,0.41762076246096935,scr2016,avaConv,offshore
it_sar,h0229,0.5850305648057296,scr2016,avaConv,offshore
it_sar,h0230,0.7430634091122376,scr2016,avaConv,offshore
it_sar,h0231,0.9106221748734287,scr2016,avaConv,offshore
it_sar,h0232,0.9308531171931121,scr2016,avaConv,offshore
it_sar,h0233,0.9368391957370367,scr2016,avaConv,offshore
it_sar,h0234,0.9359823630879428,scr2016,avaConv,offshore
it_sar,h0235,0.8758321749402227,scr2016,avaConv,offshore
it_sar,h0236,0.8194130595917252,scr2016,avaConv,offshore
it_sar,h0237,0.7679204457596251,scr2016,avaConv,offshore
it_sar,h0238,0.7795156985074039,scr2016,avaConv,offshore
it_sar,h0239,0.786769034979997,scr2016,avaConv,offshore
it_sar,h0240,0.7892028533080712,scr2016,avaConv,offshore
it_sic,h0193,0.34179735962426105,scr2016,avaConv,offshore
it_sic,h0194,0.616616203582021,scr2016,avaConv,offshore
it_sic,h0195,0.8605585285437953,scr2016,avaConv,offshore
it_sic,h0196,0.8520991219608459,scr2016,avaConv,offshore
it_sic,h0197,0.8489576513838931,scr2016,avaConv,offshore
it_sic,h0198,0.8516517373022606,scr2016,avaConv,offshore
it_sic,h0199,0.8472563277683357,scr2016,avaConv,offshore
it_sic,h0200,0.8374167444226488,scr2016,avaConv,offshore
it_sic,h0201,0.8361744216082004,scr2016,avaConv,offshore
it_sic,h0202,0.8460101361998267,scr2016,avaConv,offshore
it_sic,h0203,0.8316045698427342,scr2016,avaConv,offshore
it_sic,h0204,0.7944623059268787,scr2016,avaConv,offshore
it_sic,h0205,0.5757357724268534,scr2016,avaConv,offshore
it_sic,h0206,0.366742532043292,scr2016,avaConv,offshore
it_sic,h0207,0.15811772441786978,scr2016,avaConv,offshore
it_sic,h0208,0.1699804228977402,scr2016,avaConv,offshore
it_sic,h0209,0.17443537615382923,scr2016,avaConv,offshore
it_sic,h0210,0.1714416973618409,scr2016,avaConv,offshore
it_sic,h0211,0.26238504442407995,scr2016,avaConv,offshore
it_sic,h0212,0.34587900153919887,scr2016,avaConv,offshore
it_sic,h0213,0.41335673322096983,scr2016,avaConv,offshore
it_sic,h0214,0.3777004362370019,scr2016,avaConv,offshore
it_sic,h0215,0.3292904121640749,scr2016,avaConv,offshore
it_sic,h0216,0.3156882510445982,scr2016,avaConv,offshore
it_sic,h0217,0.4159267755324973,scr2016,avaConv,offshore
it_sic,h0218,0.5313646444016218,scr2016,avaConv,offshore
it_sic,h0219,0.6059597627841434,scr2016,avaConv,offshore
it_sic,h0220,0.5547438882641161,scr2016,avaConv,offshore
it_sic,h0221,0.473391115596733,scr2016,avaConv,offshore
it_sic,h0222,0.40102933342257274,scr2016,avaConv,offshore
it_sic,h0223,0.2810465928037493,scr2016,avaConv,offshore
it_sic,h0224,0.1733404362689923,scr2016,avaConv,offshore
it_sic,h0225,0.06634701047248347,scr2016,avaConv,offshore
it_sic,h0226,0.08156601894383143,scr2016,avaConv,offshore
it_sic,h0227,0.1451845616264364,scr2016,avaConv,offshore
it_sic,h0228,0.2084376324706293,scr2016,avaConv,offshore
it_sic,h0229,0.49374004853502174,scr2016,avaConv,offshore
it_sic,h0230,0.720818941575353,scr2016,avaConv,offshore
it_sic,h0231,0.927818318367888,scr2016,avaConv,offshore
it_sic,h0232,0.9299113991077433,scr2016,avaConv,offshore
it_sic,h0233,0.9302647833586368,scr2016,avaConv,offshore
it_sic,h0234,0.9303375368143578,scr2016,avaConv,offshore
it_sic,h0235,0.7541603014275636,scr2016,avaConv,offshore
it_sic,h0236,0.5795580022655902,scr2016,avaConv,offshore
it_sic,h0237,0.4168897131552814,scr2016,avaConv,offshore
it_sic,h0238,0.4704716589246312,scr2016,avaConv,offshore
it_sic,h0239,0.569732393377732,scr2016,avaConv,offshore
it_sic,h0240,0.670561836919999,scr2016,avaConv,offshore
lt,h0193,0.6649935511384761,scr2016,avaConv,offshore
lt,h0194,0.44559930261619946,scr2016,avaConv,offshore
lt,h0195,0.26606436605002537,scr2016,avaConv,offshore
lt,h0196,0.34803548607036194,scr2016,avaConv,offshore
lt,h0197,0.46175513124812134,scr2016,avaConv,offshore
lt,h0198,0.5739620356971468,scr2016,avaConv,offshore
lt,h0199,0.4573414048215805,scr2016,avaConv,offshore
lt,h0200,0.3422396098772124,scr2016,avaConv,offshore
lt,h0201,0.24283609730462052,scr2016,avaConv,offshore
lt,h0202,0.30327948480986366,scr2016,avaConv,offshore
lt,h0203,0.29470402054676526,scr2016,avaConv,offshore
lt,h0204,0.20759397090200804,scr2016,avaConv,offshore
lt,h0205,0.3218435086722092,scr2016,avaConv,offshore
lt,h0206,0.4757592610692157,scr2016,avaConv,offshore
lt,h0207,0.6185598176966791,scr2016,avaConv,offshore
lt,h0208,0.5340299795622083,scr2016,avaConv,offshore
lt,h0209,0.4035490498994368,scr2016,avaConv,offshore
lt,h0210,0.2823636633303178,scr2016,avaConv,offshore
lt,h0211,0.1515707656255947,scr2016,avaConv,offshore
lt,h0212,0.06774634360205507,scr2016,avaConv,offshore
lt,h0213,0.012939306819454656,scr2016,avaConv,offshore
lt,h0214,0.016426887260783497,scr2016,avaConv,offshore
lt,h0215,0.021042644267919398,scr2016,avaConv,offshore
lt,h0216,0.025318480748743363,scr2016,avaConv,offshore
lt,h0217,0.2662525308832825,scr2016,avaConv,offshore
lt,h0218,0.49446692749190807,scr2016,avaConv,offshore
lt,h0219,0.6525159867035938,scr2016,avaConv,offshore
lt,h0220,0.49728749721797827,scr2016,avaConv,offshore
lt,h0221,0.36438971262314795,scr2016,avaConv,offshore
lt,h0222,0.3036049845514084,scr2016,avaConv,offshore
lt,h0223,0.2808190294906618,scr2016,avaConv,offshore
lt,h0224,0.2596033105933135,scr2016,avaConv,offshore
lt,h0225,0.23328527789220935,scr2016,avaConv,offshore
lt,h0226,0.2088697641303097,scr2016,avaConv,offshore
lt,h0227,0.15409241906255114,scr2016,avaConv,offshore
lt,h0228,0.08892451634425383,scr2016,avaConv,offshore
lt,h0229,0.04094927896692271,scr2016,avaConv,offshore
lt,h0230,0.01667036476775557,scr2016,avaConv,offshore
lt,h0231,0.01698907944225922,scr2016,avaConv,offshore
lt,h0232,0.045381572499180345,scr2016,avaConv,offshore
lt,h0233,0.08190153914120293,scr2016,avaConv,offshore
lt,h0234,0.1190063607636008,scr2016,avaConv,offshore
lt,h0235,0.2537583428604039,scr2016,avaConv,offshore
lt,h0236,0.4129449931936344,scr2016,avaConv,offshore
lt,h0237,0.5825364633096929,scr2016,avaConv,offshore
lt,h0238,0.6373786047560087,scr2016,avaConv,offshore
lt,h0239,0.6594469775441049,scr2016,avaConv,offshore
lt,h0240,0.6460778385388976,scr2016,avaConv,offshore
lv,h0193,0.7936042977123446,scr2016,avaConv,offshore
lv,h0194,0.7929465533358483,scr2016,avaConv,offshore
lv,h0195,0.8126372512342934,scr2016,avaConv,offshore
lv,h0196,0.8204185984150396,scr2016,avaConv,offshore
lv,h0197,0.8250226198142351,scr2016,avaConv,offshore
lv,h0198,0.8185778168094234,scr2016,avaConv,offshore
lv,h0199,0.621889159676553,scr2016,avaConv,offshore
lv,h0200,0.4440560667037384,scr2016,avaConv,offshore
lv,h0201,0.28891322531521385,scr2016,avaConv,offshore
lv,h0202,0.33770153848020684,scr2016,avaConv,offshore
lv,h0203,0.3733066146660304,scr2016,avaConv,offshore
lv,h0204,0.3601816580350297,scr2016,avaConv,offshore
lv,h0205,0.47727282049626363,scr2016,avaConv,offshore
lv,h0206,0.5804427207025056,scr2016,avaConv,offshore
lv,h0207,0.6755225699889906,scr2016,avaConv,offshore
lv,h0208,0.5822868512878533,scr2016,avaConv,offshore
lv,h0209,0.4997392884774051,scr2016,avaConv,offshore
lv,h0210,0.43527840842069276,scr2016,avaConv,offshore
lv,h0211,0.29271458367349096,scr2016,avaConv,offshore
lv,h0212,0.17034438913823646,scr2016,avaConv,offshore
lv,h0213,0.07369884300599903,scr2016,avaConv,offshore
lv,h0214,0.09531413322706625,scr2016,avaConv,offshore
lv,h0215,0.11025489186713655,scr2016,avaConv,offshore
lv,h0216,0.11278565063603814,scr2016,avaConv,offshore
lv,h0217,0.1781650084215025,scr2016,avaConv,offshore
lv,h0218,0.2435441700226115,scr2016,avaConv,offshore
lv,h0219,0.3214060952277881,scr2016,avaConv,offshore
lv,h0220,0.3210583264807481,scr2016,avaConv,offshore
lv,h0221,0.29428095651172037,scr2016,avaConv,offshore
lv,h0222,0.24186570855501352,scr2016,avaConv,offshore
lv,h0223,0.16849190907418682,scr2016,avaConv,offshore
lv,h0224,0.12030636943704363,scr2016,avaConv,offshore
lv,h0225,0.08943050059868626,scr2016,avaConv,offshore
lv,h0226,0.08354513866223254,scr2016,avaConv,offshore
lv,h0227,0.07053783919785775,scr2016,avaConv,offshore
lv,h0228,0.053685969133286784,scr2016,avaConv,offshore
lv,h0229,0.031176693896010594,scr2016,avaConv,offshore
lv,h0230,0.01528445871663043,scr2016,avaConv,offshore
lv,h0231,0.01275892164688634,scr2016,avaConv,offshore
lv,h0232,0.04188242330851401,scr2016,avaConv,offshore
lv,h0233,0.08818357859155743,scr2016,avaConv,offshore
lv,h0234,0.14243371243563907,scr2016,avaConv,offshore
lv,h0235,0.1407341649185471,scr2016,avaConv,offshore
lv,h0236,0.13392848948583816,scr2016,avaConv,offshore
lv,h0237,0.1259101107890353,scr2016,avaConv,offshore
lv,h0238,0.17043719256368725,scr2016,avaConv,offshore
lv,h0239,0.21210040344284442,scr2016,avaConv,offshore
lv,h0240,0.24184007045842215,scr2016,avaConv,offshore
me,h0193,0.7500095923617264,scr2016,avaConv,offshore
me,h0194,0.8135133354091248,scr2016,avaConv,offshore
me,h0195,0.934656269122036,scr2016,avaConv,offshore
me,h0196,0.9493287235525665,scr2016,avaConv,offshore
me,h0197,0.949274728356331,scr2016,avaConv,offshore
me,h0198,0.9492067426173484,scr2016,avaConv,offshore
me,h0199,0.9272122677185941,scr2016,avaConv,offshore
me,h0200,0.8997478157186227,scr2016,avaConv,offshore
me,h0201,0.8506364702508519,scr2016,avaConv,offshore
me,h0202,0.7850329879443659,scr2016,avaConv,offshore
me,h0203,0.6938363588272849,scr2016,avaConv,offshore
me,h0204,0.6545735856517584,scr2016,avaConv,offshore
me,h0205,0.5522586241855779,scr2016,avaConv,offshore
me,h0206,0.5548226370475433,scr2016,avaConv,offshore
me,h0207,0.5989242089001685,scr2016,avaConv,offshore
me,h0208,0.7747306900440883,scr2016,avaConv,offshore
me,h0209,0.886810146605379,scr2016,avaConv,offshore
me,h0210,0.9258624857084449,scr2016,avaConv,offshore
me,h0211,0.6531126124558976,scr2016,avaConv,offshore
me,h0212,0.36745928941095657,scr2016,avaConv,offshore
me,h0213,0.07550111868314348,scr2016,avaConv,offshore
me,h0214,0.12460684026214146,scr2016,avaConv,offshore
me,h0215,0.24323555207183145,scr2016,avaConv,offshore
me,h0216,0.37944060437964355,scr2016,avaConv,offshore
me,h0217,0.509062329484745,scr2016,avaConv,offshore
me,h0218,0.5523495227904804,scr2016,avaConv,offshore
me,h0219,0.5444660696171395,scr2016,avaConv,offshore
me,h0220,0.4978311724176371,scr2016,avaConv,offshore
me,h0221,0.42738245041371736,scr2016,avaConv,offshore
me,h0222,0.3548525905574767,scr2016,avaConv,offshore
me,h0223,0.25776155711840837,scr2016,avaConv,offshore
me,h0224,0.18900065574826155,scr2016,avaConv,offshore
me,h0225,0.12469994613676073,scr2016,avaConv,offshore
me,h0226,0.09311724356730774,scr2016,avaConv,offshore
me,h0227,0.06857045909300072,scr2016,avaConv,offshore
me,h0228,0.06009732998318704,scr2016,avaConv,offshore
me,h0229,0.04765966666521884,scr2016,avaConv,offshore
me,h0230,0.04629988559440133,scr2016,avaConv,offshore
me,h0231,0.06406474496572216,scr2016,avaConv,offshore
me,h0232,0.12951099854225825,scr2016,avaConv,offshore
me,h0233,0.21901993898707356,scr2016,avaConv,offshore
me,h0234,0.33203274450729453,scr2016,avaConv,offshore
me,h0235,0.32577691412918586,scr2016,avaConv,offshore
me,h0236,0.262029002081906,scr2016,avaConv,offshore
me,h0237,0.135979211727942,scr2016,avaConv,offshore
me,h0238,0.09857450626823087,scr2016,avaConv,offshore
me,h0239,0.07684355333574348,scr2016,avaConv,offshore
me,h0240,0.06199162259823803,scr2016,avaConv,offshore
nl,h0193,0.6552218951662612,scr2016,avaConv,offshore
nl,h0194,0.3748653923009732,scr2016,avaConv,offshore
nl,h0195,0.08915572811371225,scr2016,avaConv,offshore
nl,h0196,0.08684568601207715,scr2016,avaConv,offshore
nl,h0197,0.061498363410540706,scr2016,avaConv,offshore
nl,h0198,0.03561033294684869,scr2016,avaConv,offshore
nl,h0199,0.14251647604131726,scr2016,avaConv,offshore
nl,h0200,0.25445454528640876,scr2016,avaConv,offshore
nl,h0201,0.35558359156207575,scr2016,avaConv,offshore
nl,h0202,0.32779318937845475,scr2016,avaConv,offshore
nl,h0203,0.2962309635506699,scr2016,avaConv,offshore
nl,h0204,0.2731616939695421,scr2016,avaConv,offshore
nl,h0205,0.1905083088396795,scr2016,avaConv,offshore
nl,h0206,0.12041022965090743,scr2016,avaConv,offshore
nl,h0207,0.06369196509513185,scr2016,avaConv,offshore
nl,h0208,0.09834932509696842,scr2016,avaConv,offshore
nl,h0209,0.1449413645230457,scr2016,avaConv,offshore
nl,h0210,0.2012822449073886,scr2016,avaConv,offshore
nl,h0211,0.37270815226671195,scr2016,avaConv,offshore
nl,h0212,0.5561543312414041,scr2016,avaConv,offshore
nl,h0213,0.739885205017224,scr2016,avaConv,offshore
nl,h0214,0.7961655297968866,scr2016,avaConv,offshore
nl,h0215,0.8115876843336636,scr2016,avaConv,offshore
nl,h0216,0.785951213824975,scr2016,avaConv,offshore
nl,h0217,0.7609113668177874,scr2016,avaConv,offshore
nl,h0218,0.7501633636144098,scr2016,avaConv,offshore
nl,h0219,0.7619887947758449,scr2016,avaConv,offshore
nl,h0220,0.7668353265335138,scr2016,avaConv,offshore
nl,h0221,0.7692831751607376,scr2016,avaConv,offshore
nl,h0222,0.7668671457628778,scr2016,avaConv,offshore
nl,h0223,0.6493375705415805,scr2016,avaConv,offshore
nl,h0224,0.5189714327670281,scr2016,avaConv,offshore
nl,h0225,0.3791540308587195,scr2016,avaConv,offshore
nl,h0226,0.34944540438299393,scr2016,avaConv,offshore
nl,h0227,0.2948790416654208,scr2016,avaConv,offshore
nl,h0228,0.23584609752509256,scr2016,avaConv,offshore
nl,h0229,0.1981322489027694,scr2016,avaConv,offshore
nl,h0230,0.18768025563351556,scr2016,avaConv,offshore
nl,h0231,0.18406576128311164,scr2016,avaConv,offshore
nl,h0232,0.1662306675370848,scr2016,avaConv,offshore
nl,h0233,0.15215519958729434,scr2016,avaConv,offshore
nl,h0234,0.139598879752181,scr2016,avaConv,offshore
nl,h0235,0.10911739673492979,scr2016,avaConv,offshore
nl,h0236,0.08299696041471538,scr2016,avaConv,offshore
nl,h0237,0.07214996567329733,scr2016,avaConv,offshore
nl,h0238,0.09963543629906298,scr2016,avaConv,offshore
nl,h0239,0.11996363231634415,scr2016,avaConv,offshore
nl,h0240,0.13455726198082335,scr2016,avaConv,offshore
no_m,h0193,0.3840658990625064,scr2016,avaConv,offshore
no_m,h0194,0.5881673160777559,scr2016,avaConv,offshore
no_m,h0195,0.7479841468450601,scr2016,avaConv,offshore
no_m,h0196,0.6051122637646249,scr2016,avaConv,offshore
no_m,h0197,0.4546391173162913,scr2016,avaConv,offshore
no_m,h0198,0.32362770369998245,scr2016,avaConv,offshore
no_m,h0199,0.18061830334884416,scr2016,avaConv,offshore
no_m,h0200,0.08665056671817942,scr2016,avaConv,offshore
no_m,h0201,0.0493500188528866,scr2016,avaConv,offshore
no_m,h0202,0.12970529736697126,scr2016,avaConv,offshore
no_m,h0203,0.2535144858598238,scr2016,avaConv,offshore
no_m,h0204,0.41740464075402145,scr2016,avaConv,offshore
no_m,h0205,0.6552599258855996,scr2016,avaConv,offshore
no_m,h0206,0.8372780837600966,scr2016,avaConv,offshore
no_m,h0207,0.949994854992083,scr2016,avaConv,offshore
no_m,h0208,0.9499352980191629,scr2016,avaConv,offshore
no_m,h0209,0.9488171524242464,scr2016,avaConv,offshore
no_m,h0210,0.9429770254545882,scr2016,avaConv,offshore
no_m,h0211,0.7685645735460278,scr2016,avaConv,offshore
no_m,h0212,0.5854108068713066,scr2016,avaConv,offshore
no_m,h0213,0.39309948511579595,scr2016,avaConv,offshore
no_m,h0214,0.37033460034695553,scr2016,avaConv,offshore
no_m,h0215,0.2919184241753641,scr2016,avaConv,offshore
no_m,h0216,0.2425131720411726,scr2016,avaConv,offshore
no_m,h0217,0.271735957200696,scr2016,avaConv,offshore
no_m,h0218,0.3599506424728851,scr2016,avaConv,offshore
no_m,h0219,0.4233475716095306,scr2016,avaConv,offshore
no_m,h0220,0.41742691325158626,scr2016,avaConv,offshore
no_m,h0221,0.4084529928453846,scr2016,avaConv,offshore
no_m,h0222,0.39752360124501934,scr2016,avaConv,offshore
no_m,h0223,0.39918057562848985,scr2016,avaConv,offshore
no_m,h0224,0.39266311959921185,scr2016,avaConv,offshore
no_m,h0225,0.36723707195345484,scr2016,avaConv,offshore
no_m,h0226,0.3121918191408759,scr2016,avaConv,offshore
no_m,h0227,0.26969656351412297,scr2016,avaConv,offshore
no_m,h0228,0.22435427036329839,scr2016,avaConv,offshore
no_m,h0229,0.41911403130611713,scr2016,avaConv,offshore
no_m,h0230,0.6331571971118791,scr2016,avaConv,offshore
no_m,h0231,0.8676052999715309,scr2016,avaConv,offshore
no_m,h0232,0.903222903658184,scr2016,avaConv,offshore
no_m,h0233,0.9216091452358588,scr2016,avaConv,offshore
no_m,h0234,0.9368308823333658,scr2016,avaConv,offshore
no_m,h0235,0.8940127057530557,scr2016,avaConv,offshore
no_m,h0236,0.8042258589953029,scr2016,avaConv,offshore
no_m,h0237,0.6998913939012726,scr2016,avaConv,offshore
no_m,h0238,0.6557008321894973,scr2016,avaConv,offshore
no_m,h0239,0.6252520160409153,scr2016,avaConv,offshore
no_m,h0240,0.6028227522004955,scr2016,avaConv,offshore
no_n,h0193,0.13987666307808563,scr2016,avaConv,offshore
no_n,h0194,0.2251429957324485,scr2016,avaConv,offshore
no_n,h0195,0.2933527192125397,scr2016,avaConv,offshore
no_n,h0196,0.2640537406041105,scr2016,avaConv,offshore
no_n,h0197,0.2524140911330023,scr2016,avaConv,offshore
no_n,h0198,0.2524413365484174,scr2016,avaConv,offshore
no_n,h0199,0.23691662757505924,scr2016,avaConv,offshore
no_n,h0200,0.21147707769771104,scr2016,avaConv,offshore
no_n,h0201,0.17671887056101504,scr2016,avaConv,offshore
no_n,h0202,0.15430438394151397,scr2016,avaConv,offshore
no_n,h0203,0.15337467771670646,scr2016,avaConv,offshore
no_n,h0204,0.1575130775798928,scr2016,avaConv,offshore
no_n,h0205,0.19754565522131837,scr2016,avaConv,offshore
no_n,h0206,0.21984890571494053,scr2016,avaConv,offshore
no_n,h0207,0.22785484379304352,scr2016,avaConv,offshore
no_n,h0208,0.19103396306288148,scr2016,avaConv,offshore
no_n,h0209,0.16831453322731293,scr2016,avaConv,offshore
no_n,h0210,0.16977418937976455,scr2016,avaConv,offshore
no_n,h0211,0.17987279082498692,scr2016,avaConv,offshore
no_n,h0212,0.17092762531947042,scr2016,avaConv,offshore
no_n,h0213,0.14970814769042384,scr2016,avaConv,offshore
no_n,h0214,0.1278064039984482,scr2016,avaConv,offshore
no_n,h0215,0.11356774000784324,scr2016,avaConv,offshore
no_n,h0216,0.1053350144117103,scr2016,avaConv,offshore
no_n,h0217,0.13653344335646844,scr2016,avaConv,offshore
no_n,h0218,0.19364264086436636,scr2016,avaConv,offshore
no_n,h0219,0.2753813248914787,scr2016,avaConv,offshore
no_n,h0220,0.37712233748624213,scr2016,avaConv,offshore
no_n,h0221,0.4949399378877495,scr2016,avaConv,offshore
no_n,h0222,0.6067044638107408,scr2016,avaConv,offshore
no_n,h0223,0.7066168731421844,scr2016,avaConv,offshore
no_n,h0224,0.7686391653365109,scr2016,avaConv,offshore
no_n,h0225,0.8105722265846843,scr2016,avaConv,offshore
no_n,h0226,0.8103360433456834,scr2016,avaConv,offshore
no_n,h0227,0.8227844484172613,scr2016,avaConv,offshore
no_n,h0228,0.8310451908388706,scr2016,avaConv,offshore
no_n,h0229,0.5952096863232244,scr2016,avaConv,offshore
no_n,h0230,0.34329642362790097,scr2016,avaConv,offshore
no_n,h0231,0.10297674570390146,scr2016,avaConv,offshore
no_n,h0232,0.12713691547747083,scr2016,avaConv,offshore
no_n,h0233,0.16848266402515286,scr2016,avaConv,offshore
no_n,h0234,0.22326878009019696,scr2016,avaConv,offshore
no_n,h0235,0.28516962968912274,scr2016,avaConv,offshore
no_n,h0236,0.3427551425021746,scr2016,avaConv,offshore
no_n,h0237,0.3855362131475564,scr2016,avaConv,offshore
no_n,h0238,0.40742144904860816,scr2016,avaConv,offshore
no_n,h0239,0.4381428898093364,scr2016,avaConv,offshore
no_n,h0240,0.4578812901688942,scr2016,avaConv,offshore
no_s,h0193,0.529264013997828,scr2016,avaConv,offshore
no_s,h0194,0.2678326260299766,scr2016,avaConv,offshore
no_s,h0195,0.0,scr2016,avaConv,offshore
no_s,h0196,0.0,scr2016,avaConv,offshore
no_s,h0197,0.0,scr2016,avaConv,offshore
no_s,h0198,0.0,scr2016,avaConv,offshore
no_s,h0199,0.30623928248484195,scr2016,avaConv,offshore
no_s,h0200,0.5947415659236706,scr2016,avaConv,offshore
no_s,h0201,0.8778834600479799,scr2016,avaConv,offshore
no_s,h0202,0.8790396381825533,scr2016,avaConv,offshore
no_s,h0203,0.881447231121932,scr2016,avaConv,offshore
no_s,h0204,0.8843938714865233,scr2016,avaConv,offshore
no_s,h0205,0.846025400960393,scr2016,avaConv,offshore
no_s,h0206,0.804635143658824,scr2016,avaConv,offshore
no_s,h0207,0.7570926289554263,scr2016,avaConv,offshore
no_s,h0208,0.7403781967898667,scr2016,avaConv,offshore
no_s,h0209,0.7184254280776885,scr2016,avaConv,offshore
no_s,h0210,0.6976036294757867,scr2016,avaConv,offshore
no_s,h0211,0.7484945211646735,scr2016,avaConv,offshore
no_s,h0212,0.8056080944661944,scr2016,avaConv,offshore
no_s,h0213,0.8607909915156977,scr2016,avaConv,offshore
no_s,h0214,0.8422486828243864,scr2016,avaConv,offshore
no_s,h0215,0.7756628745129989,scr2016,avaConv,offshore
no_s,h0216,0.6671890651740766,scr2016,avaConv,offshore
no_s,h0217,0.5001461012146713,scr2016,avaConv,offshore
no_s,h0218,0.36658040558278354,scr2016,avaConv,offshore
no_s,h0219,0.27878017996398685,scr2016,avaConv,offshore
no_s,h0220,0.26886523389601136,scr2016,avaConv,offshore
no_s,h0221,0.27204297702082786,scr2016,avaConv,offshore
no_s,h0222,0.28073236559192777,scr2016,avaConv,offshore
no_s,h0223,0.47765378293470984,scr2016,avaConv,offshore
no_s,h0224,0.6685800208628032,scr2016,avaConv,offshore
no_s,h0225,0.8314358984821534,scr2016,avaConv,offshore
no_s,h0226,0.7817855040790254,scr2016,avaConv,offshore
no_s,h0227,0.6557442667251969,scr2016,avaConv,offshore
no_s,h0228,0.5054025121562256,scr2016,avaConv,offshore
no_s,h0229,0.3970889607427897,scr2016,avaConv,offshore
no_s,h0230,0.3960686091266206,scr2016,avaConv,offshore
no_s,h0231,0.4368006736939737,scr2016,avaConv,offshore
no_s,h0232,0.43904649764058384,scr2016,avaConv,offshore
no_s,h0233,0.40416652378878093,scr2016,avaConv,offshore
no_s,h0234,0.369119993261079,scr2016,avaConv,offshore
no_s,h0235,0.5303484629154224,scr2016,avaConv,offshore
no_s,h0236,0.7017183654932916,scr2016,avaConv,offshore
no_s,h0237,0.8754267881530811,scr2016,avaConv,offshore
no_s,h0238,0.873057622350446,scr2016,avaConv,offshore
no_s,h0239,0.8703554760162278,scr2016,avaConv,offshore
no_s,h0240,0.866161222044407,scr2016,avaConv,offshore
pl,h0193,0.6678465475299483,scr2016,avaConv,offshore
pl,h0194,0.45583697859315553,scr2016,avaConv,offshore
pl,h0195,0.2456906102732821,scr2016,avaConv,offshore
pl,h0196,0.23053919906063947,scr2016,avaConv,offshore
pl,h0197,0.2835271422985112,scr2016,avaConv,offshore
pl,h0198,0.39872327351198583,scr2016,avaConv,offshore
pl,h0199,0.44534531984856623,scr2016,avaConv,offshore
pl,h0200,0.412428384007636,scr2016,avaConv,offshore
pl,h0201,0.32668706083399396,scr2016,avaConv,offshore
pl,h0202,0.3250952902602757,scr2016,avaConv,offshore
pl,h0203,0.3490007962531859,scr2016,avaConv,offshore
pl,h0204,0.45513009209253535,scr2016,avaConv,offshore
pl,h0205,0.40725275089361707,scr2016,avaConv,offshore
pl,h0206,0.33330461505311776,scr2016,avaConv,offshore
pl,h0207,0.18038068023878503,scr2016,avaConv,offshore
pl,h0208,0.14541155365523847,scr2016,avaConv,offshore
pl,h0209,0.12754291027366774,scr2016,avaConv,offshore
pl,h0210,0.12115951251298358,scr2016,avaConv,offshore
pl,h0211,0.07795197254023889,scr2016,avaConv,offshore
pl,h0212,0.03729161259844891,scr2016,avaConv,offshore
pl,h0213,0.0,scr2016,avaConv,offshore
pl,h0214,0.0,scr2016,avaConv,offshore
pl,h0215,0.0,scr2016,avaConv,offshore
pl,h0216,0.0,scr2016,avaConv,offshore
pl,h0217,0.1317610549887472,scr2016,avaConv,offshore
pl,h0218,0.23190240449630192,scr2016,avaConv,offshore
pl,h0219,0.3461662828794358,scr2016,avaConv,offshore
pl,h0220,0.35437173175541553,scr2016,avaConv,offshore
pl,h0221,0.41220116974404253,scr2016,avaConv,offshore
pl,h0222,0.44344290250296375,scr2016,avaConv,offshore
pl,h0223,0.523618486464127,scr2016,avaConv,offshore
pl,h0224,0.609162360585175,scr2016,avaConv,offshore
pl,h0225,0.7172867654157457,scr2016,avaConv,offshore
pl,h0226,0.7294440314880861,scr2016,avaConv,offshore
pl,h0227,0.7073426702662345,scr2016,avaConv,offshore
pl,h0228,0.640595961334043,scr2016,avaConv,offshore
pl,h0229,0.3974430693360627,scr2016,avaConv,offshore
pl,h0230,0.194374097714304,scr2016,avaConv,offshore
pl,h0231,0.04930615108558675,scr2016,avaConv,offshore
pl,h0232,0.07357685384367042,scr2016,avaConv,offshore
pl,h0233,0.08862001096778897,scr2016,avaConv,offshore
pl,h0234,0.0822693136371802,scr2016,avaConv,offshore
pl,h0235,0.140885036480567,scr2016,avaConv,offshore
pl,h0236,0.2357265408232312,scr2016,avaConv,offshore
pl,h0237,0.377535467568362,scr2016,avaConv,offshore
pl,h0238,0.4585462919189173,scr2016,avaConv,offshore
pl,h0239,0.5209339133869572,scr2016,avaConv,offshore
pl,h0240,0.5353023246737649,scr2016,avaConv,offshore
pt,h0193,0.40612858524688034,scr2016,avaConv,offshore
pt,h0194,0.6811309802936785,scr2016,avaConv,offshore
pt,h0195,0.9499628178566685,scr2016,avaConv,offshore
pt,h0196,0.9497804509662655,scr2016,avaConv,offshore
pt,h0197,0.8941524292530881,scr2016,avaConv,offshore
pt,h0198,0.717502130627483,scr2016,avaConv,offshore
pt,h0199,0.46680524424032627,scr2016,avaConv,offshore
pt,h0200,0.29772087348438603,scr2016,avaConv,offshore
pt,h0201,0.24435415237671707,scr2016,avaConv,offshore
pt,h0202,0.24823943843061833,scr2016,avaConv,offshore
pt,h0203,0.21086338627564302,scr2016,avaConv,offshore
pt,h0204,0.1773745412479435,scr2016,avaConv,offshore
pt,h0205,0.4026545029703184,scr2016,avaConv,offshore
pt,h0206,0.6521026731858467,scr2016,avaConv,offshore
pt,h0207,0.8999961872094749,scr2016,avaConv,offshore
pt,h0208,0.8926425778724861,scr2016,avaConv,offshore
pt,h0209,0.8792316335582027,scr2016,avaConv,offshore
pt,h0210,0.8386956439456703,scr2016,avaConv,offshore
pt,h0211,0.6089006946147238,scr2016,avaConv,offshore
pt,h0212,0.39297304754258516,scr2016,avaConv,offshore
pt,h0213,0.21448260937631425,scr2016,avaConv,offshore
pt,h0214,0.2346448589370298,scr2016,avaConv,offshore
pt,h0215,0.2694020889987795,scr2016,avaConv,offshore
pt,h0216,0.3135739076708423,scr2016,avaConv,offshore
pt,h0217,0.39679904188625914,scr2016,avaConv,offshore
pt,h0218,0.4602834318503183,scr2016,avaConv,offshore
pt,h0219,0.5112971399009028,scr2016,avaConv,offshore
pt,h0220,0.5044260707839139,scr2016,avaConv,offshore
pt,h0221,0.4864349137801179,scr2016,avaConv,offshore
pt,h0222,0.43131006285296036,scr2016,avaConv,offshore
pt,h0223,0.5779510415762118,scr2016,avaConv,offshore
pt,h0224,0.7418968510290598,scr2016,avaConv,offshore
pt,h0225,0.9476424456073342,scr2016,avaConv,offshore
pt,h0226,0.947708918479208,scr2016,avaConv,offshore
pt,h0227,0.9459101479222065,scr2016,avaConv,offshore
pt,h0228,0.9427004850213,scr2016,avaConv,offshore
pt,h0229,0.721607405022704,scr2016,avaConv,offshore
pt,h0230,0.47292928117583255,scr2016,avaConv,offshore
pt,h0231,0.2221542606740831,scr2016,avaConv,offshore
pt,h0232,0.1807271480515821,scr2016,avaConv,offshore
pt,h0233,0.17071728759384752,scr2016,avaConv,offshore
pt,h0234,0.17020674241879294,scr2016,avaConv,offshore
pt,h0235,0.20585195419524183,scr2016,avaConv,offshore
pt,h0236,0.2259880237667403,scr2016,avaConv,offshore
pt,h0237,0.23336707113254923,scr2016,avaConv,offshore
pt,h0238,0.2077498721744143,scr2016,avaConv,offshore
pt,h0239,0.21714981489333324,scr2016,avaConv,offshore
pt,h0240,0.22399970197751212,scr2016,avaConv,offshore
ro,h0193,0.3312956457696411,scr2016,avaConv,offshore
ro,h0194,0.35791419398644964,scr2016,avaConv,offshore
ro,h0195,0.3714410878349411,scr2016,avaConv,offshore
ro,h0196,0.3733996703527151,scr2016,avaConv,offshore
ro,h0197,0.36532413595495083,scr2016,avaConv,offshore
ro,h0198,0.3470844392937875,scr2016,avaConv,offshore
ro,h0199,0.40529432199045823,scr2016,avaConv,offshore
ro,h0200,0.41725111783071345,scr2016,avaConv,offshore
ro,h0201,0.4085705074538118,scr2016,avaConv,offshore
ro,h0202,0.30329881013413895,scr2016,avaConv,offshore
ro,h0203,0.225036394788593,scr2016,avaConv,offshore
ro,h0204,0.1744751063796086,scr2016,avaConv,offshore
ro,h0205,0.4315058986507032,scr2016,avaConv,offshore
ro,h0206,0.6932449527914284,scr2016,avaConv,offshore
ro,h0207,0.95,scr2016,avaConv,offshore
ro,h0208,0.95,scr2016,avaConv,offshore
ro,h0209,0.9499997870894319,scr2016,avaConv,offshore
ro,h0210,0.94992751443213,scr2016,avaConv,offshore
ro,h0211,0.7186645476217619,scr2016,avaConv,offshore
ro,h0212,0.48170958203242004,scr2016,avaConv,offshore
ro,h0213,0.2461032861395727,scr2016,avaConv,offshore
ro,h0214,0.23075550723742788,scr2016,avaConv,offshore
ro,h0215,0.21523741724849962,scr2016,avaConv,offshore
ro,h0216,0.17964590346128087,scr2016,avaConv,offshore
ro,h0217,0.44012180636097925,scr2016,avaConv,offshore
ro,h0218,0.6726969674043692,scr2016,avaConv,offshore
ro,h0219,0.894738707741856,scr2016,avaConv,offshore
ro,h0220,0.8710978869409162,scr2016,avaConv,offshore
ro,h0221,0.8564746478999586,scr2016,avaConv,offshore
ro,h0222,0.8434837989734355,scr2016,avaConv,offshore
ro,h0223,0.5811305371371928,scr2016,avaConv,offshore
ro,h0224,0.30649392780971174,scr2016,avaConv,offshore
ro,h0225,0.0016526974896962777,scr2016,avaConv,offshore
ro,h0226,0.0,scr2016,avaConv,offshore
ro,h0227,0.0006693930278037592,scr2016,avaConv,offshore
ro,h0228,0.003795583630463312,scr2016,avaConv,offshore
ro,h0229,0.2133032866703872,scr2016,avaConv,offshore
ro,h0230,0.3703917136928392,scr2016,avaConv,offshore
ro,h0231,0.4745685139592135,scr2016,avaConv,offshore
ro,h0232,0.37881982089887817,scr2016,avaConv,offshore
ro,h0233,0.3130644593046162,scr2016,avaConv,offshore
ro,h0234,0.3146350361313347,scr2016,avaConv,offshore
ro,h0235,0.23027457557963982,scr2016,avaConv,offshore
ro,h0236,0.15688482331880862,scr2016,avaConv,offshore
ro,h0237,0.07508379779911373,scr2016,avaConv,offshore
ro,h0238,0.12257050941090808,scr2016,avaConv,offshore
ro,h0239,0.12328709770095019,scr2016,avaConv,offshore
ro,h0240,0.10399850054907508,scr2016,avaConv,offshore
se_1,h0193,0.07938097964875312,scr2016,avaConv,offshore
se_1,h0194,0.06912658624982874,scr2016,avaConv,offshore
se_1,h0195,0.03691927779342591,scr2016,avaConv,offshore
se_1,h0196,0.02346712831281723,scr2016,avaConv,offshore
se_1,h0197,0.010461258295692857,scr2016,avaConv,offshore
se_1,h0198,0.0022356748231879007,scr2016,avaConv,offshore
se_1,h0199,0.12155850839077939,scr2016,avaConv,offshore
se_1,h0200,0.21287063269141246,scr2016,avaConv,offshore
se_1,h0201,0.2739376285313018,scr2016,avaConv,offshore
se_1,h0202,0.18052185804373777,scr2016,avaConv,offshore
se_1,h0203,0.11184523106067441,scr2016,avaConv,offshore
se_1,h0204,0.06217073973271028,scr2016,avaConv,offshore
se_1,h0205,0.3270760446775546,scr2016,avaConv,offshore
se_1,h0206,0.6243575470331454,scr2016,avaConv,offshore
se_1,h0207,0.9405669274972132,scr2016,avaConv,offshore
se_1,h0208,0.9184453224433664,scr2016,avaConv,offshore
se_1,h0209,0.8611830343717912,scr2016,avaConv,offshore
se_1,h0210,0.7612874689573879,scr2016,avaConv,offshore
se_1,h0211,0.4566239422861651,scr2016,avaConv,offshore
se_1,h0212,0.19730480860348468,scr2016,avaConv,offshore
se_1,h0213,0.0026047933727584346,scr2016,avaConv,offshore
se_1,h0214,0.007278213673633873,scr2016,avaConv,offshore
se_1,h0215,0.009375255898120497,scr2016,avaConv,offshore
se_1,h0216,0.009238646864308753,scr2016,avaConv,offshore
se_1,h0217,0.30238518289812266,scr2016,avaConv,offshore
se_1,h0218,0.6211237418656258,scr2016,avaConv,offshore
se_1,h0219,0.9499989175288195,scr2016,avaConv,offshore
se_1,h0220,0.9499991189183159,scr2016,avaConv,offshore
se_1,h0221,0.9499993771846736,scr2016,avaConv,offshore
se_1,h0222,0.9499993202945789,scr2016,avaConv,offshore
se_1,h0223,0.6192443929739236,scr2016,avaConv,offshore
se_1,h0224,0.3024227647239208,scr2016,avaConv,offshore
se_1,h0225,0.013997003449753761,scr2016,avaConv,offshore
se_1,h0226,0.032178570388817725,scr2016,avaConv,offshore
se_1,h0227,0.08129560611158025,scr2016,avaConv,offshore
se_1,h0228,0.13724238152325044,scr2016,avaConv,offshore
se_1,h0229,0.28212125525168885,scr2016,avaConv,offshore
se_1,h0230,0.41407542453735735,scr2016,avaConv,offshore
se_1,h0231,0.5438464479919968,scr2016,avaConv,offshore
se_1,h0232,0.5834731251247353,scr2016,avaConv,offshore
se_1,h0233,0.6101644202091655,scr2016,avaConv,offshore
se_1,h0234,0.6275977499206384,scr2016,avaConv,offshore
se_1,h0235,0.4529807244215041,scr2016,avaConv,offshore
se_1,h0236,0.27125170907247875,scr2016,avaConv,offshore
se_1,h0237,0.0977096323532262,scr2016,avaConv,offshore
se_1,h0238,0.08971118116184588,scr2016,avaConv,offshore
se_1,h0239,0.07944604507616859,scr2016,avaConv,offshore
se_1,h0240,0.05784949149048319,scr2016,avaConv,offshore
se_2,h0193,0.224158698077311,scr2016,avaConv,offshore
se_2,h0194,0.40973123973817166,scr2016,avaConv,offshore
se_2,h0195,0.566889423060349,scr2016,avaConv,offshore
se_2,h0196,0.4972682175967167,scr2016,avaConv,offshore
se_2,h0197,0.4279995754155889,scr2016,avaConv,offshore
se_2,h0198,0.3627480667579138,scr2016,avaConv,offshore
se_2,h0199,0.21918398795391159,scr2016,avaConv,offshore
se_2,h0200,0.09925234422716879,scr2016,avaConv,offshore
se_2,h0201,0.0012813626666741966,scr2016,avaConv,offshore
se_2,h0202,0.0002574526617951547,scr2016,avaConv,offshore
se_2,h0203,0.0014011015857890855,scr2016,avaConv,offshore
se_2,h0204,0.00682579046919297,scr2016,avaConv,offshore
se_2,h0205,0.26052029944790484,scr2016,avaConv,offshore
se_2,h0206,0.4382756612047227,scr2016,avaConv,offshore
se_2,h0207,0.5303394055861407,scr2016,avaConv,offshore
se_2,h0208,0.3223498006867416,scr2016,avaConv,offshore
se_2,h0209,0.1604840970585031,scr2016,avaConv,offshore
se_2,h0210,0.06646119121819999,scr2016,avaConv,offshore
se_2,h0211,0.025174388698776928,scr2016,avaConv,offshore
se_2,h0212,0.016840649558529704,scr2016,avaConv,offshore
se_2,h0213,0.023872146866620522,scr2016,avaConv,offshore
se_2,h0214,0.02752388313696851,scr2016,avaConv,offshore
se_2,h0215,0.030287091756789165,scr2016,avaConv,offshore
se_2,h0216,0.036991790236551074,scr2016,avaConv,offshore
se_2,h0217,0.34323848673857604,scr2016,avaConv,offshore
se_2,h0218,0.6429565209994432,scr2016,avaConv,offshore
se_2,h0219,0.9346096192892602,scr2016,avaConv,offshore
se_2,h0220,0.9129420284249267,scr2016,avaConv,offshore
se_2,h0221,0.8421824598599894,scr2016,avaConv,offshore
se_2,h0222,0.7160439678752263,scr2016,avaConv,offshore
se_2,h0223,0.46465622985093075,scr2016,avaConv,offshore
se_2,h0224,0.2515397340482292,scr2016,avaConv,offshore
se_2,h0225,0.08618234954087306,scr2016,avaConv,offshore
se_2,h0226,0.05834370317467549,scr2016,avaConv,offshore
se_2,h0227,0.04031379002382351,scr2016,avaConv,offshore
se_2,h0228,0.03452706887561649,scr2016,avaConv,offshore
se_2,h0229,0.1933111423076469,scr2016,avaConv,offshore
se_2,h0230,0.3394931204300671,scr2016,avaConv,offshore
se_2,h0231,0.4512943898716768,scr2016,avaConv,offshore
se_2,h0232,0.385834566255347,scr2016,avaConv,offshore
se_2,h0233,0.32403699969809396,scr2016,avaConv,offshore
se_2,h0234,0.28451068935942925,scr2016,avaConv,offshore
se_2,h0235,0.27142140713470486,scr2016,avaConv,offshore
se_2,h0236,0.27347746435907405,scr2016,avaConv,offshore
se_2,h0237,0.2723758073717378,scr2016,avaConv,offshore
se_2,h0238,0.25046302327636427,scr2016,avaConv,offshore
se_2,h0239,0.21913384623784618,scr2016,avaConv,offshore
se_2,h0240,0.1771947080943913,scr2016,avaConv,offshore
se_3,h0193,0.6777199564099469,scr2016,avaConv,offshore
se_3,h0194,0.6568586541713048,scr2016,avaConv,offshore
se_3,h0195,0.6490419429891728,scr2016,avaConv,offshore
se_3,h0196,0.6448347718414061,scr2016,avaConv,offshore
se_3,h0197,0.6416052769853001,scr2016,avaConv,offshore
se_3,h0198,0.6469222076231189,scr2016,avaConv,offshore
se_3,h0199,0.5609186484311594,scr2016,avaConv,offshore
se_3,h0200,0.4839823609392638,scr2016,avaConv,offshore
se_3,h0201,0.40963141861137126,scr2016,avaConv,offshore
se_3,h0202,0.44932851974054494,scr2016,avaConv,offshore
se_3,h0203,0.4973497318250545,scr2016,avaConv,offshore
se_3,h0204,0.5752716707524752,scr2016,avaConv,offshore
se_3,h0205,0.48750843696768814,scr2016,avaConv,offshore
se_3,h0206,0.36814754535162675,scr2016,avaConv,offshore
se_3,h0207,0.1932097854918711,scr2016,avaConv,offshore
se_3,h0208,0.14289978888865731,scr2016,avaConv,offshore
se_3,h0209,0.10245075797751442,scr2016,avaConv,offshore
se_3,h0210,0.07110195810582072,scr2016,avaConv,offshore
se_3,h0211,0.04268474862442092,scr2016,avaConv,offshore
se_3,h0212,0.024357104055696365,scr2016,avaConv,offshore
se_3,h0213,0.017272749398950384,scr2016,avaConv,offshore
se_3,h0214,0.025565765774818616,scr2016,avaConv,offshore
se_3,h0215,0.044762910915476635,scr2016,avaConv,offshore
se_3,h0216,0.06333551484237337,scr2016,avaConv,offshore
se_3,h0217,0.2996705197355222,scr2016,avaConv,offshore
se_3,h0218,0.4941830847406821,scr2016,avaConv,offshore
se_3,h0219,0.6447255446468546,scr2016,avaConv,offshore
se_3,h0220,0.5291384057683465,scr2016,avaConv,offshore
se_3,h0221,0.42857504782619216,scr2016,avaConv,offshore
se_3,h0222,0.3517967666737757,scr2016,avaConv,offshore
se_3,h0223,0.4180258514017472,scr2016,avaConv,offshore
se_3,h0224,0.5112057524807562,scr2016,avaConv,offshore
se_3,h0225,0.6266978517578725,scr2016,avaConv,offshore
se_3,h0226,0.6195922119431044,scr2016,avaConv,offshore
se_3,h0227,0.598248313524137,scr2016,avaConv,offshore
se_3,h0228,0.5601660347929078,scr2016,avaConv,offshore
se_3,h0229,0.36002016363987976,scr2016,avaConv,offshore
se_3,h0230,0.18402546353878424,scr2016,avaConv,offshore
se_3,h0231,0.03753790900061538,scr2016,avaConv,offshore
se_3,h0232,0.04612291712315912,scr2016,avaConv,offshore
se_3,h0233,0.054642168797419885,scr2016,avaConv,offshore
se_3,h0234,0.06078438447039692,scr2016,avaConv,offshore
se_3,h0235,0.0567252938757327,scr2016,avaConv,offshore
se_3,h0236,0.05476247456856604,scr2016,avaConv,offshore
se_3,h0237,0.06151729711289836,scr2016,avaConv,offshore
se_3,h0238,0.09368773633517556,scr2016,avaConv,offshore
se_3,h0239,0.14152454358340058,scr2016,avaConv,offshore
se_3,h0240,0.2039885713118811,scr2016,avaConv,offshore
se_4,h0193,0.5779520415731306,scr2016,avaConv,offshore
se_4,h0194,0.5327467962341408,scr2016,avaConv,offshore
se_4,h0195,0.4667148374559541,scr2016,avaConv,offshore
se_4,h0196,0.43861572346109373,scr2016,avaConv,offshore
se_4,h0197,0.46100670574025404,scr2016,avaConv,offshore
se_4,h0198,0.5180104779696055,scr2016,avaConv,offshore
se_4,h0199,0.5579720746728323,scr2016,avaConv,offshore
se_4,h0200,0.5811334505041816,scr2016,avaConv,offshore
se_4,h0201,0.608436321603159,scr2016,avaConv,offshore
se_4,h0202,0.6788200134919591,scr2016,avaConv,offshore
se_4,h0203,0.7314143601085439,scr2016,avaConv,offshore
se_4,h0204,0.8111426974396095,scr2016,avaConv,offshore
se_4,h0205,0.6431459302521634,scr2016,avaConv,offshore
se_4,h0206,0.489131379332443,scr2016,avaConv,offshore
se_4,h0207,0.3020572475305227,scr2016,avaConv,offshore
se_4,h0208,0.3345154811193878,scr2016,avaConv,offshore
se_4,h0209,0.35561134711845216,scr2016,avaConv,offshore
se_4,h0210,0.36638460849149795,scr2016,avaConv,offshore
se_4,h0211,0.2538683298126435,scr2016,avaConv,offshore
se_4,h0212,0.14230403514547524,scr2016,avaConv,offshore
se_4,h0213,0.04252786074081207,scr2016,avaConv,offshore
se_4,h0214,0.04640016388333348,scr2016,avaConv,offshore
se_4,h0215,0.04824595584055052,scr2016,avaConv,offshore
se_4,h0216,0.05116408494426631,scr2016,avaConv,offshore
se_4,h0217,0.20650117910234886,scr2016,avaConv,offshore
se_4,h0218,0.3057805714796323,scr2016,avaConv,offshore
se_4,h0219,0.3773558610506703,scr2016,avaConv,offshore
se_4,h0220,0.33846451188463694,scr2016,avaConv,offshore
se_4,h0221,0.37341176683168736,scr2016,avaConv,offshore
se_4,h0222,0.4016916322446504,scr2016,avaConv,offshore
se_4,h0223,0.5047945716253885,scr2016,avaConv,offshore
se_4,h0224,0.5803566260068893,scr2016,avaConv,offshore
se_4,h0225,0.6777616919177646,scr2016,avaConv,offshore
se_4,h0226,0.6447123529121156,scr2016,avaConv,offshore
se_4,h0227,0.6125644484179257,scr2016,avaConv,offshore
se_4,h0228,0.5857158326080305,scr2016,avaConv,offshore
se_4,h0229,0.38601136687073306,scr2016,avaConv,offshore
se_4,h0230,0.2033581897216375,scr2016,avaConv,offshore
se_4,h0231,0.03866984893345313,scr2016,avaConv,offshore
se_4,h0232,0.0536921285673119,scr2016,avaConv,offshore
se_4,h0233,0.0778678770117844,scr2016,avaConv,offshore
se_4,h0234,0.09336297335566447,scr2016,avaConv,offshore
se_4,h0235,0.1635274308719853,scr2016,avaConv,offshore
se_4,h0236,0.2417889668619361,scr2016,avaConv,offshore
se_4,h0237,0.34886892407495307,scr2016,avaConv,offshore
se_4,h0238,0.40998134388280266,scr2016,avaConv,offshore
se_4,h0239,0.4769869589916125,scr2016,avaConv,offshore
se_4,h0240,0.5232124887494395,scr2016,avaConv,offshore
si,h0193,0.0,scr2016,avaConv,offshore
si,h0194,0.0,scr2016,avaConv,offshore
si,h0195,0.004667725922974067,scr2016,avaConv,offshore
si,h0196,0.022567799621934552,scr2016,avaConv,offshore
si,h0197,0.04595809781319053,scr2016,avaConv,offshore
si,h0198,0.06780701802206537,scr2016,avaConv,offshore
si,h0199,0.35012820689629315,scr2016,avaConv,offshore
si,h0200,0.6109620268639556,scr2016,avaConv,offshore
si,h0201,0.8466015431104342,scr2016,avaConv,offshore
si,h0202,0.8200142358310007,scr2016,avaConv,offshore
si,h0203,0.7544722959308053,scr2016,avaConv,offshore
si,h0204,0.6892133924766126,scr2016,avaConv,offshore
si,h0205,0.4612399564312839,scr2016,avaConv,offshore
si,h0206,0.3009264472016592,scr2016,avaConv,offshore
si,h0207,0.15005256104716863,scr2016,avaConv,offshore
si,h0208,0.16883664630642173,scr2016,avaConv,offshore
si,h0209,0.13368370419518605,scr2016,avaConv,offshore
si,h0210,0.08656780818058207,scr2016,avaConv,offshore
si,h0211,0.05945521165675045,scr2016,avaConv,offshore
si,h0212,0.03754942343860133,scr2016,avaConv,offshore
si,h0213,0.02656395840174118,scr2016,avaConv,offshore
si,h0214,0.023721845492356272,scr2016,avaConv,offshore
si,h0215,0.06088107016469992,scr2016,avaConv,offshore
si,h0216,0.07212966443889866,scr2016,avaConv,offshore
si,h0217,0.3742339789126327,scr2016,avaConv,offshore
si,h0218,0.622826584438619,scr2016,avaConv,offshore
si,h0219,0.9030191703990359,scr2016,avaConv,offshore
si,h0220,0.9160130121107776,scr2016,avaConv,offshore
si,h0221,0.9339577965835021,scr2016,avaConv,offshore
si,h0222,0.9284096215380072,scr2016,avaConv,offshore
si,h0223,0.6737638146354895,scr2016,avaConv,offshore
si,h0224,0.39212826275608903,scr2016,avaConv,offshore
si,h0225,0.07770604594897172,scr2016,avaConv,offshore
si,h0226,0.027373623059922164,scr2016,avaConv,offshore
si,h0227,0.0026504547626886085,scr2016,avaConv,offshore
si,h0228,0.0,scr2016,avaConv,offshore
si,h0229,0.041903022610343975,scr2016,avaConv,offshore
si,h0230,0.13936451178625117,scr2016,avaConv,offshore
si,h0231,0.17670386525440143,scr2016,avaConv,offshore
si,h0232,0.14327539282619436,scr2016,avaConv,offshore
si,h0233,0.04617217386758154,scr2016,avaConv,offshore
si,h0234,0.003828012258519678,scr2016,avaConv,offshore
si,h0235,0.0013439409295329626,scr2016,avaConv,offshore
si,h0236,0.0013439409295329626,scr2016,avaConv,offshore
si,h0237,0.0,scr2016,avaConv,offshore
si,h0238,0.0,scr2016,avaConv,offshore
si,h0239,0.0020811486830348337,scr2016,avaConv,offshore
si,h0240,0.0036730910108382286,scr2016,avaConv,offshore
uk,h0193,0.5356898640086855,scr2016,avaConv,offshore
uk,h0194,0.3393714162468887,scr2016,avaConv,offshore
uk,h0195,0.14977520005701372,scr2016,avaConv,offshore
uk,h0196,0.1415267544899811,scr2016,avaConv,offshore
uk,h0197,0.11144515854450615,scr2016,avaConv,offshore
uk,h0198,0.0822851667703023,scr2016,avaConv,offshore
uk,h0199,0.15823960793949207,scr2016,avaConv,offshore
uk,h0200,0.23197113080842527,scr2016,avaConv,offshore
uk,h0201,0.2980376479836478,scr2016,avaConv,offshore
uk,h0202,0.264087284018316,scr2016,avaConv,offshore
uk,h0203,0.2161818920486935,scr2016,avaConv,offshore
uk,h0204,0.16852290536579176,scr2016,avaConv,offshore
uk,h0205,0.21361924512678596,scr2016,avaConv,offshore
uk,h0206,0.2880496129159434,scr2016,avaConv,offshore
uk,h0207,0.3826188210554644,scr2016,avaConv,offshore
uk,h0208,0.41087163038727215,scr2016,avaConv,offshore
uk,h0209,0.4474490952200905,scr2016,avaConv,offshore
uk,h0210,0.48550132949163044,scr2016,avaConv,offshore
uk,h0211,0.5091492090808827,scr2016,avaConv,offshore
uk,h0212,0.5245636723782209,scr2016,avaConv,offshore
uk,h0213,0.5322839477291936,scr2016,avaConv,offshore
uk,h0214,0.5336507779095794,scr2016,avaConv,offshore
uk,h0215,0.5244880565622145,scr2016,avaConv,offshore
uk,h0216,0.5091642100485221,scr2016,avaConv,offshore
uk,h0217,0.5831044312964377,scr2016,avaConv,offshore
uk,h0218,0.6567449674291608,scr2016,avaConv,offshore
uk,h0219,0.7292391507064847,scr2016,avaConv,offshore
uk,h0220,0.7205419118422185,scr2016,avaConv,offshore
uk,h0221,0.7178792462098355,scr2016,avaConv,offshore
uk,h0222,0.7214091742692066,scr2016,avaConv,offshore
uk,h0223,0.5751935667587296,scr2016,avaConv,offshore
uk,h0224,0.40935631622047397,scr2016,avaConv,offshore
uk,h0225,0.22135147181559128,scr2016,avaConv,offshore
uk,h0226,0.17659701623267188,scr2016,avaConv,offshore
uk,h0227,0.1306397104832502,scr2016,avaConv,offshore
uk,h0228,0.10040189965534987,scr2016,avaConv,offshore
uk,h0229,0.10454077477431163,scr2016,avaConv,offshore
uk,h0230,0.12729678553367602,scr2016,avaConv,offshore
uk,h0231,0.15070786027834543,scr2016,avaConv,offshore
uk,h0232,0.15062831360943035,scr2016,avaConv,offshore
uk,h0233,0.15433481508637908,scr2016,avaConv,offshore
uk,h0234,0.1586779576002351,scr2016,avaConv,offshore
uk,h0235,0.23062083752040616,scr2016,avaConv,offshore
uk,h0236,0.29837514947436117,scr2016,avaConv,offshore
uk,h0237,0.3647548411036764,scr2016,avaConv,offshore
uk,h0238,0.36023545125737594,scr2016,avaConv,offshore
uk,h0239,0.3282351361820184,scr2016,avaConv,offshore
uk,h0240,0.2773087274080806,scr2016,avaConv,offshore
ni,h0193,0.661573575453683,scr2016,avaConv,offshore
ni,h0194,0.37825413620523246,scr2016,avaConv,offshore
ni,h0195,0.0988646744359441,scr2016,avaConv,offshore
ni,h0196,0.10977180475721218,scr2016,avaConv,offshore
ni,h0197,0.1174582818374934,scr2016,avaConv,offshore
ni,h0198,0.12158349913928905,scr2016,avaConv,offshore
ni,h0199,0.13733806099674029,scr2016,avaConv,offshore
ni,h0200,0.17725828070536462,scr2016,avaConv,offshore
ni,h0201,0.24361928722776013,scr2016,avaConv,offshore
ni,h0202,0.32439056220861706,scr2016,avaConv,offshore
ni,h0203,0.40804987505525525,scr2016,avaConv,offshore
ni,h0204,0.5218832728853328,scr2016,avaConv,offshore
ni,h0205,0.3822160321202448,scr2016,avaConv,offshore
ni,h0206,0.21728895626804945,scr2016,avaConv,offshore
ni,h0207,0.0026251816405372676,scr2016,avaConv,offshore
ni,h0208,0.007719755875996981,scr2016,avaConv,offshore
ni,h0209,0.015442942946165248,scr2016,avaConv,offshore
ni,h0210,0.02262563439234102,scr2016,avaConv,offshore
ni,h0211,0.25920772568848927,scr2016,avaConv,offshore
ni,h0212,0.4993081775647575,scr2016,avaConv,offshore
ni,h0213,0.7355665101610883,scr2016,avaConv,offshore
ni,h0214,0.7335662488336364,scr2016,avaConv,offshore
ni,h0215,0.6957590160577611,scr2016,avaConv,offshore
ni,h0216,0.6682645850832394,scr2016,avaConv,offshore
ni,h0217,0.5848586024548924,scr2016,avaConv,offshore
ni,h0218,0.5053758554779059,scr2016,avaConv,offshore
ni,h0219,0.40639810600357507,scr2016,avaConv,offshore
ni,h0220,0.37122377826489134,scr2016,avaConv,offshore
ni,h0221,0.3539195471033441,scr2016,avaConv,offshore
ni,h0222,0.33108533965730336,scr2016,avaConv,offshore
ni,h0223,0.3172222030175055,scr2016,avaConv,offshore
ni,h0224,0.3231363451496088,scr2016,avaConv,offshore
ni,h0225,0.34527141910300363,scr2016,avaConv,offshore
ni,h0226,0.34357114729057636,scr2016,avaConv,offshore
ni,h0227,0.34407389158941104,scr2016,avaConv,offshore
ni,h0228,0.34064191868488264,scr2016,avaConv,offshore
ni,h0229,0.5012816437724532,scr2016,avaConv,offshore
ni,h0230,0.6365286573867686,scr2016,avaConv,offshore
ni,h0231,0.7497858892801357,scr2016,avaConv,offshore
ni,h0232,0.6799681556152701,scr2016,avaConv,offshore
ni,h0233,0.5639788159681087,scr2016,avaConv,offshore
ni,h0234,0.44283950740991057,scr2016,avaConv,offshore
ni,h0235,0.3534668271093311,scr2016,avaConv,offshore
ni,h0236,0.34573235052772033,scr2016,avaConv,offshore
ni,h0237,0.39826370712514125,scr2016,avaConv,offshore
ni,h0238,0.4806095899322499,scr2016,avaConv,offshore
ni,h0239,0.5196347636125849,scr2016,avaConv,offshore
ni,h0240,0.5618687882382769,scr2016,avaConv,offshore
