region_1,timestep_6,value,scenario_1,parameter,technology_1
AL,h5809,0.0,scr2099,avaConv,solar
AL,h5810,0.0,scr2099,avaConv,solar
AL,h5811,0.0,scr2099,avaConv,solar
AL,h5812,0.0,scr2099,avaConv,solar
AL,h5813,0.0033357899367497685,scr2099,avaConv,solar
AL,h5814,0.04780274866967005,scr2099,avaConv,solar
AL,h5815,0.14520583843186793,scr2099,avaConv,solar
AL,h5816,0.2926399142949835,scr2099,avaConv,solar
AL,h5817,0.4368805356609714,scr2099,avaConv,solar
AL,h5818,0.5610794781756451,scr2099,avaConv,solar
AL,h5819,0.6513995729256474,scr2099,avaConv,solar
AL,h5820,0.6917069073328892,scr2099,avaConv,solar
AL,h5821,0.6790104897169134,scr2099,avaConv,solar
AL,h5822,0.6090971518905672,scr2099,avaConv,solar
AL,h5823,0.48588991021380734,scr2099,avaConv,solar
AL,h5824,0.29840344112803135,scr2099,avaConv,solar
AL,h5825,0.14565743536246176,scr2099,avaConv,solar
AL,h5826,0.038991899535493986,scr2099,avaConv,solar
AL,h5827,0.012806880263991237,scr2099,avaConv,solar
AL,h5828,0.0,scr2099,avaConv,solar
AL,h5829,0.0,scr2099,avaConv,solar
AL,h5830,0.0,scr2099,avaConv,solar
AL,h5831,0.0,scr2099,avaConv,solar
AL,h5832,0.0,scr2099,avaConv,solar
AL,h5833,0.0,scr2099,avaConv,solar
AL,h5834,0.0,scr2099,avaConv,solar
AL,h5835,0.0,scr2099,avaConv,solar
AL,h5836,0.0,scr2099,avaConv,solar
AL,h5837,0.003011340695144442,scr2099,avaConv,solar
AL,h5838,0.047151930198615744,scr2099,avaConv,solar
AL,h5839,0.14468950988561735,scr2099,avaConv,solar
AL,h5840,0.2931199829962542,scr2099,avaConv,solar
AL,h5841,0.4380705803654483,scr2099,avaConv,solar
AL,h5842,0.5626191938493853,scr2099,avaConv,solar
AL,h5843,0.6532662822516864,scr2099,avaConv,solar
AL,h5844,0.694010158434652,scr2099,avaConv,solar
AL,h5845,0.6815089471505156,scr2099,avaConv,solar
AL,h5846,0.6114392408646497,scr2099,avaConv,solar
AL,h5847,0.4880722462068346,scr2099,avaConv,solar
AL,h5848,0.2997242189537573,scr2099,avaConv,solar
AL,h5849,0.145787333403455,scr2099,avaConv,solar
AL,h5850,0.03855338752839861,scr2099,avaConv,solar
AL,h5851,0.012443840284105272,scr2099,avaConv,solar
AL,h5852,0.0,scr2099,avaConv,solar
AL,h5853,0.0,scr2099,avaConv,solar
AL,h5854,0.0,scr2099,avaConv,solar
AL,h5855,0.0,scr2099,avaConv,solar
AL,h5856,0.0,scr2099,avaConv,solar
AL,h5857,0.0,scr2099,avaConv,solar
AL,h5858,0.0,scr2099,avaConv,solar
AL,h5859,0.0,scr2099,avaConv,solar
AL,h5860,0.0,scr2099,avaConv,solar
AL,h5861,0.0027697141801981055,scr2099,avaConv,solar
AL,h5862,0.04706006665969469,scr2099,avaConv,solar
AL,h5863,0.1454106196235006,scr2099,avaConv,solar
AL,h5864,0.29599057282101077,scr2099,avaConv,solar
AL,h5865,0.44367336766571264,scr2099,avaConv,solar
AL,h5866,0.5714981249273023,scr2099,avaConv,solar
AL,h5867,0.6647625754733467,scr2099,avaConv,solar
AL,h5868,0.7061192296242552,scr2099,avaConv,solar
AL,h5869,0.6916121767819007,scr2099,avaConv,solar
AL,h5870,0.6191792268899805,scr2099,avaConv,solar
AL,h5871,0.4938527147767234,scr2099,avaConv,solar
AL,h5872,0.3032535615566263,scr2099,avaConv,solar
AL,h5873,0.14652220704608343,scr2099,avaConv,solar
AL,h5874,0.03791204576394929,scr2099,avaConv,solar
AL,h5875,0.011848044427150163,scr2099,avaConv,solar
AL,h5876,0.0,scr2099,avaConv,solar
AL,h5877,0.0,scr2099,avaConv,solar
AL,h5878,0.0,scr2099,avaConv,solar
AL,h5879,0.0,scr2099,avaConv,solar
AL,h5880,0.0,scr2099,avaConv,solar
AL,h5881,0.0,scr2099,avaConv,solar
AL,h5882,0.0,scr2099,avaConv,solar
AL,h5883,0.0,scr2099,avaConv,solar
AL,h5884,0.0,scr2099,avaConv,solar
AL,h5885,0.001984234219663356,scr2099,avaConv,solar
AL,h5886,0.042927570669104125,scr2099,avaConv,solar
AL,h5887,0.13742654763654355,scr2099,avaConv,solar
AL,h5888,0.28572494079786087,scr2099,avaConv,solar
AL,h5889,0.43456927189192984,scr2099,avaConv,solar
AL,h5890,0.5643183403534289,scr2099,avaConv,solar
AL,h5891,0.659864957899621,scr2099,avaConv,solar
AL,h5892,0.7043218975659172,scr2099,avaConv,solar
AL,h5893,0.6942798552673914,scr2099,avaConv,solar
AL,h5894,0.6252030549801458,scr2099,avaConv,solar
AL,h5895,0.5013313291614369,scr2099,avaConv,solar
AL,h5896,0.3086084332509638,scr2099,avaConv,solar
AL,h5897,0.20283923305705767,scr2099,avaConv,solar
AL,h5898,0.08634542439824563,scr2099,avaConv,solar
AL,h5899,0.05634452779153458,scr2099,avaConv,solar
AL,h5900,0.0,scr2099,avaConv,solar
AL,h5901,0.0,scr2099,avaConv,solar
AL,h5902,0.0,scr2099,avaConv,solar
AL,h5903,0.0,scr2099,avaConv,solar
AL,h5904,0.0,scr2099,avaConv,solar
AL,h5905,0.0,scr2099,avaConv,solar
AL,h5906,0.0,scr2099,avaConv,solar
AL,h5907,0.0,scr2099,avaConv,solar
AL,h5908,0.0,scr2099,avaConv,solar
AL,h5909,0.0018576441166486643,scr2099,avaConv,solar
AL,h5910,0.04382751043521214,scr2099,avaConv,solar
AL,h5911,0.13976310172189205,scr2099,avaConv,solar
AL,h5912,0.2894537320194508,scr2099,avaConv,solar
AL,h5913,0.43698199897836437,scr2099,avaConv,solar
AL,h5914,0.5641631451135067,scr2099,avaConv,solar
AL,h5915,0.6562586869570058,scr2099,avaConv,solar
AL,h5916,0.698131159418949,scr2099,avaConv,solar
AL,h5917,0.6861955085324524,scr2099,avaConv,solar
AL,h5918,0.6171558695190887,scr2099,avaConv,solar
AL,h5919,0.49373935165495736,scr2099,avaConv,solar
AL,h5920,0.30288733132192236,scr2099,avaConv,solar
AL,h5921,0.14388544824555005,scr2099,avaConv,solar
AL,h5922,0.03563680132372984,scr2099,avaConv,solar
AL,h5923,0.010205215112348457,scr2099,avaConv,solar
AL,h5924,0.0,scr2099,avaConv,solar
AL,h5925,0.0,scr2099,avaConv,solar
AL,h5926,0.0,scr2099,avaConv,solar
AL,h5927,0.0,scr2099,avaConv,solar
AL,h5928,0.0,scr2099,avaConv,solar
AL,h5929,0.0,scr2099,avaConv,solar
AL,h5930,0.0,scr2099,avaConv,solar
AL,h5931,0.0,scr2099,avaConv,solar
AL,h5932,0.0,scr2099,avaConv,solar
AL,h5933,0.0012885299977370053,scr2099,avaConv,solar
AL,h5934,0.04031839915692369,scr2099,avaConv,solar
AL,h5935,0.13229983794824837,scr2099,avaConv,solar
AL,h5936,0.27791190163633245,scr2099,avaConv,solar
AL,h5937,0.4236733280733293,scr2099,avaConv,solar
AL,h5938,0.5504713182632561,scr2099,avaConv,solar
AL,h5939,0.6430326465828271,scr2099,avaConv,solar
AL,h5940,0.6862207223925062,scr2099,avaConv,solar
AL,h5941,0.6761239879806851,scr2099,avaConv,solar
AL,h5942,0.6100542779996858,scr2099,avaConv,solar
AL,h5943,0.4894370851167636,scr2099,avaConv,solar
AL,h5944,0.3002378297066323,scr2099,avaConv,solar
AL,h5945,0.1411150081603822,scr2099,avaConv,solar
AL,h5946,0.03384462492467966,scr2099,avaConv,solar
AL,h5947,0.009128889407631706,scr2099,avaConv,solar
AL,h5948,0.0,scr2099,avaConv,solar
AL,h5949,0.0,scr2099,avaConv,solar
AL,h5950,0.0,scr2099,avaConv,solar
AL,h5951,0.0,scr2099,avaConv,solar
AL,h5952,0.0,scr2099,avaConv,solar
AL,h5953,0.0,scr2099,avaConv,solar
AL,h5954,0.0,scr2099,avaConv,solar
AL,h5955,0.0,scr2099,avaConv,solar
AL,h5956,0.0,scr2099,avaConv,solar
AL,h5957,0.0010237053562799716,scr2099,avaConv,solar
AL,h5958,0.03995662577180913,scr2099,avaConv,solar
AL,h5959,0.1324908848827356,scr2099,avaConv,solar
AL,h5960,0.27980075273422833,scr2099,avaConv,solar
AL,h5961,0.4270941816439391,scr2099,avaConv,solar
AL,h5962,0.554956950650967,scr2099,avaConv,solar
AL,h5963,0.6481277197358164,scr2099,avaConv,solar
AL,h5964,0.6919853678509765,scr2099,avaConv,solar
AL,h5965,0.6824180364382267,scr2099,avaConv,solar
AL,h5966,0.616487426149062,scr2099,avaConv,solar
AL,h5967,0.49546654696377196,scr2099,avaConv,solar
AL,h5968,0.3047518941849802,scr2099,avaConv,solar
AL,h5969,0.14316237999848616,scr2099,avaConv,solar
AL,h5970,0.03420570323298492,scr2099,avaConv,solar
AL,h5971,0.008858931516914787,scr2099,avaConv,solar
AL,h5972,0.0,scr2099,avaConv,solar
AL,h5973,0.0,scr2099,avaConv,solar
AL,h5974,0.0,scr2099,avaConv,solar
AL,h5975,0.0,scr2099,avaConv,solar
AL,h5976,0.0,scr2099,avaConv,solar
AL,h5977,0.0,scr2099,avaConv,solar
AL,h5978,0.0,scr2099,avaConv,solar
AL,h5979,0.0,scr2099,avaConv,solar
AL,h5980,0.0,scr2099,avaConv,solar
AL,h5981,0.000849181078288219,scr2099,avaConv,solar
AL,h5982,0.039737450091894756,scr2099,avaConv,solar
AL,h5983,0.13278531217771958,scr2099,avaConv,solar
AL,h5984,0.2813954738424771,scr2099,avaConv,solar
AL,h5985,0.43008484170750316,scr2099,avaConv,solar
AL,h5986,0.5589671447147887,scr2099,avaConv,solar
AL,h5987,0.6528415127813718,scr2099,avaConv,solar
AL,h5988,0.6970712424087321,scr2099,avaConv,solar
AL,h5989,0.6877165737950416,scr2099,avaConv,solar
AL,h5990,0.6218152584977202,scr2099,avaConv,solar
AL,h5991,0.5004748458769009,scr2099,avaConv,solar
AL,h5992,0.3087082623285853,scr2099,avaConv,solar
AL,h5993,0.14477880790814568,scr2099,avaConv,solar
AL,h5994,0.03444439541304709,scr2099,avaConv,solar
AL,h5995,0.00846798263917758,scr2099,avaConv,solar
AL,h5996,0.0,scr2099,avaConv,solar
AL,h5997,0.0,scr2099,avaConv,solar
AL,h5998,0.0,scr2099,avaConv,solar
AL,h5999,0.0,scr2099,avaConv,solar
AL,h6000,0.0,scr2099,avaConv,solar
AL,h6001,0.0,scr2099,avaConv,solar
AL,h6002,0.0,scr2099,avaConv,solar
AL,h6003,0.0,scr2099,avaConv,solar
AL,h6004,0.0,scr2099,avaConv,solar
AL,h6005,0.0006937956735217556,scr2099,avaConv,solar
AL,h6006,0.039002790387483964,scr2099,avaConv,solar
AL,h6007,0.13137586976238724,scr2099,avaConv,solar
AL,h6008,0.27951590546354116,scr2099,avaConv,solar
AL,h6009,0.4277485318226044,scr2099,avaConv,solar
AL,h6010,0.5562580438468345,scr2099,avaConv,solar
AL,h6011,0.6496306350767211,scr2099,avaConv,solar
AL,h6012,0.6937703603773061,scr2099,avaConv,solar
AL,h6013,0.684354165753116,scr2099,avaConv,solar
AL,h6014,0.6187990347296929,scr2099,avaConv,solar
AL,h6015,0.4982608059445957,scr2099,avaConv,solar
AL,h6016,0.3076822934324308,scr2099,avaConv,solar
AL,h6017,0.14317937816600712,scr2099,avaConv,solar
AL,h6018,0.033345212669556826,scr2099,avaConv,solar
AL,h6019,0.007458870660909075,scr2099,avaConv,solar
AL,h6020,0.0,scr2099,avaConv,solar
AL,h6021,0.0,scr2099,avaConv,solar
AL,h6022,0.0,scr2099,avaConv,solar
AL,h6023,0.0,scr2099,avaConv,solar
AL,h6024,0.0,scr2099,avaConv,solar
AL,h6025,0.0,scr2099,avaConv,solar
AL,h6026,0.0,scr2099,avaConv,solar
AL,h6027,0.0,scr2099,avaConv,solar
AL,h6028,0.0,scr2099,avaConv,solar
AL,h6029,0.000494414696492496,scr2099,avaConv,solar
AL,h6030,0.0375202401088457,scr2099,avaConv,solar
AL,h6031,0.12868890338090194,scr2099,avaConv,solar
AL,h6032,0.276045650893884,scr2099,avaConv,solar
AL,h6033,0.42503417459404147,scr2099,avaConv,solar
AL,h6034,0.5544474958329032,scr2099,avaConv,solar
AL,h6035,0.6487120105434251,scr2099,avaConv,solar
AL,h6036,0.6938887729768316,scr2099,avaConv,solar
AL,h6037,0.6854427968497968,scr2099,avaConv,solar
AL,h6038,0.62133224339135,scr2099,avaConv,solar
AL,h6039,0.501777919363134,scr2099,avaConv,solar
AL,h6040,0.3114737710372064,scr2099,avaConv,solar
AL,h6041,0.14508587688185262,scr2099,avaConv,solar
AL,h6042,0.03389667051758317,scr2099,avaConv,solar
AL,h6043,0.007144019410169196,scr2099,avaConv,solar
AL,h6044,0.0,scr2099,avaConv,solar
AL,h6045,0.0,scr2099,avaConv,solar
AL,h6046,0.0,scr2099,avaConv,solar
AL,h6047,0.0,scr2099,avaConv,solar
AL,h6048,0.0,scr2099,avaConv,solar
AL,h6049,0.0,scr2099,avaConv,solar
AL,h6050,0.0,scr2099,avaConv,solar
AL,h6051,0.0,scr2099,avaConv,solar
AL,h6052,0.0,scr2099,avaConv,solar
AL,h6053,0.00037452432537841876,scr2099,avaConv,solar
AL,h6054,0.03671477441547424,scr2099,avaConv,solar
AL,h6055,0.127233099073067,scr2099,avaConv,solar
AL,h6056,0.27373974183533817,scr2099,avaConv,solar
AL,h6057,0.4221343209116298,scr2099,avaConv,solar
AL,h6058,0.5501059899859543,scr2099,avaConv,solar
AL,h6059,0.6429099211758299,scr2099,avaConv,solar
AL,h6060,0.6865105327235362,scr2099,avaConv,solar
AL,h6061,0.6770115246185365,scr2099,avaConv,solar
AL,h6062,0.6127351927999295,scr2099,avaConv,solar
AL,h6063,0.4941291860878884,scr2099,avaConv,solar
AL,h6064,0.306610124002912,scr2099,avaConv,solar
AL,h6065,0.14147532387403214,scr2099,avaConv,solar
AL,h6066,0.03232947985380285,scr2099,avaConv,solar
AL,h6067,0.00611560974588535,scr2099,avaConv,solar
AL,h6068,0.0,scr2099,avaConv,solar
AL,h6069,0.0,scr2099,avaConv,solar
AL,h6070,0.0,scr2099,avaConv,solar
AL,h6071,0.0,scr2099,avaConv,solar
AL,h6072,0.0,scr2099,avaConv,solar
AL,h6073,0.0,scr2099,avaConv,solar
AL,h6074,0.0,scr2099,avaConv,solar
AL,h6075,0.0,scr2099,avaConv,solar
AL,h6076,0.0,scr2099,avaConv,solar
AL,h6077,0.00023622688126157128,scr2099,avaConv,solar
AL,h6078,0.03457315025981057,scr2099,avaConv,solar
AL,h6079,0.12227553614229239,scr2099,avaConv,solar
AL,h6080,0.26605775629126993,scr2099,avaConv,solar
AL,h6081,0.41441050755526465,scr2099,avaConv,solar
AL,h6082,0.5444559532949573,scr2099,avaConv,solar
AL,h6083,0.6398560987316432,scr2099,avaConv,solar
AL,h6084,0.6869348062976373,scr2099,avaConv,solar
AL,h6085,0.6793177455279024,scr2099,avaConv,solar
AL,h6086,0.6165692982986968,scr2099,avaConv,solar
AL,h6087,0.49829168548642894,scr2099,avaConv,solar
AL,h6088,0.31047611213952436,scr2099,avaConv,solar
AL,h6089,0.1430624324532694,scr2099,avaConv,solar
AL,h6090,0.032493193467556886,scr2099,avaConv,solar
AL,h6091,0.005572702282036191,scr2099,avaConv,solar
AL,h6092,0.0,scr2099,avaConv,solar
AL,h6093,0.0,scr2099,avaConv,solar
AL,h6094,0.0,scr2099,avaConv,solar
AL,h6095,0.0,scr2099,avaConv,solar
AL,h6096,0.0,scr2099,avaConv,solar
AL,h6097,0.0,scr2099,avaConv,solar
AL,h6098,0.0,scr2099,avaConv,solar
AL,h6099,0.0,scr2099,avaConv,solar
AL,h6100,0.0,scr2099,avaConv,solar
AL,h6101,0.00014453440747555518,scr2099,avaConv,solar
AL,h6102,0.033944197148860336,scr2099,avaConv,solar
AL,h6103,0.12186810938527405,scr2099,avaConv,solar
AL,h6104,0.26690352614084384,scr2099,avaConv,solar
AL,h6105,0.4176872201671469,scr2099,avaConv,solar
AL,h6106,0.549849552025171,scr2099,avaConv,solar
AL,h6107,0.6464889490217225,scr2099,avaConv,solar
AL,h6108,0.6941628160027687,scr2099,avaConv,solar
AL,h6109,0.6866715650563026,scr2099,avaConv,solar
AL,h6110,0.6238494096128464,scr2099,avaConv,solar
AL,h6111,0.5051868959928196,scr2099,avaConv,solar
AL,h6112,0.3159486110709275,scr2099,avaConv,solar
AL,h6113,0.14550734718533118,scr2099,avaConv,solar
AL,h6114,0.03299823185652299,scr2099,avaConv,solar
AL,h6115,0.0051551713940753965,scr2099,avaConv,solar
AL,h6116,0.0,scr2099,avaConv,solar
AL,h6117,0.0,scr2099,avaConv,solar
AL,h6118,0.0,scr2099,avaConv,solar
AL,h6119,0.0,scr2099,avaConv,solar
AL,h6120,0.0,scr2099,avaConv,solar
AL,h6121,0.0,scr2099,avaConv,solar
AL,h6122,0.0,scr2099,avaConv,solar
AL,h6123,0.0,scr2099,avaConv,solar
AL,h6124,0.0,scr2099,avaConv,solar
AL,h6125,0.0,scr2099,avaConv,solar
AL,h6126,0.03316526932993121,scr2099,avaConv,solar
AL,h6127,0.12069517471462203,scr2099,avaConv,solar
AL,h6128,0.2660175943750543,scr2099,avaConv,solar
AL,h6129,0.4183588781308663,scr2099,avaConv,solar
AL,h6130,0.5520917343657828,scr2099,avaConv,solar
AL,h6131,0.6501652062559962,scr2099,avaConv,solar
AL,h6132,0.6986290185952202,scr2099,avaConv,solar
AL,h6133,0.6914083553309542,scr2099,avaConv,solar
AL,h6134,0.6284757988735673,scr2099,avaConv,solar
AL,h6135,0.5095057801137223,scr2099,avaConv,solar
AL,h6136,0.3196650881776243,scr2099,avaConv,solar
AL,h6137,0.14691676382328797,scr2099,avaConv,solar
AL,h6138,0.033213000748614656,scr2099,avaConv,solar
AL,h6139,0.004681214029859983,scr2099,avaConv,solar
AL,h6140,0.0,scr2099,avaConv,solar
AL,h6141,0.0,scr2099,avaConv,solar
AL,h6142,0.0,scr2099,avaConv,solar
AL,h6143,0.0,scr2099,avaConv,solar
AL,h6144,0.0,scr2099,avaConv,solar
AL,h6145,0.0,scr2099,avaConv,solar
AL,h6146,0.0,scr2099,avaConv,solar
AL,h6147,0.0,scr2099,avaConv,solar
AL,h6148,0.0,scr2099,avaConv,solar
AL,h6149,0.0,scr2099,avaConv,solar
AL,h6150,0.032563614189587885,scr2099,avaConv,solar
AL,h6151,0.12019971318284596,scr2099,avaConv,solar
AL,h6152,0.26635829365583474,scr2099,avaConv,solar
AL,h6153,0.42083136514320085,scr2099,avaConv,solar
AL,h6154,0.5559259592508385,scr2099,avaConv,solar
AL,h6155,0.6554769140876086,scr2099,avaConv,solar
AL,h6156,0.7043734968715931,scr2099,avaConv,solar
AL,h6157,0.6976191280514006,scr2099,avaConv,solar
AL,h6158,0.6344043212418947,scr2099,avaConv,solar
AL,h6159,0.5153084631811856,scr2099,avaConv,solar
AL,h6160,0.324419316056599,scr2099,avaConv,solar
AL,h6161,0.14894057882954873,scr2099,avaConv,solar
AL,h6162,0.0334999447994003,scr2099,avaConv,solar
AL,h6163,0.0042170021394473765,scr2099,avaConv,solar
AL,h6164,0.0,scr2099,avaConv,solar
AL,h6165,0.0,scr2099,avaConv,solar
AL,h6166,0.0,scr2099,avaConv,solar
AL,h6167,0.0,scr2099,avaConv,solar
AL,h6168,0.0,scr2099,avaConv,solar
AL,h6169,0.0,scr2099,avaConv,solar
AL,h6170,0.0,scr2099,avaConv,solar
AL,h6171,0.0,scr2099,avaConv,solar
AL,h6172,0.0,scr2099,avaConv,solar
AL,h6173,0.0,scr2099,avaConv,solar
AL,h6174,0.02907437959225909,scr2099,avaConv,solar
AL,h6175,0.1107397415159196,scr2099,avaConv,solar
AL,h6176,0.2489074350262349,scr2099,avaConv,solar
AL,h6177,0.39853281062145807,scr2099,avaConv,solar
AL,h6178,0.529371004376151,scr2099,avaConv,solar
AL,h6179,0.6256857962691462,scr2099,avaConv,solar
AL,h6180,0.6726169686987945,scr2099,avaConv,solar
AL,h6181,0.6651094558236796,scr2099,avaConv,solar
AL,h6182,0.6024872896224522,scr2099,avaConv,solar
AL,h6183,0.4863254426537047,scr2099,avaConv,solar
AL,h6184,0.3079833693649954,scr2099,avaConv,solar
AL,h6185,0.14002674184213648,scr2099,avaConv,solar
AL,h6186,0.032022074915126986,scr2099,avaConv,solar
AL,h6187,0.0024531024764747073,scr2099,avaConv,solar
AL,h6188,0.0,scr2099,avaConv,solar
AL,h6189,0.0,scr2099,avaConv,solar
AL,h6190,0.0,scr2099,avaConv,solar
AL,h6191,0.0,scr2099,avaConv,solar
AL,h6192,0.0,scr2099,avaConv,solar
AL,h6193,0.0,scr2099,avaConv,solar
AL,h6194,0.0,scr2099,avaConv,solar
AL,h6195,0.0,scr2099,avaConv,solar
AL,h6196,0.0,scr2099,avaConv,solar
AL,h6197,0.0,scr2099,avaConv,solar
AL,h6198,0.024853130561067895,scr2099,avaConv,solar
AL,h6199,0.0981390357455137,scr2099,avaConv,solar
AL,h6200,0.21941904795965647,scr2099,avaConv,solar
AL,h6201,0.35680824833053376,scr2099,avaConv,solar
AL,h6202,0.4883266084437977,scr2099,avaConv,solar
AL,h6203,0.5787908301594473,scr2099,avaConv,solar
AL,h6204,0.6324731391074891,scr2099,avaConv,solar
AL,h6205,0.6300345558059688,scr2099,avaConv,solar
AL,h6206,0.5884055675250197,scr2099,avaConv,solar
AL,h6207,0.4871776113523423,scr2099,avaConv,solar
AL,h6208,0.3182086741869771,scr2099,avaConv,solar
AL,h6209,0.1520051155660085,scr2099,avaConv,solar
AL,h6210,0.03866276016931176,scr2099,avaConv,solar
AL,h6211,0.0030987925381091978,scr2099,avaConv,solar
AL,h6212,0.0,scr2099,avaConv,solar
AL,h6213,0.0,scr2099,avaConv,solar
AL,h6214,0.0,scr2099,avaConv,solar
AL,h6215,0.0,scr2099,avaConv,solar
AL,h6216,0.0,scr2099,avaConv,solar
AL,h6217,0.0,scr2099,avaConv,solar
AL,h6218,0.0,scr2099,avaConv,solar
AL,h6219,0.0,scr2099,avaConv,solar
AL,h6220,0.0,scr2099,avaConv,solar
AL,h6221,0.0,scr2099,avaConv,solar
AL,h6222,0.030365603169375845,scr2099,avaConv,solar
AL,h6223,0.11685513816520098,scr2099,avaConv,solar
AL,h6224,0.2646147813126605,scr2099,avaConv,solar
AL,h6225,0.42584457593074027,scr2099,avaConv,solar
AL,h6226,0.5676589170732589,scr2099,avaConv,solar
AL,h6227,0.671863300334366,scr2099,avaConv,solar
AL,h6228,0.723962911985317,scr2099,avaConv,solar
AL,h6229,0.7181907246985126,scr2099,avaConv,solar
AL,h6230,0.6537919025903046,scr2099,avaConv,solar
AL,h6231,0.5324451062720614,scr2099,avaConv,solar
AL,h6232,0.34687252772085353,scr2099,avaConv,solar
AL,h6233,0.16282751075234383,scr2099,avaConv,solar
AL,h6234,0.04151422573770135,scr2099,avaConv,solar
AL,h6235,0.0028637145744603784,scr2099,avaConv,solar
AL,h6236,0.0,scr2099,avaConv,solar
AL,h6237,0.0,scr2099,avaConv,solar
AL,h6238,0.0,scr2099,avaConv,solar
AL,h6239,0.0,scr2099,avaConv,solar
AL,h6240,0.0,scr2099,avaConv,solar
AL,h6241,0.0,scr2099,avaConv,solar
AL,h6242,0.0,scr2099,avaConv,solar
AL,h6243,0.0,scr2099,avaConv,solar
AL,h6244,0.0,scr2099,avaConv,solar
AL,h6245,0.0,scr2099,avaConv,solar
AL,h6246,0.029430700607063872,scr2099,avaConv,solar
AL,h6247,0.1146180873790651,scr2099,avaConv,solar
AL,h6248,0.2600370589087115,scr2099,avaConv,solar
AL,h6249,0.419294276318549,scr2099,avaConv,solar
AL,h6250,0.5593828849131706,scr2099,avaConv,solar
AL,h6251,0.6627335410561205,scr2099,avaConv,solar
AL,h6252,0.7156888960507434,scr2099,avaConv,solar
AL,h6253,0.711220501436604,scr2099,avaConv,solar
AL,h6254,0.6492433897495382,scr2099,avaConv,solar
AL,h6255,0.5305008788133445,scr2099,avaConv,solar
AL,h6256,0.349458842081579,scr2099,avaConv,solar
AL,h6257,0.16522232349319457,scr2099,avaConv,solar
AL,h6258,0.04331270567550023,scr2099,avaConv,solar
AL,h6259,0.0024801500678019372,scr2099,avaConv,solar
AL,h6260,0.0,scr2099,avaConv,solar
AL,h6261,0.0,scr2099,avaConv,solar
AL,h6262,0.0,scr2099,avaConv,solar
AL,h6263,0.0,scr2099,avaConv,solar
AL,h6264,0.0,scr2099,avaConv,solar
AL,h6265,0.0,scr2099,avaConv,solar
AL,h6266,0.0,scr2099,avaConv,solar
AL,h6267,0.0,scr2099,avaConv,solar
AL,h6268,0.0,scr2099,avaConv,solar
AL,h6269,0.0,scr2099,avaConv,solar
AL,h6270,0.02900518342394922,scr2099,avaConv,solar
AL,h6271,0.11393557490512156,scr2099,avaConv,solar
AL,h6272,0.2591925090986392,scr2099,avaConv,solar
AL,h6273,0.418938030570657,scr2099,avaConv,solar
AL,h6274,0.5590586835390984,scr2099,avaConv,solar
AL,h6275,0.6623054601748566,scr2099,avaConv,solar
AL,h6276,0.715036457653895,scr2099,avaConv,solar
AL,h6277,0.7103252841113328,scr2099,avaConv,solar
AL,h6278,0.6480964812685752,scr2099,avaConv,solar
AL,h6279,0.5296885682859528,scr2099,avaConv,solar
AL,h6280,0.3479500779687029,scr2099,avaConv,solar
AL,h6281,0.1634346564814688,scr2099,avaConv,solar
AL,h6282,0.041718984768145166,scr2099,avaConv,solar
AL,h6283,0.001976163285168874,scr2099,avaConv,solar
AL,h6284,0.0,scr2099,avaConv,solar
AL,h6285,0.0,scr2099,avaConv,solar
AL,h6286,0.0,scr2099,avaConv,solar
AL,h6287,0.0,scr2099,avaConv,solar
AL,h6288,0.0,scr2099,avaConv,solar
AL,h6289,0.0,scr2099,avaConv,solar
AL,h6290,0.0,scr2099,avaConv,solar
AL,h6291,0.0,scr2099,avaConv,solar
AL,h6292,0.0,scr2099,avaConv,solar
AL,h6293,0.0,scr2099,avaConv,solar
AL,h6294,0.027097019343577028,scr2099,avaConv,solar
AL,h6295,0.10941238171506114,scr2099,avaConv,solar
AL,h6296,0.25200232038432535,scr2099,avaConv,solar
AL,h6297,0.41203622582090765,scr2099,avaConv,solar
AL,h6298,0.5540379664415275,scr2099,avaConv,solar
AL,h6299,0.658973166477607,scr2099,avaConv,solar
AL,h6300,0.7137691310533059,scr2099,avaConv,solar
AL,h6301,0.7097291504680622,scr2099,avaConv,solar
AL,h6302,0.6485695845221674,scr2099,avaConv,solar
AL,h6303,0.5311747396825793,scr2099,avaConv,solar
AL,h6304,0.3490833047134506,scr2099,avaConv,solar
AL,h6305,0.16351351828097604,scr2099,avaConv,solar
AL,h6306,0.04093067893652924,scr2099,avaConv,solar
AL,h6307,0.0015719525812100158,scr2099,avaConv,solar
AL,h6308,0.0,scr2099,avaConv,solar
AL,h6309,0.0,scr2099,avaConv,solar
AL,h6310,0.0,scr2099,avaConv,solar
AL,h6311,0.0,scr2099,avaConv,solar
AL,h6312,0.0,scr2099,avaConv,solar
AL,h6313,0.0,scr2099,avaConv,solar
AL,h6314,0.0,scr2099,avaConv,solar
AL,h6315,0.0,scr2099,avaConv,solar
AL,h6316,0.0,scr2099,avaConv,solar
AL,h6317,0.0,scr2099,avaConv,solar
AL,h6318,0.027238901244985656,scr2099,avaConv,solar
AL,h6319,0.11068174965938209,scr2099,avaConv,solar
AL,h6320,0.25558716476819604,scr2099,avaConv,solar
AL,h6321,0.4191470582961607,scr2099,avaConv,solar
AL,h6322,0.5639702306542942,scr2099,avaConv,solar
AL,h6323,0.6717204591092368,scr2099,avaConv,solar
AL,h6324,0.7276734941564559,scr2099,avaConv,solar
AL,h6325,0.7247722321222537,scr2099,avaConv,solar
AL,h6326,0.6628695041264641,scr2099,avaConv,solar
AL,h6327,0.544282070497039,scr2099,avaConv,solar
AL,h6328,0.35873668357453037,scr2099,avaConv,solar
AL,h6329,0.16811581828819552,scr2099,avaConv,solar
AL,h6330,0.04205345020509213,scr2099,avaConv,solar
AL,h6331,0.0013004501719793913,scr2099,avaConv,solar
AL,h6332,0.0,scr2099,avaConv,solar
AL,h6333,0.0,scr2099,avaConv,solar
AL,h6334,0.0,scr2099,avaConv,solar
AL,h6335,0.0,scr2099,avaConv,solar
AL,h6336,0.0,scr2099,avaConv,solar
AL,h6337,0.0,scr2099,avaConv,solar
AL,h6338,0.0,scr2099,avaConv,solar
AL,h6339,0.0,scr2099,avaConv,solar
AL,h6340,0.0,scr2099,avaConv,solar
AL,h6341,0.0,scr2099,avaConv,solar
AL,h6342,0.026031319448909327,scr2099,avaConv,solar
AL,h6343,0.107484019886142,scr2099,avaConv,solar
AL,h6344,0.24944575987146858,scr2099,avaConv,solar
AL,h6345,0.411178738023568,scr2099,avaConv,solar
AL,h6346,0.5549668994726915,scr2099,avaConv,solar
AL,h6347,0.6626626626097621,scr2099,avaConv,solar
AL,h6348,0.71945595556258,scr2099,avaConv,solar
AL,h6349,0.7176477817380669,scr2099,avaConv,solar
AL,h6350,0.6576494197438322,scr2099,avaConv,solar
AL,h6351,0.5419128170591493,scr2099,avaConv,solar
AL,h6352,0.35696511155075505,scr2099,avaConv,solar
AL,h6353,0.16665358670371802,scr2099,avaConv,solar
AL,h6354,0.040467786414569676,scr2099,avaConv,solar
AL,h6355,0.000909026452614515,scr2099,avaConv,solar
AL,h6356,0.0,scr2099,avaConv,solar
AL,h6357,0.0,scr2099,avaConv,solar
AL,h6358,0.0,scr2099,avaConv,solar
AL,h6359,0.0,scr2099,avaConv,solar
AL,h6360,0.0,scr2099,avaConv,solar
AL,h6361,0.0,scr2099,avaConv,solar
AL,h6362,0.0,scr2099,avaConv,solar
AL,h6363,0.0,scr2099,avaConv,solar
AL,h6364,0.0,scr2099,avaConv,solar
AL,h6365,0.0,scr2099,avaConv,solar
AL,h6366,0.026480435295455063,scr2099,avaConv,solar
AL,h6367,0.11048237810420213,scr2099,avaConv,solar
AL,h6368,0.2577324538159281,scr2099,avaConv,solar
AL,h6369,0.42665038739209454,scr2099,avaConv,solar
AL,h6370,0.575783697765511,scr2099,avaConv,solar
AL,h6371,0.6869619478070256,scr2099,avaConv,solar
AL,h6372,0.7438308992184511,scr2099,avaConv,solar
AL,h6373,0.7411805039602398,scr2099,avaConv,solar
AL,h6374,0.6779378177420862,scr2099,avaConv,solar
AL,h6375,0.5593297306929725,scr2099,avaConv,solar
AL,h6376,0.3674984014850165,scr2099,avaConv,solar
AL,h6377,0.17129774129869302,scr2099,avaConv,solar
AL,h6378,0.04070214677922761,scr2099,avaConv,solar
AL,h6379,0.0007835476603778169,scr2099,avaConv,solar
AL,h6380,0.0,scr2099,avaConv,solar
AL,h6381,0.0,scr2099,avaConv,solar
AL,h6382,0.0,scr2099,avaConv,solar
AL,h6383,0.0,scr2099,avaConv,solar
AL,h6384,0.0,scr2099,avaConv,solar
AL,h6385,0.0,scr2099,avaConv,solar
AL,h6386,0.0,scr2099,avaConv,solar
AL,h6387,0.0,scr2099,avaConv,solar
AL,h6388,0.0,scr2099,avaConv,solar
AL,h6389,0.0,scr2099,avaConv,solar
AL,h6390,0.02549688912179374,scr2099,avaConv,solar
AL,h6391,0.10822909342750038,scr2099,avaConv,solar
AL,h6392,0.25391941782812216,scr2099,avaConv,solar
AL,h6393,0.422171529194511,scr2099,avaConv,solar
AL,h6394,0.5706344018582329,scr2099,avaConv,solar
AL,h6395,0.6811541545930125,scr2099,avaConv,solar
AL,h6396,0.7381468324397408,scr2099,avaConv,solar
AL,h6397,0.7358499988099867,scr2099,avaConv,solar
AL,h6398,0.6735227401729381,scr2099,avaConv,solar
AL,h6399,0.5566467745486156,scr2099,avaConv,solar
AL,h6400,0.36445801328768446,scr2099,avaConv,solar
AL,h6401,0.16906738914961966,scr2099,avaConv,solar
AL,h6402,0.03881050827028351,scr2099,avaConv,solar
AL,h6403,0.0005338897260088143,scr2099,avaConv,solar
AL,h6404,0.0,scr2099,avaConv,solar
AL,h6405,0.0,scr2099,avaConv,solar
AL,h6406,0.0,scr2099,avaConv,solar
AL,h6407,0.0,scr2099,avaConv,solar
AL,h6408,0.0,scr2099,avaConv,solar
AL,h6409,0.0,scr2099,avaConv,solar
AL,h6410,0.0,scr2099,avaConv,solar
AL,h6411,0.0,scr2099,avaConv,solar
AL,h6412,0.0,scr2099,avaConv,solar
AL,h6413,0.0,scr2099,avaConv,solar
AL,h6414,0.024369096331717674,scr2099,avaConv,solar
AL,h6415,0.10563235766067795,scr2099,avaConv,solar
AL,h6416,0.24963058313658226,scr2099,avaConv,solar
AL,h6417,0.4175910102078058,scr2099,avaConv,solar
AL,h6418,0.566224679344661,scr2099,avaConv,solar
AL,h6419,0.6771042884345185,scr2099,avaConv,solar
AL,h6420,0.7350411846793907,scr2099,avaConv,solar
AL,h6421,0.7332547118968045,scr2099,avaConv,solar
AL,h6422,0.6720081508070584,scr2099,avaConv,solar
AL,h6423,0.5568956147761402,scr2099,avaConv,solar
AL,h6424,0.36422724650664423,scr2099,avaConv,solar
AL,h6425,0.16866744848719636,scr2099,avaConv,solar
AL,h6426,0.03767498680335563,scr2099,avaConv,solar
AL,h6427,0.0003877523502059241,scr2099,avaConv,solar
AL,h6428,0.0,scr2099,avaConv,solar
AL,h6429,0.0,scr2099,avaConv,solar
AL,h6430,0.0,scr2099,avaConv,solar
AL,h6431,0.0,scr2099,avaConv,solar
AL,h6432,0.0,scr2099,avaConv,solar
AL,h6433,0.0,scr2099,avaConv,solar
AL,h6434,0.0,scr2099,avaConv,solar
AL,h6435,0.0,scr2099,avaConv,solar
AL,h6436,0.0,scr2099,avaConv,solar
AL,h6437,0.0,scr2099,avaConv,solar
AL,h6438,0.02325923259107782,scr2099,avaConv,solar
AL,h6439,0.10292928761734166,scr2099,avaConv,solar
AL,h6440,0.24494179800782773,scr2099,avaConv,solar
AL,h6441,0.4122919386490782,scr2099,avaConv,solar
AL,h6442,0.5609969716591718,scr2099,avaConv,solar
AL,h6443,0.6719753179943294,scr2099,avaConv,solar
AL,h6444,0.7306483460347862,scr2099,avaConv,solar
AL,h6445,0.7291984677709555,scr2099,avaConv,solar
AL,h6446,0.6692148957340247,scr2099,avaConv,solar
AL,h6447,0.555875584577679,scr2099,avaConv,solar
AL,h6448,0.36276248662321203,scr2099,avaConv,solar
AL,h6449,0.16749633210889361,scr2099,avaConv,solar
AL,h6450,0.0362551961074796,scr2099,avaConv,solar
AL,h6451,0.0002614625710902602,scr2099,avaConv,solar
AL,h6452,0.0,scr2099,avaConv,solar
AL,h6453,0.0,scr2099,avaConv,solar
AL,h6454,0.0,scr2099,avaConv,solar
AL,h6455,0.0,scr2099,avaConv,solar
AL,h6456,0.0,scr2099,avaConv,solar
AL,h6457,0.0,scr2099,avaConv,solar
AL,h6458,0.0,scr2099,avaConv,solar
AL,h6459,0.0,scr2099,avaConv,solar
AL,h6460,0.0,scr2099,avaConv,solar
AL,h6461,0.0,scr2099,avaConv,solar
AL,h6462,0.01968282673049091,scr2099,avaConv,solar
AL,h6463,0.08819196242512556,scr2099,avaConv,solar
AL,h6464,0.21219196176382385,scr2099,avaConv,solar
AL,h6465,0.3607455024599864,scr2099,avaConv,solar
AL,h6466,0.49518544019866095,scr2099,avaConv,solar
AL,h6467,0.5970831611921139,scr2099,avaConv,solar
AL,h6468,0.6534196816469884,scr2099,avaConv,solar
AL,h6469,0.6553665228459964,scr2099,avaConv,solar
AL,h6470,0.6045248914769548,scr2099,avaConv,solar
AL,h6471,0.5039320738218902,scr2099,avaConv,solar
AL,h6472,0.32639162476330025,scr2099,avaConv,solar
AL,h6473,0.14897040979211187,scr2099,avaConv,solar
AL,h6474,0.02997250751222536,scr2099,avaConv,solar
AL,h6475,0.0,scr2099,avaConv,solar
AL,h6476,0.0,scr2099,avaConv,solar
AL,h6477,0.0,scr2099,avaConv,solar
AL,h6478,0.0,scr2099,avaConv,solar
AL,h6479,0.0,scr2099,avaConv,solar
AL,h6480,0.0,scr2099,avaConv,solar
AL,h6481,0.0,scr2099,avaConv,solar
AL,h6482,0.0,scr2099,avaConv,solar
AL,h6483,0.0,scr2099,avaConv,solar
AL,h6484,0.0,scr2099,avaConv,solar
AL,h6485,0.0,scr2099,avaConv,solar
AL,h6486,0.01638622764497715,scr2099,avaConv,solar
AL,h6487,0.0802499773720832,scr2099,avaConv,solar
AL,h6488,0.1977977273922248,scr2099,avaConv,solar
AL,h6489,0.34484461109234354,scr2099,avaConv,solar
AL,h6490,0.4808331518211159,scr2099,avaConv,solar
AL,h6491,0.5889668007137179,scr2099,avaConv,solar
AL,h6492,0.6527832195108139,scr2099,avaConv,solar
AL,h6493,0.664707830482556,scr2099,avaConv,solar
AL,h6494,0.6190464380420263,scr2099,avaConv,solar
AL,h6495,0.5203160208268889,scr2099,avaConv,solar
AL,h6496,0.3348017534133066,scr2099,avaConv,solar
AL,h6497,0.15180821817356882,scr2099,avaConv,solar
AL,h6498,0.029324198005653525,scr2099,avaConv,solar
AL,h6499,0.0,scr2099,avaConv,solar
AL,h6500,0.0,scr2099,avaConv,solar
AL,h6501,0.0,scr2099,avaConv,solar
AL,h6502,0.0,scr2099,avaConv,solar
AL,h6503,0.0,scr2099,avaConv,solar
AL,h6504,0.0,scr2099,avaConv,solar
AL,h6505,0.0,scr2099,avaConv,solar
AL,h6506,0.0,scr2099,avaConv,solar
AL,h6507,0.0,scr2099,avaConv,solar
AL,h6508,0.0,scr2099,avaConv,solar
AL,h6509,0.0,scr2099,avaConv,solar
AL,h6510,0.017849041963927826,scr2099,avaConv,solar
AL,h6511,0.08911540790704124,scr2099,avaConv,solar
AL,h6512,0.2194204148069954,scr2099,avaConv,solar
AL,h6513,0.3812592095865406,scr2099,avaConv,solar
AL,h6514,0.525801620702712,scr2099,avaConv,solar
AL,h6515,0.6367777238771699,scr2099,avaConv,solar
AL,h6516,0.6976257782463194,scr2099,avaConv,solar
AL,h6517,0.699935466684678,scr2099,avaConv,solar
AL,h6518,0.6449467890517409,scr2099,avaConv,solar
AL,h6519,0.5398153032598726,scr2099,avaConv,solar
AL,h6520,0.348534491237849,scr2099,avaConv,solar
AL,h6521,0.15909131610603264,scr2099,avaConv,solar
AL,h6522,0.03039879731473558,scr2099,avaConv,solar
AL,h6523,0.0,scr2099,avaConv,solar
AL,h6524,0.0,scr2099,avaConv,solar
AL,h6525,0.0,scr2099,avaConv,solar
AL,h6526,0.0,scr2099,avaConv,solar
AL,h6527,0.0,scr2099,avaConv,solar
AL,h6528,0.0,scr2099,avaConv,solar
AL,h6529,0.0,scr2099,avaConv,solar
AL,h6530,0.0,scr2099,avaConv,solar
AL,h6531,0.0,scr2099,avaConv,solar
AL,h6532,0.0,scr2099,avaConv,solar
AL,h6533,0.0,scr2099,avaConv,solar
AL,h6534,0.015116971436374495,scr2099,avaConv,solar
AL,h6535,0.07697405403004293,scr2099,avaConv,solar
AL,h6536,0.19222172710562355,scr2099,avaConv,solar
AL,h6537,0.3368183898581421,scr2099,avaConv,solar
AL,h6538,0.4677113122766786,scr2099,avaConv,solar
AL,h6539,0.5612140537334462,scr2099,avaConv,solar
AL,h6540,0.6033030573697106,scr2099,avaConv,solar
AL,h6541,0.5873559520990095,scr2099,avaConv,solar
AL,h6542,0.5300816625728049,scr2099,avaConv,solar
AL,h6543,0.44088487486917516,scr2099,avaConv,solar
AL,h6544,0.28282520819901497,scr2099,avaConv,solar
AL,h6545,0.12887841883977255,scr2099,avaConv,solar
AL,h6546,0.022641761869125098,scr2099,avaConv,solar
AL,h6547,0.0,scr2099,avaConv,solar
AL,h6548,0.0,scr2099,avaConv,solar
AL,h6549,0.0,scr2099,avaConv,solar
AL,h6550,0.0,scr2099,avaConv,solar
AL,h6551,0.0,scr2099,avaConv,solar
AL,h6552,0.0,scr2099,avaConv,solar
AT,h5809,0.0,scr2099,avaConv,solar
AT,h5810,0.0,scr2099,avaConv,solar
AT,h5811,0.0,scr2099,avaConv,solar
AT,h5812,0.0,scr2099,avaConv,solar
AT,h5813,0.00014022464889769612,scr2099,avaConv,solar
AT,h5814,0.02148610604112338,scr2099,avaConv,solar
AT,h5815,0.0873022896031482,scr2099,avaConv,solar
AT,h5816,0.21485138318112648,scr2099,avaConv,solar
AT,h5817,0.36125634419968417,scr2099,avaConv,solar
AT,h5818,0.5057320678469223,scr2099,avaConv,solar
AT,h5819,0.6079831288898263,scr2099,avaConv,solar
AT,h5820,0.6691160387394094,scr2099,avaConv,solar
AT,h5821,0.6723486269344668,scr2099,avaConv,solar
AT,h5822,0.6207186406599241,scr2099,avaConv,solar
AT,h5823,0.5313161051754601,scr2099,avaConv,solar
AT,h5824,0.3877028774430042,scr2099,avaConv,solar
AT,h5825,0.210671259417414,scr2099,avaConv,solar
AT,h5826,0.07504495763581924,scr2099,avaConv,solar
AT,h5827,0.0073812674309214855,scr2099,avaConv,solar
AT,h5828,0.00237894271849122,scr2099,avaConv,solar
AT,h5829,0.0,scr2099,avaConv,solar
AT,h5830,0.0,scr2099,avaConv,solar
AT,h5831,0.0,scr2099,avaConv,solar
AT,h5832,0.0,scr2099,avaConv,solar
AT,h5833,0.0,scr2099,avaConv,solar
AT,h5834,0.0,scr2099,avaConv,solar
AT,h5835,0.0,scr2099,avaConv,solar
AT,h5836,0.0,scr2099,avaConv,solar
AT,h5837,0.0,scr2099,avaConv,solar
AT,h5838,0.02819490209782664,scr2099,avaConv,solar
AT,h5839,0.11273688251050029,scr2099,avaConv,solar
AT,h5840,0.25431247626585907,scr2099,avaConv,solar
AT,h5841,0.4052281268778882,scr2099,avaConv,solar
AT,h5842,0.5302128551677454,scr2099,avaConv,solar
AT,h5843,0.6201597056318618,scr2099,avaConv,solar
AT,h5844,0.6733738204663745,scr2099,avaConv,solar
AT,h5845,0.6851326536223908,scr2099,avaConv,solar
AT,h5846,0.6531085625331657,scr2099,avaConv,solar
AT,h5847,0.5736904054638928,scr2099,avaConv,solar
AT,h5848,0.43680268274179607,scr2099,avaConv,solar
AT,h5849,0.23895107278786926,scr2099,avaConv,solar
AT,h5850,0.08878424340476662,scr2099,avaConv,solar
AT,h5851,0.007285485531457085,scr2099,avaConv,solar
AT,h5852,0.0022964305489687736,scr2099,avaConv,solar
AT,h5853,0.0,scr2099,avaConv,solar
AT,h5854,0.0,scr2099,avaConv,solar
AT,h5855,0.0,scr2099,avaConv,solar
AT,h5856,0.0,scr2099,avaConv,solar
AT,h5857,0.0,scr2099,avaConv,solar
AT,h5858,0.0,scr2099,avaConv,solar
AT,h5859,0.0,scr2099,avaConv,solar
AT,h5860,0.0,scr2099,avaConv,solar
AT,h5861,0.0,scr2099,avaConv,solar
AT,h5862,0.014178299691533551,scr2099,avaConv,solar
AT,h5863,0.05845922587238295,scr2099,avaConv,solar
AT,h5864,0.12748695998329562,scr2099,avaConv,solar
AT,h5865,0.17490931015011316,scr2099,avaConv,solar
AT,h5866,0.18059802398011718,scr2099,avaConv,solar
AT,h5867,0.20677445675574546,scr2099,avaConv,solar
AT,h5868,0.23540820131996554,scr2099,avaConv,solar
AT,h5869,0.26536208885287477,scr2099,avaConv,solar
AT,h5870,0.24126256534355317,scr2099,avaConv,solar
AT,h5871,0.20540449839327446,scr2099,avaConv,solar
AT,h5872,0.15577274779104003,scr2099,avaConv,solar
AT,h5873,0.08633607321987087,scr2099,avaConv,solar
AT,h5874,0.032048413826143374,scr2099,avaConv,solar
AT,h5875,0.002735255124066607,scr2099,avaConv,solar
AT,h5876,0.00015101139784986402,scr2099,avaConv,solar
AT,h5877,0.0,scr2099,avaConv,solar
AT,h5878,0.0,scr2099,avaConv,solar
AT,h5879,0.0,scr2099,avaConv,solar
AT,h5880,0.0,scr2099,avaConv,solar
AT,h5881,0.0,scr2099,avaConv,solar
AT,h5882,0.0,scr2099,avaConv,solar
AT,h5883,0.0,scr2099,avaConv,solar
AT,h5884,0.0,scr2099,avaConv,solar
AT,h5885,0.0,scr2099,avaConv,solar
AT,h5886,0.021857323132673898,scr2099,avaConv,solar
AT,h5887,0.08954233184894364,scr2099,avaConv,solar
AT,h5888,0.2079673482103852,scr2099,avaConv,solar
AT,h5889,0.3419905821229694,scr2099,avaConv,solar
AT,h5890,0.4395524419093269,scr2099,avaConv,solar
AT,h5891,0.5169740820644674,scr2099,avaConv,solar
AT,h5892,0.54141614669506,scr2099,avaConv,solar
AT,h5893,0.5392915948670479,scr2099,avaConv,solar
AT,h5894,0.4856249905007792,scr2099,avaConv,solar
AT,h5895,0.40171644648628024,scr2099,avaConv,solar
AT,h5896,0.275738269442964,scr2099,avaConv,solar
AT,h5897,0.14038067142877925,scr2099,avaConv,solar
AT,h5898,0.044063731637679404,scr2099,avaConv,solar
AT,h5899,0.006216830376044962,scr2099,avaConv,solar
AT,h5900,0.0,scr2099,avaConv,solar
AT,h5901,0.0,scr2099,avaConv,solar
AT,h5902,0.0,scr2099,avaConv,solar
AT,h5903,0.0,scr2099,avaConv,solar
AT,h5904,0.0,scr2099,avaConv,solar
AT,h5905,0.0,scr2099,avaConv,solar
AT,h5906,0.0,scr2099,avaConv,solar
AT,h5907,0.0,scr2099,avaConv,solar
AT,h5908,0.0,scr2099,avaConv,solar
AT,h5909,0.0,scr2099,avaConv,solar
AT,h5910,0.009690173025996436,scr2099,avaConv,solar
AT,h5911,0.04696847208928852,scr2099,avaConv,solar
AT,h5912,0.1261570968790918,scr2099,avaConv,solar
AT,h5913,0.2262349722352747,scr2099,avaConv,solar
AT,h5914,0.33584990391568903,scr2099,avaConv,solar
AT,h5915,0.42468647324275904,scr2099,avaConv,solar
AT,h5916,0.511723094011433,scr2099,avaConv,solar
AT,h5917,0.5698742714883417,scr2099,avaConv,solar
AT,h5918,0.5974021901939879,scr2099,avaConv,solar
AT,h5919,0.5523033801314848,scr2099,avaConv,solar
AT,h5920,0.4339630874235216,scr2099,avaConv,solar
AT,h5921,0.2549813816226847,scr2099,avaConv,solar
AT,h5922,0.10477063406393461,scr2099,avaConv,solar
AT,h5923,0.019683743598623425,scr2099,avaConv,solar
AT,h5924,0.0016045228914771841,scr2099,avaConv,solar
AT,h5925,0.0,scr2099,avaConv,solar
AT,h5926,0.0,scr2099,avaConv,solar
AT,h5927,0.0,scr2099,avaConv,solar
AT,h5928,0.0,scr2099,avaConv,solar
AT,h5929,0.0,scr2099,avaConv,solar
AT,h5930,0.0,scr2099,avaConv,solar
AT,h5931,0.0,scr2099,avaConv,solar
AT,h5932,0.0,scr2099,avaConv,solar
AT,h5933,0.0,scr2099,avaConv,solar
AT,h5934,0.024528761834692523,scr2099,avaConv,solar
AT,h5935,0.1051929364490802,scr2099,avaConv,solar
AT,h5936,0.24376443115748925,scr2099,avaConv,solar
AT,h5937,0.39130972601032515,scr2099,avaConv,solar
AT,h5938,0.5046616369672022,scr2099,avaConv,solar
AT,h5939,0.5701536676133353,scr2099,avaConv,solar
AT,h5940,0.6050996400222829,scr2099,avaConv,solar
AT,h5941,0.6053059834749669,scr2099,avaConv,solar
AT,h5942,0.5760299250479455,scr2099,avaConv,solar
AT,h5943,0.4997861557813433,scr2099,avaConv,solar
AT,h5944,0.3783087253533721,scr2099,avaConv,solar
AT,h5945,0.21519474408114272,scr2099,avaConv,solar
AT,h5946,0.08478928626279886,scr2099,avaConv,solar
AT,h5947,0.012957849454313079,scr2099,avaConv,solar
AT,h5948,0.0010028828567069,scr2099,avaConv,solar
AT,h5949,0.0,scr2099,avaConv,solar
AT,h5950,0.0,scr2099,avaConv,solar
AT,h5951,0.0,scr2099,avaConv,solar
AT,h5952,0.0,scr2099,avaConv,solar
AT,h5953,0.0,scr2099,avaConv,solar
AT,h5954,0.0,scr2099,avaConv,solar
AT,h5955,0.0,scr2099,avaConv,solar
AT,h5956,0.0,scr2099,avaConv,solar
AT,h5957,0.0,scr2099,avaConv,solar
AT,h5958,0.01983811119399114,scr2099,avaConv,solar
AT,h5959,0.09230134890605218,scr2099,avaConv,solar
AT,h5960,0.2189602833417576,scr2099,avaConv,solar
AT,h5961,0.35976171236067894,scr2099,avaConv,solar
AT,h5962,0.47122736767287493,scr2099,avaConv,solar
AT,h5963,0.5555072450162053,scr2099,avaConv,solar
AT,h5964,0.6141760280473048,scr2099,avaConv,solar
AT,h5965,0.6356981479434991,scr2099,avaConv,solar
AT,h5966,0.6024933003816471,scr2099,avaConv,solar
AT,h5967,0.5340941505890275,scr2099,avaConv,solar
AT,h5968,0.4145686986964382,scr2099,avaConv,solar
AT,h5969,0.25220897025785366,scr2099,avaConv,solar
AT,h5970,0.10174923663062024,scr2099,avaConv,solar
AT,h5971,0.017211822592745354,scr2099,avaConv,solar
AT,h5972,0.0008078573666776429,scr2099,avaConv,solar
AT,h5973,0.0,scr2099,avaConv,solar
AT,h5974,0.0,scr2099,avaConv,solar
AT,h5975,0.0,scr2099,avaConv,solar
AT,h5976,0.0,scr2099,avaConv,solar
AT,h5977,0.0,scr2099,avaConv,solar
AT,h5978,0.0,scr2099,avaConv,solar
AT,h5979,0.0,scr2099,avaConv,solar
AT,h5980,0.0,scr2099,avaConv,solar
AT,h5981,0.0,scr2099,avaConv,solar
AT,h5982,0.020610606959569698,scr2099,avaConv,solar
AT,h5983,0.09661662375017138,scr2099,avaConv,solar
AT,h5984,0.23165633440896347,scr2099,avaConv,solar
AT,h5985,0.3914030459216964,scr2099,avaConv,solar
AT,h5986,0.5263006645579696,scr2099,avaConv,solar
AT,h5987,0.624409123640891,scr2099,avaConv,solar
AT,h5988,0.680699785294895,scr2099,avaConv,solar
AT,h5989,0.6952286992104691,scr2099,avaConv,solar
AT,h5990,0.6630466221781828,scr2099,avaConv,solar
AT,h5991,0.577475126825383,scr2099,avaConv,solar
AT,h5992,0.4353830790389394,scr2099,avaConv,solar
AT,h5993,0.2589028441977185,scr2099,avaConv,solar
AT,h5994,0.10702206140627578,scr2099,avaConv,solar
AT,h5995,0.023546092818977727,scr2099,avaConv,solar
AT,h5996,0.0005409332200260255,scr2099,avaConv,solar
AT,h5997,0.0,scr2099,avaConv,solar
AT,h5998,0.0,scr2099,avaConv,solar
AT,h5999,0.0,scr2099,avaConv,solar
AT,h6000,0.0,scr2099,avaConv,solar
AT,h6001,0.0,scr2099,avaConv,solar
AT,h6002,0.0,scr2099,avaConv,solar
AT,h6003,0.0,scr2099,avaConv,solar
AT,h6004,0.0,scr2099,avaConv,solar
AT,h6005,0.0,scr2099,avaConv,solar
AT,h6006,0.013427711395056136,scr2099,avaConv,solar
AT,h6007,0.0691120184295892,scr2099,avaConv,solar
AT,h6008,0.16843599947883237,scr2099,avaConv,solar
AT,h6009,0.28272027928360016,scr2099,avaConv,solar
AT,h6010,0.38233389163872855,scr2099,avaConv,solar
AT,h6011,0.4597937665305046,scr2099,avaConv,solar
AT,h6012,0.5137129826516377,scr2099,avaConv,solar
AT,h6013,0.5338803143255838,scr2099,avaConv,solar
AT,h6014,0.5258920188872284,scr2099,avaConv,solar
AT,h6015,0.47098903556865956,scr2099,avaConv,solar
AT,h6016,0.3628260278549262,scr2099,avaConv,solar
AT,h6017,0.21048337492920244,scr2099,avaConv,solar
AT,h6018,0.08376420750860189,scr2099,avaConv,solar
AT,h6019,0.016260455583829728,scr2099,avaConv,solar
AT,h6020,0.00020179094223416732,scr2099,avaConv,solar
AT,h6021,0.0,scr2099,avaConv,solar
AT,h6022,0.0,scr2099,avaConv,solar
AT,h6023,0.0,scr2099,avaConv,solar
AT,h6024,0.0,scr2099,avaConv,solar
AT,h6025,0.0,scr2099,avaConv,solar
AT,h6026,0.0,scr2099,avaConv,solar
AT,h6027,0.0,scr2099,avaConv,solar
AT,h6028,0.0,scr2099,avaConv,solar
AT,h6029,0.0,scr2099,avaConv,solar
AT,h6030,0.009795088595081825,scr2099,avaConv,solar
AT,h6031,0.046624873439951836,scr2099,avaConv,solar
AT,h6032,0.11512116709778539,scr2099,avaConv,solar
AT,h6033,0.19564308491550975,scr2099,avaConv,solar
AT,h6034,0.26559617315924017,scr2099,avaConv,solar
AT,h6035,0.31139628789163837,scr2099,avaConv,solar
AT,h6036,0.33888466916784105,scr2099,avaConv,solar
AT,h6037,0.3439854669221017,scr2099,avaConv,solar
AT,h6038,0.32441586933250305,scr2099,avaConv,solar
AT,h6039,0.277597756310157,scr2099,avaConv,solar
AT,h6040,0.20700503028257441,scr2099,avaConv,solar
AT,h6041,0.12828437027348324,scr2099,avaConv,solar
AT,h6042,0.05643535304687987,scr2099,avaConv,solar
AT,h6043,0.014908963603969759,scr2099,avaConv,solar
AT,h6044,0.00019450423781331084,scr2099,avaConv,solar
AT,h6045,0.0,scr2099,avaConv,solar
AT,h6046,0.0,scr2099,avaConv,solar
AT,h6047,0.0,scr2099,avaConv,solar
AT,h6048,0.0,scr2099,avaConv,solar
AT,h6049,0.0,scr2099,avaConv,solar
AT,h6050,0.0,scr2099,avaConv,solar
AT,h6051,0.0,scr2099,avaConv,solar
AT,h6052,0.0,scr2099,avaConv,solar
AT,h6053,0.0,scr2099,avaConv,solar
AT,h6054,0.020298277836846894,scr2099,avaConv,solar
AT,h6055,0.10104402343705371,scr2099,avaConv,solar
AT,h6056,0.24517040787881184,scr2099,avaConv,solar
AT,h6057,0.4140913271509279,scr2099,avaConv,solar
AT,h6058,0.5548536566461649,scr2099,avaConv,solar
AT,h6059,0.6559232874425754,scr2099,avaConv,solar
AT,h6060,0.7163450386768798,scr2099,avaConv,solar
AT,h6061,0.7319377251918783,scr2099,avaConv,solar
AT,h6062,0.700552729224117,scr2099,avaConv,solar
AT,h6063,0.6176909127269486,scr2099,avaConv,solar
AT,h6064,0.47261142779591875,scr2099,avaConv,solar
AT,h6065,0.2959933098273606,scr2099,avaConv,solar
AT,h6066,0.1274498365773726,scr2099,avaConv,solar
AT,h6067,0.03414184635942569,scr2099,avaConv,solar
AT,h6068,0.00014862682601728792,scr2099,avaConv,solar
AT,h6069,0.0,scr2099,avaConv,solar
AT,h6070,0.0,scr2099,avaConv,solar
AT,h6071,0.0,scr2099,avaConv,solar
AT,h6072,0.0,scr2099,avaConv,solar
AT,h6073,0.0,scr2099,avaConv,solar
AT,h6074,0.0,scr2099,avaConv,solar
AT,h6075,0.0,scr2099,avaConv,solar
AT,h6076,0.0,scr2099,avaConv,solar
AT,h6077,0.0,scr2099,avaConv,solar
AT,h6078,0.01743326348184034,scr2099,avaConv,solar
AT,h6079,0.09000687061195671,scr2099,avaConv,solar
AT,h6080,0.22271467494120456,scr2099,avaConv,solar
AT,h6081,0.3833865291449545,scr2099,avaConv,solar
AT,h6082,0.5253046211095234,scr2099,avaConv,solar
AT,h6083,0.629455796201877,scr2099,avaConv,solar
AT,h6084,0.6925929616541087,scr2099,avaConv,solar
AT,h6085,0.707415664904779,scr2099,avaConv,solar
AT,h6086,0.6750169444559012,scr2099,avaConv,solar
AT,h6087,0.5897986972562037,scr2099,avaConv,solar
AT,h6088,0.4429496978496544,scr2099,avaConv,solar
AT,h6089,0.26878008382683066,scr2099,avaConv,solar
AT,h6090,0.11154045764472009,scr2099,avaConv,solar
AT,h6091,0.0279370702036052,scr2099,avaConv,solar
AT,h6092,0.0,scr2099,avaConv,solar
AT,h6093,0.0,scr2099,avaConv,solar
AT,h6094,0.0,scr2099,avaConv,solar
AT,h6095,0.0,scr2099,avaConv,solar
AT,h6096,0.0,scr2099,avaConv,solar
AT,h6097,0.0,scr2099,avaConv,solar
AT,h6098,0.0,scr2099,avaConv,solar
AT,h6099,0.0,scr2099,avaConv,solar
AT,h6100,0.0,scr2099,avaConv,solar
AT,h6101,0.0,scr2099,avaConv,solar
AT,h6102,0.01435297940761458,scr2099,avaConv,solar
AT,h6103,0.0829964803542313,scr2099,avaConv,solar
AT,h6104,0.21051054773765537,scr2099,avaConv,solar
AT,h6105,0.3668074518688133,scr2099,avaConv,solar
AT,h6106,0.47510675401649277,scr2099,avaConv,solar
AT,h6107,0.5473456280870251,scr2099,avaConv,solar
AT,h6108,0.578966089385815,scr2099,avaConv,solar
AT,h6109,0.588992776650206,scr2099,avaConv,solar
AT,h6110,0.5571099697290212,scr2099,avaConv,solar
AT,h6111,0.49024081741595976,scr2099,avaConv,solar
AT,h6112,0.3708304652843385,scr2099,avaConv,solar
AT,h6113,0.2188245132206244,scr2099,avaConv,solar
AT,h6114,0.08388822216085279,scr2099,avaConv,solar
AT,h6115,0.015991889964845612,scr2099,avaConv,solar
AT,h6116,0.0,scr2099,avaConv,solar
AT,h6117,0.0,scr2099,avaConv,solar
AT,h6118,0.0,scr2099,avaConv,solar
AT,h6119,0.0,scr2099,avaConv,solar
AT,h6120,0.0,scr2099,avaConv,solar
AT,h6121,0.0,scr2099,avaConv,solar
AT,h6122,0.0,scr2099,avaConv,solar
AT,h6123,0.0,scr2099,avaConv,solar
AT,h6124,0.0,scr2099,avaConv,solar
AT,h6125,0.0,scr2099,avaConv,solar
AT,h6126,0.007384695777344892,scr2099,avaConv,solar
AT,h6127,0.047497203964335134,scr2099,avaConv,solar
AT,h6128,0.1261462679292462,scr2099,avaConv,solar
AT,h6129,0.21011680733102336,scr2099,avaConv,solar
AT,h6130,0.2825185937566737,scr2099,avaConv,solar
AT,h6131,0.33695675204717357,scr2099,avaConv,solar
AT,h6132,0.3895386313880038,scr2099,avaConv,solar
AT,h6133,0.40009226379880614,scr2099,avaConv,solar
AT,h6134,0.3689493890221272,scr2099,avaConv,solar
AT,h6135,0.3115808430253618,scr2099,avaConv,solar
AT,h6136,0.2366130561353048,scr2099,avaConv,solar
AT,h6137,0.14687686775843747,scr2099,avaConv,solar
AT,h6138,0.06091932223806355,scr2099,avaConv,solar
AT,h6139,0.012728785951511846,scr2099,avaConv,solar
AT,h6140,0.0,scr2099,avaConv,solar
AT,h6141,0.0,scr2099,avaConv,solar
AT,h6142,0.0,scr2099,avaConv,solar
AT,h6143,0.0,scr2099,avaConv,solar
AT,h6144,0.0,scr2099,avaConv,solar
AT,h6145,0.0,scr2099,avaConv,solar
AT,h6146,0.0,scr2099,avaConv,solar
AT,h6147,0.0,scr2099,avaConv,solar
AT,h6148,0.0,scr2099,avaConv,solar
AT,h6149,0.0,scr2099,avaConv,solar
AT,h6150,0.0048428670760189,scr2099,avaConv,solar
AT,h6151,0.030159019805539474,scr2099,avaConv,solar
AT,h6152,0.06982682568315904,scr2099,avaConv,solar
AT,h6153,0.11375934201253754,scr2099,avaConv,solar
AT,h6154,0.16902737867139161,scr2099,avaConv,solar
AT,h6155,0.22291144687886535,scr2099,avaConv,solar
AT,h6156,0.27876920389695004,scr2099,avaConv,solar
AT,h6157,0.3190917231733861,scr2099,avaConv,solar
AT,h6158,0.3362437848398341,scr2099,avaConv,solar
AT,h6159,0.3155663455771469,scr2099,avaConv,solar
AT,h6160,0.23096035435758538,scr2099,avaConv,solar
AT,h6161,0.12801110717326308,scr2099,avaConv,solar
AT,h6162,0.04522101207193183,scr2099,avaConv,solar
AT,h6163,0.007744975063082523,scr2099,avaConv,solar
AT,h6164,0.0,scr2099,avaConv,solar
AT,h6165,0.0,scr2099,avaConv,solar
AT,h6166,0.0,scr2099,avaConv,solar
AT,h6167,0.0,scr2099,avaConv,solar
AT,h6168,0.0,scr2099,avaConv,solar
AT,h6169,0.0,scr2099,avaConv,solar
AT,h6170,0.0,scr2099,avaConv,solar
AT,h6171,0.0,scr2099,avaConv,solar
AT,h6172,0.0,scr2099,avaConv,solar
AT,h6173,0.0,scr2099,avaConv,solar
AT,h6174,0.0020204853068993105,scr2099,avaConv,solar
AT,h6175,0.013939005554151356,scr2099,avaConv,solar
AT,h6176,0.04098720724185163,scr2099,avaConv,solar
AT,h6177,0.07921749519631205,scr2099,avaConv,solar
AT,h6178,0.11636196025658464,scr2099,avaConv,solar
AT,h6179,0.14408944280667893,scr2099,avaConv,solar
AT,h6180,0.15685157255324297,scr2099,avaConv,solar
AT,h6181,0.15696291313069258,scr2099,avaConv,solar
AT,h6182,0.14304007335181956,scr2099,avaConv,solar
AT,h6183,0.11710188551320524,scr2099,avaConv,solar
AT,h6184,0.08562515399202789,scr2099,avaConv,solar
AT,h6185,0.04787939004963288,scr2099,avaConv,solar
AT,h6186,0.020556213603232523,scr2099,avaConv,solar
AT,h6187,0.003330166796796413,scr2099,avaConv,solar
AT,h6188,0.0,scr2099,avaConv,solar
AT,h6189,0.0,scr2099,avaConv,solar
AT,h6190,0.0,scr2099,avaConv,solar
AT,h6191,0.0,scr2099,avaConv,solar
AT,h6192,0.0,scr2099,avaConv,solar
AT,h6193,0.0,scr2099,avaConv,solar
AT,h6194,0.0,scr2099,avaConv,solar
AT,h6195,0.0,scr2099,avaConv,solar
AT,h6196,0.0,scr2099,avaConv,solar
AT,h6197,0.0,scr2099,avaConv,solar
AT,h6198,0.008197861925116063,scr2099,avaConv,solar
AT,h6199,0.060034692470465806,scr2099,avaConv,solar
AT,h6200,0.16316441965832965,scr2099,avaConv,solar
AT,h6201,0.2929887085115048,scr2099,avaConv,solar
AT,h6202,0.4167018954192254,scr2099,avaConv,solar
AT,h6203,0.5287262844992419,scr2099,avaConv,solar
AT,h6204,0.6408040579297112,scr2099,avaConv,solar
AT,h6205,0.7046033249120005,scr2099,avaConv,solar
AT,h6206,0.706843400804439,scr2099,avaConv,solar
AT,h6207,0.6328591710543786,scr2099,avaConv,solar
AT,h6208,0.4848871306240053,scr2099,avaConv,solar
AT,h6209,0.28766146881195787,scr2099,avaConv,solar
AT,h6210,0.11235108100614245,scr2099,avaConv,solar
AT,h6211,0.021352965597763552,scr2099,avaConv,solar
AT,h6212,0.0,scr2099,avaConv,solar
AT,h6213,0.0,scr2099,avaConv,solar
AT,h6214,0.0,scr2099,avaConv,solar
AT,h6215,0.0,scr2099,avaConv,solar
AT,h6216,0.0,scr2099,avaConv,solar
AT,h6217,0.0,scr2099,avaConv,solar
AT,h6218,0.0,scr2099,avaConv,solar
AT,h6219,0.0,scr2099,avaConv,solar
AT,h6220,0.0,scr2099,avaConv,solar
AT,h6221,0.0,scr2099,avaConv,solar
AT,h6222,0.007407370034601832,scr2099,avaConv,solar
AT,h6223,0.04712466257517275,scr2099,avaConv,solar
AT,h6224,0.1205112946145085,scr2099,avaConv,solar
AT,h6225,0.21983865653323081,scr2099,avaConv,solar
AT,h6226,0.3093831746477859,scr2099,avaConv,solar
AT,h6227,0.37766476721697523,scr2099,avaConv,solar
AT,h6228,0.41774681082121207,scr2099,avaConv,solar
AT,h6229,0.4239147773557975,scr2099,avaConv,solar
AT,h6230,0.4013984901896076,scr2099,avaConv,solar
AT,h6231,0.3493872215533126,scr2099,avaConv,solar
AT,h6232,0.2589684081426367,scr2099,avaConv,solar
AT,h6233,0.14977734536629825,scr2099,avaConv,solar
AT,h6234,0.055562525837393496,scr2099,avaConv,solar
AT,h6235,0.010090316829785324,scr2099,avaConv,solar
AT,h6236,0.0,scr2099,avaConv,solar
AT,h6237,0.0,scr2099,avaConv,solar
AT,h6238,0.0,scr2099,avaConv,solar
AT,h6239,0.0,scr2099,avaConv,solar
AT,h6240,0.0,scr2099,avaConv,solar
AT,h6241,0.0,scr2099,avaConv,solar
AT,h6242,0.0,scr2099,avaConv,solar
AT,h6243,0.0,scr2099,avaConv,solar
AT,h6244,0.0,scr2099,avaConv,solar
AT,h6245,0.0,scr2099,avaConv,solar
AT,h6246,0.002963079266827718,scr2099,avaConv,solar
AT,h6247,0.03327211064194017,scr2099,avaConv,solar
AT,h6248,0.09996932299853382,scr2099,avaConv,solar
AT,h6249,0.19822295525963132,scr2099,avaConv,solar
AT,h6250,0.3117425467075866,scr2099,avaConv,solar
AT,h6251,0.43348093427734674,scr2099,avaConv,solar
AT,h6252,0.5197942310131975,scr2099,avaConv,solar
AT,h6253,0.5613063580098547,scr2099,avaConv,solar
AT,h6254,0.5786732289012572,scr2099,avaConv,solar
AT,h6255,0.5627401941717282,scr2099,avaConv,solar
AT,h6256,0.48096121712648715,scr2099,avaConv,solar
AT,h6257,0.29674405077633614,scr2099,avaConv,solar
AT,h6258,0.1252837977840295,scr2099,avaConv,solar
AT,h6259,0.023379255944431302,scr2099,avaConv,solar
AT,h6260,0.0,scr2099,avaConv,solar
AT,h6261,0.0,scr2099,avaConv,solar
AT,h6262,0.0,scr2099,avaConv,solar
AT,h6263,0.0,scr2099,avaConv,solar
AT,h6264,0.0,scr2099,avaConv,solar
AT,h6265,0.0,scr2099,avaConv,solar
AT,h6266,0.0,scr2099,avaConv,solar
AT,h6267,0.0,scr2099,avaConv,solar
AT,h6268,0.0,scr2099,avaConv,solar
AT,h6269,0.0,scr2099,avaConv,solar
AT,h6270,0.009003169912501894,scr2099,avaConv,solar
AT,h6271,0.074087420574694,scr2099,avaConv,solar
AT,h6272,0.20402396377925072,scr2099,avaConv,solar
AT,h6273,0.3795034041120312,scr2099,avaConv,solar
AT,h6274,0.5300973338680524,scr2099,avaConv,solar
AT,h6275,0.6436845182197336,scr2099,avaConv,solar
AT,h6276,0.7161820955538117,scr2099,avaConv,solar
AT,h6277,0.7454245552437615,scr2099,avaConv,solar
AT,h6278,0.7232118313407915,scr2099,avaConv,solar
AT,h6279,0.6411055884841023,scr2099,avaConv,solar
AT,h6280,0.496729363137005,scr2099,avaConv,solar
AT,h6281,0.2986414013759288,scr2099,avaConv,solar
AT,h6282,0.1239794033824691,scr2099,avaConv,solar
AT,h6283,0.02387732212415075,scr2099,avaConv,solar
AT,h6284,0.0,scr2099,avaConv,solar
AT,h6285,0.0,scr2099,avaConv,solar
AT,h6286,0.0,scr2099,avaConv,solar
AT,h6287,0.0,scr2099,avaConv,solar
AT,h6288,0.0,scr2099,avaConv,solar
AT,h6289,0.0,scr2099,avaConv,solar
AT,h6290,0.0,scr2099,avaConv,solar
AT,h6291,0.0,scr2099,avaConv,solar
AT,h6292,0.0,scr2099,avaConv,solar
AT,h6293,0.0,scr2099,avaConv,solar
AT,h6294,0.008741518455439329,scr2099,avaConv,solar
AT,h6295,0.07243159642963075,scr2099,avaConv,solar
AT,h6296,0.198008811116759,scr2099,avaConv,solar
AT,h6297,0.3635653568459134,scr2099,avaConv,solar
AT,h6298,0.5050624785373306,scr2099,avaConv,solar
AT,h6299,0.6113008314826913,scr2099,avaConv,solar
AT,h6300,0.6805112404301947,scr2099,avaConv,solar
AT,h6301,0.7138043222423218,scr2099,avaConv,solar
AT,h6302,0.6978911172212802,scr2099,avaConv,solar
AT,h6303,0.6284822072097128,scr2099,avaConv,solar
AT,h6304,0.4928710678390188,scr2099,avaConv,solar
AT,h6305,0.2964334201288169,scr2099,avaConv,solar
AT,h6306,0.1227391034257591,scr2099,avaConv,solar
AT,h6307,0.020973009836436924,scr2099,avaConv,solar
AT,h6308,0.0,scr2099,avaConv,solar
AT,h6309,0.0,scr2099,avaConv,solar
AT,h6310,0.0,scr2099,avaConv,solar
AT,h6311,0.0,scr2099,avaConv,solar
AT,h6312,0.0,scr2099,avaConv,solar
AT,h6313,0.0,scr2099,avaConv,solar
AT,h6314,0.0,scr2099,avaConv,solar
AT,h6315,0.0,scr2099,avaConv,solar
AT,h6316,0.0,scr2099,avaConv,solar
AT,h6317,0.0,scr2099,avaConv,solar
AT,h6318,0.007218142939449711,scr2099,avaConv,solar
AT,h6319,0.0706832961522685,scr2099,avaConv,solar
AT,h6320,0.1988440571538961,scr2099,avaConv,solar
AT,h6321,0.3721872745915472,scr2099,avaConv,solar
AT,h6322,0.5183987917042104,scr2099,avaConv,solar
AT,h6323,0.6278544124922559,scr2099,avaConv,solar
AT,h6324,0.6944947378179833,scr2099,avaConv,solar
AT,h6325,0.7201360865288507,scr2099,avaConv,solar
AT,h6326,0.6958920220069745,scr2099,avaConv,solar
AT,h6327,0.6219867383015714,scr2099,avaConv,solar
AT,h6328,0.4901400162856492,scr2099,avaConv,solar
AT,h6329,0.2944970771499526,scr2099,avaConv,solar
AT,h6330,0.12207566907919037,scr2099,avaConv,solar
AT,h6331,0.019843189177264943,scr2099,avaConv,solar
AT,h6332,0.0,scr2099,avaConv,solar
AT,h6333,0.0,scr2099,avaConv,solar
AT,h6334,0.0,scr2099,avaConv,solar
AT,h6335,0.0,scr2099,avaConv,solar
AT,h6336,0.0,scr2099,avaConv,solar
AT,h6337,0.0,scr2099,avaConv,solar
AT,h6338,0.0,scr2099,avaConv,solar
AT,h6339,0.0,scr2099,avaConv,solar
AT,h6340,0.0,scr2099,avaConv,solar
AT,h6341,0.0,scr2099,avaConv,solar
AT,h6342,0.006142250679474439,scr2099,avaConv,solar
AT,h6343,0.06675111564178189,scr2099,avaConv,solar
AT,h6344,0.19135356877848334,scr2099,avaConv,solar
AT,h6345,0.3626657236843193,scr2099,avaConv,solar
AT,h6346,0.5093320255278259,scr2099,avaConv,solar
AT,h6347,0.6185064945069816,scr2099,avaConv,solar
AT,h6348,0.6861631682039376,scr2099,avaConv,solar
AT,h6349,0.71054173814582,scr2099,avaConv,solar
AT,h6350,0.6872985994005234,scr2099,avaConv,solar
AT,h6351,0.6134656850311472,scr2099,avaConv,solar
AT,h6352,0.4853459928025897,scr2099,avaConv,solar
AT,h6353,0.2898598981941382,scr2099,avaConv,solar
AT,h6354,0.11967514080259989,scr2099,avaConv,solar
AT,h6355,0.01779070889464785,scr2099,avaConv,solar
AT,h6356,0.0,scr2099,avaConv,solar
AT,h6357,0.0,scr2099,avaConv,solar
AT,h6358,0.0,scr2099,avaConv,solar
AT,h6359,0.0,scr2099,avaConv,solar
AT,h6360,0.0,scr2099,avaConv,solar
AT,h6361,0.0,scr2099,avaConv,solar
AT,h6362,0.0,scr2099,avaConv,solar
AT,h6363,0.0,scr2099,avaConv,solar
AT,h6364,0.0,scr2099,avaConv,solar
AT,h6365,0.0,scr2099,avaConv,solar
AT,h6366,0.005037629469558776,scr2099,avaConv,solar
AT,h6367,0.0628251499507336,scr2099,avaConv,solar
AT,h6368,0.1842607319046788,scr2099,avaConv,solar
AT,h6369,0.35369750941393185,scr2099,avaConv,solar
AT,h6370,0.49976304708420105,scr2099,avaConv,solar
AT,h6371,0.6085598678336213,scr2099,avaConv,solar
AT,h6372,0.6753972241057834,scr2099,avaConv,solar
AT,h6373,0.6960984713892443,scr2099,avaConv,solar
AT,h6374,0.6681178772586065,scr2099,avaConv,solar
AT,h6375,0.5942457522803707,scr2099,avaConv,solar
AT,h6376,0.4706970569838405,scr2099,avaConv,solar
AT,h6377,0.28176252141323743,scr2099,avaConv,solar
AT,h6378,0.1157550982320136,scr2099,avaConv,solar
AT,h6379,0.016504046096383056,scr2099,avaConv,solar
AT,h6380,0.0,scr2099,avaConv,solar
AT,h6381,0.0,scr2099,avaConv,solar
AT,h6382,0.0,scr2099,avaConv,solar
AT,h6383,0.0,scr2099,avaConv,solar
AT,h6384,0.0,scr2099,avaConv,solar
AT,h6385,0.0,scr2099,avaConv,solar
AT,h6386,0.0,scr2099,avaConv,solar
AT,h6387,0.0,scr2099,avaConv,solar
AT,h6388,0.0,scr2099,avaConv,solar
AT,h6389,0.0,scr2099,avaConv,solar
AT,h6390,0.0042144903332948765,scr2099,avaConv,solar
AT,h6391,0.05974777687584556,scr2099,avaConv,solar
AT,h6392,0.1787786631777733,scr2099,avaConv,solar
AT,h6393,0.34522469437439457,scr2099,avaConv,solar
AT,h6394,0.485759493469062,scr2099,avaConv,solar
AT,h6395,0.5878205323201587,scr2099,avaConv,solar
AT,h6396,0.6439992677806484,scr2099,avaConv,solar
AT,h6397,0.6669105116833786,scr2099,avaConv,solar
AT,h6398,0.640627606260471,scr2099,avaConv,solar
AT,h6399,0.5743643985744943,scr2099,avaConv,solar
AT,h6400,0.45443849569581823,scr2099,avaConv,solar
AT,h6401,0.26937653322197946,scr2099,avaConv,solar
AT,h6402,0.11041476677676608,scr2099,avaConv,solar
AT,h6403,0.013661148339712856,scr2099,avaConv,solar
AT,h6404,0.0,scr2099,avaConv,solar
AT,h6405,0.0,scr2099,avaConv,solar
AT,h6406,0.0,scr2099,avaConv,solar
AT,h6407,0.0,scr2099,avaConv,solar
AT,h6408,0.0,scr2099,avaConv,solar
AT,h6409,0.0,scr2099,avaConv,solar
AT,h6410,0.0,scr2099,avaConv,solar
AT,h6411,0.0,scr2099,avaConv,solar
AT,h6412,0.0,scr2099,avaConv,solar
AT,h6413,0.0,scr2099,avaConv,solar
AT,h6414,0.003482473311651032,scr2099,avaConv,solar
AT,h6415,0.056740452640970204,scr2099,avaConv,solar
AT,h6416,0.17310812758567426,scr2099,avaConv,solar
AT,h6417,0.34041801972837665,scr2099,avaConv,solar
AT,h6418,0.48720090531080784,scr2099,avaConv,solar
AT,h6419,0.5966715107969113,scr2099,avaConv,solar
AT,h6420,0.6630598431039082,scr2099,avaConv,solar
AT,h6421,0.6874671847326583,scr2099,avaConv,solar
AT,h6422,0.6643530354369995,scr2099,avaConv,solar
AT,h6423,0.5943486370728226,scr2099,avaConv,solar
AT,h6424,0.473673746740137,scr2099,avaConv,solar
AT,h6425,0.27979187038611936,scr2099,avaConv,solar
AT,h6426,0.11428763378755764,scr2099,avaConv,solar
AT,h6427,0.013249628999837124,scr2099,avaConv,solar
AT,h6428,0.0,scr2099,avaConv,solar
AT,h6429,0.0,scr2099,avaConv,solar
AT,h6430,0.0,scr2099,avaConv,solar
AT,h6431,0.0,scr2099,avaConv,solar
AT,h6432,0.0,scr2099,avaConv,solar
AT,h6433,0.0,scr2099,avaConv,solar
AT,h6434,0.0,scr2099,avaConv,solar
AT,h6435,0.0,scr2099,avaConv,solar
AT,h6436,0.0,scr2099,avaConv,solar
AT,h6437,0.0,scr2099,avaConv,solar
AT,h6438,0.002866997882391985,scr2099,avaConv,solar
AT,h6439,0.05457866397299172,scr2099,avaConv,solar
AT,h6440,0.17009390859064377,scr2099,avaConv,solar
AT,h6441,0.33834913459232235,scr2099,avaConv,solar
AT,h6442,0.4878044305274409,scr2099,avaConv,solar
AT,h6443,0.6002168984217784,scr2099,avaConv,solar
AT,h6444,0.6710405286798528,scr2099,avaConv,solar
AT,h6445,0.6995851780735249,scr2099,avaConv,solar
AT,h6446,0.6808091166681094,scr2099,avaConv,solar
AT,h6447,0.6103645663252237,scr2099,avaConv,solar
AT,h6448,0.48780066583071774,scr2099,avaConv,solar
AT,h6449,0.28478014918492006,scr2099,avaConv,solar
AT,h6450,0.11516859760873482,scr2099,avaConv,solar
AT,h6451,0.011414143552534499,scr2099,avaConv,solar
AT,h6452,0.0,scr2099,avaConv,solar
AT,h6453,0.0,scr2099,avaConv,solar
AT,h6454,0.0,scr2099,avaConv,solar
AT,h6455,0.0,scr2099,avaConv,solar
AT,h6456,0.0,scr2099,avaConv,solar
AT,h6457,0.0,scr2099,avaConv,solar
AT,h6458,0.0,scr2099,avaConv,solar
AT,h6459,0.0,scr2099,avaConv,solar
AT,h6460,0.0,scr2099,avaConv,solar
AT,h6461,0.0,scr2099,avaConv,solar
AT,h6462,0.001856364056655685,scr2099,avaConv,solar
AT,h6463,0.024002835934702975,scr2099,avaConv,solar
AT,h6464,0.07778330490330308,scr2099,avaConv,solar
AT,h6465,0.17849422243293683,scr2099,avaConv,solar
AT,h6466,0.2731795846438305,scr2099,avaConv,solar
AT,h6467,0.36497638910690755,scr2099,avaConv,solar
AT,h6468,0.42132851336593075,scr2099,avaConv,solar
AT,h6469,0.44099271420569613,scr2099,avaConv,solar
AT,h6470,0.4058236576892498,scr2099,avaConv,solar
AT,h6471,0.32749794167499907,scr2099,avaConv,solar
AT,h6472,0.24226841895069182,scr2099,avaConv,solar
AT,h6473,0.13380052088084066,scr2099,avaConv,solar
AT,h6474,0.05282354149681364,scr2099,avaConv,solar
AT,h6475,0.0044388616236669285,scr2099,avaConv,solar
AT,h6476,0.0,scr2099,avaConv,solar
AT,h6477,0.0,scr2099,avaConv,solar
AT,h6478,0.0,scr2099,avaConv,solar
AT,h6479,0.0,scr2099,avaConv,solar
AT,h6480,0.0,scr2099,avaConv,solar
AT,h6481,0.0,scr2099,avaConv,solar
AT,h6482,0.0,scr2099,avaConv,solar
AT,h6483,0.0,scr2099,avaConv,solar
AT,h6484,0.0,scr2099,avaConv,solar
AT,h6485,0.0,scr2099,avaConv,solar
AT,h6486,0.001353099818302339,scr2099,avaConv,solar
AT,h6487,0.041074489302998084,scr2099,avaConv,solar
AT,h6488,0.13023265285948826,scr2099,avaConv,solar
AT,h6489,0.24380832530553112,scr2099,avaConv,solar
AT,h6490,0.33093550291673224,scr2099,avaConv,solar
AT,h6491,0.3851220717961913,scr2099,avaConv,solar
AT,h6492,0.42187144640165597,scr2099,avaConv,solar
AT,h6493,0.4381442083423854,scr2099,avaConv,solar
AT,h6494,0.43709496619341554,scr2099,avaConv,solar
AT,h6495,0.4219716891405917,scr2099,avaConv,solar
AT,h6496,0.3693904570645006,scr2099,avaConv,solar
AT,h6497,0.2311107473356871,scr2099,avaConv,solar
AT,h6498,0.0966272844136932,scr2099,avaConv,solar
AT,h6499,0.009170545250258054,scr2099,avaConv,solar
AT,h6500,0.0,scr2099,avaConv,solar
AT,h6501,0.0,scr2099,avaConv,solar
AT,h6502,0.0,scr2099,avaConv,solar
AT,h6503,0.0,scr2099,avaConv,solar
AT,h6504,0.0,scr2099,avaConv,solar
AT,h6505,0.0,scr2099,avaConv,solar
AT,h6506,0.0,scr2099,avaConv,solar
AT,h6507,0.0,scr2099,avaConv,solar
AT,h6508,0.0,scr2099,avaConv,solar
AT,h6509,0.0,scr2099,avaConv,solar
AT,h6510,0.0012948058236225233,scr2099,avaConv,solar
AT,h6511,0.046261576675272885,scr2099,avaConv,solar
AT,h6512,0.15547997820699885,scr2099,avaConv,solar
AT,h6513,0.3216956863710441,scr2099,avaConv,solar
AT,h6514,0.4770371821859644,scr2099,avaConv,solar
AT,h6515,0.5945642388846594,scr2099,avaConv,solar
AT,h6516,0.6690788466140546,scr2099,avaConv,solar
AT,h6517,0.699277960519871,scr2099,avaConv,solar
AT,h6518,0.6818436746108641,scr2099,avaConv,solar
AT,h6519,0.6141737945487136,scr2099,avaConv,solar
AT,h6520,0.48984153961928684,scr2099,avaConv,solar
AT,h6521,0.28214973802528864,scr2099,avaConv,solar
AT,h6522,0.11033212511653427,scr2099,avaConv,solar
AT,h6523,0.008345970211107402,scr2099,avaConv,solar
AT,h6524,0.0,scr2099,avaConv,solar
AT,h6525,0.0,scr2099,avaConv,solar
AT,h6526,0.0,scr2099,avaConv,solar
AT,h6527,0.0,scr2099,avaConv,solar
AT,h6528,0.0,scr2099,avaConv,solar
AT,h6529,0.0,scr2099,avaConv,solar
AT,h6530,0.0,scr2099,avaConv,solar
AT,h6531,0.0,scr2099,avaConv,solar
AT,h6532,0.0,scr2099,avaConv,solar
AT,h6533,0.0,scr2099,avaConv,solar
AT,h6534,0.00048800239081280374,scr2099,avaConv,solar
AT,h6535,0.013189507892150343,scr2099,avaConv,solar
AT,h6536,0.04655942395591263,scr2099,avaConv,solar
AT,h6537,0.09175658557102744,scr2099,avaConv,solar
AT,h6538,0.13136358438313792,scr2099,avaConv,solar
AT,h6539,0.1539755272792553,scr2099,avaConv,solar
AT,h6540,0.18393853921359588,scr2099,avaConv,solar
AT,h6541,0.18830666747433117,scr2099,avaConv,solar
AT,h6542,0.18233077414568427,scr2099,avaConv,solar
AT,h6543,0.1532130901447302,scr2099,avaConv,solar
AT,h6544,0.1246658072100791,scr2099,avaConv,solar
AT,h6545,0.07354789874366756,scr2099,avaConv,solar
AT,h6546,0.02803150462721629,scr2099,avaConv,solar
AT,h6547,0.0013771051901619851,scr2099,avaConv,solar
AT,h6548,0.0,scr2099,avaConv,solar
AT,h6549,0.0,scr2099,avaConv,solar
AT,h6550,0.0,scr2099,avaConv,solar
AT,h6551,0.0,scr2099,avaConv,solar
AT,h6552,0.0,scr2099,avaConv,solar
BA,h5809,0.0,scr2099,avaConv,solar
BA,h5810,0.0,scr2099,avaConv,solar
BA,h5811,0.0,scr2099,avaConv,solar
BA,h5812,0.0,scr2099,avaConv,solar
BA,h5813,0.0017304531288024104,scr2099,avaConv,solar
BA,h5814,0.03877288879190944,scr2099,avaConv,solar
BA,h5815,0.12793333177669736,scr2099,avaConv,solar
BA,h5816,0.26975280619456804,scr2099,avaConv,solar
BA,h5817,0.41393173368519437,scr2099,avaConv,solar
BA,h5818,0.5420956220048491,scr2099,avaConv,solar
BA,h5819,0.6390380986391404,scr2099,avaConv,solar
BA,h5820,0.6876553629934798,scr2099,avaConv,solar
BA,h5821,0.6787580233737,scr2099,avaConv,solar
BA,h5822,0.6132465750210122,scr2099,avaConv,solar
BA,h5823,0.49427425471367764,scr2099,avaConv,solar
BA,h5824,0.31925962810438563,scr2099,avaConv,solar
BA,h5825,0.1680370907449593,scr2099,avaConv,solar
BA,h5826,0.05443381384534156,scr2099,avaConv,solar
BA,h5827,0.016524697887258483,scr2099,avaConv,solar
BA,h5828,0.0,scr2099,avaConv,solar
BA,h5829,0.0,scr2099,avaConv,solar
BA,h5830,0.0,scr2099,avaConv,solar
BA,h5831,0.0,scr2099,avaConv,solar
BA,h5832,0.0,scr2099,avaConv,solar
BA,h5833,0.0,scr2099,avaConv,solar
BA,h5834,0.0,scr2099,avaConv,solar
BA,h5835,0.0,scr2099,avaConv,solar
BA,h5836,0.0,scr2099,avaConv,solar
BA,h5837,0.0011187874686875451,scr2099,avaConv,solar
BA,h5838,0.03480185895491828,scr2099,avaConv,solar
BA,h5839,0.11824680710871618,scr2099,avaConv,solar
BA,h5840,0.2537744135635193,scr2099,avaConv,solar
BA,h5841,0.39357613295049176,scr2099,avaConv,solar
BA,h5842,0.5188703325956114,scr2099,avaConv,solar
BA,h5843,0.6152184221001963,scr2099,avaConv,solar
BA,h5844,0.6654924146294824,scr2099,avaConv,solar
BA,h5845,0.660701460206184,scr2099,avaConv,solar
BA,h5846,0.5998348123778863,scr2099,avaConv,solar
BA,h5847,0.48555357551938294,scr2099,avaConv,solar
BA,h5848,0.3143338721203825,scr2099,avaConv,solar
BA,h5849,0.16467490627720546,scr2099,avaConv,solar
BA,h5850,0.05277180176242648,scr2099,avaConv,solar
BA,h5851,0.015566561107811561,scr2099,avaConv,solar
BA,h5852,0.0,scr2099,avaConv,solar
BA,h5853,0.0,scr2099,avaConv,solar
BA,h5854,0.0,scr2099,avaConv,solar
BA,h5855,0.0,scr2099,avaConv,solar
BA,h5856,0.0,scr2099,avaConv,solar
BA,h5857,0.0,scr2099,avaConv,solar
BA,h5858,0.0,scr2099,avaConv,solar
BA,h5859,0.0,scr2099,avaConv,solar
BA,h5860,0.0,scr2099,avaConv,solar
BA,h5861,0.000877202690213426,scr2099,avaConv,solar
BA,h5862,0.03434314634520296,scr2099,avaConv,solar
BA,h5863,0.11796788529179117,scr2099,avaConv,solar
BA,h5864,0.2543521551561407,scr2099,avaConv,solar
BA,h5865,0.3941854802262566,scr2099,avaConv,solar
BA,h5866,0.5179682880175707,scr2099,avaConv,solar
BA,h5867,0.5924692635040026,scr2099,avaConv,solar
BA,h5868,0.6222201473311861,scr2099,avaConv,solar
BA,h5869,0.6146450602960832,scr2099,avaConv,solar
BA,h5870,0.5714765525679426,scr2099,avaConv,solar
BA,h5871,0.47416279499674285,scr2099,avaConv,solar
BA,h5872,0.30498140819056313,scr2099,avaConv,solar
BA,h5873,0.1560506155965156,scr2099,avaConv,solar
BA,h5874,0.0479176564689643,scr2099,avaConv,solar
BA,h5875,0.012999846175242708,scr2099,avaConv,solar
BA,h5876,0.0,scr2099,avaConv,solar
BA,h5877,0.0,scr2099,avaConv,solar
BA,h5878,0.0,scr2099,avaConv,solar
BA,h5879,0.0,scr2099,avaConv,solar
BA,h5880,0.0,scr2099,avaConv,solar
BA,h5881,0.0,scr2099,avaConv,solar
BA,h5882,0.0,scr2099,avaConv,solar
BA,h5883,0.0,scr2099,avaConv,solar
BA,h5884,0.0,scr2099,avaConv,solar
BA,h5885,0.0005910614205433208,scr2099,avaConv,solar
BA,h5886,0.03366618309906429,scr2099,avaConv,solar
BA,h5887,0.11839497735747918,scr2099,avaConv,solar
BA,h5888,0.2582458414522217,scr2099,avaConv,solar
BA,h5889,0.3957281489659815,scr2099,avaConv,solar
BA,h5890,0.5195088843627192,scr2099,avaConv,solar
BA,h5891,0.6154242133044547,scr2099,avaConv,solar
BA,h5892,0.667928690408452,scr2099,avaConv,solar
BA,h5893,0.6590541279830263,scr2099,avaConv,solar
BA,h5894,0.5958914609880323,scr2099,avaConv,solar
BA,h5895,0.4768661152786014,scr2099,avaConv,solar
BA,h5896,0.30382920351155296,scr2099,avaConv,solar
BA,h5897,0.14926927643581298,scr2099,avaConv,solar
BA,h5898,0.043830869985155535,scr2099,avaConv,solar
BA,h5899,0.011847863990310237,scr2099,avaConv,solar
BA,h5900,0.0,scr2099,avaConv,solar
BA,h5901,0.0,scr2099,avaConv,solar
BA,h5902,0.0,scr2099,avaConv,solar
BA,h5903,0.0,scr2099,avaConv,solar
BA,h5904,0.0,scr2099,avaConv,solar
BA,h5905,0.0,scr2099,avaConv,solar
BA,h5906,0.0,scr2099,avaConv,solar
BA,h5907,0.0,scr2099,avaConv,solar
BA,h5908,0.0,scr2099,avaConv,solar
BA,h5909,0.000514529651364003,scr2099,avaConv,solar
BA,h5910,0.034351360385675656,scr2099,avaConv,solar
BA,h5911,0.12126965077580613,scr2099,avaConv,solar
BA,h5912,0.2653227783386425,scr2099,avaConv,solar
BA,h5913,0.41600088853608913,scr2099,avaConv,solar
BA,h5914,0.5519297775080644,scr2099,avaConv,solar
BA,h5915,0.6570315279376223,scr2099,avaConv,solar
BA,h5916,0.7119772921092035,scr2099,avaConv,solar
BA,h5917,0.707570040901051,scr2099,avaConv,solar
BA,h5918,0.6432982970622942,scr2099,avaConv,solar
BA,h5919,0.5220265219445309,scr2099,avaConv,solar
BA,h5920,0.33885809948541196,scr2099,avaConv,solar
BA,h5921,0.1757526304781468,scr2099,avaConv,solar
BA,h5922,0.05521220537272655,scr2099,avaConv,solar
BA,h5923,0.015167662496698866,scr2099,avaConv,solar
BA,h5924,0.0,scr2099,avaConv,solar
BA,h5925,0.0,scr2099,avaConv,solar
BA,h5926,0.0,scr2099,avaConv,solar
BA,h5927,0.0,scr2099,avaConv,solar
BA,h5928,0.0,scr2099,avaConv,solar
BA,h5929,0.0,scr2099,avaConv,solar
BA,h5930,0.0,scr2099,avaConv,solar
BA,h5931,0.0,scr2099,avaConv,solar
BA,h5932,0.0,scr2099,avaConv,solar
BA,h5933,0.0004201181897726859,scr2099,avaConv,solar
BA,h5934,0.034105076415005806,scr2099,avaConv,solar
BA,h5935,0.12124750973984237,scr2099,avaConv,solar
BA,h5936,0.2661269509110754,scr2099,avaConv,solar
BA,h5937,0.41762192321260827,scr2099,avaConv,solar
BA,h5938,0.5536418083018925,scr2099,avaConv,solar
BA,h5939,0.6588567821075519,scr2099,avaConv,solar
BA,h5940,0.7140516100654108,scr2099,avaConv,solar
BA,h5941,0.7100489796414643,scr2099,avaConv,solar
BA,h5942,0.6455432953600199,scr2099,avaConv,solar
BA,h5943,0.523933397400076,scr2099,avaConv,solar
BA,h5944,0.3401087841154269,scr2099,avaConv,solar
BA,h5945,0.1752274678385079,scr2099,avaConv,solar
BA,h5946,0.05430019394122205,scr2099,avaConv,solar
BA,h5947,0.014297939557818827,scr2099,avaConv,solar
BA,h5948,0.0,scr2099,avaConv,solar
BA,h5949,0.0,scr2099,avaConv,solar
BA,h5950,0.0,scr2099,avaConv,solar
BA,h5951,0.0,scr2099,avaConv,solar
BA,h5952,0.0,scr2099,avaConv,solar
BA,h5953,0.0,scr2099,avaConv,solar
BA,h5954,0.0,scr2099,avaConv,solar
BA,h5955,0.0,scr2099,avaConv,solar
BA,h5956,0.0,scr2099,avaConv,solar
BA,h5957,0.00026554854659706877,scr2099,avaConv,solar
BA,h5958,0.03234848061219392,scr2099,avaConv,solar
BA,h5959,0.11746669504210697,scr2099,avaConv,solar
BA,h5960,0.2605737029177903,scr2099,avaConv,solar
BA,h5961,0.4118760911184345,scr2099,avaConv,solar
BA,h5962,0.5479064119270517,scr2099,avaConv,solar
BA,h5963,0.6529092967664156,scr2099,avaConv,solar
BA,h5964,0.7082287153645098,scr2099,avaConv,solar
BA,h5965,0.7047296336356241,scr2099,avaConv,solar
BA,h5966,0.6409564713468766,scr2099,avaConv,solar
BA,h5967,0.5206317546281286,scr2099,avaConv,solar
BA,h5968,0.3377729644212754,scr2099,avaConv,solar
BA,h5969,0.17246209333415216,scr2099,avaConv,solar
BA,h5970,0.05239059586129845,scr2099,avaConv,solar
BA,h5971,0.013029751514376077,scr2099,avaConv,solar
BA,h5972,0.0,scr2099,avaConv,solar
BA,h5973,0.0,scr2099,avaConv,solar
BA,h5974,0.0,scr2099,avaConv,solar
BA,h5975,0.0,scr2099,avaConv,solar
BA,h5976,0.0,scr2099,avaConv,solar
BA,h5977,0.0,scr2099,avaConv,solar
BA,h5978,0.0,scr2099,avaConv,solar
BA,h5979,0.0,scr2099,avaConv,solar
BA,h5980,0.0,scr2099,avaConv,solar
BA,h5981,0.00013264062752954325,scr2099,avaConv,solar
BA,h5982,0.0305265897230857,scr2099,avaConv,solar
BA,h5983,0.11313297855558956,scr2099,avaConv,solar
BA,h5984,0.25323694748289405,scr2099,avaConv,solar
BA,h5985,0.4029031200986263,scr2099,avaConv,solar
BA,h5986,0.5375541561581393,scr2099,avaConv,solar
BA,h5987,0.6416983302025114,scr2099,avaConv,solar
BA,h5988,0.6968734278246521,scr2099,avaConv,solar
BA,h5989,0.6941667351281369,scr2099,avaConv,solar
BA,h5990,0.6319169671176083,scr2099,avaConv,solar
BA,h5991,0.5138312514805078,scr2099,avaConv,solar
BA,h5992,0.3335131335948036,scr2099,avaConv,solar
BA,h5993,0.16916801907309603,scr2099,avaConv,solar
BA,h5994,0.05068189348734017,scr2099,avaConv,solar
BA,h5995,0.011995334698502436,scr2099,avaConv,solar
BA,h5996,0.0,scr2099,avaConv,solar
BA,h5997,0.0,scr2099,avaConv,solar
BA,h5998,0.0,scr2099,avaConv,solar
BA,h5999,0.0,scr2099,avaConv,solar
BA,h6000,0.0,scr2099,avaConv,solar
BA,h6001,0.0,scr2099,avaConv,solar
BA,h6002,0.0,scr2099,avaConv,solar
BA,h6003,0.0,scr2099,avaConv,solar
BA,h6004,0.0,scr2099,avaConv,solar
BA,h6005,0.0,scr2099,avaConv,solar
BA,h6006,0.028802366938157284,scr2099,avaConv,solar
BA,h6007,0.10855884911501996,scr2099,avaConv,solar
BA,h6008,0.24464876755284004,scr2099,avaConv,solar
BA,h6009,0.3910446717107322,scr2099,avaConv,solar
BA,h6010,0.522653102383907,scr2099,avaConv,solar
BA,h6011,0.6245548198399191,scr2099,avaConv,solar
BA,h6012,0.6773306223945896,scr2099,avaConv,solar
BA,h6013,0.6755413875125554,scr2099,avaConv,solar
BA,h6014,0.6159928106974021,scr2099,avaConv,solar
BA,h6015,0.5032631350179155,scr2099,avaConv,solar
BA,h6016,0.32699912298910283,scr2099,avaConv,solar
BA,h6017,0.16455754826683308,scr2099,avaConv,solar
BA,h6018,0.048481627949976354,scr2099,avaConv,solar
BA,h6019,0.01085103917390715,scr2099,avaConv,solar
BA,h6020,0.0,scr2099,avaConv,solar
BA,h6021,0.0,scr2099,avaConv,solar
BA,h6022,0.0,scr2099,avaConv,solar
BA,h6023,0.0,scr2099,avaConv,solar
BA,h6024,0.0,scr2099,avaConv,solar
BA,h6025,0.0,scr2099,avaConv,solar
BA,h6026,0.0,scr2099,avaConv,solar
BA,h6027,0.0,scr2099,avaConv,solar
BA,h6028,0.0,scr2099,avaConv,solar
BA,h6029,0.0,scr2099,avaConv,solar
BA,h6030,0.026854163232563833,scr2099,avaConv,solar
BA,h6031,0.1038442978238127,scr2099,avaConv,solar
BA,h6032,0.2368202378394827,scr2099,avaConv,solar
BA,h6033,0.3820156468144742,scr2099,avaConv,solar
BA,h6034,0.5125009553361354,scr2099,avaConv,solar
BA,h6035,0.6135814603067941,scr2099,avaConv,solar
BA,h6036,0.6678587094932167,scr2099,avaConv,solar
BA,h6037,0.667089469746415,scr2099,avaConv,solar
BA,h6038,0.6083557259803004,scr2099,avaConv,solar
BA,h6039,0.4957359767551138,scr2099,avaConv,solar
BA,h6040,0.3216028371222406,scr2099,avaConv,solar
BA,h6041,0.16012204583591522,scr2099,avaConv,solar
BA,h6042,0.04614729183038982,scr2099,avaConv,solar
BA,h6043,0.009483956513043127,scr2099,avaConv,solar
BA,h6044,0.0,scr2099,avaConv,solar
BA,h6045,0.0,scr2099,avaConv,solar
BA,h6046,0.0,scr2099,avaConv,solar
BA,h6047,0.0,scr2099,avaConv,solar
BA,h6048,0.0,scr2099,avaConv,solar
BA,h6049,0.0,scr2099,avaConv,solar
BA,h6050,0.0,scr2099,avaConv,solar
BA,h6051,0.0,scr2099,avaConv,solar
BA,h6052,0.0,scr2099,avaConv,solar
BA,h6053,0.0,scr2099,avaConv,solar
BA,h6054,0.024650517224864322,scr2099,avaConv,solar
BA,h6055,0.09877183321954452,scr2099,avaConv,solar
BA,h6056,0.22946808907375474,scr2099,avaConv,solar
BA,h6057,0.3768516445062676,scr2099,avaConv,solar
BA,h6058,0.5112525835010484,scr2099,avaConv,solar
BA,h6059,0.6163623813803254,scr2099,avaConv,solar
BA,h6060,0.6740883473476713,scr2099,avaConv,solar
BA,h6061,0.6758985640179473,scr2099,avaConv,solar
BA,h6062,0.6187962063039415,scr2099,avaConv,solar
BA,h6063,0.5061724678856435,scr2099,avaConv,solar
BA,h6064,0.3296936662949896,scr2099,avaConv,solar
BA,h6065,0.16415387444359822,scr2099,avaConv,solar
BA,h6066,0.047203769124998886,scr2099,avaConv,solar
BA,h6067,0.009322557555040153,scr2099,avaConv,solar
BA,h6068,0.0,scr2099,avaConv,solar
BA,h6069,0.0,scr2099,avaConv,solar
BA,h6070,0.0,scr2099,avaConv,solar
BA,h6071,0.0,scr2099,avaConv,solar
BA,h6072,0.0,scr2099,avaConv,solar
BA,h6073,0.0,scr2099,avaConv,solar
BA,h6074,0.0,scr2099,avaConv,solar
BA,h6075,0.0,scr2099,avaConv,solar
BA,h6076,0.0,scr2099,avaConv,solar
BA,h6077,0.0,scr2099,avaConv,solar
BA,h6078,0.027358274924865093,scr2099,avaConv,solar
BA,h6079,0.1081110516663621,scr2099,avaConv,solar
BA,h6080,0.24860035807113795,scr2099,avaConv,solar
BA,h6081,0.40414601795291244,scr2099,avaConv,solar
BA,h6082,0.5436042820585323,scr2099,avaConv,solar
BA,h6083,0.6515302076923182,scr2099,avaConv,solar
BA,h6084,0.7090245048296518,scr2099,avaConv,solar
BA,h6085,0.7075408657401963,scr2099,avaConv,solar
BA,h6086,0.6448767538153958,scr2099,avaConv,solar
BA,h6087,0.5257815514225905,scr2099,avaConv,solar
BA,h6088,0.34288827590036647,scr2099,avaConv,solar
BA,h6089,0.170784824008518,scr2099,avaConv,solar
BA,h6090,0.0493540529332803,scr2099,avaConv,solar
BA,h6091,0.009490661450210741,scr2099,avaConv,solar
BA,h6092,0.0,scr2099,avaConv,solar
BA,h6093,0.0,scr2099,avaConv,solar
BA,h6094,0.0,scr2099,avaConv,solar
BA,h6095,0.0,scr2099,avaConv,solar
BA,h6096,0.0,scr2099,avaConv,solar
BA,h6097,0.0,scr2099,avaConv,solar
BA,h6098,0.0,scr2099,avaConv,solar
BA,h6099,0.0,scr2099,avaConv,solar
BA,h6100,0.0,scr2099,avaConv,solar
BA,h6101,0.0,scr2099,avaConv,solar
BA,h6102,0.026356242111732302,scr2099,avaConv,solar
BA,h6103,0.10567913916392276,scr2099,avaConv,solar
BA,h6104,0.24425775861129229,scr2099,avaConv,solar
BA,h6105,0.39844568927243934,scr2099,avaConv,solar
BA,h6106,0.5362519060927079,scr2099,avaConv,solar
BA,h6107,0.6427122038825016,scr2099,avaConv,solar
BA,h6108,0.6999418143008607,scr2099,avaConv,solar
BA,h6109,0.6990715501995436,scr2099,avaConv,solar
BA,h6110,0.6377887338060141,scr2099,avaConv,solar
BA,h6111,0.5205638450850524,scr2099,avaConv,solar
BA,h6112,0.3401911183279092,scr2099,avaConv,solar
BA,h6113,0.16844394242279795,scr2099,avaConv,solar
BA,h6114,0.04814395197110216,scr2099,avaConv,solar
BA,h6115,0.008509675155600362,scr2099,avaConv,solar
BA,h6116,0.0,scr2099,avaConv,solar
BA,h6117,0.0,scr2099,avaConv,solar
BA,h6118,0.0,scr2099,avaConv,solar
BA,h6119,0.0,scr2099,avaConv,solar
BA,h6120,0.0,scr2099,avaConv,solar
BA,h6121,0.0,scr2099,avaConv,solar
BA,h6122,0.0,scr2099,avaConv,solar
BA,h6123,0.0,scr2099,avaConv,solar
BA,h6124,0.0,scr2099,avaConv,solar
BA,h6125,0.0,scr2099,avaConv,solar
BA,h6126,0.02454366464982141,scr2099,avaConv,solar
BA,h6127,0.10074931287535016,scr2099,avaConv,solar
BA,h6128,0.23521623400716285,scr2099,avaConv,solar
BA,h6129,0.3873436873090529,scr2099,avaConv,solar
BA,h6130,0.523893560427753,scr2099,avaConv,solar
BA,h6131,0.629640818964142,scr2099,avaConv,solar
BA,h6132,0.6868678079726995,scr2099,avaConv,solar
BA,h6133,0.6872048736493344,scr2099,avaConv,solar
BA,h6134,0.6280767907350832,scr2099,avaConv,solar
BA,h6135,0.5137060408392603,scr2099,avaConv,solar
BA,h6136,0.3363928358076908,scr2099,avaConv,solar
BA,h6137,0.16738720502153717,scr2099,avaConv,solar
BA,h6138,0.04831419687016081,scr2099,avaConv,solar
BA,h6139,0.008765875179094804,scr2099,avaConv,solar
BA,h6140,0.0,scr2099,avaConv,solar
BA,h6141,0.0,scr2099,avaConv,solar
BA,h6142,0.0,scr2099,avaConv,solar
BA,h6143,0.0,scr2099,avaConv,solar
BA,h6144,0.0,scr2099,avaConv,solar
BA,h6145,0.0,scr2099,avaConv,solar
BA,h6146,0.0,scr2099,avaConv,solar
BA,h6147,0.0,scr2099,avaConv,solar
BA,h6148,0.0,scr2099,avaConv,solar
BA,h6149,0.0,scr2099,avaConv,solar
BA,h6150,0.022714386488950317,scr2099,avaConv,solar
BA,h6151,0.09593918305618249,scr2099,avaConv,solar
BA,h6152,0.22655715363567144,scr2099,avaConv,solar
BA,h6153,0.3772899514626497,scr2099,avaConv,solar
BA,h6154,0.5134646797246887,scr2099,avaConv,solar
BA,h6155,0.6195442490491508,scr2099,avaConv,solar
BA,h6156,0.6778684676006642,scr2099,avaConv,solar
BA,h6157,0.6805627899819919,scr2099,avaConv,solar
BA,h6158,0.6244243466771275,scr2099,avaConv,solar
BA,h6159,0.5130927161046787,scr2099,avaConv,solar
BA,h6160,0.3376138787514133,scr2099,avaConv,solar
BA,h6161,0.16582140094389008,scr2099,avaConv,solar
BA,h6162,0.04658587098828195,scr2099,avaConv,solar
BA,h6163,0.006836209799026217,scr2099,avaConv,solar
BA,h6164,0.0,scr2099,avaConv,solar
BA,h6165,0.0,scr2099,avaConv,solar
BA,h6166,0.0,scr2099,avaConv,solar
BA,h6167,0.0,scr2099,avaConv,solar
BA,h6168,0.0,scr2099,avaConv,solar
BA,h6169,0.0,scr2099,avaConv,solar
BA,h6170,0.0,scr2099,avaConv,solar
BA,h6171,0.0,scr2099,avaConv,solar
BA,h6172,0.0,scr2099,avaConv,solar
BA,h6173,0.0,scr2099,avaConv,solar
BA,h6174,0.019529790627665942,scr2099,avaConv,solar
BA,h6175,0.08605529530449109,scr2099,avaConv,solar
BA,h6176,0.20640582803781993,scr2099,avaConv,solar
BA,h6177,0.34824864743756145,scr2099,avaConv,solar
BA,h6178,0.4650392856931089,scr2099,avaConv,solar
BA,h6179,0.5558956002895084,scr2099,avaConv,solar
BA,h6180,0.5912827260430183,scr2099,avaConv,solar
BA,h6181,0.5769393464090907,scr2099,avaConv,solar
BA,h6182,0.49931751384867645,scr2099,avaConv,solar
BA,h6183,0.39705652884896603,scr2099,avaConv,solar
BA,h6184,0.25383432314280335,scr2099,avaConv,solar
BA,h6185,0.1233080600200071,scr2099,avaConv,solar
BA,h6186,0.031186641305889527,scr2099,avaConv,solar
BA,h6187,0.003121300738099688,scr2099,avaConv,solar
BA,h6188,0.0,scr2099,avaConv,solar
BA,h6189,0.0,scr2099,avaConv,solar
BA,h6190,0.0,scr2099,avaConv,solar
BA,h6191,0.0,scr2099,avaConv,solar
BA,h6192,0.0,scr2099,avaConv,solar
BA,h6193,0.0,scr2099,avaConv,solar
BA,h6194,0.0,scr2099,avaConv,solar
BA,h6195,0.0,scr2099,avaConv,solar
BA,h6196,0.0,scr2099,avaConv,solar
BA,h6197,0.0,scr2099,avaConv,solar
BA,h6198,0.004982616701370502,scr2099,avaConv,solar
BA,h6199,0.030989290557731263,scr2099,avaConv,solar
BA,h6200,0.08952527922843717,scr2099,avaConv,solar
BA,h6201,0.16653594416417447,scr2099,avaConv,solar
BA,h6202,0.24452981234944698,scr2099,avaConv,solar
BA,h6203,0.30726528492028754,scr2099,avaConv,solar
BA,h6204,0.351115339498962,scr2099,avaConv,solar
BA,h6205,0.3630384713660264,scr2099,avaConv,solar
BA,h6206,0.34377108240805276,scr2099,avaConv,solar
BA,h6207,0.2877077807921733,scr2099,avaConv,solar
BA,h6208,0.19444664773518094,scr2099,avaConv,solar
BA,h6209,0.09496470066679985,scr2099,avaConv,solar
BA,h6210,0.02752860317230818,scr2099,avaConv,solar
BA,h6211,0.0036565336677933276,scr2099,avaConv,solar
BA,h6212,0.0,scr2099,avaConv,solar
BA,h6213,0.0,scr2099,avaConv,solar
BA,h6214,0.0,scr2099,avaConv,solar
BA,h6215,0.0,scr2099,avaConv,solar
BA,h6216,0.0,scr2099,avaConv,solar
BA,h6217,0.0,scr2099,avaConv,solar
BA,h6218,0.0,scr2099,avaConv,solar
BA,h6219,0.0,scr2099,avaConv,solar
BA,h6220,0.0,scr2099,avaConv,solar
BA,h6221,0.0,scr2099,avaConv,solar
BA,h6222,0.022030124451910996,scr2099,avaConv,solar
BA,h6223,0.09727046142448195,scr2099,avaConv,solar
BA,h6224,0.23379996096263933,scr2099,avaConv,solar
BA,h6225,0.39586421348437856,scr2099,avaConv,solar
BA,h6226,0.543177133399985,scr2099,avaConv,solar
BA,h6227,0.6580025744264877,scr2099,avaConv,solar
BA,h6228,0.7212692973209288,scr2099,avaConv,solar
BA,h6229,0.7243248195676151,scr2099,avaConv,solar
BA,h6230,0.6648563076771085,scr2099,avaConv,solar
BA,h6231,0.5470257461726226,scr2099,avaConv,solar
BA,h6232,0.36243009361550166,scr2099,avaConv,solar
BA,h6233,0.17645410602228934,scr2099,avaConv,solar
BA,h6234,0.04894743899985484,scr2099,avaConv,solar
BA,h6235,0.00548149278093021,scr2099,avaConv,solar
BA,h6236,0.0,scr2099,avaConv,solar
BA,h6237,0.0,scr2099,avaConv,solar
BA,h6238,0.0,scr2099,avaConv,solar
BA,h6239,0.0,scr2099,avaConv,solar
BA,h6240,0.0,scr2099,avaConv,solar
BA,h6241,0.0,scr2099,avaConv,solar
BA,h6242,0.0,scr2099,avaConv,solar
BA,h6243,0.0,scr2099,avaConv,solar
BA,h6244,0.0,scr2099,avaConv,solar
BA,h6245,0.0,scr2099,avaConv,solar
BA,h6246,0.020166918979455408,scr2099,avaConv,solar
BA,h6247,0.09112698750707333,scr2099,avaConv,solar
BA,h6248,0.2191079413760338,scr2099,avaConv,solar
BA,h6249,0.37292432887258364,scr2099,avaConv,solar
BA,h6250,0.5140735303000205,scr2099,avaConv,solar
BA,h6251,0.6242367656090296,scr2099,avaConv,solar
BA,h6252,0.6832087020017455,scr2099,avaConv,solar
BA,h6253,0.6837806953291121,scr2099,avaConv,solar
BA,h6254,0.6062895490855629,scr2099,avaConv,solar
BA,h6255,0.48839492216869745,scr2099,avaConv,solar
BA,h6256,0.31437726016168593,scr2099,avaConv,solar
BA,h6257,0.15656167639727023,scr2099,avaConv,solar
BA,h6258,0.04354542531952519,scr2099,avaConv,solar
BA,h6259,0.003941686134498894,scr2099,avaConv,solar
BA,h6260,0.0,scr2099,avaConv,solar
BA,h6261,0.0,scr2099,avaConv,solar
BA,h6262,0.0,scr2099,avaConv,solar
BA,h6263,0.0,scr2099,avaConv,solar
BA,h6264,0.0,scr2099,avaConv,solar
BA,h6265,0.0,scr2099,avaConv,solar
BA,h6266,0.0,scr2099,avaConv,solar
BA,h6267,0.0,scr2099,avaConv,solar
BA,h6268,0.0,scr2099,avaConv,solar
BA,h6269,0.0,scr2099,avaConv,solar
BA,h6270,0.011678934128560338,scr2099,avaConv,solar
BA,h6271,0.05907315718362228,scr2099,avaConv,solar
BA,h6272,0.15049399778948902,scr2099,avaConv,solar
BA,h6273,0.2711284835685773,scr2099,avaConv,solar
BA,h6274,0.3888340172553955,scr2099,avaConv,solar
BA,h6275,0.5029761759939048,scr2099,avaConv,solar
BA,h6276,0.6142625055139503,scr2099,avaConv,solar
BA,h6277,0.6745373624415956,scr2099,avaConv,solar
BA,h6278,0.6591439810476355,scr2099,avaConv,solar
BA,h6279,0.5468152367424094,scr2099,avaConv,solar
BA,h6280,0.36643083096951484,scr2099,avaConv,solar
BA,h6281,0.1779297312400054,scr2099,avaConv,solar
BA,h6282,0.049409144308124334,scr2099,avaConv,solar
BA,h6283,0.004218376040463576,scr2099,avaConv,solar
BA,h6284,0.0,scr2099,avaConv,solar
BA,h6285,0.0,scr2099,avaConv,solar
BA,h6286,0.0,scr2099,avaConv,solar
BA,h6287,0.0,scr2099,avaConv,solar
BA,h6288,0.0,scr2099,avaConv,solar
BA,h6289,0.0,scr2099,avaConv,solar
BA,h6290,0.0,scr2099,avaConv,solar
BA,h6291,0.0,scr2099,avaConv,solar
BA,h6292,0.0,scr2099,avaConv,solar
BA,h6293,0.0,scr2099,avaConv,solar
BA,h6294,0.019837609110318188,scr2099,avaConv,solar
BA,h6295,0.0930592000757203,scr2099,avaConv,solar
BA,h6296,0.22869422830114797,scr2099,avaConv,solar
BA,h6297,0.3950426497549961,scr2099,avaConv,solar
BA,h6298,0.5471937304256064,scr2099,avaConv,solar
BA,h6299,0.6666078522181162,scr2099,avaConv,solar
BA,h6300,0.732969594575704,scr2099,avaConv,solar
BA,h6301,0.7377527857279474,scr2099,avaConv,solar
BA,h6302,0.6788693790245992,scr2099,avaConv,solar
BA,h6303,0.5612579790755285,scr2099,avaConv,solar
BA,h6304,0.3759804584778377,scr2099,avaConv,solar
BA,h6305,0.18218454969891015,scr2099,avaConv,solar
BA,h6306,0.050177401746752504,scr2099,avaConv,solar
BA,h6307,0.003887114313849691,scr2099,avaConv,solar
BA,h6308,0.0,scr2099,avaConv,solar
BA,h6309,0.0,scr2099,avaConv,solar
BA,h6310,0.0,scr2099,avaConv,solar
BA,h6311,0.0,scr2099,avaConv,solar
BA,h6312,0.0,scr2099,avaConv,solar
BA,h6313,0.0,scr2099,avaConv,solar
BA,h6314,0.0,scr2099,avaConv,solar
BA,h6315,0.0,scr2099,avaConv,solar
BA,h6316,0.0,scr2099,avaConv,solar
BA,h6317,0.0,scr2099,avaConv,solar
BA,h6318,0.01788992079451725,scr2099,avaConv,solar
BA,h6319,0.08670215531764464,scr2099,avaConv,solar
BA,h6320,0.21464459107501882,scr2099,avaConv,solar
BA,h6321,0.37258966997347315,scr2099,avaConv,solar
BA,h6322,0.517051560032953,scr2099,avaConv,solar
BA,h6323,0.6303789605997278,scr2099,avaConv,solar
BA,h6324,0.6950246855556501,scr2099,avaConv,solar
BA,h6325,0.7019174402818419,scr2099,avaConv,solar
BA,h6326,0.6488490688927148,scr2099,avaConv,solar
BA,h6327,0.538339662752697,scr2099,avaConv,solar
BA,h6328,0.3604938108265968,scr2099,avaConv,solar
BA,h6329,0.17317952418080146,scr2099,avaConv,solar
BA,h6330,0.04664258220441909,scr2099,avaConv,solar
BA,h6331,0.0029788809991431993,scr2099,avaConv,solar
BA,h6332,0.0,scr2099,avaConv,solar
BA,h6333,0.0,scr2099,avaConv,solar
BA,h6334,0.0,scr2099,avaConv,solar
BA,h6335,0.0,scr2099,avaConv,solar
BA,h6336,0.0,scr2099,avaConv,solar
BA,h6337,0.0,scr2099,avaConv,solar
BA,h6338,0.0,scr2099,avaConv,solar
BA,h6339,0.0,scr2099,avaConv,solar
BA,h6340,0.0,scr2099,avaConv,solar
BA,h6341,0.0,scr2099,avaConv,solar
BA,h6342,0.017364787761457036,scr2099,avaConv,solar
BA,h6343,0.08625766867140484,scr2099,avaConv,solar
BA,h6344,0.21537125284381808,scr2099,avaConv,solar
BA,h6345,0.37624851657340475,scr2099,avaConv,solar
BA,h6346,0.5233431584387721,scr2099,avaConv,solar
BA,h6347,0.6385085129095553,scr2099,avaConv,solar
BA,h6348,0.7041393645404975,scr2099,avaConv,solar
BA,h6349,0.7113299855638816,scr2099,avaConv,solar
BA,h6350,0.6578909878807662,scr2099,avaConv,solar
BA,h6351,0.5469687388096521,scr2099,avaConv,solar
BA,h6352,0.36639525955233965,scr2099,avaConv,solar
BA,h6353,0.1755421790946354,scr2099,avaConv,solar
BA,h6354,0.046559271081335556,scr2099,avaConv,solar
BA,h6355,0.0026154817192939393,scr2099,avaConv,solar
BA,h6356,0.0,scr2099,avaConv,solar
BA,h6357,0.0,scr2099,avaConv,solar
BA,h6358,0.0,scr2099,avaConv,solar
BA,h6359,0.0,scr2099,avaConv,solar
BA,h6360,0.0,scr2099,avaConv,solar
BA,h6361,0.0,scr2099,avaConv,solar
BA,h6362,0.0,scr2099,avaConv,solar
BA,h6363,0.0,scr2099,avaConv,solar
BA,h6364,0.0,scr2099,avaConv,solar
BA,h6365,0.0,scr2099,avaConv,solar
BA,h6366,0.016169404933334543,scr2099,avaConv,solar
BA,h6367,0.08271241494007542,scr2099,avaConv,solar
BA,h6368,0.2082451856818525,scr2099,avaConv,solar
BA,h6369,0.36598054560194887,scr2099,avaConv,solar
BA,h6370,0.5109388764989047,scr2099,avaConv,solar
BA,h6371,0.6248485899653933,scr2099,avaConv,solar
BA,h6372,0.6911152961638752,scr2099,avaConv,solar
BA,h6373,0.6996927778614934,scr2099,avaConv,solar
BA,h6374,0.6488500503437588,scr2099,avaConv,solar
BA,h6375,0.5409773610612272,scr2099,avaConv,solar
BA,h6376,0.36205607674619006,scr2099,avaConv,solar
BA,h6377,0.17225475575557134,scr2099,avaConv,solar
BA,h6378,0.04451724001289831,scr2099,avaConv,solar
BA,h6379,0.001993591815411866,scr2099,avaConv,solar
BA,h6380,0.0,scr2099,avaConv,solar
BA,h6381,0.0,scr2099,avaConv,solar
BA,h6382,0.0,scr2099,avaConv,solar
BA,h6383,0.0,scr2099,avaConv,solar
BA,h6384,0.0,scr2099,avaConv,solar
BA,h6385,0.0,scr2099,avaConv,solar
BA,h6386,0.0,scr2099,avaConv,solar
BA,h6387,0.0,scr2099,avaConv,solar
BA,h6388,0.0,scr2099,avaConv,solar
BA,h6389,0.0,scr2099,avaConv,solar
BA,h6390,0.014138427758794122,scr2099,avaConv,solar
BA,h6391,0.07702965521870839,scr2099,avaConv,solar
BA,h6392,0.19788563752701913,scr2099,avaConv,solar
BA,h6393,0.35325020537944685,scr2099,avaConv,solar
BA,h6394,0.4970030381349038,scr2099,avaConv,solar
BA,h6395,0.61048072210791,scr2099,avaConv,solar
BA,h6396,0.677624146971668,scr2099,avaConv,solar
BA,h6397,0.6878660138108043,scr2099,avaConv,solar
BA,h6398,0.6395824291171088,scr2099,avaConv,solar
BA,h6399,0.5343800924977412,scr2099,avaConv,solar
BA,h6400,0.3532786426543459,scr2099,avaConv,solar
BA,h6401,0.165293281018942,scr2099,avaConv,solar
BA,h6402,0.03971219304437465,scr2099,avaConv,solar
BA,h6403,0.0015276831938072456,scr2099,avaConv,solar
BA,h6404,0.0,scr2099,avaConv,solar
BA,h6405,0.0,scr2099,avaConv,solar
BA,h6406,0.0,scr2099,avaConv,solar
BA,h6407,0.0,scr2099,avaConv,solar
BA,h6408,0.0,scr2099,avaConv,solar
BA,h6409,0.0,scr2099,avaConv,solar
BA,h6410,0.0,scr2099,avaConv,solar
BA,h6411,0.0,scr2099,avaConv,solar
BA,h6412,0.0,scr2099,avaConv,solar
BA,h6413,0.0,scr2099,avaConv,solar
BA,h6414,0.01395892522862692,scr2099,avaConv,solar
BA,h6415,0.07667350312764307,scr2099,avaConv,solar
BA,h6416,0.1973112270386268,scr2099,avaConv,solar
BA,h6417,0.3530775293952345,scr2099,avaConv,solar
BA,h6418,0.4975372178255704,scr2099,avaConv,solar
BA,h6419,0.6123965303271075,scr2099,avaConv,solar
BA,h6420,0.681122177323978,scr2099,avaConv,solar
BA,h6421,0.6926841359886093,scr2099,avaConv,solar
BA,h6422,0.645080508570112,scr2099,avaConv,solar
BA,h6423,0.5408259666258536,scr2099,avaConv,solar
BA,h6424,0.3577004022504939,scr2099,avaConv,solar
BA,h6425,0.1671840964648946,scr2099,avaConv,solar
BA,h6426,0.03931214047780486,scr2099,avaConv,solar
BA,h6427,0.0012492861149943962,scr2099,avaConv,solar
BA,h6428,0.0,scr2099,avaConv,solar
BA,h6429,0.0,scr2099,avaConv,solar
BA,h6430,0.0,scr2099,avaConv,solar
BA,h6431,0.0,scr2099,avaConv,solar
BA,h6432,0.0,scr2099,avaConv,solar
BA,h6433,0.0,scr2099,avaConv,solar
BA,h6434,0.0,scr2099,avaConv,solar
BA,h6435,0.0,scr2099,avaConv,solar
BA,h6436,0.0,scr2099,avaConv,solar
BA,h6437,0.0,scr2099,avaConv,solar
BA,h6438,0.014121964616457223,scr2099,avaConv,solar
BA,h6439,0.07885903124290242,scr2099,avaConv,solar
BA,h6440,0.2037712771918447,scr2099,avaConv,solar
BA,h6441,0.36579966223303656,scr2099,avaConv,solar
BA,h6442,0.5149939821390489,scr2099,avaConv,solar
BA,h6443,0.6328365787509261,scr2099,avaConv,solar
BA,h6444,0.701772414363497,scr2099,avaConv,solar
BA,h6445,0.7120315335155734,scr2099,avaConv,solar
BA,h6446,0.6614755129340222,scr2099,avaConv,solar
BA,h6447,0.5547811621237582,scr2099,avaConv,solar
BA,h6448,0.3622516801568917,scr2099,avaConv,solar
BA,h6449,0.1672162318508693,scr2099,avaConv,solar
BA,h6450,0.036373737628192085,scr2099,avaConv,solar
BA,h6451,0.0010402290220919723,scr2099,avaConv,solar
BA,h6452,0.0,scr2099,avaConv,solar
BA,h6453,0.0,scr2099,avaConv,solar
BA,h6454,0.0,scr2099,avaConv,solar
BA,h6455,0.0,scr2099,avaConv,solar
BA,h6456,0.0,scr2099,avaConv,solar
BA,h6457,0.0,scr2099,avaConv,solar
BA,h6458,0.0,scr2099,avaConv,solar
BA,h6459,0.0,scr2099,avaConv,solar
BA,h6460,0.0,scr2099,avaConv,solar
BA,h6461,0.0,scr2099,avaConv,solar
BA,h6462,0.012622515042874167,scr2099,avaConv,solar
BA,h6463,0.07391079802359495,scr2099,avaConv,solar
BA,h6464,0.1931056521988518,scr2099,avaConv,solar
BA,h6465,0.3487476454111875,scr2099,avaConv,solar
BA,h6466,0.4920217708371122,scr2099,avaConv,solar
BA,h6467,0.6045192919671701,scr2099,avaConv,solar
BA,h6468,0.6709293329326059,scr2099,avaConv,solar
BA,h6469,0.6797581422960098,scr2099,avaConv,solar
BA,h6470,0.6306603963876253,scr2099,avaConv,solar
BA,h6471,0.5268093001315591,scr2099,avaConv,solar
BA,h6472,0.33928647706082393,scr2099,avaConv,solar
BA,h6473,0.153053612844524,scr2099,avaConv,solar
BA,h6474,0.030540113676086087,scr2099,avaConv,solar
BA,h6475,0.00037732349349255215,scr2099,avaConv,solar
BA,h6476,0.0,scr2099,avaConv,solar
BA,h6477,0.0,scr2099,avaConv,solar
BA,h6478,0.0,scr2099,avaConv,solar
BA,h6479,0.0,scr2099,avaConv,solar
BA,h6480,0.0,scr2099,avaConv,solar
BA,h6481,0.0,scr2099,avaConv,solar
BA,h6482,0.0,scr2099,avaConv,solar
BA,h6483,0.0,scr2099,avaConv,solar
BA,h6484,0.0,scr2099,avaConv,solar
BA,h6485,0.0,scr2099,avaConv,solar
BA,h6486,0.008716099100410959,scr2099,avaConv,solar
BA,h6487,0.058092825606746334,scr2099,avaConv,solar
BA,h6488,0.15795113051148454,scr2099,avaConv,solar
BA,h6489,0.29653835164737785,scr2099,avaConv,solar
BA,h6490,0.4371502370187978,scr2099,avaConv,solar
BA,h6491,0.5621439096451601,scr2099,avaConv,solar
BA,h6492,0.6462130096180037,scr2099,avaConv,solar
BA,h6493,0.6687805060751277,scr2099,avaConv,solar
BA,h6494,0.6267618406560255,scr2099,avaConv,solar
BA,h6495,0.5297442544114265,scr2099,avaConv,solar
BA,h6496,0.3433434255188363,scr2099,avaConv,solar
BA,h6497,0.15585492605272708,scr2099,avaConv,solar
BA,h6498,0.030760700033550234,scr2099,avaConv,solar
BA,h6499,0.0003563949231581622,scr2099,avaConv,solar
BA,h6500,0.0,scr2099,avaConv,solar
BA,h6501,0.0,scr2099,avaConv,solar
BA,h6502,0.0,scr2099,avaConv,solar
BA,h6503,0.0,scr2099,avaConv,solar
BA,h6504,0.0,scr2099,avaConv,solar
BA,h6505,0.0,scr2099,avaConv,solar
BA,h6506,0.0,scr2099,avaConv,solar
BA,h6507,0.0,scr2099,avaConv,solar
BA,h6508,0.0,scr2099,avaConv,solar
BA,h6509,0.0,scr2099,avaConv,solar
BA,h6510,0.009322669395687419,scr2099,avaConv,solar
BA,h6511,0.0636926325929585,scr2099,avaConv,solar
BA,h6512,0.17321342339794607,scr2099,avaConv,solar
BA,h6513,0.3232723603002333,scr2099,avaConv,solar
BA,h6514,0.46442090795592167,scr2099,avaConv,solar
BA,h6515,0.5794119110147669,scr2099,avaConv,solar
BA,h6516,0.6503743859569964,scr2099,avaConv,solar
BA,h6517,0.6650187514752386,scr2099,avaConv,solar
BA,h6518,0.6212913445580307,scr2099,avaConv,solar
BA,h6519,0.5240428944551174,scr2099,avaConv,solar
BA,h6520,0.33716468234433417,scr2099,avaConv,solar
BA,h6521,0.1516443988401221,scr2099,avaConv,solar
BA,h6522,0.02836575625777996,scr2099,avaConv,solar
BA,h6523,0.00016472679129318538,scr2099,avaConv,solar
BA,h6524,0.0,scr2099,avaConv,solar
BA,h6525,0.0,scr2099,avaConv,solar
BA,h6526,0.0,scr2099,avaConv,solar
BA,h6527,0.0,scr2099,avaConv,solar
BA,h6528,0.0,scr2099,avaConv,solar
BA,h6529,0.0,scr2099,avaConv,solar
BA,h6530,0.0,scr2099,avaConv,solar
BA,h6531,0.0,scr2099,avaConv,solar
BA,h6532,0.0,scr2099,avaConv,solar
BA,h6533,0.0,scr2099,avaConv,solar
BA,h6534,0.007403392956266841,scr2099,avaConv,solar
BA,h6535,0.05724431058462126,scr2099,avaConv,solar
BA,h6536,0.1604751996976211,scr2099,avaConv,solar
BA,h6537,0.30700336127492667,scr2099,avaConv,solar
BA,h6538,0.44607140323599387,scr2099,avaConv,solar
BA,h6539,0.5607499793563092,scr2099,avaConv,solar
BA,h6540,0.6322155736200071,scr2099,avaConv,solar
BA,h6541,0.649557849559688,scr2099,avaConv,solar
BA,h6542,0.6101680062252061,scr2099,avaConv,solar
BA,h6543,0.5180229579010015,scr2099,avaConv,solar
BA,h6544,0.3330933051873056,scr2099,avaConv,solar
BA,h6545,0.14936752859452818,scr2099,avaConv,solar
BA,h6546,0.026712274223467142,scr2099,avaConv,solar
BA,h6547,0.0,scr2099,avaConv,solar
BA,h6548,0.0,scr2099,avaConv,solar
BA,h6549,0.0,scr2099,avaConv,solar
BA,h6550,0.0,scr2099,avaConv,solar
BA,h6551,0.0,scr2099,avaConv,solar
BA,h6552,0.0,scr2099,avaConv,solar
BE,h5809,0.0,scr2099,avaConv,solar
BE,h5810,0.0,scr2099,avaConv,solar
BE,h5811,0.0,scr2099,avaConv,solar
BE,h5812,0.0,scr2099,avaConv,solar
BE,h5813,0.0,scr2099,avaConv,solar
BE,h5814,0.004435864371318073,scr2099,avaConv,solar
BE,h5815,0.044202681548746584,scr2099,avaConv,solar
BE,h5816,0.13682849912129044,scr2099,avaConv,solar
BE,h5817,0.2743181106600438,scr2099,avaConv,solar
BE,h5818,0.4116346956386665,scr2099,avaConv,solar
BE,h5819,0.5296703684539786,scr2099,avaConv,solar
BE,h5820,0.6184815572490743,scr2099,avaConv,solar
BE,h5821,0.6640410792409184,scr2099,avaConv,solar
BE,h5822,0.634251734212108,scr2099,avaConv,solar
BE,h5823,0.5381512033128477,scr2099,avaConv,solar
BE,h5824,0.40344097267366646,scr2099,avaConv,solar
BE,h5825,0.24527004229843427,scr2099,avaConv,solar
BE,h5826,0.12664971439567402,scr2099,avaConv,solar
BE,h5827,0.0380746393077788,scr2099,avaConv,solar
BE,h5828,0.011766218166649798,scr2099,avaConv,solar
BE,h5829,0.0,scr2099,avaConv,solar
BE,h5830,0.0,scr2099,avaConv,solar
BE,h5831,0.0,scr2099,avaConv,solar
BE,h5832,0.0,scr2099,avaConv,solar
BE,h5833,0.0,scr2099,avaConv,solar
BE,h5834,0.0,scr2099,avaConv,solar
BE,h5835,0.0,scr2099,avaConv,solar
BE,h5836,0.0,scr2099,avaConv,solar
BE,h5837,0.0,scr2099,avaConv,solar
BE,h5838,0.0030427412827048073,scr2099,avaConv,solar
BE,h5839,0.031006308974194836,scr2099,avaConv,solar
BE,h5840,0.09198220766687051,scr2099,avaConv,solar
BE,h5841,0.1788962389627596,scr2099,avaConv,solar
BE,h5842,0.2589972827401869,scr2099,avaConv,solar
BE,h5843,0.3142223244444781,scr2099,avaConv,solar
BE,h5844,0.37984838087121503,scr2099,avaConv,solar
BE,h5845,0.4263283407726371,scr2099,avaConv,solar
BE,h5846,0.4833222598704336,scr2099,avaConv,solar
BE,h5847,0.47954267446722626,scr2099,avaConv,solar
BE,h5848,0.4314175685696488,scr2099,avaConv,solar
BE,h5849,0.29124742589340086,scr2099,avaConv,solar
BE,h5850,0.15473385385949343,scr2099,avaConv,solar
BE,h5851,0.04771251427309526,scr2099,avaConv,solar
BE,h5852,0.012426599684539772,scr2099,avaConv,solar
BE,h5853,0.0,scr2099,avaConv,solar
BE,h5854,0.0,scr2099,avaConv,solar
BE,h5855,0.0,scr2099,avaConv,solar
BE,h5856,0.0,scr2099,avaConv,solar
BE,h5857,0.0,scr2099,avaConv,solar
BE,h5858,0.0,scr2099,avaConv,solar
BE,h5859,0.0,scr2099,avaConv,solar
BE,h5860,0.0,scr2099,avaConv,solar
BE,h5861,0.0,scr2099,avaConv,solar
BE,h5862,0.0031103133638306388,scr2099,avaConv,solar
BE,h5863,0.043812684733903,scr2099,avaConv,solar
BE,h5864,0.13531903355755076,scr2099,avaConv,solar
BE,h5865,0.26306405682017486,scr2099,avaConv,solar
BE,h5866,0.3800414222689577,scr2099,avaConv,solar
BE,h5867,0.476070956208758,scr2099,avaConv,solar
BE,h5868,0.5627943129422882,scr2099,avaConv,solar
BE,h5869,0.6097926163392517,scr2099,avaConv,solar
BE,h5870,0.6187583318746767,scr2099,avaConv,solar
BE,h5871,0.5600698802172709,scr2099,avaConv,solar
BE,h5872,0.46054306993667216,scr2099,avaConv,solar
BE,h5873,0.29085918224080254,scr2099,avaConv,solar
BE,h5874,0.1510949787749325,scr2099,avaConv,solar
BE,h5875,0.04443428944134369,scr2099,avaConv,solar
BE,h5876,0.01317372510049257,scr2099,avaConv,solar
BE,h5877,0.0,scr2099,avaConv,solar
BE,h5878,0.0,scr2099,avaConv,solar
BE,h5879,0.0,scr2099,avaConv,solar
BE,h5880,0.0,scr2099,avaConv,solar
BE,h5881,0.0,scr2099,avaConv,solar
BE,h5882,0.0,scr2099,avaConv,solar
BE,h5883,0.0,scr2099,avaConv,solar
BE,h5884,0.0,scr2099,avaConv,solar
BE,h5885,0.0,scr2099,avaConv,solar
BE,h5886,0.0,scr2099,avaConv,solar
BE,h5887,0.00252277814999278,scr2099,avaConv,solar
BE,h5888,0.012837654682135585,scr2099,avaConv,solar
BE,h5889,0.03379737391933348,scr2099,avaConv,solar
BE,h5890,0.06117397280377957,scr2099,avaConv,solar
BE,h5891,0.08884521836900654,scr2099,avaConv,solar
BE,h5892,0.10758084802073213,scr2099,avaConv,solar
BE,h5893,0.12039638800484567,scr2099,avaConv,solar
BE,h5894,0.12053755313467455,scr2099,avaConv,solar
BE,h5895,0.11255803335861456,scr2099,avaConv,solar
BE,h5896,0.09389180817572176,scr2099,avaConv,solar
BE,h5897,0.06644088066287686,scr2099,avaConv,solar
BE,h5898,0.036994452008967386,scr2099,avaConv,solar
BE,h5899,0.013199713537887478,scr2099,avaConv,solar
BE,h5900,0.0024338587031073563,scr2099,avaConv,solar
BE,h5901,0.0,scr2099,avaConv,solar
BE,h5902,0.0,scr2099,avaConv,solar
BE,h5903,0.0,scr2099,avaConv,solar
BE,h5904,0.0,scr2099,avaConv,solar
BE,h5905,0.0,scr2099,avaConv,solar
BE,h5906,0.0,scr2099,avaConv,solar
BE,h5907,0.0,scr2099,avaConv,solar
BE,h5908,0.0,scr2099,avaConv,solar
BE,h5909,0.0,scr2099,avaConv,solar
BE,h5910,0.00034485235068012284,scr2099,avaConv,solar
BE,h5911,0.010992625082867706,scr2099,avaConv,solar
BE,h5912,0.045456072541333215,scr2099,avaConv,solar
BE,h5913,0.10194876554952083,scr2099,avaConv,solar
BE,h5914,0.16616483710673213,scr2099,avaConv,solar
BE,h5915,0.2336063627251564,scr2099,avaConv,solar
BE,h5916,0.3276936422344623,scr2099,avaConv,solar
BE,h5917,0.4031195662770988,scr2099,avaConv,solar
BE,h5918,0.4351900956123436,scr2099,avaConv,solar
BE,h5919,0.4305744930041199,scr2099,avaConv,solar
BE,h5920,0.3794480012263552,scr2099,avaConv,solar
BE,h5921,0.2715759151072646,scr2099,avaConv,solar
BE,h5922,0.14012511934553926,scr2099,avaConv,solar
BE,h5923,0.042970927062020506,scr2099,avaConv,solar
BE,h5924,0.01213494884981905,scr2099,avaConv,solar
BE,h5925,0.0,scr2099,avaConv,solar
BE,h5926,0.0,scr2099,avaConv,solar
BE,h5927,0.0,scr2099,avaConv,solar
BE,h5928,0.0,scr2099,avaConv,solar
BE,h5929,0.0,scr2099,avaConv,solar
BE,h5930,0.0,scr2099,avaConv,solar
BE,h5931,0.0,scr2099,avaConv,solar
BE,h5932,0.0,scr2099,avaConv,solar
BE,h5933,0.0,scr2099,avaConv,solar
BE,h5934,0.0019143208842237113,scr2099,avaConv,solar
BE,h5935,0.03319249045362887,scr2099,avaConv,solar
BE,h5936,0.11152370021899342,scr2099,avaConv,solar
BE,h5937,0.2341022084430144,scr2099,avaConv,solar
BE,h5938,0.36284865158899693,scr2099,avaConv,solar
BE,h5939,0.4728069480510517,scr2099,avaConv,solar
BE,h5940,0.5559904773639847,scr2099,avaConv,solar
BE,h5941,0.60481160305954,scr2099,avaConv,solar
BE,h5942,0.6094478127760427,scr2099,avaConv,solar
BE,h5943,0.5765532095980304,scr2099,avaConv,solar
BE,h5944,0.48251495368142155,scr2099,avaConv,solar
BE,h5945,0.3162428237464413,scr2099,avaConv,solar
BE,h5946,0.1560955284498496,scr2099,avaConv,solar
BE,h5947,0.042003911703288335,scr2099,avaConv,solar
BE,h5948,0.01014077770143489,scr2099,avaConv,solar
BE,h5949,0.0,scr2099,avaConv,solar
BE,h5950,0.0,scr2099,avaConv,solar
BE,h5951,0.0,scr2099,avaConv,solar
BE,h5952,0.0,scr2099,avaConv,solar
BE,h5953,0.0,scr2099,avaConv,solar
BE,h5954,0.0,scr2099,avaConv,solar
BE,h5955,0.0,scr2099,avaConv,solar
BE,h5956,0.0,scr2099,avaConv,solar
BE,h5957,0.0,scr2099,avaConv,solar
BE,h5958,0.0020269276039413895,scr2099,avaConv,solar
BE,h5959,0.03774224398279244,scr2099,avaConv,solar
BE,h5960,0.12718941731990763,scr2099,avaConv,solar
BE,h5961,0.2666837933566882,scr2099,avaConv,solar
BE,h5962,0.407614731103764,scr2099,avaConv,solar
BE,h5963,0.528353641228446,scr2099,avaConv,solar
BE,h5964,0.6195542348774312,scr2099,avaConv,solar
BE,h5965,0.6682560841388419,scr2099,avaConv,solar
BE,h5966,0.663677692966402,scr2099,avaConv,solar
BE,h5967,0.6088639346712272,scr2099,avaConv,solar
BE,h5968,0.4990248919982136,scr2099,avaConv,solar
BE,h5969,0.3211760594590605,scr2099,avaConv,solar
BE,h5970,0.1592965180944989,scr2099,avaConv,solar
BE,h5971,0.04395046649904991,scr2099,avaConv,solar
BE,h5972,0.01089363309879069,scr2099,avaConv,solar
BE,h5973,0.0,scr2099,avaConv,solar
BE,h5974,0.0,scr2099,avaConv,solar
BE,h5975,0.0,scr2099,avaConv,solar
BE,h5976,0.0,scr2099,avaConv,solar
BE,h5977,0.0,scr2099,avaConv,solar
BE,h5978,0.0,scr2099,avaConv,solar
BE,h5979,0.0,scr2099,avaConv,solar
BE,h5980,0.0,scr2099,avaConv,solar
BE,h5981,0.0,scr2099,avaConv,solar
BE,h5982,0.001544726011756077,scr2099,avaConv,solar
BE,h5983,0.035891101590012534,scr2099,avaConv,solar
BE,h5984,0.12371129379425001,scr2099,avaConv,solar
BE,h5985,0.2510527892709876,scr2099,avaConv,solar
BE,h5986,0.38180224601919505,scr2099,avaConv,solar
BE,h5987,0.49896783962726715,scr2099,avaConv,solar
BE,h5988,0.6026048157823514,scr2099,avaConv,solar
BE,h5989,0.6619655510617464,scr2099,avaConv,solar
BE,h5990,0.6625774196261096,scr2099,avaConv,solar
BE,h5991,0.6114970779259817,scr2099,avaConv,solar
BE,h5992,0.49521766539585066,scr2099,avaConv,solar
BE,h5993,0.30597872458537756,scr2099,avaConv,solar
BE,h5994,0.13825656108670395,scr2099,avaConv,solar
BE,h5995,0.031441469437537076,scr2099,avaConv,solar
BE,h5996,0.00735428949856623,scr2099,avaConv,solar
BE,h5997,0.0,scr2099,avaConv,solar
BE,h5998,0.0,scr2099,avaConv,solar
BE,h5999,0.0,scr2099,avaConv,solar
BE,h6000,0.0,scr2099,avaConv,solar
BE,h6001,0.0,scr2099,avaConv,solar
BE,h6002,0.0,scr2099,avaConv,solar
BE,h6003,0.0,scr2099,avaConv,solar
BE,h6004,0.0,scr2099,avaConv,solar
BE,h6005,0.0,scr2099,avaConv,solar
BE,h6006,0.0,scr2099,avaConv,solar
BE,h6007,0.01054625221665139,scr2099,avaConv,solar
BE,h6008,0.03554155458796868,scr2099,avaConv,solar
BE,h6009,0.06890920885799483,scr2099,avaConv,solar
BE,h6010,0.11140318306012886,scr2099,avaConv,solar
BE,h6011,0.17314992401710222,scr2099,avaConv,solar
BE,h6012,0.2636046183412907,scr2099,avaConv,solar
BE,h6013,0.3468033508482787,scr2099,avaConv,solar
BE,h6014,0.37307554506564566,scr2099,avaConv,solar
BE,h6015,0.3574373413032972,scr2099,avaConv,solar
BE,h6016,0.2887655991459763,scr2099,avaConv,solar
BE,h6017,0.1861410983672886,scr2099,avaConv,solar
BE,h6018,0.08238518355829517,scr2099,avaConv,solar
BE,h6019,0.017098346957591628,scr2099,avaConv,solar
BE,h6020,0.0025636468462789295,scr2099,avaConv,solar
BE,h6021,0.0,scr2099,avaConv,solar
BE,h6022,0.0,scr2099,avaConv,solar
BE,h6023,0.0,scr2099,avaConv,solar
BE,h6024,0.0,scr2099,avaConv,solar
BE,h6025,0.0,scr2099,avaConv,solar
BE,h6026,0.0,scr2099,avaConv,solar
BE,h6027,0.0,scr2099,avaConv,solar
BE,h6028,0.0,scr2099,avaConv,solar
BE,h6029,0.0,scr2099,avaConv,solar
BE,h6030,0.000662883433911868,scr2099,avaConv,solar
BE,h6031,0.030916270769199308,scr2099,avaConv,solar
BE,h6032,0.11649075377900106,scr2099,avaConv,solar
BE,h6033,0.25601389965323523,scr2099,avaConv,solar
BE,h6034,0.40374643062090465,scr2099,avaConv,solar
BE,h6035,0.5297478198818918,scr2099,avaConv,solar
BE,h6036,0.6281203183972522,scr2099,avaConv,solar
BE,h6037,0.6818555353777587,scr2099,avaConv,solar
BE,h6038,0.6786282243235316,scr2099,avaConv,solar
BE,h6039,0.6234346083184648,scr2099,avaConv,solar
BE,h6040,0.509137500185021,scr2099,avaConv,solar
BE,h6041,0.32672661564299993,scr2099,avaConv,solar
BE,h6042,0.15700032941824058,scr2099,avaConv,solar
BE,h6043,0.04085443607220243,scr2099,avaConv,solar
BE,h6044,0.008777445812074416,scr2099,avaConv,solar
BE,h6045,0.0,scr2099,avaConv,solar
BE,h6046,0.0,scr2099,avaConv,solar
BE,h6047,0.0,scr2099,avaConv,solar
BE,h6048,0.0,scr2099,avaConv,solar
BE,h6049,0.0,scr2099,avaConv,solar
BE,h6050,0.0,scr2099,avaConv,solar
BE,h6051,0.0,scr2099,avaConv,solar
BE,h6052,0.0,scr2099,avaConv,solar
BE,h6053,0.0,scr2099,avaConv,solar
BE,h6054,0.0005935865254648999,scr2099,avaConv,solar
BE,h6055,0.025504242174642092,scr2099,avaConv,solar
BE,h6056,0.09591460684373318,scr2099,avaConv,solar
BE,h6057,0.2050267557539369,scr2099,avaConv,solar
BE,h6058,0.31691701015449286,scr2099,avaConv,solar
BE,h6059,0.41473862824911745,scr2099,avaConv,solar
BE,h6060,0.5041720738692433,scr2099,avaConv,solar
BE,h6061,0.5563499715254787,scr2099,avaConv,solar
BE,h6062,0.5413555182439658,scr2099,avaConv,solar
BE,h6063,0.4632421163471631,scr2099,avaConv,solar
BE,h6064,0.3653050967774322,scr2099,avaConv,solar
BE,h6065,0.22880834568627542,scr2099,avaConv,solar
BE,h6066,0.11445133051962915,scr2099,avaConv,solar
BE,h6067,0.026445341853382254,scr2099,avaConv,solar
BE,h6068,0.004850063064012226,scr2099,avaConv,solar
BE,h6069,0.0,scr2099,avaConv,solar
BE,h6070,0.0,scr2099,avaConv,solar
BE,h6071,0.0,scr2099,avaConv,solar
BE,h6072,0.0,scr2099,avaConv,solar
BE,h6073,0.0,scr2099,avaConv,solar
BE,h6074,0.0,scr2099,avaConv,solar
BE,h6075,0.0,scr2099,avaConv,solar
BE,h6076,0.0,scr2099,avaConv,solar
BE,h6077,0.0,scr2099,avaConv,solar
BE,h6078,0.0,scr2099,avaConv,solar
BE,h6079,0.008158857378201791,scr2099,avaConv,solar
BE,h6080,0.03494829271234137,scr2099,avaConv,solar
BE,h6081,0.07049084464715917,scr2099,avaConv,solar
BE,h6082,0.13568466077768776,scr2099,avaConv,solar
BE,h6083,0.2450007814579086,scr2099,avaConv,solar
BE,h6084,0.36456069797331875,scr2099,avaConv,solar
BE,h6085,0.43499856531865533,scr2099,avaConv,solar
BE,h6086,0.4168990446846784,scr2099,avaConv,solar
BE,h6087,0.3399737023796553,scr2099,avaConv,solar
BE,h6088,0.24030425547844306,scr2099,avaConv,solar
BE,h6089,0.13122326707784848,scr2099,avaConv,solar
BE,h6090,0.05952107382379435,scr2099,avaConv,solar
BE,h6091,0.01581442941080798,scr2099,avaConv,solar
BE,h6092,0.002803274873203086,scr2099,avaConv,solar
BE,h6093,0.0,scr2099,avaConv,solar
BE,h6094,0.0,scr2099,avaConv,solar
BE,h6095,0.0,scr2099,avaConv,solar
BE,h6096,0.0,scr2099,avaConv,solar
BE,h6097,0.0,scr2099,avaConv,solar
BE,h6098,0.0,scr2099,avaConv,solar
BE,h6099,0.0,scr2099,avaConv,solar
BE,h6100,0.0,scr2099,avaConv,solar
BE,h6101,0.0,scr2099,avaConv,solar
BE,h6102,0.0,scr2099,avaConv,solar
BE,h6103,0.008532523167853115,scr2099,avaConv,solar
BE,h6104,0.04232963041656649,scr2099,avaConv,solar
BE,h6105,0.10599562205738758,scr2099,avaConv,solar
BE,h6106,0.18670215624146427,scr2099,avaConv,solar
BE,h6107,0.26546715298358897,scr2099,avaConv,solar
BE,h6108,0.35573281359725356,scr2099,avaConv,solar
BE,h6109,0.4251133900458598,scr2099,avaConv,solar
BE,h6110,0.44697223303347716,scr2099,avaConv,solar
BE,h6111,0.41995137456222753,scr2099,avaConv,solar
BE,h6112,0.35499294029521905,scr2099,avaConv,solar
BE,h6113,0.23723243914289666,scr2099,avaConv,solar
BE,h6114,0.11219640274147148,scr2099,avaConv,solar
BE,h6115,0.02378333753173104,scr2099,avaConv,solar
BE,h6116,0.0030067403128814286,scr2099,avaConv,solar
BE,h6117,0.0,scr2099,avaConv,solar
BE,h6118,0.0,scr2099,avaConv,solar
BE,h6119,0.0,scr2099,avaConv,solar
BE,h6120,0.0,scr2099,avaConv,solar
BE,h6121,0.0,scr2099,avaConv,solar
BE,h6122,0.0,scr2099,avaConv,solar
BE,h6123,0.0,scr2099,avaConv,solar
BE,h6124,0.0,scr2099,avaConv,solar
BE,h6125,0.0,scr2099,avaConv,solar
BE,h6126,0.00011160690077637027,scr2099,avaConv,solar
BE,h6127,0.016443623672874764,scr2099,avaConv,solar
BE,h6128,0.06559165419883935,scr2099,avaConv,solar
BE,h6129,0.1525941867957662,scr2099,avaConv,solar
BE,h6130,0.24551380395672415,scr2099,avaConv,solar
BE,h6131,0.31495703598005464,scr2099,avaConv,solar
BE,h6132,0.3507897317682379,scr2099,avaConv,solar
BE,h6133,0.3340902738350337,scr2099,avaConv,solar
BE,h6134,0.292797302250091,scr2099,avaConv,solar
BE,h6135,0.24063476974829417,scr2099,avaConv,solar
BE,h6136,0.192801514092161,scr2099,avaConv,solar
BE,h6137,0.12347760673404222,scr2099,avaConv,solar
BE,h6138,0.055187649417540355,scr2099,avaConv,solar
BE,h6139,0.011387709938640201,scr2099,avaConv,solar
BE,h6140,0.0008642627917395597,scr2099,avaConv,solar
BE,h6141,0.0,scr2099,avaConv,solar
BE,h6142,0.0,scr2099,avaConv,solar
BE,h6143,0.0,scr2099,avaConv,solar
BE,h6144,0.0,scr2099,avaConv,solar
BE,h6145,0.0,scr2099,avaConv,solar
BE,h6146,0.0,scr2099,avaConv,solar
BE,h6147,0.0,scr2099,avaConv,solar
BE,h6148,0.0,scr2099,avaConv,solar
BE,h6149,0.0,scr2099,avaConv,solar
BE,h6150,0.0,scr2099,avaConv,solar
BE,h6151,0.0020339062859459816,scr2099,avaConv,solar
BE,h6152,0.012500056434906209,scr2099,avaConv,solar
BE,h6153,0.036096568218689194,scr2099,avaConv,solar
BE,h6154,0.06904725057526113,scr2099,avaConv,solar
BE,h6155,0.10174451380844252,scr2099,avaConv,solar
BE,h6156,0.1309327179477698,scr2099,avaConv,solar
BE,h6157,0.1491460301792307,scr2099,avaConv,solar
BE,h6158,0.15822709802277019,scr2099,avaConv,solar
BE,h6159,0.14970431232356063,scr2099,avaConv,solar
BE,h6160,0.12955814803014254,scr2099,avaConv,solar
BE,h6161,0.08146727655420957,scr2099,avaConv,solar
BE,h6162,0.036392790791336956,scr2099,avaConv,solar
BE,h6163,0.005889007735288972,scr2099,avaConv,solar
BE,h6164,0.0002622302608116068,scr2099,avaConv,solar
BE,h6165,0.0,scr2099,avaConv,solar
BE,h6166,0.0,scr2099,avaConv,solar
BE,h6167,0.0,scr2099,avaConv,solar
BE,h6168,0.0,scr2099,avaConv,solar
BE,h6169,0.0,scr2099,avaConv,solar
BE,h6170,0.0,scr2099,avaConv,solar
BE,h6171,0.0,scr2099,avaConv,solar
BE,h6172,0.0,scr2099,avaConv,solar
BE,h6173,0.0,scr2099,avaConv,solar
BE,h6174,0.0,scr2099,avaConv,solar
BE,h6175,0.005381941125246727,scr2099,avaConv,solar
BE,h6176,0.02158276669467912,scr2099,avaConv,solar
BE,h6177,0.049553574516248235,scr2099,avaConv,solar
BE,h6178,0.09860510537031002,scr2099,avaConv,solar
BE,h6179,0.18325928055204227,scr2099,avaConv,solar
BE,h6180,0.2721701102906538,scr2099,avaConv,solar
BE,h6181,0.3304047814975545,scr2099,avaConv,solar
BE,h6182,0.32308212472516074,scr2099,avaConv,solar
BE,h6183,0.2868512761121642,scr2099,avaConv,solar
BE,h6184,0.22538271463140178,scr2099,avaConv,solar
BE,h6185,0.14159927572863168,scr2099,avaConv,solar
BE,h6186,0.06679089082786799,scr2099,avaConv,solar
BE,h6187,0.017050704687411374,scr2099,avaConv,solar
BE,h6188,0.0034067899889597183,scr2099,avaConv,solar
BE,h6189,0.0,scr2099,avaConv,solar
BE,h6190,0.0,scr2099,avaConv,solar
BE,h6191,0.0,scr2099,avaConv,solar
BE,h6192,0.0,scr2099,avaConv,solar
BE,h6193,0.0,scr2099,avaConv,solar
BE,h6194,0.0,scr2099,avaConv,solar
BE,h6195,0.0,scr2099,avaConv,solar
BE,h6196,0.0,scr2099,avaConv,solar
BE,h6197,0.0,scr2099,avaConv,solar
BE,h6198,0.0,scr2099,avaConv,solar
BE,h6199,0.007966931753298828,scr2099,avaConv,solar
BE,h6200,0.024215302726523388,scr2099,avaConv,solar
BE,h6201,0.04998810942111508,scr2099,avaConv,solar
BE,h6202,0.07249085838210352,scr2099,avaConv,solar
BE,h6203,0.09427839124261943,scr2099,avaConv,solar
BE,h6204,0.11066143843479334,scr2099,avaConv,solar
BE,h6205,0.12127577287522927,scr2099,avaConv,solar
BE,h6206,0.13232186706678384,scr2099,avaConv,solar
BE,h6207,0.1367764596711526,scr2099,avaConv,solar
BE,h6208,0.12987233543223767,scr2099,avaConv,solar
BE,h6209,0.09635368543954025,scr2099,avaConv,solar
BE,h6210,0.05044250724139088,scr2099,avaConv,solar
BE,h6211,0.01563909944826812,scr2099,avaConv,solar
BE,h6212,0.0010131860933393314,scr2099,avaConv,solar
BE,h6213,0.0,scr2099,avaConv,solar
BE,h6214,0.0,scr2099,avaConv,solar
BE,h6215,0.0,scr2099,avaConv,solar
BE,h6216,0.0,scr2099,avaConv,solar
BE,h6217,0.0,scr2099,avaConv,solar
BE,h6218,0.0,scr2099,avaConv,solar
BE,h6219,0.0,scr2099,avaConv,solar
BE,h6220,0.0,scr2099,avaConv,solar
BE,h6221,0.0,scr2099,avaConv,solar
BE,h6222,0.0,scr2099,avaConv,solar
BE,h6223,0.0009647686163085993,scr2099,avaConv,solar
BE,h6224,0.008111444221368832,scr2099,avaConv,solar
BE,h6225,0.02499669581673576,scr2099,avaConv,solar
BE,h6226,0.05288596348757599,scr2099,avaConv,solar
BE,h6227,0.09792502178695166,scr2099,avaConv,solar
BE,h6228,0.14604002057780543,scr2099,avaConv,solar
BE,h6229,0.1899089336136877,scr2099,avaConv,solar
BE,h6230,0.1832641642079525,scr2099,avaConv,solar
BE,h6231,0.1584079184913394,scr2099,avaConv,solar
BE,h6232,0.11149930096560141,scr2099,avaConv,solar
BE,h6233,0.07569956847148654,scr2099,avaConv,solar
BE,h6234,0.035531801734174244,scr2099,avaConv,solar
BE,h6235,0.011260597384285528,scr2099,avaConv,solar
BE,h6236,0.0008066706738051616,scr2099,avaConv,solar
BE,h6237,0.0,scr2099,avaConv,solar
BE,h6238,0.0,scr2099,avaConv,solar
BE,h6239,0.0,scr2099,avaConv,solar
BE,h6240,0.0,scr2099,avaConv,solar
BE,h6241,0.0,scr2099,avaConv,solar
BE,h6242,0.0,scr2099,avaConv,solar
BE,h6243,0.0,scr2099,avaConv,solar
BE,h6244,0.0,scr2099,avaConv,solar
BE,h6245,0.0,scr2099,avaConv,solar
BE,h6246,0.0,scr2099,avaConv,solar
BE,h6247,0.016069208517037442,scr2099,avaConv,solar
BE,h6248,0.08170150902066062,scr2099,avaConv,solar
BE,h6249,0.20420939548082423,scr2099,avaConv,solar
BE,h6250,0.34505452848928553,scr2099,avaConv,solar
BE,h6251,0.43651341269263655,scr2099,avaConv,solar
BE,h6252,0.4791794677096353,scr2099,avaConv,solar
BE,h6253,0.44500321647475993,scr2099,avaConv,solar
BE,h6254,0.3695165644613258,scr2099,avaConv,solar
BE,h6255,0.28066421727245217,scr2099,avaConv,solar
BE,h6256,0.20613732820863945,scr2099,avaConv,solar
BE,h6257,0.1369988197628386,scr2099,avaConv,solar
BE,h6258,0.06146632133904565,scr2099,avaConv,solar
BE,h6259,0.015393389846852937,scr2099,avaConv,solar
BE,h6260,0.00013394696059982478,scr2099,avaConv,solar
BE,h6261,0.0,scr2099,avaConv,solar
BE,h6262,0.0,scr2099,avaConv,solar
BE,h6263,0.0,scr2099,avaConv,solar
BE,h6264,0.0,scr2099,avaConv,solar
BE,h6265,0.0,scr2099,avaConv,solar
BE,h6266,0.0,scr2099,avaConv,solar
BE,h6267,0.0,scr2099,avaConv,solar
BE,h6268,0.0,scr2099,avaConv,solar
BE,h6269,0.0,scr2099,avaConv,solar
BE,h6270,0.0,scr2099,avaConv,solar
BE,h6271,0.00287763587826598,scr2099,avaConv,solar
BE,h6272,0.014028372534302537,scr2099,avaConv,solar
BE,h6273,0.038915681147027904,scr2099,avaConv,solar
BE,h6274,0.07759677548172268,scr2099,avaConv,solar
BE,h6275,0.12503539138464453,scr2099,avaConv,solar
BE,h6276,0.17117039975391463,scr2099,avaConv,solar
BE,h6277,0.19618741575952311,scr2099,avaConv,solar
BE,h6278,0.19660842835004272,scr2099,avaConv,solar
BE,h6279,0.17554870164310238,scr2099,avaConv,solar
BE,h6280,0.16612169310643712,scr2099,avaConv,solar
BE,h6281,0.1255413830446243,scr2099,avaConv,solar
BE,h6282,0.07303934329591792,scr2099,avaConv,solar
BE,h6283,0.01833694687504155,scr2099,avaConv,solar
BE,h6284,0.0007147666496230627,scr2099,avaConv,solar
BE,h6285,0.0,scr2099,avaConv,solar
BE,h6286,0.0,scr2099,avaConv,solar
BE,h6287,0.0,scr2099,avaConv,solar
BE,h6288,0.0,scr2099,avaConv,solar
BE,h6289,0.0,scr2099,avaConv,solar
BE,h6290,0.0,scr2099,avaConv,solar
BE,h6291,0.0,scr2099,avaConv,solar
BE,h6292,0.0,scr2099,avaConv,solar
BE,h6293,0.0,scr2099,avaConv,solar
BE,h6294,0.0,scr2099,avaConv,solar
BE,h6295,0.007399730164431424,scr2099,avaConv,solar
BE,h6296,0.04391192436078018,scr2099,avaConv,solar
BE,h6297,0.11750635634149309,scr2099,avaConv,solar
BE,h6298,0.2092088835304034,scr2099,avaConv,solar
BE,h6299,0.2887120922222265,scr2099,avaConv,solar
BE,h6300,0.3440831096735512,scr2099,avaConv,solar
BE,h6301,0.3915675524612863,scr2099,avaConv,solar
BE,h6302,0.41255850488562384,scr2099,avaConv,solar
BE,h6303,0.40602620431570796,scr2099,avaConv,solar
BE,h6304,0.3518321614822152,scr2099,avaConv,solar
BE,h6305,0.2451128424939585,scr2099,avaConv,solar
BE,h6306,0.11999128744217474,scr2099,avaConv,solar
BE,h6307,0.03148413987755296,scr2099,avaConv,solar
BE,h6308,0.0011107590900744984,scr2099,avaConv,solar
BE,h6309,0.0,scr2099,avaConv,solar
BE,h6310,0.0,scr2099,avaConv,solar
BE,h6311,0.0,scr2099,avaConv,solar
BE,h6312,0.0,scr2099,avaConv,solar
BE,h6313,0.0,scr2099,avaConv,solar
BE,h6314,0.0,scr2099,avaConv,solar
BE,h6315,0.0,scr2099,avaConv,solar
BE,h6316,0.0,scr2099,avaConv,solar
BE,h6317,0.0,scr2099,avaConv,solar
BE,h6318,0.0,scr2099,avaConv,solar
BE,h6319,0.019078899492391884,scr2099,avaConv,solar
BE,h6320,0.0888810689374229,scr2099,avaConv,solar
BE,h6321,0.21634144767843017,scr2099,avaConv,solar
BE,h6322,0.3660378238055057,scr2099,avaConv,solar
BE,h6323,0.49725444137557157,scr2099,avaConv,solar
BE,h6324,0.5971020339043617,scr2099,avaConv,solar
BE,h6325,0.6561658434245601,scr2099,avaConv,solar
BE,h6326,0.6664657462887625,scr2099,avaConv,solar
BE,h6327,0.6224483336252042,scr2099,avaConv,solar
BE,h6328,0.5211824854198183,scr2099,avaConv,solar
BE,h6329,0.3431723454639583,scr2099,avaConv,solar
BE,h6330,0.15821657688786564,scr2099,avaConv,solar
BE,h6331,0.03652850117164556,scr2099,avaConv,solar
BE,h6332,0.0009616964926639144,scr2099,avaConv,solar
BE,h6333,0.0,scr2099,avaConv,solar
BE,h6334,0.0,scr2099,avaConv,solar
BE,h6335,0.0,scr2099,avaConv,solar
BE,h6336,0.0,scr2099,avaConv,solar
BE,h6337,0.0,scr2099,avaConv,solar
BE,h6338,0.0,scr2099,avaConv,solar
BE,h6339,0.0,scr2099,avaConv,solar
BE,h6340,0.0,scr2099,avaConv,solar
BE,h6341,0.0,scr2099,avaConv,solar
BE,h6342,0.0,scr2099,avaConv,solar
BE,h6343,0.01575011688031501,scr2099,avaConv,solar
BE,h6344,0.07195567480064623,scr2099,avaConv,solar
BE,h6345,0.16820752033609965,scr2099,avaConv,solar
BE,h6346,0.2748375419076914,scr2099,avaConv,solar
BE,h6347,0.36412714827122467,scr2099,avaConv,solar
BE,h6348,0.4613927020555384,scr2099,avaConv,solar
BE,h6349,0.5376339235937709,scr2099,avaConv,solar
BE,h6350,0.5809677331689559,scr2099,avaConv,solar
BE,h6351,0.5562666972134804,scr2099,avaConv,solar
BE,h6352,0.4842832354896444,scr2099,avaConv,solar
BE,h6353,0.3248078017835243,scr2099,avaConv,solar
BE,h6354,0.1529458199539279,scr2099,avaConv,solar
BE,h6355,0.03254750689399376,scr2099,avaConv,solar
BE,h6356,0.0007524343273722345,scr2099,avaConv,solar
BE,h6357,0.0,scr2099,avaConv,solar
BE,h6358,0.0,scr2099,avaConv,solar
BE,h6359,0.0,scr2099,avaConv,solar
BE,h6360,0.0,scr2099,avaConv,solar
BE,h6361,0.0,scr2099,avaConv,solar
BE,h6362,0.0,scr2099,avaConv,solar
BE,h6363,0.0,scr2099,avaConv,solar
BE,h6364,0.0,scr2099,avaConv,solar
BE,h6365,0.0,scr2099,avaConv,solar
BE,h6366,0.0,scr2099,avaConv,solar
BE,h6367,0.01561997549289931,scr2099,avaConv,solar
BE,h6368,0.07971874110658109,scr2099,avaConv,solar
BE,h6369,0.20024693884795006,scr2099,avaConv,solar
BE,h6370,0.3451155471701968,scr2099,avaConv,solar
BE,h6371,0.4756332751763252,scr2099,avaConv,solar
BE,h6372,0.5794207197757463,scr2099,avaConv,solar
BE,h6373,0.6472742535449639,scr2099,avaConv,solar
BE,h6374,0.6640806432914028,scr2099,avaConv,solar
BE,h6375,0.623978200499796,scr2099,avaConv,solar
BE,h6376,0.5249464579765633,scr2099,avaConv,solar
BE,h6377,0.3373912042265811,scr2099,avaConv,solar
BE,h6378,0.15068568817116415,scr2099,avaConv,solar
BE,h6379,0.029129863034269312,scr2099,avaConv,solar
BE,h6380,0.0005302762392330189,scr2099,avaConv,solar
BE,h6381,0.0,scr2099,avaConv,solar
BE,h6382,0.0,scr2099,avaConv,solar
BE,h6383,0.0,scr2099,avaConv,solar
BE,h6384,0.0,scr2099,avaConv,solar
BE,h6385,0.0,scr2099,avaConv,solar
BE,h6386,0.0,scr2099,avaConv,solar
BE,h6387,0.0,scr2099,avaConv,solar
BE,h6388,0.0,scr2099,avaConv,solar
BE,h6389,0.0,scr2099,avaConv,solar
BE,h6390,0.0,scr2099,avaConv,solar
BE,h6391,0.01119538523081519,scr2099,avaConv,solar
BE,h6392,0.056092303393971164,scr2099,avaConv,solar
BE,h6393,0.13759901418955797,scr2099,avaConv,solar
BE,h6394,0.24110170493702823,scr2099,avaConv,solar
BE,h6395,0.33273006457743465,scr2099,avaConv,solar
BE,h6396,0.41487826368201264,scr2099,avaConv,solar
BE,h6397,0.4739940498252919,scr2099,avaConv,solar
BE,h6398,0.5103875395982027,scr2099,avaConv,solar
BE,h6399,0.5011177827661755,scr2099,avaConv,solar
BE,h6400,0.43460355887926283,scr2099,avaConv,solar
BE,h6401,0.28257744790195943,scr2099,avaConv,solar
BE,h6402,0.12567065266659208,scr2099,avaConv,solar
BE,h6403,0.02417991127111965,scr2099,avaConv,solar
BE,h6404,0.0001512648187177066,scr2099,avaConv,solar
BE,h6405,0.0,scr2099,avaConv,solar
BE,h6406,0.0,scr2099,avaConv,solar
BE,h6407,0.0,scr2099,avaConv,solar
BE,h6408,0.0,scr2099,avaConv,solar
BE,h6409,0.0,scr2099,avaConv,solar
BE,h6410,0.0,scr2099,avaConv,solar
BE,h6411,0.0,scr2099,avaConv,solar
BE,h6412,0.0,scr2099,avaConv,solar
BE,h6413,0.0,scr2099,avaConv,solar
BE,h6414,0.0,scr2099,avaConv,solar
BE,h6415,0.011991167344885726,scr2099,avaConv,solar
BE,h6416,0.06495955419016586,scr2099,avaConv,solar
BE,h6417,0.1666097696751226,scr2099,avaConv,solar
BE,h6418,0.29934659925130974,scr2099,avaConv,solar
BE,h6419,0.4315195903407446,scr2099,avaConv,solar
BE,h6420,0.5458564502182026,scr2099,avaConv,solar
BE,h6421,0.6187244019706484,scr2099,avaConv,solar
BE,h6422,0.624703739758504,scr2099,avaConv,solar
BE,h6423,0.5752998653840294,scr2099,avaConv,solar
BE,h6424,0.4787515848599883,scr2099,avaConv,solar
BE,h6425,0.30945136162137077,scr2099,avaConv,solar
BE,h6426,0.13940101529528245,scr2099,avaConv,solar
BE,h6427,0.026341232017800642,scr2099,avaConv,solar
BE,h6428,0.00020041674104150247,scr2099,avaConv,solar
BE,h6429,0.0,scr2099,avaConv,solar
BE,h6430,0.0,scr2099,avaConv,solar
BE,h6431,0.0,scr2099,avaConv,solar
BE,h6432,0.0,scr2099,avaConv,solar
BE,h6433,0.0,scr2099,avaConv,solar
BE,h6434,0.0,scr2099,avaConv,solar
BE,h6435,0.0,scr2099,avaConv,solar
BE,h6436,0.0,scr2099,avaConv,solar
BE,h6437,0.0,scr2099,avaConv,solar
BE,h6438,0.0,scr2099,avaConv,solar
BE,h6439,0.01135774877490926,scr2099,avaConv,solar
BE,h6440,0.06091278305290446,scr2099,avaConv,solar
BE,h6441,0.15631914453747325,scr2099,avaConv,solar
BE,h6442,0.2808292005027928,scr2099,avaConv,solar
BE,h6443,0.39405845174438114,scr2099,avaConv,solar
BE,h6444,0.5098840849337516,scr2099,avaConv,solar
BE,h6445,0.5970289780273326,scr2099,avaConv,solar
BE,h6446,0.6425713559615092,scr2099,avaConv,solar
BE,h6447,0.6091911614223785,scr2099,avaConv,solar
BE,h6448,0.5122863339538647,scr2099,avaConv,solar
BE,h6449,0.31866329558841655,scr2099,avaConv,solar
BE,h6450,0.13715050872687473,scr2099,avaConv,solar
BE,h6451,0.020530675452190672,scr2099,avaConv,solar
BE,h6452,0.0,scr2099,avaConv,solar
BE,h6453,0.0,scr2099,avaConv,solar
BE,h6454,0.0,scr2099,avaConv,solar
BE,h6455,0.0,scr2099,avaConv,solar
BE,h6456,0.0,scr2099,avaConv,solar
BE,h6457,0.0,scr2099,avaConv,solar
BE,h6458,0.0,scr2099,avaConv,solar
BE,h6459,0.0,scr2099,avaConv,solar
BE,h6460,0.0,scr2099,avaConv,solar
BE,h6461,0.0,scr2099,avaConv,solar
BE,h6462,0.0,scr2099,avaConv,solar
BE,h6463,0.0009334870145225304,scr2099,avaConv,solar
BE,h6464,0.011356852180936534,scr2099,avaConv,solar
BE,h6465,0.03556234639692123,scr2099,avaConv,solar
BE,h6466,0.07979468208232558,scr2099,avaConv,solar
BE,h6467,0.13709258840708885,scr2099,avaConv,solar
BE,h6468,0.19052397660550577,scr2099,avaConv,solar
BE,h6469,0.23232089268692113,scr2099,avaConv,solar
BE,h6470,0.23859206855908066,scr2099,avaConv,solar
BE,h6471,0.24897568727078526,scr2099,avaConv,solar
BE,h6472,0.22409557177960238,scr2099,avaConv,solar
BE,h6473,0.15395478443755425,scr2099,avaConv,solar
BE,h6474,0.06448406850503607,scr2099,avaConv,solar
BE,h6475,0.008273870520493323,scr2099,avaConv,solar
BE,h6476,0.0,scr2099,avaConv,solar
BE,h6477,0.0,scr2099,avaConv,solar
BE,h6478,0.0,scr2099,avaConv,solar
BE,h6479,0.0,scr2099,avaConv,solar
BE,h6480,0.0,scr2099,avaConv,solar
BE,h6481,0.0,scr2099,avaConv,solar
BE,h6482,0.0,scr2099,avaConv,solar
BE,h6483,0.0,scr2099,avaConv,solar
BE,h6484,0.0,scr2099,avaConv,solar
BE,h6485,0.0,scr2099,avaConv,solar
BE,h6486,0.0,scr2099,avaConv,solar
BE,h6487,0.009651937640813719,scr2099,avaConv,solar
BE,h6488,0.06417928725562,scr2099,avaConv,solar
BE,h6489,0.17303603202281653,scr2099,avaConv,solar
BE,h6490,0.3159888258402931,scr2099,avaConv,solar
BE,h6491,0.44071545696238223,scr2099,avaConv,solar
BE,h6492,0.5336228690642326,scr2099,avaConv,solar
BE,h6493,0.5924892469515931,scr2099,avaConv,solar
BE,h6494,0.606435330693388,scr2099,avaConv,solar
BE,h6495,0.5721321653279586,scr2099,avaConv,solar
BE,h6496,0.47612554795936696,scr2099,avaConv,solar
BE,h6497,0.2926544785920994,scr2099,avaConv,solar
BE,h6498,0.12244428025882305,scr2099,avaConv,solar
BE,h6499,0.017270106065789152,scr2099,avaConv,solar
BE,h6500,0.0,scr2099,avaConv,solar
BE,h6501,0.0,scr2099,avaConv,solar
BE,h6502,0.0,scr2099,avaConv,solar
BE,h6503,0.0,scr2099,avaConv,solar
BE,h6504,0.0,scr2099,avaConv,solar
BE,h6505,0.0,scr2099,avaConv,solar
BE,h6506,0.0,scr2099,avaConv,solar
BE,h6507,0.0,scr2099,avaConv,solar
BE,h6508,0.0,scr2099,avaConv,solar
BE,h6509,0.0,scr2099,avaConv,solar
BE,h6510,0.0,scr2099,avaConv,solar
BE,h6511,0.0033626995677343862,scr2099,avaConv,solar
BE,h6512,0.025190718543039434,scr2099,avaConv,solar
BE,h6513,0.07186816839820326,scr2099,avaConv,solar
BE,h6514,0.12740019898854968,scr2099,avaConv,solar
BE,h6515,0.16655660467870728,scr2099,avaConv,solar
BE,h6516,0.17225535766568909,scr2099,avaConv,solar
BE,h6517,0.15857904649315754,scr2099,avaConv,solar
BE,h6518,0.13434031900389515,scr2099,avaConv,solar
BE,h6519,0.12192874780472499,scr2099,avaConv,solar
BE,h6520,0.11241529917519305,scr2099,avaConv,solar
BE,h6521,0.07711268200273165,scr2099,avaConv,solar
BE,h6522,0.035581565472454564,scr2099,avaConv,solar
BE,h6523,0.004175084676799874,scr2099,avaConv,solar
BE,h6524,0.0,scr2099,avaConv,solar
BE,h6525,0.0,scr2099,avaConv,solar
BE,h6526,0.0,scr2099,avaConv,solar
BE,h6527,0.0,scr2099,avaConv,solar
BE,h6528,0.0,scr2099,avaConv,solar
BE,h6529,0.0,scr2099,avaConv,solar
BE,h6530,0.0,scr2099,avaConv,solar
BE,h6531,0.0,scr2099,avaConv,solar
BE,h6532,0.0,scr2099,avaConv,solar
BE,h6533,0.0,scr2099,avaConv,solar
BE,h6534,0.0,scr2099,avaConv,solar
BE,h6535,0.0016408354340207878,scr2099,avaConv,solar
BE,h6536,0.020621237902274474,scr2099,avaConv,solar
BE,h6537,0.06651063585743915,scr2099,avaConv,solar
BE,h6538,0.14192108593584446,scr2099,avaConv,solar
BE,h6539,0.21960597321407974,scr2099,avaConv,solar
BE,h6540,0.27519542133826624,scr2099,avaConv,solar
BE,h6541,0.2993060346860291,scr2099,avaConv,solar
BE,h6542,0.2662609019503941,scr2099,avaConv,solar
BE,h6543,0.18662215904036877,scr2099,avaConv,solar
BE,h6544,0.09627178394983903,scr2099,avaConv,solar
BE,h6545,0.03308190579969683,scr2099,avaConv,solar
BE,h6546,0.00935234192361794,scr2099,avaConv,solar
BE,h6547,0.0008049331005852869,scr2099,avaConv,solar
BE,h6548,0.0,scr2099,avaConv,solar
BE,h6549,0.0,scr2099,avaConv,solar
BE,h6550,0.0,scr2099,avaConv,solar
BE,h6551,0.0,scr2099,avaConv,solar
BE,h6552,0.0,scr2099,avaConv,solar
BG,h5809,0.0,scr2099,avaConv,solar
BG,h5810,0.0,scr2099,avaConv,solar
BG,h5811,0.0,scr2099,avaConv,solar
BG,h5812,0.0,scr2099,avaConv,solar
BG,h5813,0.012200164748627784,scr2099,avaConv,solar
BG,h5814,0.0711994516905797,scr2099,avaConv,solar
BG,h5815,0.18389620520502997,scr2099,avaConv,solar
BG,h5816,0.3325080676823334,scr2099,avaConv,solar
BG,h5817,0.4718084818338503,scr2099,avaConv,solar
BG,h5818,0.5866840062206647,scr2099,avaConv,solar
BG,h5819,0.6631716239881505,scr2099,avaConv,solar
BG,h5820,0.6873056596223396,scr2099,avaConv,solar
BG,h5821,0.6603201779635984,scr2099,avaConv,solar
BG,h5822,0.57839618672838,scr2099,avaConv,solar
BG,h5823,0.443189512684344,scr2099,avaConv,solar
BG,h5824,0.23651381132491522,scr2099,avaConv,solar
BG,h5825,0.09044372701783998,scr2099,avaConv,solar
BG,h5826,0.007390407328361502,scr2099,avaConv,solar
BG,h5827,0.004950264304251577,scr2099,avaConv,solar
BG,h5828,0.0,scr2099,avaConv,solar
BG,h5829,0.0,scr2099,avaConv,solar
BG,h5830,0.0,scr2099,avaConv,solar
BG,h5831,0.0,scr2099,avaConv,solar
BG,h5832,0.0,scr2099,avaConv,solar
BG,h5833,0.0,scr2099,avaConv,solar
BG,h5834,0.0,scr2099,avaConv,solar
BG,h5835,0.0,scr2099,avaConv,solar
BG,h5836,0.0,scr2099,avaConv,solar
BG,h5837,0.012006331569746393,scr2099,avaConv,solar
BG,h5838,0.07159010360590579,scr2099,avaConv,solar
BG,h5839,0.18571829077968013,scr2099,avaConv,solar
BG,h5840,0.3365663162393285,scr2099,avaConv,solar
BG,h5841,0.4776519295136494,scr2099,avaConv,solar
BG,h5842,0.5936730563047025,scr2099,avaConv,solar
BG,h5843,0.6710389767332795,scr2099,avaConv,solar
BG,h5844,0.6945878380552416,scr2099,avaConv,solar
BG,h5845,0.6667398264610406,scr2099,avaConv,solar
BG,h5846,0.5832930604877679,scr2099,avaConv,solar
BG,h5847,0.4473770680967533,scr2099,avaConv,solar
BG,h5848,0.23861211806361246,scr2099,avaConv,solar
BG,h5849,0.09093459924211074,scr2099,avaConv,solar
BG,h5850,0.006989691008066958,scr2099,avaConv,solar
BG,h5851,0.00470053130200742,scr2099,avaConv,solar
BG,h5852,0.0,scr2099,avaConv,solar
BG,h5853,0.0,scr2099,avaConv,solar
BG,h5854,0.0,scr2099,avaConv,solar
BG,h5855,0.0,scr2099,avaConv,solar
BG,h5856,0.0,scr2099,avaConv,solar
BG,h5857,0.0,scr2099,avaConv,solar
BG,h5858,0.0,scr2099,avaConv,solar
BG,h5859,0.0,scr2099,avaConv,solar
BG,h5860,0.0,scr2099,avaConv,solar
BG,h5861,0.011960290274594707,scr2099,avaConv,solar
BG,h5862,0.07229935079647098,scr2099,avaConv,solar
BG,h5863,0.18811896200423253,scr2099,avaConv,solar
BG,h5864,0.3412115661473971,scr2099,avaConv,solar
BG,h5865,0.48440735918220434,scr2099,avaConv,solar
BG,h5866,0.602137592969587,scr2099,avaConv,solar
BG,h5867,0.6814792819132228,scr2099,avaConv,solar
BG,h5868,0.7052615973725234,scr2099,avaConv,solar
BG,h5869,0.6766889234544803,scr2099,avaConv,solar
BG,h5870,0.5910881199462652,scr2099,avaConv,solar
BG,h5871,0.4535473302074449,scr2099,avaConv,solar
BG,h5872,0.24186890066106612,scr2099,avaConv,solar
BG,h5873,0.09197609163974033,scr2099,avaConv,solar
BG,h5874,0.006748013584847062,scr2099,avaConv,solar
BG,h5875,0.004495712768517098,scr2099,avaConv,solar
BG,h5876,0.0,scr2099,avaConv,solar
BG,h5877,0.0,scr2099,avaConv,solar
BG,h5878,0.0,scr2099,avaConv,solar
BG,h5879,0.0,scr2099,avaConv,solar
BG,h5880,0.0,scr2099,avaConv,solar
BG,h5881,0.0,scr2099,avaConv,solar
BG,h5882,0.0,scr2099,avaConv,solar
BG,h5883,0.0,scr2099,avaConv,solar
BG,h5884,0.0,scr2099,avaConv,solar
BG,h5885,0.01037423758887524,scr2099,avaConv,solar
BG,h5886,0.0676341003223099,scr2099,avaConv,solar
BG,h5887,0.1784906427639567,scr2099,avaConv,solar
BG,h5888,0.3276134853434351,scr2099,avaConv,solar
BG,h5889,0.4654228734897428,scr2099,avaConv,solar
BG,h5890,0.5782978908645919,scr2099,avaConv,solar
BG,h5891,0.6522609595334685,scr2099,avaConv,solar
BG,h5892,0.6759523937839775,scr2099,avaConv,solar
BG,h5893,0.6488657232052252,scr2099,avaConv,solar
BG,h5894,0.5687637857022478,scr2099,avaConv,solar
BG,h5895,0.43522117467767196,scr2099,avaConv,solar
BG,h5896,0.23171840087023085,scr2099,avaConv,solar
BG,h5897,0.08539113052662978,scr2099,avaConv,solar
BG,h5898,0.004843482945476158,scr2099,avaConv,solar
BG,h5899,0.0029311215503488733,scr2099,avaConv,solar
BG,h5900,0.0,scr2099,avaConv,solar
BG,h5901,0.0,scr2099,avaConv,solar
BG,h5902,0.0,scr2099,avaConv,solar
BG,h5903,0.0,scr2099,avaConv,solar
BG,h5904,0.0,scr2099,avaConv,solar
BG,h5905,0.0,scr2099,avaConv,solar
BG,h5906,0.0,scr2099,avaConv,solar
BG,h5907,0.0,scr2099,avaConv,solar
BG,h5908,0.0,scr2099,avaConv,solar
BG,h5909,0.008143651306055402,scr2099,avaConv,solar
BG,h5910,0.060963371480010506,scr2099,avaConv,solar
BG,h5911,0.16563667082679007,scr2099,avaConv,solar
BG,h5912,0.31165088514652345,scr2099,avaConv,solar
BG,h5913,0.4473300837223563,scr2099,avaConv,solar
BG,h5914,0.561088600128938,scr2099,avaConv,solar
BG,h5915,0.6362135114328945,scr2099,avaConv,solar
BG,h5916,0.6637540153966003,scr2099,avaConv,solar
BG,h5917,0.6384882657812,scr2099,avaConv,solar
BG,h5918,0.5531636899190324,scr2099,avaConv,solar
BG,h5919,0.41428166259615434,scr2099,avaConv,solar
BG,h5920,0.21835977802684473,scr2099,avaConv,solar
BG,h5921,0.07930115117440353,scr2099,avaConv,solar
BG,h5922,0.005462481729324217,scr2099,avaConv,solar
BG,h5923,0.001537729559157518,scr2099,avaConv,solar
BG,h5924,0.0,scr2099,avaConv,solar
BG,h5925,0.0,scr2099,avaConv,solar
BG,h5926,0.0,scr2099,avaConv,solar
BG,h5927,0.0,scr2099,avaConv,solar
BG,h5928,0.0,scr2099,avaConv,solar
BG,h5929,0.0,scr2099,avaConv,solar
BG,h5930,0.0,scr2099,avaConv,solar
BG,h5931,0.0,scr2099,avaConv,solar
BG,h5932,0.0,scr2099,avaConv,solar
BG,h5933,0.006899157307700568,scr2099,avaConv,solar
BG,h5934,0.05406723453277895,scr2099,avaConv,solar
BG,h5935,0.14779066951980663,scr2099,avaConv,solar
BG,h5936,0.28068951570270667,scr2099,avaConv,solar
BG,h5937,0.4005358365893361,scr2099,avaConv,solar
BG,h5938,0.5107086016947213,scr2099,avaConv,solar
BG,h5939,0.5874463932609877,scr2099,avaConv,solar
BG,h5940,0.6223817140408254,scr2099,avaConv,solar
BG,h5941,0.6008946917942429,scr2099,avaConv,solar
BG,h5942,0.5373351268687334,scr2099,avaConv,solar
BG,h5943,0.42160303161661794,scr2099,avaConv,solar
BG,h5944,0.23617317730411042,scr2099,avaConv,solar
BG,h5945,0.08904947344641755,scr2099,avaConv,solar
BG,h5946,0.007278524330971648,scr2099,avaConv,solar
BG,h5947,0.002216939548517972,scr2099,avaConv,solar
BG,h5948,0.0,scr2099,avaConv,solar
BG,h5949,0.0,scr2099,avaConv,solar
BG,h5950,0.0,scr2099,avaConv,solar
BG,h5951,0.0,scr2099,avaConv,solar
BG,h5952,0.0,scr2099,avaConv,solar
BG,h5953,0.0,scr2099,avaConv,solar
BG,h5954,0.0,scr2099,avaConv,solar
BG,h5955,0.0,scr2099,avaConv,solar
BG,h5956,0.0,scr2099,avaConv,solar
BG,h5957,0.007596556412256553,scr2099,avaConv,solar
BG,h5958,0.061513684988467376,scr2099,avaConv,solar
BG,h5959,0.16907435459502415,scr2099,avaConv,solar
BG,h5960,0.3209618447531711,scr2099,avaConv,solar
BG,h5961,0.46182279465345816,scr2099,avaConv,solar
BG,h5962,0.5796742930734404,scr2099,avaConv,solar
BG,h5963,0.657742610480363,scr2099,avaConv,solar
BG,h5964,0.6870855807937715,scr2099,avaConv,solar
BG,h5965,0.6632970968266806,scr2099,avaConv,solar
BG,h5966,0.5861185386725357,scr2099,avaConv,solar
BG,h5967,0.45207900116954997,scr2099,avaConv,solar
BG,h5968,0.2484700873568188,scr2099,avaConv,solar
BG,h5969,0.09407809840701399,scr2099,avaConv,solar
BG,h5970,0.007931833616459166,scr2099,avaConv,solar
BG,h5971,0.0021853798946561954,scr2099,avaConv,solar
BG,h5972,0.0,scr2099,avaConv,solar
BG,h5973,0.0,scr2099,avaConv,solar
BG,h5974,0.0,scr2099,avaConv,solar
BG,h5975,0.0,scr2099,avaConv,solar
BG,h5976,0.0,scr2099,avaConv,solar
BG,h5977,0.0,scr2099,avaConv,solar
BG,h5978,0.0,scr2099,avaConv,solar
BG,h5979,0.0,scr2099,avaConv,solar
BG,h5980,0.0,scr2099,avaConv,solar
BG,h5981,0.007215536322248689,scr2099,avaConv,solar
BG,h5982,0.061076788809898794,scr2099,avaConv,solar
BG,h5983,0.16885533382951554,scr2099,avaConv,solar
BG,h5984,0.32165523067467183,scr2099,avaConv,solar
BG,h5985,0.46280163460274093,scr2099,avaConv,solar
BG,h5986,0.5809357885077299,scr2099,avaConv,solar
BG,h5987,0.6590795437031481,scr2099,avaConv,solar
BG,h5988,0.6888845547639132,scr2099,avaConv,solar
BG,h5989,0.6649951907323136,scr2099,avaConv,solar
BG,h5990,0.5879735004827074,scr2099,avaConv,solar
BG,h5991,0.45378643209401537,scr2099,avaConv,solar
BG,h5992,0.2593881497376587,scr2099,avaConv,solar
BG,h5993,0.10282207224544745,scr2099,avaConv,solar
BG,h5994,0.014293416421010657,scr2099,avaConv,solar
BG,h5995,0.001830982744274918,scr2099,avaConv,solar
BG,h5996,0.0,scr2099,avaConv,solar
BG,h5997,0.0,scr2099,avaConv,solar
BG,h5998,0.0,scr2099,avaConv,solar
BG,h5999,0.0,scr2099,avaConv,solar
BG,h6000,0.0,scr2099,avaConv,solar
BG,h6001,0.0,scr2099,avaConv,solar
BG,h6002,0.0,scr2099,avaConv,solar
BG,h6003,0.0,scr2099,avaConv,solar
BG,h6004,0.0,scr2099,avaConv,solar
BG,h6005,0.006447569860402849,scr2099,avaConv,solar
BG,h6006,0.05922173978983628,scr2099,avaConv,solar
BG,h6007,0.16574290000326672,scr2099,avaConv,solar
BG,h6008,0.31830397392313886,scr2099,avaConv,solar
BG,h6009,0.4589763076570798,scr2099,avaConv,solar
BG,h6010,0.5770757529047128,scr2099,avaConv,solar
BG,h6011,0.6552795887319934,scr2099,avaConv,solar
BG,h6012,0.6856147377194141,scr2099,avaConv,solar
BG,h6013,0.6620163323191142,scr2099,avaConv,solar
BG,h6014,0.5857711452574482,scr2099,avaConv,solar
BG,h6015,0.45245850819686156,scr2099,avaConv,solar
BG,h6016,0.2637215132726733,scr2099,avaConv,solar
BG,h6017,0.1064838076470666,scr2099,avaConv,solar
BG,h6018,0.017300527300541414,scr2099,avaConv,solar
BG,h6019,0.001465004178337012,scr2099,avaConv,solar
BG,h6020,0.0,scr2099,avaConv,solar
BG,h6021,0.0,scr2099,avaConv,solar
BG,h6022,0.0,scr2099,avaConv,solar
BG,h6023,0.0,scr2099,avaConv,solar
BG,h6024,0.0,scr2099,avaConv,solar
BG,h6025,0.0,scr2099,avaConv,solar
BG,h6026,0.0,scr2099,avaConv,solar
BG,h6027,0.0,scr2099,avaConv,solar
BG,h6028,0.0,scr2099,avaConv,solar
BG,h6029,0.005787273036156282,scr2099,avaConv,solar
BG,h6030,0.05731082631845614,scr2099,avaConv,solar
BG,h6031,0.1627802302770929,scr2099,avaConv,solar
BG,h6032,0.315522704802147,scr2099,avaConv,solar
BG,h6033,0.4565622022627698,scr2099,avaConv,solar
BG,h6034,0.5748099372358926,scr2099,avaConv,solar
BG,h6035,0.6530782151299893,scr2099,avaConv,solar
BG,h6036,0.6837973600603963,scr2099,avaConv,solar
BG,h6037,0.660424966628136,scr2099,avaConv,solar
BG,h6038,0.5844605527935111,scr2099,avaConv,solar
BG,h6039,0.45158541489221443,scr2099,avaConv,solar
BG,h6040,0.26342780657987475,scr2099,avaConv,solar
BG,h6041,0.10590007019109225,scr2099,avaConv,solar
BG,h6042,0.016877293768104127,scr2099,avaConv,solar
BG,h6043,0.0011164532318391773,scr2099,avaConv,solar
BG,h6044,0.0,scr2099,avaConv,solar
BG,h6045,0.0,scr2099,avaConv,solar
BG,h6046,0.0,scr2099,avaConv,solar
BG,h6047,0.0,scr2099,avaConv,solar
BG,h6048,0.0,scr2099,avaConv,solar
BG,h6049,0.0,scr2099,avaConv,solar
BG,h6050,0.0,scr2099,avaConv,solar
BG,h6051,0.0,scr2099,avaConv,solar
BG,h6052,0.0,scr2099,avaConv,solar
BG,h6053,0.005018176966489212,scr2099,avaConv,solar
BG,h6054,0.05412895412328873,scr2099,avaConv,solar
BG,h6055,0.15604054590930702,scr2099,avaConv,solar
BG,h6056,0.30466379843393315,scr2099,avaConv,solar
BG,h6057,0.4413642234786958,scr2099,avaConv,solar
BG,h6058,0.5558009871085777,scr2099,avaConv,solar
BG,h6059,0.6310802365646476,scr2099,avaConv,solar
BG,h6060,0.6610238319439906,scr2099,avaConv,solar
BG,h6061,0.6244381666882117,scr2099,avaConv,solar
BG,h6062,0.5414895179043931,scr2099,avaConv,solar
BG,h6063,0.4138402421814353,scr2099,avaConv,solar
BG,h6064,0.25016369575529895,scr2099,avaConv,solar
BG,h6065,0.10600934246333278,scr2099,avaConv,solar
BG,h6066,0.019246745513047364,scr2099,avaConv,solar
BG,h6067,0.0007835579796344256,scr2099,avaConv,solar
BG,h6068,0.0,scr2099,avaConv,solar
BG,h6069,0.0,scr2099,avaConv,solar
BG,h6070,0.0,scr2099,avaConv,solar
BG,h6071,0.0,scr2099,avaConv,solar
BG,h6072,0.0,scr2099,avaConv,solar
BG,h6073,0.0,scr2099,avaConv,solar
BG,h6074,0.0,scr2099,avaConv,solar
BG,h6075,0.0,scr2099,avaConv,solar
BG,h6076,0.0,scr2099,avaConv,solar
BG,h6077,0.004366132549942078,scr2099,avaConv,solar
BG,h6078,0.05269968198117379,scr2099,avaConv,solar
BG,h6079,0.15497540016209294,scr2099,avaConv,solar
BG,h6080,0.3072417361270037,scr2099,avaConv,solar
BG,h6081,0.4498151270732745,scr2099,avaConv,solar
BG,h6082,0.5710876715354231,scr2099,avaConv,solar
BG,h6083,0.6519580403472065,scr2099,avaConv,solar
BG,h6084,0.6855865467699541,scr2099,avaConv,solar
BG,h6085,0.662947217251521,scr2099,avaConv,solar
BG,h6086,0.5877706191116542,scr2099,avaConv,solar
BG,h6087,0.45492091724537476,scr2099,avaConv,solar
BG,h6088,0.27830654040842717,scr2099,avaConv,solar
BG,h6089,0.1175784639828964,scr2099,avaConv,solar
BG,h6090,0.025596878191118163,scr2099,avaConv,solar
BG,h6091,0.0006572810611202344,scr2099,avaConv,solar
BG,h6092,0.0,scr2099,avaConv,solar
BG,h6093,0.0,scr2099,avaConv,solar
BG,h6094,0.0,scr2099,avaConv,solar
BG,h6095,0.0,scr2099,avaConv,solar
BG,h6096,0.0,scr2099,avaConv,solar
BG,h6097,0.0,scr2099,avaConv,solar
BG,h6098,0.0,scr2099,avaConv,solar
BG,h6099,0.0,scr2099,avaConv,solar
BG,h6100,0.0,scr2099,avaConv,solar
BG,h6101,0.004147335879588283,scr2099,avaConv,solar
BG,h6102,0.05268148726840329,scr2099,avaConv,solar
BG,h6103,0.15668698388068922,scr2099,avaConv,solar
BG,h6104,0.31251053162908043,scr2099,avaConv,solar
BG,h6105,0.45930027756657493,scr2099,avaConv,solar
BG,h6106,0.583199442899259,scr2099,avaConv,solar
BG,h6107,0.6657968379911771,scr2099,avaConv,solar
BG,h6108,0.6995698678580802,scr2099,avaConv,solar
BG,h6109,0.6771501104508106,scr2099,avaConv,solar
BG,h6110,0.600855985724795,scr2099,avaConv,solar
BG,h6111,0.4662801980334829,scr2099,avaConv,solar
BG,h6112,0.28568770464526405,scr2099,avaConv,solar
BG,h6113,0.12077897586671048,scr2099,avaConv,solar
BG,h6114,0.02609121740388862,scr2099,avaConv,solar
BG,h6115,0.0005238089190377524,scr2099,avaConv,solar
BG,h6116,0.0,scr2099,avaConv,solar
BG,h6117,0.0,scr2099,avaConv,solar
BG,h6118,0.0,scr2099,avaConv,solar
BG,h6119,0.0,scr2099,avaConv,solar
BG,h6120,0.0,scr2099,avaConv,solar
BG,h6121,0.0,scr2099,avaConv,solar
BG,h6122,0.0,scr2099,avaConv,solar
BG,h6123,0.0,scr2099,avaConv,solar
BG,h6124,0.0,scr2099,avaConv,solar
BG,h6125,0.003963302585101497,scr2099,avaConv,solar
BG,h6126,0.05360855974797112,scr2099,avaConv,solar
BG,h6127,0.16015284244734987,scr2099,avaConv,solar
BG,h6128,0.320053684468729,scr2099,avaConv,solar
BG,h6129,0.4701572504941127,scr2099,avaConv,solar
BG,h6130,0.5952581014282915,scr2099,avaConv,solar
BG,h6131,0.6780932072721586,scr2099,avaConv,solar
BG,h6132,0.7097663916867556,scr2099,avaConv,solar
BG,h6133,0.6859416646976987,scr2099,avaConv,solar
BG,h6134,0.6074129174931279,scr2099,avaConv,solar
BG,h6135,0.4715521886574709,scr2099,avaConv,solar
BG,h6136,0.29824589403555646,scr2099,avaConv,solar
BG,h6137,0.13047065837292499,scr2099,avaConv,solar
BG,h6138,0.03333800827801032,scr2099,avaConv,solar
BG,h6139,0.0003728107428425485,scr2099,avaConv,solar
BG,h6140,0.0,scr2099,avaConv,solar
BG,h6141,0.0,scr2099,avaConv,solar
BG,h6142,0.0,scr2099,avaConv,solar
BG,h6143,0.0,scr2099,avaConv,solar
BG,h6144,0.0,scr2099,avaConv,solar
BG,h6145,0.0,scr2099,avaConv,solar
BG,h6146,0.0,scr2099,avaConv,solar
BG,h6147,0.0,scr2099,avaConv,solar
BG,h6148,0.0,scr2099,avaConv,solar
BG,h6149,0.003218063233243222,scr2099,avaConv,solar
BG,h6150,0.04995296513794511,scr2099,avaConv,solar
BG,h6151,0.15229427394484135,scr2099,avaConv,solar
BG,h6152,0.30761873448728855,scr2099,avaConv,solar
BG,h6153,0.4537638451867295,scr2099,avaConv,solar
BG,h6154,0.5762471428227167,scr2099,avaConv,solar
BG,h6155,0.6572584334637547,scr2099,avaConv,solar
BG,h6156,0.6900358433963516,scr2099,avaConv,solar
BG,h6157,0.6672068971531453,scr2099,avaConv,solar
BG,h6158,0.5918737067637249,scr2099,avaConv,solar
BG,h6159,0.45990542265668954,scr2099,avaConv,solar
BG,h6160,0.28952480877942366,scr2099,avaConv,solar
BG,h6161,0.12564802036354872,scr2099,avaConv,solar
BG,h6162,0.030834823512390856,scr2099,avaConv,solar
BG,h6163,0.00019159715508534593,scr2099,avaConv,solar
BG,h6164,0.0,scr2099,avaConv,solar
BG,h6165,0.0,scr2099,avaConv,solar
BG,h6166,0.0,scr2099,avaConv,solar
BG,h6167,0.0,scr2099,avaConv,solar
BG,h6168,0.0,scr2099,avaConv,solar
BG,h6169,0.0,scr2099,avaConv,solar
BG,h6170,0.0,scr2099,avaConv,solar
BG,h6171,0.0,scr2099,avaConv,solar
BG,h6172,0.0,scr2099,avaConv,solar
BG,h6173,0.0025699013782256395,scr2099,avaConv,solar
BG,h6174,0.046862860303009894,scr2099,avaConv,solar
BG,h6175,0.14571523654354343,scr2099,avaConv,solar
BG,h6176,0.29756696646692293,scr2099,avaConv,solar
BG,h6177,0.44118235317725074,scr2099,avaConv,solar
BG,h6178,0.5628180653422552,scr2099,avaConv,solar
BG,h6179,0.643998841365883,scr2099,avaConv,solar
BG,h6180,0.6784853248264854,scr2099,avaConv,solar
BG,h6181,0.6561809796105899,scr2099,avaConv,solar
BG,h6182,0.5820493437640529,scr2099,avaConv,solar
BG,h6183,0.452071700298753,scr2099,avaConv,solar
BG,h6184,0.2828448920764729,scr2099,avaConv,solar
BG,h6185,0.12179629722920887,scr2099,avaConv,solar
BG,h6186,0.028659272873906055,scr2099,avaConv,solar
BG,h6187,0.0,scr2099,avaConv,solar
BG,h6188,0.0,scr2099,avaConv,solar
BG,h6189,0.0,scr2099,avaConv,solar
BG,h6190,0.0,scr2099,avaConv,solar
BG,h6191,0.0,scr2099,avaConv,solar
BG,h6192,0.0,scr2099,avaConv,solar
BG,h6193,0.0,scr2099,avaConv,solar
BG,h6194,0.0,scr2099,avaConv,solar
BG,h6195,0.0,scr2099,avaConv,solar
BG,h6196,0.0,scr2099,avaConv,solar
BG,h6197,0.0013485759045561338,scr2099,avaConv,solar
BG,h6198,0.03094320823228118,scr2099,avaConv,solar
BG,h6199,0.09186668908893939,scr2099,avaConv,solar
BG,h6200,0.17486802804168647,scr2099,avaConv,solar
BG,h6201,0.25779981242171546,scr2099,avaConv,solar
BG,h6202,0.32808241182938486,scr2099,avaConv,solar
BG,h6203,0.36686183875447254,scr2099,avaConv,solar
BG,h6204,0.39933803334826357,scr2099,avaConv,solar
BG,h6205,0.40583904091426437,scr2099,avaConv,solar
BG,h6206,0.40018491389351707,scr2099,avaConv,solar
BG,h6207,0.312584353111381,scr2099,avaConv,solar
BG,h6208,0.19142588843379577,scr2099,avaConv,solar
BG,h6209,0.07638951400457379,scr2099,avaConv,solar
BG,h6210,0.016918029217786144,scr2099,avaConv,solar
BG,h6211,0.0,scr2099,avaConv,solar
BG,h6212,0.0,scr2099,avaConv,solar
BG,h6213,0.0,scr2099,avaConv,solar
BG,h6214,0.0,scr2099,avaConv,solar
BG,h6215,0.0,scr2099,avaConv,solar
BG,h6216,0.0,scr2099,avaConv,solar
BG,h6217,0.0,scr2099,avaConv,solar
BG,h6218,0.0,scr2099,avaConv,solar
BG,h6219,0.0,scr2099,avaConv,solar
BG,h6220,0.0,scr2099,avaConv,solar
BG,h6221,0.0013689228111807969,scr2099,avaConv,solar
BG,h6222,0.04126346835369797,scr2099,avaConv,solar
BG,h6223,0.1356435982012239,scr2099,avaConv,solar
BG,h6224,0.2861547014660305,scr2099,avaConv,solar
BG,h6225,0.4334751324943667,scr2099,avaConv,solar
BG,h6226,0.5612067682853759,scr2099,avaConv,solar
BG,h6227,0.6489853223959934,scr2099,avaConv,solar
BG,h6228,0.6883308490997335,scr2099,avaConv,solar
BG,h6229,0.6687731709140767,scr2099,avaConv,solar
BG,h6230,0.5950114854699872,scr2099,avaConv,solar
BG,h6231,0.46518703597023275,scr2099,avaConv,solar
BG,h6232,0.2897776693708624,scr2099,avaConv,solar
BG,h6233,0.12434249580461011,scr2099,avaConv,solar
BG,h6234,0.02767228629796981,scr2099,avaConv,solar
BG,h6235,0.0,scr2099,avaConv,solar
BG,h6236,0.0,scr2099,avaConv,solar
BG,h6237,0.0,scr2099,avaConv,solar
BG,h6238,0.0,scr2099,avaConv,solar
BG,h6239,0.0,scr2099,avaConv,solar
BG,h6240,0.0,scr2099,avaConv,solar
BG,h6241,0.0,scr2099,avaConv,solar
BG,h6242,0.0,scr2099,avaConv,solar
BG,h6243,0.0,scr2099,avaConv,solar
BG,h6244,0.0,scr2099,avaConv,solar
BG,h6245,0.0011448976749112662,scr2099,avaConv,solar
BG,h6246,0.040904193242957965,scr2099,avaConv,solar
BG,h6247,0.1350176493376522,scr2099,avaConv,solar
BG,h6248,0.28458638297376243,scr2099,avaConv,solar
BG,h6249,0.429700873053964,scr2099,avaConv,solar
BG,h6250,0.5554819810220498,scr2099,avaConv,solar
BG,h6251,0.642603602904781,scr2099,avaConv,solar
BG,h6252,0.6829195457529996,scr2099,avaConv,solar
BG,h6253,0.664470963271061,scr2099,avaConv,solar
BG,h6254,0.5921881037976424,scr2099,avaConv,solar
BG,h6255,0.4644234316595431,scr2099,avaConv,solar
BG,h6256,0.28909523212689303,scr2099,avaConv,solar
BG,h6257,0.12412579644130484,scr2099,avaConv,solar
BG,h6258,0.02693366662928626,scr2099,avaConv,solar
BG,h6259,0.0,scr2099,avaConv,solar
BG,h6260,0.0,scr2099,avaConv,solar
BG,h6261,0.0,scr2099,avaConv,solar
BG,h6262,0.0,scr2099,avaConv,solar
BG,h6263,0.0,scr2099,avaConv,solar
BG,h6264,0.0,scr2099,avaConv,solar
BG,h6265,0.0,scr2099,avaConv,solar
BG,h6266,0.0,scr2099,avaConv,solar
BG,h6267,0.0,scr2099,avaConv,solar
BG,h6268,0.0,scr2099,avaConv,solar
BG,h6269,0.0009755678397649329,scr2099,avaConv,solar
BG,h6270,0.040570799425466195,scr2099,avaConv,solar
BG,h6271,0.13494791144147678,scr2099,avaConv,solar
BG,h6272,0.2858300058202255,scr2099,avaConv,solar
BG,h6273,0.432625143703348,scr2099,avaConv,solar
BG,h6274,0.5598012096657567,scr2099,avaConv,solar
BG,h6275,0.6477584934869994,scr2099,avaConv,solar
BG,h6276,0.6885480368841114,scr2099,avaConv,solar
BG,h6277,0.6703971250992977,scr2099,avaConv,solar
BG,h6278,0.5981358931836182,scr2099,avaConv,solar
BG,h6279,0.4705460530677481,scr2099,avaConv,solar
BG,h6280,0.2925124371954929,scr2099,avaConv,solar
BG,h6281,0.1256052481673084,scr2099,avaConv,solar
BG,h6282,0.02652430731005308,scr2099,avaConv,solar
BG,h6283,0.0,scr2099,avaConv,solar
BG,h6284,0.0,scr2099,avaConv,solar
BG,h6285,0.0,scr2099,avaConv,solar
BG,h6286,0.0,scr2099,avaConv,solar
BG,h6287,0.0,scr2099,avaConv,solar
BG,h6288,0.0,scr2099,avaConv,solar
BG,h6289,0.0,scr2099,avaConv,solar
BG,h6290,0.0,scr2099,avaConv,solar
BG,h6291,0.0,scr2099,avaConv,solar
BG,h6292,0.0,scr2099,avaConv,solar
BG,h6293,0.0008040196415086159,scr2099,avaConv,solar
BG,h6294,0.040643605588643085,scr2099,avaConv,solar
BG,h6295,0.1368646708820025,scr2099,avaConv,solar
BG,h6296,0.29226012250293776,scr2099,avaConv,solar
BG,h6297,0.44479757911898593,scr2099,avaConv,solar
BG,h6298,0.5772663760445003,scr2099,avaConv,solar
BG,h6299,0.6683308428213416,scr2099,avaConv,solar
BG,h6300,0.7101998580939941,scr2099,avaConv,solar
BG,h6301,0.6910659592275873,scr2099,avaConv,solar
BG,h6302,0.6167799116625385,scr2099,avaConv,solar
BG,h6303,0.48673106107121306,scr2099,avaConv,solar
BG,h6304,0.3026169881429674,scr2099,avaConv,solar
BG,h6305,0.13026698422535957,scr2099,avaConv,solar
BG,h6306,0.026922368307836887,scr2099,avaConv,solar
BG,h6307,0.0,scr2099,avaConv,solar
BG,h6308,0.0,scr2099,avaConv,solar
BG,h6309,0.0,scr2099,avaConv,solar
BG,h6310,0.0,scr2099,avaConv,solar
BG,h6311,0.0,scr2099,avaConv,solar
BG,h6312,0.0,scr2099,avaConv,solar
BG,h6313,0.0,scr2099,avaConv,solar
BG,h6314,0.0,scr2099,avaConv,solar
BG,h6315,0.0,scr2099,avaConv,solar
BG,h6316,0.0,scr2099,avaConv,solar
BG,h6317,0.0005467226771197574,scr2099,avaConv,solar
BG,h6318,0.0394807552020401,scr2099,avaConv,solar
BG,h6319,0.13518008000615747,scr2099,avaConv,solar
BG,h6320,0.29072787779802123,scr2099,avaConv,solar
BG,h6321,0.44421685926571397,scr2099,avaConv,solar
BG,h6322,0.5773913628065664,scr2099,avaConv,solar
BG,h6323,0.66933635176821,scr2099,avaConv,solar
BG,h6324,0.7116618957847969,scr2099,avaConv,solar
BG,h6325,0.6927891889095122,scr2099,avaConv,solar
BG,h6326,0.6182167026986959,scr2099,avaConv,solar
BG,h6327,0.48879899750615224,scr2099,avaConv,solar
BG,h6328,0.30264541477843354,scr2099,avaConv,solar
BG,h6329,0.1299781708335031,scr2099,avaConv,solar
BG,h6330,0.025868840486005715,scr2099,avaConv,solar
BG,h6331,0.0,scr2099,avaConv,solar
BG,h6332,0.0,scr2099,avaConv,solar
BG,h6333,0.0,scr2099,avaConv,solar
BG,h6334,0.0,scr2099,avaConv,solar
BG,h6335,0.0,scr2099,avaConv,solar
BG,h6336,0.0,scr2099,avaConv,solar
BG,h6337,0.0,scr2099,avaConv,solar
BG,h6338,0.0,scr2099,avaConv,solar
BG,h6339,0.0,scr2099,avaConv,solar
BG,h6340,0.0,scr2099,avaConv,solar
BG,h6341,0.0004316103641203449,scr2099,avaConv,solar
BG,h6342,0.0391397232321914,scr2099,avaConv,solar
BG,h6343,0.135490030866577,scr2099,avaConv,solar
BG,h6344,0.293716974156705,scr2099,avaConv,solar
BG,h6345,0.45211727475603425,scr2099,avaConv,solar
BG,h6346,0.5906133486822736,scr2099,avaConv,solar
BG,h6347,0.6866759993132407,scr2099,avaConv,solar
BG,h6348,0.7313217558555251,scr2099,avaConv,solar
BG,h6349,0.7128860935500173,scr2099,avaConv,solar
BG,h6350,0.6374766109223102,scr2099,avaConv,solar
BG,h6351,0.506722297706546,scr2099,avaConv,solar
BG,h6352,0.3144597496779118,scr2099,avaConv,solar
BG,h6353,0.13575917037167604,scr2099,avaConv,solar
BG,h6354,0.026465873493333215,scr2099,avaConv,solar
BG,h6355,0.0,scr2099,avaConv,solar
BG,h6356,0.0,scr2099,avaConv,solar
BG,h6357,0.0,scr2099,avaConv,solar
BG,h6358,0.0,scr2099,avaConv,solar
BG,h6359,0.0,scr2099,avaConv,solar
BG,h6360,0.0,scr2099,avaConv,solar
BG,h6361,0.0,scr2099,avaConv,solar
BG,h6362,0.0,scr2099,avaConv,solar
BG,h6363,0.0,scr2099,avaConv,solar
BG,h6364,0.0,scr2099,avaConv,solar
BG,h6365,0.0003106332643924841,scr2099,avaConv,solar
BG,h6366,0.03932094597292037,scr2099,avaConv,solar
BG,h6367,0.13732433958941678,scr2099,avaConv,solar
BG,h6368,0.2984640672793082,scr2099,avaConv,solar
BG,h6369,0.4600057670542827,scr2099,avaConv,solar
BG,h6370,0.5999019647552034,scr2099,avaConv,solar
BG,h6371,0.6960362379364304,scr2099,avaConv,solar
BG,h6372,0.7390609404227411,scr2099,avaConv,solar
BG,h6373,0.7189834994196432,scr2099,avaConv,solar
BG,h6374,0.6420427407120776,scr2099,avaConv,solar
BG,h6375,0.5113275265877677,scr2099,avaConv,solar
BG,h6376,0.31634028219788324,scr2099,avaConv,solar
BG,h6377,0.13648842042746503,scr2099,avaConv,solar
BG,h6378,0.025649818081119994,scr2099,avaConv,solar
BG,h6379,0.0,scr2099,avaConv,solar
BG,h6380,0.0,scr2099,avaConv,solar
BG,h6381,0.0,scr2099,avaConv,solar
BG,h6382,0.0,scr2099,avaConv,solar
BG,h6383,0.0,scr2099,avaConv,solar
BG,h6384,0.0,scr2099,avaConv,solar
BG,h6385,0.0,scr2099,avaConv,solar
BG,h6386,0.0,scr2099,avaConv,solar
BG,h6387,0.0,scr2099,avaConv,solar
BG,h6388,0.0,scr2099,avaConv,solar
BG,h6389,0.0002116073225540134,scr2099,avaConv,solar
BG,h6390,0.03813215581716043,scr2099,avaConv,solar
BG,h6391,0.13489291268736006,scr2099,avaConv,solar
BG,h6392,0.29512909631730855,scr2099,avaConv,solar
BG,h6393,0.45611676923105493,scr2099,avaConv,solar
BG,h6394,0.5954142928637293,scr2099,avaConv,solar
BG,h6395,0.6908449434338809,scr2099,avaConv,solar
BG,h6396,0.7341784531818545,scr2099,avaConv,solar
BG,h6397,0.7145843968976716,scr2099,avaConv,solar
BG,h6398,0.6384471429558578,scr2099,avaConv,solar
BG,h6399,0.5102572691502086,scr2099,avaConv,solar
BG,h6400,0.31503215244550276,scr2099,avaConv,solar
BG,h6401,0.13601627013998357,scr2099,avaConv,solar
BG,h6402,0.02454506596230298,scr2099,avaConv,solar
BG,h6403,0.0,scr2099,avaConv,solar
BG,h6404,0.0,scr2099,avaConv,solar
BG,h6405,0.0,scr2099,avaConv,solar
BG,h6406,0.0,scr2099,avaConv,solar
BG,h6407,0.0,scr2099,avaConv,solar
BG,h6408,0.0,scr2099,avaConv,solar
BG,h6409,0.0,scr2099,avaConv,solar
BG,h6410,0.0,scr2099,avaConv,solar
BG,h6411,0.0,scr2099,avaConv,solar
BG,h6412,0.0,scr2099,avaConv,solar
BG,h6413,0.00010776542379469573,scr2099,avaConv,solar
BG,h6414,0.03680907808401149,scr2099,avaConv,solar
BG,h6415,0.13216086380698058,scr2099,avaConv,solar
BG,h6416,0.29086220486938286,scr2099,avaConv,solar
BG,h6417,0.4514235445641002,scr2099,avaConv,solar
BG,h6418,0.5905373046736531,scr2099,avaConv,solar
BG,h6419,0.6860046089968573,scr2099,avaConv,solar
BG,h6420,0.7296026126179705,scr2099,avaConv,solar
BG,h6421,0.7104882079754945,scr2099,avaConv,solar
BG,h6422,0.6353862157838996,scr2099,avaConv,solar
BG,h6423,0.5100269664240293,scr2099,avaConv,solar
BG,h6424,0.3143193604959905,scr2099,avaConv,solar
BG,h6425,0.1358404527613964,scr2099,avaConv,solar
BG,h6426,0.0234812245161743,scr2099,avaConv,solar
BG,h6427,0.0,scr2099,avaConv,solar
BG,h6428,0.0,scr2099,avaConv,solar
BG,h6429,0.0,scr2099,avaConv,solar
BG,h6430,0.0,scr2099,avaConv,solar
BG,h6431,0.0,scr2099,avaConv,solar
BG,h6432,0.0,scr2099,avaConv,solar
BG,h6433,0.0,scr2099,avaConv,solar
BG,h6434,0.0,scr2099,avaConv,solar
BG,h6435,0.0,scr2099,avaConv,solar
BG,h6436,0.0,scr2099,avaConv,solar
BG,h6437,0.0,scr2099,avaConv,solar
BG,h6438,0.035446792488681544,scr2099,avaConv,solar
BG,h6439,0.12910264250782563,scr2099,avaConv,solar
BG,h6440,0.2858922583575965,scr2099,avaConv,solar
BG,h6441,0.4462544898011921,scr2099,avaConv,solar
BG,h6442,0.5857925949762429,scr2099,avaConv,solar
BG,h6443,0.6823063388979193,scr2099,avaConv,solar
BG,h6444,0.7270450182315843,scr2099,avaConv,solar
BG,h6445,0.7090210129161854,scr2099,avaConv,solar
BG,h6446,0.6349399909770799,scr2099,avaConv,solar
BG,h6447,0.5121751549151655,scr2099,avaConv,solar
BG,h6448,0.31523100113172403,scr2099,avaConv,solar
BG,h6449,0.13651263409212944,scr2099,avaConv,solar
BG,h6450,0.022576019996485737,scr2099,avaConv,solar
BG,h6451,0.0,scr2099,avaConv,solar
BG,h6452,0.0,scr2099,avaConv,solar
BG,h6453,0.0,scr2099,avaConv,solar
BG,h6454,0.0,scr2099,avaConv,solar
BG,h6455,0.0,scr2099,avaConv,solar
BG,h6456,0.0,scr2099,avaConv,solar
BG,h6457,0.0,scr2099,avaConv,solar
BG,h6458,0.0,scr2099,avaConv,solar
BG,h6459,0.0,scr2099,avaConv,solar
BG,h6460,0.0,scr2099,avaConv,solar
BG,h6461,0.0,scr2099,avaConv,solar
BG,h6462,0.0340803343340067,scr2099,avaConv,solar
BG,h6463,0.12589624302835833,scr2099,avaConv,solar
BG,h6464,0.28033240768379536,scr2099,avaConv,solar
BG,h6465,0.4394727117020807,scr2099,avaConv,solar
BG,h6466,0.5777354623478107,scr2099,avaConv,solar
BG,h6467,0.6739435830659877,scr2099,avaConv,solar
BG,h6468,0.7188840383939749,scr2099,avaConv,solar
BG,h6469,0.7019876735768948,scr2099,avaConv,solar
BG,h6470,0.6290870686800811,scr2099,avaConv,solar
BG,h6471,0.509757085682026,scr2099,avaConv,solar
BG,h6472,0.3129450971400277,scr2099,avaConv,solar
BG,h6473,0.1355749579391958,scr2099,avaConv,solar
BG,h6474,0.021268756272244515,scr2099,avaConv,solar
BG,h6475,0.0,scr2099,avaConv,solar
BG,h6476,0.0,scr2099,avaConv,solar
BG,h6477,0.0,scr2099,avaConv,solar
BG,h6478,0.0,scr2099,avaConv,solar
BG,h6479,0.0,scr2099,avaConv,solar
BG,h6480,0.0,scr2099,avaConv,solar
BG,h6481,0.0,scr2099,avaConv,solar
BG,h6482,0.0,scr2099,avaConv,solar
BG,h6483,0.0,scr2099,avaConv,solar
BG,h6484,0.0,scr2099,avaConv,solar
BG,h6485,0.0,scr2099,avaConv,solar
BG,h6486,0.030265554018542713,scr2099,avaConv,solar
BG,h6487,0.11437368613435549,scr2099,avaConv,solar
BG,h6488,0.256594695717534,scr2099,avaConv,solar
BG,h6489,0.40500381013896153,scr2099,avaConv,solar
BG,h6490,0.5324713816632332,scr2099,avaConv,solar
BG,h6491,0.6229706656935792,scr2099,avaConv,solar
BG,h6492,0.6654736843278893,scr2099,avaConv,solar
BG,h6493,0.6545387752155849,scr2099,avaConv,solar
BG,h6494,0.588289076062568,scr2099,avaConv,solar
BG,h6495,0.4792331092872923,scr2099,avaConv,solar
BG,h6496,0.290010014525668,scr2099,avaConv,solar
BG,h6497,0.12401123627181106,scr2099,avaConv,solar
BG,h6498,0.017122850215559055,scr2099,avaConv,solar
BG,h6499,0.0,scr2099,avaConv,solar
BG,h6500,0.0,scr2099,avaConv,solar
BG,h6501,0.0,scr2099,avaConv,solar
BG,h6502,0.0,scr2099,avaConv,solar
BG,h6503,0.0,scr2099,avaConv,solar
BG,h6504,0.0,scr2099,avaConv,solar
BG,h6505,0.0,scr2099,avaConv,solar
BG,h6506,0.0,scr2099,avaConv,solar
BG,h6507,0.0,scr2099,avaConv,solar
BG,h6508,0.0,scr2099,avaConv,solar
BG,h6509,0.0,scr2099,avaConv,solar
BG,h6510,0.027175446522299966,scr2099,avaConv,solar
BG,h6511,0.1065087388478516,scr2099,avaConv,solar
BG,h6512,0.24320435089010445,scr2099,avaConv,solar
BG,h6513,0.3912594952845764,scr2099,avaConv,solar
BG,h6514,0.5200249505617454,scr2099,avaConv,solar
BG,h6515,0.6139607319501302,scr2099,avaConv,solar
BG,h6516,0.6599013422965461,scr2099,avaConv,solar
BG,h6517,0.6533350648871021,scr2099,avaConv,solar
BG,h6518,0.5907335640367236,scr2099,avaConv,solar
BG,h6519,0.4865860289158258,scr2099,avaConv,solar
BG,h6520,0.29603108907743914,scr2099,avaConv,solar
BG,h6521,0.12781311504747128,scr2099,avaConv,solar
BG,h6522,0.01706838207284551,scr2099,avaConv,solar
BG,h6523,0.0,scr2099,avaConv,solar
BG,h6524,0.0,scr2099,avaConv,solar
BG,h6525,0.0,scr2099,avaConv,solar
BG,h6526,0.0,scr2099,avaConv,solar
BG,h6527,0.0,scr2099,avaConv,solar
BG,h6528,0.0,scr2099,avaConv,solar
BG,h6529,0.0,scr2099,avaConv,solar
BG,h6530,0.0,scr2099,avaConv,solar
BG,h6531,0.0,scr2099,avaConv,solar
BG,h6532,0.0,scr2099,avaConv,solar
BG,h6533,0.0,scr2099,avaConv,solar
BG,h6534,0.026562891387385254,scr2099,avaConv,solar
BG,h6535,0.10569720658254118,scr2099,avaConv,solar
BG,h6536,0.24244986674104638,scr2099,avaConv,solar
BG,h6537,0.3916731750210327,scr2099,avaConv,solar
BG,h6538,0.5210537511400452,scr2099,avaConv,solar
BG,h6539,0.6152537177085481,scr2099,avaConv,solar
BG,h6540,0.6615301221882154,scr2099,avaConv,solar
BG,h6541,0.6552392195963422,scr2099,avaConv,solar
BG,h6542,0.593231623564905,scr2099,avaConv,solar
BG,h6543,0.4918347915367649,scr2099,avaConv,solar
BG,h6544,0.2995736752590662,scr2099,avaConv,solar
BG,h6545,0.13018112530873158,scr2099,avaConv,solar
BG,h6546,0.016563069822419143,scr2099,avaConv,solar
BG,h6547,0.0,scr2099,avaConv,solar
BG,h6548,0.0,scr2099,avaConv,solar
BG,h6549,0.0,scr2099,avaConv,solar
BG,h6550,0.0,scr2099,avaConv,solar
BG,h6551,0.0,scr2099,avaConv,solar
BG,h6552,0.0,scr2099,avaConv,solar
CH,h5809,0.0,scr2099,avaConv,solar
CH,h5810,0.0,scr2099,avaConv,solar
CH,h5811,0.0,scr2099,avaConv,solar
CH,h5812,0.0,scr2099,avaConv,solar
CH,h5813,0.0,scr2099,avaConv,solar
CH,h5814,0.01758479742280582,scr2099,avaConv,solar
CH,h5815,0.09197994929292785,scr2099,avaConv,solar
CH,h5816,0.22430288847359517,scr2099,avaConv,solar
CH,h5817,0.38046449212241606,scr2099,avaConv,solar
CH,h5818,0.5124966336822261,scr2099,avaConv,solar
CH,h5819,0.609661158562499,scr2099,avaConv,solar
CH,h5820,0.6697839523506781,scr2099,avaConv,solar
CH,h5821,0.6694403336009933,scr2099,avaConv,solar
CH,h5822,0.6300207024474663,scr2099,avaConv,solar
CH,h5823,0.5581616718558127,scr2099,avaConv,solar
CH,h5824,0.4566895060202642,scr2099,avaConv,solar
CH,h5825,0.27642553044207896,scr2099,avaConv,solar
CH,h5826,0.12742195931799097,scr2099,avaConv,solar
CH,h5827,0.02367068333775233,scr2099,avaConv,solar
CH,h5828,0.011186243682863778,scr2099,avaConv,solar
CH,h5829,0.0,scr2099,avaConv,solar
CH,h5830,0.0,scr2099,avaConv,solar
CH,h5831,0.0,scr2099,avaConv,solar
CH,h5832,0.0,scr2099,avaConv,solar
CH,h5833,0.0,scr2099,avaConv,solar
CH,h5834,0.0,scr2099,avaConv,solar
CH,h5835,0.0,scr2099,avaConv,solar
CH,h5836,0.0,scr2099,avaConv,solar
CH,h5837,0.0,scr2099,avaConv,solar
CH,h5838,0.017204821630595234,scr2099,avaConv,solar
CH,h5839,0.09155686681390855,scr2099,avaConv,solar
CH,h5840,0.22376769932896007,scr2099,avaConv,solar
CH,h5841,0.3782416298772413,scr2099,avaConv,solar
CH,h5842,0.5018691028923047,scr2099,avaConv,solar
CH,h5843,0.5835315655738204,scr2099,avaConv,solar
CH,h5844,0.6192740713556457,scr2099,avaConv,solar
CH,h5845,0.6005284774520939,scr2099,avaConv,solar
CH,h5846,0.5729244300386591,scr2099,avaConv,solar
CH,h5847,0.49781504473156946,scr2099,avaConv,solar
CH,h5848,0.4043374389976128,scr2099,avaConv,solar
CH,h5849,0.22395819829405839,scr2099,avaConv,solar
CH,h5850,0.09953653250165483,scr2099,avaConv,solar
CH,h5851,0.014446067127711725,scr2099,avaConv,solar
CH,h5852,0.006707943309743046,scr2099,avaConv,solar
CH,h5853,0.0,scr2099,avaConv,solar
CH,h5854,0.0,scr2099,avaConv,solar
CH,h5855,0.0,scr2099,avaConv,solar
CH,h5856,0.0,scr2099,avaConv,solar
CH,h5857,0.0,scr2099,avaConv,solar
CH,h5858,0.0,scr2099,avaConv,solar
CH,h5859,0.0,scr2099,avaConv,solar
CH,h5860,0.0,scr2099,avaConv,solar
CH,h5861,0.0,scr2099,avaConv,solar
CH,h5862,0.0027982222305487966,scr2099,avaConv,solar
CH,h5863,0.02224062113820987,scr2099,avaConv,solar
CH,h5864,0.05547379689753137,scr2099,avaConv,solar
CH,h5865,0.09130616184995462,scr2099,avaConv,solar
CH,h5866,0.12154350413815448,scr2099,avaConv,solar
CH,h5867,0.1652504909842474,scr2099,avaConv,solar
CH,h5868,0.2048962425294991,scr2099,avaConv,solar
CH,h5869,0.2335296297176757,scr2099,avaConv,solar
CH,h5870,0.23752836610241776,scr2099,avaConv,solar
CH,h5871,0.2578075004748425,scr2099,avaConv,solar
CH,h5872,0.25903456215204224,scr2099,avaConv,solar
CH,h5873,0.18686151014675725,scr2099,avaConv,solar
CH,h5874,0.1006409439821655,scr2099,avaConv,solar
CH,h5875,0.02228311354377707,scr2099,avaConv,solar
CH,h5876,0.011136439427149158,scr2099,avaConv,solar
CH,h5877,0.0,scr2099,avaConv,solar
CH,h5878,0.0,scr2099,avaConv,solar
CH,h5879,0.0,scr2099,avaConv,solar
CH,h5880,0.0,scr2099,avaConv,solar
CH,h5881,0.0,scr2099,avaConv,solar
CH,h5882,0.0,scr2099,avaConv,solar
CH,h5883,0.0,scr2099,avaConv,solar
CH,h5884,0.0,scr2099,avaConv,solar
CH,h5885,0.0,scr2099,avaConv,solar
CH,h5886,0.014632623841160337,scr2099,avaConv,solar
CH,h5887,0.08500155578383962,scr2099,avaConv,solar
CH,h5888,0.20165702677879568,scr2099,avaConv,solar
CH,h5889,0.32696608805131894,scr2099,avaConv,solar
CH,h5890,0.4224630535299326,scr2099,avaConv,solar
CH,h5891,0.486745451538399,scr2099,avaConv,solar
CH,h5892,0.5009973610156768,scr2099,avaConv,solar
CH,h5893,0.44256039234702643,scr2099,avaConv,solar
CH,h5894,0.34340231590930403,scr2099,avaConv,solar
CH,h5895,0.25531523867640843,scr2099,avaConv,solar
CH,h5896,0.180775279761253,scr2099,avaConv,solar
CH,h5897,0.1009481130126747,scr2099,avaConv,solar
CH,h5898,0.03757725324286616,scr2099,avaConv,solar
CH,h5899,0.003798517434479659,scr2099,avaConv,solar
CH,h5900,0.0011636154681987192,scr2099,avaConv,solar
CH,h5901,0.0,scr2099,avaConv,solar
CH,h5902,0.0,scr2099,avaConv,solar
CH,h5903,0.0,scr2099,avaConv,solar
CH,h5904,0.0,scr2099,avaConv,solar
CH,h5905,0.0,scr2099,avaConv,solar
CH,h5906,0.0,scr2099,avaConv,solar
CH,h5907,0.0,scr2099,avaConv,solar
CH,h5908,0.0,scr2099,avaConv,solar
CH,h5909,0.0,scr2099,avaConv,solar
CH,h5910,0.0049359123003788015,scr2099,avaConv,solar
CH,h5911,0.04805449941846051,scr2099,avaConv,solar
CH,h5912,0.14198666717854752,scr2099,avaConv,solar
CH,h5913,0.2751719088076262,scr2099,avaConv,solar
CH,h5914,0.4291484085738875,scr2099,avaConv,solar
CH,h5915,0.5545541335611853,scr2099,avaConv,solar
CH,h5916,0.6521694898245349,scr2099,avaConv,solar
CH,h5917,0.6891205764977033,scr2099,avaConv,solar
CH,h5918,0.6805625127495433,scr2099,avaConv,solar
CH,h5919,0.6313935854494739,scr2099,avaConv,solar
CH,h5920,0.5218152291131722,scr2099,avaConv,solar
CH,h5921,0.3188464150876387,scr2099,avaConv,solar
CH,h5922,0.14523600733807074,scr2099,avaConv,solar
CH,h5923,0.02266052570566552,scr2099,avaConv,solar
CH,h5924,0.010574107781318513,scr2099,avaConv,solar
CH,h5925,0.0,scr2099,avaConv,solar
CH,h5926,0.0,scr2099,avaConv,solar
CH,h5927,0.0,scr2099,avaConv,solar
CH,h5928,0.0,scr2099,avaConv,solar
CH,h5929,0.0,scr2099,avaConv,solar
CH,h5930,0.0,scr2099,avaConv,solar
CH,h5931,0.0,scr2099,avaConv,solar
CH,h5932,0.0,scr2099,avaConv,solar
CH,h5933,0.0,scr2099,avaConv,solar
CH,h5934,0.015061932993586201,scr2099,avaConv,solar
CH,h5935,0.0924255495353405,scr2099,avaConv,solar
CH,h5936,0.2330048330044545,scr2099,avaConv,solar
CH,h5937,0.4025823646292153,scr2099,avaConv,solar
CH,h5938,0.5428921766973765,scr2099,avaConv,solar
CH,h5939,0.6442198051655273,scr2099,avaConv,solar
CH,h5940,0.7095574598414743,scr2099,avaConv,solar
CH,h5941,0.7335794859510185,scr2099,avaConv,solar
CH,h5942,0.7136186322774084,scr2099,avaConv,solar
CH,h5943,0.6467052921720065,scr2099,avaConv,solar
CH,h5944,0.5264300224182087,scr2099,avaConv,solar
CH,h5945,0.3126287087158629,scr2099,avaConv,solar
CH,h5946,0.14094665714560356,scr2099,avaConv,solar
CH,h5947,0.021107137195711848,scr2099,avaConv,solar
CH,h5948,0.009489688564094741,scr2099,avaConv,solar
CH,h5949,0.0,scr2099,avaConv,solar
CH,h5950,0.0,scr2099,avaConv,solar
CH,h5951,0.0,scr2099,avaConv,solar
CH,h5952,0.0,scr2099,avaConv,solar
CH,h5953,0.0,scr2099,avaConv,solar
CH,h5954,0.0,scr2099,avaConv,solar
CH,h5955,0.0,scr2099,avaConv,solar
CH,h5956,0.0,scr2099,avaConv,solar
CH,h5957,0.0,scr2099,avaConv,solar
CH,h5958,0.013196449654649377,scr2099,avaConv,solar
CH,h5959,0.08716547216775967,scr2099,avaConv,solar
CH,h5960,0.22341801439815454,scr2099,avaConv,solar
CH,h5961,0.38998119037981,scr2099,avaConv,solar
CH,h5962,0.5284739690781594,scr2099,avaConv,solar
CH,h5963,0.6290468891933618,scr2099,avaConv,solar
CH,h5964,0.6950211224829872,scr2099,avaConv,solar
CH,h5965,0.7205031994937504,scr2099,avaConv,solar
CH,h5966,0.7023930728338151,scr2099,avaConv,solar
CH,h5967,0.6375407951676654,scr2099,avaConv,solar
CH,h5968,0.5193580645258631,scr2099,avaConv,solar
CH,h5969,0.30843391709105056,scr2099,avaConv,solar
CH,h5970,0.13750163534456178,scr2099,avaConv,solar
CH,h5971,0.019397984066187354,scr2099,avaConv,solar
CH,h5972,0.00809610898395809,scr2099,avaConv,solar
CH,h5973,0.0,scr2099,avaConv,solar
CH,h5974,0.0,scr2099,avaConv,solar
CH,h5975,0.0,scr2099,avaConv,solar
CH,h5976,0.0,scr2099,avaConv,solar
CH,h5977,0.0,scr2099,avaConv,solar
CH,h5978,0.0,scr2099,avaConv,solar
CH,h5979,0.0,scr2099,avaConv,solar
CH,h5980,0.0,scr2099,avaConv,solar
CH,h5981,0.0,scr2099,avaConv,solar
CH,h5982,0.010677853368825438,scr2099,avaConv,solar
CH,h5983,0.07993811699876548,scr2099,avaConv,solar
CH,h5984,0.21061904273932072,scr2099,avaConv,solar
CH,h5985,0.3753691796369494,scr2099,avaConv,solar
CH,h5986,0.5146885168488999,scr2099,avaConv,solar
CH,h5987,0.6179272700758931,scr2099,avaConv,solar
CH,h5988,0.6864813805772234,scr2099,avaConv,solar
CH,h5989,0.7145878024843799,scr2099,avaConv,solar
CH,h5990,0.6976929977373106,scr2099,avaConv,solar
CH,h5991,0.6342516578650775,scr2099,avaConv,solar
CH,h5992,0.5168871388555266,scr2099,avaConv,solar
CH,h5993,0.3080651981701132,scr2099,avaConv,solar
CH,h5994,0.13589673932909058,scr2099,avaConv,solar
CH,h5995,0.01831389739485807,scr2099,avaConv,solar
CH,h5996,0.006581123680134559,scr2099,avaConv,solar
CH,h5997,0.0,scr2099,avaConv,solar
CH,h5998,0.0,scr2099,avaConv,solar
CH,h5999,0.0,scr2099,avaConv,solar
CH,h6000,0.0,scr2099,avaConv,solar
CH,h6001,0.0,scr2099,avaConv,solar
CH,h6002,0.0,scr2099,avaConv,solar
CH,h6003,0.0,scr2099,avaConv,solar
CH,h6004,0.0,scr2099,avaConv,solar
CH,h6005,0.0,scr2099,avaConv,solar
CH,h6006,0.008887850318346902,scr2099,avaConv,solar
CH,h6007,0.07360039810981027,scr2099,avaConv,solar
CH,h6008,0.2049922289967596,scr2099,avaConv,solar
CH,h6009,0.3786723687202212,scr2099,avaConv,solar
CH,h6010,0.5311768025738527,scr2099,avaConv,solar
CH,h6011,0.6417350445014102,scr2099,avaConv,solar
CH,h6012,0.710929542753001,scr2099,avaConv,solar
CH,h6013,0.7376723935415715,scr2099,avaConv,solar
CH,h6014,0.7176972972959149,scr2099,avaConv,solar
CH,h6015,0.648952175150621,scr2099,avaConv,solar
CH,h6016,0.5262166238611558,scr2099,avaConv,solar
CH,h6017,0.3125684030087537,scr2099,avaConv,solar
CH,h6018,0.1368796062495589,scr2099,avaConv,solar
CH,h6019,0.017725942904045146,scr2099,avaConv,solar
CH,h6020,0.005656977322518465,scr2099,avaConv,solar
CH,h6021,0.0,scr2099,avaConv,solar
CH,h6022,0.0,scr2099,avaConv,solar
CH,h6023,0.0,scr2099,avaConv,solar
CH,h6024,0.0,scr2099,avaConv,solar
CH,h6025,0.0,scr2099,avaConv,solar
CH,h6026,0.0,scr2099,avaConv,solar
CH,h6027,0.0,scr2099,avaConv,solar
CH,h6028,0.0,scr2099,avaConv,solar
CH,h6029,0.0,scr2099,avaConv,solar
CH,h6030,0.008331715575585067,scr2099,avaConv,solar
CH,h6031,0.07253097231063647,scr2099,avaConv,solar
CH,h6032,0.19145933050377795,scr2099,avaConv,solar
CH,h6033,0.334675650246333,scr2099,avaConv,solar
CH,h6034,0.4556670746191143,scr2099,avaConv,solar
CH,h6035,0.5469220776947926,scr2099,avaConv,solar
CH,h6036,0.6154783477300817,scr2099,avaConv,solar
CH,h6037,0.6410487824060047,scr2099,avaConv,solar
CH,h6038,0.6369224192638459,scr2099,avaConv,solar
CH,h6039,0.5959962606336209,scr2099,avaConv,solar
CH,h6040,0.5067205336428854,scr2099,avaConv,solar
CH,h6041,0.32010283271397233,scr2099,avaConv,solar
CH,h6042,0.14767772185147043,scr2099,avaConv,solar
CH,h6043,0.027079834364918794,scr2099,avaConv,solar
CH,h6044,0.005328259819963706,scr2099,avaConv,solar
CH,h6045,0.0,scr2099,avaConv,solar
CH,h6046,0.0,scr2099,avaConv,solar
CH,h6047,0.0,scr2099,avaConv,solar
CH,h6048,0.0,scr2099,avaConv,solar
CH,h6049,0.0,scr2099,avaConv,solar
CH,h6050,0.0,scr2099,avaConv,solar
CH,h6051,0.0,scr2099,avaConv,solar
CH,h6052,0.0,scr2099,avaConv,solar
CH,h6053,0.0,scr2099,avaConv,solar
CH,h6054,0.008727714074812789,scr2099,avaConv,solar
CH,h6055,0.0783990845851519,scr2099,avaConv,solar
CH,h6056,0.21180484017815387,scr2099,avaConv,solar
CH,h6057,0.3824901739420744,scr2099,avaConv,solar
CH,h6058,0.5138622611315897,scr2099,avaConv,solar
CH,h6059,0.6049903749260461,scr2099,avaConv,solar
CH,h6060,0.6539383641572563,scr2099,avaConv,solar
CH,h6061,0.6853201357019844,scr2099,avaConv,solar
CH,h6062,0.6752101488013592,scr2099,avaConv,solar
CH,h6063,0.624957319524765,scr2099,avaConv,solar
CH,h6064,0.5066336391730166,scr2099,avaConv,solar
CH,h6065,0.31217154371476513,scr2099,avaConv,solar
CH,h6066,0.1396558760147274,scr2099,avaConv,solar
CH,h6067,0.026177556078668406,scr2099,avaConv,solar
CH,h6068,0.004243316260165922,scr2099,avaConv,solar
CH,h6069,0.0,scr2099,avaConv,solar
CH,h6070,0.0,scr2099,avaConv,solar
CH,h6071,0.0,scr2099,avaConv,solar
CH,h6072,0.0,scr2099,avaConv,solar
CH,h6073,0.0,scr2099,avaConv,solar
CH,h6074,0.0,scr2099,avaConv,solar
CH,h6075,0.0,scr2099,avaConv,solar
CH,h6076,0.0,scr2099,avaConv,solar
CH,h6077,0.0,scr2099,avaConv,solar
CH,h6078,0.0066839522457500964,scr2099,avaConv,solar
CH,h6079,0.07070879780778576,scr2099,avaConv,solar
CH,h6080,0.19683049855929632,scr2099,avaConv,solar
CH,h6081,0.36299972471153136,scr2099,avaConv,solar
CH,h6082,0.5041753184872414,scr2099,avaConv,solar
CH,h6083,0.6074657697298027,scr2099,avaConv,solar
CH,h6084,0.6753089663392496,scr2099,avaConv,solar
CH,h6085,0.7000261791996303,scr2099,avaConv,solar
CH,h6086,0.6820434346678252,scr2099,avaConv,solar
CH,h6087,0.6108804401937988,scr2099,avaConv,solar
CH,h6088,0.484145836104119,scr2099,avaConv,solar
CH,h6089,0.3004843551370602,scr2099,avaConv,solar
CH,h6090,0.13452295418351046,scr2099,avaConv,solar
CH,h6091,0.03101565351676564,scr2099,avaConv,solar
CH,h6092,0.0025354526955798542,scr2099,avaConv,solar
CH,h6093,0.0,scr2099,avaConv,solar
CH,h6094,0.0,scr2099,avaConv,solar
CH,h6095,0.0,scr2099,avaConv,solar
CH,h6096,0.0,scr2099,avaConv,solar
CH,h6097,0.0,scr2099,avaConv,solar
CH,h6098,0.0,scr2099,avaConv,solar
CH,h6099,0.0,scr2099,avaConv,solar
CH,h6100,0.0,scr2099,avaConv,solar
CH,h6101,0.0,scr2099,avaConv,solar
CH,h6102,0.0049972647134044635,scr2099,avaConv,solar
CH,h6103,0.06375809026678506,scr2099,avaConv,solar
CH,h6104,0.18315288331730684,scr2099,avaConv,solar
CH,h6105,0.34468792456745717,scr2099,avaConv,solar
CH,h6106,0.4745882114186292,scr2099,avaConv,solar
CH,h6107,0.5599796167735811,scr2099,avaConv,solar
CH,h6108,0.5902942557852547,scr2099,avaConv,solar
CH,h6109,0.6008951695946358,scr2099,avaConv,solar
CH,h6110,0.5767910128529952,scr2099,avaConv,solar
CH,h6111,0.5263569825171518,scr2099,avaConv,solar
CH,h6112,0.4177527161331596,scr2099,avaConv,solar
CH,h6113,0.2562609372123869,scr2099,avaConv,solar
CH,h6114,0.11126375190979317,scr2099,avaConv,solar
CH,h6115,0.02080598058292244,scr2099,avaConv,solar
CH,h6116,0.0005669957904617045,scr2099,avaConv,solar
CH,h6117,0.0,scr2099,avaConv,solar
CH,h6118,0.0,scr2099,avaConv,solar
CH,h6119,0.0,scr2099,avaConv,solar
CH,h6120,0.0,scr2099,avaConv,solar
CH,h6121,0.0,scr2099,avaConv,solar
CH,h6122,0.0,scr2099,avaConv,solar
CH,h6123,0.0,scr2099,avaConv,solar
CH,h6124,0.0,scr2099,avaConv,solar
CH,h6125,0.0,scr2099,avaConv,solar
CH,h6126,0.003844858517756831,scr2099,avaConv,solar
CH,h6127,0.060117707222749214,scr2099,avaConv,solar
CH,h6128,0.17740418702610547,scr2099,avaConv,solar
CH,h6129,0.3391840278628665,scr2099,avaConv,solar
CH,h6130,0.48102109478735927,scr2099,avaConv,solar
CH,h6131,0.5777661334812336,scr2099,avaConv,solar
CH,h6132,0.6404065428008194,scr2099,avaConv,solar
CH,h6133,0.6557659485336287,scr2099,avaConv,solar
CH,h6134,0.6345403997617453,scr2099,avaConv,solar
CH,h6135,0.5630914983647648,scr2099,avaConv,solar
CH,h6136,0.45396046251357564,scr2099,avaConv,solar
CH,h6137,0.2860200346781707,scr2099,avaConv,solar
CH,h6138,0.13117249490251626,scr2099,avaConv,solar
CH,h6139,0.02712850355772417,scr2099,avaConv,solar
CH,h6140,0.0012691562441860794,scr2099,avaConv,solar
CH,h6141,0.0,scr2099,avaConv,solar
CH,h6142,0.0,scr2099,avaConv,solar
CH,h6143,0.0,scr2099,avaConv,solar
CH,h6144,0.0,scr2099,avaConv,solar
CH,h6145,0.0,scr2099,avaConv,solar
CH,h6146,0.0,scr2099,avaConv,solar
CH,h6147,0.0,scr2099,avaConv,solar
CH,h6148,0.0,scr2099,avaConv,solar
CH,h6149,0.0,scr2099,avaConv,solar
CH,h6150,0.0003306296688057292,scr2099,avaConv,solar
CH,h6151,0.011806135422776903,scr2099,avaConv,solar
CH,h6152,0.03619957350189593,scr2099,avaConv,solar
CH,h6153,0.06938789640383047,scr2099,avaConv,solar
CH,h6154,0.0937032738311083,scr2099,avaConv,solar
CH,h6155,0.1127965959028107,scr2099,avaConv,solar
CH,h6156,0.133887647285535,scr2099,avaConv,solar
CH,h6157,0.15305517375083558,scr2099,avaConv,solar
CH,h6158,0.16361822644016863,scr2099,avaConv,solar
CH,h6159,0.16343659535729013,scr2099,avaConv,solar
CH,h6160,0.15188393092592922,scr2099,avaConv,solar
CH,h6161,0.10869615927517784,scr2099,avaConv,solar
CH,h6162,0.05426341661353437,scr2099,avaConv,solar
CH,h6163,0.011421867304787402,scr2099,avaConv,solar
CH,h6164,0.0002768219054726128,scr2099,avaConv,solar
CH,h6165,0.0,scr2099,avaConv,solar
CH,h6166,0.0,scr2099,avaConv,solar
CH,h6167,0.0,scr2099,avaConv,solar
CH,h6168,0.0,scr2099,avaConv,solar
CH,h6169,0.0,scr2099,avaConv,solar
CH,h6170,0.0,scr2099,avaConv,solar
CH,h6171,0.0,scr2099,avaConv,solar
CH,h6172,0.0,scr2099,avaConv,solar
CH,h6173,0.0,scr2099,avaConv,solar
CH,h6174,0.0008190178156637621,scr2099,avaConv,solar
CH,h6175,0.016028843427483196,scr2099,avaConv,solar
CH,h6176,0.056629065811073555,scr2099,avaConv,solar
CH,h6177,0.12192759388189446,scr2099,avaConv,solar
CH,h6178,0.1783086343385267,scr2099,avaConv,solar
CH,h6179,0.20943035790766037,scr2099,avaConv,solar
CH,h6180,0.21922891449092258,scr2099,avaConv,solar
CH,h6181,0.2063501946097403,scr2099,avaConv,solar
CH,h6182,0.18475787226210477,scr2099,avaConv,solar
CH,h6183,0.1495926376312398,scr2099,avaConv,solar
CH,h6184,0.12693925962536037,scr2099,avaConv,solar
CH,h6185,0.09110694304978788,scr2099,avaConv,solar
CH,h6186,0.05054942389228015,scr2099,avaConv,solar
CH,h6187,0.014746948111724738,scr2099,avaConv,solar
CH,h6188,0.0005056786717919079,scr2099,avaConv,solar
CH,h6189,0.0,scr2099,avaConv,solar
CH,h6190,0.0,scr2099,avaConv,solar
CH,h6191,0.0,scr2099,avaConv,solar
CH,h6192,0.0,scr2099,avaConv,solar
CH,h6193,0.0,scr2099,avaConv,solar
CH,h6194,0.0,scr2099,avaConv,solar
CH,h6195,0.0,scr2099,avaConv,solar
CH,h6196,0.0,scr2099,avaConv,solar
CH,h6197,0.0,scr2099,avaConv,solar
CH,h6198,0.002502755401190937,scr2099,avaConv,solar
CH,h6199,0.0613397735048745,scr2099,avaConv,solar
CH,h6200,0.1911059886811745,scr2099,avaConv,solar
CH,h6201,0.3718778535002639,scr2099,avaConv,solar
CH,h6202,0.5316857461635025,scr2099,avaConv,solar
CH,h6203,0.64484416423197,scr2099,avaConv,solar
CH,h6204,0.7209083774559254,scr2099,avaConv,solar
CH,h6205,0.7525027357612383,scr2099,avaConv,solar
CH,h6206,0.7405111269643578,scr2099,avaConv,solar
CH,h6207,0.6762937052615997,scr2099,avaConv,solar
CH,h6208,0.557692387182592,scr2099,avaConv,solar
CH,h6209,0.37673362286800716,scr2099,avaConv,solar
CH,h6210,0.18271920204694514,scr2099,avaConv,solar
CH,h6211,0.05061549170087572,scr2099,avaConv,solar
CH,h6212,0.0010308802456493215,scr2099,avaConv,solar
CH,h6213,0.0,scr2099,avaConv,solar
CH,h6214,0.0,scr2099,avaConv,solar
CH,h6215,0.0,scr2099,avaConv,solar
CH,h6216,0.0,scr2099,avaConv,solar
CH,h6217,0.0,scr2099,avaConv,solar
CH,h6218,0.0,scr2099,avaConv,solar
CH,h6219,0.0,scr2099,avaConv,solar
CH,h6220,0.0,scr2099,avaConv,solar
CH,h6221,0.0,scr2099,avaConv,solar
CH,h6222,0.0007932418240707848,scr2099,avaConv,solar
CH,h6223,0.022578686188598544,scr2099,avaConv,solar
CH,h6224,0.07450862152826261,scr2099,avaConv,solar
CH,h6225,0.14691446472608208,scr2099,avaConv,solar
CH,h6226,0.21545130471597468,scr2099,avaConv,solar
CH,h6227,0.2684336402750015,scr2099,avaConv,solar
CH,h6228,0.32094184748053417,scr2099,avaConv,solar
CH,h6229,0.34586512882692494,scr2099,avaConv,solar
CH,h6230,0.3564330423320777,scr2099,avaConv,solar
CH,h6231,0.33400240504418216,scr2099,avaConv,solar
CH,h6232,0.2982855377142067,scr2099,avaConv,solar
CH,h6233,0.20817053092321733,scr2099,avaConv,solar
CH,h6234,0.1047451114564457,scr2099,avaConv,solar
CH,h6235,0.025874389047249462,scr2099,avaConv,solar
CH,h6236,0.00041382978406571367,scr2099,avaConv,solar
CH,h6237,0.0,scr2099,avaConv,solar
CH,h6238,0.0,scr2099,avaConv,solar
CH,h6239,0.0,scr2099,avaConv,solar
CH,h6240,0.0,scr2099,avaConv,solar
CH,h6241,0.0,scr2099,avaConv,solar
CH,h6242,0.0,scr2099,avaConv,solar
CH,h6243,0.0,scr2099,avaConv,solar
CH,h6244,0.0,scr2099,avaConv,solar
CH,h6245,0.0,scr2099,avaConv,solar
CH,h6246,0.0005853224113031209,scr2099,avaConv,solar
CH,h6247,0.03846550894068059,scr2099,avaConv,solar
CH,h6248,0.13111545952000492,scr2099,avaConv,solar
CH,h6249,0.28713593900979334,scr2099,avaConv,solar
CH,h6250,0.44541823365366695,scr2099,avaConv,solar
CH,h6251,0.5845137200885805,scr2099,avaConv,solar
CH,h6252,0.6839688765450052,scr2099,avaConv,solar
CH,h6253,0.7367666961508287,scr2099,avaConv,solar
CH,h6254,0.7371691460872076,scr2099,avaConv,solar
CH,h6255,0.6682039931305935,scr2099,avaConv,solar
CH,h6256,0.5462059755648584,scr2099,avaConv,solar
CH,h6257,0.36019837545975397,scr2099,avaConv,solar
CH,h6258,0.17249578467927165,scr2099,avaConv,solar
CH,h6259,0.045901625619377585,scr2099,avaConv,solar
CH,h6260,0.0003621515592729884,scr2099,avaConv,solar
CH,h6261,0.0,scr2099,avaConv,solar
CH,h6262,0.0,scr2099,avaConv,solar
CH,h6263,0.0,scr2099,avaConv,solar
CH,h6264,0.0,scr2099,avaConv,solar
CH,h6265,0.0,scr2099,avaConv,solar
CH,h6266,0.0,scr2099,avaConv,solar
CH,h6267,0.0,scr2099,avaConv,solar
CH,h6268,0.0,scr2099,avaConv,solar
CH,h6269,0.0,scr2099,avaConv,solar
CH,h6270,0.0012496706953121681,scr2099,avaConv,solar
CH,h6271,0.05622264870894856,scr2099,avaConv,solar
CH,h6272,0.1750436527774485,scr2099,avaConv,solar
CH,h6273,0.34653836823685813,scr2099,avaConv,solar
CH,h6274,0.5014946777219804,scr2099,avaConv,solar
CH,h6275,0.6191247222300407,scr2099,avaConv,solar
CH,h6276,0.6917572008988059,scr2099,avaConv,solar
CH,h6277,0.7107571529039465,scr2099,avaConv,solar
CH,h6278,0.6672580660784287,scr2099,avaConv,solar
CH,h6279,0.5953465357298408,scr2099,avaConv,solar
CH,h6280,0.49453333804226884,scr2099,avaConv,solar
CH,h6281,0.3468204066615201,scr2099,avaConv,solar
CH,h6282,0.17342955798042886,scr2099,avaConv,solar
CH,h6283,0.04522700572919833,scr2099,avaConv,solar
CH,h6284,0.00022867913749443242,scr2099,avaConv,solar
CH,h6285,0.0,scr2099,avaConv,solar
CH,h6286,0.0,scr2099,avaConv,solar
CH,h6287,0.0,scr2099,avaConv,solar
CH,h6288,0.0,scr2099,avaConv,solar
CH,h6289,0.0,scr2099,avaConv,solar
CH,h6290,0.0,scr2099,avaConv,solar
CH,h6291,0.0,scr2099,avaConv,solar
CH,h6292,0.0,scr2099,avaConv,solar
CH,h6293,0.0,scr2099,avaConv,solar
CH,h6294,0.0009172441454799511,scr2099,avaConv,solar
CH,h6295,0.0481550076703881,scr2099,avaConv,solar
CH,h6296,0.1583537537091783,scr2099,avaConv,solar
CH,h6297,0.331351704046668,scr2099,avaConv,solar
CH,h6298,0.4939562126511764,scr2099,avaConv,solar
CH,h6299,0.6195283744271315,scr2099,avaConv,solar
CH,h6300,0.6956224342558511,scr2099,avaConv,solar
CH,h6301,0.7291191129357617,scr2099,avaConv,solar
CH,h6302,0.7187019460804072,scr2099,avaConv,solar
CH,h6303,0.6600575265822877,scr2099,avaConv,solar
CH,h6304,0.5484547113315199,scr2099,avaConv,solar
CH,h6305,0.3644716503364288,scr2099,avaConv,solar
CH,h6306,0.1727839802602991,scr2099,avaConv,solar
CH,h6307,0.041569835317297264,scr2099,avaConv,solar
CH,h6308,0.00010738459464152122,scr2099,avaConv,solar
CH,h6309,0.0,scr2099,avaConv,solar
CH,h6310,0.0,scr2099,avaConv,solar
CH,h6311,0.0,scr2099,avaConv,solar
CH,h6312,0.0,scr2099,avaConv,solar
CH,h6313,0.0,scr2099,avaConv,solar
CH,h6314,0.0,scr2099,avaConv,solar
CH,h6315,0.0,scr2099,avaConv,solar
CH,h6316,0.0,scr2099,avaConv,solar
CH,h6317,0.0,scr2099,avaConv,solar
CH,h6318,0.0005850347935826557,scr2099,avaConv,solar
CH,h6319,0.051799758511207265,scr2099,avaConv,solar
CH,h6320,0.17048667244421378,scr2099,avaConv,solar
CH,h6321,0.3425205976884509,scr2099,avaConv,solar
CH,h6322,0.49853886916783074,scr2099,avaConv,solar
CH,h6323,0.6130334079390158,scr2099,avaConv,solar
CH,h6324,0.6887471209217986,scr2099,avaConv,solar
CH,h6325,0.7225451968430479,scr2099,avaConv,solar
CH,h6326,0.7126224990710766,scr2099,avaConv,solar
CH,h6327,0.6550950716277633,scr2099,avaConv,solar
CH,h6328,0.5456432929873793,scr2099,avaConv,solar
CH,h6329,0.3615293231406048,scr2099,avaConv,solar
CH,h6330,0.17089773804819416,scr2099,avaConv,solar
CH,h6331,0.0396897849877776,scr2099,avaConv,solar
CH,h6332,0.0,scr2099,avaConv,solar
CH,h6333,0.0,scr2099,avaConv,solar
CH,h6334,0.0,scr2099,avaConv,solar
CH,h6335,0.0,scr2099,avaConv,solar
CH,h6336,0.0,scr2099,avaConv,solar
CH,h6337,0.0,scr2099,avaConv,solar
CH,h6338,0.0,scr2099,avaConv,solar
CH,h6339,0.0,scr2099,avaConv,solar
CH,h6340,0.0,scr2099,avaConv,solar
CH,h6341,0.0,scr2099,avaConv,solar
CH,h6342,0.00032086509572876474,scr2099,avaConv,solar
CH,h6343,0.04841939854502216,scr2099,avaConv,solar
CH,h6344,0.16377233012075526,scr2099,avaConv,solar
CH,h6345,0.33353346032940945,scr2099,avaConv,solar
CH,h6346,0.4905841775258529,scr2099,avaConv,solar
CH,h6347,0.6071902908003928,scr2099,avaConv,solar
CH,h6348,0.6848182625439748,scr2099,avaConv,solar
CH,h6349,0.7211174127130932,scr2099,avaConv,solar
CH,h6350,0.7129164472680848,scr2099,avaConv,solar
CH,h6351,0.6570193285031432,scr2099,avaConv,solar
CH,h6352,0.5491787617171324,scr2099,avaConv,solar
CH,h6353,0.36258595405336363,scr2099,avaConv,solar
CH,h6354,0.1708511633828534,scr2099,avaConv,solar
CH,h6355,0.03798033082595001,scr2099,avaConv,solar
CH,h6356,0.0,scr2099,avaConv,solar
CH,h6357,0.0,scr2099,avaConv,solar
CH,h6358,0.0,scr2099,avaConv,solar
CH,h6359,0.0,scr2099,avaConv,solar
CH,h6360,0.0,scr2099,avaConv,solar
CH,h6361,0.0,scr2099,avaConv,solar
CH,h6362,0.0,scr2099,avaConv,solar
CH,h6363,0.0,scr2099,avaConv,solar
CH,h6364,0.0,scr2099,avaConv,solar
CH,h6365,0.0,scr2099,avaConv,solar
CH,h6366,0.0002152872163943021,scr2099,avaConv,solar
CH,h6367,0.0468559006635708,scr2099,avaConv,solar
CH,h6368,0.16171810820059593,scr2099,avaConv,solar
CH,h6369,0.3320279697134871,scr2099,avaConv,solar
CH,h6370,0.4914374354330991,scr2099,avaConv,solar
CH,h6371,0.6098321645370139,scr2099,avaConv,solar
CH,h6372,0.6885414340937946,scr2099,avaConv,solar
CH,h6373,0.72567874046338,scr2099,avaConv,solar
CH,h6374,0.7177391614260534,scr2099,avaConv,solar
CH,h6375,0.6621490850619814,scr2099,avaConv,solar
CH,h6376,0.5556426240442576,scr2099,avaConv,solar
CH,h6377,0.3665101320104387,scr2099,avaConv,solar
CH,h6378,0.1728767267275599,scr2099,avaConv,solar
CH,h6379,0.03723349415304616,scr2099,avaConv,solar
CH,h6380,0.0,scr2099,avaConv,solar
CH,h6381,0.0,scr2099,avaConv,solar
CH,h6382,0.0,scr2099,avaConv,solar
CH,h6383,0.0,scr2099,avaConv,solar
CH,h6384,0.0,scr2099,avaConv,solar
CH,h6385,0.0,scr2099,avaConv,solar
CH,h6386,0.0,scr2099,avaConv,solar
CH,h6387,0.0,scr2099,avaConv,solar
CH,h6388,0.0,scr2099,avaConv,solar
CH,h6389,0.0,scr2099,avaConv,solar
CH,h6390,0.00012787469843781075,scr2099,avaConv,solar
CH,h6391,0.04420981396951055,scr2099,avaConv,solar
CH,h6392,0.13982513313456843,scr2099,avaConv,solar
CH,h6393,0.2688662199296683,scr2099,avaConv,solar
CH,h6394,0.37123535349764547,scr2099,avaConv,solar
CH,h6395,0.42892915309740215,scr2099,avaConv,solar
CH,h6396,0.48786793309075815,scr2099,avaConv,solar
CH,h6397,0.5426754437861131,scr2099,avaConv,solar
CH,h6398,0.5925067270828809,scr2099,avaConv,solar
CH,h6399,0.5873134109284995,scr2099,avaConv,solar
CH,h6400,0.5221952621187724,scr2099,avaConv,solar
CH,h6401,0.3524951920649678,scr2099,avaConv,solar
CH,h6402,0.16944683463306104,scr2099,avaConv,solar
CH,h6403,0.034287507006240184,scr2099,avaConv,solar
CH,h6404,0.0,scr2099,avaConv,solar
CH,h6405,0.0,scr2099,avaConv,solar
CH,h6406,0.0,scr2099,avaConv,solar
CH,h6407,0.0,scr2099,avaConv,solar
CH,h6408,0.0,scr2099,avaConv,solar
CH,h6409,0.0,scr2099,avaConv,solar
CH,h6410,0.0,scr2099,avaConv,solar
CH,h6411,0.0,scr2099,avaConv,solar
CH,h6412,0.0,scr2099,avaConv,solar
CH,h6413,0.0,scr2099,avaConv,solar
CH,h6414,0.0,scr2099,avaConv,solar
CH,h6415,0.040350016989516985,scr2099,avaConv,solar
CH,h6416,0.14819357211708437,scr2099,avaConv,solar
CH,h6417,0.3123647138764689,scr2099,avaConv,solar
CH,h6418,0.4708719814348713,scr2099,avaConv,solar
CH,h6419,0.5890358960483794,scr2099,avaConv,solar
CH,h6420,0.667060606359894,scr2099,avaConv,solar
CH,h6421,0.7054691624624602,scr2099,avaConv,solar
CH,h6422,0.6984753006273794,scr2099,avaConv,solar
CH,h6423,0.6455966150021477,scr2099,avaConv,solar
CH,h6424,0.5444561956725678,scr2099,avaConv,solar
CH,h6425,0.3552002573177434,scr2099,avaConv,solar
CH,h6426,0.16581817807210353,scr2099,avaConv,solar
CH,h6427,0.03156741597397713,scr2099,avaConv,solar
CH,h6428,0.0,scr2099,avaConv,solar
CH,h6429,0.0,scr2099,avaConv,solar
CH,h6430,0.0,scr2099,avaConv,solar
CH,h6431,0.0,scr2099,avaConv,solar
CH,h6432,0.0,scr2099,avaConv,solar
CH,h6433,0.0,scr2099,avaConv,solar
CH,h6434,0.0,scr2099,avaConv,solar
CH,h6435,0.0,scr2099,avaConv,solar
CH,h6436,0.0,scr2099,avaConv,solar
CH,h6437,0.0,scr2099,avaConv,solar
CH,h6438,0.0,scr2099,avaConv,solar
CH,h6439,0.037581706436241806,scr2099,avaConv,solar
CH,h6440,0.14236565586900576,scr2099,avaConv,solar
CH,h6441,0.30322594753669,scr2099,avaConv,solar
CH,h6442,0.4601300955917937,scr2099,avaConv,solar
CH,h6443,0.5668122988178679,scr2099,avaConv,solar
CH,h6444,0.6257480844823614,scr2099,avaConv,solar
CH,h6445,0.645253994992115,scr2099,avaConv,solar
CH,h6446,0.6379475661985081,scr2099,avaConv,solar
CH,h6447,0.5842817995177414,scr2099,avaConv,solar
CH,h6448,0.49697628741854233,scr2099,avaConv,solar
CH,h6449,0.3143394490748816,scr2099,avaConv,solar
CH,h6450,0.14810062742144287,scr2099,avaConv,solar
CH,h6451,0.02377434871668788,scr2099,avaConv,solar
CH,h6452,0.0,scr2099,avaConv,solar
CH,h6453,0.0,scr2099,avaConv,solar
CH,h6454,0.0,scr2099,avaConv,solar
CH,h6455,0.0,scr2099,avaConv,solar
CH,h6456,0.0,scr2099,avaConv,solar
CH,h6457,0.0,scr2099,avaConv,solar
CH,h6458,0.0,scr2099,avaConv,solar
CH,h6459,0.0,scr2099,avaConv,solar
CH,h6460,0.0,scr2099,avaConv,solar
CH,h6461,0.0,scr2099,avaConv,solar
CH,h6462,0.0,scr2099,avaConv,solar
CH,h6463,0.015097069541461958,scr2099,avaConv,solar
CH,h6464,0.07501056223500525,scr2099,avaConv,solar
CH,h6465,0.1628478201705168,scr2099,avaConv,solar
CH,h6466,0.2595832229698883,scr2099,avaConv,solar
CH,h6467,0.3396814333830989,scr2099,avaConv,solar
CH,h6468,0.4226310012824245,scr2099,avaConv,solar
CH,h6469,0.48971291174169385,scr2099,avaConv,solar
CH,h6470,0.5263157339609357,scr2099,avaConv,solar
CH,h6471,0.5186366834827427,scr2099,avaConv,solar
CH,h6472,0.4766754286293594,scr2099,avaConv,solar
CH,h6473,0.3287721219800585,scr2099,avaConv,solar
CH,h6474,0.16403895867281207,scr2099,avaConv,solar
CH,h6475,0.03057158045945167,scr2099,avaConv,solar
CH,h6476,0.0,scr2099,avaConv,solar
CH,h6477,0.0,scr2099,avaConv,solar
CH,h6478,0.0,scr2099,avaConv,solar
CH,h6479,0.0,scr2099,avaConv,solar
CH,h6480,0.0,scr2099,avaConv,solar
CH,h6481,0.0,scr2099,avaConv,solar
CH,h6482,0.0,scr2099,avaConv,solar
CH,h6483,0.0,scr2099,avaConv,solar
CH,h6484,0.0,scr2099,avaConv,solar
CH,h6485,0.0,scr2099,avaConv,solar
CH,h6486,0.0,scr2099,avaConv,solar
CH,h6487,0.0437789838437808,scr2099,avaConv,solar
CH,h6488,0.1641002684301315,scr2099,avaConv,solar
CH,h6489,0.3447125157298213,scr2099,avaConv,solar
CH,h6490,0.5184188863103617,scr2099,avaConv,solar
CH,h6491,0.641341691696715,scr2099,avaConv,solar
CH,h6492,0.7185356772764399,scr2099,avaConv,solar
CH,h6493,0.7513864969517229,scr2099,avaConv,solar
CH,h6494,0.7378551619478595,scr2099,avaConv,solar
CH,h6495,0.679227937243839,scr2099,avaConv,solar
CH,h6496,0.5782861670308492,scr2099,avaConv,solar
CH,h6497,0.3743420495006015,scr2099,avaConv,solar
CH,h6498,0.17520142605943848,scr2099,avaConv,solar
CH,h6499,0.028567109878342507,scr2099,avaConv,solar
CH,h6500,0.0,scr2099,avaConv,solar
CH,h6501,0.0,scr2099,avaConv,solar
CH,h6502,0.0,scr2099,avaConv,solar
CH,h6503,0.0,scr2099,avaConv,solar
CH,h6504,0.0,scr2099,avaConv,solar
CH,h6505,0.0,scr2099,avaConv,solar
CH,h6506,0.0,scr2099,avaConv,solar
CH,h6507,0.0,scr2099,avaConv,solar
CH,h6508,0.0,scr2099,avaConv,solar
CH,h6509,0.0,scr2099,avaConv,solar
CH,h6510,0.0,scr2099,avaConv,solar
CH,h6511,0.033667008862632845,scr2099,avaConv,solar
CH,h6512,0.13645268590855006,scr2099,avaConv,solar
CH,h6513,0.2977096894673423,scr2099,avaConv,solar
CH,h6514,0.46199916229583854,scr2099,avaConv,solar
CH,h6515,0.5854305104500891,scr2099,avaConv,solar
CH,h6516,0.6656099517470291,scr2099,avaConv,solar
CH,h6517,0.7042011153128843,scr2099,avaConv,solar
CH,h6518,0.6952891965548947,scr2099,avaConv,solar
CH,h6519,0.6346651523311969,scr2099,avaConv,solar
CH,h6520,0.5288165736359942,scr2099,avaConv,solar
CH,h6521,0.3266616449993642,scr2099,avaConv,solar
CH,h6522,0.14594855648927396,scr2099,avaConv,solar
CH,h6523,0.018620929012508593,scr2099,avaConv,solar
CH,h6524,0.0,scr2099,avaConv,solar
CH,h6525,0.0,scr2099,avaConv,solar
CH,h6526,0.0,scr2099,avaConv,solar
CH,h6527,0.0,scr2099,avaConv,solar
CH,h6528,0.0,scr2099,avaConv,solar
CH,h6529,0.0,scr2099,avaConv,solar
CH,h6530,0.0,scr2099,avaConv,solar
CH,h6531,0.0,scr2099,avaConv,solar
CH,h6532,0.0,scr2099,avaConv,solar
CH,h6533,0.0,scr2099,avaConv,solar
CH,h6534,0.0,scr2099,avaConv,solar
CH,h6535,0.013011235880906257,scr2099,avaConv,solar
CH,h6536,0.04717395716456137,scr2099,avaConv,solar
CH,h6537,0.11789861839487803,scr2099,avaConv,solar
CH,h6538,0.18951586036264587,scr2099,avaConv,solar
CH,h6539,0.2706466832540164,scr2099,avaConv,solar
CH,h6540,0.340452540972378,scr2099,avaConv,solar
CH,h6541,0.4358490682707387,scr2099,avaConv,solar
CH,h6542,0.507811197715373,scr2099,avaConv,solar
CH,h6543,0.5461039502840522,scr2099,avaConv,solar
CH,h6544,0.5146486493478346,scr2099,avaConv,solar
CH,h6545,0.3534963055433017,scr2099,avaConv,solar
CH,h6546,0.17245592954441477,scr2099,avaConv,solar
CH,h6547,0.027592996576887734,scr2099,avaConv,solar
CH,h6548,0.0,scr2099,avaConv,solar
CH,h6549,0.0,scr2099,avaConv,solar
CH,h6550,0.0,scr2099,avaConv,solar
CH,h6551,0.0,scr2099,avaConv,solar
CH,h6552,0.0,scr2099,avaConv,solar
CZ,h5809,0.0,scr2099,avaConv,solar
CZ,h5810,0.0,scr2099,avaConv,solar
CZ,h5811,0.0,scr2099,avaConv,solar
CZ,h5812,0.0,scr2099,avaConv,solar
CZ,h5813,0.0005620055595493939,scr2099,avaConv,solar
CZ,h5814,0.03018108802057647,scr2099,avaConv,solar
CZ,h5815,0.10749891429640962,scr2099,avaConv,solar
CZ,h5816,0.24013548403438043,scr2099,avaConv,solar
CZ,h5817,0.37716019676755325,scr2099,avaConv,solar
CZ,h5818,0.4993933423002652,scr2099,avaConv,solar
CZ,h5819,0.579621734762035,scr2099,avaConv,solar
CZ,h5820,0.615621287350164,scr2099,avaConv,solar
CZ,h5821,0.6003094823558133,scr2099,avaConv,solar
CZ,h5822,0.557827366390679,scr2099,avaConv,solar
CZ,h5823,0.4709406121477432,scr2099,avaConv,solar
CZ,h5824,0.3359403890476741,scr2099,avaConv,solar
CZ,h5825,0.17867571760901932,scr2099,avaConv,solar
CZ,h5826,0.06082427165154528,scr2099,avaConv,solar
CZ,h5827,0.010815272063444414,scr2099,avaConv,solar
CZ,h5828,0.00016768967526570845,scr2099,avaConv,solar
CZ,h5829,0.0,scr2099,avaConv,solar
CZ,h5830,0.0,scr2099,avaConv,solar
CZ,h5831,0.0,scr2099,avaConv,solar
CZ,h5832,0.0,scr2099,avaConv,solar
CZ,h5833,0.0,scr2099,avaConv,solar
CZ,h5834,0.0,scr2099,avaConv,solar
CZ,h5835,0.0,scr2099,avaConv,solar
CZ,h5836,0.0,scr2099,avaConv,solar
CZ,h5837,0.0002970477287141759,scr2099,avaConv,solar
CZ,h5838,0.026512147548357578,scr2099,avaConv,solar
CZ,h5839,0.10184970877238936,scr2099,avaConv,solar
CZ,h5840,0.2325566458703241,scr2099,avaConv,solar
CZ,h5841,0.373939221834582,scr2099,avaConv,solar
CZ,h5842,0.4993075783174847,scr2099,avaConv,solar
CZ,h5843,0.5932605904991628,scr2099,avaConv,solar
CZ,h5844,0.6470652400020663,scr2099,avaConv,solar
CZ,h5845,0.6541333100620795,scr2099,avaConv,solar
CZ,h5846,0.6114929984077069,scr2099,avaConv,solar
CZ,h5847,0.5172451879558617,scr2099,avaConv,solar
CZ,h5848,0.3622082220541676,scr2099,avaConv,solar
CZ,h5849,0.1954804789984965,scr2099,avaConv,solar
CZ,h5850,0.06666524410822157,scr2099,avaConv,solar
CZ,h5851,0.012669937159210009,scr2099,avaConv,solar
CZ,h5852,0.0,scr2099,avaConv,solar
CZ,h5853,0.0,scr2099,avaConv,solar
CZ,h5854,0.0,scr2099,avaConv,solar
CZ,h5855,0.0,scr2099,avaConv,solar
CZ,h5856,0.0,scr2099,avaConv,solar
CZ,h5857,0.0,scr2099,avaConv,solar
CZ,h5858,0.0,scr2099,avaConv,solar
CZ,h5859,0.0,scr2099,avaConv,solar
CZ,h5860,0.0,scr2099,avaConv,solar
CZ,h5861,0.00017685570018387525,scr2099,avaConv,solar
CZ,h5862,0.018309713673807664,scr2099,avaConv,solar
CZ,h5863,0.05449398780684508,scr2099,avaConv,solar
CZ,h5864,0.09813160769581372,scr2099,avaConv,solar
CZ,h5865,0.11741144033461376,scr2099,avaConv,solar
CZ,h5866,0.13396859500751473,scr2099,avaConv,solar
CZ,h5867,0.13782971967113397,scr2099,avaConv,solar
CZ,h5868,0.13638528432555436,scr2099,avaConv,solar
CZ,h5869,0.14128975741553917,scr2099,avaConv,solar
CZ,h5870,0.1362734773409556,scr2099,avaConv,solar
CZ,h5871,0.1249480848931027,scr2099,avaConv,solar
CZ,h5872,0.08628967479426111,scr2099,avaConv,solar
CZ,h5873,0.04849016044117928,scr2099,avaConv,solar
CZ,h5874,0.02009133889353422,scr2099,avaConv,solar
CZ,h5875,0.0025223182399277382,scr2099,avaConv,solar
CZ,h5876,0.0,scr2099,avaConv,solar
CZ,h5877,0.0,scr2099,avaConv,solar
CZ,h5878,0.0,scr2099,avaConv,solar
CZ,h5879,0.0,scr2099,avaConv,solar
CZ,h5880,0.0,scr2099,avaConv,solar
CZ,h5881,0.0,scr2099,avaConv,solar
CZ,h5882,0.0,scr2099,avaConv,solar
CZ,h5883,0.0,scr2099,avaConv,solar
CZ,h5884,0.0,scr2099,avaConv,solar
CZ,h5885,0.00013541956923502377,scr2099,avaConv,solar
CZ,h5886,0.02632231333592009,scr2099,avaConv,solar
CZ,h5887,0.10651029803765291,scr2099,avaConv,solar
CZ,h5888,0.23743242995708172,scr2099,avaConv,solar
CZ,h5889,0.3631379213703516,scr2099,avaConv,solar
CZ,h5890,0.46973009539161925,scr2099,avaConv,solar
CZ,h5891,0.5359282222480595,scr2099,avaConv,solar
CZ,h5892,0.5951781331404986,scr2099,avaConv,solar
CZ,h5893,0.6223279231331502,scr2099,avaConv,solar
CZ,h5894,0.5924138367779562,scr2099,avaConv,solar
CZ,h5895,0.48808451981555495,scr2099,avaConv,solar
CZ,h5896,0.3010856048663702,scr2099,avaConv,solar
CZ,h5897,0.1492635699102431,scr2099,avaConv,solar
CZ,h5898,0.04244611494512419,scr2099,avaConv,solar
CZ,h5899,0.0099435451530418,scr2099,avaConv,solar
CZ,h5900,0.0,scr2099,avaConv,solar
CZ,h5901,0.0,scr2099,avaConv,solar
CZ,h5902,0.0,scr2099,avaConv,solar
CZ,h5903,0.0,scr2099,avaConv,solar
CZ,h5904,0.0,scr2099,avaConv,solar
CZ,h5905,0.0,scr2099,avaConv,solar
CZ,h5906,0.0,scr2099,avaConv,solar
CZ,h5907,0.0,scr2099,avaConv,solar
CZ,h5908,0.0,scr2099,avaConv,solar
CZ,h5909,0.0,scr2099,avaConv,solar
CZ,h5910,0.011054797600592164,scr2099,avaConv,solar
CZ,h5911,0.05177348810339871,scr2099,avaConv,solar
CZ,h5912,0.12492265780939037,scr2099,avaConv,solar
CZ,h5913,0.22801551663351216,scr2099,avaConv,solar
CZ,h5914,0.3463880217710856,scr2099,avaConv,solar
CZ,h5915,0.46069469950848957,scr2099,avaConv,solar
CZ,h5916,0.5369569738983552,scr2099,avaConv,solar
CZ,h5917,0.5609638586427409,scr2099,avaConv,solar
CZ,h5918,0.5144031896955811,scr2099,avaConv,solar
CZ,h5919,0.42384502503961374,scr2099,avaConv,solar
CZ,h5920,0.281195918479799,scr2099,avaConv,solar
CZ,h5921,0.15438788564082778,scr2099,avaConv,solar
CZ,h5922,0.05392389398871377,scr2099,avaConv,solar
CZ,h5923,0.01174567690846052,scr2099,avaConv,solar
CZ,h5924,0.0,scr2099,avaConv,solar
CZ,h5925,0.0,scr2099,avaConv,solar
CZ,h5926,0.0,scr2099,avaConv,solar
CZ,h5927,0.0,scr2099,avaConv,solar
CZ,h5928,0.0,scr2099,avaConv,solar
CZ,h5929,0.0,scr2099,avaConv,solar
CZ,h5930,0.0,scr2099,avaConv,solar
CZ,h5931,0.0,scr2099,avaConv,solar
CZ,h5932,0.0,scr2099,avaConv,solar
CZ,h5933,0.0,scr2099,avaConv,solar
CZ,h5934,0.0017249306155054738,scr2099,avaConv,solar
CZ,h5935,0.011220689821963135,scr2099,avaConv,solar
CZ,h5936,0.03162431808573633,scr2099,avaConv,solar
CZ,h5937,0.05946174732169982,scr2099,avaConv,solar
CZ,h5938,0.08802387999241024,scr2099,avaConv,solar
CZ,h5939,0.1155941900321516,scr2099,avaConv,solar
CZ,h5940,0.13995056441618048,scr2099,avaConv,solar
CZ,h5941,0.15747081960878737,scr2099,avaConv,solar
CZ,h5942,0.16153172579318772,scr2099,avaConv,solar
CZ,h5943,0.1457973570952197,scr2099,avaConv,solar
CZ,h5944,0.10795626351290405,scr2099,avaConv,solar
CZ,h5945,0.06024607568446395,scr2099,avaConv,solar
CZ,h5946,0.02213527085646494,scr2099,avaConv,solar
CZ,h5947,0.0043340901732405795,scr2099,avaConv,solar
CZ,h5948,0.0,scr2099,avaConv,solar
CZ,h5949,0.0,scr2099,avaConv,solar
CZ,h5950,0.0,scr2099,avaConv,solar
CZ,h5951,0.0,scr2099,avaConv,solar
CZ,h5952,0.0,scr2099,avaConv,solar
CZ,h5953,0.0,scr2099,avaConv,solar
CZ,h5954,0.0,scr2099,avaConv,solar
CZ,h5955,0.0,scr2099,avaConv,solar
CZ,h5956,0.0,scr2099,avaConv,solar
CZ,h5957,0.0,scr2099,avaConv,solar
CZ,h5958,0.0008471578785196878,scr2099,avaConv,solar
CZ,h5959,0.007071594901029959,scr2099,avaConv,solar
CZ,h5960,0.02479366342734531,scr2099,avaConv,solar
CZ,h5961,0.05086704144295032,scr2099,avaConv,solar
CZ,h5962,0.07968601055586763,scr2099,avaConv,solar
CZ,h5963,0.09946285310961574,scr2099,avaConv,solar
CZ,h5964,0.11716988308310718,scr2099,avaConv,solar
CZ,h5965,0.127061206680358,scr2099,avaConv,solar
CZ,h5966,0.12606294558089357,scr2099,avaConv,solar
CZ,h5967,0.11613063405707803,scr2099,avaConv,solar
CZ,h5968,0.09087928872696756,scr2099,avaConv,solar
CZ,h5969,0.06103252920481203,scr2099,avaConv,solar
CZ,h5970,0.025848841253586913,scr2099,avaConv,solar
CZ,h5971,0.006591704761307505,scr2099,avaConv,solar
CZ,h5972,0.0,scr2099,avaConv,solar
CZ,h5973,0.0,scr2099,avaConv,solar
CZ,h5974,0.0,scr2099,avaConv,solar
CZ,h5975,0.0,scr2099,avaConv,solar
CZ,h5976,0.0,scr2099,avaConv,solar
CZ,h5977,0.0,scr2099,avaConv,solar
CZ,h5978,0.0,scr2099,avaConv,solar
CZ,h5979,0.0,scr2099,avaConv,solar
CZ,h5980,0.0,scr2099,avaConv,solar
CZ,h5981,0.0,scr2099,avaConv,solar
CZ,h5982,0.013042954918009615,scr2099,avaConv,solar
CZ,h5983,0.05954980554257061,scr2099,avaConv,solar
CZ,h5984,0.15481173993210273,scr2099,avaConv,solar
CZ,h5985,0.2744286533682301,scr2099,avaConv,solar
CZ,h5986,0.3908471590158538,scr2099,avaConv,solar
CZ,h5987,0.48601127571643754,scr2099,avaConv,solar
CZ,h5988,0.5521506160225799,scr2099,avaConv,solar
CZ,h5989,0.5672255953272916,scr2099,avaConv,solar
CZ,h5990,0.5235848307155738,scr2099,avaConv,solar
CZ,h5991,0.43217868676267085,scr2099,avaConv,solar
CZ,h5992,0.3027291047725258,scr2099,avaConv,solar
CZ,h5993,0.1728260243975801,scr2099,avaConv,solar
CZ,h5994,0.06400990450263205,scr2099,avaConv,solar
CZ,h5995,0.014896844707825319,scr2099,avaConv,solar
CZ,h5996,0.0,scr2099,avaConv,solar
CZ,h5997,0.0,scr2099,avaConv,solar
CZ,h5998,0.0,scr2099,avaConv,solar
CZ,h5999,0.0,scr2099,avaConv,solar
CZ,h6000,0.0,scr2099,avaConv,solar
CZ,h6001,0.0,scr2099,avaConv,solar
CZ,h6002,0.0,scr2099,avaConv,solar
CZ,h6003,0.0,scr2099,avaConv,solar
CZ,h6004,0.0,scr2099,avaConv,solar
CZ,h6005,0.0,scr2099,avaConv,solar
CZ,h6006,0.021214280793400504,scr2099,avaConv,solar
CZ,h6007,0.09278458983645134,scr2099,avaConv,solar
CZ,h6008,0.22411254853102203,scr2099,avaConv,solar
CZ,h6009,0.37240824659277005,scr2099,avaConv,solar
CZ,h6010,0.49270663001746806,scr2099,avaConv,solar
CZ,h6011,0.5899301400677673,scr2099,avaConv,solar
CZ,h6012,0.6465643317948179,scr2099,avaConv,solar
CZ,h6013,0.6755331339221289,scr2099,avaConv,solar
CZ,h6014,0.638709376486856,scr2099,avaConv,solar
CZ,h6015,0.5331597877256287,scr2099,avaConv,solar
CZ,h6016,0.35813308862464693,scr2099,avaConv,solar
CZ,h6017,0.18320433651705786,scr2099,avaConv,solar
CZ,h6018,0.06116386257391361,scr2099,avaConv,solar
CZ,h6019,0.012680484743870754,scr2099,avaConv,solar
CZ,h6020,0.0,scr2099,avaConv,solar
CZ,h6021,0.0,scr2099,avaConv,solar
CZ,h6022,0.0,scr2099,avaConv,solar
CZ,h6023,0.0,scr2099,avaConv,solar
CZ,h6024,0.0,scr2099,avaConv,solar
CZ,h6025,0.0,scr2099,avaConv,solar
CZ,h6026,0.0,scr2099,avaConv,solar
CZ,h6027,0.0,scr2099,avaConv,solar
CZ,h6028,0.0,scr2099,avaConv,solar
CZ,h6029,0.0,scr2099,avaConv,solar
CZ,h6030,0.0037108970132346993,scr2099,avaConv,solar
CZ,h6031,0.021111650873676616,scr2099,avaConv,solar
CZ,h6032,0.05920722055116832,scr2099,avaConv,solar
CZ,h6033,0.13165759953578568,scr2099,avaConv,solar
CZ,h6034,0.20840277506740795,scr2099,avaConv,solar
CZ,h6035,0.26563795299251663,scr2099,avaConv,solar
CZ,h6036,0.2844221567097153,scr2099,avaConv,solar
CZ,h6037,0.27280952429549,scr2099,avaConv,solar
CZ,h6038,0.26717859541180017,scr2099,avaConv,solar
CZ,h6039,0.2530352279230414,scr2099,avaConv,solar
CZ,h6040,0.21175834082676956,scr2099,avaConv,solar
CZ,h6041,0.13595963308566295,scr2099,avaConv,solar
CZ,h6042,0.05312084746092817,scr2099,avaConv,solar
CZ,h6043,0.012322578841354197,scr2099,avaConv,solar
CZ,h6044,0.0,scr2099,avaConv,solar
CZ,h6045,0.0,scr2099,avaConv,solar
CZ,h6046,0.0,scr2099,avaConv,solar
CZ,h6047,0.0,scr2099,avaConv,solar
CZ,h6048,0.0,scr2099,avaConv,solar
CZ,h6049,0.0,scr2099,avaConv,solar
CZ,h6050,0.0,scr2099,avaConv,solar
CZ,h6051,0.0,scr2099,avaConv,solar
CZ,h6052,0.0,scr2099,avaConv,solar
CZ,h6053,0.0,scr2099,avaConv,solar
CZ,h6054,0.021882719841771994,scr2099,avaConv,solar
CZ,h6055,0.09841749027489038,scr2099,avaConv,solar
CZ,h6056,0.23959129518759628,scr2099,avaConv,solar
CZ,h6057,0.40510874713038314,scr2099,avaConv,solar
CZ,h6058,0.5540222119662138,scr2099,avaConv,solar
CZ,h6059,0.6675921252761187,scr2099,avaConv,solar
CZ,h6060,0.7343944082047369,scr2099,avaConv,solar
CZ,h6061,0.7456650540384446,scr2099,avaConv,solar
CZ,h6062,0.698472597246949,scr2099,avaConv,solar
CZ,h6063,0.5909094288022895,scr2099,avaConv,solar
CZ,h6064,0.4158053202257071,scr2099,avaConv,solar
CZ,h6065,0.23061404378837552,scr2099,avaConv,solar
CZ,h6066,0.08235447644557914,scr2099,avaConv,solar
CZ,h6067,0.01815863358876867,scr2099,avaConv,solar
CZ,h6068,0.0,scr2099,avaConv,solar
CZ,h6069,0.0,scr2099,avaConv,solar
CZ,h6070,0.0,scr2099,avaConv,solar
CZ,h6071,0.0,scr2099,avaConv,solar
CZ,h6072,0.0,scr2099,avaConv,solar
CZ,h6073,0.0,scr2099,avaConv,solar
CZ,h6074,0.0,scr2099,avaConv,solar
CZ,h6075,0.0,scr2099,avaConv,solar
CZ,h6076,0.0,scr2099,avaConv,solar
CZ,h6077,0.0,scr2099,avaConv,solar
CZ,h6078,0.020206548983858916,scr2099,avaConv,solar
CZ,h6079,0.09176082410254965,scr2099,avaConv,solar
CZ,h6080,0.22447692727698157,scr2099,avaConv,solar
CZ,h6081,0.38020845539035636,scr2099,avaConv,solar
CZ,h6082,0.5171145000138339,scr2099,avaConv,solar
CZ,h6083,0.6172755792258748,scr2099,avaConv,solar
CZ,h6084,0.6738304402513778,scr2099,avaConv,solar
CZ,h6085,0.6828972865706646,scr2099,avaConv,solar
CZ,h6086,0.6421141887511778,scr2099,avaConv,solar
CZ,h6087,0.5446505108916094,scr2099,avaConv,solar
CZ,h6088,0.38313334186979714,scr2099,avaConv,solar
CZ,h6089,0.20767759826779078,scr2099,avaConv,solar
CZ,h6090,0.07179266620118456,scr2099,avaConv,solar
CZ,h6091,0.013897367575373857,scr2099,avaConv,solar
CZ,h6092,0.0,scr2099,avaConv,solar
CZ,h6093,0.0,scr2099,avaConv,solar
CZ,h6094,0.0,scr2099,avaConv,solar
CZ,h6095,0.0,scr2099,avaConv,solar
CZ,h6096,0.0,scr2099,avaConv,solar
CZ,h6097,0.0,scr2099,avaConv,solar
CZ,h6098,0.0,scr2099,avaConv,solar
CZ,h6099,0.0,scr2099,avaConv,solar
CZ,h6100,0.0,scr2099,avaConv,solar
CZ,h6101,0.0,scr2099,avaConv,solar
CZ,h6102,0.005276155829461882,scr2099,avaConv,solar
CZ,h6103,0.0352514661078688,scr2099,avaConv,solar
CZ,h6104,0.07970452211699698,scr2099,avaConv,solar
CZ,h6105,0.14608882884921243,scr2099,avaConv,solar
CZ,h6106,0.20072170422349692,scr2099,avaConv,solar
CZ,h6107,0.27322708232148146,scr2099,avaConv,solar
CZ,h6108,0.3441973952342938,scr2099,avaConv,solar
CZ,h6109,0.39922361730779155,scr2099,avaConv,solar
CZ,h6110,0.4068286403710233,scr2099,avaConv,solar
CZ,h6111,0.35190663257421345,scr2099,avaConv,solar
CZ,h6112,0.24329312160987518,scr2099,avaConv,solar
CZ,h6113,0.12353848625232614,scr2099,avaConv,solar
CZ,h6114,0.0372354704601041,scr2099,avaConv,solar
CZ,h6115,0.004759343261661766,scr2099,avaConv,solar
CZ,h6116,0.0,scr2099,avaConv,solar
CZ,h6117,0.0,scr2099,avaConv,solar
CZ,h6118,0.0,scr2099,avaConv,solar
CZ,h6119,0.0,scr2099,avaConv,solar
CZ,h6120,0.0,scr2099,avaConv,solar
CZ,h6121,0.0,scr2099,avaConv,solar
CZ,h6122,0.0,scr2099,avaConv,solar
CZ,h6123,0.0,scr2099,avaConv,solar
CZ,h6124,0.0,scr2099,avaConv,solar
CZ,h6125,0.0,scr2099,avaConv,solar
CZ,h6126,0.0016787248237665115,scr2099,avaConv,solar
CZ,h6127,0.014204253879346025,scr2099,avaConv,solar
CZ,h6128,0.043533755666733565,scr2099,avaConv,solar
CZ,h6129,0.08529717775295648,scr2099,avaConv,solar
CZ,h6130,0.1369777916422433,scr2099,avaConv,solar
CZ,h6131,0.20231374181674536,scr2099,avaConv,solar
CZ,h6132,0.28759129028161984,scr2099,avaConv,solar
CZ,h6133,0.3674844791207165,scr2099,avaConv,solar
CZ,h6134,0.40180620321687976,scr2099,avaConv,solar
CZ,h6135,0.36806251337913265,scr2099,avaConv,solar
CZ,h6136,0.2632396906354509,scr2099,avaConv,solar
CZ,h6137,0.13923894816704585,scr2099,avaConv,solar
CZ,h6138,0.045629562114208384,scr2099,avaConv,solar
CZ,h6139,0.006841331843445995,scr2099,avaConv,solar
CZ,h6140,0.0,scr2099,avaConv,solar
CZ,h6141,0.0,scr2099,avaConv,solar
CZ,h6142,0.0,scr2099,avaConv,solar
CZ,h6143,0.0,scr2099,avaConv,solar
CZ,h6144,0.0,scr2099,avaConv,solar
CZ,h6145,0.0,scr2099,avaConv,solar
CZ,h6146,0.0,scr2099,avaConv,solar
CZ,h6147,0.0,scr2099,avaConv,solar
CZ,h6148,0.0,scr2099,avaConv,solar
CZ,h6149,0.0,scr2099,avaConv,solar
CZ,h6150,0.007789889589114405,scr2099,avaConv,solar
CZ,h6151,0.03760066933677378,scr2099,avaConv,solar
CZ,h6152,0.08740223452274219,scr2099,avaConv,solar
CZ,h6153,0.1542125750097929,scr2099,avaConv,solar
CZ,h6154,0.2072935255178782,scr2099,avaConv,solar
CZ,h6155,0.24051692187672108,scr2099,avaConv,solar
CZ,h6156,0.22264582160042032,scr2099,avaConv,solar
CZ,h6157,0.18476644138415943,scr2099,avaConv,solar
CZ,h6158,0.1438571575975308,scr2099,avaConv,solar
CZ,h6159,0.12111260460112361,scr2099,avaConv,solar
CZ,h6160,0.09008140365426817,scr2099,avaConv,solar
CZ,h6161,0.050289941480563836,scr2099,avaConv,solar
CZ,h6162,0.015973513894285477,scr2099,avaConv,solar
CZ,h6163,0.0014476796034217194,scr2099,avaConv,solar
CZ,h6164,0.0,scr2099,avaConv,solar
CZ,h6165,0.0,scr2099,avaConv,solar
CZ,h6166,0.0,scr2099,avaConv,solar
CZ,h6167,0.0,scr2099,avaConv,solar
CZ,h6168,0.0,scr2099,avaConv,solar
CZ,h6169,0.0,scr2099,avaConv,solar
CZ,h6170,0.0,scr2099,avaConv,solar
CZ,h6171,0.0,scr2099,avaConv,solar
CZ,h6172,0.0,scr2099,avaConv,solar
CZ,h6173,0.0,scr2099,avaConv,solar
CZ,h6174,0.002078786194608749,scr2099,avaConv,solar
CZ,h6175,0.011760125997647327,scr2099,avaConv,solar
CZ,h6176,0.035233101403724154,scr2099,avaConv,solar
CZ,h6177,0.07072327001241249,scr2099,avaConv,solar
CZ,h6178,0.10645712294881017,scr2099,avaConv,solar
CZ,h6179,0.13401470085732664,scr2099,avaConv,solar
CZ,h6180,0.15244633487832487,scr2099,avaConv,solar
CZ,h6181,0.16790915339178822,scr2099,avaConv,solar
CZ,h6182,0.17861700710493814,scr2099,avaConv,solar
CZ,h6183,0.1834376648545757,scr2099,avaConv,solar
CZ,h6184,0.15692465113467668,scr2099,avaConv,solar
CZ,h6185,0.0984282071602103,scr2099,avaConv,solar
CZ,h6186,0.03720940274684762,scr2099,avaConv,solar
CZ,h6187,0.005176382796195115,scr2099,avaConv,solar
CZ,h6188,0.0,scr2099,avaConv,solar
CZ,h6189,0.0,scr2099,avaConv,solar
CZ,h6190,0.0,scr2099,avaConv,solar
CZ,h6191,0.0,scr2099,avaConv,solar
CZ,h6192,0.0,scr2099,avaConv,solar
CZ,h6193,0.0,scr2099,avaConv,solar
CZ,h6194,0.0,scr2099,avaConv,solar
CZ,h6195,0.0,scr2099,avaConv,solar
CZ,h6196,0.0,scr2099,avaConv,solar
CZ,h6197,0.0,scr2099,avaConv,solar
CZ,h6198,0.008523009435252443,scr2099,avaConv,solar
CZ,h6199,0.04568983278420049,scr2099,avaConv,solar
CZ,h6200,0.12119513996285497,scr2099,avaConv,solar
CZ,h6201,0.20766879576592912,scr2099,avaConv,solar
CZ,h6202,0.28187727993011835,scr2099,avaConv,solar
CZ,h6203,0.3456376497685702,scr2099,avaConv,solar
CZ,h6204,0.44292588715924186,scr2099,avaConv,solar
CZ,h6205,0.5494578226082827,scr2099,avaConv,solar
CZ,h6206,0.6084283394434747,scr2099,avaConv,solar
CZ,h6207,0.5450818520296056,scr2099,avaConv,solar
CZ,h6208,0.3734752979718219,scr2099,avaConv,solar
CZ,h6209,0.18032321954357042,scr2099,avaConv,solar
CZ,h6210,0.05314468371551656,scr2099,avaConv,solar
CZ,h6211,0.005977097643270284,scr2099,avaConv,solar
CZ,h6212,0.0,scr2099,avaConv,solar
CZ,h6213,0.0,scr2099,avaConv,solar
CZ,h6214,0.0,scr2099,avaConv,solar
CZ,h6215,0.0,scr2099,avaConv,solar
CZ,h6216,0.0,scr2099,avaConv,solar
CZ,h6217,0.0,scr2099,avaConv,solar
CZ,h6218,0.0,scr2099,avaConv,solar
CZ,h6219,0.0,scr2099,avaConv,solar
CZ,h6220,0.0,scr2099,avaConv,solar
CZ,h6221,0.0,scr2099,avaConv,solar
CZ,h6222,0.0010938753554329134,scr2099,avaConv,solar
CZ,h6223,0.011861080274717559,scr2099,avaConv,solar
CZ,h6224,0.03662872314650776,scr2099,avaConv,solar
CZ,h6225,0.0807554951645088,scr2099,avaConv,solar
CZ,h6226,0.13140611874391525,scr2099,avaConv,solar
CZ,h6227,0.1730475019525574,scr2099,avaConv,solar
CZ,h6228,0.19580567517963432,scr2099,avaConv,solar
CZ,h6229,0.1951774970381516,scr2099,avaConv,solar
CZ,h6230,0.17812271776089575,scr2099,avaConv,solar
CZ,h6231,0.1364873226395643,scr2099,avaConv,solar
CZ,h6232,0.08854356706166239,scr2099,avaConv,solar
CZ,h6233,0.0398860504844099,scr2099,avaConv,solar
CZ,h6234,0.013538943007106351,scr2099,avaConv,solar
CZ,h6235,0.0009421889830078529,scr2099,avaConv,solar
CZ,h6236,0.0,scr2099,avaConv,solar
CZ,h6237,0.0,scr2099,avaConv,solar
CZ,h6238,0.0,scr2099,avaConv,solar
CZ,h6239,0.0,scr2099,avaConv,solar
CZ,h6240,0.0,scr2099,avaConv,solar
CZ,h6241,0.0,scr2099,avaConv,solar
CZ,h6242,0.0,scr2099,avaConv,solar
CZ,h6243,0.0,scr2099,avaConv,solar
CZ,h6244,0.0,scr2099,avaConv,solar
CZ,h6245,0.0,scr2099,avaConv,solar
CZ,h6246,0.0029158167559748646,scr2099,avaConv,solar
CZ,h6247,0.02496287079242169,scr2099,avaConv,solar
CZ,h6248,0.081801598056919,scr2099,avaConv,solar
CZ,h6249,0.17212492139557836,scr2099,avaConv,solar
CZ,h6250,0.25570615173905853,scr2099,avaConv,solar
CZ,h6251,0.3179629491985999,scr2099,avaConv,solar
CZ,h6252,0.3498371448181035,scr2099,avaConv,solar
CZ,h6253,0.39268919355906096,scr2099,avaConv,solar
CZ,h6254,0.4168711169397228,scr2099,avaConv,solar
CZ,h6255,0.4081815913346066,scr2099,avaConv,solar
CZ,h6256,0.3167246578714715,scr2099,avaConv,solar
CZ,h6257,0.17918630378011335,scr2099,avaConv,solar
CZ,h6258,0.06379515384034128,scr2099,avaConv,solar
CZ,h6259,0.009095990409557666,scr2099,avaConv,solar
CZ,h6260,0.0,scr2099,avaConv,solar
CZ,h6261,0.0,scr2099,avaConv,solar
CZ,h6262,0.0,scr2099,avaConv,solar
CZ,h6263,0.0,scr2099,avaConv,solar
CZ,h6264,0.0,scr2099,avaConv,solar
CZ,h6265,0.0,scr2099,avaConv,solar
CZ,h6266,0.0,scr2099,avaConv,solar
CZ,h6267,0.0,scr2099,avaConv,solar
CZ,h6268,0.0,scr2099,avaConv,solar
CZ,h6269,0.0,scr2099,avaConv,solar
CZ,h6270,0.012702168036468089,scr2099,avaConv,solar
CZ,h6271,0.07613723370589585,scr2099,avaConv,solar
CZ,h6272,0.20429917024339692,scr2099,avaConv,solar
CZ,h6273,0.36592389010008264,scr2099,avaConv,solar
CZ,h6274,0.5073070367545871,scr2099,avaConv,solar
CZ,h6275,0.6064833126662441,scr2099,avaConv,solar
CZ,h6276,0.6563963718526474,scr2099,avaConv,solar
CZ,h6277,0.6454101262694542,scr2099,avaConv,solar
CZ,h6278,0.5760874262414168,scr2099,avaConv,solar
CZ,h6279,0.4728828637717281,scr2099,avaConv,solar
CZ,h6280,0.33351989837208834,scr2099,avaConv,solar
CZ,h6281,0.17816520409245146,scr2099,avaConv,solar
CZ,h6282,0.059837585943265804,scr2099,avaConv,solar
CZ,h6283,0.006157907534567382,scr2099,avaConv,solar
CZ,h6284,0.0,scr2099,avaConv,solar
CZ,h6285,0.0,scr2099,avaConv,solar
CZ,h6286,0.0,scr2099,avaConv,solar
CZ,h6287,0.0,scr2099,avaConv,solar
CZ,h6288,0.0,scr2099,avaConv,solar
CZ,h6289,0.0,scr2099,avaConv,solar
CZ,h6290,0.0,scr2099,avaConv,solar
CZ,h6291,0.0,scr2099,avaConv,solar
CZ,h6292,0.0,scr2099,avaConv,solar
CZ,h6293,0.0,scr2099,avaConv,solar
CZ,h6294,0.0051497235556512205,scr2099,avaConv,solar
CZ,h6295,0.032243489434315736,scr2099,avaConv,solar
CZ,h6296,0.09836923034029528,scr2099,avaConv,solar
CZ,h6297,0.18405058000515728,scr2099,avaConv,solar
CZ,h6298,0.2502452774435102,scr2099,avaConv,solar
CZ,h6299,0.2777195995067018,scr2099,avaConv,solar
CZ,h6300,0.3000563809451718,scr2099,avaConv,solar
CZ,h6301,0.3265498842461863,scr2099,avaConv,solar
CZ,h6302,0.32130695007892573,scr2099,avaConv,solar
CZ,h6303,0.26828992685268754,scr2099,avaConv,solar
CZ,h6304,0.18227201659434678,scr2099,avaConv,solar
CZ,h6305,0.0925295569913871,scr2099,avaConv,solar
CZ,h6306,0.03246363393194971,scr2099,avaConv,solar
CZ,h6307,0.002057830892461925,scr2099,avaConv,solar
CZ,h6308,0.0,scr2099,avaConv,solar
CZ,h6309,0.0,scr2099,avaConv,solar
CZ,h6310,0.0,scr2099,avaConv,solar
CZ,h6311,0.0,scr2099,avaConv,solar
CZ,h6312,0.0,scr2099,avaConv,solar
CZ,h6313,0.0,scr2099,avaConv,solar
CZ,h6314,0.0,scr2099,avaConv,solar
CZ,h6315,0.0,scr2099,avaConv,solar
CZ,h6316,0.0,scr2099,avaConv,solar
CZ,h6317,0.0,scr2099,avaConv,solar
CZ,h6318,0.006449457249539573,scr2099,avaConv,solar
CZ,h6319,0.049227797596060975,scr2099,avaConv,solar
CZ,h6320,0.14543797974742034,scr2099,avaConv,solar
CZ,h6321,0.2770959397260023,scr2099,avaConv,solar
CZ,h6322,0.4043559790814408,scr2099,avaConv,solar
CZ,h6323,0.4848583172185858,scr2099,avaConv,solar
CZ,h6324,0.5451666239484932,scr2099,avaConv,solar
CZ,h6325,0.5657788922420869,scr2099,avaConv,solar
CZ,h6326,0.5652005894133482,scr2099,avaConv,solar
CZ,h6327,0.51316387863349,scr2099,avaConv,solar
CZ,h6328,0.3948143382239458,scr2099,avaConv,solar
CZ,h6329,0.22084971903893735,scr2099,avaConv,solar
CZ,h6330,0.07721308834218517,scr2099,avaConv,solar
CZ,h6331,0.007925161155005776,scr2099,avaConv,solar
CZ,h6332,0.0,scr2099,avaConv,solar
CZ,h6333,0.0,scr2099,avaConv,solar
CZ,h6334,0.0,scr2099,avaConv,solar
CZ,h6335,0.0,scr2099,avaConv,solar
CZ,h6336,0.0,scr2099,avaConv,solar
CZ,h6337,0.0,scr2099,avaConv,solar
CZ,h6338,0.0,scr2099,avaConv,solar
CZ,h6339,0.0,scr2099,avaConv,solar
CZ,h6340,0.0,scr2099,avaConv,solar
CZ,h6341,0.0,scr2099,avaConv,solar
CZ,h6342,0.008959096207605282,scr2099,avaConv,solar
CZ,h6343,0.06393298278576097,scr2099,avaConv,solar
CZ,h6344,0.17981809088877154,scr2099,avaConv,solar
CZ,h6345,0.3391806171822555,scr2099,avaConv,solar
CZ,h6346,0.48424978509402916,scr2099,avaConv,solar
CZ,h6347,0.5976279892269785,scr2099,avaConv,solar
CZ,h6348,0.6674330932602259,scr2099,avaConv,solar
CZ,h6349,0.6879203694567063,scr2099,avaConv,solar
CZ,h6350,0.6545072658930298,scr2099,avaConv,solar
CZ,h6351,0.5641398023763795,scr2099,avaConv,solar
CZ,h6352,0.4130446219755211,scr2099,avaConv,solar
CZ,h6353,0.2185620793205798,scr2099,avaConv,solar
CZ,h6354,0.07387542627588169,scr2099,avaConv,solar
CZ,h6355,0.006687362676748757,scr2099,avaConv,solar
CZ,h6356,0.0,scr2099,avaConv,solar
CZ,h6357,0.0,scr2099,avaConv,solar
CZ,h6358,0.0,scr2099,avaConv,solar
CZ,h6359,0.0,scr2099,avaConv,solar
CZ,h6360,0.0,scr2099,avaConv,solar
CZ,h6361,0.0,scr2099,avaConv,solar
CZ,h6362,0.0,scr2099,avaConv,solar
CZ,h6363,0.0,scr2099,avaConv,solar
CZ,h6364,0.0,scr2099,avaConv,solar
CZ,h6365,0.0,scr2099,avaConv,solar
CZ,h6366,0.007113205386675052,scr2099,avaConv,solar
CZ,h6367,0.05728011938347346,scr2099,avaConv,solar
CZ,h6368,0.16672282032810432,scr2099,avaConv,solar
CZ,h6369,0.3213131341964966,scr2099,avaConv,solar
CZ,h6370,0.4640293129785412,scr2099,avaConv,solar
CZ,h6371,0.5764194691478698,scr2099,avaConv,solar
CZ,h6372,0.64353025576819,scr2099,avaConv,solar
CZ,h6373,0.6545396632610343,scr2099,avaConv,solar
CZ,h6374,0.6125629602930813,scr2099,avaConv,solar
CZ,h6375,0.5226517511650588,scr2099,avaConv,solar
CZ,h6376,0.38417525264196284,scr2099,avaConv,solar
CZ,h6377,0.20352417923016228,scr2099,avaConv,solar
CZ,h6378,0.06836594495938292,scr2099,avaConv,solar
CZ,h6379,0.005421777408201897,scr2099,avaConv,solar
CZ,h6380,0.0,scr2099,avaConv,solar
CZ,h6381,0.0,scr2099,avaConv,solar
CZ,h6382,0.0,scr2099,avaConv,solar
CZ,h6383,0.0,scr2099,avaConv,solar
CZ,h6384,0.0,scr2099,avaConv,solar
CZ,h6385,0.0,scr2099,avaConv,solar
CZ,h6386,0.0,scr2099,avaConv,solar
CZ,h6387,0.0,scr2099,avaConv,solar
CZ,h6388,0.0,scr2099,avaConv,solar
CZ,h6389,0.0,scr2099,avaConv,solar
CZ,h6390,0.006120568607193961,scr2099,avaConv,solar
CZ,h6391,0.0493858004503395,scr2099,avaConv,solar
CZ,h6392,0.1490935702971073,scr2099,avaConv,solar
CZ,h6393,0.30039543683162573,scr2099,avaConv,solar
CZ,h6394,0.4349977642424726,scr2099,avaConv,solar
CZ,h6395,0.5329802174596474,scr2099,avaConv,solar
CZ,h6396,0.578719165968082,scr2099,avaConv,solar
CZ,h6397,0.6051552503309481,scr2099,avaConv,solar
CZ,h6398,0.5815302352435097,scr2099,avaConv,solar
CZ,h6399,0.5084669572854291,scr2099,avaConv,solar
CZ,h6400,0.366528050421466,scr2099,avaConv,solar
CZ,h6401,0.18895951780202744,scr2099,avaConv,solar
CZ,h6402,0.061546874445169084,scr2099,avaConv,solar
CZ,h6403,0.0033765180330534,scr2099,avaConv,solar
CZ,h6404,0.0,scr2099,avaConv,solar
CZ,h6405,0.0,scr2099,avaConv,solar
CZ,h6406,0.0,scr2099,avaConv,solar
CZ,h6407,0.0,scr2099,avaConv,solar
CZ,h6408,0.0,scr2099,avaConv,solar
CZ,h6409,0.0,scr2099,avaConv,solar
CZ,h6410,0.0,scr2099,avaConv,solar
CZ,h6411,0.0,scr2099,avaConv,solar
CZ,h6412,0.0,scr2099,avaConv,solar
CZ,h6413,0.0,scr2099,avaConv,solar
CZ,h6414,0.0051378418107282655,scr2099,avaConv,solar
CZ,h6415,0.05103122064263634,scr2099,avaConv,solar
CZ,h6416,0.1537528610876509,scr2099,avaConv,solar
CZ,h6417,0.3035261424537878,scr2099,avaConv,solar
CZ,h6418,0.44456867894043717,scr2099,avaConv,solar
CZ,h6419,0.5567409854016101,scr2099,avaConv,solar
CZ,h6420,0.6187882238481521,scr2099,avaConv,solar
CZ,h6421,0.6360049084217579,scr2099,avaConv,solar
CZ,h6422,0.5853250276797783,scr2099,avaConv,solar
CZ,h6423,0.5029348038504374,scr2099,avaConv,solar
CZ,h6424,0.34178581349348053,scr2099,avaConv,solar
CZ,h6425,0.17306889608378836,scr2099,avaConv,solar
CZ,h6426,0.046341387828376185,scr2099,avaConv,solar
CZ,h6427,0.0025927619985829176,scr2099,avaConv,solar
CZ,h6428,0.0,scr2099,avaConv,solar
CZ,h6429,0.0,scr2099,avaConv,solar
CZ,h6430,0.0,scr2099,avaConv,solar
CZ,h6431,0.0,scr2099,avaConv,solar
CZ,h6432,0.0,scr2099,avaConv,solar
CZ,h6433,0.0,scr2099,avaConv,solar
CZ,h6434,0.0,scr2099,avaConv,solar
CZ,h6435,0.0,scr2099,avaConv,solar
CZ,h6436,0.0,scr2099,avaConv,solar
CZ,h6437,0.0,scr2099,avaConv,solar
CZ,h6438,0.0034872700290110126,scr2099,avaConv,solar
CZ,h6439,0.03229744094035174,scr2099,avaConv,solar
CZ,h6440,0.09717843003043737,scr2099,avaConv,solar
CZ,h6441,0.19483368094957926,scr2099,avaConv,solar
CZ,h6442,0.3358622214091614,scr2099,avaConv,solar
CZ,h6443,0.4860892381811666,scr2099,avaConv,solar
CZ,h6444,0.614100000860578,scr2099,avaConv,solar
CZ,h6445,0.6573138427023297,scr2099,avaConv,solar
CZ,h6446,0.6320322557091169,scr2099,avaConv,solar
CZ,h6447,0.5514697793368879,scr2099,avaConv,solar
CZ,h6448,0.3965769080159279,scr2099,avaConv,solar
CZ,h6449,0.20227217010753612,scr2099,avaConv,solar
CZ,h6450,0.060619067514242744,scr2099,avaConv,solar
CZ,h6451,0.0032594467978683474,scr2099,avaConv,solar
CZ,h6452,0.0,scr2099,avaConv,solar
CZ,h6453,0.0,scr2099,avaConv,solar
CZ,h6454,0.0,scr2099,avaConv,solar
CZ,h6455,0.0,scr2099,avaConv,solar
CZ,h6456,0.0,scr2099,avaConv,solar
CZ,h6457,0.0,scr2099,avaConv,solar
CZ,h6458,0.0,scr2099,avaConv,solar
CZ,h6459,0.0,scr2099,avaConv,solar
CZ,h6460,0.0,scr2099,avaConv,solar
CZ,h6461,0.0,scr2099,avaConv,solar
CZ,h6462,0.0026952845381176625,scr2099,avaConv,solar
CZ,h6463,0.026407946378948225,scr2099,avaConv,solar
CZ,h6464,0.07288992640031965,scr2099,avaConv,solar
CZ,h6465,0.14802529493396585,scr2099,avaConv,solar
CZ,h6466,0.21430633256760645,scr2099,avaConv,solar
CZ,h6467,0.2600637878282273,scr2099,avaConv,solar
CZ,h6468,0.2741064557516009,scr2099,avaConv,solar
CZ,h6469,0.27351969897563755,scr2099,avaConv,solar
CZ,h6470,0.29973504490644365,scr2099,avaConv,solar
CZ,h6471,0.29298946989234986,scr2099,avaConv,solar
CZ,h6472,0.24308048380106956,scr2099,avaConv,solar
CZ,h6473,0.1232322790819087,scr2099,avaConv,solar
CZ,h6474,0.04025625559417578,scr2099,avaConv,solar
CZ,h6475,0.0021555169874331696,scr2099,avaConv,solar
CZ,h6476,0.0,scr2099,avaConv,solar
CZ,h6477,0.0,scr2099,avaConv,solar
CZ,h6478,0.0,scr2099,avaConv,solar
CZ,h6479,0.0,scr2099,avaConv,solar
CZ,h6480,0.0,scr2099,avaConv,solar
CZ,h6481,0.0,scr2099,avaConv,solar
CZ,h6482,0.0,scr2099,avaConv,solar
CZ,h6483,0.0,scr2099,avaConv,solar
CZ,h6484,0.0,scr2099,avaConv,solar
CZ,h6485,0.0,scr2099,avaConv,solar
CZ,h6486,0.0030417862048660975,scr2099,avaConv,solar
CZ,h6487,0.045287722931146135,scr2099,avaConv,solar
CZ,h6488,0.1480491028846747,scr2099,avaConv,solar
CZ,h6489,0.3094773577704943,scr2099,avaConv,solar
CZ,h6490,0.4622611277866415,scr2099,avaConv,solar
CZ,h6491,0.5748981626543324,scr2099,avaConv,solar
CZ,h6492,0.6651299777463662,scr2099,avaConv,solar
CZ,h6493,0.7079393881944283,scr2099,avaConv,solar
CZ,h6494,0.7020888423354655,scr2099,avaConv,solar
CZ,h6495,0.6115720144528126,scr2099,avaConv,solar
CZ,h6496,0.4273456934693017,scr2099,avaConv,solar
CZ,h6497,0.21163994284309323,scr2099,avaConv,solar
CZ,h6498,0.056428836024684424,scr2099,avaConv,solar
CZ,h6499,0.0026497129131773994,scr2099,avaConv,solar
CZ,h6500,0.0,scr2099,avaConv,solar
CZ,h6501,0.0,scr2099,avaConv,solar
CZ,h6502,0.0,scr2099,avaConv,solar
CZ,h6503,0.0,scr2099,avaConv,solar
CZ,h6504,0.0,scr2099,avaConv,solar
CZ,h6505,0.0,scr2099,avaConv,solar
CZ,h6506,0.0,scr2099,avaConv,solar
CZ,h6507,0.0,scr2099,avaConv,solar
CZ,h6508,0.0,scr2099,avaConv,solar
CZ,h6509,0.0,scr2099,avaConv,solar
CZ,h6510,0.00267616495324307,scr2099,avaConv,solar
CZ,h6511,0.04406735391886379,scr2099,avaConv,solar
CZ,h6512,0.141577563385085,scr2099,avaConv,solar
CZ,h6513,0.2829862706331087,scr2099,avaConv,solar
CZ,h6514,0.4138729576660512,scr2099,avaConv,solar
CZ,h6515,0.5171574988453147,scr2099,avaConv,solar
CZ,h6516,0.5914215698962646,scr2099,avaConv,solar
CZ,h6517,0.6148051925748906,scr2099,avaConv,solar
CZ,h6518,0.5899399314667257,scr2099,avaConv,solar
CZ,h6519,0.518494695204424,scr2099,avaConv,solar
CZ,h6520,0.3527203296902052,scr2099,avaConv,solar
CZ,h6521,0.16980659373768375,scr2099,avaConv,solar
CZ,h6522,0.03586184741712358,scr2099,avaConv,solar
CZ,h6523,0.0012816423589646977,scr2099,avaConv,solar
CZ,h6524,0.0,scr2099,avaConv,solar
CZ,h6525,0.0,scr2099,avaConv,solar
CZ,h6526,0.0,scr2099,avaConv,solar
CZ,h6527,0.0,scr2099,avaConv,solar
CZ,h6528,0.0,scr2099,avaConv,solar
CZ,h6529,0.0,scr2099,avaConv,solar
CZ,h6530,0.0,scr2099,avaConv,solar
CZ,h6531,0.0,scr2099,avaConv,solar
CZ,h6532,0.0,scr2099,avaConv,solar
CZ,h6533,0.0,scr2099,avaConv,solar
CZ,h6534,0.0008193903460494532,scr2099,avaConv,solar
CZ,h6535,0.014007756666777128,scr2099,avaConv,solar
CZ,h6536,0.047354361347538156,scr2099,avaConv,solar
CZ,h6537,0.10207772748889342,scr2099,avaConv,solar
CZ,h6538,0.15460888366914866,scr2099,avaConv,solar
CZ,h6539,0.19743867453483185,scr2099,avaConv,solar
CZ,h6540,0.21750984845475016,scr2099,avaConv,solar
CZ,h6541,0.2114389644563712,scr2099,avaConv,solar
CZ,h6542,0.167748797756773,scr2099,avaConv,solar
CZ,h6543,0.11497130335873267,scr2099,avaConv,solar
CZ,h6544,0.05972215576182015,scr2099,avaConv,solar
CZ,h6545,0.02505392540695156,scr2099,avaConv,solar
CZ,h6546,0.004737381412582957,scr2099,avaConv,solar
CZ,h6547,0.0,scr2099,avaConv,solar
CZ,h6548,0.0,scr2099,avaConv,solar
CZ,h6549,0.0,scr2099,avaConv,solar
CZ,h6550,0.0,scr2099,avaConv,solar
CZ,h6551,0.0,scr2099,avaConv,solar
CZ,h6552,0.0,scr2099,avaConv,solar
DE,h5809,0.0,scr2099,avaConv,solar
DE,h5810,0.0,scr2099,avaConv,solar
DE,h5811,0.0,scr2099,avaConv,solar
DE,h5812,0.0,scr2099,avaConv,solar
DE,h5813,0.0,scr2099,avaConv,solar
DE,h5814,0.0171108577875206,scr2099,avaConv,solar
DE,h5815,0.06703693357164198,scr2099,avaConv,solar
DE,h5816,0.16984703223965134,scr2099,avaConv,solar
DE,h5817,0.29520178651542917,scr2099,avaConv,solar
DE,h5818,0.41931486451466765,scr2099,avaConv,solar
DE,h5819,0.5027724128302322,scr2099,avaConv,solar
DE,h5820,0.5446929129616896,scr2099,avaConv,solar
DE,h5821,0.5513568034401891,scr2099,avaConv,solar
DE,h5822,0.5216758200007072,scr2099,avaConv,solar
DE,h5823,0.4603177762255467,scr2099,avaConv,solar
DE,h5824,0.35561848059679585,scr2099,avaConv,solar
DE,h5825,0.20353157598200844,scr2099,avaConv,solar
DE,h5826,0.08692057243759468,scr2099,avaConv,solar
DE,h5827,0.011999821721034752,scr2099,avaConv,solar
DE,h5828,0.0060630792525496755,scr2099,avaConv,solar
DE,h5829,0.0,scr2099,avaConv,solar
DE,h5830,0.0,scr2099,avaConv,solar
DE,h5831,0.0,scr2099,avaConv,solar
DE,h5832,0.0,scr2099,avaConv,solar
DE,h5833,0.0,scr2099,avaConv,solar
DE,h5834,0.0,scr2099,avaConv,solar
DE,h5835,0.0,scr2099,avaConv,solar
DE,h5836,0.0,scr2099,avaConv,solar
DE,h5837,0.0,scr2099,avaConv,solar
DE,h5838,0.018713892730224457,scr2099,avaConv,solar
DE,h5839,0.07749764532537222,scr2099,avaConv,solar
DE,h5840,0.17105148103865328,scr2099,avaConv,solar
DE,h5841,0.27154916970735415,scr2099,avaConv,solar
DE,h5842,0.34503506783359716,scr2099,avaConv,solar
DE,h5843,0.39113116820885857,scr2099,avaConv,solar
DE,h5844,0.413277599543344,scr2099,avaConv,solar
DE,h5845,0.4206085727272134,scr2099,avaConv,solar
DE,h5846,0.4166904983420522,scr2099,avaConv,solar
DE,h5847,0.37761252417495883,scr2099,avaConv,solar
DE,h5848,0.29605676057527863,scr2099,avaConv,solar
DE,h5849,0.1645213275963004,scr2099,avaConv,solar
DE,h5850,0.06543240680290258,scr2099,avaConv,solar
DE,h5851,0.007779094891526533,scr2099,avaConv,solar
DE,h5852,0.0029858632600662837,scr2099,avaConv,solar
DE,h5853,0.0,scr2099,avaConv,solar
DE,h5854,0.0,scr2099,avaConv,solar
DE,h5855,0.0,scr2099,avaConv,solar
DE,h5856,0.0,scr2099,avaConv,solar
DE,h5857,0.0,scr2099,avaConv,solar
DE,h5858,0.0,scr2099,avaConv,solar
DE,h5859,0.0,scr2099,avaConv,solar
DE,h5860,0.0,scr2099,avaConv,solar
DE,h5861,0.0,scr2099,avaConv,solar
DE,h5862,0.0095191867474502,scr2099,avaConv,solar
DE,h5863,0.042057028924861455,scr2099,avaConv,solar
DE,h5864,0.10291163734894082,scr2099,avaConv,solar
DE,h5865,0.17284311377898887,scr2099,avaConv,solar
DE,h5866,0.23284744843984254,scr2099,avaConv,solar
DE,h5867,0.2716483397939877,scr2099,avaConv,solar
DE,h5868,0.2960197762968663,scr2099,avaConv,solar
DE,h5869,0.30304918961958605,scr2099,avaConv,solar
DE,h5870,0.29685120591310754,scr2099,avaConv,solar
DE,h5871,0.27322524095433826,scr2099,avaConv,solar
DE,h5872,0.22731979691599818,scr2099,avaConv,solar
DE,h5873,0.1378251151187583,scr2099,avaConv,solar
DE,h5874,0.06360563517511085,scr2099,avaConv,solar
DE,h5875,0.010510993205064503,scr2099,avaConv,solar
DE,h5876,0.005598146449738109,scr2099,avaConv,solar
DE,h5877,0.0,scr2099,avaConv,solar
DE,h5878,0.0,scr2099,avaConv,solar
DE,h5879,0.0,scr2099,avaConv,solar
DE,h5880,0.0,scr2099,avaConv,solar
DE,h5881,0.0,scr2099,avaConv,solar
DE,h5882,0.0,scr2099,avaConv,solar
DE,h5883,0.0,scr2099,avaConv,solar
DE,h5884,0.0,scr2099,avaConv,solar
DE,h5885,0.0,scr2099,avaConv,solar
DE,h5886,0.015068780611940155,scr2099,avaConv,solar
DE,h5887,0.0597399901625241,scr2099,avaConv,solar
DE,h5888,0.13497260745468312,scr2099,avaConv,solar
DE,h5889,0.2086061197192419,scr2099,avaConv,solar
DE,h5890,0.2661987812012323,scr2099,avaConv,solar
DE,h5891,0.30312199556650865,scr2099,avaConv,solar
DE,h5892,0.3296314467413927,scr2099,avaConv,solar
DE,h5893,0.3235126011077814,scr2099,avaConv,solar
DE,h5894,0.2833720196529132,scr2099,avaConv,solar
DE,h5895,0.21191363777906144,scr2099,avaConv,solar
DE,h5896,0.13843304785738952,scr2099,avaConv,solar
DE,h5897,0.06848431622105774,scr2099,avaConv,solar
DE,h5898,0.024871523725313302,scr2099,avaConv,solar
DE,h5899,0.002322444569175251,scr2099,avaConv,solar
DE,h5900,0.00023463446670551368,scr2099,avaConv,solar
DE,h5901,0.0,scr2099,avaConv,solar
DE,h5902,0.0,scr2099,avaConv,solar
DE,h5903,0.0,scr2099,avaConv,solar
DE,h5904,0.0,scr2099,avaConv,solar
DE,h5905,0.0,scr2099,avaConv,solar
DE,h5906,0.0,scr2099,avaConv,solar
DE,h5907,0.0,scr2099,avaConv,solar
DE,h5908,0.0,scr2099,avaConv,solar
DE,h5909,0.0,scr2099,avaConv,solar
DE,h5910,0.006167099619925828,scr2099,avaConv,solar
DE,h5911,0.031232662351976043,scr2099,avaConv,solar
DE,h5912,0.08182808470658592,scr2099,avaConv,solar
DE,h5913,0.15236000732583554,scr2099,avaConv,solar
DE,h5914,0.22795865226495532,scr2099,avaConv,solar
DE,h5915,0.30370659306155645,scr2099,avaConv,solar
DE,h5916,0.36287181921182293,scr2099,avaConv,solar
DE,h5917,0.39333308474698325,scr2099,avaConv,solar
DE,h5918,0.3905218977078917,scr2099,avaConv,solar
DE,h5919,0.35893575372875025,scr2099,avaConv,solar
DE,h5920,0.2947266154254217,scr2099,avaConv,solar
DE,h5921,0.17733538732928342,scr2099,avaConv,solar
DE,h5922,0.07720441233019935,scr2099,avaConv,solar
DE,h5923,0.011161697578826906,scr2099,avaConv,solar
DE,h5924,0.0038436007184158016,scr2099,avaConv,solar
DE,h5925,0.0,scr2099,avaConv,solar
DE,h5926,0.0,scr2099,avaConv,solar
DE,h5927,0.0,scr2099,avaConv,solar
DE,h5928,0.0,scr2099,avaConv,solar
DE,h5929,0.0,scr2099,avaConv,solar
DE,h5930,0.0,scr2099,avaConv,solar
DE,h5931,0.0,scr2099,avaConv,solar
DE,h5932,0.0,scr2099,avaConv,solar
DE,h5933,0.0,scr2099,avaConv,solar
DE,h5934,0.010909349118072228,scr2099,avaConv,solar
DE,h5935,0.05207920795144665,scr2099,avaConv,solar
DE,h5936,0.12415434373721171,scr2099,avaConv,solar
DE,h5937,0.20974528808637766,scr2099,avaConv,solar
DE,h5938,0.2844893832887141,scr2099,avaConv,solar
DE,h5939,0.3415631721339366,scr2099,avaConv,solar
DE,h5940,0.38309827917696415,scr2099,avaConv,solar
DE,h5941,0.4049096843673615,scr2099,avaConv,solar
DE,h5942,0.40228307909055167,scr2099,avaConv,solar
DE,h5943,0.36517647434625,scr2099,avaConv,solar
DE,h5944,0.2903452620151412,scr2099,avaConv,solar
DE,h5945,0.17053962589734162,scr2099,avaConv,solar
DE,h5946,0.07289398448458148,scr2099,avaConv,solar
DE,h5947,0.0105655913609705,scr2099,avaConv,solar
DE,h5948,0.003062032441276385,scr2099,avaConv,solar
DE,h5949,0.0,scr2099,avaConv,solar
DE,h5950,0.0,scr2099,avaConv,solar
DE,h5951,0.0,scr2099,avaConv,solar
DE,h5952,0.0,scr2099,avaConv,solar
DE,h5953,0.0,scr2099,avaConv,solar
DE,h5954,0.0,scr2099,avaConv,solar
DE,h5955,0.0,scr2099,avaConv,solar
DE,h5956,0.0,scr2099,avaConv,solar
DE,h5957,0.0,scr2099,avaConv,solar
DE,h5958,0.009630052912178088,scr2099,avaConv,solar
DE,h5959,0.049725983806328755,scr2099,avaConv,solar
DE,h5960,0.12209548454765329,scr2099,avaConv,solar
DE,h5961,0.2134000246600851,scr2099,avaConv,solar
DE,h5962,0.297100055610898,scr2099,avaConv,solar
DE,h5963,0.36668244264915645,scr2099,avaConv,solar
DE,h5964,0.41976709225510506,scr2099,avaConv,solar
DE,h5965,0.45143849071138076,scr2099,avaConv,solar
DE,h5966,0.4528139562496209,scr2099,avaConv,solar
DE,h5967,0.4193747707735634,scr2099,avaConv,solar
DE,h5968,0.3418256854390812,scr2099,avaConv,solar
DE,h5969,0.20858585804776003,scr2099,avaConv,solar
DE,h5970,0.09176019175283574,scr2099,avaConv,solar
DE,h5971,0.014587945554274425,scr2099,avaConv,solar
DE,h5972,0.0035451147865568204,scr2099,avaConv,solar
DE,h5973,0.0,scr2099,avaConv,solar
DE,h5974,0.0,scr2099,avaConv,solar
DE,h5975,0.0,scr2099,avaConv,solar
DE,h5976,0.0,scr2099,avaConv,solar
DE,h5977,0.0,scr2099,avaConv,solar
DE,h5978,0.0,scr2099,avaConv,solar
DE,h5979,0.0,scr2099,avaConv,solar
DE,h5980,0.0,scr2099,avaConv,solar
DE,h5981,0.0,scr2099,avaConv,solar
DE,h5982,0.015580835303537429,scr2099,avaConv,solar
DE,h5983,0.07512517292887225,scr2099,avaConv,solar
DE,h5984,0.18339634344047429,scr2099,avaConv,solar
DE,h5985,0.3137166900026853,scr2099,avaConv,solar
DE,h5986,0.4300569154848247,scr2099,avaConv,solar
DE,h5987,0.5217103873412803,scr2099,avaConv,solar
DE,h5988,0.5865283416592009,scr2099,avaConv,solar
DE,h5989,0.6122470541623591,scr2099,avaConv,solar
DE,h5990,0.5919431788573974,scr2099,avaConv,solar
DE,h5991,0.5258052865066741,scr2099,avaConv,solar
DE,h5992,0.41291157150580526,scr2099,avaConv,solar
DE,h5993,0.25122636761659156,scr2099,avaConv,solar
DE,h5994,0.10936885680358714,scr2099,avaConv,solar
DE,h5995,0.02116065662705847,scr2099,avaConv,solar
DE,h5996,0.002708802101769647,scr2099,avaConv,solar
DE,h5997,0.0,scr2099,avaConv,solar
DE,h5998,0.0,scr2099,avaConv,solar
DE,h5999,0.0,scr2099,avaConv,solar
DE,h6000,0.0,scr2099,avaConv,solar
DE,h6001,0.0,scr2099,avaConv,solar
DE,h6002,0.0,scr2099,avaConv,solar
DE,h6003,0.0,scr2099,avaConv,solar
DE,h6004,0.0,scr2099,avaConv,solar
DE,h6005,0.0,scr2099,avaConv,solar
DE,h6006,0.012217564615741229,scr2099,avaConv,solar
DE,h6007,0.05579686710787987,scr2099,avaConv,solar
DE,h6008,0.13680222834859904,scr2099,avaConv,solar
DE,h6009,0.23265808014142325,scr2099,avaConv,solar
DE,h6010,0.3164483559523544,scr2099,avaConv,solar
DE,h6011,0.3708655543366566,scr2099,avaConv,solar
DE,h6012,0.39178535888182786,scr2099,avaConv,solar
DE,h6013,0.3908979137200405,scr2099,avaConv,solar
DE,h6014,0.36640546395576545,scr2099,avaConv,solar
DE,h6015,0.3255488547486138,scr2099,avaConv,solar
DE,h6016,0.2532898990187835,scr2099,avaConv,solar
DE,h6017,0.15397299880345816,scr2099,avaConv,solar
DE,h6018,0.0659991245151232,scr2099,avaConv,solar
DE,h6019,0.012120006864647415,scr2099,avaConv,solar
DE,h6020,0.0003956704155895177,scr2099,avaConv,solar
DE,h6021,0.0,scr2099,avaConv,solar
DE,h6022,0.0,scr2099,avaConv,solar
DE,h6023,0.0,scr2099,avaConv,solar
DE,h6024,0.0,scr2099,avaConv,solar
DE,h6025,0.0,scr2099,avaConv,solar
DE,h6026,0.0,scr2099,avaConv,solar
DE,h6027,0.0,scr2099,avaConv,solar
DE,h6028,0.0,scr2099,avaConv,solar
DE,h6029,0.0,scr2099,avaConv,solar
DE,h6030,0.003816466376963626,scr2099,avaConv,solar
DE,h6031,0.02888593697529295,scr2099,avaConv,solar
DE,h6032,0.08409829615695598,scr2099,avaConv,solar
DE,h6033,0.1645612143858056,scr2099,avaConv,solar
DE,h6034,0.24333795204917094,scr2099,avaConv,solar
DE,h6035,0.30513687962193264,scr2099,avaConv,solar
DE,h6036,0.35385196136382147,scr2099,avaConv,solar
DE,h6037,0.3882041383367544,scr2099,avaConv,solar
DE,h6038,0.4097311080343751,scr2099,avaConv,solar
DE,h6039,0.39814022386348336,scr2099,avaConv,solar
DE,h6040,0.33758423876766586,scr2099,avaConv,solar
DE,h6041,0.21732902773534596,scr2099,avaConv,solar
DE,h6042,0.09814724578928676,scr2099,avaConv,solar
DE,h6043,0.021050399495838146,scr2099,avaConv,solar
DE,h6044,0.0022132723813495384,scr2099,avaConv,solar
DE,h6045,0.0,scr2099,avaConv,solar
DE,h6046,0.0,scr2099,avaConv,solar
DE,h6047,0.0,scr2099,avaConv,solar
DE,h6048,0.0,scr2099,avaConv,solar
DE,h6049,0.0,scr2099,avaConv,solar
DE,h6050,0.0,scr2099,avaConv,solar
DE,h6051,0.0,scr2099,avaConv,solar
DE,h6052,0.0,scr2099,avaConv,solar
DE,h6053,0.0,scr2099,avaConv,solar
DE,h6054,0.01604283999496603,scr2099,avaConv,solar
DE,h6055,0.0823776949867723,scr2099,avaConv,solar
DE,h6056,0.2023092317786067,scr2099,avaConv,solar
DE,h6057,0.3476866536219124,scr2099,avaConv,solar
DE,h6058,0.4754008127244267,scr2099,avaConv,solar
DE,h6059,0.5716560251639068,scr2099,avaConv,solar
DE,h6060,0.6342855150595043,scr2099,avaConv,solar
DE,h6061,0.6563602507769637,scr2099,avaConv,solar
DE,h6062,0.6339274792390885,scr2099,avaConv,solar
DE,h6063,0.5627002245121873,scr2099,avaConv,solar
DE,h6064,0.4392525763281138,scr2099,avaConv,solar
DE,h6065,0.2719580913891057,scr2099,avaConv,solar
DE,h6066,0.12062992643395767,scr2099,avaConv,solar
DE,h6067,0.028055390843000193,scr2099,avaConv,solar
DE,h6068,0.0016908597674886844,scr2099,avaConv,solar
DE,h6069,0.0,scr2099,avaConv,solar
DE,h6070,0.0,scr2099,avaConv,solar
DE,h6071,0.0,scr2099,avaConv,solar
DE,h6072,0.0,scr2099,avaConv,solar
DE,h6073,0.0,scr2099,avaConv,solar
DE,h6074,0.0,scr2099,avaConv,solar
DE,h6075,0.0,scr2099,avaConv,solar
DE,h6076,0.0,scr2099,avaConv,solar
DE,h6077,0.0,scr2099,avaConv,solar
DE,h6078,0.012964822454868666,scr2099,avaConv,solar
DE,h6079,0.06899900890239254,scr2099,avaConv,solar
DE,h6080,0.17041194830488957,scr2099,avaConv,solar
DE,h6081,0.2931322241094156,scr2099,avaConv,solar
DE,h6082,0.39637506638110154,scr2099,avaConv,solar
DE,h6083,0.47988604336191876,scr2099,avaConv,solar
DE,h6084,0.5401024212992094,scr2099,avaConv,solar
DE,h6085,0.5750917586502677,scr2099,avaConv,solar
DE,h6086,0.556857615704102,scr2099,avaConv,solar
DE,h6087,0.4871487149780975,scr2099,avaConv,solar
DE,h6088,0.3677423305058722,scr2099,avaConv,solar
DE,h6089,0.22190299908198516,scr2099,avaConv,solar
DE,h6090,0.09597570464476272,scr2099,avaConv,solar
DE,h6091,0.021248426515369626,scr2099,avaConv,solar
DE,h6092,0.0005153034457210362,scr2099,avaConv,solar
DE,h6093,0.0,scr2099,avaConv,solar
DE,h6094,0.0,scr2099,avaConv,solar
DE,h6095,0.0,scr2099,avaConv,solar
DE,h6096,0.0,scr2099,avaConv,solar
DE,h6097,0.0,scr2099,avaConv,solar
DE,h6098,0.0,scr2099,avaConv,solar
DE,h6099,0.0,scr2099,avaConv,solar
DE,h6100,0.0,scr2099,avaConv,solar
DE,h6101,0.0,scr2099,avaConv,solar
DE,h6102,0.005077490961592253,scr2099,avaConv,solar
DE,h6103,0.03288864318798344,scr2099,avaConv,solar
DE,h6104,0.08645700281621155,scr2099,avaConv,solar
DE,h6105,0.15952669503638298,scr2099,avaConv,solar
DE,h6106,0.22793588180918284,scr2099,avaConv,solar
DE,h6107,0.29655496981166785,scr2099,avaConv,solar
DE,h6108,0.3526651524521541,scr2099,avaConv,solar
DE,h6109,0.3880846960675505,scr2099,avaConv,solar
DE,h6110,0.37396396878476085,scr2099,avaConv,solar
DE,h6111,0.3215727612347798,scr2099,avaConv,solar
DE,h6112,0.2435480849885556,scr2099,avaConv,solar
DE,h6113,0.15028753176175125,scr2099,avaConv,solar
DE,h6114,0.0687014728924638,scr2099,avaConv,solar
DE,h6115,0.015402054419103134,scr2099,avaConv,solar
DE,h6116,0.0005286794963290216,scr2099,avaConv,solar
DE,h6117,0.0,scr2099,avaConv,solar
DE,h6118,0.0,scr2099,avaConv,solar
DE,h6119,0.0,scr2099,avaConv,solar
DE,h6120,0.0,scr2099,avaConv,solar
DE,h6121,0.0,scr2099,avaConv,solar
DE,h6122,0.0,scr2099,avaConv,solar
DE,h6123,0.0,scr2099,avaConv,solar
DE,h6124,0.0,scr2099,avaConv,solar
DE,h6125,0.0,scr2099,avaConv,solar
DE,h6126,0.00478553384898253,scr2099,avaConv,solar
DE,h6127,0.04168835557361599,scr2099,avaConv,solar
DE,h6128,0.11956612361846349,scr2099,avaConv,solar
DE,h6129,0.22826743320507864,scr2099,avaConv,solar
DE,h6130,0.3378174351159473,scr2099,avaConv,solar
DE,h6131,0.4329753711118985,scr2099,avaConv,solar
DE,h6132,0.5135871809518208,scr2099,avaConv,solar
DE,h6133,0.552764201335869,scr2099,avaConv,solar
DE,h6134,0.5438597354368981,scr2099,avaConv,solar
DE,h6135,0.48249265130998675,scr2099,avaConv,solar
DE,h6136,0.3731827149825826,scr2099,avaConv,solar
DE,h6137,0.23059302171074553,scr2099,avaConv,solar
DE,h6138,0.09832549542660672,scr2099,avaConv,solar
DE,h6139,0.022148954309577317,scr2099,avaConv,solar
DE,h6140,0.00037898122973645856,scr2099,avaConv,solar
DE,h6141,0.0,scr2099,avaConv,solar
DE,h6142,0.0,scr2099,avaConv,solar
DE,h6143,0.0,scr2099,avaConv,solar
DE,h6144,0.0,scr2099,avaConv,solar
DE,h6145,0.0,scr2099,avaConv,solar
DE,h6146,0.0,scr2099,avaConv,solar
DE,h6147,0.0,scr2099,avaConv,solar
DE,h6148,0.0,scr2099,avaConv,solar
DE,h6149,0.0,scr2099,avaConv,solar
DE,h6150,0.003492107032191834,scr2099,avaConv,solar
DE,h6151,0.02079316560071852,scr2099,avaConv,solar
DE,h6152,0.05118636816412433,scr2099,avaConv,solar
DE,h6153,0.08930522215282861,scr2099,avaConv,solar
DE,h6154,0.11821987461331095,scr2099,avaConv,solar
DE,h6155,0.13545116712858601,scr2099,avaConv,solar
DE,h6156,0.14190361334088433,scr2099,avaConv,solar
DE,h6157,0.14193787954067053,scr2099,avaConv,solar
DE,h6158,0.13420265119027067,scr2099,avaConv,solar
DE,h6159,0.12113455628587863,scr2099,avaConv,solar
DE,h6160,0.0957098491434489,scr2099,avaConv,solar
DE,h6161,0.060805366669690455,scr2099,avaConv,solar
DE,h6162,0.02587077420657135,scr2099,avaConv,solar
DE,h6163,0.00508319137600182,scr2099,avaConv,solar
DE,h6164,0.0,scr2099,avaConv,solar
DE,h6165,0.0,scr2099,avaConv,solar
DE,h6166,0.0,scr2099,avaConv,solar
DE,h6167,0.0,scr2099,avaConv,solar
DE,h6168,0.0,scr2099,avaConv,solar
DE,h6169,0.0,scr2099,avaConv,solar
DE,h6170,0.0,scr2099,avaConv,solar
DE,h6171,0.0,scr2099,avaConv,solar
DE,h6172,0.0,scr2099,avaConv,solar
DE,h6173,0.0,scr2099,avaConv,solar
DE,h6174,0.0019372893068687965,scr2099,avaConv,solar
DE,h6175,0.020953193016764193,scr2099,avaConv,solar
DE,h6176,0.0610305489117345,scr2099,avaConv,solar
DE,h6177,0.11174469396544623,scr2099,avaConv,solar
DE,h6178,0.15613297849771787,scr2099,avaConv,solar
DE,h6179,0.19165640138389547,scr2099,avaConv,solar
DE,h6180,0.22489387241219938,scr2099,avaConv,solar
DE,h6181,0.2539165332959401,scr2099,avaConv,solar
DE,h6182,0.26526709273475674,scr2099,avaConv,solar
DE,h6183,0.24735655272217208,scr2099,avaConv,solar
DE,h6184,0.19217469874763757,scr2099,avaConv,solar
DE,h6185,0.11377308345925632,scr2099,avaConv,solar
DE,h6186,0.04598275057192219,scr2099,avaConv,solar
DE,h6187,0.008791712027874637,scr2099,avaConv,solar
DE,h6188,0.0,scr2099,avaConv,solar
DE,h6189,0.0,scr2099,avaConv,solar
DE,h6190,0.0,scr2099,avaConv,solar
DE,h6191,0.0,scr2099,avaConv,solar
DE,h6192,0.0,scr2099,avaConv,solar
DE,h6193,0.0,scr2099,avaConv,solar
DE,h6194,0.0,scr2099,avaConv,solar
DE,h6195,0.0,scr2099,avaConv,solar
DE,h6196,0.0,scr2099,avaConv,solar
DE,h6197,0.0,scr2099,avaConv,solar
DE,h6198,0.002849756107728811,scr2099,avaConv,solar
DE,h6199,0.027456002366879177,scr2099,avaConv,solar
DE,h6200,0.08633012224170411,scr2099,avaConv,solar
DE,h6201,0.16427434102444832,scr2099,avaConv,solar
DE,h6202,0.24432578995528748,scr2099,avaConv,solar
DE,h6203,0.308896348145858,scr2099,avaConv,solar
DE,h6204,0.3646795101381836,scr2099,avaConv,solar
DE,h6205,0.3874595023572475,scr2099,avaConv,solar
DE,h6206,0.36643394343993874,scr2099,avaConv,solar
DE,h6207,0.2963065320013432,scr2099,avaConv,solar
DE,h6208,0.19983633275180318,scr2099,avaConv,solar
DE,h6209,0.1041570384521664,scr2099,avaConv,solar
DE,h6210,0.038047079422182946,scr2099,avaConv,solar
DE,h6211,0.007037137707238227,scr2099,avaConv,solar
DE,h6212,0.0,scr2099,avaConv,solar
DE,h6213,0.0,scr2099,avaConv,solar
DE,h6214,0.0,scr2099,avaConv,solar
DE,h6215,0.0,scr2099,avaConv,solar
DE,h6216,0.0,scr2099,avaConv,solar
DE,h6217,0.0,scr2099,avaConv,solar
DE,h6218,0.0,scr2099,avaConv,solar
DE,h6219,0.0,scr2099,avaConv,solar
DE,h6220,0.0,scr2099,avaConv,solar
DE,h6221,0.0,scr2099,avaConv,solar
DE,h6222,0.0008141845334242287,scr2099,avaConv,solar
DE,h6223,0.012898708776004445,scr2099,avaConv,solar
DE,h6224,0.03851414952124574,scr2099,avaConv,solar
DE,h6225,0.07328778010415657,scr2099,avaConv,solar
DE,h6226,0.10477083019078227,scr2099,avaConv,solar
DE,h6227,0.1313989527020268,scr2099,avaConv,solar
DE,h6228,0.15124531444925027,scr2099,avaConv,solar
DE,h6229,0.16163900002290488,scr2099,avaConv,solar
DE,h6230,0.15847683386138706,scr2099,avaConv,solar
DE,h6231,0.13973326987109821,scr2099,avaConv,solar
DE,h6232,0.10627382131989366,scr2099,avaConv,solar
DE,h6233,0.06191904798214386,scr2099,avaConv,solar
DE,h6234,0.025432432855283214,scr2099,avaConv,solar
DE,h6235,0.004918842679260127,scr2099,avaConv,solar
DE,h6236,0.0,scr2099,avaConv,solar
DE,h6237,0.0,scr2099,avaConv,solar
DE,h6238,0.0,scr2099,avaConv,solar
DE,h6239,0.0,scr2099,avaConv,solar
DE,h6240,0.0,scr2099,avaConv,solar
DE,h6241,0.0,scr2099,avaConv,solar
DE,h6242,0.0,scr2099,avaConv,solar
DE,h6243,0.0,scr2099,avaConv,solar
DE,h6244,0.0,scr2099,avaConv,solar
DE,h6245,0.0,scr2099,avaConv,solar
DE,h6246,0.0012861397622840466,scr2099,avaConv,solar
DE,h6247,0.02209802906587651,scr2099,avaConv,solar
DE,h6248,0.07509327519224568,scr2099,avaConv,solar
DE,h6249,0.15662460267984357,scr2099,avaConv,solar
DE,h6250,0.23915871309741907,scr2099,avaConv,solar
DE,h6251,0.3072463760375985,scr2099,avaConv,solar
DE,h6252,0.36275349203306384,scr2099,avaConv,solar
DE,h6253,0.4088910558335256,scr2099,avaConv,solar
DE,h6254,0.42959505039187573,scr2099,avaConv,solar
DE,h6255,0.40990933541828706,scr2099,avaConv,solar
DE,h6256,0.33524962194978514,scr2099,avaConv,solar
DE,h6257,0.2124222968986937,scr2099,avaConv,solar
DE,h6258,0.09364092888286232,scr2099,avaConv,solar
DE,h6259,0.019368983931757844,scr2099,avaConv,solar
DE,h6260,0.0,scr2099,avaConv,solar
DE,h6261,0.0,scr2099,avaConv,solar
DE,h6262,0.0,scr2099,avaConv,solar
DE,h6263,0.0,scr2099,avaConv,solar
DE,h6264,0.0,scr2099,avaConv,solar
DE,h6265,0.0,scr2099,avaConv,solar
DE,h6266,0.0,scr2099,avaConv,solar
DE,h6267,0.0,scr2099,avaConv,solar
DE,h6268,0.0,scr2099,avaConv,solar
DE,h6269,0.0,scr2099,avaConv,solar
DE,h6270,0.004567183000784022,scr2099,avaConv,solar
DE,h6271,0.04124185291981655,scr2099,avaConv,solar
DE,h6272,0.11485743171478467,scr2099,avaConv,solar
DE,h6273,0.21400079431445496,scr2099,avaConv,solar
DE,h6274,0.298168218764362,scr2099,avaConv,solar
DE,h6275,0.3625309742495886,scr2099,avaConv,solar
DE,h6276,0.4007869439135576,scr2099,avaConv,solar
DE,h6277,0.4217460672783239,scr2099,avaConv,solar
DE,h6278,0.4089300730906521,scr2099,avaConv,solar
DE,h6279,0.37601640656349417,scr2099,avaConv,solar
DE,h6280,0.3086021192405559,scr2099,avaConv,solar
DE,h6281,0.20266464636751347,scr2099,avaConv,solar
DE,h6282,0.09342559154293083,scr2099,avaConv,solar
DE,h6283,0.019442046861314274,scr2099,avaConv,solar
DE,h6284,0.0,scr2099,avaConv,solar
DE,h6285,0.0,scr2099,avaConv,solar
DE,h6286,0.0,scr2099,avaConv,solar
DE,h6287,0.0,scr2099,avaConv,solar
DE,h6288,0.0,scr2099,avaConv,solar
DE,h6289,0.0,scr2099,avaConv,solar
DE,h6290,0.0,scr2099,avaConv,solar
DE,h6291,0.0,scr2099,avaConv,solar
DE,h6292,0.0,scr2099,avaConv,solar
DE,h6293,0.0,scr2099,avaConv,solar
DE,h6294,0.0021218691065840777,scr2099,avaConv,solar
DE,h6295,0.030938767027256345,scr2099,avaConv,solar
DE,h6296,0.09611612511622088,scr2099,avaConv,solar
DE,h6297,0.1906359656968541,scr2099,avaConv,solar
DE,h6298,0.28683774569680276,scr2099,avaConv,solar
DE,h6299,0.36859178288840805,scr2099,avaConv,solar
DE,h6300,0.43255356578108,scr2099,avaConv,solar
DE,h6301,0.4708785793763751,scr2099,avaConv,solar
DE,h6302,0.47082039945685644,scr2099,avaConv,solar
DE,h6303,0.4355048030490945,scr2099,avaConv,solar
DE,h6304,0.35514509485646684,scr2099,avaConv,solar
DE,h6305,0.2288670029966402,scr2099,avaConv,solar
DE,h6306,0.1034518384579267,scr2099,avaConv,solar
DE,h6307,0.021004133138525602,scr2099,avaConv,solar
DE,h6308,0.0,scr2099,avaConv,solar
DE,h6309,0.0,scr2099,avaConv,solar
DE,h6310,0.0,scr2099,avaConv,solar
DE,h6311,0.0,scr2099,avaConv,solar
DE,h6312,0.0,scr2099,avaConv,solar
DE,h6313,0.0,scr2099,avaConv,solar
DE,h6314,0.0,scr2099,avaConv,solar
DE,h6315,0.0,scr2099,avaConv,solar
DE,h6316,0.0,scr2099,avaConv,solar
DE,h6317,0.0,scr2099,avaConv,solar
DE,h6318,0.0038193995426253537,scr2099,avaConv,solar
DE,h6319,0.05256670534479388,scr2099,avaConv,solar
DE,h6320,0.15258667310611823,scr2099,avaConv,solar
DE,h6321,0.29098797814056293,scr2099,avaConv,solar
DE,h6322,0.418812488304463,scr2099,avaConv,solar
DE,h6323,0.5202363942625644,scr2099,avaConv,solar
DE,h6324,0.5915857473591369,scr2099,avaConv,solar
DE,h6325,0.6248716013284253,scr2099,avaConv,solar
DE,h6326,0.6132896649808661,scr2099,avaConv,solar
DE,h6327,0.5561248072232927,scr2099,avaConv,solar
DE,h6328,0.449336580246138,scr2099,avaConv,solar
DE,h6329,0.28398748206565505,scr2099,avaConv,solar
DE,h6330,0.12765516736689997,scr2099,avaConv,solar
DE,h6331,0.024994322781964944,scr2099,avaConv,solar
DE,h6332,0.0,scr2099,avaConv,solar
DE,h6333,0.0,scr2099,avaConv,solar
DE,h6334,0.0,scr2099,avaConv,solar
DE,h6335,0.0,scr2099,avaConv,solar
DE,h6336,0.0,scr2099,avaConv,solar
DE,h6337,0.0,scr2099,avaConv,solar
DE,h6338,0.0,scr2099,avaConv,solar
DE,h6339,0.0,scr2099,avaConv,solar
DE,h6340,0.0,scr2099,avaConv,solar
DE,h6341,0.0,scr2099,avaConv,solar
DE,h6342,0.0034929851637311425,scr2099,avaConv,solar
DE,h6343,0.052073876996999384,scr2099,avaConv,solar
DE,h6344,0.15540332584411184,scr2099,avaConv,solar
DE,h6345,0.3001429447541681,scr2099,avaConv,solar
DE,h6346,0.431375092146159,scr2099,avaConv,solar
DE,h6347,0.5321222677363534,scr2099,avaConv,solar
DE,h6348,0.5994046833962398,scr2099,avaConv,solar
DE,h6349,0.6300017915613959,scr2099,avaConv,solar
DE,h6350,0.6179520417005866,scr2099,avaConv,solar
DE,h6351,0.560876800875815,scr2099,avaConv,solar
DE,h6352,0.45502628404607565,scr2099,avaConv,solar
DE,h6353,0.2851179617757082,scr2099,avaConv,solar
DE,h6354,0.1268204456870048,scr2099,avaConv,solar
DE,h6355,0.022860716625563642,scr2099,avaConv,solar
DE,h6356,0.0,scr2099,avaConv,solar
DE,h6357,0.0,scr2099,avaConv,solar
DE,h6358,0.0,scr2099,avaConv,solar
DE,h6359,0.0,scr2099,avaConv,solar
DE,h6360,0.0,scr2099,avaConv,solar
DE,h6361,0.0,scr2099,avaConv,solar
DE,h6362,0.0,scr2099,avaConv,solar
DE,h6363,0.0,scr2099,avaConv,solar
DE,h6364,0.0,scr2099,avaConv,solar
DE,h6365,0.0,scr2099,avaConv,solar
DE,h6366,0.0026064192514162793,scr2099,avaConv,solar
DE,h6367,0.04885367841788061,scr2099,avaConv,solar
DE,h6368,0.14967023755493358,scr2099,avaConv,solar
DE,h6369,0.29272311632383086,scr2099,avaConv,solar
DE,h6370,0.4237555454889823,scr2099,avaConv,solar
DE,h6371,0.5245057857694295,scr2099,avaConv,solar
DE,h6372,0.5923576787600694,scr2099,avaConv,solar
DE,h6373,0.6254061876689255,scr2099,avaConv,solar
DE,h6374,0.614507039920021,scr2099,avaConv,solar
DE,h6375,0.5563095254512296,scr2099,avaConv,solar
DE,h6376,0.4524957501295836,scr2099,avaConv,solar
DE,h6377,0.28286196792426876,scr2099,avaConv,solar
DE,h6378,0.12765570922436703,scr2099,avaConv,solar
DE,h6379,0.021895835787707367,scr2099,avaConv,solar
DE,h6380,0.0,scr2099,avaConv,solar
DE,h6381,0.0,scr2099,avaConv,solar
DE,h6382,0.0,scr2099,avaConv,solar
DE,h6383,0.0,scr2099,avaConv,solar
DE,h6384,0.0,scr2099,avaConv,solar
DE,h6385,0.0,scr2099,avaConv,solar
DE,h6386,0.0,scr2099,avaConv,solar
DE,h6387,0.0,scr2099,avaConv,solar
DE,h6388,0.0,scr2099,avaConv,solar
DE,h6389,0.0,scr2099,avaConv,solar
DE,h6390,0.001491695481821896,scr2099,avaConv,solar
DE,h6391,0.03657767811935431,scr2099,avaConv,solar
DE,h6392,0.11814230083064294,scr2099,avaConv,solar
DE,h6393,0.24240731112869127,scr2099,avaConv,solar
DE,h6394,0.3611929873467468,scr2099,avaConv,solar
DE,h6395,0.45692087186473934,scr2099,avaConv,solar
DE,h6396,0.5201134068888312,scr2099,avaConv,solar
DE,h6397,0.5527726698619876,scr2099,avaConv,solar
DE,h6398,0.5470998223640686,scr2099,avaConv,solar
DE,h6399,0.5018266111387318,scr2099,avaConv,solar
DE,h6400,0.4156493468811654,scr2099,avaConv,solar
DE,h6401,0.2618463339497538,scr2099,avaConv,solar
DE,h6402,0.11812747524322949,scr2099,avaConv,solar
DE,h6403,0.018791236074417697,scr2099,avaConv,solar
DE,h6404,0.0,scr2099,avaConv,solar
DE,h6405,0.0,scr2099,avaConv,solar
DE,h6406,0.0,scr2099,avaConv,solar
DE,h6407,0.0,scr2099,avaConv,solar
DE,h6408,0.0,scr2099,avaConv,solar
DE,h6409,0.0,scr2099,avaConv,solar
DE,h6410,0.0,scr2099,avaConv,solar
DE,h6411,0.0,scr2099,avaConv,solar
DE,h6412,0.0,scr2099,avaConv,solar
DE,h6413,0.0,scr2099,avaConv,solar
DE,h6414,0.0012353830093511653,scr2099,avaConv,solar
DE,h6415,0.04008509958999102,scr2099,avaConv,solar
DE,h6416,0.12929687177922053,scr2099,avaConv,solar
DE,h6417,0.2614996784130965,scr2099,avaConv,solar
DE,h6418,0.3863569522988033,scr2099,avaConv,solar
DE,h6419,0.48390551724938635,scr2099,avaConv,solar
DE,h6420,0.551196560027558,scr2099,avaConv,solar
DE,h6421,0.5851118338926288,scr2099,avaConv,solar
DE,h6422,0.5766216683725337,scr2099,avaConv,solar
DE,h6423,0.5277062963999317,scr2099,avaConv,solar
DE,h6424,0.43351876556136637,scr2099,avaConv,solar
DE,h6425,0.2718157874126681,scr2099,avaConv,solar
DE,h6426,0.12021334136579269,scr2099,avaConv,solar
DE,h6427,0.01778854242354563,scr2099,avaConv,solar
DE,h6428,0.0,scr2099,avaConv,solar
DE,h6429,0.0,scr2099,avaConv,solar
DE,h6430,0.0,scr2099,avaConv,solar
DE,h6431,0.0,scr2099,avaConv,solar
DE,h6432,0.0,scr2099,avaConv,solar
DE,h6433,0.0,scr2099,avaConv,solar
DE,h6434,0.0,scr2099,avaConv,solar
DE,h6435,0.0,scr2099,avaConv,solar
DE,h6436,0.0,scr2099,avaConv,solar
DE,h6437,0.0,scr2099,avaConv,solar
DE,h6438,0.0009830781821467366,scr2099,avaConv,solar
DE,h6439,0.040706513382758665,scr2099,avaConv,solar
DE,h6440,0.13405738267940764,scr2099,avaConv,solar
DE,h6441,0.27117697230611904,scr2099,avaConv,solar
DE,h6442,0.4041028087584841,scr2099,avaConv,solar
DE,h6443,0.5083566149682075,scr2099,avaConv,solar
DE,h6444,0.5805407528958545,scr2099,avaConv,solar
DE,h6445,0.6132808041321529,scr2099,avaConv,solar
DE,h6446,0.6016965688455096,scr2099,avaConv,solar
DE,h6447,0.5416459965395678,scr2099,avaConv,solar
DE,h6448,0.43858332743005063,scr2099,avaConv,solar
DE,h6449,0.26466369062132544,scr2099,avaConv,solar
DE,h6450,0.11481840606852359,scr2099,avaConv,solar
DE,h6451,0.013663408063395562,scr2099,avaConv,solar
DE,h6452,0.0,scr2099,avaConv,solar
DE,h6453,0.0,scr2099,avaConv,solar
DE,h6454,0.0,scr2099,avaConv,solar
DE,h6455,0.0,scr2099,avaConv,solar
DE,h6456,0.0,scr2099,avaConv,solar
DE,h6457,0.0,scr2099,avaConv,solar
DE,h6458,0.0,scr2099,avaConv,solar
DE,h6459,0.0,scr2099,avaConv,solar
DE,h6460,0.0,scr2099,avaConv,solar
DE,h6461,0.0,scr2099,avaConv,solar
DE,h6462,0.0,scr2099,avaConv,solar
DE,h6463,0.01166955032790957,scr2099,avaConv,solar
DE,h6464,0.04482497705998538,scr2099,avaConv,solar
DE,h6465,0.09695347987767423,scr2099,avaConv,solar
DE,h6466,0.14857616755661174,scr2099,avaConv,solar
DE,h6467,0.19454553687110368,scr2099,avaConv,solar
DE,h6468,0.23119351126597987,scr2099,avaConv,solar
DE,h6469,0.2620825856871353,scr2099,avaConv,solar
DE,h6470,0.2816946027761546,scr2099,avaConv,solar
DE,h6471,0.2818558242323264,scr2099,avaConv,solar
DE,h6472,0.2517801967710794,scr2099,avaConv,solar
DE,h6473,0.16024198245685653,scr2099,avaConv,solar
DE,h6474,0.07123354871518695,scr2099,avaConv,solar
DE,h6475,0.008233849470934654,scr2099,avaConv,solar
DE,h6476,0.0,scr2099,avaConv,solar
DE,h6477,0.0,scr2099,avaConv,solar
DE,h6478,0.0,scr2099,avaConv,solar
DE,h6479,0.0,scr2099,avaConv,solar
DE,h6480,0.0,scr2099,avaConv,solar
DE,h6481,0.0,scr2099,avaConv,solar
DE,h6482,0.0,scr2099,avaConv,solar
DE,h6483,0.0,scr2099,avaConv,solar
DE,h6484,0.0,scr2099,avaConv,solar
DE,h6485,0.0,scr2099,avaConv,solar
DE,h6486,0.00035264252615588,scr2099,avaConv,solar
DE,h6487,0.036979865699418954,scr2099,avaConv,solar
DE,h6488,0.1269241321073584,scr2099,avaConv,solar
DE,h6489,0.26816828809607507,scr2099,avaConv,solar
DE,h6490,0.40948526905956073,scr2099,avaConv,solar
DE,h6491,0.5247128417340652,scr2099,avaConv,solar
DE,h6492,0.603024254555501,scr2099,avaConv,solar
DE,h6493,0.6482980289354423,scr2099,avaConv,solar
DE,h6494,0.650195130203914,scr2099,avaConv,solar
DE,h6495,0.6033086259609952,scr2099,avaConv,solar
DE,h6496,0.49863844935236096,scr2099,avaConv,solar
DE,h6497,0.3067516533231982,scr2099,avaConv,solar
DE,h6498,0.13394679799931214,scr2099,avaConv,solar
DE,h6499,0.016856856405624572,scr2099,avaConv,solar
DE,h6500,0.0,scr2099,avaConv,solar
DE,h6501,0.0,scr2099,avaConv,solar
DE,h6502,0.0,scr2099,avaConv,solar
DE,h6503,0.0,scr2099,avaConv,solar
DE,h6504,0.0,scr2099,avaConv,solar
DE,h6505,0.0,scr2099,avaConv,solar
DE,h6506,0.0,scr2099,avaConv,solar
DE,h6507,0.0,scr2099,avaConv,solar
DE,h6508,0.0,scr2099,avaConv,solar
DE,h6509,0.0,scr2099,avaConv,solar
DE,h6510,0.00026922178159573685,scr2099,avaConv,solar
DE,h6511,0.02690785782981173,scr2099,avaConv,solar
DE,h6512,0.0949191932293367,scr2099,avaConv,solar
DE,h6513,0.19642919937764983,scr2099,avaConv,solar
DE,h6514,0.2918173910058462,scr2099,avaConv,solar
DE,h6515,0.364155188608435,scr2099,avaConv,solar
DE,h6516,0.40661905764224343,scr2099,avaConv,solar
DE,h6517,0.4188319849575626,scr2099,avaConv,solar
DE,h6518,0.3932739688334948,scr2099,avaConv,solar
DE,h6519,0.3425613532838203,scr2099,avaConv,solar
DE,h6520,0.26384526899509103,scr2099,avaConv,solar
DE,h6521,0.15234566905191144,scr2099,avaConv,solar
DE,h6522,0.05948808463779293,scr2099,avaConv,solar
DE,h6523,0.004694407117033984,scr2099,avaConv,solar
DE,h6524,0.0,scr2099,avaConv,solar
DE,h6525,0.0,scr2099,avaConv,solar
DE,h6526,0.0,scr2099,avaConv,solar
DE,h6527,0.0,scr2099,avaConv,solar
DE,h6528,0.0,scr2099,avaConv,solar
DE,h6529,0.0,scr2099,avaConv,solar
DE,h6530,0.0,scr2099,avaConv,solar
DE,h6531,0.0,scr2099,avaConv,solar
DE,h6532,0.0,scr2099,avaConv,solar
DE,h6533,0.0,scr2099,avaConv,solar
DE,h6534,0.0,scr2099,avaConv,solar
DE,h6535,0.009795691499397626,scr2099,avaConv,solar
DE,h6536,0.039010692891855096,scr2099,avaConv,solar
DE,h6537,0.09126264179904259,scr2099,avaConv,solar
DE,h6538,0.1526248273757006,scr2099,avaConv,solar
DE,h6539,0.21076829079882728,scr2099,avaConv,solar
DE,h6540,0.25650400179460525,scr2099,avaConv,solar
DE,h6541,0.28196439440419263,scr2099,avaConv,solar
DE,h6542,0.2733977297339896,scr2099,avaConv,solar
DE,h6543,0.23141997954366456,scr2099,avaConv,solar
DE,h6544,0.16876324672017298,scr2099,avaConv,solar
DE,h6545,0.0910641764194963,scr2099,avaConv,solar
DE,h6546,0.03516578547889736,scr2099,avaConv,solar
DE,h6547,0.001896719266558562,scr2099,avaConv,solar
DE,h6548,0.0,scr2099,avaConv,solar
DE,h6549,0.0,scr2099,avaConv,solar
DE,h6550,0.0,scr2099,avaConv,solar
DE,h6551,0.0,scr2099,avaConv,solar
DE,h6552,0.0,scr2099,avaConv,solar
DK,h5809,0.0,scr2099,avaConv,solar
DK,h5810,0.0,scr2099,avaConv,solar
DK,h5811,0.0,scr2099,avaConv,solar
DK,h5812,0.0,scr2099,avaConv,solar
DK,h5813,0.00022640053422660872,scr2099,avaConv,solar
DK,h5814,0.011843467671885627,scr2099,avaConv,solar
DK,h5815,0.05128769930353204,scr2099,avaConv,solar
DK,h5816,0.12399575307641426,scr2099,avaConv,solar
DK,h5817,0.2162531005429808,scr2099,avaConv,solar
DK,h5818,0.3116573480537916,scr2099,avaConv,solar
DK,h5819,0.40463600809345174,scr2099,avaConv,solar
DK,h5820,0.47330940126247323,scr2099,avaConv,solar
DK,h5821,0.5009444421184656,scr2099,avaConv,solar
DK,h5822,0.4709832040172502,scr2099,avaConv,solar
DK,h5823,0.3855270080176058,scr2099,avaConv,solar
DK,h5824,0.2717291247470611,scr2099,avaConv,solar
DK,h5825,0.13839267589100013,scr2099,avaConv,solar
DK,h5826,0.05341728937662836,scr2099,avaConv,solar
DK,h5827,0.0052953626008005955,scr2099,avaConv,solar
DK,h5828,0.0019678883711580276,scr2099,avaConv,solar
DK,h5829,0.0,scr2099,avaConv,solar
DK,h5830,0.0,scr2099,avaConv,solar
DK,h5831,0.0,scr2099,avaConv,solar
DK,h5832,0.0,scr2099,avaConv,solar
DK,h5833,0.0,scr2099,avaConv,solar
DK,h5834,0.0,scr2099,avaConv,solar
DK,h5835,0.0,scr2099,avaConv,solar
DK,h5836,0.0,scr2099,avaConv,solar
DK,h5837,0.00013646083863548498,scr2099,avaConv,solar
DK,h5838,0.014473740115579458,scr2099,avaConv,solar
DK,h5839,0.06403860901273095,scr2099,avaConv,solar
DK,h5840,0.16086795149954536,scr2099,avaConv,solar
DK,h5841,0.2734624154646189,scr2099,avaConv,solar
DK,h5842,0.3690758275017871,scr2099,avaConv,solar
DK,h5843,0.44884306309145217,scr2099,avaConv,solar
DK,h5844,0.5147261669941745,scr2099,avaConv,solar
DK,h5845,0.5569825269930754,scr2099,avaConv,solar
DK,h5846,0.5524905442282387,scr2099,avaConv,solar
DK,h5847,0.49873944827597305,scr2099,avaConv,solar
DK,h5848,0.38909717253292053,scr2099,avaConv,solar
DK,h5849,0.22110088224577926,scr2099,avaConv,solar
DK,h5850,0.09022453357671216,scr2099,avaConv,solar
DK,h5851,0.013260814590894576,scr2099,avaConv,solar
DK,h5852,0.007299789988741108,scr2099,avaConv,solar
DK,h5853,0.0,scr2099,avaConv,solar
DK,h5854,0.0,scr2099,avaConv,solar
DK,h5855,0.0,scr2099,avaConv,solar
DK,h5856,0.0,scr2099,avaConv,solar
DK,h5857,0.0,scr2099,avaConv,solar
DK,h5858,0.0,scr2099,avaConv,solar
DK,h5859,0.0,scr2099,avaConv,solar
DK,h5860,0.0,scr2099,avaConv,solar
DK,h5861,0.0,scr2099,avaConv,solar
DK,h5862,0.019002092376683828,scr2099,avaConv,solar
DK,h5863,0.07186426877696461,scr2099,avaConv,solar
DK,h5864,0.1628305786055252,scr2099,avaConv,solar
DK,h5865,0.2780366988605864,scr2099,avaConv,solar
DK,h5866,0.3967653377284169,scr2099,avaConv,solar
DK,h5867,0.4983761462791801,scr2099,avaConv,solar
DK,h5868,0.5593739569243663,scr2099,avaConv,solar
DK,h5869,0.5748106336341335,scr2099,avaConv,solar
DK,h5870,0.5523170582248349,scr2099,avaConv,solar
DK,h5871,0.4927837061056521,scr2099,avaConv,solar
DK,h5872,0.38877254911574693,scr2099,avaConv,solar
DK,h5873,0.22112040931110405,scr2099,avaConv,solar
DK,h5874,0.09306029956978458,scr2099,avaConv,solar
DK,h5875,0.01110301844458753,scr2099,avaConv,solar
DK,h5876,0.007233093747266409,scr2099,avaConv,solar
DK,h5877,0.0,scr2099,avaConv,solar
DK,h5878,0.0,scr2099,avaConv,solar
DK,h5879,0.0,scr2099,avaConv,solar
DK,h5880,0.0,scr2099,avaConv,solar
DK,h5881,0.0,scr2099,avaConv,solar
DK,h5882,0.0,scr2099,avaConv,solar
DK,h5883,0.0,scr2099,avaConv,solar
DK,h5884,0.0,scr2099,avaConv,solar
DK,h5885,0.00010181345457736029,scr2099,avaConv,solar
DK,h5886,0.01700953494789674,scr2099,avaConv,solar
DK,h5887,0.06490080216227645,scr2099,avaConv,solar
DK,h5888,0.14659267044642169,scr2099,avaConv,solar
DK,h5889,0.23765745290510965,scr2099,avaConv,solar
DK,h5890,0.3262917407242064,scr2099,avaConv,solar
DK,h5891,0.4037094363497447,scr2099,avaConv,solar
DK,h5892,0.4737657511096233,scr2099,avaConv,solar
DK,h5893,0.5211357222751192,scr2099,avaConv,solar
DK,h5894,0.5266648232453875,scr2099,avaConv,solar
DK,h5895,0.4811274741341948,scr2099,avaConv,solar
DK,h5896,0.37430344909081326,scr2099,avaConv,solar
DK,h5897,0.21615836665813948,scr2099,avaConv,solar
DK,h5898,0.09101175651361912,scr2099,avaConv,solar
DK,h5899,0.014635567322209433,scr2099,avaConv,solar
DK,h5900,0.006874263994267495,scr2099,avaConv,solar
DK,h5901,0.0,scr2099,avaConv,solar
DK,h5902,0.0,scr2099,avaConv,solar
DK,h5903,0.0,scr2099,avaConv,solar
DK,h5904,0.0,scr2099,avaConv,solar
DK,h5905,0.0,scr2099,avaConv,solar
DK,h5906,0.0,scr2099,avaConv,solar
DK,h5907,0.0,scr2099,avaConv,solar
DK,h5908,0.0,scr2099,avaConv,solar
DK,h5909,0.0,scr2099,avaConv,solar
DK,h5910,0.022103589356433855,scr2099,avaConv,solar
DK,h5911,0.0844937662708918,scr2099,avaConv,solar
DK,h5912,0.19258555132537186,scr2099,avaConv,solar
DK,h5913,0.3138839558354002,scr2099,avaConv,solar
DK,h5914,0.4231301587703056,scr2099,avaConv,solar
DK,h5915,0.50781823222016,scr2099,avaConv,solar
DK,h5916,0.5616310767285063,scr2099,avaConv,solar
DK,h5917,0.5895429224222735,scr2099,avaConv,solar
DK,h5918,0.5740098009362918,scr2099,avaConv,solar
DK,h5919,0.5148788434977373,scr2099,avaConv,solar
DK,h5920,0.40128369843541883,scr2099,avaConv,solar
DK,h5921,0.23006230590633003,scr2099,avaConv,solar
DK,h5922,0.10145977724323688,scr2099,avaConv,solar
DK,h5923,0.016360279184907192,scr2099,avaConv,solar
DK,h5924,0.009031933208303955,scr2099,avaConv,solar
DK,h5925,0.0,scr2099,avaConv,solar
DK,h5926,0.0,scr2099,avaConv,solar
DK,h5927,0.0,scr2099,avaConv,solar
DK,h5928,0.0,scr2099,avaConv,solar
DK,h5929,0.0,scr2099,avaConv,solar
DK,h5930,0.0,scr2099,avaConv,solar
DK,h5931,0.0,scr2099,avaConv,solar
DK,h5932,0.0,scr2099,avaConv,solar
DK,h5933,0.0,scr2099,avaConv,solar
DK,h5934,0.022178065772145424,scr2099,avaConv,solar
DK,h5935,0.08799872474198925,scr2099,avaConv,solar
DK,h5936,0.20687210572567924,scr2099,avaConv,solar
DK,h5937,0.34080571432650275,scr2099,avaConv,solar
DK,h5938,0.45703016316136474,scr2099,avaConv,solar
DK,h5939,0.5396989653050032,scr2099,avaConv,solar
DK,h5940,0.5995892076880767,scr2099,avaConv,solar
DK,h5941,0.6315752442412965,scr2099,avaConv,solar
DK,h5942,0.6286737896629444,scr2099,avaConv,solar
DK,h5943,0.5709274108956377,scr2099,avaConv,solar
DK,h5944,0.4530090121724113,scr2099,avaConv,solar
DK,h5945,0.25883543481773125,scr2099,avaConv,solar
DK,h5946,0.10696384434091807,scr2099,avaConv,solar
DK,h5947,0.012160084426030423,scr2099,avaConv,solar
DK,h5948,0.006018381279931816,scr2099,avaConv,solar
DK,h5949,0.0,scr2099,avaConv,solar
DK,h5950,0.0,scr2099,avaConv,solar
DK,h5951,0.0,scr2099,avaConv,solar
DK,h5952,0.0,scr2099,avaConv,solar
DK,h5953,0.0,scr2099,avaConv,solar
DK,h5954,0.0,scr2099,avaConv,solar
DK,h5955,0.0,scr2099,avaConv,solar
DK,h5956,0.0,scr2099,avaConv,solar
DK,h5957,0.0,scr2099,avaConv,solar
DK,h5958,0.01576585802480473,scr2099,avaConv,solar
DK,h5959,0.06540632499882099,scr2099,avaConv,solar
DK,h5960,0.16022711122321182,scr2099,avaConv,solar
DK,h5961,0.2820315757671862,scr2099,avaConv,solar
DK,h5962,0.4036765005261462,scr2099,avaConv,solar
DK,h5963,0.5029369795047828,scr2099,avaConv,solar
DK,h5964,0.5654839063884897,scr2099,avaConv,solar
DK,h5965,0.5913162927348291,scr2099,avaConv,solar
DK,h5966,0.5777421953937265,scr2099,avaConv,solar
DK,h5967,0.5238975369141827,scr2099,avaConv,solar
DK,h5968,0.4180999168847864,scr2099,avaConv,solar
DK,h5969,0.24090524118874115,scr2099,avaConv,solar
DK,h5970,0.09934059283183456,scr2099,avaConv,solar
DK,h5971,0.009509391570669094,scr2099,avaConv,solar
DK,h5972,0.0044506368057272375,scr2099,avaConv,solar
DK,h5973,0.0,scr2099,avaConv,solar
DK,h5974,0.0,scr2099,avaConv,solar
DK,h5975,0.0,scr2099,avaConv,solar
DK,h5976,0.0,scr2099,avaConv,solar
DK,h5977,0.0,scr2099,avaConv,solar
DK,h5978,0.0,scr2099,avaConv,solar
DK,h5979,0.0,scr2099,avaConv,solar
DK,h5980,0.0,scr2099,avaConv,solar
DK,h5981,0.0,scr2099,avaConv,solar
DK,h5982,0.012919903751620474,scr2099,avaConv,solar
DK,h5983,0.0511042740166778,scr2099,avaConv,solar
DK,h5984,0.11433666480360272,scr2099,avaConv,solar
DK,h5985,0.18548360540234457,scr2099,avaConv,solar
DK,h5986,0.24771824273762508,scr2099,avaConv,solar
DK,h5987,0.28942455150059015,scr2099,avaConv,solar
DK,h5988,0.30820211395006075,scr2099,avaConv,solar
DK,h5989,0.29346069219391097,scr2099,avaConv,solar
DK,h5990,0.2586459820200629,scr2099,avaConv,solar
DK,h5991,0.20648341403406334,scr2099,avaConv,solar
DK,h5992,0.1496493945856087,scr2099,avaConv,solar
DK,h5993,0.08295272854575327,scr2099,avaConv,solar
DK,h5994,0.03208476067388495,scr2099,avaConv,solar
DK,h5995,0.003453206388275544,scr2099,avaConv,solar
DK,h5996,0.0,scr2099,avaConv,solar
DK,h5997,0.0,scr2099,avaConv,solar
DK,h5998,0.0,scr2099,avaConv,solar
DK,h5999,0.0,scr2099,avaConv,solar
DK,h6000,0.0,scr2099,avaConv,solar
DK,h6001,0.0,scr2099,avaConv,solar
DK,h6002,0.0,scr2099,avaConv,solar
DK,h6003,0.0,scr2099,avaConv,solar
DK,h6004,0.0,scr2099,avaConv,solar
DK,h6005,0.0,scr2099,avaConv,solar
DK,h6006,0.004269196471093568,scr2099,avaConv,solar
DK,h6007,0.02294987458520129,scr2099,avaConv,solar
DK,h6008,0.0659632832144918,scr2099,avaConv,solar
DK,h6009,0.12953647958995493,scr2099,avaConv,solar
DK,h6010,0.212764945622287,scr2099,avaConv,solar
DK,h6011,0.29381396137928356,scr2099,avaConv,solar
DK,h6012,0.35985844803217637,scr2099,avaConv,solar
DK,h6013,0.39581814650473995,scr2099,avaConv,solar
DK,h6014,0.4039214558485986,scr2099,avaConv,solar
DK,h6015,0.3790622130729398,scr2099,avaConv,solar
DK,h6016,0.3018880808695842,scr2099,avaConv,solar
DK,h6017,0.17370063740601674,scr2099,avaConv,solar
DK,h6018,0.06560670892529273,scr2099,avaConv,solar
DK,h6019,0.005788052952482007,scr2099,avaConv,solar
DK,h6020,0.0006193253679447529,scr2099,avaConv,solar
DK,h6021,0.0,scr2099,avaConv,solar
DK,h6022,0.0,scr2099,avaConv,solar
DK,h6023,0.0,scr2099,avaConv,solar
DK,h6024,0.0,scr2099,avaConv,solar
DK,h6025,0.0,scr2099,avaConv,solar
DK,h6026,0.0,scr2099,avaConv,solar
DK,h6027,0.0,scr2099,avaConv,solar
DK,h6028,0.0,scr2099,avaConv,solar
DK,h6029,0.0,scr2099,avaConv,solar
DK,h6030,0.007688440003040922,scr2099,avaConv,solar
DK,h6031,0.041583111452946284,scr2099,avaConv,solar
DK,h6032,0.11303570300799128,scr2099,avaConv,solar
DK,h6033,0.20812576202943897,scr2099,avaConv,solar
DK,h6034,0.29219922622187144,scr2099,avaConv,solar
DK,h6035,0.35492391906947734,scr2099,avaConv,solar
DK,h6036,0.3895097106118593,scr2099,avaConv,solar
DK,h6037,0.40924821233774034,scr2099,avaConv,solar
DK,h6038,0.39122053139135793,scr2099,avaConv,solar
DK,h6039,0.3475086772104845,scr2099,avaConv,solar
DK,h6040,0.26425885696059026,scr2099,avaConv,solar
DK,h6041,0.15772292983284894,scr2099,avaConv,solar
DK,h6042,0.06554864907017378,scr2099,avaConv,solar
DK,h6043,0.011587896536374718,scr2099,avaConv,solar
DK,h6044,0.001377775140507325,scr2099,avaConv,solar
DK,h6045,0.0,scr2099,avaConv,solar
DK,h6046,0.0,scr2099,avaConv,solar
DK,h6047,0.0,scr2099,avaConv,solar
DK,h6048,0.0,scr2099,avaConv,solar
DK,h6049,0.0,scr2099,avaConv,solar
DK,h6050,0.0,scr2099,avaConv,solar
DK,h6051,0.0,scr2099,avaConv,solar
DK,h6052,0.0,scr2099,avaConv,solar
DK,h6053,0.0,scr2099,avaConv,solar
DK,h6054,0.008706064795220021,scr2099,avaConv,solar
DK,h6055,0.04164011948787736,scr2099,avaConv,solar
DK,h6056,0.10395346380232641,scr2099,avaConv,solar
DK,h6057,0.18107503439671896,scr2099,avaConv,solar
DK,h6058,0.2663940932879212,scr2099,avaConv,solar
DK,h6059,0.3355205830310844,scr2099,avaConv,solar
DK,h6060,0.35643038359228096,scr2099,avaConv,solar
DK,h6061,0.32033485957802754,scr2099,avaConv,solar
DK,h6062,0.25302762924743805,scr2099,avaConv,solar
DK,h6063,0.19101261170453962,scr2099,avaConv,solar
DK,h6064,0.13129419143096663,scr2099,avaConv,solar
DK,h6065,0.07226934172001316,scr2099,avaConv,solar
DK,h6066,0.0276712027005786,scr2099,avaConv,solar
DK,h6067,0.004984220392098107,scr2099,avaConv,solar
DK,h6068,0.0,scr2099,avaConv,solar
DK,h6069,0.0,scr2099,avaConv,solar
DK,h6070,0.0,scr2099,avaConv,solar
DK,h6071,0.0,scr2099,avaConv,solar
DK,h6072,0.0,scr2099,avaConv,solar
DK,h6073,0.0,scr2099,avaConv,solar
DK,h6074,0.0,scr2099,avaConv,solar
DK,h6075,0.0,scr2099,avaConv,solar
DK,h6076,0.0,scr2099,avaConv,solar
DK,h6077,0.0,scr2099,avaConv,solar
DK,h6078,0.004876714055457094,scr2099,avaConv,solar
DK,h6079,0.026963108131459468,scr2099,avaConv,solar
DK,h6080,0.07052422868097469,scr2099,avaConv,solar
DK,h6081,0.12463116687802023,scr2099,avaConv,solar
DK,h6082,0.17070297888924577,scr2099,avaConv,solar
DK,h6083,0.20116571428092156,scr2099,avaConv,solar
DK,h6084,0.2102902385644552,scr2099,avaConv,solar
DK,h6085,0.18519229584635577,scr2099,avaConv,solar
DK,h6086,0.1429069797363796,scr2099,avaConv,solar
DK,h6087,0.10675520236646102,scr2099,avaConv,solar
DK,h6088,0.08460472535604498,scr2099,avaConv,solar
DK,h6089,0.06069819987900541,scr2099,avaConv,solar
DK,h6090,0.029885089187170415,scr2099,avaConv,solar
DK,h6091,0.008813739101123812,scr2099,avaConv,solar
DK,h6092,0.0009426407627728083,scr2099,avaConv,solar
DK,h6093,0.0,scr2099,avaConv,solar
DK,h6094,0.0,scr2099,avaConv,solar
DK,h6095,0.0,scr2099,avaConv,solar
DK,h6096,0.0,scr2099,avaConv,solar
DK,h6097,0.0,scr2099,avaConv,solar
DK,h6098,0.0,scr2099,avaConv,solar
DK,h6099,0.0,scr2099,avaConv,solar
DK,h6100,0.0,scr2099,avaConv,solar
DK,h6101,0.0,scr2099,avaConv,solar
DK,h6102,0.008688234965269607,scr2099,avaConv,solar
DK,h6103,0.051811068065886826,scr2099,avaConv,solar
DK,h6104,0.12988472878441126,scr2099,avaConv,solar
DK,h6105,0.23169898263435626,scr2099,avaConv,solar
DK,h6106,0.31195630311623757,scr2099,avaConv,solar
DK,h6107,0.37185118333811934,scr2099,avaConv,solar
DK,h6108,0.3789986985152711,scr2099,avaConv,solar
DK,h6109,0.35497444127007505,scr2099,avaConv,solar
DK,h6110,0.29715600713820967,scr2099,avaConv,solar
DK,h6111,0.24952681132929577,scr2099,avaConv,solar
DK,h6112,0.20067865671183888,scr2099,avaConv,solar
DK,h6113,0.13229298149491286,scr2099,avaConv,solar
DK,h6114,0.06279370182484843,scr2099,avaConv,solar
DK,h6115,0.01247462042700262,scr2099,avaConv,solar
DK,h6116,0.0006271549037468109,scr2099,avaConv,solar
DK,h6117,0.0,scr2099,avaConv,solar
DK,h6118,0.0,scr2099,avaConv,solar
DK,h6119,0.0,scr2099,avaConv,solar
DK,h6120,0.0,scr2099,avaConv,solar
DK,h6121,0.0,scr2099,avaConv,solar
DK,h6122,0.0,scr2099,avaConv,solar
DK,h6123,0.0,scr2099,avaConv,solar
DK,h6124,0.0,scr2099,avaConv,solar
DK,h6125,0.0,scr2099,avaConv,solar
DK,h6126,0.009745005323673936,scr2099,avaConv,solar
DK,h6127,0.05659572750001847,scr2099,avaConv,solar
DK,h6128,0.1371310575954612,scr2099,avaConv,solar
DK,h6129,0.23117665592047312,scr2099,avaConv,solar
DK,h6130,0.326390365090201,scr2099,avaConv,solar
DK,h6131,0.4159090690857852,scr2099,avaConv,solar
DK,h6132,0.49842096521317686,scr2099,avaConv,solar
DK,h6133,0.5515958487113359,scr2099,avaConv,solar
DK,h6134,0.5656246940785256,scr2099,avaConv,solar
DK,h6135,0.5297929993136915,scr2099,avaConv,solar
DK,h6136,0.4273735145832654,scr2099,avaConv,solar
DK,h6137,0.2693588802193741,scr2099,avaConv,solar
DK,h6138,0.11911275911696606,scr2099,avaConv,solar
DK,h6139,0.026432978872635633,scr2099,avaConv,solar
DK,h6140,0.0004295874670005415,scr2099,avaConv,solar
DK,h6141,0.0,scr2099,avaConv,solar
DK,h6142,0.0,scr2099,avaConv,solar
DK,h6143,0.0,scr2099,avaConv,solar
DK,h6144,0.0,scr2099,avaConv,solar
DK,h6145,0.0,scr2099,avaConv,solar
DK,h6146,0.0,scr2099,avaConv,solar
DK,h6147,0.0,scr2099,avaConv,solar
DK,h6148,0.0,scr2099,avaConv,solar
DK,h6149,0.0,scr2099,avaConv,solar
DK,h6150,0.004737608564793756,scr2099,avaConv,solar
DK,h6151,0.031519118636325186,scr2099,avaConv,solar
DK,h6152,0.08614229214702823,scr2099,avaConv,solar
DK,h6153,0.1566544334844376,scr2099,avaConv,solar
DK,h6154,0.21748232656899744,scr2099,avaConv,solar
DK,h6155,0.2659015994563442,scr2099,avaConv,solar
DK,h6156,0.29399492311309416,scr2099,avaConv,solar
DK,h6157,0.30215468830377806,scr2099,avaConv,solar
DK,h6158,0.28543632471764324,scr2099,avaConv,solar
DK,h6159,0.2530416571002971,scr2099,avaConv,solar
DK,h6160,0.19716659468943648,scr2099,avaConv,solar
DK,h6161,0.12040445944968005,scr2099,avaConv,solar
DK,h6162,0.04959547206687163,scr2099,avaConv,solar
DK,h6163,0.009827128590335972,scr2099,avaConv,solar
DK,h6164,0.0,scr2099,avaConv,solar
DK,h6165,0.0,scr2099,avaConv,solar
DK,h6166,0.0,scr2099,avaConv,solar
DK,h6167,0.0,scr2099,avaConv,solar
DK,h6168,0.0,scr2099,avaConv,solar
DK,h6169,0.0,scr2099,avaConv,solar
DK,h6170,0.0,scr2099,avaConv,solar
DK,h6171,0.0,scr2099,avaConv,solar
DK,h6172,0.0,scr2099,avaConv,solar
DK,h6173,0.0,scr2099,avaConv,solar
DK,h6174,0.007621896722270956,scr2099,avaConv,solar
DK,h6175,0.05295837060774204,scr2099,avaConv,solar
DK,h6176,0.15149679750772455,scr2099,avaConv,solar
DK,h6177,0.2838136813681513,scr2099,avaConv,solar
DK,h6178,0.40858584031089695,scr2099,avaConv,solar
DK,h6179,0.503428580460773,scr2099,avaConv,solar
DK,h6180,0.5591843745572149,scr2099,avaConv,solar
DK,h6181,0.5765006216587764,scr2099,avaConv,solar
DK,h6182,0.5390143362465099,scr2099,avaConv,solar
DK,h6183,0.44718560390728634,scr2099,avaConv,solar
DK,h6184,0.31042342827150693,scr2099,avaConv,solar
DK,h6185,0.16315216081370615,scr2099,avaConv,solar
DK,h6186,0.05962505466989717,scr2099,avaConv,solar
DK,h6187,0.009052592521629169,scr2099,avaConv,solar
DK,h6188,0.0,scr2099,avaConv,solar
DK,h6189,0.0,scr2099,avaConv,solar
DK,h6190,0.0,scr2099,avaConv,solar
DK,h6191,0.0,scr2099,avaConv,solar
DK,h6192,0.0,scr2099,avaConv,solar
DK,h6193,0.0,scr2099,avaConv,solar
DK,h6194,0.0,scr2099,avaConv,solar
DK,h6195,0.0,scr2099,avaConv,solar
DK,h6196,0.0,scr2099,avaConv,solar
DK,h6197,0.0,scr2099,avaConv,solar
DK,h6198,0.00248322516206597,scr2099,avaConv,solar
DK,h6199,0.017460010024801822,scr2099,avaConv,solar
DK,h6200,0.04340119415098076,scr2099,avaConv,solar
DK,h6201,0.07259236991849224,scr2099,avaConv,solar
DK,h6202,0.09627777621529221,scr2099,avaConv,solar
DK,h6203,0.11280729872940126,scr2099,avaConv,solar
DK,h6204,0.11772639546270773,scr2099,avaConv,solar
DK,h6205,0.10899511678263123,scr2099,avaConv,solar
DK,h6206,0.09233321317142394,scr2099,avaConv,solar
DK,h6207,0.07539062943609098,scr2099,avaConv,solar
DK,h6208,0.058412763690767464,scr2099,avaConv,solar
DK,h6209,0.03676118643066244,scr2099,avaConv,solar
DK,h6210,0.0171541331184177,scr2099,avaConv,solar
DK,h6211,0.0040683150403021985,scr2099,avaConv,solar
DK,h6212,0.0,scr2099,avaConv,solar
DK,h6213,0.0,scr2099,avaConv,solar
DK,h6214,0.0,scr2099,avaConv,solar
DK,h6215,0.0,scr2099,avaConv,solar
DK,h6216,0.0,scr2099,avaConv,solar
DK,h6217,0.0,scr2099,avaConv,solar
DK,h6218,0.0,scr2099,avaConv,solar
DK,h6219,0.0,scr2099,avaConv,solar
DK,h6220,0.0,scr2099,avaConv,solar
DK,h6221,0.0,scr2099,avaConv,solar
DK,h6222,0.002618303308349244,scr2099,avaConv,solar
DK,h6223,0.025280300390601286,scr2099,avaConv,solar
DK,h6224,0.08206318959905687,scr2099,avaConv,solar
DK,h6225,0.15906531838419846,scr2099,avaConv,solar
DK,h6226,0.23926033911515368,scr2099,avaConv,solar
DK,h6227,0.2947621345119304,scr2099,avaConv,solar
DK,h6228,0.33231276098627355,scr2099,avaConv,solar
DK,h6229,0.33772736735897896,scr2099,avaConv,solar
DK,h6230,0.321231899248548,scr2099,avaConv,solar
DK,h6231,0.28200236327328754,scr2099,avaConv,solar
DK,h6232,0.21747243259780363,scr2099,avaConv,solar
DK,h6233,0.1304558308298325,scr2099,avaConv,solar
DK,h6234,0.052773271573137444,scr2099,avaConv,solar
DK,h6235,0.00930188232271492,scr2099,avaConv,solar
DK,h6236,0.0,scr2099,avaConv,solar
DK,h6237,0.0,scr2099,avaConv,solar
DK,h6238,0.0,scr2099,avaConv,solar
DK,h6239,0.0,scr2099,avaConv,solar
DK,h6240,0.0,scr2099,avaConv,solar
DK,h6241,0.0,scr2099,avaConv,solar
DK,h6242,0.0,scr2099,avaConv,solar
DK,h6243,0.0,scr2099,avaConv,solar
DK,h6244,0.0,scr2099,avaConv,solar
DK,h6245,0.0,scr2099,avaConv,solar
DK,h6246,0.0027272046696870654,scr2099,avaConv,solar
DK,h6247,0.03505643603567184,scr2099,avaConv,solar
DK,h6248,0.10769154398604933,scr2099,avaConv,solar
DK,h6249,0.21577009058531676,scr2099,avaConv,solar
DK,h6250,0.32487797187856093,scr2099,avaConv,solar
DK,h6251,0.42567214836075423,scr2099,avaConv,solar
DK,h6252,0.5086722881289787,scr2099,avaConv,solar
DK,h6253,0.5577271805509496,scr2099,avaConv,solar
DK,h6254,0.5595423316332138,scr2099,avaConv,solar
DK,h6255,0.5113542523483503,scr2099,avaConv,solar
DK,h6256,0.4116256176368481,scr2099,avaConv,solar
DK,h6257,0.2550726929850543,scr2099,avaConv,solar
DK,h6258,0.10944279729334139,scr2099,avaConv,solar
DK,h6259,0.01941763147113873,scr2099,avaConv,solar
DK,h6260,0.0,scr2099,avaConv,solar
DK,h6261,0.0,scr2099,avaConv,solar
DK,h6262,0.0,scr2099,avaConv,solar
DK,h6263,0.0,scr2099,avaConv,solar
DK,h6264,0.0,scr2099,avaConv,solar
DK,h6265,0.0,scr2099,avaConv,solar
DK,h6266,0.0,scr2099,avaConv,solar
DK,h6267,0.0,scr2099,avaConv,solar
DK,h6268,0.0,scr2099,avaConv,solar
DK,h6269,0.0,scr2099,avaConv,solar
DK,h6270,0.004382117113205802,scr2099,avaConv,solar
DK,h6271,0.04714584633243988,scr2099,avaConv,solar
DK,h6272,0.1436524915102523,scr2099,avaConv,solar
DK,h6273,0.2818391933947701,scr2099,avaConv,solar
DK,h6274,0.41080757138095575,scr2099,avaConv,solar
DK,h6275,0.5127813164385113,scr2099,avaConv,solar
DK,h6276,0.5819416040679561,scr2099,avaConv,solar
DK,h6277,0.6144776820660175,scr2099,avaConv,solar
DK,h6278,0.6006613165243929,scr2099,avaConv,solar
DK,h6279,0.5335976146456864,scr2099,avaConv,solar
DK,h6280,0.41536335067794034,scr2099,avaConv,solar
DK,h6281,0.24816952405378145,scr2099,avaConv,solar
DK,h6282,0.10367806416683284,scr2099,avaConv,solar
DK,h6283,0.018195827203585792,scr2099,avaConv,solar
DK,h6284,0.0,scr2099,avaConv,solar
DK,h6285,0.0,scr2099,avaConv,solar
DK,h6286,0.0,scr2099,avaConv,solar
DK,h6287,0.0,scr2099,avaConv,solar
DK,h6288,0.0,scr2099,avaConv,solar
DK,h6289,0.0,scr2099,avaConv,solar
DK,h6290,0.0,scr2099,avaConv,solar
DK,h6291,0.0,scr2099,avaConv,solar
DK,h6292,0.0,scr2099,avaConv,solar
DK,h6293,0.0,scr2099,avaConv,solar
DK,h6294,0.003966660038430999,scr2099,avaConv,solar
DK,h6295,0.045437740726622954,scr2099,avaConv,solar
DK,h6296,0.14378414180198076,scr2099,avaConv,solar
DK,h6297,0.2865281032905728,scr2099,avaConv,solar
DK,h6298,0.428085699189915,scr2099,avaConv,solar
DK,h6299,0.541385514192955,scr2099,avaConv,solar
DK,h6300,0.6209989482347572,scr2099,avaConv,solar
DK,h6301,0.6607149104473395,scr2099,avaConv,solar
DK,h6302,0.6506314221816891,scr2099,avaConv,solar
DK,h6303,0.5862708425190795,scr2099,avaConv,solar
DK,h6304,0.4638067019470922,scr2099,avaConv,solar
DK,h6305,0.28020698116540343,scr2099,avaConv,solar
DK,h6306,0.1183632116539038,scr2099,avaConv,solar
DK,h6307,0.01902142962035323,scr2099,avaConv,solar
DK,h6308,0.0,scr2099,avaConv,solar
DK,h6309,0.0,scr2099,avaConv,solar
DK,h6310,0.0,scr2099,avaConv,solar
DK,h6311,0.0,scr2099,avaConv,solar
DK,h6312,0.0,scr2099,avaConv,solar
DK,h6313,0.0,scr2099,avaConv,solar
DK,h6314,0.0,scr2099,avaConv,solar
DK,h6315,0.0,scr2099,avaConv,solar
DK,h6316,0.0,scr2099,avaConv,solar
DK,h6317,0.0,scr2099,avaConv,solar
DK,h6318,0.0018120956143046663,scr2099,avaConv,solar
DK,h6319,0.018330383449674446,scr2099,avaConv,solar
DK,h6320,0.05204937180919023,scr2099,avaConv,solar
DK,h6321,0.09921512371597199,scr2099,avaConv,solar
DK,h6322,0.14249971983180257,scr2099,avaConv,solar
DK,h6323,0.17689337149206658,scr2099,avaConv,solar
DK,h6324,0.20190097586436137,scr2099,avaConv,solar
DK,h6325,0.22004966024347794,scr2099,avaConv,solar
DK,h6326,0.21885094723659967,scr2099,avaConv,solar
DK,h6327,0.19589809216463566,scr2099,avaConv,solar
DK,h6328,0.15222341791994468,scr2099,avaConv,solar
DK,h6329,0.08825734446244488,scr2099,avaConv,solar
DK,h6330,0.03725029988119942,scr2099,avaConv,solar
DK,h6331,0.0034474360260856314,scr2099,avaConv,solar
DK,h6332,0.0,scr2099,avaConv,solar
DK,h6333,0.0,scr2099,avaConv,solar
DK,h6334,0.0,scr2099,avaConv,solar
DK,h6335,0.0,scr2099,avaConv,solar
DK,h6336,0.0,scr2099,avaConv,solar
DK,h6337,0.0,scr2099,avaConv,solar
DK,h6338,0.0,scr2099,avaConv,solar
DK,h6339,0.0,scr2099,avaConv,solar
DK,h6340,0.0,scr2099,avaConv,solar
DK,h6341,0.0,scr2099,avaConv,solar
DK,h6342,0.0016502433049923805,scr2099,avaConv,solar
DK,h6343,0.023315561176423614,scr2099,avaConv,solar
DK,h6344,0.07803914622216777,scr2099,avaConv,solar
DK,h6345,0.16659300551377643,scr2099,avaConv,solar
DK,h6346,0.2638454328181308,scr2099,avaConv,solar
DK,h6347,0.3648397023305328,scr2099,avaConv,solar
DK,h6348,0.4466067495010986,scr2099,avaConv,solar
DK,h6349,0.4966432643232034,scr2099,avaConv,solar
DK,h6350,0.4980157734725539,scr2099,avaConv,solar
DK,h6351,0.4561265072145045,scr2099,avaConv,solar
DK,h6352,0.3689620358375627,scr2099,avaConv,solar
DK,h6353,0.22228476213834014,scr2099,avaConv,solar
DK,h6354,0.09220875569499287,scr2099,avaConv,solar
DK,h6355,0.01162768740374241,scr2099,avaConv,solar
DK,h6356,0.0,scr2099,avaConv,solar
DK,h6357,0.0,scr2099,avaConv,solar
DK,h6358,0.0,scr2099,avaConv,solar
DK,h6359,0.0,scr2099,avaConv,solar
DK,h6360,0.0,scr2099,avaConv,solar
DK,h6361,0.0,scr2099,avaConv,solar
DK,h6362,0.0,scr2099,avaConv,solar
DK,h6363,0.0,scr2099,avaConv,solar
DK,h6364,0.0,scr2099,avaConv,solar
DK,h6365,0.0,scr2099,avaConv,solar
DK,h6366,0.001211422492746252,scr2099,avaConv,solar
DK,h6367,0.021851154559155702,scr2099,avaConv,solar
DK,h6368,0.06939900807739373,scr2099,avaConv,solar
DK,h6369,0.13276471006612248,scr2099,avaConv,solar
DK,h6370,0.17883197456447927,scr2099,avaConv,solar
DK,h6371,0.19914885539959953,scr2099,avaConv,solar
DK,h6372,0.20947063911691044,scr2099,avaConv,solar
DK,h6373,0.21888830210855748,scr2099,avaConv,solar
DK,h6374,0.2219119067691096,scr2099,avaConv,solar
DK,h6375,0.20787625926506945,scr2099,avaConv,solar
DK,h6376,0.16971444963155766,scr2099,avaConv,solar
DK,h6377,0.102009393707168,scr2099,avaConv,solar
DK,h6378,0.04147671360947522,scr2099,avaConv,solar
DK,h6379,0.0039737499152232335,scr2099,avaConv,solar
DK,h6380,0.0,scr2099,avaConv,solar
DK,h6381,0.0,scr2099,avaConv,solar
DK,h6382,0.0,scr2099,avaConv,solar
DK,h6383,0.0,scr2099,avaConv,solar
DK,h6384,0.0,scr2099,avaConv,solar
DK,h6385,0.0,scr2099,avaConv,solar
DK,h6386,0.0,scr2099,avaConv,solar
DK,h6387,0.0,scr2099,avaConv,solar
DK,h6388,0.0,scr2099,avaConv,solar
DK,h6389,0.0,scr2099,avaConv,solar
DK,h6390,0.0,scr2099,avaConv,solar
DK,h6391,0.003585057690746716,scr2099,avaConv,solar
DK,h6392,0.014307459248993923,scr2099,avaConv,solar
DK,h6393,0.03404244865365405,scr2099,avaConv,solar
DK,h6394,0.06498795395694473,scr2099,avaConv,solar
DK,h6395,0.09032260933245863,scr2099,avaConv,solar
DK,h6396,0.12703521160380069,scr2099,avaConv,solar
DK,h6397,0.14563070724700583,scr2099,avaConv,solar
DK,h6398,0.15165005748435226,scr2099,avaConv,solar
DK,h6399,0.13413536450658073,scr2099,avaConv,solar
DK,h6400,0.11386350012049685,scr2099,avaConv,solar
DK,h6401,0.07440485158769519,scr2099,avaConv,solar
DK,h6402,0.035149061348708,scr2099,avaConv,solar
DK,h6403,0.0030402784252888206,scr2099,avaConv,solar
DK,h6404,0.0,scr2099,avaConv,solar
DK,h6405,0.0,scr2099,avaConv,solar
DK,h6406,0.0,scr2099,avaConv,solar
DK,h6407,0.0,scr2099,avaConv,solar
DK,h6408,0.0,scr2099,avaConv,solar
DK,h6409,0.0,scr2099,avaConv,solar
DK,h6410,0.0,scr2099,avaConv,solar
DK,h6411,0.0,scr2099,avaConv,solar
DK,h6412,0.0,scr2099,avaConv,solar
DK,h6413,0.0,scr2099,avaConv,solar
DK,h6414,0.0,scr2099,avaConv,solar
DK,h6415,0.0036996938373202986,scr2099,avaConv,solar
DK,h6416,0.01776227449586558,scr2099,avaConv,solar
DK,h6417,0.0428703146829357,scr2099,avaConv,solar
DK,h6418,0.07833672009669525,scr2099,avaConv,solar
DK,h6419,0.11111777594269473,scr2099,avaConv,solar
DK,h6420,0.13178326779863117,scr2099,avaConv,solar
DK,h6421,0.13884161522259483,scr2099,avaConv,solar
DK,h6422,0.14224100745866333,scr2099,avaConv,solar
DK,h6423,0.13644460113954618,scr2099,avaConv,solar
DK,h6424,0.11916915834556646,scr2099,avaConv,solar
DK,h6425,0.06978714942048084,scr2099,avaConv,solar
DK,h6426,0.029813061828102325,scr2099,avaConv,solar
DK,h6427,0.0015208523314207412,scr2099,avaConv,solar
DK,h6428,0.0,scr2099,avaConv,solar
DK,h6429,0.0,scr2099,avaConv,solar
DK,h6430,0.0,scr2099,avaConv,solar
DK,h6431,0.0,scr2099,avaConv,solar
DK,h6432,0.0,scr2099,avaConv,solar
DK,h6433,0.0,scr2099,avaConv,solar
DK,h6434,0.0,scr2099,avaConv,solar
DK,h6435,0.0,scr2099,avaConv,solar
DK,h6436,0.0,scr2099,avaConv,solar
DK,h6437,0.0,scr2099,avaConv,solar
DK,h6438,0.0003908839429662074,scr2099,avaConv,solar
DK,h6439,0.01134388836544604,scr2099,avaConv,solar
DK,h6440,0.043565017175018664,scr2099,avaConv,solar
DK,h6441,0.09925345856155035,scr2099,avaConv,solar
DK,h6442,0.1609747395297918,scr2099,avaConv,solar
DK,h6443,0.22123982554615418,scr2099,avaConv,solar
DK,h6444,0.27458057423568116,scr2099,avaConv,solar
DK,h6445,0.31862205081656814,scr2099,avaConv,solar
DK,h6446,0.335474924550087,scr2099,avaConv,solar
DK,h6447,0.3172517135147248,scr2099,avaConv,solar
DK,h6448,0.2633224045079806,scr2099,avaConv,solar
DK,h6449,0.15780472582715319,scr2099,avaConv,solar
DK,h6450,0.0664785756329528,scr2099,avaConv,solar
DK,h6451,0.005043320560866594,scr2099,avaConv,solar
DK,h6452,0.0,scr2099,avaConv,solar
DK,h6453,0.0,scr2099,avaConv,solar
DK,h6454,0.0,scr2099,avaConv,solar
DK,h6455,0.0,scr2099,avaConv,solar
DK,h6456,0.0,scr2099,avaConv,solar
DK,h6457,0.0,scr2099,avaConv,solar
DK,h6458,0.0,scr2099,avaConv,solar
DK,h6459,0.0,scr2099,avaConv,solar
DK,h6460,0.0,scr2099,avaConv,solar
DK,h6461,0.0,scr2099,avaConv,solar
DK,h6462,0.00013968416586110588,scr2099,avaConv,solar
DK,h6463,0.01509903920063066,scr2099,avaConv,solar
DK,h6464,0.06473855768815524,scr2099,avaConv,solar
DK,h6465,0.16917654793881545,scr2099,avaConv,solar
DK,h6466,0.30849081315584803,scr2099,avaConv,solar
DK,h6467,0.4485142659925894,scr2099,avaConv,solar
DK,h6468,0.5487106339740787,scr2099,avaConv,solar
DK,h6469,0.6123405928746646,scr2099,avaConv,solar
DK,h6470,0.6240051820158035,scr2099,avaConv,solar
DK,h6471,0.5848270297384824,scr2099,avaConv,solar
DK,h6472,0.4793158550974547,scr2099,avaConv,solar
DK,h6473,0.28721591553564674,scr2099,avaConv,solar
DK,h6474,0.12125027695709516,scr2099,avaConv,solar
DK,h6475,0.011017392806636748,scr2099,avaConv,solar
DK,h6476,0.0,scr2099,avaConv,solar
DK,h6477,0.0,scr2099,avaConv,solar
DK,h6478,0.0,scr2099,avaConv,solar
DK,h6479,0.0,scr2099,avaConv,solar
DK,h6480,0.0,scr2099,avaConv,solar
DK,h6481,0.0,scr2099,avaConv,solar
DK,h6482,0.0,scr2099,avaConv,solar
DK,h6483,0.0,scr2099,avaConv,solar
DK,h6484,0.0,scr2099,avaConv,solar
DK,h6485,0.0,scr2099,avaConv,solar
DK,h6486,0.0001914707503175305,scr2099,avaConv,solar
DK,h6487,0.016516424403252482,scr2099,avaConv,solar
DK,h6488,0.06308210879128988,scr2099,avaConv,solar
DK,h6489,0.13830691365707648,scr2099,avaConv,solar
DK,h6490,0.22159647190601478,scr2099,avaConv,solar
DK,h6491,0.28986388218372505,scr2099,avaConv,solar
DK,h6492,0.33303779441114706,scr2099,avaConv,solar
DK,h6493,0.32481856919491875,scr2099,avaConv,solar
DK,h6494,0.28951112209863156,scr2099,avaConv,solar
DK,h6495,0.23188314782425046,scr2099,avaConv,solar
DK,h6496,0.1767453636867677,scr2099,avaConv,solar
DK,h6497,0.0970610818055606,scr2099,avaConv,solar
DK,h6498,0.03661754219537316,scr2099,avaConv,solar
DK,h6499,0.0010143844241641536,scr2099,avaConv,solar
DK,h6500,0.0,scr2099,avaConv,solar
DK,h6501,0.0,scr2099,avaConv,solar
DK,h6502,0.0,scr2099,avaConv,solar
DK,h6503,0.0,scr2099,avaConv,solar
DK,h6504,0.0,scr2099,avaConv,solar
DK,h6505,0.0,scr2099,avaConv,solar
DK,h6506,0.0,scr2099,avaConv,solar
DK,h6507,0.0,scr2099,avaConv,solar
DK,h6508,0.0,scr2099,avaConv,solar
DK,h6509,0.0,scr2099,avaConv,solar
DK,h6510,0.00013700183066944104,scr2099,avaConv,solar
DK,h6511,0.011589687369857785,scr2099,avaConv,solar
DK,h6512,0.04234911270106722,scr2099,avaConv,solar
DK,h6513,0.09376620185168315,scr2099,avaConv,solar
DK,h6514,0.15223908740880576,scr2099,avaConv,solar
DK,h6515,0.21074786528782016,scr2099,avaConv,solar
DK,h6516,0.2480759548858994,scr2099,avaConv,solar
DK,h6517,0.2693279585485293,scr2099,avaConv,solar
DK,h6518,0.26549955439236816,scr2099,avaConv,solar
DK,h6519,0.24805121234642996,scr2099,avaConv,solar
DK,h6520,0.20527998994045088,scr2099,avaConv,solar
DK,h6521,0.12209729762780455,scr2099,avaConv,solar
DK,h6522,0.05079702430176448,scr2099,avaConv,solar
DK,h6523,0.003325746255931373,scr2099,avaConv,solar
DK,h6524,0.0,scr2099,avaConv,solar
DK,h6525,0.0,scr2099,avaConv,solar
DK,h6526,0.0,scr2099,avaConv,solar
DK,h6527,0.0,scr2099,avaConv,solar
DK,h6528,0.0,scr2099,avaConv,solar
DK,h6529,0.0,scr2099,avaConv,solar
DK,h6530,0.0,scr2099,avaConv,solar
DK,h6531,0.0,scr2099,avaConv,solar
DK,h6532,0.0,scr2099,avaConv,solar
DK,h6533,0.0,scr2099,avaConv,solar
DK,h6534,0.0,scr2099,avaConv,solar
DK,h6535,0.019929962584644478,scr2099,avaConv,solar
DK,h6536,0.08200440700965113,scr2099,avaConv,solar
DK,h6537,0.18841676907780752,scr2099,avaConv,solar
DK,h6538,0.30586253166237676,scr2099,avaConv,solar
DK,h6539,0.4200808831096471,scr2099,avaConv,solar
DK,h6540,0.49559561828630927,scr2099,avaConv,solar
DK,h6541,0.5471907369634925,scr2099,avaConv,solar
DK,h6542,0.5378339712110659,scr2099,avaConv,solar
DK,h6543,0.492825107008877,scr2099,avaConv,solar
DK,h6544,0.37350293610946983,scr2099,avaConv,solar
DK,h6545,0.20882180173860662,scr2099,avaConv,solar
DK,h6546,0.07267531793004102,scr2099,avaConv,solar
DK,h6547,0.004306969155809709,scr2099,avaConv,solar
DK,h6548,0.0,scr2099,avaConv,solar
DK,h6549,0.0,scr2099,avaConv,solar
DK,h6550,0.0,scr2099,avaConv,solar
DK,h6551,0.0,scr2099,avaConv,solar
DK,h6552,0.0,scr2099,avaConv,solar
EE,h5809,0.0,scr2099,avaConv,solar
EE,h5810,0.0,scr2099,avaConv,solar
EE,h5811,0.0,scr2099,avaConv,solar
EE,h5812,0.0010887011692728525,scr2099,avaConv,solar
EE,h5813,0.018094402312504757,scr2099,avaConv,solar
EE,h5814,0.058470413138659534,scr2099,avaConv,solar
EE,h5815,0.12874222368852892,scr2099,avaConv,solar
EE,h5816,0.21604396069595258,scr2099,avaConv,solar
EE,h5817,0.31695503683320414,scr2099,avaConv,solar
EE,h5818,0.4118958463647663,scr2099,avaConv,solar
EE,h5819,0.4889575741874946,scr2099,avaConv,solar
EE,h5820,0.5265755728610918,scr2099,avaConv,solar
EE,h5821,0.5265548899358254,scr2099,avaConv,solar
EE,h5822,0.4878340616294179,scr2099,avaConv,solar
EE,h5823,0.3987155188987469,scr2099,avaConv,solar
EE,h5824,0.2475354437084081,scr2099,avaConv,solar
EE,h5825,0.11810608084441195,scr2099,avaConv,solar
EE,h5826,0.028888277859593088,scr2099,avaConv,solar
EE,h5827,0.01264497521218119,scr2099,avaConv,solar
EE,h5828,0.0,scr2099,avaConv,solar
EE,h5829,0.0,scr2099,avaConv,solar
EE,h5830,0.0,scr2099,avaConv,solar
EE,h5831,0.0,scr2099,avaConv,solar
EE,h5832,0.0,scr2099,avaConv,solar
EE,h5833,0.0,scr2099,avaConv,solar
EE,h5834,0.0,scr2099,avaConv,solar
EE,h5835,0.0,scr2099,avaConv,solar
EE,h5836,0.0006675346547055452,scr2099,avaConv,solar
EE,h5837,0.023104350289441796,scr2099,avaConv,solar
EE,h5838,0.08176873135482911,scr2099,avaConv,solar
EE,h5839,0.1785371443888523,scr2099,avaConv,solar
EE,h5840,0.29316835821710263,scr2099,avaConv,solar
EE,h5841,0.40171909997356253,scr2099,avaConv,solar
EE,h5842,0.49493923201443,scr2099,avaConv,solar
EE,h5843,0.5597302174056421,scr2099,avaConv,solar
EE,h5844,0.5896793194300275,scr2099,avaConv,solar
EE,h5845,0.5793392897574831,scr2099,avaConv,solar
EE,h5846,0.5250987731967502,scr2099,avaConv,solar
EE,h5847,0.4224523825553659,scr2099,avaConv,solar
EE,h5848,0.2548832774348672,scr2099,avaConv,solar
EE,h5849,0.1171606494351977,scr2099,avaConv,solar
EE,h5850,0.023442118401654978,scr2099,avaConv,solar
EE,h5851,0.009653673207264304,scr2099,avaConv,solar
EE,h5852,0.0,scr2099,avaConv,solar
EE,h5853,0.0,scr2099,avaConv,solar
EE,h5854,0.0,scr2099,avaConv,solar
EE,h5855,0.0,scr2099,avaConv,solar
EE,h5856,0.0,scr2099,avaConv,solar
EE,h5857,0.0,scr2099,avaConv,solar
EE,h5858,0.0,scr2099,avaConv,solar
EE,h5859,0.0,scr2099,avaConv,solar
EE,h5860,0.00021118446718869168,scr2099,avaConv,solar
EE,h5861,0.00803065974454367,scr2099,avaConv,solar
EE,h5862,0.038396070677373356,scr2099,avaConv,solar
EE,h5863,0.10499868518747621,scr2099,avaConv,solar
EE,h5864,0.1954423161322798,scr2099,avaConv,solar
EE,h5865,0.2867236099906697,scr2099,avaConv,solar
EE,h5866,0.3572986980558596,scr2099,avaConv,solar
EE,h5867,0.37281051501031265,scr2099,avaConv,solar
EE,h5868,0.3696032026301672,scr2099,avaConv,solar
EE,h5869,0.3308639000472772,scr2099,avaConv,solar
EE,h5870,0.28744816546306506,scr2099,avaConv,solar
EE,h5871,0.20944349153811587,scr2099,avaConv,solar
EE,h5872,0.11631429632066659,scr2099,avaConv,solar
EE,h5873,0.051453082906577796,scr2099,avaConv,solar
EE,h5874,0.011243789265886803,scr2099,avaConv,solar
EE,h5875,0.005110383886910904,scr2099,avaConv,solar
EE,h5876,0.0,scr2099,avaConv,solar
EE,h5877,0.0,scr2099,avaConv,solar
EE,h5878,0.0,scr2099,avaConv,solar
EE,h5879,0.0,scr2099,avaConv,solar
EE,h5880,0.0,scr2099,avaConv,solar
EE,h5881,0.0,scr2099,avaConv,solar
EE,h5882,0.0,scr2099,avaConv,solar
EE,h5883,0.0,scr2099,avaConv,solar
EE,h5884,0.0,scr2099,avaConv,solar
EE,h5885,0.007460108143006127,scr2099,avaConv,solar
EE,h5886,0.03860500917847858,scr2099,avaConv,solar
EE,h5887,0.10419068962240359,scr2099,avaConv,solar
EE,h5888,0.19678487370338818,scr2099,avaConv,solar
EE,h5889,0.2845518736108872,scr2099,avaConv,solar
EE,h5890,0.35331341059978594,scr2099,avaConv,solar
EE,h5891,0.3794584509930138,scr2099,avaConv,solar
EE,h5892,0.36582938892551664,scr2099,avaConv,solar
EE,h5893,0.3314718350368584,scr2099,avaConv,solar
EE,h5894,0.2912039133716976,scr2099,avaConv,solar
EE,h5895,0.2435742367876715,scr2099,avaConv,solar
EE,h5896,0.15375562601882137,scr2099,avaConv,solar
EE,h5897,0.07488840568237522,scr2099,avaConv,solar
EE,h5898,0.01756627996143871,scr2099,avaConv,solar
EE,h5899,0.006672568197940113,scr2099,avaConv,solar
EE,h5900,0.0,scr2099,avaConv,solar
EE,h5901,0.0,scr2099,avaConv,solar
EE,h5902,0.0,scr2099,avaConv,solar
EE,h5903,0.0,scr2099,avaConv,solar
EE,h5904,0.0,scr2099,avaConv,solar
EE,h5905,0.0,scr2099,avaConv,solar
EE,h5906,0.0,scr2099,avaConv,solar
EE,h5907,0.0,scr2099,avaConv,solar
EE,h5908,0.0,scr2099,avaConv,solar
EE,h5909,0.005964633973287739,scr2099,avaConv,solar
EE,h5910,0.025909738849361305,scr2099,avaConv,solar
EE,h5911,0.06440701041819205,scr2099,avaConv,solar
EE,h5912,0.11946647652742336,scr2099,avaConv,solar
EE,h5913,0.17454519069866092,scr2099,avaConv,solar
EE,h5914,0.22935138007055506,scr2099,avaConv,solar
EE,h5915,0.27483135859146846,scr2099,avaConv,solar
EE,h5916,0.29537096480544167,scr2099,avaConv,solar
EE,h5917,0.2971042325915993,scr2099,avaConv,solar
EE,h5918,0.26205282852955025,scr2099,avaConv,solar
EE,h5919,0.21419314325654154,scr2099,avaConv,solar
EE,h5920,0.12575617410050874,scr2099,avaConv,solar
EE,h5921,0.05698236051494587,scr2099,avaConv,solar
EE,h5922,0.009842758127561997,scr2099,avaConv,solar
EE,h5923,0.0027444436808849904,scr2099,avaConv,solar
EE,h5924,0.0,scr2099,avaConv,solar
EE,h5925,0.0,scr2099,avaConv,solar
EE,h5926,0.0,scr2099,avaConv,solar
EE,h5927,0.0,scr2099,avaConv,solar
EE,h5928,0.0,scr2099,avaConv,solar
EE,h5929,0.0,scr2099,avaConv,solar
EE,h5930,0.0,scr2099,avaConv,solar
EE,h5931,0.0,scr2099,avaConv,solar
EE,h5932,0.0,scr2099,avaConv,solar
EE,h5933,0.0034116900738730143,scr2099,avaConv,solar
EE,h5934,0.021788610000304548,scr2099,avaConv,solar
EE,h5935,0.05973441670175304,scr2099,avaConv,solar
EE,h5936,0.10843664021727005,scr2099,avaConv,solar
EE,h5937,0.14756429070104995,scr2099,avaConv,solar
EE,h5938,0.1752621158479621,scr2099,avaConv,solar
EE,h5939,0.18704304586440856,scr2099,avaConv,solar
EE,h5940,0.18314925718386152,scr2099,avaConv,solar
EE,h5941,0.1601692189445506,scr2099,avaConv,solar
EE,h5942,0.12570203119391346,scr2099,avaConv,solar
EE,h5943,0.08986665281576833,scr2099,avaConv,solar
EE,h5944,0.050437991004710234,scr2099,avaConv,solar
EE,h5945,0.02133498254675803,scr2099,avaConv,solar
EE,h5946,0.0036483017189530512,scr2099,avaConv,solar
EE,h5947,0.0002462244435208956,scr2099,avaConv,solar
EE,h5948,0.0,scr2099,avaConv,solar
EE,h5949,0.0,scr2099,avaConv,solar
EE,h5950,0.0,scr2099,avaConv,solar
EE,h5951,0.0,scr2099,avaConv,solar
EE,h5952,0.0,scr2099,avaConv,solar
EE,h5953,0.0,scr2099,avaConv,solar
EE,h5954,0.0,scr2099,avaConv,solar
EE,h5955,0.0,scr2099,avaConv,solar
EE,h5956,0.0,scr2099,avaConv,solar
EE,h5957,0.0016722137959798444,scr2099,avaConv,solar
EE,h5958,0.01180664921764242,scr2099,avaConv,solar
EE,h5959,0.044387120416481476,scr2099,avaConv,solar
EE,h5960,0.08837326717188926,scr2099,avaConv,solar
EE,h5961,0.13459384138146327,scr2099,avaConv,solar
EE,h5962,0.16668118979695112,scr2099,avaConv,solar
EE,h5963,0.19443956804277904,scr2099,avaConv,solar
EE,h5964,0.20321294992262282,scr2099,avaConv,solar
EE,h5965,0.18735933645608338,scr2099,avaConv,solar
EE,h5966,0.15204416097078213,scr2099,avaConv,solar
EE,h5967,0.11484230476908736,scr2099,avaConv,solar
EE,h5968,0.06872232343209386,scr2099,avaConv,solar
EE,h5969,0.03174039357775341,scr2099,avaConv,solar
EE,h5970,0.004446631460449738,scr2099,avaConv,solar
EE,h5971,0.001045820925578718,scr2099,avaConv,solar
EE,h5972,0.0,scr2099,avaConv,solar
EE,h5973,0.0,scr2099,avaConv,solar
EE,h5974,0.0,scr2099,avaConv,solar
EE,h5975,0.0,scr2099,avaConv,solar
EE,h5976,0.0,scr2099,avaConv,solar
EE,h5977,0.0,scr2099,avaConv,solar
EE,h5978,0.0,scr2099,avaConv,solar
EE,h5979,0.0,scr2099,avaConv,solar
EE,h5980,0.0,scr2099,avaConv,solar
EE,h5981,0.0007139125052553489,scr2099,avaConv,solar
EE,h5982,0.007105031763423431,scr2099,avaConv,solar
EE,h5983,0.022604457369899827,scr2099,avaConv,solar
EE,h5984,0.049572965204132804,scr2099,avaConv,solar
EE,h5985,0.08287915141303778,scr2099,avaConv,solar
EE,h5986,0.11607096146330306,scr2099,avaConv,solar
EE,h5987,0.1510240574742051,scr2099,avaConv,solar
EE,h5988,0.1683809555006899,scr2099,avaConv,solar
EE,h5989,0.17361126503145932,scr2099,avaConv,solar
EE,h5990,0.1588461387757476,scr2099,avaConv,solar
EE,h5991,0.1375343591256146,scr2099,avaConv,solar
EE,h5992,0.08786225595047802,scr2099,avaConv,solar
EE,h5993,0.0416420234147644,scr2099,avaConv,solar
EE,h5994,0.0064307864603337156,scr2099,avaConv,solar
EE,h5995,0.0016585662366540859,scr2099,avaConv,solar
EE,h5996,0.0,scr2099,avaConv,solar
EE,h5997,0.0,scr2099,avaConv,solar
EE,h5998,0.0,scr2099,avaConv,solar
EE,h5999,0.0,scr2099,avaConv,solar
EE,h6000,0.0,scr2099,avaConv,solar
EE,h6001,0.0,scr2099,avaConv,solar
EE,h6002,0.0,scr2099,avaConv,solar
EE,h6003,0.0,scr2099,avaConv,solar
EE,h6004,0.0,scr2099,avaConv,solar
EE,h6005,0.002170938710027616,scr2099,avaConv,solar
EE,h6006,0.013960588314580417,scr2099,avaConv,solar
EE,h6007,0.036751994783731555,scr2099,avaConv,solar
EE,h6008,0.067847579837374,scr2099,avaConv,solar
EE,h6009,0.10466439593833884,scr2099,avaConv,solar
EE,h6010,0.139599052001829,scr2099,avaConv,solar
EE,h6011,0.1734446782878699,scr2099,avaConv,solar
EE,h6012,0.19295931376658318,scr2099,avaConv,solar
EE,h6013,0.2050072366096722,scr2099,avaConv,solar
EE,h6014,0.20205518703965888,scr2099,avaConv,solar
EE,h6015,0.1787178354884971,scr2099,avaConv,solar
EE,h6016,0.11310266160300195,scr2099,avaConv,solar
EE,h6017,0.050335136600757634,scr2099,avaConv,solar
EE,h6018,0.006188517686789277,scr2099,avaConv,solar
EE,h6019,0.0013119109123225046,scr2099,avaConv,solar
EE,h6020,0.0,scr2099,avaConv,solar
EE,h6021,0.0,scr2099,avaConv,solar
EE,h6022,0.0,scr2099,avaConv,solar
EE,h6023,0.0,scr2099,avaConv,solar
EE,h6024,0.0,scr2099,avaConv,solar
EE,h6025,0.0,scr2099,avaConv,solar
EE,h6026,0.0,scr2099,avaConv,solar
EE,h6027,0.0,scr2099,avaConv,solar
EE,h6028,0.0,scr2099,avaConv,solar
EE,h6029,0.005317475118400187,scr2099,avaConv,solar
EE,h6030,0.02374757771044133,scr2099,avaConv,solar
EE,h6031,0.059399923491515204,scr2099,avaConv,solar
EE,h6032,0.10758605302687287,scr2099,avaConv,solar
EE,h6033,0.1515935054694451,scr2099,avaConv,solar
EE,h6034,0.17984647113814398,scr2099,avaConv,solar
EE,h6035,0.18811466353843007,scr2099,avaConv,solar
EE,h6036,0.185819847435007,scr2099,avaConv,solar
EE,h6037,0.17708359102188423,scr2099,avaConv,solar
EE,h6038,0.1617352546343993,scr2099,avaConv,solar
EE,h6039,0.1254203585091651,scr2099,avaConv,solar
EE,h6040,0.07348484046435502,scr2099,avaConv,solar
EE,h6041,0.02748855487525074,scr2099,avaConv,solar
EE,h6042,0.0038558383910393726,scr2099,avaConv,solar
EE,h6043,0.00038063491120550854,scr2099,avaConv,solar
EE,h6044,0.0,scr2099,avaConv,solar
EE,h6045,0.0,scr2099,avaConv,solar
EE,h6046,0.0,scr2099,avaConv,solar
EE,h6047,0.0,scr2099,avaConv,solar
EE,h6048,0.0,scr2099,avaConv,solar
EE,h6049,0.0,scr2099,avaConv,solar
EE,h6050,0.0,scr2099,avaConv,solar
EE,h6051,0.0,scr2099,avaConv,solar
EE,h6052,0.0,scr2099,avaConv,solar
EE,h6053,0.003704165258616908,scr2099,avaConv,solar
EE,h6054,0.018160359347641927,scr2099,avaConv,solar
EE,h6055,0.049622189023859974,scr2099,avaConv,solar
EE,h6056,0.09227448618719362,scr2099,avaConv,solar
EE,h6057,0.13735498549242015,scr2099,avaConv,solar
EE,h6058,0.17447662348179657,scr2099,avaConv,solar
EE,h6059,0.19916096775094805,scr2099,avaConv,solar
EE,h6060,0.2225712132400577,scr2099,avaConv,solar
EE,h6061,0.2353950807694472,scr2099,avaConv,solar
EE,h6062,0.23449321581915825,scr2099,avaConv,solar
EE,h6063,0.19855065635043745,scr2099,avaConv,solar
EE,h6064,0.1298954981173264,scr2099,avaConv,solar
EE,h6065,0.06297497643196269,scr2099,avaConv,solar
EE,h6066,0.01621913973108994,scr2099,avaConv,solar
EE,h6067,0.0031851477103752145,scr2099,avaConv,solar
EE,h6068,0.0,scr2099,avaConv,solar
EE,h6069,0.0,scr2099,avaConv,solar
EE,h6070,0.0,scr2099,avaConv,solar
EE,h6071,0.0,scr2099,avaConv,solar
EE,h6072,0.0,scr2099,avaConv,solar
EE,h6073,0.0,scr2099,avaConv,solar
EE,h6074,0.0,scr2099,avaConv,solar
EE,h6075,0.0,scr2099,avaConv,solar
EE,h6076,0.0,scr2099,avaConv,solar
EE,h6077,0.0049522433275164335,scr2099,avaConv,solar
EE,h6078,0.02883118505676497,scr2099,avaConv,solar
EE,h6079,0.08014852838339136,scr2099,avaConv,solar
EE,h6080,0.17178652288488225,scr2099,avaConv,solar
EE,h6081,0.26150897064517614,scr2099,avaConv,solar
EE,h6082,0.3361211845113232,scr2099,avaConv,solar
EE,h6083,0.38450989842333183,scr2099,avaConv,solar
EE,h6084,0.4108702906344849,scr2099,avaConv,solar
EE,h6085,0.41057074765880747,scr2099,avaConv,solar
EE,h6086,0.3630307760032867,scr2099,avaConv,solar
EE,h6087,0.2846948204622545,scr2099,avaConv,solar
EE,h6088,0.17013165715191284,scr2099,avaConv,solar
EE,h6089,0.07394105209185954,scr2099,avaConv,solar
EE,h6090,0.01303819001280975,scr2099,avaConv,solar
EE,h6091,0.0015967854971235857,scr2099,avaConv,solar
EE,h6092,0.0,scr2099,avaConv,solar
EE,h6093,0.0,scr2099,avaConv,solar
EE,h6094,0.0,scr2099,avaConv,solar
EE,h6095,0.0,scr2099,avaConv,solar
EE,h6096,0.0,scr2099,avaConv,solar
EE,h6097,0.0,scr2099,avaConv,solar
EE,h6098,0.0,scr2099,avaConv,solar
EE,h6099,0.0,scr2099,avaConv,solar
EE,h6100,0.0,scr2099,avaConv,solar
EE,h6101,0.0030145991092032334,scr2099,avaConv,solar
EE,h6102,0.025343859424534012,scr2099,avaConv,solar
EE,h6103,0.059365648934625294,scr2099,avaConv,solar
EE,h6104,0.11325882846542518,scr2099,avaConv,solar
EE,h6105,0.1773694515686824,scr2099,avaConv,solar
EE,h6106,0.2473057077124937,scr2099,avaConv,solar
EE,h6107,0.31240539145910884,scr2099,avaConv,solar
EE,h6108,0.3541181517284817,scr2099,avaConv,solar
EE,h6109,0.3739642399079011,scr2099,avaConv,solar
EE,h6110,0.3836795742846262,scr2099,avaConv,solar
EE,h6111,0.329161912055538,scr2099,avaConv,solar
EE,h6112,0.21391219225735764,scr2099,avaConv,solar
EE,h6113,0.0858391208658789,scr2099,avaConv,solar
EE,h6114,0.01271651893956667,scr2099,avaConv,solar
EE,h6115,0.0029984652078209016,scr2099,avaConv,solar
EE,h6116,0.0,scr2099,avaConv,solar
EE,h6117,0.0,scr2099,avaConv,solar
EE,h6118,0.0,scr2099,avaConv,solar
EE,h6119,0.0,scr2099,avaConv,solar
EE,h6120,0.0,scr2099,avaConv,solar
EE,h6121,0.0,scr2099,avaConv,solar
EE,h6122,0.0,scr2099,avaConv,solar
EE,h6123,0.0,scr2099,avaConv,solar
EE,h6124,0.0,scr2099,avaConv,solar
EE,h6125,0.002558252554936511,scr2099,avaConv,solar
EE,h6126,0.019446940667985742,scr2099,avaConv,solar
EE,h6127,0.0640676349246556,scr2099,avaConv,solar
EE,h6128,0.13635286161843382,scr2099,avaConv,solar
EE,h6129,0.24710087979395493,scr2099,avaConv,solar
EE,h6130,0.3416547394260945,scr2099,avaConv,solar
EE,h6131,0.4047726307260192,scr2099,avaConv,solar
EE,h6132,0.42235937684988645,scr2099,avaConv,solar
EE,h6133,0.42939470839162613,scr2099,avaConv,solar
EE,h6134,0.4215046303248442,scr2099,avaConv,solar
EE,h6135,0.35677547927174824,scr2099,avaConv,solar
EE,h6136,0.228074562143302,scr2099,avaConv,solar
EE,h6137,0.10024318597453012,scr2099,avaConv,solar
EE,h6138,0.02019998744620826,scr2099,avaConv,solar
EE,h6139,0.002030047343247953,scr2099,avaConv,solar
EE,h6140,0.0,scr2099,avaConv,solar
EE,h6141,0.0,scr2099,avaConv,solar
EE,h6142,0.0,scr2099,avaConv,solar
EE,h6143,0.0,scr2099,avaConv,solar
EE,h6144,0.0,scr2099,avaConv,solar
EE,h6145,0.0,scr2099,avaConv,solar
EE,h6146,0.0,scr2099,avaConv,solar
EE,h6147,0.0,scr2099,avaConv,solar
EE,h6148,0.0,scr2099,avaConv,solar
EE,h6149,0.0016355168528096415,scr2099,avaConv,solar
EE,h6150,0.02160470576831376,scr2099,avaConv,solar
EE,h6151,0.0644282204608083,scr2099,avaConv,solar
EE,h6152,0.14059087032004286,scr2099,avaConv,solar
EE,h6153,0.21203483539425402,scr2099,avaConv,solar
EE,h6154,0.27947534020531717,scr2099,avaConv,solar
EE,h6155,0.3266004065403795,scr2099,avaConv,solar
EE,h6156,0.36493666762427096,scr2099,avaConv,solar
EE,h6157,0.3804745869606149,scr2099,avaConv,solar
EE,h6158,0.36998407481743834,scr2099,avaConv,solar
EE,h6159,0.3204574993669473,scr2099,avaConv,solar
EE,h6160,0.20773252938310144,scr2099,avaConv,solar
EE,h6161,0.09425983732530561,scr2099,avaConv,solar
EE,h6162,0.015065111825860818,scr2099,avaConv,solar
EE,h6163,0.001190836223185946,scr2099,avaConv,solar
EE,h6164,0.0,scr2099,avaConv,solar
EE,h6165,0.0,scr2099,avaConv,solar
EE,h6166,0.0,scr2099,avaConv,solar
EE,h6167,0.0,scr2099,avaConv,solar
EE,h6168,0.0,scr2099,avaConv,solar
EE,h6169,0.0,scr2099,avaConv,solar
EE,h6170,0.0,scr2099,avaConv,solar
EE,h6171,0.0,scr2099,avaConv,solar
EE,h6172,0.0,scr2099,avaConv,solar
EE,h6173,0.002290747669084224,scr2099,avaConv,solar
EE,h6174,0.016302163083579506,scr2099,avaConv,solar
EE,h6175,0.04703866652792711,scr2099,avaConv,solar
EE,h6176,0.09383482903079848,scr2099,avaConv,solar
EE,h6177,0.14515061025313244,scr2099,avaConv,solar
EE,h6178,0.18953166903938978,scr2099,avaConv,solar
EE,h6179,0.23203304398081503,scr2099,avaConv,solar
EE,h6180,0.2698790183050848,scr2099,avaConv,solar
EE,h6181,0.30426100719614785,scr2099,avaConv,solar
EE,h6182,0.3149144537525422,scr2099,avaConv,solar
EE,h6183,0.28365515651251894,scr2099,avaConv,solar
EE,h6184,0.19313776584784836,scr2099,avaConv,solar
EE,h6185,0.09214550240512784,scr2099,avaConv,solar
EE,h6186,0.020811502335595023,scr2099,avaConv,solar
EE,h6187,0.001564593457853736,scr2099,avaConv,solar
EE,h6188,0.0,scr2099,avaConv,solar
EE,h6189,0.0,scr2099,avaConv,solar
EE,h6190,0.0,scr2099,avaConv,solar
EE,h6191,0.0,scr2099,avaConv,solar
EE,h6192,0.0,scr2099,avaConv,solar
EE,h6193,0.0,scr2099,avaConv,solar
EE,h6194,0.0,scr2099,avaConv,solar
EE,h6195,0.0,scr2099,avaConv,solar
EE,h6196,0.0,scr2099,avaConv,solar
EE,h6197,0.0032248127302921415,scr2099,avaConv,solar
EE,h6198,0.02371193066611649,scr2099,avaConv,solar
EE,h6199,0.06633119348880338,scr2099,avaConv,solar
EE,h6200,0.12816418766671947,scr2099,avaConv,solar
EE,h6201,0.19204336549702192,scr2099,avaConv,solar
EE,h6202,0.2488467271253843,scr2099,avaConv,solar
EE,h6203,0.31336544213224266,scr2099,avaConv,solar
EE,h6204,0.3763282480198607,scr2099,avaConv,solar
EE,h6205,0.4176329626762209,scr2099,avaConv,solar
EE,h6206,0.4173837701006116,scr2099,avaConv,solar
EE,h6207,0.3554101467859379,scr2099,avaConv,solar
EE,h6208,0.23805208069876974,scr2099,avaConv,solar
EE,h6209,0.1093974002837425,scr2099,avaConv,solar
EE,h6210,0.024618976045452115,scr2099,avaConv,solar
EE,h6211,0.0010773102248090834,scr2099,avaConv,solar
EE,h6212,0.0,scr2099,avaConv,solar
EE,h6213,0.0,scr2099,avaConv,solar
EE,h6214,0.0,scr2099,avaConv,solar
EE,h6215,0.0,scr2099,avaConv,solar
EE,h6216,0.0,scr2099,avaConv,solar
EE,h6217,0.0,scr2099,avaConv,solar
EE,h6218,0.0,scr2099,avaConv,solar
EE,h6219,0.0,scr2099,avaConv,solar
EE,h6220,0.0,scr2099,avaConv,solar
EE,h6221,0.0019002225364734588,scr2099,avaConv,solar
EE,h6222,0.019295473648008907,scr2099,avaConv,solar
EE,h6223,0.05972381413592532,scr2099,avaConv,solar
EE,h6224,0.12552997159428228,scr2099,avaConv,solar
EE,h6225,0.20715075283759568,scr2099,avaConv,solar
EE,h6226,0.26987414421995665,scr2099,avaConv,solar
EE,h6227,0.27978547568831597,scr2099,avaConv,solar
EE,h6228,0.24979685070574278,scr2099,avaConv,solar
EE,h6229,0.21153673765106293,scr2099,avaConv,solar
EE,h6230,0.185550232146536,scr2099,avaConv,solar
EE,h6231,0.14522954182786635,scr2099,avaConv,solar
EE,h6232,0.08667936288819995,scr2099,avaConv,solar
EE,h6233,0.03513517190969638,scr2099,avaConv,solar
EE,h6234,0.006360063812746149,scr2099,avaConv,solar
EE,h6235,0.0,scr2099,avaConv,solar
EE,h6236,0.0,scr2099,avaConv,solar
EE,h6237,0.0,scr2099,avaConv,solar
EE,h6238,0.0,scr2099,avaConv,solar
EE,h6239,0.0,scr2099,avaConv,solar
EE,h6240,0.0,scr2099,avaConv,solar
EE,h6241,0.0,scr2099,avaConv,solar
EE,h6242,0.0,scr2099,avaConv,solar
EE,h6243,0.0,scr2099,avaConv,solar
EE,h6244,0.0,scr2099,avaConv,solar
EE,h6245,0.00022456962899673768,scr2099,avaConv,solar
EE,h6246,0.013475996511988457,scr2099,avaConv,solar
EE,h6247,0.05063476937723292,scr2099,avaConv,solar
EE,h6248,0.10734558664516083,scr2099,avaConv,solar
EE,h6249,0.1706298558401689,scr2099,avaConv,solar
EE,h6250,0.22592008149190315,scr2099,avaConv,solar
EE,h6251,0.2913055919646008,scr2099,avaConv,solar
EE,h6252,0.3748455484895801,scr2099,avaConv,solar
EE,h6253,0.42057694502759485,scr2099,avaConv,solar
EE,h6254,0.42272913523092037,scr2099,avaConv,solar
EE,h6255,0.3397348611214471,scr2099,avaConv,solar
EE,h6256,0.21886224446520405,scr2099,avaConv,solar
EE,h6257,0.09445669928589215,scr2099,avaConv,solar
EE,h6258,0.017986854092051675,scr2099,avaConv,solar
EE,h6259,0.00015692184522796203,scr2099,avaConv,solar
EE,h6260,0.0,scr2099,avaConv,solar
EE,h6261,0.0,scr2099,avaConv,solar
EE,h6262,0.0,scr2099,avaConv,solar
EE,h6263,0.0,scr2099,avaConv,solar
EE,h6264,0.0,scr2099,avaConv,solar
EE,h6265,0.0,scr2099,avaConv,solar
EE,h6266,0.0,scr2099,avaConv,solar
EE,h6267,0.0,scr2099,avaConv,solar
EE,h6268,0.0,scr2099,avaConv,solar
EE,h6269,0.0009653700006890596,scr2099,avaConv,solar
EE,h6270,0.024327683652038416,scr2099,avaConv,solar
EE,h6271,0.08469508036172697,scr2099,avaConv,solar
EE,h6272,0.20124616331100872,scr2099,avaConv,solar
EE,h6273,0.3438553381566115,scr2099,avaConv,solar
EE,h6274,0.4713194140492263,scr2099,avaConv,solar
EE,h6275,0.5414894603356468,scr2099,avaConv,solar
EE,h6276,0.5671319017207437,scr2099,avaConv,solar
EE,h6277,0.5620277753524325,scr2099,avaConv,solar
EE,h6278,0.5186528988237493,scr2099,avaConv,solar
EE,h6279,0.42082021845021766,scr2099,avaConv,solar
EE,h6280,0.25828626988718273,scr2099,avaConv,solar
EE,h6281,0.1137141064118703,scr2099,avaConv,solar
EE,h6282,0.020676454472749406,scr2099,avaConv,solar
EE,h6283,0.00010116891642427173,scr2099,avaConv,solar
EE,h6284,0.0,scr2099,avaConv,solar
EE,h6285,0.0,scr2099,avaConv,solar
EE,h6286,0.0,scr2099,avaConv,solar
EE,h6287,0.0,scr2099,avaConv,solar
EE,h6288,0.0,scr2099,avaConv,solar
EE,h6289,0.0,scr2099,avaConv,solar
EE,h6290,0.0,scr2099,avaConv,solar
EE,h6291,0.0,scr2099,avaConv,solar
EE,h6292,0.0,scr2099,avaConv,solar
EE,h6293,0.0,scr2099,avaConv,solar
EE,h6294,0.01545670645101986,scr2099,avaConv,solar
EE,h6295,0.05704644118387671,scr2099,avaConv,solar
EE,h6296,0.1254538938892345,scr2099,avaConv,solar
EE,h6297,0.20159494771691877,scr2099,avaConv,solar
EE,h6298,0.272362339148262,scr2099,avaConv,solar
EE,h6299,0.3289547465237926,scr2099,avaConv,solar
EE,h6300,0.3627452754087682,scr2099,avaConv,solar
EE,h6301,0.3696832211416963,scr2099,avaConv,solar
EE,h6302,0.34849664437577377,scr2099,avaConv,solar
EE,h6303,0.2981497996026288,scr2099,avaConv,solar
EE,h6304,0.19466786013139362,scr2099,avaConv,solar
EE,h6305,0.09063030301769541,scr2099,avaConv,solar
EE,h6306,0.016390777442689696,scr2099,avaConv,solar
EE,h6307,0.0,scr2099,avaConv,solar
EE,h6308,0.0,scr2099,avaConv,solar
EE,h6309,0.0,scr2099,avaConv,solar
EE,h6310,0.0,scr2099,avaConv,solar
EE,h6311,0.0,scr2099,avaConv,solar
EE,h6312,0.0,scr2099,avaConv,solar
EE,h6313,0.0,scr2099,avaConv,solar
EE,h6314,0.0,scr2099,avaConv,solar
EE,h6315,0.0,scr2099,avaConv,solar
EE,h6316,0.0,scr2099,avaConv,solar
EE,h6317,0.0008272052078927047,scr2099,avaConv,solar
EE,h6318,0.01798877385434906,scr2099,avaConv,solar
EE,h6319,0.06310806413302308,scr2099,avaConv,solar
EE,h6320,0.14020872062629797,scr2099,avaConv,solar
EE,h6321,0.22619922325860906,scr2099,avaConv,solar
EE,h6322,0.3000989243781641,scr2099,avaConv,solar
EE,h6323,0.3686252441011961,scr2099,avaConv,solar
EE,h6324,0.4378069002011688,scr2099,avaConv,solar
EE,h6325,0.49995996591723085,scr2099,avaConv,solar
EE,h6326,0.5061303712729065,scr2099,avaConv,solar
EE,h6327,0.4372040661577492,scr2099,avaConv,solar
EE,h6328,0.2756915166741858,scr2099,avaConv,solar
EE,h6329,0.12261445714649988,scr2099,avaConv,solar
EE,h6330,0.020385291691596814,scr2099,avaConv,solar
EE,h6331,0.0,scr2099,avaConv,solar
EE,h6332,0.0,scr2099,avaConv,solar
EE,h6333,0.0,scr2099,avaConv,solar
EE,h6334,0.0,scr2099,avaConv,solar
EE,h6335,0.0,scr2099,avaConv,solar
EE,h6336,0.0,scr2099,avaConv,solar
EE,h6337,0.0,scr2099,avaConv,solar
EE,h6338,0.0,scr2099,avaConv,solar
EE,h6339,0.0,scr2099,avaConv,solar
EE,h6340,0.0,scr2099,avaConv,solar
EE,h6341,0.001007970552823816,scr2099,avaConv,solar
EE,h6342,0.011597916326616336,scr2099,avaConv,solar
EE,h6343,0.03577018904804704,scr2099,avaConv,solar
EE,h6344,0.06859679855739934,scr2099,avaConv,solar
EE,h6345,0.09343413408290765,scr2099,avaConv,solar
EE,h6346,0.10932928552846113,scr2099,avaConv,solar
EE,h6347,0.11531894937867884,scr2099,avaConv,solar
EE,h6348,0.14566667215493115,scr2099,avaConv,solar
EE,h6349,0.1826770726701868,scr2099,avaConv,solar
EE,h6350,0.22855735673532324,scr2099,avaConv,solar
EE,h6351,0.22229850131208506,scr2099,avaConv,solar
EE,h6352,0.15642683578212888,scr2099,avaConv,solar
EE,h6353,0.07061618225876509,scr2099,avaConv,solar
EE,h6354,0.011813735270260795,scr2099,avaConv,solar
EE,h6355,0.0,scr2099,avaConv,solar
EE,h6356,0.0,scr2099,avaConv,solar
EE,h6357,0.0,scr2099,avaConv,solar
EE,h6358,0.0,scr2099,avaConv,solar
EE,h6359,0.0,scr2099,avaConv,solar
EE,h6360,0.0,scr2099,avaConv,solar
EE,h6361,0.0,scr2099,avaConv,solar
EE,h6362,0.0,scr2099,avaConv,solar
EE,h6363,0.0,scr2099,avaConv,solar
EE,h6364,0.0,scr2099,avaConv,solar
EE,h6365,0.0008420597357599776,scr2099,avaConv,solar
EE,h6366,0.02361847155424402,scr2099,avaConv,solar
EE,h6367,0.08549973561430758,scr2099,avaConv,solar
EE,h6368,0.19640110737374383,scr2099,avaConv,solar
EE,h6369,0.3175000290274704,scr2099,avaConv,solar
EE,h6370,0.42372040109431924,scr2099,avaConv,solar
EE,h6371,0.5074981047930509,scr2099,avaConv,solar
EE,h6372,0.5567017326212886,scr2099,avaConv,solar
EE,h6373,0.5756567914119749,scr2099,avaConv,solar
EE,h6374,0.5363956770254009,scr2099,avaConv,solar
EE,h6375,0.448213180582767,scr2099,avaConv,solar
EE,h6376,0.27482467703807323,scr2099,avaConv,solar
EE,h6377,0.1182534448326708,scr2099,avaConv,solar
EE,h6378,0.014982368590309917,scr2099,avaConv,solar
EE,h6379,0.0,scr2099,avaConv,solar
EE,h6380,0.0,scr2099,avaConv,solar
EE,h6381,0.0,scr2099,avaConv,solar
EE,h6382,0.0,scr2099,avaConv,solar
EE,h6383,0.0,scr2099,avaConv,solar
EE,h6384,0.0,scr2099,avaConv,solar
EE,h6385,0.0,scr2099,avaConv,solar
EE,h6386,0.0,scr2099,avaConv,solar
EE,h6387,0.0,scr2099,avaConv,solar
EE,h6388,0.0,scr2099,avaConv,solar
EE,h6389,0.0,scr2099,avaConv,solar
EE,h6390,0.005970020762758661,scr2099,avaConv,solar
EE,h6391,0.021649732634098282,scr2099,avaConv,solar
EE,h6392,0.04805159775572716,scr2099,avaConv,solar
EE,h6393,0.07892845343685388,scr2099,avaConv,solar
EE,h6394,0.09891561054995031,scr2099,avaConv,solar
EE,h6395,0.1033083842823494,scr2099,avaConv,solar
EE,h6396,0.1075917379760899,scr2099,avaConv,solar
EE,h6397,0.11867517910893452,scr2099,avaConv,solar
EE,h6398,0.13905836151745662,scr2099,avaConv,solar
EE,h6399,0.14318250494102552,scr2099,avaConv,solar
EE,h6400,0.10168158902979432,scr2099,avaConv,solar
EE,h6401,0.050254243989509534,scr2099,avaConv,solar
EE,h6402,0.005790078563881694,scr2099,avaConv,solar
EE,h6403,0.0,scr2099,avaConv,solar
EE,h6404,0.0,scr2099,avaConv,solar
EE,h6405,0.0,scr2099,avaConv,solar
EE,h6406,0.0,scr2099,avaConv,solar
EE,h6407,0.0,scr2099,avaConv,solar
EE,h6408,0.0,scr2099,avaConv,solar
EE,h6409,0.0,scr2099,avaConv,solar
EE,h6410,0.0,scr2099,avaConv,solar
EE,h6411,0.0,scr2099,avaConv,solar
EE,h6412,0.0,scr2099,avaConv,solar
EE,h6413,0.0,scr2099,avaConv,solar
EE,h6414,0.018233771172663005,scr2099,avaConv,solar
EE,h6415,0.06808270474102265,scr2099,avaConv,solar
EE,h6416,0.137500507724001,scr2099,avaConv,solar
EE,h6417,0.19602444137501945,scr2099,avaConv,solar
EE,h6418,0.21927734591963577,scr2099,avaConv,solar
EE,h6419,0.2101870482342467,scr2099,avaConv,solar
EE,h6420,0.18247832889275126,scr2099,avaConv,solar
EE,h6421,0.1494361750103925,scr2099,avaConv,solar
EE,h6422,0.12005806234255777,scr2099,avaConv,solar
EE,h6423,0.10663637603326176,scr2099,avaConv,solar
EE,h6424,0.06947908164716843,scr2099,avaConv,solar
EE,h6425,0.03860587148798215,scr2099,avaConv,solar
EE,h6426,0.003597307374529145,scr2099,avaConv,solar
EE,h6427,0.0,scr2099,avaConv,solar
EE,h6428,0.0,scr2099,avaConv,solar
EE,h6429,0.0,scr2099,avaConv,solar
EE,h6430,0.0,scr2099,avaConv,solar
EE,h6431,0.0,scr2099,avaConv,solar
EE,h6432,0.0,scr2099,avaConv,solar
EE,h6433,0.0,scr2099,avaConv,solar
EE,h6434,0.0,scr2099,avaConv,solar
EE,h6435,0.0,scr2099,avaConv,solar
EE,h6436,0.0,scr2099,avaConv,solar
EE,h6437,0.00019992174907661645,scr2099,avaConv,solar
EE,h6438,0.01675632612705299,scr2099,avaConv,solar
EE,h6439,0.06506049246791282,scr2099,avaConv,solar
EE,h6440,0.14646390456005798,scr2099,avaConv,solar
EE,h6441,0.2409324732381448,scr2099,avaConv,solar
EE,h6442,0.3225897822764223,scr2099,avaConv,solar
EE,h6443,0.3640401364521733,scr2099,avaConv,solar
EE,h6444,0.356641354648816,scr2099,avaConv,solar
EE,h6445,0.31558081042694935,scr2099,avaConv,solar
EE,h6446,0.26793463539277046,scr2099,avaConv,solar
EE,h6447,0.2148168682043936,scr2099,avaConv,solar
EE,h6448,0.13020191808074902,scr2099,avaConv,solar
EE,h6449,0.055051686039441175,scr2099,avaConv,solar
EE,h6450,0.005324981139375436,scr2099,avaConv,solar
EE,h6451,0.0,scr2099,avaConv,solar
EE,h6452,0.0,scr2099,avaConv,solar
EE,h6453,0.0,scr2099,avaConv,solar
EE,h6454,0.0,scr2099,avaConv,solar
EE,h6455,0.0,scr2099,avaConv,solar
EE,h6456,0.0,scr2099,avaConv,solar
EE,h6457,0.0,scr2099,avaConv,solar
EE,h6458,0.0,scr2099,avaConv,solar
EE,h6459,0.0,scr2099,avaConv,solar
EE,h6460,0.0,scr2099,avaConv,solar
EE,h6461,0.0,scr2099,avaConv,solar
EE,h6462,0.01607640207150954,scr2099,avaConv,solar
EE,h6463,0.05839429769914107,scr2099,avaConv,solar
EE,h6464,0.13184681368469067,scr2099,avaConv,solar
EE,h6465,0.23627478972463142,scr2099,avaConv,solar
EE,h6466,0.3259322500263419,scr2099,avaConv,solar
EE,h6467,0.4074119740115632,scr2099,avaConv,solar
EE,h6468,0.43947685270272957,scr2099,avaConv,solar
EE,h6469,0.4429644357853631,scr2099,avaConv,solar
EE,h6470,0.37642388140514227,scr2099,avaConv,solar
EE,h6471,0.26544917312841715,scr2099,avaConv,solar
EE,h6472,0.13267082985300216,scr2099,avaConv,solar
EE,h6473,0.04480634418237734,scr2099,avaConv,solar
EE,h6474,0.003311100568214252,scr2099,avaConv,solar
EE,h6475,0.0,scr2099,avaConv,solar
EE,h6476,0.0,scr2099,avaConv,solar
EE,h6477,0.0,scr2099,avaConv,solar
EE,h6478,0.0,scr2099,avaConv,solar
EE,h6479,0.0,scr2099,avaConv,solar
EE,h6480,0.0,scr2099,avaConv,solar
EE,h6481,0.0,scr2099,avaConv,solar
EE,h6482,0.0,scr2099,avaConv,solar
EE,h6483,0.0,scr2099,avaConv,solar
EE,h6484,0.0,scr2099,avaConv,solar
EE,h6485,0.0,scr2099,avaConv,solar
EE,h6486,0.011812257013643973,scr2099,avaConv,solar
EE,h6487,0.061140605116047936,scr2099,avaConv,solar
EE,h6488,0.16346201556702755,scr2099,avaConv,solar
EE,h6489,0.2910571583219785,scr2099,avaConv,solar
EE,h6490,0.4219680717317628,scr2099,avaConv,solar
EE,h6491,0.5358727740793761,scr2099,avaConv,solar
EE,h6492,0.6157153440406211,scr2099,avaConv,solar
EE,h6493,0.6356022897869134,scr2099,avaConv,solar
EE,h6494,0.5915883832830297,scr2099,avaConv,solar
EE,h6495,0.48010950657145346,scr2099,avaConv,solar
EE,h6496,0.28934760270477944,scr2099,avaConv,solar
EE,h6497,0.11681131466903308,scr2099,avaConv,solar
EE,h6498,0.011383523196494954,scr2099,avaConv,solar
EE,h6499,0.0,scr2099,avaConv,solar
EE,h6500,0.0,scr2099,avaConv,solar
EE,h6501,0.0,scr2099,avaConv,solar
EE,h6502,0.0,scr2099,avaConv,solar
EE,h6503,0.0,scr2099,avaConv,solar
EE,h6504,0.0,scr2099,avaConv,solar
EE,h6505,0.0,scr2099,avaConv,solar
EE,h6506,0.0,scr2099,avaConv,solar
EE,h6507,0.0,scr2099,avaConv,solar
EE,h6508,0.0,scr2099,avaConv,solar
EE,h6509,0.0,scr2099,avaConv,solar
EE,h6510,0.012035583682589264,scr2099,avaConv,solar
EE,h6511,0.051929554003229864,scr2099,avaConv,solar
EE,h6512,0.12878815658880194,scr2099,avaConv,solar
EE,h6513,0.22035410892088741,scr2099,avaConv,solar
EE,h6514,0.3016885873288844,scr2099,avaConv,solar
EE,h6515,0.35227606283620183,scr2099,avaConv,solar
EE,h6516,0.3958343320337812,scr2099,avaConv,solar
EE,h6517,0.42840391209723266,scr2099,avaConv,solar
EE,h6518,0.4274738420579797,scr2099,avaConv,solar
EE,h6519,0.3487851092350881,scr2099,avaConv,solar
EE,h6520,0.1989224468888902,scr2099,avaConv,solar
EE,h6521,0.07280595438587718,scr2099,avaConv,solar
EE,h6522,0.005449385445656034,scr2099,avaConv,solar
EE,h6523,0.0,scr2099,avaConv,solar
EE,h6524,0.0,scr2099,avaConv,solar
EE,h6525,0.0,scr2099,avaConv,solar
EE,h6526,0.0,scr2099,avaConv,solar
EE,h6527,0.0,scr2099,avaConv,solar
EE,h6528,0.0,scr2099,avaConv,solar
EE,h6529,0.0,scr2099,avaConv,solar
EE,h6530,0.0,scr2099,avaConv,solar
EE,h6531,0.0,scr2099,avaConv,solar
EE,h6532,0.0,scr2099,avaConv,solar
EE,h6533,0.0,scr2099,avaConv,solar
EE,h6534,0.0035520834700573352,scr2099,avaConv,solar
EE,h6535,0.023215466654990035,scr2099,avaConv,solar
EE,h6536,0.07189098591525624,scr2099,avaConv,solar
EE,h6537,0.12393772868436663,scr2099,avaConv,solar
EE,h6538,0.1750831930105949,scr2099,avaConv,solar
EE,h6539,0.22046981489065215,scr2099,avaConv,solar
EE,h6540,0.2495129401904802,scr2099,avaConv,solar
EE,h6541,0.2557943284668816,scr2099,avaConv,solar
EE,h6542,0.2260113707846341,scr2099,avaConv,solar
EE,h6543,0.1981660931922788,scr2099,avaConv,solar
EE,h6544,0.12520581896317914,scr2099,avaConv,solar
EE,h6545,0.06011131691126338,scr2099,avaConv,solar
EE,h6546,0.005007802892661,scr2099,avaConv,solar
EE,h6547,0.0,scr2099,avaConv,solar
EE,h6548,0.0,scr2099,avaConv,solar
EE,h6549,0.0,scr2099,avaConv,solar
EE,h6550,0.0,scr2099,avaConv,solar
EE,h6551,0.0,scr2099,avaConv,solar
EE,h6552,0.0,scr2099,avaConv,solar
ES,h5809,0.0,scr2099,avaConv,solar
ES,h5810,0.0,scr2099,avaConv,solar
ES,h5811,0.0,scr2099,avaConv,solar
ES,h5812,0.0,scr2099,avaConv,solar
ES,h5813,0.0,scr2099,avaConv,solar
ES,h5814,0.0,scr2099,avaConv,solar
ES,h5815,0.026692331133283866,scr2099,avaConv,solar
ES,h5816,0.11289630111254584,scr2099,avaConv,solar
ES,h5817,0.25678767949974873,scr2099,avaConv,solar
ES,h5818,0.41987653157122296,scr2099,avaConv,solar
ES,h5819,0.5568386591458049,scr2099,avaConv,solar
ES,h5820,0.6581771050229476,scr2099,avaConv,solar
ES,h5821,0.7157972847583266,scr2099,avaConv,solar
ES,h5822,0.7258216332492445,scr2099,avaConv,solar
ES,h5823,0.68619213247438,scr2099,avaConv,solar
ES,h5824,0.595636028631029,scr2099,avaConv,solar
ES,h5825,0.4473406683575859,scr2099,avaConv,solar
ES,h5826,0.25768539279179126,scr2099,avaConv,solar
ES,h5827,0.1023376128140327,scr2099,avaConv,solar
ES,h5828,0.017722723279673076,scr2099,avaConv,solar
ES,h5829,0.001644961309673212,scr2099,avaConv,solar
ES,h5830,0.0,scr2099,avaConv,solar
ES,h5831,0.0,scr2099,avaConv,solar
ES,h5832,0.0,scr2099,avaConv,solar
ES,h5833,0.0,scr2099,avaConv,solar
ES,h5834,0.0,scr2099,avaConv,solar
ES,h5835,0.0,scr2099,avaConv,solar
ES,h5836,0.0,scr2099,avaConv,solar
ES,h5837,0.0,scr2099,avaConv,solar
ES,h5838,0.0,scr2099,avaConv,solar
ES,h5839,0.021694482249543304,scr2099,avaConv,solar
ES,h5840,0.09259910302242363,scr2099,avaConv,solar
ES,h5841,0.21708030824612173,scr2099,avaConv,solar
ES,h5842,0.36767500840874767,scr2099,avaConv,solar
ES,h5843,0.5018713075076332,scr2099,avaConv,solar
ES,h5844,0.6076179670161823,scr2099,avaConv,solar
ES,h5845,0.6727427188966976,scr2099,avaConv,solar
ES,h5846,0.6959278979518904,scr2099,avaConv,solar
ES,h5847,0.667411568756026,scr2099,avaConv,solar
ES,h5848,0.5830332636795738,scr2099,avaConv,solar
ES,h5849,0.4373493578226261,scr2099,avaConv,solar
ES,h5850,0.2514018528160866,scr2099,avaConv,solar
ES,h5851,0.09989220875097359,scr2099,avaConv,solar
ES,h5852,0.01773328036627834,scr2099,avaConv,solar
ES,h5853,0.001679331446631814,scr2099,avaConv,solar
ES,h5854,0.0,scr2099,avaConv,solar
ES,h5855,0.0,scr2099,avaConv,solar
ES,h5856,0.0,scr2099,avaConv,solar
ES,h5857,0.0,scr2099,avaConv,solar
ES,h5858,0.0,scr2099,avaConv,solar
ES,h5859,0.0,scr2099,avaConv,solar
ES,h5860,0.0,scr2099,avaConv,solar
ES,h5861,0.0,scr2099,avaConv,solar
ES,h5862,0.0,scr2099,avaConv,solar
ES,h5863,0.02290463909213925,scr2099,avaConv,solar
ES,h5864,0.10063723470438175,scr2099,avaConv,solar
ES,h5865,0.22836377377121794,scr2099,avaConv,solar
ES,h5866,0.38094599992773237,scr2099,avaConv,solar
ES,h5867,0.5118124336861063,scr2099,avaConv,solar
ES,h5868,0.6193994890724197,scr2099,avaConv,solar
ES,h5869,0.6857164603061648,scr2099,avaConv,solar
ES,h5870,0.7049928742557983,scr2099,avaConv,solar
ES,h5871,0.6708035443591436,scr2099,avaConv,solar
ES,h5872,0.5858061375230812,scr2099,avaConv,solar
ES,h5873,0.44369781509261036,scr2099,avaConv,solar
ES,h5874,0.26323425456695215,scr2099,avaConv,solar
ES,h5875,0.10734188136454578,scr2099,avaConv,solar
ES,h5876,0.02166155990685206,scr2099,avaConv,solar
ES,h5877,0.0012437495422324097,scr2099,avaConv,solar
ES,h5878,0.0,scr2099,avaConv,solar
ES,h5879,0.0,scr2099,avaConv,solar
ES,h5880,0.0,scr2099,avaConv,solar
ES,h5881,0.0,scr2099,avaConv,solar
ES,h5882,0.0,scr2099,avaConv,solar
ES,h5883,0.0,scr2099,avaConv,solar
ES,h5884,0.0,scr2099,avaConv,solar
ES,h5885,0.0,scr2099,avaConv,solar
ES,h5886,0.0,scr2099,avaConv,solar
ES,h5887,0.02361029710006608,scr2099,avaConv,solar
ES,h5888,0.10529935817691082,scr2099,avaConv,solar
ES,h5889,0.24395568723764618,scr2099,avaConv,solar
ES,h5890,0.40493333601284515,scr2099,avaConv,solar
ES,h5891,0.5435921823397548,scr2099,avaConv,solar
ES,h5892,0.6483521732146718,scr2099,avaConv,solar
ES,h5893,0.7108041203593352,scr2099,avaConv,solar
ES,h5894,0.722308871361662,scr2099,avaConv,solar
ES,h5895,0.6835915282290674,scr2099,avaConv,solar
ES,h5896,0.5939887593352449,scr2099,avaConv,solar
ES,h5897,0.44720266429035227,scr2099,avaConv,solar
ES,h5898,0.26475710649632866,scr2099,avaConv,solar
ES,h5899,0.10789487929427476,scr2099,avaConv,solar
ES,h5900,0.02274368661267484,scr2099,avaConv,solar
ES,h5901,0.0008895400763336604,scr2099,avaConv,solar
ES,h5902,0.0,scr2099,avaConv,solar
ES,h5903,0.0,scr2099,avaConv,solar
ES,h5904,0.0,scr2099,avaConv,solar
ES,h5905,0.0,scr2099,avaConv,solar
ES,h5906,0.0,scr2099,avaConv,solar
ES,h5907,0.0,scr2099,avaConv,solar
ES,h5908,0.0,scr2099,avaConv,solar
ES,h5909,0.0,scr2099,avaConv,solar
ES,h5910,0.0,scr2099,avaConv,solar
ES,h5911,0.022454036531283493,scr2099,avaConv,solar
ES,h5912,0.10186003123945307,scr2099,avaConv,solar
ES,h5913,0.23728406144555153,scr2099,avaConv,solar
ES,h5914,0.39561338736506996,scr2099,avaConv,solar
ES,h5915,0.5295267379607452,scr2099,avaConv,solar
ES,h5916,0.6288295170971687,scr2099,avaConv,solar
ES,h5917,0.6854187996579494,scr2099,avaConv,solar
ES,h5918,0.6959304933562364,scr2099,avaConv,solar
ES,h5919,0.6577650209655954,scr2099,avaConv,solar
ES,h5920,0.5693924028550283,scr2099,avaConv,solar
ES,h5921,0.4238815812297596,scr2099,avaConv,solar
ES,h5922,0.25251632964209264,scr2099,avaConv,solar
ES,h5923,0.10340726286207255,scr2099,avaConv,solar
ES,h5924,0.02467458170029563,scr2099,avaConv,solar
ES,h5925,0.0003588738048718032,scr2099,avaConv,solar
ES,h5926,0.0,scr2099,avaConv,solar
ES,h5927,0.0,scr2099,avaConv,solar
ES,h5928,0.0,scr2099,avaConv,solar
ES,h5929,0.0,scr2099,avaConv,solar
ES,h5930,0.0,scr2099,avaConv,solar
ES,h5931,0.0,scr2099,avaConv,solar
ES,h5932,0.0,scr2099,avaConv,solar
ES,h5933,0.0,scr2099,avaConv,solar
ES,h5934,0.0,scr2099,avaConv,solar
ES,h5935,0.017133132616659753,scr2099,avaConv,solar
ES,h5936,0.08593919074860405,scr2099,avaConv,solar
ES,h5937,0.20598699962672543,scr2099,avaConv,solar
ES,h5938,0.35281999766066885,scr2099,avaConv,solar
ES,h5939,0.48385059363229227,scr2099,avaConv,solar
ES,h5940,0.5874553968961729,scr2099,avaConv,solar
ES,h5941,0.6502373693945659,scr2099,avaConv,solar
ES,h5942,0.6643839272405847,scr2099,avaConv,solar
ES,h5943,0.6274261971087552,scr2099,avaConv,solar
ES,h5944,0.5414759941930422,scr2099,avaConv,solar
ES,h5945,0.401861599878553,scr2099,avaConv,solar
ES,h5946,0.23584520478915838,scr2099,avaConv,solar
ES,h5947,0.09532207529583227,scr2099,avaConv,solar
ES,h5948,0.020672960113345955,scr2099,avaConv,solar
ES,h5949,0.00039061692718184214,scr2099,avaConv,solar
ES,h5950,0.0,scr2099,avaConv,solar
ES,h5951,0.0,scr2099,avaConv,solar
ES,h5952,0.0,scr2099,avaConv,solar
ES,h5953,0.0,scr2099,avaConv,solar
ES,h5954,0.0,scr2099,avaConv,solar
ES,h5955,0.0,scr2099,avaConv,solar
ES,h5956,0.0,scr2099,avaConv,solar
ES,h5957,0.0,scr2099,avaConv,solar
ES,h5958,0.0,scr2099,avaConv,solar
ES,h5959,0.01636608839408102,scr2099,avaConv,solar
ES,h5960,0.08795812508405174,scr2099,avaConv,solar
ES,h5961,0.2145549939009288,scr2099,avaConv,solar
ES,h5962,0.37245450618284265,scr2099,avaConv,solar
ES,h5963,0.5094501130182063,scr2099,avaConv,solar
ES,h5964,0.6138305955331999,scr2099,avaConv,solar
ES,h5965,0.6757105710423916,scr2099,avaConv,solar
ES,h5966,0.6899949728174943,scr2099,avaConv,solar
ES,h5967,0.6560759069711193,scr2099,avaConv,solar
ES,h5968,0.5709268549433302,scr2099,avaConv,solar
ES,h5969,0.42921644922035745,scr2099,avaConv,solar
ES,h5970,0.2581009816667042,scr2099,avaConv,solar
ES,h5971,0.10736928809446272,scr2099,avaConv,solar
ES,h5972,0.025749395417642474,scr2099,avaConv,solar
ES,h5973,0.00042980928879277574,scr2099,avaConv,solar
ES,h5974,0.0,scr2099,avaConv,solar
ES,h5975,0.0,scr2099,avaConv,solar
ES,h5976,0.0,scr2099,avaConv,solar
ES,h5977,0.0,scr2099,avaConv,solar
ES,h5978,0.0,scr2099,avaConv,solar
ES,h5979,0.0,scr2099,avaConv,solar
ES,h5980,0.0,scr2099,avaConv,solar
ES,h5981,0.0,scr2099,avaConv,solar
ES,h5982,0.0,scr2099,avaConv,solar
ES,h5983,0.014532279022103078,scr2099,avaConv,solar
ES,h5984,0.07904259218718857,scr2099,avaConv,solar
ES,h5985,0.19466119409288765,scr2099,avaConv,solar
ES,h5986,0.3442918867011271,scr2099,avaConv,solar
ES,h5987,0.47857748997145216,scr2099,avaConv,solar
ES,h5988,0.5870318997363845,scr2099,avaConv,solar
ES,h5989,0.6558753438478057,scr2099,avaConv,solar
ES,h5990,0.6827531579161318,scr2099,avaConv,solar
ES,h5991,0.6586518983873967,scr2099,avaConv,solar
ES,h5992,0.5794861702222568,scr2099,avaConv,solar
ES,h5993,0.43783141521468866,scr2099,avaConv,solar
ES,h5994,0.26876333162989724,scr2099,avaConv,solar
ES,h5995,0.11485554805644387,scr2099,avaConv,solar
ES,h5996,0.030345695565490063,scr2099,avaConv,solar
ES,h5997,0.0003757841174908508,scr2099,avaConv,solar
ES,h5998,0.0,scr2099,avaConv,solar
ES,h5999,0.0,scr2099,avaConv,solar
ES,h6000,0.0,scr2099,avaConv,solar
ES,h6001,0.0,scr2099,avaConv,solar
ES,h6002,0.0,scr2099,avaConv,solar
ES,h6003,0.0,scr2099,avaConv,solar
ES,h6004,0.0,scr2099,avaConv,solar
ES,h6005,0.0,scr2099,avaConv,solar
ES,h6006,0.0,scr2099,avaConv,solar
ES,h6007,0.01609636834763264,scr2099,avaConv,solar
ES,h6008,0.08763823111669299,scr2099,avaConv,solar
ES,h6009,0.21611556023928305,scr2099,avaConv,solar
ES,h6010,0.37661374256990804,scr2099,avaConv,solar
ES,h6011,0.5221656821561081,scr2099,avaConv,solar
ES,h6012,0.6339942801865442,scr2099,avaConv,solar
ES,h6013,0.7024738862135808,scr2099,avaConv,solar
ES,h6014,0.7163588181514849,scr2099,avaConv,solar
ES,h6015,0.6804968329801717,scr2099,avaConv,solar
ES,h6016,0.5928379791815788,scr2099,avaConv,solar
ES,h6017,0.4478726990543915,scr2099,avaConv,solar
ES,h6018,0.2741311635452803,scr2099,avaConv,solar
ES,h6019,0.11667926681447555,scr2099,avaConv,solar
ES,h6020,0.03008862278063324,scr2099,avaConv,solar
ES,h6021,0.0002786954483521628,scr2099,avaConv,solar
ES,h6022,0.0,scr2099,avaConv,solar
ES,h6023,0.0,scr2099,avaConv,solar
ES,h6024,0.0,scr2099,avaConv,solar
ES,h6025,0.0,scr2099,avaConv,solar
ES,h6026,0.0,scr2099,avaConv,solar
ES,h6027,0.0,scr2099,avaConv,solar
ES,h6028,0.0,scr2099,avaConv,solar
ES,h6029,0.0,scr2099,avaConv,solar
ES,h6030,0.0,scr2099,avaConv,solar
ES,h6031,0.01624417597065198,scr2099,avaConv,solar
ES,h6032,0.09073141846090028,scr2099,avaConv,solar
ES,h6033,0.22223842747581174,scr2099,avaConv,solar
ES,h6034,0.38619086005823233,scr2099,avaConv,solar
ES,h6035,0.5263658297679955,scr2099,avaConv,solar
ES,h6036,0.6321214065359243,scr2099,avaConv,solar
ES,h6037,0.6941767021112616,scr2099,avaConv,solar
ES,h6038,0.7077869564942929,scr2099,avaConv,solar
ES,h6039,0.672817176583477,scr2099,avaConv,solar
ES,h6040,0.5864208142683469,scr2099,avaConv,solar
ES,h6041,0.4433669993919785,scr2099,avaConv,solar
ES,h6042,0.2713513653571328,scr2099,avaConv,solar
ES,h6043,0.11537420247900272,scr2099,avaConv,solar
ES,h6044,0.02953380808384086,scr2099,avaConv,solar
ES,h6045,0.00018168118533837548,scr2099,avaConv,solar
ES,h6046,0.0,scr2099,avaConv,solar
ES,h6047,0.0,scr2099,avaConv,solar
ES,h6048,0.0,scr2099,avaConv,solar
ES,h6049,0.0,scr2099,avaConv,solar
ES,h6050,0.0,scr2099,avaConv,solar
ES,h6051,0.0,scr2099,avaConv,solar
ES,h6052,0.0,scr2099,avaConv,solar
ES,h6053,0.0,scr2099,avaConv,solar
ES,h6054,0.0,scr2099,avaConv,solar
ES,h6055,0.015257047722886117,scr2099,avaConv,solar
ES,h6056,0.08869427227979045,scr2099,avaConv,solar
ES,h6057,0.21934086645208947,scr2099,avaConv,solar
ES,h6058,0.38381844158084866,scr2099,avaConv,solar
ES,h6059,0.5244220015616569,scr2099,avaConv,solar
ES,h6060,0.6306736311678515,scr2099,avaConv,solar
ES,h6061,0.6932434414959905,scr2099,avaConv,solar
ES,h6062,0.7078260898391545,scr2099,avaConv,solar
ES,h6063,0.6736167384875515,scr2099,avaConv,solar
ES,h6064,0.5880004520723828,scr2099,avaConv,solar
ES,h6065,0.4453147241151113,scr2099,avaConv,solar
ES,h6066,0.27378351040637655,scr2099,avaConv,solar
ES,h6067,0.1169203022030752,scr2099,avaConv,solar
ES,h6068,0.030324293653900745,scr2099,avaConv,solar
ES,h6069,0.00011196534247475143,scr2099,avaConv,solar
ES,h6070,0.0,scr2099,avaConv,solar
ES,h6071,0.0,scr2099,avaConv,solar
ES,h6072,0.0,scr2099,avaConv,solar
ES,h6073,0.0,scr2099,avaConv,solar
ES,h6074,0.0,scr2099,avaConv,solar
ES,h6075,0.0,scr2099,avaConv,solar
ES,h6076,0.0,scr2099,avaConv,solar
ES,h6077,0.0,scr2099,avaConv,solar
ES,h6078,0.0,scr2099,avaConv,solar
ES,h6079,0.014243874423959394,scr2099,avaConv,solar
ES,h6080,0.08637805852578101,scr2099,avaConv,solar
ES,h6081,0.2160651353022321,scr2099,avaConv,solar
ES,h6082,0.38129959684457154,scr2099,avaConv,solar
ES,h6083,0.5233715071770519,scr2099,avaConv,solar
ES,h6084,0.6307253618910149,scr2099,avaConv,solar
ES,h6085,0.693883365140499,scr2099,avaConv,solar
ES,h6086,0.7087053508064194,scr2099,avaConv,solar
ES,h6087,0.6746490541037953,scr2099,avaConv,solar
ES,h6088,0.5890464574186256,scr2099,avaConv,solar
ES,h6089,0.44642622349136096,scr2099,avaConv,solar
ES,h6090,0.2732442778010666,scr2099,avaConv,solar
ES,h6091,0.11609593830394041,scr2099,avaConv,solar
ES,h6092,0.029100614958244148,scr2099,avaConv,solar
ES,h6093,0.0,scr2099,avaConv,solar
ES,h6094,0.0,scr2099,avaConv,solar
ES,h6095,0.0,scr2099,avaConv,solar
ES,h6096,0.0,scr2099,avaConv,solar
ES,h6097,0.0,scr2099,avaConv,solar
ES,h6098,0.0,scr2099,avaConv,solar
ES,h6099,0.0,scr2099,avaConv,solar
ES,h6100,0.0,scr2099,avaConv,solar
ES,h6101,0.0,scr2099,avaConv,solar
ES,h6102,0.0,scr2099,avaConv,solar
ES,h6103,0.012556384084304907,scr2099,avaConv,solar
ES,h6104,0.07802279033861705,scr2099,avaConv,solar
ES,h6105,0.19743252264502748,scr2099,avaConv,solar
ES,h6106,0.35332294880172965,scr2099,avaConv,solar
ES,h6107,0.4911049413430936,scr2099,avaConv,solar
ES,h6108,0.5995959232017305,scr2099,avaConv,solar
ES,h6109,0.6678879650574664,scr2099,avaConv,solar
ES,h6110,0.692391149725165,scr2099,avaConv,solar
ES,h6111,0.6675456872472357,scr2099,avaConv,solar
ES,h6112,0.589222777649858,scr2099,avaConv,solar
ES,h6113,0.4494797363681137,scr2099,avaConv,solar
ES,h6114,0.2766501876868942,scr2099,avaConv,solar
ES,h6115,0.11803252230364242,scr2099,avaConv,solar
ES,h6116,0.02957330348083676,scr2099,avaConv,solar
ES,h6117,0.0,scr2099,avaConv,solar
ES,h6118,0.0,scr2099,avaConv,solar
ES,h6119,0.0,scr2099,avaConv,solar
ES,h6120,0.0,scr2099,avaConv,solar
ES,h6121,0.0,scr2099,avaConv,solar
ES,h6122,0.0,scr2099,avaConv,solar
ES,h6123,0.0,scr2099,avaConv,solar
ES,h6124,0.0,scr2099,avaConv,solar
ES,h6125,0.0,scr2099,avaConv,solar
ES,h6126,0.0,scr2099,avaConv,solar
ES,h6127,0.01171370112583594,scr2099,avaConv,solar
ES,h6128,0.07852457486811357,scr2099,avaConv,solar
ES,h6129,0.20164792283923658,scr2099,avaConv,solar
ES,h6130,0.36495636607423493,scr2099,avaConv,solar
ES,h6131,0.5128657729307128,scr2099,avaConv,solar
ES,h6132,0.6292099786966593,scr2099,avaConv,solar
ES,h6133,0.6999129967327887,scr2099,avaConv,solar
ES,h6134,0.7172261422519987,scr2099,avaConv,solar
ES,h6135,0.6834952606951634,scr2099,avaConv,solar
ES,h6136,0.5981972904828251,scr2099,avaConv,solar
ES,h6137,0.4567272488911948,scr2099,avaConv,solar
ES,h6138,0.28168800573963393,scr2099,avaConv,solar
ES,h6139,0.12112103751238341,scr2099,avaConv,solar
ES,h6140,0.030066459676427845,scr2099,avaConv,solar
ES,h6141,0.0,scr2099,avaConv,solar
ES,h6142,0.0,scr2099,avaConv,solar
ES,h6143,0.0,scr2099,avaConv,solar
ES,h6144,0.0,scr2099,avaConv,solar
ES,h6145,0.0,scr2099,avaConv,solar
ES,h6146,0.0,scr2099,avaConv,solar
ES,h6147,0.0,scr2099,avaConv,solar
ES,h6148,0.0,scr2099,avaConv,solar
ES,h6149,0.0,scr2099,avaConv,solar
ES,h6150,0.0,scr2099,avaConv,solar
ES,h6151,0.010853510851190048,scr2099,avaConv,solar
ES,h6152,0.07089514127428702,scr2099,avaConv,solar
ES,h6153,0.18286093297658343,scr2099,avaConv,solar
ES,h6154,0.3310686995230316,scr2099,avaConv,solar
ES,h6155,0.4720007678220989,scr2099,avaConv,solar
ES,h6156,0.5858473142070717,scr2099,avaConv,solar
ES,h6157,0.6649891049901552,scr2099,avaConv,solar
ES,h6158,0.697114491818278,scr2099,avaConv,solar
ES,h6159,0.6782032575734174,scr2099,avaConv,solar
ES,h6160,0.6043741317018569,scr2099,avaConv,solar
ES,h6161,0.46508432554399065,scr2099,avaConv,solar
ES,h6162,0.2885678311769757,scr2099,avaConv,solar
ES,h6163,0.12394393042406583,scr2099,avaConv,solar
ES,h6164,0.029892012502554202,scr2099,avaConv,solar
ES,h6165,0.0,scr2099,avaConv,solar
ES,h6166,0.0,scr2099,avaConv,solar
ES,h6167,0.0,scr2099,avaConv,solar
ES,h6168,0.0,scr2099,avaConv,solar
ES,h6169,0.0,scr2099,avaConv,solar
ES,h6170,0.0,scr2099,avaConv,solar
ES,h6171,0.0,scr2099,avaConv,solar
ES,h6172,0.0,scr2099,avaConv,solar
ES,h6173,0.0,scr2099,avaConv,solar
ES,h6174,0.0,scr2099,avaConv,solar
ES,h6175,0.011636262870940906,scr2099,avaConv,solar
ES,h6176,0.08079817086425937,scr2099,avaConv,solar
ES,h6177,0.2107814436448845,scr2099,avaConv,solar
ES,h6178,0.3878363765486042,scr2099,avaConv,solar
ES,h6179,0.5513914585412141,scr2099,avaConv,solar
ES,h6180,0.6784005340446472,scr2099,avaConv,solar
ES,h6181,0.7540787840894524,scr2099,avaConv,solar
ES,h6182,0.7708981118998683,scr2099,avaConv,solar
ES,h6183,0.7356385268699941,scr2099,avaConv,solar
ES,h6184,0.6453991074600679,scr2099,avaConv,solar
ES,h6185,0.4964935528126115,scr2099,avaConv,solar
ES,h6186,0.3075103566890126,scr2099,avaConv,solar
ES,h6187,0.133102874520056,scr2099,avaConv,solar
ES,h6188,0.032133883656106,scr2099,avaConv,solar
ES,h6189,0.0,scr2099,avaConv,solar
ES,h6190,0.0,scr2099,avaConv,solar
ES,h6191,0.0,scr2099,avaConv,solar
ES,h6192,0.0,scr2099,avaConv,solar
ES,h6193,0.0,scr2099,avaConv,solar
ES,h6194,0.0,scr2099,avaConv,solar
ES,h6195,0.0,scr2099,avaConv,solar
ES,h6196,0.0,scr2099,avaConv,solar
ES,h6197,0.001451226548799454,scr2099,avaConv,solar
ES,h6198,0.001451226548799454,scr2099,avaConv,solar
ES,h6199,0.01460728345779339,scr2099,avaConv,solar
ES,h6200,0.09008021811150976,scr2099,avaConv,solar
ES,h6201,0.23094678442685165,scr2099,avaConv,solar
ES,h6202,0.41354179245407213,scr2099,avaConv,solar
ES,h6203,0.568296316209792,scr2099,avaConv,solar
ES,h6204,0.683799781465815,scr2099,avaConv,solar
ES,h6205,0.7502825582093486,scr2099,avaConv,solar
ES,h6206,0.7651139262916237,scr2099,avaConv,solar
ES,h6207,0.7282150766231168,scr2099,avaConv,solar
ES,h6208,0.6386097674622198,scr2099,avaConv,solar
ES,h6209,0.4919491201717449,scr2099,avaConv,solar
ES,h6210,0.3026176197537371,scr2099,avaConv,solar
ES,h6211,0.13011199037236204,scr2099,avaConv,solar
ES,h6212,0.02971944162528277,scr2099,avaConv,solar
ES,h6213,0.0,scr2099,avaConv,solar
ES,h6214,0.0,scr2099,avaConv,solar
ES,h6215,0.0,scr2099,avaConv,solar
ES,h6216,0.0,scr2099,avaConv,solar
ES,h6217,0.0,scr2099,avaConv,solar
ES,h6218,0.0,scr2099,avaConv,solar
ES,h6219,0.0,scr2099,avaConv,solar
ES,h6220,0.0,scr2099,avaConv,solar
ES,h6221,0.0,scr2099,avaConv,solar
ES,h6222,0.0,scr2099,avaConv,solar
ES,h6223,0.011802977993957034,scr2099,avaConv,solar
ES,h6224,0.08682675745841714,scr2099,avaConv,solar
ES,h6225,0.22501507618960426,scr2099,avaConv,solar
ES,h6226,0.40578159285348325,scr2099,avaConv,solar
ES,h6227,0.559468579970599,scr2099,avaConv,solar
ES,h6228,0.674147789654313,scr2099,avaConv,solar
ES,h6229,0.7408205845623153,scr2099,avaConv,solar
ES,h6230,0.7565629331913143,scr2099,avaConv,solar
ES,h6231,0.7214919921145736,scr2099,avaConv,solar
ES,h6232,0.6338841890026616,scr2099,avaConv,solar
ES,h6233,0.4899639661612025,scr2099,avaConv,solar
ES,h6234,0.3007771914303952,scr2099,avaConv,solar
ES,h6235,0.12916065554793568,scr2099,avaConv,solar
ES,h6236,0.028382757098236826,scr2099,avaConv,solar
ES,h6237,0.0,scr2099,avaConv,solar
ES,h6238,0.0,scr2099,avaConv,solar
ES,h6239,0.0,scr2099,avaConv,solar
ES,h6240,0.0,scr2099,avaConv,solar
ES,h6241,0.0,scr2099,avaConv,solar
ES,h6242,0.0,scr2099,avaConv,solar
ES,h6243,0.0,scr2099,avaConv,solar
ES,h6244,0.0,scr2099,avaConv,solar
ES,h6245,0.0,scr2099,avaConv,solar
ES,h6246,0.0,scr2099,avaConv,solar
ES,h6247,0.010445984988256673,scr2099,avaConv,solar
ES,h6248,0.08167932620812034,scr2099,avaConv,solar
ES,h6249,0.21356588528330678,scr2099,avaConv,solar
ES,h6250,0.3911339078737193,scr2099,avaConv,solar
ES,h6251,0.544220294703349,scr2099,avaConv,solar
ES,h6252,0.6596590566980458,scr2099,avaConv,solar
ES,h6253,0.7261382204759418,scr2099,avaConv,solar
ES,h6254,0.7415300685208969,scr2099,avaConv,solar
ES,h6255,0.7070363256753579,scr2099,avaConv,solar
ES,h6256,0.6193795805951506,scr2099,avaConv,solar
ES,h6257,0.4777782747442846,scr2099,avaConv,solar
ES,h6258,0.2910125813050284,scr2099,avaConv,solar
ES,h6259,0.12425137605158461,scr2099,avaConv,solar
ES,h6260,0.026000953908131164,scr2099,avaConv,solar
ES,h6261,0.0,scr2099,avaConv,solar
ES,h6262,0.0,scr2099,avaConv,solar
ES,h6263,0.0,scr2099,avaConv,solar
ES,h6264,0.0,scr2099,avaConv,solar
ES,h6265,0.0,scr2099,avaConv,solar
ES,h6266,0.0,scr2099,avaConv,solar
ES,h6267,0.0,scr2099,avaConv,solar
ES,h6268,0.0,scr2099,avaConv,solar
ES,h6269,0.0,scr2099,avaConv,solar
ES,h6270,0.0,scr2099,avaConv,solar
ES,h6271,0.008882665498595243,scr2099,avaConv,solar
ES,h6272,0.07477873803517637,scr2099,avaConv,solar
ES,h6273,0.20051228400162574,scr2099,avaConv,solar
ES,h6274,0.3719714669396709,scr2099,avaConv,solar
ES,h6275,0.5212510940291799,scr2099,avaConv,solar
ES,h6276,0.6359682906471913,scr2099,avaConv,solar
ES,h6277,0.7051720038652879,scr2099,avaConv,solar
ES,h6278,0.7281535563236862,scr2099,avaConv,solar
ES,h6279,0.699873569005622,scr2099,avaConv,solar
ES,h6280,0.6175561119979976,scr2099,avaConv,solar
ES,h6281,0.47876232278770686,scr2099,avaConv,solar
ES,h6282,0.29076252119434176,scr2099,avaConv,solar
ES,h6283,0.12366917176169237,scr2099,avaConv,solar
ES,h6284,0.024427253558269975,scr2099,avaConv,solar
ES,h6285,0.0,scr2099,avaConv,solar
ES,h6286,0.0,scr2099,avaConv,solar
ES,h6287,0.0,scr2099,avaConv,solar
ES,h6288,0.0,scr2099,avaConv,solar
ES,h6289,0.0,scr2099,avaConv,solar
ES,h6290,0.0,scr2099,avaConv,solar
ES,h6291,0.0,scr2099,avaConv,solar
ES,h6292,0.0,scr2099,avaConv,solar
ES,h6293,0.0,scr2099,avaConv,solar
ES,h6294,0.0,scr2099,avaConv,solar
ES,h6295,0.008341570781746096,scr2099,avaConv,solar
ES,h6296,0.0735033679083927,scr2099,avaConv,solar
ES,h6297,0.19972694828044954,scr2099,avaConv,solar
ES,h6298,0.3721899221832758,scr2099,avaConv,solar
ES,h6299,0.5246571493477563,scr2099,avaConv,solar
ES,h6300,0.6399974159110567,scr2099,avaConv,solar
ES,h6301,0.7083665341038261,scr2099,avaConv,solar
ES,h6302,0.7271278641396437,scr2099,avaConv,solar
ES,h6303,0.6958496058002316,scr2099,avaConv,solar
ES,h6304,0.6127073556776126,scr2099,avaConv,solar
ES,h6305,0.47558933606512943,scr2099,avaConv,solar
ES,h6306,0.28754632020179544,scr2099,avaConv,solar
ES,h6307,0.12176545332203004,scr2099,avaConv,solar
ES,h6308,0.022723009463058042,scr2099,avaConv,solar
ES,h6309,0.0,scr2099,avaConv,solar
ES,h6310,0.0,scr2099,avaConv,solar
ES,h6311,0.0,scr2099,avaConv,solar
ES,h6312,0.0,scr2099,avaConv,solar
ES,h6313,0.0,scr2099,avaConv,solar
ES,h6314,0.0,scr2099,avaConv,solar
ES,h6315,0.0,scr2099,avaConv,solar
ES,h6316,0.0,scr2099,avaConv,solar
ES,h6317,0.0,scr2099,avaConv,solar
ES,h6318,0.0,scr2099,avaConv,solar
ES,h6319,0.007263075282783286,scr2099,avaConv,solar
ES,h6320,0.06885111442276327,scr2099,avaConv,solar
ES,h6321,0.19031677090939095,scr2099,avaConv,solar
ES,h6322,0.35691232849819154,scr2099,avaConv,solar
ES,h6323,0.5093909765057895,scr2099,avaConv,solar
ES,h6324,0.627670985187633,scr2099,avaConv,solar
ES,h6325,0.700483726673569,scr2099,avaConv,solar
ES,h6326,0.72000734222928,scr2099,avaConv,solar
ES,h6327,0.6890720665495733,scr2099,avaConv,solar
ES,h6328,0.6072129576539034,scr2099,avaConv,solar
ES,h6329,0.4727269972858023,scr2099,avaConv,solar
ES,h6330,0.283952064796163,scr2099,avaConv,solar
ES,h6331,0.11951703550278092,scr2099,avaConv,solar
ES,h6332,0.020784116019974243,scr2099,avaConv,solar
ES,h6333,0.0,scr2099,avaConv,solar
ES,h6334,0.0,scr2099,avaConv,solar
ES,h6335,0.0,scr2099,avaConv,solar
ES,h6336,0.0,scr2099,avaConv,solar
ES,h6337,0.0,scr2099,avaConv,solar
ES,h6338,0.0,scr2099,avaConv,solar
ES,h6339,0.0,scr2099,avaConv,solar
ES,h6340,0.0,scr2099,avaConv,solar
ES,h6341,0.0,scr2099,avaConv,solar
ES,h6342,0.0,scr2099,avaConv,solar
ES,h6343,0.005124102824479465,scr2099,avaConv,solar
ES,h6344,0.05626992176716259,scr2099,avaConv,solar
ES,h6345,0.16637958153078228,scr2099,avaConv,solar
ES,h6346,0.328004977871634,scr2099,avaConv,solar
ES,h6347,0.4846933731347663,scr2099,avaConv,solar
ES,h6348,0.6065911263379578,scr2099,avaConv,solar
ES,h6349,0.6810028795461113,scr2099,avaConv,solar
ES,h6350,0.7004822659987251,scr2099,avaConv,solar
ES,h6351,0.6705564751857647,scr2099,avaConv,solar
ES,h6352,0.5887100628555255,scr2099,avaConv,solar
ES,h6353,0.45715879336475507,scr2099,avaConv,solar
ES,h6354,0.2715302009229777,scr2099,avaConv,solar
ES,h6355,0.11257874215181551,scr2099,avaConv,solar
ES,h6356,0.017598392219976153,scr2099,avaConv,solar
ES,h6357,0.0,scr2099,avaConv,solar
ES,h6358,0.0,scr2099,avaConv,solar
ES,h6359,0.0,scr2099,avaConv,solar
ES,h6360,0.0,scr2099,avaConv,solar
ES,h6361,0.0,scr2099,avaConv,solar
ES,h6362,0.0,scr2099,avaConv,solar
ES,h6363,0.0,scr2099,avaConv,solar
ES,h6364,0.0,scr2099,avaConv,solar
ES,h6365,0.0,scr2099,avaConv,solar
ES,h6366,0.0,scr2099,avaConv,solar
ES,h6367,0.004288575054557325,scr2099,avaConv,solar
ES,h6368,0.05387447451992753,scr2099,avaConv,solar
ES,h6369,0.16274150862015901,scr2099,avaConv,solar
ES,h6370,0.32416304445989125,scr2099,avaConv,solar
ES,h6371,0.48028735357180985,scr2099,avaConv,solar
ES,h6372,0.6016747970948898,scr2099,avaConv,solar
ES,h6373,0.6748531108113718,scr2099,avaConv,solar
ES,h6374,0.6974274404687647,scr2099,avaConv,solar
ES,h6375,0.6690248997923058,scr2099,avaConv,solar
ES,h6376,0.5886720895923824,scr2099,avaConv,solar
ES,h6377,0.45701802780110606,scr2099,avaConv,solar
ES,h6378,0.2704072113397542,scr2099,avaConv,solar
ES,h6379,0.11227623925698058,scr2099,avaConv,solar
ES,h6380,0.01657548501908405,scr2099,avaConv,solar
ES,h6381,0.0,scr2099,avaConv,solar
ES,h6382,0.0,scr2099,avaConv,solar
ES,h6383,0.0,scr2099,avaConv,solar
ES,h6384,0.0,scr2099,avaConv,solar
ES,h6385,0.0,scr2099,avaConv,solar
ES,h6386,0.0,scr2099,avaConv,solar
ES,h6387,0.0,scr2099,avaConv,solar
ES,h6388,0.0,scr2099,avaConv,solar
ES,h6389,0.0,scr2099,avaConv,solar
ES,h6390,0.0,scr2099,avaConv,solar
ES,h6391,0.004174533699672053,scr2099,avaConv,solar
ES,h6392,0.05504927936362547,scr2099,avaConv,solar
ES,h6393,0.164504584330461,scr2099,avaConv,solar
ES,h6394,0.3253492478494479,scr2099,avaConv,solar
ES,h6395,0.4769521361523273,scr2099,avaConv,solar
ES,h6396,0.5951504131251631,scr2099,avaConv,solar
ES,h6397,0.6677865405620805,scr2099,avaConv,solar
ES,h6398,0.6922852791563848,scr2099,avaConv,solar
ES,h6399,0.6655684136114428,scr2099,avaConv,solar
ES,h6400,0.5857818006672982,scr2099,avaConv,solar
ES,h6401,0.4555621260832164,scr2099,avaConv,solar
ES,h6402,0.2686766789389896,scr2099,avaConv,solar
ES,h6403,0.11129552910738369,scr2099,avaConv,solar
ES,h6404,0.015498609222060034,scr2099,avaConv,solar
ES,h6405,0.0,scr2099,avaConv,solar
ES,h6406,0.0,scr2099,avaConv,solar
ES,h6407,0.0,scr2099,avaConv,solar
ES,h6408,0.0,scr2099,avaConv,solar
ES,h6409,0.0,scr2099,avaConv,solar
ES,h6410,0.0,scr2099,avaConv,solar
ES,h6411,0.0,scr2099,avaConv,solar
ES,h6412,0.0,scr2099,avaConv,solar
ES,h6413,0.0,scr2099,avaConv,solar
ES,h6414,0.0,scr2099,avaConv,solar
ES,h6415,0.0034963470637842673,scr2099,avaConv,solar
ES,h6416,0.050357660651927,scr2099,avaConv,solar
ES,h6417,0.15290457489015108,scr2099,avaConv,solar
ES,h6418,0.3054488783368759,scr2099,avaConv,solar
ES,h6419,0.4530839960341572,scr2099,avaConv,solar
ES,h6420,0.5685425878968127,scr2099,avaConv,solar
ES,h6421,0.6383208558164003,scr2099,avaConv,solar
ES,h6422,0.656370089709417,scr2099,avaConv,solar
ES,h6423,0.626451992814219,scr2099,avaConv,solar
ES,h6424,0.5470811000150113,scr2099,avaConv,solar
ES,h6425,0.4216879627979537,scr2099,avaConv,solar
ES,h6426,0.24414577960862588,scr2099,avaConv,solar
ES,h6427,0.09837197930737475,scr2099,avaConv,solar
ES,h6428,0.012120774430013763,scr2099,avaConv,solar
ES,h6429,0.0,scr2099,avaConv,solar
ES,h6430,0.0,scr2099,avaConv,solar
ES,h6431,0.0,scr2099,avaConv,solar
ES,h6432,0.0,scr2099,avaConv,solar
ES,h6433,0.0,scr2099,avaConv,solar
ES,h6434,0.0,scr2099,avaConv,solar
ES,h6435,0.0,scr2099,avaConv,solar
ES,h6436,0.0,scr2099,avaConv,solar
ES,h6437,0.0,scr2099,avaConv,solar
ES,h6438,0.0,scr2099,avaConv,solar
ES,h6439,0.0028794498572245024,scr2099,avaConv,solar
ES,h6440,0.04815378257097649,scr2099,avaConv,solar
ES,h6441,0.14860051433390062,scr2099,avaConv,solar
ES,h6442,0.29987137230497124,scr2099,avaConv,solar
ES,h6443,0.44662201315076455,scr2099,avaConv,solar
ES,h6444,0.5656246113007939,scr2099,avaConv,solar
ES,h6445,0.6424986342105905,scr2099,avaConv,solar
ES,h6446,0.6714912568926736,scr2099,avaConv,solar
ES,h6447,0.6486764021816688,scr2099,avaConv,solar
ES,h6448,0.5731708452003392,scr2099,avaConv,solar
ES,h6449,0.45081236381861584,scr2099,avaConv,solar
ES,h6450,0.2663892958233006,scr2099,avaConv,solar
ES,h6451,0.11132341138925338,scr2099,avaConv,solar
ES,h6452,0.013942488526719555,scr2099,avaConv,solar
ES,h6453,0.0,scr2099,avaConv,solar
ES,h6454,0.0,scr2099,avaConv,solar
ES,h6455,0.0,scr2099,avaConv,solar
ES,h6456,0.0,scr2099,avaConv,solar
ES,h6457,0.0,scr2099,avaConv,solar
ES,h6458,0.0,scr2099,avaConv,solar
ES,h6459,0.0,scr2099,avaConv,solar
ES,h6460,0.0,scr2099,avaConv,solar
ES,h6461,0.0,scr2099,avaConv,solar
ES,h6462,0.0,scr2099,avaConv,solar
ES,h6463,0.002934562206178449,scr2099,avaConv,solar
ES,h6464,0.04931101119141868,scr2099,avaConv,solar
ES,h6465,0.15167512344317216,scr2099,avaConv,solar
ES,h6466,0.30826815363579313,scr2099,avaConv,solar
ES,h6467,0.46190614281344977,scr2099,avaConv,solar
ES,h6468,0.5870862180563777,scr2099,avaConv,solar
ES,h6469,0.6670608548185641,scr2099,avaConv,solar
ES,h6470,0.6974005154672223,scr2099,avaConv,solar
ES,h6471,0.6742089836514975,scr2099,avaConv,solar
ES,h6472,0.5969434480008687,scr2099,avaConv,solar
ES,h6473,0.46906247167107396,scr2099,avaConv,solar
ES,h6474,0.2769021048409156,scr2099,avaConv,solar
ES,h6475,0.11512232572528235,scr2099,avaConv,solar
ES,h6476,0.014006453295206668,scr2099,avaConv,solar
ES,h6477,0.0,scr2099,avaConv,solar
ES,h6478,0.0,scr2099,avaConv,solar
ES,h6479,0.0,scr2099,avaConv,solar
ES,h6480,0.0,scr2099,avaConv,solar
ES,h6481,0.0,scr2099,avaConv,solar
ES,h6482,0.0,scr2099,avaConv,solar
ES,h6483,0.0,scr2099,avaConv,solar
ES,h6484,0.0,scr2099,avaConv,solar
ES,h6485,0.0,scr2099,avaConv,solar
ES,h6486,0.0,scr2099,avaConv,solar
ES,h6487,0.001988066352916764,scr2099,avaConv,solar
ES,h6488,0.04662723807739459,scr2099,avaConv,solar
ES,h6489,0.14763797557217795,scr2099,avaConv,solar
ES,h6490,0.3033583241087868,scr2099,avaConv,solar
ES,h6491,0.45646426301454984,scr2099,avaConv,solar
ES,h6492,0.5800618868275368,scr2099,avaConv,solar
ES,h6493,0.6576152060780154,scr2099,avaConv,solar
ES,h6494,0.686247469623385,scr2099,avaConv,solar
ES,h6495,0.6634833509615343,scr2099,avaConv,solar
ES,h6496,0.5900476843983428,scr2099,avaConv,solar
ES,h6497,0.4672252128291827,scr2099,avaConv,solar
ES,h6498,0.27680241637677655,scr2099,avaConv,solar
ES,h6499,0.11553813454383181,scr2099,avaConv,solar
ES,h6500,0.013426410535866067,scr2099,avaConv,solar
ES,h6501,0.0,scr2099,avaConv,solar
ES,h6502,0.0,scr2099,avaConv,solar
ES,h6503,0.0,scr2099,avaConv,solar
ES,h6504,0.0,scr2099,avaConv,solar
ES,h6505,0.0,scr2099,avaConv,solar
ES,h6506,0.0,scr2099,avaConv,solar
ES,h6507,0.0,scr2099,avaConv,solar
ES,h6508,0.0,scr2099,avaConv,solar
ES,h6509,0.0,scr2099,avaConv,solar
ES,h6510,0.0,scr2099,avaConv,solar
ES,h6511,0.0021547500046234674,scr2099,avaConv,solar
ES,h6512,0.05106070983095113,scr2099,avaConv,solar
ES,h6513,0.16095342464669063,scr2099,avaConv,solar
ES,h6514,0.3280928170003257,scr2099,avaConv,solar
ES,h6515,0.4900604678599882,scr2099,avaConv,solar
ES,h6516,0.6167721584265897,scr2099,avaConv,solar
ES,h6517,0.6935753517662118,scr2099,avaConv,solar
ES,h6518,0.717292736530099,scr2099,avaConv,solar
ES,h6519,0.6888465814414603,scr2099,avaConv,solar
ES,h6520,0.6095932261110264,scr2099,avaConv,solar
ES,h6521,0.48054536707902545,scr2099,avaConv,solar
ES,h6522,0.28387757351563164,scr2099,avaConv,solar
ES,h6523,0.11776693854047422,scr2099,avaConv,solar
ES,h6524,0.013589586379380238,scr2099,avaConv,solar
ES,h6525,0.0,scr2099,avaConv,solar
ES,h6526,0.0,scr2099,avaConv,solar
ES,h6527,0.0,scr2099,avaConv,solar
ES,h6528,0.0,scr2099,avaConv,solar
ES,h6529,0.0,scr2099,avaConv,solar
ES,h6530,0.0,scr2099,avaConv,solar
ES,h6531,0.0,scr2099,avaConv,solar
ES,h6532,0.0,scr2099,avaConv,solar
ES,h6533,0.0,scr2099,avaConv,solar
ES,h6534,0.0,scr2099,avaConv,solar
ES,h6535,0.002218389155067936,scr2099,avaConv,solar
ES,h6536,0.04663673712142631,scr2099,avaConv,solar
ES,h6537,0.1434341022622386,scr2099,avaConv,solar
ES,h6538,0.2910354851228296,scr2099,avaConv,solar
ES,h6539,0.43292923835712177,scr2099,avaConv,solar
ES,h6540,0.5465597101395814,scr2099,avaConv,solar
ES,h6541,0.6155003253653224,scr2099,avaConv,solar
ES,h6542,0.6402153475003896,scr2099,avaConv,solar
ES,h6543,0.6261012382132195,scr2099,avaConv,solar
ES,h6544,0.5670988471477199,scr2099,avaConv,solar
ES,h6545,0.4577461863305361,scr2099,avaConv,solar
ES,h6546,0.2725770567883944,scr2099,avaConv,solar
ES,h6547,0.11339737696502498,scr2099,avaConv,solar
ES,h6548,0.013055714411297081,scr2099,avaConv,solar
ES,h6549,0.0,scr2099,avaConv,solar
ES,h6550,0.0,scr2099,avaConv,solar
ES,h6551,0.0,scr2099,avaConv,solar
ES,h6552,0.0,scr2099,avaConv,solar
FI,h5809,0.0,scr2099,avaConv,solar
FI,h5810,0.0,scr2099,avaConv,solar
FI,h5811,0.0,scr2099,avaConv,solar
FI,h5812,0.0018244081155293595,scr2099,avaConv,solar
FI,h5813,0.025874327023981313,scr2099,avaConv,solar
FI,h5814,0.08574130591007034,scr2099,avaConv,solar
FI,h5815,0.1821549684921978,scr2099,avaConv,solar
FI,h5816,0.2977399287468175,scr2099,avaConv,solar
FI,h5817,0.41269457864039455,scr2099,avaConv,solar
FI,h5818,0.5116659604059949,scr2099,avaConv,solar
FI,h5819,0.5723215979957063,scr2099,avaConv,solar
FI,h5820,0.590381043042177,scr2099,avaConv,solar
FI,h5821,0.5680070390121571,scr2099,avaConv,solar
FI,h5822,0.5049819534658462,scr2099,avaConv,solar
FI,h5823,0.40165904718512163,scr2099,avaConv,solar
FI,h5824,0.24171386786140908,scr2099,avaConv,solar
FI,h5825,0.12000089282462696,scr2099,avaConv,solar
FI,h5826,0.030966431747921543,scr2099,avaConv,solar
FI,h5827,0.014856192942633635,scr2099,avaConv,solar
FI,h5828,0.0,scr2099,avaConv,solar
FI,h5829,0.0,scr2099,avaConv,solar
FI,h5830,0.0,scr2099,avaConv,solar
FI,h5831,0.0,scr2099,avaConv,solar
FI,h5832,0.0,scr2099,avaConv,solar
FI,h5833,0.0,scr2099,avaConv,solar
FI,h5834,0.0,scr2099,avaConv,solar
FI,h5835,0.0,scr2099,avaConv,solar
FI,h5836,0.0020466875224758466,scr2099,avaConv,solar
FI,h5837,0.029223405166090063,scr2099,avaConv,solar
FI,h5838,0.09472688160678233,scr2099,avaConv,solar
FI,h5839,0.19642140112772882,scr2099,avaConv,solar
FI,h5840,0.31576051051055093,scr2099,avaConv,solar
FI,h5841,0.4264061995863004,scr2099,avaConv,solar
FI,h5842,0.5170297645959322,scr2099,avaConv,solar
FI,h5843,0.5687297634893393,scr2099,avaConv,solar
FI,h5844,0.5834651649198781,scr2099,avaConv,solar
FI,h5845,0.5625131936366071,scr2099,avaConv,solar
FI,h5846,0.5064230409649271,scr2099,avaConv,solar
FI,h5847,0.404278542475212,scr2099,avaConv,solar
FI,h5848,0.24213270027440328,scr2099,avaConv,solar
FI,h5849,0.11200048217664363,scr2099,avaConv,solar
FI,h5850,0.024116788141881895,scr2099,avaConv,solar
FI,h5851,0.01147050595790904,scr2099,avaConv,solar
FI,h5852,0.0,scr2099,avaConv,solar
FI,h5853,0.0,scr2099,avaConv,solar
FI,h5854,0.0,scr2099,avaConv,solar
FI,h5855,0.0,scr2099,avaConv,solar
FI,h5856,0.0,scr2099,avaConv,solar
FI,h5857,0.0,scr2099,avaConv,solar
FI,h5858,0.0,scr2099,avaConv,solar
FI,h5859,0.0,scr2099,avaConv,solar
FI,h5860,0.0011561401024383002,scr2099,avaConv,solar
FI,h5861,0.015417772860524391,scr2099,avaConv,solar
FI,h5862,0.04990870607110127,scr2099,avaConv,solar
FI,h5863,0.1019165065181808,scr2099,avaConv,solar
FI,h5864,0.16503577973872832,scr2099,avaConv,solar
FI,h5865,0.22401849657089387,scr2099,avaConv,solar
FI,h5866,0.2650269501740001,scr2099,avaConv,solar
FI,h5867,0.27362698257778173,scr2099,avaConv,solar
FI,h5868,0.2622761620937819,scr2099,avaConv,solar
FI,h5869,0.23762695451479,scr2099,avaConv,solar
FI,h5870,0.20597446296013328,scr2099,avaConv,solar
FI,h5871,0.1553692240781921,scr2099,avaConv,solar
FI,h5872,0.09090021946216947,scr2099,avaConv,solar
FI,h5873,0.039274382374335545,scr2099,avaConv,solar
FI,h5874,0.007992526441051055,scr2099,avaConv,solar
FI,h5875,0.0027510666447849237,scr2099,avaConv,solar
FI,h5876,0.0,scr2099,avaConv,solar
FI,h5877,0.0,scr2099,avaConv,solar
FI,h5878,0.0,scr2099,avaConv,solar
FI,h5879,0.0,scr2099,avaConv,solar
FI,h5880,0.0,scr2099,avaConv,solar
FI,h5881,0.0,scr2099,avaConv,solar
FI,h5882,0.0,scr2099,avaConv,solar
FI,h5883,0.0,scr2099,avaConv,solar
FI,h5884,0.00021138005442263897,scr2099,avaConv,solar
FI,h5885,0.0055507280508939666,scr2099,avaConv,solar
FI,h5886,0.024011333569486405,scr2099,avaConv,solar
FI,h5887,0.06173377882751048,scr2099,avaConv,solar
FI,h5888,0.12305393057885004,scr2099,avaConv,solar
FI,h5889,0.19970998687849467,scr2099,avaConv,solar
FI,h5890,0.2775180319915801,scr2099,avaConv,solar
FI,h5891,0.33809552672058446,scr2099,avaConv,solar
FI,h5892,0.3598178910763984,scr2099,avaConv,solar
FI,h5893,0.34183310648287435,scr2099,avaConv,solar
FI,h5894,0.28728496938766673,scr2099,avaConv,solar
FI,h5895,0.21196620050994527,scr2099,avaConv,solar
FI,h5896,0.11998096208846701,scr2099,avaConv,solar
FI,h5897,0.05091370180232875,scr2099,avaConv,solar
FI,h5898,0.009806601937227565,scr2099,avaConv,solar
FI,h5899,0.003357899895383881,scr2099,avaConv,solar
FI,h5900,0.0,scr2099,avaConv,solar
FI,h5901,0.0,scr2099,avaConv,solar
FI,h5902,0.0,scr2099,avaConv,solar
FI,h5903,0.0,scr2099,avaConv,solar
FI,h5904,0.0,scr2099,avaConv,solar
FI,h5905,0.0,scr2099,avaConv,solar
FI,h5906,0.0,scr2099,avaConv,solar
FI,h5907,0.0,scr2099,avaConv,solar
FI,h5908,0.0,scr2099,avaConv,solar
FI,h5909,0.0029246519980026084,scr2099,avaConv,solar
FI,h5910,0.013537986069206134,scr2099,avaConv,solar
FI,h5911,0.033817123321609834,scr2099,avaConv,solar
FI,h5912,0.05974494908216086,scr2099,avaConv,solar
FI,h5913,0.08509591533494094,scr2099,avaConv,solar
FI,h5914,0.10357635164642848,scr2099,avaConv,solar
FI,h5915,0.11260070742071253,scr2099,avaConv,solar
FI,h5916,0.11060880063798764,scr2099,avaConv,solar
FI,h5917,0.09897304561303866,scr2099,avaConv,solar
FI,h5918,0.08171243114325866,scr2099,avaConv,solar
FI,h5919,0.05957536683461493,scr2099,avaConv,solar
FI,h5920,0.03489671172197944,scr2099,avaConv,solar
FI,h5921,0.014607477657969149,scr2099,avaConv,solar
FI,h5922,0.0028398140743592037,scr2099,avaConv,solar
FI,h5923,0.0003313405946616608,scr2099,avaConv,solar
FI,h5924,0.0,scr2099,avaConv,solar
FI,h5925,0.0,scr2099,avaConv,solar
FI,h5926,0.0,scr2099,avaConv,solar
FI,h5927,0.0,scr2099,avaConv,solar
FI,h5928,0.0,scr2099,avaConv,solar
FI,h5929,0.0,scr2099,avaConv,solar
FI,h5930,0.0,scr2099,avaConv,solar
FI,h5931,0.0,scr2099,avaConv,solar
FI,h5932,0.0,scr2099,avaConv,solar
FI,h5933,0.0013965491298937676,scr2099,avaConv,solar
FI,h5934,0.008245319734966134,scr2099,avaConv,solar
FI,h5935,0.02250289534760927,scr2099,avaConv,solar
FI,h5936,0.04210722689199141,scr2099,avaConv,solar
FI,h5937,0.06160415081726233,scr2099,avaConv,solar
FI,h5938,0.07619888748636146,scr2099,avaConv,solar
FI,h5939,0.08446773859971284,scr2099,avaConv,solar
FI,h5940,0.08478083719176187,scr2099,avaConv,solar
FI,h5941,0.0786400391694884,scr2099,avaConv,solar
FI,h5942,0.06575793537842389,scr2099,avaConv,solar
FI,h5943,0.04831796212948758,scr2099,avaConv,solar
FI,h5944,0.027505076662140183,scr2099,avaConv,solar
FI,h5945,0.011190456746382504,scr2099,avaConv,solar
FI,h5946,0.0020206158182894704,scr2099,avaConv,solar
FI,h5947,0.0,scr2099,avaConv,solar
FI,h5948,0.0,scr2099,avaConv,solar
FI,h5949,0.0,scr2099,avaConv,solar
FI,h5950,0.0,scr2099,avaConv,solar
FI,h5951,0.0,scr2099,avaConv,solar
FI,h5952,0.0,scr2099,avaConv,solar
FI,h5953,0.0,scr2099,avaConv,solar
FI,h5954,0.0,scr2099,avaConv,solar
FI,h5955,0.0,scr2099,avaConv,solar
FI,h5956,0.0,scr2099,avaConv,solar
FI,h5957,0.0009059468552715549,scr2099,avaConv,solar
FI,h5958,0.00681502567817733,scr2099,avaConv,solar
FI,h5959,0.0201815496174766,scr2099,avaConv,solar
FI,h5960,0.04130307204841993,scr2099,avaConv,solar
FI,h5961,0.0666575681732316,scr2099,avaConv,solar
FI,h5962,0.0919340939447355,scr2099,avaConv,solar
FI,h5963,0.11358356922567028,scr2099,avaConv,solar
FI,h5964,0.12708204275064863,scr2099,avaConv,solar
FI,h5965,0.13083951318153608,scr2099,avaConv,solar
FI,h5966,0.11629211979107267,scr2099,avaConv,solar
FI,h5967,0.08814450678364293,scr2099,avaConv,solar
FI,h5968,0.04796207357459515,scr2099,avaConv,solar
FI,h5969,0.01929995638725378,scr2099,avaConv,solar
FI,h5970,0.0028557603349441507,scr2099,avaConv,solar
FI,h5971,0.000404550482256365,scr2099,avaConv,solar
FI,h5972,0.0,scr2099,avaConv,solar
FI,h5973,0.0,scr2099,avaConv,solar
FI,h5974,0.0,scr2099,avaConv,solar
FI,h5975,0.0,scr2099,avaConv,solar
FI,h5976,0.0,scr2099,avaConv,solar
FI,h5977,0.0,scr2099,avaConv,solar
FI,h5978,0.0,scr2099,avaConv,solar
FI,h5979,0.0,scr2099,avaConv,solar
FI,h5980,0.0,scr2099,avaConv,solar
FI,h5981,0.0006173619017541356,scr2099,avaConv,solar
FI,h5982,0.00678677250609177,scr2099,avaConv,solar
FI,h5983,0.021027044905478583,scr2099,avaConv,solar
FI,h5984,0.043894571061213576,scr2099,avaConv,solar
FI,h5985,0.0701044962472308,scr2099,avaConv,solar
FI,h5986,0.09609131254904621,scr2099,avaConv,solar
FI,h5987,0.11843490394889832,scr2099,avaConv,solar
FI,h5988,0.131422025120424,scr2099,avaConv,solar
FI,h5989,0.13299163181702675,scr2099,avaConv,solar
FI,h5990,0.120489543529623,scr2099,avaConv,solar
FI,h5991,0.09725293028039568,scr2099,avaConv,solar
FI,h5992,0.05776646924946069,scr2099,avaConv,solar
FI,h5993,0.02537086355764921,scr2099,avaConv,solar
FI,h5994,0.0036069783557753053,scr2099,avaConv,solar
FI,h5995,0.0008255046677835552,scr2099,avaConv,solar
FI,h5996,0.0,scr2099,avaConv,solar
FI,h5997,0.0,scr2099,avaConv,solar
FI,h5998,0.0,scr2099,avaConv,solar
FI,h5999,0.0,scr2099,avaConv,solar
FI,h6000,0.0,scr2099,avaConv,solar
FI,h6001,0.0,scr2099,avaConv,solar
FI,h6002,0.0,scr2099,avaConv,solar
FI,h6003,0.0,scr2099,avaConv,solar
FI,h6004,0.0,scr2099,avaConv,solar
FI,h6005,0.0012687172643693829,scr2099,avaConv,solar
FI,h6006,0.009721084415809877,scr2099,avaConv,solar
FI,h6007,0.028645373217427186,scr2099,avaConv,solar
FI,h6008,0.05672049105456758,scr2099,avaConv,solar
FI,h6009,0.08587420901542052,scr2099,avaConv,solar
FI,h6010,0.11167303422712353,scr2099,avaConv,solar
FI,h6011,0.13245719516986867,scr2099,avaConv,solar
FI,h6012,0.14360786796066294,scr2099,avaConv,solar
FI,h6013,0.14358056282640758,scr2099,avaConv,solar
FI,h6014,0.1307315297076601,scr2099,avaConv,solar
FI,h6015,0.10636244578185353,scr2099,avaConv,solar
FI,h6016,0.06507827235780954,scr2099,avaConv,solar
FI,h6017,0.028829526212595203,scr2099,avaConv,solar
FI,h6018,0.004799567650483675,scr2099,avaConv,solar
FI,h6019,0.000937761657753566,scr2099,avaConv,solar
FI,h6020,0.0,scr2099,avaConv,solar
FI,h6021,0.0,scr2099,avaConv,solar
FI,h6022,0.0,scr2099,avaConv,solar
FI,h6023,0.0,scr2099,avaConv,solar
FI,h6024,0.0,scr2099,avaConv,solar
FI,h6025,0.0,scr2099,avaConv,solar
FI,h6026,0.0,scr2099,avaConv,solar
FI,h6027,0.0,scr2099,avaConv,solar
FI,h6028,0.0,scr2099,avaConv,solar
FI,h6029,0.0034320757101050418,scr2099,avaConv,solar
FI,h6030,0.01833753684578856,scr2099,avaConv,solar
FI,h6031,0.04870519008072769,scr2099,avaConv,solar
FI,h6032,0.09262789297057464,scr2099,avaConv,solar
FI,h6033,0.1340798641024095,scr2099,avaConv,solar
FI,h6034,0.1663067162931143,scr2099,avaConv,solar
FI,h6035,0.18185384203245872,scr2099,avaConv,solar
FI,h6036,0.1871927023872231,scr2099,avaConv,solar
FI,h6037,0.17943642572049961,scr2099,avaConv,solar
FI,h6038,0.16046325098248057,scr2099,avaConv,solar
FI,h6039,0.12675903637669367,scr2099,avaConv,solar
FI,h6040,0.07531240852801252,scr2099,avaConv,solar
FI,h6041,0.03196472413906332,scr2099,avaConv,solar
FI,h6042,0.004441607228027532,scr2099,avaConv,solar
FI,h6043,0.000621385916944803,scr2099,avaConv,solar
FI,h6044,0.0,scr2099,avaConv,solar
FI,h6045,0.0,scr2099,avaConv,solar
FI,h6046,0.0,scr2099,avaConv,solar
FI,h6047,0.0,scr2099,avaConv,solar
FI,h6048,0.0,scr2099,avaConv,solar
FI,h6049,0.0,scr2099,avaConv,solar
FI,h6050,0.0,scr2099,avaConv,solar
FI,h6051,0.0,scr2099,avaConv,solar
FI,h6052,0.0,scr2099,avaConv,solar
FI,h6053,0.00394777179846313,scr2099,avaConv,solar
FI,h6054,0.02220176313564272,scr2099,avaConv,solar
FI,h6055,0.058245328109309574,scr2099,avaConv,solar
FI,h6056,0.10596259038095499,scr2099,avaConv,solar
FI,h6057,0.15455031693118385,scr2099,avaConv,solar
FI,h6058,0.19828865837021756,scr2099,avaConv,solar
FI,h6059,0.23682449412338805,scr2099,avaConv,solar
FI,h6060,0.26459414306711837,scr2099,avaConv,solar
FI,h6061,0.27928053466097535,scr2099,avaConv,solar
FI,h6062,0.2737669553420221,scr2099,avaConv,solar
FI,h6063,0.2343818492661095,scr2099,avaConv,solar
FI,h6064,0.14898592133790425,scr2099,avaConv,solar
FI,h6065,0.06803267383217881,scr2099,avaConv,solar
FI,h6066,0.013422841787226171,scr2099,avaConv,solar
FI,h6067,0.0034463817689462093,scr2099,avaConv,solar
FI,h6068,0.0,scr2099,avaConv,solar
FI,h6069,0.0,scr2099,avaConv,solar
FI,h6070,0.0,scr2099,avaConv,solar
FI,h6071,0.0,scr2099,avaConv,solar
FI,h6072,0.0,scr2099,avaConv,solar
FI,h6073,0.0,scr2099,avaConv,solar
FI,h6074,0.0,scr2099,avaConv,solar
FI,h6075,0.0,scr2099,avaConv,solar
FI,h6076,0.0,scr2099,avaConv,solar
FI,h6077,0.008502237600111009,scr2099,avaConv,solar
FI,h6078,0.03848885359058745,scr2099,avaConv,solar
FI,h6079,0.09372533098740948,scr2099,avaConv,solar
FI,h6080,0.16716182127083862,scr2099,avaConv,solar
FI,h6081,0.23230549755761215,scr2099,avaConv,solar
FI,h6082,0.27708583244656704,scr2099,avaConv,solar
FI,h6083,0.304460931787702,scr2099,avaConv,solar
FI,h6084,0.3122633568981286,scr2099,avaConv,solar
FI,h6085,0.3028223255344562,scr2099,avaConv,solar
FI,h6086,0.26194078713256685,scr2099,avaConv,solar
FI,h6087,0.19500516522964687,scr2099,avaConv,solar
FI,h6088,0.11281150851272159,scr2099,avaConv,solar
FI,h6089,0.0444061974550371,scr2099,avaConv,solar
FI,h6090,0.008553949189799357,scr2099,avaConv,solar
FI,h6091,0.00023520548915573642,scr2099,avaConv,solar
FI,h6092,0.0,scr2099,avaConv,solar
FI,h6093,0.0,scr2099,avaConv,solar
FI,h6094,0.0,scr2099,avaConv,solar
FI,h6095,0.0,scr2099,avaConv,solar
FI,h6096,0.0,scr2099,avaConv,solar
FI,h6097,0.0,scr2099,avaConv,solar
FI,h6098,0.0,scr2099,avaConv,solar
FI,h6099,0.0,scr2099,avaConv,solar
FI,h6100,0.0,scr2099,avaConv,solar
FI,h6101,0.0036897673974366795,scr2099,avaConv,solar
FI,h6102,0.019437512626077937,scr2099,avaConv,solar
FI,h6103,0.049744221340367954,scr2099,avaConv,solar
FI,h6104,0.09182763161120838,scr2099,avaConv,solar
FI,h6105,0.1371724779911383,scr2099,avaConv,solar
FI,h6106,0.17580088844506822,scr2099,avaConv,solar
FI,h6107,0.19794042563136766,scr2099,avaConv,solar
FI,h6108,0.20570580510468695,scr2099,avaConv,solar
FI,h6109,0.20526816387009367,scr2099,avaConv,solar
FI,h6110,0.18941133446366662,scr2099,avaConv,solar
FI,h6111,0.15245348700628156,scr2099,avaConv,solar
FI,h6112,0.08886889383804429,scr2099,avaConv,solar
FI,h6113,0.03777797667244487,scr2099,avaConv,solar
FI,h6114,0.00617008457837873,scr2099,avaConv,solar
FI,h6115,0.0009140876143209879,scr2099,avaConv,solar
FI,h6116,0.0,scr2099,avaConv,solar
FI,h6117,0.0,scr2099,avaConv,solar
FI,h6118,0.0,scr2099,avaConv,solar
FI,h6119,0.0,scr2099,avaConv,solar
FI,h6120,0.0,scr2099,avaConv,solar
FI,h6121,0.0,scr2099,avaConv,solar
FI,h6122,0.0,scr2099,avaConv,solar
FI,h6123,0.0,scr2099,avaConv,solar
FI,h6124,0.0,scr2099,avaConv,solar
FI,h6125,0.002060027479891677,scr2099,avaConv,solar
FI,h6126,0.016831202063072107,scr2099,avaConv,solar
FI,h6127,0.050528137539494526,scr2099,avaConv,solar
FI,h6128,0.10616516131648722,scr2099,avaConv,solar
FI,h6129,0.17077428086767127,scr2099,avaConv,solar
FI,h6130,0.2271765639817779,scr2099,avaConv,solar
FI,h6131,0.2681532420356039,scr2099,avaConv,solar
FI,h6132,0.28844795080334185,scr2099,avaConv,solar
FI,h6133,0.28297881931399693,scr2099,avaConv,solar
FI,h6134,0.24986206394175609,scr2099,avaConv,solar
FI,h6135,0.18591497618757988,scr2099,avaConv,solar
FI,h6136,0.10614635219174355,scr2099,avaConv,solar
FI,h6137,0.04098992064999391,scr2099,avaConv,solar
FI,h6138,0.005672720119573807,scr2099,avaConv,solar
FI,h6139,0.0002736063581958789,scr2099,avaConv,solar
FI,h6140,0.0,scr2099,avaConv,solar
FI,h6141,0.0,scr2099,avaConv,solar
FI,h6142,0.0,scr2099,avaConv,solar
FI,h6143,0.0,scr2099,avaConv,solar
FI,h6144,0.0,scr2099,avaConv,solar
FI,h6145,0.0,scr2099,avaConv,solar
FI,h6146,0.0,scr2099,avaConv,solar
FI,h6147,0.0,scr2099,avaConv,solar
FI,h6148,0.0,scr2099,avaConv,solar
FI,h6149,0.001764031343320967,scr2099,avaConv,solar
FI,h6150,0.01906673652567088,scr2099,avaConv,solar
FI,h6151,0.05644563206173899,scr2099,avaConv,solar
FI,h6152,0.11528058273732632,scr2099,avaConv,solar
FI,h6153,0.1781141448956506,scr2099,avaConv,solar
FI,h6154,0.24520380276192752,scr2099,avaConv,solar
FI,h6155,0.3001808397762933,scr2099,avaConv,solar
FI,h6156,0.351058258850775,scr2099,avaConv,solar
FI,h6157,0.37956940461973726,scr2099,avaConv,solar
FI,h6158,0.37743304711131337,scr2099,avaConv,solar
FI,h6159,0.3203299497361645,scr2099,avaConv,solar
FI,h6160,0.20239448908553118,scr2099,avaConv,solar
FI,h6161,0.09016664055363115,scr2099,avaConv,solar
FI,h6162,0.01709563502549624,scr2099,avaConv,solar
FI,h6163,0.0012429047559968196,scr2099,avaConv,solar
FI,h6164,0.0,scr2099,avaConv,solar
FI,h6165,0.0,scr2099,avaConv,solar
FI,h6166,0.0,scr2099,avaConv,solar
FI,h6167,0.0,scr2099,avaConv,solar
FI,h6168,0.0,scr2099,avaConv,solar
FI,h6169,0.0,scr2099,avaConv,solar
FI,h6170,0.0,scr2099,avaConv,solar
FI,h6171,0.0,scr2099,avaConv,solar
FI,h6172,0.0,scr2099,avaConv,solar
FI,h6173,0.002257705200775021,scr2099,avaConv,solar
FI,h6174,0.01869630311340019,scr2099,avaConv,solar
FI,h6175,0.05689574157022759,scr2099,avaConv,solar
FI,h6176,0.1241911371392724,scr2099,avaConv,solar
FI,h6177,0.2008665383519423,scr2099,avaConv,solar
FI,h6178,0.26423165948918076,scr2099,avaConv,solar
FI,h6179,0.30381336426190086,scr2099,avaConv,solar
FI,h6180,0.32352646916507455,scr2099,avaConv,solar
FI,h6181,0.328758303752982,scr2099,avaConv,solar
FI,h6182,0.30433518779113883,scr2099,avaConv,solar
FI,h6183,0.24337261976570854,scr2099,avaConv,solar
FI,h6184,0.14857670893405653,scr2099,avaConv,solar
FI,h6185,0.06438188964386019,scr2099,avaConv,solar
FI,h6186,0.012959057320246612,scr2099,avaConv,solar
FI,h6187,0.0007255948809880895,scr2099,avaConv,solar
FI,h6188,0.0,scr2099,avaConv,solar
FI,h6189,0.0,scr2099,avaConv,solar
FI,h6190,0.0,scr2099,avaConv,solar
FI,h6191,0.0,scr2099,avaConv,solar
FI,h6192,0.0,scr2099,avaConv,solar
FI,h6193,0.0,scr2099,avaConv,solar
FI,h6194,0.0,scr2099,avaConv,solar
FI,h6195,0.0,scr2099,avaConv,solar
FI,h6196,0.0,scr2099,avaConv,solar
FI,h6197,0.0012172733831449286,scr2099,avaConv,solar
FI,h6198,0.015858021947571254,scr2099,avaConv,solar
FI,h6199,0.05085945892089727,scr2099,avaConv,solar
FI,h6200,0.1071820486028652,scr2099,avaConv,solar
FI,h6201,0.1684376181591364,scr2099,avaConv,solar
FI,h6202,0.22978003429465485,scr2099,avaConv,solar
FI,h6203,0.28015551791841603,scr2099,avaConv,solar
FI,h6204,0.313354178875826,scr2099,avaConv,solar
FI,h6205,0.31755645266131527,scr2099,avaConv,solar
FI,h6206,0.2911451552389251,scr2099,avaConv,solar
FI,h6207,0.23462069739959138,scr2099,avaConv,solar
FI,h6208,0.14624823097751966,scr2099,avaConv,solar
FI,h6209,0.06522508882520493,scr2099,avaConv,solar
FI,h6210,0.0132173004986258,scr2099,avaConv,solar
FI,h6211,0.0005883121656715537,scr2099,avaConv,solar
FI,h6212,0.0,scr2099,avaConv,solar
FI,h6213,0.0,scr2099,avaConv,solar
FI,h6214,0.0,scr2099,avaConv,solar
FI,h6215,0.0,scr2099,avaConv,solar
FI,h6216,0.0,scr2099,avaConv,solar
FI,h6217,0.0,scr2099,avaConv,solar
FI,h6218,0.0,scr2099,avaConv,solar
FI,h6219,0.0,scr2099,avaConv,solar
FI,h6220,0.0,scr2099,avaConv,solar
FI,h6221,0.0029364514341997465,scr2099,avaConv,solar
FI,h6222,0.024750687466364815,scr2099,avaConv,solar
FI,h6223,0.07577870464140489,scr2099,avaConv,solar
FI,h6224,0.16735827092957112,scr2099,avaConv,solar
FI,h6225,0.26859786289540927,scr2099,avaConv,solar
FI,h6226,0.3602170328347045,scr2099,avaConv,solar
FI,h6227,0.4129755561326997,scr2099,avaConv,solar
FI,h6228,0.4373420168723366,scr2099,avaConv,solar
FI,h6229,0.42410374272903667,scr2099,avaConv,solar
FI,h6230,0.37737140851730255,scr2099,avaConv,solar
FI,h6231,0.28545420889139345,scr2099,avaConv,solar
FI,h6232,0.1654811721611369,scr2099,avaConv,solar
FI,h6233,0.06487870519908312,scr2099,avaConv,solar
FI,h6234,0.010033364970219161,scr2099,avaConv,solar
FI,h6235,0.0,scr2099,avaConv,solar
FI,h6236,0.0,scr2099,avaConv,solar
FI,h6237,0.0,scr2099,avaConv,solar
FI,h6238,0.0,scr2099,avaConv,solar
FI,h6239,0.0,scr2099,avaConv,solar
FI,h6240,0.0,scr2099,avaConv,solar
FI,h6241,0.0,scr2099,avaConv,solar
FI,h6242,0.0,scr2099,avaConv,solar
FI,h6243,0.0,scr2099,avaConv,solar
FI,h6244,0.0,scr2099,avaConv,solar
FI,h6245,0.000496749430080929,scr2099,avaConv,solar
FI,h6246,0.008759101939091522,scr2099,avaConv,solar
FI,h6247,0.02899599681471621,scr2099,avaConv,solar
FI,h6248,0.0634185970238077,scr2099,avaConv,solar
FI,h6249,0.1009231272675459,scr2099,avaConv,solar
FI,h6250,0.13549395999410577,scr2099,avaConv,solar
FI,h6251,0.15788766784725308,scr2099,avaConv,solar
FI,h6252,0.16831647803384053,scr2099,avaConv,solar
FI,h6253,0.1569073996183441,scr2099,avaConv,solar
FI,h6254,0.1358416450118573,scr2099,avaConv,solar
FI,h6255,0.10218103919083836,scr2099,avaConv,solar
FI,h6256,0.0628301143866621,scr2099,avaConv,solar
FI,h6257,0.026614078920933364,scr2099,avaConv,solar
FI,h6258,0.004398646732063835,scr2099,avaConv,solar
FI,h6259,0.0,scr2099,avaConv,solar
FI,h6260,0.0,scr2099,avaConv,solar
FI,h6261,0.0,scr2099,avaConv,solar
FI,h6262,0.0,scr2099,avaConv,solar
FI,h6263,0.0,scr2099,avaConv,solar
FI,h6264,0.0,scr2099,avaConv,solar
FI,h6265,0.0,scr2099,avaConv,solar
FI,h6266,0.0,scr2099,avaConv,solar
FI,h6267,0.0,scr2099,avaConv,solar
FI,h6268,0.0,scr2099,avaConv,solar
FI,h6269,0.00019255994349353056,scr2099,avaConv,solar
FI,h6270,0.007958377632778768,scr2099,avaConv,solar
FI,h6271,0.030181825928446943,scr2099,avaConv,solar
FI,h6272,0.07141311742522774,scr2099,avaConv,solar
FI,h6273,0.11998809236263563,scr2099,avaConv,solar
FI,h6274,0.16355745318100667,scr2099,avaConv,solar
FI,h6275,0.19294826057341935,scr2099,avaConv,solar
FI,h6276,0.20704414454949155,scr2099,avaConv,solar
FI,h6277,0.20497844058439332,scr2099,avaConv,solar
FI,h6278,0.18578792016049195,scr2099,avaConv,solar
FI,h6279,0.14717892483273293,scr2099,avaConv,solar
FI,h6280,0.08851100096802066,scr2099,avaConv,solar
FI,h6281,0.0368441614643199,scr2099,avaConv,solar
FI,h6282,0.005513608482288671,scr2099,avaConv,solar
FI,h6283,0.0,scr2099,avaConv,solar
FI,h6284,0.0,scr2099,avaConv,solar
FI,h6285,0.0,scr2099,avaConv,solar
FI,h6286,0.0,scr2099,avaConv,solar
FI,h6287,0.0,scr2099,avaConv,solar
FI,h6288,0.0,scr2099,avaConv,solar
FI,h6289,0.0,scr2099,avaConv,solar
FI,h6290,0.0,scr2099,avaConv,solar
FI,h6291,0.0,scr2099,avaConv,solar
FI,h6292,0.0,scr2099,avaConv,solar
FI,h6293,0.0007058657051239004,scr2099,avaConv,solar
FI,h6294,0.014066729947818855,scr2099,avaConv,solar
FI,h6295,0.04833825662349612,scr2099,avaConv,solar
FI,h6296,0.10335437864482615,scr2099,avaConv,solar
FI,h6297,0.1575966480636963,scr2099,avaConv,solar
FI,h6298,0.20330202418615845,scr2099,avaConv,solar
FI,h6299,0.23082137296092142,scr2099,avaConv,solar
FI,h6300,0.25042733219428187,scr2099,avaConv,solar
FI,h6301,0.24971480983805722,scr2099,avaConv,solar
FI,h6302,0.23300493659634827,scr2099,avaConv,solar
FI,h6303,0.19283037269271372,scr2099,avaConv,solar
FI,h6304,0.12094025775892234,scr2099,avaConv,solar
FI,h6305,0.05432820754292757,scr2099,avaConv,solar
FI,h6306,0.008139463159761775,scr2099,avaConv,solar
FI,h6307,0.0,scr2099,avaConv,solar
FI,h6308,0.0,scr2099,avaConv,solar
FI,h6309,0.0,scr2099,avaConv,solar
FI,h6310,0.0,scr2099,avaConv,solar
FI,h6311,0.0,scr2099,avaConv,solar
FI,h6312,0.0,scr2099,avaConv,solar
FI,h6313,0.0,scr2099,avaConv,solar
FI,h6314,0.0,scr2099,avaConv,solar
FI,h6315,0.0,scr2099,avaConv,solar
FI,h6316,0.0,scr2099,avaConv,solar
FI,h6317,0.0011763933297302767,scr2099,avaConv,solar
FI,h6318,0.017926967723336584,scr2099,avaConv,solar
FI,h6319,0.06495731639899084,scr2099,avaConv,solar
FI,h6320,0.14104931836525536,scr2099,avaConv,solar
FI,h6321,0.21964905958575662,scr2099,avaConv,solar
FI,h6322,0.2781907211630321,scr2099,avaConv,solar
FI,h6323,0.3108180006326243,scr2099,avaConv,solar
FI,h6324,0.32502230541483196,scr2099,avaConv,solar
FI,h6325,0.3211949403402262,scr2099,avaConv,solar
FI,h6326,0.2961197267637624,scr2099,avaConv,solar
FI,h6327,0.24081373169844308,scr2099,avaConv,solar
FI,h6328,0.14616311430041562,scr2099,avaConv,solar
FI,h6329,0.061325187021091916,scr2099,avaConv,solar
FI,h6330,0.008141955263999868,scr2099,avaConv,solar
FI,h6331,0.0,scr2099,avaConv,solar
FI,h6332,0.0,scr2099,avaConv,solar
FI,h6333,0.0,scr2099,avaConv,solar
FI,h6334,0.0,scr2099,avaConv,solar
FI,h6335,0.0,scr2099,avaConv,solar
FI,h6336,0.0,scr2099,avaConv,solar
FI,h6337,0.0,scr2099,avaConv,solar
FI,h6338,0.0,scr2099,avaConv,solar
FI,h6339,0.0,scr2099,avaConv,solar
FI,h6340,0.0,scr2099,avaConv,solar
FI,h6341,0.0003990032423795296,scr2099,avaConv,solar
FI,h6342,0.008301222266534554,scr2099,avaConv,solar
FI,h6343,0.02845855946590558,scr2099,avaConv,solar
FI,h6344,0.062050562184366734,scr2099,avaConv,solar
FI,h6345,0.09910041529188791,scr2099,avaConv,solar
FI,h6346,0.1325390666256231,scr2099,avaConv,solar
FI,h6347,0.15267705064402404,scr2099,avaConv,solar
FI,h6348,0.1615942804639957,scr2099,avaConv,solar
FI,h6349,0.15711260502172453,scr2099,avaConv,solar
FI,h6350,0.13917624589684977,scr2099,avaConv,solar
FI,h6351,0.10363595424636032,scr2099,avaConv,solar
FI,h6352,0.05561942509747936,scr2099,avaConv,solar
FI,h6353,0.019680573364892616,scr2099,avaConv,solar
FI,h6354,0.0015966449343781713,scr2099,avaConv,solar
FI,h6355,0.0,scr2099,avaConv,solar
FI,h6356,0.0,scr2099,avaConv,solar
FI,h6357,0.0,scr2099,avaConv,solar
FI,h6358,0.0,scr2099,avaConv,solar
FI,h6359,0.0,scr2099,avaConv,solar
FI,h6360,0.0,scr2099,avaConv,solar
FI,h6361,0.0,scr2099,avaConv,solar
FI,h6362,0.0,scr2099,avaConv,solar
FI,h6363,0.0,scr2099,avaConv,solar
FI,h6364,0.0,scr2099,avaConv,solar
FI,h6365,0.00034891921645351836,scr2099,avaConv,solar
FI,h6366,0.01875277914336298,scr2099,avaConv,solar
FI,h6367,0.07604946917594436,scr2099,avaConv,solar
FI,h6368,0.18682366510142498,scr2099,avaConv,solar
FI,h6369,0.3205125223945053,scr2099,avaConv,solar
FI,h6370,0.44492618140687096,scr2099,avaConv,solar
FI,h6371,0.5306280351202622,scr2099,avaConv,solar
FI,h6372,0.5700709371192504,scr2099,avaConv,solar
FI,h6373,0.5651858384808275,scr2099,avaConv,solar
FI,h6374,0.5111155007783498,scr2099,avaConv,solar
FI,h6375,0.4032191814080013,scr2099,avaConv,solar
FI,h6376,0.23505176873102687,scr2099,avaConv,solar
FI,h6377,0.0924001406678414,scr2099,avaConv,solar
FI,h6378,0.010433301851747628,scr2099,avaConv,solar
FI,h6379,0.0,scr2099,avaConv,solar
FI,h6380,0.0,scr2099,avaConv,solar
FI,h6381,0.0,scr2099,avaConv,solar
FI,h6382,0.0,scr2099,avaConv,solar
FI,h6383,0.0,scr2099,avaConv,solar
FI,h6384,0.0,scr2099,avaConv,solar
FI,h6385,0.0,scr2099,avaConv,solar
FI,h6386,0.0,scr2099,avaConv,solar
FI,h6387,0.0,scr2099,avaConv,solar
FI,h6388,0.0,scr2099,avaConv,solar
FI,h6389,0.0001600859879535582,scr2099,avaConv,solar
FI,h6390,0.004215017559301248,scr2099,avaConv,solar
FI,h6391,0.015436513457370496,scr2099,avaConv,solar
FI,h6392,0.03347749063912927,scr2099,avaConv,solar
FI,h6393,0.05556161118580764,scr2099,avaConv,solar
FI,h6394,0.07410105902881045,scr2099,avaConv,solar
FI,h6395,0.09640274524073555,scr2099,avaConv,solar
FI,h6396,0.12072293940867572,scr2099,avaConv,solar
FI,h6397,0.15037107057449864,scr2099,avaConv,solar
FI,h6398,0.17848000223343277,scr2099,avaConv,solar
FI,h6399,0.1845974147477087,scr2099,avaConv,solar
FI,h6400,0.13185355773301782,scr2099,avaConv,solar
FI,h6401,0.06269075655331219,scr2099,avaConv,solar
FI,h6402,0.007510898685370324,scr2099,avaConv,solar
FI,h6403,0.0,scr2099,avaConv,solar
FI,h6404,0.0,scr2099,avaConv,solar
FI,h6405,0.0,scr2099,avaConv,solar
FI,h6406,0.0,scr2099,avaConv,solar
FI,h6407,0.0,scr2099,avaConv,solar
FI,h6408,0.0,scr2099,avaConv,solar
FI,h6409,0.0,scr2099,avaConv,solar
FI,h6410,0.0,scr2099,avaConv,solar
FI,h6411,0.0,scr2099,avaConv,solar
FI,h6412,0.0,scr2099,avaConv,solar
FI,h6413,0.0005959461757454178,scr2099,avaConv,solar
FI,h6414,0.022278624887848077,scr2099,avaConv,solar
FI,h6415,0.08236903350097184,scr2099,avaConv,solar
FI,h6416,0.1906260845960596,scr2099,avaConv,solar
FI,h6417,0.31394131038651685,scr2099,avaConv,solar
FI,h6418,0.4206745810455119,scr2099,avaConv,solar
FI,h6419,0.49342591374611405,scr2099,avaConv,solar
FI,h6420,0.5217512386345923,scr2099,avaConv,solar
FI,h6421,0.5167434996241635,scr2099,avaConv,solar
FI,h6422,0.4677661356515363,scr2099,avaConv,solar
FI,h6423,0.370090137164845,scr2099,avaConv,solar
FI,h6424,0.21361010741084138,scr2099,avaConv,solar
FI,h6425,0.08143517030072146,scr2099,avaConv,solar
FI,h6426,0.0072692255813990875,scr2099,avaConv,solar
FI,h6427,0.0,scr2099,avaConv,solar
FI,h6428,0.0,scr2099,avaConv,solar
FI,h6429,0.0,scr2099,avaConv,solar
FI,h6430,0.0,scr2099,avaConv,solar
FI,h6431,0.0,scr2099,avaConv,solar
FI,h6432,0.0,scr2099,avaConv,solar
FI,h6433,0.0,scr2099,avaConv,solar
FI,h6434,0.0,scr2099,avaConv,solar
FI,h6435,0.0,scr2099,avaConv,solar
FI,h6436,0.0,scr2099,avaConv,solar
FI,h6437,0.0003962103105256947,scr2099,avaConv,solar
FI,h6438,0.020147924504637756,scr2099,avaConv,solar
FI,h6439,0.07826008098486036,scr2099,avaConv,solar
FI,h6440,0.1961827008891628,scr2099,avaConv,solar
FI,h6441,0.3390948021440141,scr2099,avaConv,solar
FI,h6442,0.47096776900654447,scr2099,avaConv,solar
FI,h6443,0.5544967270452946,scr2099,avaConv,solar
FI,h6444,0.5859457847152306,scr2099,avaConv,solar
FI,h6445,0.5657623874574728,scr2099,avaConv,solar
FI,h6446,0.4906498828425252,scr2099,avaConv,solar
FI,h6447,0.3579206289212865,scr2099,avaConv,solar
FI,h6448,0.18982533354669778,scr2099,avaConv,solar
FI,h6449,0.06376113789754145,scr2099,avaConv,solar
FI,h6450,0.0035416818163104442,scr2099,avaConv,solar
FI,h6451,0.0,scr2099,avaConv,solar
FI,h6452,0.0,scr2099,avaConv,solar
FI,h6453,0.0,scr2099,avaConv,solar
FI,h6454,0.0,scr2099,avaConv,solar
FI,h6455,0.0,scr2099,avaConv,solar
FI,h6456,0.0,scr2099,avaConv,solar
FI,h6457,0.0,scr2099,avaConv,solar
FI,h6458,0.0,scr2099,avaConv,solar
FI,h6459,0.0,scr2099,avaConv,solar
FI,h6460,0.0,scr2099,avaConv,solar
FI,h6461,0.0,scr2099,avaConv,solar
FI,h6462,0.0055153608107700505,scr2099,avaConv,solar
FI,h6463,0.026734055350606384,scr2099,avaConv,solar
FI,h6464,0.07438844038299933,scr2099,avaConv,solar
FI,h6465,0.14088927913978921,scr2099,avaConv,solar
FI,h6466,0.21673238161536915,scr2099,avaConv,solar
FI,h6467,0.2856415916091531,scr2099,avaConv,solar
FI,h6468,0.3294850897908191,scr2099,avaConv,solar
FI,h6469,0.3399041325175589,scr2099,avaConv,solar
FI,h6470,0.2962949042168951,scr2099,avaConv,solar
FI,h6471,0.20818431917908972,scr2099,avaConv,solar
FI,h6472,0.10105504848096657,scr2099,avaConv,solar
FI,h6473,0.02863729656203671,scr2099,avaConv,solar
FI,h6474,0.0012509064349935607,scr2099,avaConv,solar
FI,h6475,0.0,scr2099,avaConv,solar
FI,h6476,0.0,scr2099,avaConv,solar
FI,h6477,0.0,scr2099,avaConv,solar
FI,h6478,0.0,scr2099,avaConv,solar
FI,h6479,0.0,scr2099,avaConv,solar
FI,h6480,0.0,scr2099,avaConv,solar
FI,h6481,0.0,scr2099,avaConv,solar
FI,h6482,0.0,scr2099,avaConv,solar
FI,h6483,0.0,scr2099,avaConv,solar
FI,h6484,0.0,scr2099,avaConv,solar
FI,h6485,0.0,scr2099,avaConv,solar
FI,h6486,0.008010303190835268,scr2099,avaConv,solar
FI,h6487,0.043317256110717774,scr2099,avaConv,solar
FI,h6488,0.11910460133370325,scr2099,avaConv,solar
FI,h6489,0.22162044568417044,scr2099,avaConv,solar
FI,h6490,0.32606335986630386,scr2099,avaConv,solar
FI,h6491,0.41688871478255596,scr2099,avaConv,solar
FI,h6492,0.4861693787675124,scr2099,avaConv,solar
FI,h6493,0.5137596603332949,scr2099,avaConv,solar
FI,h6494,0.48090955743211095,scr2099,avaConv,solar
FI,h6495,0.3732295602850464,scr2099,avaConv,solar
FI,h6496,0.2097550379096873,scr2099,avaConv,solar
FI,h6497,0.07614363648642254,scr2099,avaConv,solar
FI,h6498,0.005873188879643947,scr2099,avaConv,solar
FI,h6499,0.0,scr2099,avaConv,solar
FI,h6500,0.0,scr2099,avaConv,solar
FI,h6501,0.0,scr2099,avaConv,solar
FI,h6502,0.0,scr2099,avaConv,solar
FI,h6503,0.0,scr2099,avaConv,solar
FI,h6504,0.0,scr2099,avaConv,solar
FI,h6505,0.0,scr2099,avaConv,solar
FI,h6506,0.0,scr2099,avaConv,solar
FI,h6507,0.0,scr2099,avaConv,solar
FI,h6508,0.0,scr2099,avaConv,solar
FI,h6509,0.0,scr2099,avaConv,solar
FI,h6510,0.014117295771530614,scr2099,avaConv,solar
FI,h6511,0.061394202442724234,scr2099,avaConv,solar
FI,h6512,0.15875269644657075,scr2099,avaConv,solar
FI,h6513,0.2853221384875968,scr2099,avaConv,solar
FI,h6514,0.4022677770437686,scr2099,avaConv,solar
FI,h6515,0.48014020909634353,scr2099,avaConv,solar
FI,h6516,0.5068985690191521,scr2099,avaConv,solar
FI,h6517,0.48906156155037955,scr2099,avaConv,solar
FI,h6518,0.4235005414348585,scr2099,avaConv,solar
FI,h6519,0.2941317875561861,scr2099,avaConv,solar
FI,h6520,0.14806539062346957,scr2099,avaConv,solar
FI,h6521,0.039685971485731275,scr2099,avaConv,solar
FI,h6522,0.0018334477146329784,scr2099,avaConv,solar
FI,h6523,0.0,scr2099,avaConv,solar
FI,h6524,0.0,scr2099,avaConv,solar
FI,h6525,0.0,scr2099,avaConv,solar
FI,h6526,0.0,scr2099,avaConv,solar
FI,h6527,0.0,scr2099,avaConv,solar
FI,h6528,0.0,scr2099,avaConv,solar
FI,h6529,0.0,scr2099,avaConv,solar
FI,h6530,0.0,scr2099,avaConv,solar
FI,h6531,0.0,scr2099,avaConv,solar
FI,h6532,0.0,scr2099,avaConv,solar
FI,h6533,0.0,scr2099,avaConv,solar
FI,h6534,0.0016456343011747698,scr2099,avaConv,solar
FI,h6535,0.009735452782038665,scr2099,avaConv,solar
FI,h6536,0.026105837263047205,scr2099,avaConv,solar
FI,h6537,0.05018425430503381,scr2099,avaConv,solar
FI,h6538,0.07684856011693936,scr2099,avaConv,solar
FI,h6539,0.10219157690224,scr2099,avaConv,solar
FI,h6540,0.11929313385120832,scr2099,avaConv,solar
FI,h6541,0.13237453212903222,scr2099,avaConv,solar
FI,h6542,0.12764067201936896,scr2099,avaConv,solar
FI,h6543,0.11082749881873892,scr2099,avaConv,solar
FI,h6544,0.06397728314549868,scr2099,avaConv,solar
FI,h6545,0.026881056070831282,scr2099,avaConv,solar
FI,h6546,0.0016959596087510983,scr2099,avaConv,solar
FI,h6547,0.0,scr2099,avaConv,solar
FI,h6548,0.0,scr2099,avaConv,solar
FI,h6549,0.0,scr2099,avaConv,solar
FI,h6550,0.0,scr2099,avaConv,solar
FI,h6551,0.0,scr2099,avaConv,solar
FI,h6552,0.0,scr2099,avaConv,solar
FR,h5809,0.0,scr2099,avaConv,solar
FR,h5810,0.0,scr2099,avaConv,solar
FR,h5811,0.0,scr2099,avaConv,solar
FR,h5812,0.0,scr2099,avaConv,solar
FR,h5813,0.0,scr2099,avaConv,solar
FR,h5814,0.003729866466022648,scr2099,avaConv,solar
FR,h5815,0.04471610440933256,scr2099,avaConv,solar
FR,h5816,0.1370319232999773,scr2099,avaConv,solar
FR,h5817,0.27300914842745594,scr2099,avaConv,solar
FR,h5818,0.4045855975237036,scr2099,avaConv,solar
FR,h5819,0.5153700744864468,scr2099,avaConv,solar
FR,h5820,0.5951662202281398,scr2099,avaConv,solar
FR,h5821,0.6333169475493858,scr2099,avaConv,solar
FR,h5822,0.6227524503446868,scr2099,avaConv,solar
FR,h5823,0.5650571933084437,scr2099,avaConv,solar
FR,h5824,0.45943607778270434,scr2099,avaConv,solar
FR,h5825,0.29547721639818314,scr2099,avaConv,solar
FR,h5826,0.15060111708939344,scr2099,avaConv,solar
FR,h5827,0.04482060254190819,scr2099,avaConv,solar
FR,h5828,0.012947247432745413,scr2099,avaConv,solar
FR,h5829,0.0,scr2099,avaConv,solar
FR,h5830,0.0,scr2099,avaConv,solar
FR,h5831,0.0,scr2099,avaConv,solar
FR,h5832,0.0,scr2099,avaConv,solar
FR,h5833,0.0,scr2099,avaConv,solar
FR,h5834,0.0,scr2099,avaConv,solar
FR,h5835,0.0,scr2099,avaConv,solar
FR,h5836,0.0,scr2099,avaConv,solar
FR,h5837,0.0,scr2099,avaConv,solar
FR,h5838,0.002632726308068426,scr2099,avaConv,solar
FR,h5839,0.025374537487972193,scr2099,avaConv,solar
FR,h5840,0.07698543162648393,scr2099,avaConv,solar
FR,h5841,0.15431208902770038,scr2099,avaConv,solar
FR,h5842,0.23755561674416098,scr2099,avaConv,solar
FR,h5843,0.3196668232521338,scr2099,avaConv,solar
FR,h5844,0.3805836908243702,scr2099,avaConv,solar
FR,h5845,0.4120044328492802,scr2099,avaConv,solar
FR,h5846,0.4093742707277656,scr2099,avaConv,solar
FR,h5847,0.3761199116014275,scr2099,avaConv,solar
FR,h5848,0.3140381916643864,scr2099,avaConv,solar
FR,h5849,0.20514279992568019,scr2099,avaConv,solar
FR,h5850,0.11026512328842417,scr2099,avaConv,solar
FR,h5851,0.034633952553975084,scr2099,avaConv,solar
FR,h5852,0.010440385163386735,scr2099,avaConv,solar
FR,h5853,0.0,scr2099,avaConv,solar
FR,h5854,0.0,scr2099,avaConv,solar
FR,h5855,0.0,scr2099,avaConv,solar
FR,h5856,0.0,scr2099,avaConv,solar
FR,h5857,0.0,scr2099,avaConv,solar
FR,h5858,0.0,scr2099,avaConv,solar
FR,h5859,0.0,scr2099,avaConv,solar
FR,h5860,0.0,scr2099,avaConv,solar
FR,h5861,0.0,scr2099,avaConv,solar
FR,h5862,0.0022356901911207605,scr2099,avaConv,solar
FR,h5863,0.03241233392473442,scr2099,avaConv,solar
FR,h5864,0.1051041761141168,scr2099,avaConv,solar
FR,h5865,0.22348818063819828,scr2099,avaConv,solar
FR,h5866,0.3569814101256008,scr2099,avaConv,solar
FR,h5867,0.4839427849053487,scr2099,avaConv,solar
FR,h5868,0.5945463506342958,scr2099,avaConv,solar
FR,h5869,0.6639131594210587,scr2099,avaConv,solar
FR,h5870,0.6820479673286389,scr2099,avaConv,solar
FR,h5871,0.6366209376427225,scr2099,avaConv,solar
FR,h5872,0.529917662242641,scr2099,avaConv,solar
FR,h5873,0.34923771474253484,scr2099,avaConv,solar
FR,h5874,0.18583585230324007,scr2099,avaConv,solar
FR,h5875,0.058940111388357384,scr2099,avaConv,solar
FR,h5876,0.018304641360872263,scr2099,avaConv,solar
FR,h5877,0.0,scr2099,avaConv,solar
FR,h5878,0.0,scr2099,avaConv,solar
FR,h5879,0.0,scr2099,avaConv,solar
FR,h5880,0.0,scr2099,avaConv,solar
FR,h5881,0.0,scr2099,avaConv,solar
FR,h5882,0.0,scr2099,avaConv,solar
FR,h5883,0.0,scr2099,avaConv,solar
FR,h5884,0.0,scr2099,avaConv,solar
FR,h5885,0.0,scr2099,avaConv,solar
FR,h5886,0.0032132871208738335,scr2099,avaConv,solar
FR,h5887,0.039762504257492885,scr2099,avaConv,solar
FR,h5888,0.12367231195768402,scr2099,avaConv,solar
FR,h5889,0.24841926053952462,scr2099,avaConv,solar
FR,h5890,0.37521144607454615,scr2099,avaConv,solar
FR,h5891,0.48712664421558105,scr2099,avaConv,solar
FR,h5892,0.5722188751654302,scr2099,avaConv,solar
FR,h5893,0.6137900358397939,scr2099,avaConv,solar
FR,h5894,0.6059455159220977,scr2099,avaConv,solar
FR,h5895,0.5470363225472937,scr2099,avaConv,solar
FR,h5896,0.4413274474749328,scr2099,avaConv,solar
FR,h5897,0.2804545219844644,scr2099,avaConv,solar
FR,h5898,0.14236742250304146,scr2099,avaConv,solar
FR,h5899,0.04243503522603115,scr2099,avaConv,solar
FR,h5900,0.012225092564168304,scr2099,avaConv,solar
FR,h5901,0.0,scr2099,avaConv,solar
FR,h5902,0.0,scr2099,avaConv,solar
FR,h5903,0.0,scr2099,avaConv,solar
FR,h5904,0.0,scr2099,avaConv,solar
FR,h5905,0.0,scr2099,avaConv,solar
FR,h5906,0.0,scr2099,avaConv,solar
FR,h5907,0.0,scr2099,avaConv,solar
FR,h5908,0.0,scr2099,avaConv,solar
FR,h5909,0.0,scr2099,avaConv,solar
FR,h5910,0.0021605342506870896,scr2099,avaConv,solar
FR,h5911,0.0339524243916274,scr2099,avaConv,solar
FR,h5912,0.11136432868353213,scr2099,avaConv,solar
FR,h5913,0.23607047002835524,scr2099,avaConv,solar
FR,h5914,0.36950955092401183,scr2099,avaConv,solar
FR,h5915,0.4908636663055817,scr2099,avaConv,solar
FR,h5916,0.5881788773055108,scr2099,avaConv,solar
FR,h5917,0.6514149790905734,scr2099,avaConv,solar
FR,h5918,0.6701602677646011,scr2099,avaConv,solar
FR,h5919,0.6313800769515815,scr2099,avaConv,solar
FR,h5920,0.5298471478776867,scr2099,avaConv,solar
FR,h5921,0.350166150139179,scr2099,avaConv,solar
FR,h5922,0.1869718944097846,scr2099,avaConv,solar
FR,h5923,0.059441806122786434,scr2099,avaConv,solar
FR,h5924,0.01807751125201229,scr2099,avaConv,solar
FR,h5925,0.0,scr2099,avaConv,solar
FR,h5926,0.0,scr2099,avaConv,solar
FR,h5927,0.0,scr2099,avaConv,solar
FR,h5928,0.0,scr2099,avaConv,solar
FR,h5929,0.0,scr2099,avaConv,solar
FR,h5930,0.0,scr2099,avaConv,solar
FR,h5931,0.0,scr2099,avaConv,solar
FR,h5932,0.0,scr2099,avaConv,solar
FR,h5933,0.0,scr2099,avaConv,solar
FR,h5934,0.002652102594634816,scr2099,avaConv,solar
FR,h5935,0.04616617916524394,scr2099,avaConv,solar
FR,h5936,0.14837661922333137,scr2099,avaConv,solar
FR,h5937,0.3031845838210551,scr2099,avaConv,solar
FR,h5938,0.454541002204443,scr2099,avaConv,solar
FR,h5939,0.5798305815126976,scr2099,avaConv,solar
FR,h5940,0.6699358522726617,scr2099,avaConv,solar
FR,h5941,0.7139957964738359,scr2099,avaConv,solar
FR,h5942,0.7051396435740396,scr2099,avaConv,solar
FR,h5943,0.642545258486064,scr2099,avaConv,solar
FR,h5944,0.526156186444853,scr2099,avaConv,solar
FR,h5945,0.34220257593852105,scr2099,avaConv,solar
FR,h5946,0.17756332725401786,scr2099,avaConv,solar
FR,h5947,0.05398823123302845,scr2099,avaConv,solar
FR,h5948,0.015435487175989296,scr2099,avaConv,solar
FR,h5949,0.0,scr2099,avaConv,solar
FR,h5950,0.0,scr2099,avaConv,solar
FR,h5951,0.0,scr2099,avaConv,solar
FR,h5952,0.0,scr2099,avaConv,solar
FR,h5953,0.0,scr2099,avaConv,solar
FR,h5954,0.0,scr2099,avaConv,solar
FR,h5955,0.0,scr2099,avaConv,solar
FR,h5956,0.0,scr2099,avaConv,solar
FR,h5957,0.0,scr2099,avaConv,solar
FR,h5958,0.002162047895049767,scr2099,avaConv,solar
FR,h5959,0.03985124675614256,scr2099,avaConv,solar
FR,h5960,0.13292673239887645,scr2099,avaConv,solar
FR,h5961,0.27862966299489383,scr2099,avaConv,solar
FR,h5962,0.42657845604527145,scr2099,avaConv,solar
FR,h5963,0.5494471551662153,scr2099,avaConv,solar
FR,h5964,0.6350814906611331,scr2099,avaConv,solar
FR,h5965,0.6756784338954013,scr2099,avaConv,solar
FR,h5966,0.6663752502491287,scr2099,avaConv,solar
FR,h5967,0.6044183031672127,scr2099,avaConv,solar
FR,h5968,0.4906420060307252,scr2099,avaConv,solar
FR,h5969,0.3139870497222079,scr2099,avaConv,solar
FR,h5970,0.158206442765812,scr2099,avaConv,solar
FR,h5971,0.04552019460634312,scr2099,avaConv,solar
FR,h5972,0.011915598430754045,scr2099,avaConv,solar
FR,h5973,0.0,scr2099,avaConv,solar
FR,h5974,0.0,scr2099,avaConv,solar
FR,h5975,0.0,scr2099,avaConv,solar
FR,h5976,0.0,scr2099,avaConv,solar
FR,h5977,0.0,scr2099,avaConv,solar
FR,h5978,0.0,scr2099,avaConv,solar
FR,h5979,0.0,scr2099,avaConv,solar
FR,h5980,0.0,scr2099,avaConv,solar
FR,h5981,0.0,scr2099,avaConv,solar
FR,h5982,0.0015367548600951043,scr2099,avaConv,solar
FR,h5983,0.029327561592121368,scr2099,avaConv,solar
FR,h5984,0.09868182906890266,scr2099,avaConv,solar
FR,h5985,0.21211535872455478,scr2099,avaConv,solar
FR,h5986,0.3368070317140858,scr2099,avaConv,solar
FR,h5987,0.4564919708655081,scr2099,avaConv,solar
FR,h5988,0.5551492423530953,scr2099,avaConv,solar
FR,h5989,0.6232371111067194,scr2099,avaConv,solar
FR,h5990,0.6420824650354156,scr2099,avaConv,solar
FR,h5991,0.6067374864028153,scr2099,avaConv,solar
FR,h5992,0.5081024828984183,scr2099,avaConv,solar
FR,h5993,0.33580173933540886,scr2099,avaConv,solar
FR,h5994,0.17369001838398118,scr2099,avaConv,solar
FR,h5995,0.05192998243606906,scr2099,avaConv,solar
FR,h5996,0.013229535491333952,scr2099,avaConv,solar
FR,h5997,0.0,scr2099,avaConv,solar
FR,h5998,0.0,scr2099,avaConv,solar
FR,h5999,0.0,scr2099,avaConv,solar
FR,h6000,0.0,scr2099,avaConv,solar
FR,h6001,0.0,scr2099,avaConv,solar
FR,h6002,0.0,scr2099,avaConv,solar
FR,h6003,0.0,scr2099,avaConv,solar
FR,h6004,0.0,scr2099,avaConv,solar
FR,h6005,0.0,scr2099,avaConv,solar
FR,h6006,0.0013960846897690348,scr2099,avaConv,solar
FR,h6007,0.03512258004440558,scr2099,avaConv,solar
FR,h6008,0.11897893458148752,scr2099,avaConv,solar
FR,h6009,0.2512752326680052,scr2099,avaConv,solar
FR,h6010,0.38722074193855177,scr2099,avaConv,solar
FR,h6011,0.5055850269011208,scr2099,avaConv,solar
FR,h6012,0.5942811617875435,scr2099,avaConv,solar
FR,h6013,0.6435414981915918,scr2099,avaConv,solar
FR,h6014,0.6435665315833091,scr2099,avaConv,solar
FR,h6015,0.5952559158209748,scr2099,avaConv,solar
FR,h6016,0.4960109066454015,scr2099,avaConv,solar
FR,h6017,0.3300324458587854,scr2099,avaConv,solar
FR,h6018,0.1718029534174458,scr2099,avaConv,solar
FR,h6019,0.05179472331706361,scr2099,avaConv,solar
FR,h6020,0.01246766604808892,scr2099,avaConv,solar
FR,h6021,0.0,scr2099,avaConv,solar
FR,h6022,0.0,scr2099,avaConv,solar
FR,h6023,0.0,scr2099,avaConv,solar
FR,h6024,0.0,scr2099,avaConv,solar
FR,h6025,0.0,scr2099,avaConv,solar
FR,h6026,0.0,scr2099,avaConv,solar
FR,h6027,0.0,scr2099,avaConv,solar
FR,h6028,0.0,scr2099,avaConv,solar
FR,h6029,0.0,scr2099,avaConv,solar
FR,h6030,0.0011361743038072146,scr2099,avaConv,solar
FR,h6031,0.03444593928490124,scr2099,avaConv,solar
FR,h6032,0.12108679995739241,scr2099,avaConv,solar
FR,h6033,0.25731112034199755,scr2099,avaConv,solar
FR,h6034,0.39760711727485226,scr2099,avaConv,solar
FR,h6035,0.5181528092362307,scr2099,avaConv,solar
FR,h6036,0.6197436483532087,scr2099,avaConv,solar
FR,h6037,0.6817099701885088,scr2099,avaConv,solar
FR,h6038,0.6924474642314915,scr2099,avaConv,solar
FR,h6039,0.6395833521112707,scr2099,avaConv,solar
FR,h6040,0.529560878597837,scr2099,avaConv,solar
FR,h6041,0.3497876182350339,scr2099,avaConv,solar
FR,h6042,0.1793390039065909,scr2099,avaConv,solar
FR,h6043,0.053707490790225514,scr2099,avaConv,solar
FR,h6044,0.01228890040764641,scr2099,avaConv,solar
FR,h6045,0.0,scr2099,avaConv,solar
FR,h6046,0.0,scr2099,avaConv,solar
FR,h6047,0.0,scr2099,avaConv,solar
FR,h6048,0.0,scr2099,avaConv,solar
FR,h6049,0.0,scr2099,avaConv,solar
FR,h6050,0.0,scr2099,avaConv,solar
FR,h6051,0.0,scr2099,avaConv,solar
FR,h6052,0.0,scr2099,avaConv,solar
FR,h6053,0.0,scr2099,avaConv,solar
FR,h6054,0.0009621619800159671,scr2099,avaConv,solar
FR,h6055,0.035666614963594294,scr2099,avaConv,solar
FR,h6056,0.12704292564924002,scr2099,avaConv,solar
FR,h6057,0.2730683499052916,scr2099,avaConv,solar
FR,h6058,0.4232523531209491,scr2099,avaConv,solar
FR,h6059,0.5476126068811216,scr2099,avaConv,solar
FR,h6060,0.6362393656545564,scr2099,avaConv,solar
FR,h6061,0.6797627956972961,scr2099,avaConv,solar
FR,h6062,0.6741711916913596,scr2099,avaConv,solar
FR,h6063,0.6184269298420345,scr2099,avaConv,solar
FR,h6064,0.5110985431201378,scr2099,avaConv,solar
FR,h6065,0.33946588172233666,scr2099,avaConv,solar
FR,h6066,0.17373818805158778,scr2099,avaConv,solar
FR,h6067,0.052292934908036534,scr2099,avaConv,solar
FR,h6068,0.010919625120960381,scr2099,avaConv,solar
FR,h6069,0.0,scr2099,avaConv,solar
FR,h6070,0.0,scr2099,avaConv,solar
FR,h6071,0.0,scr2099,avaConv,solar
FR,h6072,0.0,scr2099,avaConv,solar
FR,h6073,0.0,scr2099,avaConv,solar
FR,h6074,0.0,scr2099,avaConv,solar
FR,h6075,0.0,scr2099,avaConv,solar
FR,h6076,0.0,scr2099,avaConv,solar
FR,h6077,0.0,scr2099,avaConv,solar
FR,h6078,0.0005923245257306051,scr2099,avaConv,solar
FR,h6079,0.028681358977029708,scr2099,avaConv,solar
FR,h6080,0.10635869318465643,scr2099,avaConv,solar
FR,h6081,0.23411385784878058,scr2099,avaConv,solar
FR,h6082,0.3724245255657379,scr2099,avaConv,solar
FR,h6083,0.49588613419079364,scr2099,avaConv,solar
FR,h6084,0.5910421695600053,scr2099,avaConv,solar
FR,h6085,0.6451928215111965,scr2099,avaConv,solar
FR,h6086,0.6451937302077188,scr2099,avaConv,solar
FR,h6087,0.5906797906782881,scr2099,avaConv,solar
FR,h6088,0.48250241757358137,scr2099,avaConv,solar
FR,h6089,0.3148076650342775,scr2099,avaConv,solar
FR,h6090,0.15572104496007716,scr2099,avaConv,solar
FR,h6091,0.0438847391670076,scr2099,avaConv,solar
FR,h6092,0.007760873910594364,scr2099,avaConv,solar
FR,h6093,0.0,scr2099,avaConv,solar
FR,h6094,0.0,scr2099,avaConv,solar
FR,h6095,0.0,scr2099,avaConv,solar
FR,h6096,0.0,scr2099,avaConv,solar
FR,h6097,0.0,scr2099,avaConv,solar
FR,h6098,0.0,scr2099,avaConv,solar
FR,h6099,0.0,scr2099,avaConv,solar
FR,h6100,0.0,scr2099,avaConv,solar
FR,h6101,0.0,scr2099,avaConv,solar
FR,h6102,0.0004256259514615072,scr2099,avaConv,solar
FR,h6103,0.02338082465605528,scr2099,avaConv,solar
FR,h6104,0.08829664272707353,scr2099,avaConv,solar
FR,h6105,0.1985995831243691,scr2099,avaConv,solar
FR,h6106,0.3219226975542569,scr2099,avaConv,solar
FR,h6107,0.43157920490728646,scr2099,avaConv,solar
FR,h6108,0.5142430973294092,scr2099,avaConv,solar
FR,h6109,0.5632909360602706,scr2099,avaConv,solar
FR,h6110,0.5785433123653707,scr2099,avaConv,solar
FR,h6111,0.5471080854071324,scr2099,avaConv,solar
FR,h6112,0.46123594347049635,scr2099,avaConv,solar
FR,h6113,0.3052912569598038,scr2099,avaConv,solar
FR,h6114,0.15188122080312833,scr2099,avaConv,solar
FR,h6115,0.04305345997989773,scr2099,avaConv,solar
FR,h6116,0.007132499036010104,scr2099,avaConv,solar
FR,h6117,0.0,scr2099,avaConv,solar
FR,h6118,0.0,scr2099,avaConv,solar
FR,h6119,0.0,scr2099,avaConv,solar
FR,h6120,0.0,scr2099,avaConv,solar
FR,h6121,0.0,scr2099,avaConv,solar
FR,h6122,0.0,scr2099,avaConv,solar
FR,h6123,0.0,scr2099,avaConv,solar
FR,h6124,0.0,scr2099,avaConv,solar
FR,h6125,0.0,scr2099,avaConv,solar
FR,h6126,0.0004359874218153317,scr2099,avaConv,solar
FR,h6127,0.02775502412220539,scr2099,avaConv,solar
FR,h6128,0.10751561838651207,scr2099,avaConv,solar
FR,h6129,0.24098094167042447,scr2099,avaConv,solar
FR,h6130,0.3868903698921084,scr2099,avaConv,solar
FR,h6131,0.5123730124761634,scr2099,avaConv,solar
FR,h6132,0.5996680456063761,scr2099,avaConv,solar
FR,h6133,0.6407521880461755,scr2099,avaConv,solar
FR,h6134,0.6323851351651916,scr2099,avaConv,solar
FR,h6135,0.5800164719797404,scr2099,avaConv,solar
FR,h6136,0.4783657443868285,scr2099,avaConv,solar
FR,h6137,0.31900731900713397,scr2099,avaConv,solar
FR,h6138,0.15862977513647447,scr2099,avaConv,solar
FR,h6139,0.04638669964355089,scr2099,avaConv,solar
FR,h6140,0.006847959634061822,scr2099,avaConv,solar
FR,h6141,0.0,scr2099,avaConv,solar
FR,h6142,0.0,scr2099,avaConv,solar
FR,h6143,0.0,scr2099,avaConv,solar
FR,h6144,0.0,scr2099,avaConv,solar
FR,h6145,0.0,scr2099,avaConv,solar
FR,h6146,0.0,scr2099,avaConv,solar
FR,h6147,0.0,scr2099,avaConv,solar
FR,h6148,0.0,scr2099,avaConv,solar
FR,h6149,0.0,scr2099,avaConv,solar
FR,h6150,0.00023926356761939038,scr2099,avaConv,solar
FR,h6151,0.009722906836046825,scr2099,avaConv,solar
FR,h6152,0.04591362280909427,scr2099,avaConv,solar
FR,h6153,0.10986718590049746,scr2099,avaConv,solar
FR,h6154,0.18611799839640747,scr2099,avaConv,solar
FR,h6155,0.2601356457699856,scr2099,avaConv,solar
FR,h6156,0.3301829598597797,scr2099,avaConv,solar
FR,h6157,0.3897297192135708,scr2099,avaConv,solar
FR,h6158,0.4260393160439205,scr2099,avaConv,solar
FR,h6159,0.42553702265492527,scr2099,avaConv,solar
FR,h6160,0.37796440169341416,scr2099,avaConv,solar
FR,h6161,0.2638474295041406,scr2099,avaConv,solar
FR,h6162,0.13411898881713907,scr2099,avaConv,solar
FR,h6163,0.038569445133904076,scr2099,avaConv,solar
FR,h6164,0.0049024933090797765,scr2099,avaConv,solar
FR,h6165,0.0,scr2099,avaConv,solar
FR,h6166,0.0,scr2099,avaConv,solar
FR,h6167,0.0,scr2099,avaConv,solar
FR,h6168,0.0,scr2099,avaConv,solar
FR,h6169,0.0,scr2099,avaConv,solar
FR,h6170,0.0,scr2099,avaConv,solar
FR,h6171,0.0,scr2099,avaConv,solar
FR,h6172,0.0,scr2099,avaConv,solar
FR,h6173,0.0,scr2099,avaConv,solar
FR,h6174,0.00029843482760492945,scr2099,avaConv,solar
FR,h6175,0.015542264099075654,scr2099,avaConv,solar
FR,h6176,0.06688056981995456,scr2099,avaConv,solar
FR,h6177,0.1617010555990997,scr2099,avaConv,solar
FR,h6178,0.28286614650516173,scr2099,avaConv,solar
FR,h6179,0.4030597613937018,scr2099,avaConv,solar
FR,h6180,0.5091820197057869,scr2099,avaConv,solar
FR,h6181,0.5825375906783945,scr2099,avaConv,solar
FR,h6182,0.6092516199108118,scr2099,avaConv,solar
FR,h6183,0.5801570921990423,scr2099,avaConv,solar
FR,h6184,0.49339334746571684,scr2099,avaConv,solar
FR,h6185,0.3408872349549469,scr2099,avaConv,solar
FR,h6186,0.17604090720787496,scr2099,avaConv,solar
FR,h6187,0.0542289132920004,scr2099,avaConv,solar
FR,h6188,0.007754286248368161,scr2099,avaConv,solar
FR,h6189,0.0,scr2099,avaConv,solar
FR,h6190,0.0,scr2099,avaConv,solar
FR,h6191,0.0,scr2099,avaConv,solar
FR,h6192,0.0,scr2099,avaConv,solar
FR,h6193,0.0,scr2099,avaConv,solar
FR,h6194,0.0,scr2099,avaConv,solar
FR,h6195,0.0,scr2099,avaConv,solar
FR,h6196,0.0,scr2099,avaConv,solar
FR,h6197,0.0,scr2099,avaConv,solar
FR,h6198,0.00028444025062299074,scr2099,avaConv,solar
FR,h6199,0.030200146730334446,scr2099,avaConv,solar
FR,h6200,0.11996108201730869,scr2099,avaConv,solar
FR,h6201,0.2685836848175384,scr2099,avaConv,solar
FR,h6202,0.4318616790984779,scr2099,avaConv,solar
FR,h6203,0.5696089552310035,scr2099,avaConv,solar
FR,h6204,0.6751826911537137,scr2099,avaConv,solar
FR,h6205,0.7282383914953557,scr2099,avaConv,solar
FR,h6206,0.724339397504457,scr2099,avaConv,solar
FR,h6207,0.661488648915068,scr2099,avaConv,solar
FR,h6208,0.548115988604135,scr2099,avaConv,solar
FR,h6209,0.3743147331916081,scr2099,avaConv,solar
FR,h6210,0.19048562633816649,scr2099,avaConv,solar
FR,h6211,0.05800218553876268,scr2099,avaConv,solar
FR,h6212,0.007011555076267726,scr2099,avaConv,solar
FR,h6213,0.0,scr2099,avaConv,solar
FR,h6214,0.0,scr2099,avaConv,solar
FR,h6215,0.0,scr2099,avaConv,solar
FR,h6216,0.0,scr2099,avaConv,solar
FR,h6217,0.0,scr2099,avaConv,solar
FR,h6218,0.0,scr2099,avaConv,solar
FR,h6219,0.0,scr2099,avaConv,solar
FR,h6220,0.0,scr2099,avaConv,solar
FR,h6221,0.0,scr2099,avaConv,solar
FR,h6222,0.00020082787702638497,scr2099,avaConv,solar
FR,h6223,0.016336240805076657,scr2099,avaConv,solar
FR,h6224,0.06644658130167941,scr2099,avaConv,solar
FR,h6225,0.15443076675273307,scr2099,avaConv,solar
FR,h6226,0.2586697913951153,scr2099,avaConv,solar
FR,h6227,0.35176395654623965,scr2099,avaConv,solar
FR,h6228,0.42596253586512306,scr2099,avaConv,solar
FR,h6229,0.47607041584681264,scr2099,avaConv,solar
FR,h6230,0.506978693568724,scr2099,avaConv,solar
FR,h6231,0.5035650837122424,scr2099,avaConv,solar
FR,h6232,0.4448635854570269,scr2099,avaConv,solar
FR,h6233,0.3136951804511906,scr2099,avaConv,solar
FR,h6234,0.158723675070541,scr2099,avaConv,solar
FR,h6235,0.0477591557535719,scr2099,avaConv,solar
FR,h6236,0.004766720811801687,scr2099,avaConv,solar
FR,h6237,0.0,scr2099,avaConv,solar
FR,h6238,0.0,scr2099,avaConv,solar
FR,h6239,0.0,scr2099,avaConv,solar
FR,h6240,0.0,scr2099,avaConv,solar
FR,h6241,0.0,scr2099,avaConv,solar
FR,h6242,0.0,scr2099,avaConv,solar
FR,h6243,0.0,scr2099,avaConv,solar
FR,h6244,0.0,scr2099,avaConv,solar
FR,h6245,0.0,scr2099,avaConv,solar
FR,h6246,0.00014641069571286351,scr2099,avaConv,solar
FR,h6247,0.02346986946019579,scr2099,avaConv,solar
FR,h6248,0.10067910730981754,scr2099,avaConv,solar
FR,h6249,0.23647623045689423,scr2099,avaConv,solar
FR,h6250,0.39570868301979606,scr2099,avaConv,solar
FR,h6251,0.5342958907816184,scr2099,avaConv,solar
FR,h6252,0.6414593630708616,scr2099,avaConv,solar
FR,h6253,0.6996827417450622,scr2099,avaConv,solar
FR,h6254,0.7085561345177503,scr2099,avaConv,solar
FR,h6255,0.6570323057916552,scr2099,avaConv,solar
FR,h6256,0.5487790640326322,scr2099,avaConv,solar
FR,h6257,0.3754883677696846,scr2099,avaConv,solar
FR,h6258,0.18882798466968762,scr2099,avaConv,solar
FR,h6259,0.05728317042304851,scr2099,avaConv,solar
FR,h6260,0.005560013792022382,scr2099,avaConv,solar
FR,h6261,0.0,scr2099,avaConv,solar
FR,h6262,0.0,scr2099,avaConv,solar
FR,h6263,0.0,scr2099,avaConv,solar
FR,h6264,0.0,scr2099,avaConv,solar
FR,h6265,0.0,scr2099,avaConv,solar
FR,h6266,0.0,scr2099,avaConv,solar
FR,h6267,0.0,scr2099,avaConv,solar
FR,h6268,0.0,scr2099,avaConv,solar
FR,h6269,0.0,scr2099,avaConv,solar
FR,h6270,0.00010959023821348625,scr2099,avaConv,solar
FR,h6271,0.025058117917549097,scr2099,avaConv,solar
FR,h6272,0.10811123481794109,scr2099,avaConv,solar
FR,h6273,0.2507340511944418,scr2099,avaConv,solar
FR,h6274,0.41134557958627893,scr2099,avaConv,solar
FR,h6275,0.5466575464262808,scr2099,avaConv,solar
FR,h6276,0.6453652216634683,scr2099,avaConv,solar
FR,h6277,0.7002595273400893,scr2099,avaConv,solar
FR,h6278,0.7031901365188398,scr2099,avaConv,solar
FR,h6279,0.6527369294340628,scr2099,avaConv,solar
FR,h6280,0.5470978528716842,scr2099,avaConv,solar
FR,h6281,0.37809902809095586,scr2099,avaConv,solar
FR,h6282,0.1916353703987998,scr2099,avaConv,solar
FR,h6283,0.05803914886701205,scr2099,avaConv,solar
FR,h6284,0.005239710467731565,scr2099,avaConv,solar
FR,h6285,0.0,scr2099,avaConv,solar
FR,h6286,0.0,scr2099,avaConv,solar
FR,h6287,0.0,scr2099,avaConv,solar
FR,h6288,0.0,scr2099,avaConv,solar
FR,h6289,0.0,scr2099,avaConv,solar
FR,h6290,0.0,scr2099,avaConv,solar
FR,h6291,0.0,scr2099,avaConv,solar
FR,h6292,0.0,scr2099,avaConv,solar
FR,h6293,0.0,scr2099,avaConv,solar
FR,h6294,0.0,scr2099,avaConv,solar
FR,h6295,0.02076574923125358,scr2099,avaConv,solar
FR,h6296,0.09832826033011711,scr2099,avaConv,solar
FR,h6297,0.23895221890722243,scr2099,avaConv,solar
FR,h6298,0.40343733426420336,scr2099,avaConv,solar
FR,h6299,0.543564031056316,scr2099,avaConv,solar
FR,h6300,0.6430719633159859,scr2099,avaConv,solar
FR,h6301,0.6972374218662479,scr2099,avaConv,solar
FR,h6302,0.6999054556748305,scr2099,avaConv,solar
FR,h6303,0.6486703218186021,scr2099,avaConv,solar
FR,h6304,0.5432010271004767,scr2099,avaConv,solar
FR,h6305,0.3739131515603885,scr2099,avaConv,solar
FR,h6306,0.18784209014632336,scr2099,avaConv,solar
FR,h6307,0.05608013312818536,scr2099,avaConv,solar
FR,h6308,0.004528347044653706,scr2099,avaConv,solar
FR,h6309,0.0,scr2099,avaConv,solar
FR,h6310,0.0,scr2099,avaConv,solar
FR,h6311,0.0,scr2099,avaConv,solar
FR,h6312,0.0,scr2099,avaConv,solar
FR,h6313,0.0,scr2099,avaConv,solar
FR,h6314,0.0,scr2099,avaConv,solar
FR,h6315,0.0,scr2099,avaConv,solar
FR,h6316,0.0,scr2099,avaConv,solar
FR,h6317,0.0,scr2099,avaConv,solar
FR,h6318,0.0,scr2099,avaConv,solar
FR,h6319,0.022896621410720876,scr2099,avaConv,solar
FR,h6320,0.10290205402813486,scr2099,avaConv,solar
FR,h6321,0.24205587436464637,scr2099,avaConv,solar
FR,h6322,0.40143028656589075,scr2099,avaConv,solar
FR,h6323,0.5364349718684241,scr2099,avaConv,solar
FR,h6324,0.6357036907109559,scr2099,avaConv,solar
FR,h6325,0.690375940767671,scr2099,avaConv,solar
FR,h6326,0.6940762534432834,scr2099,avaConv,solar
FR,h6327,0.6442341991709428,scr2099,avaConv,solar
FR,h6328,0.5409613230058701,scr2099,avaConv,solar
FR,h6329,0.3731813638505642,scr2099,avaConv,solar
FR,h6330,0.18732692415241423,scr2099,avaConv,solar
FR,h6331,0.05542939236935671,scr2099,avaConv,solar
FR,h6332,0.004085105432014366,scr2099,avaConv,solar
FR,h6333,0.0,scr2099,avaConv,solar
FR,h6334,0.0,scr2099,avaConv,solar
FR,h6335,0.0,scr2099,avaConv,solar
FR,h6336,0.0,scr2099,avaConv,solar
FR,h6337,0.0,scr2099,avaConv,solar
FR,h6338,0.0,scr2099,avaConv,solar
FR,h6339,0.0,scr2099,avaConv,solar
FR,h6340,0.0,scr2099,avaConv,solar
FR,h6341,0.0,scr2099,avaConv,solar
FR,h6342,0.0,scr2099,avaConv,solar
FR,h6343,0.021722719173641207,scr2099,avaConv,solar
FR,h6344,0.0997375104080884,scr2099,avaConv,solar
FR,h6345,0.23673730811316163,scr2099,avaConv,solar
FR,h6346,0.39521183973902707,scr2099,avaConv,solar
FR,h6347,0.5303685604729043,scr2099,avaConv,solar
FR,h6348,0.6295548072237036,scr2099,avaConv,solar
FR,h6349,0.6840923404937564,scr2099,avaConv,solar
FR,h6350,0.6874451916888676,scr2099,avaConv,solar
FR,h6351,0.6386368119042878,scr2099,avaConv,solar
FR,h6352,0.5374819704308382,scr2099,avaConv,solar
FR,h6353,0.37027659263840224,scr2099,avaConv,solar
FR,h6354,0.18461360082788625,scr2099,avaConv,solar
FR,h6355,0.05323604354837703,scr2099,avaConv,solar
FR,h6356,0.003417209257106514,scr2099,avaConv,solar
FR,h6357,0.0,scr2099,avaConv,solar
FR,h6358,0.0,scr2099,avaConv,solar
FR,h6359,0.0,scr2099,avaConv,solar
FR,h6360,0.0,scr2099,avaConv,solar
FR,h6361,0.0,scr2099,avaConv,solar
FR,h6362,0.0,scr2099,avaConv,solar
FR,h6363,0.0,scr2099,avaConv,solar
FR,h6364,0.0,scr2099,avaConv,solar
FR,h6365,0.0,scr2099,avaConv,solar
FR,h6366,0.0,scr2099,avaConv,solar
FR,h6367,0.01982075812081045,scr2099,avaConv,solar
FR,h6368,0.09498073160338727,scr2099,avaConv,solar
FR,h6369,0.22957091816421088,scr2099,avaConv,solar
FR,h6370,0.38969319240243816,scr2099,avaConv,solar
FR,h6371,0.527325995830945,scr2099,avaConv,solar
FR,h6372,0.6295522618395952,scr2099,avaConv,solar
FR,h6373,0.6864027425302295,scr2099,avaConv,solar
FR,h6374,0.6917915121861549,scr2099,avaConv,solar
FR,h6375,0.6434580745405297,scr2099,avaConv,solar
FR,h6376,0.5410159860613576,scr2099,avaConv,solar
FR,h6377,0.36996781138790324,scr2099,avaConv,solar
FR,h6378,0.1817943961144296,scr2099,avaConv,solar
FR,h6379,0.05032050107332368,scr2099,avaConv,solar
FR,h6380,0.002553690309765584,scr2099,avaConv,solar
FR,h6381,0.0,scr2099,avaConv,solar
FR,h6382,0.0,scr2099,avaConv,solar
FR,h6383,0.0,scr2099,avaConv,solar
FR,h6384,0.0,scr2099,avaConv,solar
FR,h6385,0.0,scr2099,avaConv,solar
FR,h6386,0.0,scr2099,avaConv,solar
FR,h6387,0.0,scr2099,avaConv,solar
FR,h6388,0.0,scr2099,avaConv,solar
FR,h6389,0.0,scr2099,avaConv,solar
FR,h6390,0.0,scr2099,avaConv,solar
FR,h6391,0.017158072620749483,scr2099,avaConv,solar
FR,h6392,0.08435553100441837,scr2099,avaConv,solar
FR,h6393,0.20569710093327595,scr2099,avaConv,solar
FR,h6394,0.355630971607204,scr2099,avaConv,solar
FR,h6395,0.48314353454481207,scr2099,avaConv,solar
FR,h6396,0.5862739164359648,scr2099,avaConv,solar
FR,h6397,0.6480601337835389,scr2099,avaConv,solar
FR,h6398,0.6667793929411295,scr2099,avaConv,solar
FR,h6399,0.6261370736267912,scr2099,avaConv,solar
FR,h6400,0.5289966718122667,scr2099,avaConv,solar
FR,h6401,0.36041922379060953,scr2099,avaConv,solar
FR,h6402,0.17628778249820945,scr2099,avaConv,solar
FR,h6403,0.04756737154099777,scr2099,avaConv,solar
FR,h6404,0.0022133862277642956,scr2099,avaConv,solar
FR,h6405,0.0,scr2099,avaConv,solar
FR,h6406,0.0,scr2099,avaConv,solar
FR,h6407,0.0,scr2099,avaConv,solar
FR,h6408,0.0,scr2099,avaConv,solar
FR,h6409,0.0,scr2099,avaConv,solar
FR,h6410,0.0,scr2099,avaConv,solar
FR,h6411,0.0,scr2099,avaConv,solar
FR,h6412,0.0,scr2099,avaConv,solar
FR,h6413,0.0,scr2099,avaConv,solar
FR,h6414,0.0,scr2099,avaConv,solar
FR,h6415,0.015750966354633845,scr2099,avaConv,solar
FR,h6416,0.08198436146166826,scr2099,avaConv,solar
FR,h6417,0.20522723335923046,scr2099,avaConv,solar
FR,h6418,0.35889140970903766,scr2099,avaConv,solar
FR,h6419,0.49462503651893386,scr2099,avaConv,solar
FR,h6420,0.5967142516460486,scr2099,avaConv,solar
FR,h6421,0.6540106274766887,scr2099,avaConv,solar
FR,h6422,0.6602178733778887,scr2099,avaConv,solar
FR,h6423,0.6148528955711781,scr2099,avaConv,solar
FR,h6424,0.5180243053638248,scr2099,avaConv,solar
FR,h6425,0.3505091392418362,scr2099,avaConv,solar
FR,h6426,0.16933447993062933,scr2099,avaConv,solar
FR,h6427,0.04339887584621345,scr2099,avaConv,solar
FR,h6428,0.001603670478955216,scr2099,avaConv,solar
FR,h6429,0.0,scr2099,avaConv,solar
FR,h6430,0.0,scr2099,avaConv,solar
FR,h6431,0.0,scr2099,avaConv,solar
FR,h6432,0.0,scr2099,avaConv,solar
FR,h6433,0.0,scr2099,avaConv,solar
FR,h6434,0.0,scr2099,avaConv,solar
FR,h6435,0.0,scr2099,avaConv,solar
FR,h6436,0.0,scr2099,avaConv,solar
FR,h6437,0.0,scr2099,avaConv,solar
FR,h6438,0.0,scr2099,avaConv,solar
FR,h6439,0.01336640734902235,scr2099,avaConv,solar
FR,h6440,0.07488273919764754,scr2099,avaConv,solar
FR,h6441,0.19179529607941956,scr2099,avaConv,solar
FR,h6442,0.34183999079086563,scr2099,avaConv,solar
FR,h6443,0.475275911640422,scr2099,avaConv,solar
FR,h6444,0.5726829130103427,scr2099,avaConv,solar
FR,h6445,0.6214551243369606,scr2099,avaConv,solar
FR,h6446,0.6188754839476635,scr2099,avaConv,solar
FR,h6447,0.5674335595695961,scr2099,avaConv,solar
FR,h6448,0.47489982647434403,scr2099,avaConv,solar
FR,h6449,0.3146496947052526,scr2099,avaConv,solar
FR,h6450,0.15038136529250976,scr2099,avaConv,solar
FR,h6451,0.03542599976226137,scr2099,avaConv,solar
FR,h6452,0.001258836343169508,scr2099,avaConv,solar
FR,h6453,0.0,scr2099,avaConv,solar
FR,h6454,0.0,scr2099,avaConv,solar
FR,h6455,0.0,scr2099,avaConv,solar
FR,h6456,0.0,scr2099,avaConv,solar
FR,h6457,0.0,scr2099,avaConv,solar
FR,h6458,0.0,scr2099,avaConv,solar
FR,h6459,0.0,scr2099,avaConv,solar
FR,h6460,0.0,scr2099,avaConv,solar
FR,h6461,0.0,scr2099,avaConv,solar
FR,h6462,0.0,scr2099,avaConv,solar
FR,h6463,0.008269830108996835,scr2099,avaConv,solar
FR,h6464,0.05178324268947336,scr2099,avaConv,solar
FR,h6465,0.14474606462347542,scr2099,avaConv,solar
FR,h6466,0.28172243194237434,scr2099,avaConv,solar
FR,h6467,0.42832902835717795,scr2099,avaConv,solar
FR,h6468,0.5622490794522153,scr2099,avaConv,solar
FR,h6469,0.6601910063763056,scr2099,avaConv,solar
FR,h6470,0.6981280558618941,scr2099,avaConv,solar
FR,h6471,0.6679914401705058,scr2099,avaConv,solar
FR,h6472,0.5730335088602159,scr2099,avaConv,solar
FR,h6473,0.3905541239968064,scr2099,avaConv,solar
FR,h6474,0.19098779979408498,scr2099,avaConv,solar
FR,h6475,0.0478585152552004,scr2099,avaConv,solar
FR,h6476,0.001825420940286052,scr2099,avaConv,solar
FR,h6477,0.0,scr2099,avaConv,solar
FR,h6478,0.0,scr2099,avaConv,solar
FR,h6479,0.0,scr2099,avaConv,solar
FR,h6480,0.0,scr2099,avaConv,solar
FR,h6481,0.0,scr2099,avaConv,solar
FR,h6482,0.0,scr2099,avaConv,solar
FR,h6483,0.0,scr2099,avaConv,solar
FR,h6484,0.0,scr2099,avaConv,solar
FR,h6485,0.0,scr2099,avaConv,solar
FR,h6486,0.0,scr2099,avaConv,solar
FR,h6487,0.01490636548192384,scr2099,avaConv,solar
FR,h6488,0.08290673973015383,scr2099,avaConv,solar
FR,h6489,0.2104008216200923,scr2099,avaConv,solar
FR,h6490,0.3698669990795727,scr2099,avaConv,solar
FR,h6491,0.507873791785618,scr2099,avaConv,solar
FR,h6492,0.6095765508131303,scr2099,avaConv,solar
FR,h6493,0.6663244668722879,scr2099,avaConv,solar
FR,h6494,0.6723352904763401,scr2099,avaConv,solar
FR,h6495,0.6272621913075654,scr2099,avaConv,solar
FR,h6496,0.5317279902300123,scr2099,avaConv,solar
FR,h6497,0.3542792549522517,scr2099,avaConv,solar
FR,h6498,0.16816920687213477,scr2099,avaConv,solar
FR,h6499,0.038226440245434305,scr2099,avaConv,solar
FR,h6500,0.0010967988301224115,scr2099,avaConv,solar
FR,h6501,0.0,scr2099,avaConv,solar
FR,h6502,0.0,scr2099,avaConv,solar
FR,h6503,0.0,scr2099,avaConv,solar
FR,h6504,0.0,scr2099,avaConv,solar
FR,h6505,0.0,scr2099,avaConv,solar
FR,h6506,0.0,scr2099,avaConv,solar
FR,h6507,0.0,scr2099,avaConv,solar
FR,h6508,0.0,scr2099,avaConv,solar
FR,h6509,0.0,scr2099,avaConv,solar
FR,h6510,0.0,scr2099,avaConv,solar
FR,h6511,0.01009037936211849,scr2099,avaConv,solar
FR,h6512,0.05892540054067427,scr2099,avaConv,solar
FR,h6513,0.1531045640628272,scr2099,avaConv,solar
FR,h6514,0.2809903114310582,scr2099,avaConv,solar
FR,h6515,0.3959820591348911,scr2099,avaConv,solar
FR,h6516,0.4852629985910192,scr2099,avaConv,solar
FR,h6517,0.5330921277063514,scr2099,avaConv,solar
FR,h6518,0.5342194494271175,scr2099,avaConv,solar
FR,h6519,0.4902396027026525,scr2099,avaConv,solar
FR,h6520,0.3956190958765077,scr2099,avaConv,solar
FR,h6521,0.24691389868025837,scr2099,avaConv,solar
FR,h6522,0.10649434705627053,scr2099,avaConv,solar
FR,h6523,0.019754725652519345,scr2099,avaConv,solar
FR,h6524,0.00028344371059642055,scr2099,avaConv,solar
FR,h6525,0.0,scr2099,avaConv,solar
FR,h6526,0.0,scr2099,avaConv,solar
FR,h6527,0.0,scr2099,avaConv,solar
FR,h6528,0.0,scr2099,avaConv,solar
FR,h6529,0.0,scr2099,avaConv,solar
FR,h6530,0.0,scr2099,avaConv,solar
FR,h6531,0.0,scr2099,avaConv,solar
FR,h6532,0.0,scr2099,avaConv,solar
FR,h6533,0.0,scr2099,avaConv,solar
FR,h6534,0.0,scr2099,avaConv,solar
FR,h6535,0.008121038468236006,scr2099,avaConv,solar
FR,h6536,0.0486384490198317,scr2099,avaConv,solar
FR,h6537,0.1344307674315192,scr2099,avaConv,solar
FR,h6538,0.2459617115656835,scr2099,avaConv,solar
FR,h6539,0.3626850641480684,scr2099,avaConv,solar
FR,h6540,0.45919394855674195,scr2099,avaConv,solar
FR,h6541,0.5416008098383048,scr2099,avaConv,solar
FR,h6542,0.5796916450503213,scr2099,avaConv,solar
FR,h6543,0.5759555941822675,scr2099,avaConv,solar
FR,h6544,0.5211183951705026,scr2099,avaConv,solar
FR,h6545,0.3602164277612081,scr2099,avaConv,solar
FR,h6546,0.1773801742629135,scr2099,avaConv,solar
FR,h6547,0.03735702018862509,scr2099,avaConv,solar
FR,h6548,0.0008852174596723067,scr2099,avaConv,solar
FR,h6549,0.0,scr2099,avaConv,solar
FR,h6550,0.0,scr2099,avaConv,solar
FR,h6551,0.0,scr2099,avaConv,solar
FR,h6552,0.0,scr2099,avaConv,solar
GR,h5809,0.0,scr2099,avaConv,solar
GR,h5810,0.0,scr2099,avaConv,solar
GR,h5811,0.0,scr2099,avaConv,solar
GR,h5812,0.0,scr2099,avaConv,solar
GR,h5813,0.013246569037513076,scr2099,avaConv,solar
GR,h5814,0.07687096433510679,scr2099,avaConv,solar
GR,h5815,0.19878569040761832,scr2099,avaConv,solar
GR,h5816,0.3609524401378242,scr2099,avaConv,solar
GR,h5817,0.5096957139274002,scr2099,avaConv,solar
GR,h5818,0.6291649543103672,scr2099,avaConv,solar
GR,h5819,0.7023888910870855,scr2099,avaConv,solar
GR,h5820,0.7242129861551068,scr2099,avaConv,solar
GR,h5821,0.6890011424018782,scr2099,avaConv,solar
GR,h5822,0.5957379432270605,scr2099,avaConv,solar
GR,h5823,0.4438409957990951,scr2099,avaConv,solar
GR,h5824,0.24098583228757467,scr2099,avaConv,solar
GR,h5825,0.09072741898738329,scr2099,avaConv,solar
GR,h5826,0.010464230997816633,scr2099,avaConv,solar
GR,h5827,0.002686972482092931,scr2099,avaConv,solar
GR,h5828,0.0,scr2099,avaConv,solar
GR,h5829,0.0,scr2099,avaConv,solar
GR,h5830,0.0,scr2099,avaConv,solar
GR,h5831,0.0,scr2099,avaConv,solar
GR,h5832,0.0,scr2099,avaConv,solar
GR,h5833,0.0,scr2099,avaConv,solar
GR,h5834,0.0,scr2099,avaConv,solar
GR,h5835,0.0,scr2099,avaConv,solar
GR,h5836,0.0,scr2099,avaConv,solar
GR,h5837,0.012849237703663106,scr2099,avaConv,solar
GR,h5838,0.07652481062652652,scr2099,avaConv,solar
GR,h5839,0.19916222229085595,scr2099,avaConv,solar
GR,h5840,0.36465248874583317,scr2099,avaConv,solar
GR,h5841,0.5193026665367998,scr2099,avaConv,solar
GR,h5842,0.6457932412523539,scr2099,avaConv,solar
GR,h5843,0.723732214806009,scr2099,avaConv,solar
GR,h5844,0.7465730296296119,scr2099,avaConv,solar
GR,h5845,0.7096973247968758,scr2099,avaConv,solar
GR,h5846,0.6136965450772638,scr2099,avaConv,solar
GR,h5847,0.45775813365136475,scr2099,avaConv,solar
GR,h5848,0.24962669464506304,scr2099,avaConv,solar
GR,h5849,0.09431995021660254,scr2099,avaConv,solar
GR,h5850,0.011134071768605407,scr2099,avaConv,solar
GR,h5851,0.002560560587553734,scr2099,avaConv,solar
GR,h5852,0.0,scr2099,avaConv,solar
GR,h5853,0.0,scr2099,avaConv,solar
GR,h5854,0.0,scr2099,avaConv,solar
GR,h5855,0.0,scr2099,avaConv,solar
GR,h5856,0.0,scr2099,avaConv,solar
GR,h5857,0.0,scr2099,avaConv,solar
GR,h5858,0.0,scr2099,avaConv,solar
GR,h5859,0.0,scr2099,avaConv,solar
GR,h5860,0.0,scr2099,avaConv,solar
GR,h5861,0.012473899935135629,scr2099,avaConv,solar
GR,h5862,0.07614623791284877,scr2099,avaConv,solar
GR,h5863,0.1992863767937144,scr2099,avaConv,solar
GR,h5864,0.36640136593405814,scr2099,avaConv,solar
GR,h5865,0.522368668030839,scr2099,avaConv,solar
GR,h5866,0.6497920611989725,scr2099,avaConv,solar
GR,h5867,0.72823407288361,scr2099,avaConv,solar
GR,h5868,0.7513212414075758,scr2099,avaConv,solar
GR,h5869,0.7145627486177301,scr2099,avaConv,solar
GR,h5870,0.61852037548438,scr2099,avaConv,solar
GR,h5871,0.46223517413509985,scr2099,avaConv,solar
GR,h5872,0.2544515451795121,scr2099,avaConv,solar
GR,h5873,0.09701415528326406,scr2099,avaConv,solar
GR,h5874,0.012394292896976404,scr2099,avaConv,solar
GR,h5875,0.002328220758357871,scr2099,avaConv,solar
GR,h5876,0.0,scr2099,avaConv,solar
GR,h5877,0.0,scr2099,avaConv,solar
GR,h5878,0.0,scr2099,avaConv,solar
GR,h5879,0.0,scr2099,avaConv,solar
GR,h5880,0.0,scr2099,avaConv,solar
GR,h5881,0.0,scr2099,avaConv,solar
GR,h5882,0.0,scr2099,avaConv,solar
GR,h5883,0.0,scr2099,avaConv,solar
GR,h5884,0.0,scr2099,avaConv,solar
GR,h5885,0.011339577223463555,scr2099,avaConv,solar
GR,h5886,0.07206381065231246,scr2099,avaConv,solar
GR,h5887,0.19089795664624506,scr2099,avaConv,solar
GR,h5888,0.3541160822449812,scr2099,avaConv,solar
GR,h5889,0.5076020138553288,scr2099,avaConv,solar
GR,h5890,0.6336260906878378,scr2099,avaConv,solar
GR,h5891,0.7123074432320811,scr2099,avaConv,solar
GR,h5892,0.7364969201294025,scr2099,avaConv,solar
GR,h5893,0.7021068501350705,scr2099,avaConv,solar
GR,h5894,0.608717307083923,scr2099,avaConv,solar
GR,h5895,0.45566047405678284,scr2099,avaConv,solar
GR,h5896,0.2546801958049992,scr2099,avaConv,solar
GR,h5897,0.0985822348325233,scr2099,avaConv,solar
GR,h5898,0.014547521832773568,scr2099,avaConv,solar
GR,h5899,0.0019273521391789865,scr2099,avaConv,solar
GR,h5900,0.0,scr2099,avaConv,solar
GR,h5901,0.0,scr2099,avaConv,solar
GR,h5902,0.0,scr2099,avaConv,solar
GR,h5903,0.0,scr2099,avaConv,solar
GR,h5904,0.0,scr2099,avaConv,solar
GR,h5905,0.0,scr2099,avaConv,solar
GR,h5906,0.0,scr2099,avaConv,solar
GR,h5907,0.0,scr2099,avaConv,solar
GR,h5908,0.0,scr2099,avaConv,solar
GR,h5909,0.010902538160328408,scr2099,avaConv,solar
GR,h5910,0.0718055440887337,scr2099,avaConv,solar
GR,h5911,0.19142367687769363,scr2099,avaConv,solar
GR,h5912,0.355443290523188,scr2099,avaConv,solar
GR,h5913,0.5075059273923826,scr2099,avaConv,solar
GR,h5914,0.6308786492328421,scr2099,avaConv,solar
GR,h5915,0.7075129012794187,scr2099,avaConv,solar
GR,h5916,0.7310001167415664,scr2099,avaConv,solar
GR,h5917,0.6962798049162882,scr2099,avaConv,solar
GR,h5918,0.6025235828331279,scr2099,avaConv,solar
GR,h5919,0.4500242850940402,scr2099,avaConv,solar
GR,h5920,0.2544313121743296,scr2099,avaConv,solar
GR,h5921,0.09975342443204364,scr2099,avaConv,solar
GR,h5922,0.016528495758720785,scr2099,avaConv,solar
GR,h5923,0.0015912844123867978,scr2099,avaConv,solar
GR,h5924,0.0,scr2099,avaConv,solar
GR,h5925,0.0,scr2099,avaConv,solar
GR,h5926,0.0,scr2099,avaConv,solar
GR,h5927,0.0,scr2099,avaConv,solar
GR,h5928,0.0,scr2099,avaConv,solar
GR,h5929,0.0,scr2099,avaConv,solar
GR,h5930,0.0,scr2099,avaConv,solar
GR,h5931,0.0,scr2099,avaConv,solar
GR,h5932,0.0,scr2099,avaConv,solar
GR,h5933,0.0084119365377559,scr2099,avaConv,solar
GR,h5934,0.061981594344329816,scr2099,avaConv,solar
GR,h5935,0.1705252283906793,scr2099,avaConv,solar
GR,h5936,0.3248508469969884,scr2099,avaConv,solar
GR,h5937,0.4739661053646827,scr2099,avaConv,solar
GR,h5938,0.6004144559113596,scr2099,avaConv,solar
GR,h5939,0.6836250365023977,scr2099,avaConv,solar
GR,h5940,0.7114569064570323,scr2099,avaConv,solar
GR,h5941,0.6789371629231554,scr2099,avaConv,solar
GR,h5942,0.5865826962908214,scr2099,avaConv,solar
GR,h5943,0.43747861614766187,scr2099,avaConv,solar
GR,h5944,0.24583692359620934,scr2099,avaConv,solar
GR,h5945,0.09532993099866977,scr2099,avaConv,solar
GR,h5946,0.014881163116901372,scr2099,avaConv,solar
GR,h5947,0.0013151798793095764,scr2099,avaConv,solar
GR,h5948,0.0,scr2099,avaConv,solar
GR,h5949,0.0,scr2099,avaConv,solar
GR,h5950,0.0,scr2099,avaConv,solar
GR,h5951,0.0,scr2099,avaConv,solar
GR,h5952,0.0,scr2099,avaConv,solar
GR,h5953,0.0,scr2099,avaConv,solar
GR,h5954,0.0,scr2099,avaConv,solar
GR,h5955,0.0,scr2099,avaConv,solar
GR,h5956,0.0,scr2099,avaConv,solar
GR,h5957,0.0075603910825163675,scr2099,avaConv,solar
GR,h5958,0.05865305363394795,scr2099,avaConv,solar
GR,h5959,0.16342523580384852,scr2099,avaConv,solar
GR,h5960,0.31594657827227496,scr2099,avaConv,solar
GR,h5961,0.46751646485468945,scr2099,avaConv,solar
GR,h5962,0.6024632404559328,scr2099,avaConv,solar
GR,h5963,0.6951967181425879,scr2099,avaConv,solar
GR,h5964,0.7297602558041174,scr2099,avaConv,solar
GR,h5965,0.6995443896712055,scr2099,avaConv,solar
GR,h5966,0.6063121964931448,scr2099,avaConv,solar
GR,h5967,0.4546695033153875,scr2099,avaConv,solar
GR,h5968,0.26577201056131866,scr2099,avaConv,solar
GR,h5969,0.10816988802122411,scr2099,avaConv,solar
GR,h5970,0.02252667662014503,scr2099,avaConv,solar
GR,h5971,0.0011393825192181546,scr2099,avaConv,solar
GR,h5972,0.0,scr2099,avaConv,solar
GR,h5973,0.0,scr2099,avaConv,solar
GR,h5974,0.0,scr2099,avaConv,solar
GR,h5975,0.0,scr2099,avaConv,solar
GR,h5976,0.0,scr2099,avaConv,solar
GR,h5977,0.0,scr2099,avaConv,solar
GR,h5978,0.0,scr2099,avaConv,solar
GR,h5979,0.0001720785106371532,scr2099,avaConv,solar
GR,h5980,0.0001720785106371532,scr2099,avaConv,solar
GR,h5981,0.00924833969880658,scr2099,avaConv,solar
GR,h5982,0.06680582880060426,scr2099,avaConv,solar
GR,h5983,0.18246465969288142,scr2099,avaConv,solar
GR,h5984,0.3462273244402505,scr2099,avaConv,solar
GR,h5985,0.5010914414707008,scr2099,avaConv,solar
GR,h5986,0.6296185535811349,scr2099,avaConv,solar
GR,h5987,0.7109452996249687,scr2099,avaConv,solar
GR,h5988,0.7365357687741265,scr2099,avaConv,solar
GR,h5989,0.703600128284483,scr2099,avaConv,solar
GR,h5990,0.610803876731691,scr2099,avaConv,solar
GR,h5991,0.45931614613685495,scr2099,avaConv,solar
GR,h5992,0.27129284951664345,scr2099,avaConv,solar
GR,h5993,0.11162431043944951,scr2099,avaConv,solar
GR,h5994,0.024290777667680435,scr2099,avaConv,solar
GR,h5995,0.0010052379526351428,scr2099,avaConv,solar
GR,h5996,0.0,scr2099,avaConv,solar
GR,h5997,0.0,scr2099,avaConv,solar
GR,h5998,0.0,scr2099,avaConv,solar
GR,h5999,0.0,scr2099,avaConv,solar
GR,h6000,0.0,scr2099,avaConv,solar
GR,h6001,0.0,scr2099,avaConv,solar
GR,h6002,0.0,scr2099,avaConv,solar
GR,h6003,0.0,scr2099,avaConv,solar
GR,h6004,0.0,scr2099,avaConv,solar
GR,h6005,0.008576637088865567,scr2099,avaConv,solar
GR,h6006,0.06623546992522569,scr2099,avaConv,solar
GR,h6007,0.1821315150745238,scr2099,avaConv,solar
GR,h6008,0.3472244412091985,scr2099,avaConv,solar
GR,h6009,0.5033924210420915,scr2099,avaConv,solar
GR,h6010,0.6333434158334867,scr2099,avaConv,solar
GR,h6011,0.715747508854465,scr2099,avaConv,solar
GR,h6012,0.742333118552851,scr2099,avaConv,solar
GR,h6013,0.70963613098331,scr2099,avaConv,solar
GR,h6014,0.6167132536294254,scr2099,avaConv,solar
GR,h6015,0.4646516143773699,scr2099,avaConv,solar
GR,h6016,0.27458393855080576,scr2099,avaConv,solar
GR,h6017,0.11291657434358265,scr2099,avaConv,solar
GR,h6018,0.024158416546950626,scr2099,avaConv,solar
GR,h6019,0.0008871938302432657,scr2099,avaConv,solar
GR,h6020,0.0,scr2099,avaConv,solar
GR,h6021,0.0,scr2099,avaConv,solar
GR,h6022,0.0,scr2099,avaConv,solar
GR,h6023,0.0,scr2099,avaConv,solar
GR,h6024,0.0,scr2099,avaConv,solar
GR,h6025,0.0,scr2099,avaConv,solar
GR,h6026,0.0,scr2099,avaConv,solar
GR,h6027,0.0,scr2099,avaConv,solar
GR,h6028,0.0,scr2099,avaConv,solar
GR,h6029,0.008253528188999016,scr2099,avaConv,solar
GR,h6030,0.0660824983063562,scr2099,avaConv,solar
GR,h6031,0.18285606804984061,scr2099,avaConv,solar
GR,h6032,0.35012003225614463,scr2099,avaConv,solar
GR,h6033,0.5083873923327572,scr2099,avaConv,solar
GR,h6034,0.6401134903946006,scr2099,avaConv,solar
GR,h6035,0.7235903626390734,scr2099,avaConv,solar
GR,h6036,0.7506828451531693,scr2099,avaConv,solar
GR,h6037,0.7177191973259115,scr2099,avaConv,solar
GR,h6038,0.6242768949635548,scr2099,avaConv,solar
GR,h6039,0.47120086876963324,scr2099,avaConv,solar
GR,h6040,0.2854473960931138,scr2099,avaConv,solar
GR,h6041,0.12076048201603982,scr2099,avaConv,solar
GR,h6042,0.029489029123756928,scr2099,avaConv,solar
GR,h6043,0.0007946030340412921,scr2099,avaConv,solar
GR,h6044,0.0,scr2099,avaConv,solar
GR,h6045,0.0,scr2099,avaConv,solar
GR,h6046,0.0,scr2099,avaConv,solar
GR,h6047,0.0,scr2099,avaConv,solar
GR,h6048,0.0,scr2099,avaConv,solar
GR,h6049,0.0,scr2099,avaConv,solar
GR,h6050,0.0,scr2099,avaConv,solar
GR,h6051,0.0,scr2099,avaConv,solar
GR,h6052,0.0,scr2099,avaConv,solar
GR,h6053,0.007875356128719915,scr2099,avaConv,solar
GR,h6054,0.06552915279674976,scr2099,avaConv,solar
GR,h6055,0.18271368496198326,scr2099,avaConv,solar
GR,h6056,0.35148791057330336,scr2099,avaConv,solar
GR,h6057,0.5110521865361014,scr2099,avaConv,solar
GR,h6058,0.643408423456869,scr2099,avaConv,solar
GR,h6059,0.7269230576596384,scr2099,avaConv,solar
GR,h6060,0.7537605809186879,scr2099,avaConv,solar
GR,h6061,0.7206420803319897,scr2099,avaConv,solar
GR,h6062,0.6270891780149787,scr2099,avaConv,solar
GR,h6063,0.4741354076974748,scr2099,avaConv,solar
GR,h6064,0.28904769152031257,scr2099,avaConv,solar
GR,h6065,0.12302134654451072,scr2099,avaConv,solar
GR,h6066,0.03063975897382492,scr2099,avaConv,solar
GR,h6067,0.000653552051655038,scr2099,avaConv,solar
GR,h6068,0.0,scr2099,avaConv,solar
GR,h6069,0.0,scr2099,avaConv,solar
GR,h6070,0.0,scr2099,avaConv,solar
GR,h6071,0.0,scr2099,avaConv,solar
GR,h6072,0.0,scr2099,avaConv,solar
GR,h6073,0.0,scr2099,avaConv,solar
GR,h6074,0.0,scr2099,avaConv,solar
GR,h6075,0.0,scr2099,avaConv,solar
GR,h6076,0.0,scr2099,avaConv,solar
GR,h6077,0.0070109223784991055,scr2099,avaConv,solar
GR,h6078,0.06278382450764028,scr2099,avaConv,solar
GR,h6079,0.17712158405531916,scr2099,avaConv,solar
GR,h6080,0.34337176784217643,scr2099,avaConv,solar
GR,h6081,0.5010304569344693,scr2099,avaConv,solar
GR,h6082,0.6318613238107766,scr2099,avaConv,solar
GR,h6083,0.7150165482988224,scr2099,avaConv,solar
GR,h6084,0.7416496556754585,scr2099,avaConv,solar
GR,h6085,0.7100130525572609,scr2099,avaConv,solar
GR,h6086,0.6184842684536056,scr2099,avaConv,solar
GR,h6087,0.4687972736080941,scr2099,avaConv,solar
GR,h6088,0.285148671003696,scr2099,avaConv,solar
GR,h6089,0.12087336707894933,scr2099,avaConv,solar
GR,h6090,0.029340679343547213,scr2099,avaConv,solar
GR,h6091,0.0005201635070838956,scr2099,avaConv,solar
GR,h6092,0.0,scr2099,avaConv,solar
GR,h6093,0.0,scr2099,avaConv,solar
GR,h6094,0.0,scr2099,avaConv,solar
GR,h6095,0.0,scr2099,avaConv,solar
GR,h6096,0.0,scr2099,avaConv,solar
GR,h6097,0.0,scr2099,avaConv,solar
GR,h6098,0.0,scr2099,avaConv,solar
GR,h6099,0.0,scr2099,avaConv,solar
GR,h6100,0.0,scr2099,avaConv,solar
GR,h6101,0.006552048650788761,scr2099,avaConv,solar
GR,h6102,0.06217591304422953,scr2099,avaConv,solar
GR,h6103,0.1772838299665912,scr2099,avaConv,solar
GR,h6104,0.34639240528395243,scr2099,avaConv,solar
GR,h6105,0.5076860728921077,scr2099,avaConv,solar
GR,h6106,0.6425887355874653,scr2099,avaConv,solar
GR,h6107,0.7286453757744985,scr2099,avaConv,solar
GR,h6108,0.757086023814706,scr2099,avaConv,solar
GR,h6109,0.7253097533352805,scr2099,avaConv,solar
GR,h6110,0.632326740650391,scr2099,avaConv,solar
GR,h6111,0.48021811912381096,scr2099,avaConv,solar
GR,h6112,0.2919663742900092,scr2099,avaConv,solar
GR,h6113,0.12383392531373061,scr2099,avaConv,solar
GR,h6114,0.029569519610142616,scr2099,avaConv,solar
GR,h6115,0.0004723384914718872,scr2099,avaConv,solar
GR,h6116,0.0,scr2099,avaConv,solar
GR,h6117,0.0,scr2099,avaConv,solar
GR,h6118,0.0,scr2099,avaConv,solar
GR,h6119,0.0,scr2099,avaConv,solar
GR,h6120,0.0,scr2099,avaConv,solar
GR,h6121,0.0,scr2099,avaConv,solar
GR,h6122,0.0,scr2099,avaConv,solar
GR,h6123,0.0,scr2099,avaConv,solar
GR,h6124,0.0,scr2099,avaConv,solar
GR,h6125,0.006116199421724659,scr2099,avaConv,solar
GR,h6126,0.06163246884494644,scr2099,avaConv,solar
GR,h6127,0.17734742952428936,scr2099,avaConv,solar
GR,h6128,0.34840814193152747,scr2099,avaConv,solar
GR,h6129,0.5115261460390198,scr2099,avaConv,solar
GR,h6130,0.6475985663772719,scr2099,avaConv,solar
GR,h6131,0.7344690838350354,scr2099,avaConv,solar
GR,h6132,0.7631163462363723,scr2099,avaConv,solar
GR,h6133,0.7311968252725571,scr2099,avaConv,solar
GR,h6134,0.6376196369193586,scr2099,avaConv,solar
GR,h6135,0.48504990222167,scr2099,avaConv,solar
GR,h6136,0.29621383213205427,scr2099,avaConv,solar
GR,h6137,0.12622190154314614,scr2099,avaConv,solar
GR,h6138,0.030429259449981965,scr2099,avaConv,solar
GR,h6139,0.00038820986603838216,scr2099,avaConv,solar
GR,h6140,0.0,scr2099,avaConv,solar
GR,h6141,0.0,scr2099,avaConv,solar
GR,h6142,0.0,scr2099,avaConv,solar
GR,h6143,0.0,scr2099,avaConv,solar
GR,h6144,0.0,scr2099,avaConv,solar
GR,h6145,0.0,scr2099,avaConv,solar
GR,h6146,0.0,scr2099,avaConv,solar
GR,h6147,0.0,scr2099,avaConv,solar
GR,h6148,0.0,scr2099,avaConv,solar
GR,h6149,0.005164036489538391,scr2099,avaConv,solar
GR,h6150,0.05661250035508392,scr2099,avaConv,solar
GR,h6151,0.16567545599157418,scr2099,avaConv,solar
GR,h6152,0.32889251577859197,scr2099,avaConv,solar
GR,h6153,0.486463560615772,scr2099,avaConv,solar
GR,h6154,0.6193836575024448,scr2099,avaConv,solar
GR,h6155,0.7065626372673035,scr2099,avaConv,solar
GR,h6156,0.7380774228595706,scr2099,avaConv,solar
GR,h6157,0.7113006387998742,scr2099,avaConv,solar
GR,h6158,0.6227451610150176,scr2099,avaConv,solar
GR,h6159,0.4751811052882156,scr2099,avaConv,solar
GR,h6160,0.2881603355167356,scr2099,avaConv,solar
GR,h6161,0.12160550515140113,scr2099,avaConv,solar
GR,h6162,0.02794582441940213,scr2099,avaConv,solar
GR,h6163,0.00024273404899294738,scr2099,avaConv,solar
GR,h6164,0.0,scr2099,avaConv,solar
GR,h6165,0.0,scr2099,avaConv,solar
GR,h6166,0.0,scr2099,avaConv,solar
GR,h6167,0.0,scr2099,avaConv,solar
GR,h6168,0.0,scr2099,avaConv,solar
GR,h6169,0.0,scr2099,avaConv,solar
GR,h6170,0.0,scr2099,avaConv,solar
GR,h6171,0.0,scr2099,avaConv,solar
GR,h6172,0.0,scr2099,avaConv,solar
GR,h6173,0.00420715969894947,scr2099,avaConv,solar
GR,h6174,0.04908312396396901,scr2099,avaConv,solar
GR,h6175,0.1472889322435522,scr2099,avaConv,solar
GR,h6176,0.29630155987137474,scr2099,avaConv,solar
GR,h6177,0.4434510603418426,scr2099,avaConv,solar
GR,h6178,0.5697810333985114,scr2099,avaConv,solar
GR,h6179,0.654572032729185,scr2099,avaConv,solar
GR,h6180,0.686600897578798,scr2099,avaConv,solar
GR,h6181,0.6585716047877169,scr2099,avaConv,solar
GR,h6182,0.5731090133010248,scr2099,avaConv,solar
GR,h6183,0.4351612037438084,scr2099,avaConv,solar
GR,h6184,0.2629307371557811,scr2099,avaConv,solar
GR,h6185,0.1106780381665155,scr2099,avaConv,solar
GR,h6186,0.0244707746436484,scr2099,avaConv,solar
GR,h6187,0.00014181127588207252,scr2099,avaConv,solar
GR,h6188,0.0,scr2099,avaConv,solar
GR,h6189,0.0,scr2099,avaConv,solar
GR,h6190,0.0,scr2099,avaConv,solar
GR,h6191,0.0,scr2099,avaConv,solar
GR,h6192,0.0,scr2099,avaConv,solar
GR,h6193,0.0,scr2099,avaConv,solar
GR,h6194,0.0,scr2099,avaConv,solar
GR,h6195,0.0,scr2099,avaConv,solar
GR,h6196,0.0,scr2099,avaConv,solar
GR,h6197,0.0029662319160926563,scr2099,avaConv,solar
GR,h6198,0.04087712370009422,scr2099,avaConv,solar
GR,h6199,0.12679187724608967,scr2099,avaConv,solar
GR,h6200,0.2608960794180508,scr2099,avaConv,solar
GR,h6201,0.3983739348454142,scr2099,avaConv,solar
GR,h6202,0.5212102580403873,scr2099,avaConv,solar
GR,h6203,0.613725487150647,scr2099,avaConv,solar
GR,h6204,0.6568330573051286,scr2099,avaConv,solar
GR,h6205,0.6427903693417285,scr2099,avaConv,solar
GR,h6206,0.5660076596200249,scr2099,avaConv,solar
GR,h6207,0.43347267887021,scr2099,avaConv,solar
GR,h6208,0.26258013878461295,scr2099,avaConv,solar
GR,h6209,0.11013121106734332,scr2099,avaConv,solar
GR,h6210,0.02432929071491991,scr2099,avaConv,solar
GR,h6211,0.00019612442563484285,scr2099,avaConv,solar
GR,h6212,0.0,scr2099,avaConv,solar
GR,h6213,0.0,scr2099,avaConv,solar
GR,h6214,0.0,scr2099,avaConv,solar
GR,h6215,0.0,scr2099,avaConv,solar
GR,h6216,0.0,scr2099,avaConv,solar
GR,h6217,0.0,scr2099,avaConv,solar
GR,h6218,0.0,scr2099,avaConv,solar
GR,h6219,0.0,scr2099,avaConv,solar
GR,h6220,0.0,scr2099,avaConv,solar
GR,h6221,0.0030725604699999146,scr2099,avaConv,solar
GR,h6222,0.05079003295170796,scr2099,avaConv,solar
GR,h6223,0.15616172562869932,scr2099,avaConv,solar
GR,h6224,0.3194432213985777,scr2099,avaConv,solar
GR,h6225,0.4797413542427197,scr2099,avaConv,solar
GR,h6226,0.6161359219203546,scr2099,avaConv,solar
GR,h6227,0.7066729220477803,scr2099,avaConv,solar
GR,h6228,0.738782881759572,scr2099,avaConv,solar
GR,h6229,0.7112850896001364,scr2099,avaConv,solar
GR,h6230,0.6227108525520271,scr2099,avaConv,solar
GR,h6231,0.4779257030376132,scr2099,avaConv,solar
GR,h6232,0.29037616988397086,scr2099,avaConv,solar
GR,h6233,0.12291115074351584,scr2099,avaConv,solar
GR,h6234,0.02713072632237367,scr2099,avaConv,solar
GR,h6235,0.00016966260556366828,scr2099,avaConv,solar
GR,h6236,0.0,scr2099,avaConv,solar
GR,h6237,0.0,scr2099,avaConv,solar
GR,h6238,0.0,scr2099,avaConv,solar
GR,h6239,0.0,scr2099,avaConv,solar
GR,h6240,0.0,scr2099,avaConv,solar
GR,h6241,0.0,scr2099,avaConv,solar
GR,h6242,0.0,scr2099,avaConv,solar
GR,h6243,0.0,scr2099,avaConv,solar
GR,h6244,0.0,scr2099,avaConv,solar
GR,h6245,0.002795076436359318,scr2099,avaConv,solar
GR,h6246,0.05019831831206977,scr2099,avaConv,solar
GR,h6247,0.1555926709816052,scr2099,avaConv,solar
GR,h6248,0.3197503329557342,scr2099,avaConv,solar
GR,h6249,0.4813908959117171,scr2099,avaConv,solar
GR,h6250,0.6185559094116744,scr2099,avaConv,solar
GR,h6251,0.7093533850145404,scr2099,avaConv,solar
GR,h6252,0.7411565886219383,scr2099,avaConv,solar
GR,h6253,0.7133945424641964,scr2099,avaConv,solar
GR,h6254,0.6246582628002396,scr2099,avaConv,solar
GR,h6255,0.48040820223581604,scr2099,avaConv,solar
GR,h6256,0.2912494159057484,scr2099,avaConv,solar
GR,h6257,0.12314226225012852,scr2099,avaConv,solar
GR,h6258,0.026330486890420734,scr2099,avaConv,solar
GR,h6259,0.0001383570300244165,scr2099,avaConv,solar
GR,h6260,0.0,scr2099,avaConv,solar
GR,h6261,0.0,scr2099,avaConv,solar
GR,h6262,0.0,scr2099,avaConv,solar
GR,h6263,0.0,scr2099,avaConv,solar
GR,h6264,0.0,scr2099,avaConv,solar
GR,h6265,0.0,scr2099,avaConv,solar
GR,h6266,0.0,scr2099,avaConv,solar
GR,h6267,0.0,scr2099,avaConv,solar
GR,h6268,0.0,scr2099,avaConv,solar
GR,h6269,0.002370547634346235,scr2099,avaConv,solar
GR,h6270,0.04794325708145244,scr2099,avaConv,solar
GR,h6271,0.1511551267998473,scr2099,avaConv,solar
GR,h6272,0.3134146166541955,scr2099,avaConv,solar
GR,h6273,0.4744077160550959,scr2099,avaConv,solar
GR,h6274,0.610788004432339,scr2099,avaConv,solar
GR,h6275,0.7011373243621511,scr2099,avaConv,solar
GR,h6276,0.7327017292455726,scr2099,avaConv,solar
GR,h6277,0.7051826482507322,scr2099,avaConv,solar
GR,h6278,0.6171569403337196,scr2099,avaConv,solar
GR,h6279,0.474896567442243,scr2099,avaConv,solar
GR,h6280,0.2868298246073106,scr2099,avaConv,solar
GR,h6281,0.12085516221986786,scr2099,avaConv,solar
GR,h6282,0.02503999515285105,scr2099,avaConv,solar
GR,h6283,0.0001120081992788156,scr2099,avaConv,solar
GR,h6284,0.0,scr2099,avaConv,solar
GR,h6285,0.0,scr2099,avaConv,solar
GR,h6286,0.0,scr2099,avaConv,solar
GR,h6287,0.0,scr2099,avaConv,solar
GR,h6288,0.0,scr2099,avaConv,solar
GR,h6289,0.0,scr2099,avaConv,solar
GR,h6290,0.0,scr2099,avaConv,solar
GR,h6291,0.0,scr2099,avaConv,solar
GR,h6292,0.0,scr2099,avaConv,solar
GR,h6293,0.0020143447179392336,scr2099,avaConv,solar
GR,h6294,0.045642707111719485,scr2099,avaConv,solar
GR,h6295,0.14676304474784546,scr2099,avaConv,solar
GR,h6296,0.3077238028619851,scr2099,avaConv,solar
GR,h6297,0.4698295975552706,scr2099,avaConv,solar
GR,h6298,0.6076486675768069,scr2099,avaConv,solar
GR,h6299,0.6993480043221146,scr2099,avaConv,solar
GR,h6300,0.7322456288722025,scr2099,avaConv,solar
GR,h6301,0.7058171801893256,scr2099,avaConv,solar
GR,h6302,0.6192270867465492,scr2099,avaConv,solar
GR,h6303,0.4784504101532039,scr2099,avaConv,solar
GR,h6304,0.28883033064337926,scr2099,avaConv,solar
GR,h6305,0.121601088615995,scr2099,avaConv,solar
GR,h6306,0.02426917324118369,scr2099,avaConv,solar
GR,h6307,0.0,scr2099,avaConv,solar
GR,h6308,0.0,scr2099,avaConv,solar
GR,h6309,0.0,scr2099,avaConv,solar
GR,h6310,0.0,scr2099,avaConv,solar
GR,h6311,0.0,scr2099,avaConv,solar
GR,h6312,0.0,scr2099,avaConv,solar
GR,h6313,0.0,scr2099,avaConv,solar
GR,h6314,0.0,scr2099,avaConv,solar
GR,h6315,0.0,scr2099,avaConv,solar
GR,h6316,0.0,scr2099,avaConv,solar
GR,h6317,0.0018033483532694052,scr2099,avaConv,solar
GR,h6318,0.045089264341987165,scr2099,avaConv,solar
GR,h6319,0.14654286997751373,scr2099,avaConv,solar
GR,h6320,0.3090266744541548,scr2099,avaConv,solar
GR,h6321,0.47324007321908734,scr2099,avaConv,solar
GR,h6322,0.6128862434652399,scr2099,avaConv,solar
GR,h6323,0.7058295226778969,scr2099,avaConv,solar
GR,h6324,0.7394523798483477,scr2099,avaConv,solar
GR,h6325,0.7132151652469438,scr2099,avaConv,solar
GR,h6326,0.6263763741986471,scr2099,avaConv,solar
GR,h6327,0.4858507892575639,scr2099,avaConv,solar
GR,h6328,0.2931513024687004,scr2099,avaConv,solar
GR,h6329,0.12357553514635576,scr2099,avaConv,solar
GR,h6330,0.023855286013794916,scr2099,avaConv,solar
GR,h6331,0.0,scr2099,avaConv,solar
GR,h6332,0.0,scr2099,avaConv,solar
GR,h6333,0.0,scr2099,avaConv,solar
GR,h6334,0.0,scr2099,avaConv,solar
GR,h6335,0.0,scr2099,avaConv,solar
GR,h6336,0.0,scr2099,avaConv,solar
GR,h6337,0.0,scr2099,avaConv,solar
GR,h6338,0.0,scr2099,avaConv,solar
GR,h6339,0.0,scr2099,avaConv,solar
GR,h6340,0.0,scr2099,avaConv,solar
GR,h6341,0.0017344332682122222,scr2099,avaConv,solar
GR,h6342,0.04576969971017255,scr2099,avaConv,solar
GR,h6343,0.1492536831411448,scr2099,avaConv,solar
GR,h6344,0.315457855312518,scr2099,avaConv,solar
GR,h6345,0.48346245144575145,scr2099,avaConv,solar
GR,h6346,0.6263984267543071,scr2099,avaConv,solar
GR,h6347,0.7215308047484752,scr2099,avaConv,solar
GR,h6348,0.7561503060917399,scr2099,avaConv,solar
GR,h6349,0.7298605432012077,scr2099,avaConv,solar
GR,h6350,0.6420602978672824,scr2099,avaConv,solar
GR,h6351,0.5008688815231023,scr2099,avaConv,solar
GR,h6352,0.30302038975138723,scr2099,avaConv,solar
GR,h6353,0.12846363810079037,scr2099,avaConv,solar
GR,h6354,0.02421369135024268,scr2099,avaConv,solar
GR,h6355,0.0,scr2099,avaConv,solar
GR,h6356,0.0,scr2099,avaConv,solar
GR,h6357,0.0,scr2099,avaConv,solar
GR,h6358,0.0,scr2099,avaConv,solar
GR,h6359,0.0,scr2099,avaConv,solar
GR,h6360,0.0,scr2099,avaConv,solar
GR,h6361,0.0,scr2099,avaConv,solar
GR,h6362,0.0,scr2099,avaConv,solar
GR,h6363,0.0,scr2099,avaConv,solar
GR,h6364,0.0,scr2099,avaConv,solar
GR,h6365,0.0017069149714466522,scr2099,avaConv,solar
GR,h6366,0.0471112279142491,scr2099,avaConv,solar
GR,h6367,0.15409597375703585,scr2099,avaConv,solar
GR,h6368,0.3262558641602081,scr2099,avaConv,solar
GR,h6369,0.49984123459763125,scr2099,avaConv,solar
GR,h6370,0.646975904830761,scr2099,avaConv,solar
GR,h6371,0.7439396898580056,scr2099,avaConv,solar
GR,h6372,0.7785588525410433,scr2099,avaConv,solar
GR,h6373,0.7507375926154412,scr2099,avaConv,solar
GR,h6374,0.6603583536581441,scr2099,avaConv,solar
GR,h6375,0.5171195549525028,scr2099,avaConv,solar
GR,h6376,0.31292653864472797,scr2099,avaConv,solar
GR,h6377,0.1331596452391884,scr2099,avaConv,solar
GR,h6378,0.024359472558506196,scr2099,avaConv,solar
GR,h6379,0.0,scr2099,avaConv,solar
GR,h6380,0.0,scr2099,avaConv,solar
GR,h6381,0.0,scr2099,avaConv,solar
GR,h6382,0.0,scr2099,avaConv,solar
GR,h6383,0.0,scr2099,avaConv,solar
GR,h6384,0.0,scr2099,avaConv,solar
GR,h6385,0.0,scr2099,avaConv,solar
GR,h6386,0.0,scr2099,avaConv,solar
GR,h6387,0.0,scr2099,avaConv,solar
GR,h6388,0.0,scr2099,avaConv,solar
GR,h6389,0.0014457519279164224,scr2099,avaConv,solar
GR,h6390,0.045576917446765265,scr2099,avaConv,solar
GR,h6391,0.15087541601487997,scr2099,avaConv,solar
GR,h6392,0.32115309615264315,scr2099,avaConv,solar
GR,h6393,0.4934819615127747,scr2099,avaConv,solar
GR,h6394,0.6393246530898794,scr2099,avaConv,solar
GR,h6395,0.7355823766061849,scr2099,avaConv,solar
GR,h6396,0.7700824368422381,scr2099,avaConv,solar
GR,h6397,0.743037539753409,scr2099,avaConv,solar
GR,h6398,0.6544174050886011,scr2099,avaConv,solar
GR,h6399,0.5147364151568685,scr2099,avaConv,solar
GR,h6400,0.3112669257059127,scr2099,avaConv,solar
GR,h6401,0.13259913914303323,scr2099,avaConv,solar
GR,h6402,0.023286103470288522,scr2099,avaConv,solar
GR,h6403,0.0,scr2099,avaConv,solar
GR,h6404,0.0,scr2099,avaConv,solar
GR,h6405,0.0,scr2099,avaConv,solar
GR,h6406,0.0,scr2099,avaConv,solar
GR,h6407,0.0,scr2099,avaConv,solar
GR,h6408,0.0,scr2099,avaConv,solar
GR,h6409,0.0,scr2099,avaConv,solar
GR,h6410,0.0,scr2099,avaConv,solar
GR,h6411,0.0,scr2099,avaConv,solar
GR,h6412,0.0,scr2099,avaConv,solar
GR,h6413,0.0011629098870545758,scr2099,avaConv,solar
GR,h6414,0.04345018396736556,scr2099,avaConv,solar
GR,h6415,0.1465775484498485,scr2099,avaConv,solar
GR,h6416,0.3147793536500313,scr2099,avaConv,solar
GR,h6417,0.4867559395222636,scr2099,avaConv,solar
GR,h6418,0.632225610355987,scr2099,avaConv,solar
GR,h6419,0.7285213000904919,scr2099,avaConv,solar
GR,h6420,0.7634766607395248,scr2099,avaConv,solar
GR,h6421,0.7373650885167946,scr2099,avaConv,solar
GR,h6422,0.6501874560033576,scr2099,avaConv,solar
GR,h6423,0.5132603129895766,scr2099,avaConv,solar
GR,h6424,0.3097059432760099,scr2099,avaConv,solar
GR,h6425,0.1318837525383805,scr2099,avaConv,solar
GR,h6426,0.022060512184381383,scr2099,avaConv,solar
GR,h6427,0.0,scr2099,avaConv,solar
GR,h6428,0.0,scr2099,avaConv,solar
GR,h6429,0.0,scr2099,avaConv,solar
GR,h6430,0.0,scr2099,avaConv,solar
GR,h6431,0.0,scr2099,avaConv,solar
GR,h6432,0.0,scr2099,avaConv,solar
GR,h6433,0.0,scr2099,avaConv,solar
GR,h6434,0.0,scr2099,avaConv,solar
GR,h6435,0.0,scr2099,avaConv,solar
GR,h6436,0.0,scr2099,avaConv,solar
GR,h6437,0.000881555533766363,scr2099,avaConv,solar
GR,h6438,0.040916453674715386,scr2099,avaConv,solar
GR,h6439,0.1412115262531146,scr2099,avaConv,solar
GR,h6440,0.3064275292635403,scr2099,avaConv,solar
GR,h6441,0.47776854531886964,scr2099,avaConv,solar
GR,h6442,0.6230731797872312,scr2099,avaConv,solar
GR,h6443,0.7200574565975244,scr2099,avaConv,solar
GR,h6444,0.7561618178359171,scr2099,avaConv,solar
GR,h6445,0.7313820894655763,scr2099,avaConv,solar
GR,h6446,0.645651819702995,scr2099,avaConv,solar
GR,h6447,0.5118082085910473,scr2099,avaConv,solar
GR,h6448,0.3082822428415923,scr2099,avaConv,solar
GR,h6449,0.1315178453665707,scr2099,avaConv,solar
GR,h6450,0.02092691908251085,scr2099,avaConv,solar
GR,h6451,0.0,scr2099,avaConv,solar
GR,h6452,0.0,scr2099,avaConv,solar
GR,h6453,0.0,scr2099,avaConv,solar
GR,h6454,0.0,scr2099,avaConv,solar
GR,h6455,0.0,scr2099,avaConv,solar
GR,h6456,0.0,scr2099,avaConv,solar
GR,h6457,0.0,scr2099,avaConv,solar
GR,h6458,0.0,scr2099,avaConv,solar
GR,h6459,0.001574303136288214,scr2099,avaConv,solar
GR,h6460,0.001574303136288214,scr2099,avaConv,solar
GR,h6461,0.0024025040343080076,scr2099,avaConv,solar
GR,h6462,0.03918056357338356,scr2099,avaConv,solar
GR,h6463,0.13790721111013673,scr2099,avaConv,solar
GR,h6464,0.3019400178474741,scr2099,avaConv,solar
GR,h6465,0.47413313375561283,scr2099,avaConv,solar
GR,h6466,0.6205275024230872,scr2099,avaConv,solar
GR,h6467,0.7190015256891922,scr2099,avaConv,solar
GR,h6468,0.7564723290649108,scr2099,avaConv,solar
GR,h6469,0.7328976684251364,scr2099,avaConv,solar
GR,h6470,0.6483739714271062,scr2099,avaConv,solar
GR,h6471,0.5172078162072375,scr2099,avaConv,solar
GR,h6472,0.31218402380410876,scr2099,avaConv,solar
GR,h6473,0.13396353926299567,scr2099,avaConv,solar
GR,h6474,0.02056921733197364,scr2099,avaConv,solar
GR,h6475,0.0,scr2099,avaConv,solar
GR,h6476,0.0,scr2099,avaConv,solar
GR,h6477,0.0,scr2099,avaConv,solar
GR,h6478,0.0,scr2099,avaConv,solar
GR,h6479,0.0,scr2099,avaConv,solar
GR,h6480,0.0,scr2099,avaConv,solar
GR,h6481,0.0,scr2099,avaConv,solar
GR,h6482,0.0,scr2099,avaConv,solar
GR,h6483,0.0,scr2099,avaConv,solar
GR,h6484,0.0,scr2099,avaConv,solar
GR,h6485,0.0005812217129029122,scr2099,avaConv,solar
GR,h6486,0.039326321495357044,scr2099,avaConv,solar
GR,h6487,0.1389910848793399,scr2099,avaConv,solar
GR,h6488,0.30496813567820946,scr2099,avaConv,solar
GR,h6489,0.478930919100785,scr2099,avaConv,solar
GR,h6490,0.6266686234688262,scr2099,avaConv,solar
GR,h6491,0.7251485136964136,scr2099,avaConv,solar
GR,h6492,0.762215764282544,scr2099,avaConv,solar
GR,h6493,0.737761365732787,scr2099,avaConv,solar
GR,h6494,0.6529653870255895,scr2099,avaConv,solar
GR,h6495,0.5227433862052226,scr2099,avaConv,solar
GR,h6496,0.3160002608151074,scr2099,avaConv,solar
GR,h6497,0.13616591535956601,scr2099,avaConv,solar
GR,h6498,0.02048463591616957,scr2099,avaConv,solar
GR,h6499,0.0,scr2099,avaConv,solar
GR,h6500,0.0,scr2099,avaConv,solar
GR,h6501,0.0,scr2099,avaConv,solar
GR,h6502,0.0,scr2099,avaConv,solar
GR,h6503,0.0,scr2099,avaConv,solar
GR,h6504,0.0,scr2099,avaConv,solar
GR,h6505,0.0,scr2099,avaConv,solar
GR,h6506,0.0,scr2099,avaConv,solar
GR,h6507,0.0,scr2099,avaConv,solar
GR,h6508,0.0,scr2099,avaConv,solar
GR,h6509,0.00045741460316608875,scr2099,avaConv,solar
GR,h6510,0.03699316635142967,scr2099,avaConv,solar
GR,h6511,0.13356477959621016,scr2099,avaConv,solar
GR,h6512,0.2956196313795306,scr2099,avaConv,solar
GR,h6513,0.46786045999546133,scr2099,avaConv,solar
GR,h6514,0.6146761857212856,scr2099,avaConv,solar
GR,h6515,0.7135443027504933,scr2099,avaConv,solar
GR,h6516,0.7520884839519438,scr2099,avaConv,solar
GR,h6517,0.7288798297821041,scr2099,avaConv,solar
GR,h6518,0.6455777338458861,scr2099,avaConv,solar
GR,h6519,0.5183491937116512,scr2099,avaConv,solar
GR,h6520,0.31121881709631866,scr2099,avaConv,solar
GR,h6521,0.13353200063793988,scr2099,avaConv,solar
GR,h6522,0.018144428579793884,scr2099,avaConv,solar
GR,h6523,0.0,scr2099,avaConv,solar
GR,h6524,0.0,scr2099,avaConv,solar
GR,h6525,0.0,scr2099,avaConv,solar
GR,h6526,0.0,scr2099,avaConv,solar
GR,h6527,0.0,scr2099,avaConv,solar
GR,h6528,0.0,scr2099,avaConv,solar
GR,h6529,0.0,scr2099,avaConv,solar
GR,h6530,0.0,scr2099,avaConv,solar
GR,h6531,0.0,scr2099,avaConv,solar
GR,h6532,0.0,scr2099,avaConv,solar
GR,h6533,0.0003415491433352702,scr2099,avaConv,solar
GR,h6534,0.03568851038466077,scr2099,avaConv,solar
GR,h6535,0.13109292106209122,scr2099,avaConv,solar
GR,h6536,0.2924023106341097,scr2099,avaConv,solar
GR,h6537,0.4657501808543757,scr2099,avaConv,solar
GR,h6538,0.613738927602174,scr2099,avaConv,solar
GR,h6539,0.7139584920013352,scr2099,avaConv,solar
GR,h6540,0.7536439531787464,scr2099,avaConv,solar
GR,h6541,0.731511615958728,scr2099,avaConv,solar
GR,h6542,0.6491404130507741,scr2099,avaConv,solar
GR,h6543,0.5240380273535369,scr2099,avaConv,solar
GR,h6544,0.3148034196971461,scr2099,avaConv,solar
GR,h6545,0.13555589298867673,scr2099,avaConv,solar
GR,h6546,0.017576038334283794,scr2099,avaConv,solar
GR,h6547,0.0,scr2099,avaConv,solar
GR,h6548,0.0,scr2099,avaConv,solar
GR,h6549,0.0,scr2099,avaConv,solar
GR,h6550,0.0,scr2099,avaConv,solar
GR,h6551,0.0,scr2099,avaConv,solar
GR,h6552,0.0,scr2099,avaConv,solar
HR,h5809,0.0,scr2099,avaConv,solar
HR,h5810,0.0,scr2099,avaConv,solar
HR,h5811,0.0,scr2099,avaConv,solar
HR,h5812,0.0,scr2099,avaConv,solar
HR,h5813,0.000924225959573169,scr2099,avaConv,solar
HR,h5814,0.03252088241610556,scr2099,avaConv,solar
HR,h5815,0.11216901579180945,scr2099,avaConv,solar
HR,h5816,0.24410766517448,scr2099,avaConv,solar
HR,h5817,0.3859517402602954,scr2099,avaConv,solar
HR,h5818,0.5153042803799729,scr2099,avaConv,solar
HR,h5819,0.6142025117402727,scr2099,avaConv,solar
HR,h5820,0.6676881780052069,scr2099,avaConv,solar
HR,h5821,0.6672756871998019,scr2099,avaConv,solar
HR,h5822,0.6121252099745447,scr2099,avaConv,solar
HR,h5823,0.5028609494799529,scr2099,avaConv,solar
HR,h5824,0.3377377760327088,scr2099,avaConv,solar
HR,h5825,0.1801580085197902,scr2099,avaConv,solar
HR,h5826,0.06078899291822941,scr2099,avaConv,solar
HR,h5827,0.015200929538441932,scr2099,avaConv,solar
HR,h5828,0.0,scr2099,avaConv,solar
HR,h5829,0.0,scr2099,avaConv,solar
HR,h5830,0.0,scr2099,avaConv,solar
HR,h5831,0.0,scr2099,avaConv,solar
HR,h5832,0.0,scr2099,avaConv,solar
HR,h5833,0.0,scr2099,avaConv,solar
HR,h5834,0.0,scr2099,avaConv,solar
HR,h5835,0.0,scr2099,avaConv,solar
HR,h5836,0.0,scr2099,avaConv,solar
HR,h5837,0.0006101174988756579,scr2099,avaConv,solar
HR,h5838,0.03007929517460118,scr2099,avaConv,solar
HR,h5839,0.1067248051443287,scr2099,avaConv,solar
HR,h5840,0.23564943549937215,scr2099,avaConv,solar
HR,h5841,0.37642461406414984,scr2099,avaConv,solar
HR,h5842,0.5055045568546935,scr2099,avaConv,solar
HR,h5843,0.605191583225185,scr2099,avaConv,solar
HR,h5844,0.6602037927284252,scr2099,avaConv,solar
HR,h5845,0.6618987527992428,scr2099,avaConv,solar
HR,h5846,0.6088926370958934,scr2099,avaConv,solar
HR,h5847,0.5015689264076377,scr2099,avaConv,solar
HR,h5848,0.33766575969028095,scr2099,avaConv,solar
HR,h5849,0.1856591664317609,scr2099,avaConv,solar
HR,h5850,0.06563351567523057,scr2099,avaConv,solar
HR,h5851,0.019346631772314275,scr2099,avaConv,solar
HR,h5852,0.0,scr2099,avaConv,solar
HR,h5853,0.0,scr2099,avaConv,solar
HR,h5854,0.0,scr2099,avaConv,solar
HR,h5855,0.0,scr2099,avaConv,solar
HR,h5856,0.0,scr2099,avaConv,solar
HR,h5857,0.0,scr2099,avaConv,solar
HR,h5858,0.0,scr2099,avaConv,solar
HR,h5859,0.0,scr2099,avaConv,solar
HR,h5860,0.0,scr2099,avaConv,solar
HR,h5861,0.0004666271436538696,scr2099,avaConv,solar
HR,h5862,0.023057812229987887,scr2099,avaConv,solar
HR,h5863,0.07647655475199754,scr2099,avaConv,solar
HR,h5864,0.16362617248634442,scr2099,avaConv,solar
HR,h5865,0.2549365587452889,scr2099,avaConv,solar
HR,h5866,0.34422106954175963,scr2099,avaConv,solar
HR,h5867,0.43529811677667973,scr2099,avaConv,solar
HR,h5868,0.5147467234272345,scr2099,avaConv,solar
HR,h5869,0.572017661309756,scr2099,avaConv,solar
HR,h5870,0.5593772214136886,scr2099,avaConv,solar
HR,h5871,0.47753744511903196,scr2099,avaConv,solar
HR,h5872,0.3179981609803454,scr2099,avaConv,solar
HR,h5873,0.1718512668768841,scr2099,avaConv,solar
HR,h5874,0.058587719217688496,scr2099,avaConv,solar
HR,h5875,0.016325833381279253,scr2099,avaConv,solar
HR,h5876,0.0,scr2099,avaConv,solar
HR,h5877,0.0,scr2099,avaConv,solar
HR,h5878,0.0,scr2099,avaConv,solar
HR,h5879,0.0,scr2099,avaConv,solar
HR,h5880,0.0,scr2099,avaConv,solar
HR,h5881,0.0,scr2099,avaConv,solar
HR,h5882,0.0,scr2099,avaConv,solar
HR,h5883,0.0,scr2099,avaConv,solar
HR,h5884,0.0,scr2099,avaConv,solar
HR,h5885,0.0002910692811194652,scr2099,avaConv,solar
HR,h5886,0.030001942313162833,scr2099,avaConv,solar
HR,h5887,0.10958581381834048,scr2099,avaConv,solar
HR,h5888,0.2450080187453219,scr2099,avaConv,solar
HR,h5889,0.39065360962836354,scr2099,avaConv,solar
HR,h5890,0.5253707408269437,scr2099,avaConv,solar
HR,h5891,0.6297038434381911,scr2099,avaConv,solar
HR,h5892,0.6902725424396173,scr2099,avaConv,solar
HR,h5893,0.6935326499179177,scr2099,avaConv,solar
HR,h5894,0.6394775197924626,scr2099,avaConv,solar
HR,h5895,0.5289718356784916,scr2099,avaConv,solar
HR,h5896,0.3580259972518272,scr2099,avaConv,solar
HR,h5897,0.195605603995571,scr2099,avaConv,solar
HR,h5898,0.06831917994629266,scr2099,avaConv,solar
HR,h5899,0.018879680692838907,scr2099,avaConv,solar
HR,h5900,0.0,scr2099,avaConv,solar
HR,h5901,0.0,scr2099,avaConv,solar
HR,h5902,0.0,scr2099,avaConv,solar
HR,h5903,0.0,scr2099,avaConv,solar
HR,h5904,0.0,scr2099,avaConv,solar
HR,h5905,0.0,scr2099,avaConv,solar
HR,h5906,0.0,scr2099,avaConv,solar
HR,h5907,0.0,scr2099,avaConv,solar
HR,h5908,0.0,scr2099,avaConv,solar
HR,h5909,0.000102759943289732,scr2099,avaConv,solar
HR,h5910,0.026440635505278094,scr2099,avaConv,solar
HR,h5911,0.09734980624752143,scr2099,avaConv,solar
HR,h5912,0.22086895573137535,scr2099,avaConv,solar
HR,h5913,0.36462845165451363,scr2099,avaConv,solar
HR,h5914,0.5014210441686431,scr2099,avaConv,solar
HR,h5915,0.6176216092378715,scr2099,avaConv,solar
HR,h5916,0.6830677194351644,scr2099,avaConv,solar
HR,h5917,0.6933332186758068,scr2099,avaConv,solar
HR,h5918,0.6327912701796405,scr2099,avaConv,solar
HR,h5919,0.5130875555954291,scr2099,avaConv,solar
HR,h5920,0.3360117887947014,scr2099,avaConv,solar
HR,h5921,0.17702252843563146,scr2099,avaConv,solar
HR,h5922,0.05935289359948824,scr2099,avaConv,solar
HR,h5923,0.015953488861945215,scr2099,avaConv,solar
HR,h5924,0.0,scr2099,avaConv,solar
HR,h5925,0.0,scr2099,avaConv,solar
HR,h5926,0.0,scr2099,avaConv,solar
HR,h5927,0.0,scr2099,avaConv,solar
HR,h5928,0.0,scr2099,avaConv,solar
HR,h5929,0.0,scr2099,avaConv,solar
HR,h5930,0.0,scr2099,avaConv,solar
HR,h5931,0.0,scr2099,avaConv,solar
HR,h5932,0.0,scr2099,avaConv,solar
HR,h5933,0.00020994473678929342,scr2099,avaConv,solar
HR,h5934,0.029309046101360575,scr2099,avaConv,solar
HR,h5935,0.10855131235160763,scr2099,avaConv,solar
HR,h5936,0.24429532600437737,scr2099,avaConv,solar
HR,h5937,0.39514882528225703,scr2099,avaConv,solar
HR,h5938,0.5337442119814182,scr2099,avaConv,solar
HR,h5939,0.6408954927531089,scr2099,avaConv,solar
HR,h5940,0.6998152536381619,scr2099,avaConv,solar
HR,h5941,0.7018019993580624,scr2099,avaConv,solar
HR,h5942,0.6460378957224397,scr2099,avaConv,solar
HR,h5943,0.5332077828096006,scr2099,avaConv,solar
HR,h5944,0.3601354368921615,scr2099,avaConv,solar
HR,h5945,0.19536301889394764,scr2099,avaConv,solar
HR,h5946,0.0674909825869581,scr2099,avaConv,solar
HR,h5947,0.018029684340388392,scr2099,avaConv,solar
HR,h5948,0.0,scr2099,avaConv,solar
HR,h5949,0.0,scr2099,avaConv,solar
HR,h5950,0.0,scr2099,avaConv,solar
HR,h5951,0.0,scr2099,avaConv,solar
HR,h5952,0.0,scr2099,avaConv,solar
HR,h5953,0.0,scr2099,avaConv,solar
HR,h5954,0.0,scr2099,avaConv,solar
HR,h5955,0.0,scr2099,avaConv,solar
HR,h5956,0.0,scr2099,avaConv,solar
HR,h5957,0.00012685664736636378,scr2099,avaConv,solar
HR,h5958,0.027481973770441433,scr2099,avaConv,solar
HR,h5959,0.10432671977999625,scr2099,avaConv,solar
HR,h5960,0.2372433419448225,scr2099,avaConv,solar
HR,h5961,0.38685075890772824,scr2099,avaConv,solar
HR,h5962,0.5238817453066813,scr2099,avaConv,solar
HR,h5963,0.6306878325796785,scr2099,avaConv,solar
HR,h5964,0.6900563737286068,scr2099,avaConv,solar
HR,h5965,0.6925126403665266,scr2099,avaConv,solar
HR,h5966,0.631649396583402,scr2099,avaConv,solar
HR,h5967,0.514891559091449,scr2099,avaConv,solar
HR,h5968,0.343317636162486,scr2099,avaConv,solar
HR,h5969,0.18420364956206828,scr2099,avaConv,solar
HR,h5970,0.06303495937180371,scr2099,avaConv,solar
HR,h5971,0.015938409729967355,scr2099,avaConv,solar
HR,h5972,0.0,scr2099,avaConv,solar
HR,h5973,0.0,scr2099,avaConv,solar
HR,h5974,0.0,scr2099,avaConv,solar
HR,h5975,0.0,scr2099,avaConv,solar
HR,h5976,0.0,scr2099,avaConv,solar
HR,h5977,0.0,scr2099,avaConv,solar
HR,h5978,0.0,scr2099,avaConv,solar
HR,h5979,0.0,scr2099,avaConv,solar
HR,h5980,0.0,scr2099,avaConv,solar
HR,h5981,0.0,scr2099,avaConv,solar
HR,h5982,0.025606801690852242,scr2099,avaConv,solar
HR,h5983,0.09896843354185403,scr2099,avaConv,solar
HR,h5984,0.22831953835016866,scr2099,avaConv,solar
HR,h5985,0.3761094636254323,scr2099,avaConv,solar
HR,h5986,0.5133435350293534,scr2099,avaConv,solar
HR,h5987,0.6198656680253491,scr2099,avaConv,solar
HR,h5988,0.6790898248871875,scr2099,avaConv,solar
HR,h5989,0.6827740354331796,scr2099,avaConv,solar
HR,h5990,0.629494028360942,scr2099,avaConv,solar
HR,h5991,0.5201715084093328,scr2099,avaConv,solar
HR,h5992,0.3511486423671815,scr2099,avaConv,solar
HR,h5993,0.1875362814554804,scr2099,avaConv,solar
HR,h5994,0.06299331710646498,scr2099,avaConv,solar
HR,h5995,0.015321530460540377,scr2099,avaConv,solar
HR,h5996,0.0,scr2099,avaConv,solar
HR,h5997,0.0,scr2099,avaConv,solar
HR,h5998,0.0,scr2099,avaConv,solar
HR,h5999,0.0,scr2099,avaConv,solar
HR,h6000,0.0,scr2099,avaConv,solar
HR,h6001,0.0,scr2099,avaConv,solar
HR,h6002,0.0,scr2099,avaConv,solar
HR,h6003,0.0,scr2099,avaConv,solar
HR,h6004,0.0,scr2099,avaConv,solar
HR,h6005,0.0,scr2099,avaConv,solar
HR,h6006,0.02270254528291424,scr2099,avaConv,solar
HR,h6007,0.09251493931741758,scr2099,avaConv,solar
HR,h6008,0.213341890326917,scr2099,avaConv,solar
HR,h6009,0.35063659640374534,scr2099,avaConv,solar
HR,h6010,0.4787190351573594,scr2099,avaConv,solar
HR,h6011,0.5700763530837588,scr2099,avaConv,solar
HR,h6012,0.6241625859503093,scr2099,avaConv,solar
HR,h6013,0.6215271612420463,scr2099,avaConv,solar
HR,h6014,0.5810979411928033,scr2099,avaConv,solar
HR,h6015,0.48754199214780647,scr2099,avaConv,solar
HR,h6016,0.3356330363439634,scr2099,avaConv,solar
HR,h6017,0.180709960911859,scr2099,avaConv,solar
HR,h6018,0.05992444266234811,scr2099,avaConv,solar
HR,h6019,0.013852219829459278,scr2099,avaConv,solar
HR,h6020,0.0,scr2099,avaConv,solar
HR,h6021,0.0,scr2099,avaConv,solar
HR,h6022,0.0,scr2099,avaConv,solar
HR,h6023,0.0,scr2099,avaConv,solar
HR,h6024,0.0,scr2099,avaConv,solar
HR,h6025,0.0,scr2099,avaConv,solar
HR,h6026,0.0,scr2099,avaConv,solar
HR,h6027,0.0,scr2099,avaConv,solar
HR,h6028,0.0,scr2099,avaConv,solar
HR,h6029,0.0,scr2099,avaConv,solar
HR,h6030,0.021896149586949906,scr2099,avaConv,solar
HR,h6031,0.08942818641919024,scr2099,avaConv,solar
HR,h6032,0.2124559917583786,scr2099,avaConv,solar
HR,h6033,0.35708584621588996,scr2099,avaConv,solar
HR,h6034,0.48688055497306526,scr2099,avaConv,solar
HR,h6035,0.5862303226227393,scr2099,avaConv,solar
HR,h6036,0.6404875197932797,scr2099,avaConv,solar
HR,h6037,0.6449134937630483,scr2099,avaConv,solar
HR,h6038,0.594903689759972,scr2099,avaConv,solar
HR,h6039,0.49375895809652304,scr2099,avaConv,solar
HR,h6040,0.3355741091518859,scr2099,avaConv,solar
HR,h6041,0.17776432409988244,scr2099,avaConv,solar
HR,h6042,0.05788211493257098,scr2099,avaConv,solar
HR,h6043,0.01239630085027767,scr2099,avaConv,solar
HR,h6044,0.0,scr2099,avaConv,solar
HR,h6045,0.0,scr2099,avaConv,solar
HR,h6046,0.0,scr2099,avaConv,solar
HR,h6047,0.0,scr2099,avaConv,solar
HR,h6048,0.0,scr2099,avaConv,solar
HR,h6049,0.0,scr2099,avaConv,solar
HR,h6050,0.0,scr2099,avaConv,solar
HR,h6051,0.0,scr2099,avaConv,solar
HR,h6052,0.0,scr2099,avaConv,solar
HR,h6053,0.0,scr2099,avaConv,solar
HR,h6054,0.01836487349190625,scr2099,avaConv,solar
HR,h6055,0.07968649597187621,scr2099,avaConv,solar
HR,h6056,0.19271430324630937,scr2099,avaConv,solar
HR,h6057,0.3409800930169754,scr2099,avaConv,solar
HR,h6058,0.48388855866097163,scr2099,avaConv,solar
HR,h6059,0.600913017691625,scr2099,avaConv,solar
HR,h6060,0.6634790280556132,scr2099,avaConv,solar
HR,h6061,0.6710841365600178,scr2099,avaConv,solar
HR,h6062,0.6213225348730095,scr2099,avaConv,solar
HR,h6063,0.5155962653468295,scr2099,avaConv,solar
HR,h6064,0.3491443124123244,scr2099,avaConv,solar
HR,h6065,0.1839382535547045,scr2099,avaConv,solar
HR,h6066,0.06020181875918411,scr2099,avaConv,solar
HR,h6067,0.012809282734929482,scr2099,avaConv,solar
HR,h6068,0.0,scr2099,avaConv,solar
HR,h6069,0.0,scr2099,avaConv,solar
HR,h6070,0.0,scr2099,avaConv,solar
HR,h6071,0.0,scr2099,avaConv,solar
HR,h6072,0.0,scr2099,avaConv,solar
HR,h6073,0.0,scr2099,avaConv,solar
HR,h6074,0.0,scr2099,avaConv,solar
HR,h6075,0.0,scr2099,avaConv,solar
HR,h6076,0.0,scr2099,avaConv,solar
HR,h6077,0.0,scr2099,avaConv,solar
HR,h6078,0.02259599824309445,scr2099,avaConv,solar
HR,h6079,0.0946389392978731,scr2099,avaConv,solar
HR,h6080,0.22361718420528964,scr2099,avaConv,solar
HR,h6081,0.3763593091587776,scr2099,avaConv,solar
HR,h6082,0.5169552807522325,scr2099,avaConv,solar
HR,h6083,0.6268922492395089,scr2099,avaConv,solar
HR,h6084,0.6887336535424671,scr2099,avaConv,solar
HR,h6085,0.6941495236834618,scr2099,avaConv,solar
HR,h6086,0.6411752341221219,scr2099,avaConv,solar
HR,h6087,0.5313557259715675,scr2099,avaConv,solar
HR,h6088,0.3605025419216573,scr2099,avaConv,solar
HR,h6089,0.1896167034608738,scr2099,avaConv,solar
HR,h6090,0.06203194332688853,scr2099,avaConv,solar
HR,h6091,0.012715356740858054,scr2099,avaConv,solar
HR,h6092,0.0,scr2099,avaConv,solar
HR,h6093,0.0,scr2099,avaConv,solar
HR,h6094,0.0,scr2099,avaConv,solar
HR,h6095,0.0,scr2099,avaConv,solar
HR,h6096,0.0,scr2099,avaConv,solar
HR,h6097,0.0,scr2099,avaConv,solar
HR,h6098,0.0,scr2099,avaConv,solar
HR,h6099,0.0,scr2099,avaConv,solar
HR,h6100,0.0,scr2099,avaConv,solar
HR,h6101,0.0,scr2099,avaConv,solar
HR,h6102,0.021748320523720797,scr2099,avaConv,solar
HR,h6103,0.09259343931676335,scr2099,avaConv,solar
HR,h6104,0.22002495738046632,scr2099,avaConv,solar
HR,h6105,0.37194545457754935,scr2099,avaConv,solar
HR,h6106,0.5116806344788613,scr2099,avaConv,solar
HR,h6107,0.6210297539693633,scr2099,avaConv,solar
HR,h6108,0.6829495018245887,scr2099,avaConv,solar
HR,h6109,0.6889904365471298,scr2099,avaConv,solar
HR,h6110,0.6369156637456412,scr2099,avaConv,solar
HR,h6111,0.5282458607776215,scr2099,avaConv,solar
HR,h6112,0.35894097466026403,scr2099,avaConv,solar
HR,h6113,0.18788436754135932,scr2099,avaConv,solar
HR,h6114,0.0609765806713344,scr2099,avaConv,solar
HR,h6115,0.011739689629963138,scr2099,avaConv,solar
HR,h6116,0.0,scr2099,avaConv,solar
HR,h6117,0.0,scr2099,avaConv,solar
HR,h6118,0.0,scr2099,avaConv,solar
HR,h6119,0.0,scr2099,avaConv,solar
HR,h6120,0.0,scr2099,avaConv,solar
HR,h6121,0.0,scr2099,avaConv,solar
HR,h6122,0.0,scr2099,avaConv,solar
HR,h6123,0.0,scr2099,avaConv,solar
HR,h6124,0.0,scr2099,avaConv,solar
HR,h6125,0.0,scr2099,avaConv,solar
HR,h6126,0.020032405885087878,scr2099,avaConv,solar
HR,h6127,0.08786229654298909,scr2099,avaConv,solar
HR,h6128,0.2108586071341381,scr2099,avaConv,solar
HR,h6129,0.3581845475654177,scr2099,avaConv,solar
HR,h6130,0.4920672750164288,scr2099,avaConv,solar
HR,h6131,0.5986332675271753,scr2099,avaConv,solar
HR,h6132,0.6591329922813872,scr2099,avaConv,solar
HR,h6133,0.6679246619930516,scr2099,avaConv,solar
HR,h6134,0.6189291906993685,scr2099,avaConv,solar
HR,h6135,0.5156977114475112,scr2099,avaConv,solar
HR,h6136,0.3516254636812266,scr2099,avaConv,solar
HR,h6137,0.18353386240503367,scr2099,avaConv,solar
HR,h6138,0.059246854714467764,scr2099,avaConv,solar
HR,h6139,0.010990616421202325,scr2099,avaConv,solar
HR,h6140,0.0,scr2099,avaConv,solar
HR,h6141,0.0,scr2099,avaConv,solar
HR,h6142,0.0,scr2099,avaConv,solar
HR,h6143,0.0,scr2099,avaConv,solar
HR,h6144,0.0,scr2099,avaConv,solar
HR,h6145,0.0,scr2099,avaConv,solar
HR,h6146,0.0,scr2099,avaConv,solar
HR,h6147,0.0,scr2099,avaConv,solar
HR,h6148,0.0,scr2099,avaConv,solar
HR,h6149,0.0,scr2099,avaConv,solar
HR,h6150,0.018355044398312037,scr2099,avaConv,solar
HR,h6151,0.08352481429204739,scr2099,avaConv,solar
HR,h6152,0.20307838657921548,scr2099,avaConv,solar
HR,h6153,0.3506955895090402,scr2099,avaConv,solar
HR,h6154,0.48833621406729577,scr2099,avaConv,solar
HR,h6155,0.5978994122352086,scr2099,avaConv,solar
HR,h6156,0.6617018715706908,scr2099,avaConv,solar
HR,h6157,0.6712783351340853,scr2099,avaConv,solar
HR,h6158,0.6233883679819064,scr2099,avaConv,solar
HR,h6159,0.5193779573841882,scr2099,avaConv,solar
HR,h6160,0.3545316490950495,scr2099,avaConv,solar
HR,h6161,0.18377981146013483,scr2099,avaConv,solar
HR,h6162,0.05869954432487416,scr2099,avaConv,solar
HR,h6163,0.0096719673494824,scr2099,avaConv,solar
HR,h6164,0.0,scr2099,avaConv,solar
HR,h6165,0.0,scr2099,avaConv,solar
HR,h6166,0.0,scr2099,avaConv,solar
HR,h6167,0.0,scr2099,avaConv,solar
HR,h6168,0.0,scr2099,avaConv,solar
HR,h6169,0.0,scr2099,avaConv,solar
HR,h6170,0.0,scr2099,avaConv,solar
HR,h6171,0.0,scr2099,avaConv,solar
HR,h6172,0.0,scr2099,avaConv,solar
HR,h6173,0.0,scr2099,avaConv,solar
HR,h6174,0.014235036091310353,scr2099,avaConv,solar
HR,h6175,0.0665705187807626,scr2099,avaConv,solar
HR,h6176,0.1646346444149341,scr2099,avaConv,solar
HR,h6177,0.2836040226165541,scr2099,avaConv,solar
HR,h6178,0.3826595258267865,scr2099,avaConv,solar
HR,h6179,0.4573858143438611,scr2099,avaConv,solar
HR,h6180,0.5011879320730962,scr2099,avaConv,solar
HR,h6181,0.4945308827726529,scr2099,avaConv,solar
HR,h6182,0.4344772599317349,scr2099,avaConv,solar
HR,h6183,0.34277845847557536,scr2099,avaConv,solar
HR,h6184,0.22618198984239768,scr2099,avaConv,solar
HR,h6185,0.1170314034530985,scr2099,avaConv,solar
HR,h6186,0.033492879673543974,scr2099,avaConv,solar
HR,h6187,0.004353159351464873,scr2099,avaConv,solar
HR,h6188,0.0,scr2099,avaConv,solar
HR,h6189,0.0,scr2099,avaConv,solar
HR,h6190,0.0,scr2099,avaConv,solar
HR,h6191,0.0,scr2099,avaConv,solar
HR,h6192,0.0,scr2099,avaConv,solar
HR,h6193,0.0,scr2099,avaConv,solar
HR,h6194,0.0,scr2099,avaConv,solar
HR,h6195,0.0,scr2099,avaConv,solar
HR,h6196,0.0,scr2099,avaConv,solar
HR,h6197,0.0,scr2099,avaConv,solar
HR,h6198,0.00957344816594112,scr2099,avaConv,solar
HR,h6199,0.056422490136232274,scr2099,avaConv,solar
HR,h6200,0.1549610217727136,scr2099,avaConv,solar
HR,h6201,0.2829906509669681,scr2099,avaConv,solar
HR,h6202,0.4068675384569689,scr2099,avaConv,solar
HR,h6203,0.5071259200670944,scr2099,avaConv,solar
HR,h6204,0.5753308565866636,scr2099,avaConv,solar
HR,h6205,0.5966347371824511,scr2099,avaConv,solar
HR,h6206,0.5632493921222081,scr2099,avaConv,solar
HR,h6207,0.4746816870455162,scr2099,avaConv,solar
HR,h6208,0.32976399597082867,scr2099,avaConv,solar
HR,h6209,0.17204782340920294,scr2099,avaConv,solar
HR,h6210,0.05658983890991308,scr2099,avaConv,solar
HR,h6211,0.00876932029564376,scr2099,avaConv,solar
HR,h6212,0.0,scr2099,avaConv,solar
HR,h6213,0.0,scr2099,avaConv,solar
HR,h6214,0.0,scr2099,avaConv,solar
HR,h6215,0.0,scr2099,avaConv,solar
HR,h6216,0.0,scr2099,avaConv,solar
HR,h6217,0.0,scr2099,avaConv,solar
HR,h6218,0.0,scr2099,avaConv,solar
HR,h6219,0.0,scr2099,avaConv,solar
HR,h6220,0.0,scr2099,avaConv,solar
HR,h6221,0.0,scr2099,avaConv,solar
HR,h6222,0.017742978218938426,scr2099,avaConv,solar
HR,h6223,0.08484409213015476,scr2099,avaConv,solar
HR,h6224,0.2099671433763579,scr2099,avaConv,solar
HR,h6225,0.3678293892205611,scr2099,avaConv,solar
HR,h6226,0.5151863206427794,scr2099,avaConv,solar
HR,h6227,0.6320791081265211,scr2099,avaConv,solar
HR,h6228,0.6996395536587677,scr2099,avaConv,solar
HR,h6229,0.7093024551039299,scr2099,avaConv,solar
HR,h6230,0.6584148700916654,scr2099,avaConv,solar
HR,h6231,0.5490485408683712,scr2099,avaConv,solar
HR,h6232,0.37787198217994333,scr2099,avaConv,solar
HR,h6233,0.1950007108999092,scr2099,avaConv,solar
HR,h6234,0.06227595441658953,scr2099,avaConv,solar
HR,h6235,0.008476139813348577,scr2099,avaConv,solar
HR,h6236,0.0,scr2099,avaConv,solar
HR,h6237,0.0,scr2099,avaConv,solar
HR,h6238,0.0,scr2099,avaConv,solar
HR,h6239,0.0,scr2099,avaConv,solar
HR,h6240,0.0,scr2099,avaConv,solar
HR,h6241,0.0,scr2099,avaConv,solar
HR,h6242,0.0,scr2099,avaConv,solar
HR,h6243,0.0,scr2099,avaConv,solar
HR,h6244,0.0,scr2099,avaConv,solar
HR,h6245,0.0,scr2099,avaConv,solar
HR,h6246,0.016104676575270618,scr2099,avaConv,solar
HR,h6247,0.07987568740593984,scr2099,avaConv,solar
HR,h6248,0.19894022512401113,scr2099,avaConv,solar
HR,h6249,0.3505341371900943,scr2099,avaConv,solar
HR,h6250,0.49303841523183684,scr2099,avaConv,solar
HR,h6251,0.6052589352659239,scr2099,avaConv,solar
HR,h6252,0.6719586042206367,scr2099,avaConv,solar
HR,h6253,0.6831210553232536,scr2099,avaConv,solar
HR,h6254,0.6318650534631651,scr2099,avaConv,solar
HR,h6255,0.5270148646718115,scr2099,avaConv,solar
HR,h6256,0.36073630610406765,scr2099,avaConv,solar
HR,h6257,0.18706418140332937,scr2099,avaConv,solar
HR,h6258,0.05898059877457194,scr2099,avaConv,solar
HR,h6259,0.00724291121266205,scr2099,avaConv,solar
HR,h6260,0.0,scr2099,avaConv,solar
HR,h6261,0.0,scr2099,avaConv,solar
HR,h6262,0.0,scr2099,avaConv,solar
HR,h6263,0.0,scr2099,avaConv,solar
HR,h6264,0.0,scr2099,avaConv,solar
HR,h6265,0.0,scr2099,avaConv,solar
HR,h6266,0.0,scr2099,avaConv,solar
HR,h6267,0.0,scr2099,avaConv,solar
HR,h6268,0.0,scr2099,avaConv,solar
HR,h6269,0.0,scr2099,avaConv,solar
HR,h6270,0.013268408311563297,scr2099,avaConv,solar
HR,h6271,0.0707909635619133,scr2099,avaConv,solar
HR,h6272,0.18256852329250509,scr2099,avaConv,solar
HR,h6273,0.34082407332585796,scr2099,avaConv,solar
HR,h6274,0.4949984887020619,scr2099,avaConv,solar
HR,h6275,0.6228825871499613,scr2099,avaConv,solar
HR,h6276,0.6935289370593879,scr2099,avaConv,solar
HR,h6277,0.7061396358118676,scr2099,avaConv,solar
HR,h6278,0.658002602389706,scr2099,avaConv,solar
HR,h6279,0.5510296150868694,scr2099,avaConv,solar
HR,h6280,0.38252748211802057,scr2099,avaConv,solar
HR,h6281,0.196834863314398,scr2099,avaConv,solar
HR,h6282,0.06290096672906141,scr2099,avaConv,solar
HR,h6283,0.007085766034196145,scr2099,avaConv,solar
HR,h6284,0.0,scr2099,avaConv,solar
HR,h6285,0.0,scr2099,avaConv,solar
HR,h6286,0.0,scr2099,avaConv,solar
HR,h6287,0.0,scr2099,avaConv,solar
HR,h6288,0.0,scr2099,avaConv,solar
HR,h6289,0.0,scr2099,avaConv,solar
HR,h6290,0.0,scr2099,avaConv,solar
HR,h6291,0.0,scr2099,avaConv,solar
HR,h6292,0.0,scr2099,avaConv,solar
HR,h6293,0.0,scr2099,avaConv,solar
HR,h6294,0.01548882902921782,scr2099,avaConv,solar
HR,h6295,0.08021574228631521,scr2099,avaConv,solar
HR,h6296,0.20360230232886997,scr2099,avaConv,solar
HR,h6297,0.3642157241964911,scr2099,avaConv,solar
HR,h6298,0.5150379166886278,scr2099,avaConv,solar
HR,h6299,0.6354838133111301,scr2099,avaConv,solar
HR,h6300,0.7055091840394687,scr2099,avaConv,solar
HR,h6301,0.7167835905275728,scr2099,avaConv,solar
HR,h6302,0.6665584739277328,scr2099,avaConv,solar
HR,h6303,0.5578286210897325,scr2099,avaConv,solar
HR,h6304,0.38790234201701884,scr2099,avaConv,solar
HR,h6305,0.19922537650757893,scr2099,avaConv,solar
HR,h6306,0.06345712013988267,scr2099,avaConv,solar
HR,h6307,0.00655826071956512,scr2099,avaConv,solar
HR,h6308,0.0,scr2099,avaConv,solar
HR,h6309,0.0,scr2099,avaConv,solar
HR,h6310,0.0,scr2099,avaConv,solar
HR,h6311,0.0,scr2099,avaConv,solar
HR,h6312,0.0,scr2099,avaConv,solar
HR,h6313,0.0,scr2099,avaConv,solar
HR,h6314,0.0,scr2099,avaConv,solar
HR,h6315,0.0,scr2099,avaConv,solar
HR,h6316,0.0,scr2099,avaConv,solar
HR,h6317,0.0,scr2099,avaConv,solar
HR,h6318,0.013940225897903688,scr2099,avaConv,solar
HR,h6319,0.07502950699761006,scr2099,avaConv,solar
HR,h6320,0.19220404888765757,scr2099,avaConv,solar
HR,h6321,0.3463380171805202,scr2099,avaConv,solar
HR,h6322,0.4914606989829367,scr2099,avaConv,solar
HR,h6323,0.6078937762336687,scr2099,avaConv,solar
HR,h6324,0.6768454453460468,scr2099,avaConv,solar
HR,h6325,0.6899013711615521,scr2099,avaConv,solar
HR,h6326,0.6438202058563346,scr2099,avaConv,solar
HR,h6327,0.540394362028852,scr2099,avaConv,solar
HR,h6328,0.3765574533885978,scr2099,avaConv,solar
HR,h6329,0.19247420567492898,scr2099,avaConv,solar
HR,h6330,0.06075766104867434,scr2099,avaConv,solar
HR,h6331,0.0055244572120799786,scr2099,avaConv,solar
HR,h6332,0.0,scr2099,avaConv,solar
HR,h6333,0.0,scr2099,avaConv,solar
HR,h6334,0.0,scr2099,avaConv,solar
HR,h6335,0.0,scr2099,avaConv,solar
HR,h6336,0.0,scr2099,avaConv,solar
HR,h6337,0.0,scr2099,avaConv,solar
HR,h6338,0.0,scr2099,avaConv,solar
HR,h6339,0.0,scr2099,avaConv,solar
HR,h6340,0.0,scr2099,avaConv,solar
HR,h6341,0.0,scr2099,avaConv,solar
HR,h6342,0.013230615249583143,scr2099,avaConv,solar
HR,h6343,0.07348271828902331,scr2099,avaConv,solar
HR,h6344,0.1901288349789742,scr2099,avaConv,solar
HR,h6345,0.34514086354546164,scr2099,avaConv,solar
HR,h6346,0.49152139715005466,scr2099,avaConv,solar
HR,h6347,0.6092709124892522,scr2099,avaConv,solar
HR,h6348,0.6794340064665981,scr2099,avaConv,solar
HR,h6349,0.6934618686875841,scr2099,avaConv,solar
HR,h6350,0.6481860748607563,scr2099,avaConv,solar
HR,h6351,0.5454621942431478,scr2099,avaConv,solar
HR,h6352,0.3812292823245162,scr2099,avaConv,solar
HR,h6353,0.19473441058729696,scr2099,avaConv,solar
HR,h6354,0.06118427857126958,scr2099,avaConv,solar
HR,h6355,0.005120093444380884,scr2099,avaConv,solar
HR,h6356,0.0,scr2099,avaConv,solar
HR,h6357,0.0,scr2099,avaConv,solar
HR,h6358,0.0,scr2099,avaConv,solar
HR,h6359,0.0,scr2099,avaConv,solar
HR,h6360,0.0,scr2099,avaConv,solar
HR,h6361,0.0,scr2099,avaConv,solar
HR,h6362,0.0,scr2099,avaConv,solar
HR,h6363,0.0,scr2099,avaConv,solar
HR,h6364,0.0,scr2099,avaConv,solar
HR,h6365,0.0,scr2099,avaConv,solar
HR,h6366,0.012288133605197524,scr2099,avaConv,solar
HR,h6367,0.0708036171400632,scr2099,avaConv,solar
HR,h6368,0.18504520371893668,scr2099,avaConv,solar
HR,h6369,0.3383465062191975,scr2099,avaConv,solar
HR,h6370,0.48362983677831906,scr2099,avaConv,solar
HR,h6371,0.6006887394131546,scr2099,avaConv,solar
HR,h6372,0.6709531934640028,scr2099,avaConv,solar
HR,h6373,0.6857107449737889,scr2099,avaConv,solar
HR,h6374,0.6418796753720668,scr2099,avaConv,solar
HR,h6375,0.5411433756198345,scr2099,avaConv,solar
HR,h6376,0.37833805484647276,scr2099,avaConv,solar
HR,h6377,0.19226027095455117,scr2099,avaConv,solar
HR,h6378,0.05959117722718251,scr2099,avaConv,solar
HR,h6379,0.0043296796131794355,scr2099,avaConv,solar
HR,h6380,0.0,scr2099,avaConv,solar
HR,h6381,0.0,scr2099,avaConv,solar
HR,h6382,0.0,scr2099,avaConv,solar
HR,h6383,0.0,scr2099,avaConv,solar
HR,h6384,0.0,scr2099,avaConv,solar
HR,h6385,0.0,scr2099,avaConv,solar
HR,h6386,0.0,scr2099,avaConv,solar
HR,h6387,0.0,scr2099,avaConv,solar
HR,h6388,0.0,scr2099,avaConv,solar
HR,h6389,0.0,scr2099,avaConv,solar
HR,h6390,0.010908231121879872,scr2099,avaConv,solar
HR,h6391,0.06685070862796381,scr2099,avaConv,solar
HR,h6392,0.17775548244200437,scr2099,avaConv,solar
HR,h6393,0.3291380695763284,scr2099,avaConv,solar
HR,h6394,0.47341425631026995,scr2099,avaConv,solar
HR,h6395,0.5900882065851674,scr2099,avaConv,solar
HR,h6396,0.6608357394590656,scr2099,avaConv,solar
HR,h6397,0.6766239274883963,scr2099,avaConv,solar
HR,h6398,0.6345899158209323,scr2099,avaConv,solar
HR,h6399,0.535198126971911,scr2099,avaConv,solar
HR,h6400,0.37034001510205933,scr2099,avaConv,solar
HR,h6401,0.18496829067076476,scr2099,avaConv,solar
HR,h6402,0.054510328279858515,scr2099,avaConv,solar
HR,h6403,0.0033967951081232415,scr2099,avaConv,solar
HR,h6404,0.0,scr2099,avaConv,solar
HR,h6405,0.0,scr2099,avaConv,solar
HR,h6406,0.0,scr2099,avaConv,solar
HR,h6407,0.0,scr2099,avaConv,solar
HR,h6408,0.0,scr2099,avaConv,solar
HR,h6409,0.0,scr2099,avaConv,solar
HR,h6410,0.0,scr2099,avaConv,solar
HR,h6411,0.0,scr2099,avaConv,solar
HR,h6412,0.0,scr2099,avaConv,solar
HR,h6413,0.0,scr2099,avaConv,solar
HR,h6414,0.01030756076411924,scr2099,avaConv,solar
HR,h6415,0.06541671389645871,scr2099,avaConv,solar
HR,h6416,0.17537584943166712,scr2099,avaConv,solar
HR,h6417,0.3269080349055937,scr2099,avaConv,solar
HR,h6418,0.47156429639769437,scr2099,avaConv,solar
HR,h6419,0.589070677070698,scr2099,avaConv,solar
HR,h6420,0.6607956247765187,scr2099,avaConv,solar
HR,h6421,0.6778179103470705,scr2099,avaConv,solar
HR,h6422,0.6368800050569898,scr2099,avaConv,solar
HR,h6423,0.5394729829691925,scr2099,avaConv,solar
HR,h6424,0.3753462880833543,scr2099,avaConv,solar
HR,h6425,0.1885150664689092,scr2099,avaConv,solar
HR,h6426,0.05572169610118756,scr2099,avaConv,solar
HR,h6427,0.003279784559722456,scr2099,avaConv,solar
HR,h6428,0.0,scr2099,avaConv,solar
HR,h6429,0.0,scr2099,avaConv,solar
HR,h6430,0.0,scr2099,avaConv,solar
HR,h6431,0.0,scr2099,avaConv,solar
HR,h6432,0.0,scr2099,avaConv,solar
HR,h6433,0.0,scr2099,avaConv,solar
HR,h6434,0.0,scr2099,avaConv,solar
HR,h6435,0.0,scr2099,avaConv,solar
HR,h6436,0.0,scr2099,avaConv,solar
HR,h6437,0.0,scr2099,avaConv,solar
HR,h6438,0.010086427327743687,scr2099,avaConv,solar
HR,h6439,0.0657712576560874,scr2099,avaConv,solar
HR,h6440,0.17742753644965037,scr2099,avaConv,solar
HR,h6441,0.3322356469422349,scr2099,avaConv,solar
HR,h6442,0.4797115307815326,scr2099,avaConv,solar
HR,h6443,0.5995366751103366,scr2099,avaConv,solar
HR,h6444,0.6721156016533861,scr2099,avaConv,solar
HR,h6445,0.6890874962975382,scr2099,avaConv,solar
HR,h6446,0.6469824634913048,scr2099,avaConv,solar
HR,h6447,0.5486225388833367,scr2099,avaConv,solar
HR,h6448,0.3774060297573434,scr2099,avaConv,solar
HR,h6449,0.18725162681464463,scr2099,avaConv,solar
HR,h6450,0.052292534165331424,scr2099,avaConv,solar
HR,h6451,0.002893756246670225,scr2099,avaConv,solar
HR,h6452,0.0,scr2099,avaConv,solar
HR,h6453,0.0,scr2099,avaConv,solar
HR,h6454,0.0,scr2099,avaConv,solar
HR,h6455,0.0,scr2099,avaConv,solar
HR,h6456,0.0,scr2099,avaConv,solar
HR,h6457,0.0,scr2099,avaConv,solar
HR,h6458,0.0,scr2099,avaConv,solar
HR,h6459,0.0,scr2099,avaConv,solar
HR,h6460,0.0,scr2099,avaConv,solar
HR,h6461,0.0,scr2099,avaConv,solar
HR,h6462,0.008835582709734821,scr2099,avaConv,solar
HR,h6463,0.06098834840619787,scr2099,avaConv,solar
HR,h6464,0.16642295490828926,scr2099,avaConv,solar
HR,h6465,0.3134139817265601,scr2099,avaConv,solar
HR,h6466,0.4540584001552523,scr2099,avaConv,solar
HR,h6467,0.5683971424330796,scr2099,avaConv,solar
HR,h6468,0.6386715798021848,scr2099,avaConv,solar
HR,h6469,0.6372491309227211,scr2099,avaConv,solar
HR,h6470,0.5754196479242429,scr2099,avaConv,solar
HR,h6471,0.4738423187222547,scr2099,avaConv,solar
HR,h6472,0.3227510933392943,scr2099,avaConv,solar
HR,h6473,0.16219902435592126,scr2099,avaConv,solar
HR,h6474,0.042658415332068524,scr2099,avaConv,solar
HR,h6475,0.0016492014423090731,scr2099,avaConv,solar
HR,h6476,0.0,scr2099,avaConv,solar
HR,h6477,0.0,scr2099,avaConv,solar
HR,h6478,0.0,scr2099,avaConv,solar
HR,h6479,0.0,scr2099,avaConv,solar
HR,h6480,0.0,scr2099,avaConv,solar
HR,h6481,0.0,scr2099,avaConv,solar
HR,h6482,0.0,scr2099,avaConv,solar
HR,h6483,0.0,scr2099,avaConv,solar
HR,h6484,0.0,scr2099,avaConv,solar
HR,h6485,0.0,scr2099,avaConv,solar
HR,h6486,0.005686779900251606,scr2099,avaConv,solar
HR,h6487,0.04810190623439113,scr2099,avaConv,solar
HR,h6488,0.1385705423996639,scr2099,avaConv,solar
HR,h6489,0.2726978040039374,scr2099,avaConv,solar
HR,h6490,0.4083209215753938,scr2099,avaConv,solar
HR,h6491,0.5279857110553358,scr2099,avaConv,solar
HR,h6492,0.6080382281019968,scr2099,avaConv,solar
HR,h6493,0.6342710861633941,scr2099,avaConv,solar
HR,h6494,0.5998391872937733,scr2099,avaConv,solar
HR,h6495,0.5100542004217158,scr2099,avaConv,solar
HR,h6496,0.347422061737523,scr2099,avaConv,solar
HR,h6497,0.16884377228289374,scr2099,avaConv,solar
HR,h6498,0.043829985414860544,scr2099,avaConv,solar
HR,h6499,0.0015215166384642583,scr2099,avaConv,solar
HR,h6500,0.0,scr2099,avaConv,solar
HR,h6501,0.0,scr2099,avaConv,solar
HR,h6502,0.0,scr2099,avaConv,solar
HR,h6503,0.0,scr2099,avaConv,solar
HR,h6504,0.0,scr2099,avaConv,solar
HR,h6505,0.0,scr2099,avaConv,solar
HR,h6506,0.0,scr2099,avaConv,solar
HR,h6507,0.0,scr2099,avaConv,solar
HR,h6508,0.0,scr2099,avaConv,solar
HR,h6509,0.0,scr2099,avaConv,solar
HR,h6510,0.005676510345583217,scr2099,avaConv,solar
HR,h6511,0.04982375693764091,scr2099,avaConv,solar
HR,h6512,0.14406944804213492,scr2099,avaConv,solar
HR,h6513,0.28598287469738454,scr2099,avaConv,solar
HR,h6514,0.4305440106700499,scr2099,avaConv,solar
HR,h6515,0.5535733833265534,scr2099,avaConv,solar
HR,h6516,0.6320019105486292,scr2099,avaConv,solar
HR,h6517,0.652792472525051,scr2099,avaConv,solar
HR,h6518,0.6159128003387871,scr2099,avaConv,solar
HR,h6519,0.5236182317805281,scr2099,avaConv,solar
HR,h6520,0.35008871244243844,scr2099,avaConv,solar
HR,h6521,0.1665908302239579,scr2099,avaConv,solar
HR,h6522,0.03901935163983687,scr2099,avaConv,solar
HR,h6523,0.001115448382679397,scr2099,avaConv,solar
HR,h6524,0.0,scr2099,avaConv,solar
HR,h6525,0.0,scr2099,avaConv,solar
HR,h6526,0.0,scr2099,avaConv,solar
HR,h6527,0.0,scr2099,avaConv,solar
HR,h6528,0.0,scr2099,avaConv,solar
HR,h6529,0.0,scr2099,avaConv,solar
HR,h6530,0.0,scr2099,avaConv,solar
HR,h6531,0.0,scr2099,avaConv,solar
HR,h6532,0.0,scr2099,avaConv,solar
HR,h6533,0.0,scr2099,avaConv,solar
HR,h6534,0.00509438066885284,scr2099,avaConv,solar
HR,h6535,0.04765995167811291,scr2099,avaConv,solar
HR,h6536,0.13643698968643359,scr2099,avaConv,solar
HR,h6537,0.265797329735891,scr2099,avaConv,solar
HR,h6538,0.389643159400621,scr2099,avaConv,solar
HR,h6539,0.48451484667526407,scr2099,avaConv,solar
HR,h6540,0.5511837700631685,scr2099,avaConv,solar
HR,h6541,0.5740712642296378,scr2099,avaConv,solar
HR,h6542,0.551125691275712,scr2099,avaConv,solar
HR,h6543,0.46906302487268514,scr2099,avaConv,solar
HR,h6544,0.30554450366248276,scr2099,avaConv,solar
HR,h6545,0.14160934224323724,scr2099,avaConv,solar
HR,h6546,0.02910976231732798,scr2099,avaConv,solar
HR,h6547,0.0004285570349573513,scr2099,avaConv,solar
HR,h6548,0.0,scr2099,avaConv,solar
HR,h6549,0.0,scr2099,avaConv,solar
HR,h6550,0.0,scr2099,avaConv,solar
HR,h6551,0.0,scr2099,avaConv,solar
HR,h6552,0.0,scr2099,avaConv,solar
HU,h5809,0.0,scr2099,avaConv,solar
HU,h5810,0.0,scr2099,avaConv,solar
HU,h5811,0.0,scr2099,avaConv,solar
HU,h5812,0.0,scr2099,avaConv,solar
HU,h5813,0.004011604403971127,scr2099,avaConv,solar
HU,h5814,0.04464154980126144,scr2099,avaConv,solar
HU,h5815,0.13683840311302198,scr2099,avaConv,solar
HU,h5816,0.2778397525499556,scr2099,avaConv,solar
HU,h5817,0.42234779245313386,scr2099,avaConv,solar
HU,h5818,0.5476388990144501,scr2099,avaConv,solar
HU,h5819,0.6375051731097802,scr2099,avaConv,solar
HU,h5820,0.6787785756897875,scr2099,avaConv,solar
HU,h5821,0.6675557316203884,scr2099,avaConv,solar
HU,h5822,0.6010522803922801,scr2099,avaConv,solar
HU,h5823,0.48047403612257084,scr2099,avaConv,solar
HU,h5824,0.300586736699483,scr2099,avaConv,solar
HU,h5825,0.15117668776649387,scr2099,avaConv,solar
HU,h5826,0.044547118715701925,scr2099,avaConv,solar
HU,h5827,0.014460005375730054,scr2099,avaConv,solar
HU,h5828,0.0,scr2099,avaConv,solar
HU,h5829,0.0,scr2099,avaConv,solar
HU,h5830,0.0,scr2099,avaConv,solar
HU,h5831,0.0,scr2099,avaConv,solar
HU,h5832,0.0,scr2099,avaConv,solar
HU,h5833,0.0,scr2099,avaConv,solar
HU,h5834,0.0,scr2099,avaConv,solar
HU,h5835,0.0,scr2099,avaConv,solar
HU,h5836,0.0,scr2099,avaConv,solar
HU,h5837,0.003547176789109734,scr2099,avaConv,solar
HU,h5838,0.04002575585379806,scr2099,avaConv,solar
HU,h5839,0.1236986665331588,scr2099,avaConv,solar
HU,h5840,0.25346147330679064,scr2099,avaConv,solar
HU,h5841,0.3887215738082554,scr2099,avaConv,solar
HU,h5842,0.5081298681313057,scr2099,avaConv,solar
HU,h5843,0.5943538082081584,scr2099,avaConv,solar
HU,h5844,0.6351562857684274,scr2099,avaConv,solar
HU,h5845,0.6257352889124336,scr2099,avaConv,solar
HU,h5846,0.5639982607752007,scr2099,avaConv,solar
HU,h5847,0.4504815397460355,scr2099,avaConv,solar
HU,h5848,0.2807075004907274,scr2099,avaConv,solar
HU,h5849,0.13885102548551348,scr2099,avaConv,solar
HU,h5850,0.03944783477431928,scr2099,avaConv,solar
HU,h5851,0.012119879827072294,scr2099,avaConv,solar
HU,h5852,0.0,scr2099,avaConv,solar
HU,h5853,0.0,scr2099,avaConv,solar
HU,h5854,0.0,scr2099,avaConv,solar
HU,h5855,0.0,scr2099,avaConv,solar
HU,h5856,0.0,scr2099,avaConv,solar
HU,h5857,0.0,scr2099,avaConv,solar
HU,h5858,0.0,scr2099,avaConv,solar
HU,h5859,0.0,scr2099,avaConv,solar
HU,h5860,0.0,scr2099,avaConv,solar
HU,h5861,0.00294902821120246,scr2099,avaConv,solar
HU,h5862,0.038081052002964945,scr2099,avaConv,solar
HU,h5863,0.12005005154297556,scr2099,avaConv,solar
HU,h5864,0.24873641326597493,scr2099,avaConv,solar
HU,h5865,0.38308948872799503,scr2099,avaConv,solar
HU,h5866,0.4888499187581141,scr2099,avaConv,solar
HU,h5867,0.545355305308052,scr2099,avaConv,solar
HU,h5868,0.5364483323886228,scr2099,avaConv,solar
HU,h5869,0.48318874093127834,scr2099,avaConv,solar
HU,h5870,0.39538294115994826,scr2099,avaConv,solar
HU,h5871,0.2921158894081521,scr2099,avaConv,solar
HU,h5872,0.1691327190270788,scr2099,avaConv,solar
HU,h5873,0.07785158233185578,scr2099,avaConv,solar
HU,h5874,0.01969481220286352,scr2099,avaConv,solar
HU,h5875,0.005835693290588256,scr2099,avaConv,solar
HU,h5876,0.0,scr2099,avaConv,solar
HU,h5877,0.0,scr2099,avaConv,solar
HU,h5878,0.0,scr2099,avaConv,solar
HU,h5879,0.0,scr2099,avaConv,solar
HU,h5880,0.0,scr2099,avaConv,solar
HU,h5881,0.0,scr2099,avaConv,solar
HU,h5882,0.0,scr2099,avaConv,solar
HU,h5883,0.0,scr2099,avaConv,solar
HU,h5884,0.0,scr2099,avaConv,solar
HU,h5885,0.0013697637536892755,scr2099,avaConv,solar
HU,h5886,0.03003637927960607,scr2099,avaConv,solar
HU,h5887,0.09974267862423823,scr2099,avaConv,solar
HU,h5888,0.21644140181185753,scr2099,avaConv,solar
HU,h5889,0.35801079994429885,scr2099,avaConv,solar
HU,h5890,0.4959627212015749,scr2099,avaConv,solar
HU,h5891,0.6087529880007191,scr2099,avaConv,solar
HU,h5892,0.6582812367868403,scr2099,avaConv,solar
HU,h5893,0.655055827905609,scr2099,avaConv,solar
HU,h5894,0.5958357069790128,scr2099,avaConv,solar
HU,h5895,0.48451078620566956,scr2099,avaConv,solar
HU,h5896,0.3049242757071412,scr2099,avaConv,solar
HU,h5897,0.14987846891963,scr2099,avaConv,solar
HU,h5898,0.04116125152014827,scr2099,avaConv,solar
HU,h5899,0.012253481256690724,scr2099,avaConv,solar
HU,h5900,0.0,scr2099,avaConv,solar
HU,h5901,0.0,scr2099,avaConv,solar
HU,h5902,0.0,scr2099,avaConv,solar
HU,h5903,0.0,scr2099,avaConv,solar
HU,h5904,0.0,scr2099,avaConv,solar
HU,h5905,0.0,scr2099,avaConv,solar
HU,h5906,0.0,scr2099,avaConv,solar
HU,h5907,0.0,scr2099,avaConv,solar
HU,h5908,0.0,scr2099,avaConv,solar
HU,h5909,0.0006450391964010514,scr2099,avaConv,solar
HU,h5910,0.01678638752649339,scr2099,avaConv,solar
HU,h5911,0.06469805354245312,scr2099,avaConv,solar
HU,h5912,0.14926550098651084,scr2099,avaConv,solar
HU,h5913,0.2712391880617628,scr2099,avaConv,solar
HU,h5914,0.4125019022253742,scr2099,avaConv,solar
HU,h5915,0.5534804098764553,scr2099,avaConv,solar
HU,h5916,0.6403532536538924,scr2099,avaConv,solar
HU,h5917,0.6555451289077178,scr2099,avaConv,solar
HU,h5918,0.5933529170293911,scr2099,avaConv,solar
HU,h5919,0.4712211091128065,scr2099,avaConv,solar
HU,h5920,0.2897351349930854,scr2099,avaConv,solar
HU,h5921,0.14169689136587987,scr2099,avaConv,solar
HU,h5922,0.039542426320027704,scr2099,avaConv,solar
HU,h5923,0.012241492754742121,scr2099,avaConv,solar
HU,h5924,0.0,scr2099,avaConv,solar
HU,h5925,0.0,scr2099,avaConv,solar
HU,h5926,0.0,scr2099,avaConv,solar
HU,h5927,0.0,scr2099,avaConv,solar
HU,h5928,0.0,scr2099,avaConv,solar
HU,h5929,0.0,scr2099,avaConv,solar
HU,h5930,0.0,scr2099,avaConv,solar
HU,h5931,0.0,scr2099,avaConv,solar
HU,h5932,0.0,scr2099,avaConv,solar
HU,h5933,0.002265535362016886,scr2099,avaConv,solar
HU,h5934,0.03833967822550118,scr2099,avaConv,solar
HU,h5935,0.12446332942743929,scr2099,avaConv,solar
HU,h5936,0.2573265291119799,scr2099,avaConv,solar
HU,h5937,0.3902600116894922,scr2099,avaConv,solar
HU,h5938,0.4896285927832036,scr2099,avaConv,solar
HU,h5939,0.545420004786809,scr2099,avaConv,solar
HU,h5940,0.5444759343006772,scr2099,avaConv,solar
HU,h5941,0.5225807408789721,scr2099,avaConv,solar
HU,h5942,0.4618327217090226,scr2099,avaConv,solar
HU,h5943,0.37609882174660475,scr2099,avaConv,solar
HU,h5944,0.23380123658860982,scr2099,avaConv,solar
HU,h5945,0.1160840607014591,scr2099,avaConv,solar
HU,h5946,0.03275276708089542,scr2099,avaConv,solar
HU,h5947,0.008842241942444306,scr2099,avaConv,solar
HU,h5948,0.0,scr2099,avaConv,solar
HU,h5949,0.0,scr2099,avaConv,solar
HU,h5950,0.0,scr2099,avaConv,solar
HU,h5951,0.0,scr2099,avaConv,solar
HU,h5952,0.0,scr2099,avaConv,solar
HU,h5953,0.0,scr2099,avaConv,solar
HU,h5954,0.0,scr2099,avaConv,solar
HU,h5955,0.0,scr2099,avaConv,solar
HU,h5956,0.0,scr2099,avaConv,solar
HU,h5957,0.0009284874683394045,scr2099,avaConv,solar
HU,h5958,0.015972635042486666,scr2099,avaConv,solar
HU,h5959,0.05276487713945906,scr2099,avaConv,solar
HU,h5960,0.11329608168660228,scr2099,avaConv,solar
HU,h5961,0.18489274594343355,scr2099,avaConv,solar
HU,h5962,0.25554151731571706,scr2099,avaConv,solar
HU,h5963,0.2984065013476778,scr2099,avaConv,solar
HU,h5964,0.2988439804718469,scr2099,avaConv,solar
HU,h5965,0.2651411188210809,scr2099,avaConv,solar
HU,h5966,0.22534585051889638,scr2099,avaConv,solar
HU,h5967,0.17841214330824842,scr2099,avaConv,solar
HU,h5968,0.11458192844046469,scr2099,avaConv,solar
HU,h5969,0.054097872951270845,scr2099,avaConv,solar
HU,h5970,0.013846883674150186,scr2099,avaConv,solar
HU,h5971,0.002587010130607259,scr2099,avaConv,solar
HU,h5972,0.0,scr2099,avaConv,solar
HU,h5973,0.0,scr2099,avaConv,solar
HU,h5974,0.0,scr2099,avaConv,solar
HU,h5975,0.0,scr2099,avaConv,solar
HU,h5976,0.0,scr2099,avaConv,solar
HU,h5977,0.0,scr2099,avaConv,solar
HU,h5978,0.0,scr2099,avaConv,solar
HU,h5979,0.0,scr2099,avaConv,solar
HU,h5980,0.0,scr2099,avaConv,solar
HU,h5981,0.00011150868749042185,scr2099,avaConv,solar
HU,h5982,0.014664225734654871,scr2099,avaConv,solar
HU,h5983,0.054940603319261046,scr2099,avaConv,solar
HU,h5984,0.12544699444710047,scr2099,avaConv,solar
HU,h5985,0.20737206778858938,scr2099,avaConv,solar
HU,h5986,0.2877090785352326,scr2099,avaConv,solar
HU,h5987,0.3687582491298373,scr2099,avaConv,solar
HU,h5988,0.419808930800186,scr2099,avaConv,solar
HU,h5989,0.4418918605825358,scr2099,avaConv,solar
HU,h5990,0.4143664076828019,scr2099,avaConv,solar
HU,h5991,0.35013329694692674,scr2099,avaConv,solar
HU,h5992,0.23028886973522236,scr2099,avaConv,solar
HU,h5993,0.11595441123650142,scr2099,avaConv,solar
HU,h5994,0.033186724191461354,scr2099,avaConv,solar
HU,h5995,0.00800173209723834,scr2099,avaConv,solar
HU,h5996,0.0,scr2099,avaConv,solar
HU,h5997,0.0,scr2099,avaConv,solar
HU,h5998,0.0,scr2099,avaConv,solar
HU,h5999,0.0,scr2099,avaConv,solar
HU,h6000,0.0,scr2099,avaConv,solar
HU,h6001,0.0,scr2099,avaConv,solar
HU,h6002,0.0,scr2099,avaConv,solar
HU,h6003,0.0,scr2099,avaConv,solar
HU,h6004,0.0,scr2099,avaConv,solar
HU,h6005,0.00046778160748776415,scr2099,avaConv,solar
HU,h6006,0.02844561747546017,scr2099,avaConv,solar
HU,h6007,0.09856646001169474,scr2099,avaConv,solar
HU,h6008,0.20997748280141382,scr2099,avaConv,solar
HU,h6009,0.32632754640944284,scr2099,avaConv,solar
HU,h6010,0.3972235986773264,scr2099,avaConv,solar
HU,h6011,0.4361808854362048,scr2099,avaConv,solar
HU,h6012,0.44997409497522195,scr2099,avaConv,solar
HU,h6013,0.4391337240207814,scr2099,avaConv,solar
HU,h6014,0.3821260721922591,scr2099,avaConv,solar
HU,h6015,0.27366602197890877,scr2099,avaConv,solar
HU,h6016,0.14965083200241602,scr2099,avaConv,solar
HU,h6017,0.06010115105170193,scr2099,avaConv,solar
HU,h6018,0.010237067212768024,scr2099,avaConv,solar
HU,h6019,0.0016055313772980677,scr2099,avaConv,solar
HU,h6020,0.0,scr2099,avaConv,solar
HU,h6021,0.0,scr2099,avaConv,solar
HU,h6022,0.0,scr2099,avaConv,solar
HU,h6023,0.0,scr2099,avaConv,solar
HU,h6024,0.0,scr2099,avaConv,solar
HU,h6025,0.0,scr2099,avaConv,solar
HU,h6026,0.0,scr2099,avaConv,solar
HU,h6027,0.0,scr2099,avaConv,solar
HU,h6028,0.0,scr2099,avaConv,solar
HU,h6029,0.0005169019036525904,scr2099,avaConv,solar
HU,h6030,0.02536871297301421,scr2099,avaConv,solar
HU,h6031,0.09177150434870773,scr2099,avaConv,solar
HU,h6032,0.20087589801762615,scr2099,avaConv,solar
HU,h6033,0.3103289629780926,scr2099,avaConv,solar
HU,h6034,0.39989629720603487,scr2099,avaConv,solar
HU,h6035,0.45717808112529507,scr2099,avaConv,solar
HU,h6036,0.49054481739520395,scr2099,avaConv,solar
HU,h6037,0.503120261523558,scr2099,avaConv,solar
HU,h6038,0.46474370690098765,scr2099,avaConv,solar
HU,h6039,0.37213193874659345,scr2099,avaConv,solar
HU,h6040,0.2165398233337701,scr2099,avaConv,solar
HU,h6041,0.09579095083439254,scr2099,avaConv,solar
HU,h6042,0.021210463367879417,scr2099,avaConv,solar
HU,h6043,0.004811134377728737,scr2099,avaConv,solar
HU,h6044,0.0,scr2099,avaConv,solar
HU,h6045,0.0,scr2099,avaConv,solar
HU,h6046,0.0,scr2099,avaConv,solar
HU,h6047,0.0,scr2099,avaConv,solar
HU,h6048,0.0,scr2099,avaConv,solar
HU,h6049,0.0,scr2099,avaConv,solar
HU,h6050,0.0,scr2099,avaConv,solar
HU,h6051,0.0,scr2099,avaConv,solar
HU,h6052,0.0,scr2099,avaConv,solar
HU,h6053,0.0006354211028220143,scr2099,avaConv,solar
HU,h6054,0.027005537221181968,scr2099,avaConv,solar
HU,h6055,0.10717702396538659,scr2099,avaConv,solar
HU,h6056,0.2443981735434115,scr2099,avaConv,solar
HU,h6057,0.40275845214352735,scr2099,avaConv,solar
HU,h6058,0.5440575320301527,scr2099,avaConv,solar
HU,h6059,0.6505686069438803,scr2099,avaConv,solar
HU,h6060,0.7059739344407207,scr2099,avaConv,solar
HU,h6061,0.7026406155091753,scr2099,avaConv,solar
HU,h6062,0.6391109804353194,scr2099,avaConv,solar
HU,h6063,0.5152176066117239,scr2099,avaConv,solar
HU,h6064,0.3222978594796182,scr2099,avaConv,solar
HU,h6065,0.15254149876020576,scr2099,avaConv,solar
HU,h6066,0.038181360156174245,scr2099,avaConv,solar
HU,h6067,0.008253951437781413,scr2099,avaConv,solar
HU,h6068,0.0,scr2099,avaConv,solar
HU,h6069,0.0,scr2099,avaConv,solar
HU,h6070,0.0,scr2099,avaConv,solar
HU,h6071,0.0,scr2099,avaConv,solar
HU,h6072,0.0,scr2099,avaConv,solar
HU,h6073,0.0,scr2099,avaConv,solar
HU,h6074,0.0,scr2099,avaConv,solar
HU,h6075,0.0,scr2099,avaConv,solar
HU,h6076,0.0,scr2099,avaConv,solar
HU,h6077,0.0005757824550388771,scr2099,avaConv,solar
HU,h6078,0.032570271811232836,scr2099,avaConv,solar
HU,h6079,0.11722274827033015,scr2099,avaConv,solar
HU,h6080,0.2597880808038917,scr2099,avaConv,solar
HU,h6081,0.4153667166484863,scr2099,avaConv,solar
HU,h6082,0.5551460769075961,scr2099,avaConv,solar
HU,h6083,0.6581354642678923,scr2099,avaConv,solar
HU,h6084,0.7093400284960714,scr2099,avaConv,solar
HU,h6085,0.7026759197212817,scr2099,avaConv,solar
HU,h6086,0.63678200937732,scr2099,avaConv,solar
HU,h6087,0.5121962713550494,scr2099,avaConv,solar
HU,h6088,0.3201238969517787,scr2099,avaConv,solar
HU,h6089,0.15049767715970738,scr2099,avaConv,solar
HU,h6090,0.03716487046057233,scr2099,avaConv,solar
HU,h6091,0.0074265485711272235,scr2099,avaConv,solar
HU,h6092,0.0,scr2099,avaConv,solar
HU,h6093,0.0,scr2099,avaConv,solar
HU,h6094,0.0,scr2099,avaConv,solar
HU,h6095,0.0,scr2099,avaConv,solar
HU,h6096,0.0,scr2099,avaConv,solar
HU,h6097,0.0,scr2099,avaConv,solar
HU,h6098,0.0,scr2099,avaConv,solar
HU,h6099,0.0,scr2099,avaConv,solar
HU,h6100,0.0,scr2099,avaConv,solar
HU,h6101,0.00040958798433883033,scr2099,avaConv,solar
HU,h6102,0.030157052150159954,scr2099,avaConv,solar
HU,h6103,0.11034471191148629,scr2099,avaConv,solar
HU,h6104,0.24632941384848298,scr2099,avaConv,solar
HU,h6105,0.3951342446659609,scr2099,avaConv,solar
HU,h6106,0.5294264370333944,scr2099,avaConv,solar
HU,h6107,0.6287471142771974,scr2099,avaConv,solar
HU,h6108,0.67988225648498,scr2099,avaConv,solar
HU,h6109,0.6747821462853433,scr2099,avaConv,solar
HU,h6110,0.6127255954774149,scr2099,avaConv,solar
HU,h6111,0.49348785980459325,scr2099,avaConv,solar
HU,h6112,0.3089763548893176,scr2099,avaConv,solar
HU,h6113,0.1442894197489387,scr2099,avaConv,solar
HU,h6114,0.03494198677623546,scr2099,avaConv,solar
HU,h6115,0.006278186084929321,scr2099,avaConv,solar
HU,h6116,0.0,scr2099,avaConv,solar
HU,h6117,0.0,scr2099,avaConv,solar
HU,h6118,0.0,scr2099,avaConv,solar
HU,h6119,0.0,scr2099,avaConv,solar
HU,h6120,0.0,scr2099,avaConv,solar
HU,h6121,0.0,scr2099,avaConv,solar
HU,h6122,0.0,scr2099,avaConv,solar
HU,h6123,0.0,scr2099,avaConv,solar
HU,h6124,0.0,scr2099,avaConv,solar
HU,h6125,0.00021691115433041558,scr2099,avaConv,solar
HU,h6126,0.02718007853047371,scr2099,avaConv,solar
HU,h6127,0.10199335135428762,scr2099,avaConv,solar
HU,h6128,0.23034289253430132,scr2099,avaConv,solar
HU,h6129,0.3733084551384672,scr2099,avaConv,solar
HU,h6130,0.5029888568046514,scr2099,avaConv,solar
HU,h6131,0.5994959273029576,scr2099,avaConv,solar
HU,h6132,0.6435853913124351,scr2099,avaConv,solar
HU,h6133,0.626791907833699,scr2099,avaConv,solar
HU,h6134,0.5518701916866599,scr2099,avaConv,solar
HU,h6135,0.4326877874271506,scr2099,avaConv,solar
HU,h6136,0.2647341631076438,scr2099,avaConv,solar
HU,h6137,0.12025295766166626,scr2099,avaConv,solar
HU,h6138,0.026815566458062295,scr2099,avaConv,solar
HU,h6139,0.0037209358280797405,scr2099,avaConv,solar
HU,h6140,0.0,scr2099,avaConv,solar
HU,h6141,0.0,scr2099,avaConv,solar
HU,h6142,0.0,scr2099,avaConv,solar
HU,h6143,0.0,scr2099,avaConv,solar
HU,h6144,0.0,scr2099,avaConv,solar
HU,h6145,0.0,scr2099,avaConv,solar
HU,h6146,0.0,scr2099,avaConv,solar
HU,h6147,0.0,scr2099,avaConv,solar
HU,h6148,0.0,scr2099,avaConv,solar
HU,h6149,0.0,scr2099,avaConv,solar
HU,h6150,0.02392943231278904,scr2099,avaConv,solar
HU,h6151,0.09293486369519487,scr2099,avaConv,solar
HU,h6152,0.21407970115691072,scr2099,avaConv,solar
HU,h6153,0.3525192459059371,scr2099,avaConv,solar
HU,h6154,0.48059145434812356,scr2099,avaConv,solar
HU,h6155,0.5783337432741855,scr2099,avaConv,solar
HU,h6156,0.6284788253238696,scr2099,avaConv,solar
HU,h6157,0.6214960772570595,scr2099,avaConv,solar
HU,h6158,0.5654828553750356,scr2099,avaConv,solar
HU,h6159,0.4569143316172978,scr2099,avaConv,solar
HU,h6160,0.29252280001287495,scr2099,avaConv,solar
HU,h6161,0.13523603618136384,scr2099,avaConv,solar
HU,h6162,0.03281985915608602,scr2099,avaConv,solar
HU,h6163,0.004150769068086538,scr2099,avaConv,solar
HU,h6164,0.0,scr2099,avaConv,solar
HU,h6165,0.0,scr2099,avaConv,solar
HU,h6166,0.0,scr2099,avaConv,solar
HU,h6167,0.0,scr2099,avaConv,solar
HU,h6168,0.0,scr2099,avaConv,solar
HU,h6169,0.0,scr2099,avaConv,solar
HU,h6170,0.0,scr2099,avaConv,solar
HU,h6171,0.0,scr2099,avaConv,solar
HU,h6172,0.0,scr2099,avaConv,solar
HU,h6173,0.0,scr2099,avaConv,solar
HU,h6174,0.023829345760734318,scr2099,avaConv,solar
HU,h6175,0.09280906055378334,scr2099,avaConv,solar
HU,h6176,0.21365950395299743,scr2099,avaConv,solar
HU,h6177,0.35155899567419474,scr2099,avaConv,solar
HU,h6178,0.4697055649121923,scr2099,avaConv,solar
HU,h6179,0.5477094001687438,scr2099,avaConv,solar
HU,h6180,0.574287260079656,scr2099,avaConv,solar
HU,h6181,0.5431620536059196,scr2099,avaConv,solar
HU,h6182,0.4685850744367333,scr2099,avaConv,solar
HU,h6183,0.35123045738063186,scr2099,avaConv,solar
HU,h6184,0.20665137790289226,scr2099,avaConv,solar
HU,h6185,0.08448444189506318,scr2099,avaConv,solar
HU,h6186,0.015044606160604388,scr2099,avaConv,solar
HU,h6187,0.0006048609405199313,scr2099,avaConv,solar
HU,h6188,0.0,scr2099,avaConv,solar
HU,h6189,0.0,scr2099,avaConv,solar
HU,h6190,0.0,scr2099,avaConv,solar
HU,h6191,0.0,scr2099,avaConv,solar
HU,h6192,0.0,scr2099,avaConv,solar
HU,h6193,0.0,scr2099,avaConv,solar
HU,h6194,0.0,scr2099,avaConv,solar
HU,h6195,0.0,scr2099,avaConv,solar
HU,h6196,0.0,scr2099,avaConv,solar
HU,h6197,0.0,scr2099,avaConv,solar
HU,h6198,0.008049841553235737,scr2099,avaConv,solar
HU,h6199,0.03573723207208611,scr2099,avaConv,solar
HU,h6200,0.0923390498857377,scr2099,avaConv,solar
HU,h6201,0.17696645652259071,scr2099,avaConv,solar
HU,h6202,0.27321302457381813,scr2099,avaConv,solar
HU,h6203,0.37481144519833004,scr2099,avaConv,solar
HU,h6204,0.4557040537933714,scr2099,avaConv,solar
HU,h6205,0.5033636717939849,scr2099,avaConv,solar
HU,h6206,0.4891872940869288,scr2099,avaConv,solar
HU,h6207,0.41333175289565977,scr2099,avaConv,solar
HU,h6208,0.2714714110165951,scr2099,avaConv,solar
HU,h6209,0.1292369149683733,scr2099,avaConv,solar
HU,h6210,0.033233881044958814,scr2099,avaConv,solar
HU,h6211,0.002967611602937655,scr2099,avaConv,solar
HU,h6212,0.0,scr2099,avaConv,solar
HU,h6213,0.0,scr2099,avaConv,solar
HU,h6214,0.0,scr2099,avaConv,solar
HU,h6215,0.0,scr2099,avaConv,solar
HU,h6216,0.0,scr2099,avaConv,solar
HU,h6217,0.0,scr2099,avaConv,solar
HU,h6218,0.0,scr2099,avaConv,solar
HU,h6219,0.0,scr2099,avaConv,solar
HU,h6220,0.0,scr2099,avaConv,solar
HU,h6221,0.0,scr2099,avaConv,solar
HU,h6222,0.024195910669867548,scr2099,avaConv,solar
HU,h6223,0.09721080914460406,scr2099,avaConv,solar
HU,h6224,0.22761914822981827,scr2099,avaConv,solar
HU,h6225,0.3802371713874905,scr2099,avaConv,solar
HU,h6226,0.5223684128171425,scr2099,avaConv,solar
HU,h6227,0.6305172182646609,scr2099,avaConv,solar
HU,h6228,0.6879698044271304,scr2099,avaConv,solar
HU,h6229,0.6862462134229529,scr2099,avaConv,solar
HU,h6230,0.62538955853625,scr2099,avaConv,solar
HU,h6231,0.5058445945555577,scr2099,avaConv,solar
HU,h6232,0.32547747507583297,scr2099,avaConv,solar
HU,h6233,0.15094057401762828,scr2099,avaConv,solar
HU,h6234,0.03775923080461448,scr2099,avaConv,solar
HU,h6235,0.002900180302827196,scr2099,avaConv,solar
HU,h6236,0.0,scr2099,avaConv,solar
HU,h6237,0.0,scr2099,avaConv,solar
HU,h6238,0.0,scr2099,avaConv,solar
HU,h6239,0.0,scr2099,avaConv,solar
HU,h6240,0.0,scr2099,avaConv,solar
HU,h6241,0.0,scr2099,avaConv,solar
HU,h6242,0.0,scr2099,avaConv,solar
HU,h6243,0.0,scr2099,avaConv,solar
HU,h6244,0.0,scr2099,avaConv,solar
HU,h6245,0.0,scr2099,avaConv,solar
HU,h6246,0.008496929730977848,scr2099,avaConv,solar
HU,h6247,0.033876285984174755,scr2099,avaConv,solar
HU,h6248,0.07868193105116889,scr2099,avaConv,solar
HU,h6249,0.1353379432570256,scr2099,avaConv,solar
HU,h6250,0.20394274301085152,scr2099,avaConv,solar
HU,h6251,0.27467893074718847,scr2099,avaConv,solar
HU,h6252,0.32162600596777985,scr2099,avaConv,solar
HU,h6253,0.3606672118473552,scr2099,avaConv,solar
HU,h6254,0.36146649587231444,scr2099,avaConv,solar
HU,h6255,0.3364893268347653,scr2099,avaConv,solar
HU,h6256,0.22643060601919734,scr2099,avaConv,solar
HU,h6257,0.10917243016066547,scr2099,avaConv,solar
HU,h6258,0.0248591603522536,scr2099,avaConv,solar
HU,h6259,0.0008612779941457667,scr2099,avaConv,solar
HU,h6260,0.0,scr2099,avaConv,solar
HU,h6261,0.0,scr2099,avaConv,solar
HU,h6262,0.0,scr2099,avaConv,solar
HU,h6263,0.0,scr2099,avaConv,solar
HU,h6264,0.0,scr2099,avaConv,solar
HU,h6265,0.0,scr2099,avaConv,solar
HU,h6266,0.0,scr2099,avaConv,solar
HU,h6267,0.0,scr2099,avaConv,solar
HU,h6268,0.0,scr2099,avaConv,solar
HU,h6269,0.0,scr2099,avaConv,solar
HU,h6270,0.023704514956163065,scr2099,avaConv,solar
HU,h6271,0.09793162005294177,scr2099,avaConv,solar
HU,h6272,0.23192568081024167,scr2099,avaConv,solar
HU,h6273,0.3920133736497568,scr2099,avaConv,solar
HU,h6274,0.5424912180242815,scr2099,avaConv,solar
HU,h6275,0.6581290841121451,scr2099,avaConv,solar
HU,h6276,0.7204349710726843,scr2099,avaConv,solar
HU,h6277,0.7200392914681817,scr2099,avaConv,solar
HU,h6278,0.6573941024042801,scr2099,avaConv,solar
HU,h6279,0.5330638915980473,scr2099,avaConv,solar
HU,h6280,0.34488439369245155,scr2099,avaConv,solar
HU,h6281,0.15951287353235213,scr2099,avaConv,solar
HU,h6282,0.03967166746209082,scr2099,avaConv,solar
HU,h6283,0.0021156214360549606,scr2099,avaConv,solar
HU,h6284,0.0,scr2099,avaConv,solar
HU,h6285,0.0,scr2099,avaConv,solar
HU,h6286,0.0,scr2099,avaConv,solar
HU,h6287,0.0,scr2099,avaConv,solar
HU,h6288,0.0,scr2099,avaConv,solar
HU,h6289,0.0,scr2099,avaConv,solar
HU,h6290,0.0,scr2099,avaConv,solar
HU,h6291,0.0,scr2099,avaConv,solar
HU,h6292,0.0,scr2099,avaConv,solar
HU,h6293,0.0,scr2099,avaConv,solar
HU,h6294,0.02224586613691062,scr2099,avaConv,solar
HU,h6295,0.09354657558766259,scr2099,avaConv,solar
HU,h6296,0.22294551170887886,scr2099,avaConv,solar
HU,h6297,0.3778723063015059,scr2099,avaConv,solar
HU,h6298,0.5223983115289709,scr2099,avaConv,solar
HU,h6299,0.6331777010556875,scr2099,avaConv,solar
HU,h6300,0.6928553857841636,scr2099,avaConv,solar
HU,h6301,0.6929680488341403,scr2099,avaConv,solar
HU,h6302,0.6327849327002789,scr2099,avaConv,solar
HU,h6303,0.5138912149791355,scr2099,avaConv,solar
HU,h6304,0.33198930379326086,scr2099,avaConv,solar
HU,h6305,0.15269621637821745,scr2099,avaConv,solar
HU,h6306,0.03699356078381574,scr2099,avaConv,solar
HU,h6307,0.0015507594973857132,scr2099,avaConv,solar
HU,h6308,0.0,scr2099,avaConv,solar
HU,h6309,0.0,scr2099,avaConv,solar
HU,h6310,0.0,scr2099,avaConv,solar
HU,h6311,0.0,scr2099,avaConv,solar
HU,h6312,0.0,scr2099,avaConv,solar
HU,h6313,0.0,scr2099,avaConv,solar
HU,h6314,0.0,scr2099,avaConv,solar
HU,h6315,0.0,scr2099,avaConv,solar
HU,h6316,0.0,scr2099,avaConv,solar
HU,h6317,0.0,scr2099,avaConv,solar
HU,h6318,0.018563434799268762,scr2099,avaConv,solar
HU,h6319,0.08151268442078377,scr2099,avaConv,solar
HU,h6320,0.1978819371249578,scr2099,avaConv,solar
HU,h6321,0.33821800970858085,scr2099,avaConv,solar
HU,h6322,0.46456585612270923,scr2099,avaConv,solar
HU,h6323,0.5582508546949361,scr2099,avaConv,solar
HU,h6324,0.6213873764680207,scr2099,avaConv,solar
HU,h6325,0.6410164576542119,scr2099,avaConv,solar
HU,h6326,0.610109922956944,scr2099,avaConv,solar
HU,h6327,0.5072095011688258,scr2099,avaConv,solar
HU,h6328,0.3317853992868907,scr2099,avaConv,solar
HU,h6329,0.15253504616502986,scr2099,avaConv,solar
HU,h6330,0.03618526205302119,scr2099,avaConv,solar
HU,h6331,0.0013225004003056791,scr2099,avaConv,solar
HU,h6332,0.0,scr2099,avaConv,solar
HU,h6333,0.0,scr2099,avaConv,solar
HU,h6334,0.0,scr2099,avaConv,solar
HU,h6335,0.0,scr2099,avaConv,solar
HU,h6336,0.0,scr2099,avaConv,solar
HU,h6337,0.0,scr2099,avaConv,solar
HU,h6338,0.0,scr2099,avaConv,solar
HU,h6339,0.0,scr2099,avaConv,solar
HU,h6340,0.0,scr2099,avaConv,solar
HU,h6341,0.0,scr2099,avaConv,solar
HU,h6342,0.020845673105144742,scr2099,avaConv,solar
HU,h6343,0.09065665327255643,scr2099,avaConv,solar
HU,h6344,0.21880523917205524,scr2099,avaConv,solar
HU,h6345,0.37469658990541327,scr2099,avaConv,solar
HU,h6346,0.5202925830777124,scr2099,avaConv,solar
HU,h6347,0.6323393564020799,scr2099,avaConv,solar
HU,h6348,0.693386871259311,scr2099,avaConv,solar
HU,h6349,0.6947851447496518,scr2099,avaConv,solar
HU,h6350,0.6356125852414516,scr2099,avaConv,solar
HU,h6351,0.5182383873432013,scr2099,avaConv,solar
HU,h6352,0.333884375304087,scr2099,avaConv,solar
HU,h6353,0.15257268317121409,scr2099,avaConv,solar
HU,h6354,0.035179161973928584,scr2099,avaConv,solar
HU,h6355,0.0010506316846477528,scr2099,avaConv,solar
HU,h6356,0.0,scr2099,avaConv,solar
HU,h6357,0.0,scr2099,avaConv,solar
HU,h6358,0.0,scr2099,avaConv,solar
HU,h6359,0.0,scr2099,avaConv,solar
HU,h6360,0.0,scr2099,avaConv,solar
HU,h6361,0.0,scr2099,avaConv,solar
HU,h6362,0.0,scr2099,avaConv,solar
HU,h6363,0.0,scr2099,avaConv,solar
HU,h6364,0.0,scr2099,avaConv,solar
HU,h6365,0.0,scr2099,avaConv,solar
HU,h6366,0.01899978202188924,scr2099,avaConv,solar
HU,h6367,0.08531317785708394,scr2099,avaConv,solar
HU,h6368,0.20801970657260346,scr2099,avaConv,solar
HU,h6369,0.35904533174911574,scr2099,avaConv,solar
HU,h6370,0.4991897610578583,scr2099,avaConv,solar
HU,h6371,0.6068166460037158,scr2099,avaConv,solar
HU,h6372,0.6652912154851764,scr2099,avaConv,solar
HU,h6373,0.6674674118633642,scr2099,avaConv,solar
HU,h6374,0.6117836657098562,scr2099,avaConv,solar
HU,h6375,0.4999201394948937,scr2099,avaConv,solar
HU,h6376,0.3186749206101042,scr2099,avaConv,solar
HU,h6377,0.14321047455982028,scr2099,avaConv,solar
HU,h6378,0.030312638706884113,scr2099,avaConv,solar
HU,h6379,0.0006126455785049853,scr2099,avaConv,solar
HU,h6380,0.0,scr2099,avaConv,solar
HU,h6381,0.0,scr2099,avaConv,solar
HU,h6382,0.0,scr2099,avaConv,solar
HU,h6383,0.0,scr2099,avaConv,solar
HU,h6384,0.0,scr2099,avaConv,solar
HU,h6385,0.0,scr2099,avaConv,solar
HU,h6386,0.0,scr2099,avaConv,solar
HU,h6387,0.0,scr2099,avaConv,solar
HU,h6388,0.0,scr2099,avaConv,solar
HU,h6389,0.0,scr2099,avaConv,solar
HU,h6390,0.017025840677880846,scr2099,avaConv,solar
HU,h6391,0.07927181993659595,scr2099,avaConv,solar
HU,h6392,0.1955933529825392,scr2099,avaConv,solar
HU,h6393,0.3411031885574432,scr2099,avaConv,solar
HU,h6394,0.47688806975032955,scr2099,avaConv,solar
HU,h6395,0.5827053692166008,scr2099,avaConv,solar
HU,h6396,0.6417681163531626,scr2099,avaConv,solar
HU,h6397,0.6464622690053595,scr2099,avaConv,solar
HU,h6398,0.5944211729694375,scr2099,avaConv,solar
HU,h6399,0.4871597236796579,scr2099,avaConv,solar
HU,h6400,0.3092010306354684,scr2099,avaConv,solar
HU,h6401,0.1378251070033439,scr2099,avaConv,solar
HU,h6402,0.027725904933266533,scr2099,avaConv,solar
HU,h6403,0.0003612661573055723,scr2099,avaConv,solar
HU,h6404,0.0,scr2099,avaConv,solar
HU,h6405,0.0,scr2099,avaConv,solar
HU,h6406,0.0,scr2099,avaConv,solar
HU,h6407,0.0,scr2099,avaConv,solar
HU,h6408,0.0,scr2099,avaConv,solar
HU,h6409,0.0,scr2099,avaConv,solar
HU,h6410,0.0,scr2099,avaConv,solar
HU,h6411,0.0,scr2099,avaConv,solar
HU,h6412,0.0,scr2099,avaConv,solar
HU,h6413,0.0,scr2099,avaConv,solar
HU,h6414,0.015683975922875206,scr2099,avaConv,solar
HU,h6415,0.07554778642328203,scr2099,avaConv,solar
HU,h6416,0.18879389289065895,scr2099,avaConv,solar
HU,h6417,0.3329875521178636,scr2099,avaConv,solar
HU,h6418,0.46871040962419375,scr2099,avaConv,solar
HU,h6419,0.5759029751358261,scr2099,avaConv,solar
HU,h6420,0.6373231181788404,scr2099,avaConv,solar
HU,h6421,0.6447721029102599,scr2099,avaConv,solar
HU,h6422,0.5951008248961162,scr2099,avaConv,solar
HU,h6423,0.49034024290596695,scr2099,avaConv,solar
HU,h6424,0.3116168632255363,scr2099,avaConv,solar
HU,h6425,0.13912118729049822,scr2099,avaConv,solar
HU,h6426,0.027301237174367547,scr2099,avaConv,solar
HU,h6427,0.0002554842509675153,scr2099,avaConv,solar
HU,h6428,0.0,scr2099,avaConv,solar
HU,h6429,0.0,scr2099,avaConv,solar
HU,h6430,0.0,scr2099,avaConv,solar
HU,h6431,0.0,scr2099,avaConv,solar
HU,h6432,0.0,scr2099,avaConv,solar
HU,h6433,0.0,scr2099,avaConv,solar
HU,h6434,0.0,scr2099,avaConv,solar
HU,h6435,0.0,scr2099,avaConv,solar
HU,h6436,0.0,scr2099,avaConv,solar
HU,h6437,0.0,scr2099,avaConv,solar
HU,h6438,0.015368457798108612,scr2099,avaConv,solar
HU,h6439,0.07581196359873237,scr2099,avaConv,solar
HU,h6440,0.19098184488475894,scr2099,avaConv,solar
HU,h6441,0.3390370375095879,scr2099,avaConv,solar
HU,h6442,0.4782887650084224,scr2099,avaConv,solar
HU,h6443,0.5875759656487746,scr2099,avaConv,solar
HU,h6444,0.6493009126346864,scr2099,avaConv,solar
HU,h6445,0.6561105771928253,scr2099,avaConv,solar
HU,h6446,0.60527350803948,scr2099,avaConv,solar
HU,h6447,0.5001049347119984,scr2099,avaConv,solar
HU,h6448,0.31744247880439347,scr2099,avaConv,solar
HU,h6449,0.14177421053799497,scr2099,avaConv,solar
HU,h6450,0.02700387557517199,scr2099,avaConv,solar
HU,h6451,0.0001683587191629038,scr2099,avaConv,solar
HU,h6452,0.0,scr2099,avaConv,solar
HU,h6453,0.0,scr2099,avaConv,solar
HU,h6454,0.0,scr2099,avaConv,solar
HU,h6455,0.0,scr2099,avaConv,solar
HU,h6456,0.0,scr2099,avaConv,solar
HU,h6457,0.0,scr2099,avaConv,solar
HU,h6458,0.0,scr2099,avaConv,solar
HU,h6459,0.0,scr2099,avaConv,solar
HU,h6460,0.0,scr2099,avaConv,solar
HU,h6461,0.0,scr2099,avaConv,solar
HU,h6462,0.01499175059606677,scr2099,avaConv,solar
HU,h6463,0.07579987440464164,scr2099,avaConv,solar
HU,h6464,0.1919140182924287,scr2099,avaConv,solar
HU,h6465,0.3415390638447896,scr2099,avaConv,solar
HU,h6466,0.48060576459639015,scr2099,avaConv,solar
HU,h6467,0.5877661551714404,scr2099,avaConv,solar
HU,h6468,0.6453245543898515,scr2099,avaConv,solar
HU,h6469,0.646690962497575,scr2099,avaConv,solar
HU,h6470,0.5898044563899473,scr2099,avaConv,solar
HU,h6471,0.4784717340846279,scr2099,avaConv,solar
HU,h6472,0.29135538715318576,scr2099,avaConv,solar
HU,h6473,0.12367345058974627,scr2099,avaConv,solar
HU,h6474,0.01880097856873523,scr2099,avaConv,solar
HU,h6475,0.0,scr2099,avaConv,solar
HU,h6476,0.0,scr2099,avaConv,solar
HU,h6477,0.0,scr2099,avaConv,solar
HU,h6478,0.0,scr2099,avaConv,solar
HU,h6479,0.0,scr2099,avaConv,solar
HU,h6480,0.0,scr2099,avaConv,solar
HU,h6481,0.0,scr2099,avaConv,solar
HU,h6482,0.0,scr2099,avaConv,solar
HU,h6483,0.0,scr2099,avaConv,solar
HU,h6484,0.0,scr2099,avaConv,solar
HU,h6485,0.0,scr2099,avaConv,solar
HU,h6486,0.010657816616949376,scr2099,avaConv,solar
HU,h6487,0.058951783625474145,scr2099,avaConv,solar
HU,h6488,0.14731848631120875,scr2099,avaConv,solar
HU,h6489,0.2650708026963227,scr2099,avaConv,solar
HU,h6490,0.3797063695537383,scr2099,avaConv,solar
HU,h6491,0.5091684761209487,scr2099,avaConv,solar
HU,h6492,0.6042497475397528,scr2099,avaConv,solar
HU,h6493,0.6470214726503243,scr2099,avaConv,solar
HU,h6494,0.6025819071317833,scr2099,avaConv,solar
HU,h6495,0.5015593737570908,scr2099,avaConv,solar
HU,h6496,0.3163465373261762,scr2099,avaConv,solar
HU,h6497,0.1399592613863221,scr2099,avaConv,solar
HU,h6498,0.024110818133105234,scr2099,avaConv,solar
HU,h6499,0.0,scr2099,avaConv,solar
HU,h6500,0.0,scr2099,avaConv,solar
HU,h6501,0.0,scr2099,avaConv,solar
HU,h6502,0.0,scr2099,avaConv,solar
HU,h6503,0.0,scr2099,avaConv,solar
HU,h6504,0.0,scr2099,avaConv,solar
HU,h6505,0.0,scr2099,avaConv,solar
HU,h6506,0.0,scr2099,avaConv,solar
HU,h6507,0.0,scr2099,avaConv,solar
HU,h6508,0.0,scr2099,avaConv,solar
HU,h6509,0.0,scr2099,avaConv,solar
HU,h6510,0.011128868411568857,scr2099,avaConv,solar
HU,h6511,0.06404087971807068,scr2099,avaConv,solar
HU,h6512,0.16828914753135898,scr2099,avaConv,solar
HU,h6513,0.30964270340510724,scr2099,avaConv,solar
HU,h6514,0.4454278759746838,scr2099,avaConv,solar
HU,h6515,0.5554995020864949,scr2099,avaConv,solar
HU,h6516,0.620517531667509,scr2099,avaConv,solar
HU,h6517,0.6305284071790043,scr2099,avaConv,solar
HU,h6518,0.5835918165575208,scr2099,avaConv,solar
HU,h6519,0.4843423269556789,scr2099,avaConv,solar
HU,h6520,0.3026743381465796,scr2099,avaConv,solar
HU,h6521,0.1328083711820067,scr2099,avaConv,solar
HU,h6522,0.02136459778468029,scr2099,avaConv,solar
HU,h6523,0.0,scr2099,avaConv,solar
HU,h6524,0.0,scr2099,avaConv,solar
HU,h6525,0.0,scr2099,avaConv,solar
HU,h6526,0.0,scr2099,avaConv,solar
HU,h6527,0.0,scr2099,avaConv,solar
HU,h6528,0.0,scr2099,avaConv,solar
HU,h6529,0.0,scr2099,avaConv,solar
HU,h6530,0.0,scr2099,avaConv,solar
HU,h6531,0.0,scr2099,avaConv,solar
HU,h6532,0.0,scr2099,avaConv,solar
HU,h6533,0.0,scr2099,avaConv,solar
HU,h6534,0.009132384168453588,scr2099,avaConv,solar
HU,h6535,0.05682756690249446,scr2099,avaConv,solar
HU,h6536,0.14925806237423736,scr2099,avaConv,solar
HU,h6537,0.27459457847071,scr2099,avaConv,solar
HU,h6538,0.38978070680830496,scr2099,avaConv,solar
HU,h6539,0.48773288634650785,scr2099,avaConv,solar
HU,h6540,0.5508234874880935,scr2099,avaConv,solar
HU,h6541,0.5642831414459332,scr2099,avaConv,solar
HU,h6542,0.5181172761069743,scr2099,avaConv,solar
HU,h6543,0.4197166108418883,scr2099,avaConv,solar
HU,h6544,0.2525936993157893,scr2099,avaConv,solar
HU,h6545,0.10671678826632033,scr2099,avaConv,solar
HU,h6546,0.014234482716589333,scr2099,avaConv,solar
HU,h6547,0.0,scr2099,avaConv,solar
HU,h6548,0.0,scr2099,avaConv,solar
HU,h6549,0.0,scr2099,avaConv,solar
HU,h6550,0.0,scr2099,avaConv,solar
HU,h6551,0.0,scr2099,avaConv,solar
HU,h6552,0.0,scr2099,avaConv,solar
IE,h5809,0.0,scr2099,avaConv,solar
IE,h5810,0.0,scr2099,avaConv,solar
IE,h5811,0.0,scr2099,avaConv,solar
IE,h5812,0.0,scr2099,avaConv,solar
IE,h5813,0.0,scr2099,avaConv,solar
IE,h5814,0.0,scr2099,avaConv,solar
IE,h5815,0.001904104115783505,scr2099,avaConv,solar
IE,h5816,0.01674736048808089,scr2099,avaConv,solar
IE,h5817,0.053667994315251995,scr2099,avaConv,solar
IE,h5818,0.11897538156944298,scr2099,avaConv,solar
IE,h5819,0.19454566563223039,scr2099,avaConv,solar
IE,h5820,0.2832999600985484,scr2099,avaConv,solar
IE,h5821,0.3501065427836199,scr2099,avaConv,solar
IE,h5822,0.41213043158240364,scr2099,avaConv,solar
IE,h5823,0.42362026132665176,scr2099,avaConv,solar
IE,h5824,0.39081229193902384,scr2099,avaConv,solar
IE,h5825,0.2984982796326718,scr2099,avaConv,solar
IE,h5826,0.17487026488952764,scr2099,avaConv,solar
IE,h5827,0.08219531115601551,scr2099,avaConv,solar
IE,h5828,0.02232365269389285,scr2099,avaConv,solar
IE,h5829,0.007856896985258032,scr2099,avaConv,solar
IE,h5830,0.0,scr2099,avaConv,solar
IE,h5831,0.0,scr2099,avaConv,solar
IE,h5832,0.0,scr2099,avaConv,solar
IE,h5833,0.0,scr2099,avaConv,solar
IE,h5834,0.0,scr2099,avaConv,solar
IE,h5835,0.0,scr2099,avaConv,solar
IE,h5836,0.0,scr2099,avaConv,solar
IE,h5837,0.0,scr2099,avaConv,solar
IE,h5838,0.0,scr2099,avaConv,solar
IE,h5839,0.008496957437088483,scr2099,avaConv,solar
IE,h5840,0.045256810917726195,scr2099,avaConv,solar
IE,h5841,0.11785903324090742,scr2099,avaConv,solar
IE,h5842,0.21287369937614625,scr2099,avaConv,solar
IE,h5843,0.29211585963401915,scr2099,avaConv,solar
IE,h5844,0.3639216910053734,scr2099,avaConv,solar
IE,h5845,0.4160621542101416,scr2099,avaConv,solar
IE,h5846,0.4441397135138923,scr2099,avaConv,solar
IE,h5847,0.43346656603387995,scr2099,avaConv,solar
IE,h5848,0.3984211615904498,scr2099,avaConv,solar
IE,h5849,0.3312425822586881,scr2099,avaConv,solar
IE,h5850,0.2114195041367027,scr2099,avaConv,solar
IE,h5851,0.09832584852643207,scr2099,avaConv,solar
IE,h5852,0.022150045311768896,scr2099,avaConv,solar
IE,h5853,0.006904244057785434,scr2099,avaConv,solar
IE,h5854,0.0,scr2099,avaConv,solar
IE,h5855,0.0,scr2099,avaConv,solar
IE,h5856,0.0,scr2099,avaConv,solar
IE,h5857,0.0,scr2099,avaConv,solar
IE,h5858,0.0,scr2099,avaConv,solar
IE,h5859,0.0,scr2099,avaConv,solar
IE,h5860,0.0,scr2099,avaConv,solar
IE,h5861,0.0,scr2099,avaConv,solar
IE,h5862,0.0,scr2099,avaConv,solar
IE,h5863,0.003474960766495995,scr2099,avaConv,solar
IE,h5864,0.020473764826070422,scr2099,avaConv,solar
IE,h5865,0.05128837330566566,scr2099,avaConv,solar
IE,h5866,0.08434614580764159,scr2099,avaConv,solar
IE,h5867,0.1125559219191932,scr2099,avaConv,solar
IE,h5868,0.13615073435975866,scr2099,avaConv,solar
IE,h5869,0.15824918155606255,scr2099,avaConv,solar
IE,h5870,0.1662864900489796,scr2099,avaConv,solar
IE,h5871,0.1573315195335842,scr2099,avaConv,solar
IE,h5872,0.13815672895812292,scr2099,avaConv,solar
IE,h5873,0.11767600886478696,scr2099,avaConv,solar
IE,h5874,0.08171082414357736,scr2099,avaConv,solar
IE,h5875,0.044877402853160234,scr2099,avaConv,solar
IE,h5876,0.012223424011530048,scr2099,avaConv,solar
IE,h5877,0.002551551308343769,scr2099,avaConv,solar
IE,h5878,0.0,scr2099,avaConv,solar
IE,h5879,0.0,scr2099,avaConv,solar
IE,h5880,0.0,scr2099,avaConv,solar
IE,h5881,0.0,scr2099,avaConv,solar
IE,h5882,0.0,scr2099,avaConv,solar
IE,h5883,0.0,scr2099,avaConv,solar
IE,h5884,0.0,scr2099,avaConv,solar
IE,h5885,0.0,scr2099,avaConv,solar
IE,h5886,0.0,scr2099,avaConv,solar
IE,h5887,0.0010918251962262783,scr2099,avaConv,solar
IE,h5888,0.015106020341171955,scr2099,avaConv,solar
IE,h5889,0.04998288444042877,scr2099,avaConv,solar
IE,h5890,0.10732214879854218,scr2099,avaConv,solar
IE,h5891,0.17091435928447324,scr2099,avaConv,solar
IE,h5892,0.24011394426384142,scr2099,avaConv,solar
IE,h5893,0.30715923713633064,scr2099,avaConv,solar
IE,h5894,0.3628959437751837,scr2099,avaConv,solar
IE,h5895,0.39232075677405903,scr2099,avaConv,solar
IE,h5896,0.39619829737558493,scr2099,avaConv,solar
IE,h5897,0.36518200283661695,scr2099,avaConv,solar
IE,h5898,0.2548132422240006,scr2099,avaConv,solar
IE,h5899,0.13690908459521525,scr2099,avaConv,solar
IE,h5900,0.03565097406202983,scr2099,avaConv,solar
IE,h5901,0.011035553523866752,scr2099,avaConv,solar
IE,h5902,0.0,scr2099,avaConv,solar
IE,h5903,0.0,scr2099,avaConv,solar
IE,h5904,0.0,scr2099,avaConv,solar
IE,h5905,0.0,scr2099,avaConv,solar
IE,h5906,0.0,scr2099,avaConv,solar
IE,h5907,0.0,scr2099,avaConv,solar
IE,h5908,0.0,scr2099,avaConv,solar
IE,h5909,0.0,scr2099,avaConv,solar
IE,h5910,0.0,scr2099,avaConv,solar
IE,h5911,0.007337070704079806,scr2099,avaConv,solar
IE,h5912,0.053387930276748694,scr2099,avaConv,solar
IE,h5913,0.14877434220484892,scr2099,avaConv,solar
IE,h5914,0.2758328391391608,scr2099,avaConv,solar
IE,h5915,0.39687657563568945,scr2099,avaConv,solar
IE,h5916,0.49292706574984785,scr2099,avaConv,solar
IE,h5917,0.5651285686215436,scr2099,avaConv,solar
IE,h5918,0.6047451447931974,scr2099,avaConv,solar
IE,h5919,0.6106107281955758,scr2099,avaConv,solar
IE,h5920,0.5770682404730104,scr2099,avaConv,solar
IE,h5921,0.4879590642327304,scr2099,avaConv,solar
IE,h5922,0.3143679088787885,scr2099,avaConv,solar
IE,h5923,0.15468655598822392,scr2099,avaConv,solar
IE,h5924,0.037742467013036046,scr2099,avaConv,solar
IE,h5925,0.012136382921871256,scr2099,avaConv,solar
IE,h5926,0.0,scr2099,avaConv,solar
IE,h5927,0.0,scr2099,avaConv,solar
IE,h5928,0.0,scr2099,avaConv,solar
IE,h5929,0.0,scr2099,avaConv,solar
IE,h5930,0.0,scr2099,avaConv,solar
IE,h5931,0.0,scr2099,avaConv,solar
IE,h5932,0.0,scr2099,avaConv,solar
IE,h5933,0.0,scr2099,avaConv,solar
IE,h5934,0.0,scr2099,avaConv,solar
IE,h5935,0.004524010620616041,scr2099,avaConv,solar
IE,h5936,0.03601663453818303,scr2099,avaConv,solar
IE,h5937,0.10596808572485068,scr2099,avaConv,solar
IE,h5938,0.21223249982083617,scr2099,avaConv,solar
IE,h5939,0.31467644090278085,scr2099,avaConv,solar
IE,h5940,0.3983584512527366,scr2099,avaConv,solar
IE,h5941,0.4412197100170219,scr2099,avaConv,solar
IE,h5942,0.453368064088378,scr2099,avaConv,solar
IE,h5943,0.4489679573941604,scr2099,avaConv,solar
IE,h5944,0.42613042417710406,scr2099,avaConv,solar
IE,h5945,0.3762449707882831,scr2099,avaConv,solar
IE,h5946,0.24395275081218046,scr2099,avaConv,solar
IE,h5947,0.12288091442297681,scr2099,avaConv,solar
IE,h5948,0.02766772057738777,scr2099,avaConv,solar
IE,h5949,0.009099275024623503,scr2099,avaConv,solar
IE,h5950,0.0,scr2099,avaConv,solar
IE,h5951,0.0,scr2099,avaConv,solar
IE,h5952,0.0,scr2099,avaConv,solar
IE,h5953,0.0,scr2099,avaConv,solar
IE,h5954,0.0,scr2099,avaConv,solar
IE,h5955,0.0,scr2099,avaConv,solar
IE,h5956,0.0,scr2099,avaConv,solar
IE,h5957,0.0,scr2099,avaConv,solar
IE,h5958,0.0,scr2099,avaConv,solar
IE,h5959,0.0061551294758729665,scr2099,avaConv,solar
IE,h5960,0.03761962347059103,scr2099,avaConv,solar
IE,h5961,0.09810890222144011,scr2099,avaConv,solar
IE,h5962,0.16065725156847918,scr2099,avaConv,solar
IE,h5963,0.21190198086336245,scr2099,avaConv,solar
IE,h5964,0.2560809027831259,scr2099,avaConv,solar
IE,h5965,0.32168962684690794,scr2099,avaConv,solar
IE,h5966,0.35349864570476164,scr2099,avaConv,solar
IE,h5967,0.3625746115206935,scr2099,avaConv,solar
IE,h5968,0.32462927650886203,scr2099,avaConv,solar
IE,h5969,0.28669736300527976,scr2099,avaConv,solar
IE,h5970,0.19319388328628892,scr2099,avaConv,solar
IE,h5971,0.10362592149896667,scr2099,avaConv,solar
IE,h5972,0.02751266879446766,scr2099,avaConv,solar
IE,h5973,0.006593023788154782,scr2099,avaConv,solar
IE,h5974,0.0,scr2099,avaConv,solar
IE,h5975,0.0,scr2099,avaConv,solar
IE,h5976,0.0,scr2099,avaConv,solar
IE,h5977,0.0,scr2099,avaConv,solar
IE,h5978,0.0,scr2099,avaConv,solar
IE,h5979,0.0,scr2099,avaConv,solar
IE,h5980,0.0,scr2099,avaConv,solar
IE,h5981,0.0,scr2099,avaConv,solar
IE,h5982,0.0,scr2099,avaConv,solar
IE,h5983,0.002087763737845302,scr2099,avaConv,solar
IE,h5984,0.030616792411358545,scr2099,avaConv,solar
IE,h5985,0.10347831253491983,scr2099,avaConv,solar
IE,h5986,0.21887360096165534,scr2099,avaConv,solar
IE,h5987,0.3480609446850333,scr2099,avaConv,solar
IE,h5988,0.45797592392199216,scr2099,avaConv,solar
IE,h5989,0.5455570883366723,scr2099,avaConv,solar
IE,h5990,0.6009502133044726,scr2099,avaConv,solar
IE,h5991,0.6259215997093633,scr2099,avaConv,solar
IE,h5992,0.6018727748233231,scr2099,avaConv,solar
IE,h5993,0.5145325619159989,scr2099,avaConv,solar
IE,h5994,0.32837036746450515,scr2099,avaConv,solar
IE,h5995,0.15952669656677723,scr2099,avaConv,solar
IE,h5996,0.03505203348636852,scr2099,avaConv,solar
IE,h5997,0.01105868639430216,scr2099,avaConv,solar
IE,h5998,0.0,scr2099,avaConv,solar
IE,h5999,0.0,scr2099,avaConv,solar
IE,h6000,0.0,scr2099,avaConv,solar
IE,h6001,0.0,scr2099,avaConv,solar
IE,h6002,0.0,scr2099,avaConv,solar
IE,h6003,0.0,scr2099,avaConv,solar
IE,h6004,0.0,scr2099,avaConv,solar
IE,h6005,0.0,scr2099,avaConv,solar
IE,h6006,0.0,scr2099,avaConv,solar
IE,h6007,0.005478324434555357,scr2099,avaConv,solar
IE,h6008,0.05380159911730607,scr2099,avaConv,solar
IE,h6009,0.155276246525168,scr2099,avaConv,solar
IE,h6010,0.29837060551739336,scr2099,avaConv,solar
IE,h6011,0.43731856077481157,scr2099,avaConv,solar
IE,h6012,0.5455560746112321,scr2099,avaConv,solar
IE,h6013,0.6133599662612684,scr2099,avaConv,solar
IE,h6014,0.6363498339494847,scr2099,avaConv,solar
IE,h6015,0.6153487999043413,scr2099,avaConv,solar
IE,h6016,0.5343252307145371,scr2099,avaConv,solar
IE,h6017,0.396793883440443,scr2099,avaConv,solar
IE,h6018,0.21378714684941613,scr2099,avaConv,solar
IE,h6019,0.08204554424849254,scr2099,avaConv,solar
IE,h6020,0.009742788543940901,scr2099,avaConv,solar
IE,h6021,0.002315715512905859,scr2099,avaConv,solar
IE,h6022,0.0,scr2099,avaConv,solar
IE,h6023,0.0,scr2099,avaConv,solar
IE,h6024,0.0,scr2099,avaConv,solar
IE,h6025,0.0,scr2099,avaConv,solar
IE,h6026,0.0,scr2099,avaConv,solar
IE,h6027,0.0,scr2099,avaConv,solar
IE,h6028,0.0,scr2099,avaConv,solar
IE,h6029,0.0,scr2099,avaConv,solar
IE,h6030,0.0,scr2099,avaConv,solar
IE,h6031,0.0,scr2099,avaConv,solar
IE,h6032,0.0039218795498025755,scr2099,avaConv,solar
IE,h6033,0.016912480549827955,scr2099,avaConv,solar
IE,h6034,0.04411492131663885,scr2099,avaConv,solar
IE,h6035,0.07893926424647363,scr2099,avaConv,solar
IE,h6036,0.12169995672221945,scr2099,avaConv,solar
IE,h6037,0.1629566609928733,scr2099,avaConv,solar
IE,h6038,0.19493764747305195,scr2099,avaConv,solar
IE,h6039,0.21738969953588322,scr2099,avaConv,solar
IE,h6040,0.21362259128756503,scr2099,avaConv,solar
IE,h6041,0.18683160337567514,scr2099,avaConv,solar
IE,h6042,0.11603804427998356,scr2099,avaConv,solar
IE,h6043,0.05349331884678026,scr2099,avaConv,solar
IE,h6044,0.01029067921703605,scr2099,avaConv,solar
IE,h6045,0.0021214197996331074,scr2099,avaConv,solar
IE,h6046,0.0,scr2099,avaConv,solar
IE,h6047,0.0,scr2099,avaConv,solar
IE,h6048,0.0,scr2099,avaConv,solar
IE,h6049,0.0,scr2099,avaConv,solar
IE,h6050,0.0,scr2099,avaConv,solar
IE,h6051,0.0,scr2099,avaConv,solar
IE,h6052,0.0,scr2099,avaConv,solar
IE,h6053,0.0,scr2099,avaConv,solar
IE,h6054,0.0,scr2099,avaConv,solar
IE,h6055,0.0003589007633684239,scr2099,avaConv,solar
IE,h6056,0.015954560661209694,scr2099,avaConv,solar
IE,h6057,0.06108893267898511,scr2099,avaConv,solar
IE,h6058,0.13150444453693239,scr2099,avaConv,solar
IE,h6059,0.2183217368692751,scr2099,avaConv,solar
IE,h6060,0.29233571184376544,scr2099,avaConv,solar
IE,h6061,0.3606221211120597,scr2099,avaConv,solar
IE,h6062,0.4053590230043587,scr2099,avaConv,solar
IE,h6063,0.4314453446965071,scr2099,avaConv,solar
IE,h6064,0.4016492442268298,scr2099,avaConv,solar
IE,h6065,0.3230704116302321,scr2099,avaConv,solar
IE,h6066,0.18607294812214834,scr2099,avaConv,solar
IE,h6067,0.0788856182379772,scr2099,avaConv,solar
IE,h6068,0.011271298903703398,scr2099,avaConv,solar
IE,h6069,0.0015887832996962325,scr2099,avaConv,solar
IE,h6070,0.0,scr2099,avaConv,solar
IE,h6071,0.0,scr2099,avaConv,solar
IE,h6072,0.0,scr2099,avaConv,solar
IE,h6073,0.0,scr2099,avaConv,solar
IE,h6074,0.0,scr2099,avaConv,solar
IE,h6075,0.0,scr2099,avaConv,solar
IE,h6076,0.0,scr2099,avaConv,solar
IE,h6077,0.0,scr2099,avaConv,solar
IE,h6078,0.0,scr2099,avaConv,solar
IE,h6079,0.0,scr2099,avaConv,solar
IE,h6080,0.01322845459629785,scr2099,avaConv,solar
IE,h6081,0.047359346100180034,scr2099,avaConv,solar
IE,h6082,0.11437485197714362,scr2099,avaConv,solar
IE,h6083,0.20748236109782026,scr2099,avaConv,solar
IE,h6084,0.3034417588015498,scr2099,avaConv,solar
IE,h6085,0.39154852453510436,scr2099,avaConv,solar
IE,h6086,0.4432219905125591,scr2099,avaConv,solar
IE,h6087,0.46841214318904006,scr2099,avaConv,solar
IE,h6088,0.44264426102659815,scr2099,avaConv,solar
IE,h6089,0.36734685945816226,scr2099,avaConv,solar
IE,h6090,0.22139660475141176,scr2099,avaConv,solar
IE,h6091,0.09384720199227717,scr2099,avaConv,solar
IE,h6092,0.01248739213768193,scr2099,avaConv,solar
IE,h6093,0.0016194322836092867,scr2099,avaConv,solar
IE,h6094,0.0,scr2099,avaConv,solar
IE,h6095,0.0,scr2099,avaConv,solar
IE,h6096,0.0,scr2099,avaConv,solar
IE,h6097,0.0,scr2099,avaConv,solar
IE,h6098,0.0,scr2099,avaConv,solar
IE,h6099,0.0,scr2099,avaConv,solar
IE,h6100,0.0,scr2099,avaConv,solar
IE,h6101,0.0,scr2099,avaConv,solar
IE,h6102,0.0,scr2099,avaConv,solar
IE,h6103,0.000764582449256869,scr2099,avaConv,solar
IE,h6104,0.02214711109994102,scr2099,avaConv,solar
IE,h6105,0.07916479776820856,scr2099,avaConv,solar
IE,h6106,0.16417282847966164,scr2099,avaConv,solar
IE,h6107,0.25341908806767705,scr2099,avaConv,solar
IE,h6108,0.35034715286492046,scr2099,avaConv,solar
IE,h6109,0.433649503328592,scr2099,avaConv,solar
IE,h6110,0.49140783992571846,scr2099,avaConv,solar
IE,h6111,0.4926697277192695,scr2099,avaConv,solar
IE,h6112,0.4483177957129731,scr2099,avaConv,solar
IE,h6113,0.3650677424292153,scr2099,avaConv,solar
IE,h6114,0.23364648542094052,scr2099,avaConv,solar
IE,h6115,0.11281660598303711,scr2099,avaConv,solar
IE,h6116,0.028384066131155263,scr2099,avaConv,solar
IE,h6117,0.003598098812088881,scr2099,avaConv,solar
IE,h6118,0.0,scr2099,avaConv,solar
IE,h6119,0.0,scr2099,avaConv,solar
IE,h6120,0.0,scr2099,avaConv,solar
IE,h6121,0.0,scr2099,avaConv,solar
IE,h6122,0.0,scr2099,avaConv,solar
IE,h6123,0.0,scr2099,avaConv,solar
IE,h6124,0.0,scr2099,avaConv,solar
IE,h6125,0.0,scr2099,avaConv,solar
IE,h6126,0.0,scr2099,avaConv,solar
IE,h6127,0.002619475732018753,scr2099,avaConv,solar
IE,h6128,0.04709051314267499,scr2099,avaConv,solar
IE,h6129,0.1510355121390069,scr2099,avaConv,solar
IE,h6130,0.3019971572669723,scr2099,avaConv,solar
IE,h6131,0.4425770627281365,scr2099,avaConv,solar
IE,h6132,0.5543563303329032,scr2099,avaConv,solar
IE,h6133,0.6319836345751053,scr2099,avaConv,solar
IE,h6134,0.6760765597883659,scr2099,avaConv,solar
IE,h6135,0.6722151111820872,scr2099,avaConv,solar
IE,h6136,0.6206839012605619,scr2099,avaConv,solar
IE,h6137,0.5119624095110276,scr2099,avaConv,solar
IE,h6138,0.3294995883712604,scr2099,avaConv,solar
IE,h6139,0.15499206975616017,scr2099,avaConv,solar
IE,h6140,0.03531824713924363,scr2099,avaConv,solar
IE,h6141,0.004471784193957328,scr2099,avaConv,solar
IE,h6142,0.0,scr2099,avaConv,solar
IE,h6143,0.0,scr2099,avaConv,solar
IE,h6144,0.0,scr2099,avaConv,solar
IE,h6145,0.0,scr2099,avaConv,solar
IE,h6146,0.0,scr2099,avaConv,solar
IE,h6147,0.0,scr2099,avaConv,solar
IE,h6148,0.0,scr2099,avaConv,solar
IE,h6149,0.0,scr2099,avaConv,solar
IE,h6150,0.0,scr2099,avaConv,solar
IE,h6151,0.0006701980235425577,scr2099,avaConv,solar
IE,h6152,0.035722441060657646,scr2099,avaConv,solar
IE,h6153,0.12347634333456511,scr2099,avaConv,solar
IE,h6154,0.2541941952430045,scr2099,avaConv,solar
IE,h6155,0.38173466167956516,scr2099,avaConv,solar
IE,h6156,0.48114639526099956,scr2099,avaConv,solar
IE,h6157,0.5659560509239587,scr2099,avaConv,solar
IE,h6158,0.6236103468707671,scr2099,avaConv,solar
IE,h6159,0.6368993599851865,scr2099,avaConv,solar
IE,h6160,0.5898301213580122,scr2099,avaConv,solar
IE,h6161,0.48723731418015803,scr2099,avaConv,solar
IE,h6162,0.3188068917362351,scr2099,avaConv,solar
IE,h6163,0.15344428390685347,scr2099,avaConv,solar
IE,h6164,0.03651735791966548,scr2099,avaConv,solar
IE,h6165,0.0034382560065633473,scr2099,avaConv,solar
IE,h6166,0.0,scr2099,avaConv,solar
IE,h6167,0.0,scr2099,avaConv,solar
IE,h6168,0.0,scr2099,avaConv,solar
IE,h6169,0.0,scr2099,avaConv,solar
IE,h6170,0.0,scr2099,avaConv,solar
IE,h6171,0.0,scr2099,avaConv,solar
IE,h6172,0.0,scr2099,avaConv,solar
IE,h6173,0.0,scr2099,avaConv,solar
IE,h6174,0.0,scr2099,avaConv,solar
IE,h6175,0.0,scr2099,avaConv,solar
IE,h6176,0.011212112252436068,scr2099,avaConv,solar
IE,h6177,0.042070403977135386,scr2099,avaConv,solar
IE,h6178,0.09343487390847172,scr2099,avaConv,solar
IE,h6179,0.15374518243894536,scr2099,avaConv,solar
IE,h6180,0.20017524995893252,scr2099,avaConv,solar
IE,h6181,0.23094264550695612,scr2099,avaConv,solar
IE,h6182,0.2365602886559762,scr2099,avaConv,solar
IE,h6183,0.2324499235251832,scr2099,avaConv,solar
IE,h6184,0.215727640226138,scr2099,avaConv,solar
IE,h6185,0.17815478298314838,scr2099,avaConv,solar
IE,h6186,0.11152273987940757,scr2099,avaConv,solar
IE,h6187,0.046259432332792005,scr2099,avaConv,solar
IE,h6188,0.00720257443103586,scr2099,avaConv,solar
IE,h6189,0.0,scr2099,avaConv,solar
IE,h6190,0.0,scr2099,avaConv,solar
IE,h6191,0.0,scr2099,avaConv,solar
IE,h6192,0.0,scr2099,avaConv,solar
IE,h6193,0.0,scr2099,avaConv,solar
IE,h6194,0.0,scr2099,avaConv,solar
IE,h6195,0.0,scr2099,avaConv,solar
IE,h6196,0.0,scr2099,avaConv,solar
IE,h6197,0.0,scr2099,avaConv,solar
IE,h6198,0.0,scr2099,avaConv,solar
IE,h6199,0.0,scr2099,avaConv,solar
IE,h6200,0.007275233715606783,scr2099,avaConv,solar
IE,h6201,0.027526794098721146,scr2099,avaConv,solar
IE,h6202,0.060966586870726,scr2099,avaConv,solar
IE,h6203,0.10027483870192164,scr2099,avaConv,solar
IE,h6204,0.13677580640977688,scr2099,avaConv,solar
IE,h6205,0.16716812560776312,scr2099,avaConv,solar
IE,h6206,0.18342820863925538,scr2099,avaConv,solar
IE,h6207,0.1796163010390762,scr2099,avaConv,solar
IE,h6208,0.15748028263324143,scr2099,avaConv,solar
IE,h6209,0.12455065886839044,scr2099,avaConv,solar
IE,h6210,0.07985014166710434,scr2099,avaConv,solar
IE,h6211,0.038285730691729365,scr2099,avaConv,solar
IE,h6212,0.008648852815257077,scr2099,avaConv,solar
IE,h6213,0.00022915034466455307,scr2099,avaConv,solar
IE,h6214,0.0,scr2099,avaConv,solar
IE,h6215,0.0,scr2099,avaConv,solar
IE,h6216,0.0,scr2099,avaConv,solar
IE,h6217,0.0,scr2099,avaConv,solar
IE,h6218,0.0,scr2099,avaConv,solar
IE,h6219,0.0,scr2099,avaConv,solar
IE,h6220,0.0,scr2099,avaConv,solar
IE,h6221,0.0,scr2099,avaConv,solar
IE,h6222,0.0,scr2099,avaConv,solar
IE,h6223,0.0,scr2099,avaConv,solar
IE,h6224,0.015110606746226258,scr2099,avaConv,solar
IE,h6225,0.06007315919805926,scr2099,avaConv,solar
IE,h6226,0.1404115081115881,scr2099,avaConv,solar
IE,h6227,0.22461699669796792,scr2099,avaConv,solar
IE,h6228,0.3048556980066999,scr2099,avaConv,solar
IE,h6229,0.3423548932657711,scr2099,avaConv,solar
IE,h6230,0.3360495472300407,scr2099,avaConv,solar
IE,h6231,0.27826802174063026,scr2099,avaConv,solar
IE,h6232,0.21026944414140314,scr2099,avaConv,solar
IE,h6233,0.14979241461510814,scr2099,avaConv,solar
IE,h6234,0.09027156851329439,scr2099,avaConv,solar
IE,h6235,0.04046456364303024,scr2099,avaConv,solar
IE,h6236,0.00843058296288365,scr2099,avaConv,solar
IE,h6237,0.0,scr2099,avaConv,solar
IE,h6238,0.0,scr2099,avaConv,solar
IE,h6239,0.0,scr2099,avaConv,solar
IE,h6240,0.0,scr2099,avaConv,solar
IE,h6241,0.0,scr2099,avaConv,solar
IE,h6242,0.0,scr2099,avaConv,solar
IE,h6243,0.0,scr2099,avaConv,solar
IE,h6244,0.0,scr2099,avaConv,solar
IE,h6245,0.0,scr2099,avaConv,solar
IE,h6246,0.0,scr2099,avaConv,solar
IE,h6247,0.0,scr2099,avaConv,solar
IE,h6248,0.001644939634929164,scr2099,avaConv,solar
IE,h6249,0.009343729589708352,scr2099,avaConv,solar
IE,h6250,0.023993137706484972,scr2099,avaConv,solar
IE,h6251,0.04391540588685556,scr2099,avaConv,solar
IE,h6252,0.06435959874991493,scr2099,avaConv,solar
IE,h6253,0.0806978484697251,scr2099,avaConv,solar
IE,h6254,0.08995906730402704,scr2099,avaConv,solar
IE,h6255,0.09100455352616124,scr2099,avaConv,solar
IE,h6256,0.08402789816282992,scr2099,avaConv,solar
IE,h6257,0.07035794371829357,scr2099,avaConv,solar
IE,h6258,0.04542695786396049,scr2099,avaConv,solar
IE,h6259,0.021306070164683926,scr2099,avaConv,solar
IE,h6260,0.004455779564443778,scr2099,avaConv,solar
IE,h6261,0.0,scr2099,avaConv,solar
IE,h6262,0.0,scr2099,avaConv,solar
IE,h6263,0.0,scr2099,avaConv,solar
IE,h6264,0.0,scr2099,avaConv,solar
IE,h6265,0.0,scr2099,avaConv,solar
IE,h6266,0.0,scr2099,avaConv,solar
IE,h6267,0.0,scr2099,avaConv,solar
IE,h6268,0.0,scr2099,avaConv,solar
IE,h6269,0.0,scr2099,avaConv,solar
IE,h6270,0.0,scr2099,avaConv,solar
IE,h6271,0.0,scr2099,avaConv,solar
IE,h6272,0.005032698040952615,scr2099,avaConv,solar
IE,h6273,0.022588020540665773,scr2099,avaConv,solar
IE,h6274,0.0549762193215759,scr2099,avaConv,solar
IE,h6275,0.09423348224519623,scr2099,avaConv,solar
IE,h6276,0.12696443555508852,scr2099,avaConv,solar
IE,h6277,0.1488509711374839,scr2099,avaConv,solar
IE,h6278,0.15879846697562208,scr2099,avaConv,solar
IE,h6279,0.1562732245470592,scr2099,avaConv,solar
IE,h6280,0.13472166727572943,scr2099,avaConv,solar
IE,h6281,0.10311781348858048,scr2099,avaConv,solar
IE,h6282,0.06063816275601596,scr2099,avaConv,solar
IE,h6283,0.027715443588688403,scr2099,avaConv,solar
IE,h6284,0.005418629293482623,scr2099,avaConv,solar
IE,h6285,0.0,scr2099,avaConv,solar
IE,h6286,0.0,scr2099,avaConv,solar
IE,h6287,0.0,scr2099,avaConv,solar
IE,h6288,0.0,scr2099,avaConv,solar
IE,h6289,0.0,scr2099,avaConv,solar
IE,h6290,0.0,scr2099,avaConv,solar
IE,h6291,0.0,scr2099,avaConv,solar
IE,h6292,0.0,scr2099,avaConv,solar
IE,h6293,0.0,scr2099,avaConv,solar
IE,h6294,0.0,scr2099,avaConv,solar
IE,h6295,0.0,scr2099,avaConv,solar
IE,h6296,0.006027654456412728,scr2099,avaConv,solar
IE,h6297,0.025511164539097384,scr2099,avaConv,solar
IE,h6298,0.061954319119056925,scr2099,avaConv,solar
IE,h6299,0.10527683964083817,scr2099,avaConv,solar
IE,h6300,0.14094406068332943,scr2099,avaConv,solar
IE,h6301,0.16809465007697147,scr2099,avaConv,solar
IE,h6302,0.19047671292650084,scr2099,avaConv,solar
IE,h6303,0.2094457198206706,scr2099,avaConv,solar
IE,h6304,0.21609092834633292,scr2099,avaConv,solar
IE,h6305,0.20232354527997715,scr2099,avaConv,solar
IE,h6306,0.14471864603043438,scr2099,avaConv,solar
IE,h6307,0.07404598294177218,scr2099,avaConv,solar
IE,h6308,0.016858709823090904,scr2099,avaConv,solar
IE,h6309,0.00026420830903472136,scr2099,avaConv,solar
IE,h6310,0.0,scr2099,avaConv,solar
IE,h6311,0.0,scr2099,avaConv,solar
IE,h6312,0.0,scr2099,avaConv,solar
IE,h6313,0.0,scr2099,avaConv,solar
IE,h6314,0.0,scr2099,avaConv,solar
IE,h6315,0.0,scr2099,avaConv,solar
IE,h6316,0.0,scr2099,avaConv,solar
IE,h6317,0.0,scr2099,avaConv,solar
IE,h6318,0.0,scr2099,avaConv,solar
IE,h6319,0.0,scr2099,avaConv,solar
IE,h6320,0.02137656565049388,scr2099,avaConv,solar
IE,h6321,0.08314274488125661,scr2099,avaConv,solar
IE,h6322,0.1867396338531986,scr2099,avaConv,solar
IE,h6323,0.301873396576579,scr2099,avaConv,solar
IE,h6324,0.41354001431654297,scr2099,avaConv,solar
IE,h6325,0.5066524092867805,scr2099,avaConv,solar
IE,h6326,0.5779633832227417,scr2099,avaConv,solar
IE,h6327,0.5940717588628899,scr2099,avaConv,solar
IE,h6328,0.5538768510350817,scr2099,avaConv,solar
IE,h6329,0.4545049110454113,scr2099,avaConv,solar
IE,h6330,0.29019323675589087,scr2099,avaConv,solar
IE,h6331,0.1332455831422251,scr2099,avaConv,solar
IE,h6332,0.02624795505618593,scr2099,avaConv,solar
IE,h6333,0.0,scr2099,avaConv,solar
IE,h6334,0.0,scr2099,avaConv,solar
IE,h6335,0.0,scr2099,avaConv,solar
IE,h6336,0.0,scr2099,avaConv,solar
IE,h6337,0.0,scr2099,avaConv,solar
IE,h6338,0.0,scr2099,avaConv,solar
IE,h6339,0.0,scr2099,avaConv,solar
IE,h6340,0.0,scr2099,avaConv,solar
IE,h6341,0.0,scr2099,avaConv,solar
IE,h6342,0.0,scr2099,avaConv,solar
IE,h6343,0.0,scr2099,avaConv,solar
IE,h6344,0.01700940278173069,scr2099,avaConv,solar
IE,h6345,0.06761207360913839,scr2099,avaConv,solar
IE,h6346,0.14752060572192535,scr2099,avaConv,solar
IE,h6347,0.22729576254835013,scr2099,avaConv,solar
IE,h6348,0.28489728373356676,scr2099,avaConv,solar
IE,h6349,0.32122898709202424,scr2099,avaConv,solar
IE,h6350,0.33865316136773765,scr2099,avaConv,solar
IE,h6351,0.3318320808000256,scr2099,avaConv,solar
IE,h6352,0.29306443241843416,scr2099,avaConv,solar
IE,h6353,0.2263044628499961,scr2099,avaConv,solar
IE,h6354,0.13074965001597738,scr2099,avaConv,solar
IE,h6355,0.053617404942861886,scr2099,avaConv,solar
IE,h6356,0.006945647435563907,scr2099,avaConv,solar
IE,h6357,0.0,scr2099,avaConv,solar
IE,h6358,0.0,scr2099,avaConv,solar
IE,h6359,0.0,scr2099,avaConv,solar
IE,h6360,0.0,scr2099,avaConv,solar
IE,h6361,0.0,scr2099,avaConv,solar
IE,h6362,0.0,scr2099,avaConv,solar
IE,h6363,0.0,scr2099,avaConv,solar
IE,h6364,0.0,scr2099,avaConv,solar
IE,h6365,0.0,scr2099,avaConv,solar
IE,h6366,0.0,scr2099,avaConv,solar
IE,h6367,0.0,scr2099,avaConv,solar
IE,h6368,0.0008398887899871075,scr2099,avaConv,solar
IE,h6369,0.009593884285319067,scr2099,avaConv,solar
IE,h6370,0.02944368556880359,scr2099,avaConv,solar
IE,h6371,0.0584876981261176,scr2099,avaConv,solar
IE,h6372,0.08632613519597677,scr2099,avaConv,solar
IE,h6373,0.10982969765701786,scr2099,avaConv,solar
IE,h6374,0.11925404059724638,scr2099,avaConv,solar
IE,h6375,0.11658341112200349,scr2099,avaConv,solar
IE,h6376,0.10476219333589559,scr2099,avaConv,solar
IE,h6377,0.0930221113834169,scr2099,avaConv,solar
IE,h6378,0.06241989474302493,scr2099,avaConv,solar
IE,h6379,0.030477049877956262,scr2099,avaConv,solar
IE,h6380,0.0038175595718346785,scr2099,avaConv,solar
IE,h6381,0.0,scr2099,avaConv,solar
IE,h6382,0.0,scr2099,avaConv,solar
IE,h6383,0.0,scr2099,avaConv,solar
IE,h6384,0.0,scr2099,avaConv,solar
IE,h6385,0.0,scr2099,avaConv,solar
IE,h6386,0.0,scr2099,avaConv,solar
IE,h6387,0.0,scr2099,avaConv,solar
IE,h6388,0.0,scr2099,avaConv,solar
IE,h6389,0.0,scr2099,avaConv,solar
IE,h6390,0.0,scr2099,avaConv,solar
IE,h6391,0.0,scr2099,avaConv,solar
IE,h6392,0.0009821613288016995,scr2099,avaConv,solar
IE,h6393,0.010023639814460137,scr2099,avaConv,solar
IE,h6394,0.029593538651465086,scr2099,avaConv,solar
IE,h6395,0.055373764991766286,scr2099,avaConv,solar
IE,h6396,0.08263556572256242,scr2099,avaConv,solar
IE,h6397,0.1051109973886665,scr2099,avaConv,solar
IE,h6398,0.11928867622335149,scr2099,avaConv,solar
IE,h6399,0.11801488138238322,scr2099,avaConv,solar
IE,h6400,0.10348076838672422,scr2099,avaConv,solar
IE,h6401,0.08364860996430994,scr2099,avaConv,solar
IE,h6402,0.05171848089965112,scr2099,avaConv,solar
IE,h6403,0.023887162654738642,scr2099,avaConv,solar
IE,h6404,0.003498943301979788,scr2099,avaConv,solar
IE,h6405,0.0,scr2099,avaConv,solar
IE,h6406,0.0,scr2099,avaConv,solar
IE,h6407,0.0,scr2099,avaConv,solar
IE,h6408,0.0,scr2099,avaConv,solar
IE,h6409,0.0,scr2099,avaConv,solar
IE,h6410,0.0,scr2099,avaConv,solar
IE,h6411,0.0,scr2099,avaConv,solar
IE,h6412,0.0,scr2099,avaConv,solar
IE,h6413,0.0,scr2099,avaConv,solar
IE,h6414,0.0,scr2099,avaConv,solar
IE,h6415,0.0,scr2099,avaConv,solar
IE,h6416,0.004046387376349935,scr2099,avaConv,solar
IE,h6417,0.020961204083477243,scr2099,avaConv,solar
IE,h6418,0.05259241848948715,scr2099,avaConv,solar
IE,h6419,0.09175128265663635,scr2099,avaConv,solar
IE,h6420,0.1299927096107641,scr2099,avaConv,solar
IE,h6421,0.15502285129739576,scr2099,avaConv,solar
IE,h6422,0.16651701897630833,scr2099,avaConv,solar
IE,h6423,0.15965911790766263,scr2099,avaConv,solar
IE,h6424,0.13870433689618536,scr2099,avaConv,solar
IE,h6425,0.10851438131282976,scr2099,avaConv,solar
IE,h6426,0.06321890437628341,scr2099,avaConv,solar
IE,h6427,0.027394630543045088,scr2099,avaConv,solar
IE,h6428,0.0035295590303881037,scr2099,avaConv,solar
IE,h6429,0.0,scr2099,avaConv,solar
IE,h6430,0.0,scr2099,avaConv,solar
IE,h6431,0.0,scr2099,avaConv,solar
IE,h6432,0.0,scr2099,avaConv,solar
IE,h6433,0.0,scr2099,avaConv,solar
IE,h6434,0.0,scr2099,avaConv,solar
IE,h6435,0.0,scr2099,avaConv,solar
IE,h6436,0.0,scr2099,avaConv,solar
IE,h6437,0.0,scr2099,avaConv,solar
IE,h6438,0.0,scr2099,avaConv,solar
IE,h6439,0.0,scr2099,avaConv,solar
IE,h6440,0.019745901085304943,scr2099,avaConv,solar
IE,h6441,0.09687183416647074,scr2099,avaConv,solar
IE,h6442,0.23341075347703805,scr2099,avaConv,solar
IE,h6443,0.39068376373306835,scr2099,avaConv,solar
IE,h6444,0.5160527028457306,scr2099,avaConv,solar
IE,h6445,0.5990631705470272,scr2099,avaConv,solar
IE,h6446,0.6308686281241852,scr2099,avaConv,solar
IE,h6447,0.6352387023751436,scr2099,avaConv,solar
IE,h6448,0.6004427588784192,scr2099,avaConv,solar
IE,h6449,0.527325248284586,scr2099,avaConv,solar
IE,h6450,0.3439417983953138,scr2099,avaConv,solar
IE,h6451,0.15829766342092086,scr2099,avaConv,solar
IE,h6452,0.025591004963962688,scr2099,avaConv,solar
IE,h6453,0.0,scr2099,avaConv,solar
IE,h6454,0.0,scr2099,avaConv,solar
IE,h6455,0.0,scr2099,avaConv,solar
IE,h6456,0.0,scr2099,avaConv,solar
IE,h6457,0.0,scr2099,avaConv,solar
IE,h6458,0.0,scr2099,avaConv,solar
IE,h6459,0.0,scr2099,avaConv,solar
IE,h6460,0.0,scr2099,avaConv,solar
IE,h6461,0.0,scr2099,avaConv,solar
IE,h6462,0.0,scr2099,avaConv,solar
IE,h6463,0.0,scr2099,avaConv,solar
IE,h6464,0.009900604833540473,scr2099,avaConv,solar
IE,h6465,0.03216717323430755,scr2099,avaConv,solar
IE,h6466,0.05770426206833684,scr2099,avaConv,solar
IE,h6467,0.07920424138787441,scr2099,avaConv,solar
IE,h6468,0.08613466760302142,scr2099,avaConv,solar
IE,h6469,0.09494469654351215,scr2099,avaConv,solar
IE,h6470,0.09697515153747714,scr2099,avaConv,solar
IE,h6471,0.09445687912261574,scr2099,avaConv,solar
IE,h6472,0.08229646731653673,scr2099,avaConv,solar
IE,h6473,0.06319680079127173,scr2099,avaConv,solar
IE,h6474,0.03745464670197942,scr2099,avaConv,solar
IE,h6475,0.015649116668299344,scr2099,avaConv,solar
IE,h6476,0.0013936653033718624,scr2099,avaConv,solar
IE,h6477,0.0,scr2099,avaConv,solar
IE,h6478,0.0,scr2099,avaConv,solar
IE,h6479,0.0,scr2099,avaConv,solar
IE,h6480,0.0,scr2099,avaConv,solar
IE,h6481,0.0,scr2099,avaConv,solar
IE,h6482,0.0,scr2099,avaConv,solar
IE,h6483,0.0,scr2099,avaConv,solar
IE,h6484,0.0,scr2099,avaConv,solar
IE,h6485,0.0,scr2099,avaConv,solar
IE,h6486,0.0,scr2099,avaConv,solar
IE,h6487,0.0,scr2099,avaConv,solar
IE,h6488,0.0033720496991450593,scr2099,avaConv,solar
IE,h6489,0.020978468693079674,scr2099,avaConv,solar
IE,h6490,0.05856525457140709,scr2099,avaConv,solar
IE,h6491,0.1064897425726438,scr2099,avaConv,solar
IE,h6492,0.15828881148682417,scr2099,avaConv,solar
IE,h6493,0.20387748213265114,scr2099,avaConv,solar
IE,h6494,0.23851798280539058,scr2099,avaConv,solar
IE,h6495,0.26607924010060663,scr2099,avaConv,solar
IE,h6496,0.26721660043538614,scr2099,avaConv,solar
IE,h6497,0.24860984396981944,scr2099,avaConv,solar
IE,h6498,0.1576299105682584,scr2099,avaConv,solar
IE,h6499,0.0725841410202618,scr2099,avaConv,solar
IE,h6500,0.007363909328275288,scr2099,avaConv,solar
IE,h6501,0.0,scr2099,avaConv,solar
IE,h6502,0.0,scr2099,avaConv,solar
IE,h6503,0.0,scr2099,avaConv,solar
IE,h6504,0.0,scr2099,avaConv,solar
IE,h6505,0.0,scr2099,avaConv,solar
IE,h6506,0.0,scr2099,avaConv,solar
IE,h6507,0.0,scr2099,avaConv,solar
IE,h6508,0.0,scr2099,avaConv,solar
IE,h6509,0.0,scr2099,avaConv,solar
IE,h6510,0.0,scr2099,avaConv,solar
IE,h6511,0.0,scr2099,avaConv,solar
IE,h6512,0.010225208781817251,scr2099,avaConv,solar
IE,h6513,0.06119507892112847,scr2099,avaConv,solar
IE,h6514,0.17089311996407416,scr2099,avaConv,solar
IE,h6515,0.32230799685216727,scr2099,avaConv,solar
IE,h6516,0.4697023536551307,scr2099,avaConv,solar
IE,h6517,0.575858972340693,scr2099,avaConv,solar
IE,h6518,0.6349778725088885,scr2099,avaConv,solar
IE,h6519,0.6491195967001517,scr2099,avaConv,solar
IE,h6520,0.6218437652935052,scr2099,avaConv,solar
IE,h6521,0.5493644817835438,scr2099,avaConv,solar
IE,h6522,0.3566274922224092,scr2099,avaConv,solar
IE,h6523,0.16642336658748982,scr2099,avaConv,solar
IE,h6524,0.022076636700003597,scr2099,avaConv,solar
IE,h6525,0.0,scr2099,avaConv,solar
IE,h6526,0.0,scr2099,avaConv,solar
IE,h6527,0.0,scr2099,avaConv,solar
IE,h6528,0.0,scr2099,avaConv,solar
IE,h6529,0.0,scr2099,avaConv,solar
IE,h6530,0.0,scr2099,avaConv,solar
IE,h6531,0.0,scr2099,avaConv,solar
IE,h6532,0.0,scr2099,avaConv,solar
IE,h6533,0.0,scr2099,avaConv,solar
IE,h6534,0.0,scr2099,avaConv,solar
IE,h6535,0.0,scr2099,avaConv,solar
IE,h6536,0.0005671797148422464,scr2099,avaConv,solar
IE,h6537,0.0046012056311001415,scr2099,avaConv,solar
IE,h6538,0.01494482407049064,scr2099,avaConv,solar
IE,h6539,0.03481336839463236,scr2099,avaConv,solar
IE,h6540,0.06893699553980005,scr2099,avaConv,solar
IE,h6541,0.12039868698907992,scr2099,avaConv,solar
IE,h6542,0.18958939748773482,scr2099,avaConv,solar
IE,h6543,0.2682169974460339,scr2099,avaConv,solar
IE,h6544,0.30621911564123755,scr2099,avaConv,solar
IE,h6545,0.29828137438413055,scr2099,avaConv,solar
IE,h6546,0.18765973048985574,scr2099,avaConv,solar
IE,h6547,0.08710661747670859,scr2099,avaConv,solar
IE,h6548,0.007778923173730808,scr2099,avaConv,solar
IE,h6549,0.0,scr2099,avaConv,solar
IE,h6550,0.0,scr2099,avaConv,solar
IE,h6551,0.0,scr2099,avaConv,solar
IE,h6552,0.0,scr2099,avaConv,solar
IT,h5809,0.0,scr2099,avaConv,solar
IT,h5810,0.0,scr2099,avaConv,solar
IT,h5811,0.0,scr2099,avaConv,solar
IT,h5812,0.0,scr2099,avaConv,solar
IT,h5813,0.0,scr2099,avaConv,solar
IT,h5814,0.022251772035078134,scr2099,avaConv,solar
IT,h5815,0.09505821325556146,scr2099,avaConv,solar
IT,h5816,0.21940080898519584,scr2099,avaConv,solar
IT,h5817,0.3647209865328089,scr2099,avaConv,solar
IT,h5818,0.4955587325640801,scr2099,avaConv,solar
IT,h5819,0.5975987651728981,scr2099,avaConv,solar
IT,h5820,0.6596486475960585,scr2099,avaConv,solar
IT,h5821,0.6722456353763032,scr2099,avaConv,solar
IT,h5822,0.6346231654273682,scr2099,avaConv,solar
IT,h5823,0.5468867040226767,scr2099,avaConv,solar
IT,h5824,0.40473138340280457,scr2099,avaConv,solar
IT,h5825,0.23355488950317171,scr2099,avaConv,solar
IT,h5826,0.09436038040490184,scr2099,avaConv,solar
IT,h5827,0.020128612412111776,scr2099,avaConv,solar
IT,h5828,0.002598272126564439,scr2099,avaConv,solar
IT,h5829,0.0,scr2099,avaConv,solar
IT,h5830,0.0,scr2099,avaConv,solar
IT,h5831,0.0,scr2099,avaConv,solar
IT,h5832,0.0,scr2099,avaConv,solar
IT,h5833,0.0,scr2099,avaConv,solar
IT,h5834,0.0,scr2099,avaConv,solar
IT,h5835,0.0,scr2099,avaConv,solar
IT,h5836,0.0,scr2099,avaConv,solar
IT,h5837,0.0,scr2099,avaConv,solar
IT,h5838,0.021887682360262905,scr2099,avaConv,solar
IT,h5839,0.09459137355854612,scr2099,avaConv,solar
IT,h5840,0.2178800597366365,scr2099,avaConv,solar
IT,h5841,0.3615375330273862,scr2099,avaConv,solar
IT,h5842,0.48931043996803325,scr2099,avaConv,solar
IT,h5843,0.5932453851093249,scr2099,avaConv,solar
IT,h5844,0.6579770830989483,scr2099,avaConv,solar
IT,h5845,0.6726747142755569,scr2099,avaConv,solar
IT,h5846,0.6331601106291835,scr2099,avaConv,solar
IT,h5847,0.5425837642661544,scr2099,avaConv,solar
IT,h5848,0.40050309669742024,scr2099,avaConv,solar
IT,h5849,0.22966894409311783,scr2099,avaConv,solar
IT,h5850,0.09153605482543421,scr2099,avaConv,solar
IT,h5851,0.01837960738594193,scr2099,avaConv,solar
IT,h5852,0.0016734129492878588,scr2099,avaConv,solar
IT,h5853,0.0,scr2099,avaConv,solar
IT,h5854,0.0,scr2099,avaConv,solar
IT,h5855,0.0,scr2099,avaConv,solar
IT,h5856,0.0,scr2099,avaConv,solar
IT,h5857,0.0,scr2099,avaConv,solar
IT,h5858,0.0,scr2099,avaConv,solar
IT,h5859,0.0,scr2099,avaConv,solar
IT,h5860,0.0,scr2099,avaConv,solar
IT,h5861,0.0,scr2099,avaConv,solar
IT,h5862,0.018116403896445515,scr2099,avaConv,solar
IT,h5863,0.08277195785220064,scr2099,avaConv,solar
IT,h5864,0.19595045666361433,scr2099,avaConv,solar
IT,h5865,0.33452859170207566,scr2099,avaConv,solar
IT,h5866,0.46204752993530174,scr2099,avaConv,solar
IT,h5867,0.566567024609611,scr2099,avaConv,solar
IT,h5868,0.6315143515720414,scr2099,avaConv,solar
IT,h5869,0.6475958166162532,scr2099,avaConv,solar
IT,h5870,0.6119037498320562,scr2099,avaConv,solar
IT,h5871,0.5273072370551775,scr2099,avaConv,solar
IT,h5872,0.39248282773257165,scr2099,avaConv,solar
IT,h5873,0.22657987988902908,scr2099,avaConv,solar
IT,h5874,0.0922223245181044,scr2099,avaConv,solar
IT,h5875,0.018822270512798903,scr2099,avaConv,solar
IT,h5876,0.002520803301133488,scr2099,avaConv,solar
IT,h5877,0.0,scr2099,avaConv,solar
IT,h5878,0.0,scr2099,avaConv,solar
IT,h5879,0.0,scr2099,avaConv,solar
IT,h5880,0.0,scr2099,avaConv,solar
IT,h5881,0.0,scr2099,avaConv,solar
IT,h5882,0.0,scr2099,avaConv,solar
IT,h5883,0.0,scr2099,avaConv,solar
IT,h5884,0.0,scr2099,avaConv,solar
IT,h5885,0.0,scr2099,avaConv,solar
IT,h5886,0.022671044147059442,scr2099,avaConv,solar
IT,h5887,0.09972212075611579,scr2099,avaConv,solar
IT,h5888,0.23210588539332813,scr2099,avaConv,solar
IT,h5889,0.3871730402280063,scr2099,avaConv,solar
IT,h5890,0.5240971114325281,scr2099,avaConv,solar
IT,h5891,0.6289255612904948,scr2099,avaConv,solar
IT,h5892,0.6903889420912047,scr2099,avaConv,solar
IT,h5893,0.6990681280719757,scr2099,avaConv,solar
IT,h5894,0.6555873386430472,scr2099,avaConv,solar
IT,h5895,0.5622897559319441,scr2099,avaConv,solar
IT,h5896,0.4161514727533942,scr2099,avaConv,solar
IT,h5897,0.24159823106325415,scr2099,avaConv,solar
IT,h5898,0.09731762784206499,scr2099,avaConv,solar
IT,h5899,0.020619553179277085,scr2099,avaConv,solar
IT,h5900,0.0017381710555196763,scr2099,avaConv,solar
IT,h5901,0.0,scr2099,avaConv,solar
IT,h5902,0.0,scr2099,avaConv,solar
IT,h5903,0.0,scr2099,avaConv,solar
IT,h5904,0.0,scr2099,avaConv,solar
IT,h5905,0.0,scr2099,avaConv,solar
IT,h5906,0.0,scr2099,avaConv,solar
IT,h5907,0.0,scr2099,avaConv,solar
IT,h5908,0.0,scr2099,avaConv,solar
IT,h5909,0.0,scr2099,avaConv,solar
IT,h5910,0.02101579095783252,scr2099,avaConv,solar
IT,h5911,0.09507897821884695,scr2099,avaConv,solar
IT,h5912,0.2237935123245914,scr2099,avaConv,solar
IT,h5913,0.3763286285624848,scr2099,avaConv,solar
IT,h5914,0.513437946418216,scr2099,avaConv,solar
IT,h5915,0.6191261313905954,scr2099,avaConv,solar
IT,h5916,0.6836521878228264,scr2099,avaConv,solar
IT,h5917,0.6981339084214596,scr2099,avaConv,solar
IT,h5918,0.6614436775958155,scr2099,avaConv,solar
IT,h5919,0.5747359741523774,scr2099,avaConv,solar
IT,h5920,0.4302588663661395,scr2099,avaConv,solar
IT,h5921,0.25093723667446977,scr2099,avaConv,solar
IT,h5922,0.10171023678171459,scr2099,avaConv,solar
IT,h5923,0.02056120767580591,scr2099,avaConv,solar
IT,h5924,0.002089784548281418,scr2099,avaConv,solar
IT,h5925,0.0,scr2099,avaConv,solar
IT,h5926,0.0,scr2099,avaConv,solar
IT,h5927,0.0,scr2099,avaConv,solar
IT,h5928,0.0,scr2099,avaConv,solar
IT,h5929,0.0,scr2099,avaConv,solar
IT,h5930,0.0,scr2099,avaConv,solar
IT,h5931,0.0,scr2099,avaConv,solar
IT,h5932,0.0,scr2099,avaConv,solar
IT,h5933,0.0,scr2099,avaConv,solar
IT,h5934,0.020915925459433705,scr2099,avaConv,solar
IT,h5935,0.09604340582219222,scr2099,avaConv,solar
IT,h5936,0.2257092840965312,scr2099,avaConv,solar
IT,h5937,0.38012455266479256,scr2099,avaConv,solar
IT,h5938,0.516081959717242,scr2099,avaConv,solar
IT,h5939,0.6210262944153688,scr2099,avaConv,solar
IT,h5940,0.6844286464728451,scr2099,avaConv,solar
IT,h5941,0.6986821082422577,scr2099,avaConv,solar
IT,h5942,0.6620941458727346,scr2099,avaConv,solar
IT,h5943,0.5735883628783799,scr2099,avaConv,solar
IT,h5944,0.42881444145853936,scr2099,avaConv,solar
IT,h5945,0.2498075988826765,scr2099,avaConv,solar
IT,h5946,0.10128660962462864,scr2099,avaConv,solar
IT,h5947,0.02067268011275968,scr2099,avaConv,solar
IT,h5948,0.0017470684447453324,scr2099,avaConv,solar
IT,h5949,0.0,scr2099,avaConv,solar
IT,h5950,0.0,scr2099,avaConv,solar
IT,h5951,0.0,scr2099,avaConv,solar
IT,h5952,0.0,scr2099,avaConv,solar
IT,h5953,0.0,scr2099,avaConv,solar
IT,h5954,0.0,scr2099,avaConv,solar
IT,h5955,0.0,scr2099,avaConv,solar
IT,h5956,0.0,scr2099,avaConv,solar
IT,h5957,0.0,scr2099,avaConv,solar
IT,h5958,0.019917349318536767,scr2099,avaConv,solar
IT,h5959,0.09383763188682988,scr2099,avaConv,solar
IT,h5960,0.22221495479599762,scr2099,avaConv,solar
IT,h5961,0.3766626018325269,scr2099,avaConv,solar
IT,h5962,0.5129779712207116,scr2099,avaConv,solar
IT,h5963,0.6185607234681767,scr2099,avaConv,solar
IT,h5964,0.6826910861749401,scr2099,avaConv,solar
IT,h5965,0.6977857881898814,scr2099,avaConv,solar
IT,h5966,0.6620608438169933,scr2099,avaConv,solar
IT,h5967,0.5741905544078241,scr2099,avaConv,solar
IT,h5968,0.4296766707912792,scr2099,avaConv,solar
IT,h5969,0.24984505796920226,scr2099,avaConv,solar
IT,h5970,0.10058153474057811,scr2099,avaConv,solar
IT,h5971,0.019775997261556124,scr2099,avaConv,solar
IT,h5972,0.0013820525731677385,scr2099,avaConv,solar
IT,h5973,0.0,scr2099,avaConv,solar
IT,h5974,0.0,scr2099,avaConv,solar
IT,h5975,0.0,scr2099,avaConv,solar
IT,h5976,0.0,scr2099,avaConv,solar
IT,h5977,0.0,scr2099,avaConv,solar
IT,h5978,0.0,scr2099,avaConv,solar
IT,h5979,0.0,scr2099,avaConv,solar
IT,h5980,0.0,scr2099,avaConv,solar
IT,h5981,0.0,scr2099,avaConv,solar
IT,h5982,0.018655556005919373,scr2099,avaConv,solar
IT,h5983,0.09054147279505081,scr2099,avaConv,solar
IT,h5984,0.21645778528776852,scr2099,avaConv,solar
IT,h5985,0.3700654700546602,scr2099,avaConv,solar
IT,h5986,0.5061364599143835,scr2099,avaConv,solar
IT,h5987,0.6120523665565499,scr2099,avaConv,solar
IT,h5988,0.6764174746339157,scr2099,avaConv,solar
IT,h5989,0.6919793992367309,scr2099,avaConv,solar
IT,h5990,0.6565539874325633,scr2099,avaConv,solar
IT,h5991,0.5693158980532704,scr2099,avaConv,solar
IT,h5992,0.42567365630285187,scr2099,avaConv,solar
IT,h5993,0.25230129893862396,scr2099,avaConv,solar
IT,h5994,0.10381323345714248,scr2099,avaConv,solar
IT,h5995,0.023610333930084805,scr2099,avaConv,solar
IT,h5996,0.0011004941158528892,scr2099,avaConv,solar
IT,h5997,0.0,scr2099,avaConv,solar
IT,h5998,0.0,scr2099,avaConv,solar
IT,h5999,0.0,scr2099,avaConv,solar
IT,h6000,0.0,scr2099,avaConv,solar
IT,h6001,0.0,scr2099,avaConv,solar
IT,h6002,0.0,scr2099,avaConv,solar
IT,h6003,0.0,scr2099,avaConv,solar
IT,h6004,0.0,scr2099,avaConv,solar
IT,h6005,0.0,scr2099,avaConv,solar
IT,h6006,0.01749901970296696,scr2099,avaConv,solar
IT,h6007,0.08785457396965492,scr2099,avaConv,solar
IT,h6008,0.21231315794308028,scr2099,avaConv,solar
IT,h6009,0.3660410617597698,scr2099,avaConv,solar
IT,h6010,0.5024377388779546,scr2099,avaConv,solar
IT,h6011,0.6086017278990167,scr2099,avaConv,solar
IT,h6012,0.6729797354770792,scr2099,avaConv,solar
IT,h6013,0.6886784371437,scr2099,avaConv,solar
IT,h6014,0.6538337895342289,scr2099,avaConv,solar
IT,h6015,0.5670586080815715,scr2099,avaConv,solar
IT,h6016,0.42404287474427044,scr2099,avaConv,solar
IT,h6017,0.2511653931466674,scr2099,avaConv,solar
IT,h6018,0.1032156737501985,scr2099,avaConv,solar
IT,h6019,0.023431492876914466,scr2099,avaConv,solar
IT,h6020,0.0010089192859776162,scr2099,avaConv,solar
IT,h6021,0.0,scr2099,avaConv,solar
IT,h6022,0.0,scr2099,avaConv,solar
IT,h6023,0.0,scr2099,avaConv,solar
IT,h6024,0.0,scr2099,avaConv,solar
IT,h6025,0.0,scr2099,avaConv,solar
IT,h6026,0.0,scr2099,avaConv,solar
IT,h6027,0.0,scr2099,avaConv,solar
IT,h6028,0.0,scr2099,avaConv,solar
IT,h6029,0.0,scr2099,avaConv,solar
IT,h6030,0.016384448965326263,scr2099,avaConv,solar
IT,h6031,0.08600994687837406,scr2099,avaConv,solar
IT,h6032,0.21025308246207977,scr2099,avaConv,solar
IT,h6033,0.3646978542056929,scr2099,avaConv,solar
IT,h6034,0.5022010802964676,scr2099,avaConv,solar
IT,h6035,0.6098124296354537,scr2099,avaConv,solar
IT,h6036,0.6762822582501824,scr2099,avaConv,solar
IT,h6037,0.6927158392096652,scr2099,avaConv,solar
IT,h6038,0.6586386305114486,scr2099,avaConv,solar
IT,h6039,0.572482927405234,scr2099,avaConv,solar
IT,h6040,0.4305861382288871,scr2099,avaConv,solar
IT,h6041,0.25747681038800296,scr2099,avaConv,solar
IT,h6042,0.10709024906674636,scr2099,avaConv,solar
IT,h6043,0.025007025759869,scr2099,avaConv,solar
IT,h6044,0.0008848329175244732,scr2099,avaConv,solar
IT,h6045,0.0,scr2099,avaConv,solar
IT,h6046,0.0,scr2099,avaConv,solar
IT,h6047,0.0,scr2099,avaConv,solar
IT,h6048,0.0,scr2099,avaConv,solar
IT,h6049,0.0,scr2099,avaConv,solar
IT,h6050,0.0,scr2099,avaConv,solar
IT,h6051,0.0,scr2099,avaConv,solar
IT,h6052,0.0,scr2099,avaConv,solar
IT,h6053,0.0,scr2099,avaConv,solar
IT,h6054,0.01539159423242552,scr2099,avaConv,solar
IT,h6055,0.08356400211316177,scr2099,avaConv,solar
IT,h6056,0.2059326671665826,scr2099,avaConv,solar
IT,h6057,0.36009414166986636,scr2099,avaConv,solar
IT,h6058,0.4972636671261713,scr2099,avaConv,solar
IT,h6059,0.6048185110511493,scr2099,avaConv,solar
IT,h6060,0.6707501180746774,scr2099,avaConv,solar
IT,h6061,0.6873162204648765,scr2099,avaConv,solar
IT,h6062,0.6529057264396625,scr2099,avaConv,solar
IT,h6063,0.5669454334658912,scr2099,avaConv,solar
IT,h6064,0.42600191875453786,scr2099,avaConv,solar
IT,h6065,0.257714256343437,scr2099,avaConv,solar
IT,h6066,0.10863160551390878,scr2099,avaConv,solar
IT,h6067,0.02708347379076243,scr2099,avaConv,solar
IT,h6068,0.0006810736155032041,scr2099,avaConv,solar
IT,h6069,0.0,scr2099,avaConv,solar
IT,h6070,0.0,scr2099,avaConv,solar
IT,h6071,0.0,scr2099,avaConv,solar
IT,h6072,0.0,scr2099,avaConv,solar
IT,h6073,0.0,scr2099,avaConv,solar
IT,h6074,0.0,scr2099,avaConv,solar
IT,h6075,0.0,scr2099,avaConv,solar
IT,h6076,0.0,scr2099,avaConv,solar
IT,h6077,0.0,scr2099,avaConv,solar
IT,h6078,0.014498998905212184,scr2099,avaConv,solar
IT,h6079,0.08053067915235422,scr2099,avaConv,solar
IT,h6080,0.20005717925754737,scr2099,avaConv,solar
IT,h6081,0.3520102582851044,scr2099,avaConv,solar
IT,h6082,0.487872759957269,scr2099,avaConv,solar
IT,h6083,0.5948554908641198,scr2099,avaConv,solar
IT,h6084,0.6609384635102449,scr2099,avaConv,solar
IT,h6085,0.6781651717579791,scr2099,avaConv,solar
IT,h6086,0.6444984769151992,scr2099,avaConv,solar
IT,h6087,0.5589512672548647,scr2099,avaConv,solar
IT,h6088,0.4182237384196552,scr2099,avaConv,solar
IT,h6089,0.2506223793811144,scr2099,avaConv,solar
IT,h6090,0.10392894755780836,scr2099,avaConv,solar
IT,h6091,0.024998556515109478,scr2099,avaConv,solar
IT,h6092,0.00044715914567498746,scr2099,avaConv,solar
IT,h6093,0.0,scr2099,avaConv,solar
IT,h6094,0.0,scr2099,avaConv,solar
IT,h6095,0.0,scr2099,avaConv,solar
IT,h6096,0.0,scr2099,avaConv,solar
IT,h6097,0.0,scr2099,avaConv,solar
IT,h6098,0.0,scr2099,avaConv,solar
IT,h6099,0.0,scr2099,avaConv,solar
IT,h6100,0.0,scr2099,avaConv,solar
IT,h6101,0.0,scr2099,avaConv,solar
IT,h6102,0.013508217068501803,scr2099,avaConv,solar
IT,h6103,0.07792652385313385,scr2099,avaConv,solar
IT,h6104,0.19587721067799024,scr2099,avaConv,solar
IT,h6105,0.3480289982891223,scr2099,avaConv,solar
IT,h6106,0.4843122073077156,scr2099,avaConv,solar
IT,h6107,0.5920475783533576,scr2099,avaConv,solar
IT,h6108,0.657627672738417,scr2099,avaConv,solar
IT,h6109,0.672593365175246,scr2099,avaConv,solar
IT,h6110,0.6401459327758167,scr2099,avaConv,solar
IT,h6111,0.556557977278369,scr2099,avaConv,solar
IT,h6112,0.4197538275802971,scr2099,avaConv,solar
IT,h6113,0.25042790567042655,scr2099,avaConv,solar
IT,h6114,0.10292433373049352,scr2099,avaConv,solar
IT,h6115,0.023615446478684268,scr2099,avaConv,solar
IT,h6116,0.0002353445531667392,scr2099,avaConv,solar
IT,h6117,0.0,scr2099,avaConv,solar
IT,h6118,0.0,scr2099,avaConv,solar
IT,h6119,0.0,scr2099,avaConv,solar
IT,h6120,0.0,scr2099,avaConv,solar
IT,h6121,0.0,scr2099,avaConv,solar
IT,h6122,0.0,scr2099,avaConv,solar
IT,h6123,0.0,scr2099,avaConv,solar
IT,h6124,0.0,scr2099,avaConv,solar
IT,h6125,0.0,scr2099,avaConv,solar
IT,h6126,0.01206725305776641,scr2099,avaConv,solar
IT,h6127,0.07401503622121751,scr2099,avaConv,solar
IT,h6128,0.18926459410638144,scr2099,avaConv,solar
IT,h6129,0.3407880506044132,scr2099,avaConv,solar
IT,h6130,0.47897938215952146,scr2099,avaConv,solar
IT,h6131,0.58722830851206,scr2099,avaConv,solar
IT,h6132,0.6524919685628797,scr2099,avaConv,solar
IT,h6133,0.6669174975039076,scr2099,avaConv,solar
IT,h6134,0.6319750133219467,scr2099,avaConv,solar
IT,h6135,0.5478685772641522,scr2099,avaConv,solar
IT,h6136,0.41143532209855327,scr2099,avaConv,solar
IT,h6137,0.24583065304168583,scr2099,avaConv,solar
IT,h6138,0.10123041350514096,scr2099,avaConv,solar
IT,h6139,0.02273306665373229,scr2099,avaConv,solar
IT,h6140,0.00016674904127614597,scr2099,avaConv,solar
IT,h6141,0.0,scr2099,avaConv,solar
IT,h6142,0.0,scr2099,avaConv,solar
IT,h6143,0.0,scr2099,avaConv,solar
IT,h6144,0.0,scr2099,avaConv,solar
IT,h6145,0.0,scr2099,avaConv,solar
IT,h6146,0.0,scr2099,avaConv,solar
IT,h6147,0.0,scr2099,avaConv,solar
IT,h6148,0.0,scr2099,avaConv,solar
IT,h6149,0.0,scr2099,avaConv,solar
IT,h6150,0.009723280657444489,scr2099,avaConv,solar
IT,h6151,0.061584082291267966,scr2099,avaConv,solar
IT,h6152,0.1615950142486101,scr2099,avaConv,solar
IT,h6153,0.2948495500063892,scr2099,avaConv,solar
IT,h6154,0.4166204117576289,scr2099,avaConv,solar
IT,h6155,0.5113262328421404,scr2099,avaConv,solar
IT,h6156,0.5694106439251256,scr2099,avaConv,solar
IT,h6157,0.5837078363411605,scr2099,avaConv,solar
IT,h6158,0.5569024195137833,scr2099,avaConv,solar
IT,h6159,0.4830143279341322,scr2099,avaConv,solar
IT,h6160,0.3650080764876299,scr2099,avaConv,solar
IT,h6161,0.2162894975335108,scr2099,avaConv,solar
IT,h6162,0.08921994318681302,scr2099,avaConv,solar
IT,h6163,0.019186348178736365,scr2099,avaConv,solar
IT,h6164,0.00013180684934667594,scr2099,avaConv,solar
IT,h6165,0.0,scr2099,avaConv,solar
IT,h6166,0.0,scr2099,avaConv,solar
IT,h6167,0.0,scr2099,avaConv,solar
IT,h6168,0.0,scr2099,avaConv,solar
IT,h6169,0.0,scr2099,avaConv,solar
IT,h6170,0.0,scr2099,avaConv,solar
IT,h6171,0.0,scr2099,avaConv,solar
IT,h6172,0.0,scr2099,avaConv,solar
IT,h6173,0.0,scr2099,avaConv,solar
IT,h6174,0.008679463925389945,scr2099,avaConv,solar
IT,h6175,0.061779500321355006,scr2099,avaConv,solar
IT,h6176,0.16420713153283134,scr2099,avaConv,solar
IT,h6177,0.3072173279044507,scr2099,avaConv,solar
IT,h6178,0.44130059352180356,scr2099,avaConv,solar
IT,h6179,0.5500157616030914,scr2099,avaConv,solar
IT,h6180,0.6166890788715382,scr2099,avaConv,solar
IT,h6181,0.6341912095691283,scr2099,avaConv,solar
IT,h6182,0.6006406432097555,scr2099,avaConv,solar
IT,h6183,0.5190003971592395,scr2099,avaConv,solar
IT,h6184,0.3898983106774019,scr2099,avaConv,solar
IT,h6185,0.23347207095525147,scr2099,avaConv,solar
IT,h6186,0.09703847276057269,scr2099,avaConv,solar
IT,h6187,0.02128211217633284,scr2099,avaConv,solar
IT,h6188,0.00022553982128795032,scr2099,avaConv,solar
IT,h6189,0.0,scr2099,avaConv,solar
IT,h6190,0.0,scr2099,avaConv,solar
IT,h6191,0.0,scr2099,avaConv,solar
IT,h6192,0.0,scr2099,avaConv,solar
IT,h6193,0.0,scr2099,avaConv,solar
IT,h6194,0.0,scr2099,avaConv,solar
IT,h6195,0.0,scr2099,avaConv,solar
IT,h6196,0.0,scr2099,avaConv,solar
IT,h6197,0.0,scr2099,avaConv,solar
IT,h6198,0.008887096553000276,scr2099,avaConv,solar
IT,h6199,0.06658770555847025,scr2099,avaConv,solar
IT,h6200,0.17777965662738174,scr2099,avaConv,solar
IT,h6201,0.3347893958294005,scr2099,avaConv,solar
IT,h6202,0.47907863986913857,scr2099,avaConv,solar
IT,h6203,0.5987604322066925,scr2099,avaConv,solar
IT,h6204,0.6735914192546207,scr2099,avaConv,solar
IT,h6205,0.7011535072936628,scr2099,avaConv,solar
IT,h6206,0.6748617624988903,scr2099,avaConv,solar
IT,h6207,0.5929034473947222,scr2099,avaConv,solar
IT,h6208,0.4531726185176951,scr2099,avaConv,solar
IT,h6209,0.27447080609639063,scr2099,avaConv,solar
IT,h6210,0.11577471581867975,scr2099,avaConv,solar
IT,h6211,0.02583041453087151,scr2099,avaConv,solar
IT,h6212,0.00016440560469980562,scr2099,avaConv,solar
IT,h6213,0.0,scr2099,avaConv,solar
IT,h6214,0.0,scr2099,avaConv,solar
IT,h6215,0.0,scr2099,avaConv,solar
IT,h6216,0.0,scr2099,avaConv,solar
IT,h6217,0.0,scr2099,avaConv,solar
IT,h6218,0.0,scr2099,avaConv,solar
IT,h6219,0.0,scr2099,avaConv,solar
IT,h6220,0.0,scr2099,avaConv,solar
IT,h6221,0.0,scr2099,avaConv,solar
IT,h6222,0.010290304004312939,scr2099,avaConv,solar
IT,h6223,0.07193797749858144,scr2099,avaConv,solar
IT,h6224,0.18864038643581235,scr2099,avaConv,solar
IT,h6225,0.34432098751202894,scr2099,avaConv,solar
IT,h6226,0.4804977662365283,scr2099,avaConv,solar
IT,h6227,0.586143824502243,scr2099,avaConv,solar
IT,h6228,0.6492300804006522,scr2099,avaConv,solar
IT,h6229,0.6683764899520356,scr2099,avaConv,solar
IT,h6230,0.639657825907046,scr2099,avaConv,solar
IT,h6231,0.562559670802381,scr2099,avaConv,solar
IT,h6232,0.4318307000391736,scr2099,avaConv,solar
IT,h6233,0.2610389721234292,scr2099,avaConv,solar
IT,h6234,0.10922671178050246,scr2099,avaConv,solar
IT,h6235,0.022933046002186812,scr2099,avaConv,solar
IT,h6236,0.00010103345592790103,scr2099,avaConv,solar
IT,h6237,0.0,scr2099,avaConv,solar
IT,h6238,0.0,scr2099,avaConv,solar
IT,h6239,0.0,scr2099,avaConv,solar
IT,h6240,0.0,scr2099,avaConv,solar
IT,h6241,0.0,scr2099,avaConv,solar
IT,h6242,0.0,scr2099,avaConv,solar
IT,h6243,0.0,scr2099,avaConv,solar
IT,h6244,0.0,scr2099,avaConv,solar
IT,h6245,0.0,scr2099,avaConv,solar
IT,h6246,0.00924145000034025,scr2099,avaConv,solar
IT,h6247,0.06855465417282293,scr2099,avaConv,solar
IT,h6248,0.18206123008403627,scr2099,avaConv,solar
IT,h6249,0.33881836654474806,scr2099,avaConv,solar
IT,h6250,0.4825847719430491,scr2099,avaConv,solar
IT,h6251,0.6021970814992403,scr2099,avaConv,solar
IT,h6252,0.6801432235087629,scr2099,avaConv,solar
IT,h6253,0.7067144069303906,scr2099,avaConv,solar
IT,h6254,0.6786681563631888,scr2099,avaConv,solar
IT,h6255,0.5946680708468074,scr2099,avaConv,solar
IT,h6256,0.45566027253829916,scr2099,avaConv,solar
IT,h6257,0.2742870619529583,scr2099,avaConv,solar
IT,h6258,0.11444294638256026,scr2099,avaConv,solar
IT,h6259,0.023809444929015728,scr2099,avaConv,solar
IT,h6260,0.0,scr2099,avaConv,solar
IT,h6261,0.0,scr2099,avaConv,solar
IT,h6262,0.0,scr2099,avaConv,solar
IT,h6263,0.0,scr2099,avaConv,solar
IT,h6264,0.0,scr2099,avaConv,solar
IT,h6265,0.0,scr2099,avaConv,solar
IT,h6266,0.0,scr2099,avaConv,solar
IT,h6267,0.0,scr2099,avaConv,solar
IT,h6268,0.0,scr2099,avaConv,solar
IT,h6269,0.0,scr2099,avaConv,solar
IT,h6270,0.008744273821669594,scr2099,avaConv,solar
IT,h6271,0.06849219543459009,scr2099,avaConv,solar
IT,h6272,0.1860419032052496,scr2099,avaConv,solar
IT,h6273,0.3476748218651366,scr2099,avaConv,solar
IT,h6274,0.4952875234080737,scr2099,avaConv,solar
IT,h6275,0.6125514973682116,scr2099,avaConv,solar
IT,h6276,0.6849911340745166,scr2099,avaConv,solar
IT,h6277,0.7073923041787061,scr2099,avaConv,solar
IT,h6278,0.6752130465304507,scr2099,avaConv,solar
IT,h6279,0.5893050957615853,scr2099,avaConv,solar
IT,h6280,0.450662867304009,scr2099,avaConv,solar
IT,h6281,0.27031622470363764,scr2099,avaConv,solar
IT,h6282,0.11355164391448629,scr2099,avaConv,solar
IT,h6283,0.022618447956561507,scr2099,avaConv,solar
IT,h6284,0.0,scr2099,avaConv,solar
IT,h6285,0.0,scr2099,avaConv,solar
IT,h6286,0.0,scr2099,avaConv,solar
IT,h6287,0.0,scr2099,avaConv,solar
IT,h6288,0.0,scr2099,avaConv,solar
IT,h6289,0.0,scr2099,avaConv,solar
IT,h6290,0.0,scr2099,avaConv,solar
IT,h6291,0.0,scr2099,avaConv,solar
IT,h6292,0.0,scr2099,avaConv,solar
IT,h6293,0.0,scr2099,avaConv,solar
IT,h6294,0.007915795610511749,scr2099,avaConv,solar
IT,h6295,0.06636757724044653,scr2099,avaConv,solar
IT,h6296,0.1816380696476426,scr2099,avaConv,solar
IT,h6297,0.3418175815409869,scr2099,avaConv,solar
IT,h6298,0.4888129851732548,scr2099,avaConv,solar
IT,h6299,0.6063555873084567,scr2099,avaConv,solar
IT,h6300,0.6800288663970132,scr2099,avaConv,solar
IT,h6301,0.7032893551667023,scr2099,avaConv,solar
IT,h6302,0.6738038743636567,scr2099,avaConv,solar
IT,h6303,0.5913774816072069,scr2099,avaConv,solar
IT,h6304,0.4557157607864574,scr2099,avaConv,solar
IT,h6305,0.2733090544892397,scr2099,avaConv,solar
IT,h6306,0.11421411174360781,scr2099,avaConv,solar
IT,h6307,0.02148557801003373,scr2099,avaConv,solar
IT,h6308,0.0,scr2099,avaConv,solar
IT,h6309,0.0,scr2099,avaConv,solar
IT,h6310,0.0,scr2099,avaConv,solar
IT,h6311,0.0,scr2099,avaConv,solar
IT,h6312,0.0,scr2099,avaConv,solar
IT,h6313,0.0,scr2099,avaConv,solar
IT,h6314,0.0,scr2099,avaConv,solar
IT,h6315,0.0,scr2099,avaConv,solar
IT,h6316,0.0,scr2099,avaConv,solar
IT,h6317,0.0,scr2099,avaConv,solar
IT,h6318,0.007611677455453826,scr2099,avaConv,solar
IT,h6319,0.06559804886605877,scr2099,avaConv,solar
IT,h6320,0.180506983987924,scr2099,avaConv,solar
IT,h6321,0.3409613132095975,scr2099,avaConv,solar
IT,h6322,0.4885313793027598,scr2099,avaConv,solar
IT,h6323,0.6065752632452718,scr2099,avaConv,solar
IT,h6324,0.6803883383006954,scr2099,avaConv,solar
IT,h6325,0.703779747997565,scr2099,avaConv,solar
IT,h6326,0.6743289332768541,scr2099,avaConv,solar
IT,h6327,0.5922671442919708,scr2099,avaConv,solar
IT,h6328,0.4574424833309678,scr2099,avaConv,solar
IT,h6329,0.2737241788950864,scr2099,avaConv,solar
IT,h6330,0.11415048420286159,scr2099,avaConv,solar
IT,h6331,0.020487002843284707,scr2099,avaConv,solar
IT,h6332,0.0,scr2099,avaConv,solar
IT,h6333,0.0,scr2099,avaConv,solar
IT,h6334,0.0,scr2099,avaConv,solar
IT,h6335,0.0,scr2099,avaConv,solar
IT,h6336,0.0,scr2099,avaConv,solar
IT,h6337,0.0,scr2099,avaConv,solar
IT,h6338,0.0,scr2099,avaConv,solar
IT,h6339,0.0,scr2099,avaConv,solar
IT,h6340,0.0,scr2099,avaConv,solar
IT,h6341,0.0,scr2099,avaConv,solar
IT,h6342,0.006806966947932167,scr2099,avaConv,solar
IT,h6343,0.06272130333877356,scr2099,avaConv,solar
IT,h6344,0.1753388622276502,scr2099,avaConv,solar
IT,h6345,0.33444196411191546,scr2099,avaConv,solar
IT,h6346,0.4818025712707566,scr2099,avaConv,solar
IT,h6347,0.5999933777163725,scr2099,avaConv,solar
IT,h6348,0.6740426081085273,scr2099,avaConv,solar
IT,h6349,0.6981274510992873,scr2099,avaConv,solar
IT,h6350,0.6695511348813465,scr2099,avaConv,solar
IT,h6351,0.5886298853889,scr2099,avaConv,solar
IT,h6352,0.4554678742450694,scr2099,avaConv,solar
IT,h6353,0.27149065459009614,scr2099,avaConv,solar
IT,h6354,0.11277929818214945,scr2099,avaConv,solar
IT,h6355,0.019195877947042347,scr2099,avaConv,solar
IT,h6356,0.0,scr2099,avaConv,solar
IT,h6357,0.0,scr2099,avaConv,solar
IT,h6358,0.0,scr2099,avaConv,solar
IT,h6359,0.0,scr2099,avaConv,solar
IT,h6360,0.0,scr2099,avaConv,solar
IT,h6361,0.0,scr2099,avaConv,solar
IT,h6362,0.0,scr2099,avaConv,solar
IT,h6363,0.0,scr2099,avaConv,solar
IT,h6364,0.0,scr2099,avaConv,solar
IT,h6365,0.0,scr2099,avaConv,solar
IT,h6366,0.006038099235580842,scr2099,avaConv,solar
IT,h6367,0.05990194373938909,scr2099,avaConv,solar
IT,h6368,0.17057738168562886,scr2099,avaConv,solar
IT,h6369,0.3291614341191312,scr2099,avaConv,solar
IT,h6370,0.4778026050020519,scr2099,avaConv,solar
IT,h6371,0.5976049636976777,scr2099,avaConv,solar
IT,h6372,0.6732174177696102,scr2099,avaConv,solar
IT,h6373,0.6987705638417064,scr2099,avaConv,solar
IT,h6374,0.6712300185863106,scr2099,avaConv,solar
IT,h6375,0.591087107403297,scr2099,avaConv,solar
IT,h6376,0.4588736216634887,scr2099,avaConv,solar
IT,h6377,0.27310417694373684,scr2099,avaConv,solar
IT,h6378,0.11338168754733827,scr2099,avaConv,solar
IT,h6379,0.018349887798487195,scr2099,avaConv,solar
IT,h6380,0.0,scr2099,avaConv,solar
IT,h6381,0.0,scr2099,avaConv,solar
IT,h6382,0.0,scr2099,avaConv,solar
IT,h6383,0.0,scr2099,avaConv,solar
IT,h6384,0.0,scr2099,avaConv,solar
IT,h6385,0.0,scr2099,avaConv,solar
IT,h6386,0.0,scr2099,avaConv,solar
IT,h6387,0.0,scr2099,avaConv,solar
IT,h6388,0.0,scr2099,avaConv,solar
IT,h6389,0.0,scr2099,avaConv,solar
IT,h6390,0.0055065180752911945,scr2099,avaConv,solar
IT,h6391,0.05827356561198761,scr2099,avaConv,solar
IT,h6392,0.1669668778216928,scr2099,avaConv,solar
IT,h6393,0.32330766430709734,scr2099,avaConv,solar
IT,h6394,0.4691332482866693,scr2099,avaConv,solar
IT,h6395,0.5830109941576105,scr2099,avaConv,solar
IT,h6396,0.6558546165453408,scr2099,avaConv,solar
IT,h6397,0.682819347192931,scr2099,avaConv,solar
IT,h6398,0.6628598318337269,scr2099,avaConv,solar
IT,h6399,0.5887978325959593,scr2099,avaConv,solar
IT,h6400,0.45939246645218246,scr2099,avaConv,solar
IT,h6401,0.27287775028338074,scr2099,avaConv,solar
IT,h6402,0.11269393966179511,scr2099,avaConv,solar
IT,h6403,0.017420779106650252,scr2099,avaConv,solar
IT,h6404,0.0,scr2099,avaConv,solar
IT,h6405,0.0,scr2099,avaConv,solar
IT,h6406,0.0,scr2099,avaConv,solar
IT,h6407,0.0,scr2099,avaConv,solar
IT,h6408,0.0,scr2099,avaConv,solar
IT,h6409,0.0,scr2099,avaConv,solar
IT,h6410,0.0,scr2099,avaConv,solar
IT,h6411,0.0,scr2099,avaConv,solar
IT,h6412,0.0,scr2099,avaConv,solar
IT,h6413,0.0,scr2099,avaConv,solar
IT,h6414,0.005126316378981868,scr2099,avaConv,solar
IT,h6415,0.05705184632185722,scr2099,avaConv,solar
IT,h6416,0.16615910921048904,scr2099,avaConv,solar
IT,h6417,0.32489752029292807,scr2099,avaConv,solar
IT,h6418,0.4751134437856679,scr2099,avaConv,solar
IT,h6419,0.5964538320075703,scr2099,avaConv,solar
IT,h6420,0.6731327785780293,scr2099,avaConv,solar
IT,h6421,0.6996634199722707,scr2099,avaConv,solar
IT,h6422,0.6729570314533784,scr2099,avaConv,solar
IT,h6423,0.5940822188242559,scr2099,avaConv,solar
IT,h6424,0.463058463252992,scr2099,avaConv,solar
IT,h6425,0.2742761660114842,scr2099,avaConv,solar
IT,h6426,0.11310908491003349,scr2099,avaConv,solar
IT,h6427,0.016549253352296938,scr2099,avaConv,solar
IT,h6428,0.0,scr2099,avaConv,solar
IT,h6429,0.0,scr2099,avaConv,solar
IT,h6430,0.0,scr2099,avaConv,solar
IT,h6431,0.0,scr2099,avaConv,solar
IT,h6432,0.0,scr2099,avaConv,solar
IT,h6433,0.0,scr2099,avaConv,solar
IT,h6434,0.0,scr2099,avaConv,solar
IT,h6435,0.0,scr2099,avaConv,solar
IT,h6436,0.0,scr2099,avaConv,solar
IT,h6437,0.0,scr2099,avaConv,solar
IT,h6438,0.004768737404678368,scr2099,avaConv,solar
IT,h6439,0.05553886803290063,scr2099,avaConv,solar
IT,h6440,0.16350297637263375,scr2099,avaConv,solar
IT,h6441,0.3216713233739797,scr2099,avaConv,solar
IT,h6442,0.47199306025855803,scr2099,avaConv,solar
IT,h6443,0.5929279908828743,scr2099,avaConv,solar
IT,h6444,0.6691135804130299,scr2099,avaConv,solar
IT,h6445,0.6947135348646712,scr2099,avaConv,solar
IT,h6446,0.6683537254241462,scr2099,avaConv,solar
IT,h6447,0.5889408376521903,scr2099,avaConv,solar
IT,h6448,0.45869830287672125,scr2099,avaConv,solar
IT,h6449,0.26918536496781365,scr2099,avaConv,solar
IT,h6450,0.11006069201414377,scr2099,avaConv,solar
IT,h6451,0.014836008814952872,scr2099,avaConv,solar
IT,h6452,0.0,scr2099,avaConv,solar
IT,h6453,0.0,scr2099,avaConv,solar
IT,h6454,0.0,scr2099,avaConv,solar
IT,h6455,0.0,scr2099,avaConv,solar
IT,h6456,0.0,scr2099,avaConv,solar
IT,h6457,0.0,scr2099,avaConv,solar
IT,h6458,0.0,scr2099,avaConv,solar
IT,h6459,0.0,scr2099,avaConv,solar
IT,h6460,0.0,scr2099,avaConv,solar
IT,h6461,0.0,scr2099,avaConv,solar
IT,h6462,0.003910801892384518,scr2099,avaConv,solar
IT,h6463,0.047084692225555946,scr2099,avaConv,solar
IT,h6464,0.14248442312425028,scr2099,avaConv,solar
IT,h6465,0.2892416921709452,scr2099,avaConv,solar
IT,h6466,0.4337732248455823,scr2099,avaConv,solar
IT,h6467,0.55466072134911,scr2099,avaConv,solar
IT,h6468,0.6322344202724632,scr2099,avaConv,solar
IT,h6469,0.6626348907850957,scr2099,avaConv,solar
IT,h6470,0.6401223470384793,scr2099,avaConv,solar
IT,h6471,0.5658097022928912,scr2099,avaConv,solar
IT,h6472,0.4426615200985147,scr2099,avaConv,solar
IT,h6473,0.26063671152738593,scr2099,avaConv,solar
IT,h6474,0.10701884303081771,scr2099,avaConv,solar
IT,h6475,0.013667644505231578,scr2099,avaConv,solar
IT,h6476,0.0,scr2099,avaConv,solar
IT,h6477,0.0,scr2099,avaConv,solar
IT,h6478,0.0,scr2099,avaConv,solar
IT,h6479,0.0,scr2099,avaConv,solar
IT,h6480,0.0,scr2099,avaConv,solar
IT,h6481,0.0,scr2099,avaConv,solar
IT,h6482,0.0,scr2099,avaConv,solar
IT,h6483,0.0,scr2099,avaConv,solar
IT,h6484,0.0,scr2099,avaConv,solar
IT,h6485,0.0,scr2099,avaConv,solar
IT,h6486,0.003158530688909786,scr2099,avaConv,solar
IT,h6487,0.04782512100704881,scr2099,avaConv,solar
IT,h6488,0.14788825478012207,scr2099,avaConv,solar
IT,h6489,0.2981524170165421,scr2099,avaConv,solar
IT,h6490,0.4453137474453071,scr2099,avaConv,solar
IT,h6491,0.5638578981685057,scr2099,avaConv,solar
IT,h6492,0.6401330385762034,scr2099,avaConv,solar
IT,h6493,0.6677238072068512,scr2099,avaConv,solar
IT,h6494,0.6440599891976051,scr2099,avaConv,solar
IT,h6495,0.5693537453407034,scr2099,avaConv,solar
IT,h6496,0.4424608231623084,scr2099,avaConv,solar
IT,h6497,0.25700118046868464,scr2099,avaConv,solar
IT,h6498,0.10284351635657285,scr2099,avaConv,solar
IT,h6499,0.011788767090713753,scr2099,avaConv,solar
IT,h6500,0.0,scr2099,avaConv,solar
IT,h6501,0.0,scr2099,avaConv,solar
IT,h6502,0.0,scr2099,avaConv,solar
IT,h6503,0.0,scr2099,avaConv,solar
IT,h6504,0.0,scr2099,avaConv,solar
IT,h6505,0.0,scr2099,avaConv,solar
IT,h6506,0.0,scr2099,avaConv,solar
IT,h6507,0.0,scr2099,avaConv,solar
IT,h6508,0.0,scr2099,avaConv,solar
IT,h6509,0.0,scr2099,avaConv,solar
IT,h6510,0.002823776400620398,scr2099,avaConv,solar
IT,h6511,0.04494492601855856,scr2099,avaConv,solar
IT,h6512,0.14136146818294304,scr2099,avaConv,solar
IT,h6513,0.2884594576416142,scr2099,avaConv,solar
IT,h6514,0.43552865949357267,scr2099,avaConv,solar
IT,h6515,0.5578066697735451,scr2099,avaConv,solar
IT,h6516,0.6385161707399097,scr2099,avaConv,solar
IT,h6517,0.6704433752647263,scr2099,avaConv,solar
IT,h6518,0.6487911739138592,scr2099,avaConv,solar
IT,h6519,0.5758718277840742,scr2099,avaConv,solar
IT,h6520,0.44997637975265364,scr2099,avaConv,solar
IT,h6521,0.26186874811387195,scr2099,avaConv,solar
IT,h6522,0.1049264958939095,scr2099,avaConv,solar
IT,h6523,0.01144210837534796,scr2099,avaConv,solar
IT,h6524,0.0,scr2099,avaConv,solar
IT,h6525,0.0,scr2099,avaConv,solar
IT,h6526,0.0,scr2099,avaConv,solar
IT,h6527,0.0,scr2099,avaConv,solar
IT,h6528,0.0,scr2099,avaConv,solar
IT,h6529,0.0,scr2099,avaConv,solar
IT,h6530,0.0,scr2099,avaConv,solar
IT,h6531,0.0,scr2099,avaConv,solar
IT,h6532,0.0,scr2099,avaConv,solar
IT,h6533,0.0,scr2099,avaConv,solar
IT,h6534,0.0026138934827194074,scr2099,avaConv,solar
IT,h6535,0.04249333876335363,scr2099,avaConv,solar
IT,h6536,0.1330630048133578,scr2099,avaConv,solar
IT,h6537,0.2746650454198211,scr2099,avaConv,solar
IT,h6538,0.4177026559295132,scr2099,avaConv,solar
IT,h6539,0.5393222836575384,scr2099,avaConv,solar
IT,h6540,0.6201200420122577,scr2099,avaConv,solar
IT,h6541,0.6539899733753458,scr2099,avaConv,solar
IT,h6542,0.6367219455942124,scr2099,avaConv,solar
IT,h6543,0.5684246904960686,scr2099,avaConv,solar
IT,h6544,0.4455051821600414,scr2099,avaConv,solar
IT,h6545,0.2600654757211133,scr2099,avaConv,solar
IT,h6546,0.10402311246497557,scr2099,avaConv,solar
IT,h6547,0.011801069905870152,scr2099,avaConv,solar
IT,h6548,0.0,scr2099,avaConv,solar
IT,h6549,0.0,scr2099,avaConv,solar
IT,h6550,0.0,scr2099,avaConv,solar
IT,h6551,0.0,scr2099,avaConv,solar
IT,h6552,0.0,scr2099,avaConv,solar
LT,h5809,0.0,scr2099,avaConv,solar
LT,h5810,0.0,scr2099,avaConv,solar
LT,h5811,0.0,scr2099,avaConv,solar
LT,h5812,0.0,scr2099,avaConv,solar
LT,h5813,0.00704670805779974,scr2099,avaConv,solar
LT,h5814,0.03640499609956146,scr2099,avaConv,solar
LT,h5815,0.09548587649633715,scr2099,avaConv,solar
LT,h5816,0.189666785936906,scr2099,avaConv,solar
LT,h5817,0.289312939308333,scr2099,avaConv,solar
LT,h5818,0.3754160574152824,scr2099,avaConv,solar
LT,h5819,0.43292131339674683,scr2099,avaConv,solar
LT,h5820,0.45911564529425297,scr2099,avaConv,solar
LT,h5821,0.45765261361227005,scr2099,avaConv,solar
LT,h5822,0.41723182851129176,scr2099,avaConv,solar
LT,h5823,0.343782594248355,scr2099,avaConv,solar
LT,h5824,0.20905878006294262,scr2099,avaConv,solar
LT,h5825,0.10179127003291237,scr2099,avaConv,solar
LT,h5826,0.021411906309159543,scr2099,avaConv,solar
LT,h5827,0.010191376846296977,scr2099,avaConv,solar
LT,h5828,0.0,scr2099,avaConv,solar
LT,h5829,0.0,scr2099,avaConv,solar
LT,h5830,0.0,scr2099,avaConv,solar
LT,h5831,0.0,scr2099,avaConv,solar
LT,h5832,0.0,scr2099,avaConv,solar
LT,h5833,0.0,scr2099,avaConv,solar
LT,h5834,0.0,scr2099,avaConv,solar
LT,h5835,0.0,scr2099,avaConv,solar
LT,h5836,0.0,scr2099,avaConv,solar
LT,h5837,0.009895006606987253,scr2099,avaConv,solar
LT,h5838,0.04470088028374768,scr2099,avaConv,solar
LT,h5839,0.09418266396685196,scr2099,avaConv,solar
LT,h5840,0.1474602031618025,scr2099,avaConv,solar
LT,h5841,0.196107131035782,scr2099,avaConv,solar
LT,h5842,0.2622861332304497,scr2099,avaConv,solar
LT,h5843,0.3505116240032802,scr2099,avaConv,solar
LT,h5844,0.44174184076140477,scr2099,avaConv,solar
LT,h5845,0.48320719272312945,scr2099,avaConv,solar
LT,h5846,0.4478801551981288,scr2099,avaConv,solar
LT,h5847,0.33785738127797305,scr2099,avaConv,solar
LT,h5848,0.18366643902802626,scr2099,avaConv,solar
LT,h5849,0.07263563816904328,scr2099,avaConv,solar
LT,h5850,0.00907266012601482,scr2099,avaConv,solar
LT,h5851,0.0042882435574206,scr2099,avaConv,solar
LT,h5852,0.0,scr2099,avaConv,solar
LT,h5853,0.0,scr2099,avaConv,solar
LT,h5854,0.0,scr2099,avaConv,solar
LT,h5855,0.0,scr2099,avaConv,solar
LT,h5856,0.0,scr2099,avaConv,solar
LT,h5857,0.0,scr2099,avaConv,solar
LT,h5858,0.0,scr2099,avaConv,solar
LT,h5859,0.0,scr2099,avaConv,solar
LT,h5860,0.0,scr2099,avaConv,solar
LT,h5861,0.01574175243794401,scr2099,avaConv,solar
LT,h5862,0.0674005270570125,scr2099,avaConv,solar
LT,h5863,0.16135386077497316,scr2099,avaConv,solar
LT,h5864,0.2734621005475247,scr2099,avaConv,solar
LT,h5865,0.38000033295495994,scr2099,avaConv,solar
LT,h5866,0.46479237888539243,scr2099,avaConv,solar
LT,h5867,0.5239729657768005,scr2099,avaConv,solar
LT,h5868,0.5485802781585686,scr2099,avaConv,solar
LT,h5869,0.5332139716041675,scr2099,avaConv,solar
LT,h5870,0.4775110369089545,scr2099,avaConv,solar
LT,h5871,0.3723134223157639,scr2099,avaConv,solar
LT,h5872,0.2127954985681926,scr2099,avaConv,solar
LT,h5873,0.08697845026563196,scr2099,avaConv,solar
LT,h5874,0.011083584207686126,scr2099,avaConv,solar
LT,h5875,0.00470520585005813,scr2099,avaConv,solar
LT,h5876,0.0,scr2099,avaConv,solar
LT,h5877,0.0,scr2099,avaConv,solar
LT,h5878,0.0,scr2099,avaConv,solar
LT,h5879,0.0,scr2099,avaConv,solar
LT,h5880,0.0,scr2099,avaConv,solar
LT,h5881,0.0,scr2099,avaConv,solar
LT,h5882,0.0,scr2099,avaConv,solar
LT,h5883,0.0,scr2099,avaConv,solar
LT,h5884,0.0,scr2099,avaConv,solar
LT,h5885,0.005567096407524031,scr2099,avaConv,solar
LT,h5886,0.02709598105755817,scr2099,avaConv,solar
LT,h5887,0.06572863184566596,scr2099,avaConv,solar
LT,h5888,0.1243993996216953,scr2099,avaConv,solar
LT,h5889,0.1829888135997604,scr2099,avaConv,solar
LT,h5890,0.23157844771499683,scr2099,avaConv,solar
LT,h5891,0.24852532888986253,scr2099,avaConv,solar
LT,h5892,0.24914759086112015,scr2099,avaConv,solar
LT,h5893,0.2385641254605837,scr2099,avaConv,solar
LT,h5894,0.21482909045236034,scr2099,avaConv,solar
LT,h5895,0.17317921371414294,scr2099,avaConv,solar
LT,h5896,0.10448959893668985,scr2099,avaConv,solar
LT,h5897,0.05237810774927702,scr2099,avaConv,solar
LT,h5898,0.01342457855236743,scr2099,avaConv,solar
LT,h5899,0.005117700005550784,scr2099,avaConv,solar
LT,h5900,0.0,scr2099,avaConv,solar
LT,h5901,0.0,scr2099,avaConv,solar
LT,h5902,0.0,scr2099,avaConv,solar
LT,h5903,0.0,scr2099,avaConv,solar
LT,h5904,0.0,scr2099,avaConv,solar
LT,h5905,0.0,scr2099,avaConv,solar
LT,h5906,0.0,scr2099,avaConv,solar
LT,h5907,0.0,scr2099,avaConv,solar
LT,h5908,0.0,scr2099,avaConv,solar
LT,h5909,0.011208969904973989,scr2099,avaConv,solar
LT,h5910,0.04591591802226215,scr2099,avaConv,solar
LT,h5911,0.10202931834446766,scr2099,avaConv,solar
LT,h5912,0.1645031578996095,scr2099,avaConv,solar
LT,h5913,0.20837074203482706,scr2099,avaConv,solar
LT,h5914,0.21938743145307588,scr2099,avaConv,solar
LT,h5915,0.21120733274326706,scr2099,avaConv,solar
LT,h5916,0.19866087955506395,scr2099,avaConv,solar
LT,h5917,0.18092456505785168,scr2099,avaConv,solar
LT,h5918,0.15477705671753694,scr2099,avaConv,solar
LT,h5919,0.11733637705575756,scr2099,avaConv,solar
LT,h5920,0.07110760696965325,scr2099,avaConv,solar
LT,h5921,0.03156737890406744,scr2099,avaConv,solar
LT,h5922,0.00376013143861865,scr2099,avaConv,solar
LT,h5923,0.00041442418046096213,scr2099,avaConv,solar
LT,h5924,0.0,scr2099,avaConv,solar
LT,h5925,0.0,scr2099,avaConv,solar
LT,h5926,0.0,scr2099,avaConv,solar
LT,h5927,0.0,scr2099,avaConv,solar
LT,h5928,0.0,scr2099,avaConv,solar
LT,h5929,0.0,scr2099,avaConv,solar
LT,h5930,0.0,scr2099,avaConv,solar
LT,h5931,0.0,scr2099,avaConv,solar
LT,h5932,0.0,scr2099,avaConv,solar
LT,h5933,0.011512904303387465,scr2099,avaConv,solar
LT,h5934,0.05675981833332204,scr2099,avaConv,solar
LT,h5935,0.13154718263535248,scr2099,avaConv,solar
LT,h5936,0.20825277379935112,scr2099,avaConv,solar
LT,h5937,0.2579164817422338,scr2099,avaConv,solar
LT,h5938,0.28711819407317596,scr2099,avaConv,solar
LT,h5939,0.3084467469660148,scr2099,avaConv,solar
LT,h5940,0.3170429883021462,scr2099,avaConv,solar
LT,h5941,0.3092699420654819,scr2099,avaConv,solar
LT,h5942,0.2834095752023871,scr2099,avaConv,solar
LT,h5943,0.23189018778765538,scr2099,avaConv,solar
LT,h5944,0.14206938320048523,scr2099,avaConv,solar
LT,h5945,0.06223452658162359,scr2099,avaConv,solar
LT,h5946,0.010692159709527119,scr2099,avaConv,solar
LT,h5947,0.0032106239577514213,scr2099,avaConv,solar
LT,h5948,0.0,scr2099,avaConv,solar
LT,h5949,0.0,scr2099,avaConv,solar
LT,h5950,0.0,scr2099,avaConv,solar
LT,h5951,0.0,scr2099,avaConv,solar
LT,h5952,0.0,scr2099,avaConv,solar
LT,h5953,0.0,scr2099,avaConv,solar
LT,h5954,0.0,scr2099,avaConv,solar
LT,h5955,0.0,scr2099,avaConv,solar
LT,h5956,0.0,scr2099,avaConv,solar
LT,h5957,0.0013486859007560777,scr2099,avaConv,solar
LT,h5958,0.010247065180128285,scr2099,avaConv,solar
LT,h5959,0.03091578977277103,scr2099,avaConv,solar
LT,h5960,0.058107415767248996,scr2099,avaConv,solar
LT,h5961,0.08231482555220748,scr2099,avaConv,solar
LT,h5962,0.09836568559679053,scr2099,avaConv,solar
LT,h5963,0.11120535768206652,scr2099,avaConv,solar
LT,h5964,0.11526271929591463,scr2099,avaConv,solar
LT,h5965,0.10836447351945144,scr2099,avaConv,solar
LT,h5966,0.08752600216669212,scr2099,avaConv,solar
LT,h5967,0.06340244545697095,scr2099,avaConv,solar
LT,h5968,0.03465253756382468,scr2099,avaConv,solar
LT,h5969,0.01455449800035546,scr2099,avaConv,solar
LT,h5970,0.0018500874164863097,scr2099,avaConv,solar
LT,h5971,0.00031456974415584367,scr2099,avaConv,solar
LT,h5972,0.0,scr2099,avaConv,solar
LT,h5973,0.0,scr2099,avaConv,solar
LT,h5974,0.0,scr2099,avaConv,solar
LT,h5975,0.0,scr2099,avaConv,solar
LT,h5976,0.0,scr2099,avaConv,solar
LT,h5977,0.0,scr2099,avaConv,solar
LT,h5978,0.0,scr2099,avaConv,solar
LT,h5979,0.0,scr2099,avaConv,solar
LT,h5980,0.0,scr2099,avaConv,solar
LT,h5981,0.00044758158545341037,scr2099,avaConv,solar
LT,h5982,0.007705057017343458,scr2099,avaConv,solar
LT,h5983,0.024843783092138652,scr2099,avaConv,solar
LT,h5984,0.05296387597488224,scr2099,avaConv,solar
LT,h5985,0.07908819082272742,scr2099,avaConv,solar
LT,h5986,0.10336354827738128,scr2099,avaConv,solar
LT,h5987,0.11656230706716042,scr2099,avaConv,solar
LT,h5988,0.12293962596782802,scr2099,avaConv,solar
LT,h5989,0.11909410983646232,scr2099,avaConv,solar
LT,h5990,0.10872271944662745,scr2099,avaConv,solar
LT,h5991,0.08926803531351134,scr2099,avaConv,solar
LT,h5992,0.054052034829336015,scr2099,avaConv,solar
LT,h5993,0.023389638678387708,scr2099,avaConv,solar
LT,h5994,0.0035284396989315337,scr2099,avaConv,solar
LT,h5995,0.000543307914971325,scr2099,avaConv,solar
LT,h5996,0.0,scr2099,avaConv,solar
LT,h5997,0.0,scr2099,avaConv,solar
LT,h5998,0.0,scr2099,avaConv,solar
LT,h5999,0.0,scr2099,avaConv,solar
LT,h6000,0.0,scr2099,avaConv,solar
LT,h6001,0.0,scr2099,avaConv,solar
LT,h6002,0.0,scr2099,avaConv,solar
LT,h6003,0.0,scr2099,avaConv,solar
LT,h6004,0.0,scr2099,avaConv,solar
LT,h6005,0.0014148980368651276,scr2099,avaConv,solar
LT,h6006,0.014038258378186142,scr2099,avaConv,solar
LT,h6007,0.04404377563431747,scr2099,avaConv,solar
LT,h6008,0.08917277661247804,scr2099,avaConv,solar
LT,h6009,0.139426227574287,scr2099,avaConv,solar
LT,h6010,0.18291079602550905,scr2099,avaConv,solar
LT,h6011,0.22147682185179365,scr2099,avaConv,solar
LT,h6012,0.2304931907473431,scr2099,avaConv,solar
LT,h6013,0.22137788429811742,scr2099,avaConv,solar
LT,h6014,0.19008702285445908,scr2099,avaConv,solar
LT,h6015,0.14689899077865087,scr2099,avaConv,solar
LT,h6016,0.08178765930140883,scr2099,avaConv,solar
LT,h6017,0.028707561190095345,scr2099,avaConv,solar
LT,h6018,0.0009935220422423864,scr2099,avaConv,solar
LT,h6019,0.0,scr2099,avaConv,solar
LT,h6020,0.0,scr2099,avaConv,solar
LT,h6021,0.0,scr2099,avaConv,solar
LT,h6022,0.0,scr2099,avaConv,solar
LT,h6023,0.0,scr2099,avaConv,solar
LT,h6024,0.0,scr2099,avaConv,solar
LT,h6025,0.0,scr2099,avaConv,solar
LT,h6026,0.0,scr2099,avaConv,solar
LT,h6027,0.0,scr2099,avaConv,solar
LT,h6028,0.0,scr2099,avaConv,solar
LT,h6029,0.003350092927346479,scr2099,avaConv,solar
LT,h6030,0.02136902186467556,scr2099,avaConv,solar
LT,h6031,0.05220863870763811,scr2099,avaConv,solar
LT,h6032,0.09335733187283145,scr2099,avaConv,solar
LT,h6033,0.13674102515178035,scr2099,avaConv,solar
LT,h6034,0.18770450913206346,scr2099,avaConv,solar
LT,h6035,0.21983465531645777,scr2099,avaConv,solar
LT,h6036,0.22482947605776585,scr2099,avaConv,solar
LT,h6037,0.2265722879083706,scr2099,avaConv,solar
LT,h6038,0.2198750323938562,scr2099,avaConv,solar
LT,h6039,0.20355653359826895,scr2099,avaConv,solar
LT,h6040,0.1290177166721504,scr2099,avaConv,solar
LT,h6041,0.061151380497666025,scr2099,avaConv,solar
LT,h6042,0.01173813200112839,scr2099,avaConv,solar
LT,h6043,0.0019207206061763143,scr2099,avaConv,solar
LT,h6044,0.0,scr2099,avaConv,solar
LT,h6045,0.0,scr2099,avaConv,solar
LT,h6046,0.0,scr2099,avaConv,solar
LT,h6047,0.0,scr2099,avaConv,solar
LT,h6048,0.0,scr2099,avaConv,solar
LT,h6049,0.0,scr2099,avaConv,solar
LT,h6050,0.0,scr2099,avaConv,solar
LT,h6051,0.0,scr2099,avaConv,solar
LT,h6052,0.0,scr2099,avaConv,solar
LT,h6053,0.0025242188511114126,scr2099,avaConv,solar
LT,h6054,0.01669034415398329,scr2099,avaConv,solar
LT,h6055,0.04294350605798076,scr2099,avaConv,solar
LT,h6056,0.07227410743079297,scr2099,avaConv,solar
LT,h6057,0.10325205550631808,scr2099,avaConv,solar
LT,h6058,0.1317411883290246,scr2099,avaConv,solar
LT,h6059,0.15964243345062315,scr2099,avaConv,solar
LT,h6060,0.183466857229396,scr2099,avaConv,solar
LT,h6061,0.18984020852015676,scr2099,avaConv,solar
LT,h6062,0.1947562118508303,scr2099,avaConv,solar
LT,h6063,0.1675821586767716,scr2099,avaConv,solar
LT,h6064,0.11404373436093838,scr2099,avaConv,solar
LT,h6065,0.05240306797089104,scr2099,avaConv,solar
LT,h6066,0.011064126680855631,scr2099,avaConv,solar
LT,h6067,0.0024909673517265673,scr2099,avaConv,solar
LT,h6068,0.0,scr2099,avaConv,solar
LT,h6069,0.0,scr2099,avaConv,solar
LT,h6070,0.0,scr2099,avaConv,solar
LT,h6071,0.0,scr2099,avaConv,solar
LT,h6072,0.0,scr2099,avaConv,solar
LT,h6073,0.0,scr2099,avaConv,solar
LT,h6074,0.0,scr2099,avaConv,solar
LT,h6075,0.0,scr2099,avaConv,solar
LT,h6076,0.0,scr2099,avaConv,solar
LT,h6077,0.008080648540618993,scr2099,avaConv,solar
LT,h6078,0.04853213992707796,scr2099,avaConv,solar
LT,h6079,0.12856522452527402,scr2099,avaConv,solar
LT,h6080,0.2367813491221043,scr2099,avaConv,solar
LT,h6081,0.3441186371192553,scr2099,avaConv,solar
LT,h6082,0.43424316705853716,scr2099,avaConv,solar
LT,h6083,0.49824777733789904,scr2099,avaConv,solar
LT,h6084,0.526673991787914,scr2099,avaConv,solar
LT,h6085,0.5174402411995961,scr2099,avaConv,solar
LT,h6086,0.4651019074773549,scr2099,avaConv,solar
LT,h6087,0.3618007658903877,scr2099,avaConv,solar
LT,h6088,0.21432720297424107,scr2099,avaConv,solar
LT,h6089,0.08731535764923677,scr2099,avaConv,solar
LT,h6090,0.015171213057970276,scr2099,avaConv,solar
LT,h6091,0.0007657844892991298,scr2099,avaConv,solar
LT,h6092,0.0,scr2099,avaConv,solar
LT,h6093,0.0,scr2099,avaConv,solar
LT,h6094,0.0,scr2099,avaConv,solar
LT,h6095,0.0,scr2099,avaConv,solar
LT,h6096,0.0,scr2099,avaConv,solar
LT,h6097,0.0,scr2099,avaConv,solar
LT,h6098,0.0,scr2099,avaConv,solar
LT,h6099,0.0,scr2099,avaConv,solar
LT,h6100,0.0,scr2099,avaConv,solar
LT,h6101,0.0008772686938095459,scr2099,avaConv,solar
LT,h6102,0.010977988058799631,scr2099,avaConv,solar
LT,h6103,0.04107398717811907,scr2099,avaConv,solar
LT,h6104,0.09142663624326362,scr2099,avaConv,solar
LT,h6105,0.15153001387487905,scr2099,avaConv,solar
LT,h6106,0.22465399146890985,scr2099,avaConv,solar
LT,h6107,0.32572829527463815,scr2099,avaConv,solar
LT,h6108,0.4282571639346624,scr2099,avaConv,solar
LT,h6109,0.48222629394778443,scr2099,avaConv,solar
LT,h6110,0.4536536140912903,scr2099,avaConv,solar
LT,h6111,0.33769795278279396,scr2099,avaConv,solar
LT,h6112,0.19098678063072375,scr2099,avaConv,solar
LT,h6113,0.06837216842957124,scr2099,avaConv,solar
LT,h6114,0.012376287590535027,scr2099,avaConv,solar
LT,h6115,0.000723360012729537,scr2099,avaConv,solar
LT,h6116,0.0,scr2099,avaConv,solar
LT,h6117,0.0,scr2099,avaConv,solar
LT,h6118,0.0,scr2099,avaConv,solar
LT,h6119,0.0,scr2099,avaConv,solar
LT,h6120,0.0,scr2099,avaConv,solar
LT,h6121,0.0,scr2099,avaConv,solar
LT,h6122,0.0,scr2099,avaConv,solar
LT,h6123,0.0,scr2099,avaConv,solar
LT,h6124,0.0,scr2099,avaConv,solar
LT,h6125,0.0010300062629235635,scr2099,avaConv,solar
LT,h6126,0.01311368758981414,scr2099,avaConv,solar
LT,h6127,0.03913384347525368,scr2099,avaConv,solar
LT,h6128,0.07385424296352995,scr2099,avaConv,solar
LT,h6129,0.1128489687471225,scr2099,avaConv,solar
LT,h6130,0.16314169792350355,scr2099,avaConv,solar
LT,h6131,0.22407705832903113,scr2099,avaConv,solar
LT,h6132,0.27060608818357923,scr2099,avaConv,solar
LT,h6133,0.290178897839832,scr2099,avaConv,solar
LT,h6134,0.2783294702843209,scr2099,avaConv,solar
LT,h6135,0.24146930655546814,scr2099,avaConv,solar
LT,h6136,0.16040530533061206,scr2099,avaConv,solar
LT,h6137,0.07631721468732452,scr2099,avaConv,solar
LT,h6138,0.016632761388767372,scr2099,avaConv,solar
LT,h6139,0.0010622833690310685,scr2099,avaConv,solar
LT,h6140,0.0,scr2099,avaConv,solar
LT,h6141,0.0,scr2099,avaConv,solar
LT,h6142,0.0,scr2099,avaConv,solar
LT,h6143,0.0,scr2099,avaConv,solar
LT,h6144,0.0,scr2099,avaConv,solar
LT,h6145,0.0,scr2099,avaConv,solar
LT,h6146,0.0,scr2099,avaConv,solar
LT,h6147,0.0,scr2099,avaConv,solar
LT,h6148,0.0,scr2099,avaConv,solar
LT,h6149,0.004049892460943164,scr2099,avaConv,solar
LT,h6150,0.039896380406822994,scr2099,avaConv,solar
LT,h6151,0.12009983330037441,scr2099,avaConv,solar
LT,h6152,0.24396187319363924,scr2099,avaConv,solar
LT,h6153,0.3666205859235683,scr2099,avaConv,solar
LT,h6154,0.4728425220126803,scr2099,avaConv,solar
LT,h6155,0.542828994226599,scr2099,avaConv,solar
LT,h6156,0.5768398900604872,scr2099,avaConv,solar
LT,h6157,0.5633629717337233,scr2099,avaConv,solar
LT,h6158,0.5035735230345638,scr2099,avaConv,solar
LT,h6159,0.3877858281531545,scr2099,avaConv,solar
LT,h6160,0.2307446919995905,scr2099,avaConv,solar
LT,h6161,0.09294964812685799,scr2099,avaConv,solar
LT,h6162,0.016982184863878022,scr2099,avaConv,solar
LT,h6163,0.0,scr2099,avaConv,solar
LT,h6164,0.0,scr2099,avaConv,solar
LT,h6165,0.0,scr2099,avaConv,solar
LT,h6166,0.0,scr2099,avaConv,solar
LT,h6167,0.0,scr2099,avaConv,solar
LT,h6168,0.0,scr2099,avaConv,solar
LT,h6169,0.0,scr2099,avaConv,solar
LT,h6170,0.0,scr2099,avaConv,solar
LT,h6171,0.0,scr2099,avaConv,solar
LT,h6172,0.0,scr2099,avaConv,solar
LT,h6173,0.0,scr2099,avaConv,solar
LT,h6174,0.00587902479853641,scr2099,avaConv,solar
LT,h6175,0.023058358828254067,scr2099,avaConv,solar
LT,h6176,0.05725016779526204,scr2099,avaConv,solar
LT,h6177,0.10255962468277036,scr2099,avaConv,solar
LT,h6178,0.1411512427538321,scr2099,avaConv,solar
LT,h6179,0.16897315498088253,scr2099,avaConv,solar
LT,h6180,0.18243571971719053,scr2099,avaConv,solar
LT,h6181,0.1804385979001174,scr2099,avaConv,solar
LT,h6182,0.1670083580867958,scr2099,avaConv,solar
LT,h6183,0.13520053064647775,scr2099,avaConv,solar
LT,h6184,0.08956875125585036,scr2099,avaConv,solar
LT,h6185,0.04170498691228346,scr2099,avaConv,solar
LT,h6186,0.009273059026638834,scr2099,avaConv,solar
LT,h6187,0.0007981250962010018,scr2099,avaConv,solar
LT,h6188,0.0,scr2099,avaConv,solar
LT,h6189,0.0,scr2099,avaConv,solar
LT,h6190,0.0,scr2099,avaConv,solar
LT,h6191,0.0,scr2099,avaConv,solar
LT,h6192,0.0,scr2099,avaConv,solar
LT,h6193,0.0,scr2099,avaConv,solar
LT,h6194,0.0,scr2099,avaConv,solar
LT,h6195,0.0,scr2099,avaConv,solar
LT,h6196,0.0,scr2099,avaConv,solar
LT,h6197,0.0032600685314482128,scr2099,avaConv,solar
LT,h6198,0.027268792019880184,scr2099,avaConv,solar
LT,h6199,0.08706454219773302,scr2099,avaConv,solar
LT,h6200,0.18929638994771608,scr2099,avaConv,solar
LT,h6201,0.31560766574915944,scr2099,avaConv,solar
LT,h6202,0.42927009446979747,scr2099,avaConv,solar
LT,h6203,0.5177953116993267,scr2099,avaConv,solar
LT,h6204,0.553505056929915,scr2099,avaConv,solar
LT,h6205,0.5317436984343357,scr2099,avaConv,solar
LT,h6206,0.4499021736967391,scr2099,avaConv,solar
LT,h6207,0.3182886094201132,scr2099,avaConv,solar
LT,h6208,0.17822361828758382,scr2099,avaConv,solar
LT,h6209,0.0662872093245413,scr2099,avaConv,solar
LT,h6210,0.01221874302132091,scr2099,avaConv,solar
LT,h6211,0.0,scr2099,avaConv,solar
LT,h6212,0.0,scr2099,avaConv,solar
LT,h6213,0.0,scr2099,avaConv,solar
LT,h6214,0.0,scr2099,avaConv,solar
LT,h6215,0.0,scr2099,avaConv,solar
LT,h6216,0.0,scr2099,avaConv,solar
LT,h6217,0.0,scr2099,avaConv,solar
LT,h6218,0.0,scr2099,avaConv,solar
LT,h6219,0.0,scr2099,avaConv,solar
LT,h6220,0.0,scr2099,avaConv,solar
LT,h6221,0.00041485976918385973,scr2099,avaConv,solar
LT,h6222,0.00936106400367709,scr2099,avaConv,solar
LT,h6223,0.029298366542335683,scr2099,avaConv,solar
LT,h6224,0.06142408136656078,scr2099,avaConv,solar
LT,h6225,0.09584918127361035,scr2099,avaConv,solar
LT,h6226,0.12329174698574207,scr2099,avaConv,solar
LT,h6227,0.13731591745000155,scr2099,avaConv,solar
LT,h6228,0.13615933840487646,scr2099,avaConv,solar
LT,h6229,0.12509095361639563,scr2099,avaConv,solar
LT,h6230,0.12140057282051732,scr2099,avaConv,solar
LT,h6231,0.10794658815431601,scr2099,avaConv,solar
LT,h6232,0.08004196364690705,scr2099,avaConv,solar
LT,h6233,0.03728354898934161,scr2099,avaConv,solar
LT,h6234,0.008724815681695454,scr2099,avaConv,solar
LT,h6235,0.00018408452727196927,scr2099,avaConv,solar
LT,h6236,0.0,scr2099,avaConv,solar
LT,h6237,0.0,scr2099,avaConv,solar
LT,h6238,0.0,scr2099,avaConv,solar
LT,h6239,0.0,scr2099,avaConv,solar
LT,h6240,0.0,scr2099,avaConv,solar
LT,h6241,0.0,scr2099,avaConv,solar
LT,h6242,0.0,scr2099,avaConv,solar
LT,h6243,0.0,scr2099,avaConv,solar
LT,h6244,0.0,scr2099,avaConv,solar
LT,h6245,0.00020734595979791188,scr2099,avaConv,solar
LT,h6246,0.010053255774852646,scr2099,avaConv,solar
LT,h6247,0.03952820665067043,scr2099,avaConv,solar
LT,h6248,0.09684569416479061,scr2099,avaConv,solar
LT,h6249,0.1625339557976786,scr2099,avaConv,solar
LT,h6250,0.22636970384737976,scr2099,avaConv,solar
LT,h6251,0.2713352157916765,scr2099,avaConv,solar
LT,h6252,0.27660048554950206,scr2099,avaConv,solar
LT,h6253,0.24450953247615698,scr2099,avaConv,solar
LT,h6254,0.1772029278240446,scr2099,avaConv,solar
LT,h6255,0.12234874814432224,scr2099,avaConv,solar
LT,h6256,0.06627496308989922,scr2099,avaConv,solar
LT,h6257,0.030655371917856424,scr2099,avaConv,solar
LT,h6258,0.005447605974343754,scr2099,avaConv,solar
LT,h6259,0.0,scr2099,avaConv,solar
LT,h6260,0.0,scr2099,avaConv,solar
LT,h6261,0.0,scr2099,avaConv,solar
LT,h6262,0.0,scr2099,avaConv,solar
LT,h6263,0.0,scr2099,avaConv,solar
LT,h6264,0.0,scr2099,avaConv,solar
LT,h6265,0.0,scr2099,avaConv,solar
LT,h6266,0.0,scr2099,avaConv,solar
LT,h6267,0.0,scr2099,avaConv,solar
LT,h6268,0.0,scr2099,avaConv,solar
LT,h6269,0.0,scr2099,avaConv,solar
LT,h6270,0.011582415368088909,scr2099,avaConv,solar
LT,h6271,0.04295523729686976,scr2099,avaConv,solar
LT,h6272,0.0896454261534372,scr2099,avaConv,solar
LT,h6273,0.13413591337112238,scr2099,avaConv,solar
LT,h6274,0.15378360060102014,scr2099,avaConv,solar
LT,h6275,0.1601600529554556,scr2099,avaConv,solar
LT,h6276,0.15766985753845594,scr2099,avaConv,solar
LT,h6277,0.1615265393466586,scr2099,avaConv,solar
LT,h6278,0.1523980888445979,scr2099,avaConv,solar
LT,h6279,0.14761787259110146,scr2099,avaConv,solar
LT,h6280,0.10195094029321275,scr2099,avaConv,solar
LT,h6281,0.05728485804928949,scr2099,avaConv,solar
LT,h6282,0.009743703300363192,scr2099,avaConv,solar
LT,h6283,0.0,scr2099,avaConv,solar
LT,h6284,0.0,scr2099,avaConv,solar
LT,h6285,0.0,scr2099,avaConv,solar
LT,h6286,0.0,scr2099,avaConv,solar
LT,h6287,0.0,scr2099,avaConv,solar
LT,h6288,0.0,scr2099,avaConv,solar
LT,h6289,0.0,scr2099,avaConv,solar
LT,h6290,0.0,scr2099,avaConv,solar
LT,h6291,0.0,scr2099,avaConv,solar
LT,h6292,0.0,scr2099,avaConv,solar
LT,h6293,0.0007459521297058355,scr2099,avaConv,solar
LT,h6294,0.022371672651634526,scr2099,avaConv,solar
LT,h6295,0.07650343027305498,scr2099,avaConv,solar
LT,h6296,0.16402788173880226,scr2099,avaConv,solar
LT,h6297,0.24738444456482778,scr2099,avaConv,solar
LT,h6298,0.3321443505899884,scr2099,avaConv,solar
LT,h6299,0.41209868372765385,scr2099,avaConv,solar
LT,h6300,0.46497393163306266,scr2099,avaConv,solar
LT,h6301,0.4657995597724246,scr2099,avaConv,solar
LT,h6302,0.42635252737233803,scr2099,avaConv,solar
LT,h6303,0.34740761027316513,scr2099,avaConv,solar
LT,h6304,0.22121418037263244,scr2099,avaConv,solar
LT,h6305,0.09243557600095224,scr2099,avaConv,solar
LT,h6306,0.015355592336288445,scr2099,avaConv,solar
LT,h6307,0.0,scr2099,avaConv,solar
LT,h6308,0.0,scr2099,avaConv,solar
LT,h6309,0.0,scr2099,avaConv,solar
LT,h6310,0.0,scr2099,avaConv,solar
LT,h6311,0.0,scr2099,avaConv,solar
LT,h6312,0.0,scr2099,avaConv,solar
LT,h6313,0.0,scr2099,avaConv,solar
LT,h6314,0.0,scr2099,avaConv,solar
LT,h6315,0.0,scr2099,avaConv,solar
LT,h6316,0.0,scr2099,avaConv,solar
LT,h6317,0.0,scr2099,avaConv,solar
LT,h6318,0.015117164957592447,scr2099,avaConv,solar
LT,h6319,0.056741525993485545,scr2099,avaConv,solar
LT,h6320,0.12932343206713762,scr2099,avaConv,solar
LT,h6321,0.21145379301353456,scr2099,avaConv,solar
LT,h6322,0.2859122199997714,scr2099,avaConv,solar
LT,h6323,0.3286658405212075,scr2099,avaConv,solar
LT,h6324,0.3588750181506555,scr2099,avaConv,solar
LT,h6325,0.3726230458357171,scr2099,avaConv,solar
LT,h6326,0.38655587473791964,scr2099,avaConv,solar
LT,h6327,0.34637158426266024,scr2099,avaConv,solar
LT,h6328,0.23142922818805586,scr2099,avaConv,solar
LT,h6329,0.10183829778392149,scr2099,avaConv,solar
LT,h6330,0.01661642691825864,scr2099,avaConv,solar
LT,h6331,0.0,scr2099,avaConv,solar
LT,h6332,0.0,scr2099,avaConv,solar
LT,h6333,0.0,scr2099,avaConv,solar
LT,h6334,0.0,scr2099,avaConv,solar
LT,h6335,0.0,scr2099,avaConv,solar
LT,h6336,0.0,scr2099,avaConv,solar
LT,h6337,0.0,scr2099,avaConv,solar
LT,h6338,0.0,scr2099,avaConv,solar
LT,h6339,0.0,scr2099,avaConv,solar
LT,h6340,0.0,scr2099,avaConv,solar
LT,h6341,0.0006886443399350113,scr2099,avaConv,solar
LT,h6342,0.02824753641135911,scr2099,avaConv,solar
LT,h6343,0.10078411616846567,scr2099,avaConv,solar
LT,h6344,0.21842477259643017,scr2099,avaConv,solar
LT,h6345,0.3386848469768695,scr2099,avaConv,solar
LT,h6346,0.4479167476027838,scr2099,avaConv,solar
LT,h6347,0.5293955493302777,scr2099,avaConv,solar
LT,h6348,0.5793288339008559,scr2099,avaConv,solar
LT,h6349,0.5792028922410701,scr2099,avaConv,solar
LT,h6350,0.5298290174079784,scr2099,avaConv,solar
LT,h6351,0.43025432227766314,scr2099,avaConv,solar
LT,h6352,0.26398734928573103,scr2099,avaConv,solar
LT,h6353,0.1135434805520009,scr2099,avaConv,solar
LT,h6354,0.0175838477256454,scr2099,avaConv,solar
LT,h6355,0.0,scr2099,avaConv,solar
LT,h6356,0.0,scr2099,avaConv,solar
LT,h6357,0.0,scr2099,avaConv,solar
LT,h6358,0.0,scr2099,avaConv,solar
LT,h6359,0.0,scr2099,avaConv,solar
LT,h6360,0.0,scr2099,avaConv,solar
LT,h6361,0.0,scr2099,avaConv,solar
LT,h6362,0.0,scr2099,avaConv,solar
LT,h6363,0.0,scr2099,avaConv,solar
LT,h6364,0.0,scr2099,avaConv,solar
LT,h6365,0.00027438618569514654,scr2099,avaConv,solar
LT,h6366,0.024090387853445985,scr2099,avaConv,solar
LT,h6367,0.09088397257913065,scr2099,avaConv,solar
LT,h6368,0.2016169985008221,scr2099,avaConv,solar
LT,h6369,0.322126944360131,scr2099,avaConv,solar
LT,h6370,0.42282280815205475,scr2099,avaConv,solar
LT,h6371,0.4920333929146514,scr2099,avaConv,solar
LT,h6372,0.5263817196274361,scr2099,avaConv,solar
LT,h6373,0.5297930226860363,scr2099,avaConv,solar
LT,h6374,0.49807808276258575,scr2099,avaConv,solar
LT,h6375,0.41648267239742087,scr2099,avaConv,solar
LT,h6376,0.2580310325451636,scr2099,avaConv,solar
LT,h6377,0.10970781548711031,scr2099,avaConv,solar
LT,h6378,0.015071298174431159,scr2099,avaConv,solar
LT,h6379,0.0,scr2099,avaConv,solar
LT,h6380,0.0,scr2099,avaConv,solar
LT,h6381,0.0,scr2099,avaConv,solar
LT,h6382,0.0,scr2099,avaConv,solar
LT,h6383,0.0,scr2099,avaConv,solar
LT,h6384,0.0,scr2099,avaConv,solar
LT,h6385,0.0,scr2099,avaConv,solar
LT,h6386,0.0,scr2099,avaConv,solar
LT,h6387,0.0,scr2099,avaConv,solar
LT,h6388,0.0,scr2099,avaConv,solar
LT,h6389,0.00011264290214546404,scr2099,avaConv,solar
LT,h6390,0.023826845073494182,scr2099,avaConv,solar
LT,h6391,0.08867537051679236,scr2099,avaConv,solar
LT,h6392,0.19274311554082238,scr2099,avaConv,solar
LT,h6393,0.304031669723029,scr2099,avaConv,solar
LT,h6394,0.4012006253183278,scr2099,avaConv,solar
LT,h6395,0.47694915573762325,scr2099,avaConv,solar
LT,h6396,0.5078545399629001,scr2099,avaConv,solar
LT,h6397,0.49731128785389483,scr2099,avaConv,solar
LT,h6398,0.4355671326318839,scr2099,avaConv,solar
LT,h6399,0.34547106962322016,scr2099,avaConv,solar
LT,h6400,0.1993708200593596,scr2099,avaConv,solar
LT,h6401,0.08186669785096994,scr2099,avaConv,solar
LT,h6402,0.008169389164570513,scr2099,avaConv,solar
LT,h6403,0.0,scr2099,avaConv,solar
LT,h6404,0.0,scr2099,avaConv,solar
LT,h6405,0.0,scr2099,avaConv,solar
LT,h6406,0.0,scr2099,avaConv,solar
LT,h6407,0.0,scr2099,avaConv,solar
LT,h6408,0.0,scr2099,avaConv,solar
LT,h6409,0.0,scr2099,avaConv,solar
LT,h6410,0.0,scr2099,avaConv,solar
LT,h6411,0.0,scr2099,avaConv,solar
LT,h6412,0.0,scr2099,avaConv,solar
LT,h6413,0.0,scr2099,avaConv,solar
LT,h6414,0.013447669505629247,scr2099,avaConv,solar
LT,h6415,0.05328803024284794,scr2099,avaConv,solar
LT,h6416,0.11636683165802605,scr2099,avaConv,solar
LT,h6417,0.18275545526532713,scr2099,avaConv,solar
LT,h6418,0.2195186763438857,scr2099,avaConv,solar
LT,h6419,0.252382988171816,scr2099,avaConv,solar
LT,h6420,0.27988794336091816,scr2099,avaConv,solar
LT,h6421,0.3077987251091642,scr2099,avaConv,solar
LT,h6422,0.3013070673931961,scr2099,avaConv,solar
LT,h6423,0.26055935258510743,scr2099,avaConv,solar
LT,h6424,0.1627728507146551,scr2099,avaConv,solar
LT,h6425,0.07310032403897332,scr2099,avaConv,solar
LT,h6426,0.008530352264535792,scr2099,avaConv,solar
LT,h6427,0.0,scr2099,avaConv,solar
LT,h6428,0.0,scr2099,avaConv,solar
LT,h6429,0.0,scr2099,avaConv,solar
LT,h6430,0.0,scr2099,avaConv,solar
LT,h6431,0.0,scr2099,avaConv,solar
LT,h6432,0.0,scr2099,avaConv,solar
LT,h6433,0.0,scr2099,avaConv,solar
LT,h6434,0.0,scr2099,avaConv,solar
LT,h6435,0.0,scr2099,avaConv,solar
LT,h6436,0.0,scr2099,avaConv,solar
LT,h6437,0.0,scr2099,avaConv,solar
LT,h6438,0.018995537582468965,scr2099,avaConv,solar
LT,h6439,0.07969435885190086,scr2099,avaConv,solar
LT,h6440,0.1804907699228147,scr2099,avaConv,solar
LT,h6441,0.2927135246417099,scr2099,avaConv,solar
LT,h6442,0.38791679849529076,scr2099,avaConv,solar
LT,h6443,0.4549816367658606,scr2099,avaConv,solar
LT,h6444,0.49855173468823777,scr2099,avaConv,solar
LT,h6445,0.5097505993929106,scr2099,avaConv,solar
LT,h6446,0.4822878657227274,scr2099,avaConv,solar
LT,h6447,0.4109931180956231,scr2099,avaConv,solar
LT,h6448,0.25331830449319254,scr2099,avaConv,solar
LT,h6449,0.1125938016061859,scr2099,avaConv,solar
LT,h6450,0.012686933913855983,scr2099,avaConv,solar
LT,h6451,0.0,scr2099,avaConv,solar
LT,h6452,0.0,scr2099,avaConv,solar
LT,h6453,0.0,scr2099,avaConv,solar
LT,h6454,0.0,scr2099,avaConv,solar
LT,h6455,0.0,scr2099,avaConv,solar
LT,h6456,0.0,scr2099,avaConv,solar
LT,h6457,0.0,scr2099,avaConv,solar
LT,h6458,0.0,scr2099,avaConv,solar
LT,h6459,0.0,scr2099,avaConv,solar
LT,h6460,0.0,scr2099,avaConv,solar
LT,h6461,0.0,scr2099,avaConv,solar
LT,h6462,0.0149880696040145,scr2099,avaConv,solar
LT,h6463,0.067641757452464,scr2099,avaConv,solar
LT,h6464,0.16622777641400158,scr2099,avaConv,solar
LT,h6465,0.2838067231492888,scr2099,avaConv,solar
LT,h6466,0.3883988649726646,scr2099,avaConv,solar
LT,h6467,0.45888803257106753,scr2099,avaConv,solar
LT,h6468,0.4666274105684419,scr2099,avaConv,solar
LT,h6469,0.4390808031930452,scr2099,avaConv,solar
LT,h6470,0.3792603381438568,scr2099,avaConv,solar
LT,h6471,0.3214736700546092,scr2099,avaConv,solar
LT,h6472,0.19636469483957883,scr2099,avaConv,solar
LT,h6473,0.08677242647952854,scr2099,avaConv,solar
LT,h6474,0.007659311976443552,scr2099,avaConv,solar
LT,h6475,0.0,scr2099,avaConv,solar
LT,h6476,0.0,scr2099,avaConv,solar
LT,h6477,0.0,scr2099,avaConv,solar
LT,h6478,0.0,scr2099,avaConv,solar
LT,h6479,0.0,scr2099,avaConv,solar
LT,h6480,0.0,scr2099,avaConv,solar
LT,h6481,0.0,scr2099,avaConv,solar
LT,h6482,0.0,scr2099,avaConv,solar
LT,h6483,0.0,scr2099,avaConv,solar
LT,h6484,0.0,scr2099,avaConv,solar
LT,h6485,0.0,scr2099,avaConv,solar
LT,h6486,0.01849137118892249,scr2099,avaConv,solar
LT,h6487,0.07414006882419696,scr2099,avaConv,solar
LT,h6488,0.17478689385753762,scr2099,avaConv,solar
LT,h6489,0.28714673886584324,scr2099,avaConv,solar
LT,h6490,0.40812177997938787,scr2099,avaConv,solar
LT,h6491,0.5113626438751884,scr2099,avaConv,solar
LT,h6492,0.5840187995529331,scr2099,avaConv,solar
LT,h6493,0.5946928355872266,scr2099,avaConv,solar
LT,h6494,0.5472702185535955,scr2099,avaConv,solar
LT,h6495,0.457075851567685,scr2099,avaConv,solar
LT,h6496,0.27518292321300053,scr2099,avaConv,solar
LT,h6497,0.11821680075477889,scr2099,avaConv,solar
LT,h6498,0.009653902677512441,scr2099,avaConv,solar
LT,h6499,0.0,scr2099,avaConv,solar
LT,h6500,0.0,scr2099,avaConv,solar
LT,h6501,0.0,scr2099,avaConv,solar
LT,h6502,0.0,scr2099,avaConv,solar
LT,h6503,0.0,scr2099,avaConv,solar
LT,h6504,0.0,scr2099,avaConv,solar
LT,h6505,0.0,scr2099,avaConv,solar
LT,h6506,0.0,scr2099,avaConv,solar
LT,h6507,0.0,scr2099,avaConv,solar
LT,h6508,0.0,scr2099,avaConv,solar
LT,h6509,0.0,scr2099,avaConv,solar
LT,h6510,0.01757493728342082,scr2099,avaConv,solar
LT,h6511,0.0730560562116285,scr2099,avaConv,solar
LT,h6512,0.17043573945196197,scr2099,avaConv,solar
LT,h6513,0.28736303447588335,scr2099,avaConv,solar
LT,h6514,0.39555857807512146,scr2099,avaConv,solar
LT,h6515,0.4815753300294029,scr2099,avaConv,solar
LT,h6516,0.5208326629083931,scr2099,avaConv,solar
LT,h6517,0.532200676697475,scr2099,avaConv,solar
LT,h6518,0.4943958828502474,scr2099,avaConv,solar
LT,h6519,0.42341778585854,scr2099,avaConv,solar
LT,h6520,0.2526662831263204,scr2099,avaConv,solar
LT,h6521,0.10702997660770817,scr2099,avaConv,solar
LT,h6522,0.008276128739846018,scr2099,avaConv,solar
LT,h6523,0.0,scr2099,avaConv,solar
LT,h6524,0.0,scr2099,avaConv,solar
LT,h6525,0.0,scr2099,avaConv,solar
LT,h6526,0.0,scr2099,avaConv,solar
LT,h6527,0.0,scr2099,avaConv,solar
LT,h6528,0.0,scr2099,avaConv,solar
LT,h6529,0.0,scr2099,avaConv,solar
LT,h6530,0.0,scr2099,avaConv,solar
LT,h6531,0.0,scr2099,avaConv,solar
LT,h6532,0.0,scr2099,avaConv,solar
LT,h6533,0.0,scr2099,avaConv,solar
LT,h6534,0.011293693740120323,scr2099,avaConv,solar
LT,h6535,0.04856793890381007,scr2099,avaConv,solar
LT,h6536,0.11389435605309291,scr2099,avaConv,solar
LT,h6537,0.19133429480472064,scr2099,avaConv,solar
LT,h6538,0.2608890084298307,scr2099,avaConv,solar
LT,h6539,0.31302396194933596,scr2099,avaConv,solar
LT,h6540,0.34390409667916094,scr2099,avaConv,solar
LT,h6541,0.3494983661895058,scr2099,avaConv,solar
LT,h6542,0.33412915711496877,scr2099,avaConv,solar
LT,h6543,0.28960817189407156,scr2099,avaConv,solar
LT,h6544,0.17920991458310945,scr2099,avaConv,solar
LT,h6545,0.0769610082694979,scr2099,avaConv,solar
LT,h6546,0.005166076823704076,scr2099,avaConv,solar
LT,h6547,0.0,scr2099,avaConv,solar
LT,h6548,0.0,scr2099,avaConv,solar
LT,h6549,0.0,scr2099,avaConv,solar
LT,h6550,0.0,scr2099,avaConv,solar
LT,h6551,0.0,scr2099,avaConv,solar
LT,h6552,0.0,scr2099,avaConv,solar
LV,h5809,0.0,scr2099,avaConv,solar
LV,h5810,0.0,scr2099,avaConv,solar
LV,h5811,0.0,scr2099,avaConv,solar
LV,h5812,0.00011197841981705852,scr2099,avaConv,solar
LV,h5813,0.008592279704424508,scr2099,avaConv,solar
LV,h5814,0.03649161446856333,scr2099,avaConv,solar
LV,h5815,0.09015265587537631,scr2099,avaConv,solar
LV,h5816,0.16623363068125485,scr2099,avaConv,solar
LV,h5817,0.2546813726999228,scr2099,avaConv,solar
LV,h5818,0.34511979552171906,scr2099,avaConv,solar
LV,h5819,0.40513324735135714,scr2099,avaConv,solar
LV,h5820,0.42783076417765614,scr2099,avaConv,solar
LV,h5821,0.40967363159173037,scr2099,avaConv,solar
LV,h5822,0.36897784602287687,scr2099,avaConv,solar
LV,h5823,0.3009916768547183,scr2099,avaConv,solar
LV,h5824,0.1902460296748998,scr2099,avaConv,solar
LV,h5825,0.09765446050252612,scr2099,avaConv,solar
LV,h5826,0.026934428440067014,scr2099,avaConv,solar
LV,h5827,0.010693378266360968,scr2099,avaConv,solar
LV,h5828,0.0,scr2099,avaConv,solar
LV,h5829,0.0,scr2099,avaConv,solar
LV,h5830,0.0,scr2099,avaConv,solar
LV,h5831,0.0,scr2099,avaConv,solar
LV,h5832,0.0,scr2099,avaConv,solar
LV,h5833,0.0,scr2099,avaConv,solar
LV,h5834,0.0,scr2099,avaConv,solar
LV,h5835,0.0,scr2099,avaConv,solar
LV,h5836,0.0,scr2099,avaConv,solar
LV,h5837,0.01110469829663586,scr2099,avaConv,solar
LV,h5838,0.049596702923974535,scr2099,avaConv,solar
LV,h5839,0.12260785821133866,scr2099,avaConv,solar
LV,h5840,0.21719241137857953,scr2099,avaConv,solar
LV,h5841,0.3135217008772526,scr2099,avaConv,solar
LV,h5842,0.40393850960159433,scr2099,avaConv,solar
LV,h5843,0.4806919771984226,scr2099,avaConv,solar
LV,h5844,0.5278555324018045,scr2099,avaConv,solar
LV,h5845,0.5332151087879927,scr2099,avaConv,solar
LV,h5846,0.4880412197098814,scr2099,avaConv,solar
LV,h5847,0.39166450397200364,scr2099,avaConv,solar
LV,h5848,0.23354350274058822,scr2099,avaConv,solar
LV,h5849,0.1035831396299168,scr2099,avaConv,solar
LV,h5850,0.019022107202693435,scr2099,avaConv,solar
LV,h5851,0.006802388140729167,scr2099,avaConv,solar
LV,h5852,0.0,scr2099,avaConv,solar
LV,h5853,0.0,scr2099,avaConv,solar
LV,h5854,0.0,scr2099,avaConv,solar
LV,h5855,0.0,scr2099,avaConv,solar
LV,h5856,0.0,scr2099,avaConv,solar
LV,h5857,0.0,scr2099,avaConv,solar
LV,h5858,0.0,scr2099,avaConv,solar
LV,h5859,0.0,scr2099,avaConv,solar
LV,h5860,0.0,scr2099,avaConv,solar
LV,h5861,0.01236925365114544,scr2099,avaConv,solar
LV,h5862,0.055761385011733805,scr2099,avaConv,solar
LV,h5863,0.13875074662226114,scr2099,avaConv,solar
LV,h5864,0.24618608537728323,scr2099,avaConv,solar
LV,h5865,0.3513152740371152,scr2099,avaConv,solar
LV,h5866,0.43513769000829977,scr2099,avaConv,solar
LV,h5867,0.46543477577392633,scr2099,avaConv,solar
LV,h5868,0.45336100870586926,scr2099,avaConv,solar
LV,h5869,0.3953948851620702,scr2099,avaConv,solar
LV,h5870,0.33287226618409765,scr2099,avaConv,solar
LV,h5871,0.25598398285705776,scr2099,avaConv,solar
LV,h5872,0.15752288056378141,scr2099,avaConv,solar
LV,h5873,0.07734883505232408,scr2099,avaConv,solar
LV,h5874,0.01820179600646472,scr2099,avaConv,solar
LV,h5875,0.00704602298094375,scr2099,avaConv,solar
LV,h5876,0.0,scr2099,avaConv,solar
LV,h5877,0.0,scr2099,avaConv,solar
LV,h5878,0.0,scr2099,avaConv,solar
LV,h5879,0.0,scr2099,avaConv,solar
LV,h5880,0.0,scr2099,avaConv,solar
LV,h5881,0.0,scr2099,avaConv,solar
LV,h5882,0.0,scr2099,avaConv,solar
LV,h5883,0.0,scr2099,avaConv,solar
LV,h5884,0.0,scr2099,avaConv,solar
LV,h5885,0.004650104453859056,scr2099,avaConv,solar
LV,h5886,0.025212570171562976,scr2099,avaConv,solar
LV,h5887,0.06939481828328148,scr2099,avaConv,solar
LV,h5888,0.13113202743362218,scr2099,avaConv,solar
LV,h5889,0.18482448735325818,scr2099,avaConv,solar
LV,h5890,0.22255993823783674,scr2099,avaConv,solar
LV,h5891,0.24059056137500284,scr2099,avaConv,solar
LV,h5892,0.25501290082154365,scr2099,avaConv,solar
LV,h5893,0.26018568884896504,scr2099,avaConv,solar
LV,h5894,0.2538826101130951,scr2099,avaConv,solar
LV,h5895,0.2187421875144782,scr2099,avaConv,solar
LV,h5896,0.14202782480582476,scr2099,avaConv,solar
LV,h5897,0.07136677203648081,scr2099,avaConv,solar
LV,h5898,0.018274589197439906,scr2099,avaConv,solar
LV,h5899,0.006989957856262808,scr2099,avaConv,solar
LV,h5900,0.0,scr2099,avaConv,solar
LV,h5901,0.0,scr2099,avaConv,solar
LV,h5902,0.0,scr2099,avaConv,solar
LV,h5903,0.0,scr2099,avaConv,solar
LV,h5904,0.0,scr2099,avaConv,solar
LV,h5905,0.0,scr2099,avaConv,solar
LV,h5906,0.0,scr2099,avaConv,solar
LV,h5907,0.0,scr2099,avaConv,solar
LV,h5908,0.0,scr2099,avaConv,solar
LV,h5909,0.005880331093061483,scr2099,avaConv,solar
LV,h5910,0.026999612639199404,scr2099,avaConv,solar
LV,h5911,0.05756108161497089,scr2099,avaConv,solar
LV,h5912,0.08660141157822569,scr2099,avaConv,solar
LV,h5913,0.11452236056802846,scr2099,avaConv,solar
LV,h5914,0.15426031248579658,scr2099,avaConv,solar
LV,h5915,0.21119351083151822,scr2099,avaConv,solar
LV,h5916,0.25496774075784956,scr2099,avaConv,solar
LV,h5917,0.26603363673701336,scr2099,avaConv,solar
LV,h5918,0.23721451320769327,scr2099,avaConv,solar
LV,h5919,0.18991959025370123,scr2099,avaConv,solar
LV,h5920,0.11407029191524387,scr2099,avaConv,solar
LV,h5921,0.05488118815796847,scr2099,avaConv,solar
LV,h5922,0.009983569810664691,scr2099,avaConv,solar
LV,h5923,0.0037574242671295586,scr2099,avaConv,solar
LV,h5924,0.0,scr2099,avaConv,solar
LV,h5925,0.0,scr2099,avaConv,solar
LV,h5926,0.0,scr2099,avaConv,solar
LV,h5927,0.0,scr2099,avaConv,solar
LV,h5928,0.0,scr2099,avaConv,solar
LV,h5929,0.0,scr2099,avaConv,solar
LV,h5930,0.0,scr2099,avaConv,solar
LV,h5931,0.0,scr2099,avaConv,solar
LV,h5932,0.0,scr2099,avaConv,solar
LV,h5933,0.0037401978555136697,scr2099,avaConv,solar
LV,h5934,0.026055516354632182,scr2099,avaConv,solar
LV,h5935,0.07229554892032033,scr2099,avaConv,solar
LV,h5936,0.138500414896206,scr2099,avaConv,solar
LV,h5937,0.2009425115129967,scr2099,avaConv,solar
LV,h5938,0.2585037223652801,scr2099,avaConv,solar
LV,h5939,0.28777222737943,scr2099,avaConv,solar
LV,h5940,0.29483290827754316,scr2099,avaConv,solar
LV,h5941,0.25876399979646303,scr2099,avaConv,solar
LV,h5942,0.20972411307270014,scr2099,avaConv,solar
LV,h5943,0.1454846259351726,scr2099,avaConv,solar
LV,h5944,0.08338278821577644,scr2099,avaConv,solar
LV,h5945,0.03463367487799943,scr2099,avaConv,solar
LV,h5946,0.007187094401397099,scr2099,avaConv,solar
LV,h5947,0.001147155247414184,scr2099,avaConv,solar
LV,h5948,0.0,scr2099,avaConv,solar
LV,h5949,0.0,scr2099,avaConv,solar
LV,h5950,0.0,scr2099,avaConv,solar
LV,h5951,0.0,scr2099,avaConv,solar
LV,h5952,0.0,scr2099,avaConv,solar
LV,h5953,0.0,scr2099,avaConv,solar
LV,h5954,0.0,scr2099,avaConv,solar
LV,h5955,0.0,scr2099,avaConv,solar
LV,h5956,0.0,scr2099,avaConv,solar
LV,h5957,0.00016583639769861462,scr2099,avaConv,solar
LV,h5958,0.005187583185468713,scr2099,avaConv,solar
LV,h5959,0.017331133697942563,scr2099,avaConv,solar
LV,h5960,0.03570410262014835,scr2099,avaConv,solar
LV,h5961,0.05520787099463988,scr2099,avaConv,solar
LV,h5962,0.07533585969871762,scr2099,avaConv,solar
LV,h5963,0.09246394595760246,scr2099,avaConv,solar
LV,h5964,0.10545699412118616,scr2099,avaConv,solar
LV,h5965,0.1118328294062965,scr2099,avaConv,solar
LV,h5966,0.11197264817702003,scr2099,avaConv,solar
LV,h5967,0.09655313991653978,scr2099,avaConv,solar
LV,h5968,0.0601289755400971,scr2099,avaConv,solar
LV,h5969,0.024974766217706185,scr2099,avaConv,solar
LV,h5970,0.0032530834523277668,scr2099,avaConv,solar
LV,h5971,0.00045617495115745065,scr2099,avaConv,solar
LV,h5972,0.0,scr2099,avaConv,solar
LV,h5973,0.0,scr2099,avaConv,solar
LV,h5974,0.0,scr2099,avaConv,solar
LV,h5975,0.0,scr2099,avaConv,solar
LV,h5976,0.0,scr2099,avaConv,solar
LV,h5977,0.0,scr2099,avaConv,solar
LV,h5978,0.0,scr2099,avaConv,solar
LV,h5979,0.0,scr2099,avaConv,solar
LV,h5980,0.0,scr2099,avaConv,solar
LV,h5981,0.00030574294976596673,scr2099,avaConv,solar
LV,h5982,0.0052642417813544545,scr2099,avaConv,solar
LV,h5983,0.01735091905300946,scr2099,avaConv,solar
LV,h5984,0.03798574764164098,scr2099,avaConv,solar
LV,h5985,0.06066196365639596,scr2099,avaConv,solar
LV,h5986,0.08545923888068716,scr2099,avaConv,solar
LV,h5987,0.10358903845050833,scr2099,avaConv,solar
LV,h5988,0.11825121595375628,scr2099,avaConv,solar
LV,h5989,0.11823567495015876,scr2099,avaConv,solar
LV,h5990,0.10989554961179764,scr2099,avaConv,solar
LV,h5991,0.09005196208532766,scr2099,avaConv,solar
LV,h5992,0.05557023062522826,scr2099,avaConv,solar
LV,h5993,0.025337284017834714,scr2099,avaConv,solar
LV,h5994,0.003357052718148734,scr2099,avaConv,solar
LV,h5995,0.0004990263426809358,scr2099,avaConv,solar
LV,h5996,0.0,scr2099,avaConv,solar
LV,h5997,0.0,scr2099,avaConv,solar
LV,h5998,0.0,scr2099,avaConv,solar
LV,h5999,0.0,scr2099,avaConv,solar
LV,h6000,0.0,scr2099,avaConv,solar
LV,h6001,0.0,scr2099,avaConv,solar
LV,h6002,0.0,scr2099,avaConv,solar
LV,h6003,0.0,scr2099,avaConv,solar
LV,h6004,0.0,scr2099,avaConv,solar
LV,h6005,0.0013816130464260642,scr2099,avaConv,solar
LV,h6006,0.013390349996985783,scr2099,avaConv,solar
LV,h6007,0.04047434739424425,scr2099,avaConv,solar
LV,h6008,0.08338237419777916,scr2099,avaConv,solar
LV,h6009,0.13228811435635363,scr2099,avaConv,solar
LV,h6010,0.1781481729692337,scr2099,avaConv,solar
LV,h6011,0.21461139943440236,scr2099,avaConv,solar
LV,h6012,0.23267452057553992,scr2099,avaConv,solar
LV,h6013,0.23962383373733523,scr2099,avaConv,solar
LV,h6014,0.22067513480458045,scr2099,avaConv,solar
LV,h6015,0.18059172019777645,scr2099,avaConv,solar
LV,h6016,0.10424907135223638,scr2099,avaConv,solar
LV,h6017,0.04333725451956454,scr2099,avaConv,solar
LV,h6018,0.005081888853383496,scr2099,avaConv,solar
LV,h6019,0.0007274605853910865,scr2099,avaConv,solar
LV,h6020,0.0,scr2099,avaConv,solar
LV,h6021,0.0,scr2099,avaConv,solar
LV,h6022,0.0,scr2099,avaConv,solar
LV,h6023,0.0,scr2099,avaConv,solar
LV,h6024,0.0,scr2099,avaConv,solar
LV,h6025,0.0,scr2099,avaConv,solar
LV,h6026,0.0,scr2099,avaConv,solar
LV,h6027,0.0,scr2099,avaConv,solar
LV,h6028,0.0,scr2099,avaConv,solar
LV,h6029,0.0009787710074397617,scr2099,avaConv,solar
LV,h6030,0.00908928296486749,scr2099,avaConv,solar
LV,h6031,0.02524577139423453,scr2099,avaConv,solar
LV,h6032,0.04941941098022631,scr2099,avaConv,solar
LV,h6033,0.07837220718493326,scr2099,avaConv,solar
LV,h6034,0.11104538558250776,scr2099,avaConv,solar
LV,h6035,0.14409931250306726,scr2099,avaConv,solar
LV,h6036,0.16860193551194694,scr2099,avaConv,solar
LV,h6037,0.1785136542687174,scr2099,avaConv,solar
LV,h6038,0.16842160589549524,scr2099,avaConv,solar
LV,h6039,0.14079383655765748,scr2099,avaConv,solar
LV,h6040,0.08690378561261601,scr2099,avaConv,solar
LV,h6041,0.041080619662521536,scr2099,avaConv,solar
LV,h6042,0.007556838277338189,scr2099,avaConv,solar
LV,h6043,0.0021155495110168764,scr2099,avaConv,solar
LV,h6044,0.0,scr2099,avaConv,solar
LV,h6045,0.0,scr2099,avaConv,solar
LV,h6046,0.0,scr2099,avaConv,solar
LV,h6047,0.0,scr2099,avaConv,solar
LV,h6048,0.0,scr2099,avaConv,solar
LV,h6049,0.0,scr2099,avaConv,solar
LV,h6050,0.0,scr2099,avaConv,solar
LV,h6051,0.0,scr2099,avaConv,solar
LV,h6052,0.0,scr2099,avaConv,solar
LV,h6053,0.0006408135349143188,scr2099,avaConv,solar
LV,h6054,0.008510646682319307,scr2099,avaConv,solar
LV,h6055,0.031286700052328996,scr2099,avaConv,solar
LV,h6056,0.07974746774273786,scr2099,avaConv,solar
LV,h6057,0.15366307570945142,scr2099,avaConv,solar
LV,h6058,0.24609219186247372,scr2099,avaConv,solar
LV,h6059,0.31271374372175914,scr2099,avaConv,solar
LV,h6060,0.3584848963486569,scr2099,avaConv,solar
LV,h6061,0.3589548778191818,scr2099,avaConv,solar
LV,h6062,0.3395539168818758,scr2099,avaConv,solar
LV,h6063,0.2730979324781565,scr2099,avaConv,solar
LV,h6064,0.1663344701633171,scr2099,avaConv,solar
LV,h6065,0.07531979241192381,scr2099,avaConv,solar
LV,h6066,0.014937237450854502,scr2099,avaConv,solar
LV,h6067,0.004752601217712261,scr2099,avaConv,solar
LV,h6068,0.0,scr2099,avaConv,solar
LV,h6069,0.0,scr2099,avaConv,solar
LV,h6070,0.0,scr2099,avaConv,solar
LV,h6071,0.0,scr2099,avaConv,solar
LV,h6072,0.0,scr2099,avaConv,solar
LV,h6073,0.0,scr2099,avaConv,solar
LV,h6074,0.0,scr2099,avaConv,solar
LV,h6075,0.0,scr2099,avaConv,solar
LV,h6076,0.0,scr2099,avaConv,solar
LV,h6077,0.003132623323854911,scr2099,avaConv,solar
LV,h6078,0.022402376587150656,scr2099,avaConv,solar
LV,h6079,0.06509466184408641,scr2099,avaConv,solar
LV,h6080,0.1450329307773331,scr2099,avaConv,solar
LV,h6081,0.23896816102402468,scr2099,avaConv,solar
LV,h6082,0.3266944589694378,scr2099,avaConv,solar
LV,h6083,0.3808888789281969,scr2099,avaConv,solar
LV,h6084,0.4161297026332565,scr2099,avaConv,solar
LV,h6085,0.43958307507889777,scr2099,avaConv,solar
LV,h6086,0.42350264674461896,scr2099,avaConv,solar
LV,h6087,0.3518641320908497,scr2099,avaConv,solar
LV,h6088,0.2095564132370963,scr2099,avaConv,solar
LV,h6089,0.09026952115139864,scr2099,avaConv,solar
LV,h6090,0.014497715757534758,scr2099,avaConv,solar
LV,h6091,0.002019338081587001,scr2099,avaConv,solar
LV,h6092,0.0,scr2099,avaConv,solar
LV,h6093,0.0,scr2099,avaConv,solar
LV,h6094,0.0,scr2099,avaConv,solar
LV,h6095,0.0,scr2099,avaConv,solar
LV,h6096,0.0,scr2099,avaConv,solar
LV,h6097,0.0,scr2099,avaConv,solar
LV,h6098,0.0,scr2099,avaConv,solar
LV,h6099,0.0,scr2099,avaConv,solar
LV,h6100,0.0,scr2099,avaConv,solar
LV,h6101,0.0017705362991617204,scr2099,avaConv,solar
LV,h6102,0.020971515620956713,scr2099,avaConv,solar
LV,h6103,0.07035341434349555,scr2099,avaConv,solar
LV,h6104,0.15054508368022168,scr2099,avaConv,solar
LV,h6105,0.23643960753254434,scr2099,avaConv,solar
LV,h6106,0.31507636661993804,scr2099,avaConv,solar
LV,h6107,0.36915564320971955,scr2099,avaConv,solar
LV,h6108,0.4053398780428575,scr2099,avaConv,solar
LV,h6109,0.3902816165675893,scr2099,avaConv,solar
LV,h6110,0.3632184449320567,scr2099,avaConv,solar
LV,h6111,0.2916517537831482,scr2099,avaConv,solar
LV,h6112,0.18925011734946978,scr2099,avaConv,solar
LV,h6113,0.08335587886618093,scr2099,avaConv,solar
LV,h6114,0.014789276893749736,scr2099,avaConv,solar
LV,h6115,0.0026968961371969533,scr2099,avaConv,solar
LV,h6116,0.0,scr2099,avaConv,solar
LV,h6117,0.0,scr2099,avaConv,solar
LV,h6118,0.0,scr2099,avaConv,solar
LV,h6119,0.0,scr2099,avaConv,solar
LV,h6120,0.0,scr2099,avaConv,solar
LV,h6121,0.0,scr2099,avaConv,solar
LV,h6122,0.0,scr2099,avaConv,solar
LV,h6123,0.0,scr2099,avaConv,solar
LV,h6124,0.0,scr2099,avaConv,solar
LV,h6125,0.0014524324848158652,scr2099,avaConv,solar
LV,h6126,0.01362177303707205,scr2099,avaConv,solar
LV,h6127,0.042721997566176846,scr2099,avaConv,solar
LV,h6128,0.0947102926209287,scr2099,avaConv,solar
LV,h6129,0.17200649585646186,scr2099,avaConv,solar
LV,h6130,0.2512010536040758,scr2099,avaConv,solar
LV,h6131,0.32787516385339277,scr2099,avaConv,solar
LV,h6132,0.3677743463006531,scr2099,avaConv,solar
LV,h6133,0.4044376924061992,scr2099,avaConv,solar
LV,h6134,0.4002879920175368,scr2099,avaConv,solar
LV,h6135,0.3530839371615131,scr2099,avaConv,solar
LV,h6136,0.22712741209701529,scr2099,avaConv,solar
LV,h6137,0.10308898271152764,scr2099,avaConv,solar
LV,h6138,0.021674943330606072,scr2099,avaConv,solar
LV,h6139,0.0020390769002192346,scr2099,avaConv,solar
LV,h6140,0.0,scr2099,avaConv,solar
LV,h6141,0.0,scr2099,avaConv,solar
LV,h6142,0.0,scr2099,avaConv,solar
LV,h6143,0.0,scr2099,avaConv,solar
LV,h6144,0.0,scr2099,avaConv,solar
LV,h6145,0.0,scr2099,avaConv,solar
LV,h6146,0.0,scr2099,avaConv,solar
LV,h6147,0.0,scr2099,avaConv,solar
LV,h6148,0.0,scr2099,avaConv,solar
LV,h6149,0.003917701303270086,scr2099,avaConv,solar
LV,h6150,0.03476567862517825,scr2099,avaConv,solar
LV,h6151,0.09803385960068121,scr2099,avaConv,solar
LV,h6152,0.1915635017566336,scr2099,avaConv,solar
LV,h6153,0.25788282038882065,scr2099,avaConv,solar
LV,h6154,0.3151594259906355,scr2099,avaConv,solar
LV,h6155,0.3417632218795384,scr2099,avaConv,solar
LV,h6156,0.372517432034484,scr2099,avaConv,solar
LV,h6157,0.3851838258689185,scr2099,avaConv,solar
LV,h6158,0.38236303547569034,scr2099,avaConv,solar
LV,h6159,0.3394288692625639,scr2099,avaConv,solar
LV,h6160,0.2217671569583974,scr2099,avaConv,solar
LV,h6161,0.10154467587445648,scr2099,avaConv,solar
LV,h6162,0.01780999601982005,scr2099,avaConv,solar
LV,h6163,0.001208694113963754,scr2099,avaConv,solar
LV,h6164,0.0,scr2099,avaConv,solar
LV,h6165,0.0,scr2099,avaConv,solar
LV,h6166,0.0,scr2099,avaConv,solar
LV,h6167,0.0,scr2099,avaConv,solar
LV,h6168,0.0,scr2099,avaConv,solar
LV,h6169,0.0,scr2099,avaConv,solar
LV,h6170,0.0,scr2099,avaConv,solar
LV,h6171,0.0,scr2099,avaConv,solar
LV,h6172,0.0,scr2099,avaConv,solar
LV,h6173,0.0,scr2099,avaConv,solar
LV,h6174,0.005947465724227691,scr2099,avaConv,solar
LV,h6175,0.02164425668934748,scr2099,avaConv,solar
LV,h6176,0.04952070781730259,scr2099,avaConv,solar
LV,h6177,0.0849174432156115,scr2099,avaConv,solar
LV,h6178,0.11920670729535446,scr2099,avaConv,solar
LV,h6179,0.15270750977255518,scr2099,avaConv,solar
LV,h6180,0.1836853090959384,scr2099,avaConv,solar
LV,h6181,0.2130184687551964,scr2099,avaConv,solar
LV,h6182,0.23276855220992818,scr2099,avaConv,solar
LV,h6183,0.22693426476646866,scr2099,avaConv,solar
LV,h6184,0.16627689430456907,scr2099,avaConv,solar
LV,h6185,0.08625485104458602,scr2099,avaConv,solar
LV,h6186,0.02049013648203896,scr2099,avaConv,solar
LV,h6187,0.001589229068776949,scr2099,avaConv,solar
LV,h6188,0.0,scr2099,avaConv,solar
LV,h6189,0.0,scr2099,avaConv,solar
LV,h6190,0.0,scr2099,avaConv,solar
LV,h6191,0.0,scr2099,avaConv,solar
LV,h6192,0.0,scr2099,avaConv,solar
LV,h6193,0.0,scr2099,avaConv,solar
LV,h6194,0.0,scr2099,avaConv,solar
LV,h6195,0.0,scr2099,avaConv,solar
LV,h6196,0.0,scr2099,avaConv,solar
LV,h6197,0.001249197121480155,scr2099,avaConv,solar
LV,h6198,0.010434113934338718,scr2099,avaConv,solar
LV,h6199,0.02874571749642898,scr2099,avaConv,solar
LV,h6200,0.05582405895109554,scr2099,avaConv,solar
LV,h6201,0.09175928062159952,scr2099,avaConv,solar
LV,h6202,0.14438510246616434,scr2099,avaConv,solar
LV,h6203,0.21747502074358138,scr2099,avaConv,solar
LV,h6204,0.2846684543195262,scr2099,avaConv,solar
LV,h6205,0.33236601441072466,scr2099,avaConv,solar
LV,h6206,0.34248861811843656,scr2099,avaConv,solar
LV,h6207,0.30717248817035187,scr2099,avaConv,solar
LV,h6208,0.2098498070651337,scr2099,avaConv,solar
LV,h6209,0.09820302273326409,scr2099,avaConv,solar
LV,h6210,0.02215985976633593,scr2099,avaConv,solar
LV,h6211,0.00060287329101437,scr2099,avaConv,solar
LV,h6212,0.0,scr2099,avaConv,solar
LV,h6213,0.0,scr2099,avaConv,solar
LV,h6214,0.0,scr2099,avaConv,solar
LV,h6215,0.0,scr2099,avaConv,solar
LV,h6216,0.0,scr2099,avaConv,solar
LV,h6217,0.0,scr2099,avaConv,solar
LV,h6218,0.0,scr2099,avaConv,solar
LV,h6219,0.0,scr2099,avaConv,solar
LV,h6220,0.0,scr2099,avaConv,solar
LV,h6221,0.0017136782888981434,scr2099,avaConv,solar
LV,h6222,0.018148346852796343,scr2099,avaConv,solar
LV,h6223,0.05343435191958684,scr2099,avaConv,solar
LV,h6224,0.1054494719918446,scr2099,avaConv,solar
LV,h6225,0.14944349029237675,scr2099,avaConv,solar
LV,h6226,0.17727623350246588,scr2099,avaConv,solar
LV,h6227,0.18589841391042214,scr2099,avaConv,solar
LV,h6228,0.18752541338043024,scr2099,avaConv,solar
LV,h6229,0.17368818956296223,scr2099,avaConv,solar
LV,h6230,0.14741651877638484,scr2099,avaConv,solar
LV,h6231,0.11120638833254652,scr2099,avaConv,solar
LV,h6232,0.06953699423391557,scr2099,avaConv,solar
LV,h6233,0.03338925815156992,scr2099,avaConv,solar
LV,h6234,0.007689781709073196,scr2099,avaConv,solar
LV,h6235,0.0,scr2099,avaConv,solar
LV,h6236,0.0,scr2099,avaConv,solar
LV,h6237,0.0,scr2099,avaConv,solar
LV,h6238,0.0,scr2099,avaConv,solar
LV,h6239,0.0,scr2099,avaConv,solar
LV,h6240,0.0,scr2099,avaConv,solar
LV,h6241,0.0,scr2099,avaConv,solar
LV,h6242,0.0,scr2099,avaConv,solar
LV,h6243,0.0,scr2099,avaConv,solar
LV,h6244,0.0,scr2099,avaConv,solar
LV,h6245,0.0016693174238312499,scr2099,avaConv,solar
LV,h6246,0.022814953454313107,scr2099,avaConv,solar
LV,h6247,0.07281511690234642,scr2099,avaConv,solar
LV,h6248,0.14256562978251883,scr2099,avaConv,solar
LV,h6249,0.20658465571331586,scr2099,avaConv,solar
LV,h6250,0.2737035362431909,scr2099,avaConv,solar
LV,h6251,0.3216821321848287,scr2099,avaConv,solar
LV,h6252,0.3573189542909858,scr2099,avaConv,solar
LV,h6253,0.35843044101242727,scr2099,avaConv,solar
LV,h6254,0.33871509482100054,scr2099,avaConv,solar
LV,h6255,0.2828227093929754,scr2099,avaConv,solar
LV,h6256,0.17835301847680463,scr2099,avaConv,solar
LV,h6257,0.07869667645949,scr2099,avaConv,solar
LV,h6258,0.014603670074147212,scr2099,avaConv,solar
LV,h6259,0.0,scr2099,avaConv,solar
LV,h6260,0.0,scr2099,avaConv,solar
LV,h6261,0.0,scr2099,avaConv,solar
LV,h6262,0.0,scr2099,avaConv,solar
LV,h6263,0.0,scr2099,avaConv,solar
LV,h6264,0.0,scr2099,avaConv,solar
LV,h6265,0.0,scr2099,avaConv,solar
LV,h6266,0.0,scr2099,avaConv,solar
LV,h6267,0.0,scr2099,avaConv,solar
LV,h6268,0.0,scr2099,avaConv,solar
LV,h6269,0.0,scr2099,avaConv,solar
LV,h6270,0.014230376064234659,scr2099,avaConv,solar
LV,h6271,0.05274219606611756,scr2099,avaConv,solar
LV,h6272,0.12410360232397662,scr2099,avaConv,solar
LV,h6273,0.21675415705159737,scr2099,avaConv,solar
LV,h6274,0.31576642935888116,scr2099,avaConv,solar
LV,h6275,0.4040034171854286,scr2099,avaConv,solar
LV,h6276,0.4563943992448801,scr2099,avaConv,solar
LV,h6277,0.456665436339838,scr2099,avaConv,solar
LV,h6278,0.41719509523661064,scr2099,avaConv,solar
LV,h6279,0.3378667388419552,scr2099,avaConv,solar
LV,h6280,0.21785503364699904,scr2099,avaConv,solar
LV,h6281,0.09737519454810142,scr2099,avaConv,solar
LV,h6282,0.018503419524089976,scr2099,avaConv,solar
LV,h6283,0.0,scr2099,avaConv,solar
LV,h6284,0.0,scr2099,avaConv,solar
LV,h6285,0.0,scr2099,avaConv,solar
LV,h6286,0.0,scr2099,avaConv,solar
LV,h6287,0.0,scr2099,avaConv,solar
LV,h6288,0.0,scr2099,avaConv,solar
LV,h6289,0.0,scr2099,avaConv,solar
LV,h6290,0.0,scr2099,avaConv,solar
LV,h6291,0.0,scr2099,avaConv,solar
LV,h6292,0.0,scr2099,avaConv,solar
LV,h6293,0.0,scr2099,avaConv,solar
LV,h6294,0.016328757214242193,scr2099,avaConv,solar
LV,h6295,0.05879445143906791,scr2099,avaConv,solar
LV,h6296,0.13594381963034283,scr2099,avaConv,solar
LV,h6297,0.2277232056237202,scr2099,avaConv,solar
LV,h6298,0.331786134006735,scr2099,avaConv,solar
LV,h6299,0.43142547202006765,scr2099,avaConv,solar
LV,h6300,0.5045116245006658,scr2099,avaConv,solar
LV,h6301,0.5302343918421741,scr2099,avaConv,solar
LV,h6302,0.5004382417329517,scr2099,avaConv,solar
LV,h6303,0.41735161088488837,scr2099,avaConv,solar
LV,h6304,0.2662692676284734,scr2099,avaConv,solar
LV,h6305,0.11863678102169821,scr2099,avaConv,solar
LV,h6306,0.02199268748297827,scr2099,avaConv,solar
LV,h6307,0.0,scr2099,avaConv,solar
LV,h6308,0.0,scr2099,avaConv,solar
LV,h6309,0.0,scr2099,avaConv,solar
LV,h6310,0.0,scr2099,avaConv,solar
LV,h6311,0.0,scr2099,avaConv,solar
LV,h6312,0.0,scr2099,avaConv,solar
LV,h6313,0.0,scr2099,avaConv,solar
LV,h6314,0.0,scr2099,avaConv,solar
LV,h6315,0.0,scr2099,avaConv,solar
LV,h6316,0.0,scr2099,avaConv,solar
LV,h6317,0.00024444055181141444,scr2099,avaConv,solar
LV,h6318,0.017270265397906014,scr2099,avaConv,solar
LV,h6319,0.06114497483600876,scr2099,avaConv,solar
LV,h6320,0.1387726070658656,scr2099,avaConv,solar
LV,h6321,0.2258539720399464,scr2099,avaConv,solar
LV,h6322,0.31109438701949377,scr2099,avaConv,solar
LV,h6323,0.3773737944047832,scr2099,avaConv,solar
LV,h6324,0.4377958644709325,scr2099,avaConv,solar
LV,h6325,0.47470893947350545,scr2099,avaConv,solar
LV,h6326,0.46829037676541757,scr2099,avaConv,solar
LV,h6327,0.39751982217164433,scr2099,avaConv,solar
LV,h6328,0.25010684273897094,scr2099,avaConv,solar
LV,h6329,0.1119349907770127,scr2099,avaConv,solar
LV,h6330,0.019446969766136395,scr2099,avaConv,solar
LV,h6331,0.0,scr2099,avaConv,solar
LV,h6332,0.0,scr2099,avaConv,solar
LV,h6333,0.0,scr2099,avaConv,solar
LV,h6334,0.0,scr2099,avaConv,solar
LV,h6335,0.0,scr2099,avaConv,solar
LV,h6336,0.0,scr2099,avaConv,solar
LV,h6337,0.0,scr2099,avaConv,solar
LV,h6338,0.0,scr2099,avaConv,solar
LV,h6339,0.0,scr2099,avaConv,solar
LV,h6340,0.0,scr2099,avaConv,solar
LV,h6341,0.00020792950762927096,scr2099,avaConv,solar
LV,h6342,0.011552594123855736,scr2099,avaConv,solar
LV,h6343,0.04863657205808115,scr2099,avaConv,solar
LV,h6344,0.10514232412686648,scr2099,avaConv,solar
LV,h6345,0.16812505937783903,scr2099,avaConv,solar
LV,h6346,0.22116429398952625,scr2099,avaConv,solar
LV,h6347,0.2763610536136208,scr2099,avaConv,solar
LV,h6348,0.32633953094054186,scr2099,avaConv,solar
LV,h6349,0.37934096322477157,scr2099,avaConv,solar
LV,h6350,0.40745070488686386,scr2099,avaConv,solar
LV,h6351,0.37402253122529844,scr2099,avaConv,solar
LV,h6352,0.24676975088251257,scr2099,avaConv,solar
LV,h6353,0.10650969797216579,scr2099,avaConv,solar
LV,h6354,0.01733801076880403,scr2099,avaConv,solar
LV,h6355,0.0,scr2099,avaConv,solar
LV,h6356,0.0,scr2099,avaConv,solar
LV,h6357,0.0,scr2099,avaConv,solar
LV,h6358,0.0,scr2099,avaConv,solar
LV,h6359,0.0,scr2099,avaConv,solar
LV,h6360,0.0,scr2099,avaConv,solar
LV,h6361,0.0,scr2099,avaConv,solar
LV,h6362,0.0,scr2099,avaConv,solar
LV,h6363,0.0,scr2099,avaConv,solar
LV,h6364,0.0,scr2099,avaConv,solar
LV,h6365,0.0,scr2099,avaConv,solar
LV,h6366,0.013925113856724753,scr2099,avaConv,solar
LV,h6367,0.06204181735962077,scr2099,avaConv,solar
LV,h6368,0.151305064314958,scr2099,avaConv,solar
LV,h6369,0.2533081707811128,scr2099,avaConv,solar
LV,h6370,0.3512214141933761,scr2099,avaConv,solar
LV,h6371,0.4306824600501311,scr2099,avaConv,solar
LV,h6372,0.503663754601426,scr2099,avaConv,solar
LV,h6373,0.5374090540854993,scr2099,avaConv,solar
LV,h6374,0.520130380963592,scr2099,avaConv,solar
LV,h6375,0.43307265804957107,scr2099,avaConv,solar
LV,h6376,0.2686399568249071,scr2099,avaConv,solar
LV,h6377,0.1165926885427954,scr2099,avaConv,solar
LV,h6378,0.01695710068204697,scr2099,avaConv,solar
LV,h6379,0.0,scr2099,avaConv,solar
LV,h6380,0.0,scr2099,avaConv,solar
LV,h6381,0.0,scr2099,avaConv,solar
LV,h6382,0.0,scr2099,avaConv,solar
LV,h6383,0.0,scr2099,avaConv,solar
LV,h6384,0.0,scr2099,avaConv,solar
LV,h6385,0.0,scr2099,avaConv,solar
LV,h6386,0.0,scr2099,avaConv,solar
LV,h6387,0.0,scr2099,avaConv,solar
LV,h6388,0.0,scr2099,avaConv,solar
LV,h6389,0.0,scr2099,avaConv,solar
LV,h6390,0.011890759103309424,scr2099,avaConv,solar
LV,h6391,0.05043487044735234,scr2099,avaConv,solar
LV,h6392,0.12613966154803577,scr2099,avaConv,solar
LV,h6393,0.2155007023258992,scr2099,avaConv,solar
LV,h6394,0.2829114369591444,scr2099,avaConv,solar
LV,h6395,0.2930143766913392,scr2099,avaConv,solar
LV,h6396,0.252425506883133,scr2099,avaConv,solar
LV,h6397,0.17186593941614156,scr2099,avaConv,solar
LV,h6398,0.10010802076288948,scr2099,avaConv,solar
LV,h6399,0.05162613531726689,scr2099,avaConv,solar
LV,h6400,0.0283645982756804,scr2099,avaConv,solar
LV,h6401,0.014316247152826414,scr2099,avaConv,solar
LV,h6402,0.002617452436783037,scr2099,avaConv,solar
LV,h6403,0.0,scr2099,avaConv,solar
LV,h6404,0.0,scr2099,avaConv,solar
LV,h6405,0.0,scr2099,avaConv,solar
LV,h6406,0.0,scr2099,avaConv,solar
LV,h6407,0.0,scr2099,avaConv,solar
LV,h6408,0.0,scr2099,avaConv,solar
LV,h6409,0.0,scr2099,avaConv,solar
LV,h6410,0.0,scr2099,avaConv,solar
LV,h6411,0.0,scr2099,avaConv,solar
LV,h6412,0.0,scr2099,avaConv,solar
LV,h6413,0.0,scr2099,avaConv,solar
LV,h6414,0.010159093028515611,scr2099,avaConv,solar
LV,h6415,0.037882480179965504,scr2099,avaConv,solar
LV,h6416,0.0780754357235637,scr2099,avaConv,solar
LV,h6417,0.09814158331818149,scr2099,avaConv,solar
LV,h6418,0.09737530490488135,scr2099,avaConv,solar
LV,h6419,0.08350201047631546,scr2099,avaConv,solar
LV,h6420,0.07837147308290832,scr2099,avaConv,solar
LV,h6421,0.07136039530917385,scr2099,avaConv,solar
LV,h6422,0.06140049138880478,scr2099,avaConv,solar
LV,h6423,0.058024979313984225,scr2099,avaConv,solar
LV,h6424,0.03959305215364794,scr2099,avaConv,solar
LV,h6425,0.02330927678170496,scr2099,avaConv,solar
LV,h6426,0.0021159990082206966,scr2099,avaConv,solar
LV,h6427,0.0,scr2099,avaConv,solar
LV,h6428,0.0,scr2099,avaConv,solar
LV,h6429,0.0,scr2099,avaConv,solar
LV,h6430,0.0,scr2099,avaConv,solar
LV,h6431,0.0,scr2099,avaConv,solar
LV,h6432,0.0,scr2099,avaConv,solar
LV,h6433,0.0,scr2099,avaConv,solar
LV,h6434,0.0,scr2099,avaConv,solar
LV,h6435,0.0,scr2099,avaConv,solar
LV,h6436,0.0,scr2099,avaConv,solar
LV,h6437,0.0,scr2099,avaConv,solar
LV,h6438,0.004974403104880162,scr2099,avaConv,solar
LV,h6439,0.02196426649055981,scr2099,avaConv,solar
LV,h6440,0.05473951638896297,scr2099,avaConv,solar
LV,h6441,0.09444821410985733,scr2099,avaConv,solar
LV,h6442,0.1268024037369341,scr2099,avaConv,solar
LV,h6443,0.145823180353798,scr2099,avaConv,solar
LV,h6444,0.1578007533780941,scr2099,avaConv,solar
LV,h6445,0.16719253968444425,scr2099,avaConv,solar
LV,h6446,0.181128572508879,scr2099,avaConv,solar
LV,h6447,0.1883395589413272,scr2099,avaConv,solar
LV,h6448,0.13885146319477307,scr2099,avaConv,solar
LV,h6449,0.072268497515428,scr2099,avaConv,solar
LV,h6450,0.009936253161235583,scr2099,avaConv,solar
LV,h6451,0.0,scr2099,avaConv,solar
LV,h6452,0.0,scr2099,avaConv,solar
LV,h6453,0.0,scr2099,avaConv,solar
LV,h6454,0.0,scr2099,avaConv,solar
LV,h6455,0.0,scr2099,avaConv,solar
LV,h6456,0.0,scr2099,avaConv,solar
LV,h6457,0.0,scr2099,avaConv,solar
LV,h6458,0.0,scr2099,avaConv,solar
LV,h6459,0.0,scr2099,avaConv,solar
LV,h6460,0.0,scr2099,avaConv,solar
LV,h6461,0.0,scr2099,avaConv,solar
LV,h6462,0.014643317499960737,scr2099,avaConv,solar
LV,h6463,0.05882207709709599,scr2099,avaConv,solar
LV,h6464,0.13927098757618825,scr2099,avaConv,solar
LV,h6465,0.23903244327780707,scr2099,avaConv,solar
LV,h6466,0.3280259750556329,scr2099,avaConv,solar
LV,h6467,0.390458592005252,scr2099,avaConv,solar
LV,h6468,0.3973958553931911,scr2099,avaConv,solar
LV,h6469,0.3643050486948877,scr2099,avaConv,solar
LV,h6470,0.27277909996190247,scr2099,avaConv,solar
LV,h6471,0.18400775381649392,scr2099,avaConv,solar
LV,h6472,0.08602225667603056,scr2099,avaConv,solar
LV,h6473,0.03463611109367374,scr2099,avaConv,solar
LV,h6474,0.0026511849675800265,scr2099,avaConv,solar
LV,h6475,0.0,scr2099,avaConv,solar
LV,h6476,0.0,scr2099,avaConv,solar
LV,h6477,0.0,scr2099,avaConv,solar
LV,h6478,0.0,scr2099,avaConv,solar
LV,h6479,0.0,scr2099,avaConv,solar
LV,h6480,0.0,scr2099,avaConv,solar
LV,h6481,0.0,scr2099,avaConv,solar
LV,h6482,0.0,scr2099,avaConv,solar
LV,h6483,0.0,scr2099,avaConv,solar
LV,h6484,0.0,scr2099,avaConv,solar
LV,h6485,0.0,scr2099,avaConv,solar
LV,h6486,0.013830213866943077,scr2099,avaConv,solar
LV,h6487,0.06628405525817141,scr2099,avaConv,solar
LV,h6488,0.16365725200260073,scr2099,avaConv,solar
LV,h6489,0.28888087271767643,scr2099,avaConv,solar
LV,h6490,0.4106020809630673,scr2099,avaConv,solar
LV,h6491,0.5061975760911979,scr2099,avaConv,solar
LV,h6492,0.5662345723272755,scr2099,avaConv,solar
LV,h6493,0.5825077620643535,scr2099,avaConv,solar
LV,h6494,0.5545430643497102,scr2099,avaConv,solar
LV,h6495,0.47033588637362894,scr2099,avaConv,solar
LV,h6496,0.28882510664400357,scr2099,avaConv,solar
LV,h6497,0.12348566533594803,scr2099,avaConv,solar
LV,h6498,0.011739212266849076,scr2099,avaConv,solar
LV,h6499,0.0,scr2099,avaConv,solar
LV,h6500,0.0,scr2099,avaConv,solar
LV,h6501,0.0,scr2099,avaConv,solar
LV,h6502,0.0,scr2099,avaConv,solar
LV,h6503,0.0,scr2099,avaConv,solar
LV,h6504,0.0,scr2099,avaConv,solar
LV,h6505,0.0,scr2099,avaConv,solar
LV,h6506,0.0,scr2099,avaConv,solar
LV,h6507,0.0,scr2099,avaConv,solar
LV,h6508,0.0,scr2099,avaConv,solar
LV,h6509,0.0,scr2099,avaConv,solar
LV,h6510,0.009644162321572412,scr2099,avaConv,solar
LV,h6511,0.042406336037198435,scr2099,avaConv,solar
LV,h6512,0.10046690940974225,scr2099,avaConv,solar
LV,h6513,0.17009414933039327,scr2099,avaConv,solar
LV,h6514,0.24067715184353633,scr2099,avaConv,solar
LV,h6515,0.30662919701794095,scr2099,avaConv,solar
LV,h6516,0.37315163542821417,scr2099,avaConv,solar
LV,h6517,0.42685734996218266,scr2099,avaConv,solar
LV,h6518,0.44097681453245596,scr2099,avaConv,solar
LV,h6519,0.388788198521868,scr2099,avaConv,solar
LV,h6520,0.23709777729047007,scr2099,avaConv,solar
LV,h6521,0.0988457073077238,scr2099,avaConv,solar
LV,h6522,0.007815926449815509,scr2099,avaConv,solar
LV,h6523,0.0,scr2099,avaConv,solar
LV,h6524,0.0,scr2099,avaConv,solar
LV,h6525,0.0,scr2099,avaConv,solar
LV,h6526,0.0,scr2099,avaConv,solar
LV,h6527,0.0,scr2099,avaConv,solar
LV,h6528,0.0,scr2099,avaConv,solar
LV,h6529,0.0,scr2099,avaConv,solar
LV,h6530,0.0,scr2099,avaConv,solar
LV,h6531,0.0,scr2099,avaConv,solar
LV,h6532,0.0,scr2099,avaConv,solar
LV,h6533,0.0,scr2099,avaConv,solar
LV,h6534,0.0050894130433205296,scr2099,avaConv,solar
LV,h6535,0.03090088359884301,scr2099,avaConv,solar
LV,h6536,0.07835251744445096,scr2099,avaConv,solar
LV,h6537,0.12453960470319046,scr2099,avaConv,solar
LV,h6538,0.14211686390030526,scr2099,avaConv,solar
LV,h6539,0.148277260272693,scr2099,avaConv,solar
LV,h6540,0.1564643985668025,scr2099,avaConv,solar
LV,h6541,0.17312399581374235,scr2099,avaConv,solar
LV,h6542,0.17844173486185874,scr2099,avaConv,solar
LV,h6543,0.17287747020667898,scr2099,avaConv,solar
LV,h6544,0.11639215348464835,scr2099,avaConv,solar
LV,h6545,0.056859880661213315,scr2099,avaConv,solar
LV,h6546,0.004891595511003198,scr2099,avaConv,solar
LV,h6547,0.0,scr2099,avaConv,solar
LV,h6548,0.0,scr2099,avaConv,solar
LV,h6549,0.0,scr2099,avaConv,solar
LV,h6550,0.0,scr2099,avaConv,solar
LV,h6551,0.0,scr2099,avaConv,solar
LV,h6552,0.0,scr2099,avaConv,solar
ME,h5809,0.0,scr2099,avaConv,solar
ME,h5810,0.0,scr2099,avaConv,solar
ME,h5811,0.0,scr2099,avaConv,solar
ME,h5812,0.0,scr2099,avaConv,solar
ME,h5813,0.0026598892839422915,scr2099,avaConv,solar
ME,h5814,0.04434982983595297,scr2099,avaConv,solar
ME,h5815,0.1395907279495828,scr2099,avaConv,solar
ME,h5816,0.28540332552092756,scr2099,avaConv,solar
ME,h5817,0.4286557441058472,scr2099,avaConv,solar
ME,h5818,0.5535173203629665,scr2099,avaConv,solar
ME,h5819,0.6462925706877891,scr2099,avaConv,solar
ME,h5820,0.6915593098627142,scr2099,avaConv,solar
ME,h5821,0.6814952584880702,scr2099,avaConv,solar
ME,h5822,0.6160954331280721,scr2099,avaConv,solar
ME,h5823,0.49637077932539647,scr2099,avaConv,solar
ME,h5824,0.315182291564206,scr2099,avaConv,solar
ME,h5825,0.16242004948198174,scr2099,avaConv,solar
ME,h5826,0.0497864404937624,scr2099,avaConv,solar
ME,h5827,0.016040382509876275,scr2099,avaConv,solar
ME,h5828,0.0,scr2099,avaConv,solar
ME,h5829,0.0,scr2099,avaConv,solar
ME,h5830,0.0,scr2099,avaConv,solar
ME,h5831,0.0,scr2099,avaConv,solar
ME,h5832,0.0,scr2099,avaConv,solar
ME,h5833,0.0,scr2099,avaConv,solar
ME,h5834,0.0,scr2099,avaConv,solar
ME,h5835,0.0,scr2099,avaConv,solar
ME,h5836,0.0,scr2099,avaConv,solar
ME,h5837,0.002237305527013235,scr2099,avaConv,solar
ME,h5838,0.042810846785368964,scr2099,avaConv,solar
ME,h5839,0.13668218439045382,scr2099,avaConv,solar
ME,h5840,0.2816464598548727,scr2099,avaConv,solar
ME,h5841,0.4243563199544901,scr2099,avaConv,solar
ME,h5842,0.548538954255657,scr2099,avaConv,solar
ME,h5843,0.6407791699942,scr2099,avaConv,solar
ME,h5844,0.6855479463591918,scr2099,avaConv,solar
ME,h5845,0.675696197809501,scr2099,avaConv,solar
ME,h5846,0.6108855654749027,scr2099,avaConv,solar
ME,h5847,0.49244171776705625,scr2099,avaConv,solar
ME,h5848,0.31240870694591816,scr2099,avaConv,solar
ME,h5849,0.15971352791377763,scr2099,avaConv,solar
ME,h5850,0.04813169337141425,scr2099,avaConv,solar
ME,h5851,0.01504255825396895,scr2099,avaConv,solar
ME,h5852,0.0,scr2099,avaConv,solar
ME,h5853,0.0,scr2099,avaConv,solar
ME,h5854,0.0,scr2099,avaConv,solar
ME,h5855,0.0,scr2099,avaConv,solar
ME,h5856,0.0,scr2099,avaConv,solar
ME,h5857,0.0,scr2099,avaConv,solar
ME,h5858,0.0,scr2099,avaConv,solar
ME,h5859,0.0,scr2099,avaConv,solar
ME,h5860,0.0,scr2099,avaConv,solar
ME,h5861,0.0016621026286828613,scr2099,avaConv,solar
ME,h5862,0.04062056365990861,scr2099,avaConv,solar
ME,h5863,0.13254022385655856,scr2099,avaConv,solar
ME,h5864,0.2763491346478156,scr2099,avaConv,solar
ME,h5865,0.41867155838196685,scr2099,avaConv,solar
ME,h5866,0.5430067554877703,scr2099,avaConv,solar
ME,h5867,0.635588359053796,scr2099,avaConv,solar
ME,h5868,0.6812006014784842,scr2099,avaConv,solar
ME,h5869,0.6719071157451544,scr2099,avaConv,solar
ME,h5870,0.6079471229811385,scr2099,avaConv,solar
ME,h5871,0.49021535516277454,scr2099,avaConv,solar
ME,h5872,0.31058774841707026,scr2099,avaConv,solar
ME,h5873,0.15622904186388653,scr2099,avaConv,solar
ME,h5874,0.045473370861205065,scr2099,avaConv,solar
ME,h5875,0.013219296631289516,scr2099,avaConv,solar
ME,h5876,0.0,scr2099,avaConv,solar
ME,h5877,0.0,scr2099,avaConv,solar
ME,h5878,0.0,scr2099,avaConv,solar
ME,h5879,0.0,scr2099,avaConv,solar
ME,h5880,0.0,scr2099,avaConv,solar
ME,h5881,0.0,scr2099,avaConv,solar
ME,h5882,0.0,scr2099,avaConv,solar
ME,h5883,0.0,scr2099,avaConv,solar
ME,h5884,0.0,scr2099,avaConv,solar
ME,h5885,0.0011447345002240557,scr2099,avaConv,solar
ME,h5886,0.03950837328279437,scr2099,avaConv,solar
ME,h5887,0.13237583567151268,scr2099,avaConv,solar
ME,h5888,0.2805584320144517,scr2099,avaConv,solar
ME,h5889,0.4295460280235469,scr2099,avaConv,solar
ME,h5890,0.560244536130801,scr2099,avaConv,solar
ME,h5891,0.6575117030967745,scr2099,avaConv,solar
ME,h5892,0.7049607860592768,scr2099,avaConv,solar
ME,h5893,0.6954594000621238,scr2099,avaConv,solar
ME,h5894,0.6292956614350058,scr2099,avaConv,solar
ME,h5895,0.5077153183191139,scr2099,avaConv,solar
ME,h5896,0.3222117772061627,scr2099,avaConv,solar
ME,h5897,0.16281587174944678,scr2099,avaConv,solar
ME,h5898,0.047838770608326926,scr2099,avaConv,solar
ME,h5899,0.014040321058270288,scr2099,avaConv,solar
ME,h5900,0.0,scr2099,avaConv,solar
ME,h5901,0.0,scr2099,avaConv,solar
ME,h5902,0.0,scr2099,avaConv,solar
ME,h5903,0.0,scr2099,avaConv,solar
ME,h5904,0.0,scr2099,avaConv,solar
ME,h5905,0.0,scr2099,avaConv,solar
ME,h5906,0.0,scr2099,avaConv,solar
ME,h5907,0.0,scr2099,avaConv,solar
ME,h5908,0.0,scr2099,avaConv,solar
ME,h5909,0.0009260904273725017,scr2099,avaConv,solar
ME,h5910,0.03938625119604108,scr2099,avaConv,solar
ME,h5911,0.13273785085232534,scr2099,avaConv,solar
ME,h5912,0.2818608675201262,scr2099,avaConv,solar
ME,h5913,0.4309114919973804,scr2099,avaConv,solar
ME,h5914,0.5616154368482987,scr2099,avaConv,solar
ME,h5915,0.6590556486392242,scr2099,avaConv,solar
ME,h5916,0.7071473400222814,scr2099,avaConv,solar
ME,h5917,0.6979868874077825,scr2099,avaConv,solar
ME,h5918,0.6320344045554123,scr2099,avaConv,solar
ME,h5919,0.5104378382878926,scr2099,avaConv,solar
ME,h5920,0.324114370373617,scr2099,avaConv,solar
ME,h5921,0.1626083666032929,scr2099,avaConv,solar
ME,h5922,0.04694816316223334,scr2099,avaConv,solar
ME,h5923,0.013163735494851872,scr2099,avaConv,solar
ME,h5924,0.0,scr2099,avaConv,solar
ME,h5925,0.0,scr2099,avaConv,solar
ME,h5926,0.0,scr2099,avaConv,solar
ME,h5927,0.0,scr2099,avaConv,solar
ME,h5928,0.0,scr2099,avaConv,solar
ME,h5929,0.0,scr2099,avaConv,solar
ME,h5930,0.0,scr2099,avaConv,solar
ME,h5931,0.0,scr2099,avaConv,solar
ME,h5932,0.0,scr2099,avaConv,solar
ME,h5933,0.0006624252229439209,scr2099,avaConv,solar
ME,h5934,0.038422023427622805,scr2099,avaConv,solar
ME,h5935,0.13131630071745692,scr2099,avaConv,solar
ME,h5936,0.28064766887646475,scr2099,avaConv,solar
ME,h5937,0.4301550579408808,scr2099,avaConv,solar
ME,h5938,0.5611327372425899,scr2099,avaConv,solar
ME,h5939,0.6586328450550186,scr2099,avaConv,solar
ME,h5940,0.7068229924060464,scr2099,avaConv,solar
ME,h5941,0.6978821387985976,scr2099,avaConv,solar
ME,h5942,0.6322268104551464,scr2099,avaConv,solar
ME,h5943,0.511134594008453,scr2099,avaConv,solar
ME,h5944,0.3246691168160499,scr2099,avaConv,solar
ME,h5945,0.16192927679968921,scr2099,avaConv,solar
ME,h5946,0.046066751717379464,scr2099,avaConv,solar
ME,h5947,0.012386034748537993,scr2099,avaConv,solar
ME,h5948,0.0,scr2099,avaConv,solar
ME,h5949,0.0,scr2099,avaConv,solar
ME,h5950,0.0,scr2099,avaConv,solar
ME,h5951,0.0,scr2099,avaConv,solar
ME,h5952,0.0,scr2099,avaConv,solar
ME,h5953,0.0,scr2099,avaConv,solar
ME,h5954,0.0,scr2099,avaConv,solar
ME,h5955,0.0,scr2099,avaConv,solar
ME,h5956,0.0,scr2099,avaConv,solar
ME,h5957,0.0004664754858428613,scr2099,avaConv,solar
ME,h5958,0.03775134309228603,scr2099,avaConv,solar
ME,h5959,0.13064872487674548,scr2099,avaConv,solar
ME,h5960,0.2809966962320122,scr2099,avaConv,solar
ME,h5961,0.4319596516372306,scr2099,avaConv,solar
ME,h5962,0.5636394591580428,scr2099,avaConv,solar
ME,h5963,0.661339929017699,scr2099,avaConv,solar
ME,h5964,0.7099026629322209,scr2099,avaConv,solar
ME,h5965,0.7015493132403915,scr2099,avaConv,solar
ME,h5966,0.6366087783967654,scr2099,avaConv,solar
ME,h5967,0.5155013270251105,scr2099,avaConv,solar
ME,h5968,0.3279929231494442,scr2099,avaConv,solar
ME,h5969,0.1626822479053275,scr2099,avaConv,solar
ME,h5970,0.04564843175686926,scr2099,avaConv,solar
ME,h5971,0.01172451239600312,scr2099,avaConv,solar
ME,h5972,0.0,scr2099,avaConv,solar
ME,h5973,0.0,scr2099,avaConv,solar
ME,h5974,0.0,scr2099,avaConv,solar
ME,h5975,0.0,scr2099,avaConv,solar
ME,h5976,0.0,scr2099,avaConv,solar
ME,h5977,0.0,scr2099,avaConv,solar
ME,h5978,0.0,scr2099,avaConv,solar
ME,h5979,0.0,scr2099,avaConv,solar
ME,h5980,0.0,scr2099,avaConv,solar
ME,h5981,0.0002793505893012484,scr2099,avaConv,solar
ME,h5982,0.03641205412511545,scr2099,avaConv,solar
ME,h5983,0.12795475026025288,scr2099,avaConv,solar
ME,h5984,0.27702691548250047,scr2099,avaConv,solar
ME,h5985,0.4275960770490778,scr2099,avaConv,solar
ME,h5986,0.5590819823233979,scr2099,avaConv,solar
ME,h5987,0.6570481830153964,scr2099,avaConv,solar
ME,h5988,0.7063274965088007,scr2099,avaConv,solar
ME,h5989,0.6989632882385489,scr2099,avaConv,solar
ME,h5990,0.6349833906665124,scr2099,avaConv,solar
ME,h5991,0.5148398658028819,scr2099,avaConv,solar
ME,h5992,0.32777480846654883,scr2099,avaConv,solar
ME,h5993,0.1636659265315675,scr2099,avaConv,solar
ME,h5994,0.04643711096498157,scr2099,avaConv,solar
ME,h5995,0.012400599177262833,scr2099,avaConv,solar
ME,h5996,0.0,scr2099,avaConv,solar
ME,h5997,0.0,scr2099,avaConv,solar
ME,h5998,0.0,scr2099,avaConv,solar
ME,h5999,0.0,scr2099,avaConv,solar
ME,h6000,0.0,scr2099,avaConv,solar
ME,h6001,0.0,scr2099,avaConv,solar
ME,h6002,0.0,scr2099,avaConv,solar
ME,h6003,0.0,scr2099,avaConv,solar
ME,h6004,0.0,scr2099,avaConv,solar
ME,h6005,0.00018724269391464762,scr2099,avaConv,solar
ME,h6006,0.03502455546500245,scr2099,avaConv,solar
ME,h6007,0.12452299452813452,scr2099,avaConv,solar
ME,h6008,0.27072068198101784,scr2099,avaConv,solar
ME,h6009,0.4191417235001727,scr2099,avaConv,solar
ME,h6010,0.5488110634864493,scr2099,avaConv,solar
ME,h6011,0.645733141788752,scr2099,avaConv,solar
ME,h6012,0.6948208646237702,scr2099,avaConv,solar
ME,h6013,0.6882968869103863,scr2099,avaConv,solar
ME,h6014,0.6258039781884601,scr2099,avaConv,solar
ME,h6015,0.5082111979697077,scr2099,avaConv,solar
ME,h6016,0.3236533900462396,scr2099,avaConv,solar
ME,h6017,0.15817468986977912,scr2099,avaConv,solar
ME,h6018,0.042710054240178555,scr2099,avaConv,solar
ME,h6019,0.009637509683850635,scr2099,avaConv,solar
ME,h6020,0.0,scr2099,avaConv,solar
ME,h6021,0.0,scr2099,avaConv,solar
ME,h6022,0.0,scr2099,avaConv,solar
ME,h6023,0.0,scr2099,avaConv,solar
ME,h6024,0.0,scr2099,avaConv,solar
ME,h6025,0.0,scr2099,avaConv,solar
ME,h6026,0.0,scr2099,avaConv,solar
ME,h6027,0.0,scr2099,avaConv,solar
ME,h6028,0.0,scr2099,avaConv,solar
ME,h6029,0.0,scr2099,avaConv,solar
ME,h6030,0.03302165695043113,scr2099,avaConv,solar
ME,h6031,0.1198018362651615,scr2099,avaConv,solar
ME,h6032,0.26330919569732797,scr2099,avaConv,solar
ME,h6033,0.4107199493537368,scr2099,avaConv,solar
ME,h6034,0.5395487546270964,scr2099,avaConv,solar
ME,h6035,0.6360723886183371,scr2099,avaConv,solar
ME,h6036,0.6860550847629429,scr2099,avaConv,solar
ME,h6037,0.6814152331624506,scr2099,avaConv,solar
ME,h6038,0.6205811783110987,scr2099,avaConv,solar
ME,h6039,0.5046717339672822,scr2099,avaConv,solar
ME,h6040,0.3213938016923031,scr2099,avaConv,solar
ME,h6041,0.1556711908885767,scr2099,avaConv,solar
ME,h6042,0.041052057469803775,scr2099,avaConv,solar
ME,h6043,0.008522052073746128,scr2099,avaConv,solar
ME,h6044,0.0,scr2099,avaConv,solar
ME,h6045,0.0,scr2099,avaConv,solar
ME,h6046,0.0,scr2099,avaConv,solar
ME,h6047,0.0,scr2099,avaConv,solar
ME,h6048,0.0,scr2099,avaConv,solar
ME,h6049,0.0,scr2099,avaConv,solar
ME,h6050,0.0,scr2099,avaConv,solar
ME,h6051,0.0,scr2099,avaConv,solar
ME,h6052,0.0,scr2099,avaConv,solar
ME,h6053,0.0,scr2099,avaConv,solar
ME,h6054,0.030128817843129714,scr2099,avaConv,solar
ME,h6055,0.11253928236767698,scr2099,avaConv,solar
ME,h6056,0.2513959634574859,scr2099,avaConv,solar
ME,h6057,0.39833274905745303,scr2099,avaConv,solar
ME,h6058,0.5275435616519921,scr2099,avaConv,solar
ME,h6059,0.6252789493047657,scr2099,avaConv,solar
ME,h6060,0.6755689178662432,scr2099,avaConv,solar
ME,h6061,0.6721298496441573,scr2099,avaConv,solar
ME,h6062,0.6117929957302167,scr2099,avaConv,solar
ME,h6063,0.4977212807497567,scr2099,avaConv,solar
ME,h6064,0.31677895716452875,scr2099,avaConv,solar
ME,h6065,0.15280875669364186,scr2099,avaConv,solar
ME,h6066,0.03980859249341638,scr2099,avaConv,solar
ME,h6067,0.007863188586409905,scr2099,avaConv,solar
ME,h6068,0.0,scr2099,avaConv,solar
ME,h6069,0.0,scr2099,avaConv,solar
ME,h6070,0.0,scr2099,avaConv,solar
ME,h6071,0.0,scr2099,avaConv,solar
ME,h6072,0.0,scr2099,avaConv,solar
ME,h6073,0.0,scr2099,avaConv,solar
ME,h6074,0.0,scr2099,avaConv,solar
ME,h6075,0.0,scr2099,avaConv,solar
ME,h6076,0.0,scr2099,avaConv,solar
ME,h6077,0.0,scr2099,avaConv,solar
ME,h6078,0.03143806839745394,scr2099,avaConv,solar
ME,h6079,0.11767884225882932,scr2099,avaConv,solar
ME,h6080,0.262111566631701,scr2099,avaConv,solar
ME,h6081,0.41365041422969134,scr2099,avaConv,solar
ME,h6082,0.5457953337521134,scr2099,avaConv,solar
ME,h6083,0.6446304518891288,scr2099,avaConv,solar
ME,h6084,0.6951187784981978,scr2099,avaConv,solar
ME,h6085,0.6900727866518731,scr2099,avaConv,solar
ME,h6086,0.6279665646574281,scr2099,avaConv,solar
ME,h6087,0.511060730176876,scr2099,avaConv,solar
ME,h6088,0.326492129155968,scr2099,avaConv,solar
ME,h6089,0.15714384629756867,scr2099,avaConv,solar
ME,h6090,0.040848295405454045,scr2099,avaConv,solar
ME,h6091,0.0074617426482487675,scr2099,avaConv,solar
ME,h6092,0.0,scr2099,avaConv,solar
ME,h6093,0.0,scr2099,avaConv,solar
ME,h6094,0.0,scr2099,avaConv,solar
ME,h6095,0.0,scr2099,avaConv,solar
ME,h6096,0.0,scr2099,avaConv,solar
ME,h6097,0.0,scr2099,avaConv,solar
ME,h6098,0.0,scr2099,avaConv,solar
ME,h6099,0.0,scr2099,avaConv,solar
ME,h6100,0.0,scr2099,avaConv,solar
ME,h6101,0.0,scr2099,avaConv,solar
ME,h6102,0.030362554527604623,scr2099,avaConv,solar
ME,h6103,0.11510195423106047,scr2099,avaConv,solar
ME,h6104,0.2578006184607111,scr2099,avaConv,solar
ME,h6105,0.40899854892208487,scr2099,avaConv,solar
ME,h6106,0.540814348277966,scr2099,avaConv,solar
ME,h6107,0.6398277076962703,scr2099,avaConv,solar
ME,h6108,0.6912442135310557,scr2099,avaConv,solar
ME,h6109,0.6879599387511054,scr2099,avaConv,solar
ME,h6110,0.627704049276473,scr2099,avaConv,solar
ME,h6111,0.5120777234875916,scr2099,avaConv,solar
ME,h6112,0.32803807415345065,scr2099,avaConv,solar
ME,h6113,0.15710090833075907,scr2099,avaConv,solar
ME,h6114,0.04037319690970586,scr2099,avaConv,solar
ME,h6115,0.00673946509603302,scr2099,avaConv,solar
ME,h6116,0.0,scr2099,avaConv,solar
ME,h6117,0.0,scr2099,avaConv,solar
ME,h6118,0.0,scr2099,avaConv,solar
ME,h6119,0.0,scr2099,avaConv,solar
ME,h6120,0.0,scr2099,avaConv,solar
ME,h6121,0.0,scr2099,avaConv,solar
ME,h6122,0.0,scr2099,avaConv,solar
ME,h6123,0.0,scr2099,avaConv,solar
ME,h6124,0.0,scr2099,avaConv,solar
ME,h6125,0.0,scr2099,avaConv,solar
ME,h6126,0.029584371913759767,scr2099,avaConv,solar
ME,h6127,0.11396316210820168,scr2099,avaConv,solar
ME,h6128,0.2572675354394022,scr2099,avaConv,solar
ME,h6129,0.41126692240530893,scr2099,avaConv,solar
ME,h6130,0.5464378333476337,scr2099,avaConv,solar
ME,h6131,0.6482641371865016,scr2099,avaConv,solar
ME,h6132,0.7016359175524931,scr2099,avaConv,solar
ME,h6133,0.6988760470978401,scr2099,avaConv,solar
ME,h6134,0.6381635803128205,scr2099,avaConv,solar
ME,h6135,0.5214037112082471,scr2099,avaConv,solar
ME,h6136,0.335079538849002,scr2099,avaConv,solar
ME,h6137,0.16035229582849572,scr2099,avaConv,solar
ME,h6138,0.04111854043521924,scr2099,avaConv,solar
ME,h6139,0.006393593959460485,scr2099,avaConv,solar
ME,h6140,0.0,scr2099,avaConv,solar
ME,h6141,0.0,scr2099,avaConv,solar
ME,h6142,0.0,scr2099,avaConv,solar
ME,h6143,0.0,scr2099,avaConv,solar
ME,h6144,0.0,scr2099,avaConv,solar
ME,h6145,0.0,scr2099,avaConv,solar
ME,h6146,0.0,scr2099,avaConv,solar
ME,h6147,0.0,scr2099,avaConv,solar
ME,h6148,0.0,scr2099,avaConv,solar
ME,h6149,0.0,scr2099,avaConv,solar
ME,h6150,0.028643299846189033,scr2099,avaConv,solar
ME,h6151,0.1120462877736365,scr2099,avaConv,solar
ME,h6152,0.25448115731262555,scr2099,avaConv,solar
ME,h6153,0.40914561652203557,scr2099,avaConv,solar
ME,h6154,0.5444412765706761,scr2099,avaConv,solar
ME,h6155,0.6466331827011738,scr2099,avaConv,solar
ME,h6156,0.6996913206047113,scr2099,avaConv,solar
ME,h6157,0.6974323977002408,scr2099,avaConv,solar
ME,h6158,0.6367594558593204,scr2099,avaConv,solar
ME,h6159,0.5209924860850512,scr2099,avaConv,solar
ME,h6160,0.33543243584862553,scr2099,avaConv,solar
ME,h6161,0.1598575420665527,scr2099,avaConv,solar
ME,h6162,0.040564021206926024,scr2099,avaConv,solar
ME,h6163,0.005669724999096998,scr2099,avaConv,solar
ME,h6164,0.0,scr2099,avaConv,solar
ME,h6165,0.0,scr2099,avaConv,solar
ME,h6166,0.0,scr2099,avaConv,solar
ME,h6167,0.0,scr2099,avaConv,solar
ME,h6168,0.0,scr2099,avaConv,solar
ME,h6169,0.0,scr2099,avaConv,solar
ME,h6170,0.0,scr2099,avaConv,solar
ME,h6171,0.0,scr2099,avaConv,solar
ME,h6172,0.0,scr2099,avaConv,solar
ME,h6173,0.0,scr2099,avaConv,solar
ME,h6174,0.024207803190076486,scr2099,avaConv,solar
ME,h6175,0.0989765428324118,scr2099,avaConv,solar
ME,h6176,0.22886458054305617,scr2099,avaConv,solar
ME,h6177,0.3748775109853793,scr2099,avaConv,solar
ME,h6178,0.5036095982907162,scr2099,avaConv,solar
ME,h6179,0.6004804192540467,scr2099,avaConv,solar
ME,h6180,0.640289360131394,scr2099,avaConv,solar
ME,h6181,0.6366958302787803,scr2099,avaConv,solar
ME,h6182,0.5632245917564938,scr2099,avaConv,solar
ME,h6183,0.44840410998383895,scr2099,avaConv,solar
ME,h6184,0.2722197122651722,scr2099,avaConv,solar
ME,h6185,0.12270166224895793,scr2099,avaConv,solar
ME,h6186,0.02875735459654615,scr2099,avaConv,solar
ME,h6187,0.0023714086290165443,scr2099,avaConv,solar
ME,h6188,0.0,scr2099,avaConv,solar
ME,h6189,0.0,scr2099,avaConv,solar
ME,h6190,0.0,scr2099,avaConv,solar
ME,h6191,0.0,scr2099,avaConv,solar
ME,h6192,0.0,scr2099,avaConv,solar
ME,h6193,0.0,scr2099,avaConv,solar
ME,h6194,0.0,scr2099,avaConv,solar
ME,h6195,0.0,scr2099,avaConv,solar
ME,h6196,0.0,scr2099,avaConv,solar
ME,h6197,0.0,scr2099,avaConv,solar
ME,h6198,0.008591728784063455,scr2099,avaConv,solar
ME,h6199,0.05485263988049448,scr2099,avaConv,solar
ME,h6200,0.15336904101532423,scr2099,avaConv,solar
ME,h6201,0.27163649665285566,scr2099,avaConv,solar
ME,h6202,0.3752377713324462,scr2099,avaConv,solar
ME,h6203,0.4627177848597757,scr2099,avaConv,solar
ME,h6204,0.5425829734102415,scr2099,avaConv,solar
ME,h6205,0.5969881547715888,scr2099,avaConv,solar
ME,h6206,0.5942517952664801,scr2099,avaConv,solar
ME,h6207,0.5179672749324153,scr2099,avaConv,solar
ME,h6208,0.347166252331531,scr2099,avaConv,solar
ME,h6209,0.1657823807457273,scr2099,avaConv,solar
ME,h6210,0.04145881540911443,scr2099,avaConv,solar
ME,h6211,0.004637650139914908,scr2099,avaConv,solar
ME,h6212,0.0,scr2099,avaConv,solar
ME,h6213,0.0,scr2099,avaConv,solar
ME,h6214,0.0,scr2099,avaConv,solar
ME,h6215,0.0,scr2099,avaConv,solar
ME,h6216,0.0,scr2099,avaConv,solar
ME,h6217,0.0,scr2099,avaConv,solar
ME,h6218,0.0,scr2099,avaConv,solar
ME,h6219,0.0,scr2099,avaConv,solar
ME,h6220,0.0,scr2099,avaConv,solar
ME,h6221,0.0,scr2099,avaConv,solar
ME,h6222,0.026319623167241537,scr2099,avaConv,solar
ME,h6223,0.10866025800074229,scr2099,avaConv,solar
ME,h6224,0.2525455122837449,scr2099,avaConv,solar
ME,h6225,0.41532173252925514,scr2099,avaConv,solar
ME,h6226,0.5586174574293296,scr2099,avaConv,solar
ME,h6227,0.6676029738469008,scr2099,avaConv,solar
ME,h6228,0.7246320073387369,scr2099,avaConv,solar
ME,h6229,0.7238420209502713,scr2099,avaConv,solar
ME,h6230,0.661825647486652,scr2099,avaConv,solar
ME,h6231,0.5430270414295012,scr2099,avaConv,solar
ME,h6232,0.3518648220037814,scr2099,avaConv,solar
ME,h6233,0.16624471497322518,scr2099,avaConv,solar
ME,h6234,0.04131779032337256,scr2099,avaConv,solar
ME,h6235,0.004167427575364252,scr2099,avaConv,solar
ME,h6236,0.0,scr2099,avaConv,solar
ME,h6237,0.0,scr2099,avaConv,solar
ME,h6238,0.0,scr2099,avaConv,solar
ME,h6239,0.0,scr2099,avaConv,solar
ME,h6240,0.0,scr2099,avaConv,solar
ME,h6241,0.0,scr2099,avaConv,solar
ME,h6242,0.0,scr2099,avaConv,solar
ME,h6243,0.0,scr2099,avaConv,solar
ME,h6244,0.0,scr2099,avaConv,solar
ME,h6245,0.0,scr2099,avaConv,solar
ME,h6246,0.02550094271612773,scr2099,avaConv,solar
ME,h6247,0.10621885040775386,scr2099,avaConv,solar
ME,h6248,0.2473140169457666,scr2099,avaConv,solar
ME,h6249,0.40749703102847756,scr2099,avaConv,solar
ME,h6250,0.5481679871296545,scr2099,avaConv,solar
ME,h6251,0.6550956165705235,scr2099,avaConv,solar
ME,h6252,0.7113529471162469,scr2099,avaConv,solar
ME,h6253,0.7114762978315211,scr2099,avaConv,solar
ME,h6254,0.652240902991424,scr2099,avaConv,solar
ME,h6255,0.5370808707692676,scr2099,avaConv,solar
ME,h6256,0.34938074740845243,scr2099,avaConv,solar
ME,h6257,0.16459914052353308,scr2099,avaConv,solar
ME,h6258,0.04047145498637628,scr2099,avaConv,solar
ME,h6259,0.003484769807905478,scr2099,avaConv,solar
ME,h6260,0.0,scr2099,avaConv,solar
ME,h6261,0.0,scr2099,avaConv,solar
ME,h6262,0.0,scr2099,avaConv,solar
ME,h6263,0.0,scr2099,avaConv,solar
ME,h6264,0.0,scr2099,avaConv,solar
ME,h6265,0.0,scr2099,avaConv,solar
ME,h6266,0.0,scr2099,avaConv,solar
ME,h6267,0.0,scr2099,avaConv,solar
ME,h6268,0.0,scr2099,avaConv,solar
ME,h6269,0.0,scr2099,avaConv,solar
ME,h6270,0.024594121640938476,scr2099,avaConv,solar
ME,h6271,0.10428843802328255,scr2099,avaConv,solar
ME,h6272,0.24471912285785477,scr2099,avaConv,solar
ME,h6273,0.4059598459683248,scr2099,avaConv,solar
ME,h6274,0.5480524100669864,scr2099,avaConv,solar
ME,h6275,0.6562397508853438,scr2099,avaConv,solar
ME,h6276,0.7135257530660184,scr2099,avaConv,solar
ME,h6277,0.7143031927000687,scr2099,avaConv,solar
ME,h6278,0.6555662201412991,scr2099,avaConv,solar
ME,h6279,0.5405336540426057,scr2099,avaConv,solar
ME,h6280,0.3565758459447912,scr2099,avaConv,solar
ME,h6281,0.16916861144753093,scr2099,avaConv,solar
ME,h6282,0.04350071829161598,scr2099,avaConv,solar
ME,h6283,0.002924725176045723,scr2099,avaConv,solar
ME,h6284,0.0,scr2099,avaConv,solar
ME,h6285,0.0,scr2099,avaConv,solar
ME,h6286,0.0,scr2099,avaConv,solar
ME,h6287,0.0,scr2099,avaConv,solar
ME,h6288,0.0,scr2099,avaConv,solar
ME,h6289,0.0,scr2099,avaConv,solar
ME,h6290,0.0,scr2099,avaConv,solar
ME,h6291,0.0,scr2099,avaConv,solar
ME,h6292,0.0,scr2099,avaConv,solar
ME,h6293,0.0,scr2099,avaConv,solar
ME,h6294,0.02467800436735314,scr2099,avaConv,solar
ME,h6295,0.10592914434626131,scr2099,avaConv,solar
ME,h6296,0.24964423943034106,scr2099,avaConv,solar
ME,h6297,0.4159355115250562,scr2099,avaConv,solar
ME,h6298,0.5622445743600682,scr2099,avaConv,solar
ME,h6299,0.6736252215731269,scr2099,avaConv,solar
ME,h6300,0.7319270443150362,scr2099,avaConv,solar
ME,h6301,0.7319852284286718,scr2099,avaConv,solar
ME,h6302,0.6706594603918943,scr2099,avaConv,solar
ME,h6303,0.5532894326005532,scr2099,avaConv,solar
ME,h6304,0.3653211141772146,scr2099,avaConv,solar
ME,h6305,0.17320095055139095,scr2099,avaConv,solar
ME,h6306,0.044088506066434344,scr2099,avaConv,solar
ME,h6307,0.002575015454388936,scr2099,avaConv,solar
ME,h6308,0.0,scr2099,avaConv,solar
ME,h6309,0.0,scr2099,avaConv,solar
ME,h6310,0.0,scr2099,avaConv,solar
ME,h6311,0.0,scr2099,avaConv,solar
ME,h6312,0.0,scr2099,avaConv,solar
ME,h6313,0.0,scr2099,avaConv,solar
ME,h6314,0.0,scr2099,avaConv,solar
ME,h6315,0.0,scr2099,avaConv,solar
ME,h6316,0.0,scr2099,avaConv,solar
ME,h6317,0.0,scr2099,avaConv,solar
ME,h6318,0.02379081487941601,scr2099,avaConv,solar
ME,h6319,0.10342318160663852,scr2099,avaConv,solar
ME,h6320,0.24448416712932183,scr2099,avaConv,solar
ME,h6321,0.4082422786767705,scr2099,avaConv,solar
ME,h6322,0.5522699856724153,scr2099,avaConv,solar
ME,h6323,0.6617645736583091,scr2099,avaConv,solar
ME,h6324,0.7196762538281527,scr2099,avaConv,solar
ME,h6325,0.7202140747933913,scr2099,avaConv,solar
ME,h6326,0.6610836212019795,scr2099,avaConv,solar
ME,h6327,0.5455647772840042,scr2099,avaConv,solar
ME,h6328,0.3601887474559368,scr2099,avaConv,solar
ME,h6329,0.16929364123525506,scr2099,avaConv,solar
ME,h6330,0.04240665059006169,scr2099,avaConv,solar
ME,h6331,0.0018997403614510336,scr2099,avaConv,solar
ME,h6332,0.0,scr2099,avaConv,solar
ME,h6333,0.0,scr2099,avaConv,solar
ME,h6334,0.0,scr2099,avaConv,solar
ME,h6335,0.0,scr2099,avaConv,solar
ME,h6336,0.0,scr2099,avaConv,solar
ME,h6337,0.0,scr2099,avaConv,solar
ME,h6338,0.0,scr2099,avaConv,solar
ME,h6339,0.0,scr2099,avaConv,solar
ME,h6340,0.0,scr2099,avaConv,solar
ME,h6341,0.0,scr2099,avaConv,solar
ME,h6342,0.022248452731219368,scr2099,avaConv,solar
ME,h6343,0.09928034848963198,scr2099,avaConv,solar
ME,h6344,0.23690188136920012,scr2099,avaConv,solar
ME,h6345,0.3989964094283845,scr2099,avaConv,solar
ME,h6346,0.5424688471846653,scr2099,avaConv,solar
ME,h6347,0.6531628738100521,scr2099,avaConv,solar
ME,h6348,0.7134821423596083,scr2099,avaConv,solar
ME,h6349,0.7173133223974655,scr2099,avaConv,solar
ME,h6350,0.6611010037736178,scr2099,avaConv,solar
ME,h6351,0.5485128206849238,scr2099,avaConv,solar
ME,h6352,0.36229182631052786,scr2099,avaConv,solar
ME,h6353,0.1698235748168301,scr2099,avaConv,solar
ME,h6354,0.0414953656928463,scr2099,avaConv,solar
ME,h6355,0.0015651118718750404,scr2099,avaConv,solar
ME,h6356,0.0,scr2099,avaConv,solar
ME,h6357,0.0,scr2099,avaConv,solar
ME,h6358,0.0,scr2099,avaConv,solar
ME,h6359,0.0,scr2099,avaConv,solar
ME,h6360,0.0,scr2099,avaConv,solar
ME,h6361,0.0,scr2099,avaConv,solar
ME,h6362,0.0,scr2099,avaConv,solar
ME,h6363,0.0,scr2099,avaConv,solar
ME,h6364,0.0,scr2099,avaConv,solar
ME,h6365,0.0,scr2099,avaConv,solar
ME,h6366,0.021696694363409357,scr2099,avaConv,solar
ME,h6367,0.09848441949138952,scr2099,avaConv,solar
ME,h6368,0.2362349140594404,scr2099,avaConv,solar
ME,h6369,0.39936645251874964,scr2099,avaConv,solar
ME,h6370,0.5438165478686598,scr2099,avaConv,solar
ME,h6371,0.6548558060222761,scr2099,avaConv,solar
ME,h6372,0.7154955318190017,scr2099,avaConv,solar
ME,h6373,0.7192929638827074,scr2099,avaConv,solar
ME,h6374,0.6633974894225754,scr2099,avaConv,solar
ME,h6375,0.5515753700131555,scr2099,avaConv,solar
ME,h6376,0.3633406202871458,scr2099,avaConv,solar
ME,h6377,0.1691720018525902,scr2099,avaConv,solar
ME,h6378,0.03992070795968152,scr2099,avaConv,solar
ME,h6379,0.0010991720495239583,scr2099,avaConv,solar
ME,h6380,0.0,scr2099,avaConv,solar
ME,h6381,0.0,scr2099,avaConv,solar
ME,h6382,0.0,scr2099,avaConv,solar
ME,h6383,0.0,scr2099,avaConv,solar
ME,h6384,0.0,scr2099,avaConv,solar
ME,h6385,0.0,scr2099,avaConv,solar
ME,h6386,0.0,scr2099,avaConv,solar
ME,h6387,0.0,scr2099,avaConv,solar
ME,h6388,0.0,scr2099,avaConv,solar
ME,h6389,0.0,scr2099,avaConv,solar
ME,h6390,0.02026367574719693,scr2099,avaConv,solar
ME,h6391,0.094776958383884,scr2099,avaConv,solar
ME,h6392,0.22963760964016336,scr2099,avaConv,solar
ME,h6393,0.39133003495507435,scr2099,avaConv,solar
ME,h6394,0.534349771531118,scr2099,avaConv,solar
ME,h6395,0.6442166089409783,scr2099,avaConv,solar
ME,h6396,0.7048230737406176,scr2099,avaConv,solar
ME,h6397,0.7095540289174429,scr2099,avaConv,solar
ME,h6398,0.6554226720499193,scr2099,avaConv,solar
ME,h6399,0.5462075228765588,scr2099,avaConv,solar
ME,h6400,0.3586532342556129,scr2099,avaConv,solar
ME,h6401,0.1658310308694666,scr2099,avaConv,solar
ME,h6402,0.03761099988480626,scr2099,avaConv,solar
ME,h6403,0.0006586416065451951,scr2099,avaConv,solar
ME,h6404,0.0,scr2099,avaConv,solar
ME,h6405,0.0,scr2099,avaConv,solar
ME,h6406,0.0,scr2099,avaConv,solar
ME,h6407,0.0,scr2099,avaConv,solar
ME,h6408,0.0,scr2099,avaConv,solar
ME,h6409,0.0,scr2099,avaConv,solar
ME,h6410,0.0,scr2099,avaConv,solar
ME,h6411,0.0,scr2099,avaConv,solar
ME,h6412,0.0,scr2099,avaConv,solar
ME,h6413,0.0,scr2099,avaConv,solar
ME,h6414,0.01970143794368136,scr2099,avaConv,solar
ME,h6415,0.09407604852141178,scr2099,avaConv,solar
ME,h6416,0.2293676539434975,scr2099,avaConv,solar
ME,h6417,0.3932566670445337,scr2099,avaConv,solar
ME,h6418,0.5385739691281015,scr2099,avaConv,solar
ME,h6419,0.6508873383920882,scr2099,avaConv,solar
ME,h6420,0.7129861089614548,scr2099,avaConv,solar
ME,h6421,0.7183096614314698,scr2099,avaConv,solar
ME,h6422,0.6637924068294644,scr2099,avaConv,solar
ME,h6423,0.5549471810406458,scr2099,avaConv,solar
ME,h6424,0.3644259010104054,scr2099,avaConv,solar
ME,h6425,0.16842253126055684,scr2099,avaConv,solar
ME,h6426,0.03732942531547993,scr2099,avaConv,solar
ME,h6427,0.0004440723464941787,scr2099,avaConv,solar
ME,h6428,0.0,scr2099,avaConv,solar
ME,h6429,0.0,scr2099,avaConv,solar
ME,h6430,0.0,scr2099,avaConv,solar
ME,h6431,0.0,scr2099,avaConv,solar
ME,h6432,0.0,scr2099,avaConv,solar
ME,h6433,0.0,scr2099,avaConv,solar
ME,h6434,0.0,scr2099,avaConv,solar
ME,h6435,0.0,scr2099,avaConv,solar
ME,h6436,0.0,scr2099,avaConv,solar
ME,h6437,0.0,scr2099,avaConv,solar
ME,h6438,0.01927606459138783,scr2099,avaConv,solar
ME,h6439,0.09380454591694916,scr2099,avaConv,solar
ME,h6440,0.2300275876680553,scr2099,avaConv,solar
ME,h6441,0.39610999302269034,scr2099,avaConv,solar
ME,h6442,0.5426306700789509,scr2099,avaConv,solar
ME,h6443,0.6552255459953231,scr2099,avaConv,solar
ME,h6444,0.7170259177482492,scr2099,avaConv,solar
ME,h6445,0.722128632500317,scr2099,avaConv,solar
ME,h6446,0.667552204459335,scr2099,avaConv,solar
ME,h6447,0.5591930442898062,scr2099,avaConv,solar
ME,h6448,0.3661655183187796,scr2099,avaConv,solar
ME,h6449,0.16848178947198478,scr2099,avaConv,solar
ME,h6450,0.03606877431864555,scr2099,avaConv,solar
ME,h6451,0.00023163848331345034,scr2099,avaConv,solar
ME,h6452,0.0,scr2099,avaConv,solar
ME,h6453,0.0,scr2099,avaConv,solar
ME,h6454,0.0,scr2099,avaConv,solar
ME,h6455,0.0,scr2099,avaConv,solar
ME,h6456,0.0,scr2099,avaConv,solar
ME,h6457,0.0,scr2099,avaConv,solar
ME,h6458,0.0,scr2099,avaConv,solar
ME,h6459,0.0,scr2099,avaConv,solar
ME,h6460,0.0,scr2099,avaConv,solar
ME,h6461,0.0,scr2099,avaConv,solar
ME,h6462,0.01779763992795877,scr2099,avaConv,solar
ME,h6463,0.08942705426155964,scr2099,avaConv,solar
ME,h6464,0.22167335403054306,scr2099,avaConv,solar
ME,h6465,0.3848524611956485,scr2099,avaConv,solar
ME,h6466,0.5299101727064427,scr2099,avaConv,solar
ME,h6467,0.6410137031302338,scr2099,avaConv,solar
ME,h6468,0.7027301363503031,scr2099,avaConv,solar
ME,h6469,0.6902555285763547,scr2099,avaConv,solar
ME,h6470,0.606328749591717,scr2099,avaConv,solar
ME,h6471,0.4775660003387803,scr2099,avaConv,solar
ME,h6472,0.29582444879945596,scr2099,avaConv,solar
ME,h6473,0.1332443416487411,scr2099,avaConv,solar
ME,h6474,0.025804578139558425,scr2099,avaConv,solar
ME,h6475,0.0,scr2099,avaConv,solar
ME,h6476,0.0,scr2099,avaConv,solar
ME,h6477,0.0,scr2099,avaConv,solar
ME,h6478,0.0,scr2099,avaConv,solar
ME,h6479,0.0,scr2099,avaConv,solar
ME,h6480,0.0,scr2099,avaConv,solar
ME,h6481,0.0,scr2099,avaConv,solar
ME,h6482,0.0,scr2099,avaConv,solar
ME,h6483,0.0,scr2099,avaConv,solar
ME,h6484,0.0,scr2099,avaConv,solar
ME,h6485,0.0,scr2099,avaConv,solar
ME,h6486,0.010534724790043016,scr2099,avaConv,solar
ME,h6487,0.06227885777846915,scr2099,avaConv,solar
ME,h6488,0.16311584421944955,scr2099,avaConv,solar
ME,h6489,0.29476273214899024,scr2099,avaConv,solar
ME,h6490,0.4161544094008758,scr2099,avaConv,solar
ME,h6491,0.5121477653540509,scr2099,avaConv,solar
ME,h6492,0.5687622333679863,scr2099,avaConv,solar
ME,h6493,0.5765293895955553,scr2099,avaConv,solar
ME,h6494,0.5350505159044197,scr2099,avaConv,solar
ME,h6495,0.4518795386676348,scr2099,avaConv,solar
ME,h6496,0.29199410706041357,scr2099,avaConv,solar
ME,h6497,0.13263454022962795,scr2099,avaConv,solar
ME,h6498,0.024694994720669345,scr2099,avaConv,solar
ME,h6499,0.0,scr2099,avaConv,solar
ME,h6500,0.0,scr2099,avaConv,solar
ME,h6501,0.0,scr2099,avaConv,solar
ME,h6502,0.0,scr2099,avaConv,solar
ME,h6503,0.0,scr2099,avaConv,solar
ME,h6504,0.0,scr2099,avaConv,solar
ME,h6505,0.0,scr2099,avaConv,solar
ME,h6506,0.0,scr2099,avaConv,solar
ME,h6507,0.0,scr2099,avaConv,solar
ME,h6508,0.0,scr2099,avaConv,solar
ME,h6509,0.0,scr2099,avaConv,solar
ME,h6510,0.01152821560458711,scr2099,avaConv,solar
ME,h6511,0.06676530435795419,scr2099,avaConv,solar
ME,h6512,0.1743183095250076,scr2099,avaConv,solar
ME,h6513,0.3238241024989643,scr2099,avaConv,solar
ME,h6514,0.4771293818658498,scr2099,avaConv,solar
ME,h6515,0.6055807910629667,scr2099,avaConv,solar
ME,h6516,0.6831259429930111,scr2099,avaConv,solar
ME,h6517,0.6929732391447331,scr2099,avaConv,solar
ME,h6518,0.643881998215066,scr2099,avaConv,solar
ME,h6519,0.5423039469804957,scr2099,avaConv,solar
ME,h6520,0.34945921423877124,scr2099,avaConv,solar
ME,h6521,0.15818955545376118,scr2099,avaConv,solar
ME,h6522,0.029734432350311743,scr2099,avaConv,solar
ME,h6523,0.0,scr2099,avaConv,solar
ME,h6524,0.0,scr2099,avaConv,solar
ME,h6525,0.0,scr2099,avaConv,solar
ME,h6526,0.0,scr2099,avaConv,solar
ME,h6527,0.0,scr2099,avaConv,solar
ME,h6528,0.0,scr2099,avaConv,solar
ME,h6529,0.0,scr2099,avaConv,solar
ME,h6530,0.0,scr2099,avaConv,solar
ME,h6531,0.0,scr2099,avaConv,solar
ME,h6532,0.0,scr2099,avaConv,solar
ME,h6533,0.0,scr2099,avaConv,solar
ME,h6534,0.011741300582556105,scr2099,avaConv,solar
ME,h6535,0.07223582853700486,scr2099,avaConv,solar
ME,h6536,0.18871697779277966,scr2099,avaConv,solar
ME,h6537,0.34237726935177937,scr2099,avaConv,solar
ME,h6538,0.4825117874408385,scr2099,avaConv,solar
ME,h6539,0.5942952969452989,scr2099,avaConv,solar
ME,h6540,0.661209732559119,scr2099,avaConv,solar
ME,h6541,0.6730928322006469,scr2099,avaConv,solar
ME,h6542,0.6187943712485143,scr2099,avaConv,solar
ME,h6543,0.5018993304548767,scr2099,avaConv,solar
ME,h6544,0.30456798361237336,scr2099,avaConv,solar
ME,h6545,0.12822828294268843,scr2099,avaConv,solar
ME,h6546,0.02102695533101898,scr2099,avaConv,solar
ME,h6547,0.0,scr2099,avaConv,solar
ME,h6548,0.0,scr2099,avaConv,solar
ME,h6549,0.0,scr2099,avaConv,solar
ME,h6550,0.0,scr2099,avaConv,solar
ME,h6551,0.0,scr2099,avaConv,solar
ME,h6552,0.0,scr2099,avaConv,solar
MK,h5809,0.0,scr2099,avaConv,solar
MK,h5810,0.0,scr2099,avaConv,solar
MK,h5811,0.0,scr2099,avaConv,solar
MK,h5812,0.0,scr2099,avaConv,solar
MK,h5813,0.005964751098136046,scr2099,avaConv,solar
MK,h5814,0.057250369462979095,scr2099,avaConv,solar
MK,h5815,0.16106467323564838,scr2099,avaConv,solar
MK,h5816,0.308457822622604,scr2099,avaConv,solar
MK,h5817,0.44475152236846927,scr2099,avaConv,solar
MK,h5818,0.5589897620926203,scr2099,avaConv,solar
MK,h5819,0.6395422963173811,scr2099,avaConv,solar
MK,h5820,0.6720704349640207,scr2099,avaConv,solar
MK,h5821,0.6554219648962577,scr2099,avaConv,solar
MK,h5822,0.5851714294385604,scr2099,avaConv,solar
MK,h5823,0.46436522526084745,scr2099,avaConv,solar
MK,h5824,0.27513171203403575,scr2099,avaConv,solar
MK,h5825,0.12789364964802152,scr2099,avaConv,solar
MK,h5826,0.028661000902269314,scr2099,avaConv,solar
MK,h5827,0.010665842112064682,scr2099,avaConv,solar
MK,h5828,0.0,scr2099,avaConv,solar
MK,h5829,0.0,scr2099,avaConv,solar
MK,h5830,0.0,scr2099,avaConv,solar
MK,h5831,0.0,scr2099,avaConv,solar
MK,h5832,0.0,scr2099,avaConv,solar
MK,h5833,0.0,scr2099,avaConv,solar
MK,h5834,0.0,scr2099,avaConv,solar
MK,h5835,0.0,scr2099,avaConv,solar
MK,h5836,0.0,scr2099,avaConv,solar
MK,h5837,0.0056093541559956855,scr2099,avaConv,solar
MK,h5838,0.05694902644640183,scr2099,avaConv,solar
MK,h5839,0.16128321181840188,scr2099,avaConv,solar
MK,h5840,0.31003271927393905,scr2099,avaConv,solar
MK,h5841,0.44704956460614875,scr2099,avaConv,solar
MK,h5842,0.5614567612176423,scr2099,avaConv,solar
MK,h5843,0.6423599952408676,scr2099,avaConv,solar
MK,h5844,0.6748896285028585,scr2099,avaConv,solar
MK,h5845,0.6584223290479997,scr2099,avaConv,solar
MK,h5846,0.5877662685378712,scr2099,avaConv,solar
MK,h5847,0.46687546166850513,scr2099,avaConv,solar
MK,h5848,0.2762155967830965,scr2099,avaConv,solar
MK,h5849,0.12774642560698576,scr2099,avaConv,solar
MK,h5850,0.02793356187343202,scr2099,avaConv,solar
MK,h5851,0.010301883181405982,scr2099,avaConv,solar
MK,h5852,0.0,scr2099,avaConv,solar
MK,h5853,0.0,scr2099,avaConv,solar
MK,h5854,0.0,scr2099,avaConv,solar
MK,h5855,0.0,scr2099,avaConv,solar
MK,h5856,0.0,scr2099,avaConv,solar
MK,h5857,0.0,scr2099,avaConv,solar
MK,h5858,0.0,scr2099,avaConv,solar
MK,h5859,0.0,scr2099,avaConv,solar
MK,h5860,0.0,scr2099,avaConv,solar
MK,h5861,0.00544080748093212,scr2099,avaConv,solar
MK,h5862,0.05733135163243908,scr2099,avaConv,solar
MK,h5863,0.1632466451365017,scr2099,avaConv,solar
MK,h5864,0.31490593533641265,scr2099,avaConv,solar
MK,h5865,0.4554178300569923,scr2099,avaConv,solar
MK,h5866,0.5731622271531949,scr2099,avaConv,solar
MK,h5867,0.6576835936244286,scr2099,avaConv,solar
MK,h5868,0.6909735183992181,scr2099,avaConv,solar
MK,h5869,0.6732798898591369,scr2099,avaConv,solar
MK,h5870,0.5994361349166193,scr2099,avaConv,solar
MK,h5871,0.47608226551699967,scr2099,avaConv,solar
MK,h5872,0.281438712071965,scr2099,avaConv,solar
MK,h5873,0.12990196289409603,scr2099,avaConv,solar
MK,h5874,0.02789446357069133,scr2099,avaConv,solar
MK,h5875,0.010274136130653434,scr2099,avaConv,solar
MK,h5876,0.0,scr2099,avaConv,solar
MK,h5877,0.0,scr2099,avaConv,solar
MK,h5878,0.0,scr2099,avaConv,solar
MK,h5879,0.0,scr2099,avaConv,solar
MK,h5880,0.0,scr2099,avaConv,solar
MK,h5881,0.0,scr2099,avaConv,solar
MK,h5882,0.0,scr2099,avaConv,solar
MK,h5883,0.0,scr2099,avaConv,solar
MK,h5884,0.0,scr2099,avaConv,solar
MK,h5885,0.004070749114202839,scr2099,avaConv,solar
MK,h5886,0.05204410485946934,scr2099,avaConv,solar
MK,h5887,0.15288291855539893,scr2099,avaConv,solar
MK,h5888,0.3010525143692045,scr2099,avaConv,solar
MK,h5889,0.4397800790199415,scr2099,avaConv,solar
MK,h5890,0.5576466521181355,scr2099,avaConv,solar
MK,h5891,0.642348874593934,scr2099,avaConv,solar
MK,h5892,0.679097157682802,scr2099,avaConv,solar
MK,h5893,0.6652947611173627,scr2099,avaConv,solar
MK,h5894,0.5965507772621125,scr2099,avaConv,solar
MK,h5895,0.47570054595531414,scr2099,avaConv,solar
MK,h5896,0.281294157917011,scr2099,avaConv,solar
MK,h5897,0.12790525934375666,scr2099,avaConv,solar
MK,h5898,0.026085079892331137,scr2099,avaConv,solar
MK,h5899,0.008990344634420177,scr2099,avaConv,solar
MK,h5900,0.0,scr2099,avaConv,solar
MK,h5901,0.0,scr2099,avaConv,solar
MK,h5902,0.0,scr2099,avaConv,solar
MK,h5903,0.0,scr2099,avaConv,solar
MK,h5904,0.0,scr2099,avaConv,solar
MK,h5905,0.0,scr2099,avaConv,solar
MK,h5906,0.0,scr2099,avaConv,solar
MK,h5907,0.0,scr2099,avaConv,solar
MK,h5908,0.0,scr2099,avaConv,solar
MK,h5909,0.0035243128512309906,scr2099,avaConv,solar
MK,h5910,0.05142911575881643,scr2099,avaConv,solar
MK,h5911,0.1529332097345252,scr2099,avaConv,solar
MK,h5912,0.30325395250251014,scr2099,avaConv,solar
MK,h5913,0.44280244896928417,scr2099,avaConv,solar
MK,h5914,0.5606214709409876,scr2099,avaConv,solar
MK,h5915,0.6432277036480086,scr2099,avaConv,solar
MK,h5916,0.678339773725354,scr2099,avaConv,solar
MK,h5917,0.6619195295822675,scr2099,avaConv,solar
MK,h5918,0.5922309662866536,scr2099,avaConv,solar
MK,h5919,0.47035652374026693,scr2099,avaConv,solar
MK,h5920,0.2770265626541495,scr2099,avaConv,solar
MK,h5921,0.12312981504804452,scr2099,avaConv,solar
MK,h5922,0.023422332444302713,scr2099,avaConv,solar
MK,h5923,0.00726721608749559,scr2099,avaConv,solar
MK,h5924,0.0,scr2099,avaConv,solar
MK,h5925,0.0,scr2099,avaConv,solar
MK,h5926,0.0,scr2099,avaConv,solar
MK,h5927,0.0,scr2099,avaConv,solar
MK,h5928,0.0,scr2099,avaConv,solar
MK,h5929,0.0,scr2099,avaConv,solar
MK,h5930,0.0,scr2099,avaConv,solar
MK,h5931,0.0,scr2099,avaConv,solar
MK,h5932,0.0,scr2099,avaConv,solar
MK,h5933,0.0026972036656228867,scr2099,avaConv,solar
MK,h5934,0.047580015254695796,scr2099,avaConv,solar
MK,h5935,0.14502633721049368,scr2099,avaConv,solar
MK,h5936,0.2917673764841214,scr2099,avaConv,solar
MK,h5937,0.42922986503746136,scr2099,avaConv,solar
MK,h5938,0.5464363137003027,scr2099,avaConv,solar
MK,h5939,0.6293345121742745,scr2099,avaConv,solar
MK,h5940,0.6668502508711209,scr2099,avaConv,solar
MK,h5941,0.6534312144766938,scr2099,avaConv,solar
MK,h5942,0.5874886243661905,scr2099,avaConv,solar
MK,h5943,0.46883384424661884,scr2099,avaConv,solar
MK,h5944,0.2770967519018947,scr2099,avaConv,solar
MK,h5945,0.12292305789134372,scr2099,avaConv,solar
MK,h5946,0.022973830242377976,scr2099,avaConv,solar
MK,h5947,0.0067601470286584205,scr2099,avaConv,solar
MK,h5948,0.0,scr2099,avaConv,solar
MK,h5949,0.0,scr2099,avaConv,solar
MK,h5950,0.0,scr2099,avaConv,solar
MK,h5951,0.0,scr2099,avaConv,solar
MK,h5952,0.0,scr2099,avaConv,solar
MK,h5953,0.0,scr2099,avaConv,solar
MK,h5954,0.0,scr2099,avaConv,solar
MK,h5955,0.0,scr2099,avaConv,solar
MK,h5956,0.0,scr2099,avaConv,solar
MK,h5957,0.002733843037615195,scr2099,avaConv,solar
MK,h5958,0.049867233763914394,scr2099,avaConv,solar
MK,h5959,0.15154792768109124,scr2099,avaConv,solar
MK,h5960,0.30424212744153445,scr2099,avaConv,solar
MK,h5961,0.44619965289596497,scr2099,avaConv,solar
MK,h5962,0.5663597334565459,scr2099,avaConv,solar
MK,h5963,0.6511492775979176,scr2099,avaConv,solar
MK,h5964,0.6887103441996643,scr2099,avaConv,solar
MK,h5965,0.6747948844297621,scr2099,avaConv,solar
MK,h5966,0.6068254237978946,scr2099,avaConv,solar
MK,h5967,0.48533579328818616,scr2099,avaConv,solar
MK,h5968,0.28779545392750167,scr2099,avaConv,solar
MK,h5969,0.12794757370361884,scr2099,avaConv,solar
MK,h5970,0.02397651074022592,scr2099,avaConv,solar
MK,h5971,0.006798876942834543,scr2099,avaConv,solar
MK,h5972,0.0,scr2099,avaConv,solar
MK,h5973,0.0,scr2099,avaConv,solar
MK,h5974,0.0,scr2099,avaConv,solar
MK,h5975,0.0,scr2099,avaConv,solar
MK,h5976,0.0,scr2099,avaConv,solar
MK,h5977,0.0,scr2099,avaConv,solar
MK,h5978,0.0,scr2099,avaConv,solar
MK,h5979,0.0,scr2099,avaConv,solar
MK,h5980,0.0,scr2099,avaConv,solar
MK,h5981,0.002461830807289405,scr2099,avaConv,solar
MK,h5982,0.04970127569799468,scr2099,avaConv,solar
MK,h5983,0.15204861049487073,scr2099,avaConv,solar
MK,h5984,0.3063366149409972,scr2099,avaConv,solar
MK,h5985,0.4495561997487062,scr2099,avaConv,solar
MK,h5986,0.570687776544219,scr2099,avaConv,solar
MK,h5987,0.6561574828534827,scr2099,avaConv,solar
MK,h5988,0.6941031857913684,scr2099,avaConv,solar
MK,h5989,0.6803319284178481,scr2099,avaConv,solar
MK,h5990,0.6123575292129726,scr2099,avaConv,solar
MK,h5991,0.49052747179551687,scr2099,avaConv,solar
MK,h5992,0.29205215886636865,scr2099,avaConv,solar
MK,h5993,0.12987445934472278,scr2099,avaConv,solar
MK,h5994,0.02443492709427828,scr2099,avaConv,solar
MK,h5995,0.0065047018650460356,scr2099,avaConv,solar
MK,h5996,0.0,scr2099,avaConv,solar
MK,h5997,0.0,scr2099,avaConv,solar
MK,h5998,0.0,scr2099,avaConv,solar
MK,h5999,0.0,scr2099,avaConv,solar
MK,h6000,0.0,scr2099,avaConv,solar
MK,h6001,0.0,scr2099,avaConv,solar
MK,h6002,0.0,scr2099,avaConv,solar
MK,h6003,0.0,scr2099,avaConv,solar
MK,h6004,0.0,scr2099,avaConv,solar
MK,h6005,0.0020572565785557397,scr2099,avaConv,solar
MK,h6006,0.04825386354110716,scr2099,avaConv,solar
MK,h6007,0.14912639109846298,scr2099,avaConv,solar
MK,h6008,0.30167250794396394,scr2099,avaConv,solar
MK,h6009,0.4428285718288563,scr2099,avaConv,solar
MK,h6010,0.5621082888013313,scr2099,avaConv,solar
MK,h6011,0.6463862954025725,scr2099,avaConv,solar
MK,h6012,0.6840776083682303,scr2099,avaConv,solar
MK,h6013,0.6706085789797446,scr2099,avaConv,solar
MK,h6014,0.6039423144438728,scr2099,avaConv,solar
MK,h6015,0.48423097802231546,scr2099,avaConv,solar
MK,h6016,0.28888255908545873,scr2099,avaConv,solar
MK,h6017,0.12730697027741344,scr2099,avaConv,solar
MK,h6018,0.02322645463448611,scr2099,avaConv,solar
MK,h6019,0.005411058916289818,scr2099,avaConv,solar
MK,h6020,0.0,scr2099,avaConv,solar
MK,h6021,0.0,scr2099,avaConv,solar
MK,h6022,0.0,scr2099,avaConv,solar
MK,h6023,0.0,scr2099,avaConv,solar
MK,h6024,0.0,scr2099,avaConv,solar
MK,h6025,0.0,scr2099,avaConv,solar
MK,h6026,0.0,scr2099,avaConv,solar
MK,h6027,0.0,scr2099,avaConv,solar
MK,h6028,0.0,scr2099,avaConv,solar
MK,h6029,0.001578528705130694,scr2099,avaConv,solar
MK,h6030,0.04542379526524979,scr2099,avaConv,solar
MK,h6031,0.1435340312051958,scr2099,avaConv,solar
MK,h6032,0.29403215994551274,scr2099,avaConv,solar
MK,h6033,0.434764819537113,scr2099,avaConv,solar
MK,h6034,0.5536792609591744,scr2099,avaConv,solar
MK,h6035,0.6375960221632772,scr2099,avaConv,solar
MK,h6036,0.6758797489548634,scr2099,avaConv,solar
MK,h6037,0.6634121856030549,scr2099,avaConv,solar
MK,h6038,0.5986278780398652,scr2099,avaConv,solar
MK,h6039,0.48100113390076266,scr2099,avaConv,solar
MK,h6040,0.2883123621022772,scr2099,avaConv,solar
MK,h6041,0.126945569949145,scr2099,avaConv,solar
MK,h6042,0.023133588058703226,scr2099,avaConv,solar
MK,h6043,0.004905264362506177,scr2099,avaConv,solar
MK,h6044,0.0,scr2099,avaConv,solar
MK,h6045,0.0,scr2099,avaConv,solar
MK,h6046,0.0,scr2099,avaConv,solar
MK,h6047,0.0,scr2099,avaConv,solar
MK,h6048,0.0,scr2099,avaConv,solar
MK,h6049,0.0,scr2099,avaConv,solar
MK,h6050,0.0,scr2099,avaConv,solar
MK,h6051,0.0,scr2099,avaConv,solar
MK,h6052,0.0,scr2099,avaConv,solar
MK,h6053,0.0012267879993146241,scr2099,avaConv,solar
MK,h6054,0.04376716378199146,scr2099,avaConv,solar
MK,h6055,0.14018856170108357,scr2099,avaConv,solar
MK,h6056,0.2887875939208614,scr2099,avaConv,solar
MK,h6057,0.4275603762910936,scr2099,avaConv,solar
MK,h6058,0.5444655129972714,scr2099,avaConv,solar
MK,h6059,0.626527143209018,scr2099,avaConv,solar
MK,h6060,0.6644647855166579,scr2099,avaConv,solar
MK,h6061,0.6519905311906191,scr2099,avaConv,solar
MK,h6062,0.5886693301736118,scr2099,avaConv,solar
MK,h6063,0.4730935049139691,scr2099,avaConv,solar
MK,h6064,0.28423166921875614,scr2099,avaConv,solar
MK,h6065,0.12438949798939533,scr2099,avaConv,solar
MK,h6066,0.022220325950524797,scr2099,avaConv,solar
MK,h6067,0.004087607382392182,scr2099,avaConv,solar
MK,h6068,0.0,scr2099,avaConv,solar
MK,h6069,0.0,scr2099,avaConv,solar
MK,h6070,0.0,scr2099,avaConv,solar
MK,h6071,0.0,scr2099,avaConv,solar
MK,h6072,0.0,scr2099,avaConv,solar
MK,h6073,0.0,scr2099,avaConv,solar
MK,h6074,0.0,scr2099,avaConv,solar
MK,h6075,0.0,scr2099,avaConv,solar
MK,h6076,0.0,scr2099,avaConv,solar
MK,h6077,0.0009936855750766762,scr2099,avaConv,solar
MK,h6078,0.04241925360620929,scr2099,avaConv,solar
MK,h6079,0.13809693475996357,scr2099,avaConv,solar
MK,h6080,0.28749953756320357,scr2099,avaConv,solar
MK,h6081,0.42940304318408634,scr2099,avaConv,solar
MK,h6082,0.5501110527159119,scr2099,avaConv,solar
MK,h6083,0.6355138698393957,scr2099,avaConv,solar
MK,h6084,0.6752319602323478,scr2099,avaConv,solar
MK,h6085,0.6629913370639295,scr2099,avaConv,solar
MK,h6086,0.5984741404397388,scr2099,avaConv,solar
MK,h6087,0.4810260626415169,scr2099,avaConv,solar
MK,h6088,0.2896853970937276,scr2099,avaConv,solar
MK,h6089,0.1264102802672381,scr2099,avaConv,solar
MK,h6090,0.022509580856705184,scr2099,avaConv,solar
MK,h6091,0.0036598414104054016,scr2099,avaConv,solar
MK,h6092,0.0,scr2099,avaConv,solar
MK,h6093,0.0,scr2099,avaConv,solar
MK,h6094,0.0,scr2099,avaConv,solar
MK,h6095,0.0,scr2099,avaConv,solar
MK,h6096,0.0,scr2099,avaConv,solar
MK,h6097,0.0,scr2099,avaConv,solar
MK,h6098,0.0,scr2099,avaConv,solar
MK,h6099,0.0,scr2099,avaConv,solar
MK,h6100,0.0,scr2099,avaConv,solar
MK,h6101,0.0007294388937200306,scr2099,avaConv,solar
MK,h6102,0.04055169505793915,scr2099,avaConv,solar
MK,h6103,0.13507208864285355,scr2099,avaConv,solar
MK,h6104,0.2844727297255296,scr2099,avaConv,solar
MK,h6105,0.42843981830294114,scr2099,avaConv,solar
MK,h6106,0.5515897884539539,scr2099,avaConv,solar
MK,h6107,0.6389190744461138,scr2099,avaConv,solar
MK,h6108,0.6805253098188209,scr2099,avaConv,solar
MK,h6109,0.6689830271288248,scr2099,avaConv,solar
MK,h6110,0.6049057244773629,scr2099,avaConv,solar
MK,h6111,0.4871184453570457,scr2099,avaConv,solar
MK,h6112,0.2946115698188337,scr2099,avaConv,solar
MK,h6113,0.1284407835140899,scr2099,avaConv,solar
MK,h6114,0.022823051387750006,scr2099,avaConv,solar
MK,h6115,0.0032192138238939703,scr2099,avaConv,solar
MK,h6116,0.0,scr2099,avaConv,solar
MK,h6117,0.0,scr2099,avaConv,solar
MK,h6118,0.0,scr2099,avaConv,solar
MK,h6119,0.0,scr2099,avaConv,solar
MK,h6120,0.0,scr2099,avaConv,solar
MK,h6121,0.0,scr2099,avaConv,solar
MK,h6122,0.0,scr2099,avaConv,solar
MK,h6123,0.0,scr2099,avaConv,solar
MK,h6124,0.0,scr2099,avaConv,solar
MK,h6125,0.0005595635991252049,scr2099,avaConv,solar
MK,h6126,0.03986298902436862,scr2099,avaConv,solar
MK,h6127,0.1342507598224196,scr2099,avaConv,solar
MK,h6128,0.2843756372154467,scr2099,avaConv,solar
MK,h6129,0.4299039056356006,scr2099,avaConv,solar
MK,h6130,0.5542827174867291,scr2099,avaConv,solar
MK,h6131,0.642757898605611,scr2099,avaConv,solar
MK,h6132,0.6849528270543154,scr2099,avaConv,solar
MK,h6133,0.6740659748657412,scr2099,avaConv,solar
MK,h6134,0.6101373120011533,scr2099,avaConv,solar
MK,h6135,0.4921913299750057,scr2099,avaConv,solar
MK,h6136,0.3107352328834511,scr2099,avaConv,solar
MK,h6137,0.14107124126694184,scr2099,avaConv,solar
MK,h6138,0.03222795298814065,scr2099,avaConv,solar
MK,h6139,0.0028652504613028967,scr2099,avaConv,solar
MK,h6140,0.0,scr2099,avaConv,solar
MK,h6141,0.0,scr2099,avaConv,solar
MK,h6142,0.0,scr2099,avaConv,solar
MK,h6143,0.0,scr2099,avaConv,solar
MK,h6144,0.0,scr2099,avaConv,solar
MK,h6145,0.0,scr2099,avaConv,solar
MK,h6146,0.0,scr2099,avaConv,solar
MK,h6147,0.0,scr2099,avaConv,solar
MK,h6148,0.0,scr2099,avaConv,solar
MK,h6149,0.00036611869322391997,scr2099,avaConv,solar
MK,h6150,0.03886715569787663,scr2099,avaConv,solar
MK,h6151,0.1331604585063038,scr2099,avaConv,solar
MK,h6152,0.28369283900726305,scr2099,avaConv,solar
MK,h6153,0.4303412091622838,scr2099,avaConv,solar
MK,h6154,0.5550365869716936,scr2099,avaConv,solar
MK,h6155,0.6437965206192569,scr2099,avaConv,solar
MK,h6156,0.6861569068779181,scr2099,avaConv,solar
MK,h6157,0.6752860324243605,scr2099,avaConv,solar
MK,h6158,0.6116478297798813,scr2099,avaConv,solar
MK,h6159,0.4944367321311731,scr2099,avaConv,solar
MK,h6160,0.3126362649333065,scr2099,avaConv,solar
MK,h6161,0.14164935650045823,scr2099,avaConv,solar
MK,h6162,0.031842829640719474,scr2099,avaConv,solar
MK,h6163,0.0024984523777525328,scr2099,avaConv,solar
MK,h6164,0.0,scr2099,avaConv,solar
MK,h6165,0.0,scr2099,avaConv,solar
MK,h6166,0.0,scr2099,avaConv,solar
MK,h6167,0.0,scr2099,avaConv,solar
MK,h6168,0.0,scr2099,avaConv,solar
MK,h6169,0.0,scr2099,avaConv,solar
MK,h6170,0.0,scr2099,avaConv,solar
MK,h6171,0.0,scr2099,avaConv,solar
MK,h6172,0.0,scr2099,avaConv,solar
MK,h6173,0.00027016016084505584,scr2099,avaConv,solar
MK,h6174,0.03708911223825558,scr2099,avaConv,solar
MK,h6175,0.12884662045245213,scr2099,avaConv,solar
MK,h6176,0.2765408195907431,scr2099,avaConv,solar
MK,h6177,0.42184187382990496,scr2099,avaConv,solar
MK,h6178,0.5456370253354527,scr2099,avaConv,solar
MK,h6179,0.6327743844505214,scr2099,avaConv,solar
MK,h6180,0.6737211650351386,scr2099,avaConv,solar
MK,h6181,0.6608982343535015,scr2099,avaConv,solar
MK,h6182,0.5966735882252721,scr2099,avaConv,solar
MK,h6183,0.47991839751214244,scr2099,avaConv,solar
MK,h6184,0.3010160925415143,scr2099,avaConv,solar
MK,h6185,0.13356261953241125,scr2099,avaConv,solar
MK,h6186,0.028222701343006223,scr2099,avaConv,solar
MK,h6187,0.001400916747106898,scr2099,avaConv,solar
MK,h6188,0.0,scr2099,avaConv,solar
MK,h6189,0.0,scr2099,avaConv,solar
MK,h6190,0.0,scr2099,avaConv,solar
MK,h6191,0.0,scr2099,avaConv,solar
MK,h6192,0.0,scr2099,avaConv,solar
MK,h6193,0.0,scr2099,avaConv,solar
MK,h6194,0.0,scr2099,avaConv,solar
MK,h6195,0.0,scr2099,avaConv,solar
MK,h6196,0.0,scr2099,avaConv,solar
MK,h6197,0.0,scr2099,avaConv,solar
MK,h6198,0.02095005155162061,scr2099,avaConv,solar
MK,h6199,0.09463210897977592,scr2099,avaConv,solar
MK,h6200,0.20906890534691863,scr2099,avaConv,solar
MK,h6201,0.33843176250165885,scr2099,avaConv,solar
MK,h6202,0.46133677731425404,scr2099,avaConv,solar
MK,h6203,0.5320652418194083,scr2099,avaConv,solar
MK,h6204,0.5845389750141902,scr2099,avaConv,solar
MK,h6205,0.5803314280022522,scr2099,avaConv,solar
MK,h6206,0.5560209741194094,scr2099,avaConv,solar
MK,h6207,0.46163685890327183,scr2099,avaConv,solar
MK,h6208,0.2983827763673729,scr2099,avaConv,solar
MK,h6209,0.13946016545656673,scr2099,avaConv,solar
MK,h6210,0.03375285410013088,scr2099,avaConv,solar
MK,h6211,0.0014587401998250593,scr2099,avaConv,solar
MK,h6212,0.0,scr2099,avaConv,solar
MK,h6213,0.0,scr2099,avaConv,solar
MK,h6214,0.0,scr2099,avaConv,solar
MK,h6215,0.0,scr2099,avaConv,solar
MK,h6216,0.0,scr2099,avaConv,solar
MK,h6217,0.0,scr2099,avaConv,solar
MK,h6218,0.0,scr2099,avaConv,solar
MK,h6219,0.0,scr2099,avaConv,solar
MK,h6220,0.0,scr2099,avaConv,solar
MK,h6221,0.0,scr2099,avaConv,solar
MK,h6222,0.03679720114408356,scr2099,avaConv,solar
MK,h6223,0.13180347972006778,scr2099,avaConv,solar
MK,h6224,0.2869635318588904,scr2099,avaConv,solar
MK,h6225,0.4432821799119341,scr2099,avaConv,solar
MK,h6226,0.5773374849259304,scr2099,avaConv,solar
MK,h6227,0.6728102134576435,scr2099,avaConv,solar
MK,h6228,0.7185762244196667,scr2099,avaConv,solar
MK,h6229,0.7072896980907551,scr2099,avaConv,solar
MK,h6230,0.6409214261479126,scr2099,avaConv,solar
MK,h6231,0.519527791657464,scr2099,avaConv,solar
MK,h6232,0.3371329524263025,scr2099,avaConv,solar
MK,h6233,0.15488658304414687,scr2099,avaConv,solar
MK,h6234,0.0377965666056529,scr2099,avaConv,solar
MK,h6235,0.0012894114841029087,scr2099,avaConv,solar
MK,h6236,0.0,scr2099,avaConv,solar
MK,h6237,0.0,scr2099,avaConv,solar
MK,h6238,0.0,scr2099,avaConv,solar
MK,h6239,0.0,scr2099,avaConv,solar
MK,h6240,0.0,scr2099,avaConv,solar
MK,h6241,0.0,scr2099,avaConv,solar
MK,h6242,0.0,scr2099,avaConv,solar
MK,h6243,0.0,scr2099,avaConv,solar
MK,h6244,0.0,scr2099,avaConv,solar
MK,h6245,0.0,scr2099,avaConv,solar
MK,h6246,0.0350924949110595,scr2099,avaConv,solar
MK,h6247,0.1275726881519119,scr2099,avaConv,solar
MK,h6248,0.27894897637488003,scr2099,avaConv,solar
MK,h6249,0.43239125026965125,scr2099,avaConv,solar
MK,h6250,0.5642424981407154,scr2099,avaConv,solar
MK,h6251,0.6589283904885929,scr2099,avaConv,solar
MK,h6252,0.7060781636073264,scr2099,avaConv,solar
MK,h6253,0.6970377535288678,scr2099,avaConv,solar
MK,h6254,0.6338167786443643,scr2099,avaConv,solar
MK,h6255,0.5159868532350371,scr2099,avaConv,solar
MK,h6256,0.33539705869801933,scr2099,avaConv,solar
MK,h6257,0.15405156223645552,scr2099,avaConv,solar
MK,h6258,0.03693684069434624,scr2099,avaConv,solar
MK,h6259,0.0010225473569934517,scr2099,avaConv,solar
MK,h6260,0.0,scr2099,avaConv,solar
MK,h6261,0.0,scr2099,avaConv,solar
MK,h6262,0.0,scr2099,avaConv,solar
MK,h6263,0.0,scr2099,avaConv,solar
MK,h6264,0.0,scr2099,avaConv,solar
MK,h6265,0.0,scr2099,avaConv,solar
MK,h6266,0.0,scr2099,avaConv,solar
MK,h6267,0.0,scr2099,avaConv,solar
MK,h6268,0.0,scr2099,avaConv,solar
MK,h6269,0.0,scr2099,avaConv,solar
MK,h6270,0.034652079910904666,scr2099,avaConv,solar
MK,h6271,0.12691291346128253,scr2099,avaConv,solar
MK,h6272,0.27824747187142695,scr2099,avaConv,solar
MK,h6273,0.4318552977156112,scr2099,avaConv,solar
MK,h6274,0.5633247157617675,scr2099,avaConv,solar
MK,h6275,0.6574151260951666,scr2099,avaConv,solar
MK,h6276,0.7043461593846793,scr2099,avaConv,solar
MK,h6277,0.6953018395887663,scr2099,avaConv,solar
MK,h6278,0.6319752528959781,scr2099,avaConv,solar
MK,h6279,0.5143210166255944,scr2099,avaConv,solar
MK,h6280,0.3369941693725539,scr2099,avaConv,solar
MK,h6281,0.15558377660591133,scr2099,avaConv,solar
MK,h6282,0.03852147446286549,scr2099,avaConv,solar
MK,h6283,0.000706444128226915,scr2099,avaConv,solar
MK,h6284,0.0,scr2099,avaConv,solar
MK,h6285,0.0,scr2099,avaConv,solar
MK,h6286,0.0,scr2099,avaConv,solar
MK,h6287,0.0,scr2099,avaConv,solar
MK,h6288,0.0,scr2099,avaConv,solar
MK,h6289,0.0,scr2099,avaConv,solar
MK,h6290,0.0,scr2099,avaConv,solar
MK,h6291,0.0,scr2099,avaConv,solar
MK,h6292,0.0,scr2099,avaConv,solar
MK,h6293,0.0,scr2099,avaConv,solar
MK,h6294,0.03345904221585854,scr2099,avaConv,solar
MK,h6295,0.12475056319887597,scr2099,avaConv,solar
MK,h6296,0.2762830590003729,scr2099,avaConv,solar
MK,h6297,0.43323548143471546,scr2099,avaConv,solar
MK,h6298,0.5690208606809631,scr2099,avaConv,solar
MK,h6299,0.6666209726351051,scr2099,avaConv,solar
MK,h6300,0.715868466166901,scr2099,avaConv,solar
MK,h6301,0.7071819492973903,scr2099,avaConv,solar
MK,h6302,0.6438926960489478,scr2099,avaConv,solar
MK,h6303,0.5259033951541807,scr2099,avaConv,solar
MK,h6304,0.3449892684273512,scr2099,avaConv,solar
MK,h6305,0.15913645839888346,scr2099,avaConv,solar
MK,h6306,0.03858320406888787,scr2099,avaConv,solar
MK,h6307,0.0005192165236077279,scr2099,avaConv,solar
MK,h6308,0.0,scr2099,avaConv,solar
MK,h6309,0.0,scr2099,avaConv,solar
MK,h6310,0.0,scr2099,avaConv,solar
MK,h6311,0.0,scr2099,avaConv,solar
MK,h6312,0.0,scr2099,avaConv,solar
MK,h6313,0.0,scr2099,avaConv,solar
MK,h6314,0.0,scr2099,avaConv,solar
MK,h6315,0.0,scr2099,avaConv,solar
MK,h6316,0.0,scr2099,avaConv,solar
MK,h6317,0.0,scr2099,avaConv,solar
MK,h6318,0.033926593097305134,scr2099,avaConv,solar
MK,h6319,0.1271862184317682,scr2099,avaConv,solar
MK,h6320,0.28215809235559847,scr2099,avaConv,solar
MK,h6321,0.4430621720314731,scr2099,avaConv,solar
MK,h6322,0.5814123203065176,scr2099,avaConv,solar
MK,h6323,0.6807631819230393,scr2099,avaConv,solar
MK,h6324,0.7300580614757642,scr2099,avaConv,solar
MK,h6325,0.7211309194194276,scr2099,avaConv,solar
MK,h6326,0.6559063863066582,scr2099,avaConv,solar
MK,h6327,0.5365440186081484,scr2099,avaConv,solar
MK,h6328,0.350653900090689,scr2099,avaConv,solar
MK,h6329,0.16120391795710032,scr2099,avaConv,solar
MK,h6330,0.03797281352898838,scr2099,avaConv,solar
MK,h6331,0.00035005174460849665,scr2099,avaConv,solar
MK,h6332,0.0,scr2099,avaConv,solar
MK,h6333,0.0,scr2099,avaConv,solar
MK,h6334,0.0,scr2099,avaConv,solar
MK,h6335,0.0,scr2099,avaConv,solar
MK,h6336,0.0,scr2099,avaConv,solar
MK,h6337,0.0,scr2099,avaConv,solar
MK,h6338,0.0,scr2099,avaConv,solar
MK,h6339,0.0,scr2099,avaConv,solar
MK,h6340,0.0,scr2099,avaConv,solar
MK,h6341,0.0,scr2099,avaConv,solar
MK,h6342,0.03233655178386732,scr2099,avaConv,solar
MK,h6343,0.12310355434063637,scr2099,avaConv,solar
MK,h6344,0.27473288193937295,scr2099,avaConv,solar
MK,h6345,0.43464267744606744,scr2099,avaConv,solar
MK,h6346,0.5735463077410571,scr2099,avaConv,solar
MK,h6347,0.6749179384879436,scr2099,avaConv,solar
MK,h6348,0.7269927686832155,scr2099,avaConv,solar
MK,h6349,0.7203833755253298,scr2099,avaConv,solar
MK,h6350,0.6577962344170442,scr2099,avaConv,solar
MK,h6351,0.5409748942200383,scr2099,avaConv,solar
MK,h6352,0.35418124640757526,scr2099,avaConv,solar
MK,h6353,0.16280715128890502,scr2099,avaConv,solar
MK,h6354,0.03747697430576618,scr2099,avaConv,solar
MK,h6355,0.00019838768240339907,scr2099,avaConv,solar
MK,h6356,0.0,scr2099,avaConv,solar
MK,h6357,0.0,scr2099,avaConv,solar
MK,h6358,0.0,scr2099,avaConv,solar
MK,h6359,0.0,scr2099,avaConv,solar
MK,h6360,0.0,scr2099,avaConv,solar
MK,h6361,0.0,scr2099,avaConv,solar
MK,h6362,0.0,scr2099,avaConv,solar
MK,h6363,0.0,scr2099,avaConv,solar
MK,h6364,0.0,scr2099,avaConv,solar
MK,h6365,0.0,scr2099,avaConv,solar
MK,h6366,0.033229268854986636,scr2099,avaConv,solar
MK,h6367,0.1272062036294554,scr2099,avaConv,solar
MK,h6368,0.2849080938310402,scr2099,avaConv,solar
MK,h6369,0.45146370962602494,scr2099,avaConv,solar
MK,h6370,0.5944142297468524,scr2099,avaConv,solar
MK,h6371,0.6969893643361565,scr2099,avaConv,solar
MK,h6372,0.7473443901997177,scr2099,avaConv,solar
MK,h6373,0.7386800150928534,scr2099,avaConv,solar
MK,h6374,0.6725460249900524,scr2099,avaConv,solar
MK,h6375,0.553436762133823,scr2099,avaConv,solar
MK,h6376,0.36081649548088185,scr2099,avaConv,solar
MK,h6377,0.1655795642923039,scr2099,avaConv,solar
MK,h6378,0.03711483923419562,scr2099,avaConv,solar
MK,h6379,0.00014291586252730923,scr2099,avaConv,solar
MK,h6380,0.0,scr2099,avaConv,solar
MK,h6381,0.0,scr2099,avaConv,solar
MK,h6382,0.0,scr2099,avaConv,solar
MK,h6383,0.0,scr2099,avaConv,solar
MK,h6384,0.0,scr2099,avaConv,solar
MK,h6385,0.0,scr2099,avaConv,solar
MK,h6386,0.0,scr2099,avaConv,solar
MK,h6387,0.0,scr2099,avaConv,solar
MK,h6388,0.0,scr2099,avaConv,solar
MK,h6389,0.0,scr2099,avaConv,solar
MK,h6390,0.03184717613304104,scr2099,avaConv,solar
MK,h6391,0.12406488202996453,scr2099,avaConv,solar
MK,h6392,0.27936523177751177,scr2099,avaConv,solar
MK,h6393,0.4445037025471679,scr2099,avaConv,solar
MK,h6394,0.5861424687737102,scr2099,avaConv,solar
MK,h6395,0.6878704290976038,scr2099,avaConv,solar
MK,h6396,0.7388223914603285,scr2099,avaConv,solar
MK,h6397,0.7307965104188902,scr2099,avaConv,solar
MK,h6398,0.6660858849697957,scr2099,avaConv,solar
MK,h6399,0.5494925165801751,scr2099,avaConv,solar
MK,h6400,0.3572767819359653,scr2099,avaConv,solar
MK,h6401,0.16356037357909023,scr2099,avaConv,solar
MK,h6402,0.035442665737645894,scr2099,avaConv,solar
MK,h6403,0.0,scr2099,avaConv,solar
MK,h6404,0.0,scr2099,avaConv,solar
MK,h6405,0.0,scr2099,avaConv,solar
MK,h6406,0.0,scr2099,avaConv,solar
MK,h6407,0.0,scr2099,avaConv,solar
MK,h6408,0.0,scr2099,avaConv,solar
MK,h6409,0.0,scr2099,avaConv,solar
MK,h6410,0.0,scr2099,avaConv,solar
MK,h6411,0.0,scr2099,avaConv,solar
MK,h6412,0.0,scr2099,avaConv,solar
MK,h6413,0.0,scr2099,avaConv,solar
MK,h6414,0.030769100747304087,scr2099,avaConv,solar
MK,h6415,0.1217622439429441,scr2099,avaConv,solar
MK,h6416,0.27544645386641853,scr2099,avaConv,solar
MK,h6417,0.4403616081567679,scr2099,avaConv,solar
MK,h6418,0.5818501545928386,scr2099,avaConv,solar
MK,h6419,0.6836293983888417,scr2099,avaConv,solar
MK,h6420,0.7350414332939554,scr2099,avaConv,solar
MK,h6421,0.7271855170186846,scr2099,avaConv,solar
MK,h6422,0.6633017104284097,scr2099,avaConv,solar
MK,h6423,0.5486301590232009,scr2099,avaConv,solar
MK,h6424,0.3558916002052306,scr2099,avaConv,solar
MK,h6425,0.16265722697583268,scr2099,avaConv,solar
MK,h6426,0.034079948707812016,scr2099,avaConv,solar
MK,h6427,0.0,scr2099,avaConv,solar
MK,h6428,0.0,scr2099,avaConv,solar
MK,h6429,0.0,scr2099,avaConv,solar
MK,h6430,0.0,scr2099,avaConv,solar
MK,h6431,0.0,scr2099,avaConv,solar
MK,h6432,0.0,scr2099,avaConv,solar
MK,h6433,0.0,scr2099,avaConv,solar
MK,h6434,0.0,scr2099,avaConv,solar
MK,h6435,0.0,scr2099,avaConv,solar
MK,h6436,0.0,scr2099,avaConv,solar
MK,h6437,0.0,scr2099,avaConv,solar
MK,h6438,0.029258277189514095,scr2099,avaConv,solar
MK,h6439,0.11790576233914475,scr2099,avaConv,solar
MK,h6440,0.2684933793915311,scr2099,avaConv,solar
MK,h6441,0.4320185244439506,scr2099,avaConv,solar
MK,h6442,0.5728482599785131,scr2099,avaConv,solar
MK,h6443,0.6745103379108747,scr2099,avaConv,solar
MK,h6444,0.7271641821572057,scr2099,avaConv,solar
MK,h6445,0.7206347357139867,scr2099,avaConv,solar
MK,h6446,0.6589967874790242,scr2099,avaConv,solar
MK,h6447,0.5470591381564608,scr2099,avaConv,solar
MK,h6448,0.3542279082279935,scr2099,avaConv,solar
MK,h6449,0.16179802816910327,scr2099,avaConv,solar
MK,h6450,0.03279861547504861,scr2099,avaConv,solar
MK,h6451,0.0,scr2099,avaConv,solar
MK,h6452,0.0,scr2099,avaConv,solar
MK,h6453,0.0,scr2099,avaConv,solar
MK,h6454,0.0,scr2099,avaConv,solar
MK,h6455,0.0,scr2099,avaConv,solar
MK,h6456,0.0,scr2099,avaConv,solar
MK,h6457,0.0,scr2099,avaConv,solar
MK,h6458,0.0,scr2099,avaConv,solar
MK,h6459,0.0,scr2099,avaConv,solar
MK,h6460,0.0,scr2099,avaConv,solar
MK,h6461,0.0,scr2099,avaConv,solar
MK,h6462,0.02781806032028396,scr2099,avaConv,solar
MK,h6463,0.11417106032641136,scr2099,avaConv,solar
MK,h6464,0.2618877328820513,scr2099,avaConv,solar
MK,h6465,0.42399624048740575,scr2099,avaConv,solar
MK,h6466,0.5634859946811456,scr2099,avaConv,solar
MK,h6467,0.6643474536090624,scr2099,avaConv,solar
MK,h6468,0.7168450756959397,scr2099,avaConv,solar
MK,h6469,0.7108447615840551,scr2099,avaConv,solar
MK,h6470,0.6507456082030808,scr2099,avaConv,solar
MK,h6471,0.5418695993138168,scr2099,avaConv,solar
MK,h6472,0.3498117312196339,scr2099,avaConv,solar
MK,h6473,0.1594250327480474,scr2099,avaConv,solar
MK,h6474,0.031024068606409758,scr2099,avaConv,solar
MK,h6475,0.0,scr2099,avaConv,solar
MK,h6476,0.0,scr2099,avaConv,solar
MK,h6477,0.0,scr2099,avaConv,solar
MK,h6478,0.0,scr2099,avaConv,solar
MK,h6479,0.0,scr2099,avaConv,solar
MK,h6480,0.0,scr2099,avaConv,solar
MK,h6481,0.0,scr2099,avaConv,solar
MK,h6482,0.0,scr2099,avaConv,solar
MK,h6483,0.0,scr2099,avaConv,solar
MK,h6484,0.0,scr2099,avaConv,solar
MK,h6485,0.0,scr2099,avaConv,solar
MK,h6486,0.022470326927997324,scr2099,avaConv,solar
MK,h6487,0.09867956237392513,scr2099,avaConv,solar
MK,h6488,0.23101563948417603,scr2099,avaConv,solar
MK,h6489,0.3816704653552788,scr2099,avaConv,solar
MK,h6490,0.5103870629624775,scr2099,avaConv,solar
MK,h6491,0.6078085293104334,scr2099,avaConv,solar
MK,h6492,0.6596116494093983,scr2099,avaConv,solar
MK,h6493,0.6604232668003637,scr2099,avaConv,solar
MK,h6494,0.606630882894898,scr2099,avaConv,solar
MK,h6495,0.5070997790496834,scr2099,avaConv,solar
MK,h6496,0.3232120952444796,scr2099,avaConv,solar
MK,h6497,0.14530781837604212,scr2099,avaConv,solar
MK,h6498,0.02602232824246858,scr2099,avaConv,solar
MK,h6499,0.0,scr2099,avaConv,solar
MK,h6500,0.0,scr2099,avaConv,solar
MK,h6501,0.0,scr2099,avaConv,solar
MK,h6502,0.0,scr2099,avaConv,solar
MK,h6503,0.0,scr2099,avaConv,solar
MK,h6504,0.0,scr2099,avaConv,solar
MK,h6505,0.0,scr2099,avaConv,solar
MK,h6506,0.0,scr2099,avaConv,solar
MK,h6507,0.0,scr2099,avaConv,solar
MK,h6508,0.0,scr2099,avaConv,solar
MK,h6509,0.0,scr2099,avaConv,solar
MK,h6510,0.022548035393071517,scr2099,avaConv,solar
MK,h6511,0.10044168044035735,scr2099,avaConv,solar
MK,h6512,0.2367976769770642,scr2099,avaConv,solar
MK,h6513,0.3936622444850407,scr2099,avaConv,solar
MK,h6514,0.5282806968339405,scr2099,avaConv,solar
MK,h6515,0.629239894738841,scr2099,avaConv,solar
MK,h6516,0.6826396517988621,scr2099,avaConv,solar
MK,h6517,0.6816261493466279,scr2099,avaConv,solar
MK,h6518,0.6259677452477905,scr2099,avaConv,solar
MK,h6519,0.5251664544324912,scr2099,avaConv,solar
MK,h6520,0.33594006325635734,scr2099,avaConv,solar
MK,h6521,0.15199351136224876,scr2099,avaConv,solar
MK,h6522,0.026782942628901987,scr2099,avaConv,solar
MK,h6523,0.0,scr2099,avaConv,solar
MK,h6524,0.0,scr2099,avaConv,solar
MK,h6525,0.0,scr2099,avaConv,solar
MK,h6526,0.0,scr2099,avaConv,solar
MK,h6527,0.0,scr2099,avaConv,solar
MK,h6528,0.0,scr2099,avaConv,solar
MK,h6529,0.0,scr2099,avaConv,solar
MK,h6530,0.0,scr2099,avaConv,solar
MK,h6531,0.0,scr2099,avaConv,solar
MK,h6532,0.0,scr2099,avaConv,solar
MK,h6533,0.0,scr2099,avaConv,solar
MK,h6534,0.021644564267046782,scr2099,avaConv,solar
MK,h6535,0.09870360138430356,scr2099,avaConv,solar
MK,h6536,0.23371496212273873,scr2099,avaConv,solar
MK,h6537,0.3901502399581067,scr2099,avaConv,solar
MK,h6538,0.5239530516402006,scr2099,avaConv,solar
MK,h6539,0.6252838572949545,scr2099,avaConv,solar
MK,h6540,0.6798484178011194,scr2099,avaConv,solar
MK,h6541,0.6808252544831719,scr2099,avaConv,solar
MK,h6542,0.6265299333085212,scr2099,avaConv,solar
MK,h6543,0.528298736585332,scr2099,avaConv,solar
MK,h6544,0.33691734896749725,scr2099,avaConv,solar
MK,h6545,0.1524498375685419,scr2099,avaConv,solar
MK,h6546,0.02560117651358285,scr2099,avaConv,solar
MK,h6547,0.0,scr2099,avaConv,solar
MK,h6548,0.0,scr2099,avaConv,solar
MK,h6549,0.0,scr2099,avaConv,solar
MK,h6550,0.0,scr2099,avaConv,solar
MK,h6551,0.0,scr2099,avaConv,solar
MK,h6552,0.0,scr2099,avaConv,solar
NL,h5809,0.0,scr2099,avaConv,solar
NL,h5810,0.0,scr2099,avaConv,solar
NL,h5811,0.0,scr2099,avaConv,solar
NL,h5812,0.0,scr2099,avaConv,solar
NL,h5813,0.0,scr2099,avaConv,solar
NL,h5814,0.004413935423829589,scr2099,avaConv,solar
NL,h5815,0.04145383258552459,scr2099,avaConv,solar
NL,h5816,0.1170183799292543,scr2099,avaConv,solar
NL,h5817,0.22054566069163312,scr2099,avaConv,solar
NL,h5818,0.3410361225029655,scr2099,avaConv,solar
NL,h5819,0.4480381866610081,scr2099,avaConv,solar
NL,h5820,0.5483497583526288,scr2099,avaConv,solar
NL,h5821,0.5968238972697155,scr2099,avaConv,solar
NL,h5822,0.6052013256591819,scr2099,avaConv,solar
NL,h5823,0.5589925402598964,scr2099,avaConv,solar
NL,h5824,0.46556422291348654,scr2099,avaConv,solar
NL,h5825,0.31011910825931777,scr2099,avaConv,solar
NL,h5826,0.16499243745722464,scr2099,avaConv,solar
NL,h5827,0.05201828254200009,scr2099,avaConv,solar
NL,h5828,0.015541576753632267,scr2099,avaConv,solar
NL,h5829,0.0,scr2099,avaConv,solar
NL,h5830,0.0,scr2099,avaConv,solar
NL,h5831,0.0,scr2099,avaConv,solar
NL,h5832,0.0,scr2099,avaConv,solar
NL,h5833,0.0,scr2099,avaConv,solar
NL,h5834,0.0,scr2099,avaConv,solar
NL,h5835,0.0,scr2099,avaConv,solar
NL,h5836,0.0,scr2099,avaConv,solar
NL,h5837,0.0,scr2099,avaConv,solar
NL,h5838,0.0026573797174920424,scr2099,avaConv,solar
NL,h5839,0.0254150619476012,scr2099,avaConv,solar
NL,h5840,0.06831948607694882,scr2099,avaConv,solar
NL,h5841,0.1485045429167867,scr2099,avaConv,solar
NL,h5842,0.23736878039585943,scr2099,avaConv,solar
NL,h5843,0.32270558523918913,scr2099,avaConv,solar
NL,h5844,0.39376469196842756,scr2099,avaConv,solar
NL,h5845,0.45630100995248085,scr2099,avaConv,solar
NL,h5846,0.5176325751479698,scr2099,avaConv,solar
NL,h5847,0.5215394475956637,scr2099,avaConv,solar
NL,h5848,0.46073172763940207,scr2099,avaConv,solar
NL,h5849,0.3065019787880054,scr2099,avaConv,solar
NL,h5850,0.16793082729163397,scr2099,avaConv,solar
NL,h5851,0.0543681206764323,scr2099,avaConv,solar
NL,h5852,0.01837225355352946,scr2099,avaConv,solar
NL,h5853,0.0,scr2099,avaConv,solar
NL,h5854,0.0,scr2099,avaConv,solar
NL,h5855,0.0,scr2099,avaConv,solar
NL,h5856,0.0,scr2099,avaConv,solar
NL,h5857,0.0,scr2099,avaConv,solar
NL,h5858,0.0,scr2099,avaConv,solar
NL,h5859,0.0,scr2099,avaConv,solar
NL,h5860,0.0,scr2099,avaConv,solar
NL,h5861,0.0,scr2099,avaConv,solar
NL,h5862,0.005405200269287848,scr2099,avaConv,solar
NL,h5863,0.05143448981558937,scr2099,avaConv,solar
NL,h5864,0.1442122751620328,scr2099,avaConv,solar
NL,h5865,0.2642408350289436,scr2099,avaConv,solar
NL,h5866,0.378928340346057,scr2099,avaConv,solar
NL,h5867,0.47427883786462594,scr2099,avaConv,solar
NL,h5868,0.546152820856697,scr2099,avaConv,solar
NL,h5869,0.5827540666122628,scr2099,avaConv,solar
NL,h5870,0.5868583989007237,scr2099,avaConv,solar
NL,h5871,0.5540123971065671,scr2099,avaConv,solar
NL,h5872,0.469070368745123,scr2099,avaConv,solar
NL,h5873,0.3128050961083328,scr2099,avaConv,solar
NL,h5874,0.1676697394694566,scr2099,avaConv,solar
NL,h5875,0.05469133534125137,scr2099,avaConv,solar
NL,h5876,0.0175445138645916,scr2099,avaConv,solar
NL,h5877,0.0,scr2099,avaConv,solar
NL,h5878,0.0,scr2099,avaConv,solar
NL,h5879,0.0,scr2099,avaConv,solar
NL,h5880,0.0,scr2099,avaConv,solar
NL,h5881,0.0,scr2099,avaConv,solar
NL,h5882,0.0,scr2099,avaConv,solar
NL,h5883,0.0,scr2099,avaConv,solar
NL,h5884,0.0,scr2099,avaConv,solar
NL,h5885,0.0,scr2099,avaConv,solar
NL,h5886,0.00016572568585705832,scr2099,avaConv,solar
NL,h5887,0.004721625783261915,scr2099,avaConv,solar
NL,h5888,0.018020707670393665,scr2099,avaConv,solar
NL,h5889,0.05140532758036589,scr2099,avaConv,solar
NL,h5890,0.1144105795247143,scr2099,avaConv,solar
NL,h5891,0.1872276879060464,scr2099,avaConv,solar
NL,h5892,0.2466364901870195,scr2099,avaConv,solar
NL,h5893,0.26905369910495963,scr2099,avaConv,solar
NL,h5894,0.2630429814175029,scr2099,avaConv,solar
NL,h5895,0.23429393224568937,scr2099,avaConv,solar
NL,h5896,0.19045393790274004,scr2099,avaConv,solar
NL,h5897,0.12821487200989312,scr2099,avaConv,solar
NL,h5898,0.07149534777424822,scr2099,avaConv,solar
NL,h5899,0.02504273664202029,scr2099,avaConv,solar
NL,h5900,0.00712954656994895,scr2099,avaConv,solar
NL,h5901,0.0,scr2099,avaConv,solar
NL,h5902,0.0,scr2099,avaConv,solar
NL,h5903,0.0,scr2099,avaConv,solar
NL,h5904,0.0,scr2099,avaConv,solar
NL,h5905,0.0,scr2099,avaConv,solar
NL,h5906,0.0,scr2099,avaConv,solar
NL,h5907,0.0,scr2099,avaConv,solar
NL,h5908,0.0,scr2099,avaConv,solar
NL,h5909,0.0,scr2099,avaConv,solar
NL,h5910,0.0007177261061161677,scr2099,avaConv,solar
NL,h5911,0.01574820930337929,scr2099,avaConv,solar
NL,h5912,0.04739286757885519,scr2099,avaConv,solar
NL,h5913,0.09479698096873919,scr2099,avaConv,solar
NL,h5914,0.13335097305131544,scr2099,avaConv,solar
NL,h5915,0.1665839903080625,scr2099,avaConv,solar
NL,h5916,0.193660054858338,scr2099,avaConv,solar
NL,h5917,0.22322332877930412,scr2099,avaConv,solar
NL,h5918,0.2668748411079753,scr2099,avaConv,solar
NL,h5919,0.2871368550488356,scr2099,avaConv,solar
NL,h5920,0.2816628069139198,scr2099,avaConv,solar
NL,h5921,0.19808148950872076,scr2099,avaConv,solar
NL,h5922,0.11382406317861304,scr2099,avaConv,solar
NL,h5923,0.0363050727441739,scr2099,avaConv,solar
NL,h5924,0.01063127031408416,scr2099,avaConv,solar
NL,h5925,0.0,scr2099,avaConv,solar
NL,h5926,0.0,scr2099,avaConv,solar
NL,h5927,0.0,scr2099,avaConv,solar
NL,h5928,0.0,scr2099,avaConv,solar
NL,h5929,0.0,scr2099,avaConv,solar
NL,h5930,0.0,scr2099,avaConv,solar
NL,h5931,0.0,scr2099,avaConv,solar
NL,h5932,0.0,scr2099,avaConv,solar
NL,h5933,0.0,scr2099,avaConv,solar
NL,h5934,0.0008292539820341275,scr2099,avaConv,solar
NL,h5935,0.013226150494575982,scr2099,avaConv,solar
NL,h5936,0.04097407122221869,scr2099,avaConv,solar
NL,h5937,0.0871490651380934,scr2099,avaConv,solar
NL,h5938,0.146507531857611,scr2099,avaConv,solar
NL,h5939,0.20979848858054187,scr2099,avaConv,solar
NL,h5940,0.27054998320118523,scr2099,avaConv,solar
NL,h5941,0.3235389950214868,scr2099,avaConv,solar
NL,h5942,0.3504504682254743,scr2099,avaConv,solar
NL,h5943,0.3536584599835994,scr2099,avaConv,solar
NL,h5944,0.3087759568187835,scr2099,avaConv,solar
NL,h5945,0.21710123380515634,scr2099,avaConv,solar
NL,h5946,0.11614963425232228,scr2099,avaConv,solar
NL,h5947,0.03633146109799703,scr2099,avaConv,solar
NL,h5948,0.0094859939428341,scr2099,avaConv,solar
NL,h5949,0.0,scr2099,avaConv,solar
NL,h5950,0.0,scr2099,avaConv,solar
NL,h5951,0.0,scr2099,avaConv,solar
NL,h5952,0.0,scr2099,avaConv,solar
NL,h5953,0.0,scr2099,avaConv,solar
NL,h5954,0.0,scr2099,avaConv,solar
NL,h5955,0.0,scr2099,avaConv,solar
NL,h5956,0.0,scr2099,avaConv,solar
NL,h5957,0.0,scr2099,avaConv,solar
NL,h5958,0.0041319145961028775,scr2099,avaConv,solar
NL,h5959,0.04731297150567649,scr2099,avaConv,solar
NL,h5960,0.13552595718329313,scr2099,avaConv,solar
NL,h5961,0.25503860773037995,scr2099,avaConv,solar
NL,h5962,0.36425771398833034,scr2099,avaConv,solar
NL,h5963,0.4562044406611644,scr2099,avaConv,solar
NL,h5964,0.5286047596484349,scr2099,avaConv,solar
NL,h5965,0.5733666204976209,scr2099,avaConv,solar
NL,h5966,0.5763861312407657,scr2099,avaConv,solar
NL,h5967,0.5415737766183618,scr2099,avaConv,solar
NL,h5968,0.4437574813087939,scr2099,avaConv,solar
NL,h5969,0.28917436221030196,scr2099,avaConv,solar
NL,h5970,0.14153736274992296,scr2099,avaConv,solar
NL,h5971,0.04179390847781674,scr2099,avaConv,solar
NL,h5972,0.011922942901883319,scr2099,avaConv,solar
NL,h5973,0.0,scr2099,avaConv,solar
NL,h5974,0.0,scr2099,avaConv,solar
NL,h5975,0.0,scr2099,avaConv,solar
NL,h5976,0.0,scr2099,avaConv,solar
NL,h5977,0.0,scr2099,avaConv,solar
NL,h5978,0.0,scr2099,avaConv,solar
NL,h5979,0.0,scr2099,avaConv,solar
NL,h5980,0.0,scr2099,avaConv,solar
NL,h5981,0.0,scr2099,avaConv,solar
NL,h5982,0.003312507343313306,scr2099,avaConv,solar
NL,h5983,0.045035045905933054,scr2099,avaConv,solar
NL,h5984,0.13514731690308107,scr2099,avaConv,solar
NL,h5985,0.26302723865579053,scr2099,avaConv,solar
NL,h5986,0.38518679638753284,scr2099,avaConv,solar
NL,h5987,0.4851249408948818,scr2099,avaConv,solar
NL,h5988,0.5569204572016186,scr2099,avaConv,solar
NL,h5989,0.5879129497643226,scr2099,avaConv,solar
NL,h5990,0.5812431218899768,scr2099,avaConv,solar
NL,h5991,0.5346583116680363,scr2099,avaConv,solar
NL,h5992,0.4466877941136522,scr2099,avaConv,solar
NL,h5993,0.29429127030080166,scr2099,avaConv,solar
NL,h5994,0.15086363684629417,scr2099,avaConv,solar
NL,h5995,0.043832436591435146,scr2099,avaConv,solar
NL,h5996,0.011636961010879588,scr2099,avaConv,solar
NL,h5997,0.0,scr2099,avaConv,solar
NL,h5998,0.0,scr2099,avaConv,solar
NL,h5999,0.0,scr2099,avaConv,solar
NL,h6000,0.0,scr2099,avaConv,solar
NL,h6001,0.0,scr2099,avaConv,solar
NL,h6002,0.0,scr2099,avaConv,solar
NL,h6003,0.0,scr2099,avaConv,solar
NL,h6004,0.0,scr2099,avaConv,solar
NL,h6005,0.0,scr2099,avaConv,solar
NL,h6006,0.0006094345638386932,scr2099,avaConv,solar
NL,h6007,0.027949337023899158,scr2099,avaConv,solar
NL,h6008,0.10119483620587029,scr2099,avaConv,solar
NL,h6009,0.20211905269055383,scr2099,avaConv,solar
NL,h6010,0.2892089891699491,scr2099,avaConv,solar
NL,h6011,0.3483095524256152,scr2099,avaConv,solar
NL,h6012,0.3994490910525562,scr2099,avaConv,solar
NL,h6013,0.44066970329402877,scr2099,avaConv,solar
NL,h6014,0.4624975894846764,scr2099,avaConv,solar
NL,h6015,0.43203180391936785,scr2099,avaConv,solar
NL,h6016,0.35431015852742487,scr2099,avaConv,solar
NL,h6017,0.22242739095417538,scr2099,avaConv,solar
NL,h6018,0.10802637863953578,scr2099,avaConv,solar
NL,h6019,0.03015506727153065,scr2099,avaConv,solar
NL,h6020,0.006681137259743446,scr2099,avaConv,solar
NL,h6021,0.0,scr2099,avaConv,solar
NL,h6022,0.0,scr2099,avaConv,solar
NL,h6023,0.0,scr2099,avaConv,solar
NL,h6024,0.0,scr2099,avaConv,solar
NL,h6025,0.0,scr2099,avaConv,solar
NL,h6026,0.0,scr2099,avaConv,solar
NL,h6027,0.0,scr2099,avaConv,solar
NL,h6028,0.0,scr2099,avaConv,solar
NL,h6029,0.0,scr2099,avaConv,solar
NL,h6030,0.0021795238732306645,scr2099,avaConv,solar
NL,h6031,0.04035222034517656,scr2099,avaConv,solar
NL,h6032,0.12633924479993736,scr2099,avaConv,solar
NL,h6033,0.2557195414130652,scr2099,avaConv,solar
NL,h6034,0.38789508979109993,scr2099,avaConv,solar
NL,h6035,0.5039484261000737,scr2099,avaConv,solar
NL,h6036,0.5917449325271291,scr2099,avaConv,solar
NL,h6037,0.6373816933397893,scr2099,avaConv,solar
NL,h6038,0.6356650260582374,scr2099,avaConv,solar
NL,h6039,0.5860925329703226,scr2099,avaConv,solar
NL,h6040,0.48704738673916725,scr2099,avaConv,solar
NL,h6041,0.3191362843159414,scr2099,avaConv,solar
NL,h6042,0.16146352523154764,scr2099,avaConv,solar
NL,h6043,0.04466863625194638,scr2099,avaConv,solar
NL,h6044,0.01091876808244775,scr2099,avaConv,solar
NL,h6045,0.0,scr2099,avaConv,solar
NL,h6046,0.0,scr2099,avaConv,solar
NL,h6047,0.0,scr2099,avaConv,solar
NL,h6048,0.0,scr2099,avaConv,solar
NL,h6049,0.0,scr2099,avaConv,solar
NL,h6050,0.0,scr2099,avaConv,solar
NL,h6051,0.0,scr2099,avaConv,solar
NL,h6052,0.0,scr2099,avaConv,solar
NL,h6053,0.0,scr2099,avaConv,solar
NL,h6054,0.0010074340855471425,scr2099,avaConv,solar
NL,h6055,0.020191369783122203,scr2099,avaConv,solar
NL,h6056,0.07294871477352112,scr2099,avaConv,solar
NL,h6057,0.15318446650565637,scr2099,avaConv,solar
NL,h6058,0.2579973801737489,scr2099,avaConv,solar
NL,h6059,0.3554406756317558,scr2099,avaConv,solar
NL,h6060,0.4475335074032668,scr2099,avaConv,solar
NL,h6061,0.4934852057317338,scr2099,avaConv,solar
NL,h6062,0.4984810046847235,scr2099,avaConv,solar
NL,h6063,0.4488232188437826,scr2099,avaConv,solar
NL,h6064,0.3590656643563518,scr2099,avaConv,solar
NL,h6065,0.2213413076655663,scr2099,avaConv,solar
NL,h6066,0.10253784292526852,scr2099,avaConv,solar
NL,h6067,0.022933631402580687,scr2099,avaConv,solar
NL,h6068,0.004237821809630634,scr2099,avaConv,solar
NL,h6069,0.0,scr2099,avaConv,solar
NL,h6070,0.0,scr2099,avaConv,solar
NL,h6071,0.0,scr2099,avaConv,solar
NL,h6072,0.0,scr2099,avaConv,solar
NL,h6073,0.0,scr2099,avaConv,solar
NL,h6074,0.0,scr2099,avaConv,solar
NL,h6075,0.0,scr2099,avaConv,solar
NL,h6076,0.0,scr2099,avaConv,solar
NL,h6077,0.0,scr2099,avaConv,solar
NL,h6078,0.0,scr2099,avaConv,solar
NL,h6079,0.010232032320999639,scr2099,avaConv,solar
NL,h6080,0.05190129465717503,scr2099,avaConv,solar
NL,h6081,0.11809781974651595,scr2099,avaConv,solar
NL,h6082,0.20442072020829455,scr2099,avaConv,solar
NL,h6083,0.26611256967211544,scr2099,avaConv,solar
NL,h6084,0.31305915913644056,scr2099,avaConv,solar
NL,h6085,0.3113437679299908,scr2099,avaConv,solar
NL,h6086,0.2836249309679507,scr2099,avaConv,solar
NL,h6087,0.22754926881829382,scr2099,avaConv,solar
NL,h6088,0.1713526961579755,scr2099,avaConv,solar
NL,h6089,0.10685422306234468,scr2099,avaConv,solar
NL,h6090,0.05208594284511157,scr2099,avaConv,solar
NL,h6091,0.01382116388064921,scr2099,avaConv,solar
NL,h6092,0.0019474730677489327,scr2099,avaConv,solar
NL,h6093,0.0,scr2099,avaConv,solar
NL,h6094,0.0,scr2099,avaConv,solar
NL,h6095,0.0,scr2099,avaConv,solar
NL,h6096,0.0,scr2099,avaConv,solar
NL,h6097,0.0,scr2099,avaConv,solar
NL,h6098,0.0,scr2099,avaConv,solar
NL,h6099,0.0,scr2099,avaConv,solar
NL,h6100,0.0,scr2099,avaConv,solar
NL,h6101,0.0,scr2099,avaConv,solar
NL,h6102,0.0,scr2099,avaConv,solar
NL,h6103,0.016022602581691497,scr2099,avaConv,solar
NL,h6104,0.05896731600374648,scr2099,avaConv,solar
NL,h6105,0.12543161336419775,scr2099,avaConv,solar
NL,h6106,0.18394844110731234,scr2099,avaConv,solar
NL,h6107,0.22335232119236653,scr2099,avaConv,solar
NL,h6108,0.23138428457014626,scr2099,avaConv,solar
NL,h6109,0.2337693137165447,scr2099,avaConv,solar
NL,h6110,0.22532147850730064,scr2099,avaConv,solar
NL,h6111,0.21560241371221853,scr2099,avaConv,solar
NL,h6112,0.18221478612162426,scr2099,avaConv,solar
NL,h6113,0.11817137310584207,scr2099,avaConv,solar
NL,h6114,0.05543074263007229,scr2099,avaConv,solar
NL,h6115,0.012187812943627214,scr2099,avaConv,solar
NL,h6116,0.0015950332666972522,scr2099,avaConv,solar
NL,h6117,0.0,scr2099,avaConv,solar
NL,h6118,0.0,scr2099,avaConv,solar
NL,h6119,0.0,scr2099,avaConv,solar
NL,h6120,0.0,scr2099,avaConv,solar
NL,h6121,0.0,scr2099,avaConv,solar
NL,h6122,0.0,scr2099,avaConv,solar
NL,h6123,0.0,scr2099,avaConv,solar
NL,h6124,0.0,scr2099,avaConv,solar
NL,h6125,0.0,scr2099,avaConv,solar
NL,h6126,0.00017595280936188808,scr2099,avaConv,solar
NL,h6127,0.022750460485648986,scr2099,avaConv,solar
NL,h6128,0.086311178998942,scr2099,avaConv,solar
NL,h6129,0.18228826310194143,scr2099,avaConv,solar
NL,h6130,0.2762293636196725,scr2099,avaConv,solar
NL,h6131,0.3455594467736165,scr2099,avaConv,solar
NL,h6132,0.3746794626141363,scr2099,avaConv,solar
NL,h6133,0.37027308404138304,scr2099,avaConv,solar
NL,h6134,0.3375671272504,scr2099,avaConv,solar
NL,h6135,0.2939596700646892,scr2099,avaConv,solar
NL,h6136,0.23517594292205762,scr2099,avaConv,solar
NL,h6137,0.14646482662875449,scr2099,avaConv,solar
NL,h6138,0.06660078483458268,scr2099,avaConv,solar
NL,h6139,0.013667970323192965,scr2099,avaConv,solar
NL,h6140,0.0011841008187273671,scr2099,avaConv,solar
NL,h6141,0.0,scr2099,avaConv,solar
NL,h6142,0.0,scr2099,avaConv,solar
NL,h6143,0.0,scr2099,avaConv,solar
NL,h6144,0.0,scr2099,avaConv,solar
NL,h6145,0.0,scr2099,avaConv,solar
NL,h6146,0.0,scr2099,avaConv,solar
NL,h6147,0.0,scr2099,avaConv,solar
NL,h6148,0.0,scr2099,avaConv,solar
NL,h6149,0.0,scr2099,avaConv,solar
NL,h6150,0.0,scr2099,avaConv,solar
NL,h6151,0.00530211426247995,scr2099,avaConv,solar
NL,h6152,0.023092414604028746,scr2099,avaConv,solar
NL,h6153,0.0548101638947796,scr2099,avaConv,solar
NL,h6154,0.08896425665598609,scr2099,avaConv,solar
NL,h6155,0.11531618182127537,scr2099,avaConv,solar
NL,h6156,0.13037663144893805,scr2099,avaConv,solar
NL,h6157,0.13734204727235602,scr2099,avaConv,solar
NL,h6158,0.13493232787607257,scr2099,avaConv,solar
NL,h6159,0.12188387387408339,scr2099,avaConv,solar
NL,h6160,0.0986670165024122,scr2099,avaConv,solar
NL,h6161,0.06396820688555833,scr2099,avaConv,solar
NL,h6162,0.03036058246353983,scr2099,avaConv,solar
NL,h6163,0.0074150255771356045,scr2099,avaConv,solar
NL,h6164,0.00024597005075703717,scr2099,avaConv,solar
NL,h6165,0.0,scr2099,avaConv,solar
NL,h6166,0.0,scr2099,avaConv,solar
NL,h6167,0.0,scr2099,avaConv,solar
NL,h6168,0.0,scr2099,avaConv,solar
NL,h6169,0.0,scr2099,avaConv,solar
NL,h6170,0.0,scr2099,avaConv,solar
NL,h6171,0.0,scr2099,avaConv,solar
NL,h6172,0.0,scr2099,avaConv,solar
NL,h6173,0.0,scr2099,avaConv,solar
NL,h6174,0.0,scr2099,avaConv,solar
NL,h6175,0.004606480689262912,scr2099,avaConv,solar
NL,h6176,0.021303697368948278,scr2099,avaConv,solar
NL,h6177,0.049242720841060385,scr2099,avaConv,solar
NL,h6178,0.08310774780448915,scr2099,avaConv,solar
NL,h6179,0.11360700637231283,scr2099,avaConv,solar
NL,h6180,0.14327889031914665,scr2099,avaConv,solar
NL,h6181,0.19451907753123965,scr2099,avaConv,solar
NL,h6182,0.2597439711209145,scr2099,avaConv,solar
NL,h6183,0.29974424727506566,scr2099,avaConv,solar
NL,h6184,0.276703434867424,scr2099,avaConv,solar
NL,h6185,0.18245601604009368,scr2099,avaConv,solar
NL,h6186,0.08731192260244544,scr2099,avaConv,solar
NL,h6187,0.021160973093313995,scr2099,avaConv,solar
NL,h6188,0.002344456724949828,scr2099,avaConv,solar
NL,h6189,0.0,scr2099,avaConv,solar
NL,h6190,0.0,scr2099,avaConv,solar
NL,h6191,0.0,scr2099,avaConv,solar
NL,h6192,0.0,scr2099,avaConv,solar
NL,h6193,0.0,scr2099,avaConv,solar
NL,h6194,0.0,scr2099,avaConv,solar
NL,h6195,0.0,scr2099,avaConv,solar
NL,h6196,0.0,scr2099,avaConv,solar
NL,h6197,0.0,scr2099,avaConv,solar
NL,h6198,0.0,scr2099,avaConv,solar
NL,h6199,0.003691262967782587,scr2099,avaConv,solar
NL,h6200,0.012683566117242771,scr2099,avaConv,solar
NL,h6201,0.030891265820837316,scr2099,avaConv,solar
NL,h6202,0.05168731710473034,scr2099,avaConv,solar
NL,h6203,0.07446309098192583,scr2099,avaConv,solar
NL,h6204,0.09321882230256032,scr2099,avaConv,solar
NL,h6205,0.11548173765272944,scr2099,avaConv,solar
NL,h6206,0.13242034526153934,scr2099,avaConv,solar
NL,h6207,0.13604092893002906,scr2099,avaConv,solar
NL,h6208,0.12168259628710319,scr2099,avaConv,solar
NL,h6209,0.08429240244999806,scr2099,avaConv,solar
NL,h6210,0.04403256003135162,scr2099,avaConv,solar
NL,h6211,0.011842824269523216,scr2099,avaConv,solar
NL,h6212,0.0006458444396310002,scr2099,avaConv,solar
NL,h6213,0.0,scr2099,avaConv,solar
NL,h6214,0.0,scr2099,avaConv,solar
NL,h6215,0.0,scr2099,avaConv,solar
NL,h6216,0.0,scr2099,avaConv,solar
NL,h6217,0.0,scr2099,avaConv,solar
NL,h6218,0.0,scr2099,avaConv,solar
NL,h6219,0.0,scr2099,avaConv,solar
NL,h6220,0.0,scr2099,avaConv,solar
NL,h6221,0.0,scr2099,avaConv,solar
NL,h6222,0.0,scr2099,avaConv,solar
NL,h6223,0.00497284021129609,scr2099,avaConv,solar
NL,h6224,0.021886523701881308,scr2099,avaConv,solar
NL,h6225,0.052703846357825115,scr2099,avaConv,solar
NL,h6226,0.09249606359862696,scr2099,avaConv,solar
NL,h6227,0.14365213644441374,scr2099,avaConv,solar
NL,h6228,0.20833707924992376,scr2099,avaConv,solar
NL,h6229,0.2699694544614241,scr2099,avaConv,solar
NL,h6230,0.2949034172061967,scr2099,avaConv,solar
NL,h6231,0.28385785084227894,scr2099,avaConv,solar
NL,h6232,0.2456854184044162,scr2099,avaConv,solar
NL,h6233,0.1765651867633273,scr2099,avaConv,solar
NL,h6234,0.09273641109755858,scr2099,avaConv,solar
NL,h6235,0.025339175412302566,scr2099,avaConv,solar
NL,h6236,0.001491997913584332,scr2099,avaConv,solar
NL,h6237,0.0,scr2099,avaConv,solar
NL,h6238,0.0,scr2099,avaConv,solar
NL,h6239,0.0,scr2099,avaConv,solar
NL,h6240,0.0,scr2099,avaConv,solar
NL,h6241,0.0,scr2099,avaConv,solar
NL,h6242,0.0,scr2099,avaConv,solar
NL,h6243,0.0,scr2099,avaConv,solar
NL,h6244,0.0,scr2099,avaConv,solar
NL,h6245,0.0,scr2099,avaConv,solar
NL,h6246,0.0,scr2099,avaConv,solar
NL,h6247,0.018491918859108437,scr2099,avaConv,solar
NL,h6248,0.06945188221672559,scr2099,avaConv,solar
NL,h6249,0.14515498427836954,scr2099,avaConv,solar
NL,h6250,0.21771464573810553,scr2099,avaConv,solar
NL,h6251,0.2711109980656406,scr2099,avaConv,solar
NL,h6252,0.30838000842290697,scr2099,avaConv,solar
NL,h6253,0.3513879286463864,scr2099,avaConv,solar
NL,h6254,0.3767603435805368,scr2099,avaConv,solar
NL,h6255,0.37179310545745603,scr2099,avaConv,solar
NL,h6256,0.30257812233892856,scr2099,avaConv,solar
NL,h6257,0.1939667327562346,scr2099,avaConv,solar
NL,h6258,0.08661518796325665,scr2099,avaConv,solar
NL,h6259,0.02185798146235609,scr2099,avaConv,solar
NL,h6260,0.0004256345529153222,scr2099,avaConv,solar
NL,h6261,0.0,scr2099,avaConv,solar
NL,h6262,0.0,scr2099,avaConv,solar
NL,h6263,0.0,scr2099,avaConv,solar
NL,h6264,0.0,scr2099,avaConv,solar
NL,h6265,0.0,scr2099,avaConv,solar
NL,h6266,0.0,scr2099,avaConv,solar
NL,h6267,0.0,scr2099,avaConv,solar
NL,h6268,0.0,scr2099,avaConv,solar
NL,h6269,0.0,scr2099,avaConv,solar
NL,h6270,0.0,scr2099,avaConv,solar
NL,h6271,0.0020674740349912696,scr2099,avaConv,solar
NL,h6272,0.011290608625074684,scr2099,avaConv,solar
NL,h6273,0.030442493655782703,scr2099,avaConv,solar
NL,h6274,0.057081471587529645,scr2099,avaConv,solar
NL,h6275,0.08310477331504247,scr2099,avaConv,solar
NL,h6276,0.10212809687966548,scr2099,avaConv,solar
NL,h6277,0.11135008198857117,scr2099,avaConv,solar
NL,h6278,0.11131357885876267,scr2099,avaConv,solar
NL,h6279,0.10153361433681042,scr2099,avaConv,solar
NL,h6280,0.09399518340424128,scr2099,avaConv,solar
NL,h6281,0.06972505764656693,scr2099,avaConv,solar
NL,h6282,0.04121513157446994,scr2099,avaConv,solar
NL,h6283,0.011211978915018085,scr2099,avaConv,solar
NL,h6284,0.000405391718211233,scr2099,avaConv,solar
NL,h6285,0.0,scr2099,avaConv,solar
NL,h6286,0.0,scr2099,avaConv,solar
NL,h6287,0.0,scr2099,avaConv,solar
NL,h6288,0.0,scr2099,avaConv,solar
NL,h6289,0.0,scr2099,avaConv,solar
NL,h6290,0.0,scr2099,avaConv,solar
NL,h6291,0.0,scr2099,avaConv,solar
NL,h6292,0.0,scr2099,avaConv,solar
NL,h6293,0.0,scr2099,avaConv,solar
NL,h6294,0.0,scr2099,avaConv,solar
NL,h6295,0.004302700150274176,scr2099,avaConv,solar
NL,h6296,0.021805891201447693,scr2099,avaConv,solar
NL,h6297,0.0583431850065673,scr2099,avaConv,solar
NL,h6298,0.11070116171214288,scr2099,avaConv,solar
NL,h6299,0.16726113021957573,scr2099,avaConv,solar
NL,h6300,0.21614987056328136,scr2099,avaConv,solar
NL,h6301,0.26367321755842,scr2099,avaConv,solar
NL,h6302,0.29345828049753514,scr2099,avaConv,solar
NL,h6303,0.3057658777370274,scr2099,avaConv,solar
NL,h6304,0.27759344169796835,scr2099,avaConv,solar
NL,h6305,0.19221188104641304,scr2099,avaConv,solar
NL,h6306,0.09366241069602588,scr2099,avaConv,solar
NL,h6307,0.018900894370738778,scr2099,avaConv,solar
NL,h6308,0.0,scr2099,avaConv,solar
NL,h6309,0.0,scr2099,avaConv,solar
NL,h6310,0.0,scr2099,avaConv,solar
NL,h6311,0.0,scr2099,avaConv,solar
NL,h6312,0.0,scr2099,avaConv,solar
NL,h6313,0.0,scr2099,avaConv,solar
NL,h6314,0.0,scr2099,avaConv,solar
NL,h6315,0.0,scr2099,avaConv,solar
NL,h6316,0.0,scr2099,avaConv,solar
NL,h6317,0.0,scr2099,avaConv,solar
NL,h6318,0.0,scr2099,avaConv,solar
NL,h6319,0.0218661820783385,scr2099,avaConv,solar
NL,h6320,0.09103343776745831,scr2099,avaConv,solar
NL,h6321,0.2067230301728927,scr2099,avaConv,solar
NL,h6322,0.33747515175477644,scr2099,avaConv,solar
NL,h6323,0.4517732277411557,scr2099,avaConv,solar
NL,h6324,0.5402702885096304,scr2099,avaConv,solar
NL,h6325,0.5956735576291925,scr2099,avaConv,solar
NL,h6326,0.6085394200638798,scr2099,avaConv,solar
NL,h6327,0.5749651029546311,scr2099,avaConv,solar
NL,h6328,0.4901024173889347,scr2099,avaConv,solar
NL,h6329,0.32854943059921743,scr2099,avaConv,solar
NL,h6330,0.15813320669542846,scr2099,avaConv,solar
NL,h6331,0.036413336885331896,scr2099,avaConv,solar
NL,h6332,0.0008717910481252294,scr2099,avaConv,solar
NL,h6333,0.0,scr2099,avaConv,solar
NL,h6334,0.0,scr2099,avaConv,solar
NL,h6335,0.0,scr2099,avaConv,solar
NL,h6336,0.0,scr2099,avaConv,solar
NL,h6337,0.0,scr2099,avaConv,solar
NL,h6338,0.0,scr2099,avaConv,solar
NL,h6339,0.0,scr2099,avaConv,solar
NL,h6340,0.0,scr2099,avaConv,solar
NL,h6341,0.0,scr2099,avaConv,solar
NL,h6342,0.0,scr2099,avaConv,solar
NL,h6343,0.017163948088456074,scr2099,avaConv,solar
NL,h6344,0.07061329975557591,scr2099,avaConv,solar
NL,h6345,0.16099117776396535,scr2099,avaConv,solar
NL,h6346,0.2689236043732871,scr2099,avaConv,solar
NL,h6347,0.3875201860781245,scr2099,avaConv,solar
NL,h6348,0.4762164997435834,scr2099,avaConv,solar
NL,h6349,0.5268515127871186,scr2099,avaConv,solar
NL,h6350,0.5200634323639006,scr2099,avaConv,solar
NL,h6351,0.49003870173568714,scr2099,avaConv,solar
NL,h6352,0.42748804695629355,scr2099,avaConv,solar
NL,h6353,0.29042439594966857,scr2099,avaConv,solar
NL,h6354,0.14125787234123433,scr2099,avaConv,solar
NL,h6355,0.02975865191449232,scr2099,avaConv,solar
NL,h6356,0.0005243532035505498,scr2099,avaConv,solar
NL,h6357,0.0,scr2099,avaConv,solar
NL,h6358,0.0,scr2099,avaConv,solar
NL,h6359,0.0,scr2099,avaConv,solar
NL,h6360,0.0,scr2099,avaConv,solar
NL,h6361,0.0,scr2099,avaConv,solar
NL,h6362,0.0,scr2099,avaConv,solar
NL,h6363,0.0,scr2099,avaConv,solar
NL,h6364,0.0,scr2099,avaConv,solar
NL,h6365,0.0,scr2099,avaConv,solar
NL,h6366,0.0,scr2099,avaConv,solar
NL,h6367,0.021535796219127424,scr2099,avaConv,solar
NL,h6368,0.09031919648621613,scr2099,avaConv,solar
NL,h6369,0.20849597221069457,scr2099,avaConv,solar
NL,h6370,0.34509471711486406,scr2099,avaConv,solar
NL,h6371,0.45654013573787644,scr2099,avaConv,solar
NL,h6372,0.5395210821157275,scr2099,avaConv,solar
NL,h6373,0.5826483180113622,scr2099,avaConv,solar
NL,h6374,0.599701660392761,scr2099,avaConv,solar
NL,h6375,0.5648936647582357,scr2099,avaConv,solar
NL,h6376,0.48491741144377587,scr2099,avaConv,solar
NL,h6377,0.31856642161524323,scr2099,avaConv,solar
NL,h6378,0.15169018906631485,scr2099,avaConv,solar
NL,h6379,0.031993948408852224,scr2099,avaConv,solar
NL,h6380,0.0002791881619029547,scr2099,avaConv,solar
NL,h6381,0.0,scr2099,avaConv,solar
NL,h6382,0.0,scr2099,avaConv,solar
NL,h6383,0.0,scr2099,avaConv,solar
NL,h6384,0.0,scr2099,avaConv,solar
NL,h6385,0.0,scr2099,avaConv,solar
NL,h6386,0.0,scr2099,avaConv,solar
NL,h6387,0.0,scr2099,avaConv,solar
NL,h6388,0.0,scr2099,avaConv,solar
NL,h6389,0.0,scr2099,avaConv,solar
NL,h6390,0.0,scr2099,avaConv,solar
NL,h6391,0.005664314131434458,scr2099,avaConv,solar
NL,h6392,0.02740682918229025,scr2099,avaConv,solar
NL,h6393,0.06392848272879538,scr2099,avaConv,solar
NL,h6394,0.11308009301963996,scr2099,avaConv,solar
NL,h6395,0.15959044835479666,scr2099,avaConv,solar
NL,h6396,0.1974492008336261,scr2099,avaConv,solar
NL,h6397,0.2304167100973867,scr2099,avaConv,solar
NL,h6398,0.24238564046119682,scr2099,avaConv,solar
NL,h6399,0.23908390088114267,scr2099,avaConv,solar
NL,h6400,0.20798399324289776,scr2099,avaConv,solar
NL,h6401,0.14013604554423678,scr2099,avaConv,solar
NL,h6402,0.0685592832426284,scr2099,avaConv,solar
NL,h6403,0.012880218207075338,scr2099,avaConv,solar
NL,h6404,0.0,scr2099,avaConv,solar
NL,h6405,0.0,scr2099,avaConv,solar
NL,h6406,0.0,scr2099,avaConv,solar
NL,h6407,0.0,scr2099,avaConv,solar
NL,h6408,0.0,scr2099,avaConv,solar
NL,h6409,0.0,scr2099,avaConv,solar
NL,h6410,0.0,scr2099,avaConv,solar
NL,h6411,0.0,scr2099,avaConv,solar
NL,h6412,0.0,scr2099,avaConv,solar
NL,h6413,0.0,scr2099,avaConv,solar
NL,h6414,0.0,scr2099,avaConv,solar
NL,h6415,0.01247538883462474,scr2099,avaConv,solar
NL,h6416,0.05981614379103014,scr2099,avaConv,solar
NL,h6417,0.14038569287377148,scr2099,avaConv,solar
NL,h6418,0.23297079973549478,scr2099,avaConv,solar
NL,h6419,0.31309058924310484,scr2099,avaConv,solar
NL,h6420,0.40212415760732245,scr2099,avaConv,solar
NL,h6421,0.474457412263758,scr2099,avaConv,solar
NL,h6422,0.5119112577059719,scr2099,avaConv,solar
NL,h6423,0.4974573039260647,scr2099,avaConv,solar
NL,h6424,0.4433655465231644,scr2099,avaConv,solar
NL,h6425,0.30643783225264604,scr2099,avaConv,solar
NL,h6426,0.1498071078275273,scr2099,avaConv,solar
NL,h6427,0.028918246452713695,scr2099,avaConv,solar
NL,h6428,0.0,scr2099,avaConv,solar
NL,h6429,0.0,scr2099,avaConv,solar
NL,h6430,0.0,scr2099,avaConv,solar
NL,h6431,0.0,scr2099,avaConv,solar
NL,h6432,0.0,scr2099,avaConv,solar
NL,h6433,0.0,scr2099,avaConv,solar
NL,h6434,0.0,scr2099,avaConv,solar
NL,h6435,0.0,scr2099,avaConv,solar
NL,h6436,0.0,scr2099,avaConv,solar
NL,h6437,0.0,scr2099,avaConv,solar
NL,h6438,0.0,scr2099,avaConv,solar
NL,h6439,0.01514084734520458,scr2099,avaConv,solar
NL,h6440,0.06878535354402804,scr2099,avaConv,solar
NL,h6441,0.16411796254423744,scr2099,avaConv,solar
NL,h6442,0.28604716580675743,scr2099,avaConv,solar
NL,h6443,0.3975881083695264,scr2099,avaConv,solar
NL,h6444,0.48468238446229994,scr2099,avaConv,solar
NL,h6445,0.5403692812243058,scr2099,avaConv,solar
NL,h6446,0.5610652290979742,scr2099,avaConv,solar
NL,h6447,0.5369306325456411,scr2099,avaConv,solar
NL,h6448,0.45934980995237085,scr2099,avaConv,solar
NL,h6449,0.29529727278516216,scr2099,avaConv,solar
NL,h6450,0.1362557200099023,scr2099,avaConv,solar
NL,h6451,0.023180339034853174,scr2099,avaConv,solar
NL,h6452,0.0,scr2099,avaConv,solar
NL,h6453,0.0,scr2099,avaConv,solar
NL,h6454,0.0,scr2099,avaConv,solar
NL,h6455,0.0,scr2099,avaConv,solar
NL,h6456,0.0,scr2099,avaConv,solar
NL,h6457,0.0,scr2099,avaConv,solar
NL,h6458,0.0,scr2099,avaConv,solar
NL,h6459,0.0,scr2099,avaConv,solar
NL,h6460,0.0,scr2099,avaConv,solar
NL,h6461,0.0,scr2099,avaConv,solar
NL,h6462,0.0,scr2099,avaConv,solar
NL,h6463,0.0005475708698492661,scr2099,avaConv,solar
NL,h6464,0.00917603095206381,scr2099,avaConv,solar
NL,h6465,0.0354444404248656,scr2099,avaConv,solar
NL,h6466,0.09476714585042502,scr2099,avaConv,solar
NL,h6467,0.17744321032498517,scr2099,avaConv,solar
NL,h6468,0.25781584056701534,scr2099,avaConv,solar
NL,h6469,0.3174779432257859,scr2099,avaConv,solar
NL,h6470,0.33831124821413633,scr2099,avaConv,solar
NL,h6471,0.3327367865165256,scr2099,avaConv,solar
NL,h6472,0.30295854219057305,scr2099,avaConv,solar
NL,h6473,0.2054029612638368,scr2099,avaConv,solar
NL,h6474,0.10318263631591196,scr2099,avaConv,solar
NL,h6475,0.015467501653769348,scr2099,avaConv,solar
NL,h6476,0.0,scr2099,avaConv,solar
NL,h6477,0.0,scr2099,avaConv,solar
NL,h6478,0.0,scr2099,avaConv,solar
NL,h6479,0.0,scr2099,avaConv,solar
NL,h6480,0.0,scr2099,avaConv,solar
NL,h6481,0.0,scr2099,avaConv,solar
NL,h6482,0.0,scr2099,avaConv,solar
NL,h6483,0.0,scr2099,avaConv,solar
NL,h6484,0.0,scr2099,avaConv,solar
NL,h6485,0.0,scr2099,avaConv,solar
NL,h6486,0.0,scr2099,avaConv,solar
NL,h6487,0.005541015043525557,scr2099,avaConv,solar
NL,h6488,0.03872764380204242,scr2099,avaConv,solar
NL,h6489,0.1109028335449216,scr2099,avaConv,solar
NL,h6490,0.21435308720379778,scr2099,avaConv,solar
NL,h6491,0.31647385805820993,scr2099,avaConv,solar
NL,h6492,0.39888511074137933,scr2099,avaConv,solar
NL,h6493,0.4591013527031028,scr2099,avaConv,solar
NL,h6494,0.490831386093123,scr2099,avaConv,solar
NL,h6495,0.4787332370059832,scr2099,avaConv,solar
NL,h6496,0.40973417449296107,scr2099,avaConv,solar
NL,h6497,0.2579512977077957,scr2099,avaConv,solar
NL,h6498,0.11450627752877027,scr2099,avaConv,solar
NL,h6499,0.016737869982446314,scr2099,avaConv,solar
NL,h6500,0.0,scr2099,avaConv,solar
NL,h6501,0.0,scr2099,avaConv,solar
NL,h6502,0.0,scr2099,avaConv,solar
NL,h6503,0.0,scr2099,avaConv,solar
NL,h6504,0.0,scr2099,avaConv,solar
NL,h6505,0.0,scr2099,avaConv,solar
NL,h6506,0.0,scr2099,avaConv,solar
NL,h6507,0.0,scr2099,avaConv,solar
NL,h6508,0.0,scr2099,avaConv,solar
NL,h6509,0.0,scr2099,avaConv,solar
NL,h6510,0.0,scr2099,avaConv,solar
NL,h6511,0.004096088503338595,scr2099,avaConv,solar
NL,h6512,0.02678680506161898,scr2099,avaConv,solar
NL,h6513,0.07509443919044247,scr2099,avaConv,solar
NL,h6514,0.13616214018924858,scr2099,avaConv,solar
NL,h6515,0.18165852062623147,scr2099,avaConv,solar
NL,h6516,0.18601382548651446,scr2099,avaConv,solar
NL,h6517,0.16529354824622366,scr2099,avaConv,solar
NL,h6518,0.14163704627705626,scr2099,avaConv,solar
NL,h6519,0.14452930779839998,scr2099,avaConv,solar
NL,h6520,0.14569070235518644,scr2099,avaConv,solar
NL,h6521,0.10801239172185123,scr2099,avaConv,solar
NL,h6522,0.051782396214261124,scr2099,avaConv,solar
NL,h6523,0.007464701481291111,scr2099,avaConv,solar
NL,h6524,0.0,scr2099,avaConv,solar
NL,h6525,0.0,scr2099,avaConv,solar
NL,h6526,0.0,scr2099,avaConv,solar
NL,h6527,0.0,scr2099,avaConv,solar
NL,h6528,0.0,scr2099,avaConv,solar
NL,h6529,0.0,scr2099,avaConv,solar
NL,h6530,0.0,scr2099,avaConv,solar
NL,h6531,0.0,scr2099,avaConv,solar
NL,h6532,0.0,scr2099,avaConv,solar
NL,h6533,0.0,scr2099,avaConv,solar
NL,h6534,0.0,scr2099,avaConv,solar
NL,h6535,0.006861258974534303,scr2099,avaConv,solar
NL,h6536,0.04297521930292971,scr2099,avaConv,solar
NL,h6537,0.12248212379834696,scr2099,avaConv,solar
NL,h6538,0.22016562875943146,scr2099,avaConv,solar
NL,h6539,0.32667337347142117,scr2099,avaConv,solar
NL,h6540,0.37038484107663733,scr2099,avaConv,solar
NL,h6541,0.3560115714885437,scr2099,avaConv,solar
NL,h6542,0.26283275744244333,scr2099,avaConv,solar
NL,h6543,0.16645150294683558,scr2099,avaConv,solar
NL,h6544,0.0945396573654293,scr2099,avaConv,solar
NL,h6545,0.04609898209195302,scr2099,avaConv,solar
NL,h6546,0.01906243659176965,scr2099,avaConv,solar
NL,h6547,0.0019690113446065977,scr2099,avaConv,solar
NL,h6548,0.0,scr2099,avaConv,solar
NL,h6549,0.0,scr2099,avaConv,solar
NL,h6550,0.0,scr2099,avaConv,solar
NL,h6551,0.0,scr2099,avaConv,solar
NL,h6552,0.0,scr2099,avaConv,solar
NO,h5809,0.0,scr2099,avaConv,solar
NO,h5810,0.0,scr2099,avaConv,solar
NO,h5811,0.0,scr2099,avaConv,solar
NO,h5812,0.0,scr2099,avaConv,solar
NO,h5813,0.0007541018358073959,scr2099,avaConv,solar
NO,h5814,0.010669477046173608,scr2099,avaConv,solar
NO,h5815,0.03880180702859094,scr2099,avaConv,solar
NO,h5816,0.08610405702593181,scr2099,avaConv,solar
NO,h5817,0.14360075971878689,scr2099,avaConv,solar
NO,h5818,0.19469106871235903,scr2099,avaConv,solar
NO,h5819,0.23579194627334002,scr2099,avaConv,solar
NO,h5820,0.2629100981277088,scr2099,avaConv,solar
NO,h5821,0.27586040107965343,scr2099,avaConv,solar
NO,h5822,0.26977796318831115,scr2099,avaConv,solar
NO,h5823,0.23989138663069295,scr2099,avaConv,solar
NO,h5824,0.18541859905971395,scr2099,avaConv,solar
NO,h5825,0.10938501508626636,scr2099,avaConv,solar
NO,h5826,0.04859248884246321,scr2099,avaConv,solar
NO,h5827,0.011010513201119048,scr2099,avaConv,solar
NO,h5828,0.0037357621594678813,scr2099,avaConv,solar
NO,h5829,0.0,scr2099,avaConv,solar
NO,h5830,0.0,scr2099,avaConv,solar
NO,h5831,0.0,scr2099,avaConv,solar
NO,h5832,0.0,scr2099,avaConv,solar
NO,h5833,0.0,scr2099,avaConv,solar
NO,h5834,0.0,scr2099,avaConv,solar
NO,h5835,0.0,scr2099,avaConv,solar
NO,h5836,0.0,scr2099,avaConv,solar
NO,h5837,0.0016200662336593157,scr2099,avaConv,solar
NO,h5838,0.015925513415805937,scr2099,avaConv,solar
NO,h5839,0.05294159156880436,scr2099,avaConv,solar
NO,h5840,0.1148152221748085,scr2099,avaConv,solar
NO,h5841,0.18290090963431493,scr2099,avaConv,solar
NO,h5842,0.2375781119519271,scr2099,avaConv,solar
NO,h5843,0.274655131423075,scr2099,avaConv,solar
NO,h5844,0.2926164235744099,scr2099,avaConv,solar
NO,h5845,0.29279251407083884,scr2099,avaConv,solar
NO,h5846,0.27403253800202765,scr2099,avaConv,solar
NO,h5847,0.24064015801320532,scr2099,avaConv,solar
NO,h5848,0.18978589273159444,scr2099,avaConv,solar
NO,h5849,0.11470178912391657,scr2099,avaConv,solar
NO,h5850,0.052374097918681965,scr2099,avaConv,solar
NO,h5851,0.01156164355568753,scr2099,avaConv,solar
NO,h5852,0.004479718551679054,scr2099,avaConv,solar
NO,h5853,0.0,scr2099,avaConv,solar
NO,h5854,0.0,scr2099,avaConv,solar
NO,h5855,0.0,scr2099,avaConv,solar
NO,h5856,0.0,scr2099,avaConv,solar
NO,h5857,0.0,scr2099,avaConv,solar
NO,h5858,0.0,scr2099,avaConv,solar
NO,h5859,0.0,scr2099,avaConv,solar
NO,h5860,0.0,scr2099,avaConv,solar
NO,h5861,0.00024423888923342325,scr2099,avaConv,solar
NO,h5862,0.007001106426249019,scr2099,avaConv,solar
NO,h5863,0.02816306189010278,scr2099,avaConv,solar
NO,h5864,0.06749675345770617,scr2099,avaConv,solar
NO,h5865,0.12240465333080215,scr2099,avaConv,solar
NO,h5866,0.18095606223185268,scr2099,avaConv,solar
NO,h5867,0.22978920805727493,scr2099,avaConv,solar
NO,h5868,0.25882074866517474,scr2099,avaConv,solar
NO,h5869,0.2678916123162502,scr2099,avaConv,solar
NO,h5870,0.2576662935075536,scr2099,avaConv,solar
NO,h5871,0.23000739358108857,scr2099,avaConv,solar
NO,h5872,0.17951156146480501,scr2099,avaConv,solar
NO,h5873,0.10858417882475208,scr2099,avaConv,solar
NO,h5874,0.049155043173475355,scr2099,avaConv,solar
NO,h5875,0.011010643460124906,scr2099,avaConv,solar
NO,h5876,0.0035200224317804515,scr2099,avaConv,solar
NO,h5877,0.0,scr2099,avaConv,solar
NO,h5878,0.0,scr2099,avaConv,solar
NO,h5879,0.0,scr2099,avaConv,solar
NO,h5880,0.0,scr2099,avaConv,solar
NO,h5881,0.0,scr2099,avaConv,solar
NO,h5882,0.0,scr2099,avaConv,solar
NO,h5883,0.0,scr2099,avaConv,solar
NO,h5884,0.0,scr2099,avaConv,solar
NO,h5885,0.0,scr2099,avaConv,solar
NO,h5886,0.006142363285842338,scr2099,avaConv,solar
NO,h5887,0.028076616319954492,scr2099,avaConv,solar
NO,h5888,0.06836848184815196,scr2099,avaConv,solar
NO,h5889,0.12235356286191239,scr2099,avaConv,solar
NO,h5890,0.17352999045059117,scr2099,avaConv,solar
NO,h5891,0.21577352485541965,scr2099,avaConv,solar
NO,h5892,0.23407054213667028,scr2099,avaConv,solar
NO,h5893,0.23429297497174473,scr2099,avaConv,solar
NO,h5894,0.21701927249795125,scr2099,avaConv,solar
NO,h5895,0.19033498503002555,scr2099,avaConv,solar
NO,h5896,0.14930795369167307,scr2099,avaConv,solar
NO,h5897,0.09108970599454541,scr2099,avaConv,solar
NO,h5898,0.04219125009394173,scr2099,avaConv,solar
NO,h5899,0.00995435025410068,scr2099,avaConv,solar
NO,h5900,0.002786343005677425,scr2099,avaConv,solar
NO,h5901,0.0,scr2099,avaConv,solar
NO,h5902,0.0,scr2099,avaConv,solar
NO,h5903,0.0,scr2099,avaConv,solar
NO,h5904,0.0,scr2099,avaConv,solar
NO,h5905,0.0,scr2099,avaConv,solar
NO,h5906,0.0,scr2099,avaConv,solar
NO,h5907,0.0,scr2099,avaConv,solar
NO,h5908,0.0,scr2099,avaConv,solar
NO,h5909,0.0,scr2099,avaConv,solar
NO,h5910,0.009018278012900829,scr2099,avaConv,solar
NO,h5911,0.037659970554226076,scr2099,avaConv,solar
NO,h5912,0.08716381202489165,scr2099,avaConv,solar
NO,h5913,0.1480897535479167,scr2099,avaConv,solar
NO,h5914,0.20300993145919657,scr2099,avaConv,solar
NO,h5915,0.2441130705062459,scr2099,avaConv,solar
NO,h5916,0.2626271306799754,scr2099,avaConv,solar
NO,h5917,0.2661806950514823,scr2099,avaConv,solar
NO,h5918,0.25149136762335084,scr2099,avaConv,solar
NO,h5919,0.22469769399041098,scr2099,avaConv,solar
NO,h5920,0.1774981070014477,scr2099,avaConv,solar
NO,h5921,0.10842157961770994,scr2099,avaConv,solar
NO,h5922,0.05053826858139863,scr2099,avaConv,solar
NO,h5923,0.010776223960183285,scr2099,avaConv,solar
NO,h5924,0.003727364358946501,scr2099,avaConv,solar
NO,h5925,0.0,scr2099,avaConv,solar
NO,h5926,0.0,scr2099,avaConv,solar
NO,h5927,0.0,scr2099,avaConv,solar
NO,h5928,0.0,scr2099,avaConv,solar
NO,h5929,0.0,scr2099,avaConv,solar
NO,h5930,0.0,scr2099,avaConv,solar
NO,h5931,0.0,scr2099,avaConv,solar
NO,h5932,0.0,scr2099,avaConv,solar
NO,h5933,0.00012866757451849846,scr2099,avaConv,solar
NO,h5934,0.008022771788535471,scr2099,avaConv,solar
NO,h5935,0.03736701427386353,scr2099,avaConv,solar
NO,h5936,0.0910399217749205,scr2099,avaConv,solar
NO,h5937,0.16473559092547146,scr2099,avaConv,solar
NO,h5938,0.24165453116093938,scr2099,avaConv,solar
NO,h5939,0.31688296701781926,scr2099,avaConv,solar
NO,h5940,0.3749099214179899,scr2099,avaConv,solar
NO,h5941,0.4072172437489415,scr2099,avaConv,solar
NO,h5942,0.40516380392500256,scr2099,avaConv,solar
NO,h5943,0.36943708255161345,scr2099,avaConv,solar
NO,h5944,0.29668919432069546,scr2099,avaConv,solar
NO,h5945,0.17956782694275086,scr2099,avaConv,solar
NO,h5946,0.082649468917309,scr2099,avaConv,solar
NO,h5947,0.01713606036010758,scr2099,avaConv,solar
NO,h5948,0.006695146063203426,scr2099,avaConv,solar
NO,h5949,0.0,scr2099,avaConv,solar
NO,h5950,0.0,scr2099,avaConv,solar
NO,h5951,0.0,scr2099,avaConv,solar
NO,h5952,0.0,scr2099,avaConv,solar
NO,h5953,0.0,scr2099,avaConv,solar
NO,h5954,0.0,scr2099,avaConv,solar
NO,h5955,0.0,scr2099,avaConv,solar
NO,h5956,0.0,scr2099,avaConv,solar
NO,h5957,0.0005252395075075874,scr2099,avaConv,solar
NO,h5958,0.012949314146802952,scr2099,avaConv,solar
NO,h5959,0.05076450544916093,scr2099,avaConv,solar
NO,h5960,0.11471672841188348,scr2099,avaConv,solar
NO,h5961,0.19484785255058854,scr2099,avaConv,solar
NO,h5962,0.27062995408941476,scr2099,avaConv,solar
NO,h5963,0.3359407639471568,scr2099,avaConv,solar
NO,h5964,0.3823698518785281,scr2099,avaConv,solar
NO,h5965,0.4079156175922425,scr2099,avaConv,solar
NO,h5966,0.4081370325627692,scr2099,avaConv,solar
NO,h5967,0.37840111727058107,scr2099,avaConv,solar
NO,h5968,0.31014646017659453,scr2099,avaConv,solar
NO,h5969,0.1899809244909919,scr2099,avaConv,solar
NO,h5970,0.08768558756768027,scr2099,avaConv,solar
NO,h5971,0.017199250174503303,scr2099,avaConv,solar
NO,h5972,0.006755084020625933,scr2099,avaConv,solar
NO,h5973,0.0,scr2099,avaConv,solar
NO,h5974,0.0,scr2099,avaConv,solar
NO,h5975,0.0,scr2099,avaConv,solar
NO,h5976,0.0,scr2099,avaConv,solar
NO,h5977,0.0,scr2099,avaConv,solar
NO,h5978,0.0,scr2099,avaConv,solar
NO,h5979,0.0,scr2099,avaConv,solar
NO,h5980,0.0,scr2099,avaConv,solar
NO,h5981,0.0004879984390970837,scr2099,avaConv,solar
NO,h5982,0.016047385628933125,scr2099,avaConv,solar
NO,h5983,0.06605334482221557,scr2099,avaConv,solar
NO,h5984,0.15251004549774666,scr2099,avaConv,solar
NO,h5985,0.2572387534400067,scr2099,avaConv,solar
NO,h5986,0.3438659703822919,scr2099,avaConv,solar
NO,h5987,0.40463580179742836,scr2099,avaConv,solar
NO,h5988,0.43313576866349046,scr2099,avaConv,solar
NO,h5989,0.439683194917997,scr2099,avaConv,solar
NO,h5990,0.421930440772188,scr2099,avaConv,solar
NO,h5991,0.3778170741661367,scr2099,avaConv,solar
NO,h5992,0.2969698872587765,scr2099,avaConv,solar
NO,h5993,0.17276019178005367,scr2099,avaConv,solar
NO,h5994,0.07232950380120998,scr2099,avaConv,solar
NO,h5995,0.010401528805103507,scr2099,avaConv,solar
NO,h5996,0.0040427181180438245,scr2099,avaConv,solar
NO,h5997,0.0,scr2099,avaConv,solar
NO,h5998,0.0,scr2099,avaConv,solar
NO,h5999,0.0,scr2099,avaConv,solar
NO,h6000,0.0,scr2099,avaConv,solar
NO,h6001,0.0,scr2099,avaConv,solar
NO,h6002,0.0,scr2099,avaConv,solar
NO,h6003,0.0,scr2099,avaConv,solar
NO,h6004,0.0,scr2099,avaConv,solar
NO,h6005,0.0002388646310538229,scr2099,avaConv,solar
NO,h6006,0.011737530143548117,scr2099,avaConv,solar
NO,h6007,0.05044247294762635,scr2099,avaConv,solar
NO,h6008,0.11897717457338429,scr2099,avaConv,solar
NO,h6009,0.2087163743494676,scr2099,avaConv,solar
NO,h6010,0.2895274628208616,scr2099,avaConv,solar
NO,h6011,0.34994005788443905,scr2099,avaConv,solar
NO,h6012,0.38052251595736397,scr2099,avaConv,solar
NO,h6013,0.38870903149587843,scr2099,avaConv,solar
NO,h6014,0.3727288935734989,scr2099,avaConv,solar
NO,h6015,0.3279960091720277,scr2099,avaConv,solar
NO,h6016,0.2510134841877779,scr2099,avaConv,solar
NO,h6017,0.14264658199170716,scr2099,avaConv,solar
NO,h6018,0.058501503009265654,scr2099,avaConv,solar
NO,h6019,0.008104932979804498,scr2099,avaConv,solar
NO,h6020,0.002824195753331979,scr2099,avaConv,solar
NO,h6021,0.0,scr2099,avaConv,solar
NO,h6022,0.0,scr2099,avaConv,solar
NO,h6023,0.0,scr2099,avaConv,solar
NO,h6024,0.0,scr2099,avaConv,solar
NO,h6025,0.0,scr2099,avaConv,solar
NO,h6026,0.0,scr2099,avaConv,solar
NO,h6027,0.0,scr2099,avaConv,solar
NO,h6028,0.0,scr2099,avaConv,solar
NO,h6029,0.00013645185177769032,scr2099,avaConv,solar
NO,h6030,0.008412722165120625,scr2099,avaConv,solar
NO,h6031,0.03954698041469436,scr2099,avaConv,solar
NO,h6032,0.09647014180410744,scr2099,avaConv,solar
NO,h6033,0.16919134197902466,scr2099,avaConv,solar
NO,h6034,0.2374909319499221,scr2099,avaConv,solar
NO,h6035,0.29279070975235016,scr2099,avaConv,solar
NO,h6036,0.32988730592151416,scr2099,avaConv,solar
NO,h6037,0.34727455221499487,scr2099,avaConv,solar
NO,h6038,0.33813765222472425,scr2099,avaConv,solar
NO,h6039,0.30323167202686335,scr2099,avaConv,solar
NO,h6040,0.23406877612876478,scr2099,avaConv,solar
NO,h6041,0.13560994811675808,scr2099,avaConv,solar
NO,h6042,0.05447273346364902,scr2099,avaConv,solar
NO,h6043,0.007130607008742692,scr2099,avaConv,solar
NO,h6044,0.0018831002534395065,scr2099,avaConv,solar
NO,h6045,0.0,scr2099,avaConv,solar
NO,h6046,0.0,scr2099,avaConv,solar
NO,h6047,0.0,scr2099,avaConv,solar
NO,h6048,0.0,scr2099,avaConv,solar
NO,h6049,0.0,scr2099,avaConv,solar
NO,h6050,0.0,scr2099,avaConv,solar
NO,h6051,0.0,scr2099,avaConv,solar
NO,h6052,0.0,scr2099,avaConv,solar
NO,h6053,0.0,scr2099,avaConv,solar
NO,h6054,0.005603169781652503,scr2099,avaConv,solar
NO,h6055,0.027069037845018573,scr2099,avaConv,solar
NO,h6056,0.06705269321070373,scr2099,avaConv,solar
NO,h6057,0.1182390750811322,scr2099,avaConv,solar
NO,h6058,0.1672067966921243,scr2099,avaConv,solar
NO,h6059,0.20770482189762496,scr2099,avaConv,solar
NO,h6060,0.23267413945395,scr2099,avaConv,solar
NO,h6061,0.234734723601064,scr2099,avaConv,solar
NO,h6062,0.21468206101578663,scr2099,avaConv,solar
NO,h6063,0.17768209998596735,scr2099,avaConv,solar
NO,h6064,0.12913147145675008,scr2099,avaConv,solar
NO,h6065,0.0716508187092807,scr2099,avaConv,solar
NO,h6066,0.027152160047548956,scr2099,avaConv,solar
NO,h6067,0.0033231727117648694,scr2099,avaConv,solar
NO,h6068,0.0002117231333812438,scr2099,avaConv,solar
NO,h6069,0.0,scr2099,avaConv,solar
NO,h6070,0.0,scr2099,avaConv,solar
NO,h6071,0.0,scr2099,avaConv,solar
NO,h6072,0.0,scr2099,avaConv,solar
NO,h6073,0.0,scr2099,avaConv,solar
NO,h6074,0.0,scr2099,avaConv,solar
NO,h6075,0.0,scr2099,avaConv,solar
NO,h6076,0.0,scr2099,avaConv,solar
NO,h6077,0.0,scr2099,avaConv,solar
NO,h6078,0.002400257083454419,scr2099,avaConv,solar
NO,h6079,0.016956439698782716,scr2099,avaConv,solar
NO,h6080,0.05104371554146375,scr2099,avaConv,solar
NO,h6081,0.10375162389501008,scr2099,avaConv,solar
NO,h6082,0.1615630398029361,scr2099,avaConv,solar
NO,h6083,0.2115819609300951,scr2099,avaConv,solar
NO,h6084,0.24095088616645785,scr2099,avaConv,solar
NO,h6085,0.24596879786757445,scr2099,avaConv,solar
NO,h6086,0.2263108685897363,scr2099,avaConv,solar
NO,h6087,0.19108459879914128,scr2099,avaConv,solar
NO,h6088,0.1420023986575434,scr2099,avaConv,solar
NO,h6089,0.08253949677413155,scr2099,avaConv,solar
NO,h6090,0.03409713180176644,scr2099,avaConv,solar
NO,h6091,0.005948231874354513,scr2099,avaConv,solar
NO,h6092,0.0007313432057034053,scr2099,avaConv,solar
NO,h6093,0.0,scr2099,avaConv,solar
NO,h6094,0.0,scr2099,avaConv,solar
NO,h6095,0.0,scr2099,avaConv,solar
NO,h6096,0.0,scr2099,avaConv,solar
NO,h6097,0.0,scr2099,avaConv,solar
NO,h6098,0.0,scr2099,avaConv,solar
NO,h6099,0.0,scr2099,avaConv,solar
NO,h6100,0.0,scr2099,avaConv,solar
NO,h6101,0.0,scr2099,avaConv,solar
NO,h6102,0.004560674122579128,scr2099,avaConv,solar
NO,h6103,0.030442227768511243,scr2099,avaConv,solar
NO,h6104,0.08315056352788844,scr2099,avaConv,solar
NO,h6105,0.1570385538652174,scr2099,avaConv,solar
NO,h6106,0.22594008669811738,scr2099,avaConv,solar
NO,h6107,0.2742429874556959,scr2099,avaConv,solar
NO,h6108,0.29570627834165136,scr2099,avaConv,solar
NO,h6109,0.29536144916561213,scr2099,avaConv,solar
NO,h6110,0.2802612319060393,scr2099,avaConv,solar
NO,h6111,0.2490379268310309,scr2099,avaConv,solar
NO,h6112,0.19698916500981561,scr2099,avaConv,solar
NO,h6113,0.11931557791299521,scr2099,avaConv,solar
NO,h6114,0.051619892346366686,scr2099,avaConv,solar
NO,h6115,0.009395672593972889,scr2099,avaConv,solar
NO,h6116,0.0009311500358083584,scr2099,avaConv,solar
NO,h6117,0.0,scr2099,avaConv,solar
NO,h6118,0.0,scr2099,avaConv,solar
NO,h6119,0.0,scr2099,avaConv,solar
NO,h6120,0.0,scr2099,avaConv,solar
NO,h6121,0.0,scr2099,avaConv,solar
NO,h6122,0.0,scr2099,avaConv,solar
NO,h6123,0.0,scr2099,avaConv,solar
NO,h6124,0.0,scr2099,avaConv,solar
NO,h6125,0.0,scr2099,avaConv,solar
NO,h6126,0.002395651526070855,scr2099,avaConv,solar
NO,h6127,0.01732651668196398,scr2099,avaConv,solar
NO,h6128,0.05082749882640279,scr2099,avaConv,solar
NO,h6129,0.10229868747700116,scr2099,avaConv,solar
NO,h6130,0.1560298041509264,scr2099,avaConv,solar
NO,h6131,0.20709296710280398,scr2099,avaConv,solar
NO,h6132,0.24683482294728618,scr2099,avaConv,solar
NO,h6133,0.2712467807435695,scr2099,avaConv,solar
NO,h6134,0.268555528360872,scr2099,avaConv,solar
NO,h6135,0.23848725480741265,scr2099,avaConv,solar
NO,h6136,0.18367483241989854,scr2099,avaConv,solar
NO,h6137,0.10990134665035048,scr2099,avaConv,solar
NO,h6138,0.046452022330260224,scr2099,avaConv,solar
NO,h6139,0.008429739171164663,scr2099,avaConv,solar
NO,h6140,0.00015714787762076602,scr2099,avaConv,solar
NO,h6141,0.0,scr2099,avaConv,solar
NO,h6142,0.0,scr2099,avaConv,solar
NO,h6143,0.0,scr2099,avaConv,solar
NO,h6144,0.0,scr2099,avaConv,solar
NO,h6145,0.0,scr2099,avaConv,solar
NO,h6146,0.0,scr2099,avaConv,solar
NO,h6147,0.0,scr2099,avaConv,solar
NO,h6148,0.0,scr2099,avaConv,solar
NO,h6149,0.0,scr2099,avaConv,solar
NO,h6150,0.003071163736422666,scr2099,avaConv,solar
NO,h6151,0.02035129140617096,scr2099,avaConv,solar
NO,h6152,0.057546566941632925,scr2099,avaConv,solar
NO,h6153,0.1118758630479842,scr2099,avaConv,solar
NO,h6154,0.16961133111604274,scr2099,avaConv,solar
NO,h6155,0.21586960739480882,scr2099,avaConv,solar
NO,h6156,0.24356865933484464,scr2099,avaConv,solar
NO,h6157,0.24718269338484528,scr2099,avaConv,solar
NO,h6158,0.23376815694969705,scr2099,avaConv,solar
NO,h6159,0.20398471644112895,scr2099,avaConv,solar
NO,h6160,0.15739290292338493,scr2099,avaConv,solar
NO,h6161,0.09350399837393895,scr2099,avaConv,solar
NO,h6162,0.038466263898231004,scr2099,avaConv,solar
NO,h6163,0.006565099290806605,scr2099,avaConv,solar
NO,h6164,0.00024278640193694896,scr2099,avaConv,solar
NO,h6165,0.0,scr2099,avaConv,solar
NO,h6166,0.0,scr2099,avaConv,solar
NO,h6167,0.0,scr2099,avaConv,solar
NO,h6168,0.0,scr2099,avaConv,solar
NO,h6169,0.0,scr2099,avaConv,solar
NO,h6170,0.0,scr2099,avaConv,solar
NO,h6171,0.0,scr2099,avaConv,solar
NO,h6172,0.0,scr2099,avaConv,solar
NO,h6173,0.0,scr2099,avaConv,solar
NO,h6174,0.0028865823718707416,scr2099,avaConv,solar
NO,h6175,0.022209451231064777,scr2099,avaConv,solar
NO,h6176,0.06315354434680695,scr2099,avaConv,solar
NO,h6177,0.12355017747633346,scr2099,avaConv,solar
NO,h6178,0.17816987065889517,scr2099,avaConv,solar
NO,h6179,0.2174189741306995,scr2099,avaConv,solar
NO,h6180,0.232740458170175,scr2099,avaConv,solar
NO,h6181,0.2315620172686097,scr2099,avaConv,solar
NO,h6182,0.21170844308720885,scr2099,avaConv,solar
NO,h6183,0.17822804883113133,scr2099,avaConv,solar
NO,h6184,0.1323611164988565,scr2099,avaConv,solar
NO,h6185,0.07799384983078282,scr2099,avaConv,solar
NO,h6186,0.032855506814530096,scr2099,avaConv,solar
NO,h6187,0.0060548002395239215,scr2099,avaConv,solar
NO,h6188,0.0,scr2099,avaConv,solar
NO,h6189,0.0,scr2099,avaConv,solar
NO,h6190,0.0,scr2099,avaConv,solar
NO,h6191,0.0,scr2099,avaConv,solar
NO,h6192,0.0,scr2099,avaConv,solar
NO,h6193,0.0,scr2099,avaConv,solar
NO,h6194,0.0,scr2099,avaConv,solar
NO,h6195,0.0,scr2099,avaConv,solar
NO,h6196,0.0,scr2099,avaConv,solar
NO,h6197,0.0,scr2099,avaConv,solar
NO,h6198,0.0032761776590056442,scr2099,avaConv,solar
NO,h6199,0.02681529987626057,scr2099,avaConv,solar
NO,h6200,0.07931105209790233,scr2099,avaConv,solar
NO,h6201,0.16313024856960232,scr2099,avaConv,solar
NO,h6202,0.25032428887963454,scr2099,avaConv,solar
NO,h6203,0.32329532944357997,scr2099,avaConv,solar
NO,h6204,0.36385162665733095,scr2099,avaConv,solar
NO,h6205,0.3794183540141793,scr2099,avaConv,solar
NO,h6206,0.35819991599244566,scr2099,avaConv,solar
NO,h6207,0.30948020422126593,scr2099,avaConv,solar
NO,h6208,0.23052819260476717,scr2099,avaConv,solar
NO,h6209,0.1370457105596194,scr2099,avaConv,solar
NO,h6210,0.05858895364119135,scr2099,avaConv,solar
NO,h6211,0.01145161170299202,scr2099,avaConv,solar
NO,h6212,0.0005138734622824649,scr2099,avaConv,solar
NO,h6213,0.0,scr2099,avaConv,solar
NO,h6214,0.0,scr2099,avaConv,solar
NO,h6215,0.0,scr2099,avaConv,solar
NO,h6216,0.0,scr2099,avaConv,solar
NO,h6217,0.0,scr2099,avaConv,solar
NO,h6218,0.0,scr2099,avaConv,solar
NO,h6219,0.0,scr2099,avaConv,solar
NO,h6220,0.0,scr2099,avaConv,solar
NO,h6221,0.0,scr2099,avaConv,solar
NO,h6222,0.0020204164896687874,scr2099,avaConv,solar
NO,h6223,0.024280955606053246,scr2099,avaConv,solar
NO,h6224,0.07925285537082682,scr2099,avaConv,solar
NO,h6225,0.17083567207728256,scr2099,avaConv,solar
NO,h6226,0.2678681976983279,scr2099,avaConv,solar
NO,h6227,0.34399738512323663,scr2099,avaConv,solar
NO,h6228,0.3823805403868226,scr2099,avaConv,solar
NO,h6229,0.3950016167650378,scr2099,avaConv,solar
NO,h6230,0.3827778661643976,scr2099,avaConv,solar
NO,h6231,0.34665662105600903,scr2099,avaConv,solar
NO,h6232,0.27798103707175814,scr2099,avaConv,solar
NO,h6233,0.17373511503409383,scr2099,avaConv,solar
NO,h6234,0.07837556073252044,scr2099,avaConv,solar
NO,h6235,0.015497097764368679,scr2099,avaConv,solar
NO,h6236,0.0006062683484653466,scr2099,avaConv,solar
NO,h6237,0.0,scr2099,avaConv,solar
NO,h6238,0.0,scr2099,avaConv,solar
NO,h6239,0.0,scr2099,avaConv,solar
NO,h6240,0.0,scr2099,avaConv,solar
NO,h6241,0.0,scr2099,avaConv,solar
NO,h6242,0.0,scr2099,avaConv,solar
NO,h6243,0.0,scr2099,avaConv,solar
NO,h6244,0.0,scr2099,avaConv,solar
NO,h6245,0.0,scr2099,avaConv,solar
NO,h6246,0.0021089320944267277,scr2099,avaConv,solar
NO,h6247,0.029677745933208214,scr2099,avaConv,solar
NO,h6248,0.09273832209836803,scr2099,avaConv,solar
NO,h6249,0.19046043107015845,scr2099,avaConv,solar
NO,h6250,0.29065135511727563,scr2099,avaConv,solar
NO,h6251,0.36708541196138783,scr2099,avaConv,solar
NO,h6252,0.4129365201358936,scr2099,avaConv,solar
NO,h6253,0.42503135692308036,scr2099,avaConv,solar
NO,h6254,0.4148039645429255,scr2099,avaConv,solar
NO,h6255,0.3735537837464502,scr2099,avaConv,solar
NO,h6256,0.30377984723896373,scr2099,avaConv,solar
NO,h6257,0.19008719054496462,scr2099,avaConv,solar
NO,h6258,0.08600497860551035,scr2099,avaConv,solar
NO,h6259,0.01625106322938562,scr2099,avaConv,solar
NO,h6260,0.0003769861857096964,scr2099,avaConv,solar
NO,h6261,0.0,scr2099,avaConv,solar
NO,h6262,0.0,scr2099,avaConv,solar
NO,h6263,0.0,scr2099,avaConv,solar
NO,h6264,0.0,scr2099,avaConv,solar
NO,h6265,0.0,scr2099,avaConv,solar
NO,h6266,0.0,scr2099,avaConv,solar
NO,h6267,0.0,scr2099,avaConv,solar
NO,h6268,0.0,scr2099,avaConv,solar
NO,h6269,0.0,scr2099,avaConv,solar
NO,h6270,0.0017531943014748137,scr2099,avaConv,solar
NO,h6271,0.027930959654186748,scr2099,avaConv,solar
NO,h6272,0.09532986986366224,scr2099,avaConv,solar
NO,h6273,0.20499643780987603,scr2099,avaConv,solar
NO,h6274,0.32166826795924025,scr2099,avaConv,solar
NO,h6275,0.41417921709360744,scr2099,avaConv,solar
NO,h6276,0.47272958593934394,scr2099,avaConv,solar
NO,h6277,0.4986385210751985,scr2099,avaConv,solar
NO,h6278,0.4949927030724142,scr2099,avaConv,solar
NO,h6279,0.4540823030408954,scr2099,avaConv,solar
NO,h6280,0.36797204357186625,scr2099,avaConv,solar
NO,h6281,0.22967793925301205,scr2099,avaConv,solar
NO,h6282,0.10094204789592463,scr2099,avaConv,solar
NO,h6283,0.018798721952891524,scr2099,avaConv,solar
NO,h6284,0.00037522977727323805,scr2099,avaConv,solar
NO,h6285,0.0,scr2099,avaConv,solar
NO,h6286,0.0,scr2099,avaConv,solar
NO,h6287,0.0,scr2099,avaConv,solar
NO,h6288,0.0,scr2099,avaConv,solar
NO,h6289,0.0,scr2099,avaConv,solar
NO,h6290,0.0,scr2099,avaConv,solar
NO,h6291,0.0,scr2099,avaConv,solar
NO,h6292,0.0,scr2099,avaConv,solar
NO,h6293,0.0,scr2099,avaConv,solar
NO,h6294,0.0011467075209180772,scr2099,avaConv,solar
NO,h6295,0.03166645124323549,scr2099,avaConv,solar
NO,h6296,0.10862678342639781,scr2099,avaConv,solar
NO,h6297,0.24237108004180108,scr2099,avaConv,solar
NO,h6298,0.38049258413178055,scr2099,avaConv,solar
NO,h6299,0.4941362386522093,scr2099,avaConv,solar
NO,h6300,0.5632234262964014,scr2099,avaConv,solar
NO,h6301,0.5979261184106017,scr2099,avaConv,solar
NO,h6302,0.5945048432840843,scr2099,avaConv,solar
NO,h6303,0.5472919116313081,scr2099,avaConv,solar
NO,h6304,0.44693079296695065,scr2099,avaConv,solar
NO,h6305,0.27980988744180885,scr2099,avaConv,solar
NO,h6306,0.12302895044151416,scr2099,avaConv,solar
NO,h6307,0.02077585374008518,scr2099,avaConv,solar
NO,h6308,0.00011845050502787933,scr2099,avaConv,solar
NO,h6309,0.0,scr2099,avaConv,solar
NO,h6310,0.0,scr2099,avaConv,solar
NO,h6311,0.0,scr2099,avaConv,solar
NO,h6312,0.0,scr2099,avaConv,solar
NO,h6313,0.0,scr2099,avaConv,solar
NO,h6314,0.0,scr2099,avaConv,solar
NO,h6315,0.0,scr2099,avaConv,solar
NO,h6316,0.0,scr2099,avaConv,solar
NO,h6317,0.0,scr2099,avaConv,solar
NO,h6318,0.0012667753294303336,scr2099,avaConv,solar
NO,h6319,0.01675476503984408,scr2099,avaConv,solar
NO,h6320,0.05391457563899023,scr2099,avaConv,solar
NO,h6321,0.11133151392458564,scr2099,avaConv,solar
NO,h6322,0.17445747645303475,scr2099,avaConv,solar
NO,h6323,0.2275466766701345,scr2099,avaConv,solar
NO,h6324,0.26526063708548575,scr2099,avaConv,solar
NO,h6325,0.2771023716328105,scr2099,avaConv,solar
NO,h6326,0.2628927472077684,scr2099,avaConv,solar
NO,h6327,0.22643563119380608,scr2099,avaConv,solar
NO,h6328,0.1718519217513323,scr2099,avaConv,solar
NO,h6329,0.10003464735147084,scr2099,avaConv,solar
NO,h6330,0.04019798088434528,scr2099,avaConv,solar
NO,h6331,0.00461275879746568,scr2099,avaConv,solar
NO,h6332,0.0,scr2099,avaConv,solar
NO,h6333,0.0,scr2099,avaConv,solar
NO,h6334,0.0,scr2099,avaConv,solar
NO,h6335,0.0,scr2099,avaConv,solar
NO,h6336,0.0,scr2099,avaConv,solar
NO,h6337,0.0,scr2099,avaConv,solar
NO,h6338,0.0,scr2099,avaConv,solar
NO,h6339,0.0,scr2099,avaConv,solar
NO,h6340,0.0,scr2099,avaConv,solar
NO,h6341,0.0,scr2099,avaConv,solar
NO,h6342,0.0,scr2099,avaConv,solar
NO,h6343,0.011117335256365076,scr2099,avaConv,solar
NO,h6344,0.04420197031792235,scr2099,avaConv,solar
NO,h6345,0.10228727424692267,scr2099,avaConv,solar
NO,h6346,0.16539126399856635,scr2099,avaConv,solar
NO,h6347,0.22211801013220603,scr2099,avaConv,solar
NO,h6348,0.2568913617615256,scr2099,avaConv,solar
NO,h6349,0.27387358657771665,scr2099,avaConv,solar
NO,h6350,0.2677686482775577,scr2099,avaConv,solar
NO,h6351,0.24458368611584239,scr2099,avaConv,solar
NO,h6352,0.20130715144574954,scr2099,avaConv,solar
NO,h6353,0.1240029810791975,scr2099,avaConv,solar
NO,h6354,0.05430196392976585,scr2099,avaConv,solar
NO,h6355,0.006888915659080705,scr2099,avaConv,solar
NO,h6356,0.0,scr2099,avaConv,solar
NO,h6357,0.0,scr2099,avaConv,solar
NO,h6358,0.0,scr2099,avaConv,solar
NO,h6359,0.0,scr2099,avaConv,solar
NO,h6360,0.0,scr2099,avaConv,solar
NO,h6361,0.0,scr2099,avaConv,solar
NO,h6362,0.0,scr2099,avaConv,solar
NO,h6363,0.0,scr2099,avaConv,solar
NO,h6364,0.0,scr2099,avaConv,solar
NO,h6365,0.0,scr2099,avaConv,solar
NO,h6366,0.0001320415790916743,scr2099,avaConv,solar
NO,h6367,0.010204419378941808,scr2099,avaConv,solar
NO,h6368,0.041264236349181055,scr2099,avaConv,solar
NO,h6369,0.09849368543148553,scr2099,avaConv,solar
NO,h6370,0.16364603530924252,scr2099,avaConv,solar
NO,h6371,0.21193467256350876,scr2099,avaConv,solar
NO,h6372,0.23296395872330433,scr2099,avaConv,solar
NO,h6373,0.23107738971938482,scr2099,avaConv,solar
NO,h6374,0.21640858330910445,scr2099,avaConv,solar
NO,h6375,0.18711918002661707,scr2099,avaConv,solar
NO,h6376,0.14346695078149543,scr2099,avaConv,solar
NO,h6377,0.08092329658960284,scr2099,avaConv,solar
NO,h6378,0.031877449986994884,scr2099,avaConv,solar
NO,h6379,0.0025392896288401593,scr2099,avaConv,solar
NO,h6380,0.0,scr2099,avaConv,solar
NO,h6381,0.0,scr2099,avaConv,solar
NO,h6382,0.0,scr2099,avaConv,solar
NO,h6383,0.0,scr2099,avaConv,solar
NO,h6384,0.0,scr2099,avaConv,solar
NO,h6385,0.0,scr2099,avaConv,solar
NO,h6386,0.0,scr2099,avaConv,solar
NO,h6387,0.0,scr2099,avaConv,solar
NO,h6388,0.0,scr2099,avaConv,solar
NO,h6389,0.0,scr2099,avaConv,solar
NO,h6390,0.00011562606413494034,scr2099,avaConv,solar
NO,h6391,0.015000814518676192,scr2099,avaConv,solar
NO,h6392,0.05600757204294494,scr2099,avaConv,solar
NO,h6393,0.1249906411249412,scr2099,avaConv,solar
NO,h6394,0.19198184916138622,scr2099,avaConv,solar
NO,h6395,0.23508274228309572,scr2099,avaConv,solar
NO,h6396,0.2503678042989421,scr2099,avaConv,solar
NO,h6397,0.2496594669605439,scr2099,avaConv,solar
NO,h6398,0.23593691011114848,scr2099,avaConv,solar
NO,h6399,0.20813192299697533,scr2099,avaConv,solar
NO,h6400,0.16643971910746347,scr2099,avaConv,solar
NO,h6401,0.09902886079790703,scr2099,avaConv,solar
NO,h6402,0.04250971019232632,scr2099,avaConv,solar
NO,h6403,0.0035167074432187547,scr2099,avaConv,solar
NO,h6404,0.0,scr2099,avaConv,solar
NO,h6405,0.0,scr2099,avaConv,solar
NO,h6406,0.0,scr2099,avaConv,solar
NO,h6407,0.0,scr2099,avaConv,solar
NO,h6408,0.0,scr2099,avaConv,solar
NO,h6409,0.0,scr2099,avaConv,solar
NO,h6410,0.0,scr2099,avaConv,solar
NO,h6411,0.0,scr2099,avaConv,solar
NO,h6412,0.0,scr2099,avaConv,solar
NO,h6413,0.0,scr2099,avaConv,solar
NO,h6414,0.0,scr2099,avaConv,solar
NO,h6415,0.009890933436033691,scr2099,avaConv,solar
NO,h6416,0.04277865272260833,scr2099,avaConv,solar
NO,h6417,0.10910011983077572,scr2099,avaConv,solar
NO,h6418,0.18186485364956645,scr2099,avaConv,solar
NO,h6419,0.2403595125122621,scr2099,avaConv,solar
NO,h6420,0.2657852321238577,scr2099,avaConv,solar
NO,h6421,0.2715395616111508,scr2099,avaConv,solar
NO,h6422,0.26518992429593335,scr2099,avaConv,solar
NO,h6423,0.2503860559861532,scr2099,avaConv,solar
NO,h6424,0.2104700161936751,scr2099,avaConv,solar
NO,h6425,0.12930051387832078,scr2099,avaConv,solar
NO,h6426,0.052333704926278694,scr2099,avaConv,solar
NO,h6427,0.004508403208106957,scr2099,avaConv,solar
NO,h6428,0.0,scr2099,avaConv,solar
NO,h6429,0.0,scr2099,avaConv,solar
NO,h6430,0.0,scr2099,avaConv,solar
NO,h6431,0.0,scr2099,avaConv,solar
NO,h6432,0.0,scr2099,avaConv,solar
NO,h6433,0.0,scr2099,avaConv,solar
NO,h6434,0.0,scr2099,avaConv,solar
NO,h6435,0.0,scr2099,avaConv,solar
NO,h6436,0.0,scr2099,avaConv,solar
NO,h6437,0.0,scr2099,avaConv,solar
NO,h6438,0.0,scr2099,avaConv,solar
NO,h6439,0.008502749001946799,scr2099,avaConv,solar
NO,h6440,0.03775452980252669,scr2099,avaConv,solar
NO,h6441,0.09586932502391482,scr2099,avaConv,solar
NO,h6442,0.16197262045798755,scr2099,avaConv,solar
NO,h6443,0.2216779899940947,scr2099,avaConv,solar
NO,h6444,0.2650145392209379,scr2099,avaConv,solar
NO,h6445,0.2955268378434859,scr2099,avaConv,solar
NO,h6446,0.30156126513645387,scr2099,avaConv,solar
NO,h6447,0.2757160805212895,scr2099,avaConv,solar
NO,h6448,0.21472304855981653,scr2099,avaConv,solar
NO,h6449,0.12289830447746136,scr2099,avaConv,solar
NO,h6450,0.04730080030370204,scr2099,avaConv,solar
NO,h6451,0.003771191346064568,scr2099,avaConv,solar
NO,h6452,0.0,scr2099,avaConv,solar
NO,h6453,0.0,scr2099,avaConv,solar
NO,h6454,0.0,scr2099,avaConv,solar
NO,h6455,0.0,scr2099,avaConv,solar
NO,h6456,0.0,scr2099,avaConv,solar
NO,h6457,0.0,scr2099,avaConv,solar
NO,h6458,0.0,scr2099,avaConv,solar
NO,h6459,0.0,scr2099,avaConv,solar
NO,h6460,0.0,scr2099,avaConv,solar
NO,h6461,0.0,scr2099,avaConv,solar
NO,h6462,0.0,scr2099,avaConv,solar
NO,h6463,0.010059263387340638,scr2099,avaConv,solar
NO,h6464,0.04631813090025609,scr2099,avaConv,solar
NO,h6465,0.11583852950849824,scr2099,avaConv,solar
NO,h6466,0.20178528165525939,scr2099,avaConv,solar
NO,h6467,0.28094977424348905,scr2099,avaConv,solar
NO,h6468,0.33475108576156737,scr2099,avaConv,solar
NO,h6469,0.35989627999364093,scr2099,avaConv,solar
NO,h6470,0.3557771335947619,scr2099,avaConv,solar
NO,h6471,0.3307035105197584,scr2099,avaConv,solar
NO,h6472,0.2709879177805451,scr2099,avaConv,solar
NO,h6473,0.16482913312565978,scr2099,avaConv,solar
NO,h6474,0.06660376249658144,scr2099,avaConv,solar
NO,h6475,0.005994353304428812,scr2099,avaConv,solar
NO,h6476,0.0,scr2099,avaConv,solar
NO,h6477,0.0,scr2099,avaConv,solar
NO,h6478,0.0,scr2099,avaConv,solar
NO,h6479,0.0,scr2099,avaConv,solar
NO,h6480,0.0,scr2099,avaConv,solar
NO,h6481,0.0,scr2099,avaConv,solar
NO,h6482,0.0,scr2099,avaConv,solar
NO,h6483,0.0,scr2099,avaConv,solar
NO,h6484,0.0,scr2099,avaConv,solar
NO,h6485,0.0,scr2099,avaConv,solar
NO,h6486,0.0,scr2099,avaConv,solar
NO,h6487,0.013276233773227827,scr2099,avaConv,solar
NO,h6488,0.06009036125693823,scr2099,avaConv,solar
NO,h6489,0.14949977540941878,scr2099,avaConv,solar
NO,h6490,0.2574085838584142,scr2099,avaConv,solar
NO,h6491,0.35165496751805664,scr2099,avaConv,solar
NO,h6492,0.40942318618252593,scr2099,avaConv,solar
NO,h6493,0.4323525570037045,scr2099,avaConv,solar
NO,h6494,0.41974869395959563,scr2099,avaConv,solar
NO,h6495,0.37810817150956594,scr2099,avaConv,solar
NO,h6496,0.2868412602802452,scr2099,avaConv,solar
NO,h6497,0.1606560888856037,scr2099,avaConv,solar
NO,h6498,0.05545413996582359,scr2099,avaConv,solar
NO,h6499,0.0032533921192031503,scr2099,avaConv,solar
NO,h6500,0.0,scr2099,avaConv,solar
NO,h6501,0.0,scr2099,avaConv,solar
NO,h6502,0.0,scr2099,avaConv,solar
NO,h6503,0.0,scr2099,avaConv,solar
NO,h6504,0.0,scr2099,avaConv,solar
NO,h6505,0.0,scr2099,avaConv,solar
NO,h6506,0.0,scr2099,avaConv,solar
NO,h6507,0.0,scr2099,avaConv,solar
NO,h6508,0.0,scr2099,avaConv,solar
NO,h6509,0.0,scr2099,avaConv,solar
NO,h6510,0.0,scr2099,avaConv,solar
NO,h6511,0.006335104947827846,scr2099,avaConv,solar
NO,h6512,0.03452732959030788,scr2099,avaConv,solar
NO,h6513,0.08926969188621962,scr2099,avaConv,solar
NO,h6514,0.16094350679064076,scr2099,avaConv,solar
NO,h6515,0.22282758863655444,scr2099,avaConv,solar
NO,h6516,0.26225215980353733,scr2099,avaConv,solar
NO,h6517,0.2733865176558812,scr2099,avaConv,solar
NO,h6518,0.2646550997755181,scr2099,avaConv,solar
NO,h6519,0.24081927622212695,scr2099,avaConv,solar
NO,h6520,0.19620542116373743,scr2099,avaConv,solar
NO,h6521,0.11707140391827518,scr2099,avaConv,solar
NO,h6522,0.046755173502259335,scr2099,avaConv,solar
NO,h6523,0.002950523558278673,scr2099,avaConv,solar
NO,h6524,0.0,scr2099,avaConv,solar
NO,h6525,0.0,scr2099,avaConv,solar
NO,h6526,0.0,scr2099,avaConv,solar
NO,h6527,0.0,scr2099,avaConv,solar
NO,h6528,0.0,scr2099,avaConv,solar
NO,h6529,0.0,scr2099,avaConv,solar
NO,h6530,0.0,scr2099,avaConv,solar
NO,h6531,0.0,scr2099,avaConv,solar
NO,h6532,0.0,scr2099,avaConv,solar
NO,h6533,0.0,scr2099,avaConv,solar
NO,h6534,0.0,scr2099,avaConv,solar
NO,h6535,0.0044545322420017535,scr2099,avaConv,solar
NO,h6536,0.026494046770440295,scr2099,avaConv,solar
NO,h6537,0.07456288673458601,scr2099,avaConv,solar
NO,h6538,0.14313835564647776,scr2099,avaConv,solar
NO,h6539,0.20961377075590945,scr2099,avaConv,solar
NO,h6540,0.257935732570293,scr2099,avaConv,solar
NO,h6541,0.282178880008679,scr2099,avaConv,solar
NO,h6542,0.2864633857916786,scr2099,avaConv,solar
NO,h6543,0.2777511344700414,scr2099,avaConv,solar
NO,h6544,0.22815268471686606,scr2099,avaConv,solar
NO,h6545,0.1377074066088083,scr2099,avaConv,solar
NO,h6546,0.05013882119563464,scr2099,avaConv,solar
NO,h6547,0.0031681251059052884,scr2099,avaConv,solar
NO,h6548,0.0,scr2099,avaConv,solar
NO,h6549,0.0,scr2099,avaConv,solar
NO,h6550,0.0,scr2099,avaConv,solar
NO,h6551,0.0,scr2099,avaConv,solar
NO,h6552,0.0,scr2099,avaConv,solar
PL,h5809,0.0,scr2099,avaConv,solar
PL,h5810,0.0,scr2099,avaConv,solar
PL,h5811,0.0,scr2099,avaConv,solar
PL,h5812,0.0,scr2099,avaConv,solar
PL,h5813,0.009493445584184348,scr2099,avaConv,solar
PL,h5814,0.05790524415532458,scr2099,avaConv,solar
PL,h5815,0.15143377734483607,scr2099,avaConv,solar
PL,h5816,0.27711385906812064,scr2099,avaConv,solar
PL,h5817,0.39867401827652155,scr2099,avaConv,solar
PL,h5818,0.502736807569057,scr2099,avaConv,solar
PL,h5819,0.578129929588867,scr2099,avaConv,solar
PL,h5820,0.6158671806034977,scr2099,avaConv,solar
PL,h5821,0.6076053535776258,scr2099,avaConv,solar
PL,h5822,0.5552993750379779,scr2099,avaConv,solar
PL,h5823,0.455475071558696,scr2099,avaConv,solar
PL,h5824,0.3019404733205511,scr2099,avaConv,solar
PL,h5825,0.1606078285791049,scr2099,avaConv,solar
PL,h5826,0.0525558839930943,scr2099,avaConv,solar
PL,h5827,0.016213153511027784,scr2099,avaConv,solar
PL,h5828,0.0,scr2099,avaConv,solar
PL,h5829,0.0,scr2099,avaConv,solar
PL,h5830,0.0,scr2099,avaConv,solar
PL,h5831,0.0,scr2099,avaConv,solar
PL,h5832,0.0,scr2099,avaConv,solar
PL,h5833,0.0,scr2099,avaConv,solar
PL,h5834,0.0,scr2099,avaConv,solar
PL,h5835,0.0031769264150522153,scr2099,avaConv,solar
PL,h5836,0.0031769264150522153,scr2099,avaConv,solar
PL,h5837,0.011228088193319061,scr2099,avaConv,solar
PL,h5838,0.05048709693825247,scr2099,avaConv,solar
PL,h5839,0.13447030679363633,scr2099,avaConv,solar
PL,h5840,0.24672752366606918,scr2099,avaConv,solar
PL,h5841,0.3536838633185623,scr2099,avaConv,solar
PL,h5842,0.4426631630008955,scr2099,avaConv,solar
PL,h5843,0.4988882596999981,scr2099,avaConv,solar
PL,h5844,0.5175935930609804,scr2099,avaConv,solar
PL,h5845,0.4975344462210326,scr2099,avaConv,solar
PL,h5846,0.45129749524139023,scr2099,avaConv,solar
PL,h5847,0.3744114561145296,scr2099,avaConv,solar
PL,h5848,0.2526146333309316,scr2099,avaConv,solar
PL,h5849,0.13907000272098402,scr2099,avaConv,solar
PL,h5850,0.04737225643944104,scr2099,avaConv,solar
PL,h5851,0.015719386626257936,scr2099,avaConv,solar
PL,h5852,0.0,scr2099,avaConv,solar
PL,h5853,0.0,scr2099,avaConv,solar
PL,h5854,0.0,scr2099,avaConv,solar
PL,h5855,0.0,scr2099,avaConv,solar
PL,h5856,0.0,scr2099,avaConv,solar
PL,h5857,0.0,scr2099,avaConv,solar
PL,h5858,0.0,scr2099,avaConv,solar
PL,h5859,0.0,scr2099,avaConv,solar
PL,h5860,0.0,scr2099,avaConv,solar
PL,h5861,0.006272852212586006,scr2099,avaConv,solar
PL,h5862,0.04322497459661009,scr2099,avaConv,solar
PL,h5863,0.11683502752719514,scr2099,avaConv,solar
PL,h5864,0.21286440360429415,scr2099,avaConv,solar
PL,h5865,0.29599173802621115,scr2099,avaConv,solar
PL,h5866,0.3535534134313899,scr2099,avaConv,solar
PL,h5867,0.3811216298031443,scr2099,avaConv,solar
PL,h5868,0.3849080289229217,scr2099,avaConv,solar
PL,h5869,0.3584570085627821,scr2099,avaConv,solar
PL,h5870,0.3103994857395098,scr2099,avaConv,solar
PL,h5871,0.23756245588779798,scr2099,avaConv,solar
PL,h5872,0.14729265295968486,scr2099,avaConv,solar
PL,h5873,0.07037086684529652,scr2099,avaConv,solar
PL,h5874,0.01928279433948658,scr2099,avaConv,solar
PL,h5875,0.004514312318406536,scr2099,avaConv,solar
PL,h5876,0.0,scr2099,avaConv,solar
PL,h5877,0.0,scr2099,avaConv,solar
PL,h5878,0.0,scr2099,avaConv,solar
PL,h5879,0.0,scr2099,avaConv,solar
PL,h5880,0.0,scr2099,avaConv,solar
PL,h5881,0.0,scr2099,avaConv,solar
PL,h5882,0.0,scr2099,avaConv,solar
PL,h5883,0.0,scr2099,avaConv,solar
PL,h5884,0.0,scr2099,avaConv,solar
PL,h5885,0.0008096230822439492,scr2099,avaConv,solar
PL,h5886,0.01814945826660154,scr2099,avaConv,solar
PL,h5887,0.06460109451428678,scr2099,avaConv,solar
PL,h5888,0.14247093312454967,scr2099,avaConv,solar
PL,h5889,0.23870646152070069,scr2099,avaConv,solar
PL,h5890,0.32941292200927397,scr2099,avaConv,solar
PL,h5891,0.4093795132295882,scr2099,avaConv,solar
PL,h5892,0.46637893563383864,scr2099,avaConv,solar
PL,h5893,0.49321597986626475,scr2099,avaConv,solar
PL,h5894,0.47886104272567337,scr2099,avaConv,solar
PL,h5895,0.40883968424950684,scr2099,avaConv,solar
PL,h5896,0.2772888240890654,scr2099,avaConv,solar
PL,h5897,0.14818795882814093,scr2099,avaConv,solar
PL,h5898,0.04767945045589023,scr2099,avaConv,solar
PL,h5899,0.01443320294410205,scr2099,avaConv,solar
PL,h5900,0.0,scr2099,avaConv,solar
PL,h5901,0.0,scr2099,avaConv,solar
PL,h5902,0.0,scr2099,avaConv,solar
PL,h5903,0.0,scr2099,avaConv,solar
PL,h5904,0.0,scr2099,avaConv,solar
PL,h5905,0.0,scr2099,avaConv,solar
PL,h5906,0.0,scr2099,avaConv,solar
PL,h5907,0.0,scr2099,avaConv,solar
PL,h5908,0.0,scr2099,avaConv,solar
PL,h5909,0.0036960383834037137,scr2099,avaConv,solar
PL,h5910,0.026567405066745143,scr2099,avaConv,solar
PL,h5911,0.07606604511140438,scr2099,avaConv,solar
PL,h5912,0.14621280895410418,scr2099,avaConv,solar
PL,h5913,0.21649124441048803,scr2099,avaConv,solar
PL,h5914,0.2889999440349201,scr2099,avaConv,solar
PL,h5915,0.33290394296970705,scr2099,avaConv,solar
PL,h5916,0.3587995136930859,scr2099,avaConv,solar
PL,h5917,0.33844312070918425,scr2099,avaConv,solar
PL,h5918,0.3004467045544781,scr2099,avaConv,solar
PL,h5919,0.23426084028276345,scr2099,avaConv,solar
PL,h5920,0.14894880666940186,scr2099,avaConv,solar
PL,h5921,0.07377349987287841,scr2099,avaConv,solar
PL,h5922,0.02103663598496822,scr2099,avaConv,solar
PL,h5923,0.004358128255171037,scr2099,avaConv,solar
PL,h5924,0.0,scr2099,avaConv,solar
PL,h5925,0.0,scr2099,avaConv,solar
PL,h5926,0.0,scr2099,avaConv,solar
PL,h5927,0.0,scr2099,avaConv,solar
PL,h5928,0.0,scr2099,avaConv,solar
PL,h5929,0.0,scr2099,avaConv,solar
PL,h5930,0.0,scr2099,avaConv,solar
PL,h5931,0.0,scr2099,avaConv,solar
PL,h5932,0.0,scr2099,avaConv,solar
PL,h5933,0.0006575183762543497,scr2099,avaConv,solar
PL,h5934,0.01204450387649583,scr2099,avaConv,solar
PL,h5935,0.04124055040458911,scr2099,avaConv,solar
PL,h5936,0.08866256081295303,scr2099,avaConv,solar
PL,h5937,0.1441849874133248,scr2099,avaConv,solar
PL,h5938,0.19903602544534477,scr2099,avaConv,solar
PL,h5939,0.2539281754209829,scr2099,avaConv,solar
PL,h5940,0.30046400405662893,scr2099,avaConv,solar
PL,h5941,0.3236893639460605,scr2099,avaConv,solar
PL,h5942,0.3109595856835402,scr2099,avaConv,solar
PL,h5943,0.2603524055617961,scr2099,avaConv,solar
PL,h5944,0.17177855131848505,scr2099,avaConv,solar
PL,h5945,0.08893523778719291,scr2099,avaConv,solar
PL,h5946,0.02626091861701822,scr2099,avaConv,solar
PL,h5947,0.007087251211229672,scr2099,avaConv,solar
PL,h5948,0.0,scr2099,avaConv,solar
PL,h5949,0.0,scr2099,avaConv,solar
PL,h5950,0.0,scr2099,avaConv,solar
PL,h5951,0.0,scr2099,avaConv,solar
PL,h5952,0.0,scr2099,avaConv,solar
PL,h5953,0.0,scr2099,avaConv,solar
PL,h5954,0.0,scr2099,avaConv,solar
PL,h5955,0.0,scr2099,avaConv,solar
PL,h5956,0.0,scr2099,avaConv,solar
PL,h5957,0.00038775947988244736,scr2099,avaConv,solar
PL,h5958,0.014629817436863535,scr2099,avaConv,solar
PL,h5959,0.04784986417660284,scr2099,avaConv,solar
PL,h5960,0.10330556402090443,scr2099,avaConv,solar
PL,h5961,0.16117383354078435,scr2099,avaConv,solar
PL,h5962,0.21639561733701063,scr2099,avaConv,solar
PL,h5963,0.25946720386530536,scr2099,avaConv,solar
PL,h5964,0.2870575940797525,scr2099,avaConv,solar
PL,h5965,0.2988447799513528,scr2099,avaConv,solar
PL,h5966,0.2875335018470955,scr2099,avaConv,solar
PL,h5967,0.24912130669827015,scr2099,avaConv,solar
PL,h5968,0.16691982393745364,scr2099,avaConv,solar
PL,h5969,0.08674260031179298,scr2099,avaConv,solar
PL,h5970,0.025533064393989533,scr2099,avaConv,solar
PL,h5971,0.006998559676549776,scr2099,avaConv,solar
PL,h5972,0.0,scr2099,avaConv,solar
PL,h5973,0.0,scr2099,avaConv,solar
PL,h5974,0.0,scr2099,avaConv,solar
PL,h5975,0.0,scr2099,avaConv,solar
PL,h5976,0.0,scr2099,avaConv,solar
PL,h5977,0.0,scr2099,avaConv,solar
PL,h5978,0.0,scr2099,avaConv,solar
PL,h5979,0.0,scr2099,avaConv,solar
PL,h5980,0.0,scr2099,avaConv,solar
PL,h5981,0.00024000464940779099,scr2099,avaConv,solar
PL,h5982,0.008387006264218065,scr2099,avaConv,solar
PL,h5983,0.029352610231941346,scr2099,avaConv,solar
PL,h5984,0.0622141102367107,scr2099,avaConv,solar
PL,h5985,0.09658135683543526,scr2099,avaConv,solar
PL,h5986,0.1266730634175842,scr2099,avaConv,solar
PL,h5987,0.1515603856327026,scr2099,avaConv,solar
PL,h5988,0.17172901834526977,scr2099,avaConv,solar
PL,h5989,0.17647781685210534,scr2099,avaConv,solar
PL,h5990,0.16538977814563782,scr2099,avaConv,solar
PL,h5991,0.1356682617171537,scr2099,avaConv,solar
PL,h5992,0.0944532639097877,scr2099,avaConv,solar
PL,h5993,0.053388271602381555,scr2099,avaConv,solar
PL,h5994,0.020285818108475403,scr2099,avaConv,solar
PL,h5995,0.005554381410974038,scr2099,avaConv,solar
PL,h5996,0.0,scr2099,avaConv,solar
PL,h5997,0.0,scr2099,avaConv,solar
PL,h5998,0.0,scr2099,avaConv,solar
PL,h5999,0.0,scr2099,avaConv,solar
PL,h6000,0.0,scr2099,avaConv,solar
PL,h6001,0.0,scr2099,avaConv,solar
PL,h6002,0.0,scr2099,avaConv,solar
PL,h6003,0.0,scr2099,avaConv,solar
PL,h6004,0.0,scr2099,avaConv,solar
PL,h6005,0.0010041900583383915,scr2099,avaConv,solar
PL,h6006,0.024042355244393597,scr2099,avaConv,solar
PL,h6007,0.07731263435739992,scr2099,avaConv,solar
PL,h6008,0.16989834798755343,scr2099,avaConv,solar
PL,h6009,0.27714341599905373,scr2099,avaConv,solar
PL,h6010,0.37100495749384205,scr2099,avaConv,solar
PL,h6011,0.43330030130611247,scr2099,avaConv,solar
PL,h6012,0.45478613991153993,scr2099,avaConv,solar
PL,h6013,0.4484459554099004,scr2099,avaConv,solar
PL,h6014,0.41901677110431396,scr2099,avaConv,solar
PL,h6015,0.3609016975684508,scr2099,avaConv,solar
PL,h6016,0.25148374969719034,scr2099,avaConv,solar
PL,h6017,0.1363444462668406,scr2099,avaConv,solar
PL,h6018,0.04265067953481521,scr2099,avaConv,solar
PL,h6019,0.010827144563759673,scr2099,avaConv,solar
PL,h6020,0.0,scr2099,avaConv,solar
PL,h6021,0.0,scr2099,avaConv,solar
PL,h6022,0.0,scr2099,avaConv,solar
PL,h6023,0.0,scr2099,avaConv,solar
PL,h6024,0.0,scr2099,avaConv,solar
PL,h6025,0.0,scr2099,avaConv,solar
PL,h6026,0.0,scr2099,avaConv,solar
PL,h6027,0.0,scr2099,avaConv,solar
PL,h6028,0.0,scr2099,avaConv,solar
PL,h6029,0.000989367786447943,scr2099,avaConv,solar
PL,h6030,0.013608998465894724,scr2099,avaConv,solar
PL,h6031,0.044605263000844095,scr2099,avaConv,solar
PL,h6032,0.09124371958848658,scr2099,avaConv,solar
PL,h6033,0.14773344531890462,scr2099,avaConv,solar
PL,h6034,0.21396853293529575,scr2099,avaConv,solar
PL,h6035,0.2850462348009139,scr2099,avaConv,solar
PL,h6036,0.3405207888545032,scr2099,avaConv,solar
PL,h6037,0.3756545734648491,scr2099,avaConv,solar
PL,h6038,0.37810268617520865,scr2099,avaConv,solar
PL,h6039,0.3416432880226264,scr2099,avaConv,solar
PL,h6040,0.23862402723291812,scr2099,avaConv,solar
PL,h6041,0.12827613008546204,scr2099,avaConv,solar
PL,h6042,0.04040223293896817,scr2099,avaConv,solar
PL,h6043,0.010423411438990914,scr2099,avaConv,solar
PL,h6044,0.0,scr2099,avaConv,solar
PL,h6045,0.0,scr2099,avaConv,solar
PL,h6046,0.0,scr2099,avaConv,solar
PL,h6047,0.0,scr2099,avaConv,solar
PL,h6048,0.0,scr2099,avaConv,solar
PL,h6049,0.0,scr2099,avaConv,solar
PL,h6050,0.0,scr2099,avaConv,solar
PL,h6051,0.0,scr2099,avaConv,solar
PL,h6052,0.0,scr2099,avaConv,solar
PL,h6053,0.0024072183346717756,scr2099,avaConv,solar
PL,h6054,0.03706600844728027,scr2099,avaConv,solar
PL,h6055,0.11467336063186628,scr2099,avaConv,solar
PL,h6056,0.2331206788222526,scr2099,avaConv,solar
PL,h6057,0.34675417931588476,scr2099,avaConv,solar
PL,h6058,0.43493646222057214,scr2099,avaConv,solar
PL,h6059,0.4997879548745955,scr2099,avaConv,solar
PL,h6060,0.5434313070635,scr2099,avaConv,solar
PL,h6061,0.552931782832817,scr2099,avaConv,solar
PL,h6062,0.516098594398786,scr2099,avaConv,solar
PL,h6063,0.42914153085068285,scr2099,avaConv,solar
PL,h6064,0.2855658037297679,scr2099,avaConv,solar
PL,h6065,0.14804539650670526,scr2099,avaConv,solar
PL,h6066,0.043159090018175285,scr2099,avaConv,solar
PL,h6067,0.01072290908444125,scr2099,avaConv,solar
PL,h6068,0.0,scr2099,avaConv,solar
PL,h6069,0.0,scr2099,avaConv,solar
PL,h6070,0.0,scr2099,avaConv,solar
PL,h6071,0.0,scr2099,avaConv,solar
PL,h6072,0.0,scr2099,avaConv,solar
PL,h6073,0.0,scr2099,avaConv,solar
PL,h6074,0.0,scr2099,avaConv,solar
PL,h6075,0.0,scr2099,avaConv,solar
PL,h6076,0.0,scr2099,avaConv,solar
PL,h6077,0.0017625978736503492,scr2099,avaConv,solar
PL,h6078,0.03439814671461785,scr2099,avaConv,solar
PL,h6079,0.10968695797905681,scr2099,avaConv,solar
PL,h6080,0.22697852030983462,scr2099,avaConv,solar
PL,h6081,0.3500584804022315,scr2099,avaConv,solar
PL,h6082,0.4579754056556058,scr2099,avaConv,solar
PL,h6083,0.5364582850033036,scr2099,avaConv,solar
PL,h6084,0.5747520002467884,scr2099,avaConv,solar
PL,h6085,0.5711630010586842,scr2099,avaConv,solar
PL,h6086,0.5201525771914463,scr2099,avaConv,solar
PL,h6087,0.42393015312027327,scr2099,avaConv,solar
PL,h6088,0.2715656938417352,scr2099,avaConv,solar
PL,h6089,0.13367882143813467,scr2099,avaConv,solar
PL,h6090,0.03600303121987842,scr2099,avaConv,solar
PL,h6091,0.007963542634301482,scr2099,avaConv,solar
PL,h6092,0.0,scr2099,avaConv,solar
PL,h6093,0.0,scr2099,avaConv,solar
PL,h6094,0.0,scr2099,avaConv,solar
PL,h6095,0.0,scr2099,avaConv,solar
PL,h6096,0.0,scr2099,avaConv,solar
PL,h6097,0.0,scr2099,avaConv,solar
PL,h6098,0.0,scr2099,avaConv,solar
PL,h6099,0.0,scr2099,avaConv,solar
PL,h6100,0.0,scr2099,avaConv,solar
PL,h6101,0.00082986451412453,scr2099,avaConv,solar
PL,h6102,0.026835417727849264,scr2099,avaConv,solar
PL,h6103,0.08285370521760553,scr2099,avaConv,solar
PL,h6104,0.16636428711026227,scr2099,avaConv,solar
PL,h6105,0.2417130053799573,scr2099,avaConv,solar
PL,h6106,0.30712753496124623,scr2099,avaConv,solar
PL,h6107,0.3554409989860531,scr2099,avaConv,solar
PL,h6108,0.36593601527428776,scr2099,avaConv,solar
PL,h6109,0.35005629966094026,scr2099,avaConv,solar
PL,h6110,0.30548936181292413,scr2099,avaConv,solar
PL,h6111,0.25248172578664874,scr2099,avaConv,solar
PL,h6112,0.16567393509468895,scr2099,avaConv,solar
PL,h6113,0.0817715346663692,scr2099,avaConv,solar
PL,h6114,0.022791723394461876,scr2099,avaConv,solar
PL,h6115,0.0036844526403058153,scr2099,avaConv,solar
PL,h6116,0.0,scr2099,avaConv,solar
PL,h6117,0.0,scr2099,avaConv,solar
PL,h6118,0.0,scr2099,avaConv,solar
PL,h6119,0.0,scr2099,avaConv,solar
PL,h6120,0.0,scr2099,avaConv,solar
PL,h6121,0.0,scr2099,avaConv,solar
PL,h6122,0.0,scr2099,avaConv,solar
PL,h6123,0.0,scr2099,avaConv,solar
PL,h6124,0.0,scr2099,avaConv,solar
PL,h6125,0.00014777010292872287,scr2099,avaConv,solar
PL,h6126,0.011798143432686078,scr2099,avaConv,solar
PL,h6127,0.04721967543135172,scr2099,avaConv,solar
PL,h6128,0.10733596795600152,scr2099,avaConv,solar
PL,h6129,0.1694796564101114,scr2099,avaConv,solar
PL,h6130,0.22647095237891451,scr2099,avaConv,solar
PL,h6131,0.2750949430995898,scr2099,avaConv,solar
PL,h6132,0.32421163132624237,scr2099,avaConv,solar
PL,h6133,0.3598646971535821,scr2099,avaConv,solar
PL,h6134,0.366348113262267,scr2099,avaConv,solar
PL,h6135,0.336159306339452,scr2099,avaConv,solar
PL,h6136,0.24287442975545961,scr2099,avaConv,solar
PL,h6137,0.13604110213875767,scr2099,avaConv,solar
PL,h6138,0.043672741312978415,scr2099,avaConv,solar
PL,h6139,0.008569254488201488,scr2099,avaConv,solar
PL,h6140,0.0,scr2099,avaConv,solar
PL,h6141,0.0,scr2099,avaConv,solar
PL,h6142,0.0,scr2099,avaConv,solar
PL,h6143,0.0,scr2099,avaConv,solar
PL,h6144,0.0,scr2099,avaConv,solar
PL,h6145,0.0,scr2099,avaConv,solar
PL,h6146,0.0,scr2099,avaConv,solar
PL,h6147,0.0,scr2099,avaConv,solar
PL,h6148,0.0,scr2099,avaConv,solar
PL,h6149,0.0006135307914942044,scr2099,avaConv,solar
PL,h6150,0.02764832147313959,scr2099,avaConv,solar
PL,h6151,0.09306304884041249,scr2099,avaConv,solar
PL,h6152,0.19291058076237458,scr2099,avaConv,solar
PL,h6153,0.2898022100626784,scr2099,avaConv,solar
PL,h6154,0.3668755152539476,scr2099,avaConv,solar
PL,h6155,0.4155534842271787,scr2099,avaConv,solar
PL,h6156,0.4253709629232545,scr2099,avaConv,solar
PL,h6157,0.3869624951372855,scr2099,avaConv,solar
PL,h6158,0.31074947897367144,scr2099,avaConv,solar
PL,h6159,0.21661031464415037,scr2099,avaConv,solar
PL,h6160,0.12153868936870679,scr2099,avaConv,solar
PL,h6161,0.04942164819926069,scr2099,avaConv,solar
PL,h6162,0.009790025311222283,scr2099,avaConv,solar
PL,h6163,0.00031227801141064536,scr2099,avaConv,solar
PL,h6164,0.0,scr2099,avaConv,solar
PL,h6165,0.0,scr2099,avaConv,solar
PL,h6166,0.0,scr2099,avaConv,solar
PL,h6167,0.0,scr2099,avaConv,solar
PL,h6168,0.0,scr2099,avaConv,solar
PL,h6169,0.0,scr2099,avaConv,solar
PL,h6170,0.0,scr2099,avaConv,solar
PL,h6171,0.0,scr2099,avaConv,solar
PL,h6172,0.0,scr2099,avaConv,solar
PL,h6173,0.0004564805533754518,scr2099,avaConv,solar
PL,h6174,0.01946695622894896,scr2099,avaConv,solar
PL,h6175,0.06813675168186044,scr2099,avaConv,solar
PL,h6176,0.14469059962534006,scr2099,avaConv,solar
PL,h6177,0.22375777867834584,scr2099,avaConv,solar
PL,h6178,0.2927789982636925,scr2099,avaConv,solar
PL,h6179,0.3401942925687108,scr2099,avaConv,solar
PL,h6180,0.3672952480340661,scr2099,avaConv,solar
PL,h6181,0.36767945107842875,scr2099,avaConv,solar
PL,h6182,0.34578753151498215,scr2099,avaConv,solar
PL,h6183,0.29723453869115807,scr2099,avaConv,solar
PL,h6184,0.2096681392275489,scr2099,avaConv,solar
PL,h6185,0.11228572528351109,scr2099,avaConv,solar
PL,h6186,0.035711508620719444,scr2099,avaConv,solar
PL,h6187,0.005060903893829284,scr2099,avaConv,solar
PL,h6188,0.0,scr2099,avaConv,solar
PL,h6189,0.0,scr2099,avaConv,solar
PL,h6190,0.0,scr2099,avaConv,solar
PL,h6191,0.0,scr2099,avaConv,solar
PL,h6192,0.0,scr2099,avaConv,solar
PL,h6193,0.0,scr2099,avaConv,solar
PL,h6194,0.0,scr2099,avaConv,solar
PL,h6195,0.0,scr2099,avaConv,solar
PL,h6196,0.0,scr2099,avaConv,solar
PL,h6197,0.0,scr2099,avaConv,solar
PL,h6198,0.019463364524542545,scr2099,avaConv,solar
PL,h6199,0.07332590065709525,scr2099,avaConv,solar
PL,h6200,0.16411275862700625,scr2099,avaConv,solar
PL,h6201,0.26414129626399285,scr2099,avaConv,solar
PL,h6202,0.34999557774582307,scr2099,avaConv,solar
PL,h6203,0.41822337335922694,scr2099,avaConv,solar
PL,h6204,0.47195662787842535,scr2099,avaConv,solar
PL,h6205,0.49694095715811515,scr2099,avaConv,solar
PL,h6206,0.4725986190071043,scr2099,avaConv,solar
PL,h6207,0.3905649059107377,scr2099,avaConv,solar
PL,h6208,0.2562772893746893,scr2099,avaConv,solar
PL,h6209,0.12407304803243574,scr2099,avaConv,solar
PL,h6210,0.033255845331886136,scr2099,avaConv,solar
PL,h6211,0.0026391821788753433,scr2099,avaConv,solar
PL,h6212,0.0,scr2099,avaConv,solar
PL,h6213,0.0,scr2099,avaConv,solar
PL,h6214,0.0,scr2099,avaConv,solar
PL,h6215,0.0,scr2099,avaConv,solar
PL,h6216,0.0,scr2099,avaConv,solar
PL,h6217,0.0,scr2099,avaConv,solar
PL,h6218,0.0,scr2099,avaConv,solar
PL,h6219,0.0,scr2099,avaConv,solar
PL,h6220,0.0,scr2099,avaConv,solar
PL,h6221,0.00011122288680551871,scr2099,avaConv,solar
PL,h6222,0.007527521376839608,scr2099,avaConv,solar
PL,h6223,0.0322593215053871,scr2099,avaConv,solar
PL,h6224,0.08035076309903774,scr2099,avaConv,solar
PL,h6225,0.1404730401542637,scr2099,avaConv,solar
PL,h6226,0.20734475938640862,scr2099,avaConv,solar
PL,h6227,0.261866102999438,scr2099,avaConv,solar
PL,h6228,0.2989834175810909,scr2099,avaConv,solar
PL,h6229,0.31119548312398404,scr2099,avaConv,solar
PL,h6230,0.29331034795580374,scr2099,avaConv,solar
PL,h6231,0.25082831419545415,scr2099,avaConv,solar
PL,h6232,0.16775454646199855,scr2099,avaConv,solar
PL,h6233,0.08331988122235241,scr2099,avaConv,solar
PL,h6234,0.02166262554087243,scr2099,avaConv,solar
PL,h6235,0.0008746202743038494,scr2099,avaConv,solar
PL,h6236,0.0,scr2099,avaConv,solar
PL,h6237,0.0,scr2099,avaConv,solar
PL,h6238,0.0,scr2099,avaConv,solar
PL,h6239,0.0,scr2099,avaConv,solar
PL,h6240,0.0,scr2099,avaConv,solar
PL,h6241,0.0,scr2099,avaConv,solar
PL,h6242,0.0,scr2099,avaConv,solar
PL,h6243,0.0,scr2099,avaConv,solar
PL,h6244,0.0,scr2099,avaConv,solar
PL,h6245,0.0,scr2099,avaConv,solar
PL,h6246,0.0148363893712304,scr2099,avaConv,solar
PL,h6247,0.05399515385217968,scr2099,avaConv,solar
PL,h6248,0.11577560207452263,scr2099,avaConv,solar
PL,h6249,0.18683707521500384,scr2099,avaConv,solar
PL,h6250,0.2597532690381706,scr2099,avaConv,solar
PL,h6251,0.3241055019404821,scr2099,avaConv,solar
PL,h6252,0.3649489206305358,scr2099,avaConv,solar
PL,h6253,0.3777583839369032,scr2099,avaConv,solar
PL,h6254,0.35357456707719004,scr2099,avaConv,solar
PL,h6255,0.29776127335521785,scr2099,avaConv,solar
PL,h6256,0.19996904470055718,scr2099,avaConv,solar
PL,h6257,0.09979681727954105,scr2099,avaConv,solar
PL,h6258,0.029077818814941005,scr2099,avaConv,solar
PL,h6259,0.0019558747929413977,scr2099,avaConv,solar
PL,h6260,0.0,scr2099,avaConv,solar
PL,h6261,0.0,scr2099,avaConv,solar
PL,h6262,0.0,scr2099,avaConv,solar
PL,h6263,0.0,scr2099,avaConv,solar
PL,h6264,0.0,scr2099,avaConv,solar
PL,h6265,0.0,scr2099,avaConv,solar
PL,h6266,0.0,scr2099,avaConv,solar
PL,h6267,0.0,scr2099,avaConv,solar
PL,h6268,0.0,scr2099,avaConv,solar
PL,h6269,0.0,scr2099,avaConv,solar
PL,h6270,0.012185695221933603,scr2099,avaConv,solar
PL,h6271,0.0517168568269389,scr2099,avaConv,solar
PL,h6272,0.12127181951960055,scr2099,avaConv,solar
PL,h6273,0.20585654455962193,scr2099,avaConv,solar
PL,h6274,0.2785358349813766,scr2099,avaConv,solar
PL,h6275,0.33843370578640974,scr2099,avaConv,solar
PL,h6276,0.36534847619572575,scr2099,avaConv,solar
PL,h6277,0.3743996155877671,scr2099,avaConv,solar
PL,h6278,0.35477947222582695,scr2099,avaConv,solar
PL,h6279,0.3198063529289585,scr2099,avaConv,solar
PL,h6280,0.23410012064173089,scr2099,avaConv,solar
PL,h6281,0.12605274201878147,scr2099,avaConv,solar
PL,h6282,0.03776669785686797,scr2099,avaConv,solar
PL,h6283,0.0023698953604391042,scr2099,avaConv,solar
PL,h6284,0.0,scr2099,avaConv,solar
PL,h6285,0.0,scr2099,avaConv,solar
PL,h6286,0.0,scr2099,avaConv,solar
PL,h6287,0.0,scr2099,avaConv,solar
PL,h6288,0.0,scr2099,avaConv,solar
PL,h6289,0.0,scr2099,avaConv,solar
PL,h6290,0.0,scr2099,avaConv,solar
PL,h6291,0.0,scr2099,avaConv,solar
PL,h6292,0.0,scr2099,avaConv,solar
PL,h6293,0.0,scr2099,avaConv,solar
PL,h6294,0.010880709043603663,scr2099,avaConv,solar
PL,h6295,0.045084403909999224,scr2099,avaConv,solar
PL,h6296,0.1049779467350189,scr2099,avaConv,solar
PL,h6297,0.1737976271257737,scr2099,avaConv,solar
PL,h6298,0.23868143535201408,scr2099,avaConv,solar
PL,h6299,0.282051216600562,scr2099,avaConv,solar
PL,h6300,0.30242110456556737,scr2099,avaConv,solar
PL,h6301,0.28952085284572665,scr2099,avaConv,solar
PL,h6302,0.2648723638178582,scr2099,avaConv,solar
PL,h6303,0.22313752723582805,scr2099,avaConv,solar
PL,h6304,0.1604156131386687,scr2099,avaConv,solar
PL,h6305,0.08345118889300726,scr2099,avaConv,solar
PL,h6306,0.025372176923458528,scr2099,avaConv,solar
PL,h6307,0.0018489463815343189,scr2099,avaConv,solar
PL,h6308,0.0,scr2099,avaConv,solar
PL,h6309,0.0,scr2099,avaConv,solar
PL,h6310,0.0,scr2099,avaConv,solar
PL,h6311,0.0,scr2099,avaConv,solar
PL,h6312,0.0,scr2099,avaConv,solar
PL,h6313,0.0,scr2099,avaConv,solar
PL,h6314,0.0,scr2099,avaConv,solar
PL,h6315,0.0,scr2099,avaConv,solar
PL,h6316,0.0,scr2099,avaConv,solar
PL,h6317,0.0,scr2099,avaConv,solar
PL,h6318,0.023303925040969876,scr2099,avaConv,solar
PL,h6319,0.08826337639288499,scr2099,avaConv,solar
PL,h6320,0.19858587967887845,scr2099,avaConv,solar
PL,h6321,0.32021280271004116,scr2099,avaConv,solar
PL,h6322,0.4289925336475492,scr2099,avaConv,solar
PL,h6323,0.5212310161370264,scr2099,avaConv,solar
PL,h6324,0.5809193000547902,scr2099,avaConv,solar
PL,h6325,0.6034054462995174,scr2099,avaConv,solar
PL,h6326,0.5702805791400947,scr2099,avaConv,solar
PL,h6327,0.48587657031705017,scr2099,avaConv,solar
PL,h6328,0.3323336258518373,scr2099,avaConv,solar
PL,h6329,0.1651882250709142,scr2099,avaConv,solar
PL,h6330,0.045470088603663784,scr2099,avaConv,solar
PL,h6331,0.0026931266777401163,scr2099,avaConv,solar
PL,h6332,0.0,scr2099,avaConv,solar
PL,h6333,0.0,scr2099,avaConv,solar
PL,h6334,0.0,scr2099,avaConv,solar
PL,h6335,0.0,scr2099,avaConv,solar
PL,h6336,0.0,scr2099,avaConv,solar
PL,h6337,0.0,scr2099,avaConv,solar
PL,h6338,0.0,scr2099,avaConv,solar
PL,h6339,0.0,scr2099,avaConv,solar
PL,h6340,0.0,scr2099,avaConv,solar
PL,h6341,0.0,scr2099,avaConv,solar
PL,h6342,0.02381883097246233,scr2099,avaConv,solar
PL,h6343,0.09354777456723402,scr2099,avaConv,solar
PL,h6344,0.21047430821938368,scr2099,avaConv,solar
PL,h6345,0.34243365674100745,scr2099,avaConv,solar
PL,h6346,0.45907701258352623,scr2099,avaConv,solar
PL,h6347,0.5474258001368227,scr2099,avaConv,solar
PL,h6348,0.5990838329670582,scr2099,avaConv,solar
PL,h6349,0.607476034183571,scr2099,avaConv,solar
PL,h6350,0.5695075624117034,scr2099,avaConv,solar
PL,h6351,0.4819535757217634,scr2099,avaConv,solar
PL,h6352,0.3280518244969293,scr2099,avaConv,solar
PL,h6353,0.1626672139294208,scr2099,avaConv,solar
PL,h6354,0.04339205855195842,scr2099,avaConv,solar
PL,h6355,0.0022779696681839265,scr2099,avaConv,solar
PL,h6356,0.0,scr2099,avaConv,solar
PL,h6357,0.0,scr2099,avaConv,solar
PL,h6358,0.0,scr2099,avaConv,solar
PL,h6359,0.0,scr2099,avaConv,solar
PL,h6360,0.0,scr2099,avaConv,solar
PL,h6361,0.0,scr2099,avaConv,solar
PL,h6362,0.0,scr2099,avaConv,solar
PL,h6363,0.0,scr2099,avaConv,solar
PL,h6364,0.0,scr2099,avaConv,solar
PL,h6365,0.0,scr2099,avaConv,solar
PL,h6366,0.020431109367561897,scr2099,avaConv,solar
PL,h6367,0.0841427543696661,scr2099,avaConv,solar
PL,h6368,0.1918997358082881,scr2099,avaConv,solar
PL,h6369,0.3137744800167414,scr2099,avaConv,solar
PL,h6370,0.42154979452478314,scr2099,avaConv,solar
PL,h6371,0.5044322672180729,scr2099,avaConv,solar
PL,h6372,0.5531438277358025,scr2099,avaConv,solar
PL,h6373,0.5680122489286265,scr2099,avaConv,solar
PL,h6374,0.5380287758291565,scr2099,avaConv,solar
PL,h6375,0.46267834608620484,scr2099,avaConv,solar
PL,h6376,0.3150483194639208,scr2099,avaConv,solar
PL,h6377,0.15585571594862777,scr2099,avaConv,solar
PL,h6378,0.04092608318780673,scr2099,avaConv,solar
PL,h6379,0.0019163284969723247,scr2099,avaConv,solar
PL,h6380,0.0,scr2099,avaConv,solar
PL,h6381,0.0,scr2099,avaConv,solar
PL,h6382,0.0,scr2099,avaConv,solar
PL,h6383,0.0,scr2099,avaConv,solar
PL,h6384,0.0,scr2099,avaConv,solar
PL,h6385,0.0,scr2099,avaConv,solar
PL,h6386,0.0,scr2099,avaConv,solar
PL,h6387,0.0,scr2099,avaConv,solar
PL,h6388,0.0,scr2099,avaConv,solar
PL,h6389,0.0,scr2099,avaConv,solar
PL,h6390,0.01888219171223823,scr2099,avaConv,solar
PL,h6391,0.07922675746767954,scr2099,avaConv,solar
PL,h6392,0.18089775257944019,scr2099,avaConv,solar
PL,h6393,0.2950722461156368,scr2099,avaConv,solar
PL,h6394,0.39239381073085233,scr2099,avaConv,solar
PL,h6395,0.46090418928880356,scr2099,avaConv,solar
PL,h6396,0.49434914037225103,scr2099,avaConv,solar
PL,h6397,0.4837123274504337,scr2099,avaConv,solar
PL,h6398,0.43524342985289055,scr2099,avaConv,solar
PL,h6399,0.3561059701093073,scr2099,avaConv,solar
PL,h6400,0.2336951286136388,scr2099,avaConv,solar
PL,h6401,0.11235392657901401,scr2099,avaConv,solar
PL,h6402,0.02579308162627456,scr2099,avaConv,solar
PL,h6403,0.0006680539541855575,scr2099,avaConv,solar
PL,h6404,0.0,scr2099,avaConv,solar
PL,h6405,0.0,scr2099,avaConv,solar
PL,h6406,0.0,scr2099,avaConv,solar
PL,h6407,0.0,scr2099,avaConv,solar
PL,h6408,0.0,scr2099,avaConv,solar
PL,h6409,0.0,scr2099,avaConv,solar
PL,h6410,0.0,scr2099,avaConv,solar
PL,h6411,0.0,scr2099,avaConv,solar
PL,h6412,0.0,scr2099,avaConv,solar
PL,h6413,0.0,scr2099,avaConv,solar
PL,h6414,0.016163977796325796,scr2099,avaConv,solar
PL,h6415,0.07096660496053543,scr2099,avaConv,solar
PL,h6416,0.16718023525033157,scr2099,avaConv,solar
PL,h6417,0.28351644991550945,scr2099,avaConv,solar
PL,h6418,0.38740802126104107,scr2099,avaConv,solar
PL,h6419,0.4666142316942956,scr2099,avaConv,solar
PL,h6420,0.5122087981374025,scr2099,avaConv,solar
PL,h6421,0.5231575733092565,scr2099,avaConv,solar
PL,h6422,0.4967691877281001,scr2099,avaConv,solar
PL,h6423,0.42979878950732914,scr2099,avaConv,solar
PL,h6424,0.28970188670772773,scr2099,avaConv,solar
PL,h6425,0.14073243344544675,scr2099,avaConv,solar
PL,h6426,0.0307942225470083,scr2099,avaConv,solar
PL,h6427,0.0006744647961084233,scr2099,avaConv,solar
PL,h6428,0.0,scr2099,avaConv,solar
PL,h6429,0.0,scr2099,avaConv,solar
PL,h6430,0.0,scr2099,avaConv,solar
PL,h6431,0.0,scr2099,avaConv,solar
PL,h6432,0.0,scr2099,avaConv,solar
PL,h6433,0.0,scr2099,avaConv,solar
PL,h6434,0.0,scr2099,avaConv,solar
PL,h6435,0.0,scr2099,avaConv,solar
PL,h6436,0.0,scr2099,avaConv,solar
PL,h6437,0.0,scr2099,avaConv,solar
PL,h6438,0.015461191158780715,scr2099,avaConv,solar
PL,h6439,0.07238943251916294,scr2099,avaConv,solar
PL,h6440,0.17383839841058474,scr2099,avaConv,solar
PL,h6441,0.2980691807025728,scr2099,avaConv,solar
PL,h6442,0.41200632572817325,scr2099,avaConv,solar
PL,h6443,0.5018164699780782,scr2099,avaConv,solar
PL,h6444,0.5583272693249802,scr2099,avaConv,solar
PL,h6445,0.5721936278718378,scr2099,avaConv,solar
PL,h6446,0.5404118438487352,scr2099,avaConv,solar
PL,h6447,0.46228288349163527,scr2099,avaConv,solar
PL,h6448,0.30608138196360724,scr2099,avaConv,solar
PL,h6449,0.1464958034239525,scr2099,avaConv,solar
PL,h6450,0.029921150225444493,scr2099,avaConv,solar
PL,h6451,0.0005747985285498189,scr2099,avaConv,solar
PL,h6452,0.0,scr2099,avaConv,solar
PL,h6453,0.0,scr2099,avaConv,solar
PL,h6454,0.0,scr2099,avaConv,solar
PL,h6455,0.0,scr2099,avaConv,solar
PL,h6456,0.0,scr2099,avaConv,solar
PL,h6457,0.0,scr2099,avaConv,solar
PL,h6458,0.0,scr2099,avaConv,solar
PL,h6459,0.0,scr2099,avaConv,solar
PL,h6460,0.0,scr2099,avaConv,solar
PL,h6461,0.0,scr2099,avaConv,solar
PL,h6462,0.014861752016344862,scr2099,avaConv,solar
PL,h6463,0.06529946978623302,scr2099,avaConv,solar
PL,h6464,0.14963085361593736,scr2099,avaConv,solar
PL,h6465,0.24590190613485544,scr2099,avaConv,solar
PL,h6466,0.3246521598205062,scr2099,avaConv,solar
PL,h6467,0.3779727521767639,scr2099,avaConv,solar
PL,h6468,0.4008483621937332,scr2099,avaConv,solar
PL,h6469,0.3922497497752106,scr2099,avaConv,solar
PL,h6470,0.36431281169401736,scr2099,avaConv,solar
PL,h6471,0.3203992647172305,scr2099,avaConv,solar
PL,h6472,0.22109609796725527,scr2099,avaConv,solar
PL,h6473,0.11149768224725948,scr2099,avaConv,solar
PL,h6474,0.02256834536924584,scr2099,avaConv,solar
PL,h6475,0.0005915881040289569,scr2099,avaConv,solar
PL,h6476,0.0,scr2099,avaConv,solar
PL,h6477,0.0,scr2099,avaConv,solar
PL,h6478,0.0,scr2099,avaConv,solar
PL,h6479,0.0,scr2099,avaConv,solar
PL,h6480,0.0,scr2099,avaConv,solar
PL,h6481,0.0,scr2099,avaConv,solar
PL,h6482,0.0,scr2099,avaConv,solar
PL,h6483,0.0,scr2099,avaConv,solar
PL,h6484,0.0,scr2099,avaConv,solar
PL,h6485,0.0,scr2099,avaConv,solar
PL,h6486,0.01265888694496018,scr2099,avaConv,solar
PL,h6487,0.06089033264594481,scr2099,avaConv,solar
PL,h6488,0.14719450002625722,scr2099,avaConv,solar
PL,h6489,0.25426394573391103,scr2099,avaConv,solar
PL,h6490,0.3546730887813712,scr2099,avaConv,solar
PL,h6491,0.43865026530812634,scr2099,avaConv,solar
PL,h6492,0.4861297927849623,scr2099,avaConv,solar
PL,h6493,0.49935031630737087,scr2099,avaConv,solar
PL,h6494,0.4821124481981683,scr2099,avaConv,solar
PL,h6495,0.4372664676630023,scr2099,avaConv,solar
PL,h6496,0.3036409220471307,scr2099,avaConv,solar
PL,h6497,0.15012033053414348,scr2099,avaConv,solar
PL,h6498,0.029509655558982197,scr2099,avaConv,solar
PL,h6499,0.00042821918670576443,scr2099,avaConv,solar
PL,h6500,0.0,scr2099,avaConv,solar
PL,h6501,0.0,scr2099,avaConv,solar
PL,h6502,0.0,scr2099,avaConv,solar
PL,h6503,0.0,scr2099,avaConv,solar
PL,h6504,0.0,scr2099,avaConv,solar
PL,h6505,0.0,scr2099,avaConv,solar
PL,h6506,0.0,scr2099,avaConv,solar
PL,h6507,0.0,scr2099,avaConv,solar
PL,h6508,0.0,scr2099,avaConv,solar
PL,h6509,0.0,scr2099,avaConv,solar
PL,h6510,0.01350599879413738,scr2099,avaConv,solar
PL,h6511,0.06947049757452292,scr2099,avaConv,solar
PL,h6512,0.17159067512207932,scr2099,avaConv,solar
PL,h6513,0.2999905410428016,scr2099,avaConv,solar
PL,h6514,0.41695275217883293,scr2099,avaConv,solar
PL,h6515,0.5070014673943659,scr2099,avaConv,solar
PL,h6516,0.5610826350446718,scr2099,avaConv,solar
PL,h6517,0.5619013917825768,scr2099,avaConv,solar
PL,h6518,0.5156620029512649,scr2099,avaConv,solar
PL,h6519,0.42520080106846525,scr2099,avaConv,solar
PL,h6520,0.2695451929678157,scr2099,avaConv,solar
PL,h6521,0.12314244661918751,scr2099,avaConv,solar
PL,h6522,0.019457369614417547,scr2099,avaConv,solar
PL,h6523,0.0,scr2099,avaConv,solar
PL,h6524,0.0,scr2099,avaConv,solar
PL,h6525,0.0,scr2099,avaConv,solar
PL,h6526,0.0,scr2099,avaConv,solar
PL,h6527,0.0,scr2099,avaConv,solar
PL,h6528,0.0,scr2099,avaConv,solar
PL,h6529,0.0,scr2099,avaConv,solar
PL,h6530,0.0,scr2099,avaConv,solar
PL,h6531,0.0,scr2099,avaConv,solar
PL,h6532,0.0,scr2099,avaConv,solar
PL,h6533,0.0,scr2099,avaConv,solar
PL,h6534,0.008538808116919854,scr2099,avaConv,solar
PL,h6535,0.046239995988072366,scr2099,avaConv,solar
PL,h6536,0.1160085027017214,scr2099,avaConv,solar
PL,h6537,0.2078671563729815,scr2099,avaConv,solar
PL,h6538,0.29805889644953093,scr2099,avaConv,solar
PL,h6539,0.3697793162281434,scr2099,avaConv,solar
PL,h6540,0.41669188308899907,scr2099,avaConv,solar
PL,h6541,0.42869854091669063,scr2099,avaConv,solar
PL,h6542,0.4042990156759012,scr2099,avaConv,solar
PL,h6543,0.3442031679303433,scr2099,avaConv,solar
PL,h6544,0.21701852032352725,scr2099,avaConv,solar
PL,h6545,0.09943276691907069,scr2099,avaConv,solar
PL,h6546,0.01386458132501321,scr2099,avaConv,solar
PL,h6547,0.0,scr2099,avaConv,solar
PL,h6548,0.0,scr2099,avaConv,solar
PL,h6549,0.0,scr2099,avaConv,solar
PL,h6550,0.0,scr2099,avaConv,solar
PL,h6551,0.0,scr2099,avaConv,solar
PL,h6552,0.0,scr2099,avaConv,solar
PT,h5809,0.0,scr2099,avaConv,solar
PT,h5810,0.0,scr2099,avaConv,solar
PT,h5811,0.0,scr2099,avaConv,solar
PT,h5812,0.0,scr2099,avaConv,solar
PT,h5813,0.0,scr2099,avaConv,solar
PT,h5814,0.0,scr2099,avaConv,solar
PT,h5815,0.00992021277321573,scr2099,avaConv,solar
PT,h5816,0.06794516411816068,scr2099,avaConv,solar
PT,h5817,0.17403003609155726,scr2099,avaConv,solar
PT,h5818,0.32063637572656456,scr2099,avaConv,solar
PT,h5819,0.4620540731448439,scr2099,avaConv,solar
PT,h5820,0.5862503648612349,scr2099,avaConv,solar
PT,h5821,0.67028131670227,scr2099,avaConv,solar
PT,h5822,0.6975944849064666,scr2099,avaConv,solar
PT,h5823,0.6687263699977207,scr2099,avaConv,solar
PT,h5824,0.5857001509501376,scr2099,avaConv,solar
PT,h5825,0.4532612828090777,scr2099,avaConv,solar
PT,h5826,0.25467466799867033,scr2099,avaConv,solar
PT,h5827,0.10626021386390476,scr2099,avaConv,solar
PT,h5828,0.013136897482404682,scr2099,avaConv,solar
PT,h5829,0.0071816909751761015,scr2099,avaConv,solar
PT,h5830,0.0,scr2099,avaConv,solar
PT,h5831,0.0,scr2099,avaConv,solar
PT,h5832,0.0,scr2099,avaConv,solar
PT,h5833,0.0,scr2099,avaConv,solar
PT,h5834,0.0,scr2099,avaConv,solar
PT,h5835,0.0,scr2099,avaConv,solar
PT,h5836,0.0,scr2099,avaConv,solar
PT,h5837,0.0,scr2099,avaConv,solar
PT,h5838,0.0,scr2099,avaConv,solar
PT,h5839,0.009319194669778808,scr2099,avaConv,solar
PT,h5840,0.06653396263912899,scr2099,avaConv,solar
PT,h5841,0.1830774422561382,scr2099,avaConv,solar
PT,h5842,0.34886933799763187,scr2099,avaConv,solar
PT,h5843,0.5076184946579765,scr2099,avaConv,solar
PT,h5844,0.6347370115324517,scr2099,avaConv,solar
PT,h5845,0.7135124938810895,scr2099,avaConv,solar
PT,h5846,0.7458821008267641,scr2099,avaConv,solar
PT,h5847,0.7266164785690014,scr2099,avaConv,solar
PT,h5848,0.6531800288166805,scr2099,avaConv,solar
PT,h5849,0.5170360986798044,scr2099,avaConv,solar
PT,h5850,0.2946018235040951,scr2099,avaConv,solar
PT,h5851,0.12387438653292208,scr2099,avaConv,solar
PT,h5852,0.01390407869113691,scr2099,avaConv,solar
PT,h5853,0.0077658867916255815,scr2099,avaConv,solar
PT,h5854,0.0,scr2099,avaConv,solar
PT,h5855,0.0,scr2099,avaConv,solar
PT,h5856,0.0,scr2099,avaConv,solar
PT,h5857,0.0,scr2099,avaConv,solar
PT,h5858,0.0,scr2099,avaConv,solar
PT,h5859,0.0,scr2099,avaConv,solar
PT,h5860,0.0,scr2099,avaConv,solar
PT,h5861,0.0,scr2099,avaConv,solar
PT,h5862,0.0,scr2099,avaConv,solar
PT,h5863,0.010376616889742969,scr2099,avaConv,solar
PT,h5864,0.07721627635828882,scr2099,avaConv,solar
PT,h5865,0.20301531564399222,scr2099,avaConv,solar
PT,h5866,0.3732215099174823,scr2099,avaConv,solar
PT,h5867,0.529222502954005,scr2099,avaConv,solar
PT,h5868,0.6568257826196905,scr2099,avaConv,solar
PT,h5869,0.7382059681818839,scr2099,avaConv,solar
PT,h5870,0.7652051154141281,scr2099,avaConv,solar
PT,h5871,0.7337673169056158,scr2099,avaConv,solar
PT,h5872,0.6485133342177405,scr2099,avaConv,solar
PT,h5873,0.5078186982549991,scr2099,avaConv,solar
PT,h5874,0.28840529589093705,scr2099,avaConv,solar
PT,h5875,0.1216841864178293,scr2099,avaConv,solar
PT,h5876,0.014150296713454838,scr2099,avaConv,solar
PT,h5877,0.007738827028872121,scr2099,avaConv,solar
PT,h5878,0.0,scr2099,avaConv,solar
PT,h5879,0.0,scr2099,avaConv,solar
PT,h5880,0.0,scr2099,avaConv,solar
PT,h5881,0.0,scr2099,avaConv,solar
PT,h5882,0.0,scr2099,avaConv,solar
PT,h5883,0.0,scr2099,avaConv,solar
PT,h5884,0.0,scr2099,avaConv,solar
PT,h5885,0.0,scr2099,avaConv,solar
PT,h5886,0.0,scr2099,avaConv,solar
PT,h5887,0.008322256121627103,scr2099,avaConv,solar
PT,h5888,0.06855453329291956,scr2099,avaConv,solar
PT,h5889,0.18517208538596455,scr2099,avaConv,solar
PT,h5890,0.34724600346024403,scr2099,avaConv,solar
PT,h5891,0.49707457542994077,scr2099,avaConv,solar
PT,h5892,0.6168037609811348,scr2099,avaConv,solar
PT,h5893,0.6953815989424627,scr2099,avaConv,solar
PT,h5894,0.7211107117254111,scr2099,avaConv,solar
PT,h5895,0.697866620084277,scr2099,avaConv,solar
PT,h5896,0.6184796010199691,scr2099,avaConv,solar
PT,h5897,0.4860164405887026,scr2099,avaConv,solar
PT,h5898,0.27537598810812075,scr2099,avaConv,solar
PT,h5899,0.1137927600946387,scr2099,avaConv,solar
PT,h5900,0.012103740583069922,scr2099,avaConv,solar
PT,h5901,0.005943509445462608,scr2099,avaConv,solar
PT,h5902,0.0,scr2099,avaConv,solar
PT,h5903,0.0,scr2099,avaConv,solar
PT,h5904,0.0,scr2099,avaConv,solar
PT,h5905,0.0,scr2099,avaConv,solar
PT,h5906,0.0,scr2099,avaConv,solar
PT,h5907,0.0,scr2099,avaConv,solar
PT,h5908,0.0,scr2099,avaConv,solar
PT,h5909,0.0,scr2099,avaConv,solar
PT,h5910,0.0,scr2099,avaConv,solar
PT,h5911,0.007055799950850585,scr2099,avaConv,solar
PT,h5912,0.06086791656342207,scr2099,avaConv,solar
PT,h5913,0.1674418332667748,scr2099,avaConv,solar
PT,h5914,0.31636494652221914,scr2099,avaConv,solar
PT,h5915,0.4537152355103203,scr2099,avaConv,solar
PT,h5916,0.565923374939922,scr2099,avaConv,solar
PT,h5917,0.6377064709526263,scr2099,avaConv,solar
PT,h5918,0.6549424244423776,scr2099,avaConv,solar
PT,h5919,0.6136903846815985,scr2099,avaConv,solar
PT,h5920,0.5261379421726452,scr2099,avaConv,solar
PT,h5921,0.40151569221999683,scr2099,avaConv,solar
PT,h5922,0.22486736300234886,scr2099,avaConv,solar
PT,h5923,0.08989502042479267,scr2099,avaConv,solar
PT,h5924,0.007653676952420605,scr2099,avaConv,solar
PT,h5925,0.0035034398672819105,scr2099,avaConv,solar
PT,h5926,0.0,scr2099,avaConv,solar
PT,h5927,0.0,scr2099,avaConv,solar
PT,h5928,0.0,scr2099,avaConv,solar
PT,h5929,0.0,scr2099,avaConv,solar
PT,h5930,0.0,scr2099,avaConv,solar
PT,h5931,0.0,scr2099,avaConv,solar
PT,h5932,0.0,scr2099,avaConv,solar
PT,h5933,0.0,scr2099,avaConv,solar
PT,h5934,0.0,scr2099,avaConv,solar
PT,h5935,0.003312246160229894,scr2099,avaConv,solar
PT,h5936,0.04260869299621037,scr2099,avaConv,solar
PT,h5937,0.13817685397814958,scr2099,avaConv,solar
PT,h5938,0.2829035111304099,scr2099,avaConv,solar
PT,h5939,0.43032417926165323,scr2099,avaConv,solar
PT,h5940,0.5506420426723875,scr2099,avaConv,solar
PT,h5941,0.6296815146682875,scr2099,avaConv,solar
PT,h5942,0.662501099121499,scr2099,avaConv,solar
PT,h5943,0.6423488129220888,scr2099,avaConv,solar
PT,h5944,0.5729518554711827,scr2099,avaConv,solar
PT,h5945,0.44960703730886026,scr2099,avaConv,solar
PT,h5946,0.25619408741430194,scr2099,avaConv,solar
PT,h5947,0.10408231190531618,scr2099,avaConv,solar
PT,h5948,0.010143814267625966,scr2099,avaConv,solar
PT,h5949,0.0038541932758980064,scr2099,avaConv,solar
PT,h5950,0.0,scr2099,avaConv,solar
PT,h5951,0.0,scr2099,avaConv,solar
PT,h5952,0.0,scr2099,avaConv,solar
PT,h5953,0.0,scr2099,avaConv,solar
PT,h5954,0.0,scr2099,avaConv,solar
PT,h5955,0.0,scr2099,avaConv,solar
PT,h5956,0.0,scr2099,avaConv,solar
PT,h5957,0.0,scr2099,avaConv,solar
PT,h5958,0.0,scr2099,avaConv,solar
PT,h5959,0.0058499425274852425,scr2099,avaConv,solar
PT,h5960,0.06329355042285043,scr2099,avaConv,solar
PT,h5961,0.17837745468256053,scr2099,avaConv,solar
PT,h5962,0.34405380841664335,scr2099,avaConv,solar
PT,h5963,0.4987576215116595,scr2099,avaConv,solar
PT,h5964,0.6231995286940748,scr2099,avaConv,solar
PT,h5965,0.704679144166755,scr2099,avaConv,solar
PT,h5966,0.7323907702368156,scr2099,avaConv,solar
PT,h5967,0.7095274517901531,scr2099,avaConv,solar
PT,h5968,0.6298515437120662,scr2099,avaConv,solar
PT,h5969,0.49657920075612855,scr2099,avaConv,solar
PT,h5970,0.28506488711960326,scr2099,avaConv,solar
PT,h5971,0.11848059850645673,scr2099,avaConv,solar
PT,h5972,0.013453996571234769,scr2099,avaConv,solar
PT,h5973,0.004749094190071315,scr2099,avaConv,solar
PT,h5974,0.0,scr2099,avaConv,solar
PT,h5975,0.0,scr2099,avaConv,solar
PT,h5976,0.0,scr2099,avaConv,solar
PT,h5977,0.0,scr2099,avaConv,solar
PT,h5978,0.0,scr2099,avaConv,solar
PT,h5979,0.0,scr2099,avaConv,solar
PT,h5980,0.0,scr2099,avaConv,solar
PT,h5981,0.0,scr2099,avaConv,solar
PT,h5982,0.0,scr2099,avaConv,solar
PT,h5983,0.004338194312284424,scr2099,avaConv,solar
PT,h5984,0.052482215549310235,scr2099,avaConv,solar
PT,h5985,0.1486413105922583,scr2099,avaConv,solar
PT,h5986,0.2962222836648995,scr2099,avaConv,solar
PT,h5987,0.4382768293356428,scr2099,avaConv,solar
PT,h5988,0.5612273423494901,scr2099,avaConv,solar
PT,h5989,0.6427438430454157,scr2099,avaConv,solar
PT,h5990,0.685459413944663,scr2099,avaConv,solar
PT,h5991,0.6848547974137132,scr2099,avaConv,solar
PT,h5992,0.6261797195438876,scr2099,avaConv,solar
PT,h5993,0.5011515829953778,scr2099,avaConv,solar
PT,h5994,0.2888923872152144,scr2099,avaConv,solar
PT,h5995,0.1201012918319267,scr2099,avaConv,solar
PT,h5996,0.01390524417823795,scr2099,avaConv,solar
PT,h5997,0.004344931472971502,scr2099,avaConv,solar
PT,h5998,0.0,scr2099,avaConv,solar
PT,h5999,0.0,scr2099,avaConv,solar
PT,h6000,0.0,scr2099,avaConv,solar
PT,h6001,0.0,scr2099,avaConv,solar
PT,h6002,0.0,scr2099,avaConv,solar
PT,h6003,0.0,scr2099,avaConv,solar
PT,h6004,0.0,scr2099,avaConv,solar
PT,h6005,0.0,scr2099,avaConv,solar
PT,h6006,0.0,scr2099,avaConv,solar
PT,h6007,0.004670205502060025,scr2099,avaConv,solar
PT,h6008,0.056172348064242046,scr2099,avaConv,solar
PT,h6009,0.16068818024021572,scr2099,avaConv,solar
PT,h6010,0.31693508555770994,scr2099,avaConv,solar
PT,h6011,0.474224031319137,scr2099,avaConv,solar
PT,h6012,0.6087476251579919,scr2099,avaConv,solar
PT,h6013,0.6998268437962751,scr2099,avaConv,solar
PT,h6014,0.7297574547965567,scr2099,avaConv,solar
PT,h6015,0.7065229956175405,scr2099,avaConv,solar
PT,h6016,0.6276666248868502,scr2099,avaConv,solar
PT,h6017,0.49541299957016294,scr2099,avaConv,solar
PT,h6018,0.28626038512818736,scr2099,avaConv,solar
PT,h6019,0.11846446601254423,scr2099,avaConv,solar
PT,h6020,0.013555482001204893,scr2099,avaConv,solar
PT,h6021,0.003621641319743057,scr2099,avaConv,solar
PT,h6022,0.0,scr2099,avaConv,solar
PT,h6023,0.0,scr2099,avaConv,solar
PT,h6024,0.0,scr2099,avaConv,solar
PT,h6025,0.0,scr2099,avaConv,solar
PT,h6026,0.0,scr2099,avaConv,solar
PT,h6027,0.0,scr2099,avaConv,solar
PT,h6028,0.0,scr2099,avaConv,solar
PT,h6029,0.0,scr2099,avaConv,solar
PT,h6030,0.0,scr2099,avaConv,solar
PT,h6031,0.0037137444568353965,scr2099,avaConv,solar
PT,h6032,0.053417757706039196,scr2099,avaConv,solar
PT,h6033,0.16104655685661193,scr2099,avaConv,solar
PT,h6034,0.3261126044464111,scr2099,avaConv,solar
PT,h6035,0.4839389968284821,scr2099,avaConv,solar
PT,h6036,0.6101614922689909,scr2099,avaConv,solar
PT,h6037,0.6884771103135808,scr2099,avaConv,solar
PT,h6038,0.7161060790311944,scr2099,avaConv,solar
PT,h6039,0.6949644676721063,scr2099,avaConv,solar
PT,h6040,0.6197795975725479,scr2099,avaConv,solar
PT,h6041,0.4907383131591594,scr2099,avaConv,solar
PT,h6042,0.28500527097300327,scr2099,avaConv,solar
PT,h6043,0.11765020100154021,scr2099,avaConv,solar
PT,h6044,0.01333549122166993,scr2099,avaConv,solar
PT,h6045,0.0029961792791238727,scr2099,avaConv,solar
PT,h6046,0.0,scr2099,avaConv,solar
PT,h6047,0.0,scr2099,avaConv,solar
PT,h6048,0.0,scr2099,avaConv,solar
PT,h6049,0.0,scr2099,avaConv,solar
PT,h6050,0.0,scr2099,avaConv,solar
PT,h6051,0.0,scr2099,avaConv,solar
PT,h6052,0.0,scr2099,avaConv,solar
PT,h6053,0.0,scr2099,avaConv,solar
PT,h6054,0.0,scr2099,avaConv,solar
PT,h6055,0.0035823776518058266,scr2099,avaConv,solar
PT,h6056,0.05536131339732077,scr2099,avaConv,solar
PT,h6057,0.1641711329230344,scr2099,avaConv,solar
PT,h6058,0.3244926806044662,scr2099,avaConv,solar
PT,h6059,0.47416654082901744,scr2099,avaConv,solar
PT,h6060,0.5941429319408335,scr2099,avaConv,solar
PT,h6061,0.6724370379352727,scr2099,avaConv,solar
PT,h6062,0.7018336768388325,scr2099,avaConv,solar
PT,h6063,0.6819595157662968,scr2099,avaConv,solar
PT,h6064,0.6095981149971019,scr2099,avaConv,solar
PT,h6065,0.4838408785821184,scr2099,avaConv,solar
PT,h6066,0.29936250643123213,scr2099,avaConv,solar
PT,h6067,0.13293547106178066,scr2099,avaConv,solar
PT,h6068,0.028092088212074852,scr2099,avaConv,solar
PT,h6069,0.0024350913728309422,scr2099,avaConv,solar
PT,h6070,0.0,scr2099,avaConv,solar
PT,h6071,0.0,scr2099,avaConv,solar
PT,h6072,0.0,scr2099,avaConv,solar
PT,h6073,0.0,scr2099,avaConv,solar
PT,h6074,0.0,scr2099,avaConv,solar
PT,h6075,0.0,scr2099,avaConv,solar
PT,h6076,0.0,scr2099,avaConv,solar
PT,h6077,0.0,scr2099,avaConv,solar
PT,h6078,0.0,scr2099,avaConv,solar
PT,h6079,0.0032507110079101568,scr2099,avaConv,solar
PT,h6080,0.055870842730345344,scr2099,avaConv,solar
PT,h6081,0.1669676011585957,scr2099,avaConv,solar
PT,h6082,0.33151446620159825,scr2099,avaConv,solar
PT,h6083,0.48533174494685527,scr2099,avaConv,solar
PT,h6084,0.6081895771094714,scr2099,avaConv,solar
PT,h6085,0.6881958241090737,scr2099,avaConv,solar
PT,h6086,0.7173130129748932,scr2099,avaConv,solar
PT,h6087,0.6966421810722164,scr2099,avaConv,solar
PT,h6088,0.6221598612354672,scr2099,avaConv,solar
PT,h6089,0.4941247378415405,scr2099,avaConv,solar
PT,h6090,0.30584071611979907,scr2099,avaConv,solar
PT,h6091,0.1356421865384156,scr2099,avaConv,solar
PT,h6092,0.02837211991705399,scr2099,avaConv,solar
PT,h6093,0.0021455882613823528,scr2099,avaConv,solar
PT,h6094,0.0,scr2099,avaConv,solar
PT,h6095,0.0,scr2099,avaConv,solar
PT,h6096,0.0,scr2099,avaConv,solar
PT,h6097,0.0,scr2099,avaConv,solar
PT,h6098,0.0,scr2099,avaConv,solar
PT,h6099,0.0,scr2099,avaConv,solar
PT,h6100,0.0,scr2099,avaConv,solar
PT,h6101,0.0,scr2099,avaConv,solar
PT,h6102,0.0,scr2099,avaConv,solar
PT,h6103,0.0019685395514935354,scr2099,avaConv,solar
PT,h6104,0.04523239634570842,scr2099,avaConv,solar
PT,h6105,0.14134639144611336,scr2099,avaConv,solar
PT,h6106,0.2900082982014864,scr2099,avaConv,solar
PT,h6107,0.43566069332092855,scr2099,avaConv,solar
PT,h6108,0.5572947130427185,scr2099,avaConv,solar
PT,h6109,0.6456837346563324,scr2099,avaConv,solar
PT,h6110,0.6958204093039727,scr2099,avaConv,solar
PT,h6111,0.6860572364095182,scr2099,avaConv,solar
PT,h6112,0.6238094470068,scr2099,avaConv,solar
PT,h6113,0.4957417920546369,scr2099,avaConv,solar
PT,h6114,0.31749096577769714,scr2099,avaConv,solar
PT,h6115,0.14314456552321445,scr2099,avaConv,solar
PT,h6116,0.03259397337603607,scr2099,avaConv,solar
PT,h6117,0.0019144180112381066,scr2099,avaConv,solar
PT,h6118,0.0,scr2099,avaConv,solar
PT,h6119,0.0,scr2099,avaConv,solar
PT,h6120,0.0,scr2099,avaConv,solar
PT,h6121,0.0,scr2099,avaConv,solar
PT,h6122,0.0,scr2099,avaConv,solar
PT,h6123,0.0,scr2099,avaConv,solar
PT,h6124,0.0,scr2099,avaConv,solar
PT,h6125,0.0,scr2099,avaConv,solar
PT,h6126,0.0,scr2099,avaConv,solar
PT,h6127,0.0024430047829742244,scr2099,avaConv,solar
PT,h6128,0.054093512402053914,scr2099,avaConv,solar
PT,h6129,0.1649923388007085,scr2099,avaConv,solar
PT,h6130,0.33161855450545646,scr2099,avaConv,solar
PT,h6131,0.48849486248441276,scr2099,avaConv,solar
PT,h6132,0.6146414830478885,scr2099,avaConv,solar
PT,h6133,0.6968795299550027,scr2099,avaConv,solar
PT,h6134,0.7279238771195423,scr2099,avaConv,solar
PT,h6135,0.7080930467349903,scr2099,avaConv,solar
PT,h6136,0.6247811806155794,scr2099,avaConv,solar
PT,h6137,0.49235765452279506,scr2099,avaConv,solar
PT,h6138,0.3093965256281139,scr2099,avaConv,solar
PT,h6139,0.14311035756843749,scr2099,avaConv,solar
PT,h6140,0.03565426306642699,scr2099,avaConv,solar
PT,h6141,0.0013363451191237081,scr2099,avaConv,solar
PT,h6142,0.0,scr2099,avaConv,solar
PT,h6143,0.0,scr2099,avaConv,solar
PT,h6144,0.0,scr2099,avaConv,solar
PT,h6145,0.0,scr2099,avaConv,solar
PT,h6146,0.0,scr2099,avaConv,solar
PT,h6147,0.0,scr2099,avaConv,solar
PT,h6148,0.0,scr2099,avaConv,solar
PT,h6149,0.0,scr2099,avaConv,solar
PT,h6150,0.0,scr2099,avaConv,solar
PT,h6151,0.0010062014407459375,scr2099,avaConv,solar
PT,h6152,0.04135041581457919,scr2099,avaConv,solar
PT,h6153,0.13968627188235067,scr2099,avaConv,solar
PT,h6154,0.29920034364452336,scr2099,avaConv,solar
PT,h6155,0.46715473628456494,scr2099,avaConv,solar
PT,h6156,0.6075887651049137,scr2099,avaConv,solar
PT,h6157,0.6998151352712285,scr2099,avaConv,solar
PT,h6158,0.7361295452923616,scr2099,avaConv,solar
PT,h6159,0.7180328647387515,scr2099,avaConv,solar
PT,h6160,0.6472818732286612,scr2099,avaConv,solar
PT,h6161,0.5187425004633948,scr2099,avaConv,solar
PT,h6162,0.33616230142457,scr2099,avaConv,solar
PT,h6163,0.15537024916105657,scr2099,avaConv,solar
PT,h6164,0.03946333506873786,scr2099,avaConv,solar
PT,h6165,0.0011571265342386605,scr2099,avaConv,solar
PT,h6166,0.0,scr2099,avaConv,solar
PT,h6167,0.0,scr2099,avaConv,solar
PT,h6168,0.0,scr2099,avaConv,solar
PT,h6169,0.0,scr2099,avaConv,solar
PT,h6170,0.0,scr2099,avaConv,solar
PT,h6171,0.0,scr2099,avaConv,solar
PT,h6172,0.0,scr2099,avaConv,solar
PT,h6173,0.0,scr2099,avaConv,solar
PT,h6174,0.0,scr2099,avaConv,solar
PT,h6175,0.0019984521962214574,scr2099,avaConv,solar
PT,h6176,0.05555356524511071,scr2099,avaConv,solar
PT,h6177,0.17168689298681228,scr2099,avaConv,solar
PT,h6178,0.3476386835023416,scr2099,avaConv,solar
PT,h6179,0.5135924155179871,scr2099,avaConv,solar
PT,h6180,0.6457343673709105,scr2099,avaConv,solar
PT,h6181,0.7314053733745994,scr2099,avaConv,solar
PT,h6182,0.7618850018272822,scr2099,avaConv,solar
PT,h6183,0.7407274380672961,scr2099,avaConv,solar
PT,h6184,0.6626324478955737,scr2099,avaConv,solar
PT,h6185,0.5300689674294662,scr2099,avaConv,solar
PT,h6186,0.34474571892880473,scr2099,avaConv,solar
PT,h6187,0.16041635941485338,scr2099,avaConv,solar
PT,h6188,0.0424659330096283,scr2099,avaConv,solar
PT,h6189,0.0009366667587362447,scr2099,avaConv,solar
PT,h6190,0.0,scr2099,avaConv,solar
PT,h6191,0.0,scr2099,avaConv,solar
PT,h6192,0.0,scr2099,avaConv,solar
PT,h6193,0.0,scr2099,avaConv,solar
PT,h6194,0.0,scr2099,avaConv,solar
PT,h6195,0.0,scr2099,avaConv,solar
PT,h6196,0.0,scr2099,avaConv,solar
PT,h6197,0.0,scr2099,avaConv,solar
PT,h6198,0.0,scr2099,avaConv,solar
PT,h6199,0.0016485715482913157,scr2099,avaConv,solar
PT,h6200,0.05408239873002542,scr2099,avaConv,solar
PT,h6201,0.1688026471667118,scr2099,avaConv,solar
PT,h6202,0.343268733672627,scr2099,avaConv,solar
PT,h6203,0.5088186110736624,scr2099,avaConv,solar
PT,h6204,0.6413655118765209,scr2099,avaConv,solar
PT,h6205,0.728495864163859,scr2099,avaConv,solar
PT,h6206,0.7601827094563682,scr2099,avaConv,solar
PT,h6207,0.7393666742715165,scr2099,avaConv,solar
PT,h6208,0.6608916090020911,scr2099,avaConv,solar
PT,h6209,0.5282951895058111,scr2099,avaConv,solar
PT,h6210,0.3447794865387506,scr2099,avaConv,solar
PT,h6211,0.1609550196856341,scr2099,avaConv,solar
PT,h6212,0.04329258726887205,scr2099,avaConv,solar
PT,h6213,0.000746808882183612,scr2099,avaConv,solar
PT,h6214,0.0,scr2099,avaConv,solar
PT,h6215,0.0,scr2099,avaConv,solar
PT,h6216,0.0,scr2099,avaConv,solar
PT,h6217,0.0,scr2099,avaConv,solar
PT,h6218,0.0,scr2099,avaConv,solar
PT,h6219,0.0,scr2099,avaConv,solar
PT,h6220,0.0,scr2099,avaConv,solar
PT,h6221,0.0,scr2099,avaConv,solar
PT,h6222,0.0,scr2099,avaConv,solar
PT,h6223,0.0012204258508944177,scr2099,avaConv,solar
PT,h6224,0.05140883099921137,scr2099,avaConv,solar
PT,h6225,0.1638883123824738,scr2099,avaConv,solar
PT,h6226,0.3362151254720654,scr2099,avaConv,solar
PT,h6227,0.5008247083330557,scr2099,avaConv,solar
PT,h6228,0.6320818647038436,scr2099,avaConv,solar
PT,h6229,0.7182211974279211,scr2099,avaConv,solar
PT,h6230,0.7505097814403293,scr2099,avaConv,solar
PT,h6231,0.7314349117515213,scr2099,avaConv,solar
PT,h6232,0.6559020212896933,scr2099,avaConv,solar
PT,h6233,0.5265713368029848,scr2099,avaConv,solar
PT,h6234,0.3434371091522151,scr2099,avaConv,solar
PT,h6235,0.15992068642381588,scr2099,avaConv,solar
PT,h6236,0.04178806396520551,scr2099,avaConv,solar
PT,h6237,0.0004906621329637934,scr2099,avaConv,solar
PT,h6238,0.0,scr2099,avaConv,solar
PT,h6239,0.0,scr2099,avaConv,solar
PT,h6240,0.0,scr2099,avaConv,solar
PT,h6241,0.0,scr2099,avaConv,solar
PT,h6242,0.0,scr2099,avaConv,solar
PT,h6243,0.0,scr2099,avaConv,solar
PT,h6244,0.0,scr2099,avaConv,solar
PT,h6245,0.0,scr2099,avaConv,solar
PT,h6246,0.0,scr2099,avaConv,solar
PT,h6247,0.0008172931496798147,scr2099,avaConv,solar
PT,h6248,0.047555691804079966,scr2099,avaConv,solar
PT,h6249,0.1558468841475208,scr2099,avaConv,solar
PT,h6250,0.3234758851415151,scr2099,avaConv,solar
PT,h6251,0.4853981993878364,scr2099,avaConv,solar
PT,h6252,0.6146377742141086,scr2099,avaConv,solar
PT,h6253,0.6986843101996765,scr2099,avaConv,solar
PT,h6254,0.7312522598716809,scr2099,avaConv,solar
PT,h6255,0.7125335082333867,scr2099,avaConv,solar
PT,h6256,0.6400940498106604,scr2099,avaConv,solar
PT,h6257,0.5149552009636373,scr2099,avaConv,solar
PT,h6258,0.3348386988668559,scr2099,avaConv,solar
PT,h6259,0.1551667081134334,scr2099,avaConv,solar
PT,h6260,0.03898945983764361,scr2099,avaConv,solar
PT,h6261,0.0002752480200212923,scr2099,avaConv,solar
PT,h6262,0.0,scr2099,avaConv,solar
PT,h6263,0.0,scr2099,avaConv,solar
PT,h6264,0.0,scr2099,avaConv,solar
PT,h6265,0.0,scr2099,avaConv,solar
PT,h6266,0.0,scr2099,avaConv,solar
PT,h6267,0.0,scr2099,avaConv,solar
PT,h6268,0.0,scr2099,avaConv,solar
PT,h6269,0.0,scr2099,avaConv,solar
PT,h6270,0.0,scr2099,avaConv,solar
PT,h6271,0.0005370478450476135,scr2099,avaConv,solar
PT,h6272,0.044388250580099535,scr2099,avaConv,solar
PT,h6273,0.14812595587082286,scr2099,avaConv,solar
PT,h6274,0.3101043818838894,scr2099,avaConv,solar
PT,h6275,0.46924620627075375,scr2099,avaConv,solar
PT,h6276,0.5993881526196804,scr2099,avaConv,solar
PT,h6277,0.6849304586585486,scr2099,avaConv,solar
PT,h6278,0.7208218944291134,scr2099,avaConv,solar
PT,h6279,0.7030266369849645,scr2099,avaConv,solar
PT,h6280,0.6332243454142816,scr2099,avaConv,solar
PT,h6281,0.5099673931222906,scr2099,avaConv,solar
PT,h6282,0.33083933668731386,scr2099,avaConv,solar
PT,h6283,0.1528233830106832,scr2099,avaConv,solar
PT,h6284,0.037311987480405796,scr2099,avaConv,solar
PT,h6285,0.0001698354789966519,scr2099,avaConv,solar
PT,h6286,0.0,scr2099,avaConv,solar
PT,h6287,0.0,scr2099,avaConv,solar
PT,h6288,0.0,scr2099,avaConv,solar
PT,h6289,0.0,scr2099,avaConv,solar
PT,h6290,0.0,scr2099,avaConv,solar
PT,h6291,0.0,scr2099,avaConv,solar
PT,h6292,0.0,scr2099,avaConv,solar
PT,h6293,0.0,scr2099,avaConv,solar
PT,h6294,0.0,scr2099,avaConv,solar
PT,h6295,0.00031853320866224484,scr2099,avaConv,solar
PT,h6296,0.04203447727914002,scr2099,avaConv,solar
PT,h6297,0.14296677607991615,scr2099,avaConv,solar
PT,h6298,0.30220095771924727,scr2099,avaConv,solar
PT,h6299,0.4610983178018157,scr2099,avaConv,solar
PT,h6300,0.5926309670161279,scr2099,avaConv,solar
PT,h6301,0.6793745390810709,scr2099,avaConv,solar
PT,h6302,0.7169999020258795,scr2099,avaConv,solar
PT,h6303,0.6994487599869388,scr2099,avaConv,solar
PT,h6304,0.6304734221752828,scr2099,avaConv,solar
PT,h6305,0.5076745826007129,scr2099,avaConv,solar
PT,h6306,0.3279107517128333,scr2099,avaConv,solar
PT,h6307,0.15072272211035065,scr2099,avaConv,solar
PT,h6308,0.03559427780013742,scr2099,avaConv,solar
PT,h6309,0.0,scr2099,avaConv,solar
PT,h6310,0.0,scr2099,avaConv,solar
PT,h6311,0.0,scr2099,avaConv,solar
PT,h6312,0.0,scr2099,avaConv,solar
PT,h6313,0.0,scr2099,avaConv,solar
PT,h6314,0.0,scr2099,avaConv,solar
PT,h6315,0.0,scr2099,avaConv,solar
PT,h6316,0.0,scr2099,avaConv,solar
PT,h6317,0.0,scr2099,avaConv,solar
PT,h6318,0.0,scr2099,avaConv,solar
PT,h6319,0.00015389562701406895,scr2099,avaConv,solar
PT,h6320,0.03852984960520513,scr2099,avaConv,solar
PT,h6321,0.13452522555164156,scr2099,avaConv,solar
PT,h6322,0.28880523341091724,scr2099,avaConv,solar
PT,h6323,0.44678628956207456,scr2099,avaConv,solar
PT,h6324,0.5812239473061851,scr2099,avaConv,solar
PT,h6325,0.6704327775410116,scr2099,avaConv,solar
PT,h6326,0.7116714139400362,scr2099,avaConv,solar
PT,h6327,0.6937024241465454,scr2099,avaConv,solar
PT,h6328,0.6250336419986039,scr2099,avaConv,solar
PT,h6329,0.5010521661518769,scr2099,avaConv,solar
PT,h6330,0.3204929201490736,scr2099,avaConv,solar
PT,h6331,0.1455865976608157,scr2099,avaConv,solar
PT,h6332,0.032582270497527155,scr2099,avaConv,solar
PT,h6333,0.0,scr2099,avaConv,solar
PT,h6334,0.0,scr2099,avaConv,solar
PT,h6335,0.0,scr2099,avaConv,solar
PT,h6336,0.0,scr2099,avaConv,solar
PT,h6337,0.0,scr2099,avaConv,solar
PT,h6338,0.0,scr2099,avaConv,solar
PT,h6339,0.0,scr2099,avaConv,solar
PT,h6340,0.0,scr2099,avaConv,solar
PT,h6341,0.0,scr2099,avaConv,solar
PT,h6342,0.0,scr2099,avaConv,solar
PT,h6343,0.0,scr2099,avaConv,solar
PT,h6344,0.035112486548536805,scr2099,avaConv,solar
PT,h6345,0.12637488517261805,scr2099,avaConv,solar
PT,h6346,0.27239947152550636,scr2099,avaConv,solar
PT,h6347,0.4225590964619591,scr2099,avaConv,solar
PT,h6348,0.5527709575538926,scr2099,avaConv,solar
PT,h6349,0.6432767341592063,scr2099,avaConv,solar
PT,h6350,0.6751892060151683,scr2099,avaConv,solar
PT,h6351,0.6552775770774284,scr2099,avaConv,solar
PT,h6352,0.5894547974615576,scr2099,avaConv,solar
PT,h6353,0.4838732532827088,scr2099,avaConv,solar
PT,h6354,0.3108224327189396,scr2099,avaConv,solar
PT,h6355,0.14029419482341943,scr2099,avaConv,solar
PT,h6356,0.029598330539239603,scr2099,avaConv,solar
PT,h6357,0.0,scr2099,avaConv,solar
PT,h6358,0.0,scr2099,avaConv,solar
PT,h6359,0.0,scr2099,avaConv,solar
PT,h6360,0.0,scr2099,avaConv,solar
PT,h6361,0.0,scr2099,avaConv,solar
PT,h6362,0.0,scr2099,avaConv,solar
PT,h6363,0.0,scr2099,avaConv,solar
PT,h6364,0.0,scr2099,avaConv,solar
PT,h6365,0.0,scr2099,avaConv,solar
PT,h6366,0.0,scr2099,avaConv,solar
PT,h6367,0.0,scr2099,avaConv,solar
PT,h6368,0.03357213151669706,scr2099,avaConv,solar
PT,h6369,0.12158117295985554,scr2099,avaConv,solar
PT,h6370,0.2683300140209449,scr2099,avaConv,solar
PT,h6371,0.4249292735829702,scr2099,avaConv,solar
PT,h6372,0.5631679872034866,scr2099,avaConv,solar
PT,h6373,0.6581164178369963,scr2099,avaConv,solar
PT,h6374,0.7047375039857794,scr2099,avaConv,solar
PT,h6375,0.6883150009912006,scr2099,avaConv,solar
PT,h6376,0.6217666378338451,scr2099,avaConv,solar
PT,h6377,0.5012278950653504,scr2099,avaConv,solar
PT,h6378,0.32118112987894537,scr2099,avaConv,solar
PT,h6379,0.14585308104073663,scr2099,avaConv,solar
PT,h6380,0.030716871537178975,scr2099,avaConv,solar
PT,h6381,0.0,scr2099,avaConv,solar
PT,h6382,0.0,scr2099,avaConv,solar
PT,h6383,0.0,scr2099,avaConv,solar
PT,h6384,0.0,scr2099,avaConv,solar
PT,h6385,0.0,scr2099,avaConv,solar
PT,h6386,0.0,scr2099,avaConv,solar
PT,h6387,0.0,scr2099,avaConv,solar
PT,h6388,0.0,scr2099,avaConv,solar
PT,h6389,0.0,scr2099,avaConv,solar
PT,h6390,0.0,scr2099,avaConv,solar
PT,h6391,0.0,scr2099,avaConv,solar
PT,h6392,0.03450966616628009,scr2099,avaConv,solar
PT,h6393,0.12676842399508215,scr2099,avaConv,solar
PT,h6394,0.2780463725232861,scr2099,avaConv,solar
PT,h6395,0.4377867543409787,scr2099,avaConv,solar
PT,h6396,0.5744518350109172,scr2099,avaConv,solar
PT,h6397,0.667001576377044,scr2099,avaConv,solar
PT,h6398,0.7095820672741874,scr2099,avaConv,solar
PT,h6399,0.6921942273999677,scr2099,avaConv,solar
PT,h6400,0.6232568904637869,scr2099,avaConv,solar
PT,h6401,0.5029229515008453,scr2099,avaConv,solar
PT,h6402,0.3194218325414239,scr2099,avaConv,solar
PT,h6403,0.14447602321511271,scr2099,avaConv,solar
PT,h6404,0.029236840104080446,scr2099,avaConv,solar
PT,h6405,0.0,scr2099,avaConv,solar
PT,h6406,0.0,scr2099,avaConv,solar
PT,h6407,0.0,scr2099,avaConv,solar
PT,h6408,0.0,scr2099,avaConv,solar
PT,h6409,0.0,scr2099,avaConv,solar
PT,h6410,0.0,scr2099,avaConv,solar
PT,h6411,0.0,scr2099,avaConv,solar
PT,h6412,0.0,scr2099,avaConv,solar
PT,h6413,0.0,scr2099,avaConv,solar
PT,h6414,0.0,scr2099,avaConv,solar
PT,h6415,0.0,scr2099,avaConv,solar
PT,h6416,0.0316059756966901,scr2099,avaConv,solar
PT,h6417,0.11950062273838394,scr2099,avaConv,solar
PT,h6418,0.2646848291280876,scr2099,avaConv,solar
PT,h6419,0.4212283504334234,scr2099,avaConv,solar
PT,h6420,0.5541310275934378,scr2099,avaConv,solar
PT,h6421,0.6472208058599827,scr2099,avaConv,solar
PT,h6422,0.688937651663766,scr2099,avaConv,solar
PT,h6423,0.6746500262967222,scr2099,avaConv,solar
PT,h6424,0.6069450168916842,scr2099,avaConv,solar
PT,h6425,0.4912925698425522,scr2099,avaConv,solar
PT,h6426,0.3099148182813466,scr2099,avaConv,solar
PT,h6427,0.13925419872539055,scr2099,avaConv,solar
PT,h6428,0.026584826572816665,scr2099,avaConv,solar
PT,h6429,0.0,scr2099,avaConv,solar
PT,h6430,0.0,scr2099,avaConv,solar
PT,h6431,0.0,scr2099,avaConv,solar
PT,h6432,0.0,scr2099,avaConv,solar
PT,h6433,0.0,scr2099,avaConv,solar
PT,h6434,0.0,scr2099,avaConv,solar
PT,h6435,0.0,scr2099,avaConv,solar
PT,h6436,0.0,scr2099,avaConv,solar
PT,h6437,0.0,scr2099,avaConv,solar
PT,h6438,0.0,scr2099,avaConv,solar
PT,h6439,0.0,scr2099,avaConv,solar
PT,h6440,0.031800692675639265,scr2099,avaConv,solar
PT,h6441,0.1216425036039205,scr2099,avaConv,solar
PT,h6442,0.2711421706468098,scr2099,avaConv,solar
PT,h6443,0.4337204765803859,scr2099,avaConv,solar
PT,h6444,0.5733183799859092,scr2099,avaConv,solar
PT,h6445,0.6705644011139452,scr2099,avaConv,solar
PT,h6446,0.716351572736633,scr2099,avaConv,solar
PT,h6447,0.7023954280873628,scr2099,avaConv,solar
PT,h6448,0.6351429154180525,scr2099,avaConv,solar
PT,h6449,0.5185581677761778,scr2099,avaConv,solar
PT,h6450,0.33063827200876156,scr2099,avaConv,solar
PT,h6451,0.15081622807237416,scr2099,avaConv,solar
PT,h6452,0.029050859866483845,scr2099,avaConv,solar
PT,h6453,0.0,scr2099,avaConv,solar
PT,h6454,0.0,scr2099,avaConv,solar
PT,h6455,0.0,scr2099,avaConv,solar
PT,h6456,0.0,scr2099,avaConv,solar
PT,h6457,0.0,scr2099,avaConv,solar
PT,h6458,0.0,scr2099,avaConv,solar
PT,h6459,0.0,scr2099,avaConv,solar
PT,h6460,0.0,scr2099,avaConv,solar
PT,h6461,0.0,scr2099,avaConv,solar
PT,h6462,0.0,scr2099,avaConv,solar
PT,h6463,0.0,scr2099,avaConv,solar
PT,h6464,0.03026348690797961,scr2099,avaConv,solar
PT,h6465,0.11844464083419275,scr2099,avaConv,solar
PT,h6466,0.272895073534786,scr2099,avaConv,solar
PT,h6467,0.4424967051880125,scr2099,avaConv,solar
PT,h6468,0.5892569112802856,scr2099,avaConv,solar
PT,h6469,0.6834261087764124,scr2099,avaConv,solar
PT,h6470,0.7265494456980608,scr2099,avaConv,solar
PT,h6471,0.7083672932896229,scr2099,avaConv,solar
PT,h6472,0.6393777656860979,scr2099,avaConv,solar
PT,h6473,0.5213786262913295,scr2099,avaConv,solar
PT,h6474,0.3308073671386606,scr2099,avaConv,solar
PT,h6475,0.1506090287744074,scr2099,avaConv,solar
PT,h6476,0.027773729295157003,scr2099,avaConv,solar
PT,h6477,0.0,scr2099,avaConv,solar
PT,h6478,0.0,scr2099,avaConv,solar
PT,h6479,0.0,scr2099,avaConv,solar
PT,h6480,0.0,scr2099,avaConv,solar
PT,h6481,0.0,scr2099,avaConv,solar
PT,h6482,0.0,scr2099,avaConv,solar
PT,h6483,0.0,scr2099,avaConv,solar
PT,h6484,0.0,scr2099,avaConv,solar
PT,h6485,0.0,scr2099,avaConv,solar
PT,h6486,0.0,scr2099,avaConv,solar
PT,h6487,0.0,scr2099,avaConv,solar
PT,h6488,0.033105835090107644,scr2099,avaConv,solar
PT,h6489,0.12727060060664436,scr2099,avaConv,solar
PT,h6490,0.28469633455080445,scr2099,avaConv,solar
PT,h6491,0.4556795464907581,scr2099,avaConv,solar
PT,h6492,0.6022583044099473,scr2099,avaConv,solar
PT,h6493,0.6999756799450719,scr2099,avaConv,solar
PT,h6494,0.7458789269455819,scr2099,avaConv,solar
PT,h6495,0.7288033066722276,scr2099,avaConv,solar
PT,h6496,0.6602846184193978,scr2099,avaConv,solar
PT,h6497,0.5419258192223756,scr2099,avaConv,solar
PT,h6498,0.34507657156687804,scr2099,avaConv,solar
PT,h6499,0.15805658788120594,scr2099,avaConv,solar
PT,h6500,0.028644205351530058,scr2099,avaConv,solar
PT,h6501,0.0,scr2099,avaConv,solar
PT,h6502,0.0,scr2099,avaConv,solar
PT,h6503,0.0,scr2099,avaConv,solar
PT,h6504,0.0,scr2099,avaConv,solar
PT,h6505,0.0,scr2099,avaConv,solar
PT,h6506,0.0,scr2099,avaConv,solar
PT,h6507,0.0,scr2099,avaConv,solar
PT,h6508,0.0,scr2099,avaConv,solar
PT,h6509,0.0,scr2099,avaConv,solar
PT,h6510,0.0,scr2099,avaConv,solar
PT,h6511,0.0,scr2099,avaConv,solar
PT,h6512,0.02335838088625521,scr2099,avaConv,solar
PT,h6513,0.09893115279474052,scr2099,avaConv,solar
PT,h6514,0.23344167326448417,scr2099,avaConv,solar
PT,h6515,0.3901886049304954,scr2099,avaConv,solar
PT,h6516,0.5284597426741979,scr2099,avaConv,solar
PT,h6517,0.621321755507767,scr2099,avaConv,solar
PT,h6518,0.6601748196708404,scr2099,avaConv,solar
PT,h6519,0.6380169717490963,scr2099,avaConv,solar
PT,h6520,0.5696920842852132,scr2099,avaConv,solar
PT,h6521,0.4612621309484513,scr2099,avaConv,solar
PT,h6522,0.28887947609121384,scr2099,avaConv,solar
PT,h6523,0.12935616093152288,scr2099,avaConv,solar
PT,h6524,0.02128177232427536,scr2099,avaConv,solar
PT,h6525,0.0,scr2099,avaConv,solar
PT,h6526,0.0,scr2099,avaConv,solar
PT,h6527,0.0,scr2099,avaConv,solar
PT,h6528,0.0,scr2099,avaConv,solar
PT,h6529,0.0,scr2099,avaConv,solar
PT,h6530,0.0,scr2099,avaConv,solar
PT,h6531,0.0,scr2099,avaConv,solar
PT,h6532,0.0,scr2099,avaConv,solar
PT,h6533,0.0,scr2099,avaConv,solar
PT,h6534,0.0,scr2099,avaConv,solar
PT,h6535,0.0,scr2099,avaConv,solar
PT,h6536,0.010946292815460865,scr2099,avaConv,solar
PT,h6537,0.04808238225200819,scr2099,avaConv,solar
PT,h6538,0.11907108514648805,scr2099,avaConv,solar
PT,h6539,0.2078054791625116,scr2099,avaConv,solar
PT,h6540,0.2977681255093885,scr2099,avaConv,solar
PT,h6541,0.37345684305164645,scr2099,avaConv,solar
PT,h6542,0.43150569036545633,scr2099,avaConv,solar
PT,h6543,0.4507878811213716,scr2099,avaConv,solar
PT,h6544,0.4462468346651507,scr2099,avaConv,solar
PT,h6545,0.39760471255401086,scr2099,avaConv,solar
PT,h6546,0.26879198930221476,scr2099,avaConv,solar
PT,h6547,0.12545093206673305,scr2099,avaConv,solar
PT,h6548,0.019285092955662195,scr2099,avaConv,solar
PT,h6549,0.0,scr2099,avaConv,solar
PT,h6550,0.0,scr2099,avaConv,solar
PT,h6551,0.0,scr2099,avaConv,solar
PT,h6552,0.0,scr2099,avaConv,solar
RO,h5809,0.0,scr2099,avaConv,solar
RO,h5810,0.0,scr2099,avaConv,solar
RO,h5811,0.0,scr2099,avaConv,solar
RO,h5812,0.0,scr2099,avaConv,solar
RO,h5813,0.020178301242531407,scr2099,avaConv,solar
RO,h5814,0.08400981788136581,scr2099,avaConv,solar
RO,h5815,0.1961352770193709,scr2099,avaConv,solar
RO,h5816,0.33246241240432084,scr2099,avaConv,solar
RO,h5817,0.46139094427362687,scr2099,avaConv,solar
RO,h5818,0.5654059374721649,scr2099,avaConv,solar
RO,h5819,0.6310881675631309,scr2099,avaConv,solar
RO,h5820,0.6510359351213465,scr2099,avaConv,solar
RO,h5821,0.6226861196008835,scr2099,avaConv,solar
RO,h5822,0.5456046696806173,scr2099,avaConv,solar
RO,h5823,0.4173816160743749,scr2099,avaConv,solar
RO,h5824,0.2368866216644,scr2099,avaConv,solar
RO,h5825,0.09888976128089041,scr2099,avaConv,solar
RO,h5826,0.01509273008574612,scr2099,avaConv,solar
RO,h5827,0.006655444731943766,scr2099,avaConv,solar
RO,h5828,0.0,scr2099,avaConv,solar
RO,h5829,0.0,scr2099,avaConv,solar
RO,h5830,0.0,scr2099,avaConv,solar
RO,h5831,0.0,scr2099,avaConv,solar
RO,h5832,0.0,scr2099,avaConv,solar
RO,h5833,0.0,scr2099,avaConv,solar
RO,h5834,0.0,scr2099,avaConv,solar
RO,h5835,0.0,scr2099,avaConv,solar
RO,h5836,0.0,scr2099,avaConv,solar
RO,h5837,0.020321972045899868,scr2099,avaConv,solar
RO,h5838,0.08587785384391632,scr2099,avaConv,solar
RO,h5839,0.19907306672862887,scr2099,avaConv,solar
RO,h5840,0.3354401512830073,scr2099,avaConv,solar
RO,h5841,0.46180786803406976,scr2099,avaConv,solar
RO,h5842,0.5635959070182566,scr2099,avaConv,solar
RO,h5843,0.6277212295368928,scr2099,avaConv,solar
RO,h5844,0.6471252175117805,scr2099,avaConv,solar
RO,h5845,0.6187987094455495,scr2099,avaConv,solar
RO,h5846,0.5424767263932601,scr2099,avaConv,solar
RO,h5847,0.41531753585424325,scr2099,avaConv,solar
RO,h5848,0.2370412616487712,scr2099,avaConv,solar
RO,h5849,0.09819218630317017,scr2099,avaConv,solar
RO,h5850,0.014682749297459363,scr2099,avaConv,solar
RO,h5851,0.00530647060274655,scr2099,avaConv,solar
RO,h5852,0.0,scr2099,avaConv,solar
RO,h5853,0.0,scr2099,avaConv,solar
RO,h5854,0.0,scr2099,avaConv,solar
RO,h5855,0.0,scr2099,avaConv,solar
RO,h5856,0.0,scr2099,avaConv,solar
RO,h5857,0.0,scr2099,avaConv,solar
RO,h5858,0.0,scr2099,avaConv,solar
RO,h5859,0.0,scr2099,avaConv,solar
RO,h5860,0.0,scr2099,avaConv,solar
RO,h5861,0.019626332340881045,scr2099,avaConv,solar
RO,h5862,0.08473965854657775,scr2099,avaConv,solar
RO,h5863,0.1978591979440023,scr2099,avaConv,solar
RO,h5864,0.3351388904188558,scr2099,avaConv,solar
RO,h5865,0.4625307775987697,scr2099,avaConv,solar
RO,h5866,0.5651122115537871,scr2099,avaConv,solar
RO,h5867,0.6303163623369318,scr2099,avaConv,solar
RO,h5868,0.6502089013456361,scr2099,avaConv,solar
RO,h5869,0.6225769867280669,scr2099,avaConv,solar
RO,h5870,0.5463164094194505,scr2099,avaConv,solar
RO,h5871,0.41919449366441025,scr2099,avaConv,solar
RO,h5872,0.23902777258304148,scr2099,avaConv,solar
RO,h5873,0.09852710657277852,scr2099,avaConv,solar
RO,h5874,0.013967251731042764,scr2099,avaConv,solar
RO,h5875,0.004992988208424882,scr2099,avaConv,solar
RO,h5876,0.0,scr2099,avaConv,solar
RO,h5877,0.0,scr2099,avaConv,solar
RO,h5878,0.0,scr2099,avaConv,solar
RO,h5879,0.0,scr2099,avaConv,solar
RO,h5880,0.0,scr2099,avaConv,solar
RO,h5881,0.0,scr2099,avaConv,solar
RO,h5882,0.0,scr2099,avaConv,solar
RO,h5883,0.0,scr2099,avaConv,solar
RO,h5884,0.0,scr2099,avaConv,solar
RO,h5885,0.01787319511050943,scr2099,avaConv,solar
RO,h5886,0.08032187226700786,scr2099,avaConv,solar
RO,h5887,0.1897375181691193,scr2099,avaConv,solar
RO,h5888,0.3243556925881061,scr2099,avaConv,solar
RO,h5889,0.4491683767950009,scr2099,avaConv,solar
RO,h5890,0.5509230977860646,scr2099,avaConv,solar
RO,h5891,0.6140358987116559,scr2099,avaConv,solar
RO,h5892,0.6303955286059235,scr2099,avaConv,solar
RO,h5893,0.5939318180741956,scr2099,avaConv,solar
RO,h5894,0.514846716511892,scr2099,avaConv,solar
RO,h5895,0.3832990148537887,scr2099,avaConv,solar
RO,h5896,0.21855482172261698,scr2099,avaConv,solar
RO,h5897,0.08567460125124424,scr2099,avaConv,solar
RO,h5898,0.01388810290173119,scr2099,avaConv,solar
RO,h5899,0.003237956805973821,scr2099,avaConv,solar
RO,h5900,0.0,scr2099,avaConv,solar
RO,h5901,0.0,scr2099,avaConv,solar
RO,h5902,0.0,scr2099,avaConv,solar
RO,h5903,0.0,scr2099,avaConv,solar
RO,h5904,0.0,scr2099,avaConv,solar
RO,h5905,0.0,scr2099,avaConv,solar
RO,h5906,0.0,scr2099,avaConv,solar
RO,h5907,0.0,scr2099,avaConv,solar
RO,h5908,0.0,scr2099,avaConv,solar
RO,h5909,0.01368604732774785,scr2099,avaConv,solar
RO,h5910,0.06434175936068542,scr2099,avaConv,solar
RO,h5911,0.1542694969805129,scr2099,avaConv,solar
RO,h5912,0.26776762071501536,scr2099,avaConv,solar
RO,h5913,0.37738653086321483,scr2099,avaConv,solar
RO,h5914,0.47696119257942543,scr2099,avaConv,solar
RO,h5915,0.5480242588510007,scr2099,avaConv,solar
RO,h5916,0.5820335382479541,scr2099,avaConv,solar
RO,h5917,0.5690891788408293,scr2099,avaConv,solar
RO,h5918,0.5029300217750943,scr2099,avaConv,solar
RO,h5919,0.3858519840639301,scr2099,avaConv,solar
RO,h5920,0.2189838380825902,scr2099,avaConv,solar
RO,h5921,0.0904973013416084,scr2099,avaConv,solar
RO,h5922,0.013849019733671912,scr2099,avaConv,solar
RO,h5923,0.003354262593942822,scr2099,avaConv,solar
RO,h5924,0.0,scr2099,avaConv,solar
RO,h5925,0.0,scr2099,avaConv,solar
RO,h5926,0.0,scr2099,avaConv,solar
RO,h5927,0.0,scr2099,avaConv,solar
RO,h5928,0.0,scr2099,avaConv,solar
RO,h5929,0.0,scr2099,avaConv,solar
RO,h5930,0.0,scr2099,avaConv,solar
RO,h5931,0.0,scr2099,avaConv,solar
RO,h5932,0.0,scr2099,avaConv,solar
RO,h5933,0.015723456562414292,scr2099,avaConv,solar
RO,h5934,0.07597582329671727,scr2099,avaConv,solar
RO,h5935,0.18611028721250117,scr2099,avaConv,solar
RO,h5936,0.32519805635023413,scr2099,avaConv,solar
RO,h5937,0.45504697299099295,scr2099,avaConv,solar
RO,h5938,0.5551888620652783,scr2099,avaConv,solar
RO,h5939,0.613900786099596,scr2099,avaConv,solar
RO,h5940,0.6285265405761059,scr2099,avaConv,solar
RO,h5941,0.6007326197433556,scr2099,avaConv,solar
RO,h5942,0.5291462424824784,scr2099,avaConv,solar
RO,h5943,0.40633211990587303,scr2099,avaConv,solar
RO,h5944,0.23549404064617122,scr2099,avaConv,solar
RO,h5945,0.0967961276835198,scr2099,avaConv,solar
RO,h5946,0.015395358285704368,scr2099,avaConv,solar
RO,h5947,0.0029741735060568805,scr2099,avaConv,solar
RO,h5948,0.0,scr2099,avaConv,solar
RO,h5949,0.0,scr2099,avaConv,solar
RO,h5950,0.0,scr2099,avaConv,solar
RO,h5951,0.0,scr2099,avaConv,solar
RO,h5952,0.0,scr2099,avaConv,solar
RO,h5953,0.0,scr2099,avaConv,solar
RO,h5954,0.0,scr2099,avaConv,solar
RO,h5955,0.0,scr2099,avaConv,solar
RO,h5956,0.0,scr2099,avaConv,solar
RO,h5957,0.012941083869809992,scr2099,avaConv,solar
RO,h5958,0.06651096708493073,scr2099,avaConv,solar
RO,h5959,0.16441128225781335,scr2099,avaConv,solar
RO,h5960,0.2907255387276011,scr2099,avaConv,solar
RO,h5961,0.41146192467742204,scr2099,avaConv,solar
RO,h5962,0.5166744701631361,scr2099,avaConv,solar
RO,h5963,0.5849529541653168,scr2099,avaConv,solar
RO,h5964,0.609261576735676,scr2099,avaConv,solar
RO,h5965,0.5767186903472363,scr2099,avaConv,solar
RO,h5966,0.49961976333838815,scr2099,avaConv,solar
RO,h5967,0.37689307830273133,scr2099,avaConv,solar
RO,h5968,0.2194265667196465,scr2099,avaConv,solar
RO,h5969,0.09133749389196999,scr2099,avaConv,solar
RO,h5970,0.015850093941097227,scr2099,avaConv,solar
RO,h5971,0.0021786666133536995,scr2099,avaConv,solar
RO,h5972,0.0,scr2099,avaConv,solar
RO,h5973,0.0,scr2099,avaConv,solar
RO,h5974,0.0,scr2099,avaConv,solar
RO,h5975,0.0,scr2099,avaConv,solar
RO,h5976,0.0,scr2099,avaConv,solar
RO,h5977,0.0,scr2099,avaConv,solar
RO,h5978,0.0,scr2099,avaConv,solar
RO,h5979,0.0,scr2099,avaConv,solar
RO,h5980,0.0,scr2099,avaConv,solar
RO,h5981,0.010075268920285745,scr2099,avaConv,solar
RO,h5982,0.052589634876184524,scr2099,avaConv,solar
RO,h5983,0.13021130181452856,scr2099,avaConv,solar
RO,h5984,0.22953304607493888,scr2099,avaConv,solar
RO,h5985,0.3296831233701763,scr2099,avaConv,solar
RO,h5986,0.4251002859885666,scr2099,avaConv,solar
RO,h5987,0.5047673414381187,scr2099,avaConv,solar
RO,h5988,0.553543273296916,scr2099,avaConv,solar
RO,h5989,0.549041977145511,scr2099,avaConv,solar
RO,h5990,0.49811929298976304,scr2099,avaConv,solar
RO,h5991,0.38679342444736825,scr2099,avaConv,solar
RO,h5992,0.2330189077128652,scr2099,avaConv,solar
RO,h5993,0.09702288438946469,scr2099,avaConv,solar
RO,h5994,0.017406709631178536,scr2099,avaConv,solar
RO,h5995,0.001975001085894316,scr2099,avaConv,solar
RO,h5996,0.0,scr2099,avaConv,solar
RO,h5997,0.0,scr2099,avaConv,solar
RO,h5998,0.0,scr2099,avaConv,solar
RO,h5999,0.0,scr2099,avaConv,solar
RO,h6000,0.0,scr2099,avaConv,solar
RO,h6001,0.0,scr2099,avaConv,solar
RO,h6002,0.0,scr2099,avaConv,solar
RO,h6003,0.0,scr2099,avaConv,solar
RO,h6004,0.0,scr2099,avaConv,solar
RO,h6005,0.012182953695755647,scr2099,avaConv,solar
RO,h6006,0.06749934333017805,scr2099,avaConv,solar
RO,h6007,0.1684770114987688,scr2099,avaConv,solar
RO,h6008,0.30032363554929214,scr2099,avaConv,solar
RO,h6009,0.425776934497054,scr2099,avaConv,solar
RO,h6010,0.5332641018713693,scr2099,avaConv,solar
RO,h6011,0.6055569910093053,scr2099,avaConv,solar
RO,h6012,0.6295133759533513,scr2099,avaConv,solar
RO,h6013,0.6029262567163287,scr2099,avaConv,solar
RO,h6014,0.5288157092349625,scr2099,avaConv,solar
RO,h6015,0.4072900087778114,scr2099,avaConv,solar
RO,h6016,0.24332624182320006,scr2099,avaConv,solar
RO,h6017,0.10275769372300964,scr2099,avaConv,solar
RO,h6018,0.019821216157835338,scr2099,avaConv,solar
RO,h6019,0.0015541070842049148,scr2099,avaConv,solar
RO,h6020,0.0,scr2099,avaConv,solar
RO,h6021,0.0,scr2099,avaConv,solar
RO,h6022,0.0,scr2099,avaConv,solar
RO,h6023,0.0,scr2099,avaConv,solar
RO,h6024,0.0,scr2099,avaConv,solar
RO,h6025,0.0,scr2099,avaConv,solar
RO,h6026,0.0,scr2099,avaConv,solar
RO,h6027,0.0,scr2099,avaConv,solar
RO,h6028,0.0,scr2099,avaConv,solar
RO,h6029,0.010683723452639151,scr2099,avaConv,solar
RO,h6030,0.0639622488571223,scr2099,avaConv,solar
RO,h6031,0.16457659019011228,scr2099,avaConv,solar
RO,h6032,0.2989184088117033,scr2099,avaConv,solar
RO,h6033,0.42318924295686594,scr2099,avaConv,solar
RO,h6034,0.5254676768855759,scr2099,avaConv,solar
RO,h6035,0.5918120078714563,scr2099,avaConv,solar
RO,h6036,0.6179896190294445,scr2099,avaConv,solar
RO,h6037,0.5928205442110397,scr2099,avaConv,solar
RO,h6038,0.5203052020605574,scr2099,avaConv,solar
RO,h6039,0.39700397092850187,scr2099,avaConv,solar
RO,h6040,0.23846354143138454,scr2099,avaConv,solar
RO,h6041,0.1007427131659725,scr2099,avaConv,solar
RO,h6042,0.020523614129781785,scr2099,avaConv,solar
RO,h6043,0.0010907480819619308,scr2099,avaConv,solar
RO,h6044,0.0,scr2099,avaConv,solar
RO,h6045,0.0,scr2099,avaConv,solar
RO,h6046,0.0,scr2099,avaConv,solar
RO,h6047,0.0,scr2099,avaConv,solar
RO,h6048,0.0,scr2099,avaConv,solar
RO,h6049,0.0,scr2099,avaConv,solar
RO,h6050,0.0,scr2099,avaConv,solar
RO,h6051,0.0,scr2099,avaConv,solar
RO,h6052,0.0,scr2099,avaConv,solar
RO,h6053,0.008979175859799685,scr2099,avaConv,solar
RO,h6054,0.058997158218189336,scr2099,avaConv,solar
RO,h6055,0.1545021572056341,scr2099,avaConv,solar
RO,h6056,0.2847942803796131,scr2099,avaConv,solar
RO,h6057,0.4115291079375296,scr2099,avaConv,solar
RO,h6058,0.5210055839425374,scr2099,avaConv,solar
RO,h6059,0.5987897434166396,scr2099,avaConv,solar
RO,h6060,0.6322725709541694,scr2099,avaConv,solar
RO,h6061,0.6064104089046827,scr2099,avaConv,solar
RO,h6062,0.5302726443523134,scr2099,avaConv,solar
RO,h6063,0.40429947620460943,scr2099,avaConv,solar
RO,h6064,0.24654563752121,scr2099,avaConv,solar
RO,h6065,0.10714088615780308,scr2099,avaConv,solar
RO,h6066,0.023080115143320142,scr2099,avaConv,solar
RO,h6067,0.0014550656265303816,scr2099,avaConv,solar
RO,h6068,0.0,scr2099,avaConv,solar
RO,h6069,0.0,scr2099,avaConv,solar
RO,h6070,0.0,scr2099,avaConv,solar
RO,h6071,0.0,scr2099,avaConv,solar
RO,h6072,0.0,scr2099,avaConv,solar
RO,h6073,0.0,scr2099,avaConv,solar
RO,h6074,0.0,scr2099,avaConv,solar
RO,h6075,0.0,scr2099,avaConv,solar
RO,h6076,0.0,scr2099,avaConv,solar
RO,h6077,0.011441649664518312,scr2099,avaConv,solar
RO,h6078,0.07000831526774436,scr2099,avaConv,solar
RO,h6079,0.1791989294030281,scr2099,avaConv,solar
RO,h6080,0.32413492223520174,scr2099,avaConv,solar
RO,h6081,0.4597246732548707,scr2099,avaConv,solar
RO,h6082,0.5718575992074875,scr2099,avaConv,solar
RO,h6083,0.6453262842932603,scr2099,avaConv,solar
RO,h6084,0.6716564688519878,scr2099,avaConv,solar
RO,h6085,0.6459279771677158,scr2099,avaConv,solar
RO,h6086,0.5697292223839111,scr2099,avaConv,solar
RO,h6087,0.4399089762904739,scr2099,avaConv,solar
RO,h6088,0.2747567133542946,scr2099,avaConv,solar
RO,h6089,0.1220619615367808,scr2099,avaConv,solar
RO,h6090,0.031246558493465262,scr2099,avaConv,solar
RO,h6091,0.0011233538396711452,scr2099,avaConv,solar
RO,h6092,0.0,scr2099,avaConv,solar
RO,h6093,0.0,scr2099,avaConv,solar
RO,h6094,0.0,scr2099,avaConv,solar
RO,h6095,0.0,scr2099,avaConv,solar
RO,h6096,0.0,scr2099,avaConv,solar
RO,h6097,0.0,scr2099,avaConv,solar
RO,h6098,0.0,scr2099,avaConv,solar
RO,h6099,0.0,scr2099,avaConv,solar
RO,h6100,0.0,scr2099,avaConv,solar
RO,h6101,0.010233745511309358,scr2099,avaConv,solar
RO,h6102,0.06651622461276058,scr2099,avaConv,solar
RO,h6103,0.1725760978893515,scr2099,avaConv,solar
RO,h6104,0.3146137806201931,scr2099,avaConv,solar
RO,h6105,0.4475613288702049,scr2099,avaConv,solar
RO,h6106,0.5576971292368894,scr2099,avaConv,solar
RO,h6107,0.6303786424515672,scr2099,avaConv,solar
RO,h6108,0.6572056531597746,scr2099,avaConv,solar
RO,h6109,0.6326658462940662,scr2099,avaConv,solar
RO,h6110,0.5586201587060261,scr2099,avaConv,solar
RO,h6111,0.4317397494102568,scr2099,avaConv,solar
RO,h6112,0.26909319042337493,scr2099,avaConv,solar
RO,h6113,0.11879301421738744,scr2099,avaConv,solar
RO,h6114,0.029510193508945355,scr2099,avaConv,solar
RO,h6115,0.0007519077161877003,scr2099,avaConv,solar
RO,h6116,0.0,scr2099,avaConv,solar
RO,h6117,0.0,scr2099,avaConv,solar
RO,h6118,0.0,scr2099,avaConv,solar
RO,h6119,0.0,scr2099,avaConv,solar
RO,h6120,0.0,scr2099,avaConv,solar
RO,h6121,0.0,scr2099,avaConv,solar
RO,h6122,0.0,scr2099,avaConv,solar
RO,h6123,0.0,scr2099,avaConv,solar
RO,h6124,0.0,scr2099,avaConv,solar
RO,h6125,0.009306025335808847,scr2099,avaConv,solar
RO,h6126,0.06428016294944554,scr2099,avaConv,solar
RO,h6127,0.16880397257244337,scr2099,avaConv,solar
RO,h6128,0.3102971752325899,scr2099,avaConv,solar
RO,h6129,0.4432595443662575,scr2099,avaConv,solar
RO,h6130,0.5537158797519508,scr2099,avaConv,solar
RO,h6131,0.626903576010966,scr2099,avaConv,solar
RO,h6132,0.6541333282780565,scr2099,avaConv,solar
RO,h6133,0.6300402700263039,scr2099,avaConv,solar
RO,h6134,0.5566040854978543,scr2099,avaConv,solar
RO,h6135,0.43064694353253985,scr2099,avaConv,solar
RO,h6136,0.2719769527006836,scr2099,avaConv,solar
RO,h6137,0.12168472362323153,scr2099,avaConv,solar
RO,h6138,0.03224899453240912,scr2099,avaConv,solar
RO,h6139,0.00048000377337199855,scr2099,avaConv,solar
RO,h6140,0.0,scr2099,avaConv,solar
RO,h6141,0.0,scr2099,avaConv,solar
RO,h6142,0.0,scr2099,avaConv,solar
RO,h6143,0.0,scr2099,avaConv,solar
RO,h6144,0.0,scr2099,avaConv,solar
RO,h6145,0.0,scr2099,avaConv,solar
RO,h6146,0.0,scr2099,avaConv,solar
RO,h6147,0.0,scr2099,avaConv,solar
RO,h6148,0.0,scr2099,avaConv,solar
RO,h6149,0.008093947036248376,scr2099,avaConv,solar
RO,h6150,0.06091796797227053,scr2099,avaConv,solar
RO,h6151,0.16260039203512872,scr2099,avaConv,solar
RO,h6152,0.3022053493003492,scr2099,avaConv,solar
RO,h6153,0.4337879565191956,scr2099,avaConv,solar
RO,h6154,0.5436172585557147,scr2099,avaConv,solar
RO,h6155,0.6167389652247537,scr2099,avaConv,solar
RO,h6156,0.6444097504188742,scr2099,avaConv,solar
RO,h6157,0.6211398433869965,scr2099,avaConv,solar
RO,h6158,0.5489010795683757,scr2099,avaConv,solar
RO,h6159,0.4249139389140294,scr2099,avaConv,solar
RO,h6160,0.26701531422686575,scr2099,avaConv,solar
RO,h6161,0.11856069468674167,scr2099,avaConv,solar
RO,h6162,0.03029300974528646,scr2099,avaConv,solar
RO,h6163,0.0002872423282972742,scr2099,avaConv,solar
RO,h6164,0.0,scr2099,avaConv,solar
RO,h6165,0.0,scr2099,avaConv,solar
RO,h6166,0.0,scr2099,avaConv,solar
RO,h6167,0.0,scr2099,avaConv,solar
RO,h6168,0.0,scr2099,avaConv,solar
RO,h6169,0.0,scr2099,avaConv,solar
RO,h6170,0.0,scr2099,avaConv,solar
RO,h6171,0.0,scr2099,avaConv,solar
RO,h6172,0.0,scr2099,avaConv,solar
RO,h6173,0.00727955190835254,scr2099,avaConv,solar
RO,h6174,0.058850813963355474,scr2099,avaConv,solar
RO,h6175,0.15912573979071462,scr2099,avaConv,solar
RO,h6176,0.2980993500671646,scr2099,avaConv,solar
RO,h6177,0.42931093827381545,scr2099,avaConv,solar
RO,h6178,0.5391407159105217,scr2099,avaConv,solar
RO,h6179,0.612387007386,scr2099,avaConv,solar
RO,h6180,0.6401188063514706,scr2099,avaConv,solar
RO,h6181,0.6169451427100381,scr2099,avaConv,solar
RO,h6182,0.5448937899356029,scr2099,avaConv,solar
RO,h6183,0.4219377080901727,scr2099,avaConv,solar
RO,h6184,0.26366778910981614,scr2099,avaConv,solar
RO,h6185,0.11624963093712132,scr2099,avaConv,solar
RO,h6186,0.028566704979254356,scr2099,avaConv,solar
RO,h6187,0.00013999794749293643,scr2099,avaConv,solar
RO,h6188,0.0,scr2099,avaConv,solar
RO,h6189,0.0,scr2099,avaConv,solar
RO,h6190,0.0,scr2099,avaConv,solar
RO,h6191,0.0,scr2099,avaConv,solar
RO,h6192,0.0,scr2099,avaConv,solar
RO,h6193,0.0,scr2099,avaConv,solar
RO,h6194,0.0,scr2099,avaConv,solar
RO,h6195,0.0,scr2099,avaConv,solar
RO,h6196,0.0,scr2099,avaConv,solar
RO,h6197,0.005814025461970766,scr2099,avaConv,solar
RO,h6198,0.04900154044635522,scr2099,avaConv,solar
RO,h6199,0.1259818180299691,scr2099,avaConv,solar
RO,h6200,0.22864306651658783,scr2099,avaConv,solar
RO,h6201,0.30940798138144826,scr2099,avaConv,solar
RO,h6202,0.3682493291423217,scr2099,avaConv,solar
RO,h6203,0.3851567163081269,scr2099,avaConv,solar
RO,h6204,0.37403820787950154,scr2099,avaConv,solar
RO,h6205,0.3313634732347856,scr2099,avaConv,solar
RO,h6206,0.27625729308758057,scr2099,avaConv,solar
RO,h6207,0.20202247222191796,scr2099,avaConv,solar
RO,h6208,0.11901864618142148,scr2099,avaConv,solar
RO,h6209,0.04909384286924417,scr2099,avaConv,solar
RO,h6210,0.010170633871748212,scr2099,avaConv,solar
RO,h6211,0.0,scr2099,avaConv,solar
RO,h6212,0.0,scr2099,avaConv,solar
RO,h6213,0.0,scr2099,avaConv,solar
RO,h6214,0.0,scr2099,avaConv,solar
RO,h6215,0.0,scr2099,avaConv,solar
RO,h6216,0.0,scr2099,avaConv,solar
RO,h6217,0.0,scr2099,avaConv,solar
RO,h6218,0.0,scr2099,avaConv,solar
RO,h6219,0.0,scr2099,avaConv,solar
RO,h6220,0.0,scr2099,avaConv,solar
RO,h6221,0.003967094433832019,scr2099,avaConv,solar
RO,h6222,0.04568799300475897,scr2099,avaConv,solar
RO,h6223,0.13227847734793396,scr2099,avaConv,solar
RO,h6224,0.2587673566439157,scr2099,avaConv,solar
RO,h6225,0.38737596691360915,scr2099,avaConv,solar
RO,h6226,0.49963365028814516,scr2099,avaConv,solar
RO,h6227,0.5843200355169401,scr2099,avaConv,solar
RO,h6228,0.6218388821109474,scr2099,avaConv,solar
RO,h6229,0.6087783504821032,scr2099,avaConv,solar
RO,h6230,0.5417030864995791,scr2099,avaConv,solar
RO,h6231,0.4231149529094113,scr2099,avaConv,solar
RO,h6232,0.2644844992903687,scr2099,avaConv,solar
RO,h6233,0.11646991417313599,scr2099,avaConv,solar
RO,h6234,0.027239551755476724,scr2099,avaConv,solar
RO,h6235,0.0,scr2099,avaConv,solar
RO,h6236,0.0,scr2099,avaConv,solar
RO,h6237,0.0,scr2099,avaConv,solar
RO,h6238,0.0,scr2099,avaConv,solar
RO,h6239,0.0,scr2099,avaConv,solar
RO,h6240,0.0,scr2099,avaConv,solar
RO,h6241,0.0,scr2099,avaConv,solar
RO,h6242,0.0,scr2099,avaConv,solar
RO,h6243,0.0,scr2099,avaConv,solar
RO,h6244,0.0,scr2099,avaConv,solar
RO,h6245,0.00442913708561679,scr2099,avaConv,solar
RO,h6246,0.05114673479528776,scr2099,avaConv,solar
RO,h6247,0.14552545633007735,scr2099,avaConv,solar
RO,h6248,0.2815544658608259,scr2099,avaConv,solar
RO,h6249,0.4124102860104459,scr2099,avaConv,solar
RO,h6250,0.5234418560151797,scr2099,avaConv,solar
RO,h6251,0.5999854726840087,scr2099,avaConv,solar
RO,h6252,0.632051577172193,scr2099,avaConv,solar
RO,h6253,0.6131443385723175,scr2099,avaConv,solar
RO,h6254,0.5416925265025018,scr2099,avaConv,solar
RO,h6255,0.41914150913062886,scr2099,avaConv,solar
RO,h6256,0.2570680835972288,scr2099,avaConv,solar
RO,h6257,0.11164124757300647,scr2099,avaConv,solar
RO,h6258,0.024555608430159786,scr2099,avaConv,solar
RO,h6259,0.0,scr2099,avaConv,solar
RO,h6260,0.0,scr2099,avaConv,solar
RO,h6261,0.0,scr2099,avaConv,solar
RO,h6262,0.0,scr2099,avaConv,solar
RO,h6263,0.0,scr2099,avaConv,solar
RO,h6264,0.0,scr2099,avaConv,solar
RO,h6265,0.0,scr2099,avaConv,solar
RO,h6266,0.0,scr2099,avaConv,solar
RO,h6267,0.0,scr2099,avaConv,solar
RO,h6268,0.0,scr2099,avaConv,solar
RO,h6269,0.003695451492149218,scr2099,avaConv,solar
RO,h6270,0.0483233519400942,scr2099,avaConv,solar
RO,h6271,0.14061126815633346,scr2099,avaConv,solar
RO,h6272,0.27759879649980046,scr2099,avaConv,solar
RO,h6273,0.41284956627526675,scr2099,avaConv,solar
RO,h6274,0.5316479922535756,scr2099,avaConv,solar
RO,h6275,0.6142898012922456,scr2099,avaConv,solar
RO,h6276,0.6505714534812114,scr2099,avaConv,solar
RO,h6277,0.6327672510749484,scr2099,avaConv,solar
RO,h6278,0.5639886329263578,scr2099,avaConv,solar
RO,h6279,0.4435203592376199,scr2099,avaConv,solar
RO,h6280,0.2765875872120577,scr2099,avaConv,solar
RO,h6281,0.12203350326209175,scr2099,avaConv,solar
RO,h6282,0.02651573372310425,scr2099,avaConv,solar
RO,h6283,0.0,scr2099,avaConv,solar
RO,h6284,0.0,scr2099,avaConv,solar
RO,h6285,0.0,scr2099,avaConv,solar
RO,h6286,0.0,scr2099,avaConv,solar
RO,h6287,0.0,scr2099,avaConv,solar
RO,h6288,0.0,scr2099,avaConv,solar
RO,h6289,0.0,scr2099,avaConv,solar
RO,h6290,0.0,scr2099,avaConv,solar
RO,h6291,0.0,scr2099,avaConv,solar
RO,h6292,0.0,scr2099,avaConv,solar
RO,h6293,0.0038668608302341034,scr2099,avaConv,solar
RO,h6294,0.0519811566069078,scr2099,avaConv,solar
RO,h6295,0.15072093734435,scr2099,avaConv,solar
RO,h6296,0.2949553057907933,scr2099,avaConv,solar
RO,h6297,0.43475289773116954,scr2099,avaConv,solar
RO,h6298,0.5535436753091979,scr2099,avaConv,solar
RO,h6299,0.6350633975861091,scr2099,avaConv,solar
RO,h6300,0.6690954922538238,scr2099,avaConv,solar
RO,h6301,0.6495399930565859,scr2099,avaConv,solar
RO,h6302,0.578063664212201,scr2099,avaConv,solar
RO,h6303,0.4547791387177213,scr2099,avaConv,solar
RO,h6304,0.2833669869679599,scr2099,avaConv,solar
RO,h6305,0.125270507366006,scr2099,avaConv,solar
RO,h6306,0.026773273025652508,scr2099,avaConv,solar
RO,h6307,0.0,scr2099,avaConv,solar
RO,h6308,0.0,scr2099,avaConv,solar
RO,h6309,0.0,scr2099,avaConv,solar
RO,h6310,0.0,scr2099,avaConv,solar
RO,h6311,0.0,scr2099,avaConv,solar
RO,h6312,0.0,scr2099,avaConv,solar
RO,h6313,0.0,scr2099,avaConv,solar
RO,h6314,0.0,scr2099,avaConv,solar
RO,h6315,0.0,scr2099,avaConv,solar
RO,h6316,0.0,scr2099,avaConv,solar
RO,h6317,0.003285114962289726,scr2099,avaConv,solar
RO,h6318,0.045350786508579155,scr2099,avaConv,solar
RO,h6319,0.13440100125727442,scr2099,avaConv,solar
RO,h6320,0.2638293907879983,scr2099,avaConv,solar
RO,h6321,0.3834750662576394,scr2099,avaConv,solar
RO,h6322,0.4866791884356418,scr2099,avaConv,solar
RO,h6323,0.5625594249254546,scr2099,avaConv,solar
RO,h6324,0.5940513498273208,scr2099,avaConv,solar
RO,h6325,0.5692317114838764,scr2099,avaConv,solar
RO,h6326,0.4982731941823903,scr2099,avaConv,solar
RO,h6327,0.39335582345958375,scr2099,avaConv,solar
RO,h6328,0.24836521743264406,scr2099,avaConv,solar
RO,h6329,0.11075406272208763,scr2099,avaConv,solar
RO,h6330,0.022847444212152325,scr2099,avaConv,solar
RO,h6331,0.0,scr2099,avaConv,solar
RO,h6332,0.0,scr2099,avaConv,solar
RO,h6333,0.0,scr2099,avaConv,solar
RO,h6334,0.0,scr2099,avaConv,solar
RO,h6335,0.0,scr2099,avaConv,solar
RO,h6336,0.0,scr2099,avaConv,solar
RO,h6337,0.0,scr2099,avaConv,solar
RO,h6338,0.0,scr2099,avaConv,solar
RO,h6339,0.0,scr2099,avaConv,solar
RO,h6340,0.0,scr2099,avaConv,solar
RO,h6341,0.003226228608610708,scr2099,avaConv,solar
RO,h6342,0.050558032143105926,scr2099,avaConv,solar
RO,h6343,0.1494813978842224,scr2099,avaConv,solar
RO,h6344,0.29599568429041595,scr2099,avaConv,solar
RO,h6345,0.4392762514914849,scr2099,avaConv,solar
RO,h6346,0.5612239788499529,scr2099,avaConv,solar
RO,h6347,0.6449008836981354,scr2099,avaConv,solar
RO,h6348,0.6797008517244469,scr2099,avaConv,solar
RO,h6349,0.6600370461021313,scr2099,avaConv,solar
RO,h6350,0.5878239792470805,scr2099,avaConv,solar
RO,h6351,0.4655167110300789,scr2099,avaConv,solar
RO,h6352,0.2893120354129007,scr2099,avaConv,solar
RO,h6353,0.12818119493298194,scr2099,avaConv,solar
RO,h6354,0.02542713331427668,scr2099,avaConv,solar
RO,h6355,0.0,scr2099,avaConv,solar
RO,h6356,0.0,scr2099,avaConv,solar
RO,h6357,0.0,scr2099,avaConv,solar
RO,h6358,0.0,scr2099,avaConv,solar
RO,h6359,0.0,scr2099,avaConv,solar
RO,h6360,0.0,scr2099,avaConv,solar
RO,h6361,0.0,scr2099,avaConv,solar
RO,h6362,0.0,scr2099,avaConv,solar
RO,h6363,0.0,scr2099,avaConv,solar
RO,h6364,0.0,scr2099,avaConv,solar
RO,h6365,0.002776766360454202,scr2099,avaConv,solar
RO,h6366,0.04918833439518822,scr2099,avaConv,solar
RO,h6367,0.14751544994838106,scr2099,avaConv,solar
RO,h6368,0.2940822168907824,scr2099,avaConv,solar
RO,h6369,0.43770360220086024,scr2099,avaConv,solar
RO,h6370,0.5597071489497126,scr2099,avaConv,solar
RO,h6371,0.6432804145015429,scr2099,avaConv,solar
RO,h6372,0.6785287241606668,scr2099,avaConv,solar
RO,h6373,0.6594295839083224,scr2099,avaConv,solar
RO,h6374,0.5880514496503348,scr2099,avaConv,solar
RO,h6375,0.4674976318370155,scr2099,avaConv,solar
RO,h6376,0.29013084248885124,scr2099,avaConv,solar
RO,h6377,0.12868858347915127,scr2099,avaConv,solar
RO,h6378,0.02442058025257166,scr2099,avaConv,solar
RO,h6379,0.0,scr2099,avaConv,solar
RO,h6380,0.0,scr2099,avaConv,solar
RO,h6381,0.0,scr2099,avaConv,solar
RO,h6382,0.0,scr2099,avaConv,solar
RO,h6383,0.0,scr2099,avaConv,solar
RO,h6384,0.0,scr2099,avaConv,solar
RO,h6385,0.0,scr2099,avaConv,solar
RO,h6386,0.0,scr2099,avaConv,solar
RO,h6387,0.0,scr2099,avaConv,solar
RO,h6388,0.0,scr2099,avaConv,solar
RO,h6389,0.0023452124493120656,scr2099,avaConv,solar
RO,h6390,0.04698063658327453,scr2099,avaConv,solar
RO,h6391,0.14304236409269033,scr2099,avaConv,solar
RO,h6392,0.28750118512205514,scr2099,avaConv,solar
RO,h6393,0.4300100709428704,scr2099,avaConv,solar
RO,h6394,0.5505063051212794,scr2099,avaConv,solar
RO,h6395,0.6335195718414791,scr2099,avaConv,solar
RO,h6396,0.6683177995604451,scr2099,avaConv,solar
RO,h6397,0.6505289079421397,scr2099,avaConv,solar
RO,h6398,0.580340851525394,scr2099,avaConv,solar
RO,h6399,0.4627408296070534,scr2099,avaConv,solar
RO,h6400,0.28585450611453206,scr2099,avaConv,solar
RO,h6401,0.12635335547934112,scr2099,avaConv,solar
RO,h6402,0.022584166128116916,scr2099,avaConv,solar
RO,h6403,0.0,scr2099,avaConv,solar
RO,h6404,0.0,scr2099,avaConv,solar
RO,h6405,0.0,scr2099,avaConv,solar
RO,h6406,0.0,scr2099,avaConv,solar
RO,h6407,0.0,scr2099,avaConv,solar
RO,h6408,0.0,scr2099,avaConv,solar
RO,h6409,0.0,scr2099,avaConv,solar
RO,h6410,0.0,scr2099,avaConv,solar
RO,h6411,0.0,scr2099,avaConv,solar
RO,h6412,0.0,scr2099,avaConv,solar
RO,h6413,0.001903922217819154,scr2099,avaConv,solar
RO,h6414,0.04414948717797509,scr2099,avaConv,solar
RO,h6415,0.1369650046663381,scr2099,avaConv,solar
RO,h6416,0.27807640203816475,scr2099,avaConv,solar
RO,h6417,0.4190063130130308,scr2099,avaConv,solar
RO,h6418,0.538128658181102,scr2099,avaConv,solar
RO,h6419,0.6203801540975553,scr2099,avaConv,solar
RO,h6420,0.6551047141241475,scr2099,avaConv,solar
RO,h6421,0.6389921486643557,scr2099,avaConv,solar
RO,h6422,0.57143920076593,scr2099,avaConv,solar
RO,h6423,0.45813316951196176,scr2099,avaConv,solar
RO,h6424,0.2826985751664532,scr2099,avaConv,solar
RO,h6425,0.1251086718512939,scr2099,avaConv,solar
RO,h6426,0.021217582077906375,scr2099,avaConv,solar
RO,h6427,0.0,scr2099,avaConv,solar
RO,h6428,0.0,scr2099,avaConv,solar
RO,h6429,0.0,scr2099,avaConv,solar
RO,h6430,0.0,scr2099,avaConv,solar
RO,h6431,0.0,scr2099,avaConv,solar
RO,h6432,0.0,scr2099,avaConv,solar
RO,h6433,0.0,scr2099,avaConv,solar
RO,h6434,0.0,scr2099,avaConv,solar
RO,h6435,0.0,scr2099,avaConv,solar
RO,h6436,0.0,scr2099,avaConv,solar
RO,h6437,0.0016194147194343019,scr2099,avaConv,solar
RO,h6438,0.042785824950382474,scr2099,avaConv,solar
RO,h6439,0.13423016872320903,scr2099,avaConv,solar
RO,h6440,0.2739936561034956,scr2099,avaConv,solar
RO,h6441,0.41457016957823345,scr2099,avaConv,solar
RO,h6442,0.5337862254448255,scr2099,avaConv,solar
RO,h6443,0.6170067150907483,scr2099,avaConv,solar
RO,h6444,0.6529721694336281,scr2099,avaConv,solar
RO,h6445,0.6384071210422634,scr2099,avaConv,solar
RO,h6446,0.572393506902606,scr2099,avaConv,solar
RO,h6447,0.4616331308271879,scr2099,avaConv,solar
RO,h6448,0.2850750827802585,scr2099,avaConv,solar
RO,h6449,0.12659962229396518,scr2099,avaConv,solar
RO,h6450,0.020481428805950778,scr2099,avaConv,solar
RO,h6451,0.0,scr2099,avaConv,solar
RO,h6452,0.0,scr2099,avaConv,solar
RO,h6453,0.0,scr2099,avaConv,solar
RO,h6454,0.0,scr2099,avaConv,solar
RO,h6455,0.0,scr2099,avaConv,solar
RO,h6456,0.0,scr2099,avaConv,solar
RO,h6457,0.0,scr2099,avaConv,solar
RO,h6458,0.0,scr2099,avaConv,solar
RO,h6459,0.0,scr2099,avaConv,solar
RO,h6460,0.0,scr2099,avaConv,solar
RO,h6461,0.0012723463945574615,scr2099,avaConv,solar
RO,h6462,0.04198813384347079,scr2099,avaConv,solar
RO,h6463,0.1337105533444922,scr2099,avaConv,solar
RO,h6464,0.2748972775342773,scr2099,avaConv,solar
RO,h6465,0.41730896804368006,scr2099,avaConv,solar
RO,h6466,0.5380874349964836,scr2099,avaConv,solar
RO,h6467,0.6219187728512514,scr2099,avaConv,solar
RO,h6468,0.6576124420227416,scr2099,avaConv,solar
RO,h6469,0.6421864495074235,scr2099,avaConv,solar
RO,h6470,0.5754884785461956,scr2099,avaConv,solar
RO,h6471,0.4655394129119561,scr2099,avaConv,solar
RO,h6472,0.28680154984501544,scr2099,avaConv,solar
RO,h6473,0.1273564185358881,scr2099,avaConv,solar
RO,h6474,0.019429819944994986,scr2099,avaConv,solar
RO,h6475,0.0,scr2099,avaConv,solar
RO,h6476,0.0,scr2099,avaConv,solar
RO,h6477,0.0,scr2099,avaConv,solar
RO,h6478,0.0,scr2099,avaConv,solar
RO,h6479,0.0,scr2099,avaConv,solar
RO,h6480,0.0,scr2099,avaConv,solar
RO,h6481,0.0,scr2099,avaConv,solar
RO,h6482,0.0,scr2099,avaConv,solar
RO,h6483,0.0,scr2099,avaConv,solar
RO,h6484,0.0,scr2099,avaConv,solar
RO,h6485,0.0007826149608703496,scr2099,avaConv,solar
RO,h6486,0.035090276377635184,scr2099,avaConv,solar
RO,h6487,0.11609485187167402,scr2099,avaConv,solar
RO,h6488,0.24250179898837695,scr2099,avaConv,solar
RO,h6489,0.3738227423798102,scr2099,avaConv,solar
RO,h6490,0.48872700033195987,scr2099,avaConv,solar
RO,h6491,0.5720282218265605,scr2099,avaConv,solar
RO,h6492,0.611943003687228,scr2099,avaConv,solar
RO,h6493,0.6020028108802219,scr2099,avaConv,solar
RO,h6494,0.5423346766560391,scr2099,avaConv,solar
RO,h6495,0.43826732040648386,scr2099,avaConv,solar
RO,h6496,0.26669011720182123,scr2099,avaConv,solar
RO,h6497,0.11606677390321482,scr2099,avaConv,solar
RO,h6498,0.015682792404849582,scr2099,avaConv,solar
RO,h6499,0.0,scr2099,avaConv,solar
RO,h6500,0.0,scr2099,avaConv,solar
RO,h6501,0.0,scr2099,avaConv,solar
RO,h6502,0.0,scr2099,avaConv,solar
RO,h6503,0.0,scr2099,avaConv,solar
RO,h6504,0.0,scr2099,avaConv,solar
RO,h6505,0.0,scr2099,avaConv,solar
RO,h6506,0.0,scr2099,avaConv,solar
RO,h6507,0.0,scr2099,avaConv,solar
RO,h6508,0.0,scr2099,avaConv,solar
RO,h6509,0.0006553062434957489,scr2099,avaConv,solar
RO,h6510,0.034305396190504565,scr2099,avaConv,solar
RO,h6511,0.1153528047466702,scr2099,avaConv,solar
RO,h6512,0.24293805422007694,scr2099,avaConv,solar
RO,h6513,0.3764912281831415,scr2099,avaConv,solar
RO,h6514,0.49115329962594995,scr2099,avaConv,solar
RO,h6515,0.5732943948117422,scr2099,avaConv,solar
RO,h6516,0.6116712373828119,scr2099,avaConv,solar
RO,h6517,0.602601096484093,scr2099,avaConv,solar
RO,h6518,0.5438947283315967,scr2099,avaConv,solar
RO,h6519,0.4408349675601854,scr2099,avaConv,solar
RO,h6520,0.2680300186829073,scr2099,avaConv,solar
RO,h6521,0.11654982577407627,scr2099,avaConv,solar
RO,h6522,0.015197973721825124,scr2099,avaConv,solar
RO,h6523,0.0,scr2099,avaConv,solar
RO,h6524,0.0,scr2099,avaConv,solar
RO,h6525,0.0,scr2099,avaConv,solar
RO,h6526,0.0,scr2099,avaConv,solar
RO,h6527,0.0,scr2099,avaConv,solar
RO,h6528,0.0,scr2099,avaConv,solar
RO,h6529,0.0,scr2099,avaConv,solar
RO,h6530,0.0,scr2099,avaConv,solar
RO,h6531,0.0,scr2099,avaConv,solar
RO,h6532,0.0,scr2099,avaConv,solar
RO,h6533,0.0004917757990124226,scr2099,avaConv,solar
RO,h6534,0.03188414373147429,scr2099,avaConv,solar
RO,h6535,0.10999726295031535,scr2099,avaConv,solar
RO,h6536,0.23451332309555953,scr2099,avaConv,solar
RO,h6537,0.3669451285918692,scr2099,avaConv,solar
RO,h6538,0.4815275956717348,scr2099,avaConv,solar
RO,h6539,0.5640961954238886,scr2099,avaConv,solar
RO,h6540,0.6037229037629737,scr2099,avaConv,solar
RO,h6541,0.595929695417001,scr2099,avaConv,solar
RO,h6542,0.5388318141933904,scr2099,avaConv,solar
RO,h6543,0.4381054861787,scr2099,avaConv,solar
RO,h6544,0.26546372503715476,scr2099,avaConv,solar
RO,h6545,0.11515611280959634,scr2099,avaConv,solar
RO,h6546,0.013769608540785563,scr2099,avaConv,solar
RO,h6547,0.0,scr2099,avaConv,solar
RO,h6548,0.0,scr2099,avaConv,solar
RO,h6549,0.0,scr2099,avaConv,solar
RO,h6550,0.0,scr2099,avaConv,solar
RO,h6551,0.0,scr2099,avaConv,solar
RO,h6552,0.0,scr2099,avaConv,solar
RS,h5809,0.0,scr2099,avaConv,solar
RS,h5810,0.0,scr2099,avaConv,solar
RS,h5811,0.0,scr2099,avaConv,solar
RS,h5812,0.0,scr2099,avaConv,solar
RS,h5813,0.006671177012567835,scr2099,avaConv,solar
RS,h5814,0.05649793708570945,scr2099,avaConv,solar
RS,h5815,0.15994617864441055,scr2099,avaConv,solar
RS,h5816,0.30666641293350116,scr2099,avaConv,solar
RS,h5817,0.44470015936554547,scr2099,avaConv,solar
RS,h5818,0.5605869648208696,scr2099,avaConv,solar
RS,h5819,0.6418173779169041,scr2099,avaConv,solar
RS,h5820,0.6753234122716528,scr2099,avaConv,solar
RS,h5821,0.657626645198578,scr2099,avaConv,solar
RS,h5822,0.5860556154623677,scr2099,avaConv,solar
RS,h5823,0.4620727102783753,scr2099,avaConv,solar
RS,h5824,0.271459520039764,scr2099,avaConv,solar
RS,h5825,0.1251207318240957,scr2099,avaConv,solar
RS,h5826,0.02811064599991467,scr2099,avaConv,solar
RS,h5827,0.01050360303860804,scr2099,avaConv,solar
RS,h5828,0.0,scr2099,avaConv,solar
RS,h5829,0.0,scr2099,avaConv,solar
RS,h5830,0.0,scr2099,avaConv,solar
RS,h5831,0.0,scr2099,avaConv,solar
RS,h5832,0.0,scr2099,avaConv,solar
RS,h5833,0.0,scr2099,avaConv,solar
RS,h5834,0.0,scr2099,avaConv,solar
RS,h5835,0.0,scr2099,avaConv,solar
RS,h5836,0.0,scr2099,avaConv,solar
RS,h5837,0.005898173373290927,scr2099,avaConv,solar
RS,h5838,0.054497741897988186,scr2099,avaConv,solar
RS,h5839,0.15642853594477205,scr2099,avaConv,solar
RS,h5840,0.30280703905014483,scr2099,avaConv,solar
RS,h5841,0.4405201511700324,scr2099,avaConv,solar
RS,h5842,0.5563221857115177,scr2099,avaConv,solar
RS,h5843,0.6377864117433459,scr2099,avaConv,solar
RS,h5844,0.6719572176627145,scr2099,avaConv,solar
RS,h5845,0.6554418877024109,scr2099,avaConv,solar
RS,h5846,0.5847730132762398,scr2099,avaConv,solar
RS,h5847,0.46177507181132255,scr2099,avaConv,solar
RS,h5848,0.27068627170067244,scr2099,avaConv,solar
RS,h5849,0.12369116467779308,scr2099,avaConv,solar
RS,h5850,0.026803391297727578,scr2099,avaConv,solar
RS,h5851,0.009828702243157858,scr2099,avaConv,solar
RS,h5852,0.0,scr2099,avaConv,solar
RS,h5853,0.0,scr2099,avaConv,solar
RS,h5854,0.0,scr2099,avaConv,solar
RS,h5855,0.0,scr2099,avaConv,solar
RS,h5856,0.0,scr2099,avaConv,solar
RS,h5857,0.0,scr2099,avaConv,solar
RS,h5858,0.0,scr2099,avaConv,solar
RS,h5859,0.0,scr2099,avaConv,solar
RS,h5860,0.0,scr2099,avaConv,solar
RS,h5861,0.005501091717875664,scr2099,avaConv,solar
RS,h5862,0.053849628182104495,scr2099,avaConv,solar
RS,h5863,0.1562549048945234,scr2099,avaConv,solar
RS,h5864,0.304481881551488,scr2099,avaConv,solar
RS,h5865,0.4444901273443247,scr2099,avaConv,solar
RS,h5866,0.562069402303634,scr2099,avaConv,solar
RS,h5867,0.6455209155768542,scr2099,avaConv,solar
RS,h5868,0.6798887435418177,scr2099,avaConv,solar
RS,h5869,0.663330523581271,scr2099,avaConv,solar
RS,h5870,0.5911916336507907,scr2099,avaConv,solar
RS,h5871,0.4674088531034342,scr2099,avaConv,solar
RS,h5872,0.27345707854665147,scr2099,avaConv,solar
RS,h5873,0.12429408092601649,scr2099,avaConv,solar
RS,h5874,0.026182249266043157,scr2099,avaConv,solar
RS,h5875,0.009529450854665887,scr2099,avaConv,solar
RS,h5876,0.0,scr2099,avaConv,solar
RS,h5877,0.0,scr2099,avaConv,solar
RS,h5878,0.0,scr2099,avaConv,solar
RS,h5879,0.0,scr2099,avaConv,solar
RS,h5880,0.0,scr2099,avaConv,solar
RS,h5881,0.0,scr2099,avaConv,solar
RS,h5882,0.0,scr2099,avaConv,solar
RS,h5883,0.0,scr2099,avaConv,solar
RS,h5884,0.0,scr2099,avaConv,solar
RS,h5885,0.003969539721582021,scr2099,avaConv,solar
RS,h5886,0.04872723537285956,scr2099,avaConv,solar
RS,h5887,0.14647682515230664,scr2099,avaConv,solar
RS,h5888,0.2923887875008225,scr2099,avaConv,solar
RS,h5889,0.43193258925072275,scr2099,avaConv,solar
RS,h5890,0.551905899898441,scr2099,avaConv,solar
RS,h5891,0.6360071181070329,scr2099,avaConv,solar
RS,h5892,0.6725781225373786,scr2099,avaConv,solar
RS,h5893,0.6485310597134775,scr2099,avaConv,solar
RS,h5894,0.5766026503159899,scr2099,avaConv,solar
RS,h5895,0.4432207220838054,scr2099,avaConv,solar
RS,h5896,0.2545313339208389,scr2099,avaConv,solar
RS,h5897,0.10610277796244828,scr2099,avaConv,solar
RS,h5898,0.019429541990974835,scr2099,avaConv,solar
RS,h5899,0.006620240112058474,scr2099,avaConv,solar
RS,h5900,0.0,scr2099,avaConv,solar
RS,h5901,0.0,scr2099,avaConv,solar
RS,h5902,0.0,scr2099,avaConv,solar
RS,h5903,0.0,scr2099,avaConv,solar
RS,h5904,0.0,scr2099,avaConv,solar
RS,h5905,0.0,scr2099,avaConv,solar
RS,h5906,0.0,scr2099,avaConv,solar
RS,h5907,0.0,scr2099,avaConv,solar
RS,h5908,0.0,scr2099,avaConv,solar
RS,h5909,0.003365542636518141,scr2099,avaConv,solar
RS,h5910,0.04626291343792015,scr2099,avaConv,solar
RS,h5911,0.1416766689542779,scr2099,avaConv,solar
RS,h5912,0.2866101579444671,scr2099,avaConv,solar
RS,h5913,0.427834982847941,scr2099,avaConv,solar
RS,h5914,0.5552716830998755,scr2099,avaConv,solar
RS,h5915,0.6478977150734139,scr2099,avaConv,solar
RS,h5916,0.6921662161124443,scr2099,avaConv,solar
RS,h5917,0.6765603516366292,scr2099,avaConv,solar
RS,h5918,0.6056181027455887,scr2099,avaConv,solar
RS,h5919,0.4718234957872321,scr2099,avaConv,solar
RS,h5920,0.2698034368264774,scr2099,avaConv,solar
RS,h5921,0.11256387118269191,scr2099,avaConv,solar
RS,h5922,0.019565629154400258,scr2099,avaConv,solar
RS,h5923,0.006119747271193646,scr2099,avaConv,solar
RS,h5924,0.0,scr2099,avaConv,solar
RS,h5925,0.0,scr2099,avaConv,solar
RS,h5926,0.0,scr2099,avaConv,solar
RS,h5927,0.0,scr2099,avaConv,solar
RS,h5928,0.0,scr2099,avaConv,solar
RS,h5929,0.0,scr2099,avaConv,solar
RS,h5930,0.0,scr2099,avaConv,solar
RS,h5931,0.0,scr2099,avaConv,solar
RS,h5932,0.0,scr2099,avaConv,solar
RS,h5933,0.0032532411832138456,scr2099,avaConv,solar
RS,h5934,0.0482377917392407,scr2099,avaConv,solar
RS,h5935,0.14832964504878846,scr2099,avaConv,solar
RS,h5936,0.30004024434925064,scr2099,avaConv,solar
RS,h5937,0.44504188221052055,scr2099,avaConv,solar
RS,h5938,0.5698285619970547,scr2099,avaConv,solar
RS,h5939,0.658628610256336,scr2099,avaConv,solar
RS,h5940,0.6994146281716188,scr2099,avaConv,solar
RS,h5941,0.6851250115425366,scr2099,avaConv,solar
RS,h5942,0.6148981915966664,scr2099,avaConv,solar
RS,h5943,0.48812621854075067,scr2099,avaConv,solar
RS,h5944,0.28576234242404336,scr2099,avaConv,solar
RS,h5945,0.12627613048884512,scr2099,avaConv,solar
RS,h5946,0.023937589589005003,scr2099,avaConv,solar
RS,h5947,0.007550457610764195,scr2099,avaConv,solar
RS,h5948,0.0,scr2099,avaConv,solar
RS,h5949,0.0,scr2099,avaConv,solar
RS,h5950,0.0,scr2099,avaConv,solar
RS,h5951,0.0,scr2099,avaConv,solar
RS,h5952,0.0,scr2099,avaConv,solar
RS,h5953,0.0,scr2099,avaConv,solar
RS,h5954,0.0,scr2099,avaConv,solar
RS,h5955,0.0,scr2099,avaConv,solar
RS,h5956,0.0,scr2099,avaConv,solar
RS,h5957,0.003207192766723939,scr2099,avaConv,solar
RS,h5958,0.04948691073876452,scr2099,avaConv,solar
RS,h5959,0.15216474207073324,scr2099,avaConv,solar
RS,h5960,0.3078929996826864,scr2099,avaConv,solar
RS,h5961,0.45570699941440496,scr2099,avaConv,solar
RS,h5962,0.5822296058583533,scr2099,avaConv,solar
RS,h5963,0.6711565187021556,scr2099,avaConv,solar
RS,h5964,0.7111638127043975,scr2099,avaConv,solar
RS,h5965,0.6955150967812946,scr2099,avaConv,solar
RS,h5966,0.6237715893608601,scr2099,avaConv,solar
RS,h5967,0.495310445962986,scr2099,avaConv,solar
RS,h5968,0.2903152606327975,scr2099,avaConv,solar
RS,h5969,0.12749772329047213,scr2099,avaConv,solar
RS,h5970,0.023611215387667427,scr2099,avaConv,solar
RS,h5971,0.006938242603143584,scr2099,avaConv,solar
RS,h5972,0.0,scr2099,avaConv,solar
RS,h5973,0.0,scr2099,avaConv,solar
RS,h5974,0.0,scr2099,avaConv,solar
RS,h5975,0.0,scr2099,avaConv,solar
RS,h5976,0.0,scr2099,avaConv,solar
RS,h5977,0.0,scr2099,avaConv,solar
RS,h5978,0.0,scr2099,avaConv,solar
RS,h5979,0.0,scr2099,avaConv,solar
RS,h5980,0.0,scr2099,avaConv,solar
RS,h5981,0.002148039666319655,scr2099,avaConv,solar
RS,h5982,0.04221871683993694,scr2099,avaConv,solar
RS,h5983,0.1307602169330012,scr2099,avaConv,solar
RS,h5984,0.2667106050357785,scr2099,avaConv,solar
RS,h5985,0.3955836838608359,scr2099,avaConv,solar
RS,h5986,0.5101534848986478,scr2099,avaConv,solar
RS,h5987,0.5983400475404919,scr2099,avaConv,solar
RS,h5988,0.6614653876693412,scr2099,avaConv,solar
RS,h5989,0.6706240981972622,scr2099,avaConv,solar
RS,h5990,0.6194823312048302,scr2099,avaConv,solar
RS,h5991,0.49295460949398856,scr2099,avaConv,solar
RS,h5992,0.28974523212034736,scr2099,avaConv,solar
RS,h5993,0.12716461690643885,scr2099,avaConv,solar
RS,h5994,0.02351230164767871,scr2099,avaConv,solar
RS,h5995,0.006640799954546343,scr2099,avaConv,solar
RS,h5996,0.0,scr2099,avaConv,solar
RS,h5997,0.0,scr2099,avaConv,solar
RS,h5998,0.0,scr2099,avaConv,solar
RS,h5999,0.0,scr2099,avaConv,solar
RS,h6000,0.0,scr2099,avaConv,solar
RS,h6001,0.0,scr2099,avaConv,solar
RS,h6002,0.0,scr2099,avaConv,solar
RS,h6003,0.0,scr2099,avaConv,solar
RS,h6004,0.0,scr2099,avaConv,solar
RS,h6005,0.0022181124820884546,scr2099,avaConv,solar
RS,h6006,0.04558889332575166,scr2099,avaConv,solar
RS,h6007,0.14424984570709012,scr2099,avaConv,solar
RS,h6008,0.2961049706324773,scr2099,avaConv,solar
RS,h6009,0.44057086803092277,scr2099,avaConv,solar
RS,h6010,0.5647251532828513,scr2099,avaConv,solar
RS,h6011,0.6529000434660415,scr2099,avaConv,solar
RS,h6012,0.6928820116948701,scr2099,avaConv,solar
RS,h6013,0.6780745470796176,scr2099,avaConv,solar
RS,h6014,0.6088217567716105,scr2099,avaConv,solar
RS,h6015,0.48433515792796455,scr2099,avaConv,solar
RS,h6016,0.2850157838664659,scr2099,avaConv,solar
RS,h6017,0.12337703418425498,scr2099,avaConv,solar
RS,h6018,0.021953917838324052,scr2099,avaConv,solar
RS,h6019,0.005400947895933862,scr2099,avaConv,solar
RS,h6020,0.0,scr2099,avaConv,solar
RS,h6021,0.0,scr2099,avaConv,solar
RS,h6022,0.0,scr2099,avaConv,solar
RS,h6023,0.0,scr2099,avaConv,solar
RS,h6024,0.0,scr2099,avaConv,solar
RS,h6025,0.0,scr2099,avaConv,solar
RS,h6026,0.0,scr2099,avaConv,solar
RS,h6027,0.0,scr2099,avaConv,solar
RS,h6028,0.0,scr2099,avaConv,solar
RS,h6029,0.0016836531089438728,scr2099,avaConv,solar
RS,h6030,0.04245176359923013,scr2099,avaConv,solar
RS,h6031,0.13747300010639169,scr2099,avaConv,solar
RS,h6032,0.2857975649167745,scr2099,avaConv,solar
RS,h6033,0.4277451457034219,scr2099,avaConv,solar
RS,h6034,0.5496561960395621,scr2099,avaConv,solar
RS,h6035,0.6362689765750307,scr2099,avaConv,solar
RS,h6036,0.6773207638235154,scr2099,avaConv,solar
RS,h6037,0.664077088364729,scr2099,avaConv,solar
RS,h6038,0.5971035208336581,scr2099,avaConv,solar
RS,h6039,0.4751662806920475,scr2099,avaConv,solar
RS,h6040,0.2802586772965162,scr2099,avaConv,solar
RS,h6041,0.12043235939099278,scr2099,avaConv,solar
RS,h6042,0.020824572423738807,scr2099,avaConv,solar
RS,h6043,0.004426590829083406,scr2099,avaConv,solar
RS,h6044,0.0,scr2099,avaConv,solar
RS,h6045,0.0,scr2099,avaConv,solar
RS,h6046,0.0,scr2099,avaConv,solar
RS,h6047,0.0,scr2099,avaConv,solar
RS,h6048,0.0,scr2099,avaConv,solar
RS,h6049,0.0,scr2099,avaConv,solar
RS,h6050,0.0,scr2099,avaConv,solar
RS,h6051,0.0,scr2099,avaConv,solar
RS,h6052,0.0,scr2099,avaConv,solar
RS,h6053,0.0011683516889475943,scr2099,avaConv,solar
RS,h6054,0.03896593828294844,scr2099,avaConv,solar
RS,h6055,0.1298568986780417,scr2099,avaConv,solar
RS,h6056,0.27494468326528093,scr2099,avaConv,solar
RS,h6057,0.4176441540724527,scr2099,avaConv,solar
RS,h6058,0.5426381274322318,scr2099,avaConv,solar
RS,h6059,0.6329160271315786,scr2099,avaConv,solar
RS,h6060,0.6776151246342957,scr2099,avaConv,solar
RS,h6061,0.6668034900813187,scr2099,avaConv,solar
RS,h6062,0.6021650143473961,scr2099,avaConv,solar
RS,h6063,0.48111049438240405,scr2099,avaConv,solar
RS,h6064,0.2855455170980612,scr2099,avaConv,solar
RS,h6065,0.12264183286751015,scr2099,avaConv,solar
RS,h6066,0.021113386734079337,scr2099,avaConv,solar
RS,h6067,0.003998537916131548,scr2099,avaConv,solar
RS,h6068,0.0,scr2099,avaConv,solar
RS,h6069,0.0,scr2099,avaConv,solar
RS,h6070,0.0,scr2099,avaConv,solar
RS,h6071,0.0,scr2099,avaConv,solar
RS,h6072,0.0,scr2099,avaConv,solar
RS,h6073,0.0,scr2099,avaConv,solar
RS,h6074,0.0,scr2099,avaConv,solar
RS,h6075,0.0,scr2099,avaConv,solar
RS,h6076,0.0,scr2099,avaConv,solar
RS,h6077,0.0012028828459812262,scr2099,avaConv,solar
RS,h6078,0.0421674109087914,scr2099,avaConv,solar
RS,h6079,0.14035332576154372,scr2099,avaConv,solar
RS,h6080,0.2958553796329978,scr2099,avaConv,solar
RS,h6081,0.4460295311058341,scr2099,avaConv,solar
RS,h6082,0.5740994044734581,scr2099,avaConv,solar
RS,h6083,0.6641428865507649,scr2099,avaConv,solar
RS,h6084,0.7056256338886037,scr2099,avaConv,solar
RS,h6085,0.6905618214123408,scr2099,avaConv,solar
RS,h6086,0.6200893671759518,scr2099,avaConv,solar
RS,h6087,0.4935228595192697,scr2099,avaConv,solar
RS,h6088,0.29269987094944977,scr2099,avaConv,solar
RS,h6089,0.12512953181683073,scr2099,avaConv,solar
RS,h6090,0.021460623324582918,scr2099,avaConv,solar
RS,h6091,0.003590295498177913,scr2099,avaConv,solar
RS,h6092,0.0,scr2099,avaConv,solar
RS,h6093,0.0,scr2099,avaConv,solar
RS,h6094,0.0,scr2099,avaConv,solar
RS,h6095,0.0,scr2099,avaConv,solar
RS,h6096,0.0,scr2099,avaConv,solar
RS,h6097,0.0,scr2099,avaConv,solar
RS,h6098,0.0,scr2099,avaConv,solar
RS,h6099,0.0,scr2099,avaConv,solar
RS,h6100,0.0,scr2099,avaConv,solar
RS,h6101,0.0008108891325312109,scr2099,avaConv,solar
RS,h6102,0.03850585812913552,scr2099,avaConv,solar
RS,h6103,0.1315020883794523,scr2099,avaConv,solar
RS,h6104,0.2809683838936219,scr2099,avaConv,solar
RS,h6105,0.42760401916760316,scr2099,avaConv,solar
RS,h6106,0.5536314404058233,scr2099,avaConv,solar
RS,h6107,0.6429353377815241,scr2099,avaConv,solar
RS,h6108,0.6855041507501675,scr2099,avaConv,solar
RS,h6109,0.6723388861053158,scr2099,avaConv,solar
RS,h6110,0.6052778933445704,scr2099,avaConv,solar
RS,h6111,0.4826962907110002,scr2099,avaConv,solar
RS,h6112,0.2873184640010872,scr2099,avaConv,solar
RS,h6113,0.12219797625525468,scr2099,avaConv,solar
RS,h6114,0.02058404343085774,scr2099,avaConv,solar
RS,h6115,0.0028765777548908976,scr2099,avaConv,solar
RS,h6116,0.0,scr2099,avaConv,solar
RS,h6117,0.0,scr2099,avaConv,solar
RS,h6118,0.0,scr2099,avaConv,solar
RS,h6119,0.0,scr2099,avaConv,solar
RS,h6120,0.0,scr2099,avaConv,solar
RS,h6121,0.0,scr2099,avaConv,solar
RS,h6122,0.0,scr2099,avaConv,solar
RS,h6123,0.0,scr2099,avaConv,solar
RS,h6124,0.0,scr2099,avaConv,solar
RS,h6125,0.0005929405522074057,scr2099,avaConv,solar
RS,h6126,0.036499026055405726,scr2099,avaConv,solar
RS,h6127,0.12698858968240975,scr2099,avaConv,solar
RS,h6128,0.274016313623783,scr2099,avaConv,solar
RS,h6129,0.42017862469456385,scr2099,avaConv,solar
RS,h6130,0.5466495750031494,scr2099,avaConv,solar
RS,h6131,0.6370550458808083,scr2099,avaConv,solar
RS,h6132,0.6812535279468908,scr2099,avaConv,solar
RS,h6133,0.6697650416517605,scr2099,avaConv,solar
RS,h6134,0.604380453424299,scr2099,avaConv,solar
RS,h6135,0.4829831144752444,scr2099,avaConv,solar
RS,h6136,0.30313846565573693,scr2099,avaConv,solar
RS,h6137,0.13560399357332587,scr2099,avaConv,solar
RS,h6138,0.031175769582196897,scr2099,avaConv,solar
RS,h6139,0.0024833877316714757,scr2099,avaConv,solar
RS,h6140,0.0,scr2099,avaConv,solar
RS,h6141,0.0,scr2099,avaConv,solar
RS,h6142,0.0,scr2099,avaConv,solar
RS,h6143,0.0,scr2099,avaConv,solar
RS,h6144,0.0,scr2099,avaConv,solar
RS,h6145,0.0,scr2099,avaConv,solar
RS,h6146,0.0,scr2099,avaConv,solar
RS,h6147,0.0,scr2099,avaConv,solar
RS,h6148,0.0,scr2099,avaConv,solar
RS,h6149,0.0003844930182879278,scr2099,avaConv,solar
RS,h6150,0.03523306869901966,scr2099,avaConv,solar
RS,h6151,0.12480669108567417,scr2099,avaConv,solar
RS,h6152,0.2712949826147326,scr2099,avaConv,solar
RS,h6153,0.41793778261486575,scr2099,avaConv,solar
RS,h6154,0.544733159623655,scr2099,avaConv,solar
RS,h6155,0.6356772665194652,scr2099,avaConv,solar
RS,h6156,0.6801523826273665,scr2099,avaConv,solar
RS,h6157,0.6688167527311835,scr2099,avaConv,solar
RS,h6158,0.603649704194772,scr2099,avaConv,solar
RS,h6159,0.4830977559068801,scr2099,avaConv,solar
RS,h6160,0.30324331410867394,scr2099,avaConv,solar
RS,h6161,0.1351572602792231,scr2099,avaConv,solar
RS,h6162,0.030468303668969406,scr2099,avaConv,solar
RS,h6163,0.0021212181745804103,scr2099,avaConv,solar
RS,h6164,0.0,scr2099,avaConv,solar
RS,h6165,0.0,scr2099,avaConv,solar
RS,h6166,0.0,scr2099,avaConv,solar
RS,h6167,0.0,scr2099,avaConv,solar
RS,h6168,0.0,scr2099,avaConv,solar
RS,h6169,0.0,scr2099,avaConv,solar
RS,h6170,0.0,scr2099,avaConv,solar
RS,h6171,0.0,scr2099,avaConv,solar
RS,h6172,0.0,scr2099,avaConv,solar
RS,h6173,0.000269323769915831,scr2099,avaConv,solar
RS,h6174,0.033888238419198226,scr2099,avaConv,solar
RS,h6175,0.12178775900775475,scr2099,avaConv,solar
RS,h6176,0.2666760591265876,scr2099,avaConv,solar
RS,h6177,0.4132768285552407,scr2099,avaConv,solar
RS,h6178,0.5402042717876991,scr2099,avaConv,solar
RS,h6179,0.6306277296334312,scr2099,avaConv,solar
RS,h6180,0.6740390206164157,scr2099,avaConv,solar
RS,h6181,0.6610470906331399,scr2099,avaConv,solar
RS,h6182,0.5950383817630142,scr2099,avaConv,solar
RS,h6183,0.4740026021384437,scr2099,avaConv,solar
RS,h6184,0.2941274879931854,scr2099,avaConv,solar
RS,h6185,0.12777338515056635,scr2099,avaConv,solar
RS,h6186,0.026546122404230606,scr2099,avaConv,solar
RS,h6187,0.001145504484776037,scr2099,avaConv,solar
RS,h6188,0.0,scr2099,avaConv,solar
RS,h6189,0.0,scr2099,avaConv,solar
RS,h6190,0.0,scr2099,avaConv,solar
RS,h6191,0.0,scr2099,avaConv,solar
RS,h6192,0.0,scr2099,avaConv,solar
RS,h6193,0.0,scr2099,avaConv,solar
RS,h6194,0.0,scr2099,avaConv,solar
RS,h6195,0.0,scr2099,avaConv,solar
RS,h6196,0.0,scr2099,avaConv,solar
RS,h6197,0.0,scr2099,avaConv,solar
RS,h6198,0.014641170599498609,scr2099,avaConv,solar
RS,h6199,0.062481092691080806,scr2099,avaConv,solar
RS,h6200,0.14917632798043284,scr2099,avaConv,solar
RS,h6201,0.2478308259588555,scr2099,avaConv,solar
RS,h6202,0.32569801342153615,scr2099,avaConv,solar
RS,h6203,0.3651089580164807,scr2099,avaConv,solar
RS,h6204,0.3811262246884343,scr2099,avaConv,solar
RS,h6205,0.37394091918180866,scr2099,avaConv,solar
RS,h6206,0.34580829598588214,scr2099,avaConv,solar
RS,h6207,0.2759764345354065,scr2099,avaConv,solar
RS,h6208,0.17324140066475088,scr2099,avaConv,solar
RS,h6209,0.07567809426309959,scr2099,avaConv,solar
RS,h6210,0.017361236088638623,scr2099,avaConv,solar
RS,h6211,0.0004405358828229154,scr2099,avaConv,solar
RS,h6212,0.0,scr2099,avaConv,solar
RS,h6213,0.0,scr2099,avaConv,solar
RS,h6214,0.0,scr2099,avaConv,solar
RS,h6215,0.0,scr2099,avaConv,solar
RS,h6216,0.0,scr2099,avaConv,solar
RS,h6217,0.0,scr2099,avaConv,solar
RS,h6218,0.0,scr2099,avaConv,solar
RS,h6219,0.0,scr2099,avaConv,solar
RS,h6220,0.0,scr2099,avaConv,solar
RS,h6221,0.0,scr2099,avaConv,solar
RS,h6222,0.03248557865989711,scr2099,avaConv,solar
RS,h6223,0.1218237945965523,scr2099,avaConv,solar
RS,h6224,0.2726090607712412,scr2099,avaConv,solar
RS,h6225,0.43048750065767216,scr2099,avaConv,solar
RS,h6226,0.5689790527990938,scr2099,avaConv,solar
RS,h6227,0.6698338607210161,scr2099,avaConv,solar
RS,h6228,0.719776081769986,scr2099,avaConv,solar
RS,h6229,0.7095486668797114,scr2099,avaConv,solar
RS,h6230,0.6417812054561897,scr2099,avaConv,solar
RS,h6231,0.5159866918269563,scr2099,avaConv,solar
RS,h6232,0.3296103751838926,scr2099,avaConv,solar
RS,h6233,0.14757577359774945,scr2099,avaConv,solar
RS,h6234,0.03430411160679336,scr2099,avaConv,solar
RS,h6235,0.0011008833055925777,scr2099,avaConv,solar
RS,h6236,0.0,scr2099,avaConv,solar
RS,h6237,0.0,scr2099,avaConv,solar
RS,h6238,0.0,scr2099,avaConv,solar
RS,h6239,0.0,scr2099,avaConv,solar
RS,h6240,0.0,scr2099,avaConv,solar
RS,h6241,0.0,scr2099,avaConv,solar
RS,h6242,0.0,scr2099,avaConv,solar
RS,h6243,0.0,scr2099,avaConv,solar
RS,h6244,0.0,scr2099,avaConv,solar
RS,h6245,0.0,scr2099,avaConv,solar
RS,h6246,0.032161119593606145,scr2099,avaConv,solar
RS,h6247,0.12090451306394033,scr2099,avaConv,solar
RS,h6248,0.2699875888166249,scr2099,avaConv,solar
RS,h6249,0.4249160736778558,scr2099,avaConv,solar
RS,h6250,0.5602917836640566,scr2099,avaConv,solar
RS,h6251,0.659110166611988,scr2099,avaConv,solar
RS,h6252,0.7090655467157089,scr2099,avaConv,solar
RS,h6253,0.6999573886427857,scr2099,avaConv,solar
RS,h6254,0.6342335794053214,scr2099,avaConv,solar
RS,h6255,0.5110024441906705,scr2099,avaConv,solar
RS,h6256,0.3290890237786477,scr2099,avaConv,solar
RS,h6257,0.14807011597768058,scr2099,avaConv,solar
RS,h6258,0.0351938050909439,scr2099,avaConv,solar
RS,h6259,0.0007913472092807766,scr2099,avaConv,solar
RS,h6260,0.0,scr2099,avaConv,solar
RS,h6261,0.0,scr2099,avaConv,solar
RS,h6262,0.0,scr2099,avaConv,solar
RS,h6263,0.0,scr2099,avaConv,solar
RS,h6264,0.0,scr2099,avaConv,solar
RS,h6265,0.0,scr2099,avaConv,solar
RS,h6266,0.0,scr2099,avaConv,solar
RS,h6267,0.0,scr2099,avaConv,solar
RS,h6268,0.0,scr2099,avaConv,solar
RS,h6269,0.0,scr2099,avaConv,solar
RS,h6270,0.028235700149892008,scr2099,avaConv,solar
RS,h6271,0.10765422855606771,scr2099,avaConv,solar
RS,h6272,0.2428070046840419,scr2099,avaConv,solar
RS,h6273,0.3873443811537116,scr2099,avaConv,solar
RS,h6274,0.5159863967464695,scr2099,avaConv,solar
RS,h6275,0.6171761758776643,scr2099,avaConv,solar
RS,h6276,0.684169781680916,scr2099,avaConv,solar
RS,h6277,0.6944375969858663,scr2099,avaConv,solar
RS,h6278,0.6425468122878537,scr2099,avaConv,solar
RS,h6279,0.5197687995828167,scr2099,avaConv,solar
RS,h6280,0.33589790878791553,scr2099,avaConv,solar
RS,h6281,0.15127596963869533,scr2099,avaConv,solar
RS,h6282,0.03579568710101939,scr2099,avaConv,solar
RS,h6283,0.0005903822978995414,scr2099,avaConv,solar
RS,h6284,0.0,scr2099,avaConv,solar
RS,h6285,0.0,scr2099,avaConv,solar
RS,h6286,0.0,scr2099,avaConv,solar
RS,h6287,0.0,scr2099,avaConv,solar
RS,h6288,0.0,scr2099,avaConv,solar
RS,h6289,0.0,scr2099,avaConv,solar
RS,h6290,0.0,scr2099,avaConv,solar
RS,h6291,0.0,scr2099,avaConv,solar
RS,h6292,0.0,scr2099,avaConv,solar
RS,h6293,0.0,scr2099,avaConv,solar
RS,h6294,0.03181943894249133,scr2099,avaConv,solar
RS,h6295,0.12233570896541084,scr2099,avaConv,solar
RS,h6296,0.2764747536736266,scr2099,avaConv,solar
RS,h6297,0.4402369638977735,scr2099,avaConv,solar
RS,h6298,0.5840914597122943,scr2099,avaConv,solar
RS,h6299,0.6887401211643508,scr2099,avaConv,solar
RS,h6300,0.7412031727914803,scr2099,avaConv,solar
RS,h6301,0.7314559751241525,scr2099,avaConv,solar
RS,h6302,0.6630490288682529,scr2099,avaConv,solar
RS,h6303,0.5363695780624456,scr2099,avaConv,solar
RS,h6304,0.34586982514065406,scr2099,avaConv,solar
RS,h6305,0.15553554229719996,scr2099,avaConv,solar
RS,h6306,0.035960958191998356,scr2099,avaConv,solar
RS,h6307,0.00046135091188772263,scr2099,avaConv,solar
RS,h6308,0.0,scr2099,avaConv,solar
RS,h6309,0.0,scr2099,avaConv,solar
RS,h6310,0.0,scr2099,avaConv,solar
RS,h6311,0.0,scr2099,avaConv,solar
RS,h6312,0.0,scr2099,avaConv,solar
RS,h6313,0.0,scr2099,avaConv,solar
RS,h6314,0.0,scr2099,avaConv,solar
RS,h6315,0.0,scr2099,avaConv,solar
RS,h6316,0.0,scr2099,avaConv,solar
RS,h6317,0.0,scr2099,avaConv,solar
RS,h6318,0.03059264892973681,scr2099,avaConv,solar
RS,h6319,0.11901487451789751,scr2099,avaConv,solar
RS,h6320,0.2694527587046386,scr2099,avaConv,solar
RS,h6321,0.42950242621227147,scr2099,avaConv,solar
RS,h6322,0.5686594645943684,scr2099,avaConv,solar
RS,h6323,0.6703066725115537,scr2099,avaConv,solar
RS,h6324,0.7213033844987573,scr2099,avaConv,solar
RS,h6325,0.7127503941202528,scr2099,avaConv,solar
RS,h6326,0.6465267519450937,scr2099,avaConv,solar
RS,h6327,0.5240601993143538,scr2099,avaConv,solar
RS,h6328,0.33620063696284647,scr2099,avaConv,solar
RS,h6329,0.15002724422579297,scr2099,avaConv,solar
RS,h6330,0.033248121690793116,scr2099,avaConv,solar
RS,h6331,0.0002482455338388254,scr2099,avaConv,solar
RS,h6332,0.0,scr2099,avaConv,solar
RS,h6333,0.0,scr2099,avaConv,solar
RS,h6334,0.0,scr2099,avaConv,solar
RS,h6335,0.0,scr2099,avaConv,solar
RS,h6336,0.0,scr2099,avaConv,solar
RS,h6337,0.0,scr2099,avaConv,solar
RS,h6338,0.0,scr2099,avaConv,solar
RS,h6339,0.0,scr2099,avaConv,solar
RS,h6340,0.0,scr2099,avaConv,solar
RS,h6341,0.0,scr2099,avaConv,solar
RS,h6342,0.0295690366524627,scr2099,avaConv,solar
RS,h6343,0.11717333157437898,scr2099,avaConv,solar
RS,h6344,0.26780230339729316,scr2099,avaConv,solar
RS,h6345,0.4309787006551607,scr2099,avaConv,solar
RS,h6346,0.5742656800568245,scr2099,avaConv,solar
RS,h6347,0.6795458429555462,scr2099,avaConv,solar
RS,h6348,0.7336257280955099,scr2099,avaConv,solar
RS,h6349,0.7263923595365632,scr2099,avaConv,solar
RS,h6350,0.6605374210023109,scr2099,avaConv,solar
RS,h6351,0.5377450676653089,scr2099,avaConv,solar
RS,h6352,0.34538522016335627,scr2099,avaConv,solar
RS,h6353,0.1544236592400063,scr2099,avaConv,solar
RS,h6354,0.033541963388629026,scr2099,avaConv,solar
RS,h6355,0.000178467276112104,scr2099,avaConv,solar
RS,h6356,0.0,scr2099,avaConv,solar
RS,h6357,0.0,scr2099,avaConv,solar
RS,h6358,0.0,scr2099,avaConv,solar
RS,h6359,0.0,scr2099,avaConv,solar
RS,h6360,0.0,scr2099,avaConv,solar
RS,h6361,0.0,scr2099,avaConv,solar
RS,h6362,0.0,scr2099,avaConv,solar
RS,h6363,0.0,scr2099,avaConv,solar
RS,h6364,0.0,scr2099,avaConv,solar
RS,h6365,0.0,scr2099,avaConv,solar
RS,h6366,0.02988759213172793,scr2099,avaConv,solar
RS,h6367,0.11936720742380988,scr2099,avaConv,solar
RS,h6368,0.2733856259319168,scr2099,avaConv,solar
RS,h6369,0.4399254120484632,scr2099,avaConv,solar
RS,h6370,0.5848336906648679,scr2099,avaConv,solar
RS,h6371,0.6898253194580036,scr2099,avaConv,solar
RS,h6372,0.7428784243249006,scr2099,avaConv,solar
RS,h6373,0.7340623264639271,scr2099,avaConv,solar
RS,h6374,0.6666341348071334,scr2099,avaConv,solar
RS,h6375,0.5432175803865281,scr2099,avaConv,solar
RS,h6376,0.34753512073615905,scr2099,avaConv,solar
RS,h6377,0.1548828467700148,scr2099,avaConv,solar
RS,h6378,0.03252144766289332,scr2099,avaConv,solar
RS,h6379,0.0,scr2099,avaConv,solar
RS,h6380,0.0,scr2099,avaConv,solar
RS,h6381,0.0,scr2099,avaConv,solar
RS,h6382,0.0,scr2099,avaConv,solar
RS,h6383,0.0,scr2099,avaConv,solar
RS,h6384,0.0,scr2099,avaConv,solar
RS,h6385,0.0,scr2099,avaConv,solar
RS,h6386,0.0,scr2099,avaConv,solar
RS,h6387,0.0,scr2099,avaConv,solar
RS,h6388,0.0,scr2099,avaConv,solar
RS,h6389,0.0,scr2099,avaConv,solar
RS,h6390,0.027349179554436893,scr2099,avaConv,solar
RS,h6391,0.11237722826885063,scr2099,avaConv,solar
RS,h6392,0.2604076721579696,scr2099,avaConv,solar
RS,h6393,0.4236879797294031,scr2099,avaConv,solar
RS,h6394,0.566278360730139,scr2099,avaConv,solar
RS,h6395,0.6715403053861065,scr2099,avaConv,solar
RS,h6396,0.7262857569347864,scr2099,avaConv,solar
RS,h6397,0.7206172528160748,scr2099,avaConv,solar
RS,h6398,0.6558591403386946,scr2099,avaConv,solar
RS,h6399,0.5364196940404878,scr2099,avaConv,solar
RS,h6400,0.3421565338582259,scr2099,avaConv,solar
RS,h6401,0.1520324428088003,scr2099,avaConv,solar
RS,h6402,0.03069766444124102,scr2099,avaConv,solar
RS,h6403,0.0,scr2099,avaConv,solar
RS,h6404,0.0,scr2099,avaConv,solar
RS,h6405,0.0,scr2099,avaConv,solar
RS,h6406,0.0,scr2099,avaConv,solar
RS,h6407,0.0,scr2099,avaConv,solar
RS,h6408,0.0,scr2099,avaConv,solar
RS,h6409,0.0,scr2099,avaConv,solar
RS,h6410,0.0,scr2099,avaConv,solar
RS,h6411,0.0,scr2099,avaConv,solar
RS,h6412,0.0,scr2099,avaConv,solar
RS,h6413,0.0,scr2099,avaConv,solar
RS,h6414,0.027205130252248907,scr2099,avaConv,solar
RS,h6415,0.1125932526823153,scr2099,avaConv,solar
RS,h6416,0.26141414169079985,scr2099,avaConv,solar
RS,h6417,0.4262735589418603,scr2099,avaConv,solar
RS,h6418,0.5698987919595894,scr2099,avaConv,solar
RS,h6419,0.6753336578845607,scr2099,avaConv,solar
RS,h6420,0.7294973871410828,scr2099,avaConv,solar
RS,h6421,0.7232432231403548,scr2099,avaConv,solar
RS,h6422,0.6584650456132037,scr2099,avaConv,solar
RS,h6423,0.5403583506035669,scr2099,avaConv,solar
RS,h6424,0.3441290014114652,scr2099,avaConv,solar
RS,h6425,0.15292459382415746,scr2099,avaConv,solar
RS,h6426,0.029942566030024195,scr2099,avaConv,solar
RS,h6427,0.0,scr2099,avaConv,solar
RS,h6428,0.0,scr2099,avaConv,solar
RS,h6429,0.0,scr2099,avaConv,solar
RS,h6430,0.0,scr2099,avaConv,solar
RS,h6431,0.0,scr2099,avaConv,solar
RS,h6432,0.0,scr2099,avaConv,solar
RS,h6433,0.0,scr2099,avaConv,solar
RS,h6434,0.0,scr2099,avaConv,solar
RS,h6435,0.0,scr2099,avaConv,solar
RS,h6436,0.0,scr2099,avaConv,solar
RS,h6437,0.0,scr2099,avaConv,solar
RS,h6438,0.026173302601697732,scr2099,avaConv,solar
RS,h6439,0.11001221588536508,scr2099,avaConv,solar
RS,h6440,0.25665204816466713,scr2099,avaConv,solar
RS,h6441,0.42066396260239763,scr2099,avaConv,solar
RS,h6442,0.5635932463683802,scr2099,avaConv,solar
RS,h6443,0.6693038300331758,scr2099,avaConv,solar
RS,h6444,0.724300816794448,scr2099,avaConv,solar
RS,h6445,0.719530993183283,scr2099,avaConv,solar
RS,h6446,0.6562781336248058,scr2099,avaConv,solar
RS,h6447,0.5407972051029817,scr2099,avaConv,solar
RS,h6448,0.343807671797735,scr2099,avaConv,solar
RS,h6449,0.1528223766535304,scr2099,avaConv,solar
RS,h6450,0.028933702647967817,scr2099,avaConv,solar
RS,h6451,0.0,scr2099,avaConv,solar
RS,h6452,0.0,scr2099,avaConv,solar
RS,h6453,0.0,scr2099,avaConv,solar
RS,h6454,0.0,scr2099,avaConv,solar
RS,h6455,0.0,scr2099,avaConv,solar
RS,h6456,0.0,scr2099,avaConv,solar
RS,h6457,0.0,scr2099,avaConv,solar
RS,h6458,0.0,scr2099,avaConv,solar
RS,h6459,0.0,scr2099,avaConv,solar
RS,h6460,0.0,scr2099,avaConv,solar
RS,h6461,0.0,scr2099,avaConv,solar
RS,h6462,0.024994241115666786,scr2099,avaConv,solar
RS,h6463,0.10713528332782353,scr2099,avaConv,solar
RS,h6464,0.25170301187722643,scr2099,avaConv,solar
RS,h6465,0.41471569557802057,scr2099,avaConv,solar
RS,h6466,0.5560931486546514,scr2099,avaConv,solar
RS,h6467,0.6602591394872008,scr2099,avaConv,solar
RS,h6468,0.7140054223137027,scr2099,avaConv,solar
RS,h6469,0.7090172107339633,scr2099,avaConv,solar
RS,h6470,0.6463591684818946,scr2099,avaConv,solar
RS,h6471,0.533511719332584,scr2099,avaConv,solar
RS,h6472,0.33727132478245153,scr2099,avaConv,solar
RS,h6473,0.14930965675748967,scr2099,avaConv,solar
RS,h6474,0.026912036033145296,scr2099,avaConv,solar
RS,h6475,0.0,scr2099,avaConv,solar
RS,h6476,0.0,scr2099,avaConv,solar
RS,h6477,0.0,scr2099,avaConv,solar
RS,h6478,0.0,scr2099,avaConv,solar
RS,h6479,0.0,scr2099,avaConv,solar
RS,h6480,0.0,scr2099,avaConv,solar
RS,h6481,0.0,scr2099,avaConv,solar
RS,h6482,0.0,scr2099,avaConv,solar
RS,h6483,0.0,scr2099,avaConv,solar
RS,h6484,0.0,scr2099,avaConv,solar
RS,h6485,0.0,scr2099,avaConv,solar
RS,h6486,0.01898798043627613,scr2099,avaConv,solar
RS,h6487,0.0885813035332129,scr2099,avaConv,solar
RS,h6488,0.21413354579135568,scr2099,avaConv,solar
RS,h6489,0.3631563035444705,scr2099,avaConv,solar
RS,h6490,0.49355263977658237,scr2099,avaConv,solar
RS,h6491,0.5939412232374872,scr2099,avaConv,solar
RS,h6492,0.6489469856446636,scr2099,avaConv,solar
RS,h6493,0.6535158761115587,scr2099,avaConv,solar
RS,h6494,0.6018587982891422,scr2099,avaConv,solar
RS,h6495,0.5015316855473002,scr2099,avaConv,solar
RS,h6496,0.31467723400746117,scr2099,avaConv,solar
RS,h6497,0.13811457776258765,scr2099,avaConv,solar
RS,h6498,0.02307614033450914,scr2099,avaConv,solar
RS,h6499,0.0,scr2099,avaConv,solar
RS,h6500,0.0,scr2099,avaConv,solar
RS,h6501,0.0,scr2099,avaConv,solar
RS,h6502,0.0,scr2099,avaConv,solar
RS,h6503,0.0,scr2099,avaConv,solar
RS,h6504,0.0,scr2099,avaConv,solar
RS,h6505,0.0,scr2099,avaConv,solar
RS,h6506,0.0,scr2099,avaConv,solar
RS,h6507,0.0,scr2099,avaConv,solar
RS,h6508,0.0,scr2099,avaConv,solar
RS,h6509,0.0,scr2099,avaConv,solar
RS,h6510,0.01965930260034189,scr2099,avaConv,solar
RS,h6511,0.09174376983521572,scr2099,avaConv,solar
RS,h6512,0.2219505598992829,scr2099,avaConv,solar
RS,h6513,0.3761157360991449,scr2099,avaConv,solar
RS,h6514,0.5106123562129122,scr2099,avaConv,solar
RS,h6515,0.6134638633861333,scr2099,avaConv,solar
RS,h6516,0.6691547688255831,scr2099,avaConv,solar
RS,h6517,0.6720513272246902,scr2099,avaConv,solar
RS,h6518,0.617149908367774,scr2099,avaConv,solar
RS,h6519,0.5148781613491253,scr2099,avaConv,solar
RS,h6520,0.3224424335996007,scr2099,avaConv,solar
RS,h6521,0.1418804644773005,scr2099,avaConv,solar
RS,h6522,0.02293530082148214,scr2099,avaConv,solar
RS,h6523,0.0,scr2099,avaConv,solar
RS,h6524,0.0,scr2099,avaConv,solar
RS,h6525,0.0,scr2099,avaConv,solar
RS,h6526,0.0,scr2099,avaConv,solar
RS,h6527,0.0,scr2099,avaConv,solar
RS,h6528,0.0,scr2099,avaConv,solar
RS,h6529,0.0,scr2099,avaConv,solar
RS,h6530,0.0,scr2099,avaConv,solar
RS,h6531,0.0,scr2099,avaConv,solar
RS,h6532,0.0,scr2099,avaConv,solar
RS,h6533,0.0,scr2099,avaConv,solar
RS,h6534,0.017430527815929752,scr2099,avaConv,solar
RS,h6535,0.08580580623747229,scr2099,avaConv,solar
RS,h6536,0.21106302838818583,scr2099,avaConv,solar
RS,h6537,0.36345138532748344,scr2099,avaConv,solar
RS,h6538,0.4970771011150642,scr2099,avaConv,solar
RS,h6539,0.6006979980592068,scr2099,avaConv,solar
RS,h6540,0.6576899669336388,scr2099,avaConv,solar
RS,h6541,0.6627545200931937,scr2099,avaConv,solar
RS,h6542,0.6103225486247009,scr2099,avaConv,solar
RS,h6543,0.5121036904360061,scr2099,avaConv,solar
RS,h6544,0.31995966184612035,scr2099,avaConv,solar
RS,h6545,0.140771544551165,scr2099,avaConv,solar
RS,h6546,0.02151500814135745,scr2099,avaConv,solar
RS,h6547,0.0,scr2099,avaConv,solar
RS,h6548,0.0,scr2099,avaConv,solar
RS,h6549,0.0,scr2099,avaConv,solar
RS,h6550,0.0,scr2099,avaConv,solar
RS,h6551,0.0,scr2099,avaConv,solar
RS,h6552,0.0,scr2099,avaConv,solar
SE,h5809,0.0,scr2099,avaConv,solar
SE,h5810,0.0,scr2099,avaConv,solar
SE,h5811,0.0,scr2099,avaConv,solar
SE,h5812,0.0,scr2099,avaConv,solar
SE,h5813,0.005699303004029834,scr2099,avaConv,solar
SE,h5814,0.033575469728916216,scr2099,avaConv,solar
SE,h5815,0.09030794215778734,scr2099,avaConv,solar
SE,h5816,0.17238047098645648,scr2099,avaConv,solar
SE,h5817,0.26130722378228133,scr2099,avaConv,solar
SE,h5818,0.3459239680510484,scr2099,avaConv,solar
SE,h5819,0.4088322706434398,scr2099,avaConv,solar
SE,h5820,0.441466022748222,scr2099,avaConv,solar
SE,h5821,0.434794641234776,scr2099,avaConv,solar
SE,h5822,0.40217970789631535,scr2099,avaConv,solar
SE,h5823,0.34013892465341405,scr2099,avaConv,solar
SE,h5824,0.2466643745323289,scr2099,avaConv,solar
SE,h5825,0.13108762092451906,scr2099,avaConv,solar
SE,h5826,0.04512579211872146,scr2099,avaConv,solar
SE,h5827,0.0044065412999063705,scr2099,avaConv,solar
SE,h5828,0.0012472620054346552,scr2099,avaConv,solar
SE,h5829,0.0,scr2099,avaConv,solar
SE,h5830,0.0,scr2099,avaConv,solar
SE,h5831,0.0,scr2099,avaConv,solar
SE,h5832,0.0,scr2099,avaConv,solar
SE,h5833,0.0,scr2099,avaConv,solar
SE,h5834,0.0,scr2099,avaConv,solar
SE,h5835,0.0,scr2099,avaConv,solar
SE,h5836,0.0,scr2099,avaConv,solar
SE,h5837,0.0030117187001101275,scr2099,avaConv,solar
SE,h5838,0.02046509045131945,scr2099,avaConv,solar
SE,h5839,0.05834723135053255,scr2099,avaConv,solar
SE,h5840,0.11853974898040241,scr2099,avaConv,solar
SE,h5841,0.18660727544174177,scr2099,avaConv,solar
SE,h5842,0.24885795460791393,scr2099,avaConv,solar
SE,h5843,0.29617316721937376,scr2099,avaConv,solar
SE,h5844,0.3260383736387851,scr2099,avaConv,solar
SE,h5845,0.33873859958673497,scr2099,avaConv,solar
SE,h5846,0.33030302038626713,scr2099,avaConv,solar
SE,h5847,0.2915597601889966,scr2099,avaConv,solar
SE,h5848,0.21896759982396594,scr2099,avaConv,solar
SE,h5849,0.11819578839690277,scr2099,avaConv,solar
SE,h5850,0.04331586505320185,scr2099,avaConv,solar
SE,h5851,0.0037636300354015155,scr2099,avaConv,solar
SE,h5852,0.0016075568198787593,scr2099,avaConv,solar
SE,h5853,0.0,scr2099,avaConv,solar
SE,h5854,0.0,scr2099,avaConv,solar
SE,h5855,0.0,scr2099,avaConv,solar
SE,h5856,0.0,scr2099,avaConv,solar
SE,h5857,0.0,scr2099,avaConv,solar
SE,h5858,0.0,scr2099,avaConv,solar
SE,h5859,0.0,scr2099,avaConv,solar
SE,h5860,0.0,scr2099,avaConv,solar
SE,h5861,0.001924077895947563,scr2099,avaConv,solar
SE,h5862,0.021021252191231854,scr2099,avaConv,solar
SE,h5863,0.06507413240574099,scr2099,avaConv,solar
SE,h5864,0.13692056857410595,scr2099,avaConv,solar
SE,h5865,0.21657828811101207,scr2099,avaConv,solar
SE,h5866,0.2977029598433067,scr2099,avaConv,solar
SE,h5867,0.3665118881232397,scr2099,avaConv,solar
SE,h5868,0.41340883717084803,scr2099,avaConv,solar
SE,h5869,0.4333472177851241,scr2099,avaConv,solar
SE,h5870,0.4212031177322327,scr2099,avaConv,solar
SE,h5871,0.37671682577022303,scr2099,avaConv,solar
SE,h5872,0.2825180809905789,scr2099,avaConv,solar
SE,h5873,0.15401779965743545,scr2099,avaConv,solar
SE,h5874,0.0551052026314969,scr2099,avaConv,solar
SE,h5875,0.004874763484535681,scr2099,avaConv,solar
SE,h5876,0.0019419454754393845,scr2099,avaConv,solar
SE,h5877,0.0,scr2099,avaConv,solar
SE,h5878,0.0,scr2099,avaConv,solar
SE,h5879,0.0,scr2099,avaConv,solar
SE,h5880,0.0,scr2099,avaConv,solar
SE,h5881,0.0,scr2099,avaConv,solar
SE,h5882,0.0,scr2099,avaConv,solar
SE,h5883,0.0,scr2099,avaConv,solar
SE,h5884,0.0,scr2099,avaConv,solar
SE,h5885,0.0016857891535735107,scr2099,avaConv,solar
SE,h5886,0.021264645016393087,scr2099,avaConv,solar
SE,h5887,0.065931173176755,scr2099,avaConv,solar
SE,h5888,0.14126849291687718,scr2099,avaConv,solar
SE,h5889,0.22412704208441625,scr2099,avaConv,solar
SE,h5890,0.3056619578169648,scr2099,avaConv,solar
SE,h5891,0.37377301161379095,scr2099,avaConv,solar
SE,h5892,0.42528113592053923,scr2099,avaConv,solar
SE,h5893,0.44837183266720526,scr2099,avaConv,solar
SE,h5894,0.4315898428276015,scr2099,avaConv,solar
SE,h5895,0.36862523435845523,scr2099,avaConv,solar
SE,h5896,0.2595518022484349,scr2099,avaConv,solar
SE,h5897,0.136241062491668,scr2099,avaConv,solar
SE,h5898,0.045677601674909356,scr2099,avaConv,solar
SE,h5899,0.005753132731024505,scr2099,avaConv,solar
SE,h5900,0.0003775460215029958,scr2099,avaConv,solar
SE,h5901,0.0,scr2099,avaConv,solar
SE,h5902,0.0,scr2099,avaConv,solar
SE,h5903,0.0,scr2099,avaConv,solar
SE,h5904,0.0,scr2099,avaConv,solar
SE,h5905,0.0,scr2099,avaConv,solar
SE,h5906,0.0,scr2099,avaConv,solar
SE,h5907,0.0,scr2099,avaConv,solar
SE,h5908,0.0,scr2099,avaConv,solar
SE,h5909,0.000613290744067768,scr2099,avaConv,solar
SE,h5910,0.018314582575185305,scr2099,avaConv,solar
SE,h5911,0.0644210704346789,scr2099,avaConv,solar
SE,h5912,0.14440540299897808,scr2099,avaConv,solar
SE,h5913,0.2401854455242414,scr2099,avaConv,solar
SE,h5914,0.3236890170071131,scr2099,avaConv,solar
SE,h5915,0.3821532826643133,scr2099,avaConv,solar
SE,h5916,0.399213212737026,scr2099,avaConv,solar
SE,h5917,0.3895026566527981,scr2099,avaConv,solar
SE,h5918,0.3531861381193766,scr2099,avaConv,solar
SE,h5919,0.2969881096829872,scr2099,avaConv,solar
SE,h5920,0.21423544125529123,scr2099,avaConv,solar
SE,h5921,0.11529608707484608,scr2099,avaConv,solar
SE,h5922,0.042458278063656756,scr2099,avaConv,solar
SE,h5923,0.005608028627747369,scr2099,avaConv,solar
SE,h5924,0.0015093838370650189,scr2099,avaConv,solar
SE,h5925,0.0,scr2099,avaConv,solar
SE,h5926,0.0,scr2099,avaConv,solar
SE,h5927,0.0,scr2099,avaConv,solar
SE,h5928,0.0,scr2099,avaConv,solar
SE,h5929,0.0,scr2099,avaConv,solar
SE,h5930,0.0,scr2099,avaConv,solar
SE,h5931,0.0,scr2099,avaConv,solar
SE,h5932,0.0,scr2099,avaConv,solar
SE,h5933,0.0014755266310980074,scr2099,avaConv,solar
SE,h5934,0.022429772531409885,scr2099,avaConv,solar
SE,h5935,0.07357222273075448,scr2099,avaConv,solar
SE,h5936,0.15226246853714143,scr2099,avaConv,solar
SE,h5937,0.23785383298010027,scr2099,avaConv,solar
SE,h5938,0.3051897292779999,scr2099,avaConv,solar
SE,h5939,0.346079449645281,scr2099,avaConv,solar
SE,h5940,0.35599302212519923,scr2099,avaConv,solar
SE,h5941,0.34127247406106864,scr2099,avaConv,solar
SE,h5942,0.3094874166951939,scr2099,avaConv,solar
SE,h5943,0.2595683104948322,scr2099,avaConv,solar
SE,h5944,0.19160618737262605,scr2099,avaConv,solar
SE,h5945,0.10675381536634862,scr2099,avaConv,solar
SE,h5946,0.041003831151139765,scr2099,avaConv,solar
SE,h5947,0.0055141843166606,scr2099,avaConv,solar
SE,h5948,0.0009380316554334607,scr2099,avaConv,solar
SE,h5949,0.0,scr2099,avaConv,solar
SE,h5950,0.0,scr2099,avaConv,solar
SE,h5951,0.0,scr2099,avaConv,solar
SE,h5952,0.0,scr2099,avaConv,solar
SE,h5953,0.0,scr2099,avaConv,solar
SE,h5954,0.0,scr2099,avaConv,solar
SE,h5955,0.0,scr2099,avaConv,solar
SE,h5956,0.0,scr2099,avaConv,solar
SE,h5957,0.00015110649669147183,scr2099,avaConv,solar
SE,h5958,0.015483292531411575,scr2099,avaConv,solar
SE,h5959,0.05412699596473271,scr2099,avaConv,solar
SE,h5960,0.11782246345402539,scr2099,avaConv,solar
SE,h5961,0.18584184530302428,scr2099,avaConv,solar
SE,h5962,0.24353631784849217,scr2099,avaConv,solar
SE,h5963,0.2831126600912759,scr2099,avaConv,solar
SE,h5964,0.29759190982561207,scr2099,avaConv,solar
SE,h5965,0.291243611643858,scr2099,avaConv,solar
SE,h5966,0.2656853738060028,scr2099,avaConv,solar
SE,h5967,0.225819413259012,scr2099,avaConv,solar
SE,h5968,0.16581838013131142,scr2099,avaConv,solar
SE,h5969,0.09292794782341442,scr2099,avaConv,solar
SE,h5970,0.0351527523155954,scr2099,avaConv,solar
SE,h5971,0.005326938467972534,scr2099,avaConv,solar
SE,h5972,0.000389385899150813,scr2099,avaConv,solar
SE,h5973,0.0,scr2099,avaConv,solar
SE,h5974,0.0,scr2099,avaConv,solar
SE,h5975,0.0,scr2099,avaConv,solar
SE,h5976,0.0,scr2099,avaConv,solar
SE,h5977,0.0,scr2099,avaConv,solar
SE,h5978,0.0,scr2099,avaConv,solar
SE,h5979,0.0,scr2099,avaConv,solar
SE,h5980,0.0,scr2099,avaConv,solar
SE,h5981,0.00020767403751977305,scr2099,avaConv,solar
SE,h5982,0.015437700401780401,scr2099,avaConv,solar
SE,h5983,0.05664374694975151,scr2099,avaConv,solar
SE,h5984,0.12824574136075015,scr2099,avaConv,solar
SE,h5985,0.21194974776886086,scr2099,avaConv,solar
SE,h5986,0.2902813522327604,scr2099,avaConv,solar
SE,h5987,0.3551310054140277,scr2099,avaConv,solar
SE,h5988,0.3937357394948726,scr2099,avaConv,solar
SE,h5989,0.4021375720230456,scr2099,avaConv,solar
SE,h5990,0.3787638998564866,scr2099,avaConv,solar
SE,h5991,0.3232057590277208,scr2099,avaConv,solar
SE,h5992,0.237349286557893,scr2099,avaConv,solar
SE,h5993,0.1330985409913385,scr2099,avaConv,solar
SE,h5994,0.051215048821627765,scr2099,avaConv,solar
SE,h5995,0.009287752773455235,scr2099,avaConv,solar
SE,h5996,0.0003275241130621067,scr2099,avaConv,solar
SE,h5997,0.0,scr2099,avaConv,solar
SE,h5998,0.0,scr2099,avaConv,solar
SE,h5999,0.0,scr2099,avaConv,solar
SE,h6000,0.0,scr2099,avaConv,solar
SE,h6001,0.0,scr2099,avaConv,solar
SE,h6002,0.0,scr2099,avaConv,solar
SE,h6003,0.0,scr2099,avaConv,solar
SE,h6004,0.0,scr2099,avaConv,solar
SE,h6005,0.0,scr2099,avaConv,solar
SE,h6006,0.007193196816500547,scr2099,avaConv,solar
SE,h6007,0.029548933247507854,scr2099,avaConv,solar
SE,h6008,0.07025520175157979,scr2099,avaConv,solar
SE,h6009,0.12316090520950039,scr2099,avaConv,solar
SE,h6010,0.16735167491551797,scr2099,avaConv,solar
SE,h6011,0.19580861530256347,scr2099,avaConv,solar
SE,h6012,0.20316658632640053,scr2099,avaConv,solar
SE,h6013,0.20006643069675453,scr2099,avaConv,solar
SE,h6014,0.1838128601939453,scr2099,avaConv,solar
SE,h6015,0.15533686573490854,scr2099,avaConv,solar
SE,h6016,0.11193600621075431,scr2099,avaConv,solar
SE,h6017,0.06403934322261742,scr2099,avaConv,solar
SE,h6018,0.024945362435731987,scr2099,avaConv,solar
SE,h6019,0.0049630574414687365,scr2099,avaConv,solar
SE,h6020,0.0,scr2099,avaConv,solar
SE,h6021,0.0,scr2099,avaConv,solar
SE,h6022,0.0,scr2099,avaConv,solar
SE,h6023,0.0,scr2099,avaConv,solar
SE,h6024,0.0,scr2099,avaConv,solar
SE,h6025,0.0,scr2099,avaConv,solar
SE,h6026,0.0,scr2099,avaConv,solar
SE,h6027,0.0,scr2099,avaConv,solar
SE,h6028,0.0,scr2099,avaConv,solar
SE,h6029,0.00015668218080103257,scr2099,avaConv,solar
SE,h6030,0.006128063655978182,scr2099,avaConv,solar
SE,h6031,0.02615480912599811,scr2099,avaConv,solar
SE,h6032,0.061499649083383706,scr2099,avaConv,solar
SE,h6033,0.10911508820488093,scr2099,avaConv,solar
SE,h6034,0.15521139430891154,scr2099,avaConv,solar
SE,h6035,0.19565699706837175,scr2099,avaConv,solar
SE,h6036,0.22058276643869257,scr2099,avaConv,solar
SE,h6037,0.22958039139291214,scr2099,avaConv,solar
SE,h6038,0.21886386204960107,scr2099,avaConv,solar
SE,h6039,0.18888095748494352,scr2099,avaConv,solar
SE,h6040,0.13837380167364252,scr2099,avaConv,solar
SE,h6041,0.08035087120785847,scr2099,avaConv,solar
SE,h6042,0.03168920933946293,scr2099,avaConv,solar
SE,h6043,0.007065049132333046,scr2099,avaConv,solar
SE,h6044,0.0,scr2099,avaConv,solar
SE,h6045,0.0,scr2099,avaConv,solar
SE,h6046,0.0,scr2099,avaConv,solar
SE,h6047,0.0,scr2099,avaConv,solar
SE,h6048,0.0,scr2099,avaConv,solar
SE,h6049,0.0,scr2099,avaConv,solar
SE,h6050,0.0,scr2099,avaConv,solar
SE,h6051,0.0,scr2099,avaConv,solar
SE,h6052,0.0,scr2099,avaConv,solar
SE,h6053,0.00020466117880351442,scr2099,avaConv,solar
SE,h6054,0.010050729808343088,scr2099,avaConv,solar
SE,h6055,0.03872113338156304,scr2099,avaConv,solar
SE,h6056,0.090757297758237,scr2099,avaConv,solar
SE,h6057,0.15373233020775584,scr2099,avaConv,solar
SE,h6058,0.21277195781103103,scr2099,avaConv,solar
SE,h6059,0.26487124072329515,scr2099,avaConv,solar
SE,h6060,0.30835991383515193,scr2099,avaConv,solar
SE,h6061,0.3331837253853499,scr2099,avaConv,solar
SE,h6062,0.33423671472780275,scr2099,avaConv,solar
SE,h6063,0.29539138771644413,scr2099,avaConv,solar
SE,h6064,0.21284337082811086,scr2099,avaConv,solar
SE,h6065,0.11548079109735568,scr2099,avaConv,solar
SE,h6066,0.038133738072079516,scr2099,avaConv,solar
SE,h6067,0.007936272517327923,scr2099,avaConv,solar
SE,h6068,0.0,scr2099,avaConv,solar
SE,h6069,0.0,scr2099,avaConv,solar
SE,h6070,0.0,scr2099,avaConv,solar
SE,h6071,0.0,scr2099,avaConv,solar
SE,h6072,0.0,scr2099,avaConv,solar
SE,h6073,0.0,scr2099,avaConv,solar
SE,h6074,0.0,scr2099,avaConv,solar
SE,h6075,0.0,scr2099,avaConv,solar
SE,h6076,0.0,scr2099,avaConv,solar
SE,h6077,0.0,scr2099,avaConv,solar
SE,h6078,0.004909008667130463,scr2099,avaConv,solar
SE,h6079,0.020872701192952814,scr2099,avaConv,solar
SE,h6080,0.05199885857974216,scr2099,avaConv,solar
SE,h6081,0.0940594314791506,scr2099,avaConv,solar
SE,h6082,0.1380430016438166,scr2099,avaConv,solar
SE,h6083,0.17462552037136467,scr2099,avaConv,solar
SE,h6084,0.1974310812433632,scr2099,avaConv,solar
SE,h6085,0.20343047614462928,scr2099,avaConv,solar
SE,h6086,0.1904336058997455,scr2099,avaConv,solar
SE,h6087,0.1551829728353647,scr2099,avaConv,solar
SE,h6088,0.10430348936000636,scr2099,avaConv,solar
SE,h6089,0.052675079890009406,scr2099,avaConv,solar
SE,h6090,0.018152338726153263,scr2099,avaConv,solar
SE,h6091,0.0030626812578601857,scr2099,avaConv,solar
SE,h6092,0.0,scr2099,avaConv,solar
SE,h6093,0.0,scr2099,avaConv,solar
SE,h6094,0.0,scr2099,avaConv,solar
SE,h6095,0.0,scr2099,avaConv,solar
SE,h6096,0.0,scr2099,avaConv,solar
SE,h6097,0.0,scr2099,avaConv,solar
SE,h6098,0.0,scr2099,avaConv,solar
SE,h6099,0.0,scr2099,avaConv,solar
SE,h6100,0.0,scr2099,avaConv,solar
SE,h6101,0.0,scr2099,avaConv,solar
SE,h6102,0.012649217642889518,scr2099,avaConv,solar
SE,h6103,0.05475187509736149,scr2099,avaConv,solar
SE,h6104,0.13007222548117583,scr2099,avaConv,solar
SE,h6105,0.22048235910416283,scr2099,avaConv,solar
SE,h6106,0.3055303480641771,scr2099,avaConv,solar
SE,h6107,0.3695384747213966,scr2099,avaConv,solar
SE,h6108,0.4105016130544928,scr2099,avaConv,solar
SE,h6109,0.4143952104561292,scr2099,avaConv,solar
SE,h6110,0.3831621553038288,scr2099,avaConv,solar
SE,h6111,0.3115971347232898,scr2099,avaConv,solar
SE,h6112,0.21329703815006054,scr2099,avaConv,solar
SE,h6113,0.11376758956136951,scr2099,avaConv,solar
SE,h6114,0.041229783956249384,scr2099,avaConv,solar
SE,h6115,0.008289919878301738,scr2099,avaConv,solar
SE,h6116,0.0,scr2099,avaConv,solar
SE,h6117,0.0,scr2099,avaConv,solar
SE,h6118,0.0,scr2099,avaConv,solar
SE,h6119,0.0,scr2099,avaConv,solar
SE,h6120,0.0,scr2099,avaConv,solar
SE,h6121,0.0,scr2099,avaConv,solar
SE,h6122,0.0,scr2099,avaConv,solar
SE,h6123,0.0,scr2099,avaConv,solar
SE,h6124,0.0,scr2099,avaConv,solar
SE,h6125,0.0,scr2099,avaConv,solar
SE,h6126,0.012267443282426896,scr2099,avaConv,solar
SE,h6127,0.048554256716143024,scr2099,avaConv,solar
SE,h6128,0.10605818288733214,scr2099,avaConv,solar
SE,h6129,0.1596893934313675,scr2099,avaConv,solar
SE,h6130,0.20435008341429042,scr2099,avaConv,solar
SE,h6131,0.23257209418275118,scr2099,avaConv,solar
SE,h6132,0.2559026827156171,scr2099,avaConv,solar
SE,h6133,0.26334634577652477,scr2099,avaConv,solar
SE,h6134,0.25436812427453537,scr2099,avaConv,solar
SE,h6135,0.2219583932753661,scr2099,avaConv,solar
SE,h6136,0.16295357641636965,scr2099,avaConv,solar
SE,h6137,0.09378187417526221,scr2099,avaConv,solar
SE,h6138,0.03678976551537513,scr2099,avaConv,solar
SE,h6139,0.007320052080050096,scr2099,avaConv,solar
SE,h6140,0.0,scr2099,avaConv,solar
SE,h6141,0.0,scr2099,avaConv,solar
SE,h6142,0.0,scr2099,avaConv,solar
SE,h6143,0.0,scr2099,avaConv,solar
SE,h6144,0.0,scr2099,avaConv,solar
SE,h6145,0.0,scr2099,avaConv,solar
SE,h6146,0.0,scr2099,avaConv,solar
SE,h6147,0.0,scr2099,avaConv,solar
SE,h6148,0.0,scr2099,avaConv,solar
SE,h6149,0.0,scr2099,avaConv,solar
SE,h6150,0.012438168377358743,scr2099,avaConv,solar
SE,h6151,0.050124524388714724,scr2099,avaConv,solar
SE,h6152,0.12110080186357451,scr2099,avaConv,solar
SE,h6153,0.20459916280578055,scr2099,avaConv,solar
SE,h6154,0.2780467690571754,scr2099,avaConv,solar
SE,h6155,0.32983236615443406,scr2099,avaConv,solar
SE,h6156,0.3539440068001589,scr2099,avaConv,solar
SE,h6157,0.35005047303817094,scr2099,avaConv,solar
SE,h6158,0.313762351576846,scr2099,avaConv,solar
SE,h6159,0.24928099592346803,scr2099,avaConv,solar
SE,h6160,0.1660614014994555,scr2099,avaConv,solar
SE,h6161,0.08392932922357778,scr2099,avaConv,solar
SE,h6162,0.028375744182612125,scr2099,avaConv,solar
SE,h6163,0.0043388606606659715,scr2099,avaConv,solar
SE,h6164,0.0,scr2099,avaConv,solar
SE,h6165,0.0,scr2099,avaConv,solar
SE,h6166,0.0,scr2099,avaConv,solar
SE,h6167,0.0,scr2099,avaConv,solar
SE,h6168,0.0,scr2099,avaConv,solar
SE,h6169,0.0,scr2099,avaConv,solar
SE,h6170,0.0,scr2099,avaConv,solar
SE,h6171,0.0,scr2099,avaConv,solar
SE,h6172,0.0,scr2099,avaConv,solar
SE,h6173,0.0,scr2099,avaConv,solar
SE,h6174,0.014577463961275202,scr2099,avaConv,solar
SE,h6175,0.06689178997488804,scr2099,avaConv,solar
SE,h6176,0.16742647627005458,scr2099,avaConv,solar
SE,h6177,0.29473687414417843,scr2099,avaConv,solar
SE,h6178,0.40758976405371483,scr2099,avaConv,solar
SE,h6179,0.4820509218702273,scr2099,avaConv,solar
SE,h6180,0.5144156820134286,scr2099,avaConv,solar
SE,h6181,0.5091249921294839,scr2099,avaConv,solar
SE,h6182,0.471250405012717,scr2099,avaConv,solar
SE,h6183,0.3960273930378613,scr2099,avaConv,solar
SE,h6184,0.2776575336460068,scr2099,avaConv,solar
SE,h6185,0.1481700690950603,scr2099,avaConv,solar
SE,h6186,0.049362609113433084,scr2099,avaConv,solar
SE,h6187,0.007727996620029619,scr2099,avaConv,solar
SE,h6188,0.0,scr2099,avaConv,solar
SE,h6189,0.0,scr2099,avaConv,solar
SE,h6190,0.0,scr2099,avaConv,solar
SE,h6191,0.0,scr2099,avaConv,solar
SE,h6192,0.0,scr2099,avaConv,solar
SE,h6193,0.0,scr2099,avaConv,solar
SE,h6194,0.0,scr2099,avaConv,solar
SE,h6195,0.0,scr2099,avaConv,solar
SE,h6196,0.0,scr2099,avaConv,solar
SE,h6197,0.0,scr2099,avaConv,solar
SE,h6198,0.00928037214101873,scr2099,avaConv,solar
SE,h6199,0.05035813993273751,scr2099,avaConv,solar
SE,h6200,0.1310741471977714,scr2099,avaConv,solar
SE,h6201,0.23623187092001968,scr2099,avaConv,solar
SE,h6202,0.32954825892406586,scr2099,avaConv,solar
SE,h6203,0.39382832591112443,scr2099,avaConv,solar
SE,h6204,0.4178506497117792,scr2099,avaConv,solar
SE,h6205,0.4073056823069933,scr2099,avaConv,solar
SE,h6206,0.36088948974462404,scr2099,avaConv,solar
SE,h6207,0.2885466685937079,scr2099,avaConv,solar
SE,h6208,0.18917538517098123,scr2099,avaConv,solar
SE,h6209,0.0937525196505871,scr2099,avaConv,solar
SE,h6210,0.02806201500428232,scr2099,avaConv,solar
SE,h6211,0.0033408790453196635,scr2099,avaConv,solar
SE,h6212,0.0,scr2099,avaConv,solar
SE,h6213,0.0,scr2099,avaConv,solar
SE,h6214,0.0,scr2099,avaConv,solar
SE,h6215,0.0,scr2099,avaConv,solar
SE,h6216,0.0,scr2099,avaConv,solar
SE,h6217,0.0,scr2099,avaConv,solar
SE,h6218,0.0,scr2099,avaConv,solar
SE,h6219,0.0,scr2099,avaConv,solar
SE,h6220,0.0,scr2099,avaConv,solar
SE,h6221,0.0,scr2099,avaConv,solar
SE,h6222,0.005474436599850538,scr2099,avaConv,solar
SE,h6223,0.029871426925386035,scr2099,avaConv,solar
SE,h6224,0.07701013544898168,scr2099,avaConv,solar
SE,h6225,0.14195029100416337,scr2099,avaConv,solar
SE,h6226,0.20453990256195667,scr2099,avaConv,solar
SE,h6227,0.2538974900061345,scr2099,avaConv,solar
SE,h6228,0.2854021764541504,scr2099,avaConv,solar
SE,h6229,0.2952525826787881,scr2099,avaConv,solar
SE,h6230,0.28299968635267286,scr2099,avaConv,solar
SE,h6231,0.24090004166759818,scr2099,avaConv,solar
SE,h6232,0.17159742982006732,scr2099,avaConv,solar
SE,h6233,0.09092672830653177,scr2099,avaConv,solar
SE,h6234,0.03126140345722885,scr2099,avaConv,solar
SE,h6235,0.003783195781994229,scr2099,avaConv,solar
SE,h6236,0.0,scr2099,avaConv,solar
SE,h6237,0.0,scr2099,avaConv,solar
SE,h6238,0.0,scr2099,avaConv,solar
SE,h6239,0.0,scr2099,avaConv,solar
SE,h6240,0.0,scr2099,avaConv,solar
SE,h6241,0.0,scr2099,avaConv,solar
SE,h6242,0.0,scr2099,avaConv,solar
SE,h6243,0.0,scr2099,avaConv,solar
SE,h6244,0.0,scr2099,avaConv,solar
SE,h6245,0.0,scr2099,avaConv,solar
SE,h6246,0.003943957398606809,scr2099,avaConv,solar
SE,h6247,0.022469595076015876,scr2099,avaConv,solar
SE,h6248,0.05659379182944096,scr2099,avaConv,solar
SE,h6249,0.10124506313272272,scr2099,avaConv,solar
SE,h6250,0.1454622559168589,scr2099,avaConv,solar
SE,h6251,0.18249499863023183,scr2099,avaConv,solar
SE,h6252,0.20591276182654591,scr2099,avaConv,solar
SE,h6253,0.21344195192332643,scr2099,avaConv,solar
SE,h6254,0.20259417831156856,scr2099,avaConv,solar
SE,h6255,0.1742029016362747,scr2099,avaConv,solar
SE,h6256,0.12652729328420156,scr2099,avaConv,solar
SE,h6257,0.06880134369719773,scr2099,avaConv,solar
SE,h6258,0.02528043334673645,scr2099,avaConv,solar
SE,h6259,0.002790049164689492,scr2099,avaConv,solar
SE,h6260,0.0,scr2099,avaConv,solar
SE,h6261,0.0,scr2099,avaConv,solar
SE,h6262,0.0,scr2099,avaConv,solar
SE,h6263,0.0,scr2099,avaConv,solar
SE,h6264,0.0,scr2099,avaConv,solar
SE,h6265,0.0,scr2099,avaConv,solar
SE,h6266,0.0,scr2099,avaConv,solar
SE,h6267,0.0,scr2099,avaConv,solar
SE,h6268,0.0,scr2099,avaConv,solar
SE,h6269,0.0,scr2099,avaConv,solar
SE,h6270,0.004325650691816389,scr2099,avaConv,solar
SE,h6271,0.027613041874021495,scr2099,avaConv,solar
SE,h6272,0.07738272270317151,scr2099,avaConv,solar
SE,h6273,0.14808488461186528,scr2099,avaConv,solar
SE,h6274,0.21896400740098487,scr2099,avaConv,solar
SE,h6275,0.2719320356577272,scr2099,avaConv,solar
SE,h6276,0.3024277058459148,scr2099,avaConv,solar
SE,h6277,0.3062552482635076,scr2099,avaConv,solar
SE,h6278,0.2881786386606437,scr2099,avaConv,solar
SE,h6279,0.2495472140583673,scr2099,avaConv,solar
SE,h6280,0.18344368373517148,scr2099,avaConv,solar
SE,h6281,0.10217103882240051,scr2099,avaConv,solar
SE,h6282,0.035572665339204154,scr2099,avaConv,solar
SE,h6283,0.003886431640020189,scr2099,avaConv,solar
SE,h6284,0.0,scr2099,avaConv,solar
SE,h6285,0.0,scr2099,avaConv,solar
SE,h6286,0.0,scr2099,avaConv,solar
SE,h6287,0.0,scr2099,avaConv,solar
SE,h6288,0.0,scr2099,avaConv,solar
SE,h6289,0.0,scr2099,avaConv,solar
SE,h6290,0.0,scr2099,avaConv,solar
SE,h6291,0.0,scr2099,avaConv,solar
SE,h6292,0.0,scr2099,avaConv,solar
SE,h6293,0.0,scr2099,avaConv,solar
SE,h6294,0.003652985081025342,scr2099,avaConv,solar
SE,h6295,0.025708195759752982,scr2099,avaConv,solar
SE,h6296,0.07204280411631621,scr2099,avaConv,solar
SE,h6297,0.1373205672662216,scr2099,avaConv,solar
SE,h6298,0.20294995358219847,scr2099,avaConv,solar
SE,h6299,0.25553340619236437,scr2099,avaConv,solar
SE,h6300,0.29520272558390076,scr2099,avaConv,solar
SE,h6301,0.3169553221159764,scr2099,avaConv,solar
SE,h6302,0.31679694666924146,scr2099,avaConv,solar
SE,h6303,0.2877963206858522,scr2099,avaConv,solar
SE,h6304,0.21756562911449853,scr2099,avaConv,solar
SE,h6305,0.12289008613081044,scr2099,avaConv,solar
SE,h6306,0.043610377624192204,scr2099,avaConv,solar
SE,h6307,0.004699665867286251,scr2099,avaConv,solar
SE,h6308,0.0,scr2099,avaConv,solar
SE,h6309,0.0,scr2099,avaConv,solar
SE,h6310,0.0,scr2099,avaConv,solar
SE,h6311,0.0,scr2099,avaConv,solar
SE,h6312,0.0,scr2099,avaConv,solar
SE,h6313,0.0,scr2099,avaConv,solar
SE,h6314,0.0,scr2099,avaConv,solar
SE,h6315,0.0,scr2099,avaConv,solar
SE,h6316,0.0,scr2099,avaConv,solar
SE,h6317,0.0,scr2099,avaConv,solar
SE,h6318,0.004002888120626631,scr2099,avaConv,solar
SE,h6319,0.025955406030432615,scr2099,avaConv,solar
SE,h6320,0.07092387817789969,scr2099,avaConv,solar
SE,h6321,0.13186949053348526,scr2099,avaConv,solar
SE,h6322,0.18542601526173763,scr2099,avaConv,solar
SE,h6323,0.22053422824684188,scr2099,avaConv,solar
SE,h6324,0.23662253676961206,scr2099,avaConv,solar
SE,h6325,0.24005776599549716,scr2099,avaConv,solar
SE,h6326,0.22752838929960825,scr2099,avaConv,solar
SE,h6327,0.20042457985463916,scr2099,avaConv,solar
SE,h6328,0.14374490817729793,scr2099,avaConv,solar
SE,h6329,0.07692522564721466,scr2099,avaConv,solar
SE,h6330,0.023424866409299496,scr2099,avaConv,solar
SE,h6331,0.0012762112868695357,scr2099,avaConv,solar
SE,h6332,0.0,scr2099,avaConv,solar
SE,h6333,0.0,scr2099,avaConv,solar
SE,h6334,0.0,scr2099,avaConv,solar
SE,h6335,0.0,scr2099,avaConv,solar
SE,h6336,0.0,scr2099,avaConv,solar
SE,h6337,0.0,scr2099,avaConv,solar
SE,h6338,0.0,scr2099,avaConv,solar
SE,h6339,0.0,scr2099,avaConv,solar
SE,h6340,0.0,scr2099,avaConv,solar
SE,h6341,0.0,scr2099,avaConv,solar
SE,h6342,0.001401858564916111,scr2099,avaConv,solar
SE,h6343,0.016884592108426924,scr2099,avaConv,solar
SE,h6344,0.05504298042880007,scr2099,avaConv,solar
SE,h6345,0.11869984464696955,scr2099,avaConv,solar
SE,h6346,0.19149329593906234,scr2099,avaConv,solar
SE,h6347,0.2605512501809088,scr2099,avaConv,solar
SE,h6348,0.3131184882753007,scr2099,avaConv,solar
SE,h6349,0.34470119485900785,scr2099,avaConv,solar
SE,h6350,0.35190827495224614,scr2099,avaConv,solar
SE,h6351,0.32715043167616675,scr2099,avaConv,solar
SE,h6352,0.25463102877464877,scr2099,avaConv,solar
SE,h6353,0.14368326559613318,scr2099,avaConv,solar
SE,h6354,0.05118022106323138,scr2099,avaConv,solar
SE,h6355,0.004418422154671657,scr2099,avaConv,solar
SE,h6356,0.0,scr2099,avaConv,solar
SE,h6357,0.0,scr2099,avaConv,solar
SE,h6358,0.0,scr2099,avaConv,solar
SE,h6359,0.0,scr2099,avaConv,solar
SE,h6360,0.0,scr2099,avaConv,solar
SE,h6361,0.0,scr2099,avaConv,solar
SE,h6362,0.0,scr2099,avaConv,solar
SE,h6363,0.0,scr2099,avaConv,solar
SE,h6364,0.0,scr2099,avaConv,solar
SE,h6365,0.0,scr2099,avaConv,solar
SE,h6366,0.006640814800794478,scr2099,avaConv,solar
SE,h6367,0.046795514454975866,scr2099,avaConv,solar
SE,h6368,0.1342023827925202,scr2099,avaConv,solar
SE,h6369,0.2575408280540771,scr2099,avaConv,solar
SE,h6370,0.3650661795781176,scr2099,avaConv,solar
SE,h6371,0.43608894004582377,scr2099,avaConv,solar
SE,h6372,0.4527301499947157,scr2099,avaConv,solar
SE,h6373,0.4332878788208271,scr2099,avaConv,solar
SE,h6374,0.378475096949237,scr2099,avaConv,solar
SE,h6375,0.3037822983085675,scr2099,avaConv,solar
SE,h6376,0.19864452716360623,scr2099,avaConv,solar
SE,h6377,0.0957323070411129,scr2099,avaConv,solar
SE,h6378,0.024665273271555183,scr2099,avaConv,solar
SE,h6379,0.0013167444758242547,scr2099,avaConv,solar
SE,h6380,0.0,scr2099,avaConv,solar
SE,h6381,0.0,scr2099,avaConv,solar
SE,h6382,0.0,scr2099,avaConv,solar
SE,h6383,0.0,scr2099,avaConv,solar
SE,h6384,0.0,scr2099,avaConv,solar
SE,h6385,0.0,scr2099,avaConv,solar
SE,h6386,0.0,scr2099,avaConv,solar
SE,h6387,0.0,scr2099,avaConv,solar
SE,h6388,0.0,scr2099,avaConv,solar
SE,h6389,0.0,scr2099,avaConv,solar
SE,h6390,0.0014424452240280783,scr2099,avaConv,solar
SE,h6391,0.02118916575886628,scr2099,avaConv,solar
SE,h6392,0.07176637954531417,scr2099,avaConv,solar
SE,h6393,0.15421401282121466,scr2099,avaConv,solar
SE,h6394,0.24635706862276363,scr2099,avaConv,solar
SE,h6395,0.32291045002326807,scr2099,avaConv,solar
SE,h6396,0.36533568096989466,scr2099,avaConv,solar
SE,h6397,0.36614518015232467,scr2099,avaConv,solar
SE,h6398,0.332661394854755,scr2099,avaConv,solar
SE,h6399,0.2769555010028578,scr2099,avaConv,solar
SE,h6400,0.18766821253026972,scr2099,avaConv,solar
SE,h6401,0.09398421236366306,scr2099,avaConv,solar
SE,h6402,0.024309544534113183,scr2099,avaConv,solar
SE,h6403,0.0008234719171803639,scr2099,avaConv,solar
SE,h6404,0.0,scr2099,avaConv,solar
SE,h6405,0.0,scr2099,avaConv,solar
SE,h6406,0.0,scr2099,avaConv,solar
SE,h6407,0.0,scr2099,avaConv,solar
SE,h6408,0.0,scr2099,avaConv,solar
SE,h6409,0.0,scr2099,avaConv,solar
SE,h6410,0.0,scr2099,avaConv,solar
SE,h6411,0.0,scr2099,avaConv,solar
SE,h6412,0.0,scr2099,avaConv,solar
SE,h6413,0.0,scr2099,avaConv,solar
SE,h6414,0.0027680153153717226,scr2099,avaConv,solar
SE,h6415,0.023210890598574674,scr2099,avaConv,solar
SE,h6416,0.07393670768283254,scr2099,avaConv,solar
SE,h6417,0.16114406151881275,scr2099,avaConv,solar
SE,h6418,0.2519859777415546,scr2099,avaConv,solar
SE,h6419,0.3298748497175697,scr2099,avaConv,solar
SE,h6420,0.36873332806708625,scr2099,avaConv,solar
SE,h6421,0.3769945305364627,scr2099,avaConv,solar
SE,h6422,0.34956161310529704,scr2099,avaConv,solar
SE,h6423,0.29906885412329093,scr2099,avaConv,solar
SE,h6424,0.20556665346616262,scr2099,avaConv,solar
SE,h6425,0.10467298691584717,scr2099,avaConv,solar
SE,h6426,0.027077266923753167,scr2099,avaConv,solar
SE,h6427,0.0011128247604137195,scr2099,avaConv,solar
SE,h6428,0.0,scr2099,avaConv,solar
SE,h6429,0.0,scr2099,avaConv,solar
SE,h6430,0.0,scr2099,avaConv,solar
SE,h6431,0.0,scr2099,avaConv,solar
SE,h6432,0.0,scr2099,avaConv,solar
SE,h6433,0.0,scr2099,avaConv,solar
SE,h6434,0.0,scr2099,avaConv,solar
SE,h6435,0.0,scr2099,avaConv,solar
SE,h6436,0.0,scr2099,avaConv,solar
SE,h6437,0.0,scr2099,avaConv,solar
SE,h6438,0.0028082429153973225,scr2099,avaConv,solar
SE,h6439,0.024977263002890222,scr2099,avaConv,solar
SE,h6440,0.07501168878250983,scr2099,avaConv,solar
SE,h6441,0.15151676283940962,scr2099,avaConv,solar
SE,h6442,0.22435152524687713,scr2099,avaConv,solar
SE,h6443,0.2741699222173309,scr2099,avaConv,solar
SE,h6444,0.2940599286558719,scr2099,avaConv,solar
SE,h6445,0.2922395906805765,scr2099,avaConv,solar
SE,h6446,0.27651997373516396,scr2099,avaConv,solar
SE,h6447,0.24481614053071388,scr2099,avaConv,solar
SE,h6448,0.17361985222640097,scr2099,avaConv,solar
SE,h6449,0.08975720603613546,scr2099,avaConv,solar
SE,h6450,0.023069663945838027,scr2099,avaConv,solar
SE,h6451,0.000979994581948858,scr2099,avaConv,solar
SE,h6452,0.0,scr2099,avaConv,solar
SE,h6453,0.0,scr2099,avaConv,solar
SE,h6454,0.0,scr2099,avaConv,solar
SE,h6455,0.0,scr2099,avaConv,solar
SE,h6456,0.0,scr2099,avaConv,solar
SE,h6457,0.0,scr2099,avaConv,solar
SE,h6458,0.0,scr2099,avaConv,solar
SE,h6459,0.0,scr2099,avaConv,solar
SE,h6460,0.0,scr2099,avaConv,solar
SE,h6461,0.0,scr2099,avaConv,solar
SE,h6462,0.0014694371118203838,scr2099,avaConv,solar
SE,h6463,0.016297717377634642,scr2099,avaConv,solar
SE,h6464,0.04966822404716854,scr2099,avaConv,solar
SE,h6465,0.10008652392026052,scr2099,avaConv,solar
SE,h6466,0.15166553569444202,scr2099,avaConv,solar
SE,h6467,0.1968428761533984,scr2099,avaConv,solar
SE,h6468,0.23472648741099505,scr2099,avaConv,solar
SE,h6469,0.26080389734771253,scr2099,avaConv,solar
SE,h6470,0.27289999250386804,scr2099,avaConv,solar
SE,h6471,0.26800212413040087,scr2099,avaConv,solar
SE,h6472,0.204400708252037,scr2099,avaConv,solar
SE,h6473,0.11427619375109574,scr2099,avaConv,solar
SE,h6474,0.03036112494226786,scr2099,avaConv,solar
SE,h6475,0.0015323709161781747,scr2099,avaConv,solar
SE,h6476,0.0,scr2099,avaConv,solar
SE,h6477,0.0,scr2099,avaConv,solar
SE,h6478,0.0,scr2099,avaConv,solar
SE,h6479,0.0,scr2099,avaConv,solar
SE,h6480,0.0,scr2099,avaConv,solar
SE,h6481,0.0,scr2099,avaConv,solar
SE,h6482,0.0,scr2099,avaConv,solar
SE,h6483,0.0,scr2099,avaConv,solar
SE,h6484,0.0,scr2099,avaConv,solar
SE,h6485,0.0,scr2099,avaConv,solar
SE,h6486,0.002983208371030167,scr2099,avaConv,solar
SE,h6487,0.03767105671093541,scr2099,avaConv,solar
SE,h6488,0.12295364815347555,scr2099,avaConv,solar
SE,h6489,0.2548401792660649,scr2099,avaConv,solar
SE,h6490,0.38805681407874465,scr2099,avaConv,solar
SE,h6491,0.4929237867238342,scr2099,avaConv,solar
SE,h6492,0.5551426332757463,scr2099,avaConv,solar
SE,h6493,0.5745826876926139,scr2099,avaConv,solar
SE,h6494,0.5451915080998083,scr2099,avaConv,solar
SE,h6495,0.46583525553033955,scr2099,avaConv,solar
SE,h6496,0.3013379868062761,scr2099,avaConv,solar
SE,h6497,0.14016228811817366,scr2099,avaConv,solar
SE,h6498,0.02462535287575167,scr2099,avaConv,solar
SE,h6499,0.0007094226968342827,scr2099,avaConv,solar
SE,h6500,0.0,scr2099,avaConv,solar
SE,h6501,0.0,scr2099,avaConv,solar
SE,h6502,0.0,scr2099,avaConv,solar
SE,h6503,0.0,scr2099,avaConv,solar
SE,h6504,0.0,scr2099,avaConv,solar
SE,h6505,0.0,scr2099,avaConv,solar
SE,h6506,0.0,scr2099,avaConv,solar
SE,h6507,0.0,scr2099,avaConv,solar
SE,h6508,0.0,scr2099,avaConv,solar
SE,h6509,0.0,scr2099,avaConv,solar
SE,h6510,0.0012892934031997253,scr2099,avaConv,solar
SE,h6511,0.018182521019897254,scr2099,avaConv,solar
SE,h6512,0.05973340801789079,scr2099,avaConv,solar
SE,h6513,0.12772724264251778,scr2099,avaConv,solar
SE,h6514,0.19787040822092974,scr2099,avaConv,solar
SE,h6515,0.2556002513785344,scr2099,avaConv,solar
SE,h6516,0.28679765853339245,scr2099,avaConv,solar
SE,h6517,0.29054041111055656,scr2099,avaConv,solar
SE,h6518,0.2706228411195286,scr2099,avaConv,solar
SE,h6519,0.23066423020951998,scr2099,avaConv,solar
SE,h6520,0.14831957501126786,scr2099,avaConv,solar
SE,h6521,0.0684714539481307,scr2099,avaConv,solar
SE,h6522,0.009272991016567513,scr2099,avaConv,solar
SE,h6523,0.0,scr2099,avaConv,solar
SE,h6524,0.0,scr2099,avaConv,solar
SE,h6525,0.0,scr2099,avaConv,solar
SE,h6526,0.0,scr2099,avaConv,solar
SE,h6527,0.0,scr2099,avaConv,solar
SE,h6528,0.0,scr2099,avaConv,solar
SE,h6529,0.0,scr2099,avaConv,solar
SE,h6530,0.0,scr2099,avaConv,solar
SE,h6531,0.0,scr2099,avaConv,solar
SE,h6532,0.0,scr2099,avaConv,solar
SE,h6533,0.0,scr2099,avaConv,solar
SE,h6534,0.0001228852201227102,scr2099,avaConv,solar
SE,h6535,0.013849534517281496,scr2099,avaConv,solar
SE,h6536,0.053314968554352804,scr2099,avaConv,solar
SE,h6537,0.11961758195991641,scr2099,avaConv,solar
SE,h6538,0.2072200442826301,scr2099,avaConv,solar
SE,h6539,0.2974728004214791,scr2099,avaConv,solar
SE,h6540,0.3708010010079572,scr2099,avaConv,solar
SE,h6541,0.41287335167483763,scr2099,avaConv,solar
SE,h6542,0.42067407099918286,scr2099,avaConv,solar
SE,h6543,0.394298901229626,scr2099,avaConv,solar
SE,h6544,0.2688178140009389,scr2099,avaConv,solar
SE,h6545,0.13070307305769194,scr2099,avaConv,solar
SE,h6546,0.01973812223976738,scr2099,avaConv,solar
SE,h6547,0.0006104013965762351,scr2099,avaConv,solar
SE,h6548,0.0,scr2099,avaConv,solar
SE,h6549,0.0,scr2099,avaConv,solar
SE,h6550,0.0,scr2099,avaConv,solar
SE,h6551,0.0,scr2099,avaConv,solar
SE,h6552,0.0,scr2099,avaConv,solar
SI,h5809,0.0,scr2099,avaConv,solar
SI,h5810,0.0,scr2099,avaConv,solar
SI,h5811,0.0,scr2099,avaConv,solar
SI,h5812,0.0,scr2099,avaConv,solar
SI,h5813,0.0,scr2099,avaConv,solar
SI,h5814,0.02127954539131599,scr2099,avaConv,solar
SI,h5815,0.08623740118150287,scr2099,avaConv,solar
SI,h5816,0.21253122543186073,scr2099,avaConv,solar
SI,h5817,0.36135722307380846,scr2099,avaConv,solar
SI,h5818,0.5029752901859874,scr2099,avaConv,solar
SI,h5819,0.6069527453048638,scr2099,avaConv,solar
SI,h5820,0.66526642131541,scr2099,avaConv,solar
SI,h5821,0.6720369354381598,scr2099,avaConv,solar
SI,h5822,0.6246689910730084,scr2099,avaConv,solar
SI,h5823,0.5223476062818511,scr2099,avaConv,solar
SI,h5824,0.35895307282277966,scr2099,avaConv,solar
SI,h5825,0.17931852319263078,scr2099,avaConv,solar
SI,h5826,0.05388481048993626,scr2099,avaConv,solar
SI,h5827,0.004942467572170719,scr2099,avaConv,solar
SI,h5828,0.0,scr2099,avaConv,solar
SI,h5829,0.0,scr2099,avaConv,solar
SI,h5830,0.0,scr2099,avaConv,solar
SI,h5831,0.0,scr2099,avaConv,solar
SI,h5832,0.0,scr2099,avaConv,solar
SI,h5833,0.0,scr2099,avaConv,solar
SI,h5834,0.0,scr2099,avaConv,solar
SI,h5835,0.0,scr2099,avaConv,solar
SI,h5836,0.0,scr2099,avaConv,solar
SI,h5837,0.0,scr2099,avaConv,solar
SI,h5838,0.022041708768581213,scr2099,avaConv,solar
SI,h5839,0.09132739977611701,scr2099,avaConv,solar
SI,h5840,0.2168921628279655,scr2099,avaConv,solar
SI,h5841,0.3618968318335447,scr2099,avaConv,solar
SI,h5842,0.49607840392263675,scr2099,avaConv,solar
SI,h5843,0.6000022298424089,scr2099,avaConv,solar
SI,h5844,0.6606227881475509,scr2099,avaConv,solar
SI,h5845,0.6698707407474787,scr2099,avaConv,solar
SI,h5846,0.6251358292364331,scr2099,avaConv,solar
SI,h5847,0.5261824369886897,scr2099,avaConv,solar
SI,h5848,0.36878035178170704,scr2099,avaConv,solar
SI,h5849,0.19867221149207248,scr2099,avaConv,solar
SI,h5850,0.06848012824190772,scr2099,avaConv,solar
SI,h5851,0.012333562752751263,scr2099,avaConv,solar
SI,h5852,0.0,scr2099,avaConv,solar
SI,h5853,0.0,scr2099,avaConv,solar
SI,h5854,0.0,scr2099,avaConv,solar
SI,h5855,0.0,scr2099,avaConv,solar
SI,h5856,0.0,scr2099,avaConv,solar
SI,h5857,0.0,scr2099,avaConv,solar
SI,h5858,0.0,scr2099,avaConv,solar
SI,h5859,0.0,scr2099,avaConv,solar
SI,h5860,0.0,scr2099,avaConv,solar
SI,h5861,0.0,scr2099,avaConv,solar
SI,h5862,0.007016803724532108,scr2099,avaConv,solar
SI,h5863,0.02957534935150912,scr2099,avaConv,solar
SI,h5864,0.04898168578769245,scr2099,avaConv,solar
SI,h5865,0.06174324177683711,scr2099,avaConv,solar
SI,h5866,0.08215820737930424,scr2099,avaConv,solar
SI,h5867,0.20309958316094165,scr2099,avaConv,solar
SI,h5868,0.3305251836786475,scr2099,avaConv,solar
SI,h5869,0.40787224059431626,scr2099,avaConv,solar
SI,h5870,0.3957600445660185,scr2099,avaConv,solar
SI,h5871,0.35219297645334185,scr2099,avaConv,solar
SI,h5872,0.27814223656288123,scr2099,avaConv,solar
SI,h5873,0.16051200630450138,scr2099,avaConv,solar
SI,h5874,0.05906008619669654,scr2099,avaConv,solar
SI,h5875,0.014535228216932646,scr2099,avaConv,solar
SI,h5876,0.0,scr2099,avaConv,solar
SI,h5877,0.0,scr2099,avaConv,solar
SI,h5878,0.0,scr2099,avaConv,solar
SI,h5879,0.0,scr2099,avaConv,solar
SI,h5880,0.0,scr2099,avaConv,solar
SI,h5881,0.0,scr2099,avaConv,solar
SI,h5882,0.0,scr2099,avaConv,solar
SI,h5883,0.0,scr2099,avaConv,solar
SI,h5884,0.0,scr2099,avaConv,solar
SI,h5885,0.0,scr2099,avaConv,solar
SI,h5886,0.024702105152169026,scr2099,avaConv,solar
SI,h5887,0.10235162061465292,scr2099,avaConv,solar
SI,h5888,0.24115032832782388,scr2099,avaConv,solar
SI,h5889,0.4011277316036788,scr2099,avaConv,solar
SI,h5890,0.545273610509829,scr2099,avaConv,solar
SI,h5891,0.6531259063917807,scr2099,avaConv,solar
SI,h5892,0.714787876893488,scr2099,avaConv,solar
SI,h5893,0.7110251229808912,scr2099,avaConv,solar
SI,h5894,0.6587394146017158,scr2099,avaConv,solar
SI,h5895,0.5438209373776303,scr2099,avaConv,solar
SI,h5896,0.3810082670074581,scr2099,avaConv,solar
SI,h5897,0.20685933049464578,scr2099,avaConv,solar
SI,h5898,0.07317069694619129,scr2099,avaConv,solar
SI,h5899,0.015691937584025,scr2099,avaConv,solar
SI,h5900,0.0,scr2099,avaConv,solar
SI,h5901,0.0,scr2099,avaConv,solar
SI,h5902,0.0,scr2099,avaConv,solar
SI,h5903,0.0,scr2099,avaConv,solar
SI,h5904,0.0,scr2099,avaConv,solar
SI,h5905,0.0,scr2099,avaConv,solar
SI,h5906,0.0,scr2099,avaConv,solar
SI,h5907,0.0,scr2099,avaConv,solar
SI,h5908,0.0,scr2099,avaConv,solar
SI,h5909,0.0,scr2099,avaConv,solar
SI,h5910,0.009222245189633967,scr2099,avaConv,solar
SI,h5911,0.0403373273473614,scr2099,avaConv,solar
SI,h5912,0.12379263661286906,scr2099,avaConv,solar
SI,h5913,0.27084832372555684,scr2099,avaConv,solar
SI,h5914,0.44883670287690236,scr2099,avaConv,solar
SI,h5915,0.5910529639549619,scr2099,avaConv,solar
SI,h5916,0.6579114716803777,scr2099,avaConv,solar
SI,h5917,0.6685981775830282,scr2099,avaConv,solar
SI,h5918,0.6114390627236682,scr2099,avaConv,solar
SI,h5919,0.5035823244557295,scr2099,avaConv,solar
SI,h5920,0.33653865373981484,scr2099,avaConv,solar
SI,h5921,0.1883118717628864,scr2099,avaConv,solar
SI,h5922,0.0691360165638216,scr2099,avaConv,solar
SI,h5923,0.01741197333068859,scr2099,avaConv,solar
SI,h5924,0.0,scr2099,avaConv,solar
SI,h5925,0.0,scr2099,avaConv,solar
SI,h5926,0.0,scr2099,avaConv,solar
SI,h5927,0.0,scr2099,avaConv,solar
SI,h5928,0.0,scr2099,avaConv,solar
SI,h5929,0.0,scr2099,avaConv,solar
SI,h5930,0.0,scr2099,avaConv,solar
SI,h5931,0.0,scr2099,avaConv,solar
SI,h5932,0.0,scr2099,avaConv,solar
SI,h5933,0.0,scr2099,avaConv,solar
SI,h5934,0.022062999904672833,scr2099,avaConv,solar
SI,h5935,0.09490709028874052,scr2099,avaConv,solar
SI,h5936,0.22824156275790983,scr2099,avaConv,solar
SI,h5937,0.3858959020890139,scr2099,avaConv,solar
SI,h5938,0.5317499652481235,scr2099,avaConv,solar
SI,h5939,0.6451132125021922,scr2099,avaConv,solar
SI,h5940,0.7106712391487099,scr2099,avaConv,solar
SI,h5941,0.7205333473909684,scr2099,avaConv,solar
SI,h5942,0.672186687848094,scr2099,avaConv,solar
SI,h5943,0.5657002748660815,scr2099,avaConv,solar
SI,h5944,0.3968567832068088,scr2099,avaConv,solar
SI,h5945,0.2262324614034815,scr2099,avaConv,solar
SI,h5946,0.08461879665491052,scr2099,avaConv,solar
SI,h5947,0.022022420299689732,scr2099,avaConv,solar
SI,h5948,0.0,scr2099,avaConv,solar
SI,h5949,0.0,scr2099,avaConv,solar
SI,h5950,0.0,scr2099,avaConv,solar
SI,h5951,0.0,scr2099,avaConv,solar
SI,h5952,0.0,scr2099,avaConv,solar
SI,h5953,0.0,scr2099,avaConv,solar
SI,h5954,0.0,scr2099,avaConv,solar
SI,h5955,0.0,scr2099,avaConv,solar
SI,h5956,0.0,scr2099,avaConv,solar
SI,h5957,0.0,scr2099,avaConv,solar
SI,h5958,0.019845581238561377,scr2099,avaConv,solar
SI,h5959,0.0881517525398626,scr2099,avaConv,solar
SI,h5960,0.21475385991183066,scr2099,avaConv,solar
SI,h5961,0.3668489281252887,scr2099,avaConv,solar
SI,h5962,0.508577894280894,scr2099,avaConv,solar
SI,h5963,0.6088708416823971,scr2099,avaConv,solar
SI,h5964,0.6311570679166584,scr2099,avaConv,solar
SI,h5965,0.5994166001423186,scr2099,avaConv,solar
SI,h5966,0.5308140200913529,scr2099,avaConv,solar
SI,h5967,0.4492965588201806,scr2099,avaConv,solar
SI,h5968,0.3210050187645919,scr2099,avaConv,solar
SI,h5969,0.18842775533887077,scr2099,avaConv,solar
SI,h5970,0.07299874692229102,scr2099,avaConv,solar
SI,h5971,0.019965180302934968,scr2099,avaConv,solar
SI,h5972,0.0,scr2099,avaConv,solar
SI,h5973,0.0,scr2099,avaConv,solar
SI,h5974,0.0,scr2099,avaConv,solar
SI,h5975,0.0,scr2099,avaConv,solar
SI,h5976,0.0,scr2099,avaConv,solar
SI,h5977,0.0,scr2099,avaConv,solar
SI,h5978,0.0,scr2099,avaConv,solar
SI,h5979,0.0,scr2099,avaConv,solar
SI,h5980,0.0,scr2099,avaConv,solar
SI,h5981,0.0,scr2099,avaConv,solar
SI,h5982,0.01851115337210926,scr2099,avaConv,solar
SI,h5983,0.08457619076469933,scr2099,avaConv,solar
SI,h5984,0.20808982721914995,scr2099,avaConv,solar
SI,h5985,0.3577984108150843,scr2099,avaConv,solar
SI,h5986,0.49697683652483693,scr2099,avaConv,solar
SI,h5987,0.6053828835784367,scr2099,avaConv,solar
SI,h5988,0.6694919625860025,scr2099,avaConv,solar
SI,h5989,0.6808018975131103,scr2099,avaConv,solar
SI,h5990,0.6330081938406064,scr2099,avaConv,solar
SI,h5991,0.5281458650886686,scr2099,avaConv,solar
SI,h5992,0.3641911366280566,scr2099,avaConv,solar
SI,h5993,0.20043701482413126,scr2099,avaConv,solar
SI,h5994,0.07166167971741773,scr2099,avaConv,solar
SI,h5995,0.01661585540848871,scr2099,avaConv,solar
SI,h5996,0.0,scr2099,avaConv,solar
SI,h5997,0.0,scr2099,avaConv,solar
SI,h5998,0.0,scr2099,avaConv,solar
SI,h5999,0.0,scr2099,avaConv,solar
SI,h6000,0.0,scr2099,avaConv,solar
SI,h6001,0.0,scr2099,avaConv,solar
SI,h6002,0.0,scr2099,avaConv,solar
SI,h6003,0.0,scr2099,avaConv,solar
SI,h6004,0.0,scr2099,avaConv,solar
SI,h6005,0.0,scr2099,avaConv,solar
SI,h6006,0.01115125802496897,scr2099,avaConv,solar
SI,h6007,0.062090554343443995,scr2099,avaConv,solar
SI,h6008,0.15483351962222594,scr2099,avaConv,solar
SI,h6009,0.25429278384959203,scr2099,avaConv,solar
SI,h6010,0.3414172717433838,scr2099,avaConv,solar
SI,h6011,0.37332224308717404,scr2099,avaConv,solar
SI,h6012,0.40819634533894195,scr2099,avaConv,solar
SI,h6013,0.37892137263869513,scr2099,avaConv,solar
SI,h6014,0.38465252900941016,scr2099,avaConv,solar
SI,h6015,0.34067203788968714,scr2099,avaConv,solar
SI,h6016,0.268795713850359,scr2099,avaConv,solar
SI,h6017,0.1497518022470305,scr2099,avaConv,solar
SI,h6018,0.0505691219678299,scr2099,avaConv,solar
SI,h6019,0.010131505126740678,scr2099,avaConv,solar
SI,h6020,0.0,scr2099,avaConv,solar
SI,h6021,0.0,scr2099,avaConv,solar
SI,h6022,0.0,scr2099,avaConv,solar
SI,h6023,0.0,scr2099,avaConv,solar
SI,h6024,0.0,scr2099,avaConv,solar
SI,h6025,0.0,scr2099,avaConv,solar
SI,h6026,0.0,scr2099,avaConv,solar
SI,h6027,0.0,scr2099,avaConv,solar
SI,h6028,0.0,scr2099,avaConv,solar
SI,h6029,0.0,scr2099,avaConv,solar
SI,h6030,0.010286911174224964,scr2099,avaConv,solar
SI,h6031,0.053790784192289366,scr2099,avaConv,solar
SI,h6032,0.14683507577952676,scr2099,avaConv,solar
SI,h6033,0.27583880829820856,scr2099,avaConv,solar
SI,h6034,0.3915658336319348,scr2099,avaConv,solar
SI,h6035,0.46682208087144617,scr2099,avaConv,solar
SI,h6036,0.4702121870670593,scr2099,avaConv,solar
SI,h6037,0.44318892797739207,scr2099,avaConv,solar
SI,h6038,0.38612298676431206,scr2099,avaConv,solar
SI,h6039,0.33902556293208497,scr2099,avaConv,solar
SI,h6040,0.23985572063302335,scr2099,avaConv,solar
SI,h6041,0.13512347719079804,scr2099,avaConv,solar
SI,h6042,0.041259157508335566,scr2099,avaConv,solar
SI,h6043,0.007217840663506949,scr2099,avaConv,solar
SI,h6044,0.0,scr2099,avaConv,solar
SI,h6045,0.0,scr2099,avaConv,solar
SI,h6046,0.0,scr2099,avaConv,solar
SI,h6047,0.0,scr2099,avaConv,solar
SI,h6048,0.0,scr2099,avaConv,solar
SI,h6049,0.0,scr2099,avaConv,solar
SI,h6050,0.0,scr2099,avaConv,solar
SI,h6051,0.0,scr2099,avaConv,solar
SI,h6052,0.0,scr2099,avaConv,solar
SI,h6053,0.0,scr2099,avaConv,solar
SI,h6054,0.00988094116566346,scr2099,avaConv,solar
SI,h6055,0.058223885561398125,scr2099,avaConv,solar
SI,h6056,0.15657413793698788,scr2099,avaConv,solar
SI,h6057,0.3163667415930898,scr2099,avaConv,solar
SI,h6058,0.47944276948999404,scr2099,avaConv,solar
SI,h6059,0.621315272940414,scr2099,avaConv,solar
SI,h6060,0.6944565196211386,scr2099,avaConv,solar
SI,h6061,0.7105743308989727,scr2099,avaConv,solar
SI,h6062,0.6678448338201705,scr2099,avaConv,solar
SI,h6063,0.5653349453999432,scr2099,avaConv,solar
SI,h6064,0.3988979249816992,scr2099,avaConv,solar
SI,h6065,0.22202002024412157,scr2099,avaConv,solar
SI,h6066,0.08041617817515223,scr2099,avaConv,solar
SI,h6067,0.01768055817403962,scr2099,avaConv,solar
SI,h6068,0.0,scr2099,avaConv,solar
SI,h6069,0.0,scr2099,avaConv,solar
SI,h6070,0.0,scr2099,avaConv,solar
SI,h6071,0.0,scr2099,avaConv,solar
SI,h6072,0.0,scr2099,avaConv,solar
SI,h6073,0.0,scr2099,avaConv,solar
SI,h6074,0.0,scr2099,avaConv,solar
SI,h6075,0.0,scr2099,avaConv,solar
SI,h6076,0.0,scr2099,avaConv,solar
SI,h6077,0.0,scr2099,avaConv,solar
SI,h6078,0.01627891815389134,scr2099,avaConv,solar
SI,h6079,0.08123545741632265,scr2099,avaConv,solar
SI,h6080,0.20633155308013637,scr2099,avaConv,solar
SI,h6081,0.3643299743490612,scr2099,avaConv,solar
SI,h6082,0.5125370568746653,scr2099,avaConv,solar
SI,h6083,0.6286850016104981,scr2099,avaConv,solar
SI,h6084,0.6976661630426737,scr2099,avaConv,solar
SI,h6085,0.7105193263583389,scr2099,avaConv,solar
SI,h6086,0.6653481686924226,scr2099,avaConv,solar
SI,h6087,0.5618055994040124,scr2099,avaConv,solar
SI,h6088,0.3957755801583908,scr2099,avaConv,solar
SI,h6089,0.21862183452858486,scr2099,avaConv,solar
SI,h6090,0.07840760969030813,scr2099,avaConv,solar
SI,h6091,0.01649298805934342,scr2099,avaConv,solar
SI,h6092,0.0,scr2099,avaConv,solar
SI,h6093,0.0,scr2099,avaConv,solar
SI,h6094,0.0,scr2099,avaConv,solar
SI,h6095,0.0,scr2099,avaConv,solar
SI,h6096,0.0,scr2099,avaConv,solar
SI,h6097,0.0,scr2099,avaConv,solar
SI,h6098,0.0,scr2099,avaConv,solar
SI,h6099,0.0,scr2099,avaConv,solar
SI,h6100,0.0,scr2099,avaConv,solar
SI,h6101,0.0,scr2099,avaConv,solar
SI,h6102,0.0138851854971393,scr2099,avaConv,solar
SI,h6103,0.07375526597424689,scr2099,avaConv,solar
SI,h6104,0.19094044052269105,scr2099,avaConv,solar
SI,h6105,0.34213174964111637,scr2099,avaConv,solar
SI,h6106,0.48412115334433153,scr2099,avaConv,solar
SI,h6107,0.5962135278559366,scr2099,avaConv,solar
SI,h6108,0.6610308601501915,scr2099,avaConv,solar
SI,h6109,0.6640503849608814,scr2099,avaConv,solar
SI,h6110,0.6171991390344307,scr2099,avaConv,solar
SI,h6111,0.5166021273379281,scr2099,avaConv,solar
SI,h6112,0.36657296369228315,scr2099,avaConv,solar
SI,h6113,0.19742332202314394,scr2099,avaConv,solar
SI,h6114,0.06875425203242057,scr2099,avaConv,solar
SI,h6115,0.012364072746938789,scr2099,avaConv,solar
SI,h6116,0.0,scr2099,avaConv,solar
SI,h6117,0.0,scr2099,avaConv,solar
SI,h6118,0.0,scr2099,avaConv,solar
SI,h6119,0.0,scr2099,avaConv,solar
SI,h6120,0.0,scr2099,avaConv,solar
SI,h6121,0.0,scr2099,avaConv,solar
SI,h6122,0.0,scr2099,avaConv,solar
SI,h6123,0.0,scr2099,avaConv,solar
SI,h6124,0.0,scr2099,avaConv,solar
SI,h6125,0.0,scr2099,avaConv,solar
SI,h6126,0.01186901116206999,scr2099,avaConv,solar
SI,h6127,0.06696866625358534,scr2099,avaConv,solar
SI,h6128,0.1766470684857951,scr2099,avaConv,solar
SI,h6129,0.30730841493428224,scr2099,avaConv,solar
SI,h6130,0.4053243345099157,scr2099,avaConv,solar
SI,h6131,0.4873182575743867,scr2099,avaConv,solar
SI,h6132,0.5352354752477224,scr2099,avaConv,solar
SI,h6133,0.5438187504732211,scr2099,avaConv,solar
SI,h6134,0.49215571944018804,scr2099,avaConv,solar
SI,h6135,0.3967710088237182,scr2099,avaConv,solar
SI,h6136,0.27813895704055797,scr2099,avaConv,solar
SI,h6137,0.1455403626660957,scr2099,avaConv,solar
SI,h6138,0.0514365280983939,scr2099,avaConv,solar
SI,h6139,0.007948076877549663,scr2099,avaConv,solar
SI,h6140,0.0,scr2099,avaConv,solar
SI,h6141,0.0,scr2099,avaConv,solar
SI,h6142,0.0,scr2099,avaConv,solar
SI,h6143,0.0,scr2099,avaConv,solar
SI,h6144,0.0,scr2099,avaConv,solar
SI,h6145,0.0,scr2099,avaConv,solar
SI,h6146,0.0,scr2099,avaConv,solar
SI,h6147,0.0,scr2099,avaConv,solar
SI,h6148,0.0,scr2099,avaConv,solar
SI,h6149,0.0,scr2099,avaConv,solar
SI,h6150,0.007532184706871449,scr2099,avaConv,solar
SI,h6151,0.04290599750994657,scr2099,avaConv,solar
SI,h6152,0.11536625175886246,scr2099,avaConv,solar
SI,h6153,0.2224767999003044,scr2099,avaConv,solar
SI,h6154,0.3439531355391095,scr2099,avaConv,solar
SI,h6155,0.4386581520089575,scr2099,avaConv,solar
SI,h6156,0.4911538029970836,scr2099,avaConv,solar
SI,h6157,0.5208636359831107,scr2099,avaConv,solar
SI,h6158,0.5339110159304054,scr2099,avaConv,solar
SI,h6159,0.487434724356056,scr2099,avaConv,solar
SI,h6160,0.3534224234300206,scr2099,avaConv,solar
SI,h6161,0.18466062338301362,scr2099,avaConv,solar
SI,h6162,0.0641943268140398,scr2099,avaConv,solar
SI,h6163,0.010516295184163034,scr2099,avaConv,solar
SI,h6164,0.0,scr2099,avaConv,solar
SI,h6165,0.0,scr2099,avaConv,solar
SI,h6166,0.0,scr2099,avaConv,solar
SI,h6167,0.0,scr2099,avaConv,solar
SI,h6168,0.0,scr2099,avaConv,solar
SI,h6169,0.0,scr2099,avaConv,solar
SI,h6170,0.0,scr2099,avaConv,solar
SI,h6171,0.0,scr2099,avaConv,solar
SI,h6172,0.0,scr2099,avaConv,solar
SI,h6173,0.0,scr2099,avaConv,solar
SI,h6174,0.0037587240277598415,scr2099,avaConv,solar
SI,h6175,0.02122409704552082,scr2099,avaConv,solar
SI,h6176,0.06037324297183563,scr2099,avaConv,solar
SI,h6177,0.138382481791707,scr2099,avaConv,solar
SI,h6178,0.1925089235214563,scr2099,avaConv,solar
SI,h6179,0.23070679873161234,scr2099,avaConv,solar
SI,h6180,0.2485792334586151,scr2099,avaConv,solar
SI,h6181,0.24957457620929913,scr2099,avaConv,solar
SI,h6182,0.20815404616447045,scr2099,avaConv,solar
SI,h6183,0.13436962999549923,scr2099,avaConv,solar
SI,h6184,0.0716185497801154,scr2099,avaConv,solar
SI,h6185,0.036497875214176065,scr2099,avaConv,solar
SI,h6186,0.010178489441304969,scr2099,avaConv,solar
SI,h6187,0.0018491688489012503,scr2099,avaConv,solar
SI,h6188,0.0,scr2099,avaConv,solar
SI,h6189,0.0,scr2099,avaConv,solar
SI,h6190,0.0,scr2099,avaConv,solar
SI,h6191,0.0,scr2099,avaConv,solar
SI,h6192,0.0,scr2099,avaConv,solar
SI,h6193,0.0,scr2099,avaConv,solar
SI,h6194,0.0,scr2099,avaConv,solar
SI,h6195,0.0,scr2099,avaConv,solar
SI,h6196,0.0,scr2099,avaConv,solar
SI,h6197,0.0,scr2099,avaConv,solar
SI,h6198,0.008462330738942102,scr2099,avaConv,solar
SI,h6199,0.05521201175844016,scr2099,avaConv,solar
SI,h6200,0.17046685698016295,scr2099,avaConv,solar
SI,h6201,0.3398299639140831,scr2099,avaConv,solar
SI,h6202,0.5177044171713682,scr2099,avaConv,solar
SI,h6203,0.6551140131983351,scr2099,avaConv,solar
SI,h6204,0.7376311083244962,scr2099,avaConv,solar
SI,h6205,0.756125314654664,scr2099,avaConv,solar
SI,h6206,0.7100773140693766,scr2099,avaConv,solar
SI,h6207,0.6008458384864023,scr2099,avaConv,solar
SI,h6208,0.4272093402002999,scr2099,avaConv,solar
SI,h6209,0.2312848141710555,scr2099,avaConv,solar
SI,h6210,0.08135146040102174,scr2099,avaConv,solar
SI,h6211,0.013208955313139953,scr2099,avaConv,solar
SI,h6212,0.0,scr2099,avaConv,solar
SI,h6213,0.0,scr2099,avaConv,solar
SI,h6214,0.0,scr2099,avaConv,solar
SI,h6215,0.0,scr2099,avaConv,solar
SI,h6216,0.0,scr2099,avaConv,solar
SI,h6217,0.0,scr2099,avaConv,solar
SI,h6218,0.0,scr2099,avaConv,solar
SI,h6219,0.0,scr2099,avaConv,solar
SI,h6220,0.0,scr2099,avaConv,solar
SI,h6221,0.0,scr2099,avaConv,solar
SI,h6222,0.01135818356000404,scr2099,avaConv,solar
SI,h6223,0.0701845156073171,scr2099,avaConv,solar
SI,h6224,0.18960116839871552,scr2099,avaConv,solar
SI,h6225,0.350998993948647,scr2099,avaConv,solar
SI,h6226,0.5040839053735661,scr2099,avaConv,solar
SI,h6227,0.6261361968016474,scr2099,avaConv,solar
SI,h6228,0.7015856828600485,scr2099,avaConv,solar
SI,h6229,0.7201636735322721,scr2099,avaConv,solar
SI,h6230,0.678516342545098,scr2099,avaConv,solar
SI,h6231,0.576342036356222,scr2099,avaConv,solar
SI,h6232,0.4124976153105103,scr2099,avaConv,solar
SI,h6233,0.22330428507799233,scr2099,avaConv,solar
SI,h6234,0.07862105095492183,scr2099,avaConv,solar
SI,h6235,0.011910080153637141,scr2099,avaConv,solar
SI,h6236,0.0,scr2099,avaConv,solar
SI,h6237,0.0,scr2099,avaConv,solar
SI,h6238,0.0,scr2099,avaConv,solar
SI,h6239,0.0,scr2099,avaConv,solar
SI,h6240,0.0,scr2099,avaConv,solar
SI,h6241,0.0,scr2099,avaConv,solar
SI,h6242,0.0,scr2099,avaConv,solar
SI,h6243,0.0,scr2099,avaConv,solar
SI,h6244,0.0,scr2099,avaConv,solar
SI,h6245,0.0,scr2099,avaConv,solar
SI,h6246,0.0067229355206210725,scr2099,avaConv,solar
SI,h6247,0.046132364854645606,scr2099,avaConv,solar
SI,h6248,0.13196892928696327,scr2099,avaConv,solar
SI,h6249,0.22569453102239667,scr2099,avaConv,solar
SI,h6250,0.29055210212540034,scr2099,avaConv,solar
SI,h6251,0.31827779160098596,scr2099,avaConv,solar
SI,h6252,0.34187929661257854,scr2099,avaConv,solar
SI,h6253,0.35348989438595124,scr2099,avaConv,solar
SI,h6254,0.34678309950923314,scr2099,avaConv,solar
SI,h6255,0.30639085893504875,scr2099,avaConv,solar
SI,h6256,0.23824420243426306,scr2099,avaConv,solar
SI,h6257,0.13818158992756563,scr2099,avaConv,solar
SI,h6258,0.05533107420556595,scr2099,avaConv,solar
SI,h6259,0.008633923378871833,scr2099,avaConv,solar
SI,h6260,0.0,scr2099,avaConv,solar
SI,h6261,0.0,scr2099,avaConv,solar
SI,h6262,0.0,scr2099,avaConv,solar
SI,h6263,0.0,scr2099,avaConv,solar
SI,h6264,0.0,scr2099,avaConv,solar
SI,h6265,0.0,scr2099,avaConv,solar
SI,h6266,0.0,scr2099,avaConv,solar
SI,h6267,0.0,scr2099,avaConv,solar
SI,h6268,0.0,scr2099,avaConv,solar
SI,h6269,0.0,scr2099,avaConv,solar
SI,h6270,0.009724122630517897,scr2099,avaConv,solar
SI,h6271,0.06672416435507396,scr2099,avaConv,solar
SI,h6272,0.1848813746095918,scr2099,avaConv,solar
SI,h6273,0.3501062436243373,scr2099,avaConv,solar
SI,h6274,0.5083103559720149,scr2099,avaConv,solar
SI,h6275,0.6367975166059724,scr2099,avaConv,solar
SI,h6276,0.7163647009501279,scr2099,avaConv,solar
SI,h6277,0.7362286279797553,scr2099,avaConv,solar
SI,h6278,0.693046302269064,scr2099,avaConv,solar
SI,h6279,0.5882932923684773,scr2099,avaConv,solar
SI,h6280,0.4235903956700753,scr2099,avaConv,solar
SI,h6281,0.22785230130887965,scr2099,avaConv,solar
SI,h6282,0.0800114368843112,scr2099,avaConv,solar
SI,h6283,0.010436820713127773,scr2099,avaConv,solar
SI,h6284,0.0,scr2099,avaConv,solar
SI,h6285,0.0,scr2099,avaConv,solar
SI,h6286,0.0,scr2099,avaConv,solar
SI,h6287,0.0,scr2099,avaConv,solar
SI,h6288,0.0,scr2099,avaConv,solar
SI,h6289,0.0,scr2099,avaConv,solar
SI,h6290,0.0,scr2099,avaConv,solar
SI,h6291,0.0,scr2099,avaConv,solar
SI,h6292,0.0,scr2099,avaConv,solar
SI,h6293,0.0,scr2099,avaConv,solar
SI,h6294,0.008893042786969608,scr2099,avaConv,solar
SI,h6295,0.0640543623669727,scr2099,avaConv,solar
SI,h6296,0.1794370033598367,scr2099,avaConv,solar
SI,h6297,0.34138734519085,scr2099,avaConv,solar
SI,h6298,0.49540437831492845,scr2099,avaConv,solar
SI,h6299,0.6195971845942303,scr2099,avaConv,solar
SI,h6300,0.696720501049215,scr2099,avaConv,solar
SI,h6301,0.7169601960617792,scr2099,avaConv,solar
SI,h6302,0.6762651322552318,scr2099,avaConv,solar
SI,h6303,0.5753793003593494,scr2099,avaConv,solar
SI,h6304,0.4157434385843122,scr2099,avaConv,solar
SI,h6305,0.22248694569227928,scr2099,avaConv,solar
SI,h6306,0.0776679537176182,scr2099,avaConv,solar
SI,h6307,0.009116455140699038,scr2099,avaConv,solar
SI,h6308,0.0,scr2099,avaConv,solar
SI,h6309,0.0,scr2099,avaConv,solar
SI,h6310,0.0,scr2099,avaConv,solar
SI,h6311,0.0,scr2099,avaConv,solar
SI,h6312,0.0,scr2099,avaConv,solar
SI,h6313,0.0,scr2099,avaConv,solar
SI,h6314,0.0,scr2099,avaConv,solar
SI,h6315,0.0,scr2099,avaConv,solar
SI,h6316,0.0,scr2099,avaConv,solar
SI,h6317,0.0,scr2099,avaConv,solar
SI,h6318,0.007460236034910419,scr2099,avaConv,solar
SI,h6319,0.0586112849165502,scr2099,avaConv,solar
SI,h6320,0.16732901600525743,scr2099,avaConv,solar
SI,h6321,0.32299165642961447,scr2099,avaConv,solar
SI,h6322,0.4726569855214231,scr2099,avaConv,solar
SI,h6323,0.5957216684476967,scr2099,avaConv,solar
SI,h6324,0.6743845949977209,scr2099,avaConv,solar
SI,h6325,0.6976076965980338,scr2099,avaConv,solar
SI,h6326,0.6612968582975258,scr2099,avaConv,solar
SI,h6327,0.5654218463145921,scr2099,avaConv,solar
SI,h6328,0.41179815904468037,scr2099,avaConv,solar
SI,h6329,0.22021208318575286,scr2099,avaConv,solar
SI,h6330,0.07685162210446353,scr2099,avaConv,solar
SI,h6331,0.008187535729508736,scr2099,avaConv,solar
SI,h6332,0.0,scr2099,avaConv,solar
SI,h6333,0.0,scr2099,avaConv,solar
SI,h6334,0.0,scr2099,avaConv,solar
SI,h6335,0.0,scr2099,avaConv,solar
SI,h6336,0.0,scr2099,avaConv,solar
SI,h6337,0.0,scr2099,avaConv,solar
SI,h6338,0.0,scr2099,avaConv,solar
SI,h6339,0.0,scr2099,avaConv,solar
SI,h6340,0.0,scr2099,avaConv,solar
SI,h6341,0.0,scr2099,avaConv,solar
SI,h6342,0.006747713888667535,scr2099,avaConv,solar
SI,h6343,0.056489972985482056,scr2099,avaConv,solar
SI,h6344,0.16393263290766252,scr2099,avaConv,solar
SI,h6345,0.32012156232648425,scr2099,avaConv,solar
SI,h6346,0.4710024646973096,scr2099,avaConv,solar
SI,h6347,0.5952693670362531,scr2099,avaConv,solar
SI,h6348,0.6744875808719385,scr2099,avaConv,solar
SI,h6349,0.6977911414771354,scr2099,avaConv,solar
SI,h6350,0.6614915354504569,scr2099,avaConv,solar
SI,h6351,0.5657656293081804,scr2099,avaConv,solar
SI,h6352,0.4139979762042743,scr2099,avaConv,solar
SI,h6353,0.22108981733342342,scr2099,avaConv,solar
SI,h6354,0.07735577916620623,scr2099,avaConv,solar
SI,h6355,0.007517576599075559,scr2099,avaConv,solar
SI,h6356,0.0,scr2099,avaConv,solar
SI,h6357,0.0,scr2099,avaConv,solar
SI,h6358,0.0,scr2099,avaConv,solar
SI,h6359,0.0,scr2099,avaConv,solar
SI,h6360,0.0,scr2099,avaConv,solar
SI,h6361,0.0,scr2099,avaConv,solar
SI,h6362,0.0,scr2099,avaConv,solar
SI,h6363,0.0,scr2099,avaConv,solar
SI,h6364,0.0,scr2099,avaConv,solar
SI,h6365,0.0,scr2099,avaConv,solar
SI,h6366,0.005975448095107706,scr2099,avaConv,solar
SI,h6367,0.05390676844630247,scr2099,avaConv,solar
SI,h6368,0.1588864819388612,scr2099,avaConv,solar
SI,h6369,0.31267091710855227,scr2099,avaConv,solar
SI,h6370,0.4605526933974761,scr2099,avaConv,solar
SI,h6371,0.5815907397307151,scr2099,avaConv,solar
SI,h6372,0.6587418879454734,scr2099,avaConv,solar
SI,h6373,0.6819643005643712,scr2099,avaConv,solar
SI,h6374,0.647220616907034,scr2099,avaConv,solar
SI,h6375,0.5528980746206988,scr2099,avaConv,solar
SI,h6376,0.4033191988577638,scr2099,avaConv,solar
SI,h6377,0.21297723696540255,scr2099,avaConv,solar
SI,h6378,0.07349360756466429,scr2099,avaConv,solar
SI,h6379,0.006410644642146968,scr2099,avaConv,solar
SI,h6380,0.0,scr2099,avaConv,solar
SI,h6381,0.0,scr2099,avaConv,solar
SI,h6382,0.0,scr2099,avaConv,solar
SI,h6383,0.0,scr2099,avaConv,solar
SI,h6384,0.0,scr2099,avaConv,solar
SI,h6385,0.0,scr2099,avaConv,solar
SI,h6386,0.0,scr2099,avaConv,solar
SI,h6387,0.0,scr2099,avaConv,solar
SI,h6388,0.0,scr2099,avaConv,solar
SI,h6389,0.0,scr2099,avaConv,solar
SI,h6390,0.005048684773435328,scr2099,avaConv,solar
SI,h6391,0.05065253041336949,scr2099,avaConv,solar
SI,h6392,0.1516463887471359,scr2099,avaConv,solar
SI,h6393,0.3023850673556155,scr2099,avaConv,solar
SI,h6394,0.44823242720319195,scr2099,avaConv,solar
SI,h6395,0.5690716278184508,scr2099,avaConv,solar
SI,h6396,0.6472564173062134,scr2099,avaConv,solar
SI,h6397,0.6716999104824987,scr2099,avaConv,solar
SI,h6398,0.6305567788163327,scr2099,avaConv,solar
SI,h6399,0.5349925240458322,scr2099,avaConv,solar
SI,h6400,0.38116844022699536,scr2099,avaConv,solar
SI,h6401,0.19850048782920213,scr2099,avaConv,solar
SI,h6402,0.06446726869528169,scr2099,avaConv,solar
SI,h6403,0.004447244929868781,scr2099,avaConv,solar
SI,h6404,0.0,scr2099,avaConv,solar
SI,h6405,0.0,scr2099,avaConv,solar
SI,h6406,0.0,scr2099,avaConv,solar
SI,h6407,0.0,scr2099,avaConv,solar
SI,h6408,0.0,scr2099,avaConv,solar
SI,h6409,0.0,scr2099,avaConv,solar
SI,h6410,0.0,scr2099,avaConv,solar
SI,h6411,0.0,scr2099,avaConv,solar
SI,h6412,0.0,scr2099,avaConv,solar
SI,h6413,0.0,scr2099,avaConv,solar
SI,h6414,0.004393357971506657,scr2099,avaConv,solar
SI,h6415,0.048686996209668654,scr2099,avaConv,solar
SI,h6416,0.14901825286665077,scr2099,avaConv,solar
SI,h6417,0.3006798450268548,scr2099,avaConv,solar
SI,h6418,0.44776509233508177,scr2099,avaConv,solar
SI,h6419,0.5697942036057294,scr2099,avaConv,solar
SI,h6420,0.6490781210855451,scr2099,avaConv,solar
SI,h6421,0.6754190614403367,scr2099,avaConv,solar
SI,h6422,0.6421858272758731,scr2099,avaConv,solar
SI,h6423,0.5515460089663135,scr2099,avaConv,solar
SI,h6424,0.4070304326470991,scr2099,avaConv,solar
SI,h6425,0.21613050269829612,scr2099,avaConv,solar
SI,h6426,0.07496052905052739,scr2099,avaConv,solar
SI,h6427,0.005297971240744184,scr2099,avaConv,solar
SI,h6428,0.0,scr2099,avaConv,solar
SI,h6429,0.0,scr2099,avaConv,solar
SI,h6430,0.0,scr2099,avaConv,solar
SI,h6431,0.0,scr2099,avaConv,solar
SI,h6432,0.0,scr2099,avaConv,solar
SI,h6433,0.0,scr2099,avaConv,solar
SI,h6434,0.0,scr2099,avaConv,solar
SI,h6435,0.0,scr2099,avaConv,solar
SI,h6436,0.0,scr2099,avaConv,solar
SI,h6437,0.0,scr2099,avaConv,solar
SI,h6438,0.0039043409647263705,scr2099,avaConv,solar
SI,h6439,0.047400401728498985,scr2099,avaConv,solar
SI,h6440,0.14739520109003518,scr2099,avaConv,solar
SI,h6441,0.3005270831389226,scr2099,avaConv,solar
SI,h6442,0.45018166179031976,scr2099,avaConv,solar
SI,h6443,0.5748791951422293,scr2099,avaConv,solar
SI,h6444,0.6563145409363845,scr2099,avaConv,solar
SI,h6445,0.6845187056929724,scr2099,avaConv,solar
SI,h6446,0.6538802379440015,scr2099,avaConv,solar
SI,h6447,0.5642476364393467,scr2099,avaConv,solar
SI,h6448,0.4093681384423344,scr2099,avaConv,solar
SI,h6449,0.2129907161391117,scr2099,avaConv,solar
SI,h6450,0.06910517235699262,scr2099,avaConv,solar
SI,h6451,0.004774794873297214,scr2099,avaConv,solar
SI,h6452,0.0,scr2099,avaConv,solar
SI,h6453,0.0,scr2099,avaConv,solar
SI,h6454,0.0,scr2099,avaConv,solar
SI,h6455,0.0,scr2099,avaConv,solar
SI,h6456,0.0,scr2099,avaConv,solar
SI,h6457,0.0,scr2099,avaConv,solar
SI,h6458,0.0,scr2099,avaConv,solar
SI,h6459,0.0,scr2099,avaConv,solar
SI,h6460,0.0,scr2099,avaConv,solar
SI,h6461,0.0,scr2099,avaConv,solar
SI,h6462,0.002771699388670237,scr2099,avaConv,solar
SI,h6463,0.041309251570653065,scr2099,avaConv,solar
SI,h6464,0.1312153009178423,scr2099,avaConv,solar
SI,h6465,0.26922347397516444,scr2099,avaConv,solar
SI,h6466,0.4056459294373288,scr2099,avaConv,solar
SI,h6467,0.4819915051290765,scr2099,avaConv,solar
SI,h6468,0.5613505048782058,scr2099,avaConv,solar
SI,h6469,0.5438053962902324,scr2099,avaConv,solar
SI,h6470,0.5114891255939961,scr2099,avaConv,solar
SI,h6471,0.4320707838817494,scr2099,avaConv,solar
SI,h6472,0.33481393661900477,scr2099,avaConv,solar
SI,h6473,0.19479677183436703,scr2099,avaConv,solar
SI,h6474,0.0609070724922371,scr2099,avaConv,solar
SI,h6475,0.0031330449518790636,scr2099,avaConv,solar
SI,h6476,0.0,scr2099,avaConv,solar
SI,h6477,0.0,scr2099,avaConv,solar
SI,h6478,0.0,scr2099,avaConv,solar
SI,h6479,0.0,scr2099,avaConv,solar
SI,h6480,0.0,scr2099,avaConv,solar
SI,h6481,0.0,scr2099,avaConv,solar
SI,h6482,0.0,scr2099,avaConv,solar
SI,h6483,0.0,scr2099,avaConv,solar
SI,h6484,0.0,scr2099,avaConv,solar
SI,h6485,0.0,scr2099,avaConv,solar
SI,h6486,0.0004701146146074222,scr2099,avaConv,solar
SI,h6487,0.013669876581119404,scr2099,avaConv,solar
SI,h6488,0.04932752205887485,scr2099,avaConv,solar
SI,h6489,0.1364334146602751,scr2099,avaConv,solar
SI,h6490,0.2474266519698399,scr2099,avaConv,solar
SI,h6491,0.36133812648326447,scr2099,avaConv,solar
SI,h6492,0.43217630269383744,scr2099,avaConv,solar
SI,h6493,0.46555339837204385,scr2099,avaConv,solar
SI,h6494,0.45720148263965943,scr2099,avaConv,solar
SI,h6495,0.40533452390082053,scr2099,avaConv,solar
SI,h6496,0.29013234638399665,scr2099,avaConv,solar
SI,h6497,0.1461081937854324,scr2099,avaConv,solar
SI,h6498,0.041958176000484834,scr2099,avaConv,solar
SI,h6499,0.0015867984759096408,scr2099,avaConv,solar
SI,h6500,0.0,scr2099,avaConv,solar
SI,h6501,0.0,scr2099,avaConv,solar
SI,h6502,0.0,scr2099,avaConv,solar
SI,h6503,0.0,scr2099,avaConv,solar
SI,h6504,0.0,scr2099,avaConv,solar
SI,h6505,0.0,scr2099,avaConv,solar
SI,h6506,0.0,scr2099,avaConv,solar
SI,h6507,0.0,scr2099,avaConv,solar
SI,h6508,0.0,scr2099,avaConv,solar
SI,h6509,0.0,scr2099,avaConv,solar
SI,h6510,0.0017433380241678063,scr2099,avaConv,solar
SI,h6511,0.037887788215722924,scr2099,avaConv,solar
SI,h6512,0.12695445177662762,scr2099,avaConv,solar
SI,h6513,0.2713733471999691,scr2099,avaConv,solar
SI,h6514,0.4176968619760996,scr2099,avaConv,solar
SI,h6515,0.5432245876982225,scr2099,avaConv,solar
SI,h6516,0.6275282136030702,scr2099,avaConv,solar
SI,h6517,0.6591552016230022,scr2099,avaConv,solar
SI,h6518,0.6326978928204892,scr2099,avaConv,solar
SI,h6519,0.5478111608213317,scr2099,avaConv,solar
SI,h6520,0.39321267437255786,scr2099,avaConv,solar
SI,h6521,0.19864207040351403,scr2099,avaConv,solar
SI,h6522,0.05968477176871575,scr2099,avaConv,solar
SI,h6523,0.0022863185489763044,scr2099,avaConv,solar
SI,h6524,0.0,scr2099,avaConv,solar
SI,h6525,0.0,scr2099,avaConv,solar
SI,h6526,0.0,scr2099,avaConv,solar
SI,h6527,0.0,scr2099,avaConv,solar
SI,h6528,0.0,scr2099,avaConv,solar
SI,h6529,0.0,scr2099,avaConv,solar
SI,h6530,0.0,scr2099,avaConv,solar
SI,h6531,0.0,scr2099,avaConv,solar
SI,h6532,0.0,scr2099,avaConv,solar
SI,h6533,0.0,scr2099,avaConv,solar
SI,h6534,0.001050970522592149,scr2099,avaConv,solar
SI,h6535,0.024273302447650847,scr2099,avaConv,solar
SI,h6536,0.081067080751912,scr2099,avaConv,solar
SI,h6537,0.16037167857289147,scr2099,avaConv,solar
SI,h6538,0.21347505402852257,scr2099,avaConv,solar
SI,h6539,0.22815528489525552,scr2099,avaConv,solar
SI,h6540,0.24133659274269487,scr2099,avaConv,solar
SI,h6541,0.22958002245389786,scr2099,avaConv,solar
SI,h6542,0.2479042191679667,scr2099,avaConv,solar
SI,h6543,0.21650351756850328,scr2099,avaConv,solar
SI,h6544,0.16050051756764996,scr2099,avaConv,solar
SI,h6545,0.0680877558453619,scr2099,avaConv,solar
SI,h6546,0.012528045697415635,scr2099,avaConv,solar
SI,h6547,0.000253610686827238,scr2099,avaConv,solar
SI,h6548,0.0,scr2099,avaConv,solar
SI,h6549,0.0,scr2099,avaConv,solar
SI,h6550,0.0,scr2099,avaConv,solar
SI,h6551,0.0,scr2099,avaConv,solar
SI,h6552,0.0,scr2099,avaConv,solar
SK,h5809,0.0,scr2099,avaConv,solar
SK,h5810,0.0,scr2099,avaConv,solar
SK,h5811,0.0,scr2099,avaConv,solar
SK,h5812,0.0,scr2099,avaConv,solar
SK,h5813,0.0035002518793004426,scr2099,avaConv,solar
SK,h5814,0.041479186701734595,scr2099,avaConv,solar
SK,h5815,0.1305099547810093,scr2099,avaConv,solar
SK,h5816,0.2687082874761875,scr2099,avaConv,solar
SK,h5817,0.4108803591943428,scr2099,avaConv,solar
SK,h5818,0.5359353271178804,scr2099,avaConv,solar
SK,h5819,0.6283542152043877,scr2099,avaConv,solar
SK,h5820,0.6751029115733725,scr2099,avaConv,solar
SK,h5821,0.6710313405763217,scr2099,avaConv,solar
SK,h5822,0.6124072187892902,scr2099,avaConv,solar
SK,h5823,0.4984140470557182,scr2099,avaConv,solar
SK,h5824,0.32218091946140587,scr2099,avaConv,solar
SK,h5825,0.1694336335716754,scr2099,avaConv,solar
SK,h5826,0.05451128626349198,scr2099,avaConv,solar
SK,h5827,0.016643033214444575,scr2099,avaConv,solar
SK,h5828,0.0,scr2099,avaConv,solar
SK,h5829,0.0,scr2099,avaConv,solar
SK,h5830,0.0,scr2099,avaConv,solar
SK,h5831,0.0,scr2099,avaConv,solar
SK,h5832,0.0,scr2099,avaConv,solar
SK,h5833,0.0,scr2099,avaConv,solar
SK,h5834,0.0,scr2099,avaConv,solar
SK,h5835,0.0,scr2099,avaConv,solar
SK,h5836,0.0,scr2099,avaConv,solar
SK,h5837,0.002644931642705603,scr2099,avaConv,solar
SK,h5838,0.03656086975795157,scr2099,avaConv,solar
SK,h5839,0.1187413787614538,scr2099,avaConv,solar
SK,h5840,0.2488669152303892,scr2099,avaConv,solar
SK,h5841,0.38367210540045316,scr2099,avaConv,solar
SK,h5842,0.502309594178721,scr2099,avaConv,solar
SK,h5843,0.5891057759542638,scr2099,avaConv,solar
SK,h5844,0.6334393262600848,scr2099,avaConv,solar
SK,h5845,0.629358711423169,scr2099,avaConv,solar
SK,h5846,0.5746381924782317,scr2099,avaConv,solar
SK,h5847,0.46740939203854315,scr2099,avaConv,solar
SK,h5848,0.30139358388887943,scr2099,avaConv,solar
SK,h5849,0.15614177780160138,scr2099,avaConv,solar
SK,h5850,0.04886747487905003,scr2099,avaConv,solar
SK,h5851,0.014158454447926148,scr2099,avaConv,solar
SK,h5852,0.0,scr2099,avaConv,solar
SK,h5853,0.0,scr2099,avaConv,solar
SK,h5854,0.0,scr2099,avaConv,solar
SK,h5855,0.0,scr2099,avaConv,solar
SK,h5856,0.0,scr2099,avaConv,solar
SK,h5857,0.0,scr2099,avaConv,solar
SK,h5858,0.0,scr2099,avaConv,solar
SK,h5859,0.0,scr2099,avaConv,solar
SK,h5860,0.0,scr2099,avaConv,solar
SK,h5861,0.0019434582793749725,scr2099,avaConv,solar
SK,h5862,0.033083023716865535,scr2099,avaConv,solar
SK,h5863,0.10170886802593479,scr2099,avaConv,solar
SK,h5864,0.19799610198674875,scr2099,avaConv,solar
SK,h5865,0.26567398066249553,scr2099,avaConv,solar
SK,h5866,0.3101276158897875,scr2099,avaConv,solar
SK,h5867,0.3159751285875449,scr2099,avaConv,solar
SK,h5868,0.2931737165639251,scr2099,avaConv,solar
SK,h5869,0.2523255319259377,scr2099,avaConv,solar
SK,h5870,0.20444738549711822,scr2099,avaConv,solar
SK,h5871,0.1536849154586496,scr2099,avaConv,solar
SK,h5872,0.09335421281956623,scr2099,avaConv,solar
SK,h5873,0.04373680871795628,scr2099,avaConv,solar
SK,h5874,0.014865459013758138,scr2099,avaConv,solar
SK,h5875,0.0027499450966327397,scr2099,avaConv,solar
SK,h5876,0.0,scr2099,avaConv,solar
SK,h5877,0.0,scr2099,avaConv,solar
SK,h5878,0.0,scr2099,avaConv,solar
SK,h5879,0.0,scr2099,avaConv,solar
SK,h5880,0.0,scr2099,avaConv,solar
SK,h5881,0.0,scr2099,avaConv,solar
SK,h5882,0.0,scr2099,avaConv,solar
SK,h5883,0.0,scr2099,avaConv,solar
SK,h5884,0.0,scr2099,avaConv,solar
SK,h5885,0.0007925408825632854,scr2099,avaConv,solar
SK,h5886,0.027094393650111546,scr2099,avaConv,solar
SK,h5887,0.09368040173601218,scr2099,avaConv,solar
SK,h5888,0.199079725875794,scr2099,avaConv,solar
SK,h5889,0.3177117808830576,scr2099,avaConv,solar
SK,h5890,0.43824901207414707,scr2099,avaConv,solar
SK,h5891,0.546335393061415,scr2099,avaConv,solar
SK,h5892,0.6291121808758068,scr2099,avaConv,solar
SK,h5893,0.6552029024803285,scr2099,avaConv,solar
SK,h5894,0.6167958128006074,scr2099,avaConv,solar
SK,h5895,0.5053530018818101,scr2099,avaConv,solar
SK,h5896,0.32390706384726964,scr2099,avaConv,solar
SK,h5897,0.16776742690792262,scr2099,avaConv,solar
SK,h5898,0.05047316041467581,scr2099,avaConv,solar
SK,h5899,0.013973143347093509,scr2099,avaConv,solar
SK,h5900,0.0,scr2099,avaConv,solar
SK,h5901,0.0,scr2099,avaConv,solar
SK,h5902,0.0,scr2099,avaConv,solar
SK,h5903,0.0,scr2099,avaConv,solar
SK,h5904,0.0,scr2099,avaConv,solar
SK,h5905,0.0,scr2099,avaConv,solar
SK,h5906,0.0,scr2099,avaConv,solar
SK,h5907,0.0,scr2099,avaConv,solar
SK,h5908,0.0,scr2099,avaConv,solar
SK,h5909,0.0017062537448167563,scr2099,avaConv,solar
SK,h5910,0.03594686636001421,scr2099,avaConv,solar
SK,h5911,0.12237664061384919,scr2099,avaConv,solar
SK,h5912,0.2635040969924128,scr2099,avaConv,solar
SK,h5913,0.41229593035056555,scr2099,avaConv,solar
SK,h5914,0.5377747608051119,scr2099,avaConv,solar
SK,h5915,0.6227034055736467,scr2099,avaConv,solar
SK,h5916,0.649419100472692,scr2099,avaConv,solar
SK,h5917,0.6411952985484065,scr2099,avaConv,solar
SK,h5918,0.5891554180897708,scr2099,avaConv,solar
SK,h5919,0.49004710401667645,scr2099,avaConv,solar
SK,h5920,0.31752583863042555,scr2099,avaConv,solar
SK,h5921,0.16164050988615708,scr2099,avaConv,solar
SK,h5922,0.04930032962678103,scr2099,avaConv,solar
SK,h5923,0.013618348689530288,scr2099,avaConv,solar
SK,h5924,0.0,scr2099,avaConv,solar
SK,h5925,0.0,scr2099,avaConv,solar
SK,h5926,0.0,scr2099,avaConv,solar
SK,h5927,0.0,scr2099,avaConv,solar
SK,h5928,0.0,scr2099,avaConv,solar
SK,h5929,0.0,scr2099,avaConv,solar
SK,h5930,0.0,scr2099,avaConv,solar
SK,h5931,0.0,scr2099,avaConv,solar
SK,h5932,0.0,scr2099,avaConv,solar
SK,h5933,0.00015253577695532777,scr2099,avaConv,solar
SK,h5934,0.010205239164427385,scr2099,avaConv,solar
SK,h5935,0.039681687042268286,scr2099,avaConv,solar
SK,h5936,0.09358738210577433,scr2099,avaConv,solar
SK,h5937,0.1488298957699857,scr2099,avaConv,solar
SK,h5938,0.1781490586376576,scr2099,avaConv,solar
SK,h5939,0.17968972509758796,scr2099,avaConv,solar
SK,h5940,0.17422919812201051,scr2099,avaConv,solar
SK,h5941,0.17001950738451005,scr2099,avaConv,solar
SK,h5942,0.1707223211403052,scr2099,avaConv,solar
SK,h5943,0.15255245905940013,scr2099,avaConv,solar
SK,h5944,0.1135163538555465,scr2099,avaConv,solar
SK,h5945,0.06315958812504342,scr2099,avaConv,solar
SK,h5946,0.021256017413285807,scr2099,avaConv,solar
SK,h5947,0.0048571652959395984,scr2099,avaConv,solar
SK,h5948,0.0,scr2099,avaConv,solar
SK,h5949,0.0,scr2099,avaConv,solar
SK,h5950,0.0,scr2099,avaConv,solar
SK,h5951,0.0,scr2099,avaConv,solar
SK,h5952,0.0,scr2099,avaConv,solar
SK,h5953,0.0,scr2099,avaConv,solar
SK,h5954,0.0,scr2099,avaConv,solar
SK,h5955,0.0,scr2099,avaConv,solar
SK,h5956,0.0,scr2099,avaConv,solar
SK,h5957,0.0,scr2099,avaConv,solar
SK,h5958,0.0032724974889302306,scr2099,avaConv,solar
SK,h5959,0.01885130408889874,scr2099,avaConv,solar
SK,h5960,0.048121887675662584,scr2099,avaConv,solar
SK,h5961,0.0795882168973135,scr2099,avaConv,solar
SK,h5962,0.1101356048805665,scr2099,avaConv,solar
SK,h5963,0.12328485130226322,scr2099,avaConv,solar
SK,h5964,0.13307775141643488,scr2099,avaConv,solar
SK,h5965,0.123934068371101,scr2099,avaConv,solar
SK,h5966,0.11274996454473367,scr2099,avaConv,solar
SK,h5967,0.09002626721251747,scr2099,avaConv,solar
SK,h5968,0.0599847197427468,scr2099,avaConv,solar
SK,h5969,0.02990094406736092,scr2099,avaConv,solar
SK,h5970,0.008998954607292699,scr2099,avaConv,solar
SK,h5971,0.001161637777691191,scr2099,avaConv,solar
SK,h5972,0.0,scr2099,avaConv,solar
SK,h5973,0.0,scr2099,avaConv,solar
SK,h5974,0.0,scr2099,avaConv,solar
SK,h5975,0.0,scr2099,avaConv,solar
SK,h5976,0.0,scr2099,avaConv,solar
SK,h5977,0.0,scr2099,avaConv,solar
SK,h5978,0.0,scr2099,avaConv,solar
SK,h5979,0.0,scr2099,avaConv,solar
SK,h5980,0.0,scr2099,avaConv,solar
SK,h5981,0.0,scr2099,avaConv,solar
SK,h5982,0.004833459468272043,scr2099,avaConv,solar
SK,h5983,0.021160799743480212,scr2099,avaConv,solar
SK,h5984,0.06669041571530586,scr2099,avaConv,solar
SK,h5985,0.13390263083851542,scr2099,avaConv,solar
SK,h5986,0.20992140137305598,scr2099,avaConv,solar
SK,h5987,0.27287641497224296,scr2099,avaConv,solar
SK,h5988,0.32763579113333846,scr2099,avaConv,solar
SK,h5989,0.35111552236613347,scr2099,avaConv,solar
SK,h5990,0.32103100535580514,scr2099,avaConv,solar
SK,h5991,0.24876574905817694,scr2099,avaConv,solar
SK,h5992,0.1561450172185172,scr2099,avaConv,solar
SK,h5993,0.08208343778184748,scr2099,avaConv,solar
SK,h5994,0.027005526778559722,scr2099,avaConv,solar
SK,h5995,0.005302163991438443,scr2099,avaConv,solar
SK,h5996,0.0,scr2099,avaConv,solar
SK,h5997,0.0,scr2099,avaConv,solar
SK,h5998,0.0,scr2099,avaConv,solar
SK,h5999,0.0,scr2099,avaConv,solar
SK,h6000,0.0,scr2099,avaConv,solar
SK,h6001,0.0,scr2099,avaConv,solar
SK,h6002,0.0,scr2099,avaConv,solar
SK,h6003,0.0,scr2099,avaConv,solar
SK,h6004,0.0,scr2099,avaConv,solar
SK,h6005,0.00030305722408948576,scr2099,avaConv,solar
SK,h6006,0.026616701292638947,scr2099,avaConv,solar
SK,h6007,0.09877357868128962,scr2099,avaConv,solar
SK,h6008,0.2106971728971574,scr2099,avaConv,solar
SK,h6009,0.3181561290456899,scr2099,avaConv,solar
SK,h6010,0.3439265473639456,scr2099,avaConv,solar
SK,h6011,0.3475680212477327,scr2099,avaConv,solar
SK,h6012,0.3205528943976336,scr2099,avaConv,solar
SK,h6013,0.33557678573513455,scr2099,avaConv,solar
SK,h6014,0.3194232497398801,scr2099,avaConv,solar
SK,h6015,0.2716103871447776,scr2099,avaConv,solar
SK,h6016,0.1757564309306557,scr2099,avaConv,solar
SK,h6017,0.08608583976398615,scr2099,avaConv,solar
SK,h6018,0.02559585774053043,scr2099,avaConv,solar
SK,h6019,0.00551085530520048,scr2099,avaConv,solar
SK,h6020,0.0,scr2099,avaConv,solar
SK,h6021,0.0,scr2099,avaConv,solar
SK,h6022,0.0,scr2099,avaConv,solar
SK,h6023,0.0,scr2099,avaConv,solar
SK,h6024,0.0,scr2099,avaConv,solar
SK,h6025,0.0,scr2099,avaConv,solar
SK,h6026,0.0,scr2099,avaConv,solar
SK,h6027,0.0,scr2099,avaConv,solar
SK,h6028,0.0,scr2099,avaConv,solar
SK,h6029,0.0002639928440955377,scr2099,avaConv,solar
SK,h6030,0.007166796185101052,scr2099,avaConv,solar
SK,h6031,0.026800818108218223,scr2099,avaConv,solar
SK,h6032,0.0621398430041674,scr2099,avaConv,solar
SK,h6033,0.11396176936320736,scr2099,avaConv,solar
SK,h6034,0.1534033339657926,scr2099,avaConv,solar
SK,h6035,0.2051372034242405,scr2099,avaConv,solar
SK,h6036,0.2588413359536958,scr2099,avaConv,solar
SK,h6037,0.33355158500541243,scr2099,avaConv,solar
SK,h6038,0.34642719413915135,scr2099,avaConv,solar
SK,h6039,0.3038174548491207,scr2099,avaConv,solar
SK,h6040,0.19460510288185978,scr2099,avaConv,solar
SK,h6041,0.10151745705228547,scr2099,avaConv,solar
SK,h6042,0.030668893143219658,scr2099,avaConv,solar
SK,h6043,0.006289082696936741,scr2099,avaConv,solar
SK,h6044,0.0,scr2099,avaConv,solar
SK,h6045,0.0,scr2099,avaConv,solar
SK,h6046,0.0,scr2099,avaConv,solar
SK,h6047,0.0,scr2099,avaConv,solar
SK,h6048,0.0,scr2099,avaConv,solar
SK,h6049,0.0,scr2099,avaConv,solar
SK,h6050,0.0,scr2099,avaConv,solar
SK,h6051,0.0,scr2099,avaConv,solar
SK,h6052,0.0,scr2099,avaConv,solar
SK,h6053,0.0003334392614632797,scr2099,avaConv,solar
SK,h6054,0.02937927854675331,scr2099,avaConv,solar
SK,h6055,0.11203552849150776,scr2099,avaConv,solar
SK,h6056,0.25532461489550956,scr2099,avaConv,solar
SK,h6057,0.413937101396602,scr2099,avaConv,solar
SK,h6058,0.557520351486919,scr2099,avaConv,solar
SK,h6059,0.6659571043610538,scr2099,avaConv,solar
SK,h6060,0.724107591747551,scr2099,avaConv,solar
SK,h6061,0.7245484217135478,scr2099,avaConv,solar
SK,h6062,0.665143890208624,scr2099,avaConv,solar
SK,h6063,0.5439689609589441,scr2099,avaConv,solar
SK,h6064,0.35095182983386886,scr2099,avaConv,solar
SK,h6065,0.17353143659089718,scr2099,avaConv,solar
SK,h6066,0.04904299669846367,scr2099,avaConv,solar
SK,h6067,0.010558187351169555,scr2099,avaConv,solar
SK,h6068,0.0,scr2099,avaConv,solar
SK,h6069,0.0,scr2099,avaConv,solar
SK,h6070,0.0,scr2099,avaConv,solar
SK,h6071,0.0,scr2099,avaConv,solar
SK,h6072,0.0,scr2099,avaConv,solar
SK,h6073,0.0,scr2099,avaConv,solar
SK,h6074,0.0,scr2099,avaConv,solar
SK,h6075,0.0,scr2099,avaConv,solar
SK,h6076,0.0,scr2099,avaConv,solar
SK,h6077,0.00022897388264825322,scr2099,avaConv,solar
SK,h6078,0.028285723379210054,scr2099,avaConv,solar
SK,h6079,0.10900675011970719,scr2099,avaConv,solar
SK,h6080,0.24874967453322683,scr2099,avaConv,solar
SK,h6081,0.4019569519536544,scr2099,avaConv,solar
SK,h6082,0.5390617078117789,scr2099,avaConv,solar
SK,h6083,0.6411160977336918,scr2099,avaConv,solar
SK,h6084,0.6947689813509466,scr2099,avaConv,solar
SK,h6085,0.6932831513823118,scr2099,avaConv,solar
SK,h6086,0.6352041677505806,scr2099,avaConv,solar
SK,h6087,0.5191037767770943,scr2099,avaConv,solar
SK,h6088,0.33439251270848797,scr2099,avaConv,solar
SK,h6089,0.163209474115748,scr2099,avaConv,solar
SK,h6090,0.04485880946390521,scr2099,avaConv,solar
SK,h6091,0.008713820034241503,scr2099,avaConv,solar
SK,h6092,0.0,scr2099,avaConv,solar
SK,h6093,0.0,scr2099,avaConv,solar
SK,h6094,0.0,scr2099,avaConv,solar
SK,h6095,0.0,scr2099,avaConv,solar
SK,h6096,0.0,scr2099,avaConv,solar
SK,h6097,0.0,scr2099,avaConv,solar
SK,h6098,0.0,scr2099,avaConv,solar
SK,h6099,0.0,scr2099,avaConv,solar
SK,h6100,0.0,scr2099,avaConv,solar
SK,h6101,0.0,scr2099,avaConv,solar
SK,h6102,0.02033370689499304,scr2099,avaConv,solar
SK,h6103,0.07817149116400499,scr2099,avaConv,solar
SK,h6104,0.1745669696761364,scr2099,avaConv,solar
SK,h6105,0.2685886890966646,scr2099,avaConv,solar
SK,h6106,0.3435283156402443,scr2099,avaConv,solar
SK,h6107,0.39427935452915164,scr2099,avaConv,solar
SK,h6108,0.4112180208892375,scr2099,avaConv,solar
SK,h6109,0.38774822554610966,scr2099,avaConv,solar
SK,h6110,0.3392182467929554,scr2099,avaConv,solar
SK,h6111,0.2749549830150155,scr2099,avaConv,solar
SK,h6112,0.18565097447033543,scr2099,avaConv,solar
SK,h6113,0.09244803142332364,scr2099,avaConv,solar
SK,h6114,0.02581444471365235,scr2099,avaConv,solar
SK,h6115,0.0035735241309540456,scr2099,avaConv,solar
SK,h6116,0.0,scr2099,avaConv,solar
SK,h6117,0.0,scr2099,avaConv,solar
SK,h6118,0.0,scr2099,avaConv,solar
SK,h6119,0.0,scr2099,avaConv,solar
SK,h6120,0.0,scr2099,avaConv,solar
SK,h6121,0.0,scr2099,avaConv,solar
SK,h6122,0.0,scr2099,avaConv,solar
SK,h6123,0.0,scr2099,avaConv,solar
SK,h6124,0.0,scr2099,avaConv,solar
SK,h6125,0.0,scr2099,avaConv,solar
SK,h6126,0.009479709377943395,scr2099,avaConv,solar
SK,h6127,0.0413232085279321,scr2099,avaConv,solar
SK,h6128,0.09488383279383206,scr2099,avaConv,solar
SK,h6129,0.1554664684046495,scr2099,avaConv,solar
SK,h6130,0.2214076715639764,scr2099,avaConv,solar
SK,h6131,0.28729049065762385,scr2099,avaConv,solar
SK,h6132,0.3365428202286919,scr2099,avaConv,solar
SK,h6133,0.3572249098468368,scr2099,avaConv,solar
SK,h6134,0.32451507638641663,scr2099,avaConv,solar
SK,h6135,0.2788955755670868,scr2099,avaConv,solar
SK,h6136,0.1773736126717067,scr2099,avaConv,solar
SK,h6137,0.09253435652147857,scr2099,avaConv,solar
SK,h6138,0.022064680147332698,scr2099,avaConv,solar
SK,h6139,0.0029274510530000824,scr2099,avaConv,solar
SK,h6140,0.0,scr2099,avaConv,solar
SK,h6141,0.0,scr2099,avaConv,solar
SK,h6142,0.0,scr2099,avaConv,solar
SK,h6143,0.0,scr2099,avaConv,solar
SK,h6144,0.0,scr2099,avaConv,solar
SK,h6145,0.0,scr2099,avaConv,solar
SK,h6146,0.0,scr2099,avaConv,solar
SK,h6147,0.0,scr2099,avaConv,solar
SK,h6148,0.0,scr2099,avaConv,solar
SK,h6149,0.0,scr2099,avaConv,solar
SK,h6150,0.016302083737177724,scr2099,avaConv,solar
SK,h6151,0.07189084941418643,scr2099,avaConv,solar
SK,h6152,0.17426996288123922,scr2099,avaConv,solar
SK,h6153,0.2991925624239854,scr2099,avaConv,solar
SK,h6154,0.4074899423244585,scr2099,avaConv,solar
SK,h6155,0.47373251566550517,scr2099,avaConv,solar
SK,h6156,0.4927949033621717,scr2099,avaConv,solar
SK,h6157,0.45818563162556963,scr2099,avaConv,solar
SK,h6158,0.40120901950155746,scr2099,avaConv,solar
SK,h6159,0.31533317372372827,scr2099,avaConv,solar
SK,h6160,0.20650740274122392,scr2099,avaConv,solar
SK,h6161,0.0995461119181593,scr2099,avaConv,solar
SK,h6162,0.02644183252969829,scr2099,avaConv,solar
SK,h6163,0.0033970799418780195,scr2099,avaConv,solar
SK,h6164,0.0,scr2099,avaConv,solar
SK,h6165,0.0,scr2099,avaConv,solar
SK,h6166,0.0,scr2099,avaConv,solar
SK,h6167,0.0,scr2099,avaConv,solar
SK,h6168,0.0,scr2099,avaConv,solar
SK,h6169,0.0,scr2099,avaConv,solar
SK,h6170,0.0,scr2099,avaConv,solar
SK,h6171,0.0,scr2099,avaConv,solar
SK,h6172,0.0,scr2099,avaConv,solar
SK,h6173,0.0,scr2099,avaConv,solar
SK,h6174,0.01618900377767377,scr2099,avaConv,solar
SK,h6175,0.06687609596798694,scr2099,avaConv,solar
SK,h6176,0.14975764771284686,scr2099,avaConv,solar
SK,h6177,0.23895019912175985,scr2099,avaConv,solar
SK,h6178,0.29434834737487386,scr2099,avaConv,solar
SK,h6179,0.3252375290753976,scr2099,avaConv,solar
SK,h6180,0.32108655455763996,scr2099,avaConv,solar
SK,h6181,0.30711532503941713,scr2099,avaConv,solar
SK,h6182,0.2615233353843612,scr2099,avaConv,solar
SK,h6183,0.1908675587111238,scr2099,avaConv,solar
SK,h6184,0.10432459045635405,scr2099,avaConv,solar
SK,h6185,0.03957660951097236,scr2099,avaConv,solar
SK,h6186,0.008135923285359652,scr2099,avaConv,solar
SK,h6187,0.0005499106366897659,scr2099,avaConv,solar
SK,h6188,0.0,scr2099,avaConv,solar
SK,h6189,0.0,scr2099,avaConv,solar
SK,h6190,0.0,scr2099,avaConv,solar
SK,h6191,0.0,scr2099,avaConv,solar
SK,h6192,0.0,scr2099,avaConv,solar
SK,h6193,0.0,scr2099,avaConv,solar
SK,h6194,0.0,scr2099,avaConv,solar
SK,h6195,0.0,scr2099,avaConv,solar
SK,h6196,0.0,scr2099,avaConv,solar
SK,h6197,0.0,scr2099,avaConv,solar
SK,h6198,0.01210595412825941,scr2099,avaConv,solar
SK,h6199,0.05673716041770124,scr2099,avaConv,solar
SK,h6200,0.13967600331847801,scr2099,avaConv,solar
SK,h6201,0.24666914674614424,scr2099,avaConv,solar
SK,h6202,0.34774326438187764,scr2099,avaConv,solar
SK,h6203,0.456989981895274,scr2099,avaConv,solar
SK,h6204,0.5682279363692473,scr2099,avaConv,solar
SK,h6205,0.6448222948990929,scr2099,avaConv,solar
SK,h6206,0.6431927771013585,scr2099,avaConv,solar
SK,h6207,0.5408359462432965,scr2099,avaConv,solar
SK,h6208,0.3589441576678592,scr2099,avaConv,solar
SK,h6209,0.17291611938751206,scr2099,avaConv,solar
SK,h6210,0.047055008243040035,scr2099,avaConv,solar
SK,h6211,0.005429926300261614,scr2099,avaConv,solar
SK,h6212,0.0,scr2099,avaConv,solar
SK,h6213,0.0,scr2099,avaConv,solar
SK,h6214,0.0,scr2099,avaConv,solar
SK,h6215,0.0,scr2099,avaConv,solar
SK,h6216,0.0,scr2099,avaConv,solar
SK,h6217,0.0,scr2099,avaConv,solar
SK,h6218,0.0,scr2099,avaConv,solar
SK,h6219,0.0,scr2099,avaConv,solar
SK,h6220,0.0,scr2099,avaConv,solar
SK,h6221,0.0,scr2099,avaConv,solar
SK,h6222,0.009132974407915016,scr2099,avaConv,solar
SK,h6223,0.0436136238874177,scr2099,avaConv,solar
SK,h6224,0.11408544033177288,scr2099,avaConv,solar
SK,h6225,0.2075562940427345,scr2099,avaConv,solar
SK,h6226,0.3182374578161595,scr2099,avaConv,solar
SK,h6227,0.4171960047915162,scr2099,avaConv,solar
SK,h6228,0.48037578144733445,scr2099,avaConv,solar
SK,h6229,0.5002561974694975,scr2099,avaConv,solar
SK,h6230,0.47233329933586216,scr2099,avaConv,solar
SK,h6231,0.39036472161790103,scr2099,avaConv,solar
SK,h6232,0.2394811512757148,scr2099,avaConv,solar
SK,h6233,0.0985322261656909,scr2099,avaConv,solar
SK,h6234,0.01884729590077157,scr2099,avaConv,solar
SK,h6235,0.0007704431006917677,scr2099,avaConv,solar
SK,h6236,0.0,scr2099,avaConv,solar
SK,h6237,0.0,scr2099,avaConv,solar
SK,h6238,0.0,scr2099,avaConv,solar
SK,h6239,0.0,scr2099,avaConv,solar
SK,h6240,0.0,scr2099,avaConv,solar
SK,h6241,0.0,scr2099,avaConv,solar
SK,h6242,0.0,scr2099,avaConv,solar
SK,h6243,0.0,scr2099,avaConv,solar
SK,h6244,0.0,scr2099,avaConv,solar
SK,h6245,0.0,scr2099,avaConv,solar
SK,h6246,0.005349741040336435,scr2099,avaConv,solar
SK,h6247,0.02766372726308635,scr2099,avaConv,solar
SK,h6248,0.07664205901320183,scr2099,avaConv,solar
SK,h6249,0.1708961818129734,scr2099,avaConv,solar
SK,h6250,0.3188628969045805,scr2099,avaConv,solar
SK,h6251,0.47262207509069265,scr2099,avaConv,solar
SK,h6252,0.578603177725282,scr2099,avaConv,solar
SK,h6253,0.5868210911945522,scr2099,avaConv,solar
SK,h6254,0.5525535246372348,scr2099,avaConv,solar
SK,h6255,0.47098965224782247,scr2099,avaConv,solar
SK,h6256,0.33011698541212803,scr2099,avaConv,solar
SK,h6257,0.16340532313615577,scr2099,avaConv,solar
SK,h6258,0.04352088074932034,scr2099,avaConv,solar
SK,h6259,0.0035637984345125986,scr2099,avaConv,solar
SK,h6260,0.0,scr2099,avaConv,solar
SK,h6261,0.0,scr2099,avaConv,solar
SK,h6262,0.0,scr2099,avaConv,solar
SK,h6263,0.0,scr2099,avaConv,solar
SK,h6264,0.0,scr2099,avaConv,solar
SK,h6265,0.0,scr2099,avaConv,solar
SK,h6266,0.0,scr2099,avaConv,solar
SK,h6267,0.0,scr2099,avaConv,solar
SK,h6268,0.0,scr2099,avaConv,solar
SK,h6269,0.0,scr2099,avaConv,solar
SK,h6270,0.020469713578986505,scr2099,avaConv,solar
SK,h6271,0.09278473417226263,scr2099,avaConv,solar
SK,h6272,0.22738706107378587,scr2099,avaConv,solar
SK,h6273,0.39014824775072343,scr2099,avaConv,solar
SK,h6274,0.540627266857969,scr2099,avaConv,solar
SK,h6275,0.6469356714139382,scr2099,avaConv,solar
SK,h6276,0.6950230204809903,scr2099,avaConv,solar
SK,h6277,0.7011309709422329,scr2099,avaConv,solar
SK,h6278,0.6555084323195232,scr2099,avaConv,solar
SK,h6279,0.554637654484937,scr2099,avaConv,solar
SK,h6280,0.366218319863922,scr2099,avaConv,solar
SK,h6281,0.17335017667267638,scr2099,avaConv,solar
SK,h6282,0.04561115252150698,scr2099,avaConv,solar
SK,h6283,0.003293055455220038,scr2099,avaConv,solar
SK,h6284,0.0,scr2099,avaConv,solar
SK,h6285,0.0,scr2099,avaConv,solar
SK,h6286,0.0,scr2099,avaConv,solar
SK,h6287,0.0,scr2099,avaConv,solar
SK,h6288,0.0,scr2099,avaConv,solar
SK,h6289,0.0,scr2099,avaConv,solar
SK,h6290,0.0,scr2099,avaConv,solar
SK,h6291,0.0,scr2099,avaConv,solar
SK,h6292,0.0,scr2099,avaConv,solar
SK,h6293,0.0,scr2099,avaConv,solar
SK,h6294,0.018437502016019246,scr2099,avaConv,solar
SK,h6295,0.08537330211476152,scr2099,avaConv,solar
SK,h6296,0.2107388303213092,scr2099,avaConv,solar
SK,h6297,0.3501839605048929,scr2099,avaConv,solar
SK,h6298,0.4563728506715691,scr2099,avaConv,solar
SK,h6299,0.5132845312847901,scr2099,avaConv,solar
SK,h6300,0.5510843094528234,scr2099,avaConv,solar
SK,h6301,0.5592283445339458,scr2099,avaConv,solar
SK,h6302,0.5386432232636558,scr2099,avaConv,solar
SK,h6303,0.4414425318353885,scr2099,avaConv,solar
SK,h6304,0.2790824532241332,scr2099,avaConv,solar
SK,h6305,0.11750538366942738,scr2099,avaConv,solar
SK,h6306,0.02332057556167317,scr2099,avaConv,solar
SK,h6307,0.00047367610035525614,scr2099,avaConv,solar
SK,h6308,0.0,scr2099,avaConv,solar
SK,h6309,0.0,scr2099,avaConv,solar
SK,h6310,0.0,scr2099,avaConv,solar
SK,h6311,0.0,scr2099,avaConv,solar
SK,h6312,0.0,scr2099,avaConv,solar
SK,h6313,0.0,scr2099,avaConv,solar
SK,h6314,0.0,scr2099,avaConv,solar
SK,h6315,0.0,scr2099,avaConv,solar
SK,h6316,0.0,scr2099,avaConv,solar
SK,h6317,0.0,scr2099,avaConv,solar
SK,h6318,0.01437952241475579,scr2099,avaConv,solar
SK,h6319,0.0741664892616448,scr2099,avaConv,solar
SK,h6320,0.18703223078106232,scr2099,avaConv,solar
SK,h6321,0.33074156897756457,scr2099,avaConv,solar
SK,h6322,0.45272471707351936,scr2099,avaConv,solar
SK,h6323,0.5379905857253843,scr2099,avaConv,solar
SK,h6324,0.593574011370092,scr2099,avaConv,solar
SK,h6325,0.621809725258223,scr2099,avaConv,solar
SK,h6326,0.6060489314966091,scr2099,avaConv,solar
SK,h6327,0.5232400230987244,scr2099,avaConv,solar
SK,h6328,0.35212928133178967,scr2099,avaConv,solar
SK,h6329,0.1690120053682501,scr2099,avaConv,solar
SK,h6330,0.04260455004615198,scr2099,avaConv,solar
SK,h6331,0.002217910284717771,scr2099,avaConv,solar
SK,h6332,0.0,scr2099,avaConv,solar
SK,h6333,0.0,scr2099,avaConv,solar
SK,h6334,0.0,scr2099,avaConv,solar
SK,h6335,0.0,scr2099,avaConv,solar
SK,h6336,0.0,scr2099,avaConv,solar
SK,h6337,0.0,scr2099,avaConv,solar
SK,h6338,0.0,scr2099,avaConv,solar
SK,h6339,0.0,scr2099,avaConv,solar
SK,h6340,0.0,scr2099,avaConv,solar
SK,h6341,0.0,scr2099,avaConv,solar
SK,h6342,0.0167496108235017,scr2099,avaConv,solar
SK,h6343,0.08149936348663493,scr2099,avaConv,solar
SK,h6344,0.20502701704145165,scr2099,avaConv,solar
SK,h6345,0.3591813621508009,scr2099,avaConv,solar
SK,h6346,0.5015768446102737,scr2099,avaConv,solar
SK,h6347,0.6133301833969235,scr2099,avaConv,solar
SK,h6348,0.6784321508019951,scr2099,avaConv,solar
SK,h6349,0.6883041967052332,scr2099,avaConv,solar
SK,h6350,0.6389528210473022,scr2099,avaConv,solar
SK,h6351,0.5304403768560546,scr2099,avaConv,solar
SK,h6352,0.3498234239155391,scr2099,avaConv,solar
SK,h6353,0.16274712002790323,scr2099,avaConv,solar
SK,h6354,0.03977085741417036,scr2099,avaConv,solar
SK,h6355,0.0016220763127704674,scr2099,avaConv,solar
SK,h6356,0.0,scr2099,avaConv,solar
SK,h6357,0.0,scr2099,avaConv,solar
SK,h6358,0.0,scr2099,avaConv,solar
SK,h6359,0.0,scr2099,avaConv,solar
SK,h6360,0.0,scr2099,avaConv,solar
SK,h6361,0.0,scr2099,avaConv,solar
SK,h6362,0.0,scr2099,avaConv,solar
SK,h6363,0.0,scr2099,avaConv,solar
SK,h6364,0.0,scr2099,avaConv,solar
SK,h6365,0.0,scr2099,avaConv,solar
SK,h6366,0.014757281192621116,scr2099,avaConv,solar
SK,h6367,0.07522334667257995,scr2099,avaConv,solar
SK,h6368,0.19207800317771456,scr2099,avaConv,solar
SK,h6369,0.3398223132536445,scr2099,avaConv,solar
SK,h6370,0.47487668466244326,scr2099,avaConv,solar
SK,h6371,0.5791604798328286,scr2099,avaConv,solar
SK,h6372,0.6368660367646365,scr2099,avaConv,solar
SK,h6373,0.6360698705715441,scr2099,avaConv,solar
SK,h6374,0.5809537367366524,scr2099,avaConv,solar
SK,h6375,0.47911797225316943,scr2099,avaConv,solar
SK,h6376,0.3130287821020841,scr2099,avaConv,solar
SK,h6377,0.14460534638415784,scr2099,avaConv,solar
SK,h6378,0.03204379991306117,scr2099,avaConv,solar
SK,h6379,0.0008373093960613501,scr2099,avaConv,solar
SK,h6380,0.0,scr2099,avaConv,solar
SK,h6381,0.0,scr2099,avaConv,solar
SK,h6382,0.0,scr2099,avaConv,solar
SK,h6383,0.0,scr2099,avaConv,solar
SK,h6384,0.0,scr2099,avaConv,solar
SK,h6385,0.0,scr2099,avaConv,solar
SK,h6386,0.0,scr2099,avaConv,solar
SK,h6387,0.0,scr2099,avaConv,solar
SK,h6388,0.0,scr2099,avaConv,solar
SK,h6389,0.0,scr2099,avaConv,solar
SK,h6390,0.012903913874689773,scr2099,avaConv,solar
SK,h6391,0.06950274425506432,scr2099,avaConv,solar
SK,h6392,0.180591922962756,scr2099,avaConv,solar
SK,h6393,0.32391978057836474,scr2099,avaConv,solar
SK,h6394,0.4565782456151182,scr2099,avaConv,solar
SK,h6395,0.5600156470019227,scr2099,avaConv,solar
SK,h6396,0.6153837597580993,scr2099,avaConv,solar
SK,h6397,0.623330102369703,scr2099,avaConv,solar
SK,h6398,0.5728482650997144,scr2099,avaConv,solar
SK,h6399,0.4731157278423921,scr2099,avaConv,solar
SK,h6400,0.30274000052600364,scr2099,avaConv,solar
SK,h6401,0.13616685657149283,scr2099,avaConv,solar
SK,h6402,0.029842782119726328,scr2099,avaConv,solar
SK,h6403,0.0005622379108663257,scr2099,avaConv,solar
SK,h6404,0.0,scr2099,avaConv,solar
SK,h6405,0.0,scr2099,avaConv,solar
SK,h6406,0.0,scr2099,avaConv,solar
SK,h6407,0.0,scr2099,avaConv,solar
SK,h6408,0.0,scr2099,avaConv,solar
SK,h6409,0.0,scr2099,avaConv,solar
SK,h6410,0.0,scr2099,avaConv,solar
SK,h6411,0.0,scr2099,avaConv,solar
SK,h6412,0.0,scr2099,avaConv,solar
SK,h6413,0.0,scr2099,avaConv,solar
SK,h6414,0.011268252936266158,scr2099,avaConv,solar
SK,h6415,0.06451785170882125,scr2099,avaConv,solar
SK,h6416,0.1706817027736279,scr2099,avaConv,solar
SK,h6417,0.31092297830180526,scr2099,avaConv,solar
SK,h6418,0.44257450242629,scr2099,avaConv,solar
SK,h6419,0.5476810191325577,scr2099,avaConv,solar
SK,h6420,0.5995415387629294,scr2099,avaConv,solar
SK,h6421,0.5984156583934565,scr2099,avaConv,solar
SK,h6422,0.5523777962263088,scr2099,avaConv,solar
SK,h6423,0.4625059466550114,scr2099,avaConv,solar
SK,h6424,0.2950195149118699,scr2099,avaConv,solar
SK,h6425,0.12712482365398572,scr2099,avaConv,solar
SK,h6426,0.02179541512949901,scr2099,avaConv,solar
SK,h6427,0.0,scr2099,avaConv,solar
SK,h6428,0.0,scr2099,avaConv,solar
SK,h6429,0.0,scr2099,avaConv,solar
SK,h6430,0.0,scr2099,avaConv,solar
SK,h6431,0.0,scr2099,avaConv,solar
SK,h6432,0.0,scr2099,avaConv,solar
SK,h6433,0.0,scr2099,avaConv,solar
SK,h6434,0.0,scr2099,avaConv,solar
SK,h6435,0.0,scr2099,avaConv,solar
SK,h6436,0.0,scr2099,avaConv,solar
SK,h6437,0.0,scr2099,avaConv,solar
SK,h6438,0.010206058795326173,scr2099,avaConv,solar
SK,h6439,0.05858662069536337,scr2099,avaConv,solar
SK,h6440,0.15521532708969377,scr2099,avaConv,solar
SK,h6441,0.2854449133284682,scr2099,avaConv,solar
SK,h6442,0.4258283891996968,scr2099,avaConv,solar
SK,h6443,0.5473985134568278,scr2099,avaConv,solar
SK,h6444,0.6313889705238787,scr2099,avaConv,solar
SK,h6445,0.650352608026799,scr2099,avaConv,solar
SK,h6446,0.611809014394004,scr2099,avaConv,solar
SK,h6447,0.51555196139251,scr2099,avaConv,solar
SK,h6448,0.3304324599560602,scr2099,avaConv,solar
SK,h6449,0.14729301022265284,scr2099,avaConv,solar
SK,h6450,0.02772064008210826,scr2099,avaConv,solar
SK,h6451,0.00034832931189865245,scr2099,avaConv,solar
SK,h6452,0.0,scr2099,avaConv,solar
SK,h6453,0.0,scr2099,avaConv,solar
SK,h6454,0.0,scr2099,avaConv,solar
SK,h6455,0.0,scr2099,avaConv,solar
SK,h6456,0.0,scr2099,avaConv,solar
SK,h6457,0.0,scr2099,avaConv,solar
SK,h6458,0.0,scr2099,avaConv,solar
SK,h6459,0.0,scr2099,avaConv,solar
SK,h6460,0.0,scr2099,avaConv,solar
SK,h6461,0.0,scr2099,avaConv,solar
SK,h6462,0.010776772431484272,scr2099,avaConv,solar
SK,h6463,0.06522898878033886,scr2099,avaConv,solar
SK,h6464,0.17449054587304522,scr2099,avaConv,solar
SK,h6465,0.31840225324238625,scr2099,avaConv,solar
SK,h6466,0.4464699586698503,scr2099,avaConv,solar
SK,h6467,0.5223154098275453,scr2099,avaConv,solar
SK,h6468,0.5428873421054398,scr2099,avaConv,solar
SK,h6469,0.5043907830706101,scr2099,avaConv,solar
SK,h6470,0.45397481614746493,scr2099,avaConv,solar
SK,h6471,0.34083017263582066,scr2099,avaConv,solar
SK,h6472,0.2045453414349444,scr2099,avaConv,solar
SK,h6473,0.0722350604294541,scr2099,avaConv,solar
SK,h6474,0.013301868772789606,scr2099,avaConv,solar
SK,h6475,0.0001277514529602051,scr2099,avaConv,solar
SK,h6476,0.0,scr2099,avaConv,solar
SK,h6477,0.0,scr2099,avaConv,solar
SK,h6478,0.0,scr2099,avaConv,solar
SK,h6479,0.0,scr2099,avaConv,solar
SK,h6480,0.0,scr2099,avaConv,solar
SK,h6481,0.0,scr2099,avaConv,solar
SK,h6482,0.0,scr2099,avaConv,solar
SK,h6483,0.0,scr2099,avaConv,solar
SK,h6484,0.0,scr2099,avaConv,solar
SK,h6485,0.0,scr2099,avaConv,solar
SK,h6486,0.010112350246306905,scr2099,avaConv,solar
SK,h6487,0.06522946606843782,scr2099,avaConv,solar
SK,h6488,0.17852750948752882,scr2099,avaConv,solar
SK,h6489,0.33466793599738454,scr2099,avaConv,solar
SK,h6490,0.4721318603080418,scr2099,avaConv,solar
SK,h6491,0.5811641039676751,scr2099,avaConv,solar
SK,h6492,0.6451232502014635,scr2099,avaConv,solar
SK,h6493,0.659159793968238,scr2099,avaConv,solar
SK,h6494,0.6108046015506979,scr2099,avaConv,solar
SK,h6495,0.5072481510161759,scr2099,avaConv,solar
SK,h6496,0.3193454573521229,scr2099,avaConv,solar
SK,h6497,0.14105015643304047,scr2099,avaConv,solar
SK,h6498,0.024021041056014086,scr2099,avaConv,solar
SK,h6499,0.0001150717012981684,scr2099,avaConv,solar
SK,h6500,0.0,scr2099,avaConv,solar
SK,h6501,0.0,scr2099,avaConv,solar
SK,h6502,0.0,scr2099,avaConv,solar
SK,h6503,0.0,scr2099,avaConv,solar
SK,h6504,0.0,scr2099,avaConv,solar
SK,h6505,0.0,scr2099,avaConv,solar
SK,h6506,0.0,scr2099,avaConv,solar
SK,h6507,0.0,scr2099,avaConv,solar
SK,h6508,0.0,scr2099,avaConv,solar
SK,h6509,0.0,scr2099,avaConv,solar
SK,h6510,0.008266603337004717,scr2099,avaConv,solar
SK,h6511,0.058626072363999936,scr2099,avaConv,solar
SK,h6512,0.16341045497274775,scr2099,avaConv,solar
SK,h6513,0.31034622412023016,scr2099,avaConv,solar
SK,h6514,0.44983457226349505,scr2099,avaConv,solar
SK,h6515,0.5623678047951932,scr2099,avaConv,solar
SK,h6516,0.6315869684050689,scr2099,avaConv,solar
SK,h6517,0.6477316312165459,scr2099,avaConv,solar
SK,h6518,0.6070439281991763,scr2099,avaConv,solar
SK,h6519,0.5108248133347275,scr2099,avaConv,solar
SK,h6520,0.32030727477519316,scr2099,avaConv,solar
SK,h6521,0.139407261303676,scr2099,avaConv,solar
SK,h6522,0.02197595019720557,scr2099,avaConv,solar
SK,h6523,0.0,scr2099,avaConv,solar
SK,h6524,0.0,scr2099,avaConv,solar
SK,h6525,0.0,scr2099,avaConv,solar
SK,h6526,0.0,scr2099,avaConv,solar
SK,h6527,0.0,scr2099,avaConv,solar
SK,h6528,0.0,scr2099,avaConv,solar
SK,h6529,0.0,scr2099,avaConv,solar
SK,h6530,0.0,scr2099,avaConv,solar
SK,h6531,0.0,scr2099,avaConv,solar
SK,h6532,0.0,scr2099,avaConv,solar
SK,h6533,0.0,scr2099,avaConv,solar
SK,h6534,0.005326218946475224,scr2099,avaConv,solar
SK,h6535,0.0416126418459899,scr2099,avaConv,solar
SK,h6536,0.11721579272603397,scr2099,avaConv,solar
SK,h6537,0.2219942923811767,scr2099,avaConv,solar
SK,h6538,0.31433992057421506,scr2099,avaConv,solar
SK,h6539,0.38973600055784247,scr2099,avaConv,solar
SK,h6540,0.4337599476446782,scr2099,avaConv,solar
SK,h6541,0.42387319667127055,scr2099,avaConv,solar
SK,h6542,0.3578959787856396,scr2099,avaConv,solar
SK,h6543,0.25891638513204,scr2099,avaConv,solar
SK,h6544,0.1397946675974259,scr2099,avaConv,solar
SK,h6545,0.053493099166223364,scr2099,avaConv,solar
SK,h6546,0.005095111010608669,scr2099,avaConv,solar
SK,h6547,0.0,scr2099,avaConv,solar
SK,h6548,0.0,scr2099,avaConv,solar
SK,h6549,0.0,scr2099,avaConv,solar
SK,h6550,0.0,scr2099,avaConv,solar
SK,h6551,0.0,scr2099,avaConv,solar
SK,h6552,0.0,scr2099,avaConv,solar
UK,h5809,0.0,scr2099,avaConv,solar
UK,h5810,0.0,scr2099,avaConv,solar
UK,h5811,0.0,scr2099,avaConv,solar
UK,h5812,0.0,scr2099,avaConv,solar
UK,h5813,0.0,scr2099,avaConv,solar
UK,h5814,0.0003565698188394642,scr2099,avaConv,solar
UK,h5815,0.012697279087098822,scr2099,avaConv,solar
UK,h5816,0.045586616331473755,scr2099,avaConv,solar
UK,h5817,0.10271406898033311,scr2099,avaConv,solar
UK,h5818,0.17218646892699435,scr2099,avaConv,solar
UK,h5819,0.23818691760822427,scr2099,avaConv,solar
UK,h5820,0.2949250567349567,scr2099,avaConv,solar
UK,h5821,0.32835208006272315,scr2099,avaConv,solar
UK,h5822,0.34117309817947944,scr2099,avaConv,solar
UK,h5823,0.33299677964947416,scr2099,avaConv,solar
UK,h5824,0.30939267614359167,scr2099,avaConv,solar
UK,h5825,0.25492800628448337,scr2099,avaConv,solar
UK,h5826,0.1507097362496527,scr2099,avaConv,solar
UK,h5827,0.06140581927340941,scr2099,avaConv,solar
UK,h5828,0.0054981894236209574,scr2099,avaConv,solar
UK,h5829,0.0022508100162028466,scr2099,avaConv,solar
UK,h5830,0.0,scr2099,avaConv,solar
UK,h5831,0.0,scr2099,avaConv,solar
UK,h5832,0.0,scr2099,avaConv,solar
UK,h5833,0.0,scr2099,avaConv,solar
UK,h5834,0.0,scr2099,avaConv,solar
UK,h5835,0.0,scr2099,avaConv,solar
UK,h5836,0.0,scr2099,avaConv,solar
UK,h5837,0.0,scr2099,avaConv,solar
UK,h5838,0.00018854925694196934,scr2099,avaConv,solar
UK,h5839,0.020332475207761425,scr2099,avaConv,solar
UK,h5840,0.07694528703379319,scr2099,avaConv,solar
UK,h5841,0.1768662908400431,scr2099,avaConv,solar
UK,h5842,0.28278574148790897,scr2099,avaConv,solar
UK,h5843,0.38059444428886763,scr2099,avaConv,solar
UK,h5844,0.4593601127910708,scr2099,avaConv,solar
UK,h5845,0.5108783584826107,scr2099,avaConv,solar
UK,h5846,0.5299216113666841,scr2099,avaConv,solar
UK,h5847,0.5098721926040559,scr2099,avaConv,solar
UK,h5848,0.4509455174489153,scr2099,avaConv,solar
UK,h5849,0.346658241960212,scr2099,avaConv,solar
UK,h5850,0.19143203956183455,scr2099,avaConv,solar
UK,h5851,0.07589770450116771,scr2099,avaConv,solar
UK,h5852,0.007878198225209194,scr2099,avaConv,solar
UK,h5853,0.0028996117260083084,scr2099,avaConv,solar
UK,h5854,0.0,scr2099,avaConv,solar
UK,h5855,0.0,scr2099,avaConv,solar
UK,h5856,0.0,scr2099,avaConv,solar
UK,h5857,0.0,scr2099,avaConv,solar
UK,h5858,0.0,scr2099,avaConv,solar
UK,h5859,0.0,scr2099,avaConv,solar
UK,h5860,0.0,scr2099,avaConv,solar
UK,h5861,0.0,scr2099,avaConv,solar
UK,h5862,0.0001556824601724695,scr2099,avaConv,solar
UK,h5863,0.015880324424005686,scr2099,avaConv,solar
UK,h5864,0.05914300446233945,scr2099,avaConv,solar
UK,h5865,0.13394365030411,scr2099,avaConv,solar
UK,h5866,0.21331582813567565,scr2099,avaConv,solar
UK,h5867,0.28298375454967656,scr2099,avaConv,solar
UK,h5868,0.33235461165515173,scr2099,avaConv,solar
UK,h5869,0.36024456987537984,scr2099,avaConv,solar
UK,h5870,0.3581607879131738,scr2099,avaConv,solar
UK,h5871,0.3246283214673284,scr2099,avaConv,solar
UK,h5872,0.2648704436842601,scr2099,avaConv,solar
UK,h5873,0.18276868961553877,scr2099,avaConv,solar
UK,h5874,0.09816551479037972,scr2099,avaConv,solar
UK,h5875,0.03476127900571148,scr2099,avaConv,solar
UK,h5876,0.005978358093155501,scr2099,avaConv,solar
UK,h5877,0.0,scr2099,avaConv,solar
UK,h5878,0.0,scr2099,avaConv,solar
UK,h5879,0.0,scr2099,avaConv,solar
UK,h5880,0.0,scr2099,avaConv,solar
UK,h5881,0.0,scr2099,avaConv,solar
UK,h5882,0.0,scr2099,avaConv,solar
UK,h5883,0.0,scr2099,avaConv,solar
UK,h5884,0.0,scr2099,avaConv,solar
UK,h5885,0.0,scr2099,avaConv,solar
UK,h5886,0.0,scr2099,avaConv,solar
UK,h5887,0.003008045642602042,scr2099,avaConv,solar
UK,h5888,0.016754987011022706,scr2099,avaConv,solar
UK,h5889,0.04698026658792972,scr2099,avaConv,solar
UK,h5890,0.09335759355406975,scr2099,avaConv,solar
UK,h5891,0.14682259725732286,scr2099,avaConv,solar
UK,h5892,0.20351342478247933,scr2099,avaConv,solar
UK,h5893,0.2554412447757478,scr2099,avaConv,solar
UK,h5894,0.29541344418899024,scr2099,avaConv,solar
UK,h5895,0.304698351618286,scr2099,avaConv,solar
UK,h5896,0.2796026434399494,scr2099,avaConv,solar
UK,h5897,0.2131975660923373,scr2099,avaConv,solar
UK,h5898,0.11981724191032865,scr2099,avaConv,solar
UK,h5899,0.04434447263913547,scr2099,avaConv,solar
UK,h5900,0.0043432418595397955,scr2099,avaConv,solar
UK,h5901,0.0005366548860486666,scr2099,avaConv,solar
UK,h5902,0.0,scr2099,avaConv,solar
UK,h5903,0.0,scr2099,avaConv,solar
UK,h5904,0.0,scr2099,avaConv,solar
UK,h5905,0.0,scr2099,avaConv,solar
UK,h5906,0.0,scr2099,avaConv,solar
UK,h5907,0.0,scr2099,avaConv,solar
UK,h5908,0.0,scr2099,avaConv,solar
UK,h5909,0.0,scr2099,avaConv,solar
UK,h5910,0.0,scr2099,avaConv,solar
UK,h5911,0.01035728255136569,scr2099,avaConv,solar
UK,h5912,0.044971951112419396,scr2099,avaConv,solar
UK,h5913,0.11315737708868492,scr2099,avaConv,solar
UK,h5914,0.2038549274698315,scr2099,avaConv,solar
UK,h5915,0.30448640518096093,scr2099,avaConv,solar
UK,h5916,0.40644457551229585,scr2099,avaConv,solar
UK,h5917,0.4940253485188454,scr2099,avaConv,solar
UK,h5918,0.5519997551059848,scr2099,avaConv,solar
UK,h5919,0.5594986459618676,scr2099,avaConv,solar
UK,h5920,0.5133133125277812,scr2099,avaConv,solar
UK,h5921,0.400789367227263,scr2099,avaConv,solar
UK,h5922,0.23369816095865303,scr2099,avaConv,solar
UK,h5923,0.09323534115275983,scr2099,avaConv,solar
UK,h5924,0.013705597063937501,scr2099,avaConv,solar
UK,h5925,0.0018646368627589435,scr2099,avaConv,solar
UK,h5926,0.0,scr2099,avaConv,solar
UK,h5927,0.0,scr2099,avaConv,solar
UK,h5928,0.0,scr2099,avaConv,solar
UK,h5929,0.0,scr2099,avaConv,solar
UK,h5930,0.0,scr2099,avaConv,solar
UK,h5931,0.0,scr2099,avaConv,solar
UK,h5932,0.0,scr2099,avaConv,solar
UK,h5933,0.0,scr2099,avaConv,solar
UK,h5934,0.0,scr2099,avaConv,solar
UK,h5935,0.01586772124034051,scr2099,avaConv,solar
UK,h5936,0.06782852860996141,scr2099,avaConv,solar
UK,h5937,0.1604602538662201,scr2099,avaConv,solar
UK,h5938,0.2739408709139459,scr2099,avaConv,solar
UK,h5939,0.38276552539257547,scr2099,avaConv,solar
UK,h5940,0.47543172519486515,scr2099,avaConv,solar
UK,h5941,0.5389669297260176,scr2099,avaConv,solar
UK,h5942,0.5677469020643446,scr2099,avaConv,solar
UK,h5943,0.5533358641418195,scr2099,avaConv,solar
UK,h5944,0.49466738169900526,scr2099,avaConv,solar
UK,h5945,0.38063419781426916,scr2099,avaConv,solar
UK,h5946,0.2185811702359529,scr2099,avaConv,solar
UK,h5947,0.0860088116361324,scr2099,avaConv,solar
UK,h5948,0.011416030230205213,scr2099,avaConv,solar
UK,h5949,0.0015833149205643257,scr2099,avaConv,solar
UK,h5950,0.0,scr2099,avaConv,solar
UK,h5951,0.0,scr2099,avaConv,solar
UK,h5952,0.0,scr2099,avaConv,solar
UK,h5953,0.0,scr2099,avaConv,solar
UK,h5954,0.0,scr2099,avaConv,solar
UK,h5955,0.0,scr2099,avaConv,solar
UK,h5956,0.0,scr2099,avaConv,solar
UK,h5957,0.0,scr2099,avaConv,solar
UK,h5958,0.0,scr2099,avaConv,solar
UK,h5959,0.018912228242232217,scr2099,avaConv,solar
UK,h5960,0.0792586558524304,scr2099,avaConv,solar
UK,h5961,0.1863588839999309,scr2099,avaConv,solar
UK,h5962,0.3064308710705407,scr2099,avaConv,solar
UK,h5963,0.4133868450517951,scr2099,avaConv,solar
UK,h5964,0.4972203680664232,scr2099,avaConv,solar
UK,h5965,0.5552570682952408,scr2099,avaConv,solar
UK,h5966,0.5823701252626162,scr2099,avaConv,solar
UK,h5967,0.5688156305493935,scr2099,avaConv,solar
UK,h5968,0.5146022240660357,scr2099,avaConv,solar
UK,h5969,0.4004033260266876,scr2099,avaConv,solar
UK,h5970,0.2375338718127085,scr2099,avaConv,solar
UK,h5971,0.09524706046555614,scr2099,avaConv,solar
UK,h5972,0.015741430685920575,scr2099,avaConv,solar
UK,h5973,0.000742163662560427,scr2099,avaConv,solar
UK,h5974,0.0,scr2099,avaConv,solar
UK,h5975,0.0,scr2099,avaConv,solar
UK,h5976,0.0,scr2099,avaConv,solar
UK,h5977,0.0,scr2099,avaConv,solar
UK,h5978,0.0,scr2099,avaConv,solar
UK,h5979,0.0,scr2099,avaConv,solar
UK,h5980,0.0,scr2099,avaConv,solar
UK,h5981,0.0,scr2099,avaConv,solar
UK,h5982,0.0,scr2099,avaConv,solar
UK,h5983,0.013825364759916943,scr2099,avaConv,solar
UK,h5984,0.05835294697417229,scr2099,avaConv,solar
UK,h5985,0.13590108920132607,scr2099,avaConv,solar
UK,h5986,0.22289960155100463,scr2099,avaConv,solar
UK,h5987,0.3020733693245915,scr2099,avaConv,solar
UK,h5988,0.36981380730511454,scr2099,avaConv,solar
UK,h5989,0.423406480741739,scr2099,avaConv,solar
UK,h5990,0.455881279974632,scr2099,avaConv,solar
UK,h5991,0.4551580100367831,scr2099,avaConv,solar
UK,h5992,0.4241173838047678,scr2099,avaConv,solar
UK,h5993,0.33896929510930923,scr2099,avaConv,solar
UK,h5994,0.2068054489718037,scr2099,avaConv,solar
UK,h5995,0.08431841478293106,scr2099,avaConv,solar
UK,h5996,0.014024980293558396,scr2099,avaConv,solar
UK,h5997,0.0009973543617560526,scr2099,avaConv,solar
UK,h5998,0.0,scr2099,avaConv,solar
UK,h5999,0.0,scr2099,avaConv,solar
UK,h6000,0.0,scr2099,avaConv,solar
UK,h6001,0.0,scr2099,avaConv,solar
UK,h6002,0.0,scr2099,avaConv,solar
UK,h6003,0.0,scr2099,avaConv,solar
UK,h6004,0.0,scr2099,avaConv,solar
UK,h6005,0.0,scr2099,avaConv,solar
UK,h6006,0.0,scr2099,avaConv,solar
UK,h6007,0.014206151335597744,scr2099,avaConv,solar
UK,h6008,0.05948368636744572,scr2099,avaConv,solar
UK,h6009,0.14339554381385028,scr2099,avaConv,solar
UK,h6010,0.2415222236095895,scr2099,avaConv,solar
UK,h6011,0.3374744579747118,scr2099,avaConv,solar
UK,h6012,0.4155351196905444,scr2099,avaConv,solar
UK,h6013,0.4741358789138223,scr2099,avaConv,solar
UK,h6014,0.5004884633604015,scr2099,avaConv,solar
UK,h6015,0.4929327660451087,scr2099,avaConv,solar
UK,h6016,0.4460596305970532,scr2099,avaConv,solar
UK,h6017,0.35281374354230405,scr2099,avaConv,solar
UK,h6018,0.2157745823991849,scr2099,avaConv,solar
UK,h6019,0.09172023632521281,scr2099,avaConv,solar
UK,h6020,0.018021321283102375,scr2099,avaConv,solar
UK,h6021,0.0005216000173845637,scr2099,avaConv,solar
UK,h6022,0.0,scr2099,avaConv,solar
UK,h6023,0.0,scr2099,avaConv,solar
UK,h6024,0.0,scr2099,avaConv,solar
UK,h6025,0.0,scr2099,avaConv,solar
UK,h6026,0.0,scr2099,avaConv,solar
UK,h6027,0.0,scr2099,avaConv,solar
UK,h6028,0.0,scr2099,avaConv,solar
UK,h6029,0.0,scr2099,avaConv,solar
UK,h6030,0.0,scr2099,avaConv,solar
UK,h6031,0.008418132331851113,scr2099,avaConv,solar
UK,h6032,0.03695631203838089,scr2099,avaConv,solar
UK,h6033,0.08769655079817643,scr2099,avaConv,solar
UK,h6034,0.14242148702319127,scr2099,avaConv,solar
UK,h6035,0.19627101368601713,scr2099,avaConv,solar
UK,h6036,0.2280687238442365,scr2099,avaConv,solar
UK,h6037,0.2502351950344193,scr2099,avaConv,solar
UK,h6038,0.2449148898642962,scr2099,avaConv,solar
UK,h6039,0.22924332032502692,scr2099,avaConv,solar
UK,h6040,0.19218174180211509,scr2099,avaConv,solar
UK,h6041,0.14049602750143983,scr2099,avaConv,solar
UK,h6042,0.079490400881269,scr2099,avaConv,solar
UK,h6043,0.03116936763951691,scr2099,avaConv,solar
UK,h6044,0.005727146733072907,scr2099,avaConv,solar
UK,h6045,0.0,scr2099,avaConv,solar
UK,h6046,0.0,scr2099,avaConv,solar
UK,h6047,0.0,scr2099,avaConv,solar
UK,h6048,0.0,scr2099,avaConv,solar
UK,h6049,0.0,scr2099,avaConv,solar
UK,h6050,0.0,scr2099,avaConv,solar
UK,h6051,0.0,scr2099,avaConv,solar
UK,h6052,0.0,scr2099,avaConv,solar
UK,h6053,0.0,scr2099,avaConv,solar
UK,h6054,0.0,scr2099,avaConv,solar
UK,h6055,0.004954238627515723,scr2099,avaConv,solar
UK,h6056,0.023352726884282294,scr2099,avaConv,solar
UK,h6057,0.057474759116763266,scr2099,avaConv,solar
UK,h6058,0.1008894652139956,scr2099,avaConv,solar
UK,h6059,0.1441001530024419,scr2099,avaConv,solar
UK,h6060,0.18062394839655543,scr2099,avaConv,solar
UK,h6061,0.20759784549066443,scr2099,avaConv,solar
UK,h6062,0.21826610165684945,scr2099,avaConv,solar
UK,h6063,0.2185580352029311,scr2099,avaConv,solar
UK,h6064,0.20558494759977383,scr2099,avaConv,solar
UK,h6065,0.16538403621709294,scr2099,avaConv,solar
UK,h6066,0.1017176644797307,scr2099,avaConv,solar
UK,h6067,0.03946136690663592,scr2099,avaConv,solar
UK,h6068,0.007527573532725823,scr2099,avaConv,solar
UK,h6069,0.0,scr2099,avaConv,solar
UK,h6070,0.0,scr2099,avaConv,solar
UK,h6071,0.0,scr2099,avaConv,solar
UK,h6072,0.0,scr2099,avaConv,solar
UK,h6073,0.0,scr2099,avaConv,solar
UK,h6074,0.0,scr2099,avaConv,solar
UK,h6075,0.0,scr2099,avaConv,solar
UK,h6076,0.0,scr2099,avaConv,solar
UK,h6077,0.0,scr2099,avaConv,solar
UK,h6078,0.0,scr2099,avaConv,solar
UK,h6079,0.0018995410403718812,scr2099,avaConv,solar
UK,h6080,0.018592508875235808,scr2099,avaConv,solar
UK,h6081,0.05551814382715006,scr2099,avaConv,solar
UK,h6082,0.1146646307377107,scr2099,avaConv,solar
UK,h6083,0.1905190867649502,scr2099,avaConv,solar
UK,h6084,0.2691617115120071,scr2099,avaConv,solar
UK,h6085,0.33921147389900613,scr2099,avaConv,solar
UK,h6086,0.3847639386128323,scr2099,avaConv,solar
UK,h6087,0.39920594042975505,scr2099,avaConv,solar
UK,h6088,0.37236234117714484,scr2099,avaConv,solar
UK,h6089,0.2922592059058609,scr2099,avaConv,solar
UK,h6090,0.17944982766194198,scr2099,avaConv,solar
UK,h6091,0.07518652295046746,scr2099,avaConv,solar
UK,h6092,0.017260816805811978,scr2099,avaConv,solar
UK,h6093,0.0,scr2099,avaConv,solar
UK,h6094,0.0,scr2099,avaConv,solar
UK,h6095,0.0,scr2099,avaConv,solar
UK,h6096,0.0,scr2099,avaConv,solar
UK,h6097,0.0,scr2099,avaConv,solar
UK,h6098,0.0,scr2099,avaConv,solar
UK,h6099,0.0,scr2099,avaConv,solar
UK,h6100,0.0,scr2099,avaConv,solar
UK,h6101,0.0,scr2099,avaConv,solar
UK,h6102,0.0,scr2099,avaConv,solar
UK,h6103,0.0062384440822556226,scr2099,avaConv,solar
UK,h6104,0.03424929991128703,scr2099,avaConv,solar
UK,h6105,0.08813545736854624,scr2099,avaConv,solar
UK,h6106,0.16296386251550685,scr2099,avaConv,solar
UK,h6107,0.2404866813928775,scr2099,avaConv,solar
UK,h6108,0.3148280113043501,scr2099,avaConv,solar
UK,h6109,0.3730426452364665,scr2099,avaConv,solar
UK,h6110,0.406490220539436,scr2099,avaConv,solar
UK,h6111,0.41251716693788626,scr2099,avaConv,solar
UK,h6112,0.38350225919940084,scr2099,avaConv,solar
UK,h6113,0.30257125117105854,scr2099,avaConv,solar
UK,h6114,0.18396066381196297,scr2099,avaConv,solar
UK,h6115,0.07359142598764715,scr2099,avaConv,solar
UK,h6116,0.015682857739303648,scr2099,avaConv,solar
UK,h6117,0.0,scr2099,avaConv,solar
UK,h6118,0.0,scr2099,avaConv,solar
UK,h6119,0.0,scr2099,avaConv,solar
UK,h6120,0.0,scr2099,avaConv,solar
UK,h6121,0.0,scr2099,avaConv,solar
UK,h6122,0.0,scr2099,avaConv,solar
UK,h6123,0.0,scr2099,avaConv,solar
UK,h6124,0.0,scr2099,avaConv,solar
UK,h6125,0.0,scr2099,avaConv,solar
UK,h6126,0.0,scr2099,avaConv,solar
UK,h6127,0.007923698865404349,scr2099,avaConv,solar
UK,h6128,0.04357750741552485,scr2099,avaConv,solar
UK,h6129,0.1140565605924969,scr2099,avaConv,solar
UK,h6130,0.20563697732343253,scr2099,avaConv,solar
UK,h6131,0.29277218342038214,scr2099,avaConv,solar
UK,h6132,0.3604502950380206,scr2099,avaConv,solar
UK,h6133,0.3972960884174039,scr2099,avaConv,solar
UK,h6134,0.40345174431773345,scr2099,avaConv,solar
UK,h6135,0.3779924258717725,scr2099,avaConv,solar
UK,h6136,0.3245432039858059,scr2099,avaConv,solar
UK,h6137,0.24357727019234635,scr2099,avaConv,solar
UK,h6138,0.14285049425051935,scr2099,avaConv,solar
UK,h6139,0.059810916983789035,scr2099,avaConv,solar
UK,h6140,0.012006085909891629,scr2099,avaConv,solar
UK,h6141,0.0,scr2099,avaConv,solar
UK,h6142,0.0,scr2099,avaConv,solar
UK,h6143,0.0,scr2099,avaConv,solar
UK,h6144,0.0,scr2099,avaConv,solar
UK,h6145,0.0,scr2099,avaConv,solar
UK,h6146,0.0,scr2099,avaConv,solar
UK,h6147,0.0,scr2099,avaConv,solar
UK,h6148,0.0,scr2099,avaConv,solar
UK,h6149,0.0,scr2099,avaConv,solar
UK,h6150,0.0,scr2099,avaConv,solar
UK,h6151,0.0061122722118814934,scr2099,avaConv,solar
UK,h6152,0.044497290409283116,scr2099,avaConv,solar
UK,h6153,0.1199366535530988,scr2099,avaConv,solar
UK,h6154,0.2168191700765208,scr2099,avaConv,solar
UK,h6155,0.2892850096354094,scr2099,avaConv,solar
UK,h6156,0.3368177635670796,scr2099,avaConv,solar
UK,h6157,0.36633972085804867,scr2099,avaConv,solar
UK,h6158,0.388264405633784,scr2099,avaConv,solar
UK,h6159,0.3883904604030349,scr2099,avaConv,solar
UK,h6160,0.35747601771313875,scr2099,avaConv,solar
UK,h6161,0.28694701833023434,scr2099,avaConv,solar
UK,h6162,0.1809275446369758,scr2099,avaConv,solar
UK,h6163,0.07917952431172606,scr2099,avaConv,solar
UK,h6164,0.017153404265054992,scr2099,avaConv,solar
UK,h6165,0.0,scr2099,avaConv,solar
UK,h6166,0.0,scr2099,avaConv,solar
UK,h6167,0.0,scr2099,avaConv,solar
UK,h6168,0.0,scr2099,avaConv,solar
UK,h6169,0.0,scr2099,avaConv,solar
UK,h6170,0.0,scr2099,avaConv,solar
UK,h6171,0.0,scr2099,avaConv,solar
UK,h6172,0.0,scr2099,avaConv,solar
UK,h6173,0.0,scr2099,avaConv,solar
UK,h6174,0.0,scr2099,avaConv,solar
UK,h6175,0.007904650755806005,scr2099,avaConv,solar
UK,h6176,0.04381836153892536,scr2099,avaConv,solar
UK,h6177,0.10861304469853554,scr2099,avaConv,solar
UK,h6178,0.1887007087612259,scr2099,avaConv,solar
UK,h6179,0.25672599098837856,scr2099,avaConv,solar
UK,h6180,0.30522944599490065,scr2099,avaConv,solar
UK,h6181,0.3289576223611408,scr2099,avaConv,solar
UK,h6182,0.32417874538071034,scr2099,avaConv,solar
UK,h6183,0.29097143027917555,scr2099,avaConv,solar
UK,h6184,0.23299167331107834,scr2099,avaConv,solar
UK,h6185,0.1636446169829834,scr2099,avaConv,solar
UK,h6186,0.09027184083944091,scr2099,avaConv,solar
UK,h6187,0.03649200408581088,scr2099,avaConv,solar
UK,h6188,0.006606155456485633,scr2099,avaConv,solar
UK,h6189,0.0,scr2099,avaConv,solar
UK,h6190,0.0,scr2099,avaConv,solar
UK,h6191,0.0,scr2099,avaConv,solar
UK,h6192,0.0,scr2099,avaConv,solar
UK,h6193,0.0,scr2099,avaConv,solar
UK,h6194,0.0,scr2099,avaConv,solar
UK,h6195,0.0,scr2099,avaConv,solar
UK,h6196,0.0,scr2099,avaConv,solar
UK,h6197,0.0,scr2099,avaConv,solar
UK,h6198,0.0,scr2099,avaConv,solar
UK,h6199,0.0012075709453732055,scr2099,avaConv,solar
UK,h6200,0.015253606471187498,scr2099,avaConv,solar
UK,h6201,0.04940796543307367,scr2099,avaConv,solar
UK,h6202,0.097402692615655,scr2099,avaConv,solar
UK,h6203,0.14330735544655387,scr2099,avaConv,solar
UK,h6204,0.1843330673892952,scr2099,avaConv,solar
UK,h6205,0.21953837036364762,scr2099,avaConv,solar
UK,h6206,0.24701883930877844,scr2099,avaConv,solar
UK,h6207,0.2434376736153881,scr2099,avaConv,solar
UK,h6208,0.21208341991442808,scr2099,avaConv,solar
UK,h6209,0.1519936497927149,scr2099,avaConv,solar
UK,h6210,0.08481471485286515,scr2099,avaConv,solar
UK,h6211,0.03201380793303879,scr2099,avaConv,solar
UK,h6212,0.004935431048542817,scr2099,avaConv,solar
UK,h6213,0.0,scr2099,avaConv,solar
UK,h6214,0.0,scr2099,avaConv,solar
UK,h6215,0.0,scr2099,avaConv,solar
UK,h6216,0.0,scr2099,avaConv,solar
UK,h6217,0.0,scr2099,avaConv,solar
UK,h6218,0.0,scr2099,avaConv,solar
UK,h6219,0.0,scr2099,avaConv,solar
UK,h6220,0.0,scr2099,avaConv,solar
UK,h6221,0.0,scr2099,avaConv,solar
UK,h6222,0.0,scr2099,avaConv,solar
UK,h6223,0.0023569443694816867,scr2099,avaConv,solar
UK,h6224,0.026223112270801537,scr2099,avaConv,solar
UK,h6225,0.0848518231229524,scr2099,avaConv,solar
UK,h6226,0.16831461366872869,scr2099,avaConv,solar
UK,h6227,0.2682870815023726,scr2099,avaConv,solar
UK,h6228,0.36217700512927664,scr2099,avaConv,solar
UK,h6229,0.4536059643976275,scr2099,avaConv,solar
UK,h6230,0.5057984365182694,scr2099,avaConv,solar
UK,h6231,0.5121969633407274,scr2099,avaConv,solar
UK,h6232,0.45833284495219195,scr2099,avaConv,solar
UK,h6233,0.34883044835820914,scr2099,avaConv,solar
UK,h6234,0.2033175170166488,scr2099,avaConv,solar
UK,h6235,0.08030192863702872,scr2099,avaConv,solar
UK,h6236,0.01422524237864608,scr2099,avaConv,solar
UK,h6237,0.0,scr2099,avaConv,solar
UK,h6238,0.0,scr2099,avaConv,solar
UK,h6239,0.0,scr2099,avaConv,solar
UK,h6240,0.0,scr2099,avaConv,solar
UK,h6241,0.0,scr2099,avaConv,solar
UK,h6242,0.0,scr2099,avaConv,solar
UK,h6243,0.0,scr2099,avaConv,solar
UK,h6244,0.0,scr2099,avaConv,solar
UK,h6245,0.0,scr2099,avaConv,solar
UK,h6246,0.0,scr2099,avaConv,solar
UK,h6247,0.0035376919883092933,scr2099,avaConv,solar
UK,h6248,0.02306810351899253,scr2099,avaConv,solar
UK,h6249,0.06301872675050758,scr2099,avaConv,solar
UK,h6250,0.11609567434130728,scr2099,avaConv,solar
UK,h6251,0.1609443418319592,scr2099,avaConv,solar
UK,h6252,0.18511354417363562,scr2099,avaConv,solar
UK,h6253,0.18736862468937962,scr2099,avaConv,solar
UK,h6254,0.1707338865434188,scr2099,avaConv,solar
UK,h6255,0.14514140966606395,scr2099,avaConv,solar
UK,h6256,0.11188210543936764,scr2099,avaConv,solar
UK,h6257,0.07441205314405447,scr2099,avaConv,solar
UK,h6258,0.036550604126685746,scr2099,avaConv,solar
UK,h6259,0.011260558623882179,scr2099,avaConv,solar
UK,h6260,0.000872437917154874,scr2099,avaConv,solar
UK,h6261,0.0,scr2099,avaConv,solar
UK,h6262,0.0,scr2099,avaConv,solar
UK,h6263,0.0,scr2099,avaConv,solar
UK,h6264,0.0,scr2099,avaConv,solar
UK,h6265,0.0,scr2099,avaConv,solar
UK,h6266,0.0,scr2099,avaConv,solar
UK,h6267,0.0,scr2099,avaConv,solar
UK,h6268,0.0,scr2099,avaConv,solar
UK,h6269,0.0,scr2099,avaConv,solar
UK,h6270,0.0,scr2099,avaConv,solar
UK,h6271,0.00019193584114333073,scr2099,avaConv,solar
UK,h6272,0.008833711878200161,scr2099,avaConv,solar
UK,h6273,0.031661305868929776,scr2099,avaConv,solar
UK,h6274,0.06793247809444211,scr2099,avaConv,solar
UK,h6275,0.11220827609138878,scr2099,avaConv,solar
UK,h6276,0.16244192725896414,scr2099,avaConv,solar
UK,h6277,0.21335869392142565,scr2099,avaConv,solar
UK,h6278,0.25320939863283426,scr2099,avaConv,solar
UK,h6279,0.2695731901579613,scr2099,avaConv,solar
UK,h6280,0.24963048171283167,scr2099,avaConv,solar
UK,h6281,0.19052568133842476,scr2099,avaConv,solar
UK,h6282,0.10455655854129527,scr2099,avaConv,solar
UK,h6283,0.03752975017651476,scr2099,avaConv,solar
UK,h6284,0.004255572391752208,scr2099,avaConv,solar
UK,h6285,0.0,scr2099,avaConv,solar
UK,h6286,0.0,scr2099,avaConv,solar
UK,h6287,0.0,scr2099,avaConv,solar
UK,h6288,0.0,scr2099,avaConv,solar
UK,h6289,0.0,scr2099,avaConv,solar
UK,h6290,0.0,scr2099,avaConv,solar
UK,h6291,0.0,scr2099,avaConv,solar
UK,h6292,0.0,scr2099,avaConv,solar
UK,h6293,0.0,scr2099,avaConv,solar
UK,h6294,0.0,scr2099,avaConv,solar
UK,h6295,0.0006432129718888541,scr2099,avaConv,solar
UK,h6296,0.010963236926208143,scr2099,avaConv,solar
UK,h6297,0.037938984959829364,scr2099,avaConv,solar
UK,h6298,0.08440759244292909,scr2099,avaConv,solar
UK,h6299,0.13797777371760683,scr2099,avaConv,solar
UK,h6300,0.19603382814040476,scr2099,avaConv,solar
UK,h6301,0.24205718368053133,scr2099,avaConv,solar
UK,h6302,0.2718195448080037,scr2099,avaConv,solar
UK,h6303,0.2704885122551273,scr2099,avaConv,solar
UK,h6304,0.2399073587842774,scr2099,avaConv,solar
UK,h6305,0.18205617867140492,scr2099,avaConv,solar
UK,h6306,0.10176843443639437,scr2099,avaConv,solar
UK,h6307,0.03932519226398674,scr2099,avaConv,solar
UK,h6308,0.004203839617036107,scr2099,avaConv,solar
UK,h6309,0.0,scr2099,avaConv,solar
UK,h6310,0.0,scr2099,avaConv,solar
UK,h6311,0.0,scr2099,avaConv,solar
UK,h6312,0.0,scr2099,avaConv,solar
UK,h6313,0.0,scr2099,avaConv,solar
UK,h6314,0.0,scr2099,avaConv,solar
UK,h6315,0.0,scr2099,avaConv,solar
UK,h6316,0.0,scr2099,avaConv,solar
UK,h6317,0.0,scr2099,avaConv,solar
UK,h6318,0.0,scr2099,avaConv,solar
UK,h6319,0.0014795526359505109,scr2099,avaConv,solar
UK,h6320,0.018148860493137128,scr2099,avaConv,solar
UK,h6321,0.059665683762118595,scr2099,avaConv,solar
UK,h6322,0.12680071769177553,scr2099,avaConv,solar
UK,h6323,0.19832283624240224,scr2099,avaConv,solar
UK,h6324,0.2634528603949439,scr2099,avaConv,solar
UK,h6325,0.3089362421311349,scr2099,avaConv,solar
UK,h6326,0.335750892723758,scr2099,avaConv,solar
UK,h6327,0.3347581780284476,scr2099,avaConv,solar
UK,h6328,0.30806172162867596,scr2099,avaConv,solar
UK,h6329,0.2507218527589574,scr2099,avaConv,solar
UK,h6330,0.15329349100448006,scr2099,avaConv,solar
UK,h6331,0.06574096929381734,scr2099,avaConv,solar
UK,h6332,0.009125348683653887,scr2099,avaConv,solar
UK,h6333,0.0,scr2099,avaConv,solar
UK,h6334,0.0,scr2099,avaConv,solar
UK,h6335,0.0,scr2099,avaConv,solar
UK,h6336,0.0,scr2099,avaConv,solar
UK,h6337,0.0,scr2099,avaConv,solar
UK,h6338,0.0,scr2099,avaConv,solar
UK,h6339,0.0,scr2099,avaConv,solar
UK,h6340,0.0,scr2099,avaConv,solar
UK,h6341,0.0,scr2099,avaConv,solar
UK,h6342,0.0,scr2099,avaConv,solar
UK,h6343,0.003984744599026015,scr2099,avaConv,solar
UK,h6344,0.04650750279050434,scr2099,avaConv,solar
UK,h6345,0.13983204231680862,scr2099,avaConv,solar
UK,h6346,0.2691430580702944,scr2099,avaConv,solar
UK,h6347,0.381002542282277,scr2099,avaConv,solar
UK,h6348,0.46233453843441524,scr2099,avaConv,solar
UK,h6349,0.5086063407546324,scr2099,avaConv,solar
UK,h6350,0.5255435266504705,scr2099,avaConv,solar
UK,h6351,0.5088521319184337,scr2099,avaConv,solar
UK,h6352,0.4584984705507395,scr2099,avaConv,solar
UK,h6353,0.36407744426402383,scr2099,avaConv,solar
UK,h6354,0.21497265064095855,scr2099,avaConv,solar
UK,h6355,0.08639403522009523,scr2099,avaConv,solar
UK,h6356,0.010441530273877064,scr2099,avaConv,solar
UK,h6357,0.0,scr2099,avaConv,solar
UK,h6358,0.0,scr2099,avaConv,solar
UK,h6359,0.0,scr2099,avaConv,solar
UK,h6360,0.0,scr2099,avaConv,solar
UK,h6361,0.0,scr2099,avaConv,solar
UK,h6362,0.0,scr2099,avaConv,solar
UK,h6363,0.0,scr2099,avaConv,solar
UK,h6364,0.0,scr2099,avaConv,solar
UK,h6365,0.0,scr2099,avaConv,solar
UK,h6366,0.0,scr2099,avaConv,solar
UK,h6367,0.002529106268502548,scr2099,avaConv,solar
UK,h6368,0.020057439385712444,scr2099,avaConv,solar
UK,h6369,0.0559537719441059,scr2099,avaConv,solar
UK,h6370,0.10221875143917675,scr2099,avaConv,solar
UK,h6371,0.144262822497508,scr2099,avaConv,solar
UK,h6372,0.17538123522361318,scr2099,avaConv,solar
UK,h6373,0.19420669870301066,scr2099,avaConv,solar
UK,h6374,0.19706162804121521,scr2099,avaConv,solar
UK,h6375,0.1839253572060071,scr2099,avaConv,solar
UK,h6376,0.1523182174170278,scr2099,avaConv,solar
UK,h6377,0.112361002535569,scr2099,avaConv,solar
UK,h6378,0.05928319215988606,scr2099,avaConv,solar
UK,h6379,0.023427220576192176,scr2099,avaConv,solar
UK,h6380,0.0013370609903820085,scr2099,avaConv,solar
UK,h6381,0.0,scr2099,avaConv,solar
UK,h6382,0.0,scr2099,avaConv,solar
UK,h6383,0.0,scr2099,avaConv,solar
UK,h6384,0.0,scr2099,avaConv,solar
UK,h6385,0.0,scr2099,avaConv,solar
UK,h6386,0.0,scr2099,avaConv,solar
UK,h6387,0.0,scr2099,avaConv,solar
UK,h6388,0.0,scr2099,avaConv,solar
UK,h6389,0.0,scr2099,avaConv,solar
UK,h6390,0.0,scr2099,avaConv,solar
UK,h6391,0.00041108186091106915,scr2099,avaConv,solar
UK,h6392,0.007483384536785881,scr2099,avaConv,solar
UK,h6393,0.028513115200739788,scr2099,avaConv,solar
UK,h6394,0.06404607215063124,scr2099,avaConv,solar
UK,h6395,0.10455092998435049,scr2099,avaConv,solar
UK,h6396,0.1384744807749451,scr2099,avaConv,solar
UK,h6397,0.15971896704896552,scr2099,avaConv,solar
UK,h6398,0.16796469279306264,scr2099,avaConv,solar
UK,h6399,0.16442825377767728,scr2099,avaConv,solar
UK,h6400,0.15028146244404766,scr2099,avaConv,solar
UK,h6401,0.12313525649690912,scr2099,avaConv,solar
UK,h6402,0.07247234858534593,scr2099,avaConv,solar
UK,h6403,0.029470643761473153,scr2099,avaConv,solar
UK,h6404,0.0016424617182806038,scr2099,avaConv,solar
UK,h6405,0.0,scr2099,avaConv,solar
UK,h6406,0.0,scr2099,avaConv,solar
UK,h6407,0.0,scr2099,avaConv,solar
UK,h6408,0.0,scr2099,avaConv,solar
UK,h6409,0.0,scr2099,avaConv,solar
UK,h6410,0.0,scr2099,avaConv,solar
UK,h6411,0.0,scr2099,avaConv,solar
UK,h6412,0.0,scr2099,avaConv,solar
UK,h6413,0.0,scr2099,avaConv,solar
UK,h6414,0.0,scr2099,avaConv,solar
UK,h6415,0.0002775012576509909,scr2099,avaConv,solar
UK,h6416,0.01114797155424741,scr2099,avaConv,solar
UK,h6417,0.04137846202746032,scr2099,avaConv,solar
UK,h6418,0.09273446742491548,scr2099,avaConv,solar
UK,h6419,0.1546772806662849,scr2099,avaConv,solar
UK,h6420,0.21042403630658021,scr2099,avaConv,solar
UK,h6421,0.24849152735331367,scr2099,avaConv,solar
UK,h6422,0.26103763478355313,scr2099,avaConv,solar
UK,h6423,0.24856244030781682,scr2099,avaConv,solar
UK,h6424,0.21626062028153611,scr2099,avaConv,solar
UK,h6425,0.16473547078225848,scr2099,avaConv,solar
UK,h6426,0.09196572167285244,scr2099,avaConv,solar
UK,h6427,0.03489108409531231,scr2099,avaConv,solar
UK,h6428,0.0018459070607029404,scr2099,avaConv,solar
UK,h6429,0.0,scr2099,avaConv,solar
UK,h6430,0.0,scr2099,avaConv,solar
UK,h6431,0.0,scr2099,avaConv,solar
UK,h6432,0.0,scr2099,avaConv,solar
UK,h6433,0.0,scr2099,avaConv,solar
UK,h6434,0.0,scr2099,avaConv,solar
UK,h6435,0.0,scr2099,avaConv,solar
UK,h6436,0.0,scr2099,avaConv,solar
UK,h6437,0.0,scr2099,avaConv,solar
UK,h6438,0.0,scr2099,avaConv,solar
UK,h6439,0.0004810411924201031,scr2099,avaConv,solar
UK,h6440,0.014681478763769303,scr2099,avaConv,solar
UK,h6441,0.053848804237794146,scr2099,avaConv,solar
UK,h6442,0.1206481388807576,scr2099,avaConv,solar
UK,h6443,0.19872022279304974,scr2099,avaConv,solar
UK,h6444,0.2709044668423502,scr2099,avaConv,solar
UK,h6445,0.3213859641381822,scr2099,avaConv,solar
UK,h6446,0.34091972211056487,scr2099,avaConv,solar
UK,h6447,0.3281204745175568,scr2099,avaConv,solar
UK,h6448,0.285092073774757,scr2099,avaConv,solar
UK,h6449,0.2227893249947141,scr2099,avaConv,solar
UK,h6450,0.12689658045725144,scr2099,avaConv,solar
UK,h6451,0.052266845793945395,scr2099,avaConv,solar
UK,h6452,0.003957636976404406,scr2099,avaConv,solar
UK,h6453,0.0,scr2099,avaConv,solar
UK,h6454,0.0,scr2099,avaConv,solar
UK,h6455,0.0,scr2099,avaConv,solar
UK,h6456,0.0,scr2099,avaConv,solar
UK,h6457,0.0,scr2099,avaConv,solar
UK,h6458,0.0,scr2099,avaConv,solar
UK,h6459,0.0,scr2099,avaConv,solar
UK,h6460,0.0,scr2099,avaConv,solar
UK,h6461,0.0,scr2099,avaConv,solar
UK,h6462,0.0,scr2099,avaConv,solar
UK,h6463,0.0007186340746519512,scr2099,avaConv,solar
UK,h6464,0.032800917849938535,scr2099,avaConv,solar
UK,h6465,0.11392559650855948,scr2099,avaConv,solar
UK,h6466,0.2335107257189615,scr2099,avaConv,solar
UK,h6467,0.32795668486992186,scr2099,avaConv,solar
UK,h6468,0.37834105676983104,scr2099,avaConv,solar
UK,h6469,0.37959999204122774,scr2099,avaConv,solar
UK,h6470,0.36359760340143493,scr2099,avaConv,solar
UK,h6471,0.32581271477034235,scr2099,avaConv,solar
UK,h6472,0.27438703487496624,scr2099,avaConv,solar
UK,h6473,0.18864584847244706,scr2099,avaConv,solar
UK,h6474,0.09383303112060551,scr2099,avaConv,solar
UK,h6475,0.02541555238661805,scr2099,avaConv,solar
UK,h6476,0.00048713241029856,scr2099,avaConv,solar
UK,h6477,0.0,scr2099,avaConv,solar
UK,h6478,0.0,scr2099,avaConv,solar
UK,h6479,0.0,scr2099,avaConv,solar
UK,h6480,0.0,scr2099,avaConv,solar
UK,h6481,0.0,scr2099,avaConv,solar
UK,h6482,0.0,scr2099,avaConv,solar
UK,h6483,0.0,scr2099,avaConv,solar
UK,h6484,0.0,scr2099,avaConv,solar
UK,h6485,0.0,scr2099,avaConv,solar
UK,h6486,0.0,scr2099,avaConv,solar
UK,h6487,0.000282696226652107,scr2099,avaConv,solar
UK,h6488,0.00820306646500001,scr2099,avaConv,solar
UK,h6489,0.031564553246779904,scr2099,avaConv,solar
UK,h6490,0.07488578193864874,scr2099,avaConv,solar
UK,h6491,0.1281343885961536,scr2099,avaConv,solar
UK,h6492,0.17851594689504602,scr2099,avaConv,solar
UK,h6493,0.21620809720138023,scr2099,avaConv,solar
UK,h6494,0.2379352770626956,scr2099,avaConv,solar
UK,h6495,0.2526944746138398,scr2099,avaConv,solar
UK,h6496,0.2409455174084926,scr2099,avaConv,solar
UK,h6497,0.19661222025130168,scr2099,avaConv,solar
UK,h6498,0.10964018121592202,scr2099,avaConv,solar
UK,h6499,0.04034028050978902,scr2099,avaConv,solar
UK,h6500,0.00263195107977886,scr2099,avaConv,solar
UK,h6501,0.0,scr2099,avaConv,solar
UK,h6502,0.0,scr2099,avaConv,solar
UK,h6503,0.0,scr2099,avaConv,solar
UK,h6504,0.0,scr2099,avaConv,solar
UK,h6505,0.0,scr2099,avaConv,solar
UK,h6506,0.0,scr2099,avaConv,solar
UK,h6507,0.0,scr2099,avaConv,solar
UK,h6508,0.0,scr2099,avaConv,solar
UK,h6509,0.0,scr2099,avaConv,solar
UK,h6510,0.0,scr2099,avaConv,solar
UK,h6511,0.0,scr2099,avaConv,solar
UK,h6512,0.013957558416645829,scr2099,avaConv,solar
UK,h6513,0.05600708300280538,scr2099,avaConv,solar
UK,h6514,0.12345602161543512,scr2099,avaConv,solar
UK,h6515,0.20632327918279986,scr2099,avaConv,solar
UK,h6516,0.2835209520479345,scr2099,avaConv,solar
UK,h6517,0.34942388402106966,scr2099,avaConv,solar
UK,h6518,0.3934007788916812,scr2099,avaConv,solar
UK,h6519,0.4175698673746883,scr2099,avaConv,solar
UK,h6520,0.4055559166254361,scr2099,avaConv,solar
UK,h6521,0.3301098565160917,scr2099,avaConv,solar
UK,h6522,0.18991263915991857,scr2099,avaConv,solar
UK,h6523,0.06936156632797374,scr2099,avaConv,solar
UK,h6524,0.0053261382142291555,scr2099,avaConv,solar
UK,h6525,0.0,scr2099,avaConv,solar
UK,h6526,0.0,scr2099,avaConv,solar
UK,h6527,0.0,scr2099,avaConv,solar
UK,h6528,0.0,scr2099,avaConv,solar
UK,h6529,0.0,scr2099,avaConv,solar
UK,h6530,0.0,scr2099,avaConv,solar
UK,h6531,0.0,scr2099,avaConv,solar
UK,h6532,0.0,scr2099,avaConv,solar
UK,h6533,0.0,scr2099,avaConv,solar
UK,h6534,0.0,scr2099,avaConv,solar
UK,h6535,0.0006212655061682501,scr2099,avaConv,solar
UK,h6536,0.022270110458652823,scr2099,avaConv,solar
UK,h6537,0.06290082550977674,scr2099,avaConv,solar
UK,h6538,0.11108676718811576,scr2099,avaConv,solar
UK,h6539,0.13813223597424001,scr2099,avaConv,solar
UK,h6540,0.14364186441101368,scr2099,avaConv,solar
UK,h6541,0.1484682695892756,scr2099,avaConv,solar
UK,h6542,0.15432160456463714,scr2099,avaConv,solar
UK,h6543,0.1671059174633396,scr2099,avaConv,solar
UK,h6544,0.1753763178581803,scr2099,avaConv,solar
UK,h6545,0.16242294527533868,scr2099,avaConv,solar
UK,h6546,0.10577878056957786,scr2099,avaConv,solar
UK,h6547,0.04441893727139672,scr2099,avaConv,solar
UK,h6548,0.0033968513431785734,scr2099,avaConv,solar
UK,h6549,0.0,scr2099,avaConv,solar
UK,h6550,0.0,scr2099,avaConv,solar
UK,h6551,0.0,scr2099,avaConv,solar
UK,h6552,0.0,scr2099,avaConv,solar
