region_2,timestep_6,value,scenario_1,parameter,carrier_1
AT,h0409,0.0,scr1997,mustOut,frtRoadHeavy
AT,h0410,0.0,scr1997,mustOut,frtRoadHeavy
AT,h0411,0.0,scr1997,mustOut,frtRoadHeavy
AT,h0412,0.0,scr1997,mustOut,frtRoadHeavy
AT,h0413,0.0,scr1997,mustOut,frtRoadHeavy
AT,h0414,0.0,scr1997,mustOut,frtRoadHeavy
AT,h0415,0.08498188447359888,scr1997,mustOut,frtRoadHeavy
AT,h0416,0.1860031741122067,scr1997,mustOut,frtRoadHeavy
AT,h0417,0.29411765,scr1997,mustOut,frtRoadHeavy
AT,h0418,0.29411765,scr1997,mustOut,frtRoadHeavy
AT,h0419,0.29411765,scr1997,mustOut,frtRoadHeavy
AT,h0420,0.29411765,scr1997,mustOut,frtRoadHeavy
AT,h0421,0.29411765,scr1997,mustOut,frtRoadHeavy
AT,h0422,0.29411765,scr1997,mustOut,frtRoadHeavy
AT,h0423,0.29411765,scr1997,mustOut,frtRoadHeavy
AT,h0424,0.29411765,scr1997,mustOut,frtRoadHeavy
AT,h0425,0.29411765,scr1997,mustOut,frtRoadHeavy
AT,h0426,0.29411765,scr1997,mustOut,frtRoadHeavy
AT,h0427,0.29411765,scr1997,mustOut,frtRoadHeavy
AT,h0428,0.29411765,scr1997,mustOut,frtRoadHeavy
AT,h0429,0.29411765,scr1997,mustOut,frtRoadHeavy
AT,h0430,0.1860031741122067,scr1997,mustOut,frtRoadHeavy
AT,h0431,0.08498188447359888,scr1997,mustOut,frtRoadHeavy
AT,h0432,0.0,scr1997,mustOut,frtRoadHeavy
AT,h0433,0.0,scr1997,mustOut,frtRoadHeavy
AT,h0434,0.0,scr1997,mustOut,frtRoadHeavy
AT,h0435,0.0,scr1997,mustOut,frtRoadHeavy
AT,h0436,0.0,scr1997,mustOut,frtRoadHeavy
AT,h0437,0.08498188447359888,scr1997,mustOut,frtRoadHeavy
AT,h0438,0.1860031741122067,scr1997,mustOut,frtRoadHeavy
AT,h0439,0.29411765,scr1997,mustOut,frtRoadHeavy
AT,h0440,0.29411765,scr1997,mustOut,frtRoadHeavy
AT,h0441,0.29411765,scr1997,mustOut,frtRoadHeavy
AT,h0442,0.29411765,scr1997,mustOut,frtRoadHeavy
AT,h0443,0.29411765,scr1997,mustOut,frtRoadHeavy
AT,h0444,0.29411765,scr1997,mustOut,frtRoadHeavy
AT,h0445,0.29411765,scr1997,mustOut,frtRoadHeavy
AT,h0446,0.29411765,scr1997,mustOut,frtRoadHeavy
AT,h0447,0.29411765,scr1997,mustOut,frtRoadHeavy
AT,h0448,0.29411765,scr1997,mustOut,frtRoadHeavy
AT,h0449,0.29411765,scr1997,mustOut,frtRoadHeavy
AT,h0450,0.29411765,scr1997,mustOut,frtRoadHeavy
AT,h0451,0.29411765,scr1997,mustOut,frtRoadHeavy
AT,h0452,0.29411765,scr1997,mustOut,frtRoadHeavy
AT,h0453,0.29411765,scr1997,mustOut,frtRoadHeavy
AT,h0454,0.1860031741122067,scr1997,mustOut,frtRoadHeavy
AT,h0455,0.08498188447359888,scr1997,mustOut,frtRoadHeavy
AT,h0456,0.0,scr1997,mustOut,frtRoadHeavy
AT,h0457,0.0,scr1997,mustOut,frtRoadHeavy
AT,h0458,0.0,scr1997,mustOut,frtRoadHeavy
AT,h0459,0.0,scr1997,mustOut,frtRoadHeavy
AT,h0460,0.0,scr1997,mustOut,frtRoadHeavy
AT,h0461,0.08498188447359888,scr1997,mustOut,frtRoadHeavy
AT,h0462,0.1860031741122067,scr1997,mustOut,frtRoadHeavy
AT,h0463,0.29411765,scr1997,mustOut,frtRoadHeavy
AT,h0464,0.29411765,scr1997,mustOut,frtRoadHeavy
AT,h0465,0.29411765,scr1997,mustOut,frtRoadHeavy
AT,h0466,0.29411765,scr1997,mustOut,frtRoadHeavy
AT,h0467,0.29411765,scr1997,mustOut,frtRoadHeavy
AT,h0468,0.29411765,scr1997,mustOut,frtRoadHeavy
AT,h0469,0.29411765,scr1997,mustOut,frtRoadHeavy
AT,h0470,0.29411765,scr1997,mustOut,frtRoadHeavy
AT,h0471,0.29411765,scr1997,mustOut,frtRoadHeavy
AT,h0472,0.29411765,scr1997,mustOut,frtRoadHeavy
AT,h0473,0.29411765,scr1997,mustOut,frtRoadHeavy
AT,h0474,0.29411765,scr1997,mustOut,frtRoadHeavy
AT,h0475,0.1860031741122067,scr1997,mustOut,frtRoadHeavy
AT,h0476,0.08498188447359888,scr1997,mustOut,frtRoadHeavy
AT,h0477,0.0,scr1997,mustOut,frtRoadHeavy
AT,h0478,0.0,scr1997,mustOut,frtRoadHeavy
AT,h0479,0.0,scr1997,mustOut,frtRoadHeavy
AT,h0480,0.0,scr1997,mustOut,frtRoadHeavy
BE,h0409,0.0,scr1997,mustOut,frtRoadHeavy
BE,h0410,0.0,scr1997,mustOut,frtRoadHeavy
BE,h0411,0.0,scr1997,mustOut,frtRoadHeavy
BE,h0412,0.0,scr1997,mustOut,frtRoadHeavy
BE,h0413,0.0,scr1997,mustOut,frtRoadHeavy
BE,h0414,0.0,scr1997,mustOut,frtRoadHeavy
BE,h0415,0.08498188447359888,scr1997,mustOut,frtRoadHeavy
BE,h0416,0.1860031741122067,scr1997,mustOut,frtRoadHeavy
BE,h0417,0.29411765,scr1997,mustOut,frtRoadHeavy
BE,h0418,0.29411765,scr1997,mustOut,frtRoadHeavy
BE,h0419,0.29411765,scr1997,mustOut,frtRoadHeavy
BE,h0420,0.29411765,scr1997,mustOut,frtRoadHeavy
BE,h0421,0.29411765,scr1997,mustOut,frtRoadHeavy
BE,h0422,0.29411765,scr1997,mustOut,frtRoadHeavy
BE,h0423,0.29411765,scr1997,mustOut,frtRoadHeavy
BE,h0424,0.29411765,scr1997,mustOut,frtRoadHeavy
BE,h0425,0.29411765,scr1997,mustOut,frtRoadHeavy
BE,h0426,0.29411765,scr1997,mustOut,frtRoadHeavy
BE,h0427,0.29411765,scr1997,mustOut,frtRoadHeavy
BE,h0428,0.29411765,scr1997,mustOut,frtRoadHeavy
BE,h0429,0.29411765,scr1997,mustOut,frtRoadHeavy
BE,h0430,0.1860031741122067,scr1997,mustOut,frtRoadHeavy
BE,h0431,0.08498188447359888,scr1997,mustOut,frtRoadHeavy
BE,h0432,0.0,scr1997,mustOut,frtRoadHeavy
BE,h0433,0.0,scr1997,mustOut,frtRoadHeavy
BE,h0434,0.0,scr1997,mustOut,frtRoadHeavy
BE,h0435,0.0,scr1997,mustOut,frtRoadHeavy
BE,h0436,0.0,scr1997,mustOut,frtRoadHeavy
BE,h0437,0.08498188447359888,scr1997,mustOut,frtRoadHeavy
BE,h0438,0.1860031741122067,scr1997,mustOut,frtRoadHeavy
BE,h0439,0.29411765,scr1997,mustOut,frtRoadHeavy
BE,h0440,0.29411765,scr1997,mustOut,frtRoadHeavy
BE,h0441,0.29411765,scr1997,mustOut,frtRoadHeavy
BE,h0442,0.29411765,scr1997,mustOut,frtRoadHeavy
BE,h0443,0.29411765,scr1997,mustOut,frtRoadHeavy
BE,h0444,0.29411765,scr1997,mustOut,frtRoadHeavy
BE,h0445,0.29411765,scr1997,mustOut,frtRoadHeavy
BE,h0446,0.29411765,scr1997,mustOut,frtRoadHeavy
BE,h0447,0.29411765,scr1997,mustOut,frtRoadHeavy
BE,h0448,0.29411765,scr1997,mustOut,frtRoadHeavy
BE,h0449,0.29411765,scr1997,mustOut,frtRoadHeavy
BE,h0450,0.29411765,scr1997,mustOut,frtRoadHeavy
BE,h0451,0.29411765,scr1997,mustOut,frtRoadHeavy
BE,h0452,0.29411765,scr1997,mustOut,frtRoadHeavy
BE,h0453,0.29411765,scr1997,mustOut,frtRoadHeavy
BE,h0454,0.1860031741122067,scr1997,mustOut,frtRoadHeavy
BE,h0455,0.08498188447359888,scr1997,mustOut,frtRoadHeavy
BE,h0456,0.0,scr1997,mustOut,frtRoadHeavy
BE,h0457,0.0,scr1997,mustOut,frtRoadHeavy
BE,h0458,0.0,scr1997,mustOut,frtRoadHeavy
BE,h0459,0.0,scr1997,mustOut,frtRoadHeavy
BE,h0460,0.0,scr1997,mustOut,frtRoadHeavy
BE,h0461,0.08498188447359888,scr1997,mustOut,frtRoadHeavy
BE,h0462,0.1860031741122067,scr1997,mustOut,frtRoadHeavy
BE,h0463,0.29411765,scr1997,mustOut,frtRoadHeavy
BE,h0464,0.29411765,scr1997,mustOut,frtRoadHeavy
BE,h0465,0.29411765,scr1997,mustOut,frtRoadHeavy
BE,h0466,0.29411765,scr1997,mustOut,frtRoadHeavy
BE,h0467,0.29411765,scr1997,mustOut,frtRoadHeavy
BE,h0468,0.29411765,scr1997,mustOut,frtRoadHeavy
BE,h0469,0.29411765,scr1997,mustOut,frtRoadHeavy
BE,h0470,0.29411765,scr1997,mustOut,frtRoadHeavy
BE,h0471,0.29411765,scr1997,mustOut,frtRoadHeavy
BE,h0472,0.29411765,scr1997,mustOut,frtRoadHeavy
BE,h0473,0.29411765,scr1997,mustOut,frtRoadHeavy
BE,h0474,0.29411765,scr1997,mustOut,frtRoadHeavy
BE,h0475,0.1860031741122067,scr1997,mustOut,frtRoadHeavy
BE,h0476,0.08498188447359888,scr1997,mustOut,frtRoadHeavy
BE,h0477,0.0,scr1997,mustOut,frtRoadHeavy
BE,h0478,0.0,scr1997,mustOut,frtRoadHeavy
BE,h0479,0.0,scr1997,mustOut,frtRoadHeavy
BE,h0480,0.0,scr1997,mustOut,frtRoadHeavy
BG,h0409,0.0,scr1997,mustOut,frtRoadHeavy
BG,h0410,0.0,scr1997,mustOut,frtRoadHeavy
BG,h0411,0.0,scr1997,mustOut,frtRoadHeavy
BG,h0412,0.0,scr1997,mustOut,frtRoadHeavy
BG,h0413,0.0,scr1997,mustOut,frtRoadHeavy
BG,h0414,0.0,scr1997,mustOut,frtRoadHeavy
BG,h0415,0.08498188447359888,scr1997,mustOut,frtRoadHeavy
BG,h0416,0.1860031741122067,scr1997,mustOut,frtRoadHeavy
BG,h0417,0.29411765,scr1997,mustOut,frtRoadHeavy
BG,h0418,0.29411765,scr1997,mustOut,frtRoadHeavy
BG,h0419,0.29411765,scr1997,mustOut,frtRoadHeavy
BG,h0420,0.29411765,scr1997,mustOut,frtRoadHeavy
BG,h0421,0.29411765,scr1997,mustOut,frtRoadHeavy
BG,h0422,0.29411765,scr1997,mustOut,frtRoadHeavy
BG,h0423,0.29411765,scr1997,mustOut,frtRoadHeavy
BG,h0424,0.29411765,scr1997,mustOut,frtRoadHeavy
BG,h0425,0.29411765,scr1997,mustOut,frtRoadHeavy
BG,h0426,0.29411765,scr1997,mustOut,frtRoadHeavy
BG,h0427,0.29411765,scr1997,mustOut,frtRoadHeavy
BG,h0428,0.29411765,scr1997,mustOut,frtRoadHeavy
BG,h0429,0.29411765,scr1997,mustOut,frtRoadHeavy
BG,h0430,0.1860031741122067,scr1997,mustOut,frtRoadHeavy
BG,h0431,0.08498188447359888,scr1997,mustOut,frtRoadHeavy
BG,h0432,0.0,scr1997,mustOut,frtRoadHeavy
BG,h0433,0.0,scr1997,mustOut,frtRoadHeavy
BG,h0434,0.0,scr1997,mustOut,frtRoadHeavy
BG,h0435,0.0,scr1997,mustOut,frtRoadHeavy
BG,h0436,0.0,scr1997,mustOut,frtRoadHeavy
BG,h0437,0.08498188447359888,scr1997,mustOut,frtRoadHeavy
BG,h0438,0.1860031741122067,scr1997,mustOut,frtRoadHeavy
BG,h0439,0.29411765,scr1997,mustOut,frtRoadHeavy
BG,h0440,0.29411765,scr1997,mustOut,frtRoadHeavy
BG,h0441,0.29411765,scr1997,mustOut,frtRoadHeavy
BG,h0442,0.29411765,scr1997,mustOut,frtRoadHeavy
BG,h0443,0.29411765,scr1997,mustOut,frtRoadHeavy
BG,h0444,0.29411765,scr1997,mustOut,frtRoadHeavy
BG,h0445,0.29411765,scr1997,mustOut,frtRoadHeavy
BG,h0446,0.29411765,scr1997,mustOut,frtRoadHeavy
BG,h0447,0.29411765,scr1997,mustOut,frtRoadHeavy
BG,h0448,0.29411765,scr1997,mustOut,frtRoadHeavy
BG,h0449,0.29411765,scr1997,mustOut,frtRoadHeavy
BG,h0450,0.29411765,scr1997,mustOut,frtRoadHeavy
BG,h0451,0.29411765,scr1997,mustOut,frtRoadHeavy
BG,h0452,0.29411765,scr1997,mustOut,frtRoadHeavy
BG,h0453,0.29411765,scr1997,mustOut,frtRoadHeavy
BG,h0454,0.1860031741122067,scr1997,mustOut,frtRoadHeavy
BG,h0455,0.08498188447359888,scr1997,mustOut,frtRoadHeavy
BG,h0456,0.0,scr1997,mustOut,frtRoadHeavy
BG,h0457,0.0,scr1997,mustOut,frtRoadHeavy
BG,h0458,0.0,scr1997,mustOut,frtRoadHeavy
BG,h0459,0.0,scr1997,mustOut,frtRoadHeavy
BG,h0460,0.0,scr1997,mustOut,frtRoadHeavy
BG,h0461,0.08498188447359888,scr1997,mustOut,frtRoadHeavy
BG,h0462,0.1860031741122067,scr1997,mustOut,frtRoadHeavy
BG,h0463,0.29411765,scr1997,mustOut,frtRoadHeavy
BG,h0464,0.29411765,scr1997,mustOut,frtRoadHeavy
BG,h0465,0.29411765,scr1997,mustOut,frtRoadHeavy
BG,h0466,0.29411765,scr1997,mustOut,frtRoadHeavy
BG,h0467,0.29411765,scr1997,mustOut,frtRoadHeavy
BG,h0468,0.29411765,scr1997,mustOut,frtRoadHeavy
BG,h0469,0.29411765,scr1997,mustOut,frtRoadHeavy
BG,h0470,0.29411765,scr1997,mustOut,frtRoadHeavy
BG,h0471,0.29411765,scr1997,mustOut,frtRoadHeavy
BG,h0472,0.29411765,scr1997,mustOut,frtRoadHeavy
BG,h0473,0.29411765,scr1997,mustOut,frtRoadHeavy
BG,h0474,0.29411765,scr1997,mustOut,frtRoadHeavy
BG,h0475,0.1860031741122067,scr1997,mustOut,frtRoadHeavy
BG,h0476,0.08498188447359888,scr1997,mustOut,frtRoadHeavy
BG,h0477,0.0,scr1997,mustOut,frtRoadHeavy
BG,h0478,0.0,scr1997,mustOut,frtRoadHeavy
BG,h0479,0.0,scr1997,mustOut,frtRoadHeavy
BG,h0480,0.0,scr1997,mustOut,frtRoadHeavy
CH,h0409,0.0,scr1997,mustOut,frtRoadHeavy
CH,h0410,0.0,scr1997,mustOut,frtRoadHeavy
CH,h0411,0.0,scr1997,mustOut,frtRoadHeavy
CH,h0412,0.0,scr1997,mustOut,frtRoadHeavy
CH,h0413,0.0,scr1997,mustOut,frtRoadHeavy
CH,h0414,0.0,scr1997,mustOut,frtRoadHeavy
CH,h0415,0.08498188447359888,scr1997,mustOut,frtRoadHeavy
CH,h0416,0.1860031741122067,scr1997,mustOut,frtRoadHeavy
CH,h0417,0.29411765,scr1997,mustOut,frtRoadHeavy
CH,h0418,0.29411765,scr1997,mustOut,frtRoadHeavy
CH,h0419,0.29411765,scr1997,mustOut,frtRoadHeavy
CH,h0420,0.29411765,scr1997,mustOut,frtRoadHeavy
CH,h0421,0.29411765,scr1997,mustOut,frtRoadHeavy
CH,h0422,0.29411765,scr1997,mustOut,frtRoadHeavy
CH,h0423,0.29411765,scr1997,mustOut,frtRoadHeavy
CH,h0424,0.29411765,scr1997,mustOut,frtRoadHeavy
CH,h0425,0.29411765,scr1997,mustOut,frtRoadHeavy
CH,h0426,0.29411765,scr1997,mustOut,frtRoadHeavy
CH,h0427,0.29411765,scr1997,mustOut,frtRoadHeavy
CH,h0428,0.29411765,scr1997,mustOut,frtRoadHeavy
CH,h0429,0.29411765,scr1997,mustOut,frtRoadHeavy
CH,h0430,0.1860031741122067,scr1997,mustOut,frtRoadHeavy
CH,h0431,0.08498188447359888,scr1997,mustOut,frtRoadHeavy
CH,h0432,0.0,scr1997,mustOut,frtRoadHeavy
CH,h0433,0.0,scr1997,mustOut,frtRoadHeavy
CH,h0434,0.0,scr1997,mustOut,frtRoadHeavy
CH,h0435,0.0,scr1997,mustOut,frtRoadHeavy
CH,h0436,0.0,scr1997,mustOut,frtRoadHeavy
CH,h0437,0.08498188447359888,scr1997,mustOut,frtRoadHeavy
CH,h0438,0.1860031741122067,scr1997,mustOut,frtRoadHeavy
CH,h0439,0.29411765,scr1997,mustOut,frtRoadHeavy
CH,h0440,0.29411765,scr1997,mustOut,frtRoadHeavy
CH,h0441,0.29411765,scr1997,mustOut,frtRoadHeavy
CH,h0442,0.29411765,scr1997,mustOut,frtRoadHeavy
CH,h0443,0.29411765,scr1997,mustOut,frtRoadHeavy
CH,h0444,0.29411765,scr1997,mustOut,frtRoadHeavy
CH,h0445,0.29411765,scr1997,mustOut,frtRoadHeavy
CH,h0446,0.29411765,scr1997,mustOut,frtRoadHeavy
CH,h0447,0.29411765,scr1997,mustOut,frtRoadHeavy
CH,h0448,0.29411765,scr1997,mustOut,frtRoadHeavy
CH,h0449,0.29411765,scr1997,mustOut,frtRoadHeavy
CH,h0450,0.29411765,scr1997,mustOut,frtRoadHeavy
CH,h0451,0.29411765,scr1997,mustOut,frtRoadHeavy
CH,h0452,0.29411765,scr1997,mustOut,frtRoadHeavy
CH,h0453,0.29411765,scr1997,mustOut,frtRoadHeavy
CH,h0454,0.1860031741122067,scr1997,mustOut,frtRoadHeavy
CH,h0455,0.08498188447359888,scr1997,mustOut,frtRoadHeavy
CH,h0456,0.0,scr1997,mustOut,frtRoadHeavy
CH,h0457,0.0,scr1997,mustOut,frtRoadHeavy
CH,h0458,0.0,scr1997,mustOut,frtRoadHeavy
CH,h0459,0.0,scr1997,mustOut,frtRoadHeavy
CH,h0460,0.0,scr1997,mustOut,frtRoadHeavy
CH,h0461,0.08498188447359888,scr1997,mustOut,frtRoadHeavy
CH,h0462,0.1860031741122067,scr1997,mustOut,frtRoadHeavy
CH,h0463,0.29411765,scr1997,mustOut,frtRoadHeavy
CH,h0464,0.29411765,scr1997,mustOut,frtRoadHeavy
CH,h0465,0.29411765,scr1997,mustOut,frtRoadHeavy
CH,h0466,0.29411765,scr1997,mustOut,frtRoadHeavy
CH,h0467,0.29411765,scr1997,mustOut,frtRoadHeavy
CH,h0468,0.29411765,scr1997,mustOut,frtRoadHeavy
CH,h0469,0.29411765,scr1997,mustOut,frtRoadHeavy
CH,h0470,0.29411765,scr1997,mustOut,frtRoadHeavy
CH,h0471,0.29411765,scr1997,mustOut,frtRoadHeavy
CH,h0472,0.29411765,scr1997,mustOut,frtRoadHeavy
CH,h0473,0.29411765,scr1997,mustOut,frtRoadHeavy
CH,h0474,0.29411765,scr1997,mustOut,frtRoadHeavy
CH,h0475,0.1860031741122067,scr1997,mustOut,frtRoadHeavy
CH,h0476,0.08498188447359888,scr1997,mustOut,frtRoadHeavy
CH,h0477,0.0,scr1997,mustOut,frtRoadHeavy
CH,h0478,0.0,scr1997,mustOut,frtRoadHeavy
CH,h0479,0.0,scr1997,mustOut,frtRoadHeavy
CH,h0480,0.0,scr1997,mustOut,frtRoadHeavy
CZ,h0409,0.0,scr1997,mustOut,frtRoadHeavy
CZ,h0410,0.0,scr1997,mustOut,frtRoadHeavy
CZ,h0411,0.0,scr1997,mustOut,frtRoadHeavy
CZ,h0412,0.0,scr1997,mustOut,frtRoadHeavy
CZ,h0413,0.0,scr1997,mustOut,frtRoadHeavy
CZ,h0414,0.0,scr1997,mustOut,frtRoadHeavy
CZ,h0415,0.08498188447359888,scr1997,mustOut,frtRoadHeavy
CZ,h0416,0.1860031741122067,scr1997,mustOut,frtRoadHeavy
CZ,h0417,0.29411765,scr1997,mustOut,frtRoadHeavy
CZ,h0418,0.29411765,scr1997,mustOut,frtRoadHeavy
CZ,h0419,0.29411765,scr1997,mustOut,frtRoadHeavy
CZ,h0420,0.29411765,scr1997,mustOut,frtRoadHeavy
CZ,h0421,0.29411765,scr1997,mustOut,frtRoadHeavy
CZ,h0422,0.29411765,scr1997,mustOut,frtRoadHeavy
CZ,h0423,0.29411765,scr1997,mustOut,frtRoadHeavy
CZ,h0424,0.29411765,scr1997,mustOut,frtRoadHeavy
CZ,h0425,0.29411765,scr1997,mustOut,frtRoadHeavy
CZ,h0426,0.29411765,scr1997,mustOut,frtRoadHeavy
CZ,h0427,0.29411765,scr1997,mustOut,frtRoadHeavy
CZ,h0428,0.29411765,scr1997,mustOut,frtRoadHeavy
CZ,h0429,0.29411765,scr1997,mustOut,frtRoadHeavy
CZ,h0430,0.1860031741122067,scr1997,mustOut,frtRoadHeavy
CZ,h0431,0.08498188447359888,scr1997,mustOut,frtRoadHeavy
CZ,h0432,0.0,scr1997,mustOut,frtRoadHeavy
CZ,h0433,0.0,scr1997,mustOut,frtRoadHeavy
CZ,h0434,0.0,scr1997,mustOut,frtRoadHeavy
CZ,h0435,0.0,scr1997,mustOut,frtRoadHeavy
CZ,h0436,0.0,scr1997,mustOut,frtRoadHeavy
CZ,h0437,0.08498188447359888,scr1997,mustOut,frtRoadHeavy
CZ,h0438,0.1860031741122067,scr1997,mustOut,frtRoadHeavy
CZ,h0439,0.29411765,scr1997,mustOut,frtRoadHeavy
CZ,h0440,0.29411765,scr1997,mustOut,frtRoadHeavy
CZ,h0441,0.29411765,scr1997,mustOut,frtRoadHeavy
CZ,h0442,0.29411765,scr1997,mustOut,frtRoadHeavy
CZ,h0443,0.29411765,scr1997,mustOut,frtRoadHeavy
CZ,h0444,0.29411765,scr1997,mustOut,frtRoadHeavy
CZ,h0445,0.29411765,scr1997,mustOut,frtRoadHeavy
CZ,h0446,0.29411765,scr1997,mustOut,frtRoadHeavy
CZ,h0447,0.29411765,scr1997,mustOut,frtRoadHeavy
CZ,h0448,0.29411765,scr1997,mustOut,frtRoadHeavy
CZ,h0449,0.29411765,scr1997,mustOut,frtRoadHeavy
CZ,h0450,0.29411765,scr1997,mustOut,frtRoadHeavy
CZ,h0451,0.29411765,scr1997,mustOut,frtRoadHeavy
CZ,h0452,0.29411765,scr1997,mustOut,frtRoadHeavy
CZ,h0453,0.29411765,scr1997,mustOut,frtRoadHeavy
CZ,h0454,0.1860031741122067,scr1997,mustOut,frtRoadHeavy
CZ,h0455,0.08498188447359888,scr1997,mustOut,frtRoadHeavy
CZ,h0456,0.0,scr1997,mustOut,frtRoadHeavy
CZ,h0457,0.0,scr1997,mustOut,frtRoadHeavy
CZ,h0458,0.0,scr1997,mustOut,frtRoadHeavy
CZ,h0459,0.0,scr1997,mustOut,frtRoadHeavy
CZ,h0460,0.0,scr1997,mustOut,frtRoadHeavy
CZ,h0461,0.08498188447359888,scr1997,mustOut,frtRoadHeavy
CZ,h0462,0.1860031741122067,scr1997,mustOut,frtRoadHeavy
CZ,h0463,0.29411765,scr1997,mustOut,frtRoadHeavy
CZ,h0464,0.29411765,scr1997,mustOut,frtRoadHeavy
CZ,h0465,0.29411765,scr1997,mustOut,frtRoadHeavy
CZ,h0466,0.29411765,scr1997,mustOut,frtRoadHeavy
CZ,h0467,0.29411765,scr1997,mustOut,frtRoadHeavy
CZ,h0468,0.29411765,scr1997,mustOut,frtRoadHeavy
CZ,h0469,0.29411765,scr1997,mustOut,frtRoadHeavy
CZ,h0470,0.29411765,scr1997,mustOut,frtRoadHeavy
CZ,h0471,0.29411765,scr1997,mustOut,frtRoadHeavy
CZ,h0472,0.29411765,scr1997,mustOut,frtRoadHeavy
CZ,h0473,0.29411765,scr1997,mustOut,frtRoadHeavy
CZ,h0474,0.29411765,scr1997,mustOut,frtRoadHeavy
CZ,h0475,0.1860031741122067,scr1997,mustOut,frtRoadHeavy
CZ,h0476,0.08498188447359888,scr1997,mustOut,frtRoadHeavy
CZ,h0477,0.0,scr1997,mustOut,frtRoadHeavy
CZ,h0478,0.0,scr1997,mustOut,frtRoadHeavy
CZ,h0479,0.0,scr1997,mustOut,frtRoadHeavy
CZ,h0480,0.0,scr1997,mustOut,frtRoadHeavy
DE,h0409,0.0,scr1997,mustOut,frtRoadHeavy
DE,h0410,0.0,scr1997,mustOut,frtRoadHeavy
DE,h0411,0.0,scr1997,mustOut,frtRoadHeavy
DE,h0412,0.0,scr1997,mustOut,frtRoadHeavy
DE,h0413,0.0,scr1997,mustOut,frtRoadHeavy
DE,h0414,0.0,scr1997,mustOut,frtRoadHeavy
DE,h0415,0.08498188447359888,scr1997,mustOut,frtRoadHeavy
DE,h0416,0.1860031741122067,scr1997,mustOut,frtRoadHeavy
DE,h0417,0.29411765,scr1997,mustOut,frtRoadHeavy
DE,h0418,0.29411765,scr1997,mustOut,frtRoadHeavy
DE,h0419,0.29411765,scr1997,mustOut,frtRoadHeavy
DE,h0420,0.29411765,scr1997,mustOut,frtRoadHeavy
DE,h0421,0.29411765,scr1997,mustOut,frtRoadHeavy
DE,h0422,0.29411765,scr1997,mustOut,frtRoadHeavy
DE,h0423,0.29411765,scr1997,mustOut,frtRoadHeavy
DE,h0424,0.29411765,scr1997,mustOut,frtRoadHeavy
DE,h0425,0.29411765,scr1997,mustOut,frtRoadHeavy
DE,h0426,0.29411765,scr1997,mustOut,frtRoadHeavy
DE,h0427,0.29411765,scr1997,mustOut,frtRoadHeavy
DE,h0428,0.29411765,scr1997,mustOut,frtRoadHeavy
DE,h0429,0.29411765,scr1997,mustOut,frtRoadHeavy
DE,h0430,0.1860031741122067,scr1997,mustOut,frtRoadHeavy
DE,h0431,0.08498188447359888,scr1997,mustOut,frtRoadHeavy
DE,h0432,0.0,scr1997,mustOut,frtRoadHeavy
DE,h0433,0.0,scr1997,mustOut,frtRoadHeavy
DE,h0434,0.0,scr1997,mustOut,frtRoadHeavy
DE,h0435,0.0,scr1997,mustOut,frtRoadHeavy
DE,h0436,0.0,scr1997,mustOut,frtRoadHeavy
DE,h0437,0.08498188447359888,scr1997,mustOut,frtRoadHeavy
DE,h0438,0.1860031741122067,scr1997,mustOut,frtRoadHeavy
DE,h0439,0.29411765,scr1997,mustOut,frtRoadHeavy
DE,h0440,0.29411765,scr1997,mustOut,frtRoadHeavy
DE,h0441,0.29411765,scr1997,mustOut,frtRoadHeavy
DE,h0442,0.29411765,scr1997,mustOut,frtRoadHeavy
DE,h0443,0.29411765,scr1997,mustOut,frtRoadHeavy
DE,h0444,0.29411765,scr1997,mustOut,frtRoadHeavy
DE,h0445,0.29411765,scr1997,mustOut,frtRoadHeavy
DE,h0446,0.29411765,scr1997,mustOut,frtRoadHeavy
DE,h0447,0.29411765,scr1997,mustOut,frtRoadHeavy
DE,h0448,0.29411765,scr1997,mustOut,frtRoadHeavy
DE,h0449,0.29411765,scr1997,mustOut,frtRoadHeavy
DE,h0450,0.29411765,scr1997,mustOut,frtRoadHeavy
DE,h0451,0.29411765,scr1997,mustOut,frtRoadHeavy
DE,h0452,0.29411765,scr1997,mustOut,frtRoadHeavy
DE,h0453,0.29411765,scr1997,mustOut,frtRoadHeavy
DE,h0454,0.1860031741122067,scr1997,mustOut,frtRoadHeavy
DE,h0455,0.08498188447359888,scr1997,mustOut,frtRoadHeavy
DE,h0456,0.0,scr1997,mustOut,frtRoadHeavy
DE,h0457,0.0,scr1997,mustOut,frtRoadHeavy
DE,h0458,0.0,scr1997,mustOut,frtRoadHeavy
DE,h0459,0.0,scr1997,mustOut,frtRoadHeavy
DE,h0460,0.0,scr1997,mustOut,frtRoadHeavy
DE,h0461,0.08498188447359888,scr1997,mustOut,frtRoadHeavy
DE,h0462,0.1860031741122067,scr1997,mustOut,frtRoadHeavy
DE,h0463,0.29411765,scr1997,mustOut,frtRoadHeavy
DE,h0464,0.29411765,scr1997,mustOut,frtRoadHeavy
DE,h0465,0.29411765,scr1997,mustOut,frtRoadHeavy
DE,h0466,0.29411765,scr1997,mustOut,frtRoadHeavy
DE,h0467,0.29411765,scr1997,mustOut,frtRoadHeavy
DE,h0468,0.29411765,scr1997,mustOut,frtRoadHeavy
DE,h0469,0.29411765,scr1997,mustOut,frtRoadHeavy
DE,h0470,0.29411765,scr1997,mustOut,frtRoadHeavy
DE,h0471,0.29411765,scr1997,mustOut,frtRoadHeavy
DE,h0472,0.29411765,scr1997,mustOut,frtRoadHeavy
DE,h0473,0.29411765,scr1997,mustOut,frtRoadHeavy
DE,h0474,0.29411765,scr1997,mustOut,frtRoadHeavy
DE,h0475,0.1860031741122067,scr1997,mustOut,frtRoadHeavy
DE,h0476,0.08498188447359888,scr1997,mustOut,frtRoadHeavy
DE,h0477,0.0,scr1997,mustOut,frtRoadHeavy
DE,h0478,0.0,scr1997,mustOut,frtRoadHeavy
DE,h0479,0.0,scr1997,mustOut,frtRoadHeavy
DE,h0480,0.0,scr1997,mustOut,frtRoadHeavy
GR,h0409,0.0,scr1997,mustOut,frtRoadHeavy
GR,h0410,0.0,scr1997,mustOut,frtRoadHeavy
GR,h0411,0.0,scr1997,mustOut,frtRoadHeavy
GR,h0412,0.0,scr1997,mustOut,frtRoadHeavy
GR,h0413,0.0,scr1997,mustOut,frtRoadHeavy
GR,h0414,0.0,scr1997,mustOut,frtRoadHeavy
GR,h0415,0.08498188447359888,scr1997,mustOut,frtRoadHeavy
GR,h0416,0.1860031741122067,scr1997,mustOut,frtRoadHeavy
GR,h0417,0.29411765,scr1997,mustOut,frtRoadHeavy
GR,h0418,0.29411765,scr1997,mustOut,frtRoadHeavy
GR,h0419,0.29411765,scr1997,mustOut,frtRoadHeavy
GR,h0420,0.29411765,scr1997,mustOut,frtRoadHeavy
GR,h0421,0.29411765,scr1997,mustOut,frtRoadHeavy
GR,h0422,0.29411765,scr1997,mustOut,frtRoadHeavy
GR,h0423,0.29411765,scr1997,mustOut,frtRoadHeavy
GR,h0424,0.29411765,scr1997,mustOut,frtRoadHeavy
GR,h0425,0.29411765,scr1997,mustOut,frtRoadHeavy
GR,h0426,0.29411765,scr1997,mustOut,frtRoadHeavy
GR,h0427,0.29411765,scr1997,mustOut,frtRoadHeavy
GR,h0428,0.29411765,scr1997,mustOut,frtRoadHeavy
GR,h0429,0.29411765,scr1997,mustOut,frtRoadHeavy
GR,h0430,0.1860031741122067,scr1997,mustOut,frtRoadHeavy
GR,h0431,0.08498188447359888,scr1997,mustOut,frtRoadHeavy
GR,h0432,0.0,scr1997,mustOut,frtRoadHeavy
GR,h0433,0.0,scr1997,mustOut,frtRoadHeavy
GR,h0434,0.0,scr1997,mustOut,frtRoadHeavy
GR,h0435,0.0,scr1997,mustOut,frtRoadHeavy
GR,h0436,0.0,scr1997,mustOut,frtRoadHeavy
GR,h0437,0.08498188447359888,scr1997,mustOut,frtRoadHeavy
GR,h0438,0.1860031741122067,scr1997,mustOut,frtRoadHeavy
GR,h0439,0.29411765,scr1997,mustOut,frtRoadHeavy
GR,h0440,0.29411765,scr1997,mustOut,frtRoadHeavy
GR,h0441,0.29411765,scr1997,mustOut,frtRoadHeavy
GR,h0442,0.29411765,scr1997,mustOut,frtRoadHeavy
GR,h0443,0.29411765,scr1997,mustOut,frtRoadHeavy
GR,h0444,0.29411765,scr1997,mustOut,frtRoadHeavy
GR,h0445,0.29411765,scr1997,mustOut,frtRoadHeavy
GR,h0446,0.29411765,scr1997,mustOut,frtRoadHeavy
GR,h0447,0.29411765,scr1997,mustOut,frtRoadHeavy
GR,h0448,0.29411765,scr1997,mustOut,frtRoadHeavy
GR,h0449,0.29411765,scr1997,mustOut,frtRoadHeavy
GR,h0450,0.29411765,scr1997,mustOut,frtRoadHeavy
GR,h0451,0.29411765,scr1997,mustOut,frtRoadHeavy
GR,h0452,0.29411765,scr1997,mustOut,frtRoadHeavy
GR,h0453,0.29411765,scr1997,mustOut,frtRoadHeavy
GR,h0454,0.1860031741122067,scr1997,mustOut,frtRoadHeavy
GR,h0455,0.08498188447359888,scr1997,mustOut,frtRoadHeavy
GR,h0456,0.0,scr1997,mustOut,frtRoadHeavy
GR,h0457,0.0,scr1997,mustOut,frtRoadHeavy
GR,h0458,0.0,scr1997,mustOut,frtRoadHeavy
GR,h0459,0.0,scr1997,mustOut,frtRoadHeavy
GR,h0460,0.0,scr1997,mustOut,frtRoadHeavy
GR,h0461,0.08498188447359888,scr1997,mustOut,frtRoadHeavy
GR,h0462,0.1860031741122067,scr1997,mustOut,frtRoadHeavy
GR,h0463,0.29411765,scr1997,mustOut,frtRoadHeavy
GR,h0464,0.29411765,scr1997,mustOut,frtRoadHeavy
GR,h0465,0.29411765,scr1997,mustOut,frtRoadHeavy
GR,h0466,0.29411765,scr1997,mustOut,frtRoadHeavy
GR,h0467,0.29411765,scr1997,mustOut,frtRoadHeavy
GR,h0468,0.29411765,scr1997,mustOut,frtRoadHeavy
GR,h0469,0.29411765,scr1997,mustOut,frtRoadHeavy
GR,h0470,0.29411765,scr1997,mustOut,frtRoadHeavy
GR,h0471,0.29411765,scr1997,mustOut,frtRoadHeavy
GR,h0472,0.29411765,scr1997,mustOut,frtRoadHeavy
GR,h0473,0.29411765,scr1997,mustOut,frtRoadHeavy
GR,h0474,0.29411765,scr1997,mustOut,frtRoadHeavy
GR,h0475,0.1860031741122067,scr1997,mustOut,frtRoadHeavy
GR,h0476,0.08498188447359888,scr1997,mustOut,frtRoadHeavy
GR,h0477,0.0,scr1997,mustOut,frtRoadHeavy
GR,h0478,0.0,scr1997,mustOut,frtRoadHeavy
GR,h0479,0.0,scr1997,mustOut,frtRoadHeavy
GR,h0480,0.0,scr1997,mustOut,frtRoadHeavy
ES,h0409,0.0,scr1997,mustOut,frtRoadHeavy
ES,h0410,0.0,scr1997,mustOut,frtRoadHeavy
ES,h0411,0.0,scr1997,mustOut,frtRoadHeavy
ES,h0412,0.0,scr1997,mustOut,frtRoadHeavy
ES,h0413,0.0,scr1997,mustOut,frtRoadHeavy
ES,h0414,0.0,scr1997,mustOut,frtRoadHeavy
ES,h0415,0.08498188447359888,scr1997,mustOut,frtRoadHeavy
ES,h0416,0.1860031741122067,scr1997,mustOut,frtRoadHeavy
ES,h0417,0.29411765,scr1997,mustOut,frtRoadHeavy
ES,h0418,0.29411765,scr1997,mustOut,frtRoadHeavy
ES,h0419,0.29411765,scr1997,mustOut,frtRoadHeavy
ES,h0420,0.29411765,scr1997,mustOut,frtRoadHeavy
ES,h0421,0.29411765,scr1997,mustOut,frtRoadHeavy
ES,h0422,0.29411765,scr1997,mustOut,frtRoadHeavy
ES,h0423,0.29411765,scr1997,mustOut,frtRoadHeavy
ES,h0424,0.29411765,scr1997,mustOut,frtRoadHeavy
ES,h0425,0.29411765,scr1997,mustOut,frtRoadHeavy
ES,h0426,0.29411765,scr1997,mustOut,frtRoadHeavy
ES,h0427,0.29411765,scr1997,mustOut,frtRoadHeavy
ES,h0428,0.29411765,scr1997,mustOut,frtRoadHeavy
ES,h0429,0.29411765,scr1997,mustOut,frtRoadHeavy
ES,h0430,0.1860031741122067,scr1997,mustOut,frtRoadHeavy
ES,h0431,0.08498188447359888,scr1997,mustOut,frtRoadHeavy
ES,h0432,0.0,scr1997,mustOut,frtRoadHeavy
ES,h0433,0.0,scr1997,mustOut,frtRoadHeavy
ES,h0434,0.0,scr1997,mustOut,frtRoadHeavy
ES,h0435,0.0,scr1997,mustOut,frtRoadHeavy
ES,h0436,0.0,scr1997,mustOut,frtRoadHeavy
ES,h0437,0.08498188447359888,scr1997,mustOut,frtRoadHeavy
ES,h0438,0.1860031741122067,scr1997,mustOut,frtRoadHeavy
ES,h0439,0.29411765,scr1997,mustOut,frtRoadHeavy
ES,h0440,0.29411765,scr1997,mustOut,frtRoadHeavy
ES,h0441,0.29411765,scr1997,mustOut,frtRoadHeavy
ES,h0442,0.29411765,scr1997,mustOut,frtRoadHeavy
ES,h0443,0.29411765,scr1997,mustOut,frtRoadHeavy
ES,h0444,0.29411765,scr1997,mustOut,frtRoadHeavy
ES,h0445,0.29411765,scr1997,mustOut,frtRoadHeavy
ES,h0446,0.29411765,scr1997,mustOut,frtRoadHeavy
ES,h0447,0.29411765,scr1997,mustOut,frtRoadHeavy
ES,h0448,0.29411765,scr1997,mustOut,frtRoadHeavy
ES,h0449,0.29411765,scr1997,mustOut,frtRoadHeavy
ES,h0450,0.29411765,scr1997,mustOut,frtRoadHeavy
ES,h0451,0.29411765,scr1997,mustOut,frtRoadHeavy
ES,h0452,0.29411765,scr1997,mustOut,frtRoadHeavy
ES,h0453,0.29411765,scr1997,mustOut,frtRoadHeavy
ES,h0454,0.1860031741122067,scr1997,mustOut,frtRoadHeavy
ES,h0455,0.08498188447359888,scr1997,mustOut,frtRoadHeavy
ES,h0456,0.0,scr1997,mustOut,frtRoadHeavy
ES,h0457,0.0,scr1997,mustOut,frtRoadHeavy
ES,h0458,0.0,scr1997,mustOut,frtRoadHeavy
ES,h0459,0.0,scr1997,mustOut,frtRoadHeavy
ES,h0460,0.0,scr1997,mustOut,frtRoadHeavy
ES,h0461,0.08498188447359888,scr1997,mustOut,frtRoadHeavy
ES,h0462,0.1860031741122067,scr1997,mustOut,frtRoadHeavy
ES,h0463,0.29411765,scr1997,mustOut,frtRoadHeavy
ES,h0464,0.29411765,scr1997,mustOut,frtRoadHeavy
ES,h0465,0.29411765,scr1997,mustOut,frtRoadHeavy
ES,h0466,0.29411765,scr1997,mustOut,frtRoadHeavy
ES,h0467,0.29411765,scr1997,mustOut,frtRoadHeavy
ES,h0468,0.29411765,scr1997,mustOut,frtRoadHeavy
ES,h0469,0.29411765,scr1997,mustOut,frtRoadHeavy
ES,h0470,0.29411765,scr1997,mustOut,frtRoadHeavy
ES,h0471,0.29411765,scr1997,mustOut,frtRoadHeavy
ES,h0472,0.29411765,scr1997,mustOut,frtRoadHeavy
ES,h0473,0.29411765,scr1997,mustOut,frtRoadHeavy
ES,h0474,0.29411765,scr1997,mustOut,frtRoadHeavy
ES,h0475,0.1860031741122067,scr1997,mustOut,frtRoadHeavy
ES,h0476,0.08498188447359888,scr1997,mustOut,frtRoadHeavy
ES,h0477,0.0,scr1997,mustOut,frtRoadHeavy
ES,h0478,0.0,scr1997,mustOut,frtRoadHeavy
ES,h0479,0.0,scr1997,mustOut,frtRoadHeavy
ES,h0480,0.0,scr1997,mustOut,frtRoadHeavy
DK,h0409,0.0,scr1997,mustOut,frtRoadHeavy
DK,h0410,0.0,scr1997,mustOut,frtRoadHeavy
DK,h0411,0.0,scr1997,mustOut,frtRoadHeavy
DK,h0412,0.0,scr1997,mustOut,frtRoadHeavy
DK,h0413,0.0,scr1997,mustOut,frtRoadHeavy
DK,h0414,0.0,scr1997,mustOut,frtRoadHeavy
DK,h0415,0.08498188447359888,scr1997,mustOut,frtRoadHeavy
DK,h0416,0.1860031741122067,scr1997,mustOut,frtRoadHeavy
DK,h0417,0.29411765,scr1997,mustOut,frtRoadHeavy
DK,h0418,0.29411765,scr1997,mustOut,frtRoadHeavy
DK,h0419,0.29411765,scr1997,mustOut,frtRoadHeavy
DK,h0420,0.29411765,scr1997,mustOut,frtRoadHeavy
DK,h0421,0.29411765,scr1997,mustOut,frtRoadHeavy
DK,h0422,0.29411765,scr1997,mustOut,frtRoadHeavy
DK,h0423,0.29411765,scr1997,mustOut,frtRoadHeavy
DK,h0424,0.29411765,scr1997,mustOut,frtRoadHeavy
DK,h0425,0.29411765,scr1997,mustOut,frtRoadHeavy
DK,h0426,0.29411765,scr1997,mustOut,frtRoadHeavy
DK,h0427,0.29411765,scr1997,mustOut,frtRoadHeavy
DK,h0428,0.29411765,scr1997,mustOut,frtRoadHeavy
DK,h0429,0.29411765,scr1997,mustOut,frtRoadHeavy
DK,h0430,0.1860031741122067,scr1997,mustOut,frtRoadHeavy
DK,h0431,0.08498188447359888,scr1997,mustOut,frtRoadHeavy
DK,h0432,0.0,scr1997,mustOut,frtRoadHeavy
DK,h0433,0.0,scr1997,mustOut,frtRoadHeavy
DK,h0434,0.0,scr1997,mustOut,frtRoadHeavy
DK,h0435,0.0,scr1997,mustOut,frtRoadHeavy
DK,h0436,0.0,scr1997,mustOut,frtRoadHeavy
DK,h0437,0.08498188447359888,scr1997,mustOut,frtRoadHeavy
DK,h0438,0.1860031741122067,scr1997,mustOut,frtRoadHeavy
DK,h0439,0.29411765,scr1997,mustOut,frtRoadHeavy
DK,h0440,0.29411765,scr1997,mustOut,frtRoadHeavy
DK,h0441,0.29411765,scr1997,mustOut,frtRoadHeavy
DK,h0442,0.29411765,scr1997,mustOut,frtRoadHeavy
DK,h0443,0.29411765,scr1997,mustOut,frtRoadHeavy
DK,h0444,0.29411765,scr1997,mustOut,frtRoadHeavy
DK,h0445,0.29411765,scr1997,mustOut,frtRoadHeavy
DK,h0446,0.29411765,scr1997,mustOut,frtRoadHeavy
DK,h0447,0.29411765,scr1997,mustOut,frtRoadHeavy
DK,h0448,0.29411765,scr1997,mustOut,frtRoadHeavy
DK,h0449,0.29411765,scr1997,mustOut,frtRoadHeavy
DK,h0450,0.29411765,scr1997,mustOut,frtRoadHeavy
DK,h0451,0.29411765,scr1997,mustOut,frtRoadHeavy
DK,h0452,0.29411765,scr1997,mustOut,frtRoadHeavy
DK,h0453,0.29411765,scr1997,mustOut,frtRoadHeavy
DK,h0454,0.1860031741122067,scr1997,mustOut,frtRoadHeavy
DK,h0455,0.08498188447359888,scr1997,mustOut,frtRoadHeavy
DK,h0456,0.0,scr1997,mustOut,frtRoadHeavy
DK,h0457,0.0,scr1997,mustOut,frtRoadHeavy
DK,h0458,0.0,scr1997,mustOut,frtRoadHeavy
DK,h0459,0.0,scr1997,mustOut,frtRoadHeavy
DK,h0460,0.0,scr1997,mustOut,frtRoadHeavy
DK,h0461,0.08498188447359888,scr1997,mustOut,frtRoadHeavy
DK,h0462,0.1860031741122067,scr1997,mustOut,frtRoadHeavy
DK,h0463,0.29411765,scr1997,mustOut,frtRoadHeavy
DK,h0464,0.29411765,scr1997,mustOut,frtRoadHeavy
DK,h0465,0.29411765,scr1997,mustOut,frtRoadHeavy
DK,h0466,0.29411765,scr1997,mustOut,frtRoadHeavy
DK,h0467,0.29411765,scr1997,mustOut,frtRoadHeavy
DK,h0468,0.29411765,scr1997,mustOut,frtRoadHeavy
DK,h0469,0.29411765,scr1997,mustOut,frtRoadHeavy
DK,h0470,0.29411765,scr1997,mustOut,frtRoadHeavy
DK,h0471,0.29411765,scr1997,mustOut,frtRoadHeavy
DK,h0472,0.29411765,scr1997,mustOut,frtRoadHeavy
DK,h0473,0.29411765,scr1997,mustOut,frtRoadHeavy
DK,h0474,0.29411765,scr1997,mustOut,frtRoadHeavy
DK,h0475,0.1860031741122067,scr1997,mustOut,frtRoadHeavy
DK,h0476,0.08498188447359888,scr1997,mustOut,frtRoadHeavy
DK,h0477,0.0,scr1997,mustOut,frtRoadHeavy
DK,h0478,0.0,scr1997,mustOut,frtRoadHeavy
DK,h0479,0.0,scr1997,mustOut,frtRoadHeavy
DK,h0480,0.0,scr1997,mustOut,frtRoadHeavy
EE,h0409,0.0,scr1997,mustOut,frtRoadHeavy
EE,h0410,0.0,scr1997,mustOut,frtRoadHeavy
EE,h0411,0.0,scr1997,mustOut,frtRoadHeavy
EE,h0412,0.0,scr1997,mustOut,frtRoadHeavy
EE,h0413,0.0,scr1997,mustOut,frtRoadHeavy
EE,h0414,0.0,scr1997,mustOut,frtRoadHeavy
EE,h0415,0.08498188447359888,scr1997,mustOut,frtRoadHeavy
EE,h0416,0.1860031741122067,scr1997,mustOut,frtRoadHeavy
EE,h0417,0.29411765,scr1997,mustOut,frtRoadHeavy
EE,h0418,0.29411765,scr1997,mustOut,frtRoadHeavy
EE,h0419,0.29411765,scr1997,mustOut,frtRoadHeavy
EE,h0420,0.29411765,scr1997,mustOut,frtRoadHeavy
EE,h0421,0.29411765,scr1997,mustOut,frtRoadHeavy
EE,h0422,0.29411765,scr1997,mustOut,frtRoadHeavy
EE,h0423,0.29411765,scr1997,mustOut,frtRoadHeavy
EE,h0424,0.29411765,scr1997,mustOut,frtRoadHeavy
EE,h0425,0.29411765,scr1997,mustOut,frtRoadHeavy
EE,h0426,0.29411765,scr1997,mustOut,frtRoadHeavy
EE,h0427,0.29411765,scr1997,mustOut,frtRoadHeavy
EE,h0428,0.29411765,scr1997,mustOut,frtRoadHeavy
EE,h0429,0.29411765,scr1997,mustOut,frtRoadHeavy
EE,h0430,0.1860031741122067,scr1997,mustOut,frtRoadHeavy
EE,h0431,0.08498188447359888,scr1997,mustOut,frtRoadHeavy
EE,h0432,0.0,scr1997,mustOut,frtRoadHeavy
EE,h0433,0.0,scr1997,mustOut,frtRoadHeavy
EE,h0434,0.0,scr1997,mustOut,frtRoadHeavy
EE,h0435,0.0,scr1997,mustOut,frtRoadHeavy
EE,h0436,0.0,scr1997,mustOut,frtRoadHeavy
EE,h0437,0.08498188447359888,scr1997,mustOut,frtRoadHeavy
EE,h0438,0.1860031741122067,scr1997,mustOut,frtRoadHeavy
EE,h0439,0.29411765,scr1997,mustOut,frtRoadHeavy
EE,h0440,0.29411765,scr1997,mustOut,frtRoadHeavy
EE,h0441,0.29411765,scr1997,mustOut,frtRoadHeavy
EE,h0442,0.29411765,scr1997,mustOut,frtRoadHeavy
EE,h0443,0.29411765,scr1997,mustOut,frtRoadHeavy
EE,h0444,0.29411765,scr1997,mustOut,frtRoadHeavy
EE,h0445,0.29411765,scr1997,mustOut,frtRoadHeavy
EE,h0446,0.29411765,scr1997,mustOut,frtRoadHeavy
EE,h0447,0.29411765,scr1997,mustOut,frtRoadHeavy
EE,h0448,0.29411765,scr1997,mustOut,frtRoadHeavy
EE,h0449,0.29411765,scr1997,mustOut,frtRoadHeavy
EE,h0450,0.29411765,scr1997,mustOut,frtRoadHeavy
EE,h0451,0.29411765,scr1997,mustOut,frtRoadHeavy
EE,h0452,0.29411765,scr1997,mustOut,frtRoadHeavy
EE,h0453,0.29411765,scr1997,mustOut,frtRoadHeavy
EE,h0454,0.1860031741122067,scr1997,mustOut,frtRoadHeavy
EE,h0455,0.08498188447359888,scr1997,mustOut,frtRoadHeavy
EE,h0456,0.0,scr1997,mustOut,frtRoadHeavy
EE,h0457,0.0,scr1997,mustOut,frtRoadHeavy
EE,h0458,0.0,scr1997,mustOut,frtRoadHeavy
EE,h0459,0.0,scr1997,mustOut,frtRoadHeavy
EE,h0460,0.0,scr1997,mustOut,frtRoadHeavy
EE,h0461,0.08498188447359888,scr1997,mustOut,frtRoadHeavy
EE,h0462,0.1860031741122067,scr1997,mustOut,frtRoadHeavy
EE,h0463,0.29411765,scr1997,mustOut,frtRoadHeavy
EE,h0464,0.29411765,scr1997,mustOut,frtRoadHeavy
EE,h0465,0.29411765,scr1997,mustOut,frtRoadHeavy
EE,h0466,0.29411765,scr1997,mustOut,frtRoadHeavy
EE,h0467,0.29411765,scr1997,mustOut,frtRoadHeavy
EE,h0468,0.29411765,scr1997,mustOut,frtRoadHeavy
EE,h0469,0.29411765,scr1997,mustOut,frtRoadHeavy
EE,h0470,0.29411765,scr1997,mustOut,frtRoadHeavy
EE,h0471,0.29411765,scr1997,mustOut,frtRoadHeavy
EE,h0472,0.29411765,scr1997,mustOut,frtRoadHeavy
EE,h0473,0.29411765,scr1997,mustOut,frtRoadHeavy
EE,h0474,0.29411765,scr1997,mustOut,frtRoadHeavy
EE,h0475,0.1860031741122067,scr1997,mustOut,frtRoadHeavy
EE,h0476,0.08498188447359888,scr1997,mustOut,frtRoadHeavy
EE,h0477,0.0,scr1997,mustOut,frtRoadHeavy
EE,h0478,0.0,scr1997,mustOut,frtRoadHeavy
EE,h0479,0.0,scr1997,mustOut,frtRoadHeavy
EE,h0480,0.0,scr1997,mustOut,frtRoadHeavy
FI,h0409,0.0,scr1997,mustOut,frtRoadHeavy
FI,h0410,0.0,scr1997,mustOut,frtRoadHeavy
FI,h0411,0.0,scr1997,mustOut,frtRoadHeavy
FI,h0412,0.0,scr1997,mustOut,frtRoadHeavy
FI,h0413,0.0,scr1997,mustOut,frtRoadHeavy
FI,h0414,0.0,scr1997,mustOut,frtRoadHeavy
FI,h0415,0.08498188447359888,scr1997,mustOut,frtRoadHeavy
FI,h0416,0.1860031741122067,scr1997,mustOut,frtRoadHeavy
FI,h0417,0.29411765,scr1997,mustOut,frtRoadHeavy
FI,h0418,0.29411765,scr1997,mustOut,frtRoadHeavy
FI,h0419,0.29411765,scr1997,mustOut,frtRoadHeavy
FI,h0420,0.29411765,scr1997,mustOut,frtRoadHeavy
FI,h0421,0.29411765,scr1997,mustOut,frtRoadHeavy
FI,h0422,0.29411765,scr1997,mustOut,frtRoadHeavy
FI,h0423,0.29411765,scr1997,mustOut,frtRoadHeavy
FI,h0424,0.29411765,scr1997,mustOut,frtRoadHeavy
FI,h0425,0.29411765,scr1997,mustOut,frtRoadHeavy
FI,h0426,0.29411765,scr1997,mustOut,frtRoadHeavy
FI,h0427,0.29411765,scr1997,mustOut,frtRoadHeavy
FI,h0428,0.29411765,scr1997,mustOut,frtRoadHeavy
FI,h0429,0.29411765,scr1997,mustOut,frtRoadHeavy
FI,h0430,0.1860031741122067,scr1997,mustOut,frtRoadHeavy
FI,h0431,0.08498188447359888,scr1997,mustOut,frtRoadHeavy
FI,h0432,0.0,scr1997,mustOut,frtRoadHeavy
FI,h0433,0.0,scr1997,mustOut,frtRoadHeavy
FI,h0434,0.0,scr1997,mustOut,frtRoadHeavy
FI,h0435,0.0,scr1997,mustOut,frtRoadHeavy
FI,h0436,0.0,scr1997,mustOut,frtRoadHeavy
FI,h0437,0.08498188447359888,scr1997,mustOut,frtRoadHeavy
FI,h0438,0.1860031741122067,scr1997,mustOut,frtRoadHeavy
FI,h0439,0.29411765,scr1997,mustOut,frtRoadHeavy
FI,h0440,0.29411765,scr1997,mustOut,frtRoadHeavy
FI,h0441,0.29411765,scr1997,mustOut,frtRoadHeavy
FI,h0442,0.29411765,scr1997,mustOut,frtRoadHeavy
FI,h0443,0.29411765,scr1997,mustOut,frtRoadHeavy
FI,h0444,0.29411765,scr1997,mustOut,frtRoadHeavy
FI,h0445,0.29411765,scr1997,mustOut,frtRoadHeavy
FI,h0446,0.29411765,scr1997,mustOut,frtRoadHeavy
FI,h0447,0.29411765,scr1997,mustOut,frtRoadHeavy
FI,h0448,0.29411765,scr1997,mustOut,frtRoadHeavy
FI,h0449,0.29411765,scr1997,mustOut,frtRoadHeavy
FI,h0450,0.29411765,scr1997,mustOut,frtRoadHeavy
FI,h0451,0.29411765,scr1997,mustOut,frtRoadHeavy
FI,h0452,0.29411765,scr1997,mustOut,frtRoadHeavy
FI,h0453,0.29411765,scr1997,mustOut,frtRoadHeavy
FI,h0454,0.1860031741122067,scr1997,mustOut,frtRoadHeavy
FI,h0455,0.08498188447359888,scr1997,mustOut,frtRoadHeavy
FI,h0456,0.0,scr1997,mustOut,frtRoadHeavy
FI,h0457,0.0,scr1997,mustOut,frtRoadHeavy
FI,h0458,0.0,scr1997,mustOut,frtRoadHeavy
FI,h0459,0.0,scr1997,mustOut,frtRoadHeavy
FI,h0460,0.0,scr1997,mustOut,frtRoadHeavy
FI,h0461,0.08498188447359888,scr1997,mustOut,frtRoadHeavy
FI,h0462,0.1860031741122067,scr1997,mustOut,frtRoadHeavy
FI,h0463,0.29411765,scr1997,mustOut,frtRoadHeavy
FI,h0464,0.29411765,scr1997,mustOut,frtRoadHeavy
FI,h0465,0.29411765,scr1997,mustOut,frtRoadHeavy
FI,h0466,0.29411765,scr1997,mustOut,frtRoadHeavy
FI,h0467,0.29411765,scr1997,mustOut,frtRoadHeavy
FI,h0468,0.29411765,scr1997,mustOut,frtRoadHeavy
FI,h0469,0.29411765,scr1997,mustOut,frtRoadHeavy
FI,h0470,0.29411765,scr1997,mustOut,frtRoadHeavy
FI,h0471,0.29411765,scr1997,mustOut,frtRoadHeavy
FI,h0472,0.29411765,scr1997,mustOut,frtRoadHeavy
FI,h0473,0.29411765,scr1997,mustOut,frtRoadHeavy
FI,h0474,0.29411765,scr1997,mustOut,frtRoadHeavy
FI,h0475,0.1860031741122067,scr1997,mustOut,frtRoadHeavy
FI,h0476,0.08498188447359888,scr1997,mustOut,frtRoadHeavy
FI,h0477,0.0,scr1997,mustOut,frtRoadHeavy
FI,h0478,0.0,scr1997,mustOut,frtRoadHeavy
FI,h0479,0.0,scr1997,mustOut,frtRoadHeavy
FI,h0480,0.0,scr1997,mustOut,frtRoadHeavy
FR,h0409,0.0,scr1997,mustOut,frtRoadHeavy
FR,h0410,0.0,scr1997,mustOut,frtRoadHeavy
FR,h0411,0.0,scr1997,mustOut,frtRoadHeavy
FR,h0412,0.0,scr1997,mustOut,frtRoadHeavy
FR,h0413,0.0,scr1997,mustOut,frtRoadHeavy
FR,h0414,0.0,scr1997,mustOut,frtRoadHeavy
FR,h0415,0.08498188447359886,scr1997,mustOut,frtRoadHeavy
FR,h0416,0.18600317411220668,scr1997,mustOut,frtRoadHeavy
FR,h0417,0.29411764999999995,scr1997,mustOut,frtRoadHeavy
FR,h0418,0.29411764999999995,scr1997,mustOut,frtRoadHeavy
FR,h0419,0.29411764999999995,scr1997,mustOut,frtRoadHeavy
FR,h0420,0.29411764999999995,scr1997,mustOut,frtRoadHeavy
FR,h0421,0.29411764999999995,scr1997,mustOut,frtRoadHeavy
FR,h0422,0.29411764999999995,scr1997,mustOut,frtRoadHeavy
FR,h0423,0.29411764999999995,scr1997,mustOut,frtRoadHeavy
FR,h0424,0.29411764999999995,scr1997,mustOut,frtRoadHeavy
FR,h0425,0.29411764999999995,scr1997,mustOut,frtRoadHeavy
FR,h0426,0.29411764999999995,scr1997,mustOut,frtRoadHeavy
FR,h0427,0.29411764999999995,scr1997,mustOut,frtRoadHeavy
FR,h0428,0.29411764999999995,scr1997,mustOut,frtRoadHeavy
FR,h0429,0.29411764999999995,scr1997,mustOut,frtRoadHeavy
FR,h0430,0.18600317411220668,scr1997,mustOut,frtRoadHeavy
FR,h0431,0.08498188447359886,scr1997,mustOut,frtRoadHeavy
FR,h0432,0.0,scr1997,mustOut,frtRoadHeavy
FR,h0433,0.0,scr1997,mustOut,frtRoadHeavy
FR,h0434,0.0,scr1997,mustOut,frtRoadHeavy
FR,h0435,0.0,scr1997,mustOut,frtRoadHeavy
FR,h0436,0.0,scr1997,mustOut,frtRoadHeavy
FR,h0437,0.08498188447359886,scr1997,mustOut,frtRoadHeavy
FR,h0438,0.18600317411220668,scr1997,mustOut,frtRoadHeavy
FR,h0439,0.29411764999999995,scr1997,mustOut,frtRoadHeavy
FR,h0440,0.29411764999999995,scr1997,mustOut,frtRoadHeavy
FR,h0441,0.29411764999999995,scr1997,mustOut,frtRoadHeavy
FR,h0442,0.29411764999999995,scr1997,mustOut,frtRoadHeavy
FR,h0443,0.29411764999999995,scr1997,mustOut,frtRoadHeavy
FR,h0444,0.29411764999999995,scr1997,mustOut,frtRoadHeavy
FR,h0445,0.29411764999999995,scr1997,mustOut,frtRoadHeavy
FR,h0446,0.29411764999999995,scr1997,mustOut,frtRoadHeavy
FR,h0447,0.29411764999999995,scr1997,mustOut,frtRoadHeavy
FR,h0448,0.29411764999999995,scr1997,mustOut,frtRoadHeavy
FR,h0449,0.29411764999999995,scr1997,mustOut,frtRoadHeavy
FR,h0450,0.29411764999999995,scr1997,mustOut,frtRoadHeavy
FR,h0451,0.29411764999999995,scr1997,mustOut,frtRoadHeavy
FR,h0452,0.29411764999999995,scr1997,mustOut,frtRoadHeavy
FR,h0453,0.29411764999999995,scr1997,mustOut,frtRoadHeavy
FR,h0454,0.18600317411220668,scr1997,mustOut,frtRoadHeavy
FR,h0455,0.08498188447359886,scr1997,mustOut,frtRoadHeavy
FR,h0456,0.0,scr1997,mustOut,frtRoadHeavy
FR,h0457,0.0,scr1997,mustOut,frtRoadHeavy
FR,h0458,0.0,scr1997,mustOut,frtRoadHeavy
FR,h0459,0.0,scr1997,mustOut,frtRoadHeavy
FR,h0460,0.0,scr1997,mustOut,frtRoadHeavy
FR,h0461,0.08498188447359886,scr1997,mustOut,frtRoadHeavy
FR,h0462,0.18600317411220668,scr1997,mustOut,frtRoadHeavy
FR,h0463,0.29411764999999995,scr1997,mustOut,frtRoadHeavy
FR,h0464,0.29411764999999995,scr1997,mustOut,frtRoadHeavy
FR,h0465,0.29411764999999995,scr1997,mustOut,frtRoadHeavy
FR,h0466,0.29411764999999995,scr1997,mustOut,frtRoadHeavy
FR,h0467,0.29411764999999995,scr1997,mustOut,frtRoadHeavy
FR,h0468,0.29411764999999995,scr1997,mustOut,frtRoadHeavy
FR,h0469,0.29411764999999995,scr1997,mustOut,frtRoadHeavy
FR,h0470,0.29411764999999995,scr1997,mustOut,frtRoadHeavy
FR,h0471,0.29411764999999995,scr1997,mustOut,frtRoadHeavy
FR,h0472,0.29411764999999995,scr1997,mustOut,frtRoadHeavy
FR,h0473,0.29411764999999995,scr1997,mustOut,frtRoadHeavy
FR,h0474,0.29411764999999995,scr1997,mustOut,frtRoadHeavy
FR,h0475,0.18600317411220668,scr1997,mustOut,frtRoadHeavy
FR,h0476,0.08498188447359886,scr1997,mustOut,frtRoadHeavy
FR,h0477,0.0,scr1997,mustOut,frtRoadHeavy
FR,h0478,0.0,scr1997,mustOut,frtRoadHeavy
FR,h0479,0.0,scr1997,mustOut,frtRoadHeavy
FR,h0480,0.0,scr1997,mustOut,frtRoadHeavy
IT,h0409,0.0,scr1997,mustOut,frtRoadHeavy
IT,h0410,0.0,scr1997,mustOut,frtRoadHeavy
IT,h0411,0.0,scr1997,mustOut,frtRoadHeavy
IT,h0412,0.0,scr1997,mustOut,frtRoadHeavy
IT,h0413,0.0,scr1997,mustOut,frtRoadHeavy
IT,h0414,0.0,scr1997,mustOut,frtRoadHeavy
IT,h0415,0.08498188447359888,scr1997,mustOut,frtRoadHeavy
IT,h0416,0.1860031741122067,scr1997,mustOut,frtRoadHeavy
IT,h0417,0.29411765,scr1997,mustOut,frtRoadHeavy
IT,h0418,0.29411765,scr1997,mustOut,frtRoadHeavy
IT,h0419,0.29411765,scr1997,mustOut,frtRoadHeavy
IT,h0420,0.29411765,scr1997,mustOut,frtRoadHeavy
IT,h0421,0.29411765,scr1997,mustOut,frtRoadHeavy
IT,h0422,0.29411765,scr1997,mustOut,frtRoadHeavy
IT,h0423,0.29411765,scr1997,mustOut,frtRoadHeavy
IT,h0424,0.29411765,scr1997,mustOut,frtRoadHeavy
IT,h0425,0.29411765,scr1997,mustOut,frtRoadHeavy
IT,h0426,0.29411765,scr1997,mustOut,frtRoadHeavy
IT,h0427,0.29411765,scr1997,mustOut,frtRoadHeavy
IT,h0428,0.29411765,scr1997,mustOut,frtRoadHeavy
IT,h0429,0.29411765,scr1997,mustOut,frtRoadHeavy
IT,h0430,0.1860031741122067,scr1997,mustOut,frtRoadHeavy
IT,h0431,0.08498188447359888,scr1997,mustOut,frtRoadHeavy
IT,h0432,0.0,scr1997,mustOut,frtRoadHeavy
IT,h0433,0.0,scr1997,mustOut,frtRoadHeavy
IT,h0434,0.0,scr1997,mustOut,frtRoadHeavy
IT,h0435,0.0,scr1997,mustOut,frtRoadHeavy
IT,h0436,0.0,scr1997,mustOut,frtRoadHeavy
IT,h0437,0.08498188447359888,scr1997,mustOut,frtRoadHeavy
IT,h0438,0.1860031741122067,scr1997,mustOut,frtRoadHeavy
IT,h0439,0.29411765,scr1997,mustOut,frtRoadHeavy
IT,h0440,0.29411765,scr1997,mustOut,frtRoadHeavy
IT,h0441,0.29411765,scr1997,mustOut,frtRoadHeavy
IT,h0442,0.29411765,scr1997,mustOut,frtRoadHeavy
IT,h0443,0.29411765,scr1997,mustOut,frtRoadHeavy
IT,h0444,0.29411765,scr1997,mustOut,frtRoadHeavy
IT,h0445,0.29411765,scr1997,mustOut,frtRoadHeavy
IT,h0446,0.29411765,scr1997,mustOut,frtRoadHeavy
IT,h0447,0.29411765,scr1997,mustOut,frtRoadHeavy
IT,h0448,0.29411765,scr1997,mustOut,frtRoadHeavy
IT,h0449,0.29411765,scr1997,mustOut,frtRoadHeavy
IT,h0450,0.29411765,scr1997,mustOut,frtRoadHeavy
IT,h0451,0.29411765,scr1997,mustOut,frtRoadHeavy
IT,h0452,0.29411765,scr1997,mustOut,frtRoadHeavy
IT,h0453,0.29411765,scr1997,mustOut,frtRoadHeavy
IT,h0454,0.1860031741122067,scr1997,mustOut,frtRoadHeavy
IT,h0455,0.08498188447359888,scr1997,mustOut,frtRoadHeavy
IT,h0456,0.0,scr1997,mustOut,frtRoadHeavy
IT,h0457,0.0,scr1997,mustOut,frtRoadHeavy
IT,h0458,0.0,scr1997,mustOut,frtRoadHeavy
IT,h0459,0.0,scr1997,mustOut,frtRoadHeavy
IT,h0460,0.0,scr1997,mustOut,frtRoadHeavy
IT,h0461,0.08498188447359888,scr1997,mustOut,frtRoadHeavy
IT,h0462,0.1860031741122067,scr1997,mustOut,frtRoadHeavy
IT,h0463,0.29411765,scr1997,mustOut,frtRoadHeavy
IT,h0464,0.29411765,scr1997,mustOut,frtRoadHeavy
IT,h0465,0.29411765,scr1997,mustOut,frtRoadHeavy
IT,h0466,0.29411765,scr1997,mustOut,frtRoadHeavy
IT,h0467,0.29411765,scr1997,mustOut,frtRoadHeavy
IT,h0468,0.29411765,scr1997,mustOut,frtRoadHeavy
IT,h0469,0.29411765,scr1997,mustOut,frtRoadHeavy
IT,h0470,0.29411765,scr1997,mustOut,frtRoadHeavy
IT,h0471,0.29411765,scr1997,mustOut,frtRoadHeavy
IT,h0472,0.29411765,scr1997,mustOut,frtRoadHeavy
IT,h0473,0.29411765,scr1997,mustOut,frtRoadHeavy
IT,h0474,0.29411765,scr1997,mustOut,frtRoadHeavy
IT,h0475,0.1860031741122067,scr1997,mustOut,frtRoadHeavy
IT,h0476,0.08498188447359888,scr1997,mustOut,frtRoadHeavy
IT,h0477,0.0,scr1997,mustOut,frtRoadHeavy
IT,h0478,0.0,scr1997,mustOut,frtRoadHeavy
IT,h0479,0.0,scr1997,mustOut,frtRoadHeavy
IT,h0480,0.0,scr1997,mustOut,frtRoadHeavy
NL,h0409,0.0,scr1997,mustOut,frtRoadHeavy
NL,h0410,0.0,scr1997,mustOut,frtRoadHeavy
NL,h0411,0.0,scr1997,mustOut,frtRoadHeavy
NL,h0412,0.0,scr1997,mustOut,frtRoadHeavy
NL,h0413,0.0,scr1997,mustOut,frtRoadHeavy
NL,h0414,0.0,scr1997,mustOut,frtRoadHeavy
NL,h0415,0.08498188447359888,scr1997,mustOut,frtRoadHeavy
NL,h0416,0.1860031741122067,scr1997,mustOut,frtRoadHeavy
NL,h0417,0.29411765,scr1997,mustOut,frtRoadHeavy
NL,h0418,0.29411765,scr1997,mustOut,frtRoadHeavy
NL,h0419,0.29411765,scr1997,mustOut,frtRoadHeavy
NL,h0420,0.29411765,scr1997,mustOut,frtRoadHeavy
NL,h0421,0.29411765,scr1997,mustOut,frtRoadHeavy
NL,h0422,0.29411765,scr1997,mustOut,frtRoadHeavy
NL,h0423,0.29411765,scr1997,mustOut,frtRoadHeavy
NL,h0424,0.29411765,scr1997,mustOut,frtRoadHeavy
NL,h0425,0.29411765,scr1997,mustOut,frtRoadHeavy
NL,h0426,0.29411765,scr1997,mustOut,frtRoadHeavy
NL,h0427,0.29411765,scr1997,mustOut,frtRoadHeavy
NL,h0428,0.29411765,scr1997,mustOut,frtRoadHeavy
NL,h0429,0.29411765,scr1997,mustOut,frtRoadHeavy
NL,h0430,0.1860031741122067,scr1997,mustOut,frtRoadHeavy
NL,h0431,0.08498188447359888,scr1997,mustOut,frtRoadHeavy
NL,h0432,0.0,scr1997,mustOut,frtRoadHeavy
NL,h0433,0.0,scr1997,mustOut,frtRoadHeavy
NL,h0434,0.0,scr1997,mustOut,frtRoadHeavy
NL,h0435,0.0,scr1997,mustOut,frtRoadHeavy
NL,h0436,0.0,scr1997,mustOut,frtRoadHeavy
NL,h0437,0.08498188447359888,scr1997,mustOut,frtRoadHeavy
NL,h0438,0.1860031741122067,scr1997,mustOut,frtRoadHeavy
NL,h0439,0.29411765,scr1997,mustOut,frtRoadHeavy
NL,h0440,0.29411765,scr1997,mustOut,frtRoadHeavy
NL,h0441,0.29411765,scr1997,mustOut,frtRoadHeavy
NL,h0442,0.29411765,scr1997,mustOut,frtRoadHeavy
NL,h0443,0.29411765,scr1997,mustOut,frtRoadHeavy
NL,h0444,0.29411765,scr1997,mustOut,frtRoadHeavy
NL,h0445,0.29411765,scr1997,mustOut,frtRoadHeavy
NL,h0446,0.29411765,scr1997,mustOut,frtRoadHeavy
NL,h0447,0.29411765,scr1997,mustOut,frtRoadHeavy
NL,h0448,0.29411765,scr1997,mustOut,frtRoadHeavy
NL,h0449,0.29411765,scr1997,mustOut,frtRoadHeavy
NL,h0450,0.29411765,scr1997,mustOut,frtRoadHeavy
NL,h0451,0.29411765,scr1997,mustOut,frtRoadHeavy
NL,h0452,0.29411765,scr1997,mustOut,frtRoadHeavy
NL,h0453,0.29411765,scr1997,mustOut,frtRoadHeavy
NL,h0454,0.1860031741122067,scr1997,mustOut,frtRoadHeavy
NL,h0455,0.08498188447359888,scr1997,mustOut,frtRoadHeavy
NL,h0456,0.0,scr1997,mustOut,frtRoadHeavy
NL,h0457,0.0,scr1997,mustOut,frtRoadHeavy
NL,h0458,0.0,scr1997,mustOut,frtRoadHeavy
NL,h0459,0.0,scr1997,mustOut,frtRoadHeavy
NL,h0460,0.0,scr1997,mustOut,frtRoadHeavy
NL,h0461,0.08498188447359888,scr1997,mustOut,frtRoadHeavy
NL,h0462,0.1860031741122067,scr1997,mustOut,frtRoadHeavy
NL,h0463,0.29411765,scr1997,mustOut,frtRoadHeavy
NL,h0464,0.29411765,scr1997,mustOut,frtRoadHeavy
NL,h0465,0.29411765,scr1997,mustOut,frtRoadHeavy
NL,h0466,0.29411765,scr1997,mustOut,frtRoadHeavy
NL,h0467,0.29411765,scr1997,mustOut,frtRoadHeavy
NL,h0468,0.29411765,scr1997,mustOut,frtRoadHeavy
NL,h0469,0.29411765,scr1997,mustOut,frtRoadHeavy
NL,h0470,0.29411765,scr1997,mustOut,frtRoadHeavy
NL,h0471,0.29411765,scr1997,mustOut,frtRoadHeavy
NL,h0472,0.29411765,scr1997,mustOut,frtRoadHeavy
NL,h0473,0.29411765,scr1997,mustOut,frtRoadHeavy
NL,h0474,0.29411765,scr1997,mustOut,frtRoadHeavy
NL,h0475,0.1860031741122067,scr1997,mustOut,frtRoadHeavy
NL,h0476,0.08498188447359888,scr1997,mustOut,frtRoadHeavy
NL,h0477,0.0,scr1997,mustOut,frtRoadHeavy
NL,h0478,0.0,scr1997,mustOut,frtRoadHeavy
NL,h0479,0.0,scr1997,mustOut,frtRoadHeavy
NL,h0480,0.0,scr1997,mustOut,frtRoadHeavy
IE,h0409,0.0,scr1997,mustOut,frtRoadHeavy
IE,h0410,0.0,scr1997,mustOut,frtRoadHeavy
IE,h0411,0.0,scr1997,mustOut,frtRoadHeavy
IE,h0412,0.0,scr1997,mustOut,frtRoadHeavy
IE,h0413,0.0,scr1997,mustOut,frtRoadHeavy
IE,h0414,0.0,scr1997,mustOut,frtRoadHeavy
IE,h0415,0.08498188447359888,scr1997,mustOut,frtRoadHeavy
IE,h0416,0.1860031741122067,scr1997,mustOut,frtRoadHeavy
IE,h0417,0.29411765,scr1997,mustOut,frtRoadHeavy
IE,h0418,0.29411765,scr1997,mustOut,frtRoadHeavy
IE,h0419,0.29411765,scr1997,mustOut,frtRoadHeavy
IE,h0420,0.29411765,scr1997,mustOut,frtRoadHeavy
IE,h0421,0.29411765,scr1997,mustOut,frtRoadHeavy
IE,h0422,0.29411765,scr1997,mustOut,frtRoadHeavy
IE,h0423,0.29411765,scr1997,mustOut,frtRoadHeavy
IE,h0424,0.29411765,scr1997,mustOut,frtRoadHeavy
IE,h0425,0.29411765,scr1997,mustOut,frtRoadHeavy
IE,h0426,0.29411765,scr1997,mustOut,frtRoadHeavy
IE,h0427,0.29411765,scr1997,mustOut,frtRoadHeavy
IE,h0428,0.29411765,scr1997,mustOut,frtRoadHeavy
IE,h0429,0.29411765,scr1997,mustOut,frtRoadHeavy
IE,h0430,0.1860031741122067,scr1997,mustOut,frtRoadHeavy
IE,h0431,0.08498188447359888,scr1997,mustOut,frtRoadHeavy
IE,h0432,0.0,scr1997,mustOut,frtRoadHeavy
IE,h0433,0.0,scr1997,mustOut,frtRoadHeavy
IE,h0434,0.0,scr1997,mustOut,frtRoadHeavy
IE,h0435,0.0,scr1997,mustOut,frtRoadHeavy
IE,h0436,0.0,scr1997,mustOut,frtRoadHeavy
IE,h0437,0.08498188447359888,scr1997,mustOut,frtRoadHeavy
IE,h0438,0.1860031741122067,scr1997,mustOut,frtRoadHeavy
IE,h0439,0.29411765,scr1997,mustOut,frtRoadHeavy
IE,h0440,0.29411765,scr1997,mustOut,frtRoadHeavy
IE,h0441,0.29411765,scr1997,mustOut,frtRoadHeavy
IE,h0442,0.29411765,scr1997,mustOut,frtRoadHeavy
IE,h0443,0.29411765,scr1997,mustOut,frtRoadHeavy
IE,h0444,0.29411765,scr1997,mustOut,frtRoadHeavy
IE,h0445,0.29411765,scr1997,mustOut,frtRoadHeavy
IE,h0446,0.29411765,scr1997,mustOut,frtRoadHeavy
IE,h0447,0.29411765,scr1997,mustOut,frtRoadHeavy
IE,h0448,0.29411765,scr1997,mustOut,frtRoadHeavy
IE,h0449,0.29411765,scr1997,mustOut,frtRoadHeavy
IE,h0450,0.29411765,scr1997,mustOut,frtRoadHeavy
IE,h0451,0.29411765,scr1997,mustOut,frtRoadHeavy
IE,h0452,0.29411765,scr1997,mustOut,frtRoadHeavy
IE,h0453,0.29411765,scr1997,mustOut,frtRoadHeavy
IE,h0454,0.1860031741122067,scr1997,mustOut,frtRoadHeavy
IE,h0455,0.08498188447359888,scr1997,mustOut,frtRoadHeavy
IE,h0456,0.0,scr1997,mustOut,frtRoadHeavy
IE,h0457,0.0,scr1997,mustOut,frtRoadHeavy
IE,h0458,0.0,scr1997,mustOut,frtRoadHeavy
IE,h0459,0.0,scr1997,mustOut,frtRoadHeavy
IE,h0460,0.0,scr1997,mustOut,frtRoadHeavy
IE,h0461,0.08498188447359888,scr1997,mustOut,frtRoadHeavy
IE,h0462,0.1860031741122067,scr1997,mustOut,frtRoadHeavy
IE,h0463,0.29411765,scr1997,mustOut,frtRoadHeavy
IE,h0464,0.29411765,scr1997,mustOut,frtRoadHeavy
IE,h0465,0.29411765,scr1997,mustOut,frtRoadHeavy
IE,h0466,0.29411765,scr1997,mustOut,frtRoadHeavy
IE,h0467,0.29411765,scr1997,mustOut,frtRoadHeavy
IE,h0468,0.29411765,scr1997,mustOut,frtRoadHeavy
IE,h0469,0.29411765,scr1997,mustOut,frtRoadHeavy
IE,h0470,0.29411765,scr1997,mustOut,frtRoadHeavy
IE,h0471,0.29411765,scr1997,mustOut,frtRoadHeavy
IE,h0472,0.29411765,scr1997,mustOut,frtRoadHeavy
IE,h0473,0.29411765,scr1997,mustOut,frtRoadHeavy
IE,h0474,0.29411765,scr1997,mustOut,frtRoadHeavy
IE,h0475,0.1860031741122067,scr1997,mustOut,frtRoadHeavy
IE,h0476,0.08498188447359888,scr1997,mustOut,frtRoadHeavy
IE,h0477,0.0,scr1997,mustOut,frtRoadHeavy
IE,h0478,0.0,scr1997,mustOut,frtRoadHeavy
IE,h0479,0.0,scr1997,mustOut,frtRoadHeavy
IE,h0480,0.0,scr1997,mustOut,frtRoadHeavy
HR,h0409,0.0,scr1997,mustOut,frtRoadHeavy
HR,h0410,0.0,scr1997,mustOut,frtRoadHeavy
HR,h0411,0.0,scr1997,mustOut,frtRoadHeavy
HR,h0412,0.0,scr1997,mustOut,frtRoadHeavy
HR,h0413,0.0,scr1997,mustOut,frtRoadHeavy
HR,h0414,0.0,scr1997,mustOut,frtRoadHeavy
HR,h0415,0.08498188447359888,scr1997,mustOut,frtRoadHeavy
HR,h0416,0.1860031741122067,scr1997,mustOut,frtRoadHeavy
HR,h0417,0.29411765,scr1997,mustOut,frtRoadHeavy
HR,h0418,0.29411765,scr1997,mustOut,frtRoadHeavy
HR,h0419,0.29411765,scr1997,mustOut,frtRoadHeavy
HR,h0420,0.29411765,scr1997,mustOut,frtRoadHeavy
HR,h0421,0.29411765,scr1997,mustOut,frtRoadHeavy
HR,h0422,0.29411765,scr1997,mustOut,frtRoadHeavy
HR,h0423,0.29411765,scr1997,mustOut,frtRoadHeavy
HR,h0424,0.29411765,scr1997,mustOut,frtRoadHeavy
HR,h0425,0.29411765,scr1997,mustOut,frtRoadHeavy
HR,h0426,0.29411765,scr1997,mustOut,frtRoadHeavy
HR,h0427,0.29411765,scr1997,mustOut,frtRoadHeavy
HR,h0428,0.29411765,scr1997,mustOut,frtRoadHeavy
HR,h0429,0.29411765,scr1997,mustOut,frtRoadHeavy
HR,h0430,0.1860031741122067,scr1997,mustOut,frtRoadHeavy
HR,h0431,0.08498188447359888,scr1997,mustOut,frtRoadHeavy
HR,h0432,0.0,scr1997,mustOut,frtRoadHeavy
HR,h0433,0.0,scr1997,mustOut,frtRoadHeavy
HR,h0434,0.0,scr1997,mustOut,frtRoadHeavy
HR,h0435,0.0,scr1997,mustOut,frtRoadHeavy
HR,h0436,0.0,scr1997,mustOut,frtRoadHeavy
HR,h0437,0.08498188447359888,scr1997,mustOut,frtRoadHeavy
HR,h0438,0.1860031741122067,scr1997,mustOut,frtRoadHeavy
HR,h0439,0.29411765,scr1997,mustOut,frtRoadHeavy
HR,h0440,0.29411765,scr1997,mustOut,frtRoadHeavy
HR,h0441,0.29411765,scr1997,mustOut,frtRoadHeavy
HR,h0442,0.29411765,scr1997,mustOut,frtRoadHeavy
HR,h0443,0.29411765,scr1997,mustOut,frtRoadHeavy
HR,h0444,0.29411765,scr1997,mustOut,frtRoadHeavy
HR,h0445,0.29411765,scr1997,mustOut,frtRoadHeavy
HR,h0446,0.29411765,scr1997,mustOut,frtRoadHeavy
HR,h0447,0.29411765,scr1997,mustOut,frtRoadHeavy
HR,h0448,0.29411765,scr1997,mustOut,frtRoadHeavy
HR,h0449,0.29411765,scr1997,mustOut,frtRoadHeavy
HR,h0450,0.29411765,scr1997,mustOut,frtRoadHeavy
HR,h0451,0.29411765,scr1997,mustOut,frtRoadHeavy
HR,h0452,0.29411765,scr1997,mustOut,frtRoadHeavy
HR,h0453,0.29411765,scr1997,mustOut,frtRoadHeavy
HR,h0454,0.1860031741122067,scr1997,mustOut,frtRoadHeavy
HR,h0455,0.08498188447359888,scr1997,mustOut,frtRoadHeavy
HR,h0456,0.0,scr1997,mustOut,frtRoadHeavy
HR,h0457,0.0,scr1997,mustOut,frtRoadHeavy
HR,h0458,0.0,scr1997,mustOut,frtRoadHeavy
HR,h0459,0.0,scr1997,mustOut,frtRoadHeavy
HR,h0460,0.0,scr1997,mustOut,frtRoadHeavy
HR,h0461,0.08498188447359888,scr1997,mustOut,frtRoadHeavy
HR,h0462,0.1860031741122067,scr1997,mustOut,frtRoadHeavy
HR,h0463,0.29411765,scr1997,mustOut,frtRoadHeavy
HR,h0464,0.29411765,scr1997,mustOut,frtRoadHeavy
HR,h0465,0.29411765,scr1997,mustOut,frtRoadHeavy
HR,h0466,0.29411765,scr1997,mustOut,frtRoadHeavy
HR,h0467,0.29411765,scr1997,mustOut,frtRoadHeavy
HR,h0468,0.29411765,scr1997,mustOut,frtRoadHeavy
HR,h0469,0.29411765,scr1997,mustOut,frtRoadHeavy
HR,h0470,0.29411765,scr1997,mustOut,frtRoadHeavy
HR,h0471,0.29411765,scr1997,mustOut,frtRoadHeavy
HR,h0472,0.29411765,scr1997,mustOut,frtRoadHeavy
HR,h0473,0.29411765,scr1997,mustOut,frtRoadHeavy
HR,h0474,0.29411765,scr1997,mustOut,frtRoadHeavy
HR,h0475,0.1860031741122067,scr1997,mustOut,frtRoadHeavy
HR,h0476,0.08498188447359888,scr1997,mustOut,frtRoadHeavy
HR,h0477,0.0,scr1997,mustOut,frtRoadHeavy
HR,h0478,0.0,scr1997,mustOut,frtRoadHeavy
HR,h0479,0.0,scr1997,mustOut,frtRoadHeavy
HR,h0480,0.0,scr1997,mustOut,frtRoadHeavy
HU,h0409,0.0,scr1997,mustOut,frtRoadHeavy
HU,h0410,0.0,scr1997,mustOut,frtRoadHeavy
HU,h0411,0.0,scr1997,mustOut,frtRoadHeavy
HU,h0412,0.0,scr1997,mustOut,frtRoadHeavy
HU,h0413,0.0,scr1997,mustOut,frtRoadHeavy
HU,h0414,0.0,scr1997,mustOut,frtRoadHeavy
HU,h0415,0.08498188447359888,scr1997,mustOut,frtRoadHeavy
HU,h0416,0.1860031741122067,scr1997,mustOut,frtRoadHeavy
HU,h0417,0.29411765,scr1997,mustOut,frtRoadHeavy
HU,h0418,0.29411765,scr1997,mustOut,frtRoadHeavy
HU,h0419,0.29411765,scr1997,mustOut,frtRoadHeavy
HU,h0420,0.29411765,scr1997,mustOut,frtRoadHeavy
HU,h0421,0.29411765,scr1997,mustOut,frtRoadHeavy
HU,h0422,0.29411765,scr1997,mustOut,frtRoadHeavy
HU,h0423,0.29411765,scr1997,mustOut,frtRoadHeavy
HU,h0424,0.29411765,scr1997,mustOut,frtRoadHeavy
HU,h0425,0.29411765,scr1997,mustOut,frtRoadHeavy
HU,h0426,0.29411765,scr1997,mustOut,frtRoadHeavy
HU,h0427,0.29411765,scr1997,mustOut,frtRoadHeavy
HU,h0428,0.29411765,scr1997,mustOut,frtRoadHeavy
HU,h0429,0.29411765,scr1997,mustOut,frtRoadHeavy
HU,h0430,0.1860031741122067,scr1997,mustOut,frtRoadHeavy
HU,h0431,0.08498188447359888,scr1997,mustOut,frtRoadHeavy
HU,h0432,0.0,scr1997,mustOut,frtRoadHeavy
HU,h0433,0.0,scr1997,mustOut,frtRoadHeavy
HU,h0434,0.0,scr1997,mustOut,frtRoadHeavy
HU,h0435,0.0,scr1997,mustOut,frtRoadHeavy
HU,h0436,0.0,scr1997,mustOut,frtRoadHeavy
HU,h0437,0.08498188447359888,scr1997,mustOut,frtRoadHeavy
HU,h0438,0.1860031741122067,scr1997,mustOut,frtRoadHeavy
HU,h0439,0.29411765,scr1997,mustOut,frtRoadHeavy
HU,h0440,0.29411765,scr1997,mustOut,frtRoadHeavy
HU,h0441,0.29411765,scr1997,mustOut,frtRoadHeavy
HU,h0442,0.29411765,scr1997,mustOut,frtRoadHeavy
HU,h0443,0.29411765,scr1997,mustOut,frtRoadHeavy
HU,h0444,0.29411765,scr1997,mustOut,frtRoadHeavy
HU,h0445,0.29411765,scr1997,mustOut,frtRoadHeavy
HU,h0446,0.29411765,scr1997,mustOut,frtRoadHeavy
HU,h0447,0.29411765,scr1997,mustOut,frtRoadHeavy
HU,h0448,0.29411765,scr1997,mustOut,frtRoadHeavy
HU,h0449,0.29411765,scr1997,mustOut,frtRoadHeavy
HU,h0450,0.29411765,scr1997,mustOut,frtRoadHeavy
HU,h0451,0.29411765,scr1997,mustOut,frtRoadHeavy
HU,h0452,0.29411765,scr1997,mustOut,frtRoadHeavy
HU,h0453,0.29411765,scr1997,mustOut,frtRoadHeavy
HU,h0454,0.1860031741122067,scr1997,mustOut,frtRoadHeavy
HU,h0455,0.08498188447359888,scr1997,mustOut,frtRoadHeavy
HU,h0456,0.0,scr1997,mustOut,frtRoadHeavy
HU,h0457,0.0,scr1997,mustOut,frtRoadHeavy
HU,h0458,0.0,scr1997,mustOut,frtRoadHeavy
HU,h0459,0.0,scr1997,mustOut,frtRoadHeavy
HU,h0460,0.0,scr1997,mustOut,frtRoadHeavy
HU,h0461,0.08498188447359888,scr1997,mustOut,frtRoadHeavy
HU,h0462,0.1860031741122067,scr1997,mustOut,frtRoadHeavy
HU,h0463,0.29411765,scr1997,mustOut,frtRoadHeavy
HU,h0464,0.29411765,scr1997,mustOut,frtRoadHeavy
HU,h0465,0.29411765,scr1997,mustOut,frtRoadHeavy
HU,h0466,0.29411765,scr1997,mustOut,frtRoadHeavy
HU,h0467,0.29411765,scr1997,mustOut,frtRoadHeavy
HU,h0468,0.29411765,scr1997,mustOut,frtRoadHeavy
HU,h0469,0.29411765,scr1997,mustOut,frtRoadHeavy
HU,h0470,0.29411765,scr1997,mustOut,frtRoadHeavy
HU,h0471,0.29411765,scr1997,mustOut,frtRoadHeavy
HU,h0472,0.29411765,scr1997,mustOut,frtRoadHeavy
HU,h0473,0.29411765,scr1997,mustOut,frtRoadHeavy
HU,h0474,0.29411765,scr1997,mustOut,frtRoadHeavy
HU,h0475,0.1860031741122067,scr1997,mustOut,frtRoadHeavy
HU,h0476,0.08498188447359888,scr1997,mustOut,frtRoadHeavy
HU,h0477,0.0,scr1997,mustOut,frtRoadHeavy
HU,h0478,0.0,scr1997,mustOut,frtRoadHeavy
HU,h0479,0.0,scr1997,mustOut,frtRoadHeavy
HU,h0480,0.0,scr1997,mustOut,frtRoadHeavy
MK,h0409,0.0,scr1997,mustOut,frtRoadHeavy
MK,h0410,0.0,scr1997,mustOut,frtRoadHeavy
MK,h0411,0.0,scr1997,mustOut,frtRoadHeavy
MK,h0412,0.0,scr1997,mustOut,frtRoadHeavy
MK,h0413,0.0,scr1997,mustOut,frtRoadHeavy
MK,h0414,0.0,scr1997,mustOut,frtRoadHeavy
MK,h0415,0.08498188447359888,scr1997,mustOut,frtRoadHeavy
MK,h0416,0.1860031741122067,scr1997,mustOut,frtRoadHeavy
MK,h0417,0.29411765,scr1997,mustOut,frtRoadHeavy
MK,h0418,0.29411765,scr1997,mustOut,frtRoadHeavy
MK,h0419,0.29411765,scr1997,mustOut,frtRoadHeavy
MK,h0420,0.29411765,scr1997,mustOut,frtRoadHeavy
MK,h0421,0.29411765,scr1997,mustOut,frtRoadHeavy
MK,h0422,0.29411765,scr1997,mustOut,frtRoadHeavy
MK,h0423,0.29411765,scr1997,mustOut,frtRoadHeavy
MK,h0424,0.29411765,scr1997,mustOut,frtRoadHeavy
MK,h0425,0.29411765,scr1997,mustOut,frtRoadHeavy
MK,h0426,0.29411765,scr1997,mustOut,frtRoadHeavy
MK,h0427,0.29411765,scr1997,mustOut,frtRoadHeavy
MK,h0428,0.29411765,scr1997,mustOut,frtRoadHeavy
MK,h0429,0.29411765,scr1997,mustOut,frtRoadHeavy
MK,h0430,0.1860031741122067,scr1997,mustOut,frtRoadHeavy
MK,h0431,0.08498188447359888,scr1997,mustOut,frtRoadHeavy
MK,h0432,0.0,scr1997,mustOut,frtRoadHeavy
MK,h0433,0.0,scr1997,mustOut,frtRoadHeavy
MK,h0434,0.0,scr1997,mustOut,frtRoadHeavy
MK,h0435,0.0,scr1997,mustOut,frtRoadHeavy
MK,h0436,0.0,scr1997,mustOut,frtRoadHeavy
MK,h0437,0.08498188447359888,scr1997,mustOut,frtRoadHeavy
MK,h0438,0.1860031741122067,scr1997,mustOut,frtRoadHeavy
MK,h0439,0.29411765,scr1997,mustOut,frtRoadHeavy
MK,h0440,0.29411765,scr1997,mustOut,frtRoadHeavy
MK,h0441,0.29411765,scr1997,mustOut,frtRoadHeavy
MK,h0442,0.29411765,scr1997,mustOut,frtRoadHeavy
MK,h0443,0.29411765,scr1997,mustOut,frtRoadHeavy
MK,h0444,0.29411765,scr1997,mustOut,frtRoadHeavy
MK,h0445,0.29411765,scr1997,mustOut,frtRoadHeavy
MK,h0446,0.29411765,scr1997,mustOut,frtRoadHeavy
MK,h0447,0.29411765,scr1997,mustOut,frtRoadHeavy
MK,h0448,0.29411765,scr1997,mustOut,frtRoadHeavy
MK,h0449,0.29411765,scr1997,mustOut,frtRoadHeavy
MK,h0450,0.29411765,scr1997,mustOut,frtRoadHeavy
MK,h0451,0.29411765,scr1997,mustOut,frtRoadHeavy
MK,h0452,0.29411765,scr1997,mustOut,frtRoadHeavy
MK,h0453,0.29411765,scr1997,mustOut,frtRoadHeavy
MK,h0454,0.1860031741122067,scr1997,mustOut,frtRoadHeavy
MK,h0455,0.08498188447359888,scr1997,mustOut,frtRoadHeavy
MK,h0456,0.0,scr1997,mustOut,frtRoadHeavy
MK,h0457,0.0,scr1997,mustOut,frtRoadHeavy
MK,h0458,0.0,scr1997,mustOut,frtRoadHeavy
MK,h0459,0.0,scr1997,mustOut,frtRoadHeavy
MK,h0460,0.0,scr1997,mustOut,frtRoadHeavy
MK,h0461,0.08498188447359888,scr1997,mustOut,frtRoadHeavy
MK,h0462,0.1860031741122067,scr1997,mustOut,frtRoadHeavy
MK,h0463,0.29411765,scr1997,mustOut,frtRoadHeavy
MK,h0464,0.29411765,scr1997,mustOut,frtRoadHeavy
MK,h0465,0.29411765,scr1997,mustOut,frtRoadHeavy
MK,h0466,0.29411765,scr1997,mustOut,frtRoadHeavy
MK,h0467,0.29411765,scr1997,mustOut,frtRoadHeavy
MK,h0468,0.29411765,scr1997,mustOut,frtRoadHeavy
MK,h0469,0.29411765,scr1997,mustOut,frtRoadHeavy
MK,h0470,0.29411765,scr1997,mustOut,frtRoadHeavy
MK,h0471,0.29411765,scr1997,mustOut,frtRoadHeavy
MK,h0472,0.29411765,scr1997,mustOut,frtRoadHeavy
MK,h0473,0.29411765,scr1997,mustOut,frtRoadHeavy
MK,h0474,0.29411765,scr1997,mustOut,frtRoadHeavy
MK,h0475,0.1860031741122067,scr1997,mustOut,frtRoadHeavy
MK,h0476,0.08498188447359888,scr1997,mustOut,frtRoadHeavy
MK,h0477,0.0,scr1997,mustOut,frtRoadHeavy
MK,h0478,0.0,scr1997,mustOut,frtRoadHeavy
MK,h0479,0.0,scr1997,mustOut,frtRoadHeavy
MK,h0480,0.0,scr1997,mustOut,frtRoadHeavy
LV,h0409,0.0,scr1997,mustOut,frtRoadHeavy
LV,h0410,0.0,scr1997,mustOut,frtRoadHeavy
LV,h0411,0.0,scr1997,mustOut,frtRoadHeavy
LV,h0412,0.0,scr1997,mustOut,frtRoadHeavy
LV,h0413,0.0,scr1997,mustOut,frtRoadHeavy
LV,h0414,0.0,scr1997,mustOut,frtRoadHeavy
LV,h0415,0.08498188447359888,scr1997,mustOut,frtRoadHeavy
LV,h0416,0.1860031741122067,scr1997,mustOut,frtRoadHeavy
LV,h0417,0.29411765,scr1997,mustOut,frtRoadHeavy
LV,h0418,0.29411765,scr1997,mustOut,frtRoadHeavy
LV,h0419,0.29411765,scr1997,mustOut,frtRoadHeavy
LV,h0420,0.29411765,scr1997,mustOut,frtRoadHeavy
LV,h0421,0.29411765,scr1997,mustOut,frtRoadHeavy
LV,h0422,0.29411765,scr1997,mustOut,frtRoadHeavy
LV,h0423,0.29411765,scr1997,mustOut,frtRoadHeavy
LV,h0424,0.29411765,scr1997,mustOut,frtRoadHeavy
LV,h0425,0.29411765,scr1997,mustOut,frtRoadHeavy
LV,h0426,0.29411765,scr1997,mustOut,frtRoadHeavy
LV,h0427,0.29411765,scr1997,mustOut,frtRoadHeavy
LV,h0428,0.29411765,scr1997,mustOut,frtRoadHeavy
LV,h0429,0.29411765,scr1997,mustOut,frtRoadHeavy
LV,h0430,0.1860031741122067,scr1997,mustOut,frtRoadHeavy
LV,h0431,0.08498188447359888,scr1997,mustOut,frtRoadHeavy
LV,h0432,0.0,scr1997,mustOut,frtRoadHeavy
LV,h0433,0.0,scr1997,mustOut,frtRoadHeavy
LV,h0434,0.0,scr1997,mustOut,frtRoadHeavy
LV,h0435,0.0,scr1997,mustOut,frtRoadHeavy
LV,h0436,0.0,scr1997,mustOut,frtRoadHeavy
LV,h0437,0.08498188447359888,scr1997,mustOut,frtRoadHeavy
LV,h0438,0.1860031741122067,scr1997,mustOut,frtRoadHeavy
LV,h0439,0.29411765,scr1997,mustOut,frtRoadHeavy
LV,h0440,0.29411765,scr1997,mustOut,frtRoadHeavy
LV,h0441,0.29411765,scr1997,mustOut,frtRoadHeavy
LV,h0442,0.29411765,scr1997,mustOut,frtRoadHeavy
LV,h0443,0.29411765,scr1997,mustOut,frtRoadHeavy
LV,h0444,0.29411765,scr1997,mustOut,frtRoadHeavy
LV,h0445,0.29411765,scr1997,mustOut,frtRoadHeavy
LV,h0446,0.29411765,scr1997,mustOut,frtRoadHeavy
LV,h0447,0.29411765,scr1997,mustOut,frtRoadHeavy
LV,h0448,0.29411765,scr1997,mustOut,frtRoadHeavy
LV,h0449,0.29411765,scr1997,mustOut,frtRoadHeavy
LV,h0450,0.29411765,scr1997,mustOut,frtRoadHeavy
LV,h0451,0.29411765,scr1997,mustOut,frtRoadHeavy
LV,h0452,0.29411765,scr1997,mustOut,frtRoadHeavy
LV,h0453,0.29411765,scr1997,mustOut,frtRoadHeavy
LV,h0454,0.1860031741122067,scr1997,mustOut,frtRoadHeavy
LV,h0455,0.08498188447359888,scr1997,mustOut,frtRoadHeavy
LV,h0456,0.0,scr1997,mustOut,frtRoadHeavy
LV,h0457,0.0,scr1997,mustOut,frtRoadHeavy
LV,h0458,0.0,scr1997,mustOut,frtRoadHeavy
LV,h0459,0.0,scr1997,mustOut,frtRoadHeavy
LV,h0460,0.0,scr1997,mustOut,frtRoadHeavy
LV,h0461,0.08498188447359888,scr1997,mustOut,frtRoadHeavy
LV,h0462,0.1860031741122067,scr1997,mustOut,frtRoadHeavy
LV,h0463,0.29411765,scr1997,mustOut,frtRoadHeavy
LV,h0464,0.29411765,scr1997,mustOut,frtRoadHeavy
LV,h0465,0.29411765,scr1997,mustOut,frtRoadHeavy
LV,h0466,0.29411765,scr1997,mustOut,frtRoadHeavy
LV,h0467,0.29411765,scr1997,mustOut,frtRoadHeavy
LV,h0468,0.29411765,scr1997,mustOut,frtRoadHeavy
LV,h0469,0.29411765,scr1997,mustOut,frtRoadHeavy
LV,h0470,0.29411765,scr1997,mustOut,frtRoadHeavy
LV,h0471,0.29411765,scr1997,mustOut,frtRoadHeavy
LV,h0472,0.29411765,scr1997,mustOut,frtRoadHeavy
LV,h0473,0.29411765,scr1997,mustOut,frtRoadHeavy
LV,h0474,0.29411765,scr1997,mustOut,frtRoadHeavy
LV,h0475,0.1860031741122067,scr1997,mustOut,frtRoadHeavy
LV,h0476,0.08498188447359888,scr1997,mustOut,frtRoadHeavy
LV,h0477,0.0,scr1997,mustOut,frtRoadHeavy
LV,h0478,0.0,scr1997,mustOut,frtRoadHeavy
LV,h0479,0.0,scr1997,mustOut,frtRoadHeavy
LV,h0480,0.0,scr1997,mustOut,frtRoadHeavy
ME,h0409,0.0,scr1997,mustOut,frtRoadHeavy
ME,h0410,0.0,scr1997,mustOut,frtRoadHeavy
ME,h0411,0.0,scr1997,mustOut,frtRoadHeavy
ME,h0412,0.0,scr1997,mustOut,frtRoadHeavy
ME,h0413,0.0,scr1997,mustOut,frtRoadHeavy
ME,h0414,0.0,scr1997,mustOut,frtRoadHeavy
ME,h0415,0.08498188447359888,scr1997,mustOut,frtRoadHeavy
ME,h0416,0.1860031741122067,scr1997,mustOut,frtRoadHeavy
ME,h0417,0.29411765,scr1997,mustOut,frtRoadHeavy
ME,h0418,0.29411765,scr1997,mustOut,frtRoadHeavy
ME,h0419,0.29411765,scr1997,mustOut,frtRoadHeavy
ME,h0420,0.29411765,scr1997,mustOut,frtRoadHeavy
ME,h0421,0.29411765,scr1997,mustOut,frtRoadHeavy
ME,h0422,0.29411765,scr1997,mustOut,frtRoadHeavy
ME,h0423,0.29411765,scr1997,mustOut,frtRoadHeavy
ME,h0424,0.29411765,scr1997,mustOut,frtRoadHeavy
ME,h0425,0.29411765,scr1997,mustOut,frtRoadHeavy
ME,h0426,0.29411765,scr1997,mustOut,frtRoadHeavy
ME,h0427,0.29411765,scr1997,mustOut,frtRoadHeavy
ME,h0428,0.29411765,scr1997,mustOut,frtRoadHeavy
ME,h0429,0.29411765,scr1997,mustOut,frtRoadHeavy
ME,h0430,0.1860031741122067,scr1997,mustOut,frtRoadHeavy
ME,h0431,0.08498188447359888,scr1997,mustOut,frtRoadHeavy
ME,h0432,0.0,scr1997,mustOut,frtRoadHeavy
ME,h0433,0.0,scr1997,mustOut,frtRoadHeavy
ME,h0434,0.0,scr1997,mustOut,frtRoadHeavy
ME,h0435,0.0,scr1997,mustOut,frtRoadHeavy
ME,h0436,0.0,scr1997,mustOut,frtRoadHeavy
ME,h0437,0.08498188447359888,scr1997,mustOut,frtRoadHeavy
ME,h0438,0.1860031741122067,scr1997,mustOut,frtRoadHeavy
ME,h0439,0.29411765,scr1997,mustOut,frtRoadHeavy
ME,h0440,0.29411765,scr1997,mustOut,frtRoadHeavy
ME,h0441,0.29411765,scr1997,mustOut,frtRoadHeavy
ME,h0442,0.29411765,scr1997,mustOut,frtRoadHeavy
ME,h0443,0.29411765,scr1997,mustOut,frtRoadHeavy
ME,h0444,0.29411765,scr1997,mustOut,frtRoadHeavy
ME,h0445,0.29411765,scr1997,mustOut,frtRoadHeavy
ME,h0446,0.29411765,scr1997,mustOut,frtRoadHeavy
ME,h0447,0.29411765,scr1997,mustOut,frtRoadHeavy
ME,h0448,0.29411765,scr1997,mustOut,frtRoadHeavy
ME,h0449,0.29411765,scr1997,mustOut,frtRoadHeavy
ME,h0450,0.29411765,scr1997,mustOut,frtRoadHeavy
ME,h0451,0.29411765,scr1997,mustOut,frtRoadHeavy
ME,h0452,0.29411765,scr1997,mustOut,frtRoadHeavy
ME,h0453,0.29411765,scr1997,mustOut,frtRoadHeavy
ME,h0454,0.1860031741122067,scr1997,mustOut,frtRoadHeavy
ME,h0455,0.08498188447359888,scr1997,mustOut,frtRoadHeavy
ME,h0456,0.0,scr1997,mustOut,frtRoadHeavy
ME,h0457,0.0,scr1997,mustOut,frtRoadHeavy
ME,h0458,0.0,scr1997,mustOut,frtRoadHeavy
ME,h0459,0.0,scr1997,mustOut,frtRoadHeavy
ME,h0460,0.0,scr1997,mustOut,frtRoadHeavy
ME,h0461,0.08498188447359888,scr1997,mustOut,frtRoadHeavy
ME,h0462,0.1860031741122067,scr1997,mustOut,frtRoadHeavy
ME,h0463,0.29411765,scr1997,mustOut,frtRoadHeavy
ME,h0464,0.29411765,scr1997,mustOut,frtRoadHeavy
ME,h0465,0.29411765,scr1997,mustOut,frtRoadHeavy
ME,h0466,0.29411765,scr1997,mustOut,frtRoadHeavy
ME,h0467,0.29411765,scr1997,mustOut,frtRoadHeavy
ME,h0468,0.29411765,scr1997,mustOut,frtRoadHeavy
ME,h0469,0.29411765,scr1997,mustOut,frtRoadHeavy
ME,h0470,0.29411765,scr1997,mustOut,frtRoadHeavy
ME,h0471,0.29411765,scr1997,mustOut,frtRoadHeavy
ME,h0472,0.29411765,scr1997,mustOut,frtRoadHeavy
ME,h0473,0.29411765,scr1997,mustOut,frtRoadHeavy
ME,h0474,0.29411765,scr1997,mustOut,frtRoadHeavy
ME,h0475,0.1860031741122067,scr1997,mustOut,frtRoadHeavy
ME,h0476,0.08498188447359888,scr1997,mustOut,frtRoadHeavy
ME,h0477,0.0,scr1997,mustOut,frtRoadHeavy
ME,h0478,0.0,scr1997,mustOut,frtRoadHeavy
ME,h0479,0.0,scr1997,mustOut,frtRoadHeavy
ME,h0480,0.0,scr1997,mustOut,frtRoadHeavy
LT,h0409,0.0,scr1997,mustOut,frtRoadHeavy
LT,h0410,0.0,scr1997,mustOut,frtRoadHeavy
LT,h0411,0.0,scr1997,mustOut,frtRoadHeavy
LT,h0412,0.0,scr1997,mustOut,frtRoadHeavy
LT,h0413,0.0,scr1997,mustOut,frtRoadHeavy
LT,h0414,0.0,scr1997,mustOut,frtRoadHeavy
LT,h0415,0.08498188447359888,scr1997,mustOut,frtRoadHeavy
LT,h0416,0.1860031741122067,scr1997,mustOut,frtRoadHeavy
LT,h0417,0.29411765,scr1997,mustOut,frtRoadHeavy
LT,h0418,0.29411765,scr1997,mustOut,frtRoadHeavy
LT,h0419,0.29411765,scr1997,mustOut,frtRoadHeavy
LT,h0420,0.29411765,scr1997,mustOut,frtRoadHeavy
LT,h0421,0.29411765,scr1997,mustOut,frtRoadHeavy
LT,h0422,0.29411765,scr1997,mustOut,frtRoadHeavy
LT,h0423,0.29411765,scr1997,mustOut,frtRoadHeavy
LT,h0424,0.29411765,scr1997,mustOut,frtRoadHeavy
LT,h0425,0.29411765,scr1997,mustOut,frtRoadHeavy
LT,h0426,0.29411765,scr1997,mustOut,frtRoadHeavy
LT,h0427,0.29411765,scr1997,mustOut,frtRoadHeavy
LT,h0428,0.29411765,scr1997,mustOut,frtRoadHeavy
LT,h0429,0.29411765,scr1997,mustOut,frtRoadHeavy
LT,h0430,0.1860031741122067,scr1997,mustOut,frtRoadHeavy
LT,h0431,0.08498188447359888,scr1997,mustOut,frtRoadHeavy
LT,h0432,0.0,scr1997,mustOut,frtRoadHeavy
LT,h0433,0.0,scr1997,mustOut,frtRoadHeavy
LT,h0434,0.0,scr1997,mustOut,frtRoadHeavy
LT,h0435,0.0,scr1997,mustOut,frtRoadHeavy
LT,h0436,0.0,scr1997,mustOut,frtRoadHeavy
LT,h0437,0.08498188447359888,scr1997,mustOut,frtRoadHeavy
LT,h0438,0.1860031741122067,scr1997,mustOut,frtRoadHeavy
LT,h0439,0.29411765,scr1997,mustOut,frtRoadHeavy
LT,h0440,0.29411765,scr1997,mustOut,frtRoadHeavy
LT,h0441,0.29411765,scr1997,mustOut,frtRoadHeavy
LT,h0442,0.29411765,scr1997,mustOut,frtRoadHeavy
LT,h0443,0.29411765,scr1997,mustOut,frtRoadHeavy
LT,h0444,0.29411765,scr1997,mustOut,frtRoadHeavy
LT,h0445,0.29411765,scr1997,mustOut,frtRoadHeavy
LT,h0446,0.29411765,scr1997,mustOut,frtRoadHeavy
LT,h0447,0.29411765,scr1997,mustOut,frtRoadHeavy
LT,h0448,0.29411765,scr1997,mustOut,frtRoadHeavy
LT,h0449,0.29411765,scr1997,mustOut,frtRoadHeavy
LT,h0450,0.29411765,scr1997,mustOut,frtRoadHeavy
LT,h0451,0.29411765,scr1997,mustOut,frtRoadHeavy
LT,h0452,0.29411765,scr1997,mustOut,frtRoadHeavy
LT,h0453,0.29411765,scr1997,mustOut,frtRoadHeavy
LT,h0454,0.1860031741122067,scr1997,mustOut,frtRoadHeavy
LT,h0455,0.08498188447359888,scr1997,mustOut,frtRoadHeavy
LT,h0456,0.0,scr1997,mustOut,frtRoadHeavy
LT,h0457,0.0,scr1997,mustOut,frtRoadHeavy
LT,h0458,0.0,scr1997,mustOut,frtRoadHeavy
LT,h0459,0.0,scr1997,mustOut,frtRoadHeavy
LT,h0460,0.0,scr1997,mustOut,frtRoadHeavy
LT,h0461,0.08498188447359888,scr1997,mustOut,frtRoadHeavy
LT,h0462,0.1860031741122067,scr1997,mustOut,frtRoadHeavy
LT,h0463,0.29411765,scr1997,mustOut,frtRoadHeavy
LT,h0464,0.29411765,scr1997,mustOut,frtRoadHeavy
LT,h0465,0.29411765,scr1997,mustOut,frtRoadHeavy
LT,h0466,0.29411765,scr1997,mustOut,frtRoadHeavy
LT,h0467,0.29411765,scr1997,mustOut,frtRoadHeavy
LT,h0468,0.29411765,scr1997,mustOut,frtRoadHeavy
LT,h0469,0.29411765,scr1997,mustOut,frtRoadHeavy
LT,h0470,0.29411765,scr1997,mustOut,frtRoadHeavy
LT,h0471,0.29411765,scr1997,mustOut,frtRoadHeavy
LT,h0472,0.29411765,scr1997,mustOut,frtRoadHeavy
LT,h0473,0.29411765,scr1997,mustOut,frtRoadHeavy
LT,h0474,0.29411765,scr1997,mustOut,frtRoadHeavy
LT,h0475,0.1860031741122067,scr1997,mustOut,frtRoadHeavy
LT,h0476,0.08498188447359888,scr1997,mustOut,frtRoadHeavy
LT,h0477,0.0,scr1997,mustOut,frtRoadHeavy
LT,h0478,0.0,scr1997,mustOut,frtRoadHeavy
LT,h0479,0.0,scr1997,mustOut,frtRoadHeavy
LT,h0480,0.0,scr1997,mustOut,frtRoadHeavy
LU,h0409,0.0,scr1997,mustOut,frtRoadHeavy
LU,h0410,0.0,scr1997,mustOut,frtRoadHeavy
LU,h0411,0.0,scr1997,mustOut,frtRoadHeavy
LU,h0412,0.0,scr1997,mustOut,frtRoadHeavy
LU,h0413,0.0,scr1997,mustOut,frtRoadHeavy
LU,h0414,0.0,scr1997,mustOut,frtRoadHeavy
LU,h0415,0.08498188447359888,scr1997,mustOut,frtRoadHeavy
LU,h0416,0.1860031741122067,scr1997,mustOut,frtRoadHeavy
LU,h0417,0.29411765,scr1997,mustOut,frtRoadHeavy
LU,h0418,0.29411765,scr1997,mustOut,frtRoadHeavy
LU,h0419,0.29411765,scr1997,mustOut,frtRoadHeavy
LU,h0420,0.29411765,scr1997,mustOut,frtRoadHeavy
LU,h0421,0.29411765,scr1997,mustOut,frtRoadHeavy
LU,h0422,0.29411765,scr1997,mustOut,frtRoadHeavy
LU,h0423,0.29411765,scr1997,mustOut,frtRoadHeavy
LU,h0424,0.29411765,scr1997,mustOut,frtRoadHeavy
LU,h0425,0.29411765,scr1997,mustOut,frtRoadHeavy
LU,h0426,0.29411765,scr1997,mustOut,frtRoadHeavy
LU,h0427,0.29411765,scr1997,mustOut,frtRoadHeavy
LU,h0428,0.29411765,scr1997,mustOut,frtRoadHeavy
LU,h0429,0.29411765,scr1997,mustOut,frtRoadHeavy
LU,h0430,0.1860031741122067,scr1997,mustOut,frtRoadHeavy
LU,h0431,0.08498188447359888,scr1997,mustOut,frtRoadHeavy
LU,h0432,0.0,scr1997,mustOut,frtRoadHeavy
LU,h0433,0.0,scr1997,mustOut,frtRoadHeavy
LU,h0434,0.0,scr1997,mustOut,frtRoadHeavy
LU,h0435,0.0,scr1997,mustOut,frtRoadHeavy
LU,h0436,0.0,scr1997,mustOut,frtRoadHeavy
LU,h0437,0.08498188447359888,scr1997,mustOut,frtRoadHeavy
LU,h0438,0.1860031741122067,scr1997,mustOut,frtRoadHeavy
LU,h0439,0.29411765,scr1997,mustOut,frtRoadHeavy
LU,h0440,0.29411765,scr1997,mustOut,frtRoadHeavy
LU,h0441,0.29411765,scr1997,mustOut,frtRoadHeavy
LU,h0442,0.29411765,scr1997,mustOut,frtRoadHeavy
LU,h0443,0.29411765,scr1997,mustOut,frtRoadHeavy
LU,h0444,0.29411765,scr1997,mustOut,frtRoadHeavy
LU,h0445,0.29411765,scr1997,mustOut,frtRoadHeavy
LU,h0446,0.29411765,scr1997,mustOut,frtRoadHeavy
LU,h0447,0.29411765,scr1997,mustOut,frtRoadHeavy
LU,h0448,0.29411765,scr1997,mustOut,frtRoadHeavy
LU,h0449,0.29411765,scr1997,mustOut,frtRoadHeavy
LU,h0450,0.29411765,scr1997,mustOut,frtRoadHeavy
LU,h0451,0.29411765,scr1997,mustOut,frtRoadHeavy
LU,h0452,0.29411765,scr1997,mustOut,frtRoadHeavy
LU,h0453,0.29411765,scr1997,mustOut,frtRoadHeavy
LU,h0454,0.1860031741122067,scr1997,mustOut,frtRoadHeavy
LU,h0455,0.08498188447359888,scr1997,mustOut,frtRoadHeavy
LU,h0456,0.0,scr1997,mustOut,frtRoadHeavy
LU,h0457,0.0,scr1997,mustOut,frtRoadHeavy
LU,h0458,0.0,scr1997,mustOut,frtRoadHeavy
LU,h0459,0.0,scr1997,mustOut,frtRoadHeavy
LU,h0460,0.0,scr1997,mustOut,frtRoadHeavy
LU,h0461,0.08498188447359888,scr1997,mustOut,frtRoadHeavy
LU,h0462,0.1860031741122067,scr1997,mustOut,frtRoadHeavy
LU,h0463,0.29411765,scr1997,mustOut,frtRoadHeavy
LU,h0464,0.29411765,scr1997,mustOut,frtRoadHeavy
LU,h0465,0.29411765,scr1997,mustOut,frtRoadHeavy
LU,h0466,0.29411765,scr1997,mustOut,frtRoadHeavy
LU,h0467,0.29411765,scr1997,mustOut,frtRoadHeavy
LU,h0468,0.29411765,scr1997,mustOut,frtRoadHeavy
LU,h0469,0.29411765,scr1997,mustOut,frtRoadHeavy
LU,h0470,0.29411765,scr1997,mustOut,frtRoadHeavy
LU,h0471,0.29411765,scr1997,mustOut,frtRoadHeavy
LU,h0472,0.29411765,scr1997,mustOut,frtRoadHeavy
LU,h0473,0.29411765,scr1997,mustOut,frtRoadHeavy
LU,h0474,0.29411765,scr1997,mustOut,frtRoadHeavy
LU,h0475,0.1860031741122067,scr1997,mustOut,frtRoadHeavy
LU,h0476,0.08498188447359888,scr1997,mustOut,frtRoadHeavy
LU,h0477,0.0,scr1997,mustOut,frtRoadHeavy
LU,h0478,0.0,scr1997,mustOut,frtRoadHeavy
LU,h0479,0.0,scr1997,mustOut,frtRoadHeavy
LU,h0480,0.0,scr1997,mustOut,frtRoadHeavy
NO,h0409,0.0,scr1997,mustOut,frtRoadHeavy
NO,h0410,0.0,scr1997,mustOut,frtRoadHeavy
NO,h0411,0.0,scr1997,mustOut,frtRoadHeavy
NO,h0412,0.0,scr1997,mustOut,frtRoadHeavy
NO,h0413,0.0,scr1997,mustOut,frtRoadHeavy
NO,h0414,0.0,scr1997,mustOut,frtRoadHeavy
NO,h0415,0.08498188447359888,scr1997,mustOut,frtRoadHeavy
NO,h0416,0.1860031741122067,scr1997,mustOut,frtRoadHeavy
NO,h0417,0.29411765,scr1997,mustOut,frtRoadHeavy
NO,h0418,0.29411765,scr1997,mustOut,frtRoadHeavy
NO,h0419,0.29411765,scr1997,mustOut,frtRoadHeavy
NO,h0420,0.29411765,scr1997,mustOut,frtRoadHeavy
NO,h0421,0.29411765,scr1997,mustOut,frtRoadHeavy
NO,h0422,0.29411765,scr1997,mustOut,frtRoadHeavy
NO,h0423,0.29411765,scr1997,mustOut,frtRoadHeavy
NO,h0424,0.29411765,scr1997,mustOut,frtRoadHeavy
NO,h0425,0.29411765,scr1997,mustOut,frtRoadHeavy
NO,h0426,0.29411765,scr1997,mustOut,frtRoadHeavy
NO,h0427,0.29411765,scr1997,mustOut,frtRoadHeavy
NO,h0428,0.29411765,scr1997,mustOut,frtRoadHeavy
NO,h0429,0.29411765,scr1997,mustOut,frtRoadHeavy
NO,h0430,0.1860031741122067,scr1997,mustOut,frtRoadHeavy
NO,h0431,0.08498188447359888,scr1997,mustOut,frtRoadHeavy
NO,h0432,0.0,scr1997,mustOut,frtRoadHeavy
NO,h0433,0.0,scr1997,mustOut,frtRoadHeavy
NO,h0434,0.0,scr1997,mustOut,frtRoadHeavy
NO,h0435,0.0,scr1997,mustOut,frtRoadHeavy
NO,h0436,0.0,scr1997,mustOut,frtRoadHeavy
NO,h0437,0.08498188447359888,scr1997,mustOut,frtRoadHeavy
NO,h0438,0.1860031741122067,scr1997,mustOut,frtRoadHeavy
NO,h0439,0.29411765,scr1997,mustOut,frtRoadHeavy
NO,h0440,0.29411765,scr1997,mustOut,frtRoadHeavy
NO,h0441,0.29411765,scr1997,mustOut,frtRoadHeavy
NO,h0442,0.29411765,scr1997,mustOut,frtRoadHeavy
NO,h0443,0.29411765,scr1997,mustOut,frtRoadHeavy
NO,h0444,0.29411765,scr1997,mustOut,frtRoadHeavy
NO,h0445,0.29411765,scr1997,mustOut,frtRoadHeavy
NO,h0446,0.29411765,scr1997,mustOut,frtRoadHeavy
NO,h0447,0.29411765,scr1997,mustOut,frtRoadHeavy
NO,h0448,0.29411765,scr1997,mustOut,frtRoadHeavy
NO,h0449,0.29411765,scr1997,mustOut,frtRoadHeavy
NO,h0450,0.29411765,scr1997,mustOut,frtRoadHeavy
NO,h0451,0.29411765,scr1997,mustOut,frtRoadHeavy
NO,h0452,0.29411765,scr1997,mustOut,frtRoadHeavy
NO,h0453,0.29411765,scr1997,mustOut,frtRoadHeavy
NO,h0454,0.1860031741122067,scr1997,mustOut,frtRoadHeavy
NO,h0455,0.08498188447359888,scr1997,mustOut,frtRoadHeavy
NO,h0456,0.0,scr1997,mustOut,frtRoadHeavy
NO,h0457,0.0,scr1997,mustOut,frtRoadHeavy
NO,h0458,0.0,scr1997,mustOut,frtRoadHeavy
NO,h0459,0.0,scr1997,mustOut,frtRoadHeavy
NO,h0460,0.0,scr1997,mustOut,frtRoadHeavy
NO,h0461,0.08498188447359888,scr1997,mustOut,frtRoadHeavy
NO,h0462,0.1860031741122067,scr1997,mustOut,frtRoadHeavy
NO,h0463,0.29411765,scr1997,mustOut,frtRoadHeavy
NO,h0464,0.29411765,scr1997,mustOut,frtRoadHeavy
NO,h0465,0.29411765,scr1997,mustOut,frtRoadHeavy
NO,h0466,0.29411765,scr1997,mustOut,frtRoadHeavy
NO,h0467,0.29411765,scr1997,mustOut,frtRoadHeavy
NO,h0468,0.29411765,scr1997,mustOut,frtRoadHeavy
NO,h0469,0.29411765,scr1997,mustOut,frtRoadHeavy
NO,h0470,0.29411765,scr1997,mustOut,frtRoadHeavy
NO,h0471,0.29411765,scr1997,mustOut,frtRoadHeavy
NO,h0472,0.29411765,scr1997,mustOut,frtRoadHeavy
NO,h0473,0.29411765,scr1997,mustOut,frtRoadHeavy
NO,h0474,0.29411765,scr1997,mustOut,frtRoadHeavy
NO,h0475,0.1860031741122067,scr1997,mustOut,frtRoadHeavy
NO,h0476,0.08498188447359888,scr1997,mustOut,frtRoadHeavy
NO,h0477,0.0,scr1997,mustOut,frtRoadHeavy
NO,h0478,0.0,scr1997,mustOut,frtRoadHeavy
NO,h0479,0.0,scr1997,mustOut,frtRoadHeavy
NO,h0480,0.0,scr1997,mustOut,frtRoadHeavy
PL,h0409,0.0,scr1997,mustOut,frtRoadHeavy
PL,h0410,0.0,scr1997,mustOut,frtRoadHeavy
PL,h0411,0.0,scr1997,mustOut,frtRoadHeavy
PL,h0412,0.0,scr1997,mustOut,frtRoadHeavy
PL,h0413,0.0,scr1997,mustOut,frtRoadHeavy
PL,h0414,0.0,scr1997,mustOut,frtRoadHeavy
PL,h0415,0.08498188447359888,scr1997,mustOut,frtRoadHeavy
PL,h0416,0.1860031741122067,scr1997,mustOut,frtRoadHeavy
PL,h0417,0.29411765,scr1997,mustOut,frtRoadHeavy
PL,h0418,0.29411765,scr1997,mustOut,frtRoadHeavy
PL,h0419,0.29411765,scr1997,mustOut,frtRoadHeavy
PL,h0420,0.29411765,scr1997,mustOut,frtRoadHeavy
PL,h0421,0.29411765,scr1997,mustOut,frtRoadHeavy
PL,h0422,0.29411765,scr1997,mustOut,frtRoadHeavy
PL,h0423,0.29411765,scr1997,mustOut,frtRoadHeavy
PL,h0424,0.29411765,scr1997,mustOut,frtRoadHeavy
PL,h0425,0.29411765,scr1997,mustOut,frtRoadHeavy
PL,h0426,0.29411765,scr1997,mustOut,frtRoadHeavy
PL,h0427,0.29411765,scr1997,mustOut,frtRoadHeavy
PL,h0428,0.29411765,scr1997,mustOut,frtRoadHeavy
PL,h0429,0.29411765,scr1997,mustOut,frtRoadHeavy
PL,h0430,0.1860031741122067,scr1997,mustOut,frtRoadHeavy
PL,h0431,0.08498188447359888,scr1997,mustOut,frtRoadHeavy
PL,h0432,0.0,scr1997,mustOut,frtRoadHeavy
PL,h0433,0.0,scr1997,mustOut,frtRoadHeavy
PL,h0434,0.0,scr1997,mustOut,frtRoadHeavy
PL,h0435,0.0,scr1997,mustOut,frtRoadHeavy
PL,h0436,0.0,scr1997,mustOut,frtRoadHeavy
PL,h0437,0.08498188447359888,scr1997,mustOut,frtRoadHeavy
PL,h0438,0.1860031741122067,scr1997,mustOut,frtRoadHeavy
PL,h0439,0.29411765,scr1997,mustOut,frtRoadHeavy
PL,h0440,0.29411765,scr1997,mustOut,frtRoadHeavy
PL,h0441,0.29411765,scr1997,mustOut,frtRoadHeavy
PL,h0442,0.29411765,scr1997,mustOut,frtRoadHeavy
PL,h0443,0.29411765,scr1997,mustOut,frtRoadHeavy
PL,h0444,0.29411765,scr1997,mustOut,frtRoadHeavy
PL,h0445,0.29411765,scr1997,mustOut,frtRoadHeavy
PL,h0446,0.29411765,scr1997,mustOut,frtRoadHeavy
PL,h0447,0.29411765,scr1997,mustOut,frtRoadHeavy
PL,h0448,0.29411765,scr1997,mustOut,frtRoadHeavy
PL,h0449,0.29411765,scr1997,mustOut,frtRoadHeavy
PL,h0450,0.29411765,scr1997,mustOut,frtRoadHeavy
PL,h0451,0.29411765,scr1997,mustOut,frtRoadHeavy
PL,h0452,0.29411765,scr1997,mustOut,frtRoadHeavy
PL,h0453,0.29411765,scr1997,mustOut,frtRoadHeavy
PL,h0454,0.1860031741122067,scr1997,mustOut,frtRoadHeavy
PL,h0455,0.08498188447359888,scr1997,mustOut,frtRoadHeavy
PL,h0456,0.0,scr1997,mustOut,frtRoadHeavy
PL,h0457,0.0,scr1997,mustOut,frtRoadHeavy
PL,h0458,0.0,scr1997,mustOut,frtRoadHeavy
PL,h0459,0.0,scr1997,mustOut,frtRoadHeavy
PL,h0460,0.0,scr1997,mustOut,frtRoadHeavy
PL,h0461,0.08498188447359888,scr1997,mustOut,frtRoadHeavy
PL,h0462,0.1860031741122067,scr1997,mustOut,frtRoadHeavy
PL,h0463,0.29411765,scr1997,mustOut,frtRoadHeavy
PL,h0464,0.29411765,scr1997,mustOut,frtRoadHeavy
PL,h0465,0.29411765,scr1997,mustOut,frtRoadHeavy
PL,h0466,0.29411765,scr1997,mustOut,frtRoadHeavy
PL,h0467,0.29411765,scr1997,mustOut,frtRoadHeavy
PL,h0468,0.29411765,scr1997,mustOut,frtRoadHeavy
PL,h0469,0.29411765,scr1997,mustOut,frtRoadHeavy
PL,h0470,0.29411765,scr1997,mustOut,frtRoadHeavy
PL,h0471,0.29411765,scr1997,mustOut,frtRoadHeavy
PL,h0472,0.29411765,scr1997,mustOut,frtRoadHeavy
PL,h0473,0.29411765,scr1997,mustOut,frtRoadHeavy
PL,h0474,0.29411765,scr1997,mustOut,frtRoadHeavy
PL,h0475,0.1860031741122067,scr1997,mustOut,frtRoadHeavy
PL,h0476,0.08498188447359888,scr1997,mustOut,frtRoadHeavy
PL,h0477,0.0,scr1997,mustOut,frtRoadHeavy
PL,h0478,0.0,scr1997,mustOut,frtRoadHeavy
PL,h0479,0.0,scr1997,mustOut,frtRoadHeavy
PL,h0480,0.0,scr1997,mustOut,frtRoadHeavy
RO,h0409,0.0,scr1997,mustOut,frtRoadHeavy
RO,h0410,0.0,scr1997,mustOut,frtRoadHeavy
RO,h0411,0.0,scr1997,mustOut,frtRoadHeavy
RO,h0412,0.0,scr1997,mustOut,frtRoadHeavy
RO,h0413,0.0,scr1997,mustOut,frtRoadHeavy
RO,h0414,0.0,scr1997,mustOut,frtRoadHeavy
RO,h0415,0.08498188447359888,scr1997,mustOut,frtRoadHeavy
RO,h0416,0.1860031741122067,scr1997,mustOut,frtRoadHeavy
RO,h0417,0.29411765,scr1997,mustOut,frtRoadHeavy
RO,h0418,0.29411765,scr1997,mustOut,frtRoadHeavy
RO,h0419,0.29411765,scr1997,mustOut,frtRoadHeavy
RO,h0420,0.29411765,scr1997,mustOut,frtRoadHeavy
RO,h0421,0.29411765,scr1997,mustOut,frtRoadHeavy
RO,h0422,0.29411765,scr1997,mustOut,frtRoadHeavy
RO,h0423,0.29411765,scr1997,mustOut,frtRoadHeavy
RO,h0424,0.29411765,scr1997,mustOut,frtRoadHeavy
RO,h0425,0.29411765,scr1997,mustOut,frtRoadHeavy
RO,h0426,0.29411765,scr1997,mustOut,frtRoadHeavy
RO,h0427,0.29411765,scr1997,mustOut,frtRoadHeavy
RO,h0428,0.29411765,scr1997,mustOut,frtRoadHeavy
RO,h0429,0.29411765,scr1997,mustOut,frtRoadHeavy
RO,h0430,0.1860031741122067,scr1997,mustOut,frtRoadHeavy
RO,h0431,0.08498188447359888,scr1997,mustOut,frtRoadHeavy
RO,h0432,0.0,scr1997,mustOut,frtRoadHeavy
RO,h0433,0.0,scr1997,mustOut,frtRoadHeavy
RO,h0434,0.0,scr1997,mustOut,frtRoadHeavy
RO,h0435,0.0,scr1997,mustOut,frtRoadHeavy
RO,h0436,0.0,scr1997,mustOut,frtRoadHeavy
RO,h0437,0.08498188447359888,scr1997,mustOut,frtRoadHeavy
RO,h0438,0.1860031741122067,scr1997,mustOut,frtRoadHeavy
RO,h0439,0.29411765,scr1997,mustOut,frtRoadHeavy
RO,h0440,0.29411765,scr1997,mustOut,frtRoadHeavy
RO,h0441,0.29411765,scr1997,mustOut,frtRoadHeavy
RO,h0442,0.29411765,scr1997,mustOut,frtRoadHeavy
RO,h0443,0.29411765,scr1997,mustOut,frtRoadHeavy
RO,h0444,0.29411765,scr1997,mustOut,frtRoadHeavy
RO,h0445,0.29411765,scr1997,mustOut,frtRoadHeavy
RO,h0446,0.29411765,scr1997,mustOut,frtRoadHeavy
RO,h0447,0.29411765,scr1997,mustOut,frtRoadHeavy
RO,h0448,0.29411765,scr1997,mustOut,frtRoadHeavy
RO,h0449,0.29411765,scr1997,mustOut,frtRoadHeavy
RO,h0450,0.29411765,scr1997,mustOut,frtRoadHeavy
RO,h0451,0.29411765,scr1997,mustOut,frtRoadHeavy
RO,h0452,0.29411765,scr1997,mustOut,frtRoadHeavy
RO,h0453,0.29411765,scr1997,mustOut,frtRoadHeavy
RO,h0454,0.1860031741122067,scr1997,mustOut,frtRoadHeavy
RO,h0455,0.08498188447359888,scr1997,mustOut,frtRoadHeavy
RO,h0456,0.0,scr1997,mustOut,frtRoadHeavy
RO,h0457,0.0,scr1997,mustOut,frtRoadHeavy
RO,h0458,0.0,scr1997,mustOut,frtRoadHeavy
RO,h0459,0.0,scr1997,mustOut,frtRoadHeavy
RO,h0460,0.0,scr1997,mustOut,frtRoadHeavy
RO,h0461,0.08498188447359888,scr1997,mustOut,frtRoadHeavy
RO,h0462,0.1860031741122067,scr1997,mustOut,frtRoadHeavy
RO,h0463,0.29411765,scr1997,mustOut,frtRoadHeavy
RO,h0464,0.29411765,scr1997,mustOut,frtRoadHeavy
RO,h0465,0.29411765,scr1997,mustOut,frtRoadHeavy
RO,h0466,0.29411765,scr1997,mustOut,frtRoadHeavy
RO,h0467,0.29411765,scr1997,mustOut,frtRoadHeavy
RO,h0468,0.29411765,scr1997,mustOut,frtRoadHeavy
RO,h0469,0.29411765,scr1997,mustOut,frtRoadHeavy
RO,h0470,0.29411765,scr1997,mustOut,frtRoadHeavy
RO,h0471,0.29411765,scr1997,mustOut,frtRoadHeavy
RO,h0472,0.29411765,scr1997,mustOut,frtRoadHeavy
RO,h0473,0.29411765,scr1997,mustOut,frtRoadHeavy
RO,h0474,0.29411765,scr1997,mustOut,frtRoadHeavy
RO,h0475,0.1860031741122067,scr1997,mustOut,frtRoadHeavy
RO,h0476,0.08498188447359888,scr1997,mustOut,frtRoadHeavy
RO,h0477,0.0,scr1997,mustOut,frtRoadHeavy
RO,h0478,0.0,scr1997,mustOut,frtRoadHeavy
RO,h0479,0.0,scr1997,mustOut,frtRoadHeavy
RO,h0480,0.0,scr1997,mustOut,frtRoadHeavy
PT,h0409,0.0,scr1997,mustOut,frtRoadHeavy
PT,h0410,0.0,scr1997,mustOut,frtRoadHeavy
PT,h0411,0.0,scr1997,mustOut,frtRoadHeavy
PT,h0412,0.0,scr1997,mustOut,frtRoadHeavy
PT,h0413,0.0,scr1997,mustOut,frtRoadHeavy
PT,h0414,0.0,scr1997,mustOut,frtRoadHeavy
PT,h0415,0.08498188447359888,scr1997,mustOut,frtRoadHeavy
PT,h0416,0.1860031741122067,scr1997,mustOut,frtRoadHeavy
PT,h0417,0.29411765,scr1997,mustOut,frtRoadHeavy
PT,h0418,0.29411765,scr1997,mustOut,frtRoadHeavy
PT,h0419,0.29411765,scr1997,mustOut,frtRoadHeavy
PT,h0420,0.29411765,scr1997,mustOut,frtRoadHeavy
PT,h0421,0.29411765,scr1997,mustOut,frtRoadHeavy
PT,h0422,0.29411765,scr1997,mustOut,frtRoadHeavy
PT,h0423,0.29411765,scr1997,mustOut,frtRoadHeavy
PT,h0424,0.29411765,scr1997,mustOut,frtRoadHeavy
PT,h0425,0.29411765,scr1997,mustOut,frtRoadHeavy
PT,h0426,0.29411765,scr1997,mustOut,frtRoadHeavy
PT,h0427,0.29411765,scr1997,mustOut,frtRoadHeavy
PT,h0428,0.29411765,scr1997,mustOut,frtRoadHeavy
PT,h0429,0.29411765,scr1997,mustOut,frtRoadHeavy
PT,h0430,0.1860031741122067,scr1997,mustOut,frtRoadHeavy
PT,h0431,0.08498188447359888,scr1997,mustOut,frtRoadHeavy
PT,h0432,0.0,scr1997,mustOut,frtRoadHeavy
PT,h0433,0.0,scr1997,mustOut,frtRoadHeavy
PT,h0434,0.0,scr1997,mustOut,frtRoadHeavy
PT,h0435,0.0,scr1997,mustOut,frtRoadHeavy
PT,h0436,0.0,scr1997,mustOut,frtRoadHeavy
PT,h0437,0.08498188447359888,scr1997,mustOut,frtRoadHeavy
PT,h0438,0.1860031741122067,scr1997,mustOut,frtRoadHeavy
PT,h0439,0.29411765,scr1997,mustOut,frtRoadHeavy
PT,h0440,0.29411765,scr1997,mustOut,frtRoadHeavy
PT,h0441,0.29411765,scr1997,mustOut,frtRoadHeavy
PT,h0442,0.29411765,scr1997,mustOut,frtRoadHeavy
PT,h0443,0.29411765,scr1997,mustOut,frtRoadHeavy
PT,h0444,0.29411765,scr1997,mustOut,frtRoadHeavy
PT,h0445,0.29411765,scr1997,mustOut,frtRoadHeavy
PT,h0446,0.29411765,scr1997,mustOut,frtRoadHeavy
PT,h0447,0.29411765,scr1997,mustOut,frtRoadHeavy
PT,h0448,0.29411765,scr1997,mustOut,frtRoadHeavy
PT,h0449,0.29411765,scr1997,mustOut,frtRoadHeavy
PT,h0450,0.29411765,scr1997,mustOut,frtRoadHeavy
PT,h0451,0.29411765,scr1997,mustOut,frtRoadHeavy
PT,h0452,0.29411765,scr1997,mustOut,frtRoadHeavy
PT,h0453,0.29411765,scr1997,mustOut,frtRoadHeavy
PT,h0454,0.1860031741122067,scr1997,mustOut,frtRoadHeavy
PT,h0455,0.08498188447359888,scr1997,mustOut,frtRoadHeavy
PT,h0456,0.0,scr1997,mustOut,frtRoadHeavy
PT,h0457,0.0,scr1997,mustOut,frtRoadHeavy
PT,h0458,0.0,scr1997,mustOut,frtRoadHeavy
PT,h0459,0.0,scr1997,mustOut,frtRoadHeavy
PT,h0460,0.0,scr1997,mustOut,frtRoadHeavy
PT,h0461,0.08498188447359888,scr1997,mustOut,frtRoadHeavy
PT,h0462,0.1860031741122067,scr1997,mustOut,frtRoadHeavy
PT,h0463,0.29411765,scr1997,mustOut,frtRoadHeavy
PT,h0464,0.29411765,scr1997,mustOut,frtRoadHeavy
PT,h0465,0.29411765,scr1997,mustOut,frtRoadHeavy
PT,h0466,0.29411765,scr1997,mustOut,frtRoadHeavy
PT,h0467,0.29411765,scr1997,mustOut,frtRoadHeavy
PT,h0468,0.29411765,scr1997,mustOut,frtRoadHeavy
PT,h0469,0.29411765,scr1997,mustOut,frtRoadHeavy
PT,h0470,0.29411765,scr1997,mustOut,frtRoadHeavy
PT,h0471,0.29411765,scr1997,mustOut,frtRoadHeavy
PT,h0472,0.29411765,scr1997,mustOut,frtRoadHeavy
PT,h0473,0.29411765,scr1997,mustOut,frtRoadHeavy
PT,h0474,0.29411765,scr1997,mustOut,frtRoadHeavy
PT,h0475,0.1860031741122067,scr1997,mustOut,frtRoadHeavy
PT,h0476,0.08498188447359888,scr1997,mustOut,frtRoadHeavy
PT,h0477,0.0,scr1997,mustOut,frtRoadHeavy
PT,h0478,0.0,scr1997,mustOut,frtRoadHeavy
PT,h0479,0.0,scr1997,mustOut,frtRoadHeavy
PT,h0480,0.0,scr1997,mustOut,frtRoadHeavy
SK,h0409,0.0,scr1997,mustOut,frtRoadHeavy
SK,h0410,0.0,scr1997,mustOut,frtRoadHeavy
SK,h0411,0.0,scr1997,mustOut,frtRoadHeavy
SK,h0412,0.0,scr1997,mustOut,frtRoadHeavy
SK,h0413,0.0,scr1997,mustOut,frtRoadHeavy
SK,h0414,0.0,scr1997,mustOut,frtRoadHeavy
SK,h0415,0.08498188447359888,scr1997,mustOut,frtRoadHeavy
SK,h0416,0.1860031741122067,scr1997,mustOut,frtRoadHeavy
SK,h0417,0.29411765,scr1997,mustOut,frtRoadHeavy
SK,h0418,0.29411765,scr1997,mustOut,frtRoadHeavy
SK,h0419,0.29411765,scr1997,mustOut,frtRoadHeavy
SK,h0420,0.29411765,scr1997,mustOut,frtRoadHeavy
SK,h0421,0.29411765,scr1997,mustOut,frtRoadHeavy
SK,h0422,0.29411765,scr1997,mustOut,frtRoadHeavy
SK,h0423,0.29411765,scr1997,mustOut,frtRoadHeavy
SK,h0424,0.29411765,scr1997,mustOut,frtRoadHeavy
SK,h0425,0.29411765,scr1997,mustOut,frtRoadHeavy
SK,h0426,0.29411765,scr1997,mustOut,frtRoadHeavy
SK,h0427,0.29411765,scr1997,mustOut,frtRoadHeavy
SK,h0428,0.29411765,scr1997,mustOut,frtRoadHeavy
SK,h0429,0.29411765,scr1997,mustOut,frtRoadHeavy
SK,h0430,0.1860031741122067,scr1997,mustOut,frtRoadHeavy
SK,h0431,0.08498188447359888,scr1997,mustOut,frtRoadHeavy
SK,h0432,0.0,scr1997,mustOut,frtRoadHeavy
SK,h0433,0.0,scr1997,mustOut,frtRoadHeavy
SK,h0434,0.0,scr1997,mustOut,frtRoadHeavy
SK,h0435,0.0,scr1997,mustOut,frtRoadHeavy
SK,h0436,0.0,scr1997,mustOut,frtRoadHeavy
SK,h0437,0.08498188447359888,scr1997,mustOut,frtRoadHeavy
SK,h0438,0.1860031741122067,scr1997,mustOut,frtRoadHeavy
SK,h0439,0.29411765,scr1997,mustOut,frtRoadHeavy
SK,h0440,0.29411765,scr1997,mustOut,frtRoadHeavy
SK,h0441,0.29411765,scr1997,mustOut,frtRoadHeavy
SK,h0442,0.29411765,scr1997,mustOut,frtRoadHeavy
SK,h0443,0.29411765,scr1997,mustOut,frtRoadHeavy
SK,h0444,0.29411765,scr1997,mustOut,frtRoadHeavy
SK,h0445,0.29411765,scr1997,mustOut,frtRoadHeavy
SK,h0446,0.29411765,scr1997,mustOut,frtRoadHeavy
SK,h0447,0.29411765,scr1997,mustOut,frtRoadHeavy
SK,h0448,0.29411765,scr1997,mustOut,frtRoadHeavy
SK,h0449,0.29411765,scr1997,mustOut,frtRoadHeavy
SK,h0450,0.29411765,scr1997,mustOut,frtRoadHeavy
SK,h0451,0.29411765,scr1997,mustOut,frtRoadHeavy
SK,h0452,0.29411765,scr1997,mustOut,frtRoadHeavy
SK,h0453,0.29411765,scr1997,mustOut,frtRoadHeavy
SK,h0454,0.1860031741122067,scr1997,mustOut,frtRoadHeavy
SK,h0455,0.08498188447359888,scr1997,mustOut,frtRoadHeavy
SK,h0456,0.0,scr1997,mustOut,frtRoadHeavy
SK,h0457,0.0,scr1997,mustOut,frtRoadHeavy
SK,h0458,0.0,scr1997,mustOut,frtRoadHeavy
SK,h0459,0.0,scr1997,mustOut,frtRoadHeavy
SK,h0460,0.0,scr1997,mustOut,frtRoadHeavy
SK,h0461,0.08498188447359888,scr1997,mustOut,frtRoadHeavy
SK,h0462,0.1860031741122067,scr1997,mustOut,frtRoadHeavy
SK,h0463,0.29411765,scr1997,mustOut,frtRoadHeavy
SK,h0464,0.29411765,scr1997,mustOut,frtRoadHeavy
SK,h0465,0.29411765,scr1997,mustOut,frtRoadHeavy
SK,h0466,0.29411765,scr1997,mustOut,frtRoadHeavy
SK,h0467,0.29411765,scr1997,mustOut,frtRoadHeavy
SK,h0468,0.29411765,scr1997,mustOut,frtRoadHeavy
SK,h0469,0.29411765,scr1997,mustOut,frtRoadHeavy
SK,h0470,0.29411765,scr1997,mustOut,frtRoadHeavy
SK,h0471,0.29411765,scr1997,mustOut,frtRoadHeavy
SK,h0472,0.29411765,scr1997,mustOut,frtRoadHeavy
SK,h0473,0.29411765,scr1997,mustOut,frtRoadHeavy
SK,h0474,0.29411765,scr1997,mustOut,frtRoadHeavy
SK,h0475,0.1860031741122067,scr1997,mustOut,frtRoadHeavy
SK,h0476,0.08498188447359888,scr1997,mustOut,frtRoadHeavy
SK,h0477,0.0,scr1997,mustOut,frtRoadHeavy
SK,h0478,0.0,scr1997,mustOut,frtRoadHeavy
SK,h0479,0.0,scr1997,mustOut,frtRoadHeavy
SK,h0480,0.0,scr1997,mustOut,frtRoadHeavy
SI,h0409,0.0,scr1997,mustOut,frtRoadHeavy
SI,h0410,0.0,scr1997,mustOut,frtRoadHeavy
SI,h0411,0.0,scr1997,mustOut,frtRoadHeavy
SI,h0412,0.0,scr1997,mustOut,frtRoadHeavy
SI,h0413,0.0,scr1997,mustOut,frtRoadHeavy
SI,h0414,0.0,scr1997,mustOut,frtRoadHeavy
SI,h0415,0.08498188447359888,scr1997,mustOut,frtRoadHeavy
SI,h0416,0.1860031741122067,scr1997,mustOut,frtRoadHeavy
SI,h0417,0.29411765,scr1997,mustOut,frtRoadHeavy
SI,h0418,0.29411765,scr1997,mustOut,frtRoadHeavy
SI,h0419,0.29411765,scr1997,mustOut,frtRoadHeavy
SI,h0420,0.29411765,scr1997,mustOut,frtRoadHeavy
SI,h0421,0.29411765,scr1997,mustOut,frtRoadHeavy
SI,h0422,0.29411765,scr1997,mustOut,frtRoadHeavy
SI,h0423,0.29411765,scr1997,mustOut,frtRoadHeavy
SI,h0424,0.29411765,scr1997,mustOut,frtRoadHeavy
SI,h0425,0.29411765,scr1997,mustOut,frtRoadHeavy
SI,h0426,0.29411765,scr1997,mustOut,frtRoadHeavy
SI,h0427,0.29411765,scr1997,mustOut,frtRoadHeavy
SI,h0428,0.29411765,scr1997,mustOut,frtRoadHeavy
SI,h0429,0.29411765,scr1997,mustOut,frtRoadHeavy
SI,h0430,0.1860031741122067,scr1997,mustOut,frtRoadHeavy
SI,h0431,0.08498188447359888,scr1997,mustOut,frtRoadHeavy
SI,h0432,0.0,scr1997,mustOut,frtRoadHeavy
SI,h0433,0.0,scr1997,mustOut,frtRoadHeavy
SI,h0434,0.0,scr1997,mustOut,frtRoadHeavy
SI,h0435,0.0,scr1997,mustOut,frtRoadHeavy
SI,h0436,0.0,scr1997,mustOut,frtRoadHeavy
SI,h0437,0.08498188447359888,scr1997,mustOut,frtRoadHeavy
SI,h0438,0.1860031741122067,scr1997,mustOut,frtRoadHeavy
SI,h0439,0.29411765,scr1997,mustOut,frtRoadHeavy
SI,h0440,0.29411765,scr1997,mustOut,frtRoadHeavy
SI,h0441,0.29411765,scr1997,mustOut,frtRoadHeavy
SI,h0442,0.29411765,scr1997,mustOut,frtRoadHeavy
SI,h0443,0.29411765,scr1997,mustOut,frtRoadHeavy
SI,h0444,0.29411765,scr1997,mustOut,frtRoadHeavy
SI,h0445,0.29411765,scr1997,mustOut,frtRoadHeavy
SI,h0446,0.29411765,scr1997,mustOut,frtRoadHeavy
SI,h0447,0.29411765,scr1997,mustOut,frtRoadHeavy
SI,h0448,0.29411765,scr1997,mustOut,frtRoadHeavy
SI,h0449,0.29411765,scr1997,mustOut,frtRoadHeavy
SI,h0450,0.29411765,scr1997,mustOut,frtRoadHeavy
SI,h0451,0.29411765,scr1997,mustOut,frtRoadHeavy
SI,h0452,0.29411765,scr1997,mustOut,frtRoadHeavy
SI,h0453,0.29411765,scr1997,mustOut,frtRoadHeavy
SI,h0454,0.1860031741122067,scr1997,mustOut,frtRoadHeavy
SI,h0455,0.08498188447359888,scr1997,mustOut,frtRoadHeavy
SI,h0456,0.0,scr1997,mustOut,frtRoadHeavy
SI,h0457,0.0,scr1997,mustOut,frtRoadHeavy
SI,h0458,0.0,scr1997,mustOut,frtRoadHeavy
SI,h0459,0.0,scr1997,mustOut,frtRoadHeavy
SI,h0460,0.0,scr1997,mustOut,frtRoadHeavy
SI,h0461,0.08498188447359888,scr1997,mustOut,frtRoadHeavy
SI,h0462,0.1860031741122067,scr1997,mustOut,frtRoadHeavy
SI,h0463,0.29411765,scr1997,mustOut,frtRoadHeavy
SI,h0464,0.29411765,scr1997,mustOut,frtRoadHeavy
SI,h0465,0.29411765,scr1997,mustOut,frtRoadHeavy
SI,h0466,0.29411765,scr1997,mustOut,frtRoadHeavy
SI,h0467,0.29411765,scr1997,mustOut,frtRoadHeavy
SI,h0468,0.29411765,scr1997,mustOut,frtRoadHeavy
SI,h0469,0.29411765,scr1997,mustOut,frtRoadHeavy
SI,h0470,0.29411765,scr1997,mustOut,frtRoadHeavy
SI,h0471,0.29411765,scr1997,mustOut,frtRoadHeavy
SI,h0472,0.29411765,scr1997,mustOut,frtRoadHeavy
SI,h0473,0.29411765,scr1997,mustOut,frtRoadHeavy
SI,h0474,0.29411765,scr1997,mustOut,frtRoadHeavy
SI,h0475,0.1860031741122067,scr1997,mustOut,frtRoadHeavy
SI,h0476,0.08498188447359888,scr1997,mustOut,frtRoadHeavy
SI,h0477,0.0,scr1997,mustOut,frtRoadHeavy
SI,h0478,0.0,scr1997,mustOut,frtRoadHeavy
SI,h0479,0.0,scr1997,mustOut,frtRoadHeavy
SI,h0480,0.0,scr1997,mustOut,frtRoadHeavy
SE,h0409,0.0,scr1997,mustOut,frtRoadHeavy
SE,h0410,0.0,scr1997,mustOut,frtRoadHeavy
SE,h0411,0.0,scr1997,mustOut,frtRoadHeavy
SE,h0412,0.0,scr1997,mustOut,frtRoadHeavy
SE,h0413,0.0,scr1997,mustOut,frtRoadHeavy
SE,h0414,0.0,scr1997,mustOut,frtRoadHeavy
SE,h0415,0.08498188447359888,scr1997,mustOut,frtRoadHeavy
SE,h0416,0.1860031741122067,scr1997,mustOut,frtRoadHeavy
SE,h0417,0.29411765,scr1997,mustOut,frtRoadHeavy
SE,h0418,0.29411765,scr1997,mustOut,frtRoadHeavy
SE,h0419,0.29411765,scr1997,mustOut,frtRoadHeavy
SE,h0420,0.29411765,scr1997,mustOut,frtRoadHeavy
SE,h0421,0.29411765,scr1997,mustOut,frtRoadHeavy
SE,h0422,0.29411765,scr1997,mustOut,frtRoadHeavy
SE,h0423,0.29411765,scr1997,mustOut,frtRoadHeavy
SE,h0424,0.29411765,scr1997,mustOut,frtRoadHeavy
SE,h0425,0.29411765,scr1997,mustOut,frtRoadHeavy
SE,h0426,0.29411765,scr1997,mustOut,frtRoadHeavy
SE,h0427,0.29411765,scr1997,mustOut,frtRoadHeavy
SE,h0428,0.29411765,scr1997,mustOut,frtRoadHeavy
SE,h0429,0.29411765,scr1997,mustOut,frtRoadHeavy
SE,h0430,0.1860031741122067,scr1997,mustOut,frtRoadHeavy
SE,h0431,0.08498188447359888,scr1997,mustOut,frtRoadHeavy
SE,h0432,0.0,scr1997,mustOut,frtRoadHeavy
SE,h0433,0.0,scr1997,mustOut,frtRoadHeavy
SE,h0434,0.0,scr1997,mustOut,frtRoadHeavy
SE,h0435,0.0,scr1997,mustOut,frtRoadHeavy
SE,h0436,0.0,scr1997,mustOut,frtRoadHeavy
SE,h0437,0.08498188447359888,scr1997,mustOut,frtRoadHeavy
SE,h0438,0.1860031741122067,scr1997,mustOut,frtRoadHeavy
SE,h0439,0.29411765,scr1997,mustOut,frtRoadHeavy
SE,h0440,0.29411765,scr1997,mustOut,frtRoadHeavy
SE,h0441,0.29411765,scr1997,mustOut,frtRoadHeavy
SE,h0442,0.29411765,scr1997,mustOut,frtRoadHeavy
SE,h0443,0.29411765,scr1997,mustOut,frtRoadHeavy
SE,h0444,0.29411765,scr1997,mustOut,frtRoadHeavy
SE,h0445,0.29411765,scr1997,mustOut,frtRoadHeavy
SE,h0446,0.29411765,scr1997,mustOut,frtRoadHeavy
SE,h0447,0.29411765,scr1997,mustOut,frtRoadHeavy
SE,h0448,0.29411765,scr1997,mustOut,frtRoadHeavy
SE,h0449,0.29411765,scr1997,mustOut,frtRoadHeavy
SE,h0450,0.29411765,scr1997,mustOut,frtRoadHeavy
SE,h0451,0.29411765,scr1997,mustOut,frtRoadHeavy
SE,h0452,0.29411765,scr1997,mustOut,frtRoadHeavy
SE,h0453,0.29411765,scr1997,mustOut,frtRoadHeavy
SE,h0454,0.1860031741122067,scr1997,mustOut,frtRoadHeavy
SE,h0455,0.08498188447359888,scr1997,mustOut,frtRoadHeavy
SE,h0456,0.0,scr1997,mustOut,frtRoadHeavy
SE,h0457,0.0,scr1997,mustOut,frtRoadHeavy
SE,h0458,0.0,scr1997,mustOut,frtRoadHeavy
SE,h0459,0.0,scr1997,mustOut,frtRoadHeavy
SE,h0460,0.0,scr1997,mustOut,frtRoadHeavy
SE,h0461,0.08498188447359888,scr1997,mustOut,frtRoadHeavy
SE,h0462,0.1860031741122067,scr1997,mustOut,frtRoadHeavy
SE,h0463,0.29411765,scr1997,mustOut,frtRoadHeavy
SE,h0464,0.29411765,scr1997,mustOut,frtRoadHeavy
SE,h0465,0.29411765,scr1997,mustOut,frtRoadHeavy
SE,h0466,0.29411765,scr1997,mustOut,frtRoadHeavy
SE,h0467,0.29411765,scr1997,mustOut,frtRoadHeavy
SE,h0468,0.29411765,scr1997,mustOut,frtRoadHeavy
SE,h0469,0.29411765,scr1997,mustOut,frtRoadHeavy
SE,h0470,0.29411765,scr1997,mustOut,frtRoadHeavy
SE,h0471,0.29411765,scr1997,mustOut,frtRoadHeavy
SE,h0472,0.29411765,scr1997,mustOut,frtRoadHeavy
SE,h0473,0.29411765,scr1997,mustOut,frtRoadHeavy
SE,h0474,0.29411765,scr1997,mustOut,frtRoadHeavy
SE,h0475,0.1860031741122067,scr1997,mustOut,frtRoadHeavy
SE,h0476,0.08498188447359888,scr1997,mustOut,frtRoadHeavy
SE,h0477,0.0,scr1997,mustOut,frtRoadHeavy
SE,h0478,0.0,scr1997,mustOut,frtRoadHeavy
SE,h0479,0.0,scr1997,mustOut,frtRoadHeavy
SE,h0480,0.0,scr1997,mustOut,frtRoadHeavy
UK,h0409,0.0,scr1997,mustOut,frtRoadHeavy
UK,h0410,0.0,scr1997,mustOut,frtRoadHeavy
UK,h0411,0.0,scr1997,mustOut,frtRoadHeavy
UK,h0412,0.0,scr1997,mustOut,frtRoadHeavy
UK,h0413,0.0,scr1997,mustOut,frtRoadHeavy
UK,h0414,0.0,scr1997,mustOut,frtRoadHeavy
UK,h0415,0.08498188447359888,scr1997,mustOut,frtRoadHeavy
UK,h0416,0.1860031741122067,scr1997,mustOut,frtRoadHeavy
UK,h0417,0.29411765,scr1997,mustOut,frtRoadHeavy
UK,h0418,0.29411765,scr1997,mustOut,frtRoadHeavy
UK,h0419,0.29411765,scr1997,mustOut,frtRoadHeavy
UK,h0420,0.29411765,scr1997,mustOut,frtRoadHeavy
UK,h0421,0.29411765,scr1997,mustOut,frtRoadHeavy
UK,h0422,0.29411765,scr1997,mustOut,frtRoadHeavy
UK,h0423,0.29411765,scr1997,mustOut,frtRoadHeavy
UK,h0424,0.29411765,scr1997,mustOut,frtRoadHeavy
UK,h0425,0.29411765,scr1997,mustOut,frtRoadHeavy
UK,h0426,0.29411765,scr1997,mustOut,frtRoadHeavy
UK,h0427,0.29411765,scr1997,mustOut,frtRoadHeavy
UK,h0428,0.29411765,scr1997,mustOut,frtRoadHeavy
UK,h0429,0.29411765,scr1997,mustOut,frtRoadHeavy
UK,h0430,0.1860031741122067,scr1997,mustOut,frtRoadHeavy
UK,h0431,0.08498188447359888,scr1997,mustOut,frtRoadHeavy
UK,h0432,0.0,scr1997,mustOut,frtRoadHeavy
UK,h0433,0.0,scr1997,mustOut,frtRoadHeavy
UK,h0434,0.0,scr1997,mustOut,frtRoadHeavy
UK,h0435,0.0,scr1997,mustOut,frtRoadHeavy
UK,h0436,0.0,scr1997,mustOut,frtRoadHeavy
UK,h0437,0.08498188447359888,scr1997,mustOut,frtRoadHeavy
UK,h0438,0.1860031741122067,scr1997,mustOut,frtRoadHeavy
UK,h0439,0.29411765,scr1997,mustOut,frtRoadHeavy
UK,h0440,0.29411765,scr1997,mustOut,frtRoadHeavy
UK,h0441,0.29411765,scr1997,mustOut,frtRoadHeavy
UK,h0442,0.29411765,scr1997,mustOut,frtRoadHeavy
UK,h0443,0.29411765,scr1997,mustOut,frtRoadHeavy
UK,h0444,0.29411765,scr1997,mustOut,frtRoadHeavy
UK,h0445,0.29411765,scr1997,mustOut,frtRoadHeavy
UK,h0446,0.29411765,scr1997,mustOut,frtRoadHeavy
UK,h0447,0.29411765,scr1997,mustOut,frtRoadHeavy
UK,h0448,0.29411765,scr1997,mustOut,frtRoadHeavy
UK,h0449,0.29411765,scr1997,mustOut,frtRoadHeavy
UK,h0450,0.29411765,scr1997,mustOut,frtRoadHeavy
UK,h0451,0.29411765,scr1997,mustOut,frtRoadHeavy
UK,h0452,0.29411765,scr1997,mustOut,frtRoadHeavy
UK,h0453,0.29411765,scr1997,mustOut,frtRoadHeavy
UK,h0454,0.1860031741122067,scr1997,mustOut,frtRoadHeavy
UK,h0455,0.08498188447359888,scr1997,mustOut,frtRoadHeavy
UK,h0456,0.0,scr1997,mustOut,frtRoadHeavy
UK,h0457,0.0,scr1997,mustOut,frtRoadHeavy
UK,h0458,0.0,scr1997,mustOut,frtRoadHeavy
UK,h0459,0.0,scr1997,mustOut,frtRoadHeavy
UK,h0460,0.0,scr1997,mustOut,frtRoadHeavy
UK,h0461,0.08498188447359888,scr1997,mustOut,frtRoadHeavy
UK,h0462,0.1860031741122067,scr1997,mustOut,frtRoadHeavy
UK,h0463,0.29411765,scr1997,mustOut,frtRoadHeavy
UK,h0464,0.29411765,scr1997,mustOut,frtRoadHeavy
UK,h0465,0.29411765,scr1997,mustOut,frtRoadHeavy
UK,h0466,0.29411765,scr1997,mustOut,frtRoadHeavy
UK,h0467,0.29411765,scr1997,mustOut,frtRoadHeavy
UK,h0468,0.29411765,scr1997,mustOut,frtRoadHeavy
UK,h0469,0.29411765,scr1997,mustOut,frtRoadHeavy
UK,h0470,0.29411765,scr1997,mustOut,frtRoadHeavy
UK,h0471,0.29411765,scr1997,mustOut,frtRoadHeavy
UK,h0472,0.29411765,scr1997,mustOut,frtRoadHeavy
UK,h0473,0.29411765,scr1997,mustOut,frtRoadHeavy
UK,h0474,0.29411765,scr1997,mustOut,frtRoadHeavy
UK,h0475,0.1860031741122067,scr1997,mustOut,frtRoadHeavy
UK,h0476,0.08498188447359888,scr1997,mustOut,frtRoadHeavy
UK,h0477,0.0,scr1997,mustOut,frtRoadHeavy
UK,h0478,0.0,scr1997,mustOut,frtRoadHeavy
UK,h0479,0.0,scr1997,mustOut,frtRoadHeavy
UK,h0480,0.0,scr1997,mustOut,frtRoadHeavy
RS,h0409,0.0,scr1997,mustOut,frtRoadHeavy
RS,h0410,0.0,scr1997,mustOut,frtRoadHeavy
RS,h0411,0.0,scr1997,mustOut,frtRoadHeavy
RS,h0412,0.0,scr1997,mustOut,frtRoadHeavy
RS,h0413,0.0,scr1997,mustOut,frtRoadHeavy
RS,h0414,0.0,scr1997,mustOut,frtRoadHeavy
RS,h0415,0.08498188447359888,scr1997,mustOut,frtRoadHeavy
RS,h0416,0.1860031741122067,scr1997,mustOut,frtRoadHeavy
RS,h0417,0.29411765,scr1997,mustOut,frtRoadHeavy
RS,h0418,0.29411765,scr1997,mustOut,frtRoadHeavy
RS,h0419,0.29411765,scr1997,mustOut,frtRoadHeavy
RS,h0420,0.29411765,scr1997,mustOut,frtRoadHeavy
RS,h0421,0.29411765,scr1997,mustOut,frtRoadHeavy
RS,h0422,0.29411765,scr1997,mustOut,frtRoadHeavy
RS,h0423,0.29411765,scr1997,mustOut,frtRoadHeavy
RS,h0424,0.29411765,scr1997,mustOut,frtRoadHeavy
RS,h0425,0.29411765,scr1997,mustOut,frtRoadHeavy
RS,h0426,0.29411765,scr1997,mustOut,frtRoadHeavy
RS,h0427,0.29411765,scr1997,mustOut,frtRoadHeavy
RS,h0428,0.29411765,scr1997,mustOut,frtRoadHeavy
RS,h0429,0.29411765,scr1997,mustOut,frtRoadHeavy
RS,h0430,0.1860031741122067,scr1997,mustOut,frtRoadHeavy
RS,h0431,0.08498188447359888,scr1997,mustOut,frtRoadHeavy
RS,h0432,0.0,scr1997,mustOut,frtRoadHeavy
RS,h0433,0.0,scr1997,mustOut,frtRoadHeavy
RS,h0434,0.0,scr1997,mustOut,frtRoadHeavy
RS,h0435,0.0,scr1997,mustOut,frtRoadHeavy
RS,h0436,0.0,scr1997,mustOut,frtRoadHeavy
RS,h0437,0.08498188447359888,scr1997,mustOut,frtRoadHeavy
RS,h0438,0.1860031741122067,scr1997,mustOut,frtRoadHeavy
RS,h0439,0.29411765,scr1997,mustOut,frtRoadHeavy
RS,h0440,0.29411765,scr1997,mustOut,frtRoadHeavy
RS,h0441,0.29411765,scr1997,mustOut,frtRoadHeavy
RS,h0442,0.29411765,scr1997,mustOut,frtRoadHeavy
RS,h0443,0.29411765,scr1997,mustOut,frtRoadHeavy
RS,h0444,0.29411765,scr1997,mustOut,frtRoadHeavy
RS,h0445,0.29411765,scr1997,mustOut,frtRoadHeavy
RS,h0446,0.29411765,scr1997,mustOut,frtRoadHeavy
RS,h0447,0.29411765,scr1997,mustOut,frtRoadHeavy
RS,h0448,0.29411765,scr1997,mustOut,frtRoadHeavy
RS,h0449,0.29411765,scr1997,mustOut,frtRoadHeavy
RS,h0450,0.29411765,scr1997,mustOut,frtRoadHeavy
RS,h0451,0.29411765,scr1997,mustOut,frtRoadHeavy
RS,h0452,0.29411765,scr1997,mustOut,frtRoadHeavy
RS,h0453,0.29411765,scr1997,mustOut,frtRoadHeavy
RS,h0454,0.1860031741122067,scr1997,mustOut,frtRoadHeavy
RS,h0455,0.08498188447359888,scr1997,mustOut,frtRoadHeavy
RS,h0456,0.0,scr1997,mustOut,frtRoadHeavy
RS,h0457,0.0,scr1997,mustOut,frtRoadHeavy
RS,h0458,0.0,scr1997,mustOut,frtRoadHeavy
RS,h0459,0.0,scr1997,mustOut,frtRoadHeavy
RS,h0460,0.0,scr1997,mustOut,frtRoadHeavy
RS,h0461,0.08498188447359888,scr1997,mustOut,frtRoadHeavy
RS,h0462,0.1860031741122067,scr1997,mustOut,frtRoadHeavy
RS,h0463,0.29411765,scr1997,mustOut,frtRoadHeavy
RS,h0464,0.29411765,scr1997,mustOut,frtRoadHeavy
RS,h0465,0.29411765,scr1997,mustOut,frtRoadHeavy
RS,h0466,0.29411765,scr1997,mustOut,frtRoadHeavy
RS,h0467,0.29411765,scr1997,mustOut,frtRoadHeavy
RS,h0468,0.29411765,scr1997,mustOut,frtRoadHeavy
RS,h0469,0.29411765,scr1997,mustOut,frtRoadHeavy
RS,h0470,0.29411765,scr1997,mustOut,frtRoadHeavy
RS,h0471,0.29411765,scr1997,mustOut,frtRoadHeavy
RS,h0472,0.29411765,scr1997,mustOut,frtRoadHeavy
RS,h0473,0.29411765,scr1997,mustOut,frtRoadHeavy
RS,h0474,0.29411765,scr1997,mustOut,frtRoadHeavy
RS,h0475,0.1860031741122067,scr1997,mustOut,frtRoadHeavy
RS,h0476,0.08498188447359888,scr1997,mustOut,frtRoadHeavy
RS,h0477,0.0,scr1997,mustOut,frtRoadHeavy
RS,h0478,0.0,scr1997,mustOut,frtRoadHeavy
RS,h0479,0.0,scr1997,mustOut,frtRoadHeavy
RS,h0480,0.0,scr1997,mustOut,frtRoadHeavy
BA,h0409,0.0,scr1997,mustOut,frtRoadHeavy
BA,h0410,0.0,scr1997,mustOut,frtRoadHeavy
BA,h0411,0.0,scr1997,mustOut,frtRoadHeavy
BA,h0412,0.0,scr1997,mustOut,frtRoadHeavy
BA,h0413,0.0,scr1997,mustOut,frtRoadHeavy
BA,h0414,0.0,scr1997,mustOut,frtRoadHeavy
BA,h0415,0.08498188447359888,scr1997,mustOut,frtRoadHeavy
BA,h0416,0.1860031741122067,scr1997,mustOut,frtRoadHeavy
BA,h0417,0.29411765,scr1997,mustOut,frtRoadHeavy
BA,h0418,0.29411765,scr1997,mustOut,frtRoadHeavy
BA,h0419,0.29411765,scr1997,mustOut,frtRoadHeavy
BA,h0420,0.29411765,scr1997,mustOut,frtRoadHeavy
BA,h0421,0.29411765,scr1997,mustOut,frtRoadHeavy
BA,h0422,0.29411765,scr1997,mustOut,frtRoadHeavy
BA,h0423,0.29411765,scr1997,mustOut,frtRoadHeavy
BA,h0424,0.29411765,scr1997,mustOut,frtRoadHeavy
BA,h0425,0.29411765,scr1997,mustOut,frtRoadHeavy
BA,h0426,0.29411765,scr1997,mustOut,frtRoadHeavy
BA,h0427,0.29411765,scr1997,mustOut,frtRoadHeavy
BA,h0428,0.29411765,scr1997,mustOut,frtRoadHeavy
BA,h0429,0.29411765,scr1997,mustOut,frtRoadHeavy
BA,h0430,0.1860031741122067,scr1997,mustOut,frtRoadHeavy
BA,h0431,0.08498188447359888,scr1997,mustOut,frtRoadHeavy
BA,h0432,0.0,scr1997,mustOut,frtRoadHeavy
BA,h0433,0.0,scr1997,mustOut,frtRoadHeavy
BA,h0434,0.0,scr1997,mustOut,frtRoadHeavy
BA,h0435,0.0,scr1997,mustOut,frtRoadHeavy
BA,h0436,0.0,scr1997,mustOut,frtRoadHeavy
BA,h0437,0.08498188447359888,scr1997,mustOut,frtRoadHeavy
BA,h0438,0.1860031741122067,scr1997,mustOut,frtRoadHeavy
BA,h0439,0.29411765,scr1997,mustOut,frtRoadHeavy
BA,h0440,0.29411765,scr1997,mustOut,frtRoadHeavy
BA,h0441,0.29411765,scr1997,mustOut,frtRoadHeavy
BA,h0442,0.29411765,scr1997,mustOut,frtRoadHeavy
BA,h0443,0.29411765,scr1997,mustOut,frtRoadHeavy
BA,h0444,0.29411765,scr1997,mustOut,frtRoadHeavy
BA,h0445,0.29411765,scr1997,mustOut,frtRoadHeavy
BA,h0446,0.29411765,scr1997,mustOut,frtRoadHeavy
BA,h0447,0.29411765,scr1997,mustOut,frtRoadHeavy
BA,h0448,0.29411765,scr1997,mustOut,frtRoadHeavy
BA,h0449,0.29411765,scr1997,mustOut,frtRoadHeavy
BA,h0450,0.29411765,scr1997,mustOut,frtRoadHeavy
BA,h0451,0.29411765,scr1997,mustOut,frtRoadHeavy
BA,h0452,0.29411765,scr1997,mustOut,frtRoadHeavy
BA,h0453,0.29411765,scr1997,mustOut,frtRoadHeavy
BA,h0454,0.1860031741122067,scr1997,mustOut,frtRoadHeavy
BA,h0455,0.08498188447359888,scr1997,mustOut,frtRoadHeavy
BA,h0456,0.0,scr1997,mustOut,frtRoadHeavy
BA,h0457,0.0,scr1997,mustOut,frtRoadHeavy
BA,h0458,0.0,scr1997,mustOut,frtRoadHeavy
BA,h0459,0.0,scr1997,mustOut,frtRoadHeavy
BA,h0460,0.0,scr1997,mustOut,frtRoadHeavy
BA,h0461,0.08498188447359888,scr1997,mustOut,frtRoadHeavy
BA,h0462,0.1860031741122067,scr1997,mustOut,frtRoadHeavy
BA,h0463,0.29411765,scr1997,mustOut,frtRoadHeavy
BA,h0464,0.29411765,scr1997,mustOut,frtRoadHeavy
BA,h0465,0.29411765,scr1997,mustOut,frtRoadHeavy
BA,h0466,0.29411765,scr1997,mustOut,frtRoadHeavy
BA,h0467,0.29411765,scr1997,mustOut,frtRoadHeavy
BA,h0468,0.29411765,scr1997,mustOut,frtRoadHeavy
BA,h0469,0.29411765,scr1997,mustOut,frtRoadHeavy
BA,h0470,0.29411765,scr1997,mustOut,frtRoadHeavy
BA,h0471,0.29411765,scr1997,mustOut,frtRoadHeavy
BA,h0472,0.29411765,scr1997,mustOut,frtRoadHeavy
BA,h0473,0.29411765,scr1997,mustOut,frtRoadHeavy
BA,h0474,0.29411765,scr1997,mustOut,frtRoadHeavy
BA,h0475,0.1860031741122067,scr1997,mustOut,frtRoadHeavy
BA,h0476,0.08498188447359888,scr1997,mustOut,frtRoadHeavy
BA,h0477,0.0,scr1997,mustOut,frtRoadHeavy
BA,h0478,0.0,scr1997,mustOut,frtRoadHeavy
BA,h0479,0.0,scr1997,mustOut,frtRoadHeavy
BA,h0480,0.0,scr1997,mustOut,frtRoadHeavy
AL,h0409,0.0,scr1997,mustOut,frtRoadHeavy
AL,h0410,0.0,scr1997,mustOut,frtRoadHeavy
AL,h0411,0.0,scr1997,mustOut,frtRoadHeavy
AL,h0412,0.0,scr1997,mustOut,frtRoadHeavy
AL,h0413,0.0,scr1997,mustOut,frtRoadHeavy
AL,h0414,0.0,scr1997,mustOut,frtRoadHeavy
AL,h0415,0.08498188447359888,scr1997,mustOut,frtRoadHeavy
AL,h0416,0.1860031741122067,scr1997,mustOut,frtRoadHeavy
AL,h0417,0.29411765,scr1997,mustOut,frtRoadHeavy
AL,h0418,0.29411765,scr1997,mustOut,frtRoadHeavy
AL,h0419,0.29411765,scr1997,mustOut,frtRoadHeavy
AL,h0420,0.29411765,scr1997,mustOut,frtRoadHeavy
AL,h0421,0.29411765,scr1997,mustOut,frtRoadHeavy
AL,h0422,0.29411765,scr1997,mustOut,frtRoadHeavy
AL,h0423,0.29411765,scr1997,mustOut,frtRoadHeavy
AL,h0424,0.29411765,scr1997,mustOut,frtRoadHeavy
AL,h0425,0.29411765,scr1997,mustOut,frtRoadHeavy
AL,h0426,0.29411765,scr1997,mustOut,frtRoadHeavy
AL,h0427,0.29411765,scr1997,mustOut,frtRoadHeavy
AL,h0428,0.29411765,scr1997,mustOut,frtRoadHeavy
AL,h0429,0.29411765,scr1997,mustOut,frtRoadHeavy
AL,h0430,0.1860031741122067,scr1997,mustOut,frtRoadHeavy
AL,h0431,0.08498188447359888,scr1997,mustOut,frtRoadHeavy
AL,h0432,0.0,scr1997,mustOut,frtRoadHeavy
AL,h0433,0.0,scr1997,mustOut,frtRoadHeavy
AL,h0434,0.0,scr1997,mustOut,frtRoadHeavy
AL,h0435,0.0,scr1997,mustOut,frtRoadHeavy
AL,h0436,0.0,scr1997,mustOut,frtRoadHeavy
AL,h0437,0.08498188447359888,scr1997,mustOut,frtRoadHeavy
AL,h0438,0.1860031741122067,scr1997,mustOut,frtRoadHeavy
AL,h0439,0.29411765,scr1997,mustOut,frtRoadHeavy
AL,h0440,0.29411765,scr1997,mustOut,frtRoadHeavy
AL,h0441,0.29411765,scr1997,mustOut,frtRoadHeavy
AL,h0442,0.29411765,scr1997,mustOut,frtRoadHeavy
AL,h0443,0.29411765,scr1997,mustOut,frtRoadHeavy
AL,h0444,0.29411765,scr1997,mustOut,frtRoadHeavy
AL,h0445,0.29411765,scr1997,mustOut,frtRoadHeavy
AL,h0446,0.29411765,scr1997,mustOut,frtRoadHeavy
AL,h0447,0.29411765,scr1997,mustOut,frtRoadHeavy
AL,h0448,0.29411765,scr1997,mustOut,frtRoadHeavy
AL,h0449,0.29411765,scr1997,mustOut,frtRoadHeavy
AL,h0450,0.29411765,scr1997,mustOut,frtRoadHeavy
AL,h0451,0.29411765,scr1997,mustOut,frtRoadHeavy
AL,h0452,0.29411765,scr1997,mustOut,frtRoadHeavy
AL,h0453,0.29411765,scr1997,mustOut,frtRoadHeavy
AL,h0454,0.1860031741122067,scr1997,mustOut,frtRoadHeavy
AL,h0455,0.08498188447359888,scr1997,mustOut,frtRoadHeavy
AL,h0456,0.0,scr1997,mustOut,frtRoadHeavy
AL,h0457,0.0,scr1997,mustOut,frtRoadHeavy
AL,h0458,0.0,scr1997,mustOut,frtRoadHeavy
AL,h0459,0.0,scr1997,mustOut,frtRoadHeavy
AL,h0460,0.0,scr1997,mustOut,frtRoadHeavy
AL,h0461,0.08498188447359888,scr1997,mustOut,frtRoadHeavy
AL,h0462,0.1860031741122067,scr1997,mustOut,frtRoadHeavy
AL,h0463,0.29411765,scr1997,mustOut,frtRoadHeavy
AL,h0464,0.29411765,scr1997,mustOut,frtRoadHeavy
AL,h0465,0.29411765,scr1997,mustOut,frtRoadHeavy
AL,h0466,0.29411765,scr1997,mustOut,frtRoadHeavy
AL,h0467,0.29411765,scr1997,mustOut,frtRoadHeavy
AL,h0468,0.29411765,scr1997,mustOut,frtRoadHeavy
AL,h0469,0.29411765,scr1997,mustOut,frtRoadHeavy
AL,h0470,0.29411765,scr1997,mustOut,frtRoadHeavy
AL,h0471,0.29411765,scr1997,mustOut,frtRoadHeavy
AL,h0472,0.29411765,scr1997,mustOut,frtRoadHeavy
AL,h0473,0.29411765,scr1997,mustOut,frtRoadHeavy
AL,h0474,0.29411765,scr1997,mustOut,frtRoadHeavy
AL,h0475,0.1860031741122067,scr1997,mustOut,frtRoadHeavy
AL,h0476,0.08498188447359888,scr1997,mustOut,frtRoadHeavy
AL,h0477,0.0,scr1997,mustOut,frtRoadHeavy
AL,h0478,0.0,scr1997,mustOut,frtRoadHeavy
AL,h0479,0.0,scr1997,mustOut,frtRoadHeavy
AL,h0480,0.0,scr1997,mustOut,frtRoadHeavy
