region_2,timestep_6,value,scenario_1,parameter,carrier_1
AT,h0193,0.0,scr2000,mustOut,frtRoadHeavy
AT,h0194,0.0,scr2000,mustOut,frtRoadHeavy
AT,h0195,0.0,scr2000,mustOut,frtRoadHeavy
AT,h0196,0.0,scr2000,mustOut,frtRoadHeavy
AT,h0197,0.09485025063405579,scr2000,mustOut,frtRoadHeavy
AT,h0198,0.19369993783874562,scr2000,mustOut,frtRoadHeavy
AT,h0199,0.29411765,scr2000,mustOut,frtRoadHeavy
AT,h0200,0.29411765,scr2000,mustOut,frtRoadHeavy
AT,h0201,0.29411765,scr2000,mustOut,frtRoadHeavy
AT,h0202,0.29411765,scr2000,mustOut,frtRoadHeavy
AT,h0203,0.29411765,scr2000,mustOut,frtRoadHeavy
AT,h0204,0.29411765,scr2000,mustOut,frtRoadHeavy
AT,h0205,0.19369993783874562,scr2000,mustOut,frtRoadHeavy
AT,h0206,0.09485025063405579,scr2000,mustOut,frtRoadHeavy
AT,h0207,0.0,scr2000,mustOut,frtRoadHeavy
AT,h0208,0.0,scr2000,mustOut,frtRoadHeavy
AT,h0209,0.0,scr2000,mustOut,frtRoadHeavy
AT,h0210,0.0,scr2000,mustOut,frtRoadHeavy
AT,h0211,0.0,scr2000,mustOut,frtRoadHeavy
AT,h0212,0.0,scr2000,mustOut,frtRoadHeavy
AT,h0213,0.0,scr2000,mustOut,frtRoadHeavy
AT,h0214,0.0,scr2000,mustOut,frtRoadHeavy
AT,h0215,0.0,scr2000,mustOut,frtRoadHeavy
AT,h0216,0.0,scr2000,mustOut,frtRoadHeavy
AT,h0217,0.0,scr2000,mustOut,frtRoadHeavy
AT,h0218,0.0,scr2000,mustOut,frtRoadHeavy
AT,h0219,0.0,scr2000,mustOut,frtRoadHeavy
AT,h0220,0.0,scr2000,mustOut,frtRoadHeavy
AT,h0221,0.09485025063405579,scr2000,mustOut,frtRoadHeavy
AT,h0222,0.19369993783874562,scr2000,mustOut,frtRoadHeavy
AT,h0223,0.29411765,scr2000,mustOut,frtRoadHeavy
AT,h0224,0.29411765,scr2000,mustOut,frtRoadHeavy
AT,h0225,0.29411765,scr2000,mustOut,frtRoadHeavy
AT,h0226,0.29411765,scr2000,mustOut,frtRoadHeavy
AT,h0227,0.29411765,scr2000,mustOut,frtRoadHeavy
AT,h0228,0.29411765,scr2000,mustOut,frtRoadHeavy
AT,h0229,0.29411765,scr2000,mustOut,frtRoadHeavy
AT,h0230,0.29411765,scr2000,mustOut,frtRoadHeavy
AT,h0231,0.29411765,scr2000,mustOut,frtRoadHeavy
AT,h0232,0.29411765,scr2000,mustOut,frtRoadHeavy
AT,h0233,0.29411765,scr2000,mustOut,frtRoadHeavy
AT,h0234,0.29411765,scr2000,mustOut,frtRoadHeavy
AT,h0235,0.19369993783874562,scr2000,mustOut,frtRoadHeavy
AT,h0236,0.09485025063405579,scr2000,mustOut,frtRoadHeavy
AT,h0237,0.0,scr2000,mustOut,frtRoadHeavy
AT,h0238,0.0,scr2000,mustOut,frtRoadHeavy
AT,h0239,0.0,scr2000,mustOut,frtRoadHeavy
AT,h0240,0.0,scr2000,mustOut,frtRoadHeavy
BE,h0193,0.0,scr2000,mustOut,frtRoadHeavy
BE,h0194,0.0,scr2000,mustOut,frtRoadHeavy
BE,h0195,0.0,scr2000,mustOut,frtRoadHeavy
BE,h0196,0.0,scr2000,mustOut,frtRoadHeavy
BE,h0197,0.09485025063405579,scr2000,mustOut,frtRoadHeavy
BE,h0198,0.19369993783874562,scr2000,mustOut,frtRoadHeavy
BE,h0199,0.29411765,scr2000,mustOut,frtRoadHeavy
BE,h0200,0.29411765,scr2000,mustOut,frtRoadHeavy
BE,h0201,0.29411765,scr2000,mustOut,frtRoadHeavy
BE,h0202,0.29411765,scr2000,mustOut,frtRoadHeavy
BE,h0203,0.29411765,scr2000,mustOut,frtRoadHeavy
BE,h0204,0.29411765,scr2000,mustOut,frtRoadHeavy
BE,h0205,0.19369993783874562,scr2000,mustOut,frtRoadHeavy
BE,h0206,0.09485025063405579,scr2000,mustOut,frtRoadHeavy
BE,h0207,0.0,scr2000,mustOut,frtRoadHeavy
BE,h0208,0.0,scr2000,mustOut,frtRoadHeavy
BE,h0209,0.0,scr2000,mustOut,frtRoadHeavy
BE,h0210,0.0,scr2000,mustOut,frtRoadHeavy
BE,h0211,0.0,scr2000,mustOut,frtRoadHeavy
BE,h0212,0.0,scr2000,mustOut,frtRoadHeavy
BE,h0213,0.0,scr2000,mustOut,frtRoadHeavy
BE,h0214,0.0,scr2000,mustOut,frtRoadHeavy
BE,h0215,0.0,scr2000,mustOut,frtRoadHeavy
BE,h0216,0.0,scr2000,mustOut,frtRoadHeavy
BE,h0217,0.0,scr2000,mustOut,frtRoadHeavy
BE,h0218,0.0,scr2000,mustOut,frtRoadHeavy
BE,h0219,0.0,scr2000,mustOut,frtRoadHeavy
BE,h0220,0.0,scr2000,mustOut,frtRoadHeavy
BE,h0221,0.09485025063405579,scr2000,mustOut,frtRoadHeavy
BE,h0222,0.19369993783874562,scr2000,mustOut,frtRoadHeavy
BE,h0223,0.29411765,scr2000,mustOut,frtRoadHeavy
BE,h0224,0.29411765,scr2000,mustOut,frtRoadHeavy
BE,h0225,0.29411765,scr2000,mustOut,frtRoadHeavy
BE,h0226,0.29411765,scr2000,mustOut,frtRoadHeavy
BE,h0227,0.29411765,scr2000,mustOut,frtRoadHeavy
BE,h0228,0.29411765,scr2000,mustOut,frtRoadHeavy
BE,h0229,0.29411765,scr2000,mustOut,frtRoadHeavy
BE,h0230,0.29411765,scr2000,mustOut,frtRoadHeavy
BE,h0231,0.29411765,scr2000,mustOut,frtRoadHeavy
BE,h0232,0.29411765,scr2000,mustOut,frtRoadHeavy
BE,h0233,0.29411765,scr2000,mustOut,frtRoadHeavy
BE,h0234,0.29411765,scr2000,mustOut,frtRoadHeavy
BE,h0235,0.19369993783874562,scr2000,mustOut,frtRoadHeavy
BE,h0236,0.09485025063405579,scr2000,mustOut,frtRoadHeavy
BE,h0237,0.0,scr2000,mustOut,frtRoadHeavy
BE,h0238,0.0,scr2000,mustOut,frtRoadHeavy
BE,h0239,0.0,scr2000,mustOut,frtRoadHeavy
BE,h0240,0.0,scr2000,mustOut,frtRoadHeavy
BG,h0193,0.0,scr2000,mustOut,frtRoadHeavy
BG,h0194,0.0,scr2000,mustOut,frtRoadHeavy
BG,h0195,0.0,scr2000,mustOut,frtRoadHeavy
BG,h0196,0.0,scr2000,mustOut,frtRoadHeavy
BG,h0197,0.09485025063405579,scr2000,mustOut,frtRoadHeavy
BG,h0198,0.19369993783874562,scr2000,mustOut,frtRoadHeavy
BG,h0199,0.29411765,scr2000,mustOut,frtRoadHeavy
BG,h0200,0.29411765,scr2000,mustOut,frtRoadHeavy
BG,h0201,0.29411765,scr2000,mustOut,frtRoadHeavy
BG,h0202,0.29411765,scr2000,mustOut,frtRoadHeavy
BG,h0203,0.29411765,scr2000,mustOut,frtRoadHeavy
BG,h0204,0.29411765,scr2000,mustOut,frtRoadHeavy
BG,h0205,0.19369993783874562,scr2000,mustOut,frtRoadHeavy
BG,h0206,0.09485025063405579,scr2000,mustOut,frtRoadHeavy
BG,h0207,0.0,scr2000,mustOut,frtRoadHeavy
BG,h0208,0.0,scr2000,mustOut,frtRoadHeavy
BG,h0209,0.0,scr2000,mustOut,frtRoadHeavy
BG,h0210,0.0,scr2000,mustOut,frtRoadHeavy
BG,h0211,0.0,scr2000,mustOut,frtRoadHeavy
BG,h0212,0.0,scr2000,mustOut,frtRoadHeavy
BG,h0213,0.0,scr2000,mustOut,frtRoadHeavy
BG,h0214,0.0,scr2000,mustOut,frtRoadHeavy
BG,h0215,0.0,scr2000,mustOut,frtRoadHeavy
BG,h0216,0.0,scr2000,mustOut,frtRoadHeavy
BG,h0217,0.0,scr2000,mustOut,frtRoadHeavy
BG,h0218,0.0,scr2000,mustOut,frtRoadHeavy
BG,h0219,0.0,scr2000,mustOut,frtRoadHeavy
BG,h0220,0.0,scr2000,mustOut,frtRoadHeavy
BG,h0221,0.09485025063405579,scr2000,mustOut,frtRoadHeavy
BG,h0222,0.19369993783874562,scr2000,mustOut,frtRoadHeavy
BG,h0223,0.29411765,scr2000,mustOut,frtRoadHeavy
BG,h0224,0.29411765,scr2000,mustOut,frtRoadHeavy
BG,h0225,0.29411765,scr2000,mustOut,frtRoadHeavy
BG,h0226,0.29411765,scr2000,mustOut,frtRoadHeavy
BG,h0227,0.29411765,scr2000,mustOut,frtRoadHeavy
BG,h0228,0.29411765,scr2000,mustOut,frtRoadHeavy
BG,h0229,0.29411765,scr2000,mustOut,frtRoadHeavy
BG,h0230,0.29411765,scr2000,mustOut,frtRoadHeavy
BG,h0231,0.29411765,scr2000,mustOut,frtRoadHeavy
BG,h0232,0.29411765,scr2000,mustOut,frtRoadHeavy
BG,h0233,0.29411765,scr2000,mustOut,frtRoadHeavy
BG,h0234,0.29411765,scr2000,mustOut,frtRoadHeavy
BG,h0235,0.19369993783874562,scr2000,mustOut,frtRoadHeavy
BG,h0236,0.09485025063405579,scr2000,mustOut,frtRoadHeavy
BG,h0237,0.0,scr2000,mustOut,frtRoadHeavy
BG,h0238,0.0,scr2000,mustOut,frtRoadHeavy
BG,h0239,0.0,scr2000,mustOut,frtRoadHeavy
BG,h0240,0.0,scr2000,mustOut,frtRoadHeavy
CH,h0193,0.0,scr2000,mustOut,frtRoadHeavy
CH,h0194,0.0,scr2000,mustOut,frtRoadHeavy
CH,h0195,0.0,scr2000,mustOut,frtRoadHeavy
CH,h0196,0.0,scr2000,mustOut,frtRoadHeavy
CH,h0197,0.09485025063405579,scr2000,mustOut,frtRoadHeavy
CH,h0198,0.19369993783874562,scr2000,mustOut,frtRoadHeavy
CH,h0199,0.29411765,scr2000,mustOut,frtRoadHeavy
CH,h0200,0.29411765,scr2000,mustOut,frtRoadHeavy
CH,h0201,0.29411765,scr2000,mustOut,frtRoadHeavy
CH,h0202,0.29411765,scr2000,mustOut,frtRoadHeavy
CH,h0203,0.29411765,scr2000,mustOut,frtRoadHeavy
CH,h0204,0.29411765,scr2000,mustOut,frtRoadHeavy
CH,h0205,0.19369993783874562,scr2000,mustOut,frtRoadHeavy
CH,h0206,0.09485025063405579,scr2000,mustOut,frtRoadHeavy
CH,h0207,0.0,scr2000,mustOut,frtRoadHeavy
CH,h0208,0.0,scr2000,mustOut,frtRoadHeavy
CH,h0209,0.0,scr2000,mustOut,frtRoadHeavy
CH,h0210,0.0,scr2000,mustOut,frtRoadHeavy
CH,h0211,0.0,scr2000,mustOut,frtRoadHeavy
CH,h0212,0.0,scr2000,mustOut,frtRoadHeavy
CH,h0213,0.0,scr2000,mustOut,frtRoadHeavy
CH,h0214,0.0,scr2000,mustOut,frtRoadHeavy
CH,h0215,0.0,scr2000,mustOut,frtRoadHeavy
CH,h0216,0.0,scr2000,mustOut,frtRoadHeavy
CH,h0217,0.0,scr2000,mustOut,frtRoadHeavy
CH,h0218,0.0,scr2000,mustOut,frtRoadHeavy
CH,h0219,0.0,scr2000,mustOut,frtRoadHeavy
CH,h0220,0.0,scr2000,mustOut,frtRoadHeavy
CH,h0221,0.09485025063405579,scr2000,mustOut,frtRoadHeavy
CH,h0222,0.19369993783874562,scr2000,mustOut,frtRoadHeavy
CH,h0223,0.29411765,scr2000,mustOut,frtRoadHeavy
CH,h0224,0.29411765,scr2000,mustOut,frtRoadHeavy
CH,h0225,0.29411765,scr2000,mustOut,frtRoadHeavy
CH,h0226,0.29411765,scr2000,mustOut,frtRoadHeavy
CH,h0227,0.29411765,scr2000,mustOut,frtRoadHeavy
CH,h0228,0.29411765,scr2000,mustOut,frtRoadHeavy
CH,h0229,0.29411765,scr2000,mustOut,frtRoadHeavy
CH,h0230,0.29411765,scr2000,mustOut,frtRoadHeavy
CH,h0231,0.29411765,scr2000,mustOut,frtRoadHeavy
CH,h0232,0.29411765,scr2000,mustOut,frtRoadHeavy
CH,h0233,0.29411765,scr2000,mustOut,frtRoadHeavy
CH,h0234,0.29411765,scr2000,mustOut,frtRoadHeavy
CH,h0235,0.19369993783874562,scr2000,mustOut,frtRoadHeavy
CH,h0236,0.09485025063405579,scr2000,mustOut,frtRoadHeavy
CH,h0237,0.0,scr2000,mustOut,frtRoadHeavy
CH,h0238,0.0,scr2000,mustOut,frtRoadHeavy
CH,h0239,0.0,scr2000,mustOut,frtRoadHeavy
CH,h0240,0.0,scr2000,mustOut,frtRoadHeavy
CZ,h0193,0.0,scr2000,mustOut,frtRoadHeavy
CZ,h0194,0.0,scr2000,mustOut,frtRoadHeavy
CZ,h0195,0.0,scr2000,mustOut,frtRoadHeavy
CZ,h0196,0.0,scr2000,mustOut,frtRoadHeavy
CZ,h0197,0.09485025063405579,scr2000,mustOut,frtRoadHeavy
CZ,h0198,0.19369993783874562,scr2000,mustOut,frtRoadHeavy
CZ,h0199,0.29411765,scr2000,mustOut,frtRoadHeavy
CZ,h0200,0.29411765,scr2000,mustOut,frtRoadHeavy
CZ,h0201,0.29411765,scr2000,mustOut,frtRoadHeavy
CZ,h0202,0.29411765,scr2000,mustOut,frtRoadHeavy
CZ,h0203,0.29411765,scr2000,mustOut,frtRoadHeavy
CZ,h0204,0.29411765,scr2000,mustOut,frtRoadHeavy
CZ,h0205,0.19369993783874562,scr2000,mustOut,frtRoadHeavy
CZ,h0206,0.09485025063405579,scr2000,mustOut,frtRoadHeavy
CZ,h0207,0.0,scr2000,mustOut,frtRoadHeavy
CZ,h0208,0.0,scr2000,mustOut,frtRoadHeavy
CZ,h0209,0.0,scr2000,mustOut,frtRoadHeavy
CZ,h0210,0.0,scr2000,mustOut,frtRoadHeavy
CZ,h0211,0.0,scr2000,mustOut,frtRoadHeavy
CZ,h0212,0.0,scr2000,mustOut,frtRoadHeavy
CZ,h0213,0.0,scr2000,mustOut,frtRoadHeavy
CZ,h0214,0.0,scr2000,mustOut,frtRoadHeavy
CZ,h0215,0.0,scr2000,mustOut,frtRoadHeavy
CZ,h0216,0.0,scr2000,mustOut,frtRoadHeavy
CZ,h0217,0.0,scr2000,mustOut,frtRoadHeavy
CZ,h0218,0.0,scr2000,mustOut,frtRoadHeavy
CZ,h0219,0.0,scr2000,mustOut,frtRoadHeavy
CZ,h0220,0.0,scr2000,mustOut,frtRoadHeavy
CZ,h0221,0.09485025063405579,scr2000,mustOut,frtRoadHeavy
CZ,h0222,0.19369993783874562,scr2000,mustOut,frtRoadHeavy
CZ,h0223,0.29411765,scr2000,mustOut,frtRoadHeavy
CZ,h0224,0.29411765,scr2000,mustOut,frtRoadHeavy
CZ,h0225,0.29411765,scr2000,mustOut,frtRoadHeavy
CZ,h0226,0.29411765,scr2000,mustOut,frtRoadHeavy
CZ,h0227,0.29411765,scr2000,mustOut,frtRoadHeavy
CZ,h0228,0.29411765,scr2000,mustOut,frtRoadHeavy
CZ,h0229,0.29411765,scr2000,mustOut,frtRoadHeavy
CZ,h0230,0.29411765,scr2000,mustOut,frtRoadHeavy
CZ,h0231,0.29411765,scr2000,mustOut,frtRoadHeavy
CZ,h0232,0.29411765,scr2000,mustOut,frtRoadHeavy
CZ,h0233,0.29411765,scr2000,mustOut,frtRoadHeavy
CZ,h0234,0.29411765,scr2000,mustOut,frtRoadHeavy
CZ,h0235,0.19369993783874562,scr2000,mustOut,frtRoadHeavy
CZ,h0236,0.09485025063405579,scr2000,mustOut,frtRoadHeavy
CZ,h0237,0.0,scr2000,mustOut,frtRoadHeavy
CZ,h0238,0.0,scr2000,mustOut,frtRoadHeavy
CZ,h0239,0.0,scr2000,mustOut,frtRoadHeavy
CZ,h0240,0.0,scr2000,mustOut,frtRoadHeavy
DE,h0193,0.0,scr2000,mustOut,frtRoadHeavy
DE,h0194,0.0,scr2000,mustOut,frtRoadHeavy
DE,h0195,0.0,scr2000,mustOut,frtRoadHeavy
DE,h0196,0.0,scr2000,mustOut,frtRoadHeavy
DE,h0197,0.09485025063405579,scr2000,mustOut,frtRoadHeavy
DE,h0198,0.19369993783874562,scr2000,mustOut,frtRoadHeavy
DE,h0199,0.29411765,scr2000,mustOut,frtRoadHeavy
DE,h0200,0.29411765,scr2000,mustOut,frtRoadHeavy
DE,h0201,0.29411765,scr2000,mustOut,frtRoadHeavy
DE,h0202,0.29411765,scr2000,mustOut,frtRoadHeavy
DE,h0203,0.29411765,scr2000,mustOut,frtRoadHeavy
DE,h0204,0.29411765,scr2000,mustOut,frtRoadHeavy
DE,h0205,0.19369993783874562,scr2000,mustOut,frtRoadHeavy
DE,h0206,0.09485025063405579,scr2000,mustOut,frtRoadHeavy
DE,h0207,0.0,scr2000,mustOut,frtRoadHeavy
DE,h0208,0.0,scr2000,mustOut,frtRoadHeavy
DE,h0209,0.0,scr2000,mustOut,frtRoadHeavy
DE,h0210,0.0,scr2000,mustOut,frtRoadHeavy
DE,h0211,0.0,scr2000,mustOut,frtRoadHeavy
DE,h0212,0.0,scr2000,mustOut,frtRoadHeavy
DE,h0213,0.0,scr2000,mustOut,frtRoadHeavy
DE,h0214,0.0,scr2000,mustOut,frtRoadHeavy
DE,h0215,0.0,scr2000,mustOut,frtRoadHeavy
DE,h0216,0.0,scr2000,mustOut,frtRoadHeavy
DE,h0217,0.0,scr2000,mustOut,frtRoadHeavy
DE,h0218,0.0,scr2000,mustOut,frtRoadHeavy
DE,h0219,0.0,scr2000,mustOut,frtRoadHeavy
DE,h0220,0.0,scr2000,mustOut,frtRoadHeavy
DE,h0221,0.09485025063405579,scr2000,mustOut,frtRoadHeavy
DE,h0222,0.19369993783874562,scr2000,mustOut,frtRoadHeavy
DE,h0223,0.29411765,scr2000,mustOut,frtRoadHeavy
DE,h0224,0.29411765,scr2000,mustOut,frtRoadHeavy
DE,h0225,0.29411765,scr2000,mustOut,frtRoadHeavy
DE,h0226,0.29411765,scr2000,mustOut,frtRoadHeavy
DE,h0227,0.29411765,scr2000,mustOut,frtRoadHeavy
DE,h0228,0.29411765,scr2000,mustOut,frtRoadHeavy
DE,h0229,0.29411765,scr2000,mustOut,frtRoadHeavy
DE,h0230,0.29411765,scr2000,mustOut,frtRoadHeavy
DE,h0231,0.29411765,scr2000,mustOut,frtRoadHeavy
DE,h0232,0.29411765,scr2000,mustOut,frtRoadHeavy
DE,h0233,0.29411765,scr2000,mustOut,frtRoadHeavy
DE,h0234,0.29411765,scr2000,mustOut,frtRoadHeavy
DE,h0235,0.19369993783874562,scr2000,mustOut,frtRoadHeavy
DE,h0236,0.09485025063405579,scr2000,mustOut,frtRoadHeavy
DE,h0237,0.0,scr2000,mustOut,frtRoadHeavy
DE,h0238,0.0,scr2000,mustOut,frtRoadHeavy
DE,h0239,0.0,scr2000,mustOut,frtRoadHeavy
DE,h0240,0.0,scr2000,mustOut,frtRoadHeavy
GR,h0193,0.0,scr2000,mustOut,frtRoadHeavy
GR,h0194,0.0,scr2000,mustOut,frtRoadHeavy
GR,h0195,0.0,scr2000,mustOut,frtRoadHeavy
GR,h0196,0.0,scr2000,mustOut,frtRoadHeavy
GR,h0197,0.09485025063405579,scr2000,mustOut,frtRoadHeavy
GR,h0198,0.19369993783874562,scr2000,mustOut,frtRoadHeavy
GR,h0199,0.29411765,scr2000,mustOut,frtRoadHeavy
GR,h0200,0.29411765,scr2000,mustOut,frtRoadHeavy
GR,h0201,0.29411765,scr2000,mustOut,frtRoadHeavy
GR,h0202,0.29411765,scr2000,mustOut,frtRoadHeavy
GR,h0203,0.29411765,scr2000,mustOut,frtRoadHeavy
GR,h0204,0.29411765,scr2000,mustOut,frtRoadHeavy
GR,h0205,0.19369993783874562,scr2000,mustOut,frtRoadHeavy
GR,h0206,0.09485025063405579,scr2000,mustOut,frtRoadHeavy
GR,h0207,0.0,scr2000,mustOut,frtRoadHeavy
GR,h0208,0.0,scr2000,mustOut,frtRoadHeavy
GR,h0209,0.0,scr2000,mustOut,frtRoadHeavy
GR,h0210,0.0,scr2000,mustOut,frtRoadHeavy
GR,h0211,0.0,scr2000,mustOut,frtRoadHeavy
GR,h0212,0.0,scr2000,mustOut,frtRoadHeavy
GR,h0213,0.0,scr2000,mustOut,frtRoadHeavy
GR,h0214,0.0,scr2000,mustOut,frtRoadHeavy
GR,h0215,0.0,scr2000,mustOut,frtRoadHeavy
GR,h0216,0.0,scr2000,mustOut,frtRoadHeavy
GR,h0217,0.0,scr2000,mustOut,frtRoadHeavy
GR,h0218,0.0,scr2000,mustOut,frtRoadHeavy
GR,h0219,0.0,scr2000,mustOut,frtRoadHeavy
GR,h0220,0.0,scr2000,mustOut,frtRoadHeavy
GR,h0221,0.09485025063405579,scr2000,mustOut,frtRoadHeavy
GR,h0222,0.19369993783874562,scr2000,mustOut,frtRoadHeavy
GR,h0223,0.29411765,scr2000,mustOut,frtRoadHeavy
GR,h0224,0.29411765,scr2000,mustOut,frtRoadHeavy
GR,h0225,0.29411765,scr2000,mustOut,frtRoadHeavy
GR,h0226,0.29411765,scr2000,mustOut,frtRoadHeavy
GR,h0227,0.29411765,scr2000,mustOut,frtRoadHeavy
GR,h0228,0.29411765,scr2000,mustOut,frtRoadHeavy
GR,h0229,0.29411765,scr2000,mustOut,frtRoadHeavy
GR,h0230,0.29411765,scr2000,mustOut,frtRoadHeavy
GR,h0231,0.29411765,scr2000,mustOut,frtRoadHeavy
GR,h0232,0.29411765,scr2000,mustOut,frtRoadHeavy
GR,h0233,0.29411765,scr2000,mustOut,frtRoadHeavy
GR,h0234,0.29411765,scr2000,mustOut,frtRoadHeavy
GR,h0235,0.19369993783874562,scr2000,mustOut,frtRoadHeavy
GR,h0236,0.09485025063405579,scr2000,mustOut,frtRoadHeavy
GR,h0237,0.0,scr2000,mustOut,frtRoadHeavy
GR,h0238,0.0,scr2000,mustOut,frtRoadHeavy
GR,h0239,0.0,scr2000,mustOut,frtRoadHeavy
GR,h0240,0.0,scr2000,mustOut,frtRoadHeavy
ES,h0193,0.0,scr2000,mustOut,frtRoadHeavy
ES,h0194,0.0,scr2000,mustOut,frtRoadHeavy
ES,h0195,0.0,scr2000,mustOut,frtRoadHeavy
ES,h0196,0.0,scr2000,mustOut,frtRoadHeavy
ES,h0197,0.09485025063405579,scr2000,mustOut,frtRoadHeavy
ES,h0198,0.19369993783874562,scr2000,mustOut,frtRoadHeavy
ES,h0199,0.29411765,scr2000,mustOut,frtRoadHeavy
ES,h0200,0.29411765,scr2000,mustOut,frtRoadHeavy
ES,h0201,0.29411765,scr2000,mustOut,frtRoadHeavy
ES,h0202,0.29411765,scr2000,mustOut,frtRoadHeavy
ES,h0203,0.29411765,scr2000,mustOut,frtRoadHeavy
ES,h0204,0.29411765,scr2000,mustOut,frtRoadHeavy
ES,h0205,0.19369993783874562,scr2000,mustOut,frtRoadHeavy
ES,h0206,0.09485025063405579,scr2000,mustOut,frtRoadHeavy
ES,h0207,0.0,scr2000,mustOut,frtRoadHeavy
ES,h0208,0.0,scr2000,mustOut,frtRoadHeavy
ES,h0209,0.0,scr2000,mustOut,frtRoadHeavy
ES,h0210,0.0,scr2000,mustOut,frtRoadHeavy
ES,h0211,0.0,scr2000,mustOut,frtRoadHeavy
ES,h0212,0.0,scr2000,mustOut,frtRoadHeavy
ES,h0213,0.0,scr2000,mustOut,frtRoadHeavy
ES,h0214,0.0,scr2000,mustOut,frtRoadHeavy
ES,h0215,0.0,scr2000,mustOut,frtRoadHeavy
ES,h0216,0.0,scr2000,mustOut,frtRoadHeavy
ES,h0217,0.0,scr2000,mustOut,frtRoadHeavy
ES,h0218,0.0,scr2000,mustOut,frtRoadHeavy
ES,h0219,0.0,scr2000,mustOut,frtRoadHeavy
ES,h0220,0.0,scr2000,mustOut,frtRoadHeavy
ES,h0221,0.09485025063405579,scr2000,mustOut,frtRoadHeavy
ES,h0222,0.19369993783874562,scr2000,mustOut,frtRoadHeavy
ES,h0223,0.29411765,scr2000,mustOut,frtRoadHeavy
ES,h0224,0.29411765,scr2000,mustOut,frtRoadHeavy
ES,h0225,0.29411765,scr2000,mustOut,frtRoadHeavy
ES,h0226,0.29411765,scr2000,mustOut,frtRoadHeavy
ES,h0227,0.29411765,scr2000,mustOut,frtRoadHeavy
ES,h0228,0.29411765,scr2000,mustOut,frtRoadHeavy
ES,h0229,0.29411765,scr2000,mustOut,frtRoadHeavy
ES,h0230,0.29411765,scr2000,mustOut,frtRoadHeavy
ES,h0231,0.29411765,scr2000,mustOut,frtRoadHeavy
ES,h0232,0.29411765,scr2000,mustOut,frtRoadHeavy
ES,h0233,0.29411765,scr2000,mustOut,frtRoadHeavy
ES,h0234,0.29411765,scr2000,mustOut,frtRoadHeavy
ES,h0235,0.19369993783874562,scr2000,mustOut,frtRoadHeavy
ES,h0236,0.09485025063405579,scr2000,mustOut,frtRoadHeavy
ES,h0237,0.0,scr2000,mustOut,frtRoadHeavy
ES,h0238,0.0,scr2000,mustOut,frtRoadHeavy
ES,h0239,0.0,scr2000,mustOut,frtRoadHeavy
ES,h0240,0.0,scr2000,mustOut,frtRoadHeavy
DK,h0193,0.0,scr2000,mustOut,frtRoadHeavy
DK,h0194,0.0,scr2000,mustOut,frtRoadHeavy
DK,h0195,0.0,scr2000,mustOut,frtRoadHeavy
DK,h0196,0.0,scr2000,mustOut,frtRoadHeavy
DK,h0197,0.09485025063405579,scr2000,mustOut,frtRoadHeavy
DK,h0198,0.19369993783874562,scr2000,mustOut,frtRoadHeavy
DK,h0199,0.29411765,scr2000,mustOut,frtRoadHeavy
DK,h0200,0.29411765,scr2000,mustOut,frtRoadHeavy
DK,h0201,0.29411765,scr2000,mustOut,frtRoadHeavy
DK,h0202,0.29411765,scr2000,mustOut,frtRoadHeavy
DK,h0203,0.29411765,scr2000,mustOut,frtRoadHeavy
DK,h0204,0.29411765,scr2000,mustOut,frtRoadHeavy
DK,h0205,0.19369993783874562,scr2000,mustOut,frtRoadHeavy
DK,h0206,0.09485025063405579,scr2000,mustOut,frtRoadHeavy
DK,h0207,0.0,scr2000,mustOut,frtRoadHeavy
DK,h0208,0.0,scr2000,mustOut,frtRoadHeavy
DK,h0209,0.0,scr2000,mustOut,frtRoadHeavy
DK,h0210,0.0,scr2000,mustOut,frtRoadHeavy
DK,h0211,0.0,scr2000,mustOut,frtRoadHeavy
DK,h0212,0.0,scr2000,mustOut,frtRoadHeavy
DK,h0213,0.0,scr2000,mustOut,frtRoadHeavy
DK,h0214,0.0,scr2000,mustOut,frtRoadHeavy
DK,h0215,0.0,scr2000,mustOut,frtRoadHeavy
DK,h0216,0.0,scr2000,mustOut,frtRoadHeavy
DK,h0217,0.0,scr2000,mustOut,frtRoadHeavy
DK,h0218,0.0,scr2000,mustOut,frtRoadHeavy
DK,h0219,0.0,scr2000,mustOut,frtRoadHeavy
DK,h0220,0.0,scr2000,mustOut,frtRoadHeavy
DK,h0221,0.09485025063405579,scr2000,mustOut,frtRoadHeavy
DK,h0222,0.19369993783874562,scr2000,mustOut,frtRoadHeavy
DK,h0223,0.29411765,scr2000,mustOut,frtRoadHeavy
DK,h0224,0.29411765,scr2000,mustOut,frtRoadHeavy
DK,h0225,0.29411765,scr2000,mustOut,frtRoadHeavy
DK,h0226,0.29411765,scr2000,mustOut,frtRoadHeavy
DK,h0227,0.29411765,scr2000,mustOut,frtRoadHeavy
DK,h0228,0.29411765,scr2000,mustOut,frtRoadHeavy
DK,h0229,0.29411765,scr2000,mustOut,frtRoadHeavy
DK,h0230,0.29411765,scr2000,mustOut,frtRoadHeavy
DK,h0231,0.29411765,scr2000,mustOut,frtRoadHeavy
DK,h0232,0.29411765,scr2000,mustOut,frtRoadHeavy
DK,h0233,0.29411765,scr2000,mustOut,frtRoadHeavy
DK,h0234,0.29411765,scr2000,mustOut,frtRoadHeavy
DK,h0235,0.19369993783874562,scr2000,mustOut,frtRoadHeavy
DK,h0236,0.09485025063405579,scr2000,mustOut,frtRoadHeavy
DK,h0237,0.0,scr2000,mustOut,frtRoadHeavy
DK,h0238,0.0,scr2000,mustOut,frtRoadHeavy
DK,h0239,0.0,scr2000,mustOut,frtRoadHeavy
DK,h0240,0.0,scr2000,mustOut,frtRoadHeavy
EE,h0193,0.0,scr2000,mustOut,frtRoadHeavy
EE,h0194,0.0,scr2000,mustOut,frtRoadHeavy
EE,h0195,0.0,scr2000,mustOut,frtRoadHeavy
EE,h0196,0.0,scr2000,mustOut,frtRoadHeavy
EE,h0197,0.09485025063405579,scr2000,mustOut,frtRoadHeavy
EE,h0198,0.19369993783874562,scr2000,mustOut,frtRoadHeavy
EE,h0199,0.29411765,scr2000,mustOut,frtRoadHeavy
EE,h0200,0.29411765,scr2000,mustOut,frtRoadHeavy
EE,h0201,0.29411765,scr2000,mustOut,frtRoadHeavy
EE,h0202,0.29411765,scr2000,mustOut,frtRoadHeavy
EE,h0203,0.29411765,scr2000,mustOut,frtRoadHeavy
EE,h0204,0.29411765,scr2000,mustOut,frtRoadHeavy
EE,h0205,0.19369993783874562,scr2000,mustOut,frtRoadHeavy
EE,h0206,0.09485025063405579,scr2000,mustOut,frtRoadHeavy
EE,h0207,0.0,scr2000,mustOut,frtRoadHeavy
EE,h0208,0.0,scr2000,mustOut,frtRoadHeavy
EE,h0209,0.0,scr2000,mustOut,frtRoadHeavy
EE,h0210,0.0,scr2000,mustOut,frtRoadHeavy
EE,h0211,0.0,scr2000,mustOut,frtRoadHeavy
EE,h0212,0.0,scr2000,mustOut,frtRoadHeavy
EE,h0213,0.0,scr2000,mustOut,frtRoadHeavy
EE,h0214,0.0,scr2000,mustOut,frtRoadHeavy
EE,h0215,0.0,scr2000,mustOut,frtRoadHeavy
EE,h0216,0.0,scr2000,mustOut,frtRoadHeavy
EE,h0217,0.0,scr2000,mustOut,frtRoadHeavy
EE,h0218,0.0,scr2000,mustOut,frtRoadHeavy
EE,h0219,0.0,scr2000,mustOut,frtRoadHeavy
EE,h0220,0.0,scr2000,mustOut,frtRoadHeavy
EE,h0221,0.09485025063405579,scr2000,mustOut,frtRoadHeavy
EE,h0222,0.19369993783874562,scr2000,mustOut,frtRoadHeavy
EE,h0223,0.29411765,scr2000,mustOut,frtRoadHeavy
EE,h0224,0.29411765,scr2000,mustOut,frtRoadHeavy
EE,h0225,0.29411765,scr2000,mustOut,frtRoadHeavy
EE,h0226,0.29411765,scr2000,mustOut,frtRoadHeavy
EE,h0227,0.29411765,scr2000,mustOut,frtRoadHeavy
EE,h0228,0.29411765,scr2000,mustOut,frtRoadHeavy
EE,h0229,0.29411765,scr2000,mustOut,frtRoadHeavy
EE,h0230,0.29411765,scr2000,mustOut,frtRoadHeavy
EE,h0231,0.29411765,scr2000,mustOut,frtRoadHeavy
EE,h0232,0.29411765,scr2000,mustOut,frtRoadHeavy
EE,h0233,0.29411765,scr2000,mustOut,frtRoadHeavy
EE,h0234,0.29411765,scr2000,mustOut,frtRoadHeavy
EE,h0235,0.19369993783874562,scr2000,mustOut,frtRoadHeavy
EE,h0236,0.09485025063405579,scr2000,mustOut,frtRoadHeavy
EE,h0237,0.0,scr2000,mustOut,frtRoadHeavy
EE,h0238,0.0,scr2000,mustOut,frtRoadHeavy
EE,h0239,0.0,scr2000,mustOut,frtRoadHeavy
EE,h0240,0.0,scr2000,mustOut,frtRoadHeavy
FI,h0193,0.0,scr2000,mustOut,frtRoadHeavy
FI,h0194,0.0,scr2000,mustOut,frtRoadHeavy
FI,h0195,0.0,scr2000,mustOut,frtRoadHeavy
FI,h0196,0.0,scr2000,mustOut,frtRoadHeavy
FI,h0197,0.09485025063405579,scr2000,mustOut,frtRoadHeavy
FI,h0198,0.19369993783874562,scr2000,mustOut,frtRoadHeavy
FI,h0199,0.29411765,scr2000,mustOut,frtRoadHeavy
FI,h0200,0.29411765,scr2000,mustOut,frtRoadHeavy
FI,h0201,0.29411765,scr2000,mustOut,frtRoadHeavy
FI,h0202,0.29411765,scr2000,mustOut,frtRoadHeavy
FI,h0203,0.29411765,scr2000,mustOut,frtRoadHeavy
FI,h0204,0.29411765,scr2000,mustOut,frtRoadHeavy
FI,h0205,0.19369993783874562,scr2000,mustOut,frtRoadHeavy
FI,h0206,0.09485025063405579,scr2000,mustOut,frtRoadHeavy
FI,h0207,0.0,scr2000,mustOut,frtRoadHeavy
FI,h0208,0.0,scr2000,mustOut,frtRoadHeavy
FI,h0209,0.0,scr2000,mustOut,frtRoadHeavy
FI,h0210,0.0,scr2000,mustOut,frtRoadHeavy
FI,h0211,0.0,scr2000,mustOut,frtRoadHeavy
FI,h0212,0.0,scr2000,mustOut,frtRoadHeavy
FI,h0213,0.0,scr2000,mustOut,frtRoadHeavy
FI,h0214,0.0,scr2000,mustOut,frtRoadHeavy
FI,h0215,0.0,scr2000,mustOut,frtRoadHeavy
FI,h0216,0.0,scr2000,mustOut,frtRoadHeavy
FI,h0217,0.0,scr2000,mustOut,frtRoadHeavy
FI,h0218,0.0,scr2000,mustOut,frtRoadHeavy
FI,h0219,0.0,scr2000,mustOut,frtRoadHeavy
FI,h0220,0.0,scr2000,mustOut,frtRoadHeavy
FI,h0221,0.09485025063405579,scr2000,mustOut,frtRoadHeavy
FI,h0222,0.19369993783874562,scr2000,mustOut,frtRoadHeavy
FI,h0223,0.29411765,scr2000,mustOut,frtRoadHeavy
FI,h0224,0.29411765,scr2000,mustOut,frtRoadHeavy
FI,h0225,0.29411765,scr2000,mustOut,frtRoadHeavy
FI,h0226,0.29411765,scr2000,mustOut,frtRoadHeavy
FI,h0227,0.29411765,scr2000,mustOut,frtRoadHeavy
FI,h0228,0.29411765,scr2000,mustOut,frtRoadHeavy
FI,h0229,0.29411765,scr2000,mustOut,frtRoadHeavy
FI,h0230,0.29411765,scr2000,mustOut,frtRoadHeavy
FI,h0231,0.29411765,scr2000,mustOut,frtRoadHeavy
FI,h0232,0.29411765,scr2000,mustOut,frtRoadHeavy
FI,h0233,0.29411765,scr2000,mustOut,frtRoadHeavy
FI,h0234,0.29411765,scr2000,mustOut,frtRoadHeavy
FI,h0235,0.19369993783874562,scr2000,mustOut,frtRoadHeavy
FI,h0236,0.09485025063405579,scr2000,mustOut,frtRoadHeavy
FI,h0237,0.0,scr2000,mustOut,frtRoadHeavy
FI,h0238,0.0,scr2000,mustOut,frtRoadHeavy
FI,h0239,0.0,scr2000,mustOut,frtRoadHeavy
FI,h0240,0.0,scr2000,mustOut,frtRoadHeavy
FR,h0193,0.0,scr2000,mustOut,frtRoadHeavy
FR,h0194,0.0,scr2000,mustOut,frtRoadHeavy
FR,h0195,0.0,scr2000,mustOut,frtRoadHeavy
FR,h0196,0.0,scr2000,mustOut,frtRoadHeavy
FR,h0197,0.09485025063405578,scr2000,mustOut,frtRoadHeavy
FR,h0198,0.1936999378387456,scr2000,mustOut,frtRoadHeavy
FR,h0199,0.29411764999999995,scr2000,mustOut,frtRoadHeavy
FR,h0200,0.29411764999999995,scr2000,mustOut,frtRoadHeavy
FR,h0201,0.29411764999999995,scr2000,mustOut,frtRoadHeavy
FR,h0202,0.29411764999999995,scr2000,mustOut,frtRoadHeavy
FR,h0203,0.29411764999999995,scr2000,mustOut,frtRoadHeavy
FR,h0204,0.29411764999999995,scr2000,mustOut,frtRoadHeavy
FR,h0205,0.1936999378387456,scr2000,mustOut,frtRoadHeavy
FR,h0206,0.09485025063405578,scr2000,mustOut,frtRoadHeavy
FR,h0207,0.0,scr2000,mustOut,frtRoadHeavy
FR,h0208,0.0,scr2000,mustOut,frtRoadHeavy
FR,h0209,0.0,scr2000,mustOut,frtRoadHeavy
FR,h0210,0.0,scr2000,mustOut,frtRoadHeavy
FR,h0211,0.0,scr2000,mustOut,frtRoadHeavy
FR,h0212,0.0,scr2000,mustOut,frtRoadHeavy
FR,h0213,0.0,scr2000,mustOut,frtRoadHeavy
FR,h0214,0.0,scr2000,mustOut,frtRoadHeavy
FR,h0215,0.0,scr2000,mustOut,frtRoadHeavy
FR,h0216,0.0,scr2000,mustOut,frtRoadHeavy
FR,h0217,0.0,scr2000,mustOut,frtRoadHeavy
FR,h0218,0.0,scr2000,mustOut,frtRoadHeavy
FR,h0219,0.0,scr2000,mustOut,frtRoadHeavy
FR,h0220,0.0,scr2000,mustOut,frtRoadHeavy
FR,h0221,0.09485025063405578,scr2000,mustOut,frtRoadHeavy
FR,h0222,0.1936999378387456,scr2000,mustOut,frtRoadHeavy
FR,h0223,0.29411764999999995,scr2000,mustOut,frtRoadHeavy
FR,h0224,0.29411764999999995,scr2000,mustOut,frtRoadHeavy
FR,h0225,0.29411764999999995,scr2000,mustOut,frtRoadHeavy
FR,h0226,0.29411764999999995,scr2000,mustOut,frtRoadHeavy
FR,h0227,0.29411764999999995,scr2000,mustOut,frtRoadHeavy
FR,h0228,0.29411764999999995,scr2000,mustOut,frtRoadHeavy
FR,h0229,0.29411764999999995,scr2000,mustOut,frtRoadHeavy
FR,h0230,0.29411764999999995,scr2000,mustOut,frtRoadHeavy
FR,h0231,0.29411764999999995,scr2000,mustOut,frtRoadHeavy
FR,h0232,0.29411764999999995,scr2000,mustOut,frtRoadHeavy
FR,h0233,0.29411764999999995,scr2000,mustOut,frtRoadHeavy
FR,h0234,0.29411764999999995,scr2000,mustOut,frtRoadHeavy
FR,h0235,0.1936999378387456,scr2000,mustOut,frtRoadHeavy
FR,h0236,0.09485025063405578,scr2000,mustOut,frtRoadHeavy
FR,h0237,0.0,scr2000,mustOut,frtRoadHeavy
FR,h0238,0.0,scr2000,mustOut,frtRoadHeavy
FR,h0239,0.0,scr2000,mustOut,frtRoadHeavy
FR,h0240,0.0,scr2000,mustOut,frtRoadHeavy
IT,h0193,0.0,scr2000,mustOut,frtRoadHeavy
IT,h0194,0.0,scr2000,mustOut,frtRoadHeavy
IT,h0195,0.0,scr2000,mustOut,frtRoadHeavy
IT,h0196,0.0,scr2000,mustOut,frtRoadHeavy
IT,h0197,0.09485025063405579,scr2000,mustOut,frtRoadHeavy
IT,h0198,0.19369993783874562,scr2000,mustOut,frtRoadHeavy
IT,h0199,0.29411765,scr2000,mustOut,frtRoadHeavy
IT,h0200,0.29411765,scr2000,mustOut,frtRoadHeavy
IT,h0201,0.29411765,scr2000,mustOut,frtRoadHeavy
IT,h0202,0.29411765,scr2000,mustOut,frtRoadHeavy
IT,h0203,0.29411765,scr2000,mustOut,frtRoadHeavy
IT,h0204,0.29411765,scr2000,mustOut,frtRoadHeavy
IT,h0205,0.19369993783874562,scr2000,mustOut,frtRoadHeavy
IT,h0206,0.09485025063405579,scr2000,mustOut,frtRoadHeavy
IT,h0207,0.0,scr2000,mustOut,frtRoadHeavy
IT,h0208,0.0,scr2000,mustOut,frtRoadHeavy
IT,h0209,0.0,scr2000,mustOut,frtRoadHeavy
IT,h0210,0.0,scr2000,mustOut,frtRoadHeavy
IT,h0211,0.0,scr2000,mustOut,frtRoadHeavy
IT,h0212,0.0,scr2000,mustOut,frtRoadHeavy
IT,h0213,0.0,scr2000,mustOut,frtRoadHeavy
IT,h0214,0.0,scr2000,mustOut,frtRoadHeavy
IT,h0215,0.0,scr2000,mustOut,frtRoadHeavy
IT,h0216,0.0,scr2000,mustOut,frtRoadHeavy
IT,h0217,0.0,scr2000,mustOut,frtRoadHeavy
IT,h0218,0.0,scr2000,mustOut,frtRoadHeavy
IT,h0219,0.0,scr2000,mustOut,frtRoadHeavy
IT,h0220,0.0,scr2000,mustOut,frtRoadHeavy
IT,h0221,0.09485025063405579,scr2000,mustOut,frtRoadHeavy
IT,h0222,0.19369993783874562,scr2000,mustOut,frtRoadHeavy
IT,h0223,0.29411765,scr2000,mustOut,frtRoadHeavy
IT,h0224,0.29411765,scr2000,mustOut,frtRoadHeavy
IT,h0225,0.29411765,scr2000,mustOut,frtRoadHeavy
IT,h0226,0.29411765,scr2000,mustOut,frtRoadHeavy
IT,h0227,0.29411765,scr2000,mustOut,frtRoadHeavy
IT,h0228,0.29411765,scr2000,mustOut,frtRoadHeavy
IT,h0229,0.29411765,scr2000,mustOut,frtRoadHeavy
IT,h0230,0.29411765,scr2000,mustOut,frtRoadHeavy
IT,h0231,0.29411765,scr2000,mustOut,frtRoadHeavy
IT,h0232,0.29411765,scr2000,mustOut,frtRoadHeavy
IT,h0233,0.29411765,scr2000,mustOut,frtRoadHeavy
IT,h0234,0.29411765,scr2000,mustOut,frtRoadHeavy
IT,h0235,0.19369993783874562,scr2000,mustOut,frtRoadHeavy
IT,h0236,0.09485025063405579,scr2000,mustOut,frtRoadHeavy
IT,h0237,0.0,scr2000,mustOut,frtRoadHeavy
IT,h0238,0.0,scr2000,mustOut,frtRoadHeavy
IT,h0239,0.0,scr2000,mustOut,frtRoadHeavy
IT,h0240,0.0,scr2000,mustOut,frtRoadHeavy
NL,h0193,0.0,scr2000,mustOut,frtRoadHeavy
NL,h0194,0.0,scr2000,mustOut,frtRoadHeavy
NL,h0195,0.0,scr2000,mustOut,frtRoadHeavy
NL,h0196,0.0,scr2000,mustOut,frtRoadHeavy
NL,h0197,0.09485025063405579,scr2000,mustOut,frtRoadHeavy
NL,h0198,0.19369993783874562,scr2000,mustOut,frtRoadHeavy
NL,h0199,0.29411765,scr2000,mustOut,frtRoadHeavy
NL,h0200,0.29411765,scr2000,mustOut,frtRoadHeavy
NL,h0201,0.29411765,scr2000,mustOut,frtRoadHeavy
NL,h0202,0.29411765,scr2000,mustOut,frtRoadHeavy
NL,h0203,0.29411765,scr2000,mustOut,frtRoadHeavy
NL,h0204,0.29411765,scr2000,mustOut,frtRoadHeavy
NL,h0205,0.19369993783874562,scr2000,mustOut,frtRoadHeavy
NL,h0206,0.09485025063405579,scr2000,mustOut,frtRoadHeavy
NL,h0207,0.0,scr2000,mustOut,frtRoadHeavy
NL,h0208,0.0,scr2000,mustOut,frtRoadHeavy
NL,h0209,0.0,scr2000,mustOut,frtRoadHeavy
NL,h0210,0.0,scr2000,mustOut,frtRoadHeavy
NL,h0211,0.0,scr2000,mustOut,frtRoadHeavy
NL,h0212,0.0,scr2000,mustOut,frtRoadHeavy
NL,h0213,0.0,scr2000,mustOut,frtRoadHeavy
NL,h0214,0.0,scr2000,mustOut,frtRoadHeavy
NL,h0215,0.0,scr2000,mustOut,frtRoadHeavy
NL,h0216,0.0,scr2000,mustOut,frtRoadHeavy
NL,h0217,0.0,scr2000,mustOut,frtRoadHeavy
NL,h0218,0.0,scr2000,mustOut,frtRoadHeavy
NL,h0219,0.0,scr2000,mustOut,frtRoadHeavy
NL,h0220,0.0,scr2000,mustOut,frtRoadHeavy
NL,h0221,0.09485025063405579,scr2000,mustOut,frtRoadHeavy
NL,h0222,0.19369993783874562,scr2000,mustOut,frtRoadHeavy
NL,h0223,0.29411765,scr2000,mustOut,frtRoadHeavy
NL,h0224,0.29411765,scr2000,mustOut,frtRoadHeavy
NL,h0225,0.29411765,scr2000,mustOut,frtRoadHeavy
NL,h0226,0.29411765,scr2000,mustOut,frtRoadHeavy
NL,h0227,0.29411765,scr2000,mustOut,frtRoadHeavy
NL,h0228,0.29411765,scr2000,mustOut,frtRoadHeavy
NL,h0229,0.29411765,scr2000,mustOut,frtRoadHeavy
NL,h0230,0.29411765,scr2000,mustOut,frtRoadHeavy
NL,h0231,0.29411765,scr2000,mustOut,frtRoadHeavy
NL,h0232,0.29411765,scr2000,mustOut,frtRoadHeavy
NL,h0233,0.29411765,scr2000,mustOut,frtRoadHeavy
NL,h0234,0.29411765,scr2000,mustOut,frtRoadHeavy
NL,h0235,0.19369993783874562,scr2000,mustOut,frtRoadHeavy
NL,h0236,0.09485025063405579,scr2000,mustOut,frtRoadHeavy
NL,h0237,0.0,scr2000,mustOut,frtRoadHeavy
NL,h0238,0.0,scr2000,mustOut,frtRoadHeavy
NL,h0239,0.0,scr2000,mustOut,frtRoadHeavy
NL,h0240,0.0,scr2000,mustOut,frtRoadHeavy
IE,h0193,0.0,scr2000,mustOut,frtRoadHeavy
IE,h0194,0.0,scr2000,mustOut,frtRoadHeavy
IE,h0195,0.0,scr2000,mustOut,frtRoadHeavy
IE,h0196,0.0,scr2000,mustOut,frtRoadHeavy
IE,h0197,0.09485025063405579,scr2000,mustOut,frtRoadHeavy
IE,h0198,0.19369993783874562,scr2000,mustOut,frtRoadHeavy
IE,h0199,0.29411765,scr2000,mustOut,frtRoadHeavy
IE,h0200,0.29411765,scr2000,mustOut,frtRoadHeavy
IE,h0201,0.29411765,scr2000,mustOut,frtRoadHeavy
IE,h0202,0.29411765,scr2000,mustOut,frtRoadHeavy
IE,h0203,0.29411765,scr2000,mustOut,frtRoadHeavy
IE,h0204,0.29411765,scr2000,mustOut,frtRoadHeavy
IE,h0205,0.19369993783874562,scr2000,mustOut,frtRoadHeavy
IE,h0206,0.09485025063405579,scr2000,mustOut,frtRoadHeavy
IE,h0207,0.0,scr2000,mustOut,frtRoadHeavy
IE,h0208,0.0,scr2000,mustOut,frtRoadHeavy
IE,h0209,0.0,scr2000,mustOut,frtRoadHeavy
IE,h0210,0.0,scr2000,mustOut,frtRoadHeavy
IE,h0211,0.0,scr2000,mustOut,frtRoadHeavy
IE,h0212,0.0,scr2000,mustOut,frtRoadHeavy
IE,h0213,0.0,scr2000,mustOut,frtRoadHeavy
IE,h0214,0.0,scr2000,mustOut,frtRoadHeavy
IE,h0215,0.0,scr2000,mustOut,frtRoadHeavy
IE,h0216,0.0,scr2000,mustOut,frtRoadHeavy
IE,h0217,0.0,scr2000,mustOut,frtRoadHeavy
IE,h0218,0.0,scr2000,mustOut,frtRoadHeavy
IE,h0219,0.0,scr2000,mustOut,frtRoadHeavy
IE,h0220,0.0,scr2000,mustOut,frtRoadHeavy
IE,h0221,0.09485025063405579,scr2000,mustOut,frtRoadHeavy
IE,h0222,0.19369993783874562,scr2000,mustOut,frtRoadHeavy
IE,h0223,0.29411765,scr2000,mustOut,frtRoadHeavy
IE,h0224,0.29411765,scr2000,mustOut,frtRoadHeavy
IE,h0225,0.29411765,scr2000,mustOut,frtRoadHeavy
IE,h0226,0.29411765,scr2000,mustOut,frtRoadHeavy
IE,h0227,0.29411765,scr2000,mustOut,frtRoadHeavy
IE,h0228,0.29411765,scr2000,mustOut,frtRoadHeavy
IE,h0229,0.29411765,scr2000,mustOut,frtRoadHeavy
IE,h0230,0.29411765,scr2000,mustOut,frtRoadHeavy
IE,h0231,0.29411765,scr2000,mustOut,frtRoadHeavy
IE,h0232,0.29411765,scr2000,mustOut,frtRoadHeavy
IE,h0233,0.29411765,scr2000,mustOut,frtRoadHeavy
IE,h0234,0.29411765,scr2000,mustOut,frtRoadHeavy
IE,h0235,0.19369993783874562,scr2000,mustOut,frtRoadHeavy
IE,h0236,0.09485025063405579,scr2000,mustOut,frtRoadHeavy
IE,h0237,0.0,scr2000,mustOut,frtRoadHeavy
IE,h0238,0.0,scr2000,mustOut,frtRoadHeavy
IE,h0239,0.0,scr2000,mustOut,frtRoadHeavy
IE,h0240,0.0,scr2000,mustOut,frtRoadHeavy
HR,h0193,0.0,scr2000,mustOut,frtRoadHeavy
HR,h0194,0.0,scr2000,mustOut,frtRoadHeavy
HR,h0195,0.0,scr2000,mustOut,frtRoadHeavy
HR,h0196,0.0,scr2000,mustOut,frtRoadHeavy
HR,h0197,0.09485025063405579,scr2000,mustOut,frtRoadHeavy
HR,h0198,0.19369993783874562,scr2000,mustOut,frtRoadHeavy
HR,h0199,0.29411765,scr2000,mustOut,frtRoadHeavy
HR,h0200,0.29411765,scr2000,mustOut,frtRoadHeavy
HR,h0201,0.29411765,scr2000,mustOut,frtRoadHeavy
HR,h0202,0.29411765,scr2000,mustOut,frtRoadHeavy
HR,h0203,0.29411765,scr2000,mustOut,frtRoadHeavy
HR,h0204,0.29411765,scr2000,mustOut,frtRoadHeavy
HR,h0205,0.19369993783874562,scr2000,mustOut,frtRoadHeavy
HR,h0206,0.09485025063405579,scr2000,mustOut,frtRoadHeavy
HR,h0207,0.0,scr2000,mustOut,frtRoadHeavy
HR,h0208,0.0,scr2000,mustOut,frtRoadHeavy
HR,h0209,0.0,scr2000,mustOut,frtRoadHeavy
HR,h0210,0.0,scr2000,mustOut,frtRoadHeavy
HR,h0211,0.0,scr2000,mustOut,frtRoadHeavy
HR,h0212,0.0,scr2000,mustOut,frtRoadHeavy
HR,h0213,0.0,scr2000,mustOut,frtRoadHeavy
HR,h0214,0.0,scr2000,mustOut,frtRoadHeavy
HR,h0215,0.0,scr2000,mustOut,frtRoadHeavy
HR,h0216,0.0,scr2000,mustOut,frtRoadHeavy
HR,h0217,0.0,scr2000,mustOut,frtRoadHeavy
HR,h0218,0.0,scr2000,mustOut,frtRoadHeavy
HR,h0219,0.0,scr2000,mustOut,frtRoadHeavy
HR,h0220,0.0,scr2000,mustOut,frtRoadHeavy
HR,h0221,0.09485025063405579,scr2000,mustOut,frtRoadHeavy
HR,h0222,0.19369993783874562,scr2000,mustOut,frtRoadHeavy
HR,h0223,0.29411765,scr2000,mustOut,frtRoadHeavy
HR,h0224,0.29411765,scr2000,mustOut,frtRoadHeavy
HR,h0225,0.29411765,scr2000,mustOut,frtRoadHeavy
HR,h0226,0.29411765,scr2000,mustOut,frtRoadHeavy
HR,h0227,0.29411765,scr2000,mustOut,frtRoadHeavy
HR,h0228,0.29411765,scr2000,mustOut,frtRoadHeavy
HR,h0229,0.29411765,scr2000,mustOut,frtRoadHeavy
HR,h0230,0.29411765,scr2000,mustOut,frtRoadHeavy
HR,h0231,0.29411765,scr2000,mustOut,frtRoadHeavy
HR,h0232,0.29411765,scr2000,mustOut,frtRoadHeavy
HR,h0233,0.29411765,scr2000,mustOut,frtRoadHeavy
HR,h0234,0.29411765,scr2000,mustOut,frtRoadHeavy
HR,h0235,0.19369993783874562,scr2000,mustOut,frtRoadHeavy
HR,h0236,0.09485025063405579,scr2000,mustOut,frtRoadHeavy
HR,h0237,0.0,scr2000,mustOut,frtRoadHeavy
HR,h0238,0.0,scr2000,mustOut,frtRoadHeavy
HR,h0239,0.0,scr2000,mustOut,frtRoadHeavy
HR,h0240,0.0,scr2000,mustOut,frtRoadHeavy
HU,h0193,0.0,scr2000,mustOut,frtRoadHeavy
HU,h0194,0.0,scr2000,mustOut,frtRoadHeavy
HU,h0195,0.0,scr2000,mustOut,frtRoadHeavy
HU,h0196,0.0,scr2000,mustOut,frtRoadHeavy
HU,h0197,0.09485025063405579,scr2000,mustOut,frtRoadHeavy
HU,h0198,0.19369993783874562,scr2000,mustOut,frtRoadHeavy
HU,h0199,0.29411765,scr2000,mustOut,frtRoadHeavy
HU,h0200,0.29411765,scr2000,mustOut,frtRoadHeavy
HU,h0201,0.29411765,scr2000,mustOut,frtRoadHeavy
HU,h0202,0.29411765,scr2000,mustOut,frtRoadHeavy
HU,h0203,0.29411765,scr2000,mustOut,frtRoadHeavy
HU,h0204,0.29411765,scr2000,mustOut,frtRoadHeavy
HU,h0205,0.19369993783874562,scr2000,mustOut,frtRoadHeavy
HU,h0206,0.09485025063405579,scr2000,mustOut,frtRoadHeavy
HU,h0207,0.0,scr2000,mustOut,frtRoadHeavy
HU,h0208,0.0,scr2000,mustOut,frtRoadHeavy
HU,h0209,0.0,scr2000,mustOut,frtRoadHeavy
HU,h0210,0.0,scr2000,mustOut,frtRoadHeavy
HU,h0211,0.0,scr2000,mustOut,frtRoadHeavy
HU,h0212,0.0,scr2000,mustOut,frtRoadHeavy
HU,h0213,0.0,scr2000,mustOut,frtRoadHeavy
HU,h0214,0.0,scr2000,mustOut,frtRoadHeavy
HU,h0215,0.0,scr2000,mustOut,frtRoadHeavy
HU,h0216,0.0,scr2000,mustOut,frtRoadHeavy
HU,h0217,0.0,scr2000,mustOut,frtRoadHeavy
HU,h0218,0.0,scr2000,mustOut,frtRoadHeavy
HU,h0219,0.0,scr2000,mustOut,frtRoadHeavy
HU,h0220,0.0,scr2000,mustOut,frtRoadHeavy
HU,h0221,0.09485025063405579,scr2000,mustOut,frtRoadHeavy
HU,h0222,0.19369993783874562,scr2000,mustOut,frtRoadHeavy
HU,h0223,0.29411765,scr2000,mustOut,frtRoadHeavy
HU,h0224,0.29411765,scr2000,mustOut,frtRoadHeavy
HU,h0225,0.29411765,scr2000,mustOut,frtRoadHeavy
HU,h0226,0.29411765,scr2000,mustOut,frtRoadHeavy
HU,h0227,0.29411765,scr2000,mustOut,frtRoadHeavy
HU,h0228,0.29411765,scr2000,mustOut,frtRoadHeavy
HU,h0229,0.29411765,scr2000,mustOut,frtRoadHeavy
HU,h0230,0.29411765,scr2000,mustOut,frtRoadHeavy
HU,h0231,0.29411765,scr2000,mustOut,frtRoadHeavy
HU,h0232,0.29411765,scr2000,mustOut,frtRoadHeavy
HU,h0233,0.29411765,scr2000,mustOut,frtRoadHeavy
HU,h0234,0.29411765,scr2000,mustOut,frtRoadHeavy
HU,h0235,0.19369993783874562,scr2000,mustOut,frtRoadHeavy
HU,h0236,0.09485025063405579,scr2000,mustOut,frtRoadHeavy
HU,h0237,0.0,scr2000,mustOut,frtRoadHeavy
HU,h0238,0.0,scr2000,mustOut,frtRoadHeavy
HU,h0239,0.0,scr2000,mustOut,frtRoadHeavy
HU,h0240,0.0,scr2000,mustOut,frtRoadHeavy
MK,h0193,0.0,scr2000,mustOut,frtRoadHeavy
MK,h0194,0.0,scr2000,mustOut,frtRoadHeavy
MK,h0195,0.0,scr2000,mustOut,frtRoadHeavy
MK,h0196,0.0,scr2000,mustOut,frtRoadHeavy
MK,h0197,0.09485025063405579,scr2000,mustOut,frtRoadHeavy
MK,h0198,0.19369993783874562,scr2000,mustOut,frtRoadHeavy
MK,h0199,0.29411765,scr2000,mustOut,frtRoadHeavy
MK,h0200,0.29411765,scr2000,mustOut,frtRoadHeavy
MK,h0201,0.29411765,scr2000,mustOut,frtRoadHeavy
MK,h0202,0.29411765,scr2000,mustOut,frtRoadHeavy
MK,h0203,0.29411765,scr2000,mustOut,frtRoadHeavy
MK,h0204,0.29411765,scr2000,mustOut,frtRoadHeavy
MK,h0205,0.19369993783874562,scr2000,mustOut,frtRoadHeavy
MK,h0206,0.09485025063405579,scr2000,mustOut,frtRoadHeavy
MK,h0207,0.0,scr2000,mustOut,frtRoadHeavy
MK,h0208,0.0,scr2000,mustOut,frtRoadHeavy
MK,h0209,0.0,scr2000,mustOut,frtRoadHeavy
MK,h0210,0.0,scr2000,mustOut,frtRoadHeavy
MK,h0211,0.0,scr2000,mustOut,frtRoadHeavy
MK,h0212,0.0,scr2000,mustOut,frtRoadHeavy
MK,h0213,0.0,scr2000,mustOut,frtRoadHeavy
MK,h0214,0.0,scr2000,mustOut,frtRoadHeavy
MK,h0215,0.0,scr2000,mustOut,frtRoadHeavy
MK,h0216,0.0,scr2000,mustOut,frtRoadHeavy
MK,h0217,0.0,scr2000,mustOut,frtRoadHeavy
MK,h0218,0.0,scr2000,mustOut,frtRoadHeavy
MK,h0219,0.0,scr2000,mustOut,frtRoadHeavy
MK,h0220,0.0,scr2000,mustOut,frtRoadHeavy
MK,h0221,0.09485025063405579,scr2000,mustOut,frtRoadHeavy
MK,h0222,0.19369993783874562,scr2000,mustOut,frtRoadHeavy
MK,h0223,0.29411765,scr2000,mustOut,frtRoadHeavy
MK,h0224,0.29411765,scr2000,mustOut,frtRoadHeavy
MK,h0225,0.29411765,scr2000,mustOut,frtRoadHeavy
MK,h0226,0.29411765,scr2000,mustOut,frtRoadHeavy
MK,h0227,0.29411765,scr2000,mustOut,frtRoadHeavy
MK,h0228,0.29411765,scr2000,mustOut,frtRoadHeavy
MK,h0229,0.29411765,scr2000,mustOut,frtRoadHeavy
MK,h0230,0.29411765,scr2000,mustOut,frtRoadHeavy
MK,h0231,0.29411765,scr2000,mustOut,frtRoadHeavy
MK,h0232,0.29411765,scr2000,mustOut,frtRoadHeavy
MK,h0233,0.29411765,scr2000,mustOut,frtRoadHeavy
MK,h0234,0.29411765,scr2000,mustOut,frtRoadHeavy
MK,h0235,0.19369993783874562,scr2000,mustOut,frtRoadHeavy
MK,h0236,0.09485025063405579,scr2000,mustOut,frtRoadHeavy
MK,h0237,0.0,scr2000,mustOut,frtRoadHeavy
MK,h0238,0.0,scr2000,mustOut,frtRoadHeavy
MK,h0239,0.0,scr2000,mustOut,frtRoadHeavy
MK,h0240,0.0,scr2000,mustOut,frtRoadHeavy
LV,h0193,0.0,scr2000,mustOut,frtRoadHeavy
LV,h0194,0.0,scr2000,mustOut,frtRoadHeavy
LV,h0195,0.0,scr2000,mustOut,frtRoadHeavy
LV,h0196,0.0,scr2000,mustOut,frtRoadHeavy
LV,h0197,0.09485025063405579,scr2000,mustOut,frtRoadHeavy
LV,h0198,0.19369993783874562,scr2000,mustOut,frtRoadHeavy
LV,h0199,0.29411765,scr2000,mustOut,frtRoadHeavy
LV,h0200,0.29411765,scr2000,mustOut,frtRoadHeavy
LV,h0201,0.29411765,scr2000,mustOut,frtRoadHeavy
LV,h0202,0.29411765,scr2000,mustOut,frtRoadHeavy
LV,h0203,0.29411765,scr2000,mustOut,frtRoadHeavy
LV,h0204,0.29411765,scr2000,mustOut,frtRoadHeavy
LV,h0205,0.19369993783874562,scr2000,mustOut,frtRoadHeavy
LV,h0206,0.09485025063405579,scr2000,mustOut,frtRoadHeavy
LV,h0207,0.0,scr2000,mustOut,frtRoadHeavy
LV,h0208,0.0,scr2000,mustOut,frtRoadHeavy
LV,h0209,0.0,scr2000,mustOut,frtRoadHeavy
LV,h0210,0.0,scr2000,mustOut,frtRoadHeavy
LV,h0211,0.0,scr2000,mustOut,frtRoadHeavy
LV,h0212,0.0,scr2000,mustOut,frtRoadHeavy
LV,h0213,0.0,scr2000,mustOut,frtRoadHeavy
LV,h0214,0.0,scr2000,mustOut,frtRoadHeavy
LV,h0215,0.0,scr2000,mustOut,frtRoadHeavy
LV,h0216,0.0,scr2000,mustOut,frtRoadHeavy
LV,h0217,0.0,scr2000,mustOut,frtRoadHeavy
LV,h0218,0.0,scr2000,mustOut,frtRoadHeavy
LV,h0219,0.0,scr2000,mustOut,frtRoadHeavy
LV,h0220,0.0,scr2000,mustOut,frtRoadHeavy
LV,h0221,0.09485025063405579,scr2000,mustOut,frtRoadHeavy
LV,h0222,0.19369993783874562,scr2000,mustOut,frtRoadHeavy
LV,h0223,0.29411765,scr2000,mustOut,frtRoadHeavy
LV,h0224,0.29411765,scr2000,mustOut,frtRoadHeavy
LV,h0225,0.29411765,scr2000,mustOut,frtRoadHeavy
LV,h0226,0.29411765,scr2000,mustOut,frtRoadHeavy
LV,h0227,0.29411765,scr2000,mustOut,frtRoadHeavy
LV,h0228,0.29411765,scr2000,mustOut,frtRoadHeavy
LV,h0229,0.29411765,scr2000,mustOut,frtRoadHeavy
LV,h0230,0.29411765,scr2000,mustOut,frtRoadHeavy
LV,h0231,0.29411765,scr2000,mustOut,frtRoadHeavy
LV,h0232,0.29411765,scr2000,mustOut,frtRoadHeavy
LV,h0233,0.29411765,scr2000,mustOut,frtRoadHeavy
LV,h0234,0.29411765,scr2000,mustOut,frtRoadHeavy
LV,h0235,0.19369993783874562,scr2000,mustOut,frtRoadHeavy
LV,h0236,0.09485025063405579,scr2000,mustOut,frtRoadHeavy
LV,h0237,0.0,scr2000,mustOut,frtRoadHeavy
LV,h0238,0.0,scr2000,mustOut,frtRoadHeavy
LV,h0239,0.0,scr2000,mustOut,frtRoadHeavy
LV,h0240,0.0,scr2000,mustOut,frtRoadHeavy
ME,h0193,0.0,scr2000,mustOut,frtRoadHeavy
ME,h0194,0.0,scr2000,mustOut,frtRoadHeavy
ME,h0195,0.0,scr2000,mustOut,frtRoadHeavy
ME,h0196,0.0,scr2000,mustOut,frtRoadHeavy
ME,h0197,0.09485025063405579,scr2000,mustOut,frtRoadHeavy
ME,h0198,0.19369993783874562,scr2000,mustOut,frtRoadHeavy
ME,h0199,0.29411765,scr2000,mustOut,frtRoadHeavy
ME,h0200,0.29411765,scr2000,mustOut,frtRoadHeavy
ME,h0201,0.29411765,scr2000,mustOut,frtRoadHeavy
ME,h0202,0.29411765,scr2000,mustOut,frtRoadHeavy
ME,h0203,0.29411765,scr2000,mustOut,frtRoadHeavy
ME,h0204,0.29411765,scr2000,mustOut,frtRoadHeavy
ME,h0205,0.19369993783874562,scr2000,mustOut,frtRoadHeavy
ME,h0206,0.09485025063405579,scr2000,mustOut,frtRoadHeavy
ME,h0207,0.0,scr2000,mustOut,frtRoadHeavy
ME,h0208,0.0,scr2000,mustOut,frtRoadHeavy
ME,h0209,0.0,scr2000,mustOut,frtRoadHeavy
ME,h0210,0.0,scr2000,mustOut,frtRoadHeavy
ME,h0211,0.0,scr2000,mustOut,frtRoadHeavy
ME,h0212,0.0,scr2000,mustOut,frtRoadHeavy
ME,h0213,0.0,scr2000,mustOut,frtRoadHeavy
ME,h0214,0.0,scr2000,mustOut,frtRoadHeavy
ME,h0215,0.0,scr2000,mustOut,frtRoadHeavy
ME,h0216,0.0,scr2000,mustOut,frtRoadHeavy
ME,h0217,0.0,scr2000,mustOut,frtRoadHeavy
ME,h0218,0.0,scr2000,mustOut,frtRoadHeavy
ME,h0219,0.0,scr2000,mustOut,frtRoadHeavy
ME,h0220,0.0,scr2000,mustOut,frtRoadHeavy
ME,h0221,0.09485025063405579,scr2000,mustOut,frtRoadHeavy
ME,h0222,0.19369993783874562,scr2000,mustOut,frtRoadHeavy
ME,h0223,0.29411765,scr2000,mustOut,frtRoadHeavy
ME,h0224,0.29411765,scr2000,mustOut,frtRoadHeavy
ME,h0225,0.29411765,scr2000,mustOut,frtRoadHeavy
ME,h0226,0.29411765,scr2000,mustOut,frtRoadHeavy
ME,h0227,0.29411765,scr2000,mustOut,frtRoadHeavy
ME,h0228,0.29411765,scr2000,mustOut,frtRoadHeavy
ME,h0229,0.29411765,scr2000,mustOut,frtRoadHeavy
ME,h0230,0.29411765,scr2000,mustOut,frtRoadHeavy
ME,h0231,0.29411765,scr2000,mustOut,frtRoadHeavy
ME,h0232,0.29411765,scr2000,mustOut,frtRoadHeavy
ME,h0233,0.29411765,scr2000,mustOut,frtRoadHeavy
ME,h0234,0.29411765,scr2000,mustOut,frtRoadHeavy
ME,h0235,0.19369993783874562,scr2000,mustOut,frtRoadHeavy
ME,h0236,0.09485025063405579,scr2000,mustOut,frtRoadHeavy
ME,h0237,0.0,scr2000,mustOut,frtRoadHeavy
ME,h0238,0.0,scr2000,mustOut,frtRoadHeavy
ME,h0239,0.0,scr2000,mustOut,frtRoadHeavy
ME,h0240,0.0,scr2000,mustOut,frtRoadHeavy
LT,h0193,0.0,scr2000,mustOut,frtRoadHeavy
LT,h0194,0.0,scr2000,mustOut,frtRoadHeavy
LT,h0195,0.0,scr2000,mustOut,frtRoadHeavy
LT,h0196,0.0,scr2000,mustOut,frtRoadHeavy
LT,h0197,0.09485025063405579,scr2000,mustOut,frtRoadHeavy
LT,h0198,0.19369993783874562,scr2000,mustOut,frtRoadHeavy
LT,h0199,0.29411765,scr2000,mustOut,frtRoadHeavy
LT,h0200,0.29411765,scr2000,mustOut,frtRoadHeavy
LT,h0201,0.29411765,scr2000,mustOut,frtRoadHeavy
LT,h0202,0.29411765,scr2000,mustOut,frtRoadHeavy
LT,h0203,0.29411765,scr2000,mustOut,frtRoadHeavy
LT,h0204,0.29411765,scr2000,mustOut,frtRoadHeavy
LT,h0205,0.19369993783874562,scr2000,mustOut,frtRoadHeavy
LT,h0206,0.09485025063405579,scr2000,mustOut,frtRoadHeavy
LT,h0207,0.0,scr2000,mustOut,frtRoadHeavy
LT,h0208,0.0,scr2000,mustOut,frtRoadHeavy
LT,h0209,0.0,scr2000,mustOut,frtRoadHeavy
LT,h0210,0.0,scr2000,mustOut,frtRoadHeavy
LT,h0211,0.0,scr2000,mustOut,frtRoadHeavy
LT,h0212,0.0,scr2000,mustOut,frtRoadHeavy
LT,h0213,0.0,scr2000,mustOut,frtRoadHeavy
LT,h0214,0.0,scr2000,mustOut,frtRoadHeavy
LT,h0215,0.0,scr2000,mustOut,frtRoadHeavy
LT,h0216,0.0,scr2000,mustOut,frtRoadHeavy
LT,h0217,0.0,scr2000,mustOut,frtRoadHeavy
LT,h0218,0.0,scr2000,mustOut,frtRoadHeavy
LT,h0219,0.0,scr2000,mustOut,frtRoadHeavy
LT,h0220,0.0,scr2000,mustOut,frtRoadHeavy
LT,h0221,0.09485025063405579,scr2000,mustOut,frtRoadHeavy
LT,h0222,0.19369993783874562,scr2000,mustOut,frtRoadHeavy
LT,h0223,0.29411765,scr2000,mustOut,frtRoadHeavy
LT,h0224,0.29411765,scr2000,mustOut,frtRoadHeavy
LT,h0225,0.29411765,scr2000,mustOut,frtRoadHeavy
LT,h0226,0.29411765,scr2000,mustOut,frtRoadHeavy
LT,h0227,0.29411765,scr2000,mustOut,frtRoadHeavy
LT,h0228,0.29411765,scr2000,mustOut,frtRoadHeavy
LT,h0229,0.29411765,scr2000,mustOut,frtRoadHeavy
LT,h0230,0.29411765,scr2000,mustOut,frtRoadHeavy
LT,h0231,0.29411765,scr2000,mustOut,frtRoadHeavy
LT,h0232,0.29411765,scr2000,mustOut,frtRoadHeavy
LT,h0233,0.29411765,scr2000,mustOut,frtRoadHeavy
LT,h0234,0.29411765,scr2000,mustOut,frtRoadHeavy
LT,h0235,0.19369993783874562,scr2000,mustOut,frtRoadHeavy
LT,h0236,0.09485025063405579,scr2000,mustOut,frtRoadHeavy
LT,h0237,0.0,scr2000,mustOut,frtRoadHeavy
LT,h0238,0.0,scr2000,mustOut,frtRoadHeavy
LT,h0239,0.0,scr2000,mustOut,frtRoadHeavy
LT,h0240,0.0,scr2000,mustOut,frtRoadHeavy
LU,h0193,0.0,scr2000,mustOut,frtRoadHeavy
LU,h0194,0.0,scr2000,mustOut,frtRoadHeavy
LU,h0195,0.0,scr2000,mustOut,frtRoadHeavy
LU,h0196,0.0,scr2000,mustOut,frtRoadHeavy
LU,h0197,0.09485025063405579,scr2000,mustOut,frtRoadHeavy
LU,h0198,0.19369993783874562,scr2000,mustOut,frtRoadHeavy
LU,h0199,0.29411765,scr2000,mustOut,frtRoadHeavy
LU,h0200,0.29411765,scr2000,mustOut,frtRoadHeavy
LU,h0201,0.29411765,scr2000,mustOut,frtRoadHeavy
LU,h0202,0.29411765,scr2000,mustOut,frtRoadHeavy
LU,h0203,0.29411765,scr2000,mustOut,frtRoadHeavy
LU,h0204,0.29411765,scr2000,mustOut,frtRoadHeavy
LU,h0205,0.19369993783874562,scr2000,mustOut,frtRoadHeavy
LU,h0206,0.09485025063405579,scr2000,mustOut,frtRoadHeavy
LU,h0207,0.0,scr2000,mustOut,frtRoadHeavy
LU,h0208,0.0,scr2000,mustOut,frtRoadHeavy
LU,h0209,0.0,scr2000,mustOut,frtRoadHeavy
LU,h0210,0.0,scr2000,mustOut,frtRoadHeavy
LU,h0211,0.0,scr2000,mustOut,frtRoadHeavy
LU,h0212,0.0,scr2000,mustOut,frtRoadHeavy
LU,h0213,0.0,scr2000,mustOut,frtRoadHeavy
LU,h0214,0.0,scr2000,mustOut,frtRoadHeavy
LU,h0215,0.0,scr2000,mustOut,frtRoadHeavy
LU,h0216,0.0,scr2000,mustOut,frtRoadHeavy
LU,h0217,0.0,scr2000,mustOut,frtRoadHeavy
LU,h0218,0.0,scr2000,mustOut,frtRoadHeavy
LU,h0219,0.0,scr2000,mustOut,frtRoadHeavy
LU,h0220,0.0,scr2000,mustOut,frtRoadHeavy
LU,h0221,0.09485025063405579,scr2000,mustOut,frtRoadHeavy
LU,h0222,0.19369993783874562,scr2000,mustOut,frtRoadHeavy
LU,h0223,0.29411765,scr2000,mustOut,frtRoadHeavy
LU,h0224,0.29411765,scr2000,mustOut,frtRoadHeavy
LU,h0225,0.29411765,scr2000,mustOut,frtRoadHeavy
LU,h0226,0.29411765,scr2000,mustOut,frtRoadHeavy
LU,h0227,0.29411765,scr2000,mustOut,frtRoadHeavy
LU,h0228,0.29411765,scr2000,mustOut,frtRoadHeavy
LU,h0229,0.29411765,scr2000,mustOut,frtRoadHeavy
LU,h0230,0.29411765,scr2000,mustOut,frtRoadHeavy
LU,h0231,0.29411765,scr2000,mustOut,frtRoadHeavy
LU,h0232,0.29411765,scr2000,mustOut,frtRoadHeavy
LU,h0233,0.29411765,scr2000,mustOut,frtRoadHeavy
LU,h0234,0.29411765,scr2000,mustOut,frtRoadHeavy
LU,h0235,0.19369993783874562,scr2000,mustOut,frtRoadHeavy
LU,h0236,0.09485025063405579,scr2000,mustOut,frtRoadHeavy
LU,h0237,0.0,scr2000,mustOut,frtRoadHeavy
LU,h0238,0.0,scr2000,mustOut,frtRoadHeavy
LU,h0239,0.0,scr2000,mustOut,frtRoadHeavy
LU,h0240,0.0,scr2000,mustOut,frtRoadHeavy
NO,h0193,0.0,scr2000,mustOut,frtRoadHeavy
NO,h0194,0.0,scr2000,mustOut,frtRoadHeavy
NO,h0195,0.0,scr2000,mustOut,frtRoadHeavy
NO,h0196,0.0,scr2000,mustOut,frtRoadHeavy
NO,h0197,0.09485025063405579,scr2000,mustOut,frtRoadHeavy
NO,h0198,0.19369993783874562,scr2000,mustOut,frtRoadHeavy
NO,h0199,0.29411765,scr2000,mustOut,frtRoadHeavy
NO,h0200,0.29411765,scr2000,mustOut,frtRoadHeavy
NO,h0201,0.29411765,scr2000,mustOut,frtRoadHeavy
NO,h0202,0.29411765,scr2000,mustOut,frtRoadHeavy
NO,h0203,0.29411765,scr2000,mustOut,frtRoadHeavy
NO,h0204,0.29411765,scr2000,mustOut,frtRoadHeavy
NO,h0205,0.19369993783874562,scr2000,mustOut,frtRoadHeavy
NO,h0206,0.09485025063405579,scr2000,mustOut,frtRoadHeavy
NO,h0207,0.0,scr2000,mustOut,frtRoadHeavy
NO,h0208,0.0,scr2000,mustOut,frtRoadHeavy
NO,h0209,0.0,scr2000,mustOut,frtRoadHeavy
NO,h0210,0.0,scr2000,mustOut,frtRoadHeavy
NO,h0211,0.0,scr2000,mustOut,frtRoadHeavy
NO,h0212,0.0,scr2000,mustOut,frtRoadHeavy
NO,h0213,0.0,scr2000,mustOut,frtRoadHeavy
NO,h0214,0.0,scr2000,mustOut,frtRoadHeavy
NO,h0215,0.0,scr2000,mustOut,frtRoadHeavy
NO,h0216,0.0,scr2000,mustOut,frtRoadHeavy
NO,h0217,0.0,scr2000,mustOut,frtRoadHeavy
NO,h0218,0.0,scr2000,mustOut,frtRoadHeavy
NO,h0219,0.0,scr2000,mustOut,frtRoadHeavy
NO,h0220,0.0,scr2000,mustOut,frtRoadHeavy
NO,h0221,0.09485025063405579,scr2000,mustOut,frtRoadHeavy
NO,h0222,0.19369993783874562,scr2000,mustOut,frtRoadHeavy
NO,h0223,0.29411765,scr2000,mustOut,frtRoadHeavy
NO,h0224,0.29411765,scr2000,mustOut,frtRoadHeavy
NO,h0225,0.29411765,scr2000,mustOut,frtRoadHeavy
NO,h0226,0.29411765,scr2000,mustOut,frtRoadHeavy
NO,h0227,0.29411765,scr2000,mustOut,frtRoadHeavy
NO,h0228,0.29411765,scr2000,mustOut,frtRoadHeavy
NO,h0229,0.29411765,scr2000,mustOut,frtRoadHeavy
NO,h0230,0.29411765,scr2000,mustOut,frtRoadHeavy
NO,h0231,0.29411765,scr2000,mustOut,frtRoadHeavy
NO,h0232,0.29411765,scr2000,mustOut,frtRoadHeavy
NO,h0233,0.29411765,scr2000,mustOut,frtRoadHeavy
NO,h0234,0.29411765,scr2000,mustOut,frtRoadHeavy
NO,h0235,0.19369993783874562,scr2000,mustOut,frtRoadHeavy
NO,h0236,0.09485025063405579,scr2000,mustOut,frtRoadHeavy
NO,h0237,0.0,scr2000,mustOut,frtRoadHeavy
NO,h0238,0.0,scr2000,mustOut,frtRoadHeavy
NO,h0239,0.0,scr2000,mustOut,frtRoadHeavy
NO,h0240,0.0,scr2000,mustOut,frtRoadHeavy
PL,h0193,0.0,scr2000,mustOut,frtRoadHeavy
PL,h0194,0.0,scr2000,mustOut,frtRoadHeavy
PL,h0195,0.0,scr2000,mustOut,frtRoadHeavy
PL,h0196,0.0,scr2000,mustOut,frtRoadHeavy
PL,h0197,0.09485025063405579,scr2000,mustOut,frtRoadHeavy
PL,h0198,0.19369993783874562,scr2000,mustOut,frtRoadHeavy
PL,h0199,0.29411765,scr2000,mustOut,frtRoadHeavy
PL,h0200,0.29411765,scr2000,mustOut,frtRoadHeavy
PL,h0201,0.29411765,scr2000,mustOut,frtRoadHeavy
PL,h0202,0.29411765,scr2000,mustOut,frtRoadHeavy
PL,h0203,0.29411765,scr2000,mustOut,frtRoadHeavy
PL,h0204,0.29411765,scr2000,mustOut,frtRoadHeavy
PL,h0205,0.19369993783874562,scr2000,mustOut,frtRoadHeavy
PL,h0206,0.09485025063405579,scr2000,mustOut,frtRoadHeavy
PL,h0207,0.0,scr2000,mustOut,frtRoadHeavy
PL,h0208,0.0,scr2000,mustOut,frtRoadHeavy
PL,h0209,0.0,scr2000,mustOut,frtRoadHeavy
PL,h0210,0.0,scr2000,mustOut,frtRoadHeavy
PL,h0211,0.0,scr2000,mustOut,frtRoadHeavy
PL,h0212,0.0,scr2000,mustOut,frtRoadHeavy
PL,h0213,0.0,scr2000,mustOut,frtRoadHeavy
PL,h0214,0.0,scr2000,mustOut,frtRoadHeavy
PL,h0215,0.0,scr2000,mustOut,frtRoadHeavy
PL,h0216,0.0,scr2000,mustOut,frtRoadHeavy
PL,h0217,0.0,scr2000,mustOut,frtRoadHeavy
PL,h0218,0.0,scr2000,mustOut,frtRoadHeavy
PL,h0219,0.0,scr2000,mustOut,frtRoadHeavy
PL,h0220,0.0,scr2000,mustOut,frtRoadHeavy
PL,h0221,0.09485025063405579,scr2000,mustOut,frtRoadHeavy
PL,h0222,0.19369993783874562,scr2000,mustOut,frtRoadHeavy
PL,h0223,0.29411765,scr2000,mustOut,frtRoadHeavy
PL,h0224,0.29411765,scr2000,mustOut,frtRoadHeavy
PL,h0225,0.29411765,scr2000,mustOut,frtRoadHeavy
PL,h0226,0.29411765,scr2000,mustOut,frtRoadHeavy
PL,h0227,0.29411765,scr2000,mustOut,frtRoadHeavy
PL,h0228,0.29411765,scr2000,mustOut,frtRoadHeavy
PL,h0229,0.29411765,scr2000,mustOut,frtRoadHeavy
PL,h0230,0.29411765,scr2000,mustOut,frtRoadHeavy
PL,h0231,0.29411765,scr2000,mustOut,frtRoadHeavy
PL,h0232,0.29411765,scr2000,mustOut,frtRoadHeavy
PL,h0233,0.29411765,scr2000,mustOut,frtRoadHeavy
PL,h0234,0.29411765,scr2000,mustOut,frtRoadHeavy
PL,h0235,0.19369993783874562,scr2000,mustOut,frtRoadHeavy
PL,h0236,0.09485025063405579,scr2000,mustOut,frtRoadHeavy
PL,h0237,0.0,scr2000,mustOut,frtRoadHeavy
PL,h0238,0.0,scr2000,mustOut,frtRoadHeavy
PL,h0239,0.0,scr2000,mustOut,frtRoadHeavy
PL,h0240,0.0,scr2000,mustOut,frtRoadHeavy
RO,h0193,0.0,scr2000,mustOut,frtRoadHeavy
RO,h0194,0.0,scr2000,mustOut,frtRoadHeavy
RO,h0195,0.0,scr2000,mustOut,frtRoadHeavy
RO,h0196,0.0,scr2000,mustOut,frtRoadHeavy
RO,h0197,0.09485025063405579,scr2000,mustOut,frtRoadHeavy
RO,h0198,0.19369993783874562,scr2000,mustOut,frtRoadHeavy
RO,h0199,0.29411765,scr2000,mustOut,frtRoadHeavy
RO,h0200,0.29411765,scr2000,mustOut,frtRoadHeavy
RO,h0201,0.29411765,scr2000,mustOut,frtRoadHeavy
RO,h0202,0.29411765,scr2000,mustOut,frtRoadHeavy
RO,h0203,0.29411765,scr2000,mustOut,frtRoadHeavy
RO,h0204,0.29411765,scr2000,mustOut,frtRoadHeavy
RO,h0205,0.19369993783874562,scr2000,mustOut,frtRoadHeavy
RO,h0206,0.09485025063405579,scr2000,mustOut,frtRoadHeavy
RO,h0207,0.0,scr2000,mustOut,frtRoadHeavy
RO,h0208,0.0,scr2000,mustOut,frtRoadHeavy
RO,h0209,0.0,scr2000,mustOut,frtRoadHeavy
RO,h0210,0.0,scr2000,mustOut,frtRoadHeavy
RO,h0211,0.0,scr2000,mustOut,frtRoadHeavy
RO,h0212,0.0,scr2000,mustOut,frtRoadHeavy
RO,h0213,0.0,scr2000,mustOut,frtRoadHeavy
RO,h0214,0.0,scr2000,mustOut,frtRoadHeavy
RO,h0215,0.0,scr2000,mustOut,frtRoadHeavy
RO,h0216,0.0,scr2000,mustOut,frtRoadHeavy
RO,h0217,0.0,scr2000,mustOut,frtRoadHeavy
RO,h0218,0.0,scr2000,mustOut,frtRoadHeavy
RO,h0219,0.0,scr2000,mustOut,frtRoadHeavy
RO,h0220,0.0,scr2000,mustOut,frtRoadHeavy
RO,h0221,0.09485025063405579,scr2000,mustOut,frtRoadHeavy
RO,h0222,0.19369993783874562,scr2000,mustOut,frtRoadHeavy
RO,h0223,0.29411765,scr2000,mustOut,frtRoadHeavy
RO,h0224,0.29411765,scr2000,mustOut,frtRoadHeavy
RO,h0225,0.29411765,scr2000,mustOut,frtRoadHeavy
RO,h0226,0.29411765,scr2000,mustOut,frtRoadHeavy
RO,h0227,0.29411765,scr2000,mustOut,frtRoadHeavy
RO,h0228,0.29411765,scr2000,mustOut,frtRoadHeavy
RO,h0229,0.29411765,scr2000,mustOut,frtRoadHeavy
RO,h0230,0.29411765,scr2000,mustOut,frtRoadHeavy
RO,h0231,0.29411765,scr2000,mustOut,frtRoadHeavy
RO,h0232,0.29411765,scr2000,mustOut,frtRoadHeavy
RO,h0233,0.29411765,scr2000,mustOut,frtRoadHeavy
RO,h0234,0.29411765,scr2000,mustOut,frtRoadHeavy
RO,h0235,0.19369993783874562,scr2000,mustOut,frtRoadHeavy
RO,h0236,0.09485025063405579,scr2000,mustOut,frtRoadHeavy
RO,h0237,0.0,scr2000,mustOut,frtRoadHeavy
RO,h0238,0.0,scr2000,mustOut,frtRoadHeavy
RO,h0239,0.0,scr2000,mustOut,frtRoadHeavy
RO,h0240,0.0,scr2000,mustOut,frtRoadHeavy
PT,h0193,0.0,scr2000,mustOut,frtRoadHeavy
PT,h0194,0.0,scr2000,mustOut,frtRoadHeavy
PT,h0195,0.0,scr2000,mustOut,frtRoadHeavy
PT,h0196,0.0,scr2000,mustOut,frtRoadHeavy
PT,h0197,0.09485025063405579,scr2000,mustOut,frtRoadHeavy
PT,h0198,0.19369993783874562,scr2000,mustOut,frtRoadHeavy
PT,h0199,0.29411765,scr2000,mustOut,frtRoadHeavy
PT,h0200,0.29411765,scr2000,mustOut,frtRoadHeavy
PT,h0201,0.29411765,scr2000,mustOut,frtRoadHeavy
PT,h0202,0.29411765,scr2000,mustOut,frtRoadHeavy
PT,h0203,0.29411765,scr2000,mustOut,frtRoadHeavy
PT,h0204,0.29411765,scr2000,mustOut,frtRoadHeavy
PT,h0205,0.19369993783874562,scr2000,mustOut,frtRoadHeavy
PT,h0206,0.09485025063405579,scr2000,mustOut,frtRoadHeavy
PT,h0207,0.0,scr2000,mustOut,frtRoadHeavy
PT,h0208,0.0,scr2000,mustOut,frtRoadHeavy
PT,h0209,0.0,scr2000,mustOut,frtRoadHeavy
PT,h0210,0.0,scr2000,mustOut,frtRoadHeavy
PT,h0211,0.0,scr2000,mustOut,frtRoadHeavy
PT,h0212,0.0,scr2000,mustOut,frtRoadHeavy
PT,h0213,0.0,scr2000,mustOut,frtRoadHeavy
PT,h0214,0.0,scr2000,mustOut,frtRoadHeavy
PT,h0215,0.0,scr2000,mustOut,frtRoadHeavy
PT,h0216,0.0,scr2000,mustOut,frtRoadHeavy
PT,h0217,0.0,scr2000,mustOut,frtRoadHeavy
PT,h0218,0.0,scr2000,mustOut,frtRoadHeavy
PT,h0219,0.0,scr2000,mustOut,frtRoadHeavy
PT,h0220,0.0,scr2000,mustOut,frtRoadHeavy
PT,h0221,0.09485025063405579,scr2000,mustOut,frtRoadHeavy
PT,h0222,0.19369993783874562,scr2000,mustOut,frtRoadHeavy
PT,h0223,0.29411765,scr2000,mustOut,frtRoadHeavy
PT,h0224,0.29411765,scr2000,mustOut,frtRoadHeavy
PT,h0225,0.29411765,scr2000,mustOut,frtRoadHeavy
PT,h0226,0.29411765,scr2000,mustOut,frtRoadHeavy
PT,h0227,0.29411765,scr2000,mustOut,frtRoadHeavy
PT,h0228,0.29411765,scr2000,mustOut,frtRoadHeavy
PT,h0229,0.29411765,scr2000,mustOut,frtRoadHeavy
PT,h0230,0.29411765,scr2000,mustOut,frtRoadHeavy
PT,h0231,0.29411765,scr2000,mustOut,frtRoadHeavy
PT,h0232,0.29411765,scr2000,mustOut,frtRoadHeavy
PT,h0233,0.29411765,scr2000,mustOut,frtRoadHeavy
PT,h0234,0.29411765,scr2000,mustOut,frtRoadHeavy
PT,h0235,0.19369993783874562,scr2000,mustOut,frtRoadHeavy
PT,h0236,0.09485025063405579,scr2000,mustOut,frtRoadHeavy
PT,h0237,0.0,scr2000,mustOut,frtRoadHeavy
PT,h0238,0.0,scr2000,mustOut,frtRoadHeavy
PT,h0239,0.0,scr2000,mustOut,frtRoadHeavy
PT,h0240,0.0,scr2000,mustOut,frtRoadHeavy
SK,h0193,0.0,scr2000,mustOut,frtRoadHeavy
SK,h0194,0.0,scr2000,mustOut,frtRoadHeavy
SK,h0195,0.0,scr2000,mustOut,frtRoadHeavy
SK,h0196,0.0,scr2000,mustOut,frtRoadHeavy
SK,h0197,0.09485025063405579,scr2000,mustOut,frtRoadHeavy
SK,h0198,0.19369993783874562,scr2000,mustOut,frtRoadHeavy
SK,h0199,0.29411765,scr2000,mustOut,frtRoadHeavy
SK,h0200,0.29411765,scr2000,mustOut,frtRoadHeavy
SK,h0201,0.29411765,scr2000,mustOut,frtRoadHeavy
SK,h0202,0.29411765,scr2000,mustOut,frtRoadHeavy
SK,h0203,0.29411765,scr2000,mustOut,frtRoadHeavy
SK,h0204,0.29411765,scr2000,mustOut,frtRoadHeavy
SK,h0205,0.19369993783874562,scr2000,mustOut,frtRoadHeavy
SK,h0206,0.09485025063405579,scr2000,mustOut,frtRoadHeavy
SK,h0207,0.0,scr2000,mustOut,frtRoadHeavy
SK,h0208,0.0,scr2000,mustOut,frtRoadHeavy
SK,h0209,0.0,scr2000,mustOut,frtRoadHeavy
SK,h0210,0.0,scr2000,mustOut,frtRoadHeavy
SK,h0211,0.0,scr2000,mustOut,frtRoadHeavy
SK,h0212,0.0,scr2000,mustOut,frtRoadHeavy
SK,h0213,0.0,scr2000,mustOut,frtRoadHeavy
SK,h0214,0.0,scr2000,mustOut,frtRoadHeavy
SK,h0215,0.0,scr2000,mustOut,frtRoadHeavy
SK,h0216,0.0,scr2000,mustOut,frtRoadHeavy
SK,h0217,0.0,scr2000,mustOut,frtRoadHeavy
SK,h0218,0.0,scr2000,mustOut,frtRoadHeavy
SK,h0219,0.0,scr2000,mustOut,frtRoadHeavy
SK,h0220,0.0,scr2000,mustOut,frtRoadHeavy
SK,h0221,0.09485025063405579,scr2000,mustOut,frtRoadHeavy
SK,h0222,0.19369993783874562,scr2000,mustOut,frtRoadHeavy
SK,h0223,0.29411765,scr2000,mustOut,frtRoadHeavy
SK,h0224,0.29411765,scr2000,mustOut,frtRoadHeavy
SK,h0225,0.29411765,scr2000,mustOut,frtRoadHeavy
SK,h0226,0.29411765,scr2000,mustOut,frtRoadHeavy
SK,h0227,0.29411765,scr2000,mustOut,frtRoadHeavy
SK,h0228,0.29411765,scr2000,mustOut,frtRoadHeavy
SK,h0229,0.29411765,scr2000,mustOut,frtRoadHeavy
SK,h0230,0.29411765,scr2000,mustOut,frtRoadHeavy
SK,h0231,0.29411765,scr2000,mustOut,frtRoadHeavy
SK,h0232,0.29411765,scr2000,mustOut,frtRoadHeavy
SK,h0233,0.29411765,scr2000,mustOut,frtRoadHeavy
SK,h0234,0.29411765,scr2000,mustOut,frtRoadHeavy
SK,h0235,0.19369993783874562,scr2000,mustOut,frtRoadHeavy
SK,h0236,0.09485025063405579,scr2000,mustOut,frtRoadHeavy
SK,h0237,0.0,scr2000,mustOut,frtRoadHeavy
SK,h0238,0.0,scr2000,mustOut,frtRoadHeavy
SK,h0239,0.0,scr2000,mustOut,frtRoadHeavy
SK,h0240,0.0,scr2000,mustOut,frtRoadHeavy
SI,h0193,0.0,scr2000,mustOut,frtRoadHeavy
SI,h0194,0.0,scr2000,mustOut,frtRoadHeavy
SI,h0195,0.0,scr2000,mustOut,frtRoadHeavy
SI,h0196,0.0,scr2000,mustOut,frtRoadHeavy
SI,h0197,0.09485025063405579,scr2000,mustOut,frtRoadHeavy
SI,h0198,0.19369993783874562,scr2000,mustOut,frtRoadHeavy
SI,h0199,0.29411765,scr2000,mustOut,frtRoadHeavy
SI,h0200,0.29411765,scr2000,mustOut,frtRoadHeavy
SI,h0201,0.29411765,scr2000,mustOut,frtRoadHeavy
SI,h0202,0.29411765,scr2000,mustOut,frtRoadHeavy
SI,h0203,0.29411765,scr2000,mustOut,frtRoadHeavy
SI,h0204,0.29411765,scr2000,mustOut,frtRoadHeavy
SI,h0205,0.19369993783874562,scr2000,mustOut,frtRoadHeavy
SI,h0206,0.09485025063405579,scr2000,mustOut,frtRoadHeavy
SI,h0207,0.0,scr2000,mustOut,frtRoadHeavy
SI,h0208,0.0,scr2000,mustOut,frtRoadHeavy
SI,h0209,0.0,scr2000,mustOut,frtRoadHeavy
SI,h0210,0.0,scr2000,mustOut,frtRoadHeavy
SI,h0211,0.0,scr2000,mustOut,frtRoadHeavy
SI,h0212,0.0,scr2000,mustOut,frtRoadHeavy
SI,h0213,0.0,scr2000,mustOut,frtRoadHeavy
SI,h0214,0.0,scr2000,mustOut,frtRoadHeavy
SI,h0215,0.0,scr2000,mustOut,frtRoadHeavy
SI,h0216,0.0,scr2000,mustOut,frtRoadHeavy
SI,h0217,0.0,scr2000,mustOut,frtRoadHeavy
SI,h0218,0.0,scr2000,mustOut,frtRoadHeavy
SI,h0219,0.0,scr2000,mustOut,frtRoadHeavy
SI,h0220,0.0,scr2000,mustOut,frtRoadHeavy
SI,h0221,0.09485025063405579,scr2000,mustOut,frtRoadHeavy
SI,h0222,0.19369993783874562,scr2000,mustOut,frtRoadHeavy
SI,h0223,0.29411765,scr2000,mustOut,frtRoadHeavy
SI,h0224,0.29411765,scr2000,mustOut,frtRoadHeavy
SI,h0225,0.29411765,scr2000,mustOut,frtRoadHeavy
SI,h0226,0.29411765,scr2000,mustOut,frtRoadHeavy
SI,h0227,0.29411765,scr2000,mustOut,frtRoadHeavy
SI,h0228,0.29411765,scr2000,mustOut,frtRoadHeavy
SI,h0229,0.29411765,scr2000,mustOut,frtRoadHeavy
SI,h0230,0.29411765,scr2000,mustOut,frtRoadHeavy
SI,h0231,0.29411765,scr2000,mustOut,frtRoadHeavy
SI,h0232,0.29411765,scr2000,mustOut,frtRoadHeavy
SI,h0233,0.29411765,scr2000,mustOut,frtRoadHeavy
SI,h0234,0.29411765,scr2000,mustOut,frtRoadHeavy
SI,h0235,0.19369993783874562,scr2000,mustOut,frtRoadHeavy
SI,h0236,0.09485025063405579,scr2000,mustOut,frtRoadHeavy
SI,h0237,0.0,scr2000,mustOut,frtRoadHeavy
SI,h0238,0.0,scr2000,mustOut,frtRoadHeavy
SI,h0239,0.0,scr2000,mustOut,frtRoadHeavy
SI,h0240,0.0,scr2000,mustOut,frtRoadHeavy
SE,h0193,0.0,scr2000,mustOut,frtRoadHeavy
SE,h0194,0.0,scr2000,mustOut,frtRoadHeavy
SE,h0195,0.0,scr2000,mustOut,frtRoadHeavy
SE,h0196,0.0,scr2000,mustOut,frtRoadHeavy
SE,h0197,0.09485025063405579,scr2000,mustOut,frtRoadHeavy
SE,h0198,0.19369993783874562,scr2000,mustOut,frtRoadHeavy
SE,h0199,0.29411765,scr2000,mustOut,frtRoadHeavy
SE,h0200,0.29411765,scr2000,mustOut,frtRoadHeavy
SE,h0201,0.29411765,scr2000,mustOut,frtRoadHeavy
SE,h0202,0.29411765,scr2000,mustOut,frtRoadHeavy
SE,h0203,0.29411765,scr2000,mustOut,frtRoadHeavy
SE,h0204,0.29411765,scr2000,mustOut,frtRoadHeavy
SE,h0205,0.19369993783874562,scr2000,mustOut,frtRoadHeavy
SE,h0206,0.09485025063405579,scr2000,mustOut,frtRoadHeavy
SE,h0207,0.0,scr2000,mustOut,frtRoadHeavy
SE,h0208,0.0,scr2000,mustOut,frtRoadHeavy
SE,h0209,0.0,scr2000,mustOut,frtRoadHeavy
SE,h0210,0.0,scr2000,mustOut,frtRoadHeavy
SE,h0211,0.0,scr2000,mustOut,frtRoadHeavy
SE,h0212,0.0,scr2000,mustOut,frtRoadHeavy
SE,h0213,0.0,scr2000,mustOut,frtRoadHeavy
SE,h0214,0.0,scr2000,mustOut,frtRoadHeavy
SE,h0215,0.0,scr2000,mustOut,frtRoadHeavy
SE,h0216,0.0,scr2000,mustOut,frtRoadHeavy
SE,h0217,0.0,scr2000,mustOut,frtRoadHeavy
SE,h0218,0.0,scr2000,mustOut,frtRoadHeavy
SE,h0219,0.0,scr2000,mustOut,frtRoadHeavy
SE,h0220,0.0,scr2000,mustOut,frtRoadHeavy
SE,h0221,0.09485025063405579,scr2000,mustOut,frtRoadHeavy
SE,h0222,0.19369993783874562,scr2000,mustOut,frtRoadHeavy
SE,h0223,0.29411765,scr2000,mustOut,frtRoadHeavy
SE,h0224,0.29411765,scr2000,mustOut,frtRoadHeavy
SE,h0225,0.29411765,scr2000,mustOut,frtRoadHeavy
SE,h0226,0.29411765,scr2000,mustOut,frtRoadHeavy
SE,h0227,0.29411765,scr2000,mustOut,frtRoadHeavy
SE,h0228,0.29411765,scr2000,mustOut,frtRoadHeavy
SE,h0229,0.29411765,scr2000,mustOut,frtRoadHeavy
SE,h0230,0.29411765,scr2000,mustOut,frtRoadHeavy
SE,h0231,0.29411765,scr2000,mustOut,frtRoadHeavy
SE,h0232,0.29411765,scr2000,mustOut,frtRoadHeavy
SE,h0233,0.29411765,scr2000,mustOut,frtRoadHeavy
SE,h0234,0.29411765,scr2000,mustOut,frtRoadHeavy
SE,h0235,0.19369993783874562,scr2000,mustOut,frtRoadHeavy
SE,h0236,0.09485025063405579,scr2000,mustOut,frtRoadHeavy
SE,h0237,0.0,scr2000,mustOut,frtRoadHeavy
SE,h0238,0.0,scr2000,mustOut,frtRoadHeavy
SE,h0239,0.0,scr2000,mustOut,frtRoadHeavy
SE,h0240,0.0,scr2000,mustOut,frtRoadHeavy
UK,h0193,0.0,scr2000,mustOut,frtRoadHeavy
UK,h0194,0.0,scr2000,mustOut,frtRoadHeavy
UK,h0195,0.0,scr2000,mustOut,frtRoadHeavy
UK,h0196,0.0,scr2000,mustOut,frtRoadHeavy
UK,h0197,0.09485025063405579,scr2000,mustOut,frtRoadHeavy
UK,h0198,0.19369993783874562,scr2000,mustOut,frtRoadHeavy
UK,h0199,0.29411765,scr2000,mustOut,frtRoadHeavy
UK,h0200,0.29411765,scr2000,mustOut,frtRoadHeavy
UK,h0201,0.29411765,scr2000,mustOut,frtRoadHeavy
UK,h0202,0.29411765,scr2000,mustOut,frtRoadHeavy
UK,h0203,0.29411765,scr2000,mustOut,frtRoadHeavy
UK,h0204,0.29411765,scr2000,mustOut,frtRoadHeavy
UK,h0205,0.19369993783874562,scr2000,mustOut,frtRoadHeavy
UK,h0206,0.09485025063405579,scr2000,mustOut,frtRoadHeavy
UK,h0207,0.0,scr2000,mustOut,frtRoadHeavy
UK,h0208,0.0,scr2000,mustOut,frtRoadHeavy
UK,h0209,0.0,scr2000,mustOut,frtRoadHeavy
UK,h0210,0.0,scr2000,mustOut,frtRoadHeavy
UK,h0211,0.0,scr2000,mustOut,frtRoadHeavy
UK,h0212,0.0,scr2000,mustOut,frtRoadHeavy
UK,h0213,0.0,scr2000,mustOut,frtRoadHeavy
UK,h0214,0.0,scr2000,mustOut,frtRoadHeavy
UK,h0215,0.0,scr2000,mustOut,frtRoadHeavy
UK,h0216,0.0,scr2000,mustOut,frtRoadHeavy
UK,h0217,0.0,scr2000,mustOut,frtRoadHeavy
UK,h0218,0.0,scr2000,mustOut,frtRoadHeavy
UK,h0219,0.0,scr2000,mustOut,frtRoadHeavy
UK,h0220,0.0,scr2000,mustOut,frtRoadHeavy
UK,h0221,0.09485025063405579,scr2000,mustOut,frtRoadHeavy
UK,h0222,0.19369993783874562,scr2000,mustOut,frtRoadHeavy
UK,h0223,0.29411765,scr2000,mustOut,frtRoadHeavy
UK,h0224,0.29411765,scr2000,mustOut,frtRoadHeavy
UK,h0225,0.29411765,scr2000,mustOut,frtRoadHeavy
UK,h0226,0.29411765,scr2000,mustOut,frtRoadHeavy
UK,h0227,0.29411765,scr2000,mustOut,frtRoadHeavy
UK,h0228,0.29411765,scr2000,mustOut,frtRoadHeavy
UK,h0229,0.29411765,scr2000,mustOut,frtRoadHeavy
UK,h0230,0.29411765,scr2000,mustOut,frtRoadHeavy
UK,h0231,0.29411765,scr2000,mustOut,frtRoadHeavy
UK,h0232,0.29411765,scr2000,mustOut,frtRoadHeavy
UK,h0233,0.29411765,scr2000,mustOut,frtRoadHeavy
UK,h0234,0.29411765,scr2000,mustOut,frtRoadHeavy
UK,h0235,0.19369993783874562,scr2000,mustOut,frtRoadHeavy
UK,h0236,0.09485025063405579,scr2000,mustOut,frtRoadHeavy
UK,h0237,0.0,scr2000,mustOut,frtRoadHeavy
UK,h0238,0.0,scr2000,mustOut,frtRoadHeavy
UK,h0239,0.0,scr2000,mustOut,frtRoadHeavy
UK,h0240,0.0,scr2000,mustOut,frtRoadHeavy
RS,h0193,0.0,scr2000,mustOut,frtRoadHeavy
RS,h0194,0.0,scr2000,mustOut,frtRoadHeavy
RS,h0195,0.0,scr2000,mustOut,frtRoadHeavy
RS,h0196,0.0,scr2000,mustOut,frtRoadHeavy
RS,h0197,0.09485025063405579,scr2000,mustOut,frtRoadHeavy
RS,h0198,0.19369993783874562,scr2000,mustOut,frtRoadHeavy
RS,h0199,0.29411765,scr2000,mustOut,frtRoadHeavy
RS,h0200,0.29411765,scr2000,mustOut,frtRoadHeavy
RS,h0201,0.29411765,scr2000,mustOut,frtRoadHeavy
RS,h0202,0.29411765,scr2000,mustOut,frtRoadHeavy
RS,h0203,0.29411765,scr2000,mustOut,frtRoadHeavy
RS,h0204,0.29411765,scr2000,mustOut,frtRoadHeavy
RS,h0205,0.19369993783874562,scr2000,mustOut,frtRoadHeavy
RS,h0206,0.09485025063405579,scr2000,mustOut,frtRoadHeavy
RS,h0207,0.0,scr2000,mustOut,frtRoadHeavy
RS,h0208,0.0,scr2000,mustOut,frtRoadHeavy
RS,h0209,0.0,scr2000,mustOut,frtRoadHeavy
RS,h0210,0.0,scr2000,mustOut,frtRoadHeavy
RS,h0211,0.0,scr2000,mustOut,frtRoadHeavy
RS,h0212,0.0,scr2000,mustOut,frtRoadHeavy
RS,h0213,0.0,scr2000,mustOut,frtRoadHeavy
RS,h0214,0.0,scr2000,mustOut,frtRoadHeavy
RS,h0215,0.0,scr2000,mustOut,frtRoadHeavy
RS,h0216,0.0,scr2000,mustOut,frtRoadHeavy
RS,h0217,0.0,scr2000,mustOut,frtRoadHeavy
RS,h0218,0.0,scr2000,mustOut,frtRoadHeavy
RS,h0219,0.0,scr2000,mustOut,frtRoadHeavy
RS,h0220,0.0,scr2000,mustOut,frtRoadHeavy
RS,h0221,0.09485025063405579,scr2000,mustOut,frtRoadHeavy
RS,h0222,0.19369993783874562,scr2000,mustOut,frtRoadHeavy
RS,h0223,0.29411765,scr2000,mustOut,frtRoadHeavy
RS,h0224,0.29411765,scr2000,mustOut,frtRoadHeavy
RS,h0225,0.29411765,scr2000,mustOut,frtRoadHeavy
RS,h0226,0.29411765,scr2000,mustOut,frtRoadHeavy
RS,h0227,0.29411765,scr2000,mustOut,frtRoadHeavy
RS,h0228,0.29411765,scr2000,mustOut,frtRoadHeavy
RS,h0229,0.29411765,scr2000,mustOut,frtRoadHeavy
RS,h0230,0.29411765,scr2000,mustOut,frtRoadHeavy
RS,h0231,0.29411765,scr2000,mustOut,frtRoadHeavy
RS,h0232,0.29411765,scr2000,mustOut,frtRoadHeavy
RS,h0233,0.29411765,scr2000,mustOut,frtRoadHeavy
RS,h0234,0.29411765,scr2000,mustOut,frtRoadHeavy
RS,h0235,0.19369993783874562,scr2000,mustOut,frtRoadHeavy
RS,h0236,0.09485025063405579,scr2000,mustOut,frtRoadHeavy
RS,h0237,0.0,scr2000,mustOut,frtRoadHeavy
RS,h0238,0.0,scr2000,mustOut,frtRoadHeavy
RS,h0239,0.0,scr2000,mustOut,frtRoadHeavy
RS,h0240,0.0,scr2000,mustOut,frtRoadHeavy
BA,h0193,0.0,scr2000,mustOut,frtRoadHeavy
BA,h0194,0.0,scr2000,mustOut,frtRoadHeavy
BA,h0195,0.0,scr2000,mustOut,frtRoadHeavy
BA,h0196,0.0,scr2000,mustOut,frtRoadHeavy
BA,h0197,0.09485025063405579,scr2000,mustOut,frtRoadHeavy
BA,h0198,0.19369993783874562,scr2000,mustOut,frtRoadHeavy
BA,h0199,0.29411765,scr2000,mustOut,frtRoadHeavy
BA,h0200,0.29411765,scr2000,mustOut,frtRoadHeavy
BA,h0201,0.29411765,scr2000,mustOut,frtRoadHeavy
BA,h0202,0.29411765,scr2000,mustOut,frtRoadHeavy
BA,h0203,0.29411765,scr2000,mustOut,frtRoadHeavy
BA,h0204,0.29411765,scr2000,mustOut,frtRoadHeavy
BA,h0205,0.19369993783874562,scr2000,mustOut,frtRoadHeavy
BA,h0206,0.09485025063405579,scr2000,mustOut,frtRoadHeavy
BA,h0207,0.0,scr2000,mustOut,frtRoadHeavy
BA,h0208,0.0,scr2000,mustOut,frtRoadHeavy
BA,h0209,0.0,scr2000,mustOut,frtRoadHeavy
BA,h0210,0.0,scr2000,mustOut,frtRoadHeavy
BA,h0211,0.0,scr2000,mustOut,frtRoadHeavy
BA,h0212,0.0,scr2000,mustOut,frtRoadHeavy
BA,h0213,0.0,scr2000,mustOut,frtRoadHeavy
BA,h0214,0.0,scr2000,mustOut,frtRoadHeavy
BA,h0215,0.0,scr2000,mustOut,frtRoadHeavy
BA,h0216,0.0,scr2000,mustOut,frtRoadHeavy
BA,h0217,0.0,scr2000,mustOut,frtRoadHeavy
BA,h0218,0.0,scr2000,mustOut,frtRoadHeavy
BA,h0219,0.0,scr2000,mustOut,frtRoadHeavy
BA,h0220,0.0,scr2000,mustOut,frtRoadHeavy
BA,h0221,0.09485025063405579,scr2000,mustOut,frtRoadHeavy
BA,h0222,0.19369993783874562,scr2000,mustOut,frtRoadHeavy
BA,h0223,0.29411765,scr2000,mustOut,frtRoadHeavy
BA,h0224,0.29411765,scr2000,mustOut,frtRoadHeavy
BA,h0225,0.29411765,scr2000,mustOut,frtRoadHeavy
BA,h0226,0.29411765,scr2000,mustOut,frtRoadHeavy
BA,h0227,0.29411765,scr2000,mustOut,frtRoadHeavy
BA,h0228,0.29411765,scr2000,mustOut,frtRoadHeavy
BA,h0229,0.29411765,scr2000,mustOut,frtRoadHeavy
BA,h0230,0.29411765,scr2000,mustOut,frtRoadHeavy
BA,h0231,0.29411765,scr2000,mustOut,frtRoadHeavy
BA,h0232,0.29411765,scr2000,mustOut,frtRoadHeavy
BA,h0233,0.29411765,scr2000,mustOut,frtRoadHeavy
BA,h0234,0.29411765,scr2000,mustOut,frtRoadHeavy
BA,h0235,0.19369993783874562,scr2000,mustOut,frtRoadHeavy
BA,h0236,0.09485025063405579,scr2000,mustOut,frtRoadHeavy
BA,h0237,0.0,scr2000,mustOut,frtRoadHeavy
BA,h0238,0.0,scr2000,mustOut,frtRoadHeavy
BA,h0239,0.0,scr2000,mustOut,frtRoadHeavy
BA,h0240,0.0,scr2000,mustOut,frtRoadHeavy
AL,h0193,0.0,scr2000,mustOut,frtRoadHeavy
AL,h0194,0.0,scr2000,mustOut,frtRoadHeavy
AL,h0195,0.0,scr2000,mustOut,frtRoadHeavy
AL,h0196,0.0,scr2000,mustOut,frtRoadHeavy
AL,h0197,0.09485025063405579,scr2000,mustOut,frtRoadHeavy
AL,h0198,0.19369993783874562,scr2000,mustOut,frtRoadHeavy
AL,h0199,0.29411765,scr2000,mustOut,frtRoadHeavy
AL,h0200,0.29411765,scr2000,mustOut,frtRoadHeavy
AL,h0201,0.29411765,scr2000,mustOut,frtRoadHeavy
AL,h0202,0.29411765,scr2000,mustOut,frtRoadHeavy
AL,h0203,0.29411765,scr2000,mustOut,frtRoadHeavy
AL,h0204,0.29411765,scr2000,mustOut,frtRoadHeavy
AL,h0205,0.19369993783874562,scr2000,mustOut,frtRoadHeavy
AL,h0206,0.09485025063405579,scr2000,mustOut,frtRoadHeavy
AL,h0207,0.0,scr2000,mustOut,frtRoadHeavy
AL,h0208,0.0,scr2000,mustOut,frtRoadHeavy
AL,h0209,0.0,scr2000,mustOut,frtRoadHeavy
AL,h0210,0.0,scr2000,mustOut,frtRoadHeavy
AL,h0211,0.0,scr2000,mustOut,frtRoadHeavy
AL,h0212,0.0,scr2000,mustOut,frtRoadHeavy
AL,h0213,0.0,scr2000,mustOut,frtRoadHeavy
AL,h0214,0.0,scr2000,mustOut,frtRoadHeavy
AL,h0215,0.0,scr2000,mustOut,frtRoadHeavy
AL,h0216,0.0,scr2000,mustOut,frtRoadHeavy
AL,h0217,0.0,scr2000,mustOut,frtRoadHeavy
AL,h0218,0.0,scr2000,mustOut,frtRoadHeavy
AL,h0219,0.0,scr2000,mustOut,frtRoadHeavy
AL,h0220,0.0,scr2000,mustOut,frtRoadHeavy
AL,h0221,0.09485025063405579,scr2000,mustOut,frtRoadHeavy
AL,h0222,0.19369993783874562,scr2000,mustOut,frtRoadHeavy
AL,h0223,0.29411765,scr2000,mustOut,frtRoadHeavy
AL,h0224,0.29411765,scr2000,mustOut,frtRoadHeavy
AL,h0225,0.29411765,scr2000,mustOut,frtRoadHeavy
AL,h0226,0.29411765,scr2000,mustOut,frtRoadHeavy
AL,h0227,0.29411765,scr2000,mustOut,frtRoadHeavy
AL,h0228,0.29411765,scr2000,mustOut,frtRoadHeavy
AL,h0229,0.29411765,scr2000,mustOut,frtRoadHeavy
AL,h0230,0.29411765,scr2000,mustOut,frtRoadHeavy
AL,h0231,0.29411765,scr2000,mustOut,frtRoadHeavy
AL,h0232,0.29411765,scr2000,mustOut,frtRoadHeavy
AL,h0233,0.29411765,scr2000,mustOut,frtRoadHeavy
AL,h0234,0.29411765,scr2000,mustOut,frtRoadHeavy
AL,h0235,0.19369993783874562,scr2000,mustOut,frtRoadHeavy
AL,h0236,0.09485025063405579,scr2000,mustOut,frtRoadHeavy
AL,h0237,0.0,scr2000,mustOut,frtRoadHeavy
AL,h0238,0.0,scr2000,mustOut,frtRoadHeavy
AL,h0239,0.0,scr2000,mustOut,frtRoadHeavy
AL,h0240,0.0,scr2000,mustOut,frtRoadHeavy
