region_2,timestep_6,value,scenario_1,parameter,carrier_1
AT,h0169,0.048665869504183015,scr2014,mustOut,psngRoadPub
AT,h0170,0.013699669872354084,scr2014,mustOut,psngRoadPub
AT,h0171,0.0,scr2014,mustOut,psngRoadPub
AT,h0172,0.0,scr2014,mustOut,psngRoadPub
AT,h0173,0.0,scr2014,mustOut,psngRoadPub
AT,h0174,0.005623802830040326,scr2014,mustOut,psngRoadPub
AT,h0175,0.021423336771113643,scr2014,mustOut,psngRoadPub
AT,h0176,0.04300106766887328,scr2014,mustOut,psngRoadPub
AT,h0177,0.07771620394684013,scr2014,mustOut,psngRoadPub
AT,h0178,0.14408590837569354,scr2014,mustOut,psngRoadPub
AT,h0179,0.22117107602711378,scr2014,mustOut,psngRoadPub
AT,h0180,0.26886388888318297,scr2014,mustOut,psngRoadPub
AT,h0181,0.24626886829308797,scr2014,mustOut,psngRoadPub
AT,h0182,0.22122289153656177,scr2014,mustOut,psngRoadPub
AT,h0183,0.18025418733574322,scr2014,mustOut,psngRoadPub
AT,h0184,0.1764732871516063,scr2014,mustOut,psngRoadPub
AT,h0185,0.20429510358420996,scr2014,mustOut,psngRoadPub
AT,h0186,0.27097722094389814,scr2014,mustOut,psngRoadPub
AT,h0187,0.2916229018759244,scr2014,mustOut,psngRoadPub
AT,h0188,0.22817923999964493,scr2014,mustOut,psngRoadPub
AT,h0189,0.13110220352805507,scr2014,mustOut,psngRoadPub
AT,h0190,0.06729001456573892,scr2014,mustOut,psngRoadPub
AT,h0191,0.04172467744398949,scr2014,mustOut,psngRoadPub
AT,h0192,0.02941690171429387,scr2014,mustOut,psngRoadPub
AT,h0193,0.01569129773416926,scr2014,mustOut,psngRoadPub
AT,h0194,0.003961876729022799,scr2014,mustOut,psngRoadPub
AT,h0195,0.0,scr2014,mustOut,psngRoadPub
AT,h0196,0.0,scr2014,mustOut,psngRoadPub
AT,h0197,0.0,scr2014,mustOut,psngRoadPub
AT,h0198,0.005623802830040326,scr2014,mustOut,psngRoadPub
AT,h0199,0.0178624097198924,scr2014,mustOut,psngRoadPub
AT,h0200,0.045737932283656225,scr2014,mustOut,psngRoadPub
AT,h0201,0.06865488295581738,scr2014,mustOut,psngRoadPub
AT,h0202,0.12024147072162887,scr2014,mustOut,psngRoadPub
AT,h0203,0.14168506792102636,scr2014,mustOut,psngRoadPub
AT,h0204,0.1969397771917844,scr2014,mustOut,psngRoadPub
AT,h0205,0.19335929341599276,scr2014,mustOut,psngRoadPub
AT,h0206,0.22763252557650548,scr2014,mustOut,psngRoadPub
AT,h0207,0.23690116657363236,scr2014,mustOut,psngRoadPub
AT,h0208,0.2500354374751854,scr2014,mustOut,psngRoadPub
AT,h0209,0.30267694531638745,scr2014,mustOut,psngRoadPub
AT,h0210,0.3164996198835361,scr2014,mustOut,psngRoadPub
AT,h0211,0.3210522776589071,scr2014,mustOut,psngRoadPub
AT,h0212,0.22224250570033008,scr2014,mustOut,psngRoadPub
AT,h0213,0.13110220352805507,scr2014,mustOut,psngRoadPub
AT,h0214,0.06729001456573892,scr2014,mustOut,psngRoadPub
AT,h0215,0.04172467744398949,scr2014,mustOut,psngRoadPub
AT,h0216,0.02941690171429387,scr2014,mustOut,psngRoadPub
AT,h0217,0.01569129773416926,scr2014,mustOut,psngRoadPub
AT,h0218,0.003961876729022799,scr2014,mustOut,psngRoadPub
AT,h0219,0.0,scr2014,mustOut,psngRoadPub
AT,h0220,0.0,scr2014,mustOut,psngRoadPub
AT,h0221,0.0,scr2014,mustOut,psngRoadPub
AT,h0222,0.005623802830040326,scr2014,mustOut,psngRoadPub
AT,h0223,0.05102494009520706,scr2014,mustOut,psngRoadPub
AT,h0224,0.18001528021838203,scr2014,mustOut,psngRoadPub
AT,h0225,0.2507906999177362,scr2014,mustOut,psngRoadPub
AT,h0226,0.2374311387655332,scr2014,mustOut,psngRoadPub
AT,h0227,0.14031293226850325,scr2014,mustOut,psngRoadPub
AT,h0228,0.13211642554171132,scr2014,mustOut,psngRoadPub
AT,h0229,0.15616219749061558,scr2014,mustOut,psngRoadPub
AT,h0230,0.20623214454177347,scr2014,mustOut,psngRoadPub
AT,h0231,0.23690116657363236,scr2014,mustOut,psngRoadPub
AT,h0232,0.2500354374751854,scr2014,mustOut,psngRoadPub
AT,h0233,0.30267694531638745,scr2014,mustOut,psngRoadPub
AT,h0234,0.3164996198835361,scr2014,mustOut,psngRoadPub
AT,h0235,0.3210522776589071,scr2014,mustOut,psngRoadPub
AT,h0236,0.22224250570033008,scr2014,mustOut,psngRoadPub
AT,h0237,0.13110220352805507,scr2014,mustOut,psngRoadPub
AT,h0238,0.06729001456573892,scr2014,mustOut,psngRoadPub
AT,h0239,0.04172467744398949,scr2014,mustOut,psngRoadPub
AT,h0240,0.02941690171429387,scr2014,mustOut,psngRoadPub
AT,h0241,0.01569129773416926,scr2014,mustOut,psngRoadPub
AT,h0242,0.003961876729022799,scr2014,mustOut,psngRoadPub
AT,h0243,0.0006659653557186791,scr2014,mustOut,psngRoadPub
AT,h0244,0.0016929472216877853,scr2014,mustOut,psngRoadPub
AT,h0245,0.0016929472216877853,scr2014,mustOut,psngRoadPub
AT,h0246,0.0008827491751746325,scr2014,mustOut,psngRoadPub
AT,h0247,0.0429536246621759,scr2014,mustOut,psngRoadPub
AT,h0248,0.17062157906188707,scr2014,mustOut,psngRoadPub
AT,h0249,0.2507906999177362,scr2014,mustOut,psngRoadPub
AT,h0250,0.2374311387655332,scr2014,mustOut,psngRoadPub
AT,h0251,0.14031293226850325,scr2014,mustOut,psngRoadPub
AT,h0252,0.13211642554171132,scr2014,mustOut,psngRoadPub
AT,h0253,0.19446491705532132,scr2014,mustOut,psngRoadPub
AT,h0254,0.2931985601174335,scr2014,mustOut,psngRoadPub
AT,h0255,0.35660843633087036,scr2014,mustOut,psngRoadPub
AT,h0256,0.3735638446880898,scr2014,mustOut,psngRoadPub
AT,h0257,0.37365991,scr2014,mustOut,psngRoadPub
AT,h0258,0.3481671759945253,scr2014,mustOut,psngRoadPub
AT,h0259,0.3084015174976116,scr2014,mustOut,psngRoadPub
AT,h0260,0.21486898499044288,scr2014,mustOut,psngRoadPub
AT,h0261,0.13110220352805507,scr2014,mustOut,psngRoadPub
AT,h0262,0.06729001456573892,scr2014,mustOut,psngRoadPub
AT,h0263,0.04172467744398949,scr2014,mustOut,psngRoadPub
AT,h0264,0.02941690171429387,scr2014,mustOut,psngRoadPub
AT,h0265,0.01569129773416926,scr2014,mustOut,psngRoadPub
AT,h0266,0.003961876729022799,scr2014,mustOut,psngRoadPub
AT,h0267,0.0,scr2014,mustOut,psngRoadPub
AT,h0268,0.0,scr2014,mustOut,psngRoadPub
AT,h0269,0.0,scr2014,mustOut,psngRoadPub
AT,h0270,0.001955730566381503,scr2014,mustOut,psngRoadPub
AT,h0271,0.04612088060678056,scr2014,mustOut,psngRoadPub
AT,h0272,0.1743231447021561,scr2014,mustOut,psngRoadPub
AT,h0273,0.2507906999177362,scr2014,mustOut,psngRoadPub
AT,h0274,0.2374311387655332,scr2014,mustOut,psngRoadPub
AT,h0275,0.14031293226850325,scr2014,mustOut,psngRoadPub
AT,h0276,0.13211642554171132,scr2014,mustOut,psngRoadPub
AT,h0277,0.15726582545513532,scr2014,mustOut,psngRoadPub
AT,h0278,0.19622741258678872,scr2014,mustOut,psngRoadPub
AT,h0279,0.18025418733574322,scr2014,mustOut,psngRoadPub
AT,h0280,0.1764732871516063,scr2014,mustOut,psngRoadPub
AT,h0281,0.20429510358420996,scr2014,mustOut,psngRoadPub
AT,h0282,0.27097722094389814,scr2014,mustOut,psngRoadPub
AT,h0283,0.2916229018759244,scr2014,mustOut,psngRoadPub
AT,h0284,0.22817923999964493,scr2014,mustOut,psngRoadPub
AT,h0285,0.13110220352805507,scr2014,mustOut,psngRoadPub
AT,h0286,0.06729001456573892,scr2014,mustOut,psngRoadPub
AT,h0287,0.04172467744398949,scr2014,mustOut,psngRoadPub
AT,h0288,0.02941690171429387,scr2014,mustOut,psngRoadPub
AT,h0289,0.01569129773416926,scr2014,mustOut,psngRoadPub
AT,h0290,0.003961876729022799,scr2014,mustOut,psngRoadPub
AT,h0291,0.0,scr2014,mustOut,psngRoadPub
AT,h0292,0.0,scr2014,mustOut,psngRoadPub
AT,h0293,0.0,scr2014,mustOut,psngRoadPub
AT,h0294,0.005623802830040326,scr2014,mustOut,psngRoadPub
AT,h0295,0.05102494009520706,scr2014,mustOut,psngRoadPub
AT,h0296,0.18001528021838203,scr2014,mustOut,psngRoadPub
AT,h0297,0.2507906999177362,scr2014,mustOut,psngRoadPub
AT,h0298,0.2374311387655332,scr2014,mustOut,psngRoadPub
AT,h0299,0.14031293226850325,scr2014,mustOut,psngRoadPub
AT,h0300,0.13211642554171132,scr2014,mustOut,psngRoadPub
AT,h0301,0.15726582545513532,scr2014,mustOut,psngRoadPub
AT,h0302,0.19622741258678872,scr2014,mustOut,psngRoadPub
AT,h0303,0.18025418733574322,scr2014,mustOut,psngRoadPub
AT,h0304,0.1764732871516063,scr2014,mustOut,psngRoadPub
AT,h0305,0.20429510358420996,scr2014,mustOut,psngRoadPub
AT,h0306,0.27097722094389814,scr2014,mustOut,psngRoadPub
AT,h0307,0.3214425997275043,scr2014,mustOut,psngRoadPub
AT,h0308,0.28741892372334815,scr2014,mustOut,psngRoadPub
AT,h0309,0.20659212842759592,scr2014,mustOut,psngRoadPub
AT,h0310,0.14095214111874038,scr2014,mustOut,psngRoadPub
AT,h0311,0.08311169596876257,scr2014,mustOut,psngRoadPub
AT,h0312,0.05444725086411779,scr2014,mustOut,psngRoadPub
AT,h0313,0.014989749632865878,scr2014,mustOut,psngRoadPub
AT,h0314,0.0053171340811378025,scr2014,mustOut,psngRoadPub
AT,h0315,0.0,scr2014,mustOut,psngRoadPub
AT,h0316,0.0,scr2014,mustOut,psngRoadPub
AT,h0317,0.0,scr2014,mustOut,psngRoadPub
AT,h0318,0.005623802830040326,scr2014,mustOut,psngRoadPub
AT,h0319,0.0178624097198924,scr2014,mustOut,psngRoadPub
AT,h0320,0.045737932283656225,scr2014,mustOut,psngRoadPub
AT,h0321,0.06865488295581738,scr2014,mustOut,psngRoadPub
AT,h0322,0.12024147072162887,scr2014,mustOut,psngRoadPub
AT,h0323,0.14168506792102636,scr2014,mustOut,psngRoadPub
AT,h0324,0.1969397771917844,scr2014,mustOut,psngRoadPub
AT,h0325,0.19449032441924347,scr2014,mustOut,psngRoadPub
AT,h0326,0.21751099457670584,scr2014,mustOut,psngRoadPub
AT,h0327,0.18025418733574322,scr2014,mustOut,psngRoadPub
AT,h0328,0.1764732871516063,scr2014,mustOut,psngRoadPub
AT,h0329,0.20429510358420996,scr2014,mustOut,psngRoadPub
AT,h0330,0.27097722094389814,scr2014,mustOut,psngRoadPub
AT,h0331,0.2766118708305797,scr2014,mustOut,psngRoadPub
AT,h0332,0.2418408351324062,scr2014,mustOut,psngRoadPub
AT,h0333,0.16244920278974545,scr2014,mustOut,psngRoadPub
AT,h0334,0.13360326407664952,scr2014,mustOut,psngRoadPub
AT,h0335,0.10472851615624189,scr2014,mustOut,psngRoadPub
AT,h0336,0.08631018456330525,scr2014,mustOut,psngRoadPub
BE,h0169,0.048665869504183015,scr2014,mustOut,psngRoadPub
BE,h0170,0.013699669872354084,scr2014,mustOut,psngRoadPub
BE,h0171,0.0,scr2014,mustOut,psngRoadPub
BE,h0172,0.0,scr2014,mustOut,psngRoadPub
BE,h0173,0.0,scr2014,mustOut,psngRoadPub
BE,h0174,0.005623802830040327,scr2014,mustOut,psngRoadPub
BE,h0175,0.021423336771113646,scr2014,mustOut,psngRoadPub
BE,h0176,0.043001067668873294,scr2014,mustOut,psngRoadPub
BE,h0177,0.07771620394684013,scr2014,mustOut,psngRoadPub
BE,h0178,0.14408590837569354,scr2014,mustOut,psngRoadPub
BE,h0179,0.22117107602711378,scr2014,mustOut,psngRoadPub
BE,h0180,0.26886388888318297,scr2014,mustOut,psngRoadPub
BE,h0181,0.24626886829308794,scr2014,mustOut,psngRoadPub
BE,h0182,0.22122289153656177,scr2014,mustOut,psngRoadPub
BE,h0183,0.1802541873357432,scr2014,mustOut,psngRoadPub
BE,h0184,0.1764732871516063,scr2014,mustOut,psngRoadPub
BE,h0185,0.20429510358420996,scr2014,mustOut,psngRoadPub
BE,h0186,0.27097722094389814,scr2014,mustOut,psngRoadPub
BE,h0187,0.2916229018759244,scr2014,mustOut,psngRoadPub
BE,h0188,0.22817923999964493,scr2014,mustOut,psngRoadPub
BE,h0189,0.13110220352805507,scr2014,mustOut,psngRoadPub
BE,h0190,0.06729001456573892,scr2014,mustOut,psngRoadPub
BE,h0191,0.04172467744398949,scr2014,mustOut,psngRoadPub
BE,h0192,0.029416901714293862,scr2014,mustOut,psngRoadPub
BE,h0193,0.015691297734169257,scr2014,mustOut,psngRoadPub
BE,h0194,0.003961876729022799,scr2014,mustOut,psngRoadPub
BE,h0195,0.0,scr2014,mustOut,psngRoadPub
BE,h0196,0.0,scr2014,mustOut,psngRoadPub
BE,h0197,0.0,scr2014,mustOut,psngRoadPub
BE,h0198,0.005623802830040327,scr2014,mustOut,psngRoadPub
BE,h0199,0.0178624097198924,scr2014,mustOut,psngRoadPub
BE,h0200,0.045737932283656225,scr2014,mustOut,psngRoadPub
BE,h0201,0.06865488295581738,scr2014,mustOut,psngRoadPub
BE,h0202,0.12024147072162887,scr2014,mustOut,psngRoadPub
BE,h0203,0.14168506792102636,scr2014,mustOut,psngRoadPub
BE,h0204,0.1969397771917844,scr2014,mustOut,psngRoadPub
BE,h0205,0.19335929341599276,scr2014,mustOut,psngRoadPub
BE,h0206,0.22763252557650548,scr2014,mustOut,psngRoadPub
BE,h0207,0.23690116657363242,scr2014,mustOut,psngRoadPub
BE,h0208,0.2500354374751854,scr2014,mustOut,psngRoadPub
BE,h0209,0.30267694531638745,scr2014,mustOut,psngRoadPub
BE,h0210,0.3164996198835361,scr2014,mustOut,psngRoadPub
BE,h0211,0.3210522776589071,scr2014,mustOut,psngRoadPub
BE,h0212,0.22224250570033008,scr2014,mustOut,psngRoadPub
BE,h0213,0.13110220352805507,scr2014,mustOut,psngRoadPub
BE,h0214,0.06729001456573892,scr2014,mustOut,psngRoadPub
BE,h0215,0.04172467744398949,scr2014,mustOut,psngRoadPub
BE,h0216,0.029416901714293862,scr2014,mustOut,psngRoadPub
BE,h0217,0.015691297734169257,scr2014,mustOut,psngRoadPub
BE,h0218,0.003961876729022799,scr2014,mustOut,psngRoadPub
BE,h0219,0.0,scr2014,mustOut,psngRoadPub
BE,h0220,0.0,scr2014,mustOut,psngRoadPub
BE,h0221,0.0,scr2014,mustOut,psngRoadPub
BE,h0222,0.005623802830040327,scr2014,mustOut,psngRoadPub
BE,h0223,0.05102494009520706,scr2014,mustOut,psngRoadPub
BE,h0224,0.18001528021838203,scr2014,mustOut,psngRoadPub
BE,h0225,0.2507906999177362,scr2014,mustOut,psngRoadPub
BE,h0226,0.2374311387655332,scr2014,mustOut,psngRoadPub
BE,h0227,0.14031293226850325,scr2014,mustOut,psngRoadPub
BE,h0228,0.13211642554171132,scr2014,mustOut,psngRoadPub
BE,h0229,0.15616219749061558,scr2014,mustOut,psngRoadPub
BE,h0230,0.20623214454177347,scr2014,mustOut,psngRoadPub
BE,h0231,0.23690116657363242,scr2014,mustOut,psngRoadPub
BE,h0232,0.2500354374751854,scr2014,mustOut,psngRoadPub
BE,h0233,0.30267694531638745,scr2014,mustOut,psngRoadPub
BE,h0234,0.3164996198835361,scr2014,mustOut,psngRoadPub
BE,h0235,0.3210522776589071,scr2014,mustOut,psngRoadPub
BE,h0236,0.22224250570033008,scr2014,mustOut,psngRoadPub
BE,h0237,0.13110220352805507,scr2014,mustOut,psngRoadPub
BE,h0238,0.06729001456573892,scr2014,mustOut,psngRoadPub
BE,h0239,0.04172467744398949,scr2014,mustOut,psngRoadPub
BE,h0240,0.029416901714293862,scr2014,mustOut,psngRoadPub
BE,h0241,0.015691297734169257,scr2014,mustOut,psngRoadPub
BE,h0242,0.003961876729022799,scr2014,mustOut,psngRoadPub
BE,h0243,0.0006659653557186793,scr2014,mustOut,psngRoadPub
BE,h0244,0.0016929472216877857,scr2014,mustOut,psngRoadPub
BE,h0245,0.0016929472216877857,scr2014,mustOut,psngRoadPub
BE,h0246,0.0008827491751746325,scr2014,mustOut,psngRoadPub
BE,h0247,0.0429536246621759,scr2014,mustOut,psngRoadPub
BE,h0248,0.17062157906188707,scr2014,mustOut,psngRoadPub
BE,h0249,0.2507906999177362,scr2014,mustOut,psngRoadPub
BE,h0250,0.2374311387655332,scr2014,mustOut,psngRoadPub
BE,h0251,0.14031293226850325,scr2014,mustOut,psngRoadPub
BE,h0252,0.13211642554171132,scr2014,mustOut,psngRoadPub
BE,h0253,0.19446491705532132,scr2014,mustOut,psngRoadPub
BE,h0254,0.2931985601174335,scr2014,mustOut,psngRoadPub
BE,h0255,0.35660843633087036,scr2014,mustOut,psngRoadPub
BE,h0256,0.3735638446880898,scr2014,mustOut,psngRoadPub
BE,h0257,0.37365991,scr2014,mustOut,psngRoadPub
BE,h0258,0.3481671759945253,scr2014,mustOut,psngRoadPub
BE,h0259,0.3084015174976115,scr2014,mustOut,psngRoadPub
BE,h0260,0.21486898499044288,scr2014,mustOut,psngRoadPub
BE,h0261,0.13110220352805507,scr2014,mustOut,psngRoadPub
BE,h0262,0.06729001456573892,scr2014,mustOut,psngRoadPub
BE,h0263,0.04172467744398949,scr2014,mustOut,psngRoadPub
BE,h0264,0.029416901714293862,scr2014,mustOut,psngRoadPub
BE,h0265,0.015691297734169257,scr2014,mustOut,psngRoadPub
BE,h0266,0.003961876729022799,scr2014,mustOut,psngRoadPub
BE,h0267,0.0,scr2014,mustOut,psngRoadPub
BE,h0268,0.0,scr2014,mustOut,psngRoadPub
BE,h0269,0.0,scr2014,mustOut,psngRoadPub
BE,h0270,0.001955730566381503,scr2014,mustOut,psngRoadPub
BE,h0271,0.04612088060678056,scr2014,mustOut,psngRoadPub
BE,h0272,0.1743231447021561,scr2014,mustOut,psngRoadPub
BE,h0273,0.2507906999177362,scr2014,mustOut,psngRoadPub
BE,h0274,0.2374311387655332,scr2014,mustOut,psngRoadPub
BE,h0275,0.14031293226850325,scr2014,mustOut,psngRoadPub
BE,h0276,0.13211642554171132,scr2014,mustOut,psngRoadPub
BE,h0277,0.15726582545513532,scr2014,mustOut,psngRoadPub
BE,h0278,0.19622741258678872,scr2014,mustOut,psngRoadPub
BE,h0279,0.1802541873357432,scr2014,mustOut,psngRoadPub
BE,h0280,0.1764732871516063,scr2014,mustOut,psngRoadPub
BE,h0281,0.20429510358420996,scr2014,mustOut,psngRoadPub
BE,h0282,0.27097722094389814,scr2014,mustOut,psngRoadPub
BE,h0283,0.2916229018759244,scr2014,mustOut,psngRoadPub
BE,h0284,0.22817923999964493,scr2014,mustOut,psngRoadPub
BE,h0285,0.13110220352805507,scr2014,mustOut,psngRoadPub
BE,h0286,0.06729001456573892,scr2014,mustOut,psngRoadPub
BE,h0287,0.04172467744398949,scr2014,mustOut,psngRoadPub
BE,h0288,0.029416901714293862,scr2014,mustOut,psngRoadPub
BE,h0289,0.015691297734169257,scr2014,mustOut,psngRoadPub
BE,h0290,0.003961876729022799,scr2014,mustOut,psngRoadPub
BE,h0291,0.0,scr2014,mustOut,psngRoadPub
BE,h0292,0.0,scr2014,mustOut,psngRoadPub
BE,h0293,0.0,scr2014,mustOut,psngRoadPub
BE,h0294,0.005623802830040327,scr2014,mustOut,psngRoadPub
BE,h0295,0.05102494009520706,scr2014,mustOut,psngRoadPub
BE,h0296,0.18001528021838203,scr2014,mustOut,psngRoadPub
BE,h0297,0.2507906999177362,scr2014,mustOut,psngRoadPub
BE,h0298,0.2374311387655332,scr2014,mustOut,psngRoadPub
BE,h0299,0.14031293226850325,scr2014,mustOut,psngRoadPub
BE,h0300,0.13211642554171132,scr2014,mustOut,psngRoadPub
BE,h0301,0.15726582545513532,scr2014,mustOut,psngRoadPub
BE,h0302,0.19622741258678872,scr2014,mustOut,psngRoadPub
BE,h0303,0.1802541873357432,scr2014,mustOut,psngRoadPub
BE,h0304,0.1764732871516063,scr2014,mustOut,psngRoadPub
BE,h0305,0.20429510358420996,scr2014,mustOut,psngRoadPub
BE,h0306,0.27097722094389814,scr2014,mustOut,psngRoadPub
BE,h0307,0.3214425997275043,scr2014,mustOut,psngRoadPub
BE,h0308,0.28741892372334815,scr2014,mustOut,psngRoadPub
BE,h0309,0.20659212842759592,scr2014,mustOut,psngRoadPub
BE,h0310,0.14095214111874038,scr2014,mustOut,psngRoadPub
BE,h0311,0.08311169596876257,scr2014,mustOut,psngRoadPub
BE,h0312,0.05444725086411779,scr2014,mustOut,psngRoadPub
BE,h0313,0.014989749632865878,scr2014,mustOut,psngRoadPub
BE,h0314,0.0053171340811378025,scr2014,mustOut,psngRoadPub
BE,h0315,0.0,scr2014,mustOut,psngRoadPub
BE,h0316,0.0,scr2014,mustOut,psngRoadPub
BE,h0317,0.0,scr2014,mustOut,psngRoadPub
BE,h0318,0.005623802830040327,scr2014,mustOut,psngRoadPub
BE,h0319,0.0178624097198924,scr2014,mustOut,psngRoadPub
BE,h0320,0.045737932283656225,scr2014,mustOut,psngRoadPub
BE,h0321,0.06865488295581738,scr2014,mustOut,psngRoadPub
BE,h0322,0.12024147072162887,scr2014,mustOut,psngRoadPub
BE,h0323,0.14168506792102636,scr2014,mustOut,psngRoadPub
BE,h0324,0.1969397771917844,scr2014,mustOut,psngRoadPub
BE,h0325,0.19449032441924344,scr2014,mustOut,psngRoadPub
BE,h0326,0.2175109945767058,scr2014,mustOut,psngRoadPub
BE,h0327,0.1802541873357432,scr2014,mustOut,psngRoadPub
BE,h0328,0.1764732871516063,scr2014,mustOut,psngRoadPub
BE,h0329,0.20429510358420996,scr2014,mustOut,psngRoadPub
BE,h0330,0.27097722094389814,scr2014,mustOut,psngRoadPub
BE,h0331,0.2766118708305797,scr2014,mustOut,psngRoadPub
BE,h0332,0.2418408351324062,scr2014,mustOut,psngRoadPub
BE,h0333,0.16244920278974545,scr2014,mustOut,psngRoadPub
BE,h0334,0.13360326407664952,scr2014,mustOut,psngRoadPub
BE,h0335,0.10472851615624189,scr2014,mustOut,psngRoadPub
BE,h0336,0.08631018456330525,scr2014,mustOut,psngRoadPub
BG,h0169,0.048665869504183015,scr2014,mustOut,psngRoadPub
BG,h0170,0.013699669872354084,scr2014,mustOut,psngRoadPub
BG,h0171,0.0,scr2014,mustOut,psngRoadPub
BG,h0172,0.0,scr2014,mustOut,psngRoadPub
BG,h0173,0.0,scr2014,mustOut,psngRoadPub
BG,h0174,0.005623802830040327,scr2014,mustOut,psngRoadPub
BG,h0175,0.021423336771113646,scr2014,mustOut,psngRoadPub
BG,h0176,0.043001067668873294,scr2014,mustOut,psngRoadPub
BG,h0177,0.07771620394684013,scr2014,mustOut,psngRoadPub
BG,h0178,0.14408590837569354,scr2014,mustOut,psngRoadPub
BG,h0179,0.22117107602711378,scr2014,mustOut,psngRoadPub
BG,h0180,0.26886388888318297,scr2014,mustOut,psngRoadPub
BG,h0181,0.24626886829308794,scr2014,mustOut,psngRoadPub
BG,h0182,0.22122289153656177,scr2014,mustOut,psngRoadPub
BG,h0183,0.1802541873357432,scr2014,mustOut,psngRoadPub
BG,h0184,0.1764732871516063,scr2014,mustOut,psngRoadPub
BG,h0185,0.20429510358420996,scr2014,mustOut,psngRoadPub
BG,h0186,0.27097722094389814,scr2014,mustOut,psngRoadPub
BG,h0187,0.2916229018759244,scr2014,mustOut,psngRoadPub
BG,h0188,0.22817923999964493,scr2014,mustOut,psngRoadPub
BG,h0189,0.13110220352805507,scr2014,mustOut,psngRoadPub
BG,h0190,0.06729001456573892,scr2014,mustOut,psngRoadPub
BG,h0191,0.04172467744398949,scr2014,mustOut,psngRoadPub
BG,h0192,0.029416901714293862,scr2014,mustOut,psngRoadPub
BG,h0193,0.015691297734169257,scr2014,mustOut,psngRoadPub
BG,h0194,0.003961876729022799,scr2014,mustOut,psngRoadPub
BG,h0195,0.0,scr2014,mustOut,psngRoadPub
BG,h0196,0.0,scr2014,mustOut,psngRoadPub
BG,h0197,0.0,scr2014,mustOut,psngRoadPub
BG,h0198,0.005623802830040327,scr2014,mustOut,psngRoadPub
BG,h0199,0.0178624097198924,scr2014,mustOut,psngRoadPub
BG,h0200,0.045737932283656225,scr2014,mustOut,psngRoadPub
BG,h0201,0.06865488295581738,scr2014,mustOut,psngRoadPub
BG,h0202,0.12024147072162887,scr2014,mustOut,psngRoadPub
BG,h0203,0.14168506792102636,scr2014,mustOut,psngRoadPub
BG,h0204,0.1969397771917844,scr2014,mustOut,psngRoadPub
BG,h0205,0.19335929341599276,scr2014,mustOut,psngRoadPub
BG,h0206,0.22763252557650548,scr2014,mustOut,psngRoadPub
BG,h0207,0.23690116657363242,scr2014,mustOut,psngRoadPub
BG,h0208,0.2500354374751854,scr2014,mustOut,psngRoadPub
BG,h0209,0.30267694531638745,scr2014,mustOut,psngRoadPub
BG,h0210,0.3164996198835361,scr2014,mustOut,psngRoadPub
BG,h0211,0.3210522776589071,scr2014,mustOut,psngRoadPub
BG,h0212,0.22224250570033008,scr2014,mustOut,psngRoadPub
BG,h0213,0.13110220352805507,scr2014,mustOut,psngRoadPub
BG,h0214,0.06729001456573892,scr2014,mustOut,psngRoadPub
BG,h0215,0.04172467744398949,scr2014,mustOut,psngRoadPub
BG,h0216,0.029416901714293862,scr2014,mustOut,psngRoadPub
BG,h0217,0.015691297734169257,scr2014,mustOut,psngRoadPub
BG,h0218,0.003961876729022799,scr2014,mustOut,psngRoadPub
BG,h0219,0.0,scr2014,mustOut,psngRoadPub
BG,h0220,0.0,scr2014,mustOut,psngRoadPub
BG,h0221,0.0,scr2014,mustOut,psngRoadPub
BG,h0222,0.005623802830040327,scr2014,mustOut,psngRoadPub
BG,h0223,0.05102494009520706,scr2014,mustOut,psngRoadPub
BG,h0224,0.18001528021838203,scr2014,mustOut,psngRoadPub
BG,h0225,0.2507906999177362,scr2014,mustOut,psngRoadPub
BG,h0226,0.2374311387655332,scr2014,mustOut,psngRoadPub
BG,h0227,0.14031293226850325,scr2014,mustOut,psngRoadPub
BG,h0228,0.13211642554171132,scr2014,mustOut,psngRoadPub
BG,h0229,0.15616219749061558,scr2014,mustOut,psngRoadPub
BG,h0230,0.20623214454177347,scr2014,mustOut,psngRoadPub
BG,h0231,0.23690116657363242,scr2014,mustOut,psngRoadPub
BG,h0232,0.2500354374751854,scr2014,mustOut,psngRoadPub
BG,h0233,0.30267694531638745,scr2014,mustOut,psngRoadPub
BG,h0234,0.3164996198835361,scr2014,mustOut,psngRoadPub
BG,h0235,0.3210522776589071,scr2014,mustOut,psngRoadPub
BG,h0236,0.22224250570033008,scr2014,mustOut,psngRoadPub
BG,h0237,0.13110220352805507,scr2014,mustOut,psngRoadPub
BG,h0238,0.06729001456573892,scr2014,mustOut,psngRoadPub
BG,h0239,0.04172467744398949,scr2014,mustOut,psngRoadPub
BG,h0240,0.029416901714293862,scr2014,mustOut,psngRoadPub
BG,h0241,0.015691297734169257,scr2014,mustOut,psngRoadPub
BG,h0242,0.003961876729022799,scr2014,mustOut,psngRoadPub
BG,h0243,0.0006659653557186793,scr2014,mustOut,psngRoadPub
BG,h0244,0.0016929472216877857,scr2014,mustOut,psngRoadPub
BG,h0245,0.0016929472216877857,scr2014,mustOut,psngRoadPub
BG,h0246,0.0008827491751746325,scr2014,mustOut,psngRoadPub
BG,h0247,0.0429536246621759,scr2014,mustOut,psngRoadPub
BG,h0248,0.17062157906188707,scr2014,mustOut,psngRoadPub
BG,h0249,0.2507906999177362,scr2014,mustOut,psngRoadPub
BG,h0250,0.2374311387655332,scr2014,mustOut,psngRoadPub
BG,h0251,0.14031293226850325,scr2014,mustOut,psngRoadPub
BG,h0252,0.13211642554171132,scr2014,mustOut,psngRoadPub
BG,h0253,0.19446491705532132,scr2014,mustOut,psngRoadPub
BG,h0254,0.2931985601174335,scr2014,mustOut,psngRoadPub
BG,h0255,0.35660843633087036,scr2014,mustOut,psngRoadPub
BG,h0256,0.3735638446880898,scr2014,mustOut,psngRoadPub
BG,h0257,0.37365991,scr2014,mustOut,psngRoadPub
BG,h0258,0.3481671759945253,scr2014,mustOut,psngRoadPub
BG,h0259,0.3084015174976115,scr2014,mustOut,psngRoadPub
BG,h0260,0.21486898499044288,scr2014,mustOut,psngRoadPub
BG,h0261,0.13110220352805507,scr2014,mustOut,psngRoadPub
BG,h0262,0.06729001456573892,scr2014,mustOut,psngRoadPub
BG,h0263,0.04172467744398949,scr2014,mustOut,psngRoadPub
BG,h0264,0.029416901714293862,scr2014,mustOut,psngRoadPub
BG,h0265,0.015691297734169257,scr2014,mustOut,psngRoadPub
BG,h0266,0.003961876729022799,scr2014,mustOut,psngRoadPub
BG,h0267,0.0,scr2014,mustOut,psngRoadPub
BG,h0268,0.0,scr2014,mustOut,psngRoadPub
BG,h0269,0.0,scr2014,mustOut,psngRoadPub
BG,h0270,0.001955730566381503,scr2014,mustOut,psngRoadPub
BG,h0271,0.04612088060678056,scr2014,mustOut,psngRoadPub
BG,h0272,0.1743231447021561,scr2014,mustOut,psngRoadPub
BG,h0273,0.2507906999177362,scr2014,mustOut,psngRoadPub
BG,h0274,0.2374311387655332,scr2014,mustOut,psngRoadPub
BG,h0275,0.14031293226850325,scr2014,mustOut,psngRoadPub
BG,h0276,0.13211642554171132,scr2014,mustOut,psngRoadPub
BG,h0277,0.15726582545513532,scr2014,mustOut,psngRoadPub
BG,h0278,0.19622741258678872,scr2014,mustOut,psngRoadPub
BG,h0279,0.1802541873357432,scr2014,mustOut,psngRoadPub
BG,h0280,0.1764732871516063,scr2014,mustOut,psngRoadPub
BG,h0281,0.20429510358420996,scr2014,mustOut,psngRoadPub
BG,h0282,0.27097722094389814,scr2014,mustOut,psngRoadPub
BG,h0283,0.2916229018759244,scr2014,mustOut,psngRoadPub
BG,h0284,0.22817923999964493,scr2014,mustOut,psngRoadPub
BG,h0285,0.13110220352805507,scr2014,mustOut,psngRoadPub
BG,h0286,0.06729001456573892,scr2014,mustOut,psngRoadPub
BG,h0287,0.04172467744398949,scr2014,mustOut,psngRoadPub
BG,h0288,0.029416901714293862,scr2014,mustOut,psngRoadPub
BG,h0289,0.015691297734169257,scr2014,mustOut,psngRoadPub
BG,h0290,0.003961876729022799,scr2014,mustOut,psngRoadPub
BG,h0291,0.0,scr2014,mustOut,psngRoadPub
BG,h0292,0.0,scr2014,mustOut,psngRoadPub
BG,h0293,0.0,scr2014,mustOut,psngRoadPub
BG,h0294,0.005623802830040327,scr2014,mustOut,psngRoadPub
BG,h0295,0.05102494009520706,scr2014,mustOut,psngRoadPub
BG,h0296,0.18001528021838203,scr2014,mustOut,psngRoadPub
BG,h0297,0.2507906999177362,scr2014,mustOut,psngRoadPub
BG,h0298,0.2374311387655332,scr2014,mustOut,psngRoadPub
BG,h0299,0.14031293226850325,scr2014,mustOut,psngRoadPub
BG,h0300,0.13211642554171132,scr2014,mustOut,psngRoadPub
BG,h0301,0.15726582545513532,scr2014,mustOut,psngRoadPub
BG,h0302,0.19622741258678872,scr2014,mustOut,psngRoadPub
BG,h0303,0.1802541873357432,scr2014,mustOut,psngRoadPub
BG,h0304,0.1764732871516063,scr2014,mustOut,psngRoadPub
BG,h0305,0.20429510358420996,scr2014,mustOut,psngRoadPub
BG,h0306,0.27097722094389814,scr2014,mustOut,psngRoadPub
BG,h0307,0.3214425997275043,scr2014,mustOut,psngRoadPub
BG,h0308,0.28741892372334815,scr2014,mustOut,psngRoadPub
BG,h0309,0.20659212842759592,scr2014,mustOut,psngRoadPub
BG,h0310,0.14095214111874038,scr2014,mustOut,psngRoadPub
BG,h0311,0.08311169596876257,scr2014,mustOut,psngRoadPub
BG,h0312,0.05444725086411779,scr2014,mustOut,psngRoadPub
BG,h0313,0.014989749632865878,scr2014,mustOut,psngRoadPub
BG,h0314,0.0053171340811378025,scr2014,mustOut,psngRoadPub
BG,h0315,0.0,scr2014,mustOut,psngRoadPub
BG,h0316,0.0,scr2014,mustOut,psngRoadPub
BG,h0317,0.0,scr2014,mustOut,psngRoadPub
BG,h0318,0.005623802830040327,scr2014,mustOut,psngRoadPub
BG,h0319,0.0178624097198924,scr2014,mustOut,psngRoadPub
BG,h0320,0.045737932283656225,scr2014,mustOut,psngRoadPub
BG,h0321,0.06865488295581738,scr2014,mustOut,psngRoadPub
BG,h0322,0.12024147072162887,scr2014,mustOut,psngRoadPub
BG,h0323,0.14168506792102636,scr2014,mustOut,psngRoadPub
BG,h0324,0.1969397771917844,scr2014,mustOut,psngRoadPub
BG,h0325,0.19449032441924344,scr2014,mustOut,psngRoadPub
BG,h0326,0.2175109945767058,scr2014,mustOut,psngRoadPub
BG,h0327,0.1802541873357432,scr2014,mustOut,psngRoadPub
BG,h0328,0.1764732871516063,scr2014,mustOut,psngRoadPub
BG,h0329,0.20429510358420996,scr2014,mustOut,psngRoadPub
BG,h0330,0.27097722094389814,scr2014,mustOut,psngRoadPub
BG,h0331,0.2766118708305797,scr2014,mustOut,psngRoadPub
BG,h0332,0.2418408351324062,scr2014,mustOut,psngRoadPub
BG,h0333,0.16244920278974545,scr2014,mustOut,psngRoadPub
BG,h0334,0.13360326407664952,scr2014,mustOut,psngRoadPub
BG,h0335,0.10472851615624189,scr2014,mustOut,psngRoadPub
BG,h0336,0.08631018456330525,scr2014,mustOut,psngRoadPub
CH,h0169,0.048665869504183015,scr2014,mustOut,psngRoadPub
CH,h0170,0.013699669872354084,scr2014,mustOut,psngRoadPub
CH,h0171,0.0,scr2014,mustOut,psngRoadPub
CH,h0172,0.0,scr2014,mustOut,psngRoadPub
CH,h0173,0.0,scr2014,mustOut,psngRoadPub
CH,h0174,0.005623802830040327,scr2014,mustOut,psngRoadPub
CH,h0175,0.021423336771113646,scr2014,mustOut,psngRoadPub
CH,h0176,0.043001067668873294,scr2014,mustOut,psngRoadPub
CH,h0177,0.07771620394684013,scr2014,mustOut,psngRoadPub
CH,h0178,0.14408590837569354,scr2014,mustOut,psngRoadPub
CH,h0179,0.22117107602711378,scr2014,mustOut,psngRoadPub
CH,h0180,0.26886388888318297,scr2014,mustOut,psngRoadPub
CH,h0181,0.24626886829308794,scr2014,mustOut,psngRoadPub
CH,h0182,0.22122289153656177,scr2014,mustOut,psngRoadPub
CH,h0183,0.1802541873357432,scr2014,mustOut,psngRoadPub
CH,h0184,0.1764732871516063,scr2014,mustOut,psngRoadPub
CH,h0185,0.20429510358420996,scr2014,mustOut,psngRoadPub
CH,h0186,0.27097722094389814,scr2014,mustOut,psngRoadPub
CH,h0187,0.2916229018759244,scr2014,mustOut,psngRoadPub
CH,h0188,0.22817923999964493,scr2014,mustOut,psngRoadPub
CH,h0189,0.13110220352805507,scr2014,mustOut,psngRoadPub
CH,h0190,0.06729001456573892,scr2014,mustOut,psngRoadPub
CH,h0191,0.04172467744398949,scr2014,mustOut,psngRoadPub
CH,h0192,0.029416901714293862,scr2014,mustOut,psngRoadPub
CH,h0193,0.015691297734169257,scr2014,mustOut,psngRoadPub
CH,h0194,0.003961876729022799,scr2014,mustOut,psngRoadPub
CH,h0195,0.0,scr2014,mustOut,psngRoadPub
CH,h0196,0.0,scr2014,mustOut,psngRoadPub
CH,h0197,0.0,scr2014,mustOut,psngRoadPub
CH,h0198,0.005623802830040327,scr2014,mustOut,psngRoadPub
CH,h0199,0.0178624097198924,scr2014,mustOut,psngRoadPub
CH,h0200,0.045737932283656225,scr2014,mustOut,psngRoadPub
CH,h0201,0.06865488295581738,scr2014,mustOut,psngRoadPub
CH,h0202,0.12024147072162887,scr2014,mustOut,psngRoadPub
CH,h0203,0.14168506792102636,scr2014,mustOut,psngRoadPub
CH,h0204,0.1969397771917844,scr2014,mustOut,psngRoadPub
CH,h0205,0.19335929341599276,scr2014,mustOut,psngRoadPub
CH,h0206,0.22763252557650548,scr2014,mustOut,psngRoadPub
CH,h0207,0.23690116657363242,scr2014,mustOut,psngRoadPub
CH,h0208,0.2500354374751854,scr2014,mustOut,psngRoadPub
CH,h0209,0.30267694531638745,scr2014,mustOut,psngRoadPub
CH,h0210,0.3164996198835361,scr2014,mustOut,psngRoadPub
CH,h0211,0.3210522776589071,scr2014,mustOut,psngRoadPub
CH,h0212,0.22224250570033008,scr2014,mustOut,psngRoadPub
CH,h0213,0.13110220352805507,scr2014,mustOut,psngRoadPub
CH,h0214,0.06729001456573892,scr2014,mustOut,psngRoadPub
CH,h0215,0.04172467744398949,scr2014,mustOut,psngRoadPub
CH,h0216,0.029416901714293862,scr2014,mustOut,psngRoadPub
CH,h0217,0.015691297734169257,scr2014,mustOut,psngRoadPub
CH,h0218,0.003961876729022799,scr2014,mustOut,psngRoadPub
CH,h0219,0.0,scr2014,mustOut,psngRoadPub
CH,h0220,0.0,scr2014,mustOut,psngRoadPub
CH,h0221,0.0,scr2014,mustOut,psngRoadPub
CH,h0222,0.005623802830040327,scr2014,mustOut,psngRoadPub
CH,h0223,0.05102494009520706,scr2014,mustOut,psngRoadPub
CH,h0224,0.18001528021838203,scr2014,mustOut,psngRoadPub
CH,h0225,0.2507906999177362,scr2014,mustOut,psngRoadPub
CH,h0226,0.2374311387655332,scr2014,mustOut,psngRoadPub
CH,h0227,0.14031293226850325,scr2014,mustOut,psngRoadPub
CH,h0228,0.13211642554171132,scr2014,mustOut,psngRoadPub
CH,h0229,0.15616219749061558,scr2014,mustOut,psngRoadPub
CH,h0230,0.20623214454177347,scr2014,mustOut,psngRoadPub
CH,h0231,0.23690116657363242,scr2014,mustOut,psngRoadPub
CH,h0232,0.2500354374751854,scr2014,mustOut,psngRoadPub
CH,h0233,0.30267694531638745,scr2014,mustOut,psngRoadPub
CH,h0234,0.3164996198835361,scr2014,mustOut,psngRoadPub
CH,h0235,0.3210522776589071,scr2014,mustOut,psngRoadPub
CH,h0236,0.22224250570033008,scr2014,mustOut,psngRoadPub
CH,h0237,0.13110220352805507,scr2014,mustOut,psngRoadPub
CH,h0238,0.06729001456573892,scr2014,mustOut,psngRoadPub
CH,h0239,0.04172467744398949,scr2014,mustOut,psngRoadPub
CH,h0240,0.029416901714293862,scr2014,mustOut,psngRoadPub
CH,h0241,0.015691297734169257,scr2014,mustOut,psngRoadPub
CH,h0242,0.003961876729022799,scr2014,mustOut,psngRoadPub
CH,h0243,0.0006659653557186793,scr2014,mustOut,psngRoadPub
CH,h0244,0.0016929472216877857,scr2014,mustOut,psngRoadPub
CH,h0245,0.0016929472216877857,scr2014,mustOut,psngRoadPub
CH,h0246,0.0008827491751746325,scr2014,mustOut,psngRoadPub
CH,h0247,0.0429536246621759,scr2014,mustOut,psngRoadPub
CH,h0248,0.17062157906188707,scr2014,mustOut,psngRoadPub
CH,h0249,0.2507906999177362,scr2014,mustOut,psngRoadPub
CH,h0250,0.2374311387655332,scr2014,mustOut,psngRoadPub
CH,h0251,0.14031293226850325,scr2014,mustOut,psngRoadPub
CH,h0252,0.13211642554171132,scr2014,mustOut,psngRoadPub
CH,h0253,0.19446491705532132,scr2014,mustOut,psngRoadPub
CH,h0254,0.2931985601174335,scr2014,mustOut,psngRoadPub
CH,h0255,0.35660843633087036,scr2014,mustOut,psngRoadPub
CH,h0256,0.3735638446880898,scr2014,mustOut,psngRoadPub
CH,h0257,0.37365991,scr2014,mustOut,psngRoadPub
CH,h0258,0.3481671759945253,scr2014,mustOut,psngRoadPub
CH,h0259,0.3084015174976115,scr2014,mustOut,psngRoadPub
CH,h0260,0.21486898499044288,scr2014,mustOut,psngRoadPub
CH,h0261,0.13110220352805507,scr2014,mustOut,psngRoadPub
CH,h0262,0.06729001456573892,scr2014,mustOut,psngRoadPub
CH,h0263,0.04172467744398949,scr2014,mustOut,psngRoadPub
CH,h0264,0.029416901714293862,scr2014,mustOut,psngRoadPub
CH,h0265,0.015691297734169257,scr2014,mustOut,psngRoadPub
CH,h0266,0.003961876729022799,scr2014,mustOut,psngRoadPub
CH,h0267,0.0,scr2014,mustOut,psngRoadPub
CH,h0268,0.0,scr2014,mustOut,psngRoadPub
CH,h0269,0.0,scr2014,mustOut,psngRoadPub
CH,h0270,0.001955730566381503,scr2014,mustOut,psngRoadPub
CH,h0271,0.04612088060678056,scr2014,mustOut,psngRoadPub
CH,h0272,0.1743231447021561,scr2014,mustOut,psngRoadPub
CH,h0273,0.2507906999177362,scr2014,mustOut,psngRoadPub
CH,h0274,0.2374311387655332,scr2014,mustOut,psngRoadPub
CH,h0275,0.14031293226850325,scr2014,mustOut,psngRoadPub
CH,h0276,0.13211642554171132,scr2014,mustOut,psngRoadPub
CH,h0277,0.15726582545513532,scr2014,mustOut,psngRoadPub
CH,h0278,0.19622741258678872,scr2014,mustOut,psngRoadPub
CH,h0279,0.1802541873357432,scr2014,mustOut,psngRoadPub
CH,h0280,0.1764732871516063,scr2014,mustOut,psngRoadPub
CH,h0281,0.20429510358420996,scr2014,mustOut,psngRoadPub
CH,h0282,0.27097722094389814,scr2014,mustOut,psngRoadPub
CH,h0283,0.2916229018759244,scr2014,mustOut,psngRoadPub
CH,h0284,0.22817923999964493,scr2014,mustOut,psngRoadPub
CH,h0285,0.13110220352805507,scr2014,mustOut,psngRoadPub
CH,h0286,0.06729001456573892,scr2014,mustOut,psngRoadPub
CH,h0287,0.04172467744398949,scr2014,mustOut,psngRoadPub
CH,h0288,0.029416901714293862,scr2014,mustOut,psngRoadPub
CH,h0289,0.015691297734169257,scr2014,mustOut,psngRoadPub
CH,h0290,0.003961876729022799,scr2014,mustOut,psngRoadPub
CH,h0291,0.0,scr2014,mustOut,psngRoadPub
CH,h0292,0.0,scr2014,mustOut,psngRoadPub
CH,h0293,0.0,scr2014,mustOut,psngRoadPub
CH,h0294,0.005623802830040327,scr2014,mustOut,psngRoadPub
CH,h0295,0.05102494009520706,scr2014,mustOut,psngRoadPub
CH,h0296,0.18001528021838203,scr2014,mustOut,psngRoadPub
CH,h0297,0.2507906999177362,scr2014,mustOut,psngRoadPub
CH,h0298,0.2374311387655332,scr2014,mustOut,psngRoadPub
CH,h0299,0.14031293226850325,scr2014,mustOut,psngRoadPub
CH,h0300,0.13211642554171132,scr2014,mustOut,psngRoadPub
CH,h0301,0.15726582545513532,scr2014,mustOut,psngRoadPub
CH,h0302,0.19622741258678872,scr2014,mustOut,psngRoadPub
CH,h0303,0.1802541873357432,scr2014,mustOut,psngRoadPub
CH,h0304,0.1764732871516063,scr2014,mustOut,psngRoadPub
CH,h0305,0.20429510358420996,scr2014,mustOut,psngRoadPub
CH,h0306,0.27097722094389814,scr2014,mustOut,psngRoadPub
CH,h0307,0.3214425997275043,scr2014,mustOut,psngRoadPub
CH,h0308,0.28741892372334815,scr2014,mustOut,psngRoadPub
CH,h0309,0.20659212842759592,scr2014,mustOut,psngRoadPub
CH,h0310,0.14095214111874038,scr2014,mustOut,psngRoadPub
CH,h0311,0.08311169596876257,scr2014,mustOut,psngRoadPub
CH,h0312,0.05444725086411779,scr2014,mustOut,psngRoadPub
CH,h0313,0.014989749632865878,scr2014,mustOut,psngRoadPub
CH,h0314,0.0053171340811378025,scr2014,mustOut,psngRoadPub
CH,h0315,0.0,scr2014,mustOut,psngRoadPub
CH,h0316,0.0,scr2014,mustOut,psngRoadPub
CH,h0317,0.0,scr2014,mustOut,psngRoadPub
CH,h0318,0.005623802830040327,scr2014,mustOut,psngRoadPub
CH,h0319,0.0178624097198924,scr2014,mustOut,psngRoadPub
CH,h0320,0.045737932283656225,scr2014,mustOut,psngRoadPub
CH,h0321,0.06865488295581738,scr2014,mustOut,psngRoadPub
CH,h0322,0.12024147072162887,scr2014,mustOut,psngRoadPub
CH,h0323,0.14168506792102636,scr2014,mustOut,psngRoadPub
CH,h0324,0.1969397771917844,scr2014,mustOut,psngRoadPub
CH,h0325,0.19449032441924344,scr2014,mustOut,psngRoadPub
CH,h0326,0.2175109945767058,scr2014,mustOut,psngRoadPub
CH,h0327,0.1802541873357432,scr2014,mustOut,psngRoadPub
CH,h0328,0.1764732871516063,scr2014,mustOut,psngRoadPub
CH,h0329,0.20429510358420996,scr2014,mustOut,psngRoadPub
CH,h0330,0.27097722094389814,scr2014,mustOut,psngRoadPub
CH,h0331,0.2766118708305797,scr2014,mustOut,psngRoadPub
CH,h0332,0.2418408351324062,scr2014,mustOut,psngRoadPub
CH,h0333,0.16244920278974545,scr2014,mustOut,psngRoadPub
CH,h0334,0.13360326407664952,scr2014,mustOut,psngRoadPub
CH,h0335,0.10472851615624189,scr2014,mustOut,psngRoadPub
CH,h0336,0.08631018456330525,scr2014,mustOut,psngRoadPub
CZ,h0169,0.048665869504183015,scr2014,mustOut,psngRoadPub
CZ,h0170,0.013699669872354084,scr2014,mustOut,psngRoadPub
CZ,h0171,0.0,scr2014,mustOut,psngRoadPub
CZ,h0172,0.0,scr2014,mustOut,psngRoadPub
CZ,h0173,0.0,scr2014,mustOut,psngRoadPub
CZ,h0174,0.005623802830040327,scr2014,mustOut,psngRoadPub
CZ,h0175,0.021423336771113646,scr2014,mustOut,psngRoadPub
CZ,h0176,0.043001067668873294,scr2014,mustOut,psngRoadPub
CZ,h0177,0.07771620394684013,scr2014,mustOut,psngRoadPub
CZ,h0178,0.14408590837569354,scr2014,mustOut,psngRoadPub
CZ,h0179,0.22117107602711378,scr2014,mustOut,psngRoadPub
CZ,h0180,0.26886388888318297,scr2014,mustOut,psngRoadPub
CZ,h0181,0.24626886829308794,scr2014,mustOut,psngRoadPub
CZ,h0182,0.22122289153656177,scr2014,mustOut,psngRoadPub
CZ,h0183,0.1802541873357432,scr2014,mustOut,psngRoadPub
CZ,h0184,0.1764732871516063,scr2014,mustOut,psngRoadPub
CZ,h0185,0.20429510358420996,scr2014,mustOut,psngRoadPub
CZ,h0186,0.27097722094389814,scr2014,mustOut,psngRoadPub
CZ,h0187,0.2916229018759244,scr2014,mustOut,psngRoadPub
CZ,h0188,0.22817923999964493,scr2014,mustOut,psngRoadPub
CZ,h0189,0.13110220352805507,scr2014,mustOut,psngRoadPub
CZ,h0190,0.06729001456573892,scr2014,mustOut,psngRoadPub
CZ,h0191,0.04172467744398949,scr2014,mustOut,psngRoadPub
CZ,h0192,0.029416901714293862,scr2014,mustOut,psngRoadPub
CZ,h0193,0.015691297734169257,scr2014,mustOut,psngRoadPub
CZ,h0194,0.003961876729022799,scr2014,mustOut,psngRoadPub
CZ,h0195,0.0,scr2014,mustOut,psngRoadPub
CZ,h0196,0.0,scr2014,mustOut,psngRoadPub
CZ,h0197,0.0,scr2014,mustOut,psngRoadPub
CZ,h0198,0.005623802830040327,scr2014,mustOut,psngRoadPub
CZ,h0199,0.0178624097198924,scr2014,mustOut,psngRoadPub
CZ,h0200,0.045737932283656225,scr2014,mustOut,psngRoadPub
CZ,h0201,0.06865488295581738,scr2014,mustOut,psngRoadPub
CZ,h0202,0.12024147072162887,scr2014,mustOut,psngRoadPub
CZ,h0203,0.14168506792102636,scr2014,mustOut,psngRoadPub
CZ,h0204,0.1969397771917844,scr2014,mustOut,psngRoadPub
CZ,h0205,0.19335929341599276,scr2014,mustOut,psngRoadPub
CZ,h0206,0.22763252557650548,scr2014,mustOut,psngRoadPub
CZ,h0207,0.23690116657363242,scr2014,mustOut,psngRoadPub
CZ,h0208,0.2500354374751854,scr2014,mustOut,psngRoadPub
CZ,h0209,0.30267694531638745,scr2014,mustOut,psngRoadPub
CZ,h0210,0.3164996198835361,scr2014,mustOut,psngRoadPub
CZ,h0211,0.3210522776589071,scr2014,mustOut,psngRoadPub
CZ,h0212,0.22224250570033008,scr2014,mustOut,psngRoadPub
CZ,h0213,0.13110220352805507,scr2014,mustOut,psngRoadPub
CZ,h0214,0.06729001456573892,scr2014,mustOut,psngRoadPub
CZ,h0215,0.04172467744398949,scr2014,mustOut,psngRoadPub
CZ,h0216,0.029416901714293862,scr2014,mustOut,psngRoadPub
CZ,h0217,0.015691297734169257,scr2014,mustOut,psngRoadPub
CZ,h0218,0.003961876729022799,scr2014,mustOut,psngRoadPub
CZ,h0219,0.0,scr2014,mustOut,psngRoadPub
CZ,h0220,0.0,scr2014,mustOut,psngRoadPub
CZ,h0221,0.0,scr2014,mustOut,psngRoadPub
CZ,h0222,0.005623802830040327,scr2014,mustOut,psngRoadPub
CZ,h0223,0.05102494009520706,scr2014,mustOut,psngRoadPub
CZ,h0224,0.18001528021838203,scr2014,mustOut,psngRoadPub
CZ,h0225,0.2507906999177362,scr2014,mustOut,psngRoadPub
CZ,h0226,0.2374311387655332,scr2014,mustOut,psngRoadPub
CZ,h0227,0.14031293226850325,scr2014,mustOut,psngRoadPub
CZ,h0228,0.13211642554171132,scr2014,mustOut,psngRoadPub
CZ,h0229,0.15616219749061558,scr2014,mustOut,psngRoadPub
CZ,h0230,0.20623214454177347,scr2014,mustOut,psngRoadPub
CZ,h0231,0.23690116657363242,scr2014,mustOut,psngRoadPub
CZ,h0232,0.2500354374751854,scr2014,mustOut,psngRoadPub
CZ,h0233,0.30267694531638745,scr2014,mustOut,psngRoadPub
CZ,h0234,0.3164996198835361,scr2014,mustOut,psngRoadPub
CZ,h0235,0.3210522776589071,scr2014,mustOut,psngRoadPub
CZ,h0236,0.22224250570033008,scr2014,mustOut,psngRoadPub
CZ,h0237,0.13110220352805507,scr2014,mustOut,psngRoadPub
CZ,h0238,0.06729001456573892,scr2014,mustOut,psngRoadPub
CZ,h0239,0.04172467744398949,scr2014,mustOut,psngRoadPub
CZ,h0240,0.029416901714293862,scr2014,mustOut,psngRoadPub
CZ,h0241,0.015691297734169257,scr2014,mustOut,psngRoadPub
CZ,h0242,0.003961876729022799,scr2014,mustOut,psngRoadPub
CZ,h0243,0.0006659653557186793,scr2014,mustOut,psngRoadPub
CZ,h0244,0.0016929472216877857,scr2014,mustOut,psngRoadPub
CZ,h0245,0.0016929472216877857,scr2014,mustOut,psngRoadPub
CZ,h0246,0.0008827491751746325,scr2014,mustOut,psngRoadPub
CZ,h0247,0.0429536246621759,scr2014,mustOut,psngRoadPub
CZ,h0248,0.17062157906188707,scr2014,mustOut,psngRoadPub
CZ,h0249,0.2507906999177362,scr2014,mustOut,psngRoadPub
CZ,h0250,0.2374311387655332,scr2014,mustOut,psngRoadPub
CZ,h0251,0.14031293226850325,scr2014,mustOut,psngRoadPub
CZ,h0252,0.13211642554171132,scr2014,mustOut,psngRoadPub
CZ,h0253,0.19446491705532132,scr2014,mustOut,psngRoadPub
CZ,h0254,0.2931985601174335,scr2014,mustOut,psngRoadPub
CZ,h0255,0.35660843633087036,scr2014,mustOut,psngRoadPub
CZ,h0256,0.3735638446880898,scr2014,mustOut,psngRoadPub
CZ,h0257,0.37365991,scr2014,mustOut,psngRoadPub
CZ,h0258,0.3481671759945253,scr2014,mustOut,psngRoadPub
CZ,h0259,0.3084015174976115,scr2014,mustOut,psngRoadPub
CZ,h0260,0.21486898499044288,scr2014,mustOut,psngRoadPub
CZ,h0261,0.13110220352805507,scr2014,mustOut,psngRoadPub
CZ,h0262,0.06729001456573892,scr2014,mustOut,psngRoadPub
CZ,h0263,0.04172467744398949,scr2014,mustOut,psngRoadPub
CZ,h0264,0.029416901714293862,scr2014,mustOut,psngRoadPub
CZ,h0265,0.015691297734169257,scr2014,mustOut,psngRoadPub
CZ,h0266,0.003961876729022799,scr2014,mustOut,psngRoadPub
CZ,h0267,0.0,scr2014,mustOut,psngRoadPub
CZ,h0268,0.0,scr2014,mustOut,psngRoadPub
CZ,h0269,0.0,scr2014,mustOut,psngRoadPub
CZ,h0270,0.001955730566381503,scr2014,mustOut,psngRoadPub
CZ,h0271,0.04612088060678056,scr2014,mustOut,psngRoadPub
CZ,h0272,0.1743231447021561,scr2014,mustOut,psngRoadPub
CZ,h0273,0.2507906999177362,scr2014,mustOut,psngRoadPub
CZ,h0274,0.2374311387655332,scr2014,mustOut,psngRoadPub
CZ,h0275,0.14031293226850325,scr2014,mustOut,psngRoadPub
CZ,h0276,0.13211642554171132,scr2014,mustOut,psngRoadPub
CZ,h0277,0.15726582545513532,scr2014,mustOut,psngRoadPub
CZ,h0278,0.19622741258678872,scr2014,mustOut,psngRoadPub
CZ,h0279,0.1802541873357432,scr2014,mustOut,psngRoadPub
CZ,h0280,0.1764732871516063,scr2014,mustOut,psngRoadPub
CZ,h0281,0.20429510358420996,scr2014,mustOut,psngRoadPub
CZ,h0282,0.27097722094389814,scr2014,mustOut,psngRoadPub
CZ,h0283,0.2916229018759244,scr2014,mustOut,psngRoadPub
CZ,h0284,0.22817923999964493,scr2014,mustOut,psngRoadPub
CZ,h0285,0.13110220352805507,scr2014,mustOut,psngRoadPub
CZ,h0286,0.06729001456573892,scr2014,mustOut,psngRoadPub
CZ,h0287,0.04172467744398949,scr2014,mustOut,psngRoadPub
CZ,h0288,0.029416901714293862,scr2014,mustOut,psngRoadPub
CZ,h0289,0.015691297734169257,scr2014,mustOut,psngRoadPub
CZ,h0290,0.003961876729022799,scr2014,mustOut,psngRoadPub
CZ,h0291,0.0,scr2014,mustOut,psngRoadPub
CZ,h0292,0.0,scr2014,mustOut,psngRoadPub
CZ,h0293,0.0,scr2014,mustOut,psngRoadPub
CZ,h0294,0.005623802830040327,scr2014,mustOut,psngRoadPub
CZ,h0295,0.05102494009520706,scr2014,mustOut,psngRoadPub
CZ,h0296,0.18001528021838203,scr2014,mustOut,psngRoadPub
CZ,h0297,0.2507906999177362,scr2014,mustOut,psngRoadPub
CZ,h0298,0.2374311387655332,scr2014,mustOut,psngRoadPub
CZ,h0299,0.14031293226850325,scr2014,mustOut,psngRoadPub
CZ,h0300,0.13211642554171132,scr2014,mustOut,psngRoadPub
CZ,h0301,0.15726582545513532,scr2014,mustOut,psngRoadPub
CZ,h0302,0.19622741258678872,scr2014,mustOut,psngRoadPub
CZ,h0303,0.1802541873357432,scr2014,mustOut,psngRoadPub
CZ,h0304,0.1764732871516063,scr2014,mustOut,psngRoadPub
CZ,h0305,0.20429510358420996,scr2014,mustOut,psngRoadPub
CZ,h0306,0.27097722094389814,scr2014,mustOut,psngRoadPub
CZ,h0307,0.3214425997275043,scr2014,mustOut,psngRoadPub
CZ,h0308,0.28741892372334815,scr2014,mustOut,psngRoadPub
CZ,h0309,0.20659212842759592,scr2014,mustOut,psngRoadPub
CZ,h0310,0.14095214111874038,scr2014,mustOut,psngRoadPub
CZ,h0311,0.08311169596876257,scr2014,mustOut,psngRoadPub
CZ,h0312,0.05444725086411779,scr2014,mustOut,psngRoadPub
CZ,h0313,0.014989749632865878,scr2014,mustOut,psngRoadPub
CZ,h0314,0.0053171340811378025,scr2014,mustOut,psngRoadPub
CZ,h0315,0.0,scr2014,mustOut,psngRoadPub
CZ,h0316,0.0,scr2014,mustOut,psngRoadPub
CZ,h0317,0.0,scr2014,mustOut,psngRoadPub
CZ,h0318,0.005623802830040327,scr2014,mustOut,psngRoadPub
CZ,h0319,0.0178624097198924,scr2014,mustOut,psngRoadPub
CZ,h0320,0.045737932283656225,scr2014,mustOut,psngRoadPub
CZ,h0321,0.06865488295581738,scr2014,mustOut,psngRoadPub
CZ,h0322,0.12024147072162887,scr2014,mustOut,psngRoadPub
CZ,h0323,0.14168506792102636,scr2014,mustOut,psngRoadPub
CZ,h0324,0.1969397771917844,scr2014,mustOut,psngRoadPub
CZ,h0325,0.19449032441924344,scr2014,mustOut,psngRoadPub
CZ,h0326,0.2175109945767058,scr2014,mustOut,psngRoadPub
CZ,h0327,0.1802541873357432,scr2014,mustOut,psngRoadPub
CZ,h0328,0.1764732871516063,scr2014,mustOut,psngRoadPub
CZ,h0329,0.20429510358420996,scr2014,mustOut,psngRoadPub
CZ,h0330,0.27097722094389814,scr2014,mustOut,psngRoadPub
CZ,h0331,0.2766118708305797,scr2014,mustOut,psngRoadPub
CZ,h0332,0.2418408351324062,scr2014,mustOut,psngRoadPub
CZ,h0333,0.16244920278974545,scr2014,mustOut,psngRoadPub
CZ,h0334,0.13360326407664952,scr2014,mustOut,psngRoadPub
CZ,h0335,0.10472851615624189,scr2014,mustOut,psngRoadPub
CZ,h0336,0.08631018456330525,scr2014,mustOut,psngRoadPub
DE,h0169,0.048665869504183036,scr2014,mustOut,psngRoadPub
DE,h0170,0.013699669872354084,scr2014,mustOut,psngRoadPub
DE,h0171,0.0,scr2014,mustOut,psngRoadPub
DE,h0172,0.0,scr2014,mustOut,psngRoadPub
DE,h0173,0.0,scr2014,mustOut,psngRoadPub
DE,h0174,0.005623802830040332,scr2014,mustOut,psngRoadPub
DE,h0175,0.02142333677111366,scr2014,mustOut,psngRoadPub
DE,h0176,0.0430010676688733,scr2014,mustOut,psngRoadPub
DE,h0177,0.07771620394684015,scr2014,mustOut,psngRoadPub
DE,h0178,0.14408590837569363,scr2014,mustOut,psngRoadPub
DE,h0179,0.2211710760271139,scr2014,mustOut,psngRoadPub
DE,h0180,0.268863888883183,scr2014,mustOut,psngRoadPub
DE,h0181,0.24626886829308806,scr2014,mustOut,psngRoadPub
DE,h0182,0.22122289153656188,scr2014,mustOut,psngRoadPub
DE,h0183,0.18025418733574325,scr2014,mustOut,psngRoadPub
DE,h0184,0.17647328715160637,scr2014,mustOut,psngRoadPub
DE,h0185,0.20429510358421007,scr2014,mustOut,psngRoadPub
DE,h0186,0.27097722094389826,scr2014,mustOut,psngRoadPub
DE,h0187,0.29162290187592455,scr2014,mustOut,psngRoadPub
DE,h0188,0.22817923999964504,scr2014,mustOut,psngRoadPub
DE,h0189,0.13110220352805516,scr2014,mustOut,psngRoadPub
DE,h0190,0.06729001456573894,scr2014,mustOut,psngRoadPub
DE,h0191,0.04172467744398951,scr2014,mustOut,psngRoadPub
DE,h0192,0.029416901714293876,scr2014,mustOut,psngRoadPub
DE,h0193,0.015691297734169267,scr2014,mustOut,psngRoadPub
DE,h0194,0.003961876729022802,scr2014,mustOut,psngRoadPub
DE,h0195,0.0,scr2014,mustOut,psngRoadPub
DE,h0196,0.0,scr2014,mustOut,psngRoadPub
DE,h0197,0.0,scr2014,mustOut,psngRoadPub
DE,h0198,0.005623802830040332,scr2014,mustOut,psngRoadPub
DE,h0199,0.017862409719892405,scr2014,mustOut,psngRoadPub
DE,h0200,0.045737932283656246,scr2014,mustOut,psngRoadPub
DE,h0201,0.06865488295581743,scr2014,mustOut,psngRoadPub
DE,h0202,0.12024147072162894,scr2014,mustOut,psngRoadPub
DE,h0203,0.14168506792102642,scr2014,mustOut,psngRoadPub
DE,h0204,0.19693977719178452,scr2014,mustOut,psngRoadPub
DE,h0205,0.19335929341599284,scr2014,mustOut,psngRoadPub
DE,h0206,0.22763252557650568,scr2014,mustOut,psngRoadPub
DE,h0207,0.23690116657363255,scr2014,mustOut,psngRoadPub
DE,h0208,0.25003543747518553,scr2014,mustOut,psngRoadPub
DE,h0209,0.3026769453163876,scr2014,mustOut,psngRoadPub
DE,h0210,0.31649961988353625,scr2014,mustOut,psngRoadPub
DE,h0211,0.32105227765890737,scr2014,mustOut,psngRoadPub
DE,h0212,0.22224250570033025,scr2014,mustOut,psngRoadPub
DE,h0213,0.13110220352805516,scr2014,mustOut,psngRoadPub
DE,h0214,0.06729001456573894,scr2014,mustOut,psngRoadPub
DE,h0215,0.04172467744398951,scr2014,mustOut,psngRoadPub
DE,h0216,0.029416901714293876,scr2014,mustOut,psngRoadPub
DE,h0217,0.015691297734169267,scr2014,mustOut,psngRoadPub
DE,h0218,0.003961876729022802,scr2014,mustOut,psngRoadPub
DE,h0219,0.0,scr2014,mustOut,psngRoadPub
DE,h0220,0.0,scr2014,mustOut,psngRoadPub
DE,h0221,0.0,scr2014,mustOut,psngRoadPub
DE,h0222,0.005623802830040332,scr2014,mustOut,psngRoadPub
DE,h0223,0.05102494009520709,scr2014,mustOut,psngRoadPub
DE,h0224,0.18001528021838215,scr2014,mustOut,psngRoadPub
DE,h0225,0.25079069991773634,scr2014,mustOut,psngRoadPub
DE,h0226,0.23743113876553334,scr2014,mustOut,psngRoadPub
DE,h0227,0.14031293226850333,scr2014,mustOut,psngRoadPub
DE,h0228,0.13211642554171135,scr2014,mustOut,psngRoadPub
DE,h0229,0.15616219749061566,scr2014,mustOut,psngRoadPub
DE,h0230,0.20623214454177358,scr2014,mustOut,psngRoadPub
DE,h0231,0.23690116657363255,scr2014,mustOut,psngRoadPub
DE,h0232,0.25003543747518553,scr2014,mustOut,psngRoadPub
DE,h0233,0.3026769453163876,scr2014,mustOut,psngRoadPub
DE,h0234,0.31649961988353625,scr2014,mustOut,psngRoadPub
DE,h0235,0.32105227765890737,scr2014,mustOut,psngRoadPub
DE,h0236,0.22224250570033025,scr2014,mustOut,psngRoadPub
DE,h0237,0.13110220352805516,scr2014,mustOut,psngRoadPub
DE,h0238,0.06729001456573894,scr2014,mustOut,psngRoadPub
DE,h0239,0.04172467744398951,scr2014,mustOut,psngRoadPub
DE,h0240,0.029416901714293876,scr2014,mustOut,psngRoadPub
DE,h0241,0.015691297734169267,scr2014,mustOut,psngRoadPub
DE,h0242,0.003961876729022802,scr2014,mustOut,psngRoadPub
DE,h0243,0.0006659653557186796,scr2014,mustOut,psngRoadPub
DE,h0244,0.0016929472216877866,scr2014,mustOut,psngRoadPub
DE,h0245,0.0016929472216877866,scr2014,mustOut,psngRoadPub
DE,h0246,0.000882749175174633,scr2014,mustOut,psngRoadPub
DE,h0247,0.04295362466217592,scr2014,mustOut,psngRoadPub
DE,h0248,0.17062157906188716,scr2014,mustOut,psngRoadPub
DE,h0249,0.25079069991773634,scr2014,mustOut,psngRoadPub
DE,h0250,0.23743113876553334,scr2014,mustOut,psngRoadPub
DE,h0251,0.14031293226850333,scr2014,mustOut,psngRoadPub
DE,h0252,0.13211642554171135,scr2014,mustOut,psngRoadPub
DE,h0253,0.19446491705532143,scr2014,mustOut,psngRoadPub
DE,h0254,0.29319856011743367,scr2014,mustOut,psngRoadPub
DE,h0255,0.3566084363308706,scr2014,mustOut,psngRoadPub
DE,h0256,0.37356384468809,scr2014,mustOut,psngRoadPub
DE,h0257,0.3736599100000001,scr2014,mustOut,psngRoadPub
DE,h0258,0.3481671759945254,scr2014,mustOut,psngRoadPub
DE,h0259,0.3084015174976117,scr2014,mustOut,psngRoadPub
DE,h0260,0.21486898499044302,scr2014,mustOut,psngRoadPub
DE,h0261,0.13110220352805516,scr2014,mustOut,psngRoadPub
DE,h0262,0.06729001456573894,scr2014,mustOut,psngRoadPub
DE,h0263,0.04172467744398951,scr2014,mustOut,psngRoadPub
DE,h0264,0.029416901714293876,scr2014,mustOut,psngRoadPub
DE,h0265,0.015691297734169267,scr2014,mustOut,psngRoadPub
DE,h0266,0.003961876729022802,scr2014,mustOut,psngRoadPub
DE,h0267,0.0,scr2014,mustOut,psngRoadPub
DE,h0268,0.0,scr2014,mustOut,psngRoadPub
DE,h0269,0.0,scr2014,mustOut,psngRoadPub
DE,h0270,0.001955730566381504,scr2014,mustOut,psngRoadPub
DE,h0271,0.04612088060678058,scr2014,mustOut,psngRoadPub
DE,h0272,0.17432314470215618,scr2014,mustOut,psngRoadPub
DE,h0273,0.25079069991773634,scr2014,mustOut,psngRoadPub
DE,h0274,0.23743113876553334,scr2014,mustOut,psngRoadPub
DE,h0275,0.14031293226850333,scr2014,mustOut,psngRoadPub
DE,h0276,0.13211642554171135,scr2014,mustOut,psngRoadPub
DE,h0277,0.1572658254551354,scr2014,mustOut,psngRoadPub
DE,h0278,0.19622741258678877,scr2014,mustOut,psngRoadPub
DE,h0279,0.18025418733574325,scr2014,mustOut,psngRoadPub
DE,h0280,0.17647328715160637,scr2014,mustOut,psngRoadPub
DE,h0281,0.20429510358421007,scr2014,mustOut,psngRoadPub
DE,h0282,0.27097722094389826,scr2014,mustOut,psngRoadPub
DE,h0283,0.29162290187592455,scr2014,mustOut,psngRoadPub
DE,h0284,0.22817923999964504,scr2014,mustOut,psngRoadPub
DE,h0285,0.13110220352805516,scr2014,mustOut,psngRoadPub
DE,h0286,0.06729001456573894,scr2014,mustOut,psngRoadPub
DE,h0287,0.04172467744398951,scr2014,mustOut,psngRoadPub
DE,h0288,0.029416901714293876,scr2014,mustOut,psngRoadPub
DE,h0289,0.015691297734169267,scr2014,mustOut,psngRoadPub
DE,h0290,0.003961876729022802,scr2014,mustOut,psngRoadPub
DE,h0291,0.0,scr2014,mustOut,psngRoadPub
DE,h0292,0.0,scr2014,mustOut,psngRoadPub
DE,h0293,0.0,scr2014,mustOut,psngRoadPub
DE,h0294,0.005623802830040332,scr2014,mustOut,psngRoadPub
DE,h0295,0.05102494009520709,scr2014,mustOut,psngRoadPub
DE,h0296,0.18001528021838215,scr2014,mustOut,psngRoadPub
DE,h0297,0.25079069991773634,scr2014,mustOut,psngRoadPub
DE,h0298,0.23743113876553334,scr2014,mustOut,psngRoadPub
DE,h0299,0.14031293226850333,scr2014,mustOut,psngRoadPub
DE,h0300,0.13211642554171135,scr2014,mustOut,psngRoadPub
DE,h0301,0.1572658254551354,scr2014,mustOut,psngRoadPub
DE,h0302,0.19622741258678877,scr2014,mustOut,psngRoadPub
DE,h0303,0.18025418733574325,scr2014,mustOut,psngRoadPub
DE,h0304,0.17647328715160637,scr2014,mustOut,psngRoadPub
DE,h0305,0.20429510358421007,scr2014,mustOut,psngRoadPub
DE,h0306,0.27097722094389826,scr2014,mustOut,psngRoadPub
DE,h0307,0.3214425997275045,scr2014,mustOut,psngRoadPub
DE,h0308,0.2874189237233482,scr2014,mustOut,psngRoadPub
DE,h0309,0.20659212842759603,scr2014,mustOut,psngRoadPub
DE,h0310,0.14095214111874046,scr2014,mustOut,psngRoadPub
DE,h0311,0.08311169596876262,scr2014,mustOut,psngRoadPub
DE,h0312,0.05444725086411782,scr2014,mustOut,psngRoadPub
DE,h0313,0.014989749632865888,scr2014,mustOut,psngRoadPub
DE,h0314,0.005317134081137806,scr2014,mustOut,psngRoadPub
DE,h0315,0.0,scr2014,mustOut,psngRoadPub
DE,h0316,0.0,scr2014,mustOut,psngRoadPub
DE,h0317,0.0,scr2014,mustOut,psngRoadPub
DE,h0318,0.005623802830040332,scr2014,mustOut,psngRoadPub
DE,h0319,0.017862409719892405,scr2014,mustOut,psngRoadPub
DE,h0320,0.045737932283656246,scr2014,mustOut,psngRoadPub
DE,h0321,0.06865488295581743,scr2014,mustOut,psngRoadPub
DE,h0322,0.12024147072162894,scr2014,mustOut,psngRoadPub
DE,h0323,0.14168506792102642,scr2014,mustOut,psngRoadPub
DE,h0324,0.19693977719178452,scr2014,mustOut,psngRoadPub
DE,h0325,0.19449032441924352,scr2014,mustOut,psngRoadPub
DE,h0326,0.21751099457670592,scr2014,mustOut,psngRoadPub
DE,h0327,0.18025418733574325,scr2014,mustOut,psngRoadPub
DE,h0328,0.17647328715160637,scr2014,mustOut,psngRoadPub
DE,h0329,0.20429510358421007,scr2014,mustOut,psngRoadPub
DE,h0330,0.27097722094389826,scr2014,mustOut,psngRoadPub
DE,h0331,0.27661187083057986,scr2014,mustOut,psngRoadPub
DE,h0332,0.24184083513240634,scr2014,mustOut,psngRoadPub
DE,h0333,0.16244920278974556,scr2014,mustOut,psngRoadPub
DE,h0334,0.13360326407664963,scr2014,mustOut,psngRoadPub
DE,h0335,0.10472851615624197,scr2014,mustOut,psngRoadPub
DE,h0336,0.08631018456330529,scr2014,mustOut,psngRoadPub
GR,h0169,0.048665869504183015,scr2014,mustOut,psngRoadPub
GR,h0170,0.013699669872354084,scr2014,mustOut,psngRoadPub
GR,h0171,0.0,scr2014,mustOut,psngRoadPub
GR,h0172,0.0,scr2014,mustOut,psngRoadPub
GR,h0173,0.0,scr2014,mustOut,psngRoadPub
GR,h0174,0.005623802830040327,scr2014,mustOut,psngRoadPub
GR,h0175,0.021423336771113646,scr2014,mustOut,psngRoadPub
GR,h0176,0.043001067668873294,scr2014,mustOut,psngRoadPub
GR,h0177,0.07771620394684013,scr2014,mustOut,psngRoadPub
GR,h0178,0.14408590837569354,scr2014,mustOut,psngRoadPub
GR,h0179,0.22117107602711378,scr2014,mustOut,psngRoadPub
GR,h0180,0.26886388888318297,scr2014,mustOut,psngRoadPub
GR,h0181,0.24626886829308794,scr2014,mustOut,psngRoadPub
GR,h0182,0.22122289153656177,scr2014,mustOut,psngRoadPub
GR,h0183,0.1802541873357432,scr2014,mustOut,psngRoadPub
GR,h0184,0.1764732871516063,scr2014,mustOut,psngRoadPub
GR,h0185,0.20429510358420996,scr2014,mustOut,psngRoadPub
GR,h0186,0.27097722094389814,scr2014,mustOut,psngRoadPub
GR,h0187,0.2916229018759244,scr2014,mustOut,psngRoadPub
GR,h0188,0.22817923999964493,scr2014,mustOut,psngRoadPub
GR,h0189,0.13110220352805507,scr2014,mustOut,psngRoadPub
GR,h0190,0.06729001456573892,scr2014,mustOut,psngRoadPub
GR,h0191,0.04172467744398949,scr2014,mustOut,psngRoadPub
GR,h0192,0.029416901714293862,scr2014,mustOut,psngRoadPub
GR,h0193,0.015691297734169257,scr2014,mustOut,psngRoadPub
GR,h0194,0.003961876729022799,scr2014,mustOut,psngRoadPub
GR,h0195,0.0,scr2014,mustOut,psngRoadPub
GR,h0196,0.0,scr2014,mustOut,psngRoadPub
GR,h0197,0.0,scr2014,mustOut,psngRoadPub
GR,h0198,0.005623802830040327,scr2014,mustOut,psngRoadPub
GR,h0199,0.0178624097198924,scr2014,mustOut,psngRoadPub
GR,h0200,0.045737932283656225,scr2014,mustOut,psngRoadPub
GR,h0201,0.06865488295581738,scr2014,mustOut,psngRoadPub
GR,h0202,0.12024147072162887,scr2014,mustOut,psngRoadPub
GR,h0203,0.14168506792102636,scr2014,mustOut,psngRoadPub
GR,h0204,0.1969397771917844,scr2014,mustOut,psngRoadPub
GR,h0205,0.19335929341599276,scr2014,mustOut,psngRoadPub
GR,h0206,0.22763252557650548,scr2014,mustOut,psngRoadPub
GR,h0207,0.23690116657363242,scr2014,mustOut,psngRoadPub
GR,h0208,0.2500354374751854,scr2014,mustOut,psngRoadPub
GR,h0209,0.30267694531638745,scr2014,mustOut,psngRoadPub
GR,h0210,0.3164996198835361,scr2014,mustOut,psngRoadPub
GR,h0211,0.3210522776589071,scr2014,mustOut,psngRoadPub
GR,h0212,0.22224250570033008,scr2014,mustOut,psngRoadPub
GR,h0213,0.13110220352805507,scr2014,mustOut,psngRoadPub
GR,h0214,0.06729001456573892,scr2014,mustOut,psngRoadPub
GR,h0215,0.04172467744398949,scr2014,mustOut,psngRoadPub
GR,h0216,0.029416901714293862,scr2014,mustOut,psngRoadPub
GR,h0217,0.015691297734169257,scr2014,mustOut,psngRoadPub
GR,h0218,0.003961876729022799,scr2014,mustOut,psngRoadPub
GR,h0219,0.0,scr2014,mustOut,psngRoadPub
GR,h0220,0.0,scr2014,mustOut,psngRoadPub
GR,h0221,0.0,scr2014,mustOut,psngRoadPub
GR,h0222,0.005623802830040327,scr2014,mustOut,psngRoadPub
GR,h0223,0.05102494009520706,scr2014,mustOut,psngRoadPub
GR,h0224,0.18001528021838203,scr2014,mustOut,psngRoadPub
GR,h0225,0.2507906999177362,scr2014,mustOut,psngRoadPub
GR,h0226,0.2374311387655332,scr2014,mustOut,psngRoadPub
GR,h0227,0.14031293226850325,scr2014,mustOut,psngRoadPub
GR,h0228,0.13211642554171132,scr2014,mustOut,psngRoadPub
GR,h0229,0.15616219749061558,scr2014,mustOut,psngRoadPub
GR,h0230,0.20623214454177347,scr2014,mustOut,psngRoadPub
GR,h0231,0.23690116657363242,scr2014,mustOut,psngRoadPub
GR,h0232,0.2500354374751854,scr2014,mustOut,psngRoadPub
GR,h0233,0.30267694531638745,scr2014,mustOut,psngRoadPub
GR,h0234,0.3164996198835361,scr2014,mustOut,psngRoadPub
GR,h0235,0.3210522776589071,scr2014,mustOut,psngRoadPub
GR,h0236,0.22224250570033008,scr2014,mustOut,psngRoadPub
GR,h0237,0.13110220352805507,scr2014,mustOut,psngRoadPub
GR,h0238,0.06729001456573892,scr2014,mustOut,psngRoadPub
GR,h0239,0.04172467744398949,scr2014,mustOut,psngRoadPub
GR,h0240,0.029416901714293862,scr2014,mustOut,psngRoadPub
GR,h0241,0.015691297734169257,scr2014,mustOut,psngRoadPub
GR,h0242,0.003961876729022799,scr2014,mustOut,psngRoadPub
GR,h0243,0.0006659653557186793,scr2014,mustOut,psngRoadPub
GR,h0244,0.0016929472216877857,scr2014,mustOut,psngRoadPub
GR,h0245,0.0016929472216877857,scr2014,mustOut,psngRoadPub
GR,h0246,0.0008827491751746325,scr2014,mustOut,psngRoadPub
GR,h0247,0.0429536246621759,scr2014,mustOut,psngRoadPub
GR,h0248,0.17062157906188707,scr2014,mustOut,psngRoadPub
GR,h0249,0.2507906999177362,scr2014,mustOut,psngRoadPub
GR,h0250,0.2374311387655332,scr2014,mustOut,psngRoadPub
GR,h0251,0.14031293226850325,scr2014,mustOut,psngRoadPub
GR,h0252,0.13211642554171132,scr2014,mustOut,psngRoadPub
GR,h0253,0.19446491705532132,scr2014,mustOut,psngRoadPub
GR,h0254,0.2931985601174335,scr2014,mustOut,psngRoadPub
GR,h0255,0.35660843633087036,scr2014,mustOut,psngRoadPub
GR,h0256,0.3735638446880898,scr2014,mustOut,psngRoadPub
GR,h0257,0.37365991,scr2014,mustOut,psngRoadPub
GR,h0258,0.3481671759945253,scr2014,mustOut,psngRoadPub
GR,h0259,0.3084015174976115,scr2014,mustOut,psngRoadPub
GR,h0260,0.21486898499044288,scr2014,mustOut,psngRoadPub
GR,h0261,0.13110220352805507,scr2014,mustOut,psngRoadPub
GR,h0262,0.06729001456573892,scr2014,mustOut,psngRoadPub
GR,h0263,0.04172467744398949,scr2014,mustOut,psngRoadPub
GR,h0264,0.029416901714293862,scr2014,mustOut,psngRoadPub
GR,h0265,0.015691297734169257,scr2014,mustOut,psngRoadPub
GR,h0266,0.003961876729022799,scr2014,mustOut,psngRoadPub
GR,h0267,0.0,scr2014,mustOut,psngRoadPub
GR,h0268,0.0,scr2014,mustOut,psngRoadPub
GR,h0269,0.0,scr2014,mustOut,psngRoadPub
GR,h0270,0.001955730566381503,scr2014,mustOut,psngRoadPub
GR,h0271,0.04612088060678056,scr2014,mustOut,psngRoadPub
GR,h0272,0.1743231447021561,scr2014,mustOut,psngRoadPub
GR,h0273,0.2507906999177362,scr2014,mustOut,psngRoadPub
GR,h0274,0.2374311387655332,scr2014,mustOut,psngRoadPub
GR,h0275,0.14031293226850325,scr2014,mustOut,psngRoadPub
GR,h0276,0.13211642554171132,scr2014,mustOut,psngRoadPub
GR,h0277,0.15726582545513532,scr2014,mustOut,psngRoadPub
GR,h0278,0.19622741258678872,scr2014,mustOut,psngRoadPub
GR,h0279,0.1802541873357432,scr2014,mustOut,psngRoadPub
GR,h0280,0.1764732871516063,scr2014,mustOut,psngRoadPub
GR,h0281,0.20429510358420996,scr2014,mustOut,psngRoadPub
GR,h0282,0.27097722094389814,scr2014,mustOut,psngRoadPub
GR,h0283,0.2916229018759244,scr2014,mustOut,psngRoadPub
GR,h0284,0.22817923999964493,scr2014,mustOut,psngRoadPub
GR,h0285,0.13110220352805507,scr2014,mustOut,psngRoadPub
GR,h0286,0.06729001456573892,scr2014,mustOut,psngRoadPub
GR,h0287,0.04172467744398949,scr2014,mustOut,psngRoadPub
GR,h0288,0.029416901714293862,scr2014,mustOut,psngRoadPub
GR,h0289,0.015691297734169257,scr2014,mustOut,psngRoadPub
GR,h0290,0.003961876729022799,scr2014,mustOut,psngRoadPub
GR,h0291,0.0,scr2014,mustOut,psngRoadPub
GR,h0292,0.0,scr2014,mustOut,psngRoadPub
GR,h0293,0.0,scr2014,mustOut,psngRoadPub
GR,h0294,0.005623802830040327,scr2014,mustOut,psngRoadPub
GR,h0295,0.05102494009520706,scr2014,mustOut,psngRoadPub
GR,h0296,0.18001528021838203,scr2014,mustOut,psngRoadPub
GR,h0297,0.2507906999177362,scr2014,mustOut,psngRoadPub
GR,h0298,0.2374311387655332,scr2014,mustOut,psngRoadPub
GR,h0299,0.14031293226850325,scr2014,mustOut,psngRoadPub
GR,h0300,0.13211642554171132,scr2014,mustOut,psngRoadPub
GR,h0301,0.15726582545513532,scr2014,mustOut,psngRoadPub
GR,h0302,0.19622741258678872,scr2014,mustOut,psngRoadPub
GR,h0303,0.1802541873357432,scr2014,mustOut,psngRoadPub
GR,h0304,0.1764732871516063,scr2014,mustOut,psngRoadPub
GR,h0305,0.20429510358420996,scr2014,mustOut,psngRoadPub
GR,h0306,0.27097722094389814,scr2014,mustOut,psngRoadPub
GR,h0307,0.3214425997275043,scr2014,mustOut,psngRoadPub
GR,h0308,0.28741892372334815,scr2014,mustOut,psngRoadPub
GR,h0309,0.20659212842759592,scr2014,mustOut,psngRoadPub
GR,h0310,0.14095214111874038,scr2014,mustOut,psngRoadPub
GR,h0311,0.08311169596876257,scr2014,mustOut,psngRoadPub
GR,h0312,0.05444725086411779,scr2014,mustOut,psngRoadPub
GR,h0313,0.014989749632865878,scr2014,mustOut,psngRoadPub
GR,h0314,0.0053171340811378025,scr2014,mustOut,psngRoadPub
GR,h0315,0.0,scr2014,mustOut,psngRoadPub
GR,h0316,0.0,scr2014,mustOut,psngRoadPub
GR,h0317,0.0,scr2014,mustOut,psngRoadPub
GR,h0318,0.005623802830040327,scr2014,mustOut,psngRoadPub
GR,h0319,0.0178624097198924,scr2014,mustOut,psngRoadPub
GR,h0320,0.045737932283656225,scr2014,mustOut,psngRoadPub
GR,h0321,0.06865488295581738,scr2014,mustOut,psngRoadPub
GR,h0322,0.12024147072162887,scr2014,mustOut,psngRoadPub
GR,h0323,0.14168506792102636,scr2014,mustOut,psngRoadPub
GR,h0324,0.1969397771917844,scr2014,mustOut,psngRoadPub
GR,h0325,0.19449032441924344,scr2014,mustOut,psngRoadPub
GR,h0326,0.2175109945767058,scr2014,mustOut,psngRoadPub
GR,h0327,0.1802541873357432,scr2014,mustOut,psngRoadPub
GR,h0328,0.1764732871516063,scr2014,mustOut,psngRoadPub
GR,h0329,0.20429510358420996,scr2014,mustOut,psngRoadPub
GR,h0330,0.27097722094389814,scr2014,mustOut,psngRoadPub
GR,h0331,0.2766118708305797,scr2014,mustOut,psngRoadPub
GR,h0332,0.2418408351324062,scr2014,mustOut,psngRoadPub
GR,h0333,0.16244920278974545,scr2014,mustOut,psngRoadPub
GR,h0334,0.13360326407664952,scr2014,mustOut,psngRoadPub
GR,h0335,0.10472851615624189,scr2014,mustOut,psngRoadPub
GR,h0336,0.08631018456330525,scr2014,mustOut,psngRoadPub
ES,h0169,0.048665869504183015,scr2014,mustOut,psngRoadPub
ES,h0170,0.013699669872354079,scr2014,mustOut,psngRoadPub
ES,h0171,0.0,scr2014,mustOut,psngRoadPub
ES,h0172,0.0,scr2014,mustOut,psngRoadPub
ES,h0173,0.0,scr2014,mustOut,psngRoadPub
ES,h0174,0.0056238028300403305,scr2014,mustOut,psngRoadPub
ES,h0175,0.021423336771113646,scr2014,mustOut,psngRoadPub
ES,h0176,0.04300106766887329,scr2014,mustOut,psngRoadPub
ES,h0177,0.07771620394684012,scr2014,mustOut,psngRoadPub
ES,h0178,0.14408590837569354,scr2014,mustOut,psngRoadPub
ES,h0179,0.22117107602711383,scr2014,mustOut,psngRoadPub
ES,h0180,0.2688638888831829,scr2014,mustOut,psngRoadPub
ES,h0181,0.246268868293088,scr2014,mustOut,psngRoadPub
ES,h0182,0.2212228915365618,scr2014,mustOut,psngRoadPub
ES,h0183,0.1802541873357432,scr2014,mustOut,psngRoadPub
ES,h0184,0.17647328715160632,scr2014,mustOut,psngRoadPub
ES,h0185,0.20429510358421,scr2014,mustOut,psngRoadPub
ES,h0186,0.2709772209438982,scr2014,mustOut,psngRoadPub
ES,h0187,0.29162290187592443,scr2014,mustOut,psngRoadPub
ES,h0188,0.228179239999645,scr2014,mustOut,psngRoadPub
ES,h0189,0.1311022035280551,scr2014,mustOut,psngRoadPub
ES,h0190,0.06729001456573891,scr2014,mustOut,psngRoadPub
ES,h0191,0.041724677443989486,scr2014,mustOut,psngRoadPub
ES,h0192,0.029416901714293866,scr2014,mustOut,psngRoadPub
ES,h0193,0.01569129773416926,scr2014,mustOut,psngRoadPub
ES,h0194,0.0039618767290228,scr2014,mustOut,psngRoadPub
ES,h0195,0.0,scr2014,mustOut,psngRoadPub
ES,h0196,0.0,scr2014,mustOut,psngRoadPub
ES,h0197,0.0,scr2014,mustOut,psngRoadPub
ES,h0198,0.0056238028300403305,scr2014,mustOut,psngRoadPub
ES,h0199,0.017862409719892402,scr2014,mustOut,psngRoadPub
ES,h0200,0.04573793228365623,scr2014,mustOut,psngRoadPub
ES,h0201,0.0686548829558174,scr2014,mustOut,psngRoadPub
ES,h0202,0.12024147072162888,scr2014,mustOut,psngRoadPub
ES,h0203,0.14168506792102642,scr2014,mustOut,psngRoadPub
ES,h0204,0.1969397771917845,scr2014,mustOut,psngRoadPub
ES,h0205,0.19335929341599284,scr2014,mustOut,psngRoadPub
ES,h0206,0.2276325255765056,scr2014,mustOut,psngRoadPub
ES,h0207,0.23690116657363247,scr2014,mustOut,psngRoadPub
ES,h0208,0.2500354374751855,scr2014,mustOut,psngRoadPub
ES,h0209,0.3026769453163875,scr2014,mustOut,psngRoadPub
ES,h0210,0.31649961988353603,scr2014,mustOut,psngRoadPub
ES,h0211,0.32105227765890715,scr2014,mustOut,psngRoadPub
ES,h0212,0.2222425057003301,scr2014,mustOut,psngRoadPub
ES,h0213,0.1311022035280551,scr2014,mustOut,psngRoadPub
ES,h0214,0.06729001456573891,scr2014,mustOut,psngRoadPub
ES,h0215,0.041724677443989486,scr2014,mustOut,psngRoadPub
ES,h0216,0.029416901714293866,scr2014,mustOut,psngRoadPub
ES,h0217,0.01569129773416926,scr2014,mustOut,psngRoadPub
ES,h0218,0.0039618767290228,scr2014,mustOut,psngRoadPub
ES,h0219,0.0,scr2014,mustOut,psngRoadPub
ES,h0220,0.0,scr2014,mustOut,psngRoadPub
ES,h0221,0.0,scr2014,mustOut,psngRoadPub
ES,h0222,0.0056238028300403305,scr2014,mustOut,psngRoadPub
ES,h0223,0.05102494009520707,scr2014,mustOut,psngRoadPub
ES,h0224,0.18001528021838206,scr2014,mustOut,psngRoadPub
ES,h0225,0.2507906999177362,scr2014,mustOut,psngRoadPub
ES,h0226,0.23743113876553323,scr2014,mustOut,psngRoadPub
ES,h0227,0.14031293226850325,scr2014,mustOut,psngRoadPub
ES,h0228,0.13211642554171132,scr2014,mustOut,psngRoadPub
ES,h0229,0.1561621974906156,scr2014,mustOut,psngRoadPub
ES,h0230,0.2062321445417735,scr2014,mustOut,psngRoadPub
ES,h0231,0.23690116657363247,scr2014,mustOut,psngRoadPub
ES,h0232,0.2500354374751855,scr2014,mustOut,psngRoadPub
ES,h0233,0.3026769453163875,scr2014,mustOut,psngRoadPub
ES,h0234,0.31649961988353603,scr2014,mustOut,psngRoadPub
ES,h0235,0.32105227765890715,scr2014,mustOut,psngRoadPub
ES,h0236,0.2222425057003301,scr2014,mustOut,psngRoadPub
ES,h0237,0.1311022035280551,scr2014,mustOut,psngRoadPub
ES,h0238,0.06729001456573891,scr2014,mustOut,psngRoadPub
ES,h0239,0.041724677443989486,scr2014,mustOut,psngRoadPub
ES,h0240,0.029416901714293866,scr2014,mustOut,psngRoadPub
ES,h0241,0.01569129773416926,scr2014,mustOut,psngRoadPub
ES,h0242,0.0039618767290228,scr2014,mustOut,psngRoadPub
ES,h0243,0.0006659653557186794,scr2014,mustOut,psngRoadPub
ES,h0244,0.0016929472216877862,scr2014,mustOut,psngRoadPub
ES,h0245,0.0016929472216877862,scr2014,mustOut,psngRoadPub
ES,h0246,0.0008827491751746327,scr2014,mustOut,psngRoadPub
ES,h0247,0.04295362466217591,scr2014,mustOut,psngRoadPub
ES,h0248,0.1706215790618871,scr2014,mustOut,psngRoadPub
ES,h0249,0.2507906999177362,scr2014,mustOut,psngRoadPub
ES,h0250,0.23743113876553323,scr2014,mustOut,psngRoadPub
ES,h0251,0.14031293226850325,scr2014,mustOut,psngRoadPub
ES,h0252,0.13211642554171132,scr2014,mustOut,psngRoadPub
ES,h0253,0.19446491705532137,scr2014,mustOut,psngRoadPub
ES,h0254,0.29319856011743356,scr2014,mustOut,psngRoadPub
ES,h0255,0.35660843633087047,scr2014,mustOut,psngRoadPub
ES,h0256,0.37356384468808984,scr2014,mustOut,psngRoadPub
ES,h0257,0.37365990999999993,scr2014,mustOut,psngRoadPub
ES,h0258,0.3481671759945253,scr2014,mustOut,psngRoadPub
ES,h0259,0.3084015174976116,scr2014,mustOut,psngRoadPub
ES,h0260,0.21486898499044288,scr2014,mustOut,psngRoadPub
ES,h0261,0.1311022035280551,scr2014,mustOut,psngRoadPub
ES,h0262,0.06729001456573891,scr2014,mustOut,psngRoadPub
ES,h0263,0.041724677443989486,scr2014,mustOut,psngRoadPub
ES,h0264,0.029416901714293866,scr2014,mustOut,psngRoadPub
ES,h0265,0.01569129773416926,scr2014,mustOut,psngRoadPub
ES,h0266,0.0039618767290228,scr2014,mustOut,psngRoadPub
ES,h0267,0.0,scr2014,mustOut,psngRoadPub
ES,h0268,0.0,scr2014,mustOut,psngRoadPub
ES,h0269,0.0,scr2014,mustOut,psngRoadPub
ES,h0270,0.0019557305663815035,scr2014,mustOut,psngRoadPub
ES,h0271,0.046120880606780566,scr2014,mustOut,psngRoadPub
ES,h0272,0.17432314470215612,scr2014,mustOut,psngRoadPub
ES,h0273,0.2507906999177362,scr2014,mustOut,psngRoadPub
ES,h0274,0.23743113876553323,scr2014,mustOut,psngRoadPub
ES,h0275,0.14031293226850325,scr2014,mustOut,psngRoadPub
ES,h0276,0.13211642554171132,scr2014,mustOut,psngRoadPub
ES,h0277,0.15726582545513534,scr2014,mustOut,psngRoadPub
ES,h0278,0.19622741258678872,scr2014,mustOut,psngRoadPub
ES,h0279,0.1802541873357432,scr2014,mustOut,psngRoadPub
ES,h0280,0.17647328715160632,scr2014,mustOut,psngRoadPub
ES,h0281,0.20429510358421,scr2014,mustOut,psngRoadPub
ES,h0282,0.2709772209438982,scr2014,mustOut,psngRoadPub
ES,h0283,0.29162290187592443,scr2014,mustOut,psngRoadPub
ES,h0284,0.228179239999645,scr2014,mustOut,psngRoadPub
ES,h0285,0.1311022035280551,scr2014,mustOut,psngRoadPub
ES,h0286,0.06729001456573891,scr2014,mustOut,psngRoadPub
ES,h0287,0.041724677443989486,scr2014,mustOut,psngRoadPub
ES,h0288,0.029416901714293866,scr2014,mustOut,psngRoadPub
ES,h0289,0.01569129773416926,scr2014,mustOut,psngRoadPub
ES,h0290,0.0039618767290228,scr2014,mustOut,psngRoadPub
ES,h0291,0.0,scr2014,mustOut,psngRoadPub
ES,h0292,0.0,scr2014,mustOut,psngRoadPub
ES,h0293,0.0,scr2014,mustOut,psngRoadPub
ES,h0294,0.0056238028300403305,scr2014,mustOut,psngRoadPub
ES,h0295,0.05102494009520707,scr2014,mustOut,psngRoadPub
ES,h0296,0.18001528021838206,scr2014,mustOut,psngRoadPub
ES,h0297,0.2507906999177362,scr2014,mustOut,psngRoadPub
ES,h0298,0.23743113876553323,scr2014,mustOut,psngRoadPub
ES,h0299,0.14031293226850325,scr2014,mustOut,psngRoadPub
ES,h0300,0.13211642554171132,scr2014,mustOut,psngRoadPub
ES,h0301,0.15726582545513534,scr2014,mustOut,psngRoadPub
ES,h0302,0.19622741258678872,scr2014,mustOut,psngRoadPub
ES,h0303,0.1802541873357432,scr2014,mustOut,psngRoadPub
ES,h0304,0.17647328715160632,scr2014,mustOut,psngRoadPub
ES,h0305,0.20429510358421,scr2014,mustOut,psngRoadPub
ES,h0306,0.2709772209438982,scr2014,mustOut,psngRoadPub
ES,h0307,0.32144259972750444,scr2014,mustOut,psngRoadPub
ES,h0308,0.2874189237233482,scr2014,mustOut,psngRoadPub
ES,h0309,0.20659212842759592,scr2014,mustOut,psngRoadPub
ES,h0310,0.1409521411187404,scr2014,mustOut,psngRoadPub
ES,h0311,0.08311169596876258,scr2014,mustOut,psngRoadPub
ES,h0312,0.05444725086411781,scr2014,mustOut,psngRoadPub
ES,h0313,0.014989749632865883,scr2014,mustOut,psngRoadPub
ES,h0314,0.005317134081137804,scr2014,mustOut,psngRoadPub
ES,h0315,0.0,scr2014,mustOut,psngRoadPub
ES,h0316,0.0,scr2014,mustOut,psngRoadPub
ES,h0317,0.0,scr2014,mustOut,psngRoadPub
ES,h0318,0.0056238028300403305,scr2014,mustOut,psngRoadPub
ES,h0319,0.017862409719892402,scr2014,mustOut,psngRoadPub
ES,h0320,0.04573793228365623,scr2014,mustOut,psngRoadPub
ES,h0321,0.0686548829558174,scr2014,mustOut,psngRoadPub
ES,h0322,0.12024147072162888,scr2014,mustOut,psngRoadPub
ES,h0323,0.14168506792102642,scr2014,mustOut,psngRoadPub
ES,h0324,0.1969397771917845,scr2014,mustOut,psngRoadPub
ES,h0325,0.1944903244192435,scr2014,mustOut,psngRoadPub
ES,h0326,0.21751099457670584,scr2014,mustOut,psngRoadPub
ES,h0327,0.1802541873357432,scr2014,mustOut,psngRoadPub
ES,h0328,0.17647328715160632,scr2014,mustOut,psngRoadPub
ES,h0329,0.20429510358421,scr2014,mustOut,psngRoadPub
ES,h0330,0.2709772209438982,scr2014,mustOut,psngRoadPub
ES,h0331,0.27661187083057975,scr2014,mustOut,psngRoadPub
ES,h0332,0.24184083513240626,scr2014,mustOut,psngRoadPub
ES,h0333,0.1624492027897455,scr2014,mustOut,psngRoadPub
ES,h0334,0.13360326407664955,scr2014,mustOut,psngRoadPub
ES,h0335,0.10472851615624192,scr2014,mustOut,psngRoadPub
ES,h0336,0.08631018456330525,scr2014,mustOut,psngRoadPub
DK,h0169,0.048665869504183015,scr2014,mustOut,psngRoadPub
DK,h0170,0.013699669872354084,scr2014,mustOut,psngRoadPub
DK,h0171,0.0,scr2014,mustOut,psngRoadPub
DK,h0172,0.0,scr2014,mustOut,psngRoadPub
DK,h0173,0.0,scr2014,mustOut,psngRoadPub
DK,h0174,0.005623802830040327,scr2014,mustOut,psngRoadPub
DK,h0175,0.021423336771113646,scr2014,mustOut,psngRoadPub
DK,h0176,0.043001067668873294,scr2014,mustOut,psngRoadPub
DK,h0177,0.07771620394684013,scr2014,mustOut,psngRoadPub
DK,h0178,0.14408590837569354,scr2014,mustOut,psngRoadPub
DK,h0179,0.22117107602711378,scr2014,mustOut,psngRoadPub
DK,h0180,0.26886388888318297,scr2014,mustOut,psngRoadPub
DK,h0181,0.24626886829308794,scr2014,mustOut,psngRoadPub
DK,h0182,0.22122289153656177,scr2014,mustOut,psngRoadPub
DK,h0183,0.1802541873357432,scr2014,mustOut,psngRoadPub
DK,h0184,0.1764732871516063,scr2014,mustOut,psngRoadPub
DK,h0185,0.20429510358420996,scr2014,mustOut,psngRoadPub
DK,h0186,0.27097722094389814,scr2014,mustOut,psngRoadPub
DK,h0187,0.2916229018759244,scr2014,mustOut,psngRoadPub
DK,h0188,0.22817923999964493,scr2014,mustOut,psngRoadPub
DK,h0189,0.13110220352805507,scr2014,mustOut,psngRoadPub
DK,h0190,0.06729001456573892,scr2014,mustOut,psngRoadPub
DK,h0191,0.04172467744398949,scr2014,mustOut,psngRoadPub
DK,h0192,0.029416901714293862,scr2014,mustOut,psngRoadPub
DK,h0193,0.015691297734169257,scr2014,mustOut,psngRoadPub
DK,h0194,0.003961876729022799,scr2014,mustOut,psngRoadPub
DK,h0195,0.0,scr2014,mustOut,psngRoadPub
DK,h0196,0.0,scr2014,mustOut,psngRoadPub
DK,h0197,0.0,scr2014,mustOut,psngRoadPub
DK,h0198,0.005623802830040327,scr2014,mustOut,psngRoadPub
DK,h0199,0.0178624097198924,scr2014,mustOut,psngRoadPub
DK,h0200,0.045737932283656225,scr2014,mustOut,psngRoadPub
DK,h0201,0.06865488295581738,scr2014,mustOut,psngRoadPub
DK,h0202,0.12024147072162887,scr2014,mustOut,psngRoadPub
DK,h0203,0.14168506792102636,scr2014,mustOut,psngRoadPub
DK,h0204,0.1969397771917844,scr2014,mustOut,psngRoadPub
DK,h0205,0.19335929341599276,scr2014,mustOut,psngRoadPub
DK,h0206,0.22763252557650548,scr2014,mustOut,psngRoadPub
DK,h0207,0.23690116657363242,scr2014,mustOut,psngRoadPub
DK,h0208,0.2500354374751854,scr2014,mustOut,psngRoadPub
DK,h0209,0.30267694531638745,scr2014,mustOut,psngRoadPub
DK,h0210,0.3164996198835361,scr2014,mustOut,psngRoadPub
DK,h0211,0.3210522776589071,scr2014,mustOut,psngRoadPub
DK,h0212,0.22224250570033008,scr2014,mustOut,psngRoadPub
DK,h0213,0.13110220352805507,scr2014,mustOut,psngRoadPub
DK,h0214,0.06729001456573892,scr2014,mustOut,psngRoadPub
DK,h0215,0.04172467744398949,scr2014,mustOut,psngRoadPub
DK,h0216,0.029416901714293862,scr2014,mustOut,psngRoadPub
DK,h0217,0.015691297734169257,scr2014,mustOut,psngRoadPub
DK,h0218,0.003961876729022799,scr2014,mustOut,psngRoadPub
DK,h0219,0.0,scr2014,mustOut,psngRoadPub
DK,h0220,0.0,scr2014,mustOut,psngRoadPub
DK,h0221,0.0,scr2014,mustOut,psngRoadPub
DK,h0222,0.005623802830040327,scr2014,mustOut,psngRoadPub
DK,h0223,0.05102494009520706,scr2014,mustOut,psngRoadPub
DK,h0224,0.18001528021838203,scr2014,mustOut,psngRoadPub
DK,h0225,0.2507906999177362,scr2014,mustOut,psngRoadPub
DK,h0226,0.2374311387655332,scr2014,mustOut,psngRoadPub
DK,h0227,0.14031293226850325,scr2014,mustOut,psngRoadPub
DK,h0228,0.13211642554171132,scr2014,mustOut,psngRoadPub
DK,h0229,0.15616219749061558,scr2014,mustOut,psngRoadPub
DK,h0230,0.20623214454177347,scr2014,mustOut,psngRoadPub
DK,h0231,0.23690116657363242,scr2014,mustOut,psngRoadPub
DK,h0232,0.2500354374751854,scr2014,mustOut,psngRoadPub
DK,h0233,0.30267694531638745,scr2014,mustOut,psngRoadPub
DK,h0234,0.3164996198835361,scr2014,mustOut,psngRoadPub
DK,h0235,0.3210522776589071,scr2014,mustOut,psngRoadPub
DK,h0236,0.22224250570033008,scr2014,mustOut,psngRoadPub
DK,h0237,0.13110220352805507,scr2014,mustOut,psngRoadPub
DK,h0238,0.06729001456573892,scr2014,mustOut,psngRoadPub
DK,h0239,0.04172467744398949,scr2014,mustOut,psngRoadPub
DK,h0240,0.029416901714293862,scr2014,mustOut,psngRoadPub
DK,h0241,0.015691297734169257,scr2014,mustOut,psngRoadPub
DK,h0242,0.003961876729022799,scr2014,mustOut,psngRoadPub
DK,h0243,0.0006659653557186793,scr2014,mustOut,psngRoadPub
DK,h0244,0.0016929472216877857,scr2014,mustOut,psngRoadPub
DK,h0245,0.0016929472216877857,scr2014,mustOut,psngRoadPub
DK,h0246,0.0008827491751746325,scr2014,mustOut,psngRoadPub
DK,h0247,0.0429536246621759,scr2014,mustOut,psngRoadPub
DK,h0248,0.17062157906188707,scr2014,mustOut,psngRoadPub
DK,h0249,0.2507906999177362,scr2014,mustOut,psngRoadPub
DK,h0250,0.2374311387655332,scr2014,mustOut,psngRoadPub
DK,h0251,0.14031293226850325,scr2014,mustOut,psngRoadPub
DK,h0252,0.13211642554171132,scr2014,mustOut,psngRoadPub
DK,h0253,0.19446491705532132,scr2014,mustOut,psngRoadPub
DK,h0254,0.2931985601174335,scr2014,mustOut,psngRoadPub
DK,h0255,0.35660843633087036,scr2014,mustOut,psngRoadPub
DK,h0256,0.3735638446880898,scr2014,mustOut,psngRoadPub
DK,h0257,0.37365991,scr2014,mustOut,psngRoadPub
DK,h0258,0.3481671759945253,scr2014,mustOut,psngRoadPub
DK,h0259,0.3084015174976115,scr2014,mustOut,psngRoadPub
DK,h0260,0.21486898499044288,scr2014,mustOut,psngRoadPub
DK,h0261,0.13110220352805507,scr2014,mustOut,psngRoadPub
DK,h0262,0.06729001456573892,scr2014,mustOut,psngRoadPub
DK,h0263,0.04172467744398949,scr2014,mustOut,psngRoadPub
DK,h0264,0.029416901714293862,scr2014,mustOut,psngRoadPub
DK,h0265,0.015691297734169257,scr2014,mustOut,psngRoadPub
DK,h0266,0.003961876729022799,scr2014,mustOut,psngRoadPub
DK,h0267,0.0,scr2014,mustOut,psngRoadPub
DK,h0268,0.0,scr2014,mustOut,psngRoadPub
DK,h0269,0.0,scr2014,mustOut,psngRoadPub
DK,h0270,0.001955730566381503,scr2014,mustOut,psngRoadPub
DK,h0271,0.04612088060678056,scr2014,mustOut,psngRoadPub
DK,h0272,0.1743231447021561,scr2014,mustOut,psngRoadPub
DK,h0273,0.2507906999177362,scr2014,mustOut,psngRoadPub
DK,h0274,0.2374311387655332,scr2014,mustOut,psngRoadPub
DK,h0275,0.14031293226850325,scr2014,mustOut,psngRoadPub
DK,h0276,0.13211642554171132,scr2014,mustOut,psngRoadPub
DK,h0277,0.15726582545513532,scr2014,mustOut,psngRoadPub
DK,h0278,0.19622741258678872,scr2014,mustOut,psngRoadPub
DK,h0279,0.1802541873357432,scr2014,mustOut,psngRoadPub
DK,h0280,0.1764732871516063,scr2014,mustOut,psngRoadPub
DK,h0281,0.20429510358420996,scr2014,mustOut,psngRoadPub
DK,h0282,0.27097722094389814,scr2014,mustOut,psngRoadPub
DK,h0283,0.2916229018759244,scr2014,mustOut,psngRoadPub
DK,h0284,0.22817923999964493,scr2014,mustOut,psngRoadPub
DK,h0285,0.13110220352805507,scr2014,mustOut,psngRoadPub
DK,h0286,0.06729001456573892,scr2014,mustOut,psngRoadPub
DK,h0287,0.04172467744398949,scr2014,mustOut,psngRoadPub
DK,h0288,0.029416901714293862,scr2014,mustOut,psngRoadPub
DK,h0289,0.015691297734169257,scr2014,mustOut,psngRoadPub
DK,h0290,0.003961876729022799,scr2014,mustOut,psngRoadPub
DK,h0291,0.0,scr2014,mustOut,psngRoadPub
DK,h0292,0.0,scr2014,mustOut,psngRoadPub
DK,h0293,0.0,scr2014,mustOut,psngRoadPub
DK,h0294,0.005623802830040327,scr2014,mustOut,psngRoadPub
DK,h0295,0.05102494009520706,scr2014,mustOut,psngRoadPub
DK,h0296,0.18001528021838203,scr2014,mustOut,psngRoadPub
DK,h0297,0.2507906999177362,scr2014,mustOut,psngRoadPub
DK,h0298,0.2374311387655332,scr2014,mustOut,psngRoadPub
DK,h0299,0.14031293226850325,scr2014,mustOut,psngRoadPub
DK,h0300,0.13211642554171132,scr2014,mustOut,psngRoadPub
DK,h0301,0.15726582545513532,scr2014,mustOut,psngRoadPub
DK,h0302,0.19622741258678872,scr2014,mustOut,psngRoadPub
DK,h0303,0.1802541873357432,scr2014,mustOut,psngRoadPub
DK,h0304,0.1764732871516063,scr2014,mustOut,psngRoadPub
DK,h0305,0.20429510358420996,scr2014,mustOut,psngRoadPub
DK,h0306,0.27097722094389814,scr2014,mustOut,psngRoadPub
DK,h0307,0.3214425997275043,scr2014,mustOut,psngRoadPub
DK,h0308,0.28741892372334815,scr2014,mustOut,psngRoadPub
DK,h0309,0.20659212842759592,scr2014,mustOut,psngRoadPub
DK,h0310,0.14095214111874038,scr2014,mustOut,psngRoadPub
DK,h0311,0.08311169596876257,scr2014,mustOut,psngRoadPub
DK,h0312,0.05444725086411779,scr2014,mustOut,psngRoadPub
DK,h0313,0.014989749632865878,scr2014,mustOut,psngRoadPub
DK,h0314,0.0053171340811378025,scr2014,mustOut,psngRoadPub
DK,h0315,0.0,scr2014,mustOut,psngRoadPub
DK,h0316,0.0,scr2014,mustOut,psngRoadPub
DK,h0317,0.0,scr2014,mustOut,psngRoadPub
DK,h0318,0.005623802830040327,scr2014,mustOut,psngRoadPub
DK,h0319,0.0178624097198924,scr2014,mustOut,psngRoadPub
DK,h0320,0.045737932283656225,scr2014,mustOut,psngRoadPub
DK,h0321,0.06865488295581738,scr2014,mustOut,psngRoadPub
DK,h0322,0.12024147072162887,scr2014,mustOut,psngRoadPub
DK,h0323,0.14168506792102636,scr2014,mustOut,psngRoadPub
DK,h0324,0.1969397771917844,scr2014,mustOut,psngRoadPub
DK,h0325,0.19449032441924344,scr2014,mustOut,psngRoadPub
DK,h0326,0.2175109945767058,scr2014,mustOut,psngRoadPub
DK,h0327,0.1802541873357432,scr2014,mustOut,psngRoadPub
DK,h0328,0.1764732871516063,scr2014,mustOut,psngRoadPub
DK,h0329,0.20429510358420996,scr2014,mustOut,psngRoadPub
DK,h0330,0.27097722094389814,scr2014,mustOut,psngRoadPub
DK,h0331,0.2766118708305797,scr2014,mustOut,psngRoadPub
DK,h0332,0.2418408351324062,scr2014,mustOut,psngRoadPub
DK,h0333,0.16244920278974545,scr2014,mustOut,psngRoadPub
DK,h0334,0.13360326407664952,scr2014,mustOut,psngRoadPub
DK,h0335,0.10472851615624189,scr2014,mustOut,psngRoadPub
DK,h0336,0.08631018456330525,scr2014,mustOut,psngRoadPub
EE,h0169,0.048665869504183015,scr2014,mustOut,psngRoadPub
EE,h0170,0.013699669872354084,scr2014,mustOut,psngRoadPub
EE,h0171,0.0,scr2014,mustOut,psngRoadPub
EE,h0172,0.0,scr2014,mustOut,psngRoadPub
EE,h0173,0.0,scr2014,mustOut,psngRoadPub
EE,h0174,0.005623802830040327,scr2014,mustOut,psngRoadPub
EE,h0175,0.021423336771113646,scr2014,mustOut,psngRoadPub
EE,h0176,0.043001067668873294,scr2014,mustOut,psngRoadPub
EE,h0177,0.07771620394684013,scr2014,mustOut,psngRoadPub
EE,h0178,0.14408590837569354,scr2014,mustOut,psngRoadPub
EE,h0179,0.22117107602711378,scr2014,mustOut,psngRoadPub
EE,h0180,0.26886388888318297,scr2014,mustOut,psngRoadPub
EE,h0181,0.24626886829308794,scr2014,mustOut,psngRoadPub
EE,h0182,0.22122289153656177,scr2014,mustOut,psngRoadPub
EE,h0183,0.1802541873357432,scr2014,mustOut,psngRoadPub
EE,h0184,0.1764732871516063,scr2014,mustOut,psngRoadPub
EE,h0185,0.20429510358420996,scr2014,mustOut,psngRoadPub
EE,h0186,0.27097722094389814,scr2014,mustOut,psngRoadPub
EE,h0187,0.2916229018759244,scr2014,mustOut,psngRoadPub
EE,h0188,0.22817923999964493,scr2014,mustOut,psngRoadPub
EE,h0189,0.13110220352805507,scr2014,mustOut,psngRoadPub
EE,h0190,0.06729001456573892,scr2014,mustOut,psngRoadPub
EE,h0191,0.04172467744398949,scr2014,mustOut,psngRoadPub
EE,h0192,0.029416901714293862,scr2014,mustOut,psngRoadPub
EE,h0193,0.015691297734169257,scr2014,mustOut,psngRoadPub
EE,h0194,0.003961876729022799,scr2014,mustOut,psngRoadPub
EE,h0195,0.0,scr2014,mustOut,psngRoadPub
EE,h0196,0.0,scr2014,mustOut,psngRoadPub
EE,h0197,0.0,scr2014,mustOut,psngRoadPub
EE,h0198,0.005623802830040327,scr2014,mustOut,psngRoadPub
EE,h0199,0.0178624097198924,scr2014,mustOut,psngRoadPub
EE,h0200,0.045737932283656225,scr2014,mustOut,psngRoadPub
EE,h0201,0.06865488295581738,scr2014,mustOut,psngRoadPub
EE,h0202,0.12024147072162887,scr2014,mustOut,psngRoadPub
EE,h0203,0.14168506792102636,scr2014,mustOut,psngRoadPub
EE,h0204,0.1969397771917844,scr2014,mustOut,psngRoadPub
EE,h0205,0.19335929341599276,scr2014,mustOut,psngRoadPub
EE,h0206,0.22763252557650548,scr2014,mustOut,psngRoadPub
EE,h0207,0.23690116657363242,scr2014,mustOut,psngRoadPub
EE,h0208,0.2500354374751854,scr2014,mustOut,psngRoadPub
EE,h0209,0.30267694531638745,scr2014,mustOut,psngRoadPub
EE,h0210,0.3164996198835361,scr2014,mustOut,psngRoadPub
EE,h0211,0.3210522776589071,scr2014,mustOut,psngRoadPub
EE,h0212,0.22224250570033008,scr2014,mustOut,psngRoadPub
EE,h0213,0.13110220352805507,scr2014,mustOut,psngRoadPub
EE,h0214,0.06729001456573892,scr2014,mustOut,psngRoadPub
EE,h0215,0.04172467744398949,scr2014,mustOut,psngRoadPub
EE,h0216,0.029416901714293862,scr2014,mustOut,psngRoadPub
EE,h0217,0.015691297734169257,scr2014,mustOut,psngRoadPub
EE,h0218,0.003961876729022799,scr2014,mustOut,psngRoadPub
EE,h0219,0.0,scr2014,mustOut,psngRoadPub
EE,h0220,0.0,scr2014,mustOut,psngRoadPub
EE,h0221,0.0,scr2014,mustOut,psngRoadPub
EE,h0222,0.005623802830040327,scr2014,mustOut,psngRoadPub
EE,h0223,0.05102494009520706,scr2014,mustOut,psngRoadPub
EE,h0224,0.18001528021838203,scr2014,mustOut,psngRoadPub
EE,h0225,0.2507906999177362,scr2014,mustOut,psngRoadPub
EE,h0226,0.2374311387655332,scr2014,mustOut,psngRoadPub
EE,h0227,0.14031293226850325,scr2014,mustOut,psngRoadPub
EE,h0228,0.13211642554171132,scr2014,mustOut,psngRoadPub
EE,h0229,0.15616219749061558,scr2014,mustOut,psngRoadPub
EE,h0230,0.20623214454177347,scr2014,mustOut,psngRoadPub
EE,h0231,0.23690116657363242,scr2014,mustOut,psngRoadPub
EE,h0232,0.2500354374751854,scr2014,mustOut,psngRoadPub
EE,h0233,0.30267694531638745,scr2014,mustOut,psngRoadPub
EE,h0234,0.3164996198835361,scr2014,mustOut,psngRoadPub
EE,h0235,0.3210522776589071,scr2014,mustOut,psngRoadPub
EE,h0236,0.22224250570033008,scr2014,mustOut,psngRoadPub
EE,h0237,0.13110220352805507,scr2014,mustOut,psngRoadPub
EE,h0238,0.06729001456573892,scr2014,mustOut,psngRoadPub
EE,h0239,0.04172467744398949,scr2014,mustOut,psngRoadPub
EE,h0240,0.029416901714293862,scr2014,mustOut,psngRoadPub
EE,h0241,0.015691297734169257,scr2014,mustOut,psngRoadPub
EE,h0242,0.003961876729022799,scr2014,mustOut,psngRoadPub
EE,h0243,0.0006659653557186793,scr2014,mustOut,psngRoadPub
EE,h0244,0.0016929472216877857,scr2014,mustOut,psngRoadPub
EE,h0245,0.0016929472216877857,scr2014,mustOut,psngRoadPub
EE,h0246,0.0008827491751746325,scr2014,mustOut,psngRoadPub
EE,h0247,0.0429536246621759,scr2014,mustOut,psngRoadPub
EE,h0248,0.17062157906188707,scr2014,mustOut,psngRoadPub
EE,h0249,0.2507906999177362,scr2014,mustOut,psngRoadPub
EE,h0250,0.2374311387655332,scr2014,mustOut,psngRoadPub
EE,h0251,0.14031293226850325,scr2014,mustOut,psngRoadPub
EE,h0252,0.13211642554171132,scr2014,mustOut,psngRoadPub
EE,h0253,0.19446491705532132,scr2014,mustOut,psngRoadPub
EE,h0254,0.2931985601174335,scr2014,mustOut,psngRoadPub
EE,h0255,0.35660843633087036,scr2014,mustOut,psngRoadPub
EE,h0256,0.3735638446880898,scr2014,mustOut,psngRoadPub
EE,h0257,0.37365991,scr2014,mustOut,psngRoadPub
EE,h0258,0.3481671759945253,scr2014,mustOut,psngRoadPub
EE,h0259,0.3084015174976115,scr2014,mustOut,psngRoadPub
EE,h0260,0.21486898499044288,scr2014,mustOut,psngRoadPub
EE,h0261,0.13110220352805507,scr2014,mustOut,psngRoadPub
EE,h0262,0.06729001456573892,scr2014,mustOut,psngRoadPub
EE,h0263,0.04172467744398949,scr2014,mustOut,psngRoadPub
EE,h0264,0.029416901714293862,scr2014,mustOut,psngRoadPub
EE,h0265,0.015691297734169257,scr2014,mustOut,psngRoadPub
EE,h0266,0.003961876729022799,scr2014,mustOut,psngRoadPub
EE,h0267,0.0,scr2014,mustOut,psngRoadPub
EE,h0268,0.0,scr2014,mustOut,psngRoadPub
EE,h0269,0.0,scr2014,mustOut,psngRoadPub
EE,h0270,0.001955730566381503,scr2014,mustOut,psngRoadPub
EE,h0271,0.04612088060678056,scr2014,mustOut,psngRoadPub
EE,h0272,0.1743231447021561,scr2014,mustOut,psngRoadPub
EE,h0273,0.2507906999177362,scr2014,mustOut,psngRoadPub
EE,h0274,0.2374311387655332,scr2014,mustOut,psngRoadPub
EE,h0275,0.14031293226850325,scr2014,mustOut,psngRoadPub
EE,h0276,0.13211642554171132,scr2014,mustOut,psngRoadPub
EE,h0277,0.15726582545513532,scr2014,mustOut,psngRoadPub
EE,h0278,0.19622741258678872,scr2014,mustOut,psngRoadPub
EE,h0279,0.1802541873357432,scr2014,mustOut,psngRoadPub
EE,h0280,0.1764732871516063,scr2014,mustOut,psngRoadPub
EE,h0281,0.20429510358420996,scr2014,mustOut,psngRoadPub
EE,h0282,0.27097722094389814,scr2014,mustOut,psngRoadPub
EE,h0283,0.2916229018759244,scr2014,mustOut,psngRoadPub
EE,h0284,0.22817923999964493,scr2014,mustOut,psngRoadPub
EE,h0285,0.13110220352805507,scr2014,mustOut,psngRoadPub
EE,h0286,0.06729001456573892,scr2014,mustOut,psngRoadPub
EE,h0287,0.04172467744398949,scr2014,mustOut,psngRoadPub
EE,h0288,0.029416901714293862,scr2014,mustOut,psngRoadPub
EE,h0289,0.015691297734169257,scr2014,mustOut,psngRoadPub
EE,h0290,0.003961876729022799,scr2014,mustOut,psngRoadPub
EE,h0291,0.0,scr2014,mustOut,psngRoadPub
EE,h0292,0.0,scr2014,mustOut,psngRoadPub
EE,h0293,0.0,scr2014,mustOut,psngRoadPub
EE,h0294,0.005623802830040327,scr2014,mustOut,psngRoadPub
EE,h0295,0.05102494009520706,scr2014,mustOut,psngRoadPub
EE,h0296,0.18001528021838203,scr2014,mustOut,psngRoadPub
EE,h0297,0.2507906999177362,scr2014,mustOut,psngRoadPub
EE,h0298,0.2374311387655332,scr2014,mustOut,psngRoadPub
EE,h0299,0.14031293226850325,scr2014,mustOut,psngRoadPub
EE,h0300,0.13211642554171132,scr2014,mustOut,psngRoadPub
EE,h0301,0.15726582545513532,scr2014,mustOut,psngRoadPub
EE,h0302,0.19622741258678872,scr2014,mustOut,psngRoadPub
EE,h0303,0.1802541873357432,scr2014,mustOut,psngRoadPub
EE,h0304,0.1764732871516063,scr2014,mustOut,psngRoadPub
EE,h0305,0.20429510358420996,scr2014,mustOut,psngRoadPub
EE,h0306,0.27097722094389814,scr2014,mustOut,psngRoadPub
EE,h0307,0.3214425997275043,scr2014,mustOut,psngRoadPub
EE,h0308,0.28741892372334815,scr2014,mustOut,psngRoadPub
EE,h0309,0.20659212842759592,scr2014,mustOut,psngRoadPub
EE,h0310,0.14095214111874038,scr2014,mustOut,psngRoadPub
EE,h0311,0.08311169596876257,scr2014,mustOut,psngRoadPub
EE,h0312,0.05444725086411779,scr2014,mustOut,psngRoadPub
EE,h0313,0.014989749632865878,scr2014,mustOut,psngRoadPub
EE,h0314,0.0053171340811378025,scr2014,mustOut,psngRoadPub
EE,h0315,0.0,scr2014,mustOut,psngRoadPub
EE,h0316,0.0,scr2014,mustOut,psngRoadPub
EE,h0317,0.0,scr2014,mustOut,psngRoadPub
EE,h0318,0.005623802830040327,scr2014,mustOut,psngRoadPub
EE,h0319,0.0178624097198924,scr2014,mustOut,psngRoadPub
EE,h0320,0.045737932283656225,scr2014,mustOut,psngRoadPub
EE,h0321,0.06865488295581738,scr2014,mustOut,psngRoadPub
EE,h0322,0.12024147072162887,scr2014,mustOut,psngRoadPub
EE,h0323,0.14168506792102636,scr2014,mustOut,psngRoadPub
EE,h0324,0.1969397771917844,scr2014,mustOut,psngRoadPub
EE,h0325,0.19449032441924344,scr2014,mustOut,psngRoadPub
EE,h0326,0.2175109945767058,scr2014,mustOut,psngRoadPub
EE,h0327,0.1802541873357432,scr2014,mustOut,psngRoadPub
EE,h0328,0.1764732871516063,scr2014,mustOut,psngRoadPub
EE,h0329,0.20429510358420996,scr2014,mustOut,psngRoadPub
EE,h0330,0.27097722094389814,scr2014,mustOut,psngRoadPub
EE,h0331,0.2766118708305797,scr2014,mustOut,psngRoadPub
EE,h0332,0.2418408351324062,scr2014,mustOut,psngRoadPub
EE,h0333,0.16244920278974545,scr2014,mustOut,psngRoadPub
EE,h0334,0.13360326407664952,scr2014,mustOut,psngRoadPub
EE,h0335,0.10472851615624189,scr2014,mustOut,psngRoadPub
EE,h0336,0.08631018456330525,scr2014,mustOut,psngRoadPub
FI,h0169,0.048665869504183015,scr2014,mustOut,psngRoadPub
FI,h0170,0.013699669872354084,scr2014,mustOut,psngRoadPub
FI,h0171,0.0,scr2014,mustOut,psngRoadPub
FI,h0172,0.0,scr2014,mustOut,psngRoadPub
FI,h0173,0.0,scr2014,mustOut,psngRoadPub
FI,h0174,0.005623802830040327,scr2014,mustOut,psngRoadPub
FI,h0175,0.021423336771113646,scr2014,mustOut,psngRoadPub
FI,h0176,0.043001067668873294,scr2014,mustOut,psngRoadPub
FI,h0177,0.07771620394684013,scr2014,mustOut,psngRoadPub
FI,h0178,0.14408590837569354,scr2014,mustOut,psngRoadPub
FI,h0179,0.22117107602711378,scr2014,mustOut,psngRoadPub
FI,h0180,0.26886388888318297,scr2014,mustOut,psngRoadPub
FI,h0181,0.24626886829308794,scr2014,mustOut,psngRoadPub
FI,h0182,0.22122289153656177,scr2014,mustOut,psngRoadPub
FI,h0183,0.1802541873357432,scr2014,mustOut,psngRoadPub
FI,h0184,0.1764732871516063,scr2014,mustOut,psngRoadPub
FI,h0185,0.20429510358420996,scr2014,mustOut,psngRoadPub
FI,h0186,0.27097722094389814,scr2014,mustOut,psngRoadPub
FI,h0187,0.2916229018759244,scr2014,mustOut,psngRoadPub
FI,h0188,0.22817923999964493,scr2014,mustOut,psngRoadPub
FI,h0189,0.13110220352805507,scr2014,mustOut,psngRoadPub
FI,h0190,0.06729001456573892,scr2014,mustOut,psngRoadPub
FI,h0191,0.04172467744398949,scr2014,mustOut,psngRoadPub
FI,h0192,0.029416901714293862,scr2014,mustOut,psngRoadPub
FI,h0193,0.015691297734169257,scr2014,mustOut,psngRoadPub
FI,h0194,0.003961876729022799,scr2014,mustOut,psngRoadPub
FI,h0195,0.0,scr2014,mustOut,psngRoadPub
FI,h0196,0.0,scr2014,mustOut,psngRoadPub
FI,h0197,0.0,scr2014,mustOut,psngRoadPub
FI,h0198,0.005623802830040327,scr2014,mustOut,psngRoadPub
FI,h0199,0.0178624097198924,scr2014,mustOut,psngRoadPub
FI,h0200,0.045737932283656225,scr2014,mustOut,psngRoadPub
FI,h0201,0.06865488295581738,scr2014,mustOut,psngRoadPub
FI,h0202,0.12024147072162887,scr2014,mustOut,psngRoadPub
FI,h0203,0.14168506792102636,scr2014,mustOut,psngRoadPub
FI,h0204,0.1969397771917844,scr2014,mustOut,psngRoadPub
FI,h0205,0.19335929341599276,scr2014,mustOut,psngRoadPub
FI,h0206,0.22763252557650548,scr2014,mustOut,psngRoadPub
FI,h0207,0.23690116657363242,scr2014,mustOut,psngRoadPub
FI,h0208,0.2500354374751854,scr2014,mustOut,psngRoadPub
FI,h0209,0.30267694531638745,scr2014,mustOut,psngRoadPub
FI,h0210,0.3164996198835361,scr2014,mustOut,psngRoadPub
FI,h0211,0.3210522776589071,scr2014,mustOut,psngRoadPub
FI,h0212,0.22224250570033008,scr2014,mustOut,psngRoadPub
FI,h0213,0.13110220352805507,scr2014,mustOut,psngRoadPub
FI,h0214,0.06729001456573892,scr2014,mustOut,psngRoadPub
FI,h0215,0.04172467744398949,scr2014,mustOut,psngRoadPub
FI,h0216,0.029416901714293862,scr2014,mustOut,psngRoadPub
FI,h0217,0.015691297734169257,scr2014,mustOut,psngRoadPub
FI,h0218,0.003961876729022799,scr2014,mustOut,psngRoadPub
FI,h0219,0.0,scr2014,mustOut,psngRoadPub
FI,h0220,0.0,scr2014,mustOut,psngRoadPub
FI,h0221,0.0,scr2014,mustOut,psngRoadPub
FI,h0222,0.005623802830040327,scr2014,mustOut,psngRoadPub
FI,h0223,0.05102494009520706,scr2014,mustOut,psngRoadPub
FI,h0224,0.18001528021838203,scr2014,mustOut,psngRoadPub
FI,h0225,0.2507906999177362,scr2014,mustOut,psngRoadPub
FI,h0226,0.2374311387655332,scr2014,mustOut,psngRoadPub
FI,h0227,0.14031293226850325,scr2014,mustOut,psngRoadPub
FI,h0228,0.13211642554171132,scr2014,mustOut,psngRoadPub
FI,h0229,0.15616219749061558,scr2014,mustOut,psngRoadPub
FI,h0230,0.20623214454177347,scr2014,mustOut,psngRoadPub
FI,h0231,0.23690116657363242,scr2014,mustOut,psngRoadPub
FI,h0232,0.2500354374751854,scr2014,mustOut,psngRoadPub
FI,h0233,0.30267694531638745,scr2014,mustOut,psngRoadPub
FI,h0234,0.3164996198835361,scr2014,mustOut,psngRoadPub
FI,h0235,0.3210522776589071,scr2014,mustOut,psngRoadPub
FI,h0236,0.22224250570033008,scr2014,mustOut,psngRoadPub
FI,h0237,0.13110220352805507,scr2014,mustOut,psngRoadPub
FI,h0238,0.06729001456573892,scr2014,mustOut,psngRoadPub
FI,h0239,0.04172467744398949,scr2014,mustOut,psngRoadPub
FI,h0240,0.029416901714293862,scr2014,mustOut,psngRoadPub
FI,h0241,0.015691297734169257,scr2014,mustOut,psngRoadPub
FI,h0242,0.003961876729022799,scr2014,mustOut,psngRoadPub
FI,h0243,0.0006659653557186793,scr2014,mustOut,psngRoadPub
FI,h0244,0.0016929472216877857,scr2014,mustOut,psngRoadPub
FI,h0245,0.0016929472216877857,scr2014,mustOut,psngRoadPub
FI,h0246,0.0008827491751746325,scr2014,mustOut,psngRoadPub
FI,h0247,0.0429536246621759,scr2014,mustOut,psngRoadPub
FI,h0248,0.17062157906188707,scr2014,mustOut,psngRoadPub
FI,h0249,0.2507906999177362,scr2014,mustOut,psngRoadPub
FI,h0250,0.2374311387655332,scr2014,mustOut,psngRoadPub
FI,h0251,0.14031293226850325,scr2014,mustOut,psngRoadPub
FI,h0252,0.13211642554171132,scr2014,mustOut,psngRoadPub
FI,h0253,0.19446491705532132,scr2014,mustOut,psngRoadPub
FI,h0254,0.2931985601174335,scr2014,mustOut,psngRoadPub
FI,h0255,0.35660843633087036,scr2014,mustOut,psngRoadPub
FI,h0256,0.3735638446880898,scr2014,mustOut,psngRoadPub
FI,h0257,0.37365991,scr2014,mustOut,psngRoadPub
FI,h0258,0.3481671759945253,scr2014,mustOut,psngRoadPub
FI,h0259,0.3084015174976115,scr2014,mustOut,psngRoadPub
FI,h0260,0.21486898499044288,scr2014,mustOut,psngRoadPub
FI,h0261,0.13110220352805507,scr2014,mustOut,psngRoadPub
FI,h0262,0.06729001456573892,scr2014,mustOut,psngRoadPub
FI,h0263,0.04172467744398949,scr2014,mustOut,psngRoadPub
FI,h0264,0.029416901714293862,scr2014,mustOut,psngRoadPub
FI,h0265,0.015691297734169257,scr2014,mustOut,psngRoadPub
FI,h0266,0.003961876729022799,scr2014,mustOut,psngRoadPub
FI,h0267,0.0,scr2014,mustOut,psngRoadPub
FI,h0268,0.0,scr2014,mustOut,psngRoadPub
FI,h0269,0.0,scr2014,mustOut,psngRoadPub
FI,h0270,0.001955730566381503,scr2014,mustOut,psngRoadPub
FI,h0271,0.04612088060678056,scr2014,mustOut,psngRoadPub
FI,h0272,0.1743231447021561,scr2014,mustOut,psngRoadPub
FI,h0273,0.2507906999177362,scr2014,mustOut,psngRoadPub
FI,h0274,0.2374311387655332,scr2014,mustOut,psngRoadPub
FI,h0275,0.14031293226850325,scr2014,mustOut,psngRoadPub
FI,h0276,0.13211642554171132,scr2014,mustOut,psngRoadPub
FI,h0277,0.15726582545513532,scr2014,mustOut,psngRoadPub
FI,h0278,0.19622741258678872,scr2014,mustOut,psngRoadPub
FI,h0279,0.1802541873357432,scr2014,mustOut,psngRoadPub
FI,h0280,0.1764732871516063,scr2014,mustOut,psngRoadPub
FI,h0281,0.20429510358420996,scr2014,mustOut,psngRoadPub
FI,h0282,0.27097722094389814,scr2014,mustOut,psngRoadPub
FI,h0283,0.2916229018759244,scr2014,mustOut,psngRoadPub
FI,h0284,0.22817923999964493,scr2014,mustOut,psngRoadPub
FI,h0285,0.13110220352805507,scr2014,mustOut,psngRoadPub
FI,h0286,0.06729001456573892,scr2014,mustOut,psngRoadPub
FI,h0287,0.04172467744398949,scr2014,mustOut,psngRoadPub
FI,h0288,0.029416901714293862,scr2014,mustOut,psngRoadPub
FI,h0289,0.015691297734169257,scr2014,mustOut,psngRoadPub
FI,h0290,0.003961876729022799,scr2014,mustOut,psngRoadPub
FI,h0291,0.0,scr2014,mustOut,psngRoadPub
FI,h0292,0.0,scr2014,mustOut,psngRoadPub
FI,h0293,0.0,scr2014,mustOut,psngRoadPub
FI,h0294,0.005623802830040327,scr2014,mustOut,psngRoadPub
FI,h0295,0.05102494009520706,scr2014,mustOut,psngRoadPub
FI,h0296,0.18001528021838203,scr2014,mustOut,psngRoadPub
FI,h0297,0.2507906999177362,scr2014,mustOut,psngRoadPub
FI,h0298,0.2374311387655332,scr2014,mustOut,psngRoadPub
FI,h0299,0.14031293226850325,scr2014,mustOut,psngRoadPub
FI,h0300,0.13211642554171132,scr2014,mustOut,psngRoadPub
FI,h0301,0.15726582545513532,scr2014,mustOut,psngRoadPub
FI,h0302,0.19622741258678872,scr2014,mustOut,psngRoadPub
FI,h0303,0.1802541873357432,scr2014,mustOut,psngRoadPub
FI,h0304,0.1764732871516063,scr2014,mustOut,psngRoadPub
FI,h0305,0.20429510358420996,scr2014,mustOut,psngRoadPub
FI,h0306,0.27097722094389814,scr2014,mustOut,psngRoadPub
FI,h0307,0.3214425997275043,scr2014,mustOut,psngRoadPub
FI,h0308,0.28741892372334815,scr2014,mustOut,psngRoadPub
FI,h0309,0.20659212842759592,scr2014,mustOut,psngRoadPub
FI,h0310,0.14095214111874038,scr2014,mustOut,psngRoadPub
FI,h0311,0.08311169596876257,scr2014,mustOut,psngRoadPub
FI,h0312,0.05444725086411779,scr2014,mustOut,psngRoadPub
FI,h0313,0.014989749632865878,scr2014,mustOut,psngRoadPub
FI,h0314,0.0053171340811378025,scr2014,mustOut,psngRoadPub
FI,h0315,0.0,scr2014,mustOut,psngRoadPub
FI,h0316,0.0,scr2014,mustOut,psngRoadPub
FI,h0317,0.0,scr2014,mustOut,psngRoadPub
FI,h0318,0.005623802830040327,scr2014,mustOut,psngRoadPub
FI,h0319,0.0178624097198924,scr2014,mustOut,psngRoadPub
FI,h0320,0.045737932283656225,scr2014,mustOut,psngRoadPub
FI,h0321,0.06865488295581738,scr2014,mustOut,psngRoadPub
FI,h0322,0.12024147072162887,scr2014,mustOut,psngRoadPub
FI,h0323,0.14168506792102636,scr2014,mustOut,psngRoadPub
FI,h0324,0.1969397771917844,scr2014,mustOut,psngRoadPub
FI,h0325,0.19449032441924344,scr2014,mustOut,psngRoadPub
FI,h0326,0.2175109945767058,scr2014,mustOut,psngRoadPub
FI,h0327,0.1802541873357432,scr2014,mustOut,psngRoadPub
FI,h0328,0.1764732871516063,scr2014,mustOut,psngRoadPub
FI,h0329,0.20429510358420996,scr2014,mustOut,psngRoadPub
FI,h0330,0.27097722094389814,scr2014,mustOut,psngRoadPub
FI,h0331,0.2766118708305797,scr2014,mustOut,psngRoadPub
FI,h0332,0.2418408351324062,scr2014,mustOut,psngRoadPub
FI,h0333,0.16244920278974545,scr2014,mustOut,psngRoadPub
FI,h0334,0.13360326407664952,scr2014,mustOut,psngRoadPub
FI,h0335,0.10472851615624189,scr2014,mustOut,psngRoadPub
FI,h0336,0.08631018456330525,scr2014,mustOut,psngRoadPub
FR,h0169,0.04866586950418297,scr2014,mustOut,psngRoadPub
FR,h0170,0.013699669872354072,scr2014,mustOut,psngRoadPub
FR,h0171,0.0,scr2014,mustOut,psngRoadPub
FR,h0172,0.0,scr2014,mustOut,psngRoadPub
FR,h0173,0.0,scr2014,mustOut,psngRoadPub
FR,h0174,0.005623802830040327,scr2014,mustOut,psngRoadPub
FR,h0175,0.021423336771113636,scr2014,mustOut,psngRoadPub
FR,h0176,0.04300106766887326,scr2014,mustOut,psngRoadPub
FR,h0177,0.07771620394684008,scr2014,mustOut,psngRoadPub
FR,h0178,0.14408590837569346,scr2014,mustOut,psngRoadPub
FR,h0179,0.2211710760271137,scr2014,mustOut,psngRoadPub
FR,h0180,0.2688638888831828,scr2014,mustOut,psngRoadPub
FR,h0181,0.24626886829308794,scr2014,mustOut,psngRoadPub
FR,h0182,0.2212228915365617,scr2014,mustOut,psngRoadPub
FR,h0183,0.18025418733574314,scr2014,mustOut,psngRoadPub
FR,h0184,0.1764732871516062,scr2014,mustOut,psngRoadPub
FR,h0185,0.2042951035842099,scr2014,mustOut,psngRoadPub
FR,h0186,0.27097722094389803,scr2014,mustOut,psngRoadPub
FR,h0187,0.2916229018759244,scr2014,mustOut,psngRoadPub
FR,h0188,0.22817923999964487,scr2014,mustOut,psngRoadPub
FR,h0189,0.13110220352805502,scr2014,mustOut,psngRoadPub
FR,h0190,0.0672900145657389,scr2014,mustOut,psngRoadPub
FR,h0191,0.041724677443989465,scr2014,mustOut,psngRoadPub
FR,h0192,0.029416901714293852,scr2014,mustOut,psngRoadPub
FR,h0193,0.015691297734169253,scr2014,mustOut,psngRoadPub
FR,h0194,0.003961876729022798,scr2014,mustOut,psngRoadPub
FR,h0195,0.0,scr2014,mustOut,psngRoadPub
FR,h0196,0.0,scr2014,mustOut,psngRoadPub
FR,h0197,0.0,scr2014,mustOut,psngRoadPub
FR,h0198,0.005623802830040327,scr2014,mustOut,psngRoadPub
FR,h0199,0.017862409719892388,scr2014,mustOut,psngRoadPub
FR,h0200,0.0457379322836562,scr2014,mustOut,psngRoadPub
FR,h0201,0.06865488295581737,scr2014,mustOut,psngRoadPub
FR,h0202,0.12024147072162883,scr2014,mustOut,psngRoadPub
FR,h0203,0.1416850679210263,scr2014,mustOut,psngRoadPub
FR,h0204,0.19693977719178438,scr2014,mustOut,psngRoadPub
FR,h0205,0.19335929341599276,scr2014,mustOut,psngRoadPub
FR,h0206,0.22763252557650546,scr2014,mustOut,psngRoadPub
FR,h0207,0.23690116657363233,scr2014,mustOut,psngRoadPub
FR,h0208,0.2500354374751853,scr2014,mustOut,psngRoadPub
FR,h0209,0.3026769453163872,scr2014,mustOut,psngRoadPub
FR,h0210,0.3164996198835358,scr2014,mustOut,psngRoadPub
FR,h0211,0.3210522776589069,scr2014,mustOut,psngRoadPub
FR,h0212,0.22224250570033,scr2014,mustOut,psngRoadPub
FR,h0213,0.13110220352805502,scr2014,mustOut,psngRoadPub
FR,h0214,0.0672900145657389,scr2014,mustOut,psngRoadPub
FR,h0215,0.041724677443989465,scr2014,mustOut,psngRoadPub
FR,h0216,0.029416901714293852,scr2014,mustOut,psngRoadPub
FR,h0217,0.015691297734169253,scr2014,mustOut,psngRoadPub
FR,h0218,0.003961876729022798,scr2014,mustOut,psngRoadPub
FR,h0219,0.0,scr2014,mustOut,psngRoadPub
FR,h0220,0.0,scr2014,mustOut,psngRoadPub
FR,h0221,0.0,scr2014,mustOut,psngRoadPub
FR,h0222,0.005623802830040327,scr2014,mustOut,psngRoadPub
FR,h0223,0.05102494009520705,scr2014,mustOut,psngRoadPub
FR,h0224,0.180015280218382,scr2014,mustOut,psngRoadPub
FR,h0225,0.2507906999177362,scr2014,mustOut,psngRoadPub
FR,h0226,0.23743113876553315,scr2014,mustOut,psngRoadPub
FR,h0227,0.14031293226850322,scr2014,mustOut,psngRoadPub
FR,h0228,0.13211642554171124,scr2014,mustOut,psngRoadPub
FR,h0229,0.15616219749061552,scr2014,mustOut,psngRoadPub
FR,h0230,0.20623214454177338,scr2014,mustOut,psngRoadPub
FR,h0231,0.23690116657363233,scr2014,mustOut,psngRoadPub
FR,h0232,0.2500354374751853,scr2014,mustOut,psngRoadPub
FR,h0233,0.3026769453163872,scr2014,mustOut,psngRoadPub
FR,h0234,0.3164996198835358,scr2014,mustOut,psngRoadPub
FR,h0235,0.3210522776589069,scr2014,mustOut,psngRoadPub
FR,h0236,0.22224250570033,scr2014,mustOut,psngRoadPub
FR,h0237,0.13110220352805502,scr2014,mustOut,psngRoadPub
FR,h0238,0.0672900145657389,scr2014,mustOut,psngRoadPub
FR,h0239,0.041724677443989465,scr2014,mustOut,psngRoadPub
FR,h0240,0.029416901714293852,scr2014,mustOut,psngRoadPub
FR,h0241,0.015691297734169253,scr2014,mustOut,psngRoadPub
FR,h0242,0.003961876729022798,scr2014,mustOut,psngRoadPub
FR,h0243,0.000665965355718679,scr2014,mustOut,psngRoadPub
FR,h0244,0.0016929472216877847,scr2014,mustOut,psngRoadPub
FR,h0245,0.0016929472216877847,scr2014,mustOut,psngRoadPub
FR,h0246,0.0008827491751746319,scr2014,mustOut,psngRoadPub
FR,h0247,0.042953624662175886,scr2014,mustOut,psngRoadPub
FR,h0248,0.17062157906188705,scr2014,mustOut,psngRoadPub
FR,h0249,0.2507906999177362,scr2014,mustOut,psngRoadPub
FR,h0250,0.23743113876553315,scr2014,mustOut,psngRoadPub
FR,h0251,0.14031293226850322,scr2014,mustOut,psngRoadPub
FR,h0252,0.13211642554171124,scr2014,mustOut,psngRoadPub
FR,h0253,0.19446491705532126,scr2014,mustOut,psngRoadPub
FR,h0254,0.2931985601174334,scr2014,mustOut,psngRoadPub
FR,h0255,0.35660843633087025,scr2014,mustOut,psngRoadPub
FR,h0256,0.37356384468808973,scr2014,mustOut,psngRoadPub
FR,h0257,0.3736599099999999,scr2014,mustOut,psngRoadPub
FR,h0258,0.3481671759945251,scr2014,mustOut,psngRoadPub
FR,h0259,0.3084015174976114,scr2014,mustOut,psngRoadPub
FR,h0260,0.21486898499044277,scr2014,mustOut,psngRoadPub
FR,h0261,0.13110220352805502,scr2014,mustOut,psngRoadPub
FR,h0262,0.0672900145657389,scr2014,mustOut,psngRoadPub
FR,h0263,0.041724677443989465,scr2014,mustOut,psngRoadPub
FR,h0264,0.029416901714293852,scr2014,mustOut,psngRoadPub
FR,h0265,0.015691297734169253,scr2014,mustOut,psngRoadPub
FR,h0266,0.003961876729022798,scr2014,mustOut,psngRoadPub
FR,h0267,0.0,scr2014,mustOut,psngRoadPub
FR,h0268,0.0,scr2014,mustOut,psngRoadPub
FR,h0269,0.0,scr2014,mustOut,psngRoadPub
FR,h0270,0.001955730566381502,scr2014,mustOut,psngRoadPub
FR,h0271,0.04612088060678054,scr2014,mustOut,psngRoadPub
FR,h0272,0.17432314470215604,scr2014,mustOut,psngRoadPub
FR,h0273,0.2507906999177362,scr2014,mustOut,psngRoadPub
FR,h0274,0.23743113876553315,scr2014,mustOut,psngRoadPub
FR,h0275,0.14031293226850322,scr2014,mustOut,psngRoadPub
FR,h0276,0.13211642554171124,scr2014,mustOut,psngRoadPub
FR,h0277,0.15726582545513526,scr2014,mustOut,psngRoadPub
FR,h0278,0.19622741258678864,scr2014,mustOut,psngRoadPub
FR,h0279,0.18025418733574314,scr2014,mustOut,psngRoadPub
FR,h0280,0.1764732871516062,scr2014,mustOut,psngRoadPub
FR,h0281,0.2042951035842099,scr2014,mustOut,psngRoadPub
FR,h0282,0.27097722094389803,scr2014,mustOut,psngRoadPub
FR,h0283,0.2916229018759244,scr2014,mustOut,psngRoadPub
FR,h0284,0.22817923999964487,scr2014,mustOut,psngRoadPub
FR,h0285,0.13110220352805502,scr2014,mustOut,psngRoadPub
FR,h0286,0.0672900145657389,scr2014,mustOut,psngRoadPub
FR,h0287,0.041724677443989465,scr2014,mustOut,psngRoadPub
FR,h0288,0.029416901714293852,scr2014,mustOut,psngRoadPub
FR,h0289,0.015691297734169253,scr2014,mustOut,psngRoadPub
FR,h0290,0.003961876729022798,scr2014,mustOut,psngRoadPub
FR,h0291,0.0,scr2014,mustOut,psngRoadPub
FR,h0292,0.0,scr2014,mustOut,psngRoadPub
FR,h0293,0.0,scr2014,mustOut,psngRoadPub
FR,h0294,0.005623802830040327,scr2014,mustOut,psngRoadPub
FR,h0295,0.05102494009520705,scr2014,mustOut,psngRoadPub
FR,h0296,0.180015280218382,scr2014,mustOut,psngRoadPub
FR,h0297,0.2507906999177362,scr2014,mustOut,psngRoadPub
FR,h0298,0.23743113876553315,scr2014,mustOut,psngRoadPub
FR,h0299,0.14031293226850322,scr2014,mustOut,psngRoadPub
FR,h0300,0.13211642554171124,scr2014,mustOut,psngRoadPub
FR,h0301,0.15726582545513526,scr2014,mustOut,psngRoadPub
FR,h0302,0.19622741258678864,scr2014,mustOut,psngRoadPub
FR,h0303,0.18025418733574314,scr2014,mustOut,psngRoadPub
FR,h0304,0.1764732871516062,scr2014,mustOut,psngRoadPub
FR,h0305,0.2042951035842099,scr2014,mustOut,psngRoadPub
FR,h0306,0.27097722094389803,scr2014,mustOut,psngRoadPub
FR,h0307,0.3214425997275043,scr2014,mustOut,psngRoadPub
FR,h0308,0.28741892372334804,scr2014,mustOut,psngRoadPub
FR,h0309,0.2065921284275958,scr2014,mustOut,psngRoadPub
FR,h0310,0.14095214111874027,scr2014,mustOut,psngRoadPub
FR,h0311,0.08311169596876254,scr2014,mustOut,psngRoadPub
FR,h0312,0.054447250864117766,scr2014,mustOut,psngRoadPub
FR,h0313,0.014989749632865873,scr2014,mustOut,psngRoadPub
FR,h0314,0.005317134081137799,scr2014,mustOut,psngRoadPub
FR,h0315,0.0,scr2014,mustOut,psngRoadPub
FR,h0316,0.0,scr2014,mustOut,psngRoadPub
FR,h0317,0.0,scr2014,mustOut,psngRoadPub
FR,h0318,0.005623802830040327,scr2014,mustOut,psngRoadPub
FR,h0319,0.017862409719892388,scr2014,mustOut,psngRoadPub
FR,h0320,0.0457379322836562,scr2014,mustOut,psngRoadPub
FR,h0321,0.06865488295581737,scr2014,mustOut,psngRoadPub
FR,h0322,0.12024147072162883,scr2014,mustOut,psngRoadPub
FR,h0323,0.1416850679210263,scr2014,mustOut,psngRoadPub
FR,h0324,0.19693977719178438,scr2014,mustOut,psngRoadPub
FR,h0325,0.19449032441924338,scr2014,mustOut,psngRoadPub
FR,h0326,0.21751099457670575,scr2014,mustOut,psngRoadPub
FR,h0327,0.18025418733574314,scr2014,mustOut,psngRoadPub
FR,h0328,0.1764732871516062,scr2014,mustOut,psngRoadPub
FR,h0329,0.2042951035842099,scr2014,mustOut,psngRoadPub
FR,h0330,0.27097722094389803,scr2014,mustOut,psngRoadPub
FR,h0331,0.2766118708305797,scr2014,mustOut,psngRoadPub
FR,h0332,0.24184083513240615,scr2014,mustOut,psngRoadPub
FR,h0333,0.16244920278974537,scr2014,mustOut,psngRoadPub
FR,h0334,0.13360326407664946,scr2014,mustOut,psngRoadPub
FR,h0335,0.10472851615624186,scr2014,mustOut,psngRoadPub
FR,h0336,0.08631018456330519,scr2014,mustOut,psngRoadPub
IT,h0169,0.04866586950418303,scr2014,mustOut,psngRoadPub
IT,h0170,0.013699669872354086,scr2014,mustOut,psngRoadPub
IT,h0171,0.0,scr2014,mustOut,psngRoadPub
IT,h0172,0.0,scr2014,mustOut,psngRoadPub
IT,h0173,0.0,scr2014,mustOut,psngRoadPub
IT,h0174,0.005623802830040331,scr2014,mustOut,psngRoadPub
IT,h0175,0.021423336771113657,scr2014,mustOut,psngRoadPub
IT,h0176,0.043001067668873294,scr2014,mustOut,psngRoadPub
IT,h0177,0.07771620394684013,scr2014,mustOut,psngRoadPub
IT,h0178,0.1440859083756936,scr2014,mustOut,psngRoadPub
IT,h0179,0.22117107602711386,scr2014,mustOut,psngRoadPub
IT,h0180,0.26886388888318297,scr2014,mustOut,psngRoadPub
IT,h0181,0.24626886829308803,scr2014,mustOut,psngRoadPub
IT,h0182,0.22122289153656186,scr2014,mustOut,psngRoadPub
IT,h0183,0.18025418733574322,scr2014,mustOut,psngRoadPub
IT,h0184,0.17647328715160635,scr2014,mustOut,psngRoadPub
IT,h0185,0.20429510358421005,scr2014,mustOut,psngRoadPub
IT,h0186,0.2709772209438982,scr2014,mustOut,psngRoadPub
IT,h0187,0.2916229018759245,scr2014,mustOut,psngRoadPub
IT,h0188,0.228179239999645,scr2014,mustOut,psngRoadPub
IT,h0189,0.13110220352805513,scr2014,mustOut,psngRoadPub
IT,h0190,0.06729001456573892,scr2014,mustOut,psngRoadPub
IT,h0191,0.04172467744398949,scr2014,mustOut,psngRoadPub
IT,h0192,0.029416901714293873,scr2014,mustOut,psngRoadPub
IT,h0193,0.015691297734169263,scr2014,mustOut,psngRoadPub
IT,h0194,0.003961876729022801,scr2014,mustOut,psngRoadPub
IT,h0195,0.0,scr2014,mustOut,psngRoadPub
IT,h0196,0.0,scr2014,mustOut,psngRoadPub
IT,h0197,0.0,scr2014,mustOut,psngRoadPub
IT,h0198,0.005623802830040331,scr2014,mustOut,psngRoadPub
IT,h0199,0.017862409719892402,scr2014,mustOut,psngRoadPub
IT,h0200,0.04573793228365624,scr2014,mustOut,psngRoadPub
IT,h0201,0.06865488295581741,scr2014,mustOut,psngRoadPub
IT,h0202,0.12024147072162891,scr2014,mustOut,psngRoadPub
IT,h0203,0.1416850679210264,scr2014,mustOut,psngRoadPub
IT,h0204,0.1969397771917845,scr2014,mustOut,psngRoadPub
IT,h0205,0.1933592934159928,scr2014,mustOut,psngRoadPub
IT,h0206,0.22763252557650562,scr2014,mustOut,psngRoadPub
IT,h0207,0.2369011665736325,scr2014,mustOut,psngRoadPub
IT,h0208,0.25003543747518553,scr2014,mustOut,psngRoadPub
IT,h0209,0.30267694531638756,scr2014,mustOut,psngRoadPub
IT,h0210,0.3164996198835362,scr2014,mustOut,psngRoadPub
IT,h0211,0.3210522776589072,scr2014,mustOut,psngRoadPub
IT,h0212,0.22224250570033013,scr2014,mustOut,psngRoadPub
IT,h0213,0.13110220352805513,scr2014,mustOut,psngRoadPub
IT,h0214,0.06729001456573892,scr2014,mustOut,psngRoadPub
IT,h0215,0.04172467744398949,scr2014,mustOut,psngRoadPub
IT,h0216,0.029416901714293873,scr2014,mustOut,psngRoadPub
IT,h0217,0.015691297734169263,scr2014,mustOut,psngRoadPub
IT,h0218,0.003961876729022801,scr2014,mustOut,psngRoadPub
IT,h0219,0.0,scr2014,mustOut,psngRoadPub
IT,h0220,0.0,scr2014,mustOut,psngRoadPub
IT,h0221,0.0,scr2014,mustOut,psngRoadPub
IT,h0222,0.005623802830040331,scr2014,mustOut,psngRoadPub
IT,h0223,0.05102494009520708,scr2014,mustOut,psngRoadPub
IT,h0224,0.18001528021838212,scr2014,mustOut,psngRoadPub
IT,h0225,0.25079069991773634,scr2014,mustOut,psngRoadPub
IT,h0226,0.2374311387655333,scr2014,mustOut,psngRoadPub
IT,h0227,0.1403129322685033,scr2014,mustOut,psngRoadPub
IT,h0228,0.13211642554171138,scr2014,mustOut,psngRoadPub
IT,h0229,0.15616219749061563,scr2014,mustOut,psngRoadPub
IT,h0230,0.20623214454177352,scr2014,mustOut,psngRoadPub
IT,h0231,0.2369011665736325,scr2014,mustOut,psngRoadPub
IT,h0232,0.25003543747518553,scr2014,mustOut,psngRoadPub
IT,h0233,0.30267694531638756,scr2014,mustOut,psngRoadPub
IT,h0234,0.3164996198835362,scr2014,mustOut,psngRoadPub
IT,h0235,0.3210522776589072,scr2014,mustOut,psngRoadPub
IT,h0236,0.22224250570033013,scr2014,mustOut,psngRoadPub
IT,h0237,0.13110220352805513,scr2014,mustOut,psngRoadPub
IT,h0238,0.06729001456573892,scr2014,mustOut,psngRoadPub
IT,h0239,0.04172467744398949,scr2014,mustOut,psngRoadPub
IT,h0240,0.029416901714293873,scr2014,mustOut,psngRoadPub
IT,h0241,0.015691297734169263,scr2014,mustOut,psngRoadPub
IT,h0242,0.003961876729022801,scr2014,mustOut,psngRoadPub
IT,h0243,0.0006659653557186795,scr2014,mustOut,psngRoadPub
IT,h0244,0.0016929472216877864,scr2014,mustOut,psngRoadPub
IT,h0245,0.0016929472216877864,scr2014,mustOut,psngRoadPub
IT,h0246,0.0008827491751746328,scr2014,mustOut,psngRoadPub
IT,h0247,0.042953624662175914,scr2014,mustOut,psngRoadPub
IT,h0248,0.17062157906188713,scr2014,mustOut,psngRoadPub
IT,h0249,0.25079069991773634,scr2014,mustOut,psngRoadPub
IT,h0250,0.2374311387655333,scr2014,mustOut,psngRoadPub
IT,h0251,0.1403129322685033,scr2014,mustOut,psngRoadPub
IT,h0252,0.13211642554171138,scr2014,mustOut,psngRoadPub
IT,h0253,0.1944649170553214,scr2014,mustOut,psngRoadPub
IT,h0254,0.2931985601174336,scr2014,mustOut,psngRoadPub
IT,h0255,0.3566084363308705,scr2014,mustOut,psngRoadPub
IT,h0256,0.3735638446880899,scr2014,mustOut,psngRoadPub
IT,h0257,0.37365991,scr2014,mustOut,psngRoadPub
IT,h0258,0.34816717599452535,scr2014,mustOut,psngRoadPub
IT,h0259,0.30840151749761163,scr2014,mustOut,psngRoadPub
IT,h0260,0.21486898499044296,scr2014,mustOut,psngRoadPub
IT,h0261,0.13110220352805513,scr2014,mustOut,psngRoadPub
IT,h0262,0.06729001456573892,scr2014,mustOut,psngRoadPub
IT,h0263,0.04172467744398949,scr2014,mustOut,psngRoadPub
IT,h0264,0.029416901714293873,scr2014,mustOut,psngRoadPub
IT,h0265,0.015691297734169263,scr2014,mustOut,psngRoadPub
IT,h0266,0.003961876729022801,scr2014,mustOut,psngRoadPub
IT,h0267,0.0,scr2014,mustOut,psngRoadPub
IT,h0268,0.0,scr2014,mustOut,psngRoadPub
IT,h0269,0.0,scr2014,mustOut,psngRoadPub
IT,h0270,0.0019557305663815035,scr2014,mustOut,psngRoadPub
IT,h0271,0.04612088060678057,scr2014,mustOut,psngRoadPub
IT,h0272,0.17432314470215615,scr2014,mustOut,psngRoadPub
IT,h0273,0.25079069991773634,scr2014,mustOut,psngRoadPub
IT,h0274,0.2374311387655333,scr2014,mustOut,psngRoadPub
IT,h0275,0.1403129322685033,scr2014,mustOut,psngRoadPub
IT,h0276,0.13211642554171138,scr2014,mustOut,psngRoadPub
IT,h0277,0.15726582545513537,scr2014,mustOut,psngRoadPub
IT,h0278,0.19622741258678875,scr2014,mustOut,psngRoadPub
IT,h0279,0.18025418733574322,scr2014,mustOut,psngRoadPub
IT,h0280,0.17647328715160635,scr2014,mustOut,psngRoadPub
IT,h0281,0.20429510358421005,scr2014,mustOut,psngRoadPub
IT,h0282,0.2709772209438982,scr2014,mustOut,psngRoadPub
IT,h0283,0.2916229018759245,scr2014,mustOut,psngRoadPub
IT,h0284,0.228179239999645,scr2014,mustOut,psngRoadPub
IT,h0285,0.13110220352805513,scr2014,mustOut,psngRoadPub
IT,h0286,0.06729001456573892,scr2014,mustOut,psngRoadPub
IT,h0287,0.04172467744398949,scr2014,mustOut,psngRoadPub
IT,h0288,0.029416901714293873,scr2014,mustOut,psngRoadPub
IT,h0289,0.015691297734169263,scr2014,mustOut,psngRoadPub
IT,h0290,0.003961876729022801,scr2014,mustOut,psngRoadPub
IT,h0291,0.0,scr2014,mustOut,psngRoadPub
IT,h0292,0.0,scr2014,mustOut,psngRoadPub
IT,h0293,0.0,scr2014,mustOut,psngRoadPub
IT,h0294,0.005623802830040331,scr2014,mustOut,psngRoadPub
IT,h0295,0.05102494009520708,scr2014,mustOut,psngRoadPub
IT,h0296,0.18001528021838212,scr2014,mustOut,psngRoadPub
IT,h0297,0.25079069991773634,scr2014,mustOut,psngRoadPub
IT,h0298,0.2374311387655333,scr2014,mustOut,psngRoadPub
IT,h0299,0.1403129322685033,scr2014,mustOut,psngRoadPub
IT,h0300,0.13211642554171138,scr2014,mustOut,psngRoadPub
IT,h0301,0.15726582545513537,scr2014,mustOut,psngRoadPub
IT,h0302,0.19622741258678875,scr2014,mustOut,psngRoadPub
IT,h0303,0.18025418733574322,scr2014,mustOut,psngRoadPub
IT,h0304,0.17647328715160635,scr2014,mustOut,psngRoadPub
IT,h0305,0.20429510358421005,scr2014,mustOut,psngRoadPub
IT,h0306,0.2709772209438982,scr2014,mustOut,psngRoadPub
IT,h0307,0.3214425997275044,scr2014,mustOut,psngRoadPub
IT,h0308,0.28741892372334815,scr2014,mustOut,psngRoadPub
IT,h0309,0.20659212842759597,scr2014,mustOut,psngRoadPub
IT,h0310,0.14095214111874044,scr2014,mustOut,psngRoadPub
IT,h0311,0.0831116959687626,scr2014,mustOut,psngRoadPub
IT,h0312,0.054447250864117815,scr2014,mustOut,psngRoadPub
IT,h0313,0.014989749632865887,scr2014,mustOut,psngRoadPub
IT,h0314,0.005317134081137804,scr2014,mustOut,psngRoadPub
IT,h0315,0.0,scr2014,mustOut,psngRoadPub
IT,h0316,0.0,scr2014,mustOut,psngRoadPub
IT,h0317,0.0,scr2014,mustOut,psngRoadPub
IT,h0318,0.005623802830040331,scr2014,mustOut,psngRoadPub
IT,h0319,0.017862409719892402,scr2014,mustOut,psngRoadPub
IT,h0320,0.04573793228365624,scr2014,mustOut,psngRoadPub
IT,h0321,0.06865488295581741,scr2014,mustOut,psngRoadPub
IT,h0322,0.12024147072162891,scr2014,mustOut,psngRoadPub
IT,h0323,0.1416850679210264,scr2014,mustOut,psngRoadPub
IT,h0324,0.1969397771917845,scr2014,mustOut,psngRoadPub
IT,h0325,0.1944903244192435,scr2014,mustOut,psngRoadPub
IT,h0326,0.21751099457670586,scr2014,mustOut,psngRoadPub
IT,h0327,0.18025418733574322,scr2014,mustOut,psngRoadPub
IT,h0328,0.17647328715160635,scr2014,mustOut,psngRoadPub
IT,h0329,0.20429510358421005,scr2014,mustOut,psngRoadPub
IT,h0330,0.2709772209438982,scr2014,mustOut,psngRoadPub
IT,h0331,0.2766118708305798,scr2014,mustOut,psngRoadPub
IT,h0332,0.24184083513240628,scr2014,mustOut,psngRoadPub
IT,h0333,0.1624492027897455,scr2014,mustOut,psngRoadPub
IT,h0334,0.13360326407664957,scr2014,mustOut,psngRoadPub
IT,h0335,0.10472851615624194,scr2014,mustOut,psngRoadPub
IT,h0336,0.08631018456330528,scr2014,mustOut,psngRoadPub
NL,h0169,0.048665869504183015,scr2014,mustOut,psngRoadPub
NL,h0170,0.013699669872354084,scr2014,mustOut,psngRoadPub
NL,h0171,0.0,scr2014,mustOut,psngRoadPub
NL,h0172,0.0,scr2014,mustOut,psngRoadPub
NL,h0173,0.0,scr2014,mustOut,psngRoadPub
NL,h0174,0.005623802830040327,scr2014,mustOut,psngRoadPub
NL,h0175,0.021423336771113646,scr2014,mustOut,psngRoadPub
NL,h0176,0.043001067668873294,scr2014,mustOut,psngRoadPub
NL,h0177,0.07771620394684013,scr2014,mustOut,psngRoadPub
NL,h0178,0.14408590837569354,scr2014,mustOut,psngRoadPub
NL,h0179,0.22117107602711378,scr2014,mustOut,psngRoadPub
NL,h0180,0.26886388888318297,scr2014,mustOut,psngRoadPub
NL,h0181,0.24626886829308794,scr2014,mustOut,psngRoadPub
NL,h0182,0.22122289153656177,scr2014,mustOut,psngRoadPub
NL,h0183,0.1802541873357432,scr2014,mustOut,psngRoadPub
NL,h0184,0.1764732871516063,scr2014,mustOut,psngRoadPub
NL,h0185,0.20429510358420996,scr2014,mustOut,psngRoadPub
NL,h0186,0.27097722094389814,scr2014,mustOut,psngRoadPub
NL,h0187,0.2916229018759244,scr2014,mustOut,psngRoadPub
NL,h0188,0.22817923999964493,scr2014,mustOut,psngRoadPub
NL,h0189,0.13110220352805507,scr2014,mustOut,psngRoadPub
NL,h0190,0.06729001456573892,scr2014,mustOut,psngRoadPub
NL,h0191,0.04172467744398949,scr2014,mustOut,psngRoadPub
NL,h0192,0.029416901714293862,scr2014,mustOut,psngRoadPub
NL,h0193,0.015691297734169257,scr2014,mustOut,psngRoadPub
NL,h0194,0.003961876729022799,scr2014,mustOut,psngRoadPub
NL,h0195,0.0,scr2014,mustOut,psngRoadPub
NL,h0196,0.0,scr2014,mustOut,psngRoadPub
NL,h0197,0.0,scr2014,mustOut,psngRoadPub
NL,h0198,0.005623802830040327,scr2014,mustOut,psngRoadPub
NL,h0199,0.0178624097198924,scr2014,mustOut,psngRoadPub
NL,h0200,0.045737932283656225,scr2014,mustOut,psngRoadPub
NL,h0201,0.06865488295581738,scr2014,mustOut,psngRoadPub
NL,h0202,0.12024147072162887,scr2014,mustOut,psngRoadPub
NL,h0203,0.14168506792102636,scr2014,mustOut,psngRoadPub
NL,h0204,0.1969397771917844,scr2014,mustOut,psngRoadPub
NL,h0205,0.19335929341599276,scr2014,mustOut,psngRoadPub
NL,h0206,0.22763252557650548,scr2014,mustOut,psngRoadPub
NL,h0207,0.23690116657363242,scr2014,mustOut,psngRoadPub
NL,h0208,0.2500354374751854,scr2014,mustOut,psngRoadPub
NL,h0209,0.30267694531638745,scr2014,mustOut,psngRoadPub
NL,h0210,0.3164996198835361,scr2014,mustOut,psngRoadPub
NL,h0211,0.3210522776589071,scr2014,mustOut,psngRoadPub
NL,h0212,0.22224250570033008,scr2014,mustOut,psngRoadPub
NL,h0213,0.13110220352805507,scr2014,mustOut,psngRoadPub
NL,h0214,0.06729001456573892,scr2014,mustOut,psngRoadPub
NL,h0215,0.04172467744398949,scr2014,mustOut,psngRoadPub
NL,h0216,0.029416901714293862,scr2014,mustOut,psngRoadPub
NL,h0217,0.015691297734169257,scr2014,mustOut,psngRoadPub
NL,h0218,0.003961876729022799,scr2014,mustOut,psngRoadPub
NL,h0219,0.0,scr2014,mustOut,psngRoadPub
NL,h0220,0.0,scr2014,mustOut,psngRoadPub
NL,h0221,0.0,scr2014,mustOut,psngRoadPub
NL,h0222,0.005623802830040327,scr2014,mustOut,psngRoadPub
NL,h0223,0.05102494009520706,scr2014,mustOut,psngRoadPub
NL,h0224,0.18001528021838203,scr2014,mustOut,psngRoadPub
NL,h0225,0.2507906999177362,scr2014,mustOut,psngRoadPub
NL,h0226,0.2374311387655332,scr2014,mustOut,psngRoadPub
NL,h0227,0.14031293226850325,scr2014,mustOut,psngRoadPub
NL,h0228,0.13211642554171132,scr2014,mustOut,psngRoadPub
NL,h0229,0.15616219749061558,scr2014,mustOut,psngRoadPub
NL,h0230,0.20623214454177347,scr2014,mustOut,psngRoadPub
NL,h0231,0.23690116657363242,scr2014,mustOut,psngRoadPub
NL,h0232,0.2500354374751854,scr2014,mustOut,psngRoadPub
NL,h0233,0.30267694531638745,scr2014,mustOut,psngRoadPub
NL,h0234,0.3164996198835361,scr2014,mustOut,psngRoadPub
NL,h0235,0.3210522776589071,scr2014,mustOut,psngRoadPub
NL,h0236,0.22224250570033008,scr2014,mustOut,psngRoadPub
NL,h0237,0.13110220352805507,scr2014,mustOut,psngRoadPub
NL,h0238,0.06729001456573892,scr2014,mustOut,psngRoadPub
NL,h0239,0.04172467744398949,scr2014,mustOut,psngRoadPub
NL,h0240,0.029416901714293862,scr2014,mustOut,psngRoadPub
NL,h0241,0.015691297734169257,scr2014,mustOut,psngRoadPub
NL,h0242,0.003961876729022799,scr2014,mustOut,psngRoadPub
NL,h0243,0.0006659653557186793,scr2014,mustOut,psngRoadPub
NL,h0244,0.0016929472216877857,scr2014,mustOut,psngRoadPub
NL,h0245,0.0016929472216877857,scr2014,mustOut,psngRoadPub
NL,h0246,0.0008827491751746325,scr2014,mustOut,psngRoadPub
NL,h0247,0.0429536246621759,scr2014,mustOut,psngRoadPub
NL,h0248,0.17062157906188707,scr2014,mustOut,psngRoadPub
NL,h0249,0.2507906999177362,scr2014,mustOut,psngRoadPub
NL,h0250,0.2374311387655332,scr2014,mustOut,psngRoadPub
NL,h0251,0.14031293226850325,scr2014,mustOut,psngRoadPub
NL,h0252,0.13211642554171132,scr2014,mustOut,psngRoadPub
NL,h0253,0.19446491705532132,scr2014,mustOut,psngRoadPub
NL,h0254,0.2931985601174335,scr2014,mustOut,psngRoadPub
NL,h0255,0.35660843633087036,scr2014,mustOut,psngRoadPub
NL,h0256,0.3735638446880898,scr2014,mustOut,psngRoadPub
NL,h0257,0.37365991,scr2014,mustOut,psngRoadPub
NL,h0258,0.3481671759945253,scr2014,mustOut,psngRoadPub
NL,h0259,0.3084015174976115,scr2014,mustOut,psngRoadPub
NL,h0260,0.21486898499044288,scr2014,mustOut,psngRoadPub
NL,h0261,0.13110220352805507,scr2014,mustOut,psngRoadPub
NL,h0262,0.06729001456573892,scr2014,mustOut,psngRoadPub
NL,h0263,0.04172467744398949,scr2014,mustOut,psngRoadPub
NL,h0264,0.029416901714293862,scr2014,mustOut,psngRoadPub
NL,h0265,0.015691297734169257,scr2014,mustOut,psngRoadPub
NL,h0266,0.003961876729022799,scr2014,mustOut,psngRoadPub
NL,h0267,0.0,scr2014,mustOut,psngRoadPub
NL,h0268,0.0,scr2014,mustOut,psngRoadPub
NL,h0269,0.0,scr2014,mustOut,psngRoadPub
NL,h0270,0.001955730566381503,scr2014,mustOut,psngRoadPub
NL,h0271,0.04612088060678056,scr2014,mustOut,psngRoadPub
NL,h0272,0.1743231447021561,scr2014,mustOut,psngRoadPub
NL,h0273,0.2507906999177362,scr2014,mustOut,psngRoadPub
NL,h0274,0.2374311387655332,scr2014,mustOut,psngRoadPub
NL,h0275,0.14031293226850325,scr2014,mustOut,psngRoadPub
NL,h0276,0.13211642554171132,scr2014,mustOut,psngRoadPub
NL,h0277,0.15726582545513532,scr2014,mustOut,psngRoadPub
NL,h0278,0.19622741258678872,scr2014,mustOut,psngRoadPub
NL,h0279,0.1802541873357432,scr2014,mustOut,psngRoadPub
NL,h0280,0.1764732871516063,scr2014,mustOut,psngRoadPub
NL,h0281,0.20429510358420996,scr2014,mustOut,psngRoadPub
NL,h0282,0.27097722094389814,scr2014,mustOut,psngRoadPub
NL,h0283,0.2916229018759244,scr2014,mustOut,psngRoadPub
NL,h0284,0.22817923999964493,scr2014,mustOut,psngRoadPub
NL,h0285,0.13110220352805507,scr2014,mustOut,psngRoadPub
NL,h0286,0.06729001456573892,scr2014,mustOut,psngRoadPub
NL,h0287,0.04172467744398949,scr2014,mustOut,psngRoadPub
NL,h0288,0.029416901714293862,scr2014,mustOut,psngRoadPub
NL,h0289,0.015691297734169257,scr2014,mustOut,psngRoadPub
NL,h0290,0.003961876729022799,scr2014,mustOut,psngRoadPub
NL,h0291,0.0,scr2014,mustOut,psngRoadPub
NL,h0292,0.0,scr2014,mustOut,psngRoadPub
NL,h0293,0.0,scr2014,mustOut,psngRoadPub
NL,h0294,0.005623802830040327,scr2014,mustOut,psngRoadPub
NL,h0295,0.05102494009520706,scr2014,mustOut,psngRoadPub
NL,h0296,0.18001528021838203,scr2014,mustOut,psngRoadPub
NL,h0297,0.2507906999177362,scr2014,mustOut,psngRoadPub
NL,h0298,0.2374311387655332,scr2014,mustOut,psngRoadPub
NL,h0299,0.14031293226850325,scr2014,mustOut,psngRoadPub
NL,h0300,0.13211642554171132,scr2014,mustOut,psngRoadPub
NL,h0301,0.15726582545513532,scr2014,mustOut,psngRoadPub
NL,h0302,0.19622741258678872,scr2014,mustOut,psngRoadPub
NL,h0303,0.1802541873357432,scr2014,mustOut,psngRoadPub
NL,h0304,0.1764732871516063,scr2014,mustOut,psngRoadPub
NL,h0305,0.20429510358420996,scr2014,mustOut,psngRoadPub
NL,h0306,0.27097722094389814,scr2014,mustOut,psngRoadPub
NL,h0307,0.3214425997275043,scr2014,mustOut,psngRoadPub
NL,h0308,0.28741892372334815,scr2014,mustOut,psngRoadPub
NL,h0309,0.20659212842759592,scr2014,mustOut,psngRoadPub
NL,h0310,0.14095214111874038,scr2014,mustOut,psngRoadPub
NL,h0311,0.08311169596876257,scr2014,mustOut,psngRoadPub
NL,h0312,0.05444725086411779,scr2014,mustOut,psngRoadPub
NL,h0313,0.014989749632865878,scr2014,mustOut,psngRoadPub
NL,h0314,0.0053171340811378025,scr2014,mustOut,psngRoadPub
NL,h0315,0.0,scr2014,mustOut,psngRoadPub
NL,h0316,0.0,scr2014,mustOut,psngRoadPub
NL,h0317,0.0,scr2014,mustOut,psngRoadPub
NL,h0318,0.005623802830040327,scr2014,mustOut,psngRoadPub
NL,h0319,0.0178624097198924,scr2014,mustOut,psngRoadPub
NL,h0320,0.045737932283656225,scr2014,mustOut,psngRoadPub
NL,h0321,0.06865488295581738,scr2014,mustOut,psngRoadPub
NL,h0322,0.12024147072162887,scr2014,mustOut,psngRoadPub
NL,h0323,0.14168506792102636,scr2014,mustOut,psngRoadPub
NL,h0324,0.1969397771917844,scr2014,mustOut,psngRoadPub
NL,h0325,0.19449032441924344,scr2014,mustOut,psngRoadPub
NL,h0326,0.2175109945767058,scr2014,mustOut,psngRoadPub
NL,h0327,0.1802541873357432,scr2014,mustOut,psngRoadPub
NL,h0328,0.1764732871516063,scr2014,mustOut,psngRoadPub
NL,h0329,0.20429510358420996,scr2014,mustOut,psngRoadPub
NL,h0330,0.27097722094389814,scr2014,mustOut,psngRoadPub
NL,h0331,0.2766118708305797,scr2014,mustOut,psngRoadPub
NL,h0332,0.2418408351324062,scr2014,mustOut,psngRoadPub
NL,h0333,0.16244920278974545,scr2014,mustOut,psngRoadPub
NL,h0334,0.13360326407664952,scr2014,mustOut,psngRoadPub
NL,h0335,0.10472851615624189,scr2014,mustOut,psngRoadPub
NL,h0336,0.08631018456330525,scr2014,mustOut,psngRoadPub
IE,h0169,0.048665869504183015,scr2014,mustOut,psngRoadPub
IE,h0170,0.013699669872354084,scr2014,mustOut,psngRoadPub
IE,h0171,0.0,scr2014,mustOut,psngRoadPub
IE,h0172,0.0,scr2014,mustOut,psngRoadPub
IE,h0173,0.0,scr2014,mustOut,psngRoadPub
IE,h0174,0.005623802830040327,scr2014,mustOut,psngRoadPub
IE,h0175,0.021423336771113646,scr2014,mustOut,psngRoadPub
IE,h0176,0.043001067668873294,scr2014,mustOut,psngRoadPub
IE,h0177,0.07771620394684013,scr2014,mustOut,psngRoadPub
IE,h0178,0.14408590837569354,scr2014,mustOut,psngRoadPub
IE,h0179,0.22117107602711378,scr2014,mustOut,psngRoadPub
IE,h0180,0.26886388888318297,scr2014,mustOut,psngRoadPub
IE,h0181,0.24626886829308794,scr2014,mustOut,psngRoadPub
IE,h0182,0.22122289153656177,scr2014,mustOut,psngRoadPub
IE,h0183,0.1802541873357432,scr2014,mustOut,psngRoadPub
IE,h0184,0.1764732871516063,scr2014,mustOut,psngRoadPub
IE,h0185,0.20429510358420996,scr2014,mustOut,psngRoadPub
IE,h0186,0.27097722094389814,scr2014,mustOut,psngRoadPub
IE,h0187,0.2916229018759244,scr2014,mustOut,psngRoadPub
IE,h0188,0.22817923999964493,scr2014,mustOut,psngRoadPub
IE,h0189,0.13110220352805507,scr2014,mustOut,psngRoadPub
IE,h0190,0.06729001456573892,scr2014,mustOut,psngRoadPub
IE,h0191,0.04172467744398949,scr2014,mustOut,psngRoadPub
IE,h0192,0.029416901714293862,scr2014,mustOut,psngRoadPub
IE,h0193,0.015691297734169257,scr2014,mustOut,psngRoadPub
IE,h0194,0.003961876729022799,scr2014,mustOut,psngRoadPub
IE,h0195,0.0,scr2014,mustOut,psngRoadPub
IE,h0196,0.0,scr2014,mustOut,psngRoadPub
IE,h0197,0.0,scr2014,mustOut,psngRoadPub
IE,h0198,0.005623802830040327,scr2014,mustOut,psngRoadPub
IE,h0199,0.0178624097198924,scr2014,mustOut,psngRoadPub
IE,h0200,0.045737932283656225,scr2014,mustOut,psngRoadPub
IE,h0201,0.06865488295581738,scr2014,mustOut,psngRoadPub
IE,h0202,0.12024147072162887,scr2014,mustOut,psngRoadPub
IE,h0203,0.14168506792102636,scr2014,mustOut,psngRoadPub
IE,h0204,0.1969397771917844,scr2014,mustOut,psngRoadPub
IE,h0205,0.19335929341599276,scr2014,mustOut,psngRoadPub
IE,h0206,0.22763252557650548,scr2014,mustOut,psngRoadPub
IE,h0207,0.23690116657363242,scr2014,mustOut,psngRoadPub
IE,h0208,0.2500354374751854,scr2014,mustOut,psngRoadPub
IE,h0209,0.30267694531638745,scr2014,mustOut,psngRoadPub
IE,h0210,0.3164996198835361,scr2014,mustOut,psngRoadPub
IE,h0211,0.3210522776589071,scr2014,mustOut,psngRoadPub
IE,h0212,0.22224250570033008,scr2014,mustOut,psngRoadPub
IE,h0213,0.13110220352805507,scr2014,mustOut,psngRoadPub
IE,h0214,0.06729001456573892,scr2014,mustOut,psngRoadPub
IE,h0215,0.04172467744398949,scr2014,mustOut,psngRoadPub
IE,h0216,0.029416901714293862,scr2014,mustOut,psngRoadPub
IE,h0217,0.015691297734169257,scr2014,mustOut,psngRoadPub
IE,h0218,0.003961876729022799,scr2014,mustOut,psngRoadPub
IE,h0219,0.0,scr2014,mustOut,psngRoadPub
IE,h0220,0.0,scr2014,mustOut,psngRoadPub
IE,h0221,0.0,scr2014,mustOut,psngRoadPub
IE,h0222,0.005623802830040327,scr2014,mustOut,psngRoadPub
IE,h0223,0.05102494009520706,scr2014,mustOut,psngRoadPub
IE,h0224,0.18001528021838203,scr2014,mustOut,psngRoadPub
IE,h0225,0.2507906999177362,scr2014,mustOut,psngRoadPub
IE,h0226,0.2374311387655332,scr2014,mustOut,psngRoadPub
IE,h0227,0.14031293226850325,scr2014,mustOut,psngRoadPub
IE,h0228,0.13211642554171132,scr2014,mustOut,psngRoadPub
IE,h0229,0.15616219749061558,scr2014,mustOut,psngRoadPub
IE,h0230,0.20623214454177347,scr2014,mustOut,psngRoadPub
IE,h0231,0.23690116657363242,scr2014,mustOut,psngRoadPub
IE,h0232,0.2500354374751854,scr2014,mustOut,psngRoadPub
IE,h0233,0.30267694531638745,scr2014,mustOut,psngRoadPub
IE,h0234,0.3164996198835361,scr2014,mustOut,psngRoadPub
IE,h0235,0.3210522776589071,scr2014,mustOut,psngRoadPub
IE,h0236,0.22224250570033008,scr2014,mustOut,psngRoadPub
IE,h0237,0.13110220352805507,scr2014,mustOut,psngRoadPub
IE,h0238,0.06729001456573892,scr2014,mustOut,psngRoadPub
IE,h0239,0.04172467744398949,scr2014,mustOut,psngRoadPub
IE,h0240,0.029416901714293862,scr2014,mustOut,psngRoadPub
IE,h0241,0.015691297734169257,scr2014,mustOut,psngRoadPub
IE,h0242,0.003961876729022799,scr2014,mustOut,psngRoadPub
IE,h0243,0.0006659653557186793,scr2014,mustOut,psngRoadPub
IE,h0244,0.0016929472216877857,scr2014,mustOut,psngRoadPub
IE,h0245,0.0016929472216877857,scr2014,mustOut,psngRoadPub
IE,h0246,0.0008827491751746325,scr2014,mustOut,psngRoadPub
IE,h0247,0.0429536246621759,scr2014,mustOut,psngRoadPub
IE,h0248,0.17062157906188707,scr2014,mustOut,psngRoadPub
IE,h0249,0.2507906999177362,scr2014,mustOut,psngRoadPub
IE,h0250,0.2374311387655332,scr2014,mustOut,psngRoadPub
IE,h0251,0.14031293226850325,scr2014,mustOut,psngRoadPub
IE,h0252,0.13211642554171132,scr2014,mustOut,psngRoadPub
IE,h0253,0.19446491705532132,scr2014,mustOut,psngRoadPub
IE,h0254,0.2931985601174335,scr2014,mustOut,psngRoadPub
IE,h0255,0.35660843633087036,scr2014,mustOut,psngRoadPub
IE,h0256,0.3735638446880898,scr2014,mustOut,psngRoadPub
IE,h0257,0.37365991,scr2014,mustOut,psngRoadPub
IE,h0258,0.3481671759945253,scr2014,mustOut,psngRoadPub
IE,h0259,0.3084015174976115,scr2014,mustOut,psngRoadPub
IE,h0260,0.21486898499044288,scr2014,mustOut,psngRoadPub
IE,h0261,0.13110220352805507,scr2014,mustOut,psngRoadPub
IE,h0262,0.06729001456573892,scr2014,mustOut,psngRoadPub
IE,h0263,0.04172467744398949,scr2014,mustOut,psngRoadPub
IE,h0264,0.029416901714293862,scr2014,mustOut,psngRoadPub
IE,h0265,0.015691297734169257,scr2014,mustOut,psngRoadPub
IE,h0266,0.003961876729022799,scr2014,mustOut,psngRoadPub
IE,h0267,0.0,scr2014,mustOut,psngRoadPub
IE,h0268,0.0,scr2014,mustOut,psngRoadPub
IE,h0269,0.0,scr2014,mustOut,psngRoadPub
IE,h0270,0.001955730566381503,scr2014,mustOut,psngRoadPub
IE,h0271,0.04612088060678056,scr2014,mustOut,psngRoadPub
IE,h0272,0.1743231447021561,scr2014,mustOut,psngRoadPub
IE,h0273,0.2507906999177362,scr2014,mustOut,psngRoadPub
IE,h0274,0.2374311387655332,scr2014,mustOut,psngRoadPub
IE,h0275,0.14031293226850325,scr2014,mustOut,psngRoadPub
IE,h0276,0.13211642554171132,scr2014,mustOut,psngRoadPub
IE,h0277,0.15726582545513532,scr2014,mustOut,psngRoadPub
IE,h0278,0.19622741258678872,scr2014,mustOut,psngRoadPub
IE,h0279,0.1802541873357432,scr2014,mustOut,psngRoadPub
IE,h0280,0.1764732871516063,scr2014,mustOut,psngRoadPub
IE,h0281,0.20429510358420996,scr2014,mustOut,psngRoadPub
IE,h0282,0.27097722094389814,scr2014,mustOut,psngRoadPub
IE,h0283,0.2916229018759244,scr2014,mustOut,psngRoadPub
IE,h0284,0.22817923999964493,scr2014,mustOut,psngRoadPub
IE,h0285,0.13110220352805507,scr2014,mustOut,psngRoadPub
IE,h0286,0.06729001456573892,scr2014,mustOut,psngRoadPub
IE,h0287,0.04172467744398949,scr2014,mustOut,psngRoadPub
IE,h0288,0.029416901714293862,scr2014,mustOut,psngRoadPub
IE,h0289,0.015691297734169257,scr2014,mustOut,psngRoadPub
IE,h0290,0.003961876729022799,scr2014,mustOut,psngRoadPub
IE,h0291,0.0,scr2014,mustOut,psngRoadPub
IE,h0292,0.0,scr2014,mustOut,psngRoadPub
IE,h0293,0.0,scr2014,mustOut,psngRoadPub
IE,h0294,0.005623802830040327,scr2014,mustOut,psngRoadPub
IE,h0295,0.05102494009520706,scr2014,mustOut,psngRoadPub
IE,h0296,0.18001528021838203,scr2014,mustOut,psngRoadPub
IE,h0297,0.2507906999177362,scr2014,mustOut,psngRoadPub
IE,h0298,0.2374311387655332,scr2014,mustOut,psngRoadPub
IE,h0299,0.14031293226850325,scr2014,mustOut,psngRoadPub
IE,h0300,0.13211642554171132,scr2014,mustOut,psngRoadPub
IE,h0301,0.15726582545513532,scr2014,mustOut,psngRoadPub
IE,h0302,0.19622741258678872,scr2014,mustOut,psngRoadPub
IE,h0303,0.1802541873357432,scr2014,mustOut,psngRoadPub
IE,h0304,0.1764732871516063,scr2014,mustOut,psngRoadPub
IE,h0305,0.20429510358420996,scr2014,mustOut,psngRoadPub
IE,h0306,0.27097722094389814,scr2014,mustOut,psngRoadPub
IE,h0307,0.3214425997275043,scr2014,mustOut,psngRoadPub
IE,h0308,0.28741892372334815,scr2014,mustOut,psngRoadPub
IE,h0309,0.20659212842759592,scr2014,mustOut,psngRoadPub
IE,h0310,0.14095214111874038,scr2014,mustOut,psngRoadPub
IE,h0311,0.08311169596876257,scr2014,mustOut,psngRoadPub
IE,h0312,0.05444725086411779,scr2014,mustOut,psngRoadPub
IE,h0313,0.014989749632865878,scr2014,mustOut,psngRoadPub
IE,h0314,0.0053171340811378025,scr2014,mustOut,psngRoadPub
IE,h0315,0.0,scr2014,mustOut,psngRoadPub
IE,h0316,0.0,scr2014,mustOut,psngRoadPub
IE,h0317,0.0,scr2014,mustOut,psngRoadPub
IE,h0318,0.005623802830040327,scr2014,mustOut,psngRoadPub
IE,h0319,0.0178624097198924,scr2014,mustOut,psngRoadPub
IE,h0320,0.045737932283656225,scr2014,mustOut,psngRoadPub
IE,h0321,0.06865488295581738,scr2014,mustOut,psngRoadPub
IE,h0322,0.12024147072162887,scr2014,mustOut,psngRoadPub
IE,h0323,0.14168506792102636,scr2014,mustOut,psngRoadPub
IE,h0324,0.1969397771917844,scr2014,mustOut,psngRoadPub
IE,h0325,0.19449032441924344,scr2014,mustOut,psngRoadPub
IE,h0326,0.2175109945767058,scr2014,mustOut,psngRoadPub
IE,h0327,0.1802541873357432,scr2014,mustOut,psngRoadPub
IE,h0328,0.1764732871516063,scr2014,mustOut,psngRoadPub
IE,h0329,0.20429510358420996,scr2014,mustOut,psngRoadPub
IE,h0330,0.27097722094389814,scr2014,mustOut,psngRoadPub
IE,h0331,0.2766118708305797,scr2014,mustOut,psngRoadPub
IE,h0332,0.2418408351324062,scr2014,mustOut,psngRoadPub
IE,h0333,0.16244920278974545,scr2014,mustOut,psngRoadPub
IE,h0334,0.13360326407664952,scr2014,mustOut,psngRoadPub
IE,h0335,0.10472851615624189,scr2014,mustOut,psngRoadPub
IE,h0336,0.08631018456330525,scr2014,mustOut,psngRoadPub
HR,h0169,0.048665869504183015,scr2014,mustOut,psngRoadPub
HR,h0170,0.013699669872354084,scr2014,mustOut,psngRoadPub
HR,h0171,0.0,scr2014,mustOut,psngRoadPub
HR,h0172,0.0,scr2014,mustOut,psngRoadPub
HR,h0173,0.0,scr2014,mustOut,psngRoadPub
HR,h0174,0.005623802830040327,scr2014,mustOut,psngRoadPub
HR,h0175,0.021423336771113646,scr2014,mustOut,psngRoadPub
HR,h0176,0.043001067668873294,scr2014,mustOut,psngRoadPub
HR,h0177,0.07771620394684013,scr2014,mustOut,psngRoadPub
HR,h0178,0.14408590837569354,scr2014,mustOut,psngRoadPub
HR,h0179,0.22117107602711378,scr2014,mustOut,psngRoadPub
HR,h0180,0.26886388888318297,scr2014,mustOut,psngRoadPub
HR,h0181,0.24626886829308794,scr2014,mustOut,psngRoadPub
HR,h0182,0.22122289153656177,scr2014,mustOut,psngRoadPub
HR,h0183,0.1802541873357432,scr2014,mustOut,psngRoadPub
HR,h0184,0.1764732871516063,scr2014,mustOut,psngRoadPub
HR,h0185,0.20429510358420996,scr2014,mustOut,psngRoadPub
HR,h0186,0.27097722094389814,scr2014,mustOut,psngRoadPub
HR,h0187,0.2916229018759244,scr2014,mustOut,psngRoadPub
HR,h0188,0.22817923999964493,scr2014,mustOut,psngRoadPub
HR,h0189,0.13110220352805507,scr2014,mustOut,psngRoadPub
HR,h0190,0.06729001456573892,scr2014,mustOut,psngRoadPub
HR,h0191,0.04172467744398949,scr2014,mustOut,psngRoadPub
HR,h0192,0.029416901714293862,scr2014,mustOut,psngRoadPub
HR,h0193,0.015691297734169257,scr2014,mustOut,psngRoadPub
HR,h0194,0.003961876729022799,scr2014,mustOut,psngRoadPub
HR,h0195,0.0,scr2014,mustOut,psngRoadPub
HR,h0196,0.0,scr2014,mustOut,psngRoadPub
HR,h0197,0.0,scr2014,mustOut,psngRoadPub
HR,h0198,0.005623802830040327,scr2014,mustOut,psngRoadPub
HR,h0199,0.0178624097198924,scr2014,mustOut,psngRoadPub
HR,h0200,0.045737932283656225,scr2014,mustOut,psngRoadPub
HR,h0201,0.06865488295581738,scr2014,mustOut,psngRoadPub
HR,h0202,0.12024147072162887,scr2014,mustOut,psngRoadPub
HR,h0203,0.14168506792102636,scr2014,mustOut,psngRoadPub
HR,h0204,0.1969397771917844,scr2014,mustOut,psngRoadPub
HR,h0205,0.19335929341599276,scr2014,mustOut,psngRoadPub
HR,h0206,0.22763252557650548,scr2014,mustOut,psngRoadPub
HR,h0207,0.23690116657363242,scr2014,mustOut,psngRoadPub
HR,h0208,0.2500354374751854,scr2014,mustOut,psngRoadPub
HR,h0209,0.30267694531638745,scr2014,mustOut,psngRoadPub
HR,h0210,0.3164996198835361,scr2014,mustOut,psngRoadPub
HR,h0211,0.3210522776589071,scr2014,mustOut,psngRoadPub
HR,h0212,0.22224250570033008,scr2014,mustOut,psngRoadPub
HR,h0213,0.13110220352805507,scr2014,mustOut,psngRoadPub
HR,h0214,0.06729001456573892,scr2014,mustOut,psngRoadPub
HR,h0215,0.04172467744398949,scr2014,mustOut,psngRoadPub
HR,h0216,0.029416901714293862,scr2014,mustOut,psngRoadPub
HR,h0217,0.015691297734169257,scr2014,mustOut,psngRoadPub
HR,h0218,0.003961876729022799,scr2014,mustOut,psngRoadPub
HR,h0219,0.0,scr2014,mustOut,psngRoadPub
HR,h0220,0.0,scr2014,mustOut,psngRoadPub
HR,h0221,0.0,scr2014,mustOut,psngRoadPub
HR,h0222,0.005623802830040327,scr2014,mustOut,psngRoadPub
HR,h0223,0.05102494009520706,scr2014,mustOut,psngRoadPub
HR,h0224,0.18001528021838203,scr2014,mustOut,psngRoadPub
HR,h0225,0.2507906999177362,scr2014,mustOut,psngRoadPub
HR,h0226,0.2374311387655332,scr2014,mustOut,psngRoadPub
HR,h0227,0.14031293226850325,scr2014,mustOut,psngRoadPub
HR,h0228,0.13211642554171132,scr2014,mustOut,psngRoadPub
HR,h0229,0.15616219749061558,scr2014,mustOut,psngRoadPub
HR,h0230,0.20623214454177347,scr2014,mustOut,psngRoadPub
HR,h0231,0.23690116657363242,scr2014,mustOut,psngRoadPub
HR,h0232,0.2500354374751854,scr2014,mustOut,psngRoadPub
HR,h0233,0.30267694531638745,scr2014,mustOut,psngRoadPub
HR,h0234,0.3164996198835361,scr2014,mustOut,psngRoadPub
HR,h0235,0.3210522776589071,scr2014,mustOut,psngRoadPub
HR,h0236,0.22224250570033008,scr2014,mustOut,psngRoadPub
HR,h0237,0.13110220352805507,scr2014,mustOut,psngRoadPub
HR,h0238,0.06729001456573892,scr2014,mustOut,psngRoadPub
HR,h0239,0.04172467744398949,scr2014,mustOut,psngRoadPub
HR,h0240,0.029416901714293862,scr2014,mustOut,psngRoadPub
HR,h0241,0.015691297734169257,scr2014,mustOut,psngRoadPub
HR,h0242,0.003961876729022799,scr2014,mustOut,psngRoadPub
HR,h0243,0.0006659653557186793,scr2014,mustOut,psngRoadPub
HR,h0244,0.0016929472216877857,scr2014,mustOut,psngRoadPub
HR,h0245,0.0016929472216877857,scr2014,mustOut,psngRoadPub
HR,h0246,0.0008827491751746325,scr2014,mustOut,psngRoadPub
HR,h0247,0.0429536246621759,scr2014,mustOut,psngRoadPub
HR,h0248,0.17062157906188707,scr2014,mustOut,psngRoadPub
HR,h0249,0.2507906999177362,scr2014,mustOut,psngRoadPub
HR,h0250,0.2374311387655332,scr2014,mustOut,psngRoadPub
HR,h0251,0.14031293226850325,scr2014,mustOut,psngRoadPub
HR,h0252,0.13211642554171132,scr2014,mustOut,psngRoadPub
HR,h0253,0.19446491705532132,scr2014,mustOut,psngRoadPub
HR,h0254,0.2931985601174335,scr2014,mustOut,psngRoadPub
HR,h0255,0.35660843633087036,scr2014,mustOut,psngRoadPub
HR,h0256,0.3735638446880898,scr2014,mustOut,psngRoadPub
HR,h0257,0.37365991,scr2014,mustOut,psngRoadPub
HR,h0258,0.3481671759945253,scr2014,mustOut,psngRoadPub
HR,h0259,0.3084015174976115,scr2014,mustOut,psngRoadPub
HR,h0260,0.21486898499044288,scr2014,mustOut,psngRoadPub
HR,h0261,0.13110220352805507,scr2014,mustOut,psngRoadPub
HR,h0262,0.06729001456573892,scr2014,mustOut,psngRoadPub
HR,h0263,0.04172467744398949,scr2014,mustOut,psngRoadPub
HR,h0264,0.029416901714293862,scr2014,mustOut,psngRoadPub
HR,h0265,0.015691297734169257,scr2014,mustOut,psngRoadPub
HR,h0266,0.003961876729022799,scr2014,mustOut,psngRoadPub
HR,h0267,0.0,scr2014,mustOut,psngRoadPub
HR,h0268,0.0,scr2014,mustOut,psngRoadPub
HR,h0269,0.0,scr2014,mustOut,psngRoadPub
HR,h0270,0.001955730566381503,scr2014,mustOut,psngRoadPub
HR,h0271,0.04612088060678056,scr2014,mustOut,psngRoadPub
HR,h0272,0.1743231447021561,scr2014,mustOut,psngRoadPub
HR,h0273,0.2507906999177362,scr2014,mustOut,psngRoadPub
HR,h0274,0.2374311387655332,scr2014,mustOut,psngRoadPub
HR,h0275,0.14031293226850325,scr2014,mustOut,psngRoadPub
HR,h0276,0.13211642554171132,scr2014,mustOut,psngRoadPub
HR,h0277,0.15726582545513532,scr2014,mustOut,psngRoadPub
HR,h0278,0.19622741258678872,scr2014,mustOut,psngRoadPub
HR,h0279,0.1802541873357432,scr2014,mustOut,psngRoadPub
HR,h0280,0.1764732871516063,scr2014,mustOut,psngRoadPub
HR,h0281,0.20429510358420996,scr2014,mustOut,psngRoadPub
HR,h0282,0.27097722094389814,scr2014,mustOut,psngRoadPub
HR,h0283,0.2916229018759244,scr2014,mustOut,psngRoadPub
HR,h0284,0.22817923999964493,scr2014,mustOut,psngRoadPub
HR,h0285,0.13110220352805507,scr2014,mustOut,psngRoadPub
HR,h0286,0.06729001456573892,scr2014,mustOut,psngRoadPub
HR,h0287,0.04172467744398949,scr2014,mustOut,psngRoadPub
HR,h0288,0.029416901714293862,scr2014,mustOut,psngRoadPub
HR,h0289,0.015691297734169257,scr2014,mustOut,psngRoadPub
HR,h0290,0.003961876729022799,scr2014,mustOut,psngRoadPub
HR,h0291,0.0,scr2014,mustOut,psngRoadPub
HR,h0292,0.0,scr2014,mustOut,psngRoadPub
HR,h0293,0.0,scr2014,mustOut,psngRoadPub
HR,h0294,0.005623802830040327,scr2014,mustOut,psngRoadPub
HR,h0295,0.05102494009520706,scr2014,mustOut,psngRoadPub
HR,h0296,0.18001528021838203,scr2014,mustOut,psngRoadPub
HR,h0297,0.2507906999177362,scr2014,mustOut,psngRoadPub
HR,h0298,0.2374311387655332,scr2014,mustOut,psngRoadPub
HR,h0299,0.14031293226850325,scr2014,mustOut,psngRoadPub
HR,h0300,0.13211642554171132,scr2014,mustOut,psngRoadPub
HR,h0301,0.15726582545513532,scr2014,mustOut,psngRoadPub
HR,h0302,0.19622741258678872,scr2014,mustOut,psngRoadPub
HR,h0303,0.1802541873357432,scr2014,mustOut,psngRoadPub
HR,h0304,0.1764732871516063,scr2014,mustOut,psngRoadPub
HR,h0305,0.20429510358420996,scr2014,mustOut,psngRoadPub
HR,h0306,0.27097722094389814,scr2014,mustOut,psngRoadPub
HR,h0307,0.3214425997275043,scr2014,mustOut,psngRoadPub
HR,h0308,0.28741892372334815,scr2014,mustOut,psngRoadPub
HR,h0309,0.20659212842759592,scr2014,mustOut,psngRoadPub
HR,h0310,0.14095214111874038,scr2014,mustOut,psngRoadPub
HR,h0311,0.08311169596876257,scr2014,mustOut,psngRoadPub
HR,h0312,0.05444725086411779,scr2014,mustOut,psngRoadPub
HR,h0313,0.014989749632865878,scr2014,mustOut,psngRoadPub
HR,h0314,0.0053171340811378025,scr2014,mustOut,psngRoadPub
HR,h0315,0.0,scr2014,mustOut,psngRoadPub
HR,h0316,0.0,scr2014,mustOut,psngRoadPub
HR,h0317,0.0,scr2014,mustOut,psngRoadPub
HR,h0318,0.005623802830040327,scr2014,mustOut,psngRoadPub
HR,h0319,0.0178624097198924,scr2014,mustOut,psngRoadPub
HR,h0320,0.045737932283656225,scr2014,mustOut,psngRoadPub
HR,h0321,0.06865488295581738,scr2014,mustOut,psngRoadPub
HR,h0322,0.12024147072162887,scr2014,mustOut,psngRoadPub
HR,h0323,0.14168506792102636,scr2014,mustOut,psngRoadPub
HR,h0324,0.1969397771917844,scr2014,mustOut,psngRoadPub
HR,h0325,0.19449032441924344,scr2014,mustOut,psngRoadPub
HR,h0326,0.2175109945767058,scr2014,mustOut,psngRoadPub
HR,h0327,0.1802541873357432,scr2014,mustOut,psngRoadPub
HR,h0328,0.1764732871516063,scr2014,mustOut,psngRoadPub
HR,h0329,0.20429510358420996,scr2014,mustOut,psngRoadPub
HR,h0330,0.27097722094389814,scr2014,mustOut,psngRoadPub
HR,h0331,0.2766118708305797,scr2014,mustOut,psngRoadPub
HR,h0332,0.2418408351324062,scr2014,mustOut,psngRoadPub
HR,h0333,0.16244920278974545,scr2014,mustOut,psngRoadPub
HR,h0334,0.13360326407664952,scr2014,mustOut,psngRoadPub
HR,h0335,0.10472851615624189,scr2014,mustOut,psngRoadPub
HR,h0336,0.08631018456330525,scr2014,mustOut,psngRoadPub
HU,h0169,0.048665869504183015,scr2014,mustOut,psngRoadPub
HU,h0170,0.013699669872354084,scr2014,mustOut,psngRoadPub
HU,h0171,0.0,scr2014,mustOut,psngRoadPub
HU,h0172,0.0,scr2014,mustOut,psngRoadPub
HU,h0173,0.0,scr2014,mustOut,psngRoadPub
HU,h0174,0.005623802830040327,scr2014,mustOut,psngRoadPub
HU,h0175,0.021423336771113646,scr2014,mustOut,psngRoadPub
HU,h0176,0.043001067668873294,scr2014,mustOut,psngRoadPub
HU,h0177,0.07771620394684013,scr2014,mustOut,psngRoadPub
HU,h0178,0.14408590837569354,scr2014,mustOut,psngRoadPub
HU,h0179,0.22117107602711378,scr2014,mustOut,psngRoadPub
HU,h0180,0.26886388888318297,scr2014,mustOut,psngRoadPub
HU,h0181,0.24626886829308794,scr2014,mustOut,psngRoadPub
HU,h0182,0.22122289153656177,scr2014,mustOut,psngRoadPub
HU,h0183,0.1802541873357432,scr2014,mustOut,psngRoadPub
HU,h0184,0.1764732871516063,scr2014,mustOut,psngRoadPub
HU,h0185,0.20429510358420996,scr2014,mustOut,psngRoadPub
HU,h0186,0.27097722094389814,scr2014,mustOut,psngRoadPub
HU,h0187,0.2916229018759244,scr2014,mustOut,psngRoadPub
HU,h0188,0.22817923999964493,scr2014,mustOut,psngRoadPub
HU,h0189,0.13110220352805507,scr2014,mustOut,psngRoadPub
HU,h0190,0.06729001456573892,scr2014,mustOut,psngRoadPub
HU,h0191,0.04172467744398949,scr2014,mustOut,psngRoadPub
HU,h0192,0.029416901714293862,scr2014,mustOut,psngRoadPub
HU,h0193,0.015691297734169257,scr2014,mustOut,psngRoadPub
HU,h0194,0.003961876729022799,scr2014,mustOut,psngRoadPub
HU,h0195,0.0,scr2014,mustOut,psngRoadPub
HU,h0196,0.0,scr2014,mustOut,psngRoadPub
HU,h0197,0.0,scr2014,mustOut,psngRoadPub
HU,h0198,0.005623802830040327,scr2014,mustOut,psngRoadPub
HU,h0199,0.0178624097198924,scr2014,mustOut,psngRoadPub
HU,h0200,0.045737932283656225,scr2014,mustOut,psngRoadPub
HU,h0201,0.06865488295581738,scr2014,mustOut,psngRoadPub
HU,h0202,0.12024147072162887,scr2014,mustOut,psngRoadPub
HU,h0203,0.14168506792102636,scr2014,mustOut,psngRoadPub
HU,h0204,0.1969397771917844,scr2014,mustOut,psngRoadPub
HU,h0205,0.19335929341599276,scr2014,mustOut,psngRoadPub
HU,h0206,0.22763252557650548,scr2014,mustOut,psngRoadPub
HU,h0207,0.23690116657363242,scr2014,mustOut,psngRoadPub
HU,h0208,0.2500354374751854,scr2014,mustOut,psngRoadPub
HU,h0209,0.30267694531638745,scr2014,mustOut,psngRoadPub
HU,h0210,0.3164996198835361,scr2014,mustOut,psngRoadPub
HU,h0211,0.3210522776589071,scr2014,mustOut,psngRoadPub
HU,h0212,0.22224250570033008,scr2014,mustOut,psngRoadPub
HU,h0213,0.13110220352805507,scr2014,mustOut,psngRoadPub
HU,h0214,0.06729001456573892,scr2014,mustOut,psngRoadPub
HU,h0215,0.04172467744398949,scr2014,mustOut,psngRoadPub
HU,h0216,0.029416901714293862,scr2014,mustOut,psngRoadPub
HU,h0217,0.015691297734169257,scr2014,mustOut,psngRoadPub
HU,h0218,0.003961876729022799,scr2014,mustOut,psngRoadPub
HU,h0219,0.0,scr2014,mustOut,psngRoadPub
HU,h0220,0.0,scr2014,mustOut,psngRoadPub
HU,h0221,0.0,scr2014,mustOut,psngRoadPub
HU,h0222,0.005623802830040327,scr2014,mustOut,psngRoadPub
HU,h0223,0.05102494009520706,scr2014,mustOut,psngRoadPub
HU,h0224,0.18001528021838203,scr2014,mustOut,psngRoadPub
HU,h0225,0.2507906999177362,scr2014,mustOut,psngRoadPub
HU,h0226,0.2374311387655332,scr2014,mustOut,psngRoadPub
HU,h0227,0.14031293226850325,scr2014,mustOut,psngRoadPub
HU,h0228,0.13211642554171132,scr2014,mustOut,psngRoadPub
HU,h0229,0.15616219749061558,scr2014,mustOut,psngRoadPub
HU,h0230,0.20623214454177347,scr2014,mustOut,psngRoadPub
HU,h0231,0.23690116657363242,scr2014,mustOut,psngRoadPub
HU,h0232,0.2500354374751854,scr2014,mustOut,psngRoadPub
HU,h0233,0.30267694531638745,scr2014,mustOut,psngRoadPub
HU,h0234,0.3164996198835361,scr2014,mustOut,psngRoadPub
HU,h0235,0.3210522776589071,scr2014,mustOut,psngRoadPub
HU,h0236,0.22224250570033008,scr2014,mustOut,psngRoadPub
HU,h0237,0.13110220352805507,scr2014,mustOut,psngRoadPub
HU,h0238,0.06729001456573892,scr2014,mustOut,psngRoadPub
HU,h0239,0.04172467744398949,scr2014,mustOut,psngRoadPub
HU,h0240,0.029416901714293862,scr2014,mustOut,psngRoadPub
HU,h0241,0.015691297734169257,scr2014,mustOut,psngRoadPub
HU,h0242,0.003961876729022799,scr2014,mustOut,psngRoadPub
HU,h0243,0.0006659653557186793,scr2014,mustOut,psngRoadPub
HU,h0244,0.0016929472216877857,scr2014,mustOut,psngRoadPub
HU,h0245,0.0016929472216877857,scr2014,mustOut,psngRoadPub
HU,h0246,0.0008827491751746325,scr2014,mustOut,psngRoadPub
HU,h0247,0.0429536246621759,scr2014,mustOut,psngRoadPub
HU,h0248,0.17062157906188707,scr2014,mustOut,psngRoadPub
HU,h0249,0.2507906999177362,scr2014,mustOut,psngRoadPub
HU,h0250,0.2374311387655332,scr2014,mustOut,psngRoadPub
HU,h0251,0.14031293226850325,scr2014,mustOut,psngRoadPub
HU,h0252,0.13211642554171132,scr2014,mustOut,psngRoadPub
HU,h0253,0.19446491705532132,scr2014,mustOut,psngRoadPub
HU,h0254,0.2931985601174335,scr2014,mustOut,psngRoadPub
HU,h0255,0.35660843633087036,scr2014,mustOut,psngRoadPub
HU,h0256,0.3735638446880898,scr2014,mustOut,psngRoadPub
HU,h0257,0.37365991,scr2014,mustOut,psngRoadPub
HU,h0258,0.3481671759945253,scr2014,mustOut,psngRoadPub
HU,h0259,0.3084015174976115,scr2014,mustOut,psngRoadPub
HU,h0260,0.21486898499044288,scr2014,mustOut,psngRoadPub
HU,h0261,0.13110220352805507,scr2014,mustOut,psngRoadPub
HU,h0262,0.06729001456573892,scr2014,mustOut,psngRoadPub
HU,h0263,0.04172467744398949,scr2014,mustOut,psngRoadPub
HU,h0264,0.029416901714293862,scr2014,mustOut,psngRoadPub
HU,h0265,0.015691297734169257,scr2014,mustOut,psngRoadPub
HU,h0266,0.003961876729022799,scr2014,mustOut,psngRoadPub
HU,h0267,0.0,scr2014,mustOut,psngRoadPub
HU,h0268,0.0,scr2014,mustOut,psngRoadPub
HU,h0269,0.0,scr2014,mustOut,psngRoadPub
HU,h0270,0.001955730566381503,scr2014,mustOut,psngRoadPub
HU,h0271,0.04612088060678056,scr2014,mustOut,psngRoadPub
HU,h0272,0.1743231447021561,scr2014,mustOut,psngRoadPub
HU,h0273,0.2507906999177362,scr2014,mustOut,psngRoadPub
HU,h0274,0.2374311387655332,scr2014,mustOut,psngRoadPub
HU,h0275,0.14031293226850325,scr2014,mustOut,psngRoadPub
HU,h0276,0.13211642554171132,scr2014,mustOut,psngRoadPub
HU,h0277,0.15726582545513532,scr2014,mustOut,psngRoadPub
HU,h0278,0.19622741258678872,scr2014,mustOut,psngRoadPub
HU,h0279,0.1802541873357432,scr2014,mustOut,psngRoadPub
HU,h0280,0.1764732871516063,scr2014,mustOut,psngRoadPub
HU,h0281,0.20429510358420996,scr2014,mustOut,psngRoadPub
HU,h0282,0.27097722094389814,scr2014,mustOut,psngRoadPub
HU,h0283,0.2916229018759244,scr2014,mustOut,psngRoadPub
HU,h0284,0.22817923999964493,scr2014,mustOut,psngRoadPub
HU,h0285,0.13110220352805507,scr2014,mustOut,psngRoadPub
HU,h0286,0.06729001456573892,scr2014,mustOut,psngRoadPub
HU,h0287,0.04172467744398949,scr2014,mustOut,psngRoadPub
HU,h0288,0.029416901714293862,scr2014,mustOut,psngRoadPub
HU,h0289,0.015691297734169257,scr2014,mustOut,psngRoadPub
HU,h0290,0.003961876729022799,scr2014,mustOut,psngRoadPub
HU,h0291,0.0,scr2014,mustOut,psngRoadPub
HU,h0292,0.0,scr2014,mustOut,psngRoadPub
HU,h0293,0.0,scr2014,mustOut,psngRoadPub
HU,h0294,0.005623802830040327,scr2014,mustOut,psngRoadPub
HU,h0295,0.05102494009520706,scr2014,mustOut,psngRoadPub
HU,h0296,0.18001528021838203,scr2014,mustOut,psngRoadPub
HU,h0297,0.2507906999177362,scr2014,mustOut,psngRoadPub
HU,h0298,0.2374311387655332,scr2014,mustOut,psngRoadPub
HU,h0299,0.14031293226850325,scr2014,mustOut,psngRoadPub
HU,h0300,0.13211642554171132,scr2014,mustOut,psngRoadPub
HU,h0301,0.15726582545513532,scr2014,mustOut,psngRoadPub
HU,h0302,0.19622741258678872,scr2014,mustOut,psngRoadPub
HU,h0303,0.1802541873357432,scr2014,mustOut,psngRoadPub
HU,h0304,0.1764732871516063,scr2014,mustOut,psngRoadPub
HU,h0305,0.20429510358420996,scr2014,mustOut,psngRoadPub
HU,h0306,0.27097722094389814,scr2014,mustOut,psngRoadPub
HU,h0307,0.3214425997275043,scr2014,mustOut,psngRoadPub
HU,h0308,0.28741892372334815,scr2014,mustOut,psngRoadPub
HU,h0309,0.20659212842759592,scr2014,mustOut,psngRoadPub
HU,h0310,0.14095214111874038,scr2014,mustOut,psngRoadPub
HU,h0311,0.08311169596876257,scr2014,mustOut,psngRoadPub
HU,h0312,0.05444725086411779,scr2014,mustOut,psngRoadPub
HU,h0313,0.014989749632865878,scr2014,mustOut,psngRoadPub
HU,h0314,0.0053171340811378025,scr2014,mustOut,psngRoadPub
HU,h0315,0.0,scr2014,mustOut,psngRoadPub
HU,h0316,0.0,scr2014,mustOut,psngRoadPub
HU,h0317,0.0,scr2014,mustOut,psngRoadPub
HU,h0318,0.005623802830040327,scr2014,mustOut,psngRoadPub
HU,h0319,0.0178624097198924,scr2014,mustOut,psngRoadPub
HU,h0320,0.045737932283656225,scr2014,mustOut,psngRoadPub
HU,h0321,0.06865488295581738,scr2014,mustOut,psngRoadPub
HU,h0322,0.12024147072162887,scr2014,mustOut,psngRoadPub
HU,h0323,0.14168506792102636,scr2014,mustOut,psngRoadPub
HU,h0324,0.1969397771917844,scr2014,mustOut,psngRoadPub
HU,h0325,0.19449032441924344,scr2014,mustOut,psngRoadPub
HU,h0326,0.2175109945767058,scr2014,mustOut,psngRoadPub
HU,h0327,0.1802541873357432,scr2014,mustOut,psngRoadPub
HU,h0328,0.1764732871516063,scr2014,mustOut,psngRoadPub
HU,h0329,0.20429510358420996,scr2014,mustOut,psngRoadPub
HU,h0330,0.27097722094389814,scr2014,mustOut,psngRoadPub
HU,h0331,0.2766118708305797,scr2014,mustOut,psngRoadPub
HU,h0332,0.2418408351324062,scr2014,mustOut,psngRoadPub
HU,h0333,0.16244920278974545,scr2014,mustOut,psngRoadPub
HU,h0334,0.13360326407664952,scr2014,mustOut,psngRoadPub
HU,h0335,0.10472851615624189,scr2014,mustOut,psngRoadPub
HU,h0336,0.08631018456330525,scr2014,mustOut,psngRoadPub
MK,h0169,0.048665869504183015,scr2014,mustOut,psngRoadPub
MK,h0170,0.013699669872354084,scr2014,mustOut,psngRoadPub
MK,h0171,0.0,scr2014,mustOut,psngRoadPub
MK,h0172,0.0,scr2014,mustOut,psngRoadPub
MK,h0173,0.0,scr2014,mustOut,psngRoadPub
MK,h0174,0.005623802830040327,scr2014,mustOut,psngRoadPub
MK,h0175,0.021423336771113646,scr2014,mustOut,psngRoadPub
MK,h0176,0.043001067668873294,scr2014,mustOut,psngRoadPub
MK,h0177,0.07771620394684013,scr2014,mustOut,psngRoadPub
MK,h0178,0.14408590837569354,scr2014,mustOut,psngRoadPub
MK,h0179,0.22117107602711378,scr2014,mustOut,psngRoadPub
MK,h0180,0.26886388888318297,scr2014,mustOut,psngRoadPub
MK,h0181,0.24626886829308794,scr2014,mustOut,psngRoadPub
MK,h0182,0.22122289153656177,scr2014,mustOut,psngRoadPub
MK,h0183,0.1802541873357432,scr2014,mustOut,psngRoadPub
MK,h0184,0.1764732871516063,scr2014,mustOut,psngRoadPub
MK,h0185,0.20429510358420996,scr2014,mustOut,psngRoadPub
MK,h0186,0.27097722094389814,scr2014,mustOut,psngRoadPub
MK,h0187,0.2916229018759244,scr2014,mustOut,psngRoadPub
MK,h0188,0.22817923999964493,scr2014,mustOut,psngRoadPub
MK,h0189,0.13110220352805507,scr2014,mustOut,psngRoadPub
MK,h0190,0.06729001456573892,scr2014,mustOut,psngRoadPub
MK,h0191,0.04172467744398949,scr2014,mustOut,psngRoadPub
MK,h0192,0.029416901714293862,scr2014,mustOut,psngRoadPub
MK,h0193,0.015691297734169257,scr2014,mustOut,psngRoadPub
MK,h0194,0.003961876729022799,scr2014,mustOut,psngRoadPub
MK,h0195,0.0,scr2014,mustOut,psngRoadPub
MK,h0196,0.0,scr2014,mustOut,psngRoadPub
MK,h0197,0.0,scr2014,mustOut,psngRoadPub
MK,h0198,0.005623802830040327,scr2014,mustOut,psngRoadPub
MK,h0199,0.0178624097198924,scr2014,mustOut,psngRoadPub
MK,h0200,0.045737932283656225,scr2014,mustOut,psngRoadPub
MK,h0201,0.06865488295581738,scr2014,mustOut,psngRoadPub
MK,h0202,0.12024147072162887,scr2014,mustOut,psngRoadPub
MK,h0203,0.14168506792102636,scr2014,mustOut,psngRoadPub
MK,h0204,0.1969397771917844,scr2014,mustOut,psngRoadPub
MK,h0205,0.19335929341599276,scr2014,mustOut,psngRoadPub
MK,h0206,0.22763252557650548,scr2014,mustOut,psngRoadPub
MK,h0207,0.23690116657363242,scr2014,mustOut,psngRoadPub
MK,h0208,0.2500354374751854,scr2014,mustOut,psngRoadPub
MK,h0209,0.30267694531638745,scr2014,mustOut,psngRoadPub
MK,h0210,0.3164996198835361,scr2014,mustOut,psngRoadPub
MK,h0211,0.3210522776589071,scr2014,mustOut,psngRoadPub
MK,h0212,0.22224250570033008,scr2014,mustOut,psngRoadPub
MK,h0213,0.13110220352805507,scr2014,mustOut,psngRoadPub
MK,h0214,0.06729001456573892,scr2014,mustOut,psngRoadPub
MK,h0215,0.04172467744398949,scr2014,mustOut,psngRoadPub
MK,h0216,0.029416901714293862,scr2014,mustOut,psngRoadPub
MK,h0217,0.015691297734169257,scr2014,mustOut,psngRoadPub
MK,h0218,0.003961876729022799,scr2014,mustOut,psngRoadPub
MK,h0219,0.0,scr2014,mustOut,psngRoadPub
MK,h0220,0.0,scr2014,mustOut,psngRoadPub
MK,h0221,0.0,scr2014,mustOut,psngRoadPub
MK,h0222,0.005623802830040327,scr2014,mustOut,psngRoadPub
MK,h0223,0.05102494009520706,scr2014,mustOut,psngRoadPub
MK,h0224,0.18001528021838203,scr2014,mustOut,psngRoadPub
MK,h0225,0.2507906999177362,scr2014,mustOut,psngRoadPub
MK,h0226,0.2374311387655332,scr2014,mustOut,psngRoadPub
MK,h0227,0.14031293226850325,scr2014,mustOut,psngRoadPub
MK,h0228,0.13211642554171132,scr2014,mustOut,psngRoadPub
MK,h0229,0.15616219749061558,scr2014,mustOut,psngRoadPub
MK,h0230,0.20623214454177347,scr2014,mustOut,psngRoadPub
MK,h0231,0.23690116657363242,scr2014,mustOut,psngRoadPub
MK,h0232,0.2500354374751854,scr2014,mustOut,psngRoadPub
MK,h0233,0.30267694531638745,scr2014,mustOut,psngRoadPub
MK,h0234,0.3164996198835361,scr2014,mustOut,psngRoadPub
MK,h0235,0.3210522776589071,scr2014,mustOut,psngRoadPub
MK,h0236,0.22224250570033008,scr2014,mustOut,psngRoadPub
MK,h0237,0.13110220352805507,scr2014,mustOut,psngRoadPub
MK,h0238,0.06729001456573892,scr2014,mustOut,psngRoadPub
MK,h0239,0.04172467744398949,scr2014,mustOut,psngRoadPub
MK,h0240,0.029416901714293862,scr2014,mustOut,psngRoadPub
MK,h0241,0.015691297734169257,scr2014,mustOut,psngRoadPub
MK,h0242,0.003961876729022799,scr2014,mustOut,psngRoadPub
MK,h0243,0.0006659653557186793,scr2014,mustOut,psngRoadPub
MK,h0244,0.0016929472216877857,scr2014,mustOut,psngRoadPub
MK,h0245,0.0016929472216877857,scr2014,mustOut,psngRoadPub
MK,h0246,0.0008827491751746325,scr2014,mustOut,psngRoadPub
MK,h0247,0.0429536246621759,scr2014,mustOut,psngRoadPub
MK,h0248,0.17062157906188707,scr2014,mustOut,psngRoadPub
MK,h0249,0.2507906999177362,scr2014,mustOut,psngRoadPub
MK,h0250,0.2374311387655332,scr2014,mustOut,psngRoadPub
MK,h0251,0.14031293226850325,scr2014,mustOut,psngRoadPub
MK,h0252,0.13211642554171132,scr2014,mustOut,psngRoadPub
MK,h0253,0.19446491705532132,scr2014,mustOut,psngRoadPub
MK,h0254,0.2931985601174335,scr2014,mustOut,psngRoadPub
MK,h0255,0.35660843633087036,scr2014,mustOut,psngRoadPub
MK,h0256,0.3735638446880898,scr2014,mustOut,psngRoadPub
MK,h0257,0.37365991,scr2014,mustOut,psngRoadPub
MK,h0258,0.3481671759945253,scr2014,mustOut,psngRoadPub
MK,h0259,0.3084015174976115,scr2014,mustOut,psngRoadPub
MK,h0260,0.21486898499044288,scr2014,mustOut,psngRoadPub
MK,h0261,0.13110220352805507,scr2014,mustOut,psngRoadPub
MK,h0262,0.06729001456573892,scr2014,mustOut,psngRoadPub
MK,h0263,0.04172467744398949,scr2014,mustOut,psngRoadPub
MK,h0264,0.029416901714293862,scr2014,mustOut,psngRoadPub
MK,h0265,0.015691297734169257,scr2014,mustOut,psngRoadPub
MK,h0266,0.003961876729022799,scr2014,mustOut,psngRoadPub
MK,h0267,0.0,scr2014,mustOut,psngRoadPub
MK,h0268,0.0,scr2014,mustOut,psngRoadPub
MK,h0269,0.0,scr2014,mustOut,psngRoadPub
MK,h0270,0.001955730566381503,scr2014,mustOut,psngRoadPub
MK,h0271,0.04612088060678056,scr2014,mustOut,psngRoadPub
MK,h0272,0.1743231447021561,scr2014,mustOut,psngRoadPub
MK,h0273,0.2507906999177362,scr2014,mustOut,psngRoadPub
MK,h0274,0.2374311387655332,scr2014,mustOut,psngRoadPub
MK,h0275,0.14031293226850325,scr2014,mustOut,psngRoadPub
MK,h0276,0.13211642554171132,scr2014,mustOut,psngRoadPub
MK,h0277,0.15726582545513532,scr2014,mustOut,psngRoadPub
MK,h0278,0.19622741258678872,scr2014,mustOut,psngRoadPub
MK,h0279,0.1802541873357432,scr2014,mustOut,psngRoadPub
MK,h0280,0.1764732871516063,scr2014,mustOut,psngRoadPub
MK,h0281,0.20429510358420996,scr2014,mustOut,psngRoadPub
MK,h0282,0.27097722094389814,scr2014,mustOut,psngRoadPub
MK,h0283,0.2916229018759244,scr2014,mustOut,psngRoadPub
MK,h0284,0.22817923999964493,scr2014,mustOut,psngRoadPub
MK,h0285,0.13110220352805507,scr2014,mustOut,psngRoadPub
MK,h0286,0.06729001456573892,scr2014,mustOut,psngRoadPub
MK,h0287,0.04172467744398949,scr2014,mustOut,psngRoadPub
MK,h0288,0.029416901714293862,scr2014,mustOut,psngRoadPub
MK,h0289,0.015691297734169257,scr2014,mustOut,psngRoadPub
MK,h0290,0.003961876729022799,scr2014,mustOut,psngRoadPub
MK,h0291,0.0,scr2014,mustOut,psngRoadPub
MK,h0292,0.0,scr2014,mustOut,psngRoadPub
MK,h0293,0.0,scr2014,mustOut,psngRoadPub
MK,h0294,0.005623802830040327,scr2014,mustOut,psngRoadPub
MK,h0295,0.05102494009520706,scr2014,mustOut,psngRoadPub
MK,h0296,0.18001528021838203,scr2014,mustOut,psngRoadPub
MK,h0297,0.2507906999177362,scr2014,mustOut,psngRoadPub
MK,h0298,0.2374311387655332,scr2014,mustOut,psngRoadPub
MK,h0299,0.14031293226850325,scr2014,mustOut,psngRoadPub
MK,h0300,0.13211642554171132,scr2014,mustOut,psngRoadPub
MK,h0301,0.15726582545513532,scr2014,mustOut,psngRoadPub
MK,h0302,0.19622741258678872,scr2014,mustOut,psngRoadPub
MK,h0303,0.1802541873357432,scr2014,mustOut,psngRoadPub
MK,h0304,0.1764732871516063,scr2014,mustOut,psngRoadPub
MK,h0305,0.20429510358420996,scr2014,mustOut,psngRoadPub
MK,h0306,0.27097722094389814,scr2014,mustOut,psngRoadPub
MK,h0307,0.3214425997275043,scr2014,mustOut,psngRoadPub
MK,h0308,0.28741892372334815,scr2014,mustOut,psngRoadPub
MK,h0309,0.20659212842759592,scr2014,mustOut,psngRoadPub
MK,h0310,0.14095214111874038,scr2014,mustOut,psngRoadPub
MK,h0311,0.08311169596876257,scr2014,mustOut,psngRoadPub
MK,h0312,0.05444725086411779,scr2014,mustOut,psngRoadPub
MK,h0313,0.014989749632865878,scr2014,mustOut,psngRoadPub
MK,h0314,0.0053171340811378025,scr2014,mustOut,psngRoadPub
MK,h0315,0.0,scr2014,mustOut,psngRoadPub
MK,h0316,0.0,scr2014,mustOut,psngRoadPub
MK,h0317,0.0,scr2014,mustOut,psngRoadPub
MK,h0318,0.005623802830040327,scr2014,mustOut,psngRoadPub
MK,h0319,0.0178624097198924,scr2014,mustOut,psngRoadPub
MK,h0320,0.045737932283656225,scr2014,mustOut,psngRoadPub
MK,h0321,0.06865488295581738,scr2014,mustOut,psngRoadPub
MK,h0322,0.12024147072162887,scr2014,mustOut,psngRoadPub
MK,h0323,0.14168506792102636,scr2014,mustOut,psngRoadPub
MK,h0324,0.1969397771917844,scr2014,mustOut,psngRoadPub
MK,h0325,0.19449032441924344,scr2014,mustOut,psngRoadPub
MK,h0326,0.2175109945767058,scr2014,mustOut,psngRoadPub
MK,h0327,0.1802541873357432,scr2014,mustOut,psngRoadPub
MK,h0328,0.1764732871516063,scr2014,mustOut,psngRoadPub
MK,h0329,0.20429510358420996,scr2014,mustOut,psngRoadPub
MK,h0330,0.27097722094389814,scr2014,mustOut,psngRoadPub
MK,h0331,0.2766118708305797,scr2014,mustOut,psngRoadPub
MK,h0332,0.2418408351324062,scr2014,mustOut,psngRoadPub
MK,h0333,0.16244920278974545,scr2014,mustOut,psngRoadPub
MK,h0334,0.13360326407664952,scr2014,mustOut,psngRoadPub
MK,h0335,0.10472851615624189,scr2014,mustOut,psngRoadPub
MK,h0336,0.08631018456330525,scr2014,mustOut,psngRoadPub
LV,h0169,0.048665869504183015,scr2014,mustOut,psngRoadPub
LV,h0170,0.013699669872354084,scr2014,mustOut,psngRoadPub
LV,h0171,0.0,scr2014,mustOut,psngRoadPub
LV,h0172,0.0,scr2014,mustOut,psngRoadPub
LV,h0173,0.0,scr2014,mustOut,psngRoadPub
LV,h0174,0.005623802830040327,scr2014,mustOut,psngRoadPub
LV,h0175,0.021423336771113646,scr2014,mustOut,psngRoadPub
LV,h0176,0.043001067668873294,scr2014,mustOut,psngRoadPub
LV,h0177,0.07771620394684013,scr2014,mustOut,psngRoadPub
LV,h0178,0.14408590837569354,scr2014,mustOut,psngRoadPub
LV,h0179,0.22117107602711378,scr2014,mustOut,psngRoadPub
LV,h0180,0.26886388888318297,scr2014,mustOut,psngRoadPub
LV,h0181,0.24626886829308794,scr2014,mustOut,psngRoadPub
LV,h0182,0.22122289153656177,scr2014,mustOut,psngRoadPub
LV,h0183,0.1802541873357432,scr2014,mustOut,psngRoadPub
LV,h0184,0.1764732871516063,scr2014,mustOut,psngRoadPub
LV,h0185,0.20429510358420996,scr2014,mustOut,psngRoadPub
LV,h0186,0.27097722094389814,scr2014,mustOut,psngRoadPub
LV,h0187,0.2916229018759244,scr2014,mustOut,psngRoadPub
LV,h0188,0.22817923999964493,scr2014,mustOut,psngRoadPub
LV,h0189,0.13110220352805507,scr2014,mustOut,psngRoadPub
LV,h0190,0.06729001456573892,scr2014,mustOut,psngRoadPub
LV,h0191,0.04172467744398949,scr2014,mustOut,psngRoadPub
LV,h0192,0.029416901714293862,scr2014,mustOut,psngRoadPub
LV,h0193,0.015691297734169257,scr2014,mustOut,psngRoadPub
LV,h0194,0.003961876729022799,scr2014,mustOut,psngRoadPub
LV,h0195,0.0,scr2014,mustOut,psngRoadPub
LV,h0196,0.0,scr2014,mustOut,psngRoadPub
LV,h0197,0.0,scr2014,mustOut,psngRoadPub
LV,h0198,0.005623802830040327,scr2014,mustOut,psngRoadPub
LV,h0199,0.0178624097198924,scr2014,mustOut,psngRoadPub
LV,h0200,0.045737932283656225,scr2014,mustOut,psngRoadPub
LV,h0201,0.06865488295581738,scr2014,mustOut,psngRoadPub
LV,h0202,0.12024147072162887,scr2014,mustOut,psngRoadPub
LV,h0203,0.14168506792102636,scr2014,mustOut,psngRoadPub
LV,h0204,0.1969397771917844,scr2014,mustOut,psngRoadPub
LV,h0205,0.19335929341599276,scr2014,mustOut,psngRoadPub
LV,h0206,0.22763252557650548,scr2014,mustOut,psngRoadPub
LV,h0207,0.23690116657363242,scr2014,mustOut,psngRoadPub
LV,h0208,0.2500354374751854,scr2014,mustOut,psngRoadPub
LV,h0209,0.30267694531638745,scr2014,mustOut,psngRoadPub
LV,h0210,0.3164996198835361,scr2014,mustOut,psngRoadPub
LV,h0211,0.3210522776589071,scr2014,mustOut,psngRoadPub
LV,h0212,0.22224250570033008,scr2014,mustOut,psngRoadPub
LV,h0213,0.13110220352805507,scr2014,mustOut,psngRoadPub
LV,h0214,0.06729001456573892,scr2014,mustOut,psngRoadPub
LV,h0215,0.04172467744398949,scr2014,mustOut,psngRoadPub
LV,h0216,0.029416901714293862,scr2014,mustOut,psngRoadPub
LV,h0217,0.015691297734169257,scr2014,mustOut,psngRoadPub
LV,h0218,0.003961876729022799,scr2014,mustOut,psngRoadPub
LV,h0219,0.0,scr2014,mustOut,psngRoadPub
LV,h0220,0.0,scr2014,mustOut,psngRoadPub
LV,h0221,0.0,scr2014,mustOut,psngRoadPub
LV,h0222,0.005623802830040327,scr2014,mustOut,psngRoadPub
LV,h0223,0.05102494009520706,scr2014,mustOut,psngRoadPub
LV,h0224,0.18001528021838203,scr2014,mustOut,psngRoadPub
LV,h0225,0.2507906999177362,scr2014,mustOut,psngRoadPub
LV,h0226,0.2374311387655332,scr2014,mustOut,psngRoadPub
LV,h0227,0.14031293226850325,scr2014,mustOut,psngRoadPub
LV,h0228,0.13211642554171132,scr2014,mustOut,psngRoadPub
LV,h0229,0.15616219749061558,scr2014,mustOut,psngRoadPub
LV,h0230,0.20623214454177347,scr2014,mustOut,psngRoadPub
LV,h0231,0.23690116657363242,scr2014,mustOut,psngRoadPub
LV,h0232,0.2500354374751854,scr2014,mustOut,psngRoadPub
LV,h0233,0.30267694531638745,scr2014,mustOut,psngRoadPub
LV,h0234,0.3164996198835361,scr2014,mustOut,psngRoadPub
LV,h0235,0.3210522776589071,scr2014,mustOut,psngRoadPub
LV,h0236,0.22224250570033008,scr2014,mustOut,psngRoadPub
LV,h0237,0.13110220352805507,scr2014,mustOut,psngRoadPub
LV,h0238,0.06729001456573892,scr2014,mustOut,psngRoadPub
LV,h0239,0.04172467744398949,scr2014,mustOut,psngRoadPub
LV,h0240,0.029416901714293862,scr2014,mustOut,psngRoadPub
LV,h0241,0.015691297734169257,scr2014,mustOut,psngRoadPub
LV,h0242,0.003961876729022799,scr2014,mustOut,psngRoadPub
LV,h0243,0.0006659653557186793,scr2014,mustOut,psngRoadPub
LV,h0244,0.0016929472216877857,scr2014,mustOut,psngRoadPub
LV,h0245,0.0016929472216877857,scr2014,mustOut,psngRoadPub
LV,h0246,0.0008827491751746325,scr2014,mustOut,psngRoadPub
LV,h0247,0.0429536246621759,scr2014,mustOut,psngRoadPub
LV,h0248,0.17062157906188707,scr2014,mustOut,psngRoadPub
LV,h0249,0.2507906999177362,scr2014,mustOut,psngRoadPub
LV,h0250,0.2374311387655332,scr2014,mustOut,psngRoadPub
LV,h0251,0.14031293226850325,scr2014,mustOut,psngRoadPub
LV,h0252,0.13211642554171132,scr2014,mustOut,psngRoadPub
LV,h0253,0.19446491705532132,scr2014,mustOut,psngRoadPub
LV,h0254,0.2931985601174335,scr2014,mustOut,psngRoadPub
LV,h0255,0.35660843633087036,scr2014,mustOut,psngRoadPub
LV,h0256,0.3735638446880898,scr2014,mustOut,psngRoadPub
LV,h0257,0.37365991,scr2014,mustOut,psngRoadPub
LV,h0258,0.3481671759945253,scr2014,mustOut,psngRoadPub
LV,h0259,0.3084015174976115,scr2014,mustOut,psngRoadPub
LV,h0260,0.21486898499044288,scr2014,mustOut,psngRoadPub
LV,h0261,0.13110220352805507,scr2014,mustOut,psngRoadPub
LV,h0262,0.06729001456573892,scr2014,mustOut,psngRoadPub
LV,h0263,0.04172467744398949,scr2014,mustOut,psngRoadPub
LV,h0264,0.029416901714293862,scr2014,mustOut,psngRoadPub
LV,h0265,0.015691297734169257,scr2014,mustOut,psngRoadPub
LV,h0266,0.003961876729022799,scr2014,mustOut,psngRoadPub
LV,h0267,0.0,scr2014,mustOut,psngRoadPub
LV,h0268,0.0,scr2014,mustOut,psngRoadPub
LV,h0269,0.0,scr2014,mustOut,psngRoadPub
LV,h0270,0.001955730566381503,scr2014,mustOut,psngRoadPub
LV,h0271,0.04612088060678056,scr2014,mustOut,psngRoadPub
LV,h0272,0.1743231447021561,scr2014,mustOut,psngRoadPub
LV,h0273,0.2507906999177362,scr2014,mustOut,psngRoadPub
LV,h0274,0.2374311387655332,scr2014,mustOut,psngRoadPub
LV,h0275,0.14031293226850325,scr2014,mustOut,psngRoadPub
LV,h0276,0.13211642554171132,scr2014,mustOut,psngRoadPub
LV,h0277,0.15726582545513532,scr2014,mustOut,psngRoadPub
LV,h0278,0.19622741258678872,scr2014,mustOut,psngRoadPub
LV,h0279,0.1802541873357432,scr2014,mustOut,psngRoadPub
LV,h0280,0.1764732871516063,scr2014,mustOut,psngRoadPub
LV,h0281,0.20429510358420996,scr2014,mustOut,psngRoadPub
LV,h0282,0.27097722094389814,scr2014,mustOut,psngRoadPub
LV,h0283,0.2916229018759244,scr2014,mustOut,psngRoadPub
LV,h0284,0.22817923999964493,scr2014,mustOut,psngRoadPub
LV,h0285,0.13110220352805507,scr2014,mustOut,psngRoadPub
LV,h0286,0.06729001456573892,scr2014,mustOut,psngRoadPub
LV,h0287,0.04172467744398949,scr2014,mustOut,psngRoadPub
LV,h0288,0.029416901714293862,scr2014,mustOut,psngRoadPub
LV,h0289,0.015691297734169257,scr2014,mustOut,psngRoadPub
LV,h0290,0.003961876729022799,scr2014,mustOut,psngRoadPub
LV,h0291,0.0,scr2014,mustOut,psngRoadPub
LV,h0292,0.0,scr2014,mustOut,psngRoadPub
LV,h0293,0.0,scr2014,mustOut,psngRoadPub
LV,h0294,0.005623802830040327,scr2014,mustOut,psngRoadPub
LV,h0295,0.05102494009520706,scr2014,mustOut,psngRoadPub
LV,h0296,0.18001528021838203,scr2014,mustOut,psngRoadPub
LV,h0297,0.2507906999177362,scr2014,mustOut,psngRoadPub
LV,h0298,0.2374311387655332,scr2014,mustOut,psngRoadPub
LV,h0299,0.14031293226850325,scr2014,mustOut,psngRoadPub
LV,h0300,0.13211642554171132,scr2014,mustOut,psngRoadPub
LV,h0301,0.15726582545513532,scr2014,mustOut,psngRoadPub
LV,h0302,0.19622741258678872,scr2014,mustOut,psngRoadPub
LV,h0303,0.1802541873357432,scr2014,mustOut,psngRoadPub
LV,h0304,0.1764732871516063,scr2014,mustOut,psngRoadPub
LV,h0305,0.20429510358420996,scr2014,mustOut,psngRoadPub
LV,h0306,0.27097722094389814,scr2014,mustOut,psngRoadPub
LV,h0307,0.3214425997275043,scr2014,mustOut,psngRoadPub
LV,h0308,0.28741892372334815,scr2014,mustOut,psngRoadPub
LV,h0309,0.20659212842759592,scr2014,mustOut,psngRoadPub
LV,h0310,0.14095214111874038,scr2014,mustOut,psngRoadPub
LV,h0311,0.08311169596876257,scr2014,mustOut,psngRoadPub
LV,h0312,0.05444725086411779,scr2014,mustOut,psngRoadPub
LV,h0313,0.014989749632865878,scr2014,mustOut,psngRoadPub
LV,h0314,0.0053171340811378025,scr2014,mustOut,psngRoadPub
LV,h0315,0.0,scr2014,mustOut,psngRoadPub
LV,h0316,0.0,scr2014,mustOut,psngRoadPub
LV,h0317,0.0,scr2014,mustOut,psngRoadPub
LV,h0318,0.005623802830040327,scr2014,mustOut,psngRoadPub
LV,h0319,0.0178624097198924,scr2014,mustOut,psngRoadPub
LV,h0320,0.045737932283656225,scr2014,mustOut,psngRoadPub
LV,h0321,0.06865488295581738,scr2014,mustOut,psngRoadPub
LV,h0322,0.12024147072162887,scr2014,mustOut,psngRoadPub
LV,h0323,0.14168506792102636,scr2014,mustOut,psngRoadPub
LV,h0324,0.1969397771917844,scr2014,mustOut,psngRoadPub
LV,h0325,0.19449032441924344,scr2014,mustOut,psngRoadPub
LV,h0326,0.2175109945767058,scr2014,mustOut,psngRoadPub
LV,h0327,0.1802541873357432,scr2014,mustOut,psngRoadPub
LV,h0328,0.1764732871516063,scr2014,mustOut,psngRoadPub
LV,h0329,0.20429510358420996,scr2014,mustOut,psngRoadPub
LV,h0330,0.27097722094389814,scr2014,mustOut,psngRoadPub
LV,h0331,0.2766118708305797,scr2014,mustOut,psngRoadPub
LV,h0332,0.2418408351324062,scr2014,mustOut,psngRoadPub
LV,h0333,0.16244920278974545,scr2014,mustOut,psngRoadPub
LV,h0334,0.13360326407664952,scr2014,mustOut,psngRoadPub
LV,h0335,0.10472851615624189,scr2014,mustOut,psngRoadPub
LV,h0336,0.08631018456330525,scr2014,mustOut,psngRoadPub
ME,h0169,0.048665869504183015,scr2014,mustOut,psngRoadPub
ME,h0170,0.013699669872354084,scr2014,mustOut,psngRoadPub
ME,h0171,0.0,scr2014,mustOut,psngRoadPub
ME,h0172,0.0,scr2014,mustOut,psngRoadPub
ME,h0173,0.0,scr2014,mustOut,psngRoadPub
ME,h0174,0.005623802830040327,scr2014,mustOut,psngRoadPub
ME,h0175,0.021423336771113646,scr2014,mustOut,psngRoadPub
ME,h0176,0.043001067668873294,scr2014,mustOut,psngRoadPub
ME,h0177,0.07771620394684013,scr2014,mustOut,psngRoadPub
ME,h0178,0.14408590837569354,scr2014,mustOut,psngRoadPub
ME,h0179,0.22117107602711378,scr2014,mustOut,psngRoadPub
ME,h0180,0.26886388888318297,scr2014,mustOut,psngRoadPub
ME,h0181,0.24626886829308794,scr2014,mustOut,psngRoadPub
ME,h0182,0.22122289153656177,scr2014,mustOut,psngRoadPub
ME,h0183,0.1802541873357432,scr2014,mustOut,psngRoadPub
ME,h0184,0.1764732871516063,scr2014,mustOut,psngRoadPub
ME,h0185,0.20429510358420996,scr2014,mustOut,psngRoadPub
ME,h0186,0.27097722094389814,scr2014,mustOut,psngRoadPub
ME,h0187,0.2916229018759244,scr2014,mustOut,psngRoadPub
ME,h0188,0.22817923999964493,scr2014,mustOut,psngRoadPub
ME,h0189,0.13110220352805507,scr2014,mustOut,psngRoadPub
ME,h0190,0.06729001456573892,scr2014,mustOut,psngRoadPub
ME,h0191,0.04172467744398949,scr2014,mustOut,psngRoadPub
ME,h0192,0.029416901714293862,scr2014,mustOut,psngRoadPub
ME,h0193,0.015691297734169257,scr2014,mustOut,psngRoadPub
ME,h0194,0.003961876729022799,scr2014,mustOut,psngRoadPub
ME,h0195,0.0,scr2014,mustOut,psngRoadPub
ME,h0196,0.0,scr2014,mustOut,psngRoadPub
ME,h0197,0.0,scr2014,mustOut,psngRoadPub
ME,h0198,0.005623802830040327,scr2014,mustOut,psngRoadPub
ME,h0199,0.0178624097198924,scr2014,mustOut,psngRoadPub
ME,h0200,0.045737932283656225,scr2014,mustOut,psngRoadPub
ME,h0201,0.06865488295581738,scr2014,mustOut,psngRoadPub
ME,h0202,0.12024147072162887,scr2014,mustOut,psngRoadPub
ME,h0203,0.14168506792102636,scr2014,mustOut,psngRoadPub
ME,h0204,0.1969397771917844,scr2014,mustOut,psngRoadPub
ME,h0205,0.19335929341599276,scr2014,mustOut,psngRoadPub
ME,h0206,0.22763252557650548,scr2014,mustOut,psngRoadPub
ME,h0207,0.23690116657363242,scr2014,mustOut,psngRoadPub
ME,h0208,0.2500354374751854,scr2014,mustOut,psngRoadPub
ME,h0209,0.30267694531638745,scr2014,mustOut,psngRoadPub
ME,h0210,0.3164996198835361,scr2014,mustOut,psngRoadPub
ME,h0211,0.3210522776589071,scr2014,mustOut,psngRoadPub
ME,h0212,0.22224250570033008,scr2014,mustOut,psngRoadPub
ME,h0213,0.13110220352805507,scr2014,mustOut,psngRoadPub
ME,h0214,0.06729001456573892,scr2014,mustOut,psngRoadPub
ME,h0215,0.04172467744398949,scr2014,mustOut,psngRoadPub
ME,h0216,0.029416901714293862,scr2014,mustOut,psngRoadPub
ME,h0217,0.015691297734169257,scr2014,mustOut,psngRoadPub
ME,h0218,0.003961876729022799,scr2014,mustOut,psngRoadPub
ME,h0219,0.0,scr2014,mustOut,psngRoadPub
ME,h0220,0.0,scr2014,mustOut,psngRoadPub
ME,h0221,0.0,scr2014,mustOut,psngRoadPub
ME,h0222,0.005623802830040327,scr2014,mustOut,psngRoadPub
ME,h0223,0.05102494009520706,scr2014,mustOut,psngRoadPub
ME,h0224,0.18001528021838203,scr2014,mustOut,psngRoadPub
ME,h0225,0.2507906999177362,scr2014,mustOut,psngRoadPub
ME,h0226,0.2374311387655332,scr2014,mustOut,psngRoadPub
ME,h0227,0.14031293226850325,scr2014,mustOut,psngRoadPub
ME,h0228,0.13211642554171132,scr2014,mustOut,psngRoadPub
ME,h0229,0.15616219749061558,scr2014,mustOut,psngRoadPub
ME,h0230,0.20623214454177347,scr2014,mustOut,psngRoadPub
ME,h0231,0.23690116657363242,scr2014,mustOut,psngRoadPub
ME,h0232,0.2500354374751854,scr2014,mustOut,psngRoadPub
ME,h0233,0.30267694531638745,scr2014,mustOut,psngRoadPub
ME,h0234,0.3164996198835361,scr2014,mustOut,psngRoadPub
ME,h0235,0.3210522776589071,scr2014,mustOut,psngRoadPub
ME,h0236,0.22224250570033008,scr2014,mustOut,psngRoadPub
ME,h0237,0.13110220352805507,scr2014,mustOut,psngRoadPub
ME,h0238,0.06729001456573892,scr2014,mustOut,psngRoadPub
ME,h0239,0.04172467744398949,scr2014,mustOut,psngRoadPub
ME,h0240,0.029416901714293862,scr2014,mustOut,psngRoadPub
ME,h0241,0.015691297734169257,scr2014,mustOut,psngRoadPub
ME,h0242,0.003961876729022799,scr2014,mustOut,psngRoadPub
ME,h0243,0.0006659653557186793,scr2014,mustOut,psngRoadPub
ME,h0244,0.0016929472216877857,scr2014,mustOut,psngRoadPub
ME,h0245,0.0016929472216877857,scr2014,mustOut,psngRoadPub
ME,h0246,0.0008827491751746325,scr2014,mustOut,psngRoadPub
ME,h0247,0.0429536246621759,scr2014,mustOut,psngRoadPub
ME,h0248,0.17062157906188707,scr2014,mustOut,psngRoadPub
ME,h0249,0.2507906999177362,scr2014,mustOut,psngRoadPub
ME,h0250,0.2374311387655332,scr2014,mustOut,psngRoadPub
ME,h0251,0.14031293226850325,scr2014,mustOut,psngRoadPub
ME,h0252,0.13211642554171132,scr2014,mustOut,psngRoadPub
ME,h0253,0.19446491705532132,scr2014,mustOut,psngRoadPub
ME,h0254,0.2931985601174335,scr2014,mustOut,psngRoadPub
ME,h0255,0.35660843633087036,scr2014,mustOut,psngRoadPub
ME,h0256,0.3735638446880898,scr2014,mustOut,psngRoadPub
ME,h0257,0.37365991,scr2014,mustOut,psngRoadPub
ME,h0258,0.3481671759945253,scr2014,mustOut,psngRoadPub
ME,h0259,0.3084015174976115,scr2014,mustOut,psngRoadPub
ME,h0260,0.21486898499044288,scr2014,mustOut,psngRoadPub
ME,h0261,0.13110220352805507,scr2014,mustOut,psngRoadPub
ME,h0262,0.06729001456573892,scr2014,mustOut,psngRoadPub
ME,h0263,0.04172467744398949,scr2014,mustOut,psngRoadPub
ME,h0264,0.029416901714293862,scr2014,mustOut,psngRoadPub
ME,h0265,0.015691297734169257,scr2014,mustOut,psngRoadPub
ME,h0266,0.003961876729022799,scr2014,mustOut,psngRoadPub
ME,h0267,0.0,scr2014,mustOut,psngRoadPub
ME,h0268,0.0,scr2014,mustOut,psngRoadPub
ME,h0269,0.0,scr2014,mustOut,psngRoadPub
ME,h0270,0.001955730566381503,scr2014,mustOut,psngRoadPub
ME,h0271,0.04612088060678056,scr2014,mustOut,psngRoadPub
ME,h0272,0.1743231447021561,scr2014,mustOut,psngRoadPub
ME,h0273,0.2507906999177362,scr2014,mustOut,psngRoadPub
ME,h0274,0.2374311387655332,scr2014,mustOut,psngRoadPub
ME,h0275,0.14031293226850325,scr2014,mustOut,psngRoadPub
ME,h0276,0.13211642554171132,scr2014,mustOut,psngRoadPub
ME,h0277,0.15726582545513532,scr2014,mustOut,psngRoadPub
ME,h0278,0.19622741258678872,scr2014,mustOut,psngRoadPub
ME,h0279,0.1802541873357432,scr2014,mustOut,psngRoadPub
ME,h0280,0.1764732871516063,scr2014,mustOut,psngRoadPub
ME,h0281,0.20429510358420996,scr2014,mustOut,psngRoadPub
ME,h0282,0.27097722094389814,scr2014,mustOut,psngRoadPub
ME,h0283,0.2916229018759244,scr2014,mustOut,psngRoadPub
ME,h0284,0.22817923999964493,scr2014,mustOut,psngRoadPub
ME,h0285,0.13110220352805507,scr2014,mustOut,psngRoadPub
ME,h0286,0.06729001456573892,scr2014,mustOut,psngRoadPub
ME,h0287,0.04172467744398949,scr2014,mustOut,psngRoadPub
ME,h0288,0.029416901714293862,scr2014,mustOut,psngRoadPub
ME,h0289,0.015691297734169257,scr2014,mustOut,psngRoadPub
ME,h0290,0.003961876729022799,scr2014,mustOut,psngRoadPub
ME,h0291,0.0,scr2014,mustOut,psngRoadPub
ME,h0292,0.0,scr2014,mustOut,psngRoadPub
ME,h0293,0.0,scr2014,mustOut,psngRoadPub
ME,h0294,0.005623802830040327,scr2014,mustOut,psngRoadPub
ME,h0295,0.05102494009520706,scr2014,mustOut,psngRoadPub
ME,h0296,0.18001528021838203,scr2014,mustOut,psngRoadPub
ME,h0297,0.2507906999177362,scr2014,mustOut,psngRoadPub
ME,h0298,0.2374311387655332,scr2014,mustOut,psngRoadPub
ME,h0299,0.14031293226850325,scr2014,mustOut,psngRoadPub
ME,h0300,0.13211642554171132,scr2014,mustOut,psngRoadPub
ME,h0301,0.15726582545513532,scr2014,mustOut,psngRoadPub
ME,h0302,0.19622741258678872,scr2014,mustOut,psngRoadPub
ME,h0303,0.1802541873357432,scr2014,mustOut,psngRoadPub
ME,h0304,0.1764732871516063,scr2014,mustOut,psngRoadPub
ME,h0305,0.20429510358420996,scr2014,mustOut,psngRoadPub
ME,h0306,0.27097722094389814,scr2014,mustOut,psngRoadPub
ME,h0307,0.3214425997275043,scr2014,mustOut,psngRoadPub
ME,h0308,0.28741892372334815,scr2014,mustOut,psngRoadPub
ME,h0309,0.20659212842759592,scr2014,mustOut,psngRoadPub
ME,h0310,0.14095214111874038,scr2014,mustOut,psngRoadPub
ME,h0311,0.08311169596876257,scr2014,mustOut,psngRoadPub
ME,h0312,0.05444725086411779,scr2014,mustOut,psngRoadPub
ME,h0313,0.014989749632865878,scr2014,mustOut,psngRoadPub
ME,h0314,0.0053171340811378025,scr2014,mustOut,psngRoadPub
ME,h0315,0.0,scr2014,mustOut,psngRoadPub
ME,h0316,0.0,scr2014,mustOut,psngRoadPub
ME,h0317,0.0,scr2014,mustOut,psngRoadPub
ME,h0318,0.005623802830040327,scr2014,mustOut,psngRoadPub
ME,h0319,0.0178624097198924,scr2014,mustOut,psngRoadPub
ME,h0320,0.045737932283656225,scr2014,mustOut,psngRoadPub
ME,h0321,0.06865488295581738,scr2014,mustOut,psngRoadPub
ME,h0322,0.12024147072162887,scr2014,mustOut,psngRoadPub
ME,h0323,0.14168506792102636,scr2014,mustOut,psngRoadPub
ME,h0324,0.1969397771917844,scr2014,mustOut,psngRoadPub
ME,h0325,0.19449032441924344,scr2014,mustOut,psngRoadPub
ME,h0326,0.2175109945767058,scr2014,mustOut,psngRoadPub
ME,h0327,0.1802541873357432,scr2014,mustOut,psngRoadPub
ME,h0328,0.1764732871516063,scr2014,mustOut,psngRoadPub
ME,h0329,0.20429510358420996,scr2014,mustOut,psngRoadPub
ME,h0330,0.27097722094389814,scr2014,mustOut,psngRoadPub
ME,h0331,0.2766118708305797,scr2014,mustOut,psngRoadPub
ME,h0332,0.2418408351324062,scr2014,mustOut,psngRoadPub
ME,h0333,0.16244920278974545,scr2014,mustOut,psngRoadPub
ME,h0334,0.13360326407664952,scr2014,mustOut,psngRoadPub
ME,h0335,0.10472851615624189,scr2014,mustOut,psngRoadPub
ME,h0336,0.08631018456330525,scr2014,mustOut,psngRoadPub
LT,h0169,0.048665869504183015,scr2014,mustOut,psngRoadPub
LT,h0170,0.013699669872354084,scr2014,mustOut,psngRoadPub
LT,h0171,0.0,scr2014,mustOut,psngRoadPub
LT,h0172,0.0,scr2014,mustOut,psngRoadPub
LT,h0173,0.0,scr2014,mustOut,psngRoadPub
LT,h0174,0.005623802830040327,scr2014,mustOut,psngRoadPub
LT,h0175,0.021423336771113646,scr2014,mustOut,psngRoadPub
LT,h0176,0.043001067668873294,scr2014,mustOut,psngRoadPub
LT,h0177,0.07771620394684013,scr2014,mustOut,psngRoadPub
LT,h0178,0.14408590837569354,scr2014,mustOut,psngRoadPub
LT,h0179,0.22117107602711378,scr2014,mustOut,psngRoadPub
LT,h0180,0.26886388888318297,scr2014,mustOut,psngRoadPub
LT,h0181,0.24626886829308794,scr2014,mustOut,psngRoadPub
LT,h0182,0.22122289153656177,scr2014,mustOut,psngRoadPub
LT,h0183,0.1802541873357432,scr2014,mustOut,psngRoadPub
LT,h0184,0.1764732871516063,scr2014,mustOut,psngRoadPub
LT,h0185,0.20429510358420996,scr2014,mustOut,psngRoadPub
LT,h0186,0.27097722094389814,scr2014,mustOut,psngRoadPub
LT,h0187,0.2916229018759244,scr2014,mustOut,psngRoadPub
LT,h0188,0.22817923999964493,scr2014,mustOut,psngRoadPub
LT,h0189,0.13110220352805507,scr2014,mustOut,psngRoadPub
LT,h0190,0.06729001456573892,scr2014,mustOut,psngRoadPub
LT,h0191,0.04172467744398949,scr2014,mustOut,psngRoadPub
LT,h0192,0.029416901714293862,scr2014,mustOut,psngRoadPub
LT,h0193,0.015691297734169257,scr2014,mustOut,psngRoadPub
LT,h0194,0.003961876729022799,scr2014,mustOut,psngRoadPub
LT,h0195,0.0,scr2014,mustOut,psngRoadPub
LT,h0196,0.0,scr2014,mustOut,psngRoadPub
LT,h0197,0.0,scr2014,mustOut,psngRoadPub
LT,h0198,0.005623802830040327,scr2014,mustOut,psngRoadPub
LT,h0199,0.0178624097198924,scr2014,mustOut,psngRoadPub
LT,h0200,0.045737932283656225,scr2014,mustOut,psngRoadPub
LT,h0201,0.06865488295581738,scr2014,mustOut,psngRoadPub
LT,h0202,0.12024147072162887,scr2014,mustOut,psngRoadPub
LT,h0203,0.14168506792102636,scr2014,mustOut,psngRoadPub
LT,h0204,0.1969397771917844,scr2014,mustOut,psngRoadPub
LT,h0205,0.19335929341599276,scr2014,mustOut,psngRoadPub
LT,h0206,0.22763252557650548,scr2014,mustOut,psngRoadPub
LT,h0207,0.23690116657363242,scr2014,mustOut,psngRoadPub
LT,h0208,0.2500354374751854,scr2014,mustOut,psngRoadPub
LT,h0209,0.30267694531638745,scr2014,mustOut,psngRoadPub
LT,h0210,0.3164996198835361,scr2014,mustOut,psngRoadPub
LT,h0211,0.3210522776589071,scr2014,mustOut,psngRoadPub
LT,h0212,0.22224250570033008,scr2014,mustOut,psngRoadPub
LT,h0213,0.13110220352805507,scr2014,mustOut,psngRoadPub
LT,h0214,0.06729001456573892,scr2014,mustOut,psngRoadPub
LT,h0215,0.04172467744398949,scr2014,mustOut,psngRoadPub
LT,h0216,0.029416901714293862,scr2014,mustOut,psngRoadPub
LT,h0217,0.015691297734169257,scr2014,mustOut,psngRoadPub
LT,h0218,0.003961876729022799,scr2014,mustOut,psngRoadPub
LT,h0219,0.0,scr2014,mustOut,psngRoadPub
LT,h0220,0.0,scr2014,mustOut,psngRoadPub
LT,h0221,0.0,scr2014,mustOut,psngRoadPub
LT,h0222,0.005623802830040327,scr2014,mustOut,psngRoadPub
LT,h0223,0.05102494009520706,scr2014,mustOut,psngRoadPub
LT,h0224,0.18001528021838203,scr2014,mustOut,psngRoadPub
LT,h0225,0.2507906999177362,scr2014,mustOut,psngRoadPub
LT,h0226,0.2374311387655332,scr2014,mustOut,psngRoadPub
LT,h0227,0.14031293226850325,scr2014,mustOut,psngRoadPub
LT,h0228,0.13211642554171132,scr2014,mustOut,psngRoadPub
LT,h0229,0.15616219749061558,scr2014,mustOut,psngRoadPub
LT,h0230,0.20623214454177347,scr2014,mustOut,psngRoadPub
LT,h0231,0.23690116657363242,scr2014,mustOut,psngRoadPub
LT,h0232,0.2500354374751854,scr2014,mustOut,psngRoadPub
LT,h0233,0.30267694531638745,scr2014,mustOut,psngRoadPub
LT,h0234,0.3164996198835361,scr2014,mustOut,psngRoadPub
LT,h0235,0.3210522776589071,scr2014,mustOut,psngRoadPub
LT,h0236,0.22224250570033008,scr2014,mustOut,psngRoadPub
LT,h0237,0.13110220352805507,scr2014,mustOut,psngRoadPub
LT,h0238,0.06729001456573892,scr2014,mustOut,psngRoadPub
LT,h0239,0.04172467744398949,scr2014,mustOut,psngRoadPub
LT,h0240,0.029416901714293862,scr2014,mustOut,psngRoadPub
LT,h0241,0.015691297734169257,scr2014,mustOut,psngRoadPub
LT,h0242,0.003961876729022799,scr2014,mustOut,psngRoadPub
LT,h0243,0.0006659653557186793,scr2014,mustOut,psngRoadPub
LT,h0244,0.0016929472216877857,scr2014,mustOut,psngRoadPub
LT,h0245,0.0016929472216877857,scr2014,mustOut,psngRoadPub
LT,h0246,0.0008827491751746325,scr2014,mustOut,psngRoadPub
LT,h0247,0.0429536246621759,scr2014,mustOut,psngRoadPub
LT,h0248,0.17062157906188707,scr2014,mustOut,psngRoadPub
LT,h0249,0.2507906999177362,scr2014,mustOut,psngRoadPub
LT,h0250,0.2374311387655332,scr2014,mustOut,psngRoadPub
LT,h0251,0.14031293226850325,scr2014,mustOut,psngRoadPub
LT,h0252,0.13211642554171132,scr2014,mustOut,psngRoadPub
LT,h0253,0.19446491705532132,scr2014,mustOut,psngRoadPub
LT,h0254,0.2931985601174335,scr2014,mustOut,psngRoadPub
LT,h0255,0.35660843633087036,scr2014,mustOut,psngRoadPub
LT,h0256,0.3735638446880898,scr2014,mustOut,psngRoadPub
LT,h0257,0.37365991,scr2014,mustOut,psngRoadPub
LT,h0258,0.3481671759945253,scr2014,mustOut,psngRoadPub
LT,h0259,0.3084015174976115,scr2014,mustOut,psngRoadPub
LT,h0260,0.21486898499044288,scr2014,mustOut,psngRoadPub
LT,h0261,0.13110220352805507,scr2014,mustOut,psngRoadPub
LT,h0262,0.06729001456573892,scr2014,mustOut,psngRoadPub
LT,h0263,0.04172467744398949,scr2014,mustOut,psngRoadPub
LT,h0264,0.029416901714293862,scr2014,mustOut,psngRoadPub
LT,h0265,0.015691297734169257,scr2014,mustOut,psngRoadPub
LT,h0266,0.003961876729022799,scr2014,mustOut,psngRoadPub
LT,h0267,0.0,scr2014,mustOut,psngRoadPub
LT,h0268,0.0,scr2014,mustOut,psngRoadPub
LT,h0269,0.0,scr2014,mustOut,psngRoadPub
LT,h0270,0.001955730566381503,scr2014,mustOut,psngRoadPub
LT,h0271,0.04612088060678056,scr2014,mustOut,psngRoadPub
LT,h0272,0.1743231447021561,scr2014,mustOut,psngRoadPub
LT,h0273,0.2507906999177362,scr2014,mustOut,psngRoadPub
LT,h0274,0.2374311387655332,scr2014,mustOut,psngRoadPub
LT,h0275,0.14031293226850325,scr2014,mustOut,psngRoadPub
LT,h0276,0.13211642554171132,scr2014,mustOut,psngRoadPub
LT,h0277,0.15726582545513532,scr2014,mustOut,psngRoadPub
LT,h0278,0.19622741258678872,scr2014,mustOut,psngRoadPub
LT,h0279,0.1802541873357432,scr2014,mustOut,psngRoadPub
LT,h0280,0.1764732871516063,scr2014,mustOut,psngRoadPub
LT,h0281,0.20429510358420996,scr2014,mustOut,psngRoadPub
LT,h0282,0.27097722094389814,scr2014,mustOut,psngRoadPub
LT,h0283,0.2916229018759244,scr2014,mustOut,psngRoadPub
LT,h0284,0.22817923999964493,scr2014,mustOut,psngRoadPub
LT,h0285,0.13110220352805507,scr2014,mustOut,psngRoadPub
LT,h0286,0.06729001456573892,scr2014,mustOut,psngRoadPub
LT,h0287,0.04172467744398949,scr2014,mustOut,psngRoadPub
LT,h0288,0.029416901714293862,scr2014,mustOut,psngRoadPub
LT,h0289,0.015691297734169257,scr2014,mustOut,psngRoadPub
LT,h0290,0.003961876729022799,scr2014,mustOut,psngRoadPub
LT,h0291,0.0,scr2014,mustOut,psngRoadPub
LT,h0292,0.0,scr2014,mustOut,psngRoadPub
LT,h0293,0.0,scr2014,mustOut,psngRoadPub
LT,h0294,0.005623802830040327,scr2014,mustOut,psngRoadPub
LT,h0295,0.05102494009520706,scr2014,mustOut,psngRoadPub
LT,h0296,0.18001528021838203,scr2014,mustOut,psngRoadPub
LT,h0297,0.2507906999177362,scr2014,mustOut,psngRoadPub
LT,h0298,0.2374311387655332,scr2014,mustOut,psngRoadPub
LT,h0299,0.14031293226850325,scr2014,mustOut,psngRoadPub
LT,h0300,0.13211642554171132,scr2014,mustOut,psngRoadPub
LT,h0301,0.15726582545513532,scr2014,mustOut,psngRoadPub
LT,h0302,0.19622741258678872,scr2014,mustOut,psngRoadPub
LT,h0303,0.1802541873357432,scr2014,mustOut,psngRoadPub
LT,h0304,0.1764732871516063,scr2014,mustOut,psngRoadPub
LT,h0305,0.20429510358420996,scr2014,mustOut,psngRoadPub
LT,h0306,0.27097722094389814,scr2014,mustOut,psngRoadPub
LT,h0307,0.3214425997275043,scr2014,mustOut,psngRoadPub
LT,h0308,0.28741892372334815,scr2014,mustOut,psngRoadPub
LT,h0309,0.20659212842759592,scr2014,mustOut,psngRoadPub
LT,h0310,0.14095214111874038,scr2014,mustOut,psngRoadPub
LT,h0311,0.08311169596876257,scr2014,mustOut,psngRoadPub
LT,h0312,0.05444725086411779,scr2014,mustOut,psngRoadPub
LT,h0313,0.014989749632865878,scr2014,mustOut,psngRoadPub
LT,h0314,0.0053171340811378025,scr2014,mustOut,psngRoadPub
LT,h0315,0.0,scr2014,mustOut,psngRoadPub
LT,h0316,0.0,scr2014,mustOut,psngRoadPub
LT,h0317,0.0,scr2014,mustOut,psngRoadPub
LT,h0318,0.005623802830040327,scr2014,mustOut,psngRoadPub
LT,h0319,0.0178624097198924,scr2014,mustOut,psngRoadPub
LT,h0320,0.045737932283656225,scr2014,mustOut,psngRoadPub
LT,h0321,0.06865488295581738,scr2014,mustOut,psngRoadPub
LT,h0322,0.12024147072162887,scr2014,mustOut,psngRoadPub
LT,h0323,0.14168506792102636,scr2014,mustOut,psngRoadPub
LT,h0324,0.1969397771917844,scr2014,mustOut,psngRoadPub
LT,h0325,0.19449032441924344,scr2014,mustOut,psngRoadPub
LT,h0326,0.2175109945767058,scr2014,mustOut,psngRoadPub
LT,h0327,0.1802541873357432,scr2014,mustOut,psngRoadPub
LT,h0328,0.1764732871516063,scr2014,mustOut,psngRoadPub
LT,h0329,0.20429510358420996,scr2014,mustOut,psngRoadPub
LT,h0330,0.27097722094389814,scr2014,mustOut,psngRoadPub
LT,h0331,0.2766118708305797,scr2014,mustOut,psngRoadPub
LT,h0332,0.2418408351324062,scr2014,mustOut,psngRoadPub
LT,h0333,0.16244920278974545,scr2014,mustOut,psngRoadPub
LT,h0334,0.13360326407664952,scr2014,mustOut,psngRoadPub
LT,h0335,0.10472851615624189,scr2014,mustOut,psngRoadPub
LT,h0336,0.08631018456330525,scr2014,mustOut,psngRoadPub
LU,h0169,0.048665869504183015,scr2014,mustOut,psngRoadPub
LU,h0170,0.013699669872354084,scr2014,mustOut,psngRoadPub
LU,h0171,0.0,scr2014,mustOut,psngRoadPub
LU,h0172,0.0,scr2014,mustOut,psngRoadPub
LU,h0173,0.0,scr2014,mustOut,psngRoadPub
LU,h0174,0.005623802830040327,scr2014,mustOut,psngRoadPub
LU,h0175,0.021423336771113646,scr2014,mustOut,psngRoadPub
LU,h0176,0.043001067668873294,scr2014,mustOut,psngRoadPub
LU,h0177,0.07771620394684013,scr2014,mustOut,psngRoadPub
LU,h0178,0.14408590837569354,scr2014,mustOut,psngRoadPub
LU,h0179,0.22117107602711378,scr2014,mustOut,psngRoadPub
LU,h0180,0.26886388888318297,scr2014,mustOut,psngRoadPub
LU,h0181,0.24626886829308794,scr2014,mustOut,psngRoadPub
LU,h0182,0.22122289153656177,scr2014,mustOut,psngRoadPub
LU,h0183,0.1802541873357432,scr2014,mustOut,psngRoadPub
LU,h0184,0.1764732871516063,scr2014,mustOut,psngRoadPub
LU,h0185,0.20429510358420996,scr2014,mustOut,psngRoadPub
LU,h0186,0.27097722094389814,scr2014,mustOut,psngRoadPub
LU,h0187,0.2916229018759244,scr2014,mustOut,psngRoadPub
LU,h0188,0.22817923999964493,scr2014,mustOut,psngRoadPub
LU,h0189,0.13110220352805507,scr2014,mustOut,psngRoadPub
LU,h0190,0.06729001456573892,scr2014,mustOut,psngRoadPub
LU,h0191,0.04172467744398949,scr2014,mustOut,psngRoadPub
LU,h0192,0.029416901714293862,scr2014,mustOut,psngRoadPub
LU,h0193,0.015691297734169257,scr2014,mustOut,psngRoadPub
LU,h0194,0.003961876729022799,scr2014,mustOut,psngRoadPub
LU,h0195,0.0,scr2014,mustOut,psngRoadPub
LU,h0196,0.0,scr2014,mustOut,psngRoadPub
LU,h0197,0.0,scr2014,mustOut,psngRoadPub
LU,h0198,0.005623802830040327,scr2014,mustOut,psngRoadPub
LU,h0199,0.0178624097198924,scr2014,mustOut,psngRoadPub
LU,h0200,0.045737932283656225,scr2014,mustOut,psngRoadPub
LU,h0201,0.06865488295581738,scr2014,mustOut,psngRoadPub
LU,h0202,0.12024147072162887,scr2014,mustOut,psngRoadPub
LU,h0203,0.14168506792102636,scr2014,mustOut,psngRoadPub
LU,h0204,0.1969397771917844,scr2014,mustOut,psngRoadPub
LU,h0205,0.19335929341599276,scr2014,mustOut,psngRoadPub
LU,h0206,0.22763252557650548,scr2014,mustOut,psngRoadPub
LU,h0207,0.23690116657363242,scr2014,mustOut,psngRoadPub
LU,h0208,0.2500354374751854,scr2014,mustOut,psngRoadPub
LU,h0209,0.30267694531638745,scr2014,mustOut,psngRoadPub
LU,h0210,0.3164996198835361,scr2014,mustOut,psngRoadPub
LU,h0211,0.3210522776589071,scr2014,mustOut,psngRoadPub
LU,h0212,0.22224250570033008,scr2014,mustOut,psngRoadPub
LU,h0213,0.13110220352805507,scr2014,mustOut,psngRoadPub
LU,h0214,0.06729001456573892,scr2014,mustOut,psngRoadPub
LU,h0215,0.04172467744398949,scr2014,mustOut,psngRoadPub
LU,h0216,0.029416901714293862,scr2014,mustOut,psngRoadPub
LU,h0217,0.015691297734169257,scr2014,mustOut,psngRoadPub
LU,h0218,0.003961876729022799,scr2014,mustOut,psngRoadPub
LU,h0219,0.0,scr2014,mustOut,psngRoadPub
LU,h0220,0.0,scr2014,mustOut,psngRoadPub
LU,h0221,0.0,scr2014,mustOut,psngRoadPub
LU,h0222,0.005623802830040327,scr2014,mustOut,psngRoadPub
LU,h0223,0.05102494009520706,scr2014,mustOut,psngRoadPub
LU,h0224,0.18001528021838203,scr2014,mustOut,psngRoadPub
LU,h0225,0.2507906999177362,scr2014,mustOut,psngRoadPub
LU,h0226,0.2374311387655332,scr2014,mustOut,psngRoadPub
LU,h0227,0.14031293226850325,scr2014,mustOut,psngRoadPub
LU,h0228,0.13211642554171132,scr2014,mustOut,psngRoadPub
LU,h0229,0.15616219749061558,scr2014,mustOut,psngRoadPub
LU,h0230,0.20623214454177347,scr2014,mustOut,psngRoadPub
LU,h0231,0.23690116657363242,scr2014,mustOut,psngRoadPub
LU,h0232,0.2500354374751854,scr2014,mustOut,psngRoadPub
LU,h0233,0.30267694531638745,scr2014,mustOut,psngRoadPub
LU,h0234,0.3164996198835361,scr2014,mustOut,psngRoadPub
LU,h0235,0.3210522776589071,scr2014,mustOut,psngRoadPub
LU,h0236,0.22224250570033008,scr2014,mustOut,psngRoadPub
LU,h0237,0.13110220352805507,scr2014,mustOut,psngRoadPub
LU,h0238,0.06729001456573892,scr2014,mustOut,psngRoadPub
LU,h0239,0.04172467744398949,scr2014,mustOut,psngRoadPub
LU,h0240,0.029416901714293862,scr2014,mustOut,psngRoadPub
LU,h0241,0.015691297734169257,scr2014,mustOut,psngRoadPub
LU,h0242,0.003961876729022799,scr2014,mustOut,psngRoadPub
LU,h0243,0.0006659653557186793,scr2014,mustOut,psngRoadPub
LU,h0244,0.0016929472216877857,scr2014,mustOut,psngRoadPub
LU,h0245,0.0016929472216877857,scr2014,mustOut,psngRoadPub
LU,h0246,0.0008827491751746325,scr2014,mustOut,psngRoadPub
LU,h0247,0.0429536246621759,scr2014,mustOut,psngRoadPub
LU,h0248,0.17062157906188707,scr2014,mustOut,psngRoadPub
LU,h0249,0.2507906999177362,scr2014,mustOut,psngRoadPub
LU,h0250,0.2374311387655332,scr2014,mustOut,psngRoadPub
LU,h0251,0.14031293226850325,scr2014,mustOut,psngRoadPub
LU,h0252,0.13211642554171132,scr2014,mustOut,psngRoadPub
LU,h0253,0.19446491705532132,scr2014,mustOut,psngRoadPub
LU,h0254,0.2931985601174335,scr2014,mustOut,psngRoadPub
LU,h0255,0.35660843633087036,scr2014,mustOut,psngRoadPub
LU,h0256,0.3735638446880898,scr2014,mustOut,psngRoadPub
LU,h0257,0.37365991,scr2014,mustOut,psngRoadPub
LU,h0258,0.3481671759945253,scr2014,mustOut,psngRoadPub
LU,h0259,0.3084015174976115,scr2014,mustOut,psngRoadPub
LU,h0260,0.21486898499044288,scr2014,mustOut,psngRoadPub
LU,h0261,0.13110220352805507,scr2014,mustOut,psngRoadPub
LU,h0262,0.06729001456573892,scr2014,mustOut,psngRoadPub
LU,h0263,0.04172467744398949,scr2014,mustOut,psngRoadPub
LU,h0264,0.029416901714293862,scr2014,mustOut,psngRoadPub
LU,h0265,0.015691297734169257,scr2014,mustOut,psngRoadPub
LU,h0266,0.003961876729022799,scr2014,mustOut,psngRoadPub
LU,h0267,0.0,scr2014,mustOut,psngRoadPub
LU,h0268,0.0,scr2014,mustOut,psngRoadPub
LU,h0269,0.0,scr2014,mustOut,psngRoadPub
LU,h0270,0.001955730566381503,scr2014,mustOut,psngRoadPub
LU,h0271,0.04612088060678056,scr2014,mustOut,psngRoadPub
LU,h0272,0.1743231447021561,scr2014,mustOut,psngRoadPub
LU,h0273,0.2507906999177362,scr2014,mustOut,psngRoadPub
LU,h0274,0.2374311387655332,scr2014,mustOut,psngRoadPub
LU,h0275,0.14031293226850325,scr2014,mustOut,psngRoadPub
LU,h0276,0.13211642554171132,scr2014,mustOut,psngRoadPub
LU,h0277,0.15726582545513532,scr2014,mustOut,psngRoadPub
LU,h0278,0.19622741258678872,scr2014,mustOut,psngRoadPub
LU,h0279,0.1802541873357432,scr2014,mustOut,psngRoadPub
LU,h0280,0.1764732871516063,scr2014,mustOut,psngRoadPub
LU,h0281,0.20429510358420996,scr2014,mustOut,psngRoadPub
LU,h0282,0.27097722094389814,scr2014,mustOut,psngRoadPub
LU,h0283,0.2916229018759244,scr2014,mustOut,psngRoadPub
LU,h0284,0.22817923999964493,scr2014,mustOut,psngRoadPub
LU,h0285,0.13110220352805507,scr2014,mustOut,psngRoadPub
LU,h0286,0.06729001456573892,scr2014,mustOut,psngRoadPub
LU,h0287,0.04172467744398949,scr2014,mustOut,psngRoadPub
LU,h0288,0.029416901714293862,scr2014,mustOut,psngRoadPub
LU,h0289,0.015691297734169257,scr2014,mustOut,psngRoadPub
LU,h0290,0.003961876729022799,scr2014,mustOut,psngRoadPub
LU,h0291,0.0,scr2014,mustOut,psngRoadPub
LU,h0292,0.0,scr2014,mustOut,psngRoadPub
LU,h0293,0.0,scr2014,mustOut,psngRoadPub
LU,h0294,0.005623802830040327,scr2014,mustOut,psngRoadPub
LU,h0295,0.05102494009520706,scr2014,mustOut,psngRoadPub
LU,h0296,0.18001528021838203,scr2014,mustOut,psngRoadPub
LU,h0297,0.2507906999177362,scr2014,mustOut,psngRoadPub
LU,h0298,0.2374311387655332,scr2014,mustOut,psngRoadPub
LU,h0299,0.14031293226850325,scr2014,mustOut,psngRoadPub
LU,h0300,0.13211642554171132,scr2014,mustOut,psngRoadPub
LU,h0301,0.15726582545513532,scr2014,mustOut,psngRoadPub
LU,h0302,0.19622741258678872,scr2014,mustOut,psngRoadPub
LU,h0303,0.1802541873357432,scr2014,mustOut,psngRoadPub
LU,h0304,0.1764732871516063,scr2014,mustOut,psngRoadPub
LU,h0305,0.20429510358420996,scr2014,mustOut,psngRoadPub
LU,h0306,0.27097722094389814,scr2014,mustOut,psngRoadPub
LU,h0307,0.3214425997275043,scr2014,mustOut,psngRoadPub
LU,h0308,0.28741892372334815,scr2014,mustOut,psngRoadPub
LU,h0309,0.20659212842759592,scr2014,mustOut,psngRoadPub
LU,h0310,0.14095214111874038,scr2014,mustOut,psngRoadPub
LU,h0311,0.08311169596876257,scr2014,mustOut,psngRoadPub
LU,h0312,0.05444725086411779,scr2014,mustOut,psngRoadPub
LU,h0313,0.014989749632865878,scr2014,mustOut,psngRoadPub
LU,h0314,0.0053171340811378025,scr2014,mustOut,psngRoadPub
LU,h0315,0.0,scr2014,mustOut,psngRoadPub
LU,h0316,0.0,scr2014,mustOut,psngRoadPub
LU,h0317,0.0,scr2014,mustOut,psngRoadPub
LU,h0318,0.005623802830040327,scr2014,mustOut,psngRoadPub
LU,h0319,0.0178624097198924,scr2014,mustOut,psngRoadPub
LU,h0320,0.045737932283656225,scr2014,mustOut,psngRoadPub
LU,h0321,0.06865488295581738,scr2014,mustOut,psngRoadPub
LU,h0322,0.12024147072162887,scr2014,mustOut,psngRoadPub
LU,h0323,0.14168506792102636,scr2014,mustOut,psngRoadPub
LU,h0324,0.1969397771917844,scr2014,mustOut,psngRoadPub
LU,h0325,0.19449032441924344,scr2014,mustOut,psngRoadPub
LU,h0326,0.2175109945767058,scr2014,mustOut,psngRoadPub
LU,h0327,0.1802541873357432,scr2014,mustOut,psngRoadPub
LU,h0328,0.1764732871516063,scr2014,mustOut,psngRoadPub
LU,h0329,0.20429510358420996,scr2014,mustOut,psngRoadPub
LU,h0330,0.27097722094389814,scr2014,mustOut,psngRoadPub
LU,h0331,0.2766118708305797,scr2014,mustOut,psngRoadPub
LU,h0332,0.2418408351324062,scr2014,mustOut,psngRoadPub
LU,h0333,0.16244920278974545,scr2014,mustOut,psngRoadPub
LU,h0334,0.13360326407664952,scr2014,mustOut,psngRoadPub
LU,h0335,0.10472851615624189,scr2014,mustOut,psngRoadPub
LU,h0336,0.08631018456330525,scr2014,mustOut,psngRoadPub
NO,h0169,0.048665869504183036,scr2014,mustOut,psngRoadPub
NO,h0170,0.013699669872354084,scr2014,mustOut,psngRoadPub
NO,h0171,0.0,scr2014,mustOut,psngRoadPub
NO,h0172,0.0,scr2014,mustOut,psngRoadPub
NO,h0173,0.0,scr2014,mustOut,psngRoadPub
NO,h0174,0.005623802830040332,scr2014,mustOut,psngRoadPub
NO,h0175,0.02142333677111366,scr2014,mustOut,psngRoadPub
NO,h0176,0.0430010676688733,scr2014,mustOut,psngRoadPub
NO,h0177,0.07771620394684015,scr2014,mustOut,psngRoadPub
NO,h0178,0.14408590837569363,scr2014,mustOut,psngRoadPub
NO,h0179,0.2211710760271139,scr2014,mustOut,psngRoadPub
NO,h0180,0.268863888883183,scr2014,mustOut,psngRoadPub
NO,h0181,0.24626886829308806,scr2014,mustOut,psngRoadPub
NO,h0182,0.22122289153656188,scr2014,mustOut,psngRoadPub
NO,h0183,0.18025418733574325,scr2014,mustOut,psngRoadPub
NO,h0184,0.17647328715160637,scr2014,mustOut,psngRoadPub
NO,h0185,0.20429510358421007,scr2014,mustOut,psngRoadPub
NO,h0186,0.27097722094389826,scr2014,mustOut,psngRoadPub
NO,h0187,0.29162290187592455,scr2014,mustOut,psngRoadPub
NO,h0188,0.22817923999964504,scr2014,mustOut,psngRoadPub
NO,h0189,0.13110220352805516,scr2014,mustOut,psngRoadPub
NO,h0190,0.06729001456573894,scr2014,mustOut,psngRoadPub
NO,h0191,0.04172467744398951,scr2014,mustOut,psngRoadPub
NO,h0192,0.029416901714293876,scr2014,mustOut,psngRoadPub
NO,h0193,0.015691297734169267,scr2014,mustOut,psngRoadPub
NO,h0194,0.003961876729022802,scr2014,mustOut,psngRoadPub
NO,h0195,0.0,scr2014,mustOut,psngRoadPub
NO,h0196,0.0,scr2014,mustOut,psngRoadPub
NO,h0197,0.0,scr2014,mustOut,psngRoadPub
NO,h0198,0.005623802830040332,scr2014,mustOut,psngRoadPub
NO,h0199,0.017862409719892405,scr2014,mustOut,psngRoadPub
NO,h0200,0.045737932283656246,scr2014,mustOut,psngRoadPub
NO,h0201,0.06865488295581743,scr2014,mustOut,psngRoadPub
NO,h0202,0.12024147072162894,scr2014,mustOut,psngRoadPub
NO,h0203,0.14168506792102642,scr2014,mustOut,psngRoadPub
NO,h0204,0.19693977719178452,scr2014,mustOut,psngRoadPub
NO,h0205,0.19335929341599284,scr2014,mustOut,psngRoadPub
NO,h0206,0.22763252557650568,scr2014,mustOut,psngRoadPub
NO,h0207,0.23690116657363255,scr2014,mustOut,psngRoadPub
NO,h0208,0.25003543747518553,scr2014,mustOut,psngRoadPub
NO,h0209,0.3026769453163876,scr2014,mustOut,psngRoadPub
NO,h0210,0.31649961988353625,scr2014,mustOut,psngRoadPub
NO,h0211,0.32105227765890737,scr2014,mustOut,psngRoadPub
NO,h0212,0.22224250570033025,scr2014,mustOut,psngRoadPub
NO,h0213,0.13110220352805516,scr2014,mustOut,psngRoadPub
NO,h0214,0.06729001456573894,scr2014,mustOut,psngRoadPub
NO,h0215,0.04172467744398951,scr2014,mustOut,psngRoadPub
NO,h0216,0.029416901714293876,scr2014,mustOut,psngRoadPub
NO,h0217,0.015691297734169267,scr2014,mustOut,psngRoadPub
NO,h0218,0.003961876729022802,scr2014,mustOut,psngRoadPub
NO,h0219,0.0,scr2014,mustOut,psngRoadPub
NO,h0220,0.0,scr2014,mustOut,psngRoadPub
NO,h0221,0.0,scr2014,mustOut,psngRoadPub
NO,h0222,0.005623802830040332,scr2014,mustOut,psngRoadPub
NO,h0223,0.05102494009520709,scr2014,mustOut,psngRoadPub
NO,h0224,0.18001528021838215,scr2014,mustOut,psngRoadPub
NO,h0225,0.25079069991773634,scr2014,mustOut,psngRoadPub
NO,h0226,0.23743113876553334,scr2014,mustOut,psngRoadPub
NO,h0227,0.14031293226850333,scr2014,mustOut,psngRoadPub
NO,h0228,0.13211642554171135,scr2014,mustOut,psngRoadPub
NO,h0229,0.15616219749061566,scr2014,mustOut,psngRoadPub
NO,h0230,0.20623214454177358,scr2014,mustOut,psngRoadPub
NO,h0231,0.23690116657363255,scr2014,mustOut,psngRoadPub
NO,h0232,0.25003543747518553,scr2014,mustOut,psngRoadPub
NO,h0233,0.3026769453163876,scr2014,mustOut,psngRoadPub
NO,h0234,0.31649961988353625,scr2014,mustOut,psngRoadPub
NO,h0235,0.32105227765890737,scr2014,mustOut,psngRoadPub
NO,h0236,0.22224250570033025,scr2014,mustOut,psngRoadPub
NO,h0237,0.13110220352805516,scr2014,mustOut,psngRoadPub
NO,h0238,0.06729001456573894,scr2014,mustOut,psngRoadPub
NO,h0239,0.04172467744398951,scr2014,mustOut,psngRoadPub
NO,h0240,0.029416901714293876,scr2014,mustOut,psngRoadPub
NO,h0241,0.015691297734169267,scr2014,mustOut,psngRoadPub
NO,h0242,0.003961876729022802,scr2014,mustOut,psngRoadPub
NO,h0243,0.0006659653557186796,scr2014,mustOut,psngRoadPub
NO,h0244,0.0016929472216877866,scr2014,mustOut,psngRoadPub
NO,h0245,0.0016929472216877866,scr2014,mustOut,psngRoadPub
NO,h0246,0.000882749175174633,scr2014,mustOut,psngRoadPub
NO,h0247,0.04295362466217592,scr2014,mustOut,psngRoadPub
NO,h0248,0.17062157906188716,scr2014,mustOut,psngRoadPub
NO,h0249,0.25079069991773634,scr2014,mustOut,psngRoadPub
NO,h0250,0.23743113876553334,scr2014,mustOut,psngRoadPub
NO,h0251,0.14031293226850333,scr2014,mustOut,psngRoadPub
NO,h0252,0.13211642554171135,scr2014,mustOut,psngRoadPub
NO,h0253,0.19446491705532143,scr2014,mustOut,psngRoadPub
NO,h0254,0.29319856011743367,scr2014,mustOut,psngRoadPub
NO,h0255,0.3566084363308706,scr2014,mustOut,psngRoadPub
NO,h0256,0.37356384468809,scr2014,mustOut,psngRoadPub
NO,h0257,0.3736599100000001,scr2014,mustOut,psngRoadPub
NO,h0258,0.3481671759945254,scr2014,mustOut,psngRoadPub
NO,h0259,0.3084015174976117,scr2014,mustOut,psngRoadPub
NO,h0260,0.21486898499044302,scr2014,mustOut,psngRoadPub
NO,h0261,0.13110220352805516,scr2014,mustOut,psngRoadPub
NO,h0262,0.06729001456573894,scr2014,mustOut,psngRoadPub
NO,h0263,0.04172467744398951,scr2014,mustOut,psngRoadPub
NO,h0264,0.029416901714293876,scr2014,mustOut,psngRoadPub
NO,h0265,0.015691297734169267,scr2014,mustOut,psngRoadPub
NO,h0266,0.003961876729022802,scr2014,mustOut,psngRoadPub
NO,h0267,0.0,scr2014,mustOut,psngRoadPub
NO,h0268,0.0,scr2014,mustOut,psngRoadPub
NO,h0269,0.0,scr2014,mustOut,psngRoadPub
NO,h0270,0.001955730566381504,scr2014,mustOut,psngRoadPub
NO,h0271,0.04612088060678058,scr2014,mustOut,psngRoadPub
NO,h0272,0.17432314470215618,scr2014,mustOut,psngRoadPub
NO,h0273,0.25079069991773634,scr2014,mustOut,psngRoadPub
NO,h0274,0.23743113876553334,scr2014,mustOut,psngRoadPub
NO,h0275,0.14031293226850333,scr2014,mustOut,psngRoadPub
NO,h0276,0.13211642554171135,scr2014,mustOut,psngRoadPub
NO,h0277,0.1572658254551354,scr2014,mustOut,psngRoadPub
NO,h0278,0.19622741258678877,scr2014,mustOut,psngRoadPub
NO,h0279,0.18025418733574325,scr2014,mustOut,psngRoadPub
NO,h0280,0.17647328715160637,scr2014,mustOut,psngRoadPub
NO,h0281,0.20429510358421007,scr2014,mustOut,psngRoadPub
NO,h0282,0.27097722094389826,scr2014,mustOut,psngRoadPub
NO,h0283,0.29162290187592455,scr2014,mustOut,psngRoadPub
NO,h0284,0.22817923999964504,scr2014,mustOut,psngRoadPub
NO,h0285,0.13110220352805516,scr2014,mustOut,psngRoadPub
NO,h0286,0.06729001456573894,scr2014,mustOut,psngRoadPub
NO,h0287,0.04172467744398951,scr2014,mustOut,psngRoadPub
NO,h0288,0.029416901714293876,scr2014,mustOut,psngRoadPub
NO,h0289,0.015691297734169267,scr2014,mustOut,psngRoadPub
NO,h0290,0.003961876729022802,scr2014,mustOut,psngRoadPub
NO,h0291,0.0,scr2014,mustOut,psngRoadPub
NO,h0292,0.0,scr2014,mustOut,psngRoadPub
NO,h0293,0.0,scr2014,mustOut,psngRoadPub
NO,h0294,0.005623802830040332,scr2014,mustOut,psngRoadPub
NO,h0295,0.05102494009520709,scr2014,mustOut,psngRoadPub
NO,h0296,0.18001528021838215,scr2014,mustOut,psngRoadPub
NO,h0297,0.25079069991773634,scr2014,mustOut,psngRoadPub
NO,h0298,0.23743113876553334,scr2014,mustOut,psngRoadPub
NO,h0299,0.14031293226850333,scr2014,mustOut,psngRoadPub
NO,h0300,0.13211642554171135,scr2014,mustOut,psngRoadPub
NO,h0301,0.1572658254551354,scr2014,mustOut,psngRoadPub
NO,h0302,0.19622741258678877,scr2014,mustOut,psngRoadPub
NO,h0303,0.18025418733574325,scr2014,mustOut,psngRoadPub
NO,h0304,0.17647328715160637,scr2014,mustOut,psngRoadPub
NO,h0305,0.20429510358421007,scr2014,mustOut,psngRoadPub
NO,h0306,0.27097722094389826,scr2014,mustOut,psngRoadPub
NO,h0307,0.3214425997275045,scr2014,mustOut,psngRoadPub
NO,h0308,0.2874189237233482,scr2014,mustOut,psngRoadPub
NO,h0309,0.20659212842759603,scr2014,mustOut,psngRoadPub
NO,h0310,0.14095214111874046,scr2014,mustOut,psngRoadPub
NO,h0311,0.08311169596876262,scr2014,mustOut,psngRoadPub
NO,h0312,0.05444725086411782,scr2014,mustOut,psngRoadPub
NO,h0313,0.014989749632865888,scr2014,mustOut,psngRoadPub
NO,h0314,0.005317134081137806,scr2014,mustOut,psngRoadPub
NO,h0315,0.0,scr2014,mustOut,psngRoadPub
NO,h0316,0.0,scr2014,mustOut,psngRoadPub
NO,h0317,0.0,scr2014,mustOut,psngRoadPub
NO,h0318,0.005623802830040332,scr2014,mustOut,psngRoadPub
NO,h0319,0.017862409719892405,scr2014,mustOut,psngRoadPub
NO,h0320,0.045737932283656246,scr2014,mustOut,psngRoadPub
NO,h0321,0.06865488295581743,scr2014,mustOut,psngRoadPub
NO,h0322,0.12024147072162894,scr2014,mustOut,psngRoadPub
NO,h0323,0.14168506792102642,scr2014,mustOut,psngRoadPub
NO,h0324,0.19693977719178452,scr2014,mustOut,psngRoadPub
NO,h0325,0.19449032441924352,scr2014,mustOut,psngRoadPub
NO,h0326,0.21751099457670592,scr2014,mustOut,psngRoadPub
NO,h0327,0.18025418733574325,scr2014,mustOut,psngRoadPub
NO,h0328,0.17647328715160637,scr2014,mustOut,psngRoadPub
NO,h0329,0.20429510358421007,scr2014,mustOut,psngRoadPub
NO,h0330,0.27097722094389826,scr2014,mustOut,psngRoadPub
NO,h0331,0.27661187083057986,scr2014,mustOut,psngRoadPub
NO,h0332,0.24184083513240634,scr2014,mustOut,psngRoadPub
NO,h0333,0.16244920278974556,scr2014,mustOut,psngRoadPub
NO,h0334,0.13360326407664963,scr2014,mustOut,psngRoadPub
NO,h0335,0.10472851615624197,scr2014,mustOut,psngRoadPub
NO,h0336,0.08631018456330529,scr2014,mustOut,psngRoadPub
PL,h0169,0.048665869504183015,scr2014,mustOut,psngRoadPub
PL,h0170,0.013699669872354082,scr2014,mustOut,psngRoadPub
PL,h0171,0.0,scr2014,mustOut,psngRoadPub
PL,h0172,0.0,scr2014,mustOut,psngRoadPub
PL,h0173,0.0,scr2014,mustOut,psngRoadPub
PL,h0174,0.005623802830040327,scr2014,mustOut,psngRoadPub
PL,h0175,0.021423336771113646,scr2014,mustOut,psngRoadPub
PL,h0176,0.043001067668873294,scr2014,mustOut,psngRoadPub
PL,h0177,0.07771620394684013,scr2014,mustOut,psngRoadPub
PL,h0178,0.14408590837569354,scr2014,mustOut,psngRoadPub
PL,h0179,0.22117107602711378,scr2014,mustOut,psngRoadPub
PL,h0180,0.2688638888831829,scr2014,mustOut,psngRoadPub
PL,h0181,0.24626886829308794,scr2014,mustOut,psngRoadPub
PL,h0182,0.22122289153656177,scr2014,mustOut,psngRoadPub
PL,h0183,0.1802541873357432,scr2014,mustOut,psngRoadPub
PL,h0184,0.1764732871516063,scr2014,mustOut,psngRoadPub
PL,h0185,0.20429510358420996,scr2014,mustOut,psngRoadPub
PL,h0186,0.27097722094389814,scr2014,mustOut,psngRoadPub
PL,h0187,0.2916229018759244,scr2014,mustOut,psngRoadPub
PL,h0188,0.22817923999964493,scr2014,mustOut,psngRoadPub
PL,h0189,0.13110220352805507,scr2014,mustOut,psngRoadPub
PL,h0190,0.06729001456573892,scr2014,mustOut,psngRoadPub
PL,h0191,0.04172467744398949,scr2014,mustOut,psngRoadPub
PL,h0192,0.029416901714293862,scr2014,mustOut,psngRoadPub
PL,h0193,0.015691297734169257,scr2014,mustOut,psngRoadPub
PL,h0194,0.003961876729022799,scr2014,mustOut,psngRoadPub
PL,h0195,0.0,scr2014,mustOut,psngRoadPub
PL,h0196,0.0,scr2014,mustOut,psngRoadPub
PL,h0197,0.0,scr2014,mustOut,psngRoadPub
PL,h0198,0.005623802830040327,scr2014,mustOut,psngRoadPub
PL,h0199,0.0178624097198924,scr2014,mustOut,psngRoadPub
PL,h0200,0.045737932283656225,scr2014,mustOut,psngRoadPub
PL,h0201,0.06865488295581738,scr2014,mustOut,psngRoadPub
PL,h0202,0.12024147072162887,scr2014,mustOut,psngRoadPub
PL,h0203,0.14168506792102636,scr2014,mustOut,psngRoadPub
PL,h0204,0.1969397771917844,scr2014,mustOut,psngRoadPub
PL,h0205,0.19335929341599276,scr2014,mustOut,psngRoadPub
PL,h0206,0.22763252557650548,scr2014,mustOut,psngRoadPub
PL,h0207,0.23690116657363242,scr2014,mustOut,psngRoadPub
PL,h0208,0.2500354374751854,scr2014,mustOut,psngRoadPub
PL,h0209,0.30267694531638745,scr2014,mustOut,psngRoadPub
PL,h0210,0.3164996198835361,scr2014,mustOut,psngRoadPub
PL,h0211,0.3210522776589071,scr2014,mustOut,psngRoadPub
PL,h0212,0.22224250570033008,scr2014,mustOut,psngRoadPub
PL,h0213,0.13110220352805507,scr2014,mustOut,psngRoadPub
PL,h0214,0.06729001456573892,scr2014,mustOut,psngRoadPub
PL,h0215,0.04172467744398949,scr2014,mustOut,psngRoadPub
PL,h0216,0.029416901714293862,scr2014,mustOut,psngRoadPub
PL,h0217,0.015691297734169257,scr2014,mustOut,psngRoadPub
PL,h0218,0.003961876729022799,scr2014,mustOut,psngRoadPub
PL,h0219,0.0,scr2014,mustOut,psngRoadPub
PL,h0220,0.0,scr2014,mustOut,psngRoadPub
PL,h0221,0.0,scr2014,mustOut,psngRoadPub
PL,h0222,0.005623802830040327,scr2014,mustOut,psngRoadPub
PL,h0223,0.05102494009520706,scr2014,mustOut,psngRoadPub
PL,h0224,0.18001528021838203,scr2014,mustOut,psngRoadPub
PL,h0225,0.2507906999177362,scr2014,mustOut,psngRoadPub
PL,h0226,0.2374311387655332,scr2014,mustOut,psngRoadPub
PL,h0227,0.14031293226850325,scr2014,mustOut,psngRoadPub
PL,h0228,0.1321164255417113,scr2014,mustOut,psngRoadPub
PL,h0229,0.15616219749061558,scr2014,mustOut,psngRoadPub
PL,h0230,0.20623214454177347,scr2014,mustOut,psngRoadPub
PL,h0231,0.23690116657363242,scr2014,mustOut,psngRoadPub
PL,h0232,0.2500354374751854,scr2014,mustOut,psngRoadPub
PL,h0233,0.30267694531638745,scr2014,mustOut,psngRoadPub
PL,h0234,0.3164996198835361,scr2014,mustOut,psngRoadPub
PL,h0235,0.3210522776589071,scr2014,mustOut,psngRoadPub
PL,h0236,0.22224250570033008,scr2014,mustOut,psngRoadPub
PL,h0237,0.13110220352805507,scr2014,mustOut,psngRoadPub
PL,h0238,0.06729001456573892,scr2014,mustOut,psngRoadPub
PL,h0239,0.04172467744398949,scr2014,mustOut,psngRoadPub
PL,h0240,0.029416901714293862,scr2014,mustOut,psngRoadPub
PL,h0241,0.015691297734169257,scr2014,mustOut,psngRoadPub
PL,h0242,0.003961876729022799,scr2014,mustOut,psngRoadPub
PL,h0243,0.0006659653557186793,scr2014,mustOut,psngRoadPub
PL,h0244,0.0016929472216877857,scr2014,mustOut,psngRoadPub
PL,h0245,0.0016929472216877857,scr2014,mustOut,psngRoadPub
PL,h0246,0.0008827491751746325,scr2014,mustOut,psngRoadPub
PL,h0247,0.0429536246621759,scr2014,mustOut,psngRoadPub
PL,h0248,0.17062157906188707,scr2014,mustOut,psngRoadPub
PL,h0249,0.2507906999177362,scr2014,mustOut,psngRoadPub
PL,h0250,0.2374311387655332,scr2014,mustOut,psngRoadPub
PL,h0251,0.14031293226850325,scr2014,mustOut,psngRoadPub
PL,h0252,0.1321164255417113,scr2014,mustOut,psngRoadPub
PL,h0253,0.19446491705532132,scr2014,mustOut,psngRoadPub
PL,h0254,0.2931985601174335,scr2014,mustOut,psngRoadPub
PL,h0255,0.35660843633087036,scr2014,mustOut,psngRoadPub
PL,h0256,0.3735638446880898,scr2014,mustOut,psngRoadPub
PL,h0257,0.37365991,scr2014,mustOut,psngRoadPub
PL,h0258,0.3481671759945253,scr2014,mustOut,psngRoadPub
PL,h0259,0.3084015174976115,scr2014,mustOut,psngRoadPub
PL,h0260,0.21486898499044288,scr2014,mustOut,psngRoadPub
PL,h0261,0.13110220352805507,scr2014,mustOut,psngRoadPub
PL,h0262,0.06729001456573892,scr2014,mustOut,psngRoadPub
PL,h0263,0.04172467744398949,scr2014,mustOut,psngRoadPub
PL,h0264,0.029416901714293862,scr2014,mustOut,psngRoadPub
PL,h0265,0.015691297734169257,scr2014,mustOut,psngRoadPub
PL,h0266,0.003961876729022799,scr2014,mustOut,psngRoadPub
PL,h0267,0.0,scr2014,mustOut,psngRoadPub
PL,h0268,0.0,scr2014,mustOut,psngRoadPub
PL,h0269,0.0,scr2014,mustOut,psngRoadPub
PL,h0270,0.001955730566381503,scr2014,mustOut,psngRoadPub
PL,h0271,0.04612088060678056,scr2014,mustOut,psngRoadPub
PL,h0272,0.1743231447021561,scr2014,mustOut,psngRoadPub
PL,h0273,0.2507906999177362,scr2014,mustOut,psngRoadPub
PL,h0274,0.2374311387655332,scr2014,mustOut,psngRoadPub
PL,h0275,0.14031293226850325,scr2014,mustOut,psngRoadPub
PL,h0276,0.1321164255417113,scr2014,mustOut,psngRoadPub
PL,h0277,0.15726582545513532,scr2014,mustOut,psngRoadPub
PL,h0278,0.19622741258678872,scr2014,mustOut,psngRoadPub
PL,h0279,0.1802541873357432,scr2014,mustOut,psngRoadPub
PL,h0280,0.1764732871516063,scr2014,mustOut,psngRoadPub
PL,h0281,0.20429510358420996,scr2014,mustOut,psngRoadPub
PL,h0282,0.27097722094389814,scr2014,mustOut,psngRoadPub
PL,h0283,0.2916229018759244,scr2014,mustOut,psngRoadPub
PL,h0284,0.22817923999964493,scr2014,mustOut,psngRoadPub
PL,h0285,0.13110220352805507,scr2014,mustOut,psngRoadPub
PL,h0286,0.06729001456573892,scr2014,mustOut,psngRoadPub
PL,h0287,0.04172467744398949,scr2014,mustOut,psngRoadPub
PL,h0288,0.029416901714293862,scr2014,mustOut,psngRoadPub
PL,h0289,0.015691297734169257,scr2014,mustOut,psngRoadPub
PL,h0290,0.003961876729022799,scr2014,mustOut,psngRoadPub
PL,h0291,0.0,scr2014,mustOut,psngRoadPub
PL,h0292,0.0,scr2014,mustOut,psngRoadPub
PL,h0293,0.0,scr2014,mustOut,psngRoadPub
PL,h0294,0.005623802830040327,scr2014,mustOut,psngRoadPub
PL,h0295,0.05102494009520706,scr2014,mustOut,psngRoadPub
PL,h0296,0.18001528021838203,scr2014,mustOut,psngRoadPub
PL,h0297,0.2507906999177362,scr2014,mustOut,psngRoadPub
PL,h0298,0.2374311387655332,scr2014,mustOut,psngRoadPub
PL,h0299,0.14031293226850325,scr2014,mustOut,psngRoadPub
PL,h0300,0.1321164255417113,scr2014,mustOut,psngRoadPub
PL,h0301,0.15726582545513532,scr2014,mustOut,psngRoadPub
PL,h0302,0.19622741258678872,scr2014,mustOut,psngRoadPub
PL,h0303,0.1802541873357432,scr2014,mustOut,psngRoadPub
PL,h0304,0.1764732871516063,scr2014,mustOut,psngRoadPub
PL,h0305,0.20429510358420996,scr2014,mustOut,psngRoadPub
PL,h0306,0.27097722094389814,scr2014,mustOut,psngRoadPub
PL,h0307,0.3214425997275043,scr2014,mustOut,psngRoadPub
PL,h0308,0.28741892372334815,scr2014,mustOut,psngRoadPub
PL,h0309,0.20659212842759592,scr2014,mustOut,psngRoadPub
PL,h0310,0.14095214111874038,scr2014,mustOut,psngRoadPub
PL,h0311,0.08311169596876257,scr2014,mustOut,psngRoadPub
PL,h0312,0.05444725086411779,scr2014,mustOut,psngRoadPub
PL,h0313,0.014989749632865878,scr2014,mustOut,psngRoadPub
PL,h0314,0.0053171340811378025,scr2014,mustOut,psngRoadPub
PL,h0315,0.0,scr2014,mustOut,psngRoadPub
PL,h0316,0.0,scr2014,mustOut,psngRoadPub
PL,h0317,0.0,scr2014,mustOut,psngRoadPub
PL,h0318,0.005623802830040327,scr2014,mustOut,psngRoadPub
PL,h0319,0.0178624097198924,scr2014,mustOut,psngRoadPub
PL,h0320,0.045737932283656225,scr2014,mustOut,psngRoadPub
PL,h0321,0.06865488295581738,scr2014,mustOut,psngRoadPub
PL,h0322,0.12024147072162887,scr2014,mustOut,psngRoadPub
PL,h0323,0.14168506792102636,scr2014,mustOut,psngRoadPub
PL,h0324,0.1969397771917844,scr2014,mustOut,psngRoadPub
PL,h0325,0.19449032441924344,scr2014,mustOut,psngRoadPub
PL,h0326,0.2175109945767058,scr2014,mustOut,psngRoadPub
PL,h0327,0.1802541873357432,scr2014,mustOut,psngRoadPub
PL,h0328,0.1764732871516063,scr2014,mustOut,psngRoadPub
PL,h0329,0.20429510358420996,scr2014,mustOut,psngRoadPub
PL,h0330,0.27097722094389814,scr2014,mustOut,psngRoadPub
PL,h0331,0.2766118708305797,scr2014,mustOut,psngRoadPub
PL,h0332,0.2418408351324062,scr2014,mustOut,psngRoadPub
PL,h0333,0.16244920278974545,scr2014,mustOut,psngRoadPub
PL,h0334,0.13360326407664952,scr2014,mustOut,psngRoadPub
PL,h0335,0.10472851615624189,scr2014,mustOut,psngRoadPub
PL,h0336,0.08631018456330522,scr2014,mustOut,psngRoadPub
RO,h0169,0.048665869504183015,scr2014,mustOut,psngRoadPub
RO,h0170,0.013699669872354084,scr2014,mustOut,psngRoadPub
RO,h0171,0.0,scr2014,mustOut,psngRoadPub
RO,h0172,0.0,scr2014,mustOut,psngRoadPub
RO,h0173,0.0,scr2014,mustOut,psngRoadPub
RO,h0174,0.005623802830040326,scr2014,mustOut,psngRoadPub
RO,h0175,0.021423336771113643,scr2014,mustOut,psngRoadPub
RO,h0176,0.04300106766887328,scr2014,mustOut,psngRoadPub
RO,h0177,0.07771620394684013,scr2014,mustOut,psngRoadPub
RO,h0178,0.14408590837569354,scr2014,mustOut,psngRoadPub
RO,h0179,0.22117107602711378,scr2014,mustOut,psngRoadPub
RO,h0180,0.26886388888318297,scr2014,mustOut,psngRoadPub
RO,h0181,0.24626886829308797,scr2014,mustOut,psngRoadPub
RO,h0182,0.22122289153656177,scr2014,mustOut,psngRoadPub
RO,h0183,0.18025418733574322,scr2014,mustOut,psngRoadPub
RO,h0184,0.1764732871516063,scr2014,mustOut,psngRoadPub
RO,h0185,0.20429510358420996,scr2014,mustOut,psngRoadPub
RO,h0186,0.27097722094389814,scr2014,mustOut,psngRoadPub
RO,h0187,0.2916229018759244,scr2014,mustOut,psngRoadPub
RO,h0188,0.22817923999964493,scr2014,mustOut,psngRoadPub
RO,h0189,0.13110220352805507,scr2014,mustOut,psngRoadPub
RO,h0190,0.06729001456573892,scr2014,mustOut,psngRoadPub
RO,h0191,0.04172467744398949,scr2014,mustOut,psngRoadPub
RO,h0192,0.02941690171429387,scr2014,mustOut,psngRoadPub
RO,h0193,0.01569129773416926,scr2014,mustOut,psngRoadPub
RO,h0194,0.003961876729022799,scr2014,mustOut,psngRoadPub
RO,h0195,0.0,scr2014,mustOut,psngRoadPub
RO,h0196,0.0,scr2014,mustOut,psngRoadPub
RO,h0197,0.0,scr2014,mustOut,psngRoadPub
RO,h0198,0.005623802830040326,scr2014,mustOut,psngRoadPub
RO,h0199,0.0178624097198924,scr2014,mustOut,psngRoadPub
RO,h0200,0.045737932283656225,scr2014,mustOut,psngRoadPub
RO,h0201,0.06865488295581738,scr2014,mustOut,psngRoadPub
RO,h0202,0.12024147072162887,scr2014,mustOut,psngRoadPub
RO,h0203,0.14168506792102636,scr2014,mustOut,psngRoadPub
RO,h0204,0.1969397771917844,scr2014,mustOut,psngRoadPub
RO,h0205,0.19335929341599276,scr2014,mustOut,psngRoadPub
RO,h0206,0.22763252557650548,scr2014,mustOut,psngRoadPub
RO,h0207,0.23690116657363236,scr2014,mustOut,psngRoadPub
RO,h0208,0.2500354374751854,scr2014,mustOut,psngRoadPub
RO,h0209,0.30267694531638745,scr2014,mustOut,psngRoadPub
RO,h0210,0.3164996198835361,scr2014,mustOut,psngRoadPub
RO,h0211,0.3210522776589071,scr2014,mustOut,psngRoadPub
RO,h0212,0.22224250570033008,scr2014,mustOut,psngRoadPub
RO,h0213,0.13110220352805507,scr2014,mustOut,psngRoadPub
RO,h0214,0.06729001456573892,scr2014,mustOut,psngRoadPub
RO,h0215,0.04172467744398949,scr2014,mustOut,psngRoadPub
RO,h0216,0.02941690171429387,scr2014,mustOut,psngRoadPub
RO,h0217,0.01569129773416926,scr2014,mustOut,psngRoadPub
RO,h0218,0.003961876729022799,scr2014,mustOut,psngRoadPub
RO,h0219,0.0,scr2014,mustOut,psngRoadPub
RO,h0220,0.0,scr2014,mustOut,psngRoadPub
RO,h0221,0.0,scr2014,mustOut,psngRoadPub
RO,h0222,0.005623802830040326,scr2014,mustOut,psngRoadPub
RO,h0223,0.05102494009520706,scr2014,mustOut,psngRoadPub
RO,h0224,0.18001528021838203,scr2014,mustOut,psngRoadPub
RO,h0225,0.2507906999177362,scr2014,mustOut,psngRoadPub
RO,h0226,0.2374311387655332,scr2014,mustOut,psngRoadPub
RO,h0227,0.14031293226850325,scr2014,mustOut,psngRoadPub
RO,h0228,0.13211642554171132,scr2014,mustOut,psngRoadPub
RO,h0229,0.15616219749061558,scr2014,mustOut,psngRoadPub
RO,h0230,0.20623214454177347,scr2014,mustOut,psngRoadPub
RO,h0231,0.23690116657363236,scr2014,mustOut,psngRoadPub
RO,h0232,0.2500354374751854,scr2014,mustOut,psngRoadPub
RO,h0233,0.30267694531638745,scr2014,mustOut,psngRoadPub
RO,h0234,0.3164996198835361,scr2014,mustOut,psngRoadPub
RO,h0235,0.3210522776589071,scr2014,mustOut,psngRoadPub
RO,h0236,0.22224250570033008,scr2014,mustOut,psngRoadPub
RO,h0237,0.13110220352805507,scr2014,mustOut,psngRoadPub
RO,h0238,0.06729001456573892,scr2014,mustOut,psngRoadPub
RO,h0239,0.04172467744398949,scr2014,mustOut,psngRoadPub
RO,h0240,0.02941690171429387,scr2014,mustOut,psngRoadPub
RO,h0241,0.01569129773416926,scr2014,mustOut,psngRoadPub
RO,h0242,0.003961876729022799,scr2014,mustOut,psngRoadPub
RO,h0243,0.0006659653557186791,scr2014,mustOut,psngRoadPub
RO,h0244,0.0016929472216877853,scr2014,mustOut,psngRoadPub
RO,h0245,0.0016929472216877853,scr2014,mustOut,psngRoadPub
RO,h0246,0.0008827491751746325,scr2014,mustOut,psngRoadPub
RO,h0247,0.0429536246621759,scr2014,mustOut,psngRoadPub
RO,h0248,0.17062157906188707,scr2014,mustOut,psngRoadPub
RO,h0249,0.2507906999177362,scr2014,mustOut,psngRoadPub
RO,h0250,0.2374311387655332,scr2014,mustOut,psngRoadPub
RO,h0251,0.14031293226850325,scr2014,mustOut,psngRoadPub
RO,h0252,0.13211642554171132,scr2014,mustOut,psngRoadPub
RO,h0253,0.19446491705532132,scr2014,mustOut,psngRoadPub
RO,h0254,0.2931985601174335,scr2014,mustOut,psngRoadPub
RO,h0255,0.35660843633087036,scr2014,mustOut,psngRoadPub
RO,h0256,0.3735638446880898,scr2014,mustOut,psngRoadPub
RO,h0257,0.37365991,scr2014,mustOut,psngRoadPub
RO,h0258,0.3481671759945253,scr2014,mustOut,psngRoadPub
RO,h0259,0.3084015174976116,scr2014,mustOut,psngRoadPub
RO,h0260,0.21486898499044288,scr2014,mustOut,psngRoadPub
RO,h0261,0.13110220352805507,scr2014,mustOut,psngRoadPub
RO,h0262,0.06729001456573892,scr2014,mustOut,psngRoadPub
RO,h0263,0.04172467744398949,scr2014,mustOut,psngRoadPub
RO,h0264,0.02941690171429387,scr2014,mustOut,psngRoadPub
RO,h0265,0.01569129773416926,scr2014,mustOut,psngRoadPub
RO,h0266,0.003961876729022799,scr2014,mustOut,psngRoadPub
RO,h0267,0.0,scr2014,mustOut,psngRoadPub
RO,h0268,0.0,scr2014,mustOut,psngRoadPub
RO,h0269,0.0,scr2014,mustOut,psngRoadPub
RO,h0270,0.001955730566381503,scr2014,mustOut,psngRoadPub
RO,h0271,0.04612088060678056,scr2014,mustOut,psngRoadPub
RO,h0272,0.1743231447021561,scr2014,mustOut,psngRoadPub
RO,h0273,0.2507906999177362,scr2014,mustOut,psngRoadPub
RO,h0274,0.2374311387655332,scr2014,mustOut,psngRoadPub
RO,h0275,0.14031293226850325,scr2014,mustOut,psngRoadPub
RO,h0276,0.13211642554171132,scr2014,mustOut,psngRoadPub
RO,h0277,0.15726582545513532,scr2014,mustOut,psngRoadPub
RO,h0278,0.19622741258678872,scr2014,mustOut,psngRoadPub
RO,h0279,0.18025418733574322,scr2014,mustOut,psngRoadPub
RO,h0280,0.1764732871516063,scr2014,mustOut,psngRoadPub
RO,h0281,0.20429510358420996,scr2014,mustOut,psngRoadPub
RO,h0282,0.27097722094389814,scr2014,mustOut,psngRoadPub
RO,h0283,0.2916229018759244,scr2014,mustOut,psngRoadPub
RO,h0284,0.22817923999964493,scr2014,mustOut,psngRoadPub
RO,h0285,0.13110220352805507,scr2014,mustOut,psngRoadPub
RO,h0286,0.06729001456573892,scr2014,mustOut,psngRoadPub
RO,h0287,0.04172467744398949,scr2014,mustOut,psngRoadPub
RO,h0288,0.02941690171429387,scr2014,mustOut,psngRoadPub
RO,h0289,0.01569129773416926,scr2014,mustOut,psngRoadPub
RO,h0290,0.003961876729022799,scr2014,mustOut,psngRoadPub
RO,h0291,0.0,scr2014,mustOut,psngRoadPub
RO,h0292,0.0,scr2014,mustOut,psngRoadPub
RO,h0293,0.0,scr2014,mustOut,psngRoadPub
RO,h0294,0.005623802830040326,scr2014,mustOut,psngRoadPub
RO,h0295,0.05102494009520706,scr2014,mustOut,psngRoadPub
RO,h0296,0.18001528021838203,scr2014,mustOut,psngRoadPub
RO,h0297,0.2507906999177362,scr2014,mustOut,psngRoadPub
RO,h0298,0.2374311387655332,scr2014,mustOut,psngRoadPub
RO,h0299,0.14031293226850325,scr2014,mustOut,psngRoadPub
RO,h0300,0.13211642554171132,scr2014,mustOut,psngRoadPub
RO,h0301,0.15726582545513532,scr2014,mustOut,psngRoadPub
RO,h0302,0.19622741258678872,scr2014,mustOut,psngRoadPub
RO,h0303,0.18025418733574322,scr2014,mustOut,psngRoadPub
RO,h0304,0.1764732871516063,scr2014,mustOut,psngRoadPub
RO,h0305,0.20429510358420996,scr2014,mustOut,psngRoadPub
RO,h0306,0.27097722094389814,scr2014,mustOut,psngRoadPub
RO,h0307,0.3214425997275043,scr2014,mustOut,psngRoadPub
RO,h0308,0.28741892372334815,scr2014,mustOut,psngRoadPub
RO,h0309,0.20659212842759592,scr2014,mustOut,psngRoadPub
RO,h0310,0.14095214111874038,scr2014,mustOut,psngRoadPub
RO,h0311,0.08311169596876257,scr2014,mustOut,psngRoadPub
RO,h0312,0.05444725086411779,scr2014,mustOut,psngRoadPub
RO,h0313,0.014989749632865878,scr2014,mustOut,psngRoadPub
RO,h0314,0.0053171340811378025,scr2014,mustOut,psngRoadPub
RO,h0315,0.0,scr2014,mustOut,psngRoadPub
RO,h0316,0.0,scr2014,mustOut,psngRoadPub
RO,h0317,0.0,scr2014,mustOut,psngRoadPub
RO,h0318,0.005623802830040326,scr2014,mustOut,psngRoadPub
RO,h0319,0.0178624097198924,scr2014,mustOut,psngRoadPub
RO,h0320,0.045737932283656225,scr2014,mustOut,psngRoadPub
RO,h0321,0.06865488295581738,scr2014,mustOut,psngRoadPub
RO,h0322,0.12024147072162887,scr2014,mustOut,psngRoadPub
RO,h0323,0.14168506792102636,scr2014,mustOut,psngRoadPub
RO,h0324,0.1969397771917844,scr2014,mustOut,psngRoadPub
RO,h0325,0.19449032441924347,scr2014,mustOut,psngRoadPub
RO,h0326,0.21751099457670584,scr2014,mustOut,psngRoadPub
RO,h0327,0.18025418733574322,scr2014,mustOut,psngRoadPub
RO,h0328,0.1764732871516063,scr2014,mustOut,psngRoadPub
RO,h0329,0.20429510358420996,scr2014,mustOut,psngRoadPub
RO,h0330,0.27097722094389814,scr2014,mustOut,psngRoadPub
RO,h0331,0.2766118708305797,scr2014,mustOut,psngRoadPub
RO,h0332,0.2418408351324062,scr2014,mustOut,psngRoadPub
RO,h0333,0.16244920278974545,scr2014,mustOut,psngRoadPub
RO,h0334,0.13360326407664952,scr2014,mustOut,psngRoadPub
RO,h0335,0.10472851615624189,scr2014,mustOut,psngRoadPub
RO,h0336,0.08631018456330525,scr2014,mustOut,psngRoadPub
PT,h0169,0.048665869504183015,scr2014,mustOut,psngRoadPub
PT,h0170,0.013699669872354084,scr2014,mustOut,psngRoadPub
PT,h0171,0.0,scr2014,mustOut,psngRoadPub
PT,h0172,0.0,scr2014,mustOut,psngRoadPub
PT,h0173,0.0,scr2014,mustOut,psngRoadPub
PT,h0174,0.005623802830040327,scr2014,mustOut,psngRoadPub
PT,h0175,0.021423336771113646,scr2014,mustOut,psngRoadPub
PT,h0176,0.043001067668873294,scr2014,mustOut,psngRoadPub
PT,h0177,0.07771620394684013,scr2014,mustOut,psngRoadPub
PT,h0178,0.14408590837569354,scr2014,mustOut,psngRoadPub
PT,h0179,0.22117107602711378,scr2014,mustOut,psngRoadPub
PT,h0180,0.26886388888318297,scr2014,mustOut,psngRoadPub
PT,h0181,0.24626886829308794,scr2014,mustOut,psngRoadPub
PT,h0182,0.22122289153656177,scr2014,mustOut,psngRoadPub
PT,h0183,0.1802541873357432,scr2014,mustOut,psngRoadPub
PT,h0184,0.1764732871516063,scr2014,mustOut,psngRoadPub
PT,h0185,0.20429510358420996,scr2014,mustOut,psngRoadPub
PT,h0186,0.27097722094389814,scr2014,mustOut,psngRoadPub
PT,h0187,0.2916229018759244,scr2014,mustOut,psngRoadPub
PT,h0188,0.22817923999964493,scr2014,mustOut,psngRoadPub
PT,h0189,0.13110220352805507,scr2014,mustOut,psngRoadPub
PT,h0190,0.06729001456573892,scr2014,mustOut,psngRoadPub
PT,h0191,0.04172467744398949,scr2014,mustOut,psngRoadPub
PT,h0192,0.029416901714293862,scr2014,mustOut,psngRoadPub
PT,h0193,0.015691297734169257,scr2014,mustOut,psngRoadPub
PT,h0194,0.003961876729022799,scr2014,mustOut,psngRoadPub
PT,h0195,0.0,scr2014,mustOut,psngRoadPub
PT,h0196,0.0,scr2014,mustOut,psngRoadPub
PT,h0197,0.0,scr2014,mustOut,psngRoadPub
PT,h0198,0.005623802830040327,scr2014,mustOut,psngRoadPub
PT,h0199,0.0178624097198924,scr2014,mustOut,psngRoadPub
PT,h0200,0.045737932283656225,scr2014,mustOut,psngRoadPub
PT,h0201,0.06865488295581738,scr2014,mustOut,psngRoadPub
PT,h0202,0.12024147072162887,scr2014,mustOut,psngRoadPub
PT,h0203,0.14168506792102636,scr2014,mustOut,psngRoadPub
PT,h0204,0.1969397771917844,scr2014,mustOut,psngRoadPub
PT,h0205,0.19335929341599276,scr2014,mustOut,psngRoadPub
PT,h0206,0.22763252557650548,scr2014,mustOut,psngRoadPub
PT,h0207,0.23690116657363242,scr2014,mustOut,psngRoadPub
PT,h0208,0.2500354374751854,scr2014,mustOut,psngRoadPub
PT,h0209,0.30267694531638745,scr2014,mustOut,psngRoadPub
PT,h0210,0.3164996198835361,scr2014,mustOut,psngRoadPub
PT,h0211,0.3210522776589071,scr2014,mustOut,psngRoadPub
PT,h0212,0.22224250570033008,scr2014,mustOut,psngRoadPub
PT,h0213,0.13110220352805507,scr2014,mustOut,psngRoadPub
PT,h0214,0.06729001456573892,scr2014,mustOut,psngRoadPub
PT,h0215,0.04172467744398949,scr2014,mustOut,psngRoadPub
PT,h0216,0.029416901714293862,scr2014,mustOut,psngRoadPub
PT,h0217,0.015691297734169257,scr2014,mustOut,psngRoadPub
PT,h0218,0.003961876729022799,scr2014,mustOut,psngRoadPub
PT,h0219,0.0,scr2014,mustOut,psngRoadPub
PT,h0220,0.0,scr2014,mustOut,psngRoadPub
PT,h0221,0.0,scr2014,mustOut,psngRoadPub
PT,h0222,0.005623802830040327,scr2014,mustOut,psngRoadPub
PT,h0223,0.05102494009520706,scr2014,mustOut,psngRoadPub
PT,h0224,0.18001528021838203,scr2014,mustOut,psngRoadPub
PT,h0225,0.2507906999177362,scr2014,mustOut,psngRoadPub
PT,h0226,0.2374311387655332,scr2014,mustOut,psngRoadPub
PT,h0227,0.14031293226850325,scr2014,mustOut,psngRoadPub
PT,h0228,0.13211642554171132,scr2014,mustOut,psngRoadPub
PT,h0229,0.15616219749061558,scr2014,mustOut,psngRoadPub
PT,h0230,0.20623214454177347,scr2014,mustOut,psngRoadPub
PT,h0231,0.23690116657363242,scr2014,mustOut,psngRoadPub
PT,h0232,0.2500354374751854,scr2014,mustOut,psngRoadPub
PT,h0233,0.30267694531638745,scr2014,mustOut,psngRoadPub
PT,h0234,0.3164996198835361,scr2014,mustOut,psngRoadPub
PT,h0235,0.3210522776589071,scr2014,mustOut,psngRoadPub
PT,h0236,0.22224250570033008,scr2014,mustOut,psngRoadPub
PT,h0237,0.13110220352805507,scr2014,mustOut,psngRoadPub
PT,h0238,0.06729001456573892,scr2014,mustOut,psngRoadPub
PT,h0239,0.04172467744398949,scr2014,mustOut,psngRoadPub
PT,h0240,0.029416901714293862,scr2014,mustOut,psngRoadPub
PT,h0241,0.015691297734169257,scr2014,mustOut,psngRoadPub
PT,h0242,0.003961876729022799,scr2014,mustOut,psngRoadPub
PT,h0243,0.0006659653557186793,scr2014,mustOut,psngRoadPub
PT,h0244,0.0016929472216877857,scr2014,mustOut,psngRoadPub
PT,h0245,0.0016929472216877857,scr2014,mustOut,psngRoadPub
PT,h0246,0.0008827491751746325,scr2014,mustOut,psngRoadPub
PT,h0247,0.0429536246621759,scr2014,mustOut,psngRoadPub
PT,h0248,0.17062157906188707,scr2014,mustOut,psngRoadPub
PT,h0249,0.2507906999177362,scr2014,mustOut,psngRoadPub
PT,h0250,0.2374311387655332,scr2014,mustOut,psngRoadPub
PT,h0251,0.14031293226850325,scr2014,mustOut,psngRoadPub
PT,h0252,0.13211642554171132,scr2014,mustOut,psngRoadPub
PT,h0253,0.19446491705532132,scr2014,mustOut,psngRoadPub
PT,h0254,0.2931985601174335,scr2014,mustOut,psngRoadPub
PT,h0255,0.35660843633087036,scr2014,mustOut,psngRoadPub
PT,h0256,0.3735638446880898,scr2014,mustOut,psngRoadPub
PT,h0257,0.37365991,scr2014,mustOut,psngRoadPub
PT,h0258,0.3481671759945253,scr2014,mustOut,psngRoadPub
PT,h0259,0.3084015174976115,scr2014,mustOut,psngRoadPub
PT,h0260,0.21486898499044288,scr2014,mustOut,psngRoadPub
PT,h0261,0.13110220352805507,scr2014,mustOut,psngRoadPub
PT,h0262,0.06729001456573892,scr2014,mustOut,psngRoadPub
PT,h0263,0.04172467744398949,scr2014,mustOut,psngRoadPub
PT,h0264,0.029416901714293862,scr2014,mustOut,psngRoadPub
PT,h0265,0.015691297734169257,scr2014,mustOut,psngRoadPub
PT,h0266,0.003961876729022799,scr2014,mustOut,psngRoadPub
PT,h0267,0.0,scr2014,mustOut,psngRoadPub
PT,h0268,0.0,scr2014,mustOut,psngRoadPub
PT,h0269,0.0,scr2014,mustOut,psngRoadPub
PT,h0270,0.001955730566381503,scr2014,mustOut,psngRoadPub
PT,h0271,0.04612088060678056,scr2014,mustOut,psngRoadPub
PT,h0272,0.1743231447021561,scr2014,mustOut,psngRoadPub
PT,h0273,0.2507906999177362,scr2014,mustOut,psngRoadPub
PT,h0274,0.2374311387655332,scr2014,mustOut,psngRoadPub
PT,h0275,0.14031293226850325,scr2014,mustOut,psngRoadPub
PT,h0276,0.13211642554171132,scr2014,mustOut,psngRoadPub
PT,h0277,0.15726582545513532,scr2014,mustOut,psngRoadPub
PT,h0278,0.19622741258678872,scr2014,mustOut,psngRoadPub
PT,h0279,0.1802541873357432,scr2014,mustOut,psngRoadPub
PT,h0280,0.1764732871516063,scr2014,mustOut,psngRoadPub
PT,h0281,0.20429510358420996,scr2014,mustOut,psngRoadPub
PT,h0282,0.27097722094389814,scr2014,mustOut,psngRoadPub
PT,h0283,0.2916229018759244,scr2014,mustOut,psngRoadPub
PT,h0284,0.22817923999964493,scr2014,mustOut,psngRoadPub
PT,h0285,0.13110220352805507,scr2014,mustOut,psngRoadPub
PT,h0286,0.06729001456573892,scr2014,mustOut,psngRoadPub
PT,h0287,0.04172467744398949,scr2014,mustOut,psngRoadPub
PT,h0288,0.029416901714293862,scr2014,mustOut,psngRoadPub
PT,h0289,0.015691297734169257,scr2014,mustOut,psngRoadPub
PT,h0290,0.003961876729022799,scr2014,mustOut,psngRoadPub
PT,h0291,0.0,scr2014,mustOut,psngRoadPub
PT,h0292,0.0,scr2014,mustOut,psngRoadPub
PT,h0293,0.0,scr2014,mustOut,psngRoadPub
PT,h0294,0.005623802830040327,scr2014,mustOut,psngRoadPub
PT,h0295,0.05102494009520706,scr2014,mustOut,psngRoadPub
PT,h0296,0.18001528021838203,scr2014,mustOut,psngRoadPub
PT,h0297,0.2507906999177362,scr2014,mustOut,psngRoadPub
PT,h0298,0.2374311387655332,scr2014,mustOut,psngRoadPub
PT,h0299,0.14031293226850325,scr2014,mustOut,psngRoadPub
PT,h0300,0.13211642554171132,scr2014,mustOut,psngRoadPub
PT,h0301,0.15726582545513532,scr2014,mustOut,psngRoadPub
PT,h0302,0.19622741258678872,scr2014,mustOut,psngRoadPub
PT,h0303,0.1802541873357432,scr2014,mustOut,psngRoadPub
PT,h0304,0.1764732871516063,scr2014,mustOut,psngRoadPub
PT,h0305,0.20429510358420996,scr2014,mustOut,psngRoadPub
PT,h0306,0.27097722094389814,scr2014,mustOut,psngRoadPub
PT,h0307,0.3214425997275043,scr2014,mustOut,psngRoadPub
PT,h0308,0.28741892372334815,scr2014,mustOut,psngRoadPub
PT,h0309,0.20659212842759592,scr2014,mustOut,psngRoadPub
PT,h0310,0.14095214111874038,scr2014,mustOut,psngRoadPub
PT,h0311,0.08311169596876257,scr2014,mustOut,psngRoadPub
PT,h0312,0.05444725086411779,scr2014,mustOut,psngRoadPub
PT,h0313,0.014989749632865878,scr2014,mustOut,psngRoadPub
PT,h0314,0.0053171340811378025,scr2014,mustOut,psngRoadPub
PT,h0315,0.0,scr2014,mustOut,psngRoadPub
PT,h0316,0.0,scr2014,mustOut,psngRoadPub
PT,h0317,0.0,scr2014,mustOut,psngRoadPub
PT,h0318,0.005623802830040327,scr2014,mustOut,psngRoadPub
PT,h0319,0.0178624097198924,scr2014,mustOut,psngRoadPub
PT,h0320,0.045737932283656225,scr2014,mustOut,psngRoadPub
PT,h0321,0.06865488295581738,scr2014,mustOut,psngRoadPub
PT,h0322,0.12024147072162887,scr2014,mustOut,psngRoadPub
PT,h0323,0.14168506792102636,scr2014,mustOut,psngRoadPub
PT,h0324,0.1969397771917844,scr2014,mustOut,psngRoadPub
PT,h0325,0.19449032441924344,scr2014,mustOut,psngRoadPub
PT,h0326,0.2175109945767058,scr2014,mustOut,psngRoadPub
PT,h0327,0.1802541873357432,scr2014,mustOut,psngRoadPub
PT,h0328,0.1764732871516063,scr2014,mustOut,psngRoadPub
PT,h0329,0.20429510358420996,scr2014,mustOut,psngRoadPub
PT,h0330,0.27097722094389814,scr2014,mustOut,psngRoadPub
PT,h0331,0.2766118708305797,scr2014,mustOut,psngRoadPub
PT,h0332,0.2418408351324062,scr2014,mustOut,psngRoadPub
PT,h0333,0.16244920278974545,scr2014,mustOut,psngRoadPub
PT,h0334,0.13360326407664952,scr2014,mustOut,psngRoadPub
PT,h0335,0.10472851615624189,scr2014,mustOut,psngRoadPub
PT,h0336,0.08631018456330525,scr2014,mustOut,psngRoadPub
SK,h0169,0.048665869504183015,scr2014,mustOut,psngRoadPub
SK,h0170,0.013699669872354084,scr2014,mustOut,psngRoadPub
SK,h0171,0.0,scr2014,mustOut,psngRoadPub
SK,h0172,0.0,scr2014,mustOut,psngRoadPub
SK,h0173,0.0,scr2014,mustOut,psngRoadPub
SK,h0174,0.005623802830040327,scr2014,mustOut,psngRoadPub
SK,h0175,0.021423336771113646,scr2014,mustOut,psngRoadPub
SK,h0176,0.043001067668873294,scr2014,mustOut,psngRoadPub
SK,h0177,0.07771620394684013,scr2014,mustOut,psngRoadPub
SK,h0178,0.14408590837569354,scr2014,mustOut,psngRoadPub
SK,h0179,0.22117107602711378,scr2014,mustOut,psngRoadPub
SK,h0180,0.26886388888318297,scr2014,mustOut,psngRoadPub
SK,h0181,0.24626886829308794,scr2014,mustOut,psngRoadPub
SK,h0182,0.22122289153656177,scr2014,mustOut,psngRoadPub
SK,h0183,0.1802541873357432,scr2014,mustOut,psngRoadPub
SK,h0184,0.1764732871516063,scr2014,mustOut,psngRoadPub
SK,h0185,0.20429510358420996,scr2014,mustOut,psngRoadPub
SK,h0186,0.27097722094389814,scr2014,mustOut,psngRoadPub
SK,h0187,0.2916229018759244,scr2014,mustOut,psngRoadPub
SK,h0188,0.22817923999964493,scr2014,mustOut,psngRoadPub
SK,h0189,0.13110220352805507,scr2014,mustOut,psngRoadPub
SK,h0190,0.06729001456573892,scr2014,mustOut,psngRoadPub
SK,h0191,0.04172467744398949,scr2014,mustOut,psngRoadPub
SK,h0192,0.029416901714293862,scr2014,mustOut,psngRoadPub
SK,h0193,0.015691297734169257,scr2014,mustOut,psngRoadPub
SK,h0194,0.003961876729022799,scr2014,mustOut,psngRoadPub
SK,h0195,0.0,scr2014,mustOut,psngRoadPub
SK,h0196,0.0,scr2014,mustOut,psngRoadPub
SK,h0197,0.0,scr2014,mustOut,psngRoadPub
SK,h0198,0.005623802830040327,scr2014,mustOut,psngRoadPub
SK,h0199,0.0178624097198924,scr2014,mustOut,psngRoadPub
SK,h0200,0.045737932283656225,scr2014,mustOut,psngRoadPub
SK,h0201,0.06865488295581738,scr2014,mustOut,psngRoadPub
SK,h0202,0.12024147072162887,scr2014,mustOut,psngRoadPub
SK,h0203,0.14168506792102636,scr2014,mustOut,psngRoadPub
SK,h0204,0.1969397771917844,scr2014,mustOut,psngRoadPub
SK,h0205,0.19335929341599276,scr2014,mustOut,psngRoadPub
SK,h0206,0.22763252557650548,scr2014,mustOut,psngRoadPub
SK,h0207,0.23690116657363242,scr2014,mustOut,psngRoadPub
SK,h0208,0.2500354374751854,scr2014,mustOut,psngRoadPub
SK,h0209,0.30267694531638745,scr2014,mustOut,psngRoadPub
SK,h0210,0.3164996198835361,scr2014,mustOut,psngRoadPub
SK,h0211,0.3210522776589071,scr2014,mustOut,psngRoadPub
SK,h0212,0.22224250570033008,scr2014,mustOut,psngRoadPub
SK,h0213,0.13110220352805507,scr2014,mustOut,psngRoadPub
SK,h0214,0.06729001456573892,scr2014,mustOut,psngRoadPub
SK,h0215,0.04172467744398949,scr2014,mustOut,psngRoadPub
SK,h0216,0.029416901714293862,scr2014,mustOut,psngRoadPub
SK,h0217,0.015691297734169257,scr2014,mustOut,psngRoadPub
SK,h0218,0.003961876729022799,scr2014,mustOut,psngRoadPub
SK,h0219,0.0,scr2014,mustOut,psngRoadPub
SK,h0220,0.0,scr2014,mustOut,psngRoadPub
SK,h0221,0.0,scr2014,mustOut,psngRoadPub
SK,h0222,0.005623802830040327,scr2014,mustOut,psngRoadPub
SK,h0223,0.05102494009520706,scr2014,mustOut,psngRoadPub
SK,h0224,0.18001528021838203,scr2014,mustOut,psngRoadPub
SK,h0225,0.2507906999177362,scr2014,mustOut,psngRoadPub
SK,h0226,0.2374311387655332,scr2014,mustOut,psngRoadPub
SK,h0227,0.14031293226850325,scr2014,mustOut,psngRoadPub
SK,h0228,0.13211642554171132,scr2014,mustOut,psngRoadPub
SK,h0229,0.15616219749061558,scr2014,mustOut,psngRoadPub
SK,h0230,0.20623214454177347,scr2014,mustOut,psngRoadPub
SK,h0231,0.23690116657363242,scr2014,mustOut,psngRoadPub
SK,h0232,0.2500354374751854,scr2014,mustOut,psngRoadPub
SK,h0233,0.30267694531638745,scr2014,mustOut,psngRoadPub
SK,h0234,0.3164996198835361,scr2014,mustOut,psngRoadPub
SK,h0235,0.3210522776589071,scr2014,mustOut,psngRoadPub
SK,h0236,0.22224250570033008,scr2014,mustOut,psngRoadPub
SK,h0237,0.13110220352805507,scr2014,mustOut,psngRoadPub
SK,h0238,0.06729001456573892,scr2014,mustOut,psngRoadPub
SK,h0239,0.04172467744398949,scr2014,mustOut,psngRoadPub
SK,h0240,0.029416901714293862,scr2014,mustOut,psngRoadPub
SK,h0241,0.015691297734169257,scr2014,mustOut,psngRoadPub
SK,h0242,0.003961876729022799,scr2014,mustOut,psngRoadPub
SK,h0243,0.0006659653557186793,scr2014,mustOut,psngRoadPub
SK,h0244,0.0016929472216877857,scr2014,mustOut,psngRoadPub
SK,h0245,0.0016929472216877857,scr2014,mustOut,psngRoadPub
SK,h0246,0.0008827491751746325,scr2014,mustOut,psngRoadPub
SK,h0247,0.0429536246621759,scr2014,mustOut,psngRoadPub
SK,h0248,0.17062157906188707,scr2014,mustOut,psngRoadPub
SK,h0249,0.2507906999177362,scr2014,mustOut,psngRoadPub
SK,h0250,0.2374311387655332,scr2014,mustOut,psngRoadPub
SK,h0251,0.14031293226850325,scr2014,mustOut,psngRoadPub
SK,h0252,0.13211642554171132,scr2014,mustOut,psngRoadPub
SK,h0253,0.19446491705532132,scr2014,mustOut,psngRoadPub
SK,h0254,0.2931985601174335,scr2014,mustOut,psngRoadPub
SK,h0255,0.35660843633087036,scr2014,mustOut,psngRoadPub
SK,h0256,0.3735638446880898,scr2014,mustOut,psngRoadPub
SK,h0257,0.37365991,scr2014,mustOut,psngRoadPub
SK,h0258,0.3481671759945253,scr2014,mustOut,psngRoadPub
SK,h0259,0.3084015174976115,scr2014,mustOut,psngRoadPub
SK,h0260,0.21486898499044288,scr2014,mustOut,psngRoadPub
SK,h0261,0.13110220352805507,scr2014,mustOut,psngRoadPub
SK,h0262,0.06729001456573892,scr2014,mustOut,psngRoadPub
SK,h0263,0.04172467744398949,scr2014,mustOut,psngRoadPub
SK,h0264,0.029416901714293862,scr2014,mustOut,psngRoadPub
SK,h0265,0.015691297734169257,scr2014,mustOut,psngRoadPub
SK,h0266,0.003961876729022799,scr2014,mustOut,psngRoadPub
SK,h0267,0.0,scr2014,mustOut,psngRoadPub
SK,h0268,0.0,scr2014,mustOut,psngRoadPub
SK,h0269,0.0,scr2014,mustOut,psngRoadPub
SK,h0270,0.001955730566381503,scr2014,mustOut,psngRoadPub
SK,h0271,0.04612088060678056,scr2014,mustOut,psngRoadPub
SK,h0272,0.1743231447021561,scr2014,mustOut,psngRoadPub
SK,h0273,0.2507906999177362,scr2014,mustOut,psngRoadPub
SK,h0274,0.2374311387655332,scr2014,mustOut,psngRoadPub
SK,h0275,0.14031293226850325,scr2014,mustOut,psngRoadPub
SK,h0276,0.13211642554171132,scr2014,mustOut,psngRoadPub
SK,h0277,0.15726582545513532,scr2014,mustOut,psngRoadPub
SK,h0278,0.19622741258678872,scr2014,mustOut,psngRoadPub
SK,h0279,0.1802541873357432,scr2014,mustOut,psngRoadPub
SK,h0280,0.1764732871516063,scr2014,mustOut,psngRoadPub
SK,h0281,0.20429510358420996,scr2014,mustOut,psngRoadPub
SK,h0282,0.27097722094389814,scr2014,mustOut,psngRoadPub
SK,h0283,0.2916229018759244,scr2014,mustOut,psngRoadPub
SK,h0284,0.22817923999964493,scr2014,mustOut,psngRoadPub
SK,h0285,0.13110220352805507,scr2014,mustOut,psngRoadPub
SK,h0286,0.06729001456573892,scr2014,mustOut,psngRoadPub
SK,h0287,0.04172467744398949,scr2014,mustOut,psngRoadPub
SK,h0288,0.029416901714293862,scr2014,mustOut,psngRoadPub
SK,h0289,0.015691297734169257,scr2014,mustOut,psngRoadPub
SK,h0290,0.003961876729022799,scr2014,mustOut,psngRoadPub
SK,h0291,0.0,scr2014,mustOut,psngRoadPub
SK,h0292,0.0,scr2014,mustOut,psngRoadPub
SK,h0293,0.0,scr2014,mustOut,psngRoadPub
SK,h0294,0.005623802830040327,scr2014,mustOut,psngRoadPub
SK,h0295,0.05102494009520706,scr2014,mustOut,psngRoadPub
SK,h0296,0.18001528021838203,scr2014,mustOut,psngRoadPub
SK,h0297,0.2507906999177362,scr2014,mustOut,psngRoadPub
SK,h0298,0.2374311387655332,scr2014,mustOut,psngRoadPub
SK,h0299,0.14031293226850325,scr2014,mustOut,psngRoadPub
SK,h0300,0.13211642554171132,scr2014,mustOut,psngRoadPub
SK,h0301,0.15726582545513532,scr2014,mustOut,psngRoadPub
SK,h0302,0.19622741258678872,scr2014,mustOut,psngRoadPub
SK,h0303,0.1802541873357432,scr2014,mustOut,psngRoadPub
SK,h0304,0.1764732871516063,scr2014,mustOut,psngRoadPub
SK,h0305,0.20429510358420996,scr2014,mustOut,psngRoadPub
SK,h0306,0.27097722094389814,scr2014,mustOut,psngRoadPub
SK,h0307,0.3214425997275043,scr2014,mustOut,psngRoadPub
SK,h0308,0.28741892372334815,scr2014,mustOut,psngRoadPub
SK,h0309,0.20659212842759592,scr2014,mustOut,psngRoadPub
SK,h0310,0.14095214111874038,scr2014,mustOut,psngRoadPub
SK,h0311,0.08311169596876257,scr2014,mustOut,psngRoadPub
SK,h0312,0.05444725086411779,scr2014,mustOut,psngRoadPub
SK,h0313,0.014989749632865878,scr2014,mustOut,psngRoadPub
SK,h0314,0.0053171340811378025,scr2014,mustOut,psngRoadPub
SK,h0315,0.0,scr2014,mustOut,psngRoadPub
SK,h0316,0.0,scr2014,mustOut,psngRoadPub
SK,h0317,0.0,scr2014,mustOut,psngRoadPub
SK,h0318,0.005623802830040327,scr2014,mustOut,psngRoadPub
SK,h0319,0.0178624097198924,scr2014,mustOut,psngRoadPub
SK,h0320,0.045737932283656225,scr2014,mustOut,psngRoadPub
SK,h0321,0.06865488295581738,scr2014,mustOut,psngRoadPub
SK,h0322,0.12024147072162887,scr2014,mustOut,psngRoadPub
SK,h0323,0.14168506792102636,scr2014,mustOut,psngRoadPub
SK,h0324,0.1969397771917844,scr2014,mustOut,psngRoadPub
SK,h0325,0.19449032441924344,scr2014,mustOut,psngRoadPub
SK,h0326,0.2175109945767058,scr2014,mustOut,psngRoadPub
SK,h0327,0.1802541873357432,scr2014,mustOut,psngRoadPub
SK,h0328,0.1764732871516063,scr2014,mustOut,psngRoadPub
SK,h0329,0.20429510358420996,scr2014,mustOut,psngRoadPub
SK,h0330,0.27097722094389814,scr2014,mustOut,psngRoadPub
SK,h0331,0.2766118708305797,scr2014,mustOut,psngRoadPub
SK,h0332,0.2418408351324062,scr2014,mustOut,psngRoadPub
SK,h0333,0.16244920278974545,scr2014,mustOut,psngRoadPub
SK,h0334,0.13360326407664952,scr2014,mustOut,psngRoadPub
SK,h0335,0.10472851615624189,scr2014,mustOut,psngRoadPub
SK,h0336,0.08631018456330525,scr2014,mustOut,psngRoadPub
SI,h0169,0.048665869504183015,scr2014,mustOut,psngRoadPub
SI,h0170,0.013699669872354084,scr2014,mustOut,psngRoadPub
SI,h0171,0.0,scr2014,mustOut,psngRoadPub
SI,h0172,0.0,scr2014,mustOut,psngRoadPub
SI,h0173,0.0,scr2014,mustOut,psngRoadPub
SI,h0174,0.005623802830040327,scr2014,mustOut,psngRoadPub
SI,h0175,0.021423336771113646,scr2014,mustOut,psngRoadPub
SI,h0176,0.043001067668873294,scr2014,mustOut,psngRoadPub
SI,h0177,0.07771620394684013,scr2014,mustOut,psngRoadPub
SI,h0178,0.14408590837569354,scr2014,mustOut,psngRoadPub
SI,h0179,0.22117107602711378,scr2014,mustOut,psngRoadPub
SI,h0180,0.26886388888318297,scr2014,mustOut,psngRoadPub
SI,h0181,0.24626886829308794,scr2014,mustOut,psngRoadPub
SI,h0182,0.22122289153656177,scr2014,mustOut,psngRoadPub
SI,h0183,0.1802541873357432,scr2014,mustOut,psngRoadPub
SI,h0184,0.1764732871516063,scr2014,mustOut,psngRoadPub
SI,h0185,0.20429510358420996,scr2014,mustOut,psngRoadPub
SI,h0186,0.27097722094389814,scr2014,mustOut,psngRoadPub
SI,h0187,0.2916229018759244,scr2014,mustOut,psngRoadPub
SI,h0188,0.22817923999964493,scr2014,mustOut,psngRoadPub
SI,h0189,0.13110220352805507,scr2014,mustOut,psngRoadPub
SI,h0190,0.06729001456573892,scr2014,mustOut,psngRoadPub
SI,h0191,0.04172467744398949,scr2014,mustOut,psngRoadPub
SI,h0192,0.029416901714293862,scr2014,mustOut,psngRoadPub
SI,h0193,0.015691297734169257,scr2014,mustOut,psngRoadPub
SI,h0194,0.003961876729022799,scr2014,mustOut,psngRoadPub
SI,h0195,0.0,scr2014,mustOut,psngRoadPub
SI,h0196,0.0,scr2014,mustOut,psngRoadPub
SI,h0197,0.0,scr2014,mustOut,psngRoadPub
SI,h0198,0.005623802830040327,scr2014,mustOut,psngRoadPub
SI,h0199,0.0178624097198924,scr2014,mustOut,psngRoadPub
SI,h0200,0.045737932283656225,scr2014,mustOut,psngRoadPub
SI,h0201,0.06865488295581738,scr2014,mustOut,psngRoadPub
SI,h0202,0.12024147072162887,scr2014,mustOut,psngRoadPub
SI,h0203,0.14168506792102636,scr2014,mustOut,psngRoadPub
SI,h0204,0.1969397771917844,scr2014,mustOut,psngRoadPub
SI,h0205,0.19335929341599276,scr2014,mustOut,psngRoadPub
SI,h0206,0.22763252557650548,scr2014,mustOut,psngRoadPub
SI,h0207,0.23690116657363242,scr2014,mustOut,psngRoadPub
SI,h0208,0.2500354374751854,scr2014,mustOut,psngRoadPub
SI,h0209,0.30267694531638745,scr2014,mustOut,psngRoadPub
SI,h0210,0.3164996198835361,scr2014,mustOut,psngRoadPub
SI,h0211,0.3210522776589071,scr2014,mustOut,psngRoadPub
SI,h0212,0.22224250570033008,scr2014,mustOut,psngRoadPub
SI,h0213,0.13110220352805507,scr2014,mustOut,psngRoadPub
SI,h0214,0.06729001456573892,scr2014,mustOut,psngRoadPub
SI,h0215,0.04172467744398949,scr2014,mustOut,psngRoadPub
SI,h0216,0.029416901714293862,scr2014,mustOut,psngRoadPub
SI,h0217,0.015691297734169257,scr2014,mustOut,psngRoadPub
SI,h0218,0.003961876729022799,scr2014,mustOut,psngRoadPub
SI,h0219,0.0,scr2014,mustOut,psngRoadPub
SI,h0220,0.0,scr2014,mustOut,psngRoadPub
SI,h0221,0.0,scr2014,mustOut,psngRoadPub
SI,h0222,0.005623802830040327,scr2014,mustOut,psngRoadPub
SI,h0223,0.05102494009520706,scr2014,mustOut,psngRoadPub
SI,h0224,0.18001528021838203,scr2014,mustOut,psngRoadPub
SI,h0225,0.2507906999177362,scr2014,mustOut,psngRoadPub
SI,h0226,0.2374311387655332,scr2014,mustOut,psngRoadPub
SI,h0227,0.14031293226850325,scr2014,mustOut,psngRoadPub
SI,h0228,0.13211642554171132,scr2014,mustOut,psngRoadPub
SI,h0229,0.15616219749061558,scr2014,mustOut,psngRoadPub
SI,h0230,0.20623214454177347,scr2014,mustOut,psngRoadPub
SI,h0231,0.23690116657363242,scr2014,mustOut,psngRoadPub
SI,h0232,0.2500354374751854,scr2014,mustOut,psngRoadPub
SI,h0233,0.30267694531638745,scr2014,mustOut,psngRoadPub
SI,h0234,0.3164996198835361,scr2014,mustOut,psngRoadPub
SI,h0235,0.3210522776589071,scr2014,mustOut,psngRoadPub
SI,h0236,0.22224250570033008,scr2014,mustOut,psngRoadPub
SI,h0237,0.13110220352805507,scr2014,mustOut,psngRoadPub
SI,h0238,0.06729001456573892,scr2014,mustOut,psngRoadPub
SI,h0239,0.04172467744398949,scr2014,mustOut,psngRoadPub
SI,h0240,0.029416901714293862,scr2014,mustOut,psngRoadPub
SI,h0241,0.015691297734169257,scr2014,mustOut,psngRoadPub
SI,h0242,0.003961876729022799,scr2014,mustOut,psngRoadPub
SI,h0243,0.0006659653557186793,scr2014,mustOut,psngRoadPub
SI,h0244,0.0016929472216877857,scr2014,mustOut,psngRoadPub
SI,h0245,0.0016929472216877857,scr2014,mustOut,psngRoadPub
SI,h0246,0.0008827491751746325,scr2014,mustOut,psngRoadPub
SI,h0247,0.0429536246621759,scr2014,mustOut,psngRoadPub
SI,h0248,0.17062157906188707,scr2014,mustOut,psngRoadPub
SI,h0249,0.2507906999177362,scr2014,mustOut,psngRoadPub
SI,h0250,0.2374311387655332,scr2014,mustOut,psngRoadPub
SI,h0251,0.14031293226850325,scr2014,mustOut,psngRoadPub
SI,h0252,0.13211642554171132,scr2014,mustOut,psngRoadPub
SI,h0253,0.19446491705532132,scr2014,mustOut,psngRoadPub
SI,h0254,0.2931985601174335,scr2014,mustOut,psngRoadPub
SI,h0255,0.35660843633087036,scr2014,mustOut,psngRoadPub
SI,h0256,0.3735638446880898,scr2014,mustOut,psngRoadPub
SI,h0257,0.37365991,scr2014,mustOut,psngRoadPub
SI,h0258,0.3481671759945253,scr2014,mustOut,psngRoadPub
SI,h0259,0.3084015174976115,scr2014,mustOut,psngRoadPub
SI,h0260,0.21486898499044288,scr2014,mustOut,psngRoadPub
SI,h0261,0.13110220352805507,scr2014,mustOut,psngRoadPub
SI,h0262,0.06729001456573892,scr2014,mustOut,psngRoadPub
SI,h0263,0.04172467744398949,scr2014,mustOut,psngRoadPub
SI,h0264,0.029416901714293862,scr2014,mustOut,psngRoadPub
SI,h0265,0.015691297734169257,scr2014,mustOut,psngRoadPub
SI,h0266,0.003961876729022799,scr2014,mustOut,psngRoadPub
SI,h0267,0.0,scr2014,mustOut,psngRoadPub
SI,h0268,0.0,scr2014,mustOut,psngRoadPub
SI,h0269,0.0,scr2014,mustOut,psngRoadPub
SI,h0270,0.001955730566381503,scr2014,mustOut,psngRoadPub
SI,h0271,0.04612088060678056,scr2014,mustOut,psngRoadPub
SI,h0272,0.1743231447021561,scr2014,mustOut,psngRoadPub
SI,h0273,0.2507906999177362,scr2014,mustOut,psngRoadPub
SI,h0274,0.2374311387655332,scr2014,mustOut,psngRoadPub
SI,h0275,0.14031293226850325,scr2014,mustOut,psngRoadPub
SI,h0276,0.13211642554171132,scr2014,mustOut,psngRoadPub
SI,h0277,0.15726582545513532,scr2014,mustOut,psngRoadPub
SI,h0278,0.19622741258678872,scr2014,mustOut,psngRoadPub
SI,h0279,0.1802541873357432,scr2014,mustOut,psngRoadPub
SI,h0280,0.1764732871516063,scr2014,mustOut,psngRoadPub
SI,h0281,0.20429510358420996,scr2014,mustOut,psngRoadPub
SI,h0282,0.27097722094389814,scr2014,mustOut,psngRoadPub
SI,h0283,0.2916229018759244,scr2014,mustOut,psngRoadPub
SI,h0284,0.22817923999964493,scr2014,mustOut,psngRoadPub
SI,h0285,0.13110220352805507,scr2014,mustOut,psngRoadPub
SI,h0286,0.06729001456573892,scr2014,mustOut,psngRoadPub
SI,h0287,0.04172467744398949,scr2014,mustOut,psngRoadPub
SI,h0288,0.029416901714293862,scr2014,mustOut,psngRoadPub
SI,h0289,0.015691297734169257,scr2014,mustOut,psngRoadPub
SI,h0290,0.003961876729022799,scr2014,mustOut,psngRoadPub
SI,h0291,0.0,scr2014,mustOut,psngRoadPub
SI,h0292,0.0,scr2014,mustOut,psngRoadPub
SI,h0293,0.0,scr2014,mustOut,psngRoadPub
SI,h0294,0.005623802830040327,scr2014,mustOut,psngRoadPub
SI,h0295,0.05102494009520706,scr2014,mustOut,psngRoadPub
SI,h0296,0.18001528021838203,scr2014,mustOut,psngRoadPub
SI,h0297,0.2507906999177362,scr2014,mustOut,psngRoadPub
SI,h0298,0.2374311387655332,scr2014,mustOut,psngRoadPub
SI,h0299,0.14031293226850325,scr2014,mustOut,psngRoadPub
SI,h0300,0.13211642554171132,scr2014,mustOut,psngRoadPub
SI,h0301,0.15726582545513532,scr2014,mustOut,psngRoadPub
SI,h0302,0.19622741258678872,scr2014,mustOut,psngRoadPub
SI,h0303,0.1802541873357432,scr2014,mustOut,psngRoadPub
SI,h0304,0.1764732871516063,scr2014,mustOut,psngRoadPub
SI,h0305,0.20429510358420996,scr2014,mustOut,psngRoadPub
SI,h0306,0.27097722094389814,scr2014,mustOut,psngRoadPub
SI,h0307,0.3214425997275043,scr2014,mustOut,psngRoadPub
SI,h0308,0.28741892372334815,scr2014,mustOut,psngRoadPub
SI,h0309,0.20659212842759592,scr2014,mustOut,psngRoadPub
SI,h0310,0.14095214111874038,scr2014,mustOut,psngRoadPub
SI,h0311,0.08311169596876257,scr2014,mustOut,psngRoadPub
SI,h0312,0.05444725086411779,scr2014,mustOut,psngRoadPub
SI,h0313,0.014989749632865878,scr2014,mustOut,psngRoadPub
SI,h0314,0.0053171340811378025,scr2014,mustOut,psngRoadPub
SI,h0315,0.0,scr2014,mustOut,psngRoadPub
SI,h0316,0.0,scr2014,mustOut,psngRoadPub
SI,h0317,0.0,scr2014,mustOut,psngRoadPub
SI,h0318,0.005623802830040327,scr2014,mustOut,psngRoadPub
SI,h0319,0.0178624097198924,scr2014,mustOut,psngRoadPub
SI,h0320,0.045737932283656225,scr2014,mustOut,psngRoadPub
SI,h0321,0.06865488295581738,scr2014,mustOut,psngRoadPub
SI,h0322,0.12024147072162887,scr2014,mustOut,psngRoadPub
SI,h0323,0.14168506792102636,scr2014,mustOut,psngRoadPub
SI,h0324,0.1969397771917844,scr2014,mustOut,psngRoadPub
SI,h0325,0.19449032441924344,scr2014,mustOut,psngRoadPub
SI,h0326,0.2175109945767058,scr2014,mustOut,psngRoadPub
SI,h0327,0.1802541873357432,scr2014,mustOut,psngRoadPub
SI,h0328,0.1764732871516063,scr2014,mustOut,psngRoadPub
SI,h0329,0.20429510358420996,scr2014,mustOut,psngRoadPub
SI,h0330,0.27097722094389814,scr2014,mustOut,psngRoadPub
SI,h0331,0.2766118708305797,scr2014,mustOut,psngRoadPub
SI,h0332,0.2418408351324062,scr2014,mustOut,psngRoadPub
SI,h0333,0.16244920278974545,scr2014,mustOut,psngRoadPub
SI,h0334,0.13360326407664952,scr2014,mustOut,psngRoadPub
SI,h0335,0.10472851615624189,scr2014,mustOut,psngRoadPub
SI,h0336,0.08631018456330525,scr2014,mustOut,psngRoadPub
SE,h0169,0.048665869504183015,scr2014,mustOut,psngRoadPub
SE,h0170,0.013699669872354084,scr2014,mustOut,psngRoadPub
SE,h0171,0.0,scr2014,mustOut,psngRoadPub
SE,h0172,0.0,scr2014,mustOut,psngRoadPub
SE,h0173,0.0,scr2014,mustOut,psngRoadPub
SE,h0174,0.005623802830040327,scr2014,mustOut,psngRoadPub
SE,h0175,0.021423336771113646,scr2014,mustOut,psngRoadPub
SE,h0176,0.043001067668873294,scr2014,mustOut,psngRoadPub
SE,h0177,0.07771620394684013,scr2014,mustOut,psngRoadPub
SE,h0178,0.14408590837569354,scr2014,mustOut,psngRoadPub
SE,h0179,0.22117107602711378,scr2014,mustOut,psngRoadPub
SE,h0180,0.26886388888318297,scr2014,mustOut,psngRoadPub
SE,h0181,0.24626886829308794,scr2014,mustOut,psngRoadPub
SE,h0182,0.22122289153656177,scr2014,mustOut,psngRoadPub
SE,h0183,0.1802541873357432,scr2014,mustOut,psngRoadPub
SE,h0184,0.1764732871516063,scr2014,mustOut,psngRoadPub
SE,h0185,0.20429510358420996,scr2014,mustOut,psngRoadPub
SE,h0186,0.27097722094389814,scr2014,mustOut,psngRoadPub
SE,h0187,0.2916229018759244,scr2014,mustOut,psngRoadPub
SE,h0188,0.22817923999964493,scr2014,mustOut,psngRoadPub
SE,h0189,0.13110220352805507,scr2014,mustOut,psngRoadPub
SE,h0190,0.06729001456573892,scr2014,mustOut,psngRoadPub
SE,h0191,0.04172467744398949,scr2014,mustOut,psngRoadPub
SE,h0192,0.029416901714293862,scr2014,mustOut,psngRoadPub
SE,h0193,0.015691297734169257,scr2014,mustOut,psngRoadPub
SE,h0194,0.003961876729022799,scr2014,mustOut,psngRoadPub
SE,h0195,0.0,scr2014,mustOut,psngRoadPub
SE,h0196,0.0,scr2014,mustOut,psngRoadPub
SE,h0197,0.0,scr2014,mustOut,psngRoadPub
SE,h0198,0.005623802830040327,scr2014,mustOut,psngRoadPub
SE,h0199,0.0178624097198924,scr2014,mustOut,psngRoadPub
SE,h0200,0.045737932283656225,scr2014,mustOut,psngRoadPub
SE,h0201,0.06865488295581738,scr2014,mustOut,psngRoadPub
SE,h0202,0.12024147072162887,scr2014,mustOut,psngRoadPub
SE,h0203,0.14168506792102636,scr2014,mustOut,psngRoadPub
SE,h0204,0.1969397771917844,scr2014,mustOut,psngRoadPub
SE,h0205,0.19335929341599276,scr2014,mustOut,psngRoadPub
SE,h0206,0.22763252557650548,scr2014,mustOut,psngRoadPub
SE,h0207,0.23690116657363242,scr2014,mustOut,psngRoadPub
SE,h0208,0.2500354374751854,scr2014,mustOut,psngRoadPub
SE,h0209,0.30267694531638745,scr2014,mustOut,psngRoadPub
SE,h0210,0.3164996198835361,scr2014,mustOut,psngRoadPub
SE,h0211,0.3210522776589071,scr2014,mustOut,psngRoadPub
SE,h0212,0.22224250570033008,scr2014,mustOut,psngRoadPub
SE,h0213,0.13110220352805507,scr2014,mustOut,psngRoadPub
SE,h0214,0.06729001456573892,scr2014,mustOut,psngRoadPub
SE,h0215,0.04172467744398949,scr2014,mustOut,psngRoadPub
SE,h0216,0.029416901714293862,scr2014,mustOut,psngRoadPub
SE,h0217,0.015691297734169257,scr2014,mustOut,psngRoadPub
SE,h0218,0.003961876729022799,scr2014,mustOut,psngRoadPub
SE,h0219,0.0,scr2014,mustOut,psngRoadPub
SE,h0220,0.0,scr2014,mustOut,psngRoadPub
SE,h0221,0.0,scr2014,mustOut,psngRoadPub
SE,h0222,0.005623802830040327,scr2014,mustOut,psngRoadPub
SE,h0223,0.05102494009520706,scr2014,mustOut,psngRoadPub
SE,h0224,0.18001528021838203,scr2014,mustOut,psngRoadPub
SE,h0225,0.2507906999177362,scr2014,mustOut,psngRoadPub
SE,h0226,0.2374311387655332,scr2014,mustOut,psngRoadPub
SE,h0227,0.14031293226850325,scr2014,mustOut,psngRoadPub
SE,h0228,0.13211642554171132,scr2014,mustOut,psngRoadPub
SE,h0229,0.15616219749061558,scr2014,mustOut,psngRoadPub
SE,h0230,0.20623214454177347,scr2014,mustOut,psngRoadPub
SE,h0231,0.23690116657363242,scr2014,mustOut,psngRoadPub
SE,h0232,0.2500354374751854,scr2014,mustOut,psngRoadPub
SE,h0233,0.30267694531638745,scr2014,mustOut,psngRoadPub
SE,h0234,0.3164996198835361,scr2014,mustOut,psngRoadPub
SE,h0235,0.3210522776589071,scr2014,mustOut,psngRoadPub
SE,h0236,0.22224250570033008,scr2014,mustOut,psngRoadPub
SE,h0237,0.13110220352805507,scr2014,mustOut,psngRoadPub
SE,h0238,0.06729001456573892,scr2014,mustOut,psngRoadPub
SE,h0239,0.04172467744398949,scr2014,mustOut,psngRoadPub
SE,h0240,0.029416901714293862,scr2014,mustOut,psngRoadPub
SE,h0241,0.015691297734169257,scr2014,mustOut,psngRoadPub
SE,h0242,0.003961876729022799,scr2014,mustOut,psngRoadPub
SE,h0243,0.0006659653557186793,scr2014,mustOut,psngRoadPub
SE,h0244,0.0016929472216877857,scr2014,mustOut,psngRoadPub
SE,h0245,0.0016929472216877857,scr2014,mustOut,psngRoadPub
SE,h0246,0.0008827491751746325,scr2014,mustOut,psngRoadPub
SE,h0247,0.0429536246621759,scr2014,mustOut,psngRoadPub
SE,h0248,0.17062157906188707,scr2014,mustOut,psngRoadPub
SE,h0249,0.2507906999177362,scr2014,mustOut,psngRoadPub
SE,h0250,0.2374311387655332,scr2014,mustOut,psngRoadPub
SE,h0251,0.14031293226850325,scr2014,mustOut,psngRoadPub
SE,h0252,0.13211642554171132,scr2014,mustOut,psngRoadPub
SE,h0253,0.19446491705532132,scr2014,mustOut,psngRoadPub
SE,h0254,0.2931985601174335,scr2014,mustOut,psngRoadPub
SE,h0255,0.35660843633087036,scr2014,mustOut,psngRoadPub
SE,h0256,0.3735638446880898,scr2014,mustOut,psngRoadPub
SE,h0257,0.37365991,scr2014,mustOut,psngRoadPub
SE,h0258,0.3481671759945253,scr2014,mustOut,psngRoadPub
SE,h0259,0.3084015174976115,scr2014,mustOut,psngRoadPub
SE,h0260,0.21486898499044288,scr2014,mustOut,psngRoadPub
SE,h0261,0.13110220352805507,scr2014,mustOut,psngRoadPub
SE,h0262,0.06729001456573892,scr2014,mustOut,psngRoadPub
SE,h0263,0.04172467744398949,scr2014,mustOut,psngRoadPub
SE,h0264,0.029416901714293862,scr2014,mustOut,psngRoadPub
SE,h0265,0.015691297734169257,scr2014,mustOut,psngRoadPub
SE,h0266,0.003961876729022799,scr2014,mustOut,psngRoadPub
SE,h0267,0.0,scr2014,mustOut,psngRoadPub
SE,h0268,0.0,scr2014,mustOut,psngRoadPub
SE,h0269,0.0,scr2014,mustOut,psngRoadPub
SE,h0270,0.001955730566381503,scr2014,mustOut,psngRoadPub
SE,h0271,0.04612088060678056,scr2014,mustOut,psngRoadPub
SE,h0272,0.1743231447021561,scr2014,mustOut,psngRoadPub
SE,h0273,0.2507906999177362,scr2014,mustOut,psngRoadPub
SE,h0274,0.2374311387655332,scr2014,mustOut,psngRoadPub
SE,h0275,0.14031293226850325,scr2014,mustOut,psngRoadPub
SE,h0276,0.13211642554171132,scr2014,mustOut,psngRoadPub
SE,h0277,0.15726582545513532,scr2014,mustOut,psngRoadPub
SE,h0278,0.19622741258678872,scr2014,mustOut,psngRoadPub
SE,h0279,0.1802541873357432,scr2014,mustOut,psngRoadPub
SE,h0280,0.1764732871516063,scr2014,mustOut,psngRoadPub
SE,h0281,0.20429510358420996,scr2014,mustOut,psngRoadPub
SE,h0282,0.27097722094389814,scr2014,mustOut,psngRoadPub
SE,h0283,0.2916229018759244,scr2014,mustOut,psngRoadPub
SE,h0284,0.22817923999964493,scr2014,mustOut,psngRoadPub
SE,h0285,0.13110220352805507,scr2014,mustOut,psngRoadPub
SE,h0286,0.06729001456573892,scr2014,mustOut,psngRoadPub
SE,h0287,0.04172467744398949,scr2014,mustOut,psngRoadPub
SE,h0288,0.029416901714293862,scr2014,mustOut,psngRoadPub
SE,h0289,0.015691297734169257,scr2014,mustOut,psngRoadPub
SE,h0290,0.003961876729022799,scr2014,mustOut,psngRoadPub
SE,h0291,0.0,scr2014,mustOut,psngRoadPub
SE,h0292,0.0,scr2014,mustOut,psngRoadPub
SE,h0293,0.0,scr2014,mustOut,psngRoadPub
SE,h0294,0.005623802830040327,scr2014,mustOut,psngRoadPub
SE,h0295,0.05102494009520706,scr2014,mustOut,psngRoadPub
SE,h0296,0.18001528021838203,scr2014,mustOut,psngRoadPub
SE,h0297,0.2507906999177362,scr2014,mustOut,psngRoadPub
SE,h0298,0.2374311387655332,scr2014,mustOut,psngRoadPub
SE,h0299,0.14031293226850325,scr2014,mustOut,psngRoadPub
SE,h0300,0.13211642554171132,scr2014,mustOut,psngRoadPub
SE,h0301,0.15726582545513532,scr2014,mustOut,psngRoadPub
SE,h0302,0.19622741258678872,scr2014,mustOut,psngRoadPub
SE,h0303,0.1802541873357432,scr2014,mustOut,psngRoadPub
SE,h0304,0.1764732871516063,scr2014,mustOut,psngRoadPub
SE,h0305,0.20429510358420996,scr2014,mustOut,psngRoadPub
SE,h0306,0.27097722094389814,scr2014,mustOut,psngRoadPub
SE,h0307,0.3214425997275043,scr2014,mustOut,psngRoadPub
SE,h0308,0.28741892372334815,scr2014,mustOut,psngRoadPub
SE,h0309,0.20659212842759592,scr2014,mustOut,psngRoadPub
SE,h0310,0.14095214111874038,scr2014,mustOut,psngRoadPub
SE,h0311,0.08311169596876257,scr2014,mustOut,psngRoadPub
SE,h0312,0.05444725086411779,scr2014,mustOut,psngRoadPub
SE,h0313,0.014989749632865878,scr2014,mustOut,psngRoadPub
SE,h0314,0.0053171340811378025,scr2014,mustOut,psngRoadPub
SE,h0315,0.0,scr2014,mustOut,psngRoadPub
SE,h0316,0.0,scr2014,mustOut,psngRoadPub
SE,h0317,0.0,scr2014,mustOut,psngRoadPub
SE,h0318,0.005623802830040327,scr2014,mustOut,psngRoadPub
SE,h0319,0.0178624097198924,scr2014,mustOut,psngRoadPub
SE,h0320,0.045737932283656225,scr2014,mustOut,psngRoadPub
SE,h0321,0.06865488295581738,scr2014,mustOut,psngRoadPub
SE,h0322,0.12024147072162887,scr2014,mustOut,psngRoadPub
SE,h0323,0.14168506792102636,scr2014,mustOut,psngRoadPub
SE,h0324,0.1969397771917844,scr2014,mustOut,psngRoadPub
SE,h0325,0.19449032441924344,scr2014,mustOut,psngRoadPub
SE,h0326,0.2175109945767058,scr2014,mustOut,psngRoadPub
SE,h0327,0.1802541873357432,scr2014,mustOut,psngRoadPub
SE,h0328,0.1764732871516063,scr2014,mustOut,psngRoadPub
SE,h0329,0.20429510358420996,scr2014,mustOut,psngRoadPub
SE,h0330,0.27097722094389814,scr2014,mustOut,psngRoadPub
SE,h0331,0.2766118708305797,scr2014,mustOut,psngRoadPub
SE,h0332,0.2418408351324062,scr2014,mustOut,psngRoadPub
SE,h0333,0.16244920278974545,scr2014,mustOut,psngRoadPub
SE,h0334,0.13360326407664952,scr2014,mustOut,psngRoadPub
SE,h0335,0.10472851615624189,scr2014,mustOut,psngRoadPub
SE,h0336,0.08631018456330525,scr2014,mustOut,psngRoadPub
UK,h0169,0.04866586950418303,scr2014,mustOut,psngRoadPub
UK,h0170,0.013699669872354086,scr2014,mustOut,psngRoadPub
UK,h0171,0.0,scr2014,mustOut,psngRoadPub
UK,h0172,0.0,scr2014,mustOut,psngRoadPub
UK,h0173,0.0,scr2014,mustOut,psngRoadPub
UK,h0174,0.005623802830040331,scr2014,mustOut,psngRoadPub
UK,h0175,0.021423336771113657,scr2014,mustOut,psngRoadPub
UK,h0176,0.043001067668873294,scr2014,mustOut,psngRoadPub
UK,h0177,0.07771620394684013,scr2014,mustOut,psngRoadPub
UK,h0178,0.1440859083756936,scr2014,mustOut,psngRoadPub
UK,h0179,0.22117107602711386,scr2014,mustOut,psngRoadPub
UK,h0180,0.26886388888318297,scr2014,mustOut,psngRoadPub
UK,h0181,0.24626886829308803,scr2014,mustOut,psngRoadPub
UK,h0182,0.22122289153656186,scr2014,mustOut,psngRoadPub
UK,h0183,0.18025418733574322,scr2014,mustOut,psngRoadPub
UK,h0184,0.17647328715160635,scr2014,mustOut,psngRoadPub
UK,h0185,0.20429510358421005,scr2014,mustOut,psngRoadPub
UK,h0186,0.2709772209438982,scr2014,mustOut,psngRoadPub
UK,h0187,0.2916229018759245,scr2014,mustOut,psngRoadPub
UK,h0188,0.228179239999645,scr2014,mustOut,psngRoadPub
UK,h0189,0.13110220352805513,scr2014,mustOut,psngRoadPub
UK,h0190,0.06729001456573892,scr2014,mustOut,psngRoadPub
UK,h0191,0.04172467744398949,scr2014,mustOut,psngRoadPub
UK,h0192,0.029416901714293873,scr2014,mustOut,psngRoadPub
UK,h0193,0.015691297734169263,scr2014,mustOut,psngRoadPub
UK,h0194,0.003961876729022801,scr2014,mustOut,psngRoadPub
UK,h0195,0.0,scr2014,mustOut,psngRoadPub
UK,h0196,0.0,scr2014,mustOut,psngRoadPub
UK,h0197,0.0,scr2014,mustOut,psngRoadPub
UK,h0198,0.005623802830040331,scr2014,mustOut,psngRoadPub
UK,h0199,0.017862409719892402,scr2014,mustOut,psngRoadPub
UK,h0200,0.04573793228365624,scr2014,mustOut,psngRoadPub
UK,h0201,0.06865488295581741,scr2014,mustOut,psngRoadPub
UK,h0202,0.12024147072162891,scr2014,mustOut,psngRoadPub
UK,h0203,0.1416850679210264,scr2014,mustOut,psngRoadPub
UK,h0204,0.1969397771917845,scr2014,mustOut,psngRoadPub
UK,h0205,0.1933592934159928,scr2014,mustOut,psngRoadPub
UK,h0206,0.22763252557650562,scr2014,mustOut,psngRoadPub
UK,h0207,0.2369011665736325,scr2014,mustOut,psngRoadPub
UK,h0208,0.25003543747518553,scr2014,mustOut,psngRoadPub
UK,h0209,0.30267694531638756,scr2014,mustOut,psngRoadPub
UK,h0210,0.3164996198835362,scr2014,mustOut,psngRoadPub
UK,h0211,0.3210522776589072,scr2014,mustOut,psngRoadPub
UK,h0212,0.22224250570033013,scr2014,mustOut,psngRoadPub
UK,h0213,0.13110220352805513,scr2014,mustOut,psngRoadPub
UK,h0214,0.06729001456573892,scr2014,mustOut,psngRoadPub
UK,h0215,0.04172467744398949,scr2014,mustOut,psngRoadPub
UK,h0216,0.029416901714293873,scr2014,mustOut,psngRoadPub
UK,h0217,0.015691297734169263,scr2014,mustOut,psngRoadPub
UK,h0218,0.003961876729022801,scr2014,mustOut,psngRoadPub
UK,h0219,0.0,scr2014,mustOut,psngRoadPub
UK,h0220,0.0,scr2014,mustOut,psngRoadPub
UK,h0221,0.0,scr2014,mustOut,psngRoadPub
UK,h0222,0.005623802830040331,scr2014,mustOut,psngRoadPub
UK,h0223,0.05102494009520708,scr2014,mustOut,psngRoadPub
UK,h0224,0.18001528021838212,scr2014,mustOut,psngRoadPub
UK,h0225,0.25079069991773634,scr2014,mustOut,psngRoadPub
UK,h0226,0.2374311387655333,scr2014,mustOut,psngRoadPub
UK,h0227,0.1403129322685033,scr2014,mustOut,psngRoadPub
UK,h0228,0.13211642554171138,scr2014,mustOut,psngRoadPub
UK,h0229,0.15616219749061563,scr2014,mustOut,psngRoadPub
UK,h0230,0.20623214454177352,scr2014,mustOut,psngRoadPub
UK,h0231,0.2369011665736325,scr2014,mustOut,psngRoadPub
UK,h0232,0.25003543747518553,scr2014,mustOut,psngRoadPub
UK,h0233,0.30267694531638756,scr2014,mustOut,psngRoadPub
UK,h0234,0.3164996198835362,scr2014,mustOut,psngRoadPub
UK,h0235,0.3210522776589072,scr2014,mustOut,psngRoadPub
UK,h0236,0.22224250570033013,scr2014,mustOut,psngRoadPub
UK,h0237,0.13110220352805513,scr2014,mustOut,psngRoadPub
UK,h0238,0.06729001456573892,scr2014,mustOut,psngRoadPub
UK,h0239,0.04172467744398949,scr2014,mustOut,psngRoadPub
UK,h0240,0.029416901714293873,scr2014,mustOut,psngRoadPub
UK,h0241,0.015691297734169263,scr2014,mustOut,psngRoadPub
UK,h0242,0.003961876729022801,scr2014,mustOut,psngRoadPub
UK,h0243,0.0006659653557186795,scr2014,mustOut,psngRoadPub
UK,h0244,0.0016929472216877864,scr2014,mustOut,psngRoadPub
UK,h0245,0.0016929472216877864,scr2014,mustOut,psngRoadPub
UK,h0246,0.0008827491751746328,scr2014,mustOut,psngRoadPub
UK,h0247,0.042953624662175914,scr2014,mustOut,psngRoadPub
UK,h0248,0.17062157906188713,scr2014,mustOut,psngRoadPub
UK,h0249,0.25079069991773634,scr2014,mustOut,psngRoadPub
UK,h0250,0.2374311387655333,scr2014,mustOut,psngRoadPub
UK,h0251,0.1403129322685033,scr2014,mustOut,psngRoadPub
UK,h0252,0.13211642554171138,scr2014,mustOut,psngRoadPub
UK,h0253,0.1944649170553214,scr2014,mustOut,psngRoadPub
UK,h0254,0.2931985601174336,scr2014,mustOut,psngRoadPub
UK,h0255,0.3566084363308705,scr2014,mustOut,psngRoadPub
UK,h0256,0.3735638446880899,scr2014,mustOut,psngRoadPub
UK,h0257,0.37365991,scr2014,mustOut,psngRoadPub
UK,h0258,0.34816717599452535,scr2014,mustOut,psngRoadPub
UK,h0259,0.30840151749761163,scr2014,mustOut,psngRoadPub
UK,h0260,0.21486898499044296,scr2014,mustOut,psngRoadPub
UK,h0261,0.13110220352805513,scr2014,mustOut,psngRoadPub
UK,h0262,0.06729001456573892,scr2014,mustOut,psngRoadPub
UK,h0263,0.04172467744398949,scr2014,mustOut,psngRoadPub
UK,h0264,0.029416901714293873,scr2014,mustOut,psngRoadPub
UK,h0265,0.015691297734169263,scr2014,mustOut,psngRoadPub
UK,h0266,0.003961876729022801,scr2014,mustOut,psngRoadPub
UK,h0267,0.0,scr2014,mustOut,psngRoadPub
UK,h0268,0.0,scr2014,mustOut,psngRoadPub
UK,h0269,0.0,scr2014,mustOut,psngRoadPub
UK,h0270,0.0019557305663815035,scr2014,mustOut,psngRoadPub
UK,h0271,0.04612088060678057,scr2014,mustOut,psngRoadPub
UK,h0272,0.17432314470215615,scr2014,mustOut,psngRoadPub
UK,h0273,0.25079069991773634,scr2014,mustOut,psngRoadPub
UK,h0274,0.2374311387655333,scr2014,mustOut,psngRoadPub
UK,h0275,0.1403129322685033,scr2014,mustOut,psngRoadPub
UK,h0276,0.13211642554171138,scr2014,mustOut,psngRoadPub
UK,h0277,0.15726582545513537,scr2014,mustOut,psngRoadPub
UK,h0278,0.19622741258678875,scr2014,mustOut,psngRoadPub
UK,h0279,0.18025418733574322,scr2014,mustOut,psngRoadPub
UK,h0280,0.17647328715160635,scr2014,mustOut,psngRoadPub
UK,h0281,0.20429510358421005,scr2014,mustOut,psngRoadPub
UK,h0282,0.2709772209438982,scr2014,mustOut,psngRoadPub
UK,h0283,0.2916229018759245,scr2014,mustOut,psngRoadPub
UK,h0284,0.228179239999645,scr2014,mustOut,psngRoadPub
UK,h0285,0.13110220352805513,scr2014,mustOut,psngRoadPub
UK,h0286,0.06729001456573892,scr2014,mustOut,psngRoadPub
UK,h0287,0.04172467744398949,scr2014,mustOut,psngRoadPub
UK,h0288,0.029416901714293873,scr2014,mustOut,psngRoadPub
UK,h0289,0.015691297734169263,scr2014,mustOut,psngRoadPub
UK,h0290,0.003961876729022801,scr2014,mustOut,psngRoadPub
UK,h0291,0.0,scr2014,mustOut,psngRoadPub
UK,h0292,0.0,scr2014,mustOut,psngRoadPub
UK,h0293,0.0,scr2014,mustOut,psngRoadPub
UK,h0294,0.005623802830040331,scr2014,mustOut,psngRoadPub
UK,h0295,0.05102494009520708,scr2014,mustOut,psngRoadPub
UK,h0296,0.18001528021838212,scr2014,mustOut,psngRoadPub
UK,h0297,0.25079069991773634,scr2014,mustOut,psngRoadPub
UK,h0298,0.2374311387655333,scr2014,mustOut,psngRoadPub
UK,h0299,0.1403129322685033,scr2014,mustOut,psngRoadPub
UK,h0300,0.13211642554171138,scr2014,mustOut,psngRoadPub
UK,h0301,0.15726582545513537,scr2014,mustOut,psngRoadPub
UK,h0302,0.19622741258678875,scr2014,mustOut,psngRoadPub
UK,h0303,0.18025418733574322,scr2014,mustOut,psngRoadPub
UK,h0304,0.17647328715160635,scr2014,mustOut,psngRoadPub
UK,h0305,0.20429510358421005,scr2014,mustOut,psngRoadPub
UK,h0306,0.2709772209438982,scr2014,mustOut,psngRoadPub
UK,h0307,0.3214425997275044,scr2014,mustOut,psngRoadPub
UK,h0308,0.28741892372334815,scr2014,mustOut,psngRoadPub
UK,h0309,0.20659212842759597,scr2014,mustOut,psngRoadPub
UK,h0310,0.14095214111874044,scr2014,mustOut,psngRoadPub
UK,h0311,0.0831116959687626,scr2014,mustOut,psngRoadPub
UK,h0312,0.054447250864117815,scr2014,mustOut,psngRoadPub
UK,h0313,0.014989749632865887,scr2014,mustOut,psngRoadPub
UK,h0314,0.005317134081137804,scr2014,mustOut,psngRoadPub
UK,h0315,0.0,scr2014,mustOut,psngRoadPub
UK,h0316,0.0,scr2014,mustOut,psngRoadPub
UK,h0317,0.0,scr2014,mustOut,psngRoadPub
UK,h0318,0.005623802830040331,scr2014,mustOut,psngRoadPub
UK,h0319,0.017862409719892402,scr2014,mustOut,psngRoadPub
UK,h0320,0.04573793228365624,scr2014,mustOut,psngRoadPub
UK,h0321,0.06865488295581741,scr2014,mustOut,psngRoadPub
UK,h0322,0.12024147072162891,scr2014,mustOut,psngRoadPub
UK,h0323,0.1416850679210264,scr2014,mustOut,psngRoadPub
UK,h0324,0.1969397771917845,scr2014,mustOut,psngRoadPub
UK,h0325,0.1944903244192435,scr2014,mustOut,psngRoadPub
UK,h0326,0.21751099457670586,scr2014,mustOut,psngRoadPub
UK,h0327,0.18025418733574322,scr2014,mustOut,psngRoadPub
UK,h0328,0.17647328715160635,scr2014,mustOut,psngRoadPub
UK,h0329,0.20429510358421005,scr2014,mustOut,psngRoadPub
UK,h0330,0.2709772209438982,scr2014,mustOut,psngRoadPub
UK,h0331,0.2766118708305798,scr2014,mustOut,psngRoadPub
UK,h0332,0.24184083513240628,scr2014,mustOut,psngRoadPub
UK,h0333,0.1624492027897455,scr2014,mustOut,psngRoadPub
UK,h0334,0.13360326407664957,scr2014,mustOut,psngRoadPub
UK,h0335,0.10472851615624194,scr2014,mustOut,psngRoadPub
UK,h0336,0.08631018456330528,scr2014,mustOut,psngRoadPub
RS,h0169,0.048665869504183015,scr2014,mustOut,psngRoadPub
RS,h0170,0.013699669872354084,scr2014,mustOut,psngRoadPub
RS,h0171,0.0,scr2014,mustOut,psngRoadPub
RS,h0172,0.0,scr2014,mustOut,psngRoadPub
RS,h0173,0.0,scr2014,mustOut,psngRoadPub
RS,h0174,0.005623802830040327,scr2014,mustOut,psngRoadPub
RS,h0175,0.021423336771113646,scr2014,mustOut,psngRoadPub
RS,h0176,0.043001067668873294,scr2014,mustOut,psngRoadPub
RS,h0177,0.07771620394684013,scr2014,mustOut,psngRoadPub
RS,h0178,0.14408590837569354,scr2014,mustOut,psngRoadPub
RS,h0179,0.22117107602711378,scr2014,mustOut,psngRoadPub
RS,h0180,0.26886388888318297,scr2014,mustOut,psngRoadPub
RS,h0181,0.24626886829308794,scr2014,mustOut,psngRoadPub
RS,h0182,0.22122289153656177,scr2014,mustOut,psngRoadPub
RS,h0183,0.1802541873357432,scr2014,mustOut,psngRoadPub
RS,h0184,0.1764732871516063,scr2014,mustOut,psngRoadPub
RS,h0185,0.20429510358420996,scr2014,mustOut,psngRoadPub
RS,h0186,0.27097722094389814,scr2014,mustOut,psngRoadPub
RS,h0187,0.2916229018759244,scr2014,mustOut,psngRoadPub
RS,h0188,0.22817923999964493,scr2014,mustOut,psngRoadPub
RS,h0189,0.13110220352805507,scr2014,mustOut,psngRoadPub
RS,h0190,0.06729001456573892,scr2014,mustOut,psngRoadPub
RS,h0191,0.04172467744398949,scr2014,mustOut,psngRoadPub
RS,h0192,0.029416901714293862,scr2014,mustOut,psngRoadPub
RS,h0193,0.015691297734169257,scr2014,mustOut,psngRoadPub
RS,h0194,0.003961876729022799,scr2014,mustOut,psngRoadPub
RS,h0195,0.0,scr2014,mustOut,psngRoadPub
RS,h0196,0.0,scr2014,mustOut,psngRoadPub
RS,h0197,0.0,scr2014,mustOut,psngRoadPub
RS,h0198,0.005623802830040327,scr2014,mustOut,psngRoadPub
RS,h0199,0.0178624097198924,scr2014,mustOut,psngRoadPub
RS,h0200,0.045737932283656225,scr2014,mustOut,psngRoadPub
RS,h0201,0.06865488295581738,scr2014,mustOut,psngRoadPub
RS,h0202,0.12024147072162887,scr2014,mustOut,psngRoadPub
RS,h0203,0.14168506792102636,scr2014,mustOut,psngRoadPub
RS,h0204,0.1969397771917844,scr2014,mustOut,psngRoadPub
RS,h0205,0.19335929341599276,scr2014,mustOut,psngRoadPub
RS,h0206,0.22763252557650548,scr2014,mustOut,psngRoadPub
RS,h0207,0.23690116657363242,scr2014,mustOut,psngRoadPub
RS,h0208,0.2500354374751854,scr2014,mustOut,psngRoadPub
RS,h0209,0.30267694531638745,scr2014,mustOut,psngRoadPub
RS,h0210,0.3164996198835361,scr2014,mustOut,psngRoadPub
RS,h0211,0.3210522776589071,scr2014,mustOut,psngRoadPub
RS,h0212,0.22224250570033008,scr2014,mustOut,psngRoadPub
RS,h0213,0.13110220352805507,scr2014,mustOut,psngRoadPub
RS,h0214,0.06729001456573892,scr2014,mustOut,psngRoadPub
RS,h0215,0.04172467744398949,scr2014,mustOut,psngRoadPub
RS,h0216,0.029416901714293862,scr2014,mustOut,psngRoadPub
RS,h0217,0.015691297734169257,scr2014,mustOut,psngRoadPub
RS,h0218,0.003961876729022799,scr2014,mustOut,psngRoadPub
RS,h0219,0.0,scr2014,mustOut,psngRoadPub
RS,h0220,0.0,scr2014,mustOut,psngRoadPub
RS,h0221,0.0,scr2014,mustOut,psngRoadPub
RS,h0222,0.005623802830040327,scr2014,mustOut,psngRoadPub
RS,h0223,0.05102494009520706,scr2014,mustOut,psngRoadPub
RS,h0224,0.18001528021838203,scr2014,mustOut,psngRoadPub
RS,h0225,0.2507906999177362,scr2014,mustOut,psngRoadPub
RS,h0226,0.2374311387655332,scr2014,mustOut,psngRoadPub
RS,h0227,0.14031293226850325,scr2014,mustOut,psngRoadPub
RS,h0228,0.13211642554171132,scr2014,mustOut,psngRoadPub
RS,h0229,0.15616219749061558,scr2014,mustOut,psngRoadPub
RS,h0230,0.20623214454177347,scr2014,mustOut,psngRoadPub
RS,h0231,0.23690116657363242,scr2014,mustOut,psngRoadPub
RS,h0232,0.2500354374751854,scr2014,mustOut,psngRoadPub
RS,h0233,0.30267694531638745,scr2014,mustOut,psngRoadPub
RS,h0234,0.3164996198835361,scr2014,mustOut,psngRoadPub
RS,h0235,0.3210522776589071,scr2014,mustOut,psngRoadPub
RS,h0236,0.22224250570033008,scr2014,mustOut,psngRoadPub
RS,h0237,0.13110220352805507,scr2014,mustOut,psngRoadPub
RS,h0238,0.06729001456573892,scr2014,mustOut,psngRoadPub
RS,h0239,0.04172467744398949,scr2014,mustOut,psngRoadPub
RS,h0240,0.029416901714293862,scr2014,mustOut,psngRoadPub
RS,h0241,0.015691297734169257,scr2014,mustOut,psngRoadPub
RS,h0242,0.003961876729022799,scr2014,mustOut,psngRoadPub
RS,h0243,0.0006659653557186793,scr2014,mustOut,psngRoadPub
RS,h0244,0.0016929472216877857,scr2014,mustOut,psngRoadPub
RS,h0245,0.0016929472216877857,scr2014,mustOut,psngRoadPub
RS,h0246,0.0008827491751746325,scr2014,mustOut,psngRoadPub
RS,h0247,0.0429536246621759,scr2014,mustOut,psngRoadPub
RS,h0248,0.17062157906188707,scr2014,mustOut,psngRoadPub
RS,h0249,0.2507906999177362,scr2014,mustOut,psngRoadPub
RS,h0250,0.2374311387655332,scr2014,mustOut,psngRoadPub
RS,h0251,0.14031293226850325,scr2014,mustOut,psngRoadPub
RS,h0252,0.13211642554171132,scr2014,mustOut,psngRoadPub
RS,h0253,0.19446491705532132,scr2014,mustOut,psngRoadPub
RS,h0254,0.2931985601174335,scr2014,mustOut,psngRoadPub
RS,h0255,0.35660843633087036,scr2014,mustOut,psngRoadPub
RS,h0256,0.3735638446880898,scr2014,mustOut,psngRoadPub
RS,h0257,0.37365991,scr2014,mustOut,psngRoadPub
RS,h0258,0.3481671759945253,scr2014,mustOut,psngRoadPub
RS,h0259,0.3084015174976115,scr2014,mustOut,psngRoadPub
RS,h0260,0.21486898499044288,scr2014,mustOut,psngRoadPub
RS,h0261,0.13110220352805507,scr2014,mustOut,psngRoadPub
RS,h0262,0.06729001456573892,scr2014,mustOut,psngRoadPub
RS,h0263,0.04172467744398949,scr2014,mustOut,psngRoadPub
RS,h0264,0.029416901714293862,scr2014,mustOut,psngRoadPub
RS,h0265,0.015691297734169257,scr2014,mustOut,psngRoadPub
RS,h0266,0.003961876729022799,scr2014,mustOut,psngRoadPub
RS,h0267,0.0,scr2014,mustOut,psngRoadPub
RS,h0268,0.0,scr2014,mustOut,psngRoadPub
RS,h0269,0.0,scr2014,mustOut,psngRoadPub
RS,h0270,0.001955730566381503,scr2014,mustOut,psngRoadPub
RS,h0271,0.04612088060678056,scr2014,mustOut,psngRoadPub
RS,h0272,0.1743231447021561,scr2014,mustOut,psngRoadPub
RS,h0273,0.2507906999177362,scr2014,mustOut,psngRoadPub
RS,h0274,0.2374311387655332,scr2014,mustOut,psngRoadPub
RS,h0275,0.14031293226850325,scr2014,mustOut,psngRoadPub
RS,h0276,0.13211642554171132,scr2014,mustOut,psngRoadPub
RS,h0277,0.15726582545513532,scr2014,mustOut,psngRoadPub
RS,h0278,0.19622741258678872,scr2014,mustOut,psngRoadPub
RS,h0279,0.1802541873357432,scr2014,mustOut,psngRoadPub
RS,h0280,0.1764732871516063,scr2014,mustOut,psngRoadPub
RS,h0281,0.20429510358420996,scr2014,mustOut,psngRoadPub
RS,h0282,0.27097722094389814,scr2014,mustOut,psngRoadPub
RS,h0283,0.2916229018759244,scr2014,mustOut,psngRoadPub
RS,h0284,0.22817923999964493,scr2014,mustOut,psngRoadPub
RS,h0285,0.13110220352805507,scr2014,mustOut,psngRoadPub
RS,h0286,0.06729001456573892,scr2014,mustOut,psngRoadPub
RS,h0287,0.04172467744398949,scr2014,mustOut,psngRoadPub
RS,h0288,0.029416901714293862,scr2014,mustOut,psngRoadPub
RS,h0289,0.015691297734169257,scr2014,mustOut,psngRoadPub
RS,h0290,0.003961876729022799,scr2014,mustOut,psngRoadPub
RS,h0291,0.0,scr2014,mustOut,psngRoadPub
RS,h0292,0.0,scr2014,mustOut,psngRoadPub
RS,h0293,0.0,scr2014,mustOut,psngRoadPub
RS,h0294,0.005623802830040327,scr2014,mustOut,psngRoadPub
RS,h0295,0.05102494009520706,scr2014,mustOut,psngRoadPub
RS,h0296,0.18001528021838203,scr2014,mustOut,psngRoadPub
RS,h0297,0.2507906999177362,scr2014,mustOut,psngRoadPub
RS,h0298,0.2374311387655332,scr2014,mustOut,psngRoadPub
RS,h0299,0.14031293226850325,scr2014,mustOut,psngRoadPub
RS,h0300,0.13211642554171132,scr2014,mustOut,psngRoadPub
RS,h0301,0.15726582545513532,scr2014,mustOut,psngRoadPub
RS,h0302,0.19622741258678872,scr2014,mustOut,psngRoadPub
RS,h0303,0.1802541873357432,scr2014,mustOut,psngRoadPub
RS,h0304,0.1764732871516063,scr2014,mustOut,psngRoadPub
RS,h0305,0.20429510358420996,scr2014,mustOut,psngRoadPub
RS,h0306,0.27097722094389814,scr2014,mustOut,psngRoadPub
RS,h0307,0.3214425997275043,scr2014,mustOut,psngRoadPub
RS,h0308,0.28741892372334815,scr2014,mustOut,psngRoadPub
RS,h0309,0.20659212842759592,scr2014,mustOut,psngRoadPub
RS,h0310,0.14095214111874038,scr2014,mustOut,psngRoadPub
RS,h0311,0.08311169596876257,scr2014,mustOut,psngRoadPub
RS,h0312,0.05444725086411779,scr2014,mustOut,psngRoadPub
RS,h0313,0.014989749632865878,scr2014,mustOut,psngRoadPub
RS,h0314,0.0053171340811378025,scr2014,mustOut,psngRoadPub
RS,h0315,0.0,scr2014,mustOut,psngRoadPub
RS,h0316,0.0,scr2014,mustOut,psngRoadPub
RS,h0317,0.0,scr2014,mustOut,psngRoadPub
RS,h0318,0.005623802830040327,scr2014,mustOut,psngRoadPub
RS,h0319,0.0178624097198924,scr2014,mustOut,psngRoadPub
RS,h0320,0.045737932283656225,scr2014,mustOut,psngRoadPub
RS,h0321,0.06865488295581738,scr2014,mustOut,psngRoadPub
RS,h0322,0.12024147072162887,scr2014,mustOut,psngRoadPub
RS,h0323,0.14168506792102636,scr2014,mustOut,psngRoadPub
RS,h0324,0.1969397771917844,scr2014,mustOut,psngRoadPub
RS,h0325,0.19449032441924344,scr2014,mustOut,psngRoadPub
RS,h0326,0.2175109945767058,scr2014,mustOut,psngRoadPub
RS,h0327,0.1802541873357432,scr2014,mustOut,psngRoadPub
RS,h0328,0.1764732871516063,scr2014,mustOut,psngRoadPub
RS,h0329,0.20429510358420996,scr2014,mustOut,psngRoadPub
RS,h0330,0.27097722094389814,scr2014,mustOut,psngRoadPub
RS,h0331,0.2766118708305797,scr2014,mustOut,psngRoadPub
RS,h0332,0.2418408351324062,scr2014,mustOut,psngRoadPub
RS,h0333,0.16244920278974545,scr2014,mustOut,psngRoadPub
RS,h0334,0.13360326407664952,scr2014,mustOut,psngRoadPub
RS,h0335,0.10472851615624189,scr2014,mustOut,psngRoadPub
RS,h0336,0.08631018456330525,scr2014,mustOut,psngRoadPub
BA,h0169,0.048665869504183015,scr2014,mustOut,psngRoadPub
BA,h0170,0.013699669872354084,scr2014,mustOut,psngRoadPub
BA,h0171,0.0,scr2014,mustOut,psngRoadPub
BA,h0172,0.0,scr2014,mustOut,psngRoadPub
BA,h0173,0.0,scr2014,mustOut,psngRoadPub
BA,h0174,0.005623802830040327,scr2014,mustOut,psngRoadPub
BA,h0175,0.021423336771113646,scr2014,mustOut,psngRoadPub
BA,h0176,0.043001067668873294,scr2014,mustOut,psngRoadPub
BA,h0177,0.07771620394684013,scr2014,mustOut,psngRoadPub
BA,h0178,0.14408590837569354,scr2014,mustOut,psngRoadPub
BA,h0179,0.22117107602711378,scr2014,mustOut,psngRoadPub
BA,h0180,0.26886388888318297,scr2014,mustOut,psngRoadPub
BA,h0181,0.24626886829308794,scr2014,mustOut,psngRoadPub
BA,h0182,0.22122289153656177,scr2014,mustOut,psngRoadPub
BA,h0183,0.1802541873357432,scr2014,mustOut,psngRoadPub
BA,h0184,0.1764732871516063,scr2014,mustOut,psngRoadPub
BA,h0185,0.20429510358420996,scr2014,mustOut,psngRoadPub
BA,h0186,0.27097722094389814,scr2014,mustOut,psngRoadPub
BA,h0187,0.2916229018759244,scr2014,mustOut,psngRoadPub
BA,h0188,0.22817923999964493,scr2014,mustOut,psngRoadPub
BA,h0189,0.13110220352805507,scr2014,mustOut,psngRoadPub
BA,h0190,0.06729001456573892,scr2014,mustOut,psngRoadPub
BA,h0191,0.04172467744398949,scr2014,mustOut,psngRoadPub
BA,h0192,0.029416901714293862,scr2014,mustOut,psngRoadPub
BA,h0193,0.015691297734169257,scr2014,mustOut,psngRoadPub
BA,h0194,0.003961876729022799,scr2014,mustOut,psngRoadPub
BA,h0195,0.0,scr2014,mustOut,psngRoadPub
BA,h0196,0.0,scr2014,mustOut,psngRoadPub
BA,h0197,0.0,scr2014,mustOut,psngRoadPub
BA,h0198,0.005623802830040327,scr2014,mustOut,psngRoadPub
BA,h0199,0.0178624097198924,scr2014,mustOut,psngRoadPub
BA,h0200,0.045737932283656225,scr2014,mustOut,psngRoadPub
BA,h0201,0.06865488295581738,scr2014,mustOut,psngRoadPub
BA,h0202,0.12024147072162887,scr2014,mustOut,psngRoadPub
BA,h0203,0.14168506792102636,scr2014,mustOut,psngRoadPub
BA,h0204,0.1969397771917844,scr2014,mustOut,psngRoadPub
BA,h0205,0.19335929341599276,scr2014,mustOut,psngRoadPub
BA,h0206,0.22763252557650548,scr2014,mustOut,psngRoadPub
BA,h0207,0.23690116657363242,scr2014,mustOut,psngRoadPub
BA,h0208,0.2500354374751854,scr2014,mustOut,psngRoadPub
BA,h0209,0.30267694531638745,scr2014,mustOut,psngRoadPub
BA,h0210,0.3164996198835361,scr2014,mustOut,psngRoadPub
BA,h0211,0.3210522776589071,scr2014,mustOut,psngRoadPub
BA,h0212,0.22224250570033008,scr2014,mustOut,psngRoadPub
BA,h0213,0.13110220352805507,scr2014,mustOut,psngRoadPub
BA,h0214,0.06729001456573892,scr2014,mustOut,psngRoadPub
BA,h0215,0.04172467744398949,scr2014,mustOut,psngRoadPub
BA,h0216,0.029416901714293862,scr2014,mustOut,psngRoadPub
BA,h0217,0.015691297734169257,scr2014,mustOut,psngRoadPub
BA,h0218,0.003961876729022799,scr2014,mustOut,psngRoadPub
BA,h0219,0.0,scr2014,mustOut,psngRoadPub
BA,h0220,0.0,scr2014,mustOut,psngRoadPub
BA,h0221,0.0,scr2014,mustOut,psngRoadPub
BA,h0222,0.005623802830040327,scr2014,mustOut,psngRoadPub
BA,h0223,0.05102494009520706,scr2014,mustOut,psngRoadPub
BA,h0224,0.18001528021838203,scr2014,mustOut,psngRoadPub
BA,h0225,0.2507906999177362,scr2014,mustOut,psngRoadPub
BA,h0226,0.2374311387655332,scr2014,mustOut,psngRoadPub
BA,h0227,0.14031293226850325,scr2014,mustOut,psngRoadPub
BA,h0228,0.13211642554171132,scr2014,mustOut,psngRoadPub
BA,h0229,0.15616219749061558,scr2014,mustOut,psngRoadPub
BA,h0230,0.20623214454177347,scr2014,mustOut,psngRoadPub
BA,h0231,0.23690116657363242,scr2014,mustOut,psngRoadPub
BA,h0232,0.2500354374751854,scr2014,mustOut,psngRoadPub
BA,h0233,0.30267694531638745,scr2014,mustOut,psngRoadPub
BA,h0234,0.3164996198835361,scr2014,mustOut,psngRoadPub
BA,h0235,0.3210522776589071,scr2014,mustOut,psngRoadPub
BA,h0236,0.22224250570033008,scr2014,mustOut,psngRoadPub
BA,h0237,0.13110220352805507,scr2014,mustOut,psngRoadPub
BA,h0238,0.06729001456573892,scr2014,mustOut,psngRoadPub
BA,h0239,0.04172467744398949,scr2014,mustOut,psngRoadPub
BA,h0240,0.029416901714293862,scr2014,mustOut,psngRoadPub
BA,h0241,0.015691297734169257,scr2014,mustOut,psngRoadPub
BA,h0242,0.003961876729022799,scr2014,mustOut,psngRoadPub
BA,h0243,0.0006659653557186793,scr2014,mustOut,psngRoadPub
BA,h0244,0.0016929472216877857,scr2014,mustOut,psngRoadPub
BA,h0245,0.0016929472216877857,scr2014,mustOut,psngRoadPub
BA,h0246,0.0008827491751746325,scr2014,mustOut,psngRoadPub
BA,h0247,0.0429536246621759,scr2014,mustOut,psngRoadPub
BA,h0248,0.17062157906188707,scr2014,mustOut,psngRoadPub
BA,h0249,0.2507906999177362,scr2014,mustOut,psngRoadPub
BA,h0250,0.2374311387655332,scr2014,mustOut,psngRoadPub
BA,h0251,0.14031293226850325,scr2014,mustOut,psngRoadPub
BA,h0252,0.13211642554171132,scr2014,mustOut,psngRoadPub
BA,h0253,0.19446491705532132,scr2014,mustOut,psngRoadPub
BA,h0254,0.2931985601174335,scr2014,mustOut,psngRoadPub
BA,h0255,0.35660843633087036,scr2014,mustOut,psngRoadPub
BA,h0256,0.3735638446880898,scr2014,mustOut,psngRoadPub
BA,h0257,0.37365991,scr2014,mustOut,psngRoadPub
BA,h0258,0.3481671759945253,scr2014,mustOut,psngRoadPub
BA,h0259,0.3084015174976115,scr2014,mustOut,psngRoadPub
BA,h0260,0.21486898499044288,scr2014,mustOut,psngRoadPub
BA,h0261,0.13110220352805507,scr2014,mustOut,psngRoadPub
BA,h0262,0.06729001456573892,scr2014,mustOut,psngRoadPub
BA,h0263,0.04172467744398949,scr2014,mustOut,psngRoadPub
BA,h0264,0.029416901714293862,scr2014,mustOut,psngRoadPub
BA,h0265,0.015691297734169257,scr2014,mustOut,psngRoadPub
BA,h0266,0.003961876729022799,scr2014,mustOut,psngRoadPub
BA,h0267,0.0,scr2014,mustOut,psngRoadPub
BA,h0268,0.0,scr2014,mustOut,psngRoadPub
BA,h0269,0.0,scr2014,mustOut,psngRoadPub
BA,h0270,0.001955730566381503,scr2014,mustOut,psngRoadPub
BA,h0271,0.04612088060678056,scr2014,mustOut,psngRoadPub
BA,h0272,0.1743231447021561,scr2014,mustOut,psngRoadPub
BA,h0273,0.2507906999177362,scr2014,mustOut,psngRoadPub
BA,h0274,0.2374311387655332,scr2014,mustOut,psngRoadPub
BA,h0275,0.14031293226850325,scr2014,mustOut,psngRoadPub
BA,h0276,0.13211642554171132,scr2014,mustOut,psngRoadPub
BA,h0277,0.15726582545513532,scr2014,mustOut,psngRoadPub
BA,h0278,0.19622741258678872,scr2014,mustOut,psngRoadPub
BA,h0279,0.1802541873357432,scr2014,mustOut,psngRoadPub
BA,h0280,0.1764732871516063,scr2014,mustOut,psngRoadPub
BA,h0281,0.20429510358420996,scr2014,mustOut,psngRoadPub
BA,h0282,0.27097722094389814,scr2014,mustOut,psngRoadPub
BA,h0283,0.2916229018759244,scr2014,mustOut,psngRoadPub
BA,h0284,0.22817923999964493,scr2014,mustOut,psngRoadPub
BA,h0285,0.13110220352805507,scr2014,mustOut,psngRoadPub
BA,h0286,0.06729001456573892,scr2014,mustOut,psngRoadPub
BA,h0287,0.04172467744398949,scr2014,mustOut,psngRoadPub
BA,h0288,0.029416901714293862,scr2014,mustOut,psngRoadPub
BA,h0289,0.015691297734169257,scr2014,mustOut,psngRoadPub
BA,h0290,0.003961876729022799,scr2014,mustOut,psngRoadPub
BA,h0291,0.0,scr2014,mustOut,psngRoadPub
BA,h0292,0.0,scr2014,mustOut,psngRoadPub
BA,h0293,0.0,scr2014,mustOut,psngRoadPub
BA,h0294,0.005623802830040327,scr2014,mustOut,psngRoadPub
BA,h0295,0.05102494009520706,scr2014,mustOut,psngRoadPub
BA,h0296,0.18001528021838203,scr2014,mustOut,psngRoadPub
BA,h0297,0.2507906999177362,scr2014,mustOut,psngRoadPub
BA,h0298,0.2374311387655332,scr2014,mustOut,psngRoadPub
BA,h0299,0.14031293226850325,scr2014,mustOut,psngRoadPub
BA,h0300,0.13211642554171132,scr2014,mustOut,psngRoadPub
BA,h0301,0.15726582545513532,scr2014,mustOut,psngRoadPub
BA,h0302,0.19622741258678872,scr2014,mustOut,psngRoadPub
BA,h0303,0.1802541873357432,scr2014,mustOut,psngRoadPub
BA,h0304,0.1764732871516063,scr2014,mustOut,psngRoadPub
BA,h0305,0.20429510358420996,scr2014,mustOut,psngRoadPub
BA,h0306,0.27097722094389814,scr2014,mustOut,psngRoadPub
BA,h0307,0.3214425997275043,scr2014,mustOut,psngRoadPub
BA,h0308,0.28741892372334815,scr2014,mustOut,psngRoadPub
BA,h0309,0.20659212842759592,scr2014,mustOut,psngRoadPub
BA,h0310,0.14095214111874038,scr2014,mustOut,psngRoadPub
BA,h0311,0.08311169596876257,scr2014,mustOut,psngRoadPub
BA,h0312,0.05444725086411779,scr2014,mustOut,psngRoadPub
BA,h0313,0.014989749632865878,scr2014,mustOut,psngRoadPub
BA,h0314,0.0053171340811378025,scr2014,mustOut,psngRoadPub
BA,h0315,0.0,scr2014,mustOut,psngRoadPub
BA,h0316,0.0,scr2014,mustOut,psngRoadPub
BA,h0317,0.0,scr2014,mustOut,psngRoadPub
BA,h0318,0.005623802830040327,scr2014,mustOut,psngRoadPub
BA,h0319,0.0178624097198924,scr2014,mustOut,psngRoadPub
BA,h0320,0.045737932283656225,scr2014,mustOut,psngRoadPub
BA,h0321,0.06865488295581738,scr2014,mustOut,psngRoadPub
BA,h0322,0.12024147072162887,scr2014,mustOut,psngRoadPub
BA,h0323,0.14168506792102636,scr2014,mustOut,psngRoadPub
BA,h0324,0.1969397771917844,scr2014,mustOut,psngRoadPub
BA,h0325,0.19449032441924344,scr2014,mustOut,psngRoadPub
BA,h0326,0.2175109945767058,scr2014,mustOut,psngRoadPub
BA,h0327,0.1802541873357432,scr2014,mustOut,psngRoadPub
BA,h0328,0.1764732871516063,scr2014,mustOut,psngRoadPub
BA,h0329,0.20429510358420996,scr2014,mustOut,psngRoadPub
BA,h0330,0.27097722094389814,scr2014,mustOut,psngRoadPub
BA,h0331,0.2766118708305797,scr2014,mustOut,psngRoadPub
BA,h0332,0.2418408351324062,scr2014,mustOut,psngRoadPub
BA,h0333,0.16244920278974545,scr2014,mustOut,psngRoadPub
BA,h0334,0.13360326407664952,scr2014,mustOut,psngRoadPub
BA,h0335,0.10472851615624189,scr2014,mustOut,psngRoadPub
BA,h0336,0.08631018456330525,scr2014,mustOut,psngRoadPub
AL,h0169,0.048665869504183015,scr2014,mustOut,psngRoadPub
AL,h0170,0.013699669872354084,scr2014,mustOut,psngRoadPub
AL,h0171,0.0,scr2014,mustOut,psngRoadPub
AL,h0172,0.0,scr2014,mustOut,psngRoadPub
AL,h0173,0.0,scr2014,mustOut,psngRoadPub
AL,h0174,0.005623802830040327,scr2014,mustOut,psngRoadPub
AL,h0175,0.021423336771113646,scr2014,mustOut,psngRoadPub
AL,h0176,0.043001067668873294,scr2014,mustOut,psngRoadPub
AL,h0177,0.07771620394684013,scr2014,mustOut,psngRoadPub
AL,h0178,0.14408590837569354,scr2014,mustOut,psngRoadPub
AL,h0179,0.22117107602711378,scr2014,mustOut,psngRoadPub
AL,h0180,0.26886388888318297,scr2014,mustOut,psngRoadPub
AL,h0181,0.24626886829308794,scr2014,mustOut,psngRoadPub
AL,h0182,0.22122289153656177,scr2014,mustOut,psngRoadPub
AL,h0183,0.1802541873357432,scr2014,mustOut,psngRoadPub
AL,h0184,0.1764732871516063,scr2014,mustOut,psngRoadPub
AL,h0185,0.20429510358420996,scr2014,mustOut,psngRoadPub
AL,h0186,0.27097722094389814,scr2014,mustOut,psngRoadPub
AL,h0187,0.2916229018759244,scr2014,mustOut,psngRoadPub
AL,h0188,0.22817923999964493,scr2014,mustOut,psngRoadPub
AL,h0189,0.13110220352805507,scr2014,mustOut,psngRoadPub
AL,h0190,0.06729001456573892,scr2014,mustOut,psngRoadPub
AL,h0191,0.04172467744398949,scr2014,mustOut,psngRoadPub
AL,h0192,0.029416901714293862,scr2014,mustOut,psngRoadPub
AL,h0193,0.015691297734169257,scr2014,mustOut,psngRoadPub
AL,h0194,0.003961876729022799,scr2014,mustOut,psngRoadPub
AL,h0195,0.0,scr2014,mustOut,psngRoadPub
AL,h0196,0.0,scr2014,mustOut,psngRoadPub
AL,h0197,0.0,scr2014,mustOut,psngRoadPub
AL,h0198,0.005623802830040327,scr2014,mustOut,psngRoadPub
AL,h0199,0.0178624097198924,scr2014,mustOut,psngRoadPub
AL,h0200,0.045737932283656225,scr2014,mustOut,psngRoadPub
AL,h0201,0.06865488295581738,scr2014,mustOut,psngRoadPub
AL,h0202,0.12024147072162887,scr2014,mustOut,psngRoadPub
AL,h0203,0.14168506792102636,scr2014,mustOut,psngRoadPub
AL,h0204,0.1969397771917844,scr2014,mustOut,psngRoadPub
AL,h0205,0.19335929341599276,scr2014,mustOut,psngRoadPub
AL,h0206,0.22763252557650548,scr2014,mustOut,psngRoadPub
AL,h0207,0.23690116657363242,scr2014,mustOut,psngRoadPub
AL,h0208,0.2500354374751854,scr2014,mustOut,psngRoadPub
AL,h0209,0.30267694531638745,scr2014,mustOut,psngRoadPub
AL,h0210,0.3164996198835361,scr2014,mustOut,psngRoadPub
AL,h0211,0.3210522776589071,scr2014,mustOut,psngRoadPub
AL,h0212,0.22224250570033008,scr2014,mustOut,psngRoadPub
AL,h0213,0.13110220352805507,scr2014,mustOut,psngRoadPub
AL,h0214,0.06729001456573892,scr2014,mustOut,psngRoadPub
AL,h0215,0.04172467744398949,scr2014,mustOut,psngRoadPub
AL,h0216,0.029416901714293862,scr2014,mustOut,psngRoadPub
AL,h0217,0.015691297734169257,scr2014,mustOut,psngRoadPub
AL,h0218,0.003961876729022799,scr2014,mustOut,psngRoadPub
AL,h0219,0.0,scr2014,mustOut,psngRoadPub
AL,h0220,0.0,scr2014,mustOut,psngRoadPub
AL,h0221,0.0,scr2014,mustOut,psngRoadPub
AL,h0222,0.005623802830040327,scr2014,mustOut,psngRoadPub
AL,h0223,0.05102494009520706,scr2014,mustOut,psngRoadPub
AL,h0224,0.18001528021838203,scr2014,mustOut,psngRoadPub
AL,h0225,0.2507906999177362,scr2014,mustOut,psngRoadPub
AL,h0226,0.2374311387655332,scr2014,mustOut,psngRoadPub
AL,h0227,0.14031293226850325,scr2014,mustOut,psngRoadPub
AL,h0228,0.13211642554171132,scr2014,mustOut,psngRoadPub
AL,h0229,0.15616219749061558,scr2014,mustOut,psngRoadPub
AL,h0230,0.20623214454177347,scr2014,mustOut,psngRoadPub
AL,h0231,0.23690116657363242,scr2014,mustOut,psngRoadPub
AL,h0232,0.2500354374751854,scr2014,mustOut,psngRoadPub
AL,h0233,0.30267694531638745,scr2014,mustOut,psngRoadPub
AL,h0234,0.3164996198835361,scr2014,mustOut,psngRoadPub
AL,h0235,0.3210522776589071,scr2014,mustOut,psngRoadPub
AL,h0236,0.22224250570033008,scr2014,mustOut,psngRoadPub
AL,h0237,0.13110220352805507,scr2014,mustOut,psngRoadPub
AL,h0238,0.06729001456573892,scr2014,mustOut,psngRoadPub
AL,h0239,0.04172467744398949,scr2014,mustOut,psngRoadPub
AL,h0240,0.029416901714293862,scr2014,mustOut,psngRoadPub
AL,h0241,0.015691297734169257,scr2014,mustOut,psngRoadPub
AL,h0242,0.003961876729022799,scr2014,mustOut,psngRoadPub
AL,h0243,0.0006659653557186793,scr2014,mustOut,psngRoadPub
AL,h0244,0.0016929472216877857,scr2014,mustOut,psngRoadPub
AL,h0245,0.0016929472216877857,scr2014,mustOut,psngRoadPub
AL,h0246,0.0008827491751746325,scr2014,mustOut,psngRoadPub
AL,h0247,0.0429536246621759,scr2014,mustOut,psngRoadPub
AL,h0248,0.17062157906188707,scr2014,mustOut,psngRoadPub
AL,h0249,0.2507906999177362,scr2014,mustOut,psngRoadPub
AL,h0250,0.2374311387655332,scr2014,mustOut,psngRoadPub
AL,h0251,0.14031293226850325,scr2014,mustOut,psngRoadPub
AL,h0252,0.13211642554171132,scr2014,mustOut,psngRoadPub
AL,h0253,0.19446491705532132,scr2014,mustOut,psngRoadPub
AL,h0254,0.2931985601174335,scr2014,mustOut,psngRoadPub
AL,h0255,0.35660843633087036,scr2014,mustOut,psngRoadPub
AL,h0256,0.3735638446880898,scr2014,mustOut,psngRoadPub
AL,h0257,0.37365991,scr2014,mustOut,psngRoadPub
AL,h0258,0.3481671759945253,scr2014,mustOut,psngRoadPub
AL,h0259,0.3084015174976115,scr2014,mustOut,psngRoadPub
AL,h0260,0.21486898499044288,scr2014,mustOut,psngRoadPub
AL,h0261,0.13110220352805507,scr2014,mustOut,psngRoadPub
AL,h0262,0.06729001456573892,scr2014,mustOut,psngRoadPub
AL,h0263,0.04172467744398949,scr2014,mustOut,psngRoadPub
AL,h0264,0.029416901714293862,scr2014,mustOut,psngRoadPub
AL,h0265,0.015691297734169257,scr2014,mustOut,psngRoadPub
AL,h0266,0.003961876729022799,scr2014,mustOut,psngRoadPub
AL,h0267,0.0,scr2014,mustOut,psngRoadPub
AL,h0268,0.0,scr2014,mustOut,psngRoadPub
AL,h0269,0.0,scr2014,mustOut,psngRoadPub
AL,h0270,0.001955730566381503,scr2014,mustOut,psngRoadPub
AL,h0271,0.04612088060678056,scr2014,mustOut,psngRoadPub
AL,h0272,0.1743231447021561,scr2014,mustOut,psngRoadPub
AL,h0273,0.2507906999177362,scr2014,mustOut,psngRoadPub
AL,h0274,0.2374311387655332,scr2014,mustOut,psngRoadPub
AL,h0275,0.14031293226850325,scr2014,mustOut,psngRoadPub
AL,h0276,0.13211642554171132,scr2014,mustOut,psngRoadPub
AL,h0277,0.15726582545513532,scr2014,mustOut,psngRoadPub
AL,h0278,0.19622741258678872,scr2014,mustOut,psngRoadPub
AL,h0279,0.1802541873357432,scr2014,mustOut,psngRoadPub
AL,h0280,0.1764732871516063,scr2014,mustOut,psngRoadPub
AL,h0281,0.20429510358420996,scr2014,mustOut,psngRoadPub
AL,h0282,0.27097722094389814,scr2014,mustOut,psngRoadPub
AL,h0283,0.2916229018759244,scr2014,mustOut,psngRoadPub
AL,h0284,0.22817923999964493,scr2014,mustOut,psngRoadPub
AL,h0285,0.13110220352805507,scr2014,mustOut,psngRoadPub
AL,h0286,0.06729001456573892,scr2014,mustOut,psngRoadPub
AL,h0287,0.04172467744398949,scr2014,mustOut,psngRoadPub
AL,h0288,0.029416901714293862,scr2014,mustOut,psngRoadPub
AL,h0289,0.015691297734169257,scr2014,mustOut,psngRoadPub
AL,h0290,0.003961876729022799,scr2014,mustOut,psngRoadPub
AL,h0291,0.0,scr2014,mustOut,psngRoadPub
AL,h0292,0.0,scr2014,mustOut,psngRoadPub
AL,h0293,0.0,scr2014,mustOut,psngRoadPub
AL,h0294,0.005623802830040327,scr2014,mustOut,psngRoadPub
AL,h0295,0.05102494009520706,scr2014,mustOut,psngRoadPub
AL,h0296,0.18001528021838203,scr2014,mustOut,psngRoadPub
AL,h0297,0.2507906999177362,scr2014,mustOut,psngRoadPub
AL,h0298,0.2374311387655332,scr2014,mustOut,psngRoadPub
AL,h0299,0.14031293226850325,scr2014,mustOut,psngRoadPub
AL,h0300,0.13211642554171132,scr2014,mustOut,psngRoadPub
AL,h0301,0.15726582545513532,scr2014,mustOut,psngRoadPub
AL,h0302,0.19622741258678872,scr2014,mustOut,psngRoadPub
AL,h0303,0.1802541873357432,scr2014,mustOut,psngRoadPub
AL,h0304,0.1764732871516063,scr2014,mustOut,psngRoadPub
AL,h0305,0.20429510358420996,scr2014,mustOut,psngRoadPub
AL,h0306,0.27097722094389814,scr2014,mustOut,psngRoadPub
AL,h0307,0.3214425997275043,scr2014,mustOut,psngRoadPub
AL,h0308,0.28741892372334815,scr2014,mustOut,psngRoadPub
AL,h0309,0.20659212842759592,scr2014,mustOut,psngRoadPub
AL,h0310,0.14095214111874038,scr2014,mustOut,psngRoadPub
AL,h0311,0.08311169596876257,scr2014,mustOut,psngRoadPub
AL,h0312,0.05444725086411779,scr2014,mustOut,psngRoadPub
AL,h0313,0.014989749632865878,scr2014,mustOut,psngRoadPub
AL,h0314,0.0053171340811378025,scr2014,mustOut,psngRoadPub
AL,h0315,0.0,scr2014,mustOut,psngRoadPub
AL,h0316,0.0,scr2014,mustOut,psngRoadPub
AL,h0317,0.0,scr2014,mustOut,psngRoadPub
AL,h0318,0.005623802830040327,scr2014,mustOut,psngRoadPub
AL,h0319,0.0178624097198924,scr2014,mustOut,psngRoadPub
AL,h0320,0.045737932283656225,scr2014,mustOut,psngRoadPub
AL,h0321,0.06865488295581738,scr2014,mustOut,psngRoadPub
AL,h0322,0.12024147072162887,scr2014,mustOut,psngRoadPub
AL,h0323,0.14168506792102636,scr2014,mustOut,psngRoadPub
AL,h0324,0.1969397771917844,scr2014,mustOut,psngRoadPub
AL,h0325,0.19449032441924344,scr2014,mustOut,psngRoadPub
AL,h0326,0.2175109945767058,scr2014,mustOut,psngRoadPub
AL,h0327,0.1802541873357432,scr2014,mustOut,psngRoadPub
AL,h0328,0.1764732871516063,scr2014,mustOut,psngRoadPub
AL,h0329,0.20429510358420996,scr2014,mustOut,psngRoadPub
AL,h0330,0.27097722094389814,scr2014,mustOut,psngRoadPub
AL,h0331,0.2766118708305797,scr2014,mustOut,psngRoadPub
AL,h0332,0.2418408351324062,scr2014,mustOut,psngRoadPub
AL,h0333,0.16244920278974545,scr2014,mustOut,psngRoadPub
AL,h0334,0.13360326407664952,scr2014,mustOut,psngRoadPub
AL,h0335,0.10472851615624189,scr2014,mustOut,psngRoadPub
AL,h0336,0.08631018456330525,scr2014,mustOut,psngRoadPub
