region_2,timestep_6,value,scenario_1,parameter,technology_3
AT,h0337,0.36689691148585085,scr1994,avaStIn,bevFrtRoadHeavy
AT,h0338,0.380104818059327,scr1994,avaStIn,bevFrtRoadHeavy
AT,h0339,0.4194642325578846,scr1994,avaStIn,bevFrtRoadHeavy
AT,h0340,0.46710902255410963,scr1994,avaStIn,bevFrtRoadHeavy
AT,h0341,0.4966725249567237,scr1994,avaStIn,bevFrtRoadHeavy
AT,h0342,0.4917721590281056,scr1994,avaStIn,bevFrtRoadHeavy
AT,h0343,0.46881903384007567,scr1994,avaStIn,bevFrtRoadHeavy
AT,h0344,0.4420970782858393,scr1994,avaStIn,bevFrtRoadHeavy
AT,h0345,0.43234151430002793,scr1994,avaStIn,bevFrtRoadHeavy
AT,h0346,0.4235892817447879,scr1994,avaStIn,bevFrtRoadHeavy
AT,h0347,0.397223194562311,scr1994,avaStIn,bevFrtRoadHeavy
AT,h0348,0.3508957346058094,scr1994,avaStIn,bevFrtRoadHeavy
AT,h0349,0.3030199896710231,scr1994,avaStIn,bevFrtRoadHeavy
AT,h0350,0.27474183334917385,scr1994,avaStIn,bevFrtRoadHeavy
AT,h0351,0.2810042843274933,scr1994,avaStIn,bevFrtRoadHeavy
AT,h0352,0.32648713074071817,scr1994,avaStIn,bevFrtRoadHeavy
AT,h0353,0.3907025979922289,scr1994,avaStIn,bevFrtRoadHeavy
AT,h0354,0.4625928572839217,scr1994,avaStIn,bevFrtRoadHeavy
AT,h0355,0.5273810255260041,scr1994,avaStIn,bevFrtRoadHeavy
AT,h0356,0.575177207510104,scr1994,avaStIn,bevFrtRoadHeavy
AT,h0357,0.5973067629795761,scr1994,avaStIn,bevFrtRoadHeavy
AT,h0358,0.6003940072514531,scr1994,avaStIn,bevFrtRoadHeavy
AT,h0359,0.5908800318598231,scr1994,avaStIn,bevFrtRoadHeavy
AT,h0360,0.5756042397510963,scr1994,avaStIn,bevFrtRoadHeavy
AT,h0361,0.54933335981644,scr1994,avaStIn,bevFrtRoadHeavy
AT,h0362,0.5218683931107748,scr1994,avaStIn,bevFrtRoadHeavy
AT,h0363,0.49687219386419995,scr1994,avaStIn,bevFrtRoadHeavy
AT,h0364,0.47427481614411754,scr1994,avaStIn,bevFrtRoadHeavy
AT,h0365,0.4512001064311079,scr1994,avaStIn,bevFrtRoadHeavy
AT,h0366,0.4317798248276851,scr1994,avaStIn,bevFrtRoadHeavy
AT,h0367,0.4245222382729337,scr1994,avaStIn,bevFrtRoadHeavy
AT,h0368,0.42681901755925794,scr1994,avaStIn,bevFrtRoadHeavy
AT,h0369,0.43234151430002793,scr1994,avaStIn,bevFrtRoadHeavy
AT,h0370,0.4235892817447879,scr1994,avaStIn,bevFrtRoadHeavy
AT,h0371,0.397223194562311,scr1994,avaStIn,bevFrtRoadHeavy
AT,h0372,0.3508957346058094,scr1994,avaStIn,bevFrtRoadHeavy
AT,h0373,0.3030199896710231,scr1994,avaStIn,bevFrtRoadHeavy
AT,h0374,0.27474183334917385,scr1994,avaStIn,bevFrtRoadHeavy
AT,h0375,0.2810042843274933,scr1994,avaStIn,bevFrtRoadHeavy
AT,h0376,0.32648713074071817,scr1994,avaStIn,bevFrtRoadHeavy
AT,h0377,0.3907025979922289,scr1994,avaStIn,bevFrtRoadHeavy
AT,h0378,0.4625928572839217,scr1994,avaStIn,bevFrtRoadHeavy
AT,h0379,0.5258945707660485,scr1994,avaStIn,bevFrtRoadHeavy
AT,h0380,0.5775126532133741,scr1994,avaStIn,bevFrtRoadHeavy
AT,h0381,0.6068226498839902,scr1994,avaStIn,bevFrtRoadHeavy
AT,h0382,0.6077267241442188,scr1994,avaStIn,bevFrtRoadHeavy
AT,h0383,0.5845803785311798,scr1994,avaStIn,bevFrtRoadHeavy
AT,h0384,0.5478532898823398,scr1994,avaStIn,bevFrtRoadHeavy
AT,h0385,0.5248856515458393,scr1994,avaStIn,bevFrtRoadHeavy
AT,h0386,0.5074870468783488,scr1994,avaStIn,bevFrtRoadHeavy
AT,h0387,0.49687219386419995,scr1994,avaStIn,bevFrtRoadHeavy
AT,h0388,0.47427481614411754,scr1994,avaStIn,bevFrtRoadHeavy
AT,h0389,0.4512001064311079,scr1994,avaStIn,bevFrtRoadHeavy
AT,h0390,0.4317798248276851,scr1994,avaStIn,bevFrtRoadHeavy
AT,h0391,0.4070613891581884,scr1994,avaStIn,bevFrtRoadHeavy
AT,h0392,0.39697641675210144,scr1994,avaStIn,bevFrtRoadHeavy
AT,h0393,0.39870421520431126,scr1994,avaStIn,bevFrtRoadHeavy
AT,h0394,0.4092662704181906,scr1994,avaStIn,bevFrtRoadHeavy
AT,h0395,0.39842288468029224,scr1994,avaStIn,bevFrtRoadHeavy
AT,h0396,0.3557916354671122,scr1994,avaStIn,bevFrtRoadHeavy
AT,h0397,0.40327113437985024,scr1994,avaStIn,bevFrtRoadHeavy
AT,h0398,0.4468766289603083,scr1994,avaStIn,bevFrtRoadHeavy
AT,h0399,0.49485270049335356,scr1994,avaStIn,bevFrtRoadHeavy
AT,h0400,0.45345030023340877,scr1994,avaStIn,bevFrtRoadHeavy
AT,h0401,0.42042601932163864,scr1994,avaStIn,bevFrtRoadHeavy
AT,h0402,0.40261095639883443,scr1994,avaStIn,bevFrtRoadHeavy
AT,h0403,0.3871763249572075,scr1994,avaStIn,bevFrtRoadHeavy
AT,h0404,0.3744547271540743,scr1994,avaStIn,bevFrtRoadHeavy
AT,h0405,0.34980970251809546,scr1994,avaStIn,bevFrtRoadHeavy
AT,h0406,0.3110211101507691,scr1994,avaStIn,bevFrtRoadHeavy
AT,h0407,0.2670140244077546,scr1994,avaStIn,bevFrtRoadHeavy
AT,h0408,0.23449723533671968,scr1994,avaStIn,bevFrtRoadHeavy
AT,h0409,0.2796419009980305,scr1994,avaStIn,bevFrtRoadHeavy
AT,h0410,0.34160429932334896,scr1994,avaStIn,bevFrtRoadHeavy
AT,h0411,0.40625179312817933,scr1994,avaStIn,bevFrtRoadHeavy
AT,h0412,0.4260236415512996,scr1994,avaStIn,bevFrtRoadHeavy
AT,h0413,0.4370627609428927,scr1994,avaStIn,bevFrtRoadHeavy
AT,h0414,0.45354850989036083,scr1994,avaStIn,bevFrtRoadHeavy
AT,h0415,0.5170257326829233,scr1994,avaStIn,bevFrtRoadHeavy
AT,h0416,0.5846164078323919,scr1994,avaStIn,bevFrtRoadHeavy
AT,h0417,0.6406822225854623,scr1994,avaStIn,bevFrtRoadHeavy
AT,h0418,0.648916667,scr1994,avaStIn,bevFrtRoadHeavy
AT,h0419,0.6397767272678316,scr1994,avaStIn,bevFrtRoadHeavy
AT,h0420,0.6149581532285464,scr1994,avaStIn,bevFrtRoadHeavy
AT,h0421,0.5787399234599702,scr1994,avaStIn,bevFrtRoadHeavy
AT,h0422,0.5369544837819953,scr1994,avaStIn,bevFrtRoadHeavy
AT,h0423,0.49485270049335356,scr1994,avaStIn,bevFrtRoadHeavy
AT,h0424,0.45345030023340877,scr1994,avaStIn,bevFrtRoadHeavy
AT,h0425,0.42042601932163864,scr1994,avaStIn,bevFrtRoadHeavy
AT,h0426,0.40261095639883443,scr1994,avaStIn,bevFrtRoadHeavy
AT,h0427,0.3949139023723746,scr1994,avaStIn,bevFrtRoadHeavy
AT,h0428,0.3897869437965427,scr1994,avaStIn,bevFrtRoadHeavy
AT,h0429,0.37646876654895217,scr1994,avaStIn,bevFrtRoadHeavy
AT,h0430,0.3452269488651632,scr1994,avaStIn,bevFrtRoadHeavy
AT,h0431,0.3078659473763397,scr1994,avaStIn,bevFrtRoadHeavy
AT,h0432,0.2779545307693782,scr1994,avaStIn,bevFrtRoadHeavy
AT,h0433,0.30625207473084864,scr1994,avaStIn,bevFrtRoadHeavy
AT,h0434,0.35411013106134476,scr1994,avaStIn,bevFrtRoadHeavy
AT,h0435,0.40625179312817933,scr1994,avaStIn,bevFrtRoadHeavy
AT,h0436,0.4260236415512996,scr1994,avaStIn,bevFrtRoadHeavy
AT,h0437,0.4370627609428927,scr1994,avaStIn,bevFrtRoadHeavy
AT,h0438,0.45354850989036083,scr1994,avaStIn,bevFrtRoadHeavy
AT,h0439,0.48515941493213527,scr1994,avaStIn,bevFrtRoadHeavy
AT,h0440,0.528605586824356,scr1994,avaStIn,bevFrtRoadHeavy
AT,h0441,0.569163626072009,scr1994,avaStIn,bevFrtRoadHeavy
AT,h0442,0.5967091713705934,scr1994,avaStIn,bevFrtRoadHeavy
AT,h0443,0.6072714158345789,scr1994,avaStIn,bevFrtRoadHeavy
AT,h0444,0.5997465210395598,scr1994,avaStIn,bevFrtRoadHeavy
AT,h0445,0.5745197239560198,scr1994,avaStIn,bevFrtRoadHeavy
AT,h0446,0.5374673886216577,scr1994,avaStIn,bevFrtRoadHeavy
AT,h0447,0.49485270049335356,scr1994,avaStIn,bevFrtRoadHeavy
AT,h0448,0.45345030023340877,scr1994,avaStIn,bevFrtRoadHeavy
AT,h0449,0.42042601932163864,scr1994,avaStIn,bevFrtRoadHeavy
AT,h0450,0.40261095639883443,scr1994,avaStIn,bevFrtRoadHeavy
AT,h0451,0.3949139023723746,scr1994,avaStIn,bevFrtRoadHeavy
AT,h0452,0.3897869437965427,scr1994,avaStIn,bevFrtRoadHeavy
AT,h0453,0.37646876654895217,scr1994,avaStIn,bevFrtRoadHeavy
AT,h0454,0.3452269488651632,scr1994,avaStIn,bevFrtRoadHeavy
AT,h0455,0.3078659473763397,scr1994,avaStIn,bevFrtRoadHeavy
AT,h0456,0.2779545307693782,scr1994,avaStIn,bevFrtRoadHeavy
AT,h0457,0.3028710829268176,scr1994,avaStIn,bevFrtRoadHeavy
AT,h0458,0.33213669174969157,scr1994,avaStIn,bevFrtRoadHeavy
AT,h0459,0.3620087309567464,scr1994,avaStIn,bevFrtRoadHeavy
AT,h0460,0.37004107340258524,scr1994,avaStIn,bevFrtRoadHeavy
AT,h0461,0.3981843172784512,scr1994,avaStIn,bevFrtRoadHeavy
AT,h0462,0.4423184385324596,scr1994,avaStIn,bevFrtRoadHeavy
AT,h0463,0.4938743123061798,scr1994,avaStIn,bevFrtRoadHeavy
AT,h0464,0.5393801271086389,scr1994,avaStIn,bevFrtRoadHeavy
AT,h0465,0.5717279447574262,scr1994,avaStIn,bevFrtRoadHeavy
AT,h0466,0.5864026834476788,scr1994,avaStIn,bevFrtRoadHeavy
AT,h0467,0.5903568012897213,scr1994,avaStIn,bevFrtRoadHeavy
AT,h0468,0.5820184110412341,scr1994,avaStIn,bevFrtRoadHeavy
AT,h0469,0.5522541766639684,scr1994,avaStIn,bevFrtRoadHeavy
AT,h0470,0.5025985097221295,scr1994,avaStIn,bevFrtRoadHeavy
AT,h0471,0.4360063902136216,scr1994,avaStIn,bevFrtRoadHeavy
AT,h0472,0.3706503344395034,scr1994,avaStIn,bevFrtRoadHeavy
AT,h0473,0.31400278945685395,scr1994,avaStIn,bevFrtRoadHeavy
AT,h0474,0.28426941117423804,scr1994,avaStIn,bevFrtRoadHeavy
AT,h0475,0.3038053855518607,scr1994,avaStIn,bevFrtRoadHeavy
AT,h0476,0.3429092096212539,scr1994,avaStIn,bevFrtRoadHeavy
AT,h0477,0.3896033187938301,scr1994,avaStIn,bevFrtRoadHeavy
AT,h0478,0.4056630174549854,scr1994,avaStIn,bevFrtRoadHeavy
AT,h0479,0.4080816659934244,scr1994,avaStIn,bevFrtRoadHeavy
AT,h0480,0.3933177281335835,scr1994,avaStIn,bevFrtRoadHeavy
AT,h0481,0.41724016230702593,scr1994,avaStIn,bevFrtRoadHeavy
AT,h0482,0.44152509618683106,scr1994,avaStIn,bevFrtRoadHeavy
AT,h0483,0.4650823537739786,scr1994,avaStIn,bevFrtRoadHeavy
AT,h0484,0.45675407757813863,scr1994,avaStIn,bevFrtRoadHeavy
AT,h0485,0.45594549501808196,scr1994,avaStIn,bevFrtRoadHeavy
AT,h0486,0.4699720265411949,scr1994,avaStIn,bevFrtRoadHeavy
AT,h0487,0.5010898808643895,scr1994,avaStIn,bevFrtRoadHeavy
AT,h0488,0.5385315909083035,scr1994,avaStIn,bevFrtRoadHeavy
AT,h0489,0.5717279447574262,scr1994,avaStIn,bevFrtRoadHeavy
AT,h0490,0.5864026834476788,scr1994,avaStIn,bevFrtRoadHeavy
AT,h0491,0.5903568012897213,scr1994,avaStIn,bevFrtRoadHeavy
AT,h0492,0.5820184110412341,scr1994,avaStIn,bevFrtRoadHeavy
AT,h0493,0.5522541766639684,scr1994,avaStIn,bevFrtRoadHeavy
AT,h0494,0.5025985097221295,scr1994,avaStIn,bevFrtRoadHeavy
AT,h0495,0.4360063902136216,scr1994,avaStIn,bevFrtRoadHeavy
AT,h0496,0.3706503344395034,scr1994,avaStIn,bevFrtRoadHeavy
AT,h0497,0.31400278945685395,scr1994,avaStIn,bevFrtRoadHeavy
AT,h0498,0.28426941117423804,scr1994,avaStIn,bevFrtRoadHeavy
AT,h0499,0.3038053855518607,scr1994,avaStIn,bevFrtRoadHeavy
AT,h0500,0.3429092096212539,scr1994,avaStIn,bevFrtRoadHeavy
AT,h0501,0.3896033187938301,scr1994,avaStIn,bevFrtRoadHeavy
AT,h0502,0.4056630174549854,scr1994,avaStIn,bevFrtRoadHeavy
AT,h0503,0.4080816659934244,scr1994,avaStIn,bevFrtRoadHeavy
AT,h0504,0.3933177281335835,scr1994,avaStIn,bevFrtRoadHeavy
BE,h0337,0.36689691148585085,scr1994,avaStIn,bevFrtRoadHeavy
BE,h0338,0.380104818059327,scr1994,avaStIn,bevFrtRoadHeavy
BE,h0339,0.4194642325578846,scr1994,avaStIn,bevFrtRoadHeavy
BE,h0340,0.46710902255410963,scr1994,avaStIn,bevFrtRoadHeavy
BE,h0341,0.4966725249567239,scr1994,avaStIn,bevFrtRoadHeavy
BE,h0342,0.4917721590281056,scr1994,avaStIn,bevFrtRoadHeavy
BE,h0343,0.46881903384007567,scr1994,avaStIn,bevFrtRoadHeavy
BE,h0344,0.4420970782858393,scr1994,avaStIn,bevFrtRoadHeavy
BE,h0345,0.43234151430002793,scr1994,avaStIn,bevFrtRoadHeavy
BE,h0346,0.4235892817447879,scr1994,avaStIn,bevFrtRoadHeavy
BE,h0347,0.397223194562311,scr1994,avaStIn,bevFrtRoadHeavy
BE,h0348,0.3508957346058093,scr1994,avaStIn,bevFrtRoadHeavy
BE,h0349,0.3030199896710231,scr1994,avaStIn,bevFrtRoadHeavy
BE,h0350,0.27474183334917385,scr1994,avaStIn,bevFrtRoadHeavy
BE,h0351,0.2810042843274933,scr1994,avaStIn,bevFrtRoadHeavy
BE,h0352,0.32648713074071817,scr1994,avaStIn,bevFrtRoadHeavy
BE,h0353,0.3907025979922289,scr1994,avaStIn,bevFrtRoadHeavy
BE,h0354,0.4625928572839217,scr1994,avaStIn,bevFrtRoadHeavy
BE,h0355,0.5273810255260041,scr1994,avaStIn,bevFrtRoadHeavy
BE,h0356,0.575177207510104,scr1994,avaStIn,bevFrtRoadHeavy
BE,h0357,0.5973067629795761,scr1994,avaStIn,bevFrtRoadHeavy
BE,h0358,0.6003940072514531,scr1994,avaStIn,bevFrtRoadHeavy
BE,h0359,0.5908800318598231,scr1994,avaStIn,bevFrtRoadHeavy
BE,h0360,0.5756042397510963,scr1994,avaStIn,bevFrtRoadHeavy
BE,h0361,0.54933335981644,scr1994,avaStIn,bevFrtRoadHeavy
BE,h0362,0.5218683931107748,scr1994,avaStIn,bevFrtRoadHeavy
BE,h0363,0.49687219386419995,scr1994,avaStIn,bevFrtRoadHeavy
BE,h0364,0.47427481614411754,scr1994,avaStIn,bevFrtRoadHeavy
BE,h0365,0.4512001064311079,scr1994,avaStIn,bevFrtRoadHeavy
BE,h0366,0.4317798248276851,scr1994,avaStIn,bevFrtRoadHeavy
BE,h0367,0.4245222382729337,scr1994,avaStIn,bevFrtRoadHeavy
BE,h0368,0.42681901755925794,scr1994,avaStIn,bevFrtRoadHeavy
BE,h0369,0.43234151430002793,scr1994,avaStIn,bevFrtRoadHeavy
BE,h0370,0.4235892817447879,scr1994,avaStIn,bevFrtRoadHeavy
BE,h0371,0.397223194562311,scr1994,avaStIn,bevFrtRoadHeavy
BE,h0372,0.3508957346058093,scr1994,avaStIn,bevFrtRoadHeavy
BE,h0373,0.3030199896710231,scr1994,avaStIn,bevFrtRoadHeavy
BE,h0374,0.27474183334917385,scr1994,avaStIn,bevFrtRoadHeavy
BE,h0375,0.2810042843274933,scr1994,avaStIn,bevFrtRoadHeavy
BE,h0376,0.32648713074071817,scr1994,avaStIn,bevFrtRoadHeavy
BE,h0377,0.3907025979922289,scr1994,avaStIn,bevFrtRoadHeavy
BE,h0378,0.4625928572839217,scr1994,avaStIn,bevFrtRoadHeavy
BE,h0379,0.5258945707660485,scr1994,avaStIn,bevFrtRoadHeavy
BE,h0380,0.5775126532133741,scr1994,avaStIn,bevFrtRoadHeavy
BE,h0381,0.6068226498839902,scr1994,avaStIn,bevFrtRoadHeavy
BE,h0382,0.6077267241442188,scr1994,avaStIn,bevFrtRoadHeavy
BE,h0383,0.5845803785311798,scr1994,avaStIn,bevFrtRoadHeavy
BE,h0384,0.5478532898823398,scr1994,avaStIn,bevFrtRoadHeavy
BE,h0385,0.5248856515458393,scr1994,avaStIn,bevFrtRoadHeavy
BE,h0386,0.5074870468783488,scr1994,avaStIn,bevFrtRoadHeavy
BE,h0387,0.49687219386419995,scr1994,avaStIn,bevFrtRoadHeavy
BE,h0388,0.47427481614411754,scr1994,avaStIn,bevFrtRoadHeavy
BE,h0389,0.4512001064311079,scr1994,avaStIn,bevFrtRoadHeavy
BE,h0390,0.4317798248276851,scr1994,avaStIn,bevFrtRoadHeavy
BE,h0391,0.4070613891581884,scr1994,avaStIn,bevFrtRoadHeavy
BE,h0392,0.39697641675210144,scr1994,avaStIn,bevFrtRoadHeavy
BE,h0393,0.39870421520431126,scr1994,avaStIn,bevFrtRoadHeavy
BE,h0394,0.40926627041819047,scr1994,avaStIn,bevFrtRoadHeavy
BE,h0395,0.39842288468029213,scr1994,avaStIn,bevFrtRoadHeavy
BE,h0396,0.3557916354671122,scr1994,avaStIn,bevFrtRoadHeavy
BE,h0397,0.40327113437985024,scr1994,avaStIn,bevFrtRoadHeavy
BE,h0398,0.4468766289603083,scr1994,avaStIn,bevFrtRoadHeavy
BE,h0399,0.49485270049335356,scr1994,avaStIn,bevFrtRoadHeavy
BE,h0400,0.45345030023340877,scr1994,avaStIn,bevFrtRoadHeavy
BE,h0401,0.42042601932163864,scr1994,avaStIn,bevFrtRoadHeavy
BE,h0402,0.40261095639883443,scr1994,avaStIn,bevFrtRoadHeavy
BE,h0403,0.3871763249572075,scr1994,avaStIn,bevFrtRoadHeavy
BE,h0404,0.3744547271540745,scr1994,avaStIn,bevFrtRoadHeavy
BE,h0405,0.34980970251809557,scr1994,avaStIn,bevFrtRoadHeavy
BE,h0406,0.3110211101507691,scr1994,avaStIn,bevFrtRoadHeavy
BE,h0407,0.2670140244077546,scr1994,avaStIn,bevFrtRoadHeavy
BE,h0408,0.23449723533671968,scr1994,avaStIn,bevFrtRoadHeavy
BE,h0409,0.2796419009980305,scr1994,avaStIn,bevFrtRoadHeavy
BE,h0410,0.34160429932334896,scr1994,avaStIn,bevFrtRoadHeavy
BE,h0411,0.40625179312817933,scr1994,avaStIn,bevFrtRoadHeavy
BE,h0412,0.4260236415512996,scr1994,avaStIn,bevFrtRoadHeavy
BE,h0413,0.4370627609428927,scr1994,avaStIn,bevFrtRoadHeavy
BE,h0414,0.45354850989036083,scr1994,avaStIn,bevFrtRoadHeavy
BE,h0415,0.5170257326829233,scr1994,avaStIn,bevFrtRoadHeavy
BE,h0416,0.5846164078323919,scr1994,avaStIn,bevFrtRoadHeavy
BE,h0417,0.6406822225854623,scr1994,avaStIn,bevFrtRoadHeavy
BE,h0418,0.648916667,scr1994,avaStIn,bevFrtRoadHeavy
BE,h0419,0.6397767272678316,scr1994,avaStIn,bevFrtRoadHeavy
BE,h0420,0.6149581532285464,scr1994,avaStIn,bevFrtRoadHeavy
BE,h0421,0.5787399234599702,scr1994,avaStIn,bevFrtRoadHeavy
BE,h0422,0.5369544837819953,scr1994,avaStIn,bevFrtRoadHeavy
BE,h0423,0.49485270049335356,scr1994,avaStIn,bevFrtRoadHeavy
BE,h0424,0.45345030023340877,scr1994,avaStIn,bevFrtRoadHeavy
BE,h0425,0.42042601932163864,scr1994,avaStIn,bevFrtRoadHeavy
BE,h0426,0.40261095639883443,scr1994,avaStIn,bevFrtRoadHeavy
BE,h0427,0.3949139023723746,scr1994,avaStIn,bevFrtRoadHeavy
BE,h0428,0.3897869437965427,scr1994,avaStIn,bevFrtRoadHeavy
BE,h0429,0.37646876654895217,scr1994,avaStIn,bevFrtRoadHeavy
BE,h0430,0.3452269488651632,scr1994,avaStIn,bevFrtRoadHeavy
BE,h0431,0.3078659473763398,scr1994,avaStIn,bevFrtRoadHeavy
BE,h0432,0.2779545307693782,scr1994,avaStIn,bevFrtRoadHeavy
BE,h0433,0.30625207473084864,scr1994,avaStIn,bevFrtRoadHeavy
BE,h0434,0.35411013106134476,scr1994,avaStIn,bevFrtRoadHeavy
BE,h0435,0.40625179312817933,scr1994,avaStIn,bevFrtRoadHeavy
BE,h0436,0.4260236415512996,scr1994,avaStIn,bevFrtRoadHeavy
BE,h0437,0.4370627609428927,scr1994,avaStIn,bevFrtRoadHeavy
BE,h0438,0.45354850989036083,scr1994,avaStIn,bevFrtRoadHeavy
BE,h0439,0.48515941493213527,scr1994,avaStIn,bevFrtRoadHeavy
BE,h0440,0.528605586824356,scr1994,avaStIn,bevFrtRoadHeavy
BE,h0441,0.569163626072009,scr1994,avaStIn,bevFrtRoadHeavy
BE,h0442,0.5967091713705934,scr1994,avaStIn,bevFrtRoadHeavy
BE,h0443,0.6072714158345789,scr1994,avaStIn,bevFrtRoadHeavy
BE,h0444,0.5997465210395598,scr1994,avaStIn,bevFrtRoadHeavy
BE,h0445,0.5745197239560198,scr1994,avaStIn,bevFrtRoadHeavy
BE,h0446,0.5374673886216577,scr1994,avaStIn,bevFrtRoadHeavy
BE,h0447,0.49485270049335356,scr1994,avaStIn,bevFrtRoadHeavy
BE,h0448,0.45345030023340877,scr1994,avaStIn,bevFrtRoadHeavy
BE,h0449,0.42042601932163864,scr1994,avaStIn,bevFrtRoadHeavy
BE,h0450,0.40261095639883443,scr1994,avaStIn,bevFrtRoadHeavy
BE,h0451,0.3949139023723746,scr1994,avaStIn,bevFrtRoadHeavy
BE,h0452,0.3897869437965427,scr1994,avaStIn,bevFrtRoadHeavy
BE,h0453,0.37646876654895217,scr1994,avaStIn,bevFrtRoadHeavy
BE,h0454,0.3452269488651632,scr1994,avaStIn,bevFrtRoadHeavy
BE,h0455,0.3078659473763398,scr1994,avaStIn,bevFrtRoadHeavy
BE,h0456,0.2779545307693782,scr1994,avaStIn,bevFrtRoadHeavy
BE,h0457,0.3028710829268177,scr1994,avaStIn,bevFrtRoadHeavy
BE,h0458,0.33213669174969157,scr1994,avaStIn,bevFrtRoadHeavy
BE,h0459,0.3620087309567464,scr1994,avaStIn,bevFrtRoadHeavy
BE,h0460,0.37004107340258524,scr1994,avaStIn,bevFrtRoadHeavy
BE,h0461,0.3981843172784512,scr1994,avaStIn,bevFrtRoadHeavy
BE,h0462,0.4423184385324596,scr1994,avaStIn,bevFrtRoadHeavy
BE,h0463,0.4938743123061798,scr1994,avaStIn,bevFrtRoadHeavy
BE,h0464,0.5393801271086389,scr1994,avaStIn,bevFrtRoadHeavy
BE,h0465,0.5717279447574262,scr1994,avaStIn,bevFrtRoadHeavy
BE,h0466,0.5864026834476788,scr1994,avaStIn,bevFrtRoadHeavy
BE,h0467,0.5903568012897213,scr1994,avaStIn,bevFrtRoadHeavy
BE,h0468,0.5820184110412341,scr1994,avaStIn,bevFrtRoadHeavy
BE,h0469,0.5522541766639684,scr1994,avaStIn,bevFrtRoadHeavy
BE,h0470,0.5025985097221295,scr1994,avaStIn,bevFrtRoadHeavy
BE,h0471,0.4360063902136216,scr1994,avaStIn,bevFrtRoadHeavy
BE,h0472,0.3706503344395034,scr1994,avaStIn,bevFrtRoadHeavy
BE,h0473,0.31400278945685395,scr1994,avaStIn,bevFrtRoadHeavy
BE,h0474,0.28426941117423804,scr1994,avaStIn,bevFrtRoadHeavy
BE,h0475,0.3038053855518607,scr1994,avaStIn,bevFrtRoadHeavy
BE,h0476,0.3429092096212539,scr1994,avaStIn,bevFrtRoadHeavy
BE,h0477,0.3896033187938301,scr1994,avaStIn,bevFrtRoadHeavy
BE,h0478,0.4056630174549854,scr1994,avaStIn,bevFrtRoadHeavy
BE,h0479,0.40808166599342416,scr1994,avaStIn,bevFrtRoadHeavy
BE,h0480,0.3933177281335835,scr1994,avaStIn,bevFrtRoadHeavy
BE,h0481,0.41724016230702593,scr1994,avaStIn,bevFrtRoadHeavy
BE,h0482,0.44152509618683106,scr1994,avaStIn,bevFrtRoadHeavy
BE,h0483,0.4650823537739786,scr1994,avaStIn,bevFrtRoadHeavy
BE,h0484,0.45675407757813863,scr1994,avaStIn,bevFrtRoadHeavy
BE,h0485,0.45594549501808196,scr1994,avaStIn,bevFrtRoadHeavy
BE,h0486,0.4699720265411949,scr1994,avaStIn,bevFrtRoadHeavy
BE,h0487,0.5010898808643895,scr1994,avaStIn,bevFrtRoadHeavy
BE,h0488,0.5385315909083035,scr1994,avaStIn,bevFrtRoadHeavy
BE,h0489,0.5717279447574262,scr1994,avaStIn,bevFrtRoadHeavy
BE,h0490,0.5864026834476788,scr1994,avaStIn,bevFrtRoadHeavy
BE,h0491,0.5903568012897213,scr1994,avaStIn,bevFrtRoadHeavy
BE,h0492,0.5820184110412341,scr1994,avaStIn,bevFrtRoadHeavy
BE,h0493,0.5522541766639684,scr1994,avaStIn,bevFrtRoadHeavy
BE,h0494,0.5025985097221295,scr1994,avaStIn,bevFrtRoadHeavy
BE,h0495,0.4360063902136216,scr1994,avaStIn,bevFrtRoadHeavy
BE,h0496,0.3706503344395034,scr1994,avaStIn,bevFrtRoadHeavy
BE,h0497,0.31400278945685395,scr1994,avaStIn,bevFrtRoadHeavy
BE,h0498,0.28426941117423804,scr1994,avaStIn,bevFrtRoadHeavy
BE,h0499,0.3038053855518607,scr1994,avaStIn,bevFrtRoadHeavy
BE,h0500,0.3429092096212539,scr1994,avaStIn,bevFrtRoadHeavy
BE,h0501,0.3896033187938301,scr1994,avaStIn,bevFrtRoadHeavy
BE,h0502,0.4056630174549854,scr1994,avaStIn,bevFrtRoadHeavy
BE,h0503,0.40808166599342416,scr1994,avaStIn,bevFrtRoadHeavy
BE,h0504,0.3933177281335835,scr1994,avaStIn,bevFrtRoadHeavy
BG,h0337,0.36689691148585085,scr1994,avaStIn,bevFrtRoadHeavy
BG,h0338,0.380104818059327,scr1994,avaStIn,bevFrtRoadHeavy
BG,h0339,0.4194642325578846,scr1994,avaStIn,bevFrtRoadHeavy
BG,h0340,0.46710902255410963,scr1994,avaStIn,bevFrtRoadHeavy
BG,h0341,0.4966725249567239,scr1994,avaStIn,bevFrtRoadHeavy
BG,h0342,0.4917721590281056,scr1994,avaStIn,bevFrtRoadHeavy
BG,h0343,0.46881903384007567,scr1994,avaStIn,bevFrtRoadHeavy
BG,h0344,0.4420970782858393,scr1994,avaStIn,bevFrtRoadHeavy
BG,h0345,0.43234151430002793,scr1994,avaStIn,bevFrtRoadHeavy
BG,h0346,0.4235892817447879,scr1994,avaStIn,bevFrtRoadHeavy
BG,h0347,0.397223194562311,scr1994,avaStIn,bevFrtRoadHeavy
BG,h0348,0.3508957346058093,scr1994,avaStIn,bevFrtRoadHeavy
BG,h0349,0.3030199896710231,scr1994,avaStIn,bevFrtRoadHeavy
BG,h0350,0.27474183334917385,scr1994,avaStIn,bevFrtRoadHeavy
BG,h0351,0.2810042843274933,scr1994,avaStIn,bevFrtRoadHeavy
BG,h0352,0.32648713074071817,scr1994,avaStIn,bevFrtRoadHeavy
BG,h0353,0.3907025979922289,scr1994,avaStIn,bevFrtRoadHeavy
BG,h0354,0.4625928572839217,scr1994,avaStIn,bevFrtRoadHeavy
BG,h0355,0.5273810255260041,scr1994,avaStIn,bevFrtRoadHeavy
BG,h0356,0.575177207510104,scr1994,avaStIn,bevFrtRoadHeavy
BG,h0357,0.5973067629795761,scr1994,avaStIn,bevFrtRoadHeavy
BG,h0358,0.6003940072514531,scr1994,avaStIn,bevFrtRoadHeavy
BG,h0359,0.5908800318598231,scr1994,avaStIn,bevFrtRoadHeavy
BG,h0360,0.5756042397510963,scr1994,avaStIn,bevFrtRoadHeavy
BG,h0361,0.54933335981644,scr1994,avaStIn,bevFrtRoadHeavy
BG,h0362,0.5218683931107748,scr1994,avaStIn,bevFrtRoadHeavy
BG,h0363,0.49687219386419995,scr1994,avaStIn,bevFrtRoadHeavy
BG,h0364,0.47427481614411754,scr1994,avaStIn,bevFrtRoadHeavy
BG,h0365,0.4512001064311079,scr1994,avaStIn,bevFrtRoadHeavy
BG,h0366,0.4317798248276851,scr1994,avaStIn,bevFrtRoadHeavy
BG,h0367,0.4245222382729337,scr1994,avaStIn,bevFrtRoadHeavy
BG,h0368,0.42681901755925794,scr1994,avaStIn,bevFrtRoadHeavy
BG,h0369,0.43234151430002793,scr1994,avaStIn,bevFrtRoadHeavy
BG,h0370,0.4235892817447879,scr1994,avaStIn,bevFrtRoadHeavy
BG,h0371,0.397223194562311,scr1994,avaStIn,bevFrtRoadHeavy
BG,h0372,0.3508957346058093,scr1994,avaStIn,bevFrtRoadHeavy
BG,h0373,0.3030199896710231,scr1994,avaStIn,bevFrtRoadHeavy
BG,h0374,0.27474183334917385,scr1994,avaStIn,bevFrtRoadHeavy
BG,h0375,0.2810042843274933,scr1994,avaStIn,bevFrtRoadHeavy
BG,h0376,0.32648713074071817,scr1994,avaStIn,bevFrtRoadHeavy
BG,h0377,0.3907025979922289,scr1994,avaStIn,bevFrtRoadHeavy
BG,h0378,0.4625928572839217,scr1994,avaStIn,bevFrtRoadHeavy
BG,h0379,0.5258945707660485,scr1994,avaStIn,bevFrtRoadHeavy
BG,h0380,0.5775126532133741,scr1994,avaStIn,bevFrtRoadHeavy
BG,h0381,0.6068226498839902,scr1994,avaStIn,bevFrtRoadHeavy
BG,h0382,0.6077267241442188,scr1994,avaStIn,bevFrtRoadHeavy
BG,h0383,0.5845803785311798,scr1994,avaStIn,bevFrtRoadHeavy
BG,h0384,0.5478532898823398,scr1994,avaStIn,bevFrtRoadHeavy
BG,h0385,0.5248856515458393,scr1994,avaStIn,bevFrtRoadHeavy
BG,h0386,0.5074870468783488,scr1994,avaStIn,bevFrtRoadHeavy
BG,h0387,0.49687219386419995,scr1994,avaStIn,bevFrtRoadHeavy
BG,h0388,0.47427481614411754,scr1994,avaStIn,bevFrtRoadHeavy
BG,h0389,0.4512001064311079,scr1994,avaStIn,bevFrtRoadHeavy
BG,h0390,0.4317798248276851,scr1994,avaStIn,bevFrtRoadHeavy
BG,h0391,0.4070613891581884,scr1994,avaStIn,bevFrtRoadHeavy
BG,h0392,0.39697641675210144,scr1994,avaStIn,bevFrtRoadHeavy
BG,h0393,0.39870421520431126,scr1994,avaStIn,bevFrtRoadHeavy
BG,h0394,0.40926627041819047,scr1994,avaStIn,bevFrtRoadHeavy
BG,h0395,0.39842288468029213,scr1994,avaStIn,bevFrtRoadHeavy
BG,h0396,0.3557916354671122,scr1994,avaStIn,bevFrtRoadHeavy
BG,h0397,0.40327113437985024,scr1994,avaStIn,bevFrtRoadHeavy
BG,h0398,0.4468766289603083,scr1994,avaStIn,bevFrtRoadHeavy
BG,h0399,0.49485270049335356,scr1994,avaStIn,bevFrtRoadHeavy
BG,h0400,0.45345030023340877,scr1994,avaStIn,bevFrtRoadHeavy
BG,h0401,0.42042601932163864,scr1994,avaStIn,bevFrtRoadHeavy
BG,h0402,0.40261095639883443,scr1994,avaStIn,bevFrtRoadHeavy
BG,h0403,0.3871763249572075,scr1994,avaStIn,bevFrtRoadHeavy
BG,h0404,0.3744547271540745,scr1994,avaStIn,bevFrtRoadHeavy
BG,h0405,0.34980970251809557,scr1994,avaStIn,bevFrtRoadHeavy
BG,h0406,0.3110211101507691,scr1994,avaStIn,bevFrtRoadHeavy
BG,h0407,0.2670140244077546,scr1994,avaStIn,bevFrtRoadHeavy
BG,h0408,0.23449723533671968,scr1994,avaStIn,bevFrtRoadHeavy
BG,h0409,0.2796419009980305,scr1994,avaStIn,bevFrtRoadHeavy
BG,h0410,0.34160429932334896,scr1994,avaStIn,bevFrtRoadHeavy
BG,h0411,0.40625179312817933,scr1994,avaStIn,bevFrtRoadHeavy
BG,h0412,0.4260236415512996,scr1994,avaStIn,bevFrtRoadHeavy
BG,h0413,0.4370627609428927,scr1994,avaStIn,bevFrtRoadHeavy
BG,h0414,0.45354850989036083,scr1994,avaStIn,bevFrtRoadHeavy
BG,h0415,0.5170257326829233,scr1994,avaStIn,bevFrtRoadHeavy
BG,h0416,0.5846164078323919,scr1994,avaStIn,bevFrtRoadHeavy
BG,h0417,0.6406822225854623,scr1994,avaStIn,bevFrtRoadHeavy
BG,h0418,0.648916667,scr1994,avaStIn,bevFrtRoadHeavy
BG,h0419,0.6397767272678316,scr1994,avaStIn,bevFrtRoadHeavy
BG,h0420,0.6149581532285464,scr1994,avaStIn,bevFrtRoadHeavy
BG,h0421,0.5787399234599702,scr1994,avaStIn,bevFrtRoadHeavy
BG,h0422,0.5369544837819953,scr1994,avaStIn,bevFrtRoadHeavy
BG,h0423,0.49485270049335356,scr1994,avaStIn,bevFrtRoadHeavy
BG,h0424,0.45345030023340877,scr1994,avaStIn,bevFrtRoadHeavy
BG,h0425,0.42042601932163864,scr1994,avaStIn,bevFrtRoadHeavy
BG,h0426,0.40261095639883443,scr1994,avaStIn,bevFrtRoadHeavy
BG,h0427,0.3949139023723746,scr1994,avaStIn,bevFrtRoadHeavy
BG,h0428,0.3897869437965427,scr1994,avaStIn,bevFrtRoadHeavy
BG,h0429,0.37646876654895217,scr1994,avaStIn,bevFrtRoadHeavy
BG,h0430,0.3452269488651632,scr1994,avaStIn,bevFrtRoadHeavy
BG,h0431,0.3078659473763398,scr1994,avaStIn,bevFrtRoadHeavy
BG,h0432,0.2779545307693782,scr1994,avaStIn,bevFrtRoadHeavy
BG,h0433,0.30625207473084864,scr1994,avaStIn,bevFrtRoadHeavy
BG,h0434,0.35411013106134476,scr1994,avaStIn,bevFrtRoadHeavy
BG,h0435,0.40625179312817933,scr1994,avaStIn,bevFrtRoadHeavy
BG,h0436,0.4260236415512996,scr1994,avaStIn,bevFrtRoadHeavy
BG,h0437,0.4370627609428927,scr1994,avaStIn,bevFrtRoadHeavy
BG,h0438,0.45354850989036083,scr1994,avaStIn,bevFrtRoadHeavy
BG,h0439,0.48515941493213527,scr1994,avaStIn,bevFrtRoadHeavy
BG,h0440,0.528605586824356,scr1994,avaStIn,bevFrtRoadHeavy
BG,h0441,0.569163626072009,scr1994,avaStIn,bevFrtRoadHeavy
BG,h0442,0.5967091713705934,scr1994,avaStIn,bevFrtRoadHeavy
BG,h0443,0.6072714158345789,scr1994,avaStIn,bevFrtRoadHeavy
BG,h0444,0.5997465210395598,scr1994,avaStIn,bevFrtRoadHeavy
BG,h0445,0.5745197239560198,scr1994,avaStIn,bevFrtRoadHeavy
BG,h0446,0.5374673886216577,scr1994,avaStIn,bevFrtRoadHeavy
BG,h0447,0.49485270049335356,scr1994,avaStIn,bevFrtRoadHeavy
BG,h0448,0.45345030023340877,scr1994,avaStIn,bevFrtRoadHeavy
BG,h0449,0.42042601932163864,scr1994,avaStIn,bevFrtRoadHeavy
BG,h0450,0.40261095639883443,scr1994,avaStIn,bevFrtRoadHeavy
BG,h0451,0.3949139023723746,scr1994,avaStIn,bevFrtRoadHeavy
BG,h0452,0.3897869437965427,scr1994,avaStIn,bevFrtRoadHeavy
BG,h0453,0.37646876654895217,scr1994,avaStIn,bevFrtRoadHeavy
BG,h0454,0.3452269488651632,scr1994,avaStIn,bevFrtRoadHeavy
BG,h0455,0.3078659473763398,scr1994,avaStIn,bevFrtRoadHeavy
BG,h0456,0.2779545307693782,scr1994,avaStIn,bevFrtRoadHeavy
BG,h0457,0.3028710829268177,scr1994,avaStIn,bevFrtRoadHeavy
BG,h0458,0.33213669174969157,scr1994,avaStIn,bevFrtRoadHeavy
BG,h0459,0.3620087309567464,scr1994,avaStIn,bevFrtRoadHeavy
BG,h0460,0.37004107340258524,scr1994,avaStIn,bevFrtRoadHeavy
BG,h0461,0.3981843172784512,scr1994,avaStIn,bevFrtRoadHeavy
BG,h0462,0.4423184385324596,scr1994,avaStIn,bevFrtRoadHeavy
BG,h0463,0.4938743123061798,scr1994,avaStIn,bevFrtRoadHeavy
BG,h0464,0.5393801271086389,scr1994,avaStIn,bevFrtRoadHeavy
BG,h0465,0.5717279447574262,scr1994,avaStIn,bevFrtRoadHeavy
BG,h0466,0.5864026834476788,scr1994,avaStIn,bevFrtRoadHeavy
BG,h0467,0.5903568012897213,scr1994,avaStIn,bevFrtRoadHeavy
BG,h0468,0.5820184110412341,scr1994,avaStIn,bevFrtRoadHeavy
BG,h0469,0.5522541766639684,scr1994,avaStIn,bevFrtRoadHeavy
BG,h0470,0.5025985097221295,scr1994,avaStIn,bevFrtRoadHeavy
BG,h0471,0.4360063902136216,scr1994,avaStIn,bevFrtRoadHeavy
BG,h0472,0.3706503344395034,scr1994,avaStIn,bevFrtRoadHeavy
BG,h0473,0.31400278945685395,scr1994,avaStIn,bevFrtRoadHeavy
BG,h0474,0.28426941117423804,scr1994,avaStIn,bevFrtRoadHeavy
BG,h0475,0.3038053855518607,scr1994,avaStIn,bevFrtRoadHeavy
BG,h0476,0.3429092096212539,scr1994,avaStIn,bevFrtRoadHeavy
BG,h0477,0.3896033187938301,scr1994,avaStIn,bevFrtRoadHeavy
BG,h0478,0.4056630174549854,scr1994,avaStIn,bevFrtRoadHeavy
BG,h0479,0.40808166599342416,scr1994,avaStIn,bevFrtRoadHeavy
BG,h0480,0.3933177281335835,scr1994,avaStIn,bevFrtRoadHeavy
BG,h0481,0.41724016230702593,scr1994,avaStIn,bevFrtRoadHeavy
BG,h0482,0.44152509618683106,scr1994,avaStIn,bevFrtRoadHeavy
BG,h0483,0.4650823537739786,scr1994,avaStIn,bevFrtRoadHeavy
BG,h0484,0.45675407757813863,scr1994,avaStIn,bevFrtRoadHeavy
BG,h0485,0.45594549501808196,scr1994,avaStIn,bevFrtRoadHeavy
BG,h0486,0.4699720265411949,scr1994,avaStIn,bevFrtRoadHeavy
BG,h0487,0.5010898808643895,scr1994,avaStIn,bevFrtRoadHeavy
BG,h0488,0.5385315909083035,scr1994,avaStIn,bevFrtRoadHeavy
BG,h0489,0.5717279447574262,scr1994,avaStIn,bevFrtRoadHeavy
BG,h0490,0.5864026834476788,scr1994,avaStIn,bevFrtRoadHeavy
BG,h0491,0.5903568012897213,scr1994,avaStIn,bevFrtRoadHeavy
BG,h0492,0.5820184110412341,scr1994,avaStIn,bevFrtRoadHeavy
BG,h0493,0.5522541766639684,scr1994,avaStIn,bevFrtRoadHeavy
BG,h0494,0.5025985097221295,scr1994,avaStIn,bevFrtRoadHeavy
BG,h0495,0.4360063902136216,scr1994,avaStIn,bevFrtRoadHeavy
BG,h0496,0.3706503344395034,scr1994,avaStIn,bevFrtRoadHeavy
BG,h0497,0.31400278945685395,scr1994,avaStIn,bevFrtRoadHeavy
BG,h0498,0.28426941117423804,scr1994,avaStIn,bevFrtRoadHeavy
BG,h0499,0.3038053855518607,scr1994,avaStIn,bevFrtRoadHeavy
BG,h0500,0.3429092096212539,scr1994,avaStIn,bevFrtRoadHeavy
BG,h0501,0.3896033187938301,scr1994,avaStIn,bevFrtRoadHeavy
BG,h0502,0.4056630174549854,scr1994,avaStIn,bevFrtRoadHeavy
BG,h0503,0.40808166599342416,scr1994,avaStIn,bevFrtRoadHeavy
BG,h0504,0.3933177281335835,scr1994,avaStIn,bevFrtRoadHeavy
CH,h0337,0.36689691148585085,scr1994,avaStIn,bevFrtRoadHeavy
CH,h0338,0.380104818059327,scr1994,avaStIn,bevFrtRoadHeavy
CH,h0339,0.4194642325578846,scr1994,avaStIn,bevFrtRoadHeavy
CH,h0340,0.46710902255410963,scr1994,avaStIn,bevFrtRoadHeavy
CH,h0341,0.4966725249567239,scr1994,avaStIn,bevFrtRoadHeavy
CH,h0342,0.4917721590281056,scr1994,avaStIn,bevFrtRoadHeavy
CH,h0343,0.46881903384007567,scr1994,avaStIn,bevFrtRoadHeavy
CH,h0344,0.4420970782858393,scr1994,avaStIn,bevFrtRoadHeavy
CH,h0345,0.43234151430002793,scr1994,avaStIn,bevFrtRoadHeavy
CH,h0346,0.4235892817447879,scr1994,avaStIn,bevFrtRoadHeavy
CH,h0347,0.397223194562311,scr1994,avaStIn,bevFrtRoadHeavy
CH,h0348,0.3508957346058093,scr1994,avaStIn,bevFrtRoadHeavy
CH,h0349,0.3030199896710231,scr1994,avaStIn,bevFrtRoadHeavy
CH,h0350,0.27474183334917385,scr1994,avaStIn,bevFrtRoadHeavy
CH,h0351,0.2810042843274933,scr1994,avaStIn,bevFrtRoadHeavy
CH,h0352,0.32648713074071817,scr1994,avaStIn,bevFrtRoadHeavy
CH,h0353,0.3907025979922289,scr1994,avaStIn,bevFrtRoadHeavy
CH,h0354,0.4625928572839217,scr1994,avaStIn,bevFrtRoadHeavy
CH,h0355,0.5273810255260041,scr1994,avaStIn,bevFrtRoadHeavy
CH,h0356,0.575177207510104,scr1994,avaStIn,bevFrtRoadHeavy
CH,h0357,0.5973067629795761,scr1994,avaStIn,bevFrtRoadHeavy
CH,h0358,0.6003940072514531,scr1994,avaStIn,bevFrtRoadHeavy
CH,h0359,0.5908800318598231,scr1994,avaStIn,bevFrtRoadHeavy
CH,h0360,0.5756042397510963,scr1994,avaStIn,bevFrtRoadHeavy
CH,h0361,0.54933335981644,scr1994,avaStIn,bevFrtRoadHeavy
CH,h0362,0.5218683931107748,scr1994,avaStIn,bevFrtRoadHeavy
CH,h0363,0.49687219386419995,scr1994,avaStIn,bevFrtRoadHeavy
CH,h0364,0.47427481614411754,scr1994,avaStIn,bevFrtRoadHeavy
CH,h0365,0.4512001064311079,scr1994,avaStIn,bevFrtRoadHeavy
CH,h0366,0.4317798248276851,scr1994,avaStIn,bevFrtRoadHeavy
CH,h0367,0.4245222382729337,scr1994,avaStIn,bevFrtRoadHeavy
CH,h0368,0.42681901755925794,scr1994,avaStIn,bevFrtRoadHeavy
CH,h0369,0.43234151430002793,scr1994,avaStIn,bevFrtRoadHeavy
CH,h0370,0.4235892817447879,scr1994,avaStIn,bevFrtRoadHeavy
CH,h0371,0.397223194562311,scr1994,avaStIn,bevFrtRoadHeavy
CH,h0372,0.3508957346058093,scr1994,avaStIn,bevFrtRoadHeavy
CH,h0373,0.3030199896710231,scr1994,avaStIn,bevFrtRoadHeavy
CH,h0374,0.27474183334917385,scr1994,avaStIn,bevFrtRoadHeavy
CH,h0375,0.2810042843274933,scr1994,avaStIn,bevFrtRoadHeavy
CH,h0376,0.32648713074071817,scr1994,avaStIn,bevFrtRoadHeavy
CH,h0377,0.3907025979922289,scr1994,avaStIn,bevFrtRoadHeavy
CH,h0378,0.4625928572839217,scr1994,avaStIn,bevFrtRoadHeavy
CH,h0379,0.5258945707660485,scr1994,avaStIn,bevFrtRoadHeavy
CH,h0380,0.5775126532133741,scr1994,avaStIn,bevFrtRoadHeavy
CH,h0381,0.6068226498839902,scr1994,avaStIn,bevFrtRoadHeavy
CH,h0382,0.6077267241442188,scr1994,avaStIn,bevFrtRoadHeavy
CH,h0383,0.5845803785311798,scr1994,avaStIn,bevFrtRoadHeavy
CH,h0384,0.5478532898823398,scr1994,avaStIn,bevFrtRoadHeavy
CH,h0385,0.5248856515458393,scr1994,avaStIn,bevFrtRoadHeavy
CH,h0386,0.5074870468783488,scr1994,avaStIn,bevFrtRoadHeavy
CH,h0387,0.49687219386419995,scr1994,avaStIn,bevFrtRoadHeavy
CH,h0388,0.47427481614411754,scr1994,avaStIn,bevFrtRoadHeavy
CH,h0389,0.4512001064311079,scr1994,avaStIn,bevFrtRoadHeavy
CH,h0390,0.4317798248276851,scr1994,avaStIn,bevFrtRoadHeavy
CH,h0391,0.4070613891581884,scr1994,avaStIn,bevFrtRoadHeavy
CH,h0392,0.39697641675210144,scr1994,avaStIn,bevFrtRoadHeavy
CH,h0393,0.39870421520431126,scr1994,avaStIn,bevFrtRoadHeavy
CH,h0394,0.40926627041819047,scr1994,avaStIn,bevFrtRoadHeavy
CH,h0395,0.39842288468029213,scr1994,avaStIn,bevFrtRoadHeavy
CH,h0396,0.3557916354671122,scr1994,avaStIn,bevFrtRoadHeavy
CH,h0397,0.40327113437985024,scr1994,avaStIn,bevFrtRoadHeavy
CH,h0398,0.4468766289603083,scr1994,avaStIn,bevFrtRoadHeavy
CH,h0399,0.49485270049335356,scr1994,avaStIn,bevFrtRoadHeavy
CH,h0400,0.45345030023340877,scr1994,avaStIn,bevFrtRoadHeavy
CH,h0401,0.42042601932163864,scr1994,avaStIn,bevFrtRoadHeavy
CH,h0402,0.40261095639883443,scr1994,avaStIn,bevFrtRoadHeavy
CH,h0403,0.3871763249572075,scr1994,avaStIn,bevFrtRoadHeavy
CH,h0404,0.3744547271540745,scr1994,avaStIn,bevFrtRoadHeavy
CH,h0405,0.34980970251809557,scr1994,avaStIn,bevFrtRoadHeavy
CH,h0406,0.3110211101507691,scr1994,avaStIn,bevFrtRoadHeavy
CH,h0407,0.2670140244077546,scr1994,avaStIn,bevFrtRoadHeavy
CH,h0408,0.23449723533671968,scr1994,avaStIn,bevFrtRoadHeavy
CH,h0409,0.2796419009980305,scr1994,avaStIn,bevFrtRoadHeavy
CH,h0410,0.34160429932334896,scr1994,avaStIn,bevFrtRoadHeavy
CH,h0411,0.40625179312817933,scr1994,avaStIn,bevFrtRoadHeavy
CH,h0412,0.4260236415512996,scr1994,avaStIn,bevFrtRoadHeavy
CH,h0413,0.4370627609428927,scr1994,avaStIn,bevFrtRoadHeavy
CH,h0414,0.45354850989036083,scr1994,avaStIn,bevFrtRoadHeavy
CH,h0415,0.5170257326829233,scr1994,avaStIn,bevFrtRoadHeavy
CH,h0416,0.5846164078323919,scr1994,avaStIn,bevFrtRoadHeavy
CH,h0417,0.6406822225854623,scr1994,avaStIn,bevFrtRoadHeavy
CH,h0418,0.648916667,scr1994,avaStIn,bevFrtRoadHeavy
CH,h0419,0.6397767272678316,scr1994,avaStIn,bevFrtRoadHeavy
CH,h0420,0.6149581532285464,scr1994,avaStIn,bevFrtRoadHeavy
CH,h0421,0.5787399234599702,scr1994,avaStIn,bevFrtRoadHeavy
CH,h0422,0.5369544837819953,scr1994,avaStIn,bevFrtRoadHeavy
CH,h0423,0.49485270049335356,scr1994,avaStIn,bevFrtRoadHeavy
CH,h0424,0.45345030023340877,scr1994,avaStIn,bevFrtRoadHeavy
CH,h0425,0.42042601932163864,scr1994,avaStIn,bevFrtRoadHeavy
CH,h0426,0.40261095639883443,scr1994,avaStIn,bevFrtRoadHeavy
CH,h0427,0.3949139023723746,scr1994,avaStIn,bevFrtRoadHeavy
CH,h0428,0.3897869437965427,scr1994,avaStIn,bevFrtRoadHeavy
CH,h0429,0.37646876654895217,scr1994,avaStIn,bevFrtRoadHeavy
CH,h0430,0.3452269488651632,scr1994,avaStIn,bevFrtRoadHeavy
CH,h0431,0.3078659473763398,scr1994,avaStIn,bevFrtRoadHeavy
CH,h0432,0.2779545307693782,scr1994,avaStIn,bevFrtRoadHeavy
CH,h0433,0.30625207473084864,scr1994,avaStIn,bevFrtRoadHeavy
CH,h0434,0.35411013106134476,scr1994,avaStIn,bevFrtRoadHeavy
CH,h0435,0.40625179312817933,scr1994,avaStIn,bevFrtRoadHeavy
CH,h0436,0.4260236415512996,scr1994,avaStIn,bevFrtRoadHeavy
CH,h0437,0.4370627609428927,scr1994,avaStIn,bevFrtRoadHeavy
CH,h0438,0.45354850989036083,scr1994,avaStIn,bevFrtRoadHeavy
CH,h0439,0.48515941493213527,scr1994,avaStIn,bevFrtRoadHeavy
CH,h0440,0.528605586824356,scr1994,avaStIn,bevFrtRoadHeavy
CH,h0441,0.569163626072009,scr1994,avaStIn,bevFrtRoadHeavy
CH,h0442,0.5967091713705934,scr1994,avaStIn,bevFrtRoadHeavy
CH,h0443,0.6072714158345789,scr1994,avaStIn,bevFrtRoadHeavy
CH,h0444,0.5997465210395598,scr1994,avaStIn,bevFrtRoadHeavy
CH,h0445,0.5745197239560198,scr1994,avaStIn,bevFrtRoadHeavy
CH,h0446,0.5374673886216577,scr1994,avaStIn,bevFrtRoadHeavy
CH,h0447,0.49485270049335356,scr1994,avaStIn,bevFrtRoadHeavy
CH,h0448,0.45345030023340877,scr1994,avaStIn,bevFrtRoadHeavy
CH,h0449,0.42042601932163864,scr1994,avaStIn,bevFrtRoadHeavy
CH,h0450,0.40261095639883443,scr1994,avaStIn,bevFrtRoadHeavy
CH,h0451,0.3949139023723746,scr1994,avaStIn,bevFrtRoadHeavy
CH,h0452,0.3897869437965427,scr1994,avaStIn,bevFrtRoadHeavy
CH,h0453,0.37646876654895217,scr1994,avaStIn,bevFrtRoadHeavy
CH,h0454,0.3452269488651632,scr1994,avaStIn,bevFrtRoadHeavy
CH,h0455,0.3078659473763398,scr1994,avaStIn,bevFrtRoadHeavy
CH,h0456,0.2779545307693782,scr1994,avaStIn,bevFrtRoadHeavy
CH,h0457,0.3028710829268177,scr1994,avaStIn,bevFrtRoadHeavy
CH,h0458,0.33213669174969157,scr1994,avaStIn,bevFrtRoadHeavy
CH,h0459,0.3620087309567464,scr1994,avaStIn,bevFrtRoadHeavy
CH,h0460,0.37004107340258524,scr1994,avaStIn,bevFrtRoadHeavy
CH,h0461,0.3981843172784512,scr1994,avaStIn,bevFrtRoadHeavy
CH,h0462,0.4423184385324596,scr1994,avaStIn,bevFrtRoadHeavy
CH,h0463,0.4938743123061798,scr1994,avaStIn,bevFrtRoadHeavy
CH,h0464,0.5393801271086389,scr1994,avaStIn,bevFrtRoadHeavy
CH,h0465,0.5717279447574262,scr1994,avaStIn,bevFrtRoadHeavy
CH,h0466,0.5864026834476788,scr1994,avaStIn,bevFrtRoadHeavy
CH,h0467,0.5903568012897213,scr1994,avaStIn,bevFrtRoadHeavy
CH,h0468,0.5820184110412341,scr1994,avaStIn,bevFrtRoadHeavy
CH,h0469,0.5522541766639684,scr1994,avaStIn,bevFrtRoadHeavy
CH,h0470,0.5025985097221295,scr1994,avaStIn,bevFrtRoadHeavy
CH,h0471,0.4360063902136216,scr1994,avaStIn,bevFrtRoadHeavy
CH,h0472,0.3706503344395034,scr1994,avaStIn,bevFrtRoadHeavy
CH,h0473,0.31400278945685395,scr1994,avaStIn,bevFrtRoadHeavy
CH,h0474,0.28426941117423804,scr1994,avaStIn,bevFrtRoadHeavy
CH,h0475,0.3038053855518607,scr1994,avaStIn,bevFrtRoadHeavy
CH,h0476,0.3429092096212539,scr1994,avaStIn,bevFrtRoadHeavy
CH,h0477,0.3896033187938301,scr1994,avaStIn,bevFrtRoadHeavy
CH,h0478,0.4056630174549854,scr1994,avaStIn,bevFrtRoadHeavy
CH,h0479,0.40808166599342416,scr1994,avaStIn,bevFrtRoadHeavy
CH,h0480,0.3933177281335835,scr1994,avaStIn,bevFrtRoadHeavy
CH,h0481,0.41724016230702593,scr1994,avaStIn,bevFrtRoadHeavy
CH,h0482,0.44152509618683106,scr1994,avaStIn,bevFrtRoadHeavy
CH,h0483,0.4650823537739786,scr1994,avaStIn,bevFrtRoadHeavy
CH,h0484,0.45675407757813863,scr1994,avaStIn,bevFrtRoadHeavy
CH,h0485,0.45594549501808196,scr1994,avaStIn,bevFrtRoadHeavy
CH,h0486,0.4699720265411949,scr1994,avaStIn,bevFrtRoadHeavy
CH,h0487,0.5010898808643895,scr1994,avaStIn,bevFrtRoadHeavy
CH,h0488,0.5385315909083035,scr1994,avaStIn,bevFrtRoadHeavy
CH,h0489,0.5717279447574262,scr1994,avaStIn,bevFrtRoadHeavy
CH,h0490,0.5864026834476788,scr1994,avaStIn,bevFrtRoadHeavy
CH,h0491,0.5903568012897213,scr1994,avaStIn,bevFrtRoadHeavy
CH,h0492,0.5820184110412341,scr1994,avaStIn,bevFrtRoadHeavy
CH,h0493,0.5522541766639684,scr1994,avaStIn,bevFrtRoadHeavy
CH,h0494,0.5025985097221295,scr1994,avaStIn,bevFrtRoadHeavy
CH,h0495,0.4360063902136216,scr1994,avaStIn,bevFrtRoadHeavy
CH,h0496,0.3706503344395034,scr1994,avaStIn,bevFrtRoadHeavy
CH,h0497,0.31400278945685395,scr1994,avaStIn,bevFrtRoadHeavy
CH,h0498,0.28426941117423804,scr1994,avaStIn,bevFrtRoadHeavy
CH,h0499,0.3038053855518607,scr1994,avaStIn,bevFrtRoadHeavy
CH,h0500,0.3429092096212539,scr1994,avaStIn,bevFrtRoadHeavy
CH,h0501,0.3896033187938301,scr1994,avaStIn,bevFrtRoadHeavy
CH,h0502,0.4056630174549854,scr1994,avaStIn,bevFrtRoadHeavy
CH,h0503,0.40808166599342416,scr1994,avaStIn,bevFrtRoadHeavy
CH,h0504,0.3933177281335835,scr1994,avaStIn,bevFrtRoadHeavy
CZ,h0337,0.36689691148585085,scr1994,avaStIn,bevFrtRoadHeavy
CZ,h0338,0.380104818059327,scr1994,avaStIn,bevFrtRoadHeavy
CZ,h0339,0.4194642325578846,scr1994,avaStIn,bevFrtRoadHeavy
CZ,h0340,0.46710902255410963,scr1994,avaStIn,bevFrtRoadHeavy
CZ,h0341,0.4966725249567239,scr1994,avaStIn,bevFrtRoadHeavy
CZ,h0342,0.4917721590281056,scr1994,avaStIn,bevFrtRoadHeavy
CZ,h0343,0.46881903384007567,scr1994,avaStIn,bevFrtRoadHeavy
CZ,h0344,0.4420970782858393,scr1994,avaStIn,bevFrtRoadHeavy
CZ,h0345,0.43234151430002793,scr1994,avaStIn,bevFrtRoadHeavy
CZ,h0346,0.4235892817447879,scr1994,avaStIn,bevFrtRoadHeavy
CZ,h0347,0.397223194562311,scr1994,avaStIn,bevFrtRoadHeavy
CZ,h0348,0.3508957346058093,scr1994,avaStIn,bevFrtRoadHeavy
CZ,h0349,0.3030199896710231,scr1994,avaStIn,bevFrtRoadHeavy
CZ,h0350,0.27474183334917385,scr1994,avaStIn,bevFrtRoadHeavy
CZ,h0351,0.2810042843274933,scr1994,avaStIn,bevFrtRoadHeavy
CZ,h0352,0.32648713074071817,scr1994,avaStIn,bevFrtRoadHeavy
CZ,h0353,0.3907025979922289,scr1994,avaStIn,bevFrtRoadHeavy
CZ,h0354,0.4625928572839217,scr1994,avaStIn,bevFrtRoadHeavy
CZ,h0355,0.5273810255260041,scr1994,avaStIn,bevFrtRoadHeavy
CZ,h0356,0.575177207510104,scr1994,avaStIn,bevFrtRoadHeavy
CZ,h0357,0.5973067629795761,scr1994,avaStIn,bevFrtRoadHeavy
CZ,h0358,0.6003940072514531,scr1994,avaStIn,bevFrtRoadHeavy
CZ,h0359,0.5908800318598231,scr1994,avaStIn,bevFrtRoadHeavy
CZ,h0360,0.5756042397510963,scr1994,avaStIn,bevFrtRoadHeavy
CZ,h0361,0.54933335981644,scr1994,avaStIn,bevFrtRoadHeavy
CZ,h0362,0.5218683931107748,scr1994,avaStIn,bevFrtRoadHeavy
CZ,h0363,0.49687219386419995,scr1994,avaStIn,bevFrtRoadHeavy
CZ,h0364,0.47427481614411754,scr1994,avaStIn,bevFrtRoadHeavy
CZ,h0365,0.4512001064311079,scr1994,avaStIn,bevFrtRoadHeavy
CZ,h0366,0.4317798248276851,scr1994,avaStIn,bevFrtRoadHeavy
CZ,h0367,0.4245222382729337,scr1994,avaStIn,bevFrtRoadHeavy
CZ,h0368,0.42681901755925794,scr1994,avaStIn,bevFrtRoadHeavy
CZ,h0369,0.43234151430002793,scr1994,avaStIn,bevFrtRoadHeavy
CZ,h0370,0.4235892817447879,scr1994,avaStIn,bevFrtRoadHeavy
CZ,h0371,0.397223194562311,scr1994,avaStIn,bevFrtRoadHeavy
CZ,h0372,0.3508957346058093,scr1994,avaStIn,bevFrtRoadHeavy
CZ,h0373,0.3030199896710231,scr1994,avaStIn,bevFrtRoadHeavy
CZ,h0374,0.27474183334917385,scr1994,avaStIn,bevFrtRoadHeavy
CZ,h0375,0.2810042843274933,scr1994,avaStIn,bevFrtRoadHeavy
CZ,h0376,0.32648713074071817,scr1994,avaStIn,bevFrtRoadHeavy
CZ,h0377,0.3907025979922289,scr1994,avaStIn,bevFrtRoadHeavy
CZ,h0378,0.4625928572839217,scr1994,avaStIn,bevFrtRoadHeavy
CZ,h0379,0.5258945707660485,scr1994,avaStIn,bevFrtRoadHeavy
CZ,h0380,0.5775126532133741,scr1994,avaStIn,bevFrtRoadHeavy
CZ,h0381,0.6068226498839902,scr1994,avaStIn,bevFrtRoadHeavy
CZ,h0382,0.6077267241442188,scr1994,avaStIn,bevFrtRoadHeavy
CZ,h0383,0.5845803785311798,scr1994,avaStIn,bevFrtRoadHeavy
CZ,h0384,0.5478532898823398,scr1994,avaStIn,bevFrtRoadHeavy
CZ,h0385,0.5248856515458393,scr1994,avaStIn,bevFrtRoadHeavy
CZ,h0386,0.5074870468783488,scr1994,avaStIn,bevFrtRoadHeavy
CZ,h0387,0.49687219386419995,scr1994,avaStIn,bevFrtRoadHeavy
CZ,h0388,0.47427481614411754,scr1994,avaStIn,bevFrtRoadHeavy
CZ,h0389,0.4512001064311079,scr1994,avaStIn,bevFrtRoadHeavy
CZ,h0390,0.4317798248276851,scr1994,avaStIn,bevFrtRoadHeavy
CZ,h0391,0.4070613891581884,scr1994,avaStIn,bevFrtRoadHeavy
CZ,h0392,0.39697641675210144,scr1994,avaStIn,bevFrtRoadHeavy
CZ,h0393,0.39870421520431126,scr1994,avaStIn,bevFrtRoadHeavy
CZ,h0394,0.40926627041819047,scr1994,avaStIn,bevFrtRoadHeavy
CZ,h0395,0.39842288468029213,scr1994,avaStIn,bevFrtRoadHeavy
CZ,h0396,0.3557916354671122,scr1994,avaStIn,bevFrtRoadHeavy
CZ,h0397,0.40327113437985024,scr1994,avaStIn,bevFrtRoadHeavy
CZ,h0398,0.4468766289603083,scr1994,avaStIn,bevFrtRoadHeavy
CZ,h0399,0.49485270049335356,scr1994,avaStIn,bevFrtRoadHeavy
CZ,h0400,0.45345030023340877,scr1994,avaStIn,bevFrtRoadHeavy
CZ,h0401,0.42042601932163864,scr1994,avaStIn,bevFrtRoadHeavy
CZ,h0402,0.40261095639883443,scr1994,avaStIn,bevFrtRoadHeavy
CZ,h0403,0.3871763249572075,scr1994,avaStIn,bevFrtRoadHeavy
CZ,h0404,0.3744547271540745,scr1994,avaStIn,bevFrtRoadHeavy
CZ,h0405,0.34980970251809557,scr1994,avaStIn,bevFrtRoadHeavy
CZ,h0406,0.3110211101507691,scr1994,avaStIn,bevFrtRoadHeavy
CZ,h0407,0.2670140244077546,scr1994,avaStIn,bevFrtRoadHeavy
CZ,h0408,0.23449723533671968,scr1994,avaStIn,bevFrtRoadHeavy
CZ,h0409,0.2796419009980305,scr1994,avaStIn,bevFrtRoadHeavy
CZ,h0410,0.34160429932334896,scr1994,avaStIn,bevFrtRoadHeavy
CZ,h0411,0.40625179312817933,scr1994,avaStIn,bevFrtRoadHeavy
CZ,h0412,0.4260236415512996,scr1994,avaStIn,bevFrtRoadHeavy
CZ,h0413,0.4370627609428927,scr1994,avaStIn,bevFrtRoadHeavy
CZ,h0414,0.45354850989036083,scr1994,avaStIn,bevFrtRoadHeavy
CZ,h0415,0.5170257326829233,scr1994,avaStIn,bevFrtRoadHeavy
CZ,h0416,0.5846164078323919,scr1994,avaStIn,bevFrtRoadHeavy
CZ,h0417,0.6406822225854623,scr1994,avaStIn,bevFrtRoadHeavy
CZ,h0418,0.648916667,scr1994,avaStIn,bevFrtRoadHeavy
CZ,h0419,0.6397767272678316,scr1994,avaStIn,bevFrtRoadHeavy
CZ,h0420,0.6149581532285464,scr1994,avaStIn,bevFrtRoadHeavy
CZ,h0421,0.5787399234599702,scr1994,avaStIn,bevFrtRoadHeavy
CZ,h0422,0.5369544837819953,scr1994,avaStIn,bevFrtRoadHeavy
CZ,h0423,0.49485270049335356,scr1994,avaStIn,bevFrtRoadHeavy
CZ,h0424,0.45345030023340877,scr1994,avaStIn,bevFrtRoadHeavy
CZ,h0425,0.42042601932163864,scr1994,avaStIn,bevFrtRoadHeavy
CZ,h0426,0.40261095639883443,scr1994,avaStIn,bevFrtRoadHeavy
CZ,h0427,0.3949139023723746,scr1994,avaStIn,bevFrtRoadHeavy
CZ,h0428,0.3897869437965427,scr1994,avaStIn,bevFrtRoadHeavy
CZ,h0429,0.37646876654895217,scr1994,avaStIn,bevFrtRoadHeavy
CZ,h0430,0.3452269488651632,scr1994,avaStIn,bevFrtRoadHeavy
CZ,h0431,0.3078659473763398,scr1994,avaStIn,bevFrtRoadHeavy
CZ,h0432,0.2779545307693782,scr1994,avaStIn,bevFrtRoadHeavy
CZ,h0433,0.30625207473084864,scr1994,avaStIn,bevFrtRoadHeavy
CZ,h0434,0.35411013106134476,scr1994,avaStIn,bevFrtRoadHeavy
CZ,h0435,0.40625179312817933,scr1994,avaStIn,bevFrtRoadHeavy
CZ,h0436,0.4260236415512996,scr1994,avaStIn,bevFrtRoadHeavy
CZ,h0437,0.4370627609428927,scr1994,avaStIn,bevFrtRoadHeavy
CZ,h0438,0.45354850989036083,scr1994,avaStIn,bevFrtRoadHeavy
CZ,h0439,0.48515941493213527,scr1994,avaStIn,bevFrtRoadHeavy
CZ,h0440,0.528605586824356,scr1994,avaStIn,bevFrtRoadHeavy
CZ,h0441,0.569163626072009,scr1994,avaStIn,bevFrtRoadHeavy
CZ,h0442,0.5967091713705934,scr1994,avaStIn,bevFrtRoadHeavy
CZ,h0443,0.6072714158345789,scr1994,avaStIn,bevFrtRoadHeavy
CZ,h0444,0.5997465210395598,scr1994,avaStIn,bevFrtRoadHeavy
CZ,h0445,0.5745197239560198,scr1994,avaStIn,bevFrtRoadHeavy
CZ,h0446,0.5374673886216577,scr1994,avaStIn,bevFrtRoadHeavy
CZ,h0447,0.49485270049335356,scr1994,avaStIn,bevFrtRoadHeavy
CZ,h0448,0.45345030023340877,scr1994,avaStIn,bevFrtRoadHeavy
CZ,h0449,0.42042601932163864,scr1994,avaStIn,bevFrtRoadHeavy
CZ,h0450,0.40261095639883443,scr1994,avaStIn,bevFrtRoadHeavy
CZ,h0451,0.3949139023723746,scr1994,avaStIn,bevFrtRoadHeavy
CZ,h0452,0.3897869437965427,scr1994,avaStIn,bevFrtRoadHeavy
CZ,h0453,0.37646876654895217,scr1994,avaStIn,bevFrtRoadHeavy
CZ,h0454,0.3452269488651632,scr1994,avaStIn,bevFrtRoadHeavy
CZ,h0455,0.3078659473763398,scr1994,avaStIn,bevFrtRoadHeavy
CZ,h0456,0.2779545307693782,scr1994,avaStIn,bevFrtRoadHeavy
CZ,h0457,0.3028710829268177,scr1994,avaStIn,bevFrtRoadHeavy
CZ,h0458,0.33213669174969157,scr1994,avaStIn,bevFrtRoadHeavy
CZ,h0459,0.3620087309567464,scr1994,avaStIn,bevFrtRoadHeavy
CZ,h0460,0.37004107340258524,scr1994,avaStIn,bevFrtRoadHeavy
CZ,h0461,0.3981843172784512,scr1994,avaStIn,bevFrtRoadHeavy
CZ,h0462,0.4423184385324596,scr1994,avaStIn,bevFrtRoadHeavy
CZ,h0463,0.4938743123061798,scr1994,avaStIn,bevFrtRoadHeavy
CZ,h0464,0.5393801271086389,scr1994,avaStIn,bevFrtRoadHeavy
CZ,h0465,0.5717279447574262,scr1994,avaStIn,bevFrtRoadHeavy
CZ,h0466,0.5864026834476788,scr1994,avaStIn,bevFrtRoadHeavy
CZ,h0467,0.5903568012897213,scr1994,avaStIn,bevFrtRoadHeavy
CZ,h0468,0.5820184110412341,scr1994,avaStIn,bevFrtRoadHeavy
CZ,h0469,0.5522541766639684,scr1994,avaStIn,bevFrtRoadHeavy
CZ,h0470,0.5025985097221295,scr1994,avaStIn,bevFrtRoadHeavy
CZ,h0471,0.4360063902136216,scr1994,avaStIn,bevFrtRoadHeavy
CZ,h0472,0.3706503344395034,scr1994,avaStIn,bevFrtRoadHeavy
CZ,h0473,0.31400278945685395,scr1994,avaStIn,bevFrtRoadHeavy
CZ,h0474,0.28426941117423804,scr1994,avaStIn,bevFrtRoadHeavy
CZ,h0475,0.3038053855518607,scr1994,avaStIn,bevFrtRoadHeavy
CZ,h0476,0.3429092096212539,scr1994,avaStIn,bevFrtRoadHeavy
CZ,h0477,0.3896033187938301,scr1994,avaStIn,bevFrtRoadHeavy
CZ,h0478,0.4056630174549854,scr1994,avaStIn,bevFrtRoadHeavy
CZ,h0479,0.40808166599342416,scr1994,avaStIn,bevFrtRoadHeavy
CZ,h0480,0.3933177281335835,scr1994,avaStIn,bevFrtRoadHeavy
CZ,h0481,0.41724016230702593,scr1994,avaStIn,bevFrtRoadHeavy
CZ,h0482,0.44152509618683106,scr1994,avaStIn,bevFrtRoadHeavy
CZ,h0483,0.4650823537739786,scr1994,avaStIn,bevFrtRoadHeavy
CZ,h0484,0.45675407757813863,scr1994,avaStIn,bevFrtRoadHeavy
CZ,h0485,0.45594549501808196,scr1994,avaStIn,bevFrtRoadHeavy
CZ,h0486,0.4699720265411949,scr1994,avaStIn,bevFrtRoadHeavy
CZ,h0487,0.5010898808643895,scr1994,avaStIn,bevFrtRoadHeavy
CZ,h0488,0.5385315909083035,scr1994,avaStIn,bevFrtRoadHeavy
CZ,h0489,0.5717279447574262,scr1994,avaStIn,bevFrtRoadHeavy
CZ,h0490,0.5864026834476788,scr1994,avaStIn,bevFrtRoadHeavy
CZ,h0491,0.5903568012897213,scr1994,avaStIn,bevFrtRoadHeavy
CZ,h0492,0.5820184110412341,scr1994,avaStIn,bevFrtRoadHeavy
CZ,h0493,0.5522541766639684,scr1994,avaStIn,bevFrtRoadHeavy
CZ,h0494,0.5025985097221295,scr1994,avaStIn,bevFrtRoadHeavy
CZ,h0495,0.4360063902136216,scr1994,avaStIn,bevFrtRoadHeavy
CZ,h0496,0.3706503344395034,scr1994,avaStIn,bevFrtRoadHeavy
CZ,h0497,0.31400278945685395,scr1994,avaStIn,bevFrtRoadHeavy
CZ,h0498,0.28426941117423804,scr1994,avaStIn,bevFrtRoadHeavy
CZ,h0499,0.3038053855518607,scr1994,avaStIn,bevFrtRoadHeavy
CZ,h0500,0.3429092096212539,scr1994,avaStIn,bevFrtRoadHeavy
CZ,h0501,0.3896033187938301,scr1994,avaStIn,bevFrtRoadHeavy
CZ,h0502,0.4056630174549854,scr1994,avaStIn,bevFrtRoadHeavy
CZ,h0503,0.40808166599342416,scr1994,avaStIn,bevFrtRoadHeavy
CZ,h0504,0.3933177281335835,scr1994,avaStIn,bevFrtRoadHeavy
DE,h0337,0.3668969114858508,scr1994,avaStIn,bevFrtRoadHeavy
DE,h0338,0.38010481805932694,scr1994,avaStIn,bevFrtRoadHeavy
DE,h0339,0.4194642325578847,scr1994,avaStIn,bevFrtRoadHeavy
DE,h0340,0.4671090225541096,scr1994,avaStIn,bevFrtRoadHeavy
DE,h0341,0.49667252495672387,scr1994,avaStIn,bevFrtRoadHeavy
DE,h0342,0.49177215902810556,scr1994,avaStIn,bevFrtRoadHeavy
DE,h0343,0.4688190338400756,scr1994,avaStIn,bevFrtRoadHeavy
DE,h0344,0.4420970782858392,scr1994,avaStIn,bevFrtRoadHeavy
DE,h0345,0.4323415143000279,scr1994,avaStIn,bevFrtRoadHeavy
DE,h0346,0.4235892817447878,scr1994,avaStIn,bevFrtRoadHeavy
DE,h0347,0.3972231945623109,scr1994,avaStIn,bevFrtRoadHeavy
DE,h0348,0.35089573460580925,scr1994,avaStIn,bevFrtRoadHeavy
DE,h0349,0.30301998967102306,scr1994,avaStIn,bevFrtRoadHeavy
DE,h0350,0.2747418333491738,scr1994,avaStIn,bevFrtRoadHeavy
DE,h0351,0.28100428432749325,scr1994,avaStIn,bevFrtRoadHeavy
DE,h0352,0.3264871307407181,scr1994,avaStIn,bevFrtRoadHeavy
DE,h0353,0.39070259799222884,scr1994,avaStIn,bevFrtRoadHeavy
DE,h0354,0.46259285728392163,scr1994,avaStIn,bevFrtRoadHeavy
DE,h0355,0.527381025526004,scr1994,avaStIn,bevFrtRoadHeavy
DE,h0356,0.5751772075101039,scr1994,avaStIn,bevFrtRoadHeavy
DE,h0357,0.597306762979576,scr1994,avaStIn,bevFrtRoadHeavy
DE,h0358,0.600394007251453,scr1994,avaStIn,bevFrtRoadHeavy
DE,h0359,0.5908800318598231,scr1994,avaStIn,bevFrtRoadHeavy
DE,h0360,0.5756042397510962,scr1994,avaStIn,bevFrtRoadHeavy
DE,h0361,0.54933335981644,scr1994,avaStIn,bevFrtRoadHeavy
DE,h0362,0.5218683931107748,scr1994,avaStIn,bevFrtRoadHeavy
DE,h0363,0.4968721938641999,scr1994,avaStIn,bevFrtRoadHeavy
DE,h0364,0.4742748161441175,scr1994,avaStIn,bevFrtRoadHeavy
DE,h0365,0.45120010643110775,scr1994,avaStIn,bevFrtRoadHeavy
DE,h0366,0.43177982482768507,scr1994,avaStIn,bevFrtRoadHeavy
DE,h0367,0.42452223827293367,scr1994,avaStIn,bevFrtRoadHeavy
DE,h0368,0.4268190175592579,scr1994,avaStIn,bevFrtRoadHeavy
DE,h0369,0.4323415143000279,scr1994,avaStIn,bevFrtRoadHeavy
DE,h0370,0.4235892817447878,scr1994,avaStIn,bevFrtRoadHeavy
DE,h0371,0.3972231945623109,scr1994,avaStIn,bevFrtRoadHeavy
DE,h0372,0.35089573460580925,scr1994,avaStIn,bevFrtRoadHeavy
DE,h0373,0.30301998967102306,scr1994,avaStIn,bevFrtRoadHeavy
DE,h0374,0.2747418333491738,scr1994,avaStIn,bevFrtRoadHeavy
DE,h0375,0.28100428432749325,scr1994,avaStIn,bevFrtRoadHeavy
DE,h0376,0.3264871307407181,scr1994,avaStIn,bevFrtRoadHeavy
DE,h0377,0.39070259799222884,scr1994,avaStIn,bevFrtRoadHeavy
DE,h0378,0.46259285728392163,scr1994,avaStIn,bevFrtRoadHeavy
DE,h0379,0.5258945707660485,scr1994,avaStIn,bevFrtRoadHeavy
DE,h0380,0.5775126532133741,scr1994,avaStIn,bevFrtRoadHeavy
DE,h0381,0.6068226498839902,scr1994,avaStIn,bevFrtRoadHeavy
DE,h0382,0.6077267241442188,scr1994,avaStIn,bevFrtRoadHeavy
DE,h0383,0.5845803785311801,scr1994,avaStIn,bevFrtRoadHeavy
DE,h0384,0.5478532898823398,scr1994,avaStIn,bevFrtRoadHeavy
DE,h0385,0.5248856515458392,scr1994,avaStIn,bevFrtRoadHeavy
DE,h0386,0.5074870468783489,scr1994,avaStIn,bevFrtRoadHeavy
DE,h0387,0.4968721938641999,scr1994,avaStIn,bevFrtRoadHeavy
DE,h0388,0.4742748161441175,scr1994,avaStIn,bevFrtRoadHeavy
DE,h0389,0.45120010643110775,scr1994,avaStIn,bevFrtRoadHeavy
DE,h0390,0.43177982482768507,scr1994,avaStIn,bevFrtRoadHeavy
DE,h0391,0.40706138915818835,scr1994,avaStIn,bevFrtRoadHeavy
DE,h0392,0.3969764167521014,scr1994,avaStIn,bevFrtRoadHeavy
DE,h0393,0.398704215204311,scr1994,avaStIn,bevFrtRoadHeavy
DE,h0394,0.4092662704181904,scr1994,avaStIn,bevFrtRoadHeavy
DE,h0395,0.3984228846802921,scr1994,avaStIn,bevFrtRoadHeavy
DE,h0396,0.3557916354671121,scr1994,avaStIn,bevFrtRoadHeavy
DE,h0397,0.4032711343798502,scr1994,avaStIn,bevFrtRoadHeavy
DE,h0398,0.4468766289603082,scr1994,avaStIn,bevFrtRoadHeavy
DE,h0399,0.4948527004933535,scr1994,avaStIn,bevFrtRoadHeavy
DE,h0400,0.4534503002334087,scr1994,avaStIn,bevFrtRoadHeavy
DE,h0401,0.4204260193216385,scr1994,avaStIn,bevFrtRoadHeavy
DE,h0402,0.4026109563988344,scr1994,avaStIn,bevFrtRoadHeavy
DE,h0403,0.38717632495720744,scr1994,avaStIn,bevFrtRoadHeavy
DE,h0404,0.37445472715407446,scr1994,avaStIn,bevFrtRoadHeavy
DE,h0405,0.3498097025180955,scr1994,avaStIn,bevFrtRoadHeavy
DE,h0406,0.31102111015076905,scr1994,avaStIn,bevFrtRoadHeavy
DE,h0407,0.26701402440775457,scr1994,avaStIn,bevFrtRoadHeavy
DE,h0408,0.23449723533671962,scr1994,avaStIn,bevFrtRoadHeavy
DE,h0409,0.27964190099803043,scr1994,avaStIn,bevFrtRoadHeavy
DE,h0410,0.3416042993233489,scr1994,avaStIn,bevFrtRoadHeavy
DE,h0411,0.4062517931281793,scr1994,avaStIn,bevFrtRoadHeavy
DE,h0412,0.42602364155129957,scr1994,avaStIn,bevFrtRoadHeavy
DE,h0413,0.43706276094289265,scr1994,avaStIn,bevFrtRoadHeavy
DE,h0414,0.4535485098903608,scr1994,avaStIn,bevFrtRoadHeavy
DE,h0415,0.5170257326829233,scr1994,avaStIn,bevFrtRoadHeavy
DE,h0416,0.5846164078323919,scr1994,avaStIn,bevFrtRoadHeavy
DE,h0417,0.6406822225854621,scr1994,avaStIn,bevFrtRoadHeavy
DE,h0418,0.648916667,scr1994,avaStIn,bevFrtRoadHeavy
DE,h0419,0.6397767272678315,scr1994,avaStIn,bevFrtRoadHeavy
DE,h0420,0.6149581532285463,scr1994,avaStIn,bevFrtRoadHeavy
DE,h0421,0.57873992345997,scr1994,avaStIn,bevFrtRoadHeavy
DE,h0422,0.5369544837819952,scr1994,avaStIn,bevFrtRoadHeavy
DE,h0423,0.4948527004933535,scr1994,avaStIn,bevFrtRoadHeavy
DE,h0424,0.4534503002334087,scr1994,avaStIn,bevFrtRoadHeavy
DE,h0425,0.4204260193216385,scr1994,avaStIn,bevFrtRoadHeavy
DE,h0426,0.4026109563988344,scr1994,avaStIn,bevFrtRoadHeavy
DE,h0427,0.39491390237237456,scr1994,avaStIn,bevFrtRoadHeavy
DE,h0428,0.38978694379654266,scr1994,avaStIn,bevFrtRoadHeavy
DE,h0429,0.3764687665489521,scr1994,avaStIn,bevFrtRoadHeavy
DE,h0430,0.34522694886516314,scr1994,avaStIn,bevFrtRoadHeavy
DE,h0431,0.30786594737633977,scr1994,avaStIn,bevFrtRoadHeavy
DE,h0432,0.27795453076937815,scr1994,avaStIn,bevFrtRoadHeavy
DE,h0433,0.3062520747308486,scr1994,avaStIn,bevFrtRoadHeavy
DE,h0434,0.3541101310613447,scr1994,avaStIn,bevFrtRoadHeavy
DE,h0435,0.4062517931281793,scr1994,avaStIn,bevFrtRoadHeavy
DE,h0436,0.42602364155129957,scr1994,avaStIn,bevFrtRoadHeavy
DE,h0437,0.43706276094289265,scr1994,avaStIn,bevFrtRoadHeavy
DE,h0438,0.4535485098903608,scr1994,avaStIn,bevFrtRoadHeavy
DE,h0439,0.4851594149321352,scr1994,avaStIn,bevFrtRoadHeavy
DE,h0440,0.5286055868243559,scr1994,avaStIn,bevFrtRoadHeavy
DE,h0441,0.5691636260720089,scr1994,avaStIn,bevFrtRoadHeavy
DE,h0442,0.5967091713705934,scr1994,avaStIn,bevFrtRoadHeavy
DE,h0443,0.6072714158345788,scr1994,avaStIn,bevFrtRoadHeavy
DE,h0444,0.5997465210395597,scr1994,avaStIn,bevFrtRoadHeavy
DE,h0445,0.5745197239560198,scr1994,avaStIn,bevFrtRoadHeavy
DE,h0446,0.5374673886216577,scr1994,avaStIn,bevFrtRoadHeavy
DE,h0447,0.4948527004933535,scr1994,avaStIn,bevFrtRoadHeavy
DE,h0448,0.4534503002334087,scr1994,avaStIn,bevFrtRoadHeavy
DE,h0449,0.4204260193216385,scr1994,avaStIn,bevFrtRoadHeavy
DE,h0450,0.4026109563988344,scr1994,avaStIn,bevFrtRoadHeavy
DE,h0451,0.39491390237237456,scr1994,avaStIn,bevFrtRoadHeavy
DE,h0452,0.38978694379654266,scr1994,avaStIn,bevFrtRoadHeavy
DE,h0453,0.3764687665489521,scr1994,avaStIn,bevFrtRoadHeavy
DE,h0454,0.34522694886516314,scr1994,avaStIn,bevFrtRoadHeavy
DE,h0455,0.30786594737633977,scr1994,avaStIn,bevFrtRoadHeavy
DE,h0456,0.27795453076937815,scr1994,avaStIn,bevFrtRoadHeavy
DE,h0457,0.30287108292681764,scr1994,avaStIn,bevFrtRoadHeavy
DE,h0458,0.3321366917496915,scr1994,avaStIn,bevFrtRoadHeavy
DE,h0459,0.36200873095674635,scr1994,avaStIn,bevFrtRoadHeavy
DE,h0460,0.3700410734025852,scr1994,avaStIn,bevFrtRoadHeavy
DE,h0461,0.39818431727845116,scr1994,avaStIn,bevFrtRoadHeavy
DE,h0462,0.44231843853245956,scr1994,avaStIn,bevFrtRoadHeavy
DE,h0463,0.49387431230617973,scr1994,avaStIn,bevFrtRoadHeavy
DE,h0464,0.5393801271086388,scr1994,avaStIn,bevFrtRoadHeavy
DE,h0465,0.5717279447574262,scr1994,avaStIn,bevFrtRoadHeavy
DE,h0466,0.5864026834476788,scr1994,avaStIn,bevFrtRoadHeavy
DE,h0467,0.5903568012897215,scr1994,avaStIn,bevFrtRoadHeavy
DE,h0468,0.5820184110412341,scr1994,avaStIn,bevFrtRoadHeavy
DE,h0469,0.5522541766639687,scr1994,avaStIn,bevFrtRoadHeavy
DE,h0470,0.5025985097221295,scr1994,avaStIn,bevFrtRoadHeavy
DE,h0471,0.43600639021362153,scr1994,avaStIn,bevFrtRoadHeavy
DE,h0472,0.37065033443950335,scr1994,avaStIn,bevFrtRoadHeavy
DE,h0473,0.3140027894568539,scr1994,avaStIn,bevFrtRoadHeavy
DE,h0474,0.284269411174238,scr1994,avaStIn,bevFrtRoadHeavy
DE,h0475,0.30380538555186054,scr1994,avaStIn,bevFrtRoadHeavy
DE,h0476,0.3429092096212537,scr1994,avaStIn,bevFrtRoadHeavy
DE,h0477,0.38960331879383003,scr1994,avaStIn,bevFrtRoadHeavy
DE,h0478,0.40566301745498523,scr1994,avaStIn,bevFrtRoadHeavy
DE,h0479,0.4080816659934241,scr1994,avaStIn,bevFrtRoadHeavy
DE,h0480,0.39331772813358346,scr1994,avaStIn,bevFrtRoadHeavy
DE,h0481,0.4172401623070259,scr1994,avaStIn,bevFrtRoadHeavy
DE,h0482,0.4415250961868308,scr1994,avaStIn,bevFrtRoadHeavy
DE,h0483,0.46508235377397855,scr1994,avaStIn,bevFrtRoadHeavy
DE,h0484,0.45675407757813835,scr1994,avaStIn,bevFrtRoadHeavy
DE,h0485,0.4559454950180819,scr1994,avaStIn,bevFrtRoadHeavy
DE,h0486,0.46997202654119463,scr1994,avaStIn,bevFrtRoadHeavy
DE,h0487,0.5010898808643895,scr1994,avaStIn,bevFrtRoadHeavy
DE,h0488,0.5385315909083035,scr1994,avaStIn,bevFrtRoadHeavy
DE,h0489,0.5717279447574262,scr1994,avaStIn,bevFrtRoadHeavy
DE,h0490,0.5864026834476788,scr1994,avaStIn,bevFrtRoadHeavy
DE,h0491,0.5903568012897215,scr1994,avaStIn,bevFrtRoadHeavy
DE,h0492,0.5820184110412341,scr1994,avaStIn,bevFrtRoadHeavy
DE,h0493,0.5522541766639687,scr1994,avaStIn,bevFrtRoadHeavy
DE,h0494,0.5025985097221295,scr1994,avaStIn,bevFrtRoadHeavy
DE,h0495,0.43600639021362153,scr1994,avaStIn,bevFrtRoadHeavy
DE,h0496,0.37065033443950335,scr1994,avaStIn,bevFrtRoadHeavy
DE,h0497,0.3140027894568539,scr1994,avaStIn,bevFrtRoadHeavy
DE,h0498,0.284269411174238,scr1994,avaStIn,bevFrtRoadHeavy
DE,h0499,0.30380538555186054,scr1994,avaStIn,bevFrtRoadHeavy
DE,h0500,0.3429092096212537,scr1994,avaStIn,bevFrtRoadHeavy
DE,h0501,0.38960331879383003,scr1994,avaStIn,bevFrtRoadHeavy
DE,h0502,0.40566301745498523,scr1994,avaStIn,bevFrtRoadHeavy
DE,h0503,0.4080816659934241,scr1994,avaStIn,bevFrtRoadHeavy
DE,h0504,0.39331772813358346,scr1994,avaStIn,bevFrtRoadHeavy
GR,h0337,0.36689691148585085,scr1994,avaStIn,bevFrtRoadHeavy
GR,h0338,0.380104818059327,scr1994,avaStIn,bevFrtRoadHeavy
GR,h0339,0.4194642325578846,scr1994,avaStIn,bevFrtRoadHeavy
GR,h0340,0.46710902255410963,scr1994,avaStIn,bevFrtRoadHeavy
GR,h0341,0.4966725249567239,scr1994,avaStIn,bevFrtRoadHeavy
GR,h0342,0.4917721590281056,scr1994,avaStIn,bevFrtRoadHeavy
GR,h0343,0.46881903384007567,scr1994,avaStIn,bevFrtRoadHeavy
GR,h0344,0.4420970782858393,scr1994,avaStIn,bevFrtRoadHeavy
GR,h0345,0.43234151430002793,scr1994,avaStIn,bevFrtRoadHeavy
GR,h0346,0.4235892817447879,scr1994,avaStIn,bevFrtRoadHeavy
GR,h0347,0.397223194562311,scr1994,avaStIn,bevFrtRoadHeavy
GR,h0348,0.3508957346058093,scr1994,avaStIn,bevFrtRoadHeavy
GR,h0349,0.3030199896710231,scr1994,avaStIn,bevFrtRoadHeavy
GR,h0350,0.27474183334917385,scr1994,avaStIn,bevFrtRoadHeavy
GR,h0351,0.2810042843274933,scr1994,avaStIn,bevFrtRoadHeavy
GR,h0352,0.32648713074071817,scr1994,avaStIn,bevFrtRoadHeavy
GR,h0353,0.3907025979922289,scr1994,avaStIn,bevFrtRoadHeavy
GR,h0354,0.4625928572839217,scr1994,avaStIn,bevFrtRoadHeavy
GR,h0355,0.5273810255260041,scr1994,avaStIn,bevFrtRoadHeavy
GR,h0356,0.575177207510104,scr1994,avaStIn,bevFrtRoadHeavy
GR,h0357,0.5973067629795761,scr1994,avaStIn,bevFrtRoadHeavy
GR,h0358,0.6003940072514531,scr1994,avaStIn,bevFrtRoadHeavy
GR,h0359,0.5908800318598231,scr1994,avaStIn,bevFrtRoadHeavy
GR,h0360,0.5756042397510963,scr1994,avaStIn,bevFrtRoadHeavy
GR,h0361,0.54933335981644,scr1994,avaStIn,bevFrtRoadHeavy
GR,h0362,0.5218683931107748,scr1994,avaStIn,bevFrtRoadHeavy
GR,h0363,0.49687219386419995,scr1994,avaStIn,bevFrtRoadHeavy
GR,h0364,0.47427481614411754,scr1994,avaStIn,bevFrtRoadHeavy
GR,h0365,0.4512001064311079,scr1994,avaStIn,bevFrtRoadHeavy
GR,h0366,0.4317798248276851,scr1994,avaStIn,bevFrtRoadHeavy
GR,h0367,0.4245222382729337,scr1994,avaStIn,bevFrtRoadHeavy
GR,h0368,0.42681901755925794,scr1994,avaStIn,bevFrtRoadHeavy
GR,h0369,0.43234151430002793,scr1994,avaStIn,bevFrtRoadHeavy
GR,h0370,0.4235892817447879,scr1994,avaStIn,bevFrtRoadHeavy
GR,h0371,0.397223194562311,scr1994,avaStIn,bevFrtRoadHeavy
GR,h0372,0.3508957346058093,scr1994,avaStIn,bevFrtRoadHeavy
GR,h0373,0.3030199896710231,scr1994,avaStIn,bevFrtRoadHeavy
GR,h0374,0.27474183334917385,scr1994,avaStIn,bevFrtRoadHeavy
GR,h0375,0.2810042843274933,scr1994,avaStIn,bevFrtRoadHeavy
GR,h0376,0.32648713074071817,scr1994,avaStIn,bevFrtRoadHeavy
GR,h0377,0.3907025979922289,scr1994,avaStIn,bevFrtRoadHeavy
GR,h0378,0.4625928572839217,scr1994,avaStIn,bevFrtRoadHeavy
GR,h0379,0.5258945707660485,scr1994,avaStIn,bevFrtRoadHeavy
GR,h0380,0.5775126532133741,scr1994,avaStIn,bevFrtRoadHeavy
GR,h0381,0.6068226498839902,scr1994,avaStIn,bevFrtRoadHeavy
GR,h0382,0.6077267241442188,scr1994,avaStIn,bevFrtRoadHeavy
GR,h0383,0.5845803785311798,scr1994,avaStIn,bevFrtRoadHeavy
GR,h0384,0.5478532898823398,scr1994,avaStIn,bevFrtRoadHeavy
GR,h0385,0.5248856515458393,scr1994,avaStIn,bevFrtRoadHeavy
GR,h0386,0.5074870468783488,scr1994,avaStIn,bevFrtRoadHeavy
GR,h0387,0.49687219386419995,scr1994,avaStIn,bevFrtRoadHeavy
GR,h0388,0.47427481614411754,scr1994,avaStIn,bevFrtRoadHeavy
GR,h0389,0.4512001064311079,scr1994,avaStIn,bevFrtRoadHeavy
GR,h0390,0.4317798248276851,scr1994,avaStIn,bevFrtRoadHeavy
GR,h0391,0.4070613891581884,scr1994,avaStIn,bevFrtRoadHeavy
GR,h0392,0.39697641675210144,scr1994,avaStIn,bevFrtRoadHeavy
GR,h0393,0.39870421520431126,scr1994,avaStIn,bevFrtRoadHeavy
GR,h0394,0.40926627041819047,scr1994,avaStIn,bevFrtRoadHeavy
GR,h0395,0.39842288468029213,scr1994,avaStIn,bevFrtRoadHeavy
GR,h0396,0.3557916354671122,scr1994,avaStIn,bevFrtRoadHeavy
GR,h0397,0.40327113437985024,scr1994,avaStIn,bevFrtRoadHeavy
GR,h0398,0.4468766289603083,scr1994,avaStIn,bevFrtRoadHeavy
GR,h0399,0.49485270049335356,scr1994,avaStIn,bevFrtRoadHeavy
GR,h0400,0.45345030023340877,scr1994,avaStIn,bevFrtRoadHeavy
GR,h0401,0.42042601932163864,scr1994,avaStIn,bevFrtRoadHeavy
GR,h0402,0.40261095639883443,scr1994,avaStIn,bevFrtRoadHeavy
GR,h0403,0.3871763249572075,scr1994,avaStIn,bevFrtRoadHeavy
GR,h0404,0.3744547271540745,scr1994,avaStIn,bevFrtRoadHeavy
GR,h0405,0.34980970251809557,scr1994,avaStIn,bevFrtRoadHeavy
GR,h0406,0.3110211101507691,scr1994,avaStIn,bevFrtRoadHeavy
GR,h0407,0.2670140244077546,scr1994,avaStIn,bevFrtRoadHeavy
GR,h0408,0.23449723533671968,scr1994,avaStIn,bevFrtRoadHeavy
GR,h0409,0.2796419009980305,scr1994,avaStIn,bevFrtRoadHeavy
GR,h0410,0.34160429932334896,scr1994,avaStIn,bevFrtRoadHeavy
GR,h0411,0.40625179312817933,scr1994,avaStIn,bevFrtRoadHeavy
GR,h0412,0.4260236415512996,scr1994,avaStIn,bevFrtRoadHeavy
GR,h0413,0.4370627609428927,scr1994,avaStIn,bevFrtRoadHeavy
GR,h0414,0.45354850989036083,scr1994,avaStIn,bevFrtRoadHeavy
GR,h0415,0.5170257326829233,scr1994,avaStIn,bevFrtRoadHeavy
GR,h0416,0.5846164078323919,scr1994,avaStIn,bevFrtRoadHeavy
GR,h0417,0.6406822225854623,scr1994,avaStIn,bevFrtRoadHeavy
GR,h0418,0.648916667,scr1994,avaStIn,bevFrtRoadHeavy
GR,h0419,0.6397767272678316,scr1994,avaStIn,bevFrtRoadHeavy
GR,h0420,0.6149581532285464,scr1994,avaStIn,bevFrtRoadHeavy
GR,h0421,0.5787399234599702,scr1994,avaStIn,bevFrtRoadHeavy
GR,h0422,0.5369544837819953,scr1994,avaStIn,bevFrtRoadHeavy
GR,h0423,0.49485270049335356,scr1994,avaStIn,bevFrtRoadHeavy
GR,h0424,0.45345030023340877,scr1994,avaStIn,bevFrtRoadHeavy
GR,h0425,0.42042601932163864,scr1994,avaStIn,bevFrtRoadHeavy
GR,h0426,0.40261095639883443,scr1994,avaStIn,bevFrtRoadHeavy
GR,h0427,0.3949139023723746,scr1994,avaStIn,bevFrtRoadHeavy
GR,h0428,0.3897869437965427,scr1994,avaStIn,bevFrtRoadHeavy
GR,h0429,0.37646876654895217,scr1994,avaStIn,bevFrtRoadHeavy
GR,h0430,0.3452269488651632,scr1994,avaStIn,bevFrtRoadHeavy
GR,h0431,0.3078659473763398,scr1994,avaStIn,bevFrtRoadHeavy
GR,h0432,0.2779545307693782,scr1994,avaStIn,bevFrtRoadHeavy
GR,h0433,0.30625207473084864,scr1994,avaStIn,bevFrtRoadHeavy
GR,h0434,0.35411013106134476,scr1994,avaStIn,bevFrtRoadHeavy
GR,h0435,0.40625179312817933,scr1994,avaStIn,bevFrtRoadHeavy
GR,h0436,0.4260236415512996,scr1994,avaStIn,bevFrtRoadHeavy
GR,h0437,0.4370627609428927,scr1994,avaStIn,bevFrtRoadHeavy
GR,h0438,0.45354850989036083,scr1994,avaStIn,bevFrtRoadHeavy
GR,h0439,0.48515941493213527,scr1994,avaStIn,bevFrtRoadHeavy
GR,h0440,0.528605586824356,scr1994,avaStIn,bevFrtRoadHeavy
GR,h0441,0.569163626072009,scr1994,avaStIn,bevFrtRoadHeavy
GR,h0442,0.5967091713705934,scr1994,avaStIn,bevFrtRoadHeavy
GR,h0443,0.6072714158345789,scr1994,avaStIn,bevFrtRoadHeavy
GR,h0444,0.5997465210395598,scr1994,avaStIn,bevFrtRoadHeavy
GR,h0445,0.5745197239560198,scr1994,avaStIn,bevFrtRoadHeavy
GR,h0446,0.5374673886216577,scr1994,avaStIn,bevFrtRoadHeavy
GR,h0447,0.49485270049335356,scr1994,avaStIn,bevFrtRoadHeavy
GR,h0448,0.45345030023340877,scr1994,avaStIn,bevFrtRoadHeavy
GR,h0449,0.42042601932163864,scr1994,avaStIn,bevFrtRoadHeavy
GR,h0450,0.40261095639883443,scr1994,avaStIn,bevFrtRoadHeavy
GR,h0451,0.3949139023723746,scr1994,avaStIn,bevFrtRoadHeavy
GR,h0452,0.3897869437965427,scr1994,avaStIn,bevFrtRoadHeavy
GR,h0453,0.37646876654895217,scr1994,avaStIn,bevFrtRoadHeavy
GR,h0454,0.3452269488651632,scr1994,avaStIn,bevFrtRoadHeavy
GR,h0455,0.3078659473763398,scr1994,avaStIn,bevFrtRoadHeavy
GR,h0456,0.2779545307693782,scr1994,avaStIn,bevFrtRoadHeavy
GR,h0457,0.3028710829268177,scr1994,avaStIn,bevFrtRoadHeavy
GR,h0458,0.33213669174969157,scr1994,avaStIn,bevFrtRoadHeavy
GR,h0459,0.3620087309567464,scr1994,avaStIn,bevFrtRoadHeavy
GR,h0460,0.37004107340258524,scr1994,avaStIn,bevFrtRoadHeavy
GR,h0461,0.3981843172784512,scr1994,avaStIn,bevFrtRoadHeavy
GR,h0462,0.4423184385324596,scr1994,avaStIn,bevFrtRoadHeavy
GR,h0463,0.4938743123061798,scr1994,avaStIn,bevFrtRoadHeavy
GR,h0464,0.5393801271086389,scr1994,avaStIn,bevFrtRoadHeavy
GR,h0465,0.5717279447574262,scr1994,avaStIn,bevFrtRoadHeavy
GR,h0466,0.5864026834476788,scr1994,avaStIn,bevFrtRoadHeavy
GR,h0467,0.5903568012897213,scr1994,avaStIn,bevFrtRoadHeavy
GR,h0468,0.5820184110412341,scr1994,avaStIn,bevFrtRoadHeavy
GR,h0469,0.5522541766639684,scr1994,avaStIn,bevFrtRoadHeavy
GR,h0470,0.5025985097221295,scr1994,avaStIn,bevFrtRoadHeavy
GR,h0471,0.4360063902136216,scr1994,avaStIn,bevFrtRoadHeavy
GR,h0472,0.3706503344395034,scr1994,avaStIn,bevFrtRoadHeavy
GR,h0473,0.31400278945685395,scr1994,avaStIn,bevFrtRoadHeavy
GR,h0474,0.28426941117423804,scr1994,avaStIn,bevFrtRoadHeavy
GR,h0475,0.3038053855518607,scr1994,avaStIn,bevFrtRoadHeavy
GR,h0476,0.3429092096212539,scr1994,avaStIn,bevFrtRoadHeavy
GR,h0477,0.3896033187938301,scr1994,avaStIn,bevFrtRoadHeavy
GR,h0478,0.4056630174549854,scr1994,avaStIn,bevFrtRoadHeavy
GR,h0479,0.40808166599342416,scr1994,avaStIn,bevFrtRoadHeavy
GR,h0480,0.3933177281335835,scr1994,avaStIn,bevFrtRoadHeavy
GR,h0481,0.41724016230702593,scr1994,avaStIn,bevFrtRoadHeavy
GR,h0482,0.44152509618683106,scr1994,avaStIn,bevFrtRoadHeavy
GR,h0483,0.4650823537739786,scr1994,avaStIn,bevFrtRoadHeavy
GR,h0484,0.45675407757813863,scr1994,avaStIn,bevFrtRoadHeavy
GR,h0485,0.45594549501808196,scr1994,avaStIn,bevFrtRoadHeavy
GR,h0486,0.4699720265411949,scr1994,avaStIn,bevFrtRoadHeavy
GR,h0487,0.5010898808643895,scr1994,avaStIn,bevFrtRoadHeavy
GR,h0488,0.5385315909083035,scr1994,avaStIn,bevFrtRoadHeavy
GR,h0489,0.5717279447574262,scr1994,avaStIn,bevFrtRoadHeavy
GR,h0490,0.5864026834476788,scr1994,avaStIn,bevFrtRoadHeavy
GR,h0491,0.5903568012897213,scr1994,avaStIn,bevFrtRoadHeavy
GR,h0492,0.5820184110412341,scr1994,avaStIn,bevFrtRoadHeavy
GR,h0493,0.5522541766639684,scr1994,avaStIn,bevFrtRoadHeavy
GR,h0494,0.5025985097221295,scr1994,avaStIn,bevFrtRoadHeavy
GR,h0495,0.4360063902136216,scr1994,avaStIn,bevFrtRoadHeavy
GR,h0496,0.3706503344395034,scr1994,avaStIn,bevFrtRoadHeavy
GR,h0497,0.31400278945685395,scr1994,avaStIn,bevFrtRoadHeavy
GR,h0498,0.28426941117423804,scr1994,avaStIn,bevFrtRoadHeavy
GR,h0499,0.3038053855518607,scr1994,avaStIn,bevFrtRoadHeavy
GR,h0500,0.3429092096212539,scr1994,avaStIn,bevFrtRoadHeavy
GR,h0501,0.3896033187938301,scr1994,avaStIn,bevFrtRoadHeavy
GR,h0502,0.4056630174549854,scr1994,avaStIn,bevFrtRoadHeavy
GR,h0503,0.40808166599342416,scr1994,avaStIn,bevFrtRoadHeavy
GR,h0504,0.3933177281335835,scr1994,avaStIn,bevFrtRoadHeavy
ES,h0337,0.36689691148585085,scr1994,avaStIn,bevFrtRoadHeavy
ES,h0338,0.380104818059327,scr1994,avaStIn,bevFrtRoadHeavy
ES,h0339,0.41946423255788473,scr1994,avaStIn,bevFrtRoadHeavy
ES,h0340,0.46710902255410963,scr1994,avaStIn,bevFrtRoadHeavy
ES,h0341,0.4966725249567239,scr1994,avaStIn,bevFrtRoadHeavy
ES,h0342,0.4917721590281056,scr1994,avaStIn,bevFrtRoadHeavy
ES,h0343,0.46881903384007567,scr1994,avaStIn,bevFrtRoadHeavy
ES,h0344,0.4420970782858393,scr1994,avaStIn,bevFrtRoadHeavy
ES,h0345,0.43234151430002793,scr1994,avaStIn,bevFrtRoadHeavy
ES,h0346,0.4235892817447879,scr1994,avaStIn,bevFrtRoadHeavy
ES,h0347,0.397223194562311,scr1994,avaStIn,bevFrtRoadHeavy
ES,h0348,0.3508957346058093,scr1994,avaStIn,bevFrtRoadHeavy
ES,h0349,0.3030199896710231,scr1994,avaStIn,bevFrtRoadHeavy
ES,h0350,0.27474183334917374,scr1994,avaStIn,bevFrtRoadHeavy
ES,h0351,0.2810042843274933,scr1994,avaStIn,bevFrtRoadHeavy
ES,h0352,0.32648713074071817,scr1994,avaStIn,bevFrtRoadHeavy
ES,h0353,0.390702597992229,scr1994,avaStIn,bevFrtRoadHeavy
ES,h0354,0.4625928572839217,scr1994,avaStIn,bevFrtRoadHeavy
ES,h0355,0.5273810255260041,scr1994,avaStIn,bevFrtRoadHeavy
ES,h0356,0.575177207510104,scr1994,avaStIn,bevFrtRoadHeavy
ES,h0357,0.5973067629795761,scr1994,avaStIn,bevFrtRoadHeavy
ES,h0358,0.6003940072514531,scr1994,avaStIn,bevFrtRoadHeavy
ES,h0359,0.5908800318598231,scr1994,avaStIn,bevFrtRoadHeavy
ES,h0360,0.5756042397510963,scr1994,avaStIn,bevFrtRoadHeavy
ES,h0361,0.54933335981644,scr1994,avaStIn,bevFrtRoadHeavy
ES,h0362,0.5218683931107748,scr1994,avaStIn,bevFrtRoadHeavy
ES,h0363,0.49687219386419995,scr1994,avaStIn,bevFrtRoadHeavy
ES,h0364,0.47427481614411754,scr1994,avaStIn,bevFrtRoadHeavy
ES,h0365,0.4512001064311079,scr1994,avaStIn,bevFrtRoadHeavy
ES,h0366,0.4317798248276849,scr1994,avaStIn,bevFrtRoadHeavy
ES,h0367,0.4245222382729336,scr1994,avaStIn,bevFrtRoadHeavy
ES,h0368,0.42681901755925794,scr1994,avaStIn,bevFrtRoadHeavy
ES,h0369,0.43234151430002793,scr1994,avaStIn,bevFrtRoadHeavy
ES,h0370,0.4235892817447879,scr1994,avaStIn,bevFrtRoadHeavy
ES,h0371,0.397223194562311,scr1994,avaStIn,bevFrtRoadHeavy
ES,h0372,0.3508957346058093,scr1994,avaStIn,bevFrtRoadHeavy
ES,h0373,0.3030199896710231,scr1994,avaStIn,bevFrtRoadHeavy
ES,h0374,0.27474183334917374,scr1994,avaStIn,bevFrtRoadHeavy
ES,h0375,0.2810042843274933,scr1994,avaStIn,bevFrtRoadHeavy
ES,h0376,0.32648713074071817,scr1994,avaStIn,bevFrtRoadHeavy
ES,h0377,0.390702597992229,scr1994,avaStIn,bevFrtRoadHeavy
ES,h0378,0.4625928572839217,scr1994,avaStIn,bevFrtRoadHeavy
ES,h0379,0.5258945707660485,scr1994,avaStIn,bevFrtRoadHeavy
ES,h0380,0.5775126532133741,scr1994,avaStIn,bevFrtRoadHeavy
ES,h0381,0.6068226498839902,scr1994,avaStIn,bevFrtRoadHeavy
ES,h0382,0.6077267241442188,scr1994,avaStIn,bevFrtRoadHeavy
ES,h0383,0.5845803785311801,scr1994,avaStIn,bevFrtRoadHeavy
ES,h0384,0.5478532898823398,scr1994,avaStIn,bevFrtRoadHeavy
ES,h0385,0.5248856515458393,scr1994,avaStIn,bevFrtRoadHeavy
ES,h0386,0.507487046878349,scr1994,avaStIn,bevFrtRoadHeavy
ES,h0387,0.49687219386419995,scr1994,avaStIn,bevFrtRoadHeavy
ES,h0388,0.47427481614411754,scr1994,avaStIn,bevFrtRoadHeavy
ES,h0389,0.4512001064311079,scr1994,avaStIn,bevFrtRoadHeavy
ES,h0390,0.4317798248276849,scr1994,avaStIn,bevFrtRoadHeavy
ES,h0391,0.4070613891581884,scr1994,avaStIn,bevFrtRoadHeavy
ES,h0392,0.39697641675210144,scr1994,avaStIn,bevFrtRoadHeavy
ES,h0393,0.39870421520431104,scr1994,avaStIn,bevFrtRoadHeavy
ES,h0394,0.4092662704181906,scr1994,avaStIn,bevFrtRoadHeavy
ES,h0395,0.39842288468029213,scr1994,avaStIn,bevFrtRoadHeavy
ES,h0396,0.3557916354671122,scr1994,avaStIn,bevFrtRoadHeavy
ES,h0397,0.40327113437985024,scr1994,avaStIn,bevFrtRoadHeavy
ES,h0398,0.4468766289603083,scr1994,avaStIn,bevFrtRoadHeavy
ES,h0399,0.49485270049335367,scr1994,avaStIn,bevFrtRoadHeavy
ES,h0400,0.45345030023340877,scr1994,avaStIn,bevFrtRoadHeavy
ES,h0401,0.42042601932163853,scr1994,avaStIn,bevFrtRoadHeavy
ES,h0402,0.40261095639883443,scr1994,avaStIn,bevFrtRoadHeavy
ES,h0403,0.3871763249572075,scr1994,avaStIn,bevFrtRoadHeavy
ES,h0404,0.3744547271540745,scr1994,avaStIn,bevFrtRoadHeavy
ES,h0405,0.34980970251809557,scr1994,avaStIn,bevFrtRoadHeavy
ES,h0406,0.3110211101507691,scr1994,avaStIn,bevFrtRoadHeavy
ES,h0407,0.2670140244077546,scr1994,avaStIn,bevFrtRoadHeavy
ES,h0408,0.2344972353367198,scr1994,avaStIn,bevFrtRoadHeavy
ES,h0409,0.2796419009980305,scr1994,avaStIn,bevFrtRoadHeavy
ES,h0410,0.34160429932334907,scr1994,avaStIn,bevFrtRoadHeavy
ES,h0411,0.40625179312817933,scr1994,avaStIn,bevFrtRoadHeavy
ES,h0412,0.4260236415512996,scr1994,avaStIn,bevFrtRoadHeavy
ES,h0413,0.4370627609428927,scr1994,avaStIn,bevFrtRoadHeavy
ES,h0414,0.45354850989036083,scr1994,avaStIn,bevFrtRoadHeavy
ES,h0415,0.5170257326829233,scr1994,avaStIn,bevFrtRoadHeavy
ES,h0416,0.5846164078323919,scr1994,avaStIn,bevFrtRoadHeavy
ES,h0417,0.6406822225854623,scr1994,avaStIn,bevFrtRoadHeavy
ES,h0418,0.648916667,scr1994,avaStIn,bevFrtRoadHeavy
ES,h0419,0.6397767272678316,scr1994,avaStIn,bevFrtRoadHeavy
ES,h0420,0.6149581532285464,scr1994,avaStIn,bevFrtRoadHeavy
ES,h0421,0.5787399234599702,scr1994,avaStIn,bevFrtRoadHeavy
ES,h0422,0.5369544837819953,scr1994,avaStIn,bevFrtRoadHeavy
ES,h0423,0.49485270049335367,scr1994,avaStIn,bevFrtRoadHeavy
ES,h0424,0.45345030023340877,scr1994,avaStIn,bevFrtRoadHeavy
ES,h0425,0.42042601932163853,scr1994,avaStIn,bevFrtRoadHeavy
ES,h0426,0.40261095639883443,scr1994,avaStIn,bevFrtRoadHeavy
ES,h0427,0.3949139023723746,scr1994,avaStIn,bevFrtRoadHeavy
ES,h0428,0.3897869437965427,scr1994,avaStIn,bevFrtRoadHeavy
ES,h0429,0.37646876654895217,scr1994,avaStIn,bevFrtRoadHeavy
ES,h0430,0.3452269488651632,scr1994,avaStIn,bevFrtRoadHeavy
ES,h0431,0.3078659473763398,scr1994,avaStIn,bevFrtRoadHeavy
ES,h0432,0.2779545307693782,scr1994,avaStIn,bevFrtRoadHeavy
ES,h0433,0.30625207473084864,scr1994,avaStIn,bevFrtRoadHeavy
ES,h0434,0.35411013106134476,scr1994,avaStIn,bevFrtRoadHeavy
ES,h0435,0.40625179312817933,scr1994,avaStIn,bevFrtRoadHeavy
ES,h0436,0.4260236415512996,scr1994,avaStIn,bevFrtRoadHeavy
ES,h0437,0.4370627609428927,scr1994,avaStIn,bevFrtRoadHeavy
ES,h0438,0.45354850989036083,scr1994,avaStIn,bevFrtRoadHeavy
ES,h0439,0.48515941493213527,scr1994,avaStIn,bevFrtRoadHeavy
ES,h0440,0.528605586824356,scr1994,avaStIn,bevFrtRoadHeavy
ES,h0441,0.569163626072009,scr1994,avaStIn,bevFrtRoadHeavy
ES,h0442,0.5967091713705934,scr1994,avaStIn,bevFrtRoadHeavy
ES,h0443,0.6072714158345789,scr1994,avaStIn,bevFrtRoadHeavy
ES,h0444,0.59974652103956,scr1994,avaStIn,bevFrtRoadHeavy
ES,h0445,0.5745197239560198,scr1994,avaStIn,bevFrtRoadHeavy
ES,h0446,0.5374673886216577,scr1994,avaStIn,bevFrtRoadHeavy
ES,h0447,0.49485270049335367,scr1994,avaStIn,bevFrtRoadHeavy
ES,h0448,0.45345030023340877,scr1994,avaStIn,bevFrtRoadHeavy
ES,h0449,0.42042601932163853,scr1994,avaStIn,bevFrtRoadHeavy
ES,h0450,0.40261095639883443,scr1994,avaStIn,bevFrtRoadHeavy
ES,h0451,0.3949139023723746,scr1994,avaStIn,bevFrtRoadHeavy
ES,h0452,0.3897869437965427,scr1994,avaStIn,bevFrtRoadHeavy
ES,h0453,0.37646876654895217,scr1994,avaStIn,bevFrtRoadHeavy
ES,h0454,0.3452269488651632,scr1994,avaStIn,bevFrtRoadHeavy
ES,h0455,0.3078659473763398,scr1994,avaStIn,bevFrtRoadHeavy
ES,h0456,0.2779545307693782,scr1994,avaStIn,bevFrtRoadHeavy
ES,h0457,0.3028710829268177,scr1994,avaStIn,bevFrtRoadHeavy
ES,h0458,0.33213669174969157,scr1994,avaStIn,bevFrtRoadHeavy
ES,h0459,0.3620087309567464,scr1994,avaStIn,bevFrtRoadHeavy
ES,h0460,0.37004107340258524,scr1994,avaStIn,bevFrtRoadHeavy
ES,h0461,0.3981843172784512,scr1994,avaStIn,bevFrtRoadHeavy
ES,h0462,0.4423184385324596,scr1994,avaStIn,bevFrtRoadHeavy
ES,h0463,0.4938743123061797,scr1994,avaStIn,bevFrtRoadHeavy
ES,h0464,0.5393801271086389,scr1994,avaStIn,bevFrtRoadHeavy
ES,h0465,0.5717279447574262,scr1994,avaStIn,bevFrtRoadHeavy
ES,h0466,0.586402683447679,scr1994,avaStIn,bevFrtRoadHeavy
ES,h0467,0.5903568012897216,scr1994,avaStIn,bevFrtRoadHeavy
ES,h0468,0.5820184110412341,scr1994,avaStIn,bevFrtRoadHeavy
ES,h0469,0.5522541766639686,scr1994,avaStIn,bevFrtRoadHeavy
ES,h0470,0.5025985097221295,scr1994,avaStIn,bevFrtRoadHeavy
ES,h0471,0.4360063902136216,scr1994,avaStIn,bevFrtRoadHeavy
ES,h0472,0.3706503344395034,scr1994,avaStIn,bevFrtRoadHeavy
ES,h0473,0.31400278945685395,scr1994,avaStIn,bevFrtRoadHeavy
ES,h0474,0.28426941117423804,scr1994,avaStIn,bevFrtRoadHeavy
ES,h0475,0.3038053855518606,scr1994,avaStIn,bevFrtRoadHeavy
ES,h0476,0.34290920962125376,scr1994,avaStIn,bevFrtRoadHeavy
ES,h0477,0.3896033187938301,scr1994,avaStIn,bevFrtRoadHeavy
ES,h0478,0.4056630174549853,scr1994,avaStIn,bevFrtRoadHeavy
ES,h0479,0.40808166599342416,scr1994,avaStIn,bevFrtRoadHeavy
ES,h0480,0.3933177281335835,scr1994,avaStIn,bevFrtRoadHeavy
ES,h0481,0.41724016230702593,scr1994,avaStIn,bevFrtRoadHeavy
ES,h0482,0.44152509618683083,scr1994,avaStIn,bevFrtRoadHeavy
ES,h0483,0.4650823537739785,scr1994,avaStIn,bevFrtRoadHeavy
ES,h0484,0.4567540775781384,scr1994,avaStIn,bevFrtRoadHeavy
ES,h0485,0.45594549501808196,scr1994,avaStIn,bevFrtRoadHeavy
ES,h0486,0.4699720265411949,scr1994,avaStIn,bevFrtRoadHeavy
ES,h0487,0.5010898808643895,scr1994,avaStIn,bevFrtRoadHeavy
ES,h0488,0.5385315909083035,scr1994,avaStIn,bevFrtRoadHeavy
ES,h0489,0.5717279447574262,scr1994,avaStIn,bevFrtRoadHeavy
ES,h0490,0.586402683447679,scr1994,avaStIn,bevFrtRoadHeavy
ES,h0491,0.5903568012897216,scr1994,avaStIn,bevFrtRoadHeavy
ES,h0492,0.5820184110412341,scr1994,avaStIn,bevFrtRoadHeavy
ES,h0493,0.5522541766639686,scr1994,avaStIn,bevFrtRoadHeavy
ES,h0494,0.5025985097221295,scr1994,avaStIn,bevFrtRoadHeavy
ES,h0495,0.4360063902136216,scr1994,avaStIn,bevFrtRoadHeavy
ES,h0496,0.3706503344395034,scr1994,avaStIn,bevFrtRoadHeavy
ES,h0497,0.31400278945685395,scr1994,avaStIn,bevFrtRoadHeavy
ES,h0498,0.28426941117423804,scr1994,avaStIn,bevFrtRoadHeavy
ES,h0499,0.3038053855518606,scr1994,avaStIn,bevFrtRoadHeavy
ES,h0500,0.34290920962125376,scr1994,avaStIn,bevFrtRoadHeavy
ES,h0501,0.3896033187938301,scr1994,avaStIn,bevFrtRoadHeavy
ES,h0502,0.4056630174549853,scr1994,avaStIn,bevFrtRoadHeavy
ES,h0503,0.40808166599342416,scr1994,avaStIn,bevFrtRoadHeavy
ES,h0504,0.3933177281335835,scr1994,avaStIn,bevFrtRoadHeavy
DK,h0337,0.36689691148585085,scr1994,avaStIn,bevFrtRoadHeavy
DK,h0338,0.380104818059327,scr1994,avaStIn,bevFrtRoadHeavy
DK,h0339,0.4194642325578846,scr1994,avaStIn,bevFrtRoadHeavy
DK,h0340,0.46710902255410963,scr1994,avaStIn,bevFrtRoadHeavy
DK,h0341,0.4966725249567239,scr1994,avaStIn,bevFrtRoadHeavy
DK,h0342,0.4917721590281056,scr1994,avaStIn,bevFrtRoadHeavy
DK,h0343,0.46881903384007567,scr1994,avaStIn,bevFrtRoadHeavy
DK,h0344,0.4420970782858393,scr1994,avaStIn,bevFrtRoadHeavy
DK,h0345,0.43234151430002793,scr1994,avaStIn,bevFrtRoadHeavy
DK,h0346,0.4235892817447879,scr1994,avaStIn,bevFrtRoadHeavy
DK,h0347,0.397223194562311,scr1994,avaStIn,bevFrtRoadHeavy
DK,h0348,0.3508957346058093,scr1994,avaStIn,bevFrtRoadHeavy
DK,h0349,0.3030199896710231,scr1994,avaStIn,bevFrtRoadHeavy
DK,h0350,0.27474183334917385,scr1994,avaStIn,bevFrtRoadHeavy
DK,h0351,0.2810042843274933,scr1994,avaStIn,bevFrtRoadHeavy
DK,h0352,0.32648713074071817,scr1994,avaStIn,bevFrtRoadHeavy
DK,h0353,0.3907025979922289,scr1994,avaStIn,bevFrtRoadHeavy
DK,h0354,0.4625928572839217,scr1994,avaStIn,bevFrtRoadHeavy
DK,h0355,0.5273810255260041,scr1994,avaStIn,bevFrtRoadHeavy
DK,h0356,0.575177207510104,scr1994,avaStIn,bevFrtRoadHeavy
DK,h0357,0.5973067629795761,scr1994,avaStIn,bevFrtRoadHeavy
DK,h0358,0.6003940072514531,scr1994,avaStIn,bevFrtRoadHeavy
DK,h0359,0.5908800318598231,scr1994,avaStIn,bevFrtRoadHeavy
DK,h0360,0.5756042397510963,scr1994,avaStIn,bevFrtRoadHeavy
DK,h0361,0.54933335981644,scr1994,avaStIn,bevFrtRoadHeavy
DK,h0362,0.5218683931107748,scr1994,avaStIn,bevFrtRoadHeavy
DK,h0363,0.49687219386419995,scr1994,avaStIn,bevFrtRoadHeavy
DK,h0364,0.47427481614411754,scr1994,avaStIn,bevFrtRoadHeavy
DK,h0365,0.4512001064311079,scr1994,avaStIn,bevFrtRoadHeavy
DK,h0366,0.4317798248276851,scr1994,avaStIn,bevFrtRoadHeavy
DK,h0367,0.4245222382729337,scr1994,avaStIn,bevFrtRoadHeavy
DK,h0368,0.42681901755925794,scr1994,avaStIn,bevFrtRoadHeavy
DK,h0369,0.43234151430002793,scr1994,avaStIn,bevFrtRoadHeavy
DK,h0370,0.4235892817447879,scr1994,avaStIn,bevFrtRoadHeavy
DK,h0371,0.397223194562311,scr1994,avaStIn,bevFrtRoadHeavy
DK,h0372,0.3508957346058093,scr1994,avaStIn,bevFrtRoadHeavy
DK,h0373,0.3030199896710231,scr1994,avaStIn,bevFrtRoadHeavy
DK,h0374,0.27474183334917385,scr1994,avaStIn,bevFrtRoadHeavy
DK,h0375,0.2810042843274933,scr1994,avaStIn,bevFrtRoadHeavy
DK,h0376,0.32648713074071817,scr1994,avaStIn,bevFrtRoadHeavy
DK,h0377,0.3907025979922289,scr1994,avaStIn,bevFrtRoadHeavy
DK,h0378,0.4625928572839217,scr1994,avaStIn,bevFrtRoadHeavy
DK,h0379,0.5258945707660485,scr1994,avaStIn,bevFrtRoadHeavy
DK,h0380,0.5775126532133741,scr1994,avaStIn,bevFrtRoadHeavy
DK,h0381,0.6068226498839902,scr1994,avaStIn,bevFrtRoadHeavy
DK,h0382,0.6077267241442188,scr1994,avaStIn,bevFrtRoadHeavy
DK,h0383,0.5845803785311798,scr1994,avaStIn,bevFrtRoadHeavy
DK,h0384,0.5478532898823398,scr1994,avaStIn,bevFrtRoadHeavy
DK,h0385,0.5248856515458393,scr1994,avaStIn,bevFrtRoadHeavy
DK,h0386,0.5074870468783488,scr1994,avaStIn,bevFrtRoadHeavy
DK,h0387,0.49687219386419995,scr1994,avaStIn,bevFrtRoadHeavy
DK,h0388,0.47427481614411754,scr1994,avaStIn,bevFrtRoadHeavy
DK,h0389,0.4512001064311079,scr1994,avaStIn,bevFrtRoadHeavy
DK,h0390,0.4317798248276851,scr1994,avaStIn,bevFrtRoadHeavy
DK,h0391,0.4070613891581884,scr1994,avaStIn,bevFrtRoadHeavy
DK,h0392,0.39697641675210144,scr1994,avaStIn,bevFrtRoadHeavy
DK,h0393,0.39870421520431126,scr1994,avaStIn,bevFrtRoadHeavy
DK,h0394,0.40926627041819047,scr1994,avaStIn,bevFrtRoadHeavy
DK,h0395,0.39842288468029213,scr1994,avaStIn,bevFrtRoadHeavy
DK,h0396,0.3557916354671122,scr1994,avaStIn,bevFrtRoadHeavy
DK,h0397,0.40327113437985024,scr1994,avaStIn,bevFrtRoadHeavy
DK,h0398,0.4468766289603083,scr1994,avaStIn,bevFrtRoadHeavy
DK,h0399,0.49485270049335356,scr1994,avaStIn,bevFrtRoadHeavy
DK,h0400,0.45345030023340877,scr1994,avaStIn,bevFrtRoadHeavy
DK,h0401,0.42042601932163864,scr1994,avaStIn,bevFrtRoadHeavy
DK,h0402,0.40261095639883443,scr1994,avaStIn,bevFrtRoadHeavy
DK,h0403,0.3871763249572075,scr1994,avaStIn,bevFrtRoadHeavy
DK,h0404,0.3744547271540745,scr1994,avaStIn,bevFrtRoadHeavy
DK,h0405,0.34980970251809557,scr1994,avaStIn,bevFrtRoadHeavy
DK,h0406,0.3110211101507691,scr1994,avaStIn,bevFrtRoadHeavy
DK,h0407,0.2670140244077546,scr1994,avaStIn,bevFrtRoadHeavy
DK,h0408,0.23449723533671968,scr1994,avaStIn,bevFrtRoadHeavy
DK,h0409,0.2796419009980305,scr1994,avaStIn,bevFrtRoadHeavy
DK,h0410,0.34160429932334896,scr1994,avaStIn,bevFrtRoadHeavy
DK,h0411,0.40625179312817933,scr1994,avaStIn,bevFrtRoadHeavy
DK,h0412,0.4260236415512996,scr1994,avaStIn,bevFrtRoadHeavy
DK,h0413,0.4370627609428927,scr1994,avaStIn,bevFrtRoadHeavy
DK,h0414,0.45354850989036083,scr1994,avaStIn,bevFrtRoadHeavy
DK,h0415,0.5170257326829233,scr1994,avaStIn,bevFrtRoadHeavy
DK,h0416,0.5846164078323919,scr1994,avaStIn,bevFrtRoadHeavy
DK,h0417,0.6406822225854623,scr1994,avaStIn,bevFrtRoadHeavy
DK,h0418,0.648916667,scr1994,avaStIn,bevFrtRoadHeavy
DK,h0419,0.6397767272678316,scr1994,avaStIn,bevFrtRoadHeavy
DK,h0420,0.6149581532285464,scr1994,avaStIn,bevFrtRoadHeavy
DK,h0421,0.5787399234599702,scr1994,avaStIn,bevFrtRoadHeavy
DK,h0422,0.5369544837819953,scr1994,avaStIn,bevFrtRoadHeavy
DK,h0423,0.49485270049335356,scr1994,avaStIn,bevFrtRoadHeavy
DK,h0424,0.45345030023340877,scr1994,avaStIn,bevFrtRoadHeavy
DK,h0425,0.42042601932163864,scr1994,avaStIn,bevFrtRoadHeavy
DK,h0426,0.40261095639883443,scr1994,avaStIn,bevFrtRoadHeavy
DK,h0427,0.3949139023723746,scr1994,avaStIn,bevFrtRoadHeavy
DK,h0428,0.3897869437965427,scr1994,avaStIn,bevFrtRoadHeavy
DK,h0429,0.37646876654895217,scr1994,avaStIn,bevFrtRoadHeavy
DK,h0430,0.3452269488651632,scr1994,avaStIn,bevFrtRoadHeavy
DK,h0431,0.3078659473763398,scr1994,avaStIn,bevFrtRoadHeavy
DK,h0432,0.2779545307693782,scr1994,avaStIn,bevFrtRoadHeavy
DK,h0433,0.30625207473084864,scr1994,avaStIn,bevFrtRoadHeavy
DK,h0434,0.35411013106134476,scr1994,avaStIn,bevFrtRoadHeavy
DK,h0435,0.40625179312817933,scr1994,avaStIn,bevFrtRoadHeavy
DK,h0436,0.4260236415512996,scr1994,avaStIn,bevFrtRoadHeavy
DK,h0437,0.4370627609428927,scr1994,avaStIn,bevFrtRoadHeavy
DK,h0438,0.45354850989036083,scr1994,avaStIn,bevFrtRoadHeavy
DK,h0439,0.48515941493213527,scr1994,avaStIn,bevFrtRoadHeavy
DK,h0440,0.528605586824356,scr1994,avaStIn,bevFrtRoadHeavy
DK,h0441,0.569163626072009,scr1994,avaStIn,bevFrtRoadHeavy
DK,h0442,0.5967091713705934,scr1994,avaStIn,bevFrtRoadHeavy
DK,h0443,0.6072714158345789,scr1994,avaStIn,bevFrtRoadHeavy
DK,h0444,0.5997465210395598,scr1994,avaStIn,bevFrtRoadHeavy
DK,h0445,0.5745197239560198,scr1994,avaStIn,bevFrtRoadHeavy
DK,h0446,0.5374673886216577,scr1994,avaStIn,bevFrtRoadHeavy
DK,h0447,0.49485270049335356,scr1994,avaStIn,bevFrtRoadHeavy
DK,h0448,0.45345030023340877,scr1994,avaStIn,bevFrtRoadHeavy
DK,h0449,0.42042601932163864,scr1994,avaStIn,bevFrtRoadHeavy
DK,h0450,0.40261095639883443,scr1994,avaStIn,bevFrtRoadHeavy
DK,h0451,0.3949139023723746,scr1994,avaStIn,bevFrtRoadHeavy
DK,h0452,0.3897869437965427,scr1994,avaStIn,bevFrtRoadHeavy
DK,h0453,0.37646876654895217,scr1994,avaStIn,bevFrtRoadHeavy
DK,h0454,0.3452269488651632,scr1994,avaStIn,bevFrtRoadHeavy
DK,h0455,0.3078659473763398,scr1994,avaStIn,bevFrtRoadHeavy
DK,h0456,0.2779545307693782,scr1994,avaStIn,bevFrtRoadHeavy
DK,h0457,0.3028710829268177,scr1994,avaStIn,bevFrtRoadHeavy
DK,h0458,0.33213669174969157,scr1994,avaStIn,bevFrtRoadHeavy
DK,h0459,0.3620087309567464,scr1994,avaStIn,bevFrtRoadHeavy
DK,h0460,0.37004107340258524,scr1994,avaStIn,bevFrtRoadHeavy
DK,h0461,0.3981843172784512,scr1994,avaStIn,bevFrtRoadHeavy
DK,h0462,0.4423184385324596,scr1994,avaStIn,bevFrtRoadHeavy
DK,h0463,0.4938743123061798,scr1994,avaStIn,bevFrtRoadHeavy
DK,h0464,0.5393801271086389,scr1994,avaStIn,bevFrtRoadHeavy
DK,h0465,0.5717279447574262,scr1994,avaStIn,bevFrtRoadHeavy
DK,h0466,0.5864026834476788,scr1994,avaStIn,bevFrtRoadHeavy
DK,h0467,0.5903568012897213,scr1994,avaStIn,bevFrtRoadHeavy
DK,h0468,0.5820184110412341,scr1994,avaStIn,bevFrtRoadHeavy
DK,h0469,0.5522541766639684,scr1994,avaStIn,bevFrtRoadHeavy
DK,h0470,0.5025985097221295,scr1994,avaStIn,bevFrtRoadHeavy
DK,h0471,0.4360063902136216,scr1994,avaStIn,bevFrtRoadHeavy
DK,h0472,0.3706503344395034,scr1994,avaStIn,bevFrtRoadHeavy
DK,h0473,0.31400278945685395,scr1994,avaStIn,bevFrtRoadHeavy
DK,h0474,0.28426941117423804,scr1994,avaStIn,bevFrtRoadHeavy
DK,h0475,0.3038053855518607,scr1994,avaStIn,bevFrtRoadHeavy
DK,h0476,0.3429092096212539,scr1994,avaStIn,bevFrtRoadHeavy
DK,h0477,0.3896033187938301,scr1994,avaStIn,bevFrtRoadHeavy
DK,h0478,0.4056630174549854,scr1994,avaStIn,bevFrtRoadHeavy
DK,h0479,0.40808166599342416,scr1994,avaStIn,bevFrtRoadHeavy
DK,h0480,0.3933177281335835,scr1994,avaStIn,bevFrtRoadHeavy
DK,h0481,0.41724016230702593,scr1994,avaStIn,bevFrtRoadHeavy
DK,h0482,0.44152509618683106,scr1994,avaStIn,bevFrtRoadHeavy
DK,h0483,0.4650823537739786,scr1994,avaStIn,bevFrtRoadHeavy
DK,h0484,0.45675407757813863,scr1994,avaStIn,bevFrtRoadHeavy
DK,h0485,0.45594549501808196,scr1994,avaStIn,bevFrtRoadHeavy
DK,h0486,0.4699720265411949,scr1994,avaStIn,bevFrtRoadHeavy
DK,h0487,0.5010898808643895,scr1994,avaStIn,bevFrtRoadHeavy
DK,h0488,0.5385315909083035,scr1994,avaStIn,bevFrtRoadHeavy
DK,h0489,0.5717279447574262,scr1994,avaStIn,bevFrtRoadHeavy
DK,h0490,0.5864026834476788,scr1994,avaStIn,bevFrtRoadHeavy
DK,h0491,0.5903568012897213,scr1994,avaStIn,bevFrtRoadHeavy
DK,h0492,0.5820184110412341,scr1994,avaStIn,bevFrtRoadHeavy
DK,h0493,0.5522541766639684,scr1994,avaStIn,bevFrtRoadHeavy
DK,h0494,0.5025985097221295,scr1994,avaStIn,bevFrtRoadHeavy
DK,h0495,0.4360063902136216,scr1994,avaStIn,bevFrtRoadHeavy
DK,h0496,0.3706503344395034,scr1994,avaStIn,bevFrtRoadHeavy
DK,h0497,0.31400278945685395,scr1994,avaStIn,bevFrtRoadHeavy
DK,h0498,0.28426941117423804,scr1994,avaStIn,bevFrtRoadHeavy
DK,h0499,0.3038053855518607,scr1994,avaStIn,bevFrtRoadHeavy
DK,h0500,0.3429092096212539,scr1994,avaStIn,bevFrtRoadHeavy
DK,h0501,0.3896033187938301,scr1994,avaStIn,bevFrtRoadHeavy
DK,h0502,0.4056630174549854,scr1994,avaStIn,bevFrtRoadHeavy
DK,h0503,0.40808166599342416,scr1994,avaStIn,bevFrtRoadHeavy
DK,h0504,0.3933177281335835,scr1994,avaStIn,bevFrtRoadHeavy
EE,h0337,0.36689691148585085,scr1994,avaStIn,bevFrtRoadHeavy
EE,h0338,0.380104818059327,scr1994,avaStIn,bevFrtRoadHeavy
EE,h0339,0.4194642325578846,scr1994,avaStIn,bevFrtRoadHeavy
EE,h0340,0.46710902255410963,scr1994,avaStIn,bevFrtRoadHeavy
EE,h0341,0.4966725249567239,scr1994,avaStIn,bevFrtRoadHeavy
EE,h0342,0.4917721590281056,scr1994,avaStIn,bevFrtRoadHeavy
EE,h0343,0.46881903384007567,scr1994,avaStIn,bevFrtRoadHeavy
EE,h0344,0.4420970782858393,scr1994,avaStIn,bevFrtRoadHeavy
EE,h0345,0.43234151430002793,scr1994,avaStIn,bevFrtRoadHeavy
EE,h0346,0.4235892817447879,scr1994,avaStIn,bevFrtRoadHeavy
EE,h0347,0.397223194562311,scr1994,avaStIn,bevFrtRoadHeavy
EE,h0348,0.3508957346058093,scr1994,avaStIn,bevFrtRoadHeavy
EE,h0349,0.3030199896710231,scr1994,avaStIn,bevFrtRoadHeavy
EE,h0350,0.27474183334917385,scr1994,avaStIn,bevFrtRoadHeavy
EE,h0351,0.2810042843274933,scr1994,avaStIn,bevFrtRoadHeavy
EE,h0352,0.32648713074071817,scr1994,avaStIn,bevFrtRoadHeavy
EE,h0353,0.3907025979922289,scr1994,avaStIn,bevFrtRoadHeavy
EE,h0354,0.4625928572839217,scr1994,avaStIn,bevFrtRoadHeavy
EE,h0355,0.5273810255260041,scr1994,avaStIn,bevFrtRoadHeavy
EE,h0356,0.575177207510104,scr1994,avaStIn,bevFrtRoadHeavy
EE,h0357,0.5973067629795761,scr1994,avaStIn,bevFrtRoadHeavy
EE,h0358,0.6003940072514531,scr1994,avaStIn,bevFrtRoadHeavy
EE,h0359,0.5908800318598231,scr1994,avaStIn,bevFrtRoadHeavy
EE,h0360,0.5756042397510963,scr1994,avaStIn,bevFrtRoadHeavy
EE,h0361,0.54933335981644,scr1994,avaStIn,bevFrtRoadHeavy
EE,h0362,0.5218683931107748,scr1994,avaStIn,bevFrtRoadHeavy
EE,h0363,0.49687219386419995,scr1994,avaStIn,bevFrtRoadHeavy
EE,h0364,0.47427481614411754,scr1994,avaStIn,bevFrtRoadHeavy
EE,h0365,0.4512001064311079,scr1994,avaStIn,bevFrtRoadHeavy
EE,h0366,0.4317798248276851,scr1994,avaStIn,bevFrtRoadHeavy
EE,h0367,0.4245222382729337,scr1994,avaStIn,bevFrtRoadHeavy
EE,h0368,0.42681901755925794,scr1994,avaStIn,bevFrtRoadHeavy
EE,h0369,0.43234151430002793,scr1994,avaStIn,bevFrtRoadHeavy
EE,h0370,0.4235892817447879,scr1994,avaStIn,bevFrtRoadHeavy
EE,h0371,0.397223194562311,scr1994,avaStIn,bevFrtRoadHeavy
EE,h0372,0.3508957346058093,scr1994,avaStIn,bevFrtRoadHeavy
EE,h0373,0.3030199896710231,scr1994,avaStIn,bevFrtRoadHeavy
EE,h0374,0.27474183334917385,scr1994,avaStIn,bevFrtRoadHeavy
EE,h0375,0.2810042843274933,scr1994,avaStIn,bevFrtRoadHeavy
EE,h0376,0.32648713074071817,scr1994,avaStIn,bevFrtRoadHeavy
EE,h0377,0.3907025979922289,scr1994,avaStIn,bevFrtRoadHeavy
EE,h0378,0.4625928572839217,scr1994,avaStIn,bevFrtRoadHeavy
EE,h0379,0.5258945707660485,scr1994,avaStIn,bevFrtRoadHeavy
EE,h0380,0.5775126532133741,scr1994,avaStIn,bevFrtRoadHeavy
EE,h0381,0.6068226498839902,scr1994,avaStIn,bevFrtRoadHeavy
EE,h0382,0.6077267241442188,scr1994,avaStIn,bevFrtRoadHeavy
EE,h0383,0.5845803785311798,scr1994,avaStIn,bevFrtRoadHeavy
EE,h0384,0.5478532898823398,scr1994,avaStIn,bevFrtRoadHeavy
EE,h0385,0.5248856515458393,scr1994,avaStIn,bevFrtRoadHeavy
EE,h0386,0.5074870468783488,scr1994,avaStIn,bevFrtRoadHeavy
EE,h0387,0.49687219386419995,scr1994,avaStIn,bevFrtRoadHeavy
EE,h0388,0.47427481614411754,scr1994,avaStIn,bevFrtRoadHeavy
EE,h0389,0.4512001064311079,scr1994,avaStIn,bevFrtRoadHeavy
EE,h0390,0.4317798248276851,scr1994,avaStIn,bevFrtRoadHeavy
EE,h0391,0.4070613891581884,scr1994,avaStIn,bevFrtRoadHeavy
EE,h0392,0.39697641675210144,scr1994,avaStIn,bevFrtRoadHeavy
EE,h0393,0.39870421520431126,scr1994,avaStIn,bevFrtRoadHeavy
EE,h0394,0.40926627041819047,scr1994,avaStIn,bevFrtRoadHeavy
EE,h0395,0.39842288468029213,scr1994,avaStIn,bevFrtRoadHeavy
EE,h0396,0.3557916354671122,scr1994,avaStIn,bevFrtRoadHeavy
EE,h0397,0.40327113437985024,scr1994,avaStIn,bevFrtRoadHeavy
EE,h0398,0.4468766289603083,scr1994,avaStIn,bevFrtRoadHeavy
EE,h0399,0.49485270049335356,scr1994,avaStIn,bevFrtRoadHeavy
EE,h0400,0.45345030023340877,scr1994,avaStIn,bevFrtRoadHeavy
EE,h0401,0.42042601932163864,scr1994,avaStIn,bevFrtRoadHeavy
EE,h0402,0.40261095639883443,scr1994,avaStIn,bevFrtRoadHeavy
EE,h0403,0.3871763249572075,scr1994,avaStIn,bevFrtRoadHeavy
EE,h0404,0.3744547271540745,scr1994,avaStIn,bevFrtRoadHeavy
EE,h0405,0.34980970251809557,scr1994,avaStIn,bevFrtRoadHeavy
EE,h0406,0.3110211101507691,scr1994,avaStIn,bevFrtRoadHeavy
EE,h0407,0.2670140244077546,scr1994,avaStIn,bevFrtRoadHeavy
EE,h0408,0.23449723533671968,scr1994,avaStIn,bevFrtRoadHeavy
EE,h0409,0.2796419009980305,scr1994,avaStIn,bevFrtRoadHeavy
EE,h0410,0.34160429932334896,scr1994,avaStIn,bevFrtRoadHeavy
EE,h0411,0.40625179312817933,scr1994,avaStIn,bevFrtRoadHeavy
EE,h0412,0.4260236415512996,scr1994,avaStIn,bevFrtRoadHeavy
EE,h0413,0.4370627609428927,scr1994,avaStIn,bevFrtRoadHeavy
EE,h0414,0.45354850989036083,scr1994,avaStIn,bevFrtRoadHeavy
EE,h0415,0.5170257326829233,scr1994,avaStIn,bevFrtRoadHeavy
EE,h0416,0.5846164078323919,scr1994,avaStIn,bevFrtRoadHeavy
EE,h0417,0.6406822225854623,scr1994,avaStIn,bevFrtRoadHeavy
EE,h0418,0.648916667,scr1994,avaStIn,bevFrtRoadHeavy
EE,h0419,0.6397767272678316,scr1994,avaStIn,bevFrtRoadHeavy
EE,h0420,0.6149581532285464,scr1994,avaStIn,bevFrtRoadHeavy
EE,h0421,0.5787399234599702,scr1994,avaStIn,bevFrtRoadHeavy
EE,h0422,0.5369544837819953,scr1994,avaStIn,bevFrtRoadHeavy
EE,h0423,0.49485270049335356,scr1994,avaStIn,bevFrtRoadHeavy
EE,h0424,0.45345030023340877,scr1994,avaStIn,bevFrtRoadHeavy
EE,h0425,0.42042601932163864,scr1994,avaStIn,bevFrtRoadHeavy
EE,h0426,0.40261095639883443,scr1994,avaStIn,bevFrtRoadHeavy
EE,h0427,0.3949139023723746,scr1994,avaStIn,bevFrtRoadHeavy
EE,h0428,0.3897869437965427,scr1994,avaStIn,bevFrtRoadHeavy
EE,h0429,0.37646876654895217,scr1994,avaStIn,bevFrtRoadHeavy
EE,h0430,0.3452269488651632,scr1994,avaStIn,bevFrtRoadHeavy
EE,h0431,0.3078659473763398,scr1994,avaStIn,bevFrtRoadHeavy
EE,h0432,0.2779545307693782,scr1994,avaStIn,bevFrtRoadHeavy
EE,h0433,0.30625207473084864,scr1994,avaStIn,bevFrtRoadHeavy
EE,h0434,0.35411013106134476,scr1994,avaStIn,bevFrtRoadHeavy
EE,h0435,0.40625179312817933,scr1994,avaStIn,bevFrtRoadHeavy
EE,h0436,0.4260236415512996,scr1994,avaStIn,bevFrtRoadHeavy
EE,h0437,0.4370627609428927,scr1994,avaStIn,bevFrtRoadHeavy
EE,h0438,0.45354850989036083,scr1994,avaStIn,bevFrtRoadHeavy
EE,h0439,0.48515941493213527,scr1994,avaStIn,bevFrtRoadHeavy
EE,h0440,0.528605586824356,scr1994,avaStIn,bevFrtRoadHeavy
EE,h0441,0.569163626072009,scr1994,avaStIn,bevFrtRoadHeavy
EE,h0442,0.5967091713705934,scr1994,avaStIn,bevFrtRoadHeavy
EE,h0443,0.6072714158345789,scr1994,avaStIn,bevFrtRoadHeavy
EE,h0444,0.5997465210395598,scr1994,avaStIn,bevFrtRoadHeavy
EE,h0445,0.5745197239560198,scr1994,avaStIn,bevFrtRoadHeavy
EE,h0446,0.5374673886216577,scr1994,avaStIn,bevFrtRoadHeavy
EE,h0447,0.49485270049335356,scr1994,avaStIn,bevFrtRoadHeavy
EE,h0448,0.45345030023340877,scr1994,avaStIn,bevFrtRoadHeavy
EE,h0449,0.42042601932163864,scr1994,avaStIn,bevFrtRoadHeavy
EE,h0450,0.40261095639883443,scr1994,avaStIn,bevFrtRoadHeavy
EE,h0451,0.3949139023723746,scr1994,avaStIn,bevFrtRoadHeavy
EE,h0452,0.3897869437965427,scr1994,avaStIn,bevFrtRoadHeavy
EE,h0453,0.37646876654895217,scr1994,avaStIn,bevFrtRoadHeavy
EE,h0454,0.3452269488651632,scr1994,avaStIn,bevFrtRoadHeavy
EE,h0455,0.3078659473763398,scr1994,avaStIn,bevFrtRoadHeavy
EE,h0456,0.2779545307693782,scr1994,avaStIn,bevFrtRoadHeavy
EE,h0457,0.3028710829268177,scr1994,avaStIn,bevFrtRoadHeavy
EE,h0458,0.33213669174969157,scr1994,avaStIn,bevFrtRoadHeavy
EE,h0459,0.3620087309567464,scr1994,avaStIn,bevFrtRoadHeavy
EE,h0460,0.37004107340258524,scr1994,avaStIn,bevFrtRoadHeavy
EE,h0461,0.3981843172784512,scr1994,avaStIn,bevFrtRoadHeavy
EE,h0462,0.4423184385324596,scr1994,avaStIn,bevFrtRoadHeavy
EE,h0463,0.4938743123061798,scr1994,avaStIn,bevFrtRoadHeavy
EE,h0464,0.5393801271086389,scr1994,avaStIn,bevFrtRoadHeavy
EE,h0465,0.5717279447574262,scr1994,avaStIn,bevFrtRoadHeavy
EE,h0466,0.5864026834476788,scr1994,avaStIn,bevFrtRoadHeavy
EE,h0467,0.5903568012897213,scr1994,avaStIn,bevFrtRoadHeavy
EE,h0468,0.5820184110412341,scr1994,avaStIn,bevFrtRoadHeavy
EE,h0469,0.5522541766639684,scr1994,avaStIn,bevFrtRoadHeavy
EE,h0470,0.5025985097221295,scr1994,avaStIn,bevFrtRoadHeavy
EE,h0471,0.4360063902136216,scr1994,avaStIn,bevFrtRoadHeavy
EE,h0472,0.3706503344395034,scr1994,avaStIn,bevFrtRoadHeavy
EE,h0473,0.31400278945685395,scr1994,avaStIn,bevFrtRoadHeavy
EE,h0474,0.28426941117423804,scr1994,avaStIn,bevFrtRoadHeavy
EE,h0475,0.3038053855518607,scr1994,avaStIn,bevFrtRoadHeavy
EE,h0476,0.3429092096212539,scr1994,avaStIn,bevFrtRoadHeavy
EE,h0477,0.3896033187938301,scr1994,avaStIn,bevFrtRoadHeavy
EE,h0478,0.4056630174549854,scr1994,avaStIn,bevFrtRoadHeavy
EE,h0479,0.40808166599342416,scr1994,avaStIn,bevFrtRoadHeavy
EE,h0480,0.3933177281335835,scr1994,avaStIn,bevFrtRoadHeavy
EE,h0481,0.41724016230702593,scr1994,avaStIn,bevFrtRoadHeavy
EE,h0482,0.44152509618683106,scr1994,avaStIn,bevFrtRoadHeavy
EE,h0483,0.4650823537739786,scr1994,avaStIn,bevFrtRoadHeavy
EE,h0484,0.45675407757813863,scr1994,avaStIn,bevFrtRoadHeavy
EE,h0485,0.45594549501808196,scr1994,avaStIn,bevFrtRoadHeavy
EE,h0486,0.4699720265411949,scr1994,avaStIn,bevFrtRoadHeavy
EE,h0487,0.5010898808643895,scr1994,avaStIn,bevFrtRoadHeavy
EE,h0488,0.5385315909083035,scr1994,avaStIn,bevFrtRoadHeavy
EE,h0489,0.5717279447574262,scr1994,avaStIn,bevFrtRoadHeavy
EE,h0490,0.5864026834476788,scr1994,avaStIn,bevFrtRoadHeavy
EE,h0491,0.5903568012897213,scr1994,avaStIn,bevFrtRoadHeavy
EE,h0492,0.5820184110412341,scr1994,avaStIn,bevFrtRoadHeavy
EE,h0493,0.5522541766639684,scr1994,avaStIn,bevFrtRoadHeavy
EE,h0494,0.5025985097221295,scr1994,avaStIn,bevFrtRoadHeavy
EE,h0495,0.4360063902136216,scr1994,avaStIn,bevFrtRoadHeavy
EE,h0496,0.3706503344395034,scr1994,avaStIn,bevFrtRoadHeavy
EE,h0497,0.31400278945685395,scr1994,avaStIn,bevFrtRoadHeavy
EE,h0498,0.28426941117423804,scr1994,avaStIn,bevFrtRoadHeavy
EE,h0499,0.3038053855518607,scr1994,avaStIn,bevFrtRoadHeavy
EE,h0500,0.3429092096212539,scr1994,avaStIn,bevFrtRoadHeavy
EE,h0501,0.3896033187938301,scr1994,avaStIn,bevFrtRoadHeavy
EE,h0502,0.4056630174549854,scr1994,avaStIn,bevFrtRoadHeavy
EE,h0503,0.40808166599342416,scr1994,avaStIn,bevFrtRoadHeavy
EE,h0504,0.3933177281335835,scr1994,avaStIn,bevFrtRoadHeavy
FI,h0337,0.36689691148585085,scr1994,avaStIn,bevFrtRoadHeavy
FI,h0338,0.380104818059327,scr1994,avaStIn,bevFrtRoadHeavy
FI,h0339,0.4194642325578846,scr1994,avaStIn,bevFrtRoadHeavy
FI,h0340,0.46710902255410963,scr1994,avaStIn,bevFrtRoadHeavy
FI,h0341,0.4966725249567239,scr1994,avaStIn,bevFrtRoadHeavy
FI,h0342,0.4917721590281056,scr1994,avaStIn,bevFrtRoadHeavy
FI,h0343,0.46881903384007567,scr1994,avaStIn,bevFrtRoadHeavy
FI,h0344,0.4420970782858393,scr1994,avaStIn,bevFrtRoadHeavy
FI,h0345,0.43234151430002793,scr1994,avaStIn,bevFrtRoadHeavy
FI,h0346,0.4235892817447879,scr1994,avaStIn,bevFrtRoadHeavy
FI,h0347,0.397223194562311,scr1994,avaStIn,bevFrtRoadHeavy
FI,h0348,0.3508957346058093,scr1994,avaStIn,bevFrtRoadHeavy
FI,h0349,0.3030199896710231,scr1994,avaStIn,bevFrtRoadHeavy
FI,h0350,0.27474183334917385,scr1994,avaStIn,bevFrtRoadHeavy
FI,h0351,0.2810042843274933,scr1994,avaStIn,bevFrtRoadHeavy
FI,h0352,0.32648713074071817,scr1994,avaStIn,bevFrtRoadHeavy
FI,h0353,0.3907025979922289,scr1994,avaStIn,bevFrtRoadHeavy
FI,h0354,0.4625928572839217,scr1994,avaStIn,bevFrtRoadHeavy
FI,h0355,0.5273810255260041,scr1994,avaStIn,bevFrtRoadHeavy
FI,h0356,0.575177207510104,scr1994,avaStIn,bevFrtRoadHeavy
FI,h0357,0.5973067629795761,scr1994,avaStIn,bevFrtRoadHeavy
FI,h0358,0.6003940072514531,scr1994,avaStIn,bevFrtRoadHeavy
FI,h0359,0.5908800318598231,scr1994,avaStIn,bevFrtRoadHeavy
FI,h0360,0.5756042397510963,scr1994,avaStIn,bevFrtRoadHeavy
FI,h0361,0.54933335981644,scr1994,avaStIn,bevFrtRoadHeavy
FI,h0362,0.5218683931107748,scr1994,avaStIn,bevFrtRoadHeavy
FI,h0363,0.49687219386419995,scr1994,avaStIn,bevFrtRoadHeavy
FI,h0364,0.47427481614411754,scr1994,avaStIn,bevFrtRoadHeavy
FI,h0365,0.4512001064311079,scr1994,avaStIn,bevFrtRoadHeavy
FI,h0366,0.4317798248276851,scr1994,avaStIn,bevFrtRoadHeavy
FI,h0367,0.4245222382729337,scr1994,avaStIn,bevFrtRoadHeavy
FI,h0368,0.42681901755925794,scr1994,avaStIn,bevFrtRoadHeavy
FI,h0369,0.43234151430002793,scr1994,avaStIn,bevFrtRoadHeavy
FI,h0370,0.4235892817447879,scr1994,avaStIn,bevFrtRoadHeavy
FI,h0371,0.397223194562311,scr1994,avaStIn,bevFrtRoadHeavy
FI,h0372,0.3508957346058093,scr1994,avaStIn,bevFrtRoadHeavy
FI,h0373,0.3030199896710231,scr1994,avaStIn,bevFrtRoadHeavy
FI,h0374,0.27474183334917385,scr1994,avaStIn,bevFrtRoadHeavy
FI,h0375,0.2810042843274933,scr1994,avaStIn,bevFrtRoadHeavy
FI,h0376,0.32648713074071817,scr1994,avaStIn,bevFrtRoadHeavy
FI,h0377,0.3907025979922289,scr1994,avaStIn,bevFrtRoadHeavy
FI,h0378,0.4625928572839217,scr1994,avaStIn,bevFrtRoadHeavy
FI,h0379,0.5258945707660485,scr1994,avaStIn,bevFrtRoadHeavy
FI,h0380,0.5775126532133741,scr1994,avaStIn,bevFrtRoadHeavy
FI,h0381,0.6068226498839902,scr1994,avaStIn,bevFrtRoadHeavy
FI,h0382,0.6077267241442188,scr1994,avaStIn,bevFrtRoadHeavy
FI,h0383,0.5845803785311798,scr1994,avaStIn,bevFrtRoadHeavy
FI,h0384,0.5478532898823398,scr1994,avaStIn,bevFrtRoadHeavy
FI,h0385,0.5248856515458393,scr1994,avaStIn,bevFrtRoadHeavy
FI,h0386,0.5074870468783488,scr1994,avaStIn,bevFrtRoadHeavy
FI,h0387,0.49687219386419995,scr1994,avaStIn,bevFrtRoadHeavy
FI,h0388,0.47427481614411754,scr1994,avaStIn,bevFrtRoadHeavy
FI,h0389,0.4512001064311079,scr1994,avaStIn,bevFrtRoadHeavy
FI,h0390,0.4317798248276851,scr1994,avaStIn,bevFrtRoadHeavy
FI,h0391,0.4070613891581884,scr1994,avaStIn,bevFrtRoadHeavy
FI,h0392,0.39697641675210144,scr1994,avaStIn,bevFrtRoadHeavy
FI,h0393,0.39870421520431126,scr1994,avaStIn,bevFrtRoadHeavy
FI,h0394,0.40926627041819047,scr1994,avaStIn,bevFrtRoadHeavy
FI,h0395,0.39842288468029213,scr1994,avaStIn,bevFrtRoadHeavy
FI,h0396,0.3557916354671122,scr1994,avaStIn,bevFrtRoadHeavy
FI,h0397,0.40327113437985024,scr1994,avaStIn,bevFrtRoadHeavy
FI,h0398,0.4468766289603083,scr1994,avaStIn,bevFrtRoadHeavy
FI,h0399,0.49485270049335356,scr1994,avaStIn,bevFrtRoadHeavy
FI,h0400,0.45345030023340877,scr1994,avaStIn,bevFrtRoadHeavy
FI,h0401,0.42042601932163864,scr1994,avaStIn,bevFrtRoadHeavy
FI,h0402,0.40261095639883443,scr1994,avaStIn,bevFrtRoadHeavy
FI,h0403,0.3871763249572075,scr1994,avaStIn,bevFrtRoadHeavy
FI,h0404,0.3744547271540745,scr1994,avaStIn,bevFrtRoadHeavy
FI,h0405,0.34980970251809557,scr1994,avaStIn,bevFrtRoadHeavy
FI,h0406,0.3110211101507691,scr1994,avaStIn,bevFrtRoadHeavy
FI,h0407,0.2670140244077546,scr1994,avaStIn,bevFrtRoadHeavy
FI,h0408,0.23449723533671968,scr1994,avaStIn,bevFrtRoadHeavy
FI,h0409,0.2796419009980305,scr1994,avaStIn,bevFrtRoadHeavy
FI,h0410,0.34160429932334896,scr1994,avaStIn,bevFrtRoadHeavy
FI,h0411,0.40625179312817933,scr1994,avaStIn,bevFrtRoadHeavy
FI,h0412,0.4260236415512996,scr1994,avaStIn,bevFrtRoadHeavy
FI,h0413,0.4370627609428927,scr1994,avaStIn,bevFrtRoadHeavy
FI,h0414,0.45354850989036083,scr1994,avaStIn,bevFrtRoadHeavy
FI,h0415,0.5170257326829233,scr1994,avaStIn,bevFrtRoadHeavy
FI,h0416,0.5846164078323919,scr1994,avaStIn,bevFrtRoadHeavy
FI,h0417,0.6406822225854623,scr1994,avaStIn,bevFrtRoadHeavy
FI,h0418,0.648916667,scr1994,avaStIn,bevFrtRoadHeavy
FI,h0419,0.6397767272678316,scr1994,avaStIn,bevFrtRoadHeavy
FI,h0420,0.6149581532285464,scr1994,avaStIn,bevFrtRoadHeavy
FI,h0421,0.5787399234599702,scr1994,avaStIn,bevFrtRoadHeavy
FI,h0422,0.5369544837819953,scr1994,avaStIn,bevFrtRoadHeavy
FI,h0423,0.49485270049335356,scr1994,avaStIn,bevFrtRoadHeavy
FI,h0424,0.45345030023340877,scr1994,avaStIn,bevFrtRoadHeavy
FI,h0425,0.42042601932163864,scr1994,avaStIn,bevFrtRoadHeavy
FI,h0426,0.40261095639883443,scr1994,avaStIn,bevFrtRoadHeavy
FI,h0427,0.3949139023723746,scr1994,avaStIn,bevFrtRoadHeavy
FI,h0428,0.3897869437965427,scr1994,avaStIn,bevFrtRoadHeavy
FI,h0429,0.37646876654895217,scr1994,avaStIn,bevFrtRoadHeavy
FI,h0430,0.3452269488651632,scr1994,avaStIn,bevFrtRoadHeavy
FI,h0431,0.3078659473763398,scr1994,avaStIn,bevFrtRoadHeavy
FI,h0432,0.2779545307693782,scr1994,avaStIn,bevFrtRoadHeavy
FI,h0433,0.30625207473084864,scr1994,avaStIn,bevFrtRoadHeavy
FI,h0434,0.35411013106134476,scr1994,avaStIn,bevFrtRoadHeavy
FI,h0435,0.40625179312817933,scr1994,avaStIn,bevFrtRoadHeavy
FI,h0436,0.4260236415512996,scr1994,avaStIn,bevFrtRoadHeavy
FI,h0437,0.4370627609428927,scr1994,avaStIn,bevFrtRoadHeavy
FI,h0438,0.45354850989036083,scr1994,avaStIn,bevFrtRoadHeavy
FI,h0439,0.48515941493213527,scr1994,avaStIn,bevFrtRoadHeavy
FI,h0440,0.528605586824356,scr1994,avaStIn,bevFrtRoadHeavy
FI,h0441,0.569163626072009,scr1994,avaStIn,bevFrtRoadHeavy
FI,h0442,0.5967091713705934,scr1994,avaStIn,bevFrtRoadHeavy
FI,h0443,0.6072714158345789,scr1994,avaStIn,bevFrtRoadHeavy
FI,h0444,0.5997465210395598,scr1994,avaStIn,bevFrtRoadHeavy
FI,h0445,0.5745197239560198,scr1994,avaStIn,bevFrtRoadHeavy
FI,h0446,0.5374673886216577,scr1994,avaStIn,bevFrtRoadHeavy
FI,h0447,0.49485270049335356,scr1994,avaStIn,bevFrtRoadHeavy
FI,h0448,0.45345030023340877,scr1994,avaStIn,bevFrtRoadHeavy
FI,h0449,0.42042601932163864,scr1994,avaStIn,bevFrtRoadHeavy
FI,h0450,0.40261095639883443,scr1994,avaStIn,bevFrtRoadHeavy
FI,h0451,0.3949139023723746,scr1994,avaStIn,bevFrtRoadHeavy
FI,h0452,0.3897869437965427,scr1994,avaStIn,bevFrtRoadHeavy
FI,h0453,0.37646876654895217,scr1994,avaStIn,bevFrtRoadHeavy
FI,h0454,0.3452269488651632,scr1994,avaStIn,bevFrtRoadHeavy
FI,h0455,0.3078659473763398,scr1994,avaStIn,bevFrtRoadHeavy
FI,h0456,0.2779545307693782,scr1994,avaStIn,bevFrtRoadHeavy
FI,h0457,0.3028710829268177,scr1994,avaStIn,bevFrtRoadHeavy
FI,h0458,0.33213669174969157,scr1994,avaStIn,bevFrtRoadHeavy
FI,h0459,0.3620087309567464,scr1994,avaStIn,bevFrtRoadHeavy
FI,h0460,0.37004107340258524,scr1994,avaStIn,bevFrtRoadHeavy
FI,h0461,0.3981843172784512,scr1994,avaStIn,bevFrtRoadHeavy
FI,h0462,0.4423184385324596,scr1994,avaStIn,bevFrtRoadHeavy
FI,h0463,0.4938743123061798,scr1994,avaStIn,bevFrtRoadHeavy
FI,h0464,0.5393801271086389,scr1994,avaStIn,bevFrtRoadHeavy
FI,h0465,0.5717279447574262,scr1994,avaStIn,bevFrtRoadHeavy
FI,h0466,0.5864026834476788,scr1994,avaStIn,bevFrtRoadHeavy
FI,h0467,0.5903568012897213,scr1994,avaStIn,bevFrtRoadHeavy
FI,h0468,0.5820184110412341,scr1994,avaStIn,bevFrtRoadHeavy
FI,h0469,0.5522541766639684,scr1994,avaStIn,bevFrtRoadHeavy
FI,h0470,0.5025985097221295,scr1994,avaStIn,bevFrtRoadHeavy
FI,h0471,0.4360063902136216,scr1994,avaStIn,bevFrtRoadHeavy
FI,h0472,0.3706503344395034,scr1994,avaStIn,bevFrtRoadHeavy
FI,h0473,0.31400278945685395,scr1994,avaStIn,bevFrtRoadHeavy
FI,h0474,0.28426941117423804,scr1994,avaStIn,bevFrtRoadHeavy
FI,h0475,0.3038053855518607,scr1994,avaStIn,bevFrtRoadHeavy
FI,h0476,0.3429092096212539,scr1994,avaStIn,bevFrtRoadHeavy
FI,h0477,0.3896033187938301,scr1994,avaStIn,bevFrtRoadHeavy
FI,h0478,0.4056630174549854,scr1994,avaStIn,bevFrtRoadHeavy
FI,h0479,0.40808166599342416,scr1994,avaStIn,bevFrtRoadHeavy
FI,h0480,0.3933177281335835,scr1994,avaStIn,bevFrtRoadHeavy
FI,h0481,0.41724016230702593,scr1994,avaStIn,bevFrtRoadHeavy
FI,h0482,0.44152509618683106,scr1994,avaStIn,bevFrtRoadHeavy
FI,h0483,0.4650823537739786,scr1994,avaStIn,bevFrtRoadHeavy
FI,h0484,0.45675407757813863,scr1994,avaStIn,bevFrtRoadHeavy
FI,h0485,0.45594549501808196,scr1994,avaStIn,bevFrtRoadHeavy
FI,h0486,0.4699720265411949,scr1994,avaStIn,bevFrtRoadHeavy
FI,h0487,0.5010898808643895,scr1994,avaStIn,bevFrtRoadHeavy
FI,h0488,0.5385315909083035,scr1994,avaStIn,bevFrtRoadHeavy
FI,h0489,0.5717279447574262,scr1994,avaStIn,bevFrtRoadHeavy
FI,h0490,0.5864026834476788,scr1994,avaStIn,bevFrtRoadHeavy
FI,h0491,0.5903568012897213,scr1994,avaStIn,bevFrtRoadHeavy
FI,h0492,0.5820184110412341,scr1994,avaStIn,bevFrtRoadHeavy
FI,h0493,0.5522541766639684,scr1994,avaStIn,bevFrtRoadHeavy
FI,h0494,0.5025985097221295,scr1994,avaStIn,bevFrtRoadHeavy
FI,h0495,0.4360063902136216,scr1994,avaStIn,bevFrtRoadHeavy
FI,h0496,0.3706503344395034,scr1994,avaStIn,bevFrtRoadHeavy
FI,h0497,0.31400278945685395,scr1994,avaStIn,bevFrtRoadHeavy
FI,h0498,0.28426941117423804,scr1994,avaStIn,bevFrtRoadHeavy
FI,h0499,0.3038053855518607,scr1994,avaStIn,bevFrtRoadHeavy
FI,h0500,0.3429092096212539,scr1994,avaStIn,bevFrtRoadHeavy
FI,h0501,0.3896033187938301,scr1994,avaStIn,bevFrtRoadHeavy
FI,h0502,0.4056630174549854,scr1994,avaStIn,bevFrtRoadHeavy
FI,h0503,0.40808166599342416,scr1994,avaStIn,bevFrtRoadHeavy
FI,h0504,0.3933177281335835,scr1994,avaStIn,bevFrtRoadHeavy
FR,h0337,0.3668969114858509,scr1994,avaStIn,bevFrtRoadHeavy
FR,h0338,0.38010481805932705,scr1994,avaStIn,bevFrtRoadHeavy
FR,h0339,0.4194642325578847,scr1994,avaStIn,bevFrtRoadHeavy
FR,h0340,0.4671090225541097,scr1994,avaStIn,bevFrtRoadHeavy
FR,h0341,0.49667252495672387,scr1994,avaStIn,bevFrtRoadHeavy
FR,h0342,0.4917721590281058,scr1994,avaStIn,bevFrtRoadHeavy
FR,h0343,0.4688190338400757,scr1994,avaStIn,bevFrtRoadHeavy
FR,h0344,0.44209707828583933,scr1994,avaStIn,bevFrtRoadHeavy
FR,h0345,0.4323415143000279,scr1994,avaStIn,bevFrtRoadHeavy
FR,h0346,0.4235892817447878,scr1994,avaStIn,bevFrtRoadHeavy
FR,h0347,0.39722319456231103,scr1994,avaStIn,bevFrtRoadHeavy
FR,h0348,0.35089573460580936,scr1994,avaStIn,bevFrtRoadHeavy
FR,h0349,0.30301998967102317,scr1994,avaStIn,bevFrtRoadHeavy
FR,h0350,0.2747418333491738,scr1994,avaStIn,bevFrtRoadHeavy
FR,h0351,0.28100428432749336,scr1994,avaStIn,bevFrtRoadHeavy
FR,h0352,0.3264871307407182,scr1994,avaStIn,bevFrtRoadHeavy
FR,h0353,0.39070259799222906,scr1994,avaStIn,bevFrtRoadHeavy
FR,h0354,0.46259285728392185,scr1994,avaStIn,bevFrtRoadHeavy
FR,h0355,0.5273810255260041,scr1994,avaStIn,bevFrtRoadHeavy
FR,h0356,0.5751772075101041,scr1994,avaStIn,bevFrtRoadHeavy
FR,h0357,0.5973067629795762,scr1994,avaStIn,bevFrtRoadHeavy
FR,h0358,0.6003940072514531,scr1994,avaStIn,bevFrtRoadHeavy
FR,h0359,0.5908800318598231,scr1994,avaStIn,bevFrtRoadHeavy
FR,h0360,0.5756042397510964,scr1994,avaStIn,bevFrtRoadHeavy
FR,h0361,0.5493333598164403,scr1994,avaStIn,bevFrtRoadHeavy
FR,h0362,0.521868393110775,scr1994,avaStIn,bevFrtRoadHeavy
FR,h0363,0.4968721938642,scr1994,avaStIn,bevFrtRoadHeavy
FR,h0364,0.4742748161441176,scr1994,avaStIn,bevFrtRoadHeavy
FR,h0365,0.4512001064311081,scr1994,avaStIn,bevFrtRoadHeavy
FR,h0366,0.43177982482768495,scr1994,avaStIn,bevFrtRoadHeavy
FR,h0367,0.42452223827293367,scr1994,avaStIn,bevFrtRoadHeavy
FR,h0368,0.4268190175592579,scr1994,avaStIn,bevFrtRoadHeavy
FR,h0369,0.4323415143000279,scr1994,avaStIn,bevFrtRoadHeavy
FR,h0370,0.4235892817447878,scr1994,avaStIn,bevFrtRoadHeavy
FR,h0371,0.39722319456231103,scr1994,avaStIn,bevFrtRoadHeavy
FR,h0372,0.35089573460580936,scr1994,avaStIn,bevFrtRoadHeavy
FR,h0373,0.30301998967102317,scr1994,avaStIn,bevFrtRoadHeavy
FR,h0374,0.2747418333491738,scr1994,avaStIn,bevFrtRoadHeavy
FR,h0375,0.28100428432749336,scr1994,avaStIn,bevFrtRoadHeavy
FR,h0376,0.3264871307407182,scr1994,avaStIn,bevFrtRoadHeavy
FR,h0377,0.39070259799222906,scr1994,avaStIn,bevFrtRoadHeavy
FR,h0378,0.46259285728392185,scr1994,avaStIn,bevFrtRoadHeavy
FR,h0379,0.5258945707660486,scr1994,avaStIn,bevFrtRoadHeavy
FR,h0380,0.5775126532133742,scr1994,avaStIn,bevFrtRoadHeavy
FR,h0381,0.6068226498839904,scr1994,avaStIn,bevFrtRoadHeavy
FR,h0382,0.607726724144219,scr1994,avaStIn,bevFrtRoadHeavy
FR,h0383,0.5845803785311802,scr1994,avaStIn,bevFrtRoadHeavy
FR,h0384,0.54785328988234,scr1994,avaStIn,bevFrtRoadHeavy
FR,h0385,0.5248856515458393,scr1994,avaStIn,bevFrtRoadHeavy
FR,h0386,0.507487046878349,scr1994,avaStIn,bevFrtRoadHeavy
FR,h0387,0.4968721938642,scr1994,avaStIn,bevFrtRoadHeavy
FR,h0388,0.4742748161441176,scr1994,avaStIn,bevFrtRoadHeavy
FR,h0389,0.4512001064311081,scr1994,avaStIn,bevFrtRoadHeavy
FR,h0390,0.43177982482768495,scr1994,avaStIn,bevFrtRoadHeavy
FR,h0391,0.40706138915818846,scr1994,avaStIn,bevFrtRoadHeavy
FR,h0392,0.3969764167521015,scr1994,avaStIn,bevFrtRoadHeavy
FR,h0393,0.3987042152043113,scr1994,avaStIn,bevFrtRoadHeavy
FR,h0394,0.40926627041819064,scr1994,avaStIn,bevFrtRoadHeavy
FR,h0395,0.3984228846802923,scr1994,avaStIn,bevFrtRoadHeavy
FR,h0396,0.35579163546711223,scr1994,avaStIn,bevFrtRoadHeavy
FR,h0397,0.4032711343798503,scr1994,avaStIn,bevFrtRoadHeavy
FR,h0398,0.44687662896030833,scr1994,avaStIn,bevFrtRoadHeavy
FR,h0399,0.49485270049335384,scr1994,avaStIn,bevFrtRoadHeavy
FR,h0400,0.45345030023340893,scr1994,avaStIn,bevFrtRoadHeavy
FR,h0401,0.4204260193216387,scr1994,avaStIn,bevFrtRoadHeavy
FR,h0402,0.4026109563988345,scr1994,avaStIn,bevFrtRoadHeavy
FR,h0403,0.38717632495720755,scr1994,avaStIn,bevFrtRoadHeavy
FR,h0404,0.3744547271540746,scr1994,avaStIn,bevFrtRoadHeavy
FR,h0405,0.3498097025180956,scr1994,avaStIn,bevFrtRoadHeavy
FR,h0406,0.31102111015076916,scr1994,avaStIn,bevFrtRoadHeavy
FR,h0407,0.2670140244077547,scr1994,avaStIn,bevFrtRoadHeavy
FR,h0408,0.23449723533671984,scr1994,avaStIn,bevFrtRoadHeavy
FR,h0409,0.27964190099803055,scr1994,avaStIn,bevFrtRoadHeavy
FR,h0410,0.341604299323349,scr1994,avaStIn,bevFrtRoadHeavy
FR,h0411,0.4062517931281794,scr1994,avaStIn,bevFrtRoadHeavy
FR,h0412,0.4260236415512997,scr1994,avaStIn,bevFrtRoadHeavy
FR,h0413,0.43706276094289287,scr1994,avaStIn,bevFrtRoadHeavy
FR,h0414,0.4535485098903609,scr1994,avaStIn,bevFrtRoadHeavy
FR,h0415,0.5170257326829234,scr1994,avaStIn,bevFrtRoadHeavy
FR,h0416,0.5846164078323921,scr1994,avaStIn,bevFrtRoadHeavy
FR,h0417,0.6406822225854623,scr1994,avaStIn,bevFrtRoadHeavy
FR,h0418,0.648916667,scr1994,avaStIn,bevFrtRoadHeavy
FR,h0419,0.6397767272678316,scr1994,avaStIn,bevFrtRoadHeavy
FR,h0420,0.6149581532285466,scr1994,avaStIn,bevFrtRoadHeavy
FR,h0421,0.5787399234599703,scr1994,avaStIn,bevFrtRoadHeavy
FR,h0422,0.5369544837819955,scr1994,avaStIn,bevFrtRoadHeavy
FR,h0423,0.49485270049335384,scr1994,avaStIn,bevFrtRoadHeavy
FR,h0424,0.45345030023340893,scr1994,avaStIn,bevFrtRoadHeavy
FR,h0425,0.4204260193216387,scr1994,avaStIn,bevFrtRoadHeavy
FR,h0426,0.4026109563988345,scr1994,avaStIn,bevFrtRoadHeavy
FR,h0427,0.3949139023723748,scr1994,avaStIn,bevFrtRoadHeavy
FR,h0428,0.3897869437965428,scr1994,avaStIn,bevFrtRoadHeavy
FR,h0429,0.3764687665489522,scr1994,avaStIn,bevFrtRoadHeavy
FR,h0430,0.34522694886516314,scr1994,avaStIn,bevFrtRoadHeavy
FR,h0431,0.30786594737633977,scr1994,avaStIn,bevFrtRoadHeavy
FR,h0432,0.27795453076937826,scr1994,avaStIn,bevFrtRoadHeavy
FR,h0433,0.3062520747308486,scr1994,avaStIn,bevFrtRoadHeavy
FR,h0434,0.3541101310613448,scr1994,avaStIn,bevFrtRoadHeavy
FR,h0435,0.4062517931281794,scr1994,avaStIn,bevFrtRoadHeavy
FR,h0436,0.4260236415512997,scr1994,avaStIn,bevFrtRoadHeavy
FR,h0437,0.43706276094289287,scr1994,avaStIn,bevFrtRoadHeavy
FR,h0438,0.4535485098903609,scr1994,avaStIn,bevFrtRoadHeavy
FR,h0439,0.4851594149321353,scr1994,avaStIn,bevFrtRoadHeavy
FR,h0440,0.528605586824356,scr1994,avaStIn,bevFrtRoadHeavy
FR,h0441,0.5691636260720091,scr1994,avaStIn,bevFrtRoadHeavy
FR,h0442,0.5967091713705938,scr1994,avaStIn,bevFrtRoadHeavy
FR,h0443,0.6072714158345791,scr1994,avaStIn,bevFrtRoadHeavy
FR,h0444,0.5997465210395602,scr1994,avaStIn,bevFrtRoadHeavy
FR,h0445,0.5745197239560199,scr1994,avaStIn,bevFrtRoadHeavy
FR,h0446,0.537467388621658,scr1994,avaStIn,bevFrtRoadHeavy
FR,h0447,0.49485270049335384,scr1994,avaStIn,bevFrtRoadHeavy
FR,h0448,0.45345030023340893,scr1994,avaStIn,bevFrtRoadHeavy
FR,h0449,0.4204260193216387,scr1994,avaStIn,bevFrtRoadHeavy
FR,h0450,0.4026109563988345,scr1994,avaStIn,bevFrtRoadHeavy
FR,h0451,0.3949139023723748,scr1994,avaStIn,bevFrtRoadHeavy
FR,h0452,0.3897869437965428,scr1994,avaStIn,bevFrtRoadHeavy
FR,h0453,0.3764687665489522,scr1994,avaStIn,bevFrtRoadHeavy
FR,h0454,0.34522694886516314,scr1994,avaStIn,bevFrtRoadHeavy
FR,h0455,0.30786594737633977,scr1994,avaStIn,bevFrtRoadHeavy
FR,h0456,0.27795453076937826,scr1994,avaStIn,bevFrtRoadHeavy
FR,h0457,0.30287108292681764,scr1994,avaStIn,bevFrtRoadHeavy
FR,h0458,0.3321366917496916,scr1994,avaStIn,bevFrtRoadHeavy
FR,h0459,0.36200873095674646,scr1994,avaStIn,bevFrtRoadHeavy
FR,h0460,0.3700410734025853,scr1994,avaStIn,bevFrtRoadHeavy
FR,h0461,0.39818431727845105,scr1994,avaStIn,bevFrtRoadHeavy
FR,h0462,0.44231843853245945,scr1994,avaStIn,bevFrtRoadHeavy
FR,h0463,0.49387431230617973,scr1994,avaStIn,bevFrtRoadHeavy
FR,h0464,0.5393801271086389,scr1994,avaStIn,bevFrtRoadHeavy
FR,h0465,0.5717279447574263,scr1994,avaStIn,bevFrtRoadHeavy
FR,h0466,0.586402683447679,scr1994,avaStIn,bevFrtRoadHeavy
FR,h0467,0.5903568012897215,scr1994,avaStIn,bevFrtRoadHeavy
FR,h0468,0.5820184110412343,scr1994,avaStIn,bevFrtRoadHeavy
FR,h0469,0.5522541766639687,scr1994,avaStIn,bevFrtRoadHeavy
FR,h0470,0.5025985097221296,scr1994,avaStIn,bevFrtRoadHeavy
FR,h0471,0.43600639021362164,scr1994,avaStIn,bevFrtRoadHeavy
FR,h0472,0.37065033443950346,scr1994,avaStIn,bevFrtRoadHeavy
FR,h0473,0.314002789456854,scr1994,avaStIn,bevFrtRoadHeavy
FR,h0474,0.2842694111742381,scr1994,avaStIn,bevFrtRoadHeavy
FR,h0475,0.30380538555186076,scr1994,avaStIn,bevFrtRoadHeavy
FR,h0476,0.34290920962125393,scr1994,avaStIn,bevFrtRoadHeavy
FR,h0477,0.38960331879383037,scr1994,avaStIn,bevFrtRoadHeavy
FR,h0478,0.40566301745498545,scr1994,avaStIn,bevFrtRoadHeavy
FR,h0479,0.4080816659934243,scr1994,avaStIn,bevFrtRoadHeavy
FR,h0480,0.39331772813358346,scr1994,avaStIn,bevFrtRoadHeavy
FR,h0481,0.4172401623070259,scr1994,avaStIn,bevFrtRoadHeavy
FR,h0482,0.441525096186831,scr1994,avaStIn,bevFrtRoadHeavy
FR,h0483,0.46508235377397855,scr1994,avaStIn,bevFrtRoadHeavy
FR,h0484,0.45675407757813846,scr1994,avaStIn,bevFrtRoadHeavy
FR,h0485,0.455945495018082,scr1994,avaStIn,bevFrtRoadHeavy
FR,h0486,0.46997202654119496,scr1994,avaStIn,bevFrtRoadHeavy
FR,h0487,0.5010898808643897,scr1994,avaStIn,bevFrtRoadHeavy
FR,h0488,0.5385315909083036,scr1994,avaStIn,bevFrtRoadHeavy
FR,h0489,0.5717279447574263,scr1994,avaStIn,bevFrtRoadHeavy
FR,h0490,0.586402683447679,scr1994,avaStIn,bevFrtRoadHeavy
FR,h0491,0.5903568012897215,scr1994,avaStIn,bevFrtRoadHeavy
FR,h0492,0.5820184110412343,scr1994,avaStIn,bevFrtRoadHeavy
FR,h0493,0.5522541766639687,scr1994,avaStIn,bevFrtRoadHeavy
FR,h0494,0.5025985097221296,scr1994,avaStIn,bevFrtRoadHeavy
FR,h0495,0.43600639021362164,scr1994,avaStIn,bevFrtRoadHeavy
FR,h0496,0.37065033443950346,scr1994,avaStIn,bevFrtRoadHeavy
FR,h0497,0.314002789456854,scr1994,avaStIn,bevFrtRoadHeavy
FR,h0498,0.2842694111742381,scr1994,avaStIn,bevFrtRoadHeavy
FR,h0499,0.30380538555186076,scr1994,avaStIn,bevFrtRoadHeavy
FR,h0500,0.34290920962125393,scr1994,avaStIn,bevFrtRoadHeavy
FR,h0501,0.38960331879383037,scr1994,avaStIn,bevFrtRoadHeavy
FR,h0502,0.40566301745498545,scr1994,avaStIn,bevFrtRoadHeavy
FR,h0503,0.4080816659934243,scr1994,avaStIn,bevFrtRoadHeavy
FR,h0504,0.39331772813358346,scr1994,avaStIn,bevFrtRoadHeavy
IT,h0337,0.3668969114858508,scr1994,avaStIn,bevFrtRoadHeavy
IT,h0338,0.38010481805932694,scr1994,avaStIn,bevFrtRoadHeavy
IT,h0339,0.4194642325578847,scr1994,avaStIn,bevFrtRoadHeavy
IT,h0340,0.4671090225541096,scr1994,avaStIn,bevFrtRoadHeavy
IT,h0341,0.49667252495672387,scr1994,avaStIn,bevFrtRoadHeavy
IT,h0342,0.49177215902810556,scr1994,avaStIn,bevFrtRoadHeavy
IT,h0343,0.4688190338400756,scr1994,avaStIn,bevFrtRoadHeavy
IT,h0344,0.4420970782858392,scr1994,avaStIn,bevFrtRoadHeavy
IT,h0345,0.4323415143000279,scr1994,avaStIn,bevFrtRoadHeavy
IT,h0346,0.4235892817447878,scr1994,avaStIn,bevFrtRoadHeavy
IT,h0347,0.3972231945623109,scr1994,avaStIn,bevFrtRoadHeavy
IT,h0348,0.35089573460580925,scr1994,avaStIn,bevFrtRoadHeavy
IT,h0349,0.30301998967102306,scr1994,avaStIn,bevFrtRoadHeavy
IT,h0350,0.2747418333491738,scr1994,avaStIn,bevFrtRoadHeavy
IT,h0351,0.28100428432749325,scr1994,avaStIn,bevFrtRoadHeavy
IT,h0352,0.3264871307407181,scr1994,avaStIn,bevFrtRoadHeavy
IT,h0353,0.39070259799222895,scr1994,avaStIn,bevFrtRoadHeavy
IT,h0354,0.46259285728392163,scr1994,avaStIn,bevFrtRoadHeavy
IT,h0355,0.527381025526004,scr1994,avaStIn,bevFrtRoadHeavy
IT,h0356,0.5751772075101039,scr1994,avaStIn,bevFrtRoadHeavy
IT,h0357,0.597306762979576,scr1994,avaStIn,bevFrtRoadHeavy
IT,h0358,0.600394007251453,scr1994,avaStIn,bevFrtRoadHeavy
IT,h0359,0.5908800318598231,scr1994,avaStIn,bevFrtRoadHeavy
IT,h0360,0.5756042397510962,scr1994,avaStIn,bevFrtRoadHeavy
IT,h0361,0.54933335981644,scr1994,avaStIn,bevFrtRoadHeavy
IT,h0362,0.5218683931107748,scr1994,avaStIn,bevFrtRoadHeavy
IT,h0363,0.4968721938641999,scr1994,avaStIn,bevFrtRoadHeavy
IT,h0364,0.4742748161441175,scr1994,avaStIn,bevFrtRoadHeavy
IT,h0365,0.45120010643110786,scr1994,avaStIn,bevFrtRoadHeavy
IT,h0366,0.43177982482768507,scr1994,avaStIn,bevFrtRoadHeavy
IT,h0367,0.42452223827293367,scr1994,avaStIn,bevFrtRoadHeavy
IT,h0368,0.4268190175592579,scr1994,avaStIn,bevFrtRoadHeavy
IT,h0369,0.4323415143000279,scr1994,avaStIn,bevFrtRoadHeavy
IT,h0370,0.4235892817447878,scr1994,avaStIn,bevFrtRoadHeavy
IT,h0371,0.3972231945623109,scr1994,avaStIn,bevFrtRoadHeavy
IT,h0372,0.35089573460580925,scr1994,avaStIn,bevFrtRoadHeavy
IT,h0373,0.30301998967102306,scr1994,avaStIn,bevFrtRoadHeavy
IT,h0374,0.2747418333491738,scr1994,avaStIn,bevFrtRoadHeavy
IT,h0375,0.28100428432749325,scr1994,avaStIn,bevFrtRoadHeavy
IT,h0376,0.3264871307407181,scr1994,avaStIn,bevFrtRoadHeavy
IT,h0377,0.39070259799222895,scr1994,avaStIn,bevFrtRoadHeavy
IT,h0378,0.46259285728392163,scr1994,avaStIn,bevFrtRoadHeavy
IT,h0379,0.5258945707660485,scr1994,avaStIn,bevFrtRoadHeavy
IT,h0380,0.5775126532133741,scr1994,avaStIn,bevFrtRoadHeavy
IT,h0381,0.6068226498839902,scr1994,avaStIn,bevFrtRoadHeavy
IT,h0382,0.6077267241442188,scr1994,avaStIn,bevFrtRoadHeavy
IT,h0383,0.5845803785311801,scr1994,avaStIn,bevFrtRoadHeavy
IT,h0384,0.5478532898823398,scr1994,avaStIn,bevFrtRoadHeavy
IT,h0385,0.5248856515458392,scr1994,avaStIn,bevFrtRoadHeavy
IT,h0386,0.5074870468783488,scr1994,avaStIn,bevFrtRoadHeavy
IT,h0387,0.4968721938641999,scr1994,avaStIn,bevFrtRoadHeavy
IT,h0388,0.4742748161441175,scr1994,avaStIn,bevFrtRoadHeavy
IT,h0389,0.45120010643110786,scr1994,avaStIn,bevFrtRoadHeavy
IT,h0390,0.43177982482768507,scr1994,avaStIn,bevFrtRoadHeavy
IT,h0391,0.40706138915818835,scr1994,avaStIn,bevFrtRoadHeavy
IT,h0392,0.3969764167521014,scr1994,avaStIn,bevFrtRoadHeavy
IT,h0393,0.398704215204311,scr1994,avaStIn,bevFrtRoadHeavy
IT,h0394,0.4092662704181904,scr1994,avaStIn,bevFrtRoadHeavy
IT,h0395,0.3984228846802921,scr1994,avaStIn,bevFrtRoadHeavy
IT,h0396,0.3557916354671121,scr1994,avaStIn,bevFrtRoadHeavy
IT,h0397,0.4032711343798502,scr1994,avaStIn,bevFrtRoadHeavy
IT,h0398,0.4468766289603082,scr1994,avaStIn,bevFrtRoadHeavy
IT,h0399,0.4948527004933536,scr1994,avaStIn,bevFrtRoadHeavy
IT,h0400,0.4534503002334087,scr1994,avaStIn,bevFrtRoadHeavy
IT,h0401,0.4204260193216386,scr1994,avaStIn,bevFrtRoadHeavy
IT,h0402,0.4026109563988344,scr1994,avaStIn,bevFrtRoadHeavy
IT,h0403,0.38717632495720755,scr1994,avaStIn,bevFrtRoadHeavy
IT,h0404,0.37445472715407446,scr1994,avaStIn,bevFrtRoadHeavy
IT,h0405,0.3498097025180955,scr1994,avaStIn,bevFrtRoadHeavy
IT,h0406,0.31102111015076905,scr1994,avaStIn,bevFrtRoadHeavy
IT,h0407,0.26701402440775457,scr1994,avaStIn,bevFrtRoadHeavy
IT,h0408,0.23449723533671962,scr1994,avaStIn,bevFrtRoadHeavy
IT,h0409,0.27964190099803043,scr1994,avaStIn,bevFrtRoadHeavy
IT,h0410,0.3416042993233489,scr1994,avaStIn,bevFrtRoadHeavy
IT,h0411,0.4062517931281793,scr1994,avaStIn,bevFrtRoadHeavy
IT,h0412,0.42602364155129935,scr1994,avaStIn,bevFrtRoadHeavy
IT,h0413,0.43706276094289265,scr1994,avaStIn,bevFrtRoadHeavy
IT,h0414,0.4535485098903608,scr1994,avaStIn,bevFrtRoadHeavy
IT,h0415,0.5170257326829233,scr1994,avaStIn,bevFrtRoadHeavy
IT,h0416,0.5846164078323919,scr1994,avaStIn,bevFrtRoadHeavy
IT,h0417,0.6406822225854621,scr1994,avaStIn,bevFrtRoadHeavy
IT,h0418,0.648916667,scr1994,avaStIn,bevFrtRoadHeavy
IT,h0419,0.6397767272678315,scr1994,avaStIn,bevFrtRoadHeavy
IT,h0420,0.6149581532285463,scr1994,avaStIn,bevFrtRoadHeavy
IT,h0421,0.57873992345997,scr1994,avaStIn,bevFrtRoadHeavy
IT,h0422,0.5369544837819952,scr1994,avaStIn,bevFrtRoadHeavy
IT,h0423,0.4948527004933536,scr1994,avaStIn,bevFrtRoadHeavy
IT,h0424,0.4534503002334087,scr1994,avaStIn,bevFrtRoadHeavy
IT,h0425,0.4204260193216386,scr1994,avaStIn,bevFrtRoadHeavy
IT,h0426,0.4026109563988344,scr1994,avaStIn,bevFrtRoadHeavy
IT,h0427,0.39491390237237456,scr1994,avaStIn,bevFrtRoadHeavy
IT,h0428,0.38978694379654266,scr1994,avaStIn,bevFrtRoadHeavy
IT,h0429,0.3764687665489521,scr1994,avaStIn,bevFrtRoadHeavy
IT,h0430,0.34522694886516314,scr1994,avaStIn,bevFrtRoadHeavy
IT,h0431,0.30786594737633977,scr1994,avaStIn,bevFrtRoadHeavy
IT,h0432,0.27795453076937815,scr1994,avaStIn,bevFrtRoadHeavy
IT,h0433,0.3062520747308486,scr1994,avaStIn,bevFrtRoadHeavy
IT,h0434,0.3541101310613447,scr1994,avaStIn,bevFrtRoadHeavy
IT,h0435,0.4062517931281793,scr1994,avaStIn,bevFrtRoadHeavy
IT,h0436,0.42602364155129935,scr1994,avaStIn,bevFrtRoadHeavy
IT,h0437,0.43706276094289265,scr1994,avaStIn,bevFrtRoadHeavy
IT,h0438,0.4535485098903608,scr1994,avaStIn,bevFrtRoadHeavy
IT,h0439,0.4851594149321352,scr1994,avaStIn,bevFrtRoadHeavy
IT,h0440,0.5286055868243559,scr1994,avaStIn,bevFrtRoadHeavy
IT,h0441,0.5691636260720089,scr1994,avaStIn,bevFrtRoadHeavy
IT,h0442,0.5967091713705934,scr1994,avaStIn,bevFrtRoadHeavy
IT,h0443,0.6072714158345788,scr1994,avaStIn,bevFrtRoadHeavy
IT,h0444,0.59974652103956,scr1994,avaStIn,bevFrtRoadHeavy
IT,h0445,0.5745197239560198,scr1994,avaStIn,bevFrtRoadHeavy
IT,h0446,0.5374673886216577,scr1994,avaStIn,bevFrtRoadHeavy
IT,h0447,0.4948527004933536,scr1994,avaStIn,bevFrtRoadHeavy
IT,h0448,0.4534503002334087,scr1994,avaStIn,bevFrtRoadHeavy
IT,h0449,0.4204260193216386,scr1994,avaStIn,bevFrtRoadHeavy
IT,h0450,0.4026109563988344,scr1994,avaStIn,bevFrtRoadHeavy
IT,h0451,0.39491390237237456,scr1994,avaStIn,bevFrtRoadHeavy
IT,h0452,0.38978694379654266,scr1994,avaStIn,bevFrtRoadHeavy
IT,h0453,0.3764687665489521,scr1994,avaStIn,bevFrtRoadHeavy
IT,h0454,0.34522694886516314,scr1994,avaStIn,bevFrtRoadHeavy
IT,h0455,0.30786594737633977,scr1994,avaStIn,bevFrtRoadHeavy
IT,h0456,0.27795453076937815,scr1994,avaStIn,bevFrtRoadHeavy
IT,h0457,0.30287108292681764,scr1994,avaStIn,bevFrtRoadHeavy
IT,h0458,0.3321366917496915,scr1994,avaStIn,bevFrtRoadHeavy
IT,h0459,0.36200873095674635,scr1994,avaStIn,bevFrtRoadHeavy
IT,h0460,0.3700410734025852,scr1994,avaStIn,bevFrtRoadHeavy
IT,h0461,0.39818431727845116,scr1994,avaStIn,bevFrtRoadHeavy
IT,h0462,0.44231843853245956,scr1994,avaStIn,bevFrtRoadHeavy
IT,h0463,0.49387431230617973,scr1994,avaStIn,bevFrtRoadHeavy
IT,h0464,0.5393801271086388,scr1994,avaStIn,bevFrtRoadHeavy
IT,h0465,0.5717279447574262,scr1994,avaStIn,bevFrtRoadHeavy
IT,h0466,0.586402683447679,scr1994,avaStIn,bevFrtRoadHeavy
IT,h0467,0.5903568012897215,scr1994,avaStIn,bevFrtRoadHeavy
IT,h0468,0.5820184110412341,scr1994,avaStIn,bevFrtRoadHeavy
IT,h0469,0.5522541766639685,scr1994,avaStIn,bevFrtRoadHeavy
IT,h0470,0.5025985097221295,scr1994,avaStIn,bevFrtRoadHeavy
IT,h0471,0.43600639021362153,scr1994,avaStIn,bevFrtRoadHeavy
IT,h0472,0.37065033443950335,scr1994,avaStIn,bevFrtRoadHeavy
IT,h0473,0.3140027894568539,scr1994,avaStIn,bevFrtRoadHeavy
IT,h0474,0.284269411174238,scr1994,avaStIn,bevFrtRoadHeavy
IT,h0475,0.30380538555186065,scr1994,avaStIn,bevFrtRoadHeavy
IT,h0476,0.3429092096212538,scr1994,avaStIn,bevFrtRoadHeavy
IT,h0477,0.38960331879383003,scr1994,avaStIn,bevFrtRoadHeavy
IT,h0478,0.40566301745498523,scr1994,avaStIn,bevFrtRoadHeavy
IT,h0479,0.4080816659934241,scr1994,avaStIn,bevFrtRoadHeavy
IT,h0480,0.39331772813358346,scr1994,avaStIn,bevFrtRoadHeavy
IT,h0481,0.4172401623070259,scr1994,avaStIn,bevFrtRoadHeavy
IT,h0482,0.4415250961868308,scr1994,avaStIn,bevFrtRoadHeavy
IT,h0483,0.46508235377397855,scr1994,avaStIn,bevFrtRoadHeavy
IT,h0484,0.4567540775781386,scr1994,avaStIn,bevFrtRoadHeavy
IT,h0485,0.4559454950180819,scr1994,avaStIn,bevFrtRoadHeavy
IT,h0486,0.46997202654119485,scr1994,avaStIn,bevFrtRoadHeavy
IT,h0487,0.5010898808643895,scr1994,avaStIn,bevFrtRoadHeavy
IT,h0488,0.5385315909083035,scr1994,avaStIn,bevFrtRoadHeavy
IT,h0489,0.5717279447574262,scr1994,avaStIn,bevFrtRoadHeavy
IT,h0490,0.586402683447679,scr1994,avaStIn,bevFrtRoadHeavy
IT,h0491,0.5903568012897215,scr1994,avaStIn,bevFrtRoadHeavy
IT,h0492,0.5820184110412341,scr1994,avaStIn,bevFrtRoadHeavy
IT,h0493,0.5522541766639685,scr1994,avaStIn,bevFrtRoadHeavy
IT,h0494,0.5025985097221295,scr1994,avaStIn,bevFrtRoadHeavy
IT,h0495,0.43600639021362153,scr1994,avaStIn,bevFrtRoadHeavy
IT,h0496,0.37065033443950335,scr1994,avaStIn,bevFrtRoadHeavy
IT,h0497,0.3140027894568539,scr1994,avaStIn,bevFrtRoadHeavy
IT,h0498,0.284269411174238,scr1994,avaStIn,bevFrtRoadHeavy
IT,h0499,0.30380538555186065,scr1994,avaStIn,bevFrtRoadHeavy
IT,h0500,0.3429092096212538,scr1994,avaStIn,bevFrtRoadHeavy
IT,h0501,0.38960331879383003,scr1994,avaStIn,bevFrtRoadHeavy
IT,h0502,0.40566301745498523,scr1994,avaStIn,bevFrtRoadHeavy
IT,h0503,0.4080816659934241,scr1994,avaStIn,bevFrtRoadHeavy
IT,h0504,0.39331772813358346,scr1994,avaStIn,bevFrtRoadHeavy
NL,h0337,0.36689691148585085,scr1994,avaStIn,bevFrtRoadHeavy
NL,h0338,0.380104818059327,scr1994,avaStIn,bevFrtRoadHeavy
NL,h0339,0.4194642325578846,scr1994,avaStIn,bevFrtRoadHeavy
NL,h0340,0.46710902255410963,scr1994,avaStIn,bevFrtRoadHeavy
NL,h0341,0.4966725249567239,scr1994,avaStIn,bevFrtRoadHeavy
NL,h0342,0.4917721590281056,scr1994,avaStIn,bevFrtRoadHeavy
NL,h0343,0.46881903384007567,scr1994,avaStIn,bevFrtRoadHeavy
NL,h0344,0.4420970782858393,scr1994,avaStIn,bevFrtRoadHeavy
NL,h0345,0.43234151430002793,scr1994,avaStIn,bevFrtRoadHeavy
NL,h0346,0.4235892817447879,scr1994,avaStIn,bevFrtRoadHeavy
NL,h0347,0.397223194562311,scr1994,avaStIn,bevFrtRoadHeavy
NL,h0348,0.3508957346058093,scr1994,avaStIn,bevFrtRoadHeavy
NL,h0349,0.3030199896710231,scr1994,avaStIn,bevFrtRoadHeavy
NL,h0350,0.27474183334917385,scr1994,avaStIn,bevFrtRoadHeavy
NL,h0351,0.2810042843274933,scr1994,avaStIn,bevFrtRoadHeavy
NL,h0352,0.32648713074071817,scr1994,avaStIn,bevFrtRoadHeavy
NL,h0353,0.3907025979922289,scr1994,avaStIn,bevFrtRoadHeavy
NL,h0354,0.4625928572839217,scr1994,avaStIn,bevFrtRoadHeavy
NL,h0355,0.5273810255260041,scr1994,avaStIn,bevFrtRoadHeavy
NL,h0356,0.575177207510104,scr1994,avaStIn,bevFrtRoadHeavy
NL,h0357,0.5973067629795761,scr1994,avaStIn,bevFrtRoadHeavy
NL,h0358,0.6003940072514531,scr1994,avaStIn,bevFrtRoadHeavy
NL,h0359,0.5908800318598231,scr1994,avaStIn,bevFrtRoadHeavy
NL,h0360,0.5756042397510963,scr1994,avaStIn,bevFrtRoadHeavy
NL,h0361,0.54933335981644,scr1994,avaStIn,bevFrtRoadHeavy
NL,h0362,0.5218683931107748,scr1994,avaStIn,bevFrtRoadHeavy
NL,h0363,0.49687219386419995,scr1994,avaStIn,bevFrtRoadHeavy
NL,h0364,0.47427481614411754,scr1994,avaStIn,bevFrtRoadHeavy
NL,h0365,0.4512001064311079,scr1994,avaStIn,bevFrtRoadHeavy
NL,h0366,0.4317798248276851,scr1994,avaStIn,bevFrtRoadHeavy
NL,h0367,0.4245222382729337,scr1994,avaStIn,bevFrtRoadHeavy
NL,h0368,0.42681901755925794,scr1994,avaStIn,bevFrtRoadHeavy
NL,h0369,0.43234151430002793,scr1994,avaStIn,bevFrtRoadHeavy
NL,h0370,0.4235892817447879,scr1994,avaStIn,bevFrtRoadHeavy
NL,h0371,0.397223194562311,scr1994,avaStIn,bevFrtRoadHeavy
NL,h0372,0.3508957346058093,scr1994,avaStIn,bevFrtRoadHeavy
NL,h0373,0.3030199896710231,scr1994,avaStIn,bevFrtRoadHeavy
NL,h0374,0.27474183334917385,scr1994,avaStIn,bevFrtRoadHeavy
NL,h0375,0.2810042843274933,scr1994,avaStIn,bevFrtRoadHeavy
NL,h0376,0.32648713074071817,scr1994,avaStIn,bevFrtRoadHeavy
NL,h0377,0.3907025979922289,scr1994,avaStIn,bevFrtRoadHeavy
NL,h0378,0.4625928572839217,scr1994,avaStIn,bevFrtRoadHeavy
NL,h0379,0.5258945707660485,scr1994,avaStIn,bevFrtRoadHeavy
NL,h0380,0.5775126532133741,scr1994,avaStIn,bevFrtRoadHeavy
NL,h0381,0.6068226498839902,scr1994,avaStIn,bevFrtRoadHeavy
NL,h0382,0.6077267241442188,scr1994,avaStIn,bevFrtRoadHeavy
NL,h0383,0.5845803785311798,scr1994,avaStIn,bevFrtRoadHeavy
NL,h0384,0.5478532898823398,scr1994,avaStIn,bevFrtRoadHeavy
NL,h0385,0.5248856515458393,scr1994,avaStIn,bevFrtRoadHeavy
NL,h0386,0.5074870468783488,scr1994,avaStIn,bevFrtRoadHeavy
NL,h0387,0.49687219386419995,scr1994,avaStIn,bevFrtRoadHeavy
NL,h0388,0.47427481614411754,scr1994,avaStIn,bevFrtRoadHeavy
NL,h0389,0.4512001064311079,scr1994,avaStIn,bevFrtRoadHeavy
NL,h0390,0.4317798248276851,scr1994,avaStIn,bevFrtRoadHeavy
NL,h0391,0.4070613891581884,scr1994,avaStIn,bevFrtRoadHeavy
NL,h0392,0.39697641675210144,scr1994,avaStIn,bevFrtRoadHeavy
NL,h0393,0.39870421520431126,scr1994,avaStIn,bevFrtRoadHeavy
NL,h0394,0.40926627041819047,scr1994,avaStIn,bevFrtRoadHeavy
NL,h0395,0.39842288468029213,scr1994,avaStIn,bevFrtRoadHeavy
NL,h0396,0.3557916354671122,scr1994,avaStIn,bevFrtRoadHeavy
NL,h0397,0.40327113437985024,scr1994,avaStIn,bevFrtRoadHeavy
NL,h0398,0.4468766289603083,scr1994,avaStIn,bevFrtRoadHeavy
NL,h0399,0.49485270049335356,scr1994,avaStIn,bevFrtRoadHeavy
NL,h0400,0.45345030023340877,scr1994,avaStIn,bevFrtRoadHeavy
NL,h0401,0.42042601932163864,scr1994,avaStIn,bevFrtRoadHeavy
NL,h0402,0.40261095639883443,scr1994,avaStIn,bevFrtRoadHeavy
NL,h0403,0.3871763249572075,scr1994,avaStIn,bevFrtRoadHeavy
NL,h0404,0.3744547271540745,scr1994,avaStIn,bevFrtRoadHeavy
NL,h0405,0.34980970251809557,scr1994,avaStIn,bevFrtRoadHeavy
NL,h0406,0.3110211101507691,scr1994,avaStIn,bevFrtRoadHeavy
NL,h0407,0.2670140244077546,scr1994,avaStIn,bevFrtRoadHeavy
NL,h0408,0.23449723533671968,scr1994,avaStIn,bevFrtRoadHeavy
NL,h0409,0.2796419009980305,scr1994,avaStIn,bevFrtRoadHeavy
NL,h0410,0.34160429932334896,scr1994,avaStIn,bevFrtRoadHeavy
NL,h0411,0.40625179312817933,scr1994,avaStIn,bevFrtRoadHeavy
NL,h0412,0.4260236415512996,scr1994,avaStIn,bevFrtRoadHeavy
NL,h0413,0.4370627609428927,scr1994,avaStIn,bevFrtRoadHeavy
NL,h0414,0.45354850989036083,scr1994,avaStIn,bevFrtRoadHeavy
NL,h0415,0.5170257326829233,scr1994,avaStIn,bevFrtRoadHeavy
NL,h0416,0.5846164078323919,scr1994,avaStIn,bevFrtRoadHeavy
NL,h0417,0.6406822225854623,scr1994,avaStIn,bevFrtRoadHeavy
NL,h0418,0.648916667,scr1994,avaStIn,bevFrtRoadHeavy
NL,h0419,0.6397767272678316,scr1994,avaStIn,bevFrtRoadHeavy
NL,h0420,0.6149581532285464,scr1994,avaStIn,bevFrtRoadHeavy
NL,h0421,0.5787399234599702,scr1994,avaStIn,bevFrtRoadHeavy
NL,h0422,0.5369544837819953,scr1994,avaStIn,bevFrtRoadHeavy
NL,h0423,0.49485270049335356,scr1994,avaStIn,bevFrtRoadHeavy
NL,h0424,0.45345030023340877,scr1994,avaStIn,bevFrtRoadHeavy
NL,h0425,0.42042601932163864,scr1994,avaStIn,bevFrtRoadHeavy
NL,h0426,0.40261095639883443,scr1994,avaStIn,bevFrtRoadHeavy
NL,h0427,0.3949139023723746,scr1994,avaStIn,bevFrtRoadHeavy
NL,h0428,0.3897869437965427,scr1994,avaStIn,bevFrtRoadHeavy
NL,h0429,0.37646876654895217,scr1994,avaStIn,bevFrtRoadHeavy
NL,h0430,0.3452269488651632,scr1994,avaStIn,bevFrtRoadHeavy
NL,h0431,0.3078659473763398,scr1994,avaStIn,bevFrtRoadHeavy
NL,h0432,0.2779545307693782,scr1994,avaStIn,bevFrtRoadHeavy
NL,h0433,0.30625207473084864,scr1994,avaStIn,bevFrtRoadHeavy
NL,h0434,0.35411013106134476,scr1994,avaStIn,bevFrtRoadHeavy
NL,h0435,0.40625179312817933,scr1994,avaStIn,bevFrtRoadHeavy
NL,h0436,0.4260236415512996,scr1994,avaStIn,bevFrtRoadHeavy
NL,h0437,0.4370627609428927,scr1994,avaStIn,bevFrtRoadHeavy
NL,h0438,0.45354850989036083,scr1994,avaStIn,bevFrtRoadHeavy
NL,h0439,0.48515941493213527,scr1994,avaStIn,bevFrtRoadHeavy
NL,h0440,0.528605586824356,scr1994,avaStIn,bevFrtRoadHeavy
NL,h0441,0.569163626072009,scr1994,avaStIn,bevFrtRoadHeavy
NL,h0442,0.5967091713705934,scr1994,avaStIn,bevFrtRoadHeavy
NL,h0443,0.6072714158345789,scr1994,avaStIn,bevFrtRoadHeavy
NL,h0444,0.5997465210395598,scr1994,avaStIn,bevFrtRoadHeavy
NL,h0445,0.5745197239560198,scr1994,avaStIn,bevFrtRoadHeavy
NL,h0446,0.5374673886216577,scr1994,avaStIn,bevFrtRoadHeavy
NL,h0447,0.49485270049335356,scr1994,avaStIn,bevFrtRoadHeavy
NL,h0448,0.45345030023340877,scr1994,avaStIn,bevFrtRoadHeavy
NL,h0449,0.42042601932163864,scr1994,avaStIn,bevFrtRoadHeavy
NL,h0450,0.40261095639883443,scr1994,avaStIn,bevFrtRoadHeavy
NL,h0451,0.3949139023723746,scr1994,avaStIn,bevFrtRoadHeavy
NL,h0452,0.3897869437965427,scr1994,avaStIn,bevFrtRoadHeavy
NL,h0453,0.37646876654895217,scr1994,avaStIn,bevFrtRoadHeavy
NL,h0454,0.3452269488651632,scr1994,avaStIn,bevFrtRoadHeavy
NL,h0455,0.3078659473763398,scr1994,avaStIn,bevFrtRoadHeavy
NL,h0456,0.2779545307693782,scr1994,avaStIn,bevFrtRoadHeavy
NL,h0457,0.3028710829268177,scr1994,avaStIn,bevFrtRoadHeavy
NL,h0458,0.33213669174969157,scr1994,avaStIn,bevFrtRoadHeavy
NL,h0459,0.3620087309567464,scr1994,avaStIn,bevFrtRoadHeavy
NL,h0460,0.37004107340258524,scr1994,avaStIn,bevFrtRoadHeavy
NL,h0461,0.3981843172784512,scr1994,avaStIn,bevFrtRoadHeavy
NL,h0462,0.4423184385324596,scr1994,avaStIn,bevFrtRoadHeavy
NL,h0463,0.4938743123061798,scr1994,avaStIn,bevFrtRoadHeavy
NL,h0464,0.5393801271086389,scr1994,avaStIn,bevFrtRoadHeavy
NL,h0465,0.5717279447574262,scr1994,avaStIn,bevFrtRoadHeavy
NL,h0466,0.5864026834476788,scr1994,avaStIn,bevFrtRoadHeavy
NL,h0467,0.5903568012897213,scr1994,avaStIn,bevFrtRoadHeavy
NL,h0468,0.5820184110412341,scr1994,avaStIn,bevFrtRoadHeavy
NL,h0469,0.5522541766639684,scr1994,avaStIn,bevFrtRoadHeavy
NL,h0470,0.5025985097221295,scr1994,avaStIn,bevFrtRoadHeavy
NL,h0471,0.4360063902136216,scr1994,avaStIn,bevFrtRoadHeavy
NL,h0472,0.3706503344395034,scr1994,avaStIn,bevFrtRoadHeavy
NL,h0473,0.31400278945685395,scr1994,avaStIn,bevFrtRoadHeavy
NL,h0474,0.28426941117423804,scr1994,avaStIn,bevFrtRoadHeavy
NL,h0475,0.3038053855518607,scr1994,avaStIn,bevFrtRoadHeavy
NL,h0476,0.3429092096212539,scr1994,avaStIn,bevFrtRoadHeavy
NL,h0477,0.3896033187938301,scr1994,avaStIn,bevFrtRoadHeavy
NL,h0478,0.4056630174549854,scr1994,avaStIn,bevFrtRoadHeavy
NL,h0479,0.40808166599342416,scr1994,avaStIn,bevFrtRoadHeavy
NL,h0480,0.3933177281335835,scr1994,avaStIn,bevFrtRoadHeavy
NL,h0481,0.41724016230702593,scr1994,avaStIn,bevFrtRoadHeavy
NL,h0482,0.44152509618683106,scr1994,avaStIn,bevFrtRoadHeavy
NL,h0483,0.4650823537739786,scr1994,avaStIn,bevFrtRoadHeavy
NL,h0484,0.45675407757813863,scr1994,avaStIn,bevFrtRoadHeavy
NL,h0485,0.45594549501808196,scr1994,avaStIn,bevFrtRoadHeavy
NL,h0486,0.4699720265411949,scr1994,avaStIn,bevFrtRoadHeavy
NL,h0487,0.5010898808643895,scr1994,avaStIn,bevFrtRoadHeavy
NL,h0488,0.5385315909083035,scr1994,avaStIn,bevFrtRoadHeavy
NL,h0489,0.5717279447574262,scr1994,avaStIn,bevFrtRoadHeavy
NL,h0490,0.5864026834476788,scr1994,avaStIn,bevFrtRoadHeavy
NL,h0491,0.5903568012897213,scr1994,avaStIn,bevFrtRoadHeavy
NL,h0492,0.5820184110412341,scr1994,avaStIn,bevFrtRoadHeavy
NL,h0493,0.5522541766639684,scr1994,avaStIn,bevFrtRoadHeavy
NL,h0494,0.5025985097221295,scr1994,avaStIn,bevFrtRoadHeavy
NL,h0495,0.4360063902136216,scr1994,avaStIn,bevFrtRoadHeavy
NL,h0496,0.3706503344395034,scr1994,avaStIn,bevFrtRoadHeavy
NL,h0497,0.31400278945685395,scr1994,avaStIn,bevFrtRoadHeavy
NL,h0498,0.28426941117423804,scr1994,avaStIn,bevFrtRoadHeavy
NL,h0499,0.3038053855518607,scr1994,avaStIn,bevFrtRoadHeavy
NL,h0500,0.3429092096212539,scr1994,avaStIn,bevFrtRoadHeavy
NL,h0501,0.3896033187938301,scr1994,avaStIn,bevFrtRoadHeavy
NL,h0502,0.4056630174549854,scr1994,avaStIn,bevFrtRoadHeavy
NL,h0503,0.40808166599342416,scr1994,avaStIn,bevFrtRoadHeavy
NL,h0504,0.3933177281335835,scr1994,avaStIn,bevFrtRoadHeavy
IE,h0337,0.36689691148585085,scr1994,avaStIn,bevFrtRoadHeavy
IE,h0338,0.380104818059327,scr1994,avaStIn,bevFrtRoadHeavy
IE,h0339,0.4194642325578846,scr1994,avaStIn,bevFrtRoadHeavy
IE,h0340,0.46710902255410963,scr1994,avaStIn,bevFrtRoadHeavy
IE,h0341,0.4966725249567239,scr1994,avaStIn,bevFrtRoadHeavy
IE,h0342,0.4917721590281056,scr1994,avaStIn,bevFrtRoadHeavy
IE,h0343,0.46881903384007567,scr1994,avaStIn,bevFrtRoadHeavy
IE,h0344,0.4420970782858393,scr1994,avaStIn,bevFrtRoadHeavy
IE,h0345,0.43234151430002793,scr1994,avaStIn,bevFrtRoadHeavy
IE,h0346,0.4235892817447879,scr1994,avaStIn,bevFrtRoadHeavy
IE,h0347,0.397223194562311,scr1994,avaStIn,bevFrtRoadHeavy
IE,h0348,0.3508957346058093,scr1994,avaStIn,bevFrtRoadHeavy
IE,h0349,0.3030199896710231,scr1994,avaStIn,bevFrtRoadHeavy
IE,h0350,0.27474183334917385,scr1994,avaStIn,bevFrtRoadHeavy
IE,h0351,0.2810042843274933,scr1994,avaStIn,bevFrtRoadHeavy
IE,h0352,0.32648713074071817,scr1994,avaStIn,bevFrtRoadHeavy
IE,h0353,0.3907025979922289,scr1994,avaStIn,bevFrtRoadHeavy
IE,h0354,0.4625928572839217,scr1994,avaStIn,bevFrtRoadHeavy
IE,h0355,0.5273810255260041,scr1994,avaStIn,bevFrtRoadHeavy
IE,h0356,0.575177207510104,scr1994,avaStIn,bevFrtRoadHeavy
IE,h0357,0.5973067629795761,scr1994,avaStIn,bevFrtRoadHeavy
IE,h0358,0.6003940072514531,scr1994,avaStIn,bevFrtRoadHeavy
IE,h0359,0.5908800318598231,scr1994,avaStIn,bevFrtRoadHeavy
IE,h0360,0.5756042397510963,scr1994,avaStIn,bevFrtRoadHeavy
IE,h0361,0.54933335981644,scr1994,avaStIn,bevFrtRoadHeavy
IE,h0362,0.5218683931107748,scr1994,avaStIn,bevFrtRoadHeavy
IE,h0363,0.49687219386419995,scr1994,avaStIn,bevFrtRoadHeavy
IE,h0364,0.47427481614411754,scr1994,avaStIn,bevFrtRoadHeavy
IE,h0365,0.4512001064311079,scr1994,avaStIn,bevFrtRoadHeavy
IE,h0366,0.4317798248276851,scr1994,avaStIn,bevFrtRoadHeavy
IE,h0367,0.4245222382729337,scr1994,avaStIn,bevFrtRoadHeavy
IE,h0368,0.42681901755925794,scr1994,avaStIn,bevFrtRoadHeavy
IE,h0369,0.43234151430002793,scr1994,avaStIn,bevFrtRoadHeavy
IE,h0370,0.4235892817447879,scr1994,avaStIn,bevFrtRoadHeavy
IE,h0371,0.397223194562311,scr1994,avaStIn,bevFrtRoadHeavy
IE,h0372,0.3508957346058093,scr1994,avaStIn,bevFrtRoadHeavy
IE,h0373,0.3030199896710231,scr1994,avaStIn,bevFrtRoadHeavy
IE,h0374,0.27474183334917385,scr1994,avaStIn,bevFrtRoadHeavy
IE,h0375,0.2810042843274933,scr1994,avaStIn,bevFrtRoadHeavy
IE,h0376,0.32648713074071817,scr1994,avaStIn,bevFrtRoadHeavy
IE,h0377,0.3907025979922289,scr1994,avaStIn,bevFrtRoadHeavy
IE,h0378,0.4625928572839217,scr1994,avaStIn,bevFrtRoadHeavy
IE,h0379,0.5258945707660485,scr1994,avaStIn,bevFrtRoadHeavy
IE,h0380,0.5775126532133741,scr1994,avaStIn,bevFrtRoadHeavy
IE,h0381,0.6068226498839902,scr1994,avaStIn,bevFrtRoadHeavy
IE,h0382,0.6077267241442188,scr1994,avaStIn,bevFrtRoadHeavy
IE,h0383,0.5845803785311798,scr1994,avaStIn,bevFrtRoadHeavy
IE,h0384,0.5478532898823398,scr1994,avaStIn,bevFrtRoadHeavy
IE,h0385,0.5248856515458393,scr1994,avaStIn,bevFrtRoadHeavy
IE,h0386,0.5074870468783488,scr1994,avaStIn,bevFrtRoadHeavy
IE,h0387,0.49687219386419995,scr1994,avaStIn,bevFrtRoadHeavy
IE,h0388,0.47427481614411754,scr1994,avaStIn,bevFrtRoadHeavy
IE,h0389,0.4512001064311079,scr1994,avaStIn,bevFrtRoadHeavy
IE,h0390,0.4317798248276851,scr1994,avaStIn,bevFrtRoadHeavy
IE,h0391,0.4070613891581884,scr1994,avaStIn,bevFrtRoadHeavy
IE,h0392,0.39697641675210144,scr1994,avaStIn,bevFrtRoadHeavy
IE,h0393,0.39870421520431126,scr1994,avaStIn,bevFrtRoadHeavy
IE,h0394,0.40926627041819047,scr1994,avaStIn,bevFrtRoadHeavy
IE,h0395,0.39842288468029213,scr1994,avaStIn,bevFrtRoadHeavy
IE,h0396,0.3557916354671122,scr1994,avaStIn,bevFrtRoadHeavy
IE,h0397,0.40327113437985024,scr1994,avaStIn,bevFrtRoadHeavy
IE,h0398,0.4468766289603083,scr1994,avaStIn,bevFrtRoadHeavy
IE,h0399,0.49485270049335356,scr1994,avaStIn,bevFrtRoadHeavy
IE,h0400,0.45345030023340877,scr1994,avaStIn,bevFrtRoadHeavy
IE,h0401,0.42042601932163864,scr1994,avaStIn,bevFrtRoadHeavy
IE,h0402,0.40261095639883443,scr1994,avaStIn,bevFrtRoadHeavy
IE,h0403,0.3871763249572075,scr1994,avaStIn,bevFrtRoadHeavy
IE,h0404,0.3744547271540745,scr1994,avaStIn,bevFrtRoadHeavy
IE,h0405,0.34980970251809557,scr1994,avaStIn,bevFrtRoadHeavy
IE,h0406,0.3110211101507691,scr1994,avaStIn,bevFrtRoadHeavy
IE,h0407,0.2670140244077546,scr1994,avaStIn,bevFrtRoadHeavy
IE,h0408,0.23449723533671968,scr1994,avaStIn,bevFrtRoadHeavy
IE,h0409,0.2796419009980305,scr1994,avaStIn,bevFrtRoadHeavy
IE,h0410,0.34160429932334896,scr1994,avaStIn,bevFrtRoadHeavy
IE,h0411,0.40625179312817933,scr1994,avaStIn,bevFrtRoadHeavy
IE,h0412,0.4260236415512996,scr1994,avaStIn,bevFrtRoadHeavy
IE,h0413,0.4370627609428927,scr1994,avaStIn,bevFrtRoadHeavy
IE,h0414,0.45354850989036083,scr1994,avaStIn,bevFrtRoadHeavy
IE,h0415,0.5170257326829233,scr1994,avaStIn,bevFrtRoadHeavy
IE,h0416,0.5846164078323919,scr1994,avaStIn,bevFrtRoadHeavy
IE,h0417,0.6406822225854623,scr1994,avaStIn,bevFrtRoadHeavy
IE,h0418,0.648916667,scr1994,avaStIn,bevFrtRoadHeavy
IE,h0419,0.6397767272678316,scr1994,avaStIn,bevFrtRoadHeavy
IE,h0420,0.6149581532285464,scr1994,avaStIn,bevFrtRoadHeavy
IE,h0421,0.5787399234599702,scr1994,avaStIn,bevFrtRoadHeavy
IE,h0422,0.5369544837819953,scr1994,avaStIn,bevFrtRoadHeavy
IE,h0423,0.49485270049335356,scr1994,avaStIn,bevFrtRoadHeavy
IE,h0424,0.45345030023340877,scr1994,avaStIn,bevFrtRoadHeavy
IE,h0425,0.42042601932163864,scr1994,avaStIn,bevFrtRoadHeavy
IE,h0426,0.40261095639883443,scr1994,avaStIn,bevFrtRoadHeavy
IE,h0427,0.3949139023723746,scr1994,avaStIn,bevFrtRoadHeavy
IE,h0428,0.3897869437965427,scr1994,avaStIn,bevFrtRoadHeavy
IE,h0429,0.37646876654895217,scr1994,avaStIn,bevFrtRoadHeavy
IE,h0430,0.3452269488651632,scr1994,avaStIn,bevFrtRoadHeavy
IE,h0431,0.3078659473763398,scr1994,avaStIn,bevFrtRoadHeavy
IE,h0432,0.2779545307693782,scr1994,avaStIn,bevFrtRoadHeavy
IE,h0433,0.30625207473084864,scr1994,avaStIn,bevFrtRoadHeavy
IE,h0434,0.35411013106134476,scr1994,avaStIn,bevFrtRoadHeavy
IE,h0435,0.40625179312817933,scr1994,avaStIn,bevFrtRoadHeavy
IE,h0436,0.4260236415512996,scr1994,avaStIn,bevFrtRoadHeavy
IE,h0437,0.4370627609428927,scr1994,avaStIn,bevFrtRoadHeavy
IE,h0438,0.45354850989036083,scr1994,avaStIn,bevFrtRoadHeavy
IE,h0439,0.48515941493213527,scr1994,avaStIn,bevFrtRoadHeavy
IE,h0440,0.528605586824356,scr1994,avaStIn,bevFrtRoadHeavy
IE,h0441,0.569163626072009,scr1994,avaStIn,bevFrtRoadHeavy
IE,h0442,0.5967091713705934,scr1994,avaStIn,bevFrtRoadHeavy
IE,h0443,0.6072714158345789,scr1994,avaStIn,bevFrtRoadHeavy
IE,h0444,0.5997465210395598,scr1994,avaStIn,bevFrtRoadHeavy
IE,h0445,0.5745197239560198,scr1994,avaStIn,bevFrtRoadHeavy
IE,h0446,0.5374673886216577,scr1994,avaStIn,bevFrtRoadHeavy
IE,h0447,0.49485270049335356,scr1994,avaStIn,bevFrtRoadHeavy
IE,h0448,0.45345030023340877,scr1994,avaStIn,bevFrtRoadHeavy
IE,h0449,0.42042601932163864,scr1994,avaStIn,bevFrtRoadHeavy
IE,h0450,0.40261095639883443,scr1994,avaStIn,bevFrtRoadHeavy
IE,h0451,0.3949139023723746,scr1994,avaStIn,bevFrtRoadHeavy
IE,h0452,0.3897869437965427,scr1994,avaStIn,bevFrtRoadHeavy
IE,h0453,0.37646876654895217,scr1994,avaStIn,bevFrtRoadHeavy
IE,h0454,0.3452269488651632,scr1994,avaStIn,bevFrtRoadHeavy
IE,h0455,0.3078659473763398,scr1994,avaStIn,bevFrtRoadHeavy
IE,h0456,0.2779545307693782,scr1994,avaStIn,bevFrtRoadHeavy
IE,h0457,0.3028710829268177,scr1994,avaStIn,bevFrtRoadHeavy
IE,h0458,0.33213669174969157,scr1994,avaStIn,bevFrtRoadHeavy
IE,h0459,0.3620087309567464,scr1994,avaStIn,bevFrtRoadHeavy
IE,h0460,0.37004107340258524,scr1994,avaStIn,bevFrtRoadHeavy
IE,h0461,0.3981843172784512,scr1994,avaStIn,bevFrtRoadHeavy
IE,h0462,0.4423184385324596,scr1994,avaStIn,bevFrtRoadHeavy
IE,h0463,0.4938743123061798,scr1994,avaStIn,bevFrtRoadHeavy
IE,h0464,0.5393801271086389,scr1994,avaStIn,bevFrtRoadHeavy
IE,h0465,0.5717279447574262,scr1994,avaStIn,bevFrtRoadHeavy
IE,h0466,0.5864026834476788,scr1994,avaStIn,bevFrtRoadHeavy
IE,h0467,0.5903568012897213,scr1994,avaStIn,bevFrtRoadHeavy
IE,h0468,0.5820184110412341,scr1994,avaStIn,bevFrtRoadHeavy
IE,h0469,0.5522541766639684,scr1994,avaStIn,bevFrtRoadHeavy
IE,h0470,0.5025985097221295,scr1994,avaStIn,bevFrtRoadHeavy
IE,h0471,0.4360063902136216,scr1994,avaStIn,bevFrtRoadHeavy
IE,h0472,0.3706503344395034,scr1994,avaStIn,bevFrtRoadHeavy
IE,h0473,0.31400278945685395,scr1994,avaStIn,bevFrtRoadHeavy
IE,h0474,0.28426941117423804,scr1994,avaStIn,bevFrtRoadHeavy
IE,h0475,0.3038053855518607,scr1994,avaStIn,bevFrtRoadHeavy
IE,h0476,0.3429092096212539,scr1994,avaStIn,bevFrtRoadHeavy
IE,h0477,0.3896033187938301,scr1994,avaStIn,bevFrtRoadHeavy
IE,h0478,0.4056630174549854,scr1994,avaStIn,bevFrtRoadHeavy
IE,h0479,0.40808166599342416,scr1994,avaStIn,bevFrtRoadHeavy
IE,h0480,0.3933177281335835,scr1994,avaStIn,bevFrtRoadHeavy
IE,h0481,0.41724016230702593,scr1994,avaStIn,bevFrtRoadHeavy
IE,h0482,0.44152509618683106,scr1994,avaStIn,bevFrtRoadHeavy
IE,h0483,0.4650823537739786,scr1994,avaStIn,bevFrtRoadHeavy
IE,h0484,0.45675407757813863,scr1994,avaStIn,bevFrtRoadHeavy
IE,h0485,0.45594549501808196,scr1994,avaStIn,bevFrtRoadHeavy
IE,h0486,0.4699720265411949,scr1994,avaStIn,bevFrtRoadHeavy
IE,h0487,0.5010898808643895,scr1994,avaStIn,bevFrtRoadHeavy
IE,h0488,0.5385315909083035,scr1994,avaStIn,bevFrtRoadHeavy
IE,h0489,0.5717279447574262,scr1994,avaStIn,bevFrtRoadHeavy
IE,h0490,0.5864026834476788,scr1994,avaStIn,bevFrtRoadHeavy
IE,h0491,0.5903568012897213,scr1994,avaStIn,bevFrtRoadHeavy
IE,h0492,0.5820184110412341,scr1994,avaStIn,bevFrtRoadHeavy
IE,h0493,0.5522541766639684,scr1994,avaStIn,bevFrtRoadHeavy
IE,h0494,0.5025985097221295,scr1994,avaStIn,bevFrtRoadHeavy
IE,h0495,0.4360063902136216,scr1994,avaStIn,bevFrtRoadHeavy
IE,h0496,0.3706503344395034,scr1994,avaStIn,bevFrtRoadHeavy
IE,h0497,0.31400278945685395,scr1994,avaStIn,bevFrtRoadHeavy
IE,h0498,0.28426941117423804,scr1994,avaStIn,bevFrtRoadHeavy
IE,h0499,0.3038053855518607,scr1994,avaStIn,bevFrtRoadHeavy
IE,h0500,0.3429092096212539,scr1994,avaStIn,bevFrtRoadHeavy
IE,h0501,0.3896033187938301,scr1994,avaStIn,bevFrtRoadHeavy
IE,h0502,0.4056630174549854,scr1994,avaStIn,bevFrtRoadHeavy
IE,h0503,0.40808166599342416,scr1994,avaStIn,bevFrtRoadHeavy
IE,h0504,0.3933177281335835,scr1994,avaStIn,bevFrtRoadHeavy
HR,h0337,0.36689691148585085,scr1994,avaStIn,bevFrtRoadHeavy
HR,h0338,0.380104818059327,scr1994,avaStIn,bevFrtRoadHeavy
HR,h0339,0.4194642325578846,scr1994,avaStIn,bevFrtRoadHeavy
HR,h0340,0.46710902255410963,scr1994,avaStIn,bevFrtRoadHeavy
HR,h0341,0.4966725249567239,scr1994,avaStIn,bevFrtRoadHeavy
HR,h0342,0.4917721590281056,scr1994,avaStIn,bevFrtRoadHeavy
HR,h0343,0.46881903384007567,scr1994,avaStIn,bevFrtRoadHeavy
HR,h0344,0.4420970782858393,scr1994,avaStIn,bevFrtRoadHeavy
HR,h0345,0.43234151430002793,scr1994,avaStIn,bevFrtRoadHeavy
HR,h0346,0.4235892817447879,scr1994,avaStIn,bevFrtRoadHeavy
HR,h0347,0.397223194562311,scr1994,avaStIn,bevFrtRoadHeavy
HR,h0348,0.3508957346058093,scr1994,avaStIn,bevFrtRoadHeavy
HR,h0349,0.3030199896710231,scr1994,avaStIn,bevFrtRoadHeavy
HR,h0350,0.27474183334917385,scr1994,avaStIn,bevFrtRoadHeavy
HR,h0351,0.2810042843274933,scr1994,avaStIn,bevFrtRoadHeavy
HR,h0352,0.32648713074071817,scr1994,avaStIn,bevFrtRoadHeavy
HR,h0353,0.3907025979922289,scr1994,avaStIn,bevFrtRoadHeavy
HR,h0354,0.4625928572839217,scr1994,avaStIn,bevFrtRoadHeavy
HR,h0355,0.5273810255260041,scr1994,avaStIn,bevFrtRoadHeavy
HR,h0356,0.575177207510104,scr1994,avaStIn,bevFrtRoadHeavy
HR,h0357,0.5973067629795761,scr1994,avaStIn,bevFrtRoadHeavy
HR,h0358,0.6003940072514531,scr1994,avaStIn,bevFrtRoadHeavy
HR,h0359,0.5908800318598231,scr1994,avaStIn,bevFrtRoadHeavy
HR,h0360,0.5756042397510963,scr1994,avaStIn,bevFrtRoadHeavy
HR,h0361,0.54933335981644,scr1994,avaStIn,bevFrtRoadHeavy
HR,h0362,0.5218683931107748,scr1994,avaStIn,bevFrtRoadHeavy
HR,h0363,0.49687219386419995,scr1994,avaStIn,bevFrtRoadHeavy
HR,h0364,0.47427481614411754,scr1994,avaStIn,bevFrtRoadHeavy
HR,h0365,0.4512001064311079,scr1994,avaStIn,bevFrtRoadHeavy
HR,h0366,0.4317798248276851,scr1994,avaStIn,bevFrtRoadHeavy
HR,h0367,0.4245222382729337,scr1994,avaStIn,bevFrtRoadHeavy
HR,h0368,0.42681901755925794,scr1994,avaStIn,bevFrtRoadHeavy
HR,h0369,0.43234151430002793,scr1994,avaStIn,bevFrtRoadHeavy
HR,h0370,0.4235892817447879,scr1994,avaStIn,bevFrtRoadHeavy
HR,h0371,0.397223194562311,scr1994,avaStIn,bevFrtRoadHeavy
HR,h0372,0.3508957346058093,scr1994,avaStIn,bevFrtRoadHeavy
HR,h0373,0.3030199896710231,scr1994,avaStIn,bevFrtRoadHeavy
HR,h0374,0.27474183334917385,scr1994,avaStIn,bevFrtRoadHeavy
HR,h0375,0.2810042843274933,scr1994,avaStIn,bevFrtRoadHeavy
HR,h0376,0.32648713074071817,scr1994,avaStIn,bevFrtRoadHeavy
HR,h0377,0.3907025979922289,scr1994,avaStIn,bevFrtRoadHeavy
HR,h0378,0.4625928572839217,scr1994,avaStIn,bevFrtRoadHeavy
HR,h0379,0.5258945707660485,scr1994,avaStIn,bevFrtRoadHeavy
HR,h0380,0.5775126532133741,scr1994,avaStIn,bevFrtRoadHeavy
HR,h0381,0.6068226498839902,scr1994,avaStIn,bevFrtRoadHeavy
HR,h0382,0.6077267241442188,scr1994,avaStIn,bevFrtRoadHeavy
HR,h0383,0.5845803785311798,scr1994,avaStIn,bevFrtRoadHeavy
HR,h0384,0.5478532898823398,scr1994,avaStIn,bevFrtRoadHeavy
HR,h0385,0.5248856515458393,scr1994,avaStIn,bevFrtRoadHeavy
HR,h0386,0.5074870468783488,scr1994,avaStIn,bevFrtRoadHeavy
HR,h0387,0.49687219386419995,scr1994,avaStIn,bevFrtRoadHeavy
HR,h0388,0.47427481614411754,scr1994,avaStIn,bevFrtRoadHeavy
HR,h0389,0.4512001064311079,scr1994,avaStIn,bevFrtRoadHeavy
HR,h0390,0.4317798248276851,scr1994,avaStIn,bevFrtRoadHeavy
HR,h0391,0.4070613891581884,scr1994,avaStIn,bevFrtRoadHeavy
HR,h0392,0.39697641675210144,scr1994,avaStIn,bevFrtRoadHeavy
HR,h0393,0.39870421520431126,scr1994,avaStIn,bevFrtRoadHeavy
HR,h0394,0.40926627041819047,scr1994,avaStIn,bevFrtRoadHeavy
HR,h0395,0.39842288468029213,scr1994,avaStIn,bevFrtRoadHeavy
HR,h0396,0.3557916354671122,scr1994,avaStIn,bevFrtRoadHeavy
HR,h0397,0.40327113437985024,scr1994,avaStIn,bevFrtRoadHeavy
HR,h0398,0.4468766289603083,scr1994,avaStIn,bevFrtRoadHeavy
HR,h0399,0.49485270049335356,scr1994,avaStIn,bevFrtRoadHeavy
HR,h0400,0.45345030023340877,scr1994,avaStIn,bevFrtRoadHeavy
HR,h0401,0.42042601932163864,scr1994,avaStIn,bevFrtRoadHeavy
HR,h0402,0.40261095639883443,scr1994,avaStIn,bevFrtRoadHeavy
HR,h0403,0.3871763249572075,scr1994,avaStIn,bevFrtRoadHeavy
HR,h0404,0.3744547271540745,scr1994,avaStIn,bevFrtRoadHeavy
HR,h0405,0.34980970251809557,scr1994,avaStIn,bevFrtRoadHeavy
HR,h0406,0.3110211101507691,scr1994,avaStIn,bevFrtRoadHeavy
HR,h0407,0.2670140244077546,scr1994,avaStIn,bevFrtRoadHeavy
HR,h0408,0.23449723533671968,scr1994,avaStIn,bevFrtRoadHeavy
HR,h0409,0.2796419009980305,scr1994,avaStIn,bevFrtRoadHeavy
HR,h0410,0.34160429932334896,scr1994,avaStIn,bevFrtRoadHeavy
HR,h0411,0.40625179312817933,scr1994,avaStIn,bevFrtRoadHeavy
HR,h0412,0.4260236415512996,scr1994,avaStIn,bevFrtRoadHeavy
HR,h0413,0.4370627609428927,scr1994,avaStIn,bevFrtRoadHeavy
HR,h0414,0.45354850989036083,scr1994,avaStIn,bevFrtRoadHeavy
HR,h0415,0.5170257326829233,scr1994,avaStIn,bevFrtRoadHeavy
HR,h0416,0.5846164078323919,scr1994,avaStIn,bevFrtRoadHeavy
HR,h0417,0.6406822225854623,scr1994,avaStIn,bevFrtRoadHeavy
HR,h0418,0.648916667,scr1994,avaStIn,bevFrtRoadHeavy
HR,h0419,0.6397767272678316,scr1994,avaStIn,bevFrtRoadHeavy
HR,h0420,0.6149581532285464,scr1994,avaStIn,bevFrtRoadHeavy
HR,h0421,0.5787399234599702,scr1994,avaStIn,bevFrtRoadHeavy
HR,h0422,0.5369544837819953,scr1994,avaStIn,bevFrtRoadHeavy
HR,h0423,0.49485270049335356,scr1994,avaStIn,bevFrtRoadHeavy
HR,h0424,0.45345030023340877,scr1994,avaStIn,bevFrtRoadHeavy
HR,h0425,0.42042601932163864,scr1994,avaStIn,bevFrtRoadHeavy
HR,h0426,0.40261095639883443,scr1994,avaStIn,bevFrtRoadHeavy
HR,h0427,0.3949139023723746,scr1994,avaStIn,bevFrtRoadHeavy
HR,h0428,0.3897869437965427,scr1994,avaStIn,bevFrtRoadHeavy
HR,h0429,0.37646876654895217,scr1994,avaStIn,bevFrtRoadHeavy
HR,h0430,0.3452269488651632,scr1994,avaStIn,bevFrtRoadHeavy
HR,h0431,0.3078659473763398,scr1994,avaStIn,bevFrtRoadHeavy
HR,h0432,0.2779545307693782,scr1994,avaStIn,bevFrtRoadHeavy
HR,h0433,0.30625207473084864,scr1994,avaStIn,bevFrtRoadHeavy
HR,h0434,0.35411013106134476,scr1994,avaStIn,bevFrtRoadHeavy
HR,h0435,0.40625179312817933,scr1994,avaStIn,bevFrtRoadHeavy
HR,h0436,0.4260236415512996,scr1994,avaStIn,bevFrtRoadHeavy
HR,h0437,0.4370627609428927,scr1994,avaStIn,bevFrtRoadHeavy
HR,h0438,0.45354850989036083,scr1994,avaStIn,bevFrtRoadHeavy
HR,h0439,0.48515941493213527,scr1994,avaStIn,bevFrtRoadHeavy
HR,h0440,0.528605586824356,scr1994,avaStIn,bevFrtRoadHeavy
HR,h0441,0.569163626072009,scr1994,avaStIn,bevFrtRoadHeavy
HR,h0442,0.5967091713705934,scr1994,avaStIn,bevFrtRoadHeavy
HR,h0443,0.6072714158345789,scr1994,avaStIn,bevFrtRoadHeavy
HR,h0444,0.5997465210395598,scr1994,avaStIn,bevFrtRoadHeavy
HR,h0445,0.5745197239560198,scr1994,avaStIn,bevFrtRoadHeavy
HR,h0446,0.5374673886216577,scr1994,avaStIn,bevFrtRoadHeavy
HR,h0447,0.49485270049335356,scr1994,avaStIn,bevFrtRoadHeavy
HR,h0448,0.45345030023340877,scr1994,avaStIn,bevFrtRoadHeavy
HR,h0449,0.42042601932163864,scr1994,avaStIn,bevFrtRoadHeavy
HR,h0450,0.40261095639883443,scr1994,avaStIn,bevFrtRoadHeavy
HR,h0451,0.3949139023723746,scr1994,avaStIn,bevFrtRoadHeavy
HR,h0452,0.3897869437965427,scr1994,avaStIn,bevFrtRoadHeavy
HR,h0453,0.37646876654895217,scr1994,avaStIn,bevFrtRoadHeavy
HR,h0454,0.3452269488651632,scr1994,avaStIn,bevFrtRoadHeavy
HR,h0455,0.3078659473763398,scr1994,avaStIn,bevFrtRoadHeavy
HR,h0456,0.2779545307693782,scr1994,avaStIn,bevFrtRoadHeavy
HR,h0457,0.3028710829268177,scr1994,avaStIn,bevFrtRoadHeavy
HR,h0458,0.33213669174969157,scr1994,avaStIn,bevFrtRoadHeavy
HR,h0459,0.3620087309567464,scr1994,avaStIn,bevFrtRoadHeavy
HR,h0460,0.37004107340258524,scr1994,avaStIn,bevFrtRoadHeavy
HR,h0461,0.3981843172784512,scr1994,avaStIn,bevFrtRoadHeavy
HR,h0462,0.4423184385324596,scr1994,avaStIn,bevFrtRoadHeavy
HR,h0463,0.4938743123061798,scr1994,avaStIn,bevFrtRoadHeavy
HR,h0464,0.5393801271086389,scr1994,avaStIn,bevFrtRoadHeavy
HR,h0465,0.5717279447574262,scr1994,avaStIn,bevFrtRoadHeavy
HR,h0466,0.5864026834476788,scr1994,avaStIn,bevFrtRoadHeavy
HR,h0467,0.5903568012897213,scr1994,avaStIn,bevFrtRoadHeavy
HR,h0468,0.5820184110412341,scr1994,avaStIn,bevFrtRoadHeavy
HR,h0469,0.5522541766639684,scr1994,avaStIn,bevFrtRoadHeavy
HR,h0470,0.5025985097221295,scr1994,avaStIn,bevFrtRoadHeavy
HR,h0471,0.4360063902136216,scr1994,avaStIn,bevFrtRoadHeavy
HR,h0472,0.3706503344395034,scr1994,avaStIn,bevFrtRoadHeavy
HR,h0473,0.31400278945685395,scr1994,avaStIn,bevFrtRoadHeavy
HR,h0474,0.28426941117423804,scr1994,avaStIn,bevFrtRoadHeavy
HR,h0475,0.3038053855518607,scr1994,avaStIn,bevFrtRoadHeavy
HR,h0476,0.3429092096212539,scr1994,avaStIn,bevFrtRoadHeavy
HR,h0477,0.3896033187938301,scr1994,avaStIn,bevFrtRoadHeavy
HR,h0478,0.4056630174549854,scr1994,avaStIn,bevFrtRoadHeavy
HR,h0479,0.40808166599342416,scr1994,avaStIn,bevFrtRoadHeavy
HR,h0480,0.3933177281335835,scr1994,avaStIn,bevFrtRoadHeavy
HR,h0481,0.41724016230702593,scr1994,avaStIn,bevFrtRoadHeavy
HR,h0482,0.44152509618683106,scr1994,avaStIn,bevFrtRoadHeavy
HR,h0483,0.4650823537739786,scr1994,avaStIn,bevFrtRoadHeavy
HR,h0484,0.45675407757813863,scr1994,avaStIn,bevFrtRoadHeavy
HR,h0485,0.45594549501808196,scr1994,avaStIn,bevFrtRoadHeavy
HR,h0486,0.4699720265411949,scr1994,avaStIn,bevFrtRoadHeavy
HR,h0487,0.5010898808643895,scr1994,avaStIn,bevFrtRoadHeavy
HR,h0488,0.5385315909083035,scr1994,avaStIn,bevFrtRoadHeavy
HR,h0489,0.5717279447574262,scr1994,avaStIn,bevFrtRoadHeavy
HR,h0490,0.5864026834476788,scr1994,avaStIn,bevFrtRoadHeavy
HR,h0491,0.5903568012897213,scr1994,avaStIn,bevFrtRoadHeavy
HR,h0492,0.5820184110412341,scr1994,avaStIn,bevFrtRoadHeavy
HR,h0493,0.5522541766639684,scr1994,avaStIn,bevFrtRoadHeavy
HR,h0494,0.5025985097221295,scr1994,avaStIn,bevFrtRoadHeavy
HR,h0495,0.4360063902136216,scr1994,avaStIn,bevFrtRoadHeavy
HR,h0496,0.3706503344395034,scr1994,avaStIn,bevFrtRoadHeavy
HR,h0497,0.31400278945685395,scr1994,avaStIn,bevFrtRoadHeavy
HR,h0498,0.28426941117423804,scr1994,avaStIn,bevFrtRoadHeavy
HR,h0499,0.3038053855518607,scr1994,avaStIn,bevFrtRoadHeavy
HR,h0500,0.3429092096212539,scr1994,avaStIn,bevFrtRoadHeavy
HR,h0501,0.3896033187938301,scr1994,avaStIn,bevFrtRoadHeavy
HR,h0502,0.4056630174549854,scr1994,avaStIn,bevFrtRoadHeavy
HR,h0503,0.40808166599342416,scr1994,avaStIn,bevFrtRoadHeavy
HR,h0504,0.3933177281335835,scr1994,avaStIn,bevFrtRoadHeavy
HU,h0337,0.36689691148585085,scr1994,avaStIn,bevFrtRoadHeavy
HU,h0338,0.380104818059327,scr1994,avaStIn,bevFrtRoadHeavy
HU,h0339,0.4194642325578846,scr1994,avaStIn,bevFrtRoadHeavy
HU,h0340,0.46710902255410963,scr1994,avaStIn,bevFrtRoadHeavy
HU,h0341,0.4966725249567239,scr1994,avaStIn,bevFrtRoadHeavy
HU,h0342,0.4917721590281056,scr1994,avaStIn,bevFrtRoadHeavy
HU,h0343,0.46881903384007567,scr1994,avaStIn,bevFrtRoadHeavy
HU,h0344,0.4420970782858393,scr1994,avaStIn,bevFrtRoadHeavy
HU,h0345,0.43234151430002793,scr1994,avaStIn,bevFrtRoadHeavy
HU,h0346,0.4235892817447879,scr1994,avaStIn,bevFrtRoadHeavy
HU,h0347,0.397223194562311,scr1994,avaStIn,bevFrtRoadHeavy
HU,h0348,0.3508957346058093,scr1994,avaStIn,bevFrtRoadHeavy
HU,h0349,0.3030199896710231,scr1994,avaStIn,bevFrtRoadHeavy
HU,h0350,0.27474183334917385,scr1994,avaStIn,bevFrtRoadHeavy
HU,h0351,0.2810042843274933,scr1994,avaStIn,bevFrtRoadHeavy
HU,h0352,0.32648713074071817,scr1994,avaStIn,bevFrtRoadHeavy
HU,h0353,0.3907025979922289,scr1994,avaStIn,bevFrtRoadHeavy
HU,h0354,0.4625928572839217,scr1994,avaStIn,bevFrtRoadHeavy
HU,h0355,0.5273810255260041,scr1994,avaStIn,bevFrtRoadHeavy
HU,h0356,0.575177207510104,scr1994,avaStIn,bevFrtRoadHeavy
HU,h0357,0.5973067629795761,scr1994,avaStIn,bevFrtRoadHeavy
HU,h0358,0.6003940072514531,scr1994,avaStIn,bevFrtRoadHeavy
HU,h0359,0.5908800318598231,scr1994,avaStIn,bevFrtRoadHeavy
HU,h0360,0.5756042397510963,scr1994,avaStIn,bevFrtRoadHeavy
HU,h0361,0.54933335981644,scr1994,avaStIn,bevFrtRoadHeavy
HU,h0362,0.5218683931107748,scr1994,avaStIn,bevFrtRoadHeavy
HU,h0363,0.49687219386419995,scr1994,avaStIn,bevFrtRoadHeavy
HU,h0364,0.47427481614411754,scr1994,avaStIn,bevFrtRoadHeavy
HU,h0365,0.4512001064311079,scr1994,avaStIn,bevFrtRoadHeavy
HU,h0366,0.4317798248276851,scr1994,avaStIn,bevFrtRoadHeavy
HU,h0367,0.4245222382729337,scr1994,avaStIn,bevFrtRoadHeavy
HU,h0368,0.42681901755925794,scr1994,avaStIn,bevFrtRoadHeavy
HU,h0369,0.43234151430002793,scr1994,avaStIn,bevFrtRoadHeavy
HU,h0370,0.4235892817447879,scr1994,avaStIn,bevFrtRoadHeavy
HU,h0371,0.397223194562311,scr1994,avaStIn,bevFrtRoadHeavy
HU,h0372,0.3508957346058093,scr1994,avaStIn,bevFrtRoadHeavy
HU,h0373,0.3030199896710231,scr1994,avaStIn,bevFrtRoadHeavy
HU,h0374,0.27474183334917385,scr1994,avaStIn,bevFrtRoadHeavy
HU,h0375,0.2810042843274933,scr1994,avaStIn,bevFrtRoadHeavy
HU,h0376,0.32648713074071817,scr1994,avaStIn,bevFrtRoadHeavy
HU,h0377,0.3907025979922289,scr1994,avaStIn,bevFrtRoadHeavy
HU,h0378,0.4625928572839217,scr1994,avaStIn,bevFrtRoadHeavy
HU,h0379,0.5258945707660485,scr1994,avaStIn,bevFrtRoadHeavy
HU,h0380,0.5775126532133741,scr1994,avaStIn,bevFrtRoadHeavy
HU,h0381,0.6068226498839902,scr1994,avaStIn,bevFrtRoadHeavy
HU,h0382,0.6077267241442188,scr1994,avaStIn,bevFrtRoadHeavy
HU,h0383,0.5845803785311798,scr1994,avaStIn,bevFrtRoadHeavy
HU,h0384,0.5478532898823398,scr1994,avaStIn,bevFrtRoadHeavy
HU,h0385,0.5248856515458393,scr1994,avaStIn,bevFrtRoadHeavy
HU,h0386,0.5074870468783488,scr1994,avaStIn,bevFrtRoadHeavy
HU,h0387,0.49687219386419995,scr1994,avaStIn,bevFrtRoadHeavy
HU,h0388,0.47427481614411754,scr1994,avaStIn,bevFrtRoadHeavy
HU,h0389,0.4512001064311079,scr1994,avaStIn,bevFrtRoadHeavy
HU,h0390,0.4317798248276851,scr1994,avaStIn,bevFrtRoadHeavy
HU,h0391,0.4070613891581884,scr1994,avaStIn,bevFrtRoadHeavy
HU,h0392,0.39697641675210144,scr1994,avaStIn,bevFrtRoadHeavy
HU,h0393,0.39870421520431126,scr1994,avaStIn,bevFrtRoadHeavy
HU,h0394,0.40926627041819047,scr1994,avaStIn,bevFrtRoadHeavy
HU,h0395,0.39842288468029213,scr1994,avaStIn,bevFrtRoadHeavy
HU,h0396,0.3557916354671122,scr1994,avaStIn,bevFrtRoadHeavy
HU,h0397,0.40327113437985024,scr1994,avaStIn,bevFrtRoadHeavy
HU,h0398,0.4468766289603083,scr1994,avaStIn,bevFrtRoadHeavy
HU,h0399,0.49485270049335356,scr1994,avaStIn,bevFrtRoadHeavy
HU,h0400,0.45345030023340877,scr1994,avaStIn,bevFrtRoadHeavy
HU,h0401,0.42042601932163864,scr1994,avaStIn,bevFrtRoadHeavy
HU,h0402,0.40261095639883443,scr1994,avaStIn,bevFrtRoadHeavy
HU,h0403,0.3871763249572075,scr1994,avaStIn,bevFrtRoadHeavy
HU,h0404,0.3744547271540745,scr1994,avaStIn,bevFrtRoadHeavy
HU,h0405,0.34980970251809557,scr1994,avaStIn,bevFrtRoadHeavy
HU,h0406,0.3110211101507691,scr1994,avaStIn,bevFrtRoadHeavy
HU,h0407,0.2670140244077546,scr1994,avaStIn,bevFrtRoadHeavy
HU,h0408,0.23449723533671968,scr1994,avaStIn,bevFrtRoadHeavy
HU,h0409,0.2796419009980305,scr1994,avaStIn,bevFrtRoadHeavy
HU,h0410,0.34160429932334896,scr1994,avaStIn,bevFrtRoadHeavy
HU,h0411,0.40625179312817933,scr1994,avaStIn,bevFrtRoadHeavy
HU,h0412,0.4260236415512996,scr1994,avaStIn,bevFrtRoadHeavy
HU,h0413,0.4370627609428927,scr1994,avaStIn,bevFrtRoadHeavy
HU,h0414,0.45354850989036083,scr1994,avaStIn,bevFrtRoadHeavy
HU,h0415,0.5170257326829233,scr1994,avaStIn,bevFrtRoadHeavy
HU,h0416,0.5846164078323919,scr1994,avaStIn,bevFrtRoadHeavy
HU,h0417,0.6406822225854623,scr1994,avaStIn,bevFrtRoadHeavy
HU,h0418,0.648916667,scr1994,avaStIn,bevFrtRoadHeavy
HU,h0419,0.6397767272678316,scr1994,avaStIn,bevFrtRoadHeavy
HU,h0420,0.6149581532285464,scr1994,avaStIn,bevFrtRoadHeavy
HU,h0421,0.5787399234599702,scr1994,avaStIn,bevFrtRoadHeavy
HU,h0422,0.5369544837819953,scr1994,avaStIn,bevFrtRoadHeavy
HU,h0423,0.49485270049335356,scr1994,avaStIn,bevFrtRoadHeavy
HU,h0424,0.45345030023340877,scr1994,avaStIn,bevFrtRoadHeavy
HU,h0425,0.42042601932163864,scr1994,avaStIn,bevFrtRoadHeavy
HU,h0426,0.40261095639883443,scr1994,avaStIn,bevFrtRoadHeavy
HU,h0427,0.3949139023723746,scr1994,avaStIn,bevFrtRoadHeavy
HU,h0428,0.3897869437965427,scr1994,avaStIn,bevFrtRoadHeavy
HU,h0429,0.37646876654895217,scr1994,avaStIn,bevFrtRoadHeavy
HU,h0430,0.3452269488651632,scr1994,avaStIn,bevFrtRoadHeavy
HU,h0431,0.3078659473763398,scr1994,avaStIn,bevFrtRoadHeavy
HU,h0432,0.2779545307693782,scr1994,avaStIn,bevFrtRoadHeavy
HU,h0433,0.30625207473084864,scr1994,avaStIn,bevFrtRoadHeavy
HU,h0434,0.35411013106134476,scr1994,avaStIn,bevFrtRoadHeavy
HU,h0435,0.40625179312817933,scr1994,avaStIn,bevFrtRoadHeavy
HU,h0436,0.4260236415512996,scr1994,avaStIn,bevFrtRoadHeavy
HU,h0437,0.4370627609428927,scr1994,avaStIn,bevFrtRoadHeavy
HU,h0438,0.45354850989036083,scr1994,avaStIn,bevFrtRoadHeavy
HU,h0439,0.48515941493213527,scr1994,avaStIn,bevFrtRoadHeavy
HU,h0440,0.528605586824356,scr1994,avaStIn,bevFrtRoadHeavy
HU,h0441,0.569163626072009,scr1994,avaStIn,bevFrtRoadHeavy
HU,h0442,0.5967091713705934,scr1994,avaStIn,bevFrtRoadHeavy
HU,h0443,0.6072714158345789,scr1994,avaStIn,bevFrtRoadHeavy
HU,h0444,0.5997465210395598,scr1994,avaStIn,bevFrtRoadHeavy
HU,h0445,0.5745197239560198,scr1994,avaStIn,bevFrtRoadHeavy
HU,h0446,0.5374673886216577,scr1994,avaStIn,bevFrtRoadHeavy
HU,h0447,0.49485270049335356,scr1994,avaStIn,bevFrtRoadHeavy
HU,h0448,0.45345030023340877,scr1994,avaStIn,bevFrtRoadHeavy
HU,h0449,0.42042601932163864,scr1994,avaStIn,bevFrtRoadHeavy
HU,h0450,0.40261095639883443,scr1994,avaStIn,bevFrtRoadHeavy
HU,h0451,0.3949139023723746,scr1994,avaStIn,bevFrtRoadHeavy
HU,h0452,0.3897869437965427,scr1994,avaStIn,bevFrtRoadHeavy
HU,h0453,0.37646876654895217,scr1994,avaStIn,bevFrtRoadHeavy
HU,h0454,0.3452269488651632,scr1994,avaStIn,bevFrtRoadHeavy
HU,h0455,0.3078659473763398,scr1994,avaStIn,bevFrtRoadHeavy
HU,h0456,0.2779545307693782,scr1994,avaStIn,bevFrtRoadHeavy
HU,h0457,0.3028710829268177,scr1994,avaStIn,bevFrtRoadHeavy
HU,h0458,0.33213669174969157,scr1994,avaStIn,bevFrtRoadHeavy
HU,h0459,0.3620087309567464,scr1994,avaStIn,bevFrtRoadHeavy
HU,h0460,0.37004107340258524,scr1994,avaStIn,bevFrtRoadHeavy
HU,h0461,0.3981843172784512,scr1994,avaStIn,bevFrtRoadHeavy
HU,h0462,0.4423184385324596,scr1994,avaStIn,bevFrtRoadHeavy
HU,h0463,0.4938743123061798,scr1994,avaStIn,bevFrtRoadHeavy
HU,h0464,0.5393801271086389,scr1994,avaStIn,bevFrtRoadHeavy
HU,h0465,0.5717279447574262,scr1994,avaStIn,bevFrtRoadHeavy
HU,h0466,0.5864026834476788,scr1994,avaStIn,bevFrtRoadHeavy
HU,h0467,0.5903568012897213,scr1994,avaStIn,bevFrtRoadHeavy
HU,h0468,0.5820184110412341,scr1994,avaStIn,bevFrtRoadHeavy
HU,h0469,0.5522541766639684,scr1994,avaStIn,bevFrtRoadHeavy
HU,h0470,0.5025985097221295,scr1994,avaStIn,bevFrtRoadHeavy
HU,h0471,0.4360063902136216,scr1994,avaStIn,bevFrtRoadHeavy
HU,h0472,0.3706503344395034,scr1994,avaStIn,bevFrtRoadHeavy
HU,h0473,0.31400278945685395,scr1994,avaStIn,bevFrtRoadHeavy
HU,h0474,0.28426941117423804,scr1994,avaStIn,bevFrtRoadHeavy
HU,h0475,0.3038053855518607,scr1994,avaStIn,bevFrtRoadHeavy
HU,h0476,0.3429092096212539,scr1994,avaStIn,bevFrtRoadHeavy
HU,h0477,0.3896033187938301,scr1994,avaStIn,bevFrtRoadHeavy
HU,h0478,0.4056630174549854,scr1994,avaStIn,bevFrtRoadHeavy
HU,h0479,0.40808166599342416,scr1994,avaStIn,bevFrtRoadHeavy
HU,h0480,0.3933177281335835,scr1994,avaStIn,bevFrtRoadHeavy
HU,h0481,0.41724016230702593,scr1994,avaStIn,bevFrtRoadHeavy
HU,h0482,0.44152509618683106,scr1994,avaStIn,bevFrtRoadHeavy
HU,h0483,0.4650823537739786,scr1994,avaStIn,bevFrtRoadHeavy
HU,h0484,0.45675407757813863,scr1994,avaStIn,bevFrtRoadHeavy
HU,h0485,0.45594549501808196,scr1994,avaStIn,bevFrtRoadHeavy
HU,h0486,0.4699720265411949,scr1994,avaStIn,bevFrtRoadHeavy
HU,h0487,0.5010898808643895,scr1994,avaStIn,bevFrtRoadHeavy
HU,h0488,0.5385315909083035,scr1994,avaStIn,bevFrtRoadHeavy
HU,h0489,0.5717279447574262,scr1994,avaStIn,bevFrtRoadHeavy
HU,h0490,0.5864026834476788,scr1994,avaStIn,bevFrtRoadHeavy
HU,h0491,0.5903568012897213,scr1994,avaStIn,bevFrtRoadHeavy
HU,h0492,0.5820184110412341,scr1994,avaStIn,bevFrtRoadHeavy
HU,h0493,0.5522541766639684,scr1994,avaStIn,bevFrtRoadHeavy
HU,h0494,0.5025985097221295,scr1994,avaStIn,bevFrtRoadHeavy
HU,h0495,0.4360063902136216,scr1994,avaStIn,bevFrtRoadHeavy
HU,h0496,0.3706503344395034,scr1994,avaStIn,bevFrtRoadHeavy
HU,h0497,0.31400278945685395,scr1994,avaStIn,bevFrtRoadHeavy
HU,h0498,0.28426941117423804,scr1994,avaStIn,bevFrtRoadHeavy
HU,h0499,0.3038053855518607,scr1994,avaStIn,bevFrtRoadHeavy
HU,h0500,0.3429092096212539,scr1994,avaStIn,bevFrtRoadHeavy
HU,h0501,0.3896033187938301,scr1994,avaStIn,bevFrtRoadHeavy
HU,h0502,0.4056630174549854,scr1994,avaStIn,bevFrtRoadHeavy
HU,h0503,0.40808166599342416,scr1994,avaStIn,bevFrtRoadHeavy
HU,h0504,0.3933177281335835,scr1994,avaStIn,bevFrtRoadHeavy
MK,h0337,0.36689691148585085,scr1994,avaStIn,bevFrtRoadHeavy
MK,h0338,0.380104818059327,scr1994,avaStIn,bevFrtRoadHeavy
MK,h0339,0.4194642325578846,scr1994,avaStIn,bevFrtRoadHeavy
MK,h0340,0.46710902255410963,scr1994,avaStIn,bevFrtRoadHeavy
MK,h0341,0.4966725249567239,scr1994,avaStIn,bevFrtRoadHeavy
MK,h0342,0.4917721590281056,scr1994,avaStIn,bevFrtRoadHeavy
MK,h0343,0.46881903384007567,scr1994,avaStIn,bevFrtRoadHeavy
MK,h0344,0.4420970782858393,scr1994,avaStIn,bevFrtRoadHeavy
MK,h0345,0.43234151430002793,scr1994,avaStIn,bevFrtRoadHeavy
MK,h0346,0.4235892817447879,scr1994,avaStIn,bevFrtRoadHeavy
MK,h0347,0.397223194562311,scr1994,avaStIn,bevFrtRoadHeavy
MK,h0348,0.3508957346058093,scr1994,avaStIn,bevFrtRoadHeavy
MK,h0349,0.3030199896710231,scr1994,avaStIn,bevFrtRoadHeavy
MK,h0350,0.27474183334917385,scr1994,avaStIn,bevFrtRoadHeavy
MK,h0351,0.2810042843274933,scr1994,avaStIn,bevFrtRoadHeavy
MK,h0352,0.32648713074071817,scr1994,avaStIn,bevFrtRoadHeavy
MK,h0353,0.3907025979922289,scr1994,avaStIn,bevFrtRoadHeavy
MK,h0354,0.4625928572839217,scr1994,avaStIn,bevFrtRoadHeavy
MK,h0355,0.5273810255260041,scr1994,avaStIn,bevFrtRoadHeavy
MK,h0356,0.575177207510104,scr1994,avaStIn,bevFrtRoadHeavy
MK,h0357,0.5973067629795761,scr1994,avaStIn,bevFrtRoadHeavy
MK,h0358,0.6003940072514531,scr1994,avaStIn,bevFrtRoadHeavy
MK,h0359,0.5908800318598231,scr1994,avaStIn,bevFrtRoadHeavy
MK,h0360,0.5756042397510963,scr1994,avaStIn,bevFrtRoadHeavy
MK,h0361,0.54933335981644,scr1994,avaStIn,bevFrtRoadHeavy
MK,h0362,0.5218683931107748,scr1994,avaStIn,bevFrtRoadHeavy
MK,h0363,0.49687219386419995,scr1994,avaStIn,bevFrtRoadHeavy
MK,h0364,0.47427481614411754,scr1994,avaStIn,bevFrtRoadHeavy
MK,h0365,0.4512001064311079,scr1994,avaStIn,bevFrtRoadHeavy
MK,h0366,0.4317798248276851,scr1994,avaStIn,bevFrtRoadHeavy
MK,h0367,0.4245222382729337,scr1994,avaStIn,bevFrtRoadHeavy
MK,h0368,0.42681901755925794,scr1994,avaStIn,bevFrtRoadHeavy
MK,h0369,0.43234151430002793,scr1994,avaStIn,bevFrtRoadHeavy
MK,h0370,0.4235892817447879,scr1994,avaStIn,bevFrtRoadHeavy
MK,h0371,0.397223194562311,scr1994,avaStIn,bevFrtRoadHeavy
MK,h0372,0.3508957346058093,scr1994,avaStIn,bevFrtRoadHeavy
MK,h0373,0.3030199896710231,scr1994,avaStIn,bevFrtRoadHeavy
MK,h0374,0.27474183334917385,scr1994,avaStIn,bevFrtRoadHeavy
MK,h0375,0.2810042843274933,scr1994,avaStIn,bevFrtRoadHeavy
MK,h0376,0.32648713074071817,scr1994,avaStIn,bevFrtRoadHeavy
MK,h0377,0.3907025979922289,scr1994,avaStIn,bevFrtRoadHeavy
MK,h0378,0.4625928572839217,scr1994,avaStIn,bevFrtRoadHeavy
MK,h0379,0.5258945707660485,scr1994,avaStIn,bevFrtRoadHeavy
MK,h0380,0.5775126532133741,scr1994,avaStIn,bevFrtRoadHeavy
MK,h0381,0.6068226498839902,scr1994,avaStIn,bevFrtRoadHeavy
MK,h0382,0.6077267241442188,scr1994,avaStIn,bevFrtRoadHeavy
MK,h0383,0.5845803785311798,scr1994,avaStIn,bevFrtRoadHeavy
MK,h0384,0.5478532898823398,scr1994,avaStIn,bevFrtRoadHeavy
MK,h0385,0.5248856515458393,scr1994,avaStIn,bevFrtRoadHeavy
MK,h0386,0.5074870468783488,scr1994,avaStIn,bevFrtRoadHeavy
MK,h0387,0.49687219386419995,scr1994,avaStIn,bevFrtRoadHeavy
MK,h0388,0.47427481614411754,scr1994,avaStIn,bevFrtRoadHeavy
MK,h0389,0.4512001064311079,scr1994,avaStIn,bevFrtRoadHeavy
MK,h0390,0.4317798248276851,scr1994,avaStIn,bevFrtRoadHeavy
MK,h0391,0.4070613891581884,scr1994,avaStIn,bevFrtRoadHeavy
MK,h0392,0.39697641675210144,scr1994,avaStIn,bevFrtRoadHeavy
MK,h0393,0.39870421520431126,scr1994,avaStIn,bevFrtRoadHeavy
MK,h0394,0.40926627041819047,scr1994,avaStIn,bevFrtRoadHeavy
MK,h0395,0.39842288468029213,scr1994,avaStIn,bevFrtRoadHeavy
MK,h0396,0.3557916354671122,scr1994,avaStIn,bevFrtRoadHeavy
MK,h0397,0.40327113437985024,scr1994,avaStIn,bevFrtRoadHeavy
MK,h0398,0.4468766289603083,scr1994,avaStIn,bevFrtRoadHeavy
MK,h0399,0.49485270049335356,scr1994,avaStIn,bevFrtRoadHeavy
MK,h0400,0.45345030023340877,scr1994,avaStIn,bevFrtRoadHeavy
MK,h0401,0.42042601932163864,scr1994,avaStIn,bevFrtRoadHeavy
MK,h0402,0.40261095639883443,scr1994,avaStIn,bevFrtRoadHeavy
MK,h0403,0.3871763249572075,scr1994,avaStIn,bevFrtRoadHeavy
MK,h0404,0.3744547271540745,scr1994,avaStIn,bevFrtRoadHeavy
MK,h0405,0.34980970251809557,scr1994,avaStIn,bevFrtRoadHeavy
MK,h0406,0.3110211101507691,scr1994,avaStIn,bevFrtRoadHeavy
MK,h0407,0.2670140244077546,scr1994,avaStIn,bevFrtRoadHeavy
MK,h0408,0.23449723533671968,scr1994,avaStIn,bevFrtRoadHeavy
MK,h0409,0.2796419009980305,scr1994,avaStIn,bevFrtRoadHeavy
MK,h0410,0.34160429932334896,scr1994,avaStIn,bevFrtRoadHeavy
MK,h0411,0.40625179312817933,scr1994,avaStIn,bevFrtRoadHeavy
MK,h0412,0.4260236415512996,scr1994,avaStIn,bevFrtRoadHeavy
MK,h0413,0.4370627609428927,scr1994,avaStIn,bevFrtRoadHeavy
MK,h0414,0.45354850989036083,scr1994,avaStIn,bevFrtRoadHeavy
MK,h0415,0.5170257326829233,scr1994,avaStIn,bevFrtRoadHeavy
MK,h0416,0.5846164078323919,scr1994,avaStIn,bevFrtRoadHeavy
MK,h0417,0.6406822225854623,scr1994,avaStIn,bevFrtRoadHeavy
MK,h0418,0.648916667,scr1994,avaStIn,bevFrtRoadHeavy
MK,h0419,0.6397767272678316,scr1994,avaStIn,bevFrtRoadHeavy
MK,h0420,0.6149581532285464,scr1994,avaStIn,bevFrtRoadHeavy
MK,h0421,0.5787399234599702,scr1994,avaStIn,bevFrtRoadHeavy
MK,h0422,0.5369544837819953,scr1994,avaStIn,bevFrtRoadHeavy
MK,h0423,0.49485270049335356,scr1994,avaStIn,bevFrtRoadHeavy
MK,h0424,0.45345030023340877,scr1994,avaStIn,bevFrtRoadHeavy
MK,h0425,0.42042601932163864,scr1994,avaStIn,bevFrtRoadHeavy
MK,h0426,0.40261095639883443,scr1994,avaStIn,bevFrtRoadHeavy
MK,h0427,0.3949139023723746,scr1994,avaStIn,bevFrtRoadHeavy
MK,h0428,0.3897869437965427,scr1994,avaStIn,bevFrtRoadHeavy
MK,h0429,0.37646876654895217,scr1994,avaStIn,bevFrtRoadHeavy
MK,h0430,0.3452269488651632,scr1994,avaStIn,bevFrtRoadHeavy
MK,h0431,0.3078659473763398,scr1994,avaStIn,bevFrtRoadHeavy
MK,h0432,0.2779545307693782,scr1994,avaStIn,bevFrtRoadHeavy
MK,h0433,0.30625207473084864,scr1994,avaStIn,bevFrtRoadHeavy
MK,h0434,0.35411013106134476,scr1994,avaStIn,bevFrtRoadHeavy
MK,h0435,0.40625179312817933,scr1994,avaStIn,bevFrtRoadHeavy
MK,h0436,0.4260236415512996,scr1994,avaStIn,bevFrtRoadHeavy
MK,h0437,0.4370627609428927,scr1994,avaStIn,bevFrtRoadHeavy
MK,h0438,0.45354850989036083,scr1994,avaStIn,bevFrtRoadHeavy
MK,h0439,0.48515941493213527,scr1994,avaStIn,bevFrtRoadHeavy
MK,h0440,0.528605586824356,scr1994,avaStIn,bevFrtRoadHeavy
MK,h0441,0.569163626072009,scr1994,avaStIn,bevFrtRoadHeavy
MK,h0442,0.5967091713705934,scr1994,avaStIn,bevFrtRoadHeavy
MK,h0443,0.6072714158345789,scr1994,avaStIn,bevFrtRoadHeavy
MK,h0444,0.5997465210395598,scr1994,avaStIn,bevFrtRoadHeavy
MK,h0445,0.5745197239560198,scr1994,avaStIn,bevFrtRoadHeavy
MK,h0446,0.5374673886216577,scr1994,avaStIn,bevFrtRoadHeavy
MK,h0447,0.49485270049335356,scr1994,avaStIn,bevFrtRoadHeavy
MK,h0448,0.45345030023340877,scr1994,avaStIn,bevFrtRoadHeavy
MK,h0449,0.42042601932163864,scr1994,avaStIn,bevFrtRoadHeavy
MK,h0450,0.40261095639883443,scr1994,avaStIn,bevFrtRoadHeavy
MK,h0451,0.3949139023723746,scr1994,avaStIn,bevFrtRoadHeavy
MK,h0452,0.3897869437965427,scr1994,avaStIn,bevFrtRoadHeavy
MK,h0453,0.37646876654895217,scr1994,avaStIn,bevFrtRoadHeavy
MK,h0454,0.3452269488651632,scr1994,avaStIn,bevFrtRoadHeavy
MK,h0455,0.3078659473763398,scr1994,avaStIn,bevFrtRoadHeavy
MK,h0456,0.2779545307693782,scr1994,avaStIn,bevFrtRoadHeavy
MK,h0457,0.3028710829268177,scr1994,avaStIn,bevFrtRoadHeavy
MK,h0458,0.33213669174969157,scr1994,avaStIn,bevFrtRoadHeavy
MK,h0459,0.3620087309567464,scr1994,avaStIn,bevFrtRoadHeavy
MK,h0460,0.37004107340258524,scr1994,avaStIn,bevFrtRoadHeavy
MK,h0461,0.3981843172784512,scr1994,avaStIn,bevFrtRoadHeavy
MK,h0462,0.4423184385324596,scr1994,avaStIn,bevFrtRoadHeavy
MK,h0463,0.4938743123061798,scr1994,avaStIn,bevFrtRoadHeavy
MK,h0464,0.5393801271086389,scr1994,avaStIn,bevFrtRoadHeavy
MK,h0465,0.5717279447574262,scr1994,avaStIn,bevFrtRoadHeavy
MK,h0466,0.5864026834476788,scr1994,avaStIn,bevFrtRoadHeavy
MK,h0467,0.5903568012897213,scr1994,avaStIn,bevFrtRoadHeavy
MK,h0468,0.5820184110412341,scr1994,avaStIn,bevFrtRoadHeavy
MK,h0469,0.5522541766639684,scr1994,avaStIn,bevFrtRoadHeavy
MK,h0470,0.5025985097221295,scr1994,avaStIn,bevFrtRoadHeavy
MK,h0471,0.4360063902136216,scr1994,avaStIn,bevFrtRoadHeavy
MK,h0472,0.3706503344395034,scr1994,avaStIn,bevFrtRoadHeavy
MK,h0473,0.31400278945685395,scr1994,avaStIn,bevFrtRoadHeavy
MK,h0474,0.28426941117423804,scr1994,avaStIn,bevFrtRoadHeavy
MK,h0475,0.3038053855518607,scr1994,avaStIn,bevFrtRoadHeavy
MK,h0476,0.3429092096212539,scr1994,avaStIn,bevFrtRoadHeavy
MK,h0477,0.3896033187938301,scr1994,avaStIn,bevFrtRoadHeavy
MK,h0478,0.4056630174549854,scr1994,avaStIn,bevFrtRoadHeavy
MK,h0479,0.40808166599342416,scr1994,avaStIn,bevFrtRoadHeavy
MK,h0480,0.3933177281335835,scr1994,avaStIn,bevFrtRoadHeavy
MK,h0481,0.41724016230702593,scr1994,avaStIn,bevFrtRoadHeavy
MK,h0482,0.44152509618683106,scr1994,avaStIn,bevFrtRoadHeavy
MK,h0483,0.4650823537739786,scr1994,avaStIn,bevFrtRoadHeavy
MK,h0484,0.45675407757813863,scr1994,avaStIn,bevFrtRoadHeavy
MK,h0485,0.45594549501808196,scr1994,avaStIn,bevFrtRoadHeavy
MK,h0486,0.4699720265411949,scr1994,avaStIn,bevFrtRoadHeavy
MK,h0487,0.5010898808643895,scr1994,avaStIn,bevFrtRoadHeavy
MK,h0488,0.5385315909083035,scr1994,avaStIn,bevFrtRoadHeavy
MK,h0489,0.5717279447574262,scr1994,avaStIn,bevFrtRoadHeavy
MK,h0490,0.5864026834476788,scr1994,avaStIn,bevFrtRoadHeavy
MK,h0491,0.5903568012897213,scr1994,avaStIn,bevFrtRoadHeavy
MK,h0492,0.5820184110412341,scr1994,avaStIn,bevFrtRoadHeavy
MK,h0493,0.5522541766639684,scr1994,avaStIn,bevFrtRoadHeavy
MK,h0494,0.5025985097221295,scr1994,avaStIn,bevFrtRoadHeavy
MK,h0495,0.4360063902136216,scr1994,avaStIn,bevFrtRoadHeavy
MK,h0496,0.3706503344395034,scr1994,avaStIn,bevFrtRoadHeavy
MK,h0497,0.31400278945685395,scr1994,avaStIn,bevFrtRoadHeavy
MK,h0498,0.28426941117423804,scr1994,avaStIn,bevFrtRoadHeavy
MK,h0499,0.3038053855518607,scr1994,avaStIn,bevFrtRoadHeavy
MK,h0500,0.3429092096212539,scr1994,avaStIn,bevFrtRoadHeavy
MK,h0501,0.3896033187938301,scr1994,avaStIn,bevFrtRoadHeavy
MK,h0502,0.4056630174549854,scr1994,avaStIn,bevFrtRoadHeavy
MK,h0503,0.40808166599342416,scr1994,avaStIn,bevFrtRoadHeavy
MK,h0504,0.3933177281335835,scr1994,avaStIn,bevFrtRoadHeavy
LV,h0337,0.36689691148585085,scr1994,avaStIn,bevFrtRoadHeavy
LV,h0338,0.380104818059327,scr1994,avaStIn,bevFrtRoadHeavy
LV,h0339,0.4194642325578846,scr1994,avaStIn,bevFrtRoadHeavy
LV,h0340,0.46710902255410963,scr1994,avaStIn,bevFrtRoadHeavy
LV,h0341,0.4966725249567239,scr1994,avaStIn,bevFrtRoadHeavy
LV,h0342,0.4917721590281056,scr1994,avaStIn,bevFrtRoadHeavy
LV,h0343,0.46881903384007567,scr1994,avaStIn,bevFrtRoadHeavy
LV,h0344,0.4420970782858393,scr1994,avaStIn,bevFrtRoadHeavy
LV,h0345,0.43234151430002793,scr1994,avaStIn,bevFrtRoadHeavy
LV,h0346,0.4235892817447879,scr1994,avaStIn,bevFrtRoadHeavy
LV,h0347,0.397223194562311,scr1994,avaStIn,bevFrtRoadHeavy
LV,h0348,0.3508957346058093,scr1994,avaStIn,bevFrtRoadHeavy
LV,h0349,0.3030199896710231,scr1994,avaStIn,bevFrtRoadHeavy
LV,h0350,0.27474183334917385,scr1994,avaStIn,bevFrtRoadHeavy
LV,h0351,0.2810042843274933,scr1994,avaStIn,bevFrtRoadHeavy
LV,h0352,0.32648713074071817,scr1994,avaStIn,bevFrtRoadHeavy
LV,h0353,0.3907025979922289,scr1994,avaStIn,bevFrtRoadHeavy
LV,h0354,0.4625928572839217,scr1994,avaStIn,bevFrtRoadHeavy
LV,h0355,0.5273810255260041,scr1994,avaStIn,bevFrtRoadHeavy
LV,h0356,0.575177207510104,scr1994,avaStIn,bevFrtRoadHeavy
LV,h0357,0.5973067629795761,scr1994,avaStIn,bevFrtRoadHeavy
LV,h0358,0.6003940072514531,scr1994,avaStIn,bevFrtRoadHeavy
LV,h0359,0.5908800318598231,scr1994,avaStIn,bevFrtRoadHeavy
LV,h0360,0.5756042397510963,scr1994,avaStIn,bevFrtRoadHeavy
LV,h0361,0.54933335981644,scr1994,avaStIn,bevFrtRoadHeavy
LV,h0362,0.5218683931107748,scr1994,avaStIn,bevFrtRoadHeavy
LV,h0363,0.49687219386419995,scr1994,avaStIn,bevFrtRoadHeavy
LV,h0364,0.47427481614411754,scr1994,avaStIn,bevFrtRoadHeavy
LV,h0365,0.4512001064311079,scr1994,avaStIn,bevFrtRoadHeavy
LV,h0366,0.4317798248276851,scr1994,avaStIn,bevFrtRoadHeavy
LV,h0367,0.4245222382729337,scr1994,avaStIn,bevFrtRoadHeavy
LV,h0368,0.42681901755925794,scr1994,avaStIn,bevFrtRoadHeavy
LV,h0369,0.43234151430002793,scr1994,avaStIn,bevFrtRoadHeavy
LV,h0370,0.4235892817447879,scr1994,avaStIn,bevFrtRoadHeavy
LV,h0371,0.397223194562311,scr1994,avaStIn,bevFrtRoadHeavy
LV,h0372,0.3508957346058093,scr1994,avaStIn,bevFrtRoadHeavy
LV,h0373,0.3030199896710231,scr1994,avaStIn,bevFrtRoadHeavy
LV,h0374,0.27474183334917385,scr1994,avaStIn,bevFrtRoadHeavy
LV,h0375,0.2810042843274933,scr1994,avaStIn,bevFrtRoadHeavy
LV,h0376,0.32648713074071817,scr1994,avaStIn,bevFrtRoadHeavy
LV,h0377,0.3907025979922289,scr1994,avaStIn,bevFrtRoadHeavy
LV,h0378,0.4625928572839217,scr1994,avaStIn,bevFrtRoadHeavy
LV,h0379,0.5258945707660485,scr1994,avaStIn,bevFrtRoadHeavy
LV,h0380,0.5775126532133741,scr1994,avaStIn,bevFrtRoadHeavy
LV,h0381,0.6068226498839902,scr1994,avaStIn,bevFrtRoadHeavy
LV,h0382,0.6077267241442188,scr1994,avaStIn,bevFrtRoadHeavy
LV,h0383,0.5845803785311798,scr1994,avaStIn,bevFrtRoadHeavy
LV,h0384,0.5478532898823398,scr1994,avaStIn,bevFrtRoadHeavy
LV,h0385,0.5248856515458393,scr1994,avaStIn,bevFrtRoadHeavy
LV,h0386,0.5074870468783488,scr1994,avaStIn,bevFrtRoadHeavy
LV,h0387,0.49687219386419995,scr1994,avaStIn,bevFrtRoadHeavy
LV,h0388,0.47427481614411754,scr1994,avaStIn,bevFrtRoadHeavy
LV,h0389,0.4512001064311079,scr1994,avaStIn,bevFrtRoadHeavy
LV,h0390,0.4317798248276851,scr1994,avaStIn,bevFrtRoadHeavy
LV,h0391,0.4070613891581884,scr1994,avaStIn,bevFrtRoadHeavy
LV,h0392,0.39697641675210144,scr1994,avaStIn,bevFrtRoadHeavy
LV,h0393,0.39870421520431126,scr1994,avaStIn,bevFrtRoadHeavy
LV,h0394,0.40926627041819047,scr1994,avaStIn,bevFrtRoadHeavy
LV,h0395,0.39842288468029213,scr1994,avaStIn,bevFrtRoadHeavy
LV,h0396,0.3557916354671122,scr1994,avaStIn,bevFrtRoadHeavy
LV,h0397,0.40327113437985024,scr1994,avaStIn,bevFrtRoadHeavy
LV,h0398,0.4468766289603083,scr1994,avaStIn,bevFrtRoadHeavy
LV,h0399,0.49485270049335356,scr1994,avaStIn,bevFrtRoadHeavy
LV,h0400,0.45345030023340877,scr1994,avaStIn,bevFrtRoadHeavy
LV,h0401,0.42042601932163864,scr1994,avaStIn,bevFrtRoadHeavy
LV,h0402,0.40261095639883443,scr1994,avaStIn,bevFrtRoadHeavy
LV,h0403,0.3871763249572075,scr1994,avaStIn,bevFrtRoadHeavy
LV,h0404,0.3744547271540745,scr1994,avaStIn,bevFrtRoadHeavy
LV,h0405,0.34980970251809557,scr1994,avaStIn,bevFrtRoadHeavy
LV,h0406,0.3110211101507691,scr1994,avaStIn,bevFrtRoadHeavy
LV,h0407,0.2670140244077546,scr1994,avaStIn,bevFrtRoadHeavy
LV,h0408,0.23449723533671968,scr1994,avaStIn,bevFrtRoadHeavy
LV,h0409,0.2796419009980305,scr1994,avaStIn,bevFrtRoadHeavy
LV,h0410,0.34160429932334896,scr1994,avaStIn,bevFrtRoadHeavy
LV,h0411,0.40625179312817933,scr1994,avaStIn,bevFrtRoadHeavy
LV,h0412,0.4260236415512996,scr1994,avaStIn,bevFrtRoadHeavy
LV,h0413,0.4370627609428927,scr1994,avaStIn,bevFrtRoadHeavy
LV,h0414,0.45354850989036083,scr1994,avaStIn,bevFrtRoadHeavy
LV,h0415,0.5170257326829233,scr1994,avaStIn,bevFrtRoadHeavy
LV,h0416,0.5846164078323919,scr1994,avaStIn,bevFrtRoadHeavy
LV,h0417,0.6406822225854623,scr1994,avaStIn,bevFrtRoadHeavy
LV,h0418,0.648916667,scr1994,avaStIn,bevFrtRoadHeavy
LV,h0419,0.6397767272678316,scr1994,avaStIn,bevFrtRoadHeavy
LV,h0420,0.6149581532285464,scr1994,avaStIn,bevFrtRoadHeavy
LV,h0421,0.5787399234599702,scr1994,avaStIn,bevFrtRoadHeavy
LV,h0422,0.5369544837819953,scr1994,avaStIn,bevFrtRoadHeavy
LV,h0423,0.49485270049335356,scr1994,avaStIn,bevFrtRoadHeavy
LV,h0424,0.45345030023340877,scr1994,avaStIn,bevFrtRoadHeavy
LV,h0425,0.42042601932163864,scr1994,avaStIn,bevFrtRoadHeavy
LV,h0426,0.40261095639883443,scr1994,avaStIn,bevFrtRoadHeavy
LV,h0427,0.3949139023723746,scr1994,avaStIn,bevFrtRoadHeavy
LV,h0428,0.3897869437965427,scr1994,avaStIn,bevFrtRoadHeavy
LV,h0429,0.37646876654895217,scr1994,avaStIn,bevFrtRoadHeavy
LV,h0430,0.3452269488651632,scr1994,avaStIn,bevFrtRoadHeavy
LV,h0431,0.3078659473763398,scr1994,avaStIn,bevFrtRoadHeavy
LV,h0432,0.2779545307693782,scr1994,avaStIn,bevFrtRoadHeavy
LV,h0433,0.30625207473084864,scr1994,avaStIn,bevFrtRoadHeavy
LV,h0434,0.35411013106134476,scr1994,avaStIn,bevFrtRoadHeavy
LV,h0435,0.40625179312817933,scr1994,avaStIn,bevFrtRoadHeavy
LV,h0436,0.4260236415512996,scr1994,avaStIn,bevFrtRoadHeavy
LV,h0437,0.4370627609428927,scr1994,avaStIn,bevFrtRoadHeavy
LV,h0438,0.45354850989036083,scr1994,avaStIn,bevFrtRoadHeavy
LV,h0439,0.48515941493213527,scr1994,avaStIn,bevFrtRoadHeavy
LV,h0440,0.528605586824356,scr1994,avaStIn,bevFrtRoadHeavy
LV,h0441,0.569163626072009,scr1994,avaStIn,bevFrtRoadHeavy
LV,h0442,0.5967091713705934,scr1994,avaStIn,bevFrtRoadHeavy
LV,h0443,0.6072714158345789,scr1994,avaStIn,bevFrtRoadHeavy
LV,h0444,0.5997465210395598,scr1994,avaStIn,bevFrtRoadHeavy
LV,h0445,0.5745197239560198,scr1994,avaStIn,bevFrtRoadHeavy
LV,h0446,0.5374673886216577,scr1994,avaStIn,bevFrtRoadHeavy
LV,h0447,0.49485270049335356,scr1994,avaStIn,bevFrtRoadHeavy
LV,h0448,0.45345030023340877,scr1994,avaStIn,bevFrtRoadHeavy
LV,h0449,0.42042601932163864,scr1994,avaStIn,bevFrtRoadHeavy
LV,h0450,0.40261095639883443,scr1994,avaStIn,bevFrtRoadHeavy
LV,h0451,0.3949139023723746,scr1994,avaStIn,bevFrtRoadHeavy
LV,h0452,0.3897869437965427,scr1994,avaStIn,bevFrtRoadHeavy
LV,h0453,0.37646876654895217,scr1994,avaStIn,bevFrtRoadHeavy
LV,h0454,0.3452269488651632,scr1994,avaStIn,bevFrtRoadHeavy
LV,h0455,0.3078659473763398,scr1994,avaStIn,bevFrtRoadHeavy
LV,h0456,0.2779545307693782,scr1994,avaStIn,bevFrtRoadHeavy
LV,h0457,0.3028710829268177,scr1994,avaStIn,bevFrtRoadHeavy
LV,h0458,0.33213669174969157,scr1994,avaStIn,bevFrtRoadHeavy
LV,h0459,0.3620087309567464,scr1994,avaStIn,bevFrtRoadHeavy
LV,h0460,0.37004107340258524,scr1994,avaStIn,bevFrtRoadHeavy
LV,h0461,0.3981843172784512,scr1994,avaStIn,bevFrtRoadHeavy
LV,h0462,0.4423184385324596,scr1994,avaStIn,bevFrtRoadHeavy
LV,h0463,0.4938743123061798,scr1994,avaStIn,bevFrtRoadHeavy
LV,h0464,0.5393801271086389,scr1994,avaStIn,bevFrtRoadHeavy
LV,h0465,0.5717279447574262,scr1994,avaStIn,bevFrtRoadHeavy
LV,h0466,0.5864026834476788,scr1994,avaStIn,bevFrtRoadHeavy
LV,h0467,0.5903568012897213,scr1994,avaStIn,bevFrtRoadHeavy
LV,h0468,0.5820184110412341,scr1994,avaStIn,bevFrtRoadHeavy
LV,h0469,0.5522541766639684,scr1994,avaStIn,bevFrtRoadHeavy
LV,h0470,0.5025985097221295,scr1994,avaStIn,bevFrtRoadHeavy
LV,h0471,0.4360063902136216,scr1994,avaStIn,bevFrtRoadHeavy
LV,h0472,0.3706503344395034,scr1994,avaStIn,bevFrtRoadHeavy
LV,h0473,0.31400278945685395,scr1994,avaStIn,bevFrtRoadHeavy
LV,h0474,0.28426941117423804,scr1994,avaStIn,bevFrtRoadHeavy
LV,h0475,0.3038053855518607,scr1994,avaStIn,bevFrtRoadHeavy
LV,h0476,0.3429092096212539,scr1994,avaStIn,bevFrtRoadHeavy
LV,h0477,0.3896033187938301,scr1994,avaStIn,bevFrtRoadHeavy
LV,h0478,0.4056630174549854,scr1994,avaStIn,bevFrtRoadHeavy
LV,h0479,0.40808166599342416,scr1994,avaStIn,bevFrtRoadHeavy
LV,h0480,0.3933177281335835,scr1994,avaStIn,bevFrtRoadHeavy
LV,h0481,0.41724016230702593,scr1994,avaStIn,bevFrtRoadHeavy
LV,h0482,0.44152509618683106,scr1994,avaStIn,bevFrtRoadHeavy
LV,h0483,0.4650823537739786,scr1994,avaStIn,bevFrtRoadHeavy
LV,h0484,0.45675407757813863,scr1994,avaStIn,bevFrtRoadHeavy
LV,h0485,0.45594549501808196,scr1994,avaStIn,bevFrtRoadHeavy
LV,h0486,0.4699720265411949,scr1994,avaStIn,bevFrtRoadHeavy
LV,h0487,0.5010898808643895,scr1994,avaStIn,bevFrtRoadHeavy
LV,h0488,0.5385315909083035,scr1994,avaStIn,bevFrtRoadHeavy
LV,h0489,0.5717279447574262,scr1994,avaStIn,bevFrtRoadHeavy
LV,h0490,0.5864026834476788,scr1994,avaStIn,bevFrtRoadHeavy
LV,h0491,0.5903568012897213,scr1994,avaStIn,bevFrtRoadHeavy
LV,h0492,0.5820184110412341,scr1994,avaStIn,bevFrtRoadHeavy
LV,h0493,0.5522541766639684,scr1994,avaStIn,bevFrtRoadHeavy
LV,h0494,0.5025985097221295,scr1994,avaStIn,bevFrtRoadHeavy
LV,h0495,0.4360063902136216,scr1994,avaStIn,bevFrtRoadHeavy
LV,h0496,0.3706503344395034,scr1994,avaStIn,bevFrtRoadHeavy
LV,h0497,0.31400278945685395,scr1994,avaStIn,bevFrtRoadHeavy
LV,h0498,0.28426941117423804,scr1994,avaStIn,bevFrtRoadHeavy
LV,h0499,0.3038053855518607,scr1994,avaStIn,bevFrtRoadHeavy
LV,h0500,0.3429092096212539,scr1994,avaStIn,bevFrtRoadHeavy
LV,h0501,0.3896033187938301,scr1994,avaStIn,bevFrtRoadHeavy
LV,h0502,0.4056630174549854,scr1994,avaStIn,bevFrtRoadHeavy
LV,h0503,0.40808166599342416,scr1994,avaStIn,bevFrtRoadHeavy
LV,h0504,0.3933177281335835,scr1994,avaStIn,bevFrtRoadHeavy
ME,h0337,0.36689691148585085,scr1994,avaStIn,bevFrtRoadHeavy
ME,h0338,0.380104818059327,scr1994,avaStIn,bevFrtRoadHeavy
ME,h0339,0.4194642325578846,scr1994,avaStIn,bevFrtRoadHeavy
ME,h0340,0.46710902255410963,scr1994,avaStIn,bevFrtRoadHeavy
ME,h0341,0.4966725249567239,scr1994,avaStIn,bevFrtRoadHeavy
ME,h0342,0.4917721590281056,scr1994,avaStIn,bevFrtRoadHeavy
ME,h0343,0.46881903384007567,scr1994,avaStIn,bevFrtRoadHeavy
ME,h0344,0.4420970782858393,scr1994,avaStIn,bevFrtRoadHeavy
ME,h0345,0.43234151430002793,scr1994,avaStIn,bevFrtRoadHeavy
ME,h0346,0.4235892817447879,scr1994,avaStIn,bevFrtRoadHeavy
ME,h0347,0.397223194562311,scr1994,avaStIn,bevFrtRoadHeavy
ME,h0348,0.3508957346058093,scr1994,avaStIn,bevFrtRoadHeavy
ME,h0349,0.3030199896710231,scr1994,avaStIn,bevFrtRoadHeavy
ME,h0350,0.27474183334917385,scr1994,avaStIn,bevFrtRoadHeavy
ME,h0351,0.2810042843274933,scr1994,avaStIn,bevFrtRoadHeavy
ME,h0352,0.32648713074071817,scr1994,avaStIn,bevFrtRoadHeavy
ME,h0353,0.3907025979922289,scr1994,avaStIn,bevFrtRoadHeavy
ME,h0354,0.4625928572839217,scr1994,avaStIn,bevFrtRoadHeavy
ME,h0355,0.5273810255260041,scr1994,avaStIn,bevFrtRoadHeavy
ME,h0356,0.575177207510104,scr1994,avaStIn,bevFrtRoadHeavy
ME,h0357,0.5973067629795761,scr1994,avaStIn,bevFrtRoadHeavy
ME,h0358,0.6003940072514531,scr1994,avaStIn,bevFrtRoadHeavy
ME,h0359,0.5908800318598231,scr1994,avaStIn,bevFrtRoadHeavy
ME,h0360,0.5756042397510963,scr1994,avaStIn,bevFrtRoadHeavy
ME,h0361,0.54933335981644,scr1994,avaStIn,bevFrtRoadHeavy
ME,h0362,0.5218683931107748,scr1994,avaStIn,bevFrtRoadHeavy
ME,h0363,0.49687219386419995,scr1994,avaStIn,bevFrtRoadHeavy
ME,h0364,0.47427481614411754,scr1994,avaStIn,bevFrtRoadHeavy
ME,h0365,0.4512001064311079,scr1994,avaStIn,bevFrtRoadHeavy
ME,h0366,0.4317798248276851,scr1994,avaStIn,bevFrtRoadHeavy
ME,h0367,0.4245222382729337,scr1994,avaStIn,bevFrtRoadHeavy
ME,h0368,0.42681901755925794,scr1994,avaStIn,bevFrtRoadHeavy
ME,h0369,0.43234151430002793,scr1994,avaStIn,bevFrtRoadHeavy
ME,h0370,0.4235892817447879,scr1994,avaStIn,bevFrtRoadHeavy
ME,h0371,0.397223194562311,scr1994,avaStIn,bevFrtRoadHeavy
ME,h0372,0.3508957346058093,scr1994,avaStIn,bevFrtRoadHeavy
ME,h0373,0.3030199896710231,scr1994,avaStIn,bevFrtRoadHeavy
ME,h0374,0.27474183334917385,scr1994,avaStIn,bevFrtRoadHeavy
ME,h0375,0.2810042843274933,scr1994,avaStIn,bevFrtRoadHeavy
ME,h0376,0.32648713074071817,scr1994,avaStIn,bevFrtRoadHeavy
ME,h0377,0.3907025979922289,scr1994,avaStIn,bevFrtRoadHeavy
ME,h0378,0.4625928572839217,scr1994,avaStIn,bevFrtRoadHeavy
ME,h0379,0.5258945707660485,scr1994,avaStIn,bevFrtRoadHeavy
ME,h0380,0.5775126532133741,scr1994,avaStIn,bevFrtRoadHeavy
ME,h0381,0.6068226498839902,scr1994,avaStIn,bevFrtRoadHeavy
ME,h0382,0.6077267241442188,scr1994,avaStIn,bevFrtRoadHeavy
ME,h0383,0.5845803785311798,scr1994,avaStIn,bevFrtRoadHeavy
ME,h0384,0.5478532898823398,scr1994,avaStIn,bevFrtRoadHeavy
ME,h0385,0.5248856515458393,scr1994,avaStIn,bevFrtRoadHeavy
ME,h0386,0.5074870468783488,scr1994,avaStIn,bevFrtRoadHeavy
ME,h0387,0.49687219386419995,scr1994,avaStIn,bevFrtRoadHeavy
ME,h0388,0.47427481614411754,scr1994,avaStIn,bevFrtRoadHeavy
ME,h0389,0.4512001064311079,scr1994,avaStIn,bevFrtRoadHeavy
ME,h0390,0.4317798248276851,scr1994,avaStIn,bevFrtRoadHeavy
ME,h0391,0.4070613891581884,scr1994,avaStIn,bevFrtRoadHeavy
ME,h0392,0.39697641675210144,scr1994,avaStIn,bevFrtRoadHeavy
ME,h0393,0.39870421520431126,scr1994,avaStIn,bevFrtRoadHeavy
ME,h0394,0.40926627041819047,scr1994,avaStIn,bevFrtRoadHeavy
ME,h0395,0.39842288468029213,scr1994,avaStIn,bevFrtRoadHeavy
ME,h0396,0.3557916354671122,scr1994,avaStIn,bevFrtRoadHeavy
ME,h0397,0.40327113437985024,scr1994,avaStIn,bevFrtRoadHeavy
ME,h0398,0.4468766289603083,scr1994,avaStIn,bevFrtRoadHeavy
ME,h0399,0.49485270049335356,scr1994,avaStIn,bevFrtRoadHeavy
ME,h0400,0.45345030023340877,scr1994,avaStIn,bevFrtRoadHeavy
ME,h0401,0.42042601932163864,scr1994,avaStIn,bevFrtRoadHeavy
ME,h0402,0.40261095639883443,scr1994,avaStIn,bevFrtRoadHeavy
ME,h0403,0.3871763249572075,scr1994,avaStIn,bevFrtRoadHeavy
ME,h0404,0.3744547271540745,scr1994,avaStIn,bevFrtRoadHeavy
ME,h0405,0.34980970251809557,scr1994,avaStIn,bevFrtRoadHeavy
ME,h0406,0.3110211101507691,scr1994,avaStIn,bevFrtRoadHeavy
ME,h0407,0.2670140244077546,scr1994,avaStIn,bevFrtRoadHeavy
ME,h0408,0.23449723533671968,scr1994,avaStIn,bevFrtRoadHeavy
ME,h0409,0.2796419009980305,scr1994,avaStIn,bevFrtRoadHeavy
ME,h0410,0.34160429932334896,scr1994,avaStIn,bevFrtRoadHeavy
ME,h0411,0.40625179312817933,scr1994,avaStIn,bevFrtRoadHeavy
ME,h0412,0.4260236415512996,scr1994,avaStIn,bevFrtRoadHeavy
ME,h0413,0.4370627609428927,scr1994,avaStIn,bevFrtRoadHeavy
ME,h0414,0.45354850989036083,scr1994,avaStIn,bevFrtRoadHeavy
ME,h0415,0.5170257326829233,scr1994,avaStIn,bevFrtRoadHeavy
ME,h0416,0.5846164078323919,scr1994,avaStIn,bevFrtRoadHeavy
ME,h0417,0.6406822225854623,scr1994,avaStIn,bevFrtRoadHeavy
ME,h0418,0.648916667,scr1994,avaStIn,bevFrtRoadHeavy
ME,h0419,0.6397767272678316,scr1994,avaStIn,bevFrtRoadHeavy
ME,h0420,0.6149581532285464,scr1994,avaStIn,bevFrtRoadHeavy
ME,h0421,0.5787399234599702,scr1994,avaStIn,bevFrtRoadHeavy
ME,h0422,0.5369544837819953,scr1994,avaStIn,bevFrtRoadHeavy
ME,h0423,0.49485270049335356,scr1994,avaStIn,bevFrtRoadHeavy
ME,h0424,0.45345030023340877,scr1994,avaStIn,bevFrtRoadHeavy
ME,h0425,0.42042601932163864,scr1994,avaStIn,bevFrtRoadHeavy
ME,h0426,0.40261095639883443,scr1994,avaStIn,bevFrtRoadHeavy
ME,h0427,0.3949139023723746,scr1994,avaStIn,bevFrtRoadHeavy
ME,h0428,0.3897869437965427,scr1994,avaStIn,bevFrtRoadHeavy
ME,h0429,0.37646876654895217,scr1994,avaStIn,bevFrtRoadHeavy
ME,h0430,0.3452269488651632,scr1994,avaStIn,bevFrtRoadHeavy
ME,h0431,0.3078659473763398,scr1994,avaStIn,bevFrtRoadHeavy
ME,h0432,0.2779545307693782,scr1994,avaStIn,bevFrtRoadHeavy
ME,h0433,0.30625207473084864,scr1994,avaStIn,bevFrtRoadHeavy
ME,h0434,0.35411013106134476,scr1994,avaStIn,bevFrtRoadHeavy
ME,h0435,0.40625179312817933,scr1994,avaStIn,bevFrtRoadHeavy
ME,h0436,0.4260236415512996,scr1994,avaStIn,bevFrtRoadHeavy
ME,h0437,0.4370627609428927,scr1994,avaStIn,bevFrtRoadHeavy
ME,h0438,0.45354850989036083,scr1994,avaStIn,bevFrtRoadHeavy
ME,h0439,0.48515941493213527,scr1994,avaStIn,bevFrtRoadHeavy
ME,h0440,0.528605586824356,scr1994,avaStIn,bevFrtRoadHeavy
ME,h0441,0.569163626072009,scr1994,avaStIn,bevFrtRoadHeavy
ME,h0442,0.5967091713705934,scr1994,avaStIn,bevFrtRoadHeavy
ME,h0443,0.6072714158345789,scr1994,avaStIn,bevFrtRoadHeavy
ME,h0444,0.5997465210395598,scr1994,avaStIn,bevFrtRoadHeavy
ME,h0445,0.5745197239560198,scr1994,avaStIn,bevFrtRoadHeavy
ME,h0446,0.5374673886216577,scr1994,avaStIn,bevFrtRoadHeavy
ME,h0447,0.49485270049335356,scr1994,avaStIn,bevFrtRoadHeavy
ME,h0448,0.45345030023340877,scr1994,avaStIn,bevFrtRoadHeavy
ME,h0449,0.42042601932163864,scr1994,avaStIn,bevFrtRoadHeavy
ME,h0450,0.40261095639883443,scr1994,avaStIn,bevFrtRoadHeavy
ME,h0451,0.3949139023723746,scr1994,avaStIn,bevFrtRoadHeavy
ME,h0452,0.3897869437965427,scr1994,avaStIn,bevFrtRoadHeavy
ME,h0453,0.37646876654895217,scr1994,avaStIn,bevFrtRoadHeavy
ME,h0454,0.3452269488651632,scr1994,avaStIn,bevFrtRoadHeavy
ME,h0455,0.3078659473763398,scr1994,avaStIn,bevFrtRoadHeavy
ME,h0456,0.2779545307693782,scr1994,avaStIn,bevFrtRoadHeavy
ME,h0457,0.3028710829268177,scr1994,avaStIn,bevFrtRoadHeavy
ME,h0458,0.33213669174969157,scr1994,avaStIn,bevFrtRoadHeavy
ME,h0459,0.3620087309567464,scr1994,avaStIn,bevFrtRoadHeavy
ME,h0460,0.37004107340258524,scr1994,avaStIn,bevFrtRoadHeavy
ME,h0461,0.3981843172784512,scr1994,avaStIn,bevFrtRoadHeavy
ME,h0462,0.4423184385324596,scr1994,avaStIn,bevFrtRoadHeavy
ME,h0463,0.4938743123061798,scr1994,avaStIn,bevFrtRoadHeavy
ME,h0464,0.5393801271086389,scr1994,avaStIn,bevFrtRoadHeavy
ME,h0465,0.5717279447574262,scr1994,avaStIn,bevFrtRoadHeavy
ME,h0466,0.5864026834476788,scr1994,avaStIn,bevFrtRoadHeavy
ME,h0467,0.5903568012897213,scr1994,avaStIn,bevFrtRoadHeavy
ME,h0468,0.5820184110412341,scr1994,avaStIn,bevFrtRoadHeavy
ME,h0469,0.5522541766639684,scr1994,avaStIn,bevFrtRoadHeavy
ME,h0470,0.5025985097221295,scr1994,avaStIn,bevFrtRoadHeavy
ME,h0471,0.4360063902136216,scr1994,avaStIn,bevFrtRoadHeavy
ME,h0472,0.3706503344395034,scr1994,avaStIn,bevFrtRoadHeavy
ME,h0473,0.31400278945685395,scr1994,avaStIn,bevFrtRoadHeavy
ME,h0474,0.28426941117423804,scr1994,avaStIn,bevFrtRoadHeavy
ME,h0475,0.3038053855518607,scr1994,avaStIn,bevFrtRoadHeavy
ME,h0476,0.3429092096212539,scr1994,avaStIn,bevFrtRoadHeavy
ME,h0477,0.3896033187938301,scr1994,avaStIn,bevFrtRoadHeavy
ME,h0478,0.4056630174549854,scr1994,avaStIn,bevFrtRoadHeavy
ME,h0479,0.40808166599342416,scr1994,avaStIn,bevFrtRoadHeavy
ME,h0480,0.3933177281335835,scr1994,avaStIn,bevFrtRoadHeavy
ME,h0481,0.41724016230702593,scr1994,avaStIn,bevFrtRoadHeavy
ME,h0482,0.44152509618683106,scr1994,avaStIn,bevFrtRoadHeavy
ME,h0483,0.4650823537739786,scr1994,avaStIn,bevFrtRoadHeavy
ME,h0484,0.45675407757813863,scr1994,avaStIn,bevFrtRoadHeavy
ME,h0485,0.45594549501808196,scr1994,avaStIn,bevFrtRoadHeavy
ME,h0486,0.4699720265411949,scr1994,avaStIn,bevFrtRoadHeavy
ME,h0487,0.5010898808643895,scr1994,avaStIn,bevFrtRoadHeavy
ME,h0488,0.5385315909083035,scr1994,avaStIn,bevFrtRoadHeavy
ME,h0489,0.5717279447574262,scr1994,avaStIn,bevFrtRoadHeavy
ME,h0490,0.5864026834476788,scr1994,avaStIn,bevFrtRoadHeavy
ME,h0491,0.5903568012897213,scr1994,avaStIn,bevFrtRoadHeavy
ME,h0492,0.5820184110412341,scr1994,avaStIn,bevFrtRoadHeavy
ME,h0493,0.5522541766639684,scr1994,avaStIn,bevFrtRoadHeavy
ME,h0494,0.5025985097221295,scr1994,avaStIn,bevFrtRoadHeavy
ME,h0495,0.4360063902136216,scr1994,avaStIn,bevFrtRoadHeavy
ME,h0496,0.3706503344395034,scr1994,avaStIn,bevFrtRoadHeavy
ME,h0497,0.31400278945685395,scr1994,avaStIn,bevFrtRoadHeavy
ME,h0498,0.28426941117423804,scr1994,avaStIn,bevFrtRoadHeavy
ME,h0499,0.3038053855518607,scr1994,avaStIn,bevFrtRoadHeavy
ME,h0500,0.3429092096212539,scr1994,avaStIn,bevFrtRoadHeavy
ME,h0501,0.3896033187938301,scr1994,avaStIn,bevFrtRoadHeavy
ME,h0502,0.4056630174549854,scr1994,avaStIn,bevFrtRoadHeavy
ME,h0503,0.40808166599342416,scr1994,avaStIn,bevFrtRoadHeavy
ME,h0504,0.3933177281335835,scr1994,avaStIn,bevFrtRoadHeavy
LT,h0337,0.36689691148585085,scr1994,avaStIn,bevFrtRoadHeavy
LT,h0338,0.380104818059327,scr1994,avaStIn,bevFrtRoadHeavy
LT,h0339,0.4194642325578846,scr1994,avaStIn,bevFrtRoadHeavy
LT,h0340,0.46710902255410963,scr1994,avaStIn,bevFrtRoadHeavy
LT,h0341,0.4966725249567239,scr1994,avaStIn,bevFrtRoadHeavy
LT,h0342,0.4917721590281056,scr1994,avaStIn,bevFrtRoadHeavy
LT,h0343,0.46881903384007567,scr1994,avaStIn,bevFrtRoadHeavy
LT,h0344,0.4420970782858393,scr1994,avaStIn,bevFrtRoadHeavy
LT,h0345,0.43234151430002793,scr1994,avaStIn,bevFrtRoadHeavy
LT,h0346,0.4235892817447879,scr1994,avaStIn,bevFrtRoadHeavy
LT,h0347,0.397223194562311,scr1994,avaStIn,bevFrtRoadHeavy
LT,h0348,0.3508957346058093,scr1994,avaStIn,bevFrtRoadHeavy
LT,h0349,0.3030199896710231,scr1994,avaStIn,bevFrtRoadHeavy
LT,h0350,0.27474183334917385,scr1994,avaStIn,bevFrtRoadHeavy
LT,h0351,0.2810042843274933,scr1994,avaStIn,bevFrtRoadHeavy
LT,h0352,0.32648713074071817,scr1994,avaStIn,bevFrtRoadHeavy
LT,h0353,0.3907025979922289,scr1994,avaStIn,bevFrtRoadHeavy
LT,h0354,0.4625928572839217,scr1994,avaStIn,bevFrtRoadHeavy
LT,h0355,0.5273810255260041,scr1994,avaStIn,bevFrtRoadHeavy
LT,h0356,0.575177207510104,scr1994,avaStIn,bevFrtRoadHeavy
LT,h0357,0.5973067629795761,scr1994,avaStIn,bevFrtRoadHeavy
LT,h0358,0.6003940072514531,scr1994,avaStIn,bevFrtRoadHeavy
LT,h0359,0.5908800318598231,scr1994,avaStIn,bevFrtRoadHeavy
LT,h0360,0.5756042397510963,scr1994,avaStIn,bevFrtRoadHeavy
LT,h0361,0.54933335981644,scr1994,avaStIn,bevFrtRoadHeavy
LT,h0362,0.5218683931107748,scr1994,avaStIn,bevFrtRoadHeavy
LT,h0363,0.49687219386419995,scr1994,avaStIn,bevFrtRoadHeavy
LT,h0364,0.47427481614411754,scr1994,avaStIn,bevFrtRoadHeavy
LT,h0365,0.4512001064311079,scr1994,avaStIn,bevFrtRoadHeavy
LT,h0366,0.4317798248276851,scr1994,avaStIn,bevFrtRoadHeavy
LT,h0367,0.4245222382729337,scr1994,avaStIn,bevFrtRoadHeavy
LT,h0368,0.42681901755925794,scr1994,avaStIn,bevFrtRoadHeavy
LT,h0369,0.43234151430002793,scr1994,avaStIn,bevFrtRoadHeavy
LT,h0370,0.4235892817447879,scr1994,avaStIn,bevFrtRoadHeavy
LT,h0371,0.397223194562311,scr1994,avaStIn,bevFrtRoadHeavy
LT,h0372,0.3508957346058093,scr1994,avaStIn,bevFrtRoadHeavy
LT,h0373,0.3030199896710231,scr1994,avaStIn,bevFrtRoadHeavy
LT,h0374,0.27474183334917385,scr1994,avaStIn,bevFrtRoadHeavy
LT,h0375,0.2810042843274933,scr1994,avaStIn,bevFrtRoadHeavy
LT,h0376,0.32648713074071817,scr1994,avaStIn,bevFrtRoadHeavy
LT,h0377,0.3907025979922289,scr1994,avaStIn,bevFrtRoadHeavy
LT,h0378,0.4625928572839217,scr1994,avaStIn,bevFrtRoadHeavy
LT,h0379,0.5258945707660485,scr1994,avaStIn,bevFrtRoadHeavy
LT,h0380,0.5775126532133741,scr1994,avaStIn,bevFrtRoadHeavy
LT,h0381,0.6068226498839902,scr1994,avaStIn,bevFrtRoadHeavy
LT,h0382,0.6077267241442188,scr1994,avaStIn,bevFrtRoadHeavy
LT,h0383,0.5845803785311798,scr1994,avaStIn,bevFrtRoadHeavy
LT,h0384,0.5478532898823398,scr1994,avaStIn,bevFrtRoadHeavy
LT,h0385,0.5248856515458393,scr1994,avaStIn,bevFrtRoadHeavy
LT,h0386,0.5074870468783488,scr1994,avaStIn,bevFrtRoadHeavy
LT,h0387,0.49687219386419995,scr1994,avaStIn,bevFrtRoadHeavy
LT,h0388,0.47427481614411754,scr1994,avaStIn,bevFrtRoadHeavy
LT,h0389,0.4512001064311079,scr1994,avaStIn,bevFrtRoadHeavy
LT,h0390,0.4317798248276851,scr1994,avaStIn,bevFrtRoadHeavy
LT,h0391,0.4070613891581884,scr1994,avaStIn,bevFrtRoadHeavy
LT,h0392,0.39697641675210144,scr1994,avaStIn,bevFrtRoadHeavy
LT,h0393,0.39870421520431126,scr1994,avaStIn,bevFrtRoadHeavy
LT,h0394,0.40926627041819047,scr1994,avaStIn,bevFrtRoadHeavy
LT,h0395,0.39842288468029213,scr1994,avaStIn,bevFrtRoadHeavy
LT,h0396,0.3557916354671122,scr1994,avaStIn,bevFrtRoadHeavy
LT,h0397,0.40327113437985024,scr1994,avaStIn,bevFrtRoadHeavy
LT,h0398,0.4468766289603083,scr1994,avaStIn,bevFrtRoadHeavy
LT,h0399,0.49485270049335356,scr1994,avaStIn,bevFrtRoadHeavy
LT,h0400,0.45345030023340877,scr1994,avaStIn,bevFrtRoadHeavy
LT,h0401,0.42042601932163864,scr1994,avaStIn,bevFrtRoadHeavy
LT,h0402,0.40261095639883443,scr1994,avaStIn,bevFrtRoadHeavy
LT,h0403,0.3871763249572075,scr1994,avaStIn,bevFrtRoadHeavy
LT,h0404,0.3744547271540745,scr1994,avaStIn,bevFrtRoadHeavy
LT,h0405,0.34980970251809557,scr1994,avaStIn,bevFrtRoadHeavy
LT,h0406,0.3110211101507691,scr1994,avaStIn,bevFrtRoadHeavy
LT,h0407,0.2670140244077546,scr1994,avaStIn,bevFrtRoadHeavy
LT,h0408,0.23449723533671968,scr1994,avaStIn,bevFrtRoadHeavy
LT,h0409,0.2796419009980305,scr1994,avaStIn,bevFrtRoadHeavy
LT,h0410,0.34160429932334896,scr1994,avaStIn,bevFrtRoadHeavy
LT,h0411,0.40625179312817933,scr1994,avaStIn,bevFrtRoadHeavy
LT,h0412,0.4260236415512996,scr1994,avaStIn,bevFrtRoadHeavy
LT,h0413,0.4370627609428927,scr1994,avaStIn,bevFrtRoadHeavy
LT,h0414,0.45354850989036083,scr1994,avaStIn,bevFrtRoadHeavy
LT,h0415,0.5170257326829233,scr1994,avaStIn,bevFrtRoadHeavy
LT,h0416,0.5846164078323919,scr1994,avaStIn,bevFrtRoadHeavy
LT,h0417,0.6406822225854623,scr1994,avaStIn,bevFrtRoadHeavy
LT,h0418,0.648916667,scr1994,avaStIn,bevFrtRoadHeavy
LT,h0419,0.6397767272678316,scr1994,avaStIn,bevFrtRoadHeavy
LT,h0420,0.6149581532285464,scr1994,avaStIn,bevFrtRoadHeavy
LT,h0421,0.5787399234599702,scr1994,avaStIn,bevFrtRoadHeavy
LT,h0422,0.5369544837819953,scr1994,avaStIn,bevFrtRoadHeavy
LT,h0423,0.49485270049335356,scr1994,avaStIn,bevFrtRoadHeavy
LT,h0424,0.45345030023340877,scr1994,avaStIn,bevFrtRoadHeavy
LT,h0425,0.42042601932163864,scr1994,avaStIn,bevFrtRoadHeavy
LT,h0426,0.40261095639883443,scr1994,avaStIn,bevFrtRoadHeavy
LT,h0427,0.3949139023723746,scr1994,avaStIn,bevFrtRoadHeavy
LT,h0428,0.3897869437965427,scr1994,avaStIn,bevFrtRoadHeavy
LT,h0429,0.37646876654895217,scr1994,avaStIn,bevFrtRoadHeavy
LT,h0430,0.3452269488651632,scr1994,avaStIn,bevFrtRoadHeavy
LT,h0431,0.3078659473763398,scr1994,avaStIn,bevFrtRoadHeavy
LT,h0432,0.2779545307693782,scr1994,avaStIn,bevFrtRoadHeavy
LT,h0433,0.30625207473084864,scr1994,avaStIn,bevFrtRoadHeavy
LT,h0434,0.35411013106134476,scr1994,avaStIn,bevFrtRoadHeavy
LT,h0435,0.40625179312817933,scr1994,avaStIn,bevFrtRoadHeavy
LT,h0436,0.4260236415512996,scr1994,avaStIn,bevFrtRoadHeavy
LT,h0437,0.4370627609428927,scr1994,avaStIn,bevFrtRoadHeavy
LT,h0438,0.45354850989036083,scr1994,avaStIn,bevFrtRoadHeavy
LT,h0439,0.48515941493213527,scr1994,avaStIn,bevFrtRoadHeavy
LT,h0440,0.528605586824356,scr1994,avaStIn,bevFrtRoadHeavy
LT,h0441,0.569163626072009,scr1994,avaStIn,bevFrtRoadHeavy
LT,h0442,0.5967091713705934,scr1994,avaStIn,bevFrtRoadHeavy
LT,h0443,0.6072714158345789,scr1994,avaStIn,bevFrtRoadHeavy
LT,h0444,0.5997465210395598,scr1994,avaStIn,bevFrtRoadHeavy
LT,h0445,0.5745197239560198,scr1994,avaStIn,bevFrtRoadHeavy
LT,h0446,0.5374673886216577,scr1994,avaStIn,bevFrtRoadHeavy
LT,h0447,0.49485270049335356,scr1994,avaStIn,bevFrtRoadHeavy
LT,h0448,0.45345030023340877,scr1994,avaStIn,bevFrtRoadHeavy
LT,h0449,0.42042601932163864,scr1994,avaStIn,bevFrtRoadHeavy
LT,h0450,0.40261095639883443,scr1994,avaStIn,bevFrtRoadHeavy
LT,h0451,0.3949139023723746,scr1994,avaStIn,bevFrtRoadHeavy
LT,h0452,0.3897869437965427,scr1994,avaStIn,bevFrtRoadHeavy
LT,h0453,0.37646876654895217,scr1994,avaStIn,bevFrtRoadHeavy
LT,h0454,0.3452269488651632,scr1994,avaStIn,bevFrtRoadHeavy
LT,h0455,0.3078659473763398,scr1994,avaStIn,bevFrtRoadHeavy
LT,h0456,0.2779545307693782,scr1994,avaStIn,bevFrtRoadHeavy
LT,h0457,0.3028710829268177,scr1994,avaStIn,bevFrtRoadHeavy
LT,h0458,0.33213669174969157,scr1994,avaStIn,bevFrtRoadHeavy
LT,h0459,0.3620087309567464,scr1994,avaStIn,bevFrtRoadHeavy
LT,h0460,0.37004107340258524,scr1994,avaStIn,bevFrtRoadHeavy
LT,h0461,0.3981843172784512,scr1994,avaStIn,bevFrtRoadHeavy
LT,h0462,0.4423184385324596,scr1994,avaStIn,bevFrtRoadHeavy
LT,h0463,0.4938743123061798,scr1994,avaStIn,bevFrtRoadHeavy
LT,h0464,0.5393801271086389,scr1994,avaStIn,bevFrtRoadHeavy
LT,h0465,0.5717279447574262,scr1994,avaStIn,bevFrtRoadHeavy
LT,h0466,0.5864026834476788,scr1994,avaStIn,bevFrtRoadHeavy
LT,h0467,0.5903568012897213,scr1994,avaStIn,bevFrtRoadHeavy
LT,h0468,0.5820184110412341,scr1994,avaStIn,bevFrtRoadHeavy
LT,h0469,0.5522541766639684,scr1994,avaStIn,bevFrtRoadHeavy
LT,h0470,0.5025985097221295,scr1994,avaStIn,bevFrtRoadHeavy
LT,h0471,0.4360063902136216,scr1994,avaStIn,bevFrtRoadHeavy
LT,h0472,0.3706503344395034,scr1994,avaStIn,bevFrtRoadHeavy
LT,h0473,0.31400278945685395,scr1994,avaStIn,bevFrtRoadHeavy
LT,h0474,0.28426941117423804,scr1994,avaStIn,bevFrtRoadHeavy
LT,h0475,0.3038053855518607,scr1994,avaStIn,bevFrtRoadHeavy
LT,h0476,0.3429092096212539,scr1994,avaStIn,bevFrtRoadHeavy
LT,h0477,0.3896033187938301,scr1994,avaStIn,bevFrtRoadHeavy
LT,h0478,0.4056630174549854,scr1994,avaStIn,bevFrtRoadHeavy
LT,h0479,0.40808166599342416,scr1994,avaStIn,bevFrtRoadHeavy
LT,h0480,0.3933177281335835,scr1994,avaStIn,bevFrtRoadHeavy
LT,h0481,0.41724016230702593,scr1994,avaStIn,bevFrtRoadHeavy
LT,h0482,0.44152509618683106,scr1994,avaStIn,bevFrtRoadHeavy
LT,h0483,0.4650823537739786,scr1994,avaStIn,bevFrtRoadHeavy
LT,h0484,0.45675407757813863,scr1994,avaStIn,bevFrtRoadHeavy
LT,h0485,0.45594549501808196,scr1994,avaStIn,bevFrtRoadHeavy
LT,h0486,0.4699720265411949,scr1994,avaStIn,bevFrtRoadHeavy
LT,h0487,0.5010898808643895,scr1994,avaStIn,bevFrtRoadHeavy
LT,h0488,0.5385315909083035,scr1994,avaStIn,bevFrtRoadHeavy
LT,h0489,0.5717279447574262,scr1994,avaStIn,bevFrtRoadHeavy
LT,h0490,0.5864026834476788,scr1994,avaStIn,bevFrtRoadHeavy
LT,h0491,0.5903568012897213,scr1994,avaStIn,bevFrtRoadHeavy
LT,h0492,0.5820184110412341,scr1994,avaStIn,bevFrtRoadHeavy
LT,h0493,0.5522541766639684,scr1994,avaStIn,bevFrtRoadHeavy
LT,h0494,0.5025985097221295,scr1994,avaStIn,bevFrtRoadHeavy
LT,h0495,0.4360063902136216,scr1994,avaStIn,bevFrtRoadHeavy
LT,h0496,0.3706503344395034,scr1994,avaStIn,bevFrtRoadHeavy
LT,h0497,0.31400278945685395,scr1994,avaStIn,bevFrtRoadHeavy
LT,h0498,0.28426941117423804,scr1994,avaStIn,bevFrtRoadHeavy
LT,h0499,0.3038053855518607,scr1994,avaStIn,bevFrtRoadHeavy
LT,h0500,0.3429092096212539,scr1994,avaStIn,bevFrtRoadHeavy
LT,h0501,0.3896033187938301,scr1994,avaStIn,bevFrtRoadHeavy
LT,h0502,0.4056630174549854,scr1994,avaStIn,bevFrtRoadHeavy
LT,h0503,0.40808166599342416,scr1994,avaStIn,bevFrtRoadHeavy
LT,h0504,0.3933177281335835,scr1994,avaStIn,bevFrtRoadHeavy
LU,h0337,0.36689691148585085,scr1994,avaStIn,bevFrtRoadHeavy
LU,h0338,0.380104818059327,scr1994,avaStIn,bevFrtRoadHeavy
LU,h0339,0.4194642325578846,scr1994,avaStIn,bevFrtRoadHeavy
LU,h0340,0.46710902255410963,scr1994,avaStIn,bevFrtRoadHeavy
LU,h0341,0.4966725249567239,scr1994,avaStIn,bevFrtRoadHeavy
LU,h0342,0.4917721590281056,scr1994,avaStIn,bevFrtRoadHeavy
LU,h0343,0.46881903384007567,scr1994,avaStIn,bevFrtRoadHeavy
LU,h0344,0.4420970782858393,scr1994,avaStIn,bevFrtRoadHeavy
LU,h0345,0.43234151430002793,scr1994,avaStIn,bevFrtRoadHeavy
LU,h0346,0.4235892817447879,scr1994,avaStIn,bevFrtRoadHeavy
LU,h0347,0.397223194562311,scr1994,avaStIn,bevFrtRoadHeavy
LU,h0348,0.3508957346058093,scr1994,avaStIn,bevFrtRoadHeavy
LU,h0349,0.3030199896710231,scr1994,avaStIn,bevFrtRoadHeavy
LU,h0350,0.27474183334917385,scr1994,avaStIn,bevFrtRoadHeavy
LU,h0351,0.2810042843274933,scr1994,avaStIn,bevFrtRoadHeavy
LU,h0352,0.32648713074071817,scr1994,avaStIn,bevFrtRoadHeavy
LU,h0353,0.3907025979922289,scr1994,avaStIn,bevFrtRoadHeavy
LU,h0354,0.4625928572839217,scr1994,avaStIn,bevFrtRoadHeavy
LU,h0355,0.5273810255260041,scr1994,avaStIn,bevFrtRoadHeavy
LU,h0356,0.575177207510104,scr1994,avaStIn,bevFrtRoadHeavy
LU,h0357,0.5973067629795761,scr1994,avaStIn,bevFrtRoadHeavy
LU,h0358,0.6003940072514531,scr1994,avaStIn,bevFrtRoadHeavy
LU,h0359,0.5908800318598231,scr1994,avaStIn,bevFrtRoadHeavy
LU,h0360,0.5756042397510963,scr1994,avaStIn,bevFrtRoadHeavy
LU,h0361,0.54933335981644,scr1994,avaStIn,bevFrtRoadHeavy
LU,h0362,0.5218683931107748,scr1994,avaStIn,bevFrtRoadHeavy
LU,h0363,0.49687219386419995,scr1994,avaStIn,bevFrtRoadHeavy
LU,h0364,0.47427481614411754,scr1994,avaStIn,bevFrtRoadHeavy
LU,h0365,0.4512001064311079,scr1994,avaStIn,bevFrtRoadHeavy
LU,h0366,0.4317798248276851,scr1994,avaStIn,bevFrtRoadHeavy
LU,h0367,0.4245222382729337,scr1994,avaStIn,bevFrtRoadHeavy
LU,h0368,0.42681901755925794,scr1994,avaStIn,bevFrtRoadHeavy
LU,h0369,0.43234151430002793,scr1994,avaStIn,bevFrtRoadHeavy
LU,h0370,0.4235892817447879,scr1994,avaStIn,bevFrtRoadHeavy
LU,h0371,0.397223194562311,scr1994,avaStIn,bevFrtRoadHeavy
LU,h0372,0.3508957346058093,scr1994,avaStIn,bevFrtRoadHeavy
LU,h0373,0.3030199896710231,scr1994,avaStIn,bevFrtRoadHeavy
LU,h0374,0.27474183334917385,scr1994,avaStIn,bevFrtRoadHeavy
LU,h0375,0.2810042843274933,scr1994,avaStIn,bevFrtRoadHeavy
LU,h0376,0.32648713074071817,scr1994,avaStIn,bevFrtRoadHeavy
LU,h0377,0.3907025979922289,scr1994,avaStIn,bevFrtRoadHeavy
LU,h0378,0.4625928572839217,scr1994,avaStIn,bevFrtRoadHeavy
LU,h0379,0.5258945707660485,scr1994,avaStIn,bevFrtRoadHeavy
LU,h0380,0.5775126532133741,scr1994,avaStIn,bevFrtRoadHeavy
LU,h0381,0.6068226498839902,scr1994,avaStIn,bevFrtRoadHeavy
LU,h0382,0.6077267241442188,scr1994,avaStIn,bevFrtRoadHeavy
LU,h0383,0.5845803785311798,scr1994,avaStIn,bevFrtRoadHeavy
LU,h0384,0.5478532898823398,scr1994,avaStIn,bevFrtRoadHeavy
LU,h0385,0.5248856515458393,scr1994,avaStIn,bevFrtRoadHeavy
LU,h0386,0.5074870468783488,scr1994,avaStIn,bevFrtRoadHeavy
LU,h0387,0.49687219386419995,scr1994,avaStIn,bevFrtRoadHeavy
LU,h0388,0.47427481614411754,scr1994,avaStIn,bevFrtRoadHeavy
LU,h0389,0.4512001064311079,scr1994,avaStIn,bevFrtRoadHeavy
LU,h0390,0.4317798248276851,scr1994,avaStIn,bevFrtRoadHeavy
LU,h0391,0.4070613891581884,scr1994,avaStIn,bevFrtRoadHeavy
LU,h0392,0.39697641675210144,scr1994,avaStIn,bevFrtRoadHeavy
LU,h0393,0.39870421520431126,scr1994,avaStIn,bevFrtRoadHeavy
LU,h0394,0.40926627041819047,scr1994,avaStIn,bevFrtRoadHeavy
LU,h0395,0.39842288468029213,scr1994,avaStIn,bevFrtRoadHeavy
LU,h0396,0.3557916354671122,scr1994,avaStIn,bevFrtRoadHeavy
LU,h0397,0.40327113437985024,scr1994,avaStIn,bevFrtRoadHeavy
LU,h0398,0.4468766289603083,scr1994,avaStIn,bevFrtRoadHeavy
LU,h0399,0.49485270049335356,scr1994,avaStIn,bevFrtRoadHeavy
LU,h0400,0.45345030023340877,scr1994,avaStIn,bevFrtRoadHeavy
LU,h0401,0.42042601932163864,scr1994,avaStIn,bevFrtRoadHeavy
LU,h0402,0.40261095639883443,scr1994,avaStIn,bevFrtRoadHeavy
LU,h0403,0.3871763249572075,scr1994,avaStIn,bevFrtRoadHeavy
LU,h0404,0.3744547271540745,scr1994,avaStIn,bevFrtRoadHeavy
LU,h0405,0.34980970251809557,scr1994,avaStIn,bevFrtRoadHeavy
LU,h0406,0.3110211101507691,scr1994,avaStIn,bevFrtRoadHeavy
LU,h0407,0.2670140244077546,scr1994,avaStIn,bevFrtRoadHeavy
LU,h0408,0.23449723533671968,scr1994,avaStIn,bevFrtRoadHeavy
LU,h0409,0.2796419009980305,scr1994,avaStIn,bevFrtRoadHeavy
LU,h0410,0.34160429932334896,scr1994,avaStIn,bevFrtRoadHeavy
LU,h0411,0.40625179312817933,scr1994,avaStIn,bevFrtRoadHeavy
LU,h0412,0.4260236415512996,scr1994,avaStIn,bevFrtRoadHeavy
LU,h0413,0.4370627609428927,scr1994,avaStIn,bevFrtRoadHeavy
LU,h0414,0.45354850989036083,scr1994,avaStIn,bevFrtRoadHeavy
LU,h0415,0.5170257326829233,scr1994,avaStIn,bevFrtRoadHeavy
LU,h0416,0.5846164078323919,scr1994,avaStIn,bevFrtRoadHeavy
LU,h0417,0.6406822225854623,scr1994,avaStIn,bevFrtRoadHeavy
LU,h0418,0.648916667,scr1994,avaStIn,bevFrtRoadHeavy
LU,h0419,0.6397767272678316,scr1994,avaStIn,bevFrtRoadHeavy
LU,h0420,0.6149581532285464,scr1994,avaStIn,bevFrtRoadHeavy
LU,h0421,0.5787399234599702,scr1994,avaStIn,bevFrtRoadHeavy
LU,h0422,0.5369544837819953,scr1994,avaStIn,bevFrtRoadHeavy
LU,h0423,0.49485270049335356,scr1994,avaStIn,bevFrtRoadHeavy
LU,h0424,0.45345030023340877,scr1994,avaStIn,bevFrtRoadHeavy
LU,h0425,0.42042601932163864,scr1994,avaStIn,bevFrtRoadHeavy
LU,h0426,0.40261095639883443,scr1994,avaStIn,bevFrtRoadHeavy
LU,h0427,0.3949139023723746,scr1994,avaStIn,bevFrtRoadHeavy
LU,h0428,0.3897869437965427,scr1994,avaStIn,bevFrtRoadHeavy
LU,h0429,0.37646876654895217,scr1994,avaStIn,bevFrtRoadHeavy
LU,h0430,0.3452269488651632,scr1994,avaStIn,bevFrtRoadHeavy
LU,h0431,0.3078659473763398,scr1994,avaStIn,bevFrtRoadHeavy
LU,h0432,0.2779545307693782,scr1994,avaStIn,bevFrtRoadHeavy
LU,h0433,0.30625207473084864,scr1994,avaStIn,bevFrtRoadHeavy
LU,h0434,0.35411013106134476,scr1994,avaStIn,bevFrtRoadHeavy
LU,h0435,0.40625179312817933,scr1994,avaStIn,bevFrtRoadHeavy
LU,h0436,0.4260236415512996,scr1994,avaStIn,bevFrtRoadHeavy
LU,h0437,0.4370627609428927,scr1994,avaStIn,bevFrtRoadHeavy
LU,h0438,0.45354850989036083,scr1994,avaStIn,bevFrtRoadHeavy
LU,h0439,0.48515941493213527,scr1994,avaStIn,bevFrtRoadHeavy
LU,h0440,0.528605586824356,scr1994,avaStIn,bevFrtRoadHeavy
LU,h0441,0.569163626072009,scr1994,avaStIn,bevFrtRoadHeavy
LU,h0442,0.5967091713705934,scr1994,avaStIn,bevFrtRoadHeavy
LU,h0443,0.6072714158345789,scr1994,avaStIn,bevFrtRoadHeavy
LU,h0444,0.5997465210395598,scr1994,avaStIn,bevFrtRoadHeavy
LU,h0445,0.5745197239560198,scr1994,avaStIn,bevFrtRoadHeavy
LU,h0446,0.5374673886216577,scr1994,avaStIn,bevFrtRoadHeavy
LU,h0447,0.49485270049335356,scr1994,avaStIn,bevFrtRoadHeavy
LU,h0448,0.45345030023340877,scr1994,avaStIn,bevFrtRoadHeavy
LU,h0449,0.42042601932163864,scr1994,avaStIn,bevFrtRoadHeavy
LU,h0450,0.40261095639883443,scr1994,avaStIn,bevFrtRoadHeavy
LU,h0451,0.3949139023723746,scr1994,avaStIn,bevFrtRoadHeavy
LU,h0452,0.3897869437965427,scr1994,avaStIn,bevFrtRoadHeavy
LU,h0453,0.37646876654895217,scr1994,avaStIn,bevFrtRoadHeavy
LU,h0454,0.3452269488651632,scr1994,avaStIn,bevFrtRoadHeavy
LU,h0455,0.3078659473763398,scr1994,avaStIn,bevFrtRoadHeavy
LU,h0456,0.2779545307693782,scr1994,avaStIn,bevFrtRoadHeavy
LU,h0457,0.3028710829268177,scr1994,avaStIn,bevFrtRoadHeavy
LU,h0458,0.33213669174969157,scr1994,avaStIn,bevFrtRoadHeavy
LU,h0459,0.3620087309567464,scr1994,avaStIn,bevFrtRoadHeavy
LU,h0460,0.37004107340258524,scr1994,avaStIn,bevFrtRoadHeavy
LU,h0461,0.3981843172784512,scr1994,avaStIn,bevFrtRoadHeavy
LU,h0462,0.4423184385324596,scr1994,avaStIn,bevFrtRoadHeavy
LU,h0463,0.4938743123061798,scr1994,avaStIn,bevFrtRoadHeavy
LU,h0464,0.5393801271086389,scr1994,avaStIn,bevFrtRoadHeavy
LU,h0465,0.5717279447574262,scr1994,avaStIn,bevFrtRoadHeavy
LU,h0466,0.5864026834476788,scr1994,avaStIn,bevFrtRoadHeavy
LU,h0467,0.5903568012897213,scr1994,avaStIn,bevFrtRoadHeavy
LU,h0468,0.5820184110412341,scr1994,avaStIn,bevFrtRoadHeavy
LU,h0469,0.5522541766639684,scr1994,avaStIn,bevFrtRoadHeavy
LU,h0470,0.5025985097221295,scr1994,avaStIn,bevFrtRoadHeavy
LU,h0471,0.4360063902136216,scr1994,avaStIn,bevFrtRoadHeavy
LU,h0472,0.3706503344395034,scr1994,avaStIn,bevFrtRoadHeavy
LU,h0473,0.31400278945685395,scr1994,avaStIn,bevFrtRoadHeavy
LU,h0474,0.28426941117423804,scr1994,avaStIn,bevFrtRoadHeavy
LU,h0475,0.3038053855518607,scr1994,avaStIn,bevFrtRoadHeavy
LU,h0476,0.3429092096212539,scr1994,avaStIn,bevFrtRoadHeavy
LU,h0477,0.3896033187938301,scr1994,avaStIn,bevFrtRoadHeavy
LU,h0478,0.4056630174549854,scr1994,avaStIn,bevFrtRoadHeavy
LU,h0479,0.40808166599342416,scr1994,avaStIn,bevFrtRoadHeavy
LU,h0480,0.3933177281335835,scr1994,avaStIn,bevFrtRoadHeavy
LU,h0481,0.41724016230702593,scr1994,avaStIn,bevFrtRoadHeavy
LU,h0482,0.44152509618683106,scr1994,avaStIn,bevFrtRoadHeavy
LU,h0483,0.4650823537739786,scr1994,avaStIn,bevFrtRoadHeavy
LU,h0484,0.45675407757813863,scr1994,avaStIn,bevFrtRoadHeavy
LU,h0485,0.45594549501808196,scr1994,avaStIn,bevFrtRoadHeavy
LU,h0486,0.4699720265411949,scr1994,avaStIn,bevFrtRoadHeavy
LU,h0487,0.5010898808643895,scr1994,avaStIn,bevFrtRoadHeavy
LU,h0488,0.5385315909083035,scr1994,avaStIn,bevFrtRoadHeavy
LU,h0489,0.5717279447574262,scr1994,avaStIn,bevFrtRoadHeavy
LU,h0490,0.5864026834476788,scr1994,avaStIn,bevFrtRoadHeavy
LU,h0491,0.5903568012897213,scr1994,avaStIn,bevFrtRoadHeavy
LU,h0492,0.5820184110412341,scr1994,avaStIn,bevFrtRoadHeavy
LU,h0493,0.5522541766639684,scr1994,avaStIn,bevFrtRoadHeavy
LU,h0494,0.5025985097221295,scr1994,avaStIn,bevFrtRoadHeavy
LU,h0495,0.4360063902136216,scr1994,avaStIn,bevFrtRoadHeavy
LU,h0496,0.3706503344395034,scr1994,avaStIn,bevFrtRoadHeavy
LU,h0497,0.31400278945685395,scr1994,avaStIn,bevFrtRoadHeavy
LU,h0498,0.28426941117423804,scr1994,avaStIn,bevFrtRoadHeavy
LU,h0499,0.3038053855518607,scr1994,avaStIn,bevFrtRoadHeavy
LU,h0500,0.3429092096212539,scr1994,avaStIn,bevFrtRoadHeavy
LU,h0501,0.3896033187938301,scr1994,avaStIn,bevFrtRoadHeavy
LU,h0502,0.4056630174549854,scr1994,avaStIn,bevFrtRoadHeavy
LU,h0503,0.40808166599342416,scr1994,avaStIn,bevFrtRoadHeavy
LU,h0504,0.3933177281335835,scr1994,avaStIn,bevFrtRoadHeavy
NO,h0337,0.3668969114858508,scr1994,avaStIn,bevFrtRoadHeavy
NO,h0338,0.38010481805932694,scr1994,avaStIn,bevFrtRoadHeavy
NO,h0339,0.4194642325578847,scr1994,avaStIn,bevFrtRoadHeavy
NO,h0340,0.4671090225541096,scr1994,avaStIn,bevFrtRoadHeavy
NO,h0341,0.49667252495672387,scr1994,avaStIn,bevFrtRoadHeavy
NO,h0342,0.49177215902810556,scr1994,avaStIn,bevFrtRoadHeavy
NO,h0343,0.4688190338400756,scr1994,avaStIn,bevFrtRoadHeavy
NO,h0344,0.4420970782858392,scr1994,avaStIn,bevFrtRoadHeavy
NO,h0345,0.4323415143000279,scr1994,avaStIn,bevFrtRoadHeavy
NO,h0346,0.4235892817447878,scr1994,avaStIn,bevFrtRoadHeavy
NO,h0347,0.3972231945623109,scr1994,avaStIn,bevFrtRoadHeavy
NO,h0348,0.35089573460580925,scr1994,avaStIn,bevFrtRoadHeavy
NO,h0349,0.30301998967102306,scr1994,avaStIn,bevFrtRoadHeavy
NO,h0350,0.2747418333491738,scr1994,avaStIn,bevFrtRoadHeavy
NO,h0351,0.28100428432749325,scr1994,avaStIn,bevFrtRoadHeavy
NO,h0352,0.3264871307407181,scr1994,avaStIn,bevFrtRoadHeavy
NO,h0353,0.39070259799222884,scr1994,avaStIn,bevFrtRoadHeavy
NO,h0354,0.46259285728392163,scr1994,avaStIn,bevFrtRoadHeavy
NO,h0355,0.527381025526004,scr1994,avaStIn,bevFrtRoadHeavy
NO,h0356,0.5751772075101039,scr1994,avaStIn,bevFrtRoadHeavy
NO,h0357,0.597306762979576,scr1994,avaStIn,bevFrtRoadHeavy
NO,h0358,0.600394007251453,scr1994,avaStIn,bevFrtRoadHeavy
NO,h0359,0.5908800318598231,scr1994,avaStIn,bevFrtRoadHeavy
NO,h0360,0.5756042397510962,scr1994,avaStIn,bevFrtRoadHeavy
NO,h0361,0.54933335981644,scr1994,avaStIn,bevFrtRoadHeavy
NO,h0362,0.5218683931107748,scr1994,avaStIn,bevFrtRoadHeavy
NO,h0363,0.4968721938641999,scr1994,avaStIn,bevFrtRoadHeavy
NO,h0364,0.4742748161441175,scr1994,avaStIn,bevFrtRoadHeavy
NO,h0365,0.45120010643110775,scr1994,avaStIn,bevFrtRoadHeavy
NO,h0366,0.43177982482768507,scr1994,avaStIn,bevFrtRoadHeavy
NO,h0367,0.42452223827293367,scr1994,avaStIn,bevFrtRoadHeavy
NO,h0368,0.4268190175592579,scr1994,avaStIn,bevFrtRoadHeavy
NO,h0369,0.4323415143000279,scr1994,avaStIn,bevFrtRoadHeavy
NO,h0370,0.4235892817447878,scr1994,avaStIn,bevFrtRoadHeavy
NO,h0371,0.3972231945623109,scr1994,avaStIn,bevFrtRoadHeavy
NO,h0372,0.35089573460580925,scr1994,avaStIn,bevFrtRoadHeavy
NO,h0373,0.30301998967102306,scr1994,avaStIn,bevFrtRoadHeavy
NO,h0374,0.2747418333491738,scr1994,avaStIn,bevFrtRoadHeavy
NO,h0375,0.28100428432749325,scr1994,avaStIn,bevFrtRoadHeavy
NO,h0376,0.3264871307407181,scr1994,avaStIn,bevFrtRoadHeavy
NO,h0377,0.39070259799222884,scr1994,avaStIn,bevFrtRoadHeavy
NO,h0378,0.46259285728392163,scr1994,avaStIn,bevFrtRoadHeavy
NO,h0379,0.5258945707660485,scr1994,avaStIn,bevFrtRoadHeavy
NO,h0380,0.5775126532133741,scr1994,avaStIn,bevFrtRoadHeavy
NO,h0381,0.6068226498839902,scr1994,avaStIn,bevFrtRoadHeavy
NO,h0382,0.6077267241442188,scr1994,avaStIn,bevFrtRoadHeavy
NO,h0383,0.5845803785311801,scr1994,avaStIn,bevFrtRoadHeavy
NO,h0384,0.5478532898823398,scr1994,avaStIn,bevFrtRoadHeavy
NO,h0385,0.5248856515458392,scr1994,avaStIn,bevFrtRoadHeavy
NO,h0386,0.5074870468783489,scr1994,avaStIn,bevFrtRoadHeavy
NO,h0387,0.4968721938641999,scr1994,avaStIn,bevFrtRoadHeavy
NO,h0388,0.4742748161441175,scr1994,avaStIn,bevFrtRoadHeavy
NO,h0389,0.45120010643110775,scr1994,avaStIn,bevFrtRoadHeavy
NO,h0390,0.43177982482768507,scr1994,avaStIn,bevFrtRoadHeavy
NO,h0391,0.40706138915818835,scr1994,avaStIn,bevFrtRoadHeavy
NO,h0392,0.3969764167521014,scr1994,avaStIn,bevFrtRoadHeavy
NO,h0393,0.398704215204311,scr1994,avaStIn,bevFrtRoadHeavy
NO,h0394,0.4092662704181904,scr1994,avaStIn,bevFrtRoadHeavy
NO,h0395,0.3984228846802921,scr1994,avaStIn,bevFrtRoadHeavy
NO,h0396,0.3557916354671121,scr1994,avaStIn,bevFrtRoadHeavy
NO,h0397,0.4032711343798502,scr1994,avaStIn,bevFrtRoadHeavy
NO,h0398,0.4468766289603082,scr1994,avaStIn,bevFrtRoadHeavy
NO,h0399,0.4948527004933535,scr1994,avaStIn,bevFrtRoadHeavy
NO,h0400,0.4534503002334087,scr1994,avaStIn,bevFrtRoadHeavy
NO,h0401,0.4204260193216385,scr1994,avaStIn,bevFrtRoadHeavy
NO,h0402,0.4026109563988344,scr1994,avaStIn,bevFrtRoadHeavy
NO,h0403,0.38717632495720744,scr1994,avaStIn,bevFrtRoadHeavy
NO,h0404,0.37445472715407446,scr1994,avaStIn,bevFrtRoadHeavy
NO,h0405,0.3498097025180955,scr1994,avaStIn,bevFrtRoadHeavy
NO,h0406,0.31102111015076905,scr1994,avaStIn,bevFrtRoadHeavy
NO,h0407,0.26701402440775457,scr1994,avaStIn,bevFrtRoadHeavy
NO,h0408,0.23449723533671962,scr1994,avaStIn,bevFrtRoadHeavy
NO,h0409,0.27964190099803043,scr1994,avaStIn,bevFrtRoadHeavy
NO,h0410,0.3416042993233489,scr1994,avaStIn,bevFrtRoadHeavy
NO,h0411,0.4062517931281793,scr1994,avaStIn,bevFrtRoadHeavy
NO,h0412,0.42602364155129957,scr1994,avaStIn,bevFrtRoadHeavy
NO,h0413,0.43706276094289265,scr1994,avaStIn,bevFrtRoadHeavy
NO,h0414,0.4535485098903608,scr1994,avaStIn,bevFrtRoadHeavy
NO,h0415,0.5170257326829233,scr1994,avaStIn,bevFrtRoadHeavy
NO,h0416,0.5846164078323919,scr1994,avaStIn,bevFrtRoadHeavy
NO,h0417,0.6406822225854621,scr1994,avaStIn,bevFrtRoadHeavy
NO,h0418,0.648916667,scr1994,avaStIn,bevFrtRoadHeavy
NO,h0419,0.6397767272678315,scr1994,avaStIn,bevFrtRoadHeavy
NO,h0420,0.6149581532285463,scr1994,avaStIn,bevFrtRoadHeavy
NO,h0421,0.57873992345997,scr1994,avaStIn,bevFrtRoadHeavy
NO,h0422,0.5369544837819952,scr1994,avaStIn,bevFrtRoadHeavy
NO,h0423,0.4948527004933535,scr1994,avaStIn,bevFrtRoadHeavy
NO,h0424,0.4534503002334087,scr1994,avaStIn,bevFrtRoadHeavy
NO,h0425,0.4204260193216385,scr1994,avaStIn,bevFrtRoadHeavy
NO,h0426,0.4026109563988344,scr1994,avaStIn,bevFrtRoadHeavy
NO,h0427,0.39491390237237456,scr1994,avaStIn,bevFrtRoadHeavy
NO,h0428,0.38978694379654266,scr1994,avaStIn,bevFrtRoadHeavy
NO,h0429,0.3764687665489521,scr1994,avaStIn,bevFrtRoadHeavy
NO,h0430,0.34522694886516314,scr1994,avaStIn,bevFrtRoadHeavy
NO,h0431,0.30786594737633977,scr1994,avaStIn,bevFrtRoadHeavy
NO,h0432,0.27795453076937815,scr1994,avaStIn,bevFrtRoadHeavy
NO,h0433,0.3062520747308486,scr1994,avaStIn,bevFrtRoadHeavy
NO,h0434,0.3541101310613447,scr1994,avaStIn,bevFrtRoadHeavy
NO,h0435,0.4062517931281793,scr1994,avaStIn,bevFrtRoadHeavy
NO,h0436,0.42602364155129957,scr1994,avaStIn,bevFrtRoadHeavy
NO,h0437,0.43706276094289265,scr1994,avaStIn,bevFrtRoadHeavy
NO,h0438,0.4535485098903608,scr1994,avaStIn,bevFrtRoadHeavy
NO,h0439,0.4851594149321352,scr1994,avaStIn,bevFrtRoadHeavy
NO,h0440,0.5286055868243559,scr1994,avaStIn,bevFrtRoadHeavy
NO,h0441,0.5691636260720089,scr1994,avaStIn,bevFrtRoadHeavy
NO,h0442,0.5967091713705934,scr1994,avaStIn,bevFrtRoadHeavy
NO,h0443,0.6072714158345788,scr1994,avaStIn,bevFrtRoadHeavy
NO,h0444,0.5997465210395597,scr1994,avaStIn,bevFrtRoadHeavy
NO,h0445,0.5745197239560198,scr1994,avaStIn,bevFrtRoadHeavy
NO,h0446,0.5374673886216577,scr1994,avaStIn,bevFrtRoadHeavy
NO,h0447,0.4948527004933535,scr1994,avaStIn,bevFrtRoadHeavy
NO,h0448,0.4534503002334087,scr1994,avaStIn,bevFrtRoadHeavy
NO,h0449,0.4204260193216385,scr1994,avaStIn,bevFrtRoadHeavy
NO,h0450,0.4026109563988344,scr1994,avaStIn,bevFrtRoadHeavy
NO,h0451,0.39491390237237456,scr1994,avaStIn,bevFrtRoadHeavy
NO,h0452,0.38978694379654266,scr1994,avaStIn,bevFrtRoadHeavy
NO,h0453,0.3764687665489521,scr1994,avaStIn,bevFrtRoadHeavy
NO,h0454,0.34522694886516314,scr1994,avaStIn,bevFrtRoadHeavy
NO,h0455,0.30786594737633977,scr1994,avaStIn,bevFrtRoadHeavy
NO,h0456,0.27795453076937815,scr1994,avaStIn,bevFrtRoadHeavy
NO,h0457,0.30287108292681764,scr1994,avaStIn,bevFrtRoadHeavy
NO,h0458,0.3321366917496915,scr1994,avaStIn,bevFrtRoadHeavy
NO,h0459,0.36200873095674635,scr1994,avaStIn,bevFrtRoadHeavy
NO,h0460,0.3700410734025852,scr1994,avaStIn,bevFrtRoadHeavy
NO,h0461,0.39818431727845116,scr1994,avaStIn,bevFrtRoadHeavy
NO,h0462,0.44231843853245956,scr1994,avaStIn,bevFrtRoadHeavy
NO,h0463,0.49387431230617973,scr1994,avaStIn,bevFrtRoadHeavy
NO,h0464,0.5393801271086388,scr1994,avaStIn,bevFrtRoadHeavy
NO,h0465,0.5717279447574262,scr1994,avaStIn,bevFrtRoadHeavy
NO,h0466,0.5864026834476788,scr1994,avaStIn,bevFrtRoadHeavy
NO,h0467,0.5903568012897215,scr1994,avaStIn,bevFrtRoadHeavy
NO,h0468,0.5820184110412341,scr1994,avaStIn,bevFrtRoadHeavy
NO,h0469,0.5522541766639687,scr1994,avaStIn,bevFrtRoadHeavy
NO,h0470,0.5025985097221295,scr1994,avaStIn,bevFrtRoadHeavy
NO,h0471,0.43600639021362153,scr1994,avaStIn,bevFrtRoadHeavy
NO,h0472,0.37065033443950335,scr1994,avaStIn,bevFrtRoadHeavy
NO,h0473,0.3140027894568539,scr1994,avaStIn,bevFrtRoadHeavy
NO,h0474,0.284269411174238,scr1994,avaStIn,bevFrtRoadHeavy
NO,h0475,0.30380538555186054,scr1994,avaStIn,bevFrtRoadHeavy
NO,h0476,0.3429092096212537,scr1994,avaStIn,bevFrtRoadHeavy
NO,h0477,0.38960331879383003,scr1994,avaStIn,bevFrtRoadHeavy
NO,h0478,0.40566301745498523,scr1994,avaStIn,bevFrtRoadHeavy
NO,h0479,0.4080816659934241,scr1994,avaStIn,bevFrtRoadHeavy
NO,h0480,0.39331772813358346,scr1994,avaStIn,bevFrtRoadHeavy
NO,h0481,0.4172401623070259,scr1994,avaStIn,bevFrtRoadHeavy
NO,h0482,0.4415250961868308,scr1994,avaStIn,bevFrtRoadHeavy
NO,h0483,0.46508235377397855,scr1994,avaStIn,bevFrtRoadHeavy
NO,h0484,0.45675407757813835,scr1994,avaStIn,bevFrtRoadHeavy
NO,h0485,0.4559454950180819,scr1994,avaStIn,bevFrtRoadHeavy
NO,h0486,0.46997202654119463,scr1994,avaStIn,bevFrtRoadHeavy
NO,h0487,0.5010898808643895,scr1994,avaStIn,bevFrtRoadHeavy
NO,h0488,0.5385315909083035,scr1994,avaStIn,bevFrtRoadHeavy
NO,h0489,0.5717279447574262,scr1994,avaStIn,bevFrtRoadHeavy
NO,h0490,0.5864026834476788,scr1994,avaStIn,bevFrtRoadHeavy
NO,h0491,0.5903568012897215,scr1994,avaStIn,bevFrtRoadHeavy
NO,h0492,0.5820184110412341,scr1994,avaStIn,bevFrtRoadHeavy
NO,h0493,0.5522541766639687,scr1994,avaStIn,bevFrtRoadHeavy
NO,h0494,0.5025985097221295,scr1994,avaStIn,bevFrtRoadHeavy
NO,h0495,0.43600639021362153,scr1994,avaStIn,bevFrtRoadHeavy
NO,h0496,0.37065033443950335,scr1994,avaStIn,bevFrtRoadHeavy
NO,h0497,0.3140027894568539,scr1994,avaStIn,bevFrtRoadHeavy
NO,h0498,0.284269411174238,scr1994,avaStIn,bevFrtRoadHeavy
NO,h0499,0.30380538555186054,scr1994,avaStIn,bevFrtRoadHeavy
NO,h0500,0.3429092096212537,scr1994,avaStIn,bevFrtRoadHeavy
NO,h0501,0.38960331879383003,scr1994,avaStIn,bevFrtRoadHeavy
NO,h0502,0.40566301745498523,scr1994,avaStIn,bevFrtRoadHeavy
NO,h0503,0.4080816659934241,scr1994,avaStIn,bevFrtRoadHeavy
NO,h0504,0.39331772813358346,scr1994,avaStIn,bevFrtRoadHeavy
PL,h0337,0.36689691148585085,scr1994,avaStIn,bevFrtRoadHeavy
PL,h0338,0.380104818059327,scr1994,avaStIn,bevFrtRoadHeavy
PL,h0339,0.4194642325578846,scr1994,avaStIn,bevFrtRoadHeavy
PL,h0340,0.46710902255410963,scr1994,avaStIn,bevFrtRoadHeavy
PL,h0341,0.4966725249567239,scr1994,avaStIn,bevFrtRoadHeavy
PL,h0342,0.4917721590281057,scr1994,avaStIn,bevFrtRoadHeavy
PL,h0343,0.46881903384007567,scr1994,avaStIn,bevFrtRoadHeavy
PL,h0344,0.4420970782858393,scr1994,avaStIn,bevFrtRoadHeavy
PL,h0345,0.43234151430002804,scr1994,avaStIn,bevFrtRoadHeavy
PL,h0346,0.4235892817447879,scr1994,avaStIn,bevFrtRoadHeavy
PL,h0347,0.397223194562311,scr1994,avaStIn,bevFrtRoadHeavy
PL,h0348,0.3508957346058093,scr1994,avaStIn,bevFrtRoadHeavy
PL,h0349,0.3030199896710231,scr1994,avaStIn,bevFrtRoadHeavy
PL,h0350,0.27474183334917385,scr1994,avaStIn,bevFrtRoadHeavy
PL,h0351,0.2810042843274933,scr1994,avaStIn,bevFrtRoadHeavy
PL,h0352,0.32648713074071817,scr1994,avaStIn,bevFrtRoadHeavy
PL,h0353,0.3907025979922289,scr1994,avaStIn,bevFrtRoadHeavy
PL,h0354,0.4625928572839217,scr1994,avaStIn,bevFrtRoadHeavy
PL,h0355,0.5273810255260041,scr1994,avaStIn,bevFrtRoadHeavy
PL,h0356,0.575177207510104,scr1994,avaStIn,bevFrtRoadHeavy
PL,h0357,0.5973067629795761,scr1994,avaStIn,bevFrtRoadHeavy
PL,h0358,0.6003940072514531,scr1994,avaStIn,bevFrtRoadHeavy
PL,h0359,0.5908800318598231,scr1994,avaStIn,bevFrtRoadHeavy
PL,h0360,0.5756042397510963,scr1994,avaStIn,bevFrtRoadHeavy
PL,h0361,0.5493333598164403,scr1994,avaStIn,bevFrtRoadHeavy
PL,h0362,0.521868393110775,scr1994,avaStIn,bevFrtRoadHeavy
PL,h0363,0.49687219386419995,scr1994,avaStIn,bevFrtRoadHeavy
PL,h0364,0.47427481614411754,scr1994,avaStIn,bevFrtRoadHeavy
PL,h0365,0.45120010643110803,scr1994,avaStIn,bevFrtRoadHeavy
PL,h0366,0.4317798248276851,scr1994,avaStIn,bevFrtRoadHeavy
PL,h0367,0.4245222382729336,scr1994,avaStIn,bevFrtRoadHeavy
PL,h0368,0.42681901755925805,scr1994,avaStIn,bevFrtRoadHeavy
PL,h0369,0.43234151430002804,scr1994,avaStIn,bevFrtRoadHeavy
PL,h0370,0.4235892817447879,scr1994,avaStIn,bevFrtRoadHeavy
PL,h0371,0.397223194562311,scr1994,avaStIn,bevFrtRoadHeavy
PL,h0372,0.3508957346058093,scr1994,avaStIn,bevFrtRoadHeavy
PL,h0373,0.3030199896710231,scr1994,avaStIn,bevFrtRoadHeavy
PL,h0374,0.27474183334917385,scr1994,avaStIn,bevFrtRoadHeavy
PL,h0375,0.2810042843274933,scr1994,avaStIn,bevFrtRoadHeavy
PL,h0376,0.32648713074071817,scr1994,avaStIn,bevFrtRoadHeavy
PL,h0377,0.3907025979922289,scr1994,avaStIn,bevFrtRoadHeavy
PL,h0378,0.4625928572839217,scr1994,avaStIn,bevFrtRoadHeavy
PL,h0379,0.5258945707660485,scr1994,avaStIn,bevFrtRoadHeavy
PL,h0380,0.5775126532133741,scr1994,avaStIn,bevFrtRoadHeavy
PL,h0381,0.6068226498839904,scr1994,avaStIn,bevFrtRoadHeavy
PL,h0382,0.6077267241442188,scr1994,avaStIn,bevFrtRoadHeavy
PL,h0383,0.5845803785311801,scr1994,avaStIn,bevFrtRoadHeavy
PL,h0384,0.5478532898823398,scr1994,avaStIn,bevFrtRoadHeavy
PL,h0385,0.5248856515458393,scr1994,avaStIn,bevFrtRoadHeavy
PL,h0386,0.5074870468783488,scr1994,avaStIn,bevFrtRoadHeavy
PL,h0387,0.49687219386419995,scr1994,avaStIn,bevFrtRoadHeavy
PL,h0388,0.47427481614411754,scr1994,avaStIn,bevFrtRoadHeavy
PL,h0389,0.45120010643110803,scr1994,avaStIn,bevFrtRoadHeavy
PL,h0390,0.4317798248276851,scr1994,avaStIn,bevFrtRoadHeavy
PL,h0391,0.4070613891581884,scr1994,avaStIn,bevFrtRoadHeavy
PL,h0392,0.39697641675210144,scr1994,avaStIn,bevFrtRoadHeavy
PL,h0393,0.39870421520431126,scr1994,avaStIn,bevFrtRoadHeavy
PL,h0394,0.40926627041819047,scr1994,avaStIn,bevFrtRoadHeavy
PL,h0395,0.39842288468029213,scr1994,avaStIn,bevFrtRoadHeavy
PL,h0396,0.3557916354671122,scr1994,avaStIn,bevFrtRoadHeavy
PL,h0397,0.40327113437985024,scr1994,avaStIn,bevFrtRoadHeavy
PL,h0398,0.4468766289603083,scr1994,avaStIn,bevFrtRoadHeavy
PL,h0399,0.4948527004933538,scr1994,avaStIn,bevFrtRoadHeavy
PL,h0400,0.45345030023340877,scr1994,avaStIn,bevFrtRoadHeavy
PL,h0401,0.42042601932163864,scr1994,avaStIn,bevFrtRoadHeavy
PL,h0402,0.40261095639883443,scr1994,avaStIn,bevFrtRoadHeavy
PL,h0403,0.3871763249572075,scr1994,avaStIn,bevFrtRoadHeavy
PL,h0404,0.3744547271540745,scr1994,avaStIn,bevFrtRoadHeavy
PL,h0405,0.34980970251809557,scr1994,avaStIn,bevFrtRoadHeavy
PL,h0406,0.3110211101507691,scr1994,avaStIn,bevFrtRoadHeavy
PL,h0407,0.2670140244077546,scr1994,avaStIn,bevFrtRoadHeavy
PL,h0408,0.23449723533671957,scr1994,avaStIn,bevFrtRoadHeavy
PL,h0409,0.2796419009980305,scr1994,avaStIn,bevFrtRoadHeavy
PL,h0410,0.34160429932334896,scr1994,avaStIn,bevFrtRoadHeavy
PL,h0411,0.40625179312817933,scr1994,avaStIn,bevFrtRoadHeavy
PL,h0412,0.4260236415512996,scr1994,avaStIn,bevFrtRoadHeavy
PL,h0413,0.4370627609428928,scr1994,avaStIn,bevFrtRoadHeavy
PL,h0414,0.4535485098903607,scr1994,avaStIn,bevFrtRoadHeavy
PL,h0415,0.5170257326829233,scr1994,avaStIn,bevFrtRoadHeavy
PL,h0416,0.5846164078323921,scr1994,avaStIn,bevFrtRoadHeavy
PL,h0417,0.6406822225854623,scr1994,avaStIn,bevFrtRoadHeavy
PL,h0418,0.648916667,scr1994,avaStIn,bevFrtRoadHeavy
PL,h0419,0.6397767272678316,scr1994,avaStIn,bevFrtRoadHeavy
PL,h0420,0.6149581532285466,scr1994,avaStIn,bevFrtRoadHeavy
PL,h0421,0.5787399234599702,scr1994,avaStIn,bevFrtRoadHeavy
PL,h0422,0.5369544837819953,scr1994,avaStIn,bevFrtRoadHeavy
PL,h0423,0.4948527004933538,scr1994,avaStIn,bevFrtRoadHeavy
PL,h0424,0.45345030023340877,scr1994,avaStIn,bevFrtRoadHeavy
PL,h0425,0.42042601932163864,scr1994,avaStIn,bevFrtRoadHeavy
PL,h0426,0.40261095639883443,scr1994,avaStIn,bevFrtRoadHeavy
PL,h0427,0.3949139023723747,scr1994,avaStIn,bevFrtRoadHeavy
PL,h0428,0.3897869437965427,scr1994,avaStIn,bevFrtRoadHeavy
PL,h0429,0.37646876654895217,scr1994,avaStIn,bevFrtRoadHeavy
PL,h0430,0.3452269488651632,scr1994,avaStIn,bevFrtRoadHeavy
PL,h0431,0.3078659473763398,scr1994,avaStIn,bevFrtRoadHeavy
PL,h0432,0.2779545307693782,scr1994,avaStIn,bevFrtRoadHeavy
PL,h0433,0.30625207473084853,scr1994,avaStIn,bevFrtRoadHeavy
PL,h0434,0.35411013106134476,scr1994,avaStIn,bevFrtRoadHeavy
PL,h0435,0.40625179312817933,scr1994,avaStIn,bevFrtRoadHeavy
PL,h0436,0.4260236415512996,scr1994,avaStIn,bevFrtRoadHeavy
PL,h0437,0.4370627609428928,scr1994,avaStIn,bevFrtRoadHeavy
PL,h0438,0.4535485098903607,scr1994,avaStIn,bevFrtRoadHeavy
PL,h0439,0.48515941493213527,scr1994,avaStIn,bevFrtRoadHeavy
PL,h0440,0.528605586824356,scr1994,avaStIn,bevFrtRoadHeavy
PL,h0441,0.569163626072009,scr1994,avaStIn,bevFrtRoadHeavy
PL,h0442,0.5967091713705936,scr1994,avaStIn,bevFrtRoadHeavy
PL,h0443,0.6072714158345789,scr1994,avaStIn,bevFrtRoadHeavy
PL,h0444,0.5997465210395598,scr1994,avaStIn,bevFrtRoadHeavy
PL,h0445,0.5745197239560198,scr1994,avaStIn,bevFrtRoadHeavy
PL,h0446,0.5374673886216577,scr1994,avaStIn,bevFrtRoadHeavy
PL,h0447,0.4948527004933538,scr1994,avaStIn,bevFrtRoadHeavy
PL,h0448,0.45345030023340877,scr1994,avaStIn,bevFrtRoadHeavy
PL,h0449,0.42042601932163864,scr1994,avaStIn,bevFrtRoadHeavy
PL,h0450,0.40261095639883443,scr1994,avaStIn,bevFrtRoadHeavy
PL,h0451,0.3949139023723747,scr1994,avaStIn,bevFrtRoadHeavy
PL,h0452,0.3897869437965427,scr1994,avaStIn,bevFrtRoadHeavy
PL,h0453,0.37646876654895217,scr1994,avaStIn,bevFrtRoadHeavy
PL,h0454,0.3452269488651632,scr1994,avaStIn,bevFrtRoadHeavy
PL,h0455,0.3078659473763398,scr1994,avaStIn,bevFrtRoadHeavy
PL,h0456,0.2779545307693782,scr1994,avaStIn,bevFrtRoadHeavy
PL,h0457,0.3028710829268177,scr1994,avaStIn,bevFrtRoadHeavy
PL,h0458,0.33213669174969157,scr1994,avaStIn,bevFrtRoadHeavy
PL,h0459,0.3620087309567464,scr1994,avaStIn,bevFrtRoadHeavy
PL,h0460,0.37004107340258524,scr1994,avaStIn,bevFrtRoadHeavy
PL,h0461,0.3981843172784512,scr1994,avaStIn,bevFrtRoadHeavy
PL,h0462,0.4423184385324596,scr1994,avaStIn,bevFrtRoadHeavy
PL,h0463,0.4938743123061799,scr1994,avaStIn,bevFrtRoadHeavy
PL,h0464,0.5393801271086389,scr1994,avaStIn,bevFrtRoadHeavy
PL,h0465,0.5717279447574262,scr1994,avaStIn,bevFrtRoadHeavy
PL,h0466,0.5864026834476788,scr1994,avaStIn,bevFrtRoadHeavy
PL,h0467,0.5903568012897213,scr1994,avaStIn,bevFrtRoadHeavy
PL,h0468,0.5820184110412341,scr1994,avaStIn,bevFrtRoadHeavy
PL,h0469,0.5522541766639684,scr1994,avaStIn,bevFrtRoadHeavy
PL,h0470,0.5025985097221295,scr1994,avaStIn,bevFrtRoadHeavy
PL,h0471,0.4360063902136216,scr1994,avaStIn,bevFrtRoadHeavy
PL,h0472,0.3706503344395034,scr1994,avaStIn,bevFrtRoadHeavy
PL,h0473,0.31400278945685395,scr1994,avaStIn,bevFrtRoadHeavy
PL,h0474,0.28426941117423804,scr1994,avaStIn,bevFrtRoadHeavy
PL,h0475,0.3038053855518607,scr1994,avaStIn,bevFrtRoadHeavy
PL,h0476,0.3429092096212539,scr1994,avaStIn,bevFrtRoadHeavy
PL,h0477,0.3896033187938302,scr1994,avaStIn,bevFrtRoadHeavy
PL,h0478,0.4056630174549854,scr1994,avaStIn,bevFrtRoadHeavy
PL,h0479,0.40808166599342427,scr1994,avaStIn,bevFrtRoadHeavy
PL,h0480,0.3933177281335835,scr1994,avaStIn,bevFrtRoadHeavy
PL,h0481,0.41724016230702593,scr1994,avaStIn,bevFrtRoadHeavy
PL,h0482,0.44152509618683106,scr1994,avaStIn,bevFrtRoadHeavy
PL,h0483,0.4650823537739785,scr1994,avaStIn,bevFrtRoadHeavy
PL,h0484,0.45675407757813863,scr1994,avaStIn,bevFrtRoadHeavy
PL,h0485,0.45594549501808196,scr1994,avaStIn,bevFrtRoadHeavy
PL,h0486,0.4699720265411949,scr1994,avaStIn,bevFrtRoadHeavy
PL,h0487,0.5010898808643895,scr1994,avaStIn,bevFrtRoadHeavy
PL,h0488,0.5385315909083035,scr1994,avaStIn,bevFrtRoadHeavy
PL,h0489,0.5717279447574262,scr1994,avaStIn,bevFrtRoadHeavy
PL,h0490,0.5864026834476788,scr1994,avaStIn,bevFrtRoadHeavy
PL,h0491,0.5903568012897213,scr1994,avaStIn,bevFrtRoadHeavy
PL,h0492,0.5820184110412341,scr1994,avaStIn,bevFrtRoadHeavy
PL,h0493,0.5522541766639684,scr1994,avaStIn,bevFrtRoadHeavy
PL,h0494,0.5025985097221295,scr1994,avaStIn,bevFrtRoadHeavy
PL,h0495,0.4360063902136216,scr1994,avaStIn,bevFrtRoadHeavy
PL,h0496,0.3706503344395034,scr1994,avaStIn,bevFrtRoadHeavy
PL,h0497,0.31400278945685395,scr1994,avaStIn,bevFrtRoadHeavy
PL,h0498,0.28426941117423804,scr1994,avaStIn,bevFrtRoadHeavy
PL,h0499,0.3038053855518607,scr1994,avaStIn,bevFrtRoadHeavy
PL,h0500,0.3429092096212539,scr1994,avaStIn,bevFrtRoadHeavy
PL,h0501,0.3896033187938302,scr1994,avaStIn,bevFrtRoadHeavy
PL,h0502,0.4056630174549854,scr1994,avaStIn,bevFrtRoadHeavy
PL,h0503,0.40808166599342427,scr1994,avaStIn,bevFrtRoadHeavy
PL,h0504,0.3933177281335835,scr1994,avaStIn,bevFrtRoadHeavy
RO,h0337,0.36689691148585085,scr1994,avaStIn,bevFrtRoadHeavy
RO,h0338,0.380104818059327,scr1994,avaStIn,bevFrtRoadHeavy
RO,h0339,0.4194642325578846,scr1994,avaStIn,bevFrtRoadHeavy
RO,h0340,0.46710902255410963,scr1994,avaStIn,bevFrtRoadHeavy
RO,h0341,0.4966725249567237,scr1994,avaStIn,bevFrtRoadHeavy
RO,h0342,0.4917721590281056,scr1994,avaStIn,bevFrtRoadHeavy
RO,h0343,0.46881903384007567,scr1994,avaStIn,bevFrtRoadHeavy
RO,h0344,0.4420970782858393,scr1994,avaStIn,bevFrtRoadHeavy
RO,h0345,0.43234151430002793,scr1994,avaStIn,bevFrtRoadHeavy
RO,h0346,0.4235892817447879,scr1994,avaStIn,bevFrtRoadHeavy
RO,h0347,0.397223194562311,scr1994,avaStIn,bevFrtRoadHeavy
RO,h0348,0.3508957346058094,scr1994,avaStIn,bevFrtRoadHeavy
RO,h0349,0.3030199896710231,scr1994,avaStIn,bevFrtRoadHeavy
RO,h0350,0.27474183334917385,scr1994,avaStIn,bevFrtRoadHeavy
RO,h0351,0.2810042843274933,scr1994,avaStIn,bevFrtRoadHeavy
RO,h0352,0.32648713074071817,scr1994,avaStIn,bevFrtRoadHeavy
RO,h0353,0.3907025979922289,scr1994,avaStIn,bevFrtRoadHeavy
RO,h0354,0.4625928572839217,scr1994,avaStIn,bevFrtRoadHeavy
RO,h0355,0.5273810255260041,scr1994,avaStIn,bevFrtRoadHeavy
RO,h0356,0.575177207510104,scr1994,avaStIn,bevFrtRoadHeavy
RO,h0357,0.5973067629795761,scr1994,avaStIn,bevFrtRoadHeavy
RO,h0358,0.6003940072514531,scr1994,avaStIn,bevFrtRoadHeavy
RO,h0359,0.5908800318598231,scr1994,avaStIn,bevFrtRoadHeavy
RO,h0360,0.5756042397510963,scr1994,avaStIn,bevFrtRoadHeavy
RO,h0361,0.54933335981644,scr1994,avaStIn,bevFrtRoadHeavy
RO,h0362,0.5218683931107748,scr1994,avaStIn,bevFrtRoadHeavy
RO,h0363,0.49687219386419995,scr1994,avaStIn,bevFrtRoadHeavy
RO,h0364,0.47427481614411754,scr1994,avaStIn,bevFrtRoadHeavy
RO,h0365,0.4512001064311079,scr1994,avaStIn,bevFrtRoadHeavy
RO,h0366,0.4317798248276851,scr1994,avaStIn,bevFrtRoadHeavy
RO,h0367,0.4245222382729337,scr1994,avaStIn,bevFrtRoadHeavy
RO,h0368,0.42681901755925794,scr1994,avaStIn,bevFrtRoadHeavy
RO,h0369,0.43234151430002793,scr1994,avaStIn,bevFrtRoadHeavy
RO,h0370,0.4235892817447879,scr1994,avaStIn,bevFrtRoadHeavy
RO,h0371,0.397223194562311,scr1994,avaStIn,bevFrtRoadHeavy
RO,h0372,0.3508957346058094,scr1994,avaStIn,bevFrtRoadHeavy
RO,h0373,0.3030199896710231,scr1994,avaStIn,bevFrtRoadHeavy
RO,h0374,0.27474183334917385,scr1994,avaStIn,bevFrtRoadHeavy
RO,h0375,0.2810042843274933,scr1994,avaStIn,bevFrtRoadHeavy
RO,h0376,0.32648713074071817,scr1994,avaStIn,bevFrtRoadHeavy
RO,h0377,0.3907025979922289,scr1994,avaStIn,bevFrtRoadHeavy
RO,h0378,0.4625928572839217,scr1994,avaStIn,bevFrtRoadHeavy
RO,h0379,0.5258945707660485,scr1994,avaStIn,bevFrtRoadHeavy
RO,h0380,0.5775126532133741,scr1994,avaStIn,bevFrtRoadHeavy
RO,h0381,0.6068226498839902,scr1994,avaStIn,bevFrtRoadHeavy
RO,h0382,0.6077267241442188,scr1994,avaStIn,bevFrtRoadHeavy
RO,h0383,0.5845803785311798,scr1994,avaStIn,bevFrtRoadHeavy
RO,h0384,0.5478532898823398,scr1994,avaStIn,bevFrtRoadHeavy
RO,h0385,0.5248856515458393,scr1994,avaStIn,bevFrtRoadHeavy
RO,h0386,0.5074870468783488,scr1994,avaStIn,bevFrtRoadHeavy
RO,h0387,0.49687219386419995,scr1994,avaStIn,bevFrtRoadHeavy
RO,h0388,0.47427481614411754,scr1994,avaStIn,bevFrtRoadHeavy
RO,h0389,0.4512001064311079,scr1994,avaStIn,bevFrtRoadHeavy
RO,h0390,0.4317798248276851,scr1994,avaStIn,bevFrtRoadHeavy
RO,h0391,0.4070613891581884,scr1994,avaStIn,bevFrtRoadHeavy
RO,h0392,0.39697641675210144,scr1994,avaStIn,bevFrtRoadHeavy
RO,h0393,0.39870421520431126,scr1994,avaStIn,bevFrtRoadHeavy
RO,h0394,0.4092662704181906,scr1994,avaStIn,bevFrtRoadHeavy
RO,h0395,0.39842288468029224,scr1994,avaStIn,bevFrtRoadHeavy
RO,h0396,0.3557916354671122,scr1994,avaStIn,bevFrtRoadHeavy
RO,h0397,0.40327113437985024,scr1994,avaStIn,bevFrtRoadHeavy
RO,h0398,0.4468766289603083,scr1994,avaStIn,bevFrtRoadHeavy
RO,h0399,0.49485270049335356,scr1994,avaStIn,bevFrtRoadHeavy
RO,h0400,0.45345030023340877,scr1994,avaStIn,bevFrtRoadHeavy
RO,h0401,0.42042601932163864,scr1994,avaStIn,bevFrtRoadHeavy
RO,h0402,0.40261095639883443,scr1994,avaStIn,bevFrtRoadHeavy
RO,h0403,0.3871763249572075,scr1994,avaStIn,bevFrtRoadHeavy
RO,h0404,0.3744547271540743,scr1994,avaStIn,bevFrtRoadHeavy
RO,h0405,0.34980970251809546,scr1994,avaStIn,bevFrtRoadHeavy
RO,h0406,0.3110211101507691,scr1994,avaStIn,bevFrtRoadHeavy
RO,h0407,0.2670140244077546,scr1994,avaStIn,bevFrtRoadHeavy
RO,h0408,0.23449723533671968,scr1994,avaStIn,bevFrtRoadHeavy
RO,h0409,0.2796419009980305,scr1994,avaStIn,bevFrtRoadHeavy
RO,h0410,0.34160429932334896,scr1994,avaStIn,bevFrtRoadHeavy
RO,h0411,0.40625179312817933,scr1994,avaStIn,bevFrtRoadHeavy
RO,h0412,0.4260236415512996,scr1994,avaStIn,bevFrtRoadHeavy
RO,h0413,0.4370627609428927,scr1994,avaStIn,bevFrtRoadHeavy
RO,h0414,0.45354850989036083,scr1994,avaStIn,bevFrtRoadHeavy
RO,h0415,0.5170257326829233,scr1994,avaStIn,bevFrtRoadHeavy
RO,h0416,0.5846164078323919,scr1994,avaStIn,bevFrtRoadHeavy
RO,h0417,0.6406822225854623,scr1994,avaStIn,bevFrtRoadHeavy
RO,h0418,0.648916667,scr1994,avaStIn,bevFrtRoadHeavy
RO,h0419,0.6397767272678316,scr1994,avaStIn,bevFrtRoadHeavy
RO,h0420,0.6149581532285464,scr1994,avaStIn,bevFrtRoadHeavy
RO,h0421,0.5787399234599702,scr1994,avaStIn,bevFrtRoadHeavy
RO,h0422,0.5369544837819953,scr1994,avaStIn,bevFrtRoadHeavy
RO,h0423,0.49485270049335356,scr1994,avaStIn,bevFrtRoadHeavy
RO,h0424,0.45345030023340877,scr1994,avaStIn,bevFrtRoadHeavy
RO,h0425,0.42042601932163864,scr1994,avaStIn,bevFrtRoadHeavy
RO,h0426,0.40261095639883443,scr1994,avaStIn,bevFrtRoadHeavy
RO,h0427,0.3949139023723746,scr1994,avaStIn,bevFrtRoadHeavy
RO,h0428,0.3897869437965427,scr1994,avaStIn,bevFrtRoadHeavy
RO,h0429,0.37646876654895217,scr1994,avaStIn,bevFrtRoadHeavy
RO,h0430,0.3452269488651632,scr1994,avaStIn,bevFrtRoadHeavy
RO,h0431,0.3078659473763397,scr1994,avaStIn,bevFrtRoadHeavy
RO,h0432,0.2779545307693782,scr1994,avaStIn,bevFrtRoadHeavy
RO,h0433,0.30625207473084864,scr1994,avaStIn,bevFrtRoadHeavy
RO,h0434,0.35411013106134476,scr1994,avaStIn,bevFrtRoadHeavy
RO,h0435,0.40625179312817933,scr1994,avaStIn,bevFrtRoadHeavy
RO,h0436,0.4260236415512996,scr1994,avaStIn,bevFrtRoadHeavy
RO,h0437,0.4370627609428927,scr1994,avaStIn,bevFrtRoadHeavy
RO,h0438,0.45354850989036083,scr1994,avaStIn,bevFrtRoadHeavy
RO,h0439,0.48515941493213527,scr1994,avaStIn,bevFrtRoadHeavy
RO,h0440,0.528605586824356,scr1994,avaStIn,bevFrtRoadHeavy
RO,h0441,0.569163626072009,scr1994,avaStIn,bevFrtRoadHeavy
RO,h0442,0.5967091713705934,scr1994,avaStIn,bevFrtRoadHeavy
RO,h0443,0.6072714158345789,scr1994,avaStIn,bevFrtRoadHeavy
RO,h0444,0.5997465210395598,scr1994,avaStIn,bevFrtRoadHeavy
RO,h0445,0.5745197239560198,scr1994,avaStIn,bevFrtRoadHeavy
RO,h0446,0.5374673886216577,scr1994,avaStIn,bevFrtRoadHeavy
RO,h0447,0.49485270049335356,scr1994,avaStIn,bevFrtRoadHeavy
RO,h0448,0.45345030023340877,scr1994,avaStIn,bevFrtRoadHeavy
RO,h0449,0.42042601932163864,scr1994,avaStIn,bevFrtRoadHeavy
RO,h0450,0.40261095639883443,scr1994,avaStIn,bevFrtRoadHeavy
RO,h0451,0.3949139023723746,scr1994,avaStIn,bevFrtRoadHeavy
RO,h0452,0.3897869437965427,scr1994,avaStIn,bevFrtRoadHeavy
RO,h0453,0.37646876654895217,scr1994,avaStIn,bevFrtRoadHeavy
RO,h0454,0.3452269488651632,scr1994,avaStIn,bevFrtRoadHeavy
RO,h0455,0.3078659473763397,scr1994,avaStIn,bevFrtRoadHeavy
RO,h0456,0.2779545307693782,scr1994,avaStIn,bevFrtRoadHeavy
RO,h0457,0.3028710829268176,scr1994,avaStIn,bevFrtRoadHeavy
RO,h0458,0.33213669174969157,scr1994,avaStIn,bevFrtRoadHeavy
RO,h0459,0.3620087309567464,scr1994,avaStIn,bevFrtRoadHeavy
RO,h0460,0.37004107340258524,scr1994,avaStIn,bevFrtRoadHeavy
RO,h0461,0.3981843172784512,scr1994,avaStIn,bevFrtRoadHeavy
RO,h0462,0.4423184385324596,scr1994,avaStIn,bevFrtRoadHeavy
RO,h0463,0.4938743123061798,scr1994,avaStIn,bevFrtRoadHeavy
RO,h0464,0.5393801271086389,scr1994,avaStIn,bevFrtRoadHeavy
RO,h0465,0.5717279447574262,scr1994,avaStIn,bevFrtRoadHeavy
RO,h0466,0.5864026834476788,scr1994,avaStIn,bevFrtRoadHeavy
RO,h0467,0.5903568012897213,scr1994,avaStIn,bevFrtRoadHeavy
RO,h0468,0.5820184110412341,scr1994,avaStIn,bevFrtRoadHeavy
RO,h0469,0.5522541766639684,scr1994,avaStIn,bevFrtRoadHeavy
RO,h0470,0.5025985097221295,scr1994,avaStIn,bevFrtRoadHeavy
RO,h0471,0.4360063902136216,scr1994,avaStIn,bevFrtRoadHeavy
RO,h0472,0.3706503344395034,scr1994,avaStIn,bevFrtRoadHeavy
RO,h0473,0.31400278945685395,scr1994,avaStIn,bevFrtRoadHeavy
RO,h0474,0.28426941117423804,scr1994,avaStIn,bevFrtRoadHeavy
RO,h0475,0.3038053855518607,scr1994,avaStIn,bevFrtRoadHeavy
RO,h0476,0.3429092096212539,scr1994,avaStIn,bevFrtRoadHeavy
RO,h0477,0.3896033187938301,scr1994,avaStIn,bevFrtRoadHeavy
RO,h0478,0.4056630174549854,scr1994,avaStIn,bevFrtRoadHeavy
RO,h0479,0.4080816659934244,scr1994,avaStIn,bevFrtRoadHeavy
RO,h0480,0.3933177281335835,scr1994,avaStIn,bevFrtRoadHeavy
RO,h0481,0.41724016230702593,scr1994,avaStIn,bevFrtRoadHeavy
RO,h0482,0.44152509618683106,scr1994,avaStIn,bevFrtRoadHeavy
RO,h0483,0.4650823537739786,scr1994,avaStIn,bevFrtRoadHeavy
RO,h0484,0.45675407757813863,scr1994,avaStIn,bevFrtRoadHeavy
RO,h0485,0.45594549501808196,scr1994,avaStIn,bevFrtRoadHeavy
RO,h0486,0.4699720265411949,scr1994,avaStIn,bevFrtRoadHeavy
RO,h0487,0.5010898808643895,scr1994,avaStIn,bevFrtRoadHeavy
RO,h0488,0.5385315909083035,scr1994,avaStIn,bevFrtRoadHeavy
RO,h0489,0.5717279447574262,scr1994,avaStIn,bevFrtRoadHeavy
RO,h0490,0.5864026834476788,scr1994,avaStIn,bevFrtRoadHeavy
RO,h0491,0.5903568012897213,scr1994,avaStIn,bevFrtRoadHeavy
RO,h0492,0.5820184110412341,scr1994,avaStIn,bevFrtRoadHeavy
RO,h0493,0.5522541766639684,scr1994,avaStIn,bevFrtRoadHeavy
RO,h0494,0.5025985097221295,scr1994,avaStIn,bevFrtRoadHeavy
RO,h0495,0.4360063902136216,scr1994,avaStIn,bevFrtRoadHeavy
RO,h0496,0.3706503344395034,scr1994,avaStIn,bevFrtRoadHeavy
RO,h0497,0.31400278945685395,scr1994,avaStIn,bevFrtRoadHeavy
RO,h0498,0.28426941117423804,scr1994,avaStIn,bevFrtRoadHeavy
RO,h0499,0.3038053855518607,scr1994,avaStIn,bevFrtRoadHeavy
RO,h0500,0.3429092096212539,scr1994,avaStIn,bevFrtRoadHeavy
RO,h0501,0.3896033187938301,scr1994,avaStIn,bevFrtRoadHeavy
RO,h0502,0.4056630174549854,scr1994,avaStIn,bevFrtRoadHeavy
RO,h0503,0.4080816659934244,scr1994,avaStIn,bevFrtRoadHeavy
RO,h0504,0.3933177281335835,scr1994,avaStIn,bevFrtRoadHeavy
PT,h0337,0.36689691148585085,scr1994,avaStIn,bevFrtRoadHeavy
PT,h0338,0.380104818059327,scr1994,avaStIn,bevFrtRoadHeavy
PT,h0339,0.4194642325578846,scr1994,avaStIn,bevFrtRoadHeavy
PT,h0340,0.46710902255410963,scr1994,avaStIn,bevFrtRoadHeavy
PT,h0341,0.4966725249567239,scr1994,avaStIn,bevFrtRoadHeavy
PT,h0342,0.4917721590281056,scr1994,avaStIn,bevFrtRoadHeavy
PT,h0343,0.46881903384007567,scr1994,avaStIn,bevFrtRoadHeavy
PT,h0344,0.4420970782858393,scr1994,avaStIn,bevFrtRoadHeavy
PT,h0345,0.43234151430002793,scr1994,avaStIn,bevFrtRoadHeavy
PT,h0346,0.4235892817447879,scr1994,avaStIn,bevFrtRoadHeavy
PT,h0347,0.397223194562311,scr1994,avaStIn,bevFrtRoadHeavy
PT,h0348,0.3508957346058093,scr1994,avaStIn,bevFrtRoadHeavy
PT,h0349,0.3030199896710231,scr1994,avaStIn,bevFrtRoadHeavy
PT,h0350,0.27474183334917385,scr1994,avaStIn,bevFrtRoadHeavy
PT,h0351,0.2810042843274933,scr1994,avaStIn,bevFrtRoadHeavy
PT,h0352,0.32648713074071817,scr1994,avaStIn,bevFrtRoadHeavy
PT,h0353,0.3907025979922289,scr1994,avaStIn,bevFrtRoadHeavy
PT,h0354,0.4625928572839217,scr1994,avaStIn,bevFrtRoadHeavy
PT,h0355,0.5273810255260041,scr1994,avaStIn,bevFrtRoadHeavy
PT,h0356,0.575177207510104,scr1994,avaStIn,bevFrtRoadHeavy
PT,h0357,0.5973067629795761,scr1994,avaStIn,bevFrtRoadHeavy
PT,h0358,0.6003940072514531,scr1994,avaStIn,bevFrtRoadHeavy
PT,h0359,0.5908800318598231,scr1994,avaStIn,bevFrtRoadHeavy
PT,h0360,0.5756042397510963,scr1994,avaStIn,bevFrtRoadHeavy
PT,h0361,0.54933335981644,scr1994,avaStIn,bevFrtRoadHeavy
PT,h0362,0.5218683931107748,scr1994,avaStIn,bevFrtRoadHeavy
PT,h0363,0.49687219386419995,scr1994,avaStIn,bevFrtRoadHeavy
PT,h0364,0.47427481614411754,scr1994,avaStIn,bevFrtRoadHeavy
PT,h0365,0.4512001064311079,scr1994,avaStIn,bevFrtRoadHeavy
PT,h0366,0.4317798248276851,scr1994,avaStIn,bevFrtRoadHeavy
PT,h0367,0.4245222382729337,scr1994,avaStIn,bevFrtRoadHeavy
PT,h0368,0.42681901755925794,scr1994,avaStIn,bevFrtRoadHeavy
PT,h0369,0.43234151430002793,scr1994,avaStIn,bevFrtRoadHeavy
PT,h0370,0.4235892817447879,scr1994,avaStIn,bevFrtRoadHeavy
PT,h0371,0.397223194562311,scr1994,avaStIn,bevFrtRoadHeavy
PT,h0372,0.3508957346058093,scr1994,avaStIn,bevFrtRoadHeavy
PT,h0373,0.3030199896710231,scr1994,avaStIn,bevFrtRoadHeavy
PT,h0374,0.27474183334917385,scr1994,avaStIn,bevFrtRoadHeavy
PT,h0375,0.2810042843274933,scr1994,avaStIn,bevFrtRoadHeavy
PT,h0376,0.32648713074071817,scr1994,avaStIn,bevFrtRoadHeavy
PT,h0377,0.3907025979922289,scr1994,avaStIn,bevFrtRoadHeavy
PT,h0378,0.4625928572839217,scr1994,avaStIn,bevFrtRoadHeavy
PT,h0379,0.5258945707660485,scr1994,avaStIn,bevFrtRoadHeavy
PT,h0380,0.5775126532133741,scr1994,avaStIn,bevFrtRoadHeavy
PT,h0381,0.6068226498839902,scr1994,avaStIn,bevFrtRoadHeavy
PT,h0382,0.6077267241442188,scr1994,avaStIn,bevFrtRoadHeavy
PT,h0383,0.5845803785311798,scr1994,avaStIn,bevFrtRoadHeavy
PT,h0384,0.5478532898823398,scr1994,avaStIn,bevFrtRoadHeavy
PT,h0385,0.5248856515458393,scr1994,avaStIn,bevFrtRoadHeavy
PT,h0386,0.5074870468783488,scr1994,avaStIn,bevFrtRoadHeavy
PT,h0387,0.49687219386419995,scr1994,avaStIn,bevFrtRoadHeavy
PT,h0388,0.47427481614411754,scr1994,avaStIn,bevFrtRoadHeavy
PT,h0389,0.4512001064311079,scr1994,avaStIn,bevFrtRoadHeavy
PT,h0390,0.4317798248276851,scr1994,avaStIn,bevFrtRoadHeavy
PT,h0391,0.4070613891581884,scr1994,avaStIn,bevFrtRoadHeavy
PT,h0392,0.39697641675210144,scr1994,avaStIn,bevFrtRoadHeavy
PT,h0393,0.39870421520431126,scr1994,avaStIn,bevFrtRoadHeavy
PT,h0394,0.40926627041819047,scr1994,avaStIn,bevFrtRoadHeavy
PT,h0395,0.39842288468029213,scr1994,avaStIn,bevFrtRoadHeavy
PT,h0396,0.3557916354671122,scr1994,avaStIn,bevFrtRoadHeavy
PT,h0397,0.40327113437985024,scr1994,avaStIn,bevFrtRoadHeavy
PT,h0398,0.4468766289603083,scr1994,avaStIn,bevFrtRoadHeavy
PT,h0399,0.49485270049335356,scr1994,avaStIn,bevFrtRoadHeavy
PT,h0400,0.45345030023340877,scr1994,avaStIn,bevFrtRoadHeavy
PT,h0401,0.42042601932163864,scr1994,avaStIn,bevFrtRoadHeavy
PT,h0402,0.40261095639883443,scr1994,avaStIn,bevFrtRoadHeavy
PT,h0403,0.3871763249572075,scr1994,avaStIn,bevFrtRoadHeavy
PT,h0404,0.3744547271540745,scr1994,avaStIn,bevFrtRoadHeavy
PT,h0405,0.34980970251809557,scr1994,avaStIn,bevFrtRoadHeavy
PT,h0406,0.3110211101507691,scr1994,avaStIn,bevFrtRoadHeavy
PT,h0407,0.2670140244077546,scr1994,avaStIn,bevFrtRoadHeavy
PT,h0408,0.23449723533671968,scr1994,avaStIn,bevFrtRoadHeavy
PT,h0409,0.2796419009980305,scr1994,avaStIn,bevFrtRoadHeavy
PT,h0410,0.34160429932334896,scr1994,avaStIn,bevFrtRoadHeavy
PT,h0411,0.40625179312817933,scr1994,avaStIn,bevFrtRoadHeavy
PT,h0412,0.4260236415512996,scr1994,avaStIn,bevFrtRoadHeavy
PT,h0413,0.4370627609428927,scr1994,avaStIn,bevFrtRoadHeavy
PT,h0414,0.45354850989036083,scr1994,avaStIn,bevFrtRoadHeavy
PT,h0415,0.5170257326829233,scr1994,avaStIn,bevFrtRoadHeavy
PT,h0416,0.5846164078323919,scr1994,avaStIn,bevFrtRoadHeavy
PT,h0417,0.6406822225854623,scr1994,avaStIn,bevFrtRoadHeavy
PT,h0418,0.648916667,scr1994,avaStIn,bevFrtRoadHeavy
PT,h0419,0.6397767272678316,scr1994,avaStIn,bevFrtRoadHeavy
PT,h0420,0.6149581532285464,scr1994,avaStIn,bevFrtRoadHeavy
PT,h0421,0.5787399234599702,scr1994,avaStIn,bevFrtRoadHeavy
PT,h0422,0.5369544837819953,scr1994,avaStIn,bevFrtRoadHeavy
PT,h0423,0.49485270049335356,scr1994,avaStIn,bevFrtRoadHeavy
PT,h0424,0.45345030023340877,scr1994,avaStIn,bevFrtRoadHeavy
PT,h0425,0.42042601932163864,scr1994,avaStIn,bevFrtRoadHeavy
PT,h0426,0.40261095639883443,scr1994,avaStIn,bevFrtRoadHeavy
PT,h0427,0.3949139023723746,scr1994,avaStIn,bevFrtRoadHeavy
PT,h0428,0.3897869437965427,scr1994,avaStIn,bevFrtRoadHeavy
PT,h0429,0.37646876654895217,scr1994,avaStIn,bevFrtRoadHeavy
PT,h0430,0.3452269488651632,scr1994,avaStIn,bevFrtRoadHeavy
PT,h0431,0.3078659473763398,scr1994,avaStIn,bevFrtRoadHeavy
PT,h0432,0.2779545307693782,scr1994,avaStIn,bevFrtRoadHeavy
PT,h0433,0.30625207473084864,scr1994,avaStIn,bevFrtRoadHeavy
PT,h0434,0.35411013106134476,scr1994,avaStIn,bevFrtRoadHeavy
PT,h0435,0.40625179312817933,scr1994,avaStIn,bevFrtRoadHeavy
PT,h0436,0.4260236415512996,scr1994,avaStIn,bevFrtRoadHeavy
PT,h0437,0.4370627609428927,scr1994,avaStIn,bevFrtRoadHeavy
PT,h0438,0.45354850989036083,scr1994,avaStIn,bevFrtRoadHeavy
PT,h0439,0.48515941493213527,scr1994,avaStIn,bevFrtRoadHeavy
PT,h0440,0.528605586824356,scr1994,avaStIn,bevFrtRoadHeavy
PT,h0441,0.569163626072009,scr1994,avaStIn,bevFrtRoadHeavy
PT,h0442,0.5967091713705934,scr1994,avaStIn,bevFrtRoadHeavy
PT,h0443,0.6072714158345789,scr1994,avaStIn,bevFrtRoadHeavy
PT,h0444,0.5997465210395598,scr1994,avaStIn,bevFrtRoadHeavy
PT,h0445,0.5745197239560198,scr1994,avaStIn,bevFrtRoadHeavy
PT,h0446,0.5374673886216577,scr1994,avaStIn,bevFrtRoadHeavy
PT,h0447,0.49485270049335356,scr1994,avaStIn,bevFrtRoadHeavy
PT,h0448,0.45345030023340877,scr1994,avaStIn,bevFrtRoadHeavy
PT,h0449,0.42042601932163864,scr1994,avaStIn,bevFrtRoadHeavy
PT,h0450,0.40261095639883443,scr1994,avaStIn,bevFrtRoadHeavy
PT,h0451,0.3949139023723746,scr1994,avaStIn,bevFrtRoadHeavy
PT,h0452,0.3897869437965427,scr1994,avaStIn,bevFrtRoadHeavy
PT,h0453,0.37646876654895217,scr1994,avaStIn,bevFrtRoadHeavy
PT,h0454,0.3452269488651632,scr1994,avaStIn,bevFrtRoadHeavy
PT,h0455,0.3078659473763398,scr1994,avaStIn,bevFrtRoadHeavy
PT,h0456,0.2779545307693782,scr1994,avaStIn,bevFrtRoadHeavy
PT,h0457,0.3028710829268177,scr1994,avaStIn,bevFrtRoadHeavy
PT,h0458,0.33213669174969157,scr1994,avaStIn,bevFrtRoadHeavy
PT,h0459,0.3620087309567464,scr1994,avaStIn,bevFrtRoadHeavy
PT,h0460,0.37004107340258524,scr1994,avaStIn,bevFrtRoadHeavy
PT,h0461,0.3981843172784512,scr1994,avaStIn,bevFrtRoadHeavy
PT,h0462,0.4423184385324596,scr1994,avaStIn,bevFrtRoadHeavy
PT,h0463,0.4938743123061798,scr1994,avaStIn,bevFrtRoadHeavy
PT,h0464,0.5393801271086389,scr1994,avaStIn,bevFrtRoadHeavy
PT,h0465,0.5717279447574262,scr1994,avaStIn,bevFrtRoadHeavy
PT,h0466,0.5864026834476788,scr1994,avaStIn,bevFrtRoadHeavy
PT,h0467,0.5903568012897213,scr1994,avaStIn,bevFrtRoadHeavy
PT,h0468,0.5820184110412341,scr1994,avaStIn,bevFrtRoadHeavy
PT,h0469,0.5522541766639684,scr1994,avaStIn,bevFrtRoadHeavy
PT,h0470,0.5025985097221295,scr1994,avaStIn,bevFrtRoadHeavy
PT,h0471,0.4360063902136216,scr1994,avaStIn,bevFrtRoadHeavy
PT,h0472,0.3706503344395034,scr1994,avaStIn,bevFrtRoadHeavy
PT,h0473,0.31400278945685395,scr1994,avaStIn,bevFrtRoadHeavy
PT,h0474,0.28426941117423804,scr1994,avaStIn,bevFrtRoadHeavy
PT,h0475,0.3038053855518607,scr1994,avaStIn,bevFrtRoadHeavy
PT,h0476,0.3429092096212539,scr1994,avaStIn,bevFrtRoadHeavy
PT,h0477,0.3896033187938301,scr1994,avaStIn,bevFrtRoadHeavy
PT,h0478,0.4056630174549854,scr1994,avaStIn,bevFrtRoadHeavy
PT,h0479,0.40808166599342416,scr1994,avaStIn,bevFrtRoadHeavy
PT,h0480,0.3933177281335835,scr1994,avaStIn,bevFrtRoadHeavy
PT,h0481,0.41724016230702593,scr1994,avaStIn,bevFrtRoadHeavy
PT,h0482,0.44152509618683106,scr1994,avaStIn,bevFrtRoadHeavy
PT,h0483,0.4650823537739786,scr1994,avaStIn,bevFrtRoadHeavy
PT,h0484,0.45675407757813863,scr1994,avaStIn,bevFrtRoadHeavy
PT,h0485,0.45594549501808196,scr1994,avaStIn,bevFrtRoadHeavy
PT,h0486,0.4699720265411949,scr1994,avaStIn,bevFrtRoadHeavy
PT,h0487,0.5010898808643895,scr1994,avaStIn,bevFrtRoadHeavy
PT,h0488,0.5385315909083035,scr1994,avaStIn,bevFrtRoadHeavy
PT,h0489,0.5717279447574262,scr1994,avaStIn,bevFrtRoadHeavy
PT,h0490,0.5864026834476788,scr1994,avaStIn,bevFrtRoadHeavy
PT,h0491,0.5903568012897213,scr1994,avaStIn,bevFrtRoadHeavy
PT,h0492,0.5820184110412341,scr1994,avaStIn,bevFrtRoadHeavy
PT,h0493,0.5522541766639684,scr1994,avaStIn,bevFrtRoadHeavy
PT,h0494,0.5025985097221295,scr1994,avaStIn,bevFrtRoadHeavy
PT,h0495,0.4360063902136216,scr1994,avaStIn,bevFrtRoadHeavy
PT,h0496,0.3706503344395034,scr1994,avaStIn,bevFrtRoadHeavy
PT,h0497,0.31400278945685395,scr1994,avaStIn,bevFrtRoadHeavy
PT,h0498,0.28426941117423804,scr1994,avaStIn,bevFrtRoadHeavy
PT,h0499,0.3038053855518607,scr1994,avaStIn,bevFrtRoadHeavy
PT,h0500,0.3429092096212539,scr1994,avaStIn,bevFrtRoadHeavy
PT,h0501,0.3896033187938301,scr1994,avaStIn,bevFrtRoadHeavy
PT,h0502,0.4056630174549854,scr1994,avaStIn,bevFrtRoadHeavy
PT,h0503,0.40808166599342416,scr1994,avaStIn,bevFrtRoadHeavy
PT,h0504,0.3933177281335835,scr1994,avaStIn,bevFrtRoadHeavy
SK,h0337,0.36689691148585085,scr1994,avaStIn,bevFrtRoadHeavy
SK,h0338,0.380104818059327,scr1994,avaStIn,bevFrtRoadHeavy
SK,h0339,0.4194642325578846,scr1994,avaStIn,bevFrtRoadHeavy
SK,h0340,0.46710902255410963,scr1994,avaStIn,bevFrtRoadHeavy
SK,h0341,0.4966725249567239,scr1994,avaStIn,bevFrtRoadHeavy
SK,h0342,0.4917721590281056,scr1994,avaStIn,bevFrtRoadHeavy
SK,h0343,0.46881903384007567,scr1994,avaStIn,bevFrtRoadHeavy
SK,h0344,0.4420970782858393,scr1994,avaStIn,bevFrtRoadHeavy
SK,h0345,0.43234151430002793,scr1994,avaStIn,bevFrtRoadHeavy
SK,h0346,0.4235892817447879,scr1994,avaStIn,bevFrtRoadHeavy
SK,h0347,0.397223194562311,scr1994,avaStIn,bevFrtRoadHeavy
SK,h0348,0.3508957346058093,scr1994,avaStIn,bevFrtRoadHeavy
SK,h0349,0.3030199896710231,scr1994,avaStIn,bevFrtRoadHeavy
SK,h0350,0.27474183334917385,scr1994,avaStIn,bevFrtRoadHeavy
SK,h0351,0.2810042843274933,scr1994,avaStIn,bevFrtRoadHeavy
SK,h0352,0.32648713074071817,scr1994,avaStIn,bevFrtRoadHeavy
SK,h0353,0.3907025979922289,scr1994,avaStIn,bevFrtRoadHeavy
SK,h0354,0.4625928572839217,scr1994,avaStIn,bevFrtRoadHeavy
SK,h0355,0.5273810255260041,scr1994,avaStIn,bevFrtRoadHeavy
SK,h0356,0.575177207510104,scr1994,avaStIn,bevFrtRoadHeavy
SK,h0357,0.5973067629795761,scr1994,avaStIn,bevFrtRoadHeavy
SK,h0358,0.6003940072514531,scr1994,avaStIn,bevFrtRoadHeavy
SK,h0359,0.5908800318598231,scr1994,avaStIn,bevFrtRoadHeavy
SK,h0360,0.5756042397510963,scr1994,avaStIn,bevFrtRoadHeavy
SK,h0361,0.54933335981644,scr1994,avaStIn,bevFrtRoadHeavy
SK,h0362,0.5218683931107748,scr1994,avaStIn,bevFrtRoadHeavy
SK,h0363,0.49687219386419995,scr1994,avaStIn,bevFrtRoadHeavy
SK,h0364,0.47427481614411754,scr1994,avaStIn,bevFrtRoadHeavy
SK,h0365,0.4512001064311079,scr1994,avaStIn,bevFrtRoadHeavy
SK,h0366,0.4317798248276851,scr1994,avaStIn,bevFrtRoadHeavy
SK,h0367,0.4245222382729337,scr1994,avaStIn,bevFrtRoadHeavy
SK,h0368,0.42681901755925794,scr1994,avaStIn,bevFrtRoadHeavy
SK,h0369,0.43234151430002793,scr1994,avaStIn,bevFrtRoadHeavy
SK,h0370,0.4235892817447879,scr1994,avaStIn,bevFrtRoadHeavy
SK,h0371,0.397223194562311,scr1994,avaStIn,bevFrtRoadHeavy
SK,h0372,0.3508957346058093,scr1994,avaStIn,bevFrtRoadHeavy
SK,h0373,0.3030199896710231,scr1994,avaStIn,bevFrtRoadHeavy
SK,h0374,0.27474183334917385,scr1994,avaStIn,bevFrtRoadHeavy
SK,h0375,0.2810042843274933,scr1994,avaStIn,bevFrtRoadHeavy
SK,h0376,0.32648713074071817,scr1994,avaStIn,bevFrtRoadHeavy
SK,h0377,0.3907025979922289,scr1994,avaStIn,bevFrtRoadHeavy
SK,h0378,0.4625928572839217,scr1994,avaStIn,bevFrtRoadHeavy
SK,h0379,0.5258945707660485,scr1994,avaStIn,bevFrtRoadHeavy
SK,h0380,0.5775126532133741,scr1994,avaStIn,bevFrtRoadHeavy
SK,h0381,0.6068226498839902,scr1994,avaStIn,bevFrtRoadHeavy
SK,h0382,0.6077267241442188,scr1994,avaStIn,bevFrtRoadHeavy
SK,h0383,0.5845803785311798,scr1994,avaStIn,bevFrtRoadHeavy
SK,h0384,0.5478532898823398,scr1994,avaStIn,bevFrtRoadHeavy
SK,h0385,0.5248856515458393,scr1994,avaStIn,bevFrtRoadHeavy
SK,h0386,0.5074870468783488,scr1994,avaStIn,bevFrtRoadHeavy
SK,h0387,0.49687219386419995,scr1994,avaStIn,bevFrtRoadHeavy
SK,h0388,0.47427481614411754,scr1994,avaStIn,bevFrtRoadHeavy
SK,h0389,0.4512001064311079,scr1994,avaStIn,bevFrtRoadHeavy
SK,h0390,0.4317798248276851,scr1994,avaStIn,bevFrtRoadHeavy
SK,h0391,0.4070613891581884,scr1994,avaStIn,bevFrtRoadHeavy
SK,h0392,0.39697641675210144,scr1994,avaStIn,bevFrtRoadHeavy
SK,h0393,0.39870421520431126,scr1994,avaStIn,bevFrtRoadHeavy
SK,h0394,0.40926627041819047,scr1994,avaStIn,bevFrtRoadHeavy
SK,h0395,0.39842288468029213,scr1994,avaStIn,bevFrtRoadHeavy
SK,h0396,0.3557916354671122,scr1994,avaStIn,bevFrtRoadHeavy
SK,h0397,0.40327113437985024,scr1994,avaStIn,bevFrtRoadHeavy
SK,h0398,0.4468766289603083,scr1994,avaStIn,bevFrtRoadHeavy
SK,h0399,0.49485270049335356,scr1994,avaStIn,bevFrtRoadHeavy
SK,h0400,0.45345030023340877,scr1994,avaStIn,bevFrtRoadHeavy
SK,h0401,0.42042601932163864,scr1994,avaStIn,bevFrtRoadHeavy
SK,h0402,0.40261095639883443,scr1994,avaStIn,bevFrtRoadHeavy
SK,h0403,0.3871763249572075,scr1994,avaStIn,bevFrtRoadHeavy
SK,h0404,0.3744547271540745,scr1994,avaStIn,bevFrtRoadHeavy
SK,h0405,0.34980970251809557,scr1994,avaStIn,bevFrtRoadHeavy
SK,h0406,0.3110211101507691,scr1994,avaStIn,bevFrtRoadHeavy
SK,h0407,0.2670140244077546,scr1994,avaStIn,bevFrtRoadHeavy
SK,h0408,0.23449723533671968,scr1994,avaStIn,bevFrtRoadHeavy
SK,h0409,0.2796419009980305,scr1994,avaStIn,bevFrtRoadHeavy
SK,h0410,0.34160429932334896,scr1994,avaStIn,bevFrtRoadHeavy
SK,h0411,0.40625179312817933,scr1994,avaStIn,bevFrtRoadHeavy
SK,h0412,0.4260236415512996,scr1994,avaStIn,bevFrtRoadHeavy
SK,h0413,0.4370627609428927,scr1994,avaStIn,bevFrtRoadHeavy
SK,h0414,0.45354850989036083,scr1994,avaStIn,bevFrtRoadHeavy
SK,h0415,0.5170257326829233,scr1994,avaStIn,bevFrtRoadHeavy
SK,h0416,0.5846164078323919,scr1994,avaStIn,bevFrtRoadHeavy
SK,h0417,0.6406822225854623,scr1994,avaStIn,bevFrtRoadHeavy
SK,h0418,0.648916667,scr1994,avaStIn,bevFrtRoadHeavy
SK,h0419,0.6397767272678316,scr1994,avaStIn,bevFrtRoadHeavy
SK,h0420,0.6149581532285464,scr1994,avaStIn,bevFrtRoadHeavy
SK,h0421,0.5787399234599702,scr1994,avaStIn,bevFrtRoadHeavy
SK,h0422,0.5369544837819953,scr1994,avaStIn,bevFrtRoadHeavy
SK,h0423,0.49485270049335356,scr1994,avaStIn,bevFrtRoadHeavy
SK,h0424,0.45345030023340877,scr1994,avaStIn,bevFrtRoadHeavy
SK,h0425,0.42042601932163864,scr1994,avaStIn,bevFrtRoadHeavy
SK,h0426,0.40261095639883443,scr1994,avaStIn,bevFrtRoadHeavy
SK,h0427,0.3949139023723746,scr1994,avaStIn,bevFrtRoadHeavy
SK,h0428,0.3897869437965427,scr1994,avaStIn,bevFrtRoadHeavy
SK,h0429,0.37646876654895217,scr1994,avaStIn,bevFrtRoadHeavy
SK,h0430,0.3452269488651632,scr1994,avaStIn,bevFrtRoadHeavy
SK,h0431,0.3078659473763398,scr1994,avaStIn,bevFrtRoadHeavy
SK,h0432,0.2779545307693782,scr1994,avaStIn,bevFrtRoadHeavy
SK,h0433,0.30625207473084864,scr1994,avaStIn,bevFrtRoadHeavy
SK,h0434,0.35411013106134476,scr1994,avaStIn,bevFrtRoadHeavy
SK,h0435,0.40625179312817933,scr1994,avaStIn,bevFrtRoadHeavy
SK,h0436,0.4260236415512996,scr1994,avaStIn,bevFrtRoadHeavy
SK,h0437,0.4370627609428927,scr1994,avaStIn,bevFrtRoadHeavy
SK,h0438,0.45354850989036083,scr1994,avaStIn,bevFrtRoadHeavy
SK,h0439,0.48515941493213527,scr1994,avaStIn,bevFrtRoadHeavy
SK,h0440,0.528605586824356,scr1994,avaStIn,bevFrtRoadHeavy
SK,h0441,0.569163626072009,scr1994,avaStIn,bevFrtRoadHeavy
SK,h0442,0.5967091713705934,scr1994,avaStIn,bevFrtRoadHeavy
SK,h0443,0.6072714158345789,scr1994,avaStIn,bevFrtRoadHeavy
SK,h0444,0.5997465210395598,scr1994,avaStIn,bevFrtRoadHeavy
SK,h0445,0.5745197239560198,scr1994,avaStIn,bevFrtRoadHeavy
SK,h0446,0.5374673886216577,scr1994,avaStIn,bevFrtRoadHeavy
SK,h0447,0.49485270049335356,scr1994,avaStIn,bevFrtRoadHeavy
SK,h0448,0.45345030023340877,scr1994,avaStIn,bevFrtRoadHeavy
SK,h0449,0.42042601932163864,scr1994,avaStIn,bevFrtRoadHeavy
SK,h0450,0.40261095639883443,scr1994,avaStIn,bevFrtRoadHeavy
SK,h0451,0.3949139023723746,scr1994,avaStIn,bevFrtRoadHeavy
SK,h0452,0.3897869437965427,scr1994,avaStIn,bevFrtRoadHeavy
SK,h0453,0.37646876654895217,scr1994,avaStIn,bevFrtRoadHeavy
SK,h0454,0.3452269488651632,scr1994,avaStIn,bevFrtRoadHeavy
SK,h0455,0.3078659473763398,scr1994,avaStIn,bevFrtRoadHeavy
SK,h0456,0.2779545307693782,scr1994,avaStIn,bevFrtRoadHeavy
SK,h0457,0.3028710829268177,scr1994,avaStIn,bevFrtRoadHeavy
SK,h0458,0.33213669174969157,scr1994,avaStIn,bevFrtRoadHeavy
SK,h0459,0.3620087309567464,scr1994,avaStIn,bevFrtRoadHeavy
SK,h0460,0.37004107340258524,scr1994,avaStIn,bevFrtRoadHeavy
SK,h0461,0.3981843172784512,scr1994,avaStIn,bevFrtRoadHeavy
SK,h0462,0.4423184385324596,scr1994,avaStIn,bevFrtRoadHeavy
SK,h0463,0.4938743123061798,scr1994,avaStIn,bevFrtRoadHeavy
SK,h0464,0.5393801271086389,scr1994,avaStIn,bevFrtRoadHeavy
SK,h0465,0.5717279447574262,scr1994,avaStIn,bevFrtRoadHeavy
SK,h0466,0.5864026834476788,scr1994,avaStIn,bevFrtRoadHeavy
SK,h0467,0.5903568012897213,scr1994,avaStIn,bevFrtRoadHeavy
SK,h0468,0.5820184110412341,scr1994,avaStIn,bevFrtRoadHeavy
SK,h0469,0.5522541766639684,scr1994,avaStIn,bevFrtRoadHeavy
SK,h0470,0.5025985097221295,scr1994,avaStIn,bevFrtRoadHeavy
SK,h0471,0.4360063902136216,scr1994,avaStIn,bevFrtRoadHeavy
SK,h0472,0.3706503344395034,scr1994,avaStIn,bevFrtRoadHeavy
SK,h0473,0.31400278945685395,scr1994,avaStIn,bevFrtRoadHeavy
SK,h0474,0.28426941117423804,scr1994,avaStIn,bevFrtRoadHeavy
SK,h0475,0.3038053855518607,scr1994,avaStIn,bevFrtRoadHeavy
SK,h0476,0.3429092096212539,scr1994,avaStIn,bevFrtRoadHeavy
SK,h0477,0.3896033187938301,scr1994,avaStIn,bevFrtRoadHeavy
SK,h0478,0.4056630174549854,scr1994,avaStIn,bevFrtRoadHeavy
SK,h0479,0.40808166599342416,scr1994,avaStIn,bevFrtRoadHeavy
SK,h0480,0.3933177281335835,scr1994,avaStIn,bevFrtRoadHeavy
SK,h0481,0.41724016230702593,scr1994,avaStIn,bevFrtRoadHeavy
SK,h0482,0.44152509618683106,scr1994,avaStIn,bevFrtRoadHeavy
SK,h0483,0.4650823537739786,scr1994,avaStIn,bevFrtRoadHeavy
SK,h0484,0.45675407757813863,scr1994,avaStIn,bevFrtRoadHeavy
SK,h0485,0.45594549501808196,scr1994,avaStIn,bevFrtRoadHeavy
SK,h0486,0.4699720265411949,scr1994,avaStIn,bevFrtRoadHeavy
SK,h0487,0.5010898808643895,scr1994,avaStIn,bevFrtRoadHeavy
SK,h0488,0.5385315909083035,scr1994,avaStIn,bevFrtRoadHeavy
SK,h0489,0.5717279447574262,scr1994,avaStIn,bevFrtRoadHeavy
SK,h0490,0.5864026834476788,scr1994,avaStIn,bevFrtRoadHeavy
SK,h0491,0.5903568012897213,scr1994,avaStIn,bevFrtRoadHeavy
SK,h0492,0.5820184110412341,scr1994,avaStIn,bevFrtRoadHeavy
SK,h0493,0.5522541766639684,scr1994,avaStIn,bevFrtRoadHeavy
SK,h0494,0.5025985097221295,scr1994,avaStIn,bevFrtRoadHeavy
SK,h0495,0.4360063902136216,scr1994,avaStIn,bevFrtRoadHeavy
SK,h0496,0.3706503344395034,scr1994,avaStIn,bevFrtRoadHeavy
SK,h0497,0.31400278945685395,scr1994,avaStIn,bevFrtRoadHeavy
SK,h0498,0.28426941117423804,scr1994,avaStIn,bevFrtRoadHeavy
SK,h0499,0.3038053855518607,scr1994,avaStIn,bevFrtRoadHeavy
SK,h0500,0.3429092096212539,scr1994,avaStIn,bevFrtRoadHeavy
SK,h0501,0.3896033187938301,scr1994,avaStIn,bevFrtRoadHeavy
SK,h0502,0.4056630174549854,scr1994,avaStIn,bevFrtRoadHeavy
SK,h0503,0.40808166599342416,scr1994,avaStIn,bevFrtRoadHeavy
SK,h0504,0.3933177281335835,scr1994,avaStIn,bevFrtRoadHeavy
SI,h0337,0.36689691148585085,scr1994,avaStIn,bevFrtRoadHeavy
SI,h0338,0.380104818059327,scr1994,avaStIn,bevFrtRoadHeavy
SI,h0339,0.4194642325578846,scr1994,avaStIn,bevFrtRoadHeavy
SI,h0340,0.46710902255410963,scr1994,avaStIn,bevFrtRoadHeavy
SI,h0341,0.4966725249567239,scr1994,avaStIn,bevFrtRoadHeavy
SI,h0342,0.4917721590281056,scr1994,avaStIn,bevFrtRoadHeavy
SI,h0343,0.46881903384007567,scr1994,avaStIn,bevFrtRoadHeavy
SI,h0344,0.4420970782858393,scr1994,avaStIn,bevFrtRoadHeavy
SI,h0345,0.43234151430002793,scr1994,avaStIn,bevFrtRoadHeavy
SI,h0346,0.4235892817447879,scr1994,avaStIn,bevFrtRoadHeavy
SI,h0347,0.397223194562311,scr1994,avaStIn,bevFrtRoadHeavy
SI,h0348,0.3508957346058093,scr1994,avaStIn,bevFrtRoadHeavy
SI,h0349,0.3030199896710231,scr1994,avaStIn,bevFrtRoadHeavy
SI,h0350,0.27474183334917385,scr1994,avaStIn,bevFrtRoadHeavy
SI,h0351,0.2810042843274933,scr1994,avaStIn,bevFrtRoadHeavy
SI,h0352,0.32648713074071817,scr1994,avaStIn,bevFrtRoadHeavy
SI,h0353,0.3907025979922289,scr1994,avaStIn,bevFrtRoadHeavy
SI,h0354,0.4625928572839217,scr1994,avaStIn,bevFrtRoadHeavy
SI,h0355,0.5273810255260041,scr1994,avaStIn,bevFrtRoadHeavy
SI,h0356,0.575177207510104,scr1994,avaStIn,bevFrtRoadHeavy
SI,h0357,0.5973067629795761,scr1994,avaStIn,bevFrtRoadHeavy
SI,h0358,0.6003940072514531,scr1994,avaStIn,bevFrtRoadHeavy
SI,h0359,0.5908800318598231,scr1994,avaStIn,bevFrtRoadHeavy
SI,h0360,0.5756042397510963,scr1994,avaStIn,bevFrtRoadHeavy
SI,h0361,0.54933335981644,scr1994,avaStIn,bevFrtRoadHeavy
SI,h0362,0.5218683931107748,scr1994,avaStIn,bevFrtRoadHeavy
SI,h0363,0.49687219386419995,scr1994,avaStIn,bevFrtRoadHeavy
SI,h0364,0.47427481614411754,scr1994,avaStIn,bevFrtRoadHeavy
SI,h0365,0.4512001064311079,scr1994,avaStIn,bevFrtRoadHeavy
SI,h0366,0.4317798248276851,scr1994,avaStIn,bevFrtRoadHeavy
SI,h0367,0.4245222382729337,scr1994,avaStIn,bevFrtRoadHeavy
SI,h0368,0.42681901755925794,scr1994,avaStIn,bevFrtRoadHeavy
SI,h0369,0.43234151430002793,scr1994,avaStIn,bevFrtRoadHeavy
SI,h0370,0.4235892817447879,scr1994,avaStIn,bevFrtRoadHeavy
SI,h0371,0.397223194562311,scr1994,avaStIn,bevFrtRoadHeavy
SI,h0372,0.3508957346058093,scr1994,avaStIn,bevFrtRoadHeavy
SI,h0373,0.3030199896710231,scr1994,avaStIn,bevFrtRoadHeavy
SI,h0374,0.27474183334917385,scr1994,avaStIn,bevFrtRoadHeavy
SI,h0375,0.2810042843274933,scr1994,avaStIn,bevFrtRoadHeavy
SI,h0376,0.32648713074071817,scr1994,avaStIn,bevFrtRoadHeavy
SI,h0377,0.3907025979922289,scr1994,avaStIn,bevFrtRoadHeavy
SI,h0378,0.4625928572839217,scr1994,avaStIn,bevFrtRoadHeavy
SI,h0379,0.5258945707660485,scr1994,avaStIn,bevFrtRoadHeavy
SI,h0380,0.5775126532133741,scr1994,avaStIn,bevFrtRoadHeavy
SI,h0381,0.6068226498839902,scr1994,avaStIn,bevFrtRoadHeavy
SI,h0382,0.6077267241442188,scr1994,avaStIn,bevFrtRoadHeavy
SI,h0383,0.5845803785311798,scr1994,avaStIn,bevFrtRoadHeavy
SI,h0384,0.5478532898823398,scr1994,avaStIn,bevFrtRoadHeavy
SI,h0385,0.5248856515458393,scr1994,avaStIn,bevFrtRoadHeavy
SI,h0386,0.5074870468783488,scr1994,avaStIn,bevFrtRoadHeavy
SI,h0387,0.49687219386419995,scr1994,avaStIn,bevFrtRoadHeavy
SI,h0388,0.47427481614411754,scr1994,avaStIn,bevFrtRoadHeavy
SI,h0389,0.4512001064311079,scr1994,avaStIn,bevFrtRoadHeavy
SI,h0390,0.4317798248276851,scr1994,avaStIn,bevFrtRoadHeavy
SI,h0391,0.4070613891581884,scr1994,avaStIn,bevFrtRoadHeavy
SI,h0392,0.39697641675210144,scr1994,avaStIn,bevFrtRoadHeavy
SI,h0393,0.39870421520431126,scr1994,avaStIn,bevFrtRoadHeavy
SI,h0394,0.40926627041819047,scr1994,avaStIn,bevFrtRoadHeavy
SI,h0395,0.39842288468029213,scr1994,avaStIn,bevFrtRoadHeavy
SI,h0396,0.3557916354671122,scr1994,avaStIn,bevFrtRoadHeavy
SI,h0397,0.40327113437985024,scr1994,avaStIn,bevFrtRoadHeavy
SI,h0398,0.4468766289603083,scr1994,avaStIn,bevFrtRoadHeavy
SI,h0399,0.49485270049335356,scr1994,avaStIn,bevFrtRoadHeavy
SI,h0400,0.45345030023340877,scr1994,avaStIn,bevFrtRoadHeavy
SI,h0401,0.42042601932163864,scr1994,avaStIn,bevFrtRoadHeavy
SI,h0402,0.40261095639883443,scr1994,avaStIn,bevFrtRoadHeavy
SI,h0403,0.3871763249572075,scr1994,avaStIn,bevFrtRoadHeavy
SI,h0404,0.3744547271540745,scr1994,avaStIn,bevFrtRoadHeavy
SI,h0405,0.34980970251809557,scr1994,avaStIn,bevFrtRoadHeavy
SI,h0406,0.3110211101507691,scr1994,avaStIn,bevFrtRoadHeavy
SI,h0407,0.2670140244077546,scr1994,avaStIn,bevFrtRoadHeavy
SI,h0408,0.23449723533671968,scr1994,avaStIn,bevFrtRoadHeavy
SI,h0409,0.2796419009980305,scr1994,avaStIn,bevFrtRoadHeavy
SI,h0410,0.34160429932334896,scr1994,avaStIn,bevFrtRoadHeavy
SI,h0411,0.40625179312817933,scr1994,avaStIn,bevFrtRoadHeavy
SI,h0412,0.4260236415512996,scr1994,avaStIn,bevFrtRoadHeavy
SI,h0413,0.4370627609428927,scr1994,avaStIn,bevFrtRoadHeavy
SI,h0414,0.45354850989036083,scr1994,avaStIn,bevFrtRoadHeavy
SI,h0415,0.5170257326829233,scr1994,avaStIn,bevFrtRoadHeavy
SI,h0416,0.5846164078323919,scr1994,avaStIn,bevFrtRoadHeavy
SI,h0417,0.6406822225854623,scr1994,avaStIn,bevFrtRoadHeavy
SI,h0418,0.648916667,scr1994,avaStIn,bevFrtRoadHeavy
SI,h0419,0.6397767272678316,scr1994,avaStIn,bevFrtRoadHeavy
SI,h0420,0.6149581532285464,scr1994,avaStIn,bevFrtRoadHeavy
SI,h0421,0.5787399234599702,scr1994,avaStIn,bevFrtRoadHeavy
SI,h0422,0.5369544837819953,scr1994,avaStIn,bevFrtRoadHeavy
SI,h0423,0.49485270049335356,scr1994,avaStIn,bevFrtRoadHeavy
SI,h0424,0.45345030023340877,scr1994,avaStIn,bevFrtRoadHeavy
SI,h0425,0.42042601932163864,scr1994,avaStIn,bevFrtRoadHeavy
SI,h0426,0.40261095639883443,scr1994,avaStIn,bevFrtRoadHeavy
SI,h0427,0.3949139023723746,scr1994,avaStIn,bevFrtRoadHeavy
SI,h0428,0.3897869437965427,scr1994,avaStIn,bevFrtRoadHeavy
SI,h0429,0.37646876654895217,scr1994,avaStIn,bevFrtRoadHeavy
SI,h0430,0.3452269488651632,scr1994,avaStIn,bevFrtRoadHeavy
SI,h0431,0.3078659473763398,scr1994,avaStIn,bevFrtRoadHeavy
SI,h0432,0.2779545307693782,scr1994,avaStIn,bevFrtRoadHeavy
SI,h0433,0.30625207473084864,scr1994,avaStIn,bevFrtRoadHeavy
SI,h0434,0.35411013106134476,scr1994,avaStIn,bevFrtRoadHeavy
SI,h0435,0.40625179312817933,scr1994,avaStIn,bevFrtRoadHeavy
SI,h0436,0.4260236415512996,scr1994,avaStIn,bevFrtRoadHeavy
SI,h0437,0.4370627609428927,scr1994,avaStIn,bevFrtRoadHeavy
SI,h0438,0.45354850989036083,scr1994,avaStIn,bevFrtRoadHeavy
SI,h0439,0.48515941493213527,scr1994,avaStIn,bevFrtRoadHeavy
SI,h0440,0.528605586824356,scr1994,avaStIn,bevFrtRoadHeavy
SI,h0441,0.569163626072009,scr1994,avaStIn,bevFrtRoadHeavy
SI,h0442,0.5967091713705934,scr1994,avaStIn,bevFrtRoadHeavy
SI,h0443,0.6072714158345789,scr1994,avaStIn,bevFrtRoadHeavy
SI,h0444,0.5997465210395598,scr1994,avaStIn,bevFrtRoadHeavy
SI,h0445,0.5745197239560198,scr1994,avaStIn,bevFrtRoadHeavy
SI,h0446,0.5374673886216577,scr1994,avaStIn,bevFrtRoadHeavy
SI,h0447,0.49485270049335356,scr1994,avaStIn,bevFrtRoadHeavy
SI,h0448,0.45345030023340877,scr1994,avaStIn,bevFrtRoadHeavy
SI,h0449,0.42042601932163864,scr1994,avaStIn,bevFrtRoadHeavy
SI,h0450,0.40261095639883443,scr1994,avaStIn,bevFrtRoadHeavy
SI,h0451,0.3949139023723746,scr1994,avaStIn,bevFrtRoadHeavy
SI,h0452,0.3897869437965427,scr1994,avaStIn,bevFrtRoadHeavy
SI,h0453,0.37646876654895217,scr1994,avaStIn,bevFrtRoadHeavy
SI,h0454,0.3452269488651632,scr1994,avaStIn,bevFrtRoadHeavy
SI,h0455,0.3078659473763398,scr1994,avaStIn,bevFrtRoadHeavy
SI,h0456,0.2779545307693782,scr1994,avaStIn,bevFrtRoadHeavy
SI,h0457,0.3028710829268177,scr1994,avaStIn,bevFrtRoadHeavy
SI,h0458,0.33213669174969157,scr1994,avaStIn,bevFrtRoadHeavy
SI,h0459,0.3620087309567464,scr1994,avaStIn,bevFrtRoadHeavy
SI,h0460,0.37004107340258524,scr1994,avaStIn,bevFrtRoadHeavy
SI,h0461,0.3981843172784512,scr1994,avaStIn,bevFrtRoadHeavy
SI,h0462,0.4423184385324596,scr1994,avaStIn,bevFrtRoadHeavy
SI,h0463,0.4938743123061798,scr1994,avaStIn,bevFrtRoadHeavy
SI,h0464,0.5393801271086389,scr1994,avaStIn,bevFrtRoadHeavy
SI,h0465,0.5717279447574262,scr1994,avaStIn,bevFrtRoadHeavy
SI,h0466,0.5864026834476788,scr1994,avaStIn,bevFrtRoadHeavy
SI,h0467,0.5903568012897213,scr1994,avaStIn,bevFrtRoadHeavy
SI,h0468,0.5820184110412341,scr1994,avaStIn,bevFrtRoadHeavy
SI,h0469,0.5522541766639684,scr1994,avaStIn,bevFrtRoadHeavy
SI,h0470,0.5025985097221295,scr1994,avaStIn,bevFrtRoadHeavy
SI,h0471,0.4360063902136216,scr1994,avaStIn,bevFrtRoadHeavy
SI,h0472,0.3706503344395034,scr1994,avaStIn,bevFrtRoadHeavy
SI,h0473,0.31400278945685395,scr1994,avaStIn,bevFrtRoadHeavy
SI,h0474,0.28426941117423804,scr1994,avaStIn,bevFrtRoadHeavy
SI,h0475,0.3038053855518607,scr1994,avaStIn,bevFrtRoadHeavy
SI,h0476,0.3429092096212539,scr1994,avaStIn,bevFrtRoadHeavy
SI,h0477,0.3896033187938301,scr1994,avaStIn,bevFrtRoadHeavy
SI,h0478,0.4056630174549854,scr1994,avaStIn,bevFrtRoadHeavy
SI,h0479,0.40808166599342416,scr1994,avaStIn,bevFrtRoadHeavy
SI,h0480,0.3933177281335835,scr1994,avaStIn,bevFrtRoadHeavy
SI,h0481,0.41724016230702593,scr1994,avaStIn,bevFrtRoadHeavy
SI,h0482,0.44152509618683106,scr1994,avaStIn,bevFrtRoadHeavy
SI,h0483,0.4650823537739786,scr1994,avaStIn,bevFrtRoadHeavy
SI,h0484,0.45675407757813863,scr1994,avaStIn,bevFrtRoadHeavy
SI,h0485,0.45594549501808196,scr1994,avaStIn,bevFrtRoadHeavy
SI,h0486,0.4699720265411949,scr1994,avaStIn,bevFrtRoadHeavy
SI,h0487,0.5010898808643895,scr1994,avaStIn,bevFrtRoadHeavy
SI,h0488,0.5385315909083035,scr1994,avaStIn,bevFrtRoadHeavy
SI,h0489,0.5717279447574262,scr1994,avaStIn,bevFrtRoadHeavy
SI,h0490,0.5864026834476788,scr1994,avaStIn,bevFrtRoadHeavy
SI,h0491,0.5903568012897213,scr1994,avaStIn,bevFrtRoadHeavy
SI,h0492,0.5820184110412341,scr1994,avaStIn,bevFrtRoadHeavy
SI,h0493,0.5522541766639684,scr1994,avaStIn,bevFrtRoadHeavy
SI,h0494,0.5025985097221295,scr1994,avaStIn,bevFrtRoadHeavy
SI,h0495,0.4360063902136216,scr1994,avaStIn,bevFrtRoadHeavy
SI,h0496,0.3706503344395034,scr1994,avaStIn,bevFrtRoadHeavy
SI,h0497,0.31400278945685395,scr1994,avaStIn,bevFrtRoadHeavy
SI,h0498,0.28426941117423804,scr1994,avaStIn,bevFrtRoadHeavy
SI,h0499,0.3038053855518607,scr1994,avaStIn,bevFrtRoadHeavy
SI,h0500,0.3429092096212539,scr1994,avaStIn,bevFrtRoadHeavy
SI,h0501,0.3896033187938301,scr1994,avaStIn,bevFrtRoadHeavy
SI,h0502,0.4056630174549854,scr1994,avaStIn,bevFrtRoadHeavy
SI,h0503,0.40808166599342416,scr1994,avaStIn,bevFrtRoadHeavy
SI,h0504,0.3933177281335835,scr1994,avaStIn,bevFrtRoadHeavy
SE,h0337,0.36689691148585085,scr1994,avaStIn,bevFrtRoadHeavy
SE,h0338,0.380104818059327,scr1994,avaStIn,bevFrtRoadHeavy
SE,h0339,0.4194642325578846,scr1994,avaStIn,bevFrtRoadHeavy
SE,h0340,0.46710902255410963,scr1994,avaStIn,bevFrtRoadHeavy
SE,h0341,0.4966725249567239,scr1994,avaStIn,bevFrtRoadHeavy
SE,h0342,0.4917721590281056,scr1994,avaStIn,bevFrtRoadHeavy
SE,h0343,0.46881903384007567,scr1994,avaStIn,bevFrtRoadHeavy
SE,h0344,0.4420970782858393,scr1994,avaStIn,bevFrtRoadHeavy
SE,h0345,0.43234151430002793,scr1994,avaStIn,bevFrtRoadHeavy
SE,h0346,0.4235892817447879,scr1994,avaStIn,bevFrtRoadHeavy
SE,h0347,0.397223194562311,scr1994,avaStIn,bevFrtRoadHeavy
SE,h0348,0.3508957346058093,scr1994,avaStIn,bevFrtRoadHeavy
SE,h0349,0.3030199896710231,scr1994,avaStIn,bevFrtRoadHeavy
SE,h0350,0.27474183334917385,scr1994,avaStIn,bevFrtRoadHeavy
SE,h0351,0.2810042843274933,scr1994,avaStIn,bevFrtRoadHeavy
SE,h0352,0.32648713074071817,scr1994,avaStIn,bevFrtRoadHeavy
SE,h0353,0.3907025979922289,scr1994,avaStIn,bevFrtRoadHeavy
SE,h0354,0.4625928572839217,scr1994,avaStIn,bevFrtRoadHeavy
SE,h0355,0.5273810255260041,scr1994,avaStIn,bevFrtRoadHeavy
SE,h0356,0.575177207510104,scr1994,avaStIn,bevFrtRoadHeavy
SE,h0357,0.5973067629795761,scr1994,avaStIn,bevFrtRoadHeavy
SE,h0358,0.6003940072514531,scr1994,avaStIn,bevFrtRoadHeavy
SE,h0359,0.5908800318598231,scr1994,avaStIn,bevFrtRoadHeavy
SE,h0360,0.5756042397510963,scr1994,avaStIn,bevFrtRoadHeavy
SE,h0361,0.54933335981644,scr1994,avaStIn,bevFrtRoadHeavy
SE,h0362,0.5218683931107748,scr1994,avaStIn,bevFrtRoadHeavy
SE,h0363,0.49687219386419995,scr1994,avaStIn,bevFrtRoadHeavy
SE,h0364,0.47427481614411754,scr1994,avaStIn,bevFrtRoadHeavy
SE,h0365,0.4512001064311079,scr1994,avaStIn,bevFrtRoadHeavy
SE,h0366,0.4317798248276851,scr1994,avaStIn,bevFrtRoadHeavy
SE,h0367,0.4245222382729337,scr1994,avaStIn,bevFrtRoadHeavy
SE,h0368,0.42681901755925794,scr1994,avaStIn,bevFrtRoadHeavy
SE,h0369,0.43234151430002793,scr1994,avaStIn,bevFrtRoadHeavy
SE,h0370,0.4235892817447879,scr1994,avaStIn,bevFrtRoadHeavy
SE,h0371,0.397223194562311,scr1994,avaStIn,bevFrtRoadHeavy
SE,h0372,0.3508957346058093,scr1994,avaStIn,bevFrtRoadHeavy
SE,h0373,0.3030199896710231,scr1994,avaStIn,bevFrtRoadHeavy
SE,h0374,0.27474183334917385,scr1994,avaStIn,bevFrtRoadHeavy
SE,h0375,0.2810042843274933,scr1994,avaStIn,bevFrtRoadHeavy
SE,h0376,0.32648713074071817,scr1994,avaStIn,bevFrtRoadHeavy
SE,h0377,0.3907025979922289,scr1994,avaStIn,bevFrtRoadHeavy
SE,h0378,0.4625928572839217,scr1994,avaStIn,bevFrtRoadHeavy
SE,h0379,0.5258945707660485,scr1994,avaStIn,bevFrtRoadHeavy
SE,h0380,0.5775126532133741,scr1994,avaStIn,bevFrtRoadHeavy
SE,h0381,0.6068226498839902,scr1994,avaStIn,bevFrtRoadHeavy
SE,h0382,0.6077267241442188,scr1994,avaStIn,bevFrtRoadHeavy
SE,h0383,0.5845803785311798,scr1994,avaStIn,bevFrtRoadHeavy
SE,h0384,0.5478532898823398,scr1994,avaStIn,bevFrtRoadHeavy
SE,h0385,0.5248856515458393,scr1994,avaStIn,bevFrtRoadHeavy
SE,h0386,0.5074870468783488,scr1994,avaStIn,bevFrtRoadHeavy
SE,h0387,0.49687219386419995,scr1994,avaStIn,bevFrtRoadHeavy
SE,h0388,0.47427481614411754,scr1994,avaStIn,bevFrtRoadHeavy
SE,h0389,0.4512001064311079,scr1994,avaStIn,bevFrtRoadHeavy
SE,h0390,0.4317798248276851,scr1994,avaStIn,bevFrtRoadHeavy
SE,h0391,0.4070613891581884,scr1994,avaStIn,bevFrtRoadHeavy
SE,h0392,0.39697641675210144,scr1994,avaStIn,bevFrtRoadHeavy
SE,h0393,0.39870421520431126,scr1994,avaStIn,bevFrtRoadHeavy
SE,h0394,0.40926627041819047,scr1994,avaStIn,bevFrtRoadHeavy
SE,h0395,0.39842288468029213,scr1994,avaStIn,bevFrtRoadHeavy
SE,h0396,0.3557916354671122,scr1994,avaStIn,bevFrtRoadHeavy
SE,h0397,0.40327113437985024,scr1994,avaStIn,bevFrtRoadHeavy
SE,h0398,0.4468766289603083,scr1994,avaStIn,bevFrtRoadHeavy
SE,h0399,0.49485270049335356,scr1994,avaStIn,bevFrtRoadHeavy
SE,h0400,0.45345030023340877,scr1994,avaStIn,bevFrtRoadHeavy
SE,h0401,0.42042601932163864,scr1994,avaStIn,bevFrtRoadHeavy
SE,h0402,0.40261095639883443,scr1994,avaStIn,bevFrtRoadHeavy
SE,h0403,0.3871763249572075,scr1994,avaStIn,bevFrtRoadHeavy
SE,h0404,0.3744547271540745,scr1994,avaStIn,bevFrtRoadHeavy
SE,h0405,0.34980970251809557,scr1994,avaStIn,bevFrtRoadHeavy
SE,h0406,0.3110211101507691,scr1994,avaStIn,bevFrtRoadHeavy
SE,h0407,0.2670140244077546,scr1994,avaStIn,bevFrtRoadHeavy
SE,h0408,0.23449723533671968,scr1994,avaStIn,bevFrtRoadHeavy
SE,h0409,0.2796419009980305,scr1994,avaStIn,bevFrtRoadHeavy
SE,h0410,0.34160429932334896,scr1994,avaStIn,bevFrtRoadHeavy
SE,h0411,0.40625179312817933,scr1994,avaStIn,bevFrtRoadHeavy
SE,h0412,0.4260236415512996,scr1994,avaStIn,bevFrtRoadHeavy
SE,h0413,0.4370627609428927,scr1994,avaStIn,bevFrtRoadHeavy
SE,h0414,0.45354850989036083,scr1994,avaStIn,bevFrtRoadHeavy
SE,h0415,0.5170257326829233,scr1994,avaStIn,bevFrtRoadHeavy
SE,h0416,0.5846164078323919,scr1994,avaStIn,bevFrtRoadHeavy
SE,h0417,0.6406822225854623,scr1994,avaStIn,bevFrtRoadHeavy
SE,h0418,0.648916667,scr1994,avaStIn,bevFrtRoadHeavy
SE,h0419,0.6397767272678316,scr1994,avaStIn,bevFrtRoadHeavy
SE,h0420,0.6149581532285464,scr1994,avaStIn,bevFrtRoadHeavy
SE,h0421,0.5787399234599702,scr1994,avaStIn,bevFrtRoadHeavy
SE,h0422,0.5369544837819953,scr1994,avaStIn,bevFrtRoadHeavy
SE,h0423,0.49485270049335356,scr1994,avaStIn,bevFrtRoadHeavy
SE,h0424,0.45345030023340877,scr1994,avaStIn,bevFrtRoadHeavy
SE,h0425,0.42042601932163864,scr1994,avaStIn,bevFrtRoadHeavy
SE,h0426,0.40261095639883443,scr1994,avaStIn,bevFrtRoadHeavy
SE,h0427,0.3949139023723746,scr1994,avaStIn,bevFrtRoadHeavy
SE,h0428,0.3897869437965427,scr1994,avaStIn,bevFrtRoadHeavy
SE,h0429,0.37646876654895217,scr1994,avaStIn,bevFrtRoadHeavy
SE,h0430,0.3452269488651632,scr1994,avaStIn,bevFrtRoadHeavy
SE,h0431,0.3078659473763398,scr1994,avaStIn,bevFrtRoadHeavy
SE,h0432,0.2779545307693782,scr1994,avaStIn,bevFrtRoadHeavy
SE,h0433,0.30625207473084864,scr1994,avaStIn,bevFrtRoadHeavy
SE,h0434,0.35411013106134476,scr1994,avaStIn,bevFrtRoadHeavy
SE,h0435,0.40625179312817933,scr1994,avaStIn,bevFrtRoadHeavy
SE,h0436,0.4260236415512996,scr1994,avaStIn,bevFrtRoadHeavy
SE,h0437,0.4370627609428927,scr1994,avaStIn,bevFrtRoadHeavy
SE,h0438,0.45354850989036083,scr1994,avaStIn,bevFrtRoadHeavy
SE,h0439,0.48515941493213527,scr1994,avaStIn,bevFrtRoadHeavy
SE,h0440,0.528605586824356,scr1994,avaStIn,bevFrtRoadHeavy
SE,h0441,0.569163626072009,scr1994,avaStIn,bevFrtRoadHeavy
SE,h0442,0.5967091713705934,scr1994,avaStIn,bevFrtRoadHeavy
SE,h0443,0.6072714158345789,scr1994,avaStIn,bevFrtRoadHeavy
SE,h0444,0.5997465210395598,scr1994,avaStIn,bevFrtRoadHeavy
SE,h0445,0.5745197239560198,scr1994,avaStIn,bevFrtRoadHeavy
SE,h0446,0.5374673886216577,scr1994,avaStIn,bevFrtRoadHeavy
SE,h0447,0.49485270049335356,scr1994,avaStIn,bevFrtRoadHeavy
SE,h0448,0.45345030023340877,scr1994,avaStIn,bevFrtRoadHeavy
SE,h0449,0.42042601932163864,scr1994,avaStIn,bevFrtRoadHeavy
SE,h0450,0.40261095639883443,scr1994,avaStIn,bevFrtRoadHeavy
SE,h0451,0.3949139023723746,scr1994,avaStIn,bevFrtRoadHeavy
SE,h0452,0.3897869437965427,scr1994,avaStIn,bevFrtRoadHeavy
SE,h0453,0.37646876654895217,scr1994,avaStIn,bevFrtRoadHeavy
SE,h0454,0.3452269488651632,scr1994,avaStIn,bevFrtRoadHeavy
SE,h0455,0.3078659473763398,scr1994,avaStIn,bevFrtRoadHeavy
SE,h0456,0.2779545307693782,scr1994,avaStIn,bevFrtRoadHeavy
SE,h0457,0.3028710829268177,scr1994,avaStIn,bevFrtRoadHeavy
SE,h0458,0.33213669174969157,scr1994,avaStIn,bevFrtRoadHeavy
SE,h0459,0.3620087309567464,scr1994,avaStIn,bevFrtRoadHeavy
SE,h0460,0.37004107340258524,scr1994,avaStIn,bevFrtRoadHeavy
SE,h0461,0.3981843172784512,scr1994,avaStIn,bevFrtRoadHeavy
SE,h0462,0.4423184385324596,scr1994,avaStIn,bevFrtRoadHeavy
SE,h0463,0.4938743123061798,scr1994,avaStIn,bevFrtRoadHeavy
SE,h0464,0.5393801271086389,scr1994,avaStIn,bevFrtRoadHeavy
SE,h0465,0.5717279447574262,scr1994,avaStIn,bevFrtRoadHeavy
SE,h0466,0.5864026834476788,scr1994,avaStIn,bevFrtRoadHeavy
SE,h0467,0.5903568012897213,scr1994,avaStIn,bevFrtRoadHeavy
SE,h0468,0.5820184110412341,scr1994,avaStIn,bevFrtRoadHeavy
SE,h0469,0.5522541766639684,scr1994,avaStIn,bevFrtRoadHeavy
SE,h0470,0.5025985097221295,scr1994,avaStIn,bevFrtRoadHeavy
SE,h0471,0.4360063902136216,scr1994,avaStIn,bevFrtRoadHeavy
SE,h0472,0.3706503344395034,scr1994,avaStIn,bevFrtRoadHeavy
SE,h0473,0.31400278945685395,scr1994,avaStIn,bevFrtRoadHeavy
SE,h0474,0.28426941117423804,scr1994,avaStIn,bevFrtRoadHeavy
SE,h0475,0.3038053855518607,scr1994,avaStIn,bevFrtRoadHeavy
SE,h0476,0.3429092096212539,scr1994,avaStIn,bevFrtRoadHeavy
SE,h0477,0.3896033187938301,scr1994,avaStIn,bevFrtRoadHeavy
SE,h0478,0.4056630174549854,scr1994,avaStIn,bevFrtRoadHeavy
SE,h0479,0.40808166599342416,scr1994,avaStIn,bevFrtRoadHeavy
SE,h0480,0.3933177281335835,scr1994,avaStIn,bevFrtRoadHeavy
SE,h0481,0.41724016230702593,scr1994,avaStIn,bevFrtRoadHeavy
SE,h0482,0.44152509618683106,scr1994,avaStIn,bevFrtRoadHeavy
SE,h0483,0.4650823537739786,scr1994,avaStIn,bevFrtRoadHeavy
SE,h0484,0.45675407757813863,scr1994,avaStIn,bevFrtRoadHeavy
SE,h0485,0.45594549501808196,scr1994,avaStIn,bevFrtRoadHeavy
SE,h0486,0.4699720265411949,scr1994,avaStIn,bevFrtRoadHeavy
SE,h0487,0.5010898808643895,scr1994,avaStIn,bevFrtRoadHeavy
SE,h0488,0.5385315909083035,scr1994,avaStIn,bevFrtRoadHeavy
SE,h0489,0.5717279447574262,scr1994,avaStIn,bevFrtRoadHeavy
SE,h0490,0.5864026834476788,scr1994,avaStIn,bevFrtRoadHeavy
SE,h0491,0.5903568012897213,scr1994,avaStIn,bevFrtRoadHeavy
SE,h0492,0.5820184110412341,scr1994,avaStIn,bevFrtRoadHeavy
SE,h0493,0.5522541766639684,scr1994,avaStIn,bevFrtRoadHeavy
SE,h0494,0.5025985097221295,scr1994,avaStIn,bevFrtRoadHeavy
SE,h0495,0.4360063902136216,scr1994,avaStIn,bevFrtRoadHeavy
SE,h0496,0.3706503344395034,scr1994,avaStIn,bevFrtRoadHeavy
SE,h0497,0.31400278945685395,scr1994,avaStIn,bevFrtRoadHeavy
SE,h0498,0.28426941117423804,scr1994,avaStIn,bevFrtRoadHeavy
SE,h0499,0.3038053855518607,scr1994,avaStIn,bevFrtRoadHeavy
SE,h0500,0.3429092096212539,scr1994,avaStIn,bevFrtRoadHeavy
SE,h0501,0.3896033187938301,scr1994,avaStIn,bevFrtRoadHeavy
SE,h0502,0.4056630174549854,scr1994,avaStIn,bevFrtRoadHeavy
SE,h0503,0.40808166599342416,scr1994,avaStIn,bevFrtRoadHeavy
SE,h0504,0.3933177281335835,scr1994,avaStIn,bevFrtRoadHeavy
UK,h0337,0.3668969114858508,scr1994,avaStIn,bevFrtRoadHeavy
UK,h0338,0.38010481805932694,scr1994,avaStIn,bevFrtRoadHeavy
UK,h0339,0.4194642325578847,scr1994,avaStIn,bevFrtRoadHeavy
UK,h0340,0.4671090225541096,scr1994,avaStIn,bevFrtRoadHeavy
UK,h0341,0.49667252495672387,scr1994,avaStIn,bevFrtRoadHeavy
UK,h0342,0.49177215902810556,scr1994,avaStIn,bevFrtRoadHeavy
UK,h0343,0.4688190338400756,scr1994,avaStIn,bevFrtRoadHeavy
UK,h0344,0.4420970782858392,scr1994,avaStIn,bevFrtRoadHeavy
UK,h0345,0.4323415143000279,scr1994,avaStIn,bevFrtRoadHeavy
UK,h0346,0.4235892817447878,scr1994,avaStIn,bevFrtRoadHeavy
UK,h0347,0.3972231945623109,scr1994,avaStIn,bevFrtRoadHeavy
UK,h0348,0.35089573460580925,scr1994,avaStIn,bevFrtRoadHeavy
UK,h0349,0.30301998967102306,scr1994,avaStIn,bevFrtRoadHeavy
UK,h0350,0.2747418333491738,scr1994,avaStIn,bevFrtRoadHeavy
UK,h0351,0.28100428432749325,scr1994,avaStIn,bevFrtRoadHeavy
UK,h0352,0.3264871307407181,scr1994,avaStIn,bevFrtRoadHeavy
UK,h0353,0.39070259799222895,scr1994,avaStIn,bevFrtRoadHeavy
UK,h0354,0.46259285728392163,scr1994,avaStIn,bevFrtRoadHeavy
UK,h0355,0.527381025526004,scr1994,avaStIn,bevFrtRoadHeavy
UK,h0356,0.5751772075101039,scr1994,avaStIn,bevFrtRoadHeavy
UK,h0357,0.597306762979576,scr1994,avaStIn,bevFrtRoadHeavy
UK,h0358,0.600394007251453,scr1994,avaStIn,bevFrtRoadHeavy
UK,h0359,0.5908800318598231,scr1994,avaStIn,bevFrtRoadHeavy
UK,h0360,0.5756042397510962,scr1994,avaStIn,bevFrtRoadHeavy
UK,h0361,0.54933335981644,scr1994,avaStIn,bevFrtRoadHeavy
UK,h0362,0.5218683931107748,scr1994,avaStIn,bevFrtRoadHeavy
UK,h0363,0.4968721938641999,scr1994,avaStIn,bevFrtRoadHeavy
UK,h0364,0.4742748161441175,scr1994,avaStIn,bevFrtRoadHeavy
UK,h0365,0.45120010643110786,scr1994,avaStIn,bevFrtRoadHeavy
UK,h0366,0.43177982482768507,scr1994,avaStIn,bevFrtRoadHeavy
UK,h0367,0.42452223827293367,scr1994,avaStIn,bevFrtRoadHeavy
UK,h0368,0.4268190175592579,scr1994,avaStIn,bevFrtRoadHeavy
UK,h0369,0.4323415143000279,scr1994,avaStIn,bevFrtRoadHeavy
UK,h0370,0.4235892817447878,scr1994,avaStIn,bevFrtRoadHeavy
UK,h0371,0.3972231945623109,scr1994,avaStIn,bevFrtRoadHeavy
UK,h0372,0.35089573460580925,scr1994,avaStIn,bevFrtRoadHeavy
UK,h0373,0.30301998967102306,scr1994,avaStIn,bevFrtRoadHeavy
UK,h0374,0.2747418333491738,scr1994,avaStIn,bevFrtRoadHeavy
UK,h0375,0.28100428432749325,scr1994,avaStIn,bevFrtRoadHeavy
UK,h0376,0.3264871307407181,scr1994,avaStIn,bevFrtRoadHeavy
UK,h0377,0.39070259799222895,scr1994,avaStIn,bevFrtRoadHeavy
UK,h0378,0.46259285728392163,scr1994,avaStIn,bevFrtRoadHeavy
UK,h0379,0.5258945707660485,scr1994,avaStIn,bevFrtRoadHeavy
UK,h0380,0.5775126532133741,scr1994,avaStIn,bevFrtRoadHeavy
UK,h0381,0.6068226498839902,scr1994,avaStIn,bevFrtRoadHeavy
UK,h0382,0.6077267241442188,scr1994,avaStIn,bevFrtRoadHeavy
UK,h0383,0.5845803785311801,scr1994,avaStIn,bevFrtRoadHeavy
UK,h0384,0.5478532898823398,scr1994,avaStIn,bevFrtRoadHeavy
UK,h0385,0.5248856515458392,scr1994,avaStIn,bevFrtRoadHeavy
UK,h0386,0.5074870468783488,scr1994,avaStIn,bevFrtRoadHeavy
UK,h0387,0.4968721938641999,scr1994,avaStIn,bevFrtRoadHeavy
UK,h0388,0.4742748161441175,scr1994,avaStIn,bevFrtRoadHeavy
UK,h0389,0.45120010643110786,scr1994,avaStIn,bevFrtRoadHeavy
UK,h0390,0.43177982482768507,scr1994,avaStIn,bevFrtRoadHeavy
UK,h0391,0.40706138915818835,scr1994,avaStIn,bevFrtRoadHeavy
UK,h0392,0.3969764167521014,scr1994,avaStIn,bevFrtRoadHeavy
UK,h0393,0.398704215204311,scr1994,avaStIn,bevFrtRoadHeavy
UK,h0394,0.4092662704181904,scr1994,avaStIn,bevFrtRoadHeavy
UK,h0395,0.3984228846802921,scr1994,avaStIn,bevFrtRoadHeavy
UK,h0396,0.3557916354671121,scr1994,avaStIn,bevFrtRoadHeavy
UK,h0397,0.4032711343798502,scr1994,avaStIn,bevFrtRoadHeavy
UK,h0398,0.4468766289603082,scr1994,avaStIn,bevFrtRoadHeavy
UK,h0399,0.4948527004933536,scr1994,avaStIn,bevFrtRoadHeavy
UK,h0400,0.4534503002334087,scr1994,avaStIn,bevFrtRoadHeavy
UK,h0401,0.4204260193216386,scr1994,avaStIn,bevFrtRoadHeavy
UK,h0402,0.4026109563988344,scr1994,avaStIn,bevFrtRoadHeavy
UK,h0403,0.38717632495720755,scr1994,avaStIn,bevFrtRoadHeavy
UK,h0404,0.37445472715407446,scr1994,avaStIn,bevFrtRoadHeavy
UK,h0405,0.3498097025180955,scr1994,avaStIn,bevFrtRoadHeavy
UK,h0406,0.31102111015076905,scr1994,avaStIn,bevFrtRoadHeavy
UK,h0407,0.26701402440775457,scr1994,avaStIn,bevFrtRoadHeavy
UK,h0408,0.23449723533671962,scr1994,avaStIn,bevFrtRoadHeavy
UK,h0409,0.27964190099803043,scr1994,avaStIn,bevFrtRoadHeavy
UK,h0410,0.3416042993233489,scr1994,avaStIn,bevFrtRoadHeavy
UK,h0411,0.4062517931281793,scr1994,avaStIn,bevFrtRoadHeavy
UK,h0412,0.42602364155129935,scr1994,avaStIn,bevFrtRoadHeavy
UK,h0413,0.43706276094289265,scr1994,avaStIn,bevFrtRoadHeavy
UK,h0414,0.4535485098903608,scr1994,avaStIn,bevFrtRoadHeavy
UK,h0415,0.5170257326829233,scr1994,avaStIn,bevFrtRoadHeavy
UK,h0416,0.5846164078323919,scr1994,avaStIn,bevFrtRoadHeavy
UK,h0417,0.6406822225854621,scr1994,avaStIn,bevFrtRoadHeavy
UK,h0418,0.648916667,scr1994,avaStIn,bevFrtRoadHeavy
UK,h0419,0.6397767272678315,scr1994,avaStIn,bevFrtRoadHeavy
UK,h0420,0.6149581532285463,scr1994,avaStIn,bevFrtRoadHeavy
UK,h0421,0.57873992345997,scr1994,avaStIn,bevFrtRoadHeavy
UK,h0422,0.5369544837819952,scr1994,avaStIn,bevFrtRoadHeavy
UK,h0423,0.4948527004933536,scr1994,avaStIn,bevFrtRoadHeavy
UK,h0424,0.4534503002334087,scr1994,avaStIn,bevFrtRoadHeavy
UK,h0425,0.4204260193216386,scr1994,avaStIn,bevFrtRoadHeavy
UK,h0426,0.4026109563988344,scr1994,avaStIn,bevFrtRoadHeavy
UK,h0427,0.39491390237237456,scr1994,avaStIn,bevFrtRoadHeavy
UK,h0428,0.38978694379654266,scr1994,avaStIn,bevFrtRoadHeavy
UK,h0429,0.3764687665489521,scr1994,avaStIn,bevFrtRoadHeavy
UK,h0430,0.34522694886516314,scr1994,avaStIn,bevFrtRoadHeavy
UK,h0431,0.30786594737633977,scr1994,avaStIn,bevFrtRoadHeavy
UK,h0432,0.27795453076937815,scr1994,avaStIn,bevFrtRoadHeavy
UK,h0433,0.3062520747308486,scr1994,avaStIn,bevFrtRoadHeavy
UK,h0434,0.3541101310613447,scr1994,avaStIn,bevFrtRoadHeavy
UK,h0435,0.4062517931281793,scr1994,avaStIn,bevFrtRoadHeavy
UK,h0436,0.42602364155129935,scr1994,avaStIn,bevFrtRoadHeavy
UK,h0437,0.43706276094289265,scr1994,avaStIn,bevFrtRoadHeavy
UK,h0438,0.4535485098903608,scr1994,avaStIn,bevFrtRoadHeavy
UK,h0439,0.4851594149321352,scr1994,avaStIn,bevFrtRoadHeavy
UK,h0440,0.5286055868243559,scr1994,avaStIn,bevFrtRoadHeavy
UK,h0441,0.5691636260720089,scr1994,avaStIn,bevFrtRoadHeavy
UK,h0442,0.5967091713705934,scr1994,avaStIn,bevFrtRoadHeavy
UK,h0443,0.6072714158345788,scr1994,avaStIn,bevFrtRoadHeavy
UK,h0444,0.59974652103956,scr1994,avaStIn,bevFrtRoadHeavy
UK,h0445,0.5745197239560198,scr1994,avaStIn,bevFrtRoadHeavy
UK,h0446,0.5374673886216577,scr1994,avaStIn,bevFrtRoadHeavy
UK,h0447,0.4948527004933536,scr1994,avaStIn,bevFrtRoadHeavy
UK,h0448,0.4534503002334087,scr1994,avaStIn,bevFrtRoadHeavy
UK,h0449,0.4204260193216386,scr1994,avaStIn,bevFrtRoadHeavy
UK,h0450,0.4026109563988344,scr1994,avaStIn,bevFrtRoadHeavy
UK,h0451,0.39491390237237456,scr1994,avaStIn,bevFrtRoadHeavy
UK,h0452,0.38978694379654266,scr1994,avaStIn,bevFrtRoadHeavy
UK,h0453,0.3764687665489521,scr1994,avaStIn,bevFrtRoadHeavy
UK,h0454,0.34522694886516314,scr1994,avaStIn,bevFrtRoadHeavy
UK,h0455,0.30786594737633977,scr1994,avaStIn,bevFrtRoadHeavy
UK,h0456,0.27795453076937815,scr1994,avaStIn,bevFrtRoadHeavy
UK,h0457,0.30287108292681764,scr1994,avaStIn,bevFrtRoadHeavy
UK,h0458,0.3321366917496915,scr1994,avaStIn,bevFrtRoadHeavy
UK,h0459,0.36200873095674635,scr1994,avaStIn,bevFrtRoadHeavy
UK,h0460,0.3700410734025852,scr1994,avaStIn,bevFrtRoadHeavy
UK,h0461,0.39818431727845116,scr1994,avaStIn,bevFrtRoadHeavy
UK,h0462,0.44231843853245956,scr1994,avaStIn,bevFrtRoadHeavy
UK,h0463,0.49387431230617973,scr1994,avaStIn,bevFrtRoadHeavy
UK,h0464,0.5393801271086388,scr1994,avaStIn,bevFrtRoadHeavy
UK,h0465,0.5717279447574262,scr1994,avaStIn,bevFrtRoadHeavy
UK,h0466,0.586402683447679,scr1994,avaStIn,bevFrtRoadHeavy
UK,h0467,0.5903568012897215,scr1994,avaStIn,bevFrtRoadHeavy
UK,h0468,0.5820184110412341,scr1994,avaStIn,bevFrtRoadHeavy
UK,h0469,0.5522541766639685,scr1994,avaStIn,bevFrtRoadHeavy
UK,h0470,0.5025985097221295,scr1994,avaStIn,bevFrtRoadHeavy
UK,h0471,0.43600639021362153,scr1994,avaStIn,bevFrtRoadHeavy
UK,h0472,0.37065033443950335,scr1994,avaStIn,bevFrtRoadHeavy
UK,h0473,0.3140027894568539,scr1994,avaStIn,bevFrtRoadHeavy
UK,h0474,0.284269411174238,scr1994,avaStIn,bevFrtRoadHeavy
UK,h0475,0.30380538555186065,scr1994,avaStIn,bevFrtRoadHeavy
UK,h0476,0.3429092096212538,scr1994,avaStIn,bevFrtRoadHeavy
UK,h0477,0.38960331879383003,scr1994,avaStIn,bevFrtRoadHeavy
UK,h0478,0.40566301745498523,scr1994,avaStIn,bevFrtRoadHeavy
UK,h0479,0.4080816659934241,scr1994,avaStIn,bevFrtRoadHeavy
UK,h0480,0.39331772813358346,scr1994,avaStIn,bevFrtRoadHeavy
UK,h0481,0.4172401623070259,scr1994,avaStIn,bevFrtRoadHeavy
UK,h0482,0.4415250961868308,scr1994,avaStIn,bevFrtRoadHeavy
UK,h0483,0.46508235377397855,scr1994,avaStIn,bevFrtRoadHeavy
UK,h0484,0.4567540775781386,scr1994,avaStIn,bevFrtRoadHeavy
UK,h0485,0.4559454950180819,scr1994,avaStIn,bevFrtRoadHeavy
UK,h0486,0.46997202654119485,scr1994,avaStIn,bevFrtRoadHeavy
UK,h0487,0.5010898808643895,scr1994,avaStIn,bevFrtRoadHeavy
UK,h0488,0.5385315909083035,scr1994,avaStIn,bevFrtRoadHeavy
UK,h0489,0.5717279447574262,scr1994,avaStIn,bevFrtRoadHeavy
UK,h0490,0.586402683447679,scr1994,avaStIn,bevFrtRoadHeavy
UK,h0491,0.5903568012897215,scr1994,avaStIn,bevFrtRoadHeavy
UK,h0492,0.5820184110412341,scr1994,avaStIn,bevFrtRoadHeavy
UK,h0493,0.5522541766639685,scr1994,avaStIn,bevFrtRoadHeavy
UK,h0494,0.5025985097221295,scr1994,avaStIn,bevFrtRoadHeavy
UK,h0495,0.43600639021362153,scr1994,avaStIn,bevFrtRoadHeavy
UK,h0496,0.37065033443950335,scr1994,avaStIn,bevFrtRoadHeavy
UK,h0497,0.3140027894568539,scr1994,avaStIn,bevFrtRoadHeavy
UK,h0498,0.284269411174238,scr1994,avaStIn,bevFrtRoadHeavy
UK,h0499,0.30380538555186065,scr1994,avaStIn,bevFrtRoadHeavy
UK,h0500,0.3429092096212538,scr1994,avaStIn,bevFrtRoadHeavy
UK,h0501,0.38960331879383003,scr1994,avaStIn,bevFrtRoadHeavy
UK,h0502,0.40566301745498523,scr1994,avaStIn,bevFrtRoadHeavy
UK,h0503,0.4080816659934241,scr1994,avaStIn,bevFrtRoadHeavy
UK,h0504,0.39331772813358346,scr1994,avaStIn,bevFrtRoadHeavy
RS,h0337,0.36689691148585085,scr1994,avaStIn,bevFrtRoadHeavy
RS,h0338,0.380104818059327,scr1994,avaStIn,bevFrtRoadHeavy
RS,h0339,0.4194642325578846,scr1994,avaStIn,bevFrtRoadHeavy
RS,h0340,0.46710902255410963,scr1994,avaStIn,bevFrtRoadHeavy
RS,h0341,0.4966725249567239,scr1994,avaStIn,bevFrtRoadHeavy
RS,h0342,0.4917721590281056,scr1994,avaStIn,bevFrtRoadHeavy
RS,h0343,0.46881903384007567,scr1994,avaStIn,bevFrtRoadHeavy
RS,h0344,0.4420970782858393,scr1994,avaStIn,bevFrtRoadHeavy
RS,h0345,0.43234151430002793,scr1994,avaStIn,bevFrtRoadHeavy
RS,h0346,0.4235892817447879,scr1994,avaStIn,bevFrtRoadHeavy
RS,h0347,0.397223194562311,scr1994,avaStIn,bevFrtRoadHeavy
RS,h0348,0.3508957346058093,scr1994,avaStIn,bevFrtRoadHeavy
RS,h0349,0.3030199896710231,scr1994,avaStIn,bevFrtRoadHeavy
RS,h0350,0.27474183334917385,scr1994,avaStIn,bevFrtRoadHeavy
RS,h0351,0.2810042843274933,scr1994,avaStIn,bevFrtRoadHeavy
RS,h0352,0.32648713074071817,scr1994,avaStIn,bevFrtRoadHeavy
RS,h0353,0.3907025979922289,scr1994,avaStIn,bevFrtRoadHeavy
RS,h0354,0.4625928572839217,scr1994,avaStIn,bevFrtRoadHeavy
RS,h0355,0.5273810255260041,scr1994,avaStIn,bevFrtRoadHeavy
RS,h0356,0.575177207510104,scr1994,avaStIn,bevFrtRoadHeavy
RS,h0357,0.5973067629795761,scr1994,avaStIn,bevFrtRoadHeavy
RS,h0358,0.6003940072514531,scr1994,avaStIn,bevFrtRoadHeavy
RS,h0359,0.5908800318598231,scr1994,avaStIn,bevFrtRoadHeavy
RS,h0360,0.5756042397510963,scr1994,avaStIn,bevFrtRoadHeavy
RS,h0361,0.54933335981644,scr1994,avaStIn,bevFrtRoadHeavy
RS,h0362,0.5218683931107748,scr1994,avaStIn,bevFrtRoadHeavy
RS,h0363,0.49687219386419995,scr1994,avaStIn,bevFrtRoadHeavy
RS,h0364,0.47427481614411754,scr1994,avaStIn,bevFrtRoadHeavy
RS,h0365,0.4512001064311079,scr1994,avaStIn,bevFrtRoadHeavy
RS,h0366,0.4317798248276851,scr1994,avaStIn,bevFrtRoadHeavy
RS,h0367,0.4245222382729337,scr1994,avaStIn,bevFrtRoadHeavy
RS,h0368,0.42681901755925794,scr1994,avaStIn,bevFrtRoadHeavy
RS,h0369,0.43234151430002793,scr1994,avaStIn,bevFrtRoadHeavy
RS,h0370,0.4235892817447879,scr1994,avaStIn,bevFrtRoadHeavy
RS,h0371,0.397223194562311,scr1994,avaStIn,bevFrtRoadHeavy
RS,h0372,0.3508957346058093,scr1994,avaStIn,bevFrtRoadHeavy
RS,h0373,0.3030199896710231,scr1994,avaStIn,bevFrtRoadHeavy
RS,h0374,0.27474183334917385,scr1994,avaStIn,bevFrtRoadHeavy
RS,h0375,0.2810042843274933,scr1994,avaStIn,bevFrtRoadHeavy
RS,h0376,0.32648713074071817,scr1994,avaStIn,bevFrtRoadHeavy
RS,h0377,0.3907025979922289,scr1994,avaStIn,bevFrtRoadHeavy
RS,h0378,0.4625928572839217,scr1994,avaStIn,bevFrtRoadHeavy
RS,h0379,0.5258945707660485,scr1994,avaStIn,bevFrtRoadHeavy
RS,h0380,0.5775126532133741,scr1994,avaStIn,bevFrtRoadHeavy
RS,h0381,0.6068226498839902,scr1994,avaStIn,bevFrtRoadHeavy
RS,h0382,0.6077267241442188,scr1994,avaStIn,bevFrtRoadHeavy
RS,h0383,0.5845803785311798,scr1994,avaStIn,bevFrtRoadHeavy
RS,h0384,0.5478532898823398,scr1994,avaStIn,bevFrtRoadHeavy
RS,h0385,0.5248856515458393,scr1994,avaStIn,bevFrtRoadHeavy
RS,h0386,0.5074870468783488,scr1994,avaStIn,bevFrtRoadHeavy
RS,h0387,0.49687219386419995,scr1994,avaStIn,bevFrtRoadHeavy
RS,h0388,0.47427481614411754,scr1994,avaStIn,bevFrtRoadHeavy
RS,h0389,0.4512001064311079,scr1994,avaStIn,bevFrtRoadHeavy
RS,h0390,0.4317798248276851,scr1994,avaStIn,bevFrtRoadHeavy
RS,h0391,0.4070613891581884,scr1994,avaStIn,bevFrtRoadHeavy
RS,h0392,0.39697641675210144,scr1994,avaStIn,bevFrtRoadHeavy
RS,h0393,0.39870421520431126,scr1994,avaStIn,bevFrtRoadHeavy
RS,h0394,0.40926627041819047,scr1994,avaStIn,bevFrtRoadHeavy
RS,h0395,0.39842288468029213,scr1994,avaStIn,bevFrtRoadHeavy
RS,h0396,0.3557916354671122,scr1994,avaStIn,bevFrtRoadHeavy
RS,h0397,0.40327113437985024,scr1994,avaStIn,bevFrtRoadHeavy
RS,h0398,0.4468766289603083,scr1994,avaStIn,bevFrtRoadHeavy
RS,h0399,0.49485270049335356,scr1994,avaStIn,bevFrtRoadHeavy
RS,h0400,0.45345030023340877,scr1994,avaStIn,bevFrtRoadHeavy
RS,h0401,0.42042601932163864,scr1994,avaStIn,bevFrtRoadHeavy
RS,h0402,0.40261095639883443,scr1994,avaStIn,bevFrtRoadHeavy
RS,h0403,0.3871763249572075,scr1994,avaStIn,bevFrtRoadHeavy
RS,h0404,0.3744547271540745,scr1994,avaStIn,bevFrtRoadHeavy
RS,h0405,0.34980970251809557,scr1994,avaStIn,bevFrtRoadHeavy
RS,h0406,0.3110211101507691,scr1994,avaStIn,bevFrtRoadHeavy
RS,h0407,0.2670140244077546,scr1994,avaStIn,bevFrtRoadHeavy
RS,h0408,0.23449723533671968,scr1994,avaStIn,bevFrtRoadHeavy
RS,h0409,0.2796419009980305,scr1994,avaStIn,bevFrtRoadHeavy
RS,h0410,0.34160429932334896,scr1994,avaStIn,bevFrtRoadHeavy
RS,h0411,0.40625179312817933,scr1994,avaStIn,bevFrtRoadHeavy
RS,h0412,0.4260236415512996,scr1994,avaStIn,bevFrtRoadHeavy
RS,h0413,0.4370627609428927,scr1994,avaStIn,bevFrtRoadHeavy
RS,h0414,0.45354850989036083,scr1994,avaStIn,bevFrtRoadHeavy
RS,h0415,0.5170257326829233,scr1994,avaStIn,bevFrtRoadHeavy
RS,h0416,0.5846164078323919,scr1994,avaStIn,bevFrtRoadHeavy
RS,h0417,0.6406822225854623,scr1994,avaStIn,bevFrtRoadHeavy
RS,h0418,0.648916667,scr1994,avaStIn,bevFrtRoadHeavy
RS,h0419,0.6397767272678316,scr1994,avaStIn,bevFrtRoadHeavy
RS,h0420,0.6149581532285464,scr1994,avaStIn,bevFrtRoadHeavy
RS,h0421,0.5787399234599702,scr1994,avaStIn,bevFrtRoadHeavy
RS,h0422,0.5369544837819953,scr1994,avaStIn,bevFrtRoadHeavy
RS,h0423,0.49485270049335356,scr1994,avaStIn,bevFrtRoadHeavy
RS,h0424,0.45345030023340877,scr1994,avaStIn,bevFrtRoadHeavy
RS,h0425,0.42042601932163864,scr1994,avaStIn,bevFrtRoadHeavy
RS,h0426,0.40261095639883443,scr1994,avaStIn,bevFrtRoadHeavy
RS,h0427,0.3949139023723746,scr1994,avaStIn,bevFrtRoadHeavy
RS,h0428,0.3897869437965427,scr1994,avaStIn,bevFrtRoadHeavy
RS,h0429,0.37646876654895217,scr1994,avaStIn,bevFrtRoadHeavy
RS,h0430,0.3452269488651632,scr1994,avaStIn,bevFrtRoadHeavy
RS,h0431,0.3078659473763398,scr1994,avaStIn,bevFrtRoadHeavy
RS,h0432,0.2779545307693782,scr1994,avaStIn,bevFrtRoadHeavy
RS,h0433,0.30625207473084864,scr1994,avaStIn,bevFrtRoadHeavy
RS,h0434,0.35411013106134476,scr1994,avaStIn,bevFrtRoadHeavy
RS,h0435,0.40625179312817933,scr1994,avaStIn,bevFrtRoadHeavy
RS,h0436,0.4260236415512996,scr1994,avaStIn,bevFrtRoadHeavy
RS,h0437,0.4370627609428927,scr1994,avaStIn,bevFrtRoadHeavy
RS,h0438,0.45354850989036083,scr1994,avaStIn,bevFrtRoadHeavy
RS,h0439,0.48515941493213527,scr1994,avaStIn,bevFrtRoadHeavy
RS,h0440,0.528605586824356,scr1994,avaStIn,bevFrtRoadHeavy
RS,h0441,0.569163626072009,scr1994,avaStIn,bevFrtRoadHeavy
RS,h0442,0.5967091713705934,scr1994,avaStIn,bevFrtRoadHeavy
RS,h0443,0.6072714158345789,scr1994,avaStIn,bevFrtRoadHeavy
RS,h0444,0.5997465210395598,scr1994,avaStIn,bevFrtRoadHeavy
RS,h0445,0.5745197239560198,scr1994,avaStIn,bevFrtRoadHeavy
RS,h0446,0.5374673886216577,scr1994,avaStIn,bevFrtRoadHeavy
RS,h0447,0.49485270049335356,scr1994,avaStIn,bevFrtRoadHeavy
RS,h0448,0.45345030023340877,scr1994,avaStIn,bevFrtRoadHeavy
RS,h0449,0.42042601932163864,scr1994,avaStIn,bevFrtRoadHeavy
RS,h0450,0.40261095639883443,scr1994,avaStIn,bevFrtRoadHeavy
RS,h0451,0.3949139023723746,scr1994,avaStIn,bevFrtRoadHeavy
RS,h0452,0.3897869437965427,scr1994,avaStIn,bevFrtRoadHeavy
RS,h0453,0.37646876654895217,scr1994,avaStIn,bevFrtRoadHeavy
RS,h0454,0.3452269488651632,scr1994,avaStIn,bevFrtRoadHeavy
RS,h0455,0.3078659473763398,scr1994,avaStIn,bevFrtRoadHeavy
RS,h0456,0.2779545307693782,scr1994,avaStIn,bevFrtRoadHeavy
RS,h0457,0.3028710829268177,scr1994,avaStIn,bevFrtRoadHeavy
RS,h0458,0.33213669174969157,scr1994,avaStIn,bevFrtRoadHeavy
RS,h0459,0.3620087309567464,scr1994,avaStIn,bevFrtRoadHeavy
RS,h0460,0.37004107340258524,scr1994,avaStIn,bevFrtRoadHeavy
RS,h0461,0.3981843172784512,scr1994,avaStIn,bevFrtRoadHeavy
RS,h0462,0.4423184385324596,scr1994,avaStIn,bevFrtRoadHeavy
RS,h0463,0.4938743123061798,scr1994,avaStIn,bevFrtRoadHeavy
RS,h0464,0.5393801271086389,scr1994,avaStIn,bevFrtRoadHeavy
RS,h0465,0.5717279447574262,scr1994,avaStIn,bevFrtRoadHeavy
RS,h0466,0.5864026834476788,scr1994,avaStIn,bevFrtRoadHeavy
RS,h0467,0.5903568012897213,scr1994,avaStIn,bevFrtRoadHeavy
RS,h0468,0.5820184110412341,scr1994,avaStIn,bevFrtRoadHeavy
RS,h0469,0.5522541766639684,scr1994,avaStIn,bevFrtRoadHeavy
RS,h0470,0.5025985097221295,scr1994,avaStIn,bevFrtRoadHeavy
RS,h0471,0.4360063902136216,scr1994,avaStIn,bevFrtRoadHeavy
RS,h0472,0.3706503344395034,scr1994,avaStIn,bevFrtRoadHeavy
RS,h0473,0.31400278945685395,scr1994,avaStIn,bevFrtRoadHeavy
RS,h0474,0.28426941117423804,scr1994,avaStIn,bevFrtRoadHeavy
RS,h0475,0.3038053855518607,scr1994,avaStIn,bevFrtRoadHeavy
RS,h0476,0.3429092096212539,scr1994,avaStIn,bevFrtRoadHeavy
RS,h0477,0.3896033187938301,scr1994,avaStIn,bevFrtRoadHeavy
RS,h0478,0.4056630174549854,scr1994,avaStIn,bevFrtRoadHeavy
RS,h0479,0.40808166599342416,scr1994,avaStIn,bevFrtRoadHeavy
RS,h0480,0.3933177281335835,scr1994,avaStIn,bevFrtRoadHeavy
RS,h0481,0.41724016230702593,scr1994,avaStIn,bevFrtRoadHeavy
RS,h0482,0.44152509618683106,scr1994,avaStIn,bevFrtRoadHeavy
RS,h0483,0.4650823537739786,scr1994,avaStIn,bevFrtRoadHeavy
RS,h0484,0.45675407757813863,scr1994,avaStIn,bevFrtRoadHeavy
RS,h0485,0.45594549501808196,scr1994,avaStIn,bevFrtRoadHeavy
RS,h0486,0.4699720265411949,scr1994,avaStIn,bevFrtRoadHeavy
RS,h0487,0.5010898808643895,scr1994,avaStIn,bevFrtRoadHeavy
RS,h0488,0.5385315909083035,scr1994,avaStIn,bevFrtRoadHeavy
RS,h0489,0.5717279447574262,scr1994,avaStIn,bevFrtRoadHeavy
RS,h0490,0.5864026834476788,scr1994,avaStIn,bevFrtRoadHeavy
RS,h0491,0.5903568012897213,scr1994,avaStIn,bevFrtRoadHeavy
RS,h0492,0.5820184110412341,scr1994,avaStIn,bevFrtRoadHeavy
RS,h0493,0.5522541766639684,scr1994,avaStIn,bevFrtRoadHeavy
RS,h0494,0.5025985097221295,scr1994,avaStIn,bevFrtRoadHeavy
RS,h0495,0.4360063902136216,scr1994,avaStIn,bevFrtRoadHeavy
RS,h0496,0.3706503344395034,scr1994,avaStIn,bevFrtRoadHeavy
RS,h0497,0.31400278945685395,scr1994,avaStIn,bevFrtRoadHeavy
RS,h0498,0.28426941117423804,scr1994,avaStIn,bevFrtRoadHeavy
RS,h0499,0.3038053855518607,scr1994,avaStIn,bevFrtRoadHeavy
RS,h0500,0.3429092096212539,scr1994,avaStIn,bevFrtRoadHeavy
RS,h0501,0.3896033187938301,scr1994,avaStIn,bevFrtRoadHeavy
RS,h0502,0.4056630174549854,scr1994,avaStIn,bevFrtRoadHeavy
RS,h0503,0.40808166599342416,scr1994,avaStIn,bevFrtRoadHeavy
RS,h0504,0.3933177281335835,scr1994,avaStIn,bevFrtRoadHeavy
BA,h0337,0.36689691148585085,scr1994,avaStIn,bevFrtRoadHeavy
BA,h0338,0.380104818059327,scr1994,avaStIn,bevFrtRoadHeavy
BA,h0339,0.4194642325578846,scr1994,avaStIn,bevFrtRoadHeavy
BA,h0340,0.46710902255410963,scr1994,avaStIn,bevFrtRoadHeavy
BA,h0341,0.4966725249567239,scr1994,avaStIn,bevFrtRoadHeavy
BA,h0342,0.4917721590281056,scr1994,avaStIn,bevFrtRoadHeavy
BA,h0343,0.46881903384007567,scr1994,avaStIn,bevFrtRoadHeavy
BA,h0344,0.4420970782858393,scr1994,avaStIn,bevFrtRoadHeavy
BA,h0345,0.43234151430002793,scr1994,avaStIn,bevFrtRoadHeavy
BA,h0346,0.4235892817447879,scr1994,avaStIn,bevFrtRoadHeavy
BA,h0347,0.397223194562311,scr1994,avaStIn,bevFrtRoadHeavy
BA,h0348,0.3508957346058093,scr1994,avaStIn,bevFrtRoadHeavy
BA,h0349,0.3030199896710231,scr1994,avaStIn,bevFrtRoadHeavy
BA,h0350,0.27474183334917385,scr1994,avaStIn,bevFrtRoadHeavy
BA,h0351,0.2810042843274933,scr1994,avaStIn,bevFrtRoadHeavy
BA,h0352,0.32648713074071817,scr1994,avaStIn,bevFrtRoadHeavy
BA,h0353,0.3907025979922289,scr1994,avaStIn,bevFrtRoadHeavy
BA,h0354,0.4625928572839217,scr1994,avaStIn,bevFrtRoadHeavy
BA,h0355,0.5273810255260041,scr1994,avaStIn,bevFrtRoadHeavy
BA,h0356,0.575177207510104,scr1994,avaStIn,bevFrtRoadHeavy
BA,h0357,0.5973067629795761,scr1994,avaStIn,bevFrtRoadHeavy
BA,h0358,0.6003940072514531,scr1994,avaStIn,bevFrtRoadHeavy
BA,h0359,0.5908800318598231,scr1994,avaStIn,bevFrtRoadHeavy
BA,h0360,0.5756042397510963,scr1994,avaStIn,bevFrtRoadHeavy
BA,h0361,0.54933335981644,scr1994,avaStIn,bevFrtRoadHeavy
BA,h0362,0.5218683931107748,scr1994,avaStIn,bevFrtRoadHeavy
BA,h0363,0.49687219386419995,scr1994,avaStIn,bevFrtRoadHeavy
BA,h0364,0.47427481614411754,scr1994,avaStIn,bevFrtRoadHeavy
BA,h0365,0.4512001064311079,scr1994,avaStIn,bevFrtRoadHeavy
BA,h0366,0.4317798248276851,scr1994,avaStIn,bevFrtRoadHeavy
BA,h0367,0.4245222382729337,scr1994,avaStIn,bevFrtRoadHeavy
BA,h0368,0.42681901755925794,scr1994,avaStIn,bevFrtRoadHeavy
BA,h0369,0.43234151430002793,scr1994,avaStIn,bevFrtRoadHeavy
BA,h0370,0.4235892817447879,scr1994,avaStIn,bevFrtRoadHeavy
BA,h0371,0.397223194562311,scr1994,avaStIn,bevFrtRoadHeavy
BA,h0372,0.3508957346058093,scr1994,avaStIn,bevFrtRoadHeavy
BA,h0373,0.3030199896710231,scr1994,avaStIn,bevFrtRoadHeavy
BA,h0374,0.27474183334917385,scr1994,avaStIn,bevFrtRoadHeavy
BA,h0375,0.2810042843274933,scr1994,avaStIn,bevFrtRoadHeavy
BA,h0376,0.32648713074071817,scr1994,avaStIn,bevFrtRoadHeavy
BA,h0377,0.3907025979922289,scr1994,avaStIn,bevFrtRoadHeavy
BA,h0378,0.4625928572839217,scr1994,avaStIn,bevFrtRoadHeavy
BA,h0379,0.5258945707660485,scr1994,avaStIn,bevFrtRoadHeavy
BA,h0380,0.5775126532133741,scr1994,avaStIn,bevFrtRoadHeavy
BA,h0381,0.6068226498839902,scr1994,avaStIn,bevFrtRoadHeavy
BA,h0382,0.6077267241442188,scr1994,avaStIn,bevFrtRoadHeavy
BA,h0383,0.5845803785311798,scr1994,avaStIn,bevFrtRoadHeavy
BA,h0384,0.5478532898823398,scr1994,avaStIn,bevFrtRoadHeavy
BA,h0385,0.5248856515458393,scr1994,avaStIn,bevFrtRoadHeavy
BA,h0386,0.5074870468783488,scr1994,avaStIn,bevFrtRoadHeavy
BA,h0387,0.49687219386419995,scr1994,avaStIn,bevFrtRoadHeavy
BA,h0388,0.47427481614411754,scr1994,avaStIn,bevFrtRoadHeavy
BA,h0389,0.4512001064311079,scr1994,avaStIn,bevFrtRoadHeavy
BA,h0390,0.4317798248276851,scr1994,avaStIn,bevFrtRoadHeavy
BA,h0391,0.4070613891581884,scr1994,avaStIn,bevFrtRoadHeavy
BA,h0392,0.39697641675210144,scr1994,avaStIn,bevFrtRoadHeavy
BA,h0393,0.39870421520431126,scr1994,avaStIn,bevFrtRoadHeavy
BA,h0394,0.40926627041819047,scr1994,avaStIn,bevFrtRoadHeavy
BA,h0395,0.39842288468029213,scr1994,avaStIn,bevFrtRoadHeavy
BA,h0396,0.3557916354671122,scr1994,avaStIn,bevFrtRoadHeavy
BA,h0397,0.40327113437985024,scr1994,avaStIn,bevFrtRoadHeavy
BA,h0398,0.4468766289603083,scr1994,avaStIn,bevFrtRoadHeavy
BA,h0399,0.49485270049335356,scr1994,avaStIn,bevFrtRoadHeavy
BA,h0400,0.45345030023340877,scr1994,avaStIn,bevFrtRoadHeavy
BA,h0401,0.42042601932163864,scr1994,avaStIn,bevFrtRoadHeavy
BA,h0402,0.40261095639883443,scr1994,avaStIn,bevFrtRoadHeavy
BA,h0403,0.3871763249572075,scr1994,avaStIn,bevFrtRoadHeavy
BA,h0404,0.3744547271540745,scr1994,avaStIn,bevFrtRoadHeavy
BA,h0405,0.34980970251809557,scr1994,avaStIn,bevFrtRoadHeavy
BA,h0406,0.3110211101507691,scr1994,avaStIn,bevFrtRoadHeavy
BA,h0407,0.2670140244077546,scr1994,avaStIn,bevFrtRoadHeavy
BA,h0408,0.23449723533671968,scr1994,avaStIn,bevFrtRoadHeavy
BA,h0409,0.2796419009980305,scr1994,avaStIn,bevFrtRoadHeavy
BA,h0410,0.34160429932334896,scr1994,avaStIn,bevFrtRoadHeavy
BA,h0411,0.40625179312817933,scr1994,avaStIn,bevFrtRoadHeavy
BA,h0412,0.4260236415512996,scr1994,avaStIn,bevFrtRoadHeavy
BA,h0413,0.4370627609428927,scr1994,avaStIn,bevFrtRoadHeavy
BA,h0414,0.45354850989036083,scr1994,avaStIn,bevFrtRoadHeavy
BA,h0415,0.5170257326829233,scr1994,avaStIn,bevFrtRoadHeavy
BA,h0416,0.5846164078323919,scr1994,avaStIn,bevFrtRoadHeavy
BA,h0417,0.6406822225854623,scr1994,avaStIn,bevFrtRoadHeavy
BA,h0418,0.648916667,scr1994,avaStIn,bevFrtRoadHeavy
BA,h0419,0.6397767272678316,scr1994,avaStIn,bevFrtRoadHeavy
BA,h0420,0.6149581532285464,scr1994,avaStIn,bevFrtRoadHeavy
BA,h0421,0.5787399234599702,scr1994,avaStIn,bevFrtRoadHeavy
BA,h0422,0.5369544837819953,scr1994,avaStIn,bevFrtRoadHeavy
BA,h0423,0.49485270049335356,scr1994,avaStIn,bevFrtRoadHeavy
BA,h0424,0.45345030023340877,scr1994,avaStIn,bevFrtRoadHeavy
BA,h0425,0.42042601932163864,scr1994,avaStIn,bevFrtRoadHeavy
BA,h0426,0.40261095639883443,scr1994,avaStIn,bevFrtRoadHeavy
BA,h0427,0.3949139023723746,scr1994,avaStIn,bevFrtRoadHeavy
BA,h0428,0.3897869437965427,scr1994,avaStIn,bevFrtRoadHeavy
BA,h0429,0.37646876654895217,scr1994,avaStIn,bevFrtRoadHeavy
BA,h0430,0.3452269488651632,scr1994,avaStIn,bevFrtRoadHeavy
BA,h0431,0.3078659473763398,scr1994,avaStIn,bevFrtRoadHeavy
BA,h0432,0.2779545307693782,scr1994,avaStIn,bevFrtRoadHeavy
BA,h0433,0.30625207473084864,scr1994,avaStIn,bevFrtRoadHeavy
BA,h0434,0.35411013106134476,scr1994,avaStIn,bevFrtRoadHeavy
BA,h0435,0.40625179312817933,scr1994,avaStIn,bevFrtRoadHeavy
BA,h0436,0.4260236415512996,scr1994,avaStIn,bevFrtRoadHeavy
BA,h0437,0.4370627609428927,scr1994,avaStIn,bevFrtRoadHeavy
BA,h0438,0.45354850989036083,scr1994,avaStIn,bevFrtRoadHeavy
BA,h0439,0.48515941493213527,scr1994,avaStIn,bevFrtRoadHeavy
BA,h0440,0.528605586824356,scr1994,avaStIn,bevFrtRoadHeavy
BA,h0441,0.569163626072009,scr1994,avaStIn,bevFrtRoadHeavy
BA,h0442,0.5967091713705934,scr1994,avaStIn,bevFrtRoadHeavy
BA,h0443,0.6072714158345789,scr1994,avaStIn,bevFrtRoadHeavy
BA,h0444,0.5997465210395598,scr1994,avaStIn,bevFrtRoadHeavy
BA,h0445,0.5745197239560198,scr1994,avaStIn,bevFrtRoadHeavy
BA,h0446,0.5374673886216577,scr1994,avaStIn,bevFrtRoadHeavy
BA,h0447,0.49485270049335356,scr1994,avaStIn,bevFrtRoadHeavy
BA,h0448,0.45345030023340877,scr1994,avaStIn,bevFrtRoadHeavy
BA,h0449,0.42042601932163864,scr1994,avaStIn,bevFrtRoadHeavy
BA,h0450,0.40261095639883443,scr1994,avaStIn,bevFrtRoadHeavy
BA,h0451,0.3949139023723746,scr1994,avaStIn,bevFrtRoadHeavy
BA,h0452,0.3897869437965427,scr1994,avaStIn,bevFrtRoadHeavy
BA,h0453,0.37646876654895217,scr1994,avaStIn,bevFrtRoadHeavy
BA,h0454,0.3452269488651632,scr1994,avaStIn,bevFrtRoadHeavy
BA,h0455,0.3078659473763398,scr1994,avaStIn,bevFrtRoadHeavy
BA,h0456,0.2779545307693782,scr1994,avaStIn,bevFrtRoadHeavy
BA,h0457,0.3028710829268177,scr1994,avaStIn,bevFrtRoadHeavy
BA,h0458,0.33213669174969157,scr1994,avaStIn,bevFrtRoadHeavy
BA,h0459,0.3620087309567464,scr1994,avaStIn,bevFrtRoadHeavy
BA,h0460,0.37004107340258524,scr1994,avaStIn,bevFrtRoadHeavy
BA,h0461,0.3981843172784512,scr1994,avaStIn,bevFrtRoadHeavy
BA,h0462,0.4423184385324596,scr1994,avaStIn,bevFrtRoadHeavy
BA,h0463,0.4938743123061798,scr1994,avaStIn,bevFrtRoadHeavy
BA,h0464,0.5393801271086389,scr1994,avaStIn,bevFrtRoadHeavy
BA,h0465,0.5717279447574262,scr1994,avaStIn,bevFrtRoadHeavy
BA,h0466,0.5864026834476788,scr1994,avaStIn,bevFrtRoadHeavy
BA,h0467,0.5903568012897213,scr1994,avaStIn,bevFrtRoadHeavy
BA,h0468,0.5820184110412341,scr1994,avaStIn,bevFrtRoadHeavy
BA,h0469,0.5522541766639684,scr1994,avaStIn,bevFrtRoadHeavy
BA,h0470,0.5025985097221295,scr1994,avaStIn,bevFrtRoadHeavy
BA,h0471,0.4360063902136216,scr1994,avaStIn,bevFrtRoadHeavy
BA,h0472,0.3706503344395034,scr1994,avaStIn,bevFrtRoadHeavy
BA,h0473,0.31400278945685395,scr1994,avaStIn,bevFrtRoadHeavy
BA,h0474,0.28426941117423804,scr1994,avaStIn,bevFrtRoadHeavy
BA,h0475,0.3038053855518607,scr1994,avaStIn,bevFrtRoadHeavy
BA,h0476,0.3429092096212539,scr1994,avaStIn,bevFrtRoadHeavy
BA,h0477,0.3896033187938301,scr1994,avaStIn,bevFrtRoadHeavy
BA,h0478,0.4056630174549854,scr1994,avaStIn,bevFrtRoadHeavy
BA,h0479,0.40808166599342416,scr1994,avaStIn,bevFrtRoadHeavy
BA,h0480,0.3933177281335835,scr1994,avaStIn,bevFrtRoadHeavy
BA,h0481,0.41724016230702593,scr1994,avaStIn,bevFrtRoadHeavy
BA,h0482,0.44152509618683106,scr1994,avaStIn,bevFrtRoadHeavy
BA,h0483,0.4650823537739786,scr1994,avaStIn,bevFrtRoadHeavy
BA,h0484,0.45675407757813863,scr1994,avaStIn,bevFrtRoadHeavy
BA,h0485,0.45594549501808196,scr1994,avaStIn,bevFrtRoadHeavy
BA,h0486,0.4699720265411949,scr1994,avaStIn,bevFrtRoadHeavy
BA,h0487,0.5010898808643895,scr1994,avaStIn,bevFrtRoadHeavy
BA,h0488,0.5385315909083035,scr1994,avaStIn,bevFrtRoadHeavy
BA,h0489,0.5717279447574262,scr1994,avaStIn,bevFrtRoadHeavy
BA,h0490,0.5864026834476788,scr1994,avaStIn,bevFrtRoadHeavy
BA,h0491,0.5903568012897213,scr1994,avaStIn,bevFrtRoadHeavy
BA,h0492,0.5820184110412341,scr1994,avaStIn,bevFrtRoadHeavy
BA,h0493,0.5522541766639684,scr1994,avaStIn,bevFrtRoadHeavy
BA,h0494,0.5025985097221295,scr1994,avaStIn,bevFrtRoadHeavy
BA,h0495,0.4360063902136216,scr1994,avaStIn,bevFrtRoadHeavy
BA,h0496,0.3706503344395034,scr1994,avaStIn,bevFrtRoadHeavy
BA,h0497,0.31400278945685395,scr1994,avaStIn,bevFrtRoadHeavy
BA,h0498,0.28426941117423804,scr1994,avaStIn,bevFrtRoadHeavy
BA,h0499,0.3038053855518607,scr1994,avaStIn,bevFrtRoadHeavy
BA,h0500,0.3429092096212539,scr1994,avaStIn,bevFrtRoadHeavy
BA,h0501,0.3896033187938301,scr1994,avaStIn,bevFrtRoadHeavy
BA,h0502,0.4056630174549854,scr1994,avaStIn,bevFrtRoadHeavy
BA,h0503,0.40808166599342416,scr1994,avaStIn,bevFrtRoadHeavy
BA,h0504,0.3933177281335835,scr1994,avaStIn,bevFrtRoadHeavy
AL,h0337,0.36689691148585085,scr1994,avaStIn,bevFrtRoadHeavy
AL,h0338,0.380104818059327,scr1994,avaStIn,bevFrtRoadHeavy
AL,h0339,0.4194642325578846,scr1994,avaStIn,bevFrtRoadHeavy
AL,h0340,0.46710902255410963,scr1994,avaStIn,bevFrtRoadHeavy
AL,h0341,0.4966725249567239,scr1994,avaStIn,bevFrtRoadHeavy
AL,h0342,0.4917721590281056,scr1994,avaStIn,bevFrtRoadHeavy
AL,h0343,0.46881903384007567,scr1994,avaStIn,bevFrtRoadHeavy
AL,h0344,0.4420970782858393,scr1994,avaStIn,bevFrtRoadHeavy
AL,h0345,0.43234151430002793,scr1994,avaStIn,bevFrtRoadHeavy
AL,h0346,0.4235892817447879,scr1994,avaStIn,bevFrtRoadHeavy
AL,h0347,0.397223194562311,scr1994,avaStIn,bevFrtRoadHeavy
AL,h0348,0.3508957346058093,scr1994,avaStIn,bevFrtRoadHeavy
AL,h0349,0.3030199896710231,scr1994,avaStIn,bevFrtRoadHeavy
AL,h0350,0.27474183334917385,scr1994,avaStIn,bevFrtRoadHeavy
AL,h0351,0.2810042843274933,scr1994,avaStIn,bevFrtRoadHeavy
AL,h0352,0.32648713074071817,scr1994,avaStIn,bevFrtRoadHeavy
AL,h0353,0.3907025979922289,scr1994,avaStIn,bevFrtRoadHeavy
AL,h0354,0.4625928572839217,scr1994,avaStIn,bevFrtRoadHeavy
AL,h0355,0.5273810255260041,scr1994,avaStIn,bevFrtRoadHeavy
AL,h0356,0.575177207510104,scr1994,avaStIn,bevFrtRoadHeavy
AL,h0357,0.5973067629795761,scr1994,avaStIn,bevFrtRoadHeavy
AL,h0358,0.6003940072514531,scr1994,avaStIn,bevFrtRoadHeavy
AL,h0359,0.5908800318598231,scr1994,avaStIn,bevFrtRoadHeavy
AL,h0360,0.5756042397510963,scr1994,avaStIn,bevFrtRoadHeavy
AL,h0361,0.54933335981644,scr1994,avaStIn,bevFrtRoadHeavy
AL,h0362,0.5218683931107748,scr1994,avaStIn,bevFrtRoadHeavy
AL,h0363,0.49687219386419995,scr1994,avaStIn,bevFrtRoadHeavy
AL,h0364,0.47427481614411754,scr1994,avaStIn,bevFrtRoadHeavy
AL,h0365,0.4512001064311079,scr1994,avaStIn,bevFrtRoadHeavy
AL,h0366,0.4317798248276851,scr1994,avaStIn,bevFrtRoadHeavy
AL,h0367,0.4245222382729337,scr1994,avaStIn,bevFrtRoadHeavy
AL,h0368,0.42681901755925794,scr1994,avaStIn,bevFrtRoadHeavy
AL,h0369,0.43234151430002793,scr1994,avaStIn,bevFrtRoadHeavy
AL,h0370,0.4235892817447879,scr1994,avaStIn,bevFrtRoadHeavy
AL,h0371,0.397223194562311,scr1994,avaStIn,bevFrtRoadHeavy
AL,h0372,0.3508957346058093,scr1994,avaStIn,bevFrtRoadHeavy
AL,h0373,0.3030199896710231,scr1994,avaStIn,bevFrtRoadHeavy
AL,h0374,0.27474183334917385,scr1994,avaStIn,bevFrtRoadHeavy
AL,h0375,0.2810042843274933,scr1994,avaStIn,bevFrtRoadHeavy
AL,h0376,0.32648713074071817,scr1994,avaStIn,bevFrtRoadHeavy
AL,h0377,0.3907025979922289,scr1994,avaStIn,bevFrtRoadHeavy
AL,h0378,0.4625928572839217,scr1994,avaStIn,bevFrtRoadHeavy
AL,h0379,0.5258945707660485,scr1994,avaStIn,bevFrtRoadHeavy
AL,h0380,0.5775126532133741,scr1994,avaStIn,bevFrtRoadHeavy
AL,h0381,0.6068226498839902,scr1994,avaStIn,bevFrtRoadHeavy
AL,h0382,0.6077267241442188,scr1994,avaStIn,bevFrtRoadHeavy
AL,h0383,0.5845803785311798,scr1994,avaStIn,bevFrtRoadHeavy
AL,h0384,0.5478532898823398,scr1994,avaStIn,bevFrtRoadHeavy
AL,h0385,0.5248856515458393,scr1994,avaStIn,bevFrtRoadHeavy
AL,h0386,0.5074870468783488,scr1994,avaStIn,bevFrtRoadHeavy
AL,h0387,0.49687219386419995,scr1994,avaStIn,bevFrtRoadHeavy
AL,h0388,0.47427481614411754,scr1994,avaStIn,bevFrtRoadHeavy
AL,h0389,0.4512001064311079,scr1994,avaStIn,bevFrtRoadHeavy
AL,h0390,0.4317798248276851,scr1994,avaStIn,bevFrtRoadHeavy
AL,h0391,0.4070613891581884,scr1994,avaStIn,bevFrtRoadHeavy
AL,h0392,0.39697641675210144,scr1994,avaStIn,bevFrtRoadHeavy
AL,h0393,0.39870421520431126,scr1994,avaStIn,bevFrtRoadHeavy
AL,h0394,0.40926627041819047,scr1994,avaStIn,bevFrtRoadHeavy
AL,h0395,0.39842288468029213,scr1994,avaStIn,bevFrtRoadHeavy
AL,h0396,0.3557916354671122,scr1994,avaStIn,bevFrtRoadHeavy
AL,h0397,0.40327113437985024,scr1994,avaStIn,bevFrtRoadHeavy
AL,h0398,0.4468766289603083,scr1994,avaStIn,bevFrtRoadHeavy
AL,h0399,0.49485270049335356,scr1994,avaStIn,bevFrtRoadHeavy
AL,h0400,0.45345030023340877,scr1994,avaStIn,bevFrtRoadHeavy
AL,h0401,0.42042601932163864,scr1994,avaStIn,bevFrtRoadHeavy
AL,h0402,0.40261095639883443,scr1994,avaStIn,bevFrtRoadHeavy
AL,h0403,0.3871763249572075,scr1994,avaStIn,bevFrtRoadHeavy
AL,h0404,0.3744547271540745,scr1994,avaStIn,bevFrtRoadHeavy
AL,h0405,0.34980970251809557,scr1994,avaStIn,bevFrtRoadHeavy
AL,h0406,0.3110211101507691,scr1994,avaStIn,bevFrtRoadHeavy
AL,h0407,0.2670140244077546,scr1994,avaStIn,bevFrtRoadHeavy
AL,h0408,0.23449723533671968,scr1994,avaStIn,bevFrtRoadHeavy
AL,h0409,0.2796419009980305,scr1994,avaStIn,bevFrtRoadHeavy
AL,h0410,0.34160429932334896,scr1994,avaStIn,bevFrtRoadHeavy
AL,h0411,0.40625179312817933,scr1994,avaStIn,bevFrtRoadHeavy
AL,h0412,0.4260236415512996,scr1994,avaStIn,bevFrtRoadHeavy
AL,h0413,0.4370627609428927,scr1994,avaStIn,bevFrtRoadHeavy
AL,h0414,0.45354850989036083,scr1994,avaStIn,bevFrtRoadHeavy
AL,h0415,0.5170257326829233,scr1994,avaStIn,bevFrtRoadHeavy
AL,h0416,0.5846164078323919,scr1994,avaStIn,bevFrtRoadHeavy
AL,h0417,0.6406822225854623,scr1994,avaStIn,bevFrtRoadHeavy
AL,h0418,0.648916667,scr1994,avaStIn,bevFrtRoadHeavy
AL,h0419,0.6397767272678316,scr1994,avaStIn,bevFrtRoadHeavy
AL,h0420,0.6149581532285464,scr1994,avaStIn,bevFrtRoadHeavy
AL,h0421,0.5787399234599702,scr1994,avaStIn,bevFrtRoadHeavy
AL,h0422,0.5369544837819953,scr1994,avaStIn,bevFrtRoadHeavy
AL,h0423,0.49485270049335356,scr1994,avaStIn,bevFrtRoadHeavy
AL,h0424,0.45345030023340877,scr1994,avaStIn,bevFrtRoadHeavy
AL,h0425,0.42042601932163864,scr1994,avaStIn,bevFrtRoadHeavy
AL,h0426,0.40261095639883443,scr1994,avaStIn,bevFrtRoadHeavy
AL,h0427,0.3949139023723746,scr1994,avaStIn,bevFrtRoadHeavy
AL,h0428,0.3897869437965427,scr1994,avaStIn,bevFrtRoadHeavy
AL,h0429,0.37646876654895217,scr1994,avaStIn,bevFrtRoadHeavy
AL,h0430,0.3452269488651632,scr1994,avaStIn,bevFrtRoadHeavy
AL,h0431,0.3078659473763398,scr1994,avaStIn,bevFrtRoadHeavy
AL,h0432,0.2779545307693782,scr1994,avaStIn,bevFrtRoadHeavy
AL,h0433,0.30625207473084864,scr1994,avaStIn,bevFrtRoadHeavy
AL,h0434,0.35411013106134476,scr1994,avaStIn,bevFrtRoadHeavy
AL,h0435,0.40625179312817933,scr1994,avaStIn,bevFrtRoadHeavy
AL,h0436,0.4260236415512996,scr1994,avaStIn,bevFrtRoadHeavy
AL,h0437,0.4370627609428927,scr1994,avaStIn,bevFrtRoadHeavy
AL,h0438,0.45354850989036083,scr1994,avaStIn,bevFrtRoadHeavy
AL,h0439,0.48515941493213527,scr1994,avaStIn,bevFrtRoadHeavy
AL,h0440,0.528605586824356,scr1994,avaStIn,bevFrtRoadHeavy
AL,h0441,0.569163626072009,scr1994,avaStIn,bevFrtRoadHeavy
AL,h0442,0.5967091713705934,scr1994,avaStIn,bevFrtRoadHeavy
AL,h0443,0.6072714158345789,scr1994,avaStIn,bevFrtRoadHeavy
AL,h0444,0.5997465210395598,scr1994,avaStIn,bevFrtRoadHeavy
AL,h0445,0.5745197239560198,scr1994,avaStIn,bevFrtRoadHeavy
AL,h0446,0.5374673886216577,scr1994,avaStIn,bevFrtRoadHeavy
AL,h0447,0.49485270049335356,scr1994,avaStIn,bevFrtRoadHeavy
AL,h0448,0.45345030023340877,scr1994,avaStIn,bevFrtRoadHeavy
AL,h0449,0.42042601932163864,scr1994,avaStIn,bevFrtRoadHeavy
AL,h0450,0.40261095639883443,scr1994,avaStIn,bevFrtRoadHeavy
AL,h0451,0.3949139023723746,scr1994,avaStIn,bevFrtRoadHeavy
AL,h0452,0.3897869437965427,scr1994,avaStIn,bevFrtRoadHeavy
AL,h0453,0.37646876654895217,scr1994,avaStIn,bevFrtRoadHeavy
AL,h0454,0.3452269488651632,scr1994,avaStIn,bevFrtRoadHeavy
AL,h0455,0.3078659473763398,scr1994,avaStIn,bevFrtRoadHeavy
AL,h0456,0.2779545307693782,scr1994,avaStIn,bevFrtRoadHeavy
AL,h0457,0.3028710829268177,scr1994,avaStIn,bevFrtRoadHeavy
AL,h0458,0.33213669174969157,scr1994,avaStIn,bevFrtRoadHeavy
AL,h0459,0.3620087309567464,scr1994,avaStIn,bevFrtRoadHeavy
AL,h0460,0.37004107340258524,scr1994,avaStIn,bevFrtRoadHeavy
AL,h0461,0.3981843172784512,scr1994,avaStIn,bevFrtRoadHeavy
AL,h0462,0.4423184385324596,scr1994,avaStIn,bevFrtRoadHeavy
AL,h0463,0.4938743123061798,scr1994,avaStIn,bevFrtRoadHeavy
AL,h0464,0.5393801271086389,scr1994,avaStIn,bevFrtRoadHeavy
AL,h0465,0.5717279447574262,scr1994,avaStIn,bevFrtRoadHeavy
AL,h0466,0.5864026834476788,scr1994,avaStIn,bevFrtRoadHeavy
AL,h0467,0.5903568012897213,scr1994,avaStIn,bevFrtRoadHeavy
AL,h0468,0.5820184110412341,scr1994,avaStIn,bevFrtRoadHeavy
AL,h0469,0.5522541766639684,scr1994,avaStIn,bevFrtRoadHeavy
AL,h0470,0.5025985097221295,scr1994,avaStIn,bevFrtRoadHeavy
AL,h0471,0.4360063902136216,scr1994,avaStIn,bevFrtRoadHeavy
AL,h0472,0.3706503344395034,scr1994,avaStIn,bevFrtRoadHeavy
AL,h0473,0.31400278945685395,scr1994,avaStIn,bevFrtRoadHeavy
AL,h0474,0.28426941117423804,scr1994,avaStIn,bevFrtRoadHeavy
AL,h0475,0.3038053855518607,scr1994,avaStIn,bevFrtRoadHeavy
AL,h0476,0.3429092096212539,scr1994,avaStIn,bevFrtRoadHeavy
AL,h0477,0.3896033187938301,scr1994,avaStIn,bevFrtRoadHeavy
AL,h0478,0.4056630174549854,scr1994,avaStIn,bevFrtRoadHeavy
AL,h0479,0.40808166599342416,scr1994,avaStIn,bevFrtRoadHeavy
AL,h0480,0.3933177281335835,scr1994,avaStIn,bevFrtRoadHeavy
AL,h0481,0.41724016230702593,scr1994,avaStIn,bevFrtRoadHeavy
AL,h0482,0.44152509618683106,scr1994,avaStIn,bevFrtRoadHeavy
AL,h0483,0.4650823537739786,scr1994,avaStIn,bevFrtRoadHeavy
AL,h0484,0.45675407757813863,scr1994,avaStIn,bevFrtRoadHeavy
AL,h0485,0.45594549501808196,scr1994,avaStIn,bevFrtRoadHeavy
AL,h0486,0.4699720265411949,scr1994,avaStIn,bevFrtRoadHeavy
AL,h0487,0.5010898808643895,scr1994,avaStIn,bevFrtRoadHeavy
AL,h0488,0.5385315909083035,scr1994,avaStIn,bevFrtRoadHeavy
AL,h0489,0.5717279447574262,scr1994,avaStIn,bevFrtRoadHeavy
AL,h0490,0.5864026834476788,scr1994,avaStIn,bevFrtRoadHeavy
AL,h0491,0.5903568012897213,scr1994,avaStIn,bevFrtRoadHeavy
AL,h0492,0.5820184110412341,scr1994,avaStIn,bevFrtRoadHeavy
AL,h0493,0.5522541766639684,scr1994,avaStIn,bevFrtRoadHeavy
AL,h0494,0.5025985097221295,scr1994,avaStIn,bevFrtRoadHeavy
AL,h0495,0.4360063902136216,scr1994,avaStIn,bevFrtRoadHeavy
AL,h0496,0.3706503344395034,scr1994,avaStIn,bevFrtRoadHeavy
AL,h0497,0.31400278945685395,scr1994,avaStIn,bevFrtRoadHeavy
AL,h0498,0.28426941117423804,scr1994,avaStIn,bevFrtRoadHeavy
AL,h0499,0.3038053855518607,scr1994,avaStIn,bevFrtRoadHeavy
AL,h0500,0.3429092096212539,scr1994,avaStIn,bevFrtRoadHeavy
AL,h0501,0.3896033187938301,scr1994,avaStIn,bevFrtRoadHeavy
AL,h0502,0.4056630174549854,scr1994,avaStIn,bevFrtRoadHeavy
AL,h0503,0.40808166599342416,scr1994,avaStIn,bevFrtRoadHeavy
AL,h0504,0.3933177281335835,scr1994,avaStIn,bevFrtRoadHeavy
