region_2,timestep_6,value,scenario_1,parameter,technology_3
AT,h0289,0.3712654449045658,scr2008,avaConv,bevPsngRoadPub
AT,h0290,0.4065909367054701,scr2008,avaConv,bevPsngRoadPub
AT,h0291,0.44890107214450836,scr2008,avaConv,bevPsngRoadPub
AT,h0292,0.4551440756767988,scr2008,avaConv,bevPsngRoadPub
AT,h0293,0.4495423575863242,scr2008,avaConv,bevPsngRoadPub
AT,h0294,0.44444018602371216,scr2008,avaConv,bevPsngRoadPub
AT,h0295,0.44442442059516907,scr2008,avaConv,bevPsngRoadPub
AT,h0296,0.46471694577485323,scr2008,avaConv,bevPsngRoadPub
AT,h0297,0.4854253428056836,scr2008,avaConv,bevPsngRoadPub
AT,h0298,0.5038912845775485,scr2008,avaConv,bevPsngRoadPub
AT,h0299,0.5111194374039769,scr2008,avaConv,bevPsngRoadPub
AT,h0300,0.5178712951019406,scr2008,avaConv,bevPsngRoadPub
AT,h0301,0.5195997161790729,scr2008,avaConv,bevPsngRoadPub
AT,h0302,0.510611048899591,scr2008,avaConv,bevPsngRoadPub
AT,h0303,0.4808564791455865,scr2008,avaConv,bevPsngRoadPub
AT,h0304,0.432514694519341,scr2008,avaConv,bevPsngRoadPub
AT,h0305,0.36839305702596903,scr2008,avaConv,bevPsngRoadPub
AT,h0306,0.3149670176208019,scr2008,avaConv,bevPsngRoadPub
AT,h0307,0.28527118638157845,scr2008,avaConv,bevPsngRoadPub
AT,h0308,0.2973818089812994,scr2008,avaConv,bevPsngRoadPub
AT,h0309,0.32185747288167477,scr2008,avaConv,bevPsngRoadPub
AT,h0310,0.3482269989326596,scr2008,avaConv,bevPsngRoadPub
AT,h0311,0.3543228879570961,scr2008,avaConv,bevPsngRoadPub
AT,h0312,0.3641937468200922,scr2008,avaConv,bevPsngRoadPub
AT,h0313,0.3892500502988696,scr2008,avaConv,bevPsngRoadPub
AT,h0314,0.42347994167357683,scr2008,avaConv,bevPsngRoadPub
AT,h0315,0.44890107214450836,scr2008,avaConv,bevPsngRoadPub
AT,h0316,0.4551440756767988,scr2008,avaConv,bevPsngRoadPub
AT,h0317,0.4495423575863242,scr2008,avaConv,bevPsngRoadPub
AT,h0318,0.44444018602371216,scr2008,avaConv,bevPsngRoadPub
AT,h0319,0.4650268377736211,scr2008,avaConv,bevPsngRoadPub
AT,h0320,0.49096779245883226,scr2008,avaConv,bevPsngRoadPub
AT,h0321,0.5193259147927165,scr2008,avaConv,bevPsngRoadPub
AT,h0322,0.5281317252665758,scr2008,avaConv,bevPsngRoadPub
AT,h0323,0.534407202154398,scr2008,avaConv,bevPsngRoadPub
AT,h0324,0.5355785982683301,scr2008,avaConv,bevPsngRoadPub
AT,h0325,0.5278114257380366,scr2008,avaConv,bevPsngRoadPub
AT,h0326,0.513608118519187,scr2008,avaConv,bevPsngRoadPub
AT,h0327,0.4808564791455865,scr2008,avaConv,bevPsngRoadPub
AT,h0328,0.432514694519341,scr2008,avaConv,bevPsngRoadPub
AT,h0329,0.36839305702596903,scr2008,avaConv,bevPsngRoadPub
AT,h0330,0.3149670176208019,scr2008,avaConv,bevPsngRoadPub
AT,h0331,0.28527118638157845,scr2008,avaConv,bevPsngRoadPub
AT,h0332,0.2973818089812994,scr2008,avaConv,bevPsngRoadPub
AT,h0333,0.32185747288167477,scr2008,avaConv,bevPsngRoadPub
AT,h0334,0.3482269989326596,scr2008,avaConv,bevPsngRoadPub
AT,h0335,0.3543228879570961,scr2008,avaConv,bevPsngRoadPub
AT,h0336,0.3641937468200922,scr2008,avaConv,bevPsngRoadPub
BE,h0289,0.3712654449045658,scr2008,avaConv,bevPsngRoadPub
BE,h0290,0.4065909367054701,scr2008,avaConv,bevPsngRoadPub
BE,h0291,0.44890107214450836,scr2008,avaConv,bevPsngRoadPub
BE,h0292,0.4551440756767988,scr2008,avaConv,bevPsngRoadPub
BE,h0293,0.4495423575863242,scr2008,avaConv,bevPsngRoadPub
BE,h0294,0.44444018602371216,scr2008,avaConv,bevPsngRoadPub
BE,h0295,0.44442442059516907,scr2008,avaConv,bevPsngRoadPub
BE,h0296,0.46471694577485323,scr2008,avaConv,bevPsngRoadPub
BE,h0297,0.4854253428056836,scr2008,avaConv,bevPsngRoadPub
BE,h0298,0.5038912845775485,scr2008,avaConv,bevPsngRoadPub
BE,h0299,0.5111194374039769,scr2008,avaConv,bevPsngRoadPub
BE,h0300,0.5178712951019406,scr2008,avaConv,bevPsngRoadPub
BE,h0301,0.5195997161790729,scr2008,avaConv,bevPsngRoadPub
BE,h0302,0.510611048899591,scr2008,avaConv,bevPsngRoadPub
BE,h0303,0.4808564791455865,scr2008,avaConv,bevPsngRoadPub
BE,h0304,0.432514694519341,scr2008,avaConv,bevPsngRoadPub
BE,h0305,0.36839305702596903,scr2008,avaConv,bevPsngRoadPub
BE,h0306,0.3149670176208019,scr2008,avaConv,bevPsngRoadPub
BE,h0307,0.28527118638157845,scr2008,avaConv,bevPsngRoadPub
BE,h0308,0.2973818089812994,scr2008,avaConv,bevPsngRoadPub
BE,h0309,0.32185747288167477,scr2008,avaConv,bevPsngRoadPub
BE,h0310,0.3482269989326596,scr2008,avaConv,bevPsngRoadPub
BE,h0311,0.3543228879570961,scr2008,avaConv,bevPsngRoadPub
BE,h0312,0.3641937468200922,scr2008,avaConv,bevPsngRoadPub
BE,h0313,0.3892500502988696,scr2008,avaConv,bevPsngRoadPub
BE,h0314,0.42347994167357683,scr2008,avaConv,bevPsngRoadPub
BE,h0315,0.44890107214450836,scr2008,avaConv,bevPsngRoadPub
BE,h0316,0.4551440756767988,scr2008,avaConv,bevPsngRoadPub
BE,h0317,0.4495423575863242,scr2008,avaConv,bevPsngRoadPub
BE,h0318,0.44444018602371216,scr2008,avaConv,bevPsngRoadPub
BE,h0319,0.4650268377736211,scr2008,avaConv,bevPsngRoadPub
BE,h0320,0.49096779245883226,scr2008,avaConv,bevPsngRoadPub
BE,h0321,0.5193259147927165,scr2008,avaConv,bevPsngRoadPub
BE,h0322,0.5281317252665758,scr2008,avaConv,bevPsngRoadPub
BE,h0323,0.534407202154398,scr2008,avaConv,bevPsngRoadPub
BE,h0324,0.5355785982683301,scr2008,avaConv,bevPsngRoadPub
BE,h0325,0.5278114257380366,scr2008,avaConv,bevPsngRoadPub
BE,h0326,0.513608118519187,scr2008,avaConv,bevPsngRoadPub
BE,h0327,0.4808564791455865,scr2008,avaConv,bevPsngRoadPub
BE,h0328,0.432514694519341,scr2008,avaConv,bevPsngRoadPub
BE,h0329,0.36839305702596903,scr2008,avaConv,bevPsngRoadPub
BE,h0330,0.3149670176208019,scr2008,avaConv,bevPsngRoadPub
BE,h0331,0.28527118638157845,scr2008,avaConv,bevPsngRoadPub
BE,h0332,0.2973818089812994,scr2008,avaConv,bevPsngRoadPub
BE,h0333,0.32185747288167477,scr2008,avaConv,bevPsngRoadPub
BE,h0334,0.3482269989326596,scr2008,avaConv,bevPsngRoadPub
BE,h0335,0.3543228879570961,scr2008,avaConv,bevPsngRoadPub
BE,h0336,0.3641937468200922,scr2008,avaConv,bevPsngRoadPub
BG,h0289,0.3712654449045658,scr2008,avaConv,bevPsngRoadPub
BG,h0290,0.4065909367054701,scr2008,avaConv,bevPsngRoadPub
BG,h0291,0.44890107214450836,scr2008,avaConv,bevPsngRoadPub
BG,h0292,0.4551440756767988,scr2008,avaConv,bevPsngRoadPub
BG,h0293,0.4495423575863242,scr2008,avaConv,bevPsngRoadPub
BG,h0294,0.44444018602371216,scr2008,avaConv,bevPsngRoadPub
BG,h0295,0.44442442059516907,scr2008,avaConv,bevPsngRoadPub
BG,h0296,0.46471694577485323,scr2008,avaConv,bevPsngRoadPub
BG,h0297,0.4854253428056836,scr2008,avaConv,bevPsngRoadPub
BG,h0298,0.5038912845775485,scr2008,avaConv,bevPsngRoadPub
BG,h0299,0.5111194374039769,scr2008,avaConv,bevPsngRoadPub
BG,h0300,0.5178712951019406,scr2008,avaConv,bevPsngRoadPub
BG,h0301,0.5195997161790729,scr2008,avaConv,bevPsngRoadPub
BG,h0302,0.510611048899591,scr2008,avaConv,bevPsngRoadPub
BG,h0303,0.4808564791455865,scr2008,avaConv,bevPsngRoadPub
BG,h0304,0.432514694519341,scr2008,avaConv,bevPsngRoadPub
BG,h0305,0.36839305702596903,scr2008,avaConv,bevPsngRoadPub
BG,h0306,0.3149670176208019,scr2008,avaConv,bevPsngRoadPub
BG,h0307,0.28527118638157845,scr2008,avaConv,bevPsngRoadPub
BG,h0308,0.2973818089812994,scr2008,avaConv,bevPsngRoadPub
BG,h0309,0.32185747288167477,scr2008,avaConv,bevPsngRoadPub
BG,h0310,0.3482269989326596,scr2008,avaConv,bevPsngRoadPub
BG,h0311,0.3543228879570961,scr2008,avaConv,bevPsngRoadPub
BG,h0312,0.3641937468200922,scr2008,avaConv,bevPsngRoadPub
BG,h0313,0.3892500502988696,scr2008,avaConv,bevPsngRoadPub
BG,h0314,0.42347994167357683,scr2008,avaConv,bevPsngRoadPub
BG,h0315,0.44890107214450836,scr2008,avaConv,bevPsngRoadPub
BG,h0316,0.4551440756767988,scr2008,avaConv,bevPsngRoadPub
BG,h0317,0.4495423575863242,scr2008,avaConv,bevPsngRoadPub
BG,h0318,0.44444018602371216,scr2008,avaConv,bevPsngRoadPub
BG,h0319,0.4650268377736211,scr2008,avaConv,bevPsngRoadPub
BG,h0320,0.49096779245883226,scr2008,avaConv,bevPsngRoadPub
BG,h0321,0.5193259147927165,scr2008,avaConv,bevPsngRoadPub
BG,h0322,0.5281317252665758,scr2008,avaConv,bevPsngRoadPub
BG,h0323,0.534407202154398,scr2008,avaConv,bevPsngRoadPub
BG,h0324,0.5355785982683301,scr2008,avaConv,bevPsngRoadPub
BG,h0325,0.5278114257380366,scr2008,avaConv,bevPsngRoadPub
BG,h0326,0.513608118519187,scr2008,avaConv,bevPsngRoadPub
BG,h0327,0.4808564791455865,scr2008,avaConv,bevPsngRoadPub
BG,h0328,0.432514694519341,scr2008,avaConv,bevPsngRoadPub
BG,h0329,0.36839305702596903,scr2008,avaConv,bevPsngRoadPub
BG,h0330,0.3149670176208019,scr2008,avaConv,bevPsngRoadPub
BG,h0331,0.28527118638157845,scr2008,avaConv,bevPsngRoadPub
BG,h0332,0.2973818089812994,scr2008,avaConv,bevPsngRoadPub
BG,h0333,0.32185747288167477,scr2008,avaConv,bevPsngRoadPub
BG,h0334,0.3482269989326596,scr2008,avaConv,bevPsngRoadPub
BG,h0335,0.3543228879570961,scr2008,avaConv,bevPsngRoadPub
BG,h0336,0.3641937468200922,scr2008,avaConv,bevPsngRoadPub
CH,h0289,0.3712654449045658,scr2008,avaConv,bevPsngRoadPub
CH,h0290,0.4065909367054701,scr2008,avaConv,bevPsngRoadPub
CH,h0291,0.44890107214450836,scr2008,avaConv,bevPsngRoadPub
CH,h0292,0.4551440756767988,scr2008,avaConv,bevPsngRoadPub
CH,h0293,0.4495423575863242,scr2008,avaConv,bevPsngRoadPub
CH,h0294,0.44444018602371216,scr2008,avaConv,bevPsngRoadPub
CH,h0295,0.44442442059516907,scr2008,avaConv,bevPsngRoadPub
CH,h0296,0.46471694577485323,scr2008,avaConv,bevPsngRoadPub
CH,h0297,0.4854253428056836,scr2008,avaConv,bevPsngRoadPub
CH,h0298,0.5038912845775485,scr2008,avaConv,bevPsngRoadPub
CH,h0299,0.5111194374039769,scr2008,avaConv,bevPsngRoadPub
CH,h0300,0.5178712951019406,scr2008,avaConv,bevPsngRoadPub
CH,h0301,0.5195997161790729,scr2008,avaConv,bevPsngRoadPub
CH,h0302,0.510611048899591,scr2008,avaConv,bevPsngRoadPub
CH,h0303,0.4808564791455865,scr2008,avaConv,bevPsngRoadPub
CH,h0304,0.432514694519341,scr2008,avaConv,bevPsngRoadPub
CH,h0305,0.36839305702596903,scr2008,avaConv,bevPsngRoadPub
CH,h0306,0.3149670176208019,scr2008,avaConv,bevPsngRoadPub
CH,h0307,0.28527118638157845,scr2008,avaConv,bevPsngRoadPub
CH,h0308,0.2973818089812994,scr2008,avaConv,bevPsngRoadPub
CH,h0309,0.32185747288167477,scr2008,avaConv,bevPsngRoadPub
CH,h0310,0.3482269989326596,scr2008,avaConv,bevPsngRoadPub
CH,h0311,0.3543228879570961,scr2008,avaConv,bevPsngRoadPub
CH,h0312,0.3641937468200922,scr2008,avaConv,bevPsngRoadPub
CH,h0313,0.3892500502988696,scr2008,avaConv,bevPsngRoadPub
CH,h0314,0.42347994167357683,scr2008,avaConv,bevPsngRoadPub
CH,h0315,0.44890107214450836,scr2008,avaConv,bevPsngRoadPub
CH,h0316,0.4551440756767988,scr2008,avaConv,bevPsngRoadPub
CH,h0317,0.4495423575863242,scr2008,avaConv,bevPsngRoadPub
CH,h0318,0.44444018602371216,scr2008,avaConv,bevPsngRoadPub
CH,h0319,0.4650268377736211,scr2008,avaConv,bevPsngRoadPub
CH,h0320,0.49096779245883226,scr2008,avaConv,bevPsngRoadPub
CH,h0321,0.5193259147927165,scr2008,avaConv,bevPsngRoadPub
CH,h0322,0.5281317252665758,scr2008,avaConv,bevPsngRoadPub
CH,h0323,0.534407202154398,scr2008,avaConv,bevPsngRoadPub
CH,h0324,0.5355785982683301,scr2008,avaConv,bevPsngRoadPub
CH,h0325,0.5278114257380366,scr2008,avaConv,bevPsngRoadPub
CH,h0326,0.513608118519187,scr2008,avaConv,bevPsngRoadPub
CH,h0327,0.4808564791455865,scr2008,avaConv,bevPsngRoadPub
CH,h0328,0.432514694519341,scr2008,avaConv,bevPsngRoadPub
CH,h0329,0.36839305702596903,scr2008,avaConv,bevPsngRoadPub
CH,h0330,0.3149670176208019,scr2008,avaConv,bevPsngRoadPub
CH,h0331,0.28527118638157845,scr2008,avaConv,bevPsngRoadPub
CH,h0332,0.2973818089812994,scr2008,avaConv,bevPsngRoadPub
CH,h0333,0.32185747288167477,scr2008,avaConv,bevPsngRoadPub
CH,h0334,0.3482269989326596,scr2008,avaConv,bevPsngRoadPub
CH,h0335,0.3543228879570961,scr2008,avaConv,bevPsngRoadPub
CH,h0336,0.3641937468200922,scr2008,avaConv,bevPsngRoadPub
CZ,h0289,0.3712654449045658,scr2008,avaConv,bevPsngRoadPub
CZ,h0290,0.4065909367054701,scr2008,avaConv,bevPsngRoadPub
CZ,h0291,0.44890107214450836,scr2008,avaConv,bevPsngRoadPub
CZ,h0292,0.4551440756767988,scr2008,avaConv,bevPsngRoadPub
CZ,h0293,0.4495423575863242,scr2008,avaConv,bevPsngRoadPub
CZ,h0294,0.44444018602371216,scr2008,avaConv,bevPsngRoadPub
CZ,h0295,0.44442442059516907,scr2008,avaConv,bevPsngRoadPub
CZ,h0296,0.46471694577485323,scr2008,avaConv,bevPsngRoadPub
CZ,h0297,0.4854253428056836,scr2008,avaConv,bevPsngRoadPub
CZ,h0298,0.5038912845775485,scr2008,avaConv,bevPsngRoadPub
CZ,h0299,0.5111194374039769,scr2008,avaConv,bevPsngRoadPub
CZ,h0300,0.5178712951019406,scr2008,avaConv,bevPsngRoadPub
CZ,h0301,0.5195997161790729,scr2008,avaConv,bevPsngRoadPub
CZ,h0302,0.510611048899591,scr2008,avaConv,bevPsngRoadPub
CZ,h0303,0.4808564791455865,scr2008,avaConv,bevPsngRoadPub
CZ,h0304,0.432514694519341,scr2008,avaConv,bevPsngRoadPub
CZ,h0305,0.36839305702596903,scr2008,avaConv,bevPsngRoadPub
CZ,h0306,0.3149670176208019,scr2008,avaConv,bevPsngRoadPub
CZ,h0307,0.28527118638157845,scr2008,avaConv,bevPsngRoadPub
CZ,h0308,0.2973818089812994,scr2008,avaConv,bevPsngRoadPub
CZ,h0309,0.32185747288167477,scr2008,avaConv,bevPsngRoadPub
CZ,h0310,0.3482269989326596,scr2008,avaConv,bevPsngRoadPub
CZ,h0311,0.3543228879570961,scr2008,avaConv,bevPsngRoadPub
CZ,h0312,0.3641937468200922,scr2008,avaConv,bevPsngRoadPub
CZ,h0313,0.3892500502988696,scr2008,avaConv,bevPsngRoadPub
CZ,h0314,0.42347994167357683,scr2008,avaConv,bevPsngRoadPub
CZ,h0315,0.44890107214450836,scr2008,avaConv,bevPsngRoadPub
CZ,h0316,0.4551440756767988,scr2008,avaConv,bevPsngRoadPub
CZ,h0317,0.4495423575863242,scr2008,avaConv,bevPsngRoadPub
CZ,h0318,0.44444018602371216,scr2008,avaConv,bevPsngRoadPub
CZ,h0319,0.4650268377736211,scr2008,avaConv,bevPsngRoadPub
CZ,h0320,0.49096779245883226,scr2008,avaConv,bevPsngRoadPub
CZ,h0321,0.5193259147927165,scr2008,avaConv,bevPsngRoadPub
CZ,h0322,0.5281317252665758,scr2008,avaConv,bevPsngRoadPub
CZ,h0323,0.534407202154398,scr2008,avaConv,bevPsngRoadPub
CZ,h0324,0.5355785982683301,scr2008,avaConv,bevPsngRoadPub
CZ,h0325,0.5278114257380366,scr2008,avaConv,bevPsngRoadPub
CZ,h0326,0.513608118519187,scr2008,avaConv,bevPsngRoadPub
CZ,h0327,0.4808564791455865,scr2008,avaConv,bevPsngRoadPub
CZ,h0328,0.432514694519341,scr2008,avaConv,bevPsngRoadPub
CZ,h0329,0.36839305702596903,scr2008,avaConv,bevPsngRoadPub
CZ,h0330,0.3149670176208019,scr2008,avaConv,bevPsngRoadPub
CZ,h0331,0.28527118638157845,scr2008,avaConv,bevPsngRoadPub
CZ,h0332,0.2973818089812994,scr2008,avaConv,bevPsngRoadPub
CZ,h0333,0.32185747288167477,scr2008,avaConv,bevPsngRoadPub
CZ,h0334,0.3482269989326596,scr2008,avaConv,bevPsngRoadPub
CZ,h0335,0.3543228879570961,scr2008,avaConv,bevPsngRoadPub
CZ,h0336,0.3641937468200922,scr2008,avaConv,bevPsngRoadPub
DE,h0289,0.3712654449045658,scr2008,avaConv,bevPsngRoadPub
DE,h0290,0.4065909367054701,scr2008,avaConv,bevPsngRoadPub
DE,h0291,0.44890107214450836,scr2008,avaConv,bevPsngRoadPub
DE,h0292,0.4551440756767988,scr2008,avaConv,bevPsngRoadPub
DE,h0293,0.4495423575863242,scr2008,avaConv,bevPsngRoadPub
DE,h0294,0.44444018602371216,scr2008,avaConv,bevPsngRoadPub
DE,h0295,0.44442442059516907,scr2008,avaConv,bevPsngRoadPub
DE,h0296,0.46471694577485323,scr2008,avaConv,bevPsngRoadPub
DE,h0297,0.4854253428056836,scr2008,avaConv,bevPsngRoadPub
DE,h0298,0.5038912845775485,scr2008,avaConv,bevPsngRoadPub
DE,h0299,0.5111194374039769,scr2008,avaConv,bevPsngRoadPub
DE,h0300,0.5178712951019406,scr2008,avaConv,bevPsngRoadPub
DE,h0301,0.5195997161790729,scr2008,avaConv,bevPsngRoadPub
DE,h0302,0.510611048899591,scr2008,avaConv,bevPsngRoadPub
DE,h0303,0.4808564791455865,scr2008,avaConv,bevPsngRoadPub
DE,h0304,0.432514694519341,scr2008,avaConv,bevPsngRoadPub
DE,h0305,0.36839305702596903,scr2008,avaConv,bevPsngRoadPub
DE,h0306,0.3149670176208019,scr2008,avaConv,bevPsngRoadPub
DE,h0307,0.28527118638157845,scr2008,avaConv,bevPsngRoadPub
DE,h0308,0.2973818089812994,scr2008,avaConv,bevPsngRoadPub
DE,h0309,0.32185747288167477,scr2008,avaConv,bevPsngRoadPub
DE,h0310,0.3482269989326596,scr2008,avaConv,bevPsngRoadPub
DE,h0311,0.3543228879570961,scr2008,avaConv,bevPsngRoadPub
DE,h0312,0.3641937468200922,scr2008,avaConv,bevPsngRoadPub
DE,h0313,0.3892500502988696,scr2008,avaConv,bevPsngRoadPub
DE,h0314,0.42347994167357683,scr2008,avaConv,bevPsngRoadPub
DE,h0315,0.44890107214450836,scr2008,avaConv,bevPsngRoadPub
DE,h0316,0.4551440756767988,scr2008,avaConv,bevPsngRoadPub
DE,h0317,0.4495423575863242,scr2008,avaConv,bevPsngRoadPub
DE,h0318,0.44444018602371216,scr2008,avaConv,bevPsngRoadPub
DE,h0319,0.4650268377736211,scr2008,avaConv,bevPsngRoadPub
DE,h0320,0.49096779245883226,scr2008,avaConv,bevPsngRoadPub
DE,h0321,0.5193259147927165,scr2008,avaConv,bevPsngRoadPub
DE,h0322,0.5281317252665758,scr2008,avaConv,bevPsngRoadPub
DE,h0323,0.534407202154398,scr2008,avaConv,bevPsngRoadPub
DE,h0324,0.5355785982683301,scr2008,avaConv,bevPsngRoadPub
DE,h0325,0.5278114257380366,scr2008,avaConv,bevPsngRoadPub
DE,h0326,0.513608118519187,scr2008,avaConv,bevPsngRoadPub
DE,h0327,0.4808564791455865,scr2008,avaConv,bevPsngRoadPub
DE,h0328,0.432514694519341,scr2008,avaConv,bevPsngRoadPub
DE,h0329,0.36839305702596903,scr2008,avaConv,bevPsngRoadPub
DE,h0330,0.3149670176208019,scr2008,avaConv,bevPsngRoadPub
DE,h0331,0.28527118638157845,scr2008,avaConv,bevPsngRoadPub
DE,h0332,0.2973818089812994,scr2008,avaConv,bevPsngRoadPub
DE,h0333,0.32185747288167477,scr2008,avaConv,bevPsngRoadPub
DE,h0334,0.3482269989326596,scr2008,avaConv,bevPsngRoadPub
DE,h0335,0.3543228879570961,scr2008,avaConv,bevPsngRoadPub
DE,h0336,0.3641937468200922,scr2008,avaConv,bevPsngRoadPub
GR,h0289,0.3712654449045658,scr2008,avaConv,bevPsngRoadPub
GR,h0290,0.4065909367054701,scr2008,avaConv,bevPsngRoadPub
GR,h0291,0.44890107214450836,scr2008,avaConv,bevPsngRoadPub
GR,h0292,0.4551440756767988,scr2008,avaConv,bevPsngRoadPub
GR,h0293,0.4495423575863242,scr2008,avaConv,bevPsngRoadPub
GR,h0294,0.44444018602371216,scr2008,avaConv,bevPsngRoadPub
GR,h0295,0.44442442059516907,scr2008,avaConv,bevPsngRoadPub
GR,h0296,0.46471694577485323,scr2008,avaConv,bevPsngRoadPub
GR,h0297,0.4854253428056836,scr2008,avaConv,bevPsngRoadPub
GR,h0298,0.5038912845775485,scr2008,avaConv,bevPsngRoadPub
GR,h0299,0.5111194374039769,scr2008,avaConv,bevPsngRoadPub
GR,h0300,0.5178712951019406,scr2008,avaConv,bevPsngRoadPub
GR,h0301,0.5195997161790729,scr2008,avaConv,bevPsngRoadPub
GR,h0302,0.510611048899591,scr2008,avaConv,bevPsngRoadPub
GR,h0303,0.4808564791455865,scr2008,avaConv,bevPsngRoadPub
GR,h0304,0.432514694519341,scr2008,avaConv,bevPsngRoadPub
GR,h0305,0.36839305702596903,scr2008,avaConv,bevPsngRoadPub
GR,h0306,0.3149670176208019,scr2008,avaConv,bevPsngRoadPub
GR,h0307,0.28527118638157845,scr2008,avaConv,bevPsngRoadPub
GR,h0308,0.2973818089812994,scr2008,avaConv,bevPsngRoadPub
GR,h0309,0.32185747288167477,scr2008,avaConv,bevPsngRoadPub
GR,h0310,0.3482269989326596,scr2008,avaConv,bevPsngRoadPub
GR,h0311,0.3543228879570961,scr2008,avaConv,bevPsngRoadPub
GR,h0312,0.3641937468200922,scr2008,avaConv,bevPsngRoadPub
GR,h0313,0.3892500502988696,scr2008,avaConv,bevPsngRoadPub
GR,h0314,0.42347994167357683,scr2008,avaConv,bevPsngRoadPub
GR,h0315,0.44890107214450836,scr2008,avaConv,bevPsngRoadPub
GR,h0316,0.4551440756767988,scr2008,avaConv,bevPsngRoadPub
GR,h0317,0.4495423575863242,scr2008,avaConv,bevPsngRoadPub
GR,h0318,0.44444018602371216,scr2008,avaConv,bevPsngRoadPub
GR,h0319,0.4650268377736211,scr2008,avaConv,bevPsngRoadPub
GR,h0320,0.49096779245883226,scr2008,avaConv,bevPsngRoadPub
GR,h0321,0.5193259147927165,scr2008,avaConv,bevPsngRoadPub
GR,h0322,0.5281317252665758,scr2008,avaConv,bevPsngRoadPub
GR,h0323,0.534407202154398,scr2008,avaConv,bevPsngRoadPub
GR,h0324,0.5355785982683301,scr2008,avaConv,bevPsngRoadPub
GR,h0325,0.5278114257380366,scr2008,avaConv,bevPsngRoadPub
GR,h0326,0.513608118519187,scr2008,avaConv,bevPsngRoadPub
GR,h0327,0.4808564791455865,scr2008,avaConv,bevPsngRoadPub
GR,h0328,0.432514694519341,scr2008,avaConv,bevPsngRoadPub
GR,h0329,0.36839305702596903,scr2008,avaConv,bevPsngRoadPub
GR,h0330,0.3149670176208019,scr2008,avaConv,bevPsngRoadPub
GR,h0331,0.28527118638157845,scr2008,avaConv,bevPsngRoadPub
GR,h0332,0.2973818089812994,scr2008,avaConv,bevPsngRoadPub
GR,h0333,0.32185747288167477,scr2008,avaConv,bevPsngRoadPub
GR,h0334,0.3482269989326596,scr2008,avaConv,bevPsngRoadPub
GR,h0335,0.3543228879570961,scr2008,avaConv,bevPsngRoadPub
GR,h0336,0.3641937468200922,scr2008,avaConv,bevPsngRoadPub
ES,h0289,0.3712654449045658,scr2008,avaConv,bevPsngRoadPub
ES,h0290,0.4065909367054701,scr2008,avaConv,bevPsngRoadPub
ES,h0291,0.44890107214450836,scr2008,avaConv,bevPsngRoadPub
ES,h0292,0.4551440756767988,scr2008,avaConv,bevPsngRoadPub
ES,h0293,0.4495423575863242,scr2008,avaConv,bevPsngRoadPub
ES,h0294,0.44444018602371216,scr2008,avaConv,bevPsngRoadPub
ES,h0295,0.44442442059516907,scr2008,avaConv,bevPsngRoadPub
ES,h0296,0.46471694577485323,scr2008,avaConv,bevPsngRoadPub
ES,h0297,0.4854253428056836,scr2008,avaConv,bevPsngRoadPub
ES,h0298,0.5038912845775485,scr2008,avaConv,bevPsngRoadPub
ES,h0299,0.5111194374039769,scr2008,avaConv,bevPsngRoadPub
ES,h0300,0.5178712951019406,scr2008,avaConv,bevPsngRoadPub
ES,h0301,0.5195997161790729,scr2008,avaConv,bevPsngRoadPub
ES,h0302,0.510611048899591,scr2008,avaConv,bevPsngRoadPub
ES,h0303,0.4808564791455865,scr2008,avaConv,bevPsngRoadPub
ES,h0304,0.432514694519341,scr2008,avaConv,bevPsngRoadPub
ES,h0305,0.36839305702596903,scr2008,avaConv,bevPsngRoadPub
ES,h0306,0.3149670176208019,scr2008,avaConv,bevPsngRoadPub
ES,h0307,0.28527118638157845,scr2008,avaConv,bevPsngRoadPub
ES,h0308,0.2973818089812994,scr2008,avaConv,bevPsngRoadPub
ES,h0309,0.32185747288167477,scr2008,avaConv,bevPsngRoadPub
ES,h0310,0.3482269989326596,scr2008,avaConv,bevPsngRoadPub
ES,h0311,0.3543228879570961,scr2008,avaConv,bevPsngRoadPub
ES,h0312,0.3641937468200922,scr2008,avaConv,bevPsngRoadPub
ES,h0313,0.3892500502988696,scr2008,avaConv,bevPsngRoadPub
ES,h0314,0.42347994167357683,scr2008,avaConv,bevPsngRoadPub
ES,h0315,0.44890107214450836,scr2008,avaConv,bevPsngRoadPub
ES,h0316,0.4551440756767988,scr2008,avaConv,bevPsngRoadPub
ES,h0317,0.4495423575863242,scr2008,avaConv,bevPsngRoadPub
ES,h0318,0.44444018602371216,scr2008,avaConv,bevPsngRoadPub
ES,h0319,0.4650268377736211,scr2008,avaConv,bevPsngRoadPub
ES,h0320,0.49096779245883226,scr2008,avaConv,bevPsngRoadPub
ES,h0321,0.5193259147927165,scr2008,avaConv,bevPsngRoadPub
ES,h0322,0.5281317252665758,scr2008,avaConv,bevPsngRoadPub
ES,h0323,0.534407202154398,scr2008,avaConv,bevPsngRoadPub
ES,h0324,0.5355785982683301,scr2008,avaConv,bevPsngRoadPub
ES,h0325,0.5278114257380366,scr2008,avaConv,bevPsngRoadPub
ES,h0326,0.513608118519187,scr2008,avaConv,bevPsngRoadPub
ES,h0327,0.4808564791455865,scr2008,avaConv,bevPsngRoadPub
ES,h0328,0.432514694519341,scr2008,avaConv,bevPsngRoadPub
ES,h0329,0.36839305702596903,scr2008,avaConv,bevPsngRoadPub
ES,h0330,0.3149670176208019,scr2008,avaConv,bevPsngRoadPub
ES,h0331,0.28527118638157845,scr2008,avaConv,bevPsngRoadPub
ES,h0332,0.2973818089812994,scr2008,avaConv,bevPsngRoadPub
ES,h0333,0.32185747288167477,scr2008,avaConv,bevPsngRoadPub
ES,h0334,0.3482269989326596,scr2008,avaConv,bevPsngRoadPub
ES,h0335,0.3543228879570961,scr2008,avaConv,bevPsngRoadPub
ES,h0336,0.3641937468200922,scr2008,avaConv,bevPsngRoadPub
DK,h0289,0.3712654449045658,scr2008,avaConv,bevPsngRoadPub
DK,h0290,0.4065909367054701,scr2008,avaConv,bevPsngRoadPub
DK,h0291,0.44890107214450836,scr2008,avaConv,bevPsngRoadPub
DK,h0292,0.4551440756767988,scr2008,avaConv,bevPsngRoadPub
DK,h0293,0.4495423575863242,scr2008,avaConv,bevPsngRoadPub
DK,h0294,0.44444018602371216,scr2008,avaConv,bevPsngRoadPub
DK,h0295,0.44442442059516907,scr2008,avaConv,bevPsngRoadPub
DK,h0296,0.46471694577485323,scr2008,avaConv,bevPsngRoadPub
DK,h0297,0.4854253428056836,scr2008,avaConv,bevPsngRoadPub
DK,h0298,0.5038912845775485,scr2008,avaConv,bevPsngRoadPub
DK,h0299,0.5111194374039769,scr2008,avaConv,bevPsngRoadPub
DK,h0300,0.5178712951019406,scr2008,avaConv,bevPsngRoadPub
DK,h0301,0.5195997161790729,scr2008,avaConv,bevPsngRoadPub
DK,h0302,0.510611048899591,scr2008,avaConv,bevPsngRoadPub
DK,h0303,0.4808564791455865,scr2008,avaConv,bevPsngRoadPub
DK,h0304,0.432514694519341,scr2008,avaConv,bevPsngRoadPub
DK,h0305,0.36839305702596903,scr2008,avaConv,bevPsngRoadPub
DK,h0306,0.3149670176208019,scr2008,avaConv,bevPsngRoadPub
DK,h0307,0.28527118638157845,scr2008,avaConv,bevPsngRoadPub
DK,h0308,0.2973818089812994,scr2008,avaConv,bevPsngRoadPub
DK,h0309,0.32185747288167477,scr2008,avaConv,bevPsngRoadPub
DK,h0310,0.3482269989326596,scr2008,avaConv,bevPsngRoadPub
DK,h0311,0.3543228879570961,scr2008,avaConv,bevPsngRoadPub
DK,h0312,0.3641937468200922,scr2008,avaConv,bevPsngRoadPub
DK,h0313,0.3892500502988696,scr2008,avaConv,bevPsngRoadPub
DK,h0314,0.42347994167357683,scr2008,avaConv,bevPsngRoadPub
DK,h0315,0.44890107214450836,scr2008,avaConv,bevPsngRoadPub
DK,h0316,0.4551440756767988,scr2008,avaConv,bevPsngRoadPub
DK,h0317,0.4495423575863242,scr2008,avaConv,bevPsngRoadPub
DK,h0318,0.44444018602371216,scr2008,avaConv,bevPsngRoadPub
DK,h0319,0.4650268377736211,scr2008,avaConv,bevPsngRoadPub
DK,h0320,0.49096779245883226,scr2008,avaConv,bevPsngRoadPub
DK,h0321,0.5193259147927165,scr2008,avaConv,bevPsngRoadPub
DK,h0322,0.5281317252665758,scr2008,avaConv,bevPsngRoadPub
DK,h0323,0.534407202154398,scr2008,avaConv,bevPsngRoadPub
DK,h0324,0.5355785982683301,scr2008,avaConv,bevPsngRoadPub
DK,h0325,0.5278114257380366,scr2008,avaConv,bevPsngRoadPub
DK,h0326,0.513608118519187,scr2008,avaConv,bevPsngRoadPub
DK,h0327,0.4808564791455865,scr2008,avaConv,bevPsngRoadPub
DK,h0328,0.432514694519341,scr2008,avaConv,bevPsngRoadPub
DK,h0329,0.36839305702596903,scr2008,avaConv,bevPsngRoadPub
DK,h0330,0.3149670176208019,scr2008,avaConv,bevPsngRoadPub
DK,h0331,0.28527118638157845,scr2008,avaConv,bevPsngRoadPub
DK,h0332,0.2973818089812994,scr2008,avaConv,bevPsngRoadPub
DK,h0333,0.32185747288167477,scr2008,avaConv,bevPsngRoadPub
DK,h0334,0.3482269989326596,scr2008,avaConv,bevPsngRoadPub
DK,h0335,0.3543228879570961,scr2008,avaConv,bevPsngRoadPub
DK,h0336,0.3641937468200922,scr2008,avaConv,bevPsngRoadPub
EE,h0289,0.3712654449045658,scr2008,avaConv,bevPsngRoadPub
EE,h0290,0.4065909367054701,scr2008,avaConv,bevPsngRoadPub
EE,h0291,0.44890107214450836,scr2008,avaConv,bevPsngRoadPub
EE,h0292,0.4551440756767988,scr2008,avaConv,bevPsngRoadPub
EE,h0293,0.4495423575863242,scr2008,avaConv,bevPsngRoadPub
EE,h0294,0.44444018602371216,scr2008,avaConv,bevPsngRoadPub
EE,h0295,0.44442442059516907,scr2008,avaConv,bevPsngRoadPub
EE,h0296,0.46471694577485323,scr2008,avaConv,bevPsngRoadPub
EE,h0297,0.4854253428056836,scr2008,avaConv,bevPsngRoadPub
EE,h0298,0.5038912845775485,scr2008,avaConv,bevPsngRoadPub
EE,h0299,0.5111194374039769,scr2008,avaConv,bevPsngRoadPub
EE,h0300,0.5178712951019406,scr2008,avaConv,bevPsngRoadPub
EE,h0301,0.5195997161790729,scr2008,avaConv,bevPsngRoadPub
EE,h0302,0.510611048899591,scr2008,avaConv,bevPsngRoadPub
EE,h0303,0.4808564791455865,scr2008,avaConv,bevPsngRoadPub
EE,h0304,0.432514694519341,scr2008,avaConv,bevPsngRoadPub
EE,h0305,0.36839305702596903,scr2008,avaConv,bevPsngRoadPub
EE,h0306,0.3149670176208019,scr2008,avaConv,bevPsngRoadPub
EE,h0307,0.28527118638157845,scr2008,avaConv,bevPsngRoadPub
EE,h0308,0.2973818089812994,scr2008,avaConv,bevPsngRoadPub
EE,h0309,0.32185747288167477,scr2008,avaConv,bevPsngRoadPub
EE,h0310,0.3482269989326596,scr2008,avaConv,bevPsngRoadPub
EE,h0311,0.3543228879570961,scr2008,avaConv,bevPsngRoadPub
EE,h0312,0.3641937468200922,scr2008,avaConv,bevPsngRoadPub
EE,h0313,0.3892500502988696,scr2008,avaConv,bevPsngRoadPub
EE,h0314,0.42347994167357683,scr2008,avaConv,bevPsngRoadPub
EE,h0315,0.44890107214450836,scr2008,avaConv,bevPsngRoadPub
EE,h0316,0.4551440756767988,scr2008,avaConv,bevPsngRoadPub
EE,h0317,0.4495423575863242,scr2008,avaConv,bevPsngRoadPub
EE,h0318,0.44444018602371216,scr2008,avaConv,bevPsngRoadPub
EE,h0319,0.4650268377736211,scr2008,avaConv,bevPsngRoadPub
EE,h0320,0.49096779245883226,scr2008,avaConv,bevPsngRoadPub
EE,h0321,0.5193259147927165,scr2008,avaConv,bevPsngRoadPub
EE,h0322,0.5281317252665758,scr2008,avaConv,bevPsngRoadPub
EE,h0323,0.534407202154398,scr2008,avaConv,bevPsngRoadPub
EE,h0324,0.5355785982683301,scr2008,avaConv,bevPsngRoadPub
EE,h0325,0.5278114257380366,scr2008,avaConv,bevPsngRoadPub
EE,h0326,0.513608118519187,scr2008,avaConv,bevPsngRoadPub
EE,h0327,0.4808564791455865,scr2008,avaConv,bevPsngRoadPub
EE,h0328,0.432514694519341,scr2008,avaConv,bevPsngRoadPub
EE,h0329,0.36839305702596903,scr2008,avaConv,bevPsngRoadPub
EE,h0330,0.3149670176208019,scr2008,avaConv,bevPsngRoadPub
EE,h0331,0.28527118638157845,scr2008,avaConv,bevPsngRoadPub
EE,h0332,0.2973818089812994,scr2008,avaConv,bevPsngRoadPub
EE,h0333,0.32185747288167477,scr2008,avaConv,bevPsngRoadPub
EE,h0334,0.3482269989326596,scr2008,avaConv,bevPsngRoadPub
EE,h0335,0.3543228879570961,scr2008,avaConv,bevPsngRoadPub
EE,h0336,0.3641937468200922,scr2008,avaConv,bevPsngRoadPub
FI,h0289,0.3712654449045658,scr2008,avaConv,bevPsngRoadPub
FI,h0290,0.4065909367054701,scr2008,avaConv,bevPsngRoadPub
FI,h0291,0.44890107214450836,scr2008,avaConv,bevPsngRoadPub
FI,h0292,0.4551440756767988,scr2008,avaConv,bevPsngRoadPub
FI,h0293,0.4495423575863242,scr2008,avaConv,bevPsngRoadPub
FI,h0294,0.44444018602371216,scr2008,avaConv,bevPsngRoadPub
FI,h0295,0.44442442059516907,scr2008,avaConv,bevPsngRoadPub
FI,h0296,0.46471694577485323,scr2008,avaConv,bevPsngRoadPub
FI,h0297,0.4854253428056836,scr2008,avaConv,bevPsngRoadPub
FI,h0298,0.5038912845775485,scr2008,avaConv,bevPsngRoadPub
FI,h0299,0.5111194374039769,scr2008,avaConv,bevPsngRoadPub
FI,h0300,0.5178712951019406,scr2008,avaConv,bevPsngRoadPub
FI,h0301,0.5195997161790729,scr2008,avaConv,bevPsngRoadPub
FI,h0302,0.510611048899591,scr2008,avaConv,bevPsngRoadPub
FI,h0303,0.4808564791455865,scr2008,avaConv,bevPsngRoadPub
FI,h0304,0.432514694519341,scr2008,avaConv,bevPsngRoadPub
FI,h0305,0.36839305702596903,scr2008,avaConv,bevPsngRoadPub
FI,h0306,0.3149670176208019,scr2008,avaConv,bevPsngRoadPub
FI,h0307,0.28527118638157845,scr2008,avaConv,bevPsngRoadPub
FI,h0308,0.2973818089812994,scr2008,avaConv,bevPsngRoadPub
FI,h0309,0.32185747288167477,scr2008,avaConv,bevPsngRoadPub
FI,h0310,0.3482269989326596,scr2008,avaConv,bevPsngRoadPub
FI,h0311,0.3543228879570961,scr2008,avaConv,bevPsngRoadPub
FI,h0312,0.3641937468200922,scr2008,avaConv,bevPsngRoadPub
FI,h0313,0.3892500502988696,scr2008,avaConv,bevPsngRoadPub
FI,h0314,0.42347994167357683,scr2008,avaConv,bevPsngRoadPub
FI,h0315,0.44890107214450836,scr2008,avaConv,bevPsngRoadPub
FI,h0316,0.4551440756767988,scr2008,avaConv,bevPsngRoadPub
FI,h0317,0.4495423575863242,scr2008,avaConv,bevPsngRoadPub
FI,h0318,0.44444018602371216,scr2008,avaConv,bevPsngRoadPub
FI,h0319,0.4650268377736211,scr2008,avaConv,bevPsngRoadPub
FI,h0320,0.49096779245883226,scr2008,avaConv,bevPsngRoadPub
FI,h0321,0.5193259147927165,scr2008,avaConv,bevPsngRoadPub
FI,h0322,0.5281317252665758,scr2008,avaConv,bevPsngRoadPub
FI,h0323,0.534407202154398,scr2008,avaConv,bevPsngRoadPub
FI,h0324,0.5355785982683301,scr2008,avaConv,bevPsngRoadPub
FI,h0325,0.5278114257380366,scr2008,avaConv,bevPsngRoadPub
FI,h0326,0.513608118519187,scr2008,avaConv,bevPsngRoadPub
FI,h0327,0.4808564791455865,scr2008,avaConv,bevPsngRoadPub
FI,h0328,0.432514694519341,scr2008,avaConv,bevPsngRoadPub
FI,h0329,0.36839305702596903,scr2008,avaConv,bevPsngRoadPub
FI,h0330,0.3149670176208019,scr2008,avaConv,bevPsngRoadPub
FI,h0331,0.28527118638157845,scr2008,avaConv,bevPsngRoadPub
FI,h0332,0.2973818089812994,scr2008,avaConv,bevPsngRoadPub
FI,h0333,0.32185747288167477,scr2008,avaConv,bevPsngRoadPub
FI,h0334,0.3482269989326596,scr2008,avaConv,bevPsngRoadPub
FI,h0335,0.3543228879570961,scr2008,avaConv,bevPsngRoadPub
FI,h0336,0.3641937468200922,scr2008,avaConv,bevPsngRoadPub
FR,h0289,0.3712654449045658,scr2008,avaConv,bevPsngRoadPub
FR,h0290,0.4065909367054701,scr2008,avaConv,bevPsngRoadPub
FR,h0291,0.44890107214450836,scr2008,avaConv,bevPsngRoadPub
FR,h0292,0.4551440756767988,scr2008,avaConv,bevPsngRoadPub
FR,h0293,0.4495423575863242,scr2008,avaConv,bevPsngRoadPub
FR,h0294,0.44444018602371216,scr2008,avaConv,bevPsngRoadPub
FR,h0295,0.44442442059516907,scr2008,avaConv,bevPsngRoadPub
FR,h0296,0.46471694577485323,scr2008,avaConv,bevPsngRoadPub
FR,h0297,0.4854253428056836,scr2008,avaConv,bevPsngRoadPub
FR,h0298,0.5038912845775485,scr2008,avaConv,bevPsngRoadPub
FR,h0299,0.5111194374039769,scr2008,avaConv,bevPsngRoadPub
FR,h0300,0.5178712951019406,scr2008,avaConv,bevPsngRoadPub
FR,h0301,0.5195997161790729,scr2008,avaConv,bevPsngRoadPub
FR,h0302,0.510611048899591,scr2008,avaConv,bevPsngRoadPub
FR,h0303,0.4808564791455865,scr2008,avaConv,bevPsngRoadPub
FR,h0304,0.432514694519341,scr2008,avaConv,bevPsngRoadPub
FR,h0305,0.36839305702596903,scr2008,avaConv,bevPsngRoadPub
FR,h0306,0.3149670176208019,scr2008,avaConv,bevPsngRoadPub
FR,h0307,0.28527118638157845,scr2008,avaConv,bevPsngRoadPub
FR,h0308,0.2973818089812994,scr2008,avaConv,bevPsngRoadPub
FR,h0309,0.32185747288167477,scr2008,avaConv,bevPsngRoadPub
FR,h0310,0.3482269989326596,scr2008,avaConv,bevPsngRoadPub
FR,h0311,0.3543228879570961,scr2008,avaConv,bevPsngRoadPub
FR,h0312,0.3641937468200922,scr2008,avaConv,bevPsngRoadPub
FR,h0313,0.3892500502988696,scr2008,avaConv,bevPsngRoadPub
FR,h0314,0.42347994167357683,scr2008,avaConv,bevPsngRoadPub
FR,h0315,0.44890107214450836,scr2008,avaConv,bevPsngRoadPub
FR,h0316,0.4551440756767988,scr2008,avaConv,bevPsngRoadPub
FR,h0317,0.4495423575863242,scr2008,avaConv,bevPsngRoadPub
FR,h0318,0.44444018602371216,scr2008,avaConv,bevPsngRoadPub
FR,h0319,0.4650268377736211,scr2008,avaConv,bevPsngRoadPub
FR,h0320,0.49096779245883226,scr2008,avaConv,bevPsngRoadPub
FR,h0321,0.5193259147927165,scr2008,avaConv,bevPsngRoadPub
FR,h0322,0.5281317252665758,scr2008,avaConv,bevPsngRoadPub
FR,h0323,0.534407202154398,scr2008,avaConv,bevPsngRoadPub
FR,h0324,0.5355785982683301,scr2008,avaConv,bevPsngRoadPub
FR,h0325,0.5278114257380366,scr2008,avaConv,bevPsngRoadPub
FR,h0326,0.513608118519187,scr2008,avaConv,bevPsngRoadPub
FR,h0327,0.4808564791455865,scr2008,avaConv,bevPsngRoadPub
FR,h0328,0.432514694519341,scr2008,avaConv,bevPsngRoadPub
FR,h0329,0.36839305702596903,scr2008,avaConv,bevPsngRoadPub
FR,h0330,0.3149670176208019,scr2008,avaConv,bevPsngRoadPub
FR,h0331,0.28527118638157845,scr2008,avaConv,bevPsngRoadPub
FR,h0332,0.2973818089812994,scr2008,avaConv,bevPsngRoadPub
FR,h0333,0.32185747288167477,scr2008,avaConv,bevPsngRoadPub
FR,h0334,0.3482269989326596,scr2008,avaConv,bevPsngRoadPub
FR,h0335,0.3543228879570961,scr2008,avaConv,bevPsngRoadPub
FR,h0336,0.3641937468200922,scr2008,avaConv,bevPsngRoadPub
IT,h0289,0.3712654449045658,scr2008,avaConv,bevPsngRoadPub
IT,h0290,0.4065909367054701,scr2008,avaConv,bevPsngRoadPub
IT,h0291,0.44890107214450836,scr2008,avaConv,bevPsngRoadPub
IT,h0292,0.4551440756767988,scr2008,avaConv,bevPsngRoadPub
IT,h0293,0.4495423575863242,scr2008,avaConv,bevPsngRoadPub
IT,h0294,0.44444018602371216,scr2008,avaConv,bevPsngRoadPub
IT,h0295,0.44442442059516907,scr2008,avaConv,bevPsngRoadPub
IT,h0296,0.46471694577485323,scr2008,avaConv,bevPsngRoadPub
IT,h0297,0.4854253428056836,scr2008,avaConv,bevPsngRoadPub
IT,h0298,0.5038912845775485,scr2008,avaConv,bevPsngRoadPub
IT,h0299,0.5111194374039769,scr2008,avaConv,bevPsngRoadPub
IT,h0300,0.5178712951019406,scr2008,avaConv,bevPsngRoadPub
IT,h0301,0.5195997161790729,scr2008,avaConv,bevPsngRoadPub
IT,h0302,0.510611048899591,scr2008,avaConv,bevPsngRoadPub
IT,h0303,0.4808564791455865,scr2008,avaConv,bevPsngRoadPub
IT,h0304,0.432514694519341,scr2008,avaConv,bevPsngRoadPub
IT,h0305,0.36839305702596903,scr2008,avaConv,bevPsngRoadPub
IT,h0306,0.3149670176208019,scr2008,avaConv,bevPsngRoadPub
IT,h0307,0.28527118638157845,scr2008,avaConv,bevPsngRoadPub
IT,h0308,0.2973818089812994,scr2008,avaConv,bevPsngRoadPub
IT,h0309,0.32185747288167477,scr2008,avaConv,bevPsngRoadPub
IT,h0310,0.3482269989326596,scr2008,avaConv,bevPsngRoadPub
IT,h0311,0.3543228879570961,scr2008,avaConv,bevPsngRoadPub
IT,h0312,0.3641937468200922,scr2008,avaConv,bevPsngRoadPub
IT,h0313,0.3892500502988696,scr2008,avaConv,bevPsngRoadPub
IT,h0314,0.42347994167357683,scr2008,avaConv,bevPsngRoadPub
IT,h0315,0.44890107214450836,scr2008,avaConv,bevPsngRoadPub
IT,h0316,0.4551440756767988,scr2008,avaConv,bevPsngRoadPub
IT,h0317,0.4495423575863242,scr2008,avaConv,bevPsngRoadPub
IT,h0318,0.44444018602371216,scr2008,avaConv,bevPsngRoadPub
IT,h0319,0.4650268377736211,scr2008,avaConv,bevPsngRoadPub
IT,h0320,0.49096779245883226,scr2008,avaConv,bevPsngRoadPub
IT,h0321,0.5193259147927165,scr2008,avaConv,bevPsngRoadPub
IT,h0322,0.5281317252665758,scr2008,avaConv,bevPsngRoadPub
IT,h0323,0.534407202154398,scr2008,avaConv,bevPsngRoadPub
IT,h0324,0.5355785982683301,scr2008,avaConv,bevPsngRoadPub
IT,h0325,0.5278114257380366,scr2008,avaConv,bevPsngRoadPub
IT,h0326,0.513608118519187,scr2008,avaConv,bevPsngRoadPub
IT,h0327,0.4808564791455865,scr2008,avaConv,bevPsngRoadPub
IT,h0328,0.432514694519341,scr2008,avaConv,bevPsngRoadPub
IT,h0329,0.36839305702596903,scr2008,avaConv,bevPsngRoadPub
IT,h0330,0.3149670176208019,scr2008,avaConv,bevPsngRoadPub
IT,h0331,0.28527118638157845,scr2008,avaConv,bevPsngRoadPub
IT,h0332,0.2973818089812994,scr2008,avaConv,bevPsngRoadPub
IT,h0333,0.32185747288167477,scr2008,avaConv,bevPsngRoadPub
IT,h0334,0.3482269989326596,scr2008,avaConv,bevPsngRoadPub
IT,h0335,0.3543228879570961,scr2008,avaConv,bevPsngRoadPub
IT,h0336,0.3641937468200922,scr2008,avaConv,bevPsngRoadPub
NL,h0289,0.3712654449045658,scr2008,avaConv,bevPsngRoadPub
NL,h0290,0.4065909367054701,scr2008,avaConv,bevPsngRoadPub
NL,h0291,0.44890107214450836,scr2008,avaConv,bevPsngRoadPub
NL,h0292,0.4551440756767988,scr2008,avaConv,bevPsngRoadPub
NL,h0293,0.4495423575863242,scr2008,avaConv,bevPsngRoadPub
NL,h0294,0.44444018602371216,scr2008,avaConv,bevPsngRoadPub
NL,h0295,0.44442442059516907,scr2008,avaConv,bevPsngRoadPub
NL,h0296,0.46471694577485323,scr2008,avaConv,bevPsngRoadPub
NL,h0297,0.4854253428056836,scr2008,avaConv,bevPsngRoadPub
NL,h0298,0.5038912845775485,scr2008,avaConv,bevPsngRoadPub
NL,h0299,0.5111194374039769,scr2008,avaConv,bevPsngRoadPub
NL,h0300,0.5178712951019406,scr2008,avaConv,bevPsngRoadPub
NL,h0301,0.5195997161790729,scr2008,avaConv,bevPsngRoadPub
NL,h0302,0.510611048899591,scr2008,avaConv,bevPsngRoadPub
NL,h0303,0.4808564791455865,scr2008,avaConv,bevPsngRoadPub
NL,h0304,0.432514694519341,scr2008,avaConv,bevPsngRoadPub
NL,h0305,0.36839305702596903,scr2008,avaConv,bevPsngRoadPub
NL,h0306,0.3149670176208019,scr2008,avaConv,bevPsngRoadPub
NL,h0307,0.28527118638157845,scr2008,avaConv,bevPsngRoadPub
NL,h0308,0.2973818089812994,scr2008,avaConv,bevPsngRoadPub
NL,h0309,0.32185747288167477,scr2008,avaConv,bevPsngRoadPub
NL,h0310,0.3482269989326596,scr2008,avaConv,bevPsngRoadPub
NL,h0311,0.3543228879570961,scr2008,avaConv,bevPsngRoadPub
NL,h0312,0.3641937468200922,scr2008,avaConv,bevPsngRoadPub
NL,h0313,0.3892500502988696,scr2008,avaConv,bevPsngRoadPub
NL,h0314,0.42347994167357683,scr2008,avaConv,bevPsngRoadPub
NL,h0315,0.44890107214450836,scr2008,avaConv,bevPsngRoadPub
NL,h0316,0.4551440756767988,scr2008,avaConv,bevPsngRoadPub
NL,h0317,0.4495423575863242,scr2008,avaConv,bevPsngRoadPub
NL,h0318,0.44444018602371216,scr2008,avaConv,bevPsngRoadPub
NL,h0319,0.4650268377736211,scr2008,avaConv,bevPsngRoadPub
NL,h0320,0.49096779245883226,scr2008,avaConv,bevPsngRoadPub
NL,h0321,0.5193259147927165,scr2008,avaConv,bevPsngRoadPub
NL,h0322,0.5281317252665758,scr2008,avaConv,bevPsngRoadPub
NL,h0323,0.534407202154398,scr2008,avaConv,bevPsngRoadPub
NL,h0324,0.5355785982683301,scr2008,avaConv,bevPsngRoadPub
NL,h0325,0.5278114257380366,scr2008,avaConv,bevPsngRoadPub
NL,h0326,0.513608118519187,scr2008,avaConv,bevPsngRoadPub
NL,h0327,0.4808564791455865,scr2008,avaConv,bevPsngRoadPub
NL,h0328,0.432514694519341,scr2008,avaConv,bevPsngRoadPub
NL,h0329,0.36839305702596903,scr2008,avaConv,bevPsngRoadPub
NL,h0330,0.3149670176208019,scr2008,avaConv,bevPsngRoadPub
NL,h0331,0.28527118638157845,scr2008,avaConv,bevPsngRoadPub
NL,h0332,0.2973818089812994,scr2008,avaConv,bevPsngRoadPub
NL,h0333,0.32185747288167477,scr2008,avaConv,bevPsngRoadPub
NL,h0334,0.3482269989326596,scr2008,avaConv,bevPsngRoadPub
NL,h0335,0.3543228879570961,scr2008,avaConv,bevPsngRoadPub
NL,h0336,0.3641937468200922,scr2008,avaConv,bevPsngRoadPub
IE,h0289,0.3712654449045658,scr2008,avaConv,bevPsngRoadPub
IE,h0290,0.4065909367054701,scr2008,avaConv,bevPsngRoadPub
IE,h0291,0.44890107214450836,scr2008,avaConv,bevPsngRoadPub
IE,h0292,0.4551440756767988,scr2008,avaConv,bevPsngRoadPub
IE,h0293,0.4495423575863242,scr2008,avaConv,bevPsngRoadPub
IE,h0294,0.44444018602371216,scr2008,avaConv,bevPsngRoadPub
IE,h0295,0.44442442059516907,scr2008,avaConv,bevPsngRoadPub
IE,h0296,0.46471694577485323,scr2008,avaConv,bevPsngRoadPub
IE,h0297,0.4854253428056836,scr2008,avaConv,bevPsngRoadPub
IE,h0298,0.5038912845775485,scr2008,avaConv,bevPsngRoadPub
IE,h0299,0.5111194374039769,scr2008,avaConv,bevPsngRoadPub
IE,h0300,0.5178712951019406,scr2008,avaConv,bevPsngRoadPub
IE,h0301,0.5195997161790729,scr2008,avaConv,bevPsngRoadPub
IE,h0302,0.510611048899591,scr2008,avaConv,bevPsngRoadPub
IE,h0303,0.4808564791455865,scr2008,avaConv,bevPsngRoadPub
IE,h0304,0.432514694519341,scr2008,avaConv,bevPsngRoadPub
IE,h0305,0.36839305702596903,scr2008,avaConv,bevPsngRoadPub
IE,h0306,0.3149670176208019,scr2008,avaConv,bevPsngRoadPub
IE,h0307,0.28527118638157845,scr2008,avaConv,bevPsngRoadPub
IE,h0308,0.2973818089812994,scr2008,avaConv,bevPsngRoadPub
IE,h0309,0.32185747288167477,scr2008,avaConv,bevPsngRoadPub
IE,h0310,0.3482269989326596,scr2008,avaConv,bevPsngRoadPub
IE,h0311,0.3543228879570961,scr2008,avaConv,bevPsngRoadPub
IE,h0312,0.3641937468200922,scr2008,avaConv,bevPsngRoadPub
IE,h0313,0.3892500502988696,scr2008,avaConv,bevPsngRoadPub
IE,h0314,0.42347994167357683,scr2008,avaConv,bevPsngRoadPub
IE,h0315,0.44890107214450836,scr2008,avaConv,bevPsngRoadPub
IE,h0316,0.4551440756767988,scr2008,avaConv,bevPsngRoadPub
IE,h0317,0.4495423575863242,scr2008,avaConv,bevPsngRoadPub
IE,h0318,0.44444018602371216,scr2008,avaConv,bevPsngRoadPub
IE,h0319,0.4650268377736211,scr2008,avaConv,bevPsngRoadPub
IE,h0320,0.49096779245883226,scr2008,avaConv,bevPsngRoadPub
IE,h0321,0.5193259147927165,scr2008,avaConv,bevPsngRoadPub
IE,h0322,0.5281317252665758,scr2008,avaConv,bevPsngRoadPub
IE,h0323,0.534407202154398,scr2008,avaConv,bevPsngRoadPub
IE,h0324,0.5355785982683301,scr2008,avaConv,bevPsngRoadPub
IE,h0325,0.5278114257380366,scr2008,avaConv,bevPsngRoadPub
IE,h0326,0.513608118519187,scr2008,avaConv,bevPsngRoadPub
IE,h0327,0.4808564791455865,scr2008,avaConv,bevPsngRoadPub
IE,h0328,0.432514694519341,scr2008,avaConv,bevPsngRoadPub
IE,h0329,0.36839305702596903,scr2008,avaConv,bevPsngRoadPub
IE,h0330,0.3149670176208019,scr2008,avaConv,bevPsngRoadPub
IE,h0331,0.28527118638157845,scr2008,avaConv,bevPsngRoadPub
IE,h0332,0.2973818089812994,scr2008,avaConv,bevPsngRoadPub
IE,h0333,0.32185747288167477,scr2008,avaConv,bevPsngRoadPub
IE,h0334,0.3482269989326596,scr2008,avaConv,bevPsngRoadPub
IE,h0335,0.3543228879570961,scr2008,avaConv,bevPsngRoadPub
IE,h0336,0.3641937468200922,scr2008,avaConv,bevPsngRoadPub
HR,h0289,0.3712654449045658,scr2008,avaConv,bevPsngRoadPub
HR,h0290,0.4065909367054701,scr2008,avaConv,bevPsngRoadPub
HR,h0291,0.44890107214450836,scr2008,avaConv,bevPsngRoadPub
HR,h0292,0.4551440756767988,scr2008,avaConv,bevPsngRoadPub
HR,h0293,0.4495423575863242,scr2008,avaConv,bevPsngRoadPub
HR,h0294,0.44444018602371216,scr2008,avaConv,bevPsngRoadPub
HR,h0295,0.44442442059516907,scr2008,avaConv,bevPsngRoadPub
HR,h0296,0.46471694577485323,scr2008,avaConv,bevPsngRoadPub
HR,h0297,0.4854253428056836,scr2008,avaConv,bevPsngRoadPub
HR,h0298,0.5038912845775485,scr2008,avaConv,bevPsngRoadPub
HR,h0299,0.5111194374039769,scr2008,avaConv,bevPsngRoadPub
HR,h0300,0.5178712951019406,scr2008,avaConv,bevPsngRoadPub
HR,h0301,0.5195997161790729,scr2008,avaConv,bevPsngRoadPub
HR,h0302,0.510611048899591,scr2008,avaConv,bevPsngRoadPub
HR,h0303,0.4808564791455865,scr2008,avaConv,bevPsngRoadPub
HR,h0304,0.432514694519341,scr2008,avaConv,bevPsngRoadPub
HR,h0305,0.36839305702596903,scr2008,avaConv,bevPsngRoadPub
HR,h0306,0.3149670176208019,scr2008,avaConv,bevPsngRoadPub
HR,h0307,0.28527118638157845,scr2008,avaConv,bevPsngRoadPub
HR,h0308,0.2973818089812994,scr2008,avaConv,bevPsngRoadPub
HR,h0309,0.32185747288167477,scr2008,avaConv,bevPsngRoadPub
HR,h0310,0.3482269989326596,scr2008,avaConv,bevPsngRoadPub
HR,h0311,0.3543228879570961,scr2008,avaConv,bevPsngRoadPub
HR,h0312,0.3641937468200922,scr2008,avaConv,bevPsngRoadPub
HR,h0313,0.3892500502988696,scr2008,avaConv,bevPsngRoadPub
HR,h0314,0.42347994167357683,scr2008,avaConv,bevPsngRoadPub
HR,h0315,0.44890107214450836,scr2008,avaConv,bevPsngRoadPub
HR,h0316,0.4551440756767988,scr2008,avaConv,bevPsngRoadPub
HR,h0317,0.4495423575863242,scr2008,avaConv,bevPsngRoadPub
HR,h0318,0.44444018602371216,scr2008,avaConv,bevPsngRoadPub
HR,h0319,0.4650268377736211,scr2008,avaConv,bevPsngRoadPub
HR,h0320,0.49096779245883226,scr2008,avaConv,bevPsngRoadPub
HR,h0321,0.5193259147927165,scr2008,avaConv,bevPsngRoadPub
HR,h0322,0.5281317252665758,scr2008,avaConv,bevPsngRoadPub
HR,h0323,0.534407202154398,scr2008,avaConv,bevPsngRoadPub
HR,h0324,0.5355785982683301,scr2008,avaConv,bevPsngRoadPub
HR,h0325,0.5278114257380366,scr2008,avaConv,bevPsngRoadPub
HR,h0326,0.513608118519187,scr2008,avaConv,bevPsngRoadPub
HR,h0327,0.4808564791455865,scr2008,avaConv,bevPsngRoadPub
HR,h0328,0.432514694519341,scr2008,avaConv,bevPsngRoadPub
HR,h0329,0.36839305702596903,scr2008,avaConv,bevPsngRoadPub
HR,h0330,0.3149670176208019,scr2008,avaConv,bevPsngRoadPub
HR,h0331,0.28527118638157845,scr2008,avaConv,bevPsngRoadPub
HR,h0332,0.2973818089812994,scr2008,avaConv,bevPsngRoadPub
HR,h0333,0.32185747288167477,scr2008,avaConv,bevPsngRoadPub
HR,h0334,0.3482269989326596,scr2008,avaConv,bevPsngRoadPub
HR,h0335,0.3543228879570961,scr2008,avaConv,bevPsngRoadPub
HR,h0336,0.3641937468200922,scr2008,avaConv,bevPsngRoadPub
HU,h0289,0.3712654449045658,scr2008,avaConv,bevPsngRoadPub
HU,h0290,0.4065909367054701,scr2008,avaConv,bevPsngRoadPub
HU,h0291,0.44890107214450836,scr2008,avaConv,bevPsngRoadPub
HU,h0292,0.4551440756767988,scr2008,avaConv,bevPsngRoadPub
HU,h0293,0.4495423575863242,scr2008,avaConv,bevPsngRoadPub
HU,h0294,0.44444018602371216,scr2008,avaConv,bevPsngRoadPub
HU,h0295,0.44442442059516907,scr2008,avaConv,bevPsngRoadPub
HU,h0296,0.46471694577485323,scr2008,avaConv,bevPsngRoadPub
HU,h0297,0.4854253428056836,scr2008,avaConv,bevPsngRoadPub
HU,h0298,0.5038912845775485,scr2008,avaConv,bevPsngRoadPub
HU,h0299,0.5111194374039769,scr2008,avaConv,bevPsngRoadPub
HU,h0300,0.5178712951019406,scr2008,avaConv,bevPsngRoadPub
HU,h0301,0.5195997161790729,scr2008,avaConv,bevPsngRoadPub
HU,h0302,0.510611048899591,scr2008,avaConv,bevPsngRoadPub
HU,h0303,0.4808564791455865,scr2008,avaConv,bevPsngRoadPub
HU,h0304,0.432514694519341,scr2008,avaConv,bevPsngRoadPub
HU,h0305,0.36839305702596903,scr2008,avaConv,bevPsngRoadPub
HU,h0306,0.3149670176208019,scr2008,avaConv,bevPsngRoadPub
HU,h0307,0.28527118638157845,scr2008,avaConv,bevPsngRoadPub
HU,h0308,0.2973818089812994,scr2008,avaConv,bevPsngRoadPub
HU,h0309,0.32185747288167477,scr2008,avaConv,bevPsngRoadPub
HU,h0310,0.3482269989326596,scr2008,avaConv,bevPsngRoadPub
HU,h0311,0.3543228879570961,scr2008,avaConv,bevPsngRoadPub
HU,h0312,0.3641937468200922,scr2008,avaConv,bevPsngRoadPub
HU,h0313,0.3892500502988696,scr2008,avaConv,bevPsngRoadPub
HU,h0314,0.42347994167357683,scr2008,avaConv,bevPsngRoadPub
HU,h0315,0.44890107214450836,scr2008,avaConv,bevPsngRoadPub
HU,h0316,0.4551440756767988,scr2008,avaConv,bevPsngRoadPub
HU,h0317,0.4495423575863242,scr2008,avaConv,bevPsngRoadPub
HU,h0318,0.44444018602371216,scr2008,avaConv,bevPsngRoadPub
HU,h0319,0.4650268377736211,scr2008,avaConv,bevPsngRoadPub
HU,h0320,0.49096779245883226,scr2008,avaConv,bevPsngRoadPub
HU,h0321,0.5193259147927165,scr2008,avaConv,bevPsngRoadPub
HU,h0322,0.5281317252665758,scr2008,avaConv,bevPsngRoadPub
HU,h0323,0.534407202154398,scr2008,avaConv,bevPsngRoadPub
HU,h0324,0.5355785982683301,scr2008,avaConv,bevPsngRoadPub
HU,h0325,0.5278114257380366,scr2008,avaConv,bevPsngRoadPub
HU,h0326,0.513608118519187,scr2008,avaConv,bevPsngRoadPub
HU,h0327,0.4808564791455865,scr2008,avaConv,bevPsngRoadPub
HU,h0328,0.432514694519341,scr2008,avaConv,bevPsngRoadPub
HU,h0329,0.36839305702596903,scr2008,avaConv,bevPsngRoadPub
HU,h0330,0.3149670176208019,scr2008,avaConv,bevPsngRoadPub
HU,h0331,0.28527118638157845,scr2008,avaConv,bevPsngRoadPub
HU,h0332,0.2973818089812994,scr2008,avaConv,bevPsngRoadPub
HU,h0333,0.32185747288167477,scr2008,avaConv,bevPsngRoadPub
HU,h0334,0.3482269989326596,scr2008,avaConv,bevPsngRoadPub
HU,h0335,0.3543228879570961,scr2008,avaConv,bevPsngRoadPub
HU,h0336,0.3641937468200922,scr2008,avaConv,bevPsngRoadPub
MK,h0289,0.3712654449045658,scr2008,avaConv,bevPsngRoadPub
MK,h0290,0.4065909367054701,scr2008,avaConv,bevPsngRoadPub
MK,h0291,0.44890107214450836,scr2008,avaConv,bevPsngRoadPub
MK,h0292,0.4551440756767988,scr2008,avaConv,bevPsngRoadPub
MK,h0293,0.4495423575863242,scr2008,avaConv,bevPsngRoadPub
MK,h0294,0.44444018602371216,scr2008,avaConv,bevPsngRoadPub
MK,h0295,0.44442442059516907,scr2008,avaConv,bevPsngRoadPub
MK,h0296,0.46471694577485323,scr2008,avaConv,bevPsngRoadPub
MK,h0297,0.4854253428056836,scr2008,avaConv,bevPsngRoadPub
MK,h0298,0.5038912845775485,scr2008,avaConv,bevPsngRoadPub
MK,h0299,0.5111194374039769,scr2008,avaConv,bevPsngRoadPub
MK,h0300,0.5178712951019406,scr2008,avaConv,bevPsngRoadPub
MK,h0301,0.5195997161790729,scr2008,avaConv,bevPsngRoadPub
MK,h0302,0.510611048899591,scr2008,avaConv,bevPsngRoadPub
MK,h0303,0.4808564791455865,scr2008,avaConv,bevPsngRoadPub
MK,h0304,0.432514694519341,scr2008,avaConv,bevPsngRoadPub
MK,h0305,0.36839305702596903,scr2008,avaConv,bevPsngRoadPub
MK,h0306,0.3149670176208019,scr2008,avaConv,bevPsngRoadPub
MK,h0307,0.28527118638157845,scr2008,avaConv,bevPsngRoadPub
MK,h0308,0.2973818089812994,scr2008,avaConv,bevPsngRoadPub
MK,h0309,0.32185747288167477,scr2008,avaConv,bevPsngRoadPub
MK,h0310,0.3482269989326596,scr2008,avaConv,bevPsngRoadPub
MK,h0311,0.3543228879570961,scr2008,avaConv,bevPsngRoadPub
MK,h0312,0.3641937468200922,scr2008,avaConv,bevPsngRoadPub
MK,h0313,0.3892500502988696,scr2008,avaConv,bevPsngRoadPub
MK,h0314,0.42347994167357683,scr2008,avaConv,bevPsngRoadPub
MK,h0315,0.44890107214450836,scr2008,avaConv,bevPsngRoadPub
MK,h0316,0.4551440756767988,scr2008,avaConv,bevPsngRoadPub
MK,h0317,0.4495423575863242,scr2008,avaConv,bevPsngRoadPub
MK,h0318,0.44444018602371216,scr2008,avaConv,bevPsngRoadPub
MK,h0319,0.4650268377736211,scr2008,avaConv,bevPsngRoadPub
MK,h0320,0.49096779245883226,scr2008,avaConv,bevPsngRoadPub
MK,h0321,0.5193259147927165,scr2008,avaConv,bevPsngRoadPub
MK,h0322,0.5281317252665758,scr2008,avaConv,bevPsngRoadPub
MK,h0323,0.534407202154398,scr2008,avaConv,bevPsngRoadPub
MK,h0324,0.5355785982683301,scr2008,avaConv,bevPsngRoadPub
MK,h0325,0.5278114257380366,scr2008,avaConv,bevPsngRoadPub
MK,h0326,0.513608118519187,scr2008,avaConv,bevPsngRoadPub
MK,h0327,0.4808564791455865,scr2008,avaConv,bevPsngRoadPub
MK,h0328,0.432514694519341,scr2008,avaConv,bevPsngRoadPub
MK,h0329,0.36839305702596903,scr2008,avaConv,bevPsngRoadPub
MK,h0330,0.3149670176208019,scr2008,avaConv,bevPsngRoadPub
MK,h0331,0.28527118638157845,scr2008,avaConv,bevPsngRoadPub
MK,h0332,0.2973818089812994,scr2008,avaConv,bevPsngRoadPub
MK,h0333,0.32185747288167477,scr2008,avaConv,bevPsngRoadPub
MK,h0334,0.3482269989326596,scr2008,avaConv,bevPsngRoadPub
MK,h0335,0.3543228879570961,scr2008,avaConv,bevPsngRoadPub
MK,h0336,0.3641937468200922,scr2008,avaConv,bevPsngRoadPub
LV,h0289,0.3712654449045658,scr2008,avaConv,bevPsngRoadPub
LV,h0290,0.4065909367054701,scr2008,avaConv,bevPsngRoadPub
LV,h0291,0.44890107214450836,scr2008,avaConv,bevPsngRoadPub
LV,h0292,0.4551440756767988,scr2008,avaConv,bevPsngRoadPub
LV,h0293,0.4495423575863242,scr2008,avaConv,bevPsngRoadPub
LV,h0294,0.44444018602371216,scr2008,avaConv,bevPsngRoadPub
LV,h0295,0.44442442059516907,scr2008,avaConv,bevPsngRoadPub
LV,h0296,0.46471694577485323,scr2008,avaConv,bevPsngRoadPub
LV,h0297,0.4854253428056836,scr2008,avaConv,bevPsngRoadPub
LV,h0298,0.5038912845775485,scr2008,avaConv,bevPsngRoadPub
LV,h0299,0.5111194374039769,scr2008,avaConv,bevPsngRoadPub
LV,h0300,0.5178712951019406,scr2008,avaConv,bevPsngRoadPub
LV,h0301,0.5195997161790729,scr2008,avaConv,bevPsngRoadPub
LV,h0302,0.510611048899591,scr2008,avaConv,bevPsngRoadPub
LV,h0303,0.4808564791455865,scr2008,avaConv,bevPsngRoadPub
LV,h0304,0.432514694519341,scr2008,avaConv,bevPsngRoadPub
LV,h0305,0.36839305702596903,scr2008,avaConv,bevPsngRoadPub
LV,h0306,0.3149670176208019,scr2008,avaConv,bevPsngRoadPub
LV,h0307,0.28527118638157845,scr2008,avaConv,bevPsngRoadPub
LV,h0308,0.2973818089812994,scr2008,avaConv,bevPsngRoadPub
LV,h0309,0.32185747288167477,scr2008,avaConv,bevPsngRoadPub
LV,h0310,0.3482269989326596,scr2008,avaConv,bevPsngRoadPub
LV,h0311,0.3543228879570961,scr2008,avaConv,bevPsngRoadPub
LV,h0312,0.3641937468200922,scr2008,avaConv,bevPsngRoadPub
LV,h0313,0.3892500502988696,scr2008,avaConv,bevPsngRoadPub
LV,h0314,0.42347994167357683,scr2008,avaConv,bevPsngRoadPub
LV,h0315,0.44890107214450836,scr2008,avaConv,bevPsngRoadPub
LV,h0316,0.4551440756767988,scr2008,avaConv,bevPsngRoadPub
LV,h0317,0.4495423575863242,scr2008,avaConv,bevPsngRoadPub
LV,h0318,0.44444018602371216,scr2008,avaConv,bevPsngRoadPub
LV,h0319,0.4650268377736211,scr2008,avaConv,bevPsngRoadPub
LV,h0320,0.49096779245883226,scr2008,avaConv,bevPsngRoadPub
LV,h0321,0.5193259147927165,scr2008,avaConv,bevPsngRoadPub
LV,h0322,0.5281317252665758,scr2008,avaConv,bevPsngRoadPub
LV,h0323,0.534407202154398,scr2008,avaConv,bevPsngRoadPub
LV,h0324,0.5355785982683301,scr2008,avaConv,bevPsngRoadPub
LV,h0325,0.5278114257380366,scr2008,avaConv,bevPsngRoadPub
LV,h0326,0.513608118519187,scr2008,avaConv,bevPsngRoadPub
LV,h0327,0.4808564791455865,scr2008,avaConv,bevPsngRoadPub
LV,h0328,0.432514694519341,scr2008,avaConv,bevPsngRoadPub
LV,h0329,0.36839305702596903,scr2008,avaConv,bevPsngRoadPub
LV,h0330,0.3149670176208019,scr2008,avaConv,bevPsngRoadPub
LV,h0331,0.28527118638157845,scr2008,avaConv,bevPsngRoadPub
LV,h0332,0.2973818089812994,scr2008,avaConv,bevPsngRoadPub
LV,h0333,0.32185747288167477,scr2008,avaConv,bevPsngRoadPub
LV,h0334,0.3482269989326596,scr2008,avaConv,bevPsngRoadPub
LV,h0335,0.3543228879570961,scr2008,avaConv,bevPsngRoadPub
LV,h0336,0.3641937468200922,scr2008,avaConv,bevPsngRoadPub
ME,h0289,0.3712654449045658,scr2008,avaConv,bevPsngRoadPub
ME,h0290,0.4065909367054701,scr2008,avaConv,bevPsngRoadPub
ME,h0291,0.44890107214450836,scr2008,avaConv,bevPsngRoadPub
ME,h0292,0.4551440756767988,scr2008,avaConv,bevPsngRoadPub
ME,h0293,0.4495423575863242,scr2008,avaConv,bevPsngRoadPub
ME,h0294,0.44444018602371216,scr2008,avaConv,bevPsngRoadPub
ME,h0295,0.44442442059516907,scr2008,avaConv,bevPsngRoadPub
ME,h0296,0.46471694577485323,scr2008,avaConv,bevPsngRoadPub
ME,h0297,0.4854253428056836,scr2008,avaConv,bevPsngRoadPub
ME,h0298,0.5038912845775485,scr2008,avaConv,bevPsngRoadPub
ME,h0299,0.5111194374039769,scr2008,avaConv,bevPsngRoadPub
ME,h0300,0.5178712951019406,scr2008,avaConv,bevPsngRoadPub
ME,h0301,0.5195997161790729,scr2008,avaConv,bevPsngRoadPub
ME,h0302,0.510611048899591,scr2008,avaConv,bevPsngRoadPub
ME,h0303,0.4808564791455865,scr2008,avaConv,bevPsngRoadPub
ME,h0304,0.432514694519341,scr2008,avaConv,bevPsngRoadPub
ME,h0305,0.36839305702596903,scr2008,avaConv,bevPsngRoadPub
ME,h0306,0.3149670176208019,scr2008,avaConv,bevPsngRoadPub
ME,h0307,0.28527118638157845,scr2008,avaConv,bevPsngRoadPub
ME,h0308,0.2973818089812994,scr2008,avaConv,bevPsngRoadPub
ME,h0309,0.32185747288167477,scr2008,avaConv,bevPsngRoadPub
ME,h0310,0.3482269989326596,scr2008,avaConv,bevPsngRoadPub
ME,h0311,0.3543228879570961,scr2008,avaConv,bevPsngRoadPub
ME,h0312,0.3641937468200922,scr2008,avaConv,bevPsngRoadPub
ME,h0313,0.3892500502988696,scr2008,avaConv,bevPsngRoadPub
ME,h0314,0.42347994167357683,scr2008,avaConv,bevPsngRoadPub
ME,h0315,0.44890107214450836,scr2008,avaConv,bevPsngRoadPub
ME,h0316,0.4551440756767988,scr2008,avaConv,bevPsngRoadPub
ME,h0317,0.4495423575863242,scr2008,avaConv,bevPsngRoadPub
ME,h0318,0.44444018602371216,scr2008,avaConv,bevPsngRoadPub
ME,h0319,0.4650268377736211,scr2008,avaConv,bevPsngRoadPub
ME,h0320,0.49096779245883226,scr2008,avaConv,bevPsngRoadPub
ME,h0321,0.5193259147927165,scr2008,avaConv,bevPsngRoadPub
ME,h0322,0.5281317252665758,scr2008,avaConv,bevPsngRoadPub
ME,h0323,0.534407202154398,scr2008,avaConv,bevPsngRoadPub
ME,h0324,0.5355785982683301,scr2008,avaConv,bevPsngRoadPub
ME,h0325,0.5278114257380366,scr2008,avaConv,bevPsngRoadPub
ME,h0326,0.513608118519187,scr2008,avaConv,bevPsngRoadPub
ME,h0327,0.4808564791455865,scr2008,avaConv,bevPsngRoadPub
ME,h0328,0.432514694519341,scr2008,avaConv,bevPsngRoadPub
ME,h0329,0.36839305702596903,scr2008,avaConv,bevPsngRoadPub
ME,h0330,0.3149670176208019,scr2008,avaConv,bevPsngRoadPub
ME,h0331,0.28527118638157845,scr2008,avaConv,bevPsngRoadPub
ME,h0332,0.2973818089812994,scr2008,avaConv,bevPsngRoadPub
ME,h0333,0.32185747288167477,scr2008,avaConv,bevPsngRoadPub
ME,h0334,0.3482269989326596,scr2008,avaConv,bevPsngRoadPub
ME,h0335,0.3543228879570961,scr2008,avaConv,bevPsngRoadPub
ME,h0336,0.3641937468200922,scr2008,avaConv,bevPsngRoadPub
LT,h0289,0.3712654449045658,scr2008,avaConv,bevPsngRoadPub
LT,h0290,0.4065909367054701,scr2008,avaConv,bevPsngRoadPub
LT,h0291,0.44890107214450836,scr2008,avaConv,bevPsngRoadPub
LT,h0292,0.4551440756767988,scr2008,avaConv,bevPsngRoadPub
LT,h0293,0.4495423575863242,scr2008,avaConv,bevPsngRoadPub
LT,h0294,0.44444018602371216,scr2008,avaConv,bevPsngRoadPub
LT,h0295,0.44442442059516907,scr2008,avaConv,bevPsngRoadPub
LT,h0296,0.46471694577485323,scr2008,avaConv,bevPsngRoadPub
LT,h0297,0.4854253428056836,scr2008,avaConv,bevPsngRoadPub
LT,h0298,0.5038912845775485,scr2008,avaConv,bevPsngRoadPub
LT,h0299,0.5111194374039769,scr2008,avaConv,bevPsngRoadPub
LT,h0300,0.5178712951019406,scr2008,avaConv,bevPsngRoadPub
LT,h0301,0.5195997161790729,scr2008,avaConv,bevPsngRoadPub
LT,h0302,0.510611048899591,scr2008,avaConv,bevPsngRoadPub
LT,h0303,0.4808564791455865,scr2008,avaConv,bevPsngRoadPub
LT,h0304,0.432514694519341,scr2008,avaConv,bevPsngRoadPub
LT,h0305,0.36839305702596903,scr2008,avaConv,bevPsngRoadPub
LT,h0306,0.3149670176208019,scr2008,avaConv,bevPsngRoadPub
LT,h0307,0.28527118638157845,scr2008,avaConv,bevPsngRoadPub
LT,h0308,0.2973818089812994,scr2008,avaConv,bevPsngRoadPub
LT,h0309,0.32185747288167477,scr2008,avaConv,bevPsngRoadPub
LT,h0310,0.3482269989326596,scr2008,avaConv,bevPsngRoadPub
LT,h0311,0.3543228879570961,scr2008,avaConv,bevPsngRoadPub
LT,h0312,0.3641937468200922,scr2008,avaConv,bevPsngRoadPub
LT,h0313,0.3892500502988696,scr2008,avaConv,bevPsngRoadPub
LT,h0314,0.42347994167357683,scr2008,avaConv,bevPsngRoadPub
LT,h0315,0.44890107214450836,scr2008,avaConv,bevPsngRoadPub
LT,h0316,0.4551440756767988,scr2008,avaConv,bevPsngRoadPub
LT,h0317,0.4495423575863242,scr2008,avaConv,bevPsngRoadPub
LT,h0318,0.44444018602371216,scr2008,avaConv,bevPsngRoadPub
LT,h0319,0.4650268377736211,scr2008,avaConv,bevPsngRoadPub
LT,h0320,0.49096779245883226,scr2008,avaConv,bevPsngRoadPub
LT,h0321,0.5193259147927165,scr2008,avaConv,bevPsngRoadPub
LT,h0322,0.5281317252665758,scr2008,avaConv,bevPsngRoadPub
LT,h0323,0.534407202154398,scr2008,avaConv,bevPsngRoadPub
LT,h0324,0.5355785982683301,scr2008,avaConv,bevPsngRoadPub
LT,h0325,0.5278114257380366,scr2008,avaConv,bevPsngRoadPub
LT,h0326,0.513608118519187,scr2008,avaConv,bevPsngRoadPub
LT,h0327,0.4808564791455865,scr2008,avaConv,bevPsngRoadPub
LT,h0328,0.432514694519341,scr2008,avaConv,bevPsngRoadPub
LT,h0329,0.36839305702596903,scr2008,avaConv,bevPsngRoadPub
LT,h0330,0.3149670176208019,scr2008,avaConv,bevPsngRoadPub
LT,h0331,0.28527118638157845,scr2008,avaConv,bevPsngRoadPub
LT,h0332,0.2973818089812994,scr2008,avaConv,bevPsngRoadPub
LT,h0333,0.32185747288167477,scr2008,avaConv,bevPsngRoadPub
LT,h0334,0.3482269989326596,scr2008,avaConv,bevPsngRoadPub
LT,h0335,0.3543228879570961,scr2008,avaConv,bevPsngRoadPub
LT,h0336,0.3641937468200922,scr2008,avaConv,bevPsngRoadPub
LU,h0289,0.3712654449045658,scr2008,avaConv,bevPsngRoadPub
LU,h0290,0.4065909367054701,scr2008,avaConv,bevPsngRoadPub
LU,h0291,0.44890107214450836,scr2008,avaConv,bevPsngRoadPub
LU,h0292,0.4551440756767988,scr2008,avaConv,bevPsngRoadPub
LU,h0293,0.4495423575863242,scr2008,avaConv,bevPsngRoadPub
LU,h0294,0.44444018602371216,scr2008,avaConv,bevPsngRoadPub
LU,h0295,0.44442442059516907,scr2008,avaConv,bevPsngRoadPub
LU,h0296,0.46471694577485323,scr2008,avaConv,bevPsngRoadPub
LU,h0297,0.4854253428056836,scr2008,avaConv,bevPsngRoadPub
LU,h0298,0.5038912845775485,scr2008,avaConv,bevPsngRoadPub
LU,h0299,0.5111194374039769,scr2008,avaConv,bevPsngRoadPub
LU,h0300,0.5178712951019406,scr2008,avaConv,bevPsngRoadPub
LU,h0301,0.5195997161790729,scr2008,avaConv,bevPsngRoadPub
LU,h0302,0.510611048899591,scr2008,avaConv,bevPsngRoadPub
LU,h0303,0.4808564791455865,scr2008,avaConv,bevPsngRoadPub
LU,h0304,0.432514694519341,scr2008,avaConv,bevPsngRoadPub
LU,h0305,0.36839305702596903,scr2008,avaConv,bevPsngRoadPub
LU,h0306,0.3149670176208019,scr2008,avaConv,bevPsngRoadPub
LU,h0307,0.28527118638157845,scr2008,avaConv,bevPsngRoadPub
LU,h0308,0.2973818089812994,scr2008,avaConv,bevPsngRoadPub
LU,h0309,0.32185747288167477,scr2008,avaConv,bevPsngRoadPub
LU,h0310,0.3482269989326596,scr2008,avaConv,bevPsngRoadPub
LU,h0311,0.3543228879570961,scr2008,avaConv,bevPsngRoadPub
LU,h0312,0.3641937468200922,scr2008,avaConv,bevPsngRoadPub
LU,h0313,0.3892500502988696,scr2008,avaConv,bevPsngRoadPub
LU,h0314,0.42347994167357683,scr2008,avaConv,bevPsngRoadPub
LU,h0315,0.44890107214450836,scr2008,avaConv,bevPsngRoadPub
LU,h0316,0.4551440756767988,scr2008,avaConv,bevPsngRoadPub
LU,h0317,0.4495423575863242,scr2008,avaConv,bevPsngRoadPub
LU,h0318,0.44444018602371216,scr2008,avaConv,bevPsngRoadPub
LU,h0319,0.4650268377736211,scr2008,avaConv,bevPsngRoadPub
LU,h0320,0.49096779245883226,scr2008,avaConv,bevPsngRoadPub
LU,h0321,0.5193259147927165,scr2008,avaConv,bevPsngRoadPub
LU,h0322,0.5281317252665758,scr2008,avaConv,bevPsngRoadPub
LU,h0323,0.534407202154398,scr2008,avaConv,bevPsngRoadPub
LU,h0324,0.5355785982683301,scr2008,avaConv,bevPsngRoadPub
LU,h0325,0.5278114257380366,scr2008,avaConv,bevPsngRoadPub
LU,h0326,0.513608118519187,scr2008,avaConv,bevPsngRoadPub
LU,h0327,0.4808564791455865,scr2008,avaConv,bevPsngRoadPub
LU,h0328,0.432514694519341,scr2008,avaConv,bevPsngRoadPub
LU,h0329,0.36839305702596903,scr2008,avaConv,bevPsngRoadPub
LU,h0330,0.3149670176208019,scr2008,avaConv,bevPsngRoadPub
LU,h0331,0.28527118638157845,scr2008,avaConv,bevPsngRoadPub
LU,h0332,0.2973818089812994,scr2008,avaConv,bevPsngRoadPub
LU,h0333,0.32185747288167477,scr2008,avaConv,bevPsngRoadPub
LU,h0334,0.3482269989326596,scr2008,avaConv,bevPsngRoadPub
LU,h0335,0.3543228879570961,scr2008,avaConv,bevPsngRoadPub
LU,h0336,0.3641937468200922,scr2008,avaConv,bevPsngRoadPub
NO,h0289,0.3712654449045658,scr2008,avaConv,bevPsngRoadPub
NO,h0290,0.4065909367054701,scr2008,avaConv,bevPsngRoadPub
NO,h0291,0.44890107214450836,scr2008,avaConv,bevPsngRoadPub
NO,h0292,0.4551440756767988,scr2008,avaConv,bevPsngRoadPub
NO,h0293,0.4495423575863242,scr2008,avaConv,bevPsngRoadPub
NO,h0294,0.44444018602371216,scr2008,avaConv,bevPsngRoadPub
NO,h0295,0.44442442059516907,scr2008,avaConv,bevPsngRoadPub
NO,h0296,0.46471694577485323,scr2008,avaConv,bevPsngRoadPub
NO,h0297,0.4854253428056836,scr2008,avaConv,bevPsngRoadPub
NO,h0298,0.5038912845775485,scr2008,avaConv,bevPsngRoadPub
NO,h0299,0.5111194374039769,scr2008,avaConv,bevPsngRoadPub
NO,h0300,0.5178712951019406,scr2008,avaConv,bevPsngRoadPub
NO,h0301,0.5195997161790729,scr2008,avaConv,bevPsngRoadPub
NO,h0302,0.510611048899591,scr2008,avaConv,bevPsngRoadPub
NO,h0303,0.4808564791455865,scr2008,avaConv,bevPsngRoadPub
NO,h0304,0.432514694519341,scr2008,avaConv,bevPsngRoadPub
NO,h0305,0.36839305702596903,scr2008,avaConv,bevPsngRoadPub
NO,h0306,0.3149670176208019,scr2008,avaConv,bevPsngRoadPub
NO,h0307,0.28527118638157845,scr2008,avaConv,bevPsngRoadPub
NO,h0308,0.2973818089812994,scr2008,avaConv,bevPsngRoadPub
NO,h0309,0.32185747288167477,scr2008,avaConv,bevPsngRoadPub
NO,h0310,0.3482269989326596,scr2008,avaConv,bevPsngRoadPub
NO,h0311,0.3543228879570961,scr2008,avaConv,bevPsngRoadPub
NO,h0312,0.3641937468200922,scr2008,avaConv,bevPsngRoadPub
NO,h0313,0.3892500502988696,scr2008,avaConv,bevPsngRoadPub
NO,h0314,0.42347994167357683,scr2008,avaConv,bevPsngRoadPub
NO,h0315,0.44890107214450836,scr2008,avaConv,bevPsngRoadPub
NO,h0316,0.4551440756767988,scr2008,avaConv,bevPsngRoadPub
NO,h0317,0.4495423575863242,scr2008,avaConv,bevPsngRoadPub
NO,h0318,0.44444018602371216,scr2008,avaConv,bevPsngRoadPub
NO,h0319,0.4650268377736211,scr2008,avaConv,bevPsngRoadPub
NO,h0320,0.49096779245883226,scr2008,avaConv,bevPsngRoadPub
NO,h0321,0.5193259147927165,scr2008,avaConv,bevPsngRoadPub
NO,h0322,0.5281317252665758,scr2008,avaConv,bevPsngRoadPub
NO,h0323,0.534407202154398,scr2008,avaConv,bevPsngRoadPub
NO,h0324,0.5355785982683301,scr2008,avaConv,bevPsngRoadPub
NO,h0325,0.5278114257380366,scr2008,avaConv,bevPsngRoadPub
NO,h0326,0.513608118519187,scr2008,avaConv,bevPsngRoadPub
NO,h0327,0.4808564791455865,scr2008,avaConv,bevPsngRoadPub
NO,h0328,0.432514694519341,scr2008,avaConv,bevPsngRoadPub
NO,h0329,0.36839305702596903,scr2008,avaConv,bevPsngRoadPub
NO,h0330,0.3149670176208019,scr2008,avaConv,bevPsngRoadPub
NO,h0331,0.28527118638157845,scr2008,avaConv,bevPsngRoadPub
NO,h0332,0.2973818089812994,scr2008,avaConv,bevPsngRoadPub
NO,h0333,0.32185747288167477,scr2008,avaConv,bevPsngRoadPub
NO,h0334,0.3482269989326596,scr2008,avaConv,bevPsngRoadPub
NO,h0335,0.3543228879570961,scr2008,avaConv,bevPsngRoadPub
NO,h0336,0.3641937468200922,scr2008,avaConv,bevPsngRoadPub
PL,h0289,0.3712654449045658,scr2008,avaConv,bevPsngRoadPub
PL,h0290,0.4065909367054701,scr2008,avaConv,bevPsngRoadPub
PL,h0291,0.44890107214450836,scr2008,avaConv,bevPsngRoadPub
PL,h0292,0.4551440756767988,scr2008,avaConv,bevPsngRoadPub
PL,h0293,0.4495423575863242,scr2008,avaConv,bevPsngRoadPub
PL,h0294,0.44444018602371216,scr2008,avaConv,bevPsngRoadPub
PL,h0295,0.44442442059516907,scr2008,avaConv,bevPsngRoadPub
PL,h0296,0.46471694577485323,scr2008,avaConv,bevPsngRoadPub
PL,h0297,0.4854253428056836,scr2008,avaConv,bevPsngRoadPub
PL,h0298,0.5038912845775485,scr2008,avaConv,bevPsngRoadPub
PL,h0299,0.5111194374039769,scr2008,avaConv,bevPsngRoadPub
PL,h0300,0.5178712951019406,scr2008,avaConv,bevPsngRoadPub
PL,h0301,0.5195997161790729,scr2008,avaConv,bevPsngRoadPub
PL,h0302,0.510611048899591,scr2008,avaConv,bevPsngRoadPub
PL,h0303,0.4808564791455865,scr2008,avaConv,bevPsngRoadPub
PL,h0304,0.432514694519341,scr2008,avaConv,bevPsngRoadPub
PL,h0305,0.36839305702596903,scr2008,avaConv,bevPsngRoadPub
PL,h0306,0.3149670176208019,scr2008,avaConv,bevPsngRoadPub
PL,h0307,0.28527118638157845,scr2008,avaConv,bevPsngRoadPub
PL,h0308,0.2973818089812994,scr2008,avaConv,bevPsngRoadPub
PL,h0309,0.32185747288167477,scr2008,avaConv,bevPsngRoadPub
PL,h0310,0.3482269989326596,scr2008,avaConv,bevPsngRoadPub
PL,h0311,0.3543228879570961,scr2008,avaConv,bevPsngRoadPub
PL,h0312,0.3641937468200922,scr2008,avaConv,bevPsngRoadPub
PL,h0313,0.3892500502988696,scr2008,avaConv,bevPsngRoadPub
PL,h0314,0.42347994167357683,scr2008,avaConv,bevPsngRoadPub
PL,h0315,0.44890107214450836,scr2008,avaConv,bevPsngRoadPub
PL,h0316,0.4551440756767988,scr2008,avaConv,bevPsngRoadPub
PL,h0317,0.4495423575863242,scr2008,avaConv,bevPsngRoadPub
PL,h0318,0.44444018602371216,scr2008,avaConv,bevPsngRoadPub
PL,h0319,0.4650268377736211,scr2008,avaConv,bevPsngRoadPub
PL,h0320,0.49096779245883226,scr2008,avaConv,bevPsngRoadPub
PL,h0321,0.5193259147927165,scr2008,avaConv,bevPsngRoadPub
PL,h0322,0.5281317252665758,scr2008,avaConv,bevPsngRoadPub
PL,h0323,0.534407202154398,scr2008,avaConv,bevPsngRoadPub
PL,h0324,0.5355785982683301,scr2008,avaConv,bevPsngRoadPub
PL,h0325,0.5278114257380366,scr2008,avaConv,bevPsngRoadPub
PL,h0326,0.513608118519187,scr2008,avaConv,bevPsngRoadPub
PL,h0327,0.4808564791455865,scr2008,avaConv,bevPsngRoadPub
PL,h0328,0.432514694519341,scr2008,avaConv,bevPsngRoadPub
PL,h0329,0.36839305702596903,scr2008,avaConv,bevPsngRoadPub
PL,h0330,0.3149670176208019,scr2008,avaConv,bevPsngRoadPub
PL,h0331,0.28527118638157845,scr2008,avaConv,bevPsngRoadPub
PL,h0332,0.2973818089812994,scr2008,avaConv,bevPsngRoadPub
PL,h0333,0.32185747288167477,scr2008,avaConv,bevPsngRoadPub
PL,h0334,0.3482269989326596,scr2008,avaConv,bevPsngRoadPub
PL,h0335,0.3543228879570961,scr2008,avaConv,bevPsngRoadPub
PL,h0336,0.3641937468200922,scr2008,avaConv,bevPsngRoadPub
RO,h0289,0.3712654449045658,scr2008,avaConv,bevPsngRoadPub
RO,h0290,0.4065909367054701,scr2008,avaConv,bevPsngRoadPub
RO,h0291,0.44890107214450836,scr2008,avaConv,bevPsngRoadPub
RO,h0292,0.4551440756767988,scr2008,avaConv,bevPsngRoadPub
RO,h0293,0.4495423575863242,scr2008,avaConv,bevPsngRoadPub
RO,h0294,0.44444018602371216,scr2008,avaConv,bevPsngRoadPub
RO,h0295,0.44442442059516907,scr2008,avaConv,bevPsngRoadPub
RO,h0296,0.46471694577485323,scr2008,avaConv,bevPsngRoadPub
RO,h0297,0.4854253428056836,scr2008,avaConv,bevPsngRoadPub
RO,h0298,0.5038912845775485,scr2008,avaConv,bevPsngRoadPub
RO,h0299,0.5111194374039769,scr2008,avaConv,bevPsngRoadPub
RO,h0300,0.5178712951019406,scr2008,avaConv,bevPsngRoadPub
RO,h0301,0.5195997161790729,scr2008,avaConv,bevPsngRoadPub
RO,h0302,0.510611048899591,scr2008,avaConv,bevPsngRoadPub
RO,h0303,0.4808564791455865,scr2008,avaConv,bevPsngRoadPub
RO,h0304,0.432514694519341,scr2008,avaConv,bevPsngRoadPub
RO,h0305,0.36839305702596903,scr2008,avaConv,bevPsngRoadPub
RO,h0306,0.3149670176208019,scr2008,avaConv,bevPsngRoadPub
RO,h0307,0.28527118638157845,scr2008,avaConv,bevPsngRoadPub
RO,h0308,0.2973818089812994,scr2008,avaConv,bevPsngRoadPub
RO,h0309,0.32185747288167477,scr2008,avaConv,bevPsngRoadPub
RO,h0310,0.3482269989326596,scr2008,avaConv,bevPsngRoadPub
RO,h0311,0.3543228879570961,scr2008,avaConv,bevPsngRoadPub
RO,h0312,0.3641937468200922,scr2008,avaConv,bevPsngRoadPub
RO,h0313,0.3892500502988696,scr2008,avaConv,bevPsngRoadPub
RO,h0314,0.42347994167357683,scr2008,avaConv,bevPsngRoadPub
RO,h0315,0.44890107214450836,scr2008,avaConv,bevPsngRoadPub
RO,h0316,0.4551440756767988,scr2008,avaConv,bevPsngRoadPub
RO,h0317,0.4495423575863242,scr2008,avaConv,bevPsngRoadPub
RO,h0318,0.44444018602371216,scr2008,avaConv,bevPsngRoadPub
RO,h0319,0.4650268377736211,scr2008,avaConv,bevPsngRoadPub
RO,h0320,0.49096779245883226,scr2008,avaConv,bevPsngRoadPub
RO,h0321,0.5193259147927165,scr2008,avaConv,bevPsngRoadPub
RO,h0322,0.5281317252665758,scr2008,avaConv,bevPsngRoadPub
RO,h0323,0.534407202154398,scr2008,avaConv,bevPsngRoadPub
RO,h0324,0.5355785982683301,scr2008,avaConv,bevPsngRoadPub
RO,h0325,0.5278114257380366,scr2008,avaConv,bevPsngRoadPub
RO,h0326,0.513608118519187,scr2008,avaConv,bevPsngRoadPub
RO,h0327,0.4808564791455865,scr2008,avaConv,bevPsngRoadPub
RO,h0328,0.432514694519341,scr2008,avaConv,bevPsngRoadPub
RO,h0329,0.36839305702596903,scr2008,avaConv,bevPsngRoadPub
RO,h0330,0.3149670176208019,scr2008,avaConv,bevPsngRoadPub
RO,h0331,0.28527118638157845,scr2008,avaConv,bevPsngRoadPub
RO,h0332,0.2973818089812994,scr2008,avaConv,bevPsngRoadPub
RO,h0333,0.32185747288167477,scr2008,avaConv,bevPsngRoadPub
RO,h0334,0.3482269989326596,scr2008,avaConv,bevPsngRoadPub
RO,h0335,0.3543228879570961,scr2008,avaConv,bevPsngRoadPub
RO,h0336,0.3641937468200922,scr2008,avaConv,bevPsngRoadPub
PT,h0289,0.3712654449045658,scr2008,avaConv,bevPsngRoadPub
PT,h0290,0.4065909367054701,scr2008,avaConv,bevPsngRoadPub
PT,h0291,0.44890107214450836,scr2008,avaConv,bevPsngRoadPub
PT,h0292,0.4551440756767988,scr2008,avaConv,bevPsngRoadPub
PT,h0293,0.4495423575863242,scr2008,avaConv,bevPsngRoadPub
PT,h0294,0.44444018602371216,scr2008,avaConv,bevPsngRoadPub
PT,h0295,0.44442442059516907,scr2008,avaConv,bevPsngRoadPub
PT,h0296,0.46471694577485323,scr2008,avaConv,bevPsngRoadPub
PT,h0297,0.4854253428056836,scr2008,avaConv,bevPsngRoadPub
PT,h0298,0.5038912845775485,scr2008,avaConv,bevPsngRoadPub
PT,h0299,0.5111194374039769,scr2008,avaConv,bevPsngRoadPub
PT,h0300,0.5178712951019406,scr2008,avaConv,bevPsngRoadPub
PT,h0301,0.5195997161790729,scr2008,avaConv,bevPsngRoadPub
PT,h0302,0.510611048899591,scr2008,avaConv,bevPsngRoadPub
PT,h0303,0.4808564791455865,scr2008,avaConv,bevPsngRoadPub
PT,h0304,0.432514694519341,scr2008,avaConv,bevPsngRoadPub
PT,h0305,0.36839305702596903,scr2008,avaConv,bevPsngRoadPub
PT,h0306,0.3149670176208019,scr2008,avaConv,bevPsngRoadPub
PT,h0307,0.28527118638157845,scr2008,avaConv,bevPsngRoadPub
PT,h0308,0.2973818089812994,scr2008,avaConv,bevPsngRoadPub
PT,h0309,0.32185747288167477,scr2008,avaConv,bevPsngRoadPub
PT,h0310,0.3482269989326596,scr2008,avaConv,bevPsngRoadPub
PT,h0311,0.3543228879570961,scr2008,avaConv,bevPsngRoadPub
PT,h0312,0.3641937468200922,scr2008,avaConv,bevPsngRoadPub
PT,h0313,0.3892500502988696,scr2008,avaConv,bevPsngRoadPub
PT,h0314,0.42347994167357683,scr2008,avaConv,bevPsngRoadPub
PT,h0315,0.44890107214450836,scr2008,avaConv,bevPsngRoadPub
PT,h0316,0.4551440756767988,scr2008,avaConv,bevPsngRoadPub
PT,h0317,0.4495423575863242,scr2008,avaConv,bevPsngRoadPub
PT,h0318,0.44444018602371216,scr2008,avaConv,bevPsngRoadPub
PT,h0319,0.4650268377736211,scr2008,avaConv,bevPsngRoadPub
PT,h0320,0.49096779245883226,scr2008,avaConv,bevPsngRoadPub
PT,h0321,0.5193259147927165,scr2008,avaConv,bevPsngRoadPub
PT,h0322,0.5281317252665758,scr2008,avaConv,bevPsngRoadPub
PT,h0323,0.534407202154398,scr2008,avaConv,bevPsngRoadPub
PT,h0324,0.5355785982683301,scr2008,avaConv,bevPsngRoadPub
PT,h0325,0.5278114257380366,scr2008,avaConv,bevPsngRoadPub
PT,h0326,0.513608118519187,scr2008,avaConv,bevPsngRoadPub
PT,h0327,0.4808564791455865,scr2008,avaConv,bevPsngRoadPub
PT,h0328,0.432514694519341,scr2008,avaConv,bevPsngRoadPub
PT,h0329,0.36839305702596903,scr2008,avaConv,bevPsngRoadPub
PT,h0330,0.3149670176208019,scr2008,avaConv,bevPsngRoadPub
PT,h0331,0.28527118638157845,scr2008,avaConv,bevPsngRoadPub
PT,h0332,0.2973818089812994,scr2008,avaConv,bevPsngRoadPub
PT,h0333,0.32185747288167477,scr2008,avaConv,bevPsngRoadPub
PT,h0334,0.3482269989326596,scr2008,avaConv,bevPsngRoadPub
PT,h0335,0.3543228879570961,scr2008,avaConv,bevPsngRoadPub
PT,h0336,0.3641937468200922,scr2008,avaConv,bevPsngRoadPub
SK,h0289,0.3712654449045658,scr2008,avaConv,bevPsngRoadPub
SK,h0290,0.4065909367054701,scr2008,avaConv,bevPsngRoadPub
SK,h0291,0.44890107214450836,scr2008,avaConv,bevPsngRoadPub
SK,h0292,0.4551440756767988,scr2008,avaConv,bevPsngRoadPub
SK,h0293,0.4495423575863242,scr2008,avaConv,bevPsngRoadPub
SK,h0294,0.44444018602371216,scr2008,avaConv,bevPsngRoadPub
SK,h0295,0.44442442059516907,scr2008,avaConv,bevPsngRoadPub
SK,h0296,0.46471694577485323,scr2008,avaConv,bevPsngRoadPub
SK,h0297,0.4854253428056836,scr2008,avaConv,bevPsngRoadPub
SK,h0298,0.5038912845775485,scr2008,avaConv,bevPsngRoadPub
SK,h0299,0.5111194374039769,scr2008,avaConv,bevPsngRoadPub
SK,h0300,0.5178712951019406,scr2008,avaConv,bevPsngRoadPub
SK,h0301,0.5195997161790729,scr2008,avaConv,bevPsngRoadPub
SK,h0302,0.510611048899591,scr2008,avaConv,bevPsngRoadPub
SK,h0303,0.4808564791455865,scr2008,avaConv,bevPsngRoadPub
SK,h0304,0.432514694519341,scr2008,avaConv,bevPsngRoadPub
SK,h0305,0.36839305702596903,scr2008,avaConv,bevPsngRoadPub
SK,h0306,0.3149670176208019,scr2008,avaConv,bevPsngRoadPub
SK,h0307,0.28527118638157845,scr2008,avaConv,bevPsngRoadPub
SK,h0308,0.2973818089812994,scr2008,avaConv,bevPsngRoadPub
SK,h0309,0.32185747288167477,scr2008,avaConv,bevPsngRoadPub
SK,h0310,0.3482269989326596,scr2008,avaConv,bevPsngRoadPub
SK,h0311,0.3543228879570961,scr2008,avaConv,bevPsngRoadPub
SK,h0312,0.3641937468200922,scr2008,avaConv,bevPsngRoadPub
SK,h0313,0.3892500502988696,scr2008,avaConv,bevPsngRoadPub
SK,h0314,0.42347994167357683,scr2008,avaConv,bevPsngRoadPub
SK,h0315,0.44890107214450836,scr2008,avaConv,bevPsngRoadPub
SK,h0316,0.4551440756767988,scr2008,avaConv,bevPsngRoadPub
SK,h0317,0.4495423575863242,scr2008,avaConv,bevPsngRoadPub
SK,h0318,0.44444018602371216,scr2008,avaConv,bevPsngRoadPub
SK,h0319,0.4650268377736211,scr2008,avaConv,bevPsngRoadPub
SK,h0320,0.49096779245883226,scr2008,avaConv,bevPsngRoadPub
SK,h0321,0.5193259147927165,scr2008,avaConv,bevPsngRoadPub
SK,h0322,0.5281317252665758,scr2008,avaConv,bevPsngRoadPub
SK,h0323,0.534407202154398,scr2008,avaConv,bevPsngRoadPub
SK,h0324,0.5355785982683301,scr2008,avaConv,bevPsngRoadPub
SK,h0325,0.5278114257380366,scr2008,avaConv,bevPsngRoadPub
SK,h0326,0.513608118519187,scr2008,avaConv,bevPsngRoadPub
SK,h0327,0.4808564791455865,scr2008,avaConv,bevPsngRoadPub
SK,h0328,0.432514694519341,scr2008,avaConv,bevPsngRoadPub
SK,h0329,0.36839305702596903,scr2008,avaConv,bevPsngRoadPub
SK,h0330,0.3149670176208019,scr2008,avaConv,bevPsngRoadPub
SK,h0331,0.28527118638157845,scr2008,avaConv,bevPsngRoadPub
SK,h0332,0.2973818089812994,scr2008,avaConv,bevPsngRoadPub
SK,h0333,0.32185747288167477,scr2008,avaConv,bevPsngRoadPub
SK,h0334,0.3482269989326596,scr2008,avaConv,bevPsngRoadPub
SK,h0335,0.3543228879570961,scr2008,avaConv,bevPsngRoadPub
SK,h0336,0.3641937468200922,scr2008,avaConv,bevPsngRoadPub
SI,h0289,0.3712654449045658,scr2008,avaConv,bevPsngRoadPub
SI,h0290,0.4065909367054701,scr2008,avaConv,bevPsngRoadPub
SI,h0291,0.44890107214450836,scr2008,avaConv,bevPsngRoadPub
SI,h0292,0.4551440756767988,scr2008,avaConv,bevPsngRoadPub
SI,h0293,0.4495423575863242,scr2008,avaConv,bevPsngRoadPub
SI,h0294,0.44444018602371216,scr2008,avaConv,bevPsngRoadPub
SI,h0295,0.44442442059516907,scr2008,avaConv,bevPsngRoadPub
SI,h0296,0.46471694577485323,scr2008,avaConv,bevPsngRoadPub
SI,h0297,0.4854253428056836,scr2008,avaConv,bevPsngRoadPub
SI,h0298,0.5038912845775485,scr2008,avaConv,bevPsngRoadPub
SI,h0299,0.5111194374039769,scr2008,avaConv,bevPsngRoadPub
SI,h0300,0.5178712951019406,scr2008,avaConv,bevPsngRoadPub
SI,h0301,0.5195997161790729,scr2008,avaConv,bevPsngRoadPub
SI,h0302,0.510611048899591,scr2008,avaConv,bevPsngRoadPub
SI,h0303,0.4808564791455865,scr2008,avaConv,bevPsngRoadPub
SI,h0304,0.432514694519341,scr2008,avaConv,bevPsngRoadPub
SI,h0305,0.36839305702596903,scr2008,avaConv,bevPsngRoadPub
SI,h0306,0.3149670176208019,scr2008,avaConv,bevPsngRoadPub
SI,h0307,0.28527118638157845,scr2008,avaConv,bevPsngRoadPub
SI,h0308,0.2973818089812994,scr2008,avaConv,bevPsngRoadPub
SI,h0309,0.32185747288167477,scr2008,avaConv,bevPsngRoadPub
SI,h0310,0.3482269989326596,scr2008,avaConv,bevPsngRoadPub
SI,h0311,0.3543228879570961,scr2008,avaConv,bevPsngRoadPub
SI,h0312,0.3641937468200922,scr2008,avaConv,bevPsngRoadPub
SI,h0313,0.3892500502988696,scr2008,avaConv,bevPsngRoadPub
SI,h0314,0.42347994167357683,scr2008,avaConv,bevPsngRoadPub
SI,h0315,0.44890107214450836,scr2008,avaConv,bevPsngRoadPub
SI,h0316,0.4551440756767988,scr2008,avaConv,bevPsngRoadPub
SI,h0317,0.4495423575863242,scr2008,avaConv,bevPsngRoadPub
SI,h0318,0.44444018602371216,scr2008,avaConv,bevPsngRoadPub
SI,h0319,0.4650268377736211,scr2008,avaConv,bevPsngRoadPub
SI,h0320,0.49096779245883226,scr2008,avaConv,bevPsngRoadPub
SI,h0321,0.5193259147927165,scr2008,avaConv,bevPsngRoadPub
SI,h0322,0.5281317252665758,scr2008,avaConv,bevPsngRoadPub
SI,h0323,0.534407202154398,scr2008,avaConv,bevPsngRoadPub
SI,h0324,0.5355785982683301,scr2008,avaConv,bevPsngRoadPub
SI,h0325,0.5278114257380366,scr2008,avaConv,bevPsngRoadPub
SI,h0326,0.513608118519187,scr2008,avaConv,bevPsngRoadPub
SI,h0327,0.4808564791455865,scr2008,avaConv,bevPsngRoadPub
SI,h0328,0.432514694519341,scr2008,avaConv,bevPsngRoadPub
SI,h0329,0.36839305702596903,scr2008,avaConv,bevPsngRoadPub
SI,h0330,0.3149670176208019,scr2008,avaConv,bevPsngRoadPub
SI,h0331,0.28527118638157845,scr2008,avaConv,bevPsngRoadPub
SI,h0332,0.2973818089812994,scr2008,avaConv,bevPsngRoadPub
SI,h0333,0.32185747288167477,scr2008,avaConv,bevPsngRoadPub
SI,h0334,0.3482269989326596,scr2008,avaConv,bevPsngRoadPub
SI,h0335,0.3543228879570961,scr2008,avaConv,bevPsngRoadPub
SI,h0336,0.3641937468200922,scr2008,avaConv,bevPsngRoadPub
SE,h0289,0.3712654449045658,scr2008,avaConv,bevPsngRoadPub
SE,h0290,0.4065909367054701,scr2008,avaConv,bevPsngRoadPub
SE,h0291,0.44890107214450836,scr2008,avaConv,bevPsngRoadPub
SE,h0292,0.4551440756767988,scr2008,avaConv,bevPsngRoadPub
SE,h0293,0.4495423575863242,scr2008,avaConv,bevPsngRoadPub
SE,h0294,0.44444018602371216,scr2008,avaConv,bevPsngRoadPub
SE,h0295,0.44442442059516907,scr2008,avaConv,bevPsngRoadPub
SE,h0296,0.46471694577485323,scr2008,avaConv,bevPsngRoadPub
SE,h0297,0.4854253428056836,scr2008,avaConv,bevPsngRoadPub
SE,h0298,0.5038912845775485,scr2008,avaConv,bevPsngRoadPub
SE,h0299,0.5111194374039769,scr2008,avaConv,bevPsngRoadPub
SE,h0300,0.5178712951019406,scr2008,avaConv,bevPsngRoadPub
SE,h0301,0.5195997161790729,scr2008,avaConv,bevPsngRoadPub
SE,h0302,0.510611048899591,scr2008,avaConv,bevPsngRoadPub
SE,h0303,0.4808564791455865,scr2008,avaConv,bevPsngRoadPub
SE,h0304,0.432514694519341,scr2008,avaConv,bevPsngRoadPub
SE,h0305,0.36839305702596903,scr2008,avaConv,bevPsngRoadPub
SE,h0306,0.3149670176208019,scr2008,avaConv,bevPsngRoadPub
SE,h0307,0.28527118638157845,scr2008,avaConv,bevPsngRoadPub
SE,h0308,0.2973818089812994,scr2008,avaConv,bevPsngRoadPub
SE,h0309,0.32185747288167477,scr2008,avaConv,bevPsngRoadPub
SE,h0310,0.3482269989326596,scr2008,avaConv,bevPsngRoadPub
SE,h0311,0.3543228879570961,scr2008,avaConv,bevPsngRoadPub
SE,h0312,0.3641937468200922,scr2008,avaConv,bevPsngRoadPub
SE,h0313,0.3892500502988696,scr2008,avaConv,bevPsngRoadPub
SE,h0314,0.42347994167357683,scr2008,avaConv,bevPsngRoadPub
SE,h0315,0.44890107214450836,scr2008,avaConv,bevPsngRoadPub
SE,h0316,0.4551440756767988,scr2008,avaConv,bevPsngRoadPub
SE,h0317,0.4495423575863242,scr2008,avaConv,bevPsngRoadPub
SE,h0318,0.44444018602371216,scr2008,avaConv,bevPsngRoadPub
SE,h0319,0.4650268377736211,scr2008,avaConv,bevPsngRoadPub
SE,h0320,0.49096779245883226,scr2008,avaConv,bevPsngRoadPub
SE,h0321,0.5193259147927165,scr2008,avaConv,bevPsngRoadPub
SE,h0322,0.5281317252665758,scr2008,avaConv,bevPsngRoadPub
SE,h0323,0.534407202154398,scr2008,avaConv,bevPsngRoadPub
SE,h0324,0.5355785982683301,scr2008,avaConv,bevPsngRoadPub
SE,h0325,0.5278114257380366,scr2008,avaConv,bevPsngRoadPub
SE,h0326,0.513608118519187,scr2008,avaConv,bevPsngRoadPub
SE,h0327,0.4808564791455865,scr2008,avaConv,bevPsngRoadPub
SE,h0328,0.432514694519341,scr2008,avaConv,bevPsngRoadPub
SE,h0329,0.36839305702596903,scr2008,avaConv,bevPsngRoadPub
SE,h0330,0.3149670176208019,scr2008,avaConv,bevPsngRoadPub
SE,h0331,0.28527118638157845,scr2008,avaConv,bevPsngRoadPub
SE,h0332,0.2973818089812994,scr2008,avaConv,bevPsngRoadPub
SE,h0333,0.32185747288167477,scr2008,avaConv,bevPsngRoadPub
SE,h0334,0.3482269989326596,scr2008,avaConv,bevPsngRoadPub
SE,h0335,0.3543228879570961,scr2008,avaConv,bevPsngRoadPub
SE,h0336,0.3641937468200922,scr2008,avaConv,bevPsngRoadPub
UK,h0289,0.3712654449045658,scr2008,avaConv,bevPsngRoadPub
UK,h0290,0.4065909367054701,scr2008,avaConv,bevPsngRoadPub
UK,h0291,0.44890107214450836,scr2008,avaConv,bevPsngRoadPub
UK,h0292,0.4551440756767988,scr2008,avaConv,bevPsngRoadPub
UK,h0293,0.4495423575863242,scr2008,avaConv,bevPsngRoadPub
UK,h0294,0.44444018602371216,scr2008,avaConv,bevPsngRoadPub
UK,h0295,0.44442442059516907,scr2008,avaConv,bevPsngRoadPub
UK,h0296,0.46471694577485323,scr2008,avaConv,bevPsngRoadPub
UK,h0297,0.4854253428056836,scr2008,avaConv,bevPsngRoadPub
UK,h0298,0.5038912845775485,scr2008,avaConv,bevPsngRoadPub
UK,h0299,0.5111194374039769,scr2008,avaConv,bevPsngRoadPub
UK,h0300,0.5178712951019406,scr2008,avaConv,bevPsngRoadPub
UK,h0301,0.5195997161790729,scr2008,avaConv,bevPsngRoadPub
UK,h0302,0.510611048899591,scr2008,avaConv,bevPsngRoadPub
UK,h0303,0.4808564791455865,scr2008,avaConv,bevPsngRoadPub
UK,h0304,0.432514694519341,scr2008,avaConv,bevPsngRoadPub
UK,h0305,0.36839305702596903,scr2008,avaConv,bevPsngRoadPub
UK,h0306,0.3149670176208019,scr2008,avaConv,bevPsngRoadPub
UK,h0307,0.28527118638157845,scr2008,avaConv,bevPsngRoadPub
UK,h0308,0.2973818089812994,scr2008,avaConv,bevPsngRoadPub
UK,h0309,0.32185747288167477,scr2008,avaConv,bevPsngRoadPub
UK,h0310,0.3482269989326596,scr2008,avaConv,bevPsngRoadPub
UK,h0311,0.3543228879570961,scr2008,avaConv,bevPsngRoadPub
UK,h0312,0.3641937468200922,scr2008,avaConv,bevPsngRoadPub
UK,h0313,0.3892500502988696,scr2008,avaConv,bevPsngRoadPub
UK,h0314,0.42347994167357683,scr2008,avaConv,bevPsngRoadPub
UK,h0315,0.44890107214450836,scr2008,avaConv,bevPsngRoadPub
UK,h0316,0.4551440756767988,scr2008,avaConv,bevPsngRoadPub
UK,h0317,0.4495423575863242,scr2008,avaConv,bevPsngRoadPub
UK,h0318,0.44444018602371216,scr2008,avaConv,bevPsngRoadPub
UK,h0319,0.4650268377736211,scr2008,avaConv,bevPsngRoadPub
UK,h0320,0.49096779245883226,scr2008,avaConv,bevPsngRoadPub
UK,h0321,0.5193259147927165,scr2008,avaConv,bevPsngRoadPub
UK,h0322,0.5281317252665758,scr2008,avaConv,bevPsngRoadPub
UK,h0323,0.534407202154398,scr2008,avaConv,bevPsngRoadPub
UK,h0324,0.5355785982683301,scr2008,avaConv,bevPsngRoadPub
UK,h0325,0.5278114257380366,scr2008,avaConv,bevPsngRoadPub
UK,h0326,0.513608118519187,scr2008,avaConv,bevPsngRoadPub
UK,h0327,0.4808564791455865,scr2008,avaConv,bevPsngRoadPub
UK,h0328,0.432514694519341,scr2008,avaConv,bevPsngRoadPub
UK,h0329,0.36839305702596903,scr2008,avaConv,bevPsngRoadPub
UK,h0330,0.3149670176208019,scr2008,avaConv,bevPsngRoadPub
UK,h0331,0.28527118638157845,scr2008,avaConv,bevPsngRoadPub
UK,h0332,0.2973818089812994,scr2008,avaConv,bevPsngRoadPub
UK,h0333,0.32185747288167477,scr2008,avaConv,bevPsngRoadPub
UK,h0334,0.3482269989326596,scr2008,avaConv,bevPsngRoadPub
UK,h0335,0.3543228879570961,scr2008,avaConv,bevPsngRoadPub
UK,h0336,0.3641937468200922,scr2008,avaConv,bevPsngRoadPub
RS,h0289,0.3712654449045658,scr2008,avaConv,bevPsngRoadPub
RS,h0290,0.4065909367054701,scr2008,avaConv,bevPsngRoadPub
RS,h0291,0.44890107214450836,scr2008,avaConv,bevPsngRoadPub
RS,h0292,0.4551440756767988,scr2008,avaConv,bevPsngRoadPub
RS,h0293,0.4495423575863242,scr2008,avaConv,bevPsngRoadPub
RS,h0294,0.44444018602371216,scr2008,avaConv,bevPsngRoadPub
RS,h0295,0.44442442059516907,scr2008,avaConv,bevPsngRoadPub
RS,h0296,0.46471694577485323,scr2008,avaConv,bevPsngRoadPub
RS,h0297,0.4854253428056836,scr2008,avaConv,bevPsngRoadPub
RS,h0298,0.5038912845775485,scr2008,avaConv,bevPsngRoadPub
RS,h0299,0.5111194374039769,scr2008,avaConv,bevPsngRoadPub
RS,h0300,0.5178712951019406,scr2008,avaConv,bevPsngRoadPub
RS,h0301,0.5195997161790729,scr2008,avaConv,bevPsngRoadPub
RS,h0302,0.510611048899591,scr2008,avaConv,bevPsngRoadPub
RS,h0303,0.4808564791455865,scr2008,avaConv,bevPsngRoadPub
RS,h0304,0.432514694519341,scr2008,avaConv,bevPsngRoadPub
RS,h0305,0.36839305702596903,scr2008,avaConv,bevPsngRoadPub
RS,h0306,0.3149670176208019,scr2008,avaConv,bevPsngRoadPub
RS,h0307,0.28527118638157845,scr2008,avaConv,bevPsngRoadPub
RS,h0308,0.2973818089812994,scr2008,avaConv,bevPsngRoadPub
RS,h0309,0.32185747288167477,scr2008,avaConv,bevPsngRoadPub
RS,h0310,0.3482269989326596,scr2008,avaConv,bevPsngRoadPub
RS,h0311,0.3543228879570961,scr2008,avaConv,bevPsngRoadPub
RS,h0312,0.3641937468200922,scr2008,avaConv,bevPsngRoadPub
RS,h0313,0.3892500502988696,scr2008,avaConv,bevPsngRoadPub
RS,h0314,0.42347994167357683,scr2008,avaConv,bevPsngRoadPub
RS,h0315,0.44890107214450836,scr2008,avaConv,bevPsngRoadPub
RS,h0316,0.4551440756767988,scr2008,avaConv,bevPsngRoadPub
RS,h0317,0.4495423575863242,scr2008,avaConv,bevPsngRoadPub
RS,h0318,0.44444018602371216,scr2008,avaConv,bevPsngRoadPub
RS,h0319,0.4650268377736211,scr2008,avaConv,bevPsngRoadPub
RS,h0320,0.49096779245883226,scr2008,avaConv,bevPsngRoadPub
RS,h0321,0.5193259147927165,scr2008,avaConv,bevPsngRoadPub
RS,h0322,0.5281317252665758,scr2008,avaConv,bevPsngRoadPub
RS,h0323,0.534407202154398,scr2008,avaConv,bevPsngRoadPub
RS,h0324,0.5355785982683301,scr2008,avaConv,bevPsngRoadPub
RS,h0325,0.5278114257380366,scr2008,avaConv,bevPsngRoadPub
RS,h0326,0.513608118519187,scr2008,avaConv,bevPsngRoadPub
RS,h0327,0.4808564791455865,scr2008,avaConv,bevPsngRoadPub
RS,h0328,0.432514694519341,scr2008,avaConv,bevPsngRoadPub
RS,h0329,0.36839305702596903,scr2008,avaConv,bevPsngRoadPub
RS,h0330,0.3149670176208019,scr2008,avaConv,bevPsngRoadPub
RS,h0331,0.28527118638157845,scr2008,avaConv,bevPsngRoadPub
RS,h0332,0.2973818089812994,scr2008,avaConv,bevPsngRoadPub
RS,h0333,0.32185747288167477,scr2008,avaConv,bevPsngRoadPub
RS,h0334,0.3482269989326596,scr2008,avaConv,bevPsngRoadPub
RS,h0335,0.3543228879570961,scr2008,avaConv,bevPsngRoadPub
RS,h0336,0.3641937468200922,scr2008,avaConv,bevPsngRoadPub
BA,h0289,0.3712654449045658,scr2008,avaConv,bevPsngRoadPub
BA,h0290,0.4065909367054701,scr2008,avaConv,bevPsngRoadPub
BA,h0291,0.44890107214450836,scr2008,avaConv,bevPsngRoadPub
BA,h0292,0.4551440756767988,scr2008,avaConv,bevPsngRoadPub
BA,h0293,0.4495423575863242,scr2008,avaConv,bevPsngRoadPub
BA,h0294,0.44444018602371216,scr2008,avaConv,bevPsngRoadPub
BA,h0295,0.44442442059516907,scr2008,avaConv,bevPsngRoadPub
BA,h0296,0.46471694577485323,scr2008,avaConv,bevPsngRoadPub
BA,h0297,0.4854253428056836,scr2008,avaConv,bevPsngRoadPub
BA,h0298,0.5038912845775485,scr2008,avaConv,bevPsngRoadPub
BA,h0299,0.5111194374039769,scr2008,avaConv,bevPsngRoadPub
BA,h0300,0.5178712951019406,scr2008,avaConv,bevPsngRoadPub
BA,h0301,0.5195997161790729,scr2008,avaConv,bevPsngRoadPub
BA,h0302,0.510611048899591,scr2008,avaConv,bevPsngRoadPub
BA,h0303,0.4808564791455865,scr2008,avaConv,bevPsngRoadPub
BA,h0304,0.432514694519341,scr2008,avaConv,bevPsngRoadPub
BA,h0305,0.36839305702596903,scr2008,avaConv,bevPsngRoadPub
BA,h0306,0.3149670176208019,scr2008,avaConv,bevPsngRoadPub
BA,h0307,0.28527118638157845,scr2008,avaConv,bevPsngRoadPub
BA,h0308,0.2973818089812994,scr2008,avaConv,bevPsngRoadPub
BA,h0309,0.32185747288167477,scr2008,avaConv,bevPsngRoadPub
BA,h0310,0.3482269989326596,scr2008,avaConv,bevPsngRoadPub
BA,h0311,0.3543228879570961,scr2008,avaConv,bevPsngRoadPub
BA,h0312,0.3641937468200922,scr2008,avaConv,bevPsngRoadPub
BA,h0313,0.3892500502988696,scr2008,avaConv,bevPsngRoadPub
BA,h0314,0.42347994167357683,scr2008,avaConv,bevPsngRoadPub
BA,h0315,0.44890107214450836,scr2008,avaConv,bevPsngRoadPub
BA,h0316,0.4551440756767988,scr2008,avaConv,bevPsngRoadPub
BA,h0317,0.4495423575863242,scr2008,avaConv,bevPsngRoadPub
BA,h0318,0.44444018602371216,scr2008,avaConv,bevPsngRoadPub
BA,h0319,0.4650268377736211,scr2008,avaConv,bevPsngRoadPub
BA,h0320,0.49096779245883226,scr2008,avaConv,bevPsngRoadPub
BA,h0321,0.5193259147927165,scr2008,avaConv,bevPsngRoadPub
BA,h0322,0.5281317252665758,scr2008,avaConv,bevPsngRoadPub
BA,h0323,0.534407202154398,scr2008,avaConv,bevPsngRoadPub
BA,h0324,0.5355785982683301,scr2008,avaConv,bevPsngRoadPub
BA,h0325,0.5278114257380366,scr2008,avaConv,bevPsngRoadPub
BA,h0326,0.513608118519187,scr2008,avaConv,bevPsngRoadPub
BA,h0327,0.4808564791455865,scr2008,avaConv,bevPsngRoadPub
BA,h0328,0.432514694519341,scr2008,avaConv,bevPsngRoadPub
BA,h0329,0.36839305702596903,scr2008,avaConv,bevPsngRoadPub
BA,h0330,0.3149670176208019,scr2008,avaConv,bevPsngRoadPub
BA,h0331,0.28527118638157845,scr2008,avaConv,bevPsngRoadPub
BA,h0332,0.2973818089812994,scr2008,avaConv,bevPsngRoadPub
BA,h0333,0.32185747288167477,scr2008,avaConv,bevPsngRoadPub
BA,h0334,0.3482269989326596,scr2008,avaConv,bevPsngRoadPub
BA,h0335,0.3543228879570961,scr2008,avaConv,bevPsngRoadPub
BA,h0336,0.3641937468200922,scr2008,avaConv,bevPsngRoadPub
AL,h0289,0.3712654449045658,scr2008,avaConv,bevPsngRoadPub
AL,h0290,0.4065909367054701,scr2008,avaConv,bevPsngRoadPub
AL,h0291,0.44890107214450836,scr2008,avaConv,bevPsngRoadPub
AL,h0292,0.4551440756767988,scr2008,avaConv,bevPsngRoadPub
AL,h0293,0.4495423575863242,scr2008,avaConv,bevPsngRoadPub
AL,h0294,0.44444018602371216,scr2008,avaConv,bevPsngRoadPub
AL,h0295,0.44442442059516907,scr2008,avaConv,bevPsngRoadPub
AL,h0296,0.46471694577485323,scr2008,avaConv,bevPsngRoadPub
AL,h0297,0.4854253428056836,scr2008,avaConv,bevPsngRoadPub
AL,h0298,0.5038912845775485,scr2008,avaConv,bevPsngRoadPub
AL,h0299,0.5111194374039769,scr2008,avaConv,bevPsngRoadPub
AL,h0300,0.5178712951019406,scr2008,avaConv,bevPsngRoadPub
AL,h0301,0.5195997161790729,scr2008,avaConv,bevPsngRoadPub
AL,h0302,0.510611048899591,scr2008,avaConv,bevPsngRoadPub
AL,h0303,0.4808564791455865,scr2008,avaConv,bevPsngRoadPub
AL,h0304,0.432514694519341,scr2008,avaConv,bevPsngRoadPub
AL,h0305,0.36839305702596903,scr2008,avaConv,bevPsngRoadPub
AL,h0306,0.3149670176208019,scr2008,avaConv,bevPsngRoadPub
AL,h0307,0.28527118638157845,scr2008,avaConv,bevPsngRoadPub
AL,h0308,0.2973818089812994,scr2008,avaConv,bevPsngRoadPub
AL,h0309,0.32185747288167477,scr2008,avaConv,bevPsngRoadPub
AL,h0310,0.3482269989326596,scr2008,avaConv,bevPsngRoadPub
AL,h0311,0.3543228879570961,scr2008,avaConv,bevPsngRoadPub
AL,h0312,0.3641937468200922,scr2008,avaConv,bevPsngRoadPub
AL,h0313,0.3892500502988696,scr2008,avaConv,bevPsngRoadPub
AL,h0314,0.42347994167357683,scr2008,avaConv,bevPsngRoadPub
AL,h0315,0.44890107214450836,scr2008,avaConv,bevPsngRoadPub
AL,h0316,0.4551440756767988,scr2008,avaConv,bevPsngRoadPub
AL,h0317,0.4495423575863242,scr2008,avaConv,bevPsngRoadPub
AL,h0318,0.44444018602371216,scr2008,avaConv,bevPsngRoadPub
AL,h0319,0.4650268377736211,scr2008,avaConv,bevPsngRoadPub
AL,h0320,0.49096779245883226,scr2008,avaConv,bevPsngRoadPub
AL,h0321,0.5193259147927165,scr2008,avaConv,bevPsngRoadPub
AL,h0322,0.5281317252665758,scr2008,avaConv,bevPsngRoadPub
AL,h0323,0.534407202154398,scr2008,avaConv,bevPsngRoadPub
AL,h0324,0.5355785982683301,scr2008,avaConv,bevPsngRoadPub
AL,h0325,0.5278114257380366,scr2008,avaConv,bevPsngRoadPub
AL,h0326,0.513608118519187,scr2008,avaConv,bevPsngRoadPub
AL,h0327,0.4808564791455865,scr2008,avaConv,bevPsngRoadPub
AL,h0328,0.432514694519341,scr2008,avaConv,bevPsngRoadPub
AL,h0329,0.36839305702596903,scr2008,avaConv,bevPsngRoadPub
AL,h0330,0.3149670176208019,scr2008,avaConv,bevPsngRoadPub
AL,h0331,0.28527118638157845,scr2008,avaConv,bevPsngRoadPub
AL,h0332,0.2973818089812994,scr2008,avaConv,bevPsngRoadPub
AL,h0333,0.32185747288167477,scr2008,avaConv,bevPsngRoadPub
AL,h0334,0.3482269989326596,scr2008,avaConv,bevPsngRoadPub
AL,h0335,0.3543228879570961,scr2008,avaConv,bevPsngRoadPub
AL,h0336,0.3641937468200922,scr2008,avaConv,bevPsngRoadPub
