region_4,timestep_6,value,scenario_1,parameter,technology_3
01ES,h0049,0.14072279445827007,scr1984,avaStIn,bevFrtRoadLight
01ES,h0050,0.21039915177971125,scr1984,avaStIn,bevFrtRoadLight
01ES,h0051,0.335214058868587,scr1984,avaStIn,bevFrtRoadLight
01ES,h0052,0.45082905422896147,scr1984,avaStIn,bevFrtRoadLight
01ES,h0053,0.48009718023240566,scr1984,avaStIn,bevFrtRoadLight
01ES,h0054,0.5107157900929451,scr1984,avaStIn,bevFrtRoadLight
01ES,h0055,0.5310100177302957,scr1984,avaStIn,bevFrtRoadLight
01ES,h0056,0.4951993487775326,scr1984,avaStIn,bevFrtRoadLight
01ES,h0057,0.4163423627614975,scr1984,avaStIn,bevFrtRoadLight
01ES,h0058,0.3341202549636364,scr1984,avaStIn,bevFrtRoadLight
01ES,h0059,0.305523419752717,scr1984,avaStIn,bevFrtRoadLight
01ES,h0060,0.41201330441981554,scr1984,avaStIn,bevFrtRoadLight
01ES,h0061,0.48865499161183834,scr1984,avaStIn,bevFrtRoadLight
01ES,h0062,0.5059938253834844,scr1984,avaStIn,bevFrtRoadLight
01ES,h0063,0.45043916907161474,scr1984,avaStIn,bevFrtRoadLight
01ES,h0064,0.38109726179391146,scr1984,avaStIn,bevFrtRoadLight
01ES,h0065,0.38091251254081726,scr1984,avaStIn,bevFrtRoadLight
01ES,h0066,0.3439636863768101,scr1984,avaStIn,bevFrtRoadLight
01ES,h0067,0.28451944701373577,scr1984,avaStIn,bevFrtRoadLight
01ES,h0068,0.21315689384937286,scr1984,avaStIn,bevFrtRoadLight
01ES,h0069,0.27737042866647243,scr1984,avaStIn,bevFrtRoadLight
01ES,h0070,0.3466960983350873,scr1984,avaStIn,bevFrtRoadLight
01ES,h0071,0.35073378309607506,scr1984,avaStIn,bevFrtRoadLight
01ES,h0072,0.24701611511409283,scr1984,avaStIn,bevFrtRoadLight
02ES,h0049,0.14072279445827007,scr1984,avaStIn,bevFrtRoadLight
02ES,h0050,0.21039915177971125,scr1984,avaStIn,bevFrtRoadLight
02ES,h0051,0.335214058868587,scr1984,avaStIn,bevFrtRoadLight
02ES,h0052,0.45082905422896147,scr1984,avaStIn,bevFrtRoadLight
02ES,h0053,0.48009718023240566,scr1984,avaStIn,bevFrtRoadLight
02ES,h0054,0.5107157900929451,scr1984,avaStIn,bevFrtRoadLight
02ES,h0055,0.5310100177302957,scr1984,avaStIn,bevFrtRoadLight
02ES,h0056,0.4951993487775326,scr1984,avaStIn,bevFrtRoadLight
02ES,h0057,0.4163423627614975,scr1984,avaStIn,bevFrtRoadLight
02ES,h0058,0.3341202549636364,scr1984,avaStIn,bevFrtRoadLight
02ES,h0059,0.305523419752717,scr1984,avaStIn,bevFrtRoadLight
02ES,h0060,0.41201330441981554,scr1984,avaStIn,bevFrtRoadLight
02ES,h0061,0.48865499161183834,scr1984,avaStIn,bevFrtRoadLight
02ES,h0062,0.5059938253834844,scr1984,avaStIn,bevFrtRoadLight
02ES,h0063,0.45043916907161474,scr1984,avaStIn,bevFrtRoadLight
02ES,h0064,0.38109726179391146,scr1984,avaStIn,bevFrtRoadLight
02ES,h0065,0.38091251254081726,scr1984,avaStIn,bevFrtRoadLight
02ES,h0066,0.3439636863768101,scr1984,avaStIn,bevFrtRoadLight
02ES,h0067,0.28451944701373577,scr1984,avaStIn,bevFrtRoadLight
02ES,h0068,0.21315689384937286,scr1984,avaStIn,bevFrtRoadLight
02ES,h0069,0.27737042866647243,scr1984,avaStIn,bevFrtRoadLight
02ES,h0070,0.3466960983350873,scr1984,avaStIn,bevFrtRoadLight
02ES,h0071,0.35073378309607506,scr1984,avaStIn,bevFrtRoadLight
02ES,h0072,0.24701611511409283,scr1984,avaStIn,bevFrtRoadLight
03ES,h0049,0.14072279445827007,scr1984,avaStIn,bevFrtRoadLight
03ES,h0050,0.21039915177971125,scr1984,avaStIn,bevFrtRoadLight
03ES,h0051,0.335214058868587,scr1984,avaStIn,bevFrtRoadLight
03ES,h0052,0.45082905422896147,scr1984,avaStIn,bevFrtRoadLight
03ES,h0053,0.48009718023240566,scr1984,avaStIn,bevFrtRoadLight
03ES,h0054,0.5107157900929451,scr1984,avaStIn,bevFrtRoadLight
03ES,h0055,0.5310100177302957,scr1984,avaStIn,bevFrtRoadLight
03ES,h0056,0.4951993487775326,scr1984,avaStIn,bevFrtRoadLight
03ES,h0057,0.4163423627614975,scr1984,avaStIn,bevFrtRoadLight
03ES,h0058,0.3341202549636364,scr1984,avaStIn,bevFrtRoadLight
03ES,h0059,0.305523419752717,scr1984,avaStIn,bevFrtRoadLight
03ES,h0060,0.41201330441981554,scr1984,avaStIn,bevFrtRoadLight
03ES,h0061,0.48865499161183834,scr1984,avaStIn,bevFrtRoadLight
03ES,h0062,0.5059938253834844,scr1984,avaStIn,bevFrtRoadLight
03ES,h0063,0.45043916907161474,scr1984,avaStIn,bevFrtRoadLight
03ES,h0064,0.38109726179391146,scr1984,avaStIn,bevFrtRoadLight
03ES,h0065,0.38091251254081726,scr1984,avaStIn,bevFrtRoadLight
03ES,h0066,0.3439636863768101,scr1984,avaStIn,bevFrtRoadLight
03ES,h0067,0.28451944701373577,scr1984,avaStIn,bevFrtRoadLight
03ES,h0068,0.21315689384937286,scr1984,avaStIn,bevFrtRoadLight
03ES,h0069,0.27737042866647243,scr1984,avaStIn,bevFrtRoadLight
03ES,h0070,0.3466960983350873,scr1984,avaStIn,bevFrtRoadLight
03ES,h0071,0.35073378309607506,scr1984,avaStIn,bevFrtRoadLight
03ES,h0072,0.24701611511409283,scr1984,avaStIn,bevFrtRoadLight
04ES,h0049,0.14072279445827007,scr1984,avaStIn,bevFrtRoadLight
04ES,h0050,0.21039915177971125,scr1984,avaStIn,bevFrtRoadLight
04ES,h0051,0.335214058868587,scr1984,avaStIn,bevFrtRoadLight
04ES,h0052,0.45082905422896147,scr1984,avaStIn,bevFrtRoadLight
04ES,h0053,0.48009718023240566,scr1984,avaStIn,bevFrtRoadLight
04ES,h0054,0.5107157900929451,scr1984,avaStIn,bevFrtRoadLight
04ES,h0055,0.5310100177302957,scr1984,avaStIn,bevFrtRoadLight
04ES,h0056,0.4951993487775326,scr1984,avaStIn,bevFrtRoadLight
04ES,h0057,0.4163423627614975,scr1984,avaStIn,bevFrtRoadLight
04ES,h0058,0.3341202549636364,scr1984,avaStIn,bevFrtRoadLight
04ES,h0059,0.305523419752717,scr1984,avaStIn,bevFrtRoadLight
04ES,h0060,0.41201330441981554,scr1984,avaStIn,bevFrtRoadLight
04ES,h0061,0.48865499161183834,scr1984,avaStIn,bevFrtRoadLight
04ES,h0062,0.5059938253834844,scr1984,avaStIn,bevFrtRoadLight
04ES,h0063,0.45043916907161474,scr1984,avaStIn,bevFrtRoadLight
04ES,h0064,0.38109726179391146,scr1984,avaStIn,bevFrtRoadLight
04ES,h0065,0.38091251254081726,scr1984,avaStIn,bevFrtRoadLight
04ES,h0066,0.3439636863768101,scr1984,avaStIn,bevFrtRoadLight
04ES,h0067,0.28451944701373577,scr1984,avaStIn,bevFrtRoadLight
04ES,h0068,0.21315689384937286,scr1984,avaStIn,bevFrtRoadLight
04ES,h0069,0.27737042866647243,scr1984,avaStIn,bevFrtRoadLight
04ES,h0070,0.3466960983350873,scr1984,avaStIn,bevFrtRoadLight
04ES,h0071,0.35073378309607506,scr1984,avaStIn,bevFrtRoadLight
04ES,h0072,0.24701611511409283,scr1984,avaStIn,bevFrtRoadLight
05ES,h0049,0.14072279445827007,scr1984,avaStIn,bevFrtRoadLight
05ES,h0050,0.21039915177971125,scr1984,avaStIn,bevFrtRoadLight
05ES,h0051,0.335214058868587,scr1984,avaStIn,bevFrtRoadLight
05ES,h0052,0.45082905422896147,scr1984,avaStIn,bevFrtRoadLight
05ES,h0053,0.48009718023240566,scr1984,avaStIn,bevFrtRoadLight
05ES,h0054,0.5107157900929451,scr1984,avaStIn,bevFrtRoadLight
05ES,h0055,0.5310100177302957,scr1984,avaStIn,bevFrtRoadLight
05ES,h0056,0.4951993487775326,scr1984,avaStIn,bevFrtRoadLight
05ES,h0057,0.4163423627614975,scr1984,avaStIn,bevFrtRoadLight
05ES,h0058,0.3341202549636364,scr1984,avaStIn,bevFrtRoadLight
05ES,h0059,0.305523419752717,scr1984,avaStIn,bevFrtRoadLight
05ES,h0060,0.41201330441981554,scr1984,avaStIn,bevFrtRoadLight
05ES,h0061,0.48865499161183834,scr1984,avaStIn,bevFrtRoadLight
05ES,h0062,0.5059938253834844,scr1984,avaStIn,bevFrtRoadLight
05ES,h0063,0.45043916907161474,scr1984,avaStIn,bevFrtRoadLight
05ES,h0064,0.38109726179391146,scr1984,avaStIn,bevFrtRoadLight
05ES,h0065,0.38091251254081726,scr1984,avaStIn,bevFrtRoadLight
05ES,h0066,0.3439636863768101,scr1984,avaStIn,bevFrtRoadLight
05ES,h0067,0.28451944701373577,scr1984,avaStIn,bevFrtRoadLight
05ES,h0068,0.21315689384937286,scr1984,avaStIn,bevFrtRoadLight
05ES,h0069,0.27737042866647243,scr1984,avaStIn,bevFrtRoadLight
05ES,h0070,0.3466960983350873,scr1984,avaStIn,bevFrtRoadLight
05ES,h0071,0.35073378309607506,scr1984,avaStIn,bevFrtRoadLight
05ES,h0072,0.24701611511409283,scr1984,avaStIn,bevFrtRoadLight
06ES,h0049,0.14072279445827007,scr1984,avaStIn,bevFrtRoadLight
06ES,h0050,0.21039915177971125,scr1984,avaStIn,bevFrtRoadLight
06ES,h0051,0.335214058868587,scr1984,avaStIn,bevFrtRoadLight
06ES,h0052,0.45082905422896147,scr1984,avaStIn,bevFrtRoadLight
06ES,h0053,0.48009718023240566,scr1984,avaStIn,bevFrtRoadLight
06ES,h0054,0.5107157900929451,scr1984,avaStIn,bevFrtRoadLight
06ES,h0055,0.5310100177302957,scr1984,avaStIn,bevFrtRoadLight
06ES,h0056,0.4951993487775326,scr1984,avaStIn,bevFrtRoadLight
06ES,h0057,0.4163423627614975,scr1984,avaStIn,bevFrtRoadLight
06ES,h0058,0.3341202549636364,scr1984,avaStIn,bevFrtRoadLight
06ES,h0059,0.305523419752717,scr1984,avaStIn,bevFrtRoadLight
06ES,h0060,0.41201330441981554,scr1984,avaStIn,bevFrtRoadLight
06ES,h0061,0.48865499161183834,scr1984,avaStIn,bevFrtRoadLight
06ES,h0062,0.5059938253834844,scr1984,avaStIn,bevFrtRoadLight
06ES,h0063,0.45043916907161474,scr1984,avaStIn,bevFrtRoadLight
06ES,h0064,0.38109726179391146,scr1984,avaStIn,bevFrtRoadLight
06ES,h0065,0.38091251254081726,scr1984,avaStIn,bevFrtRoadLight
06ES,h0066,0.3439636863768101,scr1984,avaStIn,bevFrtRoadLight
06ES,h0067,0.28451944701373577,scr1984,avaStIn,bevFrtRoadLight
06ES,h0068,0.21315689384937286,scr1984,avaStIn,bevFrtRoadLight
06ES,h0069,0.27737042866647243,scr1984,avaStIn,bevFrtRoadLight
06ES,h0070,0.3466960983350873,scr1984,avaStIn,bevFrtRoadLight
06ES,h0071,0.35073378309607506,scr1984,avaStIn,bevFrtRoadLight
06ES,h0072,0.24701611511409283,scr1984,avaStIn,bevFrtRoadLight
07ES,h0049,0.14072279445827007,scr1984,avaStIn,bevFrtRoadLight
07ES,h0050,0.21039915177971125,scr1984,avaStIn,bevFrtRoadLight
07ES,h0051,0.335214058868587,scr1984,avaStIn,bevFrtRoadLight
07ES,h0052,0.45082905422896147,scr1984,avaStIn,bevFrtRoadLight
07ES,h0053,0.48009718023240566,scr1984,avaStIn,bevFrtRoadLight
07ES,h0054,0.5107157900929451,scr1984,avaStIn,bevFrtRoadLight
07ES,h0055,0.5310100177302957,scr1984,avaStIn,bevFrtRoadLight
07ES,h0056,0.4951993487775326,scr1984,avaStIn,bevFrtRoadLight
07ES,h0057,0.4163423627614975,scr1984,avaStIn,bevFrtRoadLight
07ES,h0058,0.3341202549636364,scr1984,avaStIn,bevFrtRoadLight
07ES,h0059,0.305523419752717,scr1984,avaStIn,bevFrtRoadLight
07ES,h0060,0.41201330441981554,scr1984,avaStIn,bevFrtRoadLight
07ES,h0061,0.48865499161183834,scr1984,avaStIn,bevFrtRoadLight
07ES,h0062,0.5059938253834844,scr1984,avaStIn,bevFrtRoadLight
07ES,h0063,0.45043916907161474,scr1984,avaStIn,bevFrtRoadLight
07ES,h0064,0.38109726179391146,scr1984,avaStIn,bevFrtRoadLight
07ES,h0065,0.38091251254081726,scr1984,avaStIn,bevFrtRoadLight
07ES,h0066,0.3439636863768101,scr1984,avaStIn,bevFrtRoadLight
07ES,h0067,0.28451944701373577,scr1984,avaStIn,bevFrtRoadLight
07ES,h0068,0.21315689384937286,scr1984,avaStIn,bevFrtRoadLight
07ES,h0069,0.27737042866647243,scr1984,avaStIn,bevFrtRoadLight
07ES,h0070,0.3466960983350873,scr1984,avaStIn,bevFrtRoadLight
07ES,h0071,0.35073378309607506,scr1984,avaStIn,bevFrtRoadLight
07ES,h0072,0.24701611511409283,scr1984,avaStIn,bevFrtRoadLight
08ES,h0049,0.14072279445827007,scr1984,avaStIn,bevFrtRoadLight
08ES,h0050,0.21039915177971125,scr1984,avaStIn,bevFrtRoadLight
08ES,h0051,0.335214058868587,scr1984,avaStIn,bevFrtRoadLight
08ES,h0052,0.45082905422896147,scr1984,avaStIn,bevFrtRoadLight
08ES,h0053,0.48009718023240566,scr1984,avaStIn,bevFrtRoadLight
08ES,h0054,0.5107157900929451,scr1984,avaStIn,bevFrtRoadLight
08ES,h0055,0.5310100177302957,scr1984,avaStIn,bevFrtRoadLight
08ES,h0056,0.4951993487775326,scr1984,avaStIn,bevFrtRoadLight
08ES,h0057,0.4163423627614975,scr1984,avaStIn,bevFrtRoadLight
08ES,h0058,0.3341202549636364,scr1984,avaStIn,bevFrtRoadLight
08ES,h0059,0.305523419752717,scr1984,avaStIn,bevFrtRoadLight
08ES,h0060,0.41201330441981554,scr1984,avaStIn,bevFrtRoadLight
08ES,h0061,0.48865499161183834,scr1984,avaStIn,bevFrtRoadLight
08ES,h0062,0.5059938253834844,scr1984,avaStIn,bevFrtRoadLight
08ES,h0063,0.45043916907161474,scr1984,avaStIn,bevFrtRoadLight
08ES,h0064,0.38109726179391146,scr1984,avaStIn,bevFrtRoadLight
08ES,h0065,0.38091251254081726,scr1984,avaStIn,bevFrtRoadLight
08ES,h0066,0.3439636863768101,scr1984,avaStIn,bevFrtRoadLight
08ES,h0067,0.28451944701373577,scr1984,avaStIn,bevFrtRoadLight
08ES,h0068,0.21315689384937286,scr1984,avaStIn,bevFrtRoadLight
08ES,h0069,0.27737042866647243,scr1984,avaStIn,bevFrtRoadLight
08ES,h0070,0.3466960983350873,scr1984,avaStIn,bevFrtRoadLight
08ES,h0071,0.35073378309607506,scr1984,avaStIn,bevFrtRoadLight
08ES,h0072,0.24701611511409283,scr1984,avaStIn,bevFrtRoadLight
09ES,h0049,0.14072279445827007,scr1984,avaStIn,bevFrtRoadLight
09ES,h0050,0.21039915177971125,scr1984,avaStIn,bevFrtRoadLight
09ES,h0051,0.335214058868587,scr1984,avaStIn,bevFrtRoadLight
09ES,h0052,0.45082905422896147,scr1984,avaStIn,bevFrtRoadLight
09ES,h0053,0.48009718023240566,scr1984,avaStIn,bevFrtRoadLight
09ES,h0054,0.5107157900929451,scr1984,avaStIn,bevFrtRoadLight
09ES,h0055,0.5310100177302957,scr1984,avaStIn,bevFrtRoadLight
09ES,h0056,0.4951993487775326,scr1984,avaStIn,bevFrtRoadLight
09ES,h0057,0.4163423627614975,scr1984,avaStIn,bevFrtRoadLight
09ES,h0058,0.3341202549636364,scr1984,avaStIn,bevFrtRoadLight
09ES,h0059,0.305523419752717,scr1984,avaStIn,bevFrtRoadLight
09ES,h0060,0.41201330441981554,scr1984,avaStIn,bevFrtRoadLight
09ES,h0061,0.48865499161183834,scr1984,avaStIn,bevFrtRoadLight
09ES,h0062,0.5059938253834844,scr1984,avaStIn,bevFrtRoadLight
09ES,h0063,0.45043916907161474,scr1984,avaStIn,bevFrtRoadLight
09ES,h0064,0.38109726179391146,scr1984,avaStIn,bevFrtRoadLight
09ES,h0065,0.38091251254081726,scr1984,avaStIn,bevFrtRoadLight
09ES,h0066,0.3439636863768101,scr1984,avaStIn,bevFrtRoadLight
09ES,h0067,0.28451944701373577,scr1984,avaStIn,bevFrtRoadLight
09ES,h0068,0.21315689384937286,scr1984,avaStIn,bevFrtRoadLight
09ES,h0069,0.27737042866647243,scr1984,avaStIn,bevFrtRoadLight
09ES,h0070,0.3466960983350873,scr1984,avaStIn,bevFrtRoadLight
09ES,h0071,0.35073378309607506,scr1984,avaStIn,bevFrtRoadLight
09ES,h0072,0.24701611511409283,scr1984,avaStIn,bevFrtRoadLight
10ES,h0049,0.14072279445827007,scr1984,avaStIn,bevFrtRoadLight
10ES,h0050,0.21039915177971125,scr1984,avaStIn,bevFrtRoadLight
10ES,h0051,0.335214058868587,scr1984,avaStIn,bevFrtRoadLight
10ES,h0052,0.45082905422896147,scr1984,avaStIn,bevFrtRoadLight
10ES,h0053,0.48009718023240566,scr1984,avaStIn,bevFrtRoadLight
10ES,h0054,0.5107157900929451,scr1984,avaStIn,bevFrtRoadLight
10ES,h0055,0.5310100177302957,scr1984,avaStIn,bevFrtRoadLight
10ES,h0056,0.4951993487775326,scr1984,avaStIn,bevFrtRoadLight
10ES,h0057,0.4163423627614975,scr1984,avaStIn,bevFrtRoadLight
10ES,h0058,0.3341202549636364,scr1984,avaStIn,bevFrtRoadLight
10ES,h0059,0.305523419752717,scr1984,avaStIn,bevFrtRoadLight
10ES,h0060,0.41201330441981554,scr1984,avaStIn,bevFrtRoadLight
10ES,h0061,0.48865499161183834,scr1984,avaStIn,bevFrtRoadLight
10ES,h0062,0.5059938253834844,scr1984,avaStIn,bevFrtRoadLight
10ES,h0063,0.45043916907161474,scr1984,avaStIn,bevFrtRoadLight
10ES,h0064,0.38109726179391146,scr1984,avaStIn,bevFrtRoadLight
10ES,h0065,0.38091251254081726,scr1984,avaStIn,bevFrtRoadLight
10ES,h0066,0.3439636863768101,scr1984,avaStIn,bevFrtRoadLight
10ES,h0067,0.28451944701373577,scr1984,avaStIn,bevFrtRoadLight
10ES,h0068,0.21315689384937286,scr1984,avaStIn,bevFrtRoadLight
10ES,h0069,0.27737042866647243,scr1984,avaStIn,bevFrtRoadLight
10ES,h0070,0.3466960983350873,scr1984,avaStIn,bevFrtRoadLight
10ES,h0071,0.35073378309607506,scr1984,avaStIn,bevFrtRoadLight
10ES,h0072,0.24701611511409283,scr1984,avaStIn,bevFrtRoadLight
11ES,h0049,0.14072279445827007,scr1984,avaStIn,bevFrtRoadLight
11ES,h0050,0.21039915177971125,scr1984,avaStIn,bevFrtRoadLight
11ES,h0051,0.335214058868587,scr1984,avaStIn,bevFrtRoadLight
11ES,h0052,0.45082905422896147,scr1984,avaStIn,bevFrtRoadLight
11ES,h0053,0.48009718023240566,scr1984,avaStIn,bevFrtRoadLight
11ES,h0054,0.5107157900929451,scr1984,avaStIn,bevFrtRoadLight
11ES,h0055,0.5310100177302957,scr1984,avaStIn,bevFrtRoadLight
11ES,h0056,0.4951993487775326,scr1984,avaStIn,bevFrtRoadLight
11ES,h0057,0.4163423627614975,scr1984,avaStIn,bevFrtRoadLight
11ES,h0058,0.3341202549636364,scr1984,avaStIn,bevFrtRoadLight
11ES,h0059,0.305523419752717,scr1984,avaStIn,bevFrtRoadLight
11ES,h0060,0.41201330441981554,scr1984,avaStIn,bevFrtRoadLight
11ES,h0061,0.48865499161183834,scr1984,avaStIn,bevFrtRoadLight
11ES,h0062,0.5059938253834844,scr1984,avaStIn,bevFrtRoadLight
11ES,h0063,0.45043916907161474,scr1984,avaStIn,bevFrtRoadLight
11ES,h0064,0.38109726179391146,scr1984,avaStIn,bevFrtRoadLight
11ES,h0065,0.38091251254081726,scr1984,avaStIn,bevFrtRoadLight
11ES,h0066,0.3439636863768101,scr1984,avaStIn,bevFrtRoadLight
11ES,h0067,0.28451944701373577,scr1984,avaStIn,bevFrtRoadLight
11ES,h0068,0.21315689384937286,scr1984,avaStIn,bevFrtRoadLight
11ES,h0069,0.27737042866647243,scr1984,avaStIn,bevFrtRoadLight
11ES,h0070,0.3466960983350873,scr1984,avaStIn,bevFrtRoadLight
11ES,h0071,0.35073378309607506,scr1984,avaStIn,bevFrtRoadLight
11ES,h0072,0.24701611511409283,scr1984,avaStIn,bevFrtRoadLight
12PT,h0049,0.14072279445827007,scr1984,avaStIn,bevFrtRoadLight
12PT,h0050,0.21039915177971125,scr1984,avaStIn,bevFrtRoadLight
12PT,h0051,0.335214058868587,scr1984,avaStIn,bevFrtRoadLight
12PT,h0052,0.45082905422896147,scr1984,avaStIn,bevFrtRoadLight
12PT,h0053,0.48009718023240566,scr1984,avaStIn,bevFrtRoadLight
12PT,h0054,0.5107157900929451,scr1984,avaStIn,bevFrtRoadLight
12PT,h0055,0.5310100177302957,scr1984,avaStIn,bevFrtRoadLight
12PT,h0056,0.4951993487775326,scr1984,avaStIn,bevFrtRoadLight
12PT,h0057,0.4163423627614975,scr1984,avaStIn,bevFrtRoadLight
12PT,h0058,0.3341202549636364,scr1984,avaStIn,bevFrtRoadLight
12PT,h0059,0.305523419752717,scr1984,avaStIn,bevFrtRoadLight
12PT,h0060,0.41201330441981554,scr1984,avaStIn,bevFrtRoadLight
12PT,h0061,0.48865499161183834,scr1984,avaStIn,bevFrtRoadLight
12PT,h0062,0.5059938253834844,scr1984,avaStIn,bevFrtRoadLight
12PT,h0063,0.45043916907161474,scr1984,avaStIn,bevFrtRoadLight
12PT,h0064,0.38109726179391146,scr1984,avaStIn,bevFrtRoadLight
12PT,h0065,0.38091251254081726,scr1984,avaStIn,bevFrtRoadLight
12PT,h0066,0.3439636863768101,scr1984,avaStIn,bevFrtRoadLight
12PT,h0067,0.28451944701373577,scr1984,avaStIn,bevFrtRoadLight
12PT,h0068,0.21315689384937286,scr1984,avaStIn,bevFrtRoadLight
12PT,h0069,0.27737042866647243,scr1984,avaStIn,bevFrtRoadLight
12PT,h0070,0.3466960983350873,scr1984,avaStIn,bevFrtRoadLight
12PT,h0071,0.35073378309607506,scr1984,avaStIn,bevFrtRoadLight
12PT,h0072,0.24701611511409283,scr1984,avaStIn,bevFrtRoadLight
13PT,h0049,0.14072279445827007,scr1984,avaStIn,bevFrtRoadLight
13PT,h0050,0.21039915177971125,scr1984,avaStIn,bevFrtRoadLight
13PT,h0051,0.335214058868587,scr1984,avaStIn,bevFrtRoadLight
13PT,h0052,0.45082905422896147,scr1984,avaStIn,bevFrtRoadLight
13PT,h0053,0.48009718023240566,scr1984,avaStIn,bevFrtRoadLight
13PT,h0054,0.5107157900929451,scr1984,avaStIn,bevFrtRoadLight
13PT,h0055,0.5310100177302957,scr1984,avaStIn,bevFrtRoadLight
13PT,h0056,0.4951993487775326,scr1984,avaStIn,bevFrtRoadLight
13PT,h0057,0.4163423627614975,scr1984,avaStIn,bevFrtRoadLight
13PT,h0058,0.3341202549636364,scr1984,avaStIn,bevFrtRoadLight
13PT,h0059,0.305523419752717,scr1984,avaStIn,bevFrtRoadLight
13PT,h0060,0.41201330441981554,scr1984,avaStIn,bevFrtRoadLight
13PT,h0061,0.48865499161183834,scr1984,avaStIn,bevFrtRoadLight
13PT,h0062,0.5059938253834844,scr1984,avaStIn,bevFrtRoadLight
13PT,h0063,0.45043916907161474,scr1984,avaStIn,bevFrtRoadLight
13PT,h0064,0.38109726179391146,scr1984,avaStIn,bevFrtRoadLight
13PT,h0065,0.38091251254081726,scr1984,avaStIn,bevFrtRoadLight
13PT,h0066,0.3439636863768101,scr1984,avaStIn,bevFrtRoadLight
13PT,h0067,0.28451944701373577,scr1984,avaStIn,bevFrtRoadLight
13PT,h0068,0.21315689384937286,scr1984,avaStIn,bevFrtRoadLight
13PT,h0069,0.27737042866647243,scr1984,avaStIn,bevFrtRoadLight
13PT,h0070,0.3466960983350873,scr1984,avaStIn,bevFrtRoadLight
13PT,h0071,0.35073378309607506,scr1984,avaStIn,bevFrtRoadLight
13PT,h0072,0.24701611511409283,scr1984,avaStIn,bevFrtRoadLight
14FR,h0049,0.14072279445827007,scr1984,avaStIn,bevFrtRoadLight
14FR,h0050,0.21039915177971125,scr1984,avaStIn,bevFrtRoadLight
14FR,h0051,0.335214058868587,scr1984,avaStIn,bevFrtRoadLight
14FR,h0052,0.45082905422896147,scr1984,avaStIn,bevFrtRoadLight
14FR,h0053,0.48009718023240566,scr1984,avaStIn,bevFrtRoadLight
14FR,h0054,0.5107157900929451,scr1984,avaStIn,bevFrtRoadLight
14FR,h0055,0.5310100177302957,scr1984,avaStIn,bevFrtRoadLight
14FR,h0056,0.4951993487775326,scr1984,avaStIn,bevFrtRoadLight
14FR,h0057,0.4163423627614975,scr1984,avaStIn,bevFrtRoadLight
14FR,h0058,0.3341202549636364,scr1984,avaStIn,bevFrtRoadLight
14FR,h0059,0.305523419752717,scr1984,avaStIn,bevFrtRoadLight
14FR,h0060,0.41201330441981554,scr1984,avaStIn,bevFrtRoadLight
14FR,h0061,0.48865499161183834,scr1984,avaStIn,bevFrtRoadLight
14FR,h0062,0.5059938253834844,scr1984,avaStIn,bevFrtRoadLight
14FR,h0063,0.45043916907161474,scr1984,avaStIn,bevFrtRoadLight
14FR,h0064,0.38109726179391146,scr1984,avaStIn,bevFrtRoadLight
14FR,h0065,0.38091251254081726,scr1984,avaStIn,bevFrtRoadLight
14FR,h0066,0.3439636863768101,scr1984,avaStIn,bevFrtRoadLight
14FR,h0067,0.28451944701373577,scr1984,avaStIn,bevFrtRoadLight
14FR,h0068,0.21315689384937286,scr1984,avaStIn,bevFrtRoadLight
14FR,h0069,0.27737042866647243,scr1984,avaStIn,bevFrtRoadLight
14FR,h0070,0.3466960983350873,scr1984,avaStIn,bevFrtRoadLight
14FR,h0071,0.35073378309607506,scr1984,avaStIn,bevFrtRoadLight
14FR,h0072,0.24701611511409283,scr1984,avaStIn,bevFrtRoadLight
15FR,h0049,0.14072279445827007,scr1984,avaStIn,bevFrtRoadLight
15FR,h0050,0.21039915177971125,scr1984,avaStIn,bevFrtRoadLight
15FR,h0051,0.335214058868587,scr1984,avaStIn,bevFrtRoadLight
15FR,h0052,0.45082905422896147,scr1984,avaStIn,bevFrtRoadLight
15FR,h0053,0.48009718023240566,scr1984,avaStIn,bevFrtRoadLight
15FR,h0054,0.5107157900929451,scr1984,avaStIn,bevFrtRoadLight
15FR,h0055,0.5310100177302957,scr1984,avaStIn,bevFrtRoadLight
15FR,h0056,0.4951993487775326,scr1984,avaStIn,bevFrtRoadLight
15FR,h0057,0.4163423627614975,scr1984,avaStIn,bevFrtRoadLight
15FR,h0058,0.3341202549636364,scr1984,avaStIn,bevFrtRoadLight
15FR,h0059,0.305523419752717,scr1984,avaStIn,bevFrtRoadLight
15FR,h0060,0.41201330441981554,scr1984,avaStIn,bevFrtRoadLight
15FR,h0061,0.48865499161183834,scr1984,avaStIn,bevFrtRoadLight
15FR,h0062,0.5059938253834844,scr1984,avaStIn,bevFrtRoadLight
15FR,h0063,0.45043916907161474,scr1984,avaStIn,bevFrtRoadLight
15FR,h0064,0.38109726179391146,scr1984,avaStIn,bevFrtRoadLight
15FR,h0065,0.38091251254081726,scr1984,avaStIn,bevFrtRoadLight
15FR,h0066,0.3439636863768101,scr1984,avaStIn,bevFrtRoadLight
15FR,h0067,0.28451944701373577,scr1984,avaStIn,bevFrtRoadLight
15FR,h0068,0.21315689384937286,scr1984,avaStIn,bevFrtRoadLight
15FR,h0069,0.27737042866647243,scr1984,avaStIn,bevFrtRoadLight
15FR,h0070,0.3466960983350873,scr1984,avaStIn,bevFrtRoadLight
15FR,h0071,0.35073378309607506,scr1984,avaStIn,bevFrtRoadLight
15FR,h0072,0.24701611511409283,scr1984,avaStIn,bevFrtRoadLight
16FR,h0049,0.14072279445827007,scr1984,avaStIn,bevFrtRoadLight
16FR,h0050,0.21039915177971125,scr1984,avaStIn,bevFrtRoadLight
16FR,h0051,0.335214058868587,scr1984,avaStIn,bevFrtRoadLight
16FR,h0052,0.45082905422896147,scr1984,avaStIn,bevFrtRoadLight
16FR,h0053,0.48009718023240566,scr1984,avaStIn,bevFrtRoadLight
16FR,h0054,0.5107157900929451,scr1984,avaStIn,bevFrtRoadLight
16FR,h0055,0.5310100177302957,scr1984,avaStIn,bevFrtRoadLight
16FR,h0056,0.4951993487775326,scr1984,avaStIn,bevFrtRoadLight
16FR,h0057,0.4163423627614975,scr1984,avaStIn,bevFrtRoadLight
16FR,h0058,0.3341202549636364,scr1984,avaStIn,bevFrtRoadLight
16FR,h0059,0.305523419752717,scr1984,avaStIn,bevFrtRoadLight
16FR,h0060,0.41201330441981554,scr1984,avaStIn,bevFrtRoadLight
16FR,h0061,0.48865499161183834,scr1984,avaStIn,bevFrtRoadLight
16FR,h0062,0.5059938253834844,scr1984,avaStIn,bevFrtRoadLight
16FR,h0063,0.45043916907161474,scr1984,avaStIn,bevFrtRoadLight
16FR,h0064,0.38109726179391146,scr1984,avaStIn,bevFrtRoadLight
16FR,h0065,0.38091251254081726,scr1984,avaStIn,bevFrtRoadLight
16FR,h0066,0.3439636863768101,scr1984,avaStIn,bevFrtRoadLight
16FR,h0067,0.28451944701373577,scr1984,avaStIn,bevFrtRoadLight
16FR,h0068,0.21315689384937286,scr1984,avaStIn,bevFrtRoadLight
16FR,h0069,0.27737042866647243,scr1984,avaStIn,bevFrtRoadLight
16FR,h0070,0.3466960983350873,scr1984,avaStIn,bevFrtRoadLight
16FR,h0071,0.35073378309607506,scr1984,avaStIn,bevFrtRoadLight
16FR,h0072,0.24701611511409283,scr1984,avaStIn,bevFrtRoadLight
17FR,h0049,0.14072279445827007,scr1984,avaStIn,bevFrtRoadLight
17FR,h0050,0.21039915177971125,scr1984,avaStIn,bevFrtRoadLight
17FR,h0051,0.335214058868587,scr1984,avaStIn,bevFrtRoadLight
17FR,h0052,0.45082905422896147,scr1984,avaStIn,bevFrtRoadLight
17FR,h0053,0.48009718023240566,scr1984,avaStIn,bevFrtRoadLight
17FR,h0054,0.5107157900929451,scr1984,avaStIn,bevFrtRoadLight
17FR,h0055,0.5310100177302957,scr1984,avaStIn,bevFrtRoadLight
17FR,h0056,0.4951993487775326,scr1984,avaStIn,bevFrtRoadLight
17FR,h0057,0.4163423627614975,scr1984,avaStIn,bevFrtRoadLight
17FR,h0058,0.3341202549636364,scr1984,avaStIn,bevFrtRoadLight
17FR,h0059,0.305523419752717,scr1984,avaStIn,bevFrtRoadLight
17FR,h0060,0.41201330441981554,scr1984,avaStIn,bevFrtRoadLight
17FR,h0061,0.48865499161183834,scr1984,avaStIn,bevFrtRoadLight
17FR,h0062,0.5059938253834844,scr1984,avaStIn,bevFrtRoadLight
17FR,h0063,0.45043916907161474,scr1984,avaStIn,bevFrtRoadLight
17FR,h0064,0.38109726179391146,scr1984,avaStIn,bevFrtRoadLight
17FR,h0065,0.38091251254081726,scr1984,avaStIn,bevFrtRoadLight
17FR,h0066,0.3439636863768101,scr1984,avaStIn,bevFrtRoadLight
17FR,h0067,0.28451944701373577,scr1984,avaStIn,bevFrtRoadLight
17FR,h0068,0.21315689384937286,scr1984,avaStIn,bevFrtRoadLight
17FR,h0069,0.27737042866647243,scr1984,avaStIn,bevFrtRoadLight
17FR,h0070,0.3466960983350873,scr1984,avaStIn,bevFrtRoadLight
17FR,h0071,0.35073378309607506,scr1984,avaStIn,bevFrtRoadLight
17FR,h0072,0.24701611511409283,scr1984,avaStIn,bevFrtRoadLight
18FR,h0049,0.14072279445827007,scr1984,avaStIn,bevFrtRoadLight
18FR,h0050,0.21039915177971125,scr1984,avaStIn,bevFrtRoadLight
18FR,h0051,0.335214058868587,scr1984,avaStIn,bevFrtRoadLight
18FR,h0052,0.45082905422896147,scr1984,avaStIn,bevFrtRoadLight
18FR,h0053,0.48009718023240566,scr1984,avaStIn,bevFrtRoadLight
18FR,h0054,0.5107157900929451,scr1984,avaStIn,bevFrtRoadLight
18FR,h0055,0.5310100177302957,scr1984,avaStIn,bevFrtRoadLight
18FR,h0056,0.4951993487775326,scr1984,avaStIn,bevFrtRoadLight
18FR,h0057,0.4163423627614975,scr1984,avaStIn,bevFrtRoadLight
18FR,h0058,0.3341202549636364,scr1984,avaStIn,bevFrtRoadLight
18FR,h0059,0.305523419752717,scr1984,avaStIn,bevFrtRoadLight
18FR,h0060,0.41201330441981554,scr1984,avaStIn,bevFrtRoadLight
18FR,h0061,0.48865499161183834,scr1984,avaStIn,bevFrtRoadLight
18FR,h0062,0.5059938253834844,scr1984,avaStIn,bevFrtRoadLight
18FR,h0063,0.45043916907161474,scr1984,avaStIn,bevFrtRoadLight
18FR,h0064,0.38109726179391146,scr1984,avaStIn,bevFrtRoadLight
18FR,h0065,0.38091251254081726,scr1984,avaStIn,bevFrtRoadLight
18FR,h0066,0.3439636863768101,scr1984,avaStIn,bevFrtRoadLight
18FR,h0067,0.28451944701373577,scr1984,avaStIn,bevFrtRoadLight
18FR,h0068,0.21315689384937286,scr1984,avaStIn,bevFrtRoadLight
18FR,h0069,0.27737042866647243,scr1984,avaStIn,bevFrtRoadLight
18FR,h0070,0.3466960983350873,scr1984,avaStIn,bevFrtRoadLight
18FR,h0071,0.35073378309607506,scr1984,avaStIn,bevFrtRoadLight
18FR,h0072,0.24701611511409283,scr1984,avaStIn,bevFrtRoadLight
19FR,h0049,0.14072279445827007,scr1984,avaStIn,bevFrtRoadLight
19FR,h0050,0.21039915177971125,scr1984,avaStIn,bevFrtRoadLight
19FR,h0051,0.335214058868587,scr1984,avaStIn,bevFrtRoadLight
19FR,h0052,0.45082905422896147,scr1984,avaStIn,bevFrtRoadLight
19FR,h0053,0.48009718023240566,scr1984,avaStIn,bevFrtRoadLight
19FR,h0054,0.5107157900929451,scr1984,avaStIn,bevFrtRoadLight
19FR,h0055,0.5310100177302957,scr1984,avaStIn,bevFrtRoadLight
19FR,h0056,0.4951993487775326,scr1984,avaStIn,bevFrtRoadLight
19FR,h0057,0.4163423627614975,scr1984,avaStIn,bevFrtRoadLight
19FR,h0058,0.3341202549636364,scr1984,avaStIn,bevFrtRoadLight
19FR,h0059,0.305523419752717,scr1984,avaStIn,bevFrtRoadLight
19FR,h0060,0.41201330441981554,scr1984,avaStIn,bevFrtRoadLight
19FR,h0061,0.48865499161183834,scr1984,avaStIn,bevFrtRoadLight
19FR,h0062,0.5059938253834844,scr1984,avaStIn,bevFrtRoadLight
19FR,h0063,0.45043916907161474,scr1984,avaStIn,bevFrtRoadLight
19FR,h0064,0.38109726179391146,scr1984,avaStIn,bevFrtRoadLight
19FR,h0065,0.38091251254081726,scr1984,avaStIn,bevFrtRoadLight
19FR,h0066,0.3439636863768101,scr1984,avaStIn,bevFrtRoadLight
19FR,h0067,0.28451944701373577,scr1984,avaStIn,bevFrtRoadLight
19FR,h0068,0.21315689384937286,scr1984,avaStIn,bevFrtRoadLight
19FR,h0069,0.27737042866647243,scr1984,avaStIn,bevFrtRoadLight
19FR,h0070,0.3466960983350873,scr1984,avaStIn,bevFrtRoadLight
19FR,h0071,0.35073378309607506,scr1984,avaStIn,bevFrtRoadLight
19FR,h0072,0.24701611511409283,scr1984,avaStIn,bevFrtRoadLight
20FR,h0049,0.14072279445827007,scr1984,avaStIn,bevFrtRoadLight
20FR,h0050,0.21039915177971125,scr1984,avaStIn,bevFrtRoadLight
20FR,h0051,0.335214058868587,scr1984,avaStIn,bevFrtRoadLight
20FR,h0052,0.45082905422896147,scr1984,avaStIn,bevFrtRoadLight
20FR,h0053,0.48009718023240566,scr1984,avaStIn,bevFrtRoadLight
20FR,h0054,0.5107157900929451,scr1984,avaStIn,bevFrtRoadLight
20FR,h0055,0.5310100177302957,scr1984,avaStIn,bevFrtRoadLight
20FR,h0056,0.4951993487775326,scr1984,avaStIn,bevFrtRoadLight
20FR,h0057,0.4163423627614975,scr1984,avaStIn,bevFrtRoadLight
20FR,h0058,0.3341202549636364,scr1984,avaStIn,bevFrtRoadLight
20FR,h0059,0.305523419752717,scr1984,avaStIn,bevFrtRoadLight
20FR,h0060,0.41201330441981554,scr1984,avaStIn,bevFrtRoadLight
20FR,h0061,0.48865499161183834,scr1984,avaStIn,bevFrtRoadLight
20FR,h0062,0.5059938253834844,scr1984,avaStIn,bevFrtRoadLight
20FR,h0063,0.45043916907161474,scr1984,avaStIn,bevFrtRoadLight
20FR,h0064,0.38109726179391146,scr1984,avaStIn,bevFrtRoadLight
20FR,h0065,0.38091251254081726,scr1984,avaStIn,bevFrtRoadLight
20FR,h0066,0.3439636863768101,scr1984,avaStIn,bevFrtRoadLight
20FR,h0067,0.28451944701373577,scr1984,avaStIn,bevFrtRoadLight
20FR,h0068,0.21315689384937286,scr1984,avaStIn,bevFrtRoadLight
20FR,h0069,0.27737042866647243,scr1984,avaStIn,bevFrtRoadLight
20FR,h0070,0.3466960983350873,scr1984,avaStIn,bevFrtRoadLight
20FR,h0071,0.35073378309607506,scr1984,avaStIn,bevFrtRoadLight
20FR,h0072,0.24701611511409283,scr1984,avaStIn,bevFrtRoadLight
21FR,h0049,0.14072279445827007,scr1984,avaStIn,bevFrtRoadLight
21FR,h0050,0.21039915177971125,scr1984,avaStIn,bevFrtRoadLight
21FR,h0051,0.335214058868587,scr1984,avaStIn,bevFrtRoadLight
21FR,h0052,0.45082905422896147,scr1984,avaStIn,bevFrtRoadLight
21FR,h0053,0.48009718023240566,scr1984,avaStIn,bevFrtRoadLight
21FR,h0054,0.5107157900929451,scr1984,avaStIn,bevFrtRoadLight
21FR,h0055,0.5310100177302957,scr1984,avaStIn,bevFrtRoadLight
21FR,h0056,0.4951993487775326,scr1984,avaStIn,bevFrtRoadLight
21FR,h0057,0.4163423627614975,scr1984,avaStIn,bevFrtRoadLight
21FR,h0058,0.3341202549636364,scr1984,avaStIn,bevFrtRoadLight
21FR,h0059,0.305523419752717,scr1984,avaStIn,bevFrtRoadLight
21FR,h0060,0.41201330441981554,scr1984,avaStIn,bevFrtRoadLight
21FR,h0061,0.48865499161183834,scr1984,avaStIn,bevFrtRoadLight
21FR,h0062,0.5059938253834844,scr1984,avaStIn,bevFrtRoadLight
21FR,h0063,0.45043916907161474,scr1984,avaStIn,bevFrtRoadLight
21FR,h0064,0.38109726179391146,scr1984,avaStIn,bevFrtRoadLight
21FR,h0065,0.38091251254081726,scr1984,avaStIn,bevFrtRoadLight
21FR,h0066,0.3439636863768101,scr1984,avaStIn,bevFrtRoadLight
21FR,h0067,0.28451944701373577,scr1984,avaStIn,bevFrtRoadLight
21FR,h0068,0.21315689384937286,scr1984,avaStIn,bevFrtRoadLight
21FR,h0069,0.27737042866647243,scr1984,avaStIn,bevFrtRoadLight
21FR,h0070,0.3466960983350873,scr1984,avaStIn,bevFrtRoadLight
21FR,h0071,0.35073378309607506,scr1984,avaStIn,bevFrtRoadLight
21FR,h0072,0.24701611511409283,scr1984,avaStIn,bevFrtRoadLight
22FR,h0049,0.14072279445827007,scr1984,avaStIn,bevFrtRoadLight
22FR,h0050,0.21039915177971125,scr1984,avaStIn,bevFrtRoadLight
22FR,h0051,0.335214058868587,scr1984,avaStIn,bevFrtRoadLight
22FR,h0052,0.45082905422896147,scr1984,avaStIn,bevFrtRoadLight
22FR,h0053,0.48009718023240566,scr1984,avaStIn,bevFrtRoadLight
22FR,h0054,0.5107157900929451,scr1984,avaStIn,bevFrtRoadLight
22FR,h0055,0.5310100177302957,scr1984,avaStIn,bevFrtRoadLight
22FR,h0056,0.4951993487775326,scr1984,avaStIn,bevFrtRoadLight
22FR,h0057,0.4163423627614975,scr1984,avaStIn,bevFrtRoadLight
22FR,h0058,0.3341202549636364,scr1984,avaStIn,bevFrtRoadLight
22FR,h0059,0.305523419752717,scr1984,avaStIn,bevFrtRoadLight
22FR,h0060,0.41201330441981554,scr1984,avaStIn,bevFrtRoadLight
22FR,h0061,0.48865499161183834,scr1984,avaStIn,bevFrtRoadLight
22FR,h0062,0.5059938253834844,scr1984,avaStIn,bevFrtRoadLight
22FR,h0063,0.45043916907161474,scr1984,avaStIn,bevFrtRoadLight
22FR,h0064,0.38109726179391146,scr1984,avaStIn,bevFrtRoadLight
22FR,h0065,0.38091251254081726,scr1984,avaStIn,bevFrtRoadLight
22FR,h0066,0.3439636863768101,scr1984,avaStIn,bevFrtRoadLight
22FR,h0067,0.28451944701373577,scr1984,avaStIn,bevFrtRoadLight
22FR,h0068,0.21315689384937286,scr1984,avaStIn,bevFrtRoadLight
22FR,h0069,0.27737042866647243,scr1984,avaStIn,bevFrtRoadLight
22FR,h0070,0.3466960983350873,scr1984,avaStIn,bevFrtRoadLight
22FR,h0071,0.35073378309607506,scr1984,avaStIn,bevFrtRoadLight
22FR,h0072,0.24701611511409283,scr1984,avaStIn,bevFrtRoadLight
23FR,h0049,0.14072279445827007,scr1984,avaStIn,bevFrtRoadLight
23FR,h0050,0.21039915177971125,scr1984,avaStIn,bevFrtRoadLight
23FR,h0051,0.335214058868587,scr1984,avaStIn,bevFrtRoadLight
23FR,h0052,0.45082905422896147,scr1984,avaStIn,bevFrtRoadLight
23FR,h0053,0.48009718023240566,scr1984,avaStIn,bevFrtRoadLight
23FR,h0054,0.5107157900929451,scr1984,avaStIn,bevFrtRoadLight
23FR,h0055,0.5310100177302957,scr1984,avaStIn,bevFrtRoadLight
23FR,h0056,0.4951993487775326,scr1984,avaStIn,bevFrtRoadLight
23FR,h0057,0.4163423627614975,scr1984,avaStIn,bevFrtRoadLight
23FR,h0058,0.3341202549636364,scr1984,avaStIn,bevFrtRoadLight
23FR,h0059,0.305523419752717,scr1984,avaStIn,bevFrtRoadLight
23FR,h0060,0.41201330441981554,scr1984,avaStIn,bevFrtRoadLight
23FR,h0061,0.48865499161183834,scr1984,avaStIn,bevFrtRoadLight
23FR,h0062,0.5059938253834844,scr1984,avaStIn,bevFrtRoadLight
23FR,h0063,0.45043916907161474,scr1984,avaStIn,bevFrtRoadLight
23FR,h0064,0.38109726179391146,scr1984,avaStIn,bevFrtRoadLight
23FR,h0065,0.38091251254081726,scr1984,avaStIn,bevFrtRoadLight
23FR,h0066,0.3439636863768101,scr1984,avaStIn,bevFrtRoadLight
23FR,h0067,0.28451944701373577,scr1984,avaStIn,bevFrtRoadLight
23FR,h0068,0.21315689384937286,scr1984,avaStIn,bevFrtRoadLight
23FR,h0069,0.27737042866647243,scr1984,avaStIn,bevFrtRoadLight
23FR,h0070,0.3466960983350873,scr1984,avaStIn,bevFrtRoadLight
23FR,h0071,0.35073378309607506,scr1984,avaStIn,bevFrtRoadLight
23FR,h0072,0.24701611511409283,scr1984,avaStIn,bevFrtRoadLight
24FR,h0049,0.14072279445827007,scr1984,avaStIn,bevFrtRoadLight
24FR,h0050,0.21039915177971125,scr1984,avaStIn,bevFrtRoadLight
24FR,h0051,0.335214058868587,scr1984,avaStIn,bevFrtRoadLight
24FR,h0052,0.45082905422896147,scr1984,avaStIn,bevFrtRoadLight
24FR,h0053,0.48009718023240566,scr1984,avaStIn,bevFrtRoadLight
24FR,h0054,0.5107157900929451,scr1984,avaStIn,bevFrtRoadLight
24FR,h0055,0.5310100177302957,scr1984,avaStIn,bevFrtRoadLight
24FR,h0056,0.4951993487775326,scr1984,avaStIn,bevFrtRoadLight
24FR,h0057,0.4163423627614975,scr1984,avaStIn,bevFrtRoadLight
24FR,h0058,0.3341202549636364,scr1984,avaStIn,bevFrtRoadLight
24FR,h0059,0.305523419752717,scr1984,avaStIn,bevFrtRoadLight
24FR,h0060,0.41201330441981554,scr1984,avaStIn,bevFrtRoadLight
24FR,h0061,0.48865499161183834,scr1984,avaStIn,bevFrtRoadLight
24FR,h0062,0.5059938253834844,scr1984,avaStIn,bevFrtRoadLight
24FR,h0063,0.45043916907161474,scr1984,avaStIn,bevFrtRoadLight
24FR,h0064,0.38109726179391146,scr1984,avaStIn,bevFrtRoadLight
24FR,h0065,0.38091251254081726,scr1984,avaStIn,bevFrtRoadLight
24FR,h0066,0.3439636863768101,scr1984,avaStIn,bevFrtRoadLight
24FR,h0067,0.28451944701373577,scr1984,avaStIn,bevFrtRoadLight
24FR,h0068,0.21315689384937286,scr1984,avaStIn,bevFrtRoadLight
24FR,h0069,0.27737042866647243,scr1984,avaStIn,bevFrtRoadLight
24FR,h0070,0.3466960983350873,scr1984,avaStIn,bevFrtRoadLight
24FR,h0071,0.35073378309607506,scr1984,avaStIn,bevFrtRoadLight
24FR,h0072,0.24701611511409283,scr1984,avaStIn,bevFrtRoadLight
25FR,h0049,0.14072279445827007,scr1984,avaStIn,bevFrtRoadLight
25FR,h0050,0.21039915177971125,scr1984,avaStIn,bevFrtRoadLight
25FR,h0051,0.335214058868587,scr1984,avaStIn,bevFrtRoadLight
25FR,h0052,0.45082905422896147,scr1984,avaStIn,bevFrtRoadLight
25FR,h0053,0.48009718023240566,scr1984,avaStIn,bevFrtRoadLight
25FR,h0054,0.5107157900929451,scr1984,avaStIn,bevFrtRoadLight
25FR,h0055,0.5310100177302957,scr1984,avaStIn,bevFrtRoadLight
25FR,h0056,0.4951993487775326,scr1984,avaStIn,bevFrtRoadLight
25FR,h0057,0.4163423627614975,scr1984,avaStIn,bevFrtRoadLight
25FR,h0058,0.3341202549636364,scr1984,avaStIn,bevFrtRoadLight
25FR,h0059,0.305523419752717,scr1984,avaStIn,bevFrtRoadLight
25FR,h0060,0.41201330441981554,scr1984,avaStIn,bevFrtRoadLight
25FR,h0061,0.48865499161183834,scr1984,avaStIn,bevFrtRoadLight
25FR,h0062,0.5059938253834844,scr1984,avaStIn,bevFrtRoadLight
25FR,h0063,0.45043916907161474,scr1984,avaStIn,bevFrtRoadLight
25FR,h0064,0.38109726179391146,scr1984,avaStIn,bevFrtRoadLight
25FR,h0065,0.38091251254081726,scr1984,avaStIn,bevFrtRoadLight
25FR,h0066,0.3439636863768101,scr1984,avaStIn,bevFrtRoadLight
25FR,h0067,0.28451944701373577,scr1984,avaStIn,bevFrtRoadLight
25FR,h0068,0.21315689384937286,scr1984,avaStIn,bevFrtRoadLight
25FR,h0069,0.27737042866647243,scr1984,avaStIn,bevFrtRoadLight
25FR,h0070,0.3466960983350873,scr1984,avaStIn,bevFrtRoadLight
25FR,h0071,0.35073378309607506,scr1984,avaStIn,bevFrtRoadLight
25FR,h0072,0.24701611511409283,scr1984,avaStIn,bevFrtRoadLight
26FR,h0049,0.14072279445827007,scr1984,avaStIn,bevFrtRoadLight
26FR,h0050,0.21039915177971125,scr1984,avaStIn,bevFrtRoadLight
26FR,h0051,0.335214058868587,scr1984,avaStIn,bevFrtRoadLight
26FR,h0052,0.45082905422896147,scr1984,avaStIn,bevFrtRoadLight
26FR,h0053,0.48009718023240566,scr1984,avaStIn,bevFrtRoadLight
26FR,h0054,0.5107157900929451,scr1984,avaStIn,bevFrtRoadLight
26FR,h0055,0.5310100177302957,scr1984,avaStIn,bevFrtRoadLight
26FR,h0056,0.4951993487775326,scr1984,avaStIn,bevFrtRoadLight
26FR,h0057,0.4163423627614975,scr1984,avaStIn,bevFrtRoadLight
26FR,h0058,0.3341202549636364,scr1984,avaStIn,bevFrtRoadLight
26FR,h0059,0.305523419752717,scr1984,avaStIn,bevFrtRoadLight
26FR,h0060,0.41201330441981554,scr1984,avaStIn,bevFrtRoadLight
26FR,h0061,0.48865499161183834,scr1984,avaStIn,bevFrtRoadLight
26FR,h0062,0.5059938253834844,scr1984,avaStIn,bevFrtRoadLight
26FR,h0063,0.45043916907161474,scr1984,avaStIn,bevFrtRoadLight
26FR,h0064,0.38109726179391146,scr1984,avaStIn,bevFrtRoadLight
26FR,h0065,0.38091251254081726,scr1984,avaStIn,bevFrtRoadLight
26FR,h0066,0.3439636863768101,scr1984,avaStIn,bevFrtRoadLight
26FR,h0067,0.28451944701373577,scr1984,avaStIn,bevFrtRoadLight
26FR,h0068,0.21315689384937286,scr1984,avaStIn,bevFrtRoadLight
26FR,h0069,0.27737042866647243,scr1984,avaStIn,bevFrtRoadLight
26FR,h0070,0.3466960983350873,scr1984,avaStIn,bevFrtRoadLight
26FR,h0071,0.35073378309607506,scr1984,avaStIn,bevFrtRoadLight
26FR,h0072,0.24701611511409283,scr1984,avaStIn,bevFrtRoadLight
27FR,h0049,0.14072279445827007,scr1984,avaStIn,bevFrtRoadLight
27FR,h0050,0.21039915177971125,scr1984,avaStIn,bevFrtRoadLight
27FR,h0051,0.335214058868587,scr1984,avaStIn,bevFrtRoadLight
27FR,h0052,0.45082905422896147,scr1984,avaStIn,bevFrtRoadLight
27FR,h0053,0.48009718023240566,scr1984,avaStIn,bevFrtRoadLight
27FR,h0054,0.5107157900929451,scr1984,avaStIn,bevFrtRoadLight
27FR,h0055,0.5310100177302957,scr1984,avaStIn,bevFrtRoadLight
27FR,h0056,0.4951993487775326,scr1984,avaStIn,bevFrtRoadLight
27FR,h0057,0.4163423627614975,scr1984,avaStIn,bevFrtRoadLight
27FR,h0058,0.3341202549636364,scr1984,avaStIn,bevFrtRoadLight
27FR,h0059,0.305523419752717,scr1984,avaStIn,bevFrtRoadLight
27FR,h0060,0.41201330441981554,scr1984,avaStIn,bevFrtRoadLight
27FR,h0061,0.48865499161183834,scr1984,avaStIn,bevFrtRoadLight
27FR,h0062,0.5059938253834844,scr1984,avaStIn,bevFrtRoadLight
27FR,h0063,0.45043916907161474,scr1984,avaStIn,bevFrtRoadLight
27FR,h0064,0.38109726179391146,scr1984,avaStIn,bevFrtRoadLight
27FR,h0065,0.38091251254081726,scr1984,avaStIn,bevFrtRoadLight
27FR,h0066,0.3439636863768101,scr1984,avaStIn,bevFrtRoadLight
27FR,h0067,0.28451944701373577,scr1984,avaStIn,bevFrtRoadLight
27FR,h0068,0.21315689384937286,scr1984,avaStIn,bevFrtRoadLight
27FR,h0069,0.27737042866647243,scr1984,avaStIn,bevFrtRoadLight
27FR,h0070,0.3466960983350873,scr1984,avaStIn,bevFrtRoadLight
27FR,h0071,0.35073378309607506,scr1984,avaStIn,bevFrtRoadLight
27FR,h0072,0.24701611511409283,scr1984,avaStIn,bevFrtRoadLight
28BE,h0049,0.14072279445827007,scr1984,avaStIn,bevFrtRoadLight
28BE,h0050,0.21039915177971125,scr1984,avaStIn,bevFrtRoadLight
28BE,h0051,0.335214058868587,scr1984,avaStIn,bevFrtRoadLight
28BE,h0052,0.45082905422896147,scr1984,avaStIn,bevFrtRoadLight
28BE,h0053,0.48009718023240566,scr1984,avaStIn,bevFrtRoadLight
28BE,h0054,0.5107157900929451,scr1984,avaStIn,bevFrtRoadLight
28BE,h0055,0.5310100177302957,scr1984,avaStIn,bevFrtRoadLight
28BE,h0056,0.4951993487775326,scr1984,avaStIn,bevFrtRoadLight
28BE,h0057,0.4163423627614975,scr1984,avaStIn,bevFrtRoadLight
28BE,h0058,0.3341202549636364,scr1984,avaStIn,bevFrtRoadLight
28BE,h0059,0.305523419752717,scr1984,avaStIn,bevFrtRoadLight
28BE,h0060,0.41201330441981554,scr1984,avaStIn,bevFrtRoadLight
28BE,h0061,0.48865499161183834,scr1984,avaStIn,bevFrtRoadLight
28BE,h0062,0.5059938253834844,scr1984,avaStIn,bevFrtRoadLight
28BE,h0063,0.45043916907161474,scr1984,avaStIn,bevFrtRoadLight
28BE,h0064,0.38109726179391146,scr1984,avaStIn,bevFrtRoadLight
28BE,h0065,0.38091251254081726,scr1984,avaStIn,bevFrtRoadLight
28BE,h0066,0.3439636863768101,scr1984,avaStIn,bevFrtRoadLight
28BE,h0067,0.28451944701373577,scr1984,avaStIn,bevFrtRoadLight
28BE,h0068,0.21315689384937286,scr1984,avaStIn,bevFrtRoadLight
28BE,h0069,0.27737042866647243,scr1984,avaStIn,bevFrtRoadLight
28BE,h0070,0.3466960983350873,scr1984,avaStIn,bevFrtRoadLight
28BE,h0071,0.35073378309607506,scr1984,avaStIn,bevFrtRoadLight
28BE,h0072,0.24701611511409283,scr1984,avaStIn,bevFrtRoadLight
29LU,h0049,0.14072279445827007,scr1984,avaStIn,bevFrtRoadLight
29LU,h0050,0.21039915177971125,scr1984,avaStIn,bevFrtRoadLight
29LU,h0051,0.335214058868587,scr1984,avaStIn,bevFrtRoadLight
29LU,h0052,0.45082905422896147,scr1984,avaStIn,bevFrtRoadLight
29LU,h0053,0.48009718023240566,scr1984,avaStIn,bevFrtRoadLight
29LU,h0054,0.5107157900929451,scr1984,avaStIn,bevFrtRoadLight
29LU,h0055,0.5310100177302957,scr1984,avaStIn,bevFrtRoadLight
29LU,h0056,0.4951993487775326,scr1984,avaStIn,bevFrtRoadLight
29LU,h0057,0.4163423627614975,scr1984,avaStIn,bevFrtRoadLight
29LU,h0058,0.3341202549636364,scr1984,avaStIn,bevFrtRoadLight
29LU,h0059,0.305523419752717,scr1984,avaStIn,bevFrtRoadLight
29LU,h0060,0.41201330441981554,scr1984,avaStIn,bevFrtRoadLight
29LU,h0061,0.48865499161183834,scr1984,avaStIn,bevFrtRoadLight
29LU,h0062,0.5059938253834844,scr1984,avaStIn,bevFrtRoadLight
29LU,h0063,0.45043916907161474,scr1984,avaStIn,bevFrtRoadLight
29LU,h0064,0.38109726179391146,scr1984,avaStIn,bevFrtRoadLight
29LU,h0065,0.38091251254081726,scr1984,avaStIn,bevFrtRoadLight
29LU,h0066,0.3439636863768101,scr1984,avaStIn,bevFrtRoadLight
29LU,h0067,0.28451944701373577,scr1984,avaStIn,bevFrtRoadLight
29LU,h0068,0.21315689384937286,scr1984,avaStIn,bevFrtRoadLight
29LU,h0069,0.27737042866647243,scr1984,avaStIn,bevFrtRoadLight
29LU,h0070,0.3466960983350873,scr1984,avaStIn,bevFrtRoadLight
29LU,h0071,0.35073378309607506,scr1984,avaStIn,bevFrtRoadLight
29LU,h0072,0.24701611511409283,scr1984,avaStIn,bevFrtRoadLight
30NL,h0049,0.14072279445827007,scr1984,avaStIn,bevFrtRoadLight
30NL,h0050,0.21039915177971125,scr1984,avaStIn,bevFrtRoadLight
30NL,h0051,0.335214058868587,scr1984,avaStIn,bevFrtRoadLight
30NL,h0052,0.45082905422896147,scr1984,avaStIn,bevFrtRoadLight
30NL,h0053,0.48009718023240566,scr1984,avaStIn,bevFrtRoadLight
30NL,h0054,0.5107157900929451,scr1984,avaStIn,bevFrtRoadLight
30NL,h0055,0.5310100177302957,scr1984,avaStIn,bevFrtRoadLight
30NL,h0056,0.4951993487775326,scr1984,avaStIn,bevFrtRoadLight
30NL,h0057,0.4163423627614975,scr1984,avaStIn,bevFrtRoadLight
30NL,h0058,0.3341202549636364,scr1984,avaStIn,bevFrtRoadLight
30NL,h0059,0.305523419752717,scr1984,avaStIn,bevFrtRoadLight
30NL,h0060,0.41201330441981554,scr1984,avaStIn,bevFrtRoadLight
30NL,h0061,0.48865499161183834,scr1984,avaStIn,bevFrtRoadLight
30NL,h0062,0.5059938253834844,scr1984,avaStIn,bevFrtRoadLight
30NL,h0063,0.45043916907161474,scr1984,avaStIn,bevFrtRoadLight
30NL,h0064,0.38109726179391146,scr1984,avaStIn,bevFrtRoadLight
30NL,h0065,0.38091251254081726,scr1984,avaStIn,bevFrtRoadLight
30NL,h0066,0.3439636863768101,scr1984,avaStIn,bevFrtRoadLight
30NL,h0067,0.28451944701373577,scr1984,avaStIn,bevFrtRoadLight
30NL,h0068,0.21315689384937286,scr1984,avaStIn,bevFrtRoadLight
30NL,h0069,0.27737042866647243,scr1984,avaStIn,bevFrtRoadLight
30NL,h0070,0.3466960983350873,scr1984,avaStIn,bevFrtRoadLight
30NL,h0071,0.35073378309607506,scr1984,avaStIn,bevFrtRoadLight
30NL,h0072,0.24701611511409283,scr1984,avaStIn,bevFrtRoadLight
31DE,h0049,0.14072279445827007,scr1984,avaStIn,bevFrtRoadLight
31DE,h0050,0.21039915177971125,scr1984,avaStIn,bevFrtRoadLight
31DE,h0051,0.335214058868587,scr1984,avaStIn,bevFrtRoadLight
31DE,h0052,0.45082905422896147,scr1984,avaStIn,bevFrtRoadLight
31DE,h0053,0.48009718023240566,scr1984,avaStIn,bevFrtRoadLight
31DE,h0054,0.5107157900929451,scr1984,avaStIn,bevFrtRoadLight
31DE,h0055,0.5310100177302957,scr1984,avaStIn,bevFrtRoadLight
31DE,h0056,0.4951993487775326,scr1984,avaStIn,bevFrtRoadLight
31DE,h0057,0.4163423627614975,scr1984,avaStIn,bevFrtRoadLight
31DE,h0058,0.3341202549636364,scr1984,avaStIn,bevFrtRoadLight
31DE,h0059,0.305523419752717,scr1984,avaStIn,bevFrtRoadLight
31DE,h0060,0.41201330441981554,scr1984,avaStIn,bevFrtRoadLight
31DE,h0061,0.48865499161183834,scr1984,avaStIn,bevFrtRoadLight
31DE,h0062,0.5059938253834844,scr1984,avaStIn,bevFrtRoadLight
31DE,h0063,0.45043916907161474,scr1984,avaStIn,bevFrtRoadLight
31DE,h0064,0.38109726179391146,scr1984,avaStIn,bevFrtRoadLight
31DE,h0065,0.38091251254081726,scr1984,avaStIn,bevFrtRoadLight
31DE,h0066,0.3439636863768101,scr1984,avaStIn,bevFrtRoadLight
31DE,h0067,0.28451944701373577,scr1984,avaStIn,bevFrtRoadLight
31DE,h0068,0.21315689384937286,scr1984,avaStIn,bevFrtRoadLight
31DE,h0069,0.27737042866647243,scr1984,avaStIn,bevFrtRoadLight
31DE,h0070,0.3466960983350873,scr1984,avaStIn,bevFrtRoadLight
31DE,h0071,0.35073378309607506,scr1984,avaStIn,bevFrtRoadLight
31DE,h0072,0.24701611511409283,scr1984,avaStIn,bevFrtRoadLight
32DE,h0049,0.14072279445827007,scr1984,avaStIn,bevFrtRoadLight
32DE,h0050,0.21039915177971125,scr1984,avaStIn,bevFrtRoadLight
32DE,h0051,0.335214058868587,scr1984,avaStIn,bevFrtRoadLight
32DE,h0052,0.45082905422896147,scr1984,avaStIn,bevFrtRoadLight
32DE,h0053,0.48009718023240566,scr1984,avaStIn,bevFrtRoadLight
32DE,h0054,0.5107157900929451,scr1984,avaStIn,bevFrtRoadLight
32DE,h0055,0.5310100177302957,scr1984,avaStIn,bevFrtRoadLight
32DE,h0056,0.4951993487775326,scr1984,avaStIn,bevFrtRoadLight
32DE,h0057,0.4163423627614975,scr1984,avaStIn,bevFrtRoadLight
32DE,h0058,0.3341202549636364,scr1984,avaStIn,bevFrtRoadLight
32DE,h0059,0.305523419752717,scr1984,avaStIn,bevFrtRoadLight
32DE,h0060,0.41201330441981554,scr1984,avaStIn,bevFrtRoadLight
32DE,h0061,0.48865499161183834,scr1984,avaStIn,bevFrtRoadLight
32DE,h0062,0.5059938253834844,scr1984,avaStIn,bevFrtRoadLight
32DE,h0063,0.45043916907161474,scr1984,avaStIn,bevFrtRoadLight
32DE,h0064,0.38109726179391146,scr1984,avaStIn,bevFrtRoadLight
32DE,h0065,0.38091251254081726,scr1984,avaStIn,bevFrtRoadLight
32DE,h0066,0.3439636863768101,scr1984,avaStIn,bevFrtRoadLight
32DE,h0067,0.28451944701373577,scr1984,avaStIn,bevFrtRoadLight
32DE,h0068,0.21315689384937286,scr1984,avaStIn,bevFrtRoadLight
32DE,h0069,0.27737042866647243,scr1984,avaStIn,bevFrtRoadLight
32DE,h0070,0.3466960983350873,scr1984,avaStIn,bevFrtRoadLight
32DE,h0071,0.35073378309607506,scr1984,avaStIn,bevFrtRoadLight
32DE,h0072,0.24701611511409283,scr1984,avaStIn,bevFrtRoadLight
33DE,h0049,0.14072279445827007,scr1984,avaStIn,bevFrtRoadLight
33DE,h0050,0.21039915177971125,scr1984,avaStIn,bevFrtRoadLight
33DE,h0051,0.335214058868587,scr1984,avaStIn,bevFrtRoadLight
33DE,h0052,0.45082905422896147,scr1984,avaStIn,bevFrtRoadLight
33DE,h0053,0.48009718023240566,scr1984,avaStIn,bevFrtRoadLight
33DE,h0054,0.5107157900929451,scr1984,avaStIn,bevFrtRoadLight
33DE,h0055,0.5310100177302957,scr1984,avaStIn,bevFrtRoadLight
33DE,h0056,0.4951993487775326,scr1984,avaStIn,bevFrtRoadLight
33DE,h0057,0.4163423627614975,scr1984,avaStIn,bevFrtRoadLight
33DE,h0058,0.3341202549636364,scr1984,avaStIn,bevFrtRoadLight
33DE,h0059,0.305523419752717,scr1984,avaStIn,bevFrtRoadLight
33DE,h0060,0.41201330441981554,scr1984,avaStIn,bevFrtRoadLight
33DE,h0061,0.48865499161183834,scr1984,avaStIn,bevFrtRoadLight
33DE,h0062,0.5059938253834844,scr1984,avaStIn,bevFrtRoadLight
33DE,h0063,0.45043916907161474,scr1984,avaStIn,bevFrtRoadLight
33DE,h0064,0.38109726179391146,scr1984,avaStIn,bevFrtRoadLight
33DE,h0065,0.38091251254081726,scr1984,avaStIn,bevFrtRoadLight
33DE,h0066,0.3439636863768101,scr1984,avaStIn,bevFrtRoadLight
33DE,h0067,0.28451944701373577,scr1984,avaStIn,bevFrtRoadLight
33DE,h0068,0.21315689384937286,scr1984,avaStIn,bevFrtRoadLight
33DE,h0069,0.27737042866647243,scr1984,avaStIn,bevFrtRoadLight
33DE,h0070,0.3466960983350873,scr1984,avaStIn,bevFrtRoadLight
33DE,h0071,0.35073378309607506,scr1984,avaStIn,bevFrtRoadLight
33DE,h0072,0.24701611511409283,scr1984,avaStIn,bevFrtRoadLight
34DE,h0049,0.14072279445827007,scr1984,avaStIn,bevFrtRoadLight
34DE,h0050,0.21039915177971125,scr1984,avaStIn,bevFrtRoadLight
34DE,h0051,0.335214058868587,scr1984,avaStIn,bevFrtRoadLight
34DE,h0052,0.45082905422896147,scr1984,avaStIn,bevFrtRoadLight
34DE,h0053,0.48009718023240566,scr1984,avaStIn,bevFrtRoadLight
34DE,h0054,0.5107157900929451,scr1984,avaStIn,bevFrtRoadLight
34DE,h0055,0.5310100177302957,scr1984,avaStIn,bevFrtRoadLight
34DE,h0056,0.4951993487775326,scr1984,avaStIn,bevFrtRoadLight
34DE,h0057,0.4163423627614975,scr1984,avaStIn,bevFrtRoadLight
34DE,h0058,0.3341202549636364,scr1984,avaStIn,bevFrtRoadLight
34DE,h0059,0.305523419752717,scr1984,avaStIn,bevFrtRoadLight
34DE,h0060,0.41201330441981554,scr1984,avaStIn,bevFrtRoadLight
34DE,h0061,0.48865499161183834,scr1984,avaStIn,bevFrtRoadLight
34DE,h0062,0.5059938253834844,scr1984,avaStIn,bevFrtRoadLight
34DE,h0063,0.45043916907161474,scr1984,avaStIn,bevFrtRoadLight
34DE,h0064,0.38109726179391146,scr1984,avaStIn,bevFrtRoadLight
34DE,h0065,0.38091251254081726,scr1984,avaStIn,bevFrtRoadLight
34DE,h0066,0.3439636863768101,scr1984,avaStIn,bevFrtRoadLight
34DE,h0067,0.28451944701373577,scr1984,avaStIn,bevFrtRoadLight
34DE,h0068,0.21315689384937286,scr1984,avaStIn,bevFrtRoadLight
34DE,h0069,0.27737042866647243,scr1984,avaStIn,bevFrtRoadLight
34DE,h0070,0.3466960983350873,scr1984,avaStIn,bevFrtRoadLight
34DE,h0071,0.35073378309607506,scr1984,avaStIn,bevFrtRoadLight
34DE,h0072,0.24701611511409283,scr1984,avaStIn,bevFrtRoadLight
35DE,h0049,0.14072279445827007,scr1984,avaStIn,bevFrtRoadLight
35DE,h0050,0.21039915177971125,scr1984,avaStIn,bevFrtRoadLight
35DE,h0051,0.335214058868587,scr1984,avaStIn,bevFrtRoadLight
35DE,h0052,0.45082905422896147,scr1984,avaStIn,bevFrtRoadLight
35DE,h0053,0.48009718023240566,scr1984,avaStIn,bevFrtRoadLight
35DE,h0054,0.5107157900929451,scr1984,avaStIn,bevFrtRoadLight
35DE,h0055,0.5310100177302957,scr1984,avaStIn,bevFrtRoadLight
35DE,h0056,0.4951993487775326,scr1984,avaStIn,bevFrtRoadLight
35DE,h0057,0.4163423627614975,scr1984,avaStIn,bevFrtRoadLight
35DE,h0058,0.3341202549636364,scr1984,avaStIn,bevFrtRoadLight
35DE,h0059,0.305523419752717,scr1984,avaStIn,bevFrtRoadLight
35DE,h0060,0.41201330441981554,scr1984,avaStIn,bevFrtRoadLight
35DE,h0061,0.48865499161183834,scr1984,avaStIn,bevFrtRoadLight
35DE,h0062,0.5059938253834844,scr1984,avaStIn,bevFrtRoadLight
35DE,h0063,0.45043916907161474,scr1984,avaStIn,bevFrtRoadLight
35DE,h0064,0.38109726179391146,scr1984,avaStIn,bevFrtRoadLight
35DE,h0065,0.38091251254081726,scr1984,avaStIn,bevFrtRoadLight
35DE,h0066,0.3439636863768101,scr1984,avaStIn,bevFrtRoadLight
35DE,h0067,0.28451944701373577,scr1984,avaStIn,bevFrtRoadLight
35DE,h0068,0.21315689384937286,scr1984,avaStIn,bevFrtRoadLight
35DE,h0069,0.27737042866647243,scr1984,avaStIn,bevFrtRoadLight
35DE,h0070,0.3466960983350873,scr1984,avaStIn,bevFrtRoadLight
35DE,h0071,0.35073378309607506,scr1984,avaStIn,bevFrtRoadLight
35DE,h0072,0.24701611511409283,scr1984,avaStIn,bevFrtRoadLight
36DE,h0049,0.14072279445827007,scr1984,avaStIn,bevFrtRoadLight
36DE,h0050,0.21039915177971125,scr1984,avaStIn,bevFrtRoadLight
36DE,h0051,0.335214058868587,scr1984,avaStIn,bevFrtRoadLight
36DE,h0052,0.45082905422896147,scr1984,avaStIn,bevFrtRoadLight
36DE,h0053,0.48009718023240566,scr1984,avaStIn,bevFrtRoadLight
36DE,h0054,0.5107157900929451,scr1984,avaStIn,bevFrtRoadLight
36DE,h0055,0.5310100177302957,scr1984,avaStIn,bevFrtRoadLight
36DE,h0056,0.4951993487775326,scr1984,avaStIn,bevFrtRoadLight
36DE,h0057,0.4163423627614975,scr1984,avaStIn,bevFrtRoadLight
36DE,h0058,0.3341202549636364,scr1984,avaStIn,bevFrtRoadLight
36DE,h0059,0.305523419752717,scr1984,avaStIn,bevFrtRoadLight
36DE,h0060,0.41201330441981554,scr1984,avaStIn,bevFrtRoadLight
36DE,h0061,0.48865499161183834,scr1984,avaStIn,bevFrtRoadLight
36DE,h0062,0.5059938253834844,scr1984,avaStIn,bevFrtRoadLight
36DE,h0063,0.45043916907161474,scr1984,avaStIn,bevFrtRoadLight
36DE,h0064,0.38109726179391146,scr1984,avaStIn,bevFrtRoadLight
36DE,h0065,0.38091251254081726,scr1984,avaStIn,bevFrtRoadLight
36DE,h0066,0.3439636863768101,scr1984,avaStIn,bevFrtRoadLight
36DE,h0067,0.28451944701373577,scr1984,avaStIn,bevFrtRoadLight
36DE,h0068,0.21315689384937286,scr1984,avaStIn,bevFrtRoadLight
36DE,h0069,0.27737042866647243,scr1984,avaStIn,bevFrtRoadLight
36DE,h0070,0.3466960983350873,scr1984,avaStIn,bevFrtRoadLight
36DE,h0071,0.35073378309607506,scr1984,avaStIn,bevFrtRoadLight
36DE,h0072,0.24701611511409283,scr1984,avaStIn,bevFrtRoadLight
37DE,h0049,0.14072279445827007,scr1984,avaStIn,bevFrtRoadLight
37DE,h0050,0.21039915177971125,scr1984,avaStIn,bevFrtRoadLight
37DE,h0051,0.335214058868587,scr1984,avaStIn,bevFrtRoadLight
37DE,h0052,0.45082905422896147,scr1984,avaStIn,bevFrtRoadLight
37DE,h0053,0.48009718023240566,scr1984,avaStIn,bevFrtRoadLight
37DE,h0054,0.5107157900929451,scr1984,avaStIn,bevFrtRoadLight
37DE,h0055,0.5310100177302957,scr1984,avaStIn,bevFrtRoadLight
37DE,h0056,0.4951993487775326,scr1984,avaStIn,bevFrtRoadLight
37DE,h0057,0.4163423627614975,scr1984,avaStIn,bevFrtRoadLight
37DE,h0058,0.3341202549636364,scr1984,avaStIn,bevFrtRoadLight
37DE,h0059,0.305523419752717,scr1984,avaStIn,bevFrtRoadLight
37DE,h0060,0.41201330441981554,scr1984,avaStIn,bevFrtRoadLight
37DE,h0061,0.48865499161183834,scr1984,avaStIn,bevFrtRoadLight
37DE,h0062,0.5059938253834844,scr1984,avaStIn,bevFrtRoadLight
37DE,h0063,0.45043916907161474,scr1984,avaStIn,bevFrtRoadLight
37DE,h0064,0.38109726179391146,scr1984,avaStIn,bevFrtRoadLight
37DE,h0065,0.38091251254081726,scr1984,avaStIn,bevFrtRoadLight
37DE,h0066,0.3439636863768101,scr1984,avaStIn,bevFrtRoadLight
37DE,h0067,0.28451944701373577,scr1984,avaStIn,bevFrtRoadLight
37DE,h0068,0.21315689384937286,scr1984,avaStIn,bevFrtRoadLight
37DE,h0069,0.27737042866647243,scr1984,avaStIn,bevFrtRoadLight
37DE,h0070,0.3466960983350873,scr1984,avaStIn,bevFrtRoadLight
37DE,h0071,0.35073378309607506,scr1984,avaStIn,bevFrtRoadLight
37DE,h0072,0.24701611511409283,scr1984,avaStIn,bevFrtRoadLight
38DK,h0049,0.14072279445827007,scr1984,avaStIn,bevFrtRoadLight
38DK,h0050,0.21039915177971125,scr1984,avaStIn,bevFrtRoadLight
38DK,h0051,0.335214058868587,scr1984,avaStIn,bevFrtRoadLight
38DK,h0052,0.45082905422896147,scr1984,avaStIn,bevFrtRoadLight
38DK,h0053,0.48009718023240566,scr1984,avaStIn,bevFrtRoadLight
38DK,h0054,0.5107157900929451,scr1984,avaStIn,bevFrtRoadLight
38DK,h0055,0.5310100177302957,scr1984,avaStIn,bevFrtRoadLight
38DK,h0056,0.4951993487775326,scr1984,avaStIn,bevFrtRoadLight
38DK,h0057,0.4163423627614975,scr1984,avaStIn,bevFrtRoadLight
38DK,h0058,0.3341202549636364,scr1984,avaStIn,bevFrtRoadLight
38DK,h0059,0.305523419752717,scr1984,avaStIn,bevFrtRoadLight
38DK,h0060,0.41201330441981554,scr1984,avaStIn,bevFrtRoadLight
38DK,h0061,0.48865499161183834,scr1984,avaStIn,bevFrtRoadLight
38DK,h0062,0.5059938253834844,scr1984,avaStIn,bevFrtRoadLight
38DK,h0063,0.45043916907161474,scr1984,avaStIn,bevFrtRoadLight
38DK,h0064,0.38109726179391146,scr1984,avaStIn,bevFrtRoadLight
38DK,h0065,0.38091251254081726,scr1984,avaStIn,bevFrtRoadLight
38DK,h0066,0.3439636863768101,scr1984,avaStIn,bevFrtRoadLight
38DK,h0067,0.28451944701373577,scr1984,avaStIn,bevFrtRoadLight
38DK,h0068,0.21315689384937286,scr1984,avaStIn,bevFrtRoadLight
38DK,h0069,0.27737042866647243,scr1984,avaStIn,bevFrtRoadLight
38DK,h0070,0.3466960983350873,scr1984,avaStIn,bevFrtRoadLight
38DK,h0071,0.35073378309607506,scr1984,avaStIn,bevFrtRoadLight
38DK,h0072,0.24701611511409283,scr1984,avaStIn,bevFrtRoadLight
39CZ,h0049,0.14072279445827007,scr1984,avaStIn,bevFrtRoadLight
39CZ,h0050,0.21039915177971125,scr1984,avaStIn,bevFrtRoadLight
39CZ,h0051,0.335214058868587,scr1984,avaStIn,bevFrtRoadLight
39CZ,h0052,0.45082905422896147,scr1984,avaStIn,bevFrtRoadLight
39CZ,h0053,0.48009718023240566,scr1984,avaStIn,bevFrtRoadLight
39CZ,h0054,0.5107157900929451,scr1984,avaStIn,bevFrtRoadLight
39CZ,h0055,0.5310100177302957,scr1984,avaStIn,bevFrtRoadLight
39CZ,h0056,0.4951993487775326,scr1984,avaStIn,bevFrtRoadLight
39CZ,h0057,0.4163423627614975,scr1984,avaStIn,bevFrtRoadLight
39CZ,h0058,0.3341202549636364,scr1984,avaStIn,bevFrtRoadLight
39CZ,h0059,0.305523419752717,scr1984,avaStIn,bevFrtRoadLight
39CZ,h0060,0.41201330441981554,scr1984,avaStIn,bevFrtRoadLight
39CZ,h0061,0.48865499161183834,scr1984,avaStIn,bevFrtRoadLight
39CZ,h0062,0.5059938253834844,scr1984,avaStIn,bevFrtRoadLight
39CZ,h0063,0.45043916907161474,scr1984,avaStIn,bevFrtRoadLight
39CZ,h0064,0.38109726179391146,scr1984,avaStIn,bevFrtRoadLight
39CZ,h0065,0.38091251254081726,scr1984,avaStIn,bevFrtRoadLight
39CZ,h0066,0.3439636863768101,scr1984,avaStIn,bevFrtRoadLight
39CZ,h0067,0.28451944701373577,scr1984,avaStIn,bevFrtRoadLight
39CZ,h0068,0.21315689384937286,scr1984,avaStIn,bevFrtRoadLight
39CZ,h0069,0.27737042866647243,scr1984,avaStIn,bevFrtRoadLight
39CZ,h0070,0.3466960983350873,scr1984,avaStIn,bevFrtRoadLight
39CZ,h0071,0.35073378309607506,scr1984,avaStIn,bevFrtRoadLight
39CZ,h0072,0.24701611511409283,scr1984,avaStIn,bevFrtRoadLight
40CZ,h0049,0.14072279445827007,scr1984,avaStIn,bevFrtRoadLight
40CZ,h0050,0.21039915177971125,scr1984,avaStIn,bevFrtRoadLight
40CZ,h0051,0.335214058868587,scr1984,avaStIn,bevFrtRoadLight
40CZ,h0052,0.45082905422896147,scr1984,avaStIn,bevFrtRoadLight
40CZ,h0053,0.48009718023240566,scr1984,avaStIn,bevFrtRoadLight
40CZ,h0054,0.5107157900929451,scr1984,avaStIn,bevFrtRoadLight
40CZ,h0055,0.5310100177302957,scr1984,avaStIn,bevFrtRoadLight
40CZ,h0056,0.4951993487775326,scr1984,avaStIn,bevFrtRoadLight
40CZ,h0057,0.4163423627614975,scr1984,avaStIn,bevFrtRoadLight
40CZ,h0058,0.3341202549636364,scr1984,avaStIn,bevFrtRoadLight
40CZ,h0059,0.305523419752717,scr1984,avaStIn,bevFrtRoadLight
40CZ,h0060,0.41201330441981554,scr1984,avaStIn,bevFrtRoadLight
40CZ,h0061,0.48865499161183834,scr1984,avaStIn,bevFrtRoadLight
40CZ,h0062,0.5059938253834844,scr1984,avaStIn,bevFrtRoadLight
40CZ,h0063,0.45043916907161474,scr1984,avaStIn,bevFrtRoadLight
40CZ,h0064,0.38109726179391146,scr1984,avaStIn,bevFrtRoadLight
40CZ,h0065,0.38091251254081726,scr1984,avaStIn,bevFrtRoadLight
40CZ,h0066,0.3439636863768101,scr1984,avaStIn,bevFrtRoadLight
40CZ,h0067,0.28451944701373577,scr1984,avaStIn,bevFrtRoadLight
40CZ,h0068,0.21315689384937286,scr1984,avaStIn,bevFrtRoadLight
40CZ,h0069,0.27737042866647243,scr1984,avaStIn,bevFrtRoadLight
40CZ,h0070,0.3466960983350873,scr1984,avaStIn,bevFrtRoadLight
40CZ,h0071,0.35073378309607506,scr1984,avaStIn,bevFrtRoadLight
40CZ,h0072,0.24701611511409283,scr1984,avaStIn,bevFrtRoadLight
41PL,h0049,0.14072279445827007,scr1984,avaStIn,bevFrtRoadLight
41PL,h0050,0.21039915177971125,scr1984,avaStIn,bevFrtRoadLight
41PL,h0051,0.335214058868587,scr1984,avaStIn,bevFrtRoadLight
41PL,h0052,0.45082905422896147,scr1984,avaStIn,bevFrtRoadLight
41PL,h0053,0.48009718023240566,scr1984,avaStIn,bevFrtRoadLight
41PL,h0054,0.5107157900929451,scr1984,avaStIn,bevFrtRoadLight
41PL,h0055,0.5310100177302957,scr1984,avaStIn,bevFrtRoadLight
41PL,h0056,0.4951993487775326,scr1984,avaStIn,bevFrtRoadLight
41PL,h0057,0.4163423627614975,scr1984,avaStIn,bevFrtRoadLight
41PL,h0058,0.3341202549636364,scr1984,avaStIn,bevFrtRoadLight
41PL,h0059,0.305523419752717,scr1984,avaStIn,bevFrtRoadLight
41PL,h0060,0.41201330441981554,scr1984,avaStIn,bevFrtRoadLight
41PL,h0061,0.48865499161183834,scr1984,avaStIn,bevFrtRoadLight
41PL,h0062,0.5059938253834844,scr1984,avaStIn,bevFrtRoadLight
41PL,h0063,0.45043916907161474,scr1984,avaStIn,bevFrtRoadLight
41PL,h0064,0.38109726179391146,scr1984,avaStIn,bevFrtRoadLight
41PL,h0065,0.38091251254081726,scr1984,avaStIn,bevFrtRoadLight
41PL,h0066,0.3439636863768101,scr1984,avaStIn,bevFrtRoadLight
41PL,h0067,0.28451944701373577,scr1984,avaStIn,bevFrtRoadLight
41PL,h0068,0.21315689384937286,scr1984,avaStIn,bevFrtRoadLight
41PL,h0069,0.27737042866647243,scr1984,avaStIn,bevFrtRoadLight
41PL,h0070,0.3466960983350873,scr1984,avaStIn,bevFrtRoadLight
41PL,h0071,0.35073378309607506,scr1984,avaStIn,bevFrtRoadLight
41PL,h0072,0.24701611511409283,scr1984,avaStIn,bevFrtRoadLight
42PL,h0049,0.14072279445827007,scr1984,avaStIn,bevFrtRoadLight
42PL,h0050,0.21039915177971125,scr1984,avaStIn,bevFrtRoadLight
42PL,h0051,0.335214058868587,scr1984,avaStIn,bevFrtRoadLight
42PL,h0052,0.45082905422896147,scr1984,avaStIn,bevFrtRoadLight
42PL,h0053,0.48009718023240566,scr1984,avaStIn,bevFrtRoadLight
42PL,h0054,0.5107157900929451,scr1984,avaStIn,bevFrtRoadLight
42PL,h0055,0.5310100177302957,scr1984,avaStIn,bevFrtRoadLight
42PL,h0056,0.4951993487775326,scr1984,avaStIn,bevFrtRoadLight
42PL,h0057,0.4163423627614975,scr1984,avaStIn,bevFrtRoadLight
42PL,h0058,0.3341202549636364,scr1984,avaStIn,bevFrtRoadLight
42PL,h0059,0.305523419752717,scr1984,avaStIn,bevFrtRoadLight
42PL,h0060,0.41201330441981554,scr1984,avaStIn,bevFrtRoadLight
42PL,h0061,0.48865499161183834,scr1984,avaStIn,bevFrtRoadLight
42PL,h0062,0.5059938253834844,scr1984,avaStIn,bevFrtRoadLight
42PL,h0063,0.45043916907161474,scr1984,avaStIn,bevFrtRoadLight
42PL,h0064,0.38109726179391146,scr1984,avaStIn,bevFrtRoadLight
42PL,h0065,0.38091251254081726,scr1984,avaStIn,bevFrtRoadLight
42PL,h0066,0.3439636863768101,scr1984,avaStIn,bevFrtRoadLight
42PL,h0067,0.28451944701373577,scr1984,avaStIn,bevFrtRoadLight
42PL,h0068,0.21315689384937286,scr1984,avaStIn,bevFrtRoadLight
42PL,h0069,0.27737042866647243,scr1984,avaStIn,bevFrtRoadLight
42PL,h0070,0.3466960983350873,scr1984,avaStIn,bevFrtRoadLight
42PL,h0071,0.35073378309607506,scr1984,avaStIn,bevFrtRoadLight
42PL,h0072,0.24701611511409283,scr1984,avaStIn,bevFrtRoadLight
43PL,h0049,0.14072279445827007,scr1984,avaStIn,bevFrtRoadLight
43PL,h0050,0.21039915177971125,scr1984,avaStIn,bevFrtRoadLight
43PL,h0051,0.335214058868587,scr1984,avaStIn,bevFrtRoadLight
43PL,h0052,0.45082905422896147,scr1984,avaStIn,bevFrtRoadLight
43PL,h0053,0.48009718023240566,scr1984,avaStIn,bevFrtRoadLight
43PL,h0054,0.5107157900929451,scr1984,avaStIn,bevFrtRoadLight
43PL,h0055,0.5310100177302957,scr1984,avaStIn,bevFrtRoadLight
43PL,h0056,0.4951993487775326,scr1984,avaStIn,bevFrtRoadLight
43PL,h0057,0.4163423627614975,scr1984,avaStIn,bevFrtRoadLight
43PL,h0058,0.3341202549636364,scr1984,avaStIn,bevFrtRoadLight
43PL,h0059,0.305523419752717,scr1984,avaStIn,bevFrtRoadLight
43PL,h0060,0.41201330441981554,scr1984,avaStIn,bevFrtRoadLight
43PL,h0061,0.48865499161183834,scr1984,avaStIn,bevFrtRoadLight
43PL,h0062,0.5059938253834844,scr1984,avaStIn,bevFrtRoadLight
43PL,h0063,0.45043916907161474,scr1984,avaStIn,bevFrtRoadLight
43PL,h0064,0.38109726179391146,scr1984,avaStIn,bevFrtRoadLight
43PL,h0065,0.38091251254081726,scr1984,avaStIn,bevFrtRoadLight
43PL,h0066,0.3439636863768101,scr1984,avaStIn,bevFrtRoadLight
43PL,h0067,0.28451944701373577,scr1984,avaStIn,bevFrtRoadLight
43PL,h0068,0.21315689384937286,scr1984,avaStIn,bevFrtRoadLight
43PL,h0069,0.27737042866647243,scr1984,avaStIn,bevFrtRoadLight
43PL,h0070,0.3466960983350873,scr1984,avaStIn,bevFrtRoadLight
43PL,h0071,0.35073378309607506,scr1984,avaStIn,bevFrtRoadLight
43PL,h0072,0.24701611511409283,scr1984,avaStIn,bevFrtRoadLight
44PL,h0049,0.14072279445827007,scr1984,avaStIn,bevFrtRoadLight
44PL,h0050,0.21039915177971125,scr1984,avaStIn,bevFrtRoadLight
44PL,h0051,0.335214058868587,scr1984,avaStIn,bevFrtRoadLight
44PL,h0052,0.45082905422896147,scr1984,avaStIn,bevFrtRoadLight
44PL,h0053,0.48009718023240566,scr1984,avaStIn,bevFrtRoadLight
44PL,h0054,0.5107157900929451,scr1984,avaStIn,bevFrtRoadLight
44PL,h0055,0.5310100177302957,scr1984,avaStIn,bevFrtRoadLight
44PL,h0056,0.4951993487775326,scr1984,avaStIn,bevFrtRoadLight
44PL,h0057,0.4163423627614975,scr1984,avaStIn,bevFrtRoadLight
44PL,h0058,0.3341202549636364,scr1984,avaStIn,bevFrtRoadLight
44PL,h0059,0.305523419752717,scr1984,avaStIn,bevFrtRoadLight
44PL,h0060,0.41201330441981554,scr1984,avaStIn,bevFrtRoadLight
44PL,h0061,0.48865499161183834,scr1984,avaStIn,bevFrtRoadLight
44PL,h0062,0.5059938253834844,scr1984,avaStIn,bevFrtRoadLight
44PL,h0063,0.45043916907161474,scr1984,avaStIn,bevFrtRoadLight
44PL,h0064,0.38109726179391146,scr1984,avaStIn,bevFrtRoadLight
44PL,h0065,0.38091251254081726,scr1984,avaStIn,bevFrtRoadLight
44PL,h0066,0.3439636863768101,scr1984,avaStIn,bevFrtRoadLight
44PL,h0067,0.28451944701373577,scr1984,avaStIn,bevFrtRoadLight
44PL,h0068,0.21315689384937286,scr1984,avaStIn,bevFrtRoadLight
44PL,h0069,0.27737042866647243,scr1984,avaStIn,bevFrtRoadLight
44PL,h0070,0.3466960983350873,scr1984,avaStIn,bevFrtRoadLight
44PL,h0071,0.35073378309607506,scr1984,avaStIn,bevFrtRoadLight
44PL,h0072,0.24701611511409283,scr1984,avaStIn,bevFrtRoadLight
45PL,h0049,0.14072279445827007,scr1984,avaStIn,bevFrtRoadLight
45PL,h0050,0.21039915177971125,scr1984,avaStIn,bevFrtRoadLight
45PL,h0051,0.335214058868587,scr1984,avaStIn,bevFrtRoadLight
45PL,h0052,0.45082905422896147,scr1984,avaStIn,bevFrtRoadLight
45PL,h0053,0.48009718023240566,scr1984,avaStIn,bevFrtRoadLight
45PL,h0054,0.5107157900929451,scr1984,avaStIn,bevFrtRoadLight
45PL,h0055,0.5310100177302957,scr1984,avaStIn,bevFrtRoadLight
45PL,h0056,0.4951993487775326,scr1984,avaStIn,bevFrtRoadLight
45PL,h0057,0.4163423627614975,scr1984,avaStIn,bevFrtRoadLight
45PL,h0058,0.3341202549636364,scr1984,avaStIn,bevFrtRoadLight
45PL,h0059,0.305523419752717,scr1984,avaStIn,bevFrtRoadLight
45PL,h0060,0.41201330441981554,scr1984,avaStIn,bevFrtRoadLight
45PL,h0061,0.48865499161183834,scr1984,avaStIn,bevFrtRoadLight
45PL,h0062,0.5059938253834844,scr1984,avaStIn,bevFrtRoadLight
45PL,h0063,0.45043916907161474,scr1984,avaStIn,bevFrtRoadLight
45PL,h0064,0.38109726179391146,scr1984,avaStIn,bevFrtRoadLight
45PL,h0065,0.38091251254081726,scr1984,avaStIn,bevFrtRoadLight
45PL,h0066,0.3439636863768101,scr1984,avaStIn,bevFrtRoadLight
45PL,h0067,0.28451944701373577,scr1984,avaStIn,bevFrtRoadLight
45PL,h0068,0.21315689384937286,scr1984,avaStIn,bevFrtRoadLight
45PL,h0069,0.27737042866647243,scr1984,avaStIn,bevFrtRoadLight
45PL,h0070,0.3466960983350873,scr1984,avaStIn,bevFrtRoadLight
45PL,h0071,0.35073378309607506,scr1984,avaStIn,bevFrtRoadLight
45PL,h0072,0.24701611511409283,scr1984,avaStIn,bevFrtRoadLight
46SK,h0049,0.14072279445827007,scr1984,avaStIn,bevFrtRoadLight
46SK,h0050,0.21039915177971125,scr1984,avaStIn,bevFrtRoadLight
46SK,h0051,0.335214058868587,scr1984,avaStIn,bevFrtRoadLight
46SK,h0052,0.45082905422896147,scr1984,avaStIn,bevFrtRoadLight
46SK,h0053,0.48009718023240566,scr1984,avaStIn,bevFrtRoadLight
46SK,h0054,0.5107157900929451,scr1984,avaStIn,bevFrtRoadLight
46SK,h0055,0.5310100177302957,scr1984,avaStIn,bevFrtRoadLight
46SK,h0056,0.4951993487775326,scr1984,avaStIn,bevFrtRoadLight
46SK,h0057,0.4163423627614975,scr1984,avaStIn,bevFrtRoadLight
46SK,h0058,0.3341202549636364,scr1984,avaStIn,bevFrtRoadLight
46SK,h0059,0.305523419752717,scr1984,avaStIn,bevFrtRoadLight
46SK,h0060,0.41201330441981554,scr1984,avaStIn,bevFrtRoadLight
46SK,h0061,0.48865499161183834,scr1984,avaStIn,bevFrtRoadLight
46SK,h0062,0.5059938253834844,scr1984,avaStIn,bevFrtRoadLight
46SK,h0063,0.45043916907161474,scr1984,avaStIn,bevFrtRoadLight
46SK,h0064,0.38109726179391146,scr1984,avaStIn,bevFrtRoadLight
46SK,h0065,0.38091251254081726,scr1984,avaStIn,bevFrtRoadLight
46SK,h0066,0.3439636863768101,scr1984,avaStIn,bevFrtRoadLight
46SK,h0067,0.28451944701373577,scr1984,avaStIn,bevFrtRoadLight
46SK,h0068,0.21315689384937286,scr1984,avaStIn,bevFrtRoadLight
46SK,h0069,0.27737042866647243,scr1984,avaStIn,bevFrtRoadLight
46SK,h0070,0.3466960983350873,scr1984,avaStIn,bevFrtRoadLight
46SK,h0071,0.35073378309607506,scr1984,avaStIn,bevFrtRoadLight
46SK,h0072,0.24701611511409283,scr1984,avaStIn,bevFrtRoadLight
47CH,h0049,0.14072279445827007,scr1984,avaStIn,bevFrtRoadLight
47CH,h0050,0.21039915177971125,scr1984,avaStIn,bevFrtRoadLight
47CH,h0051,0.335214058868587,scr1984,avaStIn,bevFrtRoadLight
47CH,h0052,0.45082905422896147,scr1984,avaStIn,bevFrtRoadLight
47CH,h0053,0.48009718023240566,scr1984,avaStIn,bevFrtRoadLight
47CH,h0054,0.5107157900929451,scr1984,avaStIn,bevFrtRoadLight
47CH,h0055,0.5310100177302957,scr1984,avaStIn,bevFrtRoadLight
47CH,h0056,0.4951993487775326,scr1984,avaStIn,bevFrtRoadLight
47CH,h0057,0.4163423627614975,scr1984,avaStIn,bevFrtRoadLight
47CH,h0058,0.3341202549636364,scr1984,avaStIn,bevFrtRoadLight
47CH,h0059,0.305523419752717,scr1984,avaStIn,bevFrtRoadLight
47CH,h0060,0.41201330441981554,scr1984,avaStIn,bevFrtRoadLight
47CH,h0061,0.48865499161183834,scr1984,avaStIn,bevFrtRoadLight
47CH,h0062,0.5059938253834844,scr1984,avaStIn,bevFrtRoadLight
47CH,h0063,0.45043916907161474,scr1984,avaStIn,bevFrtRoadLight
47CH,h0064,0.38109726179391146,scr1984,avaStIn,bevFrtRoadLight
47CH,h0065,0.38091251254081726,scr1984,avaStIn,bevFrtRoadLight
47CH,h0066,0.3439636863768101,scr1984,avaStIn,bevFrtRoadLight
47CH,h0067,0.28451944701373577,scr1984,avaStIn,bevFrtRoadLight
47CH,h0068,0.21315689384937286,scr1984,avaStIn,bevFrtRoadLight
47CH,h0069,0.27737042866647243,scr1984,avaStIn,bevFrtRoadLight
47CH,h0070,0.3466960983350873,scr1984,avaStIn,bevFrtRoadLight
47CH,h0071,0.35073378309607506,scr1984,avaStIn,bevFrtRoadLight
47CH,h0072,0.24701611511409283,scr1984,avaStIn,bevFrtRoadLight
48CH,h0049,0.14072279445827007,scr1984,avaStIn,bevFrtRoadLight
48CH,h0050,0.21039915177971125,scr1984,avaStIn,bevFrtRoadLight
48CH,h0051,0.335214058868587,scr1984,avaStIn,bevFrtRoadLight
48CH,h0052,0.45082905422896147,scr1984,avaStIn,bevFrtRoadLight
48CH,h0053,0.48009718023240566,scr1984,avaStIn,bevFrtRoadLight
48CH,h0054,0.5107157900929451,scr1984,avaStIn,bevFrtRoadLight
48CH,h0055,0.5310100177302957,scr1984,avaStIn,bevFrtRoadLight
48CH,h0056,0.4951993487775326,scr1984,avaStIn,bevFrtRoadLight
48CH,h0057,0.4163423627614975,scr1984,avaStIn,bevFrtRoadLight
48CH,h0058,0.3341202549636364,scr1984,avaStIn,bevFrtRoadLight
48CH,h0059,0.305523419752717,scr1984,avaStIn,bevFrtRoadLight
48CH,h0060,0.41201330441981554,scr1984,avaStIn,bevFrtRoadLight
48CH,h0061,0.48865499161183834,scr1984,avaStIn,bevFrtRoadLight
48CH,h0062,0.5059938253834844,scr1984,avaStIn,bevFrtRoadLight
48CH,h0063,0.45043916907161474,scr1984,avaStIn,bevFrtRoadLight
48CH,h0064,0.38109726179391146,scr1984,avaStIn,bevFrtRoadLight
48CH,h0065,0.38091251254081726,scr1984,avaStIn,bevFrtRoadLight
48CH,h0066,0.3439636863768101,scr1984,avaStIn,bevFrtRoadLight
48CH,h0067,0.28451944701373577,scr1984,avaStIn,bevFrtRoadLight
48CH,h0068,0.21315689384937286,scr1984,avaStIn,bevFrtRoadLight
48CH,h0069,0.27737042866647243,scr1984,avaStIn,bevFrtRoadLight
48CH,h0070,0.3466960983350873,scr1984,avaStIn,bevFrtRoadLight
48CH,h0071,0.35073378309607506,scr1984,avaStIn,bevFrtRoadLight
48CH,h0072,0.24701611511409283,scr1984,avaStIn,bevFrtRoadLight
49AT,h0049,0.14072279445827007,scr1984,avaStIn,bevFrtRoadLight
49AT,h0050,0.21039915177971125,scr1984,avaStIn,bevFrtRoadLight
49AT,h0051,0.335214058868587,scr1984,avaStIn,bevFrtRoadLight
49AT,h0052,0.45082905422896147,scr1984,avaStIn,bevFrtRoadLight
49AT,h0053,0.48009718023240566,scr1984,avaStIn,bevFrtRoadLight
49AT,h0054,0.5107157900929451,scr1984,avaStIn,bevFrtRoadLight
49AT,h0055,0.5310100177302957,scr1984,avaStIn,bevFrtRoadLight
49AT,h0056,0.4951993487775326,scr1984,avaStIn,bevFrtRoadLight
49AT,h0057,0.4163423627614975,scr1984,avaStIn,bevFrtRoadLight
49AT,h0058,0.3341202549636364,scr1984,avaStIn,bevFrtRoadLight
49AT,h0059,0.305523419752717,scr1984,avaStIn,bevFrtRoadLight
49AT,h0060,0.41201330441981554,scr1984,avaStIn,bevFrtRoadLight
49AT,h0061,0.48865499161183834,scr1984,avaStIn,bevFrtRoadLight
49AT,h0062,0.5059938253834844,scr1984,avaStIn,bevFrtRoadLight
49AT,h0063,0.45043916907161474,scr1984,avaStIn,bevFrtRoadLight
49AT,h0064,0.38109726179391146,scr1984,avaStIn,bevFrtRoadLight
49AT,h0065,0.38091251254081726,scr1984,avaStIn,bevFrtRoadLight
49AT,h0066,0.3439636863768101,scr1984,avaStIn,bevFrtRoadLight
49AT,h0067,0.28451944701373577,scr1984,avaStIn,bevFrtRoadLight
49AT,h0068,0.21315689384937286,scr1984,avaStIn,bevFrtRoadLight
49AT,h0069,0.27737042866647243,scr1984,avaStIn,bevFrtRoadLight
49AT,h0070,0.3466960983350873,scr1984,avaStIn,bevFrtRoadLight
49AT,h0071,0.35073378309607506,scr1984,avaStIn,bevFrtRoadLight
49AT,h0072,0.24701611511409283,scr1984,avaStIn,bevFrtRoadLight
50AT,h0049,0.14072279445827007,scr1984,avaStIn,bevFrtRoadLight
50AT,h0050,0.21039915177971125,scr1984,avaStIn,bevFrtRoadLight
50AT,h0051,0.335214058868587,scr1984,avaStIn,bevFrtRoadLight
50AT,h0052,0.45082905422896147,scr1984,avaStIn,bevFrtRoadLight
50AT,h0053,0.48009718023240566,scr1984,avaStIn,bevFrtRoadLight
50AT,h0054,0.5107157900929451,scr1984,avaStIn,bevFrtRoadLight
50AT,h0055,0.5310100177302957,scr1984,avaStIn,bevFrtRoadLight
50AT,h0056,0.4951993487775326,scr1984,avaStIn,bevFrtRoadLight
50AT,h0057,0.4163423627614975,scr1984,avaStIn,bevFrtRoadLight
50AT,h0058,0.3341202549636364,scr1984,avaStIn,bevFrtRoadLight
50AT,h0059,0.305523419752717,scr1984,avaStIn,bevFrtRoadLight
50AT,h0060,0.41201330441981554,scr1984,avaStIn,bevFrtRoadLight
50AT,h0061,0.48865499161183834,scr1984,avaStIn,bevFrtRoadLight
50AT,h0062,0.5059938253834844,scr1984,avaStIn,bevFrtRoadLight
50AT,h0063,0.45043916907161474,scr1984,avaStIn,bevFrtRoadLight
50AT,h0064,0.38109726179391146,scr1984,avaStIn,bevFrtRoadLight
50AT,h0065,0.38091251254081726,scr1984,avaStIn,bevFrtRoadLight
50AT,h0066,0.3439636863768101,scr1984,avaStIn,bevFrtRoadLight
50AT,h0067,0.28451944701373577,scr1984,avaStIn,bevFrtRoadLight
50AT,h0068,0.21315689384937286,scr1984,avaStIn,bevFrtRoadLight
50AT,h0069,0.27737042866647243,scr1984,avaStIn,bevFrtRoadLight
50AT,h0070,0.3466960983350873,scr1984,avaStIn,bevFrtRoadLight
50AT,h0071,0.35073378309607506,scr1984,avaStIn,bevFrtRoadLight
50AT,h0072,0.24701611511409283,scr1984,avaStIn,bevFrtRoadLight
51AT,h0049,0.14072279445827007,scr1984,avaStIn,bevFrtRoadLight
51AT,h0050,0.21039915177971125,scr1984,avaStIn,bevFrtRoadLight
51AT,h0051,0.335214058868587,scr1984,avaStIn,bevFrtRoadLight
51AT,h0052,0.45082905422896147,scr1984,avaStIn,bevFrtRoadLight
51AT,h0053,0.48009718023240566,scr1984,avaStIn,bevFrtRoadLight
51AT,h0054,0.5107157900929451,scr1984,avaStIn,bevFrtRoadLight
51AT,h0055,0.5310100177302957,scr1984,avaStIn,bevFrtRoadLight
51AT,h0056,0.4951993487775326,scr1984,avaStIn,bevFrtRoadLight
51AT,h0057,0.4163423627614975,scr1984,avaStIn,bevFrtRoadLight
51AT,h0058,0.3341202549636364,scr1984,avaStIn,bevFrtRoadLight
51AT,h0059,0.305523419752717,scr1984,avaStIn,bevFrtRoadLight
51AT,h0060,0.41201330441981554,scr1984,avaStIn,bevFrtRoadLight
51AT,h0061,0.48865499161183834,scr1984,avaStIn,bevFrtRoadLight
51AT,h0062,0.5059938253834844,scr1984,avaStIn,bevFrtRoadLight
51AT,h0063,0.45043916907161474,scr1984,avaStIn,bevFrtRoadLight
51AT,h0064,0.38109726179391146,scr1984,avaStIn,bevFrtRoadLight
51AT,h0065,0.38091251254081726,scr1984,avaStIn,bevFrtRoadLight
51AT,h0066,0.3439636863768101,scr1984,avaStIn,bevFrtRoadLight
51AT,h0067,0.28451944701373577,scr1984,avaStIn,bevFrtRoadLight
51AT,h0068,0.21315689384937286,scr1984,avaStIn,bevFrtRoadLight
51AT,h0069,0.27737042866647243,scr1984,avaStIn,bevFrtRoadLight
51AT,h0070,0.3466960983350873,scr1984,avaStIn,bevFrtRoadLight
51AT,h0071,0.35073378309607506,scr1984,avaStIn,bevFrtRoadLight
51AT,h0072,0.24701611511409283,scr1984,avaStIn,bevFrtRoadLight
52IT,h0049,0.14072279445827007,scr1984,avaStIn,bevFrtRoadLight
52IT,h0050,0.21039915177971125,scr1984,avaStIn,bevFrtRoadLight
52IT,h0051,0.335214058868587,scr1984,avaStIn,bevFrtRoadLight
52IT,h0052,0.45082905422896147,scr1984,avaStIn,bevFrtRoadLight
52IT,h0053,0.48009718023240566,scr1984,avaStIn,bevFrtRoadLight
52IT,h0054,0.5107157900929451,scr1984,avaStIn,bevFrtRoadLight
52IT,h0055,0.5310100177302957,scr1984,avaStIn,bevFrtRoadLight
52IT,h0056,0.4951993487775326,scr1984,avaStIn,bevFrtRoadLight
52IT,h0057,0.4163423627614975,scr1984,avaStIn,bevFrtRoadLight
52IT,h0058,0.3341202549636364,scr1984,avaStIn,bevFrtRoadLight
52IT,h0059,0.305523419752717,scr1984,avaStIn,bevFrtRoadLight
52IT,h0060,0.41201330441981554,scr1984,avaStIn,bevFrtRoadLight
52IT,h0061,0.48865499161183834,scr1984,avaStIn,bevFrtRoadLight
52IT,h0062,0.5059938253834844,scr1984,avaStIn,bevFrtRoadLight
52IT,h0063,0.45043916907161474,scr1984,avaStIn,bevFrtRoadLight
52IT,h0064,0.38109726179391146,scr1984,avaStIn,bevFrtRoadLight
52IT,h0065,0.38091251254081726,scr1984,avaStIn,bevFrtRoadLight
52IT,h0066,0.3439636863768101,scr1984,avaStIn,bevFrtRoadLight
52IT,h0067,0.28451944701373577,scr1984,avaStIn,bevFrtRoadLight
52IT,h0068,0.21315689384937286,scr1984,avaStIn,bevFrtRoadLight
52IT,h0069,0.27737042866647243,scr1984,avaStIn,bevFrtRoadLight
52IT,h0070,0.3466960983350873,scr1984,avaStIn,bevFrtRoadLight
52IT,h0071,0.35073378309607506,scr1984,avaStIn,bevFrtRoadLight
52IT,h0072,0.24701611511409283,scr1984,avaStIn,bevFrtRoadLight
53IT,h0049,0.14072279445827007,scr1984,avaStIn,bevFrtRoadLight
53IT,h0050,0.21039915177971125,scr1984,avaStIn,bevFrtRoadLight
53IT,h0051,0.335214058868587,scr1984,avaStIn,bevFrtRoadLight
53IT,h0052,0.45082905422896147,scr1984,avaStIn,bevFrtRoadLight
53IT,h0053,0.48009718023240566,scr1984,avaStIn,bevFrtRoadLight
53IT,h0054,0.5107157900929451,scr1984,avaStIn,bevFrtRoadLight
53IT,h0055,0.5310100177302957,scr1984,avaStIn,bevFrtRoadLight
53IT,h0056,0.4951993487775326,scr1984,avaStIn,bevFrtRoadLight
53IT,h0057,0.4163423627614975,scr1984,avaStIn,bevFrtRoadLight
53IT,h0058,0.3341202549636364,scr1984,avaStIn,bevFrtRoadLight
53IT,h0059,0.305523419752717,scr1984,avaStIn,bevFrtRoadLight
53IT,h0060,0.41201330441981554,scr1984,avaStIn,bevFrtRoadLight
53IT,h0061,0.48865499161183834,scr1984,avaStIn,bevFrtRoadLight
53IT,h0062,0.5059938253834844,scr1984,avaStIn,bevFrtRoadLight
53IT,h0063,0.45043916907161474,scr1984,avaStIn,bevFrtRoadLight
53IT,h0064,0.38109726179391146,scr1984,avaStIn,bevFrtRoadLight
53IT,h0065,0.38091251254081726,scr1984,avaStIn,bevFrtRoadLight
53IT,h0066,0.3439636863768101,scr1984,avaStIn,bevFrtRoadLight
53IT,h0067,0.28451944701373577,scr1984,avaStIn,bevFrtRoadLight
53IT,h0068,0.21315689384937286,scr1984,avaStIn,bevFrtRoadLight
53IT,h0069,0.27737042866647243,scr1984,avaStIn,bevFrtRoadLight
53IT,h0070,0.3466960983350873,scr1984,avaStIn,bevFrtRoadLight
53IT,h0071,0.35073378309607506,scr1984,avaStIn,bevFrtRoadLight
53IT,h0072,0.24701611511409283,scr1984,avaStIn,bevFrtRoadLight
54IT,h0049,0.14072279445827007,scr1984,avaStIn,bevFrtRoadLight
54IT,h0050,0.21039915177971125,scr1984,avaStIn,bevFrtRoadLight
54IT,h0051,0.335214058868587,scr1984,avaStIn,bevFrtRoadLight
54IT,h0052,0.45082905422896147,scr1984,avaStIn,bevFrtRoadLight
54IT,h0053,0.48009718023240566,scr1984,avaStIn,bevFrtRoadLight
54IT,h0054,0.5107157900929451,scr1984,avaStIn,bevFrtRoadLight
54IT,h0055,0.5310100177302957,scr1984,avaStIn,bevFrtRoadLight
54IT,h0056,0.4951993487775326,scr1984,avaStIn,bevFrtRoadLight
54IT,h0057,0.4163423627614975,scr1984,avaStIn,bevFrtRoadLight
54IT,h0058,0.3341202549636364,scr1984,avaStIn,bevFrtRoadLight
54IT,h0059,0.305523419752717,scr1984,avaStIn,bevFrtRoadLight
54IT,h0060,0.41201330441981554,scr1984,avaStIn,bevFrtRoadLight
54IT,h0061,0.48865499161183834,scr1984,avaStIn,bevFrtRoadLight
54IT,h0062,0.5059938253834844,scr1984,avaStIn,bevFrtRoadLight
54IT,h0063,0.45043916907161474,scr1984,avaStIn,bevFrtRoadLight
54IT,h0064,0.38109726179391146,scr1984,avaStIn,bevFrtRoadLight
54IT,h0065,0.38091251254081726,scr1984,avaStIn,bevFrtRoadLight
54IT,h0066,0.3439636863768101,scr1984,avaStIn,bevFrtRoadLight
54IT,h0067,0.28451944701373577,scr1984,avaStIn,bevFrtRoadLight
54IT,h0068,0.21315689384937286,scr1984,avaStIn,bevFrtRoadLight
54IT,h0069,0.27737042866647243,scr1984,avaStIn,bevFrtRoadLight
54IT,h0070,0.3466960983350873,scr1984,avaStIn,bevFrtRoadLight
54IT,h0071,0.35073378309607506,scr1984,avaStIn,bevFrtRoadLight
54IT,h0072,0.24701611511409283,scr1984,avaStIn,bevFrtRoadLight
55IT,h0049,0.14072279445827007,scr1984,avaStIn,bevFrtRoadLight
55IT,h0050,0.21039915177971125,scr1984,avaStIn,bevFrtRoadLight
55IT,h0051,0.335214058868587,scr1984,avaStIn,bevFrtRoadLight
55IT,h0052,0.45082905422896147,scr1984,avaStIn,bevFrtRoadLight
55IT,h0053,0.48009718023240566,scr1984,avaStIn,bevFrtRoadLight
55IT,h0054,0.5107157900929451,scr1984,avaStIn,bevFrtRoadLight
55IT,h0055,0.5310100177302957,scr1984,avaStIn,bevFrtRoadLight
55IT,h0056,0.4951993487775326,scr1984,avaStIn,bevFrtRoadLight
55IT,h0057,0.4163423627614975,scr1984,avaStIn,bevFrtRoadLight
55IT,h0058,0.3341202549636364,scr1984,avaStIn,bevFrtRoadLight
55IT,h0059,0.305523419752717,scr1984,avaStIn,bevFrtRoadLight
55IT,h0060,0.41201330441981554,scr1984,avaStIn,bevFrtRoadLight
55IT,h0061,0.48865499161183834,scr1984,avaStIn,bevFrtRoadLight
55IT,h0062,0.5059938253834844,scr1984,avaStIn,bevFrtRoadLight
55IT,h0063,0.45043916907161474,scr1984,avaStIn,bevFrtRoadLight
55IT,h0064,0.38109726179391146,scr1984,avaStIn,bevFrtRoadLight
55IT,h0065,0.38091251254081726,scr1984,avaStIn,bevFrtRoadLight
55IT,h0066,0.3439636863768101,scr1984,avaStIn,bevFrtRoadLight
55IT,h0067,0.28451944701373577,scr1984,avaStIn,bevFrtRoadLight
55IT,h0068,0.21315689384937286,scr1984,avaStIn,bevFrtRoadLight
55IT,h0069,0.27737042866647243,scr1984,avaStIn,bevFrtRoadLight
55IT,h0070,0.3466960983350873,scr1984,avaStIn,bevFrtRoadLight
55IT,h0071,0.35073378309607506,scr1984,avaStIn,bevFrtRoadLight
55IT,h0072,0.24701611511409283,scr1984,avaStIn,bevFrtRoadLight
56IT,h0049,0.14072279445827007,scr1984,avaStIn,bevFrtRoadLight
56IT,h0050,0.21039915177971125,scr1984,avaStIn,bevFrtRoadLight
56IT,h0051,0.335214058868587,scr1984,avaStIn,bevFrtRoadLight
56IT,h0052,0.45082905422896147,scr1984,avaStIn,bevFrtRoadLight
56IT,h0053,0.48009718023240566,scr1984,avaStIn,bevFrtRoadLight
56IT,h0054,0.5107157900929451,scr1984,avaStIn,bevFrtRoadLight
56IT,h0055,0.5310100177302957,scr1984,avaStIn,bevFrtRoadLight
56IT,h0056,0.4951993487775326,scr1984,avaStIn,bevFrtRoadLight
56IT,h0057,0.4163423627614975,scr1984,avaStIn,bevFrtRoadLight
56IT,h0058,0.3341202549636364,scr1984,avaStIn,bevFrtRoadLight
56IT,h0059,0.305523419752717,scr1984,avaStIn,bevFrtRoadLight
56IT,h0060,0.41201330441981554,scr1984,avaStIn,bevFrtRoadLight
56IT,h0061,0.48865499161183834,scr1984,avaStIn,bevFrtRoadLight
56IT,h0062,0.5059938253834844,scr1984,avaStIn,bevFrtRoadLight
56IT,h0063,0.45043916907161474,scr1984,avaStIn,bevFrtRoadLight
56IT,h0064,0.38109726179391146,scr1984,avaStIn,bevFrtRoadLight
56IT,h0065,0.38091251254081726,scr1984,avaStIn,bevFrtRoadLight
56IT,h0066,0.3439636863768101,scr1984,avaStIn,bevFrtRoadLight
56IT,h0067,0.28451944701373577,scr1984,avaStIn,bevFrtRoadLight
56IT,h0068,0.21315689384937286,scr1984,avaStIn,bevFrtRoadLight
56IT,h0069,0.27737042866647243,scr1984,avaStIn,bevFrtRoadLight
56IT,h0070,0.3466960983350873,scr1984,avaStIn,bevFrtRoadLight
56IT,h0071,0.35073378309607506,scr1984,avaStIn,bevFrtRoadLight
56IT,h0072,0.24701611511409283,scr1984,avaStIn,bevFrtRoadLight
57SI,h0049,0.14072279445827007,scr1984,avaStIn,bevFrtRoadLight
57SI,h0050,0.21039915177971125,scr1984,avaStIn,bevFrtRoadLight
57SI,h0051,0.335214058868587,scr1984,avaStIn,bevFrtRoadLight
57SI,h0052,0.45082905422896147,scr1984,avaStIn,bevFrtRoadLight
57SI,h0053,0.48009718023240566,scr1984,avaStIn,bevFrtRoadLight
57SI,h0054,0.5107157900929451,scr1984,avaStIn,bevFrtRoadLight
57SI,h0055,0.5310100177302957,scr1984,avaStIn,bevFrtRoadLight
57SI,h0056,0.4951993487775326,scr1984,avaStIn,bevFrtRoadLight
57SI,h0057,0.4163423627614975,scr1984,avaStIn,bevFrtRoadLight
57SI,h0058,0.3341202549636364,scr1984,avaStIn,bevFrtRoadLight
57SI,h0059,0.305523419752717,scr1984,avaStIn,bevFrtRoadLight
57SI,h0060,0.41201330441981554,scr1984,avaStIn,bevFrtRoadLight
57SI,h0061,0.48865499161183834,scr1984,avaStIn,bevFrtRoadLight
57SI,h0062,0.5059938253834844,scr1984,avaStIn,bevFrtRoadLight
57SI,h0063,0.45043916907161474,scr1984,avaStIn,bevFrtRoadLight
57SI,h0064,0.38109726179391146,scr1984,avaStIn,bevFrtRoadLight
57SI,h0065,0.38091251254081726,scr1984,avaStIn,bevFrtRoadLight
57SI,h0066,0.3439636863768101,scr1984,avaStIn,bevFrtRoadLight
57SI,h0067,0.28451944701373577,scr1984,avaStIn,bevFrtRoadLight
57SI,h0068,0.21315689384937286,scr1984,avaStIn,bevFrtRoadLight
57SI,h0069,0.27737042866647243,scr1984,avaStIn,bevFrtRoadLight
57SI,h0070,0.3466960983350873,scr1984,avaStIn,bevFrtRoadLight
57SI,h0071,0.35073378309607506,scr1984,avaStIn,bevFrtRoadLight
57SI,h0072,0.24701611511409283,scr1984,avaStIn,bevFrtRoadLight
58HU,h0049,0.14072279445827007,scr1984,avaStIn,bevFrtRoadLight
58HU,h0050,0.21039915177971125,scr1984,avaStIn,bevFrtRoadLight
58HU,h0051,0.335214058868587,scr1984,avaStIn,bevFrtRoadLight
58HU,h0052,0.45082905422896147,scr1984,avaStIn,bevFrtRoadLight
58HU,h0053,0.48009718023240566,scr1984,avaStIn,bevFrtRoadLight
58HU,h0054,0.5107157900929451,scr1984,avaStIn,bevFrtRoadLight
58HU,h0055,0.5310100177302957,scr1984,avaStIn,bevFrtRoadLight
58HU,h0056,0.4951993487775326,scr1984,avaStIn,bevFrtRoadLight
58HU,h0057,0.4163423627614975,scr1984,avaStIn,bevFrtRoadLight
58HU,h0058,0.3341202549636364,scr1984,avaStIn,bevFrtRoadLight
58HU,h0059,0.305523419752717,scr1984,avaStIn,bevFrtRoadLight
58HU,h0060,0.41201330441981554,scr1984,avaStIn,bevFrtRoadLight
58HU,h0061,0.48865499161183834,scr1984,avaStIn,bevFrtRoadLight
58HU,h0062,0.5059938253834844,scr1984,avaStIn,bevFrtRoadLight
58HU,h0063,0.45043916907161474,scr1984,avaStIn,bevFrtRoadLight
58HU,h0064,0.38109726179391146,scr1984,avaStIn,bevFrtRoadLight
58HU,h0065,0.38091251254081726,scr1984,avaStIn,bevFrtRoadLight
58HU,h0066,0.3439636863768101,scr1984,avaStIn,bevFrtRoadLight
58HU,h0067,0.28451944701373577,scr1984,avaStIn,bevFrtRoadLight
58HU,h0068,0.21315689384937286,scr1984,avaStIn,bevFrtRoadLight
58HU,h0069,0.27737042866647243,scr1984,avaStIn,bevFrtRoadLight
58HU,h0070,0.3466960983350873,scr1984,avaStIn,bevFrtRoadLight
58HU,h0071,0.35073378309607506,scr1984,avaStIn,bevFrtRoadLight
58HU,h0072,0.24701611511409283,scr1984,avaStIn,bevFrtRoadLight
59RO,h0049,0.14072279445827007,scr1984,avaStIn,bevFrtRoadLight
59RO,h0050,0.21039915177971125,scr1984,avaStIn,bevFrtRoadLight
59RO,h0051,0.335214058868587,scr1984,avaStIn,bevFrtRoadLight
59RO,h0052,0.45082905422896147,scr1984,avaStIn,bevFrtRoadLight
59RO,h0053,0.48009718023240566,scr1984,avaStIn,bevFrtRoadLight
59RO,h0054,0.5107157900929451,scr1984,avaStIn,bevFrtRoadLight
59RO,h0055,0.5310100177302957,scr1984,avaStIn,bevFrtRoadLight
59RO,h0056,0.4951993487775326,scr1984,avaStIn,bevFrtRoadLight
59RO,h0057,0.4163423627614975,scr1984,avaStIn,bevFrtRoadLight
59RO,h0058,0.3341202549636364,scr1984,avaStIn,bevFrtRoadLight
59RO,h0059,0.305523419752717,scr1984,avaStIn,bevFrtRoadLight
59RO,h0060,0.41201330441981554,scr1984,avaStIn,bevFrtRoadLight
59RO,h0061,0.48865499161183834,scr1984,avaStIn,bevFrtRoadLight
59RO,h0062,0.5059938253834844,scr1984,avaStIn,bevFrtRoadLight
59RO,h0063,0.45043916907161474,scr1984,avaStIn,bevFrtRoadLight
59RO,h0064,0.38109726179391146,scr1984,avaStIn,bevFrtRoadLight
59RO,h0065,0.38091251254081726,scr1984,avaStIn,bevFrtRoadLight
59RO,h0066,0.3439636863768101,scr1984,avaStIn,bevFrtRoadLight
59RO,h0067,0.28451944701373577,scr1984,avaStIn,bevFrtRoadLight
59RO,h0068,0.21315689384937286,scr1984,avaStIn,bevFrtRoadLight
59RO,h0069,0.27737042866647243,scr1984,avaStIn,bevFrtRoadLight
59RO,h0070,0.3466960983350873,scr1984,avaStIn,bevFrtRoadLight
59RO,h0071,0.35073378309607506,scr1984,avaStIn,bevFrtRoadLight
59RO,h0072,0.24701611511409283,scr1984,avaStIn,bevFrtRoadLight
60RO,h0049,0.14072279445827007,scr1984,avaStIn,bevFrtRoadLight
60RO,h0050,0.21039915177971125,scr1984,avaStIn,bevFrtRoadLight
60RO,h0051,0.335214058868587,scr1984,avaStIn,bevFrtRoadLight
60RO,h0052,0.45082905422896147,scr1984,avaStIn,bevFrtRoadLight
60RO,h0053,0.48009718023240566,scr1984,avaStIn,bevFrtRoadLight
60RO,h0054,0.5107157900929451,scr1984,avaStIn,bevFrtRoadLight
60RO,h0055,0.5310100177302957,scr1984,avaStIn,bevFrtRoadLight
60RO,h0056,0.4951993487775326,scr1984,avaStIn,bevFrtRoadLight
60RO,h0057,0.4163423627614975,scr1984,avaStIn,bevFrtRoadLight
60RO,h0058,0.3341202549636364,scr1984,avaStIn,bevFrtRoadLight
60RO,h0059,0.305523419752717,scr1984,avaStIn,bevFrtRoadLight
60RO,h0060,0.41201330441981554,scr1984,avaStIn,bevFrtRoadLight
60RO,h0061,0.48865499161183834,scr1984,avaStIn,bevFrtRoadLight
60RO,h0062,0.5059938253834844,scr1984,avaStIn,bevFrtRoadLight
60RO,h0063,0.45043916907161474,scr1984,avaStIn,bevFrtRoadLight
60RO,h0064,0.38109726179391146,scr1984,avaStIn,bevFrtRoadLight
60RO,h0065,0.38091251254081726,scr1984,avaStIn,bevFrtRoadLight
60RO,h0066,0.3439636863768101,scr1984,avaStIn,bevFrtRoadLight
60RO,h0067,0.28451944701373577,scr1984,avaStIn,bevFrtRoadLight
60RO,h0068,0.21315689384937286,scr1984,avaStIn,bevFrtRoadLight
60RO,h0069,0.27737042866647243,scr1984,avaStIn,bevFrtRoadLight
60RO,h0070,0.3466960983350873,scr1984,avaStIn,bevFrtRoadLight
60RO,h0071,0.35073378309607506,scr1984,avaStIn,bevFrtRoadLight
60RO,h0072,0.24701611511409283,scr1984,avaStIn,bevFrtRoadLight
61RO,h0049,0.14072279445827007,scr1984,avaStIn,bevFrtRoadLight
61RO,h0050,0.21039915177971125,scr1984,avaStIn,bevFrtRoadLight
61RO,h0051,0.335214058868587,scr1984,avaStIn,bevFrtRoadLight
61RO,h0052,0.45082905422896147,scr1984,avaStIn,bevFrtRoadLight
61RO,h0053,0.48009718023240566,scr1984,avaStIn,bevFrtRoadLight
61RO,h0054,0.5107157900929451,scr1984,avaStIn,bevFrtRoadLight
61RO,h0055,0.5310100177302957,scr1984,avaStIn,bevFrtRoadLight
61RO,h0056,0.4951993487775326,scr1984,avaStIn,bevFrtRoadLight
61RO,h0057,0.4163423627614975,scr1984,avaStIn,bevFrtRoadLight
61RO,h0058,0.3341202549636364,scr1984,avaStIn,bevFrtRoadLight
61RO,h0059,0.305523419752717,scr1984,avaStIn,bevFrtRoadLight
61RO,h0060,0.41201330441981554,scr1984,avaStIn,bevFrtRoadLight
61RO,h0061,0.48865499161183834,scr1984,avaStIn,bevFrtRoadLight
61RO,h0062,0.5059938253834844,scr1984,avaStIn,bevFrtRoadLight
61RO,h0063,0.45043916907161474,scr1984,avaStIn,bevFrtRoadLight
61RO,h0064,0.38109726179391146,scr1984,avaStIn,bevFrtRoadLight
61RO,h0065,0.38091251254081726,scr1984,avaStIn,bevFrtRoadLight
61RO,h0066,0.3439636863768101,scr1984,avaStIn,bevFrtRoadLight
61RO,h0067,0.28451944701373577,scr1984,avaStIn,bevFrtRoadLight
61RO,h0068,0.21315689384937286,scr1984,avaStIn,bevFrtRoadLight
61RO,h0069,0.27737042866647243,scr1984,avaStIn,bevFrtRoadLight
61RO,h0070,0.3466960983350873,scr1984,avaStIn,bevFrtRoadLight
61RO,h0071,0.35073378309607506,scr1984,avaStIn,bevFrtRoadLight
61RO,h0072,0.24701611511409283,scr1984,avaStIn,bevFrtRoadLight
62HR,h0049,0.14072279445827007,scr1984,avaStIn,bevFrtRoadLight
62HR,h0050,0.21039915177971125,scr1984,avaStIn,bevFrtRoadLight
62HR,h0051,0.335214058868587,scr1984,avaStIn,bevFrtRoadLight
62HR,h0052,0.45082905422896147,scr1984,avaStIn,bevFrtRoadLight
62HR,h0053,0.48009718023240566,scr1984,avaStIn,bevFrtRoadLight
62HR,h0054,0.5107157900929451,scr1984,avaStIn,bevFrtRoadLight
62HR,h0055,0.5310100177302957,scr1984,avaStIn,bevFrtRoadLight
62HR,h0056,0.4951993487775326,scr1984,avaStIn,bevFrtRoadLight
62HR,h0057,0.4163423627614975,scr1984,avaStIn,bevFrtRoadLight
62HR,h0058,0.3341202549636364,scr1984,avaStIn,bevFrtRoadLight
62HR,h0059,0.305523419752717,scr1984,avaStIn,bevFrtRoadLight
62HR,h0060,0.41201330441981554,scr1984,avaStIn,bevFrtRoadLight
62HR,h0061,0.48865499161183834,scr1984,avaStIn,bevFrtRoadLight
62HR,h0062,0.5059938253834844,scr1984,avaStIn,bevFrtRoadLight
62HR,h0063,0.45043916907161474,scr1984,avaStIn,bevFrtRoadLight
62HR,h0064,0.38109726179391146,scr1984,avaStIn,bevFrtRoadLight
62HR,h0065,0.38091251254081726,scr1984,avaStIn,bevFrtRoadLight
62HR,h0066,0.3439636863768101,scr1984,avaStIn,bevFrtRoadLight
62HR,h0067,0.28451944701373577,scr1984,avaStIn,bevFrtRoadLight
62HR,h0068,0.21315689384937286,scr1984,avaStIn,bevFrtRoadLight
62HR,h0069,0.27737042866647243,scr1984,avaStIn,bevFrtRoadLight
62HR,h0070,0.3466960983350873,scr1984,avaStIn,bevFrtRoadLight
62HR,h0071,0.35073378309607506,scr1984,avaStIn,bevFrtRoadLight
62HR,h0072,0.24701611511409283,scr1984,avaStIn,bevFrtRoadLight
63BA,h0049,0.14072279445827007,scr1984,avaStIn,bevFrtRoadLight
63BA,h0050,0.21039915177971125,scr1984,avaStIn,bevFrtRoadLight
63BA,h0051,0.335214058868587,scr1984,avaStIn,bevFrtRoadLight
63BA,h0052,0.45082905422896147,scr1984,avaStIn,bevFrtRoadLight
63BA,h0053,0.48009718023240566,scr1984,avaStIn,bevFrtRoadLight
63BA,h0054,0.5107157900929451,scr1984,avaStIn,bevFrtRoadLight
63BA,h0055,0.5310100177302957,scr1984,avaStIn,bevFrtRoadLight
63BA,h0056,0.4951993487775326,scr1984,avaStIn,bevFrtRoadLight
63BA,h0057,0.4163423627614975,scr1984,avaStIn,bevFrtRoadLight
63BA,h0058,0.3341202549636364,scr1984,avaStIn,bevFrtRoadLight
63BA,h0059,0.305523419752717,scr1984,avaStIn,bevFrtRoadLight
63BA,h0060,0.41201330441981554,scr1984,avaStIn,bevFrtRoadLight
63BA,h0061,0.48865499161183834,scr1984,avaStIn,bevFrtRoadLight
63BA,h0062,0.5059938253834844,scr1984,avaStIn,bevFrtRoadLight
63BA,h0063,0.45043916907161474,scr1984,avaStIn,bevFrtRoadLight
63BA,h0064,0.38109726179391146,scr1984,avaStIn,bevFrtRoadLight
63BA,h0065,0.38091251254081726,scr1984,avaStIn,bevFrtRoadLight
63BA,h0066,0.3439636863768101,scr1984,avaStIn,bevFrtRoadLight
63BA,h0067,0.28451944701373577,scr1984,avaStIn,bevFrtRoadLight
63BA,h0068,0.21315689384937286,scr1984,avaStIn,bevFrtRoadLight
63BA,h0069,0.27737042866647243,scr1984,avaStIn,bevFrtRoadLight
63BA,h0070,0.3466960983350873,scr1984,avaStIn,bevFrtRoadLight
63BA,h0071,0.35073378309607506,scr1984,avaStIn,bevFrtRoadLight
63BA,h0072,0.24701611511409283,scr1984,avaStIn,bevFrtRoadLight
64ME,h0049,0.14072279445827007,scr1984,avaStIn,bevFrtRoadLight
64ME,h0050,0.21039915177971125,scr1984,avaStIn,bevFrtRoadLight
64ME,h0051,0.335214058868587,scr1984,avaStIn,bevFrtRoadLight
64ME,h0052,0.45082905422896147,scr1984,avaStIn,bevFrtRoadLight
64ME,h0053,0.48009718023240566,scr1984,avaStIn,bevFrtRoadLight
64ME,h0054,0.5107157900929451,scr1984,avaStIn,bevFrtRoadLight
64ME,h0055,0.5310100177302957,scr1984,avaStIn,bevFrtRoadLight
64ME,h0056,0.4951993487775326,scr1984,avaStIn,bevFrtRoadLight
64ME,h0057,0.4163423627614975,scr1984,avaStIn,bevFrtRoadLight
64ME,h0058,0.3341202549636364,scr1984,avaStIn,bevFrtRoadLight
64ME,h0059,0.305523419752717,scr1984,avaStIn,bevFrtRoadLight
64ME,h0060,0.41201330441981554,scr1984,avaStIn,bevFrtRoadLight
64ME,h0061,0.48865499161183834,scr1984,avaStIn,bevFrtRoadLight
64ME,h0062,0.5059938253834844,scr1984,avaStIn,bevFrtRoadLight
64ME,h0063,0.45043916907161474,scr1984,avaStIn,bevFrtRoadLight
64ME,h0064,0.38109726179391146,scr1984,avaStIn,bevFrtRoadLight
64ME,h0065,0.38091251254081726,scr1984,avaStIn,bevFrtRoadLight
64ME,h0066,0.3439636863768101,scr1984,avaStIn,bevFrtRoadLight
64ME,h0067,0.28451944701373577,scr1984,avaStIn,bevFrtRoadLight
64ME,h0068,0.21315689384937286,scr1984,avaStIn,bevFrtRoadLight
64ME,h0069,0.27737042866647243,scr1984,avaStIn,bevFrtRoadLight
64ME,h0070,0.3466960983350873,scr1984,avaStIn,bevFrtRoadLight
64ME,h0071,0.35073378309607506,scr1984,avaStIn,bevFrtRoadLight
64ME,h0072,0.24701611511409283,scr1984,avaStIn,bevFrtRoadLight
65RS,h0049,0.14072279445827007,scr1984,avaStIn,bevFrtRoadLight
65RS,h0050,0.21039915177971125,scr1984,avaStIn,bevFrtRoadLight
65RS,h0051,0.335214058868587,scr1984,avaStIn,bevFrtRoadLight
65RS,h0052,0.45082905422896147,scr1984,avaStIn,bevFrtRoadLight
65RS,h0053,0.48009718023240566,scr1984,avaStIn,bevFrtRoadLight
65RS,h0054,0.5107157900929451,scr1984,avaStIn,bevFrtRoadLight
65RS,h0055,0.5310100177302957,scr1984,avaStIn,bevFrtRoadLight
65RS,h0056,0.4951993487775326,scr1984,avaStIn,bevFrtRoadLight
65RS,h0057,0.4163423627614975,scr1984,avaStIn,bevFrtRoadLight
65RS,h0058,0.3341202549636364,scr1984,avaStIn,bevFrtRoadLight
65RS,h0059,0.305523419752717,scr1984,avaStIn,bevFrtRoadLight
65RS,h0060,0.41201330441981554,scr1984,avaStIn,bevFrtRoadLight
65RS,h0061,0.48865499161183834,scr1984,avaStIn,bevFrtRoadLight
65RS,h0062,0.5059938253834844,scr1984,avaStIn,bevFrtRoadLight
65RS,h0063,0.45043916907161474,scr1984,avaStIn,bevFrtRoadLight
65RS,h0064,0.38109726179391146,scr1984,avaStIn,bevFrtRoadLight
65RS,h0065,0.38091251254081726,scr1984,avaStIn,bevFrtRoadLight
65RS,h0066,0.3439636863768101,scr1984,avaStIn,bevFrtRoadLight
65RS,h0067,0.28451944701373577,scr1984,avaStIn,bevFrtRoadLight
65RS,h0068,0.21315689384937286,scr1984,avaStIn,bevFrtRoadLight
65RS,h0069,0.27737042866647243,scr1984,avaStIn,bevFrtRoadLight
65RS,h0070,0.3466960983350873,scr1984,avaStIn,bevFrtRoadLight
65RS,h0071,0.35073378309607506,scr1984,avaStIn,bevFrtRoadLight
65RS,h0072,0.24701611511409283,scr1984,avaStIn,bevFrtRoadLight
66BG,h0049,0.14072279445827007,scr1984,avaStIn,bevFrtRoadLight
66BG,h0050,0.21039915177971125,scr1984,avaStIn,bevFrtRoadLight
66BG,h0051,0.335214058868587,scr1984,avaStIn,bevFrtRoadLight
66BG,h0052,0.45082905422896147,scr1984,avaStIn,bevFrtRoadLight
66BG,h0053,0.48009718023240566,scr1984,avaStIn,bevFrtRoadLight
66BG,h0054,0.5107157900929451,scr1984,avaStIn,bevFrtRoadLight
66BG,h0055,0.5310100177302957,scr1984,avaStIn,bevFrtRoadLight
66BG,h0056,0.4951993487775326,scr1984,avaStIn,bevFrtRoadLight
66BG,h0057,0.4163423627614975,scr1984,avaStIn,bevFrtRoadLight
66BG,h0058,0.3341202549636364,scr1984,avaStIn,bevFrtRoadLight
66BG,h0059,0.305523419752717,scr1984,avaStIn,bevFrtRoadLight
66BG,h0060,0.41201330441981554,scr1984,avaStIn,bevFrtRoadLight
66BG,h0061,0.48865499161183834,scr1984,avaStIn,bevFrtRoadLight
66BG,h0062,0.5059938253834844,scr1984,avaStIn,bevFrtRoadLight
66BG,h0063,0.45043916907161474,scr1984,avaStIn,bevFrtRoadLight
66BG,h0064,0.38109726179391146,scr1984,avaStIn,bevFrtRoadLight
66BG,h0065,0.38091251254081726,scr1984,avaStIn,bevFrtRoadLight
66BG,h0066,0.3439636863768101,scr1984,avaStIn,bevFrtRoadLight
66BG,h0067,0.28451944701373577,scr1984,avaStIn,bevFrtRoadLight
66BG,h0068,0.21315689384937286,scr1984,avaStIn,bevFrtRoadLight
66BG,h0069,0.27737042866647243,scr1984,avaStIn,bevFrtRoadLight
66BG,h0070,0.3466960983350873,scr1984,avaStIn,bevFrtRoadLight
66BG,h0071,0.35073378309607506,scr1984,avaStIn,bevFrtRoadLight
66BG,h0072,0.24701611511409283,scr1984,avaStIn,bevFrtRoadLight
67MK,h0049,0.14072279445827007,scr1984,avaStIn,bevFrtRoadLight
67MK,h0050,0.21039915177971125,scr1984,avaStIn,bevFrtRoadLight
67MK,h0051,0.335214058868587,scr1984,avaStIn,bevFrtRoadLight
67MK,h0052,0.45082905422896147,scr1984,avaStIn,bevFrtRoadLight
67MK,h0053,0.48009718023240566,scr1984,avaStIn,bevFrtRoadLight
67MK,h0054,0.5107157900929451,scr1984,avaStIn,bevFrtRoadLight
67MK,h0055,0.5310100177302957,scr1984,avaStIn,bevFrtRoadLight
67MK,h0056,0.4951993487775326,scr1984,avaStIn,bevFrtRoadLight
67MK,h0057,0.4163423627614975,scr1984,avaStIn,bevFrtRoadLight
67MK,h0058,0.3341202549636364,scr1984,avaStIn,bevFrtRoadLight
67MK,h0059,0.305523419752717,scr1984,avaStIn,bevFrtRoadLight
67MK,h0060,0.41201330441981554,scr1984,avaStIn,bevFrtRoadLight
67MK,h0061,0.48865499161183834,scr1984,avaStIn,bevFrtRoadLight
67MK,h0062,0.5059938253834844,scr1984,avaStIn,bevFrtRoadLight
67MK,h0063,0.45043916907161474,scr1984,avaStIn,bevFrtRoadLight
67MK,h0064,0.38109726179391146,scr1984,avaStIn,bevFrtRoadLight
67MK,h0065,0.38091251254081726,scr1984,avaStIn,bevFrtRoadLight
67MK,h0066,0.3439636863768101,scr1984,avaStIn,bevFrtRoadLight
67MK,h0067,0.28451944701373577,scr1984,avaStIn,bevFrtRoadLight
67MK,h0068,0.21315689384937286,scr1984,avaStIn,bevFrtRoadLight
67MK,h0069,0.27737042866647243,scr1984,avaStIn,bevFrtRoadLight
67MK,h0070,0.3466960983350873,scr1984,avaStIn,bevFrtRoadLight
67MK,h0071,0.35073378309607506,scr1984,avaStIn,bevFrtRoadLight
67MK,h0072,0.24701611511409283,scr1984,avaStIn,bevFrtRoadLight
68GR,h0049,0.14072279445827007,scr1984,avaStIn,bevFrtRoadLight
68GR,h0050,0.21039915177971125,scr1984,avaStIn,bevFrtRoadLight
68GR,h0051,0.335214058868587,scr1984,avaStIn,bevFrtRoadLight
68GR,h0052,0.45082905422896147,scr1984,avaStIn,bevFrtRoadLight
68GR,h0053,0.48009718023240566,scr1984,avaStIn,bevFrtRoadLight
68GR,h0054,0.5107157900929451,scr1984,avaStIn,bevFrtRoadLight
68GR,h0055,0.5310100177302957,scr1984,avaStIn,bevFrtRoadLight
68GR,h0056,0.4951993487775326,scr1984,avaStIn,bevFrtRoadLight
68GR,h0057,0.4163423627614975,scr1984,avaStIn,bevFrtRoadLight
68GR,h0058,0.3341202549636364,scr1984,avaStIn,bevFrtRoadLight
68GR,h0059,0.305523419752717,scr1984,avaStIn,bevFrtRoadLight
68GR,h0060,0.41201330441981554,scr1984,avaStIn,bevFrtRoadLight
68GR,h0061,0.48865499161183834,scr1984,avaStIn,bevFrtRoadLight
68GR,h0062,0.5059938253834844,scr1984,avaStIn,bevFrtRoadLight
68GR,h0063,0.45043916907161474,scr1984,avaStIn,bevFrtRoadLight
68GR,h0064,0.38109726179391146,scr1984,avaStIn,bevFrtRoadLight
68GR,h0065,0.38091251254081726,scr1984,avaStIn,bevFrtRoadLight
68GR,h0066,0.3439636863768101,scr1984,avaStIn,bevFrtRoadLight
68GR,h0067,0.28451944701373577,scr1984,avaStIn,bevFrtRoadLight
68GR,h0068,0.21315689384937286,scr1984,avaStIn,bevFrtRoadLight
68GR,h0069,0.27737042866647243,scr1984,avaStIn,bevFrtRoadLight
68GR,h0070,0.3466960983350873,scr1984,avaStIn,bevFrtRoadLight
68GR,h0071,0.35073378309607506,scr1984,avaStIn,bevFrtRoadLight
68GR,h0072,0.24701611511409283,scr1984,avaStIn,bevFrtRoadLight
69GR,h0049,0.14072279445827007,scr1984,avaStIn,bevFrtRoadLight
69GR,h0050,0.21039915177971125,scr1984,avaStIn,bevFrtRoadLight
69GR,h0051,0.335214058868587,scr1984,avaStIn,bevFrtRoadLight
69GR,h0052,0.45082905422896147,scr1984,avaStIn,bevFrtRoadLight
69GR,h0053,0.48009718023240566,scr1984,avaStIn,bevFrtRoadLight
69GR,h0054,0.5107157900929451,scr1984,avaStIn,bevFrtRoadLight
69GR,h0055,0.5310100177302957,scr1984,avaStIn,bevFrtRoadLight
69GR,h0056,0.4951993487775326,scr1984,avaStIn,bevFrtRoadLight
69GR,h0057,0.4163423627614975,scr1984,avaStIn,bevFrtRoadLight
69GR,h0058,0.3341202549636364,scr1984,avaStIn,bevFrtRoadLight
69GR,h0059,0.305523419752717,scr1984,avaStIn,bevFrtRoadLight
69GR,h0060,0.41201330441981554,scr1984,avaStIn,bevFrtRoadLight
69GR,h0061,0.48865499161183834,scr1984,avaStIn,bevFrtRoadLight
69GR,h0062,0.5059938253834844,scr1984,avaStIn,bevFrtRoadLight
69GR,h0063,0.45043916907161474,scr1984,avaStIn,bevFrtRoadLight
69GR,h0064,0.38109726179391146,scr1984,avaStIn,bevFrtRoadLight
69GR,h0065,0.38091251254081726,scr1984,avaStIn,bevFrtRoadLight
69GR,h0066,0.3439636863768101,scr1984,avaStIn,bevFrtRoadLight
69GR,h0067,0.28451944701373577,scr1984,avaStIn,bevFrtRoadLight
69GR,h0068,0.21315689384937286,scr1984,avaStIn,bevFrtRoadLight
69GR,h0069,0.27737042866647243,scr1984,avaStIn,bevFrtRoadLight
69GR,h0070,0.3466960983350873,scr1984,avaStIn,bevFrtRoadLight
69GR,h0071,0.35073378309607506,scr1984,avaStIn,bevFrtRoadLight
69GR,h0072,0.24701611511409283,scr1984,avaStIn,bevFrtRoadLight
70AL,h0049,0.14072279445827007,scr1984,avaStIn,bevFrtRoadLight
70AL,h0050,0.21039915177971125,scr1984,avaStIn,bevFrtRoadLight
70AL,h0051,0.335214058868587,scr1984,avaStIn,bevFrtRoadLight
70AL,h0052,0.45082905422896147,scr1984,avaStIn,bevFrtRoadLight
70AL,h0053,0.48009718023240566,scr1984,avaStIn,bevFrtRoadLight
70AL,h0054,0.5107157900929451,scr1984,avaStIn,bevFrtRoadLight
70AL,h0055,0.5310100177302957,scr1984,avaStIn,bevFrtRoadLight
70AL,h0056,0.4951993487775326,scr1984,avaStIn,bevFrtRoadLight
70AL,h0057,0.4163423627614975,scr1984,avaStIn,bevFrtRoadLight
70AL,h0058,0.3341202549636364,scr1984,avaStIn,bevFrtRoadLight
70AL,h0059,0.305523419752717,scr1984,avaStIn,bevFrtRoadLight
70AL,h0060,0.41201330441981554,scr1984,avaStIn,bevFrtRoadLight
70AL,h0061,0.48865499161183834,scr1984,avaStIn,bevFrtRoadLight
70AL,h0062,0.5059938253834844,scr1984,avaStIn,bevFrtRoadLight
70AL,h0063,0.45043916907161474,scr1984,avaStIn,bevFrtRoadLight
70AL,h0064,0.38109726179391146,scr1984,avaStIn,bevFrtRoadLight
70AL,h0065,0.38091251254081726,scr1984,avaStIn,bevFrtRoadLight
70AL,h0066,0.3439636863768101,scr1984,avaStIn,bevFrtRoadLight
70AL,h0067,0.28451944701373577,scr1984,avaStIn,bevFrtRoadLight
70AL,h0068,0.21315689384937286,scr1984,avaStIn,bevFrtRoadLight
70AL,h0069,0.27737042866647243,scr1984,avaStIn,bevFrtRoadLight
70AL,h0070,0.3466960983350873,scr1984,avaStIn,bevFrtRoadLight
70AL,h0071,0.35073378309607506,scr1984,avaStIn,bevFrtRoadLight
70AL,h0072,0.24701611511409283,scr1984,avaStIn,bevFrtRoadLight
72DK,h0049,0.14072279445827007,scr1984,avaStIn,bevFrtRoadLight
72DK,h0050,0.21039915177971125,scr1984,avaStIn,bevFrtRoadLight
72DK,h0051,0.335214058868587,scr1984,avaStIn,bevFrtRoadLight
72DK,h0052,0.45082905422896147,scr1984,avaStIn,bevFrtRoadLight
72DK,h0053,0.48009718023240566,scr1984,avaStIn,bevFrtRoadLight
72DK,h0054,0.5107157900929451,scr1984,avaStIn,bevFrtRoadLight
72DK,h0055,0.5310100177302957,scr1984,avaStIn,bevFrtRoadLight
72DK,h0056,0.4951993487775326,scr1984,avaStIn,bevFrtRoadLight
72DK,h0057,0.4163423627614975,scr1984,avaStIn,bevFrtRoadLight
72DK,h0058,0.3341202549636364,scr1984,avaStIn,bevFrtRoadLight
72DK,h0059,0.305523419752717,scr1984,avaStIn,bevFrtRoadLight
72DK,h0060,0.41201330441981554,scr1984,avaStIn,bevFrtRoadLight
72DK,h0061,0.48865499161183834,scr1984,avaStIn,bevFrtRoadLight
72DK,h0062,0.5059938253834844,scr1984,avaStIn,bevFrtRoadLight
72DK,h0063,0.45043916907161474,scr1984,avaStIn,bevFrtRoadLight
72DK,h0064,0.38109726179391146,scr1984,avaStIn,bevFrtRoadLight
72DK,h0065,0.38091251254081726,scr1984,avaStIn,bevFrtRoadLight
72DK,h0066,0.3439636863768101,scr1984,avaStIn,bevFrtRoadLight
72DK,h0067,0.28451944701373577,scr1984,avaStIn,bevFrtRoadLight
72DK,h0068,0.21315689384937286,scr1984,avaStIn,bevFrtRoadLight
72DK,h0069,0.27737042866647243,scr1984,avaStIn,bevFrtRoadLight
72DK,h0070,0.3466960983350873,scr1984,avaStIn,bevFrtRoadLight
72DK,h0071,0.35073378309607506,scr1984,avaStIn,bevFrtRoadLight
72DK,h0072,0.24701611511409283,scr1984,avaStIn,bevFrtRoadLight
73EE,h0049,0.14072279445827007,scr1984,avaStIn,bevFrtRoadLight
73EE,h0050,0.21039915177971125,scr1984,avaStIn,bevFrtRoadLight
73EE,h0051,0.335214058868587,scr1984,avaStIn,bevFrtRoadLight
73EE,h0052,0.45082905422896147,scr1984,avaStIn,bevFrtRoadLight
73EE,h0053,0.48009718023240566,scr1984,avaStIn,bevFrtRoadLight
73EE,h0054,0.5107157900929451,scr1984,avaStIn,bevFrtRoadLight
73EE,h0055,0.5310100177302957,scr1984,avaStIn,bevFrtRoadLight
73EE,h0056,0.4951993487775326,scr1984,avaStIn,bevFrtRoadLight
73EE,h0057,0.4163423627614975,scr1984,avaStIn,bevFrtRoadLight
73EE,h0058,0.3341202549636364,scr1984,avaStIn,bevFrtRoadLight
73EE,h0059,0.305523419752717,scr1984,avaStIn,bevFrtRoadLight
73EE,h0060,0.41201330441981554,scr1984,avaStIn,bevFrtRoadLight
73EE,h0061,0.48865499161183834,scr1984,avaStIn,bevFrtRoadLight
73EE,h0062,0.5059938253834844,scr1984,avaStIn,bevFrtRoadLight
73EE,h0063,0.45043916907161474,scr1984,avaStIn,bevFrtRoadLight
73EE,h0064,0.38109726179391146,scr1984,avaStIn,bevFrtRoadLight
73EE,h0065,0.38091251254081726,scr1984,avaStIn,bevFrtRoadLight
73EE,h0066,0.3439636863768101,scr1984,avaStIn,bevFrtRoadLight
73EE,h0067,0.28451944701373577,scr1984,avaStIn,bevFrtRoadLight
73EE,h0068,0.21315689384937286,scr1984,avaStIn,bevFrtRoadLight
73EE,h0069,0.27737042866647243,scr1984,avaStIn,bevFrtRoadLight
73EE,h0070,0.3466960983350873,scr1984,avaStIn,bevFrtRoadLight
73EE,h0071,0.35073378309607506,scr1984,avaStIn,bevFrtRoadLight
73EE,h0072,0.24701611511409283,scr1984,avaStIn,bevFrtRoadLight
74FI,h0049,0.14072279445827007,scr1984,avaStIn,bevFrtRoadLight
74FI,h0050,0.21039915177971125,scr1984,avaStIn,bevFrtRoadLight
74FI,h0051,0.335214058868587,scr1984,avaStIn,bevFrtRoadLight
74FI,h0052,0.45082905422896147,scr1984,avaStIn,bevFrtRoadLight
74FI,h0053,0.48009718023240566,scr1984,avaStIn,bevFrtRoadLight
74FI,h0054,0.5107157900929451,scr1984,avaStIn,bevFrtRoadLight
74FI,h0055,0.5310100177302957,scr1984,avaStIn,bevFrtRoadLight
74FI,h0056,0.4951993487775326,scr1984,avaStIn,bevFrtRoadLight
74FI,h0057,0.4163423627614975,scr1984,avaStIn,bevFrtRoadLight
74FI,h0058,0.3341202549636364,scr1984,avaStIn,bevFrtRoadLight
74FI,h0059,0.305523419752717,scr1984,avaStIn,bevFrtRoadLight
74FI,h0060,0.41201330441981554,scr1984,avaStIn,bevFrtRoadLight
74FI,h0061,0.48865499161183834,scr1984,avaStIn,bevFrtRoadLight
74FI,h0062,0.5059938253834844,scr1984,avaStIn,bevFrtRoadLight
74FI,h0063,0.45043916907161474,scr1984,avaStIn,bevFrtRoadLight
74FI,h0064,0.38109726179391146,scr1984,avaStIn,bevFrtRoadLight
74FI,h0065,0.38091251254081726,scr1984,avaStIn,bevFrtRoadLight
74FI,h0066,0.3439636863768101,scr1984,avaStIn,bevFrtRoadLight
74FI,h0067,0.28451944701373577,scr1984,avaStIn,bevFrtRoadLight
74FI,h0068,0.21315689384937286,scr1984,avaStIn,bevFrtRoadLight
74FI,h0069,0.27737042866647243,scr1984,avaStIn,bevFrtRoadLight
74FI,h0070,0.3466960983350873,scr1984,avaStIn,bevFrtRoadLight
74FI,h0071,0.35073378309607506,scr1984,avaStIn,bevFrtRoadLight
74FI,h0072,0.24701611511409283,scr1984,avaStIn,bevFrtRoadLight
75FI,h0049,0.14072279445827007,scr1984,avaStIn,bevFrtRoadLight
75FI,h0050,0.21039915177971125,scr1984,avaStIn,bevFrtRoadLight
75FI,h0051,0.335214058868587,scr1984,avaStIn,bevFrtRoadLight
75FI,h0052,0.45082905422896147,scr1984,avaStIn,bevFrtRoadLight
75FI,h0053,0.48009718023240566,scr1984,avaStIn,bevFrtRoadLight
75FI,h0054,0.5107157900929451,scr1984,avaStIn,bevFrtRoadLight
75FI,h0055,0.5310100177302957,scr1984,avaStIn,bevFrtRoadLight
75FI,h0056,0.4951993487775326,scr1984,avaStIn,bevFrtRoadLight
75FI,h0057,0.4163423627614975,scr1984,avaStIn,bevFrtRoadLight
75FI,h0058,0.3341202549636364,scr1984,avaStIn,bevFrtRoadLight
75FI,h0059,0.305523419752717,scr1984,avaStIn,bevFrtRoadLight
75FI,h0060,0.41201330441981554,scr1984,avaStIn,bevFrtRoadLight
75FI,h0061,0.48865499161183834,scr1984,avaStIn,bevFrtRoadLight
75FI,h0062,0.5059938253834844,scr1984,avaStIn,bevFrtRoadLight
75FI,h0063,0.45043916907161474,scr1984,avaStIn,bevFrtRoadLight
75FI,h0064,0.38109726179391146,scr1984,avaStIn,bevFrtRoadLight
75FI,h0065,0.38091251254081726,scr1984,avaStIn,bevFrtRoadLight
75FI,h0066,0.3439636863768101,scr1984,avaStIn,bevFrtRoadLight
75FI,h0067,0.28451944701373577,scr1984,avaStIn,bevFrtRoadLight
75FI,h0068,0.21315689384937286,scr1984,avaStIn,bevFrtRoadLight
75FI,h0069,0.27737042866647243,scr1984,avaStIn,bevFrtRoadLight
75FI,h0070,0.3466960983350873,scr1984,avaStIn,bevFrtRoadLight
75FI,h0071,0.35073378309607506,scr1984,avaStIn,bevFrtRoadLight
75FI,h0072,0.24701611511409283,scr1984,avaStIn,bevFrtRoadLight
77LT,h0049,0.14072279445827007,scr1984,avaStIn,bevFrtRoadLight
77LT,h0050,0.21039915177971125,scr1984,avaStIn,bevFrtRoadLight
77LT,h0051,0.335214058868587,scr1984,avaStIn,bevFrtRoadLight
77LT,h0052,0.45082905422896147,scr1984,avaStIn,bevFrtRoadLight
77LT,h0053,0.48009718023240566,scr1984,avaStIn,bevFrtRoadLight
77LT,h0054,0.5107157900929451,scr1984,avaStIn,bevFrtRoadLight
77LT,h0055,0.5310100177302957,scr1984,avaStIn,bevFrtRoadLight
77LT,h0056,0.4951993487775326,scr1984,avaStIn,bevFrtRoadLight
77LT,h0057,0.4163423627614975,scr1984,avaStIn,bevFrtRoadLight
77LT,h0058,0.3341202549636364,scr1984,avaStIn,bevFrtRoadLight
77LT,h0059,0.305523419752717,scr1984,avaStIn,bevFrtRoadLight
77LT,h0060,0.41201330441981554,scr1984,avaStIn,bevFrtRoadLight
77LT,h0061,0.48865499161183834,scr1984,avaStIn,bevFrtRoadLight
77LT,h0062,0.5059938253834844,scr1984,avaStIn,bevFrtRoadLight
77LT,h0063,0.45043916907161474,scr1984,avaStIn,bevFrtRoadLight
77LT,h0064,0.38109726179391146,scr1984,avaStIn,bevFrtRoadLight
77LT,h0065,0.38091251254081726,scr1984,avaStIn,bevFrtRoadLight
77LT,h0066,0.3439636863768101,scr1984,avaStIn,bevFrtRoadLight
77LT,h0067,0.28451944701373577,scr1984,avaStIn,bevFrtRoadLight
77LT,h0068,0.21315689384937286,scr1984,avaStIn,bevFrtRoadLight
77LT,h0069,0.27737042866647243,scr1984,avaStIn,bevFrtRoadLight
77LT,h0070,0.3466960983350873,scr1984,avaStIn,bevFrtRoadLight
77LT,h0071,0.35073378309607506,scr1984,avaStIn,bevFrtRoadLight
77LT,h0072,0.24701611511409283,scr1984,avaStIn,bevFrtRoadLight
78LV,h0049,0.14072279445827007,scr1984,avaStIn,bevFrtRoadLight
78LV,h0050,0.21039915177971125,scr1984,avaStIn,bevFrtRoadLight
78LV,h0051,0.335214058868587,scr1984,avaStIn,bevFrtRoadLight
78LV,h0052,0.45082905422896147,scr1984,avaStIn,bevFrtRoadLight
78LV,h0053,0.48009718023240566,scr1984,avaStIn,bevFrtRoadLight
78LV,h0054,0.5107157900929451,scr1984,avaStIn,bevFrtRoadLight
78LV,h0055,0.5310100177302957,scr1984,avaStIn,bevFrtRoadLight
78LV,h0056,0.4951993487775326,scr1984,avaStIn,bevFrtRoadLight
78LV,h0057,0.4163423627614975,scr1984,avaStIn,bevFrtRoadLight
78LV,h0058,0.3341202549636364,scr1984,avaStIn,bevFrtRoadLight
78LV,h0059,0.305523419752717,scr1984,avaStIn,bevFrtRoadLight
78LV,h0060,0.41201330441981554,scr1984,avaStIn,bevFrtRoadLight
78LV,h0061,0.48865499161183834,scr1984,avaStIn,bevFrtRoadLight
78LV,h0062,0.5059938253834844,scr1984,avaStIn,bevFrtRoadLight
78LV,h0063,0.45043916907161474,scr1984,avaStIn,bevFrtRoadLight
78LV,h0064,0.38109726179391146,scr1984,avaStIn,bevFrtRoadLight
78LV,h0065,0.38091251254081726,scr1984,avaStIn,bevFrtRoadLight
78LV,h0066,0.3439636863768101,scr1984,avaStIn,bevFrtRoadLight
78LV,h0067,0.28451944701373577,scr1984,avaStIn,bevFrtRoadLight
78LV,h0068,0.21315689384937286,scr1984,avaStIn,bevFrtRoadLight
78LV,h0069,0.27737042866647243,scr1984,avaStIn,bevFrtRoadLight
78LV,h0070,0.3466960983350873,scr1984,avaStIn,bevFrtRoadLight
78LV,h0071,0.35073378309607506,scr1984,avaStIn,bevFrtRoadLight
78LV,h0072,0.24701611511409283,scr1984,avaStIn,bevFrtRoadLight
79NO,h0049,0.14072279445827007,scr1984,avaStIn,bevFrtRoadLight
79NO,h0050,0.21039915177971125,scr1984,avaStIn,bevFrtRoadLight
79NO,h0051,0.335214058868587,scr1984,avaStIn,bevFrtRoadLight
79NO,h0052,0.45082905422896147,scr1984,avaStIn,bevFrtRoadLight
79NO,h0053,0.48009718023240566,scr1984,avaStIn,bevFrtRoadLight
79NO,h0054,0.5107157900929451,scr1984,avaStIn,bevFrtRoadLight
79NO,h0055,0.5310100177302957,scr1984,avaStIn,bevFrtRoadLight
79NO,h0056,0.4951993487775326,scr1984,avaStIn,bevFrtRoadLight
79NO,h0057,0.4163423627614975,scr1984,avaStIn,bevFrtRoadLight
79NO,h0058,0.3341202549636364,scr1984,avaStIn,bevFrtRoadLight
79NO,h0059,0.305523419752717,scr1984,avaStIn,bevFrtRoadLight
79NO,h0060,0.41201330441981554,scr1984,avaStIn,bevFrtRoadLight
79NO,h0061,0.48865499161183834,scr1984,avaStIn,bevFrtRoadLight
79NO,h0062,0.5059938253834844,scr1984,avaStIn,bevFrtRoadLight
79NO,h0063,0.45043916907161474,scr1984,avaStIn,bevFrtRoadLight
79NO,h0064,0.38109726179391146,scr1984,avaStIn,bevFrtRoadLight
79NO,h0065,0.38091251254081726,scr1984,avaStIn,bevFrtRoadLight
79NO,h0066,0.3439636863768101,scr1984,avaStIn,bevFrtRoadLight
79NO,h0067,0.28451944701373577,scr1984,avaStIn,bevFrtRoadLight
79NO,h0068,0.21315689384937286,scr1984,avaStIn,bevFrtRoadLight
79NO,h0069,0.27737042866647243,scr1984,avaStIn,bevFrtRoadLight
79NO,h0070,0.3466960983350873,scr1984,avaStIn,bevFrtRoadLight
79NO,h0071,0.35073378309607506,scr1984,avaStIn,bevFrtRoadLight
79NO,h0072,0.24701611511409283,scr1984,avaStIn,bevFrtRoadLight
80NO,h0049,0.14072279445827007,scr1984,avaStIn,bevFrtRoadLight
80NO,h0050,0.21039915177971125,scr1984,avaStIn,bevFrtRoadLight
80NO,h0051,0.335214058868587,scr1984,avaStIn,bevFrtRoadLight
80NO,h0052,0.45082905422896147,scr1984,avaStIn,bevFrtRoadLight
80NO,h0053,0.48009718023240566,scr1984,avaStIn,bevFrtRoadLight
80NO,h0054,0.5107157900929451,scr1984,avaStIn,bevFrtRoadLight
80NO,h0055,0.5310100177302957,scr1984,avaStIn,bevFrtRoadLight
80NO,h0056,0.4951993487775326,scr1984,avaStIn,bevFrtRoadLight
80NO,h0057,0.4163423627614975,scr1984,avaStIn,bevFrtRoadLight
80NO,h0058,0.3341202549636364,scr1984,avaStIn,bevFrtRoadLight
80NO,h0059,0.305523419752717,scr1984,avaStIn,bevFrtRoadLight
80NO,h0060,0.41201330441981554,scr1984,avaStIn,bevFrtRoadLight
80NO,h0061,0.48865499161183834,scr1984,avaStIn,bevFrtRoadLight
80NO,h0062,0.5059938253834844,scr1984,avaStIn,bevFrtRoadLight
80NO,h0063,0.45043916907161474,scr1984,avaStIn,bevFrtRoadLight
80NO,h0064,0.38109726179391146,scr1984,avaStIn,bevFrtRoadLight
80NO,h0065,0.38091251254081726,scr1984,avaStIn,bevFrtRoadLight
80NO,h0066,0.3439636863768101,scr1984,avaStIn,bevFrtRoadLight
80NO,h0067,0.28451944701373577,scr1984,avaStIn,bevFrtRoadLight
80NO,h0068,0.21315689384937286,scr1984,avaStIn,bevFrtRoadLight
80NO,h0069,0.27737042866647243,scr1984,avaStIn,bevFrtRoadLight
80NO,h0070,0.3466960983350873,scr1984,avaStIn,bevFrtRoadLight
80NO,h0071,0.35073378309607506,scr1984,avaStIn,bevFrtRoadLight
80NO,h0072,0.24701611511409283,scr1984,avaStIn,bevFrtRoadLight
81NO,h0049,0.14072279445827007,scr1984,avaStIn,bevFrtRoadLight
81NO,h0050,0.21039915177971125,scr1984,avaStIn,bevFrtRoadLight
81NO,h0051,0.335214058868587,scr1984,avaStIn,bevFrtRoadLight
81NO,h0052,0.45082905422896147,scr1984,avaStIn,bevFrtRoadLight
81NO,h0053,0.48009718023240566,scr1984,avaStIn,bevFrtRoadLight
81NO,h0054,0.5107157900929451,scr1984,avaStIn,bevFrtRoadLight
81NO,h0055,0.5310100177302957,scr1984,avaStIn,bevFrtRoadLight
81NO,h0056,0.4951993487775326,scr1984,avaStIn,bevFrtRoadLight
81NO,h0057,0.4163423627614975,scr1984,avaStIn,bevFrtRoadLight
81NO,h0058,0.3341202549636364,scr1984,avaStIn,bevFrtRoadLight
81NO,h0059,0.305523419752717,scr1984,avaStIn,bevFrtRoadLight
81NO,h0060,0.41201330441981554,scr1984,avaStIn,bevFrtRoadLight
81NO,h0061,0.48865499161183834,scr1984,avaStIn,bevFrtRoadLight
81NO,h0062,0.5059938253834844,scr1984,avaStIn,bevFrtRoadLight
81NO,h0063,0.45043916907161474,scr1984,avaStIn,bevFrtRoadLight
81NO,h0064,0.38109726179391146,scr1984,avaStIn,bevFrtRoadLight
81NO,h0065,0.38091251254081726,scr1984,avaStIn,bevFrtRoadLight
81NO,h0066,0.3439636863768101,scr1984,avaStIn,bevFrtRoadLight
81NO,h0067,0.28451944701373577,scr1984,avaStIn,bevFrtRoadLight
81NO,h0068,0.21315689384937286,scr1984,avaStIn,bevFrtRoadLight
81NO,h0069,0.27737042866647243,scr1984,avaStIn,bevFrtRoadLight
81NO,h0070,0.3466960983350873,scr1984,avaStIn,bevFrtRoadLight
81NO,h0071,0.35073378309607506,scr1984,avaStIn,bevFrtRoadLight
81NO,h0072,0.24701611511409283,scr1984,avaStIn,bevFrtRoadLight
82NO,h0049,0.14072279445827007,scr1984,avaStIn,bevFrtRoadLight
82NO,h0050,0.21039915177971125,scr1984,avaStIn,bevFrtRoadLight
82NO,h0051,0.335214058868587,scr1984,avaStIn,bevFrtRoadLight
82NO,h0052,0.45082905422896147,scr1984,avaStIn,bevFrtRoadLight
82NO,h0053,0.48009718023240566,scr1984,avaStIn,bevFrtRoadLight
82NO,h0054,0.5107157900929451,scr1984,avaStIn,bevFrtRoadLight
82NO,h0055,0.5310100177302957,scr1984,avaStIn,bevFrtRoadLight
82NO,h0056,0.4951993487775326,scr1984,avaStIn,bevFrtRoadLight
82NO,h0057,0.4163423627614975,scr1984,avaStIn,bevFrtRoadLight
82NO,h0058,0.3341202549636364,scr1984,avaStIn,bevFrtRoadLight
82NO,h0059,0.305523419752717,scr1984,avaStIn,bevFrtRoadLight
82NO,h0060,0.41201330441981554,scr1984,avaStIn,bevFrtRoadLight
82NO,h0061,0.48865499161183834,scr1984,avaStIn,bevFrtRoadLight
82NO,h0062,0.5059938253834844,scr1984,avaStIn,bevFrtRoadLight
82NO,h0063,0.45043916907161474,scr1984,avaStIn,bevFrtRoadLight
82NO,h0064,0.38109726179391146,scr1984,avaStIn,bevFrtRoadLight
82NO,h0065,0.38091251254081726,scr1984,avaStIn,bevFrtRoadLight
82NO,h0066,0.3439636863768101,scr1984,avaStIn,bevFrtRoadLight
82NO,h0067,0.28451944701373577,scr1984,avaStIn,bevFrtRoadLight
82NO,h0068,0.21315689384937286,scr1984,avaStIn,bevFrtRoadLight
82NO,h0069,0.27737042866647243,scr1984,avaStIn,bevFrtRoadLight
82NO,h0070,0.3466960983350873,scr1984,avaStIn,bevFrtRoadLight
82NO,h0071,0.35073378309607506,scr1984,avaStIn,bevFrtRoadLight
82NO,h0072,0.24701611511409283,scr1984,avaStIn,bevFrtRoadLight
83NO,h0049,0.14072279445827007,scr1984,avaStIn,bevFrtRoadLight
83NO,h0050,0.21039915177971125,scr1984,avaStIn,bevFrtRoadLight
83NO,h0051,0.335214058868587,scr1984,avaStIn,bevFrtRoadLight
83NO,h0052,0.45082905422896147,scr1984,avaStIn,bevFrtRoadLight
83NO,h0053,0.48009718023240566,scr1984,avaStIn,bevFrtRoadLight
83NO,h0054,0.5107157900929451,scr1984,avaStIn,bevFrtRoadLight
83NO,h0055,0.5310100177302957,scr1984,avaStIn,bevFrtRoadLight
83NO,h0056,0.4951993487775326,scr1984,avaStIn,bevFrtRoadLight
83NO,h0057,0.4163423627614975,scr1984,avaStIn,bevFrtRoadLight
83NO,h0058,0.3341202549636364,scr1984,avaStIn,bevFrtRoadLight
83NO,h0059,0.305523419752717,scr1984,avaStIn,bevFrtRoadLight
83NO,h0060,0.41201330441981554,scr1984,avaStIn,bevFrtRoadLight
83NO,h0061,0.48865499161183834,scr1984,avaStIn,bevFrtRoadLight
83NO,h0062,0.5059938253834844,scr1984,avaStIn,bevFrtRoadLight
83NO,h0063,0.45043916907161474,scr1984,avaStIn,bevFrtRoadLight
83NO,h0064,0.38109726179391146,scr1984,avaStIn,bevFrtRoadLight
83NO,h0065,0.38091251254081726,scr1984,avaStIn,bevFrtRoadLight
83NO,h0066,0.3439636863768101,scr1984,avaStIn,bevFrtRoadLight
83NO,h0067,0.28451944701373577,scr1984,avaStIn,bevFrtRoadLight
83NO,h0068,0.21315689384937286,scr1984,avaStIn,bevFrtRoadLight
83NO,h0069,0.27737042866647243,scr1984,avaStIn,bevFrtRoadLight
83NO,h0070,0.3466960983350873,scr1984,avaStIn,bevFrtRoadLight
83NO,h0071,0.35073378309607506,scr1984,avaStIn,bevFrtRoadLight
83NO,h0072,0.24701611511409283,scr1984,avaStIn,bevFrtRoadLight
84NO,h0049,0.14072279445827007,scr1984,avaStIn,bevFrtRoadLight
84NO,h0050,0.21039915177971125,scr1984,avaStIn,bevFrtRoadLight
84NO,h0051,0.335214058868587,scr1984,avaStIn,bevFrtRoadLight
84NO,h0052,0.45082905422896147,scr1984,avaStIn,bevFrtRoadLight
84NO,h0053,0.48009718023240566,scr1984,avaStIn,bevFrtRoadLight
84NO,h0054,0.5107157900929451,scr1984,avaStIn,bevFrtRoadLight
84NO,h0055,0.5310100177302957,scr1984,avaStIn,bevFrtRoadLight
84NO,h0056,0.4951993487775326,scr1984,avaStIn,bevFrtRoadLight
84NO,h0057,0.4163423627614975,scr1984,avaStIn,bevFrtRoadLight
84NO,h0058,0.3341202549636364,scr1984,avaStIn,bevFrtRoadLight
84NO,h0059,0.305523419752717,scr1984,avaStIn,bevFrtRoadLight
84NO,h0060,0.41201330441981554,scr1984,avaStIn,bevFrtRoadLight
84NO,h0061,0.48865499161183834,scr1984,avaStIn,bevFrtRoadLight
84NO,h0062,0.5059938253834844,scr1984,avaStIn,bevFrtRoadLight
84NO,h0063,0.45043916907161474,scr1984,avaStIn,bevFrtRoadLight
84NO,h0064,0.38109726179391146,scr1984,avaStIn,bevFrtRoadLight
84NO,h0065,0.38091251254081726,scr1984,avaStIn,bevFrtRoadLight
84NO,h0066,0.3439636863768101,scr1984,avaStIn,bevFrtRoadLight
84NO,h0067,0.28451944701373577,scr1984,avaStIn,bevFrtRoadLight
84NO,h0068,0.21315689384937286,scr1984,avaStIn,bevFrtRoadLight
84NO,h0069,0.27737042866647243,scr1984,avaStIn,bevFrtRoadLight
84NO,h0070,0.3466960983350873,scr1984,avaStIn,bevFrtRoadLight
84NO,h0071,0.35073378309607506,scr1984,avaStIn,bevFrtRoadLight
84NO,h0072,0.24701611511409283,scr1984,avaStIn,bevFrtRoadLight
85NO,h0049,0.14072279445827007,scr1984,avaStIn,bevFrtRoadLight
85NO,h0050,0.21039915177971125,scr1984,avaStIn,bevFrtRoadLight
85NO,h0051,0.335214058868587,scr1984,avaStIn,bevFrtRoadLight
85NO,h0052,0.45082905422896147,scr1984,avaStIn,bevFrtRoadLight
85NO,h0053,0.48009718023240566,scr1984,avaStIn,bevFrtRoadLight
85NO,h0054,0.5107157900929451,scr1984,avaStIn,bevFrtRoadLight
85NO,h0055,0.5310100177302957,scr1984,avaStIn,bevFrtRoadLight
85NO,h0056,0.4951993487775326,scr1984,avaStIn,bevFrtRoadLight
85NO,h0057,0.4163423627614975,scr1984,avaStIn,bevFrtRoadLight
85NO,h0058,0.3341202549636364,scr1984,avaStIn,bevFrtRoadLight
85NO,h0059,0.305523419752717,scr1984,avaStIn,bevFrtRoadLight
85NO,h0060,0.41201330441981554,scr1984,avaStIn,bevFrtRoadLight
85NO,h0061,0.48865499161183834,scr1984,avaStIn,bevFrtRoadLight
85NO,h0062,0.5059938253834844,scr1984,avaStIn,bevFrtRoadLight
85NO,h0063,0.45043916907161474,scr1984,avaStIn,bevFrtRoadLight
85NO,h0064,0.38109726179391146,scr1984,avaStIn,bevFrtRoadLight
85NO,h0065,0.38091251254081726,scr1984,avaStIn,bevFrtRoadLight
85NO,h0066,0.3439636863768101,scr1984,avaStIn,bevFrtRoadLight
85NO,h0067,0.28451944701373577,scr1984,avaStIn,bevFrtRoadLight
85NO,h0068,0.21315689384937286,scr1984,avaStIn,bevFrtRoadLight
85NO,h0069,0.27737042866647243,scr1984,avaStIn,bevFrtRoadLight
85NO,h0070,0.3466960983350873,scr1984,avaStIn,bevFrtRoadLight
85NO,h0071,0.35073378309607506,scr1984,avaStIn,bevFrtRoadLight
85NO,h0072,0.24701611511409283,scr1984,avaStIn,bevFrtRoadLight
86SE,h0049,0.14072279445827007,scr1984,avaStIn,bevFrtRoadLight
86SE,h0050,0.21039915177971125,scr1984,avaStIn,bevFrtRoadLight
86SE,h0051,0.335214058868587,scr1984,avaStIn,bevFrtRoadLight
86SE,h0052,0.45082905422896147,scr1984,avaStIn,bevFrtRoadLight
86SE,h0053,0.48009718023240566,scr1984,avaStIn,bevFrtRoadLight
86SE,h0054,0.5107157900929451,scr1984,avaStIn,bevFrtRoadLight
86SE,h0055,0.5310100177302957,scr1984,avaStIn,bevFrtRoadLight
86SE,h0056,0.4951993487775326,scr1984,avaStIn,bevFrtRoadLight
86SE,h0057,0.4163423627614975,scr1984,avaStIn,bevFrtRoadLight
86SE,h0058,0.3341202549636364,scr1984,avaStIn,bevFrtRoadLight
86SE,h0059,0.305523419752717,scr1984,avaStIn,bevFrtRoadLight
86SE,h0060,0.41201330441981554,scr1984,avaStIn,bevFrtRoadLight
86SE,h0061,0.48865499161183834,scr1984,avaStIn,bevFrtRoadLight
86SE,h0062,0.5059938253834844,scr1984,avaStIn,bevFrtRoadLight
86SE,h0063,0.45043916907161474,scr1984,avaStIn,bevFrtRoadLight
86SE,h0064,0.38109726179391146,scr1984,avaStIn,bevFrtRoadLight
86SE,h0065,0.38091251254081726,scr1984,avaStIn,bevFrtRoadLight
86SE,h0066,0.3439636863768101,scr1984,avaStIn,bevFrtRoadLight
86SE,h0067,0.28451944701373577,scr1984,avaStIn,bevFrtRoadLight
86SE,h0068,0.21315689384937286,scr1984,avaStIn,bevFrtRoadLight
86SE,h0069,0.27737042866647243,scr1984,avaStIn,bevFrtRoadLight
86SE,h0070,0.3466960983350873,scr1984,avaStIn,bevFrtRoadLight
86SE,h0071,0.35073378309607506,scr1984,avaStIn,bevFrtRoadLight
86SE,h0072,0.24701611511409283,scr1984,avaStIn,bevFrtRoadLight
87SE,h0049,0.14072279445827007,scr1984,avaStIn,bevFrtRoadLight
87SE,h0050,0.21039915177971125,scr1984,avaStIn,bevFrtRoadLight
87SE,h0051,0.335214058868587,scr1984,avaStIn,bevFrtRoadLight
87SE,h0052,0.45082905422896147,scr1984,avaStIn,bevFrtRoadLight
87SE,h0053,0.48009718023240566,scr1984,avaStIn,bevFrtRoadLight
87SE,h0054,0.5107157900929451,scr1984,avaStIn,bevFrtRoadLight
87SE,h0055,0.5310100177302957,scr1984,avaStIn,bevFrtRoadLight
87SE,h0056,0.4951993487775326,scr1984,avaStIn,bevFrtRoadLight
87SE,h0057,0.4163423627614975,scr1984,avaStIn,bevFrtRoadLight
87SE,h0058,0.3341202549636364,scr1984,avaStIn,bevFrtRoadLight
87SE,h0059,0.305523419752717,scr1984,avaStIn,bevFrtRoadLight
87SE,h0060,0.41201330441981554,scr1984,avaStIn,bevFrtRoadLight
87SE,h0061,0.48865499161183834,scr1984,avaStIn,bevFrtRoadLight
87SE,h0062,0.5059938253834844,scr1984,avaStIn,bevFrtRoadLight
87SE,h0063,0.45043916907161474,scr1984,avaStIn,bevFrtRoadLight
87SE,h0064,0.38109726179391146,scr1984,avaStIn,bevFrtRoadLight
87SE,h0065,0.38091251254081726,scr1984,avaStIn,bevFrtRoadLight
87SE,h0066,0.3439636863768101,scr1984,avaStIn,bevFrtRoadLight
87SE,h0067,0.28451944701373577,scr1984,avaStIn,bevFrtRoadLight
87SE,h0068,0.21315689384937286,scr1984,avaStIn,bevFrtRoadLight
87SE,h0069,0.27737042866647243,scr1984,avaStIn,bevFrtRoadLight
87SE,h0070,0.3466960983350873,scr1984,avaStIn,bevFrtRoadLight
87SE,h0071,0.35073378309607506,scr1984,avaStIn,bevFrtRoadLight
87SE,h0072,0.24701611511409283,scr1984,avaStIn,bevFrtRoadLight
88SE,h0049,0.14072279445827007,scr1984,avaStIn,bevFrtRoadLight
88SE,h0050,0.21039915177971125,scr1984,avaStIn,bevFrtRoadLight
88SE,h0051,0.335214058868587,scr1984,avaStIn,bevFrtRoadLight
88SE,h0052,0.45082905422896147,scr1984,avaStIn,bevFrtRoadLight
88SE,h0053,0.48009718023240566,scr1984,avaStIn,bevFrtRoadLight
88SE,h0054,0.5107157900929451,scr1984,avaStIn,bevFrtRoadLight
88SE,h0055,0.5310100177302957,scr1984,avaStIn,bevFrtRoadLight
88SE,h0056,0.4951993487775326,scr1984,avaStIn,bevFrtRoadLight
88SE,h0057,0.4163423627614975,scr1984,avaStIn,bevFrtRoadLight
88SE,h0058,0.3341202549636364,scr1984,avaStIn,bevFrtRoadLight
88SE,h0059,0.305523419752717,scr1984,avaStIn,bevFrtRoadLight
88SE,h0060,0.41201330441981554,scr1984,avaStIn,bevFrtRoadLight
88SE,h0061,0.48865499161183834,scr1984,avaStIn,bevFrtRoadLight
88SE,h0062,0.5059938253834844,scr1984,avaStIn,bevFrtRoadLight
88SE,h0063,0.45043916907161474,scr1984,avaStIn,bevFrtRoadLight
88SE,h0064,0.38109726179391146,scr1984,avaStIn,bevFrtRoadLight
88SE,h0065,0.38091251254081726,scr1984,avaStIn,bevFrtRoadLight
88SE,h0066,0.3439636863768101,scr1984,avaStIn,bevFrtRoadLight
88SE,h0067,0.28451944701373577,scr1984,avaStIn,bevFrtRoadLight
88SE,h0068,0.21315689384937286,scr1984,avaStIn,bevFrtRoadLight
88SE,h0069,0.27737042866647243,scr1984,avaStIn,bevFrtRoadLight
88SE,h0070,0.3466960983350873,scr1984,avaStIn,bevFrtRoadLight
88SE,h0071,0.35073378309607506,scr1984,avaStIn,bevFrtRoadLight
88SE,h0072,0.24701611511409283,scr1984,avaStIn,bevFrtRoadLight
89SE,h0049,0.14072279445827007,scr1984,avaStIn,bevFrtRoadLight
89SE,h0050,0.21039915177971125,scr1984,avaStIn,bevFrtRoadLight
89SE,h0051,0.335214058868587,scr1984,avaStIn,bevFrtRoadLight
89SE,h0052,0.45082905422896147,scr1984,avaStIn,bevFrtRoadLight
89SE,h0053,0.48009718023240566,scr1984,avaStIn,bevFrtRoadLight
89SE,h0054,0.5107157900929451,scr1984,avaStIn,bevFrtRoadLight
89SE,h0055,0.5310100177302957,scr1984,avaStIn,bevFrtRoadLight
89SE,h0056,0.4951993487775326,scr1984,avaStIn,bevFrtRoadLight
89SE,h0057,0.4163423627614975,scr1984,avaStIn,bevFrtRoadLight
89SE,h0058,0.3341202549636364,scr1984,avaStIn,bevFrtRoadLight
89SE,h0059,0.305523419752717,scr1984,avaStIn,bevFrtRoadLight
89SE,h0060,0.41201330441981554,scr1984,avaStIn,bevFrtRoadLight
89SE,h0061,0.48865499161183834,scr1984,avaStIn,bevFrtRoadLight
89SE,h0062,0.5059938253834844,scr1984,avaStIn,bevFrtRoadLight
89SE,h0063,0.45043916907161474,scr1984,avaStIn,bevFrtRoadLight
89SE,h0064,0.38109726179391146,scr1984,avaStIn,bevFrtRoadLight
89SE,h0065,0.38091251254081726,scr1984,avaStIn,bevFrtRoadLight
89SE,h0066,0.3439636863768101,scr1984,avaStIn,bevFrtRoadLight
89SE,h0067,0.28451944701373577,scr1984,avaStIn,bevFrtRoadLight
89SE,h0068,0.21315689384937286,scr1984,avaStIn,bevFrtRoadLight
89SE,h0069,0.27737042866647243,scr1984,avaStIn,bevFrtRoadLight
89SE,h0070,0.3466960983350873,scr1984,avaStIn,bevFrtRoadLight
89SE,h0071,0.35073378309607506,scr1984,avaStIn,bevFrtRoadLight
89SE,h0072,0.24701611511409283,scr1984,avaStIn,bevFrtRoadLight
90UK,h0049,0.14072279445827007,scr1984,avaStIn,bevFrtRoadLight
90UK,h0050,0.21039915177971125,scr1984,avaStIn,bevFrtRoadLight
90UK,h0051,0.335214058868587,scr1984,avaStIn,bevFrtRoadLight
90UK,h0052,0.45082905422896147,scr1984,avaStIn,bevFrtRoadLight
90UK,h0053,0.48009718023240566,scr1984,avaStIn,bevFrtRoadLight
90UK,h0054,0.5107157900929451,scr1984,avaStIn,bevFrtRoadLight
90UK,h0055,0.5310100177302957,scr1984,avaStIn,bevFrtRoadLight
90UK,h0056,0.4951993487775326,scr1984,avaStIn,bevFrtRoadLight
90UK,h0057,0.4163423627614975,scr1984,avaStIn,bevFrtRoadLight
90UK,h0058,0.3341202549636364,scr1984,avaStIn,bevFrtRoadLight
90UK,h0059,0.305523419752717,scr1984,avaStIn,bevFrtRoadLight
90UK,h0060,0.41201330441981554,scr1984,avaStIn,bevFrtRoadLight
90UK,h0061,0.48865499161183834,scr1984,avaStIn,bevFrtRoadLight
90UK,h0062,0.5059938253834844,scr1984,avaStIn,bevFrtRoadLight
90UK,h0063,0.45043916907161474,scr1984,avaStIn,bevFrtRoadLight
90UK,h0064,0.38109726179391146,scr1984,avaStIn,bevFrtRoadLight
90UK,h0065,0.38091251254081726,scr1984,avaStIn,bevFrtRoadLight
90UK,h0066,0.3439636863768101,scr1984,avaStIn,bevFrtRoadLight
90UK,h0067,0.28451944701373577,scr1984,avaStIn,bevFrtRoadLight
90UK,h0068,0.21315689384937286,scr1984,avaStIn,bevFrtRoadLight
90UK,h0069,0.27737042866647243,scr1984,avaStIn,bevFrtRoadLight
90UK,h0070,0.3466960983350873,scr1984,avaStIn,bevFrtRoadLight
90UK,h0071,0.35073378309607506,scr1984,avaStIn,bevFrtRoadLight
90UK,h0072,0.24701611511409283,scr1984,avaStIn,bevFrtRoadLight
91UK,h0049,0.14072279445827007,scr1984,avaStIn,bevFrtRoadLight
91UK,h0050,0.21039915177971125,scr1984,avaStIn,bevFrtRoadLight
91UK,h0051,0.335214058868587,scr1984,avaStIn,bevFrtRoadLight
91UK,h0052,0.45082905422896147,scr1984,avaStIn,bevFrtRoadLight
91UK,h0053,0.48009718023240566,scr1984,avaStIn,bevFrtRoadLight
91UK,h0054,0.5107157900929451,scr1984,avaStIn,bevFrtRoadLight
91UK,h0055,0.5310100177302957,scr1984,avaStIn,bevFrtRoadLight
91UK,h0056,0.4951993487775326,scr1984,avaStIn,bevFrtRoadLight
91UK,h0057,0.4163423627614975,scr1984,avaStIn,bevFrtRoadLight
91UK,h0058,0.3341202549636364,scr1984,avaStIn,bevFrtRoadLight
91UK,h0059,0.305523419752717,scr1984,avaStIn,bevFrtRoadLight
91UK,h0060,0.41201330441981554,scr1984,avaStIn,bevFrtRoadLight
91UK,h0061,0.48865499161183834,scr1984,avaStIn,bevFrtRoadLight
91UK,h0062,0.5059938253834844,scr1984,avaStIn,bevFrtRoadLight
91UK,h0063,0.45043916907161474,scr1984,avaStIn,bevFrtRoadLight
91UK,h0064,0.38109726179391146,scr1984,avaStIn,bevFrtRoadLight
91UK,h0065,0.38091251254081726,scr1984,avaStIn,bevFrtRoadLight
91UK,h0066,0.3439636863768101,scr1984,avaStIn,bevFrtRoadLight
91UK,h0067,0.28451944701373577,scr1984,avaStIn,bevFrtRoadLight
91UK,h0068,0.21315689384937286,scr1984,avaStIn,bevFrtRoadLight
91UK,h0069,0.27737042866647243,scr1984,avaStIn,bevFrtRoadLight
91UK,h0070,0.3466960983350873,scr1984,avaStIn,bevFrtRoadLight
91UK,h0071,0.35073378309607506,scr1984,avaStIn,bevFrtRoadLight
91UK,h0072,0.24701611511409283,scr1984,avaStIn,bevFrtRoadLight
92UK,h0049,0.14072279445827007,scr1984,avaStIn,bevFrtRoadLight
92UK,h0050,0.21039915177971125,scr1984,avaStIn,bevFrtRoadLight
92UK,h0051,0.335214058868587,scr1984,avaStIn,bevFrtRoadLight
92UK,h0052,0.45082905422896147,scr1984,avaStIn,bevFrtRoadLight
92UK,h0053,0.48009718023240566,scr1984,avaStIn,bevFrtRoadLight
92UK,h0054,0.5107157900929451,scr1984,avaStIn,bevFrtRoadLight
92UK,h0055,0.5310100177302957,scr1984,avaStIn,bevFrtRoadLight
92UK,h0056,0.4951993487775326,scr1984,avaStIn,bevFrtRoadLight
92UK,h0057,0.4163423627614975,scr1984,avaStIn,bevFrtRoadLight
92UK,h0058,0.3341202549636364,scr1984,avaStIn,bevFrtRoadLight
92UK,h0059,0.305523419752717,scr1984,avaStIn,bevFrtRoadLight
92UK,h0060,0.41201330441981554,scr1984,avaStIn,bevFrtRoadLight
92UK,h0061,0.48865499161183834,scr1984,avaStIn,bevFrtRoadLight
92UK,h0062,0.5059938253834844,scr1984,avaStIn,bevFrtRoadLight
92UK,h0063,0.45043916907161474,scr1984,avaStIn,bevFrtRoadLight
92UK,h0064,0.38109726179391146,scr1984,avaStIn,bevFrtRoadLight
92UK,h0065,0.38091251254081726,scr1984,avaStIn,bevFrtRoadLight
92UK,h0066,0.3439636863768101,scr1984,avaStIn,bevFrtRoadLight
92UK,h0067,0.28451944701373577,scr1984,avaStIn,bevFrtRoadLight
92UK,h0068,0.21315689384937286,scr1984,avaStIn,bevFrtRoadLight
92UK,h0069,0.27737042866647243,scr1984,avaStIn,bevFrtRoadLight
92UK,h0070,0.3466960983350873,scr1984,avaStIn,bevFrtRoadLight
92UK,h0071,0.35073378309607506,scr1984,avaStIn,bevFrtRoadLight
92UK,h0072,0.24701611511409283,scr1984,avaStIn,bevFrtRoadLight
93UK,h0049,0.14072279445827007,scr1984,avaStIn,bevFrtRoadLight
93UK,h0050,0.21039915177971125,scr1984,avaStIn,bevFrtRoadLight
93UK,h0051,0.335214058868587,scr1984,avaStIn,bevFrtRoadLight
93UK,h0052,0.45082905422896147,scr1984,avaStIn,bevFrtRoadLight
93UK,h0053,0.48009718023240566,scr1984,avaStIn,bevFrtRoadLight
93UK,h0054,0.5107157900929451,scr1984,avaStIn,bevFrtRoadLight
93UK,h0055,0.5310100177302957,scr1984,avaStIn,bevFrtRoadLight
93UK,h0056,0.4951993487775326,scr1984,avaStIn,bevFrtRoadLight
93UK,h0057,0.4163423627614975,scr1984,avaStIn,bevFrtRoadLight
93UK,h0058,0.3341202549636364,scr1984,avaStIn,bevFrtRoadLight
93UK,h0059,0.305523419752717,scr1984,avaStIn,bevFrtRoadLight
93UK,h0060,0.41201330441981554,scr1984,avaStIn,bevFrtRoadLight
93UK,h0061,0.48865499161183834,scr1984,avaStIn,bevFrtRoadLight
93UK,h0062,0.5059938253834844,scr1984,avaStIn,bevFrtRoadLight
93UK,h0063,0.45043916907161474,scr1984,avaStIn,bevFrtRoadLight
93UK,h0064,0.38109726179391146,scr1984,avaStIn,bevFrtRoadLight
93UK,h0065,0.38091251254081726,scr1984,avaStIn,bevFrtRoadLight
93UK,h0066,0.3439636863768101,scr1984,avaStIn,bevFrtRoadLight
93UK,h0067,0.28451944701373577,scr1984,avaStIn,bevFrtRoadLight
93UK,h0068,0.21315689384937286,scr1984,avaStIn,bevFrtRoadLight
93UK,h0069,0.27737042866647243,scr1984,avaStIn,bevFrtRoadLight
93UK,h0070,0.3466960983350873,scr1984,avaStIn,bevFrtRoadLight
93UK,h0071,0.35073378309607506,scr1984,avaStIn,bevFrtRoadLight
93UK,h0072,0.24701611511409283,scr1984,avaStIn,bevFrtRoadLight
94UK,h0049,0.14072279445827007,scr1984,avaStIn,bevFrtRoadLight
94UK,h0050,0.21039915177971125,scr1984,avaStIn,bevFrtRoadLight
94UK,h0051,0.335214058868587,scr1984,avaStIn,bevFrtRoadLight
94UK,h0052,0.45082905422896147,scr1984,avaStIn,bevFrtRoadLight
94UK,h0053,0.48009718023240566,scr1984,avaStIn,bevFrtRoadLight
94UK,h0054,0.5107157900929451,scr1984,avaStIn,bevFrtRoadLight
94UK,h0055,0.5310100177302957,scr1984,avaStIn,bevFrtRoadLight
94UK,h0056,0.4951993487775326,scr1984,avaStIn,bevFrtRoadLight
94UK,h0057,0.4163423627614975,scr1984,avaStIn,bevFrtRoadLight
94UK,h0058,0.3341202549636364,scr1984,avaStIn,bevFrtRoadLight
94UK,h0059,0.305523419752717,scr1984,avaStIn,bevFrtRoadLight
94UK,h0060,0.41201330441981554,scr1984,avaStIn,bevFrtRoadLight
94UK,h0061,0.48865499161183834,scr1984,avaStIn,bevFrtRoadLight
94UK,h0062,0.5059938253834844,scr1984,avaStIn,bevFrtRoadLight
94UK,h0063,0.45043916907161474,scr1984,avaStIn,bevFrtRoadLight
94UK,h0064,0.38109726179391146,scr1984,avaStIn,bevFrtRoadLight
94UK,h0065,0.38091251254081726,scr1984,avaStIn,bevFrtRoadLight
94UK,h0066,0.3439636863768101,scr1984,avaStIn,bevFrtRoadLight
94UK,h0067,0.28451944701373577,scr1984,avaStIn,bevFrtRoadLight
94UK,h0068,0.21315689384937286,scr1984,avaStIn,bevFrtRoadLight
94UK,h0069,0.27737042866647243,scr1984,avaStIn,bevFrtRoadLight
94UK,h0070,0.3466960983350873,scr1984,avaStIn,bevFrtRoadLight
94UK,h0071,0.35073378309607506,scr1984,avaStIn,bevFrtRoadLight
94UK,h0072,0.24701611511409283,scr1984,avaStIn,bevFrtRoadLight
95UK,h0049,0.14072279445827007,scr1984,avaStIn,bevFrtRoadLight
95UK,h0050,0.21039915177971125,scr1984,avaStIn,bevFrtRoadLight
95UK,h0051,0.335214058868587,scr1984,avaStIn,bevFrtRoadLight
95UK,h0052,0.45082905422896147,scr1984,avaStIn,bevFrtRoadLight
95UK,h0053,0.48009718023240566,scr1984,avaStIn,bevFrtRoadLight
95UK,h0054,0.5107157900929451,scr1984,avaStIn,bevFrtRoadLight
95UK,h0055,0.5310100177302957,scr1984,avaStIn,bevFrtRoadLight
95UK,h0056,0.4951993487775326,scr1984,avaStIn,bevFrtRoadLight
95UK,h0057,0.4163423627614975,scr1984,avaStIn,bevFrtRoadLight
95UK,h0058,0.3341202549636364,scr1984,avaStIn,bevFrtRoadLight
95UK,h0059,0.305523419752717,scr1984,avaStIn,bevFrtRoadLight
95UK,h0060,0.41201330441981554,scr1984,avaStIn,bevFrtRoadLight
95UK,h0061,0.48865499161183834,scr1984,avaStIn,bevFrtRoadLight
95UK,h0062,0.5059938253834844,scr1984,avaStIn,bevFrtRoadLight
95UK,h0063,0.45043916907161474,scr1984,avaStIn,bevFrtRoadLight
95UK,h0064,0.38109726179391146,scr1984,avaStIn,bevFrtRoadLight
95UK,h0065,0.38091251254081726,scr1984,avaStIn,bevFrtRoadLight
95UK,h0066,0.3439636863768101,scr1984,avaStIn,bevFrtRoadLight
95UK,h0067,0.28451944701373577,scr1984,avaStIn,bevFrtRoadLight
95UK,h0068,0.21315689384937286,scr1984,avaStIn,bevFrtRoadLight
95UK,h0069,0.27737042866647243,scr1984,avaStIn,bevFrtRoadLight
95UK,h0070,0.3466960983350873,scr1984,avaStIn,bevFrtRoadLight
95UK,h0071,0.35073378309607506,scr1984,avaStIn,bevFrtRoadLight
95UK,h0072,0.24701611511409283,scr1984,avaStIn,bevFrtRoadLight
96IE,h0049,0.14072279445827007,scr1984,avaStIn,bevFrtRoadLight
96IE,h0050,0.21039915177971125,scr1984,avaStIn,bevFrtRoadLight
96IE,h0051,0.335214058868587,scr1984,avaStIn,bevFrtRoadLight
96IE,h0052,0.45082905422896147,scr1984,avaStIn,bevFrtRoadLight
96IE,h0053,0.48009718023240566,scr1984,avaStIn,bevFrtRoadLight
96IE,h0054,0.5107157900929451,scr1984,avaStIn,bevFrtRoadLight
96IE,h0055,0.5310100177302957,scr1984,avaStIn,bevFrtRoadLight
96IE,h0056,0.4951993487775326,scr1984,avaStIn,bevFrtRoadLight
96IE,h0057,0.4163423627614975,scr1984,avaStIn,bevFrtRoadLight
96IE,h0058,0.3341202549636364,scr1984,avaStIn,bevFrtRoadLight
96IE,h0059,0.305523419752717,scr1984,avaStIn,bevFrtRoadLight
96IE,h0060,0.41201330441981554,scr1984,avaStIn,bevFrtRoadLight
96IE,h0061,0.48865499161183834,scr1984,avaStIn,bevFrtRoadLight
96IE,h0062,0.5059938253834844,scr1984,avaStIn,bevFrtRoadLight
96IE,h0063,0.45043916907161474,scr1984,avaStIn,bevFrtRoadLight
96IE,h0064,0.38109726179391146,scr1984,avaStIn,bevFrtRoadLight
96IE,h0065,0.38091251254081726,scr1984,avaStIn,bevFrtRoadLight
96IE,h0066,0.3439636863768101,scr1984,avaStIn,bevFrtRoadLight
96IE,h0067,0.28451944701373577,scr1984,avaStIn,bevFrtRoadLight
96IE,h0068,0.21315689384937286,scr1984,avaStIn,bevFrtRoadLight
96IE,h0069,0.27737042866647243,scr1984,avaStIn,bevFrtRoadLight
96IE,h0070,0.3466960983350873,scr1984,avaStIn,bevFrtRoadLight
96IE,h0071,0.35073378309607506,scr1984,avaStIn,bevFrtRoadLight
96IE,h0072,0.24701611511409283,scr1984,avaStIn,bevFrtRoadLight
98IT,h0049,0.14072279445827007,scr1984,avaStIn,bevFrtRoadLight
98IT,h0050,0.21039915177971125,scr1984,avaStIn,bevFrtRoadLight
98IT,h0051,0.335214058868587,scr1984,avaStIn,bevFrtRoadLight
98IT,h0052,0.45082905422896147,scr1984,avaStIn,bevFrtRoadLight
98IT,h0053,0.48009718023240566,scr1984,avaStIn,bevFrtRoadLight
98IT,h0054,0.5107157900929451,scr1984,avaStIn,bevFrtRoadLight
98IT,h0055,0.5310100177302957,scr1984,avaStIn,bevFrtRoadLight
98IT,h0056,0.4951993487775326,scr1984,avaStIn,bevFrtRoadLight
98IT,h0057,0.4163423627614975,scr1984,avaStIn,bevFrtRoadLight
98IT,h0058,0.3341202549636364,scr1984,avaStIn,bevFrtRoadLight
98IT,h0059,0.305523419752717,scr1984,avaStIn,bevFrtRoadLight
98IT,h0060,0.41201330441981554,scr1984,avaStIn,bevFrtRoadLight
98IT,h0061,0.48865499161183834,scr1984,avaStIn,bevFrtRoadLight
98IT,h0062,0.5059938253834844,scr1984,avaStIn,bevFrtRoadLight
98IT,h0063,0.45043916907161474,scr1984,avaStIn,bevFrtRoadLight
98IT,h0064,0.38109726179391146,scr1984,avaStIn,bevFrtRoadLight
98IT,h0065,0.38091251254081726,scr1984,avaStIn,bevFrtRoadLight
98IT,h0066,0.3439636863768101,scr1984,avaStIn,bevFrtRoadLight
98IT,h0067,0.28451944701373577,scr1984,avaStIn,bevFrtRoadLight
98IT,h0068,0.21315689384937286,scr1984,avaStIn,bevFrtRoadLight
98IT,h0069,0.27737042866647243,scr1984,avaStIn,bevFrtRoadLight
98IT,h0070,0.3466960983350873,scr1984,avaStIn,bevFrtRoadLight
98IT,h0071,0.35073378309607506,scr1984,avaStIn,bevFrtRoadLight
98IT,h0072,0.24701611511409283,scr1984,avaStIn,bevFrtRoadLight
99FR,h0049,0.14072279445827007,scr1984,avaStIn,bevFrtRoadLight
99FR,h0050,0.21039915177971125,scr1984,avaStIn,bevFrtRoadLight
99FR,h0051,0.335214058868587,scr1984,avaStIn,bevFrtRoadLight
99FR,h0052,0.45082905422896147,scr1984,avaStIn,bevFrtRoadLight
99FR,h0053,0.48009718023240566,scr1984,avaStIn,bevFrtRoadLight
99FR,h0054,0.5107157900929451,scr1984,avaStIn,bevFrtRoadLight
99FR,h0055,0.5310100177302957,scr1984,avaStIn,bevFrtRoadLight
99FR,h0056,0.4951993487775326,scr1984,avaStIn,bevFrtRoadLight
99FR,h0057,0.4163423627614975,scr1984,avaStIn,bevFrtRoadLight
99FR,h0058,0.3341202549636364,scr1984,avaStIn,bevFrtRoadLight
99FR,h0059,0.305523419752717,scr1984,avaStIn,bevFrtRoadLight
99FR,h0060,0.41201330441981554,scr1984,avaStIn,bevFrtRoadLight
99FR,h0061,0.48865499161183834,scr1984,avaStIn,bevFrtRoadLight
99FR,h0062,0.5059938253834844,scr1984,avaStIn,bevFrtRoadLight
99FR,h0063,0.45043916907161474,scr1984,avaStIn,bevFrtRoadLight
99FR,h0064,0.38109726179391146,scr1984,avaStIn,bevFrtRoadLight
99FR,h0065,0.38091251254081726,scr1984,avaStIn,bevFrtRoadLight
99FR,h0066,0.3439636863768101,scr1984,avaStIn,bevFrtRoadLight
99FR,h0067,0.28451944701373577,scr1984,avaStIn,bevFrtRoadLight
99FR,h0068,0.21315689384937286,scr1984,avaStIn,bevFrtRoadLight
99FR,h0069,0.27737042866647243,scr1984,avaStIn,bevFrtRoadLight
99FR,h0070,0.3466960983350873,scr1984,avaStIn,bevFrtRoadLight
99FR,h0071,0.35073378309607506,scr1984,avaStIn,bevFrtRoadLight
99FR,h0072,0.24701611511409283,scr1984,avaStIn,bevFrtRoadLight
