region_2,timestep_5,value,parameter,carrier_1
AL,hh0361,0.12703759359482092,dem,processHeat_low
AL,hh0362,0.12838175466180246,dem,processHeat_low
AL,hh0363,0.12906791610862456,dem,processHeat_low
AL,hh0364,0.12893225649241913,dem,processHeat_low
AL,hh0365,0.12799940441840363,dem,processHeat_low
AL,hh0366,0.12701100285295297,dem,processHeat_low
AL,hh0367,0.12714782451610063,dem,processHeat_low
AL,hh0368,0.1275632181421429,dem,processHeat_low
AL,hh0369,0.12799488693826788,dem,processHeat_low
AL,hh0370,0.12775034095574256,dem,processHeat_low
AL,hh0371,0.12717879353436956,dem,processHeat_low
AL,hh0372,0.12707607360090378,dem,processHeat_low
AL,hh0373,0.127407739363548,dem,processHeat_low
AL,hh0374,0.12795148666810974,dem,processHeat_low
AL,hh0375,0.12878968005668412,dem,processHeat_low
AL,hh0376,0.12838390728325066,dem,processHeat_low
AL,hh0377,0.1275921057944629,dem,processHeat_low
AL,hh0378,0.12744586258156687,dem,processHeat_low
AL,hh0379,0.1272541518309822,dem,processHeat_low
AL,hh0380,0.1274581357370721,dem,processHeat_low
AL,hh0381,0.12718062896135507,dem,processHeat_low
AL,hh0382,0.12698646168053074,dem,processHeat_low
AL,hh0383,0.12719933015847573,dem,processHeat_low
AL,hh0384,0.1274633387566837,dem,processHeat_low
AL,hh0385,0.12756451059163965,dem,processHeat_low
AL,hh0386,0.12805726480087287,dem,processHeat_low
AL,hh0387,0.12805285867534622,dem,processHeat_low
AL,hh0388,0.1272283230167659,dem,processHeat_low
AL,hh0389,0.12671303133458878,dem,processHeat_low
AL,hh0390,0.12672803029130364,dem,processHeat_low
AL,hh0391,0.1266869603343821,dem,processHeat_low
AL,hh0392,0.12680621738684295,dem,processHeat_low
AL,hh0393,0.12651941694571178,dem,processHeat_low
AL,hh0394,0.12653112293781987,dem,processHeat_low
AL,hh0395,0.1266044441188683,dem,processHeat_low
AL,hh0396,0.12614044392665846,dem,processHeat_low
AL,hh0397,0.1260130206955523,dem,processHeat_low
AL,hh0398,0.12600149872258726,dem,processHeat_low
AL,hh0399,0.12580094751751858,dem,processHeat_low
AL,hh0400,0.12609795682016056,dem,processHeat_low
AL,hh0401,0.12710333014160824,dem,processHeat_low
AL,hh0402,0.1272806557250874,dem,processHeat_low
AL,hh0403,0.1273548025548621,dem,processHeat_low
AL,hh0404,0.12740197294681366,dem,processHeat_low
AL,hh0405,0.12701697170507487,dem,processHeat_low
AL,hh0406,0.12787097283330695,dem,processHeat_low
AL,hh0407,0.12903857172972266,dem,processHeat_low
AL,hh0408,0.127958679148378,dem,processHeat_low
AL,hh0409,0.1271149413773287,dem,processHeat_low
AL,hh0410,0.12597938649503249,dem,processHeat_low
AL,hh0411,0.12513748119772572,dem,processHeat_low
AL,hh0412,0.12576325257293774,dem,processHeat_low
AL,hh0413,0.12609820710247277,dem,processHeat_low
AL,hh0414,0.12566934971590626,dem,processHeat_low
AL,hh0415,0.12578811791701128,dem,processHeat_low
AL,hh0416,0.12539383718427644,dem,processHeat_low
AL,hh0417,0.12513488494829517,dem,processHeat_low
AL,hh0418,0.12599012442586854,dem,processHeat_low
AL,hh0419,0.12623573640257746,dem,processHeat_low
AL,hh0420,0.12646490620068107,dem,processHeat_low
AL,hh0421,0.1268814555999711,dem,processHeat_low
AL,hh0422,0.1269277850102526,dem,processHeat_low
AL,hh0423,0.12794857632576395,dem,processHeat_low
AL,hh0424,0.1287569410824858,dem,processHeat_low
AL,hh0425,0.1288123502461076,dem,processHeat_low
AL,hh0426,0.12830605660815309,dem,processHeat_low
AL,hh0427,0.12706656180694154,dem,processHeat_low
AL,hh0428,0.1269277850102526,dem,processHeat_low
AL,hh0429,0.12794857632576395,dem,processHeat_low
AL,hh0430,0.12879334578610724,dem,processHeat_low
AL,hh0431,0.128866913108709,dem,processHeat_low
AL,hh0432,0.12799684819725599,dem,processHeat_low
AL,hh0433,0.12587356830948693,dem,processHeat_low
AL,hh0434,0.12499579492452995,dem,processHeat_low
AL,hh0435,0.12527242565590768,dem,processHeat_low
AL,hh0436,0.12589552031261064,dem,processHeat_low
AL,hh0437,0.12595248667423675,dem,processHeat_low
AL,hh0438,0.12551230116719125,dem,processHeat_low
AL,hh0439,0.12444751980581259,dem,processHeat_low
AL,hh0440,0.12389732045556912,dem,processHeat_low
AL,hh0441,0.12428297654730613,dem,processHeat_low
AL,hh0442,0.12512621768661347,dem,processHeat_low
AL,hh0443,0.12518598892239652,dem,processHeat_low
AL,hh0444,0.1249519050870731,dem,processHeat_low
AL,hh0445,0.12462504022022358,dem,processHeat_low
AL,hh0446,0.1249647311142894,dem,processHeat_low
AL,hh0447,0.12678274834530612,dem,processHeat_low
AL,hh0448,0.1276798679448916,dem,processHeat_low
AL,hh0449,0.12651783723305243,dem,processHeat_low
AL,hh0450,0.1252731252828312,dem,processHeat_low
AL,hh0451,0.12537495355223882,dem,processHeat_low
AL,hh0452,0.12644537494315955,dem,processHeat_low
AL,hh0453,0.12834503986988466,dem,processHeat_low
AL,hh0454,0.12920767084636964,dem,processHeat_low
AL,hh0455,0.12686719681045133,dem,processHeat_low
AL,hh0456,0.12509772755441873,dem,processHeat_low
AL,hh0457,0.12701736766479144,dem,processHeat_low
AL,hh0458,0.12731753717213223,dem,processHeat_low
AL,hh0459,0.12719789921800384,dem,processHeat_low
AL,hh0460,0.1271987940202166,dem,processHeat_low
AL,hh0461,0.12592897444955042,dem,processHeat_low
AL,hh0462,0.12560307577973617,dem,processHeat_low
AL,hh0463,0.12707799688035948,dem,processHeat_low
AL,hh0464,0.12858228082257028,dem,processHeat_low
AL,hh0465,0.1284046635289542,dem,processHeat_low
AL,hh0466,0.12879572592532895,dem,processHeat_low
AL,hh0467,0.12820478687569903,dem,processHeat_low
AL,hh0468,0.127064564712839,dem,processHeat_low
AL,hh0469,0.12791098322895778,dem,processHeat_low
AL,hh0470,0.12867493832010268,dem,processHeat_low
AL,hh0471,0.12834877119206567,dem,processHeat_low
AL,hh0472,0.1287217619559442,dem,processHeat_low
AL,hh0473,0.12810569859192356,dem,processHeat_low
AL,hh0474,0.12701465487731411,dem,processHeat_low
AL,hh0475,0.1277166604788249,dem,processHeat_low
AL,hh0476,0.12867493832010268,dem,processHeat_low
AL,hh0477,0.12820150915223394,dem,processHeat_low
AL,hh0478,0.12827350754224653,dem,processHeat_low
AL,hh0479,0.12684597869684922,dem,processHeat_low
AL,hh0480,0.1255432867525883,dem,processHeat_low
AL,hh0481,0.12620945385492632,dem,processHeat_low
AL,hh0482,0.12694221441876152,dem,processHeat_low
AL,hh0483,0.12681209030643004,dem,processHeat_low
AL,hh0484,0.1290050307986803,dem,processHeat_low
AL,hh0485,0.12913949514012302,dem,processHeat_low
AL,hh0486,0.12846187644390739,dem,processHeat_low
AL,hh0487,0.12726913092234327,dem,processHeat_low
AL,hh0488,0.12611313012246228,dem,processHeat_low
AL,hh0489,0.12678106003335188,dem,processHeat_low
AL,hh0490,0.12830838960161373,dem,processHeat_low
AL,hh0491,0.1284209946375654,dem,processHeat_low
AL,hh0492,0.1279474558141942,dem,processHeat_low
AL,hh0493,0.12705407254799184,dem,processHeat_low
AL,hh0494,0.12622399015396013,dem,processHeat_low
AL,hh0495,0.1271237678714101,dem,processHeat_low
AL,hh0496,0.12813803773678956,dem,processHeat_low
AL,hh0497,0.1280978217265556,dem,processHeat_low
AL,hh0498,0.12802402865145268,dem,processHeat_low
AL,hh0499,0.1271072523027783,dem,processHeat_low
AL,hh0500,0.1262178173637949,dem,processHeat_low
AL,hh0501,0.1273161258733353,dem,processHeat_low
AL,hh0502,0.12872670510324724,dem,processHeat_low
AL,hh0503,0.12684107954379442,dem,processHeat_low
AL,hh0504,0.12500768921978533,dem,processHeat_low
AL,hh0505,0.12528020231218306,dem,processHeat_low
AL,hh0506,0.12652419963478678,dem,processHeat_low
AL,hh0507,0.12695583715299108,dem,processHeat_low
AL,hh0508,0.1258152586629535,dem,processHeat_low
AL,hh0509,0.12504756436277376,dem,processHeat_low
AL,hh0510,0.1246190795824873,dem,processHeat_low
AL,hh0511,0.12498150206391756,dem,processHeat_low
AL,hh0512,0.125646771224865,dem,processHeat_low
AL,hh0513,0.12557597795785114,dem,processHeat_low
AL,hh0514,0.1254095718144299,dem,processHeat_low
AL,hh0515,0.12562411991001454,dem,processHeat_low
AL,hh0516,0.12596659559824275,dem,processHeat_low
AL,hh0517,0.12552635119044453,dem,processHeat_low
AL,hh0518,0.12581168212182092,dem,processHeat_low
AL,hh0519,0.1271550184569037,dem,processHeat_low
AL,hh0520,0.1272374803661478,dem,processHeat_low
AL,hh0521,0.12695787229461075,dem,processHeat_low
AL,hh0522,0.12659754598558948,dem,processHeat_low
AL,hh0523,0.12613364939340954,dem,processHeat_low
AL,hh0524,0.12642844659922048,dem,processHeat_low
AL,hh0525,0.12756114380732697,dem,processHeat_low
AL,hh0526,0.12831099369242338,dem,processHeat_low
AL,hh0527,0.1275101117223585,dem,processHeat_low
AL,hh0528,0.12669621319821545,dem,processHeat_low
AL,hh0529,0.12660673738406558,dem,processHeat_low
AL,hh0530,0.12744430968530196,dem,processHeat_low
AL,hh0531,0.128565327252943,dem,processHeat_low
AL,hh0532,0.12934394545800387,dem,processHeat_low
AL,hh0533,0.12829306925084438,dem,processHeat_low
AL,hh0534,0.12684198850064377,dem,processHeat_low
AL,hh0535,0.1252582926694572,dem,processHeat_low
AL,hh0536,0.12506131287290145,dem,processHeat_low
AL,hh0537,0.12668839400345178,dem,processHeat_low
AL,hh0538,0.12725598336726307,dem,processHeat_low
AL,hh0539,0.12725012969241334,dem,processHeat_low
AL,hh0540,0.12719605442879356,dem,processHeat_low
AT,hh0361,2.0481137423194014,dem,processHeat_low
AT,hh0362,2.066692153681288,dem,processHeat_low
AT,hh0363,2.0672530060028294,dem,processHeat_low
AT,hh0364,2.0491802882943375,dem,processHeat_low
AT,hh0365,2.038563386896385,dem,processHeat_low
AT,hh0366,2.0373153898071905,dem,processHeat_low
AT,hh0367,2.0477172100127063,dem,processHeat_low
AT,hh0368,2.058599597013199,dem,processHeat_low
AT,hh0369,2.056598008475703,dem,processHeat_low
AT,hh0370,2.037359508960435,dem,processHeat_low
AT,hh0371,2.0303636019361875,dem,processHeat_low
AT,hh0372,2.037957823292345,dem,processHeat_low
AT,hh0373,2.0502911595986006,dem,processHeat_low
AT,hh0374,2.062436239676572,dem,processHeat_low
AT,hh0375,2.0644884707908204,dem,processHeat_low
AT,hh0376,2.04311972024243,dem,processHeat_low
AT,hh0377,2.03812546617155,dem,processHeat_low
AT,hh0378,2.0472571429672826,dem,processHeat_low
AT,hh0379,2.0258478990645017,dem,processHeat_low
AT,hh0380,2.025016676071573,dem,processHeat_low
AT,hh0381,2.035872544292033,dem,processHeat_low
AT,hh0382,2.0418964039254206,dem,processHeat_low
AT,hh0383,2.04548854335917,dem,processHeat_low
AT,hh0384,2.0378050156941754,dem,processHeat_low
AT,hh0385,2.023561488859741,dem,processHeat_low
AT,hh0386,2.040924205812189,dem,processHeat_low
AT,hh0387,2.0598254185670157,dem,processHeat_low
AT,hh0388,2.0645280370417822,dem,processHeat_low
AT,hh0389,2.0643518053948355,dem,processHeat_low
AT,hh0390,2.054991213491121,dem,processHeat_low
AT,hh0391,2.0409626976861546,dem,processHeat_low
AT,hh0392,2.045456075535185,dem,processHeat_low
AT,hh0393,2.0540882815921577,dem,processHeat_low
AT,hh0394,2.06161722815159,dem,processHeat_low
AT,hh0395,2.063042940141713,dem,processHeat_low
AT,hh0396,2.0482242606976797,dem,processHeat_low
AT,hh0397,2.0318076191024375,dem,processHeat_low
AT,hh0398,2.0355220486226244,dem,processHeat_low
AT,hh0399,2.0445587033418633,dem,processHeat_low
AT,hh0400,2.052940204870538,dem,processHeat_low
AT,hh0401,2.0597868073327845,dem,processHeat_low
AT,hh0402,2.0482212670895024,dem,processHeat_low
AT,hh0403,2.0345843267887176,dem,processHeat_low
AT,hh0404,2.0388404501991317,dem,processHeat_low
AT,hh0405,2.046440274634733,dem,processHeat_low
AT,hh0406,2.0632913172876215,dem,processHeat_low
AT,hh0407,2.0757911381415397,dem,processHeat_low
AT,hh0408,2.0396176939830184,dem,processHeat_low
AT,hh0409,2.015892078370598,dem,processHeat_low
AT,hh0410,2.010231954948722,dem,processHeat_low
AT,hh0411,2.017162071898383,dem,processHeat_low
AT,hh0412,2.0283965236021686,dem,processHeat_low
AT,hh0413,2.015084144401044,dem,processHeat_low
AT,hh0414,1.9944311146127802,dem,processHeat_low
AT,hh0415,1.9968807568757256,dem,processHeat_low
AT,hh0416,2.005660136755978,dem,processHeat_low
AT,hh0417,2.0170624120110006,dem,processHeat_low
AT,hh0418,2.0303407411656735,dem,processHeat_low
AT,hh0419,2.01597681047042,dem,processHeat_low
AT,hh0420,2.0062322815492735,dem,processHeat_low
AT,hh0421,2.033733155061782,dem,processHeat_low
AT,hh0422,2.0365952399188245,dem,processHeat_low
AT,hh0423,2.0454403929843465,dem,processHeat_low
AT,hh0424,2.056245708966344,dem,processHeat_low
AT,hh0425,2.0674589463751545,dem,processHeat_low
AT,hh0426,2.0658524855016367,dem,processHeat_low
AT,hh0427,2.0430187681458847,dem,processHeat_low
AT,hh0428,2.0365952399188245,dem,processHeat_low
AT,hh0429,2.0454403929843465,dem,processHeat_low
AT,hh0430,2.058304599958319,dem,processHeat_low
AT,hh0431,2.0705331031422247,dem,processHeat_low
AT,hh0432,2.064234677530294,dem,processHeat_low
AT,hh0433,2.0351185386325596,dem,processHeat_low
AT,hh0434,2.023311120737162,dem,processHeat_low
AT,hh0435,2.0271528256962483,dem,processHeat_low
AT,hh0436,2.039174317812467,dem,processHeat_low
AT,hh0437,2.0499880081479205,dem,processHeat_low
AT,hh0438,2.0438219376792404,dem,processHeat_low
AT,hh0439,2.020111221299885,dem,processHeat_low
AT,hh0440,2.004051469607475,dem,processHeat_low
AT,hh0441,1.9967158961417226,dem,processHeat_low
AT,hh0442,2.007582478031509,dem,processHeat_low
AT,hh0443,2.020235128740751,dem,processHeat_low
AT,hh0444,2.0162311515050533,dem,processHeat_low
AT,hh0445,1.9988585726541714,dem,processHeat_low
AT,hh0446,1.9991286058975675,dem,processHeat_low
AT,hh0447,2.018119793169717,dem,processHeat_low
AT,hh0448,2.030553462967873,dem,processHeat_low
AT,hh0449,2.0306528029605033,dem,processHeat_low
AT,hh0450,2.019437610935711,dem,processHeat_low
AT,hh0451,2.0224673763304963,dem,processHeat_low
AT,hh0452,2.0395827508345974,dem,processHeat_low
AT,hh0453,2.063340703558424,dem,processHeat_low
AT,hh0454,2.077329015281066,dem,processHeat_low
AT,hh0455,2.0455682708216045,dem,processHeat_low
AT,hh0456,2.016950811416791,dem,processHeat_low
AT,hh0457,2.0290298491963767,dem,processHeat_low
AT,hh0458,2.043259449514153,dem,processHeat_low
AT,hh0459,2.0586438524542245,dem,processHeat_low
AT,hh0460,2.069518864278507,dem,processHeat_low
AT,hh0461,2.0417588054624503,dem,processHeat_low
AT,hh0462,2.02095391174862,dem,processHeat_low
AT,hh0463,2.026673611257138,dem,processHeat_low
AT,hh0464,2.0487418141583476,dem,processHeat_low
AT,hh0465,2.060892536600477,dem,processHeat_low
AT,hh0466,2.0788507055067384,dem,processHeat_low
AT,hh0467,2.0595118752671624,dem,processHeat_low
AT,hh0468,2.03360500306826,dem,processHeat_low
AT,hh0469,2.0406826580774577,dem,processHeat_low
AT,hh0470,2.0541085023960477,dem,processHeat_low
AT,hh0471,2.063724643589012,dem,processHeat_low
AT,hh0472,2.080640905282962,dem,processHeat_low
AT,hh0473,2.0619182001237277,dem,processHeat_low
AT,hh0474,2.034821458682927,dem,processHeat_low
AT,hh0475,2.038743687136048,dem,processHeat_low
AT,hh0476,2.0541085023960477,dem,processHeat_low
AT,hh0477,2.0599385821760734,dem,processHeat_low
AT,hh0478,2.073411679691162,dem,processHeat_low
AT,hh0479,2.0566381510780047,dem,processHeat_low
AT,hh0480,2.034086989052412,dem,processHeat_low
AT,hh0481,2.035584912387094,dem,processHeat_low
AT,hh0482,2.0467906188277993,dem,processHeat_low
AT,hh0483,2.0540985187153638,dem,processHeat_low
AT,hh0484,2.0764848837943646,dem,processHeat_low
AT,hh0485,2.0662899839035163,dem,processHeat_low
AT,hh0486,2.046402254079112,dem,processHeat_low
AT,hh0487,2.0386105627167126,dem,processHeat_low
AT,hh0488,2.033360300068125,dem,processHeat_low
AT,hh0489,2.043366135441829,dem,processHeat_low
AT,hh0490,2.062684513412023,dem,processHeat_low
AT,hh0491,2.052944654127714,dem,processHeat_low
AT,hh0492,2.040223381495707,dem,processHeat_low
AT,hh0493,2.0422022886423292,dem,processHeat_low
AT,hh0494,2.046944566494858,dem,processHeat_low
AT,hh0495,2.063307257616543,dem,processHeat_low
AT,hh0496,2.05996061377391,dem,processHeat_low
AT,hh0497,2.0418919305493546,dem,processHeat_low
AT,hh0498,2.0384721111868203,dem,processHeat_low
AT,hh0499,2.0401655150271836,dem,processHeat_low
AT,hh0500,2.046600457256318,dem,processHeat_low
AT,hh0501,2.0618693674305177,dem,processHeat_low
AT,hh0502,2.0550981979304197,dem,processHeat_low
AT,hh0503,2.0298555310846496,dem,processHeat_low
AT,hh0504,2.013890780512156,dem,processHeat_low
AT,hh0505,2.021817481835569,dem,processHeat_low
AT,hh0506,2.0250640232980004,dem,processHeat_low
AT,hh0507,2.032866344278773,dem,processHeat_low
AT,hh0508,2.039020944727781,dem,processHeat_low
AT,hh0509,2.036751885283593,dem,processHeat_low
AT,hh0510,2.015171115164776,dem,processHeat_low
AT,hh0511,2.007320842039917,dem,processHeat_low
AT,hh0512,2.0141491853282787,dem,processHeat_low
AT,hh0513,2.0217660406933646,dem,processHeat_low
AT,hh0514,2.038911200410439,dem,processHeat_low
AT,hh0515,2.0438620638997236,dem,processHeat_low
AT,hh0516,2.026711856298789,dem,processHeat_low
AT,hh0517,2.0051245826989543,dem,processHeat_low
AT,hh0518,2.0008677725982125,dem,processHeat_low
AT,hh0519,2.0225605078312583,dem,processHeat_low
AT,hh0520,2.040911667390901,dem,processHeat_low
AT,hh0521,2.035916447425734,dem,processHeat_low
AT,hh0522,2.017508992682451,dem,processHeat_low
AT,hh0523,2.0033684304098642,dem,processHeat_low
AT,hh0524,2.0135614572773193,dem,processHeat_low
AT,hh0525,2.033372289599356,dem,processHeat_low
AT,hh0526,2.0528394090442816,dem,processHeat_low
AT,hh0527,2.042637762846425,dem,processHeat_low
AT,hh0528,2.0223102864338216,dem,processHeat_low
AT,hh0529,2.028364467906613,dem,processHeat_low
AT,hh0530,2.04750480425173,dem,processHeat_low
AT,hh0531,2.0626808790029827,dem,processHeat_low
AT,hh0532,2.080069782463397,dem,processHeat_low
AT,hh0533,2.0634993049425248,dem,processHeat_low
AT,hh0534,2.0386126293742564,dem,processHeat_low
AT,hh0535,2.0210625345443987,dem,processHeat_low
AT,hh0536,2.0214714811809245,dem,processHeat_low
AT,hh0537,2.0478183987643206,dem,processHeat_low
AT,hh0538,2.059537359737078,dem,processHeat_low
AT,hh0539,2.06952937495862,dem,processHeat_low
AT,hh0540,2.0679856336400917,dem,processHeat_low
BA,hh0361,0.0736372649029704,dem,processHeat_low
BA,hh0362,0.07441640705891928,dem,processHeat_low
BA,hh0363,0.07481414012988807,dem,processHeat_low
BA,hh0364,0.0747355051146883,dem,processHeat_low
BA,hh0365,0.07419477796975116,dem,processHeat_low
BA,hh0366,0.07362185159539081,dem,processHeat_low
BA,hh0367,0.0737011601903248,dem,processHeat_low
BA,hh0368,0.07394194285640765,dem,processHeat_low
BA,hh0369,0.07419215941507673,dem,processHeat_low
BA,hh0370,0.07405040848306044,dem,processHeat_low
BA,hh0371,0.07371911136323206,dem,processHeat_low
BA,hh0372,0.07365956981539057,dem,processHeat_low
BA,hh0373,0.0738518196757525,dem,processHeat_low
BA,hh0374,0.07416700247460994,dem,processHeat_low
BA,hh0375,0.07465286076924826,dem,processHeat_low
BA,hh0376,0.0744176548246287,dem,processHeat_low
BA,hh0377,0.07395868756682944,dem,processHeat_low
BA,hh0378,0.07387391777615449,dem,processHeat_low
BA,hh0379,0.07376279275462139,dem,processHeat_low
BA,hh0380,0.07388103190336892,dem,processHeat_low
BA,hh0381,0.07372017526739683,dem,processHeat_low
BA,hh0382,0.07360762631955708,dem,processHeat_low
BA,hh0383,0.07373101540511584,dem,processHeat_low
BA,hh0384,0.07388404783057467,dem,processHeat_low
BA,hh0385,0.07394269202410442,dem,processHeat_low
BA,hh0386,0.07422831670575647,dem,processHeat_low
BA,hh0387,0.07422576269772208,dem,processHeat_low
BA,hh0388,0.07374782109795319,dem,processHeat_low
BA,hh0389,0.07344913258361885,dem,processHeat_low
BA,hh0390,0.07345782671978895,dem,processHeat_low
BA,hh0391,0.07343402054388548,dem,processHeat_low
BA,hh0392,0.0735031478228052,dem,processHeat_low
BA,hh0393,0.07333690411923044,dem,processHeat_low
BA,hh0394,0.07334368949054237,dem,processHeat_low
BA,hh0395,0.07338619006915792,dem,processHeat_low
BA,hh0396,0.07311723263609338,dem,processHeat_low
BA,hh0397,0.07304337183666121,dem,processHeat_low
BA,hh0398,0.07303669313191108,dem,processHeat_low
BA,hh0399,0.07292044374625561,dem,processHeat_low
BA,hh0400,0.07309260501034487,dem,processHeat_low
BA,hh0401,0.07367536905292127,dem,processHeat_low
BA,hh0402,0.07377815572090185,dem,processHeat_low
BA,hh0403,0.07382113488637287,dem,processHeat_low
BA,hh0404,0.07384847717571574,dem,processHeat_low
BA,hh0405,0.07362531143695605,dem,processHeat_low
BA,hh0406,0.07412033267851825,dem,processHeat_low
BA,hh0407,0.07479713067829152,dem,processHeat_low
BA,hh0408,0.07417117159138797,dem,processHeat_low
BA,hh0409,0.07368209949873972,dem,processHeat_low
BA,hh0410,0.07302387579258607,dem,processHeat_low
BA,hh0411,0.07253586589212091,dem,processHeat_low
BA,hh0412,0.07289859389427988,dem,processHeat_low
BA,hh0413,0.07309275008631744,dem,processHeat_low
BA,hh0414,0.07284416315957287,dem,processHeat_low
BA,hh0415,0.07291300707601067,dem,processHeat_low
BA,hh0416,0.07268446248590976,dem,processHeat_low
BA,hh0417,0.07253436097767008,dem,processHeat_low
BA,hh0418,0.07303010002763699,dem,processHeat_low
BA,hh0419,0.07317246886259454,dem,processHeat_low
BA,hh0420,0.07330530699863402,dem,processHeat_low
BA,hh0421,0.07354675960795021,dem,processHeat_low
BA,hh0422,0.07357361442285537,dem,processHeat_low
BA,hh0423,0.07416531549634442,dem,processHeat_low
BA,hh0424,0.07463388364263324,dem,processHeat_low
BA,hh0425,0.07466600153099989,dem,processHeat_low
BA,hh0426,0.07437252872750832,dem,processHeat_low
BA,hh0427,0.07365405630972077,dem,processHeat_low
BA,hh0428,0.07357361442285537,dem,processHeat_low
BA,hh0429,0.07416531549634442,dem,processHeat_low
BA,hh0430,0.0746549856071681,dem,processHeat_low
BA,hh0431,0.07469762886157127,dem,processHeat_low
BA,hh0432,0.07419329625767546,dem,processHeat_low
BA,hh0433,0.07296253834471145,dem,processHeat_low
BA,hh0434,0.07245373752883211,dem,processHeat_low
BA,hh0435,0.07261408636625788,dem,processHeat_low
BA,hh0436,0.07297526281016076,dem,processHeat_low
BA,hh0437,0.07300828332751053,dem,processHeat_low
BA,hh0438,0.07275313006252304,dem,processHeat_low
BA,hh0439,0.07213593018531128,dem,processHeat_low
BA,hh0440,0.07181700746193087,dem,processHeat_low
BA,hh0441,0.07204055278415922,dem,processHeat_low
BA,hh0442,0.07252933700459607,dem,processHeat_low
BA,hh0443,0.07256398336559755,dem,processHeat_low
BA,hh0444,0.07242829681092644,dem,processHeat_low
BA,hh0445,0.07223882978695428,dem,processHeat_low
BA,hh0446,0.07243573140988246,dem,processHeat_low
BA,hh0447,0.07348954400700336,dem,processHeat_low
BA,hh0448,0.07400955884463656,dem,processHeat_low
BA,hh0449,0.07333598843973732,dem,processHeat_low
BA,hh0450,0.07261449190463054,dem,processHeat_low
BA,hh0451,0.07267351659993437,dem,processHeat_low
BA,hh0452,0.07329398571690149,dem,processHeat_low
BA,hh0453,0.07439512535182757,dem,processHeat_low
BA,hh0454,0.07489514887973314,dem,processHeat_low
BA,hh0455,0.07353849450916528,dem,processHeat_low
BA,hh0456,0.07251282271656123,dem,processHeat_low
BA,hh0457,0.0736255409548221,dem,processHeat_low
BA,hh0458,0.0737995340295754,dem,processHeat_low
BA,hh0459,0.07373018596129555,dem,processHeat_low
BA,hh0460,0.07373070463282261,dem,processHeat_low
BA,hh0461,0.07299465448062392,dem,processHeat_low
BA,hh0462,0.07280574751212043,dem,processHeat_low
BA,hh0463,0.07366068464321529,dem,processHeat_low
BA,hh0464,0.07453264192764664,dem,processHeat_low
BA,hh0465,0.0744296861700775,dem,processHeat_low
BA,hh0466,0.07465636525347463,dem,processHeat_low
BA,hh0467,0.07431382778790407,dem,processHeat_low
BA,hh0468,0.07365289869539993,dem,processHeat_low
BA,hh0469,0.07414352468032348,dem,processHeat_low
BA,hh0470,0.07458635079061082,dem,processHeat_low
BA,hh0471,0.07439728821046288,dem,processHeat_low
BA,hh0472,0.07461349208301726,dem,processHeat_low
BA,hh0473,0.07425639132372908,dem,processHeat_low
BA,hh0474,0.07362396848907338,dem,processHeat_low
BA,hh0475,0.07403088561488858,dem,processHeat_low
BA,hh0476,0.07458635079061082,dem,processHeat_low
BA,hh0477,0.07431192785745111,dem,processHeat_low
BA,hh0478,0.07435366168107294,dem,processHeat_low
BA,hh0479,0.0735261954422981,dem,processHeat_low
BA,hh0480,0.07277109083847222,dem,processHeat_low
BA,hh0481,0.07315723419964115,dem,processHeat_low
BA,hh0482,0.0735819784207763,dem,processHeat_low
BA,hh0483,0.07350655205718226,dem,processHeat_low
BA,hh0484,0.07477768869767942,dem,processHeat_low
BA,hh0485,0.07485563087254832,dem,processHeat_low
BA,hh0486,0.07446284960181515,dem,processHeat_low
BA,hh0487,0.07377147537596329,dem,processHeat_low
BA,hh0488,0.07310140020587141,dem,processHeat_low
BA,hh0489,0.07348856537802817,dem,processHeat_low
BA,hh0490,0.07437388104582965,dem,processHeat_low
BA,hh0491,0.07443915248737198,dem,processHeat_low
BA,hh0492,0.07416466599252658,dem,processHeat_low
BA,hh0493,0.07364681691828423,dem,processHeat_low
BA,hh0494,0.07316566015660442,dem,processHeat_low
BA,hh0495,0.0736872157706614,dem,processHeat_low
BA,hh0496,0.07427513668955044,dem,processHeat_low
BA,hh0497,0.07425182550343834,dem,processHeat_low
BA,hh0498,0.07420905139164802,dem,processHeat_low
BA,hh0499,0.07367764253132236,dem,processHeat_low
BA,hh0500,0.07316208210249897,dem,processHeat_low
BA,hh0501,0.07379871597115084,dem,processHeat_low
BA,hh0502,0.07461635737527672,dem,processHeat_low
BA,hh0503,0.07352335565121848,dem,processHeat_low
BA,hh0504,0.07246063204996744,dem,processHeat_low
BA,hh0505,0.07261859410044735,dem,processHeat_low
BA,hh0506,0.07333967640209949,dem,processHeat_low
BA,hh0507,0.07358987483050328,dem,processHeat_low
BA,hh0508,0.07292873919317344,dem,processHeat_low
BA,hh0509,0.07248374565261884,dem,processHeat_low
BA,hh0510,0.07223537470679275,dem,processHeat_low
BA,hh0511,0.07244545268076763,dem,processHeat_low
BA,hh0512,0.0728310755507664,dem,processHeat_low
BA,hh0513,0.0727900402759758,dem,processHeat_low
BA,hh0514,0.07269358305481433,dem,processHeat_low
BA,hh0515,0.0728179457296676,dem,processHeat_low
BA,hh0516,0.07301646155687536,dem,processHeat_low
BA,hh0517,0.0727612741500252,dem,processHeat_low
BA,hh0518,0.07292666605323461,dem,processHeat_low
BA,hh0519,0.0737053301538424,dem,processHeat_low
BA,hh0520,0.07375312914999199,dem,processHeat_low
BA,hh0521,0.07359105449913272,dem,processHeat_low
BA,hh0522,0.07338219157031745,dem,processHeat_low
BA,hh0523,0.07311329418899959,dem,processHeat_low
BA,hh0524,0.07328417321247116,dem,processHeat_low
BA,hh0525,0.07394074046953847,dem,processHeat_low
BA,hh0526,0.07437539050550868,dem,processHeat_low
BA,hh0527,0.07391115975207185,dem,processHeat_low
BA,hh0528,0.07343938396093108,dem,processHeat_low
BA,hh0529,0.07338751935887444,dem,processHeat_low
BA,hh0530,0.07387301764077847,dem,processHeat_low
BA,hh0531,0.07452281480121314,dem,processHeat_low
BA,hh0532,0.07497414037672456,dem,processHeat_low
BA,hh0533,0.07436500061376705,dem,processHeat_low
BA,hh0534,0.0735238825274962,dem,processHeat_low
BA,hh0535,0.07260589418916652,dem,processHeat_low
BA,hh0536,0.07249171496829376,dem,processHeat_low
BA,hh0537,0.07343485156934548,dem,processHeat_low
BA,hh0538,0.07376385440352351,dem,processHeat_low
BA,hh0539,0.07376046132438319,dem,processHeat_low
BA,hh0540,0.07372911663034643,dem,processHeat_low
BE,hh0361,1.8740837747136538,dem,processHeat_low
BE,hh0362,1.8986647979754707,dem,processHeat_low
BE,hh0363,1.9074807168653933,dem,processHeat_low
BE,hh0364,1.8940736402873881,dem,processHeat_low
BE,hh0365,1.8729858970536952,dem,processHeat_low
BE,hh0366,1.8639576629202566,dem,processHeat_low
BE,hh0367,1.8782306539633282,dem,processHeat_low
BE,hh0368,1.8975677403850568,dem,processHeat_low
BE,hh0369,1.9060426736605223,dem,processHeat_low
BE,hh0370,1.8924812826635389,dem,processHeat_low
BE,hh0371,1.8718748886940375,dem,processHeat_low
BE,hh0372,1.864045495020946,dem,processHeat_low
BE,hh0373,1.8785809950804833,dem,processHeat_low
BE,hh0374,1.8980873084128689,dem,processHeat_low
BE,hh0375,1.9071069230385547,dem,processHeat_low
BE,hh0376,1.8932507438530592,dem,processHeat_low
BE,hh0377,1.8715633385891124,dem,processHeat_low
BE,hh0378,1.8639602123748773,dem,processHeat_low
BE,hh0379,1.8673185274255957,dem,processHeat_low
BE,hh0380,1.8643228355904284,dem,processHeat_low
BE,hh0381,1.8542157126312304,dem,processHeat_low
BE,hh0382,1.8606032952047826,dem,processHeat_low
BE,hh0383,1.8768069889929393,dem,processHeat_low
BE,hh0384,1.8801303135242051,dem,processHeat_low
BE,hh0385,1.875689064037033,dem,processHeat_low
BE,hh0386,1.877044365324764,dem,processHeat_low
BE,hh0387,1.8729713648053803,dem,processHeat_low
BE,hh0388,1.8690596855167314,dem,processHeat_low
BE,hh0389,1.8729793801257983,dem,processHeat_low
BE,hh0390,1.872016897065805,dem,processHeat_low
BE,hh0391,1.86532231585079,dem,processHeat_low
BE,hh0392,1.8581128335945323,dem,processHeat_low
BE,hh0393,1.8474086455644283,dem,processHeat_low
BE,hh0394,1.8574090825759413,dem,processHeat_low
BE,hh0395,1.8734983076465141,dem,processHeat_low
BE,hh0396,1.87388966724302,dem,processHeat_low
BE,hh0397,1.8710866037290543,dem,processHeat_low
BE,hh0398,1.8623828181489444,dem,processHeat_low
BE,hh0399,1.85316428445185,dem,processHeat_low
BE,hh0400,1.868849964444962,dem,processHeat_low
BE,hh0401,1.8952962313678654,dem,processHeat_low
BE,hh0402,1.8974843163268815,dem,processHeat_low
BE,hh0403,1.8937053794024905,dem,processHeat_low
BE,hh0404,1.884475515741542,dem,processHeat_low
BE,hh0405,1.8723621361859841,dem,processHeat_low
BE,hh0406,1.8807292587334814,dem,processHeat_low
BE,hh0407,1.8974435129175617,dem,processHeat_low
BE,hh0408,1.8797886062975522,dem,processHeat_low
BE,hh0409,1.871326810820392,dem,processHeat_low
BE,hh0410,1.8623236151224773,dem,processHeat_low
BE,hh0411,1.8533469571175374,dem,processHeat_low
BE,hh0412,1.8594570146724436,dem,processHeat_low
BE,hh0413,1.8563941017428078,dem,processHeat_low
BE,hh0414,1.8549386383419915,dem,processHeat_low
BE,hh0415,1.8655658268316984,dem,processHeat_low
BE,hh0416,1.8589909127804276,dem,processHeat_low
BE,hh0417,1.8539840176936195,dem,processHeat_low
BE,hh0418,1.8630391678416345,dem,processHeat_low
BE,hh0419,1.8587295174547762,dem,processHeat_low
BE,hh0420,1.859331977068905,dem,processHeat_low
BE,hh0421,1.8662253435177263,dem,processHeat_low
BE,hh0422,1.8687448201735606,dem,processHeat_low
BE,hh0423,1.8865204358990013,dem,processHeat_low
BE,hh0424,1.8987207298841895,dem,processHeat_low
BE,hh0425,1.8934864601560548,dem,processHeat_low
BE,hh0426,1.8816118101685788,dem,processHeat_low
BE,hh0427,1.8667467361492527,dem,processHeat_low
BE,hh0428,1.8687448201735606,dem,processHeat_low
BE,hh0429,1.8865204358990013,dem,processHeat_low
BE,hh0430,1.8990156432355434,dem,processHeat_low
BE,hh0431,1.893929439900603,dem,processHeat_low
BE,hh0432,1.8764967877950767,dem,processHeat_low
BE,hh0433,1.8473116604800452,dem,processHeat_low
BE,hh0434,1.8415074029635434,dem,processHeat_low
BE,hh0435,1.8560306864992526,dem,processHeat_low
BE,hh0436,1.8678970876089807,dem,processHeat_low
BE,hh0437,1.8639208418735507,dem,processHeat_low
BE,hh0438,1.8533173067044117,dem,processHeat_low
BE,hh0439,1.8418466205284858,dem,processHeat_low
BE,hh0440,1.8330990922077035,dem,processHeat_low
BE,hh0441,1.8375677703907058,dem,processHeat_low
BE,hh0442,1.8504988377380869,dem,processHeat_low
BE,hh0443,1.8453102027133355,dem,processHeat_low
BE,hh0444,1.8384906036226312,dem,processHeat_low
BE,hh0445,1.8376977014977456,dem,processHeat_low
BE,hh0446,1.8451932925390793,dem,processHeat_low
BE,hh0447,1.8662001710990808,dem,processHeat_low
BE,hh0448,1.8776348214123573,dem,processHeat_low
BE,hh0449,1.8708245584994074,dem,processHeat_low
BE,hh0450,1.8580483528639888,dem,processHeat_low
BE,hh0451,1.8616996975943039,dem,processHeat_low
BE,hh0452,1.878026294508345,dem,processHeat_low
BE,hh0453,1.9037606608144415,dem,processHeat_low
BE,hh0454,1.9174037838793083,dem,processHeat_low
BE,hh0455,1.8850030112944296,dem,processHeat_low
BE,hh0456,1.8598209294532353,dem,processHeat_low
BE,hh0457,1.889805112617978,dem,processHeat_low
BE,hh0458,1.89242002588162,dem,processHeat_low
BE,hh0459,1.8844581359699077,dem,processHeat_low
BE,hh0460,1.8825415107912704,dem,processHeat_low
BE,hh0461,1.8691680323036053,dem,processHeat_low
BE,hh0462,1.8631750221193215,dem,processHeat_low
BE,hh0463,1.8796613259173682,dem,processHeat_low
BE,hh0464,1.8978575042310695,dem,processHeat_low
BE,hh0465,1.890447037800186,dem,processHeat_low
BE,hh0466,1.890730188555608,dem,processHeat_low
BE,hh0467,1.8837910092624952,dem,processHeat_low
BE,hh0468,1.872155344645762,dem,processHeat_low
BE,hh0469,1.8861353369793505,dem,processHeat_low
BE,hh0470,1.899709164248634,dem,processHeat_low
BE,hh0471,1.8908650712392046,dem,processHeat_low
BE,hh0472,1.8910001941485461,dem,processHeat_low
BE,hh0473,1.8841522131870079,dem,processHeat_low
BE,hh0474,1.872336995466867,dem,processHeat_low
BE,hh0475,1.8858735392504968,dem,processHeat_low
BE,hh0476,1.899709164248634,dem,processHeat_low
BE,hh0477,1.8889334094101287,dem,processHeat_low
BE,hh0478,1.8844062635316732,dem,processHeat_low
BE,hh0479,1.8631508224370918,dem,processHeat_low
BE,hh0480,1.8469458456502252,dem,processHeat_low
BE,hh0481,1.860303719157855,dem,processHeat_low
BE,hh0482,1.8709181890217224,dem,processHeat_low
BE,hh0483,1.8658100199991168,dem,processHeat_low
BE,hh0484,1.8966049601713166,dem,processHeat_low
BE,hh0485,1.9013628126840558,dem,processHeat_low
BE,hh0486,1.8955044596286825,dem,processHeat_low
BE,hh0487,1.8797613730030207,dem,processHeat_low
BE,hh0488,1.8615582270622326,dem,processHeat_low
BE,hh0489,1.8695729483360992,dem,processHeat_low
BE,hh0490,1.8902113380936498,dem,processHeat_low
BE,hh0491,1.8929718996323572,dem,processHeat_low
BE,hh0492,1.8935757786039176,dem,processHeat_low
BE,hh0493,1.886326186394399,dem,processHeat_low
BE,hh0494,1.8767588636455912,dem,processHeat_low
BE,hh0495,1.890003056990281,dem,processHeat_low
BE,hh0496,1.8887376117354506,dem,processHeat_low
BE,hh0497,1.8837550846556042,dem,processHeat_low
BE,hh0498,1.892771261013877,dem,processHeat_low
BE,hh0499,1.8860268917387657,dem,processHeat_low
BE,hh0500,1.8767092654634325,dem,processHeat_low
BE,hh0501,1.89600360278655,dem,processHeat_low
BE,hh0502,1.9101261897540098,dem,processHeat_low
BE,hh0503,1.875119481488582,dem,processHeat_low
BE,hh0504,1.8524228619116911,dem,processHeat_low
BE,hh0505,1.8424351013991327,dem,processHeat_low
BE,hh0506,1.8465559671867595,dem,processHeat_low
BE,hh0507,1.8535885694791432,dem,processHeat_low
BE,hh0508,1.8490078244867618,dem,processHeat_low
BE,hh0509,1.8389366964183864,dem,processHeat_low
BE,hh0510,1.8282108219282236,dem,processHeat_low
BE,hh0511,1.829538357463207,dem,processHeat_low
BE,hh0512,1.848344794404511,dem,processHeat_low
BE,hh0513,1.8630501972183993,dem,processHeat_low
BE,hh0514,1.8591428720255863,dem,processHeat_low
BE,hh0515,1.8541888058962286,dem,processHeat_low
BE,hh0516,1.853339099110599,dem,processHeat_low
BE,hh0517,1.8543581204276052,dem,processHeat_low
BE,hh0518,1.8626510192898422,dem,processHeat_low
BE,hh0519,1.8757743927972115,dem,processHeat_low
BE,hh0520,1.8723462795051091,dem,processHeat_low
BE,hh0521,1.8564038249905934,dem,processHeat_low
BE,hh0522,1.8430782929090128,dem,processHeat_low
BE,hh0523,1.846656371494646,dem,processHeat_low
BE,hh0524,1.8599762900239512,dem,processHeat_low
BE,hh0525,1.8797317267399194,dem,processHeat_low
BE,hh0526,1.8905387036120374,dem,processHeat_low
BE,hh0527,1.8672361578946948,dem,processHeat_low
BE,hh0528,1.8460990440989917,dem,processHeat_low
BE,hh0529,1.8562414445341346,dem,processHeat_low
BE,hh0530,1.8789829033275964,dem,processHeat_low
BE,hh0531,1.8997030683349294,dem,processHeat_low
BE,hh0532,1.9122952135166997,dem,processHeat_low
BE,hh0533,1.884341138239506,dem,processHeat_low
BE,hh0534,1.8524455801334625,dem,processHeat_low
BE,hh0535,1.8339699183543416,dem,processHeat_low
BE,hh0536,1.836744593185358,dem,processHeat_low
BE,hh0537,1.8671197655476135,dem,processHeat_low
BE,hh0538,1.875245772874223,dem,processHeat_low
BE,hh0539,1.8690781517880168,dem,processHeat_low
BE,hh0540,1.8640804940678208,dem,processHeat_low
BG,hh0361,0.6512932739522057,dem,processHeat_low
BG,hh0362,0.6597718128350607,dem,processHeat_low
BG,hh0363,0.6615591690372185,dem,processHeat_low
BG,hh0364,0.6554186590963127,dem,processHeat_low
BG,hh0365,0.6489691635085819,dem,processHeat_low
BG,hh0366,0.647166381017314,dem,processHeat_low
BG,hh0367,0.652524728493745,dem,processHeat_low
BG,hh0368,0.6596380461251101,dem,processHeat_low
BG,hh0369,0.6613835199188998,dem,processHeat_low
BG,hh0370,0.6552237349321786,dem,processHeat_low
BG,hh0371,0.6488332826136229,dem,processHeat_low
BG,hh0372,0.6471770879484211,dem,processHeat_low
BG,hh0373,0.6525674742990759,dem,processHeat_low
BG,hh0374,0.6597013938401233,dem,processHeat_low
BG,hh0375,0.661513510185614,dem,processHeat_low
BG,hh0376,0.6553117563933029,dem,processHeat_low
BG,hh0377,0.6485873819510743,dem,processHeat_low
BG,hh0378,0.6469804604473666,dem,processHeat_low
BG,hh0379,0.645961684944723,dem,processHeat_low
BG,hh0380,0.6441713542160414,dem,processHeat_low
BG,hh0381,0.6421958755563537,dem,processHeat_low
BG,hh0382,0.645509637990699,dem,processHeat_low
BG,hh0383,0.6519346304310147,dem,processHeat_low
BG,hh0384,0.6519430175790148,dem,processHeat_low
BG,hh0385,0.6482747086270138,dem,processHeat_low
BG,hh0386,0.6495530956940456,dem,processHeat_low
BG,hh0387,0.6502082855768094,dem,processHeat_low
BG,hh0388,0.6507087531765592,dem,processHeat_low
BG,hh0389,0.6534818308716694,dem,processHeat_low
BG,hh0390,0.652164668220621,dem,processHeat_low
BG,hh0391,0.6479410184210792,dem,processHeat_low
BG,hh0392,0.6453219291015557,dem,processHeat_low
BG,hh0393,0.6429177173079097,dem,processHeat_low
BG,hh0394,0.6473511357557982,dem,processHeat_low
BG,hh0395,0.6536650587536315,dem,processHeat_low
BG,hh0396,0.6528743521564593,dem,processHeat_low
BG,hh0397,0.6498556854473918,dem,processHeat_low
BG,hh0398,0.6468158167419915,dem,processHeat_low
BG,hh0399,0.6448385197811604,dem,processHeat_low
BG,hh0400,0.6509199782692576,dem,processHeat_low
BG,hh0401,0.6601423320055346,dem,processHeat_low
BG,hh0402,0.6597903404958743,dem,processHeat_low
BG,hh0403,0.6564417088663959,dem,processHeat_low
BG,hh0404,0.653231209779733,dem,processHeat_low
BG,hh0405,0.6504176999890205,dem,processHeat_low
BG,hh0406,0.6541399995630854,dem,processHeat_low
BG,hh0407,0.6603702000779776,dem,processHeat_low
BG,hh0408,0.6516648016818181,dem,processHeat_low
BG,hh0409,0.6465333663738875,dem,processHeat_low
BG,hh0410,0.6439263053659943,dem,processHeat_low
BG,hh0411,0.6426966125791296,dem,processHeat_low
BG,hh0412,0.6454805701191617,dem,processHeat_low
BG,hh0413,0.6431537751925589,dem,processHeat_low
BG,hh0414,0.6411849519754469,dem,processHeat_low
BG,hh0415,0.6445182267348173,dem,processHeat_low
BG,hh0416,0.6434441572700962,dem,processHeat_low
BG,hh0417,0.6433818648736178,dem,processHeat_low
BG,hh0418,0.6470889293323125,dem,processHeat_low
BG,hh0419,0.6442214072162642,dem,processHeat_low
BG,hh0420,0.6427489647462608,dem,processHeat_low
BG,hh0421,0.6470248992266079,dem,processHeat_low
BG,hh0422,0.6477305207729387,dem,processHeat_low
BG,hh0423,0.6534028440676138,dem,processHeat_low
BG,hh0424,0.6579787102382397,dem,processHeat_low
BG,hh0425,0.6579865382720982,dem,processHeat_low
BG,hh0426,0.6544225195061699,dem,processHeat_low
BG,hh0427,0.6480062640271171,dem,processHeat_low
BG,hh0428,0.6477305207729387,dem,processHeat_low
BG,hh0429,0.6534028440676138,dem,processHeat_low
BG,hh0430,0.6580330956876423,dem,processHeat_low
BG,hh0431,0.658068064993131,dem,processHeat_low
BG,hh0432,0.6529523312606216,dem,processHeat_low
BG,hh0433,0.6424404949077598,dem,processHeat_low
BG,hh0434,0.6399782981593489,dem,processHeat_low
BG,hh0435,0.6448167997598375,dem,processHeat_low
BG,hh0436,0.649296231387325,dem,processHeat_low
BG,hh0437,0.6497094369960905,dem,processHeat_low
BG,hh0438,0.6465928132015506,dem,processHeat_low
BG,hh0439,0.6410675963234098,dem,processHeat_low
BG,hh0440,0.6364651683754801,dem,processHeat_low
BG,hh0441,0.6365775854560525,dem,processHeat_low
BG,hh0442,0.6410987184294754,dem,processHeat_low
BG,hh0443,0.6411406277406968,dem,processHeat_low
BG,hh0444,0.6390891535688752,dem,processHeat_low
BG,hh0445,0.6366532982431181,dem,processHeat_low
BG,hh0446,0.6381631706217377,dem,processHeat_low
BG,hh0447,0.6448968498700651,dem,processHeat_low
BG,hh0448,0.6490375851801673,dem,processHeat_low
BG,hh0449,0.6488693552789755,dem,processHeat_low
BG,hh0450,0.6453355586786529,dem,processHeat_low
BG,hh0451,0.6465665134751362,dem,processHeat_low
BG,hh0452,0.6520638963572765,dem,processHeat_low
BG,hh0453,0.660859945051925,dem,processHeat_low
BG,hh0454,0.6659864199743879,dem,processHeat_low
BG,hh0455,0.654987531786901,dem,processHeat_low
BG,hh0456,0.6459166437869044,dem,processHeat_low
BG,hh0457,0.6547098216619816,dem,processHeat_low
BG,hh0458,0.6562254643110919,dem,processHeat_low
BG,hh0459,0.6552830734779036,dem,processHeat_low
BG,hh0460,0.6559094840461057,dem,processHeat_low
BG,hh0461,0.650414592394327,dem,processHeat_low
BG,hh0462,0.6468123506233496,dem,processHeat_low
BG,hh0463,0.6508317780139805,dem,processHeat_low
BG,hh0464,0.657266771514287,dem,processHeat_low
BG,hh0465,0.6563439878805184,dem,processHeat_low
BG,hh0466,0.6580606884101599,dem,processHeat_low
BG,hh0467,0.6549801371147623,dem,processHeat_low
BG,hh0468,0.6494657949222074,dem,processHeat_low
BG,hh0469,0.6531672037017415,dem,processHeat_low
BG,hh0470,0.6579262792845384,dem,processHeat_low
BG,hh0471,0.6564317735942495,dem,processHeat_low
BG,hh0472,0.6581210727931648,dem,processHeat_low
BG,hh0473,0.6550609963173883,dem,processHeat_low
BG,hh0474,0.6495065234078083,dem,processHeat_low
BG,hh0475,0.6531351745270513,dem,processHeat_low
BG,hh0476,0.6579262792845384,dem,processHeat_low
BG,hh0477,0.655925840153941,dem,processHeat_low
BG,hh0478,0.6563089211779243,dem,processHeat_low
BG,hh0479,0.6490051714281435,dem,processHeat_low
BG,hh0480,0.642081128059317,dem,processHeat_low
BG,hh0481,0.645684490604026,dem,processHeat_low
BG,hh0482,0.6495980892343596,dem,processHeat_low
BG,hh0483,0.6492505236772104,dem,processHeat_low
BG,hh0484,0.6598244678107221,dem,processHeat_low
BG,hh0485,0.6600310690494098,dem,processHeat_low
BG,hh0486,0.6561242873306128,dem,processHeat_low
BG,hh0487,0.6512544447436994,dem,processHeat_low
BG,hh0488,0.6460021120408328,dem,processHeat_low
BG,hh0489,0.6493587257882609,dem,processHeat_low
BG,hh0490,0.6570300735390902,dem,processHeat_low
BG,hh0491,0.6566314367605628,dem,processHeat_low
BG,hh0492,0.6554917675005072,dem,processHeat_low
BG,hh0493,0.6542523017571966,dem,processHeat_low
BG,hh0494,0.6526685282624385,dem,processHeat_low
BG,hh0495,0.6582258648763855,dem,processHeat_low
BG,hh0496,0.6564522761884746,dem,processHeat_low
BG,hh0497,0.6527132563919622,dem,processHeat_low
BG,hh0498,0.6551729692632762,dem,processHeat_low
BG,hh0499,0.6541880902352659,dem,processHeat_low
BG,hh0500,0.6526594153945098,dem,processHeat_low
BG,hh0501,0.6600146753623903,dem,processHeat_low
BG,hh0502,0.6628446465167599,dem,processHeat_low
BG,hh0503,0.6504254103519997,dem,processHeat_low
BG,hh0504,0.6427774021472032,dem,processHeat_low
BG,hh0505,0.6399537366874029,dem,processHeat_low
BG,hh0506,0.6404264314128341,dem,processHeat_low
BG,hh0507,0.6426666542299699,dem,processHeat_low
BG,hh0508,0.6430917645445788,dem,processHeat_low
BG,hh0509,0.6400978461581417,dem,processHeat_low
BG,hh0510,0.6347758446547687,dem,processHeat_low
BG,hh0511,0.6345571135996124,dem,processHeat_low
BG,hh0512,0.6409044926158458,dem,processHeat_low
BG,hh0513,0.6464703596957406,dem,processHeat_low
BG,hh0514,0.646934008181006,dem,processHeat_low
BG,hh0515,0.6453661210823611,dem,processHeat_low
BG,hh0516,0.6428732496951852,dem,processHeat_low
BG,hh0517,0.6422517946984954,dem,processHeat_low
BG,hh0518,0.6444724422572108,dem,processHeat_low
BG,hh0519,0.6491350323701681,dem,processHeat_low
BG,hh0520,0.6494976319854686,dem,processHeat_low
BG,hh0521,0.643756492990633,dem,processHeat_low
BG,hh0522,0.6378036930796043,dem,processHeat_low
BG,hh0523,0.6387293110003611,dem,processHeat_low
BG,hh0524,0.6440205821750169,dem,processHeat_low
BG,hh0525,0.6508065324435393,dem,processHeat_low
BG,hh0526,0.6552386390255833,dem,processHeat_low
BG,hh0527,0.647723796319724,dem,processHeat_low
BG,hh0528,0.6394218463065044,dem,processHeat_low
BG,hh0529,0.6432603465013926,dem,processHeat_low
BG,hh0530,0.651751589054129,dem,processHeat_low
BG,hh0531,0.659061960074041,dem,processHeat_low
BG,hh0532,0.6644120611874769,dem,processHeat_low
BG,hh0533,0.6550757870802499,dem,processHeat_low
BG,hh0534,0.6435333806471135,dem,processHeat_low
BG,hh0535,0.6368454021048819,dem,processHeat_low
BG,hh0536,0.6377834099321262,dem,processHeat_low
BG,hh0537,0.6487663578520824,dem,processHeat_low
BG,hh0538,0.6522312722847801,dem,processHeat_low
BG,hh0539,0.6520036580006945,dem,processHeat_low
BG,hh0540,0.6504500133007696,dem,processHeat_low
CH,hh0361,0.3286331766876174,dem,processHeat_low
CH,hh0362,0.3321103829927097,dem,processHeat_low
CH,hh0363,0.3338854120183896,dem,processHeat_low
CH,hh0364,0.33353447455647256,dem,processHeat_low
CH,hh0365,0.3311212822743528,dem,processHeat_low
CH,hh0366,0.3285643891759946,dem,processHeat_low
CH,hh0367,0.3289183327331102,dem,processHeat_low
CH,hh0368,0.32999291328087565,dem,processHeat_low
CH,hh0369,0.3311095960179955,dem,processHeat_low
CH,hh0370,0.3304769807360799,dem,processHeat_low
CH,hh0371,0.3289984463951896,dem,processHeat_low
CH,hh0372,0.3287327205018755,dem,processHeat_low
CH,hh0373,0.32959070568676907,dem,processHeat_low
CH,hh0374,0.3309973239871624,dem,processHeat_low
CH,hh0375,0.3331656439950166,dem,processHeat_low
CH,hh0376,0.3321159516025318,dem,processHeat_low
CH,hh0377,0.330067642663721,dem,processHeat_low
CH,hh0378,0.32968932652670446,dem,processHeat_low
CH,hh0379,0.3291933905509268,dem,processHeat_low
CH,hh0380,0.32972107591649547,dem,processHeat_low
CH,hh0381,0.32900319445616333,dem,processHeat_low
CH,hh0382,0.32850090368913243,dem,processHeat_low
CH,hh0383,0.32905157252798745,dem,processHeat_low
CH,hh0384,0.32973453559282007,dem,processHeat_low
CH,hh0385,0.32999625671493504,dem,processHeat_low
CH,hh0386,0.33127096112707477,dem,processHeat_low
CH,hh0387,0.3312595629339512,dem,processHeat_low
CH,hh0388,0.32912657406745893,dem,processHeat_low
CH,hh0389,0.327793567532467,dem,processHeat_low
CH,hh0390,0.3278323682894779,dem,processHeat_low
CH,hh0391,0.3277261245389127,dem,processHeat_low
CH,hh0392,0.3280346302566386,dem,processHeat_low
CH,hh0393,0.32729270704010105,dem,processHeat_low
CH,hh0394,0.3273229892371319,dem,processHeat_low
CH,hh0395,0.3275126635842298,dem,processHeat_low
CH,hh0396,0.3263123428532708,dem,processHeat_low
CH,hh0397,0.3259827120721184,dem,processHeat_low
CH,hh0398,0.3259529059145052,dem,processHeat_low
CH,hh0399,0.3254341005928154,dem,processHeat_low
CH,hh0400,0.32620243308304,dem,processHeat_low
CH,hh0401,0.3288032303669297,dem,processHeat_low
CH,hh0402,0.32926195339632613,dem,processHeat_low
CH,hh0403,0.3294537636120367,dem,processHeat_low
CH,hh0404,0.32957578855996417,dem,processHeat_low
CH,hh0405,0.32857982998177704,dem,processHeat_low
CH,hh0406,0.33078904298474754,dem,processHeat_low
CH,hh0407,0.33380950113109975,dem,processHeat_low
CH,hh0408,0.3310159301929616,dem,processHeat_low
CH,hh0409,0.3288332674381991,dem,processHeat_low
CH,hh0410,0.32589570385812294,dem,processHeat_low
CH,hh0411,0.32371778152446495,dem,processHeat_low
CH,hh0412,0.32533658765157725,dem,processHeat_low
CH,hh0413,0.3262030805375389,dem,processHeat_low
CH,hh0414,0.3250936706273251,dem,processHeat_low
CH,hh0415,0.32540091173666497,dem,processHeat_low
CH,hh0416,0.32438094807082507,dem,processHeat_low
CH,hh0417,0.3237110652942192,dem,processHeat_low
CH,hh0418,0.32592348177968233,dem,processHeat_low
CH,hh0419,0.32655885467875123,dem,processHeat_low
CH,hh0420,0.3271516933548355,dem,processHeat_low
CH,hh0421,0.32822926376866235,dem,processHeat_low
CH,hh0422,0.32834911318389004,dem,processHeat_low
CH,hh0423,0.3309897952310621,dem,processHeat_low
CH,hh0424,0.33308095163954476,dem,processHeat_low
CH,hh0425,0.3332242894414321,dem,processHeat_low
CH,hh0426,0.33191455992073315,dem,processHeat_low
CH,hh0427,0.32870811447014603,dem,processHeat_low
CH,hh0428,0.32834911318389004,dem,processHeat_low
CH,hh0429,0.3309897952310621,dem,processHeat_low
CH,hh0430,0.3331751268598282,dem,processHeat_low
CH,hh0431,0.33336543794996487,dem,processHeat_low
CH,hh0432,0.3311146695931484,dem,processHeat_low
CH,hh0433,0.32562196310539093,dem,processHeat_low
CH,hh0434,0.3233512537213983,dem,processHeat_low
CH,hh0435,0.3240668689455788,dem,processHeat_low
CH,hh0436,0.3256787506775254,dem,processHeat_low
CH,hh0437,0.32582611679083584,dem,processHeat_low
CH,hh0438,0.32468740219928804,dem,processHeat_low
CH,hh0439,0.32193292243198357,dem,processHeat_low
CH,hh0440,0.32050961335289685,dem,processHeat_low
CH,hh0441,0.32150726596080403,dem,processHeat_low
CH,hh0442,0.32368864398040387,dem,processHeat_low
CH,hh0443,0.3238432660143644,dem,processHeat_low
CH,hh0444,0.3232377152301069,dem,processHeat_low
CH,hh0445,0.3223921494688966,dem,processHeat_low
CH,hh0446,0.3232708948421532,dem,processHeat_low
CH,hh0447,0.3279739182623871,dem,processHeat_low
CH,hh0448,0.3302946743121993,dem,processHeat_low
CH,hh0449,0.3272886204861152,dem,processHeat_low
CH,hh0450,0.3240686788084304,dem,processHeat_low
CH,hh0451,0.3243320980587896,dem,processHeat_low
CH,hh0452,0.3271011680021729,dem,processHeat_low
CH,hh0453,0.3320154056056026,dem,processHeat_low
CH,hh0454,0.33424694313782766,dem,processHeat_low
CH,hh0455,0.32819237774799603,dem,processHeat_low
CH,hh0456,0.32361494294116255,dem,processHeat_low
CH,hh0457,0.32858085428870254,dem,processHeat_low
CH,hh0458,0.32935736190290754,dem,processHeat_low
CH,hh0459,0.3290478708322553,dem,processHeat_low
CH,hh0460,0.32905018559347354,dem,processHeat_low
CH,hh0461,0.3257652930859649,dem,processHeat_low
CH,hh0462,0.3249222267768346,dem,processHeat_low
CH,hh0463,0.32873769582795376,dem,processHeat_low
CH,hh0464,0.3326291235272265,dem,processHeat_low
CH,hh0465,0.3321696458739325,dem,processHeat_low
CH,hh0466,0.33318128403504943,dem,processHeat_low
CH,hh0467,0.33165258554811317,dem,processHeat_low
CH,hh0468,0.3287029481934951,dem,processHeat_low
CH,hh0469,0.3308925457596388,dem,processHeat_low
CH,hh0470,0.3328688189347986,dem,processHeat_low
CH,hh0471,0.3320250581518849,dem,processHeat_low
CH,hh0472,0.3329899468602662,dem,processHeat_low
CH,hh0473,0.33139625435887865,dem,processHeat_low
CH,hh0474,0.3285738365867701,dem,processHeat_low
CH,hh0475,0.33038985280984434,dem,processHeat_low
CH,hh0476,0.3328688189347986,dem,processHeat_low
CH,hh0477,0.3316441064147284,dem,processHeat_low
CH,hh0478,0.33183035883791945,dem,processHeat_low
CH,hh0479,0.32813748867238246,dem,processHeat_low
CH,hh0480,0.32476755871869045,dem,processHeat_low
CH,hh0481,0.326490864433822,dem,processHeat_low
CH,hh0482,0.32838644057790134,dem,processHeat_low
CH,hh0483,0.3280498228950819,dem,processHeat_low
CH,hh0484,0.33372273419536214,dem,processHeat_low
CH,hh0485,0.33407057960414477,dem,processHeat_low
CH,hh0486,0.33231764979461786,dem,processHeat_low
CH,hh0487,0.3292321399183038,dem,processHeat_low
CH,hh0488,0.326241684853926,dem,processHeat_low
CH,hh0489,0.32796955077310486,dem,processHeat_low
CH,hh0490,0.33192059513453387,dem,processHeat_low
CH,hh0491,0.3322118927706015,dem,processHeat_low
CH,hh0492,0.33098689658311287,dem,processHeat_low
CH,hh0493,0.3286758060430657,dem,processHeat_low
CH,hh0494,0.3265284683426444,dem,processHeat_low
CH,hh0495,0.32885610066989557,dem,processHeat_low
CH,hh0496,0.3314799123971852,dem,processHeat_low
CH,hh0497,0.33137587771898325,dem,processHeat_low
CH,hh0498,0.3311849826301341,dem,processHeat_low
CH,hh0499,0.3288133765939847,dem,processHeat_low
CH,hh0500,0.3265124999699083,dem,processHeat_low
CH,hh0501,0.3293537110184843,dem,processHeat_low
CH,hh0502,0.3330027342735775,dem,processHeat_low
CH,hh0503,0.3281248150678948,dem,processHeat_low
CH,hh0504,0.32338202303901653,dem,processHeat_low
CH,hh0505,0.32408698635458677,dem,processHeat_low
CH,hh0506,0.3273050793644643,dem,processHeat_low
CH,hh0507,0.3284216811889564,dem,processHeat_low
CH,hh0508,0.3254711220528179,dem,processHeat_low
CH,hh0509,0.3234851759289086,dem,processHeat_low
CH,hh0510,0.3223767299125484,dem,processHeat_low
CH,hh0511,0.3233142795625099,dem,processHeat_low
CH,hh0512,0.32503526239531766,dem,processHeat_low
CH,hh0513,0.32485212750111714,dem,processHeat_low
CH,hh0514,0.3244216519390193,dem,processHeat_low
CH,hh0515,0.32497666577546624,dem,processHeat_low
CH,hh0516,0.3258626151247199,dem,processHeat_low
CH,hh0517,0.32472374816279626,dem,processHeat_low
CH,hh0518,0.3254618699089633,dem,processHeat_low
CH,hh0519,0.32893694271740515,dem,processHeat_low
CH,hh0520,0.32915026318733,dem,processHeat_low
CH,hh0521,0.3284269458910103,dem,processHeat_low
CH,hh0522,0.3274948188235385,dem,processHeat_low
CH,hh0523,0.32629476609531594,dem,processHeat_low
CH,hh0524,0.32705737611900076,dem,processHeat_low
CH,hh0525,0.3299875471905125,dem,processHeat_low
CH,hh0526,0.3319273316496947,dem,processHeat_low
CH,hh0527,0.32985553243997856,dem,processHeat_low
CH,hh0528,0.3277500607453021,dem,processHeat_low
CH,hh0529,0.32751859602501554,dem,processHeat_low
CH,hh0530,0.3296853093441996,dem,processHeat_low
CH,hh0531,0.33258526638803687,dem,processHeat_low
CH,hh0532,0.3345994715297138,dem,processHeat_low
CH,hh0533,0.33188096296453296,dem,processHeat_low
CH,hh0534,0.3281271664457108,dem,processHeat_low
CH,hh0535,0.3240303083643994,dem,processHeat_low
CH,hh0536,0.32352074190896474,dem,processHeat_low
CH,hh0537,0.32772983329334693,dem,processHeat_low
CH,hh0538,0.3291981285466363,dem,processHeat_low
CH,hh0539,0.3291829856923414,dem,processHeat_low
CH,hh0540,0.32904309855246083,dem,processHeat_low
CZ,hh0361,3.323652285271237,dem,processHeat_low
CZ,hh0362,3.3539257945885765,dem,processHeat_low
CZ,hh0363,3.366674511173187,dem,processHeat_low
CZ,hh0364,3.3396776511708595,dem,processHeat_low
CZ,hh0365,3.304844652311658,dem,processHeat_low
CZ,hh0366,3.298520595903028,dem,processHeat_low
CZ,hh0367,3.3265016077621112,dem,processHeat_low
CZ,hh0368,3.3509663316235674,dem,processHeat_low
CZ,hh0369,3.3627926797162218,dem,processHeat_low
CZ,hh0370,3.335373816116771,dem,processHeat_low
CZ,hh0371,3.301842697132088,dem,processHeat_low
CZ,hh0372,3.298756367054011,dem,processHeat_low
CZ,hh0373,3.3274443735735986,dem,processHeat_low
CZ,hh0374,3.3523680863017944,dem,processHeat_low
CZ,hh0375,3.3656657495630498,dem,processHeat_low
CZ,hh0376,3.3357602078885975,dem,processHeat_low
CZ,hh0377,3.3131396298067557,dem,processHeat_low
CZ,hh0378,3.31663605445101,dem,processHeat_low
CZ,hh0379,3.309311619048458,dem,processHeat_low
CZ,hh0380,3.313162023825498,dem,processHeat_low
CZ,hh0381,3.3134480222252023,dem,processHeat_low
CZ,hh0382,3.3195080578552734,dem,processHeat_low
CZ,hh0383,3.319445007309696,dem,processHeat_low
CZ,hh0384,3.315373062996514,dem,processHeat_low
CZ,hh0385,3.3117736783151486,dem,processHeat_low
CZ,hh0386,3.329608057050791,dem,processHeat_low
CZ,hh0387,3.3379638127935323,dem,processHeat_low
CZ,hh0388,3.336703703364037,dem,processHeat_low
CZ,hh0389,3.3267560378717462,dem,processHeat_low
CZ,hh0390,3.3189976545290847,dem,processHeat_low
CZ,hh0391,3.314004313782789,dem,processHeat_low
CZ,hh0392,3.3196907842611836,dem,processHeat_low
CZ,hh0393,3.318508609851051,dem,processHeat_low
CZ,hh0394,3.3276830880149646,dem,processHeat_low
CZ,hh0395,3.326771217292844,dem,processHeat_low
CZ,hh0396,3.3185067590620747,dem,processHeat_low
CZ,hh0397,3.315652767485517,dem,processHeat_low
CZ,hh0398,3.320048376917839,dem,processHeat_low
CZ,hh0399,3.3199973261416744,dem,processHeat_low
CZ,hh0400,3.3334411671785347,dem,processHeat_low
CZ,hh0401,3.340613361193391,dem,processHeat_low
CZ,hh0402,3.3268938473029266,dem,processHeat_low
CZ,hh0403,3.324917638261468,dem,processHeat_low
CZ,hh0404,3.3281502690242633,dem,processHeat_low
CZ,hh0405,3.323878202227206,dem,processHeat_low
CZ,hh0406,3.33446673119397,dem,processHeat_low
CZ,hh0407,3.337144157552757,dem,processHeat_low
CZ,hh0408,3.3077562858579768,dem,processHeat_low
CZ,hh0409,3.3056113750935765,dem,processHeat_low
CZ,hh0410,3.3077990764722927,dem,processHeat_low
CZ,hh0411,3.3083229214098537,dem,processHeat_low
CZ,hh0412,3.3116488988780475,dem,processHeat_low
CZ,hh0413,3.286915981969287,dem,processHeat_low
CZ,hh0414,3.271136149092854,dem,processHeat_low
CZ,hh0415,3.2901032583231427,dem,processHeat_low
CZ,hh0416,3.29715017608396,dem,processHeat_low
CZ,hh0417,3.2992834393644443,dem,processHeat_low
CZ,hh0418,3.3054317299574905,dem,processHeat_low
CZ,hh0419,3.281735612312332,dem,processHeat_low
CZ,hh0420,3.2817240850145026,dem,processHeat_low
CZ,hh0421,3.3131198933388077,dem,processHeat_low
CZ,hh0422,3.325073244554005,dem,processHeat_low
CZ,hh0423,3.3419348172483296,dem,processHeat_low
CZ,hh0424,3.34957811258937,dem,processHeat_low
CZ,hh0425,3.3382411195252644,dem,processHeat_low
CZ,hh0426,3.3291454727877863,dem,processHeat_low
CZ,hh0427,3.317641921397808,dem,processHeat_low
CZ,hh0428,3.325073244554005,dem,processHeat_low
CZ,hh0429,3.3419348172483296,dem,processHeat_low
CZ,hh0430,3.355419239413095,dem,processHeat_low
CZ,hh0431,3.347018587097409,dem,processHeat_low
CZ,hh0432,3.3242048210504436,dem,processHeat_low
CZ,hh0433,3.2939908339903923,dem,processHeat_low
CZ,hh0434,3.292774753535923,dem,processHeat_low
CZ,hh0435,3.3102333017159253,dem,processHeat_low
CZ,hh0436,3.3264249034291424,dem,processHeat_low
CZ,hh0437,3.315818938330267,dem,processHeat_low
CZ,hh0438,3.2927213666098396,dem,processHeat_low
CZ,hh0439,3.2815886867283552,dem,processHeat_low
CZ,hh0440,3.27846567144843,dem,processHeat_low
CZ,hh0441,3.2783667899511784,dem,processHeat_low
CZ,hh0442,3.2919465038175986,dem,processHeat_low
CZ,hh0443,3.284298283935641,dem,processHeat_low
CZ,hh0444,3.2686967688441655,dem,processHeat_low
CZ,hh0445,3.273139902170442,dem,processHeat_low
CZ,hh0446,3.2911763309148228,dem,processHeat_low
CZ,hh0447,3.3152253324296908,dem,processHeat_low
CZ,hh0448,3.3274807793186483,dem,processHeat_low
CZ,hh0449,3.3145202473224344,dem,processHeat_low
CZ,hh0450,3.2938265707871324,dem,processHeat_low
CZ,hh0451,3.3027231769883656,dem,processHeat_low
CZ,hh0452,3.333404247796352,dem,processHeat_low
CZ,hh0453,3.3634568987781677,dem,processHeat_low
CZ,hh0454,3.378407690936001,dem,processHeat_low
CZ,hh0455,3.332269007278228,dem,processHeat_low
CZ,hh0456,3.294426472097257,dem,processHeat_low
CZ,hh0457,3.3245856141875265,dem,processHeat_low
CZ,hh0458,3.3446626038494287,dem,processHeat_low
CZ,hh0459,3.3484294764457445,dem,processHeat_low
CZ,hh0460,3.3514377990431967,dem,processHeat_low
CZ,hh0461,3.319951728457454,dem,processHeat_low
CZ,hh0462,3.2978936344552494,dem,processHeat_low
CZ,hh0463,3.3151947400365316,dem,processHeat_low
CZ,hh0464,3.3417318659667217,dem,processHeat_low
CZ,hh0465,3.3421525038756954,dem,processHeat_low
CZ,hh0466,3.347940519490294,dem,processHeat_low
CZ,hh0467,3.3201254340765445,dem,processHeat_low
CZ,hh0468,3.303915085438348,dem,processHeat_low
CZ,hh0469,3.331554669463003,dem,processHeat_low
CZ,hh0470,3.354983116263611,dem,processHeat_low
CZ,hh0471,3.3533753150113625,dem,processHeat_low
CZ,hh0472,3.356229568742492,dem,processHeat_low
CZ,hh0473,3.3312638388815685,dem,processHeat_low
CZ,hh0474,3.309517055957258,dem,processHeat_low
CZ,hh0475,3.330848364126723,dem,processHeat_low
CZ,hh0476,3.354983116263611,dem,processHeat_low
CZ,hh0477,3.3425085677481547,dem,processHeat_low
CZ,hh0478,3.335165349286399,dem,processHeat_low
CZ,hh0479,3.314875447011218,dem,processHeat_low
CZ,hh0480,3.3058337319962448,dem,processHeat_low
CZ,hh0481,3.3203286821499205,dem,processHeat_low
CZ,hh0482,3.3325083768104378,dem,processHeat_low
CZ,hh0483,3.3244768958229542,dem,processHeat_low
CZ,hh0484,3.3447267423543963,dem,processHeat_low
CZ,hh0485,3.344779383220157,dem,processHeat_low
CZ,hh0486,3.34368953511148,dem,processHeat_low
CZ,hh0487,3.3347998875597114,dem,processHeat_low
CZ,hh0488,3.32045516285325,dem,processHeat_low
CZ,hh0489,3.3222847380366147,dem,processHeat_low
CZ,hh0490,3.334438152178336,dem,processHeat_low
CZ,hh0491,3.333189998418675,dem,processHeat_low
CZ,hh0492,3.3403246034104086,dem,processHeat_low
CZ,hh0493,3.3422446859040065,dem,processHeat_low
CZ,hh0494,3.3388328007622476,dem,processHeat_low
CZ,hh0495,3.3474594746239745,dem,processHeat_low
CZ,hh0496,3.3323149628140527,dem,processHeat_low
CZ,hh0497,3.319593725780578,dem,processHeat_low
CZ,hh0498,3.33317024185817,dem,processHeat_low
CZ,hh0499,3.3338452511561627,dem,processHeat_low
CZ,hh0500,3.3378569290343876,dem,processHeat_low
CZ,hh0501,3.3479856564026704,dem,processHeat_low
CZ,hh0502,3.3378879660467646,dem,processHeat_low
CZ,hh0503,3.3041892877972714,dem,processHeat_low
CZ,hh0504,3.2944167086970992,dem,processHeat_low
CZ,hh0505,3.2873603272346372,dem,processHeat_low
CZ,hh0506,3.2798095653633936,dem,processHeat_low
CZ,hh0507,3.2977511427015997,dem,processHeat_low
CZ,hh0508,3.3068788102773397,dem,processHeat_low
CZ,hh0509,3.3067075774979457,dem,processHeat_low
CZ,hh0510,3.2831633342048008,dem,processHeat_low
CZ,hh0511,3.264388834048077,dem,processHeat_low
CZ,hh0512,3.281095502044991,dem,processHeat_low
CZ,hh0513,3.3069618971476302,dem,processHeat_low
CZ,hh0514,3.3204758277042856,dem,processHeat_low
CZ,hh0515,3.320863404092961,dem,processHeat_low
CZ,hh0516,3.3055310574964096,dem,processHeat_low
CZ,hh0517,3.2793736851053836,dem,processHeat_low
CZ,hh0518,3.278498768035206,dem,processHeat_low
CZ,hh0519,3.305179346665682,dem,processHeat_low
CZ,hh0520,3.319878296017123,dem,processHeat_low
CZ,hh0521,3.3062251657338493,dem,processHeat_low
CZ,hh0522,3.2819518983505986,dem,processHeat_low
CZ,hh0523,3.2661999963020207,dem,processHeat_low
CZ,hh0524,3.2827020440199703,dem,processHeat_low
CZ,hh0525,3.319765790265592,dem,processHeat_low
CZ,hh0526,3.3455505360216193,dem,processHeat_low
CZ,hh0527,3.312077475065962,dem,processHeat_low
CZ,hh0528,3.2832827314596216,dem,processHeat_low
CZ,hh0529,3.304792345777969,dem,processHeat_low
CZ,hh0530,3.338102624316889,dem,processHeat_low
CZ,hh0531,3.35939979973773,dem,processHeat_low
CZ,hh0532,3.373805077795623,dem,processHeat_low
CZ,hh0533,3.330970865665222,dem,processHeat_low
CZ,hh0534,3.291199734689144,dem,processHeat_low
CZ,hh0535,3.2827560664791235,dem,processHeat_low
CZ,hh0536,3.292736606839753,dem,processHeat_low
CZ,hh0537,3.330583765575284,dem,processHeat_low
CZ,hh0538,3.3390862871019635,dem,processHeat_low
CZ,hh0539,3.3242035595594643,dem,processHeat_low
CZ,hh0540,3.3140896075037745,dem,processHeat_low
DE,hh0361,13.523171443375759,dem,processHeat_low
DE,hh0362,13.687249855203845,dem,processHeat_low
DE,hh0363,13.772790548304329,dem,processHeat_low
DE,hh0364,13.709588600715506,dem,processHeat_low
DE,hh0365,13.549320475809509,dem,processHeat_low
DE,hh0366,13.463312327869062,dem,processHeat_low
DE,hh0367,13.551651896974363,dem,processHeat_low
DE,hh0368,13.66642935127311,dem,processHeat_low
DE,hh0369,13.745536978036398,dem,processHeat_low
DE,hh0370,13.679477409197716,dem,processHeat_low
DE,hh0371,13.528306603227975,dem,processHeat_low
DE,hh0372,13.46497699781321,dem,processHeat_low
DE,hh0373,13.558290419539844,dem,processHeat_low
DE,hh0374,13.676292289914272,dem,processHeat_low
DE,hh0375,13.7657087524276,dem,processHeat_low
DE,hh0376,13.693521002191119,dem,processHeat_low
DE,hh0377,13.541880994525854,dem,processHeat_low
DE,hh0378,13.484753688797355,dem,processHeat_low
DE,hh0379,13.534820020540792,dem,processHeat_low
DE,hh0380,13.538112431670015,dem,processHeat_low
DE,hh0381,13.455270097023458,dem,processHeat_low
DE,hh0382,13.470508495309332,dem,processHeat_low
DE,hh0383,13.541365119526745,dem,processHeat_low
DE,hh0384,13.57935953084234,dem,processHeat_low
DE,hh0385,13.593941725535842,dem,processHeat_low
DE,hh0386,13.604394604823028,dem,processHeat_low
DE,hh0387,13.5515015403289,dem,processHeat_low
DE,hh0388,13.48753880737786,dem,processHeat_low
DE,hh0389,13.46867677339469,dem,processHeat_low
DE,hh0390,13.476369827287272,dem,processHeat_low
DE,hh0391,13.47297289637936,dem,processHeat_low
DE,hh0392,13.443494418766932,dem,processHeat_low
DE,hh0393,13.360378205434245,dem,processHeat_low
DE,hh0394,13.400950508999813,dem,processHeat_low
DE,hh0395,13.470184930723917,dem,processHeat_low
DE,hh0396,13.478512691108335,dem,processHeat_low
DE,hh0397,13.49860203051503,dem,processHeat_low
DE,hh0398,13.457254306493269,dem,processHeat_low
DE,hh0399,13.385090261108417,dem,processHeat_low
DE,hh0400,13.467136587496498,dem,processHeat_low
DE,hh0401,13.618265103352314,dem,processHeat_low
DE,hh0402,13.64186195423099,dem,processHeat_low
DE,hh0403,13.659389900356473,dem,processHeat_low
DE,hh0404,13.614710938250937,dem,processHeat_low
DE,hh0405,13.51939794941427,dem,processHeat_low
DE,hh0406,13.564046240782773,dem,processHeat_low
DE,hh0407,13.656268447288312,dem,processHeat_low
DE,hh0408,13.57996679720236,dem,processHeat_low
DE,hh0409,13.566405430952727,dem,processHeat_low
DE,hh0410,13.50041299543227,dem,processHeat_low
DE,hh0411,13.411207599907357,dem,processHeat_low
DE,hh0412,13.43936333298916,dem,processHeat_low
DE,hh0413,13.431870896478358,dem,processHeat_low
DE,hh0414,13.43518419945758,dem,processHeat_low
DE,hh0415,13.511882801649335,dem,processHeat_low
DE,hh0416,13.456917572621023,dem,processHeat_low
DE,hh0417,13.399148590993718,dem,processHeat_low
DE,hh0418,13.448763892665738,dem,processHeat_low
DE,hh0419,13.4367597132441,dem,processHeat_low
DE,hh0420,13.473149254510645,dem,processHeat_low
DE,hh0421,13.501666538548307,dem,processHeat_low
DE,hh0422,13.527154432696989,dem,processHeat_low
DE,hh0423,13.651022910496977,dem,processHeat_low
DE,hh0424,13.721668392550782,dem,processHeat_low
DE,hh0425,13.653090684463677,dem,processHeat_low
DE,hh0426,13.569557520306262,dem,processHeat_low
DE,hh0427,13.49486448764219,dem,processHeat_low
DE,hh0428,13.527154432696989,dem,processHeat_low
DE,hh0429,13.651022910496977,dem,processHeat_low
DE,hh0430,13.728783196856966,dem,processHeat_low
DE,hh0431,13.663794867679826,dem,processHeat_low
DE,hh0432,13.5306774198325,dem,processHeat_low
DE,hh0433,13.343004810660204,dem,processHeat_low
DE,hh0434,13.311460679746233,dem,processHeat_low
DE,hh0435,13.405910270346794,dem,processHeat_low
DE,hh0436,13.478870026352524,dem,processHeat_low
DE,hh0437,13.417736166557006,dem,processHeat_low
DE,hh0438,13.330830333783524,dem,processHeat_low
DE,hh0439,13.281195853021927,dem,processHeat_low
DE,hh0440,13.257148055192374,dem,processHeat_low
DE,hh0441,13.310562323058548,dem,processHeat_low
DE,hh0442,13.395402428337547,dem,processHeat_low
DE,hh0443,13.329558882709534,dem,processHeat_low
DE,hh0444,13.274532379022276,dem,processHeat_low
DE,hh0445,13.310262319762842,dem,processHeat_low
DE,hh0446,13.385908665310126,dem,processHeat_low
DE,hh0447,13.541038809649763,dem,processHeat_low
DE,hh0448,13.61520315958478,dem,processHeat_low
DE,hh0449,13.518116995888704,dem,processHeat_low
DE,hh0450,13.407418228118331,dem,processHeat_low
DE,hh0451,13.434600261593005,dem,processHeat_low
DE,hh0452,13.555769555467123,dem,processHeat_low
DE,hh0453,13.732863375887973,dem,processHeat_low
DE,hh0454,13.815975147204881,dem,processHeat_low
DE,hh0455,13.585929117827618,dem,processHeat_low
DE,hh0456,13.415850122721167,dem,processHeat_low
DE,hh0457,13.642525838418806,dem,processHeat_low
DE,hh0458,13.6627657095014,dem,processHeat_low
DE,hh0459,13.589571028722276,dem,processHeat_low
DE,hh0460,13.557984422033769,dem,processHeat_low
DE,hh0461,13.468360943406879,dem,processHeat_low
DE,hh0462,13.445869471986953,dem,processHeat_low
DE,hh0463,13.590350674421643,dem,processHeat_low
DE,hh0464,13.717212154871959,dem,processHeat_low
DE,hh0465,13.646996898831276,dem,processHeat_low
DE,hh0466,13.626810890018533,dem,processHeat_low
DE,hh0467,13.576722653822799,dem,processHeat_low
DE,hh0468,13.520236721211404,dem,processHeat_low
DE,hh0469,13.642819130363932,dem,processHeat_low
DE,hh0470,13.737232733845303,dem,processHeat_low
DE,hh0471,13.65799260095082,dem,processHeat_low
DE,hh0472,13.63424499246321,dem,processHeat_low
DE,hh0473,13.586667820411094,dem,processHeat_low
DE,hh0474,13.52523210032814,dem,processHeat_low
DE,hh0475,13.63786768810678,dem,processHeat_low
DE,hh0476,13.737232733845303,dem,processHeat_low
DE,hh0477,13.635377669183072,dem,processHeat_low
DE,hh0478,13.571086330150138,dem,processHeat_low
DE,hh0479,13.430396925541572,dem,processHeat_low
DE,hh0480,13.350892872971599,dem,processHeat_low
DE,hh0481,13.456450826968648,dem,processHeat_low
DE,hh0482,13.523523475298134,dem,processHeat_low
DE,hh0483,13.463493459770689,dem,processHeat_low
DE,hh0484,13.661962664838939,dem,processHeat_low
DE,hh0485,13.714703387195186,dem,processHeat_low
DE,hh0486,13.711272549648129,dem,processHeat_low
DE,hh0487,13.600239800049167,dem,processHeat_low
DE,hh0488,13.464192715022364,dem,processHeat_low
DE,hh0489,13.503096245447523,dem,processHeat_low
DE,hh0490,13.624839871423319,dem,processHeat_low
DE,hh0491,13.664424317103112,dem,processHeat_low
DE,hh0492,13.692873933134251,dem,processHeat_low
DE,hh0493,13.624192864561337,dem,processHeat_low
DE,hh0494,13.531683243396401,dem,processHeat_low
DE,hh0495,13.597760380478576,dem,processHeat_low
DE,hh0496,13.615132490362157,dem,processHeat_low
DE,hh0497,13.6167259056092,dem,processHeat_low
DE,hh0498,13.684931587158644,dem,processHeat_low
DE,hh0499,13.616213714129117,dem,processHeat_low
DE,hh0500,13.530483226422803,dem,processHeat_low
DE,hh0501,13.636539838873432,dem,processHeat_low
DE,hh0502,13.754880169602984,dem,processHeat_low
DE,hh0503,13.534740279006655,dem,processHeat_low
DE,hh0504,13.387325328032603,dem,processHeat_low
DE,hh0505,13.321514459916216,dem,processHeat_low
DE,hh0506,13.36759884791536,dem,processHeat_low
DE,hh0507,13.425351023186522,dem,processHeat_low
DE,hh0508,13.359633837149886,dem,processHeat_low
DE,hh0509,13.2905315123935,dem,processHeat_low
DE,hh0510,13.242795923652011,dem,processHeat_low
DE,hh0511,13.251821316756832,dem,processHeat_low
DE,hh0512,13.371370268811006,dem,processHeat_low
DE,hh0513,13.457222072749573,dem,processHeat_low
DE,hh0514,13.411819707165705,dem,processHeat_low
DE,hh0515,13.386004056454112,dem,processHeat_low
DE,hh0516,13.41428004278714,dem,processHeat_low
DE,hh0517,13.413504706317326,dem,processHeat_low
DE,hh0518,13.470726222541998,dem,processHeat_low
DE,hh0519,13.570047619890829,dem,processHeat_low
DE,hh0520,13.535501088335877,dem,processHeat_low
DE,hh0521,13.444110412645387,dem,processHeat_low
DE,hh0522,13.378057462345168,dem,processHeat_low
DE,hh0523,13.385829682039912,dem,processHeat_low
DE,hh0524,13.457567839162948,dem,processHeat_low
DE,hh0525,13.59996824265545,dem,processHeat_low
DE,hh0526,13.670037995536404,dem,processHeat_low
DE,hh0527,13.506164512924443,dem,processHeat_low
DE,hh0528,13.385173108275922,dem,processHeat_low
DE,hh0529,13.446685531329422,dem,processHeat_low
DE,hh0530,13.586336083295464,dem,processHeat_low
DE,hh0531,13.718365960783558,dem,processHeat_low
DE,hh0532,13.783900570255355,dem,processHeat_low
DE,hh0533,13.59030108225852,dem,processHeat_low
DE,hh0534,13.390102509845747,dem,processHeat_low
DE,hh0535,13.277402381936554,dem,processHeat_low
DE,hh0536,13.29759521743108,dem,processHeat_low
DE,hh0537,13.490920462885697,dem,processHeat_low
DE,hh0538,13.533027602425136,dem,processHeat_low
DE,hh0539,13.454545164051524,dem,processHeat_low
DE,hh0540,13.417335570593423,dem,processHeat_low
DK,hh0361,0.6819419737481909,dem,processHeat_low
DK,hh0362,0.6900030516946432,dem,processHeat_low
DK,hh0363,0.6872080977378698,dem,processHeat_low
DK,hh0364,0.6760972317183336,dem,processHeat_low
DK,hh0365,0.6732466111488005,dem,processHeat_low
DK,hh0366,0.6759888935072521,dem,processHeat_low
DK,hh0367,0.6821432675651677,dem,processHeat_low
DK,hh0368,0.6898483611099739,dem,processHeat_low
DK,hh0369,0.6870060123341284,dem,processHeat_low
DK,hh0370,0.6758805387777584,dem,processHeat_low
DK,hh0371,0.6730979542734206,dem,processHeat_low
DK,hh0372,0.6760009008281784,dem,processHeat_low
DK,hh0373,0.6821911442343338,dem,processHeat_low
DK,hh0374,0.6899216480581679,dem,processHeat_low
DK,hh0375,0.6871554977382766,dem,processHeat_low
DK,hh0376,0.6759776575964878,dem,processHeat_low
DK,hh0377,0.6732174957645671,dem,processHeat_low
DK,hh0378,0.6761785647807458,dem,processHeat_low
DK,hh0379,0.6665978717984006,dem,processHeat_low
DK,hh0380,0.662938915235997,dem,processHeat_low
DK,hh0381,0.6672807175600256,dem,processHeat_low
DK,hh0382,0.6735932220120247,dem,processHeat_low
DK,hh0383,0.6812003274439611,dem,processHeat_low
DK,hh0384,0.6768245568027418,dem,processHeat_low
DK,hh0385,0.6661536534411399,dem,processHeat_low
DK,hh0386,0.6712100264377587,dem,processHeat_low
DK,hh0387,0.6800496495817728,dem,processHeat_low
DK,hh0388,0.6868427924802216,dem,processHeat_low
DK,hh0389,0.6935937414953693,dem,processHeat_low
DK,hh0390,0.6884436639800336,dem,processHeat_low
DK,hh0391,0.6777697847505894,dem,processHeat_low
DK,hh0392,0.6759085478930247,dem,processHeat_low
DK,hh0393,0.6791205745498938,dem,processHeat_low
DK,hh0394,0.68622355551647,dem,processHeat_low
DK,hh0395,0.6936044882689096,dem,processHeat_low
DK,hh0396,0.6884579486382778,dem,processHeat_low
DK,hh0397,0.6779482234989839,dem,processHeat_low
DK,hh0398,0.6760027664588902,dem,processHeat_low
DK,hh0399,0.6792921577943166,dem,processHeat_low
DK,hh0400,0.6866974173445286,dem,processHeat_low
DK,hh0401,0.6946891740954275,dem,processHeat_low
DK,hh0402,0.6896223243481765,dem,processHeat_low
DK,hh0403,0.6790713941899202,dem,processHeat_low
DK,hh0404,0.6770918849719674,dem,processHeat_low
DK,hh0405,0.6802148723139447,dem,processHeat_low
DK,hh0406,0.687370328761661,dem,processHeat_low
DK,hh0407,0.6949495111217099,dem,processHeat_low
DK,hh0408,0.6764570471914992,dem,processHeat_low
DK,hh0409,0.6635140817849992,dem,processHeat_low
DK,hh0410,0.6626793068532315,dem,processHeat_low
DK,hh0411,0.668214457345353,dem,processHeat_low
DK,hh0412,0.6733565201325141,dem,processHeat_low
DK,hh0413,0.666668482159375,dem,processHeat_low
DK,hh0414,0.6589416413757502,dem,processHeat_low
DK,hh0415,0.6602903986641495,dem,processHeat_low
DK,hh0416,0.6639889735281665,dem,processHeat_low
DK,hh0417,0.6701684662820002,dem,processHeat_low
DK,hh0418,0.6759054050488325,dem,processHeat_low
DK,hh0419,0.668316891695118,dem,processHeat_low
DK,hh0420,0.6612243432153404,dem,processHeat_low
DK,hh0421,0.6725384579999669,dem,processHeat_low
DK,hh0422,0.6727342349307409,dem,processHeat_low
DK,hh0423,0.6761185611504364,dem,processHeat_low
DK,hh0424,0.6816761243844789,dem,processHeat_low
DK,hh0425,0.6888576771486732,dem,processHeat_low
DK,hh0426,0.6878214138619488,dem,processHeat_low
DK,hh0427,0.6766725313298068,dem,processHeat_low
DK,hh0428,0.6727342349307409,dem,processHeat_low
DK,hh0429,0.6761185611504364,dem,processHeat_low
DK,hh0430,0.6817409958182307,dem,processHeat_low
DK,hh0431,0.6889563233677858,dem,processHeat_low
DK,hh0432,0.6875392631208589,dem,processHeat_low
DK,hh0433,0.6755924283999628,dem,processHeat_low
DK,hh0434,0.6712167491671149,dem,processHeat_low
DK,hh0435,0.6743810123677755,dem,processHeat_low
DK,hh0436,0.6799454916126075,dem,processHeat_low
DK,hh0437,0.6871592424686256,dem,processHeat_low
DK,hh0438,0.6860772413189687,dem,processHeat_low
DK,hh0439,0.6747351121967209,dem,processHeat_low
DK,hh0440,0.6650888270530866,dem,processHeat_low
DK,hh0441,0.6601660064120478,dem,processHeat_low
DK,hh0442,0.6643881709201758,dem,processHeat_low
DK,hh0443,0.671315903531967,dem,processHeat_low
DK,hh0444,0.6705047895280352,dem,processHeat_low
DK,hh0445,0.6605587255682532,dem,processHeat_low
DK,hh0446,0.6582721416448183,dem,processHeat_low
DK,hh0447,0.6629652827882678,dem,processHeat_low
DK,hh0448,0.6675637159613628,dem,processHeat_low
DK,hh0449,0.6743104895190528,dem,processHeat_low
DK,hh0450,0.6735145206044917,dem,processHeat_low
DK,hh0451,0.6745541279239955,dem,processHeat_low
DK,hh0452,0.6796437098058605,dem,processHeat_low
DK,hh0453,0.6882091217349651,dem,processHeat_low
DK,hh0454,0.6948993629848373,dem,processHeat_low
DK,hh0455,0.6841063820498835,dem,processHeat_low
DK,hh0456,0.6735725944078277,dem,processHeat_low
DK,hh0457,0.6760177818415856,dem,processHeat_low
DK,hh0458,0.6804080360825133,dem,processHeat_low
DK,hh0459,0.6871591302382188,dem,processHeat_low
DK,hh0460,0.6929849484900792,dem,processHeat_low
DK,hh0461,0.6832574234613109,dem,processHeat_low
DK,hh0462,0.6737818937752087,dem,processHeat_low
DK,hh0463,0.6718917870062776,dem,processHeat_low
DK,hh0464,0.6790902266028422,dem,processHeat_low
DK,hh0465,0.684970817281274,dem,processHeat_low
DK,hh0466,0.6934613643993774,dem,processHeat_low
DK,hh0467,0.6869948734868982,dem,processHeat_low
DK,hh0468,0.6755519471213125,dem,processHeat_low
DK,hh0469,0.6751985065955199,dem,processHeat_low
DK,hh0470,0.6801051383103496,dem,processHeat_low
DK,hh0471,0.6850771417114305,dem,processHeat_low
DK,hh0472,0.6935364754577368,dem,processHeat_low
DK,hh0473,0.6870936556476914,dem,processHeat_low
DK,hh0474,0.6756002334055666,dem,processHeat_low
DK,hh0475,0.6751631497288535,dem,processHeat_low
DK,hh0476,0.6801051383103496,dem,processHeat_low
DK,hh0477,0.6848903506160504,dem,processHeat_low
DK,hh0478,0.693032691314013,dem,processHeat_low
DK,hh0479,0.6859688790557579,dem,processHeat_low
DK,hh0480,0.6744199870745484,dem,processHeat_low
DK,hh0481,0.6739100504854277,dem,processHeat_low
DK,hh0482,0.6785776144906575,dem,processHeat_low
DK,hh0483,0.6836564067474648,dem,processHeat_low
DK,hh0484,0.6937038482919,dem,processHeat_low
DK,hh0485,0.6880264521111774,dem,processHeat_low
DK,hh0486,0.6769566349104983,dem,processHeat_low
DK,hh0487,0.6744995976316219,dem,processHeat_low
DK,hh0488,0.6735450582022484,dem,processHeat_low
DK,hh0489,0.6788428862708187,dem,processHeat_low
DK,hh0490,0.6882187565219605,dem,processHeat_low
DK,hh0491,0.6825164861450193,dem,processHeat_low
DK,hh0492,0.6759801062805065,dem,processHeat_low
DK,hh0493,0.6792922448888269,dem,processHeat_low
DK,hh0494,0.6841638324446362,dem,processHeat_low
DK,hh0495,0.6932556043359097,dem,processHeat_low
DK,hh0496,0.6872956898988016,dem,processHeat_low
DK,hh0497,0.6762463863870437,dem,processHeat_low
DK,hh0498,0.6754892180205834,dem,processHeat_low
DK,hh0499,0.6792155610077334,dem,processHeat_low
DK,hh0500,0.6841528945114543,dem,processHeat_low
DK,hh0501,0.6935341157396359,dem,processHeat_low
DK,hh0502,0.6882961819916924,dem,processHeat_low
DK,hh0503,0.6756540122033445,dem,processHeat_low
DK,hh0504,0.6692493588259456,dem,processHeat_low
DK,hh0505,0.6700308895299049,dem,processHeat_low
DK,hh0506,0.6678474689921621,dem,processHeat_low
DK,hh0507,0.6695074806008858,dem,processHeat_low
DK,hh0508,0.6765659923569896,dem,processHeat_low
DK,hh0509,0.6756895445501094,dem,processHeat_low
DK,hh0510,0.6650076688173716,dem,processHeat_low
DK,hh0511,0.6621723303934473,dem,processHeat_low
DK,hh0512,0.6666509005898856,dem,processHeat_low
DK,hh0513,0.6726382219670798,dem,processHeat_low
DK,hh0514,0.6803231638377969,dem,processHeat_low
DK,hh0515,0.6801496619889201,dem,processHeat_low
DK,hh0516,0.6698682874954772,dem,processHeat_low
DK,hh0517,0.6644756984358486,dem,processHeat_low
DK,hh0518,0.6636270665022094,dem,processHeat_low
DK,hh0519,0.6692617665110316,dem,processHeat_low
DK,hh0520,0.6761107282987678,dem,processHeat_low
DK,hh0521,0.6708998785661959,dem,processHeat_low
DK,hh0522,0.6610175024699603,dem,processHeat_low
DK,hh0523,0.6594154905124203,dem,processHeat_low
DK,hh0524,0.6659975771485847,dem,processHeat_low
DK,hh0525,0.6723900671190051,dem,processHeat_low
DK,hh0526,0.6796157025035332,dem,processHeat_low
DK,hh0527,0.6750714118044224,dem,processHeat_low
DK,hh0528,0.6642994194914221,dem,processHeat_low
DK,hh0529,0.6684417547230698,dem,processHeat_low
DK,hh0530,0.6781824377765193,dem,processHeat_low
DK,hh0531,0.685518789822432,dem,processHeat_low
DK,hh0532,0.6946545661893739,dem,processHeat_low
DK,hh0533,0.6871220812418635,dem,processHeat_low
DK,hh0534,0.6746457316172567,dem,processHeat_low
DK,hh0535,0.6672741689027132,dem,processHeat_low
DK,hh0536,0.667846879292645,dem,processHeat_low
DK,hh0537,0.6796191201301003,dem,processHeat_low
DK,hh0538,0.6854469826754479,dem,processHeat_low
DK,hh0539,0.6926187243394335,dem,processHeat_low
DK,hh0540,0.6919008905567513,dem,processHeat_low
EE,hh0361,0.13293378226546326,dem,processHeat_low
EE,hh0362,0.1345216287918197,dem,processHeat_low
EE,hh0363,0.13403270421138086,dem,processHeat_low
EE,hh0364,0.13197090301226969,dem,processHeat_low
EE,hh0365,0.13141160262919332,dem,processHeat_low
EE,hh0366,0.13185501440972858,dem,processHeat_low
EE,hh0367,0.132978288452042,dem,processHeat_low
EE,hh0368,0.1344224417880178,dem,processHeat_low
EE,hh0369,0.1339024827776963,dem,processHeat_low
EE,hh0370,0.13182880433719638,dem,processHeat_low
EE,hh0371,0.13131364643404494,dem,processHeat_low
EE,hh0372,0.1318628016404872,dem,processHeat_low
EE,hh0373,0.13300940712744935,dem,processHeat_low
EE,hh0374,0.1344694242403306,dem,processHeat_low
EE,hh0375,0.13399883049513572,dem,processHeat_low
EE,hh0376,0.1319063292725401,dem,processHeat_low
EE,hh0377,0.13134440915801654,dem,processHeat_low
EE,hh0378,0.13188320129036307,dem,processHeat_low
EE,hh0379,0.13003374996147418,dem,processHeat_low
EE,hh0380,0.12932875545510664,dem,processHeat_low
EE,hh0381,0.13014104936921317,dem,processHeat_low
EE,hh0382,0.13133259560156135,dem,processHeat_low
EE,hh0383,0.132822717215721,dem,processHeat_low
EE,hh0384,0.1320254059461387,dem,processHeat_low
EE,hh0385,0.12998008162976105,dem,processHeat_low
EE,hh0386,0.1309587396789485,dem,processHeat_low
EE,hh0387,0.13262968072898468,dem,processHeat_low
EE,hh0388,0.13383882626594948,dem,processHeat_low
EE,hh0389,0.13508731732943788,dem,processHeat_low
EE,hh0390,0.13414346865908958,dem,processHeat_low
EE,hh0391,0.13212542894352686,dem,processHeat_low
EE,hh0392,0.13175855388474011,dem,processHeat_low
EE,hh0393,0.1323400441342877,dem,processHeat_low
EE,hh0394,0.1336709982956811,dem,processHeat_low
EE,hh0395,0.13507955737514094,dem,processHeat_low
EE,hh0396,0.1340943583604433,dem,processHeat_low
EE,hh0397,0.1320978571634338,dem,processHeat_low
EE,hh0398,0.13170503848331983,dem,processHeat_low
EE,hh0399,0.13230731670418686,dem,processHeat_low
EE,hh0400,0.13371435335816578,dem,processHeat_low
EE,hh0401,0.13531015423569343,dem,processHeat_low
EE,hh0402,0.13441805685381855,dem,processHeat_low
EE,hh0403,0.13243188469289774,dem,processHeat_low
EE,hh0404,0.13204105653512752,dem,processHeat_low
EE,hh0405,0.13260229411280777,dem,processHeat_low
EE,hh0406,0.134015048982966,dem,processHeat_low
EE,hh0407,0.13555376838607344,dem,processHeat_low
EE,hh0408,0.13201308719360078,dem,processHeat_low
EE,hh0409,0.12943581672913307,dem,processHeat_low
EE,hh0410,0.12915491488211595,dem,processHeat_low
EE,hh0411,0.1301472703174284,dem,processHeat_low
EE,hh0412,0.13119557911070506,dem,processHeat_low
EE,hh0413,0.12999293442765858,dem,processHeat_low
EE,hh0414,0.12848277771674607,dem,processHeat_low
EE,hh0415,0.12871816901037064,dem,processHeat_low
EE,hh0416,0.1293835058970219,dem,processHeat_low
EE,hh0417,0.13055038540569336,dem,processHeat_low
EE,hh0418,0.1317257097586219,dem,processHeat_low
EE,hh0419,0.130343058129734,dem,processHeat_low
EE,hh0420,0.1289804448313942,dem,processHeat_low
EE,hh0421,0.13114215067650542,dem,processHeat_low
EE,hh0422,0.13115497547405114,dem,processHeat_low
EE,hh0423,0.1318701557307238,dem,processHeat_low
EE,hh0424,0.13299700899272957,dem,processHeat_low
EE,hh0425,0.1343858216351155,dem,processHeat_low
EE,hh0426,0.13415667301482878,dem,processHeat_low
EE,hh0427,0.13194182560944914,dem,processHeat_low
EE,hh0428,0.13115497547405114,dem,processHeat_low
EE,hh0429,0.1318701557307238,dem,processHeat_low
EE,hh0430,0.13299700899272957,dem,processHeat_low
EE,hh0431,0.1343858216351155,dem,processHeat_low
EE,hh0432,0.13408317915105233,dem,processHeat_low
EE,hh0433,0.13167102138851192,dem,processHeat_low
EE,hh0434,0.13074769449772977,dem,processHeat_low
EE,hh0435,0.13134789338765654,dem,processHeat_low
EE,hh0436,0.132436123008134,dem,processHeat_low
EE,hh0437,0.13383243147728854,dem,processHeat_low
EE,hh0438,0.1336404658841152,dem,processHeat_low
EE,hh0439,0.13140398074170867,dem,processHeat_low
EE,hh0440,0.12948911106294134,dem,processHeat_low
EE,hh0441,0.12856465661608096,dem,processHeat_low
EE,hh0442,0.12944338357342733,dem,processHeat_low
EE,hh0443,0.1308100032633455,dem,processHeat_low
EE,hh0444,0.13066701362556116,dem,processHeat_low
EE,hh0445,0.1286858221296604,dem,processHeat_low
EE,hh0446,0.12822579845890764,dem,processHeat_low
EE,hh0447,0.12926788570574435,dem,processHeat_low
EE,hh0448,0.1302244775762415,dem,processHeat_low
EE,hh0449,0.13145066822750862,dem,processHeat_low
EE,hh0450,0.13122754347260562,dem,processHeat_low
EE,hh0451,0.13141572818663355,dem,processHeat_low
EE,hh0452,0.1324197361937019,dem,processHeat_low
EE,hh0453,0.13415809483131963,dem,processHeat_low
EE,hh0454,0.1354642613441165,dem,processHeat_low
EE,hh0455,0.13331370905855758,dem,processHeat_low
EE,hh0456,0.13122264997953648,dem,processHeat_low
EE,hh0457,0.1318140855338815,dem,processHeat_low
EE,hh0458,0.1326286678066347,dem,processHeat_low
EE,hh0459,0.13387665520589223,dem,processHeat_low
EE,hh0460,0.13495991983919686,dem,processHeat_low
EE,hh0461,0.13308541167492302,dem,processHeat_low
EE,hh0462,0.13130287543483846,dem,processHeat_low
EE,hh0463,0.1310427588910142,dem,processHeat_low
EE,hh0464,0.13250873483427428,dem,processHeat_low
EE,hh0465,0.13360034660365466,dem,processHeat_low
EE,hh0466,0.13521715449058,dem,processHeat_low
EE,hh0467,0.13401723906710086,dem,processHeat_low
EE,hh0468,0.13176894874478506,dem,processHeat_low
EE,hh0469,0.13171823179148334,dem,processHeat_low
EE,hh0470,0.1326766194606901,dem,processHeat_low
EE,hh0471,0.13358474148283214,dem,processHeat_low
EE,hh0472,0.13520145468067518,dem,processHeat_low
EE,hh0473,0.13399640882157443,dem,processHeat_low
EE,hh0474,0.13175862322658471,dem,processHeat_low
EE,hh0475,0.13169500482596408,dem,processHeat_low
EE,hh0476,0.1326766194606901,dem,processHeat_low
EE,hh0477,0.13356371992585495,dem,processHeat_low
EE,hh0478,0.1351169885584567,dem,processHeat_low
EE,hh0479,0.13369196211994805,dem,processHeat_low
EE,hh0480,0.1313838806268699,dem,processHeat_low
EE,hh0481,0.13132035693551236,dem,processHeat_low
EE,hh0482,0.13225873920461784,dem,processHeat_low
EE,hh0483,0.1332283861302762,dem,processHeat_low
EE,hh0484,0.13529656939031903,dem,processHeat_low
EE,hh0485,0.13424869753993934,dem,processHeat_low
EE,hh0486,0.13208179787972457,dem,processHeat_low
EE,hh0487,0.1315099204859303,dem,processHeat_low
EE,hh0488,0.13124213175067842,dem,processHeat_low
EE,hh0489,0.13231986352962327,dem,processHeat_low
EE,hh0490,0.13422537643231255,dem,processHeat_low
EE,hh0491,0.13316345722242895,dem,processHeat_low
EE,hh0492,0.13185446356646846,dem,processHeat_low
EE,hh0493,0.13239276595083943,dem,processHeat_low
EE,hh0494,0.13324021908305217,dem,processHeat_low
EE,hh0495,0.1350211515822962,dem,processHeat_low
EE,hh0496,0.13403868747906794,dem,processHeat_low
EE,hh0497,0.13196653548669737,dem,processHeat_low
EE,hh0498,0.13178620273750058,dem,processHeat_low
EE,hh0499,0.13240571060701561,dem,processHeat_low
EE,hh0500,0.13324021908305217,dem,processHeat_low
EE,hh0501,0.13509528108920874,dem,processHeat_low
EE,hh0502,0.13428672015463405,dem,processHeat_low
EE,hh0503,0.13176959439439737,dem,processHeat_low
EE,hh0504,0.13037324720624197,dem,processHeat_low
EE,hh0505,0.13055969503288672,dem,processHeat_low
EE,hh0506,0.13027410017450164,dem,processHeat_low
EE,hh0507,0.130593909577126,dem,processHeat_low
EE,hh0508,0.13181982365203665,dem,processHeat_low
EE,hh0509,0.1315726277934478,dem,processHeat_low
EE,hh0510,0.12952159582829176,dem,processHeat_low
EE,hh0511,0.12905168004890943,dem,processHeat_low
EE,hh0512,0.12995867059228897,dem,processHeat_low
EE,hh0513,0.13105528026470203,dem,processHeat_low
EE,hh0514,0.13247095127381514,dem,processHeat_low
EE,hh0515,0.132452172193776,dem,processHeat_low
EE,hh0516,0.13055143405979291,dem,processHeat_low
EE,hh0517,0.12953347884506908,dem,processHeat_low
EE,hh0518,0.12940348880057023,dem,processHeat_low
EE,hh0519,0.13056349513288962,dem,processHeat_low
EE,hh0520,0.1318496823685598,dem,processHeat_low
EE,hh0521,0.1308421186031598,dem,processHeat_low
EE,hh0522,0.1289362651932623,dem,processHeat_low
EE,hh0523,0.12862391466459616,dem,processHeat_low
EE,hh0524,0.12990859952312706,dem,processHeat_low
EE,hh0525,0.13117037126404282,dem,processHeat_low
EE,hh0526,0.13256664051676184,dem,processHeat_low
EE,hh0527,0.13169032094536157,dem,processHeat_low
EE,hh0528,0.1295884694185536,dem,processHeat_low
EE,hh0529,0.13033747782215221,dem,processHeat_low
EE,hh0530,0.1322216832713262,dem,processHeat_low
EE,hh0531,0.13367976770100923,dem,processHeat_low
EE,hh0532,0.13543990524912347,dem,processHeat_low
EE,hh0533,0.13402002530085652,dem,processHeat_low
EE,hh0534,0.13159095429180892,dem,processHeat_low
EE,hh0535,0.13002697522762824,dem,processHeat_low
EE,hh0536,0.13009530754632828,dem,processHeat_low
EE,hh0537,0.13243503596249595,dem,processHeat_low
EE,hh0538,0.13357775683288292,dem,processHeat_low
EE,hh0539,0.13495920095062022,dem,processHeat_low
EE,hh0540,0.1348427533978631,dem,processHeat_low
ES,hh0361,3.7611238916037246,dem,processHeat_low
ES,hh0362,3.8044801773951002,dem,processHeat_low
ES,hh0363,3.8009066806599847,dem,processHeat_low
ES,hh0364,3.75485405970584,dem,processHeat_low
ES,hh0365,3.7320391013565777,dem,processHeat_low
ES,hh0366,3.734879518064714,dem,processHeat_low
ES,hh0367,3.7636900682919956,dem,processHeat_low
ES,hh0368,3.7999612922068335,dem,processHeat_low
ES,hh0369,3.794953588994767,dem,processHeat_low
ES,hh0370,3.7482453324111944,dem,processHeat_low
ES,hh0371,3.727453169460744,dem,processHeat_low
ES,hh0372,3.7352391609106697,dem,processHeat_low
ES,hh0373,3.7651294034714047,dem,processHeat_low
ES,hh0374,3.8021020106458945,dem,processHeat_low
ES,hh0375,3.7993599879001323,dem,processHeat_low
ES,hh0376,3.751559526589145,dem,processHeat_low
ES,hh0377,3.7303268741775746,dem,processHeat_low
ES,hh0378,3.738647938660076,dem,processHeat_low
ES,hh0379,3.702556203708019,dem,processHeat_low
ES,hh0380,3.6890710908874773,dem,processHeat_low
ES,hh0381,3.701481819510472,dem,processHeat_low
ES,hh0382,3.726388254209196,dem,processHeat_low
ES,hh0383,3.7596719725553625,dem,processHeat_low
ES,hh0384,3.7455676514006644,dem,processHeat_low
ES,hh0385,3.704895532162798,dem,processHeat_low
ES,hh0386,3.7274774609030787,dem,processHeat_low
ES,hh0387,3.7593045140021184,dem,processHeat_low
ES,hh0388,3.778896938944473,dem,processHeat_low
ES,hh0389,3.800871581957942,dem,processHeat_low
ES,hh0390,3.782064625330812,dem,processHeat_low
ES,hh0391,3.7414307569075627,dem,processHeat_low
ES,hh0392,3.7334718987070605,dem,processHeat_low
ES,hh0393,3.7408843528841196,dem,processHeat_low
ES,hh0394,3.769853659365232,dem,processHeat_low
ES,hh0395,3.800600420542187,dem,processHeat_low
ES,hh0396,3.780136895228578,dem,processHeat_low
ES,hh0397,3.7409749074775283,dem,processHeat_low
ES,hh0398,3.7316345100075354,dem,processHeat_low
ES,hh0399,3.740185207487893,dem,processHeat_low
ES,hh0400,3.773313485672314,dem,processHeat_low
ES,hh0401,3.813534253754061,dem,processHeat_low
ES,hh0402,3.7962990750963037,dem,processHeat_low
ES,hh0403,3.7578310798174304,dem,processHeat_low
ES,hh0404,3.7484107155043436,dem,processHeat_low
ES,hh0405,3.7543777161937273,dem,processHeat_low
ES,hh0406,3.7866238073185725,dem,processHeat_low
ES,hh0407,3.8229898600642107,dem,processHeat_low
ES,hh0408,3.7453964396071457,dem,processHeat_low
ES,hh0409,3.69127658075214,dem,processHeat_low
ES,hh0410,3.6807910378954434,dem,processHeat_low
ES,hh0411,3.6956494135548583,dem,processHeat_low
ES,hh0412,3.719499344954931,dem,processHeat_low
ES,hh0413,3.6932854442091356,dem,processHeat_low
ES,hh0414,3.6604752923320163,dem,processHeat_low
ES,hh0415,3.6705201750996537,dem,processHeat_low
ES,hh0416,3.6816276355158957,dem,processHeat_low
ES,hh0417,3.7025469493804843,dem,processHeat_low
ES,hh0418,3.7304510110051012,dem,processHeat_low
ES,hh0419,3.700458336404865,dem,processHeat_low
ES,hh0420,3.6746796624276987,dem,processHeat_low
ES,hh0421,3.7232217667024976,dem,processHeat_low
ES,hh0422,3.7256916262052284,dem,processHeat_low
ES,hh0423,3.7487048515401895,dem,processHeat_low
ES,hh0424,3.7763034928500936,dem,processHeat_low
ES,hh0425,3.7997776750005796,dem,processHeat_low
ES,hh0426,3.7899752500009187,dem,processHeat_low
ES,hh0427,3.7396693791991256,dem,processHeat_low
ES,hh0428,3.7256916262052284,dem,processHeat_low
ES,hh0429,3.7487048515401895,dem,processHeat_low
ES,hh0430,3.777166942847514,dem,processHeat_low
ES,hh0431,3.8010675651109915,dem,processHeat_low
ES,hh0432,3.7858816947083502,dem,processHeat_low
ES,hh0433,3.7235481015357825,dem,processHeat_low
ES,hh0434,3.701938483229214,dem,processHeat_low
ES,hh0435,3.720122193202055,dem,processHeat_low
ES,hh0436,3.7475552005516137,dem,processHeat_low
ES,hh0437,3.771818613017742,dem,processHeat_low
ES,hh0438,3.761586876152265,dem,processHeat_low
ES,hh0439,3.711985320115133,dem,processHeat_low
ES,hh0440,3.6708065726208376,dem,processHeat_low
ES,hh0441,3.654818189624158,dem,processHeat_low
ES,hh0442,3.6792218147137863,dem,processHeat_low
ES,hh0443,3.7036229679851758,dem,processHeat_low
ES,hh0444,3.696609867319032,dem,processHeat_low
ES,hh0445,3.6574525646373077,dem,processHeat_low
ES,hh0446,3.653414805609305,dem,processHeat_low
ES,hh0447,3.686932129273563,dem,processHeat_low
ES,hh0448,3.7123102849761658,dem,processHeat_low
ES,hh0449,3.72965528122758,dem,processHeat_low
ES,hh0450,3.7164119776926707,dem,processHeat_low
ES,hh0451,3.7223023345348674,dem,processHeat_low
ES,hh0452,3.7521418858362674,dem,processHeat_low
ES,hh0453,3.8000578819362305,dem,processHeat_low
ES,hh0454,3.8319576647408997,dem,processHeat_low
ES,hh0455,3.771801162425211,dem,processHeat_low
ES,hh0456,3.716431467406448,dem,processHeat_low
ES,hh0457,3.7441390788117594,dem,processHeat_low
ES,hh0458,3.763475379710564,dem,processHeat_low
ES,hh0459,3.7850039875562755,dem,processHeat_low
ES,hh0460,3.805128926638824,dem,processHeat_low
ES,hh0461,3.7595055661260757,dem,processHeat_low
ES,hh0462,3.7205305883967643,dem,processHeat_low
ES,hh0463,3.7256749194327554,dem,processHeat_low
ES,hh0464,3.7654647418614626,dem,processHeat_low
ES,hh0465,3.7836741043277025,dem,processHeat_low
ES,hh0466,3.815623125195714,dem,processHeat_low
ES,hh0467,3.78661633454929,dem,processHeat_low
ES,hh0468,3.7361944591495675,dem,processHeat_low
ES,hh0469,3.744380788421771,dem,processHeat_low
ES,hh0470,3.7709550892037793,dem,processHeat_low
ES,hh0471,3.7846831199298636,dem,processHeat_low
ES,hh0472,3.8161971788268287,dem,processHeat_low
ES,hh0473,3.7873856155960333,dem,processHeat_low
ES,hh0474,3.7365822626414333,dem,processHeat_low
ES,hh0475,3.743297045591934,dem,processHeat_low
ES,hh0476,3.7709550892037793,dem,processHeat_low
ES,hh0477,3.7821206194826535,dem,processHeat_low
ES,hh0478,3.8092843391113735,dem,processHeat_low
ES,hh0479,3.7710197298211954,dem,processHeat_low
ES,hh0480,3.7185360684210877,dem,processHeat_low
ES,hh0481,3.724256852517809,dem,processHeat_low
ES,hh0482,3.7483027715600805,dem,processHeat_low
ES,hh0483,3.7640374680438695,dem,processHeat_low
ES,hh0484,3.818802234662577,dem,processHeat_low
ES,hh0485,3.8008893471080825,dem,processHeat_low
ES,hh0486,3.756645773496702,dem,processHeat_low
ES,hh0487,3.737470064992575,dem,processHeat_low
ES,hh0488,3.7228689354766047,dem,processHeat_low
ES,hh0489,3.7474635669442673,dem,processHeat_low
ES,hh0490,3.7941971563587034,dem,processHeat_low
ES,hh0491,3.7750960160002736,dem,processHeat_low
ES,hh0492,3.750122818564239,dem,processHeat_low
ES,hh0493,3.756420392384289,dem,processHeat_low
ES,hh0494,3.7674305054386963,dem,processHeat_low
ES,hh0495,3.8076024426222057,dem,processHeat_low
ES,hh0496,3.789609975679838,dem,processHeat_low
ES,hh0497,3.747518847902815,dem,processHeat_low
ES,hh0498,3.7479451806738586,dem,processHeat_low
ES,hh0499,3.755719603659749,dem,processHeat_low
ES,hh0500,3.767286652116269,dem,processHeat_low
ES,hh0501,3.811118719742839,dem,processHeat_low
ES,hh0502,3.802107999415421,dem,processHeat_low
ES,hh0503,3.7364697287527617,dem,processHeat_low
ES,hh0504,3.697820485602742,dem,processHeat_low
ES,hh0505,3.6986127214490043,dem,processHeat_low
ES,hh0506,3.696381095120521,dem,processHeat_low
ES,hh0507,3.707646733870649,dem,processHeat_low
ES,hh0508,3.7282563635933013,dem,processHeat_low
ES,hh0509,3.7189162999236114,dem,processHeat_low
ES,hh0510,3.672481427142496,dem,processHeat_low
ES,hh0511,3.662324197632868,dem,processHeat_low
ES,hh0512,3.6886927753389163,dem,processHeat_low
ES,hh0513,3.7167314813392798,dem,processHeat_low
ES,hh0514,3.7439766512384383,dem,processHeat_low
ES,hh0515,3.7428723003668676,dem,processHeat_low
ES,hh0516,3.705212011263052,dem,processHeat_low
ES,hh0517,3.6815172133775675,dem,processHeat_low
ES,hh0518,3.681828882389187,dem,processHeat_low
ES,hh0519,3.7143737349086976,dem,processHeat_low
ES,hh0520,3.7401183285942716,dem,processHeat_low
ES,hh0521,3.7141746016574366,dem,processHeat_low
ES,hh0522,3.6697844290174784,dem,processHeat_low
ES,hh0523,3.661591996541169,dem,processHeat_low
ES,hh0524,3.6929670888295174,dem,processHeat_low
ES,hh0525,3.7298687315113925,dem,processHeat_low
ES,hh0526,3.764369513933146,dem,processHeat_low
ES,hh0527,3.735420334855492,dem,processHeat_low
ES,hh0528,3.6837618338887044,dem,processHeat_low
ES,hh0529,3.7033376371412237,dem,processHeat_low
ES,hh0530,3.7516602063145896,dem,processHeat_low
ES,hh0531,3.7900822433870562,dem,processHeat_low
ES,hh0532,3.829930804742407,dem,processHeat_low
ES,hh0533,3.78830211980695,dem,processHeat_low
ES,hh0534,3.7254601441262247,dem,processHeat_low
ES,hh0535,3.6853936836210828,dem,processHeat_low
ES,hh0536,3.688141813121417,dem,processHeat_low
ES,hh0537,3.7497698857964368,dem,processHeat_low
ES,hh0538,3.77598599382737,dem,processHeat_low
ES,hh0539,3.798469372992048,dem,processHeat_low
ES,hh0540,3.7936468618604664,dem,processHeat_low
FI,hh0361,5.459518744957677,dem,processHeat_low
FI,hh0362,5.483024865545303,dem,processHeat_low
FI,hh0363,5.499543715055552,dem,processHeat_low
FI,hh0364,5.539861080891569,dem,processHeat_low
FI,hh0365,5.557675371592268,dem,processHeat_low
FI,hh0366,5.505795124779979,dem,processHeat_low
FI,hh0367,5.445918185221672,dem,processHeat_low
FI,hh0368,5.389309474012407,dem,processHeat_low
FI,hh0369,5.376307202590397,dem,processHeat_low
FI,hh0370,5.405094733005171,dem,processHeat_low
FI,hh0371,5.465178705375365,dem,processHeat_low
FI,hh0372,5.5131327834424155,dem,processHeat_low
FI,hh0373,5.475358681753278,dem,processHeat_low
FI,hh0374,5.433902878623485,dem,processHeat_low
FI,hh0375,5.467748835468228,dem,processHeat_low
FI,hh0376,5.4781673705711,dem,processHeat_low
FI,hh0377,5.517459245644204,dem,processHeat_low
FI,hh0378,5.558276715706597,dem,processHeat_low
FI,hh0379,5.484184177450516,dem,processHeat_low
FI,hh0380,5.517161000547276,dem,processHeat_low
FI,hh0381,5.562802228516375,dem,processHeat_low
FI,hh0382,5.516952979824055,dem,processHeat_low
FI,hh0383,5.459077866698863,dem,processHeat_low
FI,hh0384,5.456100920351673,dem,processHeat_low
FI,hh0385,5.465333709325932,dem,processHeat_low
FI,hh0386,5.531263433149434,dem,processHeat_low
FI,hh0387,5.583586593513246,dem,processHeat_low
FI,hh0388,5.5298663363246305,dem,processHeat_low
FI,hh0389,5.461774273862829,dem,processHeat_low
FI,hh0390,5.455038260250149,dem,processHeat_low
FI,hh0391,5.462621638102064,dem,processHeat_low
FI,hh0392,5.5184884121626965,dem,processHeat_low
FI,hh0393,5.56308954682936,dem,processHeat_low
FI,hh0394,5.520374659303343,dem,processHeat_low
FI,hh0395,5.445144999655895,dem,processHeat_low
FI,hh0396,5.370781475145122,dem,processHeat_low
FI,hh0397,5.342223287301749,dem,processHeat_low
FI,hh0398,5.39310245591696,dem,processHeat_low
FI,hh0399,5.439852995759793,dem,processHeat_low
FI,hh0400,5.393658278879229,dem,processHeat_low
FI,hh0401,5.362522910572807,dem,processHeat_low
FI,hh0402,5.354836113856436,dem,processHeat_low
FI,hh0403,5.357940485580912,dem,processHeat_low
FI,hh0404,5.419993336454354,dem,processHeat_low
FI,hh0405,5.463297653410336,dem,processHeat_low
FI,hh0406,5.532525898204767,dem,processHeat_low
FI,hh0407,5.585643481288571,dem,processHeat_low
FI,hh0408,5.517437448628698,dem,processHeat_low
FI,hh0409,5.431272439345776,dem,processHeat_low
FI,hh0410,5.349436655977115,dem,processHeat_low
FI,hh0411,5.323748827904637,dem,processHeat_low
FI,hh0412,5.3755858315253136,dem,processHeat_low
FI,hh0413,5.41659826029354,dem,processHeat_low
FI,hh0414,5.34971746051815,dem,processHeat_low
FI,hh0415,5.296649825806526,dem,processHeat_low
FI,hh0416,5.304130243339387,dem,processHeat_low
FI,hh0417,5.32554449181589,dem,processHeat_low
FI,hh0418,5.3874406366503536,dem,processHeat_low
FI,hh0419,5.423192338308581,dem,processHeat_low
FI,hh0420,5.424906262294826,dem,processHeat_low
FI,hh0421,5.464402966383204,dem,processHeat_low
FI,hh0422,5.453699209827391,dem,processHeat_low
FI,hh0423,5.470055953257543,dem,processHeat_low
FI,hh0424,5.5040991127207235,dem,processHeat_low
FI,hh0425,5.566741015436492,dem,processHeat_low
FI,hh0426,5.580673712522184,dem,processHeat_low
FI,hh0427,5.495783796155592,dem,processHeat_low
FI,hh0428,5.453699209827391,dem,processHeat_low
FI,hh0429,5.470055953257543,dem,processHeat_low
FI,hh0430,5.506627286635194,dem,processHeat_low
FI,hh0431,5.570500902167623,dem,processHeat_low
FI,hh0432,5.576122732149088,dem,processHeat_low
FI,hh0433,5.476391368574696,dem,processHeat_low
FI,hh0434,5.395067514264156,dem,processHeat_low
FI,hh0435,5.341574511478029,dem,processHeat_low
FI,hh0436,5.355121950457033,dem,processHeat_low
FI,hh0437,5.410728313581785,dem,processHeat_low
FI,hh0438,5.424926383453567,dem,processHeat_low
FI,hh0439,5.337308489339193,dem,processHeat_low
FI,hh0440,5.298128062431715,dem,processHeat_low
FI,hh0441,5.299650149234367,dem,processHeat_low
FI,hh0442,5.329742910340428,dem,processHeat_low
FI,hh0443,5.393562236931757,dem,processHeat_low
FI,hh0444,5.408031496461263,dem,processHeat_low
FI,hh0445,5.341978578282578,dem,processHeat_low
FI,hh0446,5.325808229723407,dem,processHeat_low
FI,hh0447,5.422779590982827,dem,processHeat_low
FI,hh0448,5.4704806412846665,dem,processHeat_low
FI,hh0449,5.3948957605553005,dem,processHeat_low
FI,hh0450,5.325865027656619,dem,processHeat_low
FI,hh0451,5.31678155800364,dem,processHeat_low
FI,hh0452,5.353395117470427,dem,processHeat_low
FI,hh0453,5.438693493209939,dem,processHeat_low
FI,hh0454,5.4721238363727025,dem,processHeat_low
FI,hh0455,5.371759574620228,dem,processHeat_low
FI,hh0456,5.292439310953341,dem,processHeat_low
FI,hh0457,5.333220742828416,dem,processHeat_low
FI,hh0458,5.365646333184486,dem,processHeat_low
FI,hh0459,5.4248542129171256,dem,processHeat_low
FI,hh0460,5.45492371801447,dem,processHeat_low
FI,hh0461,5.360870845772297,dem,processHeat_low
FI,hh0462,5.332671038988337,dem,processHeat_low
FI,hh0463,5.396924720795141,dem,processHeat_low
FI,hh0464,5.480952427124066,dem,processHeat_low
FI,hh0465,5.525929599469237,dem,processHeat_low
FI,hh0466,5.5958162148181145,dem,processHeat_low
FI,hh0467,5.552000444569785,dem,processHeat_low
FI,hh0468,5.456867629161934,dem,processHeat_low
FI,hh0469,5.465508580013193,dem,processHeat_low
FI,hh0470,5.482651491334764,dem,processHeat_low
FI,hh0471,5.5164020017764415,dem,processHeat_low
FI,hh0472,5.5851485650982795,dem,processHeat_low
FI,hh0473,5.53765085010491,dem,processHeat_low
FI,hh0474,5.449577859328201,dem,processHeat_low
FI,hh0475,5.443373349133253,dem,processHeat_low
FI,hh0476,5.482651491334764,dem,processHeat_low
FI,hh0477,5.511007627646904,dem,processHeat_low
FI,hh0478,5.573355115227969,dem,processHeat_low
FI,hh0479,5.520409399532582,dem,processHeat_low
FI,hh0480,5.435111403465271,dem,processHeat_low
FI,hh0481,5.425898987619803,dem,processHeat_low
FI,hh0482,5.458635124556167,dem,processHeat_low
FI,hh0483,5.491876929268983,dem,processHeat_low
FI,hh0484,5.583360352047748,dem,processHeat_low
FI,hh0485,5.551897573612223,dem,processHeat_low
FI,hh0486,5.475440126600006,dem,processHeat_low
FI,hh0487,5.427263697183662,dem,processHeat_low
FI,hh0488,5.404697203452088,dem,processHeat_low
FI,hh0489,5.448947406612206,dem,processHeat_low
FI,hh0490,5.525552520723068,dem,processHeat_low
FI,hh0491,5.504171372274868,dem,processHeat_low
FI,hh0492,5.422281396246035,dem,processHeat_low
FI,hh0493,5.37108764466393,dem,processHeat_low
FI,hh0494,5.348270800175669,dem,processHeat_low
FI,hh0495,5.3965421066332055,dem,processHeat_low
FI,hh0496,5.511893969189259,dem,processHeat_low
FI,hh0497,5.507538528243458,dem,processHeat_low
FI,hh0498,5.435790425348387,dem,processHeat_low
FI,hh0499,5.379663308838644,dem,processHeat_low
FI,hh0500,5.347837608434929,dem,processHeat_low
FI,hh0501,5.380438528083687,dem,processHeat_low
FI,hh0502,5.443632470407465,dem,processHeat_low
FI,hh0503,5.410112385570756,dem,processHeat_low
FI,hh0504,5.317641899862792,dem,processHeat_low
FI,hh0505,5.419673679482003,dem,processHeat_low
FI,hh0506,5.536236537240256,dem,processHeat_low
FI,hh0507,5.547070703674763,dem,processHeat_low
FI,hh0508,5.460971311711546,dem,processHeat_low
FI,hh0509,5.431649210959222,dem,processHeat_low
FI,hh0510,5.4176680541204405,dem,processHeat_low
FI,hh0511,5.444231845660397,dem,processHeat_low
FI,hh0512,5.414618192482521,dem,processHeat_low
FI,hh0513,5.326352621916158,dem,processHeat_low
FI,hh0514,5.355584664295748,dem,processHeat_low
FI,hh0515,5.414181278691103,dem,processHeat_low
FI,hh0516,5.4303212540835375,dem,processHeat_low
FI,hh0517,5.353559329809286,dem,processHeat_low
FI,hh0518,5.330346098016889,dem,processHeat_low
FI,hh0519,5.424461393411548,dem,processHeat_low
FI,hh0520,5.4779305219926755,dem,processHeat_low
FI,hh0521,5.533015842829627,dem,processHeat_low
FI,hh0522,5.546305913589094,dem,processHeat_low
FI,hh0523,5.462689076530296,dem,processHeat_low
FI,hh0524,5.431155144233344,dem,processHeat_low
FI,hh0525,5.457069560137825,dem,processHeat_low
FI,hh0526,5.498020318653289,dem,processHeat_low
FI,hh0527,5.541346339419761,dem,processHeat_low
FI,hh0528,5.548783590236781,dem,processHeat_low
FI,hh0529,5.484266028728598,dem,processHeat_low
FI,hh0530,5.464947992393718,dem,processHeat_low
FI,hh0531,5.485189883253042,dem,processHeat_low
FI,hh0532,5.522611303445956,dem,processHeat_low
FI,hh0533,5.559058170478238,dem,processHeat_low
FI,hh0534,5.556470464898666,dem,processHeat_low
FI,hh0535,5.464086087502437,dem,processHeat_low
FI,hh0536,5.423790251325045,dem,processHeat_low
FI,hh0537,5.456074948266178,dem,processHeat_low
FI,hh0538,5.488449191700056,dem,processHeat_low
FI,hh0539,5.549411265272283,dem,processHeat_low
FI,hh0540,5.573595346078946,dem,processHeat_low
FR,hh0361,5.605458495509152,dem,processHeat_low
FR,hh0362,5.67194392425443,dem,processHeat_low
FR,hh0363,5.665754623166274,dem,processHeat_low
FR,hh0364,5.592956979818465,dem,processHeat_low
FR,hh0365,5.557111273425449,dem,processHeat_low
FR,hh0366,5.563380055054191,dem,processHeat_low
FR,hh0367,5.610095768831981,dem,processHeat_low
FR,hh0368,5.668792979502274,dem,processHeat_low
FR,hh0369,5.661607427001949,dem,processHeat_low
FR,hh0370,5.588384819089869,dem,processHeat_low
FR,hh0371,5.553948864312586,dem,processHeat_low
FR,hh0372,5.563629316211957,dem,processHeat_low
FR,hh0373,5.611092907240005,dem,processHeat_low
FR,hh0374,5.670285514517528,dem,processHeat_low
FR,hh0375,5.664676475992063,dem,processHeat_low
FR,hh0376,5.590529693781958,dem,processHeat_low
FR,hh0377,5.555791782114814,dem,processHeat_low
FR,hh0378,5.566362081101994,dem,processHeat_low
FR,hh0379,5.514498433721336,dem,processHeat_low
FR,hh0380,5.4921754063137795,dem,processHeat_low
FR,hh0381,5.508693770745304,dem,processHeat_low
FR,hh0382,5.548957162267177,dem,processHeat_low
FR,hh0383,5.603503220680289,dem,processHeat_low
FR,hh0384,5.5821945496258625,dem,processHeat_low
FR,hh0385,5.5192027910184756,dem,processHeat_low
FR,hh0386,5.550587886416972,dem,processHeat_low
FR,hh0387,5.596901321934507,dem,processHeat_low
FR,hh0388,5.62928694926632,dem,processHeat_low
FR,hh0389,5.666756124183882,dem,processHeat_low
FR,hh0390,5.638080863908423,dem,processHeat_low
FR,hh0391,5.574789933487924,dem,processHeat_low
FR,hh0392,5.559636694007253,dem,processHeat_low
FR,hh0393,5.56865116585193,dem,processHeat_low
FR,hh0394,5.615380889636892,dem,processHeat_low
FR,hh0395,5.667043243856521,dem,processHeat_low
FR,hh0396,5.638649083990964,dem,processHeat_low
FR,hh0397,5.579250252932045,dem,processHeat_low
FR,hh0398,5.5621912819923045,dem,processHeat_low
FR,hh0399,5.572945073344604,dem,processHeat_low
FR,hh0400,5.626368189971001,dem,processHeat_low
FR,hh0401,5.691225705281297,dem,processHeat_low
FR,hh0402,5.665347106480248,dem,processHeat_low
FR,hh0403,5.605512174573663,dem,processHeat_low
FR,hh0404,5.587838706967656,dem,processHeat_low
FR,hh0405,5.594757360873906,dem,processHeat_low
FR,hh0406,5.641877045720205,dem,processHeat_low
FR,hh0407,5.697020482425717,dem,processHeat_low
FR,hh0408,5.579763294194222,dem,processHeat_low
FR,hh0409,5.4997473453976085,dem,processHeat_low
FR,hh0410,5.486504594390635,dem,processHeat_low
FR,hh0411,5.509750317102981,dem,processHeat_low
FR,hh0412,5.54438981000952,dem,processHeat_low
FR,hh0413,5.503288159553535,dem,processHeat_low
FR,hh0414,5.4564127136118525,dem,processHeat_low
FR,hh0415,5.473770410876153,dem,processHeat_low
FR,hh0416,5.489800142007197,dem,processHeat_low
FR,hh0417,5.520580518531388,dem,processHeat_low
FR,hh0418,5.561141158041629,dem,processHeat_low
FR,hh0419,5.514274821063854,dem,processHeat_low
FR,hh0420,5.474849731484044,dem,processHeat_low
FR,hh0421,5.5467920781919675,dem,processHeat_low
FR,hh0422,5.550743637637258,dem,processHeat_low
FR,hh0423,5.585874256303538,dem,processHeat_low
FR,hh0424,5.627501849313903,dem,processHeat_low
FR,hh0425,5.661416773501687,dem,processHeat_low
FR,hh0426,5.645292227967026,dem,processHeat_low
FR,hh0427,5.57066427285532,dem,processHeat_low
FR,hh0428,5.550743637637258,dem,processHeat_low
FR,hh0429,5.585874256303538,dem,processHeat_low
FR,hh0430,5.628546491718952,dem,processHeat_low
FR,hh0431,5.66298229377709,dem,processHeat_low
FR,hh0432,5.639036725036459,dem,processHeat_low
FR,hh0433,5.546454923620975,dem,processHeat_low
FR,hh0434,5.5163723125789215,dem,processHeat_low
FR,hh0435,5.546599168849309,dem,processHeat_low
FR,hh0436,5.588319707831306,dem,processHeat_low
FR,hh0437,5.62368247062597,dem,processHeat_low
FR,hh0438,5.60752484498565,dem,processHeat_low
FR,hh0439,5.534528668517976,dem,processHeat_low
FR,hh0440,5.472811007168962,dem,processHeat_low
FR,hh0441,5.448659609839757,dem,processHeat_low
FR,hh0442,5.48482327268367,dem,processHeat_low
FR,hh0443,5.51950672762893,dem,processHeat_low
FR,hh0444,5.508364591967355,dem,processHeat_low
FR,hh0445,5.4511439680643115,dem,processHeat_low
FR,hh0446,5.445434967189561,dem,processHeat_low
FR,hh0447,5.492851480794495,dem,processHeat_low
FR,hh0448,5.529915991066997,dem,processHeat_low
FR,hh0449,5.559718022678029,dem,processHeat_low
FR,hh0450,5.542207476736779,dem,processHeat_low
FR,hh0451,5.551510352237056,dem,processHeat_low
FR,hh0452,5.595767024026148,dem,processHeat_low
FR,hh0453,5.666866950090261,dem,processHeat_low
FR,hh0454,5.715385062325157,dem,processHeat_low
FR,hh0455,5.625863498489444,dem,processHeat_low
FR,hh0456,5.5436550474553155,dem,processHeat_low
FR,hh0457,5.585203658547538,dem,processHeat_low
FR,hh0458,5.61315572055574,dem,processHeat_low
FR,hh0459,5.643519642359986,dem,processHeat_low
FR,hh0460,5.673319160990264,dem,processHeat_low
FR,hh0461,5.606837043675557,dem,processHeat_low
FR,hh0462,5.548387924791186,dem,processHeat_low
FR,hh0463,5.55397940663574,dem,processHeat_low
FR,hh0464,5.611919305143486,dem,processHeat_low
FR,hh0465,5.637829279014333,dem,processHeat_low
FR,hh0466,5.684368282999265,dem,processHeat_low
FR,hh0467,5.6417204374353105,dem,processHeat_low
FR,hh0468,5.567686283984329,dem,processHeat_low
FR,hh0469,5.5797340784402945,dem,processHeat_low
FR,hh0470,5.619975475322361,dem,processHeat_low
FR,hh0471,5.639420099096095,dem,processHeat_low
FR,hh0472,5.6854353791142715,dem,processHeat_low
FR,hh0473,5.643144991707384,dem,processHeat_low
FR,hh0474,5.5683999851725945,dem,processHeat_low
FR,hh0475,5.578985538667673,dem,processHeat_low
FR,hh0476,5.619975475322361,dem,processHeat_low
FR,hh0477,5.635943218634248,dem,processHeat_low
FR,hh0478,5.675541288591822,dem,processHeat_low
FR,hh0479,5.617950622895183,dem,processHeat_low
FR,hh0480,5.540019967778181,dem,processHeat_low
FR,hh0481,5.54939312262442,dem,processHeat_low
FR,hh0482,5.5851980888180535,dem,processHeat_low
FR,hh0483,5.608134655214084,dem,processHeat_low
FR,hh0484,5.690283103382942,dem,processHeat_low
FR,hh0485,5.6639802498468494,dem,processHeat_low
FR,hh0486,5.598332749264624,dem,processHeat_low
FR,hh0487,5.570200442031858,dem,processHeat_low
FR,hh0488,5.548186187904381,dem,processHeat_low
FR,hh0489,5.584609479912914,dem,processHeat_low
FR,hh0490,5.654423150654776,dem,processHeat_low
FR,hh0491,5.625898444206279,dem,processHeat_low
FR,hh0492,5.5904546774292845,dem,processHeat_low
FR,hh0493,5.601792564315265,dem,processHeat_low
FR,hh0494,5.619336180401421,dem,processHeat_low
FR,hh0495,5.680091065239969,dem,processHeat_low
FR,hh0496,5.647878403348574,dem,processHeat_low
FR,hh0497,5.5831171975781055,dem,processHeat_low
FR,hh0498,5.586748049631755,dem,processHeat_low
FR,hh0499,5.600639676313428,dem,processHeat_low
FR,hh0500,5.619162121115314,dem,processHeat_low
FR,hh0501,5.686535130307806,dem,processHeat_low
FR,hh0502,5.671087991114986,dem,processHeat_low
FR,hh0503,5.570194823760463,dem,processHeat_low
FR,hh0504,5.513741887729407,dem,processHeat_low
FR,hh0505,5.5105018946633475,dem,processHeat_low
FR,hh0506,5.502752127168792,dem,processHeat_low
FR,hh0507,5.519307529481782,dem,processHeat_low
FR,hh0508,5.5539504381235245,dem,processHeat_low
FR,hh0509,5.540291128192462,dem,processHeat_low
FR,hh0510,5.470091294339732,dem,processHeat_low
FR,hh0511,5.454234115489562,dem,processHeat_low
FR,hh0512,5.4960722827752475,dem,processHeat_low
FR,hh0513,5.542498413157068,dem,processHeat_low
FR,hh0514,5.582526324217645,dem,processHeat_low
FR,hh0515,5.578166414844965,dem,processHeat_low
FR,hh0516,5.520138285131569,dem,processHeat_low
FR,hh0517,5.488002523249597,dem,processHeat_low
FR,hh0518,5.489891639877346,dem,processHeat_low
FR,hh0519,5.535658112921243,dem,processHeat_low
FR,hh0520,5.572308133337501,dem,processHeat_low
FR,hh0521,5.52977823205158,dem,processHeat_low
FR,hh0522,5.461481110060897,dem,processHeat_low
FR,hh0523,5.453211665617577,dem,processHeat_low
FR,hh0524,5.50252282973557,dem,processHeat_low
FR,hh0525,5.557824636243675,dem,processHeat_low
FR,hh0526,5.608984984872551,dem,processHeat_low
FR,hh0527,5.562472783837521,dem,processHeat_low
FR,hh0528,5.482801420678179,dem,processHeat_low
FR,hh0529,5.51524221787533,dem,processHeat_low
FR,hh0530,5.59036662298894,dem,processHeat_low
FR,hh0531,5.649374955681022,dem,processHeat_low
FR,hh0532,5.71001218844517,dem,processHeat_low
FR,hh0533,5.643711462766057,dem,processHeat_low
FR,hh0534,5.546428225604506,dem,processHeat_low
FR,hh0535,5.488204094013244,dem,processHeat_low
FR,hh0536,5.4938832691082835,dem,processHeat_low
FR,hh0537,5.5874404147071886,dem,processHeat_low
FR,hh0538,5.626746861143444,dem,processHeat_low
FR,hh0539,5.659272705401983,dem,processHeat_low
FR,hh0540,5.650861062879444,dem,processHeat_low
GR,hh0361,0.5417993479516806,dem,processHeat_low
GR,hh0362,0.5482331775469347,dem,processHeat_low
GR,hh0363,0.5453104487787757,dem,processHeat_low
GR,hh0364,0.5357645734272685,dem,processHeat_low
GR,hh0365,0.5340231388687346,dem,processHeat_low
GR,hh0366,0.5368250879538651,dem,processHeat_low
GR,hh0367,0.5418400275766267,dem,processHeat_low
GR,hh0368,0.5481513310064127,dem,processHeat_low
GR,hh0369,0.5452040492233083,dem,processHeat_low
GR,hh0370,0.5356517522684631,dem,processHeat_low
GR,hh0371,0.5339457854952846,dem,processHeat_low
GR,hh0372,0.5368314104179152,dem,processHeat_low
GR,hh0373,0.5418651790541177,dem,processHeat_low
GR,hh0374,0.5481901088962565,dem,processHeat_low
GR,hh0375,0.5452827417026117,dem,processHeat_low
GR,hh0376,0.5357087089060927,dem,processHeat_low
GR,hh0377,0.5339942184305002,dem,processHeat_low
GR,hh0378,0.536888119028035,dem,processHeat_low
GR,hh0379,0.5281902666691055,dem,processHeat_low
GR,hh0380,0.5249587060428267,dem,processHeat_low
GR,hh0381,0.5291421409086734,dem,processHeat_low
GR,hh0382,0.5346279926140205,dem,processHeat_low
GR,hh0383,0.5410623821539957,dem,processHeat_low
GR,hh0384,0.5370023723175574,dem,processHeat_low
GR,hh0385,0.5275203914017174,dem,processHeat_low
GR,hh0386,0.5319262570894419,dem,processHeat_low
GR,hh0387,0.5400114151190497,dem,processHeat_low
GR,hh0388,0.546371112785232,dem,processHeat_low
GR,hh0389,0.5525477298495703,dem,processHeat_low
GR,hh0390,0.547868760900122,dem,processHeat_low
GR,hh0391,0.5383173433576722,dem,processHeat_low
GR,hh0392,0.5368035217287669,dem,processHeat_low
GR,hh0393,0.5400595060984332,dem,processHeat_low
GR,hh0394,0.546220271018984,dem,processHeat_low
GR,hh0395,0.5525421042773644,dem,processHeat_low
GR,hh0396,0.5478318087323406,dem,processHeat_low
GR,hh0397,0.5383034099324884,dem,processHeat_low
GR,hh0398,0.536767341620835,dem,processHeat_low
GR,hh0399,0.5400414853232554,dem,processHeat_low
GR,hh0400,0.5462714842706876,dem,processHeat_low
GR,hh0401,0.5527603141624291,dem,processHeat_low
GR,hh0402,0.5481029395759585,dem,processHeat_low
GR,hh0403,0.5385761124616713,dem,processHeat_low
GR,hh0404,0.53703723138365,dem,processHeat_low
GR,hh0405,0.5402729598596909,dem,processHeat_low
GR,hh0406,0.5465015577256969,dem,processHeat_low
GR,hh0407,0.5529364248145999,dem,processHeat_low
GR,hh0408,0.5367420771639024,dem,processHeat_low
GR,hh0409,0.5253199592419786,dem,processHeat_low
GR,hh0410,0.5248251762473981,dem,processHeat_low
GR,hh0411,0.5300566968783088,dem,processHeat_low
GR,hh0412,0.5345002560861658,dem,processHeat_low
GR,hh0413,0.5286927539782309,dem,processHeat_low
GR,hh0414,0.5218999777011124,dem,processHeat_low
GR,hh0415,0.5227008004133027,dem,processHeat_low
GR,hh0416,0.5261552866337846,dem,processHeat_low
GR,hh0417,0.5318531489462855,dem,processHeat_low
GR,hh0418,0.5367435884870463,dem,processHeat_low
GR,hh0419,0.5301358341291771,dem,processHeat_low
GR,hh0420,0.5237490359981317,dem,processHeat_low
GR,hh0421,0.5335458318221117,dem,processHeat_low
GR,hh0422,0.5335757472058064,dem,processHeat_low
GR,hh0423,0.5360051169325721,dem,processHeat_low
GR,hh0424,0.5406328781217872,dem,processHeat_low
GR,hh0425,0.547437406043853,dem,processHeat_low
GR,hh0426,0.5469169056628814,dem,processHeat_low
GR,hh0427,0.5372525585654103,dem,processHeat_low
GR,hh0428,0.5335757472058064,dem,processHeat_low
GR,hh0429,0.5360051169325721,dem,processHeat_low
GR,hh0430,0.5406472903305157,dem,processHeat_low
GR,hh0431,0.5474594896380365,dem,processHeat_low
GR,hh0432,0.5468484295771727,dem,processHeat_low
GR,hh0433,0.5369939934472291,dem,processHeat_low
GR,hh0434,0.5331995316801461,dem,processHeat_low
GR,hh0435,0.5355432229119738,dem,processHeat_low
GR,hh0436,0.5401564128316745,dem,processHeat_low
GR,hh0437,0.5469585691257204,dem,processHeat_low
GR,hh0438,0.5464326398596289,dem,processHeat_low
GR,hh0439,0.5364604583303577,dem,processHeat_low
GR,hh0440,0.5279958209123887,dem,processHeat_low
GR,hh0441,0.5234466728877917,dem,processHeat_low
GR,hh0442,0.5267861628988908,dem,processHeat_low
GR,hh0443,0.5332275399289516,dem,processHeat_low
GR,hh0444,0.532781555285317,dem,processHeat_low
GR,hh0445,0.5238239202343102,dem,processHeat_low
GR,hh0446,0.521469069120513,dem,processHeat_low
GR,hh0447,0.5249221949093681,dem,processHeat_low
GR,hh0448,0.5286399899911092,dem,processHeat_low
GR,hh0449,0.5350079419024181,dem,processHeat_low
GR,hh0450,0.5347928298805084,dem,processHeat_low
GR,hh0451,0.5355763321699397,dem,processHeat_low
GR,hh0452,0.5395276601241595,dem,processHeat_low
GR,hh0453,0.5463683173078914,dem,processHeat_low
GR,hh0454,0.5519842225606061,dem,processHeat_low
GR,hh0455,0.5433951654527446,dem,processHeat_low
GR,hh0456,0.5347913479968163,dem,processHeat_low
GR,hh0457,0.5359249052277181,dem,processHeat_low
GR,hh0458,0.5397120831290922,dem,processHeat_low
GR,hh0459,0.5461137425880661,dem,processHeat_low
GR,hh0460,0.5515213577497382,dem,processHeat_low
GR,hh0461,0.5431897754842431,dem,processHeat_low
GR,hh0462,0.5348581609156213,dem,processHeat_low
GR,hh0463,0.5325492123643979,dem,processHeat_low
GR,hh0464,0.5383554496998059,dem,processHeat_low
GR,hh0465,0.5439479344135218,dem,processHeat_low
GR,hh0466,0.5517093280027867,dem,processHeat_low
GR,hh0467,0.5461476956428937,dem,processHeat_low
GR,hh0468,0.5361529114821598,dem,processHeat_low
GR,hh0469,0.5352440973450586,dem,processHeat_low
GR,hh0470,0.5391403722998515,dem,processHeat_low
GR,hh0471,0.5439643217033865,dem,processHeat_low
GR,hh0472,0.5517187082223339,dem,processHeat_low
GR,hh0473,0.5461599863000915,dem,processHeat_low
GR,hh0474,0.536158886022619,dem,processHeat_low
GR,hh0475,0.5352256910861284,dem,processHeat_low
GR,hh0476,0.5391403722998515,dem,processHeat_low
GR,hh0477,0.543921038560919,dem,processHeat_low
GR,hh0478,0.5515989319947692,dem,processHeat_low
GR,hh0479,0.5458860046060725,dem,processHeat_low
GR,hh0480,0.5358711538958232,dem,processHeat_low
GR,hh0481,0.5349226820132413,dem,processHeat_low
GR,hh0482,0.5387719984647882,dem,processHeat_low
GR,hh0483,0.5436215909432746,dem,processHeat_low
GR,hh0484,0.5517635136304222,dem,processHeat_low
GR,hh0485,0.546386867055008,dem,processHeat_low
GR,hh0486,0.5364814217334245,dem,processHeat_low
GR,hh0487,0.5347875599187373,dem,processHeat_low
GR,hh0488,0.5345551179940788,dem,processHeat_low
GR,hh0489,0.5391184151359341,dem,processHeat_low
GR,hh0490,0.5469799607937502,dem,processHeat_low
GR,hh0491,0.5416813252134539,dem,processHeat_low
GR,hh0492,0.535677802466326,dem,processHeat_low
GR,hh0493,0.5388984549212581,dem,processHeat_low
GR,hh0494,0.5436696223725264,dem,processHeat_low
GR,hh0495,0.5515602871555672,dem,processHeat_low
GR,hh0496,0.5461955972478267,dem,processHeat_low
GR,hh0497,0.5363363285866996,dem,processHeat_low
GR,hh0498,0.5352989482112044,dem,processHeat_low
GR,hh0499,0.5388874536025515,dem,processHeat_low
GR,hh0500,0.5436671716305439,dem,processHeat_low
GR,hh0501,0.5516200028648919,dem,processHeat_low
GR,hh0502,0.5464021394081194,dem,processHeat_low
GR,hh0503,0.5361557137035291,dem,processHeat_low
GR,hh0504,0.5310948304857926,dem,processHeat_low
GR,hh0505,0.5321274052992798,dem,processHeat_low
GR,hh0506,0.5300676561457431,dem,processHeat_low
GR,hh0507,0.5312591339617967,dem,processHeat_low
GR,hh0508,0.5377548864303119,dem,processHeat_low
GR,hh0509,0.5372610598360463,dem,processHeat_low
GR,hh0510,0.5280277917879843,dem,processHeat_low
GR,hh0511,0.5255393350259046,dem,processHeat_low
GR,hh0512,0.5289378520514627,dem,processHeat_low
GR,hh0513,0.5337743914475486,dem,processHeat_low
GR,hh0514,0.5408074973432727,dem,processHeat_low
GR,hh0515,0.540793014442251,dem,processHeat_low
GR,hh0516,0.531557434868037,dem,processHeat_low
GR,hh0517,0.5268221498552859,dem,processHeat_low
GR,hh0518,0.5258274621497927,dem,processHeat_low
GR,hh0519,0.5303517960285705,dem,processHeat_low
GR,hh0520,0.5365586579886795,dem,processHeat_low
GR,hh0521,0.5323900056061229,dem,processHeat_low
GR,hh0522,0.5240191534467022,dem,processHeat_low
GR,hh0523,0.5225762547199431,dem,processHeat_low
GR,hh0524,0.5280028836437158,dem,processHeat_low
GR,hh0525,0.5329682699923166,dem,processHeat_low
GR,hh0526,0.5390342774394699,dem,processHeat_low
GR,hh0527,0.5358112600785134,dem,processHeat_low
GR,hh0528,0.5268663963003742,dem,processHeat_low
GR,hh0529,0.5301844267021324,dem,processHeat_low
GR,hh0530,0.5381321224526687,dem,processHeat_low
GR,hh0531,0.5440533761722233,dem,processHeat_low
GR,hh0532,0.5519517898501654,dem,processHeat_low
GR,hh0533,0.5461775140954386,dem,processHeat_low
GR,hh0534,0.5359879731468313,dem,processHeat_low
GR,hh0535,0.5299064167429768,dem,processHeat_low
GR,hh0536,0.5302895708018116,dem,processHeat_low
GR,hh0537,0.5398501593174787,dem,processHeat_low
GR,hh0538,0.5448802302816276,dem,processHeat_low
GR,hh0539,0.5517793080050833,dem,processHeat_low
GR,hh0540,0.5513357010294333,dem,processHeat_low
HR,hh0361,0.21096088051979223,dem,processHeat_low
HR,hh0362,0.21319301822177295,dem,processHeat_low
HR,hh0363,0.21433247008735634,dem,processHeat_low
HR,hh0364,0.21410719132313716,dem,processHeat_low
HR,hh0365,0.21255808062801407,dem,processHeat_low
HR,hh0366,0.2109167234623328,dem,processHeat_low
HR,hh0367,0.21114393194216063,dem,processHeat_low
HR,hh0368,0.21183374196334626,dem,processHeat_low
HR,hh0369,0.21255057882024175,dem,processHeat_low
HR,hh0370,0.21214448142552556,dem,processHeat_low
HR,hh0371,0.21119535964317038,dem,processHeat_low
HR,hh0372,0.2110247811000363,dem,processHeat_low
HR,hh0373,0.2115755511468933,dem,processHeat_low
HR,hh0374,0.21247850756219577,dem,processHeat_low
HR,hh0375,0.21387042636592923,dem,processHeat_low
HR,hh0376,0.2131965929030457,dem,processHeat_low
HR,hh0377,0.21188171331107242,dem,processHeat_low
HR,hh0378,0.21163885923851922,dem,processHeat_low
HR,hh0379,0.21132050096673538,dem,processHeat_low
HR,hh0380,0.21165924025808636,dem,processHeat_low
HR,hh0381,0.21119840758581176,dem,processHeat_low
HR,hh0382,0.2108759699563052,dem,processHeat_low
HR,hh0383,0.21122946312561908,dem,processHeat_low
HR,hh0384,0.2116678804844696,dem,processHeat_low
HR,hh0385,0.2118358882278244,dem,processHeat_low
HR,hh0386,0.21265416460505548,dem,processHeat_low
HR,hh0387,0.21264684771495013,dem,processHeat_low
HR,hh0388,0.21127760917977412,dem,processHeat_low
HR,hh0389,0.2104219066754922,dem,processHeat_low
HR,hh0390,0.21044681420869438,dem,processHeat_low
HR,hh0391,0.2103786127102012,dem,processHeat_low
HR,hh0392,0.21057665308615015,dem,processHeat_low
HR,hh0393,0.21010038718816304,dem,processHeat_low
HR,hh0394,0.2101198263663946,dem,processHeat_low
HR,hh0395,0.2102415848196415,dem,processHeat_low
HR,hh0396,0.20947105787263354,dem,processHeat_low
HR,hh0397,0.20925945659587342,dem,processHeat_low
HR,hh0398,0.2092403230033142,dem,processHeat_low
HR,hh0399,0.20890728411598047,dem,processHeat_low
HR,hh0400,0.20940050303022417,dem,processHeat_low
HR,hh0401,0.21107004379507543,dem,processHeat_low
HR,hh0402,0.21136451380311883,dem,processHeat_low
HR,hh0403,0.21148764334361658,dem,processHeat_low
HR,hh0404,0.21156597533286003,dem,processHeat_low
HR,hh0405,0.2109266354441388,dem,processHeat_low
HR,hh0406,0.21234480486043594,dem,processHeat_low
HR,hh0407,0.21428374029153474,dem,processHeat_low
HR,hh0408,0.21249045152228518,dem,processHeat_low
HR,hh0409,0.21108932561901383,dem,processHeat_low
HR,hh0410,0.2092036030460349,dem,processHeat_low
HR,hh0411,0.20780552018106846,dem,processHeat_low
HR,hh0412,0.20884468722249494,dem,processHeat_low
HR,hh0413,0.2094009186536141,dem,processHeat_low
HR,hh0414,0.2086887504732431,dem,processHeat_low
HR,hh0415,0.20888597905377537,dem,processHeat_low
HR,hh0416,0.20823122947786032,dem,processHeat_low
HR,hh0417,0.20780120880294817,dem,processHeat_low
HR,hh0418,0.20922143464451892,dem,processHeat_low
HR,hh0419,0.20962930224800402,dem,processHeat_low
HR,hh0420,0.21000986567844393,dem,processHeat_low
HR,hh0421,0.21070159499697638,dem,processHeat_low
HR,hh0422,0.21077853043732375,dem,processHeat_low
HR,hh0423,0.21247367459602629,dem,processHeat_low
HR,hh0424,0.21381605944498006,dem,processHeat_low
HR,hh0425,0.2139080728842373,dem,processHeat_low
HR,hh0426,0.21306731269180545,dem,processHeat_low
HR,hh0427,0.2110089856464583,dem,processHeat_low
HR,hh0428,0.21077853043732375,dem,processHeat_low
HR,hh0429,0.21247367459602629,dem,processHeat_low
HR,hh0430,0.21387651374118377,dem,processHeat_low
HR,hh0431,0.2139986809416996,dem,processHeat_low
HR,hh0432,0.21255383572179198,dem,processHeat_low
HR,hh0433,0.20902787949080448,dem,processHeat_low
HR,hh0434,0.2075702334432208,dem,processHeat_low
HR,hh0435,0.20802961134097586,dem,processHeat_low
HR,hh0436,0.20906433337631825,dem,processHeat_low
HR,hh0437,0.20915893272672292,dem,processHeat_low
HR,hh0438,0.2084279528684192,dem,processHeat_low
HR,hh0439,0.2066597580594589,dem,processHeat_low
HR,hh0440,0.20574608726224142,dem,processHeat_low
HR,hh0441,0.2063865146066064,dem,processHeat_low
HR,hh0442,0.20778681579474778,dem,processHeat_low
HR,hh0443,0.20788607296867667,dem,processHeat_low
HR,hh0444,0.20749734920104856,dem,processHeat_low
HR,hh0445,0.20695455160728216,dem,processHeat_low
HR,hh0446,0.2075186483291418,dem,processHeat_low
HR,hh0447,0.21053767997977957,dem,processHeat_low
HR,hh0448,0.2120274526942012,dem,processHeat_low
HR,hh0449,0.21009776388928003,dem,processHeat_low
HR,hh0450,0.2080307731537232,dem,processHeat_low
HR,hh0451,0.20819987098366255,dem,processHeat_low
HR,hh0452,0.20997743172597438,dem,processHeat_low
HR,hh0453,0.21313204898740423,dem,processHeat_low
HR,hh0454,0.21456454928272706,dem,processHeat_low
HR,hh0455,0.21067791659822888,dem,processHeat_low
HR,hh0456,0.20773950457578394,dem,processHeat_low
HR,hh0457,0.21092729298175072,dem,processHeat_low
HR,hh0458,0.2114257597880851,dem,processHeat_low
HR,hh0459,0.21122708688005787,dem,processHeat_low
HR,hh0460,0.21122857280465723,dem,processHeat_low
HR,hh0461,0.20911988790965097,dem,processHeat_low
HR,hh0462,0.20857869479937108,dem,processHeat_low
HR,hh0463,0.211027974932108,dem,processHeat_low
HR,hh0464,0.2135260155199603,dem,processHeat_low
HR,hh0465,0.2132310610930972,dem,processHeat_low
HR,hh0466,0.2138804662424718,dem,processHeat_low
HR,hh0467,0.21289914237831908,dem,processHeat_low
HR,hh0468,0.21100566923666975,dem,processHeat_low
HR,hh0469,0.21241124683285761,dem,processHeat_low
HR,hh0470,0.2136798842036569,dem,processHeat_low
HR,hh0471,0.21313824528715486,dem,processHeat_low
HR,hh0472,0.21375764036349665,dem,processHeat_low
HR,hh0473,0.21273459461758648,dem,processHeat_low
HR,hh0474,0.210922788078733,dem,processHeat_low
HR,hh0475,0.21208855102850066,dem,processHeat_low
HR,hh0476,0.2136798842036569,dem,processHeat_low
HR,hh0477,0.21289369933253965,dem,processHeat_low
HR,hh0478,0.2130132611357567,dem,processHeat_low
HR,hh0479,0.2106426814225415,dem,processHeat_low
HR,hh0480,0.20847940808096155,dem,processHeat_low
HR,hh0481,0.20958565698333587,dem,processHeat_low
HR,hh0482,0.21080249216879565,dem,processHeat_low
HR,hh0483,0.2105864057606368,dem,processHeat_low
HR,hh0484,0.2142280416264839,dem,processHeat_low
HR,hh0485,0.21445133549616457,dem,processHeat_low
HR,hh0486,0.213326069873915,dem,processHeat_low
HR,hh0487,0.21134537551154153,dem,processHeat_low
HR,hh0488,0.2094257000851485,dem,processHeat_low
HR,hh0489,0.21053487633889745,dem,processHeat_low
HR,hh0490,0.21307118690208426,dem,processHeat_low
HR,hh0491,0.21325818082152637,dem,processHeat_low
HR,hh0492,0.21247181385467684,dem,processHeat_low
HR,hh0493,0.2109882457615413,dem,processHeat_low
HR,hh0494,0.2096097962191834,dem,processHeat_low
HR,hh0495,0.21110398305143008,dem,processHeat_low
HR,hh0496,0.21278829757466156,dem,processHeat_low
HR,hh0497,0.21272151415507778,dem,processHeat_low
HR,hh0498,0.21259897206607548,dem,processHeat_low
HR,hh0499,0.2110765570055264,dem,processHeat_low
HR,hh0500,0.20959954557451965,dem,processHeat_low
HR,hh0501,0.2114234161603008,dem,processHeat_low
HR,hh0502,0.21376584904146512,dem,processHeat_low
HR,hh0503,0.21063454580223606,dem,processHeat_low
HR,hh0504,0.20758998532085116,dem,processHeat_low
HR,hh0505,0.20804252539414847,dem,processHeat_low
HR,hh0506,0.21010832940635282,dem,processHeat_low
HR,hh0507,0.21082511432268802,dem,processHeat_low
HR,hh0508,0.2089310494577603,dem,processHeat_low
HR,hh0509,0.20765620269048668,dem,processHeat_low
HR,hh0510,0.20694465326664613,dem,processHeat_low
HR,hh0511,0.2075464984656037,dem,processHeat_low
HR,hh0512,0.20865125623060976,dem,processHeat_low
HR,hh0513,0.2085336956760102,dem,processHeat_low
HR,hh0514,0.20825735868379525,dem,processHeat_low
HR,hh0515,0.2086136410553081,dem,processHeat_low
HR,hh0516,0.2091823622560014,dem,processHeat_low
HR,hh0517,0.20845128458597628,dem,processHeat_low
HR,hh0518,0.20892511019030735,dem,processHeat_low
HR,hh0519,0.2111558783279861,dem,processHeat_low
HR,hh0520,0.21129281603646177,dem,processHeat_low
HR,hh0521,0.2108284939151872,dem,processHeat_low
HR,hh0522,0.21023012965713406,dem,processHeat_low
HR,hh0523,0.20945977475037125,dem,processHeat_low
HR,hh0524,0.20994932021767454,dem,processHeat_low
HR,hh0525,0.21183029728626934,dem,processHeat_low
HR,hh0526,0.2130755113015539,dem,processHeat_low
HR,hh0527,0.21174555250092908,dem,processHeat_low
HR,hh0528,0.21039397818003636,dem,processHeat_low
HR,hh0529,0.21024539305619783,dem,processHeat_low
HR,hh0530,0.21163628047145266,dem,processHeat_low
HR,hh0531,0.21349786212181243,dem,processHeat_low
HR,hh0532,0.21479084931957004,dem,processHeat_low
HR,hh0533,0.21304574565613166,dem,processHeat_low
HR,hh0534,0.21063605523215756,dem,processHeat_low
HR,hh0535,0.20800614185316135,dem,processHeat_low
HR,hh0536,0.20767903371017837,dem,processHeat_low
HR,hh0537,0.21038099348652395,dem,processHeat_low
HR,hh0538,0.21132354244821272,dem,processHeat_low
HR,hh0539,0.21131382173211932,dem,processHeat_low
HR,hh0540,0.21122402339051405,dem,processHeat_low
HU,hh0361,1.0700073302439017,dem,processHeat_low
HU,hh0362,1.081761933579683,dem,processHeat_low
HU,hh0363,1.0828803360072539,dem,processHeat_low
HU,hh0364,1.0714519248759167,dem,processHeat_low
HU,hh0365,1.0628720788909376,dem,processHeat_low
HU,hh0366,1.062367515034162,dem,processHeat_low
HU,hh0367,1.071018913949885,dem,processHeat_low
HU,hh0368,1.0809523547815458,dem,processHeat_low
HU,hh0369,1.0818151869202373,dem,processHeat_low
HU,hh0370,1.0702779612669848,dem,processHeat_low
HU,hh0371,1.062059826513766,dem,processHeat_low
HU,hh0372,1.0624315595995584,dem,processHeat_low
HU,hh0373,1.0712750880495308,dem,processHeat_low
HU,hh0374,1.0813358357462537,dem,processHeat_low
HU,hh0375,1.0826034288240798,dem,processHeat_low
HU,hh0376,1.0706784714974358,dem,processHeat_low
HU,hh0377,1.0634202246702105,dem,processHeat_low
HU,hh0378,1.064546474861361,dem,processHeat_low
HU,hh0379,1.058222158216649,dem,processHeat_low
HU,hh0380,1.0560170028068017,dem,processHeat_low
HU,hh0381,1.0573440801926703,dem,processHeat_low
HU,hh0382,1.062680828279023,dem,processHeat_low
HU,hh0383,1.0695260400675621,dem,processHeat_low
HU,hh0384,1.0669627492553535,dem,processHeat_low
HU,hh0385,1.0594355015579309,dem,processHeat_low
HU,hh0386,1.0648096983332345,dem,processHeat_low
HU,hh0387,1.0705639263803186,dem,processHeat_low
HU,hh0388,1.073720235736094,dem,processHeat_low
HU,hh0389,1.0770011282717922,dem,processHeat_low
HU,hh0390,1.0730125643779223,dem,processHeat_low
HU,hh0391,1.0651816200886848,dem,processHeat_low
HU,hh0392,1.0637353993681136,dem,processHeat_low
HU,hh0393,1.0640603865305513,dem,processHeat_low
HU,hh0394,1.070626411400066,dem,processHeat_low
HU,hh0395,1.077045036672045,dem,processHeat_low
HU,hh0396,1.0730388989483655,dem,processHeat_low
HU,hh0397,1.0660276047536357,dem,processHeat_low
HU,hh0398,1.0641516223337186,dem,processHeat_low
HU,hh0399,1.0648636683395774,dem,processHeat_low
HU,hh0400,1.0729109765939815,dem,processHeat_low
HU,hh0401,1.082230090136712,dem,processHeat_low
HU,hh0402,1.0781338839336971,dem,processHeat_low
HU,hh0403,1.0711391212621362,dem,processHeat_low
HU,hh0404,1.0690582875448844,dem,processHeat_low
HU,hh0405,1.068756320636632,dem,processHeat_low
HU,hh0406,1.0755466157836207,dem,processHeat_low
HU,hh0407,1.0828956581020577,dem,processHeat_low
HU,hh0408,1.0659936634847718,dem,processHeat_low
HU,hh0409,1.056400613340356,dem,processHeat_low
HU,hh0410,1.0545616173781927,dem,processHeat_low
HU,hh0411,1.0566361099233288,dem,processHeat_low
HU,hh0412,1.0611763153382228,dem,processHeat_low
HU,hh0413,1.0540866829388635,dem,processHeat_low
HU,hh0414,1.0472225755166444,dem,processHeat_low
HU,hh0415,1.0515380617887358,dem,processHeat_low
HU,hh0416,1.0536331581051075,dem,processHeat_low
HU,hh0417,1.0569712478895057,dem,processHeat_low
HU,hh0418,1.0626191131806224,dem,processHeat_low
HU,hh0419,1.0549234537357297,dem,processHeat_low
HU,hh0420,1.050622208197506,dem,processHeat_low
HU,hh0421,1.0620666375105552,dem,processHeat_low
HU,hh0422,1.0638179427496477,dem,processHeat_low
HU,hh0423,1.0703877617310182,dem,processHeat_low
HU,hh0424,1.0764641335021294,dem,processHeat_low
HU,hh0425,1.0788376184167485,dem,processHeat_low
HU,hh0426,1.0754983831183538,dem,processHeat_low
HU,hh0427,1.0652059589831315,dem,processHeat_low
HU,hh0428,1.0638179427496477,dem,processHeat_low
HU,hh0429,1.0703877617310182,dem,processHeat_low
HU,hh0430,1.077182359520174,dem,processHeat_low
HU,hh0431,1.0799144828289307,dem,processHeat_low
HU,hh0432,1.0740252911310133,dem,processHeat_low
HU,hh0433,1.0590900715730134,dem,processHeat_low
HU,hh0434,1.0552439281952546,dem,processHeat_low
HU,hh0435,1.0610500886100043,dem,processHeat_low
HU,hh0436,1.067928414547672,dem,processHeat_low
HU,hh0437,1.070606867195878,dem,processHeat_low
HU,hh0438,1.0659672762210994,dem,processHeat_low
HU,hh0439,1.0560961329372982,dem,processHeat_low
HU,hh0440,1.0484668103894514,dem,processHeat_low
HU,hh0441,1.0460517431221852,dem,processHeat_low
HU,hh0442,1.0521225804778371,dem,processHeat_low
HU,hh0443,1.0549655187910738,dem,processHeat_low
HU,hh0444,1.0518420544414295,dem,processHeat_low
HU,hh0445,1.0458650709733814,dem,processHeat_low
HU,hh0446,1.0474142568761873,dem,processHeat_low
HU,hh0447,1.0562964203739729,dem,processHeat_low
HU,hh0448,1.0622892255373082,dem,processHeat_low
HU,hh0449,1.063810553914306,dem,processHeat_low
HU,hh0450,1.0590408399365776,dem,processHeat_low
HU,hh0451,1.061139226493253,dem,processHeat_low
HU,hh0452,1.0700135706065783,dem,processHeat_low
HU,hh0453,1.0824002210763652,dem,processHeat_low
HU,hh0454,1.0900598264328836,dem,processHeat_low
HU,hh0455,1.073633156304408,dem,processHeat_low
HU,hh0456,1.059322670937933,dem,processHeat_low
HU,hh0457,1.0686241629224944,dem,processHeat_low
HU,hh0458,1.0738805760759618,dem,processHeat_low
HU,hh0459,1.0772096427270286,dem,processHeat_low
HU,hh0460,1.0807148815589982,dem,processHeat_low
HU,hh0461,1.0694028784109495,dem,processHeat_low
HU,hh0462,1.0604184716536056,dem,processHeat_low
HU,hh0463,1.0637497225843493,dem,processHeat_low
HU,hh0464,1.0738910420863996,dem,processHeat_low
HU,hh0465,1.0764113046327592,dem,processHeat_low
HU,hh0466,1.0822064901649262,dem,processHeat_low
HU,hh0467,1.074301998603313,dem,processHeat_low
HU,hh0468,1.0637818078423924,dem,processHeat_low
HU,hh0469,1.0686518100334494,dem,processHeat_low
HU,hh0470,1.0762086749847553,dem,processHeat_low
HU,hh0471,1.077719810099901,dem,processHeat_low
HU,hh0472,1.0831549804725493,dem,processHeat_low
HU,hh0473,1.0755683083171887,dem,processHeat_low
HU,hh0474,1.064416062279002,dem,processHeat_low
HU,hh0475,1.0684595975007747,dem,processHeat_low
HU,hh0476,1.0762086749847553,dem,processHeat_low
HU,hh0477,1.0761365571640793,dem,processHeat_low
HU,hh0478,1.0795773007662262,dem,processHeat_low
HU,hh0479,1.069962069491758,dem,processHeat_low
HU,hh0480,1.0594841698622628,dem,processHeat_low
HU,hh0481,1.0626913281170485,dem,processHeat_low
HU,hh0482,1.0684756722969946,dem,processHeat_low
HU,hh0483,1.0699504679125595,dem,processHeat_low
HU,hh0484,1.0828584919158826,dem,processHeat_low
HU,hh0485,1.080204174816704,dem,processHeat_low
HU,hh0486,1.0724512601915925,dem,processHeat_low
HU,hh0487,1.0675206611093784,dem,processHeat_low
HU,hh0488,1.0626175720256785,dem,processHeat_low
HU,hh0489,1.0673084530857189,dem,processHeat_low
HU,hh0490,1.0774556407562208,dem,processHeat_low
HU,hh0491,1.074325472683269,dem,processHeat_low
HU,hh0492,1.071079498419698,dem,processHeat_low
HU,hh0493,1.0720484163910475,dem,processHeat_low
HU,hh0494,1.0730697294516198,dem,processHeat_low
HU,hh0495,1.081422171742537,dem,processHeat_low
HU,hh0496,1.0764253508485946,dem,processHeat_low
HU,hh0497,1.067746541320213,dem,processHeat_low
HU,hh0498,1.069928046056836,dem,processHeat_low
HU,hh0499,1.0710768455295672,dem,processHeat_low
HU,hh0500,1.0729500030588848,dem,processHeat_low
HU,hh0501,1.0825097820723941,dem,processHeat_low
HU,hh0502,1.0806828943927997,dem,processHeat_low
HU,hh0503,1.0642016046425273,dem,processHeat_low
HU,hh0504,1.0556420575305179,dem,processHeat_low
HU,hh0505,1.0541442201339142,dem,processHeat_low
HU,hh0506,1.052910244386375,dem,processHeat_low
HU,hh0507,1.05690546602012,dem,processHeat_low
HU,hh0508,1.0612647220721885,dem,processHeat_low
HU,hh0509,1.0591495390691374,dem,processHeat_low
HU,hh0510,1.0484910107040046,dem,processHeat_low
HU,hh0511,1.045005504037682,dem,processHeat_low
HU,hh0512,1.0522661526113728,dem,processHeat_low
HU,hh0513,1.0606523173590818,dem,processHeat_low
HU,hh0514,1.0662078429551025,dem,processHeat_low
HU,hh0515,1.0655532126260505,dem,processHeat_low
HU,hh0516,1.0576200720381075,dem,processHeat_low
HU,hh0517,1.051478089055888,dem,processHeat_low
HU,hh0518,1.0520410767980823,dem,processHeat_low
HU,hh0519,1.0605524141305547,dem,processHeat_low
HU,hh0520,1.0659048365680988,dem,processHeat_low
HU,hh0521,1.05903717679762,dem,processHeat_low
HU,hh0522,1.0483986856815428,dem,processHeat_low
HU,hh0523,1.0460470066024667,dem,processHeat_low
HU,hh0524,1.0538054566955277,dem,processHeat_low
HU,hh0525,1.0646971076276524,dem,processHeat_low
HU,hh0526,1.0735505748906875,dem,processHeat_low
HU,hh0527,1.0638359983157302,dem,processHeat_low
HU,hh0528,1.0510454076864815,dem,processHeat_low
HU,hh0529,1.0572337188807013,dem,processHeat_low
HU,hh0530,1.0700655986989553,dem,processHeat_low
HU,hh0531,1.0798882595899906,dem,processHeat_low
HU,hh0532,1.0887685477267395,dem,processHeat_low
HU,hh0533,1.0756391389716955,dem,processHeat_low
HU,hh0534,1.0591905080803994,dem,processHeat_low
HU,hh0535,1.0508151892104927,dem,processHeat_low
HU,hh0536,1.0525347279013777,dem,processHeat_low
HU,hh0537,1.0683139740935097,dem,processHeat_low
HU,hh0538,1.073980592871672,dem,processHeat_low
HU,hh0539,1.0758027398683327,dem,processHeat_low
HU,hh0540,1.0736204122402464,dem,processHeat_low
IE,hh0361,0.5932097352931509,dem,processHeat_low
IE,hh0362,0.6002825896900372,dem,processHeat_low
IE,hh0363,0.5967384269702993,dem,processHeat_low
IE,hh0364,0.5859133540234409,dem,processHeat_low
IE,hh0365,0.5842320977936977,dem,processHeat_low
IE,hh0366,0.5876122750815822,dem,processHeat_low
IE,hh0367,0.5932048019501781,dem,processHeat_low
IE,hh0368,0.600255260696952,dem,processHeat_low
IE,hh0369,0.5967030169609264,dem,processHeat_low
IE,hh0370,0.5858760962172012,dem,processHeat_low
IE,hh0371,0.5842065665973162,dem,processHeat_low
IE,hh0372,0.5876143788837431,dem,processHeat_low
IE,hh0373,0.5932131585732566,dem,processHeat_low
IE,hh0374,0.600268209908863,dem,processHeat_low
IE,hh0375,0.5967292038431221,dem,processHeat_low
IE,hh0376,0.585896453316867,dem,processHeat_low
IE,hh0377,0.5842200141090466,dem,processHeat_low
IE,hh0378,0.5876252957714404,dem,processHeat_low
IE,hh0379,0.577646250956857,dem,processHeat_low
IE,hh0380,0.5739551905575884,dem,processHeat_low
IE,hh0381,0.5788388754501891,dem,processHeat_low
IE,hh0382,0.5850765160028708,dem,processHeat_low
IE,hh0383,0.5923287343616239,dem,processHeat_low
IE,hh0384,0.587606314536721,dem,processHeat_low
IE,hh0385,0.5767720508160172,dem,processHeat_low
IE,hh0386,0.5817426434772617,dem,processHeat_low
IE,hh0387,0.5910654170586226,dem,processHeat_low
IE,hh0388,0.5985253596312293,dem,processHeat_low
IE,hh0389,0.6057320869195724,dem,processHeat_low
IE,hh0390,0.6003049651021085,dem,processHeat_low
IE,hh0391,0.5893098852610411,dem,processHeat_low
IE,hh0392,0.5876144385526947,dem,processHeat_low
IE,hh0393,0.5914949978410697,dem,processHeat_low
IE,hh0394,0.5985253596312293,dem,processHeat_low
IE,hh0395,0.6057269385015196,dem,processHeat_low
IE,hh0396,0.6002798815820913,dem,processHeat_low
IE,hh0397,0.5892748474208025,dem,processHeat_low
IE,hh0398,0.5875782625763,dem,processHeat_low
IE,hh0399,0.5914582466235822,dem,processHeat_low
IE,hh0400,0.598485409361291,dem,processHeat_low
IE,hh0401,0.6056968473077233,dem,processHeat_low
IE,hh0402,0.6002704654264939,dem,processHeat_low
IE,hh0403,0.5892748474208025,dem,processHeat_low
IE,hh0404,0.587581690932679,dem,processHeat_low
IE,hh0405,0.5914617301424375,dem,processHeat_low
IE,hh0406,0.5985248027123165,dem,processHeat_low
IE,hh0407,0.605765134867851,dem,processHeat_low
IE,hh0408,0.587313417465243,dem,processHeat_low
IE,hh0409,0.5743370983672715,dem,processHeat_low
IE,hh0410,0.5739114568724455,dem,processHeat_low
IE,hh0411,0.580019773253238,dem,processHeat_low
IE,hh0412,0.5850227417915861,dem,processHeat_low
IE,hh0413,0.5784176366302785,dem,processHeat_low
IE,hh0414,0.5707275300180306,dem,processHeat_low
IE,hh0415,0.5715054051338867,dem,processHeat_low
IE,hh0416,0.5755091062680925,dem,processHeat_low
IE,hh0417,0.5820914596024024,dem,processHeat_low
IE,hh0418,0.5875720164685265,dem,processHeat_low
IE,hh0419,0.5800488122008267,dem,processHeat_low
IE,hh0420,0.5727315016731863,dem,processHeat_low
IE,hh0421,0.5837979174471531,dem,processHeat_low
IE,hh0422,0.5837809344342462,dem,processHeat_low
IE,hh0423,0.5863146723634929,dem,processHeat_low
IE,hh0424,0.5914665880887666,dem,processHeat_low
IE,hh0425,0.5994168638521382,dem,processHeat_low
IE,hh0426,0.5989818615959421,dem,processHeat_low
IE,hh0427,0.5880396230670216,dem,processHeat_low
IE,hh0428,0.5837809344342462,dem,processHeat_low
IE,hh0429,0.5863146723634929,dem,processHeat_low
IE,hh0430,0.5914665880887666,dem,processHeat_low
IE,hh0431,0.5994168638521382,dem,processHeat_low
IE,hh0432,0.5989818615959421,dem,processHeat_low
IE,hh0433,0.5880396230670216,dem,processHeat_low
IE,hh0434,0.5837721966958114,dem,processHeat_low
IE,hh0435,0.5862868341519479,dem,processHeat_low
IE,hh0436,0.5914312304636772,dem,processHeat_low
IE,hh0437,0.5993774649630319,dem,processHeat_low
IE,hh0438,0.5989439777314324,dem,processHeat_low
IE,hh0439,0.5875825040079266,dem,processHeat_low
IE,hh0440,0.5779639677519972,dem,processHeat_low
IE,hh0441,0.572702140494277,dem,processHeat_low
IE,hh0442,0.5763305065616968,dem,processHeat_low
IE,hh0443,0.5837753080906929,dem,processHeat_low
IE,hh0444,0.5833678991120324,dem,processHeat_low
IE,hh0445,0.5731246609398964,dem,processHeat_low
IE,hh0446,0.5703245356305491,dem,processHeat_low
IE,hh0447,0.5739295039764445,dem,processHeat_low
IE,hh0448,0.5779986178230989,dem,processHeat_low
IE,hh0449,0.585452451168074,dem,processHeat_low
IE,hh0450,0.5854345362754867,dem,processHeat_low
IE,hh0451,0.5862800672572164,dem,processHeat_low
IE,hh0452,0.590560143626725,dem,processHeat_low
IE,hh0453,0.5980509417706543,dem,processHeat_low
IE,hh0454,0.6043508185437463,dem,processHeat_low
IE,hh0455,0.594943735501366,dem,processHeat_low
IE,hh0456,0.5854250707574522,dem,processHeat_low
IE,hh0457,0.5862780530866982,dem,processHeat_low
IE,hh0458,0.590560143626725,dem,processHeat_low
IE,hh0459,0.5980516669168309,dem,processHeat_low
IE,hh0460,0.6043544804268257,dem,processHeat_low
IE,hh0461,0.594944425083997,dem,processHeat_low
IE,hh0462,0.5854352011213696,dem,processHeat_low
IE,hh0463,0.582510355203876,dem,processHeat_low
IE,hh0464,0.5888745391813984,dem,processHeat_low
IE,hh0465,0.5954192883537961,dem,processHeat_low
IE,hh0466,0.6043968368070421,dem,processHeat_low
IE,hh0467,0.5980929875366413,dem,processHeat_low
IE,hh0468,0.5867469371948998,dem,processHeat_low
IE,hh0469,0.5854649496261228,dem,processHeat_low
IE,hh0470,0.5897290742824829,dem,processHeat_low
IE,hh0471,0.5954150593633537,dem,processHeat_low
IE,hh0472,0.6043924594340897,dem,processHeat_low
IE,hh0473,0.5980873030963594,dem,processHeat_low
IE,hh0474,0.5867442231145872,dem,processHeat_low
IE,hh0475,0.5854588715845572,dem,processHeat_low
IE,hh0476,0.5897290742824829,dem,processHeat_low
IE,hh0477,0.5954150593633537,dem,processHeat_low
IE,hh0478,0.6043924594340897,dem,processHeat_low
IE,hh0479,0.5980873030963594,dem,processHeat_low
IE,hh0480,0.5867442231145872,dem,processHeat_low
IE,hh0481,0.5854588715845572,dem,processHeat_low
IE,hh0482,0.5897290742824829,dem,processHeat_low
IE,hh0483,0.5954150593633537,dem,processHeat_low
IE,hh0484,0.6043924594340897,dem,processHeat_low
IE,hh0485,0.5980873030963594,dem,processHeat_low
IE,hh0486,0.5867442231145872,dem,processHeat_low
IE,hh0487,0.5850315135620174,dem,processHeat_low
IE,hh0488,0.5850294892709085,dem,processHeat_low
IE,hh0489,0.590172886180955,dem,processHeat_low
IE,hh0490,0.5989568919496175,dem,processHeat_low
IE,hh0491,0.5927893714818082,dem,processHeat_low
IE,hh0492,0.5858740442265222,dem,processHeat_low
IE,hh0493,0.5897008388739968,dem,processHeat_low
IE,hh0494,0.5953698841643349,dem,processHeat_low
IE,hh0495,0.6043362233554995,dem,processHeat_low
IE,hh0496,0.5980785905323016,dem,processHeat_low
IE,hh0497,0.5867578037102062,dem,processHeat_low
IE,hh0498,0.5854554730766544,dem,processHeat_low
IE,hh0499,0.589704281924601,dem,processHeat_low
IE,hh0500,0.5953698841643349,dem,processHeat_low
IE,hh0501,0.6043303761023231,dem,processHeat_low
IE,hh0502,0.5980543941000831,dem,processHeat_low
IE,hh0503,0.5867333323897328,dem,processHeat_low
IE,hh0504,0.5812498122038323,dem,processHeat_low
IE,hh0505,0.58252504355832,dem,processHeat_low
IE,hh0506,0.5800666126688228,dem,processHeat_low
IE,hh0507,0.5813121456214356,dem,processHeat_low
IE,hh0508,0.5888799722457441,dem,processHeat_low
IE,hh0509,0.5884498355398495,dem,processHeat_low
IE,hh0510,0.5779960064353507,dem,processHeat_low
IE,hh0511,0.5751486775179454,dem,processHeat_low
IE,hh0512,0.5788026551698723,dem,processHeat_low
IE,hh0513,0.584175045429046,dem,processHeat_low
IE,hh0514,0.5923110357480718,dem,processHeat_low
IE,hh0515,0.5923283470852032,dem,processHeat_low
IE,hh0516,0.5816992300207202,dem,processHeat_low
IE,hh0517,0.5763376654361683,dem,processHeat_low
IE,hh0518,0.5751125246518047,dem,processHeat_low
IE,hh0519,0.5800442546376843,dem,processHeat_low
IE,hh0520,0.5871712223957692,dem,processHeat_low
IE,hh0521,0.5825706735844907,dem,processHeat_low
IE,hh0522,0.5731770685478299,dem,processHeat_low
IE,hh0523,0.5715536194905162,dem,processHeat_low
IE,hh0524,0.5775812483156024,dem,processHeat_low
IE,hh0525,0.5829558035076867,dem,processHeat_low
IE,hh0526,0.5897359662445637,dem,processHeat_low
IE,hh0527,0.5863595663901827,dem,processHeat_low
IE,hh0528,0.5763908770677395,dem,processHeat_low
IE,hh0529,0.5800632384135842,dem,processHeat_low
IE,hh0530,0.5888731498487596,dem,processHeat_low
IE,hh0531,0.5954037116123874,dem,processHeat_low
IE,hh0532,0.6043676212026416,dem,processHeat_low
IE,hh0533,0.5980935244327673,dem,processHeat_low
IE,hh0534,0.5867795581494204,dem,processHeat_low
IE,hh0535,0.5800634232720321,dem,processHeat_low
IE,hh0536,0.580471021376334,dem,processHeat_low
IE,hh0537,0.5910301200053047,dem,processHeat_low
IE,hh0538,0.5967244261243669,dem,processHeat_low
IE,hh0539,0.6048469779701093,dem,processHeat_low
IE,hh0540,0.6044047643233723,dem,processHeat_low
IT,hh0361,4.061541287521322,dem,processHeat_low
IT,hh0362,4.101687843811305,dem,processHeat_low
IT,hh0363,4.12489358559651,dem,processHeat_low
IT,hh0364,4.122444212112896,dem,processHeat_low
IT,hh0365,4.092217592740781,dem,processHeat_low
IT,hh0366,4.060479380910692,dem,processHeat_low
IT,hh0367,4.064314170926082,dem,processHeat_low
IT,hh0368,4.074419890905119,dem,processHeat_low
IT,hh0369,4.089157282835004,dem,processHeat_low
IT,hh0370,4.083097116035788,dem,processHeat_low
IT,hh0371,4.064898047521638,dem,processHeat_low
IT,hh0372,4.062645147487274,dem,processHeat_low
IT,hh0373,4.072966962587088,dem,processHeat_low
IT,hh0374,4.087355211739123,dem,processHeat_low
IT,hh0375,4.115628178755287,dem,processHeat_low
IT,hh0376,4.103812544732136,dem,processHeat_low
IT,hh0377,4.081045945711594,dem,processHeat_low
IT,hh0378,4.078674188029254,dem,processHeat_low
IT,hh0379,4.072542115818578,dem,processHeat_low
IT,hh0380,4.082238382918149,dem,processHeat_low
IT,hh0381,4.075246834654536,dem,processHeat_low
IT,hh0382,4.066062566556866,dem,processHeat_low
IT,hh0383,4.065253948347163,dem,processHeat_low
IT,hh0384,4.073261878802441,dem,processHeat_low
IT,hh0385,4.080582844486344,dem,processHeat_low
IT,hh0386,4.098683468153467,dem,processHeat_low
IT,hh0387,4.099079519171937,dem,processHeat_low
IT,hh0388,4.070938527496764,dem,processHeat_low
IT,hh0389,4.048452197215738,dem,processHeat_low
IT,hh0390,4.04909819522436,dem,processHeat_low
IT,hh0391,4.052120409356576,dem,processHeat_low
IT,hh0392,4.060308343583529,dem,processHeat_low
IT,hh0393,4.0532711446776375,dem,processHeat_low
IT,hh0394,4.050137245894803,dem,processHeat_low
IT,hh0395,4.044685134305837,dem,processHeat_low
IT,hh0396,4.028926137054441,dem,processHeat_low
IT,hh0397,4.028192177427627,dem,processHeat_low
IT,hh0398,4.032355505045416,dem,processHeat_low
IT,hh0399,4.027895802400963,dem,processHeat_low
IT,hh0400,4.03303957150456,dem,processHeat_low
IT,hh0401,4.056344154736507,dem,processHeat_low
IT,hh0402,4.059938886031887,dem,processHeat_low
IT,hh0403,4.066383748157023,dem,processHeat_low
IT,hh0404,4.072420213067744,dem,processHeat_low
IT,hh0405,4.062010046143769,dem,processHeat_low
IT,hh0406,4.0875284493613435,dem,processHeat_low
IT,hh0407,4.118778463016497,dem,processHeat_low
IT,hh0408,4.088241919580469,dem,processHeat_low
IT,hh0409,4.066728131612763,dem,processHeat_low
IT,hh0410,4.033085089493397,dem,processHeat_low
IT,hh0411,4.0067935850729555,dem,processHeat_low
IT,hh0412,4.024476172689901,dem,processHeat_low
IT,hh0413,4.0332813544100645,dem,processHeat_low
IT,hh0414,4.018633644629517,dem,processHeat_low
IT,hh0415,4.022571613244509,dem,processHeat_low
IT,hh0416,4.01218763964971,dem,processHeat_low
IT,hh0417,4.003910923072908,dem,processHeat_low
IT,hh0418,4.028605025252546,dem,processHeat_low
IT,hh0419,4.035391312396314,dem,processHeat_low
IT,hh0420,4.044950483603316,dem,processHeat_low
IT,hh0421,4.059620906467899,dem,processHeat_low
IT,hh0422,4.0628139634918625,dem,processHeat_low
IT,hh0423,4.0930393567377905,dem,processHeat_low
IT,hh0424,4.115546626682772,dem,processHeat_low
IT,hh0425,4.114636783098831,dem,processHeat_low
IT,hh0426,4.100315439869519,dem,processHeat_low
IT,hh0427,4.065281516608593,dem,processHeat_low
IT,hh0428,4.0628139634918625,dem,processHeat_low
IT,hh0429,4.0930393567377905,dem,processHeat_low
IT,hh0430,4.117889608744008,dem,processHeat_low
IT,hh0431,4.118149954874752,dem,processHeat_low
IT,hh0432,4.090867606322718,dem,processHeat_low
IT,hh0433,4.027761996048866,dem,processHeat_low
IT,hh0434,4.001858659357822,dem,processHeat_low
IT,hh0435,4.008837502124152,dem,processHeat_low
IT,hh0436,4.02716366576351,dem,processHeat_low
IT,hh0437,4.025947495125365,dem,processHeat_low
IT,hh0438,4.010348862808314,dem,processHeat_low
IT,hh0439,3.980136357857191,dem,processHeat_low
IT,hh0440,3.967309775947797,dem,processHeat_low
IT,hh0441,3.9800309521833697,dem,processHeat_low
IT,hh0442,4.00502315209269,dem,processHeat_low
IT,hh0443,4.00495911224607,dem,processHeat_low
IT,hh0444,3.9964387930995144,dem,processHeat_low
IT,hh0445,3.99000728935971,dem,processHeat_low
IT,hh0446,4.00328298041677,dem,processHeat_low
IT,hh0447,4.059770304478661,dem,processHeat_low
IT,hh0448,4.086677299947041,dem,processHeat_low
IT,hh0449,4.045803616567355,dem,processHeat_low
IT,hh0450,4.00485230571212,dem,processHeat_low
IT,hh0451,4.008576178637668,dem,processHeat_low
IT,hh0452,4.04343384562344,dem,processHeat_low
IT,hh0453,4.101312990065708,dem,processHeat_low
IT,hh0454,4.126426418446499,dem,processHeat_low
IT,hh0455,4.05338735154146,dem,processHeat_low
IT,hh0456,3.9985605536694493,dem,processHeat_low
IT,hh0457,4.057425859433351,dem,processHeat_low
IT,hh0458,4.06948670177735,dem,processHeat_low
IT,hh0459,4.067115671683496,dem,processHeat_low
IT,hh0460,4.066763227358024,dem,processHeat_low
IT,hh0461,4.025427901506191,dem,processHeat_low
IT,hh0462,4.014783727132453,dem,processHeat_low
IT,hh0463,4.0621420918287185,dem,processHeat_low
IT,hh0464,4.109143249943372,dem,processHeat_low
IT,hh0465,4.10418340879005,dem,processHeat_low
IT,hh0466,4.1157991712971125,dem,processHeat_low
IT,hh0467,4.094526308805143,dem,processHeat_low
IT,hh0468,4.060736501609426,dem,processHeat_low
IT,hh0469,4.089960952853289,dem,processHeat_low
IT,hh0470,4.114128357556183,dem,processHeat_low
IT,hh0471,4.104590537344848,dem,processHeat_low
IT,hh0472,4.115033350901285,dem,processHeat_low
IT,hh0473,4.093498190899481,dem,processHeat_low
IT,hh0474,4.0602195635419775,dem,processHeat_low
IT,hh0475,4.083492827179725,dem,processHeat_low
IT,hh0476,4.114128357556183,dem,processHeat_low
IT,hh0477,4.098092684651419,dem,processHeat_low
IT,hh0478,4.0980755697619315,dem,processHeat_low
IT,hh0479,4.055869498632092,dem,processHeat_low
IT,hh0480,4.01991677256774,dem,processHeat_low
IT,hh0481,4.040624002243931,dem,processHeat_low
IT,hh0482,4.062399125316006,dem,processHeat_low
IT,hh0483,4.0566032237657055,dem,processHeat_low
IT,hh0484,4.119944022733762,dem,processHeat_low
IT,hh0485,4.124399527092464,dem,processHeat_low
IT,hh0486,4.1070324573993275,dem,processHeat_low
IT,hh0487,4.071875274234117,dem,processHeat_low
IT,hh0488,4.037154747516979,dem,processHeat_low
IT,hh0489,4.055249604754863,dem,processHeat_low
IT,hh0490,4.098472369543742,dem,processHeat_low
IT,hh0491,4.102644540938854,dem,processHeat_low
IT,hh0492,4.0902707941386325,dem,processHeat_low
IT,hh0493,4.062697653675059,dem,processHeat_low
IT,hh0494,4.036403613152288,dem,processHeat_low
IT,hh0495,4.060765072319555,dem,processHeat_low
IT,hh0496,4.093161641325423,dem,processHeat_low
IT,hh0497,4.094056846399326,dem,processHeat_low
IT,hh0498,4.091675650906836,dem,processHeat_low
IT,hh0499,4.062753328558756,dem,processHeat_low
IT,hh0500,4.036006360925967,dem,processHeat_low
IT,hh0501,4.0650806371686485,dem,processHeat_low
IT,hh0502,4.10616963936809,dem,processHeat_low
IT,hh0503,4.052366633415659,dem,processHeat_low
IT,hh0504,3.999474123087566,dem,processHeat_low
IT,hh0505,4.010111812640389,dem,processHeat_low
IT,hh0506,4.048792006964504,dem,processHeat_low
IT,hh0507,4.063989766993473,dem,processHeat_low
IT,hh0508,4.027755908406107,dem,processHeat_low
IT,hh0509,4.006112325390859,dem,processHeat_low
IT,hh0510,3.9938248383332393,dem,processHeat_low
IT,hh0511,4.002141201039194,dem,processHeat_low
IT,hh0512,4.019875023988789,dem,processHeat_low
IT,hh0513,4.016257337745628,dem,processHeat_low
IT,hh0514,4.012729125945043,dem,processHeat_low
IT,hh0515,4.021645284685292,dem,processHeat_low
IT,hh0516,4.033019385145963,dem,processHeat_low
IT,hh0517,4.014147956368106,dem,processHeat_low
IT,hh0518,4.020794646108698,dem,processHeat_low
IT,hh0519,4.064666284915802,dem,processHeat_low
IT,hh0520,4.0696562072789675,dem,processHeat_low
IT,hh0521,4.064500635424338,dem,processHeat_low
IT,hh0522,4.054972211517452,dem,processHeat_low
IT,hh0523,4.035578227316364,dem,processHeat_low
IT,hh0524,4.042251985149051,dem,processHeat_low
IT,hh0525,4.0789119623550505,dem,processHeat_low
IT,hh0526,4.103365073075111,dem,processHeat_low
IT,hh0527,4.079035374394152,dem,processHeat_low
IT,hh0528,4.056463307046215,dem,processHeat_low
IT,hh0529,4.05341946498811,dem,processHeat_low
IT,hh0530,4.077536015989608,dem,processHeat_low
IT,hh0531,4.109885172365466,dem,processHeat_low
IT,hh0532,4.131763310662791,dem,processHeat_low
IT,hh0533,4.099552385421703,dem,processHeat_low
IT,hh0534,4.057653775569634,dem,processHeat_low
IT,hh0535,4.012137447301939,dem,processHeat_low
IT,hh0536,4.0066883568597405,dem,processHeat_low
IT,hh0537,4.054598899601842,dem,processHeat_low
IT,hh0538,4.070663258300556,dem,processHeat_low
IT,hh0539,4.067261628635606,dem,processHeat_low
IT,hh0540,4.0652046299092035,dem,processHeat_low
LT,hh0361,0.4808809898800064,dem,processHeat_low
LT,hh0362,0.48701640901094834,dem,processHeat_low
LT,hh0363,0.4872385529836265,dem,processHeat_low
LT,hh0364,0.4816276816422942,dem,processHeat_low
LT,hh0365,0.47779873991112254,dem,processHeat_low
LT,hh0366,0.47751167727983557,dem,processHeat_low
LT,hh0367,0.4815517715212536,dem,processHeat_low
LT,hh0368,0.4868778494783328,dem,processHeat_low
LT,hh0369,0.4870562185917606,dem,processHeat_low
LT,hh0370,0.4814248963609771,dem,processHeat_low
LT,hh0371,0.4776576019000913,dem,processHeat_low
LT,hh0372,0.4775227569805338,dem,processHeat_low
LT,hh0373,0.48159606028116286,dem,processHeat_low
LT,hh0374,0.486943471361883,dem,processHeat_low
LT,hh0375,0.48719116507231774,dem,processHeat_low
LT,hh0376,0.48153544927868097,dem,processHeat_low
LT,hh0377,0.47749901272527495,dem,processHeat_low
LT,hh0378,0.47734988024626546,dem,processHeat_low
LT,hh0379,0.47449530658968797,dem,processHeat_low
LT,hh0380,0.4726347186217481,dem,processHeat_low
LT,hh0381,0.47268061562363073,dem,processHeat_low
LT,hh0382,0.47589910550300374,dem,processHeat_low
LT,hh0383,0.481083292363337,dem,processHeat_low
LT,hh0384,0.4800859439983469,dem,processHeat_low
LT,hh0385,0.4755965594401914,dem,processHeat_low
LT,hh0386,0.4774042168114647,dem,processHeat_low
LT,hh0387,0.4798285147016941,dem,processHeat_low
LT,hh0388,0.48165094348405546,dem,processHeat_low
LT,hh0389,0.48469508792300076,dem,processHeat_low
LT,hh0390,0.48287956147441946,dem,processHeat_low
LT,hh0391,0.4781995031473798,dem,processHeat_low
LT,hh0392,0.47635638054339324,dem,processHeat_low
LT,hh0393,0.4758837910615057,dem,processHeat_low
LT,hh0394,0.479794803265122,dem,processHeat_low
LT,hh0395,0.4847842946930996,dem,processHeat_low
LT,hh0396,0.48321208548850336,dem,processHeat_low
LT,hh0397,0.4791739098245671,dem,processHeat_low
LT,hh0398,0.47709326515087014,dem,processHeat_low
LT,hh0399,0.47685465680388006,dem,processHeat_low
LT,hh0400,0.4816711310475057,dem,processHeat_low
LT,hh0401,0.4882988556305463,dem,processHeat_low
LT,hh0402,0.4870695621377763,dem,processHeat_low
LT,hh0403,0.4828788319659907,dem,processHeat_low
LT,hh0404,0.48071605232325965,dem,processHeat_low
LT,hh0405,0.48001557637689984,dem,processHeat_low
LT,hh0406,0.48360768907491547,dem,processHeat_low
LT,hh0407,0.48863706396628004,dem,processHeat_low
LT,hh0408,0.47992290754314126,dem,processHeat_low
LT,hh0409,0.47404440409400195,dem,processHeat_low
LT,hh0410,0.4723794537555932,dem,processHeat_low
LT,hh0411,0.4730684758094412,dem,processHeat_low
LT,hh0412,0.47580582943373884,dem,processHeat_low
LT,hh0413,0.47315223565010456,dem,processHeat_low
LT,hh0414,0.4702676863889792,dem,processHeat_low
LT,hh0415,0.4722062795058264,dem,processHeat_low
LT,hh0416,0.4725044593421899,dem,processHeat_low
LT,hh0417,0.47398227493704326,dem,processHeat_low
LT,hh0418,0.4773264864513749,dem,processHeat_low
LT,hh0419,0.47417274964391254,dem,processHeat_low
LT,hh0420,0.4716384509385989,dem,processHeat_low
LT,hh0421,0.4764701952103678,dem,processHeat_low
LT,hh0422,0.4767942791334008,dem,processHeat_low
LT,hh0423,0.48049933771608266,dem,processHeat_low
LT,hh0424,0.48420067758092955,dem,processHeat_low
LT,hh0425,0.4859813381690401,dem,processHeat_low
LT,hh0426,0.4839323121002508,dem,processHeat_low
LT,hh0427,0.47796423865634097,dem,processHeat_low
LT,hh0428,0.4767942791334008,dem,processHeat_low
LT,hh0429,0.48049933771608266,dem,processHeat_low
LT,hh0430,0.48420067758092955,dem,processHeat_low
LT,hh0431,0.4859813381690401,dem,processHeat_low
LT,hh0432,0.4831238074543762,dem,processHeat_low
LT,hh0433,0.47492502989598506,dem,processHeat_low
LT,hh0434,0.4725246847544895,dem,processHeat_low
LT,hh0435,0.4756889906868764,dem,processHeat_low
LT,hh0436,0.47927210568195733,dem,processHeat_low
LT,hh0437,0.4812874337478661,dem,processHeat_low
LT,hh0438,0.479574931552861,dem,processHeat_low
LT,hh0439,0.4740032109164076,dem,processHeat_low
LT,hh0440,0.46920196708947515,dem,processHeat_low
LT,hh0441,0.46803165377059486,dem,processHeat_low
LT,hh0442,0.47140840367546843,dem,processHeat_low
LT,hh0443,0.47323124991316945,dem,processHeat_low
LT,hh0444,0.47207362310336975,dem,processHeat_low
LT,hh0445,0.46823601276787485,dem,processHeat_low
LT,hh0446,0.46831296403343003,dem,processHeat_low
LT,hh0447,0.47295361921624135,dem,processHeat_low
LT,hh0448,0.47622775071590695,dem,processHeat_low
LT,hh0449,0.4778258311348509,dem,processHeat_low
LT,hh0450,0.475876035382953,dem,processHeat_low
LT,hh0451,0.47670402829430714,dem,processHeat_low
LT,hh0452,0.4806162028728522,dem,processHeat_low
LT,hh0453,0.4870821351928498,dem,processHeat_low
LT,hh0454,0.49121712745022705,dem,processHeat_low
LT,hh0455,0.4832229400617507,dem,processHeat_low
LT,hh0456,0.47617446358822235,dem,processHeat_low
LT,hh0457,0.48122557625742957,dem,processHeat_low
LT,hh0458,0.48292865846201494,dem,processHeat_low
LT,hh0459,0.48399161191173334,dem,processHeat_low
LT,hh0460,0.4856455295637261,dem,processHeat_low
LT,hh0461,0.4806908908483365,dem,processHeat_low
LT,hh0462,0.47669779896773434,dem,processHeat_low
LT,hh0463,0.4782867509643438,dem,processHeat_low
LT,hh0464,0.483265924178113,dem,processHeat_low
LT,hh0465,0.48416275632507677,dem,processHeat_low
LT,hh0466,0.4870036156128208,dem,processHeat_low
LT,hh0467,0.48408894326689733,dem,processHeat_low
LT,hh0468,0.4785574630188876,dem,processHeat_low
LT,hh0469,0.4802348056653045,dem,processHeat_low
LT,hh0470,0.483752606863618,dem,processHeat_low
LT,hh0471,0.48414074780157534,dem,processHeat_low
LT,hh0472,0.48698172519516447,dem,processHeat_low
LT,hh0473,0.48405957867794314,dem,processHeat_low
LT,hh0474,0.47854262585474316,dem,processHeat_low
LT,hh0475,0.48020150772185843,dem,processHeat_low
LT,hh0476,0.483752606863618,dem,processHeat_low
LT,hh0477,0.483910780681299,dem,processHeat_low
LT,hh0478,0.48606536427246283,dem,processHeat_low
LT,hh0479,0.48070880560226215,dem,processHeat_low
LT,hh0480,0.47433646656418205,dem,processHeat_low
LT,hh0481,0.47600923122740824,dem,processHeat_low
LT,hh0482,0.4791251625406403,dem,processHeat_low
LT,hh0483,0.4802114823530701,dem,processHeat_low
LT,hh0484,0.4880090935141652,dem,processHeat_low
LT,hh0485,0.4868147815602697,dem,processHeat_low
LT,hh0486,0.48213628966914257,dem,processHeat_low
LT,hh0487,0.4790016945498792,dem,processHeat_low
LT,hh0488,0.47607693476311397,dem,processHeat_low
LT,hh0489,0.4791307757438972,dem,processHeat_low
LT,hh0490,0.4853323738552717,dem,processHeat_low
LT,hh0491,0.48380359234352,dem,processHeat_low
LT,hh0492,0.4815646748593281,dem,processHeat_low
LT,hh0493,0.4816396198602888,dem,processHeat_low
LT,hh0494,0.4819439974871784,dem,processHeat_low
LT,hh0495,0.4869291112825067,dem,processHeat_low
LT,hh0496,0.4848197414396509,dem,processHeat_low
LT,hh0497,0.48035943010700066,dem,processHeat_low
LT,hh0498,0.4813425152970012,dem,processHeat_low
LT,hh0499,0.48165804642576404,dem,processHeat_low
LT,hh0500,0.4819439974871784,dem,processHeat_low
LT,hh0501,0.48792598303612067,dem,processHeat_low
LT,hh0502,0.48835797815422666,dem,processHeat_low
LT,hh0503,0.47906082845042874,dem,processHeat_low
LT,hh0504,0.47347189403080847,dem,processHeat_low
LT,hh0505,0.47228008496631446,dem,processHeat_low
LT,hh0506,0.4721269151764318,dem,processHeat_low
LT,hh0507,0.4735896925681118,dem,processHeat_low
LT,hh0508,0.47539640750005674,dem,processHeat_low
LT,hh0509,0.473581365277596,dem,processHeat_low
LT,hh0510,0.46831930335360994,dem,processHeat_low
LT,hh0511,0.46765998923069674,dem,processHeat_low
LT,hh0512,0.47200090453452503,dem,processHeat_low
LT,hh0513,0.4761649853116978,dem,processHeat_low
LT,hh0514,0.4781535343586256,dem,processHeat_low
LT,hh0515,0.4773128688095767,dem,processHeat_low
LT,hh0516,0.4736544390596009,dem,processHeat_low
LT,hh0517,0.47215715859510965,dem,processHeat_low
LT,hh0518,0.4731248045693519,dem,processHeat_low
LT,hh0519,0.4768384050828445,dem,processHeat_low
LT,hh0520,0.47859733589484676,dem,processHeat_low
LT,hh0521,0.47442933289198663,dem,processHeat_low
LT,hh0522,0.46901987469641426,dem,processHeat_low
LT,hh0523,0.46918321657039996,dem,processHeat_low
LT,hh0524,0.47349521439559794,dem,processHeat_low
LT,hh0525,0.47839018113381826,dem,processHeat_low
LT,hh0526,0.4822900827516605,dem,processHeat_low
LT,hh0527,0.4775005755609527,dem,processHeat_low
LT,hh0528,0.47069517223621915,dem,processHeat_low
LT,hh0529,0.47354793301224163,dem,processHeat_low
LT,hh0530,0.4801352852373384,dem,processHeat_low
LT,hh0531,0.4855725410343439,dem,processHeat_low
LT,hh0532,0.4903928528187862,dem,processHeat_low
LT,hh0533,0.48408773467031097,dem,processHeat_low
LT,hh0534,0.47534922752288367,dem,processHeat_low
LT,hh0535,0.47001180836582535,dem,processHeat_low
LT,hh0536,0.4705458037076369,dem,processHeat_low
LT,hh0537,0.47894073979432505,dem,processHeat_low
LT,hh0538,0.48209314696919137,dem,processHeat_low
LT,hh0539,0.48376617941789846,dem,processHeat_low
LT,hh0540,0.4828743822024535,dem,processHeat_low
LU,hh0361,0.09681316477820481,dem,processHeat_low
LU,hh0362,0.09763205017157062,dem,processHeat_low
LU,hh0363,0.09760626079894998,dem,processHeat_low
LU,hh0364,0.09631212875282727,dem,processHeat_low
LU,hh0365,0.09556553662789725,dem,processHeat_low
LU,hh0366,0.09584018614303008,dem,processHeat_low
LU,hh0367,0.09681316477820481,dem,processHeat_low
LU,hh0368,0.09763205017157062,dem,processHeat_low
LU,hh0369,0.09760626079894998,dem,processHeat_low
LU,hh0370,0.09631212875282727,dem,processHeat_low
LU,hh0371,0.09556553662789725,dem,processHeat_low
LU,hh0372,0.09584018614303008,dem,processHeat_low
LU,hh0373,0.09681316477820481,dem,processHeat_low
LU,hh0374,0.09763205017157062,dem,processHeat_low
LU,hh0375,0.09760626079894998,dem,processHeat_low
LU,hh0376,0.09624970566107373,dem,processHeat_low
LU,hh0377,0.09590757648697099,dem,processHeat_low
LU,hh0378,0.09640298856753557,dem,processHeat_low
LU,hh0379,0.09548600383867636,dem,processHeat_low
LU,hh0380,0.09542090654491218,dem,processHeat_low
LU,hh0381,0.09597098707200577,dem,processHeat_low
LU,hh0382,0.09645438700689948,dem,processHeat_low
LU,hh0383,0.0965446345611393,dem,processHeat_low
LU,hh0384,0.09602712415495351,dem,processHeat_low
LU,hh0385,0.09531537664487945,dem,processHeat_low
LU,hh0386,0.09614759826001196,dem,processHeat_low
LU,hh0387,0.09709431956371174,dem,processHeat_low
LU,hh0388,0.09766711076277262,dem,processHeat_low
LU,hh0389,0.09771989992858571,dem,processHeat_low
LU,hh0390,0.09715164143025457,dem,processHeat_low
LU,hh0391,0.09646292439772652,dem,processHeat_low
LU,hh0392,0.09668746325903871,dem,processHeat_low
LU,hh0393,0.09713335261275938,dem,processHeat_low
LU,hh0394,0.09766711076277262,dem,processHeat_low
LU,hh0395,0.09771989992858571,dem,processHeat_low
LU,hh0396,0.09715164143025457,dem,processHeat_low
LU,hh0397,0.09646292439772652,dem,processHeat_low
LU,hh0398,0.09668746325903871,dem,processHeat_low
LU,hh0399,0.09713335261275938,dem,processHeat_low
LU,hh0400,0.09766711076277262,dem,processHeat_low
LU,hh0401,0.09768770638990976,dem,processHeat_low
LU,hh0402,0.09683333502451963,dem,processHeat_low
LU,hh0403,0.0961801175330658,dem,processHeat_low
LU,hh0404,0.09637169246852584,dem,processHeat_low
LU,hh0405,0.09675175352684996,dem,processHeat_low
LU,hh0406,0.09728168054913501,dem,processHeat_low
LU,hh0407,0.09733409141451782,dem,processHeat_low
LU,hh0408,0.09571158098735327,dem,processHeat_low
LU,hh0409,0.09508893346162708,dem,processHeat_low
LU,hh0410,0.09542090654491218,dem,processHeat_low
LU,hh0411,0.09608647614093391,dem,processHeat_low
LU,hh0412,0.09632863949470422,dem,processHeat_low
LU,hh0413,0.09513026128247655,dem,processHeat_low
LU,hh0414,0.09420586375545628,dem,processHeat_low
LU,hh0415,0.09464376807690468,dem,processHeat_low
LU,hh0416,0.09529431419575748,dem,processHeat_low
LU,hh0417,0.0959033475842081,dem,processHeat_low
LU,hh0418,0.09618328438546436,dem,processHeat_low
LU,hh0419,0.09500340523109452,dem,processHeat_low
LU,hh0420,0.09451261815177,dem,processHeat_low
LU,hh0421,0.09605698939898011,dem,processHeat_low
LU,hh0422,0.09640128398650513,dem,processHeat_low
LU,hh0423,0.09666530081892176,dem,processHeat_low
LU,hh0424,0.09691030673404491,dem,processHeat_low
LU,hh0425,0.09710442411338865,dem,processHeat_low
LU,hh0426,0.09706539949935174,dem,processHeat_low
LU,hh0427,0.09644155700713522,dem,processHeat_low
LU,hh0428,0.09640128398650513,dem,processHeat_low
LU,hh0429,0.09666530081892176,dem,processHeat_low
LU,hh0430,0.0971013584388398,dem,processHeat_low
LU,hh0431,0.09739222944435859,dem,processHeat_low
LU,hh0432,0.09703369436961926,dem,processHeat_low
LU,hh0433,0.09615885381334613,dem,processHeat_low
LU,hh0434,0.09605617621451176,dem,processHeat_low
LU,hh0435,0.09647636489811735,dem,processHeat_low
LU,hh0436,0.09703754101486273,dem,processHeat_low
LU,hh0437,0.09723219177507178,dem,processHeat_low
LU,hh0438,0.0966845709862289,dem,processHeat_low
LU,hh0439,0.09596411390200053,dem,processHeat_low
LU,hh0440,0.09549102149742672,dem,processHeat_low
LU,hh0441,0.09503036694463432,dem,processHeat_low
LU,hh0442,0.09537010123843241,dem,processHeat_low
LU,hh0443,0.09568240047413729,dem,processHeat_low
LU,hh0444,0.09530442565954567,dem,processHeat_low
LU,hh0445,0.09485378753689422,dem,processHeat_low
LU,hh0446,0.09508051985553553,dem,processHeat_low
LU,hh0447,0.09551326273457422,dem,processHeat_low
LU,hh0448,0.09586341975111642,dem,processHeat_low
LU,hh0449,0.09614722102137921,dem,processHeat_low
LU,hh0450,0.0958349982317939,dem,processHeat_low
LU,hh0451,0.09609951230012434,dem,processHeat_low
LU,hh0452,0.09695959875855571,dem,processHeat_low
LU,hh0453,0.09772486516006619,dem,processHeat_low
LU,hh0454,0.09824917592061777,dem,processHeat_low
LU,hh0455,0.09700181471587285,dem,processHeat_low
LU,hh0456,0.0958349982317939,dem,processHeat_low
LU,hh0457,0.09609951230012434,dem,processHeat_low
LU,hh0458,0.09695959875855571,dem,processHeat_low
LU,hh0459,0.09772486516006619,dem,processHeat_low
LU,hh0460,0.09824917592061777,dem,processHeat_low
LU,hh0461,0.09700181471587285,dem,processHeat_low
LU,hh0462,0.0958349982317939,dem,processHeat_low
LU,hh0463,0.09575454873326222,dem,processHeat_low
LU,hh0464,0.0965188986555848,dem,processHeat_low
LU,hh0465,0.0971033989731522,dem,processHeat_low
LU,hh0466,0.09779481889912063,dem,processHeat_low
LU,hh0467,0.09667107248236956,dem,processHeat_low
LU,hh0468,0.09579408034117914,dem,processHeat_low
LU,hh0469,0.09627300348723386,dem,processHeat_low
LU,hh0470,0.09697675845867262,dem,processHeat_low
LU,hh0471,0.09748754098695459,dem,processHeat_low
LU,hh0472,0.09808639047738224,dem,processHeat_low
LU,hh0473,0.09705208165558518,dem,processHeat_low
LU,hh0474,0.09598121203070507,dem,processHeat_low
LU,hh0475,0.09627300348723386,dem,processHeat_low
LU,hh0476,0.09697675845867262,dem,processHeat_low
LU,hh0477,0.09716676330619073,dem,processHeat_low
LU,hh0478,0.0975368713917398,dem,processHeat_low
LU,hh0479,0.0970510465767338,dem,processHeat_low
LU,hh0480,0.09651446104049435,dem,processHeat_low
LU,hh0481,0.09658758044970642,dem,processHeat_low
LU,hh0482,0.09697675845867262,dem,processHeat_low
LU,hh0483,0.09716676330619073,dem,processHeat_low
LU,hh0484,0.0975368713917398,dem,processHeat_low
LU,hh0485,0.0970510465767338,dem,processHeat_low
LU,hh0486,0.09651446104049435,dem,processHeat_low
LU,hh0487,0.0965487778346684,dem,processHeat_low
LU,hh0488,0.0965487778346684,dem,processHeat_low
LU,hh0489,0.09669841625932502,dem,processHeat_low
LU,hh0490,0.0970652626432906,dem,processHeat_low
LU,hh0491,0.09658372284916554,dem,processHeat_low
LU,hh0492,0.09643726009444109,dem,processHeat_low
LU,hh0493,0.09697675845867262,dem,processHeat_low
LU,hh0494,0.09748754098695459,dem,processHeat_low
LU,hh0495,0.09795660652342474,dem,processHeat_low
LU,hh0496,0.09698803004603682,dem,processHeat_low
LU,hh0497,0.09598121203070507,dem,processHeat_low
LU,hh0498,0.09617862385071413,dem,processHeat_low
LU,hh0499,0.09669132215491574,dem,processHeat_low
LU,hh0500,0.09745526349093328,dem,processHeat_low
LU,hh0501,0.09782713148859097,dem,processHeat_low
LU,hh0502,0.09667107248236956,dem,processHeat_low
LU,hh0503,0.09576293609217064,dem,processHeat_low
LU,hh0504,0.09573309373980211,dem,processHeat_low
LU,hh0505,0.0957545485262161,dem,processHeat_low
LU,hh0506,0.09515600050825505,dem,processHeat_low
LU,hh0507,0.09564064236928077,dem,processHeat_low
LU,hh0508,0.09661393395255563,dem,processHeat_low
LU,hh0509,0.09686000504040966,dem,processHeat_low
LU,hh0510,0.09567815878435103,dem,processHeat_low
LU,hh0511,0.09482764354100912,dem,processHeat_low
LU,hh0512,0.09516637821028323,dem,processHeat_low
LU,hh0513,0.09606370280596027,dem,processHeat_low
LU,hh0514,0.09711686449144766,dem,processHeat_low
LU,hh0515,0.0972121120367867,dem,processHeat_low
LU,hh0516,0.09602180839602828,dem,processHeat_low
LU,hh0517,0.09484921380842788,dem,processHeat_low
LU,hh0518,0.0945536290540452,dem,processHeat_low
LU,hh0519,0.09534160483320102,dem,processHeat_low
LU,hh0520,0.09633294091023908,dem,processHeat_low
LU,hh0521,0.09594186946989723,dem,processHeat_low
LU,hh0522,0.09485535595755544,dem,processHeat_low
LU,hh0523,0.09421961588903673,dem,processHeat_low
LU,hh0524,0.09483931483079694,dem,processHeat_low
LU,hh0525,0.09588686629221019,dem,processHeat_low
LU,hh0526,0.09688160497376067,dem,processHeat_low
LU,hh0527,0.09610117404098178,dem,processHeat_low
LU,hh0528,0.0950318974848802,dem,processHeat_low
LU,hh0529,0.09577544214430317,dem,processHeat_low
LU,hh0530,0.09689880765544767,dem,processHeat_low
LU,hh0531,0.09748754098695459,dem,processHeat_low
LU,hh0532,0.09818393933904446,dem,processHeat_low
LU,hh0533,0.0970205466390941,dem,processHeat_low
LU,hh0534,0.09579413213617029,dem,processHeat_low
LU,hh0535,0.0956190144846833,dem,processHeat_low
LU,hh0536,0.09593865292832929,dem,processHeat_low
LU,hh0537,0.09709431956371174,dem,processHeat_low
LU,hh0538,0.09750890395375228,dem,processHeat_low
LU,hh0539,0.0976085211846551,dem,processHeat_low
LU,hh0540,0.09734430218900851,dem,processHeat_low
LV,hh0361,0.46445954826154423,dem,processHeat_low
LV,hh0362,0.46987820919743417,dem,processHeat_low
LV,hh0363,0.467769638045745,dem,processHeat_low
LV,hh0364,0.4598717039164978,dem,processHeat_low
LV,hh0365,0.457997418884116,dem,processHeat_low
LV,hh0366,0.4601634793104412,dem,processHeat_low
LV,hh0367,0.464545447222846,dem,processHeat_low
LV,hh0368,0.46987820919743417,dem,processHeat_low
LV,hh0369,0.467769638045745,dem,processHeat_low
LV,hh0370,0.4598717039164978,dem,processHeat_low
LV,hh0371,0.457997418884116,dem,processHeat_low
LV,hh0372,0.4601634793104412,dem,processHeat_low
LV,hh0373,0.464545447222846,dem,processHeat_low
LV,hh0374,0.46987820919743417,dem,processHeat_low
LV,hh0375,0.467769638045745,dem,processHeat_low
LV,hh0376,0.4598405833053176,dem,processHeat_low
LV,hh0377,0.45814054479313715,dem,processHeat_low
LV,hh0378,0.4604164370914293,dem,processHeat_low
LV,hh0379,0.4535593458650556,dem,processHeat_low
LV,hh0380,0.4510379512026772,dem,processHeat_low
LV,hh0381,0.45429737083611976,dem,processHeat_low
LV,hh0382,0.45873736223356343,dem,processHeat_low
LV,hh0383,0.46382035060021864,dem,processHeat_low
LV,hh0384,0.4605884039622097,dem,processHeat_low
LV,hh0385,0.45308610789253045,dem,processHeat_low
LV,hh0386,0.4567332084676692,dem,processHeat_low
LV,hh0387,0.4631354305591245,dem,processHeat_low
LV,hh0388,0.46813674703371394,dem,processHeat_low
LV,hh0389,0.47285288345583465,dem,processHeat_low
LV,hh0390,0.46911583822766134,dem,processHeat_low
LV,hh0391,0.46160197197358377,dem,processHeat_low
LV,hh0392,0.46044453335457175,dem,processHeat_low
LV,hh0393,0.4629292845749999,dem,processHeat_low
LV,hh0394,0.467904031170047,dem,processHeat_low
LV,hh0395,0.47286777635671995,dem,processHeat_low
LV,hh0396,0.4691744991725082,dem,processHeat_low
LV,hh0397,0.46174420612287204,dem,processHeat_low
LV,hh0398,0.46055788519647595,dem,processHeat_low
LV,hh0399,0.4630725241521937,dem,processHeat_low
LV,hh0400,0.46816734687329525,dem,processHeat_low
LV,hh0401,0.473327808089456,dem,processHeat_low
LV,hh0402,0.46951071349676976,dem,processHeat_low
LV,hh0403,0.4620582391887209,dem,processHeat_low
LV,hh0404,0.4608403511477779,dem,processHeat_low
LV,hh0405,0.46326879011446276,dem,processHeat_low
LV,hh0406,0.46819156149376656,dem,processHeat_low
LV,hh0407,0.4731463815652905,dem,processHeat_low
LV,hh0408,0.4601947322173531,dem,processHeat_low
LV,hh0409,0.4513038016167909,dem,processHeat_low
LV,hh0410,0.4510379512026772,dem,processHeat_low
LV,hh0411,0.4552033127882018,dem,processHeat_low
LV,hh0412,0.4586818235519461,dem,processHeat_low
LV,hh0413,0.4537252569006156,dem,processHeat_low
LV,hh0414,0.44822431590897766,dem,processHeat_low
LV,hh0415,0.4491652887447087,dem,processHeat_low
LV,hh0416,0.45198923714772865,dem,processHeat_low
LV,hh0417,0.4564842908963934,dem,processHeat_low
LV,hh0418,0.46033250088108024,dem,processHeat_low
LV,hh0419,0.45477781831411823,dem,processHeat_low
LV,hh0420,0.44974856488539977,dem,processHeat_low
LV,hh0421,0.4578507284423121,dem,processHeat_low
LV,hh0422,0.4580580543625496,dem,processHeat_low
LV,hh0423,0.46017745921174735,dem,processHeat_low
LV,hh0424,0.4638642677349179,dem,processHeat_low
LV,hh0425,0.4689262297937456,dem,processHeat_low
LV,hh0426,0.4683773353616183,dem,processHeat_low
LV,hh0427,0.4607836268540958,dem,processHeat_low
LV,hh0428,0.4580580543625496,dem,processHeat_low
LV,hh0429,0.46017745921174735,dem,processHeat_low
LV,hh0430,0.46395995076459806,dem,processHeat_low
LV,hh0431,0.4690721445654351,dem,processHeat_low
LV,hh0432,0.4682595000904818,dem,processHeat_low
LV,hh0433,0.4602744157738988,dem,processHeat_low
LV,hh0434,0.4573831610730298,dem,processHeat_low
LV,hh0435,0.45951864043174007,dem,processHeat_low
LV,hh0436,0.4633398537164921,dem,processHeat_low
LV,hh0437,0.46842000664357153,dem,processHeat_low
LV,hh0438,0.46765793052586135,dem,processHeat_low
LV,hh0439,0.4598350838014962,dem,processHeat_low
LV,hh0440,0.4532024421189118,dem,processHeat_low
LV,hh0441,0.44961077925827864,dem,processHeat_low
LV,hh0442,0.4523930494159606,dem,processHeat_low
LV,hh0443,0.45728195337823546,dem,processHeat_low
LV,hh0444,0.456700048540736,dem,processHeat_low
LV,hh0445,0.4497905438581461,dem,processHeat_low
LV,hh0446,0.4481905434608009,dem,processHeat_low
LV,hh0447,0.45113807314121623,dem,processHeat_low
LV,hh0448,0.45418411823194005,dem,processHeat_low
LV,hh0449,0.45909072682419044,dem,processHeat_low
LV,hh0450,0.45870880708089157,dem,processHeat_low
LV,hh0451,0.45945809012069894,dem,processHeat_low
LV,hh0452,0.46294631180659385,dem,processHeat_low
LV,hh0453,0.4686185731288871,dem,processHeat_low
LV,hh0454,0.47316747609208654,dem,processHeat_low
LV,hh0455,0.46592212544093276,dem,processHeat_low
LV,hh0456,0.4587509633810355,dem,processHeat_low
LV,hh0457,0.4600091084408812,dem,processHeat_low
LV,hh0458,0.46323238923695276,dem,processHeat_low
LV,hh0459,0.4682223934783186,dem,processHeat_low
LV,hh0460,0.4724385473064074,dem,processHeat_low
LV,hh0461,0.4656018273200756,dem,processHeat_low
LV,hh0462,0.4588071717818221,dem,processHeat_low
LV,hh0463,0.45716312622602784,dem,processHeat_low
LV,hh0464,0.46199387130143177,dem,processHeat_low
LV,hh0465,0.4663200289266166,dem,processHeat_low
LV,hh0466,0.4723565470842803,dem,processHeat_low
LV,hh0467,0.4676750452808436,dem,processHeat_low
LV,hh0468,0.45976328398870164,dem,processHeat_low
LV,hh0469,0.4594345692141095,dem,processHeat_low
LV,hh0470,0.4628018776015413,dem,processHeat_low
LV,hh0471,0.46651281525084254,dem,processHeat_low
LV,hh0472,0.4725044744414957,dem,processHeat_low
LV,hh0473,0.46786885980117365,dem,processHeat_low
LV,hh0474,0.45985751360765226,dem,processHeat_low
LV,hh0475,0.4594345692141095,dem,processHeat_low
LV,hh0476,0.4628018776015413,dem,processHeat_low
LV,hh0477,0.4663224339279243,dem,processHeat_low
LV,hh0478,0.47210630592498787,dem,processHeat_low
LV,hh0479,0.46744590867607705,dem,processHeat_low
LV,hh0480,0.45961459665913046,dem,processHeat_low
LV,hh0481,0.45908301172279353,dem,processHeat_low
LV,hh0482,0.46223039137283894,dem,processHeat_low
LV,hh0483,0.46585965515926575,dem,processHeat_low
LV,hh0484,0.47235894634814324,dem,processHeat_low
LV,hh0485,0.46821812411950714,dem,processHeat_low
LV,hh0486,0.46056243892399623,dem,processHeat_low
LV,hh0487,0.45917105256059754,dem,processHeat_low
LV,hh0488,0.4588189835465556,dem,processHeat_low
LV,hh0489,0.46236064586455883,dem,processHeat_low
LV,hh0490,0.46856443021873795,dem,processHeat_low
LV,hh0491,0.464441012392398,dem,processHeat_low
LV,hh0492,0.45994461856716845,dem,processHeat_low
LV,hh0493,0.46255872841523216,dem,processHeat_low
LV,hh0494,0.46626679828160317,dem,processHeat_low
LV,hh0495,0.472468522968824,dem,processHeat_low
LV,hh0496,0.46793886090133724,dem,processHeat_low
LV,hh0497,0.46006924486772016,dem,processHeat_low
LV,hh0498,0.45952847581602785,dem,processHeat_low
LV,hh0499,0.4624164265111069,dem,processHeat_low
LV,hh0500,0.46625058731722,dem,processHeat_low
LV,hh0501,0.4725366793049803,dem,processHeat_low
LV,hh0502,0.4682453493591048,dem,processHeat_low
LV,hh0503,0.4598192525428756,dem,processHeat_low
LV,hh0504,0.4558295169266764,dem,processHeat_low
LV,hh0505,0.45643744536229713,dem,processHeat_low
LV,hh0506,0.45458411161005036,dem,processHeat_low
LV,hh0507,0.4557558896444577,dem,processHeat_low
LV,hh0508,0.46107347382899433,dem,processHeat_low
LV,hh0509,0.460725190209749,dem,processHeat_low
LV,hh0510,0.4531709911468523,dem,processHeat_low
LV,hh0511,0.4509222011762488,dem,processHeat_low
LV,hh0512,0.4538460513761914,dem,processHeat_low
LV,hh0513,0.4580949515115105,dem,processHeat_low
LV,hh0514,0.46376617860890873,dem,processHeat_low
LV,hh0515,0.463699281528213,dem,processHeat_low
LV,hh0516,0.45622918630713394,dem,processHeat_low
LV,hh0517,0.4522179146473113,dem,processHeat_low
LV,hh0518,0.4514403726107022,dem,processHeat_low
LV,hh0519,0.4552653272535685,dem,processHeat_low
LV,hh0520,0.46029021569620704,dem,processHeat_low
LV,hh0521,0.4567763622255312,dem,processHeat_low
LV,hh0522,0.4498464400902171,dem,processHeat_low
LV,hh0523,0.4485784937398944,dem,processHeat_low
LV,hh0524,0.4531066754073825,dem,processHeat_low
LV,hh0525,0.45749167360091875,dem,processHeat_low
LV,hh0526,0.46256863381361696,dem,processHeat_low
LV,hh0527,0.45952503419436364,dem,processHeat_low
LV,hh0528,0.4521033131697727,dem,processHeat_low
LV,hh0529,0.45507916460877973,dem,processHeat_low
LV,hh0530,0.461798875966885,dem,processHeat_low
LV,hh0531,0.46670292381186723,dem,processHeat_low
LV,hh0532,0.47301494911845465,dem,processHeat_low
LV,hh0533,0.46785448111605754,dem,processHeat_low
LV,hh0534,0.4593547381446714,dem,processHeat_low
LV,hh0535,0.4545859478845016,dem,processHeat_low
LV,hh0536,0.4550708116882773,dem,processHeat_low
LV,hh0537,0.4630502242737188,dem,processHeat_low
LV,hh0538,0.4670566386089151,dem,processHeat_low
LV,hh0539,0.4721185148128747,dem,processHeat_low
LV,hh0540,0.4715958271071014,dem,processHeat_low
ME,hh0361,0.06576143293887071,dem,processHeat_low
ME,hh0362,0.06645724238674688,dem,processHeat_low
ME,hh0363,0.06681243614238497,dem,processHeat_low
ME,hh0364,0.06674221149071968,dem,processHeat_low
ME,hh0365,0.06625931751133862,dem,processHeat_low
ME,hh0366,0.06574766815285216,dem,processHeat_low
ME,hh0367,0.06581849434192577,dem,processHeat_low
ME,hh0368,0.06603352423434217,dem,processHeat_low
ME,hh0369,0.06625697902265415,dem,processHeat_low
ME,hh0370,0.06613038898126433,dem,processHeat_low
ME,hh0371,0.06583452555727831,dem,processHeat_low
ME,hh0372,0.06578135224197013,dem,processHeat_low
ME,hh0373,0.06595304012739689,dem,processHeat_low
ME,hh0374,0.0662345127284425,dem,processHeat_low
ME,hh0375,0.06666840632442472,dem,processHeat_low
ME,hh0376,0.0664583566983481,dem,processHeat_low
ME,hh0377,0.06604847802370273,dem,processHeat_low
ME,hh0378,0.06597277473801455,dem,processHeat_low
ME,hh0379,0.06587353503022086,dem,processHeat_low
ME,hh0380,0.06597912797775507,dem,processHeat_low
ME,hh0381,0.06583547567217352,dem,processHeat_low
ME,hh0382,0.06573496433333048,dem,processHeat_low
ME,hh0383,0.06584515640915356,dem,processHeat_low
ME,hh0384,0.06598182133816977,dem,processHeat_low
ME,hh0385,0.0660341932751578,dem,processHeat_low
ME,hh0386,0.06628926913077748,dem,processHeat_low
ME,hh0387,0.06628698828527035,dem,processHeat_low
ME,hh0388,0.06586016465860212,dem,processHeat_low
ME,hh0389,0.06559342220512576,dem,processHeat_low
ME,hh0390,0.0656011864649031,dem,processHeat_low
ME,hh0391,0.0655799264650625,dem,processHeat_low
ME,hh0392,0.06564166027507667,dem,processHeat_low
ME,hh0393,0.06549319707261247,dem,processHeat_low
ME,hh0394,0.06549925671842516,dem,processHeat_low
ME,hh0395,0.06553721167168192,dem,processHeat_low
ME,hh0396,0.0652970204284884,dem,processHeat_low
ME,hh0397,0.06523105936909701,dem,processHeat_low
ME,hh0398,0.06522509498145723,dem,processHeat_low
ME,hh0399,0.06512127898298559,dem,processHeat_low
ME,hh0400,0.06527502683658781,dem,processHeat_low
ME,hh0401,0.06579546168094907,dem,processHeat_low
ME,hh0402,0.0658872548591205,dem,processHeat_low
ME,hh0403,0.06592563721227407,dem,processHeat_low
ME,hh0404,0.06595005512255625,dem,processHeat_low
ME,hh0405,0.06575075794901863,dem,processHeat_low
ME,hh0406,0.06619283447403745,dem,processHeat_low
ME,hh0407,0.06679724592700609,dem,processHeat_low
ME,hh0408,0.0662382359398066,dem,processHeat_low
ME,hh0409,0.06580147227577982,dem,processHeat_low
ME,hh0410,0.06521364851334965,dem,processHeat_low
ME,hh0411,0.06477783343547117,dem,processHeat_low
ME,hh0412,0.06510176606954587,dem,processHeat_low
ME,hh0413,0.06527515639604076,dem,processHeat_low
ME,hh0414,0.06505315694320757,dem,processHeat_low
ME,hh0415,0.06511463769757597,dem,processHeat_low
ME,hh0416,0.06491053696467475,dem,processHeat_low
ME,hh0417,0.06477648947827674,dem,processHeat_low
ME,hh0418,0.06521920703892192,dem,processHeat_low
ME,hh0419,0.06534634889572999,dem,processHeat_low
ME,hh0420,0.06546497940414042,dem,processHeat_low
ME,hh0421,0.06568060758635852,dem,processHeat_low
ME,hh0422,0.06570459015978258,dem,processHeat_low
ME,hh0423,0.06623300618002759,dem,processHeat_low
ME,hh0424,0.06665145888558754,dem,processHeat_low
ME,hh0425,0.0666801416234648,dem,processHeat_low
ME,hh0426,0.06641805703745263,dem,processHeat_low
ME,hh0427,0.06577642843018339,dem,processHeat_low
ME,hh0428,0.06570459015978258,dem,processHeat_low
ME,hh0429,0.06623300618002759,dem,processHeat_low
ME,hh0430,0.0666703039015033,dem,processHeat_low
ME,hh0431,0.06670838627076137,dem,processHeat_low
ME,hh0432,0.06625799427493462,dem,processHeat_low
ME,hh0433,0.06515887137751974,dem,processHeat_low
ME,hh0434,0.0647044890647237,dem,processHeat_low
ME,hh0435,0.0648476878830877,dem,processHeat_low
ME,hh0436,0.06517023490494012,dem,processHeat_low
ME,hh0437,0.06519972373158112,dem,processHeat_low
ME,hh0438,0.06497186023952395,dem,processHeat_low
ME,hh0439,0.06442067262565843,dem,processHeat_low
ME,hh0440,0.06413586010157246,dem,processHeat_low
ME,hh0441,0.06433549626044055,dem,processHeat_low
ME,hh0442,0.0647720028414085,dem,processHeat_low
ME,hh0443,0.06480294362049221,dem,processHeat_low
ME,hh0444,0.0646817693443893,dem,processHeat_low
ME,hh0445,0.06451256665866367,dem,processHeat_low
ME,hh0446,0.06468840878005722,dem,processHeat_low
ME,hh0447,0.06562951144766771,dem,processHeat_low
ME,hh0448,0.06609390839278717,dem,processHeat_low
ME,hh0449,0.06549237932907204,dem,processHeat_low
ME,hh0450,0.06484805004726013,dem,processHeat_low
ME,hh0451,0.06490076178971549,dem,processHeat_low
ME,hh0452,0.06545486898372133,dem,processHeat_low
ME,hh0453,0.06643823685260486,dem,processHeat_low
ME,hh0454,0.066884780647257,dem,processHeat_low
ME,hh0455,0.0656732264766049,dem,processHeat_low
ME,hh0456,0.06475725482968642,dem,processHeat_low
ME,hh0457,0.0657509629188553,dem,processHeat_low
ME,hh0458,0.06590634666287087,dem,processHeat_low
ME,hh0459,0.06584441567795807,dem,processHeat_low
ME,hh0460,0.06584487887533896,dem,processHeat_low
ME,hh0461,0.06518755255027031,dem,processHeat_low
ME,hh0462,0.06501885001961227,dem,processHeat_low
ME,hh0463,0.06578234783398784,dem,processHeat_low
ME,hh0464,0.06656104542091157,dem,processHeat_low
ME,hh0465,0.06646910123805583,dem,processHeat_low
ME,hh0466,0.06667153598846198,dem,processHeat_low
ME,hh0467,0.06636563442356191,dem,processHeat_low
ME,hh0468,0.06577539462782056,dem,processHeat_low
ME,hh0469,0.06621354598843254,dem,processHeat_low
ME,hh0470,0.06660900988285334,dem,processHeat_low
ME,hh0471,0.06644016838387756,dem,processHeat_low
ME,hh0472,0.06663324829366957,dem,processHeat_low
ME,hh0473,0.06631434104386358,dem,processHeat_low
ME,hh0474,0.0657495586353889,dem,processHeat_low
ME,hh0475,0.06611295417039287,dem,processHeat_low
ME,hh0476,0.06660900988285334,dem,processHeat_low
ME,hh0477,0.0663639376990659,dem,processHeat_low
ME,hh0478,0.06640120790521564,dem,processHeat_low
ME,hh0479,0.06566224284946998,dem,processHeat_low
ME,hh0480,0.06498790003089994,dem,processHeat_low
ME,hh0481,0.06533274364750241,dem,processHeat_low
ME,hh0482,0.06571205959104987,dem,processHeat_low
ME,hh0483,0.06564470041141135,dem,processHeat_low
ME,hh0484,0.06677988335249552,dem,processHeat_low
ME,hh0485,0.06684948926613288,dem,processHeat_low
ME,hh0486,0.06649871769374727,dem,processHeat_low
ME,hh0487,0.06588128900671109,dem,processHeat_low
ME,hh0488,0.06528288134694549,dem,processHeat_low
ME,hh0489,0.06562863748737868,dem,processHeat_low
ME,hh0490,0.06641926471925785,dem,processHeat_low
ME,hh0491,0.06647755509078479,dem,processHeat_low
ME,hh0492,0.06623242614350033,dem,processHeat_low
ME,hh0493,0.06576996332373142,dem,processHeat_low
ME,hh0494,0.06534026841100626,dem,processHeat_low
ME,hh0495,0.0658060413397834,dem,processHeat_low
ME,hh0496,0.06633108150975886,dem,processHeat_low
ME,hh0497,0.06631026355827885,dem,processHeat_low
ME,hh0498,0.0662720643274497,dem,processHeat_low
ME,hh0499,0.0657974920007689,dem,processHeat_low
ME,hh0500,0.0653370730456686,dem,processHeat_low
ME,hh0501,0.06590561609939982,dem,processHeat_low
ME,hh0502,0.06663580713026818,dem,processHeat_low
ME,hh0503,0.06565970678659028,dem,processHeat_low
ME,hh0504,0.06471064618625633,dem,processHeat_low
ME,hh0505,0.06485171349507368,dem,processHeat_low
ME,hh0506,0.06549567284747582,dem,processHeat_low
ME,hh0507,0.06571911144473574,dem,processHeat_low
ME,hh0508,0.06512868719508447,dem,processHeat_low
ME,hh0509,0.06473128768664083,dem,processHeat_low
ME,hh0510,0.06450948111469756,dem,processHeat_low
ME,hh0511,0.06469709031790671,dem,processHeat_low
ME,hh0512,0.06504146911220232,dem,processHeat_low
ME,hh0513,0.06500482274199726,dem,processHeat_low
ME,hh0514,0.06491868204830098,dem,processHeat_low
ME,hh0515,0.06502974358366487,dem,processHeat_low
ME,hh0516,0.06520702726299987,dem,processHeat_low
ME,hh0517,0.0649791332807581,dem,processHeat_low
ME,hh0518,0.06512683578662859,dem,processHeat_low
ME,hh0519,0.06582221830933577,dem,processHeat_low
ME,hh0520,0.06586490499091724,dem,processHeat_low
ME,hh0521,0.0657201649425474,dem,processHeat_low
ME,hh0522,0.06553364083001156,dem,processHeat_low
ME,hh0523,0.06529350321585525,dem,processHeat_low
ME,hh0524,0.06544610597018163,dem,processHeat_low
ME,hh0525,0.06603245044806272,dem,processHeat_low
ME,hh0526,0.06642061273558397,dem,processHeat_low
ME,hh0527,0.06600603351944301,dem,processHeat_low
ME,hh0528,0.0655847162408918,dem,processHeat_low
ME,hh0529,0.06553839878799295,dem,processHeat_low
ME,hh0530,0.06597197087609175,dem,processHeat_low
ME,hh0531,0.06655226934927327,dem,processHeat_low
ME,hh0532,0.06695532365341705,dem,processHeat_low
ME,hh0533,0.06641133408879796,dem,processHeat_low
ME,hh0534,0.06566017731114471,dem,processHeat_low
ME,hh0535,0.06484037189565584,dem,processHeat_low
ME,hh0536,0.06473840464866498,dem,processHeat_low
ME,hh0537,0.06558066860870326,dem,processHeat_low
ME,hh0538,0.06587448313101163,dem,processHeat_low
ME,hh0539,0.0658714529567419,dem,processHeat_low
ME,hh0540,0.06584346071673508,dem,processHeat_low
MK,hh0361,0.05185170617048129,dem,processHeat_low
MK,hh0362,0.052400339395632045,dem,processHeat_low
MK,hh0363,0.05268040327845824,dem,processHeat_low
MK,hh0364,0.052625032404677086,dem,processHeat_low
MK,hh0365,0.05224427919398522,dem,processHeat_low
MK,hh0366,0.05184085288448159,dem,processHeat_low
MK,hh0367,0.0518966980597213,dem,processHeat_low
MK,hh0368,0.052066245259368316,dem,processHeat_low
MK,hh0369,0.05224243533780282,dem,processHeat_low
MK,hh0370,0.052142621368773234,dem,processHeat_low
MK,hh0371,0.05190933838446199,dem,processHeat_low
MK,hh0372,0.05186741218244606,dem,processHeat_low
MK,hh0373,0.05200278498975308,dem,processHeat_low
MK,hh0374,0.0522247210691944,dem,processHeat_low
MK,hh0375,0.052566838359553,dem,processHeat_low
MK,hh0376,0.05240121801028863,dem,processHeat_low
MK,hh0377,0.05207803605310346,dem,processHeat_low
MK,hh0378,0.052018345374989394,dem,processHeat_low
MK,hh0379,0.05194009665169119,dem,processHeat_low
MK,hh0380,0.05202335479017961,dem,processHeat_low
MK,hh0381,0.05191008753294568,dem,processHeat_low
MK,hh0382,0.051830836151424364,dem,processHeat_low
MK,hh0383,0.051917720619769625,dem,processHeat_low
MK,hh0384,0.05202547845635763,dem,processHeat_low
MK,hh0385,0.05206677278602001,dem,processHeat_low
MK,hh0386,0.052267895506815876,dem,processHeat_low
MK,hh0387,0.05226609710112484,dem,processHeat_low
MK,hh0388,0.051929554354302354,dem,processHeat_low
MK,hh0389,0.05171923273110224,dem,processHeat_low
MK,hh0390,0.05172535471018591,dem,processHeat_low
MK,hh0391,0.051708591583064845,dem,processHeat_low
MK,hh0392,0.05175726758099586,dem,processHeat_low
MK,hh0393,0.05164020701818117,dem,processHeat_low
MK,hh0394,0.051644984939827054,dem,processHeat_low
MK,hh0395,0.051674911737336515,dem,processHeat_low
MK,hh0396,0.05148552526551953,dem,processHeat_low
MK,hh0397,0.05143351615745928,dem,processHeat_low
MK,hh0398,0.05142881334515437,dem,processHeat_low
MK,hh0399,0.0513469562990565,dem,processHeat_low
MK,hh0400,0.051468183714092675,dem,processHeat_low
MK,hh0401,0.05187853722114255,dem,processHeat_low
MK,hh0402,0.05195091448982225,dem,processHeat_low
MK,hh0403,0.05198117828439308,dem,processHeat_low
MK,hh0404,0.05200043136716204,dem,processHeat_low
MK,hh0405,0.05184328913315994,dem,processHeat_low
MK,hh0406,0.05219185851578345,dem,processHeat_low
MK,hh0407,0.052668426067072005,dem,processHeat_low
MK,hh0408,0.052227656754325835,dem,processHeat_low
MK,hh0409,0.051883276466924144,dem,processHeat_low
MK,hh0410,0.051419788011060064,dem,processHeat_low
MK,hh0411,0.05107615566677737,dem,processHeat_low
MK,hh0412,0.051331570717991326,dem,processHeat_low
MK,hh0413,0.05146828586941865,dem,processHeat_low
MK,hh0414,0.05129324329683982,dem,processHeat_low
MK,hh0415,0.05134171976504831,dem,processHeat_low
MK,hh0416,0.051180790010903365,dem,processHeat_low
MK,hh0417,0.05107509598070692,dem,processHeat_low
MK,hh0418,0.051424170808445524,dem,processHeat_low
MK,hh0419,0.05152441987397083,dem,processHeat_low
MK,hh0420,0.05161795789447865,dem,processHeat_low
MK,hh0421,0.051787976834930305,dem,processHeat_low
MK,hh0422,0.051806886662319585,dem,processHeat_low
MK,hh0423,0.05222353318291084,dem,processHeat_low
MK,hh0424,0.05255347560907353,dem,processHeat_low
MK,hh0425,0.052576091431546956,dem,processHeat_low
MK,hh0426,0.05236944245302766,dem,processHeat_low
MK,hh0427,0.05186352984551945,dem,processHeat_low
MK,hh0428,0.051806886662319585,dem,processHeat_low
MK,hh0429,0.05222353318291084,dem,processHeat_low
MK,hh0430,0.05256833456493837,dem,processHeat_low
MK,hh0431,0.05259836182759159,dem,processHeat_low
MK,hh0432,0.052243235845907066,dem,processHeat_low
MK,hh0433,0.051376597225441856,dem,processHeat_low
MK,hh0434,0.051018324950661054,dem,processHeat_low
MK,hh0435,0.05113123464136038,dem,processHeat_low
MK,hh0436,0.051385557162262785,dem,processHeat_low
MK,hh0437,0.05140880857126717,dem,processHeat_low
MK,hh0438,0.051229142309324516,dem,processHeat_low
MK,hh0439,0.05079454079711354,dem,processHeat_low
MK,hh0440,0.05056997124850682,dem,processHeat_low
MK,hh0441,0.05072738076631822,dem,processHeat_low
MK,hh0442,0.051071558348297685,dem,processHeat_low
MK,hh0443,0.05109595459569505,dem,processHeat_low
MK,hh0444,0.05100041086015494,dem,processHeat_low
MK,hh0445,0.05086699758805935,dem,processHeat_low
MK,hh0446,0.05100564593564627,dem,processHeat_low
MK,hh0447,0.051747688449239604,dem,processHeat_low
MK,hh0448,0.0521138570813946,dem,processHeat_low
MK,hh0449,0.051639562242144166,dem,processHeat_low
MK,hh0450,0.05113152020132361,dem,processHeat_low
MK,hh0451,0.05117308246141761,dem,processHeat_low
MK,hh0452,0.0516099860100212,dem,processHeat_low
MK,hh0453,0.05238535387402976,dem,processHeat_low
MK,hh0454,0.052737445618362244,dem,processHeat_low
MK,hh0455,0.05178215696270172,dem,processHeat_low
MK,hh0456,0.051059929806541504,dem,processHeat_low
MK,hh0457,0.0518434507482084,dem,processHeat_low
MK,hh0458,0.051965968033414356,dem,processHeat_low
MK,hh0459,0.05191713656657271,dem,processHeat_low
MK,hh0460,0.05191750178937582,dem,processHeat_low
MK,hh0461,0.051399211813929924,dem,processHeat_low
MK,hh0462,0.0512661929051319,dem,processHeat_low
MK,hh0463,0.05186819718880997,dem,processHeat_low
MK,hh0464,0.05248218621960632,dem,processHeat_low
MK,hh0465,0.0524096898864741,dem,processHeat_low
MK,hh0466,0.05256930604329568,dem,processHeat_low
MK,hh0467,0.05232810816559663,dem,processHeat_low
MK,hh0468,0.05186271471092141,dem,processHeat_low
MK,hh0469,0.05220818917209158,dem,processHeat_low
MK,hh0470,0.05252000533451451,dem,processHeat_low
MK,hh0471,0.05238687685169907,dem,processHeat_low
MK,hh0472,0.052539116885157,dem,processHeat_low
MK,hh0473,0.05228766425895515,dem,processHeat_low
MK,hh0474,0.05184234349593453,dem,processHeat_low
MK,hh0475,0.052128874334215425,dem,processHeat_low
MK,hh0476,0.05252000533451451,dem,processHeat_low
MK,hh0477,0.05232677032887523,dem,processHeat_low
MK,hh0478,0.05235615721554154,dem,processHeat_low
MK,hh0479,0.051773496570405086,dem,processHeat_low
MK,hh0480,0.051241789396073045,dem,processHeat_low
MK,hh0481,0.0515136923806665,dem,processHeat_low
MK,hh0482,0.0518127761744438,dem,processHeat_low
MK,hh0483,0.05175966467379567,dem,processHeat_low
MK,hh0484,0.05265473598959147,dem,processHeat_low
MK,hh0485,0.05270961899958593,dem,processHeat_low
MK,hh0486,0.05243304192867981,dem,processHeat_low
MK,hh0487,0.05194621052260118,dem,processHeat_low
MK,hh0488,0.05147437685417344,dem,processHeat_low
MK,hh0489,0.051746999347301426,dem,processHeat_low
MK,hh0490,0.05237039468843818,dem,processHeat_low
MK,hh0491,0.052416355597131314,dem,processHeat_low
MK,hh0492,0.05222307583449037,dem,processHeat_low
MK,hh0493,0.05185843222540143,dem,processHeat_low
MK,hh0494,0.051519625521251555,dem,processHeat_low
MK,hh0495,0.05188687909165424,dem,processHeat_low
MK,hh0496,0.05230086381499177,dem,processHeat_low
MK,hh0497,0.052284449235003194,dem,processHeat_low
MK,hh0498,0.05225432982905431,dem,processHeat_low
MK,hh0499,0.05188013809174663,dem,processHeat_low
MK,hh0500,0.05151710603320225,dem,processHeat_low
MK,hh0501,0.05196539199729955,dem,processHeat_low
MK,hh0502,0.0525411344817428,dem,processHeat_low
MK,hh0503,0.05177149693048477,dem,processHeat_low
MK,hh0504,0.05102317973017989,dem,processHeat_low
MK,hh0505,0.05113440876394293,dem,processHeat_low
MK,hh0506,0.051642159122167186,dem,processHeat_low
MK,hh0507,0.05181833643416667,dem,processHeat_low
MK,hh0508,0.051352797540857864,dem,processHeat_low
MK,hh0509,0.05103945518169439,dem,processHeat_low
MK,hh0510,0.050864564692204794,dem,processHeat_low
MK,hh0511,0.05101249117197426,dem,processHeat_low
MK,hh0512,0.05128402765248552,dem,processHeat_low
MK,hh0513,0.051255132649174584,dem,processHeat_low
MK,hh0514,0.05118721226273237,dem,processHeat_low
MK,hh0515,0.05127478228428117,dem,processHeat_low
MK,hh0516,0.05141456727437799,dem,processHeat_low
MK,hh0517,0.051234876971392396,dem,processHeat_low
MK,hh0518,0.051351337738623215,dem,processHeat_low
MK,hh0519,0.05189963434096967,dem,processHeat_low
MK,hh0520,0.05193329202106156,dem,processHeat_low
MK,hh0521,0.051819167098244634,dem,processHeat_low
MK,hh0522,0.05167209619287405,dem,processHeat_low
MK,hh0523,0.051482752006563715,dem,processHeat_low
MK,hh0524,0.05160307653153495,dem,processHeat_low
MK,hh0525,0.05206539859818804,dem,processHeat_low
MK,hh0526,0.052371457575020486,dem,processHeat_low
MK,hh0527,0.05204456932548851,dem,processHeat_low
MK,hh0528,0.051712368235030226,dem,processHeat_low
MK,hh0529,0.05167584775713863,dem,processHeat_low
MK,hh0530,0.05201771154432322,dem,processHeat_low
MK,hh0531,0.05247526644510003,dem,processHeat_low
MK,hh0532,0.05279306750895785,dem,processHeat_low
MK,hh0533,0.052364141529011476,dem,processHeat_low
MK,hh0534,0.051771867930625604,dem,processHeat_low
MK,hh0535,0.05112546611695734,dem,processHeat_low
MK,hh0536,0.05104506677812992,dem,processHeat_low
MK,hh0537,0.0517091767499096,dem,processHeat_low
MK,hh0538,0.05194084421211187,dem,processHeat_low
MK,hh0539,0.05193845497427674,dem,processHeat_low
MK,hh0540,0.05191638359684703,dem,processHeat_low
NL,hh0361,3.1801039125330135,dem,processHeat_low
NL,hh0362,3.221261440312446,dem,processHeat_low
NL,hh0363,3.233560785323789,dem,processHeat_low
NL,hh0364,3.2082725088257575,dem,processHeat_low
NL,hh0365,3.174785628441896,dem,processHeat_low
NL,hh0366,3.162089001547429,dem,processHeat_low
NL,hh0367,3.1864970793030807,dem,processHeat_low
NL,hh0368,3.219282602341991,dem,processHeat_low
NL,hh0369,3.230964917671372,dem,processHeat_low
NL,hh0370,3.205395861636134,dem,processHeat_low
NL,hh0371,3.1727796719387698,dem,processHeat_low
NL,hh0372,3.1622473641127726,dem,processHeat_low
NL,hh0373,3.187129044856192,dem,processHeat_low
NL,hh0374,3.220219807675676,dem,processHeat_low
NL,hh0375,3.2328860828383768,dem,processHeat_low
NL,hh0376,3.2068029959445994,dem,processHeat_low
NL,hh0377,3.1724828304959374,dem,processHeat_low
NL,hh0378,3.162303558749045,dem,processHeat_low
NL,hh0379,3.1628449038835242,dem,processHeat_low
NL,hh0380,3.156639024571632,dem,processHeat_low
NL,hh0381,3.1433175948441203,dem,processHeat_low
NL,hh0382,3.155875583155648,dem,processHeat_low
NL,hh0383,3.183944156155121,dem,processHeat_low
NL,hh0384,3.1870595075088204,dem,processHeat_low
NL,hh0385,3.1754151546629146,dem,processHeat_low
NL,hh0386,3.1799680979020195,dem,processHeat_low
NL,hh0387,3.177874736738886,dem,processHeat_low
NL,hh0388,3.174776981522882,dem,processHeat_low
NL,hh0389,3.183548474600684,dem,processHeat_low
NL,hh0390,3.1798144923777727,dem,processHeat_low
NL,hh0391,3.1648577495652717,dem,processHeat_low
NL,hh0392,3.1531339165685495,dem,processHeat_low
NL,hh0393,3.138358080514081,dem,processHeat_low
NL,hh0394,3.156693265926151,dem,processHeat_low
NL,hh0395,3.184302551233486,dem,processHeat_low
NL,hh0396,3.182466304397167,dem,processHeat_low
NL,hh0397,3.1734439555475547,dem,processHeat_low
NL,hh0398,3.1593800521022786,dem,processHeat_low
NL,hh0399,3.1469026438662695,dem,processHeat_low
NL,hh0400,3.1740399664395227,dem,processHeat_low
NL,hh0401,3.217835627065142,dem,processHeat_low
NL,hh0402,3.2189852044411964,dem,processHeat_low
NL,hh0403,3.208587099401484,dem,processHeat_low
NL,hh0404,3.1937305475312314,dem,processHeat_low
NL,hh0405,3.176716257881708,dem,processHeat_low
NL,hh0406,3.192841483916709,dem,processHeat_low
NL,hh0407,3.2217992253663397,dem,processHeat_low
NL,hh0408,3.186493262881413,dem,processHeat_low
NL,hh0409,3.167420295696502,dem,processHeat_low
NL,hh0410,3.153026140294969,dem,processHeat_low
NL,hh0411,3.1418035324513767,dem,processHeat_low
NL,hh0412,3.1536606022855267,dem,processHeat_low
NL,hh0413,3.1459942510628025,dem,processHeat_low
NL,hh0414,3.1399727104089834,dem,processHeat_low
NL,hh0415,3.156746312179166,dem,processHeat_low
NL,hh0416,3.148431889152562,dem,processHeat_low
NL,hh0417,3.1436974455627933,dem,processHeat_low
NL,hh0418,3.1603373968682718,dem,processHeat_low
NL,hh0419,3.1503638199592388,dem,processHeat_low
NL,hh0420,3.1479714965535095,dem,processHeat_low
NL,hh0421,3.1638640806722833,dem,processHeat_low
NL,hh0422,3.1677729277180333,dem,processHeat_low
NL,hh0423,3.1965381650825293,dem,processHeat_low
NL,hh0424,3.2177692257046147,dem,processHeat_low
NL,hh0425,3.2130790283263195,dem,processHeat_low
NL,hh0426,3.194519228529316,dem,processHeat_low
NL,hh0427,3.166620176680226,dem,processHeat_low
NL,hh0428,3.1677729277180333,dem,processHeat_low
NL,hh0429,3.1965381650825293,dem,processHeat_low
NL,hh0430,3.218250700547287,dem,processHeat_low
NL,hh0431,3.2138015595228353,dem,processHeat_low
NL,hh0432,3.1865720785153826,dem,processHeat_low
NL,hh0433,3.1363875674032897,dem,processHeat_low
NL,hh0434,3.125293160092042,dem,processHeat_low
NL,hh0435,3.1488023214424175,dem,processHeat_low
NL,hh0436,3.1694899888443615,dem,processHeat_low
NL,hh0437,3.166781781030295,dem,processHeat_low
NL,hh0438,3.1501651060243603,dem,processHeat_low
NL,hh0439,3.127293242396263,dem,processHeat_low
NL,hh0440,3.1093210488652403,dem,processHeat_low
NL,hh0441,3.1138203638420237,dem,processHeat_low
NL,hh0442,3.135684919952837,dem,processHeat_low
NL,hh0443,3.131156783174447,dem,processHeat_low
NL,hh0444,3.1204013677433977,dem,processHeat_low
NL,hh0445,3.114318113644913,dem,processHeat_low
NL,hh0446,3.124644941515726,dem,processHeat_low
NL,hh0447,3.15927824188293,dem,processHeat_low
NL,hh0448,3.179047192865255,dem,processHeat_low
NL,hh0449,3.1715336053912324,dem,processHeat_low
NL,hh0450,3.1514662731424323,dem,processHeat_low
NL,hh0451,3.1574940250939108,dem,processHeat_low
NL,hh0452,3.1848341247805365,dem,processHeat_low
NL,hh0453,3.228148235622939,dem,processHeat_low
NL,hh0454,3.2519600237883424,dem,processHeat_low
NL,hh0455,3.1975218605421105,dem,processHeat_low
NL,hh0456,3.154119457683919,dem,processHeat_low
NL,hh0457,3.2011892555456143,dem,processHeat_low
NL,hh0458,3.207219487108887,dem,processHeat_low
NL,hh0459,3.1981589502393035,dem,processHeat_low
NL,hh0460,3.197844177340812,dem,processHeat_low
NL,hh0461,3.1729273967266636,dem,processHeat_low
NL,hh0462,3.159444760169208,dem,processHeat_low
NL,hh0463,3.1839614198288473,dem,processHeat_low
NL,hh0464,3.2152501195105287,dem,processHeat_low
NL,hh0465,3.206622557088849,dem,processHeat_low
NL,hh0466,3.2109234062791074,dem,processHeat_low
NL,hh0467,3.197417087001668,dem,processHeat_low
NL,hh0468,3.1742970813775173,dem,processHeat_low
NL,hh0469,3.1955331691224274,dem,processHeat_low
NL,hh0470,3.218528975334266,dem,processHeat_low
NL,hh0471,3.2072745630957797,dem,processHeat_low
NL,hh0472,3.21133344714508,dem,processHeat_low
NL,hh0473,3.197965868139363,dem,processHeat_low
NL,hh0474,3.1745732734634657,dem,processHeat_low
NL,hh0475,3.1950603480527207,dem,processHeat_low
NL,hh0476,3.218528975334266,dem,processHeat_low
NL,hh0477,3.204235221966883,dem,processHeat_low
NL,hh0478,3.201032954526454,dem,processHeat_low
NL,hh0479,3.1653541807081638,dem,processHeat_low
NL,hh0480,3.1351761643763894,dem,processHeat_low
NL,hh0481,3.155330345078255,dem,processHeat_low
NL,hh0482,3.173755301280835,dem,processHeat_low
NL,hh0483,3.168309003482136,dem,processHeat_low
NL,hh0484,3.2199717635121488,dem,processHeat_low
NL,hh0485,3.2247114668916765,dem,processHeat_low
NL,hh0486,3.210679111598438,dem,processHeat_low
NL,hh0487,3.1853613236053206,dem,processHeat_low
NL,hh0488,3.1570280169817124,dem,processHeat_low
NL,hh0489,3.1717937398861977,dem,processHeat_low
NL,hh0490,3.207689397086142,dem,processHeat_low
NL,hh0491,3.2093530692254717,dem,processHeat_low
NL,hh0492,3.207159169780425,dem,processHeat_low
NL,hh0493,3.1974138105542806,dem,processHeat_low
NL,hh0494,3.184886283663218,dem,processHeat_low
NL,hh0495,3.2092127193627675,dem,processHeat_low
NL,hh0496,3.204994500572866,dem,processHeat_low
NL,hh0497,3.1924790727789514,dem,processHeat_low
NL,hh0498,3.20574733144349,dem,processHeat_low
NL,hh0499,3.1969502072261093,dem,processHeat_low
NL,hh0500,3.1848054217553,dem,processHeat_low
NL,hh0501,3.218460631880589,dem,processHeat_low
NL,hh0502,3.2379580995566357,dem,processHeat_low
NL,hh0503,3.1787559728400083,dem,processHeat_low
NL,hh0504,3.140869814533289,dem,processHeat_low
NL,hh0505,3.126229341787621,dem,processHeat_low
NL,hh0506,3.1318232194480515,dem,processHeat_low
NL,hh0507,3.143365045591054,dem,processHeat_low
NL,hh0508,3.1393802824150043,dem,processHeat_low
NL,hh0509,3.1235124862305383,dem,processHeat_low
NL,hh0510,3.1021117960663105,dem,processHeat_low
NL,hh0511,3.1028809013423597,dem,processHeat_low
NL,hh0512,3.133679094931722,dem,processHeat_low
NL,hh0513,3.158704008372297,dem,processHeat_low
NL,hh0514,3.1562850661775883,dem,processHeat_low
NL,hh0515,3.1487853792386886,dem,processHeat_low
NL,hh0516,3.1428391112185636,dem,processHeat_low
NL,hh0517,3.1417051064345287,dem,processHeat_low
NL,hh0518,3.1539490346931416,dem,processHeat_low
NL,hh0519,3.1768774846568704,dem,processHeat_low
NL,hh0520,3.1748864948003757,dem,processHeat_low
NL,hh0521,3.1482653441053117,dem,processHeat_low
NL,hh0522,3.123296915053288,dem,processHeat_low
NL,hh0523,3.127806250577123,dem,processHeat_low
NL,hh0524,3.1512132332481997,dem,processHeat_low
NL,hh0525,3.1844394867166557,dem,processHeat_low
NL,hh0526,3.2043233377953584,dem,processHeat_low
NL,hh0527,3.166758782334,dem,processHeat_low
NL,hh0528,3.129485511171879,dem,processHeat_low
NL,hh0529,3.1467518388617464,dem,processHeat_low
NL,hh0530,3.185921172846065,dem,processHeat_low
NL,hh0531,3.220895475193174,dem,processHeat_low
NL,hh0532,3.2441778779175365,dem,processHeat_low
NL,hh0533,3.1983193924443185,dem,processHeat_low
NL,hh0534,3.1440138916623255,dem,processHeat_low
NL,hh0535,3.1121087655974407,dem,processHeat_low
NL,hh0536,3.116501716831408,dem,processHeat_low
NL,hh0537,3.1684073714386614,dem,processHeat_low
NL,hh0538,3.18350331257534,dem,processHeat_low
NL,hh0539,3.177400685233806,dem,processHeat_low
NL,hh0540,3.1695302287662344,dem,processHeat_low
NO,hh0361,0.9056404080611173,dem,processHeat_low
NO,hh0362,0.9152228201855905,dem,processHeat_low
NO,hh0363,0.9201144079047481,dem,processHeat_low
NO,hh0364,0.9191473018163379,dem,processHeat_low
NO,hh0365,0.9124970771940752,dem,processHeat_low
NO,hh0366,0.9054508448798515,dem,processHeat_low
NO,hh0367,0.906426235103936,dem,processHeat_low
NO,hh0368,0.909387541614251,dem,processHeat_low
NO,hh0369,0.9124648724541657,dem,processHeat_low
NO,hh0370,0.9107215245439875,dem,processHeat_low
NO,hh0371,0.9066470106527049,dem,processHeat_low
NO,hh0372,0.9059147288139684,dem,processHeat_low
NO,hh0373,0.9082791463715694,dem,processHeat_low
NO,hh0374,0.912155475549298,dem,processHeat_low
NO,hh0375,0.9181308862989681,dem,processHeat_low
NO,hh0376,0.9152381660442188,dem,processHeat_low
NO,hh0377,0.9095934792785556,dem,processHeat_low
NO,hh0378,0.9085509236119833,dem,processHeat_low
NO,hh0379,0.9071842336629743,dem,processHeat_low
NO,hh0380,0.9086384179136076,dem,processHeat_low
NO,hh0381,0.9066600952578483,dem,processHeat_low
NO,hh0382,0.9052758929092306,dem,processHeat_low
NO,hh0383,0.9067934145327854,dem,processHeat_low
NO,hh0384,0.9086755098060166,dem,processHeat_low
NO,hh0385,0.9093967553790208,dem,processHeat_low
NO,hh0386,0.9129095590342331,dem,processHeat_low
NO,hh0387,0.9128781481331316,dem,processHeat_low
NO,hh0388,0.9070001022000724,dem,processHeat_low
NO,hh0389,0.9033266307810663,dem,processHeat_low
NO,hh0390,0.9034335570909207,dem,processHeat_low
NO,hh0391,0.9031407727943588,dem,processHeat_low
NO,hh0392,0.9039909463745062,dem,processHeat_low
NO,hh0393,0.9019463699519292,dem,processHeat_low
NO,hh0394,0.9020298209943576,dem,processHeat_low
NO,hh0395,0.9025525215779453,dem,processHeat_low
NO,hh0396,0.8992447029104369,dem,processHeat_low
NO,hh0397,0.8983363133256717,dem,processHeat_low
NO,hh0398,0.8982541741406749,dem,processHeat_low
NO,hh0399,0.8968244613292882,dem,processHeat_low
NO,hh0400,0.8989418158726039,dem,processHeat_low
NO,hh0401,0.9061090384202544,dem,processHeat_low
NO,hh0402,0.9073731777125431,dem,processHeat_low
NO,hh0403,0.9079017642775398,dem,processHeat_low
NO,hh0404,0.9082380380668837,dem,processHeat_low
NO,hh0405,0.9054933963288931,dem,processHeat_low
NO,hh0406,0.9115814991364459,dem,processHeat_low
NO,hh0407,0.9199052142762412,dem,processHeat_low
NO,hh0408,0.9122067501411948,dem,processHeat_low
NO,hh0409,0.9061918139504996,dem,processHeat_low
NO,hh0410,0.8980965379159898,dem,processHeat_low
NO,hh0411,0.8920946652779094,dem,processHeat_low
NO,hh0412,0.8965557372134754,dem,processHeat_low
NO,hh0413,0.8989436001152171,dem,processHeat_low
NO,hh0414,0.8958863115781242,dem,processHeat_low
NO,hh0415,0.8967330001764822,dem,processHeat_low
NO,hh0416,0.8939222057219922,dem,processHeat_low
NO,hh0417,0.8920761568319904,dem,processHeat_low
NO,hh0418,0.8981730877285372,dem,processHeat_low
NO,hh0419,0.8999240350231048,dem,processHeat_low
NO,hh0420,0.901557767398117,dem,processHeat_low
NO,hh0421,0.9045273133192495,dem,processHeat_low
NO,hh0422,0.9048575918213828,dem,processHeat_low
NO,hh0423,0.9121347279615293,dem,processHeat_low
NO,hh0424,0.9178974928840944,dem,processHeat_low
NO,hh0425,0.9182925001882722,dem,processHeat_low
NO,hh0426,0.9146831750754245,dem,processHeat_low
NO,hh0427,0.9058469200285799,dem,processHeat_low
NO,hh0428,0.9048575918213828,dem,processHeat_low
NO,hh0429,0.9121347279615293,dem,processHeat_low
NO,hh0430,0.9181570189789454,dem,processHeat_low
NO,hh0431,0.9186814742847673,dem,processHeat_low
NO,hh0432,0.9124788541066664,dem,processHeat_low
NO,hh0433,0.897342168897012,dem,processHeat_low
NO,hh0434,0.8910845956543199,dem,processHeat_low
NO,hh0435,0.8930566730637111,dem,processHeat_low
NO,hh0436,0.8974986628968509,dem,processHeat_low
NO,hh0437,0.8979047713369255,dem,processHeat_low
NO,hh0438,0.8947667255747547,dem,processHeat_low
NO,hh0439,0.8871759880667014,dem,processHeat_low
NO,hh0440,0.8832536627928675,dem,processHeat_low
NO,hh0441,0.8860029729021335,dem,processHeat_low
NO,hh0442,0.8920143686459596,dem,processHeat_low
NO,hh0443,0.8924404728013542,dem,processHeat_low
NO,hh0444,0.890771708664488,dem,processHeat_low
NO,hh0445,0.8884415162933692,dem,processHeat_low
NO,hh0446,0.8908631443418926,dem,processHeat_low
NO,hh0447,0.9038236375349697,dem,processHeat_low
NO,hh0448,0.9102191283282082,dem,processHeat_low
NO,hh0449,0.9019351083120455,dem,processHeat_low
NO,hh0450,0.8930616606462536,dem,processHeat_low
NO,hh0451,0.893787585885093,dem,processHeat_low
NO,hh0452,0.9014185306928084,dem,processHeat_low
NO,hh0453,0.914961083497019,dem,processHeat_low
NO,hh0454,0.921110707772641,dem,processHeat_low
NO,hh0455,0.9044256635979764,dem,processHeat_low
NO,hh0456,0.8918112648698298,dem,processHeat_low
NO,hh0457,0.9054962190925835,dem,processHeat_low
NO,hh0458,0.9076361024717698,dem,processHeat_low
NO,hh0459,0.906783213476956,dem,processHeat_low
NO,hh0460,0.9067895924472396,dem,processHeat_low
NO,hh0461,0.8977371546484392,dem,processHeat_low
NO,hh0462,0.895413850215391,dem,processHeat_low
NO,hh0463,0.9059284397130796,dem,processHeat_low
NO,hh0464,0.9166523544590746,dem,processHeat_low
NO,hh0465,0.9153861355894151,dem,processHeat_low
NO,hh0466,0.9181739867931356,dem,processHeat_low
NO,hh0467,0.913961231599842,dem,processHeat_low
NO,hh0468,0.9058326829112957,dem,processHeat_low
NO,hh0469,0.9118667299098888,dem,processHeat_low
NO,hh0470,0.9173129020309716,dem,processHeat_low
NO,hh0471,0.9149876837809643,dem,processHeat_low
NO,hh0472,0.9176467038246301,dem,processHeat_low
NO,hh0473,0.9132548394909463,dem,processHeat_low
NO,hh0474,0.905476879856451,dem,processHeat_low
NO,hh0475,0.9104814192337471,dem,processHeat_low
NO,hh0476,0.9173129020309716,dem,processHeat_low
NO,hh0477,0.9139378649829268,dem,processHeat_low
NO,hh0478,0.9144511354998031,dem,processHeat_low
NO,hh0479,0.9042744014368509,dem,processHeat_low
NO,hh0480,0.8949876192286865,dem,processHeat_low
NO,hh0481,0.8997366689332011,dem,processHeat_low
NO,hh0482,0.904960457870402,dem,processHeat_low
NO,hh0483,0.9040328139285521,dem,processHeat_low
NO,hh0484,0.9196661037753984,dem,processHeat_low
NO,hh0485,0.9206246888493297,dem,processHeat_low
NO,hh0486,0.9157940016866633,dem,processHeat_low
NO,hh0487,0.9072910183554086,dem,processHeat_low
NO,hh0488,0.899049985079273,dem,processHeat_low
NO,hh0489,0.9038116016999993,dem,processHeat_low
NO,hh0490,0.9146998067913046,dem,processHeat_low
NO,hh0491,0.9155025587001546,dem,processHeat_low
NO,hh0492,0.9121267399277713,dem,processHeat_low
NO,hh0493,0.90575788514343,dem,processHeat_low
NO,hh0494,0.8998402969964445,dem,processHeat_low
NO,hh0495,0.9062547372905101,dem,processHeat_low
NO,hh0496,0.9134853825567006,dem,processHeat_low
NO,hh0497,0.9131986859752033,dem,processHeat_low
NO,hh0498,0.9126726212975882,dem,processHeat_low
NO,hh0499,0.9061369991800348,dem,processHeat_low
NO,hh0500,0.8997962916901088,dem,processHeat_low
NO,hh0501,0.90762604144129,dem,processHeat_low
NO,hh0502,0.9176819431090735,dem,processHeat_low
NO,hh0503,0.9042394757830152,dem,processHeat_low
NO,hh0504,0.8911693890927381,dem,processHeat_low
NO,hh0505,0.8931121121972865,dem,processHeat_low
NO,hh0506,0.9019804653439678,dem,processHeat_low
NO,hh0507,0.9050575732067045,dem,processHeat_low
NO,hh0508,0.8969264842912708,dem,processHeat_low
NO,hh0509,0.8914536556608255,dem,processHeat_low
NO,hh0510,0.8883990234039629,dem,processHeat_low
NO,hh0511,0.8909827030433917,dem,processHeat_low
NO,hh0512,0.8957253513999603,dem,processHeat_low
NO,hh0513,0.8952206721028233,dem,processHeat_low
NO,hh0514,0.8940343765880243,dem,processHeat_low
NO,hh0515,0.8955638720649404,dem,processHeat_low
NO,hh0516,0.8980053526793199,dem,processHeat_low
NO,hh0517,0.8948668870179972,dem,processHeat_low
NO,hh0518,0.896900987427216,dem,processHeat_low
NO,hh0519,0.9064775201072734,dem,processHeat_low
NO,hh0520,0.9070653841799867,dem,processHeat_low
NO,hh0521,0.9050720815612294,dem,processHeat_low
NO,hh0522,0.9025033453608557,dem,processHeat_low
NO,hh0523,0.8991962652503389,dem,processHeat_low
NO,hh0524,0.9012978499404198,dem,processHeat_low
NO,hh0525,0.909372753855223,dem,processHeat_low
NO,hh0526,0.9147183711379512,dem,processHeat_low
NO,hh0527,0.9090089503765739,dem,processHeat_low
NO,hh0528,0.9032067356897642,dem,processHeat_low
NO,hh0529,0.9025688700730825,dem,processHeat_low
NO,hh0530,0.9085398531437932,dem,processHeat_low
NO,hh0531,0.9165314938754818,dem,processHeat_low
NO,hh0532,0.922082198113003,dem,processHeat_low
NO,hh0533,0.914590589288764,dem,processHeat_low
NO,hh0534,0.9042459556608264,dem,processHeat_low
NO,hh0535,0.8929559201824304,dem,processHeat_low
NO,hh0536,0.8915516676429434,dem,processHeat_low
NO,hh0537,0.9031509933020061,dem,processHeat_low
NO,hh0538,0.9071972905321672,dem,processHeat_low
NO,hh0539,0.9071555601722139,dem,processHeat_low
NO,hh0540,0.9067700621289987,dem,processHeat_low
PL,hh0361,4.458753245388429,dem,processHeat_low
PL,hh0362,4.506505657548816,dem,processHeat_low
PL,hh0363,4.511432209380777,dem,processHeat_low
PL,hh0364,4.464889132335818,dem,processHeat_low
PL,hh0365,4.429559416668353,dem,processHeat_low
PL,hh0366,4.427281134069588,dem,processHeat_low
PL,hh0367,4.462508920158451,dem,processHeat_low
PL,hh0368,4.502047990078612,dem,processHeat_low
PL,hh0369,4.505567988715722,dem,processHeat_low
PL,hh0370,4.458411082870795,dem,processHeat_low
PL,hh0371,4.425069951300154,dem,processHeat_low
PL,hh0372,4.427634566068533,dem,processHeat_low
PL,hh0373,4.463922689303209,dem,processHeat_low
PL,hh0374,4.504159532954468,dem,processHeat_low
PL,hh0375,4.509907966943379,dem,processHeat_low
PL,hh0376,4.460801816132351,dem,processHeat_low
PL,hh0377,4.432199816894822,dem,processHeat_low
PL,hh0378,4.438296283690995,dem,processHeat_low
PL,hh0379,4.410942910022431,dem,processHeat_low
PL,hh0380,4.4030790791657965,dem,processHeat_low
PL,hh0381,4.410013325397403,dem,processHeat_low
PL,hh0382,4.430903059846063,dem,processHeat_low
PL,hh0383,4.45616084607761,dem,processHeat_low
PL,hh0384,4.44509800664038,dem,processHeat_low
PL,hh0385,4.414992862938898,dem,processHeat_low
PL,hh0386,4.438881028544182,dem,processHeat_low
PL,hh0387,4.463826747140631,dem,processHeat_low
PL,hh0388,4.476189855869968,dem,processHeat_low
PL,hh0389,4.487309908561879,dem,processHeat_low
PL,hh0390,4.470591995020373,dem,processHeat_low
PL,hh0391,4.439385509686714,dem,processHeat_low
PL,hh0392,4.435440425874951,dem,processHeat_low
PL,hh0393,4.438237312544394,dem,processHeat_low
PL,hh0394,4.463998698541454,dem,processHeat_low
PL,hh0395,4.487247828141326,dem,processHeat_low
PL,hh0396,4.469518512503127,dem,processHeat_low
PL,hh0397,4.441004897191756,dem,processHeat_low
PL,hh0398,4.435295844689116,dem,processHeat_low
PL,hh0399,4.4396197292305635,dem,processHeat_low
PL,hh0400,4.471115826919384,dem,processHeat_low
PL,hh0401,4.506179504258802,dem,processHeat_low
PL,hh0402,4.488172417691986,dem,processHeat_low
PL,hh0403,4.460282641382698,dem,processHeat_low
PL,hh0404,4.453839574261021,dem,processHeat_low
PL,hh0405,4.453964018728512,dem,processHeat_low
PL,hh0406,4.482170746461458,dem,processHeat_low
PL,hh0407,4.51083763298312,dem,processHeat_low
PL,hh0408,4.44122211488669,dem,processHeat_low
PL,hh0409,4.402250542715288,dem,processHeat_low
PL,hh0410,4.395023730490658,dem,processHeat_low
PL,hh0411,4.404070195235252,dem,processHeat_low
PL,hh0412,4.422646368995439,dem,processHeat_low
PL,hh0413,4.392575882727016,dem,processHeat_low
PL,hh0414,4.362820943280608,dem,processHeat_low
PL,hh0415,4.380294958497204,dem,processHeat_low
PL,hh0416,4.39014831145593,dem,processHeat_low
PL,hh0417,4.40456252103832,dem,processHeat_low
PL,hh0418,4.427671662370211,dem,processHeat_low
PL,hh0419,4.395331197204912,dem,processHeat_low
PL,hh0420,4.377913682535755,dem,processHeat_low
PL,hh0421,4.42667984008694,dem,processHeat_low
PL,hh0422,4.434440571082665,dem,processHeat_low
PL,hh0423,4.460792207974361,dem,processHeat_low
PL,hh0424,4.485061505899559,dem,processHeat_low
PL,hh0425,4.494827567380604,dem,processHeat_low
PL,hh0426,4.481959662539546,dem,processHeat_low
PL,hh0427,4.44004321613154,dem,processHeat_low
PL,hh0428,4.434440571082665,dem,processHeat_low
PL,hh0429,4.460792207974361,dem,processHeat_low
PL,hh0430,4.488476489992194,dem,processHeat_low
PL,hh0431,4.499945098203006,dem,processHeat_low
PL,hh0432,4.476057081407434,dem,processHeat_low
PL,hh0433,4.4150074591230055,dem,processHeat_low
PL,hh0434,4.399045868490752,dem,processHeat_low
PL,hh0435,4.421974488982939,dem,processHeat_low
PL,hh0436,4.450101557620966,dem,processHeat_low
PL,hh0437,4.460952998634731,dem,processHeat_low
PL,hh0438,4.4414275238482,dem,processHeat_low
PL,hh0439,4.400799760270116,dem,processHeat_low
PL,hh0440,4.370145300596363,dem,processHeat_low
PL,hh0441,4.359936134324992,dem,processHeat_low
PL,hh0442,4.384725535275892,dem,processHeat_low
PL,hh0443,4.396760578522463,dem,processHeat_low
PL,hh0444,4.3835978826612045,dem,processHeat_low
PL,hh0445,4.359172165391852,dem,processHeat_low
PL,hh0446,4.366120088032621,dem,processHeat_low
PL,hh0447,4.403124326404478,dem,processHeat_low
PL,hh0448,4.427779477311867,dem,processHeat_low
PL,hh0449,4.432583716607025,dem,processHeat_low
PL,hh0450,4.412016715364635,dem,processHeat_low
PL,hh0451,4.420806893158731,dem,processHeat_low
PL,hh0452,4.458075180805334,dem,processHeat_low
PL,hh0453,4.5089037881254885,dem,processHeat_low
PL,hh0454,4.539967831036298,dem,processHeat_low
PL,hh0455,4.472015154705403,dem,processHeat_low
PL,hh0456,4.412657196759962,dem,processHeat_low
PL,hh0457,4.450249249056713,dem,processHeat_low
PL,hh0458,4.473317457136243,dem,processHeat_low
PL,hh0459,4.488519316762858,dem,processHeat_low
PL,hh0460,4.503408351220818,dem,processHeat_low
PL,hh0461,4.455384720406135,dem,processHeat_low
PL,hh0462,4.417494041571931,dem,processHeat_low
PL,hh0463,4.431516947613912,dem,processHeat_low
PL,hh0464,4.473829167232441,dem,processHeat_low
PL,hh0465,4.485273989039303,dem,processHeat_low
PL,hh0466,4.509851054357851,dem,processHeat_low
PL,hh0467,4.475782636796877,dem,processHeat_low
PL,hh0468,4.432074920984592,dem,processHeat_low
PL,hh0469,4.452852184830557,dem,processHeat_low
PL,hh0470,4.484179368608529,dem,processHeat_low
PL,hh0471,4.491398440699962,dem,processHeat_low
PL,hh0472,4.514258706926393,dem,processHeat_low
PL,hh0473,4.481677049512601,dem,processHeat_low
PL,hh0474,4.435033475051619,dem,processHeat_low
PL,hh0475,4.451790837849954,dem,processHeat_low
PL,hh0476,4.484179368608529,dem,processHeat_low
PL,hh0477,4.484187593026583,dem,processHeat_low
PL,hh0478,4.498526008663184,dem,processHeat_low
PL,hh0479,4.459587957174591,dem,processHeat_low
PL,hh0480,4.417233113677217,dem,processHeat_low
PL,hh0481,4.43001449276503,dem,processHeat_low
PL,hh0482,4.453708608355627,dem,processHeat_low
PL,hh0483,4.459814063470506,dem,processHeat_low
PL,hh0484,4.511430899489179,dem,processHeat_low
PL,hh0485,4.499928064167143,dem,processHeat_low
PL,hh0486,4.468394027382496,dem,processHeat_low
PL,hh0487,4.448812860636229,dem,processHeat_low
PL,hh0488,4.429364342787041,dem,processHeat_low
PL,hh0489,4.44810836604476,dem,processHeat_low
PL,hh0490,4.488794296754385,dem,processHeat_low
PL,hh0491,4.475569638234381,dem,processHeat_low
PL,hh0492,4.462168997791396,dem,processHeat_low
PL,hh0493,4.4664128166764,dem,processHeat_low
PL,hh0494,4.470935812840305,dem,processHeat_low
PL,hh0495,4.5044739173194674,dem,processHeat_low
PL,hh0496,4.484453881713882,dem,processHeat_low
PL,hh0497,4.448850138478268,dem,processHeat_low
PL,hh0498,4.457121371879275,dem,processHeat_low
PL,hh0499,4.461868862480825,dem,processHeat_low
PL,hh0500,4.470366389564124,dem,processHeat_low
PL,hh0501,4.508090613739151,dem,processHeat_low
PL,hh0502,4.499090021457597,dem,processHeat_low
PL,hh0503,4.432955603764762,dem,processHeat_low
PL,hh0504,4.398831370551544,dem,processHeat_low
PL,hh0505,4.394306285036038,dem,processHeat_low
PL,hh0506,4.389557060060157,dem,processHeat_low
PL,hh0507,4.406709722445984,dem,processHeat_low
PL,hh0508,4.424592731266808,dem,processHeat_low
PL,hh0509,4.41672863550357,dem,processHeat_low
PL,hh0510,4.372494689726292,dem,processHeat_low
PL,hh0511,4.35688726582007,dem,processHeat_low
PL,hh0512,4.385503951677645,dem,processHeat_low
PL,hh0513,4.419195245502616,dem,processHeat_low
PL,hh0514,4.443527441472368,dem,processHeat_low
PL,hh0515,4.442081807489563,dem,processHeat_low
PL,hh0516,4.408985082717172,dem,processHeat_low
PL,hh0517,4.380865349716419,dem,processHeat_low
PL,hh0518,4.381958137865395,dem,processHeat_low
PL,hh0519,4.418428379797695,dem,processHeat_low
PL,hh0520,4.442287648009212,dem,processHeat_low
PL,hh0521,4.4156224057536075,dem,processHeat_low
PL,hh0522,4.371986302605491,dem,processHeat_low
PL,hh0523,4.3597429551463875,dem,processHeat_low
PL,hh0524,4.390865010041111,dem,processHeat_low
PL,hh0525,4.436414843097822,dem,processHeat_low
PL,hh0526,4.473752238401635,dem,processHeat_low
PL,hh0527,4.4344846693225115,dem,processHeat_low
PL,hh0528,4.382526744119731,dem,processHeat_low
PL,hh0529,4.407673098539443,dem,processHeat_low
PL,hh0530,4.459861891399927,dem,processHeat_low
PL,hh0531,4.499391081298079,dem,processHeat_low
PL,hh0532,4.535471756914846,dem,processHeat_low
PL,hh0533,4.482154644677938,dem,processHeat_low
PL,hh0534,4.415560880752878,dem,processHeat_low
PL,hh0535,4.381798893756182,dem,processHeat_low
PL,hh0536,4.388898640643572,dem,processHeat_low
PL,hh0537,4.453238259909257,dem,processHeat_low
PL,hh0538,4.476351099420907,dem,processHeat_low
PL,hh0539,4.483656468857118,dem,processHeat_low
PL,hh0540,4.474755164618743,dem,processHeat_low
PT,hh0361,1.9381180374966789,dem,processHeat_low
PT,hh0362,1.960246727437152,dem,processHeat_low
PT,hh0363,1.95518658531455,dem,processHeat_low
PT,hh0364,1.9308707204136226,dem,processHeat_low
PT,hh0365,1.924096167253083,dem,processHeat_low
PT,hh0366,1.9266740778357416,dem,processHeat_low
PT,hh0367,1.938200329659594,dem,processHeat_low
PT,hh0368,1.9542887096476989,dem,processHeat_low
PT,hh0369,1.9473216695851079,dem,processHeat_low
PT,hh0370,1.9221176933797324,dem,processHeat_low
PT,hh0371,1.9180318802373222,dem,processHeat_low
PT,hh0372,1.9271481879050043,dem,processHeat_low
PT,hh0373,1.9401001977339547,dem,processHeat_low
PT,hh0374,1.9571127772478576,dem,processHeat_low
PT,hh0375,1.953145421451154,dem,processHeat_low
PT,hh0376,1.9268942576700283,dem,processHeat_low
PT,hh0377,1.9208270920580617,dem,processHeat_low
PT,hh0378,1.9292985569891243,dem,processHeat_low
PT,hh0379,1.9017831448309153,dem,processHeat_low
PT,hh0380,1.8939893829237917,dem,processHeat_low
PT,hh0381,1.9063896249044774,dem,processHeat_low
PT,hh0382,1.9197488547997636,dem,processHeat_low
PT,hh0383,1.9369829430925165,dem,processHeat_low
PT,hh0384,1.9269306721262183,dem,processHeat_low
PT,hh0385,1.9006454548989495,dem,processHeat_low
PT,hh0386,1.9164539383627925,dem,processHeat_low
PT,hh0387,1.9402173298876733,dem,processHeat_low
PT,hh0388,1.952546581702336,dem,processHeat_low
PT,hh0389,1.9652511453277839,dem,processHeat_low
PT,hh0390,1.9531926718236718,dem,processHeat_low
PT,hh0391,1.9276194349213256,dem,processHeat_low
PT,hh0392,1.9251624795087992,dem,processHeat_low
PT,hh0393,1.9342777043430033,dem,processHeat_low
PT,hh0394,1.9494050208159024,dem,processHeat_low
PT,hh0395,1.9643524706025346,dem,processHeat_low
PT,hh0396,1.948466481712785,dem,processHeat_low
PT,hh0397,1.9214813646995026,dem,processHeat_low
PT,hh0398,1.9183002857125757,dem,processHeat_low
PT,hh0399,1.9278400616703948,dem,processHeat_low
PT,hh0400,1.9441120440033046,dem,processHeat_low
PT,hh0401,1.9641789013285234,dem,processHeat_low
PT,hh0402,1.9530958890736656,dem,processHeat_low
PT,hh0403,1.927836439524981,dem,processHeat_low
PT,hh0404,1.9252613352746266,dem,processHeat_low
PT,hh0405,1.9339799593863063,dem,processHeat_low
PT,hh0406,1.9557057945457927,dem,processHeat_low
PT,hh0407,1.9786644346295361,dem,processHeat_low
PT,hh0408,1.929948664501353,dem,processHeat_low
PT,hh0409,1.8915715558832744,dem,processHeat_low
PT,hh0410,1.8829719275472598,dem,processHeat_low
PT,hh0411,1.8941452560457037,dem,processHeat_low
PT,hh0412,1.9108343692769267,dem,processHeat_low
PT,hh0413,1.8976089927564317,dem,processHeat_low
PT,hh0414,1.8744808801293402,dem,processHeat_low
PT,hh0415,1.8751206949091284,dem,processHeat_low
PT,hh0416,1.8837386104696634,dem,processHeat_low
PT,hh0417,1.8998046621154572,dem,processHeat_low
PT,hh0418,1.9187030672401306,dem,processHeat_low
PT,hh0419,1.9028505294063507,dem,processHeat_low
PT,hh0420,1.885029018501882,dem,processHeat_low
PT,hh0421,1.9150926232077836,dem,processHeat_low
PT,hh0422,1.9145774566932232,dem,processHeat_low
PT,hh0423,1.9254070455135661,dem,processHeat_low
PT,hh0424,1.9421917129720896,dem,processHeat_low
PT,hh0425,1.962873893881806,dem,processHeat_low
PT,hh0426,1.9601591781311072,dem,processHeat_low
PT,hh0427,1.9269555505716198,dem,processHeat_low
PT,hh0428,1.9145774566932232,dem,processHeat_low
PT,hh0429,1.9254070455135661,dem,processHeat_low
PT,hh0430,1.9421917129720896,dem,processHeat_low
PT,hh0431,1.962873893881806,dem,processHeat_low
PT,hh0432,1.9587883697022335,dem,processHeat_low
PT,hh0433,1.9217876650882317,dem,processHeat_low
PT,hh0434,1.9052929306544684,dem,processHeat_low
PT,hh0435,1.9108886458461711,dem,processHeat_low
PT,hh0436,1.9259969647855542,dem,processHeat_low
PT,hh0437,1.9466038161754113,dem,processHeat_low
PT,hh0438,1.9447727079414108,dem,processHeat_low
PT,hh0439,1.9111776553118034,dem,processHeat_low
PT,hh0440,1.8835760768788532,dem,processHeat_low
PT,hh0441,1.8716479337672354,dem,processHeat_low
PT,hh0442,1.8854022797631842,dem,processHeat_low
PT,hh0443,1.906492774297476,dem,processHeat_low
PT,hh0444,1.9053082800792254,dem,processHeat_low
PT,hh0445,1.8755734992346333,dem,processHeat_low
PT,hh0446,1.868629406767468,dem,processHeat_low
PT,hh0447,1.8883166417008397,dem,processHeat_low
PT,hh0448,1.9038364037833162,dem,processHeat_low
PT,hh0449,1.9158096535966251,dem,processHeat_low
PT,hh0450,1.9090873398190524,dem,processHeat_low
PT,hh0451,1.9110833479071516,dem,processHeat_low
PT,hh0452,1.9261944547542953,dem,processHeat_low
PT,hh0453,1.95350203687849,dem,processHeat_low
PT,hh0454,1.9720642251159006,dem,processHeat_low
PT,hh0455,1.9389922248192306,dem,processHeat_low
PT,hh0456,1.90744047978842,dem,processHeat_low
PT,hh0457,1.9183818580495426,dem,processHeat_low
PT,hh0458,1.9301615494814541,dem,processHeat_low
PT,hh0459,1.9483724857309426,dem,processHeat_low
PT,hh0460,1.963311921267632,dem,processHeat_low
PT,hh0461,1.934821899988492,dem,processHeat_low
PT,hh0462,1.910648586881507,dem,processHeat_low
PT,hh0463,1.9111878448593416,dem,processHeat_low
PT,hh0464,1.9349223485169205,dem,processHeat_low
PT,hh0465,1.9505884044992854,dem,processHeat_low
PT,hh0466,1.9743035766159664,dem,processHeat_low
PT,hh0467,1.9572906335279185,dem,processHeat_low
PT,hh0468,1.923439909984154,dem,processHeat_low
PT,hh0469,1.9234618705140747,dem,processHeat_low
PT,hh0470,1.936941211291014,dem,processHeat_low
PT,hh0471,1.9496442450381437,dem,processHeat_low
PT,hh0472,1.9733696875673559,dem,processHeat_low
PT,hh0473,1.9560345558556946,dem,processHeat_low
PT,hh0474,1.9228019266729461,dem,processHeat_low
PT,hh0475,1.9220260896208856,dem,processHeat_low
PT,hh0476,1.936941211291014,dem,processHeat_low
PT,hh0477,1.949252953570067,dem,processHeat_low
PT,hh0478,1.971817364058552,dem,processHeat_low
PT,hh0479,1.9503481054980512,dem,processHeat_low
PT,hh0480,1.9156337873555458,dem,processHeat_low
PT,hh0481,1.9148553013355922,dem,processHeat_low
PT,hh0482,1.9290292298728673,dem,processHeat_low
PT,hh0483,1.942956405791847,dem,processHeat_low
PT,hh0484,1.9751125653465351,dem,processHeat_low
PT,hh0485,1.9607267805640731,dem,processHeat_low
PT,hh0486,1.928953697904035,dem,processHeat_low
PT,hh0487,1.918302742718879,dem,processHeat_low
PT,hh0488,1.9128374569054358,dem,processHeat_low
PT,hh0489,1.9294642300747,dem,processHeat_low
PT,hh0490,1.9586311808880055,dem,processHeat_low
PT,hh0491,1.944327886138126,dem,processHeat_low
PT,hh0492,1.9232761632010806,dem,processHeat_low
PT,hh0493,1.9270690068806289,dem,processHeat_low
PT,hh0494,1.9361923783653765,dem,processHeat_low
PT,hh0495,1.9617406032211875,dem,processHeat_low
PT,hh0496,1.9555292900959103,dem,processHeat_low
PT,hh0497,1.928966329348441,dem,processHeat_low
PT,hh0498,1.9232194607629935,dem,processHeat_low
PT,hh0499,1.9278642258714171,dem,processHeat_low
PT,hh0500,1.9361923783653765,dem,processHeat_low
PT,hh0501,1.9622419383122178,dem,processHeat_low
PT,hh0502,1.9564496225311814,dem,processHeat_low
PT,hh0503,1.9212380252874937,dem,processHeat_low
PT,hh0504,1.8971124099907684,dem,processHeat_low
PT,hh0505,1.904309797904716,dem,processHeat_low
PT,hh0506,1.9070923149602095,dem,processHeat_low
PT,hh0507,1.9118361973132778,dem,processHeat_low
PT,hh0508,1.9227201556259388,dem,processHeat_low
PT,hh0509,1.917353298321359,dem,processHeat_low
PT,hh0510,1.8897046350402888,dem,processHeat_low
PT,hh0511,1.8854469713733124,dem,processHeat_low
PT,hh0512,1.8967289819638609,dem,processHeat_low
PT,hh0513,1.9068574974999137,dem,processHeat_low
PT,hh0514,1.9260356127897467,dem,processHeat_low
PT,hh0515,1.9284280491101526,dem,processHeat_low
PT,hh0516,1.904987136096679,dem,processHeat_low
PT,hh0517,1.8883979426791484,dem,processHeat_low
PT,hh0518,1.8860706276063866,dem,processHeat_low
PT,hh0519,1.9063306012749308,dem,processHeat_low
PT,hh0520,1.9251779292044375,dem,processHeat_low
PT,hh0521,1.9142820763099735,dem,processHeat_low
PT,hh0522,1.8897121265727037,dem,processHeat_low
PT,hh0523,1.8818139797758704,dem,processHeat_low
PT,hh0524,1.8976256031855883,dem,processHeat_low
PT,hh0525,1.9158005280314683,dem,processHeat_low
PT,hh0526,1.935957612119637,dem,processHeat_low
PT,hh0527,1.9262449222769646,dem,processHeat_low
PT,hh0528,1.8986338574140973,dem,processHeat_low
PT,hh0529,1.9051885426542867,dem,processHeat_low
PT,hh0530,1.9292603791627698,dem,processHeat_low
PT,hh0531,1.9496734341164483,dem,processHeat_low
PT,hh0532,1.9740933070597748,dem,processHeat_low
PT,hh0533,1.9574504116399112,dem,processHeat_low
PT,hh0534,1.9253235756696085,dem,processHeat_low
PT,hh0535,1.8991547339628596,dem,processHeat_low
PT,hh0536,1.8978792246707599,dem,processHeat_low
PT,hh0537,1.9309457725667016,dem,processHeat_low
PT,hh0538,1.947473810718293,dem,processHeat_low
PT,hh0539,1.9679084506142317,dem,processHeat_low
PT,hh0540,1.9676165370128729,dem,processHeat_low
RO,hh0361,1.042325154657472,dem,processHeat_low
RO,hh0362,1.0545427589483305,dem,processHeat_low
RO,hh0363,1.0548232442847891,dem,processHeat_low
RO,hh0364,1.0422981411912289,dem,processHeat_low
RO,hh0365,1.0341309076692502,dem,processHeat_low
RO,hh0366,1.0343647902204176,dem,processHeat_low
RO,hh0367,1.0434592927983029,dem,processHeat_low
RO,hh0368,1.0543953683434417,dem,processHeat_low
RO,hh0369,1.0546293077497473,dem,processHeat_low
RO,hh0370,1.0420847373437983,dem,processHeat_low
RO,hh0371,1.0339834320484353,dem,processHeat_low
RO,hh0372,1.0343764304373424,dem,processHeat_low
RO,hh0373,1.043505853494303,dem,processHeat_low
RO,hh0374,1.0544651844968873,dem,processHeat_low
RO,hh0375,1.0547728213326772,dem,processHeat_low
RO,hh0376,1.042056973075197,dem,processHeat_low
RO,hh0377,1.0344669273860083,dem,processHeat_low
RO,hh0378,1.035349077051773,dem,processHeat_low
RO,hh0379,1.0284789849060199,dem,processHeat_low
RO,hh0380,1.0251973220411537,dem,processHeat_low
RO,hh0381,1.0265490145419036,dem,processHeat_low
RO,hh0382,1.0330820675414905,dem,processHeat_low
RO,hh0383,1.0420399417909223,dem,processHeat_low
RO,hh0384,1.0391445318631811,dem,processHeat_low
RO,hh0385,1.0299198666226577,dem,processHeat_low
RO,hh0386,1.0348355296472107,dem,processHeat_low
RO,hh0387,1.041065027651855,dem,processHeat_low
RO,hh0388,1.0455133904936569,dem,processHeat_low
RO,hh0389,1.0508654842162608,dem,processHeat_low
RO,hh0390,1.0464961152922494,dem,processHeat_low
RO,hh0391,1.0370063220537902,dem,processHeat_low
RO,hh0392,1.0343871859555518,dem,processHeat_low
RO,hh0393,1.034604044080407,dem,processHeat_low
RO,hh0394,1.0424168509253493,dem,processHeat_low
RO,hh0395,1.0510318162167158,dem,processHeat_low
RO,hh0396,1.0471343714740167,dem,processHeat_low
RO,hh0397,1.038744024680508,dem,processHeat_low
RO,hh0398,1.0357301003960164,dem,processHeat_low
RO,hh0399,1.036334075477682,dem,processHeat_low
RO,hh0400,1.0456829538958563,dem,processHeat_low
RO,hh0401,1.0569918291268414,dem,processHeat_low
RO,hh0402,1.05294215105883,dem,processHeat_low
RO,hh0403,1.044288597722326,dem,processHeat_low
RO,hh0404,1.0410289272744397,dem,processHeat_low
RO,hh0405,1.0407145015391133,dem,processHeat_low
RO,hh0406,1.0479343322335055,dem,processHeat_low
RO,hh0407,1.0565600140249831,dem,processHeat_low
RO,hh0408,1.038092565625033,dem,processHeat_low
RO,hh0409,1.0268294570165102,dem,processHeat_low
RO,hh0410,1.0249333498052675,dem,processHeat_low
RO,hh0411,1.0276905036262969,dem,processHeat_low
RO,hh0412,1.032766173877079,dem,processHeat_low
RO,hh0413,1.025494309997133,dem,processHeat_low
RO,hh0414,1.0185480092394759,dem,processHeat_low
RO,hh0415,1.0228409221179458,dem,processHeat_low
RO,hh0416,1.024896242970088,dem,processHeat_low
RO,hh0417,1.0287886910497441,dem,processHeat_low
RO,hh0418,1.034963813245,dem,processHeat_low
RO,hh0419,1.0268864831110807,dem,processHeat_low
RO,hh0420,1.0214823037240688,dem,processHeat_low
RO,hh0421,1.033149227833316,dem,processHeat_low
RO,hh0422,1.0344958385009257,dem,processHeat_low
RO,hh0423,1.0412885117115243,dem,processHeat_low
RO,hh0424,1.0480689020252663,dem,processHeat_low
RO,hh0425,1.0515105476688738,dem,processHeat_low
RO,hh0426,1.0479463419828843,dem,processHeat_low
RO,hh0427,1.0365257077804813,dem,processHeat_low
RO,hh0428,1.0344958385009257,dem,processHeat_low
RO,hh0429,1.0412885117115243,dem,processHeat_low
RO,hh0430,1.0485012800288935,dem,processHeat_low
RO,hh0431,1.0521590542319972,dem,processHeat_low
RO,hh0432,1.0465196116795548,dem,processHeat_low
RO,hh0433,1.0308436588052552,dem,processHeat_low
RO,hh0434,1.0266827066312136,dem,processHeat_low
RO,hh0435,1.0329543180667522,dem,processHeat_low
RO,hh0436,1.0402247585159587,dem,processHeat_low
RO,hh0437,1.0440387128103332,dem,processHeat_low
RO,hh0438,1.039908866876805,dem,processHeat_low
RO,hh0439,1.0289918901949813,dem,processHeat_low
RO,hh0440,1.0199522974455073,dem,processHeat_low
RO,hh0441,1.0169135945006742,dem,processHeat_low
RO,hh0442,1.0232505456021717,dem,processHeat_low
RO,hh0443,1.026979166052056,dem,processHeat_low
RO,hh0444,1.024168353775302,dem,processHeat_low
RO,hh0445,1.0167924050901709,dem,processHeat_low
RO,hh0446,1.0174502402685268,dem,processHeat_low
RO,hh0447,1.026032800975312,dem,processHeat_low
RO,hh0448,1.0322535505867678,dem,processHeat_low
RO,hh0449,1.0356918396986048,dem,processHeat_low
RO,hh0450,1.031788207223256,dem,processHeat_low
RO,hh0451,1.03379265175488,dem,processHeat_low
RO,hh0452,1.0422916346281899,dem,processHeat_low
RO,hh0453,1.0548964911891408,dem,processHeat_low
RO,hh0454,1.063112532277619,dem,processHeat_low
RO,hh0455,1.0467859343870018,dem,processHeat_low
RO,hh0456,1.0323146390584226,dem,processHeat_low
RO,hh0457,1.0413298416377452,dem,processHeat_low
RO,hh0458,1.0461621658933637,dem,processHeat_low
RO,hh0459,1.049676567968127,dem,processHeat_low
RO,hh0460,1.0536529706865911,dem,processHeat_low
RO,hh0461,1.0425326547236702,dem,processHeat_low
RO,hh0462,1.0331472132089743,dem,processHeat_low
RO,hh0463,1.0355270063946385,dem,processHeat_low
RO,hh0464,1.0456028176601664,dem,processHeat_low
RO,hh0465,1.0484482362365175,dem,processHeat_low
RO,hh0466,1.054803957862639,dem,processHeat_low
RO,hh0467,1.0473299444615718,dem,processHeat_low
RO,hh0468,1.0360432728941316,dem,processHeat_low
RO,hh0469,1.0399405645064759,dem,processHeat_low
RO,hh0470,1.0474739699297881,dem,processHeat_low
RO,hh0471,1.0492897107174979,dem,processHeat_low
RO,hh0472,1.0554291380484015,dem,processHeat_low
RO,hh0473,1.0481636859013437,dem,processHeat_low
RO,hh0474,1.036460265627112,dem,processHeat_low
RO,hh0475,1.0399056407597536,dem,processHeat_low
RO,hh0476,1.0474739699297881,dem,processHeat_low
RO,hh0477,1.048182104636719,dem,processHeat_low
RO,hh0478,1.0526564673407532,dem,processHeat_low
RO,hh0479,1.0425515726410755,dem,processHeat_low
RO,hh0480,1.0307168791475076,dem,processHeat_low
RO,hh0481,1.0336581706584809,dem,processHeat_low
RO,hh0482,1.039732834284783,dem,processHeat_low
RO,hh0483,1.0419893651173602,dem,processHeat_low
RO,hh0484,1.0559454167112317,dem,processHeat_low
RO,hh0485,1.0528075421188412,dem,processHeat_low
RO,hh0486,1.0436856044636684,dem,processHeat_low
RO,hh0487,1.0385476421630715,dem,processHeat_low
RO,hh0488,1.033696809125356,dem,processHeat_low
RO,hh0489,1.039124135488841,dem,processHeat_low
RO,hh0490,1.0503610100539698,dem,processHeat_low
RO,hh0491,1.0466614670334302,dem,processHeat_low
RO,hh0492,1.0425899896570912,dem,processHeat_low
RO,hh0493,1.0440251067081532,dem,processHeat_low
RO,hh0494,1.0457517406828052,dem,processHeat_low
RO,hh0495,1.0552291943949281,dem,processHeat_low
RO,hh0496,1.0493274740563203,dem,processHeat_low
RO,hh0497,1.0394412961353316,dem,processHeat_low
RO,hh0498,1.041605505817633,dem,processHeat_low
RO,hh0499,1.0433958567498904,dem,processHeat_low
RO,hh0500,1.045679678567284,dem,processHeat_low
RO,hh0501,1.056651024821459,dem,processHeat_low
RO,hh0502,1.054666370675893,dem,processHeat_low
RO,hh0503,1.0368612466709144,dem,processHeat_low
RO,hh0504,1.027550056999568,dem,processHeat_low
RO,hh0505,1.0255452405386472,dem,processHeat_low
RO,hh0506,1.0237622848333225,dem,processHeat_low
RO,hh0507,1.0273113890755414,dem,processHeat_low
RO,hh0508,1.032688546896362,dem,processHeat_low
RO,hh0509,1.0302745391994894,dem,processHeat_low
RO,hh0510,1.0188322764918343,dem,processHeat_low
RO,hh0511,1.0157071168525316,dem,processHeat_low
RO,hh0512,1.0236859784303027,dem,processHeat_low
RO,hh0513,1.0327901506220512,dem,processHeat_low
RO,hh0514,1.0385409516906834,dem,processHeat_low
RO,hh0515,1.0373056885582663,dem,processHeat_low
RO,hh0516,1.0284177882055976,dem,processHeat_low
RO,hh0517,1.0232291161582543,dem,processHeat_low
RO,hh0518,1.0241361964984774,dem,processHeat_low
RO,hh0519,1.0321053293888305,dem,processHeat_low
RO,hh0520,1.0373400493659406,dem,processHeat_low
RO,hh0521,1.029428345255494,dem,processHeat_low
RO,hh0522,1.0178853886105028,dem,processHeat_low
RO,hh0523,1.0167038234294612,dem,processHeat_low
RO,hh0524,1.025353659014785,dem,processHeat_low
RO,hh0525,1.0359563238766074,dem,processHeat_low
RO,hh0526,1.044780866480199,dem,processHeat_low
RO,hh0527,1.034915936351704,dem,processHeat_low
RO,hh0528,1.0210754749599027,dem,processHeat_low
RO,hh0529,1.027612681567474,dem,processHeat_low
RO,hh0530,1.041234580180138,dem,processHeat_low
RO,hh0531,1.051742855468096,dem,processHeat_low
RO,hh0532,1.0615102801584357,dem,processHeat_low
RO,hh0533,1.0481262702508902,dem,processHeat_low
RO,hh0534,1.0306155227918603,dem,processHeat_low
RO,hh0535,1.0214432708901344,dem,processHeat_low
RO,hh0536,1.0231066844344858,dem,processHeat_low
RO,hh0537,1.0397057603778475,dem,processHeat_low
RO,hh0538,1.0459272007300833,dem,processHeat_low
RO,hh0539,1.0489593710455427,dem,processHeat_low
RO,hh0540,1.0468372453981356,dem,processHeat_low
RS,hh0361,0.7899682988045242,dem,processHeat_low
RS,hh0362,0.7983268059306283,dem,processHeat_low
RS,hh0363,0.8025936199933312,dem,processHeat_low
RS,hh0364,0.8017500366631793,dem,processHeat_low
RS,hh0365,0.7959492060185767,dem,processHeat_low
RS,hh0366,0.7898029474104078,dem,processHeat_low
RS,hh0367,0.7906537567923806,dem,processHeat_low
RS,hh0368,0.7932368330830286,dem,processHeat_low
RS,hh0369,0.7959211146007874,dem,processHeat_low
RS,hh0370,0.7944004342393782,dem,processHeat_low
RS,hh0371,0.7908463339813352,dem,processHeat_low
RS,hh0372,0.7902075821848484,dem,processHeat_low
RS,hh0373,0.7922700066296784,dem,processHeat_low
RS,hh0374,0.795651235137484,dem,processHeat_low
RS,hh0375,0.8008634419065856,dem,processHeat_low
RS,hh0376,0.798340191753141,dem,processHeat_low
RS,hh0377,0.7934164675439206,dem,processHeat_low
RS,hh0378,0.792507071365435,dem,processHeat_low
RS,hh0379,0.7913149406649609,dem,processHeat_low
RS,hh0380,0.792583390535583,dem,processHeat_low
RS,hh0381,0.7908577473676814,dem,processHeat_low
RS,hh0382,0.7896503410229343,dem,processHeat_low
RS,hh0383,0.7909740385575788,dem,processHeat_low
RS,hh0384,0.7926157449001039,dem,processHeat_low
RS,hh0385,0.7932448700285022,dem,processHeat_low
RS,hh0386,0.7963090039856979,dem,processHeat_low
RS,hh0387,0.7962816050139736,dem,processHeat_low
RS,hh0388,0.7911543272289236,dem,processHeat_low
RS,hh0389,0.7879500466528953,dem,processHeat_low
RS,hh0390,0.7880433158957203,dem,processHeat_low
RS,hh0391,0.7877879272114114,dem,processHeat_low
RS,hh0392,0.7885295131322891,dem,processHeat_low
RS,hh0393,0.7867460784013929,dem,processHeat_low
RS,hh0394,0.7868188707334411,dem,processHeat_low
RS,hh0395,0.7872748098538978,dem,processHeat_low
RS,hh0396,0.7843894793604704,dem,processHeat_low
RS,hh0397,0.7835971130207326,dem,processHeat_low
RS,hh0398,0.783525464989907,dem,processHeat_low
RS,hh0399,0.7822783609658472,dem,processHeat_low
RS,hh0400,0.7841252782982338,dem,processHeat_low
RS,hh0401,0.7903770737702871,dem,processHeat_low
RS,hh0402,0.7914797520052161,dem,processHeat_low
RS,hh0403,0.7919408253251277,dem,processHeat_low
RS,hh0404,0.7922341488460916,dem,processHeat_low
RS,hh0405,0.7898400640137879,dem,processHeat_low
RS,hh0406,0.795150569348607,dem,processHeat_low
RS,hh0407,0.8024111454328704,dem,processHeat_low
RS,hh0408,0.7956959607281533,dem,processHeat_low
RS,hh0409,0.7904492768702767,dem,processHeat_low
RS,hh0410,0.7833879627105489,dem,processHeat_low
RS,hh0411,0.7781526738745015,dem,processHeat_low
RS,hh0412,0.7820439593961055,dem,processHeat_low
RS,hh0413,0.7841268346492143,dem,processHeat_low
RS,hh0414,0.7814600355509356,dem,processHeat_low
RS,hh0415,0.7821985816062806,dem,processHeat_low
RS,hh0416,0.7797467933542066,dem,processHeat_low
RS,hh0417,0.7781365294035822,dem,processHeat_low
RS,hh0418,0.7834547352667869,dem,processHeat_low
RS,hh0419,0.7849820443880162,dem,processHeat_low
RS,hh0420,0.7864071097610577,dem,processHeat_low
RS,hh0421,0.7889973730902966,dem,processHeat_low
RS,hh0422,0.7892854670667475,dem,processHeat_low
RS,hh0423,0.795633137517143,dem,processHeat_low
RS,hh0424,0.8006598584561289,dem,processHeat_low
RS,hh0425,0.8010044138072772,dem,processHeat_low
RS,hh0426,0.7978560865085456,dem,processHeat_low
RS,hh0427,0.7901484342155527,dem,processHeat_low
RS,hh0428,0.7892854670667475,dem,processHeat_low
RS,hh0429,0.795633137517143,dem,processHeat_low
RS,hh0430,0.8008862368124028,dem,processHeat_low
RS,hh0431,0.8013437065355902,dem,processHeat_low
RS,hh0432,0.7959333104590769,dem,processHeat_low
RS,hh0433,0.7827299447981204,dem,processHeat_low
RS,hh0434,0.7772716144886544,dem,processHeat_low
RS,hh0435,0.7789918100779687,dem,processHeat_low
RS,hh0436,0.7828664507414942,dem,processHeat_low
RS,hh0437,0.7832206893458533,dem,processHeat_low
RS,hh0438,0.7804834476655742,dem,processHeat_low
RS,hh0439,0.7738622303018019,dem,processHeat_low
RS,hh0440,0.7704408805061576,dem,processHeat_low
RS,hh0441,0.7728390374459195,dem,processHeat_low
RS,hh0442,0.7780826330581476,dem,processHeat_low
RS,hh0443,0.7784543134416708,dem,processHeat_low
RS,hh0444,0.7769986907087514,dem,processHeat_low
RS,hh0445,0.7749661200691662,dem,processHeat_low
RS,hh0446,0.7770784478466339,dem,processHeat_low
RS,hh0447,0.7883835736647598,dem,processHeat_low
RS,hh0448,0.7939622061303453,dem,processHeat_low
RS,hh0449,0.7867362551442056,dem,processHeat_low
RS,hh0450,0.7789961606258657,dem,processHeat_low
RS,hh0451,0.7796293677147332,dem,processHeat_low
RS,hh0452,0.7862856569377072,dem,processHeat_low
RS,hh0453,0.7980984993250786,dem,processHeat_low
RS,hh0454,0.8034626683529495,dem,processHeat_low
RS,hh0455,0.78890870648911,dem,processHeat_low
RS,hh0456,0.7779054705297312,dem,processHeat_low
RS,hh0457,0.7898425262424098,dem,processHeat_low
RS,hh0458,0.7917090949354133,dem,processHeat_low
RS,hh0459,0.790965140422486,dem,processHeat_low
RS,hh0460,0.7909707046446783,dem,processHeat_low
RS,hh0461,0.7830744813481942,dem,processHeat_low
RS,hh0462,0.7810479188915451,dem,processHeat_low
RS,hh0463,0.7902195418719202,dem,processHeat_low
RS,hh0464,0.7995737542200914,dem,processHeat_low
RS,hh0465,0.7984692620202622,dem,processHeat_low
RS,hh0466,0.8009010374280479,dem,processHeat_low
RS,hh0467,0.7972263526162351,dem,processHeat_low
RS,hh0468,0.7901360155224211,dem,processHeat_low
RS,hh0469,0.7953993692767654,dem,processHeat_low
RS,hh0470,0.8001499339457041,dem,processHeat_low
RS,hh0471,0.7981217021115299,dem,processHeat_low
RS,hh0472,0.800441101204342,dem,processHeat_low
RS,hh0473,0.7966101838055692,dem,processHeat_low
RS,hh0474,0.7898256570929334,dem,processHeat_low
RS,hh0475,0.7941909961650708,dem,processHeat_low
RS,hh0476,0.8001499339457041,dem,processHeat_low
RS,hh0477,0.7972059704784442,dem,processHeat_low
RS,hh0478,0.7976536839792061,dem,processHeat_low
RS,hh0479,0.7887767641514074,dem,processHeat_low
RS,hh0480,0.7806761278757222,dem,processHeat_low
RS,hh0481,0.7848186094643097,dem,processHeat_low
RS,hh0482,0.7893751946430712,dem,processHeat_low
RS,hh0483,0.7885660331903637,dem,processHeat_low
RS,hh0484,0.8022025751070032,dem,processHeat_low
RS,hh0485,0.8030387257622351,dem,processHeat_low
RS,hh0486,0.7988250337862155,dem,processHeat_low
RS,hh0487,0.7914080863788513,dem,processHeat_low
RS,hh0488,0.7842196316901209,dem,processHeat_low
RS,hh0489,0.7883730750954783,dem,processHeat_low
RS,hh0490,0.7978705939526662,dem,processHeat_low
RS,hh0491,0.7985708150936262,dem,processHeat_low
RS,hh0492,0.795626169748175,dem,processHeat_low
RS,hh0493,0.7900707712310577,dem,processHeat_low
RS,hh0494,0.784909001725282,dem,processHeat_low
RS,hh0495,0.7905041633835026,dem,processHeat_low
RS,hh0496,0.7968112809653576,dem,processHeat_low
RS,hh0497,0.7965612024468101,dem,processHeat_low
RS,hh0498,0.7961023289094555,dem,processHeat_low
RS,hh0499,0.7904014632672443,dem,processHeat_low
RS,hh0500,0.78487061695796,dem,processHeat_low
RS,hh0501,0.7917003189409115,dem,processHeat_low
RS,hh0502,0.8004718395823147,dem,processHeat_low
RS,hh0503,0.7887462993453482,dem,processHeat_low
RS,hh0504,0.7773455777614799,dem,processHeat_low
RS,hh0505,0.779040168298252,dem,processHeat_low
RS,hh0506,0.786775818989554,dem,processHeat_low
RS,hh0507,0.7894599060091423,dem,processHeat_low
RS,hh0508,0.7823673531365785,dem,processHeat_low
RS,hh0509,0.7775935366366866,dem,processHeat_low
RS,hh0510,0.7749290545461918,dem,processHeat_low
RS,hh0511,0.7771827360197676,dem,processHeat_low
RS,hh0512,0.7813196338661328,dem,processHeat_low
RS,hh0513,0.7808794142806619,dem,processHeat_low
RS,hh0514,0.7798446372962644,dem,processHeat_low
RS,hh0515,0.781178779334823,dem,processHeat_low
RS,hh0516,0.7833084240264725,dem,processHeat_low
RS,hh0517,0.7805708160785798,dem,processHeat_low
RS,hh0518,0.7823451128365377,dem,processHeat_low
RS,hh0519,0.7906984914652639,dem,processHeat_low
RS,hh0520,0.7912112711251211,dem,processHeat_low
RS,hh0521,0.7894725612977709,dem,processHeat_low
RS,hh0522,0.787231914624499,dem,processHeat_low
RS,hh0523,0.7843472283566371,dem,processHeat_low
RS,hh0524,0.7861803900273117,dem,processHeat_low
RS,hh0525,0.7932239340771048,dem,processHeat_low
RS,hh0526,0.7978867871847797,dem,processHeat_low
RS,hh0527,0.7929065970729425,dem,processHeat_low
RS,hh0528,0.7878454650549429,dem,processHeat_low
RS,hh0529,0.7872890702524273,dem,processHeat_low
RS,hh0530,0.7924974148631918,dem,processHeat_low
RS,hh0531,0.7994683304468708,dem,processHeat_low
RS,hh0532,0.804310075961439,dem,processHeat_low
RS,hh0533,0.7977753261588987,dem,processHeat_low
RS,hh0534,0.7887519515866188,dem,processHeat_low
RS,hh0535,0.7789039257686454,dem,processHeat_low
RS,hh0536,0.7776790301263645,dem,processHeat_low
RS,hh0537,0.7877968423140373,dem,processHeat_low
RS,hh0538,0.7913263298573838,dem,processHeat_low
RS,hh0539,0.7912899294697127,dem,processHeat_low
RS,hh0540,0.7909536688189291,dem,processHeat_low
SE,hh0361,5.103229285788984,dem,processHeat_low
SE,hh0362,5.11581413465683,dem,processHeat_low
SE,hh0363,5.124379189395768,dem,processHeat_low
SE,hh0364,5.171892645059415,dem,processHeat_low
SE,hh0365,5.2068861216903315,dem,processHeat_low
SE,hh0366,5.158803383634222,dem,processHeat_low
SE,hh0367,5.08548749694819,dem,processHeat_low
SE,hh0368,5.013756274996922,dem,processHeat_low
SE,hh0369,4.9899594800263,dem,processHeat_low
SE,hh0370,5.025190627966367,dem,processHeat_low
SE,hh0371,5.10662861354831,dem,processHeat_low
SE,hh0372,5.166754220521398,dem,processHeat_low
SE,hh0373,5.11744047377033,dem,processHeat_low
SE,hh0374,5.06237199676616,dem,processHeat_low
SE,hh0375,5.089760077835308,dem,processHeat_low
SE,hh0376,5.105152687667214,dem,processHeat_low
SE,hh0377,5.162617085750753,dem,processHeat_low
SE,hh0378,5.2137887641129055,dem,processHeat_low
SE,hh0379,5.123832353439866,dem,processHeat_low
SE,hh0380,5.158249368376346,dem,processHeat_low
SE,hh0381,5.217865589054782,dem,processHeat_low
SE,hh0382,5.168212189437327,dem,processHeat_low
SE,hh0383,5.1010510414434975,dem,processHeat_low
SE,hh0384,5.092711886643883,dem,processHeat_low
SE,hh0385,5.097291660869814,dem,processHeat_low
SE,hh0386,5.170418471538142,dem,processHeat_low
SE,hh0387,5.2360945499749505,dem,processHeat_low
SE,hh0388,5.185370899211193,dem,processHeat_low
SE,hh0389,5.11524075253692,dem,processHeat_low
SE,hh0390,5.105477222128684,dem,processHeat_low
SE,hh0391,5.1100567317353125,dem,processHeat_low
SE,hh0392,5.173255801431878,dem,processHeat_low
SE,hh0393,5.231116849143291,dem,processHeat_low
SE,hh0394,5.182861086570483,dem,processHeat_low
SE,hh0395,5.0967244605071755,dem,processHeat_low
SE,hh0396,5.01199603470377,dem,processHeat_low
SE,hh0397,4.97416968485777,dem,processHeat_low
SE,hh0398,5.033354028058966,dem,processHeat_low
SE,hh0399,5.0930681582376565,dem,processHeat_low
SE,hh0400,5.036731424252139,dem,processHeat_low
SE,hh0401,4.991112575806255,dem,processHeat_low
SE,hh0402,4.979106012306147,dem,processHeat_low
SE,hh0403,4.9765854936213145,dem,processHeat_low
SE,hh0404,5.048710281242165,dem,processHeat_low
SE,hh0405,5.107030237548315,dem,processHeat_low
SE,hh0406,5.18182200550109,dem,processHeat_low
SE,hh0407,5.235068363837854,dem,processHeat_low
SE,hh0408,5.160808471082419,dem,processHeat_low
SE,hh0409,5.061222158212331,dem,processHeat_low
SE,hh0410,4.9758290008758195,dem,processHeat_low
SE,hh0411,4.957928431307664,dem,processHeat_low
SE,hh0412,5.014953108659029,dem,processHeat_low
SE,hh0413,5.059731171453677,dem,processHeat_low
SE,hh0414,4.982736682321047,dem,processHeat_low
SE,hh0415,4.9159601527517225,dem,processHeat_low
SE,hh0416,4.930660924537733,dem,processHeat_low
SE,hh0417,4.962462079321995,dem,processHeat_low
SE,hh0418,5.028723995814289,dem,processHeat_low
SE,hh0419,5.067626834434122,dem,processHeat_low
SE,hh0420,5.063130145741525,dem,processHeat_low
SE,hh0421,5.107279202380596,dem,processHeat_low
SE,hh0422,5.09247842550576,dem,processHeat_low
SE,hh0423,5.09972695471879,dem,processHeat_low
SE,hh0424,5.132883430456786,dem,processHeat_low
SE,hh0425,5.211981771648425,dem,processHeat_low
SE,hh0426,5.2349430097674485,dem,processHeat_low
SE,hh0427,5.144045607232329,dem,processHeat_low
SE,hh0428,5.09247842550576,dem,processHeat_low
SE,hh0429,5.09972695471879,dem,processHeat_low
SE,hh0430,5.134708069008411,dem,processHeat_low
SE,hh0431,5.214686332126803,dem,processHeat_low
SE,hh0432,5.233550226801526,dem,processHeat_low
SE,hh0433,5.137177601653093,dem,processHeat_low
SE,hh0434,5.048399429020719,dem,processHeat_low
SE,hh0435,4.980794156963384,dem,processHeat_low
SE,hh0436,4.990509050903711,dem,processHeat_low
SE,hh0437,5.061420211975928,dem,processHeat_low
SE,hh0438,5.085930429144355,dem,processHeat_low
SE,hh0439,4.989400098491387,dem,processHeat_low
SE,hh0440,4.944122226250329,dem,processHeat_low
SE,hh0441,4.938698494652272,dem,processHeat_low
SE,hh0442,4.965371580175997,dem,processHeat_low
SE,hh0443,5.045649869558474,dem,processHeat_low
SE,hh0444,5.0672166370986815,dem,processHeat_low
SE,hh0445,4.986195918472731,dem,processHeat_low
SE,hh0446,4.959183604991267,dem,processHeat_low
SE,hh0447,5.053290870286219,dem,processHeat_low
SE,hh0448,5.100712279083382,dem,processHeat_low
SE,hh0449,5.029407755753709,dem,processHeat_low
SE,hh0450,4.963861649392129,dem,processHeat_low
SE,hh0451,4.951145393886691,dem,processHeat_low
SE,hh0452,4.980908468700363,dem,processHeat_low
SE,hh0453,5.061065241525284,dem,processHeat_low
SE,hh0454,5.09234437179839,dem,processHeat_low
SE,hh0455,5.00048977267943,dem,processHeat_low
SE,hh0456,4.925898492982014,dem,processHeat_low
SE,hh0457,4.9493057545132615,dem,processHeat_low
SE,hh0458,4.984184179238582,dem,processHeat_low
SE,hh0459,5.059391301332653,dem,processHeat_low
SE,hh0460,5.097826569010067,dem,processHeat_low
SE,hh0461,4.9996564024659165,dem,processHeat_low
SE,hh0462,4.967738390025261,dem,processHeat_low
SE,hh0463,5.0239218846545555,dem,processHeat_low
SE,hh0464,5.107015992713059,dem,processHeat_low
SE,hh0465,5.16562504106696,dem,processHeat_low
SE,hh0466,5.247669495312948,dem,processHeat_low
SE,hh0467,5.2028838181940955,dem,processHeat_low
SE,hh0468,5.099091697815311,dem,processHeat_low
SE,hh0469,5.095679063118951,dem,processHeat_low
SE,hh0470,5.106680130435052,dem,processHeat_low
SE,hh0471,5.153449789309889,dem,processHeat_low
SE,hh0472,5.234780521086577,dem,processHeat_low
SE,hh0473,5.185525069347932,dem,processHeat_low
SE,hh0474,5.090242347652747,dem,processHeat_low
SE,hh0475,5.071592764479647,dem,processHeat_low
SE,hh0476,5.106680130435052,dem,processHeat_low
SE,hh0477,5.150105345450356,dem,processHeat_low
SE,hh0478,5.228450742961286,dem,processHeat_low
SE,hh0479,5.180967114105442,dem,processHeat_low
SE,hh0480,5.089699936042962,dem,processHeat_low
SE,hh0481,5.0688888540935295,dem,processHeat_low
SE,hh0482,5.100287112252772,dem,processHeat_low
SE,hh0483,5.145027264172313,dem,processHeat_low
SE,hh0484,5.231097997055258,dem,processHeat_low
SE,hh0485,5.189313502802179,dem,processHeat_low
SE,hh0486,5.100424111587927,dem,processHeat_low
SE,hh0487,5.056632522082509,dem,processHeat_low
SE,hh0488,5.044517422191348,dem,processHeat_low
SE,hh0489,5.092138442892974,dem,processHeat_low
SE,hh0490,5.169018404036251,dem,processHeat_low
SE,hh0491,5.139502596710372,dem,processHeat_low
SE,hh0492,5.042828671217649,dem,processHeat_low
SE,hh0493,4.993532036382021,dem,processHeat_low
SE,hh0494,4.979024609883709,dem,processHeat_low
SE,hh0495,5.029797690871419,dem,processHeat_low
SE,hh0496,5.154534656716351,dem,processHeat_low
SE,hh0497,5.145790861586647,dem,processHeat_low
SE,hh0498,5.058816783151997,dem,processHeat_low
SE,hh0499,5.0043116785109305,dem,processHeat_low
SE,hh0500,4.978710984323698,dem,processHeat_low
SE,hh0501,5.008397839961617,dem,processHeat_low
SE,hh0502,5.06613177987856,dem,processHeat_low
SE,hh0503,5.0459736626962695,dem,processHeat_low
SE,hh0504,4.95466736297567,dem,processHeat_low
SE,hh0505,5.074442739716687,dem,processHeat_low
SE,hh0506,5.198557286097639,dem,processHeat_low
SE,hh0507,5.2050320029175055,dem,processHeat_low
SE,hh0508,5.118331631343608,dem,processHeat_low
SE,hh0509,5.091773327714691,dem,processHeat_low
SE,hh0510,5.077447828447475,dem,processHeat_low
SE,hh0511,5.105867035978008,dem,processHeat_low
SE,hh0512,5.06321468407441,dem,processHeat_low
SE,hh0513,4.958595342455737,dem,processHeat_low
SE,hh0514,4.997718067901587,dem,processHeat_low
SE,hh0515,5.064897561363978,dem,processHeat_low
SE,hh0516,5.076771998124968,dem,processHeat_low
SE,hh0517,4.990972271963983,dem,processHeat_low
SE,hh0518,4.959578090700234,dem,processHeat_low
SE,hh0519,5.055849614580438,dem,processHeat_low
SE,hh0520,5.120289301845332,dem,processHeat_low
SE,hh0521,5.187949513125204,dem,processHeat_low
SE,hh0522,5.205688137986726,dem,processHeat_low
SE,hh0523,5.1129629931019736,dem,processHeat_low
SE,hh0524,5.073496844832334,dem,processHeat_low
SE,hh0525,5.089758049878583,dem,processHeat_low
SE,hh0526,5.130243991945463,dem,processHeat_low
SE,hh0527,5.192999956019776,dem,processHeat_low
SE,hh0528,5.2091178019254585,dem,processHeat_low
SE,hh0529,5.132927902199299,dem,processHeat_low
SE,hh0530,5.101066055991396,dem,processHeat_low
SE,hh0531,5.113192422682914,dem,processHeat_low
SE,hh0532,5.151518739972744,dem,processHeat_low
SE,hh0533,5.208841219939131,dem,processHeat_low
SE,hh0534,5.221011674178953,dem,processHeat_low
SE,hh0535,5.126578620454893,dem,processHeat_low
SE,hh0536,5.07995260943062,dem,processHeat_low
SE,hh0537,5.100955578818684,dem,processHeat_low
SE,hh0538,5.134854364690909,dem,processHeat_low
SE,hh0539,5.212870455165103,dem,processHeat_low
SE,hh0540,5.243071045104443,dem,processHeat_low
SI,hh0361,0.17992918626572418,dem,processHeat_low
SI,hh0362,0.1816230689769327,dem,processHeat_low
SI,hh0363,0.18201227517710095,dem,processHeat_low
SI,hh0364,0.18060161666670638,dem,processHeat_low
SI,hh0365,0.17924759701872972,dem,processHeat_low
SI,hh0366,0.17891263656463252,dem,processHeat_low
SI,hh0367,0.18000315490792218,dem,processHeat_low
SI,hh0368,0.18111477910372287,dem,processHeat_low
SI,hh0369,0.18134432513380716,dem,processHeat_low
SI,hh0370,0.17986125367463046,dem,processHeat_low
SI,hh0371,0.17873282655853018,dem,processHeat_low
SI,hh0372,0.17895306466266447,dem,processHeat_low
SI,hh0373,0.18016493475499828,dem,processHeat_low
SI,hh0374,0.1813556730653545,dem,processHeat_low
SI,hh0375,0.1818388634179655,dem,processHeat_low
SI,hh0376,0.18019639263445697,dem,processHeat_low
SI,hh0377,0.17932786656785993,dem,processHeat_low
SI,hh0378,0.17973494465712747,dem,processHeat_low
SI,hh0379,0.178643970565588,dem,processHeat_low
SI,hh0380,0.1786773474411234,dem,processHeat_low
SI,hh0381,0.1790714976655181,dem,processHeat_low
SI,hh0382,0.17947665088024678,dem,processHeat_low
SI,hh0383,0.17976949221929317,dem,processHeat_low
SI,hh0384,0.1794000687336279,dem,processHeat_low
SI,hh0385,0.17867587863952394,dem,processHeat_low
SI,hh0386,0.1798403156076347,dem,processHeat_low
SI,hh0387,0.1808132817565138,dem,processHeat_low
SI,hh0388,0.18089135531874945,dem,processHeat_low
SI,hh0389,0.18067633980433584,dem,processHeat_low
SI,hh0390,0.18010798798678707,dem,processHeat_low
SI,hh0391,0.17933567578052134,dem,processHeat_low
SI,hh0392,0.17960470567351194,dem,processHeat_low
SI,hh0393,0.17986979049754837,dem,processHeat_low
SI,hh0394,0.18044568198877187,dem,processHeat_low
SI,hh0395,0.18061015359285193,dem,processHeat_low
SI,hh0396,0.1797476929792765,dem,processHeat_low
SI,hh0397,0.17892589009596804,dem,processHeat_low
SI,hh0398,0.17911233642706748,dem,processHeat_low
SI,hh0399,0.1794340845520992,dem,processHeat_low
SI,hh0400,0.18019422122637252,dem,processHeat_low
SI,hh0401,0.1809163150844597,dem,processHeat_low
SI,hh0402,0.1801792818459944,dem,processHeat_low
SI,hh0403,0.17951324281904135,dem,processHeat_low
SI,hh0404,0.1797041743973864,dem,processHeat_low
SI,hh0405,0.17984425158255135,dem,processHeat_low
SI,hh0406,0.18093978341516959,dem,processHeat_low
SI,hh0407,0.18178522844658573,dem,processHeat_low
SI,hh0408,0.17939099451086804,dem,processHeat_low
SI,hh0409,0.17814350807208257,dem,processHeat_low
SI,hh0410,0.17775221414296993,dem,processHeat_low
SI,hh0411,0.17792425845482285,dem,processHeat_low
SI,hh0412,0.17859427987883691,dem,processHeat_low
SI,hh0413,0.17755709391059327,dem,processHeat_low
SI,hh0414,0.17628928943969413,dem,processHeat_low
SI,hh0415,0.17683312874277135,dem,processHeat_low
SI,hh0416,0.1772690636008747,dem,processHeat_low
SI,hh0417,0.17775769770162242,dem,processHeat_low
SI,hh0418,0.17861516234609098,dem,processHeat_low
SI,hh0419,0.17753242623052756,dem,processHeat_low
SI,hh0420,0.17712344904123256,dem,processHeat_low
SI,hh0421,0.17902105001451218,dem,processHeat_low
SI,hh0422,0.1793904326111715,dem,processHeat_low
SI,hh0423,0.18032249187160687,dem,processHeat_low
SI,hh0424,0.18111356291603897,dem,processHeat_low
SI,hh0425,0.18137977516988713,dem,processHeat_low
SI,hh0426,0.18100851228302872,dem,processHeat_low
SI,hh0427,0.1795431511296215,dem,processHeat_low
SI,hh0428,0.1793904326111715,dem,processHeat_low
SI,hh0429,0.18032249187160687,dem,processHeat_low
SI,hh0430,0.18131856013843617,dem,processHeat_low
SI,hh0431,0.18168673520960965,dem,processHeat_low
SI,hh0432,0.18077911075704378,dem,processHeat_low
SI,hh0433,0.17850125840396913,dem,processHeat_low
SI,hh0434,0.17781917569112693,dem,processHeat_low
SI,hh0435,0.178439171578475,dem,processHeat_low
SI,hh0436,0.1794201556220969,dem,processHeat_low
SI,hh0437,0.1796907632722764,dem,processHeat_low
SI,hh0438,0.1788744177469539,dem,processHeat_low
SI,hh0439,0.17741726937595104,dem,processHeat_low
SI,hh0440,0.17652330380428793,dem,processHeat_low
SI,hh0441,0.17626269850808285,dem,processHeat_low
SI,hh0442,0.17717351325978825,dem,processHeat_low
SI,hh0443,0.17757114887103853,dem,processHeat_low
SI,hh0444,0.1770352773854711,dem,processHeat_low
SI,hh0445,0.17629845150247547,dem,processHeat_low
SI,hh0446,0.17672830784374582,dem,processHeat_low
SI,hh0447,0.17835025761462475,dem,processHeat_low
SI,hh0448,0.1793022166776268,dem,processHeat_low
SI,hh0449,0.1789029955276078,dem,processHeat_low
SI,hh0450,0.1778059992825547,dem,processHeat_low
SI,hh0451,0.17814048986406306,dem,processHeat_low
SI,hh0452,0.1796918318779035,dem,processHeat_low
SI,hh0453,0.18167848941106968,dem,processHeat_low
SI,hh0454,0.18276162428657017,dem,processHeat_low
SI,hh0455,0.18003027355393897,dem,processHeat_low
SI,hh0456,0.1776998759553976,dem,processHeat_low
SI,hh0457,0.17919710196974847,dem,processHeat_low
SI,hh0458,0.18025120445139464,dem,processHeat_low
SI,hh0459,0.1809432265976625,dem,processHeat_low
SI,hh0460,0.18147414970906084,dem,processHeat_low
SI,hh0461,0.1794296796710455,dem,processHeat_low
SI,hh0462,0.17801744067003256,dem,processHeat_low
SI,hh0463,0.17885533901903727,dem,processHeat_low
SI,hh0464,0.180609746706466,dem,processHeat_low
SI,hh0465,0.18109338317464108,dem,processHeat_low
SI,hh0466,0.18204877342407144,dem,processHeat_low
SI,hh0467,0.18056335698832982,dem,processHeat_low
SI,hh0468,0.17890631750719876,dem,processHeat_low
SI,hh0469,0.17991256117306875,dem,processHeat_low
SI,hh0470,0.18111520973570805,dem,processHeat_low
SI,hh0471,0.1814229633500304,dem,processHeat_low
SI,hh0472,0.18227479784388834,dem,processHeat_low
SI,hh0473,0.18086696756324727,dem,processHeat_low
SI,hh0474,0.1790594674379804,dem,processHeat_low
SI,hh0475,0.17979105654831073,dem,processHeat_low
SI,hh0476,0.18111520973570805,dem,processHeat_low
SI,hh0477,0.18102594304986042,dem,processHeat_low
SI,hh0478,0.1814746042415436,dem,processHeat_low
SI,hh0479,0.18005853923278892,dem,processHeat_low
SI,hh0480,0.1786354014130893,dem,processHeat_low
SI,hh0481,0.17912713236813715,dem,processHeat_low
SI,hh0482,0.18000051103661008,dem,processHeat_low
SI,hh0483,0.18013403592027544,dem,processHeat_low
SI,hh0484,0.18194524408829693,dem,processHeat_low
SI,hh0485,0.18153413010304575,dem,processHeat_low
SI,hh0486,0.18051230018829756,dem,processHeat_low
SI,hh0487,0.1797697761054451,dem,processHeat_low
SI,hh0488,0.17902843488781173,dem,processHeat_low
SI,hh0489,0.1796339227697672,dem,processHeat_low
SI,hh0490,0.18102151705789993,dem,processHeat_low
SI,hh0491,0.1805917797667007,dem,processHeat_low
SI,hh0492,0.1801079973342894,dem,processHeat_low
SI,hh0493,0.18009059816256467,dem,processHeat_low
SI,hh0494,0.18009052188716623,dem,processHeat_low
SI,hh0495,0.18116548102648267,dem,processHeat_low
SI,hh0496,0.18083277579700052,dem,processHeat_low
SI,hh0497,0.17975063788043144,dem,processHeat_low
SI,hh0498,0.1799006470301947,dem,processHeat_low
SI,hh0499,0.1798485589105212,dem,processHeat_low
SI,hh0500,0.18005621081454137,dem,processHeat_low
SI,hh0501,0.18117130148550586,dem,processHeat_low
SI,hh0502,0.18092405498055086,dem,processHeat_low
SI,hh0503,0.17874068007597543,dem,processHeat_low
SI,hh0504,0.1775025539834587,dem,processHeat_low
SI,hh0505,0.17768832730268969,dem,processHeat_low
SI,hh0506,0.1778513208878394,dem,processHeat_low
SI,hh0507,0.17862200852772503,dem,processHeat_low
SI,hh0508,0.17891808429743605,dem,processHeat_low
SI,hh0509,0.1786665924278168,dem,processHeat_low
SI,hh0510,0.17714854162352367,dem,processHeat_low
SI,hh0511,0.17649795396062018,dem,processHeat_low
SI,hh0512,0.17730725832336702,dem,processHeat_low
SI,hh0513,0.1782166101466487,dem,processHeat_low
SI,hh0514,0.1791902220927568,dem,processHeat_low
SI,hh0515,0.17940770233548164,dem,processHeat_low
SI,hh0516,0.17838535470281158,dem,processHeat_low
SI,hh0517,0.17690008189578066,dem,processHeat_low
SI,hh0518,0.1767801185210942,dem,processHeat_low
SI,hh0519,0.17846867178263892,dem,processHeat_low
SI,hh0520,0.1795452499089265,dem,processHeat_low
SI,hh0521,0.17893338519115787,dem,processHeat_low
SI,hh0522,0.1775349252738465,dem,processHeat_low
SI,hh0523,0.17658933852828795,dem,processHeat_low
SI,hh0524,0.17747018524528357,dem,processHeat_low
SI,hh0525,0.17928904257865952,dem,processHeat_low
SI,hh0526,0.18078507465202165,dem,processHeat_low
SI,hh0527,0.17947297437058296,dem,processHeat_low
SI,hh0528,0.1778055539887191,dem,processHeat_low
SI,hh0529,0.17853110888717083,dem,processHeat_low
SI,hh0530,0.1802414546517639,dem,processHeat_low
SI,hh0531,0.18156906955925933,dem,processHeat_low
SI,hh0532,0.18277922453881956,dem,processHeat_low
SI,hh0533,0.1809531715613275,dem,processHeat_low
SI,hh0534,0.1787414442405293,dem,processHeat_low
SI,hh0535,0.177510076324495,dem,processHeat_low
SI,hh0536,0.17771003621032833,dem,processHeat_low
SI,hh0537,0.1799596171268263,dem,processHeat_low
SI,hh0538,0.1807552080805408,dem,processHeat_low
SI,hh0539,0.18089146353560182,dem,processHeat_low
SI,hh0540,0.1805983135391216,dem,processHeat_low
SK,hh0361,1.5051780057360702,dem,processHeat_low
SK,hh0362,1.5156195699992168,dem,processHeat_low
SK,hh0363,1.521744084250713,dem,processHeat_low
SK,hh0364,1.5120326702990496,dem,processHeat_low
SK,hh0365,1.498021327709921,dem,processHeat_low
SK,hh0366,1.4949384085462043,dem,processHeat_low
SK,hh0367,1.5050093447171093,dem,processHeat_low
SK,hh0368,1.5108316308637768,dem,processHeat_low
SK,hh0369,1.5154631185687322,dem,processHeat_low
SK,hh0370,1.505080523550987,dem,processHeat_low
SK,hh0371,1.4931812364638972,dem,processHeat_low
SK,hh0372,1.4953180992847592,dem,processHeat_low
SK,hh0373,1.5065297507944706,dem,processHeat_low
SK,hh0374,1.5131008872340317,dem,processHeat_low
SK,hh0375,1.5201135225261169,dem,processHeat_low
SK,hh0376,1.5075906987685812,dem,processHeat_low
SK,hh0377,1.5025734889541127,dem,processHeat_low
SK,hh0378,1.508683061899319,dem,processHeat_low
SK,hh0379,1.501489075139034,dem,processHeat_low
SK,hh0380,1.5068702777921317,dem,processHeat_low
SK,hh0381,1.5117116990368231,dem,processHeat_low
SK,hh0382,1.510732114619259,dem,processHeat_low
SK,hh0383,1.5014855055705993,dem,processHeat_low
SK,hh0384,1.4981268475307843,dem,processHeat_low
SK,hh0385,1.499400566168788,dem,processHeat_low
SK,hh0386,1.5121789282093232,dem,processHeat_low
SK,hh0387,1.5196708964581376,dem,processHeat_low
SK,hh0388,1.51735966879005,dem,processHeat_low
SK,hh0389,1.5059667952659765,dem,processHeat_low
SK,hh0390,1.5017400972405994,dem,processHeat_low
SK,hh0391,1.502814625857809,dem,processHeat_low
SK,hh0392,1.5114622764976957,dem,processHeat_low
SK,hh0393,1.515691624246756,dem,processHeat_low
SK,hh0394,1.5154673239385374,dem,processHeat_low
SK,hh0395,1.5051986940143252,dem,processHeat_low
SK,hh0396,1.4977684655273151,dem,processHeat_low
SK,hh0397,1.4975294779492287,dem,processHeat_low
SK,hh0398,1.5057151718242494,dem,processHeat_low
SK,hh0399,1.510196369514233,dem,processHeat_low
SK,hh0400,1.5105437039273966,dem,processHeat_low
SK,hh0401,1.5031766739671184,dem,processHeat_low
SK,hh0402,1.4937376946863878,dem,processHeat_low
SK,hh0403,1.4955608174509507,dem,processHeat_low
SK,hh0404,1.5036302224630163,dem,processHeat_low
SK,hh0405,1.506358526542499,dem,processHeat_low
SK,hh0406,1.5115981100821045,dem,processHeat_low
SK,hh0407,1.5079023120847523,dem,processHeat_low
SK,hh0408,1.4954759830361581,dem,processHeat_low
SK,hh0409,1.4961840135424609,dem,processHeat_low
SK,hh0410,1.4982456488346543,dem,processHeat_low
SK,hh0411,1.5001433505235582,dem,processHeat_low
SK,hh0412,1.501068757241228,dem,processHeat_low
SK,hh0413,1.4884055187048943,dem,processHeat_low
SK,hh0414,1.477430230990194,dem,processHeat_low
SK,hh0415,1.483914028682193,dem,processHeat_low
SK,hh0416,1.490683328441719,dem,processHeat_low
SK,hh0417,1.4937106895927172,dem,processHeat_low
SK,hh0418,1.4956641777143886,dem,processHeat_low
SK,hh0419,1.4840899015653122,dem,processHeat_low
SK,hh0420,1.4850521384669264,dem,processHeat_low
SK,hh0421,1.5027688710129041,dem,processHeat_low
SK,hh0422,1.509292705662574,dem,processHeat_low
SK,hh0423,1.5138628944005177,dem,processHeat_low
SK,hh0424,1.5147127490745333,dem,processHeat_low
SK,hh0425,1.5103330166225533,dem,processHeat_low
SK,hh0426,1.5094148742518883,dem,processHeat_low
SK,hh0427,1.506023144423125,dem,processHeat_low
SK,hh0428,1.509292705662574,dem,processHeat_low
SK,hh0429,1.5138628944005177,dem,processHeat_low
SK,hh0430,1.5185360839600435,dem,processHeat_low
SK,hh0431,1.5160756958189268,dem,processHeat_low
SK,hh0432,1.5079406781319449,dem,processHeat_low
SK,hh0433,1.4971310468977208,dem,processHeat_low
SK,hh0434,1.4962810236406767,dem,processHeat_low
SK,hh0435,1.500065216745952,dem,processHeat_low
SK,hh0436,1.5059617637612064,dem,processHeat_low
SK,hh0437,1.5012841366042267,dem,processHeat_low
SK,hh0438,1.490651005368818,dem,processHeat_low
SK,hh0439,1.4862356816101965,dem,processHeat_low
SK,hh0440,1.4875661483742988,dem,processHeat_low
SK,hh0441,1.4866981054196913,dem,processHeat_low
SK,hh0442,1.4912265137045324,dem,processHeat_low
SK,hh0443,1.4892418593422008,dem,processHeat_low
SK,hh0444,1.4821360677092343,dem,processHeat_low
SK,hh0445,1.4846238342356628,dem,processHeat_low
SK,hh0446,1.4935242565707085,dem,processHeat_low
SK,hh0447,1.5042066399569194,dem,processHeat_low
SK,hh0448,1.5089819102522597,dem,processHeat_low
SK,hh0449,1.4992718893422534,dem,processHeat_low
SK,hh0450,1.4880885937509447,dem,processHeat_low
SK,hh0451,1.492128407385735,dem,processHeat_low
SK,hh0452,1.5067977513781443,dem,processHeat_low
SK,hh0453,1.5187356901715248,dem,processHeat_low
SK,hh0454,1.5236997911706567,dem,processHeat_low
SK,hh0455,1.5034113968963538,dem,processHeat_low
SK,hh0456,1.4866568761362942,dem,processHeat_low
SK,hh0457,1.496422714527398,dem,processHeat_low
SK,hh0458,1.5091793962833435,dem,processHeat_low
SK,hh0459,1.515669302326387,dem,processHeat_low
SK,hh0460,1.5185443748259786,dem,processHeat_low
SK,hh0461,1.5009183246083921,dem,processHeat_low
SK,hh0462,1.48905952175528,dem,processHeat_low
SK,hh0463,1.4968690004325254,dem,processHeat_low
SK,hh0464,1.5094311302018468,dem,processHeat_low
SK,hh0465,1.5131754869526048,dem,processHeat_low
SK,hh0466,1.5181087091359586,dem,processHeat_low
SK,hh0467,1.501757344008638,dem,processHeat_low
SK,hh0468,1.4937660479081387,dem,processHeat_low
SK,hh0469,1.507144663845338,dem,processHeat_low
SK,hh0470,1.5173944429452604,dem,processHeat_low
SK,hh0471,1.5200626594873938,dem,processHeat_low
SK,hh0472,1.523072787640558,dem,processHeat_low
SK,hh0473,1.508440273785709,dem,processHeat_low
SK,hh0474,1.4971297929059801,dem,processHeat_low
SK,hh0475,1.5060045017980883,dem,processHeat_low
SK,hh0476,1.5173944429452604,dem,processHeat_low
SK,hh0477,1.5134589580093234,dem,processHeat_low
SK,hh0478,1.511305574094422,dem,processHeat_low
SK,hh0479,1.5049935000579353,dem,processHeat_low
SK,hh0480,1.5037624139877153,dem,processHeat_low
SK,hh0481,1.5081303137699251,dem,processHeat_low
SK,hh0482,1.5126560415660606,dem,processHeat_low
SK,hh0483,1.509660427477229,dem,processHeat_low
SK,hh0484,1.5133227083929341,dem,processHeat_low
SK,hh0485,1.511299690150281,dem,processHeat_low
SK,hh0486,1.5117357910844476,dem,processHeat_low
SK,hh0487,1.5104214721945937,dem,processHeat_low
SK,hh0488,1.5070697880096304,dem,processHeat_low
SK,hh0489,1.5060479946082523,dem,processHeat_low
SK,hh0490,1.5076746296185775,dem,processHeat_low
SK,hh0491,1.505919999048274,dem,processHeat_low
SK,hh0492,1.5085235642368389,dem,processHeat_low
SK,hh0493,1.5102127561708585,dem,processHeat_low
SK,hh0494,1.5099918561904815,dem,processHeat_low
SK,hh0495,1.5110824185135243,dem,processHeat_low
SK,hh0496,1.5064808907477527,dem,processHeat_low
SK,hh0497,1.5014676151508866,dem,processHeat_low
SK,hh0498,1.5046449623905573,dem,processHeat_low
SK,hh0499,1.505082041624064,dem,processHeat_low
SK,hh0500,1.5093526324917548,dem,processHeat_low
SK,hh0501,1.5085835628942732,dem,processHeat_low
SK,hh0502,1.4995612169186643,dem,processHeat_low
SK,hh0503,1.4911688964057248,dem,processHeat_low
SK,hh0504,1.4909513653724389,dem,processHeat_low
SK,hh0505,1.4934432419108816,dem,processHeat_low
SK,hh0506,1.4914464851640332,dem,processHeat_low
SK,hh0507,1.5007513103214478,dem,processHeat_low
SK,hh0508,1.5042690350187513,dem,processHeat_low
SK,hh0509,1.5069440707020476,dem,processHeat_low
SK,hh0510,1.4966154762032602,dem,processHeat_low
SK,hh0511,1.4852177617099187,dem,processHeat_low
SK,hh0512,1.4875072275431194,dem,processHeat_low
SK,hh0513,1.4950536753312917,dem,processHeat_low
SK,hh0514,1.5052305795566099,dem,processHeat_low
SK,hh0515,1.5093661486284873,dem,processHeat_low
SK,hh0516,1.501751488384798,dem,processHeat_low
SK,hh0517,1.4823195519984438,dem,processHeat_low
SK,hh0518,1.4779653468185643,dem,processHeat_low
SK,hh0519,1.493088481200175,dem,processHeat_low
SK,hh0520,1.5048726951849858,dem,processHeat_low
SK,hh0521,1.5045546033252322,dem,processHeat_low
SK,hh0522,1.495582132821255,dem,processHeat_low
SK,hh0523,1.4811874224596977,dem,processHeat_low
SK,hh0524,1.4849128311007007,dem,processHeat_low
SK,hh0525,1.5018955402060783,dem,processHeat_low
SK,hh0526,1.5152006664407054,dem,processHeat_low
SK,hh0527,1.5040538243165429,dem,processHeat_low
SK,hh0528,1.4949073869670428,dem,processHeat_low
SK,hh0529,1.5023303501498049,dem,processHeat_low
SK,hh0530,1.5136392964045626,dem,processHeat_low
SK,hh0531,1.5195893075942877,dem,processHeat_low
SK,hh0532,1.5243698340896117,dem,processHeat_low
SK,hh0533,1.508939173616909,dem,processHeat_low
SK,hh0534,1.496408687704843,dem,processHeat_low
SK,hh0535,1.4955245613232364,dem,processHeat_low
SK,hh0536,1.4995388654879207,dem,processHeat_low
SK,hh0537,1.5125434176356976,dem,processHeat_low
SK,hh0538,1.5153963209318135,dem,processHeat_low
SK,hh0539,1.5089785625932564,dem,processHeat_low
SK,hh0540,1.505145155086666,dem,processHeat_low
UK,hh0361,5.433930091138874,dem,processHeat_low
UK,hh0362,5.496250363794967,dem,processHeat_low
UK,hh0363,5.4931065665609395,dem,processHeat_low
UK,hh0364,5.426906400898336,dem,processHeat_low
UK,hh0365,5.3910782778915625,dem,processHeat_low
UK,hh0366,5.3946751563457545,dem,processHeat_low
UK,hh0367,5.438165843395364,dem,processHeat_low
UK,hh0368,5.491650196516477,dem,processHeat_low
UK,hh0369,5.487053086518431,dem,processHeat_low
UK,hh0370,5.4202405360240125,dem,processHeat_low
UK,hh0371,5.386470204448448,dem,processHeat_low
UK,hh0372,5.3950386779078325,dem,processHeat_low
UK,hh0373,5.439619991062216,dem,processHeat_low
UK,hh0374,5.493829224382603,dem,processHeat_low
UK,hh0375,5.491532766210317,dem,processHeat_low
UK,hh0376,5.423278906524084,dem,processHeat_low
UK,hh0377,5.390487212587143,dem,processHeat_low
UK,hh0378,5.400662463446384,dem,processHeat_low
UK,hh0379,5.353825765910398,dem,processHeat_low
UK,hh0380,5.335650286007057,dem,processHeat_low
UK,hh0381,5.35052518086726,dem,processHeat_low
UK,hh0382,5.385406832793219,dem,processHeat_low
UK,hh0383,5.431651732893615,dem,processHeat_low
UK,hh0384,5.412686338949922,dem,processHeat_low
UK,hh0385,5.358013008226109,dem,processHeat_low
UK,hh0386,5.388650508855072,dem,processHeat_low
UK,hh0387,5.43053993451757,dem,processHeat_low
UK,hh0388,5.45740041793353,dem,processHeat_low
UK,hh0389,5.4872674395872485,dem,processHeat_low
UK,hh0390,5.461299130989275,dem,processHeat_low
UK,hh0391,5.406067333644315,dem,processHeat_low
UK,hh0392,5.394630428277479,dem,processHeat_low
UK,hh0393,5.402823052517971,dem,processHeat_low
UK,hh0394,5.443848926811147,dem,processHeat_low
UK,hh0395,5.487266290614993,dem,processHeat_low
UK,hh0396,5.460446412329825,dem,processHeat_low
UK,hh0397,5.408359451708444,dem,processHeat_low
UK,hh0398,5.394985073128782,dem,processHeat_low
UK,hh0399,5.404872427857548,dem,processHeat_low
UK,hh0400,5.45230762486562,dem,processHeat_low
UK,hh0401,5.509083837490025,dem,processHeat_low
UK,hh0402,5.484672080322876,dem,processHeat_low
UK,hh0403,5.432784499654877,dem,processHeat_low
UK,hh0404,5.418875468218735,dem,processHeat_low
UK,hh0405,5.424773113895155,dem,processHeat_low
UK,hh0406,5.468090247575735,dem,processHeat_low
UK,hh0407,5.517058553791019,dem,processHeat_low
UK,hh0408,5.410467440304312,dem,processHeat_low
UK,hh0409,5.339815203661358,dem,processHeat_low
UK,hh0410,5.327396566714095,dem,processHeat_low
UK,hh0411,5.347002633302123,dem,processHeat_low
UK,hh0412,5.378148120048454,dem,processHeat_low
UK,hh0413,5.339824778027235,dem,processHeat_low
UK,hh0414,5.2962075047105825,dem,processHeat_low
UK,hh0415,5.313139093708141,dem,processHeat_low
UK,hh0416,5.32798729821724,dem,processHeat_low
UK,hh0417,5.35506300682612,dem,processHeat_low
UK,hh0418,5.391899925158291,dem,processHeat_low
UK,hh0419,5.348662054809031,dem,processHeat_low
UK,hh0420,5.314765344025687,dem,processHeat_low
UK,hh0421,5.381857480475133,dem,processHeat_low
UK,hh0422,5.386839697284875,dem,processHeat_low
UK,hh0423,5.419967143011798,dem,processHeat_low
UK,hh0424,5.457606392254261,dem,processHeat_low
UK,hh0425,5.48615031903659,dem,processHeat_low
UK,hh0426,5.471031610615828,dem,processHeat_low
UK,hh0427,5.403565494715785,dem,processHeat_low
UK,hh0428,5.386839697284875,dem,processHeat_low
UK,hh0429,5.419967143011798,dem,processHeat_low
UK,hh0430,5.459397200887296,dem,processHeat_low
UK,hh0431,5.48883543458519,dem,processHeat_low
UK,hh0432,5.4648053174554265,dem,processHeat_low
UK,hh0433,5.378835331757735,dem,processHeat_low
UK,hh0434,5.351447002975261,dem,processHeat_low
UK,hh0435,5.379300462834554,dem,processHeat_low
UK,hh0436,5.417891736412196,dem,processHeat_low
UK,hh0437,5.447663562771758,dem,processHeat_low
UK,hh0438,5.43054116081637,dem,processHeat_low
UK,hh0439,5.364609887273854,dem,processHeat_low
UK,hh0440,5.310368929654864,dem,processHeat_low
UK,hh0441,5.289647502488863,dem,processHeat_low
UK,hh0442,5.323267353017153,dem,processHeat_low
UK,hh0443,5.352948672087188,dem,processHeat_low
UK,hh0444,5.341294978343321,dem,processHeat_low
UK,hh0445,5.291682295270006,dem,processHeat_low
UK,hh0446,5.289170461849329,dem,processHeat_low
UK,hh0447,5.335085173103389,dem,processHeat_low
UK,hh0448,5.369597155741427,dem,processHeat_low
UK,hh0449,5.392167721440582,dem,processHeat_low
UK,hh0450,5.372946007636651,dem,processHeat_low
UK,hh0451,5.38213187099858,dem,processHeat_low
UK,hh0452,5.425389208269992,dem,processHeat_low
UK,hh0453,5.492625488374656,dem,processHeat_low
UK,hh0454,5.537333971479887,dem,processHeat_low
UK,hh0455,5.451533445237538,dem,processHeat_low
UK,hh0456,5.373791622625885,dem,processHeat_low
UK,hh0457,5.414823198496624,dem,processHeat_low
UK,hh0458,5.442331746919928,dem,processHeat_low
UK,hh0459,5.469895106024445,dem,processHeat_low
UK,hh0460,5.496486811259896,dem,processHeat_low
UK,hh0461,5.433025677942364,dem,processHeat_low
UK,hh0462,5.3790026541621785,dem,processHeat_low
UK,hh0463,5.387438093918822,dem,processHeat_low
UK,hh0464,5.442664621914524,dem,processHeat_low
UK,hh0465,5.4656986364681615,dem,processHeat_low
UK,hh0466,5.507793789559021,dem,processHeat_low
UK,hh0467,5.466223895255751,dem,processHeat_low
UK,hh0468,5.398475630274641,dem,processHeat_low
UK,hh0469,5.413100984732313,dem,processHeat_low
UK,hh0470,5.451576727509179,dem,processHeat_low
UK,hh0471,5.4685532685047695,dem,processHeat_low
UK,hh0472,5.509751808107886,dem,processHeat_low
UK,hh0473,5.468836224298667,dem,processHeat_low
UK,hh0474,5.39978306123529,dem,processHeat_low
UK,hh0475,5.412009934959166,dem,processHeat_low
UK,hh0476,5.451576727509179,dem,processHeat_low
UK,hh0477,5.4638759450603915,dem,processHeat_low
UK,hh0478,5.497912033635554,dem,processHeat_low
UK,hh0479,5.444278275179614,dem,processHeat_low
UK,hh0480,5.3743445244506916,dem,processHeat_low
UK,hh0481,5.384484645399576,dem,processHeat_low
UK,hh0482,5.417693132259442,dem,processHeat_low
UK,hh0483,5.436774380021414,dem,processHeat_low
UK,hh0484,5.512295476430719,dem,processHeat_low
UK,hh0485,5.489152962379192,dem,processHeat_low
UK,hh0486,5.431128723488407,dem,processHeat_low
UK,hh0487,5.404703155797674,dem,processHeat_low
UK,hh0488,5.383148604992754,dem,processHeat_low
UK,hh0489,5.41555320710207,dem,processHeat_low
UK,hh0490,5.478889077059606,dem,processHeat_low
UK,hh0491,5.453798738769114,dem,processHeat_low
UK,hh0492,5.423011412299255,dem,processHeat_low
UK,hh0493,5.432210130936275,dem,processHeat_low
UK,hh0494,5.446404814898296,dem,processHeat_low
UK,hh0495,5.500930703034346,dem,processHeat_low
UK,hh0496,5.472712296233871,dem,processHeat_low
UK,hh0497,5.414920236704012,dem,processHeat_low
UK,hh0498,5.418982228123951,dem,processHeat_low
UK,hh0499,5.430128571679642,dem,processHeat_low
UK,hh0500,5.446106364900324,dem,processHeat_low
UK,hh0501,5.506383371930683,dem,processHeat_low
UK,hh0502,5.492696176662789,dem,processHeat_low
UK,hh0503,5.399987574429938,dem,processHeat_low
UK,hh0504,5.3483441359728054,dem,processHeat_low
UK,hh0505,5.346010182729052,dem,processHeat_low
UK,hh0506,5.34010840334962,dem,processHeat_low
UK,hh0507,5.357156827793153,dem,processHeat_low
UK,hh0508,5.386910162162289,dem,processHeat_low
UK,hh0509,5.374574983245221,dem,processHeat_low
UK,hh0510,5.310473889747594,dem,processHeat_low
UK,hh0511,5.294583758068654,dem,processHeat_low
UK,hh0512,5.332680493089828,dem,processHeat_low
UK,hh0513,5.375133273624974,dem,processHeat_low
UK,hh0514,5.411966250087771,dem,processHeat_low
UK,hh0515,5.409113042972224,dem,processHeat_low
UK,hh0516,5.357168850326689,dem,processHeat_low
UK,hh0517,5.324608677392918,dem,processHeat_low
UK,hh0518,5.325834186988272,dem,processHeat_low
UK,hh0519,5.3706075789595005,dem,processHeat_low
UK,hh0520,5.405076849864755,dem,processHeat_low
UK,hh0521,5.3671947044112684,dem,processHeat_low
UK,hh0522,5.305035456061479,dem,processHeat_low
UK,hh0523,5.294409602874663,dem,processHeat_low
UK,hh0524,5.338819580475791,dem,processHeat_low
UK,hh0525,5.392335469894367,dem,processHeat_low
UK,hh0526,5.440882455397631,dem,processHeat_low
UK,hh0527,5.396432221800584,dem,processHeat_low
UK,hh0528,5.32362871675787,dem,processHeat_low
UK,hh0529,5.353715626476077,dem,processHeat_low
UK,hh0530,5.423132595248912,dem,processHeat_low
UK,hh0531,5.477618691481465,dem,processHeat_low
UK,hh0532,5.532755197053174,dem,processHeat_low
UK,hh0533,5.469624979297506,dem,processHeat_low
UK,hh0534,5.379711305872288,dem,processHeat_low
UK,hh0535,5.326769478288535,dem,processHeat_low
UK,hh0536,5.332489313024385,dem,processHeat_low
UK,hh0537,5.4192742014014526,dem,processHeat_low
UK,hh0538,5.454966145290083,dem,processHeat_low
UK,hh0539,5.481769729301467,dem,processHeat_low
UK,hh0540,5.473390751877486,dem,processHeat_low
