region_1,timestep_6,value,scenario_1,parameter,technology_3
AT,h2161,2.0641913208007163,scr2006,stInflow,reservoir
AT,h2162,2.0641913208007163,scr2006,stInflow,reservoir
AT,h2163,2.0641913208007163,scr2006,stInflow,reservoir
AT,h2164,2.0641913208007163,scr2006,stInflow,reservoir
AT,h2165,2.0641913208007163,scr2006,stInflow,reservoir
AT,h2166,2.0641913208007163,scr2006,stInflow,reservoir
AT,h2167,2.0641913208007163,scr2006,stInflow,reservoir
AT,h2168,2.0641913208007163,scr2006,stInflow,reservoir
AT,h2169,2.0641913208007163,scr2006,stInflow,reservoir
AT,h2170,2.0641913208007163,scr2006,stInflow,reservoir
AT,h2171,2.0641913208007163,scr2006,stInflow,reservoir
AT,h2172,2.0641913208007163,scr2006,stInflow,reservoir
AT,h2173,2.0641913208007163,scr2006,stInflow,reservoir
AT,h2174,2.0641913208007163,scr2006,stInflow,reservoir
AT,h2175,2.0641913208007163,scr2006,stInflow,reservoir
AT,h2176,2.0641913208007163,scr2006,stInflow,reservoir
AT,h2177,2.0641913208007163,scr2006,stInflow,reservoir
AT,h2178,2.0641913208007163,scr2006,stInflow,reservoir
AT,h2179,2.0641913208007163,scr2006,stInflow,reservoir
AT,h2180,2.0641913208007163,scr2006,stInflow,reservoir
AT,h2181,2.0641913208007163,scr2006,stInflow,reservoir
AT,h2182,2.0641913208007163,scr2006,stInflow,reservoir
AT,h2183,2.0641913208007163,scr2006,stInflow,reservoir
AT,h2184,2.0641913208007163,scr2006,stInflow,reservoir
AT,h2185,2.0641913208007163,scr2006,stInflow,reservoir
AT,h2186,2.0641913208007163,scr2006,stInflow,reservoir
AT,h2187,2.0641913208007163,scr2006,stInflow,reservoir
AT,h2188,2.0641913208007163,scr2006,stInflow,reservoir
AT,h2189,2.0641913208007163,scr2006,stInflow,reservoir
AT,h2190,2.0641913208007163,scr2006,stInflow,reservoir
AT,h2191,2.0641913208007163,scr2006,stInflow,reservoir
AT,h2192,2.0641913208007163,scr2006,stInflow,reservoir
AT,h2193,2.0641913208007163,scr2006,stInflow,reservoir
AT,h2194,2.0641913208007163,scr2006,stInflow,reservoir
AT,h2195,2.0641913208007163,scr2006,stInflow,reservoir
AT,h2196,2.0641913208007163,scr2006,stInflow,reservoir
AT,h2197,2.0641913208007163,scr2006,stInflow,reservoir
AT,h2198,2.0641913208007163,scr2006,stInflow,reservoir
AT,h2199,2.0641913208007163,scr2006,stInflow,reservoir
AT,h2200,2.0641913208007163,scr2006,stInflow,reservoir
AT,h2201,2.0641913208007163,scr2006,stInflow,reservoir
AT,h2202,2.0641913208007163,scr2006,stInflow,reservoir
AT,h2203,2.0641913208007163,scr2006,stInflow,reservoir
AT,h2204,2.0641913208007163,scr2006,stInflow,reservoir
AT,h2205,2.0641913208007163,scr2006,stInflow,reservoir
AT,h2206,2.0641913208007163,scr2006,stInflow,reservoir
AT,h2207,2.0641913208007163,scr2006,stInflow,reservoir
AT,h2208,2.0641913208007163,scr2006,stInflow,reservoir
AT,h2209,1.9893657553978594,scr2006,stInflow,reservoir
AT,h2210,1.9145404714718945,scr2006,stInflow,reservoir
AT,h2211,1.8397154800269353,scr2006,stInflow,reservoir
AT,h2212,1.8397154800269353,scr2006,stInflow,reservoir
AT,h2213,1.8397154800269353,scr2006,stInflow,reservoir
AT,h2214,1.8397154800269353,scr2006,stInflow,reservoir
AT,h2215,1.8397154800269353,scr2006,stInflow,reservoir
AT,h2216,1.8397154800269353,scr2006,stInflow,reservoir
AT,h2217,1.8397154800269353,scr2006,stInflow,reservoir
AT,h2218,1.8397154800269353,scr2006,stInflow,reservoir
AT,h2219,1.8397154800269353,scr2006,stInflow,reservoir
AT,h2220,1.8397154800269353,scr2006,stInflow,reservoir
AT,h2221,1.8397154800269353,scr2006,stInflow,reservoir
AT,h2222,1.8397154800269353,scr2006,stInflow,reservoir
AT,h2223,1.8397154800269353,scr2006,stInflow,reservoir
AT,h2224,1.8397154800269353,scr2006,stInflow,reservoir
AT,h2225,1.8397154800269353,scr2006,stInflow,reservoir
AT,h2226,1.8397154800269353,scr2006,stInflow,reservoir
AT,h2227,1.8397154800269353,scr2006,stInflow,reservoir
AT,h2228,1.8397154800269353,scr2006,stInflow,reservoir
AT,h2229,1.8397154800269353,scr2006,stInflow,reservoir
AT,h2230,1.8397154800269353,scr2006,stInflow,reservoir
AT,h2231,1.8397154800269353,scr2006,stInflow,reservoir
AT,h2232,1.8397154800269353,scr2006,stInflow,reservoir
AT,h2233,1.8397154800269353,scr2006,stInflow,reservoir
AT,h2234,1.8397154800269353,scr2006,stInflow,reservoir
AT,h2235,1.8397154800269353,scr2006,stInflow,reservoir
AT,h2236,1.8397154800269353,scr2006,stInflow,reservoir
AT,h2237,1.8397154800269353,scr2006,stInflow,reservoir
AT,h2238,1.8397154800269353,scr2006,stInflow,reservoir
AT,h2239,1.8397154800269353,scr2006,stInflow,reservoir
AT,h2240,1.8397154800269353,scr2006,stInflow,reservoir
AT,h2241,1.8397154800269353,scr2006,stInflow,reservoir
AT,h2242,1.8397154800269353,scr2006,stInflow,reservoir
AT,h2243,1.8397154800269353,scr2006,stInflow,reservoir
AT,h2244,1.8397154800269353,scr2006,stInflow,reservoir
AT,h2245,1.8397154800269353,scr2006,stInflow,reservoir
AT,h2246,1.8397154800269353,scr2006,stInflow,reservoir
AT,h2247,1.8397154800269353,scr2006,stInflow,reservoir
AT,h2248,1.8397154800269353,scr2006,stInflow,reservoir
AT,h2249,1.8397154800269353,scr2006,stInflow,reservoir
AT,h2250,1.8397154800269353,scr2006,stInflow,reservoir
AT,h2251,1.8397154800269353,scr2006,stInflow,reservoir
AT,h2252,1.8397154800269353,scr2006,stInflow,reservoir
AT,h2253,1.8397154800269353,scr2006,stInflow,reservoir
AT,h2254,1.8397154800269353,scr2006,stInflow,reservoir
AT,h2255,1.8397154800269353,scr2006,stInflow,reservoir
AT,h2256,1.8397154800269353,scr2006,stInflow,reservoir
AT,h2257,1.8397154800269353,scr2006,stInflow,reservoir
AT,h2258,1.8397154800269353,scr2006,stInflow,reservoir
AT,h2259,1.8397154800269353,scr2006,stInflow,reservoir
AT,h2260,1.8397154800269353,scr2006,stInflow,reservoir
AT,h2261,1.8397154800269353,scr2006,stInflow,reservoir
AT,h2262,1.8397154800269353,scr2006,stInflow,reservoir
AT,h2263,1.8397154800269353,scr2006,stInflow,reservoir
AT,h2264,1.8397154800269353,scr2006,stInflow,reservoir
AT,h2265,1.8397154800269353,scr2006,stInflow,reservoir
AT,h2266,1.8397154800269353,scr2006,stInflow,reservoir
AT,h2267,1.8397154800269353,scr2006,stInflow,reservoir
AT,h2268,1.8397154800269353,scr2006,stInflow,reservoir
AT,h2269,1.8397154800269353,scr2006,stInflow,reservoir
AT,h2270,1.8397154800269353,scr2006,stInflow,reservoir
AT,h2271,1.8397154800269353,scr2006,stInflow,reservoir
AT,h2272,1.8397154800269353,scr2006,stInflow,reservoir
AT,h2273,1.8397154800269353,scr2006,stInflow,reservoir
AT,h2274,1.8397154800269353,scr2006,stInflow,reservoir
AT,h2275,1.8397154800269353,scr2006,stInflow,reservoir
AT,h2276,1.8397154800269353,scr2006,stInflow,reservoir
AT,h2277,1.8397154800269353,scr2006,stInflow,reservoir
AT,h2278,1.8397154800269353,scr2006,stInflow,reservoir
AT,h2279,1.8397154800269353,scr2006,stInflow,reservoir
AT,h2280,1.8397154800269353,scr2006,stInflow,reservoir
AT,h2281,1.8397154800269353,scr2006,stInflow,reservoir
AT,h2282,1.8397154800269353,scr2006,stInflow,reservoir
AT,h2283,1.8397154800269353,scr2006,stInflow,reservoir
AT,h2284,1.8397154800269353,scr2006,stInflow,reservoir
AT,h2285,1.8397154800269353,scr2006,stInflow,reservoir
AT,h2286,1.8397154800269353,scr2006,stInflow,reservoir
AT,h2287,1.8397154800269353,scr2006,stInflow,reservoir
AT,h2288,1.8397154800269353,scr2006,stInflow,reservoir
AT,h2289,1.8397154800269353,scr2006,stInflow,reservoir
AT,h2290,1.8397154800269353,scr2006,stInflow,reservoir
AT,h2291,1.8397154800269353,scr2006,stInflow,reservoir
AT,h2292,1.8397154800269353,scr2006,stInflow,reservoir
AT,h2293,1.8397154800269353,scr2006,stInflow,reservoir
AT,h2294,1.8397154800269353,scr2006,stInflow,reservoir
AT,h2295,1.8397154800269353,scr2006,stInflow,reservoir
AT,h2296,1.8397154800269353,scr2006,stInflow,reservoir
AT,h2297,1.8397154800269353,scr2006,stInflow,reservoir
AT,h2298,1.8397154800269353,scr2006,stInflow,reservoir
AT,h2299,1.8397154800269353,scr2006,stInflow,reservoir
AT,h2300,1.8397154800269353,scr2006,stInflow,reservoir
AT,h2301,1.8397154800269353,scr2006,stInflow,reservoir
AT,h2302,1.8397154800269353,scr2006,stInflow,reservoir
AT,h2303,1.8397154800269353,scr2006,stInflow,reservoir
AT,h2304,1.8397154800269353,scr2006,stInflow,reservoir
AT,h2305,1.8397154800269353,scr2006,stInflow,reservoir
AT,h2306,1.8397154800269353,scr2006,stInflow,reservoir
AT,h2307,1.8397154800269353,scr2006,stInflow,reservoir
AT,h2308,1.8397154800269353,scr2006,stInflow,reservoir
AT,h2309,1.8397154800269353,scr2006,stInflow,reservoir
AT,h2310,1.8397154800269353,scr2006,stInflow,reservoir
AT,h2311,1.8397154800269353,scr2006,stInflow,reservoir
AT,h2312,1.8397154800269353,scr2006,stInflow,reservoir
AT,h2313,1.8397154800269353,scr2006,stInflow,reservoir
AT,h2314,1.8397154800269353,scr2006,stInflow,reservoir
AT,h2315,1.8397154800269353,scr2006,stInflow,reservoir
AT,h2316,1.8397154800269353,scr2006,stInflow,reservoir
AT,h2317,1.8397154800269353,scr2006,stInflow,reservoir
AT,h2318,1.8397154800269353,scr2006,stInflow,reservoir
AT,h2319,1.8397154800269353,scr2006,stInflow,reservoir
AT,h2320,1.8397154800269353,scr2006,stInflow,reservoir
AT,h2321,1.8397154800269353,scr2006,stInflow,reservoir
AT,h2322,1.8397154800269353,scr2006,stInflow,reservoir
AT,h2323,1.8397154800269353,scr2006,stInflow,reservoir
AT,h2324,1.8397154800269353,scr2006,stInflow,reservoir
AT,h2325,1.8397154800269353,scr2006,stInflow,reservoir
AT,h2326,1.8397154800269353,scr2006,stInflow,reservoir
AT,h2327,1.8397154800269353,scr2006,stInflow,reservoir
AT,h2328,1.8397154800269353,scr2006,stInflow,reservoir
AT,h2329,1.8397154800269353,scr2006,stInflow,reservoir
AT,h2330,1.8397154800269353,scr2006,stInflow,reservoir
AT,h2331,1.8397154800269353,scr2006,stInflow,reservoir
AT,h2332,1.8397154800269353,scr2006,stInflow,reservoir
AT,h2333,1.8397154800269353,scr2006,stInflow,reservoir
AT,h2334,1.8397154800269353,scr2006,stInflow,reservoir
AT,h2335,1.8397154800269353,scr2006,stInflow,reservoir
AT,h2336,1.8397154800269353,scr2006,stInflow,reservoir
AT,h2337,1.8397154800269353,scr2006,stInflow,reservoir
AT,h2338,1.8397154800269353,scr2006,stInflow,reservoir
AT,h2339,1.8397154800269353,scr2006,stInflow,reservoir
AT,h2340,1.8397154800269353,scr2006,stInflow,reservoir
AT,h2341,1.8397154800269353,scr2006,stInflow,reservoir
AT,h2342,1.8397154800269353,scr2006,stInflow,reservoir
AT,h2343,1.8397154800269353,scr2006,stInflow,reservoir
AT,h2344,1.8397154800269353,scr2006,stInflow,reservoir
AT,h2345,1.8397154800269353,scr2006,stInflow,reservoir
AT,h2346,1.8397154800269353,scr2006,stInflow,reservoir
AT,h2347,1.8397154800269353,scr2006,stInflow,reservoir
AT,h2348,1.8397154800269353,scr2006,stInflow,reservoir
AT,h2349,1.8397154800269353,scr2006,stInflow,reservoir
AT,h2350,1.8397154800269353,scr2006,stInflow,reservoir
AT,h2351,1.8397154800269353,scr2006,stInflow,reservoir
AT,h2352,1.8397154800269353,scr2006,stInflow,reservoir
AT,h2353,1.8397154800269353,scr2006,stInflow,reservoir
AT,h2354,1.8397154800269353,scr2006,stInflow,reservoir
AT,h2355,1.8397154800269353,scr2006,stInflow,reservoir
AT,h2356,1.8397154800269353,scr2006,stInflow,reservoir
AT,h2357,1.8397154800269353,scr2006,stInflow,reservoir
AT,h2358,1.8397154800269353,scr2006,stInflow,reservoir
AT,h2359,1.8397154800269353,scr2006,stInflow,reservoir
AT,h2360,1.8397154800269353,scr2006,stInflow,reservoir
AT,h2361,1.8397154800269353,scr2006,stInflow,reservoir
AT,h2362,1.8397154800269353,scr2006,stInflow,reservoir
AT,h2363,1.8397154800269353,scr2006,stInflow,reservoir
AT,h2364,1.8397154800269353,scr2006,stInflow,reservoir
AT,h2365,1.8397154800269353,scr2006,stInflow,reservoir
AT,h2366,1.8397154800269353,scr2006,stInflow,reservoir
AT,h2367,1.8397154800269353,scr2006,stInflow,reservoir
AT,h2368,1.8397154800269353,scr2006,stInflow,reservoir
AT,h2369,1.8397154800269353,scr2006,stInflow,reservoir
AT,h2370,1.8397154800269353,scr2006,stInflow,reservoir
AT,h2371,1.8397154800269353,scr2006,stInflow,reservoir
AT,h2372,1.8397154800269353,scr2006,stInflow,reservoir
AT,h2373,1.8397154800269353,scr2006,stInflow,reservoir
AT,h2374,1.8397154800269353,scr2006,stInflow,reservoir
AT,h2375,1.8397154800269353,scr2006,stInflow,reservoir
AT,h2376,1.8397154800269353,scr2006,stInflow,reservoir
AT,h2377,1.7812207946673708,scr2006,stInflow,reservoir
AT,h2378,1.722726301417059,scr2006,stInflow,reservoir
AT,h2379,1.6642320068001348,scr2006,stInflow,reservoir
AT,h2380,1.6642320068001348,scr2006,stInflow,reservoir
AT,h2381,1.6642320068001348,scr2006,stInflow,reservoir
AT,h2382,1.6642320068001348,scr2006,stInflow,reservoir
AT,h2383,1.6642320068001348,scr2006,stInflow,reservoir
AT,h2384,1.6642320068001348,scr2006,stInflow,reservoir
AT,h2385,1.6642320068001348,scr2006,stInflow,reservoir
AT,h2386,1.6642320068001348,scr2006,stInflow,reservoir
AT,h2387,1.6642320068001348,scr2006,stInflow,reservoir
AT,h2388,1.6642320068001348,scr2006,stInflow,reservoir
AT,h2389,1.6642320068001348,scr2006,stInflow,reservoir
AT,h2390,1.6642320068001348,scr2006,stInflow,reservoir
AT,h2391,1.6642320068001348,scr2006,stInflow,reservoir
AT,h2392,1.6642320068001348,scr2006,stInflow,reservoir
AT,h2393,1.6642320068001348,scr2006,stInflow,reservoir
AT,h2394,1.6642320068001348,scr2006,stInflow,reservoir
AT,h2395,1.6642320068001348,scr2006,stInflow,reservoir
AT,h2396,1.6642320068001348,scr2006,stInflow,reservoir
AT,h2397,1.6642320068001348,scr2006,stInflow,reservoir
AT,h2398,1.6642320068001348,scr2006,stInflow,reservoir
AT,h2399,1.6642320068001348,scr2006,stInflow,reservoir
AT,h2400,1.6642320068001348,scr2006,stInflow,reservoir
AT,h2401,1.6642320068001348,scr2006,stInflow,reservoir
AT,h2402,1.6642320068001348,scr2006,stInflow,reservoir
AT,h2403,1.6642320068001348,scr2006,stInflow,reservoir
AT,h2404,1.6642320068001348,scr2006,stInflow,reservoir
AT,h2405,1.6642320068001348,scr2006,stInflow,reservoir
AT,h2406,1.6642320068001348,scr2006,stInflow,reservoir
AT,h2407,1.6642320068001348,scr2006,stInflow,reservoir
AT,h2408,1.6642320068001348,scr2006,stInflow,reservoir
AT,h2409,1.6642320068001348,scr2006,stInflow,reservoir
AT,h2410,1.6642320068001348,scr2006,stInflow,reservoir
AT,h2411,1.6642320068001348,scr2006,stInflow,reservoir
AT,h2412,1.6642320068001348,scr2006,stInflow,reservoir
AT,h2413,1.6642320068001348,scr2006,stInflow,reservoir
AT,h2414,1.6642320068001348,scr2006,stInflow,reservoir
AT,h2415,1.6642320068001348,scr2006,stInflow,reservoir
AT,h2416,1.6642320068001348,scr2006,stInflow,reservoir
AT,h2417,1.6642320068001348,scr2006,stInflow,reservoir
AT,h2418,1.6642320068001348,scr2006,stInflow,reservoir
AT,h2419,1.6642320068001348,scr2006,stInflow,reservoir
AT,h2420,1.6642320068001348,scr2006,stInflow,reservoir
AT,h2421,1.6642320068001348,scr2006,stInflow,reservoir
AT,h2422,1.6642320068001348,scr2006,stInflow,reservoir
AT,h2423,1.6642320068001348,scr2006,stInflow,reservoir
AT,h2424,1.6642320068001348,scr2006,stInflow,reservoir
AT,h2425,1.6642320068001348,scr2006,stInflow,reservoir
AT,h2426,1.6642320068001348,scr2006,stInflow,reservoir
AT,h2427,1.6642320068001348,scr2006,stInflow,reservoir
AT,h2428,1.6642320068001348,scr2006,stInflow,reservoir
AT,h2429,1.6642320068001348,scr2006,stInflow,reservoir
AT,h2430,1.6642320068001348,scr2006,stInflow,reservoir
AT,h2431,1.6642320068001348,scr2006,stInflow,reservoir
AT,h2432,1.6642320068001348,scr2006,stInflow,reservoir
AT,h2433,1.6642320068001348,scr2006,stInflow,reservoir
AT,h2434,1.6642320068001348,scr2006,stInflow,reservoir
AT,h2435,1.6642320068001348,scr2006,stInflow,reservoir
AT,h2436,1.6642320068001348,scr2006,stInflow,reservoir
AT,h2437,1.6642320068001348,scr2006,stInflow,reservoir
AT,h2438,1.6642320068001348,scr2006,stInflow,reservoir
AT,h2439,1.6642320068001348,scr2006,stInflow,reservoir
AT,h2440,1.6642320068001348,scr2006,stInflow,reservoir
AT,h2441,1.6642320068001348,scr2006,stInflow,reservoir
AT,h2442,1.6642320068001348,scr2006,stInflow,reservoir
AT,h2443,1.6642320068001348,scr2006,stInflow,reservoir
AT,h2444,1.6642320068001348,scr2006,stInflow,reservoir
AT,h2445,1.6642320068001348,scr2006,stInflow,reservoir
AT,h2446,1.6642320068001348,scr2006,stInflow,reservoir
AT,h2447,1.6642320068001348,scr2006,stInflow,reservoir
AT,h2448,1.6642320068001348,scr2006,stInflow,reservoir
AT,h2449,1.6642320068001348,scr2006,stInflow,reservoir
AT,h2450,1.6642320068001348,scr2006,stInflow,reservoir
AT,h2451,1.6642320068001348,scr2006,stInflow,reservoir
AT,h2452,1.6642320068001348,scr2006,stInflow,reservoir
AT,h2453,1.6642320068001348,scr2006,stInflow,reservoir
AT,h2454,1.6642320068001348,scr2006,stInflow,reservoir
AT,h2455,1.6642320068001348,scr2006,stInflow,reservoir
AT,h2456,1.6642320068001348,scr2006,stInflow,reservoir
AT,h2457,1.6642320068001348,scr2006,stInflow,reservoir
AT,h2458,1.6642320068001348,scr2006,stInflow,reservoir
AT,h2459,1.6642320068001348,scr2006,stInflow,reservoir
AT,h2460,1.6642320068001348,scr2006,stInflow,reservoir
AT,h2461,1.6642320068001348,scr2006,stInflow,reservoir
AT,h2462,1.6642320068001348,scr2006,stInflow,reservoir
AT,h2463,1.6642320068001348,scr2006,stInflow,reservoir
AT,h2464,1.6642320068001348,scr2006,stInflow,reservoir
AT,h2465,1.6642320068001348,scr2006,stInflow,reservoir
AT,h2466,1.6642320068001348,scr2006,stInflow,reservoir
AT,h2467,1.6642320068001348,scr2006,stInflow,reservoir
AT,h2468,1.6642320068001348,scr2006,stInflow,reservoir
AT,h2469,1.6642320068001348,scr2006,stInflow,reservoir
AT,h2470,1.6642320068001348,scr2006,stInflow,reservoir
AT,h2471,1.6642320068001348,scr2006,stInflow,reservoir
AT,h2472,1.6642320068001348,scr2006,stInflow,reservoir
AT,h2473,1.6642320068001348,scr2006,stInflow,reservoir
AT,h2474,1.6642320068001348,scr2006,stInflow,reservoir
AT,h2475,1.6642320068001348,scr2006,stInflow,reservoir
AT,h2476,1.6642320068001348,scr2006,stInflow,reservoir
AT,h2477,1.6642320068001348,scr2006,stInflow,reservoir
AT,h2478,1.6642320068001348,scr2006,stInflow,reservoir
AT,h2479,1.6642320068001348,scr2006,stInflow,reservoir
AT,h2480,1.6642320068001348,scr2006,stInflow,reservoir
AT,h2481,1.6642320068001348,scr2006,stInflow,reservoir
AT,h2482,1.6642320068001348,scr2006,stInflow,reservoir
AT,h2483,1.6642320068001348,scr2006,stInflow,reservoir
AT,h2484,1.6642320068001348,scr2006,stInflow,reservoir
AT,h2485,1.6642320068001348,scr2006,stInflow,reservoir
AT,h2486,1.6642320068001348,scr2006,stInflow,reservoir
AT,h2487,1.6642320068001348,scr2006,stInflow,reservoir
AT,h2488,1.6642320068001348,scr2006,stInflow,reservoir
AT,h2489,1.6642320068001348,scr2006,stInflow,reservoir
AT,h2490,1.6642320068001348,scr2006,stInflow,reservoir
AT,h2491,1.6642320068001348,scr2006,stInflow,reservoir
AT,h2492,1.6642320068001348,scr2006,stInflow,reservoir
AT,h2493,1.6642320068001348,scr2006,stInflow,reservoir
AT,h2494,1.6642320068001348,scr2006,stInflow,reservoir
AT,h2495,1.6642320068001348,scr2006,stInflow,reservoir
AT,h2496,1.6642320068001348,scr2006,stInflow,reservoir
AT,h2497,1.6642320068001348,scr2006,stInflow,reservoir
AT,h2498,1.6642320068001348,scr2006,stInflow,reservoir
AT,h2499,1.6642320068001348,scr2006,stInflow,reservoir
AT,h2500,1.6642320068001348,scr2006,stInflow,reservoir
AT,h2501,1.6642320068001348,scr2006,stInflow,reservoir
AT,h2502,1.6642320068001348,scr2006,stInflow,reservoir
AT,h2503,1.6642320068001348,scr2006,stInflow,reservoir
AT,h2504,1.6642320068001348,scr2006,stInflow,reservoir
AT,h2505,1.6642320068001348,scr2006,stInflow,reservoir
AT,h2506,1.6642320068001348,scr2006,stInflow,reservoir
AT,h2507,1.6642320068001348,scr2006,stInflow,reservoir
AT,h2508,1.6642320068001348,scr2006,stInflow,reservoir
AT,h2509,1.6642320068001348,scr2006,stInflow,reservoir
AT,h2510,1.6642320068001348,scr2006,stInflow,reservoir
AT,h2511,1.6642320068001348,scr2006,stInflow,reservoir
AT,h2512,1.6642320068001348,scr2006,stInflow,reservoir
AT,h2513,1.6642320068001348,scr2006,stInflow,reservoir
AT,h2514,1.6642320068001348,scr2006,stInflow,reservoir
AT,h2515,1.6642320068001348,scr2006,stInflow,reservoir
AT,h2516,1.6642320068001348,scr2006,stInflow,reservoir
AT,h2517,1.6642320068001348,scr2006,stInflow,reservoir
AT,h2518,1.6642320068001348,scr2006,stInflow,reservoir
AT,h2519,1.6642320068001348,scr2006,stInflow,reservoir
AT,h2520,1.6642320068001348,scr2006,stInflow,reservoir
AT,h2521,1.6642320068001348,scr2006,stInflow,reservoir
AT,h2522,1.6642320068001348,scr2006,stInflow,reservoir
AT,h2523,1.6642320068001348,scr2006,stInflow,reservoir
AT,h2524,1.6642320068001348,scr2006,stInflow,reservoir
AT,h2525,1.6642320068001348,scr2006,stInflow,reservoir
AT,h2526,1.6642320068001348,scr2006,stInflow,reservoir
AT,h2527,1.6642320068001348,scr2006,stInflow,reservoir
AT,h2528,1.6642320068001348,scr2006,stInflow,reservoir
AT,h2529,1.6642320068001348,scr2006,stInflow,reservoir
AT,h2530,1.6642320068001348,scr2006,stInflow,reservoir
AT,h2531,1.6642320068001348,scr2006,stInflow,reservoir
AT,h2532,1.6642320068001348,scr2006,stInflow,reservoir
AT,h2533,1.6642320068001348,scr2006,stInflow,reservoir
AT,h2534,1.6642320068001348,scr2006,stInflow,reservoir
AT,h2535,1.6642320068001348,scr2006,stInflow,reservoir
AT,h2536,1.6642320068001348,scr2006,stInflow,reservoir
AT,h2537,1.6642320068001348,scr2006,stInflow,reservoir
AT,h2538,1.6642320068001348,scr2006,stInflow,reservoir
AT,h2539,1.6642320068001348,scr2006,stInflow,reservoir
AT,h2540,1.6642320068001348,scr2006,stInflow,reservoir
AT,h2541,1.6642320068001348,scr2006,stInflow,reservoir
AT,h2542,1.6642320068001348,scr2006,stInflow,reservoir
AT,h2543,1.6642320068001348,scr2006,stInflow,reservoir
AT,h2544,1.6642320068001348,scr2006,stInflow,reservoir
AT,h2545,1.7913012424897536,scr2006,stInflow,reservoir
AT,h2546,1.9183713802418632,scr2006,stInflow,reservoir
AT,h2547,2.0454423602259837,scr2006,stInflow,reservoir
AT,h2548,2.0454423602259837,scr2006,stInflow,reservoir
AT,h2549,2.0454423602259837,scr2006,stInflow,reservoir
AT,h2550,2.0454423602259837,scr2006,stInflow,reservoir
AT,h2551,2.0454423602259837,scr2006,stInflow,reservoir
AT,h2552,2.0454423602259837,scr2006,stInflow,reservoir
AT,h2553,2.0454423602259837,scr2006,stInflow,reservoir
AT,h2554,2.0454423602259837,scr2006,stInflow,reservoir
AT,h2555,2.0454423602259837,scr2006,stInflow,reservoir
AT,h2556,2.0454423602259837,scr2006,stInflow,reservoir
AT,h2557,2.0454423602259837,scr2006,stInflow,reservoir
AT,h2558,2.0454423602259837,scr2006,stInflow,reservoir
AT,h2559,2.0454423602259837,scr2006,stInflow,reservoir
AT,h2560,2.0454423602259837,scr2006,stInflow,reservoir
AT,h2561,2.0454423602259837,scr2006,stInflow,reservoir
AT,h2562,2.0454423602259837,scr2006,stInflow,reservoir
AT,h2563,2.0454423602259837,scr2006,stInflow,reservoir
AT,h2564,2.0454423602259837,scr2006,stInflow,reservoir
AT,h2565,2.0454423602259837,scr2006,stInflow,reservoir
AT,h2566,2.0454423602259837,scr2006,stInflow,reservoir
AT,h2567,2.0454423602259837,scr2006,stInflow,reservoir
AT,h2568,2.0454423602259837,scr2006,stInflow,reservoir
AT,h2569,2.0454423602259837,scr2006,stInflow,reservoir
AT,h2570,2.0454423602259837,scr2006,stInflow,reservoir
AT,h2571,2.0454423602259837,scr2006,stInflow,reservoir
AT,h2572,2.0454423602259837,scr2006,stInflow,reservoir
AT,h2573,2.0454423602259837,scr2006,stInflow,reservoir
AT,h2574,2.0454423602259837,scr2006,stInflow,reservoir
AT,h2575,2.0454423602259837,scr2006,stInflow,reservoir
AT,h2576,2.0454423602259837,scr2006,stInflow,reservoir
AT,h2577,2.0454423602259837,scr2006,stInflow,reservoir
AT,h2578,2.0454423602259837,scr2006,stInflow,reservoir
AT,h2579,2.0454423602259837,scr2006,stInflow,reservoir
AT,h2580,2.0454423602259837,scr2006,stInflow,reservoir
AT,h2581,2.0454423602259837,scr2006,stInflow,reservoir
AT,h2582,2.0454423602259837,scr2006,stInflow,reservoir
AT,h2583,2.0454423602259837,scr2006,stInflow,reservoir
AT,h2584,2.0454423602259837,scr2006,stInflow,reservoir
AT,h2585,2.0454423602259837,scr2006,stInflow,reservoir
AT,h2586,2.0454423602259837,scr2006,stInflow,reservoir
AT,h2587,2.0454423602259837,scr2006,stInflow,reservoir
AT,h2588,2.0454423602259837,scr2006,stInflow,reservoir
AT,h2589,2.0454423602259837,scr2006,stInflow,reservoir
AT,h2590,2.0454423602259837,scr2006,stInflow,reservoir
AT,h2591,2.0454423602259837,scr2006,stInflow,reservoir
AT,h2592,2.0454423602259837,scr2006,stInflow,reservoir
AT,h2593,2.0454423602259837,scr2006,stInflow,reservoir
AT,h2594,2.0454423602259837,scr2006,stInflow,reservoir
AT,h2595,2.0454423602259837,scr2006,stInflow,reservoir
AT,h2596,2.0454423602259837,scr2006,stInflow,reservoir
AT,h2597,2.0454423602259837,scr2006,stInflow,reservoir
AT,h2598,2.0454423602259837,scr2006,stInflow,reservoir
AT,h2599,2.0454423602259837,scr2006,stInflow,reservoir
AT,h2600,2.0454423602259837,scr2006,stInflow,reservoir
AT,h2601,2.0454423602259837,scr2006,stInflow,reservoir
AT,h2602,2.0454423602259837,scr2006,stInflow,reservoir
AT,h2603,2.0454423602259837,scr2006,stInflow,reservoir
AT,h2604,2.0454423602259837,scr2006,stInflow,reservoir
AT,h2605,2.0454423602259837,scr2006,stInflow,reservoir
AT,h2606,2.0454423602259837,scr2006,stInflow,reservoir
AT,h2607,2.0454423602259837,scr2006,stInflow,reservoir
AT,h2608,2.0454423602259837,scr2006,stInflow,reservoir
AT,h2609,2.0454423602259837,scr2006,stInflow,reservoir
AT,h2610,2.0454423602259837,scr2006,stInflow,reservoir
AT,h2611,2.0454423602259837,scr2006,stInflow,reservoir
AT,h2612,2.0454423602259837,scr2006,stInflow,reservoir
AT,h2613,2.0454423602259837,scr2006,stInflow,reservoir
AT,h2614,2.0454423602259837,scr2006,stInflow,reservoir
AT,h2615,2.0454423602259837,scr2006,stInflow,reservoir
AT,h2616,2.0454423602259837,scr2006,stInflow,reservoir
AT,h2617,2.0454423602259837,scr2006,stInflow,reservoir
AT,h2618,2.0454423602259837,scr2006,stInflow,reservoir
AT,h2619,2.0454423602259837,scr2006,stInflow,reservoir
AT,h2620,2.0454423602259837,scr2006,stInflow,reservoir
AT,h2621,2.0454423602259837,scr2006,stInflow,reservoir
AT,h2622,2.0454423602259837,scr2006,stInflow,reservoir
AT,h2623,2.0454423602259837,scr2006,stInflow,reservoir
AT,h2624,2.0454423602259837,scr2006,stInflow,reservoir
AT,h2625,2.0454423602259837,scr2006,stInflow,reservoir
AT,h2626,2.0454423602259837,scr2006,stInflow,reservoir
AT,h2627,2.0454423602259837,scr2006,stInflow,reservoir
AT,h2628,2.0454423602259837,scr2006,stInflow,reservoir
AT,h2629,2.0454423602259837,scr2006,stInflow,reservoir
AT,h2630,2.0454423602259837,scr2006,stInflow,reservoir
AT,h2631,2.0454423602259837,scr2006,stInflow,reservoir
AT,h2632,2.0454423602259837,scr2006,stInflow,reservoir
AT,h2633,2.0454423602259837,scr2006,stInflow,reservoir
AT,h2634,2.0454423602259837,scr2006,stInflow,reservoir
AT,h2635,2.0454423602259837,scr2006,stInflow,reservoir
AT,h2636,2.0454423602259837,scr2006,stInflow,reservoir
AT,h2637,2.0454423602259837,scr2006,stInflow,reservoir
AT,h2638,2.0454423602259837,scr2006,stInflow,reservoir
AT,h2639,2.0454423602259837,scr2006,stInflow,reservoir
AT,h2640,2.0454423602259837,scr2006,stInflow,reservoir
AT,h2641,2.0454423602259837,scr2006,stInflow,reservoir
AT,h2642,2.0454423602259837,scr2006,stInflow,reservoir
AT,h2643,2.0454423602259837,scr2006,stInflow,reservoir
AT,h2644,2.0454423602259837,scr2006,stInflow,reservoir
AT,h2645,2.0454423602259837,scr2006,stInflow,reservoir
AT,h2646,2.0454423602259837,scr2006,stInflow,reservoir
AT,h2647,2.0454423602259837,scr2006,stInflow,reservoir
AT,h2648,2.0454423602259837,scr2006,stInflow,reservoir
AT,h2649,2.0454423602259837,scr2006,stInflow,reservoir
AT,h2650,2.0454423602259837,scr2006,stInflow,reservoir
AT,h2651,2.0454423602259837,scr2006,stInflow,reservoir
AT,h2652,2.0454423602259837,scr2006,stInflow,reservoir
AT,h2653,2.0454423602259837,scr2006,stInflow,reservoir
AT,h2654,2.0454423602259837,scr2006,stInflow,reservoir
AT,h2655,2.0454423602259837,scr2006,stInflow,reservoir
AT,h2656,2.0454423602259837,scr2006,stInflow,reservoir
AT,h2657,2.0454423602259837,scr2006,stInflow,reservoir
AT,h2658,2.0454423602259837,scr2006,stInflow,reservoir
AT,h2659,2.0454423602259837,scr2006,stInflow,reservoir
AT,h2660,2.0454423602259837,scr2006,stInflow,reservoir
AT,h2661,2.0454423602259837,scr2006,stInflow,reservoir
AT,h2662,2.0454423602259837,scr2006,stInflow,reservoir
AT,h2663,2.0454423602259837,scr2006,stInflow,reservoir
AT,h2664,2.0454423602259837,scr2006,stInflow,reservoir
AT,h2665,2.0454423602259837,scr2006,stInflow,reservoir
AT,h2666,2.0454423602259837,scr2006,stInflow,reservoir
AT,h2667,2.0454423602259837,scr2006,stInflow,reservoir
AT,h2668,2.0454423602259837,scr2006,stInflow,reservoir
AT,h2669,2.0454423602259837,scr2006,stInflow,reservoir
AT,h2670,2.0454423602259837,scr2006,stInflow,reservoir
AT,h2671,2.0454423602259837,scr2006,stInflow,reservoir
AT,h2672,2.0454423602259837,scr2006,stInflow,reservoir
AT,h2673,2.0454423602259837,scr2006,stInflow,reservoir
AT,h2674,2.0454423602259837,scr2006,stInflow,reservoir
AT,h2675,2.0454423602259837,scr2006,stInflow,reservoir
AT,h2676,2.0454423602259837,scr2006,stInflow,reservoir
AT,h2677,2.0454423602259837,scr2006,stInflow,reservoir
AT,h2678,2.0454423602259837,scr2006,stInflow,reservoir
AT,h2679,2.0454423602259837,scr2006,stInflow,reservoir
AT,h2680,2.0454423602259837,scr2006,stInflow,reservoir
AT,h2681,2.0454423602259837,scr2006,stInflow,reservoir
AT,h2682,2.0454423602259837,scr2006,stInflow,reservoir
AT,h2683,2.0454423602259837,scr2006,stInflow,reservoir
AT,h2684,2.0454423602259837,scr2006,stInflow,reservoir
AT,h2685,2.0454423602259837,scr2006,stInflow,reservoir
AT,h2686,2.0454423602259837,scr2006,stInflow,reservoir
AT,h2687,2.0454423602259837,scr2006,stInflow,reservoir
AT,h2688,2.0454423602259837,scr2006,stInflow,reservoir
AT,h2689,2.0454423602259837,scr2006,stInflow,reservoir
AT,h2690,2.0454423602259837,scr2006,stInflow,reservoir
AT,h2691,2.0454423602259837,scr2006,stInflow,reservoir
AT,h2692,2.0454423602259837,scr2006,stInflow,reservoir
AT,h2693,2.0454423602259837,scr2006,stInflow,reservoir
AT,h2694,2.0454423602259837,scr2006,stInflow,reservoir
AT,h2695,2.0454423602259837,scr2006,stInflow,reservoir
AT,h2696,2.0454423602259837,scr2006,stInflow,reservoir
AT,h2697,2.0454423602259837,scr2006,stInflow,reservoir
AT,h2698,2.0454423602259837,scr2006,stInflow,reservoir
AT,h2699,2.0454423602259837,scr2006,stInflow,reservoir
AT,h2700,2.0454423602259837,scr2006,stInflow,reservoir
AT,h2701,2.0454423602259837,scr2006,stInflow,reservoir
AT,h2702,2.0454423602259837,scr2006,stInflow,reservoir
AT,h2703,2.0454423602259837,scr2006,stInflow,reservoir
AT,h2704,2.0454423602259837,scr2006,stInflow,reservoir
AT,h2705,2.0454423602259837,scr2006,stInflow,reservoir
AT,h2706,2.0454423602259837,scr2006,stInflow,reservoir
AT,h2707,2.0454423602259837,scr2006,stInflow,reservoir
AT,h2708,2.0454423602259837,scr2006,stInflow,reservoir
AT,h2709,2.0454423602259837,scr2006,stInflow,reservoir
AT,h2710,2.0454423602259837,scr2006,stInflow,reservoir
AT,h2711,2.0454423602259837,scr2006,stInflow,reservoir
AT,h2712,2.0454423602259837,scr2006,stInflow,reservoir
AT,h2713,2.072640276761244,scr2006,stInflow,reservoir
AT,h2714,2.099838228984072,scr2006,stInflow,reservoir
AT,h2715,2.127036216432293,scr2006,stInflow,reservoir
AT,h2716,2.127036216432293,scr2006,stInflow,reservoir
AT,h2717,2.127036216432293,scr2006,stInflow,reservoir
AT,h2718,2.127036216432293,scr2006,stInflow,reservoir
AT,h2719,2.127036216432293,scr2006,stInflow,reservoir
AT,h2720,2.127036216432293,scr2006,stInflow,reservoir
AT,h2721,2.127036216432293,scr2006,stInflow,reservoir
AT,h2722,2.127036216432293,scr2006,stInflow,reservoir
AT,h2723,2.127036216432293,scr2006,stInflow,reservoir
AT,h2724,2.127036216432293,scr2006,stInflow,reservoir
AT,h2725,2.127036216432293,scr2006,stInflow,reservoir
AT,h2726,2.127036216432293,scr2006,stInflow,reservoir
AT,h2727,2.127036216432293,scr2006,stInflow,reservoir
AT,h2728,2.127036216432293,scr2006,stInflow,reservoir
AT,h2729,2.127036216432293,scr2006,stInflow,reservoir
AT,h2730,2.127036216432293,scr2006,stInflow,reservoir
AT,h2731,2.127036216432293,scr2006,stInflow,reservoir
AT,h2732,2.127036216432293,scr2006,stInflow,reservoir
AT,h2733,2.127036216432293,scr2006,stInflow,reservoir
AT,h2734,2.127036216432293,scr2006,stInflow,reservoir
AT,h2735,2.127036216432293,scr2006,stInflow,reservoir
AT,h2736,2.127036216432293,scr2006,stInflow,reservoir
AT,h2737,2.127036216432293,scr2006,stInflow,reservoir
AT,h2738,2.127036216432293,scr2006,stInflow,reservoir
AT,h2739,2.127036216432293,scr2006,stInflow,reservoir
AT,h2740,2.127036216432293,scr2006,stInflow,reservoir
AT,h2741,2.127036216432293,scr2006,stInflow,reservoir
AT,h2742,2.127036216432293,scr2006,stInflow,reservoir
AT,h2743,2.127036216432293,scr2006,stInflow,reservoir
AT,h2744,2.127036216432293,scr2006,stInflow,reservoir
AT,h2745,2.127036216432293,scr2006,stInflow,reservoir
AT,h2746,2.127036216432293,scr2006,stInflow,reservoir
AT,h2747,2.127036216432293,scr2006,stInflow,reservoir
AT,h2748,2.127036216432293,scr2006,stInflow,reservoir
AT,h2749,2.127036216432293,scr2006,stInflow,reservoir
AT,h2750,2.127036216432293,scr2006,stInflow,reservoir
AT,h2751,2.127036216432293,scr2006,stInflow,reservoir
AT,h2752,2.127036216432293,scr2006,stInflow,reservoir
AT,h2753,2.127036216432293,scr2006,stInflow,reservoir
AT,h2754,2.127036216432293,scr2006,stInflow,reservoir
AT,h2755,2.127036216432293,scr2006,stInflow,reservoir
AT,h2756,2.127036216432293,scr2006,stInflow,reservoir
AT,h2757,2.127036216432293,scr2006,stInflow,reservoir
AT,h2758,2.127036216432293,scr2006,stInflow,reservoir
AT,h2759,2.127036216432293,scr2006,stInflow,reservoir
AT,h2760,2.127036216432293,scr2006,stInflow,reservoir
AT,h2761,2.127036216432293,scr2006,stInflow,reservoir
AT,h2762,2.127036216432293,scr2006,stInflow,reservoir
AT,h2763,2.127036216432293,scr2006,stInflow,reservoir
AT,h2764,2.127036216432293,scr2006,stInflow,reservoir
AT,h2765,2.127036216432293,scr2006,stInflow,reservoir
AT,h2766,2.127036216432293,scr2006,stInflow,reservoir
AT,h2767,2.127036216432293,scr2006,stInflow,reservoir
AT,h2768,2.127036216432293,scr2006,stInflow,reservoir
AT,h2769,2.127036216432293,scr2006,stInflow,reservoir
AT,h2770,2.127036216432293,scr2006,stInflow,reservoir
AT,h2771,2.127036216432293,scr2006,stInflow,reservoir
AT,h2772,2.127036216432293,scr2006,stInflow,reservoir
AT,h2773,2.127036216432293,scr2006,stInflow,reservoir
AT,h2774,2.127036216432293,scr2006,stInflow,reservoir
AT,h2775,2.127036216432293,scr2006,stInflow,reservoir
AT,h2776,2.127036216432293,scr2006,stInflow,reservoir
AT,h2777,2.127036216432293,scr2006,stInflow,reservoir
AT,h2778,2.127036216432293,scr2006,stInflow,reservoir
AT,h2779,2.127036216432293,scr2006,stInflow,reservoir
AT,h2780,2.127036216432293,scr2006,stInflow,reservoir
AT,h2781,2.127036216432293,scr2006,stInflow,reservoir
AT,h2782,2.127036216432293,scr2006,stInflow,reservoir
AT,h2783,2.127036216432293,scr2006,stInflow,reservoir
AT,h2784,2.127036216432293,scr2006,stInflow,reservoir
AT,h2785,2.127036216432293,scr2006,stInflow,reservoir
AT,h2786,2.127036216432293,scr2006,stInflow,reservoir
AT,h2787,2.127036216432293,scr2006,stInflow,reservoir
AT,h2788,2.127036216432293,scr2006,stInflow,reservoir
AT,h2789,2.127036216432293,scr2006,stInflow,reservoir
AT,h2790,2.127036216432293,scr2006,stInflow,reservoir
AT,h2791,2.127036216432293,scr2006,stInflow,reservoir
AT,h2792,2.127036216432293,scr2006,stInflow,reservoir
AT,h2793,2.127036216432293,scr2006,stInflow,reservoir
AT,h2794,2.127036216432293,scr2006,stInflow,reservoir
AT,h2795,2.127036216432293,scr2006,stInflow,reservoir
AT,h2796,2.127036216432293,scr2006,stInflow,reservoir
AT,h2797,2.127036216432293,scr2006,stInflow,reservoir
AT,h2798,2.127036216432293,scr2006,stInflow,reservoir
AT,h2799,2.127036216432293,scr2006,stInflow,reservoir
AT,h2800,2.127036216432293,scr2006,stInflow,reservoir
AT,h2801,2.127036216432293,scr2006,stInflow,reservoir
AT,h2802,2.127036216432293,scr2006,stInflow,reservoir
AT,h2803,2.127036216432293,scr2006,stInflow,reservoir
AT,h2804,2.127036216432293,scr2006,stInflow,reservoir
AT,h2805,2.127036216432293,scr2006,stInflow,reservoir
AT,h2806,2.127036216432293,scr2006,stInflow,reservoir
AT,h2807,2.127036216432293,scr2006,stInflow,reservoir
AT,h2808,2.127036216432293,scr2006,stInflow,reservoir
AT,h2809,2.127036216432293,scr2006,stInflow,reservoir
AT,h2810,2.127036216432293,scr2006,stInflow,reservoir
AT,h2811,2.127036216432293,scr2006,stInflow,reservoir
AT,h2812,2.127036216432293,scr2006,stInflow,reservoir
AT,h2813,2.127036216432293,scr2006,stInflow,reservoir
AT,h2814,2.127036216432293,scr2006,stInflow,reservoir
AT,h2815,2.127036216432293,scr2006,stInflow,reservoir
AT,h2816,2.127036216432293,scr2006,stInflow,reservoir
AT,h2817,2.127036216432293,scr2006,stInflow,reservoir
AT,h2818,2.127036216432293,scr2006,stInflow,reservoir
AT,h2819,2.127036216432293,scr2006,stInflow,reservoir
AT,h2820,2.127036216432293,scr2006,stInflow,reservoir
AT,h2821,2.127036216432293,scr2006,stInflow,reservoir
AT,h2822,2.127036216432293,scr2006,stInflow,reservoir
AT,h2823,2.127036216432293,scr2006,stInflow,reservoir
AT,h2824,2.127036216432293,scr2006,stInflow,reservoir
AT,h2825,2.127036216432293,scr2006,stInflow,reservoir
AT,h2826,2.127036216432293,scr2006,stInflow,reservoir
AT,h2827,2.127036216432293,scr2006,stInflow,reservoir
AT,h2828,2.127036216432293,scr2006,stInflow,reservoir
AT,h2829,2.127036216432293,scr2006,stInflow,reservoir
AT,h2830,2.127036216432293,scr2006,stInflow,reservoir
AT,h2831,2.127036216432293,scr2006,stInflow,reservoir
AT,h2832,2.127036216432293,scr2006,stInflow,reservoir
AT,h2833,2.127036216432293,scr2006,stInflow,reservoir
AT,h2834,2.127036216432293,scr2006,stInflow,reservoir
AT,h2835,2.127036216432293,scr2006,stInflow,reservoir
AT,h2836,2.127036216432293,scr2006,stInflow,reservoir
AT,h2837,2.127036216432293,scr2006,stInflow,reservoir
AT,h2838,2.127036216432293,scr2006,stInflow,reservoir
AT,h2839,2.127036216432293,scr2006,stInflow,reservoir
AT,h2840,2.127036216432293,scr2006,stInflow,reservoir
AT,h2841,2.127036216432293,scr2006,stInflow,reservoir
AT,h2842,2.127036216432293,scr2006,stInflow,reservoir
AT,h2843,2.127036216432293,scr2006,stInflow,reservoir
AT,h2844,2.127036216432293,scr2006,stInflow,reservoir
AT,h2845,2.127036216432293,scr2006,stInflow,reservoir
AT,h2846,2.127036216432293,scr2006,stInflow,reservoir
AT,h2847,2.127036216432293,scr2006,stInflow,reservoir
AT,h2848,2.127036216432293,scr2006,stInflow,reservoir
AT,h2849,2.127036216432293,scr2006,stInflow,reservoir
AT,h2850,2.127036216432293,scr2006,stInflow,reservoir
AT,h2851,2.127036216432293,scr2006,stInflow,reservoir
AT,h2852,2.127036216432293,scr2006,stInflow,reservoir
AT,h2853,2.127036216432293,scr2006,stInflow,reservoir
AT,h2854,2.127036216432293,scr2006,stInflow,reservoir
AT,h2855,2.127036216432293,scr2006,stInflow,reservoir
AT,h2856,2.127036216432293,scr2006,stInflow,reservoir
AT,h2857,2.127036216432293,scr2006,stInflow,reservoir
AT,h2858,2.127036216432293,scr2006,stInflow,reservoir
AT,h2859,2.127036216432293,scr2006,stInflow,reservoir
AT,h2860,2.127036216432293,scr2006,stInflow,reservoir
AT,h2861,2.127036216432293,scr2006,stInflow,reservoir
AT,h2862,2.127036216432293,scr2006,stInflow,reservoir
AT,h2863,2.127036216432293,scr2006,stInflow,reservoir
AT,h2864,2.127036216432293,scr2006,stInflow,reservoir
AT,h2865,2.127036216432293,scr2006,stInflow,reservoir
AT,h2866,2.127036216432293,scr2006,stInflow,reservoir
AT,h2867,2.127036216432293,scr2006,stInflow,reservoir
AT,h2868,2.127036216432293,scr2006,stInflow,reservoir
AT,h2869,2.127036216432293,scr2006,stInflow,reservoir
AT,h2870,2.127036216432293,scr2006,stInflow,reservoir
AT,h2871,2.127036216432293,scr2006,stInflow,reservoir
AT,h2872,2.127036216432293,scr2006,stInflow,reservoir
AT,h2873,2.127036216432293,scr2006,stInflow,reservoir
AT,h2874,2.127036216432293,scr2006,stInflow,reservoir
AT,h2875,2.127036216432293,scr2006,stInflow,reservoir
AT,h2876,2.127036216432293,scr2006,stInflow,reservoir
AT,h2877,2.127036216432293,scr2006,stInflow,reservoir
AT,h2878,2.127036216432293,scr2006,stInflow,reservoir
AT,h2879,2.127036216432293,scr2006,stInflow,reservoir
AT,h2880,2.127036216432293,scr2006,stInflow,reservoir
BG,h2161,0.25629629585490327,scr2006,stInflow,reservoir
BG,h2162,0.25629629585490327,scr2006,stInflow,reservoir
BG,h2163,0.25629629585490327,scr2006,stInflow,reservoir
BG,h2164,0.25629629585490327,scr2006,stInflow,reservoir
BG,h2165,0.25629629585490327,scr2006,stInflow,reservoir
BG,h2166,0.25629629585490327,scr2006,stInflow,reservoir
BG,h2167,0.25629629585490327,scr2006,stInflow,reservoir
BG,h2168,0.25629629585490327,scr2006,stInflow,reservoir
BG,h2169,0.25629629585490327,scr2006,stInflow,reservoir
BG,h2170,0.25629629585490327,scr2006,stInflow,reservoir
BG,h2171,0.25629629585490327,scr2006,stInflow,reservoir
BG,h2172,0.25629629585490327,scr2006,stInflow,reservoir
BG,h2173,0.25629629585490327,scr2006,stInflow,reservoir
BG,h2174,0.25629629585490327,scr2006,stInflow,reservoir
BG,h2175,0.25629629585490327,scr2006,stInflow,reservoir
BG,h2176,0.25629629585490327,scr2006,stInflow,reservoir
BG,h2177,0.25629629585490327,scr2006,stInflow,reservoir
BG,h2178,0.25629629585490327,scr2006,stInflow,reservoir
BG,h2179,0.25629629585490327,scr2006,stInflow,reservoir
BG,h2180,0.25629629585490327,scr2006,stInflow,reservoir
BG,h2181,0.25629629585490327,scr2006,stInflow,reservoir
BG,h2182,0.25629629585490327,scr2006,stInflow,reservoir
BG,h2183,0.25629629585490327,scr2006,stInflow,reservoir
BG,h2184,0.25629629585490327,scr2006,stInflow,reservoir
BG,h2185,0.25629629585490327,scr2006,stInflow,reservoir
BG,h2186,0.25629629585490327,scr2006,stInflow,reservoir
BG,h2187,0.25629629585490327,scr2006,stInflow,reservoir
BG,h2188,0.25629629585490327,scr2006,stInflow,reservoir
BG,h2189,0.25629629585490327,scr2006,stInflow,reservoir
BG,h2190,0.25629629585490327,scr2006,stInflow,reservoir
BG,h2191,0.25629629585490327,scr2006,stInflow,reservoir
BG,h2192,0.25629629585490327,scr2006,stInflow,reservoir
BG,h2193,0.25629629585490327,scr2006,stInflow,reservoir
BG,h2194,0.25629629585490327,scr2006,stInflow,reservoir
BG,h2195,0.25629629585490327,scr2006,stInflow,reservoir
BG,h2196,0.25629629585490327,scr2006,stInflow,reservoir
BG,h2197,0.25629629585490327,scr2006,stInflow,reservoir
BG,h2198,0.25629629585490327,scr2006,stInflow,reservoir
BG,h2199,0.25629629585490327,scr2006,stInflow,reservoir
BG,h2200,0.25629629585490327,scr2006,stInflow,reservoir
BG,h2201,0.25629629585490327,scr2006,stInflow,reservoir
BG,h2202,0.25629629585490327,scr2006,stInflow,reservoir
BG,h2203,0.25629629585490327,scr2006,stInflow,reservoir
BG,h2204,0.25629629585490327,scr2006,stInflow,reservoir
BG,h2205,0.25629629585490327,scr2006,stInflow,reservoir
BG,h2206,0.25629629585490327,scr2006,stInflow,reservoir
BG,h2207,0.25629629585490327,scr2006,stInflow,reservoir
BG,h2208,0.25629629585490327,scr2006,stInflow,reservoir
BG,h2209,0.28072953089202024,scr2006,stInflow,reservoir
BG,h2210,0.3051629788445536,scr2006,stInflow,reservoir
BG,h2211,0.32959662262928885,scr2006,stInflow,reservoir
BG,h2212,0.32959662262928885,scr2006,stInflow,reservoir
BG,h2213,0.32959662262928885,scr2006,stInflow,reservoir
BG,h2214,0.32959662262928885,scr2006,stInflow,reservoir
BG,h2215,0.32959662262928885,scr2006,stInflow,reservoir
BG,h2216,0.32959662262928885,scr2006,stInflow,reservoir
BG,h2217,0.32959662262928885,scr2006,stInflow,reservoir
BG,h2218,0.32959662262928885,scr2006,stInflow,reservoir
BG,h2219,0.32959662262928885,scr2006,stInflow,reservoir
BG,h2220,0.32959662262928885,scr2006,stInflow,reservoir
BG,h2221,0.32959662262928885,scr2006,stInflow,reservoir
BG,h2222,0.32959662262928885,scr2006,stInflow,reservoir
BG,h2223,0.32959662262928885,scr2006,stInflow,reservoir
BG,h2224,0.32959662262928885,scr2006,stInflow,reservoir
BG,h2225,0.32959662262928885,scr2006,stInflow,reservoir
BG,h2226,0.32959662262928885,scr2006,stInflow,reservoir
BG,h2227,0.32959662262928885,scr2006,stInflow,reservoir
BG,h2228,0.32959662262928885,scr2006,stInflow,reservoir
BG,h2229,0.32959662262928885,scr2006,stInflow,reservoir
BG,h2230,0.32959662262928885,scr2006,stInflow,reservoir
BG,h2231,0.32959662262928885,scr2006,stInflow,reservoir
BG,h2232,0.32959662262928885,scr2006,stInflow,reservoir
BG,h2233,0.32959662262928885,scr2006,stInflow,reservoir
BG,h2234,0.32959662262928885,scr2006,stInflow,reservoir
BG,h2235,0.32959662262928885,scr2006,stInflow,reservoir
BG,h2236,0.32959662262928885,scr2006,stInflow,reservoir
BG,h2237,0.32959662262928885,scr2006,stInflow,reservoir
BG,h2238,0.32959662262928885,scr2006,stInflow,reservoir
BG,h2239,0.32959662262928885,scr2006,stInflow,reservoir
BG,h2240,0.32959662262928885,scr2006,stInflow,reservoir
BG,h2241,0.32959662262928885,scr2006,stInflow,reservoir
BG,h2242,0.32959662262928885,scr2006,stInflow,reservoir
BG,h2243,0.32959662262928885,scr2006,stInflow,reservoir
BG,h2244,0.32959662262928885,scr2006,stInflow,reservoir
BG,h2245,0.32959662262928885,scr2006,stInflow,reservoir
BG,h2246,0.32959662262928885,scr2006,stInflow,reservoir
BG,h2247,0.32959662262928885,scr2006,stInflow,reservoir
BG,h2248,0.32959662262928885,scr2006,stInflow,reservoir
BG,h2249,0.32959662262928885,scr2006,stInflow,reservoir
BG,h2250,0.32959662262928885,scr2006,stInflow,reservoir
BG,h2251,0.32959662262928885,scr2006,stInflow,reservoir
BG,h2252,0.32959662262928885,scr2006,stInflow,reservoir
BG,h2253,0.32959662262928885,scr2006,stInflow,reservoir
BG,h2254,0.32959662262928885,scr2006,stInflow,reservoir
BG,h2255,0.32959662262928885,scr2006,stInflow,reservoir
BG,h2256,0.32959662262928885,scr2006,stInflow,reservoir
BG,h2257,0.32959662262928885,scr2006,stInflow,reservoir
BG,h2258,0.32959662262928885,scr2006,stInflow,reservoir
BG,h2259,0.32959662262928885,scr2006,stInflow,reservoir
BG,h2260,0.32959662262928885,scr2006,stInflow,reservoir
BG,h2261,0.32959662262928885,scr2006,stInflow,reservoir
BG,h2262,0.32959662262928885,scr2006,stInflow,reservoir
BG,h2263,0.32959662262928885,scr2006,stInflow,reservoir
BG,h2264,0.32959662262928885,scr2006,stInflow,reservoir
BG,h2265,0.32959662262928885,scr2006,stInflow,reservoir
BG,h2266,0.32959662262928885,scr2006,stInflow,reservoir
BG,h2267,0.32959662262928885,scr2006,stInflow,reservoir
BG,h2268,0.32959662262928885,scr2006,stInflow,reservoir
BG,h2269,0.32959662262928885,scr2006,stInflow,reservoir
BG,h2270,0.32959662262928885,scr2006,stInflow,reservoir
BG,h2271,0.32959662262928885,scr2006,stInflow,reservoir
BG,h2272,0.32959662262928885,scr2006,stInflow,reservoir
BG,h2273,0.32959662262928885,scr2006,stInflow,reservoir
BG,h2274,0.32959662262928885,scr2006,stInflow,reservoir
BG,h2275,0.32959662262928885,scr2006,stInflow,reservoir
BG,h2276,0.32959662262928885,scr2006,stInflow,reservoir
BG,h2277,0.32959662262928885,scr2006,stInflow,reservoir
BG,h2278,0.32959662262928885,scr2006,stInflow,reservoir
BG,h2279,0.32959662262928885,scr2006,stInflow,reservoir
BG,h2280,0.32959662262928885,scr2006,stInflow,reservoir
BG,h2281,0.32959662262928885,scr2006,stInflow,reservoir
BG,h2282,0.32959662262928885,scr2006,stInflow,reservoir
BG,h2283,0.32959662262928885,scr2006,stInflow,reservoir
BG,h2284,0.32959662262928885,scr2006,stInflow,reservoir
BG,h2285,0.32959662262928885,scr2006,stInflow,reservoir
BG,h2286,0.32959662262928885,scr2006,stInflow,reservoir
BG,h2287,0.32959662262928885,scr2006,stInflow,reservoir
BG,h2288,0.32959662262928885,scr2006,stInflow,reservoir
BG,h2289,0.32959662262928885,scr2006,stInflow,reservoir
BG,h2290,0.32959662262928885,scr2006,stInflow,reservoir
BG,h2291,0.32959662262928885,scr2006,stInflow,reservoir
BG,h2292,0.32959662262928885,scr2006,stInflow,reservoir
BG,h2293,0.32959662262928885,scr2006,stInflow,reservoir
BG,h2294,0.32959662262928885,scr2006,stInflow,reservoir
BG,h2295,0.32959662262928885,scr2006,stInflow,reservoir
BG,h2296,0.32959662262928885,scr2006,stInflow,reservoir
BG,h2297,0.32959662262928885,scr2006,stInflow,reservoir
BG,h2298,0.32959662262928885,scr2006,stInflow,reservoir
BG,h2299,0.32959662262928885,scr2006,stInflow,reservoir
BG,h2300,0.32959662262928885,scr2006,stInflow,reservoir
BG,h2301,0.32959662262928885,scr2006,stInflow,reservoir
BG,h2302,0.32959662262928885,scr2006,stInflow,reservoir
BG,h2303,0.32959662262928885,scr2006,stInflow,reservoir
BG,h2304,0.32959662262928885,scr2006,stInflow,reservoir
BG,h2305,0.32959662262928885,scr2006,stInflow,reservoir
BG,h2306,0.32959662262928885,scr2006,stInflow,reservoir
BG,h2307,0.32959662262928885,scr2006,stInflow,reservoir
BG,h2308,0.32959662262928885,scr2006,stInflow,reservoir
BG,h2309,0.32959662262928885,scr2006,stInflow,reservoir
BG,h2310,0.32959662262928885,scr2006,stInflow,reservoir
BG,h2311,0.32959662262928885,scr2006,stInflow,reservoir
BG,h2312,0.32959662262928885,scr2006,stInflow,reservoir
BG,h2313,0.32959662262928885,scr2006,stInflow,reservoir
BG,h2314,0.32959662262928885,scr2006,stInflow,reservoir
BG,h2315,0.32959662262928885,scr2006,stInflow,reservoir
BG,h2316,0.32959662262928885,scr2006,stInflow,reservoir
BG,h2317,0.32959662262928885,scr2006,stInflow,reservoir
BG,h2318,0.32959662262928885,scr2006,stInflow,reservoir
BG,h2319,0.32959662262928885,scr2006,stInflow,reservoir
BG,h2320,0.32959662262928885,scr2006,stInflow,reservoir
BG,h2321,0.32959662262928885,scr2006,stInflow,reservoir
BG,h2322,0.32959662262928885,scr2006,stInflow,reservoir
BG,h2323,0.32959662262928885,scr2006,stInflow,reservoir
BG,h2324,0.32959662262928885,scr2006,stInflow,reservoir
BG,h2325,0.32959662262928885,scr2006,stInflow,reservoir
BG,h2326,0.32959662262928885,scr2006,stInflow,reservoir
BG,h2327,0.32959662262928885,scr2006,stInflow,reservoir
BG,h2328,0.32959662262928885,scr2006,stInflow,reservoir
BG,h2329,0.32959662262928885,scr2006,stInflow,reservoir
BG,h2330,0.32959662262928885,scr2006,stInflow,reservoir
BG,h2331,0.32959662262928885,scr2006,stInflow,reservoir
BG,h2332,0.32959662262928885,scr2006,stInflow,reservoir
BG,h2333,0.32959662262928885,scr2006,stInflow,reservoir
BG,h2334,0.32959662262928885,scr2006,stInflow,reservoir
BG,h2335,0.32959662262928885,scr2006,stInflow,reservoir
BG,h2336,0.32959662262928885,scr2006,stInflow,reservoir
BG,h2337,0.32959662262928885,scr2006,stInflow,reservoir
BG,h2338,0.32959662262928885,scr2006,stInflow,reservoir
BG,h2339,0.32959662262928885,scr2006,stInflow,reservoir
BG,h2340,0.32959662262928885,scr2006,stInflow,reservoir
BG,h2341,0.32959662262928885,scr2006,stInflow,reservoir
BG,h2342,0.32959662262928885,scr2006,stInflow,reservoir
BG,h2343,0.32959662262928885,scr2006,stInflow,reservoir
BG,h2344,0.32959662262928885,scr2006,stInflow,reservoir
BG,h2345,0.32959662262928885,scr2006,stInflow,reservoir
BG,h2346,0.32959662262928885,scr2006,stInflow,reservoir
BG,h2347,0.32959662262928885,scr2006,stInflow,reservoir
BG,h2348,0.32959662262928885,scr2006,stInflow,reservoir
BG,h2349,0.32959662262928885,scr2006,stInflow,reservoir
BG,h2350,0.32959662262928885,scr2006,stInflow,reservoir
BG,h2351,0.32959662262928885,scr2006,stInflow,reservoir
BG,h2352,0.32959662262928885,scr2006,stInflow,reservoir
BG,h2353,0.32959662262928885,scr2006,stInflow,reservoir
BG,h2354,0.32959662262928885,scr2006,stInflow,reservoir
BG,h2355,0.32959662262928885,scr2006,stInflow,reservoir
BG,h2356,0.32959662262928885,scr2006,stInflow,reservoir
BG,h2357,0.32959662262928885,scr2006,stInflow,reservoir
BG,h2358,0.32959662262928885,scr2006,stInflow,reservoir
BG,h2359,0.32959662262928885,scr2006,stInflow,reservoir
BG,h2360,0.32959662262928885,scr2006,stInflow,reservoir
BG,h2361,0.32959662262928885,scr2006,stInflow,reservoir
BG,h2362,0.32959662262928885,scr2006,stInflow,reservoir
BG,h2363,0.32959662262928885,scr2006,stInflow,reservoir
BG,h2364,0.32959662262928885,scr2006,stInflow,reservoir
BG,h2365,0.32959662262928885,scr2006,stInflow,reservoir
BG,h2366,0.32959662262928885,scr2006,stInflow,reservoir
BG,h2367,0.32959662262928885,scr2006,stInflow,reservoir
BG,h2368,0.32959662262928885,scr2006,stInflow,reservoir
BG,h2369,0.32959662262928885,scr2006,stInflow,reservoir
BG,h2370,0.32959662262928885,scr2006,stInflow,reservoir
BG,h2371,0.32959662262928885,scr2006,stInflow,reservoir
BG,h2372,0.32959662262928885,scr2006,stInflow,reservoir
BG,h2373,0.32959662262928885,scr2006,stInflow,reservoir
BG,h2374,0.32959662262928885,scr2006,stInflow,reservoir
BG,h2375,0.32959662262928885,scr2006,stInflow,reservoir
BG,h2376,0.32959662262928885,scr2006,stInflow,reservoir
BG,h2377,0.34261398613690347,scr2006,stInflow,reservoir
BG,h2378,0.3556313991123442,scr2006,stInflow,reservoir
BG,h2379,0.3686488597443613,scr2006,stInflow,reservoir
BG,h2380,0.3686488597443613,scr2006,stInflow,reservoir
BG,h2381,0.3686488597443613,scr2006,stInflow,reservoir
BG,h2382,0.3686488597443613,scr2006,stInflow,reservoir
BG,h2383,0.3686488597443613,scr2006,stInflow,reservoir
BG,h2384,0.3686488597443613,scr2006,stInflow,reservoir
BG,h2385,0.3686488597443613,scr2006,stInflow,reservoir
BG,h2386,0.3686488597443613,scr2006,stInflow,reservoir
BG,h2387,0.3686488597443613,scr2006,stInflow,reservoir
BG,h2388,0.3686488597443613,scr2006,stInflow,reservoir
BG,h2389,0.3686488597443613,scr2006,stInflow,reservoir
BG,h2390,0.3686488597443613,scr2006,stInflow,reservoir
BG,h2391,0.3686488597443613,scr2006,stInflow,reservoir
BG,h2392,0.3686488597443613,scr2006,stInflow,reservoir
BG,h2393,0.3686488597443613,scr2006,stInflow,reservoir
BG,h2394,0.3686488597443613,scr2006,stInflow,reservoir
BG,h2395,0.3686488597443613,scr2006,stInflow,reservoir
BG,h2396,0.3686488597443613,scr2006,stInflow,reservoir
BG,h2397,0.3686488597443613,scr2006,stInflow,reservoir
BG,h2398,0.3686488597443613,scr2006,stInflow,reservoir
BG,h2399,0.3686488597443613,scr2006,stInflow,reservoir
BG,h2400,0.3686488597443613,scr2006,stInflow,reservoir
BG,h2401,0.3686488597443613,scr2006,stInflow,reservoir
BG,h2402,0.3686488597443613,scr2006,stInflow,reservoir
BG,h2403,0.3686488597443613,scr2006,stInflow,reservoir
BG,h2404,0.3686488597443613,scr2006,stInflow,reservoir
BG,h2405,0.3686488597443613,scr2006,stInflow,reservoir
BG,h2406,0.3686488597443613,scr2006,stInflow,reservoir
BG,h2407,0.3686488597443613,scr2006,stInflow,reservoir
BG,h2408,0.3686488597443613,scr2006,stInflow,reservoir
BG,h2409,0.3686488597443613,scr2006,stInflow,reservoir
BG,h2410,0.3686488597443613,scr2006,stInflow,reservoir
BG,h2411,0.3686488597443613,scr2006,stInflow,reservoir
BG,h2412,0.3686488597443613,scr2006,stInflow,reservoir
BG,h2413,0.3686488597443613,scr2006,stInflow,reservoir
BG,h2414,0.3686488597443613,scr2006,stInflow,reservoir
BG,h2415,0.3686488597443613,scr2006,stInflow,reservoir
BG,h2416,0.3686488597443613,scr2006,stInflow,reservoir
BG,h2417,0.3686488597443613,scr2006,stInflow,reservoir
BG,h2418,0.3686488597443613,scr2006,stInflow,reservoir
BG,h2419,0.3686488597443613,scr2006,stInflow,reservoir
BG,h2420,0.3686488597443613,scr2006,stInflow,reservoir
BG,h2421,0.3686488597443613,scr2006,stInflow,reservoir
BG,h2422,0.3686488597443613,scr2006,stInflow,reservoir
BG,h2423,0.3686488597443613,scr2006,stInflow,reservoir
BG,h2424,0.3686488597443613,scr2006,stInflow,reservoir
BG,h2425,0.3686488597443613,scr2006,stInflow,reservoir
BG,h2426,0.3686488597443613,scr2006,stInflow,reservoir
BG,h2427,0.3686488597443613,scr2006,stInflow,reservoir
BG,h2428,0.3686488597443613,scr2006,stInflow,reservoir
BG,h2429,0.3686488597443613,scr2006,stInflow,reservoir
BG,h2430,0.3686488597443613,scr2006,stInflow,reservoir
BG,h2431,0.3686488597443613,scr2006,stInflow,reservoir
BG,h2432,0.3686488597443613,scr2006,stInflow,reservoir
BG,h2433,0.3686488597443613,scr2006,stInflow,reservoir
BG,h2434,0.3686488597443613,scr2006,stInflow,reservoir
BG,h2435,0.3686488597443613,scr2006,stInflow,reservoir
BG,h2436,0.3686488597443613,scr2006,stInflow,reservoir
BG,h2437,0.3686488597443613,scr2006,stInflow,reservoir
BG,h2438,0.3686488597443613,scr2006,stInflow,reservoir
BG,h2439,0.3686488597443613,scr2006,stInflow,reservoir
BG,h2440,0.3686488597443613,scr2006,stInflow,reservoir
BG,h2441,0.3686488597443613,scr2006,stInflow,reservoir
BG,h2442,0.3686488597443613,scr2006,stInflow,reservoir
BG,h2443,0.3686488597443613,scr2006,stInflow,reservoir
BG,h2444,0.3686488597443613,scr2006,stInflow,reservoir
BG,h2445,0.3686488597443613,scr2006,stInflow,reservoir
BG,h2446,0.3686488597443613,scr2006,stInflow,reservoir
BG,h2447,0.3686488597443613,scr2006,stInflow,reservoir
BG,h2448,0.3686488597443613,scr2006,stInflow,reservoir
BG,h2449,0.3686488597443613,scr2006,stInflow,reservoir
BG,h2450,0.3686488597443613,scr2006,stInflow,reservoir
BG,h2451,0.3686488597443613,scr2006,stInflow,reservoir
BG,h2452,0.3686488597443613,scr2006,stInflow,reservoir
BG,h2453,0.3686488597443613,scr2006,stInflow,reservoir
BG,h2454,0.3686488597443613,scr2006,stInflow,reservoir
BG,h2455,0.3686488597443613,scr2006,stInflow,reservoir
BG,h2456,0.3686488597443613,scr2006,stInflow,reservoir
BG,h2457,0.3686488597443613,scr2006,stInflow,reservoir
BG,h2458,0.3686488597443613,scr2006,stInflow,reservoir
BG,h2459,0.3686488597443613,scr2006,stInflow,reservoir
BG,h2460,0.3686488597443613,scr2006,stInflow,reservoir
BG,h2461,0.3686488597443613,scr2006,stInflow,reservoir
BG,h2462,0.3686488597443613,scr2006,stInflow,reservoir
BG,h2463,0.3686488597443613,scr2006,stInflow,reservoir
BG,h2464,0.3686488597443613,scr2006,stInflow,reservoir
BG,h2465,0.3686488597443613,scr2006,stInflow,reservoir
BG,h2466,0.3686488597443613,scr2006,stInflow,reservoir
BG,h2467,0.3686488597443613,scr2006,stInflow,reservoir
BG,h2468,0.3686488597443613,scr2006,stInflow,reservoir
BG,h2469,0.3686488597443613,scr2006,stInflow,reservoir
BG,h2470,0.3686488597443613,scr2006,stInflow,reservoir
BG,h2471,0.3686488597443613,scr2006,stInflow,reservoir
BG,h2472,0.3686488597443613,scr2006,stInflow,reservoir
BG,h2473,0.3686488597443613,scr2006,stInflow,reservoir
BG,h2474,0.3686488597443613,scr2006,stInflow,reservoir
BG,h2475,0.3686488597443613,scr2006,stInflow,reservoir
BG,h2476,0.3686488597443613,scr2006,stInflow,reservoir
BG,h2477,0.3686488597443613,scr2006,stInflow,reservoir
BG,h2478,0.3686488597443613,scr2006,stInflow,reservoir
BG,h2479,0.3686488597443613,scr2006,stInflow,reservoir
BG,h2480,0.3686488597443613,scr2006,stInflow,reservoir
BG,h2481,0.3686488597443613,scr2006,stInflow,reservoir
BG,h2482,0.3686488597443613,scr2006,stInflow,reservoir
BG,h2483,0.3686488597443613,scr2006,stInflow,reservoir
BG,h2484,0.3686488597443613,scr2006,stInflow,reservoir
BG,h2485,0.3686488597443613,scr2006,stInflow,reservoir
BG,h2486,0.3686488597443613,scr2006,stInflow,reservoir
BG,h2487,0.3686488597443613,scr2006,stInflow,reservoir
BG,h2488,0.3686488597443613,scr2006,stInflow,reservoir
BG,h2489,0.3686488597443613,scr2006,stInflow,reservoir
BG,h2490,0.3686488597443613,scr2006,stInflow,reservoir
BG,h2491,0.3686488597443613,scr2006,stInflow,reservoir
BG,h2492,0.3686488597443613,scr2006,stInflow,reservoir
BG,h2493,0.3686488597443613,scr2006,stInflow,reservoir
BG,h2494,0.3686488597443613,scr2006,stInflow,reservoir
BG,h2495,0.3686488597443613,scr2006,stInflow,reservoir
BG,h2496,0.3686488597443613,scr2006,stInflow,reservoir
BG,h2497,0.3686488597443613,scr2006,stInflow,reservoir
BG,h2498,0.3686488597443613,scr2006,stInflow,reservoir
BG,h2499,0.3686488597443613,scr2006,stInflow,reservoir
BG,h2500,0.3686488597443613,scr2006,stInflow,reservoir
BG,h2501,0.3686488597443613,scr2006,stInflow,reservoir
BG,h2502,0.3686488597443613,scr2006,stInflow,reservoir
BG,h2503,0.3686488597443613,scr2006,stInflow,reservoir
BG,h2504,0.3686488597443613,scr2006,stInflow,reservoir
BG,h2505,0.3686488597443613,scr2006,stInflow,reservoir
BG,h2506,0.3686488597443613,scr2006,stInflow,reservoir
BG,h2507,0.3686488597443613,scr2006,stInflow,reservoir
BG,h2508,0.3686488597443613,scr2006,stInflow,reservoir
BG,h2509,0.3686488597443613,scr2006,stInflow,reservoir
BG,h2510,0.3686488597443613,scr2006,stInflow,reservoir
BG,h2511,0.3686488597443613,scr2006,stInflow,reservoir
BG,h2512,0.3686488597443613,scr2006,stInflow,reservoir
BG,h2513,0.3686488597443613,scr2006,stInflow,reservoir
BG,h2514,0.3686488597443613,scr2006,stInflow,reservoir
BG,h2515,0.3686488597443613,scr2006,stInflow,reservoir
BG,h2516,0.3686488597443613,scr2006,stInflow,reservoir
BG,h2517,0.3686488597443613,scr2006,stInflow,reservoir
BG,h2518,0.3686488597443613,scr2006,stInflow,reservoir
BG,h2519,0.3686488597443613,scr2006,stInflow,reservoir
BG,h2520,0.3686488597443613,scr2006,stInflow,reservoir
BG,h2521,0.3686488597443613,scr2006,stInflow,reservoir
BG,h2522,0.3686488597443613,scr2006,stInflow,reservoir
BG,h2523,0.3686488597443613,scr2006,stInflow,reservoir
BG,h2524,0.3686488597443613,scr2006,stInflow,reservoir
BG,h2525,0.3686488597443613,scr2006,stInflow,reservoir
BG,h2526,0.3686488597443613,scr2006,stInflow,reservoir
BG,h2527,0.3686488597443613,scr2006,stInflow,reservoir
BG,h2528,0.3686488597443613,scr2006,stInflow,reservoir
BG,h2529,0.3686488597443613,scr2006,stInflow,reservoir
BG,h2530,0.3686488597443613,scr2006,stInflow,reservoir
BG,h2531,0.3686488597443613,scr2006,stInflow,reservoir
BG,h2532,0.3686488597443613,scr2006,stInflow,reservoir
BG,h2533,0.3686488597443613,scr2006,stInflow,reservoir
BG,h2534,0.3686488597443613,scr2006,stInflow,reservoir
BG,h2535,0.3686488597443613,scr2006,stInflow,reservoir
BG,h2536,0.3686488597443613,scr2006,stInflow,reservoir
BG,h2537,0.3686488597443613,scr2006,stInflow,reservoir
BG,h2538,0.3686488597443613,scr2006,stInflow,reservoir
BG,h2539,0.3686488597443613,scr2006,stInflow,reservoir
BG,h2540,0.3686488597443613,scr2006,stInflow,reservoir
BG,h2541,0.3686488597443613,scr2006,stInflow,reservoir
BG,h2542,0.3686488597443613,scr2006,stInflow,reservoir
BG,h2543,0.3686488597443613,scr2006,stInflow,reservoir
BG,h2544,0.3686488597443613,scr2006,stInflow,reservoir
BG,h2545,0.40347876579170866,scr2006,stInflow,reservoir
BG,h2546,0.4383089728630303,scr2006,stInflow,reservoir
BG,h2547,0.47313945698850124,scr2006,stInflow,reservoir
BG,h2548,0.47313945698850124,scr2006,stInflow,reservoir
BG,h2549,0.47313945698850124,scr2006,stInflow,reservoir
BG,h2550,0.47313945698850124,scr2006,stInflow,reservoir
BG,h2551,0.47313945698850124,scr2006,stInflow,reservoir
BG,h2552,0.47313945698850124,scr2006,stInflow,reservoir
BG,h2553,0.47313945698850124,scr2006,stInflow,reservoir
BG,h2554,0.47313945698850124,scr2006,stInflow,reservoir
BG,h2555,0.47313945698850124,scr2006,stInflow,reservoir
BG,h2556,0.47313945698850124,scr2006,stInflow,reservoir
BG,h2557,0.47313945698850124,scr2006,stInflow,reservoir
BG,h2558,0.47313945698850124,scr2006,stInflow,reservoir
BG,h2559,0.47313945698850124,scr2006,stInflow,reservoir
BG,h2560,0.47313945698850124,scr2006,stInflow,reservoir
BG,h2561,0.47313945698850124,scr2006,stInflow,reservoir
BG,h2562,0.47313945698850124,scr2006,stInflow,reservoir
BG,h2563,0.47313945698850124,scr2006,stInflow,reservoir
BG,h2564,0.47313945698850124,scr2006,stInflow,reservoir
BG,h2565,0.47313945698850124,scr2006,stInflow,reservoir
BG,h2566,0.47313945698850124,scr2006,stInflow,reservoir
BG,h2567,0.47313945698850124,scr2006,stInflow,reservoir
BG,h2568,0.47313945698850124,scr2006,stInflow,reservoir
BG,h2569,0.47313945698850124,scr2006,stInflow,reservoir
BG,h2570,0.47313945698850124,scr2006,stInflow,reservoir
BG,h2571,0.47313945698850124,scr2006,stInflow,reservoir
BG,h2572,0.47313945698850124,scr2006,stInflow,reservoir
BG,h2573,0.47313945698850124,scr2006,stInflow,reservoir
BG,h2574,0.47313945698850124,scr2006,stInflow,reservoir
BG,h2575,0.47313945698850124,scr2006,stInflow,reservoir
BG,h2576,0.47313945698850124,scr2006,stInflow,reservoir
BG,h2577,0.47313945698850124,scr2006,stInflow,reservoir
BG,h2578,0.47313945698850124,scr2006,stInflow,reservoir
BG,h2579,0.47313945698850124,scr2006,stInflow,reservoir
BG,h2580,0.47313945698850124,scr2006,stInflow,reservoir
BG,h2581,0.47313945698850124,scr2006,stInflow,reservoir
BG,h2582,0.47313945698850124,scr2006,stInflow,reservoir
BG,h2583,0.47313945698850124,scr2006,stInflow,reservoir
BG,h2584,0.47313945698850124,scr2006,stInflow,reservoir
BG,h2585,0.47313945698850124,scr2006,stInflow,reservoir
BG,h2586,0.47313945698850124,scr2006,stInflow,reservoir
BG,h2587,0.47313945698850124,scr2006,stInflow,reservoir
BG,h2588,0.47313945698850124,scr2006,stInflow,reservoir
BG,h2589,0.47313945698850124,scr2006,stInflow,reservoir
BG,h2590,0.47313945698850124,scr2006,stInflow,reservoir
BG,h2591,0.47313945698850124,scr2006,stInflow,reservoir
BG,h2592,0.47313945698850124,scr2006,stInflow,reservoir
BG,h2593,0.47313945698850124,scr2006,stInflow,reservoir
BG,h2594,0.47313945698850124,scr2006,stInflow,reservoir
BG,h2595,0.47313945698850124,scr2006,stInflow,reservoir
BG,h2596,0.47313945698850124,scr2006,stInflow,reservoir
BG,h2597,0.47313945698850124,scr2006,stInflow,reservoir
BG,h2598,0.47313945698850124,scr2006,stInflow,reservoir
BG,h2599,0.47313945698850124,scr2006,stInflow,reservoir
BG,h2600,0.47313945698850124,scr2006,stInflow,reservoir
BG,h2601,0.47313945698850124,scr2006,stInflow,reservoir
BG,h2602,0.47313945698850124,scr2006,stInflow,reservoir
BG,h2603,0.47313945698850124,scr2006,stInflow,reservoir
BG,h2604,0.47313945698850124,scr2006,stInflow,reservoir
BG,h2605,0.47313945698850124,scr2006,stInflow,reservoir
BG,h2606,0.47313945698850124,scr2006,stInflow,reservoir
BG,h2607,0.47313945698850124,scr2006,stInflow,reservoir
BG,h2608,0.47313945698850124,scr2006,stInflow,reservoir
BG,h2609,0.47313945698850124,scr2006,stInflow,reservoir
BG,h2610,0.47313945698850124,scr2006,stInflow,reservoir
BG,h2611,0.47313945698850124,scr2006,stInflow,reservoir
BG,h2612,0.47313945698850124,scr2006,stInflow,reservoir
BG,h2613,0.47313945698850124,scr2006,stInflow,reservoir
BG,h2614,0.47313945698850124,scr2006,stInflow,reservoir
BG,h2615,0.47313945698850124,scr2006,stInflow,reservoir
BG,h2616,0.47313945698850124,scr2006,stInflow,reservoir
BG,h2617,0.47313945698850124,scr2006,stInflow,reservoir
BG,h2618,0.47313945698850124,scr2006,stInflow,reservoir
BG,h2619,0.47313945698850124,scr2006,stInflow,reservoir
BG,h2620,0.47313945698850124,scr2006,stInflow,reservoir
BG,h2621,0.47313945698850124,scr2006,stInflow,reservoir
BG,h2622,0.47313945698850124,scr2006,stInflow,reservoir
BG,h2623,0.47313945698850124,scr2006,stInflow,reservoir
BG,h2624,0.47313945698850124,scr2006,stInflow,reservoir
BG,h2625,0.47313945698850124,scr2006,stInflow,reservoir
BG,h2626,0.47313945698850124,scr2006,stInflow,reservoir
BG,h2627,0.47313945698850124,scr2006,stInflow,reservoir
BG,h2628,0.47313945698850124,scr2006,stInflow,reservoir
BG,h2629,0.47313945698850124,scr2006,stInflow,reservoir
BG,h2630,0.47313945698850124,scr2006,stInflow,reservoir
BG,h2631,0.47313945698850124,scr2006,stInflow,reservoir
BG,h2632,0.47313945698850124,scr2006,stInflow,reservoir
BG,h2633,0.47313945698850124,scr2006,stInflow,reservoir
BG,h2634,0.47313945698850124,scr2006,stInflow,reservoir
BG,h2635,0.47313945698850124,scr2006,stInflow,reservoir
BG,h2636,0.47313945698850124,scr2006,stInflow,reservoir
BG,h2637,0.47313945698850124,scr2006,stInflow,reservoir
BG,h2638,0.47313945698850124,scr2006,stInflow,reservoir
BG,h2639,0.47313945698850124,scr2006,stInflow,reservoir
BG,h2640,0.47313945698850124,scr2006,stInflow,reservoir
BG,h2641,0.47313945698850124,scr2006,stInflow,reservoir
BG,h2642,0.47313945698850124,scr2006,stInflow,reservoir
BG,h2643,0.47313945698850124,scr2006,stInflow,reservoir
BG,h2644,0.47313945698850124,scr2006,stInflow,reservoir
BG,h2645,0.47313945698850124,scr2006,stInflow,reservoir
BG,h2646,0.47313945698850124,scr2006,stInflow,reservoir
BG,h2647,0.47313945698850124,scr2006,stInflow,reservoir
BG,h2648,0.47313945698850124,scr2006,stInflow,reservoir
BG,h2649,0.47313945698850124,scr2006,stInflow,reservoir
BG,h2650,0.47313945698850124,scr2006,stInflow,reservoir
BG,h2651,0.47313945698850124,scr2006,stInflow,reservoir
BG,h2652,0.47313945698850124,scr2006,stInflow,reservoir
BG,h2653,0.47313945698850124,scr2006,stInflow,reservoir
BG,h2654,0.47313945698850124,scr2006,stInflow,reservoir
BG,h2655,0.47313945698850124,scr2006,stInflow,reservoir
BG,h2656,0.47313945698850124,scr2006,stInflow,reservoir
BG,h2657,0.47313945698850124,scr2006,stInflow,reservoir
BG,h2658,0.47313945698850124,scr2006,stInflow,reservoir
BG,h2659,0.47313945698850124,scr2006,stInflow,reservoir
BG,h2660,0.47313945698850124,scr2006,stInflow,reservoir
BG,h2661,0.47313945698850124,scr2006,stInflow,reservoir
BG,h2662,0.47313945698850124,scr2006,stInflow,reservoir
BG,h2663,0.47313945698850124,scr2006,stInflow,reservoir
BG,h2664,0.47313945698850124,scr2006,stInflow,reservoir
BG,h2665,0.47313945698850124,scr2006,stInflow,reservoir
BG,h2666,0.47313945698850124,scr2006,stInflow,reservoir
BG,h2667,0.47313945698850124,scr2006,stInflow,reservoir
BG,h2668,0.47313945698850124,scr2006,stInflow,reservoir
BG,h2669,0.47313945698850124,scr2006,stInflow,reservoir
BG,h2670,0.47313945698850124,scr2006,stInflow,reservoir
BG,h2671,0.47313945698850124,scr2006,stInflow,reservoir
BG,h2672,0.47313945698850124,scr2006,stInflow,reservoir
BG,h2673,0.47313945698850124,scr2006,stInflow,reservoir
BG,h2674,0.47313945698850124,scr2006,stInflow,reservoir
BG,h2675,0.47313945698850124,scr2006,stInflow,reservoir
BG,h2676,0.47313945698850124,scr2006,stInflow,reservoir
BG,h2677,0.47313945698850124,scr2006,stInflow,reservoir
BG,h2678,0.47313945698850124,scr2006,stInflow,reservoir
BG,h2679,0.47313945698850124,scr2006,stInflow,reservoir
BG,h2680,0.47313945698850124,scr2006,stInflow,reservoir
BG,h2681,0.47313945698850124,scr2006,stInflow,reservoir
BG,h2682,0.47313945698850124,scr2006,stInflow,reservoir
BG,h2683,0.47313945698850124,scr2006,stInflow,reservoir
BG,h2684,0.47313945698850124,scr2006,stInflow,reservoir
BG,h2685,0.47313945698850124,scr2006,stInflow,reservoir
BG,h2686,0.47313945698850124,scr2006,stInflow,reservoir
BG,h2687,0.47313945698850124,scr2006,stInflow,reservoir
BG,h2688,0.47313945698850124,scr2006,stInflow,reservoir
BG,h2689,0.47313945698850124,scr2006,stInflow,reservoir
BG,h2690,0.47313945698850124,scr2006,stInflow,reservoir
BG,h2691,0.47313945698850124,scr2006,stInflow,reservoir
BG,h2692,0.47313945698850124,scr2006,stInflow,reservoir
BG,h2693,0.47313945698850124,scr2006,stInflow,reservoir
BG,h2694,0.47313945698850124,scr2006,stInflow,reservoir
BG,h2695,0.47313945698850124,scr2006,stInflow,reservoir
BG,h2696,0.47313945698850124,scr2006,stInflow,reservoir
BG,h2697,0.47313945698850124,scr2006,stInflow,reservoir
BG,h2698,0.47313945698850124,scr2006,stInflow,reservoir
BG,h2699,0.47313945698850124,scr2006,stInflow,reservoir
BG,h2700,0.47313945698850124,scr2006,stInflow,reservoir
BG,h2701,0.47313945698850124,scr2006,stInflow,reservoir
BG,h2702,0.47313945698850124,scr2006,stInflow,reservoir
BG,h2703,0.47313945698850124,scr2006,stInflow,reservoir
BG,h2704,0.47313945698850124,scr2006,stInflow,reservoir
BG,h2705,0.47313945698850124,scr2006,stInflow,reservoir
BG,h2706,0.47313945698850124,scr2006,stInflow,reservoir
BG,h2707,0.47313945698850124,scr2006,stInflow,reservoir
BG,h2708,0.47313945698850124,scr2006,stInflow,reservoir
BG,h2709,0.47313945698850124,scr2006,stInflow,reservoir
BG,h2710,0.47313945698850124,scr2006,stInflow,reservoir
BG,h2711,0.47313945698850124,scr2006,stInflow,reservoir
BG,h2712,0.47313945698850124,scr2006,stInflow,reservoir
BG,h2713,0.4705568743916273,scr2006,stInflow,reservoir
BG,h2714,0.467974293212076,scr2006,stInflow,reservoir
BG,h2715,0.4653917134576679,scr2006,stInflow,reservoir
BG,h2716,0.4653917134576679,scr2006,stInflow,reservoir
BG,h2717,0.4653917134576679,scr2006,stInflow,reservoir
BG,h2718,0.4653917134576679,scr2006,stInflow,reservoir
BG,h2719,0.4653917134576679,scr2006,stInflow,reservoir
BG,h2720,0.4653917134576679,scr2006,stInflow,reservoir
BG,h2721,0.4653917134576679,scr2006,stInflow,reservoir
BG,h2722,0.4653917134576679,scr2006,stInflow,reservoir
BG,h2723,0.4653917134576679,scr2006,stInflow,reservoir
BG,h2724,0.4653917134576679,scr2006,stInflow,reservoir
BG,h2725,0.4653917134576679,scr2006,stInflow,reservoir
BG,h2726,0.4653917134576679,scr2006,stInflow,reservoir
BG,h2727,0.4653917134576679,scr2006,stInflow,reservoir
BG,h2728,0.4653917134576679,scr2006,stInflow,reservoir
BG,h2729,0.4653917134576679,scr2006,stInflow,reservoir
BG,h2730,0.4653917134576679,scr2006,stInflow,reservoir
BG,h2731,0.4653917134576679,scr2006,stInflow,reservoir
BG,h2732,0.4653917134576679,scr2006,stInflow,reservoir
BG,h2733,0.4653917134576679,scr2006,stInflow,reservoir
BG,h2734,0.4653917134576679,scr2006,stInflow,reservoir
BG,h2735,0.4653917134576679,scr2006,stInflow,reservoir
BG,h2736,0.4653917134576679,scr2006,stInflow,reservoir
BG,h2737,0.4653917134576679,scr2006,stInflow,reservoir
BG,h2738,0.4653917134576679,scr2006,stInflow,reservoir
BG,h2739,0.4653917134576679,scr2006,stInflow,reservoir
BG,h2740,0.4653917134576679,scr2006,stInflow,reservoir
BG,h2741,0.4653917134576679,scr2006,stInflow,reservoir
BG,h2742,0.4653917134576679,scr2006,stInflow,reservoir
BG,h2743,0.4653917134576679,scr2006,stInflow,reservoir
BG,h2744,0.4653917134576679,scr2006,stInflow,reservoir
BG,h2745,0.4653917134576679,scr2006,stInflow,reservoir
BG,h2746,0.4653917134576679,scr2006,stInflow,reservoir
BG,h2747,0.4653917134576679,scr2006,stInflow,reservoir
BG,h2748,0.4653917134576679,scr2006,stInflow,reservoir
BG,h2749,0.4653917134576679,scr2006,stInflow,reservoir
BG,h2750,0.4653917134576679,scr2006,stInflow,reservoir
BG,h2751,0.4653917134576679,scr2006,stInflow,reservoir
BG,h2752,0.4653917134576679,scr2006,stInflow,reservoir
BG,h2753,0.4653917134576679,scr2006,stInflow,reservoir
BG,h2754,0.4653917134576679,scr2006,stInflow,reservoir
BG,h2755,0.4653917134576679,scr2006,stInflow,reservoir
BG,h2756,0.4653917134576679,scr2006,stInflow,reservoir
BG,h2757,0.4653917134576679,scr2006,stInflow,reservoir
BG,h2758,0.4653917134576679,scr2006,stInflow,reservoir
BG,h2759,0.4653917134576679,scr2006,stInflow,reservoir
BG,h2760,0.4653917134576679,scr2006,stInflow,reservoir
BG,h2761,0.4653917134576679,scr2006,stInflow,reservoir
BG,h2762,0.4653917134576679,scr2006,stInflow,reservoir
BG,h2763,0.4653917134576679,scr2006,stInflow,reservoir
BG,h2764,0.4653917134576679,scr2006,stInflow,reservoir
BG,h2765,0.4653917134576679,scr2006,stInflow,reservoir
BG,h2766,0.4653917134576679,scr2006,stInflow,reservoir
BG,h2767,0.4653917134576679,scr2006,stInflow,reservoir
BG,h2768,0.4653917134576679,scr2006,stInflow,reservoir
BG,h2769,0.4653917134576679,scr2006,stInflow,reservoir
BG,h2770,0.4653917134576679,scr2006,stInflow,reservoir
BG,h2771,0.4653917134576679,scr2006,stInflow,reservoir
BG,h2772,0.4653917134576679,scr2006,stInflow,reservoir
BG,h2773,0.4653917134576679,scr2006,stInflow,reservoir
BG,h2774,0.4653917134576679,scr2006,stInflow,reservoir
BG,h2775,0.4653917134576679,scr2006,stInflow,reservoir
BG,h2776,0.4653917134576679,scr2006,stInflow,reservoir
BG,h2777,0.4653917134576679,scr2006,stInflow,reservoir
BG,h2778,0.4653917134576679,scr2006,stInflow,reservoir
BG,h2779,0.4653917134576679,scr2006,stInflow,reservoir
BG,h2780,0.4653917134576679,scr2006,stInflow,reservoir
BG,h2781,0.4653917134576679,scr2006,stInflow,reservoir
BG,h2782,0.4653917134576679,scr2006,stInflow,reservoir
BG,h2783,0.4653917134576679,scr2006,stInflow,reservoir
BG,h2784,0.4653917134576679,scr2006,stInflow,reservoir
BG,h2785,0.4653917134576679,scr2006,stInflow,reservoir
BG,h2786,0.4653917134576679,scr2006,stInflow,reservoir
BG,h2787,0.4653917134576679,scr2006,stInflow,reservoir
BG,h2788,0.4653917134576679,scr2006,stInflow,reservoir
BG,h2789,0.4653917134576679,scr2006,stInflow,reservoir
BG,h2790,0.4653917134576679,scr2006,stInflow,reservoir
BG,h2791,0.4653917134576679,scr2006,stInflow,reservoir
BG,h2792,0.4653917134576679,scr2006,stInflow,reservoir
BG,h2793,0.4653917134576679,scr2006,stInflow,reservoir
BG,h2794,0.4653917134576679,scr2006,stInflow,reservoir
BG,h2795,0.4653917134576679,scr2006,stInflow,reservoir
BG,h2796,0.4653917134576679,scr2006,stInflow,reservoir
BG,h2797,0.4653917134576679,scr2006,stInflow,reservoir
BG,h2798,0.4653917134576679,scr2006,stInflow,reservoir
BG,h2799,0.4653917134576679,scr2006,stInflow,reservoir
BG,h2800,0.4653917134576679,scr2006,stInflow,reservoir
BG,h2801,0.4653917134576679,scr2006,stInflow,reservoir
BG,h2802,0.4653917134576679,scr2006,stInflow,reservoir
BG,h2803,0.4653917134576679,scr2006,stInflow,reservoir
BG,h2804,0.4653917134576679,scr2006,stInflow,reservoir
BG,h2805,0.4653917134576679,scr2006,stInflow,reservoir
BG,h2806,0.4653917134576679,scr2006,stInflow,reservoir
BG,h2807,0.4653917134576679,scr2006,stInflow,reservoir
BG,h2808,0.4653917134576679,scr2006,stInflow,reservoir
BG,h2809,0.4653917134576679,scr2006,stInflow,reservoir
BG,h2810,0.4653917134576679,scr2006,stInflow,reservoir
BG,h2811,0.4653917134576679,scr2006,stInflow,reservoir
BG,h2812,0.4653917134576679,scr2006,stInflow,reservoir
BG,h2813,0.4653917134576679,scr2006,stInflow,reservoir
BG,h2814,0.4653917134576679,scr2006,stInflow,reservoir
BG,h2815,0.4653917134576679,scr2006,stInflow,reservoir
BG,h2816,0.4653917134576679,scr2006,stInflow,reservoir
BG,h2817,0.4653917134576679,scr2006,stInflow,reservoir
BG,h2818,0.4653917134576679,scr2006,stInflow,reservoir
BG,h2819,0.4653917134576679,scr2006,stInflow,reservoir
BG,h2820,0.4653917134576679,scr2006,stInflow,reservoir
BG,h2821,0.4653917134576679,scr2006,stInflow,reservoir
BG,h2822,0.4653917134576679,scr2006,stInflow,reservoir
BG,h2823,0.4653917134576679,scr2006,stInflow,reservoir
BG,h2824,0.4653917134576679,scr2006,stInflow,reservoir
BG,h2825,0.4653917134576679,scr2006,stInflow,reservoir
BG,h2826,0.4653917134576679,scr2006,stInflow,reservoir
BG,h2827,0.4653917134576679,scr2006,stInflow,reservoir
BG,h2828,0.4653917134576679,scr2006,stInflow,reservoir
BG,h2829,0.4653917134576679,scr2006,stInflow,reservoir
BG,h2830,0.4653917134576679,scr2006,stInflow,reservoir
BG,h2831,0.4653917134576679,scr2006,stInflow,reservoir
BG,h2832,0.4653917134576679,scr2006,stInflow,reservoir
BG,h2833,0.4653917134576679,scr2006,stInflow,reservoir
BG,h2834,0.4653917134576679,scr2006,stInflow,reservoir
BG,h2835,0.4653917134576679,scr2006,stInflow,reservoir
BG,h2836,0.4653917134576679,scr2006,stInflow,reservoir
BG,h2837,0.4653917134576679,scr2006,stInflow,reservoir
BG,h2838,0.4653917134576679,scr2006,stInflow,reservoir
BG,h2839,0.4653917134576679,scr2006,stInflow,reservoir
BG,h2840,0.4653917134576679,scr2006,stInflow,reservoir
BG,h2841,0.4653917134576679,scr2006,stInflow,reservoir
BG,h2842,0.4653917134576679,scr2006,stInflow,reservoir
BG,h2843,0.4653917134576679,scr2006,stInflow,reservoir
BG,h2844,0.4653917134576679,scr2006,stInflow,reservoir
BG,h2845,0.4653917134576679,scr2006,stInflow,reservoir
BG,h2846,0.4653917134576679,scr2006,stInflow,reservoir
BG,h2847,0.4653917134576679,scr2006,stInflow,reservoir
BG,h2848,0.4653917134576679,scr2006,stInflow,reservoir
BG,h2849,0.4653917134576679,scr2006,stInflow,reservoir
BG,h2850,0.4653917134576679,scr2006,stInflow,reservoir
BG,h2851,0.4653917134576679,scr2006,stInflow,reservoir
BG,h2852,0.4653917134576679,scr2006,stInflow,reservoir
BG,h2853,0.4653917134576679,scr2006,stInflow,reservoir
BG,h2854,0.4653917134576679,scr2006,stInflow,reservoir
BG,h2855,0.4653917134576679,scr2006,stInflow,reservoir
BG,h2856,0.4653917134576679,scr2006,stInflow,reservoir
BG,h2857,0.4653917134576679,scr2006,stInflow,reservoir
BG,h2858,0.4653917134576679,scr2006,stInflow,reservoir
BG,h2859,0.4653917134576679,scr2006,stInflow,reservoir
BG,h2860,0.4653917134576679,scr2006,stInflow,reservoir
BG,h2861,0.4653917134576679,scr2006,stInflow,reservoir
BG,h2862,0.4653917134576679,scr2006,stInflow,reservoir
BG,h2863,0.4653917134576679,scr2006,stInflow,reservoir
BG,h2864,0.4653917134576679,scr2006,stInflow,reservoir
BG,h2865,0.4653917134576679,scr2006,stInflow,reservoir
BG,h2866,0.4653917134576679,scr2006,stInflow,reservoir
BG,h2867,0.4653917134576679,scr2006,stInflow,reservoir
BG,h2868,0.4653917134576679,scr2006,stInflow,reservoir
BG,h2869,0.4653917134576679,scr2006,stInflow,reservoir
BG,h2870,0.4653917134576679,scr2006,stInflow,reservoir
BG,h2871,0.4653917134576679,scr2006,stInflow,reservoir
BG,h2872,0.4653917134576679,scr2006,stInflow,reservoir
BG,h2873,0.4653917134576679,scr2006,stInflow,reservoir
BG,h2874,0.4653917134576679,scr2006,stInflow,reservoir
BG,h2875,0.4653917134576679,scr2006,stInflow,reservoir
BG,h2876,0.4653917134576679,scr2006,stInflow,reservoir
BG,h2877,0.4653917134576679,scr2006,stInflow,reservoir
BG,h2878,0.4653917134576679,scr2006,stInflow,reservoir
BG,h2879,0.4653917134576679,scr2006,stInflow,reservoir
BG,h2880,0.4653917134576679,scr2006,stInflow,reservoir
CH,h2161,3.591016099181057,scr2006,stInflow,reservoir
CH,h2162,3.591016099181057,scr2006,stInflow,reservoir
CH,h2163,3.591016099181057,scr2006,stInflow,reservoir
CH,h2164,3.591016099181057,scr2006,stInflow,reservoir
CH,h2165,3.591016099181057,scr2006,stInflow,reservoir
CH,h2166,3.591016099181057,scr2006,stInflow,reservoir
CH,h2167,3.591016099181057,scr2006,stInflow,reservoir
CH,h2168,3.591016099181057,scr2006,stInflow,reservoir
CH,h2169,3.591016099181057,scr2006,stInflow,reservoir
CH,h2170,3.591016099181057,scr2006,stInflow,reservoir
CH,h2171,3.591016099181057,scr2006,stInflow,reservoir
CH,h2172,3.591016099181057,scr2006,stInflow,reservoir
CH,h2173,3.591016099181057,scr2006,stInflow,reservoir
CH,h2174,3.591016099181057,scr2006,stInflow,reservoir
CH,h2175,3.591016099181057,scr2006,stInflow,reservoir
CH,h2176,3.591016099181057,scr2006,stInflow,reservoir
CH,h2177,3.591016099181057,scr2006,stInflow,reservoir
CH,h2178,3.591016099181057,scr2006,stInflow,reservoir
CH,h2179,3.591016099181057,scr2006,stInflow,reservoir
CH,h2180,3.591016099181057,scr2006,stInflow,reservoir
CH,h2181,3.591016099181057,scr2006,stInflow,reservoir
CH,h2182,3.591016099181057,scr2006,stInflow,reservoir
CH,h2183,3.591016099181057,scr2006,stInflow,reservoir
CH,h2184,3.591016099181057,scr2006,stInflow,reservoir
CH,h2185,3.591016099181057,scr2006,stInflow,reservoir
CH,h2186,3.591016099181057,scr2006,stInflow,reservoir
CH,h2187,3.591016099181057,scr2006,stInflow,reservoir
CH,h2188,3.591016099181057,scr2006,stInflow,reservoir
CH,h2189,3.591016099181057,scr2006,stInflow,reservoir
CH,h2190,3.591016099181057,scr2006,stInflow,reservoir
CH,h2191,3.591016099181057,scr2006,stInflow,reservoir
CH,h2192,3.591016099181057,scr2006,stInflow,reservoir
CH,h2193,3.591016099181057,scr2006,stInflow,reservoir
CH,h2194,3.591016099181057,scr2006,stInflow,reservoir
CH,h2195,3.591016099181057,scr2006,stInflow,reservoir
CH,h2196,3.591016099181057,scr2006,stInflow,reservoir
CH,h2197,3.591016099181057,scr2006,stInflow,reservoir
CH,h2198,3.591016099181057,scr2006,stInflow,reservoir
CH,h2199,3.591016099181057,scr2006,stInflow,reservoir
CH,h2200,3.591016099181057,scr2006,stInflow,reservoir
CH,h2201,3.591016099181057,scr2006,stInflow,reservoir
CH,h2202,3.591016099181057,scr2006,stInflow,reservoir
CH,h2203,3.591016099181057,scr2006,stInflow,reservoir
CH,h2204,3.591016099181057,scr2006,stInflow,reservoir
CH,h2205,3.591016099181057,scr2006,stInflow,reservoir
CH,h2206,3.591016099181057,scr2006,stInflow,reservoir
CH,h2207,3.591016099181057,scr2006,stInflow,reservoir
CH,h2208,3.591016099181057,scr2006,stInflow,reservoir
CH,h2209,3.2294206909428627,scr2006,stInflow,reservoir
CH,h2210,2.867829339506866,scr2006,stInflow,reservoir
CH,h2211,2.5062425588496167,scr2006,stInflow,reservoir
CH,h2212,2.5062425588496167,scr2006,stInflow,reservoir
CH,h2213,2.5062425588496167,scr2006,stInflow,reservoir
CH,h2214,2.5062425588496167,scr2006,stInflow,reservoir
CH,h2215,2.5062425588496167,scr2006,stInflow,reservoir
CH,h2216,2.5062425588496167,scr2006,stInflow,reservoir
CH,h2217,2.5062425588496167,scr2006,stInflow,reservoir
CH,h2218,2.5062425588496167,scr2006,stInflow,reservoir
CH,h2219,2.5062425588496167,scr2006,stInflow,reservoir
CH,h2220,2.5062425588496167,scr2006,stInflow,reservoir
CH,h2221,2.5062425588496167,scr2006,stInflow,reservoir
CH,h2222,2.5062425588496167,scr2006,stInflow,reservoir
CH,h2223,2.5062425588496167,scr2006,stInflow,reservoir
CH,h2224,2.5062425588496167,scr2006,stInflow,reservoir
CH,h2225,2.5062425588496167,scr2006,stInflow,reservoir
CH,h2226,2.5062425588496167,scr2006,stInflow,reservoir
CH,h2227,2.5062425588496167,scr2006,stInflow,reservoir
CH,h2228,2.5062425588496167,scr2006,stInflow,reservoir
CH,h2229,2.5062425588496167,scr2006,stInflow,reservoir
CH,h2230,2.5062425588496167,scr2006,stInflow,reservoir
CH,h2231,2.5062425588496167,scr2006,stInflow,reservoir
CH,h2232,2.5062425588496167,scr2006,stInflow,reservoir
CH,h2233,2.5062425588496167,scr2006,stInflow,reservoir
CH,h2234,2.5062425588496167,scr2006,stInflow,reservoir
CH,h2235,2.5062425588496167,scr2006,stInflow,reservoir
CH,h2236,2.5062425588496167,scr2006,stInflow,reservoir
CH,h2237,2.5062425588496167,scr2006,stInflow,reservoir
CH,h2238,2.5062425588496167,scr2006,stInflow,reservoir
CH,h2239,2.5062425588496167,scr2006,stInflow,reservoir
CH,h2240,2.5062425588496167,scr2006,stInflow,reservoir
CH,h2241,2.5062425588496167,scr2006,stInflow,reservoir
CH,h2242,2.5062425588496167,scr2006,stInflow,reservoir
CH,h2243,2.5062425588496167,scr2006,stInflow,reservoir
CH,h2244,2.5062425588496167,scr2006,stInflow,reservoir
CH,h2245,2.5062425588496167,scr2006,stInflow,reservoir
CH,h2246,2.5062425588496167,scr2006,stInflow,reservoir
CH,h2247,2.5062425588496167,scr2006,stInflow,reservoir
CH,h2248,2.5062425588496167,scr2006,stInflow,reservoir
CH,h2249,2.5062425588496167,scr2006,stInflow,reservoir
CH,h2250,2.5062425588496167,scr2006,stInflow,reservoir
CH,h2251,2.5062425588496167,scr2006,stInflow,reservoir
CH,h2252,2.5062425588496167,scr2006,stInflow,reservoir
CH,h2253,2.5062425588496167,scr2006,stInflow,reservoir
CH,h2254,2.5062425588496167,scr2006,stInflow,reservoir
CH,h2255,2.5062425588496167,scr2006,stInflow,reservoir
CH,h2256,2.5062425588496167,scr2006,stInflow,reservoir
CH,h2257,2.5062425588496167,scr2006,stInflow,reservoir
CH,h2258,2.5062425588496167,scr2006,stInflow,reservoir
CH,h2259,2.5062425588496167,scr2006,stInflow,reservoir
CH,h2260,2.5062425588496167,scr2006,stInflow,reservoir
CH,h2261,2.5062425588496167,scr2006,stInflow,reservoir
CH,h2262,2.5062425588496167,scr2006,stInflow,reservoir
CH,h2263,2.5062425588496167,scr2006,stInflow,reservoir
CH,h2264,2.5062425588496167,scr2006,stInflow,reservoir
CH,h2265,2.5062425588496167,scr2006,stInflow,reservoir
CH,h2266,2.5062425588496167,scr2006,stInflow,reservoir
CH,h2267,2.5062425588496167,scr2006,stInflow,reservoir
CH,h2268,2.5062425588496167,scr2006,stInflow,reservoir
CH,h2269,2.5062425588496167,scr2006,stInflow,reservoir
CH,h2270,2.5062425588496167,scr2006,stInflow,reservoir
CH,h2271,2.5062425588496167,scr2006,stInflow,reservoir
CH,h2272,2.5062425588496167,scr2006,stInflow,reservoir
CH,h2273,2.5062425588496167,scr2006,stInflow,reservoir
CH,h2274,2.5062425588496167,scr2006,stInflow,reservoir
CH,h2275,2.5062425588496167,scr2006,stInflow,reservoir
CH,h2276,2.5062425588496167,scr2006,stInflow,reservoir
CH,h2277,2.5062425588496167,scr2006,stInflow,reservoir
CH,h2278,2.5062425588496167,scr2006,stInflow,reservoir
CH,h2279,2.5062425588496167,scr2006,stInflow,reservoir
CH,h2280,2.5062425588496167,scr2006,stInflow,reservoir
CH,h2281,2.5062425588496167,scr2006,stInflow,reservoir
CH,h2282,2.5062425588496167,scr2006,stInflow,reservoir
CH,h2283,2.5062425588496167,scr2006,stInflow,reservoir
CH,h2284,2.5062425588496167,scr2006,stInflow,reservoir
CH,h2285,2.5062425588496167,scr2006,stInflow,reservoir
CH,h2286,2.5062425588496167,scr2006,stInflow,reservoir
CH,h2287,2.5062425588496167,scr2006,stInflow,reservoir
CH,h2288,2.5062425588496167,scr2006,stInflow,reservoir
CH,h2289,2.5062425588496167,scr2006,stInflow,reservoir
CH,h2290,2.5062425588496167,scr2006,stInflow,reservoir
CH,h2291,2.5062425588496167,scr2006,stInflow,reservoir
CH,h2292,2.5062425588496167,scr2006,stInflow,reservoir
CH,h2293,2.5062425588496167,scr2006,stInflow,reservoir
CH,h2294,2.5062425588496167,scr2006,stInflow,reservoir
CH,h2295,2.5062425588496167,scr2006,stInflow,reservoir
CH,h2296,2.5062425588496167,scr2006,stInflow,reservoir
CH,h2297,2.5062425588496167,scr2006,stInflow,reservoir
CH,h2298,2.5062425588496167,scr2006,stInflow,reservoir
CH,h2299,2.5062425588496167,scr2006,stInflow,reservoir
CH,h2300,2.5062425588496167,scr2006,stInflow,reservoir
CH,h2301,2.5062425588496167,scr2006,stInflow,reservoir
CH,h2302,2.5062425588496167,scr2006,stInflow,reservoir
CH,h2303,2.5062425588496167,scr2006,stInflow,reservoir
CH,h2304,2.5062425588496167,scr2006,stInflow,reservoir
CH,h2305,2.5062425588496167,scr2006,stInflow,reservoir
CH,h2306,2.5062425588496167,scr2006,stInflow,reservoir
CH,h2307,2.5062425588496167,scr2006,stInflow,reservoir
CH,h2308,2.5062425588496167,scr2006,stInflow,reservoir
CH,h2309,2.5062425588496167,scr2006,stInflow,reservoir
CH,h2310,2.5062425588496167,scr2006,stInflow,reservoir
CH,h2311,2.5062425588496167,scr2006,stInflow,reservoir
CH,h2312,2.5062425588496167,scr2006,stInflow,reservoir
CH,h2313,2.5062425588496167,scr2006,stInflow,reservoir
CH,h2314,2.5062425588496167,scr2006,stInflow,reservoir
CH,h2315,2.5062425588496167,scr2006,stInflow,reservoir
CH,h2316,2.5062425588496167,scr2006,stInflow,reservoir
CH,h2317,2.5062425588496167,scr2006,stInflow,reservoir
CH,h2318,2.5062425588496167,scr2006,stInflow,reservoir
CH,h2319,2.5062425588496167,scr2006,stInflow,reservoir
CH,h2320,2.5062425588496167,scr2006,stInflow,reservoir
CH,h2321,2.5062425588496167,scr2006,stInflow,reservoir
CH,h2322,2.5062425588496167,scr2006,stInflow,reservoir
CH,h2323,2.5062425588496167,scr2006,stInflow,reservoir
CH,h2324,2.5062425588496167,scr2006,stInflow,reservoir
CH,h2325,2.5062425588496167,scr2006,stInflow,reservoir
CH,h2326,2.5062425588496167,scr2006,stInflow,reservoir
CH,h2327,2.5062425588496167,scr2006,stInflow,reservoir
CH,h2328,2.5062425588496167,scr2006,stInflow,reservoir
CH,h2329,2.5062425588496167,scr2006,stInflow,reservoir
CH,h2330,2.5062425588496167,scr2006,stInflow,reservoir
CH,h2331,2.5062425588496167,scr2006,stInflow,reservoir
CH,h2332,2.5062425588496167,scr2006,stInflow,reservoir
CH,h2333,2.5062425588496167,scr2006,stInflow,reservoir
CH,h2334,2.5062425588496167,scr2006,stInflow,reservoir
CH,h2335,2.5062425588496167,scr2006,stInflow,reservoir
CH,h2336,2.5062425588496167,scr2006,stInflow,reservoir
CH,h2337,2.5062425588496167,scr2006,stInflow,reservoir
CH,h2338,2.5062425588496167,scr2006,stInflow,reservoir
CH,h2339,2.5062425588496167,scr2006,stInflow,reservoir
CH,h2340,2.5062425588496167,scr2006,stInflow,reservoir
CH,h2341,2.5062425588496167,scr2006,stInflow,reservoir
CH,h2342,2.5062425588496167,scr2006,stInflow,reservoir
CH,h2343,2.5062425588496167,scr2006,stInflow,reservoir
CH,h2344,2.5062425588496167,scr2006,stInflow,reservoir
CH,h2345,2.5062425588496167,scr2006,stInflow,reservoir
CH,h2346,2.5062425588496167,scr2006,stInflow,reservoir
CH,h2347,2.5062425588496167,scr2006,stInflow,reservoir
CH,h2348,2.5062425588496167,scr2006,stInflow,reservoir
CH,h2349,2.5062425588496167,scr2006,stInflow,reservoir
CH,h2350,2.5062425588496167,scr2006,stInflow,reservoir
CH,h2351,2.5062425588496167,scr2006,stInflow,reservoir
CH,h2352,2.5062425588496167,scr2006,stInflow,reservoir
CH,h2353,2.5062425588496167,scr2006,stInflow,reservoir
CH,h2354,2.5062425588496167,scr2006,stInflow,reservoir
CH,h2355,2.5062425588496167,scr2006,stInflow,reservoir
CH,h2356,2.5062425588496167,scr2006,stInflow,reservoir
CH,h2357,2.5062425588496167,scr2006,stInflow,reservoir
CH,h2358,2.5062425588496167,scr2006,stInflow,reservoir
CH,h2359,2.5062425588496167,scr2006,stInflow,reservoir
CH,h2360,2.5062425588496167,scr2006,stInflow,reservoir
CH,h2361,2.5062425588496167,scr2006,stInflow,reservoir
CH,h2362,2.5062425588496167,scr2006,stInflow,reservoir
CH,h2363,2.5062425588496167,scr2006,stInflow,reservoir
CH,h2364,2.5062425588496167,scr2006,stInflow,reservoir
CH,h2365,2.5062425588496167,scr2006,stInflow,reservoir
CH,h2366,2.5062425588496167,scr2006,stInflow,reservoir
CH,h2367,2.5062425588496167,scr2006,stInflow,reservoir
CH,h2368,2.5062425588496167,scr2006,stInflow,reservoir
CH,h2369,2.5062425588496167,scr2006,stInflow,reservoir
CH,h2370,2.5062425588496167,scr2006,stInflow,reservoir
CH,h2371,2.5062425588496167,scr2006,stInflow,reservoir
CH,h2372,2.5062425588496167,scr2006,stInflow,reservoir
CH,h2373,2.5062425588496167,scr2006,stInflow,reservoir
CH,h2374,2.5062425588496167,scr2006,stInflow,reservoir
CH,h2375,2.5062425588496167,scr2006,stInflow,reservoir
CH,h2376,2.5062425588496167,scr2006,stInflow,reservoir
CH,h2377,2.2610962206372442,scr2006,stInflow,reservoir
CH,h2378,2.015952545218542,scr2006,stInflow,reservoir
CH,h2379,1.7708118578477379,scr2006,stInflow,reservoir
CH,h2380,1.7708118578477379,scr2006,stInflow,reservoir
CH,h2381,1.7708118578477379,scr2006,stInflow,reservoir
CH,h2382,1.7708118578477379,scr2006,stInflow,reservoir
CH,h2383,1.7708118578477379,scr2006,stInflow,reservoir
CH,h2384,1.7708118578477379,scr2006,stInflow,reservoir
CH,h2385,1.7708118578477379,scr2006,stInflow,reservoir
CH,h2386,1.7708118578477379,scr2006,stInflow,reservoir
CH,h2387,1.7708118578477379,scr2006,stInflow,reservoir
CH,h2388,1.7708118578477379,scr2006,stInflow,reservoir
CH,h2389,1.7708118578477379,scr2006,stInflow,reservoir
CH,h2390,1.7708118578477379,scr2006,stInflow,reservoir
CH,h2391,1.7708118578477379,scr2006,stInflow,reservoir
CH,h2392,1.7708118578477379,scr2006,stInflow,reservoir
CH,h2393,1.7708118578477379,scr2006,stInflow,reservoir
CH,h2394,1.7708118578477379,scr2006,stInflow,reservoir
CH,h2395,1.7708118578477379,scr2006,stInflow,reservoir
CH,h2396,1.7708118578477379,scr2006,stInflow,reservoir
CH,h2397,1.7708118578477379,scr2006,stInflow,reservoir
CH,h2398,1.7708118578477379,scr2006,stInflow,reservoir
CH,h2399,1.7708118578477379,scr2006,stInflow,reservoir
CH,h2400,1.7708118578477379,scr2006,stInflow,reservoir
CH,h2401,1.7708118578477379,scr2006,stInflow,reservoir
CH,h2402,1.7708118578477379,scr2006,stInflow,reservoir
CH,h2403,1.7708118578477379,scr2006,stInflow,reservoir
CH,h2404,1.7708118578477379,scr2006,stInflow,reservoir
CH,h2405,1.7708118578477379,scr2006,stInflow,reservoir
CH,h2406,1.7708118578477379,scr2006,stInflow,reservoir
CH,h2407,1.7708118578477379,scr2006,stInflow,reservoir
CH,h2408,1.7708118578477379,scr2006,stInflow,reservoir
CH,h2409,1.7708118578477379,scr2006,stInflow,reservoir
CH,h2410,1.7708118578477379,scr2006,stInflow,reservoir
CH,h2411,1.7708118578477379,scr2006,stInflow,reservoir
CH,h2412,1.7708118578477379,scr2006,stInflow,reservoir
CH,h2413,1.7708118578477379,scr2006,stInflow,reservoir
CH,h2414,1.7708118578477379,scr2006,stInflow,reservoir
CH,h2415,1.7708118578477379,scr2006,stInflow,reservoir
CH,h2416,1.7708118578477379,scr2006,stInflow,reservoir
CH,h2417,1.7708118578477379,scr2006,stInflow,reservoir
CH,h2418,1.7708118578477379,scr2006,stInflow,reservoir
CH,h2419,1.7708118578477379,scr2006,stInflow,reservoir
CH,h2420,1.7708118578477379,scr2006,stInflow,reservoir
CH,h2421,1.7708118578477379,scr2006,stInflow,reservoir
CH,h2422,1.7708118578477379,scr2006,stInflow,reservoir
CH,h2423,1.7708118578477379,scr2006,stInflow,reservoir
CH,h2424,1.7708118578477379,scr2006,stInflow,reservoir
CH,h2425,1.7708118578477379,scr2006,stInflow,reservoir
CH,h2426,1.7708118578477379,scr2006,stInflow,reservoir
CH,h2427,1.7708118578477379,scr2006,stInflow,reservoir
CH,h2428,1.7708118578477379,scr2006,stInflow,reservoir
CH,h2429,1.7708118578477379,scr2006,stInflow,reservoir
CH,h2430,1.7708118578477379,scr2006,stInflow,reservoir
CH,h2431,1.7708118578477379,scr2006,stInflow,reservoir
CH,h2432,1.7708118578477379,scr2006,stInflow,reservoir
CH,h2433,1.7708118578477379,scr2006,stInflow,reservoir
CH,h2434,1.7708118578477379,scr2006,stInflow,reservoir
CH,h2435,1.7708118578477379,scr2006,stInflow,reservoir
CH,h2436,1.7708118578477379,scr2006,stInflow,reservoir
CH,h2437,1.7708118578477379,scr2006,stInflow,reservoir
CH,h2438,1.7708118578477379,scr2006,stInflow,reservoir
CH,h2439,1.7708118578477379,scr2006,stInflow,reservoir
CH,h2440,1.7708118578477379,scr2006,stInflow,reservoir
CH,h2441,1.7708118578477379,scr2006,stInflow,reservoir
CH,h2442,1.7708118578477379,scr2006,stInflow,reservoir
CH,h2443,1.7708118578477379,scr2006,stInflow,reservoir
CH,h2444,1.7708118578477379,scr2006,stInflow,reservoir
CH,h2445,1.7708118578477379,scr2006,stInflow,reservoir
CH,h2446,1.7708118578477379,scr2006,stInflow,reservoir
CH,h2447,1.7708118578477379,scr2006,stInflow,reservoir
CH,h2448,1.7708118578477379,scr2006,stInflow,reservoir
CH,h2449,1.7708118578477379,scr2006,stInflow,reservoir
CH,h2450,1.7708118578477379,scr2006,stInflow,reservoir
CH,h2451,1.7708118578477379,scr2006,stInflow,reservoir
CH,h2452,1.7708118578477379,scr2006,stInflow,reservoir
CH,h2453,1.7708118578477379,scr2006,stInflow,reservoir
CH,h2454,1.7708118578477379,scr2006,stInflow,reservoir
CH,h2455,1.7708118578477379,scr2006,stInflow,reservoir
CH,h2456,1.7708118578477379,scr2006,stInflow,reservoir
CH,h2457,1.7708118578477379,scr2006,stInflow,reservoir
CH,h2458,1.7708118578477379,scr2006,stInflow,reservoir
CH,h2459,1.7708118578477379,scr2006,stInflow,reservoir
CH,h2460,1.7708118578477379,scr2006,stInflow,reservoir
CH,h2461,1.7708118578477379,scr2006,stInflow,reservoir
CH,h2462,1.7708118578477379,scr2006,stInflow,reservoir
CH,h2463,1.7708118578477379,scr2006,stInflow,reservoir
CH,h2464,1.7708118578477379,scr2006,stInflow,reservoir
CH,h2465,1.7708118578477379,scr2006,stInflow,reservoir
CH,h2466,1.7708118578477379,scr2006,stInflow,reservoir
CH,h2467,1.7708118578477379,scr2006,stInflow,reservoir
CH,h2468,1.7708118578477379,scr2006,stInflow,reservoir
CH,h2469,1.7708118578477379,scr2006,stInflow,reservoir
CH,h2470,1.7708118578477379,scr2006,stInflow,reservoir
CH,h2471,1.7708118578477379,scr2006,stInflow,reservoir
CH,h2472,1.7708118578477379,scr2006,stInflow,reservoir
CH,h2473,1.7708118578477379,scr2006,stInflow,reservoir
CH,h2474,1.7708118578477379,scr2006,stInflow,reservoir
CH,h2475,1.7708118578477379,scr2006,stInflow,reservoir
CH,h2476,1.7708118578477379,scr2006,stInflow,reservoir
CH,h2477,1.7708118578477379,scr2006,stInflow,reservoir
CH,h2478,1.7708118578477379,scr2006,stInflow,reservoir
CH,h2479,1.7708118578477379,scr2006,stInflow,reservoir
CH,h2480,1.7708118578477379,scr2006,stInflow,reservoir
CH,h2481,1.7708118578477379,scr2006,stInflow,reservoir
CH,h2482,1.7708118578477379,scr2006,stInflow,reservoir
CH,h2483,1.7708118578477379,scr2006,stInflow,reservoir
CH,h2484,1.7708118578477379,scr2006,stInflow,reservoir
CH,h2485,1.7708118578477379,scr2006,stInflow,reservoir
CH,h2486,1.7708118578477379,scr2006,stInflow,reservoir
CH,h2487,1.7708118578477379,scr2006,stInflow,reservoir
CH,h2488,1.7708118578477379,scr2006,stInflow,reservoir
CH,h2489,1.7708118578477379,scr2006,stInflow,reservoir
CH,h2490,1.7708118578477379,scr2006,stInflow,reservoir
CH,h2491,1.7708118578477379,scr2006,stInflow,reservoir
CH,h2492,1.7708118578477379,scr2006,stInflow,reservoir
CH,h2493,1.7708118578477379,scr2006,stInflow,reservoir
CH,h2494,1.7708118578477379,scr2006,stInflow,reservoir
CH,h2495,1.7708118578477379,scr2006,stInflow,reservoir
CH,h2496,1.7708118578477379,scr2006,stInflow,reservoir
CH,h2497,1.7708118578477379,scr2006,stInflow,reservoir
CH,h2498,1.7708118578477379,scr2006,stInflow,reservoir
CH,h2499,1.7708118578477379,scr2006,stInflow,reservoir
CH,h2500,1.7708118578477379,scr2006,stInflow,reservoir
CH,h2501,1.7708118578477379,scr2006,stInflow,reservoir
CH,h2502,1.7708118578477379,scr2006,stInflow,reservoir
CH,h2503,1.7708118578477379,scr2006,stInflow,reservoir
CH,h2504,1.7708118578477379,scr2006,stInflow,reservoir
CH,h2505,1.7708118578477379,scr2006,stInflow,reservoir
CH,h2506,1.7708118578477379,scr2006,stInflow,reservoir
CH,h2507,1.7708118578477379,scr2006,stInflow,reservoir
CH,h2508,1.7708118578477379,scr2006,stInflow,reservoir
CH,h2509,1.7708118578477379,scr2006,stInflow,reservoir
CH,h2510,1.7708118578477379,scr2006,stInflow,reservoir
CH,h2511,1.7708118578477379,scr2006,stInflow,reservoir
CH,h2512,1.7708118578477379,scr2006,stInflow,reservoir
CH,h2513,1.7708118578477379,scr2006,stInflow,reservoir
CH,h2514,1.7708118578477379,scr2006,stInflow,reservoir
CH,h2515,1.7708118578477379,scr2006,stInflow,reservoir
CH,h2516,1.7708118578477379,scr2006,stInflow,reservoir
CH,h2517,1.7708118578477379,scr2006,stInflow,reservoir
CH,h2518,1.7708118578477379,scr2006,stInflow,reservoir
CH,h2519,1.7708118578477379,scr2006,stInflow,reservoir
CH,h2520,1.7708118578477379,scr2006,stInflow,reservoir
CH,h2521,1.7708118578477379,scr2006,stInflow,reservoir
CH,h2522,1.7708118578477379,scr2006,stInflow,reservoir
CH,h2523,1.7708118578477379,scr2006,stInflow,reservoir
CH,h2524,1.7708118578477379,scr2006,stInflow,reservoir
CH,h2525,1.7708118578477379,scr2006,stInflow,reservoir
CH,h2526,1.7708118578477379,scr2006,stInflow,reservoir
CH,h2527,1.7708118578477379,scr2006,stInflow,reservoir
CH,h2528,1.7708118578477379,scr2006,stInflow,reservoir
CH,h2529,1.7708118578477379,scr2006,stInflow,reservoir
CH,h2530,1.7708118578477379,scr2006,stInflow,reservoir
CH,h2531,1.7708118578477379,scr2006,stInflow,reservoir
CH,h2532,1.7708118578477379,scr2006,stInflow,reservoir
CH,h2533,1.7708118578477379,scr2006,stInflow,reservoir
CH,h2534,1.7708118578477379,scr2006,stInflow,reservoir
CH,h2535,1.7708118578477379,scr2006,stInflow,reservoir
CH,h2536,1.7708118578477379,scr2006,stInflow,reservoir
CH,h2537,1.7708118578477379,scr2006,stInflow,reservoir
CH,h2538,1.7708118578477379,scr2006,stInflow,reservoir
CH,h2539,1.7708118578477379,scr2006,stInflow,reservoir
CH,h2540,1.7708118578477379,scr2006,stInflow,reservoir
CH,h2541,1.7708118578477379,scr2006,stInflow,reservoir
CH,h2542,1.7708118578477379,scr2006,stInflow,reservoir
CH,h2543,1.7708118578477379,scr2006,stInflow,reservoir
CH,h2544,1.7708118578477379,scr2006,stInflow,reservoir
CH,h2545,1.9377498925176948,scr2006,stInflow,reservoir
CH,h2546,2.1046893670189033,scr2006,stInflow,reservoir
CH,h2547,2.2716301669181527,scr2006,stInflow,reservoir
CH,h2548,2.2716301669181527,scr2006,stInflow,reservoir
CH,h2549,2.2716301669181527,scr2006,stInflow,reservoir
CH,h2550,2.2716301669181527,scr2006,stInflow,reservoir
CH,h2551,2.2716301669181527,scr2006,stInflow,reservoir
CH,h2552,2.2716301669181527,scr2006,stInflow,reservoir
CH,h2553,2.2716301669181527,scr2006,stInflow,reservoir
CH,h2554,2.2716301669181527,scr2006,stInflow,reservoir
CH,h2555,2.2716301669181527,scr2006,stInflow,reservoir
CH,h2556,2.2716301669181527,scr2006,stInflow,reservoir
CH,h2557,2.2716301669181527,scr2006,stInflow,reservoir
CH,h2558,2.2716301669181527,scr2006,stInflow,reservoir
CH,h2559,2.2716301669181527,scr2006,stInflow,reservoir
CH,h2560,2.2716301669181527,scr2006,stInflow,reservoir
CH,h2561,2.2716301669181527,scr2006,stInflow,reservoir
CH,h2562,2.2716301669181527,scr2006,stInflow,reservoir
CH,h2563,2.2716301669181527,scr2006,stInflow,reservoir
CH,h2564,2.2716301669181527,scr2006,stInflow,reservoir
CH,h2565,2.2716301669181527,scr2006,stInflow,reservoir
CH,h2566,2.2716301669181527,scr2006,stInflow,reservoir
CH,h2567,2.2716301669181527,scr2006,stInflow,reservoir
CH,h2568,2.2716301669181527,scr2006,stInflow,reservoir
CH,h2569,2.2716301669181527,scr2006,stInflow,reservoir
CH,h2570,2.2716301669181527,scr2006,stInflow,reservoir
CH,h2571,2.2716301669181527,scr2006,stInflow,reservoir
CH,h2572,2.2716301669181527,scr2006,stInflow,reservoir
CH,h2573,2.2716301669181527,scr2006,stInflow,reservoir
CH,h2574,2.2716301669181527,scr2006,stInflow,reservoir
CH,h2575,2.2716301669181527,scr2006,stInflow,reservoir
CH,h2576,2.2716301669181527,scr2006,stInflow,reservoir
CH,h2577,2.2716301669181527,scr2006,stInflow,reservoir
CH,h2578,2.2716301669181527,scr2006,stInflow,reservoir
CH,h2579,2.2716301669181527,scr2006,stInflow,reservoir
CH,h2580,2.2716301669181527,scr2006,stInflow,reservoir
CH,h2581,2.2716301669181527,scr2006,stInflow,reservoir
CH,h2582,2.2716301669181527,scr2006,stInflow,reservoir
CH,h2583,2.2716301669181527,scr2006,stInflow,reservoir
CH,h2584,2.2716301669181527,scr2006,stInflow,reservoir
CH,h2585,2.2716301669181527,scr2006,stInflow,reservoir
CH,h2586,2.2716301669181527,scr2006,stInflow,reservoir
CH,h2587,2.2716301669181527,scr2006,stInflow,reservoir
CH,h2588,2.2716301669181527,scr2006,stInflow,reservoir
CH,h2589,2.2716301669181527,scr2006,stInflow,reservoir
CH,h2590,2.2716301669181527,scr2006,stInflow,reservoir
CH,h2591,2.2716301669181527,scr2006,stInflow,reservoir
CH,h2592,2.2716301669181527,scr2006,stInflow,reservoir
CH,h2593,2.2716301669181527,scr2006,stInflow,reservoir
CH,h2594,2.2716301669181527,scr2006,stInflow,reservoir
CH,h2595,2.2716301669181527,scr2006,stInflow,reservoir
CH,h2596,2.2716301669181527,scr2006,stInflow,reservoir
CH,h2597,2.2716301669181527,scr2006,stInflow,reservoir
CH,h2598,2.2716301669181527,scr2006,stInflow,reservoir
CH,h2599,2.2716301669181527,scr2006,stInflow,reservoir
CH,h2600,2.2716301669181527,scr2006,stInflow,reservoir
CH,h2601,2.2716301669181527,scr2006,stInflow,reservoir
CH,h2602,2.2716301669181527,scr2006,stInflow,reservoir
CH,h2603,2.2716301669181527,scr2006,stInflow,reservoir
CH,h2604,2.2716301669181527,scr2006,stInflow,reservoir
CH,h2605,2.2716301669181527,scr2006,stInflow,reservoir
CH,h2606,2.2716301669181527,scr2006,stInflow,reservoir
CH,h2607,2.2716301669181527,scr2006,stInflow,reservoir
CH,h2608,2.2716301669181527,scr2006,stInflow,reservoir
CH,h2609,2.2716301669181527,scr2006,stInflow,reservoir
CH,h2610,2.2716301669181527,scr2006,stInflow,reservoir
CH,h2611,2.2716301669181527,scr2006,stInflow,reservoir
CH,h2612,2.2716301669181527,scr2006,stInflow,reservoir
CH,h2613,2.2716301669181527,scr2006,stInflow,reservoir
CH,h2614,2.2716301669181527,scr2006,stInflow,reservoir
CH,h2615,2.2716301669181527,scr2006,stInflow,reservoir
CH,h2616,2.2716301669181527,scr2006,stInflow,reservoir
CH,h2617,2.2716301669181527,scr2006,stInflow,reservoir
CH,h2618,2.2716301669181527,scr2006,stInflow,reservoir
CH,h2619,2.2716301669181527,scr2006,stInflow,reservoir
CH,h2620,2.2716301669181527,scr2006,stInflow,reservoir
CH,h2621,2.2716301669181527,scr2006,stInflow,reservoir
CH,h2622,2.2716301669181527,scr2006,stInflow,reservoir
CH,h2623,2.2716301669181527,scr2006,stInflow,reservoir
CH,h2624,2.2716301669181527,scr2006,stInflow,reservoir
CH,h2625,2.2716301669181527,scr2006,stInflow,reservoir
CH,h2626,2.2716301669181527,scr2006,stInflow,reservoir
CH,h2627,2.2716301669181527,scr2006,stInflow,reservoir
CH,h2628,2.2716301669181527,scr2006,stInflow,reservoir
CH,h2629,2.2716301669181527,scr2006,stInflow,reservoir
CH,h2630,2.2716301669181527,scr2006,stInflow,reservoir
CH,h2631,2.2716301669181527,scr2006,stInflow,reservoir
CH,h2632,2.2716301669181527,scr2006,stInflow,reservoir
CH,h2633,2.2716301669181527,scr2006,stInflow,reservoir
CH,h2634,2.2716301669181527,scr2006,stInflow,reservoir
CH,h2635,2.2716301669181527,scr2006,stInflow,reservoir
CH,h2636,2.2716301669181527,scr2006,stInflow,reservoir
CH,h2637,2.2716301669181527,scr2006,stInflow,reservoir
CH,h2638,2.2716301669181527,scr2006,stInflow,reservoir
CH,h2639,2.2716301669181527,scr2006,stInflow,reservoir
CH,h2640,2.2716301669181527,scr2006,stInflow,reservoir
CH,h2641,2.2716301669181527,scr2006,stInflow,reservoir
CH,h2642,2.2716301669181527,scr2006,stInflow,reservoir
CH,h2643,2.2716301669181527,scr2006,stInflow,reservoir
CH,h2644,2.2716301669181527,scr2006,stInflow,reservoir
CH,h2645,2.2716301669181527,scr2006,stInflow,reservoir
CH,h2646,2.2716301669181527,scr2006,stInflow,reservoir
CH,h2647,2.2716301669181527,scr2006,stInflow,reservoir
CH,h2648,2.2716301669181527,scr2006,stInflow,reservoir
CH,h2649,2.2716301669181527,scr2006,stInflow,reservoir
CH,h2650,2.2716301669181527,scr2006,stInflow,reservoir
CH,h2651,2.2716301669181527,scr2006,stInflow,reservoir
CH,h2652,2.2716301669181527,scr2006,stInflow,reservoir
CH,h2653,2.2716301669181527,scr2006,stInflow,reservoir
CH,h2654,2.2716301669181527,scr2006,stInflow,reservoir
CH,h2655,2.2716301669181527,scr2006,stInflow,reservoir
CH,h2656,2.2716301669181527,scr2006,stInflow,reservoir
CH,h2657,2.2716301669181527,scr2006,stInflow,reservoir
CH,h2658,2.2716301669181527,scr2006,stInflow,reservoir
CH,h2659,2.2716301669181527,scr2006,stInflow,reservoir
CH,h2660,2.2716301669181527,scr2006,stInflow,reservoir
CH,h2661,2.2716301669181527,scr2006,stInflow,reservoir
CH,h2662,2.2716301669181527,scr2006,stInflow,reservoir
CH,h2663,2.2716301669181527,scr2006,stInflow,reservoir
CH,h2664,2.2716301669181527,scr2006,stInflow,reservoir
CH,h2665,2.2716301669181527,scr2006,stInflow,reservoir
CH,h2666,2.2716301669181527,scr2006,stInflow,reservoir
CH,h2667,2.2716301669181527,scr2006,stInflow,reservoir
CH,h2668,2.2716301669181527,scr2006,stInflow,reservoir
CH,h2669,2.2716301669181527,scr2006,stInflow,reservoir
CH,h2670,2.2716301669181527,scr2006,stInflow,reservoir
CH,h2671,2.2716301669181527,scr2006,stInflow,reservoir
CH,h2672,2.2716301669181527,scr2006,stInflow,reservoir
CH,h2673,2.2716301669181527,scr2006,stInflow,reservoir
CH,h2674,2.2716301669181527,scr2006,stInflow,reservoir
CH,h2675,2.2716301669181527,scr2006,stInflow,reservoir
CH,h2676,2.2716301669181527,scr2006,stInflow,reservoir
CH,h2677,2.2716301669181527,scr2006,stInflow,reservoir
CH,h2678,2.2716301669181527,scr2006,stInflow,reservoir
CH,h2679,2.2716301669181527,scr2006,stInflow,reservoir
CH,h2680,2.2716301669181527,scr2006,stInflow,reservoir
CH,h2681,2.2716301669181527,scr2006,stInflow,reservoir
CH,h2682,2.2716301669181527,scr2006,stInflow,reservoir
CH,h2683,2.2716301669181527,scr2006,stInflow,reservoir
CH,h2684,2.2716301669181527,scr2006,stInflow,reservoir
CH,h2685,2.2716301669181527,scr2006,stInflow,reservoir
CH,h2686,2.2716301669181527,scr2006,stInflow,reservoir
CH,h2687,2.2716301669181527,scr2006,stInflow,reservoir
CH,h2688,2.2716301669181527,scr2006,stInflow,reservoir
CH,h2689,2.2716301669181527,scr2006,stInflow,reservoir
CH,h2690,2.2716301669181527,scr2006,stInflow,reservoir
CH,h2691,2.2716301669181527,scr2006,stInflow,reservoir
CH,h2692,2.2716301669181527,scr2006,stInflow,reservoir
CH,h2693,2.2716301669181527,scr2006,stInflow,reservoir
CH,h2694,2.2716301669181527,scr2006,stInflow,reservoir
CH,h2695,2.2716301669181527,scr2006,stInflow,reservoir
CH,h2696,2.2716301669181527,scr2006,stInflow,reservoir
CH,h2697,2.2716301669181527,scr2006,stInflow,reservoir
CH,h2698,2.2716301669181527,scr2006,stInflow,reservoir
CH,h2699,2.2716301669181527,scr2006,stInflow,reservoir
CH,h2700,2.2716301669181527,scr2006,stInflow,reservoir
CH,h2701,2.2716301669181527,scr2006,stInflow,reservoir
CH,h2702,2.2716301669181527,scr2006,stInflow,reservoir
CH,h2703,2.2716301669181527,scr2006,stInflow,reservoir
CH,h2704,2.2716301669181527,scr2006,stInflow,reservoir
CH,h2705,2.2716301669181527,scr2006,stInflow,reservoir
CH,h2706,2.2716301669181527,scr2006,stInflow,reservoir
CH,h2707,2.2716301669181527,scr2006,stInflow,reservoir
CH,h2708,2.2716301669181527,scr2006,stInflow,reservoir
CH,h2709,2.2716301669181527,scr2006,stInflow,reservoir
CH,h2710,2.2716301669181527,scr2006,stInflow,reservoir
CH,h2711,2.2716301669181527,scr2006,stInflow,reservoir
CH,h2712,2.2716301669181527,scr2006,stInflow,reservoir
CH,h2713,2.4015646978341327,scr2006,stInflow,reservoir
CH,h2714,2.531499932026192,scr2006,stInflow,reservoir
CH,h2715,2.6614358333714505,scr2006,stInflow,reservoir
CH,h2716,2.6614358333714505,scr2006,stInflow,reservoir
CH,h2717,2.6614358333714505,scr2006,stInflow,reservoir
CH,h2718,2.6614358333714505,scr2006,stInflow,reservoir
CH,h2719,2.6614358333714505,scr2006,stInflow,reservoir
CH,h2720,2.6614358333714505,scr2006,stInflow,reservoir
CH,h2721,2.6614358333714505,scr2006,stInflow,reservoir
CH,h2722,2.6614358333714505,scr2006,stInflow,reservoir
CH,h2723,2.6614358333714505,scr2006,stInflow,reservoir
CH,h2724,2.6614358333714505,scr2006,stInflow,reservoir
CH,h2725,2.6614358333714505,scr2006,stInflow,reservoir
CH,h2726,2.6614358333714505,scr2006,stInflow,reservoir
CH,h2727,2.6614358333714505,scr2006,stInflow,reservoir
CH,h2728,2.6614358333714505,scr2006,stInflow,reservoir
CH,h2729,2.6614358333714505,scr2006,stInflow,reservoir
CH,h2730,2.6614358333714505,scr2006,stInflow,reservoir
CH,h2731,2.6614358333714505,scr2006,stInflow,reservoir
CH,h2732,2.6614358333714505,scr2006,stInflow,reservoir
CH,h2733,2.6614358333714505,scr2006,stInflow,reservoir
CH,h2734,2.6614358333714505,scr2006,stInflow,reservoir
CH,h2735,2.6614358333714505,scr2006,stInflow,reservoir
CH,h2736,2.6614358333714505,scr2006,stInflow,reservoir
CH,h2737,2.6614358333714505,scr2006,stInflow,reservoir
CH,h2738,2.6614358333714505,scr2006,stInflow,reservoir
CH,h2739,2.6614358333714505,scr2006,stInflow,reservoir
CH,h2740,2.6614358333714505,scr2006,stInflow,reservoir
CH,h2741,2.6614358333714505,scr2006,stInflow,reservoir
CH,h2742,2.6614358333714505,scr2006,stInflow,reservoir
CH,h2743,2.6614358333714505,scr2006,stInflow,reservoir
CH,h2744,2.6614358333714505,scr2006,stInflow,reservoir
CH,h2745,2.6614358333714505,scr2006,stInflow,reservoir
CH,h2746,2.6614358333714505,scr2006,stInflow,reservoir
CH,h2747,2.6614358333714505,scr2006,stInflow,reservoir
CH,h2748,2.6614358333714505,scr2006,stInflow,reservoir
CH,h2749,2.6614358333714505,scr2006,stInflow,reservoir
CH,h2750,2.6614358333714505,scr2006,stInflow,reservoir
CH,h2751,2.6614358333714505,scr2006,stInflow,reservoir
CH,h2752,2.6614358333714505,scr2006,stInflow,reservoir
CH,h2753,2.6614358333714505,scr2006,stInflow,reservoir
CH,h2754,2.6614358333714505,scr2006,stInflow,reservoir
CH,h2755,2.6614358333714505,scr2006,stInflow,reservoir
CH,h2756,2.6614358333714505,scr2006,stInflow,reservoir
CH,h2757,2.6614358333714505,scr2006,stInflow,reservoir
CH,h2758,2.6614358333714505,scr2006,stInflow,reservoir
CH,h2759,2.6614358333714505,scr2006,stInflow,reservoir
CH,h2760,2.6614358333714505,scr2006,stInflow,reservoir
CH,h2761,2.6614358333714505,scr2006,stInflow,reservoir
CH,h2762,2.6614358333714505,scr2006,stInflow,reservoir
CH,h2763,2.6614358333714505,scr2006,stInflow,reservoir
CH,h2764,2.6614358333714505,scr2006,stInflow,reservoir
CH,h2765,2.6614358333714505,scr2006,stInflow,reservoir
CH,h2766,2.6614358333714505,scr2006,stInflow,reservoir
CH,h2767,2.6614358333714505,scr2006,stInflow,reservoir
CH,h2768,2.6614358333714505,scr2006,stInflow,reservoir
CH,h2769,2.6614358333714505,scr2006,stInflow,reservoir
CH,h2770,2.6614358333714505,scr2006,stInflow,reservoir
CH,h2771,2.6614358333714505,scr2006,stInflow,reservoir
CH,h2772,2.6614358333714505,scr2006,stInflow,reservoir
CH,h2773,2.6614358333714505,scr2006,stInflow,reservoir
CH,h2774,2.6614358333714505,scr2006,stInflow,reservoir
CH,h2775,2.6614358333714505,scr2006,stInflow,reservoir
CH,h2776,2.6614358333714505,scr2006,stInflow,reservoir
CH,h2777,2.6614358333714505,scr2006,stInflow,reservoir
CH,h2778,2.6614358333714505,scr2006,stInflow,reservoir
CH,h2779,2.6614358333714505,scr2006,stInflow,reservoir
CH,h2780,2.6614358333714505,scr2006,stInflow,reservoir
CH,h2781,2.6614358333714505,scr2006,stInflow,reservoir
CH,h2782,2.6614358333714505,scr2006,stInflow,reservoir
CH,h2783,2.6614358333714505,scr2006,stInflow,reservoir
CH,h2784,2.6614358333714505,scr2006,stInflow,reservoir
CH,h2785,2.6614358333714505,scr2006,stInflow,reservoir
CH,h2786,2.6614358333714505,scr2006,stInflow,reservoir
CH,h2787,2.6614358333714505,scr2006,stInflow,reservoir
CH,h2788,2.6614358333714505,scr2006,stInflow,reservoir
CH,h2789,2.6614358333714505,scr2006,stInflow,reservoir
CH,h2790,2.6614358333714505,scr2006,stInflow,reservoir
CH,h2791,2.6614358333714505,scr2006,stInflow,reservoir
CH,h2792,2.6614358333714505,scr2006,stInflow,reservoir
CH,h2793,2.6614358333714505,scr2006,stInflow,reservoir
CH,h2794,2.6614358333714505,scr2006,stInflow,reservoir
CH,h2795,2.6614358333714505,scr2006,stInflow,reservoir
CH,h2796,2.6614358333714505,scr2006,stInflow,reservoir
CH,h2797,2.6614358333714505,scr2006,stInflow,reservoir
CH,h2798,2.6614358333714505,scr2006,stInflow,reservoir
CH,h2799,2.6614358333714505,scr2006,stInflow,reservoir
CH,h2800,2.6614358333714505,scr2006,stInflow,reservoir
CH,h2801,2.6614358333714505,scr2006,stInflow,reservoir
CH,h2802,2.6614358333714505,scr2006,stInflow,reservoir
CH,h2803,2.6614358333714505,scr2006,stInflow,reservoir
CH,h2804,2.6614358333714505,scr2006,stInflow,reservoir
CH,h2805,2.6614358333714505,scr2006,stInflow,reservoir
CH,h2806,2.6614358333714505,scr2006,stInflow,reservoir
CH,h2807,2.6614358333714505,scr2006,stInflow,reservoir
CH,h2808,2.6614358333714505,scr2006,stInflow,reservoir
CH,h2809,2.6614358333714505,scr2006,stInflow,reservoir
CH,h2810,2.6614358333714505,scr2006,stInflow,reservoir
CH,h2811,2.6614358333714505,scr2006,stInflow,reservoir
CH,h2812,2.6614358333714505,scr2006,stInflow,reservoir
CH,h2813,2.6614358333714505,scr2006,stInflow,reservoir
CH,h2814,2.6614358333714505,scr2006,stInflow,reservoir
CH,h2815,2.6614358333714505,scr2006,stInflow,reservoir
CH,h2816,2.6614358333714505,scr2006,stInflow,reservoir
CH,h2817,2.6614358333714505,scr2006,stInflow,reservoir
CH,h2818,2.6614358333714505,scr2006,stInflow,reservoir
CH,h2819,2.6614358333714505,scr2006,stInflow,reservoir
CH,h2820,2.6614358333714505,scr2006,stInflow,reservoir
CH,h2821,2.6614358333714505,scr2006,stInflow,reservoir
CH,h2822,2.6614358333714505,scr2006,stInflow,reservoir
CH,h2823,2.6614358333714505,scr2006,stInflow,reservoir
CH,h2824,2.6614358333714505,scr2006,stInflow,reservoir
CH,h2825,2.6614358333714505,scr2006,stInflow,reservoir
CH,h2826,2.6614358333714505,scr2006,stInflow,reservoir
CH,h2827,2.6614358333714505,scr2006,stInflow,reservoir
CH,h2828,2.6614358333714505,scr2006,stInflow,reservoir
CH,h2829,2.6614358333714505,scr2006,stInflow,reservoir
CH,h2830,2.6614358333714505,scr2006,stInflow,reservoir
CH,h2831,2.6614358333714505,scr2006,stInflow,reservoir
CH,h2832,2.6614358333714505,scr2006,stInflow,reservoir
CH,h2833,2.6614358333714505,scr2006,stInflow,reservoir
CH,h2834,2.6614358333714505,scr2006,stInflow,reservoir
CH,h2835,2.6614358333714505,scr2006,stInflow,reservoir
CH,h2836,2.6614358333714505,scr2006,stInflow,reservoir
CH,h2837,2.6614358333714505,scr2006,stInflow,reservoir
CH,h2838,2.6614358333714505,scr2006,stInflow,reservoir
CH,h2839,2.6614358333714505,scr2006,stInflow,reservoir
CH,h2840,2.6614358333714505,scr2006,stInflow,reservoir
CH,h2841,2.6614358333714505,scr2006,stInflow,reservoir
CH,h2842,2.6614358333714505,scr2006,stInflow,reservoir
CH,h2843,2.6614358333714505,scr2006,stInflow,reservoir
CH,h2844,2.6614358333714505,scr2006,stInflow,reservoir
CH,h2845,2.6614358333714505,scr2006,stInflow,reservoir
CH,h2846,2.6614358333714505,scr2006,stInflow,reservoir
CH,h2847,2.6614358333714505,scr2006,stInflow,reservoir
CH,h2848,2.6614358333714505,scr2006,stInflow,reservoir
CH,h2849,2.6614358333714505,scr2006,stInflow,reservoir
CH,h2850,2.6614358333714505,scr2006,stInflow,reservoir
CH,h2851,2.6614358333714505,scr2006,stInflow,reservoir
CH,h2852,2.6614358333714505,scr2006,stInflow,reservoir
CH,h2853,2.6614358333714505,scr2006,stInflow,reservoir
CH,h2854,2.6614358333714505,scr2006,stInflow,reservoir
CH,h2855,2.6614358333714505,scr2006,stInflow,reservoir
CH,h2856,2.6614358333714505,scr2006,stInflow,reservoir
CH,h2857,2.6614358333714505,scr2006,stInflow,reservoir
CH,h2858,2.6614358333714505,scr2006,stInflow,reservoir
CH,h2859,2.6614358333714505,scr2006,stInflow,reservoir
CH,h2860,2.6614358333714505,scr2006,stInflow,reservoir
CH,h2861,2.6614358333714505,scr2006,stInflow,reservoir
CH,h2862,2.6614358333714505,scr2006,stInflow,reservoir
CH,h2863,2.6614358333714505,scr2006,stInflow,reservoir
CH,h2864,2.6614358333714505,scr2006,stInflow,reservoir
CH,h2865,2.6614358333714505,scr2006,stInflow,reservoir
CH,h2866,2.6614358333714505,scr2006,stInflow,reservoir
CH,h2867,2.6614358333714505,scr2006,stInflow,reservoir
CH,h2868,2.6614358333714505,scr2006,stInflow,reservoir
CH,h2869,2.6614358333714505,scr2006,stInflow,reservoir
CH,h2870,2.6614358333714505,scr2006,stInflow,reservoir
CH,h2871,2.6614358333714505,scr2006,stInflow,reservoir
CH,h2872,2.6614358333714505,scr2006,stInflow,reservoir
CH,h2873,2.6614358333714505,scr2006,stInflow,reservoir
CH,h2874,2.6614358333714505,scr2006,stInflow,reservoir
CH,h2875,2.6614358333714505,scr2006,stInflow,reservoir
CH,h2876,2.6614358333714505,scr2006,stInflow,reservoir
CH,h2877,2.6614358333714505,scr2006,stInflow,reservoir
CH,h2878,2.6614358333714505,scr2006,stInflow,reservoir
CH,h2879,2.6614358333714505,scr2006,stInflow,reservoir
CH,h2880,2.6614358333714505,scr2006,stInflow,reservoir
ES,h2161,0.561239242872283,scr2006,stInflow,reservoir
ES,h2162,0.561239242872283,scr2006,stInflow,reservoir
ES,h2163,0.561239242872283,scr2006,stInflow,reservoir
ES,h2164,0.561239242872283,scr2006,stInflow,reservoir
ES,h2165,0.561239242872283,scr2006,stInflow,reservoir
ES,h2166,0.561239242872283,scr2006,stInflow,reservoir
ES,h2167,0.561239242872283,scr2006,stInflow,reservoir
ES,h2168,0.561239242872283,scr2006,stInflow,reservoir
ES,h2169,0.561239242872283,scr2006,stInflow,reservoir
ES,h2170,0.561239242872283,scr2006,stInflow,reservoir
ES,h2171,0.561239242872283,scr2006,stInflow,reservoir
ES,h2172,0.561239242872283,scr2006,stInflow,reservoir
ES,h2173,0.561239242872283,scr2006,stInflow,reservoir
ES,h2174,0.561239242872283,scr2006,stInflow,reservoir
ES,h2175,0.561239242872283,scr2006,stInflow,reservoir
ES,h2176,0.561239242872283,scr2006,stInflow,reservoir
ES,h2177,0.561239242872283,scr2006,stInflow,reservoir
ES,h2178,0.561239242872283,scr2006,stInflow,reservoir
ES,h2179,0.561239242872283,scr2006,stInflow,reservoir
ES,h2180,0.561239242872283,scr2006,stInflow,reservoir
ES,h2181,0.561239242872283,scr2006,stInflow,reservoir
ES,h2182,0.561239242872283,scr2006,stInflow,reservoir
ES,h2183,0.561239242872283,scr2006,stInflow,reservoir
ES,h2184,0.561239242872283,scr2006,stInflow,reservoir
ES,h2185,0.561239242872283,scr2006,stInflow,reservoir
ES,h2186,0.561239242872283,scr2006,stInflow,reservoir
ES,h2187,0.561239242872283,scr2006,stInflow,reservoir
ES,h2188,0.561239242872283,scr2006,stInflow,reservoir
ES,h2189,0.561239242872283,scr2006,stInflow,reservoir
ES,h2190,0.561239242872283,scr2006,stInflow,reservoir
ES,h2191,0.561239242872283,scr2006,stInflow,reservoir
ES,h2192,0.561239242872283,scr2006,stInflow,reservoir
ES,h2193,0.561239242872283,scr2006,stInflow,reservoir
ES,h2194,0.561239242872283,scr2006,stInflow,reservoir
ES,h2195,0.561239242872283,scr2006,stInflow,reservoir
ES,h2196,0.561239242872283,scr2006,stInflow,reservoir
ES,h2197,0.561239242872283,scr2006,stInflow,reservoir
ES,h2198,0.561239242872283,scr2006,stInflow,reservoir
ES,h2199,0.561239242872283,scr2006,stInflow,reservoir
ES,h2200,0.561239242872283,scr2006,stInflow,reservoir
ES,h2201,0.561239242872283,scr2006,stInflow,reservoir
ES,h2202,0.561239242872283,scr2006,stInflow,reservoir
ES,h2203,0.561239242872283,scr2006,stInflow,reservoir
ES,h2204,0.561239242872283,scr2006,stInflow,reservoir
ES,h2205,0.561239242872283,scr2006,stInflow,reservoir
ES,h2206,0.561239242872283,scr2006,stInflow,reservoir
ES,h2207,0.561239242872283,scr2006,stInflow,reservoir
ES,h2208,0.561239242872283,scr2006,stInflow,reservoir
ES,h2209,0.5142007448380683,scr2006,stInflow,reservoir
ES,h2210,0.4671626777348733,scr2006,stInflow,reservoir
ES,h2211,0.4201250850924105,scr2006,stInflow,reservoir
ES,h2212,0.4201250850924105,scr2006,stInflow,reservoir
ES,h2213,0.4201250850924105,scr2006,stInflow,reservoir
ES,h2214,0.4201250850924105,scr2006,stInflow,reservoir
ES,h2215,0.4201250850924105,scr2006,stInflow,reservoir
ES,h2216,0.4201250850924105,scr2006,stInflow,reservoir
ES,h2217,0.4201250850924105,scr2006,stInflow,reservoir
ES,h2218,0.4201250850924105,scr2006,stInflow,reservoir
ES,h2219,0.4201250850924105,scr2006,stInflow,reservoir
ES,h2220,0.4201250850924105,scr2006,stInflow,reservoir
ES,h2221,0.4201250850924105,scr2006,stInflow,reservoir
ES,h2222,0.4201250850924105,scr2006,stInflow,reservoir
ES,h2223,0.4201250850924105,scr2006,stInflow,reservoir
ES,h2224,0.4201250850924105,scr2006,stInflow,reservoir
ES,h2225,0.4201250850924105,scr2006,stInflow,reservoir
ES,h2226,0.4201250850924105,scr2006,stInflow,reservoir
ES,h2227,0.4201250850924105,scr2006,stInflow,reservoir
ES,h2228,0.4201250850924105,scr2006,stInflow,reservoir
ES,h2229,0.4201250850924105,scr2006,stInflow,reservoir
ES,h2230,0.4201250850924105,scr2006,stInflow,reservoir
ES,h2231,0.4201250850924105,scr2006,stInflow,reservoir
ES,h2232,0.4201250850924105,scr2006,stInflow,reservoir
ES,h2233,0.4201250850924105,scr2006,stInflow,reservoir
ES,h2234,0.4201250850924105,scr2006,stInflow,reservoir
ES,h2235,0.4201250850924105,scr2006,stInflow,reservoir
ES,h2236,0.4201250850924105,scr2006,stInflow,reservoir
ES,h2237,0.4201250850924105,scr2006,stInflow,reservoir
ES,h2238,0.4201250850924105,scr2006,stInflow,reservoir
ES,h2239,0.4201250850924105,scr2006,stInflow,reservoir
ES,h2240,0.4201250850924105,scr2006,stInflow,reservoir
ES,h2241,0.4201250850924105,scr2006,stInflow,reservoir
ES,h2242,0.4201250850924105,scr2006,stInflow,reservoir
ES,h2243,0.4201250850924105,scr2006,stInflow,reservoir
ES,h2244,0.4201250850924105,scr2006,stInflow,reservoir
ES,h2245,0.4201250850924105,scr2006,stInflow,reservoir
ES,h2246,0.4201250850924105,scr2006,stInflow,reservoir
ES,h2247,0.4201250850924105,scr2006,stInflow,reservoir
ES,h2248,0.4201250850924105,scr2006,stInflow,reservoir
ES,h2249,0.4201250850924105,scr2006,stInflow,reservoir
ES,h2250,0.4201250850924105,scr2006,stInflow,reservoir
ES,h2251,0.4201250850924105,scr2006,stInflow,reservoir
ES,h2252,0.4201250850924105,scr2006,stInflow,reservoir
ES,h2253,0.4201250850924105,scr2006,stInflow,reservoir
ES,h2254,0.4201250850924105,scr2006,stInflow,reservoir
ES,h2255,0.4201250850924105,scr2006,stInflow,reservoir
ES,h2256,0.4201250850924105,scr2006,stInflow,reservoir
ES,h2257,0.4201250850924105,scr2006,stInflow,reservoir
ES,h2258,0.4201250850924105,scr2006,stInflow,reservoir
ES,h2259,0.4201250850924105,scr2006,stInflow,reservoir
ES,h2260,0.4201250850924105,scr2006,stInflow,reservoir
ES,h2261,0.4201250850924105,scr2006,stInflow,reservoir
ES,h2262,0.4201250850924105,scr2006,stInflow,reservoir
ES,h2263,0.4201250850924105,scr2006,stInflow,reservoir
ES,h2264,0.4201250850924105,scr2006,stInflow,reservoir
ES,h2265,0.4201250850924105,scr2006,stInflow,reservoir
ES,h2266,0.4201250850924105,scr2006,stInflow,reservoir
ES,h2267,0.4201250850924105,scr2006,stInflow,reservoir
ES,h2268,0.4201250850924105,scr2006,stInflow,reservoir
ES,h2269,0.4201250850924105,scr2006,stInflow,reservoir
ES,h2270,0.4201250850924105,scr2006,stInflow,reservoir
ES,h2271,0.4201250850924105,scr2006,stInflow,reservoir
ES,h2272,0.4201250850924105,scr2006,stInflow,reservoir
ES,h2273,0.4201250850924105,scr2006,stInflow,reservoir
ES,h2274,0.4201250850924105,scr2006,stInflow,reservoir
ES,h2275,0.4201250850924105,scr2006,stInflow,reservoir
ES,h2276,0.4201250850924105,scr2006,stInflow,reservoir
ES,h2277,0.4201250850924105,scr2006,stInflow,reservoir
ES,h2278,0.4201250850924105,scr2006,stInflow,reservoir
ES,h2279,0.4201250850924105,scr2006,stInflow,reservoir
ES,h2280,0.4201250850924105,scr2006,stInflow,reservoir
ES,h2281,0.4201250850924105,scr2006,stInflow,reservoir
ES,h2282,0.4201250850924105,scr2006,stInflow,reservoir
ES,h2283,0.4201250850924105,scr2006,stInflow,reservoir
ES,h2284,0.4201250850924105,scr2006,stInflow,reservoir
ES,h2285,0.4201250850924105,scr2006,stInflow,reservoir
ES,h2286,0.4201250850924105,scr2006,stInflow,reservoir
ES,h2287,0.4201250850924105,scr2006,stInflow,reservoir
ES,h2288,0.4201250850924105,scr2006,stInflow,reservoir
ES,h2289,0.4201250850924105,scr2006,stInflow,reservoir
ES,h2290,0.4201250850924105,scr2006,stInflow,reservoir
ES,h2291,0.4201250850924105,scr2006,stInflow,reservoir
ES,h2292,0.4201250850924105,scr2006,stInflow,reservoir
ES,h2293,0.4201250850924105,scr2006,stInflow,reservoir
ES,h2294,0.4201250850924105,scr2006,stInflow,reservoir
ES,h2295,0.4201250850924105,scr2006,stInflow,reservoir
ES,h2296,0.4201250850924105,scr2006,stInflow,reservoir
ES,h2297,0.4201250850924105,scr2006,stInflow,reservoir
ES,h2298,0.4201250850924105,scr2006,stInflow,reservoir
ES,h2299,0.4201250850924105,scr2006,stInflow,reservoir
ES,h2300,0.4201250850924105,scr2006,stInflow,reservoir
ES,h2301,0.4201250850924105,scr2006,stInflow,reservoir
ES,h2302,0.4201250850924105,scr2006,stInflow,reservoir
ES,h2303,0.4201250850924105,scr2006,stInflow,reservoir
ES,h2304,0.4201250850924105,scr2006,stInflow,reservoir
ES,h2305,0.4201250850924105,scr2006,stInflow,reservoir
ES,h2306,0.4201250850924105,scr2006,stInflow,reservoir
ES,h2307,0.4201250850924105,scr2006,stInflow,reservoir
ES,h2308,0.4201250850924105,scr2006,stInflow,reservoir
ES,h2309,0.4201250850924105,scr2006,stInflow,reservoir
ES,h2310,0.4201250850924105,scr2006,stInflow,reservoir
ES,h2311,0.4201250850924105,scr2006,stInflow,reservoir
ES,h2312,0.4201250850924105,scr2006,stInflow,reservoir
ES,h2313,0.4201250850924105,scr2006,stInflow,reservoir
ES,h2314,0.4201250850924105,scr2006,stInflow,reservoir
ES,h2315,0.4201250850924105,scr2006,stInflow,reservoir
ES,h2316,0.4201250850924105,scr2006,stInflow,reservoir
ES,h2317,0.4201250850924105,scr2006,stInflow,reservoir
ES,h2318,0.4201250850924105,scr2006,stInflow,reservoir
ES,h2319,0.4201250850924105,scr2006,stInflow,reservoir
ES,h2320,0.4201250850924105,scr2006,stInflow,reservoir
ES,h2321,0.4201250850924105,scr2006,stInflow,reservoir
ES,h2322,0.4201250850924105,scr2006,stInflow,reservoir
ES,h2323,0.4201250850924105,scr2006,stInflow,reservoir
ES,h2324,0.4201250850924105,scr2006,stInflow,reservoir
ES,h2325,0.4201250850924105,scr2006,stInflow,reservoir
ES,h2326,0.4201250850924105,scr2006,stInflow,reservoir
ES,h2327,0.4201250850924105,scr2006,stInflow,reservoir
ES,h2328,0.4201250850924105,scr2006,stInflow,reservoir
ES,h2329,0.4201250850924105,scr2006,stInflow,reservoir
ES,h2330,0.4201250850924105,scr2006,stInflow,reservoir
ES,h2331,0.4201250850924105,scr2006,stInflow,reservoir
ES,h2332,0.4201250850924105,scr2006,stInflow,reservoir
ES,h2333,0.4201250850924105,scr2006,stInflow,reservoir
ES,h2334,0.4201250850924105,scr2006,stInflow,reservoir
ES,h2335,0.4201250850924105,scr2006,stInflow,reservoir
ES,h2336,0.4201250850924105,scr2006,stInflow,reservoir
ES,h2337,0.4201250850924105,scr2006,stInflow,reservoir
ES,h2338,0.4201250850924105,scr2006,stInflow,reservoir
ES,h2339,0.4201250850924105,scr2006,stInflow,reservoir
ES,h2340,0.4201250850924105,scr2006,stInflow,reservoir
ES,h2341,0.4201250850924105,scr2006,stInflow,reservoir
ES,h2342,0.4201250850924105,scr2006,stInflow,reservoir
ES,h2343,0.4201250850924105,scr2006,stInflow,reservoir
ES,h2344,0.4201250850924105,scr2006,stInflow,reservoir
ES,h2345,0.4201250850924105,scr2006,stInflow,reservoir
ES,h2346,0.4201250850924105,scr2006,stInflow,reservoir
ES,h2347,0.4201250850924105,scr2006,stInflow,reservoir
ES,h2348,0.4201250850924105,scr2006,stInflow,reservoir
ES,h2349,0.4201250850924105,scr2006,stInflow,reservoir
ES,h2350,0.4201250850924105,scr2006,stInflow,reservoir
ES,h2351,0.4201250850924105,scr2006,stInflow,reservoir
ES,h2352,0.4201250850924105,scr2006,stInflow,reservoir
ES,h2353,0.4201250850924105,scr2006,stInflow,reservoir
ES,h2354,0.4201250850924105,scr2006,stInflow,reservoir
ES,h2355,0.4201250850924105,scr2006,stInflow,reservoir
ES,h2356,0.4201250850924105,scr2006,stInflow,reservoir
ES,h2357,0.4201250850924105,scr2006,stInflow,reservoir
ES,h2358,0.4201250850924105,scr2006,stInflow,reservoir
ES,h2359,0.4201250850924105,scr2006,stInflow,reservoir
ES,h2360,0.4201250850924105,scr2006,stInflow,reservoir
ES,h2361,0.4201250850924105,scr2006,stInflow,reservoir
ES,h2362,0.4201250850924105,scr2006,stInflow,reservoir
ES,h2363,0.4201250850924105,scr2006,stInflow,reservoir
ES,h2364,0.4201250850924105,scr2006,stInflow,reservoir
ES,h2365,0.4201250850924105,scr2006,stInflow,reservoir
ES,h2366,0.4201250850924105,scr2006,stInflow,reservoir
ES,h2367,0.4201250850924105,scr2006,stInflow,reservoir
ES,h2368,0.4201250850924105,scr2006,stInflow,reservoir
ES,h2369,0.4201250850924105,scr2006,stInflow,reservoir
ES,h2370,0.4201250850924105,scr2006,stInflow,reservoir
ES,h2371,0.4201250850924105,scr2006,stInflow,reservoir
ES,h2372,0.4201250850924105,scr2006,stInflow,reservoir
ES,h2373,0.4201250850924105,scr2006,stInflow,reservoir
ES,h2374,0.4201250850924105,scr2006,stInflow,reservoir
ES,h2375,0.4201250850924105,scr2006,stInflow,reservoir
ES,h2376,0.4201250850924105,scr2006,stInflow,reservoir
ES,h2377,0.390479737670881,scr2006,stInflow,reservoir
ES,h2378,0.36083461556054797,scr2006,stInflow,reservoir
ES,h2379,0.3311897373131798,scr2006,stInflow,reservoir
ES,h2380,0.3311897373131798,scr2006,stInflow,reservoir
ES,h2381,0.3311897373131798,scr2006,stInflow,reservoir
ES,h2382,0.3311897373131798,scr2006,stInflow,reservoir
ES,h2383,0.3311897373131798,scr2006,stInflow,reservoir
ES,h2384,0.3311897373131798,scr2006,stInflow,reservoir
ES,h2385,0.3311897373131798,scr2006,stInflow,reservoir
ES,h2386,0.3311897373131798,scr2006,stInflow,reservoir
ES,h2387,0.3311897373131798,scr2006,stInflow,reservoir
ES,h2388,0.3311897373131798,scr2006,stInflow,reservoir
ES,h2389,0.3311897373131798,scr2006,stInflow,reservoir
ES,h2390,0.3311897373131798,scr2006,stInflow,reservoir
ES,h2391,0.3311897373131798,scr2006,stInflow,reservoir
ES,h2392,0.3311897373131798,scr2006,stInflow,reservoir
ES,h2393,0.3311897373131798,scr2006,stInflow,reservoir
ES,h2394,0.3311897373131798,scr2006,stInflow,reservoir
ES,h2395,0.3311897373131798,scr2006,stInflow,reservoir
ES,h2396,0.3311897373131798,scr2006,stInflow,reservoir
ES,h2397,0.3311897373131798,scr2006,stInflow,reservoir
ES,h2398,0.3311897373131798,scr2006,stInflow,reservoir
ES,h2399,0.3311897373131798,scr2006,stInflow,reservoir
ES,h2400,0.3311897373131798,scr2006,stInflow,reservoir
ES,h2401,0.3311897373131798,scr2006,stInflow,reservoir
ES,h2402,0.3311897373131798,scr2006,stInflow,reservoir
ES,h2403,0.3311897373131798,scr2006,stInflow,reservoir
ES,h2404,0.3311897373131798,scr2006,stInflow,reservoir
ES,h2405,0.3311897373131798,scr2006,stInflow,reservoir
ES,h2406,0.3311897373131798,scr2006,stInflow,reservoir
ES,h2407,0.3311897373131798,scr2006,stInflow,reservoir
ES,h2408,0.3311897373131798,scr2006,stInflow,reservoir
ES,h2409,0.3311897373131798,scr2006,stInflow,reservoir
ES,h2410,0.3311897373131798,scr2006,stInflow,reservoir
ES,h2411,0.3311897373131798,scr2006,stInflow,reservoir
ES,h2412,0.3311897373131798,scr2006,stInflow,reservoir
ES,h2413,0.3311897373131798,scr2006,stInflow,reservoir
ES,h2414,0.3311897373131798,scr2006,stInflow,reservoir
ES,h2415,0.3311897373131798,scr2006,stInflow,reservoir
ES,h2416,0.3311897373131798,scr2006,stInflow,reservoir
ES,h2417,0.3311897373131798,scr2006,stInflow,reservoir
ES,h2418,0.3311897373131798,scr2006,stInflow,reservoir
ES,h2419,0.3311897373131798,scr2006,stInflow,reservoir
ES,h2420,0.3311897373131798,scr2006,stInflow,reservoir
ES,h2421,0.3311897373131798,scr2006,stInflow,reservoir
ES,h2422,0.3311897373131798,scr2006,stInflow,reservoir
ES,h2423,0.3311897373131798,scr2006,stInflow,reservoir
ES,h2424,0.3311897373131798,scr2006,stInflow,reservoir
ES,h2425,0.3311897373131798,scr2006,stInflow,reservoir
ES,h2426,0.3311897373131798,scr2006,stInflow,reservoir
ES,h2427,0.3311897373131798,scr2006,stInflow,reservoir
ES,h2428,0.3311897373131798,scr2006,stInflow,reservoir
ES,h2429,0.3311897373131798,scr2006,stInflow,reservoir
ES,h2430,0.3311897373131798,scr2006,stInflow,reservoir
ES,h2431,0.3311897373131798,scr2006,stInflow,reservoir
ES,h2432,0.3311897373131798,scr2006,stInflow,reservoir
ES,h2433,0.3311897373131798,scr2006,stInflow,reservoir
ES,h2434,0.3311897373131798,scr2006,stInflow,reservoir
ES,h2435,0.3311897373131798,scr2006,stInflow,reservoir
ES,h2436,0.3311897373131798,scr2006,stInflow,reservoir
ES,h2437,0.3311897373131798,scr2006,stInflow,reservoir
ES,h2438,0.3311897373131798,scr2006,stInflow,reservoir
ES,h2439,0.3311897373131798,scr2006,stInflow,reservoir
ES,h2440,0.3311897373131798,scr2006,stInflow,reservoir
ES,h2441,0.3311897373131798,scr2006,stInflow,reservoir
ES,h2442,0.3311897373131798,scr2006,stInflow,reservoir
ES,h2443,0.3311897373131798,scr2006,stInflow,reservoir
ES,h2444,0.3311897373131798,scr2006,stInflow,reservoir
ES,h2445,0.3311897373131798,scr2006,stInflow,reservoir
ES,h2446,0.3311897373131798,scr2006,stInflow,reservoir
ES,h2447,0.3311897373131798,scr2006,stInflow,reservoir
ES,h2448,0.3311897373131798,scr2006,stInflow,reservoir
ES,h2449,0.3311897373131798,scr2006,stInflow,reservoir
ES,h2450,0.3311897373131798,scr2006,stInflow,reservoir
ES,h2451,0.3311897373131798,scr2006,stInflow,reservoir
ES,h2452,0.3311897373131798,scr2006,stInflow,reservoir
ES,h2453,0.3311897373131798,scr2006,stInflow,reservoir
ES,h2454,0.3311897373131798,scr2006,stInflow,reservoir
ES,h2455,0.3311897373131798,scr2006,stInflow,reservoir
ES,h2456,0.3311897373131798,scr2006,stInflow,reservoir
ES,h2457,0.3311897373131798,scr2006,stInflow,reservoir
ES,h2458,0.3311897373131798,scr2006,stInflow,reservoir
ES,h2459,0.3311897373131798,scr2006,stInflow,reservoir
ES,h2460,0.3311897373131798,scr2006,stInflow,reservoir
ES,h2461,0.3311897373131798,scr2006,stInflow,reservoir
ES,h2462,0.3311897373131798,scr2006,stInflow,reservoir
ES,h2463,0.3311897373131798,scr2006,stInflow,reservoir
ES,h2464,0.3311897373131798,scr2006,stInflow,reservoir
ES,h2465,0.3311897373131798,scr2006,stInflow,reservoir
ES,h2466,0.3311897373131798,scr2006,stInflow,reservoir
ES,h2467,0.3311897373131798,scr2006,stInflow,reservoir
ES,h2468,0.3311897373131798,scr2006,stInflow,reservoir
ES,h2469,0.3311897373131798,scr2006,stInflow,reservoir
ES,h2470,0.3311897373131798,scr2006,stInflow,reservoir
ES,h2471,0.3311897373131798,scr2006,stInflow,reservoir
ES,h2472,0.3311897373131798,scr2006,stInflow,reservoir
ES,h2473,0.3311897373131798,scr2006,stInflow,reservoir
ES,h2474,0.3311897373131798,scr2006,stInflow,reservoir
ES,h2475,0.3311897373131798,scr2006,stInflow,reservoir
ES,h2476,0.3311897373131798,scr2006,stInflow,reservoir
ES,h2477,0.3311897373131798,scr2006,stInflow,reservoir
ES,h2478,0.3311897373131798,scr2006,stInflow,reservoir
ES,h2479,0.3311897373131798,scr2006,stInflow,reservoir
ES,h2480,0.3311897373131798,scr2006,stInflow,reservoir
ES,h2481,0.3311897373131798,scr2006,stInflow,reservoir
ES,h2482,0.3311897373131798,scr2006,stInflow,reservoir
ES,h2483,0.3311897373131798,scr2006,stInflow,reservoir
ES,h2484,0.3311897373131798,scr2006,stInflow,reservoir
ES,h2485,0.3311897373131798,scr2006,stInflow,reservoir
ES,h2486,0.3311897373131798,scr2006,stInflow,reservoir
ES,h2487,0.3311897373131798,scr2006,stInflow,reservoir
ES,h2488,0.3311897373131798,scr2006,stInflow,reservoir
ES,h2489,0.3311897373131798,scr2006,stInflow,reservoir
ES,h2490,0.3311897373131798,scr2006,stInflow,reservoir
ES,h2491,0.3311897373131798,scr2006,stInflow,reservoir
ES,h2492,0.3311897373131798,scr2006,stInflow,reservoir
ES,h2493,0.3311897373131798,scr2006,stInflow,reservoir
ES,h2494,0.3311897373131798,scr2006,stInflow,reservoir
ES,h2495,0.3311897373131798,scr2006,stInflow,reservoir
ES,h2496,0.3311897373131798,scr2006,stInflow,reservoir
ES,h2497,0.3311897373131798,scr2006,stInflow,reservoir
ES,h2498,0.3311897373131798,scr2006,stInflow,reservoir
ES,h2499,0.3311897373131798,scr2006,stInflow,reservoir
ES,h2500,0.3311897373131798,scr2006,stInflow,reservoir
ES,h2501,0.3311897373131798,scr2006,stInflow,reservoir
ES,h2502,0.3311897373131798,scr2006,stInflow,reservoir
ES,h2503,0.3311897373131798,scr2006,stInflow,reservoir
ES,h2504,0.3311897373131798,scr2006,stInflow,reservoir
ES,h2505,0.3311897373131798,scr2006,stInflow,reservoir
ES,h2506,0.3311897373131798,scr2006,stInflow,reservoir
ES,h2507,0.3311897373131798,scr2006,stInflow,reservoir
ES,h2508,0.3311897373131798,scr2006,stInflow,reservoir
ES,h2509,0.3311897373131798,scr2006,stInflow,reservoir
ES,h2510,0.3311897373131798,scr2006,stInflow,reservoir
ES,h2511,0.3311897373131798,scr2006,stInflow,reservoir
ES,h2512,0.3311897373131798,scr2006,stInflow,reservoir
ES,h2513,0.3311897373131798,scr2006,stInflow,reservoir
ES,h2514,0.3311897373131798,scr2006,stInflow,reservoir
ES,h2515,0.3311897373131798,scr2006,stInflow,reservoir
ES,h2516,0.3311897373131798,scr2006,stInflow,reservoir
ES,h2517,0.3311897373131798,scr2006,stInflow,reservoir
ES,h2518,0.3311897373131798,scr2006,stInflow,reservoir
ES,h2519,0.3311897373131798,scr2006,stInflow,reservoir
ES,h2520,0.3311897373131798,scr2006,stInflow,reservoir
ES,h2521,0.3311897373131798,scr2006,stInflow,reservoir
ES,h2522,0.3311897373131798,scr2006,stInflow,reservoir
ES,h2523,0.3311897373131798,scr2006,stInflow,reservoir
ES,h2524,0.3311897373131798,scr2006,stInflow,reservoir
ES,h2525,0.3311897373131798,scr2006,stInflow,reservoir
ES,h2526,0.3311897373131798,scr2006,stInflow,reservoir
ES,h2527,0.3311897373131798,scr2006,stInflow,reservoir
ES,h2528,0.3311897373131798,scr2006,stInflow,reservoir
ES,h2529,0.3311897373131798,scr2006,stInflow,reservoir
ES,h2530,0.3311897373131798,scr2006,stInflow,reservoir
ES,h2531,0.3311897373131798,scr2006,stInflow,reservoir
ES,h2532,0.3311897373131798,scr2006,stInflow,reservoir
ES,h2533,0.3311897373131798,scr2006,stInflow,reservoir
ES,h2534,0.3311897373131798,scr2006,stInflow,reservoir
ES,h2535,0.3311897373131798,scr2006,stInflow,reservoir
ES,h2536,0.3311897373131798,scr2006,stInflow,reservoir
ES,h2537,0.3311897373131798,scr2006,stInflow,reservoir
ES,h2538,0.3311897373131798,scr2006,stInflow,reservoir
ES,h2539,0.3311897373131798,scr2006,stInflow,reservoir
ES,h2540,0.3311897373131798,scr2006,stInflow,reservoir
ES,h2541,0.3311897373131798,scr2006,stInflow,reservoir
ES,h2542,0.3311897373131798,scr2006,stInflow,reservoir
ES,h2543,0.3311897373131798,scr2006,stInflow,reservoir
ES,h2544,0.3311897373131798,scr2006,stInflow,reservoir
ES,h2545,0.33693124269909874,scr2006,stInflow,reservoir
ES,h2546,0.34267275787091894,scr2006,stInflow,reservoir
ES,h2547,0.3484142826646521,scr2006,stInflow,reservoir
ES,h2548,0.3484142826646521,scr2006,stInflow,reservoir
ES,h2549,0.3484142826646521,scr2006,stInflow,reservoir
ES,h2550,0.3484142826646521,scr2006,stInflow,reservoir
ES,h2551,0.3484142826646521,scr2006,stInflow,reservoir
ES,h2552,0.3484142826646521,scr2006,stInflow,reservoir
ES,h2553,0.3484142826646521,scr2006,stInflow,reservoir
ES,h2554,0.3484142826646521,scr2006,stInflow,reservoir
ES,h2555,0.3484142826646521,scr2006,stInflow,reservoir
ES,h2556,0.3484142826646521,scr2006,stInflow,reservoir
ES,h2557,0.3484142826646521,scr2006,stInflow,reservoir
ES,h2558,0.3484142826646521,scr2006,stInflow,reservoir
ES,h2559,0.3484142826646521,scr2006,stInflow,reservoir
ES,h2560,0.3484142826646521,scr2006,stInflow,reservoir
ES,h2561,0.3484142826646521,scr2006,stInflow,reservoir
ES,h2562,0.3484142826646521,scr2006,stInflow,reservoir
ES,h2563,0.3484142826646521,scr2006,stInflow,reservoir
ES,h2564,0.3484142826646521,scr2006,stInflow,reservoir
ES,h2565,0.3484142826646521,scr2006,stInflow,reservoir
ES,h2566,0.3484142826646521,scr2006,stInflow,reservoir
ES,h2567,0.3484142826646521,scr2006,stInflow,reservoir
ES,h2568,0.3484142826646521,scr2006,stInflow,reservoir
ES,h2569,0.3484142826646521,scr2006,stInflow,reservoir
ES,h2570,0.3484142826646521,scr2006,stInflow,reservoir
ES,h2571,0.3484142826646521,scr2006,stInflow,reservoir
ES,h2572,0.3484142826646521,scr2006,stInflow,reservoir
ES,h2573,0.3484142826646521,scr2006,stInflow,reservoir
ES,h2574,0.3484142826646521,scr2006,stInflow,reservoir
ES,h2575,0.3484142826646521,scr2006,stInflow,reservoir
ES,h2576,0.3484142826646521,scr2006,stInflow,reservoir
ES,h2577,0.3484142826646521,scr2006,stInflow,reservoir
ES,h2578,0.3484142826646521,scr2006,stInflow,reservoir
ES,h2579,0.3484142826646521,scr2006,stInflow,reservoir
ES,h2580,0.3484142826646521,scr2006,stInflow,reservoir
ES,h2581,0.3484142826646521,scr2006,stInflow,reservoir
ES,h2582,0.3484142826646521,scr2006,stInflow,reservoir
ES,h2583,0.3484142826646521,scr2006,stInflow,reservoir
ES,h2584,0.3484142826646521,scr2006,stInflow,reservoir
ES,h2585,0.3484142826646521,scr2006,stInflow,reservoir
ES,h2586,0.3484142826646521,scr2006,stInflow,reservoir
ES,h2587,0.3484142826646521,scr2006,stInflow,reservoir
ES,h2588,0.3484142826646521,scr2006,stInflow,reservoir
ES,h2589,0.3484142826646521,scr2006,stInflow,reservoir
ES,h2590,0.3484142826646521,scr2006,stInflow,reservoir
ES,h2591,0.3484142826646521,scr2006,stInflow,reservoir
ES,h2592,0.3484142826646521,scr2006,stInflow,reservoir
ES,h2593,0.3484142826646521,scr2006,stInflow,reservoir
ES,h2594,0.3484142826646521,scr2006,stInflow,reservoir
ES,h2595,0.3484142826646521,scr2006,stInflow,reservoir
ES,h2596,0.3484142826646521,scr2006,stInflow,reservoir
ES,h2597,0.3484142826646521,scr2006,stInflow,reservoir
ES,h2598,0.3484142826646521,scr2006,stInflow,reservoir
ES,h2599,0.3484142826646521,scr2006,stInflow,reservoir
ES,h2600,0.3484142826646521,scr2006,stInflow,reservoir
ES,h2601,0.3484142826646521,scr2006,stInflow,reservoir
ES,h2602,0.3484142826646521,scr2006,stInflow,reservoir
ES,h2603,0.3484142826646521,scr2006,stInflow,reservoir
ES,h2604,0.3484142826646521,scr2006,stInflow,reservoir
ES,h2605,0.3484142826646521,scr2006,stInflow,reservoir
ES,h2606,0.3484142826646521,scr2006,stInflow,reservoir
ES,h2607,0.3484142826646521,scr2006,stInflow,reservoir
ES,h2608,0.3484142826646521,scr2006,stInflow,reservoir
ES,h2609,0.3484142826646521,scr2006,stInflow,reservoir
ES,h2610,0.3484142826646521,scr2006,stInflow,reservoir
ES,h2611,0.3484142826646521,scr2006,stInflow,reservoir
ES,h2612,0.3484142826646521,scr2006,stInflow,reservoir
ES,h2613,0.3484142826646521,scr2006,stInflow,reservoir
ES,h2614,0.3484142826646521,scr2006,stInflow,reservoir
ES,h2615,0.3484142826646521,scr2006,stInflow,reservoir
ES,h2616,0.3484142826646521,scr2006,stInflow,reservoir
ES,h2617,0.3484142826646521,scr2006,stInflow,reservoir
ES,h2618,0.3484142826646521,scr2006,stInflow,reservoir
ES,h2619,0.3484142826646521,scr2006,stInflow,reservoir
ES,h2620,0.3484142826646521,scr2006,stInflow,reservoir
ES,h2621,0.3484142826646521,scr2006,stInflow,reservoir
ES,h2622,0.3484142826646521,scr2006,stInflow,reservoir
ES,h2623,0.3484142826646521,scr2006,stInflow,reservoir
ES,h2624,0.3484142826646521,scr2006,stInflow,reservoir
ES,h2625,0.3484142826646521,scr2006,stInflow,reservoir
ES,h2626,0.3484142826646521,scr2006,stInflow,reservoir
ES,h2627,0.3484142826646521,scr2006,stInflow,reservoir
ES,h2628,0.3484142826646521,scr2006,stInflow,reservoir
ES,h2629,0.3484142826646521,scr2006,stInflow,reservoir
ES,h2630,0.3484142826646521,scr2006,stInflow,reservoir
ES,h2631,0.3484142826646521,scr2006,stInflow,reservoir
ES,h2632,0.3484142826646521,scr2006,stInflow,reservoir
ES,h2633,0.3484142826646521,scr2006,stInflow,reservoir
ES,h2634,0.3484142826646521,scr2006,stInflow,reservoir
ES,h2635,0.3484142826646521,scr2006,stInflow,reservoir
ES,h2636,0.3484142826646521,scr2006,stInflow,reservoir
ES,h2637,0.3484142826646521,scr2006,stInflow,reservoir
ES,h2638,0.3484142826646521,scr2006,stInflow,reservoir
ES,h2639,0.3484142826646521,scr2006,stInflow,reservoir
ES,h2640,0.3484142826646521,scr2006,stInflow,reservoir
ES,h2641,0.3484142826646521,scr2006,stInflow,reservoir
ES,h2642,0.3484142826646521,scr2006,stInflow,reservoir
ES,h2643,0.3484142826646521,scr2006,stInflow,reservoir
ES,h2644,0.3484142826646521,scr2006,stInflow,reservoir
ES,h2645,0.3484142826646521,scr2006,stInflow,reservoir
ES,h2646,0.3484142826646521,scr2006,stInflow,reservoir
ES,h2647,0.3484142826646521,scr2006,stInflow,reservoir
ES,h2648,0.3484142826646521,scr2006,stInflow,reservoir
ES,h2649,0.3484142826646521,scr2006,stInflow,reservoir
ES,h2650,0.3484142826646521,scr2006,stInflow,reservoir
ES,h2651,0.3484142826646521,scr2006,stInflow,reservoir
ES,h2652,0.3484142826646521,scr2006,stInflow,reservoir
ES,h2653,0.3484142826646521,scr2006,stInflow,reservoir
ES,h2654,0.3484142826646521,scr2006,stInflow,reservoir
ES,h2655,0.3484142826646521,scr2006,stInflow,reservoir
ES,h2656,0.3484142826646521,scr2006,stInflow,reservoir
ES,h2657,0.3484142826646521,scr2006,stInflow,reservoir
ES,h2658,0.3484142826646521,scr2006,stInflow,reservoir
ES,h2659,0.3484142826646521,scr2006,stInflow,reservoir
ES,h2660,0.3484142826646521,scr2006,stInflow,reservoir
ES,h2661,0.3484142826646521,scr2006,stInflow,reservoir
ES,h2662,0.3484142826646521,scr2006,stInflow,reservoir
ES,h2663,0.3484142826646521,scr2006,stInflow,reservoir
ES,h2664,0.3484142826646521,scr2006,stInflow,reservoir
ES,h2665,0.3484142826646521,scr2006,stInflow,reservoir
ES,h2666,0.3484142826646521,scr2006,stInflow,reservoir
ES,h2667,0.3484142826646521,scr2006,stInflow,reservoir
ES,h2668,0.3484142826646521,scr2006,stInflow,reservoir
ES,h2669,0.3484142826646521,scr2006,stInflow,reservoir
ES,h2670,0.3484142826646521,scr2006,stInflow,reservoir
ES,h2671,0.3484142826646521,scr2006,stInflow,reservoir
ES,h2672,0.3484142826646521,scr2006,stInflow,reservoir
ES,h2673,0.3484142826646521,scr2006,stInflow,reservoir
ES,h2674,0.3484142826646521,scr2006,stInflow,reservoir
ES,h2675,0.3484142826646521,scr2006,stInflow,reservoir
ES,h2676,0.3484142826646521,scr2006,stInflow,reservoir
ES,h2677,0.3484142826646521,scr2006,stInflow,reservoir
ES,h2678,0.3484142826646521,scr2006,stInflow,reservoir
ES,h2679,0.3484142826646521,scr2006,stInflow,reservoir
ES,h2680,0.3484142826646521,scr2006,stInflow,reservoir
ES,h2681,0.3484142826646521,scr2006,stInflow,reservoir
ES,h2682,0.3484142826646521,scr2006,stInflow,reservoir
ES,h2683,0.3484142826646521,scr2006,stInflow,reservoir
ES,h2684,0.3484142826646521,scr2006,stInflow,reservoir
ES,h2685,0.3484142826646521,scr2006,stInflow,reservoir
ES,h2686,0.3484142826646521,scr2006,stInflow,reservoir
ES,h2687,0.3484142826646521,scr2006,stInflow,reservoir
ES,h2688,0.3484142826646521,scr2006,stInflow,reservoir
ES,h2689,0.3484142826646521,scr2006,stInflow,reservoir
ES,h2690,0.3484142826646521,scr2006,stInflow,reservoir
ES,h2691,0.3484142826646521,scr2006,stInflow,reservoir
ES,h2692,0.3484142826646521,scr2006,stInflow,reservoir
ES,h2693,0.3484142826646521,scr2006,stInflow,reservoir
ES,h2694,0.3484142826646521,scr2006,stInflow,reservoir
ES,h2695,0.3484142826646521,scr2006,stInflow,reservoir
ES,h2696,0.3484142826646521,scr2006,stInflow,reservoir
ES,h2697,0.3484142826646521,scr2006,stInflow,reservoir
ES,h2698,0.3484142826646521,scr2006,stInflow,reservoir
ES,h2699,0.3484142826646521,scr2006,stInflow,reservoir
ES,h2700,0.3484142826646521,scr2006,stInflow,reservoir
ES,h2701,0.3484142826646521,scr2006,stInflow,reservoir
ES,h2702,0.3484142826646521,scr2006,stInflow,reservoir
ES,h2703,0.3484142826646521,scr2006,stInflow,reservoir
ES,h2704,0.3484142826646521,scr2006,stInflow,reservoir
ES,h2705,0.3484142826646521,scr2006,stInflow,reservoir
ES,h2706,0.3484142826646521,scr2006,stInflow,reservoir
ES,h2707,0.3484142826646521,scr2006,stInflow,reservoir
ES,h2708,0.3484142826646521,scr2006,stInflow,reservoir
ES,h2709,0.3484142826646521,scr2006,stInflow,reservoir
ES,h2710,0.3484142826646521,scr2006,stInflow,reservoir
ES,h2711,0.3484142826646521,scr2006,stInflow,reservoir
ES,h2712,0.3484142826646521,scr2006,stInflow,reservoir
ES,h2713,0.3747712554167658,scr2006,stInflow,reservoir
ES,h2714,0.40112841371162644,scr2006,stInflow,reservoir
ES,h2715,0.42748574533916944,scr2006,stInflow,reservoir
ES,h2716,0.42748574533916944,scr2006,stInflow,reservoir
ES,h2717,0.42748574533916944,scr2006,stInflow,reservoir
ES,h2718,0.42748574533916944,scr2006,stInflow,reservoir
ES,h2719,0.42748574533916944,scr2006,stInflow,reservoir
ES,h2720,0.42748574533916944,scr2006,stInflow,reservoir
ES,h2721,0.42748574533916944,scr2006,stInflow,reservoir
ES,h2722,0.42748574533916944,scr2006,stInflow,reservoir
ES,h2723,0.42748574533916944,scr2006,stInflow,reservoir
ES,h2724,0.42748574533916944,scr2006,stInflow,reservoir
ES,h2725,0.42748574533916944,scr2006,stInflow,reservoir
ES,h2726,0.42748574533916944,scr2006,stInflow,reservoir
ES,h2727,0.42748574533916944,scr2006,stInflow,reservoir
ES,h2728,0.42748574533916944,scr2006,stInflow,reservoir
ES,h2729,0.42748574533916944,scr2006,stInflow,reservoir
ES,h2730,0.42748574533916944,scr2006,stInflow,reservoir
ES,h2731,0.42748574533916944,scr2006,stInflow,reservoir
ES,h2732,0.42748574533916944,scr2006,stInflow,reservoir
ES,h2733,0.42748574533916944,scr2006,stInflow,reservoir
ES,h2734,0.42748574533916944,scr2006,stInflow,reservoir
ES,h2735,0.42748574533916944,scr2006,stInflow,reservoir
ES,h2736,0.42748574533916944,scr2006,stInflow,reservoir
ES,h2737,0.42748574533916944,scr2006,stInflow,reservoir
ES,h2738,0.42748574533916944,scr2006,stInflow,reservoir
ES,h2739,0.42748574533916944,scr2006,stInflow,reservoir
ES,h2740,0.42748574533916944,scr2006,stInflow,reservoir
ES,h2741,0.42748574533916944,scr2006,stInflow,reservoir
ES,h2742,0.42748574533916944,scr2006,stInflow,reservoir
ES,h2743,0.42748574533916944,scr2006,stInflow,reservoir
ES,h2744,0.42748574533916944,scr2006,stInflow,reservoir
ES,h2745,0.42748574533916944,scr2006,stInflow,reservoir
ES,h2746,0.42748574533916944,scr2006,stInflow,reservoir
ES,h2747,0.42748574533916944,scr2006,stInflow,reservoir
ES,h2748,0.42748574533916944,scr2006,stInflow,reservoir
ES,h2749,0.42748574533916944,scr2006,stInflow,reservoir
ES,h2750,0.42748574533916944,scr2006,stInflow,reservoir
ES,h2751,0.42748574533916944,scr2006,stInflow,reservoir
ES,h2752,0.42748574533916944,scr2006,stInflow,reservoir
ES,h2753,0.42748574533916944,scr2006,stInflow,reservoir
ES,h2754,0.42748574533916944,scr2006,stInflow,reservoir
ES,h2755,0.42748574533916944,scr2006,stInflow,reservoir
ES,h2756,0.42748574533916944,scr2006,stInflow,reservoir
ES,h2757,0.42748574533916944,scr2006,stInflow,reservoir
ES,h2758,0.42748574533916944,scr2006,stInflow,reservoir
ES,h2759,0.42748574533916944,scr2006,stInflow,reservoir
ES,h2760,0.42748574533916944,scr2006,stInflow,reservoir
ES,h2761,0.42748574533916944,scr2006,stInflow,reservoir
ES,h2762,0.42748574533916944,scr2006,stInflow,reservoir
ES,h2763,0.42748574533916944,scr2006,stInflow,reservoir
ES,h2764,0.42748574533916944,scr2006,stInflow,reservoir
ES,h2765,0.42748574533916944,scr2006,stInflow,reservoir
ES,h2766,0.42748574533916944,scr2006,stInflow,reservoir
ES,h2767,0.42748574533916944,scr2006,stInflow,reservoir
ES,h2768,0.42748574533916944,scr2006,stInflow,reservoir
ES,h2769,0.42748574533916944,scr2006,stInflow,reservoir
ES,h2770,0.42748574533916944,scr2006,stInflow,reservoir
ES,h2771,0.42748574533916944,scr2006,stInflow,reservoir
ES,h2772,0.42748574533916944,scr2006,stInflow,reservoir
ES,h2773,0.42748574533916944,scr2006,stInflow,reservoir
ES,h2774,0.42748574533916944,scr2006,stInflow,reservoir
ES,h2775,0.42748574533916944,scr2006,stInflow,reservoir
ES,h2776,0.42748574533916944,scr2006,stInflow,reservoir
ES,h2777,0.42748574533916944,scr2006,stInflow,reservoir
ES,h2778,0.42748574533916944,scr2006,stInflow,reservoir
ES,h2779,0.42748574533916944,scr2006,stInflow,reservoir
ES,h2780,0.42748574533916944,scr2006,stInflow,reservoir
ES,h2781,0.42748574533916944,scr2006,stInflow,reservoir
ES,h2782,0.42748574533916944,scr2006,stInflow,reservoir
ES,h2783,0.42748574533916944,scr2006,stInflow,reservoir
ES,h2784,0.42748574533916944,scr2006,stInflow,reservoir
ES,h2785,0.42748574533916944,scr2006,stInflow,reservoir
ES,h2786,0.42748574533916944,scr2006,stInflow,reservoir
ES,h2787,0.42748574533916944,scr2006,stInflow,reservoir
ES,h2788,0.42748574533916944,scr2006,stInflow,reservoir
ES,h2789,0.42748574533916944,scr2006,stInflow,reservoir
ES,h2790,0.42748574533916944,scr2006,stInflow,reservoir
ES,h2791,0.42748574533916944,scr2006,stInflow,reservoir
ES,h2792,0.42748574533916944,scr2006,stInflow,reservoir
ES,h2793,0.42748574533916944,scr2006,stInflow,reservoir
ES,h2794,0.42748574533916944,scr2006,stInflow,reservoir
ES,h2795,0.42748574533916944,scr2006,stInflow,reservoir
ES,h2796,0.42748574533916944,scr2006,stInflow,reservoir
ES,h2797,0.42748574533916944,scr2006,stInflow,reservoir
ES,h2798,0.42748574533916944,scr2006,stInflow,reservoir
ES,h2799,0.42748574533916944,scr2006,stInflow,reservoir
ES,h2800,0.42748574533916944,scr2006,stInflow,reservoir
ES,h2801,0.42748574533916944,scr2006,stInflow,reservoir
ES,h2802,0.42748574533916944,scr2006,stInflow,reservoir
ES,h2803,0.42748574533916944,scr2006,stInflow,reservoir
ES,h2804,0.42748574533916944,scr2006,stInflow,reservoir
ES,h2805,0.42748574533916944,scr2006,stInflow,reservoir
ES,h2806,0.42748574533916944,scr2006,stInflow,reservoir
ES,h2807,0.42748574533916944,scr2006,stInflow,reservoir
ES,h2808,0.42748574533916944,scr2006,stInflow,reservoir
ES,h2809,0.42748574533916944,scr2006,stInflow,reservoir
ES,h2810,0.42748574533916944,scr2006,stInflow,reservoir
ES,h2811,0.42748574533916944,scr2006,stInflow,reservoir
ES,h2812,0.42748574533916944,scr2006,stInflow,reservoir
ES,h2813,0.42748574533916944,scr2006,stInflow,reservoir
ES,h2814,0.42748574533916944,scr2006,stInflow,reservoir
ES,h2815,0.42748574533916944,scr2006,stInflow,reservoir
ES,h2816,0.42748574533916944,scr2006,stInflow,reservoir
ES,h2817,0.42748574533916944,scr2006,stInflow,reservoir
ES,h2818,0.42748574533916944,scr2006,stInflow,reservoir
ES,h2819,0.42748574533916944,scr2006,stInflow,reservoir
ES,h2820,0.42748574533916944,scr2006,stInflow,reservoir
ES,h2821,0.42748574533916944,scr2006,stInflow,reservoir
ES,h2822,0.42748574533916944,scr2006,stInflow,reservoir
ES,h2823,0.42748574533916944,scr2006,stInflow,reservoir
ES,h2824,0.42748574533916944,scr2006,stInflow,reservoir
ES,h2825,0.42748574533916944,scr2006,stInflow,reservoir
ES,h2826,0.42748574533916944,scr2006,stInflow,reservoir
ES,h2827,0.42748574533916944,scr2006,stInflow,reservoir
ES,h2828,0.42748574533916944,scr2006,stInflow,reservoir
ES,h2829,0.42748574533916944,scr2006,stInflow,reservoir
ES,h2830,0.42748574533916944,scr2006,stInflow,reservoir
ES,h2831,0.42748574533916944,scr2006,stInflow,reservoir
ES,h2832,0.42748574533916944,scr2006,stInflow,reservoir
ES,h2833,0.42748574533916944,scr2006,stInflow,reservoir
ES,h2834,0.42748574533916944,scr2006,stInflow,reservoir
ES,h2835,0.42748574533916944,scr2006,stInflow,reservoir
ES,h2836,0.42748574533916944,scr2006,stInflow,reservoir
ES,h2837,0.42748574533916944,scr2006,stInflow,reservoir
ES,h2838,0.42748574533916944,scr2006,stInflow,reservoir
ES,h2839,0.42748574533916944,scr2006,stInflow,reservoir
ES,h2840,0.42748574533916944,scr2006,stInflow,reservoir
ES,h2841,0.42748574533916944,scr2006,stInflow,reservoir
ES,h2842,0.42748574533916944,scr2006,stInflow,reservoir
ES,h2843,0.42748574533916944,scr2006,stInflow,reservoir
ES,h2844,0.42748574533916944,scr2006,stInflow,reservoir
ES,h2845,0.42748574533916944,scr2006,stInflow,reservoir
ES,h2846,0.42748574533916944,scr2006,stInflow,reservoir
ES,h2847,0.42748574533916944,scr2006,stInflow,reservoir
ES,h2848,0.42748574533916944,scr2006,stInflow,reservoir
ES,h2849,0.42748574533916944,scr2006,stInflow,reservoir
ES,h2850,0.42748574533916944,scr2006,stInflow,reservoir
ES,h2851,0.42748574533916944,scr2006,stInflow,reservoir
ES,h2852,0.42748574533916944,scr2006,stInflow,reservoir
ES,h2853,0.42748574533916944,scr2006,stInflow,reservoir
ES,h2854,0.42748574533916944,scr2006,stInflow,reservoir
ES,h2855,0.42748574533916944,scr2006,stInflow,reservoir
ES,h2856,0.42748574533916944,scr2006,stInflow,reservoir
ES,h2857,0.42748574533916944,scr2006,stInflow,reservoir
ES,h2858,0.42748574533916944,scr2006,stInflow,reservoir
ES,h2859,0.42748574533916944,scr2006,stInflow,reservoir
ES,h2860,0.42748574533916944,scr2006,stInflow,reservoir
ES,h2861,0.42748574533916944,scr2006,stInflow,reservoir
ES,h2862,0.42748574533916944,scr2006,stInflow,reservoir
ES,h2863,0.42748574533916944,scr2006,stInflow,reservoir
ES,h2864,0.42748574533916944,scr2006,stInflow,reservoir
ES,h2865,0.42748574533916944,scr2006,stInflow,reservoir
ES,h2866,0.42748574533916944,scr2006,stInflow,reservoir
ES,h2867,0.42748574533916944,scr2006,stInflow,reservoir
ES,h2868,0.42748574533916944,scr2006,stInflow,reservoir
ES,h2869,0.42748574533916944,scr2006,stInflow,reservoir
ES,h2870,0.42748574533916944,scr2006,stInflow,reservoir
ES,h2871,0.42748574533916944,scr2006,stInflow,reservoir
ES,h2872,0.42748574533916944,scr2006,stInflow,reservoir
ES,h2873,0.42748574533916944,scr2006,stInflow,reservoir
ES,h2874,0.42748574533916944,scr2006,stInflow,reservoir
ES,h2875,0.42748574533916944,scr2006,stInflow,reservoir
ES,h2876,0.42748574533916944,scr2006,stInflow,reservoir
ES,h2877,0.42748574533916944,scr2006,stInflow,reservoir
ES,h2878,0.42748574533916944,scr2006,stInflow,reservoir
ES,h2879,0.42748574533916944,scr2006,stInflow,reservoir
ES,h2880,0.42748574533916944,scr2006,stInflow,reservoir
FR,h2161,2.0189061119895575,scr2006,stInflow,reservoir
FR,h2162,2.0189061119895575,scr2006,stInflow,reservoir
FR,h2163,2.0189061119895575,scr2006,stInflow,reservoir
FR,h2164,2.0189061119895575,scr2006,stInflow,reservoir
FR,h2165,2.0189061119895575,scr2006,stInflow,reservoir
FR,h2166,2.0189061119895575,scr2006,stInflow,reservoir
FR,h2167,2.0189061119895575,scr2006,stInflow,reservoir
FR,h2168,2.0189061119895575,scr2006,stInflow,reservoir
FR,h2169,2.0189061119895575,scr2006,stInflow,reservoir
FR,h2170,2.0189061119895575,scr2006,stInflow,reservoir
FR,h2171,2.0189061119895575,scr2006,stInflow,reservoir
FR,h2172,2.0189061119895575,scr2006,stInflow,reservoir
FR,h2173,2.0189061119895575,scr2006,stInflow,reservoir
FR,h2174,2.0189061119895575,scr2006,stInflow,reservoir
FR,h2175,2.0189061119895575,scr2006,stInflow,reservoir
FR,h2176,2.0189061119895575,scr2006,stInflow,reservoir
FR,h2177,2.0189061119895575,scr2006,stInflow,reservoir
FR,h2178,2.0189061119895575,scr2006,stInflow,reservoir
FR,h2179,2.0189061119895575,scr2006,stInflow,reservoir
FR,h2180,2.0189061119895575,scr2006,stInflow,reservoir
FR,h2181,2.0189061119895575,scr2006,stInflow,reservoir
FR,h2182,2.0189061119895575,scr2006,stInflow,reservoir
FR,h2183,2.0189061119895575,scr2006,stInflow,reservoir
FR,h2184,2.0189061119895575,scr2006,stInflow,reservoir
FR,h2185,2.0189061119895575,scr2006,stInflow,reservoir
FR,h2186,2.0189061119895575,scr2006,stInflow,reservoir
FR,h2187,2.0189061119895575,scr2006,stInflow,reservoir
FR,h2188,2.0189061119895575,scr2006,stInflow,reservoir
FR,h2189,2.0189061119895575,scr2006,stInflow,reservoir
FR,h2190,2.0189061119895575,scr2006,stInflow,reservoir
FR,h2191,2.0189061119895575,scr2006,stInflow,reservoir
FR,h2192,2.0189061119895575,scr2006,stInflow,reservoir
FR,h2193,2.0189061119895575,scr2006,stInflow,reservoir
FR,h2194,2.0189061119895575,scr2006,stInflow,reservoir
FR,h2195,2.0189061119895575,scr2006,stInflow,reservoir
FR,h2196,2.0189061119895575,scr2006,stInflow,reservoir
FR,h2197,2.0189061119895575,scr2006,stInflow,reservoir
FR,h2198,2.0189061119895575,scr2006,stInflow,reservoir
FR,h2199,2.0189061119895575,scr2006,stInflow,reservoir
FR,h2200,2.0189061119895575,scr2006,stInflow,reservoir
FR,h2201,2.0189061119895575,scr2006,stInflow,reservoir
FR,h2202,2.0189061119895575,scr2006,stInflow,reservoir
FR,h2203,2.0189061119895575,scr2006,stInflow,reservoir
FR,h2204,2.0189061119895575,scr2006,stInflow,reservoir
FR,h2205,2.0189061119895575,scr2006,stInflow,reservoir
FR,h2206,2.0189061119895575,scr2006,stInflow,reservoir
FR,h2207,2.0189061119895575,scr2006,stInflow,reservoir
FR,h2208,2.0189061119895575,scr2006,stInflow,reservoir
FR,h2209,1.9220985295858046,scr2006,stInflow,reservoir
FR,h2210,1.8252914349477423,scr2006,stInflow,reservoir
FR,h2211,1.7284848539650142,scr2006,stInflow,reservoir
FR,h2212,1.7284848539650142,scr2006,stInflow,reservoir
FR,h2213,1.7284848539650142,scr2006,stInflow,reservoir
FR,h2214,1.7284848539650142,scr2006,stInflow,reservoir
FR,h2215,1.7284848539650142,scr2006,stInflow,reservoir
FR,h2216,1.7284848539650142,scr2006,stInflow,reservoir
FR,h2217,1.7284848539650142,scr2006,stInflow,reservoir
FR,h2218,1.7284848539650142,scr2006,stInflow,reservoir
FR,h2219,1.7284848539650142,scr2006,stInflow,reservoir
FR,h2220,1.7284848539650142,scr2006,stInflow,reservoir
FR,h2221,1.7284848539650142,scr2006,stInflow,reservoir
FR,h2222,1.7284848539650142,scr2006,stInflow,reservoir
FR,h2223,1.7284848539650142,scr2006,stInflow,reservoir
FR,h2224,1.7284848539650142,scr2006,stInflow,reservoir
FR,h2225,1.7284848539650142,scr2006,stInflow,reservoir
FR,h2226,1.7284848539650142,scr2006,stInflow,reservoir
FR,h2227,1.7284848539650142,scr2006,stInflow,reservoir
FR,h2228,1.7284848539650142,scr2006,stInflow,reservoir
FR,h2229,1.7284848539650142,scr2006,stInflow,reservoir
FR,h2230,1.7284848539650142,scr2006,stInflow,reservoir
FR,h2231,1.7284848539650142,scr2006,stInflow,reservoir
FR,h2232,1.7284848539650142,scr2006,stInflow,reservoir
FR,h2233,1.7284848539650142,scr2006,stInflow,reservoir
FR,h2234,1.7284848539650142,scr2006,stInflow,reservoir
FR,h2235,1.7284848539650142,scr2006,stInflow,reservoir
FR,h2236,1.7284848539650142,scr2006,stInflow,reservoir
FR,h2237,1.7284848539650142,scr2006,stInflow,reservoir
FR,h2238,1.7284848539650142,scr2006,stInflow,reservoir
FR,h2239,1.7284848539650142,scr2006,stInflow,reservoir
FR,h2240,1.7284848539650142,scr2006,stInflow,reservoir
FR,h2241,1.7284848539650142,scr2006,stInflow,reservoir
FR,h2242,1.7284848539650142,scr2006,stInflow,reservoir
FR,h2243,1.7284848539650142,scr2006,stInflow,reservoir
FR,h2244,1.7284848539650142,scr2006,stInflow,reservoir
FR,h2245,1.7284848539650142,scr2006,stInflow,reservoir
FR,h2246,1.7284848539650142,scr2006,stInflow,reservoir
FR,h2247,1.7284848539650142,scr2006,stInflow,reservoir
FR,h2248,1.7284848539650142,scr2006,stInflow,reservoir
FR,h2249,1.7284848539650142,scr2006,stInflow,reservoir
FR,h2250,1.7284848539650142,scr2006,stInflow,reservoir
FR,h2251,1.7284848539650142,scr2006,stInflow,reservoir
FR,h2252,1.7284848539650142,scr2006,stInflow,reservoir
FR,h2253,1.7284848539650142,scr2006,stInflow,reservoir
FR,h2254,1.7284848539650142,scr2006,stInflow,reservoir
FR,h2255,1.7284848539650142,scr2006,stInflow,reservoir
FR,h2256,1.7284848539650142,scr2006,stInflow,reservoir
FR,h2257,1.7284848539650142,scr2006,stInflow,reservoir
FR,h2258,1.7284848539650142,scr2006,stInflow,reservoir
FR,h2259,1.7284848539650142,scr2006,stInflow,reservoir
FR,h2260,1.7284848539650142,scr2006,stInflow,reservoir
FR,h2261,1.7284848539650142,scr2006,stInflow,reservoir
FR,h2262,1.7284848539650142,scr2006,stInflow,reservoir
FR,h2263,1.7284848539650142,scr2006,stInflow,reservoir
FR,h2264,1.7284848539650142,scr2006,stInflow,reservoir
FR,h2265,1.7284848539650142,scr2006,stInflow,reservoir
FR,h2266,1.7284848539650142,scr2006,stInflow,reservoir
FR,h2267,1.7284848539650142,scr2006,stInflow,reservoir
FR,h2268,1.7284848539650142,scr2006,stInflow,reservoir
FR,h2269,1.7284848539650142,scr2006,stInflow,reservoir
FR,h2270,1.7284848539650142,scr2006,stInflow,reservoir
FR,h2271,1.7284848539650142,scr2006,stInflow,reservoir
FR,h2272,1.7284848539650142,scr2006,stInflow,reservoir
FR,h2273,1.7284848539650142,scr2006,stInflow,reservoir
FR,h2274,1.7284848539650142,scr2006,stInflow,reservoir
FR,h2275,1.7284848539650142,scr2006,stInflow,reservoir
FR,h2276,1.7284848539650142,scr2006,stInflow,reservoir
FR,h2277,1.7284848539650142,scr2006,stInflow,reservoir
FR,h2278,1.7284848539650142,scr2006,stInflow,reservoir
FR,h2279,1.7284848539650142,scr2006,stInflow,reservoir
FR,h2280,1.7284848539650142,scr2006,stInflow,reservoir
FR,h2281,1.7284848539650142,scr2006,stInflow,reservoir
FR,h2282,1.7284848539650142,scr2006,stInflow,reservoir
FR,h2283,1.7284848539650142,scr2006,stInflow,reservoir
FR,h2284,1.7284848539650142,scr2006,stInflow,reservoir
FR,h2285,1.7284848539650142,scr2006,stInflow,reservoir
FR,h2286,1.7284848539650142,scr2006,stInflow,reservoir
FR,h2287,1.7284848539650142,scr2006,stInflow,reservoir
FR,h2288,1.7284848539650142,scr2006,stInflow,reservoir
FR,h2289,1.7284848539650142,scr2006,stInflow,reservoir
FR,h2290,1.7284848539650142,scr2006,stInflow,reservoir
FR,h2291,1.7284848539650142,scr2006,stInflow,reservoir
FR,h2292,1.7284848539650142,scr2006,stInflow,reservoir
FR,h2293,1.7284848539650142,scr2006,stInflow,reservoir
FR,h2294,1.7284848539650142,scr2006,stInflow,reservoir
FR,h2295,1.7284848539650142,scr2006,stInflow,reservoir
FR,h2296,1.7284848539650142,scr2006,stInflow,reservoir
FR,h2297,1.7284848539650142,scr2006,stInflow,reservoir
FR,h2298,1.7284848539650142,scr2006,stInflow,reservoir
FR,h2299,1.7284848539650142,scr2006,stInflow,reservoir
FR,h2300,1.7284848539650142,scr2006,stInflow,reservoir
FR,h2301,1.7284848539650142,scr2006,stInflow,reservoir
FR,h2302,1.7284848539650142,scr2006,stInflow,reservoir
FR,h2303,1.7284848539650142,scr2006,stInflow,reservoir
FR,h2304,1.7284848539650142,scr2006,stInflow,reservoir
FR,h2305,1.7284848539650142,scr2006,stInflow,reservoir
FR,h2306,1.7284848539650142,scr2006,stInflow,reservoir
FR,h2307,1.7284848539650142,scr2006,stInflow,reservoir
FR,h2308,1.7284848539650142,scr2006,stInflow,reservoir
FR,h2309,1.7284848539650142,scr2006,stInflow,reservoir
FR,h2310,1.7284848539650142,scr2006,stInflow,reservoir
FR,h2311,1.7284848539650142,scr2006,stInflow,reservoir
FR,h2312,1.7284848539650142,scr2006,stInflow,reservoir
FR,h2313,1.7284848539650142,scr2006,stInflow,reservoir
FR,h2314,1.7284848539650142,scr2006,stInflow,reservoir
FR,h2315,1.7284848539650142,scr2006,stInflow,reservoir
FR,h2316,1.7284848539650142,scr2006,stInflow,reservoir
FR,h2317,1.7284848539650142,scr2006,stInflow,reservoir
FR,h2318,1.7284848539650142,scr2006,stInflow,reservoir
FR,h2319,1.7284848539650142,scr2006,stInflow,reservoir
FR,h2320,1.7284848539650142,scr2006,stInflow,reservoir
FR,h2321,1.7284848539650142,scr2006,stInflow,reservoir
FR,h2322,1.7284848539650142,scr2006,stInflow,reservoir
FR,h2323,1.7284848539650142,scr2006,stInflow,reservoir
FR,h2324,1.7284848539650142,scr2006,stInflow,reservoir
FR,h2325,1.7284848539650142,scr2006,stInflow,reservoir
FR,h2326,1.7284848539650142,scr2006,stInflow,reservoir
FR,h2327,1.7284848539650142,scr2006,stInflow,reservoir
FR,h2328,1.7284848539650142,scr2006,stInflow,reservoir
FR,h2329,1.7284848539650142,scr2006,stInflow,reservoir
FR,h2330,1.7284848539650142,scr2006,stInflow,reservoir
FR,h2331,1.7284848539650142,scr2006,stInflow,reservoir
FR,h2332,1.7284848539650142,scr2006,stInflow,reservoir
FR,h2333,1.7284848539650142,scr2006,stInflow,reservoir
FR,h2334,1.7284848539650142,scr2006,stInflow,reservoir
FR,h2335,1.7284848539650142,scr2006,stInflow,reservoir
FR,h2336,1.7284848539650142,scr2006,stInflow,reservoir
FR,h2337,1.7284848539650142,scr2006,stInflow,reservoir
FR,h2338,1.7284848539650142,scr2006,stInflow,reservoir
FR,h2339,1.7284848539650142,scr2006,stInflow,reservoir
FR,h2340,1.7284848539650142,scr2006,stInflow,reservoir
FR,h2341,1.7284848539650142,scr2006,stInflow,reservoir
FR,h2342,1.7284848539650142,scr2006,stInflow,reservoir
FR,h2343,1.7284848539650142,scr2006,stInflow,reservoir
FR,h2344,1.7284848539650142,scr2006,stInflow,reservoir
FR,h2345,1.7284848539650142,scr2006,stInflow,reservoir
FR,h2346,1.7284848539650142,scr2006,stInflow,reservoir
FR,h2347,1.7284848539650142,scr2006,stInflow,reservoir
FR,h2348,1.7284848539650142,scr2006,stInflow,reservoir
FR,h2349,1.7284848539650142,scr2006,stInflow,reservoir
FR,h2350,1.7284848539650142,scr2006,stInflow,reservoir
FR,h2351,1.7284848539650142,scr2006,stInflow,reservoir
FR,h2352,1.7284848539650142,scr2006,stInflow,reservoir
FR,h2353,1.7284848539650142,scr2006,stInflow,reservoir
FR,h2354,1.7284848539650142,scr2006,stInflow,reservoir
FR,h2355,1.7284848539650142,scr2006,stInflow,reservoir
FR,h2356,1.7284848539650142,scr2006,stInflow,reservoir
FR,h2357,1.7284848539650142,scr2006,stInflow,reservoir
FR,h2358,1.7284848539650142,scr2006,stInflow,reservoir
FR,h2359,1.7284848539650142,scr2006,stInflow,reservoir
FR,h2360,1.7284848539650142,scr2006,stInflow,reservoir
FR,h2361,1.7284848539650142,scr2006,stInflow,reservoir
FR,h2362,1.7284848539650142,scr2006,stInflow,reservoir
FR,h2363,1.7284848539650142,scr2006,stInflow,reservoir
FR,h2364,1.7284848539650142,scr2006,stInflow,reservoir
FR,h2365,1.7284848539650142,scr2006,stInflow,reservoir
FR,h2366,1.7284848539650142,scr2006,stInflow,reservoir
FR,h2367,1.7284848539650142,scr2006,stInflow,reservoir
FR,h2368,1.7284848539650142,scr2006,stInflow,reservoir
FR,h2369,1.7284848539650142,scr2006,stInflow,reservoir
FR,h2370,1.7284848539650142,scr2006,stInflow,reservoir
FR,h2371,1.7284848539650142,scr2006,stInflow,reservoir
FR,h2372,1.7284848539650142,scr2006,stInflow,reservoir
FR,h2373,1.7284848539650142,scr2006,stInflow,reservoir
FR,h2374,1.7284848539650142,scr2006,stInflow,reservoir
FR,h2375,1.7284848539650142,scr2006,stInflow,reservoir
FR,h2376,1.7284848539650142,scr2006,stInflow,reservoir
FR,h2377,1.6647851547138508,scr2006,stInflow,reservoir
FR,h2378,1.6010856992505853,scr2006,stInflow,reservoir
FR,h2379,1.5373864972782103,scr2006,stInflow,reservoir
FR,h2380,1.5373864972782103,scr2006,stInflow,reservoir
FR,h2381,1.5373864972782103,scr2006,stInflow,reservoir
FR,h2382,1.5373864972782103,scr2006,stInflow,reservoir
FR,h2383,1.5373864972782103,scr2006,stInflow,reservoir
FR,h2384,1.5373864972782103,scr2006,stInflow,reservoir
FR,h2385,1.5373864972782103,scr2006,stInflow,reservoir
FR,h2386,1.5373864972782103,scr2006,stInflow,reservoir
FR,h2387,1.5373864972782103,scr2006,stInflow,reservoir
FR,h2388,1.5373864972782103,scr2006,stInflow,reservoir
FR,h2389,1.5373864972782103,scr2006,stInflow,reservoir
FR,h2390,1.5373864972782103,scr2006,stInflow,reservoir
FR,h2391,1.5373864972782103,scr2006,stInflow,reservoir
FR,h2392,1.5373864972782103,scr2006,stInflow,reservoir
FR,h2393,1.5373864972782103,scr2006,stInflow,reservoir
FR,h2394,1.5373864972782103,scr2006,stInflow,reservoir
FR,h2395,1.5373864972782103,scr2006,stInflow,reservoir
FR,h2396,1.5373864972782103,scr2006,stInflow,reservoir
FR,h2397,1.5373864972782103,scr2006,stInflow,reservoir
FR,h2398,1.5373864972782103,scr2006,stInflow,reservoir
FR,h2399,1.5373864972782103,scr2006,stInflow,reservoir
FR,h2400,1.5373864972782103,scr2006,stInflow,reservoir
FR,h2401,1.5373864972782103,scr2006,stInflow,reservoir
FR,h2402,1.5373864972782103,scr2006,stInflow,reservoir
FR,h2403,1.5373864972782103,scr2006,stInflow,reservoir
FR,h2404,1.5373864972782103,scr2006,stInflow,reservoir
FR,h2405,1.5373864972782103,scr2006,stInflow,reservoir
FR,h2406,1.5373864972782103,scr2006,stInflow,reservoir
FR,h2407,1.5373864972782103,scr2006,stInflow,reservoir
FR,h2408,1.5373864972782103,scr2006,stInflow,reservoir
FR,h2409,1.5373864972782103,scr2006,stInflow,reservoir
FR,h2410,1.5373864972782103,scr2006,stInflow,reservoir
FR,h2411,1.5373864972782103,scr2006,stInflow,reservoir
FR,h2412,1.5373864972782103,scr2006,stInflow,reservoir
FR,h2413,1.5373864972782103,scr2006,stInflow,reservoir
FR,h2414,1.5373864972782103,scr2006,stInflow,reservoir
FR,h2415,1.5373864972782103,scr2006,stInflow,reservoir
FR,h2416,1.5373864972782103,scr2006,stInflow,reservoir
FR,h2417,1.5373864972782103,scr2006,stInflow,reservoir
FR,h2418,1.5373864972782103,scr2006,stInflow,reservoir
FR,h2419,1.5373864972782103,scr2006,stInflow,reservoir
FR,h2420,1.5373864972782103,scr2006,stInflow,reservoir
FR,h2421,1.5373864972782103,scr2006,stInflow,reservoir
FR,h2422,1.5373864972782103,scr2006,stInflow,reservoir
FR,h2423,1.5373864972782103,scr2006,stInflow,reservoir
FR,h2424,1.5373864972782103,scr2006,stInflow,reservoir
FR,h2425,1.5373864972782103,scr2006,stInflow,reservoir
FR,h2426,1.5373864972782103,scr2006,stInflow,reservoir
FR,h2427,1.5373864972782103,scr2006,stInflow,reservoir
FR,h2428,1.5373864972782103,scr2006,stInflow,reservoir
FR,h2429,1.5373864972782103,scr2006,stInflow,reservoir
FR,h2430,1.5373864972782103,scr2006,stInflow,reservoir
FR,h2431,1.5373864972782103,scr2006,stInflow,reservoir
FR,h2432,1.5373864972782103,scr2006,stInflow,reservoir
FR,h2433,1.5373864972782103,scr2006,stInflow,reservoir
FR,h2434,1.5373864972782103,scr2006,stInflow,reservoir
FR,h2435,1.5373864972782103,scr2006,stInflow,reservoir
FR,h2436,1.5373864972782103,scr2006,stInflow,reservoir
FR,h2437,1.5373864972782103,scr2006,stInflow,reservoir
FR,h2438,1.5373864972782103,scr2006,stInflow,reservoir
FR,h2439,1.5373864972782103,scr2006,stInflow,reservoir
FR,h2440,1.5373864972782103,scr2006,stInflow,reservoir
FR,h2441,1.5373864972782103,scr2006,stInflow,reservoir
FR,h2442,1.5373864972782103,scr2006,stInflow,reservoir
FR,h2443,1.5373864972782103,scr2006,stInflow,reservoir
FR,h2444,1.5373864972782103,scr2006,stInflow,reservoir
FR,h2445,1.5373864972782103,scr2006,stInflow,reservoir
FR,h2446,1.5373864972782103,scr2006,stInflow,reservoir
FR,h2447,1.5373864972782103,scr2006,stInflow,reservoir
FR,h2448,1.5373864972782103,scr2006,stInflow,reservoir
FR,h2449,1.5373864972782103,scr2006,stInflow,reservoir
FR,h2450,1.5373864972782103,scr2006,stInflow,reservoir
FR,h2451,1.5373864972782103,scr2006,stInflow,reservoir
FR,h2452,1.5373864972782103,scr2006,stInflow,reservoir
FR,h2453,1.5373864972782103,scr2006,stInflow,reservoir
FR,h2454,1.5373864972782103,scr2006,stInflow,reservoir
FR,h2455,1.5373864972782103,scr2006,stInflow,reservoir
FR,h2456,1.5373864972782103,scr2006,stInflow,reservoir
FR,h2457,1.5373864972782103,scr2006,stInflow,reservoir
FR,h2458,1.5373864972782103,scr2006,stInflow,reservoir
FR,h2459,1.5373864972782103,scr2006,stInflow,reservoir
FR,h2460,1.5373864972782103,scr2006,stInflow,reservoir
FR,h2461,1.5373864972782103,scr2006,stInflow,reservoir
FR,h2462,1.5373864972782103,scr2006,stInflow,reservoir
FR,h2463,1.5373864972782103,scr2006,stInflow,reservoir
FR,h2464,1.5373864972782103,scr2006,stInflow,reservoir
FR,h2465,1.5373864972782103,scr2006,stInflow,reservoir
FR,h2466,1.5373864972782103,scr2006,stInflow,reservoir
FR,h2467,1.5373864972782103,scr2006,stInflow,reservoir
FR,h2468,1.5373864972782103,scr2006,stInflow,reservoir
FR,h2469,1.5373864972782103,scr2006,stInflow,reservoir
FR,h2470,1.5373864972782103,scr2006,stInflow,reservoir
FR,h2471,1.5373864972782103,scr2006,stInflow,reservoir
FR,h2472,1.5373864972782103,scr2006,stInflow,reservoir
FR,h2473,1.5373864972782103,scr2006,stInflow,reservoir
FR,h2474,1.5373864972782103,scr2006,stInflow,reservoir
FR,h2475,1.5373864972782103,scr2006,stInflow,reservoir
FR,h2476,1.5373864972782103,scr2006,stInflow,reservoir
FR,h2477,1.5373864972782103,scr2006,stInflow,reservoir
FR,h2478,1.5373864972782103,scr2006,stInflow,reservoir
FR,h2479,1.5373864972782103,scr2006,stInflow,reservoir
FR,h2480,1.5373864972782103,scr2006,stInflow,reservoir
FR,h2481,1.5373864972782103,scr2006,stInflow,reservoir
FR,h2482,1.5373864972782103,scr2006,stInflow,reservoir
FR,h2483,1.5373864972782103,scr2006,stInflow,reservoir
FR,h2484,1.5373864972782103,scr2006,stInflow,reservoir
FR,h2485,1.5373864972782103,scr2006,stInflow,reservoir
FR,h2486,1.5373864972782103,scr2006,stInflow,reservoir
FR,h2487,1.5373864972782103,scr2006,stInflow,reservoir
FR,h2488,1.5373864972782103,scr2006,stInflow,reservoir
FR,h2489,1.5373864972782103,scr2006,stInflow,reservoir
FR,h2490,1.5373864972782103,scr2006,stInflow,reservoir
FR,h2491,1.5373864972782103,scr2006,stInflow,reservoir
FR,h2492,1.5373864972782103,scr2006,stInflow,reservoir
FR,h2493,1.5373864972782103,scr2006,stInflow,reservoir
FR,h2494,1.5373864972782103,scr2006,stInflow,reservoir
FR,h2495,1.5373864972782103,scr2006,stInflow,reservoir
FR,h2496,1.5373864972782103,scr2006,stInflow,reservoir
FR,h2497,1.5373864972782103,scr2006,stInflow,reservoir
FR,h2498,1.5373864972782103,scr2006,stInflow,reservoir
FR,h2499,1.5373864972782103,scr2006,stInflow,reservoir
FR,h2500,1.5373864972782103,scr2006,stInflow,reservoir
FR,h2501,1.5373864972782103,scr2006,stInflow,reservoir
FR,h2502,1.5373864972782103,scr2006,stInflow,reservoir
FR,h2503,1.5373864972782103,scr2006,stInflow,reservoir
FR,h2504,1.5373864972782103,scr2006,stInflow,reservoir
FR,h2505,1.5373864972782103,scr2006,stInflow,reservoir
FR,h2506,1.5373864972782103,scr2006,stInflow,reservoir
FR,h2507,1.5373864972782103,scr2006,stInflow,reservoir
FR,h2508,1.5373864972782103,scr2006,stInflow,reservoir
FR,h2509,1.5373864972782103,scr2006,stInflow,reservoir
FR,h2510,1.5373864972782103,scr2006,stInflow,reservoir
FR,h2511,1.5373864972782103,scr2006,stInflow,reservoir
FR,h2512,1.5373864972782103,scr2006,stInflow,reservoir
FR,h2513,1.5373864972782103,scr2006,stInflow,reservoir
FR,h2514,1.5373864972782103,scr2006,stInflow,reservoir
FR,h2515,1.5373864972782103,scr2006,stInflow,reservoir
FR,h2516,1.5373864972782103,scr2006,stInflow,reservoir
FR,h2517,1.5373864972782103,scr2006,stInflow,reservoir
FR,h2518,1.5373864972782103,scr2006,stInflow,reservoir
FR,h2519,1.5373864972782103,scr2006,stInflow,reservoir
FR,h2520,1.5373864972782103,scr2006,stInflow,reservoir
FR,h2521,1.5373864972782103,scr2006,stInflow,reservoir
FR,h2522,1.5373864972782103,scr2006,stInflow,reservoir
FR,h2523,1.5373864972782103,scr2006,stInflow,reservoir
FR,h2524,1.5373864972782103,scr2006,stInflow,reservoir
FR,h2525,1.5373864972782103,scr2006,stInflow,reservoir
FR,h2526,1.5373864972782103,scr2006,stInflow,reservoir
FR,h2527,1.5373864972782103,scr2006,stInflow,reservoir
FR,h2528,1.5373864972782103,scr2006,stInflow,reservoir
FR,h2529,1.5373864972782103,scr2006,stInflow,reservoir
FR,h2530,1.5373864972782103,scr2006,stInflow,reservoir
FR,h2531,1.5373864972782103,scr2006,stInflow,reservoir
FR,h2532,1.5373864972782103,scr2006,stInflow,reservoir
FR,h2533,1.5373864972782103,scr2006,stInflow,reservoir
FR,h2534,1.5373864972782103,scr2006,stInflow,reservoir
FR,h2535,1.5373864972782103,scr2006,stInflow,reservoir
FR,h2536,1.5373864972782103,scr2006,stInflow,reservoir
FR,h2537,1.5373864972782103,scr2006,stInflow,reservoir
FR,h2538,1.5373864972782103,scr2006,stInflow,reservoir
FR,h2539,1.5373864972782103,scr2006,stInflow,reservoir
FR,h2540,1.5373864972782103,scr2006,stInflow,reservoir
FR,h2541,1.5373864972782103,scr2006,stInflow,reservoir
FR,h2542,1.5373864972782103,scr2006,stInflow,reservoir
FR,h2543,1.5373864972782103,scr2006,stInflow,reservoir
FR,h2544,1.5373864972782103,scr2006,stInflow,reservoir
FR,h2545,1.593125155547098,scr2006,stInflow,reservoir
FR,h2546,1.6488640088660325,scr2006,stInflow,reservoir
FR,h2547,1.7046030506396712,scr2006,stInflow,reservoir
FR,h2548,1.7046030506396712,scr2006,stInflow,reservoir
FR,h2549,1.7046030506396712,scr2006,stInflow,reservoir
FR,h2550,1.7046030506396712,scr2006,stInflow,reservoir
FR,h2551,1.7046030506396712,scr2006,stInflow,reservoir
FR,h2552,1.7046030506396712,scr2006,stInflow,reservoir
FR,h2553,1.7046030506396712,scr2006,stInflow,reservoir
FR,h2554,1.7046030506396712,scr2006,stInflow,reservoir
FR,h2555,1.7046030506396712,scr2006,stInflow,reservoir
FR,h2556,1.7046030506396712,scr2006,stInflow,reservoir
FR,h2557,1.7046030506396712,scr2006,stInflow,reservoir
FR,h2558,1.7046030506396712,scr2006,stInflow,reservoir
FR,h2559,1.7046030506396712,scr2006,stInflow,reservoir
FR,h2560,1.7046030506396712,scr2006,stInflow,reservoir
FR,h2561,1.7046030506396712,scr2006,stInflow,reservoir
FR,h2562,1.7046030506396712,scr2006,stInflow,reservoir
FR,h2563,1.7046030506396712,scr2006,stInflow,reservoir
FR,h2564,1.7046030506396712,scr2006,stInflow,reservoir
FR,h2565,1.7046030506396712,scr2006,stInflow,reservoir
FR,h2566,1.7046030506396712,scr2006,stInflow,reservoir
FR,h2567,1.7046030506396712,scr2006,stInflow,reservoir
FR,h2568,1.7046030506396712,scr2006,stInflow,reservoir
FR,h2569,1.7046030506396712,scr2006,stInflow,reservoir
FR,h2570,1.7046030506396712,scr2006,stInflow,reservoir
FR,h2571,1.7046030506396712,scr2006,stInflow,reservoir
FR,h2572,1.7046030506396712,scr2006,stInflow,reservoir
FR,h2573,1.7046030506396712,scr2006,stInflow,reservoir
FR,h2574,1.7046030506396712,scr2006,stInflow,reservoir
FR,h2575,1.7046030506396712,scr2006,stInflow,reservoir
FR,h2576,1.7046030506396712,scr2006,stInflow,reservoir
FR,h2577,1.7046030506396712,scr2006,stInflow,reservoir
FR,h2578,1.7046030506396712,scr2006,stInflow,reservoir
FR,h2579,1.7046030506396712,scr2006,stInflow,reservoir
FR,h2580,1.7046030506396712,scr2006,stInflow,reservoir
FR,h2581,1.7046030506396712,scr2006,stInflow,reservoir
FR,h2582,1.7046030506396712,scr2006,stInflow,reservoir
FR,h2583,1.7046030506396712,scr2006,stInflow,reservoir
FR,h2584,1.7046030506396712,scr2006,stInflow,reservoir
FR,h2585,1.7046030506396712,scr2006,stInflow,reservoir
FR,h2586,1.7046030506396712,scr2006,stInflow,reservoir
FR,h2587,1.7046030506396712,scr2006,stInflow,reservoir
FR,h2588,1.7046030506396712,scr2006,stInflow,reservoir
FR,h2589,1.7046030506396712,scr2006,stInflow,reservoir
FR,h2590,1.7046030506396712,scr2006,stInflow,reservoir
FR,h2591,1.7046030506396712,scr2006,stInflow,reservoir
FR,h2592,1.7046030506396712,scr2006,stInflow,reservoir
FR,h2593,1.7046030506396712,scr2006,stInflow,reservoir
FR,h2594,1.7046030506396712,scr2006,stInflow,reservoir
FR,h2595,1.7046030506396712,scr2006,stInflow,reservoir
FR,h2596,1.7046030506396712,scr2006,stInflow,reservoir
FR,h2597,1.7046030506396712,scr2006,stInflow,reservoir
FR,h2598,1.7046030506396712,scr2006,stInflow,reservoir
FR,h2599,1.7046030506396712,scr2006,stInflow,reservoir
FR,h2600,1.7046030506396712,scr2006,stInflow,reservoir
FR,h2601,1.7046030506396712,scr2006,stInflow,reservoir
FR,h2602,1.7046030506396712,scr2006,stInflow,reservoir
FR,h2603,1.7046030506396712,scr2006,stInflow,reservoir
FR,h2604,1.7046030506396712,scr2006,stInflow,reservoir
FR,h2605,1.7046030506396712,scr2006,stInflow,reservoir
FR,h2606,1.7046030506396712,scr2006,stInflow,reservoir
FR,h2607,1.7046030506396712,scr2006,stInflow,reservoir
FR,h2608,1.7046030506396712,scr2006,stInflow,reservoir
FR,h2609,1.7046030506396712,scr2006,stInflow,reservoir
FR,h2610,1.7046030506396712,scr2006,stInflow,reservoir
FR,h2611,1.7046030506396712,scr2006,stInflow,reservoir
FR,h2612,1.7046030506396712,scr2006,stInflow,reservoir
FR,h2613,1.7046030506396712,scr2006,stInflow,reservoir
FR,h2614,1.7046030506396712,scr2006,stInflow,reservoir
FR,h2615,1.7046030506396712,scr2006,stInflow,reservoir
FR,h2616,1.7046030506396712,scr2006,stInflow,reservoir
FR,h2617,1.7046030506396712,scr2006,stInflow,reservoir
FR,h2618,1.7046030506396712,scr2006,stInflow,reservoir
FR,h2619,1.7046030506396712,scr2006,stInflow,reservoir
FR,h2620,1.7046030506396712,scr2006,stInflow,reservoir
FR,h2621,1.7046030506396712,scr2006,stInflow,reservoir
FR,h2622,1.7046030506396712,scr2006,stInflow,reservoir
FR,h2623,1.7046030506396712,scr2006,stInflow,reservoir
FR,h2624,1.7046030506396712,scr2006,stInflow,reservoir
FR,h2625,1.7046030506396712,scr2006,stInflow,reservoir
FR,h2626,1.7046030506396712,scr2006,stInflow,reservoir
FR,h2627,1.7046030506396712,scr2006,stInflow,reservoir
FR,h2628,1.7046030506396712,scr2006,stInflow,reservoir
FR,h2629,1.7046030506396712,scr2006,stInflow,reservoir
FR,h2630,1.7046030506396712,scr2006,stInflow,reservoir
FR,h2631,1.7046030506396712,scr2006,stInflow,reservoir
FR,h2632,1.7046030506396712,scr2006,stInflow,reservoir
FR,h2633,1.7046030506396712,scr2006,stInflow,reservoir
FR,h2634,1.7046030506396712,scr2006,stInflow,reservoir
FR,h2635,1.7046030506396712,scr2006,stInflow,reservoir
FR,h2636,1.7046030506396712,scr2006,stInflow,reservoir
FR,h2637,1.7046030506396712,scr2006,stInflow,reservoir
FR,h2638,1.7046030506396712,scr2006,stInflow,reservoir
FR,h2639,1.7046030506396712,scr2006,stInflow,reservoir
FR,h2640,1.7046030506396712,scr2006,stInflow,reservoir
FR,h2641,1.7046030506396712,scr2006,stInflow,reservoir
FR,h2642,1.7046030506396712,scr2006,stInflow,reservoir
FR,h2643,1.7046030506396712,scr2006,stInflow,reservoir
FR,h2644,1.7046030506396712,scr2006,stInflow,reservoir
FR,h2645,1.7046030506396712,scr2006,stInflow,reservoir
FR,h2646,1.7046030506396712,scr2006,stInflow,reservoir
FR,h2647,1.7046030506396712,scr2006,stInflow,reservoir
FR,h2648,1.7046030506396712,scr2006,stInflow,reservoir
FR,h2649,1.7046030506396712,scr2006,stInflow,reservoir
FR,h2650,1.7046030506396712,scr2006,stInflow,reservoir
FR,h2651,1.7046030506396712,scr2006,stInflow,reservoir
FR,h2652,1.7046030506396712,scr2006,stInflow,reservoir
FR,h2653,1.7046030506396712,scr2006,stInflow,reservoir
FR,h2654,1.7046030506396712,scr2006,stInflow,reservoir
FR,h2655,1.7046030506396712,scr2006,stInflow,reservoir
FR,h2656,1.7046030506396712,scr2006,stInflow,reservoir
FR,h2657,1.7046030506396712,scr2006,stInflow,reservoir
FR,h2658,1.7046030506396712,scr2006,stInflow,reservoir
FR,h2659,1.7046030506396712,scr2006,stInflow,reservoir
FR,h2660,1.7046030506396712,scr2006,stInflow,reservoir
FR,h2661,1.7046030506396712,scr2006,stInflow,reservoir
FR,h2662,1.7046030506396712,scr2006,stInflow,reservoir
FR,h2663,1.7046030506396712,scr2006,stInflow,reservoir
FR,h2664,1.7046030506396712,scr2006,stInflow,reservoir
FR,h2665,1.7046030506396712,scr2006,stInflow,reservoir
FR,h2666,1.7046030506396712,scr2006,stInflow,reservoir
FR,h2667,1.7046030506396712,scr2006,stInflow,reservoir
FR,h2668,1.7046030506396712,scr2006,stInflow,reservoir
FR,h2669,1.7046030506396712,scr2006,stInflow,reservoir
FR,h2670,1.7046030506396712,scr2006,stInflow,reservoir
FR,h2671,1.7046030506396712,scr2006,stInflow,reservoir
FR,h2672,1.7046030506396712,scr2006,stInflow,reservoir
FR,h2673,1.7046030506396712,scr2006,stInflow,reservoir
FR,h2674,1.7046030506396712,scr2006,stInflow,reservoir
FR,h2675,1.7046030506396712,scr2006,stInflow,reservoir
FR,h2676,1.7046030506396712,scr2006,stInflow,reservoir
FR,h2677,1.7046030506396712,scr2006,stInflow,reservoir
FR,h2678,1.7046030506396712,scr2006,stInflow,reservoir
FR,h2679,1.7046030506396712,scr2006,stInflow,reservoir
FR,h2680,1.7046030506396712,scr2006,stInflow,reservoir
FR,h2681,1.7046030506396712,scr2006,stInflow,reservoir
FR,h2682,1.7046030506396712,scr2006,stInflow,reservoir
FR,h2683,1.7046030506396712,scr2006,stInflow,reservoir
FR,h2684,1.7046030506396712,scr2006,stInflow,reservoir
FR,h2685,1.7046030506396712,scr2006,stInflow,reservoir
FR,h2686,1.7046030506396712,scr2006,stInflow,reservoir
FR,h2687,1.7046030506396712,scr2006,stInflow,reservoir
FR,h2688,1.7046030506396712,scr2006,stInflow,reservoir
FR,h2689,1.7046030506396712,scr2006,stInflow,reservoir
FR,h2690,1.7046030506396712,scr2006,stInflow,reservoir
FR,h2691,1.7046030506396712,scr2006,stInflow,reservoir
FR,h2692,1.7046030506396712,scr2006,stInflow,reservoir
FR,h2693,1.7046030506396712,scr2006,stInflow,reservoir
FR,h2694,1.7046030506396712,scr2006,stInflow,reservoir
FR,h2695,1.7046030506396712,scr2006,stInflow,reservoir
FR,h2696,1.7046030506396712,scr2006,stInflow,reservoir
FR,h2697,1.7046030506396712,scr2006,stInflow,reservoir
FR,h2698,1.7046030506396712,scr2006,stInflow,reservoir
FR,h2699,1.7046030506396712,scr2006,stInflow,reservoir
FR,h2700,1.7046030506396712,scr2006,stInflow,reservoir
FR,h2701,1.7046030506396712,scr2006,stInflow,reservoir
FR,h2702,1.7046030506396712,scr2006,stInflow,reservoir
FR,h2703,1.7046030506396712,scr2006,stInflow,reservoir
FR,h2704,1.7046030506396712,scr2006,stInflow,reservoir
FR,h2705,1.7046030506396712,scr2006,stInflow,reservoir
FR,h2706,1.7046030506396712,scr2006,stInflow,reservoir
FR,h2707,1.7046030506396712,scr2006,stInflow,reservoir
FR,h2708,1.7046030506396712,scr2006,stInflow,reservoir
FR,h2709,1.7046030506396712,scr2006,stInflow,reservoir
FR,h2710,1.7046030506396712,scr2006,stInflow,reservoir
FR,h2711,1.7046030506396712,scr2006,stInflow,reservoir
FR,h2712,1.7046030506396712,scr2006,stInflow,reservoir
FR,h2713,1.8154658692003594,scr2006,stInflow,reservoir
FR,h2714,1.9263293651607052,scr2006,stInflow,reservoir
FR,h2715,2.0371934994956544,scr2006,stInflow,reservoir
FR,h2716,2.0371934994956544,scr2006,stInflow,reservoir
FR,h2717,2.0371934994956544,scr2006,stInflow,reservoir
FR,h2718,2.0371934994956544,scr2006,stInflow,reservoir
FR,h2719,2.0371934994956544,scr2006,stInflow,reservoir
FR,h2720,2.0371934994956544,scr2006,stInflow,reservoir
FR,h2721,2.0371934994956544,scr2006,stInflow,reservoir
FR,h2722,2.0371934994956544,scr2006,stInflow,reservoir
FR,h2723,2.0371934994956544,scr2006,stInflow,reservoir
FR,h2724,2.0371934994956544,scr2006,stInflow,reservoir
FR,h2725,2.0371934994956544,scr2006,stInflow,reservoir
FR,h2726,2.0371934994956544,scr2006,stInflow,reservoir
FR,h2727,2.0371934994956544,scr2006,stInflow,reservoir
FR,h2728,2.0371934994956544,scr2006,stInflow,reservoir
FR,h2729,2.0371934994956544,scr2006,stInflow,reservoir
FR,h2730,2.0371934994956544,scr2006,stInflow,reservoir
FR,h2731,2.0371934994956544,scr2006,stInflow,reservoir
FR,h2732,2.0371934994956544,scr2006,stInflow,reservoir
FR,h2733,2.0371934994956544,scr2006,stInflow,reservoir
FR,h2734,2.0371934994956544,scr2006,stInflow,reservoir
FR,h2735,2.0371934994956544,scr2006,stInflow,reservoir
FR,h2736,2.0371934994956544,scr2006,stInflow,reservoir
FR,h2737,2.0371934994956544,scr2006,stInflow,reservoir
FR,h2738,2.0371934994956544,scr2006,stInflow,reservoir
FR,h2739,2.0371934994956544,scr2006,stInflow,reservoir
FR,h2740,2.0371934994956544,scr2006,stInflow,reservoir
FR,h2741,2.0371934994956544,scr2006,stInflow,reservoir
FR,h2742,2.0371934994956544,scr2006,stInflow,reservoir
FR,h2743,2.0371934994956544,scr2006,stInflow,reservoir
FR,h2744,2.0371934994956544,scr2006,stInflow,reservoir
FR,h2745,2.0371934994956544,scr2006,stInflow,reservoir
FR,h2746,2.0371934994956544,scr2006,stInflow,reservoir
FR,h2747,2.0371934994956544,scr2006,stInflow,reservoir
FR,h2748,2.0371934994956544,scr2006,stInflow,reservoir
FR,h2749,2.0371934994956544,scr2006,stInflow,reservoir
FR,h2750,2.0371934994956544,scr2006,stInflow,reservoir
FR,h2751,2.0371934994956544,scr2006,stInflow,reservoir
FR,h2752,2.0371934994956544,scr2006,stInflow,reservoir
FR,h2753,2.0371934994956544,scr2006,stInflow,reservoir
FR,h2754,2.0371934994956544,scr2006,stInflow,reservoir
FR,h2755,2.0371934994956544,scr2006,stInflow,reservoir
FR,h2756,2.0371934994956544,scr2006,stInflow,reservoir
FR,h2757,2.0371934994956544,scr2006,stInflow,reservoir
FR,h2758,2.0371934994956544,scr2006,stInflow,reservoir
FR,h2759,2.0371934994956544,scr2006,stInflow,reservoir
FR,h2760,2.0371934994956544,scr2006,stInflow,reservoir
FR,h2761,2.0371934994956544,scr2006,stInflow,reservoir
FR,h2762,2.0371934994956544,scr2006,stInflow,reservoir
FR,h2763,2.0371934994956544,scr2006,stInflow,reservoir
FR,h2764,2.0371934994956544,scr2006,stInflow,reservoir
FR,h2765,2.0371934994956544,scr2006,stInflow,reservoir
FR,h2766,2.0371934994956544,scr2006,stInflow,reservoir
FR,h2767,2.0371934994956544,scr2006,stInflow,reservoir
FR,h2768,2.0371934994956544,scr2006,stInflow,reservoir
FR,h2769,2.0371934994956544,scr2006,stInflow,reservoir
FR,h2770,2.0371934994956544,scr2006,stInflow,reservoir
FR,h2771,2.0371934994956544,scr2006,stInflow,reservoir
FR,h2772,2.0371934994956544,scr2006,stInflow,reservoir
FR,h2773,2.0371934994956544,scr2006,stInflow,reservoir
FR,h2774,2.0371934994956544,scr2006,stInflow,reservoir
FR,h2775,2.0371934994956544,scr2006,stInflow,reservoir
FR,h2776,2.0371934994956544,scr2006,stInflow,reservoir
FR,h2777,2.0371934994956544,scr2006,stInflow,reservoir
FR,h2778,2.0371934994956544,scr2006,stInflow,reservoir
FR,h2779,2.0371934994956544,scr2006,stInflow,reservoir
FR,h2780,2.0371934994956544,scr2006,stInflow,reservoir
FR,h2781,2.0371934994956544,scr2006,stInflow,reservoir
FR,h2782,2.0371934994956544,scr2006,stInflow,reservoir
FR,h2783,2.0371934994956544,scr2006,stInflow,reservoir
FR,h2784,2.0371934994956544,scr2006,stInflow,reservoir
FR,h2785,2.0371934994956544,scr2006,stInflow,reservoir
FR,h2786,2.0371934994956544,scr2006,stInflow,reservoir
FR,h2787,2.0371934994956544,scr2006,stInflow,reservoir
FR,h2788,2.0371934994956544,scr2006,stInflow,reservoir
FR,h2789,2.0371934994956544,scr2006,stInflow,reservoir
FR,h2790,2.0371934994956544,scr2006,stInflow,reservoir
FR,h2791,2.0371934994956544,scr2006,stInflow,reservoir
FR,h2792,2.0371934994956544,scr2006,stInflow,reservoir
FR,h2793,2.0371934994956544,scr2006,stInflow,reservoir
FR,h2794,2.0371934994956544,scr2006,stInflow,reservoir
FR,h2795,2.0371934994956544,scr2006,stInflow,reservoir
FR,h2796,2.0371934994956544,scr2006,stInflow,reservoir
FR,h2797,2.0371934994956544,scr2006,stInflow,reservoir
FR,h2798,2.0371934994956544,scr2006,stInflow,reservoir
FR,h2799,2.0371934994956544,scr2006,stInflow,reservoir
FR,h2800,2.0371934994956544,scr2006,stInflow,reservoir
FR,h2801,2.0371934994956544,scr2006,stInflow,reservoir
FR,h2802,2.0371934994956544,scr2006,stInflow,reservoir
FR,h2803,2.0371934994956544,scr2006,stInflow,reservoir
FR,h2804,2.0371934994956544,scr2006,stInflow,reservoir
FR,h2805,2.0371934994956544,scr2006,stInflow,reservoir
FR,h2806,2.0371934994956544,scr2006,stInflow,reservoir
FR,h2807,2.0371934994956544,scr2006,stInflow,reservoir
FR,h2808,2.0371934994956544,scr2006,stInflow,reservoir
FR,h2809,2.0371934994956544,scr2006,stInflow,reservoir
FR,h2810,2.0371934994956544,scr2006,stInflow,reservoir
FR,h2811,2.0371934994956544,scr2006,stInflow,reservoir
FR,h2812,2.0371934994956544,scr2006,stInflow,reservoir
FR,h2813,2.0371934994956544,scr2006,stInflow,reservoir
FR,h2814,2.0371934994956544,scr2006,stInflow,reservoir
FR,h2815,2.0371934994956544,scr2006,stInflow,reservoir
FR,h2816,2.0371934994956544,scr2006,stInflow,reservoir
FR,h2817,2.0371934994956544,scr2006,stInflow,reservoir
FR,h2818,2.0371934994956544,scr2006,stInflow,reservoir
FR,h2819,2.0371934994956544,scr2006,stInflow,reservoir
FR,h2820,2.0371934994956544,scr2006,stInflow,reservoir
FR,h2821,2.0371934994956544,scr2006,stInflow,reservoir
FR,h2822,2.0371934994956544,scr2006,stInflow,reservoir
FR,h2823,2.0371934994956544,scr2006,stInflow,reservoir
FR,h2824,2.0371934994956544,scr2006,stInflow,reservoir
FR,h2825,2.0371934994956544,scr2006,stInflow,reservoir
FR,h2826,2.0371934994956544,scr2006,stInflow,reservoir
FR,h2827,2.0371934994956544,scr2006,stInflow,reservoir
FR,h2828,2.0371934994956544,scr2006,stInflow,reservoir
FR,h2829,2.0371934994956544,scr2006,stInflow,reservoir
FR,h2830,2.0371934994956544,scr2006,stInflow,reservoir
FR,h2831,2.0371934994956544,scr2006,stInflow,reservoir
FR,h2832,2.0371934994956544,scr2006,stInflow,reservoir
FR,h2833,2.0371934994956544,scr2006,stInflow,reservoir
FR,h2834,2.0371934994956544,scr2006,stInflow,reservoir
FR,h2835,2.0371934994956544,scr2006,stInflow,reservoir
FR,h2836,2.0371934994956544,scr2006,stInflow,reservoir
FR,h2837,2.0371934994956544,scr2006,stInflow,reservoir
FR,h2838,2.0371934994956544,scr2006,stInflow,reservoir
FR,h2839,2.0371934994956544,scr2006,stInflow,reservoir
FR,h2840,2.0371934994956544,scr2006,stInflow,reservoir
FR,h2841,2.0371934994956544,scr2006,stInflow,reservoir
FR,h2842,2.0371934994956544,scr2006,stInflow,reservoir
FR,h2843,2.0371934994956544,scr2006,stInflow,reservoir
FR,h2844,2.0371934994956544,scr2006,stInflow,reservoir
FR,h2845,2.0371934994956544,scr2006,stInflow,reservoir
FR,h2846,2.0371934994956544,scr2006,stInflow,reservoir
FR,h2847,2.0371934994956544,scr2006,stInflow,reservoir
FR,h2848,2.0371934994956544,scr2006,stInflow,reservoir
FR,h2849,2.0371934994956544,scr2006,stInflow,reservoir
FR,h2850,2.0371934994956544,scr2006,stInflow,reservoir
FR,h2851,2.0371934994956544,scr2006,stInflow,reservoir
FR,h2852,2.0371934994956544,scr2006,stInflow,reservoir
FR,h2853,2.0371934994956544,scr2006,stInflow,reservoir
FR,h2854,2.0371934994956544,scr2006,stInflow,reservoir
FR,h2855,2.0371934994956544,scr2006,stInflow,reservoir
FR,h2856,2.0371934994956544,scr2006,stInflow,reservoir
FR,h2857,2.0371934994956544,scr2006,stInflow,reservoir
FR,h2858,2.0371934994956544,scr2006,stInflow,reservoir
FR,h2859,2.0371934994956544,scr2006,stInflow,reservoir
FR,h2860,2.0371934994956544,scr2006,stInflow,reservoir
FR,h2861,2.0371934994956544,scr2006,stInflow,reservoir
FR,h2862,2.0371934994956544,scr2006,stInflow,reservoir
FR,h2863,2.0371934994956544,scr2006,stInflow,reservoir
FR,h2864,2.0371934994956544,scr2006,stInflow,reservoir
FR,h2865,2.0371934994956544,scr2006,stInflow,reservoir
FR,h2866,2.0371934994956544,scr2006,stInflow,reservoir
FR,h2867,2.0371934994956544,scr2006,stInflow,reservoir
FR,h2868,2.0371934994956544,scr2006,stInflow,reservoir
FR,h2869,2.0371934994956544,scr2006,stInflow,reservoir
FR,h2870,2.0371934994956544,scr2006,stInflow,reservoir
FR,h2871,2.0371934994956544,scr2006,stInflow,reservoir
FR,h2872,2.0371934994956544,scr2006,stInflow,reservoir
FR,h2873,2.0371934994956544,scr2006,stInflow,reservoir
FR,h2874,2.0371934994956544,scr2006,stInflow,reservoir
FR,h2875,2.0371934994956544,scr2006,stInflow,reservoir
FR,h2876,2.0371934994956544,scr2006,stInflow,reservoir
FR,h2877,2.0371934994956544,scr2006,stInflow,reservoir
FR,h2878,2.0371934994956544,scr2006,stInflow,reservoir
FR,h2879,2.0371934994956544,scr2006,stInflow,reservoir
FR,h2880,2.0371934994956544,scr2006,stInflow,reservoir
IT,h2161,0.6428223567873305,scr2006,stInflow,reservoir
IT,h2162,0.6428223567873305,scr2006,stInflow,reservoir
IT,h2163,0.6428223567873305,scr2006,stInflow,reservoir
IT,h2164,0.6428223567873305,scr2006,stInflow,reservoir
IT,h2165,0.6428223567873305,scr2006,stInflow,reservoir
IT,h2166,0.6428223567873305,scr2006,stInflow,reservoir
IT,h2167,0.6428223567873305,scr2006,stInflow,reservoir
IT,h2168,0.6428223567873305,scr2006,stInflow,reservoir
IT,h2169,0.6428223567873305,scr2006,stInflow,reservoir
IT,h2170,0.6428223567873305,scr2006,stInflow,reservoir
IT,h2171,0.6428223567873305,scr2006,stInflow,reservoir
IT,h2172,0.6428223567873305,scr2006,stInflow,reservoir
IT,h2173,0.6428223567873305,scr2006,stInflow,reservoir
IT,h2174,0.6428223567873305,scr2006,stInflow,reservoir
IT,h2175,0.6428223567873305,scr2006,stInflow,reservoir
IT,h2176,0.6428223567873305,scr2006,stInflow,reservoir
IT,h2177,0.6428223567873305,scr2006,stInflow,reservoir
IT,h2178,0.6428223567873305,scr2006,stInflow,reservoir
IT,h2179,0.6428223567873305,scr2006,stInflow,reservoir
IT,h2180,0.6428223567873305,scr2006,stInflow,reservoir
IT,h2181,0.6428223567873305,scr2006,stInflow,reservoir
IT,h2182,0.6428223567873305,scr2006,stInflow,reservoir
IT,h2183,0.6428223567873305,scr2006,stInflow,reservoir
IT,h2184,0.6428223567873305,scr2006,stInflow,reservoir
IT,h2185,0.6428223567873305,scr2006,stInflow,reservoir
IT,h2186,0.6428223567873305,scr2006,stInflow,reservoir
IT,h2187,0.6428223567873305,scr2006,stInflow,reservoir
IT,h2188,0.6428223567873305,scr2006,stInflow,reservoir
IT,h2189,0.6428223567873305,scr2006,stInflow,reservoir
IT,h2190,0.6428223567873305,scr2006,stInflow,reservoir
IT,h2191,0.6428223567873305,scr2006,stInflow,reservoir
IT,h2192,0.6428223567873305,scr2006,stInflow,reservoir
IT,h2193,0.6428223567873305,scr2006,stInflow,reservoir
IT,h2194,0.6428223567873305,scr2006,stInflow,reservoir
IT,h2195,0.6428223567873305,scr2006,stInflow,reservoir
IT,h2196,0.6428223567873305,scr2006,stInflow,reservoir
IT,h2197,0.6428223567873305,scr2006,stInflow,reservoir
IT,h2198,0.6428223567873305,scr2006,stInflow,reservoir
IT,h2199,0.6428223567873305,scr2006,stInflow,reservoir
IT,h2200,0.6428223567873305,scr2006,stInflow,reservoir
IT,h2201,0.6428223567873305,scr2006,stInflow,reservoir
IT,h2202,0.6428223567873305,scr2006,stInflow,reservoir
IT,h2203,0.6428223567873305,scr2006,stInflow,reservoir
IT,h2204,0.6428223567873305,scr2006,stInflow,reservoir
IT,h2205,0.6428223567873305,scr2006,stInflow,reservoir
IT,h2206,0.6428223567873305,scr2006,stInflow,reservoir
IT,h2207,0.6428223567873305,scr2006,stInflow,reservoir
IT,h2208,0.6428223567873305,scr2006,stInflow,reservoir
IT,h2209,0.5820068919874632,scr2006,stInflow,reservoir
IT,h2210,0.521192063767982,scr2006,stInflow,reservoir
IT,h2211,0.4603779467155376,scr2006,stInflow,reservoir
IT,h2212,0.4603779467155376,scr2006,stInflow,reservoir
IT,h2213,0.4603779467155376,scr2006,stInflow,reservoir
IT,h2214,0.4603779467155376,scr2006,stInflow,reservoir
IT,h2215,0.4603779467155376,scr2006,stInflow,reservoir
IT,h2216,0.4603779467155376,scr2006,stInflow,reservoir
IT,h2217,0.4603779467155376,scr2006,stInflow,reservoir
IT,h2218,0.4603779467155376,scr2006,stInflow,reservoir
IT,h2219,0.4603779467155376,scr2006,stInflow,reservoir
IT,h2220,0.4603779467155376,scr2006,stInflow,reservoir
IT,h2221,0.4603779467155376,scr2006,stInflow,reservoir
IT,h2222,0.4603779467155376,scr2006,stInflow,reservoir
IT,h2223,0.4603779467155376,scr2006,stInflow,reservoir
IT,h2224,0.4603779467155376,scr2006,stInflow,reservoir
IT,h2225,0.4603779467155376,scr2006,stInflow,reservoir
IT,h2226,0.4603779467155376,scr2006,stInflow,reservoir
IT,h2227,0.4603779467155376,scr2006,stInflow,reservoir
IT,h2228,0.4603779467155376,scr2006,stInflow,reservoir
IT,h2229,0.4603779467155376,scr2006,stInflow,reservoir
IT,h2230,0.4603779467155376,scr2006,stInflow,reservoir
IT,h2231,0.4603779467155376,scr2006,stInflow,reservoir
IT,h2232,0.4603779467155376,scr2006,stInflow,reservoir
IT,h2233,0.4603779467155376,scr2006,stInflow,reservoir
IT,h2234,0.4603779467155376,scr2006,stInflow,reservoir
IT,h2235,0.4603779467155376,scr2006,stInflow,reservoir
IT,h2236,0.4603779467155376,scr2006,stInflow,reservoir
IT,h2237,0.4603779467155376,scr2006,stInflow,reservoir
IT,h2238,0.4603779467155376,scr2006,stInflow,reservoir
IT,h2239,0.4603779467155376,scr2006,stInflow,reservoir
IT,h2240,0.4603779467155376,scr2006,stInflow,reservoir
IT,h2241,0.4603779467155376,scr2006,stInflow,reservoir
IT,h2242,0.4603779467155376,scr2006,stInflow,reservoir
IT,h2243,0.4603779467155376,scr2006,stInflow,reservoir
IT,h2244,0.4603779467155376,scr2006,stInflow,reservoir
IT,h2245,0.4603779467155376,scr2006,stInflow,reservoir
IT,h2246,0.4603779467155376,scr2006,stInflow,reservoir
IT,h2247,0.4603779467155376,scr2006,stInflow,reservoir
IT,h2248,0.4603779467155376,scr2006,stInflow,reservoir
IT,h2249,0.4603779467155376,scr2006,stInflow,reservoir
IT,h2250,0.4603779467155376,scr2006,stInflow,reservoir
IT,h2251,0.4603779467155376,scr2006,stInflow,reservoir
IT,h2252,0.4603779467155376,scr2006,stInflow,reservoir
IT,h2253,0.4603779467155376,scr2006,stInflow,reservoir
IT,h2254,0.4603779467155376,scr2006,stInflow,reservoir
IT,h2255,0.4603779467155376,scr2006,stInflow,reservoir
IT,h2256,0.4603779467155376,scr2006,stInflow,reservoir
IT,h2257,0.4603779467155376,scr2006,stInflow,reservoir
IT,h2258,0.4603779467155376,scr2006,stInflow,reservoir
IT,h2259,0.4603779467155376,scr2006,stInflow,reservoir
IT,h2260,0.4603779467155376,scr2006,stInflow,reservoir
IT,h2261,0.4603779467155376,scr2006,stInflow,reservoir
IT,h2262,0.4603779467155376,scr2006,stInflow,reservoir
IT,h2263,0.4603779467155376,scr2006,stInflow,reservoir
IT,h2264,0.4603779467155376,scr2006,stInflow,reservoir
IT,h2265,0.4603779467155376,scr2006,stInflow,reservoir
IT,h2266,0.4603779467155376,scr2006,stInflow,reservoir
IT,h2267,0.4603779467155376,scr2006,stInflow,reservoir
IT,h2268,0.4603779467155376,scr2006,stInflow,reservoir
IT,h2269,0.4603779467155376,scr2006,stInflow,reservoir
IT,h2270,0.4603779467155376,scr2006,stInflow,reservoir
IT,h2271,0.4603779467155376,scr2006,stInflow,reservoir
IT,h2272,0.4603779467155376,scr2006,stInflow,reservoir
IT,h2273,0.4603779467155376,scr2006,stInflow,reservoir
IT,h2274,0.4603779467155376,scr2006,stInflow,reservoir
IT,h2275,0.4603779467155376,scr2006,stInflow,reservoir
IT,h2276,0.4603779467155376,scr2006,stInflow,reservoir
IT,h2277,0.4603779467155376,scr2006,stInflow,reservoir
IT,h2278,0.4603779467155376,scr2006,stInflow,reservoir
IT,h2279,0.4603779467155376,scr2006,stInflow,reservoir
IT,h2280,0.4603779467155376,scr2006,stInflow,reservoir
IT,h2281,0.4603779467155376,scr2006,stInflow,reservoir
IT,h2282,0.4603779467155376,scr2006,stInflow,reservoir
IT,h2283,0.4603779467155376,scr2006,stInflow,reservoir
IT,h2284,0.4603779467155376,scr2006,stInflow,reservoir
IT,h2285,0.4603779467155376,scr2006,stInflow,reservoir
IT,h2286,0.4603779467155376,scr2006,stInflow,reservoir
IT,h2287,0.4603779467155376,scr2006,stInflow,reservoir
IT,h2288,0.4603779467155376,scr2006,stInflow,reservoir
IT,h2289,0.4603779467155376,scr2006,stInflow,reservoir
IT,h2290,0.4603779467155376,scr2006,stInflow,reservoir
IT,h2291,0.4603779467155376,scr2006,stInflow,reservoir
IT,h2292,0.4603779467155376,scr2006,stInflow,reservoir
IT,h2293,0.4603779467155376,scr2006,stInflow,reservoir
IT,h2294,0.4603779467155376,scr2006,stInflow,reservoir
IT,h2295,0.4603779467155376,scr2006,stInflow,reservoir
IT,h2296,0.4603779467155376,scr2006,stInflow,reservoir
IT,h2297,0.4603779467155376,scr2006,stInflow,reservoir
IT,h2298,0.4603779467155376,scr2006,stInflow,reservoir
IT,h2299,0.4603779467155376,scr2006,stInflow,reservoir
IT,h2300,0.4603779467155376,scr2006,stInflow,reservoir
IT,h2301,0.4603779467155376,scr2006,stInflow,reservoir
IT,h2302,0.4603779467155376,scr2006,stInflow,reservoir
IT,h2303,0.4603779467155376,scr2006,stInflow,reservoir
IT,h2304,0.4603779467155376,scr2006,stInflow,reservoir
IT,h2305,0.4603779467155376,scr2006,stInflow,reservoir
IT,h2306,0.4603779467155376,scr2006,stInflow,reservoir
IT,h2307,0.4603779467155376,scr2006,stInflow,reservoir
IT,h2308,0.4603779467155376,scr2006,stInflow,reservoir
IT,h2309,0.4603779467155376,scr2006,stInflow,reservoir
IT,h2310,0.4603779467155376,scr2006,stInflow,reservoir
IT,h2311,0.4603779467155376,scr2006,stInflow,reservoir
IT,h2312,0.4603779467155376,scr2006,stInflow,reservoir
IT,h2313,0.4603779467155376,scr2006,stInflow,reservoir
IT,h2314,0.4603779467155376,scr2006,stInflow,reservoir
IT,h2315,0.4603779467155376,scr2006,stInflow,reservoir
IT,h2316,0.4603779467155376,scr2006,stInflow,reservoir
IT,h2317,0.4603779467155376,scr2006,stInflow,reservoir
IT,h2318,0.4603779467155376,scr2006,stInflow,reservoir
IT,h2319,0.4603779467155376,scr2006,stInflow,reservoir
IT,h2320,0.4603779467155376,scr2006,stInflow,reservoir
IT,h2321,0.4603779467155376,scr2006,stInflow,reservoir
IT,h2322,0.4603779467155376,scr2006,stInflow,reservoir
IT,h2323,0.4603779467155376,scr2006,stInflow,reservoir
IT,h2324,0.4603779467155376,scr2006,stInflow,reservoir
IT,h2325,0.4603779467155376,scr2006,stInflow,reservoir
IT,h2326,0.4603779467155376,scr2006,stInflow,reservoir
IT,h2327,0.4603779467155376,scr2006,stInflow,reservoir
IT,h2328,0.4603779467155376,scr2006,stInflow,reservoir
IT,h2329,0.4603779467155376,scr2006,stInflow,reservoir
IT,h2330,0.4603779467155376,scr2006,stInflow,reservoir
IT,h2331,0.4603779467155376,scr2006,stInflow,reservoir
IT,h2332,0.4603779467155376,scr2006,stInflow,reservoir
IT,h2333,0.4603779467155376,scr2006,stInflow,reservoir
IT,h2334,0.4603779467155376,scr2006,stInflow,reservoir
IT,h2335,0.4603779467155376,scr2006,stInflow,reservoir
IT,h2336,0.4603779467155376,scr2006,stInflow,reservoir
IT,h2337,0.4603779467155376,scr2006,stInflow,reservoir
IT,h2338,0.4603779467155376,scr2006,stInflow,reservoir
IT,h2339,0.4603779467155376,scr2006,stInflow,reservoir
IT,h2340,0.4603779467155376,scr2006,stInflow,reservoir
IT,h2341,0.4603779467155376,scr2006,stInflow,reservoir
IT,h2342,0.4603779467155376,scr2006,stInflow,reservoir
IT,h2343,0.4603779467155376,scr2006,stInflow,reservoir
IT,h2344,0.4603779467155376,scr2006,stInflow,reservoir
IT,h2345,0.4603779467155376,scr2006,stInflow,reservoir
IT,h2346,0.4603779467155376,scr2006,stInflow,reservoir
IT,h2347,0.4603779467155376,scr2006,stInflow,reservoir
IT,h2348,0.4603779467155376,scr2006,stInflow,reservoir
IT,h2349,0.4603779467155376,scr2006,stInflow,reservoir
IT,h2350,0.4603779467155376,scr2006,stInflow,reservoir
IT,h2351,0.4603779467155376,scr2006,stInflow,reservoir
IT,h2352,0.4603779467155376,scr2006,stInflow,reservoir
IT,h2353,0.4603779467155376,scr2006,stInflow,reservoir
IT,h2354,0.4603779467155376,scr2006,stInflow,reservoir
IT,h2355,0.4603779467155376,scr2006,stInflow,reservoir
IT,h2356,0.4603779467155376,scr2006,stInflow,reservoir
IT,h2357,0.4603779467155376,scr2006,stInflow,reservoir
IT,h2358,0.4603779467155376,scr2006,stInflow,reservoir
IT,h2359,0.4603779467155376,scr2006,stInflow,reservoir
IT,h2360,0.4603779467155376,scr2006,stInflow,reservoir
IT,h2361,0.4603779467155376,scr2006,stInflow,reservoir
IT,h2362,0.4603779467155376,scr2006,stInflow,reservoir
IT,h2363,0.4603779467155376,scr2006,stInflow,reservoir
IT,h2364,0.4603779467155376,scr2006,stInflow,reservoir
IT,h2365,0.4603779467155376,scr2006,stInflow,reservoir
IT,h2366,0.4603779467155376,scr2006,stInflow,reservoir
IT,h2367,0.4603779467155376,scr2006,stInflow,reservoir
IT,h2368,0.4603779467155376,scr2006,stInflow,reservoir
IT,h2369,0.4603779467155376,scr2006,stInflow,reservoir
IT,h2370,0.4603779467155376,scr2006,stInflow,reservoir
IT,h2371,0.4603779467155376,scr2006,stInflow,reservoir
IT,h2372,0.4603779467155376,scr2006,stInflow,reservoir
IT,h2373,0.4603779467155376,scr2006,stInflow,reservoir
IT,h2374,0.4603779467155376,scr2006,stInflow,reservoir
IT,h2375,0.4603779467155376,scr2006,stInflow,reservoir
IT,h2376,0.4603779467155376,scr2006,stInflow,reservoir
IT,h2377,0.42071290947777945,scr2006,stInflow,reservoir
IT,h2378,0.3810482467289822,scr2006,stInflow,reservoir
IT,h2379,0.34138399757895477,scr2006,stInflow,reservoir
IT,h2380,0.34138399757895477,scr2006,stInflow,reservoir
IT,h2381,0.34138399757895477,scr2006,stInflow,reservoir
IT,h2382,0.34138399757895477,scr2006,stInflow,reservoir
IT,h2383,0.34138399757895477,scr2006,stInflow,reservoir
IT,h2384,0.34138399757895477,scr2006,stInflow,reservoir
IT,h2385,0.34138399757895477,scr2006,stInflow,reservoir
IT,h2386,0.34138399757895477,scr2006,stInflow,reservoir
IT,h2387,0.34138399757895477,scr2006,stInflow,reservoir
IT,h2388,0.34138399757895477,scr2006,stInflow,reservoir
IT,h2389,0.34138399757895477,scr2006,stInflow,reservoir
IT,h2390,0.34138399757895477,scr2006,stInflow,reservoir
IT,h2391,0.34138399757895477,scr2006,stInflow,reservoir
IT,h2392,0.34138399757895477,scr2006,stInflow,reservoir
IT,h2393,0.34138399757895477,scr2006,stInflow,reservoir
IT,h2394,0.34138399757895477,scr2006,stInflow,reservoir
IT,h2395,0.34138399757895477,scr2006,stInflow,reservoir
IT,h2396,0.34138399757895477,scr2006,stInflow,reservoir
IT,h2397,0.34138399757895477,scr2006,stInflow,reservoir
IT,h2398,0.34138399757895477,scr2006,stInflow,reservoir
IT,h2399,0.34138399757895477,scr2006,stInflow,reservoir
IT,h2400,0.34138399757895477,scr2006,stInflow,reservoir
IT,h2401,0.34138399757895477,scr2006,stInflow,reservoir
IT,h2402,0.34138399757895477,scr2006,stInflow,reservoir
IT,h2403,0.34138399757895477,scr2006,stInflow,reservoir
IT,h2404,0.34138399757895477,scr2006,stInflow,reservoir
IT,h2405,0.34138399757895477,scr2006,stInflow,reservoir
IT,h2406,0.34138399757895477,scr2006,stInflow,reservoir
IT,h2407,0.34138399757895477,scr2006,stInflow,reservoir
IT,h2408,0.34138399757895477,scr2006,stInflow,reservoir
IT,h2409,0.34138399757895477,scr2006,stInflow,reservoir
IT,h2410,0.34138399757895477,scr2006,stInflow,reservoir
IT,h2411,0.34138399757895477,scr2006,stInflow,reservoir
IT,h2412,0.34138399757895477,scr2006,stInflow,reservoir
IT,h2413,0.34138399757895477,scr2006,stInflow,reservoir
IT,h2414,0.34138399757895477,scr2006,stInflow,reservoir
IT,h2415,0.34138399757895477,scr2006,stInflow,reservoir
IT,h2416,0.34138399757895477,scr2006,stInflow,reservoir
IT,h2417,0.34138399757895477,scr2006,stInflow,reservoir
IT,h2418,0.34138399757895477,scr2006,stInflow,reservoir
IT,h2419,0.34138399757895477,scr2006,stInflow,reservoir
IT,h2420,0.34138399757895477,scr2006,stInflow,reservoir
IT,h2421,0.34138399757895477,scr2006,stInflow,reservoir
IT,h2422,0.34138399757895477,scr2006,stInflow,reservoir
IT,h2423,0.34138399757895477,scr2006,stInflow,reservoir
IT,h2424,0.34138399757895477,scr2006,stInflow,reservoir
IT,h2425,0.34138399757895477,scr2006,stInflow,reservoir
IT,h2426,0.34138399757895477,scr2006,stInflow,reservoir
IT,h2427,0.34138399757895477,scr2006,stInflow,reservoir
IT,h2428,0.34138399757895477,scr2006,stInflow,reservoir
IT,h2429,0.34138399757895477,scr2006,stInflow,reservoir
IT,h2430,0.34138399757895477,scr2006,stInflow,reservoir
IT,h2431,0.34138399757895477,scr2006,stInflow,reservoir
IT,h2432,0.34138399757895477,scr2006,stInflow,reservoir
IT,h2433,0.34138399757895477,scr2006,stInflow,reservoir
IT,h2434,0.34138399757895477,scr2006,stInflow,reservoir
IT,h2435,0.34138399757895477,scr2006,stInflow,reservoir
IT,h2436,0.34138399757895477,scr2006,stInflow,reservoir
IT,h2437,0.34138399757895477,scr2006,stInflow,reservoir
IT,h2438,0.34138399757895477,scr2006,stInflow,reservoir
IT,h2439,0.34138399757895477,scr2006,stInflow,reservoir
IT,h2440,0.34138399757895477,scr2006,stInflow,reservoir
IT,h2441,0.34138399757895477,scr2006,stInflow,reservoir
IT,h2442,0.34138399757895477,scr2006,stInflow,reservoir
IT,h2443,0.34138399757895477,scr2006,stInflow,reservoir
IT,h2444,0.34138399757895477,scr2006,stInflow,reservoir
IT,h2445,0.34138399757895477,scr2006,stInflow,reservoir
IT,h2446,0.34138399757895477,scr2006,stInflow,reservoir
IT,h2447,0.34138399757895477,scr2006,stInflow,reservoir
IT,h2448,0.34138399757895477,scr2006,stInflow,reservoir
IT,h2449,0.34138399757895477,scr2006,stInflow,reservoir
IT,h2450,0.34138399757895477,scr2006,stInflow,reservoir
IT,h2451,0.34138399757895477,scr2006,stInflow,reservoir
IT,h2452,0.34138399757895477,scr2006,stInflow,reservoir
IT,h2453,0.34138399757895477,scr2006,stInflow,reservoir
IT,h2454,0.34138399757895477,scr2006,stInflow,reservoir
IT,h2455,0.34138399757895477,scr2006,stInflow,reservoir
IT,h2456,0.34138399757895477,scr2006,stInflow,reservoir
IT,h2457,0.34138399757895477,scr2006,stInflow,reservoir
IT,h2458,0.34138399757895477,scr2006,stInflow,reservoir
IT,h2459,0.34138399757895477,scr2006,stInflow,reservoir
IT,h2460,0.34138399757895477,scr2006,stInflow,reservoir
IT,h2461,0.34138399757895477,scr2006,stInflow,reservoir
IT,h2462,0.34138399757895477,scr2006,stInflow,reservoir
IT,h2463,0.34138399757895477,scr2006,stInflow,reservoir
IT,h2464,0.34138399757895477,scr2006,stInflow,reservoir
IT,h2465,0.34138399757895477,scr2006,stInflow,reservoir
IT,h2466,0.34138399757895477,scr2006,stInflow,reservoir
IT,h2467,0.34138399757895477,scr2006,stInflow,reservoir
IT,h2468,0.34138399757895477,scr2006,stInflow,reservoir
IT,h2469,0.34138399757895477,scr2006,stInflow,reservoir
IT,h2470,0.34138399757895477,scr2006,stInflow,reservoir
IT,h2471,0.34138399757895477,scr2006,stInflow,reservoir
IT,h2472,0.34138399757895477,scr2006,stInflow,reservoir
IT,h2473,0.34138399757895477,scr2006,stInflow,reservoir
IT,h2474,0.34138399757895477,scr2006,stInflow,reservoir
IT,h2475,0.34138399757895477,scr2006,stInflow,reservoir
IT,h2476,0.34138399757895477,scr2006,stInflow,reservoir
IT,h2477,0.34138399757895477,scr2006,stInflow,reservoir
IT,h2478,0.34138399757895477,scr2006,stInflow,reservoir
IT,h2479,0.34138399757895477,scr2006,stInflow,reservoir
IT,h2480,0.34138399757895477,scr2006,stInflow,reservoir
IT,h2481,0.34138399757895477,scr2006,stInflow,reservoir
IT,h2482,0.34138399757895477,scr2006,stInflow,reservoir
IT,h2483,0.34138399757895477,scr2006,stInflow,reservoir
IT,h2484,0.34138399757895477,scr2006,stInflow,reservoir
IT,h2485,0.34138399757895477,scr2006,stInflow,reservoir
IT,h2486,0.34138399757895477,scr2006,stInflow,reservoir
IT,h2487,0.34138399757895477,scr2006,stInflow,reservoir
IT,h2488,0.34138399757895477,scr2006,stInflow,reservoir
IT,h2489,0.34138399757895477,scr2006,stInflow,reservoir
IT,h2490,0.34138399757895477,scr2006,stInflow,reservoir
IT,h2491,0.34138399757895477,scr2006,stInflow,reservoir
IT,h2492,0.34138399757895477,scr2006,stInflow,reservoir
IT,h2493,0.34138399757895477,scr2006,stInflow,reservoir
IT,h2494,0.34138399757895477,scr2006,stInflow,reservoir
IT,h2495,0.34138399757895477,scr2006,stInflow,reservoir
IT,h2496,0.34138399757895477,scr2006,stInflow,reservoir
IT,h2497,0.34138399757895477,scr2006,stInflow,reservoir
IT,h2498,0.34138399757895477,scr2006,stInflow,reservoir
IT,h2499,0.34138399757895477,scr2006,stInflow,reservoir
IT,h2500,0.34138399757895477,scr2006,stInflow,reservoir
IT,h2501,0.34138399757895477,scr2006,stInflow,reservoir
IT,h2502,0.34138399757895477,scr2006,stInflow,reservoir
IT,h2503,0.34138399757895477,scr2006,stInflow,reservoir
IT,h2504,0.34138399757895477,scr2006,stInflow,reservoir
IT,h2505,0.34138399757895477,scr2006,stInflow,reservoir
IT,h2506,0.34138399757895477,scr2006,stInflow,reservoir
IT,h2507,0.34138399757895477,scr2006,stInflow,reservoir
IT,h2508,0.34138399757895477,scr2006,stInflow,reservoir
IT,h2509,0.34138399757895477,scr2006,stInflow,reservoir
IT,h2510,0.34138399757895477,scr2006,stInflow,reservoir
IT,h2511,0.34138399757895477,scr2006,stInflow,reservoir
IT,h2512,0.34138399757895477,scr2006,stInflow,reservoir
IT,h2513,0.34138399757895477,scr2006,stInflow,reservoir
IT,h2514,0.34138399757895477,scr2006,stInflow,reservoir
IT,h2515,0.34138399757895477,scr2006,stInflow,reservoir
IT,h2516,0.34138399757895477,scr2006,stInflow,reservoir
IT,h2517,0.34138399757895477,scr2006,stInflow,reservoir
IT,h2518,0.34138399757895477,scr2006,stInflow,reservoir
IT,h2519,0.34138399757895477,scr2006,stInflow,reservoir
IT,h2520,0.34138399757895477,scr2006,stInflow,reservoir
IT,h2521,0.34138399757895477,scr2006,stInflow,reservoir
IT,h2522,0.34138399757895477,scr2006,stInflow,reservoir
IT,h2523,0.34138399757895477,scr2006,stInflow,reservoir
IT,h2524,0.34138399757895477,scr2006,stInflow,reservoir
IT,h2525,0.34138399757895477,scr2006,stInflow,reservoir
IT,h2526,0.34138399757895477,scr2006,stInflow,reservoir
IT,h2527,0.34138399757895477,scr2006,stInflow,reservoir
IT,h2528,0.34138399757895477,scr2006,stInflow,reservoir
IT,h2529,0.34138399757895477,scr2006,stInflow,reservoir
IT,h2530,0.34138399757895477,scr2006,stInflow,reservoir
IT,h2531,0.34138399757895477,scr2006,stInflow,reservoir
IT,h2532,0.34138399757895477,scr2006,stInflow,reservoir
IT,h2533,0.34138399757895477,scr2006,stInflow,reservoir
IT,h2534,0.34138399757895477,scr2006,stInflow,reservoir
IT,h2535,0.34138399757895477,scr2006,stInflow,reservoir
IT,h2536,0.34138399757895477,scr2006,stInflow,reservoir
IT,h2537,0.34138399757895477,scr2006,stInflow,reservoir
IT,h2538,0.34138399757895477,scr2006,stInflow,reservoir
IT,h2539,0.34138399757895477,scr2006,stInflow,reservoir
IT,h2540,0.34138399757895477,scr2006,stInflow,reservoir
IT,h2541,0.34138399757895477,scr2006,stInflow,reservoir
IT,h2542,0.34138399757895477,scr2006,stInflow,reservoir
IT,h2543,0.34138399757895477,scr2006,stInflow,reservoir
IT,h2544,0.34138399757895477,scr2006,stInflow,reservoir
IT,h2545,0.3691228965050232,scr2006,stInflow,reservoir
IT,h2546,0.3968620040673899,scr2006,stInflow,reservoir
IT,h2547,0.4246013056608804,scr2006,stInflow,reservoir
IT,h2548,0.4246013056608804,scr2006,stInflow,reservoir
IT,h2549,0.4246013056608804,scr2006,stInflow,reservoir
IT,h2550,0.4246013056608804,scr2006,stInflow,reservoir
IT,h2551,0.4246013056608804,scr2006,stInflow,reservoir
IT,h2552,0.4246013056608804,scr2006,stInflow,reservoir
IT,h2553,0.4246013056608804,scr2006,stInflow,reservoir
IT,h2554,0.4246013056608804,scr2006,stInflow,reservoir
IT,h2555,0.4246013056608804,scr2006,stInflow,reservoir
IT,h2556,0.4246013056608804,scr2006,stInflow,reservoir
IT,h2557,0.4246013056608804,scr2006,stInflow,reservoir
IT,h2558,0.4246013056608804,scr2006,stInflow,reservoir
IT,h2559,0.4246013056608804,scr2006,stInflow,reservoir
IT,h2560,0.4246013056608804,scr2006,stInflow,reservoir
IT,h2561,0.4246013056608804,scr2006,stInflow,reservoir
IT,h2562,0.4246013056608804,scr2006,stInflow,reservoir
IT,h2563,0.4246013056608804,scr2006,stInflow,reservoir
IT,h2564,0.4246013056608804,scr2006,stInflow,reservoir
IT,h2565,0.4246013056608804,scr2006,stInflow,reservoir
IT,h2566,0.4246013056608804,scr2006,stInflow,reservoir
IT,h2567,0.4246013056608804,scr2006,stInflow,reservoir
IT,h2568,0.4246013056608804,scr2006,stInflow,reservoir
IT,h2569,0.4246013056608804,scr2006,stInflow,reservoir
IT,h2570,0.4246013056608804,scr2006,stInflow,reservoir
IT,h2571,0.4246013056608804,scr2006,stInflow,reservoir
IT,h2572,0.4246013056608804,scr2006,stInflow,reservoir
IT,h2573,0.4246013056608804,scr2006,stInflow,reservoir
IT,h2574,0.4246013056608804,scr2006,stInflow,reservoir
IT,h2575,0.4246013056608804,scr2006,stInflow,reservoir
IT,h2576,0.4246013056608804,scr2006,stInflow,reservoir
IT,h2577,0.4246013056608804,scr2006,stInflow,reservoir
IT,h2578,0.4246013056608804,scr2006,stInflow,reservoir
IT,h2579,0.4246013056608804,scr2006,stInflow,reservoir
IT,h2580,0.4246013056608804,scr2006,stInflow,reservoir
IT,h2581,0.4246013056608804,scr2006,stInflow,reservoir
IT,h2582,0.4246013056608804,scr2006,stInflow,reservoir
IT,h2583,0.4246013056608804,scr2006,stInflow,reservoir
IT,h2584,0.4246013056608804,scr2006,stInflow,reservoir
IT,h2585,0.4246013056608804,scr2006,stInflow,reservoir
IT,h2586,0.4246013056608804,scr2006,stInflow,reservoir
IT,h2587,0.4246013056608804,scr2006,stInflow,reservoir
IT,h2588,0.4246013056608804,scr2006,stInflow,reservoir
IT,h2589,0.4246013056608804,scr2006,stInflow,reservoir
IT,h2590,0.4246013056608804,scr2006,stInflow,reservoir
IT,h2591,0.4246013056608804,scr2006,stInflow,reservoir
IT,h2592,0.4246013056608804,scr2006,stInflow,reservoir
IT,h2593,0.4246013056608804,scr2006,stInflow,reservoir
IT,h2594,0.4246013056608804,scr2006,stInflow,reservoir
IT,h2595,0.4246013056608804,scr2006,stInflow,reservoir
IT,h2596,0.4246013056608804,scr2006,stInflow,reservoir
IT,h2597,0.4246013056608804,scr2006,stInflow,reservoir
IT,h2598,0.4246013056608804,scr2006,stInflow,reservoir
IT,h2599,0.4246013056608804,scr2006,stInflow,reservoir
IT,h2600,0.4246013056608804,scr2006,stInflow,reservoir
IT,h2601,0.4246013056608804,scr2006,stInflow,reservoir
IT,h2602,0.4246013056608804,scr2006,stInflow,reservoir
IT,h2603,0.4246013056608804,scr2006,stInflow,reservoir
IT,h2604,0.4246013056608804,scr2006,stInflow,reservoir
IT,h2605,0.4246013056608804,scr2006,stInflow,reservoir
IT,h2606,0.4246013056608804,scr2006,stInflow,reservoir
IT,h2607,0.4246013056608804,scr2006,stInflow,reservoir
IT,h2608,0.4246013056608804,scr2006,stInflow,reservoir
IT,h2609,0.4246013056608804,scr2006,stInflow,reservoir
IT,h2610,0.4246013056608804,scr2006,stInflow,reservoir
IT,h2611,0.4246013056608804,scr2006,stInflow,reservoir
IT,h2612,0.4246013056608804,scr2006,stInflow,reservoir
IT,h2613,0.4246013056608804,scr2006,stInflow,reservoir
IT,h2614,0.4246013056608804,scr2006,stInflow,reservoir
IT,h2615,0.4246013056608804,scr2006,stInflow,reservoir
IT,h2616,0.4246013056608804,scr2006,stInflow,reservoir
IT,h2617,0.4246013056608804,scr2006,stInflow,reservoir
IT,h2618,0.4246013056608804,scr2006,stInflow,reservoir
IT,h2619,0.4246013056608804,scr2006,stInflow,reservoir
IT,h2620,0.4246013056608804,scr2006,stInflow,reservoir
IT,h2621,0.4246013056608804,scr2006,stInflow,reservoir
IT,h2622,0.4246013056608804,scr2006,stInflow,reservoir
IT,h2623,0.4246013056608804,scr2006,stInflow,reservoir
IT,h2624,0.4246013056608804,scr2006,stInflow,reservoir
IT,h2625,0.4246013056608804,scr2006,stInflow,reservoir
IT,h2626,0.4246013056608804,scr2006,stInflow,reservoir
IT,h2627,0.4246013056608804,scr2006,stInflow,reservoir
IT,h2628,0.4246013056608804,scr2006,stInflow,reservoir
IT,h2629,0.4246013056608804,scr2006,stInflow,reservoir
IT,h2630,0.4246013056608804,scr2006,stInflow,reservoir
IT,h2631,0.4246013056608804,scr2006,stInflow,reservoir
IT,h2632,0.4246013056608804,scr2006,stInflow,reservoir
IT,h2633,0.4246013056608804,scr2006,stInflow,reservoir
IT,h2634,0.4246013056608804,scr2006,stInflow,reservoir
IT,h2635,0.4246013056608804,scr2006,stInflow,reservoir
IT,h2636,0.4246013056608804,scr2006,stInflow,reservoir
IT,h2637,0.4246013056608804,scr2006,stInflow,reservoir
IT,h2638,0.4246013056608804,scr2006,stInflow,reservoir
IT,h2639,0.4246013056608804,scr2006,stInflow,reservoir
IT,h2640,0.4246013056608804,scr2006,stInflow,reservoir
IT,h2641,0.4246013056608804,scr2006,stInflow,reservoir
IT,h2642,0.4246013056608804,scr2006,stInflow,reservoir
IT,h2643,0.4246013056608804,scr2006,stInflow,reservoir
IT,h2644,0.4246013056608804,scr2006,stInflow,reservoir
IT,h2645,0.4246013056608804,scr2006,stInflow,reservoir
IT,h2646,0.4246013056608804,scr2006,stInflow,reservoir
IT,h2647,0.4246013056608804,scr2006,stInflow,reservoir
IT,h2648,0.4246013056608804,scr2006,stInflow,reservoir
IT,h2649,0.4246013056608804,scr2006,stInflow,reservoir
IT,h2650,0.4246013056608804,scr2006,stInflow,reservoir
IT,h2651,0.4246013056608804,scr2006,stInflow,reservoir
IT,h2652,0.4246013056608804,scr2006,stInflow,reservoir
IT,h2653,0.4246013056608804,scr2006,stInflow,reservoir
IT,h2654,0.4246013056608804,scr2006,stInflow,reservoir
IT,h2655,0.4246013056608804,scr2006,stInflow,reservoir
IT,h2656,0.4246013056608804,scr2006,stInflow,reservoir
IT,h2657,0.4246013056608804,scr2006,stInflow,reservoir
IT,h2658,0.4246013056608804,scr2006,stInflow,reservoir
IT,h2659,0.4246013056608804,scr2006,stInflow,reservoir
IT,h2660,0.4246013056608804,scr2006,stInflow,reservoir
IT,h2661,0.4246013056608804,scr2006,stInflow,reservoir
IT,h2662,0.4246013056608804,scr2006,stInflow,reservoir
IT,h2663,0.4246013056608804,scr2006,stInflow,reservoir
IT,h2664,0.4246013056608804,scr2006,stInflow,reservoir
IT,h2665,0.4246013056608804,scr2006,stInflow,reservoir
IT,h2666,0.4246013056608804,scr2006,stInflow,reservoir
IT,h2667,0.4246013056608804,scr2006,stInflow,reservoir
IT,h2668,0.4246013056608804,scr2006,stInflow,reservoir
IT,h2669,0.4246013056608804,scr2006,stInflow,reservoir
IT,h2670,0.4246013056608804,scr2006,stInflow,reservoir
IT,h2671,0.4246013056608804,scr2006,stInflow,reservoir
IT,h2672,0.4246013056608804,scr2006,stInflow,reservoir
IT,h2673,0.4246013056608804,scr2006,stInflow,reservoir
IT,h2674,0.4246013056608804,scr2006,stInflow,reservoir
IT,h2675,0.4246013056608804,scr2006,stInflow,reservoir
IT,h2676,0.4246013056608804,scr2006,stInflow,reservoir
IT,h2677,0.4246013056608804,scr2006,stInflow,reservoir
IT,h2678,0.4246013056608804,scr2006,stInflow,reservoir
IT,h2679,0.4246013056608804,scr2006,stInflow,reservoir
IT,h2680,0.4246013056608804,scr2006,stInflow,reservoir
IT,h2681,0.4246013056608804,scr2006,stInflow,reservoir
IT,h2682,0.4246013056608804,scr2006,stInflow,reservoir
IT,h2683,0.4246013056608804,scr2006,stInflow,reservoir
IT,h2684,0.4246013056608804,scr2006,stInflow,reservoir
IT,h2685,0.4246013056608804,scr2006,stInflow,reservoir
IT,h2686,0.4246013056608804,scr2006,stInflow,reservoir
IT,h2687,0.4246013056608804,scr2006,stInflow,reservoir
IT,h2688,0.4246013056608804,scr2006,stInflow,reservoir
IT,h2689,0.4246013056608804,scr2006,stInflow,reservoir
IT,h2690,0.4246013056608804,scr2006,stInflow,reservoir
IT,h2691,0.4246013056608804,scr2006,stInflow,reservoir
IT,h2692,0.4246013056608804,scr2006,stInflow,reservoir
IT,h2693,0.4246013056608804,scr2006,stInflow,reservoir
IT,h2694,0.4246013056608804,scr2006,stInflow,reservoir
IT,h2695,0.4246013056608804,scr2006,stInflow,reservoir
IT,h2696,0.4246013056608804,scr2006,stInflow,reservoir
IT,h2697,0.4246013056608804,scr2006,stInflow,reservoir
IT,h2698,0.4246013056608804,scr2006,stInflow,reservoir
IT,h2699,0.4246013056608804,scr2006,stInflow,reservoir
IT,h2700,0.4246013056608804,scr2006,stInflow,reservoir
IT,h2701,0.4246013056608804,scr2006,stInflow,reservoir
IT,h2702,0.4246013056608804,scr2006,stInflow,reservoir
IT,h2703,0.4246013056608804,scr2006,stInflow,reservoir
IT,h2704,0.4246013056608804,scr2006,stInflow,reservoir
IT,h2705,0.4246013056608804,scr2006,stInflow,reservoir
IT,h2706,0.4246013056608804,scr2006,stInflow,reservoir
IT,h2707,0.4246013056608804,scr2006,stInflow,reservoir
IT,h2708,0.4246013056608804,scr2006,stInflow,reservoir
IT,h2709,0.4246013056608804,scr2006,stInflow,reservoir
IT,h2710,0.4246013056608804,scr2006,stInflow,reservoir
IT,h2711,0.4246013056608804,scr2006,stInflow,reservoir
IT,h2712,0.4246013056608804,scr2006,stInflow,reservoir
IT,h2713,0.4656759229073454,scr2006,stInflow,reservoir
IT,h2714,0.5067509028963986,scr2006,stInflow,reservoir
IT,h2715,0.5478262161632168,scr2006,stInflow,reservoir
IT,h2716,0.5478262161632168,scr2006,stInflow,reservoir
IT,h2717,0.5478262161632168,scr2006,stInflow,reservoir
IT,h2718,0.5478262161632168,scr2006,stInflow,reservoir
IT,h2719,0.5478262161632168,scr2006,stInflow,reservoir
IT,h2720,0.5478262161632168,scr2006,stInflow,reservoir
IT,h2721,0.5478262161632168,scr2006,stInflow,reservoir
IT,h2722,0.5478262161632168,scr2006,stInflow,reservoir
IT,h2723,0.5478262161632168,scr2006,stInflow,reservoir
IT,h2724,0.5478262161632168,scr2006,stInflow,reservoir
IT,h2725,0.5478262161632168,scr2006,stInflow,reservoir
IT,h2726,0.5478262161632168,scr2006,stInflow,reservoir
IT,h2727,0.5478262161632168,scr2006,stInflow,reservoir
IT,h2728,0.5478262161632168,scr2006,stInflow,reservoir
IT,h2729,0.5478262161632168,scr2006,stInflow,reservoir
IT,h2730,0.5478262161632168,scr2006,stInflow,reservoir
IT,h2731,0.5478262161632168,scr2006,stInflow,reservoir
IT,h2732,0.5478262161632168,scr2006,stInflow,reservoir
IT,h2733,0.5478262161632168,scr2006,stInflow,reservoir
IT,h2734,0.5478262161632168,scr2006,stInflow,reservoir
IT,h2735,0.5478262161632168,scr2006,stInflow,reservoir
IT,h2736,0.5478262161632168,scr2006,stInflow,reservoir
IT,h2737,0.5478262161632168,scr2006,stInflow,reservoir
IT,h2738,0.5478262161632168,scr2006,stInflow,reservoir
IT,h2739,0.5478262161632168,scr2006,stInflow,reservoir
IT,h2740,0.5478262161632168,scr2006,stInflow,reservoir
IT,h2741,0.5478262161632168,scr2006,stInflow,reservoir
IT,h2742,0.5478262161632168,scr2006,stInflow,reservoir
IT,h2743,0.5478262161632168,scr2006,stInflow,reservoir
IT,h2744,0.5478262161632168,scr2006,stInflow,reservoir
IT,h2745,0.5478262161632168,scr2006,stInflow,reservoir
IT,h2746,0.5478262161632168,scr2006,stInflow,reservoir
IT,h2747,0.5478262161632168,scr2006,stInflow,reservoir
IT,h2748,0.5478262161632168,scr2006,stInflow,reservoir
IT,h2749,0.5478262161632168,scr2006,stInflow,reservoir
IT,h2750,0.5478262161632168,scr2006,stInflow,reservoir
IT,h2751,0.5478262161632168,scr2006,stInflow,reservoir
IT,h2752,0.5478262161632168,scr2006,stInflow,reservoir
IT,h2753,0.5478262161632168,scr2006,stInflow,reservoir
IT,h2754,0.5478262161632168,scr2006,stInflow,reservoir
IT,h2755,0.5478262161632168,scr2006,stInflow,reservoir
IT,h2756,0.5478262161632168,scr2006,stInflow,reservoir
IT,h2757,0.5478262161632168,scr2006,stInflow,reservoir
IT,h2758,0.5478262161632168,scr2006,stInflow,reservoir
IT,h2759,0.5478262161632168,scr2006,stInflow,reservoir
IT,h2760,0.5478262161632168,scr2006,stInflow,reservoir
IT,h2761,0.5478262161632168,scr2006,stInflow,reservoir
IT,h2762,0.5478262161632168,scr2006,stInflow,reservoir
IT,h2763,0.5478262161632168,scr2006,stInflow,reservoir
IT,h2764,0.5478262161632168,scr2006,stInflow,reservoir
IT,h2765,0.5478262161632168,scr2006,stInflow,reservoir
IT,h2766,0.5478262161632168,scr2006,stInflow,reservoir
IT,h2767,0.5478262161632168,scr2006,stInflow,reservoir
IT,h2768,0.5478262161632168,scr2006,stInflow,reservoir
IT,h2769,0.5478262161632168,scr2006,stInflow,reservoir
IT,h2770,0.5478262161632168,scr2006,stInflow,reservoir
IT,h2771,0.5478262161632168,scr2006,stInflow,reservoir
IT,h2772,0.5478262161632168,scr2006,stInflow,reservoir
IT,h2773,0.5478262161632168,scr2006,stInflow,reservoir
IT,h2774,0.5478262161632168,scr2006,stInflow,reservoir
IT,h2775,0.5478262161632168,scr2006,stInflow,reservoir
IT,h2776,0.5478262161632168,scr2006,stInflow,reservoir
IT,h2777,0.5478262161632168,scr2006,stInflow,reservoir
IT,h2778,0.5478262161632168,scr2006,stInflow,reservoir
IT,h2779,0.5478262161632168,scr2006,stInflow,reservoir
IT,h2780,0.5478262161632168,scr2006,stInflow,reservoir
IT,h2781,0.5478262161632168,scr2006,stInflow,reservoir
IT,h2782,0.5478262161632168,scr2006,stInflow,reservoir
IT,h2783,0.5478262161632168,scr2006,stInflow,reservoir
IT,h2784,0.5478262161632168,scr2006,stInflow,reservoir
IT,h2785,0.5478262161632168,scr2006,stInflow,reservoir
IT,h2786,0.5478262161632168,scr2006,stInflow,reservoir
IT,h2787,0.5478262161632168,scr2006,stInflow,reservoir
IT,h2788,0.5478262161632168,scr2006,stInflow,reservoir
IT,h2789,0.5478262161632168,scr2006,stInflow,reservoir
IT,h2790,0.5478262161632168,scr2006,stInflow,reservoir
IT,h2791,0.5478262161632168,scr2006,stInflow,reservoir
IT,h2792,0.5478262161632168,scr2006,stInflow,reservoir
IT,h2793,0.5478262161632168,scr2006,stInflow,reservoir
IT,h2794,0.5478262161632168,scr2006,stInflow,reservoir
IT,h2795,0.5478262161632168,scr2006,stInflow,reservoir
IT,h2796,0.5478262161632168,scr2006,stInflow,reservoir
IT,h2797,0.5478262161632168,scr2006,stInflow,reservoir
IT,h2798,0.5478262161632168,scr2006,stInflow,reservoir
IT,h2799,0.5478262161632168,scr2006,stInflow,reservoir
IT,h2800,0.5478262161632168,scr2006,stInflow,reservoir
IT,h2801,0.5478262161632168,scr2006,stInflow,reservoir
IT,h2802,0.5478262161632168,scr2006,stInflow,reservoir
IT,h2803,0.5478262161632168,scr2006,stInflow,reservoir
IT,h2804,0.5478262161632168,scr2006,stInflow,reservoir
IT,h2805,0.5478262161632168,scr2006,stInflow,reservoir
IT,h2806,0.5478262161632168,scr2006,stInflow,reservoir
IT,h2807,0.5478262161632168,scr2006,stInflow,reservoir
IT,h2808,0.5478262161632168,scr2006,stInflow,reservoir
IT,h2809,0.5478262161632168,scr2006,stInflow,reservoir
IT,h2810,0.5478262161632168,scr2006,stInflow,reservoir
IT,h2811,0.5478262161632168,scr2006,stInflow,reservoir
IT,h2812,0.5478262161632168,scr2006,stInflow,reservoir
IT,h2813,0.5478262161632168,scr2006,stInflow,reservoir
IT,h2814,0.5478262161632168,scr2006,stInflow,reservoir
IT,h2815,0.5478262161632168,scr2006,stInflow,reservoir
IT,h2816,0.5478262161632168,scr2006,stInflow,reservoir
IT,h2817,0.5478262161632168,scr2006,stInflow,reservoir
IT,h2818,0.5478262161632168,scr2006,stInflow,reservoir
IT,h2819,0.5478262161632168,scr2006,stInflow,reservoir
IT,h2820,0.5478262161632168,scr2006,stInflow,reservoir
IT,h2821,0.5478262161632168,scr2006,stInflow,reservoir
IT,h2822,0.5478262161632168,scr2006,stInflow,reservoir
IT,h2823,0.5478262161632168,scr2006,stInflow,reservoir
IT,h2824,0.5478262161632168,scr2006,stInflow,reservoir
IT,h2825,0.5478262161632168,scr2006,stInflow,reservoir
IT,h2826,0.5478262161632168,scr2006,stInflow,reservoir
IT,h2827,0.5478262161632168,scr2006,stInflow,reservoir
IT,h2828,0.5478262161632168,scr2006,stInflow,reservoir
IT,h2829,0.5478262161632168,scr2006,stInflow,reservoir
IT,h2830,0.5478262161632168,scr2006,stInflow,reservoir
IT,h2831,0.5478262161632168,scr2006,stInflow,reservoir
IT,h2832,0.5478262161632168,scr2006,stInflow,reservoir
IT,h2833,0.5478262161632168,scr2006,stInflow,reservoir
IT,h2834,0.5478262161632168,scr2006,stInflow,reservoir
IT,h2835,0.5478262161632168,scr2006,stInflow,reservoir
IT,h2836,0.5478262161632168,scr2006,stInflow,reservoir
IT,h2837,0.5478262161632168,scr2006,stInflow,reservoir
IT,h2838,0.5478262161632168,scr2006,stInflow,reservoir
IT,h2839,0.5478262161632168,scr2006,stInflow,reservoir
IT,h2840,0.5478262161632168,scr2006,stInflow,reservoir
IT,h2841,0.5478262161632168,scr2006,stInflow,reservoir
IT,h2842,0.5478262161632168,scr2006,stInflow,reservoir
IT,h2843,0.5478262161632168,scr2006,stInflow,reservoir
IT,h2844,0.5478262161632168,scr2006,stInflow,reservoir
IT,h2845,0.5478262161632168,scr2006,stInflow,reservoir
IT,h2846,0.5478262161632168,scr2006,stInflow,reservoir
IT,h2847,0.5478262161632168,scr2006,stInflow,reservoir
IT,h2848,0.5478262161632168,scr2006,stInflow,reservoir
IT,h2849,0.5478262161632168,scr2006,stInflow,reservoir
IT,h2850,0.5478262161632168,scr2006,stInflow,reservoir
IT,h2851,0.5478262161632168,scr2006,stInflow,reservoir
IT,h2852,0.5478262161632168,scr2006,stInflow,reservoir
IT,h2853,0.5478262161632168,scr2006,stInflow,reservoir
IT,h2854,0.5478262161632168,scr2006,stInflow,reservoir
IT,h2855,0.5478262161632168,scr2006,stInflow,reservoir
IT,h2856,0.5478262161632168,scr2006,stInflow,reservoir
IT,h2857,0.5478262161632168,scr2006,stInflow,reservoir
IT,h2858,0.5478262161632168,scr2006,stInflow,reservoir
IT,h2859,0.5478262161632168,scr2006,stInflow,reservoir
IT,h2860,0.5478262161632168,scr2006,stInflow,reservoir
IT,h2861,0.5478262161632168,scr2006,stInflow,reservoir
IT,h2862,0.5478262161632168,scr2006,stInflow,reservoir
IT,h2863,0.5478262161632168,scr2006,stInflow,reservoir
IT,h2864,0.5478262161632168,scr2006,stInflow,reservoir
IT,h2865,0.5478262161632168,scr2006,stInflow,reservoir
IT,h2866,0.5478262161632168,scr2006,stInflow,reservoir
IT,h2867,0.5478262161632168,scr2006,stInflow,reservoir
IT,h2868,0.5478262161632168,scr2006,stInflow,reservoir
IT,h2869,0.5478262161632168,scr2006,stInflow,reservoir
IT,h2870,0.5478262161632168,scr2006,stInflow,reservoir
IT,h2871,0.5478262161632168,scr2006,stInflow,reservoir
IT,h2872,0.5478262161632168,scr2006,stInflow,reservoir
IT,h2873,0.5478262161632168,scr2006,stInflow,reservoir
IT,h2874,0.5478262161632168,scr2006,stInflow,reservoir
IT,h2875,0.5478262161632168,scr2006,stInflow,reservoir
IT,h2876,0.5478262161632168,scr2006,stInflow,reservoir
IT,h2877,0.5478262161632168,scr2006,stInflow,reservoir
IT,h2878,0.5478262161632168,scr2006,stInflow,reservoir
IT,h2879,0.5478262161632168,scr2006,stInflow,reservoir
IT,h2880,0.5478262161632168,scr2006,stInflow,reservoir
ME,h2161,0.09098538274766607,scr2006,stInflow,reservoir
ME,h2162,0.09098538274766607,scr2006,stInflow,reservoir
ME,h2163,0.09098538274766607,scr2006,stInflow,reservoir
ME,h2164,0.09098538274766607,scr2006,stInflow,reservoir
ME,h2165,0.09098538274766607,scr2006,stInflow,reservoir
ME,h2166,0.09098538274766607,scr2006,stInflow,reservoir
ME,h2167,0.09098538274766607,scr2006,stInflow,reservoir
ME,h2168,0.09098538274766607,scr2006,stInflow,reservoir
ME,h2169,0.09098538274766607,scr2006,stInflow,reservoir
ME,h2170,0.09098538274766607,scr2006,stInflow,reservoir
ME,h2171,0.09098538274766607,scr2006,stInflow,reservoir
ME,h2172,0.09098538274766607,scr2006,stInflow,reservoir
ME,h2173,0.09098538274766607,scr2006,stInflow,reservoir
ME,h2174,0.09098538274766607,scr2006,stInflow,reservoir
ME,h2175,0.09098538274766607,scr2006,stInflow,reservoir
ME,h2176,0.09098538274766607,scr2006,stInflow,reservoir
ME,h2177,0.09098538274766607,scr2006,stInflow,reservoir
ME,h2178,0.09098538274766607,scr2006,stInflow,reservoir
ME,h2179,0.09098538274766607,scr2006,stInflow,reservoir
ME,h2180,0.09098538274766607,scr2006,stInflow,reservoir
ME,h2181,0.09098538274766607,scr2006,stInflow,reservoir
ME,h2182,0.09098538274766607,scr2006,stInflow,reservoir
ME,h2183,0.09098538274766607,scr2006,stInflow,reservoir
ME,h2184,0.09098538274766607,scr2006,stInflow,reservoir
ME,h2185,0.09098538274766607,scr2006,stInflow,reservoir
ME,h2186,0.09098538274766607,scr2006,stInflow,reservoir
ME,h2187,0.09098538274766607,scr2006,stInflow,reservoir
ME,h2188,0.09098538274766607,scr2006,stInflow,reservoir
ME,h2189,0.09098538274766607,scr2006,stInflow,reservoir
ME,h2190,0.09098538274766607,scr2006,stInflow,reservoir
ME,h2191,0.09098538274766607,scr2006,stInflow,reservoir
ME,h2192,0.09098538274766607,scr2006,stInflow,reservoir
ME,h2193,0.09098538274766607,scr2006,stInflow,reservoir
ME,h2194,0.09098538274766607,scr2006,stInflow,reservoir
ME,h2195,0.09098538274766607,scr2006,stInflow,reservoir
ME,h2196,0.09098538274766607,scr2006,stInflow,reservoir
ME,h2197,0.09098538274766607,scr2006,stInflow,reservoir
ME,h2198,0.09098538274766607,scr2006,stInflow,reservoir
ME,h2199,0.09098538274766607,scr2006,stInflow,reservoir
ME,h2200,0.09098538274766607,scr2006,stInflow,reservoir
ME,h2201,0.09098538274766607,scr2006,stInflow,reservoir
ME,h2202,0.09098538274766607,scr2006,stInflow,reservoir
ME,h2203,0.09098538274766607,scr2006,stInflow,reservoir
ME,h2204,0.09098538274766607,scr2006,stInflow,reservoir
ME,h2205,0.09098538274766607,scr2006,stInflow,reservoir
ME,h2206,0.09098538274766607,scr2006,stInflow,reservoir
ME,h2207,0.09098538274766607,scr2006,stInflow,reservoir
ME,h2208,0.09098538274766607,scr2006,stInflow,reservoir
ME,h2209,0.09881732516022608,scr2006,stInflow,reservoir
ME,h2210,0.10664932971061489,scr2006,stInflow,reservoir
ME,h2211,0.11448139182760225,scr2006,stInflow,reservoir
ME,h2212,0.11448139182760225,scr2006,stInflow,reservoir
ME,h2213,0.11448139182760225,scr2006,stInflow,reservoir
ME,h2214,0.11448139182760225,scr2006,stInflow,reservoir
ME,h2215,0.11448139182760225,scr2006,stInflow,reservoir
ME,h2216,0.11448139182760225,scr2006,stInflow,reservoir
ME,h2217,0.11448139182760225,scr2006,stInflow,reservoir
ME,h2218,0.11448139182760225,scr2006,stInflow,reservoir
ME,h2219,0.11448139182760225,scr2006,stInflow,reservoir
ME,h2220,0.11448139182760225,scr2006,stInflow,reservoir
ME,h2221,0.11448139182760225,scr2006,stInflow,reservoir
ME,h2222,0.11448139182760225,scr2006,stInflow,reservoir
ME,h2223,0.11448139182760225,scr2006,stInflow,reservoir
ME,h2224,0.11448139182760225,scr2006,stInflow,reservoir
ME,h2225,0.11448139182760225,scr2006,stInflow,reservoir
ME,h2226,0.11448139182760225,scr2006,stInflow,reservoir
ME,h2227,0.11448139182760225,scr2006,stInflow,reservoir
ME,h2228,0.11448139182760225,scr2006,stInflow,reservoir
ME,h2229,0.11448139182760225,scr2006,stInflow,reservoir
ME,h2230,0.11448139182760225,scr2006,stInflow,reservoir
ME,h2231,0.11448139182760225,scr2006,stInflow,reservoir
ME,h2232,0.11448139182760225,scr2006,stInflow,reservoir
ME,h2233,0.11448139182760225,scr2006,stInflow,reservoir
ME,h2234,0.11448139182760225,scr2006,stInflow,reservoir
ME,h2235,0.11448139182760225,scr2006,stInflow,reservoir
ME,h2236,0.11448139182760225,scr2006,stInflow,reservoir
ME,h2237,0.11448139182760225,scr2006,stInflow,reservoir
ME,h2238,0.11448139182760225,scr2006,stInflow,reservoir
ME,h2239,0.11448139182760225,scr2006,stInflow,reservoir
ME,h2240,0.11448139182760225,scr2006,stInflow,reservoir
ME,h2241,0.11448139182760225,scr2006,stInflow,reservoir
ME,h2242,0.11448139182760225,scr2006,stInflow,reservoir
ME,h2243,0.11448139182760225,scr2006,stInflow,reservoir
ME,h2244,0.11448139182760225,scr2006,stInflow,reservoir
ME,h2245,0.11448139182760225,scr2006,stInflow,reservoir
ME,h2246,0.11448139182760225,scr2006,stInflow,reservoir
ME,h2247,0.11448139182760225,scr2006,stInflow,reservoir
ME,h2248,0.11448139182760225,scr2006,stInflow,reservoir
ME,h2249,0.11448139182760225,scr2006,stInflow,reservoir
ME,h2250,0.11448139182760225,scr2006,stInflow,reservoir
ME,h2251,0.11448139182760225,scr2006,stInflow,reservoir
ME,h2252,0.11448139182760225,scr2006,stInflow,reservoir
ME,h2253,0.11448139182760225,scr2006,stInflow,reservoir
ME,h2254,0.11448139182760225,scr2006,stInflow,reservoir
ME,h2255,0.11448139182760225,scr2006,stInflow,reservoir
ME,h2256,0.11448139182760225,scr2006,stInflow,reservoir
ME,h2257,0.11448139182760225,scr2006,stInflow,reservoir
ME,h2258,0.11448139182760225,scr2006,stInflow,reservoir
ME,h2259,0.11448139182760225,scr2006,stInflow,reservoir
ME,h2260,0.11448139182760225,scr2006,stInflow,reservoir
ME,h2261,0.11448139182760225,scr2006,stInflow,reservoir
ME,h2262,0.11448139182760225,scr2006,stInflow,reservoir
ME,h2263,0.11448139182760225,scr2006,stInflow,reservoir
ME,h2264,0.11448139182760225,scr2006,stInflow,reservoir
ME,h2265,0.11448139182760225,scr2006,stInflow,reservoir
ME,h2266,0.11448139182760225,scr2006,stInflow,reservoir
ME,h2267,0.11448139182760225,scr2006,stInflow,reservoir
ME,h2268,0.11448139182760225,scr2006,stInflow,reservoir
ME,h2269,0.11448139182760225,scr2006,stInflow,reservoir
ME,h2270,0.11448139182760225,scr2006,stInflow,reservoir
ME,h2271,0.11448139182760225,scr2006,stInflow,reservoir
ME,h2272,0.11448139182760225,scr2006,stInflow,reservoir
ME,h2273,0.11448139182760225,scr2006,stInflow,reservoir
ME,h2274,0.11448139182760225,scr2006,stInflow,reservoir
ME,h2275,0.11448139182760225,scr2006,stInflow,reservoir
ME,h2276,0.11448139182760225,scr2006,stInflow,reservoir
ME,h2277,0.11448139182760225,scr2006,stInflow,reservoir
ME,h2278,0.11448139182760225,scr2006,stInflow,reservoir
ME,h2279,0.11448139182760225,scr2006,stInflow,reservoir
ME,h2280,0.11448139182760225,scr2006,stInflow,reservoir
ME,h2281,0.11448139182760225,scr2006,stInflow,reservoir
ME,h2282,0.11448139182760225,scr2006,stInflow,reservoir
ME,h2283,0.11448139182760225,scr2006,stInflow,reservoir
ME,h2284,0.11448139182760225,scr2006,stInflow,reservoir
ME,h2285,0.11448139182760225,scr2006,stInflow,reservoir
ME,h2286,0.11448139182760225,scr2006,stInflow,reservoir
ME,h2287,0.11448139182760225,scr2006,stInflow,reservoir
ME,h2288,0.11448139182760225,scr2006,stInflow,reservoir
ME,h2289,0.11448139182760225,scr2006,stInflow,reservoir
ME,h2290,0.11448139182760225,scr2006,stInflow,reservoir
ME,h2291,0.11448139182760225,scr2006,stInflow,reservoir
ME,h2292,0.11448139182760225,scr2006,stInflow,reservoir
ME,h2293,0.11448139182760225,scr2006,stInflow,reservoir
ME,h2294,0.11448139182760225,scr2006,stInflow,reservoir
ME,h2295,0.11448139182760225,scr2006,stInflow,reservoir
ME,h2296,0.11448139182760225,scr2006,stInflow,reservoir
ME,h2297,0.11448139182760225,scr2006,stInflow,reservoir
ME,h2298,0.11448139182760225,scr2006,stInflow,reservoir
ME,h2299,0.11448139182760225,scr2006,stInflow,reservoir
ME,h2300,0.11448139182760225,scr2006,stInflow,reservoir
ME,h2301,0.11448139182760225,scr2006,stInflow,reservoir
ME,h2302,0.11448139182760225,scr2006,stInflow,reservoir
ME,h2303,0.11448139182760225,scr2006,stInflow,reservoir
ME,h2304,0.11448139182760225,scr2006,stInflow,reservoir
ME,h2305,0.11448139182760225,scr2006,stInflow,reservoir
ME,h2306,0.11448139182760225,scr2006,stInflow,reservoir
ME,h2307,0.11448139182760225,scr2006,stInflow,reservoir
ME,h2308,0.11448139182760225,scr2006,stInflow,reservoir
ME,h2309,0.11448139182760225,scr2006,stInflow,reservoir
ME,h2310,0.11448139182760225,scr2006,stInflow,reservoir
ME,h2311,0.11448139182760225,scr2006,stInflow,reservoir
ME,h2312,0.11448139182760225,scr2006,stInflow,reservoir
ME,h2313,0.11448139182760225,scr2006,stInflow,reservoir
ME,h2314,0.11448139182760225,scr2006,stInflow,reservoir
ME,h2315,0.11448139182760225,scr2006,stInflow,reservoir
ME,h2316,0.11448139182760225,scr2006,stInflow,reservoir
ME,h2317,0.11448139182760225,scr2006,stInflow,reservoir
ME,h2318,0.11448139182760225,scr2006,stInflow,reservoir
ME,h2319,0.11448139182760225,scr2006,stInflow,reservoir
ME,h2320,0.11448139182760225,scr2006,stInflow,reservoir
ME,h2321,0.11448139182760225,scr2006,stInflow,reservoir
ME,h2322,0.11448139182760225,scr2006,stInflow,reservoir
ME,h2323,0.11448139182760225,scr2006,stInflow,reservoir
ME,h2324,0.11448139182760225,scr2006,stInflow,reservoir
ME,h2325,0.11448139182760225,scr2006,stInflow,reservoir
ME,h2326,0.11448139182760225,scr2006,stInflow,reservoir
ME,h2327,0.11448139182760225,scr2006,stInflow,reservoir
ME,h2328,0.11448139182760225,scr2006,stInflow,reservoir
ME,h2329,0.11448139182760225,scr2006,stInflow,reservoir
ME,h2330,0.11448139182760225,scr2006,stInflow,reservoir
ME,h2331,0.11448139182760225,scr2006,stInflow,reservoir
ME,h2332,0.11448139182760225,scr2006,stInflow,reservoir
ME,h2333,0.11448139182760225,scr2006,stInflow,reservoir
ME,h2334,0.11448139182760225,scr2006,stInflow,reservoir
ME,h2335,0.11448139182760225,scr2006,stInflow,reservoir
ME,h2336,0.11448139182760225,scr2006,stInflow,reservoir
ME,h2337,0.11448139182760225,scr2006,stInflow,reservoir
ME,h2338,0.11448139182760225,scr2006,stInflow,reservoir
ME,h2339,0.11448139182760225,scr2006,stInflow,reservoir
ME,h2340,0.11448139182760225,scr2006,stInflow,reservoir
ME,h2341,0.11448139182760225,scr2006,stInflow,reservoir
ME,h2342,0.11448139182760225,scr2006,stInflow,reservoir
ME,h2343,0.11448139182760225,scr2006,stInflow,reservoir
ME,h2344,0.11448139182760225,scr2006,stInflow,reservoir
ME,h2345,0.11448139182760225,scr2006,stInflow,reservoir
ME,h2346,0.11448139182760225,scr2006,stInflow,reservoir
ME,h2347,0.11448139182760225,scr2006,stInflow,reservoir
ME,h2348,0.11448139182760225,scr2006,stInflow,reservoir
ME,h2349,0.11448139182760225,scr2006,stInflow,reservoir
ME,h2350,0.11448139182760225,scr2006,stInflow,reservoir
ME,h2351,0.11448139182760225,scr2006,stInflow,reservoir
ME,h2352,0.11448139182760225,scr2006,stInflow,reservoir
ME,h2353,0.11448139182760225,scr2006,stInflow,reservoir
ME,h2354,0.11448139182760225,scr2006,stInflow,reservoir
ME,h2355,0.11448139182760225,scr2006,stInflow,reservoir
ME,h2356,0.11448139182760225,scr2006,stInflow,reservoir
ME,h2357,0.11448139182760225,scr2006,stInflow,reservoir
ME,h2358,0.11448139182760225,scr2006,stInflow,reservoir
ME,h2359,0.11448139182760225,scr2006,stInflow,reservoir
ME,h2360,0.11448139182760225,scr2006,stInflow,reservoir
ME,h2361,0.11448139182760225,scr2006,stInflow,reservoir
ME,h2362,0.11448139182760225,scr2006,stInflow,reservoir
ME,h2363,0.11448139182760225,scr2006,stInflow,reservoir
ME,h2364,0.11448139182760225,scr2006,stInflow,reservoir
ME,h2365,0.11448139182760225,scr2006,stInflow,reservoir
ME,h2366,0.11448139182760225,scr2006,stInflow,reservoir
ME,h2367,0.11448139182760225,scr2006,stInflow,reservoir
ME,h2368,0.11448139182760225,scr2006,stInflow,reservoir
ME,h2369,0.11448139182760225,scr2006,stInflow,reservoir
ME,h2370,0.11448139182760225,scr2006,stInflow,reservoir
ME,h2371,0.11448139182760225,scr2006,stInflow,reservoir
ME,h2372,0.11448139182760225,scr2006,stInflow,reservoir
ME,h2373,0.11448139182760225,scr2006,stInflow,reservoir
ME,h2374,0.11448139182760225,scr2006,stInflow,reservoir
ME,h2375,0.11448139182760225,scr2006,stInflow,reservoir
ME,h2376,0.11448139182760225,scr2006,stInflow,reservoir
ME,h2377,0.1187369317399686,scr2006,stInflow,reservoir
ME,h2378,0.1229924869070267,scr2006,stInflow,reservoir
ME,h2379,0.12724805680081785,scr2006,stInflow,reservoir
ME,h2380,0.12724805680081785,scr2006,stInflow,reservoir
ME,h2381,0.12724805680081785,scr2006,stInflow,reservoir
ME,h2382,0.12724805680081785,scr2006,stInflow,reservoir
ME,h2383,0.12724805680081785,scr2006,stInflow,reservoir
ME,h2384,0.12724805680081785,scr2006,stInflow,reservoir
ME,h2385,0.12724805680081785,scr2006,stInflow,reservoir
ME,h2386,0.12724805680081785,scr2006,stInflow,reservoir
ME,h2387,0.12724805680081785,scr2006,stInflow,reservoir
ME,h2388,0.12724805680081785,scr2006,stInflow,reservoir
ME,h2389,0.12724805680081785,scr2006,stInflow,reservoir
ME,h2390,0.12724805680081785,scr2006,stInflow,reservoir
ME,h2391,0.12724805680081785,scr2006,stInflow,reservoir
ME,h2392,0.12724805680081785,scr2006,stInflow,reservoir
ME,h2393,0.12724805680081785,scr2006,stInflow,reservoir
ME,h2394,0.12724805680081785,scr2006,stInflow,reservoir
ME,h2395,0.12724805680081785,scr2006,stInflow,reservoir
ME,h2396,0.12724805680081785,scr2006,stInflow,reservoir
ME,h2397,0.12724805680081785,scr2006,stInflow,reservoir
ME,h2398,0.12724805680081785,scr2006,stInflow,reservoir
ME,h2399,0.12724805680081785,scr2006,stInflow,reservoir
ME,h2400,0.12724805680081785,scr2006,stInflow,reservoir
ME,h2401,0.12724805680081785,scr2006,stInflow,reservoir
ME,h2402,0.12724805680081785,scr2006,stInflow,reservoir
ME,h2403,0.12724805680081785,scr2006,stInflow,reservoir
ME,h2404,0.12724805680081785,scr2006,stInflow,reservoir
ME,h2405,0.12724805680081785,scr2006,stInflow,reservoir
ME,h2406,0.12724805680081785,scr2006,stInflow,reservoir
ME,h2407,0.12724805680081785,scr2006,stInflow,reservoir
ME,h2408,0.12724805680081785,scr2006,stInflow,reservoir
ME,h2409,0.12724805680081785,scr2006,stInflow,reservoir
ME,h2410,0.12724805680081785,scr2006,stInflow,reservoir
ME,h2411,0.12724805680081785,scr2006,stInflow,reservoir
ME,h2412,0.12724805680081785,scr2006,stInflow,reservoir
ME,h2413,0.12724805680081785,scr2006,stInflow,reservoir
ME,h2414,0.12724805680081785,scr2006,stInflow,reservoir
ME,h2415,0.12724805680081785,scr2006,stInflow,reservoir
ME,h2416,0.12724805680081785,scr2006,stInflow,reservoir
ME,h2417,0.12724805680081785,scr2006,stInflow,reservoir
ME,h2418,0.12724805680081785,scr2006,stInflow,reservoir
ME,h2419,0.12724805680081785,scr2006,stInflow,reservoir
ME,h2420,0.12724805680081785,scr2006,stInflow,reservoir
ME,h2421,0.12724805680081785,scr2006,stInflow,reservoir
ME,h2422,0.12724805680081785,scr2006,stInflow,reservoir
ME,h2423,0.12724805680081785,scr2006,stInflow,reservoir
ME,h2424,0.12724805680081785,scr2006,stInflow,reservoir
ME,h2425,0.12724805680081785,scr2006,stInflow,reservoir
ME,h2426,0.12724805680081785,scr2006,stInflow,reservoir
ME,h2427,0.12724805680081785,scr2006,stInflow,reservoir
ME,h2428,0.12724805680081785,scr2006,stInflow,reservoir
ME,h2429,0.12724805680081785,scr2006,stInflow,reservoir
ME,h2430,0.12724805680081785,scr2006,stInflow,reservoir
ME,h2431,0.12724805680081785,scr2006,stInflow,reservoir
ME,h2432,0.12724805680081785,scr2006,stInflow,reservoir
ME,h2433,0.12724805680081785,scr2006,stInflow,reservoir
ME,h2434,0.12724805680081785,scr2006,stInflow,reservoir
ME,h2435,0.12724805680081785,scr2006,stInflow,reservoir
ME,h2436,0.12724805680081785,scr2006,stInflow,reservoir
ME,h2437,0.12724805680081785,scr2006,stInflow,reservoir
ME,h2438,0.12724805680081785,scr2006,stInflow,reservoir
ME,h2439,0.12724805680081785,scr2006,stInflow,reservoir
ME,h2440,0.12724805680081785,scr2006,stInflow,reservoir
ME,h2441,0.12724805680081785,scr2006,stInflow,reservoir
ME,h2442,0.12724805680081785,scr2006,stInflow,reservoir
ME,h2443,0.12724805680081785,scr2006,stInflow,reservoir
ME,h2444,0.12724805680081785,scr2006,stInflow,reservoir
ME,h2445,0.12724805680081785,scr2006,stInflow,reservoir
ME,h2446,0.12724805680081785,scr2006,stInflow,reservoir
ME,h2447,0.12724805680081785,scr2006,stInflow,reservoir
ME,h2448,0.12724805680081785,scr2006,stInflow,reservoir
ME,h2449,0.12724805680081785,scr2006,stInflow,reservoir
ME,h2450,0.12724805680081785,scr2006,stInflow,reservoir
ME,h2451,0.12724805680081785,scr2006,stInflow,reservoir
ME,h2452,0.12724805680081785,scr2006,stInflow,reservoir
ME,h2453,0.12724805680081785,scr2006,stInflow,reservoir
ME,h2454,0.12724805680081785,scr2006,stInflow,reservoir
ME,h2455,0.12724805680081785,scr2006,stInflow,reservoir
ME,h2456,0.12724805680081785,scr2006,stInflow,reservoir
ME,h2457,0.12724805680081785,scr2006,stInflow,reservoir
ME,h2458,0.12724805680081785,scr2006,stInflow,reservoir
ME,h2459,0.12724805680081785,scr2006,stInflow,reservoir
ME,h2460,0.12724805680081785,scr2006,stInflow,reservoir
ME,h2461,0.12724805680081785,scr2006,stInflow,reservoir
ME,h2462,0.12724805680081785,scr2006,stInflow,reservoir
ME,h2463,0.12724805680081785,scr2006,stInflow,reservoir
ME,h2464,0.12724805680081785,scr2006,stInflow,reservoir
ME,h2465,0.12724805680081785,scr2006,stInflow,reservoir
ME,h2466,0.12724805680081785,scr2006,stInflow,reservoir
ME,h2467,0.12724805680081785,scr2006,stInflow,reservoir
ME,h2468,0.12724805680081785,scr2006,stInflow,reservoir
ME,h2469,0.12724805680081785,scr2006,stInflow,reservoir
ME,h2470,0.12724805680081785,scr2006,stInflow,reservoir
ME,h2471,0.12724805680081785,scr2006,stInflow,reservoir
ME,h2472,0.12724805680081785,scr2006,stInflow,reservoir
ME,h2473,0.12724805680081785,scr2006,stInflow,reservoir
ME,h2474,0.12724805680081785,scr2006,stInflow,reservoir
ME,h2475,0.12724805680081785,scr2006,stInflow,reservoir
ME,h2476,0.12724805680081785,scr2006,stInflow,reservoir
ME,h2477,0.12724805680081785,scr2006,stInflow,reservoir
ME,h2478,0.12724805680081785,scr2006,stInflow,reservoir
ME,h2479,0.12724805680081785,scr2006,stInflow,reservoir
ME,h2480,0.12724805680081785,scr2006,stInflow,reservoir
ME,h2481,0.12724805680081785,scr2006,stInflow,reservoir
ME,h2482,0.12724805680081785,scr2006,stInflow,reservoir
ME,h2483,0.12724805680081785,scr2006,stInflow,reservoir
ME,h2484,0.12724805680081785,scr2006,stInflow,reservoir
ME,h2485,0.12724805680081785,scr2006,stInflow,reservoir
ME,h2486,0.12724805680081785,scr2006,stInflow,reservoir
ME,h2487,0.12724805680081785,scr2006,stInflow,reservoir
ME,h2488,0.12724805680081785,scr2006,stInflow,reservoir
ME,h2489,0.12724805680081785,scr2006,stInflow,reservoir
ME,h2490,0.12724805680081785,scr2006,stInflow,reservoir
ME,h2491,0.12724805680081785,scr2006,stInflow,reservoir
ME,h2492,0.12724805680081785,scr2006,stInflow,reservoir
ME,h2493,0.12724805680081785,scr2006,stInflow,reservoir
ME,h2494,0.12724805680081785,scr2006,stInflow,reservoir
ME,h2495,0.12724805680081785,scr2006,stInflow,reservoir
ME,h2496,0.12724805680081785,scr2006,stInflow,reservoir
ME,h2497,0.12724805680081785,scr2006,stInflow,reservoir
ME,h2498,0.12724805680081785,scr2006,stInflow,reservoir
ME,h2499,0.12724805680081785,scr2006,stInflow,reservoir
ME,h2500,0.12724805680081785,scr2006,stInflow,reservoir
ME,h2501,0.12724805680081785,scr2006,stInflow,reservoir
ME,h2502,0.12724805680081785,scr2006,stInflow,reservoir
ME,h2503,0.12724805680081785,scr2006,stInflow,reservoir
ME,h2504,0.12724805680081785,scr2006,stInflow,reservoir
ME,h2505,0.12724805680081785,scr2006,stInflow,reservoir
ME,h2506,0.12724805680081785,scr2006,stInflow,reservoir
ME,h2507,0.12724805680081785,scr2006,stInflow,reservoir
ME,h2508,0.12724805680081785,scr2006,stInflow,reservoir
ME,h2509,0.12724805680081785,scr2006,stInflow,reservoir
ME,h2510,0.12724805680081785,scr2006,stInflow,reservoir
ME,h2511,0.12724805680081785,scr2006,stInflow,reservoir
ME,h2512,0.12724805680081785,scr2006,stInflow,reservoir
ME,h2513,0.12724805680081785,scr2006,stInflow,reservoir
ME,h2514,0.12724805680081785,scr2006,stInflow,reservoir
ME,h2515,0.12724805680081785,scr2006,stInflow,reservoir
ME,h2516,0.12724805680081785,scr2006,stInflow,reservoir
ME,h2517,0.12724805680081785,scr2006,stInflow,reservoir
ME,h2518,0.12724805680081785,scr2006,stInflow,reservoir
ME,h2519,0.12724805680081785,scr2006,stInflow,reservoir
ME,h2520,0.12724805680081785,scr2006,stInflow,reservoir
ME,h2521,0.12724805680081785,scr2006,stInflow,reservoir
ME,h2522,0.12724805680081785,scr2006,stInflow,reservoir
ME,h2523,0.12724805680081785,scr2006,stInflow,reservoir
ME,h2524,0.12724805680081785,scr2006,stInflow,reservoir
ME,h2525,0.12724805680081785,scr2006,stInflow,reservoir
ME,h2526,0.12724805680081785,scr2006,stInflow,reservoir
ME,h2527,0.12724805680081785,scr2006,stInflow,reservoir
ME,h2528,0.12724805680081785,scr2006,stInflow,reservoir
ME,h2529,0.12724805680081785,scr2006,stInflow,reservoir
ME,h2530,0.12724805680081785,scr2006,stInflow,reservoir
ME,h2531,0.12724805680081785,scr2006,stInflow,reservoir
ME,h2532,0.12724805680081785,scr2006,stInflow,reservoir
ME,h2533,0.12724805680081785,scr2006,stInflow,reservoir
ME,h2534,0.12724805680081785,scr2006,stInflow,reservoir
ME,h2535,0.12724805680081785,scr2006,stInflow,reservoir
ME,h2536,0.12724805680081785,scr2006,stInflow,reservoir
ME,h2537,0.12724805680081785,scr2006,stInflow,reservoir
ME,h2538,0.12724805680081785,scr2006,stInflow,reservoir
ME,h2539,0.12724805680081785,scr2006,stInflow,reservoir
ME,h2540,0.12724805680081785,scr2006,stInflow,reservoir
ME,h2541,0.12724805680081785,scr2006,stInflow,reservoir
ME,h2542,0.12724805680081785,scr2006,stInflow,reservoir
ME,h2543,0.12724805680081785,scr2006,stInflow,reservoir
ME,h2544,0.12724805680081785,scr2006,stInflow,reservoir
ME,h2545,0.13139018722641074,scr2006,stInflow,reservoir
ME,h2546,0.1355323307119237,scr2006,stInflow,reservoir
ME,h2547,0.1396744868581481,scr2006,stInflow,reservoir
ME,h2548,0.1396744868581481,scr2006,stInflow,reservoir
ME,h2549,0.1396744868581481,scr2006,stInflow,reservoir
ME,h2550,0.1396744868581481,scr2006,stInflow,reservoir
ME,h2551,0.1396744868581481,scr2006,stInflow,reservoir
ME,h2552,0.1396744868581481,scr2006,stInflow,reservoir
ME,h2553,0.1396744868581481,scr2006,stInflow,reservoir
ME,h2554,0.1396744868581481,scr2006,stInflow,reservoir
ME,h2555,0.1396744868581481,scr2006,stInflow,reservoir
ME,h2556,0.1396744868581481,scr2006,stInflow,reservoir
ME,h2557,0.1396744868581481,scr2006,stInflow,reservoir
ME,h2558,0.1396744868581481,scr2006,stInflow,reservoir
ME,h2559,0.1396744868581481,scr2006,stInflow,reservoir
ME,h2560,0.1396744868581481,scr2006,stInflow,reservoir
ME,h2561,0.1396744868581481,scr2006,stInflow,reservoir
ME,h2562,0.1396744868581481,scr2006,stInflow,reservoir
ME,h2563,0.1396744868581481,scr2006,stInflow,reservoir
ME,h2564,0.1396744868581481,scr2006,stInflow,reservoir
ME,h2565,0.1396744868581481,scr2006,stInflow,reservoir
ME,h2566,0.1396744868581481,scr2006,stInflow,reservoir
ME,h2567,0.1396744868581481,scr2006,stInflow,reservoir
ME,h2568,0.1396744868581481,scr2006,stInflow,reservoir
ME,h2569,0.1396744868581481,scr2006,stInflow,reservoir
ME,h2570,0.1396744868581481,scr2006,stInflow,reservoir
ME,h2571,0.1396744868581481,scr2006,stInflow,reservoir
ME,h2572,0.1396744868581481,scr2006,stInflow,reservoir
ME,h2573,0.1396744868581481,scr2006,stInflow,reservoir
ME,h2574,0.1396744868581481,scr2006,stInflow,reservoir
ME,h2575,0.1396744868581481,scr2006,stInflow,reservoir
ME,h2576,0.1396744868581481,scr2006,stInflow,reservoir
ME,h2577,0.1396744868581481,scr2006,stInflow,reservoir
ME,h2578,0.1396744868581481,scr2006,stInflow,reservoir
ME,h2579,0.1396744868581481,scr2006,stInflow,reservoir
ME,h2580,0.1396744868581481,scr2006,stInflow,reservoir
ME,h2581,0.1396744868581481,scr2006,stInflow,reservoir
ME,h2582,0.1396744868581481,scr2006,stInflow,reservoir
ME,h2583,0.1396744868581481,scr2006,stInflow,reservoir
ME,h2584,0.1396744868581481,scr2006,stInflow,reservoir
ME,h2585,0.1396744868581481,scr2006,stInflow,reservoir
ME,h2586,0.1396744868581481,scr2006,stInflow,reservoir
ME,h2587,0.1396744868581481,scr2006,stInflow,reservoir
ME,h2588,0.1396744868581481,scr2006,stInflow,reservoir
ME,h2589,0.1396744868581481,scr2006,stInflow,reservoir
ME,h2590,0.1396744868581481,scr2006,stInflow,reservoir
ME,h2591,0.1396744868581481,scr2006,stInflow,reservoir
ME,h2592,0.1396744868581481,scr2006,stInflow,reservoir
ME,h2593,0.1396744868581481,scr2006,stInflow,reservoir
ME,h2594,0.1396744868581481,scr2006,stInflow,reservoir
ME,h2595,0.1396744868581481,scr2006,stInflow,reservoir
ME,h2596,0.1396744868581481,scr2006,stInflow,reservoir
ME,h2597,0.1396744868581481,scr2006,stInflow,reservoir
ME,h2598,0.1396744868581481,scr2006,stInflow,reservoir
ME,h2599,0.1396744868581481,scr2006,stInflow,reservoir
ME,h2600,0.1396744868581481,scr2006,stInflow,reservoir
ME,h2601,0.1396744868581481,scr2006,stInflow,reservoir
ME,h2602,0.1396744868581481,scr2006,stInflow,reservoir
ME,h2603,0.1396744868581481,scr2006,stInflow,reservoir
ME,h2604,0.1396744868581481,scr2006,stInflow,reservoir
ME,h2605,0.1396744868581481,scr2006,stInflow,reservoir
ME,h2606,0.1396744868581481,scr2006,stInflow,reservoir
ME,h2607,0.1396744868581481,scr2006,stInflow,reservoir
ME,h2608,0.1396744868581481,scr2006,stInflow,reservoir
ME,h2609,0.1396744868581481,scr2006,stInflow,reservoir
ME,h2610,0.1396744868581481,scr2006,stInflow,reservoir
ME,h2611,0.1396744868581481,scr2006,stInflow,reservoir
ME,h2612,0.1396744868581481,scr2006,stInflow,reservoir
ME,h2613,0.1396744868581481,scr2006,stInflow,reservoir
ME,h2614,0.1396744868581481,scr2006,stInflow,reservoir
ME,h2615,0.1396744868581481,scr2006,stInflow,reservoir
ME,h2616,0.1396744868581481,scr2006,stInflow,reservoir
ME,h2617,0.1396744868581481,scr2006,stInflow,reservoir
ME,h2618,0.1396744868581481,scr2006,stInflow,reservoir
ME,h2619,0.1396744868581481,scr2006,stInflow,reservoir
ME,h2620,0.1396744868581481,scr2006,stInflow,reservoir
ME,h2621,0.1396744868581481,scr2006,stInflow,reservoir
ME,h2622,0.1396744868581481,scr2006,stInflow,reservoir
ME,h2623,0.1396744868581481,scr2006,stInflow,reservoir
ME,h2624,0.1396744868581481,scr2006,stInflow,reservoir
ME,h2625,0.1396744868581481,scr2006,stInflow,reservoir
ME,h2626,0.1396744868581481,scr2006,stInflow,reservoir
ME,h2627,0.1396744868581481,scr2006,stInflow,reservoir
ME,h2628,0.1396744868581481,scr2006,stInflow,reservoir
ME,h2629,0.1396744868581481,scr2006,stInflow,reservoir
ME,h2630,0.1396744868581481,scr2006,stInflow,reservoir
ME,h2631,0.1396744868581481,scr2006,stInflow,reservoir
ME,h2632,0.1396744868581481,scr2006,stInflow,reservoir
ME,h2633,0.1396744868581481,scr2006,stInflow,reservoir
ME,h2634,0.1396744868581481,scr2006,stInflow,reservoir
ME,h2635,0.1396744868581481,scr2006,stInflow,reservoir
ME,h2636,0.1396744868581481,scr2006,stInflow,reservoir
ME,h2637,0.1396744868581481,scr2006,stInflow,reservoir
ME,h2638,0.1396744868581481,scr2006,stInflow,reservoir
ME,h2639,0.1396744868581481,scr2006,stInflow,reservoir
ME,h2640,0.1396744868581481,scr2006,stInflow,reservoir
ME,h2641,0.1396744868581481,scr2006,stInflow,reservoir
ME,h2642,0.1396744868581481,scr2006,stInflow,reservoir
ME,h2643,0.1396744868581481,scr2006,stInflow,reservoir
ME,h2644,0.1396744868581481,scr2006,stInflow,reservoir
ME,h2645,0.1396744868581481,scr2006,stInflow,reservoir
ME,h2646,0.1396744868581481,scr2006,stInflow,reservoir
ME,h2647,0.1396744868581481,scr2006,stInflow,reservoir
ME,h2648,0.1396744868581481,scr2006,stInflow,reservoir
ME,h2649,0.1396744868581481,scr2006,stInflow,reservoir
ME,h2650,0.1396744868581481,scr2006,stInflow,reservoir
ME,h2651,0.1396744868581481,scr2006,stInflow,reservoir
ME,h2652,0.1396744868581481,scr2006,stInflow,reservoir
ME,h2653,0.1396744868581481,scr2006,stInflow,reservoir
ME,h2654,0.1396744868581481,scr2006,stInflow,reservoir
ME,h2655,0.1396744868581481,scr2006,stInflow,reservoir
ME,h2656,0.1396744868581481,scr2006,stInflow,reservoir
ME,h2657,0.1396744868581481,scr2006,stInflow,reservoir
ME,h2658,0.1396744868581481,scr2006,stInflow,reservoir
ME,h2659,0.1396744868581481,scr2006,stInflow,reservoir
ME,h2660,0.1396744868581481,scr2006,stInflow,reservoir
ME,h2661,0.1396744868581481,scr2006,stInflow,reservoir
ME,h2662,0.1396744868581481,scr2006,stInflow,reservoir
ME,h2663,0.1396744868581481,scr2006,stInflow,reservoir
ME,h2664,0.1396744868581481,scr2006,stInflow,reservoir
ME,h2665,0.1396744868581481,scr2006,stInflow,reservoir
ME,h2666,0.1396744868581481,scr2006,stInflow,reservoir
ME,h2667,0.1396744868581481,scr2006,stInflow,reservoir
ME,h2668,0.1396744868581481,scr2006,stInflow,reservoir
ME,h2669,0.1396744868581481,scr2006,stInflow,reservoir
ME,h2670,0.1396744868581481,scr2006,stInflow,reservoir
ME,h2671,0.1396744868581481,scr2006,stInflow,reservoir
ME,h2672,0.1396744868581481,scr2006,stInflow,reservoir
ME,h2673,0.1396744868581481,scr2006,stInflow,reservoir
ME,h2674,0.1396744868581481,scr2006,stInflow,reservoir
ME,h2675,0.1396744868581481,scr2006,stInflow,reservoir
ME,h2676,0.1396744868581481,scr2006,stInflow,reservoir
ME,h2677,0.1396744868581481,scr2006,stInflow,reservoir
ME,h2678,0.1396744868581481,scr2006,stInflow,reservoir
ME,h2679,0.1396744868581481,scr2006,stInflow,reservoir
ME,h2680,0.1396744868581481,scr2006,stInflow,reservoir
ME,h2681,0.1396744868581481,scr2006,stInflow,reservoir
ME,h2682,0.1396744868581481,scr2006,stInflow,reservoir
ME,h2683,0.1396744868581481,scr2006,stInflow,reservoir
ME,h2684,0.1396744868581481,scr2006,stInflow,reservoir
ME,h2685,0.1396744868581481,scr2006,stInflow,reservoir
ME,h2686,0.1396744868581481,scr2006,stInflow,reservoir
ME,h2687,0.1396744868581481,scr2006,stInflow,reservoir
ME,h2688,0.1396744868581481,scr2006,stInflow,reservoir
ME,h2689,0.1396744868581481,scr2006,stInflow,reservoir
ME,h2690,0.1396744868581481,scr2006,stInflow,reservoir
ME,h2691,0.1396744868581481,scr2006,stInflow,reservoir
ME,h2692,0.1396744868581481,scr2006,stInflow,reservoir
ME,h2693,0.1396744868581481,scr2006,stInflow,reservoir
ME,h2694,0.1396744868581481,scr2006,stInflow,reservoir
ME,h2695,0.1396744868581481,scr2006,stInflow,reservoir
ME,h2696,0.1396744868581481,scr2006,stInflow,reservoir
ME,h2697,0.1396744868581481,scr2006,stInflow,reservoir
ME,h2698,0.1396744868581481,scr2006,stInflow,reservoir
ME,h2699,0.1396744868581481,scr2006,stInflow,reservoir
ME,h2700,0.1396744868581481,scr2006,stInflow,reservoir
ME,h2701,0.1396744868581481,scr2006,stInflow,reservoir
ME,h2702,0.1396744868581481,scr2006,stInflow,reservoir
ME,h2703,0.1396744868581481,scr2006,stInflow,reservoir
ME,h2704,0.1396744868581481,scr2006,stInflow,reservoir
ME,h2705,0.1396744868581481,scr2006,stInflow,reservoir
ME,h2706,0.1396744868581481,scr2006,stInflow,reservoir
ME,h2707,0.1396744868581481,scr2006,stInflow,reservoir
ME,h2708,0.1396744868581481,scr2006,stInflow,reservoir
ME,h2709,0.1396744868581481,scr2006,stInflow,reservoir
ME,h2710,0.1396744868581481,scr2006,stInflow,reservoir
ME,h2711,0.1396744868581481,scr2006,stInflow,reservoir
ME,h2712,0.1396744868581481,scr2006,stInflow,reservoir
ME,h2713,0.13784965199252894,scr2006,stInflow,reservoir
ME,h2714,0.1360248195425649,scr2006,stInflow,reservoir
ME,h2715,0.13419998954066042,scr2006,stInflow,reservoir
ME,h2716,0.13419998954066042,scr2006,stInflow,reservoir
ME,h2717,0.13419998954066042,scr2006,stInflow,reservoir
ME,h2718,0.13419998954066042,scr2006,stInflow,reservoir
ME,h2719,0.13419998954066042,scr2006,stInflow,reservoir
ME,h2720,0.13419998954066042,scr2006,stInflow,reservoir
ME,h2721,0.13419998954066042,scr2006,stInflow,reservoir
ME,h2722,0.13419998954066042,scr2006,stInflow,reservoir
ME,h2723,0.13419998954066042,scr2006,stInflow,reservoir
ME,h2724,0.13419998954066042,scr2006,stInflow,reservoir
ME,h2725,0.13419998954066042,scr2006,stInflow,reservoir
ME,h2726,0.13419998954066042,scr2006,stInflow,reservoir
ME,h2727,0.13419998954066042,scr2006,stInflow,reservoir
ME,h2728,0.13419998954066042,scr2006,stInflow,reservoir
ME,h2729,0.13419998954066042,scr2006,stInflow,reservoir
ME,h2730,0.13419998954066042,scr2006,stInflow,reservoir
ME,h2731,0.13419998954066042,scr2006,stInflow,reservoir
ME,h2732,0.13419998954066042,scr2006,stInflow,reservoir
ME,h2733,0.13419998954066042,scr2006,stInflow,reservoir
ME,h2734,0.13419998954066042,scr2006,stInflow,reservoir
ME,h2735,0.13419998954066042,scr2006,stInflow,reservoir
ME,h2736,0.13419998954066042,scr2006,stInflow,reservoir
ME,h2737,0.13419998954066042,scr2006,stInflow,reservoir
ME,h2738,0.13419998954066042,scr2006,stInflow,reservoir
ME,h2739,0.13419998954066042,scr2006,stInflow,reservoir
ME,h2740,0.13419998954066042,scr2006,stInflow,reservoir
ME,h2741,0.13419998954066042,scr2006,stInflow,reservoir
ME,h2742,0.13419998954066042,scr2006,stInflow,reservoir
ME,h2743,0.13419998954066042,scr2006,stInflow,reservoir
ME,h2744,0.13419998954066042,scr2006,stInflow,reservoir
ME,h2745,0.13419998954066042,scr2006,stInflow,reservoir
ME,h2746,0.13419998954066042,scr2006,stInflow,reservoir
ME,h2747,0.13419998954066042,scr2006,stInflow,reservoir
ME,h2748,0.13419998954066042,scr2006,stInflow,reservoir
ME,h2749,0.13419998954066042,scr2006,stInflow,reservoir
ME,h2750,0.13419998954066042,scr2006,stInflow,reservoir
ME,h2751,0.13419998954066042,scr2006,stInflow,reservoir
ME,h2752,0.13419998954066042,scr2006,stInflow,reservoir
ME,h2753,0.13419998954066042,scr2006,stInflow,reservoir
ME,h2754,0.13419998954066042,scr2006,stInflow,reservoir
ME,h2755,0.13419998954066042,scr2006,stInflow,reservoir
ME,h2756,0.13419998954066042,scr2006,stInflow,reservoir
ME,h2757,0.13419998954066042,scr2006,stInflow,reservoir
ME,h2758,0.13419998954066042,scr2006,stInflow,reservoir
ME,h2759,0.13419998954066042,scr2006,stInflow,reservoir
ME,h2760,0.13419998954066042,scr2006,stInflow,reservoir
ME,h2761,0.13419998954066042,scr2006,stInflow,reservoir
ME,h2762,0.13419998954066042,scr2006,stInflow,reservoir
ME,h2763,0.13419998954066042,scr2006,stInflow,reservoir
ME,h2764,0.13419998954066042,scr2006,stInflow,reservoir
ME,h2765,0.13419998954066042,scr2006,stInflow,reservoir
ME,h2766,0.13419998954066042,scr2006,stInflow,reservoir
ME,h2767,0.13419998954066042,scr2006,stInflow,reservoir
ME,h2768,0.13419998954066042,scr2006,stInflow,reservoir
ME,h2769,0.13419998954066042,scr2006,stInflow,reservoir
ME,h2770,0.13419998954066042,scr2006,stInflow,reservoir
ME,h2771,0.13419998954066042,scr2006,stInflow,reservoir
ME,h2772,0.13419998954066042,scr2006,stInflow,reservoir
ME,h2773,0.13419998954066042,scr2006,stInflow,reservoir
ME,h2774,0.13419998954066042,scr2006,stInflow,reservoir
ME,h2775,0.13419998954066042,scr2006,stInflow,reservoir
ME,h2776,0.13419998954066042,scr2006,stInflow,reservoir
ME,h2777,0.13419998954066042,scr2006,stInflow,reservoir
ME,h2778,0.13419998954066042,scr2006,stInflow,reservoir
ME,h2779,0.13419998954066042,scr2006,stInflow,reservoir
ME,h2780,0.13419998954066042,scr2006,stInflow,reservoir
ME,h2781,0.13419998954066042,scr2006,stInflow,reservoir
ME,h2782,0.13419998954066042,scr2006,stInflow,reservoir
ME,h2783,0.13419998954066042,scr2006,stInflow,reservoir
ME,h2784,0.13419998954066042,scr2006,stInflow,reservoir
ME,h2785,0.13419998954066042,scr2006,stInflow,reservoir
ME,h2786,0.13419998954066042,scr2006,stInflow,reservoir
ME,h2787,0.13419998954066042,scr2006,stInflow,reservoir
ME,h2788,0.13419998954066042,scr2006,stInflow,reservoir
ME,h2789,0.13419998954066042,scr2006,stInflow,reservoir
ME,h2790,0.13419998954066042,scr2006,stInflow,reservoir
ME,h2791,0.13419998954066042,scr2006,stInflow,reservoir
ME,h2792,0.13419998954066042,scr2006,stInflow,reservoir
ME,h2793,0.13419998954066042,scr2006,stInflow,reservoir
ME,h2794,0.13419998954066042,scr2006,stInflow,reservoir
ME,h2795,0.13419998954066042,scr2006,stInflow,reservoir
ME,h2796,0.13419998954066042,scr2006,stInflow,reservoir
ME,h2797,0.13419998954066042,scr2006,stInflow,reservoir
ME,h2798,0.13419998954066042,scr2006,stInflow,reservoir
ME,h2799,0.13419998954066042,scr2006,stInflow,reservoir
ME,h2800,0.13419998954066042,scr2006,stInflow,reservoir
ME,h2801,0.13419998954066042,scr2006,stInflow,reservoir
ME,h2802,0.13419998954066042,scr2006,stInflow,reservoir
ME,h2803,0.13419998954066042,scr2006,stInflow,reservoir
ME,h2804,0.13419998954066042,scr2006,stInflow,reservoir
ME,h2805,0.13419998954066042,scr2006,stInflow,reservoir
ME,h2806,0.13419998954066042,scr2006,stInflow,reservoir
ME,h2807,0.13419998954066042,scr2006,stInflow,reservoir
ME,h2808,0.13419998954066042,scr2006,stInflow,reservoir
ME,h2809,0.13419998954066042,scr2006,stInflow,reservoir
ME,h2810,0.13419998954066042,scr2006,stInflow,reservoir
ME,h2811,0.13419998954066042,scr2006,stInflow,reservoir
ME,h2812,0.13419998954066042,scr2006,stInflow,reservoir
ME,h2813,0.13419998954066042,scr2006,stInflow,reservoir
ME,h2814,0.13419998954066042,scr2006,stInflow,reservoir
ME,h2815,0.13419998954066042,scr2006,stInflow,reservoir
ME,h2816,0.13419998954066042,scr2006,stInflow,reservoir
ME,h2817,0.13419998954066042,scr2006,stInflow,reservoir
ME,h2818,0.13419998954066042,scr2006,stInflow,reservoir
ME,h2819,0.13419998954066042,scr2006,stInflow,reservoir
ME,h2820,0.13419998954066042,scr2006,stInflow,reservoir
ME,h2821,0.13419998954066042,scr2006,stInflow,reservoir
ME,h2822,0.13419998954066042,scr2006,stInflow,reservoir
ME,h2823,0.13419998954066042,scr2006,stInflow,reservoir
ME,h2824,0.13419998954066042,scr2006,stInflow,reservoir
ME,h2825,0.13419998954066042,scr2006,stInflow,reservoir
ME,h2826,0.13419998954066042,scr2006,stInflow,reservoir
ME,h2827,0.13419998954066042,scr2006,stInflow,reservoir
ME,h2828,0.13419998954066042,scr2006,stInflow,reservoir
ME,h2829,0.13419998954066042,scr2006,stInflow,reservoir
ME,h2830,0.13419998954066042,scr2006,stInflow,reservoir
ME,h2831,0.13419998954066042,scr2006,stInflow,reservoir
ME,h2832,0.13419998954066042,scr2006,stInflow,reservoir
ME,h2833,0.13419998954066042,scr2006,stInflow,reservoir
ME,h2834,0.13419998954066042,scr2006,stInflow,reservoir
ME,h2835,0.13419998954066042,scr2006,stInflow,reservoir
ME,h2836,0.13419998954066042,scr2006,stInflow,reservoir
ME,h2837,0.13419998954066042,scr2006,stInflow,reservoir
ME,h2838,0.13419998954066042,scr2006,stInflow,reservoir
ME,h2839,0.13419998954066042,scr2006,stInflow,reservoir
ME,h2840,0.13419998954066042,scr2006,stInflow,reservoir
ME,h2841,0.13419998954066042,scr2006,stInflow,reservoir
ME,h2842,0.13419998954066042,scr2006,stInflow,reservoir
ME,h2843,0.13419998954066042,scr2006,stInflow,reservoir
ME,h2844,0.13419998954066042,scr2006,stInflow,reservoir
ME,h2845,0.13419998954066042,scr2006,stInflow,reservoir
ME,h2846,0.13419998954066042,scr2006,stInflow,reservoir
ME,h2847,0.13419998954066042,scr2006,stInflow,reservoir
ME,h2848,0.13419998954066042,scr2006,stInflow,reservoir
ME,h2849,0.13419998954066042,scr2006,stInflow,reservoir
ME,h2850,0.13419998954066042,scr2006,stInflow,reservoir
ME,h2851,0.13419998954066042,scr2006,stInflow,reservoir
ME,h2852,0.13419998954066042,scr2006,stInflow,reservoir
ME,h2853,0.13419998954066042,scr2006,stInflow,reservoir
ME,h2854,0.13419998954066042,scr2006,stInflow,reservoir
ME,h2855,0.13419998954066042,scr2006,stInflow,reservoir
ME,h2856,0.13419998954066042,scr2006,stInflow,reservoir
ME,h2857,0.13419998954066042,scr2006,stInflow,reservoir
ME,h2858,0.13419998954066042,scr2006,stInflow,reservoir
ME,h2859,0.13419998954066042,scr2006,stInflow,reservoir
ME,h2860,0.13419998954066042,scr2006,stInflow,reservoir
ME,h2861,0.13419998954066042,scr2006,stInflow,reservoir
ME,h2862,0.13419998954066042,scr2006,stInflow,reservoir
ME,h2863,0.13419998954066042,scr2006,stInflow,reservoir
ME,h2864,0.13419998954066042,scr2006,stInflow,reservoir
ME,h2865,0.13419998954066042,scr2006,stInflow,reservoir
ME,h2866,0.13419998954066042,scr2006,stInflow,reservoir
ME,h2867,0.13419998954066042,scr2006,stInflow,reservoir
ME,h2868,0.13419998954066042,scr2006,stInflow,reservoir
ME,h2869,0.13419998954066042,scr2006,stInflow,reservoir
ME,h2870,0.13419998954066042,scr2006,stInflow,reservoir
ME,h2871,0.13419998954066042,scr2006,stInflow,reservoir
ME,h2872,0.13419998954066042,scr2006,stInflow,reservoir
ME,h2873,0.13419998954066042,scr2006,stInflow,reservoir
ME,h2874,0.13419998954066042,scr2006,stInflow,reservoir
ME,h2875,0.13419998954066042,scr2006,stInflow,reservoir
ME,h2876,0.13419998954066042,scr2006,stInflow,reservoir
ME,h2877,0.13419998954066042,scr2006,stInflow,reservoir
ME,h2878,0.13419998954066042,scr2006,stInflow,reservoir
ME,h2879,0.13419998954066042,scr2006,stInflow,reservoir
ME,h2880,0.13419998954066042,scr2006,stInflow,reservoir
NO,h2161,19.643043697944663,scr2006,stInflow,reservoir
NO,h2162,19.643043697944663,scr2006,stInflow,reservoir
NO,h2163,19.643043697944663,scr2006,stInflow,reservoir
NO,h2164,19.643043697944663,scr2006,stInflow,reservoir
NO,h2165,19.643043697944663,scr2006,stInflow,reservoir
NO,h2166,19.643043697944663,scr2006,stInflow,reservoir
NO,h2167,19.643043697944663,scr2006,stInflow,reservoir
NO,h2168,19.643043697944663,scr2006,stInflow,reservoir
NO,h2169,19.643043697944663,scr2006,stInflow,reservoir
NO,h2170,19.643043697944663,scr2006,stInflow,reservoir
NO,h2171,19.643043697944663,scr2006,stInflow,reservoir
NO,h2172,19.643043697944663,scr2006,stInflow,reservoir
NO,h2173,19.643043697944663,scr2006,stInflow,reservoir
NO,h2174,19.643043697944663,scr2006,stInflow,reservoir
NO,h2175,19.643043697944663,scr2006,stInflow,reservoir
NO,h2176,19.643043697944663,scr2006,stInflow,reservoir
NO,h2177,19.643043697944663,scr2006,stInflow,reservoir
NO,h2178,19.643043697944663,scr2006,stInflow,reservoir
NO,h2179,19.643043697944663,scr2006,stInflow,reservoir
NO,h2180,19.643043697944663,scr2006,stInflow,reservoir
NO,h2181,19.643043697944663,scr2006,stInflow,reservoir
NO,h2182,19.643043697944663,scr2006,stInflow,reservoir
NO,h2183,19.643043697944663,scr2006,stInflow,reservoir
NO,h2184,19.643043697944663,scr2006,stInflow,reservoir
NO,h2185,19.643043697944663,scr2006,stInflow,reservoir
NO,h2186,19.643043697944663,scr2006,stInflow,reservoir
NO,h2187,19.643043697944663,scr2006,stInflow,reservoir
NO,h2188,19.643043697944663,scr2006,stInflow,reservoir
NO,h2189,19.643043697944663,scr2006,stInflow,reservoir
NO,h2190,19.643043697944663,scr2006,stInflow,reservoir
NO,h2191,19.643043697944663,scr2006,stInflow,reservoir
NO,h2192,19.643043697944663,scr2006,stInflow,reservoir
NO,h2193,19.643043697944663,scr2006,stInflow,reservoir
NO,h2194,19.643043697944663,scr2006,stInflow,reservoir
NO,h2195,19.643043697944663,scr2006,stInflow,reservoir
NO,h2196,19.643043697944663,scr2006,stInflow,reservoir
NO,h2197,19.643043697944663,scr2006,stInflow,reservoir
NO,h2198,19.643043697944663,scr2006,stInflow,reservoir
NO,h2199,19.643043697944663,scr2006,stInflow,reservoir
NO,h2200,19.643043697944663,scr2006,stInflow,reservoir
NO,h2201,19.643043697944663,scr2006,stInflow,reservoir
NO,h2202,19.643043697944663,scr2006,stInflow,reservoir
NO,h2203,19.643043697944663,scr2006,stInflow,reservoir
NO,h2204,19.643043697944663,scr2006,stInflow,reservoir
NO,h2205,19.643043697944663,scr2006,stInflow,reservoir
NO,h2206,19.643043697944663,scr2006,stInflow,reservoir
NO,h2207,19.643043697944663,scr2006,stInflow,reservoir
NO,h2208,19.643043697944663,scr2006,stInflow,reservoir
NO,h2209,19.41893175772466,scr2006,stInflow,reservoir
NO,h2210,19.194820076140225,scr2006,stInflow,reservoir
NO,h2211,18.970708656210732,scr2006,stInflow,reservoir
NO,h2212,18.970708656210732,scr2006,stInflow,reservoir
NO,h2213,18.970708656210732,scr2006,stInflow,reservoir
NO,h2214,18.970708656210732,scr2006,stInflow,reservoir
NO,h2215,18.970708656210732,scr2006,stInflow,reservoir
NO,h2216,18.970708656210732,scr2006,stInflow,reservoir
NO,h2217,18.970708656210732,scr2006,stInflow,reservoir
NO,h2218,18.970708656210732,scr2006,stInflow,reservoir
NO,h2219,18.970708656210732,scr2006,stInflow,reservoir
NO,h2220,18.970708656210732,scr2006,stInflow,reservoir
NO,h2221,18.970708656210732,scr2006,stInflow,reservoir
NO,h2222,18.970708656210732,scr2006,stInflow,reservoir
NO,h2223,18.970708656210732,scr2006,stInflow,reservoir
NO,h2224,18.970708656210732,scr2006,stInflow,reservoir
NO,h2225,18.970708656210732,scr2006,stInflow,reservoir
NO,h2226,18.970708656210732,scr2006,stInflow,reservoir
NO,h2227,18.970708656210732,scr2006,stInflow,reservoir
NO,h2228,18.970708656210732,scr2006,stInflow,reservoir
NO,h2229,18.970708656210732,scr2006,stInflow,reservoir
NO,h2230,18.970708656210732,scr2006,stInflow,reservoir
NO,h2231,18.970708656210732,scr2006,stInflow,reservoir
NO,h2232,18.970708656210732,scr2006,stInflow,reservoir
NO,h2233,18.970708656210732,scr2006,stInflow,reservoir
NO,h2234,18.970708656210732,scr2006,stInflow,reservoir
NO,h2235,18.970708656210732,scr2006,stInflow,reservoir
NO,h2236,18.970708656210732,scr2006,stInflow,reservoir
NO,h2237,18.970708656210732,scr2006,stInflow,reservoir
NO,h2238,18.970708656210732,scr2006,stInflow,reservoir
NO,h2239,18.970708656210732,scr2006,stInflow,reservoir
NO,h2240,18.970708656210732,scr2006,stInflow,reservoir
NO,h2241,18.970708656210732,scr2006,stInflow,reservoir
NO,h2242,18.970708656210732,scr2006,stInflow,reservoir
NO,h2243,18.970708656210732,scr2006,stInflow,reservoir
NO,h2244,18.970708656210732,scr2006,stInflow,reservoir
NO,h2245,18.970708656210732,scr2006,stInflow,reservoir
NO,h2246,18.970708656210732,scr2006,stInflow,reservoir
NO,h2247,18.970708656210732,scr2006,stInflow,reservoir
NO,h2248,18.970708656210732,scr2006,stInflow,reservoir
NO,h2249,18.970708656210732,scr2006,stInflow,reservoir
NO,h2250,18.970708656210732,scr2006,stInflow,reservoir
NO,h2251,18.970708656210732,scr2006,stInflow,reservoir
NO,h2252,18.970708656210732,scr2006,stInflow,reservoir
NO,h2253,18.970708656210732,scr2006,stInflow,reservoir
NO,h2254,18.970708656210732,scr2006,stInflow,reservoir
NO,h2255,18.970708656210732,scr2006,stInflow,reservoir
NO,h2256,18.970708656210732,scr2006,stInflow,reservoir
NO,h2257,18.970708656210732,scr2006,stInflow,reservoir
NO,h2258,18.970708656210732,scr2006,stInflow,reservoir
NO,h2259,18.970708656210732,scr2006,stInflow,reservoir
NO,h2260,18.970708656210732,scr2006,stInflow,reservoir
NO,h2261,18.970708656210732,scr2006,stInflow,reservoir
NO,h2262,18.970708656210732,scr2006,stInflow,reservoir
NO,h2263,18.970708656210732,scr2006,stInflow,reservoir
NO,h2264,18.970708656210732,scr2006,stInflow,reservoir
NO,h2265,18.970708656210732,scr2006,stInflow,reservoir
NO,h2266,18.970708656210732,scr2006,stInflow,reservoir
NO,h2267,18.970708656210732,scr2006,stInflow,reservoir
NO,h2268,18.970708656210732,scr2006,stInflow,reservoir
NO,h2269,18.970708656210732,scr2006,stInflow,reservoir
NO,h2270,18.970708656210732,scr2006,stInflow,reservoir
NO,h2271,18.970708656210732,scr2006,stInflow,reservoir
NO,h2272,18.970708656210732,scr2006,stInflow,reservoir
NO,h2273,18.970708656210732,scr2006,stInflow,reservoir
NO,h2274,18.970708656210732,scr2006,stInflow,reservoir
NO,h2275,18.970708656210732,scr2006,stInflow,reservoir
NO,h2276,18.970708656210732,scr2006,stInflow,reservoir
NO,h2277,18.970708656210732,scr2006,stInflow,reservoir
NO,h2278,18.970708656210732,scr2006,stInflow,reservoir
NO,h2279,18.970708656210732,scr2006,stInflow,reservoir
NO,h2280,18.970708656210732,scr2006,stInflow,reservoir
NO,h2281,18.970708656210732,scr2006,stInflow,reservoir
NO,h2282,18.970708656210732,scr2006,stInflow,reservoir
NO,h2283,18.970708656210732,scr2006,stInflow,reservoir
NO,h2284,18.970708656210732,scr2006,stInflow,reservoir
NO,h2285,18.970708656210732,scr2006,stInflow,reservoir
NO,h2286,18.970708656210732,scr2006,stInflow,reservoir
NO,h2287,18.970708656210732,scr2006,stInflow,reservoir
NO,h2288,18.970708656210732,scr2006,stInflow,reservoir
NO,h2289,18.970708656210732,scr2006,stInflow,reservoir
NO,h2290,18.970708656210732,scr2006,stInflow,reservoir
NO,h2291,18.970708656210732,scr2006,stInflow,reservoir
NO,h2292,18.970708656210732,scr2006,stInflow,reservoir
NO,h2293,18.970708656210732,scr2006,stInflow,reservoir
NO,h2294,18.970708656210732,scr2006,stInflow,reservoir
NO,h2295,18.970708656210732,scr2006,stInflow,reservoir
NO,h2296,18.970708656210732,scr2006,stInflow,reservoir
NO,h2297,18.970708656210732,scr2006,stInflow,reservoir
NO,h2298,18.970708656210732,scr2006,stInflow,reservoir
NO,h2299,18.970708656210732,scr2006,stInflow,reservoir
NO,h2300,18.970708656210732,scr2006,stInflow,reservoir
NO,h2301,18.970708656210732,scr2006,stInflow,reservoir
NO,h2302,18.970708656210732,scr2006,stInflow,reservoir
NO,h2303,18.970708656210732,scr2006,stInflow,reservoir
NO,h2304,18.970708656210732,scr2006,stInflow,reservoir
NO,h2305,18.970708656210732,scr2006,stInflow,reservoir
NO,h2306,18.970708656210732,scr2006,stInflow,reservoir
NO,h2307,18.970708656210732,scr2006,stInflow,reservoir
NO,h2308,18.970708656210732,scr2006,stInflow,reservoir
NO,h2309,18.970708656210732,scr2006,stInflow,reservoir
NO,h2310,18.970708656210732,scr2006,stInflow,reservoir
NO,h2311,18.970708656210732,scr2006,stInflow,reservoir
NO,h2312,18.970708656210732,scr2006,stInflow,reservoir
NO,h2313,18.970708656210732,scr2006,stInflow,reservoir
NO,h2314,18.970708656210732,scr2006,stInflow,reservoir
NO,h2315,18.970708656210732,scr2006,stInflow,reservoir
NO,h2316,18.970708656210732,scr2006,stInflow,reservoir
NO,h2317,18.970708656210732,scr2006,stInflow,reservoir
NO,h2318,18.970708656210732,scr2006,stInflow,reservoir
NO,h2319,18.970708656210732,scr2006,stInflow,reservoir
NO,h2320,18.970708656210732,scr2006,stInflow,reservoir
NO,h2321,18.970708656210732,scr2006,stInflow,reservoir
NO,h2322,18.970708656210732,scr2006,stInflow,reservoir
NO,h2323,18.970708656210732,scr2006,stInflow,reservoir
NO,h2324,18.970708656210732,scr2006,stInflow,reservoir
NO,h2325,18.970708656210732,scr2006,stInflow,reservoir
NO,h2326,18.970708656210732,scr2006,stInflow,reservoir
NO,h2327,18.970708656210732,scr2006,stInflow,reservoir
NO,h2328,18.970708656210732,scr2006,stInflow,reservoir
NO,h2329,18.970708656210732,scr2006,stInflow,reservoir
NO,h2330,18.970708656210732,scr2006,stInflow,reservoir
NO,h2331,18.970708656210732,scr2006,stInflow,reservoir
NO,h2332,18.970708656210732,scr2006,stInflow,reservoir
NO,h2333,18.970708656210732,scr2006,stInflow,reservoir
NO,h2334,18.970708656210732,scr2006,stInflow,reservoir
NO,h2335,18.970708656210732,scr2006,stInflow,reservoir
NO,h2336,18.970708656210732,scr2006,stInflow,reservoir
NO,h2337,18.970708656210732,scr2006,stInflow,reservoir
NO,h2338,18.970708656210732,scr2006,stInflow,reservoir
NO,h2339,18.970708656210732,scr2006,stInflow,reservoir
NO,h2340,18.970708656210732,scr2006,stInflow,reservoir
NO,h2341,18.970708656210732,scr2006,stInflow,reservoir
NO,h2342,18.970708656210732,scr2006,stInflow,reservoir
NO,h2343,18.970708656210732,scr2006,stInflow,reservoir
NO,h2344,18.970708656210732,scr2006,stInflow,reservoir
NO,h2345,18.970708656210732,scr2006,stInflow,reservoir
NO,h2346,18.970708656210732,scr2006,stInflow,reservoir
NO,h2347,18.970708656210732,scr2006,stInflow,reservoir
NO,h2348,18.970708656210732,scr2006,stInflow,reservoir
NO,h2349,18.970708656210732,scr2006,stInflow,reservoir
NO,h2350,18.970708656210732,scr2006,stInflow,reservoir
NO,h2351,18.970708656210732,scr2006,stInflow,reservoir
NO,h2352,18.970708656210732,scr2006,stInflow,reservoir
NO,h2353,18.970708656210732,scr2006,stInflow,reservoir
NO,h2354,18.970708656210732,scr2006,stInflow,reservoir
NO,h2355,18.970708656210732,scr2006,stInflow,reservoir
NO,h2356,18.970708656210732,scr2006,stInflow,reservoir
NO,h2357,18.970708656210732,scr2006,stInflow,reservoir
NO,h2358,18.970708656210732,scr2006,stInflow,reservoir
NO,h2359,18.970708656210732,scr2006,stInflow,reservoir
NO,h2360,18.970708656210732,scr2006,stInflow,reservoir
NO,h2361,18.970708656210732,scr2006,stInflow,reservoir
NO,h2362,18.970708656210732,scr2006,stInflow,reservoir
NO,h2363,18.970708656210732,scr2006,stInflow,reservoir
NO,h2364,18.970708656210732,scr2006,stInflow,reservoir
NO,h2365,18.970708656210732,scr2006,stInflow,reservoir
NO,h2366,18.970708656210732,scr2006,stInflow,reservoir
NO,h2367,18.970708656210732,scr2006,stInflow,reservoir
NO,h2368,18.970708656210732,scr2006,stInflow,reservoir
NO,h2369,18.970708656210732,scr2006,stInflow,reservoir
NO,h2370,18.970708656210732,scr2006,stInflow,reservoir
NO,h2371,18.970708656210732,scr2006,stInflow,reservoir
NO,h2372,18.970708656210732,scr2006,stInflow,reservoir
NO,h2373,18.970708656210732,scr2006,stInflow,reservoir
NO,h2374,18.970708656210732,scr2006,stInflow,reservoir
NO,h2375,18.970708656210732,scr2006,stInflow,reservoir
NO,h2376,18.970708656210732,scr2006,stInflow,reservoir
NO,h2377,18.58114363596881,scr2006,stInflow,reservoir
NO,h2378,18.191579432485334,scr2006,stInflow,reservoir
NO,h2379,17.802016063250665,scr2006,stInflow,reservoir
NO,h2380,17.802016063250665,scr2006,stInflow,reservoir
NO,h2381,17.802016063250665,scr2006,stInflow,reservoir
NO,h2382,17.802016063250665,scr2006,stInflow,reservoir
NO,h2383,17.802016063250665,scr2006,stInflow,reservoir
NO,h2384,17.802016063250665,scr2006,stInflow,reservoir
NO,h2385,17.802016063250665,scr2006,stInflow,reservoir
NO,h2386,17.802016063250665,scr2006,stInflow,reservoir
NO,h2387,17.802016063250665,scr2006,stInflow,reservoir
NO,h2388,17.802016063250665,scr2006,stInflow,reservoir
NO,h2389,17.802016063250665,scr2006,stInflow,reservoir
NO,h2390,17.802016063250665,scr2006,stInflow,reservoir
NO,h2391,17.802016063250665,scr2006,stInflow,reservoir
NO,h2392,17.802016063250665,scr2006,stInflow,reservoir
NO,h2393,17.802016063250665,scr2006,stInflow,reservoir
NO,h2394,17.802016063250665,scr2006,stInflow,reservoir
NO,h2395,17.802016063250665,scr2006,stInflow,reservoir
NO,h2396,17.802016063250665,scr2006,stInflow,reservoir
NO,h2397,17.802016063250665,scr2006,stInflow,reservoir
NO,h2398,17.802016063250665,scr2006,stInflow,reservoir
NO,h2399,17.802016063250665,scr2006,stInflow,reservoir
NO,h2400,17.802016063250665,scr2006,stInflow,reservoir
NO,h2401,17.802016063250665,scr2006,stInflow,reservoir
NO,h2402,17.802016063250665,scr2006,stInflow,reservoir
NO,h2403,17.802016063250665,scr2006,stInflow,reservoir
NO,h2404,17.802016063250665,scr2006,stInflow,reservoir
NO,h2405,17.802016063250665,scr2006,stInflow,reservoir
NO,h2406,17.802016063250665,scr2006,stInflow,reservoir
NO,h2407,17.802016063250665,scr2006,stInflow,reservoir
NO,h2408,17.802016063250665,scr2006,stInflow,reservoir
NO,h2409,17.802016063250665,scr2006,stInflow,reservoir
NO,h2410,17.802016063250665,scr2006,stInflow,reservoir
NO,h2411,17.802016063250665,scr2006,stInflow,reservoir
NO,h2412,17.802016063250665,scr2006,stInflow,reservoir
NO,h2413,17.802016063250665,scr2006,stInflow,reservoir
NO,h2414,17.802016063250665,scr2006,stInflow,reservoir
NO,h2415,17.802016063250665,scr2006,stInflow,reservoir
NO,h2416,17.802016063250665,scr2006,stInflow,reservoir
NO,h2417,17.802016063250665,scr2006,stInflow,reservoir
NO,h2418,17.802016063250665,scr2006,stInflow,reservoir
NO,h2419,17.802016063250665,scr2006,stInflow,reservoir
NO,h2420,17.802016063250665,scr2006,stInflow,reservoir
NO,h2421,17.802016063250665,scr2006,stInflow,reservoir
NO,h2422,17.802016063250665,scr2006,stInflow,reservoir
NO,h2423,17.802016063250665,scr2006,stInflow,reservoir
NO,h2424,17.802016063250665,scr2006,stInflow,reservoir
NO,h2425,17.802016063250665,scr2006,stInflow,reservoir
NO,h2426,17.802016063250665,scr2006,stInflow,reservoir
NO,h2427,17.802016063250665,scr2006,stInflow,reservoir
NO,h2428,17.802016063250665,scr2006,stInflow,reservoir
NO,h2429,17.802016063250665,scr2006,stInflow,reservoir
NO,h2430,17.802016063250665,scr2006,stInflow,reservoir
NO,h2431,17.802016063250665,scr2006,stInflow,reservoir
NO,h2432,17.802016063250665,scr2006,stInflow,reservoir
NO,h2433,17.802016063250665,scr2006,stInflow,reservoir
NO,h2434,17.802016063250665,scr2006,stInflow,reservoir
NO,h2435,17.802016063250665,scr2006,stInflow,reservoir
NO,h2436,17.802016063250665,scr2006,stInflow,reservoir
NO,h2437,17.802016063250665,scr2006,stInflow,reservoir
NO,h2438,17.802016063250665,scr2006,stInflow,reservoir
NO,h2439,17.802016063250665,scr2006,stInflow,reservoir
NO,h2440,17.802016063250665,scr2006,stInflow,reservoir
NO,h2441,17.802016063250665,scr2006,stInflow,reservoir
NO,h2442,17.802016063250665,scr2006,stInflow,reservoir
NO,h2443,17.802016063250665,scr2006,stInflow,reservoir
NO,h2444,17.802016063250665,scr2006,stInflow,reservoir
NO,h2445,17.802016063250665,scr2006,stInflow,reservoir
NO,h2446,17.802016063250665,scr2006,stInflow,reservoir
NO,h2447,17.802016063250665,scr2006,stInflow,reservoir
NO,h2448,17.802016063250665,scr2006,stInflow,reservoir
NO,h2449,17.802016063250665,scr2006,stInflow,reservoir
NO,h2450,17.802016063250665,scr2006,stInflow,reservoir
NO,h2451,17.802016063250665,scr2006,stInflow,reservoir
NO,h2452,17.802016063250665,scr2006,stInflow,reservoir
NO,h2453,17.802016063250665,scr2006,stInflow,reservoir
NO,h2454,17.802016063250665,scr2006,stInflow,reservoir
NO,h2455,17.802016063250665,scr2006,stInflow,reservoir
NO,h2456,17.802016063250665,scr2006,stInflow,reservoir
NO,h2457,17.802016063250665,scr2006,stInflow,reservoir
NO,h2458,17.802016063250665,scr2006,stInflow,reservoir
NO,h2459,17.802016063250665,scr2006,stInflow,reservoir
NO,h2460,17.802016063250665,scr2006,stInflow,reservoir
NO,h2461,17.802016063250665,scr2006,stInflow,reservoir
NO,h2462,17.802016063250665,scr2006,stInflow,reservoir
NO,h2463,17.802016063250665,scr2006,stInflow,reservoir
NO,h2464,17.802016063250665,scr2006,stInflow,reservoir
NO,h2465,17.802016063250665,scr2006,stInflow,reservoir
NO,h2466,17.802016063250665,scr2006,stInflow,reservoir
NO,h2467,17.802016063250665,scr2006,stInflow,reservoir
NO,h2468,17.802016063250665,scr2006,stInflow,reservoir
NO,h2469,17.802016063250665,scr2006,stInflow,reservoir
NO,h2470,17.802016063250665,scr2006,stInflow,reservoir
NO,h2471,17.802016063250665,scr2006,stInflow,reservoir
NO,h2472,17.802016063250665,scr2006,stInflow,reservoir
NO,h2473,17.802016063250665,scr2006,stInflow,reservoir
NO,h2474,17.802016063250665,scr2006,stInflow,reservoir
NO,h2475,17.802016063250665,scr2006,stInflow,reservoir
NO,h2476,17.802016063250665,scr2006,stInflow,reservoir
NO,h2477,17.802016063250665,scr2006,stInflow,reservoir
NO,h2478,17.802016063250665,scr2006,stInflow,reservoir
NO,h2479,17.802016063250665,scr2006,stInflow,reservoir
NO,h2480,17.802016063250665,scr2006,stInflow,reservoir
NO,h2481,17.802016063250665,scr2006,stInflow,reservoir
NO,h2482,17.802016063250665,scr2006,stInflow,reservoir
NO,h2483,17.802016063250665,scr2006,stInflow,reservoir
NO,h2484,17.802016063250665,scr2006,stInflow,reservoir
NO,h2485,17.802016063250665,scr2006,stInflow,reservoir
NO,h2486,17.802016063250665,scr2006,stInflow,reservoir
NO,h2487,17.802016063250665,scr2006,stInflow,reservoir
NO,h2488,17.802016063250665,scr2006,stInflow,reservoir
NO,h2489,17.802016063250665,scr2006,stInflow,reservoir
NO,h2490,17.802016063250665,scr2006,stInflow,reservoir
NO,h2491,17.802016063250665,scr2006,stInflow,reservoir
NO,h2492,17.802016063250665,scr2006,stInflow,reservoir
NO,h2493,17.802016063250665,scr2006,stInflow,reservoir
NO,h2494,17.802016063250665,scr2006,stInflow,reservoir
NO,h2495,17.802016063250665,scr2006,stInflow,reservoir
NO,h2496,17.802016063250665,scr2006,stInflow,reservoir
NO,h2497,17.802016063250665,scr2006,stInflow,reservoir
NO,h2498,17.802016063250665,scr2006,stInflow,reservoir
NO,h2499,17.802016063250665,scr2006,stInflow,reservoir
NO,h2500,17.802016063250665,scr2006,stInflow,reservoir
NO,h2501,17.802016063250665,scr2006,stInflow,reservoir
NO,h2502,17.802016063250665,scr2006,stInflow,reservoir
NO,h2503,17.802016063250665,scr2006,stInflow,reservoir
NO,h2504,17.802016063250665,scr2006,stInflow,reservoir
NO,h2505,17.802016063250665,scr2006,stInflow,reservoir
NO,h2506,17.802016063250665,scr2006,stInflow,reservoir
NO,h2507,17.802016063250665,scr2006,stInflow,reservoir
NO,h2508,17.802016063250665,scr2006,stInflow,reservoir
NO,h2509,17.802016063250665,scr2006,stInflow,reservoir
NO,h2510,17.802016063250665,scr2006,stInflow,reservoir
NO,h2511,17.802016063250665,scr2006,stInflow,reservoir
NO,h2512,17.802016063250665,scr2006,stInflow,reservoir
NO,h2513,17.802016063250665,scr2006,stInflow,reservoir
NO,h2514,17.802016063250665,scr2006,stInflow,reservoir
NO,h2515,17.802016063250665,scr2006,stInflow,reservoir
NO,h2516,17.802016063250665,scr2006,stInflow,reservoir
NO,h2517,17.802016063250665,scr2006,stInflow,reservoir
NO,h2518,17.802016063250665,scr2006,stInflow,reservoir
NO,h2519,17.802016063250665,scr2006,stInflow,reservoir
NO,h2520,17.802016063250665,scr2006,stInflow,reservoir
NO,h2521,17.802016063250665,scr2006,stInflow,reservoir
NO,h2522,17.802016063250665,scr2006,stInflow,reservoir
NO,h2523,17.802016063250665,scr2006,stInflow,reservoir
NO,h2524,17.802016063250665,scr2006,stInflow,reservoir
NO,h2525,17.802016063250665,scr2006,stInflow,reservoir
NO,h2526,17.802016063250665,scr2006,stInflow,reservoir
NO,h2527,17.802016063250665,scr2006,stInflow,reservoir
NO,h2528,17.802016063250665,scr2006,stInflow,reservoir
NO,h2529,17.802016063250665,scr2006,stInflow,reservoir
NO,h2530,17.802016063250665,scr2006,stInflow,reservoir
NO,h2531,17.802016063250665,scr2006,stInflow,reservoir
NO,h2532,17.802016063250665,scr2006,stInflow,reservoir
NO,h2533,17.802016063250665,scr2006,stInflow,reservoir
NO,h2534,17.802016063250665,scr2006,stInflow,reservoir
NO,h2535,17.802016063250665,scr2006,stInflow,reservoir
NO,h2536,17.802016063250665,scr2006,stInflow,reservoir
NO,h2537,17.802016063250665,scr2006,stInflow,reservoir
NO,h2538,17.802016063250665,scr2006,stInflow,reservoir
NO,h2539,17.802016063250665,scr2006,stInflow,reservoir
NO,h2540,17.802016063250665,scr2006,stInflow,reservoir
NO,h2541,17.802016063250665,scr2006,stInflow,reservoir
NO,h2542,17.802016063250665,scr2006,stInflow,reservoir
NO,h2543,17.802016063250665,scr2006,stInflow,reservoir
NO,h2544,17.802016063250665,scr2006,stInflow,reservoir
NO,h2545,18.72863763855011,scr2006,stInflow,reservoir
NO,h2546,19.65526380005175,scr2006,stInflow,reservoir
NO,h2547,20.581894331413118,scr2006,stInflow,reservoir
NO,h2548,20.581894331413118,scr2006,stInflow,reservoir
NO,h2549,20.581894331413118,scr2006,stInflow,reservoir
NO,h2550,20.581894331413118,scr2006,stInflow,reservoir
NO,h2551,20.581894331413118,scr2006,stInflow,reservoir
NO,h2552,20.581894331413118,scr2006,stInflow,reservoir
NO,h2553,20.581894331413118,scr2006,stInflow,reservoir
NO,h2554,20.581894331413118,scr2006,stInflow,reservoir
NO,h2555,20.581894331413118,scr2006,stInflow,reservoir
NO,h2556,20.581894331413118,scr2006,stInflow,reservoir
NO,h2557,20.581894331413118,scr2006,stInflow,reservoir
NO,h2558,20.581894331413118,scr2006,stInflow,reservoir
NO,h2559,20.581894331413118,scr2006,stInflow,reservoir
NO,h2560,20.581894331413118,scr2006,stInflow,reservoir
NO,h2561,20.581894331413118,scr2006,stInflow,reservoir
NO,h2562,20.581894331413118,scr2006,stInflow,reservoir
NO,h2563,20.581894331413118,scr2006,stInflow,reservoir
NO,h2564,20.581894331413118,scr2006,stInflow,reservoir
NO,h2565,20.581894331413118,scr2006,stInflow,reservoir
NO,h2566,20.581894331413118,scr2006,stInflow,reservoir
NO,h2567,20.581894331413118,scr2006,stInflow,reservoir
NO,h2568,20.581894331413118,scr2006,stInflow,reservoir
NO,h2569,20.581894331413118,scr2006,stInflow,reservoir
NO,h2570,20.581894331413118,scr2006,stInflow,reservoir
NO,h2571,20.581894331413118,scr2006,stInflow,reservoir
NO,h2572,20.581894331413118,scr2006,stInflow,reservoir
NO,h2573,20.581894331413118,scr2006,stInflow,reservoir
NO,h2574,20.581894331413118,scr2006,stInflow,reservoir
NO,h2575,20.581894331413118,scr2006,stInflow,reservoir
NO,h2576,20.581894331413118,scr2006,stInflow,reservoir
NO,h2577,20.581894331413118,scr2006,stInflow,reservoir
NO,h2578,20.581894331413118,scr2006,stInflow,reservoir
NO,h2579,20.581894331413118,scr2006,stInflow,reservoir
NO,h2580,20.581894331413118,scr2006,stInflow,reservoir
NO,h2581,20.581894331413118,scr2006,stInflow,reservoir
NO,h2582,20.581894331413118,scr2006,stInflow,reservoir
NO,h2583,20.581894331413118,scr2006,stInflow,reservoir
NO,h2584,20.581894331413118,scr2006,stInflow,reservoir
NO,h2585,20.581894331413118,scr2006,stInflow,reservoir
NO,h2586,20.581894331413118,scr2006,stInflow,reservoir
NO,h2587,20.581894331413118,scr2006,stInflow,reservoir
NO,h2588,20.581894331413118,scr2006,stInflow,reservoir
NO,h2589,20.581894331413118,scr2006,stInflow,reservoir
NO,h2590,20.581894331413118,scr2006,stInflow,reservoir
NO,h2591,20.581894331413118,scr2006,stInflow,reservoir
NO,h2592,20.581894331413118,scr2006,stInflow,reservoir
NO,h2593,20.581894331413118,scr2006,stInflow,reservoir
NO,h2594,20.581894331413118,scr2006,stInflow,reservoir
NO,h2595,20.581894331413118,scr2006,stInflow,reservoir
NO,h2596,20.581894331413118,scr2006,stInflow,reservoir
NO,h2597,20.581894331413118,scr2006,stInflow,reservoir
NO,h2598,20.581894331413118,scr2006,stInflow,reservoir
NO,h2599,20.581894331413118,scr2006,stInflow,reservoir
NO,h2600,20.581894331413118,scr2006,stInflow,reservoir
NO,h2601,20.581894331413118,scr2006,stInflow,reservoir
NO,h2602,20.581894331413118,scr2006,stInflow,reservoir
NO,h2603,20.581894331413118,scr2006,stInflow,reservoir
NO,h2604,20.581894331413118,scr2006,stInflow,reservoir
NO,h2605,20.581894331413118,scr2006,stInflow,reservoir
NO,h2606,20.581894331413118,scr2006,stInflow,reservoir
NO,h2607,20.581894331413118,scr2006,stInflow,reservoir
NO,h2608,20.581894331413118,scr2006,stInflow,reservoir
NO,h2609,20.581894331413118,scr2006,stInflow,reservoir
NO,h2610,20.581894331413118,scr2006,stInflow,reservoir
NO,h2611,20.581894331413118,scr2006,stInflow,reservoir
NO,h2612,20.581894331413118,scr2006,stInflow,reservoir
NO,h2613,20.581894331413118,scr2006,stInflow,reservoir
NO,h2614,20.581894331413118,scr2006,stInflow,reservoir
NO,h2615,20.581894331413118,scr2006,stInflow,reservoir
NO,h2616,20.581894331413118,scr2006,stInflow,reservoir
NO,h2617,20.581894331413118,scr2006,stInflow,reservoir
NO,h2618,20.581894331413118,scr2006,stInflow,reservoir
NO,h2619,20.581894331413118,scr2006,stInflow,reservoir
NO,h2620,20.581894331413118,scr2006,stInflow,reservoir
NO,h2621,20.581894331413118,scr2006,stInflow,reservoir
NO,h2622,20.581894331413118,scr2006,stInflow,reservoir
NO,h2623,20.581894331413118,scr2006,stInflow,reservoir
NO,h2624,20.581894331413118,scr2006,stInflow,reservoir
NO,h2625,20.581894331413118,scr2006,stInflow,reservoir
NO,h2626,20.581894331413118,scr2006,stInflow,reservoir
NO,h2627,20.581894331413118,scr2006,stInflow,reservoir
NO,h2628,20.581894331413118,scr2006,stInflow,reservoir
NO,h2629,20.581894331413118,scr2006,stInflow,reservoir
NO,h2630,20.581894331413118,scr2006,stInflow,reservoir
NO,h2631,20.581894331413118,scr2006,stInflow,reservoir
NO,h2632,20.581894331413118,scr2006,stInflow,reservoir
NO,h2633,20.581894331413118,scr2006,stInflow,reservoir
NO,h2634,20.581894331413118,scr2006,stInflow,reservoir
NO,h2635,20.581894331413118,scr2006,stInflow,reservoir
NO,h2636,20.581894331413118,scr2006,stInflow,reservoir
NO,h2637,20.581894331413118,scr2006,stInflow,reservoir
NO,h2638,20.581894331413118,scr2006,stInflow,reservoir
NO,h2639,20.581894331413118,scr2006,stInflow,reservoir
NO,h2640,20.581894331413118,scr2006,stInflow,reservoir
NO,h2641,20.581894331413118,scr2006,stInflow,reservoir
NO,h2642,20.581894331413118,scr2006,stInflow,reservoir
NO,h2643,20.581894331413118,scr2006,stInflow,reservoir
NO,h2644,20.581894331413118,scr2006,stInflow,reservoir
NO,h2645,20.581894331413118,scr2006,stInflow,reservoir
NO,h2646,20.581894331413118,scr2006,stInflow,reservoir
NO,h2647,20.581894331413118,scr2006,stInflow,reservoir
NO,h2648,20.581894331413118,scr2006,stInflow,reservoir
NO,h2649,20.581894331413118,scr2006,stInflow,reservoir
NO,h2650,20.581894331413118,scr2006,stInflow,reservoir
NO,h2651,20.581894331413118,scr2006,stInflow,reservoir
NO,h2652,20.581894331413118,scr2006,stInflow,reservoir
NO,h2653,20.581894331413118,scr2006,stInflow,reservoir
NO,h2654,20.581894331413118,scr2006,stInflow,reservoir
NO,h2655,20.581894331413118,scr2006,stInflow,reservoir
NO,h2656,20.581894331413118,scr2006,stInflow,reservoir
NO,h2657,20.581894331413118,scr2006,stInflow,reservoir
NO,h2658,20.581894331413118,scr2006,stInflow,reservoir
NO,h2659,20.581894331413118,scr2006,stInflow,reservoir
NO,h2660,20.581894331413118,scr2006,stInflow,reservoir
NO,h2661,20.581894331413118,scr2006,stInflow,reservoir
NO,h2662,20.581894331413118,scr2006,stInflow,reservoir
NO,h2663,20.581894331413118,scr2006,stInflow,reservoir
NO,h2664,20.581894331413118,scr2006,stInflow,reservoir
NO,h2665,20.581894331413118,scr2006,stInflow,reservoir
NO,h2666,20.581894331413118,scr2006,stInflow,reservoir
NO,h2667,20.581894331413118,scr2006,stInflow,reservoir
NO,h2668,20.581894331413118,scr2006,stInflow,reservoir
NO,h2669,20.581894331413118,scr2006,stInflow,reservoir
NO,h2670,20.581894331413118,scr2006,stInflow,reservoir
NO,h2671,20.581894331413118,scr2006,stInflow,reservoir
NO,h2672,20.581894331413118,scr2006,stInflow,reservoir
NO,h2673,20.581894331413118,scr2006,stInflow,reservoir
NO,h2674,20.581894331413118,scr2006,stInflow,reservoir
NO,h2675,20.581894331413118,scr2006,stInflow,reservoir
NO,h2676,20.581894331413118,scr2006,stInflow,reservoir
NO,h2677,20.581894331413118,scr2006,stInflow,reservoir
NO,h2678,20.581894331413118,scr2006,stInflow,reservoir
NO,h2679,20.581894331413118,scr2006,stInflow,reservoir
NO,h2680,20.581894331413118,scr2006,stInflow,reservoir
NO,h2681,20.581894331413118,scr2006,stInflow,reservoir
NO,h2682,20.581894331413118,scr2006,stInflow,reservoir
NO,h2683,20.581894331413118,scr2006,stInflow,reservoir
NO,h2684,20.581894331413118,scr2006,stInflow,reservoir
NO,h2685,20.581894331413118,scr2006,stInflow,reservoir
NO,h2686,20.581894331413118,scr2006,stInflow,reservoir
NO,h2687,20.581894331413118,scr2006,stInflow,reservoir
NO,h2688,20.581894331413118,scr2006,stInflow,reservoir
NO,h2689,20.581894331413118,scr2006,stInflow,reservoir
NO,h2690,20.581894331413118,scr2006,stInflow,reservoir
NO,h2691,20.581894331413118,scr2006,stInflow,reservoir
NO,h2692,20.581894331413118,scr2006,stInflow,reservoir
NO,h2693,20.581894331413118,scr2006,stInflow,reservoir
NO,h2694,20.581894331413118,scr2006,stInflow,reservoir
NO,h2695,20.581894331413118,scr2006,stInflow,reservoir
NO,h2696,20.581894331413118,scr2006,stInflow,reservoir
NO,h2697,20.581894331413118,scr2006,stInflow,reservoir
NO,h2698,20.581894331413118,scr2006,stInflow,reservoir
NO,h2699,20.581894331413118,scr2006,stInflow,reservoir
NO,h2700,20.581894331413118,scr2006,stInflow,reservoir
NO,h2701,20.581894331413118,scr2006,stInflow,reservoir
NO,h2702,20.581894331413118,scr2006,stInflow,reservoir
NO,h2703,20.581894331413118,scr2006,stInflow,reservoir
NO,h2704,20.581894331413118,scr2006,stInflow,reservoir
NO,h2705,20.581894331413118,scr2006,stInflow,reservoir
NO,h2706,20.581894331413118,scr2006,stInflow,reservoir
NO,h2707,20.581894331413118,scr2006,stInflow,reservoir
NO,h2708,20.581894331413118,scr2006,stInflow,reservoir
NO,h2709,20.581894331413118,scr2006,stInflow,reservoir
NO,h2710,20.581894331413118,scr2006,stInflow,reservoir
NO,h2711,20.581894331413118,scr2006,stInflow,reservoir
NO,h2712,20.581894331413118,scr2006,stInflow,reservoir
NO,h2713,21.64314350952245,scr2006,stInflow,reservoir
NO,h2714,22.704397893141817,scr2006,stInflow,reservoir
NO,h2715,23.765657238811222,scr2006,stInflow,reservoir
NO,h2716,23.765657238811222,scr2006,stInflow,reservoir
NO,h2717,23.765657238811222,scr2006,stInflow,reservoir
NO,h2718,23.765657238811222,scr2006,stInflow,reservoir
NO,h2719,23.765657238811222,scr2006,stInflow,reservoir
NO,h2720,23.765657238811222,scr2006,stInflow,reservoir
NO,h2721,23.765657238811222,scr2006,stInflow,reservoir
NO,h2722,23.765657238811222,scr2006,stInflow,reservoir
NO,h2723,23.765657238811222,scr2006,stInflow,reservoir
NO,h2724,23.765657238811222,scr2006,stInflow,reservoir
NO,h2725,23.765657238811222,scr2006,stInflow,reservoir
NO,h2726,23.765657238811222,scr2006,stInflow,reservoir
NO,h2727,23.765657238811222,scr2006,stInflow,reservoir
NO,h2728,23.765657238811222,scr2006,stInflow,reservoir
NO,h2729,23.765657238811222,scr2006,stInflow,reservoir
NO,h2730,23.765657238811222,scr2006,stInflow,reservoir
NO,h2731,23.765657238811222,scr2006,stInflow,reservoir
NO,h2732,23.765657238811222,scr2006,stInflow,reservoir
NO,h2733,23.765657238811222,scr2006,stInflow,reservoir
NO,h2734,23.765657238811222,scr2006,stInflow,reservoir
NO,h2735,23.765657238811222,scr2006,stInflow,reservoir
NO,h2736,23.765657238811222,scr2006,stInflow,reservoir
NO,h2737,23.765657238811222,scr2006,stInflow,reservoir
NO,h2738,23.765657238811222,scr2006,stInflow,reservoir
NO,h2739,23.765657238811222,scr2006,stInflow,reservoir
NO,h2740,23.765657238811222,scr2006,stInflow,reservoir
NO,h2741,23.765657238811222,scr2006,stInflow,reservoir
NO,h2742,23.765657238811222,scr2006,stInflow,reservoir
NO,h2743,23.765657238811222,scr2006,stInflow,reservoir
NO,h2744,23.765657238811222,scr2006,stInflow,reservoir
NO,h2745,23.765657238811222,scr2006,stInflow,reservoir
NO,h2746,23.765657238811222,scr2006,stInflow,reservoir
NO,h2747,23.765657238811222,scr2006,stInflow,reservoir
NO,h2748,23.765657238811222,scr2006,stInflow,reservoir
NO,h2749,23.765657238811222,scr2006,stInflow,reservoir
NO,h2750,23.765657238811222,scr2006,stInflow,reservoir
NO,h2751,23.765657238811222,scr2006,stInflow,reservoir
NO,h2752,23.765657238811222,scr2006,stInflow,reservoir
NO,h2753,23.765657238811222,scr2006,stInflow,reservoir
NO,h2754,23.765657238811222,scr2006,stInflow,reservoir
NO,h2755,23.765657238811222,scr2006,stInflow,reservoir
NO,h2756,23.765657238811222,scr2006,stInflow,reservoir
NO,h2757,23.765657238811222,scr2006,stInflow,reservoir
NO,h2758,23.765657238811222,scr2006,stInflow,reservoir
NO,h2759,23.765657238811222,scr2006,stInflow,reservoir
NO,h2760,23.765657238811222,scr2006,stInflow,reservoir
NO,h2761,23.765657238811222,scr2006,stInflow,reservoir
NO,h2762,23.765657238811222,scr2006,stInflow,reservoir
NO,h2763,23.765657238811222,scr2006,stInflow,reservoir
NO,h2764,23.765657238811222,scr2006,stInflow,reservoir
NO,h2765,23.765657238811222,scr2006,stInflow,reservoir
NO,h2766,23.765657238811222,scr2006,stInflow,reservoir
NO,h2767,23.765657238811222,scr2006,stInflow,reservoir
NO,h2768,23.765657238811222,scr2006,stInflow,reservoir
NO,h2769,23.765657238811222,scr2006,stInflow,reservoir
NO,h2770,23.765657238811222,scr2006,stInflow,reservoir
NO,h2771,23.765657238811222,scr2006,stInflow,reservoir
NO,h2772,23.765657238811222,scr2006,stInflow,reservoir
NO,h2773,23.765657238811222,scr2006,stInflow,reservoir
NO,h2774,23.765657238811222,scr2006,stInflow,reservoir
NO,h2775,23.765657238811222,scr2006,stInflow,reservoir
NO,h2776,23.765657238811222,scr2006,stInflow,reservoir
NO,h2777,23.765657238811222,scr2006,stInflow,reservoir
NO,h2778,23.765657238811222,scr2006,stInflow,reservoir
NO,h2779,23.765657238811222,scr2006,stInflow,reservoir
NO,h2780,23.765657238811222,scr2006,stInflow,reservoir
NO,h2781,23.765657238811222,scr2006,stInflow,reservoir
NO,h2782,23.765657238811222,scr2006,stInflow,reservoir
NO,h2783,23.765657238811222,scr2006,stInflow,reservoir
NO,h2784,23.765657238811222,scr2006,stInflow,reservoir
NO,h2785,23.765657238811222,scr2006,stInflow,reservoir
NO,h2786,23.765657238811222,scr2006,stInflow,reservoir
NO,h2787,23.765657238811222,scr2006,stInflow,reservoir
NO,h2788,23.765657238811222,scr2006,stInflow,reservoir
NO,h2789,23.765657238811222,scr2006,stInflow,reservoir
NO,h2790,23.765657238811222,scr2006,stInflow,reservoir
NO,h2791,23.765657238811222,scr2006,stInflow,reservoir
NO,h2792,23.765657238811222,scr2006,stInflow,reservoir
NO,h2793,23.765657238811222,scr2006,stInflow,reservoir
NO,h2794,23.765657238811222,scr2006,stInflow,reservoir
NO,h2795,23.765657238811222,scr2006,stInflow,reservoir
NO,h2796,23.765657238811222,scr2006,stInflow,reservoir
NO,h2797,23.765657238811222,scr2006,stInflow,reservoir
NO,h2798,23.765657238811222,scr2006,stInflow,reservoir
NO,h2799,23.765657238811222,scr2006,stInflow,reservoir
NO,h2800,23.765657238811222,scr2006,stInflow,reservoir
NO,h2801,23.765657238811222,scr2006,stInflow,reservoir
NO,h2802,23.765657238811222,scr2006,stInflow,reservoir
NO,h2803,23.765657238811222,scr2006,stInflow,reservoir
NO,h2804,23.765657238811222,scr2006,stInflow,reservoir
NO,h2805,23.765657238811222,scr2006,stInflow,reservoir
NO,h2806,23.765657238811222,scr2006,stInflow,reservoir
NO,h2807,23.765657238811222,scr2006,stInflow,reservoir
NO,h2808,23.765657238811222,scr2006,stInflow,reservoir
NO,h2809,23.765657238811222,scr2006,stInflow,reservoir
NO,h2810,23.765657238811222,scr2006,stInflow,reservoir
NO,h2811,23.765657238811222,scr2006,stInflow,reservoir
NO,h2812,23.765657238811222,scr2006,stInflow,reservoir
NO,h2813,23.765657238811222,scr2006,stInflow,reservoir
NO,h2814,23.765657238811222,scr2006,stInflow,reservoir
NO,h2815,23.765657238811222,scr2006,stInflow,reservoir
NO,h2816,23.765657238811222,scr2006,stInflow,reservoir
NO,h2817,23.765657238811222,scr2006,stInflow,reservoir
NO,h2818,23.765657238811222,scr2006,stInflow,reservoir
NO,h2819,23.765657238811222,scr2006,stInflow,reservoir
NO,h2820,23.765657238811222,scr2006,stInflow,reservoir
NO,h2821,23.765657238811222,scr2006,stInflow,reservoir
NO,h2822,23.765657238811222,scr2006,stInflow,reservoir
NO,h2823,23.765657238811222,scr2006,stInflow,reservoir
NO,h2824,23.765657238811222,scr2006,stInflow,reservoir
NO,h2825,23.765657238811222,scr2006,stInflow,reservoir
NO,h2826,23.765657238811222,scr2006,stInflow,reservoir
NO,h2827,23.765657238811222,scr2006,stInflow,reservoir
NO,h2828,23.765657238811222,scr2006,stInflow,reservoir
NO,h2829,23.765657238811222,scr2006,stInflow,reservoir
NO,h2830,23.765657238811222,scr2006,stInflow,reservoir
NO,h2831,23.765657238811222,scr2006,stInflow,reservoir
NO,h2832,23.765657238811222,scr2006,stInflow,reservoir
NO,h2833,23.765657238811222,scr2006,stInflow,reservoir
NO,h2834,23.765657238811222,scr2006,stInflow,reservoir
NO,h2835,23.765657238811222,scr2006,stInflow,reservoir
NO,h2836,23.765657238811222,scr2006,stInflow,reservoir
NO,h2837,23.765657238811222,scr2006,stInflow,reservoir
NO,h2838,23.765657238811222,scr2006,stInflow,reservoir
NO,h2839,23.765657238811222,scr2006,stInflow,reservoir
NO,h2840,23.765657238811222,scr2006,stInflow,reservoir
NO,h2841,23.765657238811222,scr2006,stInflow,reservoir
NO,h2842,23.765657238811222,scr2006,stInflow,reservoir
NO,h2843,23.765657238811222,scr2006,stInflow,reservoir
NO,h2844,23.765657238811222,scr2006,stInflow,reservoir
NO,h2845,23.765657238811222,scr2006,stInflow,reservoir
NO,h2846,23.765657238811222,scr2006,stInflow,reservoir
NO,h2847,23.765657238811222,scr2006,stInflow,reservoir
NO,h2848,23.765657238811222,scr2006,stInflow,reservoir
NO,h2849,23.765657238811222,scr2006,stInflow,reservoir
NO,h2850,23.765657238811222,scr2006,stInflow,reservoir
NO,h2851,23.765657238811222,scr2006,stInflow,reservoir
NO,h2852,23.765657238811222,scr2006,stInflow,reservoir
NO,h2853,23.765657238811222,scr2006,stInflow,reservoir
NO,h2854,23.765657238811222,scr2006,stInflow,reservoir
NO,h2855,23.765657238811222,scr2006,stInflow,reservoir
NO,h2856,23.765657238811222,scr2006,stInflow,reservoir
NO,h2857,23.765657238811222,scr2006,stInflow,reservoir
NO,h2858,23.765657238811222,scr2006,stInflow,reservoir
NO,h2859,23.765657238811222,scr2006,stInflow,reservoir
NO,h2860,23.765657238811222,scr2006,stInflow,reservoir
NO,h2861,23.765657238811222,scr2006,stInflow,reservoir
NO,h2862,23.765657238811222,scr2006,stInflow,reservoir
NO,h2863,23.765657238811222,scr2006,stInflow,reservoir
NO,h2864,23.765657238811222,scr2006,stInflow,reservoir
NO,h2865,23.765657238811222,scr2006,stInflow,reservoir
NO,h2866,23.765657238811222,scr2006,stInflow,reservoir
NO,h2867,23.765657238811222,scr2006,stInflow,reservoir
NO,h2868,23.765657238811222,scr2006,stInflow,reservoir
NO,h2869,23.765657238811222,scr2006,stInflow,reservoir
NO,h2870,23.765657238811222,scr2006,stInflow,reservoir
NO,h2871,23.765657238811222,scr2006,stInflow,reservoir
NO,h2872,23.765657238811222,scr2006,stInflow,reservoir
NO,h2873,23.765657238811222,scr2006,stInflow,reservoir
NO,h2874,23.765657238811222,scr2006,stInflow,reservoir
NO,h2875,23.765657238811222,scr2006,stInflow,reservoir
NO,h2876,23.765657238811222,scr2006,stInflow,reservoir
NO,h2877,23.765657238811222,scr2006,stInflow,reservoir
NO,h2878,23.765657238811222,scr2006,stInflow,reservoir
NO,h2879,23.765657238811222,scr2006,stInflow,reservoir
NO,h2880,23.765657238811222,scr2006,stInflow,reservoir
PT,h2161,0.02827781573988301,scr2006,stInflow,reservoir
PT,h2162,0.02827781573988301,scr2006,stInflow,reservoir
PT,h2163,0.02827781573988301,scr2006,stInflow,reservoir
PT,h2164,0.02827781573988301,scr2006,stInflow,reservoir
PT,h2165,0.02827781573988301,scr2006,stInflow,reservoir
PT,h2166,0.02827781573988301,scr2006,stInflow,reservoir
PT,h2167,0.02827781573988301,scr2006,stInflow,reservoir
PT,h2168,0.02827781573988301,scr2006,stInflow,reservoir
PT,h2169,0.02827781573988301,scr2006,stInflow,reservoir
PT,h2170,0.02827781573988301,scr2006,stInflow,reservoir
PT,h2171,0.02827781573988301,scr2006,stInflow,reservoir
PT,h2172,0.02827781573988301,scr2006,stInflow,reservoir
PT,h2173,0.02827781573988301,scr2006,stInflow,reservoir
PT,h2174,0.02827781573988301,scr2006,stInflow,reservoir
PT,h2175,0.02827781573988301,scr2006,stInflow,reservoir
PT,h2176,0.02827781573988301,scr2006,stInflow,reservoir
PT,h2177,0.02827781573988301,scr2006,stInflow,reservoir
PT,h2178,0.02827781573988301,scr2006,stInflow,reservoir
PT,h2179,0.02827781573988301,scr2006,stInflow,reservoir
PT,h2180,0.02827781573988301,scr2006,stInflow,reservoir
PT,h2181,0.02827781573988301,scr2006,stInflow,reservoir
PT,h2182,0.02827781573988301,scr2006,stInflow,reservoir
PT,h2183,0.02827781573988301,scr2006,stInflow,reservoir
PT,h2184,0.02827781573988301,scr2006,stInflow,reservoir
PT,h2185,0.02827781573988301,scr2006,stInflow,reservoir
PT,h2186,0.02827781573988301,scr2006,stInflow,reservoir
PT,h2187,0.02827781573988301,scr2006,stInflow,reservoir
PT,h2188,0.02827781573988301,scr2006,stInflow,reservoir
PT,h2189,0.02827781573988301,scr2006,stInflow,reservoir
PT,h2190,0.02827781573988301,scr2006,stInflow,reservoir
PT,h2191,0.02827781573988301,scr2006,stInflow,reservoir
PT,h2192,0.02827781573988301,scr2006,stInflow,reservoir
PT,h2193,0.02827781573988301,scr2006,stInflow,reservoir
PT,h2194,0.02827781573988301,scr2006,stInflow,reservoir
PT,h2195,0.02827781573988301,scr2006,stInflow,reservoir
PT,h2196,0.02827781573988301,scr2006,stInflow,reservoir
PT,h2197,0.02827781573988301,scr2006,stInflow,reservoir
PT,h2198,0.02827781573988301,scr2006,stInflow,reservoir
PT,h2199,0.02827781573988301,scr2006,stInflow,reservoir
PT,h2200,0.02827781573988301,scr2006,stInflow,reservoir
PT,h2201,0.02827781573988301,scr2006,stInflow,reservoir
PT,h2202,0.02827781573988301,scr2006,stInflow,reservoir
PT,h2203,0.02827781573988301,scr2006,stInflow,reservoir
PT,h2204,0.02827781573988301,scr2006,stInflow,reservoir
PT,h2205,0.02827781573988301,scr2006,stInflow,reservoir
PT,h2206,0.02827781573988301,scr2006,stInflow,reservoir
PT,h2207,0.02827781573988301,scr2006,stInflow,reservoir
PT,h2208,0.02827781573988301,scr2006,stInflow,reservoir
PT,h2209,0.02001199192158729,scr2006,stInflow,reservoir
PT,h2210,0.011746519903630381,scr2006,stInflow,reservoir
PT,h2211,0.003481690568339838,scr2006,stInflow,reservoir
PT,h2212,0.003481690568339838,scr2006,stInflow,reservoir
PT,h2213,0.003481690568339838,scr2006,stInflow,reservoir
PT,h2214,0.003481690568339838,scr2006,stInflow,reservoir
PT,h2215,0.003481690568339838,scr2006,stInflow,reservoir
PT,h2216,0.003481690568339838,scr2006,stInflow,reservoir
PT,h2217,0.003481690568339838,scr2006,stInflow,reservoir
PT,h2218,0.003481690568339838,scr2006,stInflow,reservoir
PT,h2219,0.003481690568339838,scr2006,stInflow,reservoir
PT,h2220,0.003481690568339838,scr2006,stInflow,reservoir
PT,h2221,0.003481690568339838,scr2006,stInflow,reservoir
PT,h2222,0.003481690568339838,scr2006,stInflow,reservoir
PT,h2223,0.003481690568339838,scr2006,stInflow,reservoir
PT,h2224,0.003481690568339838,scr2006,stInflow,reservoir
PT,h2225,0.003481690568339838,scr2006,stInflow,reservoir
PT,h2226,0.003481690568339838,scr2006,stInflow,reservoir
PT,h2227,0.003481690568339838,scr2006,stInflow,reservoir
PT,h2228,0.003481690568339838,scr2006,stInflow,reservoir
PT,h2229,0.003481690568339838,scr2006,stInflow,reservoir
PT,h2230,0.003481690568339838,scr2006,stInflow,reservoir
PT,h2231,0.003481690568339838,scr2006,stInflow,reservoir
PT,h2232,0.003481690568339838,scr2006,stInflow,reservoir
PT,h2233,0.003481690568339838,scr2006,stInflow,reservoir
PT,h2234,0.003481690568339838,scr2006,stInflow,reservoir
PT,h2235,0.003481690568339838,scr2006,stInflow,reservoir
PT,h2236,0.003481690568339838,scr2006,stInflow,reservoir
PT,h2237,0.003481690568339838,scr2006,stInflow,reservoir
PT,h2238,0.003481690568339838,scr2006,stInflow,reservoir
PT,h2239,0.003481690568339838,scr2006,stInflow,reservoir
PT,h2240,0.003481690568339838,scr2006,stInflow,reservoir
PT,h2241,0.003481690568339838,scr2006,stInflow,reservoir
PT,h2242,0.003481690568339838,scr2006,stInflow,reservoir
PT,h2243,0.003481690568339838,scr2006,stInflow,reservoir
PT,h2244,0.003481690568339838,scr2006,stInflow,reservoir
PT,h2245,0.003481690568339838,scr2006,stInflow,reservoir
PT,h2246,0.003481690568339838,scr2006,stInflow,reservoir
PT,h2247,0.003481690568339838,scr2006,stInflow,reservoir
PT,h2248,0.003481690568339838,scr2006,stInflow,reservoir
PT,h2249,0.003481690568339838,scr2006,stInflow,reservoir
PT,h2250,0.003481690568339838,scr2006,stInflow,reservoir
PT,h2251,0.003481690568339838,scr2006,stInflow,reservoir
PT,h2252,0.003481690568339838,scr2006,stInflow,reservoir
PT,h2253,0.003481690568339838,scr2006,stInflow,reservoir
PT,h2254,0.003481690568339838,scr2006,stInflow,reservoir
PT,h2255,0.003481690568339838,scr2006,stInflow,reservoir
PT,h2256,0.003481690568339838,scr2006,stInflow,reservoir
PT,h2257,0.003481690568339838,scr2006,stInflow,reservoir
PT,h2258,0.003481690568339838,scr2006,stInflow,reservoir
PT,h2259,0.003481690568339838,scr2006,stInflow,reservoir
PT,h2260,0.003481690568339838,scr2006,stInflow,reservoir
PT,h2261,0.003481690568339838,scr2006,stInflow,reservoir
PT,h2262,0.003481690568339838,scr2006,stInflow,reservoir
PT,h2263,0.003481690568339838,scr2006,stInflow,reservoir
PT,h2264,0.003481690568339838,scr2006,stInflow,reservoir
PT,h2265,0.003481690568339838,scr2006,stInflow,reservoir
PT,h2266,0.003481690568339838,scr2006,stInflow,reservoir
PT,h2267,0.003481690568339838,scr2006,stInflow,reservoir
PT,h2268,0.003481690568339838,scr2006,stInflow,reservoir
PT,h2269,0.003481690568339838,scr2006,stInflow,reservoir
PT,h2270,0.003481690568339838,scr2006,stInflow,reservoir
PT,h2271,0.003481690568339838,scr2006,stInflow,reservoir
PT,h2272,0.003481690568339838,scr2006,stInflow,reservoir
PT,h2273,0.003481690568339838,scr2006,stInflow,reservoir
PT,h2274,0.003481690568339838,scr2006,stInflow,reservoir
PT,h2275,0.003481690568339838,scr2006,stInflow,reservoir
PT,h2276,0.003481690568339838,scr2006,stInflow,reservoir
PT,h2277,0.003481690568339838,scr2006,stInflow,reservoir
PT,h2278,0.003481690568339838,scr2006,stInflow,reservoir
PT,h2279,0.003481690568339838,scr2006,stInflow,reservoir
PT,h2280,0.003481690568339838,scr2006,stInflow,reservoir
PT,h2281,0.003481690568339838,scr2006,stInflow,reservoir
PT,h2282,0.003481690568339838,scr2006,stInflow,reservoir
PT,h2283,0.003481690568339838,scr2006,stInflow,reservoir
PT,h2284,0.003481690568339838,scr2006,stInflow,reservoir
PT,h2285,0.003481690568339838,scr2006,stInflow,reservoir
PT,h2286,0.003481690568339838,scr2006,stInflow,reservoir
PT,h2287,0.003481690568339838,scr2006,stInflow,reservoir
PT,h2288,0.003481690568339838,scr2006,stInflow,reservoir
PT,h2289,0.003481690568339838,scr2006,stInflow,reservoir
PT,h2290,0.003481690568339838,scr2006,stInflow,reservoir
PT,h2291,0.003481690568339838,scr2006,stInflow,reservoir
PT,h2292,0.003481690568339838,scr2006,stInflow,reservoir
PT,h2293,0.003481690568339838,scr2006,stInflow,reservoir
PT,h2294,0.003481690568339838,scr2006,stInflow,reservoir
PT,h2295,0.003481690568339838,scr2006,stInflow,reservoir
PT,h2296,0.003481690568339838,scr2006,stInflow,reservoir
PT,h2297,0.003481690568339838,scr2006,stInflow,reservoir
PT,h2298,0.003481690568339838,scr2006,stInflow,reservoir
PT,h2299,0.003481690568339838,scr2006,stInflow,reservoir
PT,h2300,0.003481690568339838,scr2006,stInflow,reservoir
PT,h2301,0.003481690568339838,scr2006,stInflow,reservoir
PT,h2302,0.003481690568339838,scr2006,stInflow,reservoir
PT,h2303,0.003481690568339838,scr2006,stInflow,reservoir
PT,h2304,0.003481690568339838,scr2006,stInflow,reservoir
PT,h2305,0.003481690568339838,scr2006,stInflow,reservoir
PT,h2306,0.003481690568339838,scr2006,stInflow,reservoir
PT,h2307,0.003481690568339838,scr2006,stInflow,reservoir
PT,h2308,0.003481690568339838,scr2006,stInflow,reservoir
PT,h2309,0.003481690568339838,scr2006,stInflow,reservoir
PT,h2310,0.003481690568339838,scr2006,stInflow,reservoir
PT,h2311,0.003481690568339838,scr2006,stInflow,reservoir
PT,h2312,0.003481690568339838,scr2006,stInflow,reservoir
PT,h2313,0.003481690568339838,scr2006,stInflow,reservoir
PT,h2314,0.003481690568339838,scr2006,stInflow,reservoir
PT,h2315,0.003481690568339838,scr2006,stInflow,reservoir
PT,h2316,0.003481690568339838,scr2006,stInflow,reservoir
PT,h2317,0.003481690568339838,scr2006,stInflow,reservoir
PT,h2318,0.003481690568339838,scr2006,stInflow,reservoir
PT,h2319,0.003481690568339838,scr2006,stInflow,reservoir
PT,h2320,0.003481690568339838,scr2006,stInflow,reservoir
PT,h2321,0.003481690568339838,scr2006,stInflow,reservoir
PT,h2322,0.003481690568339838,scr2006,stInflow,reservoir
PT,h2323,0.003481690568339838,scr2006,stInflow,reservoir
PT,h2324,0.003481690568339838,scr2006,stInflow,reservoir
PT,h2325,0.003481690568339838,scr2006,stInflow,reservoir
PT,h2326,0.003481690568339838,scr2006,stInflow,reservoir
PT,h2327,0.003481690568339838,scr2006,stInflow,reservoir
PT,h2328,0.003481690568339838,scr2006,stInflow,reservoir
PT,h2329,0.003481690568339838,scr2006,stInflow,reservoir
PT,h2330,0.003481690568339838,scr2006,stInflow,reservoir
PT,h2331,0.003481690568339838,scr2006,stInflow,reservoir
PT,h2332,0.003481690568339838,scr2006,stInflow,reservoir
PT,h2333,0.003481690568339838,scr2006,stInflow,reservoir
PT,h2334,0.003481690568339838,scr2006,stInflow,reservoir
PT,h2335,0.003481690568339838,scr2006,stInflow,reservoir
PT,h2336,0.003481690568339838,scr2006,stInflow,reservoir
PT,h2337,0.003481690568339838,scr2006,stInflow,reservoir
PT,h2338,0.003481690568339838,scr2006,stInflow,reservoir
PT,h2339,0.003481690568339838,scr2006,stInflow,reservoir
PT,h2340,0.003481690568339838,scr2006,stInflow,reservoir
PT,h2341,0.003481690568339838,scr2006,stInflow,reservoir
PT,h2342,0.003481690568339838,scr2006,stInflow,reservoir
PT,h2343,0.003481690568339838,scr2006,stInflow,reservoir
PT,h2344,0.003481690568339838,scr2006,stInflow,reservoir
PT,h2345,0.003481690568339838,scr2006,stInflow,reservoir
PT,h2346,0.003481690568339838,scr2006,stInflow,reservoir
PT,h2347,0.003481690568339838,scr2006,stInflow,reservoir
PT,h2348,0.003481690568339838,scr2006,stInflow,reservoir
PT,h2349,0.003481690568339838,scr2006,stInflow,reservoir
PT,h2350,0.003481690568339838,scr2006,stInflow,reservoir
PT,h2351,0.003481690568339838,scr2006,stInflow,reservoir
PT,h2352,0.003481690568339838,scr2006,stInflow,reservoir
PT,h2353,0.003481690568339838,scr2006,stInflow,reservoir
PT,h2354,0.003481690568339838,scr2006,stInflow,reservoir
PT,h2355,0.003481690568339838,scr2006,stInflow,reservoir
PT,h2356,0.003481690568339838,scr2006,stInflow,reservoir
PT,h2357,0.003481690568339838,scr2006,stInflow,reservoir
PT,h2358,0.003481690568339838,scr2006,stInflow,reservoir
PT,h2359,0.003481690568339838,scr2006,stInflow,reservoir
PT,h2360,0.003481690568339838,scr2006,stInflow,reservoir
PT,h2361,0.003481690568339838,scr2006,stInflow,reservoir
PT,h2362,0.003481690568339838,scr2006,stInflow,reservoir
PT,h2363,0.003481690568339838,scr2006,stInflow,reservoir
PT,h2364,0.003481690568339838,scr2006,stInflow,reservoir
PT,h2365,0.003481690568339838,scr2006,stInflow,reservoir
PT,h2366,0.003481690568339838,scr2006,stInflow,reservoir
PT,h2367,0.003481690568339838,scr2006,stInflow,reservoir
PT,h2368,0.003481690568339838,scr2006,stInflow,reservoir
PT,h2369,0.003481690568339838,scr2006,stInflow,reservoir
PT,h2370,0.003481690568339838,scr2006,stInflow,reservoir
PT,h2371,0.003481690568339838,scr2006,stInflow,reservoir
PT,h2372,0.003481690568339838,scr2006,stInflow,reservoir
PT,h2373,0.003481690568339838,scr2006,stInflow,reservoir
PT,h2374,0.003481690568339838,scr2006,stInflow,reservoir
PT,h2375,0.003481690568339838,scr2006,stInflow,reservoir
PT,h2376,0.003481690568339838,scr2006,stInflow,reservoir
PT,h2377,0.0023210329338650094,scr2006,stInflow,reservoir
PT,h2378,0.0011604360288486036,scr2006,stInflow,reservoir
PT,h2379,0.0,scr2006,stInflow,reservoir
PT,h2380,0.0,scr2006,stInflow,reservoir
PT,h2381,0.0,scr2006,stInflow,reservoir
PT,h2382,0.0,scr2006,stInflow,reservoir
PT,h2383,0.0,scr2006,stInflow,reservoir
PT,h2384,0.0,scr2006,stInflow,reservoir
PT,h2385,0.0,scr2006,stInflow,reservoir
PT,h2386,0.0,scr2006,stInflow,reservoir
PT,h2387,0.0,scr2006,stInflow,reservoir
PT,h2388,0.0,scr2006,stInflow,reservoir
PT,h2389,0.0,scr2006,stInflow,reservoir
PT,h2390,0.0,scr2006,stInflow,reservoir
PT,h2391,0.0,scr2006,stInflow,reservoir
PT,h2392,0.0,scr2006,stInflow,reservoir
PT,h2393,0.0,scr2006,stInflow,reservoir
PT,h2394,0.0,scr2006,stInflow,reservoir
PT,h2395,0.0,scr2006,stInflow,reservoir
PT,h2396,0.0,scr2006,stInflow,reservoir
PT,h2397,0.0,scr2006,stInflow,reservoir
PT,h2398,0.0,scr2006,stInflow,reservoir
PT,h2399,0.0,scr2006,stInflow,reservoir
PT,h2400,0.0,scr2006,stInflow,reservoir
PT,h2401,0.0,scr2006,stInflow,reservoir
PT,h2402,0.0,scr2006,stInflow,reservoir
PT,h2403,0.0,scr2006,stInflow,reservoir
PT,h2404,0.0,scr2006,stInflow,reservoir
PT,h2405,0.0,scr2006,stInflow,reservoir
PT,h2406,0.0,scr2006,stInflow,reservoir
PT,h2407,0.0,scr2006,stInflow,reservoir
PT,h2408,0.0,scr2006,stInflow,reservoir
PT,h2409,0.0,scr2006,stInflow,reservoir
PT,h2410,0.0,scr2006,stInflow,reservoir
PT,h2411,0.0,scr2006,stInflow,reservoir
PT,h2412,0.0,scr2006,stInflow,reservoir
PT,h2413,0.0,scr2006,stInflow,reservoir
PT,h2414,0.0,scr2006,stInflow,reservoir
PT,h2415,0.0,scr2006,stInflow,reservoir
PT,h2416,0.0,scr2006,stInflow,reservoir
PT,h2417,0.0,scr2006,stInflow,reservoir
PT,h2418,0.0,scr2006,stInflow,reservoir
PT,h2419,0.0,scr2006,stInflow,reservoir
PT,h2420,0.0,scr2006,stInflow,reservoir
PT,h2421,0.0,scr2006,stInflow,reservoir
PT,h2422,0.0,scr2006,stInflow,reservoir
PT,h2423,0.0,scr2006,stInflow,reservoir
PT,h2424,0.0,scr2006,stInflow,reservoir
PT,h2425,0.0,scr2006,stInflow,reservoir
PT,h2426,0.0,scr2006,stInflow,reservoir
PT,h2427,0.0,scr2006,stInflow,reservoir
PT,h2428,0.0,scr2006,stInflow,reservoir
PT,h2429,0.0,scr2006,stInflow,reservoir
PT,h2430,0.0,scr2006,stInflow,reservoir
PT,h2431,0.0,scr2006,stInflow,reservoir
PT,h2432,0.0,scr2006,stInflow,reservoir
PT,h2433,0.0,scr2006,stInflow,reservoir
PT,h2434,0.0,scr2006,stInflow,reservoir
PT,h2435,0.0,scr2006,stInflow,reservoir
PT,h2436,0.0,scr2006,stInflow,reservoir
PT,h2437,0.0,scr2006,stInflow,reservoir
PT,h2438,0.0,scr2006,stInflow,reservoir
PT,h2439,0.0,scr2006,stInflow,reservoir
PT,h2440,0.0,scr2006,stInflow,reservoir
PT,h2441,0.0,scr2006,stInflow,reservoir
PT,h2442,0.0,scr2006,stInflow,reservoir
PT,h2443,0.0,scr2006,stInflow,reservoir
PT,h2444,0.0,scr2006,stInflow,reservoir
PT,h2445,0.0,scr2006,stInflow,reservoir
PT,h2446,0.0,scr2006,stInflow,reservoir
PT,h2447,0.0,scr2006,stInflow,reservoir
PT,h2448,0.0,scr2006,stInflow,reservoir
PT,h2449,0.0,scr2006,stInflow,reservoir
PT,h2450,0.0,scr2006,stInflow,reservoir
PT,h2451,0.0,scr2006,stInflow,reservoir
PT,h2452,0.0,scr2006,stInflow,reservoir
PT,h2453,0.0,scr2006,stInflow,reservoir
PT,h2454,0.0,scr2006,stInflow,reservoir
PT,h2455,0.0,scr2006,stInflow,reservoir
PT,h2456,0.0,scr2006,stInflow,reservoir
PT,h2457,0.0,scr2006,stInflow,reservoir
PT,h2458,0.0,scr2006,stInflow,reservoir
PT,h2459,0.0,scr2006,stInflow,reservoir
PT,h2460,0.0,scr2006,stInflow,reservoir
PT,h2461,0.0,scr2006,stInflow,reservoir
PT,h2462,0.0,scr2006,stInflow,reservoir
PT,h2463,0.0,scr2006,stInflow,reservoir
PT,h2464,0.0,scr2006,stInflow,reservoir
PT,h2465,0.0,scr2006,stInflow,reservoir
PT,h2466,0.0,scr2006,stInflow,reservoir
PT,h2467,0.0,scr2006,stInflow,reservoir
PT,h2468,0.0,scr2006,stInflow,reservoir
PT,h2469,0.0,scr2006,stInflow,reservoir
PT,h2470,0.0,scr2006,stInflow,reservoir
PT,h2471,0.0,scr2006,stInflow,reservoir
PT,h2472,0.0,scr2006,stInflow,reservoir
PT,h2473,0.0,scr2006,stInflow,reservoir
PT,h2474,0.0,scr2006,stInflow,reservoir
PT,h2475,0.0,scr2006,stInflow,reservoir
PT,h2476,0.0,scr2006,stInflow,reservoir
PT,h2477,0.0,scr2006,stInflow,reservoir
PT,h2478,0.0,scr2006,stInflow,reservoir
PT,h2479,0.0,scr2006,stInflow,reservoir
PT,h2480,0.0,scr2006,stInflow,reservoir
PT,h2481,0.0,scr2006,stInflow,reservoir
PT,h2482,0.0,scr2006,stInflow,reservoir
PT,h2483,0.0,scr2006,stInflow,reservoir
PT,h2484,0.0,scr2006,stInflow,reservoir
PT,h2485,0.0,scr2006,stInflow,reservoir
PT,h2486,0.0,scr2006,stInflow,reservoir
PT,h2487,0.0,scr2006,stInflow,reservoir
PT,h2488,0.0,scr2006,stInflow,reservoir
PT,h2489,0.0,scr2006,stInflow,reservoir
PT,h2490,0.0,scr2006,stInflow,reservoir
PT,h2491,0.0,scr2006,stInflow,reservoir
PT,h2492,0.0,scr2006,stInflow,reservoir
PT,h2493,0.0,scr2006,stInflow,reservoir
PT,h2494,0.0,scr2006,stInflow,reservoir
PT,h2495,0.0,scr2006,stInflow,reservoir
PT,h2496,0.0,scr2006,stInflow,reservoir
PT,h2497,0.0,scr2006,stInflow,reservoir
PT,h2498,0.0,scr2006,stInflow,reservoir
PT,h2499,0.0,scr2006,stInflow,reservoir
PT,h2500,0.0,scr2006,stInflow,reservoir
PT,h2501,0.0,scr2006,stInflow,reservoir
PT,h2502,0.0,scr2006,stInflow,reservoir
PT,h2503,0.0,scr2006,stInflow,reservoir
PT,h2504,0.0,scr2006,stInflow,reservoir
PT,h2505,0.0,scr2006,stInflow,reservoir
PT,h2506,0.0,scr2006,stInflow,reservoir
PT,h2507,0.0,scr2006,stInflow,reservoir
PT,h2508,0.0,scr2006,stInflow,reservoir
PT,h2509,0.0,scr2006,stInflow,reservoir
PT,h2510,0.0,scr2006,stInflow,reservoir
PT,h2511,0.0,scr2006,stInflow,reservoir
PT,h2512,0.0,scr2006,stInflow,reservoir
PT,h2513,0.0,scr2006,stInflow,reservoir
PT,h2514,0.0,scr2006,stInflow,reservoir
PT,h2515,0.0,scr2006,stInflow,reservoir
PT,h2516,0.0,scr2006,stInflow,reservoir
PT,h2517,0.0,scr2006,stInflow,reservoir
PT,h2518,0.0,scr2006,stInflow,reservoir
PT,h2519,0.0,scr2006,stInflow,reservoir
PT,h2520,0.0,scr2006,stInflow,reservoir
PT,h2521,0.0,scr2006,stInflow,reservoir
PT,h2522,0.0,scr2006,stInflow,reservoir
PT,h2523,0.0,scr2006,stInflow,reservoir
PT,h2524,0.0,scr2006,stInflow,reservoir
PT,h2525,0.0,scr2006,stInflow,reservoir
PT,h2526,0.0,scr2006,stInflow,reservoir
PT,h2527,0.0,scr2006,stInflow,reservoir
PT,h2528,0.0,scr2006,stInflow,reservoir
PT,h2529,0.0,scr2006,stInflow,reservoir
PT,h2530,0.0,scr2006,stInflow,reservoir
PT,h2531,0.0,scr2006,stInflow,reservoir
PT,h2532,0.0,scr2006,stInflow,reservoir
PT,h2533,0.0,scr2006,stInflow,reservoir
PT,h2534,0.0,scr2006,stInflow,reservoir
PT,h2535,0.0,scr2006,stInflow,reservoir
PT,h2536,0.0,scr2006,stInflow,reservoir
PT,h2537,0.0,scr2006,stInflow,reservoir
PT,h2538,0.0,scr2006,stInflow,reservoir
PT,h2539,0.0,scr2006,stInflow,reservoir
PT,h2540,0.0,scr2006,stInflow,reservoir
PT,h2541,0.0,scr2006,stInflow,reservoir
PT,h2542,0.0,scr2006,stInflow,reservoir
PT,h2543,0.0,scr2006,stInflow,reservoir
PT,h2544,0.0,scr2006,stInflow,reservoir
PT,h2545,0.0,scr2006,stInflow,reservoir
PT,h2546,0.0,scr2006,stInflow,reservoir
PT,h2547,0.0,scr2006,stInflow,reservoir
PT,h2548,0.0,scr2006,stInflow,reservoir
PT,h2549,0.0,scr2006,stInflow,reservoir
PT,h2550,0.0,scr2006,stInflow,reservoir
PT,h2551,0.0,scr2006,stInflow,reservoir
PT,h2552,0.0,scr2006,stInflow,reservoir
PT,h2553,0.0,scr2006,stInflow,reservoir
PT,h2554,0.0,scr2006,stInflow,reservoir
PT,h2555,0.0,scr2006,stInflow,reservoir
PT,h2556,0.0,scr2006,stInflow,reservoir
PT,h2557,0.0,scr2006,stInflow,reservoir
PT,h2558,0.0,scr2006,stInflow,reservoir
PT,h2559,0.0,scr2006,stInflow,reservoir
PT,h2560,0.0,scr2006,stInflow,reservoir
PT,h2561,0.0,scr2006,stInflow,reservoir
PT,h2562,0.0,scr2006,stInflow,reservoir
PT,h2563,0.0,scr2006,stInflow,reservoir
PT,h2564,0.0,scr2006,stInflow,reservoir
PT,h2565,0.0,scr2006,stInflow,reservoir
PT,h2566,0.0,scr2006,stInflow,reservoir
PT,h2567,0.0,scr2006,stInflow,reservoir
PT,h2568,0.0,scr2006,stInflow,reservoir
PT,h2569,0.0,scr2006,stInflow,reservoir
PT,h2570,0.0,scr2006,stInflow,reservoir
PT,h2571,0.0,scr2006,stInflow,reservoir
PT,h2572,0.0,scr2006,stInflow,reservoir
PT,h2573,0.0,scr2006,stInflow,reservoir
PT,h2574,0.0,scr2006,stInflow,reservoir
PT,h2575,0.0,scr2006,stInflow,reservoir
PT,h2576,0.0,scr2006,stInflow,reservoir
PT,h2577,0.0,scr2006,stInflow,reservoir
PT,h2578,0.0,scr2006,stInflow,reservoir
PT,h2579,0.0,scr2006,stInflow,reservoir
PT,h2580,0.0,scr2006,stInflow,reservoir
PT,h2581,0.0,scr2006,stInflow,reservoir
PT,h2582,0.0,scr2006,stInflow,reservoir
PT,h2583,0.0,scr2006,stInflow,reservoir
PT,h2584,0.0,scr2006,stInflow,reservoir
PT,h2585,0.0,scr2006,stInflow,reservoir
PT,h2586,0.0,scr2006,stInflow,reservoir
PT,h2587,0.0,scr2006,stInflow,reservoir
PT,h2588,0.0,scr2006,stInflow,reservoir
PT,h2589,0.0,scr2006,stInflow,reservoir
PT,h2590,0.0,scr2006,stInflow,reservoir
PT,h2591,0.0,scr2006,stInflow,reservoir
PT,h2592,0.0,scr2006,stInflow,reservoir
PT,h2593,0.0,scr2006,stInflow,reservoir
PT,h2594,0.0,scr2006,stInflow,reservoir
PT,h2595,0.0,scr2006,stInflow,reservoir
PT,h2596,0.0,scr2006,stInflow,reservoir
PT,h2597,0.0,scr2006,stInflow,reservoir
PT,h2598,0.0,scr2006,stInflow,reservoir
PT,h2599,0.0,scr2006,stInflow,reservoir
PT,h2600,0.0,scr2006,stInflow,reservoir
PT,h2601,0.0,scr2006,stInflow,reservoir
PT,h2602,0.0,scr2006,stInflow,reservoir
PT,h2603,0.0,scr2006,stInflow,reservoir
PT,h2604,0.0,scr2006,stInflow,reservoir
PT,h2605,0.0,scr2006,stInflow,reservoir
PT,h2606,0.0,scr2006,stInflow,reservoir
PT,h2607,0.0,scr2006,stInflow,reservoir
PT,h2608,0.0,scr2006,stInflow,reservoir
PT,h2609,0.0,scr2006,stInflow,reservoir
PT,h2610,0.0,scr2006,stInflow,reservoir
PT,h2611,0.0,scr2006,stInflow,reservoir
PT,h2612,0.0,scr2006,stInflow,reservoir
PT,h2613,0.0,scr2006,stInflow,reservoir
PT,h2614,0.0,scr2006,stInflow,reservoir
PT,h2615,0.0,scr2006,stInflow,reservoir
PT,h2616,0.0,scr2006,stInflow,reservoir
PT,h2617,0.0,scr2006,stInflow,reservoir
PT,h2618,0.0,scr2006,stInflow,reservoir
PT,h2619,0.0,scr2006,stInflow,reservoir
PT,h2620,0.0,scr2006,stInflow,reservoir
PT,h2621,0.0,scr2006,stInflow,reservoir
PT,h2622,0.0,scr2006,stInflow,reservoir
PT,h2623,0.0,scr2006,stInflow,reservoir
PT,h2624,0.0,scr2006,stInflow,reservoir
PT,h2625,0.0,scr2006,stInflow,reservoir
PT,h2626,0.0,scr2006,stInflow,reservoir
PT,h2627,0.0,scr2006,stInflow,reservoir
PT,h2628,0.0,scr2006,stInflow,reservoir
PT,h2629,0.0,scr2006,stInflow,reservoir
PT,h2630,0.0,scr2006,stInflow,reservoir
PT,h2631,0.0,scr2006,stInflow,reservoir
PT,h2632,0.0,scr2006,stInflow,reservoir
PT,h2633,0.0,scr2006,stInflow,reservoir
PT,h2634,0.0,scr2006,stInflow,reservoir
PT,h2635,0.0,scr2006,stInflow,reservoir
PT,h2636,0.0,scr2006,stInflow,reservoir
PT,h2637,0.0,scr2006,stInflow,reservoir
PT,h2638,0.0,scr2006,stInflow,reservoir
PT,h2639,0.0,scr2006,stInflow,reservoir
PT,h2640,0.0,scr2006,stInflow,reservoir
PT,h2641,0.0,scr2006,stInflow,reservoir
PT,h2642,0.0,scr2006,stInflow,reservoir
PT,h2643,0.0,scr2006,stInflow,reservoir
PT,h2644,0.0,scr2006,stInflow,reservoir
PT,h2645,0.0,scr2006,stInflow,reservoir
PT,h2646,0.0,scr2006,stInflow,reservoir
PT,h2647,0.0,scr2006,stInflow,reservoir
PT,h2648,0.0,scr2006,stInflow,reservoir
PT,h2649,0.0,scr2006,stInflow,reservoir
PT,h2650,0.0,scr2006,stInflow,reservoir
PT,h2651,0.0,scr2006,stInflow,reservoir
PT,h2652,0.0,scr2006,stInflow,reservoir
PT,h2653,0.0,scr2006,stInflow,reservoir
PT,h2654,0.0,scr2006,stInflow,reservoir
PT,h2655,0.0,scr2006,stInflow,reservoir
PT,h2656,0.0,scr2006,stInflow,reservoir
PT,h2657,0.0,scr2006,stInflow,reservoir
PT,h2658,0.0,scr2006,stInflow,reservoir
PT,h2659,0.0,scr2006,stInflow,reservoir
PT,h2660,0.0,scr2006,stInflow,reservoir
PT,h2661,0.0,scr2006,stInflow,reservoir
PT,h2662,0.0,scr2006,stInflow,reservoir
PT,h2663,0.0,scr2006,stInflow,reservoir
PT,h2664,0.0,scr2006,stInflow,reservoir
PT,h2665,0.0,scr2006,stInflow,reservoir
PT,h2666,0.0,scr2006,stInflow,reservoir
PT,h2667,0.0,scr2006,stInflow,reservoir
PT,h2668,0.0,scr2006,stInflow,reservoir
PT,h2669,0.0,scr2006,stInflow,reservoir
PT,h2670,0.0,scr2006,stInflow,reservoir
PT,h2671,0.0,scr2006,stInflow,reservoir
PT,h2672,0.0,scr2006,stInflow,reservoir
PT,h2673,0.0,scr2006,stInflow,reservoir
PT,h2674,0.0,scr2006,stInflow,reservoir
PT,h2675,0.0,scr2006,stInflow,reservoir
PT,h2676,0.0,scr2006,stInflow,reservoir
PT,h2677,0.0,scr2006,stInflow,reservoir
PT,h2678,0.0,scr2006,stInflow,reservoir
PT,h2679,0.0,scr2006,stInflow,reservoir
PT,h2680,0.0,scr2006,stInflow,reservoir
PT,h2681,0.0,scr2006,stInflow,reservoir
PT,h2682,0.0,scr2006,stInflow,reservoir
PT,h2683,0.0,scr2006,stInflow,reservoir
PT,h2684,0.0,scr2006,stInflow,reservoir
PT,h2685,0.0,scr2006,stInflow,reservoir
PT,h2686,0.0,scr2006,stInflow,reservoir
PT,h2687,0.0,scr2006,stInflow,reservoir
PT,h2688,0.0,scr2006,stInflow,reservoir
PT,h2689,0.0,scr2006,stInflow,reservoir
PT,h2690,0.0,scr2006,stInflow,reservoir
PT,h2691,0.0,scr2006,stInflow,reservoir
PT,h2692,0.0,scr2006,stInflow,reservoir
PT,h2693,0.0,scr2006,stInflow,reservoir
PT,h2694,0.0,scr2006,stInflow,reservoir
PT,h2695,0.0,scr2006,stInflow,reservoir
PT,h2696,0.0,scr2006,stInflow,reservoir
PT,h2697,0.0,scr2006,stInflow,reservoir
PT,h2698,0.0,scr2006,stInflow,reservoir
PT,h2699,0.0,scr2006,stInflow,reservoir
PT,h2700,0.0,scr2006,stInflow,reservoir
PT,h2701,0.0,scr2006,stInflow,reservoir
PT,h2702,0.0,scr2006,stInflow,reservoir
PT,h2703,0.0,scr2006,stInflow,reservoir
PT,h2704,0.0,scr2006,stInflow,reservoir
PT,h2705,0.0,scr2006,stInflow,reservoir
PT,h2706,0.0,scr2006,stInflow,reservoir
PT,h2707,0.0,scr2006,stInflow,reservoir
PT,h2708,0.0,scr2006,stInflow,reservoir
PT,h2709,0.0,scr2006,stInflow,reservoir
PT,h2710,0.0,scr2006,stInflow,reservoir
PT,h2711,0.0,scr2006,stInflow,reservoir
PT,h2712,0.0,scr2006,stInflow,reservoir
PT,h2713,0.01609548074557691,scr2006,stInflow,reservoir
PT,h2714,0.032193192875906544,scr2006,stInflow,reservoir
PT,h2715,0.0482917473360195,scr2006,stInflow,reservoir
PT,h2716,0.0482917473360195,scr2006,stInflow,reservoir
PT,h2717,0.0482917473360195,scr2006,stInflow,reservoir
PT,h2718,0.0482917473360195,scr2006,stInflow,reservoir
PT,h2719,0.0482917473360195,scr2006,stInflow,reservoir
PT,h2720,0.0482917473360195,scr2006,stInflow,reservoir
PT,h2721,0.0482917473360195,scr2006,stInflow,reservoir
PT,h2722,0.0482917473360195,scr2006,stInflow,reservoir
PT,h2723,0.0482917473360195,scr2006,stInflow,reservoir
PT,h2724,0.0482917473360195,scr2006,stInflow,reservoir
PT,h2725,0.0482917473360195,scr2006,stInflow,reservoir
PT,h2726,0.0482917473360195,scr2006,stInflow,reservoir
PT,h2727,0.0482917473360195,scr2006,stInflow,reservoir
PT,h2728,0.0482917473360195,scr2006,stInflow,reservoir
PT,h2729,0.0482917473360195,scr2006,stInflow,reservoir
PT,h2730,0.0482917473360195,scr2006,stInflow,reservoir
PT,h2731,0.0482917473360195,scr2006,stInflow,reservoir
PT,h2732,0.0482917473360195,scr2006,stInflow,reservoir
PT,h2733,0.0482917473360195,scr2006,stInflow,reservoir
PT,h2734,0.0482917473360195,scr2006,stInflow,reservoir
PT,h2735,0.0482917473360195,scr2006,stInflow,reservoir
PT,h2736,0.0482917473360195,scr2006,stInflow,reservoir
PT,h2737,0.0482917473360195,scr2006,stInflow,reservoir
PT,h2738,0.0482917473360195,scr2006,stInflow,reservoir
PT,h2739,0.0482917473360195,scr2006,stInflow,reservoir
PT,h2740,0.0482917473360195,scr2006,stInflow,reservoir
PT,h2741,0.0482917473360195,scr2006,stInflow,reservoir
PT,h2742,0.0482917473360195,scr2006,stInflow,reservoir
PT,h2743,0.0482917473360195,scr2006,stInflow,reservoir
PT,h2744,0.0482917473360195,scr2006,stInflow,reservoir
PT,h2745,0.0482917473360195,scr2006,stInflow,reservoir
PT,h2746,0.0482917473360195,scr2006,stInflow,reservoir
PT,h2747,0.0482917473360195,scr2006,stInflow,reservoir
PT,h2748,0.0482917473360195,scr2006,stInflow,reservoir
PT,h2749,0.0482917473360195,scr2006,stInflow,reservoir
PT,h2750,0.0482917473360195,scr2006,stInflow,reservoir
PT,h2751,0.0482917473360195,scr2006,stInflow,reservoir
PT,h2752,0.0482917473360195,scr2006,stInflow,reservoir
PT,h2753,0.0482917473360195,scr2006,stInflow,reservoir
PT,h2754,0.0482917473360195,scr2006,stInflow,reservoir
PT,h2755,0.0482917473360195,scr2006,stInflow,reservoir
PT,h2756,0.0482917473360195,scr2006,stInflow,reservoir
PT,h2757,0.0482917473360195,scr2006,stInflow,reservoir
PT,h2758,0.0482917473360195,scr2006,stInflow,reservoir
PT,h2759,0.0482917473360195,scr2006,stInflow,reservoir
PT,h2760,0.0482917473360195,scr2006,stInflow,reservoir
PT,h2761,0.0482917473360195,scr2006,stInflow,reservoir
PT,h2762,0.0482917473360195,scr2006,stInflow,reservoir
PT,h2763,0.0482917473360195,scr2006,stInflow,reservoir
PT,h2764,0.0482917473360195,scr2006,stInflow,reservoir
PT,h2765,0.0482917473360195,scr2006,stInflow,reservoir
PT,h2766,0.0482917473360195,scr2006,stInflow,reservoir
PT,h2767,0.0482917473360195,scr2006,stInflow,reservoir
PT,h2768,0.0482917473360195,scr2006,stInflow,reservoir
PT,h2769,0.0482917473360195,scr2006,stInflow,reservoir
PT,h2770,0.0482917473360195,scr2006,stInflow,reservoir
PT,h2771,0.0482917473360195,scr2006,stInflow,reservoir
PT,h2772,0.0482917473360195,scr2006,stInflow,reservoir
PT,h2773,0.0482917473360195,scr2006,stInflow,reservoir
PT,h2774,0.0482917473360195,scr2006,stInflow,reservoir
PT,h2775,0.0482917473360195,scr2006,stInflow,reservoir
PT,h2776,0.0482917473360195,scr2006,stInflow,reservoir
PT,h2777,0.0482917473360195,scr2006,stInflow,reservoir
PT,h2778,0.0482917473360195,scr2006,stInflow,reservoir
PT,h2779,0.0482917473360195,scr2006,stInflow,reservoir
PT,h2780,0.0482917473360195,scr2006,stInflow,reservoir
PT,h2781,0.0482917473360195,scr2006,stInflow,reservoir
PT,h2782,0.0482917473360195,scr2006,stInflow,reservoir
PT,h2783,0.0482917473360195,scr2006,stInflow,reservoir
PT,h2784,0.0482917473360195,scr2006,stInflow,reservoir
PT,h2785,0.0482917473360195,scr2006,stInflow,reservoir
PT,h2786,0.0482917473360195,scr2006,stInflow,reservoir
PT,h2787,0.0482917473360195,scr2006,stInflow,reservoir
PT,h2788,0.0482917473360195,scr2006,stInflow,reservoir
PT,h2789,0.0482917473360195,scr2006,stInflow,reservoir
PT,h2790,0.0482917473360195,scr2006,stInflow,reservoir
PT,h2791,0.0482917473360195,scr2006,stInflow,reservoir
PT,h2792,0.0482917473360195,scr2006,stInflow,reservoir
PT,h2793,0.0482917473360195,scr2006,stInflow,reservoir
PT,h2794,0.0482917473360195,scr2006,stInflow,reservoir
PT,h2795,0.0482917473360195,scr2006,stInflow,reservoir
PT,h2796,0.0482917473360195,scr2006,stInflow,reservoir
PT,h2797,0.0482917473360195,scr2006,stInflow,reservoir
PT,h2798,0.0482917473360195,scr2006,stInflow,reservoir
PT,h2799,0.0482917473360195,scr2006,stInflow,reservoir
PT,h2800,0.0482917473360195,scr2006,stInflow,reservoir
PT,h2801,0.0482917473360195,scr2006,stInflow,reservoir
PT,h2802,0.0482917473360195,scr2006,stInflow,reservoir
PT,h2803,0.0482917473360195,scr2006,stInflow,reservoir
PT,h2804,0.0482917473360195,scr2006,stInflow,reservoir
PT,h2805,0.0482917473360195,scr2006,stInflow,reservoir
PT,h2806,0.0482917473360195,scr2006,stInflow,reservoir
PT,h2807,0.0482917473360195,scr2006,stInflow,reservoir
PT,h2808,0.0482917473360195,scr2006,stInflow,reservoir
PT,h2809,0.0482917473360195,scr2006,stInflow,reservoir
PT,h2810,0.0482917473360195,scr2006,stInflow,reservoir
PT,h2811,0.0482917473360195,scr2006,stInflow,reservoir
PT,h2812,0.0482917473360195,scr2006,stInflow,reservoir
PT,h2813,0.0482917473360195,scr2006,stInflow,reservoir
PT,h2814,0.0482917473360195,scr2006,stInflow,reservoir
PT,h2815,0.0482917473360195,scr2006,stInflow,reservoir
PT,h2816,0.0482917473360195,scr2006,stInflow,reservoir
PT,h2817,0.0482917473360195,scr2006,stInflow,reservoir
PT,h2818,0.0482917473360195,scr2006,stInflow,reservoir
PT,h2819,0.0482917473360195,scr2006,stInflow,reservoir
PT,h2820,0.0482917473360195,scr2006,stInflow,reservoir
PT,h2821,0.0482917473360195,scr2006,stInflow,reservoir
PT,h2822,0.0482917473360195,scr2006,stInflow,reservoir
PT,h2823,0.0482917473360195,scr2006,stInflow,reservoir
PT,h2824,0.0482917473360195,scr2006,stInflow,reservoir
PT,h2825,0.0482917473360195,scr2006,stInflow,reservoir
PT,h2826,0.0482917473360195,scr2006,stInflow,reservoir
PT,h2827,0.0482917473360195,scr2006,stInflow,reservoir
PT,h2828,0.0482917473360195,scr2006,stInflow,reservoir
PT,h2829,0.0482917473360195,scr2006,stInflow,reservoir
PT,h2830,0.0482917473360195,scr2006,stInflow,reservoir
PT,h2831,0.0482917473360195,scr2006,stInflow,reservoir
PT,h2832,0.0482917473360195,scr2006,stInflow,reservoir
PT,h2833,0.0482917473360195,scr2006,stInflow,reservoir
PT,h2834,0.0482917473360195,scr2006,stInflow,reservoir
PT,h2835,0.0482917473360195,scr2006,stInflow,reservoir
PT,h2836,0.0482917473360195,scr2006,stInflow,reservoir
PT,h2837,0.0482917473360195,scr2006,stInflow,reservoir
PT,h2838,0.0482917473360195,scr2006,stInflow,reservoir
PT,h2839,0.0482917473360195,scr2006,stInflow,reservoir
PT,h2840,0.0482917473360195,scr2006,stInflow,reservoir
PT,h2841,0.0482917473360195,scr2006,stInflow,reservoir
PT,h2842,0.0482917473360195,scr2006,stInflow,reservoir
PT,h2843,0.0482917473360195,scr2006,stInflow,reservoir
PT,h2844,0.0482917473360195,scr2006,stInflow,reservoir
PT,h2845,0.0482917473360195,scr2006,stInflow,reservoir
PT,h2846,0.0482917473360195,scr2006,stInflow,reservoir
PT,h2847,0.0482917473360195,scr2006,stInflow,reservoir
PT,h2848,0.0482917473360195,scr2006,stInflow,reservoir
PT,h2849,0.0482917473360195,scr2006,stInflow,reservoir
PT,h2850,0.0482917473360195,scr2006,stInflow,reservoir
PT,h2851,0.0482917473360195,scr2006,stInflow,reservoir
PT,h2852,0.0482917473360195,scr2006,stInflow,reservoir
PT,h2853,0.0482917473360195,scr2006,stInflow,reservoir
PT,h2854,0.0482917473360195,scr2006,stInflow,reservoir
PT,h2855,0.0482917473360195,scr2006,stInflow,reservoir
PT,h2856,0.0482917473360195,scr2006,stInflow,reservoir
PT,h2857,0.0482917473360195,scr2006,stInflow,reservoir
PT,h2858,0.0482917473360195,scr2006,stInflow,reservoir
PT,h2859,0.0482917473360195,scr2006,stInflow,reservoir
PT,h2860,0.0482917473360195,scr2006,stInflow,reservoir
PT,h2861,0.0482917473360195,scr2006,stInflow,reservoir
PT,h2862,0.0482917473360195,scr2006,stInflow,reservoir
PT,h2863,0.0482917473360195,scr2006,stInflow,reservoir
PT,h2864,0.0482917473360195,scr2006,stInflow,reservoir
PT,h2865,0.0482917473360195,scr2006,stInflow,reservoir
PT,h2866,0.0482917473360195,scr2006,stInflow,reservoir
PT,h2867,0.0482917473360195,scr2006,stInflow,reservoir
PT,h2868,0.0482917473360195,scr2006,stInflow,reservoir
PT,h2869,0.0482917473360195,scr2006,stInflow,reservoir
PT,h2870,0.0482917473360195,scr2006,stInflow,reservoir
PT,h2871,0.0482917473360195,scr2006,stInflow,reservoir
PT,h2872,0.0482917473360195,scr2006,stInflow,reservoir
PT,h2873,0.0482917473360195,scr2006,stInflow,reservoir
PT,h2874,0.0482917473360195,scr2006,stInflow,reservoir
PT,h2875,0.0482917473360195,scr2006,stInflow,reservoir
PT,h2876,0.0482917473360195,scr2006,stInflow,reservoir
PT,h2877,0.0482917473360195,scr2006,stInflow,reservoir
PT,h2878,0.0482917473360195,scr2006,stInflow,reservoir
PT,h2879,0.0482917473360195,scr2006,stInflow,reservoir
PT,h2880,0.0482917473360195,scr2006,stInflow,reservoir
RO,h2161,0.6598480247899141,scr2006,stInflow,reservoir
RO,h2162,0.6598480247899141,scr2006,stInflow,reservoir
RO,h2163,0.6598480247899141,scr2006,stInflow,reservoir
RO,h2164,0.6598480247899141,scr2006,stInflow,reservoir
RO,h2165,0.6598480247899141,scr2006,stInflow,reservoir
RO,h2166,0.6598480247899141,scr2006,stInflow,reservoir
RO,h2167,0.6598480247899141,scr2006,stInflow,reservoir
RO,h2168,0.6598480247899141,scr2006,stInflow,reservoir
RO,h2169,0.6598480247899141,scr2006,stInflow,reservoir
RO,h2170,0.6598480247899141,scr2006,stInflow,reservoir
RO,h2171,0.6598480247899141,scr2006,stInflow,reservoir
RO,h2172,0.6598480247899141,scr2006,stInflow,reservoir
RO,h2173,0.6598480247899141,scr2006,stInflow,reservoir
RO,h2174,0.6598480247899141,scr2006,stInflow,reservoir
RO,h2175,0.6598480247899141,scr2006,stInflow,reservoir
RO,h2176,0.6598480247899141,scr2006,stInflow,reservoir
RO,h2177,0.6598480247899141,scr2006,stInflow,reservoir
RO,h2178,0.6598480247899141,scr2006,stInflow,reservoir
RO,h2179,0.6598480247899141,scr2006,stInflow,reservoir
RO,h2180,0.6598480247899141,scr2006,stInflow,reservoir
RO,h2181,0.6598480247899141,scr2006,stInflow,reservoir
RO,h2182,0.6598480247899141,scr2006,stInflow,reservoir
RO,h2183,0.6598480247899141,scr2006,stInflow,reservoir
RO,h2184,0.6598480247899141,scr2006,stInflow,reservoir
RO,h2185,0.6598480247899141,scr2006,stInflow,reservoir
RO,h2186,0.6598480247899141,scr2006,stInflow,reservoir
RO,h2187,0.6598480247899141,scr2006,stInflow,reservoir
RO,h2188,0.6598480247899141,scr2006,stInflow,reservoir
RO,h2189,0.6598480247899141,scr2006,stInflow,reservoir
RO,h2190,0.6598480247899141,scr2006,stInflow,reservoir
RO,h2191,0.6598480247899141,scr2006,stInflow,reservoir
RO,h2192,0.6598480247899141,scr2006,stInflow,reservoir
RO,h2193,0.6598480247899141,scr2006,stInflow,reservoir
RO,h2194,0.6598480247899141,scr2006,stInflow,reservoir
RO,h2195,0.6598480247899141,scr2006,stInflow,reservoir
RO,h2196,0.6598480247899141,scr2006,stInflow,reservoir
RO,h2197,0.6598480247899141,scr2006,stInflow,reservoir
RO,h2198,0.6598480247899141,scr2006,stInflow,reservoir
RO,h2199,0.6598480247899141,scr2006,stInflow,reservoir
RO,h2200,0.6598480247899141,scr2006,stInflow,reservoir
RO,h2201,0.6598480247899141,scr2006,stInflow,reservoir
RO,h2202,0.6598480247899141,scr2006,stInflow,reservoir
RO,h2203,0.6598480247899141,scr2006,stInflow,reservoir
RO,h2204,0.6598480247899141,scr2006,stInflow,reservoir
RO,h2205,0.6598480247899141,scr2006,stInflow,reservoir
RO,h2206,0.6598480247899141,scr2006,stInflow,reservoir
RO,h2207,0.6598480247899141,scr2006,stInflow,reservoir
RO,h2208,0.6598480247899141,scr2006,stInflow,reservoir
RO,h2209,0.6550319943124752,scr2006,stInflow,reservoir
RO,h2210,0.6502159673758265,scr2006,stInflow,reservoir
RO,h2211,0.6453999440061913,scr2006,stInflow,reservoir
RO,h2212,0.6453999440061913,scr2006,stInflow,reservoir
RO,h2213,0.6453999440061913,scr2006,stInflow,reservoir
RO,h2214,0.6453999440061913,scr2006,stInflow,reservoir
RO,h2215,0.6453999440061913,scr2006,stInflow,reservoir
RO,h2216,0.6453999440061913,scr2006,stInflow,reservoir
RO,h2217,0.6453999440061913,scr2006,stInflow,reservoir
RO,h2218,0.6453999440061913,scr2006,stInflow,reservoir
RO,h2219,0.6453999440061913,scr2006,stInflow,reservoir
RO,h2220,0.6453999440061913,scr2006,stInflow,reservoir
RO,h2221,0.6453999440061913,scr2006,stInflow,reservoir
RO,h2222,0.6453999440061913,scr2006,stInflow,reservoir
RO,h2223,0.6453999440061913,scr2006,stInflow,reservoir
RO,h2224,0.6453999440061913,scr2006,stInflow,reservoir
RO,h2225,0.6453999440061913,scr2006,stInflow,reservoir
RO,h2226,0.6453999440061913,scr2006,stInflow,reservoir
RO,h2227,0.6453999440061913,scr2006,stInflow,reservoir
RO,h2228,0.6453999440061913,scr2006,stInflow,reservoir
RO,h2229,0.6453999440061913,scr2006,stInflow,reservoir
RO,h2230,0.6453999440061913,scr2006,stInflow,reservoir
RO,h2231,0.6453999440061913,scr2006,stInflow,reservoir
RO,h2232,0.6453999440061913,scr2006,stInflow,reservoir
RO,h2233,0.6453999440061913,scr2006,stInflow,reservoir
RO,h2234,0.6453999440061913,scr2006,stInflow,reservoir
RO,h2235,0.6453999440061913,scr2006,stInflow,reservoir
RO,h2236,0.6453999440061913,scr2006,stInflow,reservoir
RO,h2237,0.6453999440061913,scr2006,stInflow,reservoir
RO,h2238,0.6453999440061913,scr2006,stInflow,reservoir
RO,h2239,0.6453999440061913,scr2006,stInflow,reservoir
RO,h2240,0.6453999440061913,scr2006,stInflow,reservoir
RO,h2241,0.6453999440061913,scr2006,stInflow,reservoir
RO,h2242,0.6453999440061913,scr2006,stInflow,reservoir
RO,h2243,0.6453999440061913,scr2006,stInflow,reservoir
RO,h2244,0.6453999440061913,scr2006,stInflow,reservoir
RO,h2245,0.6453999440061913,scr2006,stInflow,reservoir
RO,h2246,0.6453999440061913,scr2006,stInflow,reservoir
RO,h2247,0.6453999440061913,scr2006,stInflow,reservoir
RO,h2248,0.6453999440061913,scr2006,stInflow,reservoir
RO,h2249,0.6453999440061913,scr2006,stInflow,reservoir
RO,h2250,0.6453999440061913,scr2006,stInflow,reservoir
RO,h2251,0.6453999440061913,scr2006,stInflow,reservoir
RO,h2252,0.6453999440061913,scr2006,stInflow,reservoir
RO,h2253,0.6453999440061913,scr2006,stInflow,reservoir
RO,h2254,0.6453999440061913,scr2006,stInflow,reservoir
RO,h2255,0.6453999440061913,scr2006,stInflow,reservoir
RO,h2256,0.6453999440061913,scr2006,stInflow,reservoir
RO,h2257,0.6453999440061913,scr2006,stInflow,reservoir
RO,h2258,0.6453999440061913,scr2006,stInflow,reservoir
RO,h2259,0.6453999440061913,scr2006,stInflow,reservoir
RO,h2260,0.6453999440061913,scr2006,stInflow,reservoir
RO,h2261,0.6453999440061913,scr2006,stInflow,reservoir
RO,h2262,0.6453999440061913,scr2006,stInflow,reservoir
RO,h2263,0.6453999440061913,scr2006,stInflow,reservoir
RO,h2264,0.6453999440061913,scr2006,stInflow,reservoir
RO,h2265,0.6453999440061913,scr2006,stInflow,reservoir
RO,h2266,0.6453999440061913,scr2006,stInflow,reservoir
RO,h2267,0.6453999440061913,scr2006,stInflow,reservoir
RO,h2268,0.6453999440061913,scr2006,stInflow,reservoir
RO,h2269,0.6453999440061913,scr2006,stInflow,reservoir
RO,h2270,0.6453999440061913,scr2006,stInflow,reservoir
RO,h2271,0.6453999440061913,scr2006,stInflow,reservoir
RO,h2272,0.6453999440061913,scr2006,stInflow,reservoir
RO,h2273,0.6453999440061913,scr2006,stInflow,reservoir
RO,h2274,0.6453999440061913,scr2006,stInflow,reservoir
RO,h2275,0.6453999440061913,scr2006,stInflow,reservoir
RO,h2276,0.6453999440061913,scr2006,stInflow,reservoir
RO,h2277,0.6453999440061913,scr2006,stInflow,reservoir
RO,h2278,0.6453999440061913,scr2006,stInflow,reservoir
RO,h2279,0.6453999440061913,scr2006,stInflow,reservoir
RO,h2280,0.6453999440061913,scr2006,stInflow,reservoir
RO,h2281,0.6453999440061913,scr2006,stInflow,reservoir
RO,h2282,0.6453999440061913,scr2006,stInflow,reservoir
RO,h2283,0.6453999440061913,scr2006,stInflow,reservoir
RO,h2284,0.6453999440061913,scr2006,stInflow,reservoir
RO,h2285,0.6453999440061913,scr2006,stInflow,reservoir
RO,h2286,0.6453999440061913,scr2006,stInflow,reservoir
RO,h2287,0.6453999440061913,scr2006,stInflow,reservoir
RO,h2288,0.6453999440061913,scr2006,stInflow,reservoir
RO,h2289,0.6453999440061913,scr2006,stInflow,reservoir
RO,h2290,0.6453999440061913,scr2006,stInflow,reservoir
RO,h2291,0.6453999440061913,scr2006,stInflow,reservoir
RO,h2292,0.6453999440061913,scr2006,stInflow,reservoir
RO,h2293,0.6453999440061913,scr2006,stInflow,reservoir
RO,h2294,0.6453999440061913,scr2006,stInflow,reservoir
RO,h2295,0.6453999440061913,scr2006,stInflow,reservoir
RO,h2296,0.6453999440061913,scr2006,stInflow,reservoir
RO,h2297,0.6453999440061913,scr2006,stInflow,reservoir
RO,h2298,0.6453999440061913,scr2006,stInflow,reservoir
RO,h2299,0.6453999440061913,scr2006,stInflow,reservoir
RO,h2300,0.6453999440061913,scr2006,stInflow,reservoir
RO,h2301,0.6453999440061913,scr2006,stInflow,reservoir
RO,h2302,0.6453999440061913,scr2006,stInflow,reservoir
RO,h2303,0.6453999440061913,scr2006,stInflow,reservoir
RO,h2304,0.6453999440061913,scr2006,stInflow,reservoir
RO,h2305,0.6453999440061913,scr2006,stInflow,reservoir
RO,h2306,0.6453999440061913,scr2006,stInflow,reservoir
RO,h2307,0.6453999440061913,scr2006,stInflow,reservoir
RO,h2308,0.6453999440061913,scr2006,stInflow,reservoir
RO,h2309,0.6453999440061913,scr2006,stInflow,reservoir
RO,h2310,0.6453999440061913,scr2006,stInflow,reservoir
RO,h2311,0.6453999440061913,scr2006,stInflow,reservoir
RO,h2312,0.6453999440061913,scr2006,stInflow,reservoir
RO,h2313,0.6453999440061913,scr2006,stInflow,reservoir
RO,h2314,0.6453999440061913,scr2006,stInflow,reservoir
RO,h2315,0.6453999440061913,scr2006,stInflow,reservoir
RO,h2316,0.6453999440061913,scr2006,stInflow,reservoir
RO,h2317,0.6453999440061913,scr2006,stInflow,reservoir
RO,h2318,0.6453999440061913,scr2006,stInflow,reservoir
RO,h2319,0.6453999440061913,scr2006,stInflow,reservoir
RO,h2320,0.6453999440061913,scr2006,stInflow,reservoir
RO,h2321,0.6453999440061913,scr2006,stInflow,reservoir
RO,h2322,0.6453999440061913,scr2006,stInflow,reservoir
RO,h2323,0.6453999440061913,scr2006,stInflow,reservoir
RO,h2324,0.6453999440061913,scr2006,stInflow,reservoir
RO,h2325,0.6453999440061913,scr2006,stInflow,reservoir
RO,h2326,0.6453999440061913,scr2006,stInflow,reservoir
RO,h2327,0.6453999440061913,scr2006,stInflow,reservoir
RO,h2328,0.6453999440061913,scr2006,stInflow,reservoir
RO,h2329,0.6453999440061913,scr2006,stInflow,reservoir
RO,h2330,0.6453999440061913,scr2006,stInflow,reservoir
RO,h2331,0.6453999440061913,scr2006,stInflow,reservoir
RO,h2332,0.6453999440061913,scr2006,stInflow,reservoir
RO,h2333,0.6453999440061913,scr2006,stInflow,reservoir
RO,h2334,0.6453999440061913,scr2006,stInflow,reservoir
RO,h2335,0.6453999440061913,scr2006,stInflow,reservoir
RO,h2336,0.6453999440061913,scr2006,stInflow,reservoir
RO,h2337,0.6453999440061913,scr2006,stInflow,reservoir
RO,h2338,0.6453999440061913,scr2006,stInflow,reservoir
RO,h2339,0.6453999440061913,scr2006,stInflow,reservoir
RO,h2340,0.6453999440061913,scr2006,stInflow,reservoir
RO,h2341,0.6453999440061913,scr2006,stInflow,reservoir
RO,h2342,0.6453999440061913,scr2006,stInflow,reservoir
RO,h2343,0.6453999440061913,scr2006,stInflow,reservoir
RO,h2344,0.6453999440061913,scr2006,stInflow,reservoir
RO,h2345,0.6453999440061913,scr2006,stInflow,reservoir
RO,h2346,0.6453999440061913,scr2006,stInflow,reservoir
RO,h2347,0.6453999440061913,scr2006,stInflow,reservoir
RO,h2348,0.6453999440061913,scr2006,stInflow,reservoir
RO,h2349,0.6453999440061913,scr2006,stInflow,reservoir
RO,h2350,0.6453999440061913,scr2006,stInflow,reservoir
RO,h2351,0.6453999440061913,scr2006,stInflow,reservoir
RO,h2352,0.6453999440061913,scr2006,stInflow,reservoir
RO,h2353,0.6453999440061913,scr2006,stInflow,reservoir
RO,h2354,0.6453999440061913,scr2006,stInflow,reservoir
RO,h2355,0.6453999440061913,scr2006,stInflow,reservoir
RO,h2356,0.6453999440061913,scr2006,stInflow,reservoir
RO,h2357,0.6453999440061913,scr2006,stInflow,reservoir
RO,h2358,0.6453999440061913,scr2006,stInflow,reservoir
RO,h2359,0.6453999440061913,scr2006,stInflow,reservoir
RO,h2360,0.6453999440061913,scr2006,stInflow,reservoir
RO,h2361,0.6453999440061913,scr2006,stInflow,reservoir
RO,h2362,0.6453999440061913,scr2006,stInflow,reservoir
RO,h2363,0.6453999440061913,scr2006,stInflow,reservoir
RO,h2364,0.6453999440061913,scr2006,stInflow,reservoir
RO,h2365,0.6453999440061913,scr2006,stInflow,reservoir
RO,h2366,0.6453999440061913,scr2006,stInflow,reservoir
RO,h2367,0.6453999440061913,scr2006,stInflow,reservoir
RO,h2368,0.6453999440061913,scr2006,stInflow,reservoir
RO,h2369,0.6453999440061913,scr2006,stInflow,reservoir
RO,h2370,0.6453999440061913,scr2006,stInflow,reservoir
RO,h2371,0.6453999440061913,scr2006,stInflow,reservoir
RO,h2372,0.6453999440061913,scr2006,stInflow,reservoir
RO,h2373,0.6453999440061913,scr2006,stInflow,reservoir
RO,h2374,0.6453999440061913,scr2006,stInflow,reservoir
RO,h2375,0.6453999440061913,scr2006,stInflow,reservoir
RO,h2376,0.6453999440061913,scr2006,stInflow,reservoir
RO,h2377,0.6396753394814034,scr2006,stInflow,reservoir
RO,h2378,0.6339507400795414,scr2006,stInflow,reservoir
RO,h2379,0.6282261458468599,scr2006,stInflow,reservoir
RO,h2380,0.6282261458468599,scr2006,stInflow,reservoir
RO,h2381,0.6282261458468599,scr2006,stInflow,reservoir
RO,h2382,0.6282261458468599,scr2006,stInflow,reservoir
RO,h2383,0.6282261458468599,scr2006,stInflow,reservoir
RO,h2384,0.6282261458468599,scr2006,stInflow,reservoir
RO,h2385,0.6282261458468599,scr2006,stInflow,reservoir
RO,h2386,0.6282261458468599,scr2006,stInflow,reservoir
RO,h2387,0.6282261458468599,scr2006,stInflow,reservoir
RO,h2388,0.6282261458468599,scr2006,stInflow,reservoir
RO,h2389,0.6282261458468599,scr2006,stInflow,reservoir
RO,h2390,0.6282261458468599,scr2006,stInflow,reservoir
RO,h2391,0.6282261458468599,scr2006,stInflow,reservoir
RO,h2392,0.6282261458468599,scr2006,stInflow,reservoir
RO,h2393,0.6282261458468599,scr2006,stInflow,reservoir
RO,h2394,0.6282261458468599,scr2006,stInflow,reservoir
RO,h2395,0.6282261458468599,scr2006,stInflow,reservoir
RO,h2396,0.6282261458468599,scr2006,stInflow,reservoir
RO,h2397,0.6282261458468599,scr2006,stInflow,reservoir
RO,h2398,0.6282261458468599,scr2006,stInflow,reservoir
RO,h2399,0.6282261458468599,scr2006,stInflow,reservoir
RO,h2400,0.6282261458468599,scr2006,stInflow,reservoir
RO,h2401,0.6282261458468599,scr2006,stInflow,reservoir
RO,h2402,0.6282261458468599,scr2006,stInflow,reservoir
RO,h2403,0.6282261458468599,scr2006,stInflow,reservoir
RO,h2404,0.6282261458468599,scr2006,stInflow,reservoir
RO,h2405,0.6282261458468599,scr2006,stInflow,reservoir
RO,h2406,0.6282261458468599,scr2006,stInflow,reservoir
RO,h2407,0.6282261458468599,scr2006,stInflow,reservoir
RO,h2408,0.6282261458468599,scr2006,stInflow,reservoir
RO,h2409,0.6282261458468599,scr2006,stInflow,reservoir
RO,h2410,0.6282261458468599,scr2006,stInflow,reservoir
RO,h2411,0.6282261458468599,scr2006,stInflow,reservoir
RO,h2412,0.6282261458468599,scr2006,stInflow,reservoir
RO,h2413,0.6282261458468599,scr2006,stInflow,reservoir
RO,h2414,0.6282261458468599,scr2006,stInflow,reservoir
RO,h2415,0.6282261458468599,scr2006,stInflow,reservoir
RO,h2416,0.6282261458468599,scr2006,stInflow,reservoir
RO,h2417,0.6282261458468599,scr2006,stInflow,reservoir
RO,h2418,0.6282261458468599,scr2006,stInflow,reservoir
RO,h2419,0.6282261458468599,scr2006,stInflow,reservoir
RO,h2420,0.6282261458468599,scr2006,stInflow,reservoir
RO,h2421,0.6282261458468599,scr2006,stInflow,reservoir
RO,h2422,0.6282261458468599,scr2006,stInflow,reservoir
RO,h2423,0.6282261458468599,scr2006,stInflow,reservoir
RO,h2424,0.6282261458468599,scr2006,stInflow,reservoir
RO,h2425,0.6282261458468599,scr2006,stInflow,reservoir
RO,h2426,0.6282261458468599,scr2006,stInflow,reservoir
RO,h2427,0.6282261458468599,scr2006,stInflow,reservoir
RO,h2428,0.6282261458468599,scr2006,stInflow,reservoir
RO,h2429,0.6282261458468599,scr2006,stInflow,reservoir
RO,h2430,0.6282261458468599,scr2006,stInflow,reservoir
RO,h2431,0.6282261458468599,scr2006,stInflow,reservoir
RO,h2432,0.6282261458468599,scr2006,stInflow,reservoir
RO,h2433,0.6282261458468599,scr2006,stInflow,reservoir
RO,h2434,0.6282261458468599,scr2006,stInflow,reservoir
RO,h2435,0.6282261458468599,scr2006,stInflow,reservoir
RO,h2436,0.6282261458468599,scr2006,stInflow,reservoir
RO,h2437,0.6282261458468599,scr2006,stInflow,reservoir
RO,h2438,0.6282261458468599,scr2006,stInflow,reservoir
RO,h2439,0.6282261458468599,scr2006,stInflow,reservoir
RO,h2440,0.6282261458468599,scr2006,stInflow,reservoir
RO,h2441,0.6282261458468599,scr2006,stInflow,reservoir
RO,h2442,0.6282261458468599,scr2006,stInflow,reservoir
RO,h2443,0.6282261458468599,scr2006,stInflow,reservoir
RO,h2444,0.6282261458468599,scr2006,stInflow,reservoir
RO,h2445,0.6282261458468599,scr2006,stInflow,reservoir
RO,h2446,0.6282261458468599,scr2006,stInflow,reservoir
RO,h2447,0.6282261458468599,scr2006,stInflow,reservoir
RO,h2448,0.6282261458468599,scr2006,stInflow,reservoir
RO,h2449,0.6282261458468599,scr2006,stInflow,reservoir
RO,h2450,0.6282261458468599,scr2006,stInflow,reservoir
RO,h2451,0.6282261458468599,scr2006,stInflow,reservoir
RO,h2452,0.6282261458468599,scr2006,stInflow,reservoir
RO,h2453,0.6282261458468599,scr2006,stInflow,reservoir
RO,h2454,0.6282261458468599,scr2006,stInflow,reservoir
RO,h2455,0.6282261458468599,scr2006,stInflow,reservoir
RO,h2456,0.6282261458468599,scr2006,stInflow,reservoir
RO,h2457,0.6282261458468599,scr2006,stInflow,reservoir
RO,h2458,0.6282261458468599,scr2006,stInflow,reservoir
RO,h2459,0.6282261458468599,scr2006,stInflow,reservoir
RO,h2460,0.6282261458468599,scr2006,stInflow,reservoir
RO,h2461,0.6282261458468599,scr2006,stInflow,reservoir
RO,h2462,0.6282261458468599,scr2006,stInflow,reservoir
RO,h2463,0.6282261458468599,scr2006,stInflow,reservoir
RO,h2464,0.6282261458468599,scr2006,stInflow,reservoir
RO,h2465,0.6282261458468599,scr2006,stInflow,reservoir
RO,h2466,0.6282261458468599,scr2006,stInflow,reservoir
RO,h2467,0.6282261458468599,scr2006,stInflow,reservoir
RO,h2468,0.6282261458468599,scr2006,stInflow,reservoir
RO,h2469,0.6282261458468599,scr2006,stInflow,reservoir
RO,h2470,0.6282261458468599,scr2006,stInflow,reservoir
RO,h2471,0.6282261458468599,scr2006,stInflow,reservoir
RO,h2472,0.6282261458468599,scr2006,stInflow,reservoir
RO,h2473,0.6282261458468599,scr2006,stInflow,reservoir
RO,h2474,0.6282261458468599,scr2006,stInflow,reservoir
RO,h2475,0.6282261458468599,scr2006,stInflow,reservoir
RO,h2476,0.6282261458468599,scr2006,stInflow,reservoir
RO,h2477,0.6282261458468599,scr2006,stInflow,reservoir
RO,h2478,0.6282261458468599,scr2006,stInflow,reservoir
RO,h2479,0.6282261458468599,scr2006,stInflow,reservoir
RO,h2480,0.6282261458468599,scr2006,stInflow,reservoir
RO,h2481,0.6282261458468599,scr2006,stInflow,reservoir
RO,h2482,0.6282261458468599,scr2006,stInflow,reservoir
RO,h2483,0.6282261458468599,scr2006,stInflow,reservoir
RO,h2484,0.6282261458468599,scr2006,stInflow,reservoir
RO,h2485,0.6282261458468599,scr2006,stInflow,reservoir
RO,h2486,0.6282261458468599,scr2006,stInflow,reservoir
RO,h2487,0.6282261458468599,scr2006,stInflow,reservoir
RO,h2488,0.6282261458468599,scr2006,stInflow,reservoir
RO,h2489,0.6282261458468599,scr2006,stInflow,reservoir
RO,h2490,0.6282261458468599,scr2006,stInflow,reservoir
RO,h2491,0.6282261458468599,scr2006,stInflow,reservoir
RO,h2492,0.6282261458468599,scr2006,stInflow,reservoir
RO,h2493,0.6282261458468599,scr2006,stInflow,reservoir
RO,h2494,0.6282261458468599,scr2006,stInflow,reservoir
RO,h2495,0.6282261458468599,scr2006,stInflow,reservoir
RO,h2496,0.6282261458468599,scr2006,stInflow,reservoir
RO,h2497,0.6282261458468599,scr2006,stInflow,reservoir
RO,h2498,0.6282261458468599,scr2006,stInflow,reservoir
RO,h2499,0.6282261458468599,scr2006,stInflow,reservoir
RO,h2500,0.6282261458468599,scr2006,stInflow,reservoir
RO,h2501,0.6282261458468599,scr2006,stInflow,reservoir
RO,h2502,0.6282261458468599,scr2006,stInflow,reservoir
RO,h2503,0.6282261458468599,scr2006,stInflow,reservoir
RO,h2504,0.6282261458468599,scr2006,stInflow,reservoir
RO,h2505,0.6282261458468599,scr2006,stInflow,reservoir
RO,h2506,0.6282261458468599,scr2006,stInflow,reservoir
RO,h2507,0.6282261458468599,scr2006,stInflow,reservoir
RO,h2508,0.6282261458468599,scr2006,stInflow,reservoir
RO,h2509,0.6282261458468599,scr2006,stInflow,reservoir
RO,h2510,0.6282261458468599,scr2006,stInflow,reservoir
RO,h2511,0.6282261458468599,scr2006,stInflow,reservoir
RO,h2512,0.6282261458468599,scr2006,stInflow,reservoir
RO,h2513,0.6282261458468599,scr2006,stInflow,reservoir
RO,h2514,0.6282261458468599,scr2006,stInflow,reservoir
RO,h2515,0.6282261458468599,scr2006,stInflow,reservoir
RO,h2516,0.6282261458468599,scr2006,stInflow,reservoir
RO,h2517,0.6282261458468599,scr2006,stInflow,reservoir
RO,h2518,0.6282261458468599,scr2006,stInflow,reservoir
RO,h2519,0.6282261458468599,scr2006,stInflow,reservoir
RO,h2520,0.6282261458468599,scr2006,stInflow,reservoir
RO,h2521,0.6282261458468599,scr2006,stInflow,reservoir
RO,h2522,0.6282261458468599,scr2006,stInflow,reservoir
RO,h2523,0.6282261458468599,scr2006,stInflow,reservoir
RO,h2524,0.6282261458468599,scr2006,stInflow,reservoir
RO,h2525,0.6282261458468599,scr2006,stInflow,reservoir
RO,h2526,0.6282261458468599,scr2006,stInflow,reservoir
RO,h2527,0.6282261458468599,scr2006,stInflow,reservoir
RO,h2528,0.6282261458468599,scr2006,stInflow,reservoir
RO,h2529,0.6282261458468599,scr2006,stInflow,reservoir
RO,h2530,0.6282261458468599,scr2006,stInflow,reservoir
RO,h2531,0.6282261458468599,scr2006,stInflow,reservoir
RO,h2532,0.6282261458468599,scr2006,stInflow,reservoir
RO,h2533,0.6282261458468599,scr2006,stInflow,reservoir
RO,h2534,0.6282261458468599,scr2006,stInflow,reservoir
RO,h2535,0.6282261458468599,scr2006,stInflow,reservoir
RO,h2536,0.6282261458468599,scr2006,stInflow,reservoir
RO,h2537,0.6282261458468599,scr2006,stInflow,reservoir
RO,h2538,0.6282261458468599,scr2006,stInflow,reservoir
RO,h2539,0.6282261458468599,scr2006,stInflow,reservoir
RO,h2540,0.6282261458468599,scr2006,stInflow,reservoir
RO,h2541,0.6282261458468599,scr2006,stInflow,reservoir
RO,h2542,0.6282261458468599,scr2006,stInflow,reservoir
RO,h2543,0.6282261458468599,scr2006,stInflow,reservoir
RO,h2544,0.6282261458468599,scr2006,stInflow,reservoir
RO,h2545,0.663020359740228,scr2006,stInflow,reservoir
RO,h2546,0.6978147563045061,scr2006,stInflow,reservoir
RO,h2547,0.7326093264249118,scr2006,stInflow,reservoir
RO,h2548,0.7326093264249118,scr2006,stInflow,reservoir
RO,h2549,0.7326093264249118,scr2006,stInflow,reservoir
RO,h2550,0.7326093264249118,scr2006,stInflow,reservoir
RO,h2551,0.7326093264249118,scr2006,stInflow,reservoir
RO,h2552,0.7326093264249118,scr2006,stInflow,reservoir
RO,h2553,0.7326093264249118,scr2006,stInflow,reservoir
RO,h2554,0.7326093264249118,scr2006,stInflow,reservoir
RO,h2555,0.7326093264249118,scr2006,stInflow,reservoir
RO,h2556,0.7326093264249118,scr2006,stInflow,reservoir
RO,h2557,0.7326093264249118,scr2006,stInflow,reservoir
RO,h2558,0.7326093264249118,scr2006,stInflow,reservoir
RO,h2559,0.7326093264249118,scr2006,stInflow,reservoir
RO,h2560,0.7326093264249118,scr2006,stInflow,reservoir
RO,h2561,0.7326093264249118,scr2006,stInflow,reservoir
RO,h2562,0.7326093264249118,scr2006,stInflow,reservoir
RO,h2563,0.7326093264249118,scr2006,stInflow,reservoir
RO,h2564,0.7326093264249118,scr2006,stInflow,reservoir
RO,h2565,0.7326093264249118,scr2006,stInflow,reservoir
RO,h2566,0.7326093264249118,scr2006,stInflow,reservoir
RO,h2567,0.7326093264249118,scr2006,stInflow,reservoir
RO,h2568,0.7326093264249118,scr2006,stInflow,reservoir
RO,h2569,0.7326093264249118,scr2006,stInflow,reservoir
RO,h2570,0.7326093264249118,scr2006,stInflow,reservoir
RO,h2571,0.7326093264249118,scr2006,stInflow,reservoir
RO,h2572,0.7326093264249118,scr2006,stInflow,reservoir
RO,h2573,0.7326093264249118,scr2006,stInflow,reservoir
RO,h2574,0.7326093264249118,scr2006,stInflow,reservoir
RO,h2575,0.7326093264249118,scr2006,stInflow,reservoir
RO,h2576,0.7326093264249118,scr2006,stInflow,reservoir
RO,h2577,0.7326093264249118,scr2006,stInflow,reservoir
RO,h2578,0.7326093264249118,scr2006,stInflow,reservoir
RO,h2579,0.7326093264249118,scr2006,stInflow,reservoir
RO,h2580,0.7326093264249118,scr2006,stInflow,reservoir
RO,h2581,0.7326093264249118,scr2006,stInflow,reservoir
RO,h2582,0.7326093264249118,scr2006,stInflow,reservoir
RO,h2583,0.7326093264249118,scr2006,stInflow,reservoir
RO,h2584,0.7326093264249118,scr2006,stInflow,reservoir
RO,h2585,0.7326093264249118,scr2006,stInflow,reservoir
RO,h2586,0.7326093264249118,scr2006,stInflow,reservoir
RO,h2587,0.7326093264249118,scr2006,stInflow,reservoir
RO,h2588,0.7326093264249118,scr2006,stInflow,reservoir
RO,h2589,0.7326093264249118,scr2006,stInflow,reservoir
RO,h2590,0.7326093264249118,scr2006,stInflow,reservoir
RO,h2591,0.7326093264249118,scr2006,stInflow,reservoir
RO,h2592,0.7326093264249118,scr2006,stInflow,reservoir
RO,h2593,0.7326093264249118,scr2006,stInflow,reservoir
RO,h2594,0.7326093264249118,scr2006,stInflow,reservoir
RO,h2595,0.7326093264249118,scr2006,stInflow,reservoir
RO,h2596,0.7326093264249118,scr2006,stInflow,reservoir
RO,h2597,0.7326093264249118,scr2006,stInflow,reservoir
RO,h2598,0.7326093264249118,scr2006,stInflow,reservoir
RO,h2599,0.7326093264249118,scr2006,stInflow,reservoir
RO,h2600,0.7326093264249118,scr2006,stInflow,reservoir
RO,h2601,0.7326093264249118,scr2006,stInflow,reservoir
RO,h2602,0.7326093264249118,scr2006,stInflow,reservoir
RO,h2603,0.7326093264249118,scr2006,stInflow,reservoir
RO,h2604,0.7326093264249118,scr2006,stInflow,reservoir
RO,h2605,0.7326093264249118,scr2006,stInflow,reservoir
RO,h2606,0.7326093264249118,scr2006,stInflow,reservoir
RO,h2607,0.7326093264249118,scr2006,stInflow,reservoir
RO,h2608,0.7326093264249118,scr2006,stInflow,reservoir
RO,h2609,0.7326093264249118,scr2006,stInflow,reservoir
RO,h2610,0.7326093264249118,scr2006,stInflow,reservoir
RO,h2611,0.7326093264249118,scr2006,stInflow,reservoir
RO,h2612,0.7326093264249118,scr2006,stInflow,reservoir
RO,h2613,0.7326093264249118,scr2006,stInflow,reservoir
RO,h2614,0.7326093264249118,scr2006,stInflow,reservoir
RO,h2615,0.7326093264249118,scr2006,stInflow,reservoir
RO,h2616,0.7326093264249118,scr2006,stInflow,reservoir
RO,h2617,0.7326093264249118,scr2006,stInflow,reservoir
RO,h2618,0.7326093264249118,scr2006,stInflow,reservoir
RO,h2619,0.7326093264249118,scr2006,stInflow,reservoir
RO,h2620,0.7326093264249118,scr2006,stInflow,reservoir
RO,h2621,0.7326093264249118,scr2006,stInflow,reservoir
RO,h2622,0.7326093264249118,scr2006,stInflow,reservoir
RO,h2623,0.7326093264249118,scr2006,stInflow,reservoir
RO,h2624,0.7326093264249118,scr2006,stInflow,reservoir
RO,h2625,0.7326093264249118,scr2006,stInflow,reservoir
RO,h2626,0.7326093264249118,scr2006,stInflow,reservoir
RO,h2627,0.7326093264249118,scr2006,stInflow,reservoir
RO,h2628,0.7326093264249118,scr2006,stInflow,reservoir
RO,h2629,0.7326093264249118,scr2006,stInflow,reservoir
RO,h2630,0.7326093264249118,scr2006,stInflow,reservoir
RO,h2631,0.7326093264249118,scr2006,stInflow,reservoir
RO,h2632,0.7326093264249118,scr2006,stInflow,reservoir
RO,h2633,0.7326093264249118,scr2006,stInflow,reservoir
RO,h2634,0.7326093264249118,scr2006,stInflow,reservoir
RO,h2635,0.7326093264249118,scr2006,stInflow,reservoir
RO,h2636,0.7326093264249118,scr2006,stInflow,reservoir
RO,h2637,0.7326093264249118,scr2006,stInflow,reservoir
RO,h2638,0.7326093264249118,scr2006,stInflow,reservoir
RO,h2639,0.7326093264249118,scr2006,stInflow,reservoir
RO,h2640,0.7326093264249118,scr2006,stInflow,reservoir
RO,h2641,0.7326093264249118,scr2006,stInflow,reservoir
RO,h2642,0.7326093264249118,scr2006,stInflow,reservoir
RO,h2643,0.7326093264249118,scr2006,stInflow,reservoir
RO,h2644,0.7326093264249118,scr2006,stInflow,reservoir
RO,h2645,0.7326093264249118,scr2006,stInflow,reservoir
RO,h2646,0.7326093264249118,scr2006,stInflow,reservoir
RO,h2647,0.7326093264249118,scr2006,stInflow,reservoir
RO,h2648,0.7326093264249118,scr2006,stInflow,reservoir
RO,h2649,0.7326093264249118,scr2006,stInflow,reservoir
RO,h2650,0.7326093264249118,scr2006,stInflow,reservoir
RO,h2651,0.7326093264249118,scr2006,stInflow,reservoir
RO,h2652,0.7326093264249118,scr2006,stInflow,reservoir
RO,h2653,0.7326093264249118,scr2006,stInflow,reservoir
RO,h2654,0.7326093264249118,scr2006,stInflow,reservoir
RO,h2655,0.7326093264249118,scr2006,stInflow,reservoir
RO,h2656,0.7326093264249118,scr2006,stInflow,reservoir
RO,h2657,0.7326093264249118,scr2006,stInflow,reservoir
RO,h2658,0.7326093264249118,scr2006,stInflow,reservoir
RO,h2659,0.7326093264249118,scr2006,stInflow,reservoir
RO,h2660,0.7326093264249118,scr2006,stInflow,reservoir
RO,h2661,0.7326093264249118,scr2006,stInflow,reservoir
RO,h2662,0.7326093264249118,scr2006,stInflow,reservoir
RO,h2663,0.7326093264249118,scr2006,stInflow,reservoir
RO,h2664,0.7326093264249118,scr2006,stInflow,reservoir
RO,h2665,0.7326093264249118,scr2006,stInflow,reservoir
RO,h2666,0.7326093264249118,scr2006,stInflow,reservoir
RO,h2667,0.7326093264249118,scr2006,stInflow,reservoir
RO,h2668,0.7326093264249118,scr2006,stInflow,reservoir
RO,h2669,0.7326093264249118,scr2006,stInflow,reservoir
RO,h2670,0.7326093264249118,scr2006,stInflow,reservoir
RO,h2671,0.7326093264249118,scr2006,stInflow,reservoir
RO,h2672,0.7326093264249118,scr2006,stInflow,reservoir
RO,h2673,0.7326093264249118,scr2006,stInflow,reservoir
RO,h2674,0.7326093264249118,scr2006,stInflow,reservoir
RO,h2675,0.7326093264249118,scr2006,stInflow,reservoir
RO,h2676,0.7326093264249118,scr2006,stInflow,reservoir
RO,h2677,0.7326093264249118,scr2006,stInflow,reservoir
RO,h2678,0.7326093264249118,scr2006,stInflow,reservoir
RO,h2679,0.7326093264249118,scr2006,stInflow,reservoir
RO,h2680,0.7326093264249118,scr2006,stInflow,reservoir
RO,h2681,0.7326093264249118,scr2006,stInflow,reservoir
RO,h2682,0.7326093264249118,scr2006,stInflow,reservoir
RO,h2683,0.7326093264249118,scr2006,stInflow,reservoir
RO,h2684,0.7326093264249118,scr2006,stInflow,reservoir
RO,h2685,0.7326093264249118,scr2006,stInflow,reservoir
RO,h2686,0.7326093264249118,scr2006,stInflow,reservoir
RO,h2687,0.7326093264249118,scr2006,stInflow,reservoir
RO,h2688,0.7326093264249118,scr2006,stInflow,reservoir
RO,h2689,0.7326093264249118,scr2006,stInflow,reservoir
RO,h2690,0.7326093264249118,scr2006,stInflow,reservoir
RO,h2691,0.7326093264249118,scr2006,stInflow,reservoir
RO,h2692,0.7326093264249118,scr2006,stInflow,reservoir
RO,h2693,0.7326093264249118,scr2006,stInflow,reservoir
RO,h2694,0.7326093264249118,scr2006,stInflow,reservoir
RO,h2695,0.7326093264249118,scr2006,stInflow,reservoir
RO,h2696,0.7326093264249118,scr2006,stInflow,reservoir
RO,h2697,0.7326093264249118,scr2006,stInflow,reservoir
RO,h2698,0.7326093264249118,scr2006,stInflow,reservoir
RO,h2699,0.7326093264249118,scr2006,stInflow,reservoir
RO,h2700,0.7326093264249118,scr2006,stInflow,reservoir
RO,h2701,0.7326093264249118,scr2006,stInflow,reservoir
RO,h2702,0.7326093264249118,scr2006,stInflow,reservoir
RO,h2703,0.7326093264249118,scr2006,stInflow,reservoir
RO,h2704,0.7326093264249118,scr2006,stInflow,reservoir
RO,h2705,0.7326093264249118,scr2006,stInflow,reservoir
RO,h2706,0.7326093264249118,scr2006,stInflow,reservoir
RO,h2707,0.7326093264249118,scr2006,stInflow,reservoir
RO,h2708,0.7326093264249118,scr2006,stInflow,reservoir
RO,h2709,0.7326093264249118,scr2006,stInflow,reservoir
RO,h2710,0.7326093264249118,scr2006,stInflow,reservoir
RO,h2711,0.7326093264249118,scr2006,stInflow,reservoir
RO,h2712,0.7326093264249118,scr2006,stInflow,reservoir
RO,h2713,0.7745994597028019,scr2006,stInflow,reservoir
RO,h2714,0.8165898207050779,scr2006,stInflow,reservoir
RO,h2715,0.8585803977129292,scr2006,stInflow,reservoir
RO,h2716,0.8585803977129292,scr2006,stInflow,reservoir
RO,h2717,0.8585803977129292,scr2006,stInflow,reservoir
RO,h2718,0.8585803977129292,scr2006,stInflow,reservoir
RO,h2719,0.8585803977129292,scr2006,stInflow,reservoir
RO,h2720,0.8585803977129292,scr2006,stInflow,reservoir
RO,h2721,0.8585803977129292,scr2006,stInflow,reservoir
RO,h2722,0.8585803977129292,scr2006,stInflow,reservoir
RO,h2723,0.8585803977129292,scr2006,stInflow,reservoir
RO,h2724,0.8585803977129292,scr2006,stInflow,reservoir
RO,h2725,0.8585803977129292,scr2006,stInflow,reservoir
RO,h2726,0.8585803977129292,scr2006,stInflow,reservoir
RO,h2727,0.8585803977129292,scr2006,stInflow,reservoir
RO,h2728,0.8585803977129292,scr2006,stInflow,reservoir
RO,h2729,0.8585803977129292,scr2006,stInflow,reservoir
RO,h2730,0.8585803977129292,scr2006,stInflow,reservoir
RO,h2731,0.8585803977129292,scr2006,stInflow,reservoir
RO,h2732,0.8585803977129292,scr2006,stInflow,reservoir
RO,h2733,0.8585803977129292,scr2006,stInflow,reservoir
RO,h2734,0.8585803977129292,scr2006,stInflow,reservoir
RO,h2735,0.8585803977129292,scr2006,stInflow,reservoir
RO,h2736,0.8585803977129292,scr2006,stInflow,reservoir
RO,h2737,0.8585803977129292,scr2006,stInflow,reservoir
RO,h2738,0.8585803977129292,scr2006,stInflow,reservoir
RO,h2739,0.8585803977129292,scr2006,stInflow,reservoir
RO,h2740,0.8585803977129292,scr2006,stInflow,reservoir
RO,h2741,0.8585803977129292,scr2006,stInflow,reservoir
RO,h2742,0.8585803977129292,scr2006,stInflow,reservoir
RO,h2743,0.8585803977129292,scr2006,stInflow,reservoir
RO,h2744,0.8585803977129292,scr2006,stInflow,reservoir
RO,h2745,0.8585803977129292,scr2006,stInflow,reservoir
RO,h2746,0.8585803977129292,scr2006,stInflow,reservoir
RO,h2747,0.8585803977129292,scr2006,stInflow,reservoir
RO,h2748,0.8585803977129292,scr2006,stInflow,reservoir
RO,h2749,0.8585803977129292,scr2006,stInflow,reservoir
RO,h2750,0.8585803977129292,scr2006,stInflow,reservoir
RO,h2751,0.8585803977129292,scr2006,stInflow,reservoir
RO,h2752,0.8585803977129292,scr2006,stInflow,reservoir
RO,h2753,0.8585803977129292,scr2006,stInflow,reservoir
RO,h2754,0.8585803977129292,scr2006,stInflow,reservoir
RO,h2755,0.8585803977129292,scr2006,stInflow,reservoir
RO,h2756,0.8585803977129292,scr2006,stInflow,reservoir
RO,h2757,0.8585803977129292,scr2006,stInflow,reservoir
RO,h2758,0.8585803977129292,scr2006,stInflow,reservoir
RO,h2759,0.8585803977129292,scr2006,stInflow,reservoir
RO,h2760,0.8585803977129292,scr2006,stInflow,reservoir
RO,h2761,0.8585803977129292,scr2006,stInflow,reservoir
RO,h2762,0.8585803977129292,scr2006,stInflow,reservoir
RO,h2763,0.8585803977129292,scr2006,stInflow,reservoir
RO,h2764,0.8585803977129292,scr2006,stInflow,reservoir
RO,h2765,0.8585803977129292,scr2006,stInflow,reservoir
RO,h2766,0.8585803977129292,scr2006,stInflow,reservoir
RO,h2767,0.8585803977129292,scr2006,stInflow,reservoir
RO,h2768,0.8585803977129292,scr2006,stInflow,reservoir
RO,h2769,0.8585803977129292,scr2006,stInflow,reservoir
RO,h2770,0.8585803977129292,scr2006,stInflow,reservoir
RO,h2771,0.8585803977129292,scr2006,stInflow,reservoir
RO,h2772,0.8585803977129292,scr2006,stInflow,reservoir
RO,h2773,0.8585803977129292,scr2006,stInflow,reservoir
RO,h2774,0.8585803977129292,scr2006,stInflow,reservoir
RO,h2775,0.8585803977129292,scr2006,stInflow,reservoir
RO,h2776,0.8585803977129292,scr2006,stInflow,reservoir
RO,h2777,0.8585803977129292,scr2006,stInflow,reservoir
RO,h2778,0.8585803977129292,scr2006,stInflow,reservoir
RO,h2779,0.8585803977129292,scr2006,stInflow,reservoir
RO,h2780,0.8585803977129292,scr2006,stInflow,reservoir
RO,h2781,0.8585803977129292,scr2006,stInflow,reservoir
RO,h2782,0.8585803977129292,scr2006,stInflow,reservoir
RO,h2783,0.8585803977129292,scr2006,stInflow,reservoir
RO,h2784,0.8585803977129292,scr2006,stInflow,reservoir
RO,h2785,0.8585803977129292,scr2006,stInflow,reservoir
RO,h2786,0.8585803977129292,scr2006,stInflow,reservoir
RO,h2787,0.8585803977129292,scr2006,stInflow,reservoir
RO,h2788,0.8585803977129292,scr2006,stInflow,reservoir
RO,h2789,0.8585803977129292,scr2006,stInflow,reservoir
RO,h2790,0.8585803977129292,scr2006,stInflow,reservoir
RO,h2791,0.8585803977129292,scr2006,stInflow,reservoir
RO,h2792,0.8585803977129292,scr2006,stInflow,reservoir
RO,h2793,0.8585803977129292,scr2006,stInflow,reservoir
RO,h2794,0.8585803977129292,scr2006,stInflow,reservoir
RO,h2795,0.8585803977129292,scr2006,stInflow,reservoir
RO,h2796,0.8585803977129292,scr2006,stInflow,reservoir
RO,h2797,0.8585803977129292,scr2006,stInflow,reservoir
RO,h2798,0.8585803977129292,scr2006,stInflow,reservoir
RO,h2799,0.8585803977129292,scr2006,stInflow,reservoir
RO,h2800,0.8585803977129292,scr2006,stInflow,reservoir
RO,h2801,0.8585803977129292,scr2006,stInflow,reservoir
RO,h2802,0.8585803977129292,scr2006,stInflow,reservoir
RO,h2803,0.8585803977129292,scr2006,stInflow,reservoir
RO,h2804,0.8585803977129292,scr2006,stInflow,reservoir
RO,h2805,0.8585803977129292,scr2006,stInflow,reservoir
RO,h2806,0.8585803977129292,scr2006,stInflow,reservoir
RO,h2807,0.8585803977129292,scr2006,stInflow,reservoir
RO,h2808,0.8585803977129292,scr2006,stInflow,reservoir
RO,h2809,0.8585803977129292,scr2006,stInflow,reservoir
RO,h2810,0.8585803977129292,scr2006,stInflow,reservoir
RO,h2811,0.8585803977129292,scr2006,stInflow,reservoir
RO,h2812,0.8585803977129292,scr2006,stInflow,reservoir
RO,h2813,0.8585803977129292,scr2006,stInflow,reservoir
RO,h2814,0.8585803977129292,scr2006,stInflow,reservoir
RO,h2815,0.8585803977129292,scr2006,stInflow,reservoir
RO,h2816,0.8585803977129292,scr2006,stInflow,reservoir
RO,h2817,0.8585803977129292,scr2006,stInflow,reservoir
RO,h2818,0.8585803977129292,scr2006,stInflow,reservoir
RO,h2819,0.8585803977129292,scr2006,stInflow,reservoir
RO,h2820,0.8585803977129292,scr2006,stInflow,reservoir
RO,h2821,0.8585803977129292,scr2006,stInflow,reservoir
RO,h2822,0.8585803977129292,scr2006,stInflow,reservoir
RO,h2823,0.8585803977129292,scr2006,stInflow,reservoir
RO,h2824,0.8585803977129292,scr2006,stInflow,reservoir
RO,h2825,0.8585803977129292,scr2006,stInflow,reservoir
RO,h2826,0.8585803977129292,scr2006,stInflow,reservoir
RO,h2827,0.8585803977129292,scr2006,stInflow,reservoir
RO,h2828,0.8585803977129292,scr2006,stInflow,reservoir
RO,h2829,0.8585803977129292,scr2006,stInflow,reservoir
RO,h2830,0.8585803977129292,scr2006,stInflow,reservoir
RO,h2831,0.8585803977129292,scr2006,stInflow,reservoir
RO,h2832,0.8585803977129292,scr2006,stInflow,reservoir
RO,h2833,0.8585803977129292,scr2006,stInflow,reservoir
RO,h2834,0.8585803977129292,scr2006,stInflow,reservoir
RO,h2835,0.8585803977129292,scr2006,stInflow,reservoir
RO,h2836,0.8585803977129292,scr2006,stInflow,reservoir
RO,h2837,0.8585803977129292,scr2006,stInflow,reservoir
RO,h2838,0.8585803977129292,scr2006,stInflow,reservoir
RO,h2839,0.8585803977129292,scr2006,stInflow,reservoir
RO,h2840,0.8585803977129292,scr2006,stInflow,reservoir
RO,h2841,0.8585803977129292,scr2006,stInflow,reservoir
RO,h2842,0.8585803977129292,scr2006,stInflow,reservoir
RO,h2843,0.8585803977129292,scr2006,stInflow,reservoir
RO,h2844,0.8585803977129292,scr2006,stInflow,reservoir
RO,h2845,0.8585803977129292,scr2006,stInflow,reservoir
RO,h2846,0.8585803977129292,scr2006,stInflow,reservoir
RO,h2847,0.8585803977129292,scr2006,stInflow,reservoir
RO,h2848,0.8585803977129292,scr2006,stInflow,reservoir
RO,h2849,0.8585803977129292,scr2006,stInflow,reservoir
RO,h2850,0.8585803977129292,scr2006,stInflow,reservoir
RO,h2851,0.8585803977129292,scr2006,stInflow,reservoir
RO,h2852,0.8585803977129292,scr2006,stInflow,reservoir
RO,h2853,0.8585803977129292,scr2006,stInflow,reservoir
RO,h2854,0.8585803977129292,scr2006,stInflow,reservoir
RO,h2855,0.8585803977129292,scr2006,stInflow,reservoir
RO,h2856,0.8585803977129292,scr2006,stInflow,reservoir
RO,h2857,0.8585803977129292,scr2006,stInflow,reservoir
RO,h2858,0.8585803977129292,scr2006,stInflow,reservoir
RO,h2859,0.8585803977129292,scr2006,stInflow,reservoir
RO,h2860,0.8585803977129292,scr2006,stInflow,reservoir
RO,h2861,0.8585803977129292,scr2006,stInflow,reservoir
RO,h2862,0.8585803977129292,scr2006,stInflow,reservoir
RO,h2863,0.8585803977129292,scr2006,stInflow,reservoir
RO,h2864,0.8585803977129292,scr2006,stInflow,reservoir
RO,h2865,0.8585803977129292,scr2006,stInflow,reservoir
RO,h2866,0.8585803977129292,scr2006,stInflow,reservoir
RO,h2867,0.8585803977129292,scr2006,stInflow,reservoir
RO,h2868,0.8585803977129292,scr2006,stInflow,reservoir
RO,h2869,0.8585803977129292,scr2006,stInflow,reservoir
RO,h2870,0.8585803977129292,scr2006,stInflow,reservoir
RO,h2871,0.8585803977129292,scr2006,stInflow,reservoir
RO,h2872,0.8585803977129292,scr2006,stInflow,reservoir
RO,h2873,0.8585803977129292,scr2006,stInflow,reservoir
RO,h2874,0.8585803977129292,scr2006,stInflow,reservoir
RO,h2875,0.8585803977129292,scr2006,stInflow,reservoir
RO,h2876,0.8585803977129292,scr2006,stInflow,reservoir
RO,h2877,0.8585803977129292,scr2006,stInflow,reservoir
RO,h2878,0.8585803977129292,scr2006,stInflow,reservoir
RO,h2879,0.8585803977129292,scr2006,stInflow,reservoir
RO,h2880,0.8585803977129292,scr2006,stInflow,reservoir
SE,h2161,9.978106805522511,scr2006,stInflow,reservoir
SE,h2162,9.978106805522511,scr2006,stInflow,reservoir
SE,h2163,9.978106805522511,scr2006,stInflow,reservoir
SE,h2164,9.978106805522511,scr2006,stInflow,reservoir
SE,h2165,9.978106805522511,scr2006,stInflow,reservoir
SE,h2166,9.978106805522511,scr2006,stInflow,reservoir
SE,h2167,9.978106805522511,scr2006,stInflow,reservoir
SE,h2168,9.978106805522511,scr2006,stInflow,reservoir
SE,h2169,9.978106805522511,scr2006,stInflow,reservoir
SE,h2170,9.978106805522511,scr2006,stInflow,reservoir
SE,h2171,9.978106805522511,scr2006,stInflow,reservoir
SE,h2172,9.978106805522511,scr2006,stInflow,reservoir
SE,h2173,9.978106805522511,scr2006,stInflow,reservoir
SE,h2174,9.978106805522511,scr2006,stInflow,reservoir
SE,h2175,9.978106805522511,scr2006,stInflow,reservoir
SE,h2176,9.978106805522511,scr2006,stInflow,reservoir
SE,h2177,9.978106805522511,scr2006,stInflow,reservoir
SE,h2178,9.978106805522511,scr2006,stInflow,reservoir
SE,h2179,9.978106805522511,scr2006,stInflow,reservoir
SE,h2180,9.978106805522511,scr2006,stInflow,reservoir
SE,h2181,9.978106805522511,scr2006,stInflow,reservoir
SE,h2182,9.978106805522511,scr2006,stInflow,reservoir
SE,h2183,9.978106805522511,scr2006,stInflow,reservoir
SE,h2184,9.978106805522511,scr2006,stInflow,reservoir
SE,h2185,9.978106805522511,scr2006,stInflow,reservoir
SE,h2186,9.978106805522511,scr2006,stInflow,reservoir
SE,h2187,9.978106805522511,scr2006,stInflow,reservoir
SE,h2188,9.978106805522511,scr2006,stInflow,reservoir
SE,h2189,9.978106805522511,scr2006,stInflow,reservoir
SE,h2190,9.978106805522511,scr2006,stInflow,reservoir
SE,h2191,9.978106805522511,scr2006,stInflow,reservoir
SE,h2192,9.978106805522511,scr2006,stInflow,reservoir
SE,h2193,9.978106805522511,scr2006,stInflow,reservoir
SE,h2194,9.978106805522511,scr2006,stInflow,reservoir
SE,h2195,9.978106805522511,scr2006,stInflow,reservoir
SE,h2196,9.978106805522511,scr2006,stInflow,reservoir
SE,h2197,9.978106805522511,scr2006,stInflow,reservoir
SE,h2198,9.978106805522511,scr2006,stInflow,reservoir
SE,h2199,9.978106805522511,scr2006,stInflow,reservoir
SE,h2200,9.978106805522511,scr2006,stInflow,reservoir
SE,h2201,9.978106805522511,scr2006,stInflow,reservoir
SE,h2202,9.978106805522511,scr2006,stInflow,reservoir
SE,h2203,9.978106805522511,scr2006,stInflow,reservoir
SE,h2204,9.978106805522511,scr2006,stInflow,reservoir
SE,h2205,9.978106805522511,scr2006,stInflow,reservoir
SE,h2206,9.978106805522511,scr2006,stInflow,reservoir
SE,h2207,9.978106805522511,scr2006,stInflow,reservoir
SE,h2208,9.978106805522511,scr2006,stInflow,reservoir
SE,h2209,9.656787825359753,scr2006,stInflow,reservoir
SE,h2210,9.335469914528282,scr2006,stInflow,reservoir
SE,h2211,9.014153109843502,scr2006,stInflow,reservoir
SE,h2212,9.014153109843502,scr2006,stInflow,reservoir
SE,h2213,9.014153109843502,scr2006,stInflow,reservoir
SE,h2214,9.014153109843502,scr2006,stInflow,reservoir
SE,h2215,9.014153109843502,scr2006,stInflow,reservoir
SE,h2216,9.014153109843502,scr2006,stInflow,reservoir
SE,h2217,9.014153109843502,scr2006,stInflow,reservoir
SE,h2218,9.014153109843502,scr2006,stInflow,reservoir
SE,h2219,9.014153109843502,scr2006,stInflow,reservoir
SE,h2220,9.014153109843502,scr2006,stInflow,reservoir
SE,h2221,9.014153109843502,scr2006,stInflow,reservoir
SE,h2222,9.014153109843502,scr2006,stInflow,reservoir
SE,h2223,9.014153109843502,scr2006,stInflow,reservoir
SE,h2224,9.014153109843502,scr2006,stInflow,reservoir
SE,h2225,9.014153109843502,scr2006,stInflow,reservoir
SE,h2226,9.014153109843502,scr2006,stInflow,reservoir
SE,h2227,9.014153109843502,scr2006,stInflow,reservoir
SE,h2228,9.014153109843502,scr2006,stInflow,reservoir
SE,h2229,9.014153109843502,scr2006,stInflow,reservoir
SE,h2230,9.014153109843502,scr2006,stInflow,reservoir
SE,h2231,9.014153109843502,scr2006,stInflow,reservoir
SE,h2232,9.014153109843502,scr2006,stInflow,reservoir
SE,h2233,9.014153109843502,scr2006,stInflow,reservoir
SE,h2234,9.014153109843502,scr2006,stInflow,reservoir
SE,h2235,9.014153109843502,scr2006,stInflow,reservoir
SE,h2236,9.014153109843502,scr2006,stInflow,reservoir
SE,h2237,9.014153109843502,scr2006,stInflow,reservoir
SE,h2238,9.014153109843502,scr2006,stInflow,reservoir
SE,h2239,9.014153109843502,scr2006,stInflow,reservoir
SE,h2240,9.014153109843502,scr2006,stInflow,reservoir
SE,h2241,9.014153109843502,scr2006,stInflow,reservoir
SE,h2242,9.014153109843502,scr2006,stInflow,reservoir
SE,h2243,9.014153109843502,scr2006,stInflow,reservoir
SE,h2244,9.014153109843502,scr2006,stInflow,reservoir
SE,h2245,9.014153109843502,scr2006,stInflow,reservoir
SE,h2246,9.014153109843502,scr2006,stInflow,reservoir
SE,h2247,9.014153109843502,scr2006,stInflow,reservoir
SE,h2248,9.014153109843502,scr2006,stInflow,reservoir
SE,h2249,9.014153109843502,scr2006,stInflow,reservoir
SE,h2250,9.014153109843502,scr2006,stInflow,reservoir
SE,h2251,9.014153109843502,scr2006,stInflow,reservoir
SE,h2252,9.014153109843502,scr2006,stInflow,reservoir
SE,h2253,9.014153109843502,scr2006,stInflow,reservoir
SE,h2254,9.014153109843502,scr2006,stInflow,reservoir
SE,h2255,9.014153109843502,scr2006,stInflow,reservoir
SE,h2256,9.014153109843502,scr2006,stInflow,reservoir
SE,h2257,9.014153109843502,scr2006,stInflow,reservoir
SE,h2258,9.014153109843502,scr2006,stInflow,reservoir
SE,h2259,9.014153109843502,scr2006,stInflow,reservoir
SE,h2260,9.014153109843502,scr2006,stInflow,reservoir
SE,h2261,9.014153109843502,scr2006,stInflow,reservoir
SE,h2262,9.014153109843502,scr2006,stInflow,reservoir
SE,h2263,9.014153109843502,scr2006,stInflow,reservoir
SE,h2264,9.014153109843502,scr2006,stInflow,reservoir
SE,h2265,9.014153109843502,scr2006,stInflow,reservoir
SE,h2266,9.014153109843502,scr2006,stInflow,reservoir
SE,h2267,9.014153109843502,scr2006,stInflow,reservoir
SE,h2268,9.014153109843502,scr2006,stInflow,reservoir
SE,h2269,9.014153109843502,scr2006,stInflow,reservoir
SE,h2270,9.014153109843502,scr2006,stInflow,reservoir
SE,h2271,9.014153109843502,scr2006,stInflow,reservoir
SE,h2272,9.014153109843502,scr2006,stInflow,reservoir
SE,h2273,9.014153109843502,scr2006,stInflow,reservoir
SE,h2274,9.014153109843502,scr2006,stInflow,reservoir
SE,h2275,9.014153109843502,scr2006,stInflow,reservoir
SE,h2276,9.014153109843502,scr2006,stInflow,reservoir
SE,h2277,9.014153109843502,scr2006,stInflow,reservoir
SE,h2278,9.014153109843502,scr2006,stInflow,reservoir
SE,h2279,9.014153109843502,scr2006,stInflow,reservoir
SE,h2280,9.014153109843502,scr2006,stInflow,reservoir
SE,h2281,9.014153109843502,scr2006,stInflow,reservoir
SE,h2282,9.014153109843502,scr2006,stInflow,reservoir
SE,h2283,9.014153109843502,scr2006,stInflow,reservoir
SE,h2284,9.014153109843502,scr2006,stInflow,reservoir
SE,h2285,9.014153109843502,scr2006,stInflow,reservoir
SE,h2286,9.014153109843502,scr2006,stInflow,reservoir
SE,h2287,9.014153109843502,scr2006,stInflow,reservoir
SE,h2288,9.014153109843502,scr2006,stInflow,reservoir
SE,h2289,9.014153109843502,scr2006,stInflow,reservoir
SE,h2290,9.014153109843502,scr2006,stInflow,reservoir
SE,h2291,9.014153109843502,scr2006,stInflow,reservoir
SE,h2292,9.014153109843502,scr2006,stInflow,reservoir
SE,h2293,9.014153109843502,scr2006,stInflow,reservoir
SE,h2294,9.014153109843502,scr2006,stInflow,reservoir
SE,h2295,9.014153109843502,scr2006,stInflow,reservoir
SE,h2296,9.014153109843502,scr2006,stInflow,reservoir
SE,h2297,9.014153109843502,scr2006,stInflow,reservoir
SE,h2298,9.014153109843502,scr2006,stInflow,reservoir
SE,h2299,9.014153109843502,scr2006,stInflow,reservoir
SE,h2300,9.014153109843502,scr2006,stInflow,reservoir
SE,h2301,9.014153109843502,scr2006,stInflow,reservoir
SE,h2302,9.014153109843502,scr2006,stInflow,reservoir
SE,h2303,9.014153109843502,scr2006,stInflow,reservoir
SE,h2304,9.014153109843502,scr2006,stInflow,reservoir
SE,h2305,9.014153109843502,scr2006,stInflow,reservoir
SE,h2306,9.014153109843502,scr2006,stInflow,reservoir
SE,h2307,9.014153109843502,scr2006,stInflow,reservoir
SE,h2308,9.014153109843502,scr2006,stInflow,reservoir
SE,h2309,9.014153109843502,scr2006,stInflow,reservoir
SE,h2310,9.014153109843502,scr2006,stInflow,reservoir
SE,h2311,9.014153109843502,scr2006,stInflow,reservoir
SE,h2312,9.014153109843502,scr2006,stInflow,reservoir
SE,h2313,9.014153109843502,scr2006,stInflow,reservoir
SE,h2314,9.014153109843502,scr2006,stInflow,reservoir
SE,h2315,9.014153109843502,scr2006,stInflow,reservoir
SE,h2316,9.014153109843502,scr2006,stInflow,reservoir
SE,h2317,9.014153109843502,scr2006,stInflow,reservoir
SE,h2318,9.014153109843502,scr2006,stInflow,reservoir
SE,h2319,9.014153109843502,scr2006,stInflow,reservoir
SE,h2320,9.014153109843502,scr2006,stInflow,reservoir
SE,h2321,9.014153109843502,scr2006,stInflow,reservoir
SE,h2322,9.014153109843502,scr2006,stInflow,reservoir
SE,h2323,9.014153109843502,scr2006,stInflow,reservoir
SE,h2324,9.014153109843502,scr2006,stInflow,reservoir
SE,h2325,9.014153109843502,scr2006,stInflow,reservoir
SE,h2326,9.014153109843502,scr2006,stInflow,reservoir
SE,h2327,9.014153109843502,scr2006,stInflow,reservoir
SE,h2328,9.014153109843502,scr2006,stInflow,reservoir
SE,h2329,9.014153109843502,scr2006,stInflow,reservoir
SE,h2330,9.014153109843502,scr2006,stInflow,reservoir
SE,h2331,9.014153109843502,scr2006,stInflow,reservoir
SE,h2332,9.014153109843502,scr2006,stInflow,reservoir
SE,h2333,9.014153109843502,scr2006,stInflow,reservoir
SE,h2334,9.014153109843502,scr2006,stInflow,reservoir
SE,h2335,9.014153109843502,scr2006,stInflow,reservoir
SE,h2336,9.014153109843502,scr2006,stInflow,reservoir
SE,h2337,9.014153109843502,scr2006,stInflow,reservoir
SE,h2338,9.014153109843502,scr2006,stInflow,reservoir
SE,h2339,9.014153109843502,scr2006,stInflow,reservoir
SE,h2340,9.014153109843502,scr2006,stInflow,reservoir
SE,h2341,9.014153109843502,scr2006,stInflow,reservoir
SE,h2342,9.014153109843502,scr2006,stInflow,reservoir
SE,h2343,9.014153109843502,scr2006,stInflow,reservoir
SE,h2344,9.014153109843502,scr2006,stInflow,reservoir
SE,h2345,9.014153109843502,scr2006,stInflow,reservoir
SE,h2346,9.014153109843502,scr2006,stInflow,reservoir
SE,h2347,9.014153109843502,scr2006,stInflow,reservoir
SE,h2348,9.014153109843502,scr2006,stInflow,reservoir
SE,h2349,9.014153109843502,scr2006,stInflow,reservoir
SE,h2350,9.014153109843502,scr2006,stInflow,reservoir
SE,h2351,9.014153109843502,scr2006,stInflow,reservoir
SE,h2352,9.014153109843502,scr2006,stInflow,reservoir
SE,h2353,9.014153109843502,scr2006,stInflow,reservoir
SE,h2354,9.014153109843502,scr2006,stInflow,reservoir
SE,h2355,9.014153109843502,scr2006,stInflow,reservoir
SE,h2356,9.014153109843502,scr2006,stInflow,reservoir
SE,h2357,9.014153109843502,scr2006,stInflow,reservoir
SE,h2358,9.014153109843502,scr2006,stInflow,reservoir
SE,h2359,9.014153109843502,scr2006,stInflow,reservoir
SE,h2360,9.014153109843502,scr2006,stInflow,reservoir
SE,h2361,9.014153109843502,scr2006,stInflow,reservoir
SE,h2362,9.014153109843502,scr2006,stInflow,reservoir
SE,h2363,9.014153109843502,scr2006,stInflow,reservoir
SE,h2364,9.014153109843502,scr2006,stInflow,reservoir
SE,h2365,9.014153109843502,scr2006,stInflow,reservoir
SE,h2366,9.014153109843502,scr2006,stInflow,reservoir
SE,h2367,9.014153109843502,scr2006,stInflow,reservoir
SE,h2368,9.014153109843502,scr2006,stInflow,reservoir
SE,h2369,9.014153109843502,scr2006,stInflow,reservoir
SE,h2370,9.014153109843502,scr2006,stInflow,reservoir
SE,h2371,9.014153109843502,scr2006,stInflow,reservoir
SE,h2372,9.014153109843502,scr2006,stInflow,reservoir
SE,h2373,9.014153109843502,scr2006,stInflow,reservoir
SE,h2374,9.014153109843502,scr2006,stInflow,reservoir
SE,h2375,9.014153109843502,scr2006,stInflow,reservoir
SE,h2376,9.014153109843502,scr2006,stInflow,reservoir
SE,h2377,8.78962277310779,scr2006,stInflow,reservoir
SE,h2378,8.56509300999048,scr2006,stInflow,reservoir
SE,h2379,8.340563835530496,scr2006,stInflow,reservoir
SE,h2380,8.340563835530496,scr2006,stInflow,reservoir
SE,h2381,8.340563835530496,scr2006,stInflow,reservoir
SE,h2382,8.340563835530496,scr2006,stInflow,reservoir
SE,h2383,8.340563835530496,scr2006,stInflow,reservoir
SE,h2384,8.340563835530496,scr2006,stInflow,reservoir
SE,h2385,8.340563835530496,scr2006,stInflow,reservoir
SE,h2386,8.340563835530496,scr2006,stInflow,reservoir
SE,h2387,8.340563835530496,scr2006,stInflow,reservoir
SE,h2388,8.340563835530496,scr2006,stInflow,reservoir
SE,h2389,8.340563835530496,scr2006,stInflow,reservoir
SE,h2390,8.340563835530496,scr2006,stInflow,reservoir
SE,h2391,8.340563835530496,scr2006,stInflow,reservoir
SE,h2392,8.340563835530496,scr2006,stInflow,reservoir
SE,h2393,8.340563835530496,scr2006,stInflow,reservoir
SE,h2394,8.340563835530496,scr2006,stInflow,reservoir
SE,h2395,8.340563835530496,scr2006,stInflow,reservoir
SE,h2396,8.340563835530496,scr2006,stInflow,reservoir
SE,h2397,8.340563835530496,scr2006,stInflow,reservoir
SE,h2398,8.340563835530496,scr2006,stInflow,reservoir
SE,h2399,8.340563835530496,scr2006,stInflow,reservoir
SE,h2400,8.340563835530496,scr2006,stInflow,reservoir
SE,h2401,8.340563835530496,scr2006,stInflow,reservoir
SE,h2402,8.340563835530496,scr2006,stInflow,reservoir
SE,h2403,8.340563835530496,scr2006,stInflow,reservoir
SE,h2404,8.340563835530496,scr2006,stInflow,reservoir
SE,h2405,8.340563835530496,scr2006,stInflow,reservoir
SE,h2406,8.340563835530496,scr2006,stInflow,reservoir
SE,h2407,8.340563835530496,scr2006,stInflow,reservoir
SE,h2408,8.340563835530496,scr2006,stInflow,reservoir
SE,h2409,8.340563835530496,scr2006,stInflow,reservoir
SE,h2410,8.340563835530496,scr2006,stInflow,reservoir
SE,h2411,8.340563835530496,scr2006,stInflow,reservoir
SE,h2412,8.340563835530496,scr2006,stInflow,reservoir
SE,h2413,8.340563835530496,scr2006,stInflow,reservoir
SE,h2414,8.340563835530496,scr2006,stInflow,reservoir
SE,h2415,8.340563835530496,scr2006,stInflow,reservoir
SE,h2416,8.340563835530496,scr2006,stInflow,reservoir
SE,h2417,8.340563835530496,scr2006,stInflow,reservoir
SE,h2418,8.340563835530496,scr2006,stInflow,reservoir
SE,h2419,8.340563835530496,scr2006,stInflow,reservoir
SE,h2420,8.340563835530496,scr2006,stInflow,reservoir
SE,h2421,8.340563835530496,scr2006,stInflow,reservoir
SE,h2422,8.340563835530496,scr2006,stInflow,reservoir
SE,h2423,8.340563835530496,scr2006,stInflow,reservoir
SE,h2424,8.340563835530496,scr2006,stInflow,reservoir
SE,h2425,8.340563835530496,scr2006,stInflow,reservoir
SE,h2426,8.340563835530496,scr2006,stInflow,reservoir
SE,h2427,8.340563835530496,scr2006,stInflow,reservoir
SE,h2428,8.340563835530496,scr2006,stInflow,reservoir
SE,h2429,8.340563835530496,scr2006,stInflow,reservoir
SE,h2430,8.340563835530496,scr2006,stInflow,reservoir
SE,h2431,8.340563835530496,scr2006,stInflow,reservoir
SE,h2432,8.340563835530496,scr2006,stInflow,reservoir
SE,h2433,8.340563835530496,scr2006,stInflow,reservoir
SE,h2434,8.340563835530496,scr2006,stInflow,reservoir
SE,h2435,8.340563835530496,scr2006,stInflow,reservoir
SE,h2436,8.340563835530496,scr2006,stInflow,reservoir
SE,h2437,8.340563835530496,scr2006,stInflow,reservoir
SE,h2438,8.340563835530496,scr2006,stInflow,reservoir
SE,h2439,8.340563835530496,scr2006,stInflow,reservoir
SE,h2440,8.340563835530496,scr2006,stInflow,reservoir
SE,h2441,8.340563835530496,scr2006,stInflow,reservoir
SE,h2442,8.340563835530496,scr2006,stInflow,reservoir
SE,h2443,8.340563835530496,scr2006,stInflow,reservoir
SE,h2444,8.340563835530496,scr2006,stInflow,reservoir
SE,h2445,8.340563835530496,scr2006,stInflow,reservoir
SE,h2446,8.340563835530496,scr2006,stInflow,reservoir
SE,h2447,8.340563835530496,scr2006,stInflow,reservoir
SE,h2448,8.340563835530496,scr2006,stInflow,reservoir
SE,h2449,8.340563835530496,scr2006,stInflow,reservoir
SE,h2450,8.340563835530496,scr2006,stInflow,reservoir
SE,h2451,8.340563835530496,scr2006,stInflow,reservoir
SE,h2452,8.340563835530496,scr2006,stInflow,reservoir
SE,h2453,8.340563835530496,scr2006,stInflow,reservoir
SE,h2454,8.340563835530496,scr2006,stInflow,reservoir
SE,h2455,8.340563835530496,scr2006,stInflow,reservoir
SE,h2456,8.340563835530496,scr2006,stInflow,reservoir
SE,h2457,8.340563835530496,scr2006,stInflow,reservoir
SE,h2458,8.340563835530496,scr2006,stInflow,reservoir
SE,h2459,8.340563835530496,scr2006,stInflow,reservoir
SE,h2460,8.340563835530496,scr2006,stInflow,reservoir
SE,h2461,8.340563835530496,scr2006,stInflow,reservoir
SE,h2462,8.340563835530496,scr2006,stInflow,reservoir
SE,h2463,8.340563835530496,scr2006,stInflow,reservoir
SE,h2464,8.340563835530496,scr2006,stInflow,reservoir
SE,h2465,8.340563835530496,scr2006,stInflow,reservoir
SE,h2466,8.340563835530496,scr2006,stInflow,reservoir
SE,h2467,8.340563835530496,scr2006,stInflow,reservoir
SE,h2468,8.340563835530496,scr2006,stInflow,reservoir
SE,h2469,8.340563835530496,scr2006,stInflow,reservoir
SE,h2470,8.340563835530496,scr2006,stInflow,reservoir
SE,h2471,8.340563835530496,scr2006,stInflow,reservoir
SE,h2472,8.340563835530496,scr2006,stInflow,reservoir
SE,h2473,8.340563835530496,scr2006,stInflow,reservoir
SE,h2474,8.340563835530496,scr2006,stInflow,reservoir
SE,h2475,8.340563835530496,scr2006,stInflow,reservoir
SE,h2476,8.340563835530496,scr2006,stInflow,reservoir
SE,h2477,8.340563835530496,scr2006,stInflow,reservoir
SE,h2478,8.340563835530496,scr2006,stInflow,reservoir
SE,h2479,8.340563835530496,scr2006,stInflow,reservoir
SE,h2480,8.340563835530496,scr2006,stInflow,reservoir
SE,h2481,8.340563835530496,scr2006,stInflow,reservoir
SE,h2482,8.340563835530496,scr2006,stInflow,reservoir
SE,h2483,8.340563835530496,scr2006,stInflow,reservoir
SE,h2484,8.340563835530496,scr2006,stInflow,reservoir
SE,h2485,8.340563835530496,scr2006,stInflow,reservoir
SE,h2486,8.340563835530496,scr2006,stInflow,reservoir
SE,h2487,8.340563835530496,scr2006,stInflow,reservoir
SE,h2488,8.340563835530496,scr2006,stInflow,reservoir
SE,h2489,8.340563835530496,scr2006,stInflow,reservoir
SE,h2490,8.340563835530496,scr2006,stInflow,reservoir
SE,h2491,8.340563835530496,scr2006,stInflow,reservoir
SE,h2492,8.340563835530496,scr2006,stInflow,reservoir
SE,h2493,8.340563835530496,scr2006,stInflow,reservoir
SE,h2494,8.340563835530496,scr2006,stInflow,reservoir
SE,h2495,8.340563835530496,scr2006,stInflow,reservoir
SE,h2496,8.340563835530496,scr2006,stInflow,reservoir
SE,h2497,8.340563835530496,scr2006,stInflow,reservoir
SE,h2498,8.340563835530496,scr2006,stInflow,reservoir
SE,h2499,8.340563835530496,scr2006,stInflow,reservoir
SE,h2500,8.340563835530496,scr2006,stInflow,reservoir
SE,h2501,8.340563835530496,scr2006,stInflow,reservoir
SE,h2502,8.340563835530496,scr2006,stInflow,reservoir
SE,h2503,8.340563835530496,scr2006,stInflow,reservoir
SE,h2504,8.340563835530496,scr2006,stInflow,reservoir
SE,h2505,8.340563835530496,scr2006,stInflow,reservoir
SE,h2506,8.340563835530496,scr2006,stInflow,reservoir
SE,h2507,8.340563835530496,scr2006,stInflow,reservoir
SE,h2508,8.340563835530496,scr2006,stInflow,reservoir
SE,h2509,8.340563835530496,scr2006,stInflow,reservoir
SE,h2510,8.340563835530496,scr2006,stInflow,reservoir
SE,h2511,8.340563835530496,scr2006,stInflow,reservoir
SE,h2512,8.340563835530496,scr2006,stInflow,reservoir
SE,h2513,8.340563835530496,scr2006,stInflow,reservoir
SE,h2514,8.340563835530496,scr2006,stInflow,reservoir
SE,h2515,8.340563835530496,scr2006,stInflow,reservoir
SE,h2516,8.340563835530496,scr2006,stInflow,reservoir
SE,h2517,8.340563835530496,scr2006,stInflow,reservoir
SE,h2518,8.340563835530496,scr2006,stInflow,reservoir
SE,h2519,8.340563835530496,scr2006,stInflow,reservoir
SE,h2520,8.340563835530496,scr2006,stInflow,reservoir
SE,h2521,8.340563835530496,scr2006,stInflow,reservoir
SE,h2522,8.340563835530496,scr2006,stInflow,reservoir
SE,h2523,8.340563835530496,scr2006,stInflow,reservoir
SE,h2524,8.340563835530496,scr2006,stInflow,reservoir
SE,h2525,8.340563835530496,scr2006,stInflow,reservoir
SE,h2526,8.340563835530496,scr2006,stInflow,reservoir
SE,h2527,8.340563835530496,scr2006,stInflow,reservoir
SE,h2528,8.340563835530496,scr2006,stInflow,reservoir
SE,h2529,8.340563835530496,scr2006,stInflow,reservoir
SE,h2530,8.340563835530496,scr2006,stInflow,reservoir
SE,h2531,8.340563835530496,scr2006,stInflow,reservoir
SE,h2532,8.340563835530496,scr2006,stInflow,reservoir
SE,h2533,8.340563835530496,scr2006,stInflow,reservoir
SE,h2534,8.340563835530496,scr2006,stInflow,reservoir
SE,h2535,8.340563835530496,scr2006,stInflow,reservoir
SE,h2536,8.340563835530496,scr2006,stInflow,reservoir
SE,h2537,8.340563835530496,scr2006,stInflow,reservoir
SE,h2538,8.340563835530496,scr2006,stInflow,reservoir
SE,h2539,8.340563835530496,scr2006,stInflow,reservoir
SE,h2540,8.340563835530496,scr2006,stInflow,reservoir
SE,h2541,8.340563835530496,scr2006,stInflow,reservoir
SE,h2542,8.340563835530496,scr2006,stInflow,reservoir
SE,h2543,8.340563835530496,scr2006,stInflow,reservoir
SE,h2544,8.340563835530496,scr2006,stInflow,reservoir
SE,h2545,8.599622166368288,scr2006,stInflow,reservoir
SE,h2546,8.858681277720247,scr2006,stInflow,reservoir
SE,h2547,9.117741146757155,scr2006,stInflow,reservoir
SE,h2548,9.117741146757155,scr2006,stInflow,reservoir
SE,h2549,9.117741146757155,scr2006,stInflow,reservoir
SE,h2550,9.117741146757155,scr2006,stInflow,reservoir
SE,h2551,9.117741146757155,scr2006,stInflow,reservoir
SE,h2552,9.117741146757155,scr2006,stInflow,reservoir
SE,h2553,9.117741146757155,scr2006,stInflow,reservoir
SE,h2554,9.117741146757155,scr2006,stInflow,reservoir
SE,h2555,9.117741146757155,scr2006,stInflow,reservoir
SE,h2556,9.117741146757155,scr2006,stInflow,reservoir
SE,h2557,9.117741146757155,scr2006,stInflow,reservoir
SE,h2558,9.117741146757155,scr2006,stInflow,reservoir
SE,h2559,9.117741146757155,scr2006,stInflow,reservoir
SE,h2560,9.117741146757155,scr2006,stInflow,reservoir
SE,h2561,9.117741146757155,scr2006,stInflow,reservoir
SE,h2562,9.117741146757155,scr2006,stInflow,reservoir
SE,h2563,9.117741146757155,scr2006,stInflow,reservoir
SE,h2564,9.117741146757155,scr2006,stInflow,reservoir
SE,h2565,9.117741146757155,scr2006,stInflow,reservoir
SE,h2566,9.117741146757155,scr2006,stInflow,reservoir
SE,h2567,9.117741146757155,scr2006,stInflow,reservoir
SE,h2568,9.117741146757155,scr2006,stInflow,reservoir
SE,h2569,9.117741146757155,scr2006,stInflow,reservoir
SE,h2570,9.117741146757155,scr2006,stInflow,reservoir
SE,h2571,9.117741146757155,scr2006,stInflow,reservoir
SE,h2572,9.117741146757155,scr2006,stInflow,reservoir
SE,h2573,9.117741146757155,scr2006,stInflow,reservoir
SE,h2574,9.117741146757155,scr2006,stInflow,reservoir
SE,h2575,9.117741146757155,scr2006,stInflow,reservoir
SE,h2576,9.117741146757155,scr2006,stInflow,reservoir
SE,h2577,9.117741146757155,scr2006,stInflow,reservoir
SE,h2578,9.117741146757155,scr2006,stInflow,reservoir
SE,h2579,9.117741146757155,scr2006,stInflow,reservoir
SE,h2580,9.117741146757155,scr2006,stInflow,reservoir
SE,h2581,9.117741146757155,scr2006,stInflow,reservoir
SE,h2582,9.117741146757155,scr2006,stInflow,reservoir
SE,h2583,9.117741146757155,scr2006,stInflow,reservoir
SE,h2584,9.117741146757155,scr2006,stInflow,reservoir
SE,h2585,9.117741146757155,scr2006,stInflow,reservoir
SE,h2586,9.117741146757155,scr2006,stInflow,reservoir
SE,h2587,9.117741146757155,scr2006,stInflow,reservoir
SE,h2588,9.117741146757155,scr2006,stInflow,reservoir
SE,h2589,9.117741146757155,scr2006,stInflow,reservoir
SE,h2590,9.117741146757155,scr2006,stInflow,reservoir
SE,h2591,9.117741146757155,scr2006,stInflow,reservoir
SE,h2592,9.117741146757155,scr2006,stInflow,reservoir
SE,h2593,9.117741146757155,scr2006,stInflow,reservoir
SE,h2594,9.117741146757155,scr2006,stInflow,reservoir
SE,h2595,9.117741146757155,scr2006,stInflow,reservoir
SE,h2596,9.117741146757155,scr2006,stInflow,reservoir
SE,h2597,9.117741146757155,scr2006,stInflow,reservoir
SE,h2598,9.117741146757155,scr2006,stInflow,reservoir
SE,h2599,9.117741146757155,scr2006,stInflow,reservoir
SE,h2600,9.117741146757155,scr2006,stInflow,reservoir
SE,h2601,9.117741146757155,scr2006,stInflow,reservoir
SE,h2602,9.117741146757155,scr2006,stInflow,reservoir
SE,h2603,9.117741146757155,scr2006,stInflow,reservoir
SE,h2604,9.117741146757155,scr2006,stInflow,reservoir
SE,h2605,9.117741146757155,scr2006,stInflow,reservoir
SE,h2606,9.117741146757155,scr2006,stInflow,reservoir
SE,h2607,9.117741146757155,scr2006,stInflow,reservoir
SE,h2608,9.117741146757155,scr2006,stInflow,reservoir
SE,h2609,9.117741146757155,scr2006,stInflow,reservoir
SE,h2610,9.117741146757155,scr2006,stInflow,reservoir
SE,h2611,9.117741146757155,scr2006,stInflow,reservoir
SE,h2612,9.117741146757155,scr2006,stInflow,reservoir
SE,h2613,9.117741146757155,scr2006,stInflow,reservoir
SE,h2614,9.117741146757155,scr2006,stInflow,reservoir
SE,h2615,9.117741146757155,scr2006,stInflow,reservoir
SE,h2616,9.117741146757155,scr2006,stInflow,reservoir
SE,h2617,9.117741146757155,scr2006,stInflow,reservoir
SE,h2618,9.117741146757155,scr2006,stInflow,reservoir
SE,h2619,9.117741146757155,scr2006,stInflow,reservoir
SE,h2620,9.117741146757155,scr2006,stInflow,reservoir
SE,h2621,9.117741146757155,scr2006,stInflow,reservoir
SE,h2622,9.117741146757155,scr2006,stInflow,reservoir
SE,h2623,9.117741146757155,scr2006,stInflow,reservoir
SE,h2624,9.117741146757155,scr2006,stInflow,reservoir
SE,h2625,9.117741146757155,scr2006,stInflow,reservoir
SE,h2626,9.117741146757155,scr2006,stInflow,reservoir
SE,h2627,9.117741146757155,scr2006,stInflow,reservoir
SE,h2628,9.117741146757155,scr2006,stInflow,reservoir
SE,h2629,9.117741146757155,scr2006,stInflow,reservoir
SE,h2630,9.117741146757155,scr2006,stInflow,reservoir
SE,h2631,9.117741146757155,scr2006,stInflow,reservoir
SE,h2632,9.117741146757155,scr2006,stInflow,reservoir
SE,h2633,9.117741146757155,scr2006,stInflow,reservoir
SE,h2634,9.117741146757155,scr2006,stInflow,reservoir
SE,h2635,9.117741146757155,scr2006,stInflow,reservoir
SE,h2636,9.117741146757155,scr2006,stInflow,reservoir
SE,h2637,9.117741146757155,scr2006,stInflow,reservoir
SE,h2638,9.117741146757155,scr2006,stInflow,reservoir
SE,h2639,9.117741146757155,scr2006,stInflow,reservoir
SE,h2640,9.117741146757155,scr2006,stInflow,reservoir
SE,h2641,9.117741146757155,scr2006,stInflow,reservoir
SE,h2642,9.117741146757155,scr2006,stInflow,reservoir
SE,h2643,9.117741146757155,scr2006,stInflow,reservoir
SE,h2644,9.117741146757155,scr2006,stInflow,reservoir
SE,h2645,9.117741146757155,scr2006,stInflow,reservoir
SE,h2646,9.117741146757155,scr2006,stInflow,reservoir
SE,h2647,9.117741146757155,scr2006,stInflow,reservoir
SE,h2648,9.117741146757155,scr2006,stInflow,reservoir
SE,h2649,9.117741146757155,scr2006,stInflow,reservoir
SE,h2650,9.117741146757155,scr2006,stInflow,reservoir
SE,h2651,9.117741146757155,scr2006,stInflow,reservoir
SE,h2652,9.117741146757155,scr2006,stInflow,reservoir
SE,h2653,9.117741146757155,scr2006,stInflow,reservoir
SE,h2654,9.117741146757155,scr2006,stInflow,reservoir
SE,h2655,9.117741146757155,scr2006,stInflow,reservoir
SE,h2656,9.117741146757155,scr2006,stInflow,reservoir
SE,h2657,9.117741146757155,scr2006,stInflow,reservoir
SE,h2658,9.117741146757155,scr2006,stInflow,reservoir
SE,h2659,9.117741146757155,scr2006,stInflow,reservoir
SE,h2660,9.117741146757155,scr2006,stInflow,reservoir
SE,h2661,9.117741146757155,scr2006,stInflow,reservoir
SE,h2662,9.117741146757155,scr2006,stInflow,reservoir
SE,h2663,9.117741146757155,scr2006,stInflow,reservoir
SE,h2664,9.117741146757155,scr2006,stInflow,reservoir
SE,h2665,9.117741146757155,scr2006,stInflow,reservoir
SE,h2666,9.117741146757155,scr2006,stInflow,reservoir
SE,h2667,9.117741146757155,scr2006,stInflow,reservoir
SE,h2668,9.117741146757155,scr2006,stInflow,reservoir
SE,h2669,9.117741146757155,scr2006,stInflow,reservoir
SE,h2670,9.117741146757155,scr2006,stInflow,reservoir
SE,h2671,9.117741146757155,scr2006,stInflow,reservoir
SE,h2672,9.117741146757155,scr2006,stInflow,reservoir
SE,h2673,9.117741146757155,scr2006,stInflow,reservoir
SE,h2674,9.117741146757155,scr2006,stInflow,reservoir
SE,h2675,9.117741146757155,scr2006,stInflow,reservoir
SE,h2676,9.117741146757155,scr2006,stInflow,reservoir
SE,h2677,9.117741146757155,scr2006,stInflow,reservoir
SE,h2678,9.117741146757155,scr2006,stInflow,reservoir
SE,h2679,9.117741146757155,scr2006,stInflow,reservoir
SE,h2680,9.117741146757155,scr2006,stInflow,reservoir
SE,h2681,9.117741146757155,scr2006,stInflow,reservoir
SE,h2682,9.117741146757155,scr2006,stInflow,reservoir
SE,h2683,9.117741146757155,scr2006,stInflow,reservoir
SE,h2684,9.117741146757155,scr2006,stInflow,reservoir
SE,h2685,9.117741146757155,scr2006,stInflow,reservoir
SE,h2686,9.117741146757155,scr2006,stInflow,reservoir
SE,h2687,9.117741146757155,scr2006,stInflow,reservoir
SE,h2688,9.117741146757155,scr2006,stInflow,reservoir
SE,h2689,9.117741146757155,scr2006,stInflow,reservoir
SE,h2690,9.117741146757155,scr2006,stInflow,reservoir
SE,h2691,9.117741146757155,scr2006,stInflow,reservoir
SE,h2692,9.117741146757155,scr2006,stInflow,reservoir
SE,h2693,9.117741146757155,scr2006,stInflow,reservoir
SE,h2694,9.117741146757155,scr2006,stInflow,reservoir
SE,h2695,9.117741146757155,scr2006,stInflow,reservoir
SE,h2696,9.117741146757155,scr2006,stInflow,reservoir
SE,h2697,9.117741146757155,scr2006,stInflow,reservoir
SE,h2698,9.117741146757155,scr2006,stInflow,reservoir
SE,h2699,9.117741146757155,scr2006,stInflow,reservoir
SE,h2700,9.117741146757155,scr2006,stInflow,reservoir
SE,h2701,9.117741146757155,scr2006,stInflow,reservoir
SE,h2702,9.117741146757155,scr2006,stInflow,reservoir
SE,h2703,9.117741146757155,scr2006,stInflow,reservoir
SE,h2704,9.117741146757155,scr2006,stInflow,reservoir
SE,h2705,9.117741146757155,scr2006,stInflow,reservoir
SE,h2706,9.117741146757155,scr2006,stInflow,reservoir
SE,h2707,9.117741146757155,scr2006,stInflow,reservoir
SE,h2708,9.117741146757155,scr2006,stInflow,reservoir
SE,h2709,9.117741146757155,scr2006,stInflow,reservoir
SE,h2710,9.117741146757155,scr2006,stInflow,reservoir
SE,h2711,9.117741146757155,scr2006,stInflow,reservoir
SE,h2712,9.117741146757155,scr2006,stInflow,reservoir
SE,h2713,10.305628885267708,scr2006,stInflow,reservoir
SE,h2714,11.49353034643677,scr2006,stInflow,reservoir
SE,h2715,12.681444106761212,scr2006,stInflow,reservoir
SE,h2716,12.681444106761212,scr2006,stInflow,reservoir
SE,h2717,12.681444106761212,scr2006,stInflow,reservoir
SE,h2718,12.681444106761212,scr2006,stInflow,reservoir
SE,h2719,12.681444106761212,scr2006,stInflow,reservoir
SE,h2720,12.681444106761212,scr2006,stInflow,reservoir
SE,h2721,12.681444106761212,scr2006,stInflow,reservoir
SE,h2722,12.681444106761212,scr2006,stInflow,reservoir
SE,h2723,12.681444106761212,scr2006,stInflow,reservoir
SE,h2724,12.681444106761212,scr2006,stInflow,reservoir
SE,h2725,12.681444106761212,scr2006,stInflow,reservoir
SE,h2726,12.681444106761212,scr2006,stInflow,reservoir
SE,h2727,12.681444106761212,scr2006,stInflow,reservoir
SE,h2728,12.681444106761212,scr2006,stInflow,reservoir
SE,h2729,12.681444106761212,scr2006,stInflow,reservoir
SE,h2730,12.681444106761212,scr2006,stInflow,reservoir
SE,h2731,12.681444106761212,scr2006,stInflow,reservoir
SE,h2732,12.681444106761212,scr2006,stInflow,reservoir
SE,h2733,12.681444106761212,scr2006,stInflow,reservoir
SE,h2734,12.681444106761212,scr2006,stInflow,reservoir
SE,h2735,12.681444106761212,scr2006,stInflow,reservoir
SE,h2736,12.681444106761212,scr2006,stInflow,reservoir
SE,h2737,12.681444106761212,scr2006,stInflow,reservoir
SE,h2738,12.681444106761212,scr2006,stInflow,reservoir
SE,h2739,12.681444106761212,scr2006,stInflow,reservoir
SE,h2740,12.681444106761212,scr2006,stInflow,reservoir
SE,h2741,12.681444106761212,scr2006,stInflow,reservoir
SE,h2742,12.681444106761212,scr2006,stInflow,reservoir
SE,h2743,12.681444106761212,scr2006,stInflow,reservoir
SE,h2744,12.681444106761212,scr2006,stInflow,reservoir
SE,h2745,12.681444106761212,scr2006,stInflow,reservoir
SE,h2746,12.681444106761212,scr2006,stInflow,reservoir
SE,h2747,12.681444106761212,scr2006,stInflow,reservoir
SE,h2748,12.681444106761212,scr2006,stInflow,reservoir
SE,h2749,12.681444106761212,scr2006,stInflow,reservoir
SE,h2750,12.681444106761212,scr2006,stInflow,reservoir
SE,h2751,12.681444106761212,scr2006,stInflow,reservoir
SE,h2752,12.681444106761212,scr2006,stInflow,reservoir
SE,h2753,12.681444106761212,scr2006,stInflow,reservoir
SE,h2754,12.681444106761212,scr2006,stInflow,reservoir
SE,h2755,12.681444106761212,scr2006,stInflow,reservoir
SE,h2756,12.681444106761212,scr2006,stInflow,reservoir
SE,h2757,12.681444106761212,scr2006,stInflow,reservoir
SE,h2758,12.681444106761212,scr2006,stInflow,reservoir
SE,h2759,12.681444106761212,scr2006,stInflow,reservoir
SE,h2760,12.681444106761212,scr2006,stInflow,reservoir
SE,h2761,12.681444106761212,scr2006,stInflow,reservoir
SE,h2762,12.681444106761212,scr2006,stInflow,reservoir
SE,h2763,12.681444106761212,scr2006,stInflow,reservoir
SE,h2764,12.681444106761212,scr2006,stInflow,reservoir
SE,h2765,12.681444106761212,scr2006,stInflow,reservoir
SE,h2766,12.681444106761212,scr2006,stInflow,reservoir
SE,h2767,12.681444106761212,scr2006,stInflow,reservoir
SE,h2768,12.681444106761212,scr2006,stInflow,reservoir
SE,h2769,12.681444106761212,scr2006,stInflow,reservoir
SE,h2770,12.681444106761212,scr2006,stInflow,reservoir
SE,h2771,12.681444106761212,scr2006,stInflow,reservoir
SE,h2772,12.681444106761212,scr2006,stInflow,reservoir
SE,h2773,12.681444106761212,scr2006,stInflow,reservoir
SE,h2774,12.681444106761212,scr2006,stInflow,reservoir
SE,h2775,12.681444106761212,scr2006,stInflow,reservoir
SE,h2776,12.681444106761212,scr2006,stInflow,reservoir
SE,h2777,12.681444106761212,scr2006,stInflow,reservoir
SE,h2778,12.681444106761212,scr2006,stInflow,reservoir
SE,h2779,12.681444106761212,scr2006,stInflow,reservoir
SE,h2780,12.681444106761212,scr2006,stInflow,reservoir
SE,h2781,12.681444106761212,scr2006,stInflow,reservoir
SE,h2782,12.681444106761212,scr2006,stInflow,reservoir
SE,h2783,12.681444106761212,scr2006,stInflow,reservoir
SE,h2784,12.681444106761212,scr2006,stInflow,reservoir
SE,h2785,12.681444106761212,scr2006,stInflow,reservoir
SE,h2786,12.681444106761212,scr2006,stInflow,reservoir
SE,h2787,12.681444106761212,scr2006,stInflow,reservoir
SE,h2788,12.681444106761212,scr2006,stInflow,reservoir
SE,h2789,12.681444106761212,scr2006,stInflow,reservoir
SE,h2790,12.681444106761212,scr2006,stInflow,reservoir
SE,h2791,12.681444106761212,scr2006,stInflow,reservoir
SE,h2792,12.681444106761212,scr2006,stInflow,reservoir
SE,h2793,12.681444106761212,scr2006,stInflow,reservoir
SE,h2794,12.681444106761212,scr2006,stInflow,reservoir
SE,h2795,12.681444106761212,scr2006,stInflow,reservoir
SE,h2796,12.681444106761212,scr2006,stInflow,reservoir
SE,h2797,12.681444106761212,scr2006,stInflow,reservoir
SE,h2798,12.681444106761212,scr2006,stInflow,reservoir
SE,h2799,12.681444106761212,scr2006,stInflow,reservoir
SE,h2800,12.681444106761212,scr2006,stInflow,reservoir
SE,h2801,12.681444106761212,scr2006,stInflow,reservoir
SE,h2802,12.681444106761212,scr2006,stInflow,reservoir
SE,h2803,12.681444106761212,scr2006,stInflow,reservoir
SE,h2804,12.681444106761212,scr2006,stInflow,reservoir
SE,h2805,12.681444106761212,scr2006,stInflow,reservoir
SE,h2806,12.681444106761212,scr2006,stInflow,reservoir
SE,h2807,12.681444106761212,scr2006,stInflow,reservoir
SE,h2808,12.681444106761212,scr2006,stInflow,reservoir
SE,h2809,12.681444106761212,scr2006,stInflow,reservoir
SE,h2810,12.681444106761212,scr2006,stInflow,reservoir
SE,h2811,12.681444106761212,scr2006,stInflow,reservoir
SE,h2812,12.681444106761212,scr2006,stInflow,reservoir
SE,h2813,12.681444106761212,scr2006,stInflow,reservoir
SE,h2814,12.681444106761212,scr2006,stInflow,reservoir
SE,h2815,12.681444106761212,scr2006,stInflow,reservoir
SE,h2816,12.681444106761212,scr2006,stInflow,reservoir
SE,h2817,12.681444106761212,scr2006,stInflow,reservoir
SE,h2818,12.681444106761212,scr2006,stInflow,reservoir
SE,h2819,12.681444106761212,scr2006,stInflow,reservoir
SE,h2820,12.681444106761212,scr2006,stInflow,reservoir
SE,h2821,12.681444106761212,scr2006,stInflow,reservoir
SE,h2822,12.681444106761212,scr2006,stInflow,reservoir
SE,h2823,12.681444106761212,scr2006,stInflow,reservoir
SE,h2824,12.681444106761212,scr2006,stInflow,reservoir
SE,h2825,12.681444106761212,scr2006,stInflow,reservoir
SE,h2826,12.681444106761212,scr2006,stInflow,reservoir
SE,h2827,12.681444106761212,scr2006,stInflow,reservoir
SE,h2828,12.681444106761212,scr2006,stInflow,reservoir
SE,h2829,12.681444106761212,scr2006,stInflow,reservoir
SE,h2830,12.681444106761212,scr2006,stInflow,reservoir
SE,h2831,12.681444106761212,scr2006,stInflow,reservoir
SE,h2832,12.681444106761212,scr2006,stInflow,reservoir
SE,h2833,12.681444106761212,scr2006,stInflow,reservoir
SE,h2834,12.681444106761212,scr2006,stInflow,reservoir
SE,h2835,12.681444106761212,scr2006,stInflow,reservoir
SE,h2836,12.681444106761212,scr2006,stInflow,reservoir
SE,h2837,12.681444106761212,scr2006,stInflow,reservoir
SE,h2838,12.681444106761212,scr2006,stInflow,reservoir
SE,h2839,12.681444106761212,scr2006,stInflow,reservoir
SE,h2840,12.681444106761212,scr2006,stInflow,reservoir
SE,h2841,12.681444106761212,scr2006,stInflow,reservoir
SE,h2842,12.681444106761212,scr2006,stInflow,reservoir
SE,h2843,12.681444106761212,scr2006,stInflow,reservoir
SE,h2844,12.681444106761212,scr2006,stInflow,reservoir
SE,h2845,12.681444106761212,scr2006,stInflow,reservoir
SE,h2846,12.681444106761212,scr2006,stInflow,reservoir
SE,h2847,12.681444106761212,scr2006,stInflow,reservoir
SE,h2848,12.681444106761212,scr2006,stInflow,reservoir
SE,h2849,12.681444106761212,scr2006,stInflow,reservoir
SE,h2850,12.681444106761212,scr2006,stInflow,reservoir
SE,h2851,12.681444106761212,scr2006,stInflow,reservoir
SE,h2852,12.681444106761212,scr2006,stInflow,reservoir
SE,h2853,12.681444106761212,scr2006,stInflow,reservoir
SE,h2854,12.681444106761212,scr2006,stInflow,reservoir
SE,h2855,12.681444106761212,scr2006,stInflow,reservoir
SE,h2856,12.681444106761212,scr2006,stInflow,reservoir
SE,h2857,12.681444106761212,scr2006,stInflow,reservoir
SE,h2858,12.681444106761212,scr2006,stInflow,reservoir
SE,h2859,12.681444106761212,scr2006,stInflow,reservoir
SE,h2860,12.681444106761212,scr2006,stInflow,reservoir
SE,h2861,12.681444106761212,scr2006,stInflow,reservoir
SE,h2862,12.681444106761212,scr2006,stInflow,reservoir
SE,h2863,12.681444106761212,scr2006,stInflow,reservoir
SE,h2864,12.681444106761212,scr2006,stInflow,reservoir
SE,h2865,12.681444106761212,scr2006,stInflow,reservoir
SE,h2866,12.681444106761212,scr2006,stInflow,reservoir
SE,h2867,12.681444106761212,scr2006,stInflow,reservoir
SE,h2868,12.681444106761212,scr2006,stInflow,reservoir
SE,h2869,12.681444106761212,scr2006,stInflow,reservoir
SE,h2870,12.681444106761212,scr2006,stInflow,reservoir
SE,h2871,12.681444106761212,scr2006,stInflow,reservoir
SE,h2872,12.681444106761212,scr2006,stInflow,reservoir
SE,h2873,12.681444106761212,scr2006,stInflow,reservoir
SE,h2874,12.681444106761212,scr2006,stInflow,reservoir
SE,h2875,12.681444106761212,scr2006,stInflow,reservoir
SE,h2876,12.681444106761212,scr2006,stInflow,reservoir
SE,h2877,12.681444106761212,scr2006,stInflow,reservoir
SE,h2878,12.681444106761212,scr2006,stInflow,reservoir
SE,h2879,12.681444106761212,scr2006,stInflow,reservoir
SE,h2880,12.681444106761212,scr2006,stInflow,reservoir
