region_3,category,timestep_6,value,scenario_1,parameter,technology_3
al,1,h0241,0.0,scr2016,avaConv,pvInd_a
al,1,h0242,0.0,scr2016,avaConv,pvInd_a
al,1,h0243,0.0,scr2016,avaConv,pvInd_a
al,1,h0244,0.0,scr2016,avaConv,pvInd_a
al,1,h0245,0.00024116754539477327,scr2016,avaConv,pvInd_a
al,1,h0246,0.024768719825982412,scr2016,avaConv,pvInd_a
al,1,h0247,0.0837655256680808,scr2016,avaConv,pvInd_a
al,1,h0248,0.19697287197913305,scr2016,avaConv,pvInd_a
al,1,h0249,0.3298616178850726,scr2016,avaConv,pvInd_a
al,1,h0250,0.477411739476827,scr2016,avaConv,pvInd_a
al,1,h0251,0.5949701290143677,scr2016,avaConv,pvInd_a
al,1,h0252,0.6687548323728411,scr2016,avaConv,pvInd_a
al,1,h0253,0.610690433295891,scr2016,avaConv,pvInd_a
al,1,h0254,0.5169443914979518,scr2016,avaConv,pvInd_a
al,1,h0255,0.38088477564569195,scr2016,avaConv,pvInd_a
al,1,h0256,0.29952901025818085,scr2016,avaConv,pvInd_a
al,1,h0257,0.1986626075260732,scr2016,avaConv,pvInd_a
al,1,h0258,0.10604153798761566,scr2016,avaConv,pvInd_a
al,1,h0259,0.03718134063901272,scr2016,avaConv,pvInd_a
al,1,h0260,0.005135260231885872,scr2016,avaConv,pvInd_a
al,1,h0261,0.0,scr2016,avaConv,pvInd_a
al,1,h0262,0.0,scr2016,avaConv,pvInd_a
al,1,h0263,0.0,scr2016,avaConv,pvInd_a
al,1,h0264,0.0,scr2016,avaConv,pvInd_a
al,1,h0265,0.0,scr2016,avaConv,pvInd_a
al,1,h0266,0.0,scr2016,avaConv,pvInd_a
al,1,h0267,0.0,scr2016,avaConv,pvInd_a
al,1,h0268,0.0,scr2016,avaConv,pvInd_a
al,1,h0269,0.0012322232219880336,scr2016,avaConv,pvInd_a
al,1,h0270,0.029822561976710668,scr2016,avaConv,pvInd_a
al,1,h0271,0.111805112544965,scr2016,avaConv,pvInd_a
al,1,h0272,0.255156366529277,scr2016,avaConv,pvInd_a
al,1,h0273,0.41661329041100587,scr2016,avaConv,pvInd_a
al,1,h0274,0.5598854544845249,scr2016,avaConv,pvInd_a
al,1,h0275,0.661742890867741,scr2016,avaConv,pvInd_a
al,1,h0276,0.7157404066396694,scr2016,avaConv,pvInd_a
al,1,h0277,0.7064414594317194,scr2016,avaConv,pvInd_a
al,1,h0278,0.6523804868932295,scr2016,avaConv,pvInd_a
al,1,h0279,0.5567804338986644,scr2016,avaConv,pvInd_a
al,1,h0280,0.4334624290701052,scr2016,avaConv,pvInd_a
al,1,h0281,0.2832277803937507,scr2016,avaConv,pvInd_a
al,1,h0282,0.1384179779042141,scr2016,avaConv,pvInd_a
al,1,h0283,0.044554502551681675,scr2016,avaConv,pvInd_a
al,1,h0284,0.0059998102541465904,scr2016,avaConv,pvInd_a
al,1,h0285,0.0,scr2016,avaConv,pvInd_a
al,1,h0286,0.0,scr2016,avaConv,pvInd_a
al,1,h0287,0.0,scr2016,avaConv,pvInd_a
al,1,h0288,0.0,scr2016,avaConv,pvInd_a
at,1,h0241,0.0,scr2016,avaConv,pvInd_a
at,1,h0242,0.0,scr2016,avaConv,pvInd_a
at,1,h0243,0.0,scr2016,avaConv,pvInd_a
at,1,h0244,0.0,scr2016,avaConv,pvInd_a
at,1,h0245,0.0009339347320847868,scr2016,avaConv,pvInd_a
at,1,h0246,0.02543089991765053,scr2016,avaConv,pvInd_a
at,1,h0247,0.05922327122665607,scr2016,avaConv,pvInd_a
at,1,h0248,0.11587997113446759,scr2016,avaConv,pvInd_a
at,1,h0249,0.1743397226944403,scr2016,avaConv,pvInd_a
at,1,h0250,0.2425530768452169,scr2016,avaConv,pvInd_a
at,1,h0251,0.28984519381518953,scr2016,avaConv,pvInd_a
at,1,h0252,0.3111114796990622,scr2016,avaConv,pvInd_a
at,1,h0253,0.4246214599635372,scr2016,avaConv,pvInd_a
at,1,h0254,0.5213404073322466,scr2016,avaConv,pvInd_a
at,1,h0255,0.5768999540179578,scr2016,avaConv,pvInd_a
at,1,h0256,0.4693698443494482,scr2016,avaConv,pvInd_a
at,1,h0257,0.32759574083541365,scr2016,avaConv,pvInd_a
at,1,h0258,0.19014433407108777,scr2016,avaConv,pvInd_a
at,1,h0259,0.08375160291237624,scr2016,avaConv,pvInd_a
at,1,h0260,0.02408782795270047,scr2016,avaConv,pvInd_a
at,1,h0261,0.0017833288834792765,scr2016,avaConv,pvInd_a
at,1,h0262,0.0,scr2016,avaConv,pvInd_a
at,1,h0263,0.0,scr2016,avaConv,pvInd_a
at,1,h0264,0.0,scr2016,avaConv,pvInd_a
at,1,h0265,0.0,scr2016,avaConv,pvInd_a
at,1,h0266,0.0,scr2016,avaConv,pvInd_a
at,1,h0267,0.0,scr2016,avaConv,pvInd_a
at,1,h0268,0.0,scr2016,avaConv,pvInd_a
at,1,h0269,0.0031151402472340954,scr2016,avaConv,pvInd_a
at,1,h0270,0.034225235252808774,scr2016,avaConv,pvInd_a
at,1,h0271,0.1202348186648466,scr2016,avaConv,pvInd_a
at,1,h0272,0.2601630571482615,scr2016,avaConv,pvInd_a
at,1,h0273,0.4100160946425383,scr2016,avaConv,pvInd_a
at,1,h0274,0.5178922890449466,scr2016,avaConv,pvInd_a
at,1,h0275,0.5795758567217013,scr2016,avaConv,pvInd_a
at,1,h0276,0.6134593139161199,scr2016,avaConv,pvInd_a
at,1,h0277,0.6196477742637673,scr2016,avaConv,pvInd_a
at,1,h0278,0.5926067199954218,scr2016,avaConv,pvInd_a
at,1,h0279,0.5177955909872073,scr2016,avaConv,pvInd_a
at,1,h0280,0.41212146944007183,scr2016,avaConv,pvInd_a
at,1,h0281,0.2913994579297756,scr2016,avaConv,pvInd_a
at,1,h0282,0.17723855402149874,scr2016,avaConv,pvInd_a
at,1,h0283,0.08797439873853811,scr2016,avaConv,pvInd_a
at,1,h0284,0.03106782443970341,scr2016,avaConv,pvInd_a
at,1,h0285,0.005227797896289781,scr2016,avaConv,pvInd_a
at,1,h0286,0.0,scr2016,avaConv,pvInd_a
at,1,h0287,0.0,scr2016,avaConv,pvInd_a
at,1,h0288,0.0,scr2016,avaConv,pvInd_a
ba,1,h0241,0.0,scr2016,avaConv,pvInd_a
ba,1,h0242,0.0,scr2016,avaConv,pvInd_a
ba,1,h0243,0.0,scr2016,avaConv,pvInd_a
ba,1,h0244,0.0,scr2016,avaConv,pvInd_a
ba,1,h0245,0.002150889462755049,scr2016,avaConv,pvInd_a
ba,1,h0246,0.023069664026916566,scr2016,avaConv,pvInd_a
ba,1,h0247,0.10478080279400385,scr2016,avaConv,pvInd_a
ba,1,h0248,0.23689140226705466,scr2016,avaConv,pvInd_a
ba,1,h0249,0.393267375078785,scr2016,avaConv,pvInd_a
ba,1,h0250,0.5263404239037426,scr2016,avaConv,pvInd_a
ba,1,h0251,0.6270039595697255,scr2016,avaConv,pvInd_a
ba,1,h0252,0.690157878738872,scr2016,avaConv,pvInd_a
ba,1,h0253,0.617270115634404,scr2016,avaConv,pvInd_a
ba,1,h0254,0.4992606288382125,scr2016,avaConv,pvInd_a
ba,1,h0255,0.3482346331827142,scr2016,avaConv,pvInd_a
ba,1,h0256,0.2654379901398028,scr2016,avaConv,pvInd_a
ba,1,h0257,0.1861186296524557,scr2016,avaConv,pvInd_a
ba,1,h0258,0.11030960405292171,scr2016,avaConv,pvInd_a
ba,1,h0259,0.048686844366419825,scr2016,avaConv,pvInd_a
ba,1,h0260,0.011769055453595311,scr2016,avaConv,pvInd_a
ba,1,h0261,0.0,scr2016,avaConv,pvInd_a
ba,1,h0262,0.0,scr2016,avaConv,pvInd_a
ba,1,h0263,0.0,scr2016,avaConv,pvInd_a
ba,1,h0264,0.0,scr2016,avaConv,pvInd_a
ba,1,h0265,0.0,scr2016,avaConv,pvInd_a
ba,1,h0266,0.0,scr2016,avaConv,pvInd_a
ba,1,h0267,0.0,scr2016,avaConv,pvInd_a
ba,1,h0268,0.0,scr2016,avaConv,pvInd_a
ba,1,h0269,0.0018412061765485464,scr2016,avaConv,pvInd_a
ba,1,h0270,0.04059342784011518,scr2016,avaConv,pvInd_a
ba,1,h0271,0.14371223648795547,scr2016,avaConv,pvInd_a
ba,1,h0272,0.30818873006948433,scr2016,avaConv,pvInd_a
ba,1,h0273,0.48163536889561337,scr2016,avaConv,pvInd_a
ba,1,h0274,0.6153075201037376,scr2016,avaConv,pvInd_a
ba,1,h0275,0.6979625473305475,scr2016,avaConv,pvInd_a
ba,1,h0276,0.7252686781876992,scr2016,avaConv,pvInd_a
ba,1,h0277,0.7602555704888034,scr2016,avaConv,pvInd_a
ba,1,h0278,0.7556095682213815,scr2016,avaConv,pvInd_a
ba,1,h0279,0.7110320229630135,scr2016,avaConv,pvInd_a
ba,1,h0280,0.5708544062540696,scr2016,avaConv,pvInd_a
ba,1,h0281,0.3941674838072673,scr2016,avaConv,pvInd_a
ba,1,h0282,0.21422275001999228,scr2016,avaConv,pvInd_a
ba,1,h0283,0.08157834342748188,scr2016,avaConv,pvInd_a
ba,1,h0284,0.016020677282225376,scr2016,avaConv,pvInd_a
ba,1,h0285,0.0,scr2016,avaConv,pvInd_a
ba,1,h0286,0.0,scr2016,avaConv,pvInd_a
ba,1,h0287,0.0,scr2016,avaConv,pvInd_a
ba,1,h0288,0.0,scr2016,avaConv,pvInd_a
be,1,h0241,0.0,scr2016,avaConv,pvInd_a
be,1,h0242,0.0,scr2016,avaConv,pvInd_a
be,1,h0243,0.0,scr2016,avaConv,pvInd_a
be,1,h0244,0.0,scr2016,avaConv,pvInd_a
be,1,h0245,0.0,scr2016,avaConv,pvInd_a
be,1,h0246,0.00015622257385263072,scr2016,avaConv,pvInd_a
be,1,h0247,0.03150893534193933,scr2016,avaConv,pvInd_a
be,1,h0248,0.12167466480964591,scr2016,avaConv,pvInd_a
be,1,h0249,0.2794646992738203,scr2016,avaConv,pvInd_a
be,1,h0250,0.4569912417207246,scr2016,avaConv,pvInd_a
be,1,h0251,0.6141920750130786,scr2016,avaConv,pvInd_a
be,1,h0252,0.7275182509969085,scr2016,avaConv,pvInd_a
be,1,h0253,0.6866574873514677,scr2016,avaConv,pvInd_a
be,1,h0254,0.5907013828029172,scr2016,avaConv,pvInd_a
be,1,h0255,0.45934317267707414,scr2016,avaConv,pvInd_a
be,1,h0256,0.4083901524234402,scr2016,avaConv,pvInd_a
be,1,h0257,0.33960719199379524,scr2016,avaConv,pvInd_a
be,1,h0258,0.24990674106760508,scr2016,avaConv,pvInd_a
be,1,h0259,0.14067386751256436,scr2016,avaConv,pvInd_a
be,1,h0260,0.05525118335953494,scr2016,avaConv,pvInd_a
be,1,h0261,0.01134551885294284,scr2016,avaConv,pvInd_a
be,1,h0262,0.0002188830031681256,scr2016,avaConv,pvInd_a
be,1,h0263,0.0,scr2016,avaConv,pvInd_a
be,1,h0264,0.0,scr2016,avaConv,pvInd_a
be,1,h0265,0.0,scr2016,avaConv,pvInd_a
be,1,h0266,0.0,scr2016,avaConv,pvInd_a
be,1,h0267,0.0,scr2016,avaConv,pvInd_a
be,1,h0268,0.0,scr2016,avaConv,pvInd_a
be,1,h0269,0.0,scr2016,avaConv,pvInd_a
be,1,h0270,0.0028372028528505485,scr2016,avaConv,pvInd_a
be,1,h0271,0.04002253838363604,scr2016,avaConv,pvInd_a
be,1,h0272,0.1356434268160117,scr2016,avaConv,pvInd_a
be,1,h0273,0.2909027504867717,scr2016,avaConv,pvInd_a
be,1,h0274,0.45401904425437334,scr2016,avaConv,pvInd_a
be,1,h0275,0.5751557864338903,scr2016,avaConv,pvInd_a
be,1,h0276,0.6308789258738037,scr2016,avaConv,pvInd_a
be,1,h0277,0.5586043610147452,scr2016,avaConv,pvInd_a
be,1,h0278,0.4565516807205998,scr2016,avaConv,pvInd_a
be,1,h0279,0.3269954385576426,scr2016,avaConv,pvInd_a
be,1,h0280,0.24218289508722396,scr2016,avaConv,pvInd_a
be,1,h0281,0.1617625140411787,scr2016,avaConv,pvInd_a
be,1,h0282,0.1065798609955489,scr2016,avaConv,pvInd_a
be,1,h0283,0.0658260540117108,scr2016,avaConv,pvInd_a
be,1,h0284,0.030782083291096093,scr2016,avaConv,pvInd_a
be,1,h0285,0.0069391834965755895,scr2016,avaConv,pvInd_a
be,1,h0286,0.00041434898421655053,scr2016,avaConv,pvInd_a
be,1,h0287,0.0,scr2016,avaConv,pvInd_a
be,1,h0288,0.0,scr2016,avaConv,pvInd_a
bg,1,h0241,0.0,scr2016,avaConv,pvInd_a
bg,1,h0242,0.0,scr2016,avaConv,pvInd_a
bg,1,h0243,0.0,scr2016,avaConv,pvInd_a
bg,1,h0244,0.0,scr2016,avaConv,pvInd_a
bg,1,h0245,0.007997065027563617,scr2016,avaConv,pvInd_a
bg,1,h0246,0.04996004095505744,scr2016,avaConv,pvInd_a
bg,1,h0247,0.1501012067276326,scr2016,avaConv,pvInd_a
bg,1,h0248,0.2946080689814617,scr2016,avaConv,pvInd_a
bg,1,h0249,0.4408440086541077,scr2016,avaConv,pvInd_a
bg,1,h0250,0.5629024326302066,scr2016,avaConv,pvInd_a
bg,1,h0251,0.6440637838159635,scr2016,avaConv,pvInd_a
bg,1,h0252,0.685379409013745,scr2016,avaConv,pvInd_a
bg,1,h0253,0.6258353511142182,scr2016,avaConv,pvInd_a
bg,1,h0254,0.5232921504290302,scr2016,avaConv,pvInd_a
bg,1,h0255,0.395882162581649,scr2016,avaConv,pvInd_a
bg,1,h0256,0.3001224932374268,scr2016,avaConv,pvInd_a
bg,1,h0257,0.19750081806133546,scr2016,avaConv,pvInd_a
bg,1,h0258,0.09855692328545597,scr2016,avaConv,pvInd_a
bg,1,h0259,0.031413133521689764,scr2016,avaConv,pvInd_a
bg,1,h0260,0.0034522599074954838,scr2016,avaConv,pvInd_a
bg,1,h0261,0.0,scr2016,avaConv,pvInd_a
bg,1,h0262,0.0,scr2016,avaConv,pvInd_a
bg,1,h0263,0.0,scr2016,avaConv,pvInd_a
bg,1,h0264,0.0,scr2016,avaConv,pvInd_a
bg,1,h0265,0.0,scr2016,avaConv,pvInd_a
bg,1,h0266,0.0,scr2016,avaConv,pvInd_a
bg,1,h0267,0.0,scr2016,avaConv,pvInd_a
bg,1,h0268,0.0,scr2016,avaConv,pvInd_a
bg,1,h0269,0.009672376157563656,scr2016,avaConv,pvInd_a
bg,1,h0270,0.07147963799147451,scr2016,avaConv,pvInd_a
bg,1,h0271,0.16842951831248132,scr2016,avaConv,pvInd_a
bg,1,h0272,0.3068081492555034,scr2016,avaConv,pvInd_a
bg,1,h0273,0.4246855957828687,scr2016,avaConv,pvInd_a
bg,1,h0274,0.5304560539347181,scr2016,avaConv,pvInd_a
bg,1,h0275,0.5933116655396269,scr2016,avaConv,pvInd_a
bg,1,h0276,0.6076445795800377,scr2016,avaConv,pvInd_a
bg,1,h0277,0.6044130556629899,scr2016,avaConv,pvInd_a
bg,1,h0278,0.5662059811500548,scr2016,avaConv,pvInd_a
bg,1,h0279,0.5075813969668617,scr2016,avaConv,pvInd_a
bg,1,h0280,0.39931708180749426,scr2016,avaConv,pvInd_a
bg,1,h0281,0.26487469519918805,scr2016,avaConv,pvInd_a
bg,1,h0282,0.1320801217092917,scr2016,avaConv,pvInd_a
bg,1,h0283,0.04208897723705155,scr2016,avaConv,pvInd_a
bg,1,h0284,0.004936841777926228,scr2016,avaConv,pvInd_a
bg,1,h0285,0.0,scr2016,avaConv,pvInd_a
bg,1,h0286,0.0,scr2016,avaConv,pvInd_a
bg,1,h0287,0.0,scr2016,avaConv,pvInd_a
bg,1,h0288,0.0,scr2016,avaConv,pvInd_a
ch,1,h0241,0.0,scr2016,avaConv,pvInd_a
ch,1,h0242,0.0,scr2016,avaConv,pvInd_a
ch,1,h0243,0.0,scr2016,avaConv,pvInd_a
ch,1,h0244,0.0,scr2016,avaConv,pvInd_a
ch,1,h0245,0.0,scr2016,avaConv,pvInd_a
ch,1,h0246,0.003014387930152408,scr2016,avaConv,pvInd_a
ch,1,h0247,0.00813496570792093,scr2016,avaConv,pvInd_a
ch,1,h0248,0.01985576114689994,scr2016,avaConv,pvInd_a
ch,1,h0249,0.03927238895575079,scr2016,avaConv,pvInd_a
ch,1,h0250,0.06785239883804786,scr2016,avaConv,pvInd_a
ch,1,h0251,0.09554931021232854,scr2016,avaConv,pvInd_a
ch,1,h0252,0.11406935814138201,scr2016,avaConv,pvInd_a
ch,1,h0253,0.29162023535342546,scr2016,avaConv,pvInd_a
ch,1,h0254,0.45687491639798455,scr2016,avaConv,pvInd_a
ch,1,h0255,0.5986884732605723,scr2016,avaConv,pvInd_a
ch,1,h0256,0.5183145629630677,scr2016,avaConv,pvInd_a
ch,1,h0257,0.40978335408776373,scr2016,avaConv,pvInd_a
ch,1,h0258,0.27391823682463506,scr2016,avaConv,pvInd_a
ch,1,h0259,0.14686099324440072,scr2016,avaConv,pvInd_a
ch,1,h0260,0.05184358789179549,scr2016,avaConv,pvInd_a
ch,1,h0261,0.008849741720342955,scr2016,avaConv,pvInd_a
ch,1,h0262,0.0,scr2016,avaConv,pvInd_a
ch,1,h0263,0.0,scr2016,avaConv,pvInd_a
ch,1,h0264,0.0,scr2016,avaConv,pvInd_a
ch,1,h0265,0.0,scr2016,avaConv,pvInd_a
ch,1,h0266,0.0,scr2016,avaConv,pvInd_a
ch,1,h0267,0.0,scr2016,avaConv,pvInd_a
ch,1,h0268,0.0,scr2016,avaConv,pvInd_a
ch,1,h0269,0.0,scr2016,avaConv,pvInd_a
ch,1,h0270,0.0017373327699224882,scr2016,avaConv,pvInd_a
ch,1,h0271,0.05677879959725587,scr2016,avaConv,pvInd_a
ch,1,h0272,0.18189514179140093,scr2016,avaConv,pvInd_a
ch,1,h0273,0.3704120917607844,scr2016,avaConv,pvInd_a
ch,1,h0274,0.5438131986711625,scr2016,avaConv,pvInd_a
ch,1,h0275,0.6674685622685163,scr2016,avaConv,pvInd_a
ch,1,h0276,0.7201424021087289,scr2016,avaConv,pvInd_a
ch,1,h0277,0.5538393408702055,scr2016,avaConv,pvInd_a
ch,1,h0278,0.3665736372166095,scr2016,avaConv,pvInd_a
ch,1,h0279,0.17010630821602243,scr2016,avaConv,pvInd_a
ch,1,h0280,0.1361256097254088,scr2016,avaConv,pvInd_a
ch,1,h0281,0.10776328683545017,scr2016,avaConv,pvInd_a
ch,1,h0282,0.0874793001097075,scr2016,avaConv,pvInd_a
ch,1,h0283,0.06757635981352414,scr2016,avaConv,pvInd_a
ch,1,h0284,0.033190992441562026,scr2016,avaConv,pvInd_a
ch,1,h0285,0.012561111635500218,scr2016,avaConv,pvInd_a
ch,1,h0286,0.0,scr2016,avaConv,pvInd_a
ch,1,h0287,0.0,scr2016,avaConv,pvInd_a
ch,1,h0288,0.0,scr2016,avaConv,pvInd_a
cz,1,h0241,0.0,scr2016,avaConv,pvInd_a
cz,1,h0242,0.0,scr2016,avaConv,pvInd_a
cz,1,h0243,0.0,scr2016,avaConv,pvInd_a
cz,1,h0244,0.0,scr2016,avaConv,pvInd_a
cz,1,h0245,0.001124558946050026,scr2016,avaConv,pvInd_a
cz,1,h0246,0.02299944430070717,scr2016,avaConv,pvInd_a
cz,1,h0247,0.06107818977147696,scr2016,avaConv,pvInd_a
cz,1,h0248,0.12403048169228661,scr2016,avaConv,pvInd_a
cz,1,h0249,0.2062961963868399,scr2016,avaConv,pvInd_a
cz,1,h0250,0.31202602626884307,scr2016,avaConv,pvInd_a
cz,1,h0251,0.4033015465678023,scr2016,avaConv,pvInd_a
cz,1,h0252,0.44351131620524664,scr2016,avaConv,pvInd_a
cz,1,h0253,0.5254427471663928,scr2016,avaConv,pvInd_a
cz,1,h0254,0.5695045267586276,scr2016,avaConv,pvInd_a
cz,1,h0255,0.586888961829267,scr2016,avaConv,pvInd_a
cz,1,h0256,0.48059145851137325,scr2016,avaConv,pvInd_a
cz,1,h0257,0.35166595957027086,scr2016,avaConv,pvInd_a
cz,1,h0258,0.20956354836571703,scr2016,avaConv,pvInd_a
cz,1,h0259,0.0914342167616942,scr2016,avaConv,pvInd_a
cz,1,h0260,0.023598212444068765,scr2016,avaConv,pvInd_a
cz,1,h0261,0.0024063644969321498,scr2016,avaConv,pvInd_a
cz,1,h0262,0.0,scr2016,avaConv,pvInd_a
cz,1,h0263,0.0,scr2016,avaConv,pvInd_a
cz,1,h0264,0.0,scr2016,avaConv,pvInd_a
cz,1,h0265,0.0,scr2016,avaConv,pvInd_a
cz,1,h0266,0.0,scr2016,avaConv,pvInd_a
cz,1,h0267,0.0,scr2016,avaConv,pvInd_a
cz,1,h0268,0.0,scr2016,avaConv,pvInd_a
cz,1,h0269,0.0026849117824382447,scr2016,avaConv,pvInd_a
cz,1,h0270,0.02970368628960912,scr2016,avaConv,pvInd_a
cz,1,h0271,0.08738935441094797,scr2016,avaConv,pvInd_a
cz,1,h0272,0.16722986759994285,scr2016,avaConv,pvInd_a
cz,1,h0273,0.24803455409640454,scr2016,avaConv,pvInd_a
cz,1,h0274,0.3232708530675068,scr2016,avaConv,pvInd_a
cz,1,h0275,0.3924234029473891,scr2016,avaConv,pvInd_a
cz,1,h0276,0.44356118701143943,scr2016,avaConv,pvInd_a
cz,1,h0277,0.4953132787352553,scr2016,avaConv,pvInd_a
cz,1,h0278,0.5183749147997971,scr2016,avaConv,pvInd_a
cz,1,h0279,0.4947386344202594,scr2016,avaConv,pvInd_a
cz,1,h0280,0.4021507962474267,scr2016,avaConv,pvInd_a
cz,1,h0281,0.28248250391126517,scr2016,avaConv,pvInd_a
cz,1,h0282,0.16894274286830635,scr2016,avaConv,pvInd_a
cz,1,h0283,0.08176588306242183,scr2016,avaConv,pvInd_a
cz,1,h0284,0.027969945949960082,scr2016,avaConv,pvInd_a
cz,1,h0285,0.005423753428934069,scr2016,avaConv,pvInd_a
cz,1,h0286,0.0,scr2016,avaConv,pvInd_a
cz,1,h0287,0.0,scr2016,avaConv,pvInd_a
cz,1,h0288,0.0,scr2016,avaConv,pvInd_a
de,1,h0241,0.0,scr2016,avaConv,pvInd_a
de,1,h0242,0.0,scr2016,avaConv,pvInd_a
de,1,h0243,0.0,scr2016,avaConv,pvInd_a
de,1,h0244,0.0,scr2016,avaConv,pvInd_a
de,1,h0245,0.0007036697483813718,scr2016,avaConv,pvInd_a
de,1,h0246,0.019177719608209225,scr2016,avaConv,pvInd_a
de,1,h0247,0.06310429468284806,scr2016,avaConv,pvInd_a
de,1,h0248,0.14039703422067978,scr2016,avaConv,pvInd_a
de,1,h0249,0.2289748146494253,scr2016,avaConv,pvInd_a
de,1,h0250,0.3239945239943259,scr2016,avaConv,pvInd_a
de,1,h0251,0.41164816148289024,scr2016,avaConv,pvInd_a
de,1,h0252,0.4771139813676057,scr2016,avaConv,pvInd_a
de,1,h0253,0.5226758309548648,scr2016,avaConv,pvInd_a
de,1,h0254,0.5256237912616989,scr2016,avaConv,pvInd_a
de,1,h0255,0.49094433156705014,scr2016,avaConv,pvInd_a
de,1,h0256,0.4139118545058342,scr2016,avaConv,pvInd_a
de,1,h0257,0.3219859041692798,scr2016,avaConv,pvInd_a
de,1,h0258,0.22464843246160715,scr2016,avaConv,pvInd_a
de,1,h0259,0.12648374430037468,scr2016,avaConv,pvInd_a
de,1,h0260,0.05017829937083241,scr2016,avaConv,pvInd_a
de,1,h0261,0.00976780153527351,scr2016,avaConv,pvInd_a
de,1,h0262,0.0,scr2016,avaConv,pvInd_a
de,1,h0263,0.0,scr2016,avaConv,pvInd_a
de,1,h0264,0.0,scr2016,avaConv,pvInd_a
de,1,h0265,0.0,scr2016,avaConv,pvInd_a
de,1,h0266,0.0,scr2016,avaConv,pvInd_a
de,1,h0267,0.0,scr2016,avaConv,pvInd_a
de,1,h0268,0.0,scr2016,avaConv,pvInd_a
de,1,h0269,0.0018140510646821064,scr2016,avaConv,pvInd_a
de,1,h0270,0.016236317846469787,scr2016,avaConv,pvInd_a
de,1,h0271,0.06639646408136442,scr2016,avaConv,pvInd_a
de,1,h0272,0.15361897570049005,scr2016,avaConv,pvInd_a
de,1,h0273,0.2672918243877468,scr2016,avaConv,pvInd_a
de,1,h0274,0.3718165725350479,scr2016,avaConv,pvInd_a
de,1,h0275,0.44984130094804614,scr2016,avaConv,pvInd_a
de,1,h0276,0.4893918256286675,scr2016,avaConv,pvInd_a
de,1,h0277,0.4608776389454722,scr2016,avaConv,pvInd_a
de,1,h0278,0.41072951268123875,scr2016,avaConv,pvInd_a
de,1,h0279,0.33977527314657335,scr2016,avaConv,pvInd_a
de,1,h0280,0.2850319973369017,scr2016,avaConv,pvInd_a
de,1,h0281,0.2164220524198095,scr2016,avaConv,pvInd_a
de,1,h0282,0.1458795753735536,scr2016,avaConv,pvInd_a
de,1,h0283,0.08432476700830382,scr2016,avaConv,pvInd_a
de,1,h0284,0.03581144796925421,scr2016,avaConv,pvInd_a
de,1,h0285,0.010300265821054972,scr2016,avaConv,pvInd_a
de,1,h0286,0.0,scr2016,avaConv,pvInd_a
de,1,h0287,0.0,scr2016,avaConv,pvInd_a
de,1,h0288,0.0,scr2016,avaConv,pvInd_a
dk_e,1,h0241,0.0,scr2016,avaConv,pvInd_a
dk_e,1,h0242,0.0,scr2016,avaConv,pvInd_a
dk_e,1,h0243,0.0,scr2016,avaConv,pvInd_a
dk_e,1,h0244,0.0,scr2016,avaConv,pvInd_a
dk_e,1,h0245,0.0006437908619334306,scr2016,avaConv,pvInd_a
dk_e,1,h0246,0.011562224335127021,scr2016,avaConv,pvInd_a
dk_e,1,h0247,0.0737722391832543,scr2016,avaConv,pvInd_a
dk_e,1,h0248,0.2059919875934114,scr2016,avaConv,pvInd_a
dk_e,1,h0249,0.3879590286426601,scr2016,avaConv,pvInd_a
dk_e,1,h0250,0.5567917490127724,scr2016,avaConv,pvInd_a
dk_e,1,h0251,0.6833985232169457,scr2016,avaConv,pvInd_a
dk_e,1,h0252,0.757024746476221,scr2016,avaConv,pvInd_a
dk_e,1,h0253,0.7454997145075627,scr2016,avaConv,pvInd_a
dk_e,1,h0254,0.675239497412517,scr2016,avaConv,pvInd_a
dk_e,1,h0255,0.5719522114674161,scr2016,avaConv,pvInd_a
dk_e,1,h0256,0.4679981539117623,scr2016,avaConv,pvInd_a
dk_e,1,h0257,0.34702106004509475,scr2016,avaConv,pvInd_a
dk_e,1,h0258,0.21311616458810712,scr2016,avaConv,pvInd_a
dk_e,1,h0259,0.09781183860637763,scr2016,avaConv,pvInd_a
dk_e,1,h0260,0.029214095574678668,scr2016,avaConv,pvInd_a
dk_e,1,h0261,0.0034237559221709105,scr2016,avaConv,pvInd_a
dk_e,1,h0262,0.0,scr2016,avaConv,pvInd_a
dk_e,1,h0263,0.0,scr2016,avaConv,pvInd_a
dk_e,1,h0264,0.0,scr2016,avaConv,pvInd_a
dk_e,1,h0265,0.0,scr2016,avaConv,pvInd_a
dk_e,1,h0266,0.0,scr2016,avaConv,pvInd_a
dk_e,1,h0267,0.0,scr2016,avaConv,pvInd_a
dk_e,1,h0268,0.0,scr2016,avaConv,pvInd_a
dk_e,1,h0269,0.003957084556703364,scr2016,avaConv,pvInd_a
dk_e,1,h0270,0.02260613581896638,scr2016,avaConv,pvInd_a
dk_e,1,h0271,0.05675221100206675,scr2016,avaConv,pvInd_a
dk_e,1,h0272,0.10616651083874311,scr2016,avaConv,pvInd_a
dk_e,1,h0273,0.1616507445344943,scr2016,avaConv,pvInd_a
dk_e,1,h0274,0.21900574320124064,scr2016,avaConv,pvInd_a
dk_e,1,h0275,0.2758295070624717,scr2016,avaConv,pvInd_a
dk_e,1,h0276,0.3125249844134542,scr2016,avaConv,pvInd_a
dk_e,1,h0277,0.41480843886354096,scr2016,avaConv,pvInd_a
dk_e,1,h0278,0.503452759412324,scr2016,avaConv,pvInd_a
dk_e,1,h0279,0.5648054240725805,scr2016,avaConv,pvInd_a
dk_e,1,h0280,0.4938431421101048,scr2016,avaConv,pvInd_a
dk_e,1,h0281,0.36590034427543394,scr2016,avaConv,pvInd_a
dk_e,1,h0282,0.22442437603325727,scr2016,avaConv,pvInd_a
dk_e,1,h0283,0.10601638895742607,scr2016,avaConv,pvInd_a
dk_e,1,h0284,0.035231885683495334,scr2016,avaConv,pvInd_a
dk_e,1,h0285,0.006003272224587948,scr2016,avaConv,pvInd_a
dk_e,1,h0286,0.00018986225705976484,scr2016,avaConv,pvInd_a
dk_e,1,h0287,0.0,scr2016,avaConv,pvInd_a
dk_e,1,h0288,0.0,scr2016,avaConv,pvInd_a
dk_w,1,h0241,0.0,scr2016,avaConv,pvInd_a
dk_w,1,h0242,0.0,scr2016,avaConv,pvInd_a
dk_w,1,h0243,0.0,scr2016,avaConv,pvInd_a
dk_w,1,h0244,0.0,scr2016,avaConv,pvInd_a
dk_w,1,h0245,0.0002537999515875488,scr2016,avaConv,pvInd_a
dk_w,1,h0246,0.006939948322729708,scr2016,avaConv,pvInd_a
dk_w,1,h0247,0.058190801588496925,scr2016,avaConv,pvInd_a
dk_w,1,h0248,0.1790134747591237,scr2016,avaConv,pvInd_a
dk_w,1,h0249,0.3536218967565615,scr2016,avaConv,pvInd_a
dk_w,1,h0250,0.5183660510677639,scr2016,avaConv,pvInd_a
dk_w,1,h0251,0.6463563535256625,scr2016,avaConv,pvInd_a
dk_w,1,h0252,0.7342724973454934,scr2016,avaConv,pvInd_a
dk_w,1,h0253,0.7438295818035575,scr2016,avaConv,pvInd_a
dk_w,1,h0254,0.6864929800255548,scr2016,avaConv,pvInd_a
dk_w,1,h0255,0.6009948222926119,scr2016,avaConv,pvInd_a
dk_w,1,h0256,0.5222852114009193,scr2016,avaConv,pvInd_a
dk_w,1,h0257,0.4217093361411108,scr2016,avaConv,pvInd_a
dk_w,1,h0258,0.27058240221805074,scr2016,avaConv,pvInd_a
dk_w,1,h0259,0.12729389674504143,scr2016,avaConv,pvInd_a
dk_w,1,h0260,0.0358239894812487,scr2016,avaConv,pvInd_a
dk_w,1,h0261,0.006032810597927319,scr2016,avaConv,pvInd_a
dk_w,1,h0262,0.0,scr2016,avaConv,pvInd_a
dk_w,1,h0263,0.0,scr2016,avaConv,pvInd_a
dk_w,1,h0264,0.0,scr2016,avaConv,pvInd_a
dk_w,1,h0265,0.0,scr2016,avaConv,pvInd_a
dk_w,1,h0266,0.0,scr2016,avaConv,pvInd_a
dk_w,1,h0267,0.0,scr2016,avaConv,pvInd_a
dk_w,1,h0268,0.0,scr2016,avaConv,pvInd_a
dk_w,1,h0269,0.0025381679573715037,scr2016,avaConv,pvInd_a
dk_w,1,h0270,0.012999298534921289,scr2016,avaConv,pvInd_a
dk_w,1,h0271,0.046429825757408186,scr2016,avaConv,pvInd_a
dk_w,1,h0272,0.10052073137665356,scr2016,avaConv,pvInd_a
dk_w,1,h0273,0.17687411052724408,scr2016,avaConv,pvInd_a
dk_w,1,h0274,0.2646592550855896,scr2016,avaConv,pvInd_a
dk_w,1,h0275,0.355399941990012,scr2016,avaConv,pvInd_a
dk_w,1,h0276,0.4336203736140225,scr2016,avaConv,pvInd_a
dk_w,1,h0277,0.4668011571310578,scr2016,avaConv,pvInd_a
dk_w,1,h0278,0.4729517016681993,scr2016,avaConv,pvInd_a
dk_w,1,h0279,0.42731825370159876,scr2016,avaConv,pvInd_a
dk_w,1,h0280,0.35162457302931344,scr2016,avaConv,pvInd_a
dk_w,1,h0281,0.2550386670588157,scr2016,avaConv,pvInd_a
dk_w,1,h0282,0.16527839698852734,scr2016,avaConv,pvInd_a
dk_w,1,h0283,0.0880212033407841,scr2016,avaConv,pvInd_a
dk_w,1,h0284,0.03262451889078082,scr2016,avaConv,pvInd_a
dk_w,1,h0285,0.005476586258197364,scr2016,avaConv,pvInd_a
dk_w,1,h0286,0.0006346281926980513,scr2016,avaConv,pvInd_a
dk_w,1,h0287,0.0,scr2016,avaConv,pvInd_a
dk_w,1,h0288,0.0,scr2016,avaConv,pvInd_a
ee,1,h0241,0.0,scr2016,avaConv,pvInd_a
ee,1,h0242,0.0,scr2016,avaConv,pvInd_a
ee,1,h0243,0.0,scr2016,avaConv,pvInd_a
ee,1,h0244,0.0011588825594442624,scr2016,avaConv,pvInd_a
ee,1,h0245,0.011231221665994932,scr2016,avaConv,pvInd_a
ee,1,h0246,0.07373387801678144,scr2016,avaConv,pvInd_a
ee,1,h0247,0.19639273308439778,scr2016,avaConv,pvInd_a
ee,1,h0248,0.36945797174933376,scr2016,avaConv,pvInd_a
ee,1,h0249,0.5260084970092241,scr2016,avaConv,pvInd_a
ee,1,h0250,0.6514240291595034,scr2016,avaConv,pvInd_a
ee,1,h0251,0.7306700885706593,scr2016,avaConv,pvInd_a
ee,1,h0252,0.7617476132376202,scr2016,avaConv,pvInd_a
ee,1,h0253,0.7102819859906481,scr2016,avaConv,pvInd_a
ee,1,h0254,0.6277687505656864,scr2016,avaConv,pvInd_a
ee,1,h0255,0.5142201139498813,scr2016,avaConv,pvInd_a
ee,1,h0256,0.4092540073229106,scr2016,avaConv,pvInd_a
ee,1,h0257,0.2716303523513183,scr2016,avaConv,pvInd_a
ee,1,h0258,0.14081183072261708,scr2016,avaConv,pvInd_a
ee,1,h0259,0.049797194461016984,scr2016,avaConv,pvInd_a
ee,1,h0260,0.009584843272330633,scr2016,avaConv,pvInd_a
ee,1,h0261,0.0015670786280909117,scr2016,avaConv,pvInd_a
ee,1,h0262,0.0,scr2016,avaConv,pvInd_a
ee,1,h0263,0.0,scr2016,avaConv,pvInd_a
ee,1,h0264,0.0,scr2016,avaConv,pvInd_a
ee,1,h0265,0.0,scr2016,avaConv,pvInd_a
ee,1,h0266,0.0,scr2016,avaConv,pvInd_a
ee,1,h0267,0.0,scr2016,avaConv,pvInd_a
ee,1,h0268,0.0030960917672974834,scr2016,avaConv,pvInd_a
ee,1,h0269,0.01902206727304395,scr2016,avaConv,pvInd_a
ee,1,h0270,0.08801806267900078,scr2016,avaConv,pvInd_a
ee,1,h0271,0.15620490710012022,scr2016,avaConv,pvInd_a
ee,1,h0272,0.22754328623496714,scr2016,avaConv,pvInd_a
ee,1,h0273,0.2730442836710902,scr2016,avaConv,pvInd_a
ee,1,h0274,0.3342934280374664,scr2016,avaConv,pvInd_a
ee,1,h0275,0.39586763687774024,scr2016,avaConv,pvInd_a
ee,1,h0276,0.4580357822128681,scr2016,avaConv,pvInd_a
ee,1,h0277,0.5528659180076171,scr2016,avaConv,pvInd_a
ee,1,h0278,0.6126852625026263,scr2016,avaConv,pvInd_a
ee,1,h0279,0.5986416982989627,scr2016,avaConv,pvInd_a
ee,1,h0280,0.48014042375923965,scr2016,avaConv,pvInd_a
ee,1,h0281,0.3190299755522489,scr2016,avaConv,pvInd_a
ee,1,h0282,0.16025446942429294,scr2016,avaConv,pvInd_a
ee,1,h0283,0.055289728738568474,scr2016,avaConv,pvInd_a
ee,1,h0284,0.009660384684286117,scr2016,avaConv,pvInd_a
ee,1,h0285,0.0019886342305299983,scr2016,avaConv,pvInd_a
ee,1,h0286,0.0,scr2016,avaConv,pvInd_a
ee,1,h0287,0.0,scr2016,avaConv,pvInd_a
ee,1,h0288,0.0,scr2016,avaConv,pvInd_a
es,1,h0241,0.0,scr2016,avaConv,pvInd_a
es,1,h0242,0.0,scr2016,avaConv,pvInd_a
es,1,h0243,0.0,scr2016,avaConv,pvInd_a
es,1,h0244,0.0,scr2016,avaConv,pvInd_a
es,1,h0245,0.0,scr2016,avaConv,pvInd_a
es,1,h0246,0.0,scr2016,avaConv,pvInd_a
es,1,h0247,0.011034513852787208,scr2016,avaConv,pvInd_a
es,1,h0248,0.06101363751288429,scr2016,avaConv,pvInd_a
es,1,h0249,0.16292532290049308,scr2016,avaConv,pvInd_a
es,1,h0250,0.2958490920939005,scr2016,avaConv,pvInd_a
es,1,h0251,0.4225138510239426,scr2016,avaConv,pvInd_a
es,1,h0252,0.5268616217359985,scr2016,avaConv,pvInd_a
es,1,h0253,0.6462955351296492,scr2016,avaConv,pvInd_a
es,1,h0254,0.7106618452041694,scr2016,avaConv,pvInd_a
es,1,h0255,0.7159617467768837,scr2016,avaConv,pvInd_a
es,1,h0256,0.6314113427316402,scr2016,avaConv,pvInd_a
es,1,h0257,0.5295206050560727,scr2016,avaConv,pvInd_a
es,1,h0258,0.400429804981865,scr2016,avaConv,pvInd_a
es,1,h0259,0.24620183244201588,scr2016,avaConv,pvInd_a
es,1,h0260,0.10599717713691995,scr2016,avaConv,pvInd_a
es,1,h0261,0.024794659056419272,scr2016,avaConv,pvInd_a
es,1,h0262,0.0003215159352594046,scr2016,avaConv,pvInd_a
es,1,h0263,0.0,scr2016,avaConv,pvInd_a
es,1,h0264,0.0,scr2016,avaConv,pvInd_a
es,1,h0265,0.0,scr2016,avaConv,pvInd_a
es,1,h0266,0.0,scr2016,avaConv,pvInd_a
es,1,h0267,0.0,scr2016,avaConv,pvInd_a
es,1,h0268,0.0,scr2016,avaConv,pvInd_a
es,1,h0269,0.0,scr2016,avaConv,pvInd_a
es,1,h0270,0.0,scr2016,avaConv,pvInd_a
es,1,h0271,0.012650352610954398,scr2016,avaConv,pvInd_a
es,1,h0272,0.07840506736733449,scr2016,avaConv,pvInd_a
es,1,h0273,0.213077192831956,scr2016,avaConv,pvInd_a
es,1,h0274,0.3935387882392109,scr2016,avaConv,pvInd_a
es,1,h0275,0.5557629729569289,scr2016,avaConv,pvInd_a
es,1,h0276,0.6692719902128352,scr2016,avaConv,pvInd_a
es,1,h0277,0.7018603221810736,scr2016,avaConv,pvInd_a
es,1,h0278,0.6873786037118036,scr2016,avaConv,pvInd_a
es,1,h0279,0.6349625367662318,scr2016,avaConv,pvInd_a
es,1,h0280,0.5798446735143212,scr2016,avaConv,pvInd_a
es,1,h0281,0.49240956630350463,scr2016,avaConv,pvInd_a
es,1,h0282,0.373625715801945,scr2016,avaConv,pvInd_a
es,1,h0283,0.2338146462997316,scr2016,avaConv,pvInd_a
es,1,h0284,0.10533293117216129,scr2016,avaConv,pvInd_a
es,1,h0285,0.029035075336894683,scr2016,avaConv,pvInd_a
es,1,h0286,0.0,scr2016,avaConv,pvInd_a
es,1,h0287,0.0,scr2016,avaConv,pvInd_a
es,1,h0288,0.0,scr2016,avaConv,pvInd_a
fi,1,h0241,0.0,scr2016,avaConv,pvInd_a
fi,1,h0242,0.0,scr2016,avaConv,pvInd_a
fi,1,h0243,0.00018148869831870903,scr2016,avaConv,pvInd_a
fi,1,h0244,0.00403477071391685,scr2016,avaConv,pvInd_a
fi,1,h0245,0.019857270024813776,scr2016,avaConv,pvInd_a
fi,1,h0246,0.08540094809954675,scr2016,avaConv,pvInd_a
fi,1,h0247,0.19738002087884426,scr2016,avaConv,pvInd_a
fi,1,h0248,0.3421739762118798,scr2016,avaConv,pvInd_a
fi,1,h0249,0.4735229172394713,scr2016,avaConv,pvInd_a
fi,1,h0250,0.5682624009983014,scr2016,avaConv,pvInd_a
fi,1,h0251,0.612460429198413,scr2016,avaConv,pvInd_a
fi,1,h0252,0.6105135180062669,scr2016,avaConv,pvInd_a
fi,1,h0253,0.5083701022760103,scr2016,avaConv,pvInd_a
fi,1,h0254,0.40363021252627646,scr2016,avaConv,pvInd_a
fi,1,h0255,0.30111806279699016,scr2016,avaConv,pvInd_a
fi,1,h0256,0.2642790264477363,scr2016,avaConv,pvInd_a
fi,1,h0257,0.2021970290647096,scr2016,avaConv,pvInd_a
fi,1,h0258,0.1244349424007769,scr2016,avaConv,pvInd_a
fi,1,h0259,0.05781442950649587,scr2016,avaConv,pvInd_a
fi,1,h0260,0.019653467021629394,scr2016,avaConv,pvInd_a
fi,1,h0261,0.004823251646226002,scr2016,avaConv,pvInd_a
fi,1,h0262,0.0,scr2016,avaConv,pvInd_a
fi,1,h0263,0.0,scr2016,avaConv,pvInd_a
fi,1,h0264,0.0,scr2016,avaConv,pvInd_a
fi,1,h0265,0.0,scr2016,avaConv,pvInd_a
fi,1,h0266,0.0,scr2016,avaConv,pvInd_a
fi,1,h0267,0.001064348101273316,scr2016,avaConv,pvInd_a
fi,1,h0268,0.007430936767361258,scr2016,avaConv,pvInd_a
fi,1,h0269,0.03138247737343493,scr2016,avaConv,pvInd_a
fi,1,h0270,0.10744549100216151,scr2016,avaConv,pvInd_a
fi,1,h0271,0.17110371788650525,scr2016,avaConv,pvInd_a
fi,1,h0272,0.2260546838087157,scr2016,avaConv,pvInd_a
fi,1,h0273,0.23233459590633507,scr2016,avaConv,pvInd_a
fi,1,h0274,0.24380490762403956,scr2016,avaConv,pvInd_a
fi,1,h0275,0.24814237546861914,scr2016,avaConv,pvInd_a
fi,1,h0276,0.2395506126834559,scr2016,avaConv,pvInd_a
fi,1,h0277,0.2661688386046546,scr2016,avaConv,pvInd_a
fi,1,h0278,0.28054752546583844,scr2016,avaConv,pvInd_a
fi,1,h0279,0.28779091368602133,scr2016,avaConv,pvInd_a
fi,1,h0280,0.2373987520023956,scr2016,avaConv,pvInd_a
fi,1,h0281,0.1747240984151735,scr2016,avaConv,pvInd_a
fi,1,h0282,0.10904939788615926,scr2016,avaConv,pvInd_a
fi,1,h0283,0.057792647905394054,scr2016,avaConv,pvInd_a
fi,1,h0284,0.023474019257047528,scr2016,avaConv,pvInd_a
fi,1,h0285,0.0077000825051035384,scr2016,avaConv,pvInd_a
fi,1,h0286,0.0008694340167823539,scr2016,avaConv,pvInd_a
fi,1,h0287,0.0,scr2016,avaConv,pvInd_a
fi,1,h0288,0.0,scr2016,avaConv,pvInd_a
fr,1,h0241,0.0,scr2016,avaConv,pvInd_a
fr,1,h0242,0.0,scr2016,avaConv,pvInd_a
fr,1,h0243,0.0,scr2016,avaConv,pvInd_a
fr,1,h0244,0.0,scr2016,avaConv,pvInd_a
fr,1,h0245,0.0,scr2016,avaConv,pvInd_a
fr,1,h0246,0.0011794325186478848,scr2016,avaConv,pvInd_a
fr,1,h0247,0.015133074686269336,scr2016,avaConv,pvInd_a
fr,1,h0248,0.05187628112587228,scr2016,avaConv,pvInd_a
fr,1,h0249,0.11587850944736379,scr2016,avaConv,pvInd_a
fr,1,h0250,0.19336764890338584,scr2016,avaConv,pvInd_a
fr,1,h0251,0.2699273130568018,scr2016,avaConv,pvInd_a
fr,1,h0252,0.33163582872276653,scr2016,avaConv,pvInd_a
fr,1,h0253,0.4549286388384306,scr2016,avaConv,pvInd_a
fr,1,h0254,0.541246049587498,scr2016,avaConv,pvInd_a
fr,1,h0255,0.5859914398085487,scr2016,avaConv,pvInd_a
fr,1,h0256,0.5050419898296511,scr2016,avaConv,pvInd_a
fr,1,h0257,0.4008515820772518,scr2016,avaConv,pvInd_a
fr,1,h0258,0.27847525597096395,scr2016,avaConv,pvInd_a
fr,1,h0259,0.15313676027819137,scr2016,avaConv,pvInd_a
fr,1,h0260,0.05780119464715367,scr2016,avaConv,pvInd_a
fr,1,h0261,0.011752496748708076,scr2016,avaConv,pvInd_a
fr,1,h0262,0.0,scr2016,avaConv,pvInd_a
fr,1,h0263,0.0,scr2016,avaConv,pvInd_a
fr,1,h0264,0.0,scr2016,avaConv,pvInd_a
fr,1,h0265,0.0,scr2016,avaConv,pvInd_a
fr,1,h0266,0.0,scr2016,avaConv,pvInd_a
fr,1,h0267,0.0,scr2016,avaConv,pvInd_a
fr,1,h0268,0.0,scr2016,avaConv,pvInd_a
fr,1,h0269,0.0,scr2016,avaConv,pvInd_a
fr,1,h0270,0.0027557930795807234,scr2016,avaConv,pvInd_a
fr,1,h0271,0.032552096367830914,scr2016,avaConv,pvInd_a
fr,1,h0272,0.11197047637983773,scr2016,avaConv,pvInd_a
fr,1,h0273,0.24530991209068223,scr2016,avaConv,pvInd_a
fr,1,h0274,0.3926355680402244,scr2016,avaConv,pvInd_a
fr,1,h0275,0.5177614114901726,scr2016,avaConv,pvInd_a
fr,1,h0276,0.6048006043592955,scr2016,avaConv,pvInd_a
fr,1,h0277,0.5741582389397051,scr2016,avaConv,pvInd_a
fr,1,h0278,0.5140152082025194,scr2016,avaConv,pvInd_a
fr,1,h0279,0.4227190154392419,scr2016,avaConv,pvInd_a
fr,1,h0280,0.38543211568897445,scr2016,avaConv,pvInd_a
fr,1,h0281,0.32201051059045305,scr2016,avaConv,pvInd_a
fr,1,h0282,0.23704472781719063,scr2016,avaConv,pvInd_a
fr,1,h0283,0.13311815121616924,scr2016,avaConv,pvInd_a
fr,1,h0284,0.05086735635125849,scr2016,avaConv,pvInd_a
fr,1,h0285,0.0084275598711276,scr2016,avaConv,pvInd_a
fr,1,h0286,0.0,scr2016,avaConv,pvInd_a
fr,1,h0287,0.0,scr2016,avaConv,pvInd_a
fr,1,h0288,0.0,scr2016,avaConv,pvInd_a
fr_co,1,h0241,0.0,scr2016,avaConv,pvInd_a
fr_co,1,h0242,0.0,scr2016,avaConv,pvInd_a
fr_co,1,h0243,0.0,scr2016,avaConv,pvInd_a
fr_co,1,h0244,0.0,scr2016,avaConv,pvInd_a
fr_co,1,h0245,0.0,scr2016,avaConv,pvInd_a
fr_co,1,h0246,0.005845215821038901,scr2016,avaConv,pvInd_a
fr_co,1,h0247,0.03811524555102086,scr2016,avaConv,pvInd_a
fr_co,1,h0248,0.10716786558522728,scr2016,avaConv,pvInd_a
fr_co,1,h0249,0.21449769048793452,scr2016,avaConv,pvInd_a
fr_co,1,h0250,0.3278919899112278,scr2016,avaConv,pvInd_a
fr_co,1,h0251,0.43275650201069127,scr2016,avaConv,pvInd_a
fr_co,1,h0252,0.5036950509789402,scr2016,avaConv,pvInd_a
fr_co,1,h0253,0.5441307851368237,scr2016,avaConv,pvInd_a
fr_co,1,h0254,0.5423746027988496,scr2016,avaConv,pvInd_a
fr_co,1,h0255,0.5051399852923159,scr2016,avaConv,pvInd_a
fr_co,1,h0256,0.43253566804624943,scr2016,avaConv,pvInd_a
fr_co,1,h0257,0.32887406089194865,scr2016,avaConv,pvInd_a
fr_co,1,h0258,0.20727218829684782,scr2016,avaConv,pvInd_a
fr_co,1,h0259,0.09497887858981267,scr2016,avaConv,pvInd_a
fr_co,1,h0260,0.02727932118549032,scr2016,avaConv,pvInd_a
fr_co,1,h0261,0.0025456413590792576,scr2016,avaConv,pvInd_a
fr_co,1,h0262,0.0,scr2016,avaConv,pvInd_a
fr_co,1,h0263,0.0,scr2016,avaConv,pvInd_a
fr_co,1,h0264,0.0,scr2016,avaConv,pvInd_a
fr_co,1,h0265,0.0,scr2016,avaConv,pvInd_a
fr_co,1,h0266,0.0,scr2016,avaConv,pvInd_a
fr_co,1,h0267,0.0,scr2016,avaConv,pvInd_a
fr_co,1,h0268,0.0,scr2016,avaConv,pvInd_a
fr_co,1,h0269,0.0,scr2016,avaConv,pvInd_a
fr_co,1,h0270,0.008419997246353369,scr2016,avaConv,pvInd_a
fr_co,1,h0271,0.052466519622184606,scr2016,avaConv,pvInd_a
fr_co,1,h0272,0.1499497622234219,scr2016,avaConv,pvInd_a
fr_co,1,h0273,0.28673417453209155,scr2016,avaConv,pvInd_a
fr_co,1,h0274,0.4245770075525057,scr2016,avaConv,pvInd_a
fr_co,1,h0275,0.5329775874668597,scr2016,avaConv,pvInd_a
fr_co,1,h0276,0.6041048527828339,scr2016,avaConv,pvInd_a
fr_co,1,h0277,0.566519163458536,scr2016,avaConv,pvInd_a
fr_co,1,h0278,0.5090119812623841,scr2016,avaConv,pvInd_a
fr_co,1,h0279,0.4450999402727238,scr2016,avaConv,pvInd_a
fr_co,1,h0280,0.42247139847534027,scr2016,avaConv,pvInd_a
fr_co,1,h0281,0.3560417750631289,scr2016,avaConv,pvInd_a
fr_co,1,h0282,0.23425667759037164,scr2016,avaConv,pvInd_a
fr_co,1,h0283,0.11485373170678338,scr2016,avaConv,pvInd_a
fr_co,1,h0284,0.03357455190329439,scr2016,avaConv,pvInd_a
fr_co,1,h0285,0.004332090784897834,scr2016,avaConv,pvInd_a
fr_co,1,h0286,0.0,scr2016,avaConv,pvInd_a
fr_co,1,h0287,0.0,scr2016,avaConv,pvInd_a
fr_co,1,h0288,0.0,scr2016,avaConv,pvInd_a
gr,1,h0241,0.0,scr2016,avaConv,pvInd_a
gr,1,h0242,0.0,scr2016,avaConv,pvInd_a
gr,1,h0243,0.0,scr2016,avaConv,pvInd_a
gr,1,h0244,0.0,scr2016,avaConv,pvInd_a
gr,1,h0245,0.0029629469846187647,scr2016,avaConv,pvInd_a
gr,1,h0246,0.046617789602747595,scr2016,avaConv,pvInd_a
gr,1,h0247,0.14184615628604136,scr2016,avaConv,pvInd_a
gr,1,h0248,0.2892390540786121,scr2016,avaConv,pvInd_a
gr,1,h0249,0.4384878188561584,scr2016,avaConv,pvInd_a
gr,1,h0250,0.569593401455617,scr2016,avaConv,pvInd_a
gr,1,h0251,0.6622914801079285,scr2016,avaConv,pvInd_a
gr,1,h0252,0.7112700027510293,scr2016,avaConv,pvInd_a
gr,1,h0253,0.6987744902927951,scr2016,avaConv,pvInd_a
gr,1,h0254,0.6342696446355135,scr2016,avaConv,pvInd_a
gr,1,h0255,0.5271934761498241,scr2016,avaConv,pvInd_a
gr,1,h0256,0.40151898796609264,scr2016,avaConv,pvInd_a
gr,1,h0257,0.2597199165570399,scr2016,avaConv,pvInd_a
gr,1,h0258,0.12551128141784082,scr2016,avaConv,pvInd_a
gr,1,h0259,0.03752644828454529,scr2016,avaConv,pvInd_a
gr,1,h0260,0.0017742148304594459,scr2016,avaConv,pvInd_a
gr,1,h0261,0.0,scr2016,avaConv,pvInd_a
gr,1,h0262,0.0,scr2016,avaConv,pvInd_a
gr,1,h0263,0.0,scr2016,avaConv,pvInd_a
gr,1,h0264,0.0,scr2016,avaConv,pvInd_a
gr,1,h0265,0.0,scr2016,avaConv,pvInd_a
gr,1,h0266,0.0,scr2016,avaConv,pvInd_a
gr,1,h0267,0.0,scr2016,avaConv,pvInd_a
gr,1,h0268,0.0,scr2016,avaConv,pvInd_a
gr,1,h0269,0.005248003833717222,scr2016,avaConv,pvInd_a
gr,1,h0270,0.05483030590229803,scr2016,avaConv,pvInd_a
gr,1,h0271,0.16715125944922557,scr2016,avaConv,pvInd_a
gr,1,h0272,0.33188873318439294,scr2016,avaConv,pvInd_a
gr,1,h0273,0.4881915931802696,scr2016,avaConv,pvInd_a
gr,1,h0274,0.5998336915712442,scr2016,avaConv,pvInd_a
gr,1,h0275,0.6575750863946805,scr2016,avaConv,pvInd_a
gr,1,h0276,0.6748159413811251,scr2016,avaConv,pvInd_a
gr,1,h0277,0.665819902740963,scr2016,avaConv,pvInd_a
gr,1,h0278,0.627009561250335,scr2016,avaConv,pvInd_a
gr,1,h0279,0.552280202624584,scr2016,avaConv,pvInd_a
gr,1,h0280,0.43439930543946553,scr2016,avaConv,pvInd_a
gr,1,h0281,0.2865163414191871,scr2016,avaConv,pvInd_a
gr,1,h0282,0.14117247911754396,scr2016,avaConv,pvInd_a
gr,1,h0283,0.04415481114287279,scr2016,avaConv,pvInd_a
gr,1,h0284,0.003997302499974464,scr2016,avaConv,pvInd_a
gr,1,h0285,0.0,scr2016,avaConv,pvInd_a
gr,1,h0286,0.0,scr2016,avaConv,pvInd_a
gr,1,h0287,0.0,scr2016,avaConv,pvInd_a
gr,1,h0288,0.0,scr2016,avaConv,pvInd_a
hr,1,h0241,0.0,scr2016,avaConv,pvInd_a
hr,1,h0242,0.0,scr2016,avaConv,pvInd_a
hr,1,h0243,0.0,scr2016,avaConv,pvInd_a
hr,1,h0244,0.0,scr2016,avaConv,pvInd_a
hr,1,h0245,0.0007329569258322353,scr2016,avaConv,pvInd_a
hr,1,h0246,0.01049012627436766,scr2016,avaConv,pvInd_a
hr,1,h0247,0.07632324515115611,scr2016,avaConv,pvInd_a
hr,1,h0248,0.18625321769336842,scr2016,avaConv,pvInd_a
hr,1,h0249,0.3232867137139598,scr2016,avaConv,pvInd_a
hr,1,h0250,0.42854346598554116,scr2016,avaConv,pvInd_a
hr,1,h0251,0.5073369849649888,scr2016,avaConv,pvInd_a
hr,1,h0252,0.5567078432640747,scr2016,avaConv,pvInd_a
hr,1,h0253,0.5734983576805471,scr2016,avaConv,pvInd_a
hr,1,h0254,0.5479684224002701,scr2016,avaConv,pvInd_a
hr,1,h0255,0.48583287851642754,scr2016,avaConv,pvInd_a
hr,1,h0256,0.39597391181859665,scr2016,avaConv,pvInd_a
hr,1,h0257,0.289613754200621,scr2016,avaConv,pvInd_a
hr,1,h0258,0.1708008462135257,scr2016,avaConv,pvInd_a
hr,1,h0259,0.07054109295038748,scr2016,avaConv,pvInd_a
hr,1,h0260,0.014184315878120878,scr2016,avaConv,pvInd_a
hr,1,h0261,0.0,scr2016,avaConv,pvInd_a
hr,1,h0262,0.0,scr2016,avaConv,pvInd_a
hr,1,h0263,0.0,scr2016,avaConv,pvInd_a
hr,1,h0264,0.0,scr2016,avaConv,pvInd_a
hr,1,h0265,0.0,scr2016,avaConv,pvInd_a
hr,1,h0266,0.0,scr2016,avaConv,pvInd_a
hr,1,h0267,0.0,scr2016,avaConv,pvInd_a
hr,1,h0268,0.0,scr2016,avaConv,pvInd_a
hr,1,h0269,0.0014176820862219497,scr2016,avaConv,pvInd_a
hr,1,h0270,0.029580905910893046,scr2016,avaConv,pvInd_a
hr,1,h0271,0.11321210788819741,scr2016,avaConv,pvInd_a
hr,1,h0272,0.25642125990791725,scr2016,avaConv,pvInd_a
hr,1,h0273,0.4224178364285092,scr2016,avaConv,pvInd_a
hr,1,h0274,0.5550271908768584,scr2016,avaConv,pvInd_a
hr,1,h0275,0.6321562878455746,scr2016,avaConv,pvInd_a
hr,1,h0276,0.6562940748651879,scr2016,avaConv,pvInd_a
hr,1,h0277,0.6638069930911551,scr2016,avaConv,pvInd_a
hr,1,h0278,0.6335955082174426,scr2016,avaConv,pvInd_a
hr,1,h0279,0.5649347648220899,scr2016,avaConv,pvInd_a
hr,1,h0280,0.445004611971757,scr2016,avaConv,pvInd_a
hr,1,h0281,0.3107047891713301,scr2016,avaConv,pvInd_a
hr,1,h0282,0.17873380535316405,scr2016,avaConv,pvInd_a
hr,1,h0283,0.07462926189474525,scr2016,avaConv,pvInd_a
hr,1,h0284,0.01874974245676605,scr2016,avaConv,pvInd_a
hr,1,h0285,0.0007749659906684241,scr2016,avaConv,pvInd_a
hr,1,h0286,0.0,scr2016,avaConv,pvInd_a
hr,1,h0287,0.0,scr2016,avaConv,pvInd_a
hr,1,h0288,0.0,scr2016,avaConv,pvInd_a
hu,1,h0241,0.0,scr2016,avaConv,pvInd_a
hu,1,h0242,0.0,scr2016,avaConv,pvInd_a
hu,1,h0243,0.0,scr2016,avaConv,pvInd_a
hu,1,h0244,0.0,scr2016,avaConv,pvInd_a
hu,1,h0245,0.0020689033889720898,scr2016,avaConv,pvInd_a
hu,1,h0246,0.026249146478901468,scr2016,avaConv,pvInd_a
hu,1,h0247,0.11552274515974868,scr2016,avaConv,pvInd_a
hu,1,h0248,0.27363248574238114,scr2016,avaConv,pvInd_a
hu,1,h0249,0.4499489201534397,scr2016,avaConv,pvInd_a
hu,1,h0250,0.5824200462845444,scr2016,avaConv,pvInd_a
hu,1,h0251,0.6558593302634398,scr2016,avaConv,pvInd_a
hu,1,h0252,0.6678164737683363,scr2016,avaConv,pvInd_a
hu,1,h0253,0.6494276046791954,scr2016,avaConv,pvInd_a
hu,1,h0254,0.5983071193903401,scr2016,avaConv,pvInd_a
hu,1,h0255,0.5411370657439184,scr2016,avaConv,pvInd_a
hu,1,h0256,0.44230694537320064,scr2016,avaConv,pvInd_a
hu,1,h0257,0.3078981010707629,scr2016,avaConv,pvInd_a
hu,1,h0258,0.1584808183228611,scr2016,avaConv,pvInd_a
hu,1,h0259,0.05156477360451147,scr2016,avaConv,pvInd_a
hu,1,h0260,0.006766718608105121,scr2016,avaConv,pvInd_a
hu,1,h0261,0.0,scr2016,avaConv,pvInd_a
hu,1,h0262,0.0,scr2016,avaConv,pvInd_a
hu,1,h0263,0.0,scr2016,avaConv,pvInd_a
hu,1,h0264,0.0,scr2016,avaConv,pvInd_a
hu,1,h0265,0.0,scr2016,avaConv,pvInd_a
hu,1,h0266,0.0,scr2016,avaConv,pvInd_a
hu,1,h0267,0.0,scr2016,avaConv,pvInd_a
hu,1,h0268,0.0,scr2016,avaConv,pvInd_a
hu,1,h0269,0.0025622186470258437,scr2016,avaConv,pvInd_a
hu,1,h0270,0.034358557903710826,scr2016,avaConv,pvInd_a
hu,1,h0271,0.12988250664987347,scr2016,avaConv,pvInd_a
hu,1,h0272,0.2958344103492479,scr2016,avaConv,pvInd_a
hu,1,h0273,0.48284646473937626,scr2016,avaConv,pvInd_a
hu,1,h0274,0.6254353030601161,scr2016,avaConv,pvInd_a
hu,1,h0275,0.6809493299009584,scr2016,avaConv,pvInd_a
hu,1,h0276,0.6695438400907189,scr2016,avaConv,pvInd_a
hu,1,h0277,0.6480268904936798,scr2016,avaConv,pvInd_a
hu,1,h0278,0.6207072000279896,scr2016,avaConv,pvInd_a
hu,1,h0279,0.5636924782264553,scr2016,avaConv,pvInd_a
hu,1,h0280,0.443054118265099,scr2016,avaConv,pvInd_a
hu,1,h0281,0.2918342578503278,scr2016,avaConv,pvInd_a
hu,1,h0282,0.15044737108253878,scr2016,avaConv,pvInd_a
hu,1,h0283,0.05260814602990428,scr2016,avaConv,pvInd_a
hu,1,h0284,0.01044880673704091,scr2016,avaConv,pvInd_a
hu,1,h0285,0.00014722679750716353,scr2016,avaConv,pvInd_a
hu,1,h0286,0.0,scr2016,avaConv,pvInd_a
hu,1,h0287,0.0,scr2016,avaConv,pvInd_a
hu,1,h0288,0.0,scr2016,avaConv,pvInd_a
ie,1,h0241,0.0,scr2016,avaConv,pvInd_a
ie,1,h0242,0.0,scr2016,avaConv,pvInd_a
ie,1,h0243,0.0,scr2016,avaConv,pvInd_a
ie,1,h0244,0.0,scr2016,avaConv,pvInd_a
ie,1,h0245,0.0,scr2016,avaConv,pvInd_a
ie,1,h0246,0.0,scr2016,avaConv,pvInd_a
ie,1,h0247,0.0033342080249277864,scr2016,avaConv,pvInd_a
ie,1,h0248,0.0419639665247267,scr2016,avaConv,pvInd_a
ie,1,h0249,0.14988557173962513,scr2016,avaConv,pvInd_a
ie,1,h0250,0.3254820017340945,scr2016,avaConv,pvInd_a
ie,1,h0251,0.5105337308962504,scr2016,avaConv,pvInd_a
ie,1,h0252,0.657744767996269,scr2016,avaConv,pvInd_a
ie,1,h0253,0.6500466180197914,scr2016,avaConv,pvInd_a
ie,1,h0254,0.5856298275119298,scr2016,avaConv,pvInd_a
ie,1,h0255,0.4728462648309239,scr2016,avaConv,pvInd_a
ie,1,h0256,0.4187586499991187,scr2016,avaConv,pvInd_a
ie,1,h0257,0.34108684958853236,scr2016,avaConv,pvInd_a
ie,1,h0258,0.24918533995102657,scr2016,avaConv,pvInd_a
ie,1,h0259,0.17270751852724472,scr2016,avaConv,pvInd_a
ie,1,h0260,0.09481839873188584,scr2016,avaConv,pvInd_a
ie,1,h0261,0.041848987820038985,scr2016,avaConv,pvInd_a
ie,1,h0262,0.006703751921432802,scr2016,avaConv,pvInd_a
ie,1,h0263,0.0,scr2016,avaConv,pvInd_a
ie,1,h0264,0.0,scr2016,avaConv,pvInd_a
ie,1,h0265,0.0,scr2016,avaConv,pvInd_a
ie,1,h0266,0.0,scr2016,avaConv,pvInd_a
ie,1,h0267,0.0,scr2016,avaConv,pvInd_a
ie,1,h0268,0.0,scr2016,avaConv,pvInd_a
ie,1,h0269,0.0,scr2016,avaConv,pvInd_a
ie,1,h0270,0.00015152404404617282,scr2016,avaConv,pvInd_a
ie,1,h0271,0.009102456916808744,scr2016,avaConv,pvInd_a
ie,1,h0272,0.03931212363983116,scr2016,avaConv,pvInd_a
ie,1,h0273,0.09661732778146302,scr2016,avaConv,pvInd_a
ie,1,h0274,0.1543617626847211,scr2016,avaConv,pvInd_a
ie,1,h0275,0.18588215608207145,scr2016,avaConv,pvInd_a
ie,1,h0276,0.1885649412857984,scr2016,avaConv,pvInd_a
ie,1,h0277,0.338105549753622,scr2016,avaConv,pvInd_a
ie,1,h0278,0.48357359782750864,scr2016,avaConv,pvInd_a
ie,1,h0279,0.6187020927927922,scr2016,avaConv,pvInd_a
ie,1,h0280,0.5483696552116409,scr2016,avaConv,pvInd_a
ie,1,h0281,0.45698881197386726,scr2016,avaConv,pvInd_a
ie,1,h0282,0.34483340334759294,scr2016,avaConv,pvInd_a
ie,1,h0283,0.23402929088842794,scr2016,avaConv,pvInd_a
ie,1,h0284,0.12125069764349188,scr2016,avaConv,pvInd_a
ie,1,h0285,0.04652507393200805,scr2016,avaConv,pvInd_a
ie,1,h0286,0.005403040536282439,scr2016,avaConv,pvInd_a
ie,1,h0287,0.00025239005060835384,scr2016,avaConv,pvInd_a
ie,1,h0288,0.0,scr2016,avaConv,pvInd_a
it_s,1,h0241,0.0,scr2016,avaConv,pvInd_a
it_s,1,h0242,0.0,scr2016,avaConv,pvInd_a
it_s,1,h0243,0.0,scr2016,avaConv,pvInd_a
it_s,1,h0244,0.0,scr2016,avaConv,pvInd_a
it_s,1,h0245,0.0,scr2016,avaConv,pvInd_a
it_s,1,h0246,0.01844353556111756,scr2016,avaConv,pvInd_a
it_s,1,h0247,0.09265069416715667,scr2016,avaConv,pvInd_a
it_s,1,h0248,0.23491244428124278,scr2016,avaConv,pvInd_a
it_s,1,h0249,0.40826949832407655,scr2016,avaConv,pvInd_a
it_s,1,h0250,0.5584970604378002,scr2016,avaConv,pvInd_a
it_s,1,h0251,0.6531316836495917,scr2016,avaConv,pvInd_a
it_s,1,h0252,0.6899490658283406,scr2016,avaConv,pvInd_a
it_s,1,h0253,0.6405636343292291,scr2016,avaConv,pvInd_a
it_s,1,h0254,0.5608297611434518,scr2016,avaConv,pvInd_a
it_s,1,h0255,0.45456345482634536,scr2016,avaConv,pvInd_a
it_s,1,h0256,0.35772012230995387,scr2016,avaConv,pvInd_a
it_s,1,h0257,0.24453951446324632,scr2016,avaConv,pvInd_a
it_s,1,h0258,0.1327107539306122,scr2016,avaConv,pvInd_a
it_s,1,h0259,0.05104351702252687,scr2016,avaConv,pvInd_a
it_s,1,h0260,0.009673459195788107,scr2016,avaConv,pvInd_a
it_s,1,h0261,0.0,scr2016,avaConv,pvInd_a
it_s,1,h0262,0.0,scr2016,avaConv,pvInd_a
it_s,1,h0263,0.0,scr2016,avaConv,pvInd_a
it_s,1,h0264,0.0,scr2016,avaConv,pvInd_a
it_s,1,h0265,0.0,scr2016,avaConv,pvInd_a
it_s,1,h0266,0.0,scr2016,avaConv,pvInd_a
it_s,1,h0267,0.0,scr2016,avaConv,pvInd_a
it_s,1,h0268,0.0,scr2016,avaConv,pvInd_a
it_s,1,h0269,0.00013796808107526218,scr2016,avaConv,pvInd_a
it_s,1,h0270,0.02207933891020426,scr2016,avaConv,pvInd_a
it_s,1,h0271,0.1030709504035821,scr2016,avaConv,pvInd_a
it_s,1,h0272,0.25391489640109527,scr2016,avaConv,pvInd_a
it_s,1,h0273,0.43433916871848327,scr2016,avaConv,pvInd_a
it_s,1,h0274,0.5905900789189187,scr2016,avaConv,pvInd_a
it_s,1,h0275,0.6988563922791665,scr2016,avaConv,pvInd_a
it_s,1,h0276,0.7585037865573215,scr2016,avaConv,pvInd_a
it_s,1,h0277,0.7403559737670464,scr2016,avaConv,pvInd_a
it_s,1,h0278,0.6795253324896174,scr2016,avaConv,pvInd_a
it_s,1,h0279,0.5765593803559272,scr2016,avaConv,pvInd_a
it_s,1,h0280,0.46450817519228094,scr2016,avaConv,pvInd_a
it_s,1,h0281,0.32312766130992066,scr2016,avaConv,pvInd_a
it_s,1,h0282,0.17521680907820078,scr2016,avaConv,pvInd_a
it_s,1,h0283,0.06522256358900813,scr2016,avaConv,pvInd_a
it_s,1,h0284,0.011492850342980395,scr2016,avaConv,pvInd_a
it_s,1,h0285,0.0,scr2016,avaConv,pvInd_a
it_s,1,h0286,0.0,scr2016,avaConv,pvInd_a
it_s,1,h0287,0.0,scr2016,avaConv,pvInd_a
it_s,1,h0288,0.0,scr2016,avaConv,pvInd_a
it_cn,1,h0241,0.0,scr2016,avaConv,pvInd_a
it_cn,1,h0242,0.0,scr2016,avaConv,pvInd_a
it_cn,1,h0243,0.0,scr2016,avaConv,pvInd_a
it_cn,1,h0244,0.0,scr2016,avaConv,pvInd_a
it_cn,1,h0245,0.0,scr2016,avaConv,pvInd_a
it_cn,1,h0246,0.008802055644691737,scr2016,avaConv,pvInd_a
it_cn,1,h0247,0.05343506253376752,scr2016,avaConv,pvInd_a
it_cn,1,h0248,0.1486037386736776,scr2016,avaConv,pvInd_a
it_cn,1,h0249,0.2854442899131534,scr2016,avaConv,pvInd_a
it_cn,1,h0250,0.4307283635560003,scr2016,avaConv,pvInd_a
it_cn,1,h0251,0.5436965011972207,scr2016,avaConv,pvInd_a
it_cn,1,h0252,0.6036917823962978,scr2016,avaConv,pvInd_a
it_cn,1,h0253,0.6271071349380698,scr2016,avaConv,pvInd_a
it_cn,1,h0254,0.5923395343500376,scr2016,avaConv,pvInd_a
it_cn,1,h0255,0.5200536594458864,scr2016,avaConv,pvInd_a
it_cn,1,h0256,0.40132657148974815,scr2016,avaConv,pvInd_a
it_cn,1,h0257,0.2947631028650908,scr2016,avaConv,pvInd_a
it_cn,1,h0258,0.18373321717371333,scr2016,avaConv,pvInd_a
it_cn,1,h0259,0.08699690882183155,scr2016,avaConv,pvInd_a
it_cn,1,h0260,0.023084604973724922,scr2016,avaConv,pvInd_a
it_cn,1,h0261,0.0017351756805744536,scr2016,avaConv,pvInd_a
it_cn,1,h0262,0.0,scr2016,avaConv,pvInd_a
it_cn,1,h0263,0.0,scr2016,avaConv,pvInd_a
it_cn,1,h0264,0.0,scr2016,avaConv,pvInd_a
it_cn,1,h0265,0.0,scr2016,avaConv,pvInd_a
it_cn,1,h0266,0.0,scr2016,avaConv,pvInd_a
it_cn,1,h0267,0.0,scr2016,avaConv,pvInd_a
it_cn,1,h0268,0.0,scr2016,avaConv,pvInd_a
it_cn,1,h0269,0.0,scr2016,avaConv,pvInd_a
it_cn,1,h0270,0.010761219128286141,scr2016,avaConv,pvInd_a
it_cn,1,h0271,0.07091338935245306,scr2016,avaConv,pvInd_a
it_cn,1,h0272,0.20102007937561867,scr2016,avaConv,pvInd_a
it_cn,1,h0273,0.38329032405512414,scr2016,avaConv,pvInd_a
it_cn,1,h0274,0.5577677262629629,scr2016,avaConv,pvInd_a
it_cn,1,h0275,0.6866289157367236,scr2016,avaConv,pvInd_a
it_cn,1,h0276,0.7616474127249706,scr2016,avaConv,pvInd_a
it_cn,1,h0277,0.7221403334830911,scr2016,avaConv,pvInd_a
it_cn,1,h0278,0.6401375204535167,scr2016,avaConv,pvInd_a
it_cn,1,h0279,0.5255475981946085,scr2016,avaConv,pvInd_a
it_cn,1,h0280,0.44514972597780994,scr2016,avaConv,pvInd_a
it_cn,1,h0281,0.342059960745756,scr2016,avaConv,pvInd_a
it_cn,1,h0282,0.2180202778093758,scr2016,avaConv,pvInd_a
it_cn,1,h0283,0.1011771600241455,scr2016,avaConv,pvInd_a
it_cn,1,h0284,0.02862589998869206,scr2016,avaConv,pvInd_a
it_cn,1,h0285,0.002583966010535072,scr2016,avaConv,pvInd_a
it_cn,1,h0286,0.0,scr2016,avaConv,pvInd_a
it_cn,1,h0287,0.0,scr2016,avaConv,pvInd_a
it_cn,1,h0288,0.0,scr2016,avaConv,pvInd_a
it_cs,1,h0241,0.0,scr2016,avaConv,pvInd_a
it_cs,1,h0242,0.0,scr2016,avaConv,pvInd_a
it_cs,1,h0243,0.0,scr2016,avaConv,pvInd_a
it_cs,1,h0244,0.0,scr2016,avaConv,pvInd_a
it_cs,1,h0245,0.0,scr2016,avaConv,pvInd_a
it_cs,1,h0246,0.012119574138936398,scr2016,avaConv,pvInd_a
it_cs,1,h0247,0.059157374790385284,scr2016,avaConv,pvInd_a
it_cs,1,h0248,0.1548487491957582,scr2016,avaConv,pvInd_a
it_cs,1,h0249,0.2804255937791069,scr2016,avaConv,pvInd_a
it_cs,1,h0250,0.405626763691412,scr2016,avaConv,pvInd_a
it_cs,1,h0251,0.49790302440613854,scr2016,avaConv,pvInd_a
it_cs,1,h0252,0.5411432849989162,scr2016,avaConv,pvInd_a
it_cs,1,h0253,0.5611307425163284,scr2016,avaConv,pvInd_a
it_cs,1,h0254,0.5461554829122268,scr2016,avaConv,pvInd_a
it_cs,1,h0255,0.4946079781423483,scr2016,avaConv,pvInd_a
it_cs,1,h0256,0.39126777976835597,scr2016,avaConv,pvInd_a
it_cs,1,h0257,0.27508646011277227,scr2016,avaConv,pvInd_a
it_cs,1,h0258,0.16271639346845543,scr2016,avaConv,pvInd_a
it_cs,1,h0259,0.07160398067599,scr2016,avaConv,pvInd_a
it_cs,1,h0260,0.017231247276287928,scr2016,avaConv,pvInd_a
it_cs,1,h0261,0.00045655015814256476,scr2016,avaConv,pvInd_a
it_cs,1,h0262,0.0,scr2016,avaConv,pvInd_a
it_cs,1,h0263,0.0,scr2016,avaConv,pvInd_a
it_cs,1,h0264,0.0,scr2016,avaConv,pvInd_a
it_cs,1,h0265,0.0,scr2016,avaConv,pvInd_a
it_cs,1,h0266,0.0,scr2016,avaConv,pvInd_a
it_cs,1,h0267,0.0,scr2016,avaConv,pvInd_a
it_cs,1,h0268,0.0,scr2016,avaConv,pvInd_a
it_cs,1,h0269,0.00012544270202458725,scr2016,avaConv,pvInd_a
it_cs,1,h0270,0.014907635756638242,scr2016,avaConv,pvInd_a
it_cs,1,h0271,0.08325086801983772,scr2016,avaConv,pvInd_a
it_cs,1,h0272,0.2180095165998572,scr2016,avaConv,pvInd_a
it_cs,1,h0273,0.39444766805803433,scr2016,avaConv,pvInd_a
it_cs,1,h0274,0.5566039587782495,scr2016,avaConv,pvInd_a
it_cs,1,h0275,0.6752774671238245,scr2016,avaConv,pvInd_a
it_cs,1,h0276,0.74370034829263,scr2016,avaConv,pvInd_a
it_cs,1,h0277,0.7307769654209673,scr2016,avaConv,pvInd_a
it_cs,1,h0278,0.6828497619206205,scr2016,avaConv,pvInd_a
it_cs,1,h0279,0.5931087053053286,scr2016,avaConv,pvInd_a
it_cs,1,h0280,0.4977805733571262,scr2016,avaConv,pvInd_a
it_cs,1,h0281,0.3656264500385236,scr2016,avaConv,pvInd_a
it_cs,1,h0282,0.21830839936314383,scr2016,avaConv,pvInd_a
it_cs,1,h0283,0.09429030465430831,scr2016,avaConv,pvInd_a
it_cs,1,h0284,0.02301695816244898,scr2016,avaConv,pvInd_a
it_cs,1,h0285,0.00151562238685334,scr2016,avaConv,pvInd_a
it_cs,1,h0286,0.0,scr2016,avaConv,pvInd_a
it_cs,1,h0287,0.0,scr2016,avaConv,pvInd_a
it_cs,1,h0288,0.0,scr2016,avaConv,pvInd_a
it_n,1,h0241,0.0,scr2016,avaConv,pvInd_a
it_n,1,h0242,0.0,scr2016,avaConv,pvInd_a
it_n,1,h0243,0.0,scr2016,avaConv,pvInd_a
it_n,1,h0244,0.0,scr2016,avaConv,pvInd_a
it_n,1,h0245,0.0,scr2016,avaConv,pvInd_a
it_n,1,h0246,0.002982187316784879,scr2016,avaConv,pvInd_a
it_n,1,h0247,0.029706648160396018,scr2016,avaConv,pvInd_a
it_n,1,h0248,0.086046485436094,scr2016,avaConv,pvInd_a
it_n,1,h0249,0.1846138012092244,scr2016,avaConv,pvInd_a
it_n,1,h0250,0.29745451029490244,scr2016,avaConv,pvInd_a
it_n,1,h0251,0.3923222611714859,scr2016,avaConv,pvInd_a
it_n,1,h0252,0.44455350672025806,scr2016,avaConv,pvInd_a
it_n,1,h0253,0.5095024622466657,scr2016,avaConv,pvInd_a
it_n,1,h0254,0.5628960336080384,scr2016,avaConv,pvInd_a
it_n,1,h0255,0.591042336847476,scr2016,avaConv,pvInd_a
it_n,1,h0256,0.5198515820395231,scr2016,avaConv,pvInd_a
it_n,1,h0257,0.4006270796982706,scr2016,avaConv,pvInd_a
it_n,1,h0258,0.24878224810484792,scr2016,avaConv,pvInd_a
it_n,1,h0259,0.11192543417893236,scr2016,avaConv,pvInd_a
it_n,1,h0260,0.029982084047585417,scr2016,avaConv,pvInd_a
it_n,1,h0261,0.002600773576759182,scr2016,avaConv,pvInd_a
it_n,1,h0262,0.0,scr2016,avaConv,pvInd_a
it_n,1,h0263,0.0,scr2016,avaConv,pvInd_a
it_n,1,h0264,0.0,scr2016,avaConv,pvInd_a
it_n,1,h0265,0.0,scr2016,avaConv,pvInd_a
it_n,1,h0266,0.0,scr2016,avaConv,pvInd_a
it_n,1,h0267,0.0,scr2016,avaConv,pvInd_a
it_n,1,h0268,0.0,scr2016,avaConv,pvInd_a
it_n,1,h0269,0.0,scr2016,avaConv,pvInd_a
it_n,1,h0270,0.006975642369481321,scr2016,avaConv,pvInd_a
it_n,1,h0271,0.05723083964544861,scr2016,avaConv,pvInd_a
it_n,1,h0272,0.17681530993245057,scr2016,avaConv,pvInd_a
it_n,1,h0273,0.3491887896022241,scr2016,avaConv,pvInd_a
it_n,1,h0274,0.5177167499302704,scr2016,avaConv,pvInd_a
it_n,1,h0275,0.6457860084424515,scr2016,avaConv,pvInd_a
it_n,1,h0276,0.722680594703822,scr2016,avaConv,pvInd_a
it_n,1,h0277,0.5549449094501969,scr2016,avaConv,pvInd_a
it_n,1,h0278,0.3762374664259491,scr2016,avaConv,pvInd_a
it_n,1,h0279,0.19723478129741093,scr2016,avaConv,pvInd_a
it_n,1,h0280,0.188170407615448,scr2016,avaConv,pvInd_a
it_n,1,h0281,0.16092701003786458,scr2016,avaConv,pvInd_a
it_n,1,h0282,0.12447097280401517,scr2016,avaConv,pvInd_a
it_n,1,h0283,0.07412285156499712,scr2016,avaConv,pvInd_a
it_n,1,h0284,0.029975761096177042,scr2016,avaConv,pvInd_a
it_n,1,h0285,0.005574933142931969,scr2016,avaConv,pvInd_a
it_n,1,h0286,0.0,scr2016,avaConv,pvInd_a
it_n,1,h0287,0.0,scr2016,avaConv,pvInd_a
it_n,1,h0288,0.0,scr2016,avaConv,pvInd_a
it_sar,1,h0241,0.0,scr2016,avaConv,pvInd_a
it_sar,1,h0242,0.0,scr2016,avaConv,pvInd_a
it_sar,1,h0243,0.0,scr2016,avaConv,pvInd_a
it_sar,1,h0244,0.0,scr2016,avaConv,pvInd_a
it_sar,1,h0245,0.0,scr2016,avaConv,pvInd_a
it_sar,1,h0246,0.004747630204507014,scr2016,avaConv,pvInd_a
it_sar,1,h0247,0.046690386626539765,scr2016,avaConv,pvInd_a
it_sar,1,h0248,0.1520479607429503,scr2016,avaConv,pvInd_a
it_sar,1,h0249,0.30244853031414204,scr2016,avaConv,pvInd_a
it_sar,1,h0250,0.44929461262348425,scr2016,avaConv,pvInd_a
it_sar,1,h0251,0.5453023177494004,scr2016,avaConv,pvInd_a
it_sar,1,h0252,0.5795088874484998,scr2016,avaConv,pvInd_a
it_sar,1,h0253,0.6750939680229334,scr2016,avaConv,pvInd_a
it_sar,1,h0254,0.7404565095051092,scr2016,avaConv,pvInd_a
it_sar,1,h0255,0.7823990847232937,scr2016,avaConv,pvInd_a
it_sar,1,h0256,0.6629944190338527,scr2016,avaConv,pvInd_a
it_sar,1,h0257,0.4906342984405339,scr2016,avaConv,pvInd_a
it_sar,1,h0258,0.2897759937219192,scr2016,avaConv,pvInd_a
it_sar,1,h0259,0.11975347941719304,scr2016,avaConv,pvInd_a
it_sar,1,h0260,0.02685225421549308,scr2016,avaConv,pvInd_a
it_sar,1,h0261,0.0005589369033333887,scr2016,avaConv,pvInd_a
it_sar,1,h0262,0.0,scr2016,avaConv,pvInd_a
it_sar,1,h0263,0.0,scr2016,avaConv,pvInd_a
it_sar,1,h0264,0.0,scr2016,avaConv,pvInd_a
it_sar,1,h0265,0.0,scr2016,avaConv,pvInd_a
it_sar,1,h0266,0.0,scr2016,avaConv,pvInd_a
it_sar,1,h0267,0.0,scr2016,avaConv,pvInd_a
it_sar,1,h0268,0.0,scr2016,avaConv,pvInd_a
it_sar,1,h0269,0.0,scr2016,avaConv,pvInd_a
it_sar,1,h0270,0.006550908164560433,scr2016,avaConv,pvInd_a
it_sar,1,h0271,0.05506387925267333,scr2016,avaConv,pvInd_a
it_sar,1,h0272,0.17352851954676216,scr2016,avaConv,pvInd_a
it_sar,1,h0273,0.3496694202515688,scr2016,avaConv,pvInd_a
it_sar,1,h0274,0.5278897593929522,scr2016,avaConv,pvInd_a
it_sar,1,h0275,0.6666986898511813,scr2016,avaConv,pvInd_a
it_sar,1,h0276,0.7561576398073908,scr2016,avaConv,pvInd_a
it_sar,1,h0277,0.779968785534423,scr2016,avaConv,pvInd_a
it_sar,1,h0278,0.7640131292523699,scr2016,avaConv,pvInd_a
it_sar,1,h0279,0.704669980646926,scr2016,avaConv,pvInd_a
it_sar,1,h0280,0.6128902185812171,scr2016,avaConv,pvInd_a
it_sar,1,h0281,0.4648509171253309,scr2016,avaConv,pvInd_a
it_sar,1,h0282,0.2852857291117799,scr2016,avaConv,pvInd_a
it_sar,1,h0283,0.12483530047262777,scr2016,avaConv,pvInd_a
it_sar,1,h0284,0.03239161805931291,scr2016,avaConv,pvInd_a
it_sar,1,h0285,0.0020390961177409054,scr2016,avaConv,pvInd_a
it_sar,1,h0286,0.0,scr2016,avaConv,pvInd_a
it_sar,1,h0287,0.0,scr2016,avaConv,pvInd_a
it_sar,1,h0288,0.0,scr2016,avaConv,pvInd_a
it_sic,1,h0241,0.0,scr2016,avaConv,pvInd_a
it_sic,1,h0242,0.0,scr2016,avaConv,pvInd_a
it_sic,1,h0243,0.0,scr2016,avaConv,pvInd_a
it_sic,1,h0244,0.0,scr2016,avaConv,pvInd_a
it_sic,1,h0245,0.0,scr2016,avaConv,pvInd_a
it_sic,1,h0246,0.013205824916777733,scr2016,avaConv,pvInd_a
it_sic,1,h0247,0.0813325163386362,scr2016,avaConv,pvInd_a
it_sic,1,h0248,0.2151674346354114,scr2016,avaConv,pvInd_a
it_sic,1,h0249,0.3905410149094598,scr2016,avaConv,pvInd_a
it_sic,1,h0250,0.5495565059509188,scr2016,avaConv,pvInd_a
it_sic,1,h0251,0.6661105478302708,scr2016,avaConv,pvInd_a
it_sic,1,h0252,0.7333570376115135,scr2016,avaConv,pvInd_a
it_sic,1,h0253,0.749008675496771,scr2016,avaConv,pvInd_a
it_sic,1,h0254,0.7203506520189753,scr2016,avaConv,pvInd_a
it_sic,1,h0255,0.6504059235029409,scr2016,avaConv,pvInd_a
it_sic,1,h0256,0.5390744599877692,scr2016,avaConv,pvInd_a
it_sic,1,h0257,0.3867820412538034,scr2016,avaConv,pvInd_a
it_sic,1,h0258,0.21610581342912039,scr2016,avaConv,pvInd_a
it_sic,1,h0259,0.08353345709232707,scr2016,avaConv,pvInd_a
it_sic,1,h0260,0.01500410430934053,scr2016,avaConv,pvInd_a
it_sic,1,h0261,0.0,scr2016,avaConv,pvInd_a
it_sic,1,h0262,0.0,scr2016,avaConv,pvInd_a
it_sic,1,h0263,0.0,scr2016,avaConv,pvInd_a
it_sic,1,h0264,0.0,scr2016,avaConv,pvInd_a
it_sic,1,h0265,0.0,scr2016,avaConv,pvInd_a
it_sic,1,h0266,0.0,scr2016,avaConv,pvInd_a
it_sic,1,h0267,0.0,scr2016,avaConv,pvInd_a
it_sic,1,h0268,0.0,scr2016,avaConv,pvInd_a
it_sic,1,h0269,0.0,scr2016,avaConv,pvInd_a
it_sic,1,h0270,0.016467981127736023,scr2016,avaConv,pvInd_a
it_sic,1,h0271,0.0878013699652537,scr2016,avaConv,pvInd_a
it_sic,1,h0272,0.22130328054830503,scr2016,avaConv,pvInd_a
it_sic,1,h0273,0.38743225080371396,scr2016,avaConv,pvInd_a
it_sic,1,h0274,0.5335334523544374,scr2016,avaConv,pvInd_a
it_sic,1,h0275,0.6373068665996151,scr2016,avaConv,pvInd_a
it_sic,1,h0276,0.6987070842851932,scr2016,avaConv,pvInd_a
it_sic,1,h0277,0.7066079205157145,scr2016,avaConv,pvInd_a
it_sic,1,h0278,0.6778455819751265,scr2016,avaConv,pvInd_a
it_sic,1,h0279,0.6081310642541559,scr2016,avaConv,pvInd_a
it_sic,1,h0280,0.5084551116700743,scr2016,avaConv,pvInd_a
it_sic,1,h0281,0.37027901476917313,scr2016,avaConv,pvInd_a
it_sic,1,h0282,0.21421685432081145,scr2016,avaConv,pvInd_a
it_sic,1,h0283,0.08786062521018552,scr2016,avaConv,pvInd_a
it_sic,1,h0284,0.018545728724283225,scr2016,avaConv,pvInd_a
it_sic,1,h0285,0.0004824068994386581,scr2016,avaConv,pvInd_a
it_sic,1,h0286,0.0,scr2016,avaConv,pvInd_a
it_sic,1,h0287,0.0,scr2016,avaConv,pvInd_a
it_sic,1,h0288,0.0,scr2016,avaConv,pvInd_a
lt,1,h0241,0.0,scr2016,avaConv,pvInd_a
lt,1,h0242,0.0,scr2016,avaConv,pvInd_a
lt,1,h0243,0.0,scr2016,avaConv,pvInd_a
lt,1,h0244,0.00012866672541297865,scr2016,avaConv,pvInd_a
lt,1,h0245,0.005010834083752435,scr2016,avaConv,pvInd_a
lt,1,h0246,0.04259780390500286,scr2016,avaConv,pvInd_a
lt,1,h0247,0.1391099013623482,scr2016,avaConv,pvInd_a
lt,1,h0248,0.2894387125480708,scr2016,avaConv,pvInd_a
lt,1,h0249,0.4467999132752885,scr2016,avaConv,pvInd_a
lt,1,h0250,0.5660529067282735,scr2016,avaConv,pvInd_a
lt,1,h0251,0.6393162020038661,scr2016,avaConv,pvInd_a
lt,1,h0252,0.6339869124542914,scr2016,avaConv,pvInd_a
lt,1,h0253,0.5761986478173456,scr2016,avaConv,pvInd_a
lt,1,h0254,0.4764880528687839,scr2016,avaConv,pvInd_a
lt,1,h0255,0.3761381138520017,scr2016,avaConv,pvInd_a
lt,1,h0256,0.2776621369704427,scr2016,avaConv,pvInd_a
lt,1,h0257,0.18150123138038274,scr2016,avaConv,pvInd_a
lt,1,h0258,0.09653254464515751,scr2016,avaConv,pvInd_a
lt,1,h0259,0.03503623626916167,scr2016,avaConv,pvInd_a
lt,1,h0260,0.0072908945128584155,scr2016,avaConv,pvInd_a
lt,1,h0261,0.00019938844033952146,scr2016,avaConv,pvInd_a
lt,1,h0262,0.0,scr2016,avaConv,pvInd_a
lt,1,h0263,0.0,scr2016,avaConv,pvInd_a
lt,1,h0264,0.0,scr2016,avaConv,pvInd_a
lt,1,h0265,0.0,scr2016,avaConv,pvInd_a
lt,1,h0266,0.0,scr2016,avaConv,pvInd_a
lt,1,h0267,0.0,scr2016,avaConv,pvInd_a
lt,1,h0268,0.0009146862467272674,scr2016,avaConv,pvInd_a
lt,1,h0269,0.009384829954551806,scr2016,avaConv,pvInd_a
lt,1,h0270,0.05489729894970385,scr2016,avaConv,pvInd_a
lt,1,h0271,0.13265941058624894,scr2016,avaConv,pvInd_a
lt,1,h0272,0.23138654539004844,scr2016,avaConv,pvInd_a
lt,1,h0273,0.3215520862981921,scr2016,avaConv,pvInd_a
lt,1,h0274,0.43127803438946133,scr2016,avaConv,pvInd_a
lt,1,h0275,0.5443859592865942,scr2016,avaConv,pvInd_a
lt,1,h0276,0.6275857435879941,scr2016,avaConv,pvInd_a
lt,1,h0277,0.660067642346911,scr2016,avaConv,pvInd_a
lt,1,h0278,0.6105813294562078,scr2016,avaConv,pvInd_a
lt,1,h0279,0.508118839441505,scr2016,avaConv,pvInd_a
lt,1,h0280,0.36623412764944424,scr2016,avaConv,pvInd_a
lt,1,h0281,0.23398627209922446,scr2016,avaConv,pvInd_a
lt,1,h0282,0.11889507268934382,scr2016,avaConv,pvInd_a
lt,1,h0283,0.043059611910165455,scr2016,avaConv,pvInd_a
lt,1,h0284,0.008879340585642378,scr2016,avaConv,pvInd_a
lt,1,h0285,0.0010771667209023225,scr2016,avaConv,pvInd_a
lt,1,h0286,0.0,scr2016,avaConv,pvInd_a
lt,1,h0287,0.0,scr2016,avaConv,pvInd_a
lt,1,h0288,0.0,scr2016,avaConv,pvInd_a
lu,1,h0241,0.0,scr2016,avaConv,pvInd_a
lu,1,h0242,0.0,scr2016,avaConv,pvInd_a
lu,1,h0243,0.0,scr2016,avaConv,pvInd_a
lu,1,h0244,0.0,scr2016,avaConv,pvInd_a
lu,1,h0245,0.0,scr2016,avaConv,pvInd_a
lu,1,h0246,0.0003740648193099746,scr2016,avaConv,pvInd_a
lu,1,h0247,0.03162573516187039,scr2016,avaConv,pvInd_a
lu,1,h0248,0.12202697601370444,scr2016,avaConv,pvInd_a
lu,1,h0249,0.2792545537371901,scr2016,avaConv,pvInd_a
lu,1,h0250,0.4543583717045395,scr2016,avaConv,pvInd_a
lu,1,h0251,0.6096088554030039,scr2016,avaConv,pvInd_a
lu,1,h0252,0.7155938662179029,scr2016,avaConv,pvInd_a
lu,1,h0253,0.7196004706850601,scr2016,avaConv,pvInd_a
lu,1,h0254,0.6722958833454986,scr2016,avaConv,pvInd_a
lu,1,h0255,0.5961818181722833,scr2016,avaConv,pvInd_a
lu,1,h0256,0.5290102151202266,scr2016,avaConv,pvInd_a
lu,1,h0257,0.41958646061342914,scr2016,avaConv,pvInd_a
lu,1,h0258,0.2747996975132942,scr2016,avaConv,pvInd_a
lu,1,h0259,0.13529194542724493,scr2016,avaConv,pvInd_a
lu,1,h0260,0.04349127739401899,scr2016,avaConv,pvInd_a
lu,1,h0261,0.007652575405538042,scr2016,avaConv,pvInd_a
lu,1,h0262,0.0,scr2016,avaConv,pvInd_a
lu,1,h0263,0.0,scr2016,avaConv,pvInd_a
lu,1,h0264,0.0,scr2016,avaConv,pvInd_a
lu,1,h0265,0.0,scr2016,avaConv,pvInd_a
lu,1,h0266,0.0,scr2016,avaConv,pvInd_a
lu,1,h0267,0.0,scr2016,avaConv,pvInd_a
lu,1,h0268,0.0,scr2016,avaConv,pvInd_a
lu,1,h0269,0.0,scr2016,avaConv,pvInd_a
lu,1,h0270,0.0,scr2016,avaConv,pvInd_a
lu,1,h0271,0.033028577704585976,scr2016,avaConv,pvInd_a
lu,1,h0272,0.12036876522387337,scr2016,avaConv,pvInd_a
lu,1,h0273,0.2802789922128861,scr2016,avaConv,pvInd_a
lu,1,h0274,0.44394773088213557,scr2016,avaConv,pvInd_a
lu,1,h0275,0.5651961942018598,scr2016,avaConv,pvInd_a
lu,1,h0276,0.611720030807072,scr2016,avaConv,pvInd_a
lu,1,h0277,0.501584580199293,scr2016,avaConv,pvInd_a
lu,1,h0278,0.41102725333469153,scr2016,avaConv,pvInd_a
lu,1,h0279,0.315906733336297,scr2016,avaConv,pvInd_a
lu,1,h0280,0.30578300548582266,scr2016,avaConv,pvInd_a
lu,1,h0281,0.24607725632123464,scr2016,avaConv,pvInd_a
lu,1,h0282,0.17606723193185397,scr2016,avaConv,pvInd_a
lu,1,h0283,0.08691006821220834,scr2016,avaConv,pvInd_a
lu,1,h0284,0.028806903229061747,scr2016,avaConv,pvInd_a
lu,1,h0285,0.0009647144241620956,scr2016,avaConv,pvInd_a
lu,1,h0286,0.0,scr2016,avaConv,pvInd_a
lu,1,h0287,0.0,scr2016,avaConv,pvInd_a
lu,1,h0288,0.0,scr2016,avaConv,pvInd_a
lv,1,h0241,0.0,scr2016,avaConv,pvInd_a
lv,1,h0242,0.0,scr2016,avaConv,pvInd_a
lv,1,h0243,0.0,scr2016,avaConv,pvInd_a
lv,1,h0244,0.0005060449872175174,scr2016,avaConv,pvInd_a
lv,1,h0245,0.008700002211952967,scr2016,avaConv,pvInd_a
lv,1,h0246,0.06125245804457177,scr2016,avaConv,pvInd_a
lv,1,h0247,0.17513114929736687,scr2016,avaConv,pvInd_a
lv,1,h0248,0.3368476508995107,scr2016,avaConv,pvInd_a
lv,1,h0249,0.49364920093354175,scr2016,avaConv,pvInd_a
lv,1,h0250,0.6088307556710415,scr2016,avaConv,pvInd_a
lv,1,h0251,0.6629024984474703,scr2016,avaConv,pvInd_a
lv,1,h0252,0.6611884474894397,scr2016,avaConv,pvInd_a
lv,1,h0253,0.61024414548923,scr2016,avaConv,pvInd_a
lv,1,h0254,0.5398125223916483,scr2016,avaConv,pvInd_a
lv,1,h0255,0.4465007334826178,scr2016,avaConv,pvInd_a
lv,1,h0256,0.3429185785716652,scr2016,avaConv,pvInd_a
lv,1,h0257,0.22413568798895514,scr2016,avaConv,pvInd_a
lv,1,h0258,0.11666405765829312,scr2016,avaConv,pvInd_a
lv,1,h0259,0.041723327273239026,scr2016,avaConv,pvInd_a
lv,1,h0260,0.009429543329085662,scr2016,avaConv,pvInd_a
lv,1,h0261,0.0004701352198038772,scr2016,avaConv,pvInd_a
lv,1,h0262,0.0,scr2016,avaConv,pvInd_a
lv,1,h0263,0.0,scr2016,avaConv,pvInd_a
lv,1,h0264,0.0,scr2016,avaConv,pvInd_a
lv,1,h0265,0.0,scr2016,avaConv,pvInd_a
lv,1,h0266,0.0,scr2016,avaConv,pvInd_a
lv,1,h0267,0.0,scr2016,avaConv,pvInd_a
lv,1,h0268,0.0020455299757804303,scr2016,avaConv,pvInd_a
lv,1,h0269,0.014875740987509392,scr2016,avaConv,pvInd_a
lv,1,h0270,0.07473387307854391,scr2016,avaConv,pvInd_a
lv,1,h0271,0.14225955783351193,scr2016,avaConv,pvInd_a
lv,1,h0272,0.21792841634017704,scr2016,avaConv,pvInd_a
lv,1,h0273,0.26604840798977486,scr2016,avaConv,pvInd_a
lv,1,h0274,0.3307337545099069,scr2016,avaConv,pvInd_a
lv,1,h0275,0.3960831494418784,scr2016,avaConv,pvInd_a
lv,1,h0276,0.4549177423967314,scr2016,avaConv,pvInd_a
lv,1,h0277,0.5557989336564623,scr2016,avaConv,pvInd_a
lv,1,h0278,0.5995283637334948,scr2016,avaConv,pvInd_a
lv,1,h0279,0.5738755389853843,scr2016,avaConv,pvInd_a
lv,1,h0280,0.43075347067368414,scr2016,avaConv,pvInd_a
lv,1,h0281,0.27516609979712364,scr2016,avaConv,pvInd_a
lv,1,h0282,0.13849263324796626,scr2016,avaConv,pvInd_a
lv,1,h0283,0.04970329885473268,scr2016,avaConv,pvInd_a
lv,1,h0284,0.010458443795138488,scr2016,avaConv,pvInd_a
lv,1,h0285,0.0014834074558262252,scr2016,avaConv,pvInd_a
lv,1,h0286,0.0,scr2016,avaConv,pvInd_a
lv,1,h0287,0.0,scr2016,avaConv,pvInd_a
lv,1,h0288,0.0,scr2016,avaConv,pvInd_a
me,1,h0241,0.0,scr2016,avaConv,pvInd_a
me,1,h0242,0.0,scr2016,avaConv,pvInd_a
me,1,h0243,0.0,scr2016,avaConv,pvInd_a
me,1,h0244,0.0,scr2016,avaConv,pvInd_a
me,1,h0245,0.0004673650910478963,scr2016,avaConv,pvInd_a
me,1,h0246,0.02634515194855613,scr2016,avaConv,pvInd_a
me,1,h0247,0.07461755039436342,scr2016,avaConv,pvInd_a
me,1,h0248,0.13233219748306513,scr2016,avaConv,pvInd_a
me,1,h0249,0.17285737445335825,scr2016,avaConv,pvInd_a
me,1,h0250,0.25276962778492096,scr2016,avaConv,pvInd_a
me,1,h0251,0.36352373832725765,scr2016,avaConv,pvInd_a
me,1,h0252,0.4530928653095855,scr2016,avaConv,pvInd_a
me,1,h0253,0.4818179451807766,scr2016,avaConv,pvInd_a
me,1,h0254,0.46118317318392693,scr2016,avaConv,pvInd_a
me,1,h0255,0.40498660950137066,scr2016,avaConv,pvInd_a
me,1,h0256,0.3143106486508472,scr2016,avaConv,pvInd_a
me,1,h0257,0.20869631266651376,scr2016,avaConv,pvInd_a
me,1,h0258,0.11598804566716038,scr2016,avaConv,pvInd_a
me,1,h0259,0.047389186485859984,scr2016,avaConv,pvInd_a
me,1,h0260,0.00830338775465104,scr2016,avaConv,pvInd_a
me,1,h0261,0.0,scr2016,avaConv,pvInd_a
me,1,h0262,0.0,scr2016,avaConv,pvInd_a
me,1,h0263,0.0,scr2016,avaConv,pvInd_a
me,1,h0264,0.0,scr2016,avaConv,pvInd_a
me,1,h0265,0.0,scr2016,avaConv,pvInd_a
me,1,h0266,0.0,scr2016,avaConv,pvInd_a
me,1,h0267,0.0,scr2016,avaConv,pvInd_a
me,1,h0268,0.0,scr2016,avaConv,pvInd_a
me,1,h0269,0.0012996776981526513,scr2016,avaConv,pvInd_a
me,1,h0270,0.03209058120707561,scr2016,avaConv,pvInd_a
me,1,h0271,0.12002056155100078,scr2016,avaConv,pvInd_a
me,1,h0272,0.2697441375438069,scr2016,avaConv,pvInd_a
me,1,h0273,0.4288408537027915,scr2016,avaConv,pvInd_a
me,1,h0274,0.548791901991946,scr2016,avaConv,pvInd_a
me,1,h0275,0.6179424012908098,scr2016,avaConv,pvInd_a
me,1,h0276,0.6469690681755571,scr2016,avaConv,pvInd_a
me,1,h0277,0.6532990963718845,scr2016,avaConv,pvInd_a
me,1,h0278,0.6278759650248136,scr2016,avaConv,pvInd_a
me,1,h0279,0.567530612477103,scr2016,avaConv,pvInd_a
me,1,h0280,0.4533347645028262,scr2016,avaConv,pvInd_a
me,1,h0281,0.3077191782277837,scr2016,avaConv,pvInd_a
me,1,h0282,0.15754421450577538,scr2016,avaConv,pvInd_a
me,1,h0283,0.05615671941241403,scr2016,avaConv,pvInd_a
me,1,h0284,0.009436332021212388,scr2016,avaConv,pvInd_a
me,1,h0285,0.0,scr2016,avaConv,pvInd_a
me,1,h0286,0.0,scr2016,avaConv,pvInd_a
me,1,h0287,0.0,scr2016,avaConv,pvInd_a
me,1,h0288,0.0,scr2016,avaConv,pvInd_a
mk,1,h0241,0.0,scr2016,avaConv,pvInd_a
mk,1,h0242,0.0,scr2016,avaConv,pvInd_a
mk,1,h0243,0.0,scr2016,avaConv,pvInd_a
mk,1,h0244,0.0,scr2016,avaConv,pvInd_a
mk,1,h0245,0.0021096595600054668,scr2016,avaConv,pvInd_a
mk,1,h0246,0.04042070041670101,scr2016,avaConv,pvInd_a
mk,1,h0247,0.1125427223027319,scr2016,avaConv,pvInd_a
mk,1,h0248,0.24484359725157673,scr2016,avaConv,pvInd_a
mk,1,h0249,0.3755872713930642,scr2016,avaConv,pvInd_a
mk,1,h0250,0.5175260081698686,scr2016,avaConv,pvInd_a
mk,1,h0251,0.6308484894029265,scr2016,avaConv,pvInd_a
mk,1,h0252,0.7166123613079713,scr2016,avaConv,pvInd_a
mk,1,h0253,0.6748563941971236,scr2016,avaConv,pvInd_a
mk,1,h0254,0.5615503356308623,scr2016,avaConv,pvInd_a
mk,1,h0255,0.4034346961100884,scr2016,avaConv,pvInd_a
mk,1,h0256,0.3013374768270553,scr2016,avaConv,pvInd_a
mk,1,h0257,0.19832987573842584,scr2016,avaConv,pvInd_a
mk,1,h0258,0.10221785810163585,scr2016,avaConv,pvInd_a
mk,1,h0259,0.03313563943609129,scr2016,avaConv,pvInd_a
mk,1,h0260,0.0038402010895978228,scr2016,avaConv,pvInd_a
mk,1,h0261,0.0,scr2016,avaConv,pvInd_a
mk,1,h0262,0.0,scr2016,avaConv,pvInd_a
mk,1,h0263,0.0,scr2016,avaConv,pvInd_a
mk,1,h0264,0.0,scr2016,avaConv,pvInd_a
mk,1,h0265,0.0,scr2016,avaConv,pvInd_a
mk,1,h0266,0.0,scr2016,avaConv,pvInd_a
mk,1,h0267,0.0,scr2016,avaConv,pvInd_a
mk,1,h0268,0.0,scr2016,avaConv,pvInd_a
mk,1,h0269,0.0036546995270441375,scr2016,avaConv,pvInd_a
mk,1,h0270,0.04804657720661445,scr2016,avaConv,pvInd_a
mk,1,h0271,0.14079092795559,scr2016,avaConv,pvInd_a
mk,1,h0272,0.28223644716044294,scr2016,avaConv,pvInd_a
mk,1,h0273,0.42176048663410765,scr2016,avaConv,pvInd_a
mk,1,h0274,0.5339019235670222,scr2016,avaConv,pvInd_a
mk,1,h0275,0.5934749208374157,scr2016,avaConv,pvInd_a
mk,1,h0276,0.6078677636789601,scr2016,avaConv,pvInd_a
mk,1,h0277,0.6356649596912592,scr2016,avaConv,pvInd_a
mk,1,h0278,0.6403431130095987,scr2016,avaConv,pvInd_a
mk,1,h0279,0.597817906285129,scr2016,avaConv,pvInd_a
mk,1,h0280,0.4617357648212167,scr2016,avaConv,pvInd_a
mk,1,h0281,0.2932173594805039,scr2016,avaConv,pvInd_a
mk,1,h0282,0.13847679265617946,scr2016,avaConv,pvInd_a
mk,1,h0283,0.0424216055123766,scr2016,avaConv,pvInd_a
mk,1,h0284,0.005346265959291867,scr2016,avaConv,pvInd_a
mk,1,h0285,0.0,scr2016,avaConv,pvInd_a
mk,1,h0286,0.0,scr2016,avaConv,pvInd_a
mk,1,h0287,0.0,scr2016,avaConv,pvInd_a
mk,1,h0288,0.0,scr2016,avaConv,pvInd_a
nl,1,h0241,0.0,scr2016,avaConv,pvInd_a
nl,1,h0242,0.0,scr2016,avaConv,pvInd_a
nl,1,h0243,0.0,scr2016,avaConv,pvInd_a
nl,1,h0244,0.0,scr2016,avaConv,pvInd_a
nl,1,h0245,0.0,scr2016,avaConv,pvInd_a
nl,1,h0246,0.006338851722766294,scr2016,avaConv,pvInd_a
nl,1,h0247,0.04795602762223614,scr2016,avaConv,pvInd_a
nl,1,h0248,0.1624239108254662,scr2016,avaConv,pvInd_a
nl,1,h0249,0.3449211620321985,scr2016,avaConv,pvInd_a
nl,1,h0250,0.5480458453522647,scr2016,avaConv,pvInd_a
nl,1,h0251,0.7162789168911193,scr2016,avaConv,pvInd_a
nl,1,h0252,0.8300228263714052,scr2016,avaConv,pvInd_a
nl,1,h0253,0.7327544776468023,scr2016,avaConv,pvInd_a
nl,1,h0254,0.580129688300641,scr2016,avaConv,pvInd_a
nl,1,h0255,0.41410543894048113,scr2016,avaConv,pvInd_a
nl,1,h0256,0.3770746913346599,scr2016,avaConv,pvInd_a
nl,1,h0257,0.31323337887088903,scr2016,avaConv,pvInd_a
nl,1,h0258,0.21704702701886433,scr2016,avaConv,pvInd_a
nl,1,h0259,0.11390081726159318,scr2016,avaConv,pvInd_a
nl,1,h0260,0.043724967824123565,scr2016,avaConv,pvInd_a
nl,1,h0261,0.01009345237536782,scr2016,avaConv,pvInd_a
nl,1,h0262,0.0,scr2016,avaConv,pvInd_a
nl,1,h0263,0.0,scr2016,avaConv,pvInd_a
nl,1,h0264,0.0,scr2016,avaConv,pvInd_a
nl,1,h0265,0.0,scr2016,avaConv,pvInd_a
nl,1,h0266,0.0,scr2016,avaConv,pvInd_a
nl,1,h0267,0.0,scr2016,avaConv,pvInd_a
nl,1,h0268,0.0,scr2016,avaConv,pvInd_a
nl,1,h0269,0.0,scr2016,avaConv,pvInd_a
nl,1,h0270,0.0006883429554868678,scr2016,avaConv,pvInd_a
nl,1,h0271,0.034083798565913224,scr2016,avaConv,pvInd_a
nl,1,h0272,0.11276234824917418,scr2016,avaConv,pvInd_a
nl,1,h0273,0.22098805968786392,scr2016,avaConv,pvInd_a
nl,1,h0274,0.30128217003806784,scr2016,avaConv,pvInd_a
nl,1,h0275,0.3640065702966035,scr2016,avaConv,pvInd_a
nl,1,h0276,0.4087300326775031,scr2016,avaConv,pvInd_a
nl,1,h0277,0.4341706956588478,scr2016,avaConv,pvInd_a
nl,1,h0278,0.36904222325457314,scr2016,avaConv,pvInd_a
nl,1,h0279,0.24777693713891516,scr2016,avaConv,pvInd_a
nl,1,h0280,0.13866915999597157,scr2016,avaConv,pvInd_a
nl,1,h0281,0.08471734277392491,scr2016,avaConv,pvInd_a
nl,1,h0282,0.06119087536143795,scr2016,avaConv,pvInd_a
nl,1,h0283,0.04512008830525975,scr2016,avaConv,pvInd_a
nl,1,h0284,0.022821578425631817,scr2016,avaConv,pvInd_a
nl,1,h0285,0.013863794104029077,scr2016,avaConv,pvInd_a
nl,1,h0286,0.0014189351574419393,scr2016,avaConv,pvInd_a
nl,1,h0287,0.0,scr2016,avaConv,pvInd_a
nl,1,h0288,0.0,scr2016,avaConv,pvInd_a
no_m,1,h0241,0.0,scr2016,avaConv,pvInd_a
no_m,1,h0242,0.0,scr2016,avaConv,pvInd_a
no_m,1,h0243,0.0,scr2016,avaConv,pvInd_a
no_m,1,h0244,0.0,scr2016,avaConv,pvInd_a
no_m,1,h0245,0.004414445097475918,scr2016,avaConv,pvInd_a
no_m,1,h0246,0.01741302845006211,scr2016,avaConv,pvInd_a
no_m,1,h0247,0.08418184080283998,scr2016,avaConv,pvInd_a
no_m,1,h0248,0.19941232328555736,scr2016,avaConv,pvInd_a
no_m,1,h0249,0.35288405439454584,scr2016,avaConv,pvInd_a
no_m,1,h0250,0.48827167797303117,scr2016,avaConv,pvInd_a
no_m,1,h0251,0.5766347257011621,scr2016,avaConv,pvInd_a
no_m,1,h0252,0.614664709637773,scr2016,avaConv,pvInd_a
no_m,1,h0253,0.6248707714014696,scr2016,avaConv,pvInd_a
no_m,1,h0254,0.6249526824222794,scr2016,avaConv,pvInd_a
no_m,1,h0255,0.5898108427291074,scr2016,avaConv,pvInd_a
no_m,1,h0256,0.49812231047176037,scr2016,avaConv,pvInd_a
no_m,1,h0257,0.37069484973983385,scr2016,avaConv,pvInd_a
no_m,1,h0258,0.24219707639666296,scr2016,avaConv,pvInd_a
no_m,1,h0259,0.13294938221604127,scr2016,avaConv,pvInd_a
no_m,1,h0260,0.05563787151801874,scr2016,avaConv,pvInd_a
no_m,1,h0261,0.015876361480829642,scr2016,avaConv,pvInd_a
no_m,1,h0262,0.0033025659432677165,scr2016,avaConv,pvInd_a
no_m,1,h0263,0.0,scr2016,avaConv,pvInd_a
no_m,1,h0264,0.0,scr2016,avaConv,pvInd_a
no_m,1,h0265,0.0,scr2016,avaConv,pvInd_a
no_m,1,h0266,0.0,scr2016,avaConv,pvInd_a
no_m,1,h0267,0.0,scr2016,avaConv,pvInd_a
no_m,1,h0268,0.0,scr2016,avaConv,pvInd_a
no_m,1,h0269,0.0,scr2016,avaConv,pvInd_a
no_m,1,h0270,0.0016331120558690261,scr2016,avaConv,pvInd_a
no_m,1,h0271,0.07338645590915238,scr2016,avaConv,pvInd_a
no_m,1,h0272,0.21553196205111158,scr2016,avaConv,pvInd_a
no_m,1,h0273,0.4206124458240017,scr2016,avaConv,pvInd_a
no_m,1,h0274,0.602222499427127,scr2016,avaConv,pvInd_a
no_m,1,h0275,0.74713590375745,scr2016,avaConv,pvInd_a
no_m,1,h0276,0.8326431908497617,scr2016,avaConv,pvInd_a
no_m,1,h0277,0.7045008065934688,scr2016,avaConv,pvInd_a
no_m,1,h0278,0.5440185665035175,scr2016,avaConv,pvInd_a
no_m,1,h0279,0.36318311036388956,scr2016,avaConv,pvInd_a
no_m,1,h0280,0.3209110326953037,scr2016,avaConv,pvInd_a
no_m,1,h0281,0.26165004169479456,scr2016,avaConv,pvInd_a
no_m,1,h0282,0.19743803892690837,scr2016,avaConv,pvInd_a
no_m,1,h0283,0.13048581768452253,scr2016,avaConv,pvInd_a
no_m,1,h0284,0.07136692439947652,scr2016,avaConv,pvInd_a
no_m,1,h0285,0.02914093137475389,scr2016,avaConv,pvInd_a
no_m,1,h0286,0.009144311938629785,scr2016,avaConv,pvInd_a
no_m,1,h0287,0.0007231658307100184,scr2016,avaConv,pvInd_a
no_m,1,h0288,0.0,scr2016,avaConv,pvInd_a
no_n,1,h0241,0.0,scr2016,avaConv,pvInd_a
no_n,1,h0242,0.0,scr2016,avaConv,pvInd_a
no_n,1,h0243,0.0018990265592162127,scr2016,avaConv,pvInd_a
no_n,1,h0244,0.007706397666183114,scr2016,avaConv,pvInd_a
no_n,1,h0245,0.02450519782003656,scr2016,avaConv,pvInd_a
no_n,1,h0246,0.06931106372435472,scr2016,avaConv,pvInd_a
no_n,1,h0247,0.14819864680280428,scr2016,avaConv,pvInd_a
no_n,1,h0248,0.2624333181414169,scr2016,avaConv,pvInd_a
no_n,1,h0249,0.3797169271118951,scr2016,avaConv,pvInd_a
no_n,1,h0250,0.4785115995560274,scr2016,avaConv,pvInd_a
no_n,1,h0251,0.5353881113679252,scr2016,avaConv,pvInd_a
no_n,1,h0252,0.5507614764060937,scr2016,avaConv,pvInd_a
no_n,1,h0253,0.48456802925726783,scr2016,avaConv,pvInd_a
no_n,1,h0254,0.39782626098963375,scr2016,avaConv,pvInd_a
no_n,1,h0255,0.29889955995849526,scr2016,avaConv,pvInd_a
no_n,1,h0256,0.24068390980826662,scr2016,avaConv,pvInd_a
no_n,1,h0257,0.18052988751572074,scr2016,avaConv,pvInd_a
no_n,1,h0258,0.12518088323449805,scr2016,avaConv,pvInd_a
no_n,1,h0259,0.07774141269644924,scr2016,avaConv,pvInd_a
no_n,1,h0260,0.04166696969905447,scr2016,avaConv,pvInd_a
no_n,1,h0261,0.016897426073757663,scr2016,avaConv,pvInd_a
no_n,1,h0262,0.004997842803304495,scr2016,avaConv,pvInd_a
no_n,1,h0263,0.0002412635804074465,scr2016,avaConv,pvInd_a
no_n,1,h0264,0.0,scr2016,avaConv,pvInd_a
no_n,1,h0265,0.0,scr2016,avaConv,pvInd_a
no_n,1,h0266,0.0008519163493872662,scr2016,avaConv,pvInd_a
no_n,1,h0267,0.004132181180143825,scr2016,avaConv,pvInd_a
no_n,1,h0268,0.010475326574220886,scr2016,avaConv,pvInd_a
no_n,1,h0269,0.028178513554412164,scr2016,avaConv,pvInd_a
no_n,1,h0270,0.06875683631506561,scr2016,avaConv,pvInd_a
no_n,1,h0271,0.13795947090441144,scr2016,avaConv,pvInd_a
no_n,1,h0272,0.2239800031083661,scr2016,avaConv,pvInd_a
no_n,1,h0273,0.3158587603856847,scr2016,avaConv,pvInd_a
no_n,1,h0274,0.4080851885980646,scr2016,avaConv,pvInd_a
no_n,1,h0275,0.48669117925955574,scr2016,avaConv,pvInd_a
no_n,1,h0276,0.5272319406142342,scr2016,avaConv,pvInd_a
no_n,1,h0277,0.5629260502995455,scr2016,avaConv,pvInd_a
no_n,1,h0278,0.5638138719155045,scr2016,avaConv,pvInd_a
no_n,1,h0279,0.5396463371372401,scr2016,avaConv,pvInd_a
no_n,1,h0280,0.446150981191111,scr2016,avaConv,pvInd_a
no_n,1,h0281,0.3266393372965969,scr2016,avaConv,pvInd_a
no_n,1,h0282,0.20143108511101646,scr2016,avaConv,pvInd_a
no_n,1,h0283,0.1019104806864769,scr2016,avaConv,pvInd_a
no_n,1,h0284,0.04386055284388128,scr2016,avaConv,pvInd_a
no_n,1,h0285,0.01874887233714002,scr2016,avaConv,pvInd_a
no_n,1,h0286,0.008140927212914463,scr2016,avaConv,pvInd_a
no_n,1,h0287,0.002029566862285167,scr2016,avaConv,pvInd_a
no_n,1,h0288,0.0,scr2016,avaConv,pvInd_a
no_s,1,h0241,0.0,scr2016,avaConv,pvInd_a
no_s,1,h0242,0.0,scr2016,avaConv,pvInd_a
no_s,1,h0243,0.0,scr2016,avaConv,pvInd_a
no_s,1,h0244,0.0,scr2016,avaConv,pvInd_a
no_s,1,h0245,0.0010553901518045366,scr2016,avaConv,pvInd_a
no_s,1,h0246,0.010269453274061641,scr2016,avaConv,pvInd_a
no_s,1,h0247,0.052048673497550595,scr2016,avaConv,pvInd_a
no_s,1,h0248,0.12470653200277221,scr2016,avaConv,pvInd_a
no_s,1,h0249,0.2145701362998951,scr2016,avaConv,pvInd_a
no_s,1,h0250,0.2867273531844911,scr2016,avaConv,pvInd_a
no_s,1,h0251,0.3392736968206066,scr2016,avaConv,pvInd_a
no_s,1,h0252,0.3734362033671708,scr2016,avaConv,pvInd_a
no_s,1,h0253,0.5524832583936318,scr2016,avaConv,pvInd_a
no_s,1,h0254,0.7061772080394327,scr2016,avaConv,pvInd_a
no_s,1,h0255,0.8180121744185642,scr2016,avaConv,pvInd_a
no_s,1,h0256,0.705214461109747,scr2016,avaConv,pvInd_a
no_s,1,h0257,0.5418301765680107,scr2016,avaConv,pvInd_a
no_s,1,h0258,0.34342910578344166,scr2016,avaConv,pvInd_a
no_s,1,h0259,0.1691869628237093,scr2016,avaConv,pvInd_a
no_s,1,h0260,0.057411148677952405,scr2016,avaConv,pvInd_a
no_s,1,h0261,0.01381350214706257,scr2016,avaConv,pvInd_a
no_s,1,h0262,0.0024870043879287474,scr2016,avaConv,pvInd_a
no_s,1,h0263,0.0,scr2016,avaConv,pvInd_a
no_s,1,h0264,0.0,scr2016,avaConv,pvInd_a
no_s,1,h0265,0.0,scr2016,avaConv,pvInd_a
no_s,1,h0266,0.0,scr2016,avaConv,pvInd_a
no_s,1,h0267,0.0,scr2016,avaConv,pvInd_a
no_s,1,h0268,0.0,scr2016,avaConv,pvInd_a
no_s,1,h0269,0.0020453486709310575,scr2016,avaConv,pvInd_a
no_s,1,h0270,0.010360741177464846,scr2016,avaConv,pvInd_a
no_s,1,h0271,0.08162893090216584,scr2016,avaConv,pvInd_a
no_s,1,h0272,0.22740037365589383,scr2016,avaConv,pvInd_a
no_s,1,h0273,0.43459878262928586,scr2016,avaConv,pvInd_a
no_s,1,h0274,0.617888010881354,scr2016,avaConv,pvInd_a
no_s,1,h0275,0.7507191295385042,scr2016,avaConv,pvInd_a
no_s,1,h0276,0.817960955009896,scr2016,avaConv,pvInd_a
no_s,1,h0277,0.6293449082506102,scr2016,avaConv,pvInd_a
no_s,1,h0278,0.42487410522334285,scr2016,avaConv,pvInd_a
no_s,1,h0279,0.2223217663561342,scr2016,avaConv,pvInd_a
no_s,1,h0280,0.20066448998569558,scr2016,avaConv,pvInd_a
no_s,1,h0281,0.1596280215234052,scr2016,avaConv,pvInd_a
no_s,1,h0282,0.11242508417137208,scr2016,avaConv,pvInd_a
no_s,1,h0283,0.07143757405091355,scr2016,avaConv,pvInd_a
no_s,1,h0284,0.03835039008439465,scr2016,avaConv,pvInd_a
no_s,1,h0285,0.015587482603790849,scr2016,avaConv,pvInd_a
no_s,1,h0286,0.0036575697795799117,scr2016,avaConv,pvInd_a
no_s,1,h0287,0.0,scr2016,avaConv,pvInd_a
no_s,1,h0288,0.0,scr2016,avaConv,pvInd_a
pl,1,h0241,0.0,scr2016,avaConv,pvInd_a
pl,1,h0242,0.0,scr2016,avaConv,pvInd_a
pl,1,h0243,0.0,scr2016,avaConv,pvInd_a
pl,1,h0244,0.0,scr2016,avaConv,pvInd_a
pl,1,h0245,0.0026276458348489765,scr2016,avaConv,pvInd_a
pl,1,h0246,0.03227544052789724,scr2016,avaConv,pvInd_a
pl,1,h0247,0.1120805469240477,scr2016,avaConv,pvInd_a
pl,1,h0248,0.24569304481702484,scr2016,avaConv,pvInd_a
pl,1,h0249,0.39046515092844886,scr2016,avaConv,pvInd_a
pl,1,h0250,0.5161665565636939,scr2016,avaConv,pvInd_a
pl,1,h0251,0.5986600002618301,scr2016,avaConv,pvInd_a
pl,1,h0252,0.6238924169043375,scr2016,avaConv,pvInd_a
pl,1,h0253,0.6635487327841073,scr2016,avaConv,pvInd_a
pl,1,h0254,0.6526553732979897,scr2016,avaConv,pvInd_a
pl,1,h0255,0.6055305728039445,scr2016,avaConv,pvInd_a
pl,1,h0256,0.4637867194701184,scr2016,avaConv,pvInd_a
pl,1,h0257,0.31004236054271117,scr2016,avaConv,pvInd_a
pl,1,h0258,0.17072146783057734,scr2016,avaConv,pvInd_a
pl,1,h0259,0.06726249681764804,scr2016,avaConv,pvInd_a
pl,1,h0260,0.015889201797290593,scr2016,avaConv,pvInd_a
pl,1,h0261,0.0012109665183475903,scr2016,avaConv,pvInd_a
pl,1,h0262,0.0,scr2016,avaConv,pvInd_a
pl,1,h0263,0.0,scr2016,avaConv,pvInd_a
pl,1,h0264,0.0,scr2016,avaConv,pvInd_a
pl,1,h0265,0.0,scr2016,avaConv,pvInd_a
pl,1,h0266,0.0,scr2016,avaConv,pvInd_a
pl,1,h0267,0.0,scr2016,avaConv,pvInd_a
pl,1,h0268,0.0,scr2016,avaConv,pvInd_a
pl,1,h0269,0.004360412989954903,scr2016,avaConv,pvInd_a
pl,1,h0270,0.03916653025248471,scr2016,avaConv,pvInd_a
pl,1,h0271,0.09566008775562146,scr2016,avaConv,pvInd_a
pl,1,h0272,0.17517143453224845,scr2016,avaConv,pvInd_a
pl,1,h0273,0.25168361305734444,scr2016,avaConv,pvInd_a
pl,1,h0274,0.3354709820231206,scr2016,avaConv,pvInd_a
pl,1,h0275,0.408550008481545,scr2016,avaConv,pvInd_a
pl,1,h0276,0.44560653256145744,scr2016,avaConv,pvInd_a
pl,1,h0277,0.47706968543773537,scr2016,avaConv,pvInd_a
pl,1,h0278,0.4726837074516118,scr2016,avaConv,pvInd_a
pl,1,h0279,0.44413024056483347,scr2016,avaConv,pvInd_a
pl,1,h0280,0.3608680000940305,scr2016,avaConv,pvInd_a
pl,1,h0281,0.257874251650142,scr2016,avaConv,pvInd_a
pl,1,h0282,0.15202796668785187,scr2016,avaConv,pvInd_a
pl,1,h0283,0.0677444722870688,scr2016,avaConv,pvInd_a
pl,1,h0284,0.020073362738290305,scr2016,avaConv,pvInd_a
pl,1,h0285,0.003202391010007669,scr2016,avaConv,pvInd_a
pl,1,h0286,0.0,scr2016,avaConv,pvInd_a
pl,1,h0287,0.0,scr2016,avaConv,pvInd_a
pl,1,h0288,0.0,scr2016,avaConv,pvInd_a
pt,1,h0241,0.0,scr2016,avaConv,pvInd_a
pt,1,h0242,0.0,scr2016,avaConv,pvInd_a
pt,1,h0243,0.0,scr2016,avaConv,pvInd_a
pt,1,h0244,0.0,scr2016,avaConv,pvInd_a
pt,1,h0245,0.0,scr2016,avaConv,pvInd_a
pt,1,h0246,0.0,scr2016,avaConv,pvInd_a
pt,1,h0247,0.003738892927266418,scr2016,avaConv,pvInd_a
pt,1,h0248,0.04064707295709991,scr2016,avaConv,pvInd_a
pt,1,h0249,0.12174028888858344,scr2016,avaConv,pvInd_a
pt,1,h0250,0.23249998962571206,scr2016,avaConv,pvInd_a
pt,1,h0251,0.34613827044502044,scr2016,avaConv,pvInd_a
pt,1,h0252,0.4586835391656563,scr2016,avaConv,pvInd_a
pt,1,h0253,0.5936709607112557,scr2016,avaConv,pvInd_a
pt,1,h0254,0.6644127171032881,scr2016,avaConv,pvInd_a
pt,1,h0255,0.651674072108841,scr2016,avaConv,pvInd_a
pt,1,h0256,0.5445603341442912,scr2016,avaConv,pvInd_a
pt,1,h0257,0.4277952402884052,scr2016,avaConv,pvInd_a
pt,1,h0258,0.3191860240785185,scr2016,avaConv,pvInd_a
pt,1,h0259,0.21719599437711656,scr2016,avaConv,pvInd_a
pt,1,h0260,0.11053644901232039,scr2016,avaConv,pvInd_a
pt,1,h0261,0.03793126713359228,scr2016,avaConv,pvInd_a
pt,1,h0262,0.0004633021623796668,scr2016,avaConv,pvInd_a
pt,1,h0263,0.0,scr2016,avaConv,pvInd_a
pt,1,h0264,0.0,scr2016,avaConv,pvInd_a
pt,1,h0265,0.0,scr2016,avaConv,pvInd_a
pt,1,h0266,0.0,scr2016,avaConv,pvInd_a
pt,1,h0267,0.0,scr2016,avaConv,pvInd_a
pt,1,h0268,0.0,scr2016,avaConv,pvInd_a
pt,1,h0269,0.0,scr2016,avaConv,pvInd_a
pt,1,h0270,0.0,scr2016,avaConv,pvInd_a
pt,1,h0271,0.006142744246881173,scr2016,avaConv,pvInd_a
pt,1,h0272,0.043635146195347856,scr2016,avaConv,pvInd_a
pt,1,h0273,0.13151507786226932,scr2016,avaConv,pvInd_a
pt,1,h0274,0.2725121557867289,scr2016,avaConv,pvInd_a
pt,1,h0275,0.4143614974946304,scr2016,avaConv,pvInd_a
pt,1,h0276,0.5048108499514385,scr2016,avaConv,pvInd_a
pt,1,h0277,0.5428809015374456,scr2016,avaConv,pvInd_a
pt,1,h0278,0.5379281924377721,scr2016,avaConv,pvInd_a
pt,1,h0279,0.5288817294053433,scr2016,avaConv,pvInd_a
pt,1,h0280,0.5020900897853805,scr2016,avaConv,pvInd_a
pt,1,h0281,0.4487540568432705,scr2016,avaConv,pvInd_a
pt,1,h0282,0.36355338998581826,scr2016,avaConv,pvInd_a
pt,1,h0283,0.249463072451531,scr2016,avaConv,pvInd_a
pt,1,h0284,0.12788185195440935,scr2016,avaConv,pvInd_a
pt,1,h0285,0.04399609255579717,scr2016,avaConv,pvInd_a
pt,1,h0286,0.0017793044095905024,scr2016,avaConv,pvInd_a
pt,1,h0287,0.0,scr2016,avaConv,pvInd_a
pt,1,h0288,0.0,scr2016,avaConv,pvInd_a
ro,1,h0241,0.0,scr2016,avaConv,pvInd_a
ro,1,h0242,0.0,scr2016,avaConv,pvInd_a
ro,1,h0243,0.0,scr2016,avaConv,pvInd_a
ro,1,h0244,0.0,scr2016,avaConv,pvInd_a
ro,1,h0245,0.012176796861450737,scr2016,avaConv,pvInd_a
ro,1,h0246,0.06343280124432141,scr2016,avaConv,pvInd_a
ro,1,h0247,0.15937730412639456,scr2016,avaConv,pvInd_a
ro,1,h0248,0.3011484713144591,scr2016,avaConv,pvInd_a
ro,1,h0249,0.445038042423841,scr2016,avaConv,pvInd_a
ro,1,h0250,0.5770782233741476,scr2016,avaConv,pvInd_a
ro,1,h0251,0.6626175890173163,scr2016,avaConv,pvInd_a
ro,1,h0252,0.7090413649733541,scr2016,avaConv,pvInd_a
ro,1,h0253,0.6105578460799727,scr2016,avaConv,pvInd_a
ro,1,h0254,0.4904842233801626,scr2016,avaConv,pvInd_a
ro,1,h0255,0.3528034396252417,scr2016,avaConv,pvInd_a
ro,1,h0256,0.2986121658817007,scr2016,avaConv,pvInd_a
ro,1,h0257,0.2150626123594407,scr2016,avaConv,pvInd_a
ro,1,h0258,0.11806258999852123,scr2016,avaConv,pvInd_a
ro,1,h0259,0.04294271568099681,scr2016,avaConv,pvInd_a
ro,1,h0260,0.0069782391137702465,scr2016,avaConv,pvInd_a
ro,1,h0261,0.0,scr2016,avaConv,pvInd_a
ro,1,h0262,0.0,scr2016,avaConv,pvInd_a
ro,1,h0263,0.0,scr2016,avaConv,pvInd_a
ro,1,h0264,0.0,scr2016,avaConv,pvInd_a
ro,1,h0265,0.0,scr2016,avaConv,pvInd_a
ro,1,h0266,0.0,scr2016,avaConv,pvInd_a
ro,1,h0267,0.0,scr2016,avaConv,pvInd_a
ro,1,h0268,0.0,scr2016,avaConv,pvInd_a
ro,1,h0269,0.01407605653740764,scr2016,avaConv,pvInd_a
ro,1,h0270,0.08204453770964967,scr2016,avaConv,pvInd_a
ro,1,h0271,0.19788119348354413,scr2016,avaConv,pvInd_a
ro,1,h0272,0.34628981457189617,scr2016,avaConv,pvInd_a
ro,1,h0273,0.47288374894801044,scr2016,avaConv,pvInd_a
ro,1,h0274,0.5680833800843574,scr2016,avaConv,pvInd_a
ro,1,h0275,0.6133188995667905,scr2016,avaConv,pvInd_a
ro,1,h0276,0.61677721963966,scr2016,avaConv,pvInd_a
ro,1,h0277,0.627243614456074,scr2016,avaConv,pvInd_a
ro,1,h0278,0.6074407111487472,scr2016,avaConv,pvInd_a
ro,1,h0279,0.5562962978193529,scr2016,avaConv,pvInd_a
ro,1,h0280,0.43111457530411007,scr2016,avaConv,pvInd_a
ro,1,h0281,0.2880747566921541,scr2016,avaConv,pvInd_a
ro,1,h0282,0.15162370773457778,scr2016,avaConv,pvInd_a
ro,1,h0283,0.05497440554922494,scr2016,avaConv,pvInd_a
ro,1,h0284,0.009674065498045625,scr2016,avaConv,pvInd_a
ro,1,h0285,0.0,scr2016,avaConv,pvInd_a
ro,1,h0286,0.0,scr2016,avaConv,pvInd_a
ro,1,h0287,0.0,scr2016,avaConv,pvInd_a
ro,1,h0288,0.0,scr2016,avaConv,pvInd_a
rs,1,h0241,0.0,scr2016,avaConv,pvInd_a
rs,1,h0242,0.0,scr2016,avaConv,pvInd_a
rs,1,h0243,0.0,scr2016,avaConv,pvInd_a
rs,1,h0244,0.0,scr2016,avaConv,pvInd_a
rs,1,h0245,0.00446318028276531,scr2016,avaConv,pvInd_a
rs,1,h0246,0.03868707760314247,scr2016,avaConv,pvInd_a
rs,1,h0247,0.14242667733434333,scr2016,avaConv,pvInd_a
rs,1,h0248,0.30708332982593617,scr2016,avaConv,pvInd_a
rs,1,h0249,0.4910563286773298,scr2016,avaConv,pvInd_a
rs,1,h0250,0.6373369945633083,scr2016,avaConv,pvInd_a
rs,1,h0251,0.7233988262731055,scr2016,avaConv,pvInd_a
rs,1,h0252,0.7510944419645608,scr2016,avaConv,pvInd_a
rs,1,h0253,0.6247925242328652,scr2016,avaConv,pvInd_a
rs,1,h0254,0.4810781144078076,scr2016,avaConv,pvInd_a
rs,1,h0255,0.32324691021888435,scr2016,avaConv,pvInd_a
rs,1,h0256,0.25808163462981315,scr2016,avaConv,pvInd_a
rs,1,h0257,0.18110643311543032,scr2016,avaConv,pvInd_a
rs,1,h0258,0.10249843167728744,scr2016,avaConv,pvInd_a
rs,1,h0259,0.04173464909827274,scr2016,avaConv,pvInd_a
rs,1,h0260,0.00812375285946667,scr2016,avaConv,pvInd_a
rs,1,h0261,0.0,scr2016,avaConv,pvInd_a
rs,1,h0262,0.0,scr2016,avaConv,pvInd_a
rs,1,h0263,0.0,scr2016,avaConv,pvInd_a
rs,1,h0264,0.0,scr2016,avaConv,pvInd_a
rs,1,h0265,0.0,scr2016,avaConv,pvInd_a
rs,1,h0266,0.0,scr2016,avaConv,pvInd_a
rs,1,h0267,0.0,scr2016,avaConv,pvInd_a
rs,1,h0268,0.0,scr2016,avaConv,pvInd_a
rs,1,h0269,0.005206357696735725,scr2016,avaConv,pvInd_a
rs,1,h0270,0.054446803068470155,scr2016,avaConv,pvInd_a
rs,1,h0271,0.1563603974543631,scr2016,avaConv,pvInd_a
rs,1,h0272,0.3080932654877621,scr2016,avaConv,pvInd_a
rs,1,h0273,0.45473000786269596,scr2016,avaConv,pvInd_a
rs,1,h0274,0.5818888914521625,scr2016,avaConv,pvInd_a
rs,1,h0275,0.6609691342884889,scr2016,avaConv,pvInd_a
rs,1,h0276,0.6906306188752889,scr2016,avaConv,pvInd_a
rs,1,h0277,0.7033474848037397,scr2016,avaConv,pvInd_a
rs,1,h0278,0.68929934673838,scr2016,avaConv,pvInd_a
rs,1,h0279,0.639695927412441,scr2016,avaConv,pvInd_a
rs,1,h0280,0.5125941299972303,scr2016,avaConv,pvInd_a
rs,1,h0281,0.34317338466715147,scr2016,avaConv,pvInd_a
rs,1,h0282,0.17545323201841034,scr2016,avaConv,pvInd_a
rs,1,h0283,0.06068950380549628,scr2016,avaConv,pvInd_a
rs,1,h0284,0.009635192700638307,scr2016,avaConv,pvInd_a
rs,1,h0285,0.0,scr2016,avaConv,pvInd_a
rs,1,h0286,0.0,scr2016,avaConv,pvInd_a
rs,1,h0287,0.0,scr2016,avaConv,pvInd_a
rs,1,h0288,0.0,scr2016,avaConv,pvInd_a
se_1,1,h0241,0.0,scr2016,avaConv,pvInd_a
se_1,1,h0242,0.0,scr2016,avaConv,pvInd_a
se_1,1,h0243,0.0,scr2016,avaConv,pvInd_a
se_1,1,h0244,0.0014982513676743837,scr2016,avaConv,pvInd_a
se_1,1,h0245,0.009242169181847448,scr2016,avaConv,pvInd_a
se_1,1,h0246,0.03616874373093952,scr2016,avaConv,pvInd_a
se_1,1,h0247,0.14149128003030617,scr2016,avaConv,pvInd_a
se_1,1,h0248,0.3312932261387381,scr2016,avaConv,pvInd_a
se_1,1,h0249,0.5766902373713255,scr2016,avaConv,pvInd_a
se_1,1,h0250,0.7120038895346233,scr2016,avaConv,pvInd_a
se_1,1,h0251,0.7194565012291392,scr2016,avaConv,pvInd_a
se_1,1,h0252,0.6571190569239561,scr2016,avaConv,pvInd_a
se_1,1,h0253,0.701882124483027,scr2016,avaConv,pvInd_a
se_1,1,h0254,0.7512520863214878,scr2016,avaConv,pvInd_a
se_1,1,h0255,0.7325262212961038,scr2016,avaConv,pvInd_a
se_1,1,h0256,0.5521482843457849,scr2016,avaConv,pvInd_a
se_1,1,h0257,0.34532150511190246,scr2016,avaConv,pvInd_a
se_1,1,h0258,0.17270627718667367,scr2016,avaConv,pvInd_a
se_1,1,h0259,0.06485405293136627,scr2016,avaConv,pvInd_a
se_1,1,h0260,0.01696862373408642,scr2016,avaConv,pvInd_a
se_1,1,h0261,0.0044410071283337745,scr2016,avaConv,pvInd_a
se_1,1,h0262,0.0004334478847576077,scr2016,avaConv,pvInd_a
se_1,1,h0263,0.0,scr2016,avaConv,pvInd_a
se_1,1,h0264,0.0,scr2016,avaConv,pvInd_a
se_1,1,h0265,0.0,scr2016,avaConv,pvInd_a
se_1,1,h0266,0.0,scr2016,avaConv,pvInd_a
se_1,1,h0267,0.0004376428250586181,scr2016,avaConv,pvInd_a
se_1,1,h0268,0.002971653716707241,scr2016,avaConv,pvInd_a
se_1,1,h0269,0.009803344773648158,scr2016,avaConv,pvInd_a
se_1,1,h0270,0.019850499498558945,scr2016,avaConv,pvInd_a
se_1,1,h0271,0.12022272403119824,scr2016,avaConv,pvInd_a
se_1,1,h0272,0.29334123899037345,scr2016,avaConv,pvInd_a
se_1,1,h0273,0.49841506106981914,scr2016,avaConv,pvInd_a
se_1,1,h0274,0.5521320441985506,scr2016,avaConv,pvInd_a
se_1,1,h0275,0.5422041978302184,scr2016,avaConv,pvInd_a
se_1,1,h0276,0.5068480705272337,scr2016,avaConv,pvInd_a
se_1,1,h0277,0.5976073190696423,scr2016,avaConv,pvInd_a
se_1,1,h0278,0.6446809121846138,scr2016,avaConv,pvInd_a
se_1,1,h0279,0.6520035363373994,scr2016,avaConv,pvInd_a
se_1,1,h0280,0.48582493911183333,scr2016,avaConv,pvInd_a
se_1,1,h0281,0.31775173101097504,scr2016,avaConv,pvInd_a
se_1,1,h0282,0.16557574290311755,scr2016,avaConv,pvInd_a
se_1,1,h0283,0.070090362737579,scr2016,avaConv,pvInd_a
se_1,1,h0284,0.022302348413170633,scr2016,avaConv,pvInd_a
se_1,1,h0285,0.007424945962290425,scr2016,avaConv,pvInd_a
se_1,1,h0286,0.0015659681971147558,scr2016,avaConv,pvInd_a
se_1,1,h0287,0.0,scr2016,avaConv,pvInd_a
se_1,1,h0288,0.0,scr2016,avaConv,pvInd_a
se_2,1,h0241,0.0,scr2016,avaConv,pvInd_a
se_2,1,h0242,0.0,scr2016,avaConv,pvInd_a
se_2,1,h0243,0.0,scr2016,avaConv,pvInd_a
se_2,1,h0244,0.00033028591877413136,scr2016,avaConv,pvInd_a
se_2,1,h0245,0.004646119028482255,scr2016,avaConv,pvInd_a
se_2,1,h0246,0.02970384050887058,scr2016,avaConv,pvInd_a
se_2,1,h0247,0.09921379742369439,scr2016,avaConv,pvInd_a
se_2,1,h0248,0.22268197411475885,scr2016,avaConv,pvInd_a
se_2,1,h0249,0.37019546889302823,scr2016,avaConv,pvInd_a
se_2,1,h0250,0.4768697112398252,scr2016,avaConv,pvInd_a
se_2,1,h0251,0.5232650675199798,scr2016,avaConv,pvInd_a
se_2,1,h0252,0.5226039254403644,scr2016,avaConv,pvInd_a
se_2,1,h0253,0.48581125678452014,scr2016,avaConv,pvInd_a
se_2,1,h0254,0.41996464604127126,scr2016,avaConv,pvInd_a
se_2,1,h0255,0.334127250363464,scr2016,avaConv,pvInd_a
se_2,1,h0256,0.2611864879391254,scr2016,avaConv,pvInd_a
se_2,1,h0257,0.19560485832608243,scr2016,avaConv,pvInd_a
se_2,1,h0258,0.12547491691094928,scr2016,avaConv,pvInd_a
se_2,1,h0259,0.061459836670752326,scr2016,avaConv,pvInd_a
se_2,1,h0260,0.01972733734784929,scr2016,avaConv,pvInd_a
se_2,1,h0261,0.0036752479984239915,scr2016,avaConv,pvInd_a
se_2,1,h0262,0.00038231312202941686,scr2016,avaConv,pvInd_a
se_2,1,h0263,0.0,scr2016,avaConv,pvInd_a
se_2,1,h0264,0.0,scr2016,avaConv,pvInd_a
se_2,1,h0265,0.0,scr2016,avaConv,pvInd_a
se_2,1,h0266,0.0,scr2016,avaConv,pvInd_a
se_2,1,h0267,0.0,scr2016,avaConv,pvInd_a
se_2,1,h0268,0.001677791317019202,scr2016,avaConv,pvInd_a
se_2,1,h0269,0.009797887208686146,scr2016,avaConv,pvInd_a
se_2,1,h0270,0.030263838214659,scr2016,avaConv,pvInd_a
se_2,1,h0271,0.06156813503275704,scr2016,avaConv,pvInd_a
se_2,1,h0272,0.10013639144744559,scr2016,avaConv,pvInd_a
se_2,1,h0273,0.1375357057979379,scr2016,avaConv,pvInd_a
se_2,1,h0274,0.163487233290351,scr2016,avaConv,pvInd_a
se_2,1,h0275,0.16528750106632029,scr2016,avaConv,pvInd_a
se_2,1,h0276,0.14586756842429077,scr2016,avaConv,pvInd_a
se_2,1,h0277,0.20040445581043645,scr2016,avaConv,pvInd_a
se_2,1,h0278,0.2662017291727802,scr2016,avaConv,pvInd_a
se_2,1,h0279,0.33197841537000783,scr2016,avaConv,pvInd_a
se_2,1,h0280,0.291129335852562,scr2016,avaConv,pvInd_a
se_2,1,h0281,0.229467095195515,scr2016,avaConv,pvInd_a
se_2,1,h0282,0.15561931341564936,scr2016,avaConv,pvInd_a
se_2,1,h0283,0.0869962864537774,scr2016,avaConv,pvInd_a
se_2,1,h0284,0.03597975408283893,scr2016,avaConv,pvInd_a
se_2,1,h0285,0.009461982341594856,scr2016,avaConv,pvInd_a
se_2,1,h0286,0.001661384914830706,scr2016,avaConv,pvInd_a
se_2,1,h0287,0.0,scr2016,avaConv,pvInd_a
se_2,1,h0288,0.0,scr2016,avaConv,pvInd_a
se_3,1,h0241,0.0,scr2016,avaConv,pvInd_a
se_3,1,h0242,0.0,scr2016,avaConv,pvInd_a
se_3,1,h0243,0.0,scr2016,avaConv,pvInd_a
se_3,1,h0244,0.0,scr2016,avaConv,pvInd_a
se_3,1,h0245,0.0019431815773173241,scr2016,avaConv,pvInd_a
se_3,1,h0246,0.0197648642544361,scr2016,avaConv,pvInd_a
se_3,1,h0247,0.06704880840108218,scr2016,avaConv,pvInd_a
se_3,1,h0248,0.14635112545861217,scr2016,avaConv,pvInd_a
se_3,1,h0249,0.23526001009329436,scr2016,avaConv,pvInd_a
se_3,1,h0250,0.31384390878355356,scr2016,avaConv,pvInd_a
se_3,1,h0251,0.373528471568136,scr2016,avaConv,pvInd_a
se_3,1,h0252,0.4109747088795886,scr2016,avaConv,pvInd_a
se_3,1,h0253,0.3686849142776136,scr2016,avaConv,pvInd_a
se_3,1,h0254,0.29984807984838596,scr2016,avaConv,pvInd_a
se_3,1,h0255,0.2176736336908493,scr2016,avaConv,pvInd_a
se_3,1,h0256,0.1791672243272919,scr2016,avaConv,pvInd_a
se_3,1,h0257,0.13861694569227062,scr2016,avaConv,pvInd_a
se_3,1,h0258,0.09297547520600608,scr2016,avaConv,pvInd_a
se_3,1,h0259,0.051197167494964654,scr2016,avaConv,pvInd_a
se_3,1,h0260,0.01964480236259038,scr2016,avaConv,pvInd_a
se_3,1,h0261,0.004673555167173359,scr2016,avaConv,pvInd_a
se_3,1,h0262,0.0,scr2016,avaConv,pvInd_a
se_3,1,h0263,0.0,scr2016,avaConv,pvInd_a
se_3,1,h0264,0.0,scr2016,avaConv,pvInd_a
se_3,1,h0265,0.0,scr2016,avaConv,pvInd_a
se_3,1,h0266,0.0,scr2016,avaConv,pvInd_a
se_3,1,h0267,0.0,scr2016,avaConv,pvInd_a
se_3,1,h0268,0.00035715173823369807,scr2016,avaConv,pvInd_a
se_3,1,h0269,0.005874247041463329,scr2016,avaConv,pvInd_a
se_3,1,h0270,0.028308158873745454,scr2016,avaConv,pvInd_a
se_3,1,h0271,0.09585922285004043,scr2016,avaConv,pvInd_a
se_3,1,h0272,0.20212920189596947,scr2016,avaConv,pvInd_a
se_3,1,h0273,0.32762269303427755,scr2016,avaConv,pvInd_a
se_3,1,h0274,0.4175460422699357,scr2016,avaConv,pvInd_a
se_3,1,h0275,0.4416228277041094,scr2016,avaConv,pvInd_a
se_3,1,h0276,0.39406398638061324,scr2016,avaConv,pvInd_a
se_3,1,h0277,0.3575463645776228,scr2016,avaConv,pvInd_a
se_3,1,h0278,0.33070612263183563,scr2016,avaConv,pvInd_a
se_3,1,h0279,0.3111587409509912,scr2016,avaConv,pvInd_a
se_3,1,h0280,0.24832666165361347,scr2016,avaConv,pvInd_a
se_3,1,h0281,0.17973161667296664,scr2016,avaConv,pvInd_a
se_3,1,h0282,0.11863583321056828,scr2016,avaConv,pvInd_a
se_3,1,h0283,0.06522962692111182,scr2016,avaConv,pvInd_a
se_3,1,h0284,0.026400854234442685,scr2016,avaConv,pvInd_a
se_3,1,h0285,0.00686007381106866,scr2016,avaConv,pvInd_a
se_3,1,h0286,0.0007863350723901288,scr2016,avaConv,pvInd_a
se_3,1,h0287,0.0,scr2016,avaConv,pvInd_a
se_3,1,h0288,0.0,scr2016,avaConv,pvInd_a
se_4,1,h0241,0.0,scr2016,avaConv,pvInd_a
se_4,1,h0242,0.0,scr2016,avaConv,pvInd_a
se_4,1,h0243,0.0,scr2016,avaConv,pvInd_a
se_4,1,h0244,0.0,scr2016,avaConv,pvInd_a
se_4,1,h0245,0.0018682575394339703,scr2016,avaConv,pvInd_a
se_4,1,h0246,0.02085824843128615,scr2016,avaConv,pvInd_a
se_4,1,h0247,0.1035284697534251,scr2016,avaConv,pvInd_a
se_4,1,h0248,0.2579016920441059,scr2016,avaConv,pvInd_a
se_4,1,h0249,0.4534059267834977,scr2016,avaConv,pvInd_a
se_4,1,h0250,0.6202259450011655,scr2016,avaConv,pvInd_a
se_4,1,h0251,0.7370550911467415,scr2016,avaConv,pvInd_a
se_4,1,h0252,0.7993362169719088,scr2016,avaConv,pvInd_a
se_4,1,h0253,0.6253647793161782,scr2016,avaConv,pvInd_a
se_4,1,h0254,0.42377568837550084,scr2016,avaConv,pvInd_a
se_4,1,h0255,0.21342891645909468,scr2016,avaConv,pvInd_a
se_4,1,h0256,0.1779445437391503,scr2016,avaConv,pvInd_a
se_4,1,h0257,0.13635857471402288,scr2016,avaConv,pvInd_a
se_4,1,h0258,0.0926548791138254,scr2016,avaConv,pvInd_a
se_4,1,h0259,0.04983502361679235,scr2016,avaConv,pvInd_a
se_4,1,h0260,0.01871698595813683,scr2016,avaConv,pvInd_a
se_4,1,h0261,0.00475338050565714,scr2016,avaConv,pvInd_a
se_4,1,h0262,0.0,scr2016,avaConv,pvInd_a
se_4,1,h0263,0.0,scr2016,avaConv,pvInd_a
se_4,1,h0264,0.0,scr2016,avaConv,pvInd_a
se_4,1,h0265,0.0,scr2016,avaConv,pvInd_a
se_4,1,h0266,0.0,scr2016,avaConv,pvInd_a
se_4,1,h0267,0.0,scr2016,avaConv,pvInd_a
se_4,1,h0268,0.0,scr2016,avaConv,pvInd_a
se_4,1,h0269,0.005256030148822934,scr2016,avaConv,pvInd_a
se_4,1,h0270,0.03098452417424762,scr2016,avaConv,pvInd_a
se_4,1,h0271,0.07414789823598078,scr2016,avaConv,pvInd_a
se_4,1,h0272,0.14652191475073936,scr2016,avaConv,pvInd_a
se_4,1,h0273,0.23962342478996287,scr2016,avaConv,pvInd_a
se_4,1,h0274,0.35069724254273726,scr2016,avaConv,pvInd_a
se_4,1,h0275,0.44137870201585716,scr2016,avaConv,pvInd_a
se_4,1,h0276,0.48848835885092856,scr2016,avaConv,pvInd_a
se_4,1,h0277,0.5569166827214542,scr2016,avaConv,pvInd_a
se_4,1,h0278,0.5918988002159792,scr2016,avaConv,pvInd_a
se_4,1,h0279,0.5967772395874458,scr2016,avaConv,pvInd_a
se_4,1,h0280,0.505420837184573,scr2016,avaConv,pvInd_a
se_4,1,h0281,0.38084622917859523,scr2016,avaConv,pvInd_a
se_4,1,h0282,0.23607079230281777,scr2016,avaConv,pvInd_a
se_4,1,h0283,0.11040317134030292,scr2016,avaConv,pvInd_a
se_4,1,h0284,0.03296448631720016,scr2016,avaConv,pvInd_a
se_4,1,h0285,0.005372925420590067,scr2016,avaConv,pvInd_a
se_4,1,h0286,0.0,scr2016,avaConv,pvInd_a
se_4,1,h0287,0.0,scr2016,avaConv,pvInd_a
se_4,1,h0288,0.0,scr2016,avaConv,pvInd_a
si,1,h0241,0.0,scr2016,avaConv,pvInd_a
si,1,h0242,0.0,scr2016,avaConv,pvInd_a
si,1,h0243,0.0,scr2016,avaConv,pvInd_a
si,1,h0244,0.0,scr2016,avaConv,pvInd_a
si,1,h0245,0.00028136827848971923,scr2016,avaConv,pvInd_a
si,1,h0246,0.01768705775316254,scr2016,avaConv,pvInd_a
si,1,h0247,0.05981500507126987,scr2016,avaConv,pvInd_a
si,1,h0248,0.13543101714415373,scr2016,avaConv,pvInd_a
si,1,h0249,0.22360323873665353,scr2016,avaConv,pvInd_a
si,1,h0250,0.31353813334404557,scr2016,avaConv,pvInd_a
si,1,h0251,0.3778578110967872,scr2016,avaConv,pvInd_a
si,1,h0252,0.4078509570016239,scr2016,avaConv,pvInd_a
si,1,h0253,0.5087267805024404,scr2016,avaConv,pvInd_a
si,1,h0254,0.5895564236164819,scr2016,avaConv,pvInd_a
si,1,h0255,0.6309850256265848,scr2016,avaConv,pvInd_a
si,1,h0256,0.5243652953628812,scr2016,avaConv,pvInd_a
si,1,h0257,0.37487742417492975,scr2016,avaConv,pvInd_a
si,1,h0258,0.2201899388437651,scr2016,avaConv,pvInd_a
si,1,h0259,0.0943139219401101,scr2016,avaConv,pvInd_a
si,1,h0260,0.023890243979028884,scr2016,avaConv,pvInd_a
si,1,h0261,0.0016536499714681862,scr2016,avaConv,pvInd_a
si,1,h0262,0.0,scr2016,avaConv,pvInd_a
si,1,h0263,0.0,scr2016,avaConv,pvInd_a
si,1,h0264,0.0,scr2016,avaConv,pvInd_a
si,1,h0265,0.0,scr2016,avaConv,pvInd_a
si,1,h0266,0.0,scr2016,avaConv,pvInd_a
si,1,h0267,0.0,scr2016,avaConv,pvInd_a
si,1,h0268,0.0,scr2016,avaConv,pvInd_a
si,1,h0269,0.0013836094948976672,scr2016,avaConv,pvInd_a
si,1,h0270,0.027655454856385032,scr2016,avaConv,pvInd_a
si,1,h0271,0.10859184116372719,scr2016,avaConv,pvInd_a
si,1,h0272,0.251100355168564,scr2016,avaConv,pvInd_a
si,1,h0273,0.42048176018059624,scr2016,avaConv,pvInd_a
si,1,h0274,0.5566086547940087,scr2016,avaConv,pvInd_a
si,1,h0275,0.6373822155751298,scr2016,avaConv,pvInd_a
si,1,h0276,0.6695799038029101,scr2016,avaConv,pvInd_a
si,1,h0277,0.6408202751256507,scr2016,avaConv,pvInd_a
si,1,h0278,0.5687625456577949,scr2016,avaConv,pvInd_a
si,1,h0279,0.45328554869572657,scr2016,avaConv,pvInd_a
si,1,h0280,0.3519446796342201,scr2016,avaConv,pvInd_a
si,1,h0281,0.26270498482913957,scr2016,avaConv,pvInd_a
si,1,h0282,0.1759595606538826,scr2016,avaConv,pvInd_a
si,1,h0283,0.09230895419078067,scr2016,avaConv,pvInd_a
si,1,h0284,0.029757854331762736,scr2016,avaConv,pvInd_a
si,1,h0285,0.004131044387482221,scr2016,avaConv,pvInd_a
si,1,h0286,0.0,scr2016,avaConv,pvInd_a
si,1,h0287,0.0,scr2016,avaConv,pvInd_a
si,1,h0288,0.0,scr2016,avaConv,pvInd_a
sk,1,h0241,0.0,scr2016,avaConv,pvInd_a
sk,1,h0242,0.0,scr2016,avaConv,pvInd_a
sk,1,h0243,0.0,scr2016,avaConv,pvInd_a
sk,1,h0244,0.0,scr2016,avaConv,pvInd_a
sk,1,h0245,0.002568522921037488,scr2016,avaConv,pvInd_a
sk,1,h0246,0.02936174365359208,scr2016,avaConv,pvInd_a
sk,1,h0247,0.05331430309949865,scr2016,avaConv,pvInd_a
sk,1,h0248,0.10769486336510774,scr2016,avaConv,pvInd_a
sk,1,h0249,0.17112442325853608,scr2016,avaConv,pvInd_a
sk,1,h0250,0.27495345513612257,scr2016,avaConv,pvInd_a
sk,1,h0251,0.3488431612964522,scr2016,avaConv,pvInd_a
sk,1,h0252,0.3878233659187037,scr2016,avaConv,pvInd_a
sk,1,h0253,0.5092597148753398,scr2016,avaConv,pvInd_a
sk,1,h0254,0.5961445229092064,scr2016,avaConv,pvInd_a
sk,1,h0255,0.6313903022247948,scr2016,avaConv,pvInd_a
sk,1,h0256,0.49044834216527694,scr2016,avaConv,pvInd_a
sk,1,h0257,0.3239098350322737,scr2016,avaConv,pvInd_a
sk,1,h0258,0.16540726423058838,scr2016,avaConv,pvInd_a
sk,1,h0259,0.05689195382019748,scr2016,avaConv,pvInd_a
sk,1,h0260,0.009609495781352763,scr2016,avaConv,pvInd_a
sk,1,h0261,0.0,scr2016,avaConv,pvInd_a
sk,1,h0262,0.0,scr2016,avaConv,pvInd_a
sk,1,h0263,0.0,scr2016,avaConv,pvInd_a
sk,1,h0264,0.0,scr2016,avaConv,pvInd_a
sk,1,h0265,0.0,scr2016,avaConv,pvInd_a
sk,1,h0266,0.0,scr2016,avaConv,pvInd_a
sk,1,h0267,0.0,scr2016,avaConv,pvInd_a
sk,1,h0268,0.0,scr2016,avaConv,pvInd_a
sk,1,h0269,0.0028840881442638473,scr2016,avaConv,pvInd_a
sk,1,h0270,0.03560796700499839,scr2016,avaConv,pvInd_a
sk,1,h0271,0.12556717144759258,scr2016,avaConv,pvInd_a
sk,1,h0272,0.2763021682227272,scr2016,avaConv,pvInd_a
sk,1,h0273,0.4448494575505178,scr2016,avaConv,pvInd_a
sk,1,h0274,0.5768044620081517,scr2016,avaConv,pvInd_a
sk,1,h0275,0.6338066320800327,scr2016,avaConv,pvInd_a
sk,1,h0276,0.6231118722095239,scr2016,avaConv,pvInd_a
sk,1,h0277,0.604559293635275,scr2016,avaConv,pvInd_a
sk,1,h0278,0.5736655150021958,scr2016,avaConv,pvInd_a
sk,1,h0279,0.5256414959121161,scr2016,avaConv,pvInd_a
sk,1,h0280,0.41713107199968935,scr2016,avaConv,pvInd_a
sk,1,h0281,0.282580294407669,scr2016,avaConv,pvInd_a
sk,1,h0282,0.15177115084575424,scr2016,avaConv,pvInd_a
sk,1,h0283,0.05707499603400423,scr2016,avaConv,pvInd_a
sk,1,h0284,0.014131401668449232,scr2016,avaConv,pvInd_a
sk,1,h0285,0.0009626742269185986,scr2016,avaConv,pvInd_a
sk,1,h0286,0.0,scr2016,avaConv,pvInd_a
sk,1,h0287,0.0,scr2016,avaConv,pvInd_a
sk,1,h0288,0.0,scr2016,avaConv,pvInd_a
uk,1,h0241,0.0,scr2016,avaConv,pvInd_a
uk,1,h0242,0.0,scr2016,avaConv,pvInd_a
uk,1,h0243,0.0,scr2016,avaConv,pvInd_a
uk,1,h0244,0.0,scr2016,avaConv,pvInd_a
uk,1,h0245,0.0,scr2016,avaConv,pvInd_a
uk,1,h0246,0.0015114918285799818,scr2016,avaConv,pvInd_a
uk,1,h0247,0.023111995659155563,scr2016,avaConv,pvInd_a
uk,1,h0248,0.07960558723459299,scr2016,avaConv,pvInd_a
uk,1,h0249,0.1840139383686616,scr2016,avaConv,pvInd_a
uk,1,h0250,0.3094400721223275,scr2016,avaConv,pvInd_a
uk,1,h0251,0.4321444387892227,scr2016,avaConv,pvInd_a
uk,1,h0252,0.5282025169653326,scr2016,avaConv,pvInd_a
uk,1,h0253,0.5564852966741479,scr2016,avaConv,pvInd_a
uk,1,h0254,0.5544879843639299,scr2016,avaConv,pvInd_a
uk,1,h0255,0.5181731896096429,scr2016,avaConv,pvInd_a
uk,1,h0256,0.4851209800941223,scr2016,avaConv,pvInd_a
uk,1,h0257,0.4124553197794958,scr2016,avaConv,pvInd_a
uk,1,h0258,0.3108180618008363,scr2016,avaConv,pvInd_a
uk,1,h0259,0.1804563588294519,scr2016,avaConv,pvInd_a
uk,1,h0260,0.07819984424011024,scr2016,avaConv,pvInd_a
uk,1,h0261,0.015767975797526677,scr2016,avaConv,pvInd_a
uk,1,h0262,0.002525324827954044,scr2016,avaConv,pvInd_a
uk,1,h0263,0.0,scr2016,avaConv,pvInd_a
uk,1,h0264,0.0,scr2016,avaConv,pvInd_a
uk,1,h0265,0.0,scr2016,avaConv,pvInd_a
uk,1,h0266,0.0,scr2016,avaConv,pvInd_a
uk,1,h0267,0.0,scr2016,avaConv,pvInd_a
uk,1,h0268,0.0,scr2016,avaConv,pvInd_a
uk,1,h0269,0.0,scr2016,avaConv,pvInd_a
uk,1,h0270,0.0033449531183751768,scr2016,avaConv,pvInd_a
uk,1,h0271,0.020052926808468603,scr2016,avaConv,pvInd_a
uk,1,h0272,0.06020252776517339,scr2016,avaConv,pvInd_a
uk,1,h0273,0.12753972659047602,scr2016,avaConv,pvInd_a
uk,1,h0274,0.20809644505285496,scr2016,avaConv,pvInd_a
uk,1,h0275,0.28013824571705553,scr2016,avaConv,pvInd_a
uk,1,h0276,0.33311333499206375,scr2016,avaConv,pvInd_a
uk,1,h0277,0.44955789850959105,scr2016,avaConv,pvInd_a
uk,1,h0278,0.5386972339882057,scr2016,avaConv,pvInd_a
uk,1,h0279,0.5928800560749483,scr2016,avaConv,pvInd_a
uk,1,h0280,0.5229011867153565,scr2016,avaConv,pvInd_a
uk,1,h0281,0.4296753841142184,scr2016,avaConv,pvInd_a
uk,1,h0282,0.3190443736224297,scr2016,avaConv,pvInd_a
uk,1,h0283,0.19197009030867332,scr2016,avaConv,pvInd_a
uk,1,h0284,0.088591957101352,scr2016,avaConv,pvInd_a
uk,1,h0285,0.022895397514665846,scr2016,avaConv,pvInd_a
uk,1,h0286,0.004378950095442615,scr2016,avaConv,pvInd_a
uk,1,h0287,0.0,scr2016,avaConv,pvInd_a
uk,1,h0288,0.0,scr2016,avaConv,pvInd_a
ni,1,h0241,0.0,scr2016,avaConv,pvInd_a
ni,1,h0242,0.0,scr2016,avaConv,pvInd_a
ni,1,h0243,0.0,scr2016,avaConv,pvInd_a
ni,1,h0244,0.0,scr2016,avaConv,pvInd_a
ni,1,h0245,0.0,scr2016,avaConv,pvInd_a
ni,1,h0246,0.0,scr2016,avaConv,pvInd_a
ni,1,h0247,0.005846330837013251,scr2016,avaConv,pvInd_a
ni,1,h0248,0.055190050679430225,scr2016,avaConv,pvInd_a
ni,1,h0249,0.17553532361268614,scr2016,avaConv,pvInd_a
ni,1,h0250,0.3567020631276436,scr2016,avaConv,pvInd_a
ni,1,h0251,0.5347756586002839,scr2016,avaConv,pvInd_a
ni,1,h0252,0.663972714295219,scr2016,avaConv,pvInd_a
ni,1,h0253,0.6900381148419859,scr2016,avaConv,pvInd_a
ni,1,h0254,0.6607070421790938,scr2016,avaConv,pvInd_a
ni,1,h0255,0.5904267279094934,scr2016,avaConv,pvInd_a
ni,1,h0256,0.5314527549512114,scr2016,avaConv,pvInd_a
ni,1,h0257,0.43626790284858225,scr2016,avaConv,pvInd_a
ni,1,h0258,0.3204378830641953,scr2016,avaConv,pvInd_a
ni,1,h0259,0.19952963470919316,scr2016,avaConv,pvInd_a
ni,1,h0260,0.10237892826679923,scr2016,avaConv,pvInd_a
ni,1,h0261,0.03725061812055572,scr2016,avaConv,pvInd_a
ni,1,h0262,0.008019095026145262,scr2016,avaConv,pvInd_a
ni,1,h0263,0.0,scr2016,avaConv,pvInd_a
ni,1,h0264,0.0,scr2016,avaConv,pvInd_a
ni,1,h0265,0.0,scr2016,avaConv,pvInd_a
ni,1,h0266,0.0,scr2016,avaConv,pvInd_a
ni,1,h0267,0.0,scr2016,avaConv,pvInd_a
ni,1,h0268,0.0,scr2016,avaConv,pvInd_a
ni,1,h0269,0.0,scr2016,avaConv,pvInd_a
ni,1,h0270,0.0015762665449343852,scr2016,avaConv,pvInd_a
ni,1,h0271,0.004801800511632013,scr2016,avaConv,pvInd_a
ni,1,h0272,0.014502499662225624,scr2016,avaConv,pvInd_a
ni,1,h0273,0.031083647971427424,scr2016,avaConv,pvInd_a
ni,1,h0274,0.052233748858742955,scr2016,avaConv,pvInd_a
ni,1,h0275,0.07109057434619465,scr2016,avaConv,pvInd_a
ni,1,h0276,0.08892815582108819,scr2016,avaConv,pvInd_a
ni,1,h0277,0.2916350135346434,scr2016,avaConv,pvInd_a
ni,1,h0278,0.5165311829732524,scr2016,avaConv,pvInd_a
ni,1,h0279,0.7137495927480076,scr2016,avaConv,pvInd_a
ni,1,h0280,0.6448526636880147,scr2016,avaConv,pvInd_a
ni,1,h0281,0.5157032996757395,scr2016,avaConv,pvInd_a
ni,1,h0282,0.3715170316569267,scr2016,avaConv,pvInd_a
ni,1,h0283,0.24048729444217526,scr2016,avaConv,pvInd_a
ni,1,h0284,0.12100873756278208,scr2016,avaConv,pvInd_a
ni,1,h0285,0.04511364457558374,scr2016,avaConv,pvInd_a
ni,1,h0286,0.005032222145777617,scr2016,avaConv,pvInd_a
ni,1,h0287,0.000420662934328575,scr2016,avaConv,pvInd_a
ni,1,h0288,0.0,scr2016,avaConv,pvInd_a
al,2,h0241,0.0,scr2016,avaConv,pvInd_b
al,2,h0242,0.0,scr2016,avaConv,pvInd_b
al,2,h0243,0.0,scr2016,avaConv,pvInd_b
al,2,h0244,0.0,scr2016,avaConv,pvInd_b
al,2,h0245,0.00012343999970620137,scr2016,avaConv,pvInd_b
al,2,h0246,0.01864898534821233,scr2016,avaConv,pvInd_b
al,2,h0247,0.06980864134004125,scr2016,avaConv,pvInd_b
al,2,h0248,0.17627558029007429,scr2016,avaConv,pvInd_b
al,2,h0249,0.308159828857208,scr2016,avaConv,pvInd_b
al,2,h0250,0.45995574639481684,scr2016,avaConv,pvInd_b
al,2,h0251,0.5838269336060019,scr2016,avaConv,pvInd_b
al,2,h0252,0.6626534107519348,scr2016,avaConv,pvInd_b
al,2,h0253,0.6005564174121696,scr2016,avaConv,pvInd_b
al,2,h0254,0.5013554159383863,scr2016,avaConv,pvInd_b
al,2,h0255,0.3601160381699716,scr2016,avaConv,pvInd_b
al,2,h0256,0.2775827155762985,scr2016,avaConv,pvInd_b
al,2,h0257,0.17791434984652224,scr2016,avaConv,pvInd_b
al,2,h0258,0.09012664848469744,scr2016,avaConv,pvInd_b
al,2,h0259,0.028958559264057476,scr2016,avaConv,pvInd_b
al,2,h0260,0.0033913681945136514,scr2016,avaConv,pvInd_b
al,2,h0261,0.0,scr2016,avaConv,pvInd_b
al,2,h0262,0.0,scr2016,avaConv,pvInd_b
al,2,h0263,0.0,scr2016,avaConv,pvInd_b
al,2,h0264,0.0,scr2016,avaConv,pvInd_b
al,2,h0265,0.0,scr2016,avaConv,pvInd_b
al,2,h0266,0.0,scr2016,avaConv,pvInd_b
al,2,h0267,0.0,scr2016,avaConv,pvInd_b
al,2,h0268,0.0,scr2016,avaConv,pvInd_b
al,2,h0269,0.000722522151854683,scr2016,avaConv,pvInd_b
al,2,h0270,0.022804261514737755,scr2016,avaConv,pvInd_b
al,2,h0271,0.09544520991729649,scr2016,avaConv,pvInd_b
al,2,h0272,0.233323152291718,scr2016,avaConv,pvInd_b
al,2,h0273,0.3968501885330528,scr2016,avaConv,pvInd_b
al,2,h0274,0.5466240221640609,scr2016,avaConv,pvInd_b
al,2,h0275,0.6551298046656564,scr2016,avaConv,pvInd_b
al,2,h0276,0.7132342132542262,scr2016,avaConv,pvInd_b
al,2,h0277,0.7032011635712593,scr2016,avaConv,pvInd_b
al,2,h0278,0.6450945847453203,scr2016,avaConv,pvInd_b
al,2,h0279,0.5433407104771543,scr2016,avaConv,pvInd_b
al,2,h0280,0.41426633607709085,scr2016,avaConv,pvInd_b
al,2,h0281,0.2612548340007771,scr2016,avaConv,pvInd_b
al,2,h0282,0.12028507401382522,scr2016,avaConv,pvInd_b
al,2,h0283,0.03522816617602732,scr2016,avaConv,pvInd_b
al,2,h0284,0.004014030523403107,scr2016,avaConv,pvInd_b
al,2,h0285,0.0,scr2016,avaConv,pvInd_b
al,2,h0286,0.0,scr2016,avaConv,pvInd_b
al,2,h0287,0.0,scr2016,avaConv,pvInd_b
al,2,h0288,0.0,scr2016,avaConv,pvInd_b
at,2,h0241,0.0,scr2016,avaConv,pvInd_b
at,2,h0242,0.0,scr2016,avaConv,pvInd_b
at,2,h0243,0.0,scr2016,avaConv,pvInd_b
at,2,h0244,0.0,scr2016,avaConv,pvInd_b
at,2,h0245,0.0004874187674974552,scr2016,avaConv,pvInd_b
at,2,h0246,0.01821087355317507,scr2016,avaConv,pvInd_b
at,2,h0247,0.04598418688441377,scr2016,avaConv,pvInd_b
at,2,h0248,0.09594727254840899,scr2016,avaConv,pvInd_b
at,2,h0249,0.15010762529296048,scr2016,avaConv,pvInd_b
at,2,h0250,0.21554726553945153,scr2016,avaConv,pvInd_b
at,2,h0251,0.2620039193262309,scr2016,avaConv,pvInd_b
at,2,h0252,0.2831402103985144,scr2016,avaConv,pvInd_b
at,2,h0253,0.39812535239786045,scr2016,avaConv,pvInd_b
at,2,h0254,0.4985068005311396,scr2016,avaConv,pvInd_b
at,2,h0255,0.5570068335972914,scr2016,avaConv,pvInd_b
at,2,h0256,0.4443230028089014,scr2016,avaConv,pvInd_b
at,2,h0257,0.29961968270423517,scr2016,avaConv,pvInd_b
at,2,h0258,0.16508124745439323,scr2016,avaConv,pvInd_b
at,2,h0259,0.06722291781179518,scr2016,avaConv,pvInd_b
at,2,h0260,0.01715974360930945,scr2016,avaConv,pvInd_b
at,2,h0261,0.0009901714778768871,scr2016,avaConv,pvInd_b
at,2,h0262,0.0,scr2016,avaConv,pvInd_b
at,2,h0263,0.0,scr2016,avaConv,pvInd_b
at,2,h0264,0.0,scr2016,avaConv,pvInd_b
at,2,h0265,0.0,scr2016,avaConv,pvInd_b
at,2,h0266,0.0,scr2016,avaConv,pvInd_b
at,2,h0267,0.0,scr2016,avaConv,pvInd_b
at,2,h0268,0.0,scr2016,avaConv,pvInd_b
at,2,h0269,0.0018245168837774594,scr2016,avaConv,pvInd_b
at,2,h0270,0.025215279048657557,scr2016,avaConv,pvInd_b
at,2,h0271,0.09990525995782751,scr2016,avaConv,pvInd_b
at,2,h0272,0.23275306238802668,scr2016,avaConv,pvInd_b
at,2,h0273,0.3831453297540088,scr2016,avaConv,pvInd_b
at,2,h0274,0.4948952025642191,scr2016,avaConv,pvInd_b
at,2,h0275,0.559838433914371,scr2016,avaConv,pvInd_b
at,2,h0276,0.5957999788939852,scr2016,avaConv,pvInd_b
at,2,h0277,0.6023888603086108,scr2016,avaConv,pvInd_b
at,2,h0278,0.5736452951976242,scr2016,avaConv,pvInd_b
at,2,h0279,0.49479395303727586,scr2016,avaConv,pvInd_b
at,2,h0280,0.3853016037918981,scr2016,avaConv,pvInd_b
at,2,h0281,0.26354378600428163,scr2016,avaConv,pvInd_b
at,2,h0282,0.1528446485601984,scr2016,avaConv,pvInd_b
at,2,h0283,0.07094564345405081,scr2016,avaConv,pvInd_b
at,2,h0284,0.02267795671765816,scr2016,avaConv,pvInd_b
at,2,h0285,0.003217467213426011,scr2016,avaConv,pvInd_b
at,2,h0286,0.0,scr2016,avaConv,pvInd_b
at,2,h0287,0.0,scr2016,avaConv,pvInd_b
at,2,h0288,0.0,scr2016,avaConv,pvInd_b
ba,2,h0241,0.0,scr2016,avaConv,pvInd_b
ba,2,h0242,0.0,scr2016,avaConv,pvInd_b
ba,2,h0243,0.0,scr2016,avaConv,pvInd_b
ba,2,h0244,0.0,scr2016,avaConv,pvInd_b
ba,2,h0245,0.0007050867975991584,scr2016,avaConv,pvInd_b
ba,2,h0246,0.01175845088496547,scr2016,avaConv,pvInd_b
ba,2,h0247,0.07077072390260271,scr2016,avaConv,pvInd_b
ba,2,h0248,0.1862189180302142,scr2016,avaConv,pvInd_b
ba,2,h0249,0.33971418409756426,scr2016,avaConv,pvInd_b
ba,2,h0250,0.4799978523562436,scr2016,avaConv,pvInd_b
ba,2,h0251,0.5907196320417465,scr2016,avaConv,pvInd_b
ba,2,h0252,0.6619310404016916,scr2016,avaConv,pvInd_b
ba,2,h0253,0.5798589005032494,scr2016,avaConv,pvInd_b
ba,2,h0254,0.4508505329226627,scr2016,avaConv,pvInd_b
ba,2,h0255,0.29408484157845804,scr2016,avaConv,pvInd_b
ba,2,h0256,0.21312273133279266,scr2016,avaConv,pvInd_b
ba,2,h0257,0.13988671829249336,scr2016,avaConv,pvInd_b
ba,2,h0258,0.07522106468277341,scr2016,avaConv,pvInd_b
ba,2,h0259,0.028514215229333003,scr2016,avaConv,pvInd_b
ba,2,h0260,0.005292677591615828,scr2016,avaConv,pvInd_b
ba,2,h0261,0.0,scr2016,avaConv,pvInd_b
ba,2,h0262,0.0,scr2016,avaConv,pvInd_b
ba,2,h0263,0.0,scr2016,avaConv,pvInd_b
ba,2,h0264,0.0,scr2016,avaConv,pvInd_b
ba,2,h0265,0.0,scr2016,avaConv,pvInd_b
ba,2,h0266,0.0,scr2016,avaConv,pvInd_b
ba,2,h0267,0.0,scr2016,avaConv,pvInd_b
ba,2,h0268,0.0,scr2016,avaConv,pvInd_b
ba,2,h0269,0.000586364028233096,scr2016,avaConv,pvInd_b
ba,2,h0270,0.022983584445123287,scr2016,avaConv,pvInd_b
ba,2,h0271,0.10294150547806406,scr2016,avaConv,pvInd_b
ba,2,h0272,0.25441800519162705,scr2016,avaConv,pvInd_b
ba,2,h0273,0.43203605040918525,scr2016,avaConv,pvInd_b
ba,2,h0274,0.5776729359403723,scr2016,avaConv,pvInd_b
ba,2,h0275,0.6708182973329998,scr2016,avaConv,pvInd_b
ba,2,h0276,0.7020566271107285,scr2016,avaConv,pvInd_b
ba,2,h0277,0.7424018222277124,scr2016,avaConv,pvInd_b
ba,2,h0278,0.7370240141660366,scr2016,avaConv,pvInd_b
ba,2,h0279,0.685742003238122,scr2016,avaConv,pvInd_b
ba,2,h0280,0.5285145022218853,scr2016,avaConv,pvInd_b
ba,2,h0281,0.340636557820826,scr2016,avaConv,pvInd_b
ba,2,h0282,0.16527753754053934,scr2016,avaConv,pvInd_b
ba,2,h0283,0.052592597605697955,scr2016,avaConv,pvInd_b
ba,2,h0284,0.00763010892354406,scr2016,avaConv,pvInd_b
ba,2,h0285,0.0,scr2016,avaConv,pvInd_b
ba,2,h0286,0.0,scr2016,avaConv,pvInd_b
ba,2,h0287,0.0,scr2016,avaConv,pvInd_b
ba,2,h0288,0.0,scr2016,avaConv,pvInd_b
be,2,h0241,0.0,scr2016,avaConv,pvInd_b
be,2,h0242,0.0,scr2016,avaConv,pvInd_b
be,2,h0243,0.0,scr2016,avaConv,pvInd_b
be,2,h0244,0.0,scr2016,avaConv,pvInd_b
be,2,h0245,0.0,scr2016,avaConv,pvInd_b
be,2,h0246,0.00012004728218109763,scr2016,avaConv,pvInd_b
be,2,h0247,0.028483070639850103,scr2016,avaConv,pvInd_b
be,2,h0248,0.1146340513665479,scr2016,avaConv,pvInd_b
be,2,h0249,0.2700811129033456,scr2016,avaConv,pvInd_b
be,2,h0250,0.44834533789980363,scr2016,avaConv,pvInd_b
be,2,h0251,0.6080497140570126,scr2016,avaConv,pvInd_b
be,2,h0252,0.7239853164356221,scr2016,avaConv,pvInd_b
be,2,h0253,0.6821150347825992,scr2016,avaConv,pvInd_b
be,2,h0254,0.5840963130238641,scr2016,avaConv,pvInd_b
be,2,h0255,0.4507235877661557,scr2016,avaConv,pvInd_b
be,2,h0256,0.3992871365174702,scr2016,avaConv,pvInd_b
be,2,h0257,0.33016816465850035,scr2016,avaConv,pvInd_b
be,2,h0258,0.24069063140951932,scr2016,avaConv,pvInd_b
be,2,h0259,0.13312379548454592,scr2016,avaConv,pvInd_b
be,2,h0260,0.05081131881229494,scr2016,avaConv,pvInd_b
be,2,h0261,0.009940287526982346,scr2016,avaConv,pvInd_b
be,2,h0262,0.00016994322154691938,scr2016,avaConv,pvInd_b
be,2,h0263,0.0,scr2016,avaConv,pvInd_b
be,2,h0264,0.0,scr2016,avaConv,pvInd_b
be,2,h0265,0.0,scr2016,avaConv,pvInd_b
be,2,h0266,0.0,scr2016,avaConv,pvInd_b
be,2,h0267,0.0,scr2016,avaConv,pvInd_b
be,2,h0268,0.0,scr2016,avaConv,pvInd_b
be,2,h0269,0.0,scr2016,avaConv,pvInd_b
be,2,h0270,0.0023825405593841695,scr2016,avaConv,pvInd_b
be,2,h0271,0.03644492868692757,scr2016,avaConv,pvInd_b
be,2,h0272,0.12822034568039017,scr2016,avaConv,pvInd_b
be,2,h0273,0.28148050531625013,scr2016,avaConv,pvInd_b
be,2,h0274,0.4453404166110257,scr2016,avaConv,pvInd_b
be,2,h0275,0.5682604629429694,scr2016,avaConv,pvInd_b
be,2,h0276,0.6250823642633193,scr2016,avaConv,pvInd_b
be,2,h0277,0.5514144081121642,scr2016,avaConv,pvInd_b
be,2,h0278,0.4479008995556933,scr2016,avaConv,pvInd_b
be,2,h0279,0.31753890630468684,scr2016,avaConv,pvInd_b
be,2,h0280,0.23302758879841773,scr2016,avaConv,pvInd_b
be,2,h0281,0.15373651693562446,scr2016,avaConv,pvInd_b
be,2,h0282,0.10000641114949779,scr2016,avaConv,pvInd_b
be,2,h0283,0.06086178976505461,scr2016,avaConv,pvInd_b
be,2,h0284,0.027806148731878182,scr2016,avaConv,pvInd_b
be,2,h0285,0.00598890494325916,scr2016,avaConv,pvInd_b
be,2,h0286,0.0003280511271311934,scr2016,avaConv,pvInd_b
be,2,h0287,0.0,scr2016,avaConv,pvInd_b
be,2,h0288,0.0,scr2016,avaConv,pvInd_b
bg,2,h0241,0.0,scr2016,avaConv,pvInd_b
bg,2,h0242,0.0,scr2016,avaConv,pvInd_b
bg,2,h0243,0.0,scr2016,avaConv,pvInd_b
bg,2,h0244,0.0,scr2016,avaConv,pvInd_b
bg,2,h0245,0.005986897017597664,scr2016,avaConv,pvInd_b
bg,2,h0246,0.04193914053652878,scr2016,avaConv,pvInd_b
bg,2,h0247,0.13497020312047503,scr2016,avaConv,pvInd_b
bg,2,h0248,0.27631230588604777,scr2016,avaConv,pvInd_b
bg,2,h0249,0.4240132343937591,scr2016,avaConv,pvInd_b
bg,2,h0250,0.5497448444295101,scr2016,avaConv,pvInd_b
bg,2,h0251,0.6343260143766518,scr2016,avaConv,pvInd_b
bg,2,h0252,0.6776448720915769,scr2016,avaConv,pvInd_b
bg,2,h0253,0.6152682670754762,scr2016,avaConv,pvInd_b
bg,2,h0254,0.5087353424151158,scr2016,avaConv,pvInd_b
bg,2,h0255,0.3782167595101016,scr2016,avaConv,pvInd_b
bg,2,h0256,0.28181068275474197,scr2016,avaConv,pvInd_b
bg,2,h0257,0.18066369378121933,scr2016,avaConv,pvInd_b
bg,2,h0258,0.0863223945548307,scr2016,avaConv,pvInd_b
bg,2,h0259,0.02561620807028973,scr2016,avaConv,pvInd_b
bg,2,h0260,0.0024523097423338803,scr2016,avaConv,pvInd_b
bg,2,h0261,0.0,scr2016,avaConv,pvInd_b
bg,2,h0262,0.0,scr2016,avaConv,pvInd_b
bg,2,h0263,0.0,scr2016,avaConv,pvInd_b
bg,2,h0264,0.0,scr2016,avaConv,pvInd_b
bg,2,h0265,0.0,scr2016,avaConv,pvInd_b
bg,2,h0266,0.0,scr2016,avaConv,pvInd_b
bg,2,h0267,0.0,scr2016,avaConv,pvInd_b
bg,2,h0268,0.0,scr2016,avaConv,pvInd_b
bg,2,h0269,0.00732767939955759,scr2016,avaConv,pvInd_b
bg,2,h0270,0.06136214669487333,scr2016,avaConv,pvInd_b
bg,2,h0271,0.152545262672861,scr2016,avaConv,pvInd_b
bg,2,h0272,0.28848534546113813,scr2016,avaConv,pvInd_b
bg,2,h0273,0.4075196153690857,scr2016,avaConv,pvInd_b
bg,2,h0274,0.5161383576636274,scr2016,avaConv,pvInd_b
bg,2,h0275,0.5813516219420044,scr2016,avaConv,pvInd_b
bg,2,h0276,0.5962844488500375,scr2016,avaConv,pvInd_b
bg,2,h0277,0.5929157265407067,scr2016,avaConv,pvInd_b
bg,2,h0278,0.5531734260712005,scr2016,avaConv,pvInd_b
bg,2,h0279,0.4925224878364251,scr2016,avaConv,pvInd_b
bg,2,h0280,0.38170442683438405,scr2016,avaConv,pvInd_b
bg,2,h0281,0.24677922721772635,scr2016,avaConv,pvInd_b
bg,2,h0282,0.11782023091463245,scr2016,avaConv,pvInd_b
bg,2,h0283,0.03495523263661661,scr2016,avaConv,pvInd_b
bg,2,h0284,0.0035861557210802772,scr2016,avaConv,pvInd_b
bg,2,h0285,0.0,scr2016,avaConv,pvInd_b
bg,2,h0286,0.0,scr2016,avaConv,pvInd_b
bg,2,h0287,0.0,scr2016,avaConv,pvInd_b
bg,2,h0288,0.0,scr2016,avaConv,pvInd_b
ch,2,h0241,0.0,scr2016,avaConv,pvInd_b
ch,2,h0242,0.0,scr2016,avaConv,pvInd_b
ch,2,h0243,0.0,scr2016,avaConv,pvInd_b
ch,2,h0244,0.0,scr2016,avaConv,pvInd_b
ch,2,h0245,0.0,scr2016,avaConv,pvInd_b
ch,2,h0246,0.0014449035654447537,scr2016,avaConv,pvInd_b
ch,2,h0247,0.004438407265724504,scr2016,avaConv,pvInd_b
ch,2,h0248,0.012170263109306542,scr2016,avaConv,pvInd_b
ch,2,h0249,0.026310641270391927,scr2016,avaConv,pvInd_b
ch,2,h0250,0.048818151295695146,scr2016,avaConv,pvInd_b
ch,2,h0251,0.07188401278920507,scr2016,avaConv,pvInd_b
ch,2,h0252,0.08782304763793208,scr2016,avaConv,pvInd_b
ch,2,h0253,0.2537598725278094,scr2016,avaConv,pvInd_b
ch,2,h0254,0.42153338066119045,scr2016,avaConv,pvInd_b
ch,2,h0255,0.5721994020615205,scr2016,avaConv,pvInd_b
ch,2,h0256,0.4861548336122213,scr2016,avaConv,pvInd_b
ch,2,h0257,0.3727584597566694,scr2016,avaConv,pvInd_b
ch,2,h0258,0.23641728609566787,scr2016,avaConv,pvInd_b
ch,2,h0259,0.11685787744409737,scr2016,avaConv,pvInd_b
ch,2,h0260,0.03601379563929079,scr2016,avaConv,pvInd_b
ch,2,h0261,0.004881711798883932,scr2016,avaConv,pvInd_b
ch,2,h0262,0.0,scr2016,avaConv,pvInd_b
ch,2,h0263,0.0,scr2016,avaConv,pvInd_b
ch,2,h0264,0.0,scr2016,avaConv,pvInd_b
ch,2,h0265,0.0,scr2016,avaConv,pvInd_b
ch,2,h0266,0.0,scr2016,avaConv,pvInd_b
ch,2,h0267,0.0,scr2016,avaConv,pvInd_b
ch,2,h0268,0.0,scr2016,avaConv,pvInd_b
ch,2,h0269,0.0,scr2016,avaConv,pvInd_b
ch,2,h0270,0.0007750165508155297,scr2016,avaConv,pvInd_b
ch,2,h0271,0.039912645364099796,scr2016,avaConv,pvInd_b
ch,2,h0272,0.14883004595619886,scr2016,avaConv,pvInd_b
ch,2,h0273,0.33253465278840083,scr2016,avaConv,pvInd_b
ch,2,h0274,0.5132760928344482,scr2016,avaConv,pvInd_b
ch,2,h0275,0.6470488548546984,scr2016,avaConv,pvInd_b
ch,2,h0276,0.705061335464475,scr2016,avaConv,pvInd_b
ch,2,h0277,0.523986211389389,scr2016,avaConv,pvInd_b
ch,2,h0278,0.3286419274664029,scr2016,avaConv,pvInd_b
ch,2,h0279,0.13797315871855959,scr2016,avaConv,pvInd_b
ch,2,h0280,0.1072486523478766,scr2016,avaConv,pvInd_b
ch,2,h0281,0.08235485086968607,scr2016,avaConv,pvInd_b
ch,2,h0282,0.06505969821754275,scr2016,avaConv,pvInd_b
ch,2,h0283,0.04859370558669211,scr2016,avaConv,pvInd_b
ch,2,h0284,0.021753788317687196,scr2016,avaConv,pvInd_b
ch,2,h0285,0.007252809345371537,scr2016,avaConv,pvInd_b
ch,2,h0286,0.0,scr2016,avaConv,pvInd_b
ch,2,h0287,0.0,scr2016,avaConv,pvInd_b
ch,2,h0288,0.0,scr2016,avaConv,pvInd_b
cz,2,h0241,0.0,scr2016,avaConv,pvInd_b
cz,2,h0242,0.0,scr2016,avaConv,pvInd_b
cz,2,h0243,0.0,scr2016,avaConv,pvInd_b
cz,2,h0244,0.0,scr2016,avaConv,pvInd_b
cz,2,h0245,0.0008591752655752268,scr2016,avaConv,pvInd_b
cz,2,h0246,0.01987516844280176,scr2016,avaConv,pvInd_b
cz,2,h0247,0.054927632248437865,scr2016,avaConv,pvInd_b
cz,2,h0248,0.11481237427025041,scr2016,avaConv,pvInd_b
cz,2,h0249,0.19497074788358457,scr2016,avaConv,pvInd_b
cz,2,h0250,0.2999183142331466,scr2016,avaConv,pvInd_b
cz,2,h0251,0.3917329677618154,scr2016,avaConv,pvInd_b
cz,2,h0252,0.4324634964483746,scr2016,avaConv,pvInd_b
cz,2,h0253,0.5159109805529902,scr2016,avaConv,pvInd_b
cz,2,h0254,0.5610141613652729,scr2016,avaConv,pvInd_b
cz,2,h0255,0.5788493384205047,scr2016,avaConv,pvInd_b
cz,2,h0256,0.47015815414706924,scr2016,avaConv,pvInd_b
cz,2,h0257,0.3396739655833189,scr2016,avaConv,pvInd_b
cz,2,h0258,0.1981857861842132,scr2016,avaConv,pvInd_b
cz,2,h0259,0.08359199365967059,scr2016,avaConv,pvInd_b
cz,2,h0260,0.020414000323029848,scr2016,avaConv,pvInd_b
cz,2,h0261,0.0018964632940479855,scr2016,avaConv,pvInd_b
cz,2,h0262,0.0,scr2016,avaConv,pvInd_b
cz,2,h0263,0.0,scr2016,avaConv,pvInd_b
cz,2,h0264,0.0,scr2016,avaConv,pvInd_b
cz,2,h0265,0.0,scr2016,avaConv,pvInd_b
cz,2,h0266,0.0,scr2016,avaConv,pvInd_b
cz,2,h0267,0.0,scr2016,avaConv,pvInd_b
cz,2,h0268,0.0,scr2016,avaConv,pvInd_b
cz,2,h0269,0.0021254673032216212,scr2016,avaConv,pvInd_b
cz,2,h0270,0.025938076711124795,scr2016,avaConv,pvInd_b
cz,2,h0271,0.07974665901322879,scr2016,avaConv,pvInd_b
cz,2,h0272,0.1567007001871354,scr2016,avaConv,pvInd_b
cz,2,h0273,0.2361871430271371,scr2016,avaConv,pvInd_b
cz,2,h0274,0.3111760990292912,scr2016,avaConv,pvInd_b
cz,2,h0275,0.3807417405198132,scr2016,avaConv,pvInd_b
cz,2,h0276,0.43251410972964943,scr2016,avaConv,pvInd_b
cz,2,h0277,0.4851574394172098,scr2016,avaConv,pvInd_b
cz,2,h0278,0.5086901321378345,scr2016,avaConv,pvInd_b
cz,2,h0279,0.48457161979888047,scr2016,avaConv,pvInd_b
cz,2,h0280,0.3905696767099469,scr2016,avaConv,pvInd_b
cz,2,h0281,0.27042115586315724,scr2016,avaConv,pvInd_b
cz,2,h0282,0.15837158170763124,scr2016,avaConv,pvInd_b
cz,2,h0283,0.07441272030971574,scr2016,avaConv,pvInd_b
cz,2,h0284,0.024364252204463165,scr2016,avaConv,pvInd_b
cz,2,h0285,0.004418625066396052,scr2016,avaConv,pvInd_b
cz,2,h0286,0.0,scr2016,avaConv,pvInd_b
cz,2,h0287,0.0,scr2016,avaConv,pvInd_b
cz,2,h0288,0.0,scr2016,avaConv,pvInd_b
de,2,h0241,0.0,scr2016,avaConv,pvInd_b
de,2,h0242,0.0,scr2016,avaConv,pvInd_b
de,2,h0243,0.0,scr2016,avaConv,pvInd_b
de,2,h0244,0.0,scr2016,avaConv,pvInd_b
de,2,h0245,0.0003375931837671567,scr2016,avaConv,pvInd_b
de,2,h0246,0.013126600396835034,scr2016,avaConv,pvInd_b
de,2,h0247,0.04909393030083524,scr2016,avaConv,pvInd_b
de,2,h0248,0.11903283675934422,scr2016,avaConv,pvInd_b
de,2,h0249,0.2046143188905221,scr2016,avaConv,pvInd_b
de,2,h0250,0.30053420357526983,scr2016,avaConv,pvInd_b
de,2,h0251,0.3917985045280397,scr2016,avaConv,pvInd_b
de,2,h0252,0.46137072624687503,scr2016,avaConv,pvInd_b
de,2,h0253,0.5104098204288914,scr2016,avaConv,pvInd_b
de,2,h0254,0.5135990766822762,scr2016,avaConv,pvInd_b
de,2,h0255,0.4762055126698237,scr2016,avaConv,pvInd_b
de,2,h0256,0.39418539244569206,scr2016,avaConv,pvInd_b
de,2,h0257,0.2984713961175996,scr2016,avaConv,pvInd_b
de,2,h0258,0.20033692665273378,scr2016,avaConv,pvInd_b
de,2,h0259,0.10604022069533586,scr2016,avaConv,pvInd_b
de,2,h0260,0.03808749652823061,scr2016,avaConv,pvInd_b
de,2,h0261,0.006217991484968647,scr2016,avaConv,pvInd_b
de,2,h0262,0.0,scr2016,avaConv,pvInd_b
de,2,h0263,0.0,scr2016,avaConv,pvInd_b
de,2,h0264,0.0,scr2016,avaConv,pvInd_b
de,2,h0265,0.0,scr2016,avaConv,pvInd_b
de,2,h0266,0.0,scr2016,avaConv,pvInd_b
de,2,h0267,0.0,scr2016,avaConv,pvInd_b
de,2,h0268,0.0,scr2016,avaConv,pvInd_b
de,2,h0269,0.0009635921770417914,scr2016,avaConv,pvInd_b
de,2,h0270,0.010916124343413212,scr2016,avaConv,pvInd_b
de,2,h0271,0.05193838288440829,scr2016,avaConv,pvInd_b
de,2,h0272,0.13150920698038945,scr2016,avaConv,pvInd_b
de,2,h0273,0.24286156629181857,scr2016,avaConv,pvInd_b
de,2,h0274,0.3500365828024794,scr2016,avaConv,pvInd_b
de,2,h0275,0.4322538040636196,scr2016,avaConv,pvInd_b
de,2,h0276,0.4745379918048298,scr2016,avaConv,pvInd_b
de,2,h0277,0.4440142153866248,scr2016,avaConv,pvInd_b
de,2,h0278,0.3908302629891132,scr2016,avaConv,pvInd_b
de,2,h0279,0.3167879389438662,scr2016,avaConv,pvInd_b
de,2,h0280,0.2607757863432007,scr2016,avaConv,pvInd_b
de,2,h0281,0.19222823366110384,scr2016,avaConv,pvInd_b
de,2,h0282,0.1241915436433197,scr2016,avaConv,pvInd_b
de,2,h0283,0.06767991560726073,scr2016,avaConv,pvInd_b
de,2,h0284,0.026214284901601628,scr2016,avaConv,pvInd_b
de,2,h0285,0.006594473534298243,scr2016,avaConv,pvInd_b
de,2,h0286,0.0,scr2016,avaConv,pvInd_b
de,2,h0287,0.0,scr2016,avaConv,pvInd_b
de,2,h0288,0.0,scr2016,avaConv,pvInd_b
dk_e,2,h0241,0.0,scr2016,avaConv,pvInd_b
dk_e,2,h0242,0.0,scr2016,avaConv,pvInd_b
dk_e,2,h0243,0.0,scr2016,avaConv,pvInd_b
dk_e,2,h0244,0.0,scr2016,avaConv,pvInd_b
dk_e,2,h0245,0.0004809997589494024,scr2016,avaConv,pvInd_b
dk_e,2,h0246,0.009731049482192987,scr2016,avaConv,pvInd_b
dk_e,2,h0247,0.067018945385892,scr2016,avaConv,pvInd_b
dk_e,2,h0248,0.19522842496022014,scr2016,avaConv,pvInd_b
dk_e,2,h0249,0.3774113571385087,scr2016,avaConv,pvInd_b
dk_e,2,h0250,0.549783389341887,scr2016,avaConv,pvInd_b
dk_e,2,h0251,0.68052143767596,scr2016,avaConv,pvInd_b
dk_e,2,h0252,0.757024746476221,scr2016,avaConv,pvInd_b
dk_e,2,h0253,0.7450282893906265,scr2016,avaConv,pvInd_b
dk_e,2,h0254,0.6720638476680626,scr2016,avaConv,pvInd_b
dk_e,2,h0255,0.565378941991976,scr2016,avaConv,pvInd_b
dk_e,2,h0256,0.458809075052939,scr2016,avaConv,pvInd_b
dk_e,2,h0257,0.33603771652153497,scr2016,avaConv,pvInd_b
dk_e,2,h0258,0.2022637063693184,scr2016,avaConv,pvInd_b
dk_e,2,h0259,0.08989737456718451,scr2016,avaConv,pvInd_b
dk_e,2,h0260,0.025545185898762868,scr2016,avaConv,pvInd_b
dk_e,2,h0261,0.0027404881384292604,scr2016,avaConv,pvInd_b
dk_e,2,h0262,0.0,scr2016,avaConv,pvInd_b
dk_e,2,h0263,0.0,scr2016,avaConv,pvInd_b
dk_e,2,h0264,0.0,scr2016,avaConv,pvInd_b
dk_e,2,h0265,0.0,scr2016,avaConv,pvInd_b
dk_e,2,h0266,0.0,scr2016,avaConv,pvInd_b
dk_e,2,h0267,0.0,scr2016,avaConv,pvInd_b
dk_e,2,h0268,0.0,scr2016,avaConv,pvInd_b
dk_e,2,h0269,0.0031863455742574725,scr2016,avaConv,pvInd_b
dk_e,2,h0270,0.019559196537843847,scr2016,avaConv,pvInd_b
dk_e,2,h0271,0.05100239457919488,scr2016,avaConv,pvInd_b
dk_e,2,h0272,0.09790635005226066,scr2016,avaConv,pvInd_b
dk_e,2,h0273,0.15168049604264583,scr2016,avaConv,pvInd_b
dk_e,2,h0274,0.20808713652647498,scr2016,avaConv,pvInd_b
dk_e,2,h0275,0.26458265899721695,scr2016,avaConv,pvInd_b
dk_e,2,h0276,0.30132976422807933,scr2016,avaConv,pvInd_b
dk_e,2,h0277,0.40464574930555175,scr2016,avaConv,pvInd_b
dk_e,2,h0278,0.49505593136430087,scr2016,avaConv,pvInd_b
dk_e,2,h0279,0.5580248971892865,scr2016,avaConv,pvInd_b
dk_e,2,h0280,0.48522086003434695,scr2016,avaConv,pvInd_b
dk_e,2,h0281,0.35509426219889134,scr2016,avaConv,pvInd_b
dk_e,2,h0282,0.21345062144782218,scr2016,avaConv,pvInd_b
dk_e,2,h0283,0.09776220407920196,scr2016,avaConv,pvInd_b
dk_e,2,h0284,0.031046062889234994,scr2016,avaConv,pvInd_b
dk_e,2,h0285,0.004917781786353381,scr2016,avaConv,pvInd_b
dk_e,2,h0286,0.00013488779296817166,scr2016,avaConv,pvInd_b
dk_e,2,h0287,0.0,scr2016,avaConv,pvInd_b
dk_e,2,h0288,0.0,scr2016,avaConv,pvInd_b
dk_w,2,h0241,0.0,scr2016,avaConv,pvInd_b
dk_w,2,h0242,0.0,scr2016,avaConv,pvInd_b
dk_w,2,h0243,0.0,scr2016,avaConv,pvInd_b
dk_w,2,h0244,0.0,scr2016,avaConv,pvInd_b
dk_w,2,h0245,0.00018312051760272367,scr2016,avaConv,pvInd_b
dk_w,2,h0246,0.005731169644196435,scr2016,avaConv,pvInd_b
dk_w,2,h0247,0.05241207107135589,scr2016,avaConv,pvInd_b
dk_w,2,h0248,0.16880306189680616,scr2016,avaConv,pvInd_b
dk_w,2,h0249,0.3428467226115583,scr2016,avaConv,pvInd_b
dk_w,2,h0250,0.5104770218492126,scr2016,avaConv,pvInd_b
dk_w,2,h0251,0.6422778160857201,scr2016,avaConv,pvInd_b
dk_w,2,h0252,0.7334466899008755,scr2016,avaConv,pvInd_b
dk_w,2,h0253,0.7433852605639499,scr2016,avaConv,pvInd_b
dk_w,2,h0254,0.6838404920621821,scr2016,avaConv,pvInd_b
dk_w,2,h0255,0.5954316466052714,scr2016,avaConv,pvInd_b
dk_w,2,h0256,0.5144946697534911,scr2016,avaConv,pvInd_b
dk_w,2,h0257,0.4118083429203478,scr2016,avaConv,pvInd_b
dk_w,2,h0258,0.25948748191206766,scr2016,avaConv,pvInd_b
dk_w,2,h0259,0.11837467229246995,scr2016,avaConv,pvInd_b
dk_w,2,h0260,0.031633890573863024,scr2016,avaConv,pvInd_b
dk_w,2,h0261,0.004953633219245648,scr2016,avaConv,pvInd_b
dk_w,2,h0262,0.0,scr2016,avaConv,pvInd_b
dk_w,2,h0263,0.0,scr2016,avaConv,pvInd_b
dk_w,2,h0264,0.0,scr2016,avaConv,pvInd_b
dk_w,2,h0265,0.0,scr2016,avaConv,pvInd_b
dk_w,2,h0266,0.0,scr2016,avaConv,pvInd_b
dk_w,2,h0267,0.0,scr2016,avaConv,pvInd_b
dk_w,2,h0268,0.0,scr2016,avaConv,pvInd_b
dk_w,2,h0269,0.0020117738921219992,scr2016,avaConv,pvInd_b
dk_w,2,h0270,0.011013639527702608,scr2016,avaConv,pvInd_b
dk_w,2,h0271,0.041435454368238527,scr2016,avaConv,pvInd_b
dk_w,2,h0272,0.0925809177633525,scr2016,avaConv,pvInd_b
dk_w,2,h0273,0.16670390280266792,scr2016,avaConv,pvInd_b
dk_w,2,h0274,0.25357804190099403,scr2016,avaConv,pvInd_b
dk_w,2,h0275,0.34464112774522376,scr2016,avaConv,pvInd_b
dk_w,2,h0276,0.423921347598794,scr2016,avaConv,pvInd_b
dk_w,2,h0277,0.45773532398576977,scr2016,avaConv,pvInd_b
dk_w,2,h0278,0.4640142403025786,scr2016,avaConv,pvInd_b
dk_w,2,h0279,0.41751065127211445,scr2016,avaConv,pvInd_b
dk_w,2,h0280,0.34083146057670827,scr2016,avaConv,pvInd_b
dk_w,2,h0281,0.2439912687860699,scr2016,avaConv,pvInd_b
dk_w,2,h0282,0.15534445181100245,scr2016,avaConv,pvInd_b
dk_w,2,h0283,0.08063054101145432,scr2016,avaConv,pvInd_b
dk_w,2,h0284,0.028698855916933042,scr2016,avaConv,pvInd_b
dk_w,2,h0285,0.004479190977140545,scr2016,avaConv,pvInd_b
dk_w,2,h0286,0.0004753453060952905,scr2016,avaConv,pvInd_b
dk_w,2,h0287,0.0,scr2016,avaConv,pvInd_b
dk_w,2,h0288,0.0,scr2016,avaConv,pvInd_b
ee,2,h0241,0.0,scr2016,avaConv,pvInd_b
ee,2,h0242,0.0,scr2016,avaConv,pvInd_b
ee,2,h0243,0.0,scr2016,avaConv,pvInd_b
ee,2,h0244,0.0008254504696055905,scr2016,avaConv,pvInd_b
ee,2,h0245,0.009004250994524452,scr2016,avaConv,pvInd_b
ee,2,h0246,0.06520003424244701,scr2016,avaConv,pvInd_b
ee,2,h0247,0.1827524223277203,scr2016,avaConv,pvInd_b
ee,2,h0248,0.35529983978752283,scr2016,avaConv,pvInd_b
ee,2,h0249,0.5152439776568932,scr2016,avaConv,pvInd_b
ee,2,h0250,0.6452387886835429,scr2016,avaConv,pvInd_b
ee,2,h0251,0.7280722843264567,scr2016,avaConv,pvInd_b
ee,2,h0252,0.7606876224420034,scr2016,avaConv,pvInd_b
ee,2,h0253,0.7067143425783975,scr2016,avaConv,pvInd_b
ee,2,h0254,0.620611476518776,scr2016,avaConv,pvInd_b
ee,2,h0255,0.5031026276349646,scr2016,avaConv,pvInd_b
ee,2,h0256,0.3956731884080637,scr2016,avaConv,pvInd_b
ee,2,h0257,0.25706997105598545,scr2016,avaConv,pvInd_b
ee,2,h0258,0.12878115928172723,scr2016,avaConv,pvInd_b
ee,2,h0259,0.04314279808165505,scr2016,avaConv,pvInd_b
ee,2,h0260,0.007621149184393083,scr2016,avaConv,pvInd_b
ee,2,h0261,0.0011338804317938846,scr2016,avaConv,pvInd_b
ee,2,h0262,0.0,scr2016,avaConv,pvInd_b
ee,2,h0263,0.0,scr2016,avaConv,pvInd_b
ee,2,h0264,0.0,scr2016,avaConv,pvInd_b
ee,2,h0265,0.0,scr2016,avaConv,pvInd_b
ee,2,h0266,0.0,scr2016,avaConv,pvInd_b
ee,2,h0267,0.0,scr2016,avaConv,pvInd_b
ee,2,h0268,0.002321084409862934,scr2016,avaConv,pvInd_b
ee,2,h0269,0.015674559038265777,scr2016,avaConv,pvInd_b
ee,2,h0270,0.07855206211608555,scr2016,avaConv,pvInd_b
ee,2,h0271,0.14363300809537927,scr2016,avaConv,pvInd_b
ee,2,h0272,0.2133691088091652,scr2016,avaConv,pvInd_b
ee,2,h0273,0.2584779884898334,scr2016,avaConv,pvInd_b
ee,2,h0274,0.3198126883035431,scr2016,avaConv,pvInd_b
ee,2,h0275,0.3820687542776855,scr2016,avaConv,pvInd_b
ee,2,h0276,0.44544084281662366,scr2016,avaConv,pvInd_b
ee,2,h0277,0.5429580479629269,scr2016,avaConv,pvInd_b
ee,2,h0278,0.6049332870669607,scr2016,avaConv,pvInd_b
ee,2,h0279,0.5903540731097854,scr2016,avaConv,pvInd_b
ee,2,h0280,0.4680851631538486,scr2016,avaConv,pvInd_b
ee,2,h0281,0.30446848798582604,scr2016,avaConv,pvInd_b
ee,2,h0282,0.1475531904903302,scr2016,avaConv,pvInd_b
ee,2,h0283,0.04816308426877549,scr2016,avaConv,pvInd_b
ee,2,h0284,0.007684355044144843,scr2016,avaConv,pvInd_b
ee,2,h0285,0.0014568659012801648,scr2016,avaConv,pvInd_b
ee,2,h0286,0.0,scr2016,avaConv,pvInd_b
ee,2,h0287,0.0,scr2016,avaConv,pvInd_b
ee,2,h0288,0.0,scr2016,avaConv,pvInd_b
es,2,h0241,0.0,scr2016,avaConv,pvInd_b
es,2,h0242,0.0,scr2016,avaConv,pvInd_b
es,2,h0243,0.0,scr2016,avaConv,pvInd_b
es,2,h0244,0.0,scr2016,avaConv,pvInd_b
es,2,h0245,0.0,scr2016,avaConv,pvInd_b
es,2,h0246,0.0,scr2016,avaConv,pvInd_b
es,2,h0247,0.0017711901471967712,scr2016,avaConv,pvInd_b
es,2,h0248,0.020119200077512184,scr2016,avaConv,pvInd_b
es,2,h0249,0.08123784484057638,scr2016,avaConv,pvInd_b
es,2,h0250,0.18963372368296205,scr2016,avaConv,pvInd_b
es,2,h0251,0.31466326066712347,scr2016,avaConv,pvInd_b
es,2,h0252,0.43058377665967446,scr2016,avaConv,pvInd_b
es,2,h0253,0.5756390591899391,scr2016,avaConv,pvInd_b
es,2,h0254,0.6587809728344374,scr2016,avaConv,pvInd_b
es,2,h0255,0.6657733162317299,scr2016,avaConv,pvInd_b
es,2,h0256,0.5568925261573529,scr2016,avaConv,pvInd_b
es,2,h0257,0.43367502590344276,scr2016,avaConv,pvInd_b
es,2,h0258,0.2915518906058132,scr2016,avaConv,pvInd_b
es,2,h0259,0.1460659567438407,scr2016,avaConv,pvInd_b
es,2,h0260,0.04410260613489841,scr2016,avaConv,pvInd_b
es,2,h0261,0.005596270858643941,scr2016,avaConv,pvInd_b
es,2,h0262,1.1647557760033591e-5,scr2016,avaConv,pvInd_b
es,2,h0263,0.0,scr2016,avaConv,pvInd_b
es,2,h0264,0.0,scr2016,avaConv,pvInd_b
es,2,h0265,0.0,scr2016,avaConv,pvInd_b
es,2,h0266,0.0,scr2016,avaConv,pvInd_b
es,2,h0267,0.0,scr2016,avaConv,pvInd_b
es,2,h0268,0.0,scr2016,avaConv,pvInd_b
es,2,h0269,0.0,scr2016,avaConv,pvInd_b
es,2,h0270,0.0,scr2016,avaConv,pvInd_b
es,2,h0271,0.002150805887533199,scr2016,avaConv,pvInd_b
es,2,h0272,0.028733132618536494,scr2016,avaConv,pvInd_b
es,2,h0273,0.11895278243846502,scr2016,avaConv,pvInd_b
es,2,h0274,0.28444813537589375,scr2016,avaConv,pvInd_b
es,2,h0275,0.46453150329422876,scr2016,avaConv,pvInd_b
es,2,h0276,0.6049355034778904,scr2016,avaConv,pvInd_b
es,2,h0277,0.6472172932924158,scr2016,avaConv,pvInd_b
es,2,h0278,0.6283235456554729,scr2016,avaConv,pvInd_b
es,2,h0279,0.5613485072739346,scr2016,avaConv,pvInd_b
es,2,h0280,0.49339310575122136,scr2016,avaConv,pvInd_b
es,2,h0281,0.3911312634606829,scr2016,avaConv,pvInd_b
es,2,h0282,0.26421546844106125,scr2016,avaConv,pvInd_b
es,2,h0283,0.13573461454942037,scr2016,avaConv,pvInd_b
es,2,h0284,0.043710393551148016,scr2016,avaConv,pvInd_b
es,2,h0285,0.007003738144674149,scr2016,avaConv,pvInd_b
es,2,h0286,0.0,scr2016,avaConv,pvInd_b
es,2,h0287,0.0,scr2016,avaConv,pvInd_b
es,2,h0288,0.0,scr2016,avaConv,pvInd_b
fi,2,h0241,0.0,scr2016,avaConv,pvInd_b
fi,2,h0242,0.0,scr2016,avaConv,pvInd_b
fi,2,h0243,0.00014043109783839453,scr2016,avaConv,pvInd_b
fi,2,h0244,0.0034329075775616606,scr2016,avaConv,pvInd_b
fi,2,h0245,0.017739745572675283,scr2016,avaConv,pvInd_b
fi,2,h0246,0.07977792508480971,scr2016,avaConv,pvInd_b
fi,2,h0247,0.18917340161986934,scr2016,avaConv,pvInd_b
fi,2,h0248,0.33351680252766325,scr2016,avaConv,pvInd_b
fi,2,h0249,0.4661551737340915,scr2016,avaConv,pvInd_b
fi,2,h0250,0.562552310775535,scr2016,avaConv,pvInd_b
fi,2,h0251,0.6076978682993912,scr2016,avaConv,pvInd_b
fi,2,h0252,0.6057070636275812,scr2016,avaConv,pvInd_b
fi,2,h0253,0.5015491078112264,scr2016,avaConv,pvInd_b
fi,2,h0254,0.39541232817576377,scr2016,avaConv,pvInd_b
fi,2,h0255,0.29235359071986067,scr2016,avaConv,pvInd_b
fi,2,h0256,0.2555639418114822,scr2016,avaConv,pvInd_b
fi,2,h0257,0.1939332066722975,scr2016,avaConv,pvInd_b
fi,2,h0258,0.11758890993549535,scr2016,avaConv,pvInd_b
fi,2,h0259,0.05336669335332665,scr2016,avaConv,pvInd_b
fi,2,h0260,0.01755213212850761,scr2016,avaConv,pvInd_b
fi,2,h0261,0.004126254625778068,scr2016,avaConv,pvInd_b
fi,2,h0262,0.0,scr2016,avaConv,pvInd_b
fi,2,h0263,0.0,scr2016,avaConv,pvInd_b
fi,2,h0264,0.0,scr2016,avaConv,pvInd_b
fi,2,h0265,0.0,scr2016,avaConv,pvInd_b
fi,2,h0266,0.0,scr2016,avaConv,pvInd_b
fi,2,h0267,0.000869385446858983,scr2016,avaConv,pvInd_b
fi,2,h0268,0.006441768485743302,scr2016,avaConv,pvInd_b
fi,2,h0269,0.02843146077595021,scr2016,avaConv,pvInd_b
fi,2,h0270,0.10107895642245265,scr2016,avaConv,pvInd_b
fi,2,h0271,0.16327407215544817,scr2016,avaConv,pvInd_b
fi,2,h0272,0.217557262594582,scr2016,avaConv,pvInd_b
fi,2,h0273,0.2237887338624458,scr2016,avaConv,pvInd_b
fi,2,h0274,0.2351837895606143,scr2016,avaConv,pvInd_b
fi,2,h0275,0.23949712019904057,scr2016,avaConv,pvInd_b
fi,2,h0276,0.23095544996079304,scr2016,avaConv,pvInd_b
fi,2,h0277,0.2574475775307629,scr2016,avaConv,pvInd_b
fi,2,h0278,0.27179248061231914,scr2016,avaConv,pvInd_b
fi,2,h0279,0.2790274533910336,scr2016,avaConv,pvInd_b
fi,2,h0280,0.2288175903805591,scr2016,avaConv,pvInd_b
fi,2,h0281,0.16683567626273207,scr2016,avaConv,pvInd_b
fi,2,h0282,0.10263436475381402,scr2016,avaConv,pvInd_b
fi,2,h0283,0.05334597213304498,scr2016,avaConv,pvInd_b
fi,2,h0284,0.021078495181250552,scr2016,avaConv,pvInd_b
fi,2,h0285,0.006682360352656113,scr2016,avaConv,pvInd_b
fi,2,h0286,0.0007057914336563101,scr2016,avaConv,pvInd_b
fi,2,h0287,0.0,scr2016,avaConv,pvInd_b
fi,2,h0288,0.0,scr2016,avaConv,pvInd_b
fr,2,h0241,0.0,scr2016,avaConv,pvInd_b
fr,2,h0242,0.0,scr2016,avaConv,pvInd_b
fr,2,h0243,0.0,scr2016,avaConv,pvInd_b
fr,2,h0244,0.0,scr2016,avaConv,pvInd_b
fr,2,h0245,0.0,scr2016,avaConv,pvInd_b
fr,2,h0246,0.0002090359967258457,scr2016,avaConv,pvInd_b
fr,2,h0247,0.005265361514041383,scr2016,avaConv,pvInd_b
fr,2,h0248,0.024997777199835675,scr2016,avaConv,pvInd_b
fr,2,h0249,0.0690554924544896,scr2016,avaConv,pvInd_b
fr,2,h0250,0.13193582704935802,scr2016,avaConv,pvInd_b
fr,2,h0251,0.20114927704891633,scr2016,avaConv,pvInd_b
fr,2,h0252,0.26095685966954135,scr2016,avaConv,pvInd_b
fr,2,h0253,0.3891699319558456,scr2016,avaConv,pvInd_b
fr,2,h0254,0.48476960990736223,scr2016,avaConv,pvInd_b
fr,2,h0255,0.5359825409698572,scr2016,avaConv,pvInd_b
fr,2,h0256,0.44414035339862257,scr2016,avaConv,pvInd_b
fr,2,h0257,0.33162839065763083,scr2016,avaConv,pvInd_b
fr,2,h0258,0.2092364422778252,scr2016,avaConv,pvInd_b
fr,2,h0259,0.0982380757645875,scr2016,avaConv,pvInd_b
fr,2,h0260,0.02866056631763438,scr2016,avaConv,pvInd_b
fr,2,h0261,0.003824790856550369,scr2016,avaConv,pvInd_b
fr,2,h0262,0.0,scr2016,avaConv,pvInd_b
fr,2,h0263,0.0,scr2016,avaConv,pvInd_b
fr,2,h0264,0.0,scr2016,avaConv,pvInd_b
fr,2,h0265,0.0,scr2016,avaConv,pvInd_b
fr,2,h0266,0.0,scr2016,avaConv,pvInd_b
fr,2,h0267,0.0,scr2016,avaConv,pvInd_b
fr,2,h0268,0.0,scr2016,avaConv,pvInd_b
fr,2,h0269,0.0,scr2016,avaConv,pvInd_b
fr,2,h0270,0.0006112549113969821,scr2016,avaConv,pvInd_b
fr,2,h0271,0.013867951084569665,scr2016,avaConv,pvInd_b
fr,2,h0272,0.06612419379923214,scr2016,avaConv,pvInd_b
fr,2,h0273,0.17824130331552357,scr2016,avaConv,pvInd_b
fr,2,h0274,0.32305785049187963,scr2016,avaConv,pvInd_b
fr,2,h0275,0.4583295406435034,scr2016,avaConv,pvInd_b
fr,2,h0276,0.5578257360197597,scr2016,avaConv,pvInd_b
fr,2,h0277,0.5223348826718215,scr2016,avaConv,pvInd_b
fr,2,h0278,0.45414077313604745,scr2016,avaConv,pvInd_b
fr,2,h0279,0.3546644589698895,scr2016,avaConv,pvInd_b
fr,2,h0280,0.31558243749572557,scr2016,avaConv,pvInd_b
fr,2,h0281,0.25141783141087665,scr2016,avaConv,pvInd_b
fr,2,h0282,0.17068247976971726,scr2016,avaConv,pvInd_b
fr,2,h0283,0.0822914669926366,scr2016,avaConv,pvInd_b
fr,2,h0284,0.024384677415896637,scr2016,avaConv,pvInd_b
fr,2,h0285,0.002511895657220769,scr2016,avaConv,pvInd_b
fr,2,h0286,0.0,scr2016,avaConv,pvInd_b
fr,2,h0287,0.0,scr2016,avaConv,pvInd_b
fr,2,h0288,0.0,scr2016,avaConv,pvInd_b
fr_co,2,h0241,0.0,scr2016,avaConv,pvInd_b
fr_co,2,h0242,0.0,scr2016,avaConv,pvInd_b
fr_co,2,h0243,0.0,scr2016,avaConv,pvInd_b
fr_co,2,h0244,0.0,scr2016,avaConv,pvInd_b
fr_co,2,h0245,0.0,scr2016,avaConv,pvInd_b
fr_co,2,h0246,0.0037689428455245583,scr2016,avaConv,pvInd_b
fr_co,2,h0247,0.029298826412220633,scr2016,avaConv,pvInd_b
fr_co,2,h0248,0.09076162213023166,scr2016,avaConv,pvInd_b
fr_co,2,h0249,0.19386957669262675,scr2016,avaConv,pvInd_b
fr_co,2,h0250,0.308386204448818,scr2016,avaConv,pvInd_b
fr_co,2,h0251,0.4177386258755412,scr2016,avaConv,pvInd_b
fr_co,2,h0252,0.49318340513083825,scr2016,avaConv,pvInd_b
fr_co,2,h0253,0.5366457631965446,scr2016,avaConv,pvInd_b
fr_co,2,h0254,0.534751665242305,scr2016,avaConv,pvInd_b
fr_co,2,h0255,0.4947310146877687,scr2016,avaConv,pvInd_b
fr_co,2,h0256,0.41750547840885,scr2016,avaConv,pvInd_b
fr_co,2,h0257,0.3093965783249604,scr2016,avaConv,pvInd_b
fr_co,2,h0258,0.18673815798920945,scr2016,avaConv,pvInd_b
fr_co,2,h0259,0.07953333577334713,scr2016,avaConv,pvInd_b
fr_co,2,h0260,0.020322066648824025,scr2016,avaConv,pvInd_b
fr_co,2,h0261,0.0015183632422068178,scr2016,avaConv,pvInd_b
fr_co,2,h0262,0.0,scr2016,avaConv,pvInd_b
fr_co,2,h0263,0.0,scr2016,avaConv,pvInd_b
fr_co,2,h0264,0.0,scr2016,avaConv,pvInd_b
fr_co,2,h0265,0.0,scr2016,avaConv,pvInd_b
fr_co,2,h0266,0.0,scr2016,avaConv,pvInd_b
fr_co,2,h0267,0.0,scr2016,avaConv,pvInd_b
fr_co,2,h0268,0.0,scr2016,avaConv,pvInd_b
fr_co,2,h0269,0.0,scr2016,avaConv,pvInd_b
fr_co,2,h0270,0.005618104922821853,scr2016,avaConv,pvInd_b
fr_co,2,h0271,0.04155692074204539,scr2016,avaConv,pvInd_b
fr_co,2,h0272,0.13105644629276678,scr2016,avaConv,pvInd_b
fr_co,2,h0273,0.266307315514583,scr2016,avaConv,pvInd_b
fr_co,2,h0274,0.4091105380367486,scr2016,avaConv,pvInd_b
fr_co,2,h0275,0.5246264970345348,scr2016,avaConv,pvInd_b
fr_co,2,h0276,0.6016631106490057,scr2016,avaConv,pvInd_b
fr_co,2,h0277,0.5608419965519168,scr2016,avaConv,pvInd_b
fr_co,2,h0278,0.49888019315860666,scr2016,avaConv,pvInd_b
fr_co,2,h0279,0.43078790881165846,scr2016,avaConv,pvInd_b
fr_co,2,h0280,0.40689195843691683,scr2016,avaConv,pvInd_b
fr_co,2,h0281,0.33745680803971206,scr2016,avaConv,pvInd_b
fr_co,2,h0282,0.21348452514262334,scr2016,avaConv,pvInd_b
fr_co,2,h0283,0.09790447306397976,scr2016,avaConv,pvInd_b
fr_co,2,h0284,0.025503378665007778,scr2016,avaConv,pvInd_b
fr_co,2,h0285,0.002715943079259133,scr2016,avaConv,pvInd_b
fr_co,2,h0286,0.0,scr2016,avaConv,pvInd_b
fr_co,2,h0287,0.0,scr2016,avaConv,pvInd_b
fr_co,2,h0288,0.0,scr2016,avaConv,pvInd_b
gr,2,h0241,0.0,scr2016,avaConv,pvInd_b
gr,2,h0242,0.0,scr2016,avaConv,pvInd_b
gr,2,h0243,0.0,scr2016,avaConv,pvInd_b
gr,2,h0244,0.0,scr2016,avaConv,pvInd_b
gr,2,h0245,0.001462771604674309,scr2016,avaConv,pvInd_b
gr,2,h0246,0.03271708429486439,scr2016,avaConv,pvInd_b
gr,2,h0247,0.11474332837376462,scr2016,avaConv,pvInd_b
gr,2,h0248,0.2562509588672746,scr2016,avaConv,pvInd_b
gr,2,h0249,0.40966777941074034,scr2016,avaConv,pvInd_b
gr,2,h0250,0.55022555328388,scr2016,avaConv,pvInd_b
gr,2,h0251,0.6522044726431712,scr2016,avaConv,pvInd_b
gr,2,h0252,0.7068450975754353,scr2016,avaConv,pvInd_b
gr,2,h0253,0.6928580233265363,scr2016,avaConv,pvInd_b
gr,2,h0254,0.621172108856874,scr2016,avaConv,pvInd_b
gr,2,h0255,0.5042635493920951,scr2016,avaConv,pvInd_b
gr,2,h0256,0.3709349190422992,scr2016,avaConv,pvInd_b
gr,2,h0257,0.2269583454898787,scr2016,avaConv,pvInd_b
gr,2,h0258,0.09995630408129354,scr2016,avaConv,pvInd_b
gr,2,h0259,0.02561735640534542,scr2016,avaConv,pvInd_b
gr,2,h0260,0.0008204078858763669,scr2016,avaConv,pvInd_b
gr,2,h0261,0.0,scr2016,avaConv,pvInd_b
gr,2,h0262,0.0,scr2016,avaConv,pvInd_b
gr,2,h0263,0.0,scr2016,avaConv,pvInd_b
gr,2,h0264,0.0,scr2016,avaConv,pvInd_b
gr,2,h0265,0.0,scr2016,avaConv,pvInd_b
gr,2,h0266,0.0,scr2016,avaConv,pvInd_b
gr,2,h0267,0.0,scr2016,avaConv,pvInd_b
gr,2,h0268,0.0,scr2016,avaConv,pvInd_b
gr,2,h0269,0.002787003337479913,scr2016,avaConv,pvInd_b
gr,2,h0270,0.039286077483772656,scr2016,avaConv,pvInd_b
gr,2,h0271,0.1380764693230509,scr2016,avaConv,pvInd_b
gr,2,h0272,0.29924443535745804,scr2016,avaConv,pvInd_b
gr,2,h0273,0.4623991813354212,scr2016,avaConv,pvInd_b
gr,2,h0274,0.5832763195813292,scr2016,avaConv,pvInd_b
gr,2,h0275,0.6469694375870157,scr2016,avaConv,pvInd_b
gr,2,h0276,0.6661292237055831,scr2016,avaConv,pvInd_b
gr,2,h0277,0.6561240153657892,scr2016,avaConv,pvInd_b
gr,2,h0278,0.6131602375946852,scr2016,avaConv,pvInd_b
gr,2,h0279,0.5314031528013001,scr2016,avaConv,pvInd_b
gr,2,h0280,0.4053629766579085,scr2016,avaConv,pvInd_b
gr,2,h0281,0.2535325082792855,scr2016,avaConv,pvInd_b
gr,2,h0282,0.11412899708137152,scr2016,avaConv,pvInd_b
gr,2,h0283,0.030774560938531658,scr2016,avaConv,pvInd_b
gr,2,h0284,0.002050308163528345,scr2016,avaConv,pvInd_b
gr,2,h0285,0.0,scr2016,avaConv,pvInd_b
gr,2,h0286,0.0,scr2016,avaConv,pvInd_b
gr,2,h0287,0.0,scr2016,avaConv,pvInd_b
gr,2,h0288,0.0,scr2016,avaConv,pvInd_b
hr,2,h0241,0.0,scr2016,avaConv,pvInd_b
hr,2,h0242,0.0,scr2016,avaConv,pvInd_b
hr,2,h0243,0.0,scr2016,avaConv,pvInd_b
hr,2,h0244,0.0,scr2016,avaConv,pvInd_b
hr,2,h0245,0.00017529215700934605,scr2016,avaConv,pvInd_b
hr,2,h0246,0.004350589230677733,scr2016,avaConv,pvInd_b
hr,2,h0247,0.04772246778956487,scr2016,avaConv,pvInd_b
hr,2,h0248,0.14006256537284095,scr2016,avaConv,pvInd_b
hr,2,h0249,0.27248894219948905,scr2016,avaConv,pvInd_b
hr,2,h0250,0.38289402047572507,scr2016,avaConv,pvInd_b
hr,2,h0251,0.4694013613149441,scr2016,avaConv,pvInd_b
hr,2,h0252,0.5250715759158977,scr2016,avaConv,pvInd_b
hr,2,h0253,0.5442431947080003,scr2016,avaConv,pvInd_b
hr,2,h0254,0.5151398074543411,scr2016,avaConv,pvInd_b
hr,2,h0255,0.44549570842790986,scr2016,avaConv,pvInd_b
hr,2,h0256,0.34805565071715155,scr2016,avaConv,pvInd_b
hr,2,h0257,0.23861523664565054,scr2016,avaConv,pvInd_b
hr,2,h0258,0.1261615587489596,scr2016,avaConv,pvInd_b
hr,2,h0259,0.043394048690399936,scr2016,avaConv,pvInd_b
hr,2,h0260,0.006261549494966055,scr2016,avaConv,pvInd_b
hr,2,h0261,0.0,scr2016,avaConv,pvInd_b
hr,2,h0262,0.0,scr2016,avaConv,pvInd_b
hr,2,h0263,0.0,scr2016,avaConv,pvInd_b
hr,2,h0264,0.0,scr2016,avaConv,pvInd_b
hr,2,h0265,0.0,scr2016,avaConv,pvInd_b
hr,2,h0266,0.0,scr2016,avaConv,pvInd_b
hr,2,h0267,0.0,scr2016,avaConv,pvInd_b
hr,2,h0268,0.0,scr2016,avaConv,pvInd_b
hr,2,h0269,0.0003886261461825015,scr2016,avaConv,pvInd_b
hr,2,h0270,0.015202650771811994,scr2016,avaConv,pvInd_b
hr,2,h0271,0.07680385494876553,scr2016,avaConv,pvInd_b
hr,2,h0272,0.20601396338182992,scr2016,avaConv,pvInd_b
hr,2,h0273,0.37629847242300796,scr2016,avaConv,pvInd_b
hr,2,h0274,0.5231591051256991,scr2016,avaConv,pvInd_b
hr,2,h0275,0.6121169600729461,scr2016,avaConv,pvInd_b
hr,2,h0276,0.640435040935615,scr2016,avaConv,pvInd_b
hr,2,h0277,0.649293519646849,scr2016,avaConv,pvInd_b
hr,2,h0278,0.6137992503605171,scr2016,avaConv,pvInd_b
hr,2,h0279,0.5344504516620058,scr2016,avaConv,pvInd_b
hr,2,h0280,0.40071412369730736,scr2016,avaConv,pvInd_b
hr,2,h0281,0.2597421948883408,scr2016,avaConv,pvInd_b
hr,2,h0282,0.1332669857942055,scr2016,avaConv,pvInd_b
hr,2,h0283,0.046447108452765416,scr2016,avaConv,pvInd_b
hr,2,h0284,0.008768776543171663,scr2016,avaConv,pvInd_b
hr,2,h0285,0.0001874881674890224,scr2016,avaConv,pvInd_b
hr,2,h0286,0.0,scr2016,avaConv,pvInd_b
hr,2,h0287,0.0,scr2016,avaConv,pvInd_b
hr,2,h0288,0.0,scr2016,avaConv,pvInd_b
hu,2,h0241,0.0,scr2016,avaConv,pvInd_b
hu,2,h0242,0.0,scr2016,avaConv,pvInd_b
hu,2,h0243,0.0,scr2016,avaConv,pvInd_b
hu,2,h0244,0.0,scr2016,avaConv,pvInd_b
hu,2,h0245,0.0016214098816198683,scr2016,avaConv,pvInd_b
hu,2,h0246,0.02281912088926861,scr2016,avaConv,pvInd_b
hu,2,h0247,0.10668810089308162,scr2016,avaConv,pvInd_b
hu,2,h0248,0.261758203149524,scr2016,avaConv,pvInd_b
hu,2,h0249,0.4392493269022508,scr2016,avaConv,pvInd_b
hu,2,h0250,0.5745901157196976,scr2016,avaConv,pvInd_b
hu,2,h0251,0.6501856794021963,scr2016,avaConv,pvInd_b
hu,2,h0252,0.6625277238245021,scr2016,avaConv,pvInd_b
hu,2,h0253,0.6435507031511063,scr2016,avaConv,pvInd_b
hu,2,h0254,0.5909122777062787,scr2016,avaConv,pvInd_b
hu,2,h0255,0.5322626916969396,scr2016,avaConv,pvInd_b
hu,2,h0256,0.43148731183548567,scr2016,avaConv,pvInd_b
hu,2,h0257,0.29595851828626124,scr2016,avaConv,pvInd_b
hu,2,h0258,0.14826173382084648,scr2016,avaConv,pvInd_b
hu,2,h0259,0.046079155587325824,scr2016,avaConv,pvInd_b
hu,2,h0260,0.005565884718696458,scr2016,avaConv,pvInd_b
hu,2,h0261,0.0,scr2016,avaConv,pvInd_b
hu,2,h0262,0.0,scr2016,avaConv,pvInd_b
hu,2,h0263,0.0,scr2016,avaConv,pvInd_b
hu,2,h0264,0.0,scr2016,avaConv,pvInd_b
hu,2,h0265,0.0,scr2016,avaConv,pvInd_b
hu,2,h0266,0.0,scr2016,avaConv,pvInd_b
hu,2,h0267,0.0,scr2016,avaConv,pvInd_b
hu,2,h0268,0.0,scr2016,avaConv,pvInd_b
hu,2,h0269,0.0020256259935907944,scr2016,avaConv,pvInd_b
hu,2,h0270,0.030198849482944375,scr2016,avaConv,pvInd_b
hu,2,h0271,0.12052462739292512,scr2016,avaConv,pvInd_b
hu,2,h0272,0.2838991494230444,scr2016,avaConv,pvInd_b
hu,2,h0273,0.47272401961831617,scr2016,avaConv,pvInd_b
hu,2,h0274,0.6188240791433172,scr2016,avaConv,pvInd_b
hu,2,h0275,0.676093718202285,scr2016,avaConv,pvInd_b
hu,2,h0276,0.6643114436448458,scr2016,avaConv,pvInd_b
hu,2,h0277,0.6421060792980885,scr2016,avaConv,pvInd_b
hu,2,h0278,0.6139557835572109,scr2016,avaConv,pvInd_b
hu,2,h0279,0.5553730292992164,scr2016,avaConv,pvInd_b
hu,2,h0280,0.4322459814634312,scr2016,avaConv,pvInd_b
hu,2,h0281,0.27990481944228435,scr2016,avaConv,pvInd_b
hu,2,h0282,0.14044779987093708,scr2016,avaConv,pvInd_b
hu,2,h0283,0.04704998124383977,scr2016,avaConv,pvInd_b
hu,2,h0284,0.008748298142935746,scr2016,avaConv,pvInd_b
hu,2,h0285,0.00010358507249780957,scr2016,avaConv,pvInd_b
hu,2,h0286,0.0,scr2016,avaConv,pvInd_b
hu,2,h0287,0.0,scr2016,avaConv,pvInd_b
hu,2,h0288,0.0,scr2016,avaConv,pvInd_b
ie,2,h0241,0.0,scr2016,avaConv,pvInd_b
ie,2,h0242,0.0,scr2016,avaConv,pvInd_b
ie,2,h0243,0.0,scr2016,avaConv,pvInd_b
ie,2,h0244,0.0,scr2016,avaConv,pvInd_b
ie,2,h0245,0.0,scr2016,avaConv,pvInd_b
ie,2,h0246,0.0,scr2016,avaConv,pvInd_b
ie,2,h0247,0.0023702426773987676,scr2016,avaConv,pvInd_b
ie,2,h0248,0.03489021870984648,scr2016,avaConv,pvInd_b
ie,2,h0249,0.13482872582578773,scr2016,avaConv,pvInd_b
ie,2,h0250,0.30716971170287,scr2016,avaConv,pvInd_b
ie,2,h0251,0.4954128111165351,scr2016,avaConv,pvInd_b
ie,2,h0252,0.6483442372526573,scr2016,avaConv,pvInd_b
ie,2,h0253,0.6402897164322763,scr2016,avaConv,pvInd_b
ie,2,h0254,0.5731286522528448,scr2016,avaConv,pvInd_b
ie,2,h0255,0.456670435007683,scr2016,avaConv,pvInd_b
ie,2,h0256,0.4014059377811372,scr2016,avaConv,pvInd_b
ie,2,h0257,0.32283029158148174,scr2016,avaConv,pvInd_b
ie,2,h0258,0.2313125010523638,scr2016,avaConv,pvInd_b
ie,2,h0259,0.15672589451897595,scr2016,avaConv,pvInd_b
ie,2,h0260,0.08291162395914359,scr2016,avaConv,pvInd_b
ie,2,h0261,0.03478871763935385,scr2016,avaConv,pvInd_b
ie,2,h0262,0.0049759786417824204,scr2016,avaConv,pvInd_b
ie,2,h0263,0.0,scr2016,avaConv,pvInd_b
ie,2,h0264,0.0,scr2016,avaConv,pvInd_b
ie,2,h0265,0.0,scr2016,avaConv,pvInd_b
ie,2,h0266,0.0,scr2016,avaConv,pvInd_b
ie,2,h0267,0.0,scr2016,avaConv,pvInd_b
ie,2,h0268,0.0,scr2016,avaConv,pvInd_b
ie,2,h0269,0.0,scr2016,avaConv,pvInd_b
ie,2,h0270,8.897096638798173e-5,scr2016,avaConv,pvInd_b
ie,2,h0271,0.006885497239505955,scr2016,avaConv,pvInd_b
ie,2,h0272,0.03255369092286438,scr2016,avaConv,pvInd_b
ie,2,h0273,0.08458291835516607,scr2016,avaConv,pvInd_b
ie,2,h0274,0.13910820877665636,scr2016,avaConv,pvInd_b
ie,2,h0275,0.16945010533608182,scr2016,avaConv,pvInd_b
ie,2,h0276,0.17204814545086897,scr2016,avaConv,pvInd_b
ie,2,h0277,0.31983485510924364,scr2016,avaConv,pvInd_b
ie,2,h0278,0.4676792361388987,scr2016,avaConv,pvInd_b
ie,2,h0279,0.6075557596392207,scr2016,avaConv,pvInd_b
ie,2,h0280,0.5344862823254832,scr2016,avaConv,pvInd_b
ie,2,h0281,0.44042528222846905,scr2016,avaConv,pvInd_b
ie,2,h0282,0.32659690584502843,scr2016,avaConv,pvInd_b
ie,2,h0283,0.2164020143344342,scr2016,avaConv,pvInd_b
ie,2,h0284,0.10764950514641608,scr2016,avaConv,pvInd_b
ie,2,h0285,0.038930119077134236,scr2016,avaConv,pvInd_b
ie,2,h0286,0.003957352850858096,scr2016,avaConv,pvInd_b
ie,2,h0287,0.0001529481445246242,scr2016,avaConv,pvInd_b
ie,2,h0288,0.0,scr2016,avaConv,pvInd_b
it_s,2,h0241,0.0,scr2016,avaConv,pvInd_b
it_s,2,h0242,0.0,scr2016,avaConv,pvInd_b
it_s,2,h0243,0.0,scr2016,avaConv,pvInd_b
it_s,2,h0244,0.0,scr2016,avaConv,pvInd_b
it_s,2,h0245,0.0,scr2016,avaConv,pvInd_b
it_s,2,h0246,0.014078926575572947,scr2016,avaConv,pvInd_b
it_s,2,h0247,0.07936713168836952,scr2016,avaConv,pvInd_b
it_s,2,h0248,0.21505835810437052,scr2016,avaConv,pvInd_b
it_s,2,h0249,0.38881343868152873,scr2016,avaConv,pvInd_b
it_s,2,h0250,0.543918462163057,scr2016,avaConv,pvInd_b
it_s,2,h0251,0.6432338183483067,scr2016,avaConv,pvInd_b
it_s,2,h0252,0.682159823667812,scr2016,avaConv,pvInd_b
it_s,2,h0253,0.6299813757868522,scr2016,avaConv,pvInd_b
it_s,2,h0254,0.5463528898978307,scr2016,avaConv,pvInd_b
it_s,2,h0255,0.43623497230693303,scr2016,avaConv,pvInd_b
it_s,2,h0256,0.33747209404336637,scr2016,avaConv,pvInd_b
it_s,2,h0257,0.22451489081563644,scr2016,avaConv,pvInd_b
it_s,2,h0258,0.11663904274628549,scr2016,avaConv,pvInd_b
it_s,2,h0259,0.04190260765712307,scr2016,avaConv,pvInd_b
it_s,2,h0260,0.007051645514163816,scr2016,avaConv,pvInd_b
it_s,2,h0261,0.0,scr2016,avaConv,pvInd_b
it_s,2,h0262,0.0,scr2016,avaConv,pvInd_b
it_s,2,h0263,0.0,scr2016,avaConv,pvInd_b
it_s,2,h0264,0.0,scr2016,avaConv,pvInd_b
it_s,2,h0265,0.0,scr2016,avaConv,pvInd_b
it_s,2,h0266,0.0,scr2016,avaConv,pvInd_b
it_s,2,h0267,0.0,scr2016,avaConv,pvInd_b
it_s,2,h0268,0.0,scr2016,avaConv,pvInd_b
it_s,2,h0269,7.42433670914959e-5,scr2016,avaConv,pvInd_b
it_s,2,h0270,0.017072315434475474,scr2016,avaConv,pvInd_b
it_s,2,h0271,0.08896807798160458,scr2016,avaConv,pvInd_b
it_s,2,h0272,0.23374979967598308,scr2016,avaConv,pvInd_b
it_s,2,h0273,0.41547345271471453,scr2016,avaConv,pvInd_b
it_s,2,h0274,0.5774735692316996,scr2016,avaConv,pvInd_b
it_s,2,h0275,0.6915999134922023,scr2016,avaConv,pvInd_b
it_s,2,h0276,0.7550316952467208,scr2016,avaConv,pvInd_b
it_s,2,h0277,0.7356934089784236,scr2016,avaConv,pvInd_b
it_s,2,h0278,0.6711236838862793,scr2016,avaConv,pvInd_b
it_s,2,h0279,0.5627872088375051,scr2016,avaConv,pvInd_b
it_s,2,h0280,0.4464682721603586,scr2016,avaConv,pvInd_b
it_s,2,h0281,0.30263141591872467,scr2016,avaConv,pvInd_b
it_s,2,h0282,0.1570840097762324,scr2016,avaConv,pvInd_b
it_s,2,h0283,0.05448809693403259,scr2016,avaConv,pvInd_b
it_s,2,h0284,0.008481682539493765,scr2016,avaConv,pvInd_b
it_s,2,h0285,0.0,scr2016,avaConv,pvInd_b
it_s,2,h0286,0.0,scr2016,avaConv,pvInd_b
it_s,2,h0287,0.0,scr2016,avaConv,pvInd_b
it_s,2,h0288,0.0,scr2016,avaConv,pvInd_b
it_cn,2,h0241,0.0,scr2016,avaConv,pvInd_b
it_cn,2,h0242,0.0,scr2016,avaConv,pvInd_b
it_cn,2,h0243,0.0,scr2016,avaConv,pvInd_b
it_cn,2,h0244,0.0,scr2016,avaConv,pvInd_b
it_cn,2,h0245,0.0,scr2016,avaConv,pvInd_b
it_cn,2,h0246,0.006353052536453245,scr2016,avaConv,pvInd_b
it_cn,2,h0247,0.04392800360647853,scr2016,avaConv,pvInd_b
it_cn,2,h0248,0.13152172378358062,scr2016,avaConv,pvInd_b
it_cn,2,h0249,0.26481657585280605,scr2016,avaConv,pvInd_b
it_cn,2,h0250,0.4116428091368859,scr2016,avaConv,pvInd_b
it_cn,2,h0251,0.5284118565713077,scr2016,avaConv,pvInd_b
it_cn,2,h0252,0.5911687494639345,scr2016,avaConv,pvInd_b
it_cn,2,h0253,0.6157869139676277,scr2016,avaConv,pvInd_b
it_cn,2,h0254,0.579257969824528,scr2016,avaConv,pvInd_b
it_cn,2,h0255,0.5038148074580238,scr2016,avaConv,pvInd_b
it_cn,2,h0256,0.38159206978933113,scr2016,avaConv,pvInd_b
it_cn,2,h0257,0.27409660086629295,scr2016,avaConv,pvInd_b
it_cn,2,h0258,0.16512214581323748,scr2016,avaConv,pvInd_b
it_cn,2,h0259,0.07407865475574156,scr2016,avaConv,pvInd_b
it_cn,2,h0260,0.017862239157046347,scr2016,avaConv,pvInd_b
it_cn,2,h0261,0.0011139184048623168,scr2016,avaConv,pvInd_b
it_cn,2,h0262,0.0,scr2016,avaConv,pvInd_b
it_cn,2,h0263,0.0,scr2016,avaConv,pvInd_b
it_cn,2,h0264,0.0,scr2016,avaConv,pvInd_b
it_cn,2,h0265,0.0,scr2016,avaConv,pvInd_b
it_cn,2,h0266,0.0,scr2016,avaConv,pvInd_b
it_cn,2,h0267,0.0,scr2016,avaConv,pvInd_b
it_cn,2,h0268,0.0,scr2016,avaConv,pvInd_b
it_cn,2,h0269,0.0,scr2016,avaConv,pvInd_b
it_cn,2,h0270,0.007880568152220494,scr2016,avaConv,pvInd_b
it_cn,2,h0271,0.059499276415732626,scr2016,avaConv,pvInd_b
it_cn,2,h0272,0.18183394540458822,scr2016,avaConv,pvInd_b
it_cn,2,h0273,0.3632355043011541,scr2016,avaConv,pvInd_b
it_cn,2,h0274,0.5430878883548564,scr2016,avaConv,pvInd_b
it_cn,2,h0275,0.6786602144454948,scr2016,avaConv,pvInd_b
it_cn,2,h0276,0.7584617100439875,scr2016,avaConv,pvInd_b
it_cn,2,h0277,0.7163613030967508,scr2016,avaConv,pvInd_b
it_cn,2,h0278,0.6295155677678214,scr2016,avaConv,pvInd_b
it_cn,2,h0279,0.5095234143097844,scr2016,avaConv,pvInd_b
it_cn,2,h0280,0.42643732987871774,scr2016,avaConv,pvInd_b
it_cn,2,h0281,0.3215113050531023,scr2016,avaConv,pvInd_b
it_cn,2,h0282,0.1983702315815685,scr2016,avaConv,pvInd_b
it_cn,2,h0283,0.08709710974370712,scr2016,avaConv,pvInd_b
it_cn,2,h0284,0.022496489951382825,scr2016,avaConv,pvInd_b
it_cn,2,h0285,0.001707166520694739,scr2016,avaConv,pvInd_b
it_cn,2,h0286,0.0,scr2016,avaConv,pvInd_b
it_cn,2,h0287,0.0,scr2016,avaConv,pvInd_b
it_cn,2,h0288,0.0,scr2016,avaConv,pvInd_b
it_cs,2,h0241,0.0,scr2016,avaConv,pvInd_b
it_cs,2,h0242,0.0,scr2016,avaConv,pvInd_b
it_cs,2,h0243,0.0,scr2016,avaConv,pvInd_b
it_cs,2,h0244,0.0,scr2016,avaConv,pvInd_b
it_cs,2,h0245,0.0,scr2016,avaConv,pvInd_b
it_cs,2,h0246,0.008618453466845722,scr2016,avaConv,pvInd_b
it_cs,2,h0247,0.0478796513527368,scr2016,avaConv,pvInd_b
it_cs,2,h0248,0.13556903214657742,scr2016,avaConv,pvInd_b
it_cs,2,h0249,0.2577045978289862,scr2016,avaConv,pvInd_b
it_cs,2,h0250,0.38416361677101396,scr2016,avaConv,pvInd_b
it_cs,2,h0251,0.4795130605333806,scr2016,avaConv,pvInd_b
it_cs,2,h0252,0.5247109150108106,scr2016,avaConv,pvInd_b
it_cs,2,h0253,0.5457046027373536,scr2016,avaConv,pvInd_b
it_cs,2,h0254,0.5299695878867365,scr2016,avaConv,pvInd_b
it_cs,2,h0255,0.4760816230900573,scr2016,avaConv,pvInd_b
it_cs,2,h0256,0.36947587717099983,scr2016,avaConv,pvInd_b
it_cs,2,h0257,0.2524017132263764,scr2016,avaConv,pvInd_b
it_cs,2,h0258,0.14303454987771172,scr2016,avaConv,pvInd_b
it_cs,2,h0259,0.058863789453747505,scr2016,avaConv,pvInd_b
it_cs,2,h0260,0.012610528528714266,scr2016,avaConv,pvInd_b
it_cs,2,h0261,0.0002484262789581243,scr2016,avaConv,pvInd_b
it_cs,2,h0262,0.0,scr2016,avaConv,pvInd_b
it_cs,2,h0263,0.0,scr2016,avaConv,pvInd_b
it_cs,2,h0264,0.0,scr2016,avaConv,pvInd_b
it_cs,2,h0265,0.0,scr2016,avaConv,pvInd_b
it_cs,2,h0266,0.0,scr2016,avaConv,pvInd_b
it_cs,2,h0267,0.0,scr2016,avaConv,pvInd_b
it_cs,2,h0268,0.0,scr2016,avaConv,pvInd_b
it_cs,2,h0269,6.142705201489437e-5,scr2016,avaConv,pvInd_b
it_cs,2,h0270,0.010781781563905668,scr2016,avaConv,pvInd_b
it_cs,2,h0271,0.06928548537102885,scr2016,avaConv,pvInd_b
it_cs,2,h0272,0.19627048155370608,scr2016,avaConv,pvInd_b
it_cs,2,h0273,0.37272483429679676,scr2016,avaConv,pvInd_b
it_cs,2,h0274,0.5409444994087675,scr2016,avaConv,pvInd_b
it_cs,2,h0275,0.6667144886183853,scr2016,avaConv,pvInd_b
it_cs,2,h0276,0.7400770937329303,scr2016,avaConv,pvInd_b
it_cs,2,h0277,0.7261768674482838,scr2016,avaConv,pvInd_b
it_cs,2,h0278,0.6748046954523567,scr2016,avaConv,pvInd_b
it_cs,2,h0279,0.5794187822227216,scr2016,avaConv,pvInd_b
it_cs,2,h0280,0.47938550765243093,scr2016,avaConv,pvInd_b
it_cs,2,h0281,0.3433577670047588,scr2016,avaConv,pvInd_b
it_cs,2,h0282,0.19656154062544115,scr2016,avaConv,pvInd_b
it_cs,2,h0283,0.07927470496267609,scr2016,avaConv,pvInd_b
it_cs,2,h0284,0.017247542659645555,scr2016,avaConv,pvInd_b
it_cs,2,h0285,0.0009095669862430509,scr2016,avaConv,pvInd_b
it_cs,2,h0286,0.0,scr2016,avaConv,pvInd_b
it_cs,2,h0287,0.0,scr2016,avaConv,pvInd_b
it_cs,2,h0288,0.0,scr2016,avaConv,pvInd_b
it_n,2,h0241,0.0,scr2016,avaConv,pvInd_b
it_n,2,h0242,0.0,scr2016,avaConv,pvInd_b
it_n,2,h0243,0.0,scr2016,avaConv,pvInd_b
it_n,2,h0244,0.0,scr2016,avaConv,pvInd_b
it_n,2,h0245,0.0,scr2016,avaConv,pvInd_b
it_n,2,h0246,0.0014248044326931378,scr2016,avaConv,pvInd_b
it_n,2,h0247,0.019193452841979812,scr2016,avaConv,pvInd_b
it_n,2,h0248,0.06392596744396421,scr2016,avaConv,pvInd_b
it_n,2,h0249,0.15161365515987707,scr2016,avaConv,pvInd_b
it_n,2,h0250,0.2600724322523024,scr2016,avaConv,pvInd_b
it_n,2,h0251,0.35571476874240465,scr2016,avaConv,pvInd_b
it_n,2,h0252,0.40974162496830785,scr2016,avaConv,pvInd_b
it_n,2,h0253,0.47808839891079213,scr2016,avaConv,pvInd_b
it_n,2,h0254,0.535146900872288,scr2016,avaConv,pvInd_b
it_n,2,h0255,0.5655170642987511,scr2016,avaConv,pvInd_b
it_n,2,h0256,0.48908905133404657,scr2016,avaConv,pvInd_b
it_n,2,h0257,0.36424510775461283,scr2016,avaConv,pvInd_b
it_n,2,h0258,0.2124731836286161,scr2016,avaConv,pvInd_b
it_n,2,h0259,0.08607297911304239,scr2016,avaConv,pvInd_b
it_n,2,h0260,0.019394900065519555,scr2016,avaConv,pvInd_b
it_n,2,h0261,0.001220448393215247,scr2016,avaConv,pvInd_b
it_n,2,h0262,0.0,scr2016,avaConv,pvInd_b
it_n,2,h0263,0.0,scr2016,avaConv,pvInd_b
it_n,2,h0264,0.0,scr2016,avaConv,pvInd_b
it_n,2,h0265,0.0,scr2016,avaConv,pvInd_b
it_n,2,h0266,0.0,scr2016,avaConv,pvInd_b
it_n,2,h0267,0.0,scr2016,avaConv,pvInd_b
it_n,2,h0268,0.0,scr2016,avaConv,pvInd_b
it_n,2,h0269,0.0,scr2016,avaConv,pvInd_b
it_n,2,h0270,0.0037261528727171194,scr2016,avaConv,pvInd_b
it_n,2,h0271,0.04030145144999777,scr2016,avaConv,pvInd_b
it_n,2,h0272,0.14438859692909825,scr2016,avaConv,pvInd_b
it_n,2,h0273,0.31180117061726764,scr2016,avaConv,pvInd_b
it_n,2,h0274,0.4868174464534859,scr2016,avaConv,pvInd_b
it_n,2,h0275,0.6251249976872574,scr2016,avaConv,pvInd_b
it_n,2,h0276,0.7099694240643564,scr2016,avaConv,pvInd_b
it_n,2,h0277,0.5266031905150877,scr2016,avaConv,pvInd_b
it_n,2,h0278,0.3392609198734657,scr2016,avaConv,pvInd_b
it_n,2,h0279,0.1633911395391597,scr2016,avaConv,pvInd_b
it_n,2,h0280,0.1549221738474367,scr2016,avaConv,pvInd_b
it_n,2,h0281,0.12979949385300735,scr2016,avaConv,pvInd_b
it_n,2,h0282,0.09706534764691917,scr2016,avaConv,pvInd_b
it_n,2,h0283,0.053999601203939575,scr2016,avaConv,pvInd_b
it_n,2,h0284,0.019390272875902947,scr2016,avaConv,pvInd_b
it_n,2,h0285,0.002891577252409338,scr2016,avaConv,pvInd_b
it_n,2,h0286,0.0,scr2016,avaConv,pvInd_b
it_n,2,h0287,0.0,scr2016,avaConv,pvInd_b
it_n,2,h0288,0.0,scr2016,avaConv,pvInd_b
it_sar,2,h0241,0.0,scr2016,avaConv,pvInd_b
it_sar,2,h0242,0.0,scr2016,avaConv,pvInd_b
it_sar,2,h0243,0.0,scr2016,avaConv,pvInd_b
it_sar,2,h0244,0.0,scr2016,avaConv,pvInd_b
it_sar,2,h0245,0.0,scr2016,avaConv,pvInd_b
it_sar,2,h0246,0.0036574939421703044,scr2016,avaConv,pvInd_b
it_sar,2,h0247,0.04041844245172105,scr2016,avaConv,pvInd_b
it_sar,2,h0248,0.1397947649068162,scr2016,avaConv,pvInd_b
it_sar,2,h0249,0.2880040149520284,scr2016,avaConv,pvInd_b
it_sar,2,h0250,0.4365628280386834,scr2016,avaConv,pvInd_b
it_sar,2,h0251,0.5351106295970769,scr2016,avaConv,pvInd_b
it_sar,2,h0252,0.5704456825206905,scr2016,avaConv,pvInd_b
it_sar,2,h0253,0.6697318343598565,scr2016,avaConv,pvInd_b
it_sar,2,h0254,0.738046597632913,scr2016,avaConv,pvInd_b
it_sar,2,h0255,0.7820477884887176,scr2016,avaConv,pvInd_b
it_sar,2,h0256,0.6571218319677578,scr2016,avaConv,pvInd_b
it_sar,2,h0257,0.4788765717353833,scr2016,avaConv,pvInd_b
it_sar,2,h0258,0.2753348228428961,scr2016,avaConv,pvInd_b
it_sar,2,h0259,0.10876985688317141,scr2016,avaConv,pvInd_b
it_sar,2,h0260,0.02259834416565305,scr2016,avaConv,pvInd_b
it_sar,2,h0261,0.0003860740147707397,scr2016,avaConv,pvInd_b
it_sar,2,h0262,0.0,scr2016,avaConv,pvInd_b
it_sar,2,h0263,0.0,scr2016,avaConv,pvInd_b
it_sar,2,h0264,0.0,scr2016,avaConv,pvInd_b
it_sar,2,h0265,0.0,scr2016,avaConv,pvInd_b
it_sar,2,h0266,0.0,scr2016,avaConv,pvInd_b
it_sar,2,h0267,0.0,scr2016,avaConv,pvInd_b
it_sar,2,h0268,0.0,scr2016,avaConv,pvInd_b
it_sar,2,h0269,0.0,scr2016,avaConv,pvInd_b
it_sar,2,h0270,0.005130284200131988,scr2016,avaConv,pvInd_b
it_sar,2,h0271,0.04806994252465207,scr2016,avaConv,pvInd_b
it_sar,2,h0272,0.16062344849905952,scr2016,avaConv,pvInd_b
it_sar,2,h0273,0.3354431980584977,scr2016,avaConv,pvInd_b
it_sar,2,h0274,0.5171665864634344,scr2016,avaConv,pvInd_b
it_sar,2,h0275,0.6609811407888052,scr2016,avaConv,pvInd_b
it_sar,2,h0276,0.7545038535186321,scr2016,avaConv,pvInd_b
it_sar,2,h0277,0.7794948564529607,scr2016,avaConv,pvInd_b
it_sar,2,h0278,0.7627442110982089,scr2016,avaConv,pvInd_b
it_sar,2,h0279,0.700603766281619,scr2016,avaConv,pvInd_b
it_sar,2,h0280,0.6050311137332396,scr2016,avaConv,pvInd_b
it_sar,2,h0281,0.45246330806976026,scr2016,avaConv,pvInd_b
it_sar,2,h0282,0.27085245874462843,scr2016,avaConv,pvInd_b
it_sar,2,h0283,0.11362623447559261,scr2016,avaConv,pvInd_b
it_sar,2,h0284,0.02752224116918716,scr2016,avaConv,pvInd_b
it_sar,2,h0285,0.001504595819047406,scr2016,avaConv,pvInd_b
it_sar,2,h0286,0.0,scr2016,avaConv,pvInd_b
it_sar,2,h0287,0.0,scr2016,avaConv,pvInd_b
it_sar,2,h0288,0.0,scr2016,avaConv,pvInd_b
it_sic,2,h0241,0.0,scr2016,avaConv,pvInd_b
it_sic,2,h0242,0.0,scr2016,avaConv,pvInd_b
it_sic,2,h0243,0.0,scr2016,avaConv,pvInd_b
it_sic,2,h0244,0.0,scr2016,avaConv,pvInd_b
it_sic,2,h0245,0.0,scr2016,avaConv,pvInd_b
it_sic,2,h0246,0.009036894930213955,scr2016,avaConv,pvInd_b
it_sic,2,h0247,0.06599722855356893,scr2016,avaConv,pvInd_b
it_sic,2,h0248,0.1912689337383874,scr2016,avaConv,pvInd_b
it_sic,2,h0249,0.36711570614743233,scr2016,avaConv,pvInd_b
it_sic,2,h0250,0.5334019872457002,scr2016,avaConv,pvInd_b
it_sic,2,h0251,0.6582927608784209,scr2016,avaConv,pvInd_b
it_sic,2,h0252,0.7313136553405899,scr2016,avaConv,pvInd_b
it_sic,2,h0253,0.7484017502245507,scr2016,avaConv,pvInd_b
it_sic,2,h0254,0.7171395414398478,scr2016,avaConv,pvInd_b
it_sic,2,h0255,0.641336469488656,scr2016,avaConv,pvInd_b
it_sic,2,h0256,0.5222843669174403,scr2016,avaConv,pvInd_b
it_sic,2,h0257,0.36325271914642926,scr2016,avaConv,pvInd_b
it_sic,2,h0258,0.1921814674463694,scr2016,avaConv,pvInd_b
it_sic,2,h0259,0.06795305394370839,scr2016,avaConv,pvInd_b
it_sic,2,h0260,0.010391091204304254,scr2016,avaConv,pvInd_b
it_sic,2,h0261,0.0,scr2016,avaConv,pvInd_b
it_sic,2,h0262,0.0,scr2016,avaConv,pvInd_b
it_sic,2,h0263,0.0,scr2016,avaConv,pvInd_b
it_sic,2,h0264,0.0,scr2016,avaConv,pvInd_b
it_sic,2,h0265,0.0,scr2016,avaConv,pvInd_b
it_sic,2,h0266,0.0,scr2016,avaConv,pvInd_b
it_sic,2,h0267,0.0,scr2016,avaConv,pvInd_b
it_sic,2,h0268,0.0,scr2016,avaConv,pvInd_b
it_sic,2,h0269,0.0,scr2016,avaConv,pvInd_b
it_sic,2,h0270,0.011504861295939531,scr2016,avaConv,pvInd_b
it_sic,2,h0271,0.07175933965599647,scr2016,avaConv,pvInd_b
it_sic,2,h0272,0.1972424724409654,scr2016,avaConv,pvInd_b
it_sic,2,h0273,0.3639206696872209,scr2016,avaConv,pvInd_b
it_sic,2,h0274,0.516415540351738,scr2016,avaConv,pvInd_b
it_sic,2,h0275,0.6272227007425056,scr2016,avaConv,pvInd_b
it_sic,2,h0276,0.6936061191472401,scr2016,avaConv,pvInd_b
it_sic,2,h0277,0.702189025031439,scr2016,avaConv,pvInd_b
it_sic,2,h0278,0.6709876199066371,scr2016,avaConv,pvInd_b
it_sic,2,h0279,0.5958852190601148,scr2016,avaConv,pvInd_b
it_sic,2,h0280,0.4899257294682998,scr2016,avaConv,pvInd_b
it_sic,2,h0281,0.3463350891631911,scr2016,avaConv,pvInd_b
it_sic,2,h0282,0.1903449148630092,scr2016,avaConv,pvInd_b
it_sic,2,h0283,0.07181230988642223,scr2016,avaConv,pvInd_b
it_sic,2,h0284,0.013101537299306168,scr2016,avaConv,pvInd_b
it_sic,2,h0285,0.0002420636018315506,scr2016,avaConv,pvInd_b
it_sic,2,h0286,0.0,scr2016,avaConv,pvInd_b
it_sic,2,h0287,0.0,scr2016,avaConv,pvInd_b
it_sic,2,h0288,0.0,scr2016,avaConv,pvInd_b
lt,2,h0241,0.0,scr2016,avaConv,pvInd_b
lt,2,h0242,0.0,scr2016,avaConv,pvInd_b
lt,2,h0243,0.0,scr2016,avaConv,pvInd_b
lt,2,h0244,9.844387119965202e-5,scr2016,avaConv,pvInd_b
lt,2,h0245,0.004288590161100776,scr2016,avaConv,pvInd_b
lt,2,h0246,0.038926218151913654,scr2016,avaConv,pvInd_b
lt,2,h0247,0.1318090532361089,scr2016,avaConv,pvInd_b
lt,2,h0248,0.2804681788231422,scr2016,avaConv,pvInd_b
lt,2,h0249,0.4387444184476144,scr2016,avaConv,pvInd_b
lt,2,h0250,0.5598870869475611,scr2016,avaConv,pvInd_b
lt,2,h0251,0.634712563789744,scr2016,avaConv,pvInd_b
lt,2,h0252,0.6292603971219406,scr2016,avaConv,pvInd_b
lt,2,h0253,0.5702323042229177,scr2016,avaConv,pvInd_b
lt,2,h0254,0.4688195639656217,scr2016,avaConv,pvInd_b
lt,2,h0255,0.36741539811881674,scr2016,avaConv,pvInd_b
lt,2,h0256,0.2687147162360695,scr2016,avaConv,pvInd_b
lt,2,h0257,0.17338151215944403,scr2016,avaConv,pvInd_b
lt,2,h0258,0.09044899919083588,scr2016,avaConv,pvInd_b
lt,2,h0259,0.03182545780875381,scr2016,avaConv,pvInd_b
lt,2,h0260,0.006312053462884696,scr2016,avaConv,pvInd_b
lt,2,h0261,0.00015461274788493287,scr2016,avaConv,pvInd_b
lt,2,h0262,0.0,scr2016,avaConv,pvInd_b
lt,2,h0263,0.0,scr2016,avaConv,pvInd_b
lt,2,h0264,0.0,scr2016,avaConv,pvInd_b
lt,2,h0265,0.0,scr2016,avaConv,pvInd_b
lt,2,h0266,0.0,scr2016,avaConv,pvInd_b
lt,2,h0267,0.0,scr2016,avaConv,pvInd_b
lt,2,h0268,0.0007431348264716452,scr2016,avaConv,pvInd_b
lt,2,h0269,0.008187897874257832,scr2016,avaConv,pvInd_b
lt,2,h0270,0.05055661581559545,scr2016,avaConv,pvInd_b
lt,2,h0271,0.1255145582201248,scr2016,avaConv,pvInd_b
lt,2,h0272,0.22268414956552807,scr2016,avaConv,pvInd_b
lt,2,h0273,0.31259136974660545,scr2016,avaConv,pvInd_b
lt,2,h0274,0.4230442905626104,scr2016,avaConv,pvInd_b
lt,2,h0275,0.5378132699707359,scr2016,avaConv,pvInd_b
lt,2,h0276,0.6227134921275262,scr2016,avaConv,pvInd_b
lt,2,h0277,0.6559556238035762,scr2016,avaConv,pvInd_b
lt,2,h0278,0.6053319168556011,scr2016,avaConv,pvInd_b
lt,2,h0279,0.5009258101048243,scr2016,avaConv,pvInd_b
lt,2,h0280,0.35744901763994297,scr2016,avaConv,pvInd_b
lt,2,h0281,0.22526312546534222,scr2016,avaConv,pvInd_b
lt,2,h0282,0.1121149920619778,scr2016,avaConv,pvInd_b
lt,2,h0283,0.039361211125152964,scr2016,avaConv,pvInd_b
lt,2,h0284,0.0077337602786176395,scr2016,avaConv,pvInd_b
lt,2,h0285,0.0008795326593170285,scr2016,avaConv,pvInd_b
lt,2,h0286,0.0,scr2016,avaConv,pvInd_b
lt,2,h0287,0.0,scr2016,avaConv,pvInd_b
lt,2,h0288,0.0,scr2016,avaConv,pvInd_b
lu,2,h0241,0.0,scr2016,avaConv,pvInd_b
lu,2,h0242,0.0,scr2016,avaConv,pvInd_b
lu,2,h0243,0.0,scr2016,avaConv,pvInd_b
lu,2,h0244,0.0,scr2016,avaConv,pvInd_b
lu,2,h0245,0.0,scr2016,avaConv,pvInd_b
lu,2,h0246,0.0002959480059566652,scr2016,avaConv,pvInd_b
lu,2,h0247,0.02862200582277482,scr2016,avaConv,pvInd_b
lu,2,h0248,0.11504921198304785,scr2016,avaConv,pvInd_b
lu,2,h0249,0.269974190716062,scr2016,avaConv,pvInd_b
lu,2,h0250,0.4457854402073383,scr2016,avaConv,pvInd_b
lu,2,h0251,0.6034572182040226,scr2016,avaConv,pvInd_b
lu,2,h0252,0.7118216147756786,scr2016,avaConv,pvInd_b
lu,2,h0253,0.715928206152677,scr2016,avaConv,pvInd_b
lu,2,h0254,0.667488362538078,scr2016,avaConv,pvInd_b
lu,2,h0255,0.5897675439920756,scr2016,avaConv,pvInd_b
lu,2,h0256,0.5214266055401275,scr2016,avaConv,pvInd_b
lu,2,h0257,0.41067770561426775,scr2016,avaConv,pvInd_b
lu,2,h0258,0.26553796286930864,scr2016,avaConv,pvInd_b
lu,2,h0259,0.1279551196749597,scr2016,avaConv,pvInd_b
lu,2,h0260,0.03974238716515756,scr2016,avaConv,pvInd_b
lu,2,h0261,0.006634301616254387,scr2016,avaConv,pvInd_b
lu,2,h0262,0.0,scr2016,avaConv,pvInd_b
lu,2,h0263,0.0,scr2016,avaConv,pvInd_b
lu,2,h0264,0.0,scr2016,avaConv,pvInd_b
lu,2,h0265,0.0,scr2016,avaConv,pvInd_b
lu,2,h0266,0.0,scr2016,avaConv,pvInd_b
lu,2,h0267,0.0,scr2016,avaConv,pvInd_b
lu,2,h0268,0.0,scr2016,avaConv,pvInd_b
lu,2,h0269,0.0,scr2016,avaConv,pvInd_b
lu,2,h0270,0.0,scr2016,avaConv,pvInd_b
lu,2,h0271,0.02993094574434379,scr2016,avaConv,pvInd_b
lu,2,h0272,0.11343878362425681,scr2016,avaConv,pvInd_b
lu,2,h0273,0.2709946499508094,scr2016,avaConv,pvInd_b
lu,2,h0274,0.43526541977204675,scr2016,avaConv,pvInd_b
lu,2,h0275,0.5582118252293157,scr2016,avaConv,pvInd_b
lu,2,h0276,0.6056105253614688,scr2016,avaConv,pvInd_b
lu,2,h0277,0.49359729831755916,scr2016,avaConv,pvInd_b
lu,2,h0278,0.4020490773387701,scr2016,avaConv,pvInd_b
lu,2,h0279,0.306551673571782,scr2016,avaConv,pvInd_b
lu,2,h0280,0.2964350443351799,scr2016,avaConv,pvInd_b
lu,2,h0281,0.23698950808867236,scr2016,avaConv,pvInd_b
lu,2,h0282,0.1678536457185287,scr2016,avaConv,pvInd_b
lu,2,h0283,0.08110210120313191,scr2016,avaConv,pvInd_b
lu,2,h0284,0.025997256910393087,scr2016,avaConv,pvInd_b
lu,2,h0285,0.0007854785063899653,scr2016,avaConv,pvInd_b
lu,2,h0286,0.0,scr2016,avaConv,pvInd_b
lu,2,h0287,0.0,scr2016,avaConv,pvInd_b
lu,2,h0288,0.0,scr2016,avaConv,pvInd_b
lv,2,h0241,0.0,scr2016,avaConv,pvInd_b
lv,2,h0242,0.0,scr2016,avaConv,pvInd_b
lv,2,h0243,0.0,scr2016,avaConv,pvInd_b
lv,2,h0244,0.0003735078348037016,scr2016,avaConv,pvInd_b
lv,2,h0245,0.007220481404588441,scr2016,avaConv,pvInd_b
lv,2,h0246,0.05509592237830862,scr2016,avaConv,pvInd_b
lv,2,h0247,0.1645020863812531,scr2016,avaConv,pvInd_b
lv,2,h0248,0.3250532856123186,scr2016,avaConv,pvInd_b
lv,2,h0249,0.48393107287966985,scr2016,avaConv,pvInd_b
lv,2,h0250,0.602028520675377,scr2016,avaConv,pvInd_b
lv,2,h0251,0.6577999253258368,scr2016,avaConv,pvInd_b
lv,2,h0252,0.6560290312349094,scr2016,avaConv,pvInd_b
lv,2,h0253,0.60348381581092,scr2016,avaConv,pvInd_b
lv,2,h0254,0.531139831303636,scr2016,avaConv,pvInd_b
lv,2,h0255,0.4359027896450104,scr2016,avaConv,pvInd_b
lv,2,h0256,0.3311554567052868,scr2016,avaConv,pvInd_b
lv,2,h0257,0.2126850815895132,scr2016,avaConv,pvInd_b
lv,2,h0258,0.10776321210339408,scr2016,avaConv,pvInd_b
lv,2,h0259,0.03694022313193462,scr2016,avaConv,pvInd_b
lv,2,h0260,0.00785198421704014,scr2016,avaConv,pvInd_b
lv,2,h0261,0.00034595157526884384,scr2016,avaConv,pvInd_b
lv,2,h0262,0.0,scr2016,avaConv,pvInd_b
lv,2,h0263,0.0,scr2016,avaConv,pvInd_b
lv,2,h0264,0.0,scr2016,avaConv,pvInd_b
lv,2,h0265,0.0,scr2016,avaConv,pvInd_b
lv,2,h0266,0.0,scr2016,avaConv,pvInd_b
lv,2,h0267,0.0,scr2016,avaConv,pvInd_b
lv,2,h0268,0.00159929647863518,scr2016,avaConv,pvInd_b
lv,2,h0269,0.012622081361197525,scr2016,avaConv,pvInd_b
lv,2,h0270,0.06777596305869513,scr2016,avaConv,pvInd_b
lv,2,h0271,0.13248505314420672,scr2016,avaConv,pvInd_b
lv,2,h0272,0.20655559112765678,scr2016,avaConv,pvInd_b
lv,2,h0273,0.2542473601727799,scr2016,avaConv,pvInd_b
lv,2,h0274,0.3189125063624681,scr2016,avaConv,pvInd_b
lv,2,h0275,0.38477624575801267,scr2016,avaConv,pvInd_b
lv,2,h0276,0.4444621413155914,scr2016,avaConv,pvInd_b
lv,2,h0277,0.5475278846758884,scr2016,avaConv,pvInd_b
lv,2,h0278,0.5924538138400348,scr2016,avaConv,pvInd_b
lv,2,h0279,0.5660820492295451,scr2016,avaConv,pvInd_b
lv,2,h0280,0.41990717631586916,scr2016,avaConv,pvInd_b
lv,2,h0281,0.2633262343701147,scr2016,avaConv,pvInd_b
lv,2,h0282,0.12883431201352727,scr2016,avaConv,pvInd_b
lv,2,h0283,0.044324082105138676,scr2016,avaConv,pvInd_b
lv,2,h0284,0.00874601726456167,scr2016,avaConv,pvInd_b
lv,2,h0285,0.0011445367300242848,scr2016,avaConv,pvInd_b
lv,2,h0286,0.0,scr2016,avaConv,pvInd_b
lv,2,h0287,0.0,scr2016,avaConv,pvInd_b
lv,2,h0288,0.0,scr2016,avaConv,pvInd_b
me,2,h0241,0.0,scr2016,avaConv,pvInd_b
me,2,h0242,0.0,scr2016,avaConv,pvInd_b
me,2,h0243,0.0,scr2016,avaConv,pvInd_b
me,2,h0244,0.0,scr2016,avaConv,pvInd_b
me,2,h0245,0.00014671132951920348,scr2016,avaConv,pvInd_b
me,2,h0246,0.015526740200109667,scr2016,avaConv,pvInd_b
me,2,h0247,0.05174401528445988,scr2016,avaConv,pvInd_b
me,2,h0248,0.10035972156066847,scr2016,avaConv,pvInd_b
me,2,h0249,0.1366810937471141,scr2016,avaConv,pvInd_b
me,2,h0250,0.21209467450827646,scr2016,avaConv,pvInd_b
me,2,h0251,0.3228438850877103,scr2016,avaConv,pvInd_b
me,2,h0252,0.4164774228994227,scr2016,avaConv,pvInd_b
me,2,h0253,0.4471548927235517,scr2016,avaConv,pvInd_b
me,2,h0254,0.42508770251561606,scr2016,avaConv,pvInd_b
me,2,h0255,0.36578765737199775,scr2016,avaConv,pvInd_b
me,2,h0256,0.2728657486591125,scr2016,avaConv,pvInd_b
me,2,h0257,0.1699493175145157,scr2016,avaConv,pvInd_b
me,2,h0258,0.08617125441719203,scr2016,avaConv,pvInd_b
me,2,h0259,0.030612237920104292,scr2016,avaConv,pvInd_b
me,2,h0260,0.004085942178452743,scr2016,avaConv,pvInd_b
me,2,h0261,0.0,scr2016,avaConv,pvInd_b
me,2,h0262,0.0,scr2016,avaConv,pvInd_b
me,2,h0263,0.0,scr2016,avaConv,pvInd_b
me,2,h0264,0.0,scr2016,avaConv,pvInd_b
me,2,h0265,0.0,scr2016,avaConv,pvInd_b
me,2,h0266,0.0,scr2016,avaConv,pvInd_b
me,2,h0267,0.0,scr2016,avaConv,pvInd_b
me,2,h0268,0.0,scr2016,avaConv,pvInd_b
me,2,h0269,0.0004786729113344404,scr2016,avaConv,pvInd_b
me,2,h0270,0.019504857366392254,scr2016,avaConv,pvInd_b
me,2,h0271,0.08964451579780715,scr2016,avaConv,pvInd_b
me,2,h0272,0.2286477430172634,scr2016,avaConv,pvInd_b
me,2,h0273,0.39081191922846364,scr2016,avaConv,pvInd_b
me,2,h0274,0.5197730746005556,scr2016,avaConv,pvInd_b
me,2,h0275,0.5962198262277103,scr2016,avaConv,pvInd_b
me,2,h0276,0.6287189284622787,scr2016,avaConv,pvInd_b
me,2,h0277,0.6358368827384264,scr2016,avaConv,pvInd_b
me,2,h0278,0.6073154496827655,scr2016,avaConv,pvInd_b
me,2,h0279,0.540347956875703,scr2016,avaConv,pvInd_b
me,2,h0280,0.4167345230920877,scr2016,avaConv,pvInd_b
me,2,h0281,0.26626031128474875,scr2016,avaConv,pvInd_b
me,2,h0282,0.12278040061148554,scr2016,avaConv,pvInd_b
me,2,h0283,0.03725079044843454,scr2016,avaConv,pvInd_b
me,2,h0284,0.00473716557944298,scr2016,avaConv,pvInd_b
me,2,h0285,0.0,scr2016,avaConv,pvInd_b
me,2,h0286,0.0,scr2016,avaConv,pvInd_b
me,2,h0287,0.0,scr2016,avaConv,pvInd_b
me,2,h0288,0.0,scr2016,avaConv,pvInd_b
mk,2,h0241,0.0,scr2016,avaConv,pvInd_b
mk,2,h0242,0.0,scr2016,avaConv,pvInd_b
mk,2,h0243,0.0,scr2016,avaConv,pvInd_b
mk,2,h0244,0.0,scr2016,avaConv,pvInd_b
mk,2,h0245,0.0013649697328005075,scr2016,avaConv,pvInd_b
mk,2,h0246,0.0324348914739673,scr2016,avaConv,pvInd_b
mk,2,h0247,0.09730825509835592,scr2016,avaConv,pvInd_b
mk,2,h0248,0.22404385318310704,scr2016,avaConv,pvInd_b
mk,2,h0249,0.35457104326584327,scr2016,avaConv,pvInd_b
mk,2,h0250,0.5001209833738417,scr2016,avaConv,pvInd_b
mk,2,h0251,0.6184970399045705,scr2016,avaConv,pvInd_b
mk,2,h0252,0.7091417311825863,scr2016,avaConv,pvInd_b
mk,2,h0253,0.6649043313629646,scr2016,avaConv,pvInd_b
mk,2,h0254,0.5459045183016652,scr2016,avaConv,pvInd_b
mk,2,h0255,0.3828515189109468,scr2016,avaConv,pvInd_b
mk,2,h0256,0.2799440437234815,scr2016,avaConv,pvInd_b
mk,2,h0257,0.17871507871517875,scr2016,avaConv,pvInd_b
mk,2,h0258,0.08776313503450553,scr2016,avaConv,pvInd_b
mk,2,h0259,0.026206637358881478,scr2016,avaConv,pvInd_b
mk,2,h0260,0.0025955613088253222,scr2016,avaConv,pvInd_b
mk,2,h0261,0.0,scr2016,avaConv,pvInd_b
mk,2,h0262,0.0,scr2016,avaConv,pvInd_b
mk,2,h0263,0.0,scr2016,avaConv,pvInd_b
mk,2,h0264,0.0,scr2016,avaConv,pvInd_b
mk,2,h0265,0.0,scr2016,avaConv,pvInd_b
mk,2,h0266,0.0,scr2016,avaConv,pvInd_b
mk,2,h0267,0.0,scr2016,avaConv,pvInd_b
mk,2,h0268,0.0,scr2016,avaConv,pvInd_b
mk,2,h0269,0.002461281515984946,scr2016,avaConv,pvInd_b
mk,2,h0270,0.03904303077103535,scr2016,avaConv,pvInd_b
mk,2,h0271,0.12373651397164134,scr2016,avaConv,pvInd_b
mk,2,h0272,0.2609502053102858,scr2016,avaConv,pvInd_b
mk,2,h0273,0.4015407513528756,scr2016,avaConv,pvInd_b
mk,2,h0274,0.51711935260015,scr2016,avaConv,pvInd_b
mk,2,h0275,0.5792701957435971,scr2016,avaConv,pvInd_b
mk,2,h0276,0.5943560273910989,scr2016,avaConv,pvInd_b
mk,2,h0277,0.6235649037214867,scr2016,avaConv,pvInd_b
mk,2,h0278,0.6284899123472638,scr2016,avaConv,pvInd_b
mk,2,h0279,0.5838195073491078,scr2016,avaConv,pvInd_b
mk,2,h0280,0.44251153241121566,scr2016,avaConv,pvInd_b
mk,2,h0281,0.271858432222021,scr2016,avaConv,pvInd_b
mk,2,h0282,0.1215557270555826,scr2016,avaConv,pvInd_b
mk,2,h0283,0.03416060753612561,scr2016,avaConv,pvInd_b
mk,2,h0284,0.003701729415848076,scr2016,avaConv,pvInd_b
mk,2,h0285,0.0,scr2016,avaConv,pvInd_b
mk,2,h0286,0.0,scr2016,avaConv,pvInd_b
mk,2,h0287,0.0,scr2016,avaConv,pvInd_b
mk,2,h0288,0.0,scr2016,avaConv,pvInd_b
nl,2,h0241,0.0,scr2016,avaConv,pvInd_b
nl,2,h0242,0.0,scr2016,avaConv,pvInd_b
nl,2,h0243,0.0,scr2016,avaConv,pvInd_b
nl,2,h0244,0.0,scr2016,avaConv,pvInd_b
nl,2,h0245,0.0,scr2016,avaConv,pvInd_b
nl,2,h0246,0.004930534883075219,scr2016,avaConv,pvInd_b
nl,2,h0247,0.04140212428229048,scr2016,avaConv,pvInd_b
nl,2,h0248,0.14932626343331357,scr2016,avaConv,pvInd_b
nl,2,h0249,0.3296579924064262,scr2016,avaConv,pvInd_b
nl,2,h0250,0.5364452664274395,scr2016,avaConv,pvInd_b
nl,2,h0251,0.71085845564172,scr2016,avaConv,pvInd_b
nl,2,h0252,0.8300228263714052,scr2016,avaConv,pvInd_b
nl,2,h0253,0.7280621976394339,scr2016,avaConv,pvInd_b
nl,2,h0254,0.5695175428373909,scr2016,avaConv,pvInd_b
nl,2,h0255,0.39952743415075753,scr2016,avaConv,pvInd_b
nl,2,h0256,0.36204802412928794,scr2016,avaConv,pvInd_b
nl,2,h0257,0.29788917181224367,scr2016,avaConv,pvInd_b
nl,2,h0258,0.20254862434913304,scr2016,avaConv,pvInd_b
nl,2,h0259,0.10281805949411006,scr2016,avaConv,pvInd_b
nl,2,h0260,0.03757001929338716,scr2016,avaConv,pvInd_b
nl,2,h0261,0.008041479904129862,scr2016,avaConv,pvInd_b
nl,2,h0262,0.0,scr2016,avaConv,pvInd_b
nl,2,h0263,0.0,scr2016,avaConv,pvInd_b
nl,2,h0264,0.0,scr2016,avaConv,pvInd_b
nl,2,h0265,0.0,scr2016,avaConv,pvInd_b
nl,2,h0266,0.0,scr2016,avaConv,pvInd_b
nl,2,h0267,0.0,scr2016,avaConv,pvInd_b
nl,2,h0268,0.0,scr2016,avaConv,pvInd_b
nl,2,h0269,0.0,scr2016,avaConv,pvInd_b
nl,2,h0270,0.000477520601010074,scr2016,avaConv,pvInd_b
nl,2,h0271,0.02891239828386431,scr2016,avaConv,pvInd_b
nl,2,h0272,0.1017376763912154,scr2016,avaConv,pvInd_b
nl,2,h0273,0.20641775816114022,scr2016,avaConv,pvInd_b
nl,2,h0274,0.28594950321785984,scr2016,avaConv,pvInd_b
nl,2,h0275,0.3488658874049611,scr2016,avaConv,pvInd_b
nl,2,h0276,0.39407579248421404,scr2016,avaConv,pvInd_b
nl,2,h0277,0.41990913825692583,scr2016,avaConv,pvInd_b
nl,2,h0278,0.35394263355118494,scr2016,avaConv,pvInd_b
nl,2,h0279,0.2328092926803527,scr2016,avaConv,pvInd_b
nl,2,h0280,0.12645231650118166,scr2016,avaConv,pvInd_b
nl,2,h0281,0.07531631269475418,scr2016,avaConv,pvInd_b
nl,2,h0282,0.0534960080218417,scr2016,avaConv,pvInd_b
nl,2,h0283,0.03883156586009613,scr2016,avaConv,pvInd_b
nl,2,h0284,0.018962833486717134,scr2016,avaConv,pvInd_b
nl,2,h0285,0.011227495421012132,scr2016,avaConv,pvInd_b
nl,2,h0286,0.0010217433392439286,scr2016,avaConv,pvInd_b
nl,2,h0287,0.0,scr2016,avaConv,pvInd_b
nl,2,h0288,0.0,scr2016,avaConv,pvInd_b
no_m,2,h0241,0.0,scr2016,avaConv,pvInd_b
no_m,2,h0242,0.0,scr2016,avaConv,pvInd_b
no_m,2,h0243,0.0,scr2016,avaConv,pvInd_b
no_m,2,h0244,0.0,scr2016,avaConv,pvInd_b
no_m,2,h0245,0.0044167585191460905,scr2016,avaConv,pvInd_b
no_m,2,h0246,0.017419763369964075,scr2016,avaConv,pvInd_b
no_m,2,h0247,0.08420113241337422,scr2016,avaConv,pvInd_b
no_m,2,h0248,0.1994408230906292,scr2016,avaConv,pvInd_b
no_m,2,h0249,0.3529143465499191,scr2016,avaConv,pvInd_b
no_m,2,h0250,0.48829773674503707,scr2016,avaConv,pvInd_b
no_m,2,h0251,0.5766559093126243,scr2016,avaConv,pvInd_b
no_m,2,h0252,0.614683364867364,scr2016,avaConv,pvInd_b
no_m,2,h0253,0.6248887074272541,scr2016,avaConv,pvInd_b
no_m,2,h0254,0.6249706126081482,scr2016,avaConv,pvInd_b
no_m,2,h0255,0.5898311779203226,scr2016,avaConv,pvInd_b
no_m,2,h0256,0.498147900079938,scr2016,avaConv,pvInd_b
no_m,2,h0257,0.3707248455446336,scr2016,avaConv,pvInd_b
no_m,2,h0258,0.24222698304196666,scr2016,avaConv,pvInd_b
no_m,2,h0259,0.13297377339638203,scr2016,avaConv,pvInd_b
no_m,2,h0260,0.055652926216710516,scr2016,avaConv,pvInd_b
no_m,2,h0261,0.015882648777020326,scr2016,avaConv,pvInd_b
no_m,2,h0262,0.003304392553361049,scr2016,avaConv,pvInd_b
no_m,2,h0263,0.0,scr2016,avaConv,pvInd_b
no_m,2,h0264,0.0,scr2016,avaConv,pvInd_b
no_m,2,h0265,0.0,scr2016,avaConv,pvInd_b
no_m,2,h0266,0.0,scr2016,avaConv,pvInd_b
no_m,2,h0267,0.0,scr2016,avaConv,pvInd_b
no_m,2,h0268,0.0,scr2016,avaConv,pvInd_b
no_m,2,h0269,0.0,scr2016,avaConv,pvInd_b
no_m,2,h0270,0.001634130372709623,scr2016,avaConv,pvInd_b
no_m,2,h0271,0.07340428087668674,scr2016,avaConv,pvInd_b
no_m,2,h0272,0.21556109016490616,scr2016,avaConv,pvInd_b
no_m,2,h0273,0.42064116727694173,scr2016,avaConv,pvInd_b
no_m,2,h0274,0.6022420084902288,scr2016,avaConv,pvInd_b
no_m,2,h0275,0.7471439988150047,scr2016,avaConv,pvInd_b
no_m,2,h0276,0.8326431908497616,scr2016,avaConv,pvInd_b
no_m,2,h0277,0.7045125788313978,scr2016,avaConv,pvInd_b
no_m,2,h0278,0.5440417192988544,scr2016,avaConv,pvInd_b
no_m,2,h0279,0.363213241833108,scr2016,avaConv,pvInd_b
no_m,2,h0280,0.3209416280768679,scr2016,avaConv,pvInd_b
no_m,2,h0281,0.2616803289576546,scr2016,avaConv,pvInd_b
no_m,2,h0282,0.19746645302568233,scr2016,avaConv,pvInd_b
no_m,2,h0283,0.1305100009743167,scr2016,avaConv,pvInd_b
no_m,2,h0284,0.07138445801663885,scr2016,avaConv,pvInd_b
no_m,2,h0285,0.029150701420235615,scr2016,avaConv,pvInd_b
no_m,2,h0286,0.009148437888465658,scr2016,avaConv,pvInd_b
no_m,2,h0287,0.0007236756988827807,scr2016,avaConv,pvInd_b
no_m,2,h0288,0.0,scr2016,avaConv,pvInd_b
no_n,2,h0241,0.0,scr2016,avaConv,pvInd_b
no_n,2,h0242,0.0,scr2016,avaConv,pvInd_b
no_n,2,h0243,0.0018990265592162127,scr2016,avaConv,pvInd_b
no_n,2,h0244,0.007706397666183114,scr2016,avaConv,pvInd_b
no_n,2,h0245,0.02450519782003656,scr2016,avaConv,pvInd_b
no_n,2,h0246,0.06931106372435472,scr2016,avaConv,pvInd_b
no_n,2,h0247,0.14819864680280428,scr2016,avaConv,pvInd_b
no_n,2,h0248,0.2624333181414169,scr2016,avaConv,pvInd_b
no_n,2,h0249,0.3797169271118951,scr2016,avaConv,pvInd_b
no_n,2,h0250,0.4785115995560274,scr2016,avaConv,pvInd_b
no_n,2,h0251,0.5353881113679252,scr2016,avaConv,pvInd_b
no_n,2,h0252,0.5507614764060937,scr2016,avaConv,pvInd_b
no_n,2,h0253,0.48456802925726783,scr2016,avaConv,pvInd_b
no_n,2,h0254,0.39782626098963375,scr2016,avaConv,pvInd_b
no_n,2,h0255,0.29889955995849526,scr2016,avaConv,pvInd_b
no_n,2,h0256,0.24068390980826662,scr2016,avaConv,pvInd_b
no_n,2,h0257,0.18052988751572074,scr2016,avaConv,pvInd_b
no_n,2,h0258,0.12518088323449805,scr2016,avaConv,pvInd_b
no_n,2,h0259,0.07774141269644924,scr2016,avaConv,pvInd_b
no_n,2,h0260,0.04166696969905447,scr2016,avaConv,pvInd_b
no_n,2,h0261,0.016897426073757663,scr2016,avaConv,pvInd_b
no_n,2,h0262,0.004997842803304495,scr2016,avaConv,pvInd_b
no_n,2,h0263,0.0002412635804074465,scr2016,avaConv,pvInd_b
no_n,2,h0264,0.0,scr2016,avaConv,pvInd_b
no_n,2,h0265,0.0,scr2016,avaConv,pvInd_b
no_n,2,h0266,0.0008519163493872662,scr2016,avaConv,pvInd_b
no_n,2,h0267,0.004132181180143825,scr2016,avaConv,pvInd_b
no_n,2,h0268,0.010475326574220886,scr2016,avaConv,pvInd_b
no_n,2,h0269,0.028178513554412164,scr2016,avaConv,pvInd_b
no_n,2,h0270,0.06875683631506561,scr2016,avaConv,pvInd_b
no_n,2,h0271,0.13795947090441144,scr2016,avaConv,pvInd_b
no_n,2,h0272,0.2239800031083661,scr2016,avaConv,pvInd_b
no_n,2,h0273,0.3158587603856847,scr2016,avaConv,pvInd_b
no_n,2,h0274,0.4080851885980646,scr2016,avaConv,pvInd_b
no_n,2,h0275,0.48669117925955574,scr2016,avaConv,pvInd_b
no_n,2,h0276,0.5272319406142342,scr2016,avaConv,pvInd_b
no_n,2,h0277,0.5629260502995455,scr2016,avaConv,pvInd_b
no_n,2,h0278,0.5638138719155045,scr2016,avaConv,pvInd_b
no_n,2,h0279,0.5396463371372401,scr2016,avaConv,pvInd_b
no_n,2,h0280,0.446150981191111,scr2016,avaConv,pvInd_b
no_n,2,h0281,0.3266393372965969,scr2016,avaConv,pvInd_b
no_n,2,h0282,0.20143108511101646,scr2016,avaConv,pvInd_b
no_n,2,h0283,0.1019104806864769,scr2016,avaConv,pvInd_b
no_n,2,h0284,0.04386055284388128,scr2016,avaConv,pvInd_b
no_n,2,h0285,0.01874887233714002,scr2016,avaConv,pvInd_b
no_n,2,h0286,0.008140927212914463,scr2016,avaConv,pvInd_b
no_n,2,h0287,0.002029566862285167,scr2016,avaConv,pvInd_b
no_n,2,h0288,0.0,scr2016,avaConv,pvInd_b
no_s,2,h0241,0.0,scr2016,avaConv,pvInd_b
no_s,2,h0242,0.0,scr2016,avaConv,pvInd_b
no_s,2,h0243,0.0,scr2016,avaConv,pvInd_b
no_s,2,h0244,0.0,scr2016,avaConv,pvInd_b
no_s,2,h0245,0.00035226450960399754,scr2016,avaConv,pvInd_b
no_s,2,h0246,0.004988587536661772,scr2016,avaConv,pvInd_b
no_s,2,h0247,0.03304409851261458,scr2016,avaConv,pvInd_b
no_s,2,h0248,0.09144533492467025,scr2016,avaConv,pvInd_b
no_s,2,h0249,0.17207298261611342,scr2016,avaConv,pvInd_b
no_s,2,h0250,0.24120004241783316,scr2016,avaConv,pvInd_b
no_s,2,h0251,0.2934349306616988,scr2016,avaConv,pvInd_b
no_s,2,h0252,0.32813315227987727,scr2016,avaConv,pvInd_b
no_s,2,h0253,0.5178549115037396,scr2016,avaConv,pvInd_b
no_s,2,h0254,0.6892606281501235,scr2016,avaConv,pvInd_b
no_s,2,h0255,0.8180121744185643,scr2016,avaConv,pvInd_b
no_s,2,h0256,0.68816608360806,scr2016,avaConv,pvInd_b
no_s,2,h0257,0.5062412347198431,scr2016,avaConv,pvInd_b
no_s,2,h0258,0.2976258828760662,scr2016,avaConv,pvInd_b
no_s,2,h0259,0.13046348789024384,scr2016,avaConv,pvInd_b
no_s,2,h0260,0.037042845797205695,scr2016,avaConv,pvInd_b
no_s,2,h0261,0.007046444993510942,scr2016,avaConv,pvInd_b
no_s,2,h0262,0.0009561595477426849,scr2016,avaConv,pvInd_b
no_s,2,h0263,0.0,scr2016,avaConv,pvInd_b
no_s,2,h0264,0.0,scr2016,avaConv,pvInd_b
no_s,2,h0265,0.0,scr2016,avaConv,pvInd_b
no_s,2,h0266,0.0,scr2016,avaConv,pvInd_b
no_s,2,h0267,0.0,scr2016,avaConv,pvInd_b
no_s,2,h0268,0.0,scr2016,avaConv,pvInd_b
no_s,2,h0269,0.0007614071840442319,scr2016,avaConv,pvInd_b
no_s,2,h0270,0.005040284060394372,scr2016,avaConv,pvInd_b
no_s,2,h0271,0.05581637622134336,scr2016,avaConv,pvInd_b
no_s,2,h0272,0.184117244880564,scr2016,avaConv,pvInd_b
no_s,2,h0273,0.39154941179124525,scr2016,avaConv,pvInd_b
no_s,2,h0274,0.5899468295094441,scr2016,avaConv,pvInd_b
no_s,2,h0275,0.7401648574644849,scr2016,avaConv,pvInd_b
no_s,2,h0276,0.817952507626637,scr2016,avaConv,pvInd_b
no_s,2,h0277,0.6027091799936944,scr2016,avaConv,pvInd_b
no_s,2,h0278,0.3813619390399294,scr2016,avaConv,pvInd_b
no_s,2,h0279,0.1793359814689342,scr2016,avaConv,pvInd_b
no_s,2,h0280,0.15915292907011588,scr2016,avaConv,pvInd_b
no_s,2,h0281,0.12191732415481502,scr2016,avaConv,pvInd_b
no_s,2,h0282,0.081041855149497,scr2016,avaConv,pvInd_b
no_s,2,h0283,0.047785025719255934,scr2016,avaConv,pvInd_b
no_s,2,h0284,0.023151415033366766,scr2016,avaConv,pvInd_b
no_s,2,h0285,0.00811141387757442,scr2016,avaConv,pvInd_b
no_s,2,h0286,0.0014985633368020568,scr2016,avaConv,pvInd_b
no_s,2,h0287,0.0,scr2016,avaConv,pvInd_b
no_s,2,h0288,0.0,scr2016,avaConv,pvInd_b
pl,2,h0241,0.0,scr2016,avaConv,pvInd_b
pl,2,h0242,0.0,scr2016,avaConv,pvInd_b
pl,2,h0243,0.0,scr2016,avaConv,pvInd_b
pl,2,h0244,0.0,scr2016,avaConv,pvInd_b
pl,2,h0245,0.001964603359010641,scr2016,avaConv,pvInd_b
pl,2,h0246,0.027425298625393408,scr2016,avaConv,pvInd_b
pl,2,h0247,0.10148251195633569,scr2016,avaConv,pvInd_b
pl,2,h0248,0.23154905088963965,scr2016,avaConv,pvInd_b
pl,2,h0249,0.376787199898607,scr2016,avaConv,pvInd_b
pl,2,h0250,0.5052276997636276,scr2016,avaConv,pvInd_b
pl,2,h0251,0.5904218493071357,scr2016,avaConv,pvInd_b
pl,2,h0252,0.6166043177640841,scr2016,avaConv,pvInd_b
pl,2,h0253,0.6578623081635069,scr2016,avaConv,pvInd_b
pl,2,h0254,0.6465161153078746,scr2016,avaConv,pvInd_b
pl,2,h0255,0.5975456336648819,scr2016,avaConv,pvInd_b
pl,2,h0256,0.4514865777414135,scr2016,avaConv,pvInd_b
pl,2,h0257,0.2956821790863634,scr2016,avaConv,pvInd_b
pl,2,h0258,0.15793287239737763,scr2016,avaConv,pvInd_b
pl,2,h0259,0.059336368099142146,scr2016,avaConv,pvInd_b
pl,2,h0260,0.013022078629273176,scr2016,avaConv,pvInd_b
pl,2,h0261,0.0008703158744631858,scr2016,avaConv,pvInd_b
pl,2,h0262,0.0,scr2016,avaConv,pvInd_b
pl,2,h0263,0.0,scr2016,avaConv,pvInd_b
pl,2,h0264,0.0,scr2016,avaConv,pvInd_b
pl,2,h0265,0.0,scr2016,avaConv,pvInd_b
pl,2,h0266,0.0,scr2016,avaConv,pvInd_b
pl,2,h0267,0.0,scr2016,avaConv,pvInd_b
pl,2,h0268,0.0,scr2016,avaConv,pvInd_b
pl,2,h0269,0.0033454690988327543,scr2016,avaConv,pvInd_b
pl,2,h0270,0.03361102465141052,scr2016,avaConv,pvInd_b
pl,2,h0271,0.08591755771165274,scr2016,avaConv,pvInd_b
pl,2,h0272,0.16226235961953653,scr2016,avaConv,pvInd_b
pl,2,h0273,0.23748643466890476,scr2016,avaConv,pvInd_b
pl,2,h0274,0.3212221806416413,scr2016,avaConv,pvInd_b
pl,2,h0275,0.3951501894681905,scr2016,avaConv,pvInd_b
pl,2,h0276,0.4329045150789482,scr2016,avaConv,pvInd_b
pl,2,h0277,0.46508676586157427,scr2016,avaConv,pvInd_b
pl,2,h0278,0.46059387931441975,scr2016,avaConv,pvInd_b
pl,2,h0279,0.4313972657854148,scr2016,avaConv,pvInd_b
pl,2,h0280,0.3468293042260709,scr2016,avaConv,pvInd_b
pl,2,h0281,0.2436296907213748,scr2016,avaConv,pvInd_b
pl,2,h0282,0.13981009227165583,scr2016,avaConv,pvInd_b
pl,2,h0283,0.059783320321650055,scr2016,avaConv,pvInd_b
pl,2,h0284,0.016648585056661638,scr2016,avaConv,pvInd_b
pl,2,h0285,0.0024186053063550536,scr2016,avaConv,pvInd_b
pl,2,h0286,0.0,scr2016,avaConv,pvInd_b
pl,2,h0287,0.0,scr2016,avaConv,pvInd_b
pl,2,h0288,0.0,scr2016,avaConv,pvInd_b
pt,2,h0241,0.0,scr2016,avaConv,pvInd_b
pt,2,h0242,0.0,scr2016,avaConv,pvInd_b
pt,2,h0243,0.0,scr2016,avaConv,pvInd_b
pt,2,h0244,0.0,scr2016,avaConv,pvInd_b
pt,2,h0245,0.0,scr2016,avaConv,pvInd_b
pt,2,h0246,0.0,scr2016,avaConv,pvInd_b
pt,2,h0247,0.0016450174660570514,scr2016,avaConv,pvInd_b
pt,2,h0248,0.025711970242580158,scr2016,avaConv,pvInd_b
pt,2,h0249,0.0909973928060843,scr2016,avaConv,pvInd_b
pt,2,h0250,0.19176619375652665,scr2016,avaConv,pvInd_b
pt,2,h0251,0.30331618419424905,scr2016,avaConv,pvInd_b
pt,2,h0252,0.41952941633330754,scr2016,avaConv,pvInd_b
pt,2,h0253,0.5647310452375983,scr2016,avaConv,pvInd_b
pt,2,h0254,0.6429439168596962,scr2016,avaConv,pvInd_b
pt,2,h0255,0.6287620702623318,scr2016,avaConv,pvInd_b
pt,2,h0256,0.5112531416219177,scr2016,avaConv,pvInd_b
pt,2,h0257,0.38714915081919576,scr2016,avaConv,pvInd_b
pt,2,h0258,0.27626954771053164,scr2016,avaConv,pvInd_b
pt,2,h0259,0.1772970285762543,scr2016,avaConv,pvInd_b
pt,2,h0260,0.0814179852265056,scr2016,avaConv,pvInd_b
pt,2,h0261,0.02374290483465462,scr2016,avaConv,pvInd_b
pt,2,h0262,0.00014835545866327319,scr2016,avaConv,pvInd_b
pt,2,h0263,0.0,scr2016,avaConv,pvInd_b
pt,2,h0264,0.0,scr2016,avaConv,pvInd_b
pt,2,h0265,0.0,scr2016,avaConv,pvInd_b
pt,2,h0266,0.0,scr2016,avaConv,pvInd_b
pt,2,h0267,0.0,scr2016,avaConv,pvInd_b
pt,2,h0268,0.0,scr2016,avaConv,pvInd_b
pt,2,h0269,0.0,scr2016,avaConv,pvInd_b
pt,2,h0270,0.0,scr2016,avaConv,pvInd_b
pt,2,h0271,0.0029147277899609437,scr2016,avaConv,pvInd_b
pt,2,h0272,0.027901660592947727,scr2016,avaConv,pvInd_b
pt,2,h0273,0.09946578432103302,scr2016,avaConv,pvInd_b
pt,2,h0274,0.23026514801465933,scr2016,avaConv,pvInd_b
pt,2,h0275,0.37317572031931706,scr2016,avaConv,pvInd_b
pt,2,h0276,0.4685004936525868,scr2016,avaConv,pvInd_b
pt,2,h0277,0.5094369470561406,scr2016,avaConv,pvInd_b
pt,2,h0278,0.504085907214851,scr2016,avaConv,pvInd_b
pt,2,h0279,0.4943312458978091,scr2016,avaConv,pvInd_b
pt,2,h0280,0.4655924223511228,scr2016,avaConv,pvInd_b
pt,2,h0281,0.4090829982789773,scr2016,avaConv,pvInd_b
pt,2,h0282,0.32096519608587465,scr2016,avaConv,pvInd_b
pt,2,h0283,0.20797390981140867,scr2016,avaConv,pvInd_b
pt,2,h0284,0.09630655318695996,scr2016,avaConv,pvInd_b
pt,2,h0285,0.028167745765029794,scr2016,avaConv,pvInd_b
pt,2,h0286,0.0006992107339239235,scr2016,avaConv,pvInd_b
pt,2,h0287,0.0,scr2016,avaConv,pvInd_b
pt,2,h0288,0.0,scr2016,avaConv,pvInd_b
ro,2,h0241,0.0,scr2016,avaConv,pvInd_b
ro,2,h0242,0.0,scr2016,avaConv,pvInd_b
ro,2,h0243,0.0,scr2016,avaConv,pvInd_b
ro,2,h0244,0.0,scr2016,avaConv,pvInd_b
ro,2,h0245,0.008593750885688698,scr2016,avaConv,pvInd_b
ro,2,h0246,0.05136757979877525,scr2016,avaConv,pvInd_b
ro,2,h0247,0.13936089691073775,scr2016,avaConv,pvInd_b
ro,2,h0248,0.27766570089632947,scr2016,avaConv,pvInd_b
ro,2,h0249,0.42390832315208526,scr2016,avaConv,pvInd_b
ro,2,h0250,0.5617093369174959,scr2016,avaConv,pvInd_b
ro,2,h0251,0.6524417619881855,scr2016,avaConv,pvInd_b
ro,2,h0252,0.702102996844131,scr2016,avaConv,pvInd_b
ro,2,h0253,0.5970965635739378,scr2016,avaConv,pvInd_b
ro,2,h0254,0.47099736280447874,scr2016,avaConv,pvInd_b
ro,2,h0255,0.3296120897408632,scr2016,avaConv,pvInd_b
ro,2,h0256,0.2751332038709708,scr2016,avaConv,pvInd_b
ro,2,h0257,0.19280714047021236,scr2016,avaConv,pvInd_b
ro,2,h0258,0.10068583580142768,scr2016,avaConv,pvInd_b
ro,2,h0259,0.033662587169563475,scr2016,avaConv,pvInd_b
ro,2,h0260,0.004701632828382864,scr2016,avaConv,pvInd_b
ro,2,h0261,0.0,scr2016,avaConv,pvInd_b
ro,2,h0262,0.0,scr2016,avaConv,pvInd_b
ro,2,h0263,0.0,scr2016,avaConv,pvInd_b
ro,2,h0264,0.0,scr2016,avaConv,pvInd_b
ro,2,h0265,0.0,scr2016,avaConv,pvInd_b
ro,2,h0266,0.0,scr2016,avaConv,pvInd_b
ro,2,h0267,0.0,scr2016,avaConv,pvInd_b
ro,2,h0268,0.0,scr2016,avaConv,pvInd_b
ro,2,h0269,0.01005485511953028,scr2016,avaConv,pvInd_b
ro,2,h0270,0.0678789680538398,scr2016,avaConv,pvInd_b
ro,2,h0271,0.17617718457013024,scr2016,avaConv,pvInd_b
ro,2,h0272,0.3230246657370127,scr2016,avaConv,pvInd_b
ro,2,h0273,0.45271554314315077,scr2016,avaConv,pvInd_b
ro,2,h0274,0.5522307037789271,scr2016,avaConv,pvInd_b
ro,2,h0275,0.600022284542019,scr2016,avaConv,pvInd_b
ro,2,h0276,0.6036884045927731,scr2016,avaConv,pvInd_b
ro,2,h0277,0.6147940960569042,scr2016,avaConv,pvInd_b
ro,2,h0278,0.59379484955292,scr2016,avaConv,pvInd_b
ro,2,h0279,0.5398285984754198,scr2016,avaConv,pvInd_b
ro,2,h0280,0.40955974470868456,scr2016,avaConv,pvInd_b
ro,2,h0281,0.26463096224604266,scr2016,avaConv,pvInd_b
ro,2,h0282,0.1320312727392999,scr2016,avaConv,pvInd_b
ro,2,h0283,0.04399029246310835,scr2016,avaConv,pvInd_b
ro,2,h0284,0.006697806350162676,scr2016,avaConv,pvInd_b
ro,2,h0285,0.0,scr2016,avaConv,pvInd_b
ro,2,h0286,0.0,scr2016,avaConv,pvInd_b
ro,2,h0287,0.0,scr2016,avaConv,pvInd_b
ro,2,h0288,0.0,scr2016,avaConv,pvInd_b
rs,2,h0241,0.0,scr2016,avaConv,pvInd_b
rs,2,h0242,0.0,scr2016,avaConv,pvInd_b
rs,2,h0243,0.0,scr2016,avaConv,pvInd_b
rs,2,h0244,0.0,scr2016,avaConv,pvInd_b
rs,2,h0245,0.0030274439525302546,scr2016,avaConv,pvInd_b
rs,2,h0246,0.030820195890007694,scr2016,avaConv,pvInd_b
rs,2,h0247,0.12502796376498698,scr2016,avaConv,pvInd_b
rs,2,h0248,0.2854412927666035,scr2016,avaConv,pvInd_b
rs,2,h0249,0.4726856763409212,scr2016,avaConv,pvInd_b
rs,2,h0250,0.6255211002336722,scr2016,avaConv,pvInd_b
rs,2,h0251,0.7167151593991304,scr2016,avaConv,pvInd_b
rs,2,h0252,0.7462395914878007,scr2016,avaConv,pvInd_b
rs,2,h0253,0.6123022047447441,scr2016,avaConv,pvInd_b
rs,2,h0254,0.46237342430104417,scr2016,avaConv,pvInd_b
rs,2,h0255,0.3016155824199443,scr2016,avaConv,pvInd_b
rs,2,h0256,0.23680778785499168,scr2016,avaConv,pvInd_b
rs,2,h0257,0.16185236692471977,scr2016,avaConv,pvInd_b
rs,2,h0258,0.0878000180540428,scr2016,avaConv,pvInd_b
rs,2,h0259,0.03343630455027434,scr2016,avaConv,pvInd_b
rs,2,h0260,0.00576177622542807,scr2016,avaConv,pvInd_b
rs,2,h0261,0.0,scr2016,avaConv,pvInd_b
rs,2,h0262,0.0,scr2016,avaConv,pvInd_b
rs,2,h0263,0.0,scr2016,avaConv,pvInd_b
rs,2,h0264,0.0,scr2016,avaConv,pvInd_b
rs,2,h0265,0.0,scr2016,avaConv,pvInd_b
rs,2,h0266,0.0,scr2016,avaConv,pvInd_b
rs,2,h0267,0.0,scr2016,avaConv,pvInd_b
rs,2,h0268,0.0,scr2016,avaConv,pvInd_b
rs,2,h0269,0.0035722865873801814,scr2016,avaConv,pvInd_b
rs,2,h0270,0.044493054740853084,scr2016,avaConv,pvInd_b
rs,2,h0271,0.1382168068188553,scr2016,avaConv,pvInd_b
rs,2,h0272,0.2864500756474309,scr2016,avaConv,pvInd_b
rs,2,h0273,0.4352205918855594,scr2016,avaConv,pvInd_b
rs,2,h0274,0.5672435442384366,scr2016,avaConv,pvInd_b
rs,2,h0275,0.6504761585551283,scr2016,avaConv,pvInd_b
rs,2,h0276,0.681891990928327,scr2016,avaConv,pvInd_b
rs,2,h0277,0.6953920639513292,scr2016,avaConv,pvInd_b
rs,2,h0278,0.6804797924646583,scr2016,avaConv,pvInd_b
rs,2,h0279,0.6280090322262202,scr2016,avaConv,pvInd_b
rs,2,h0280,0.49499734334452666,scr2016,avaConv,pvInd_b
rs,2,h0281,0.32163804022881487,scr2016,avaConv,pvInd_b
rs,2,h0282,0.1564303609712492,scr2016,avaConv,pvInd_b
rs,2,h0283,0.04999695647091922,scr2016,avaConv,pvInd_b
rs,2,h0284,0.006921143646645811,scr2016,avaConv,pvInd_b
rs,2,h0285,0.0,scr2016,avaConv,pvInd_b
rs,2,h0286,0.0,scr2016,avaConv,pvInd_b
rs,2,h0287,0.0,scr2016,avaConv,pvInd_b
rs,2,h0288,0.0,scr2016,avaConv,pvInd_b
se_1,2,h0241,0.0,scr2016,avaConv,pvInd_b
se_1,2,h0242,0.0,scr2016,avaConv,pvInd_b
se_1,2,h0243,0.0,scr2016,avaConv,pvInd_b
se_1,2,h0244,0.0014982513676743837,scr2016,avaConv,pvInd_b
se_1,2,h0245,0.009242169181847448,scr2016,avaConv,pvInd_b
se_1,2,h0246,0.03616874373093952,scr2016,avaConv,pvInd_b
se_1,2,h0247,0.14149128003030617,scr2016,avaConv,pvInd_b
se_1,2,h0248,0.3312932261387381,scr2016,avaConv,pvInd_b
se_1,2,h0249,0.5766902373713255,scr2016,avaConv,pvInd_b
se_1,2,h0250,0.7120038895346233,scr2016,avaConv,pvInd_b
se_1,2,h0251,0.7194565012291392,scr2016,avaConv,pvInd_b
se_1,2,h0252,0.6571190569239561,scr2016,avaConv,pvInd_b
se_1,2,h0253,0.701882124483027,scr2016,avaConv,pvInd_b
se_1,2,h0254,0.7512520863214878,scr2016,avaConv,pvInd_b
se_1,2,h0255,0.7325262212961038,scr2016,avaConv,pvInd_b
se_1,2,h0256,0.5521482843457849,scr2016,avaConv,pvInd_b
se_1,2,h0257,0.34532150511190246,scr2016,avaConv,pvInd_b
se_1,2,h0258,0.17270627718667367,scr2016,avaConv,pvInd_b
se_1,2,h0259,0.06485405293136627,scr2016,avaConv,pvInd_b
se_1,2,h0260,0.01696862373408642,scr2016,avaConv,pvInd_b
se_1,2,h0261,0.0044410071283337745,scr2016,avaConv,pvInd_b
se_1,2,h0262,0.0004334478847576077,scr2016,avaConv,pvInd_b
se_1,2,h0263,0.0,scr2016,avaConv,pvInd_b
se_1,2,h0264,0.0,scr2016,avaConv,pvInd_b
se_1,2,h0265,0.0,scr2016,avaConv,pvInd_b
se_1,2,h0266,0.0,scr2016,avaConv,pvInd_b
se_1,2,h0267,0.0004376428250586181,scr2016,avaConv,pvInd_b
se_1,2,h0268,0.002971653716707241,scr2016,avaConv,pvInd_b
se_1,2,h0269,0.009803344773648158,scr2016,avaConv,pvInd_b
se_1,2,h0270,0.019850499498558945,scr2016,avaConv,pvInd_b
se_1,2,h0271,0.12022272403119824,scr2016,avaConv,pvInd_b
se_1,2,h0272,0.29334123899037345,scr2016,avaConv,pvInd_b
se_1,2,h0273,0.49841506106981914,scr2016,avaConv,pvInd_b
se_1,2,h0274,0.5521320441985506,scr2016,avaConv,pvInd_b
se_1,2,h0275,0.5422041978302184,scr2016,avaConv,pvInd_b
se_1,2,h0276,0.5068480705272337,scr2016,avaConv,pvInd_b
se_1,2,h0277,0.5976073190696423,scr2016,avaConv,pvInd_b
se_1,2,h0278,0.6446809121846138,scr2016,avaConv,pvInd_b
se_1,2,h0279,0.6520035363373994,scr2016,avaConv,pvInd_b
se_1,2,h0280,0.48582493911183333,scr2016,avaConv,pvInd_b
se_1,2,h0281,0.31775173101097504,scr2016,avaConv,pvInd_b
se_1,2,h0282,0.16557574290311755,scr2016,avaConv,pvInd_b
se_1,2,h0283,0.070090362737579,scr2016,avaConv,pvInd_b
se_1,2,h0284,0.022302348413170633,scr2016,avaConv,pvInd_b
se_1,2,h0285,0.007424945962290425,scr2016,avaConv,pvInd_b
se_1,2,h0286,0.0015659681971147558,scr2016,avaConv,pvInd_b
se_1,2,h0287,0.0,scr2016,avaConv,pvInd_b
se_1,2,h0288,0.0,scr2016,avaConv,pvInd_b
se_2,2,h0241,0.0,scr2016,avaConv,pvInd_b
se_2,2,h0242,0.0,scr2016,avaConv,pvInd_b
se_2,2,h0243,0.0,scr2016,avaConv,pvInd_b
se_2,2,h0244,0.0003305435725155551,scr2016,avaConv,pvInd_b
se_2,2,h0245,0.004648514406330075,scr2016,avaConv,pvInd_b
se_2,2,h0246,0.029713642212926415,scr2016,avaConv,pvInd_b
se_2,2,h0247,0.09923456887404856,scr2016,avaConv,pvInd_b
se_2,2,h0248,0.22271059056885373,scr2016,avaConv,pvInd_b
se_2,2,h0249,0.3702242254418167,scr2016,avaConv,pvInd_b
se_2,2,h0250,0.4768946796777867,scr2016,avaConv,pvInd_b
se_2,2,h0251,0.5232876071815783,scr2016,avaConv,pvInd_b
se_2,2,h0252,0.5226265026919102,scr2016,avaConv,pvInd_b
se_2,2,h0253,0.4858357909514399,scr2016,avaConv,pvInd_b
se_2,2,h0254,0.41999197137211386,scr2016,avaConv,pvInd_b
se_2,2,h0255,0.33415663021048075,scr2016,avaConv,pvInd_b
se_2,2,h0256,0.2612158867882354,scr2016,avaConv,pvInd_b
se_2,2,h0257,0.19563253121668658,scr2016,avaConv,pvInd_b
se_2,2,h0258,0.12549823960264941,scr2016,avaConv,pvInd_b
se_2,2,h0259,0.061475647595022186,scr2016,avaConv,pvInd_b
se_2,2,h0260,0.019734654579938428,scr2016,avaConv,pvInd_b
se_2,2,h0261,0.0036772290177372784,scr2016,avaConv,pvInd_b
se_2,2,h0262,0.0003826057655423911,scr2016,avaConv,pvInd_b
se_2,2,h0263,0.0,scr2016,avaConv,pvInd_b
se_2,2,h0264,0.0,scr2016,avaConv,pvInd_b
se_2,2,h0265,0.0,scr2016,avaConv,pvInd_b
se_2,2,h0266,0.0,scr2016,avaConv,pvInd_b
se_2,2,h0267,0.0,scr2016,avaConv,pvInd_b
se_2,2,h0268,0.0016788272998624944,scr2016,avaConv,pvInd_b
se_2,2,h0269,0.009802207328874834,scr2016,avaConv,pvInd_b
se_2,2,h0270,0.030273768170034587,scr2016,avaConv,pvInd_b
se_2,2,h0271,0.06158396297637673,scr2016,avaConv,pvInd_b
se_2,2,h0272,0.10015726335541333,scr2016,avaConv,pvInd_b
se_2,2,h0273,0.13756000791925094,scr2016,avaConv,pvInd_b
se_2,2,h0274,0.16351329487289176,scr2016,avaConv,pvInd_b
se_2,2,h0275,0.16531366860544655,scr2016,avaConv,pvInd_b
se_2,2,h0276,0.14589248476732972,scr2016,avaConv,pvInd_b
se_2,2,h0277,0.20043232189640606,scr2016,avaConv,pvInd_b
se_2,2,h0278,0.26623118621709796,scr2016,avaConv,pvInd_b
se_2,2,h0279,0.33200782045823923,scr2016,avaConv,pvInd_b
se_2,2,h0280,0.2911589452987362,scr2016,avaConv,pvInd_b
se_2,2,h0281,0.22949589482871555,scr2016,avaConv,pvInd_b
se_2,2,h0282,0.15564488836492743,scr2016,avaConv,pvInd_b
se_2,2,h0283,0.08701564340506177,scr2016,avaConv,pvInd_b
se_2,2,h0284,0.035990936907281265,scr2016,avaConv,pvInd_b
se_2,2,h0285,0.009466187372686641,scr2016,avaConv,pvInd_b
se_2,2,h0286,0.0016624124006797134,scr2016,avaConv,pvInd_b
se_2,2,h0287,0.0,scr2016,avaConv,pvInd_b
se_2,2,h0288,0.0,scr2016,avaConv,pvInd_b
se_3,2,h0241,0.0,scr2016,avaConv,pvInd_b
se_3,2,h0242,0.0,scr2016,avaConv,pvInd_b
se_3,2,h0243,0.0,scr2016,avaConv,pvInd_b
se_3,2,h0244,0.0,scr2016,avaConv,pvInd_b
se_3,2,h0245,0.001422767707378777,scr2016,avaConv,pvInd_b
se_3,2,h0246,0.016309322691243643,scr2016,avaConv,pvInd_b
se_3,2,h0247,0.05892173855717384,scr2016,avaConv,pvInd_b
se_3,2,h0248,0.13389157143589905,scr2016,avaConv,pvInd_b
se_3,2,h0249,0.22056194463223636,scr2016,avaConv,pvInd_b
se_3,2,h0250,0.2986395651603179,scr2016,avaConv,pvInd_b
se_3,2,h0251,0.3586364050157283,scr2016,avaConv,pvInd_b
se_3,2,h0252,0.39653750434688273,scr2016,avaConv,pvInd_b
se_3,2,h0253,0.35374790528699324,scr2016,avaConv,pvInd_b
se_3,2,h0254,0.28465168464161694,scr2016,avaConv,pvInd_b
se_3,2,h0255,0.20325871903695586,scr2016,avaConv,pvInd_b
se_3,2,h0256,0.16563200753520047,scr2016,avaConv,pvInd_b
se_3,2,h0257,0.12646145439511292,scr2016,avaConv,pvInd_b
se_3,2,h0258,0.083094171290712,scr2016,avaConv,pvInd_b
se_3,2,h0259,0.04437032773997371,scr2016,avaConv,pvInd_b
se_3,2,h0260,0.016205161630783848,scr2016,avaConv,pvInd_b
se_3,2,h0261,0.0035802392160353877,scr2016,avaConv,pvInd_b
se_3,2,h0262,0.0,scr2016,avaConv,pvInd_b
se_3,2,h0263,0.0,scr2016,avaConv,pvInd_b
se_3,2,h0264,0.0,scr2016,avaConv,pvInd_b
se_3,2,h0265,0.0,scr2016,avaConv,pvInd_b
se_3,2,h0266,0.0,scr2016,avaConv,pvInd_b
se_3,2,h0267,0.0,scr2016,avaConv,pvInd_b
se_3,2,h0268,0.00023963852719819612,scr2016,avaConv,pvInd_b
se_3,2,h0269,0.004553393222408178,scr2016,avaConv,pvInd_b
se_3,2,h0270,0.023795511191725693,scr2016,avaConv,pvInd_b
se_3,2,h0271,0.08580641864371674,scr2016,avaConv,pvInd_b
se_3,2,h0272,0.18802430546260773,scr2016,avaConv,pvInd_b
se_3,2,h0273,0.31244198396489087,scr2016,avaConv,pvInd_b
se_3,2,h0274,0.40320752131216975,scr2016,avaConv,pvInd_b
se_3,2,h0275,0.4276915258235323,scr2016,avaConv,pvInd_b
se_3,2,h0276,0.3793982988214816,scr2016,avaConv,pvInd_b
se_3,2,h0277,0.34251862663326216,scr2016,avaConv,pvInd_b
se_3,2,h0278,0.3155348470847268,scr2016,avaConv,pvInd_b
se_3,2,h0279,0.29595338403813504,scr2016,avaConv,pvInd_b
se_3,2,h0280,0.23346176265941398,scr2016,avaConv,pvInd_b
se_3,2,h0281,0.16618069909227035,scr2016,avaConv,pvInd_b
se_3,2,h0282,0.10736767087517042,scr2016,avaConv,pvInd_b
se_3,2,h0283,0.05724185048529872,scr2016,avaConv,pvInd_b
se_3,2,h0284,0.02211261104492633,scr2016,avaConv,pvInd_b
se_3,2,h0285,0.005360242034899904,scr2016,avaConv,pvInd_b
se_3,2,h0286,0.0005495123738987236,scr2016,avaConv,pvInd_b
se_3,2,h0287,0.0,scr2016,avaConv,pvInd_b
se_3,2,h0288,0.0,scr2016,avaConv,pvInd_b
se_4,2,h0241,0.0,scr2016,avaConv,pvInd_b
se_4,2,h0242,0.0,scr2016,avaConv,pvInd_b
se_4,2,h0243,0.0,scr2016,avaConv,pvInd_b
se_4,2,h0244,0.0,scr2016,avaConv,pvInd_b
se_4,2,h0245,0.0011335620005065426,scr2016,avaConv,pvInd_b
se_4,2,h0246,0.015441779503511313,scr2016,avaConv,pvInd_b
se_4,2,h0247,0.08746966628023808,scr2016,avaConv,pvInd_b
se_4,2,h0248,0.2349312652561815,scr2016,avaConv,pvInd_b
se_4,2,h0249,0.4326937709179324,scr2016,avaConv,pvInd_b
se_4,2,h0250,0.607384761823364,scr2016,avaConv,pvInd_b
se_4,2,h0251,0.7321409877085517,scr2016,avaConv,pvInd_b
se_4,2,h0252,0.7993362169719089,scr2016,avaConv,pvInd_b
se_4,2,h0253,0.6128340616136485,scr2016,avaConv,pvInd_b
se_4,2,h0254,0.4021694008030862,scr2016,avaConv,pvInd_b
se_4,2,h0255,0.19140845874836024,scr2016,avaConv,pvInd_b
se_4,2,h0256,0.15721006276890273,scr2016,avaConv,pvInd_b
se_4,2,h0257,0.1178541546786819,scr2016,avaConv,pvInd_b
se_4,2,h0258,0.07756964814442655,scr2016,avaConv,pvInd_b
se_4,2,h0259,0.039641255735937714,scr2016,avaConv,pvInd_b
se_4,2,h0260,0.013733337066289236,scr2016,avaConv,pvInd_b
se_4,2,h0261,0.003114988136937245,scr2016,avaConv,pvInd_b
se_4,2,h0262,0.0,scr2016,avaConv,pvInd_b
se_4,2,h0263,0.0,scr2016,avaConv,pvInd_b
se_4,2,h0264,0.0,scr2016,avaConv,pvInd_b
se_4,2,h0265,0.0,scr2016,avaConv,pvInd_b
se_4,2,h0266,0.0,scr2016,avaConv,pvInd_b
se_4,2,h0267,0.0,scr2016,avaConv,pvInd_b
se_4,2,h0268,0.0,scr2016,avaConv,pvInd_b
se_4,2,h0269,0.003473055530220977,scr2016,avaConv,pvInd_b
se_4,2,h0270,0.023699406954240748,scr2016,avaConv,pvInd_b
se_4,2,h0271,0.060945579401861204,scr2016,avaConv,pvInd_b
se_4,2,h0272,0.1273912562340521,scr2016,avaConv,pvInd_b
se_4,2,h0273,0.21696175511711768,scr2016,avaConv,pvInd_b
se_4,2,h0274,0.3276622057776854,scr2016,avaConv,pvInd_b
se_4,2,h0275,0.42028314029049535,scr2016,avaConv,pvInd_b
se_4,2,h0276,0.4690475146441899,scr2016,avaConv,pvInd_b
se_4,2,h0277,0.5405652420562027,scr2016,avaConv,pvInd_b
se_4,2,h0278,0.5774138068733538,scr2016,avaConv,pvInd_b
se_4,2,h0279,0.5825670658271712,scr2016,avaConv,pvInd_b
se_4,2,h0280,0.4866717836658079,scr2016,avaConv,pvInd_b
se_4,2,h0281,0.3582592065215165,scr2016,avaConv,pvInd_b
se_4,2,h0282,0.21348197688965184,scr2016,avaConv,pvInd_b
se_4,2,h0283,0.09377386389157667,scr2016,avaConv,pvInd_b
se_4,2,h0284,0.025342964201589983,scr2016,avaConv,pvInd_b
se_4,2,h0285,0.0035567429885466333,scr2016,avaConv,pvInd_b
se_4,2,h0286,0.0,scr2016,avaConv,pvInd_b
se_4,2,h0287,0.0,scr2016,avaConv,pvInd_b
se_4,2,h0288,0.0,scr2016,avaConv,pvInd_b
si,2,h0241,0.0,scr2016,avaConv,pvInd_b
si,2,h0242,0.0,scr2016,avaConv,pvInd_b
si,2,h0243,0.0,scr2016,avaConv,pvInd_b
si,2,h0244,0.0,scr2016,avaConv,pvInd_b
si,2,h0245,0.00012953829249864833,scr2016,avaConv,pvInd_b
si,2,h0246,0.012209223146171748,scr2016,avaConv,pvInd_b
si,2,h0247,0.046515969202668386,scr2016,avaConv,pvInd_b
si,2,h0248,0.11408421481588443,scr2016,avaConv,pvInd_b
si,2,h0249,0.19782710506529158,scr2016,avaConv,pvInd_b
si,2,h0250,0.2867203936632902,scr2016,avaConv,pvInd_b
si,2,h0251,0.35190334302646464,scr2016,avaConv,pvInd_b
si,2,h0252,0.3826848892136501,scr2016,avaConv,pvInd_b
si,2,h0253,0.48776772557027515,scr2016,avaConv,pvInd_b
si,2,h0254,0.5734796525657863,scr2016,avaConv,pvInd_b
si,2,h0255,0.6178693156947693,scr2016,avaConv,pvInd_b
si,2,h0256,0.5042531379737786,scr2016,avaConv,pvInd_b
si,2,h0257,0.3488573492543185,scr2016,avaConv,pvInd_b
si,2,h0258,0.194514378134744,scr2016,avaConv,pvInd_b
si,2,h0259,0.07668532692226984,scr2016,avaConv,pvInd_b
si,2,h0260,0.016983386626495588,scr2016,avaConv,pvInd_b
si,2,h0261,0.0009053222302446294,scr2016,avaConv,pvInd_b
si,2,h0262,0.0,scr2016,avaConv,pvInd_b
si,2,h0263,0.0,scr2016,avaConv,pvInd_b
si,2,h0264,0.0,scr2016,avaConv,pvInd_b
si,2,h0265,0.0,scr2016,avaConv,pvInd_b
si,2,h0266,0.0,scr2016,avaConv,pvInd_b
si,2,h0267,0.0,scr2016,avaConv,pvInd_b
si,2,h0268,0.0,scr2016,avaConv,pvInd_b
si,2,h0269,0.0007443878477993779,scr2016,avaConv,pvInd_b
si,2,h0270,0.01994351431075026,scr2016,avaConv,pvInd_b
si,2,h0271,0.0895204101669505,scr2016,avaConv,pvInd_b
si,2,h0272,0.22468905768143066,scr2016,avaConv,pvInd_b
si,2,h0273,0.3957150989502261,scr2016,avaConv,pvInd_b
si,2,h0274,0.5383932552754332,scr2016,avaConv,pvInd_b
si,2,h0275,0.6247496699381447,scr2016,avaConv,pvInd_b
si,2,h0276,0.6594805580330292,scr2016,avaConv,pvInd_b
si,2,h0277,0.628450193721636,scr2016,avaConv,pvInd_b
si,2,h0278,0.55131302776189,scr2016,avaConv,pvInd_b
si,2,h0279,0.42973283103239995,scr2016,avaConv,pvInd_b
si,2,h0280,0.3255003009668438,scr2016,avaConv,pvInd_b
si,2,h0281,0.23611422103896992,scr2016,avaConv,pvInd_b
si,2,h0282,0.15206924440395572,scr2016,avaConv,pvInd_b
si,2,h0283,0.07489752866779766,scr2016,avaConv,pvInd_b
si,2,h0284,0.021613995844030936,scr2016,avaConv,pvInd_b
si,2,h0285,0.002473503191243562,scr2016,avaConv,pvInd_b
si,2,h0286,0.0,scr2016,avaConv,pvInd_b
si,2,h0287,0.0,scr2016,avaConv,pvInd_b
si,2,h0288,0.0,scr2016,avaConv,pvInd_b
sk,2,h0241,0.0,scr2016,avaConv,pvInd_b
sk,2,h0242,0.0,scr2016,avaConv,pvInd_b
sk,2,h0243,0.0,scr2016,avaConv,pvInd_b
sk,2,h0244,0.0,scr2016,avaConv,pvInd_b
sk,2,h0245,0.0015072053880822596,scr2016,avaConv,pvInd_b
sk,2,h0246,0.02159905712716508,scr2016,avaConv,pvInd_b
sk,2,h0247,0.04145060559037384,scr2016,avaConv,pvInd_b
sk,2,h0248,0.08937391282520422,scr2016,avaConv,pvInd_b
sk,2,h0249,0.14824709681923234,scr2016,avaConv,pvInd_b
sk,2,h0250,0.24890860630131778,scr2016,avaConv,pvInd_b
sk,2,h0251,0.3228502173427384,scr2016,avaConv,pvInd_b
sk,2,h0252,0.36247060340676346,scr2016,avaConv,pvInd_b
sk,2,h0253,0.48815056432534576,scr2016,avaConv,pvInd_b
sk,2,h0254,0.5798463184338943,scr2016,avaConv,pvInd_b
sk,2,h0255,0.6174099498515195,scr2016,avaConv,pvInd_b
sk,2,h0256,0.4684802171812411,scr2016,avaConv,pvInd_b
sk,2,h0257,0.2977193894385242,scr2016,avaConv,pvInd_b
sk,2,h0258,0.14284323410741487,scr2016,avaConv,pvInd_b
sk,2,h0259,0.04449947395626197,scr2016,avaConv,pvInd_b
sk,2,h0260,0.006373098817279364,scr2016,avaConv,pvInd_b
sk,2,h0261,0.0,scr2016,avaConv,pvInd_b
sk,2,h0262,0.0,scr2016,avaConv,pvInd_b
sk,2,h0263,0.0,scr2016,avaConv,pvInd_b
sk,2,h0264,0.0,scr2016,avaConv,pvInd_b
sk,2,h0265,0.0,scr2016,avaConv,pvInd_b
sk,2,h0266,0.0,scr2016,avaConv,pvInd_b
sk,2,h0267,0.0,scr2016,avaConv,pvInd_b
sk,2,h0268,0.0,scr2016,avaConv,pvInd_b
sk,2,h0269,0.0017106705464647824,scr2016,avaConv,pvInd_b
sk,2,h0270,0.026666828606928553,scr2016,avaConv,pvInd_b
sk,2,h0271,0.10570077318924474,scr2016,avaConv,pvInd_b
sk,2,h0272,0.25024313923136593,scr2016,avaConv,pvInd_b
sk,2,h0273,0.4210942121438419,scr2016,avaConv,pvInd_b
sk,2,h0274,0.5593210457157611,scr2016,avaConv,pvInd_b
sk,2,h0275,0.6199924435358771,scr2016,avaConv,pvInd_b
sk,2,h0276,0.6085692070528332,scr2016,avaConv,pvInd_b
sk,2,h0277,0.5887961946121836,scr2016,avaConv,pvInd_b
sk,2,h0278,0.5559956982085943,scr2016,avaConv,pvInd_b
sk,2,h0279,0.5053354749325067,scr2016,avaConv,pvInd_b
sk,2,h0280,0.3925062674882173,scr2016,avaConv,pvInd_b
sk,2,h0281,0.2564631717466146,scr2016,avaConv,pvInd_b
sk,2,h0282,0.13002527836969321,scr2016,avaConv,pvInd_b
sk,2,h0283,0.044655950903905776,scr2016,avaConv,pvInd_b
sk,2,h0284,0.009713449865527576,scr2016,avaConv,pvInd_b
sk,2,h0285,0.0005157363035512848,scr2016,avaConv,pvInd_b
sk,2,h0286,0.0,scr2016,avaConv,pvInd_b
sk,2,h0287,0.0,scr2016,avaConv,pvInd_b
sk,2,h0288,0.0,scr2016,avaConv,pvInd_b
uk,2,h0241,0.0,scr2016,avaConv,pvInd_b
uk,2,h0242,0.0,scr2016,avaConv,pvInd_b
uk,2,h0243,0.0,scr2016,avaConv,pvInd_b
uk,2,h0244,0.0,scr2016,avaConv,pvInd_b
uk,2,h0245,0.0,scr2016,avaConv,pvInd_b
uk,2,h0246,0.0007297712785932029,scr2016,avaConv,pvInd_b
uk,2,h0247,0.015302017434633379,scr2016,avaConv,pvInd_b
uk,2,h0248,0.06081902908979187,scr2016,avaConv,pvInd_b
uk,2,h0249,0.15490978014880574,scr2016,avaConv,pvInd_b
uk,2,h0250,0.2766550456116709,scr2016,avaConv,pvInd_b
uk,2,h0251,0.40159171124135695,scr2016,avaConv,pvInd_b
uk,2,h0252,0.5023989955922064,scr2016,avaConv,pvInd_b
uk,2,h0253,0.5325062621535377,scr2016,avaConv,pvInd_b
uk,2,h0254,0.5303741787893318,scr2016,avaConv,pvInd_b
uk,2,h0255,0.4917669386258841,scr2016,avaConv,pvInd_b
uk,2,h0256,0.45689913412309235,scr2016,avaConv,pvInd_b
uk,2,h0257,0.38123081507205064,scr2016,avaConv,pvInd_b
uk,2,h0258,0.27803002857645015,scr2016,avaConv,pvInd_b
uk,2,h0259,0.15157189698445803,scr2016,avaConv,pvInd_b
uk,2,h0260,0.059621922391093596,scr2016,avaConv,pvInd_b
uk,2,h0261,0.009987597677012546,scr2016,avaConv,pvInd_b
uk,2,h0262,0.0012939166284278065,scr2016,avaConv,pvInd_b
uk,2,h0263,0.0,scr2016,avaConv,pvInd_b
uk,2,h0264,0.0,scr2016,avaConv,pvInd_b
uk,2,h0265,0.0,scr2016,avaConv,pvInd_b
uk,2,h0266,0.0,scr2016,avaConv,pvInd_b
uk,2,h0267,0.0,scr2016,avaConv,pvInd_b
uk,2,h0268,0.0,scr2016,avaConv,pvInd_b
uk,2,h0269,0.0,scr2016,avaConv,pvInd_b
uk,2,h0270,0.0017705668828776283,scr2016,avaConv,pvInd_b
uk,2,h0271,0.013060211906584733,scr2016,avaConv,pvInd_b
uk,2,h0272,0.04453111168390688,scr2016,avaConv,pvInd_b
uk,2,h0273,0.10290613053806259,scr2016,avaConv,pvInd_b
uk,2,h0274,0.17769569215590122,scr2016,avaConv,pvInd_b
uk,2,h0275,0.2475895937161305,scr2016,avaConv,pvInd_b
uk,2,h0276,0.30037288353158564,scr2016,avaConv,pvInd_b
uk,2,h0277,0.41968920726848796,scr2016,avaConv,pvInd_b
uk,2,h0278,0.5135494579993719,scr2016,avaConv,pvInd_b
uk,2,h0279,0.5715092503867006,scr2016,avaConv,pvInd_b
uk,2,h0280,0.4967761323285777,scr2016,avaConv,pvInd_b
uk,2,h0281,0.3990324175402999,scr2016,avaConv,pvInd_b
uk,2,h0282,0.2862529833697172,scr2016,avaConv,pvInd_b
uk,2,h0283,0.1624014874569183,scr2016,avaConv,pvInd_b
uk,2,h0284,0.06852801775292773,scr2016,avaConv,pvInd_b
uk,2,h0285,0.015142095820416543,scr2016,avaConv,pvInd_b
uk,2,h0286,0.002391310219151248,scr2016,avaConv,pvInd_b
uk,2,h0287,0.0,scr2016,avaConv,pvInd_b
uk,2,h0288,0.0,scr2016,avaConv,pvInd_b
ni,2,h0241,0.0,scr2016,avaConv,pvInd_b
ni,2,h0242,0.0,scr2016,avaConv,pvInd_b
ni,2,h0243,0.0,scr2016,avaConv,pvInd_b
ni,2,h0244,0.0,scr2016,avaConv,pvInd_b
ni,2,h0245,0.0,scr2016,avaConv,pvInd_b
ni,2,h0246,0.0,scr2016,avaConv,pvInd_b
ni,2,h0247,0.004273457894491992,scr2016,avaConv,pvInd_b
ni,2,h0248,0.046486609639738385,scr2016,avaConv,pvInd_b
ni,2,h0249,0.15906159833314215,scr2016,avaConv,pvInd_b
ni,2,h0250,0.3380284885341705,scr2016,avaConv,pvInd_b
ni,2,h0251,0.5199067684506027,scr2016,avaConv,pvInd_b
ni,2,h0252,0.654393442265323,scr2016,avaConv,pvInd_b
ni,2,h0253,0.681738553359996,scr2016,avaConv,pvInd_b
ni,2,h0254,0.6509721609812942,scr2016,avaConv,pvInd_b
ni,2,h0255,0.5776103917176298,scr2016,avaConv,pvInd_b
ni,2,h0256,0.5164729189320255,scr2016,avaConv,pvInd_b
ni,2,h0257,0.418719678696246,scr2016,avaConv,pvInd_b
ni,2,h0258,0.3016137265363528,scr2016,avaConv,pvInd_b
ni,2,h0259,0.18227291657322922,scr2016,avaConv,pvInd_b
ni,2,h0260,0.0896652746552536,scr2016,avaConv,pvInd_b
ni,2,h0261,0.030606870192668084,scr2016,avaConv,pvInd_b
ni,2,h0262,0.005979824014746957,scr2016,avaConv,pvInd_b
ni,2,h0263,0.0,scr2016,avaConv,pvInd_b
ni,2,h0264,0.0,scr2016,avaConv,pvInd_b
ni,2,h0265,0.0,scr2016,avaConv,pvInd_b
ni,2,h0266,0.0,scr2016,avaConv,pvInd_b
ni,2,h0267,0.0,scr2016,avaConv,pvInd_b
ni,2,h0268,0.0,scr2016,avaConv,pvInd_b
ni,2,h0269,0.0,scr2016,avaConv,pvInd_b
ni,2,h0270,0.0010606610392509745,scr2016,avaConv,pvInd_b
ni,2,h0271,0.0034665864259828187,scr2016,avaConv,pvInd_b
ni,2,h0272,0.011226795927192397,scr2016,avaConv,pvInd_b
ni,2,h0273,0.0252495496796188,scr2016,avaConv,pvInd_b
ni,2,h0274,0.04384381699419004,scr2016,avaConv,pvInd_b
ni,2,h0275,0.06084468692226918,scr2016,avaConv,pvInd_b
ni,2,h0276,0.07719513780740703,scr2016,avaConv,pvInd_b
ni,2,h0277,0.27287500826889205,scr2016,avaConv,pvInd_b
ni,2,h0278,0.5010699689904574,scr2016,avaConv,pvInd_b
ni,2,h0279,0.7066709739953904,scr2016,avaConv,pvInd_b
ni,2,h0280,0.6343775883327807,scr2016,avaConv,pvInd_b
ni,2,h0281,0.5002161928520358,scr2016,avaConv,pvInd_b
ni,2,h0282,0.3529738152022423,scr2016,avaConv,pvInd_b
ni,2,h0283,0.22229386327156636,scr2016,avaConv,pvInd_b
ni,2,h0284,0.1071064446514485,scr2016,avaConv,pvInd_b
ni,2,h0285,0.03751853920562854,scr2016,avaConv,pvInd_b
ni,2,h0286,0.003643705016237922,scr2016,avaConv,pvInd_b
ni,2,h0287,0.00026040638251373843,scr2016,avaConv,pvInd_b
ni,2,h0288,0.0,scr2016,avaConv,pvInd_b
