region_3,timestep_6,value,scenario_1,parameter,technology_3
al,h0481,0.09046611681933407,scr2006,avaConv,runOfRiver
al,h0482,0.14451945899993235,scr2006,avaConv,runOfRiver
al,h0483,0.2029916527634283,scr2006,avaConv,runOfRiver
al,h0484,0.2029916527634283,scr2006,avaConv,runOfRiver
al,h0485,0.2029916527634283,scr2006,avaConv,runOfRiver
al,h0486,0.2029916527634283,scr2006,avaConv,runOfRiver
al,h0487,0.17888919844413415,scr2006,avaConv,runOfRiver
al,h0488,0.15539606292463726,scr2006,avaConv,runOfRiver
al,h0489,0.13257830920458302,scr2006,avaConv,runOfRiver
al,h0490,0.13257830920458302,scr2006,avaConv,runOfRiver
al,h0491,0.13257830920458302,scr2006,avaConv,runOfRiver
al,h0492,0.13257830920458302,scr2006,avaConv,runOfRiver
al,h0493,0.11744764087297532,scr2006,avaConv,runOfRiver
al,h0494,0.10270402960783157,scr2006,avaConv,runOfRiver
al,h0495,0.08839001277263937,scr2006,avaConv,runOfRiver
al,h0496,0.08839001277263937,scr2006,avaConv,runOfRiver
al,h0497,0.08839001277263937,scr2006,avaConv,runOfRiver
al,h0498,0.08839001277263937,scr2006,avaConv,runOfRiver
al,h0499,0.07915093308156446,scr2006,avaConv,runOfRiver
al,h0500,0.07014529815955775,scr2006,avaConv,runOfRiver
al,h0501,0.061398403142361974,scr2006,avaConv,runOfRiver
al,h0502,0.061398403142361974,scr2006,avaConv,runOfRiver
al,h0503,0.061398403142361974,scr2006,avaConv,runOfRiver
al,h0504,0.061398403142361974,scr2006,avaConv,runOfRiver
al,h0505,0.06041970225311895,scr2006,avaConv,runOfRiver
al,h0506,0.05944482559410498,scr2006,avaConv,runOfRiver
al,h0507,0.05847383041406387,scr2006,avaConv,runOfRiver
al,h0508,0.05847383041406387,scr2006,avaConv,runOfRiver
al,h0509,0.05847383041406387,scr2006,avaConv,runOfRiver
al,h0510,0.05847383041406387,scr2006,avaConv,runOfRiver
al,h0511,0.05912072637553614,scr2006,avaConv,runOfRiver
al,h0512,0.059769356071830045,scr2006,avaConv,runOfRiver
al,h0513,0.06041970225311895,scr2006,avaConv,runOfRiver
al,h0514,0.06041970225311895,scr2006,avaConv,runOfRiver
al,h0515,0.06041970225311895,scr2006,avaConv,runOfRiver
al,h0516,0.06041970225311895,scr2006,avaConv,runOfRiver
al,h0517,0.06265444274895027,scr2006,avaConv,runOfRiver
al,h0518,0.06490838647474848,scr2006,avaConv,runOfRiver
al,h0519,0.067180937243975,scr2006,avaConv,runOfRiver
al,h0520,0.067180937243975,scr2006,avaConv,runOfRiver
al,h0521,0.067180937243975,scr2006,avaConv,runOfRiver
al,h0522,0.067180937243975,scr2006,avaConv,runOfRiver
al,h0523,0.11694555944436513,scr2006,avaConv,runOfRiver
al,h0524,0.1716189024219762,scr2006,avaConv,runOfRiver
al,h0525,0.2299376580495784,scr2006,avaConv,runOfRiver
al,h0526,0.2299376580495784,scr2006,avaConv,runOfRiver
al,h0527,0.2299376580495784,scr2006,avaConv,runOfRiver
al,h0528,0.2299376580495784,scr2006,avaConv,runOfRiver
al,h0529,0.18841893666069293,scr2006,avaConv,runOfRiver
al,h0530,0.1485882472457667,scr2006,avaConv,runOfRiver
al,h0531,0.11076900889355303,scr2006,avaConv,runOfRiver
al,h0532,0.11076900889355303,scr2006,avaConv,runOfRiver
al,h0533,0.11076900889355303,scr2006,avaConv,runOfRiver
al,h0534,0.11076900889355303,scr2006,avaConv,runOfRiver
al,h0535,0.10154490084504283,scr2006,avaConv,runOfRiver
al,h0536,0.09249272169277599,scr2006,avaConv,runOfRiver
al,h0537,0.08362571564304375,scr2006,avaConv,runOfRiver
al,h0538,0.08362571564304375,scr2006,avaConv,runOfRiver
al,h0539,0.08362571564304375,scr2006,avaConv,runOfRiver
al,h0540,0.08362571564304375,scr2006,avaConv,runOfRiver
al,h0541,0.07616016271806383,scr2006,avaConv,runOfRiver
al,h0542,0.06885524570141131,scr2006,avaConv,runOfRiver
al,h0543,0.06172547697860016,scr2006,avaConv,runOfRiver
al,h0544,0.06172547697860016,scr2006,avaConv,runOfRiver
al,h0545,0.06172547697860016,scr2006,avaConv,runOfRiver
al,h0546,0.06172547697860016,scr2006,avaConv,runOfRiver
al,h0547,0.07070790198061841,scr2006,avaConv,runOfRiver
al,h0548,0.07996048708288621,scr2006,avaConv,runOfRiver
al,h0549,0.08945643122598333,scr2006,avaConv,runOfRiver
al,h0550,0.08945643122598333,scr2006,avaConv,runOfRiver
al,h0551,0.08945643122598333,scr2006,avaConv,runOfRiver
al,h0552,0.08945643122598333,scr2006,avaConv,runOfRiver
at,h0481,0.5405716369759146,scr2006,avaConv,runOfRiver
at,h0482,0.5714582412857476,scr2006,avaConv,runOfRiver
at,h0483,0.6024116919912426,scr2006,avaConv,runOfRiver
at,h0484,0.6024116919912426,scr2006,avaConv,runOfRiver
at,h0485,0.6024116919912426,scr2006,avaConv,runOfRiver
at,h0486,0.6024116919912426,scr2006,avaConv,runOfRiver
at,h0487,0.6181594459996576,scr2006,avaConv,runOfRiver
at,h0488,0.6339231962804293,scr2006,avaConv,runOfRiver
at,h0489,0.6497025634474041,scr2006,avaConv,runOfRiver
at,h0490,0.6497025634474041,scr2006,avaConv,runOfRiver
at,h0491,0.6497025634474041,scr2006,avaConv,runOfRiver
at,h0492,0.6497025634474041,scr2006,avaConv,runOfRiver
at,h0493,0.6142153803327284,scr2006,avaConv,runOfRiver
at,h0494,0.5788097337648397,scr2006,avaConv,runOfRiver
at,h0495,0.543490383811811,scr2006,avaConv,runOfRiver
at,h0496,0.543490383811811,scr2006,avaConv,runOfRiver
at,h0497,0.543490383811811,scr2006,avaConv,runOfRiver
at,h0498,0.543490383811811,scr2006,avaConv,runOfRiver
at,h0499,0.5262886220049912,scr2006,avaConv,runOfRiver
at,h0500,0.5091093579628244,scr2006,avaConv,runOfRiver
at,h0501,0.4919533199213907,scr2006,avaConv,runOfRiver
at,h0502,0.4919533199213907,scr2006,avaConv,runOfRiver
at,h0503,0.4919533199213907,scr2006,avaConv,runOfRiver
at,h0504,0.4919533199213907,scr2006,avaConv,runOfRiver
at,h0505,0.47718784898118893,scr2006,avaConv,runOfRiver
at,h0506,0.4624407346291156,scr2006,avaConv,runOfRiver
at,h0507,0.4477125407251936,scr2006,avaConv,runOfRiver
at,h0508,0.4477125407251936,scr2006,avaConv,runOfRiver
at,h0509,0.4477125407251936,scr2006,avaConv,runOfRiver
at,h0510,0.4477125407251936,scr2006,avaConv,runOfRiver
at,h0511,0.4856172234264948,scr2006,avaConv,runOfRiver
at,h0512,0.5236413164594862,scr2006,avaConv,runOfRiver
at,h0513,0.5617764634020843,scr2006,avaConv,runOfRiver
at,h0514,0.5617764634020843,scr2006,avaConv,runOfRiver
at,h0515,0.5617764634020843,scr2006,avaConv,runOfRiver
at,h0516,0.5617764634020843,scr2006,avaConv,runOfRiver
at,h0517,0.5797989256728069,scr2006,avaConv,runOfRiver
at,h0518,0.5978437806000265,scr2006,avaConv,runOfRiver
at,h0519,0.6159103820934435,scr2006,avaConv,runOfRiver
at,h0520,0.6159103820934435,scr2006,avaConv,runOfRiver
at,h0521,0.6159103820934435,scr2006,avaConv,runOfRiver
at,h0522,0.6159103820934435,scr2006,avaConv,runOfRiver
at,h0523,0.5986585763838179,scr2006,avaConv,runOfRiver
at,h0524,0.5814265728724131,scr2006,avaConv,runOfRiver
at,h0525,0.5642149317690917,scr2006,avaConv,runOfRiver
at,h0526,0.5642149317690917,scr2006,avaConv,runOfRiver
at,h0527,0.5642149317690917,scr2006,avaConv,runOfRiver
at,h0528,0.5642149317690917,scr2006,avaConv,runOfRiver
at,h0529,0.5324478975337956,scr2006,avaConv,runOfRiver
at,h0530,0.5007566184407244,scr2006,avaConv,runOfRiver
at,h0531,0.4691456954834779,scr2006,avaConv,runOfRiver
at,h0532,0.4691456954834779,scr2006,avaConv,runOfRiver
at,h0533,0.4691456954834779,scr2006,avaConv,runOfRiver
at,h0534,0.4691456954834779,scr2006,avaConv,runOfRiver
at,h0535,0.455898661860452,scr2006,avaConv,runOfRiver
at,h0536,0.44266712558481314,scr2006,avaConv,runOfRiver
at,h0537,0.4294515337548027,scr2006,avaConv,runOfRiver
at,h0538,0.4294515337548027,scr2006,avaConv,runOfRiver
at,h0539,0.4294515337548027,scr2006,avaConv,runOfRiver
at,h0540,0.4294515337548027,scr2006,avaConv,runOfRiver
at,h0541,0.4199844734654767,scr2006,avaConv,runOfRiver
at,h0542,0.4105260401974626,scr2006,avaConv,runOfRiver
at,h0543,0.40107642653081255,scr2006,avaConv,runOfRiver
at,h0544,0.40107642653081255,scr2006,avaConv,runOfRiver
at,h0545,0.40107642653081255,scr2006,avaConv,runOfRiver
at,h0546,0.40107642653081255,scr2006,avaConv,runOfRiver
at,h0547,0.3942340261051991,scr2006,avaConv,runOfRiver
at,h0548,0.3873964430023361,scr2006,avaConv,runOfRiver
at,h0549,0.38056375986423663,scr2006,avaConv,runOfRiver
at,h0550,0.38056375986423663,scr2006,avaConv,runOfRiver
at,h0551,0.38056375986423663,scr2006,avaConv,runOfRiver
at,h0552,0.38056375986423663,scr2006,avaConv,runOfRiver
ba,h0481,0.17301560701131685,scr2006,avaConv,runOfRiver
ba,h0482,0.21957724871373252,scr2006,avaConv,runOfRiver
ba,h0483,0.26718396098437,scr2006,avaConv,runOfRiver
ba,h0484,0.26718396098437,scr2006,avaConv,runOfRiver
ba,h0485,0.26718396098437,scr2006,avaConv,runOfRiver
ba,h0486,0.26718396098437,scr2006,avaConv,runOfRiver
ba,h0487,0.2586729362439206,scr2006,avaConv,runOfRiver
ba,h0488,0.25019044662650297,scr2006,avaConv,runOfRiver
ba,h0489,0.24173728982811182,scr2006,avaConv,runOfRiver
ba,h0490,0.24173728982811182,scr2006,avaConv,runOfRiver
ba,h0491,0.24173728982811182,scr2006,avaConv,runOfRiver
ba,h0492,0.24173728982811182,scr2006,avaConv,runOfRiver
ba,h0493,0.2238913313879985,scr2006,avaConv,runOfRiver
ba,h0494,0.20619043297760925,scr2006,avaConv,runOfRiver
ba,h0495,0.1886448961826535,scr2006,avaConv,runOfRiver
ba,h0496,0.1886448961826535,scr2006,avaConv,runOfRiver
ba,h0497,0.1886448961826535,scr2006,avaConv,runOfRiver
ba,h0498,0.1886448961826535,scr2006,avaConv,runOfRiver
ba,h0499,0.1792395913761397,scr2006,avaConv,runOfRiver
ba,h0500,0.16988517784221854,scr2006,avaConv,runOfRiver
ba,h0501,0.16058399742357324,scr2006,avaConv,runOfRiver
ba,h0502,0.16058399742357324,scr2006,avaConv,runOfRiver
ba,h0503,0.16058399742357324,scr2006,avaConv,runOfRiver
ba,h0504,0.16058399742357324,scr2006,avaConv,runOfRiver
ba,h0505,0.15641718316348854,scr2006,avaConv,runOfRiver
ba,h0506,0.1522619173690824,scr2006,avaConv,runOfRiver
ba,h0507,0.148118465453025,scr2006,avaConv,runOfRiver
ba,h0508,0.148118465453025,scr2006,avaConv,runOfRiver
ba,h0509,0.148118465453025,scr2006,avaConv,runOfRiver
ba,h0510,0.148118465453025,scr2006,avaConv,runOfRiver
ba,h0511,0.14665110024013614,scr2006,avaConv,runOfRiver
ba,h0512,0.1451852703556417,scr2006,avaConv,runOfRiver
ba,h0513,0.14372098890862248,scr2006,avaConv,runOfRiver
ba,h0514,0.14372098890862248,scr2006,avaConv,runOfRiver
ba,h0515,0.14372098890862248,scr2006,avaConv,runOfRiver
ba,h0516,0.14372098890862248,scr2006,avaConv,runOfRiver
ba,h0517,0.1368732502236948,scr2006,avaConv,runOfRiver
ba,h0518,0.13006134197117747,scr2006,avaConv,runOfRiver
ba,h0519,0.123286855799952,scr2006,avaConv,runOfRiver
ba,h0520,0.123286855799952,scr2006,avaConv,runOfRiver
ba,h0521,0.123286855799952,scr2006,avaConv,runOfRiver
ba,h0522,0.123286855799952,scr2006,avaConv,runOfRiver
ba,h0523,0.12744417584696804,scr2006,avaConv,runOfRiver
ba,h0524,0.13161586341685966,scr2006,avaConv,runOfRiver
ba,h0525,0.13580152932796222,scr2006,avaConv,runOfRiver
ba,h0526,0.13580152932796222,scr2006,avaConv,runOfRiver
ba,h0527,0.13580152932796222,scr2006,avaConv,runOfRiver
ba,h0528,0.13580152932796222,scr2006,avaConv,runOfRiver
ba,h0529,0.1358941121916181,scr2006,avaConv,runOfRiver
ba,h0530,0.13598670168750498,scr2006,avaConv,runOfRiver
ba,h0531,0.13607929781178527,scr2006,avaConv,runOfRiver
ba,h0532,0.13607929781178527,scr2006,avaConv,runOfRiver
ba,h0533,0.13607929781178527,scr2006,avaConv,runOfRiver
ba,h0534,0.13607929781178527,scr2006,avaConv,runOfRiver
ba,h0535,0.13623804943495926,scr2006,avaConv,runOfRiver
ba,h0536,0.13639682050695418,scr2006,avaConv,runOfRiver
ba,h0537,0.1365556110085328,scr2006,avaConv,runOfRiver
ba,h0538,0.1365556110085328,scr2006,avaConv,runOfRiver
ba,h0539,0.1365556110085328,scr2006,avaConv,runOfRiver
ba,h0540,0.1365556110085328,scr2006,avaConv,runOfRiver
ba,h0541,0.1368732502236948,scr2006,avaConv,runOfRiver
ba,h0542,0.13719096692735344,scr2006,avaConv,runOfRiver
ba,h0543,0.1375087609670567,scr2006,avaConv,runOfRiver
ba,h0544,0.1375087609670567,scr2006,avaConv,runOfRiver
ba,h0545,0.1375087609670567,scr2006,avaConv,runOfRiver
ba,h0546,0.1375087609670567,scr2006,avaConv,runOfRiver
ba,h0547,0.13358154033088415,scr2006,avaConv,runOfRiver
ba,h0548,0.12966643577978243,scr2006,avaConv,runOfRiver
ba,h0549,0.12576375819891394,scr2006,avaConv,runOfRiver
ba,h0550,0.12576375819891394,scr2006,avaConv,runOfRiver
ba,h0551,0.12576375819891394,scr2006,avaConv,runOfRiver
ba,h0552,0.12576375819891394,scr2006,avaConv,runOfRiver
be,h0481,0.2421185392760818,scr2006,avaConv,runOfRiver
be,h0482,0.23946271790390888,scr2006,avaConv,runOfRiver
be,h0483,0.23681211410992478,scr2006,avaConv,runOfRiver
be,h0484,0.23681211410992478,scr2006,avaConv,runOfRiver
be,h0485,0.23681211410992478,scr2006,avaConv,runOfRiver
be,h0486,0.23681211410992478,scr2006,avaConv,runOfRiver
be,h0487,0.2356777507731964,scr2006,avaConv,runOfRiver
be,h0488,0.23454435909036753,scr2006,avaConv,runOfRiver
be,h0489,0.23341194314262956,scr2006,avaConv,runOfRiver
be,h0490,0.23341194314262956,scr2006,avaConv,runOfRiver
be,h0491,0.23341194314262956,scr2006,avaConv,runOfRiver
be,h0492,0.23341194314262956,scr2006,avaConv,runOfRiver
be,h0493,0.23228050704916375,scr2006,avaConv,runOfRiver
be,h0494,0.23115005496769128,scr2006,avaConv,runOfRiver
be,h0495,0.23002059109503334,scr2006,avaConv,runOfRiver
be,h0496,0.23002059109503334,scr2006,avaConv,runOfRiver
be,h0497,0.23002059109503334,scr2006,avaConv,runOfRiver
be,h0498,0.23002059109503334,scr2006,avaConv,runOfRiver
be,h0499,0.22926816627527022,scr2006,avaConv,runOfRiver
be,h0500,0.2285161838066545,scr2006,avaConv,runOfRiver
be,h0501,0.22776464496238796,scr2006,avaConv,runOfRiver
be,h0502,0.22776464496238796,scr2006,avaConv,runOfRiver
be,h0503,0.22776464496238796,scr2006,avaConv,runOfRiver
be,h0504,0.22776464496238796,scr2006,avaConv,runOfRiver
be,h0505,0.22663817129674563,scr2006,avaConv,runOfRiver
be,h0506,0.22551270302980908,scr2006,avaConv,runOfRiver
be,h0507,0.22438824456270617,scr2006,avaConv,runOfRiver
be,h0508,0.22438824456270617,scr2006,avaConv,runOfRiver
be,h0509,0.22438824456270617,scr2006,avaConv,runOfRiver
be,h0510,0.22438824456270617,scr2006,avaConv,runOfRiver
be,h0511,0.23002059109503326,scr2006,avaConv,runOfRiver
be,h0512,0.23567775077319633,scr2006,avaConv,runOfRiver
be,h0513,0.24135920367175345,scr2006,avaConv,runOfRiver
be,h0514,0.24135920367175345,scr2006,avaConv,runOfRiver
be,h0515,0.24135920367175345,scr2006,avaConv,runOfRiver
be,h0516,0.24135920367175345,scr2006,avaConv,runOfRiver
be,h0517,0.24135920367175345,scr2006,avaConv,runOfRiver
be,h0518,0.24135920367175345,scr2006,avaConv,runOfRiver
be,h0519,0.24135920367175345,scr2006,avaConv,runOfRiver
be,h0520,0.24135920367175345,scr2006,avaConv,runOfRiver
be,h0521,0.24135920367175345,scr2006,avaConv,runOfRiver
be,h0522,0.24135920367175345,scr2006,avaConv,runOfRiver
be,h0523,0.23737965888338397,scr2006,avaConv,runOfRiver
be,h0524,0.2334119431426295,scr2006,avaConv,runOfRiver
be,h0525,0.2294562310593482,scr2006,avaConv,runOfRiver
be,h0526,0.2294562310593482,scr2006,avaConv,runOfRiver
be,h0527,0.2294562310593482,scr2006,avaConv,runOfRiver
be,h0528,0.2294562310593482,scr2006,avaConv,runOfRiver
be,h0529,0.2264505233145682,scr2006,avaConv,runOfRiver
be,h0530,0.22345197041970158,scr2006,avaConv,runOfRiver
be,h0531,0.22046065665234263,scr2006,avaConv,runOfRiver
be,h0532,0.22046065665234263,scr2006,avaConv,runOfRiver
be,h0533,0.22046065665234263,scr2006,avaConv,runOfRiver
be,h0534,0.22046065665234263,scr2006,avaConv,runOfRiver
be,h0535,0.2189677413829178,scr2006,avaConv,runOfRiver
be,h0536,0.21747666851058042,scr2006,avaConv,runOfRiver
be,h0537,0.2159874492096041,scr2006,avaConv,runOfRiver
be,h0538,0.2159874492096041,scr2006,avaConv,runOfRiver
be,h0539,0.2159874492096041,scr2006,avaConv,runOfRiver
be,h0540,0.2159874492096041,scr2006,avaConv,runOfRiver
be,h0541,0.2156154353286591,scr2006,avaConv,runOfRiver
be,h0542,0.21524353818141384,scr2006,avaConv,runOfRiver
be,h0543,0.21487175794691116,scr2006,avaConv,runOfRiver
be,h0544,0.21487175794691116,scr2006,avaConv,runOfRiver
be,h0545,0.21487175794691116,scr2006,avaConv,runOfRiver
be,h0546,0.21487175794691116,scr2006,avaConv,runOfRiver
be,h0547,0.21635957964580946,scr2006,avaConv,runOfRiver
be,h0548,0.21784926339539343,scr2006,avaConv,runOfRiver
be,h0549,0.21934079790877858,scr2006,avaConv,runOfRiver
be,h0550,0.21934079790877858,scr2006,avaConv,runOfRiver
be,h0551,0.21934079790877858,scr2006,avaConv,runOfRiver
be,h0552,0.21934079790877858,scr2006,avaConv,runOfRiver
bg,h0481,0.04666066276423532,scr2006,avaConv,runOfRiver
bg,h0482,0.046470364975639666,scr2006,avaConv,runOfRiver
bg,h0483,0.04628030038970292,scr2006,avaConv,runOfRiver
bg,h0484,0.04628030038970292,scr2006,avaConv,runOfRiver
bg,h0485,0.04628030038970292,scr2006,avaConv,runOfRiver
bg,h0486,0.04628030038970292,scr2006,avaConv,runOfRiver
bg,h0487,0.04733570070173068,scr2006,avaConv,runOfRiver
bg,h0488,0.048398141277293374,scr2006,avaConv,runOfRiver
bg,h0489,0.04946749184571639,scr2006,avaConv,runOfRiver
bg,h0490,0.04946749184571639,scr2006,avaConv,runOfRiver
bg,h0491,0.04946749184571639,scr2006,avaConv,runOfRiver
bg,h0492,0.04946749184571639,scr2006,avaConv,runOfRiver
bg,h0493,0.052608792890928735,scr2006,avaConv,runOfRiver
bg,h0494,0.05580444895936293,scr2006,avaConv,runOfRiver
bg,h0495,0.05905194961094533,scr2006,avaConv,runOfRiver
bg,h0496,0.05905194961094533,scr2006,avaConv,runOfRiver
bg,h0497,0.05905194961094533,scr2006,avaConv,runOfRiver
bg,h0498,0.05905194961094533,scr2006,avaConv,runOfRiver
bg,h0499,0.05801724924274096,scr2006,avaConv,runOfRiver
bg,h0500,0.056987597504273985,scr2006,avaConv,runOfRiver
bg,h0501,0.05596306581548706,scr2006,avaConv,runOfRiver
bg,h0502,0.05596306581548706,scr2006,avaConv,runOfRiver
bg,h0503,0.05596306581548706,scr2006,avaConv,runOfRiver
bg,h0504,0.05596306581548706,scr2006,avaConv,runOfRiver
bg,h0505,0.05403352275665012,scr2006,avaConv,runOfRiver
bg,h0506,0.05212320938403228,scr2006,avaConv,runOfRiver
bg,h0507,0.050232692745882754,scr2006,avaConv,runOfRiver
bg,h0508,0.050232692745882754,scr2006,avaConv,runOfRiver
bg,h0509,0.050232692745882754,scr2006,avaConv,runOfRiver
bg,h0510,0.050232692745882754,scr2006,avaConv,runOfRiver
bg,h0511,0.04884423257856088,scr2006,avaConv,runOfRiver
bg,h0512,0.047467250677920084,scr2006,avaConv,runOfRiver
bg,h0513,0.046102025892001186,scr2006,avaConv,runOfRiver
bg,h0514,0.046102025892001186,scr2006,avaConv,runOfRiver
bg,h0515,0.046102025892001186,scr2006,avaConv,runOfRiver
bg,h0516,0.046102025892001186,scr2006,avaConv,runOfRiver
bg,h0517,0.09083577595543063,scr2006,avaConv,runOfRiver
bg,h0518,0.14209314824729413,scr2006,avaConv,runOfRiver
bg,h0519,0.19809489127752133,scr2006,avaConv,runOfRiver
bg,h0520,0.19809489127752133,scr2006,avaConv,runOfRiver
bg,h0521,0.19809489127752133,scr2006,avaConv,runOfRiver
bg,h0522,0.19809489127752133,scr2006,avaConv,runOfRiver
bg,h0523,0.17972760637216795,scr2006,avaConv,runOfRiver
bg,h0524,0.16177278727227756,scr2006,avaConv,runOfRiver
bg,h0525,0.14425932154181376,scr2006,avaConv,runOfRiver
bg,h0526,0.14425932154181376,scr2006,avaConv,runOfRiver
bg,h0527,0.14425932154181376,scr2006,avaConv,runOfRiver
bg,h0528,0.14425932154181376,scr2006,avaConv,runOfRiver
bg,h0529,0.1203672742564972,scr2006,avaConv,runOfRiver
bg,h0530,0.09754417152717026,scr2006,avaConv,runOfRiver
bg,h0531,0.07595568677103447,scr2006,avaConv,runOfRiver
bg,h0532,0.07595568677103447,scr2006,avaConv,runOfRiver
bg,h0533,0.07595568677103447,scr2006,avaConv,runOfRiver
bg,h0534,0.07595568677103447,scr2006,avaConv,runOfRiver
bg,h0535,0.0728920333754816,scr2006,avaConv,runOfRiver
bg,h0536,0.06986118961490771,scr2006,avaConv,runOfRiver
bg,h0537,0.06686419830343679,scr2006,avaConv,runOfRiver
bg,h0538,0.06686419830343679,scr2006,avaConv,runOfRiver
bg,h0539,0.06686419830343679,scr2006,avaConv,runOfRiver
bg,h0540,0.06686419830343679,scr2006,avaConv,runOfRiver
bg,h0541,0.06443339969776833,scr2006,avaConv,runOfRiver
bg,h0542,0.06202676931963062,scr2006,avaConv,runOfRiver
bg,h0543,0.05964501810323983,scr2006,avaConv,runOfRiver
bg,h0544,0.05964501810323983,scr2006,avaConv,runOfRiver
bg,h0545,0.05964501810323983,scr2006,avaConv,runOfRiver
bg,h0546,0.05964501810323983,scr2006,avaConv,runOfRiver
bg,h0547,0.05781062389652933,scr2006,avaConv,runOfRiver
bg,h0548,0.055992115305387086,scr2006,avaConv,runOfRiver
bg,h0549,0.05418989723275228,scr2006,avaConv,runOfRiver
bg,h0550,0.05418989723275228,scr2006,avaConv,runOfRiver
bg,h0551,0.05418989723275228,scr2006,avaConv,runOfRiver
bg,h0552,0.05418989723275228,scr2006,avaConv,runOfRiver
ch,h0481,0.5608592042973305,scr2006,avaConv,runOfRiver
ch,h0482,0.5539642399647489,scr2006,avaConv,runOfRiver
ch,h0483,0.5470692842139767,scr2006,avaConv,runOfRiver
ch,h0484,0.5470692842139767,scr2006,avaConv,runOfRiver
ch,h0485,0.5470692842139767,scr2006,avaConv,runOfRiver
ch,h0486,0.5470692842139767,scr2006,avaConv,runOfRiver
ch,h0487,0.5418980730976672,scr2006,avaConv,runOfRiver
ch,h0488,0.5367268669160451,scr2006,avaConv,runOfRiver
ch,h0489,0.5315556657166498,scr2006,avaConv,runOfRiver
ch,h0490,0.5315556657166498,scr2006,avaConv,runOfRiver
ch,h0491,0.5315556657166498,scr2006,avaConv,runOfRiver
ch,h0492,0.5315556657166498,scr2006,avaConv,runOfRiver
ch,h0493,0.5263844695479458,scr2006,avaConv,runOfRiver
ch,h0494,0.5212132784593497,scr2006,avaConv,runOfRiver
ch,h0495,0.5160420925012587,scr2006,avaConv,runOfRiver
ch,h0496,0.5160420925012587,scr2006,avaConv,runOfRiver
ch,h0497,0.5160420925012587,scr2006,avaConv,runOfRiver
ch,h0498,0.5160420925012587,scr2006,avaConv,runOfRiver
ch,h0499,0.5108709117250797,scr2006,avaConv,runOfRiver
ch,h0500,0.5056997361832609,scr2006,avaConv,runOfRiver
ch,h0501,0.5005285659293227,scr2006,avaConv,runOfRiver
ch,h0502,0.5005285659293227,scr2006,avaConv,runOfRiver
ch,h0503,0.5005285659293227,scr2006,avaConv,runOfRiver
ch,h0504,0.5005285659293227,scr2006,avaConv,runOfRiver
ch,h0505,0.4936336805775765,scr2006,avaConv,runOfRiver
ch,h0506,0.4867388048564071,scr2006,avaConv,runOfRiver
ch,h0507,0.4798439389022278,scr2006,avaConv,runOfRiver
ch,h0508,0.4798439389022278,scr2006,avaConv,runOfRiver
ch,h0509,0.4798439389022278,scr2006,avaConv,runOfRiver
ch,h0510,0.4798439389022278,scr2006,avaConv,runOfRiver
ch,h0511,0.47467279593044814,scr2006,avaConv,runOfRiver
ch,h0512,0.46950165859216003,scr2006,avaConv,runOfRiver
ch,h0513,0.4643305269494062,scr2006,avaConv,runOfRiver
ch,h0514,0.4643305269494062,scr2006,avaConv,runOfRiver
ch,h0515,0.4643305269494062,scr2006,avaConv,runOfRiver
ch,h0516,0.4643305269494062,scr2006,avaConv,runOfRiver
ch,h0517,0.45915940106561126,scr2006,avaConv,runOfRiver
ch,h0518,0.45398828100562855,scr2006,avaConv,runOfRiver
ch,h0519,0.44881716683578887,scr2006,avaConv,runOfRiver
ch,h0520,0.44881716683578887,scr2006,avaConv,runOfRiver
ch,h0521,0.44881716683578887,scr2006,avaConv,runOfRiver
ch,h0522,0.44881716683578887,scr2006,avaConv,runOfRiver
ch,h0523,0.4436460586239513,scr2006,avaConv,runOfRiver
ch,h0524,0.4384749564395567,scr2006,avaConv,runOfRiver
ch,h0525,0.4333038603536843,scr2006,avaConv,runOfRiver
ch,h0526,0.4333038603536843,scr2006,avaConv,runOfRiver
ch,h0527,0.4333038603536843,scr2006,avaConv,runOfRiver
ch,h0528,0.4333038603536843,scr2006,avaConv,runOfRiver
ch,h0529,0.42640907518514787,scr2006,avaConv,runOfRiver
ch,h0530,0.41951430116540595,scr2006,avaConv,runOfRiver
ch,h0531,0.41261953847768634,scr2006,avaConv,runOfRiver
ch,h0532,0.41261953847768634,scr2006,avaConv,runOfRiver
ch,h0533,0.41261953847768634,scr2006,avaConv,runOfRiver
ch,h0534,0.41261953847768634,scr2006,avaConv,runOfRiver
ch,h0535,0.408153167633669,scr2006,avaConv,runOfRiver
ch,h0536,0.4036868016771985,scr2006,avaConv,runOfRiver
ch,h0537,0.3992204406623467,scr2006,avaConv,runOfRiver
ch,h0538,0.3992204406623467,scr2006,avaConv,runOfRiver
ch,h0539,0.3992204406623467,scr2006,avaConv,runOfRiver
ch,h0540,0.3992204406623467,scr2006,avaConv,runOfRiver
ch,h0541,0.3951080845303236,scr2006,avaConv,runOfRiver
ch,h0542,0.3909957326785647,scr2006,avaConv,runOfRiver
ch,h0543,0.38688338515208526,scr2006,avaConv,runOfRiver
ch,h0544,0.38688338515208526,scr2006,avaConv,runOfRiver
ch,h0545,0.38688338515208526,scr2006,avaConv,runOfRiver
ch,h0546,0.38688338515208526,scr2006,avaConv,runOfRiver
ch,h0547,0.38276773359705657,scr2006,avaConv,runOfRiver
ch,h0548,0.37865208646738957,scr2006,avaConv,runOfRiver
ch,h0549,0.3745364438111813,scr2006,avaConv,runOfRiver
ch,h0550,0.3745364438111813,scr2006,avaConv,runOfRiver
ch,h0551,0.3745364438111813,scr2006,avaConv,runOfRiver
ch,h0552,0.3745364438111813,scr2006,avaConv,runOfRiver
cz,h0481,0.32218957936239767,scr2006,avaConv,runOfRiver
cz,h0482,0.3183842367897721,scr2006,avaConv,runOfRiver
cz,h0483,0.31458027962930857,scr2006,avaConv,runOfRiver
cz,h0484,0.31458027962930857,scr2006,avaConv,runOfRiver
cz,h0485,0.31458027962930857,scr2006,avaConv,runOfRiver
cz,h0486,0.31458027962930857,scr2006,avaConv,runOfRiver
cz,h0487,0.31458027962930857,scr2006,avaConv,runOfRiver
cz,h0488,0.31458027962930857,scr2006,avaConv,runOfRiver
cz,h0489,0.31458027962930857,scr2006,avaConv,runOfRiver
cz,h0490,0.31458027962930857,scr2006,avaConv,runOfRiver
cz,h0491,0.31458027962930857,scr2006,avaConv,runOfRiver
cz,h0492,0.31458027962930857,scr2006,avaConv,runOfRiver
cz,h0493,0.30400719376669916,scr2006,avaConv,runOfRiver
cz,h0494,0.29344532603456075,scr2006,avaConv,runOfRiver
cz,h0495,0.2828950740662056,scr2006,avaConv,runOfRiver
cz,h0496,0.2828950740662056,scr2006,avaConv,runOfRiver
cz,h0497,0.2828950740662056,scr2006,avaConv,runOfRiver
cz,h0498,0.2828950740662056,scr2006,avaConv,runOfRiver
cz,h0499,0.2828950740662056,scr2006,avaConv,runOfRiver
cz,h0500,0.2828950740662056,scr2006,avaConv,runOfRiver
cz,h0501,0.2828950740662056,scr2006,avaConv,runOfRiver
cz,h0502,0.2828950740662056,scr2006,avaConv,runOfRiver
cz,h0503,0.2828950740662056,scr2006,avaConv,runOfRiver
cz,h0504,0.2828950740662056,scr2006,avaConv,runOfRiver
cz,h0505,0.2812670886592774,scr2006,avaConv,runOfRiver
cz,h0506,0.27963939195996457,scr2006,avaConv,runOfRiver
cz,h0507,0.27801198562783613,scr2006,avaConv,runOfRiver
cz,h0508,0.27801198562783613,scr2006,avaConv,runOfRiver
cz,h0509,0.27801198562783613,scr2006,avaConv,runOfRiver
cz,h0510,0.27801198562783613,scr2006,avaConv,runOfRiver
cz,h0511,0.27801198562783613,scr2006,avaConv,runOfRiver
cz,h0512,0.27801198562783613,scr2006,avaConv,runOfRiver
cz,h0513,0.27801198562783613,scr2006,avaConv,runOfRiver
cz,h0514,0.27801198562783613,scr2006,avaConv,runOfRiver
cz,h0515,0.27801198562783613,scr2006,avaConv,runOfRiver
cz,h0516,0.27801198562783613,scr2006,avaConv,runOfRiver
cz,h0517,0.27801198562783613,scr2006,avaConv,runOfRiver
cz,h0518,0.27801198562783613,scr2006,avaConv,runOfRiver
cz,h0519,0.27801198562783613,scr2006,avaConv,runOfRiver
cz,h0520,0.27801198562783613,scr2006,avaConv,runOfRiver
cz,h0521,0.27801198562783613,scr2006,avaConv,runOfRiver
cz,h0522,0.27801198562783613,scr2006,avaConv,runOfRiver
cz,h0523,0.2695955837309125,scr2006,avaConv,runOfRiver
cz,h0524,0.26118724426850426,scr2006,avaConv,runOfRiver
cz,h0525,0.25278722433470946,scr2006,avaConv,runOfRiver
cz,h0526,0.25278722433470946,scr2006,avaConv,runOfRiver
cz,h0527,0.25278722433470946,scr2006,avaConv,runOfRiver
cz,h0528,0.25278722433470946,scr2006,avaConv,runOfRiver
cz,h0529,0.25278722433470946,scr2006,avaConv,runOfRiver
cz,h0530,0.25278722433470946,scr2006,avaConv,runOfRiver
cz,h0531,0.25278722433470946,scr2006,avaConv,runOfRiver
cz,h0532,0.25278722433470946,scr2006,avaConv,runOfRiver
cz,h0533,0.25278722433470946,scr2006,avaConv,runOfRiver
cz,h0534,0.25278722433470946,scr2006,avaConv,runOfRiver
cz,h0535,0.25627780027927394,scr2006,avaConv,runOfRiver
cz,h0536,0.2597698407554455,scr2006,avaConv,runOfRiver
cz,h0537,0.26326332623499427,scr2006,avaConv,runOfRiver
cz,h0538,0.26326332623499427,scr2006,avaConv,runOfRiver
cz,h0539,0.26326332623499427,scr2006,avaConv,runOfRiver
cz,h0540,0.26326332623499427,scr2006,avaConv,runOfRiver
cz,h0541,0.26326332623499427,scr2006,avaConv,runOfRiver
cz,h0542,0.26326332623499427,scr2006,avaConv,runOfRiver
cz,h0543,0.26326332623499427,scr2006,avaConv,runOfRiver
cz,h0544,0.26326332623499427,scr2006,avaConv,runOfRiver
cz,h0545,0.26326332623499427,scr2006,avaConv,runOfRiver
cz,h0546,0.26326332623499427,scr2006,avaConv,runOfRiver
cz,h0547,0.26210027359455335,scr2006,avaConv,runOfRiver
cz,h0548,0.2609373796532246,scr2006,avaConv,runOfRiver
cz,h0549,0.25977464511195475,scr2006,avaConv,runOfRiver
cz,h0550,0.25977464511195475,scr2006,avaConv,runOfRiver
cz,h0551,0.25977464511195475,scr2006,avaConv,runOfRiver
cz,h0552,0.25977464511195475,scr2006,avaConv,runOfRiver
de,h0481,0.3864460739982448,scr2006,avaConv,runOfRiver
de,h0482,0.3846764563334611,scr2006,avaConv,runOfRiver
de,h0483,0.3829068394802328,scr2006,avaConv,runOfRiver
de,h0484,0.3829068394802328,scr2006,avaConv,runOfRiver
de,h0485,0.3829068394802328,scr2006,avaConv,runOfRiver
de,h0486,0.3829068394802328,scr2006,avaConv,runOfRiver
de,h0487,0.38860497243729214,scr2006,avaConv,runOfRiver
de,h0488,0.3943031137242477,scr2006,avaConv,runOfRiver
de,h0489,0.4000012632210899,scr2006,avaConv,runOfRiver
de,h0490,0.4000012632210899,scr2006,avaConv,runOfRiver
de,h0491,0.4000012632210899,scr2006,avaConv,runOfRiver
de,h0492,0.4000012632210899,scr2006,avaConv,runOfRiver
de,h0493,0.3967265169404975,scr2006,avaConv,runOfRiver
de,h0494,0.39345177335492315,scr2006,avaConv,runOfRiver
de,h0495,0.3901770324867282,scr2006,avaConv,runOfRiver
de,h0496,0.3901770324867282,scr2006,avaConv,runOfRiver
de,h0497,0.3901770324867282,scr2006,avaConv,runOfRiver
de,h0498,0.3901770324867282,scr2006,avaConv,runOfRiver
de,h0499,0.38690233414502045,scr2006,avaConv,runOfRiver
de,h0500,0.3836276385664792,scr2006,avaConv,runOfRiver
de,h0501,0.38035294577461615,scr2006,avaConv,runOfRiver
de,h0502,0.38035294577461615,scr2006,avaConv,runOfRiver
de,h0503,0.38035294577461615,scr2006,avaConv,runOfRiver
de,h0504,0.38035294577461615,scr2006,avaConv,runOfRiver
de,h0505,0.3804243323527022,scr2006,avaConv,runOfRiver
de,h0506,0.38049571893212353,scr2006,avaConv,runOfRiver
de,h0507,0.3805671055128801,scr2006,avaConv,runOfRiver
de,h0508,0.3805671055128801,scr2006,avaConv,runOfRiver
de,h0509,0.3805671055128801,scr2006,avaConv,runOfRiver
de,h0510,0.3805671055128801,scr2006,avaConv,runOfRiver
de,h0511,0.38794762175801445,scr2006,avaConv,runOfRiver
de,h0512,0.39532815200197907,scr2006,avaConv,runOfRiver
de,h0513,0.4027086959842078,scr2006,avaConv,runOfRiver
de,h0514,0.4027086959842078,scr2006,avaConv,runOfRiver
de,h0515,0.4027086959842078,scr2006,avaConv,runOfRiver
de,h0516,0.4027086959842078,scr2006,avaConv,runOfRiver
de,h0517,0.39482295353727775,scr2006,avaConv,runOfRiver
de,h0518,0.3869372267938885,scr2006,avaConv,runOfRiver
de,h0519,0.379051516073102,scr2006,avaConv,runOfRiver
de,h0520,0.379051516073102,scr2006,avaConv,runOfRiver
de,h0521,0.379051516073102,scr2006,avaConv,runOfRiver
de,h0522,0.379051516073102,scr2006,avaConv,runOfRiver
de,h0523,0.372136336748099,scr2006,avaConv,runOfRiver
de,h0524,0.36522117023278333,scr2006,avaConv,runOfRiver
de,h0525,0.35830601676891066,scr2006,avaConv,runOfRiver
de,h0526,0.35830601676891066,scr2006,avaConv,runOfRiver
de,h0527,0.35830601676891066,scr2006,avaConv,runOfRiver
de,h0528,0.35830601676891066,scr2006,avaConv,runOfRiver
de,h0529,0.35381108909213727,scr2006,avaConv,runOfRiver
de,h0530,0.3493161671068421,scr2006,avaConv,runOfRiver
de,h0531,0.3448212508860093,scr2006,avaConv,runOfRiver
de,h0532,0.3448212508860093,scr2006,avaConv,runOfRiver
de,h0533,0.3448212508860093,scr2006,avaConv,runOfRiver
de,h0534,0.3448212508860093,scr2006,avaConv,runOfRiver
de,h0535,0.34065540940051026,scr2006,avaConv,runOfRiver
de,h0536,0.33648957299176196,scr2006,avaConv,runOfRiver
de,h0537,0.3323237417223914,scr2006,avaConv,runOfRiver
de,h0538,0.3323237417223914,scr2006,avaConv,runOfRiver
de,h0539,0.3323237417223914,scr2006,avaConv,runOfRiver
de,h0540,0.3323237417223914,scr2006,avaConv,runOfRiver
de,h0541,0.32730091147660145,scr2006,avaConv,runOfRiver
de,h0542,0.32227808891134796,scr2006,avaConv,runOfRiver
de,h0543,0.31725527414589255,scr2006,avaConv,runOfRiver
de,h0544,0.31725527414589255,scr2006,avaConv,runOfRiver
de,h0545,0.31725527414589255,scr2006,avaConv,runOfRiver
de,h0546,0.31725527414589255,scr2006,avaConv,runOfRiver
de,h0547,0.3138649572268347,scr2006,avaConv,runOfRiver
de,h0548,0.3104746439562047,scr2006,avaConv,runOfRiver
de,h0549,0.30708433437368843,scr2006,avaConv,runOfRiver
de,h0550,0.30708433437368843,scr2006,avaConv,runOfRiver
de,h0551,0.30708433437368843,scr2006,avaConv,runOfRiver
de,h0552,0.30708433437368843,scr2006,avaConv,runOfRiver
es,h0481,0.19754662874964662,scr2006,avaConv,runOfRiver
es,h0482,0.21729944853778724,scr2006,avaConv,runOfRiver
es,h0483,0.23711935980368068,scr2006,avaConv,runOfRiver
es,h0484,0.23711935980368068,scr2006,avaConv,runOfRiver
es,h0485,0.23711935980368068,scr2006,avaConv,runOfRiver
es,h0486,0.23711935980368068,scr2006,avaConv,runOfRiver
es,h0487,0.22561983508397043,scr2006,avaConv,runOfRiver
es,h0488,0.21414210535497563,scr2006,avaConv,runOfRiver
es,h0489,0.20268720892055117,scr2006,avaConv,runOfRiver
es,h0490,0.20268720892055117,scr2006,avaConv,runOfRiver
es,h0491,0.20268720892055117,scr2006,avaConv,runOfRiver
es,h0492,0.20268720892055117,scr2006,avaConv,runOfRiver
es,h0493,0.19989863881018424,scr2006,avaConv,runOfRiver
es,h0494,0.19711151040456457,scr2006,avaConv,runOfRiver
es,h0495,0.19432584177963774,scr2006,avaConv,runOfRiver
es,h0496,0.19432584177963774,scr2006,avaConv,runOfRiver
es,h0497,0.19432584177963774,scr2006,avaConv,runOfRiver
es,h0498,0.19432584177963774,scr2006,avaConv,runOfRiver
es,h0499,0.20455731688317705,scr2006,avaConv,runOfRiver
es,h0500,0.21480782646817723,scr2006,avaConv,runOfRiver
es,h0501,0.22507656017910657,scr2006,avaConv,runOfRiver
es,h0502,0.22507656017910657,scr2006,avaConv,runOfRiver
es,h0503,0.22507656017910657,scr2006,avaConv,runOfRiver
es,h0504,0.22507656017910657,scr2006,avaConv,runOfRiver
es,h0505,0.21776702205665474,scr2006,avaConv,runOfRiver
es,h0506,0.21046660021105865,scr2006,avaConv,runOfRiver
es,h0507,0.2031755755894314,scr2006,avaConv,runOfRiver
es,h0508,0.2031755755894314,scr2006,avaConv,runOfRiver
es,h0509,0.2031755755894314,scr2006,avaConv,runOfRiver
es,h0510,0.2031755755894314,scr2006,avaConv,runOfRiver
es,h0511,0.1911289805436504,scr2006,avaConv,runOfRiver
es,h0512,0.1791104406775728,scr2006,avaConv,runOfRiver
es,h0513,0.16712161752445195,scr2006,avaConv,runOfRiver
es,h0514,0.16712161752445195,scr2006,avaConv,runOfRiver
es,h0515,0.16712161752445195,scr2006,avaConv,runOfRiver
es,h0516,0.16712161752445195,scr2006,avaConv,runOfRiver
es,h0517,0.17090171115509964,scr2006,avaConv,runOfRiver
es,h0518,0.17468488775952873,scr2006,avaConv,runOfRiver
es,h0519,0.1784710883443006,scr2006,avaConv,runOfRiver
es,h0520,0.1784710883443006,scr2006,avaConv,runOfRiver
es,h0521,0.1784710883443006,scr2006,avaConv,runOfRiver
es,h0522,0.1784710883443006,scr2006,avaConv,runOfRiver
es,h0523,0.18035873400460542,scr2006,avaConv,runOfRiver
es,h0524,0.18224710948912268,scr2006,avaConv,runOfRiver
es,h0525,0.1841362081076827,scr2006,avaConv,runOfRiver
es,h0526,0.1841362081076827,scr2006,avaConv,runOfRiver
es,h0527,0.1841362081076827,scr2006,avaConv,runOfRiver
es,h0528,0.1841362081076827,scr2006,avaConv,runOfRiver
es,h0529,0.1872014872616867,scr2006,avaConv,runOfRiver
es,h0530,0.19026862388243923,scr2006,avaConv,runOfRiver
es,h0531,0.19333759142655502,scr2006,avaConv,runOfRiver
es,h0532,0.19333759142655502,scr2006,avaConv,runOfRiver
es,h0533,0.19333759142655502,scr2006,avaConv,runOfRiver
es,h0534,0.19333759142655502,scr2006,avaConv,runOfRiver
es,h0535,0.19391734234505412,scr2006,avaConv,runOfRiver
es,h0536,0.19449715746403215,scr2006,avaConv,runOfRiver
es,h0537,0.19507703661377432,scr2006,avaConv,runOfRiver
es,h0538,0.19507703661377432,scr2006,avaConv,runOfRiver
es,h0539,0.19507703661377432,scr2006,avaConv,runOfRiver
es,h0540,0.19507703661377432,scr2006,avaConv,runOfRiver
es,h0541,0.17225280722239963,scr2006,avaConv,runOfRiver
es,h0542,0.14953977092439763,scr2006,avaConv,runOfRiver
es,h0543,0.12695273631840798,scr2006,avaConv,runOfRiver
es,h0544,0.12695273631840798,scr2006,avaConv,runOfRiver
es,h0545,0.12695273631840798,scr2006,avaConv,runOfRiver
es,h0546,0.12695273631840798,scr2006,avaConv,runOfRiver
es,h0547,0.13609357021718124,scr2006,avaConv,runOfRiver
es,h0548,0.1452568373738113,scr2006,avaConv,runOfRiver
es,h0549,0.15444129519656938,scr2006,avaConv,runOfRiver
es,h0550,0.15444129519656938,scr2006,avaConv,runOfRiver
es,h0551,0.15444129519656938,scr2006,avaConv,runOfRiver
es,h0552,0.15444129519656938,scr2006,avaConv,runOfRiver
fr,h0481,0.17091193189934267,scr2006,avaConv,runOfRiver
fr,h0482,0.19109247931804652,scr2006,avaConv,runOfRiver
fr,h0483,0.21102742197577756,scr2006,avaConv,runOfRiver
fr,h0484,0.21102742197577756,scr2006,avaConv,runOfRiver
fr,h0485,0.21102742197577756,scr2006,avaConv,runOfRiver
fr,h0486,0.21102742197577756,scr2006,avaConv,runOfRiver
fr,h0487,0.2190237702668424,scr2006,avaConv,runOfRiver
fr,h0488,0.22698497373308602,scr2006,avaConv,runOfRiver
fr,h0489,0.23491225279270772,scr2006,avaConv,runOfRiver
fr,h0490,0.23491225279270772,scr2006,avaConv,runOfRiver
fr,h0491,0.23491225279270772,scr2006,avaConv,runOfRiver
fr,h0492,0.23491225279270772,scr2006,avaConv,runOfRiver
fr,h0493,0.22260682731719267,scr2006,avaConv,runOfRiver
fr,h0494,0.21021823504188752,scr2006,avaConv,runOfRiver
fr,h0495,0.1977416616975059,scr2006,avaConv,runOfRiver
fr,h0496,0.1977416616975059,scr2006,avaConv,runOfRiver
fr,h0497,0.1977416616975059,scr2006,avaConv,runOfRiver
fr,h0498,0.1977416616975059,scr2006,avaConv,runOfRiver
fr,h0499,0.206334760247816,scr2006,avaConv,runOfRiver
fr,h0500,0.2148854675815131,scr2006,avaConv,runOfRiver
fr,h0501,0.2233954298842329,scr2006,avaConv,runOfRiver
fr,h0502,0.2233954298842329,scr2006,avaConv,runOfRiver
fr,h0503,0.2233954298842329,scr2006,avaConv,runOfRiver
fr,h0504,0.2233954298842329,scr2006,avaConv,runOfRiver
fr,h0505,0.22476369711440142,scr2006,avaConv,runOfRiver
fr,h0506,0.22613095144088707,scr2006,avaConv,runOfRiver
fr,h0507,0.2274971989411801,scr2006,avaConv,runOfRiver
fr,h0508,0.2274971989411801,scr2006,avaConv,runOfRiver
fr,h0509,0.2274971989411801,scr2006,avaConv,runOfRiver
fr,h0510,0.2274971989411801,scr2006,avaConv,runOfRiver
fr,h0511,0.21568788535414035,scr2006,avaConv,runOfRiver
fr,h0512,0.2038001669992286,scr2006,avaConv,runOfRiver
fr,h0513,0.19182958944863832,scr2006,avaConv,runOfRiver
fr,h0514,0.19182958944863832,scr2006,avaConv,runOfRiver
fr,h0515,0.19182958944863832,scr2006,avaConv,runOfRiver
fr,h0516,0.19182958944863832,scr2006,avaConv,runOfRiver
fr,h0517,0.21650967155676887,scr2006,avaConv,runOfRiver
fr,h0518,0.24085475309142634,scr2006,avaConv,runOfRiver
fr,h0519,0.26489864869169905,scr2006,avaConv,runOfRiver
fr,h0520,0.26489864869169905,scr2006,avaConv,runOfRiver
fr,h0521,0.26489864869169905,scr2006,avaConv,runOfRiver
fr,h0522,0.26489864869169905,scr2006,avaConv,runOfRiver
fr,h0523,0.26349124935650764,scr2006,avaConv,runOfRiver
fr,h0524,0.26208289938371393,scr2006,avaConv,runOfRiver
fr,h0525,0.2606735935159886,scr2006,avaConv,runOfRiver
fr,h0526,0.2606735935159886,scr2006,avaConv,runOfRiver
fr,h0527,0.2606735935159886,scr2006,avaConv,runOfRiver
fr,h0528,0.2606735935159886,scr2006,avaConv,runOfRiver
fr,h0529,0.2395198572457603,scr2006,avaConv,runOfRiver
fr,h0530,0.21813240817152546,scr2006,avaConv,runOfRiver
fr,h0531,0.19648837712893363,scr2006,avaConv,runOfRiver
fr,h0532,0.19648837712893363,scr2006,avaConv,runOfRiver
fr,h0533,0.19648837712893363,scr2006,avaConv,runOfRiver
fr,h0534,0.19648837712893363,scr2006,avaConv,runOfRiver
fr,h0535,0.19565937955607765,scr2006,avaConv,runOfRiver
fr,h0536,0.19482996976812156,scr2006,avaConv,runOfRiver
fr,h0537,0.19400014608900074,scr2006,avaConv,runOfRiver
fr,h0538,0.19400014608900074,scr2006,avaConv,runOfRiver
fr,h0539,0.19400014608900074,scr2006,avaConv,runOfRiver
fr,h0540,0.19400014608900074,scr2006,avaConv,runOfRiver
fr,h0541,0.1874456075080717,scr2006,avaConv,runOfRiver
fr,h0542,0.18086439687841088,scr2006,avaConv,runOfRiver
fr,h0543,0.17425560323917363,scr2006,avaConv,runOfRiver
fr,h0544,0.17425560323917363,scr2006,avaConv,runOfRiver
fr,h0545,0.17425560323917363,scr2006,avaConv,runOfRiver
fr,h0546,0.17425560323917363,scr2006,avaConv,runOfRiver
fr,h0547,0.17309579970129996,scr2006,avaConv,runOfRiver
fr,h0548,0.17193511590597135,scr2006,avaConv,runOfRiver
fr,h0549,0.17077354637989678,scr2006,avaConv,runOfRiver
fr,h0550,0.17077354637989678,scr2006,avaConv,runOfRiver
fr,h0551,0.17077354637989678,scr2006,avaConv,runOfRiver
fr,h0552,0.17077354637989678,scr2006,avaConv,runOfRiver
gr,h0481,0.36917405419134774,scr2006,avaConv,runOfRiver
gr,h0482,0.320687508181817,scr2006,avaConv,runOfRiver
gr,h0483,0.2723477497518808,scr2006,avaConv,runOfRiver
gr,h0484,0.2723477497518808,scr2006,avaConv,runOfRiver
gr,h0485,0.2723477497518808,scr2006,avaConv,runOfRiver
gr,h0486,0.2723477497518808,scr2006,avaConv,runOfRiver
gr,h0487,0.2723477497518808,scr2006,avaConv,runOfRiver
gr,h0488,0.2723477497518808,scr2006,avaConv,runOfRiver
gr,h0489,0.2723477497518808,scr2006,avaConv,runOfRiver
gr,h0490,0.2723477497518808,scr2006,avaConv,runOfRiver
gr,h0491,0.2723477497518808,scr2006,avaConv,runOfRiver
gr,h0492,0.2723477497518808,scr2006,avaConv,runOfRiver
gr,h0493,0.28735283784851157,scr2006,avaConv,runOfRiver
gr,h0494,0.3023736539455246,scr2006,avaConv,runOfRiver
gr,h0495,0.31740943386056825,scr2006,avaConv,runOfRiver
gr,h0496,0.31740943386056825,scr2006,avaConv,runOfRiver
gr,h0497,0.31740943386056825,scr2006,avaConv,runOfRiver
gr,h0498,0.31740943386056825,scr2006,avaConv,runOfRiver
gr,h0499,0.31740943386056825,scr2006,avaConv,runOfRiver
gr,h0500,0.31740943386056825,scr2006,avaConv,runOfRiver
gr,h0501,0.31740943386056825,scr2006,avaConv,runOfRiver
gr,h0502,0.31740943386056825,scr2006,avaConv,runOfRiver
gr,h0503,0.31740943386056825,scr2006,avaConv,runOfRiver
gr,h0504,0.31740943386056825,scr2006,avaConv,runOfRiver
gr,h0505,0.27905901468592303,scr2006,avaConv,runOfRiver
gr,h0506,0.24081432700893363,scr2006,avaConv,runOfRiver
gr,h0507,0.2026919116424578,scr2006,avaConv,runOfRiver
gr,h0508,0.2026919116424578,scr2006,avaConv,runOfRiver
gr,h0509,0.2026919116424578,scr2006,avaConv,runOfRiver
gr,h0510,0.2026919116424578,scr2006,avaConv,runOfRiver
gr,h0511,0.2026919116424578,scr2006,avaConv,runOfRiver
gr,h0512,0.2026919116424578,scr2006,avaConv,runOfRiver
gr,h0513,0.2026919116424578,scr2006,avaConv,runOfRiver
gr,h0514,0.2026919116424578,scr2006,avaConv,runOfRiver
gr,h0515,0.2026919116424578,scr2006,avaConv,runOfRiver
gr,h0516,0.2026919116424578,scr2006,avaConv,runOfRiver
gr,h0517,0.2026919116424578,scr2006,avaConv,runOfRiver
gr,h0518,0.2026919116424578,scr2006,avaConv,runOfRiver
gr,h0519,0.2026919116424578,scr2006,avaConv,runOfRiver
gr,h0520,0.2026919116424578,scr2006,avaConv,runOfRiver
gr,h0521,0.2026919116424578,scr2006,avaConv,runOfRiver
gr,h0522,0.2026919116424578,scr2006,avaConv,runOfRiver
gr,h0523,0.2561507683480333,scr2006,avaConv,runOfRiver
gr,h0524,0.30983634483391725,scr2006,avaConv,runOfRiver
gr,h0525,0.36370973280815366,scr2006,avaConv,runOfRiver
gr,h0526,0.36370973280815366,scr2006,avaConv,runOfRiver
gr,h0527,0.36370973280815366,scr2006,avaConv,runOfRiver
gr,h0528,0.36370973280815366,scr2006,avaConv,runOfRiver
gr,h0529,0.36370973280815366,scr2006,avaConv,runOfRiver
gr,h0530,0.36370973280815366,scr2006,avaConv,runOfRiver
gr,h0531,0.36370973280815366,scr2006,avaConv,runOfRiver
gr,h0532,0.36370973280815366,scr2006,avaConv,runOfRiver
gr,h0533,0.36370973280815366,scr2006,avaConv,runOfRiver
gr,h0534,0.36370973280815366,scr2006,avaConv,runOfRiver
gr,h0535,0.3253785714550686,scr2006,avaConv,runOfRiver
gr,h0536,0.2871377300600126,scr2006,avaConv,runOfRiver
gr,h0537,0.24899899686565435,scr2006,avaConv,runOfRiver
gr,h0538,0.24899899686565435,scr2006,avaConv,runOfRiver
gr,h0539,0.24899899686565435,scr2006,avaConv,runOfRiver
gr,h0540,0.24899899686565435,scr2006,avaConv,runOfRiver
gr,h0541,0.24899899686565435,scr2006,avaConv,runOfRiver
gr,h0542,0.24899899686565435,scr2006,avaConv,runOfRiver
gr,h0543,0.24899899686565435,scr2006,avaConv,runOfRiver
gr,h0544,0.24899899686565435,scr2006,avaConv,runOfRiver
gr,h0545,0.24899899686565435,scr2006,avaConv,runOfRiver
gr,h0546,0.24899899686565435,scr2006,avaConv,runOfRiver
gr,h0547,0.22937641449528856,scr2006,avaConv,runOfRiver
gr,h0548,0.20978760768305843,scr2006,avaConv,runOfRiver
gr,h0549,0.19023568068698365,scr2006,avaConv,runOfRiver
gr,h0550,0.19023568068698365,scr2006,avaConv,runOfRiver
gr,h0551,0.19023568068698365,scr2006,avaConv,runOfRiver
gr,h0552,0.19023568068698365,scr2006,avaConv,runOfRiver
hr,h0481,0.447909293615126,scr2006,avaConv,runOfRiver
hr,h0482,0.5502793260063898,scr2006,avaConv,runOfRiver
hr,h0483,0.6513423656829176,scr2006,avaConv,runOfRiver
hr,h0484,0.6513423656829176,scr2006,avaConv,runOfRiver
hr,h0485,0.6513423656829176,scr2006,avaConv,runOfRiver
hr,h0486,0.6513423656829176,scr2006,avaConv,runOfRiver
hr,h0487,0.5953224026194872,scr2006,avaConv,runOfRiver
hr,h0488,0.5389328012429577,scr2006,avaConv,runOfRiver
hr,h0489,0.4821322662889144,scr2006,avaConv,runOfRiver
hr,h0490,0.4821322662889144,scr2006,avaConv,runOfRiver
hr,h0491,0.4821322662889144,scr2006,avaConv,runOfRiver
hr,h0492,0.4821322662889144,scr2006,avaConv,runOfRiver
hr,h0493,0.4507364292171154,scr2006,avaConv,runOfRiver
hr,h0494,0.4191911989564119,scr2006,avaConv,runOfRiver
hr,h0495,0.387484890005115,scr2006,avaConv,runOfRiver
hr,h0496,0.387484890005115,scr2006,avaConv,runOfRiver
hr,h0497,0.387484890005115,scr2006,avaConv,runOfRiver
hr,h0498,0.387484890005115,scr2006,avaConv,runOfRiver
hr,h0499,0.3786260328231134,scr2006,avaConv,runOfRiver
hr,h0500,0.36975332350158197,scr2006,avaConv,runOfRiver
hr,h0501,0.3608664228966341,scr2006,avaConv,runOfRiver
hr,h0502,0.3608664228966341,scr2006,avaConv,runOfRiver
hr,h0503,0.3608664228966341,scr2006,avaConv,runOfRiver
hr,h0504,0.3608664228966341,scr2006,avaConv,runOfRiver
hr,h0505,0.3572310506770867,scr2006,avaConv,runOfRiver
hr,h0506,0.353593224891592,scr2006,avaConv,runOfRiver
hr,h0507,0.34995291994645944,scr2006,avaConv,runOfRiver
hr,h0508,0.34995291994645944,scr2006,avaConv,runOfRiver
hr,h0509,0.34995291994645944,scr2006,avaConv,runOfRiver
hr,h0510,0.34995291994645944,scr2006,avaConv,runOfRiver
hr,h0511,0.35834743356205423,scr2006,avaConv,runOfRiver
hr,h0512,0.36672892880524594,scr2006,avaConv,runOfRiver
hr,h0513,0.37509770800985354,scr2006,avaConv,runOfRiver
hr,h0514,0.37509770800985354,scr2006,avaConv,runOfRiver
hr,h0515,0.37509770800985354,scr2006,avaConv,runOfRiver
hr,h0516,0.37509770800985354,scr2006,avaConv,runOfRiver
hr,h0517,0.3933515639089635,scr2006,avaConv,runOfRiver
hr,h0518,0.4115488214048935,scr2006,avaConv,runOfRiver
hr,h0519,0.4296920532406745,scr2006,avaConv,runOfRiver
hr,h0520,0.4296920532406745,scr2006,avaConv,runOfRiver
hr,h0521,0.4296920532406745,scr2006,avaConv,runOfRiver
hr,h0522,0.4296920532406745,scr2006,avaConv,runOfRiver
hr,h0523,0.4190965165670408,scr2006,avaConv,runOfRiver
hr,h0524,0.4084828788007625,scr2006,avaConv,runOfRiver
hr,h0525,0.397850654717492,scr2006,avaConv,runOfRiver
hr,h0526,0.397850654717492,scr2006,avaConv,runOfRiver
hr,h0527,0.397850654717492,scr2006,avaConv,runOfRiver
hr,h0528,0.397850654717492,scr2006,avaConv,runOfRiver
hr,h0529,0.3845334564455844,scr2006,avaConv,runOfRiver
hr,h0530,0.3711853564470037,scr2006,avaConv,runOfRiver
hr,h0531,0.35780521928533104,scr2006,avaConv,runOfRiver
hr,h0532,0.35780521928533104,scr2006,avaConv,runOfRiver
hr,h0533,0.35780521928533104,scr2006,avaConv,runOfRiver
hr,h0534,0.35780521928533104,scr2006,avaConv,runOfRiver
hr,h0535,0.3541997006554779,scr2006,avaConv,runOfRiver
hr,h0536,0.3505917503962785,scr2006,avaConv,runOfRiver
hr,h0537,0.3469813431616869,scr2006,avaConv,runOfRiver
hr,h0538,0.3469813431616869,scr2006,avaConv,runOfRiver
hr,h0539,0.3469813431616869,scr2006,avaConv,runOfRiver
hr,h0540,0.3469813431616869,scr2006,avaConv,runOfRiver
hr,h0541,0.3457027292578877,scr2006,avaConv,runOfRiver
hr,h0542,0.3444238030878411,scr2006,avaConv,runOfRiver
hr,h0543,0.34314456348016786,scr2006,avaConv,runOfRiver
hr,h0544,0.34314456348016786,scr2006,avaConv,runOfRiver
hr,h0545,0.34314456348016786,scr2006,avaConv,runOfRiver
hr,h0546,0.34314456348016786,scr2006,avaConv,runOfRiver
hr,h0547,0.34429589325116844,scr2006,avaConv,runOfRiver
hr,h0548,0.3454469690425403,scr2006,avaConv,runOfRiver
hr,h0549,0.346597791709146,scr2006,avaConv,runOfRiver
hr,h0550,0.346597791709146,scr2006,avaConv,runOfRiver
hr,h0551,0.346597791709146,scr2006,avaConv,runOfRiver
hr,h0552,0.346597791709146,scr2006,avaConv,runOfRiver
hu,h0481,0.3855795000185451,scr2006,avaConv,runOfRiver
hu,h0482,0.3691421207225185,scr2006,avaConv,runOfRiver
hu,h0483,0.3529787724934662,scr2006,avaConv,runOfRiver
hu,h0484,0.3529787724934662,scr2006,avaConv,runOfRiver
hu,h0485,0.3529787724934662,scr2006,avaConv,runOfRiver
hu,h0486,0.3529787724934662,scr2006,avaConv,runOfRiver
hu,h0487,0.35446371453209724,scr2006,avaConv,runOfRiver
hu,h0488,0.35595105067297006,scr2006,avaConv,runOfRiver
hu,h0489,0.357440776217156,scr2006,avaConv,runOfRiver
hu,h0490,0.357440776217156,scr2006,avaConv,runOfRiver
hu,h0491,0.357440776217156,scr2006,avaConv,runOfRiver
hu,h0492,0.357440776217156,scr2006,avaConv,runOfRiver
hu,h0493,0.35654665442451416,scr2006,avaConv,runOfRiver
hu,h0494,0.3556533921425393,scr2006,avaConv,runOfRiver
hu,h0495,0.35476099038283326,scr2006,avaConv,runOfRiver
hu,h0496,0.35476099038283326,scr2006,avaConv,runOfRiver
hu,h0497,0.35476099038283326,scr2006,avaConv,runOfRiver
hu,h0498,0.35476099038283326,scr2006,avaConv,runOfRiver
hu,h0499,0.3452958507020603,scr2006,avaConv,runOfRiver
hu,h0500,0.33592999480964736,scr2006,avaConv,runOfRiver
hu,h0501,0.3266647255595291,scr2006,avaConv,runOfRiver
hu,h0502,0.3266647255595291,scr2006,avaConv,runOfRiver
hu,h0503,0.3266647255595291,scr2006,avaConv,runOfRiver
hu,h0504,0.3266647255595291,scr2006,avaConv,runOfRiver
hu,h0505,0.3200681981184243,scr2006,avaConv,runOfRiver
hu,h0506,0.3135248500645202,scr2006,avaConv,runOfRiver
hu,h0507,0.30703521476295365,scr2006,avaConv,runOfRiver
hu,h0508,0.30703521476295365,scr2006,avaConv,runOfRiver
hu,h0509,0.30703521476295365,scr2006,avaConv,runOfRiver
hu,h0510,0.30703521476295365,scr2006,avaConv,runOfRiver
hu,h0511,0.30311153284968656,scr2006,avaConv,runOfRiver
hu,h0512,0.29920808171027957,scr2006,avaConv,runOfRiver
hu,h0513,0.2953249902651014,scr2006,avaConv,runOfRiver
hu,h0514,0.2953249902651014,scr2006,avaConv,runOfRiver
hu,h0515,0.2953249902651014,scr2006,avaConv,runOfRiver
hu,h0516,0.2953249902651014,scr2006,avaConv,runOfRiver
hu,h0517,0.30507085292747577,scr2006,avaConv,runOfRiver
hu,h0518,0.3149427665379803,scr2006,avaConv,runOfRiver
hu,h0519,0.32493879462030373,scr2006,avaConv,runOfRiver
hu,h0520,0.32493879462030373,scr2006,avaConv,runOfRiver
hu,h0521,0.32493879462030373,scr2006,avaConv,runOfRiver
hu,h0522,0.32493879462030373,scr2006,avaConv,runOfRiver
hu,h0523,0.32580131156683273,scr2006,avaConv,runOfRiver
hu,h0524,0.32666472555952897,scr2006,avaConv,runOfRiver
hu,h0525,0.3275290354611981,scr2006,avaConv,runOfRiver
hu,h0526,0.3275290354611981,scr2006,avaConv,runOfRiver
hu,h0527,0.3275290354611981,scr2006,avaConv,runOfRiver
hu,h0528,0.3275290354611981,scr2006,avaConv,runOfRiver
hu,h0529,0.31664760913369183,scr2006,avaConv,runOfRiver
hu,h0530,0.3059121058495989,scr2006,avaConv,runOfRiver
hu,h0531,0.2953249902651014,scr2006,avaConv,runOfRiver
hu,h0532,0.2953249902651014,scr2006,avaConv,runOfRiver
hu,h0533,0.2953249902651014,scr2006,avaConv,runOfRiver
hu,h0534,0.2953249902651014,scr2006,avaConv,runOfRiver
hu,h0535,0.2909122702026167,scr2006,avaConv,runOfRiver
hu,h0536,0.2865265137264484,scr2006,avaConv,runOfRiver
hu,h0537,0.28216792490542675,scr2006,avaConv,runOfRiver
hu,h0538,0.28216792490542675,scr2006,avaConv,runOfRiver
hu,h0539,0.28216792490542675,scr2006,avaConv,runOfRiver
hu,h0540,0.28216792490542675,scr2006,avaConv,runOfRiver
hu,h0541,0.27999888333975476,scr2006,avaConv,runOfRiver
hu,h0542,0.27783671222237505,scr2006,avaConv,runOfRiver
hu,h0543,0.2756814383294612,scr2006,avaConv,runOfRiver
hu,h0544,0.2756814383294612,scr2006,avaConv,runOfRiver
hu,h0545,0.2756814383294612,scr2006,avaConv,runOfRiver
hu,h0546,0.2756814383294612,scr2006,avaConv,runOfRiver
hu,h0547,0.2732650332585644,scr2006,avaConv,runOfRiver
hu,h0548,0.2708574307626654,scr2006,avaConv,runOfRiver
hu,h0549,0.2684586703383502,scr2006,avaConv,runOfRiver
hu,h0550,0.2684586703383502,scr2006,avaConv,runOfRiver
hu,h0551,0.2684586703383502,scr2006,avaConv,runOfRiver
hu,h0552,0.2684586703383502,scr2006,avaConv,runOfRiver
ie,h0481,0.1876763179971261,scr2006,avaConv,runOfRiver
ie,h0482,0.18509056928670456,scr2006,avaConv,runOfRiver
ie,h0483,0.18250289136948347,scr2006,avaConv,runOfRiver
ie,h0484,0.18250289136948347,scr2006,avaConv,runOfRiver
ie,h0485,0.18250289136948347,scr2006,avaConv,runOfRiver
ie,h0486,0.18250289136948347,scr2006,avaConv,runOfRiver
ie,h0487,0.3097234674845597,scr2006,avaConv,runOfRiver
ie,h0488,0.4339554719266222,scr2006,avaConv,runOfRiver
ie,h0489,0.5561029935137134,scr2006,avaConv,runOfRiver
ie,h0490,0.5561029935137134,scr2006,avaConv,runOfRiver
ie,h0491,0.5561029935137134,scr2006,avaConv,runOfRiver
ie,h0492,0.5561029935137134,scr2006,avaConv,runOfRiver
ie,h0493,0.5577618766487559,scr2006,avaConv,runOfRiver
ie,h0494,0.5594204644823054,scr2006,avaConv,runOfRiver
ie,h0495,0.5610787579417583,scr2006,avaConv,runOfRiver
ie,h0496,0.5610787579417583,scr2006,avaConv,runOfRiver
ie,h0497,0.5610787579417583,scr2006,avaConv,runOfRiver
ie,h0498,0.5610787579417583,scr2006,avaConv,runOfRiver
ie,h0499,0.5485157410069509,scr2006,avaConv,runOfRiver
ie,h0500,0.5359354915862535,scr2006,avaConv,runOfRiver
ie,h0501,0.5233375815854598,scr2006,avaConv,runOfRiver
ie,h0502,0.5233375815854598,scr2006,avaConv,runOfRiver
ie,h0503,0.5233375815854598,scr2006,avaConv,runOfRiver
ie,h0504,0.5233375815854598,scr2006,avaConv,runOfRiver
ie,h0505,0.5274992489953363,scr2006,avaConv,runOfRiver
ie,h0506,0.5316589586057062,scr2006,avaConv,runOfRiver
ie,h0507,0.5358167265867138,scr2006,avaConv,runOfRiver
ie,h0508,0.5358167265867138,scr2006,avaConv,runOfRiver
ie,h0509,0.5358167265867138,scr2006,avaConv,runOfRiver
ie,h0510,0.5358167265867138,scr2006,avaConv,runOfRiver
ie,h0511,0.5393196348132963,scr2006,avaConv,runOfRiver
ie,h0512,0.5428211843882739,scr2006,avaConv,runOfRiver
ie,h0513,0.5463213845762184,scr2006,avaConv,runOfRiver
ie,h0514,0.5463213845762184,scr2006,avaConv,runOfRiver
ie,h0515,0.5463213845762184,scr2006,avaConv,runOfRiver
ie,h0516,0.5463213845762184,scr2006,avaConv,runOfRiver
ie,h0517,0.5704899581910771,scr2006,avaConv,runOfRiver
ie,h0518,0.5945972933610617,scr2006,avaConv,runOfRiver
ie,h0519,0.618646024949387,scr2006,avaConv,runOfRiver
ie,h0520,0.618646024949387,scr2006,avaConv,runOfRiver
ie,h0521,0.618646024949387,scr2006,avaConv,runOfRiver
ie,h0522,0.618646024949387,scr2006,avaConv,runOfRiver
ie,h0523,0.6190581288835688,scr2006,avaConv,runOfRiver
ie,h0524,0.6194702162968855,scr2006,avaConv,runOfRiver
ie,h0525,0.6198822872010482,scr2006,avaConv,runOfRiver
ie,h0526,0.6198822872010482,scr2006,avaConv,runOfRiver
ie,h0527,0.6198822872010482,scr2006,avaConv,runOfRiver
ie,h0528,0.6198822872010482,scr2006,avaConv,runOfRiver
ie,h0529,0.611755545397771,scr2006,avaConv,runOfRiver
ie,h0530,0.6036223008172205,scr2006,avaConv,runOfRiver
ie,h0531,0.5954824601398047,scr2006,avaConv,runOfRiver
ie,h0532,0.5954824601398047,scr2006,avaConv,runOfRiver
ie,h0533,0.5954824601398047,scr2006,avaConv,runOfRiver
ie,h0534,0.5954824601398047,scr2006,avaConv,runOfRiver
ie,h0535,0.5690699994631518,scr2006,avaConv,runOfRiver
ie,h0536,0.5425838339410705,scr2006,avaConv,runOfRiver
ie,h0537,0.516020144942077,scr2006,avaConv,runOfRiver
ie,h0538,0.516020144942077,scr2006,avaConv,runOfRiver
ie,h0539,0.516020144942077,scr2006,avaConv,runOfRiver
ie,h0540,0.516020144942077,scr2006,avaConv,runOfRiver
ie,h0541,0.49874299388326204,scr2006,avaConv,runOfRiver
ie,h0542,0.4814301888084046,scr2006,avaConv,runOfRiver
ie,h0543,0.46408038107070176,scr2006,avaConv,runOfRiver
ie,h0544,0.46408038107070176,scr2006,avaConv,runOfRiver
ie,h0545,0.46408038107070176,scr2006,avaConv,runOfRiver
ie,h0546,0.46408038107070176,scr2006,avaConv,runOfRiver
ie,h0547,0.464739169363489,scr2006,avaConv,runOfRiver
ie,h0548,0.46539790242564183,scr2006,avaConv,runOfRiver
ie,h0549,0.46605658033897746,scr2006,avaConv,runOfRiver
ie,h0550,0.46605658033897746,scr2006,avaConv,runOfRiver
ie,h0551,0.46605658033897746,scr2006,avaConv,runOfRiver
ie,h0552,0.46605658033897746,scr2006,avaConv,runOfRiver
it_cn,h0481,0.28324154223921955,scr2006,avaConv,runOfRiver
it_cn,h0482,0.26824717620119576,scr2006,avaConv,runOfRiver
it_cn,h0483,0.25326944321480127,scr2006,avaConv,runOfRiver
it_cn,h0484,0.25326944321480127,scr2006,avaConv,runOfRiver
it_cn,h0485,0.25326944321480127,scr2006,avaConv,runOfRiver
it_cn,h0486,0.25326944321480127,scr2006,avaConv,runOfRiver
it_cn,h0487,0.25914974527541584,scr2006,avaConv,runOfRiver
it_cn,h0488,0.2650326989442471,scr2006,avaConv,runOfRiver
it_cn,h0489,0.27091824720427116,scr2006,avaConv,runOfRiver
it_cn,h0490,0.27091824720427116,scr2006,avaConv,runOfRiver
it_cn,h0491,0.27091824720427116,scr2006,avaConv,runOfRiver
it_cn,h0492,0.27091824720427116,scr2006,avaConv,runOfRiver
it_cn,h0493,0.24912027049108298,scr2006,avaConv,runOfRiver
it_cn,h0494,0.2273601715184354,scr2006,avaConv,runOfRiver
it_cn,h0495,0.20564146801537325,scr2006,avaConv,runOfRiver
it_cn,h0496,0.20564146801537325,scr2006,avaConv,runOfRiver
it_cn,h0497,0.20564146801537325,scr2006,avaConv,runOfRiver
it_cn,h0498,0.20564146801537325,scr2006,avaConv,runOfRiver
it_cn,h0499,0.25727171079151084,scr2006,avaConv,runOfRiver
it_cn,h0500,0.3091099907021259,scr2006,avaConv,runOfRiver
it_cn,h0501,0.3611221043389249,scr2006,avaConv,runOfRiver
it_cn,h0502,0.3611221043389249,scr2006,avaConv,runOfRiver
it_cn,h0503,0.3611221043389249,scr2006,avaConv,runOfRiver
it_cn,h0504,0.3611221043389249,scr2006,avaConv,runOfRiver
it_cn,h0505,0.3159561147454336,scr2006,avaConv,runOfRiver
it_cn,h0506,0.2709182472042711,scr2006,avaConv,runOfRiver
it_cn,h0507,0.22602922618709678,scr2006,avaConv,runOfRiver
it_cn,h0508,0.22602922618709678,scr2006,avaConv,runOfRiver
it_cn,h0509,0.22602922618709678,scr2006,avaConv,runOfRiver
it_cn,h0510,0.22602922618709678,scr2006,avaConv,runOfRiver
it_cn,h0511,0.20342776099455126,scr2006,avaConv,runOfRiver
it_cn,h0512,0.18087627315039442,scr2006,avaConv,runOfRiver
it_cn,h0513,0.15838083188275373,scr2006,avaConv,runOfRiver
it_cn,h0514,0.15838083188275373,scr2006,avaConv,runOfRiver
it_cn,h0515,0.15838083188275373,scr2006,avaConv,runOfRiver
it_cn,h0516,0.15838083188275373,scr2006,avaConv,runOfRiver
it_cn,h0517,0.21036562244028653,scr2006,avaConv,runOfRiver
it_cn,h0518,0.2626099888403375,scr2006,avaConv,runOfRiver
it_cn,h0519,0.3150629737880732,scr2006,avaConv,runOfRiver
it_cn,h0520,0.3150629737880732,scr2006,avaConv,runOfRiver
it_cn,h0521,0.3150629737880732,scr2006,avaConv,runOfRiver
it_cn,h0522,0.3150629737880732,scr2006,avaConv,runOfRiver
it_cn,h0523,0.27601451384870984,scr2006,avaConv,runOfRiver
it_cn,h0524,0.2370757778543461,scr2006,avaConv,runOfRiver
it_cn,h0525,0.19826431794177646,scr2006,avaConv,runOfRiver
it_cn,h0526,0.19826431794177646,scr2006,avaConv,runOfRiver
it_cn,h0527,0.19826431794177646,scr2006,avaConv,runOfRiver
it_cn,h0528,0.19826431794177646,scr2006,avaConv,runOfRiver
it_cn,h0529,0.18455750436219734,scr2006,avaConv,runOfRiver
it_cn,h0530,0.1708709646040179,scr2006,avaConv,runOfRiver
it_cn,h0531,0.1572062783797991,scr2006,avaConv,runOfRiver
it_cn,h0532,0.1572062783797991,scr2006,avaConv,runOfRiver
it_cn,h0533,0.1572062783797991,scr2006,avaConv,runOfRiver
it_cn,h0534,0.1572062783797991,scr2006,avaConv,runOfRiver
it_cn,h0535,0.14454231075368573,scr2006,avaConv,runOfRiver
it_cn,h0536,0.13190051195016383,scr2006,avaConv,runOfRiver
it_cn,h0537,0.11928295755721782,scr2006,avaConv,runOfRiver
it_cn,h0538,0.11928295755721782,scr2006,avaConv,runOfRiver
it_cn,h0539,0.11928295755721782,scr2006,avaConv,runOfRiver
it_cn,h0540,0.11928295755721782,scr2006,avaConv,runOfRiver
it_cn,h0541,0.13926802167287494,scr2006,avaConv,runOfRiver
it_cn,h0542,0.15931081014963286,scr2006,avaConv,runOfRiver
it_cn,h0543,0.17940419698751742,scr2006,avaConv,runOfRiver
it_cn,h0544,0.17940419698751742,scr2006,avaConv,runOfRiver
it_cn,h0545,0.17940419698751742,scr2006,avaConv,runOfRiver
it_cn,h0546,0.17940419698751742,scr2006,avaConv,runOfRiver
it_cn,h0547,0.172096490815201,scr2006,avaConv,runOfRiver
it_cn,h0548,0.1647949697735342,scr2006,avaConv,runOfRiver
it_cn,h0549,0.15749990038110692,scr2006,avaConv,runOfRiver
it_cn,h0550,0.15749990038110692,scr2006,avaConv,runOfRiver
it_cn,h0551,0.15749990038110692,scr2006,avaConv,runOfRiver
it_cn,h0552,0.15749990038110692,scr2006,avaConv,runOfRiver
it_cs,h0481,0.2866336717560143,scr2006,avaConv,runOfRiver
it_cs,h0482,0.276089474588548,scr2006,avaConv,runOfRiver
it_cs,h0483,0.26569129756918497,scr2006,avaConv,runOfRiver
it_cs,h0484,0.26569129756918497,scr2006,avaConv,runOfRiver
it_cs,h0485,0.26569129756918497,scr2006,avaConv,runOfRiver
it_cs,h0486,0.26569129756918497,scr2006,avaConv,runOfRiver
it_cs,h0487,0.26996426110830307,scr2006,avaConv,runOfRiver
it_cs,h0488,0.27426245595178395,scr2006,avaConv,runOfRiver
it_cs,h0489,0.27858562160564504,scr2006,avaConv,runOfRiver
it_cs,h0490,0.27858562160564504,scr2006,avaConv,runOfRiver
it_cs,h0491,0.27858562160564504,scr2006,avaConv,runOfRiver
it_cs,h0492,0.27858562160564504,scr2006,avaConv,runOfRiver
it_cs,h0493,0.27683214530259154,scr2006,avaConv,runOfRiver
it_cs,h0494,0.2750827380156299,scr2006,avaConv,runOfRiver
it_cs,h0495,0.273337416632799,scr2006,avaConv,runOfRiver
it_cs,h0496,0.273337416632799,scr2006,avaConv,runOfRiver
it_cs,h0497,0.273337416632799,scr2006,avaConv,runOfRiver
it_cs,h0498,0.273337416632799,scr2006,avaConv,runOfRiver
it_cs,h0499,0.3665421931273962,scr2006,avaConv,runOfRiver
it_cs,h0500,0.4685566296662237,scr2006,avaConv,runOfRiver
it_cs,h0501,0.57819848697672,scr2006,avaConv,runOfRiver
it_cs,h0502,0.57819848697672,scr2006,avaConv,runOfRiver
it_cs,h0503,0.57819848697672,scr2006,avaConv,runOfRiver
it_cs,h0504,0.57819848697672,scr2006,avaConv,runOfRiver
it_cs,h0505,0.5010285361650418,scr2006,avaConv,runOfRiver
it_cs,h0506,0.427419374958951,scr2006,avaConv,runOfRiver
it_cs,h0507,0.35770731819139545,scr2006,avaConv,runOfRiver
it_cs,h0508,0.35770731819139545,scr2006,avaConv,runOfRiver
it_cs,h0509,0.35770731819139545,scr2006,avaConv,runOfRiver
it_cs,h0510,0.35770731819139545,scr2006,avaConv,runOfRiver
it_cs,h0511,0.3335717917005552,scr2006,avaConv,runOfRiver
it_cs,h0512,0.3100238213481942,scr2006,avaConv,runOfRiver
it_cs,h0513,0.28709069567420376,scr2006,avaConv,runOfRiver
it_cs,h0514,0.28709069567420376,scr2006,avaConv,runOfRiver
it_cs,h0515,0.28709069567420376,scr2006,avaConv,runOfRiver
it_cs,h0516,0.28709069567420376,scr2006,avaConv,runOfRiver
it_cs,h0517,0.2828532601900946,scr2006,avaConv,runOfRiver
it_cs,h0518,0.278638820594195,scr2006,avaConv,runOfRiver
it_cs,h0519,0.2744476020515987,scr2006,avaConv,runOfRiver
it_cs,h0520,0.2744476020515987,scr2006,avaConv,runOfRiver
it_cs,h0521,0.2744476020515987,scr2006,avaConv,runOfRiver
it_cs,h0522,0.2744476020515987,scr2006,avaConv,runOfRiver
it_cs,h0523,0.26537772796405934,scr2006,avaConv,runOfRiver
it_cs,h0524,0.25642218407403233,scr2006,avaConv,runOfRiver
it_cs,h0525,0.2475836249703764,scr2006,avaConv,runOfRiver
it_cs,h0526,0.2475836249703764,scr2006,avaConv,runOfRiver
it_cs,h0527,0.2475836249703764,scr2006,avaConv,runOfRiver
it_cs,h0528,0.2475836249703764,scr2006,avaConv,runOfRiver
it_cs,h0529,0.2518728322801722,scr2006,avaConv,runOfRiver
it_cs,h0530,0.25619011500334143,scr2006,avaConv,runOfRiver
it_cs,h0531,0.2605351523887899,scr2006,avaConv,runOfRiver
it_cs,h0532,0.2605351523887899,scr2006,avaConv,runOfRiver
it_cs,h0533,0.2605351523887899,scr2006,avaConv,runOfRiver
it_cs,h0534,0.2605351523887899,scr2006,avaConv,runOfRiver
it_cs,h0535,0.25619011500334143,scr2006,avaConv,runOfRiver
it_cs,h0536,0.2518728322801722,scr2006,avaConv,runOfRiver
it_cs,h0537,0.2475836249703764,scr2006,avaConv,runOfRiver
it_cs,h0538,0.2475836249703764,scr2006,avaConv,runOfRiver
it_cs,h0539,0.2475836249703764,scr2006,avaConv,runOfRiver
it_cs,h0540,0.2475836249703764,scr2006,avaConv,runOfRiver
it_cs,h0541,0.24352506969916032,scr2006,avaConv,runOfRiver
it_cs,h0542,0.23949257327687606,scr2006,avaConv,runOfRiver
it_cs,h0543,0.23548643844340644,scr2006,avaConv,runOfRiver
it_cs,h0544,0.23548643844340644,scr2006,avaConv,runOfRiver
it_cs,h0545,0.23548643844340644,scr2006,avaConv,runOfRiver
it_cs,h0546,0.23548643844340644,scr2006,avaConv,runOfRiver
it_cs,h0547,0.2404982379627834,scr2006,avaConv,runOfRiver
it_cs,h0548,0.24555110855314846,scr2006,avaConv,runOfRiver
it_cs,h0549,0.2506444653744624,scr2006,avaConv,runOfRiver
it_cs,h0550,0.2506444653744624,scr2006,avaConv,runOfRiver
it_cs,h0551,0.2506444653744624,scr2006,avaConv,runOfRiver
it_cs,h0552,0.2506444653744624,scr2006,avaConv,runOfRiver
it_n,h0481,0.443083755383272,scr2006,avaConv,runOfRiver
it_n,h0482,0.4261597602225426,scr2006,avaConv,runOfRiver
it_n,h0483,0.40937642029560367,scr2006,avaConv,runOfRiver
it_n,h0484,0.40937642029560367,scr2006,avaConv,runOfRiver
it_n,h0485,0.40937642029560367,scr2006,avaConv,runOfRiver
it_n,h0486,0.40937642029560367,scr2006,avaConv,runOfRiver
it_n,h0487,0.4199336258462304,scr2006,avaConv,runOfRiver
it_n,h0488,0.430547239305381,scr2006,avaConv,runOfRiver
it_n,h0489,0.4412162750269843,scr2006,avaConv,runOfRiver
it_n,h0490,0.4412162750269843,scr2006,avaConv,runOfRiver
it_n,h0491,0.4412162750269843,scr2006,avaConv,runOfRiver
it_n,h0492,0.4412162750269843,scr2006,avaConv,runOfRiver
it_n,h0493,0.4261427597674107,scr2006,avaConv,runOfRiver
it_n,h0494,0.41118092356093955,scr2006,avaConv,runOfRiver
it_n,h0495,0.39633362761832397,scr2006,avaConv,runOfRiver
it_n,h0496,0.39633362761832397,scr2006,avaConv,runOfRiver
it_n,h0497,0.39633362761832397,scr2006,avaConv,runOfRiver
it_n,h0498,0.39633362761832397,scr2006,avaConv,runOfRiver
it_n,h0499,0.42393052413260485,scr2006,avaConv,runOfRiver
it_n,h0500,0.45191224750135794,scr2006,avaConv,runOfRiver
it_n,h0501,0.48026185826719336,scr2006,avaConv,runOfRiver
it_n,h0502,0.48026185826719336,scr2006,avaConv,runOfRiver
it_n,h0503,0.48026185826719336,scr2006,avaConv,runOfRiver
it_n,h0504,0.48026185826719336,scr2006,avaConv,runOfRiver
it_n,h0505,0.4374862960250988,scr2006,avaConv,runOfRiver
it_n,h0506,0.39557374000005696,scr2006,avaConv,runOfRiver
it_n,h0507,0.35458815641084196,scr2006,avaConv,runOfRiver
it_n,h0508,0.35458815641084196,scr2006,avaConv,runOfRiver
it_n,h0509,0.35458815641084196,scr2006,avaConv,runOfRiver
it_n,h0510,0.35458815641084196,scr2006,avaConv,runOfRiver
it_n,h0511,0.3853009342832384,scr2006,avaConv,runOfRiver
it_n,h0512,0.41654696898021276,scr2006,avaConv,runOfRiver
it_n,h0513,0.4482974283963776,scr2006,avaConv,runOfRiver
it_n,h0514,0.4482974283963776,scr2006,avaConv,runOfRiver
it_n,h0515,0.4482974283963776,scr2006,avaConv,runOfRiver
it_n,h0516,0.4482974283963776,scr2006,avaConv,runOfRiver
it_n,h0517,0.4411854498119652,scr2006,avaConv,runOfRiver
it_n,h0518,0.4340974740521074,scr2006,avaConv,runOfRiver
it_n,h0519,0.4270337762145479,scr2006,avaConv,runOfRiver
it_n,h0520,0.4270337762145479,scr2006,avaConv,runOfRiver
it_n,h0521,0.4270337762145479,scr2006,avaConv,runOfRiver
it_n,h0522,0.4270337762145479,scr2006,avaConv,runOfRiver
it_n,h0523,0.4110088329608828,scr2006,avaConv,runOfRiver
it_n,h0524,0.3951152798332864,scr2006,avaConv,runOfRiver
it_n,h0525,0.37935685547874837,scr2006,avaConv,runOfRiver
it_n,h0526,0.37935685547874837,scr2006,avaConv,runOfRiver
it_n,h0527,0.37935685547874837,scr2006,avaConv,runOfRiver
it_n,h0528,0.37935685547874837,scr2006,avaConv,runOfRiver
it_n,h0529,0.3517269117819352,scr2006,avaConv,runOfRiver
it_n,h0530,0.32456020520077367,scr2006,avaConv,runOfRiver
it_n,h0531,0.2978847965355225,scr2006,avaConv,runOfRiver
it_n,h0532,0.2978847965355225,scr2006,avaConv,runOfRiver
it_n,h0533,0.2978847965355225,scr2006,avaConv,runOfRiver
it_n,h0534,0.2978847965355225,scr2006,avaConv,runOfRiver
it_n,h0535,0.3010757847402813,scr2006,avaConv,runOfRiver
it_n,h0536,0.3042743266620547,scr2006,avaConv,runOfRiver
it_n,h0537,0.30748036307964005,scr2006,avaConv,runOfRiver
it_n,h0538,0.30748036307964005,scr2006,avaConv,runOfRiver
it_n,h0539,0.30748036307964005,scr2006,avaConv,runOfRiver
it_n,h0540,0.30748036307964005,scr2006,avaConv,runOfRiver
it_n,h0541,0.3102778565795139,scr2006,avaConv,runOfRiver
it_n,h0542,0.313080949683559,scr2006,avaConv,runOfRiver
it_n,h0543,0.3158896052119228,scr2006,avaConv,runOfRiver
it_n,h0544,0.3158896052119228,scr2006,avaConv,runOfRiver
it_n,h0545,0.3158896052119228,scr2006,avaConv,runOfRiver
it_n,h0546,0.3158896052119228,scr2006,avaConv,runOfRiver
it_n,h0547,0.31859839496880826,scr2006,avaConv,runOfRiver
it_n,h0548,0.3213122725915437,scr2006,avaConv,runOfRiver
it_n,h0549,0.3240312063634072,scr2006,avaConv,runOfRiver
it_n,h0550,0.3240312063634072,scr2006,avaConv,runOfRiver
it_n,h0551,0.3240312063634072,scr2006,avaConv,runOfRiver
it_n,h0552,0.3240312063634072,scr2006,avaConv,runOfRiver
it_sar,h0481,0.07010870325405985,scr2006,avaConv,runOfRiver
it_sar,h0482,0.09115514342174225,scr2006,avaConv,runOfRiver
it_sar,h0483,0.11179816273114096,scr2006,avaConv,runOfRiver
it_sar,h0484,0.11179816273114096,scr2006,avaConv,runOfRiver
it_sar,h0485,0.11179816273114096,scr2006,avaConv,runOfRiver
it_sar,h0486,0.11179816273114096,scr2006,avaConv,runOfRiver
it_sar,h0487,0.11335450815214157,scr2006,avaConv,runOfRiver
it_sar,h0488,0.11490896844125548,scr2006,avaConv,runOfRiver
it_sar,h0489,0.11646156843787991,scr2006,avaConv,runOfRiver
it_sar,h0490,0.11646156843787991,scr2006,avaConv,runOfRiver
it_sar,h0491,0.11646156843787991,scr2006,avaConv,runOfRiver
it_sar,h0492,0.11646156843787991,scr2006,avaConv,runOfRiver
it_sar,h0493,0.10845666956285047,scr2006,avaConv,runOfRiver
it_sar,h0494,0.10039969200766033,scr2006,avaConv,runOfRiver
it_sar,h0495,0.09228664247438814,scr2006,avaConv,runOfRiver
it_sar,h0496,0.09228664247438814,scr2006,avaConv,runOfRiver
it_sar,h0497,0.09228664247438814,scr2006,avaConv,runOfRiver
it_sar,h0498,0.09228664247438814,scr2006,avaConv,runOfRiver
it_sar,h0499,0.09138153743986896,scr2006,avaConv,runOfRiver
it_sar,h0500,0.0904756770080748,scr2006,avaConv,runOfRiver
it_sar,h0501,0.0895690541791688,scr2006,avaConv,runOfRiver
it_sar,h0502,0.0895690541791688,scr2006,avaConv,runOfRiver
it_sar,h0503,0.0895690541791688,scr2006,avaConv,runOfRiver
it_sar,h0504,0.0895690541791688,scr2006,avaConv,runOfRiver
it_sar,h0505,0.09612506911938737,scr2006,avaConv,runOfRiver
it_sar,h0506,0.10264318477357845,scr2006,avaConv,runOfRiver
it_sar,h0507,0.10912568245526533,scr2006,avaConv,runOfRiver
it_sar,h0508,0.10912568245526533,scr2006,avaConv,runOfRiver
it_sar,h0509,0.10912568245526533,scr2006,avaConv,runOfRiver
it_sar,h0510,0.10912568245526533,scr2006,avaConv,runOfRiver
it_sar,h0511,0.09792685351871153,scr2006,avaConv,runOfRiver
it_sar,h0512,0.0866171776937355,scr2006,avaConv,runOfRiver
it_sar,h0513,0.07518322083599918,scr2006,avaConv,runOfRiver
it_sar,h0514,0.07518322083599918,scr2006,avaConv,runOfRiver
it_sar,h0515,0.07518322083599918,scr2006,avaConv,runOfRiver
it_sar,h0516,0.07518322083599918,scr2006,avaConv,runOfRiver
it_sar,h0517,0.09002246133559075,scr2006,avaConv,runOfRiver
it_sar,h0518,0.10465870653369738,scr2006,avaConv,runOfRiver
it_sar,h0519,0.1191189098683596,scr2006,avaConv,runOfRiver
it_sar,h0520,0.1191189098683596,scr2006,avaConv,runOfRiver
it_sar,h0521,0.1191189098683596,scr2006,avaConv,runOfRiver
it_sar,h0522,0.1191189098683596,scr2006,avaConv,runOfRiver
it_sar,h0523,0.08775349270290997,scr2006,avaConv,runOfRiver
it_sar,h0524,0.05540989966644257,scr2006,avaConv,runOfRiver
it_sar,h0525,0.021582733812949638,scr2006,avaConv,runOfRiver
it_sar,h0526,0.021582733812949638,scr2006,avaConv,runOfRiver
it_sar,h0527,0.021582733812949638,scr2006,avaConv,runOfRiver
it_sar,h0528,0.021582733812949638,scr2006,avaConv,runOfRiver
it_sar,h0529,0.0396976297077876,scr2006,avaConv,runOfRiver
it_sar,h0530,0.05729126441161401,scr2006,avaConv,runOfRiver
it_sar,h0531,0.07449288350524638,scr2006,avaConv,runOfRiver
it_sar,h0532,0.07449288350524638,scr2006,avaConv,runOfRiver
it_sar,h0533,0.07449288350524638,scr2006,avaConv,runOfRiver
it_sar,h0534,0.07449288350524638,scr2006,avaConv,runOfRiver
it_sar,h0535,0.07334118356531014,scr2006,avaConv,runOfRiver
it_sar,h0536,0.07218804450235783,scr2006,avaConv,runOfRiver
it_sar,h0537,0.0710334462660504,scr2006,avaConv,runOfRiver
it_sar,h0538,0.0710334462660504,scr2006,avaConv,runOfRiver
it_sar,h0539,0.0710334462660504,scr2006,avaConv,runOfRiver
it_sar,h0540,0.0710334462660504,scr2006,avaConv,runOfRiver
it_sar,h0541,0.08388493380754128,scr2006,avaConv,runOfRiver
it_sar,h0542,0.09657578346723408,scr2006,avaConv,runOfRiver
it_sar,h0543,0.10912568245526533,scr2006,avaConv,runOfRiver
it_sar,h0544,0.10912568245526533,scr2006,avaConv,runOfRiver
it_sar,h0545,0.10912568245526533,scr2006,avaConv,runOfRiver
it_sar,h0546,0.10912568245526533,scr2006,avaConv,runOfRiver
it_sar,h0547,0.13189030258705808,scr2006,avaConv,runOfRiver
it_sar,h0548,0.15430179524371168,scr2006,avaConv,runOfRiver
it_sar,h0549,0.17641251471204372,scr2006,avaConv,runOfRiver
it_sar,h0550,0.17641251471204372,scr2006,avaConv,runOfRiver
it_sar,h0551,0.17641251471204372,scr2006,avaConv,runOfRiver
it_sar,h0552,0.17641251471204372,scr2006,avaConv,runOfRiver
it_sic,h0481,0.32065640306482734,scr2006,avaConv,runOfRiver
it_sic,h0482,0.3529787691660815,scr2006,avaConv,runOfRiver
it_sic,h0483,0.38530143156591257,scr2006,avaConv,runOfRiver
it_sic,h0484,0.38530143156591257,scr2006,avaConv,runOfRiver
it_sic,h0485,0.38530143156591257,scr2006,avaConv,runOfRiver
it_sic,h0486,0.38530143156591257,scr2006,avaConv,runOfRiver
it_sic,h0487,0.3824373868954448,scr2006,avaConv,runOfRiver
it_sic,h0488,0.37957334436920087,scr2006,avaConv,runOfRiver
it_sic,h0489,0.37670930400335345,scr2006,avaConv,runOfRiver
it_sic,h0490,0.37670930400335345,scr2006,avaConv,runOfRiver
it_sic,h0491,0.37670930400335345,scr2006,avaConv,runOfRiver
it_sic,h0492,0.37670930400335345,scr2006,avaConv,runOfRiver
it_sic,h0493,0.3546153527739261,scr2006,avaConv,runOfRiver
it_sic,h0494,0.3325215392425588,scr2006,avaConv,runOfRiver
it_sic,h0495,0.3104278725673678,scr2006,avaConv,runOfRiver
it_sic,h0496,0.3104278725673678,scr2006,avaConv,runOfRiver
it_sic,h0497,0.3104278725673678,scr2006,avaConv,runOfRiver
it_sic,h0498,0.3104278725673678,scr2006,avaConv,runOfRiver
it_sic,h0499,0.2715597740800628,scr2006,avaConv,runOfRiver
it_sic,h0500,0.23269223359632554,scr2006,avaConv,runOfRiver
it_sic,h0501,0.19382534508678861,scr2006,avaConv,runOfRiver
it_sic,h0502,0.19382534508678861,scr2006,avaConv,runOfRiver
it_sic,h0503,0.19382534508678861,scr2006,avaConv,runOfRiver
it_sic,h0504,0.19382534508678861,scr2006,avaConv,runOfRiver
it_sic,h0505,0.251512230903698,scr2006,avaConv,runOfRiver
it_sic,h0506,0.30920045115017825,scr2006,avaConv,runOfRiver
it_sic,h0507,0.3668897536637762,scr2006,avaConv,runOfRiver
it_sic,h0508,0.3668897536637762,scr2006,avaConv,runOfRiver
it_sic,h0509,0.3668897536637762,scr2006,avaConv,runOfRiver
it_sic,h0510,0.3668897536637762,scr2006,avaConv,runOfRiver
it_sic,h0511,0.38039164201410525,scr2006,avaConv,runOfRiver
it_sic,h0512,0.3938935782845042,scr2006,avaConv,runOfRiver
it_sic,h0513,0.40739556083235917,scr2006,avaConv,runOfRiver
it_sic,h0514,0.40739556083235917,scr2006,avaConv,runOfRiver
it_sic,h0515,0.40739556083235917,scr2006,avaConv,runOfRiver
it_sic,h0516,0.40739556083235917,scr2006,avaConv,runOfRiver
it_sic,h0517,0.378755046900654,scr2006,avaConv,runOfRiver
it_sic,h0518,0.3501147496797572,scr2006,avaConv,runOfRiver
it_sic,h0519,0.32147468692766157,scr2006,avaConv,runOfRiver
it_sic,h0520,0.32147468692766157,scr2006,avaConv,runOfRiver
it_sic,h0521,0.32147468692766157,scr2006,avaConv,runOfRiver
it_sic,h0522,0.32147468692766157,scr2006,avaConv,runOfRiver
it_sic,h0523,0.31083701314766965,scr2006,avaConv,runOfRiver
it_sic,h0524,0.3001993757667589,scr2006,avaConv,runOfRiver
it_sic,h0525,0.2895617760746694,scr2006,avaConv,runOfRiver
it_sic,h0526,0.2895617760746694,scr2006,avaConv,runOfRiver
it_sic,h0527,0.2895617760746694,scr2006,avaConv,runOfRiver
it_sic,h0528,0.2895617760746694,scr2006,avaConv,runOfRiver
it_sic,h0529,0.2486483089179826,scr2006,avaConv,runOfRiver
it_sic,h0530,0.20773551774165838,scr2006,avaConv,runOfRiver
it_sic,h0531,0.16682353721063434,scr2006,avaConv,runOfRiver
it_sic,h0532,0.16682353721063434,scr2006,avaConv,runOfRiver
it_sic,h0533,0.16682353721063434,scr2006,avaConv,runOfRiver
it_sic,h0534,0.16682353721063434,scr2006,avaConv,runOfRiver
it_sic,h0535,0.20159866500450516,scr2006,avaConv,runOfRiver
it_sic,h0536,0.23637439538103514,scr2006,avaConv,runOfRiver
it_sic,h0537,0.27115063902850123,scr2006,avaConv,runOfRiver
it_sic,h0538,0.27115063902850123,scr2006,avaConv,runOfRiver
it_sic,h0539,0.27115063902850123,scr2006,avaConv,runOfRiver
it_sic,h0540,0.27115063902850123,scr2006,avaConv,runOfRiver
it_sic,h0541,0.3104278725673678,scr2006,avaConv,runOfRiver
it_sic,h0542,0.3497056042295984,scr2006,avaConv,runOfRiver
it_sic,h0543,0.3889837778387395,scr2006,avaConv,runOfRiver
it_sic,h0544,0.3889837778387395,scr2006,avaConv,runOfRiver
it_sic,h0545,0.3889837778387395,scr2006,avaConv,runOfRiver
it_sic,h0546,0.3889837778387395,scr2006,avaConv,runOfRiver
it_sic,h0547,0.3750727104848658,scr2006,avaConv,runOfRiver
it_sic,h0548,0.3611616947213778,scr2006,avaConv,runOfRiver
it_sic,h0549,0.34725073253553007,scr2006,avaConv,runOfRiver
it_sic,h0550,0.34725073253553007,scr2006,avaConv,runOfRiver
it_sic,h0551,0.34725073253553007,scr2006,avaConv,runOfRiver
it_sic,h0552,0.34725073253553007,scr2006,avaConv,runOfRiver
lt,h0481,0.5368094658025462,scr2006,avaConv,runOfRiver
lt,h0482,0.505483352702708,scr2006,avaConv,runOfRiver
lt,h0483,0.4742516842847132,scr2006,avaConv,runOfRiver
lt,h0484,0.4742516842847132,scr2006,avaConv,runOfRiver
lt,h0485,0.4742516842847132,scr2006,avaConv,runOfRiver
lt,h0486,0.4742516842847132,scr2006,avaConv,runOfRiver
lt,h0487,0.4645710439246545,scr2006,avaConv,runOfRiver
lt,h0488,0.4549002505900656,scr2006,avaConv,runOfRiver
lt,h0489,0.44523949814011815,scr2006,avaConv,runOfRiver
lt,h0490,0.44523949814011815,scr2006,avaConv,runOfRiver
lt,h0491,0.44523949814011815,scr2006,avaConv,runOfRiver
lt,h0492,0.44523949814011815,scr2006,avaConv,runOfRiver
lt,h0493,0.4401775745805675,scr2006,avaConv,runOfRiver
lt,h0494,0.435118497511576,scr2006,avaConv,runOfRiver
lt,h0495,0.43006229762730813,scr2006,avaConv,runOfRiver
lt,h0496,0.43006229762730813,scr2006,avaConv,runOfRiver
lt,h0497,0.43006229762730813,scr2006,avaConv,runOfRiver
lt,h0498,0.43006229762730813,scr2006,avaConv,runOfRiver
lt,h0499,0.42688895895610024,scr2006,avaConv,runOfRiver
lt,h0500,0.4237167749340784,scr2006,avaConv,runOfRiver
lt,h0501,0.42054575358528934,scr2006,avaConv,runOfRiver
lt,h0502,0.42054575358528934,scr2006,avaConv,runOfRiver
lt,h0503,0.42054575358528934,scr2006,avaConv,runOfRiver
lt,h0504,0.42054575358528934,scr2006,avaConv,runOfRiver
lt,h0505,0.4187845804390316,scr2006,avaConv,runOfRiver
lt,h0506,0.41702377006386493,scr2006,avaConv,runOfRiver
lt,h0507,0.41526332388242543,scr2006,avaConv,runOfRiver
lt,h0508,0.41526332388242543,scr2006,avaConv,runOfRiver
lt,h0509,0.41526332388242543,scr2006,avaConv,runOfRiver
lt,h0510,0.41526332388242543,scr2006,avaConv,runOfRiver
lt,h0511,0.43182575956171476,scr2006,avaConv,runOfRiver
lt,h0512,0.4484193565923354,scr2006,avaConv,runOfRiver
lt,h0513,0.4650430433683302,scr2006,avaConv,runOfRiver
lt,h0514,0.4650430433683302,scr2006,avaConv,runOfRiver
lt,h0515,0.4650430433683302,scr2006,avaConv,runOfRiver
lt,h0516,0.4650430433683302,scr2006,avaConv,runOfRiver
lt,h0517,0.45890888447354317,scr2006,avaConv,runOfRiver
lt,h0518,0.45277873057610685,scr2006,avaConv,runOfRiver
lt,h0519,0.44665263191021654,scr2006,avaConv,runOfRiver
lt,h0520,0.44665263191021654,scr2006,avaConv,runOfRiver
lt,h0521,0.44665263191021654,scr2006,avaConv,runOfRiver
lt,h0522,0.44665263191021654,scr2006,avaConv,runOfRiver
lt,h0523,0.4439443181875725,scr2006,avaConv,runOfRiver
lt,h0524,0.4412368124251451,scr2006,avaConv,runOfRiver
lt,h0525,0.4385301192203904,scr2006,avaConv,runOfRiver
lt,h0526,0.4385301192203904,scr2006,avaConv,runOfRiver
lt,h0527,0.4385301192203904,scr2006,avaConv,runOfRiver
lt,h0528,0.4385301192203904,scr2006,avaConv,runOfRiver
lt,h0529,0.4306500790130812,scr2006,avaConv,runOfRiver
lt,h0530,0.42277709147705816,scr2006,avaConv,runOfRiver
lt,h0531,0.414911278475385,scr2006,avaConv,runOfRiver
lt,h0532,0.414911278475385,scr2006,avaConv,runOfRiver
lt,h0533,0.414911278475385,scr2006,avaConv,runOfRiver
lt,h0534,0.414911278475385,scr2006,avaConv,runOfRiver
lt,h0535,0.4110397475636549,scr2006,avaConv,runOfRiver
lt,h0536,0.4071700031994826,scr2006,avaConv,runOfRiver
lt,h0537,0.40330206115940614,scr2006,avaConv,runOfRiver
lt,h0538,0.40330206115940614,scr2006,avaConv,runOfRiver
lt,h0539,0.40330206115940614,scr2006,avaConv,runOfRiver
lt,h0540,0.40330206115940614,scr2006,avaConv,runOfRiver
lt,h0541,0.40166166446696383,scr2006,avaConv,runOfRiver
lt,h0542,0.4000215962902309,scr2006,avaConv,runOfRiver
lt,h0543,0.39838185788161035,scr2006,avaConv,runOfRiver
lt,h0544,0.39838185788161035,scr2006,avaConv,runOfRiver
lt,h0545,0.39838185788161035,scr2006,avaConv,runOfRiver
lt,h0546,0.39838185788161035,scr2006,avaConv,runOfRiver
lt,h0547,0.39627410937454816,scr2006,avaConv,runOfRiver
lt,h0548,0.39416691078878535,scr2006,avaConv,runOfRiver
lt,h0549,0.3920602648589109,scr2006,avaConv,runOfRiver
lt,h0550,0.3920602648589109,scr2006,avaConv,runOfRiver
lt,h0551,0.3920602648589109,scr2006,avaConv,runOfRiver
lt,h0552,0.3920602648589109,scr2006,avaConv,runOfRiver
lv,h0481,0.5386203343376996,scr2006,avaConv,runOfRiver
lv,h0482,0.4862269267668512,scr2006,avaConv,runOfRiver
lv,h0483,0.43377703873183143,scr2006,avaConv,runOfRiver
lv,h0484,0.43377703873183143,scr2006,avaConv,runOfRiver
lv,h0485,0.43377703873183143,scr2006,avaConv,runOfRiver
lv,h0486,0.43377703873183143,scr2006,avaConv,runOfRiver
lv,h0487,0.4043343153615579,scr2006,avaConv,runOfRiver
lv,h0488,0.37487018472066974,scr2006,avaConv,runOfRiver
lv,h0489,0.3453829313958492,scr2006,avaConv,runOfRiver
lv,h0490,0.3453829313958492,scr2006,avaConv,runOfRiver
lv,h0491,0.3453829313958492,scr2006,avaConv,runOfRiver
lv,h0492,0.3453829313958492,scr2006,avaConv,runOfRiver
lv,h0493,0.32336687135633285,scr2006,avaConv,runOfRiver
lv,h0494,0.3013358582246025,scr2006,avaConv,runOfRiver
lv,h0495,0.27928877867276025,scr2006,avaConv,runOfRiver
lv,h0496,0.27928877867276025,scr2006,avaConv,runOfRiver
lv,h0497,0.27928877867276025,scr2006,avaConv,runOfRiver
lv,h0498,0.27928877867276025,scr2006,avaConv,runOfRiver
lv,h0499,0.2606651781124175,scr2006,avaConv,runOfRiver
lv,h0500,0.24202831443955036,scr2006,avaConv,runOfRiver
lv,h0501,0.22337714838990844,scr2006,avaConv,runOfRiver
lv,h0502,0.22337714838990844,scr2006,avaConv,runOfRiver
lv,h0503,0.22337714838990844,scr2006,avaConv,runOfRiver
lv,h0504,0.22337714838990844,scr2006,avaConv,runOfRiver
lv,h0505,0.19876838330697288,scr2006,avaConv,runOfRiver
lv,h0506,0.1741292251255674,scr2006,avaConv,runOfRiver
lv,h0507,0.1494552840525422,scr2006,avaConv,runOfRiver
lv,h0508,0.1494552840525422,scr2006,avaConv,runOfRiver
lv,h0509,0.1494552840525422,scr2006,avaConv,runOfRiver
lv,h0510,0.1494552840525422,scr2006,avaConv,runOfRiver
lv,h0511,0.14371445426120066,scr2006,avaConv,runOfRiver
lv,h0512,0.137971349342805,scr2006,avaConv,runOfRiver
lv,h0513,0.13222587345711698,scr2006,avaConv,runOfRiver
lv,h0514,0.13222587345711698,scr2006,avaConv,runOfRiver
lv,h0515,0.13222587345711698,scr2006,avaConv,runOfRiver
lv,h0516,0.13222587345711698,scr2006,avaConv,runOfRiver
lv,h0517,0.1377687124430717,scr2006,avaConv,runOfRiver
lv,h0518,0.14330934154999847,scr2006,avaConv,runOfRiver
lv,h0519,0.14884784719686545,scr2006,avaConv,runOfRiver
lv,h0520,0.14884784719686545,scr2006,avaConv,runOfRiver
lv,h0521,0.14884784719686545,scr2006,avaConv,runOfRiver
lv,h0522,0.14884784719686545,scr2006,avaConv,runOfRiver
lv,h0523,0.15816803453456188,scr2006,avaConv,runOfRiver
lv,h0524,0.16748277267118064,scr2006,avaConv,runOfRiver
lv,h0525,0.17679236864246906,scr2006,avaConv,runOfRiver
lv,h0526,0.17679236864246906,scr2006,avaConv,runOfRiver
lv,h0527,0.17679236864246906,scr2006,avaConv,runOfRiver
lv,h0528,0.17679236864246906,scr2006,avaConv,runOfRiver
lv,h0529,0.17241510735345392,scr2006,avaConv,runOfRiver
lv,h0530,0.1680367423246528,scr2006,avaConv,runOfRiver
lv,h0531,0.16365724442018847,scr2006,avaConv,runOfRiver
lv,h0532,0.16365724442018847,scr2006,avaConv,runOfRiver
lv,h0533,0.16365724442018847,scr2006,avaConv,runOfRiver
lv,h0534,0.16365724442018847,scr2006,avaConv,runOfRiver
lv,h0535,0.1678432946674089,scr2006,avaConv,runOfRiver
lv,h0536,0.17202830872365793,scr2006,avaConv,runOfRiver
lv,h0537,0.1762123121180575,scr2006,avaConv,runOfRiver
lv,h0538,0.1762123121180575,scr2006,avaConv,runOfRiver
lv,h0539,0.1762123121180575,scr2006,avaConv,runOfRiver
lv,h0540,0.1762123121180575,scr2006,avaConv,runOfRiver
lv,h0541,0.18588627689144244,scr2006,avaConv,runOfRiver
lv,h0542,0.19555524089832527,scr2006,avaConv,runOfRiver
lv,h0543,0.20521945485626295,scr2006,avaConv,runOfRiver
lv,h0544,0.20521945485626295,scr2006,avaConv,runOfRiver
lv,h0545,0.20521945485626295,scr2006,avaConv,runOfRiver
lv,h0546,0.20521945485626295,scr2006,avaConv,runOfRiver
lv,h0547,0.21148427969046174,scr2006,avaConv,runOfRiver
lv,h0548,0.2177472598365191,scr2006,avaConv,runOfRiver
lv,h0549,0.2240084491104555,scr2006,avaConv,runOfRiver
lv,h0550,0.2240084491104555,scr2006,avaConv,runOfRiver
lv,h0551,0.2240084491104555,scr2006,avaConv,runOfRiver
lv,h0552,0.2240084491104555,scr2006,avaConv,runOfRiver
me,h0481,0.14516572975399344,scr2006,avaConv,runOfRiver
me,h0482,0.1442353947826619,scr2006,avaConv,runOfRiver
me,h0483,0.1433050604114608,scr2006,avaConv,runOfRiver
me,h0484,0.1433050604114608,scr2006,avaConv,runOfRiver
me,h0485,0.1433050604114608,scr2006,avaConv,runOfRiver
me,h0486,0.1433050604114608,scr2006,avaConv,runOfRiver
me,h0487,0.1433050604114608,scr2006,avaConv,runOfRiver
me,h0488,0.1433050604114608,scr2006,avaConv,runOfRiver
me,h0489,0.1433050604114608,scr2006,avaConv,runOfRiver
me,h0490,0.1433050604114608,scr2006,avaConv,runOfRiver
me,h0491,0.1433050604114608,scr2006,avaConv,runOfRiver
me,h0492,0.1433050604114608,scr2006,avaConv,runOfRiver
me,h0493,0.17412037589548723,scr2006,avaConv,runOfRiver
me,h0494,0.20493623966159735,scr2006,avaConv,runOfRiver
me,h0495,0.23575256858262766,scr2006,avaConv,runOfRiver
me,h0496,0.23575256858262766,scr2006,avaConv,runOfRiver
me,h0497,0.23575256858262766,scr2006,avaConv,runOfRiver
me,h0498,0.23575256858262766,scr2006,avaConv,runOfRiver
me,h0499,0.23575256858262766,scr2006,avaConv,runOfRiver
me,h0500,0.23575256858262766,scr2006,avaConv,runOfRiver
me,h0501,0.23575256858262766,scr2006,avaConv,runOfRiver
me,h0502,0.23575256858262766,scr2006,avaConv,runOfRiver
me,h0503,0.23575256858262766,scr2006,avaConv,runOfRiver
me,h0504,0.23575256858262766,scr2006,avaConv,runOfRiver
me,h0505,0.2317537847723521,scr2006,avaConv,runOfRiver
me,h0506,0.2277550078621834,scr2006,avaConv,runOfRiver
me,h0507,0.22375623797327132,scr2006,avaConv,runOfRiver
me,h0508,0.22375623797327132,scr2006,avaConv,runOfRiver
me,h0509,0.22375623797327132,scr2006,avaConv,runOfRiver
me,h0510,0.22375623797327132,scr2006,avaConv,runOfRiver
me,h0511,0.22375623797327132,scr2006,avaConv,runOfRiver
me,h0512,0.22375623797327132,scr2006,avaConv,runOfRiver
me,h0513,0.22375623797327132,scr2006,avaConv,runOfRiver
me,h0514,0.22375623797327132,scr2006,avaConv,runOfRiver
me,h0515,0.22375623797327132,scr2006,avaConv,runOfRiver
me,h0516,0.22375623797327132,scr2006,avaConv,runOfRiver
me,h0517,0.22375623797327132,scr2006,avaConv,runOfRiver
me,h0518,0.22375623797327132,scr2006,avaConv,runOfRiver
me,h0519,0.22375623797327132,scr2006,avaConv,runOfRiver
me,h0520,0.22375623797327132,scr2006,avaConv,runOfRiver
me,h0521,0.22375623797327132,scr2006,avaConv,runOfRiver
me,h0522,0.22375623797327132,scr2006,avaConv,runOfRiver
me,h0523,0.20016734240089146,scr2006,avaConv,runOfRiver
me,h0524,0.17657872546657638,scr2006,avaConv,runOfRiver
me,h0525,0.15299042460093348,scr2006,avaConv,runOfRiver
me,h0526,0.15299042460093348,scr2006,avaConv,runOfRiver
me,h0527,0.15299042460093348,scr2006,avaConv,runOfRiver
me,h0528,0.15299042460093348,scr2006,avaConv,runOfRiver
me,h0529,0.15299042460093348,scr2006,avaConv,runOfRiver
me,h0530,0.15299042460093348,scr2006,avaConv,runOfRiver
me,h0531,0.15299042460093348,scr2006,avaConv,runOfRiver
me,h0532,0.15299042460093348,scr2006,avaConv,runOfRiver
me,h0533,0.15299042460093348,scr2006,avaConv,runOfRiver
me,h0534,0.15299042460093348,scr2006,avaConv,runOfRiver
me,h0535,0.16877548003833576,scr2006,avaConv,runOfRiver
me,h0536,0.18456068333427778,scr2006,avaConv,runOfRiver
me,h0537,0.20034602181080746,scr2006,avaConv,runOfRiver
me,h0538,0.20034602181080746,scr2006,avaConv,runOfRiver
me,h0539,0.20034602181080746,scr2006,avaConv,runOfRiver
me,h0540,0.20034602181080746,scr2006,avaConv,runOfRiver
me,h0541,0.20034602181080746,scr2006,avaConv,runOfRiver
me,h0542,0.20034602181080746,scr2006,avaConv,runOfRiver
me,h0543,0.20034602181080746,scr2006,avaConv,runOfRiver
me,h0544,0.20034602181080746,scr2006,avaConv,runOfRiver
me,h0545,0.20034602181080746,scr2006,avaConv,runOfRiver
me,h0546,0.20034602181080746,scr2006,avaConv,runOfRiver
me,h0547,0.18609176917236997,scr2006,avaConv,runOfRiver
me,h0548,0.17183762582938078,scr2006,avaConv,runOfRiver
me,h0549,0.1575836008676183,scr2006,avaConv,runOfRiver
me,h0550,0.1575836008676183,scr2006,avaConv,runOfRiver
me,h0551,0.1575836008676183,scr2006,avaConv,runOfRiver
me,h0552,0.1575836008676183,scr2006,avaConv,runOfRiver
mk,h0481,0.16924083606434995,scr2006,avaConv,runOfRiver
mk,h0482,0.24557122323037378,scr2006,avaConv,runOfRiver
mk,h0483,0.331302759032642,scr2006,avaConv,runOfRiver
mk,h0484,0.331302759032642,scr2006,avaConv,runOfRiver
mk,h0485,0.331302759032642,scr2006,avaConv,runOfRiver
mk,h0486,0.331302759032642,scr2006,avaConv,runOfRiver
mk,h0487,0.29444399491865675,scr2006,avaConv,runOfRiver
mk,h0488,0.2591325478915356,scr2006,avaConv,runOfRiver
mk,h0489,0.22542848025171716,scr2006,avaConv,runOfRiver
mk,h0490,0.22542848025171716,scr2006,avaConv,runOfRiver
mk,h0491,0.22542848025171716,scr2006,avaConv,runOfRiver
mk,h0492,0.22542848025171716,scr2006,avaConv,runOfRiver
mk,h0493,0.22260036407591752,scr2006,avaConv,runOfRiver
mk,h0494,0.2197847405384632,scr2006,avaConv,runOfRiver
mk,h0495,0.21698165701696212,scr2006,avaConv,runOfRiver
mk,h0496,0.21698165701696212,scr2006,avaConv,runOfRiver
mk,h0497,0.21698165701696212,scr2006,avaConv,runOfRiver
mk,h0498,0.21698165701696212,scr2006,avaConv,runOfRiver
mk,h0499,0.1733613133738714,scr2006,avaConv,runOfRiver
mk,h0500,0.13327724350859907,scr2006,avaConv,runOfRiver
mk,h0501,0.09701860318128937,scr2006,avaConv,runOfRiver
mk,h0502,0.09701860318128937,scr2006,avaConv,runOfRiver
mk,h0503,0.09701860318128937,scr2006,avaConv,runOfRiver
mk,h0504,0.09701860318128937,scr2006,avaConv,runOfRiver
mk,h0505,0.12029378888017703,scr2006,avaConv,runOfRiver
mk,h0506,0.14525562839400305,scr2006,avaConv,runOfRiver
mk,h0507,0.1718120843448103,scr2006,avaConv,runOfRiver
mk,h0508,0.1718120843448103,scr2006,avaConv,runOfRiver
mk,h0509,0.1718120843448103,scr2006,avaConv,runOfRiver
mk,h0510,0.1718120843448103,scr2006,avaConv,runOfRiver
mk,h0511,0.17439682475194251,scr2006,avaConv,runOfRiver
mk,h0512,0.17699499758007953,scr2006,avaConv,runOfRiver
mk,h0513,0.17960654395428427,scr2006,avaConv,runOfRiver
mk,h0514,0.17960654395428427,scr2006,avaConv,runOfRiver
mk,h0515,0.17960654395428427,scr2006,avaConv,runOfRiver
mk,h0516,0.17960654395428427,scr2006,avaConv,runOfRiver
mk,h0517,0.26032379183707827,scr2006,avaConv,runOfRiver
mk,h0518,0.350956957095661,scr2006,avaConv,runOfRiver
mk,h0519,0.4506547222134315,scr2006,avaConv,runOfRiver
mk,h0520,0.4506547222134315,scr2006,avaConv,runOfRiver
mk,h0521,0.4506547222134315,scr2006,avaConv,runOfRiver
mk,h0522,0.4506547222134315,scr2006,avaConv,runOfRiver
mk,h0523,0.48430219956923376,scr2006,avaConv,runOfRiver
mk,h0524,0.5187886777038827,scr2006,avaConv,runOfRiver
mk,h0525,0.5540971217231097,scr2006,avaConv,runOfRiver
mk,h0526,0.5540971217231097,scr2006,avaConv,runOfRiver
mk,h0527,0.5540971217231097,scr2006,avaConv,runOfRiver
mk,h0528,0.5540971217231097,scr2006,avaConv,runOfRiver
mk,h0529,0.434864303862454,scr2006,avaConv,runOfRiver
mk,h0530,0.3261288336402139,scr2006,avaConv,runOfRiver
mk,h0531,0.22883864407016202,scr2006,avaConv,runOfRiver
mk,h0532,0.22883864407016202,scr2006,avaConv,runOfRiver
mk,h0533,0.22883864407016202,scr2006,avaConv,runOfRiver
mk,h0534,0.22883864407016202,scr2006,avaConv,runOfRiver
mk,h0535,0.2209094878174336,scr2006,avaConv,runOfRiver
mk,h0536,0.213078498727129,scr2006,avaConv,runOfRiver
mk,h0537,0.20534673609297718,scr2006,avaConv,runOfRiver
mk,h0538,0.20534673609297718,scr2006,avaConv,runOfRiver
mk,h0539,0.20534673609297718,scr2006,avaConv,runOfRiver
mk,h0540,0.20534673609297718,scr2006,avaConv,runOfRiver
mk,h0541,0.22260036407591752,scr2006,avaConv,runOfRiver
mk,h0542,0.2403342767138142,scr2006,avaConv,runOfRiver
mk,h0543,0.25853764218432784,scr2006,avaConv,runOfRiver
mk,h0544,0.25853764218432784,scr2006,avaConv,runOfRiver
mk,h0545,0.25853764218432784,scr2006,avaConv,runOfRiver
mk,h0546,0.25853764218432784,scr2006,avaConv,runOfRiver
mk,h0547,0.23055042173935117,scr2006,avaConv,runOfRiver
mk,h0548,0.2037029439411539,scr2006,avaConv,runOfRiver
mk,h0549,0.17803801457376187,scr2006,avaConv,runOfRiver
mk,h0550,0.17803801457376187,scr2006,avaConv,runOfRiver
mk,h0551,0.17803801457376187,scr2006,avaConv,runOfRiver
mk,h0552,0.17803801457376187,scr2006,avaConv,runOfRiver
nl,h0481,0.2513161258091292,scr2006,avaConv,runOfRiver
nl,h0482,0.24854061951619527,scr2006,avaConv,runOfRiver
nl,h0483,0.24577060672078324,scr2006,avaConv,runOfRiver
nl,h0484,0.24577060672078324,scr2006,avaConv,runOfRiver
nl,h0485,0.24577060672078324,scr2006,avaConv,runOfRiver
nl,h0486,0.24577060672078324,scr2006,avaConv,runOfRiver
nl,h0487,0.2445851533231708,scr2006,avaConv,runOfRiver
nl,h0488,0.2434007230696395,scr2006,avaConv,runOfRiver
nl,h0489,0.24221732029052756,scr2006,avaConv,runOfRiver
nl,h0490,0.24221732029052756,scr2006,avaConv,runOfRiver
nl,h0491,0.24221732029052756,scr2006,avaConv,runOfRiver
nl,h0492,0.24221732029052756,scr2006,avaConv,runOfRiver
nl,h0493,0.24103494935679223,scr2006,avaConv,runOfRiver
nl,h0494,0.2398536146806022,scr2006,avaConv,runOfRiver
nl,h0495,0.23867332071594166,scr2006,avaConv,runOfRiver
nl,h0496,0.23867332071594166,scr2006,avaConv,runOfRiver
nl,h0497,0.23867332071594166,scr2006,avaConv,runOfRiver
nl,h0498,0.23867332071594166,scr2006,avaConv,runOfRiver
nl,h0499,0.23788703846459366,scr2006,avaConv,runOfRiver
nl,h0500,0.23710122209210133,scr2006,avaConv,runOfRiver
nl,h0501,0.23631587294993137,scr2006,avaConv,runOfRiver
nl,h0502,0.23631587294993137,scr2006,avaConv,runOfRiver
nl,h0503,0.23631587294993137,scr2006,avaConv,runOfRiver
nl,h0504,0.23631587294993137,scr2006,avaConv,runOfRiver
nl,h0505,0.2355309923982254,scr2006,avaConv,runOfRiver
nl,h0506,0.23474658180588612,scr2006,avaConv,runOfRiver
nl,h0507,0.23396264255066523,scr2006,avaConv,runOfRiver
nl,h0508,0.23396264255066523,scr2006,avaConv,runOfRiver
nl,h0509,0.23396264255066523,scr2006,avaConv,runOfRiver
nl,h0510,0.23396264255066523,scr2006,avaConv,runOfRiver
nl,h0511,0.239460067503268,scr2006,avaConv,runOfRiver
nl,h0512,0.24498019098571747,scr2006,avaConv,runOfRiver
nl,h0513,0.25052256653473925,scr2006,avaConv,runOfRiver
nl,h0514,0.25052256653473925,scr2006,avaConv,runOfRiver
nl,h0515,0.25052256653473925,scr2006,avaConv,runOfRiver
nl,h0516,0.25052256653473925,scr2006,avaConv,runOfRiver
nl,h0517,0.25052256653473925,scr2006,avaConv,runOfRiver
nl,h0518,0.25052256653473925,scr2006,avaConv,runOfRiver
nl,h0519,0.25052256653473925,scr2006,avaConv,runOfRiver
nl,h0520,0.25052256653473925,scr2006,avaConv,runOfRiver
nl,h0521,0.25052256653473925,scr2006,avaConv,runOfRiver
nl,h0522,0.25052256653473925,scr2006,avaConv,runOfRiver
nl,h0523,0.24656147527893968,scr2006,avaConv,runOfRiver
nl,h0524,0.24261167345077062,scr2006,avaConv,runOfRiver
nl,h0525,0.23867332071594166,scr2006,avaConv,runOfRiver
nl,h0526,0.23867332071594166,scr2006,avaConv,runOfRiver
nl,h0527,0.23867332071594166,scr2006,avaConv,runOfRiver
nl,h0528,0.23867332071594166,scr2006,avaConv,runOfRiver
nl,h0529,0.23553099239822545,scr2006,avaConv,runOfRiver
nl,h0530,0.2323961836073631,scr2006,avaConv,runOfRiver
nl,h0531,0.22926898339049612,scr2006,avaConv,runOfRiver
nl,h0532,0.22926898339049612,scr2006,avaConv,runOfRiver
nl,h0533,0.22926898339049612,scr2006,avaConv,runOfRiver
nl,h0534,0.22926898339049612,scr2006,avaConv,runOfRiver
nl,h0535,0.22770826496690982,scr2006,avaConv,runOfRiver
nl,h0536,0.22614948315366426,scr2006,avaConv,runOfRiver
nl,h0537,0.2245926497611792,scr2006,avaConv,runOfRiver
nl,h0538,0.2245926497611792,scr2006,avaConv,runOfRiver
nl,h0539,0.2245926497611792,scr2006,avaConv,runOfRiver
nl,h0540,0.2245926497611792,scr2006,avaConv,runOfRiver
nl,h0541,0.22420374725302103,scr2006,avaConv,runOfRiver
nl,h0542,0.22381496745713392,scr2006,avaConv,runOfRiver
nl,h0543,0.22342631056277992,scr2006,avaConv,runOfRiver
nl,h0544,0.22342631056277992,scr2006,avaConv,runOfRiver
nl,h0545,0.22342631056277992,scr2006,avaConv,runOfRiver
nl,h0546,0.22342631056277992,scr2006,avaConv,runOfRiver
nl,h0547,0.22498167479298783,scr2006,avaConv,runOfRiver
nl,h0548,0.22653899640658243,scr2006,avaConv,runOfRiver
nl,h0549,0.22809826347346324,scr2006,avaConv,runOfRiver
nl,h0550,0.22809826347346324,scr2006,avaConv,runOfRiver
nl,h0551,0.22809826347346324,scr2006,avaConv,runOfRiver
nl,h0552,0.22809826347346324,scr2006,avaConv,runOfRiver
pl,h0481,0.6567855758330091,scr2006,avaConv,runOfRiver
pl,h0482,0.6250960880959239,scr2006,avaConv,runOfRiver
pl,h0483,0.5933744253902823,scr2006,avaConv,runOfRiver
pl,h0484,0.5933744253902823,scr2006,avaConv,runOfRiver
pl,h0485,0.5933744253902823,scr2006,avaConv,runOfRiver
pl,h0486,0.5933744253902823,scr2006,avaConv,runOfRiver
pl,h0487,0.6101308447640952,scr2006,avaConv,runOfRiver
pl,h0488,0.626878068053468,scr2006,avaConv,runOfRiver
pl,h0489,0.6436163470063067,scr2006,avaConv,runOfRiver
pl,h0490,0.6436163470063067,scr2006,avaConv,runOfRiver
pl,h0491,0.6436163470063067,scr2006,avaConv,runOfRiver
pl,h0492,0.6436163470063067,scr2006,avaConv,runOfRiver
pl,h0493,0.6218659902577219,scr2006,avaConv,runOfRiver
pl,h0494,0.6001004069414672,scr2006,avaConv,runOfRiver
pl,h0495,0.5783190306999993,scr2006,avaConv,runOfRiver
pl,h0496,0.5783190306999993,scr2006,avaConv,runOfRiver
pl,h0497,0.5783190306999993,scr2006,avaConv,runOfRiver
pl,h0498,0.5783190306999993,scr2006,avaConv,runOfRiver
pl,h0499,0.5598701254627807,scr2006,avaConv,runOfRiver
pl,h0500,0.5414090733117624,scr2006,avaConv,runOfRiver
pl,h0501,0.5229354502508731,scr2006,avaConv,runOfRiver
pl,h0502,0.5229354502508731,scr2006,avaConv,runOfRiver
pl,h0503,0.5229354502508731,scr2006,avaConv,runOfRiver
pl,h0504,0.5229354502508731,scr2006,avaConv,runOfRiver
pl,h0505,0.5079906221733488,scr2006,avaConv,runOfRiver
pl,h0506,0.4930370251214108,scr2006,avaConv,runOfRiver
pl,h0507,0.47807438734151353,scr2006,avaConv,runOfRiver
pl,h0508,0.47807438734151353,scr2006,avaConv,runOfRiver
pl,h0509,0.47807438734151353,scr2006,avaConv,runOfRiver
pl,h0510,0.47807438734151353,scr2006,avaConv,runOfRiver
pl,h0511,0.4817692610182228,scr2006,avaConv,runOfRiver
pl,h0512,0.48546357057906275,scr2006,avaConv,runOfRiver
pl,h0513,0.48915732040456145,scr2006,avaConv,runOfRiver
pl,h0514,0.48915732040456145,scr2006,avaConv,runOfRiver
pl,h0515,0.48915732040456145,scr2006,avaConv,runOfRiver
pl,h0516,0.48915732040456145,scr2006,avaConv,runOfRiver
pl,h0517,0.49318623235994863,scr2006,avaConv,runOfRiver
pl,h0518,0.4972144888281226,scr2006,avaConv,runOfRiver
pl,h0519,0.5012420952305112,scr2006,avaConv,runOfRiver
pl,h0520,0.5012420952305112,scr2006,avaConv,runOfRiver
pl,h0521,0.5012420952305112,scr2006,avaConv,runOfRiver
pl,h0522,0.5012420952305112,scr2006,avaConv,runOfRiver
pl,h0523,0.4906122812364029,scr2006,avaConv,runOfRiver
pl,h0524,0.4799778778374734,scr2006,avaConv,runOfRiver
pl,h0525,0.46933878122043143,scr2006,avaConv,runOfRiver
pl,h0526,0.46933878122043143,scr2006,avaConv,runOfRiver
pl,h0527,0.46933878122043143,scr2006,avaConv,runOfRiver
pl,h0528,0.46933878122043143,scr2006,avaConv,runOfRiver
pl,h0529,0.4582466116468591,scr2006,avaConv,runOfRiver
pl,h0530,0.44714909861165053,scr2006,avaConv,runOfRiver
pl,h0531,0.4360461069012849,scr2006,avaConv,runOfRiver
pl,h0532,0.4360461069012849,scr2006,avaConv,runOfRiver
pl,h0533,0.4360461069012849,scr2006,avaConv,runOfRiver
pl,h0534,0.4360461069012849,scr2006,avaConv,runOfRiver
pl,h0535,0.430473811037563,scr2006,avaConv,runOfRiver
pl,h0536,0.42490008195582457,scr2006,avaConv,runOfRiver
pl,h0537,0.419324900515409,scr2006,avaConv,runOfRiver
pl,h0538,0.419324900515409,scr2006,avaConv,runOfRiver
pl,h0539,0.419324900515409,scr2006,avaConv,runOfRiver
pl,h0540,0.419324900515409,scr2006,avaConv,runOfRiver
pl,h0541,0.4127375534442553,scr2006,avaConv,runOfRiver
pl,h0542,0.4061481191658206,scr2006,avaConv,runOfRiver
pl,h0543,0.39955656323603705,scr2006,avaConv,runOfRiver
pl,h0544,0.39955656323603705,scr2006,avaConv,runOfRiver
pl,h0545,0.39955656323603705,scr2006,avaConv,runOfRiver
pl,h0546,0.39955656323603705,scr2006,avaConv,runOfRiver
pl,h0547,0.3960351916884497,scr2006,avaConv,runOfRiver
pl,h0548,0.3925131992412046,scr2006,avaConv,runOfRiver
pl,h0549,0.3889905802331289,scr2006,avaConv,runOfRiver
pl,h0550,0.3889905802331289,scr2006,avaConv,runOfRiver
pl,h0551,0.3889905802331289,scr2006,avaConv,runOfRiver
pl,h0552,0.3889905802331289,scr2006,avaConv,runOfRiver
pt,h0481,0.08602339012723415,scr2006,avaConv,runOfRiver
pt,h0482,0.09449986776373817,scr2006,avaConv,runOfRiver
pt,h0483,0.10294885034531916,scr2006,avaConv,runOfRiver
pt,h0484,0.10294885034531916,scr2006,avaConv,runOfRiver
pt,h0485,0.10294885034531916,scr2006,avaConv,runOfRiver
pt,h0486,0.10294885034531916,scr2006,avaConv,runOfRiver
pt,h0487,0.08799030033980865,scr2006,avaConv,runOfRiver
pt,h0488,0.0729395357805143,scr2006,avaConv,runOfRiver
pt,h0489,0.05777893665721248,scr2006,avaConv,runOfRiver
pt,h0490,0.05777893665721248,scr2006,avaConv,runOfRiver
pt,h0491,0.05777893665721248,scr2006,avaConv,runOfRiver
pt,h0492,0.05777893665721248,scr2006,avaConv,runOfRiver
pt,h0493,0.06949421420365162,scr2006,avaConv,runOfRiver
pt,h0494,0.08114122854587469,scr2006,avaConv,runOfRiver
pt,h0495,0.09272904949048225,scr2006,avaConv,runOfRiver
pt,h0496,0.09272904949048225,scr2006,avaConv,runOfRiver
pt,h0497,0.09272904949048225,scr2006,avaConv,runOfRiver
pt,h0498,0.09272904949048225,scr2006,avaConv,runOfRiver
pt,h0499,0.0930157051289325,scr2006,avaConv,runOfRiver
pt,h0500,0.09330232882062911,scr2006,avaConv,runOfRiver
pt,h0501,0.09358892065810602,scr2006,avaConv,runOfRiver
pt,h0502,0.09358892065810602,scr2006,avaConv,runOfRiver
pt,h0503,0.09358892065810602,scr2006,avaConv,runOfRiver
pt,h0504,0.09358892065810602,scr2006,avaConv,runOfRiver
pt,h0505,0.15885412899640777,scr2006,avaConv,runOfRiver
pt,h0506,0.22308396513744924,scr2006,avaConv,runOfRiver
pt,h0507,0.28658890358447836,scr2006,avaConv,runOfRiver
pt,h0508,0.28658890358447836,scr2006,avaConv,runOfRiver
pt,h0509,0.28658890358447836,scr2006,avaConv,runOfRiver
pt,h0510,0.28658890358447836,scr2006,avaConv,runOfRiver
pt,h0511,0.2797173609930736,scr2006,avaConv,runOfRiver
pt,h0512,0.27283912728552956,scr2006,avaConv,runOfRiver
pt,h0513,0.2659540283869189,scr2006,avaConv,runOfRiver
pt,h0514,0.2659540283869189,scr2006,avaConv,runOfRiver
pt,h0515,0.2659540283869189,scr2006,avaConv,runOfRiver
pt,h0516,0.2659540283869189,scr2006,avaConv,runOfRiver
pt,h0517,0.2590618811097388,scr2006,avaConv,runOfRiver
pt,h0518,0.2521624924242255,scr2006,avaConv,runOfRiver
pt,h0519,0.24525565864890672,scr2006,avaConv,runOfRiver
pt,h0520,0.24525565864890672,scr2006,avaConv,runOfRiver
pt,h0521,0.24525565864890672,scr2006,avaConv,runOfRiver
pt,h0522,0.24525565864890672,scr2006,avaConv,runOfRiver
pt,h0523,0.2711872492868277,scr2006,avaConv,runOfRiver
pt,h0524,0.2970210297593559,scr2006,avaConv,runOfRiver
pt,h0525,0.3227657955357335,scr2006,avaConv,runOfRiver
pt,h0526,0.3227657955357335,scr2006,avaConv,runOfRiver
pt,h0527,0.3227657955357335,scr2006,avaConv,runOfRiver
pt,h0528,0.3227657955357335,scr2006,avaConv,runOfRiver
pt,h0529,0.3417556944333959,scr2006,avaConv,runOfRiver
pt,h0530,0.3607035236109997,scr2006,avaConv,runOfRiver
pt,h0531,0.3796115853793268,scr2006,avaConv,runOfRiver
pt,h0532,0.3796115853793268,scr2006,avaConv,runOfRiver
pt,h0533,0.3796115853793268,scr2006,avaConv,runOfRiver
pt,h0534,0.3796115853793268,scr2006,avaConv,runOfRiver
pt,h0535,0.3269084567243932,scr2006,avaConv,runOfRiver
pt,h0536,0.27386292108680116,scr2006,avaConv,runOfRiver
pt,h0537,0.2204052894116676,scr2006,avaConv,runOfRiver
pt,h0538,0.2204052894116676,scr2006,avaConv,runOfRiver
pt,h0539,0.2204052894116676,scr2006,avaConv,runOfRiver
pt,h0540,0.2204052894116676,scr2006,avaConv,runOfRiver
pt,h0541,0.2120685448580581,scr2006,avaConv,runOfRiver
pt,h0542,0.20371899356220072,scr2006,avaConv,runOfRiver
pt,h0543,0.19535610211014384,scr2006,avaConv,runOfRiver
pt,h0544,0.19535610211014384,scr2006,avaConv,runOfRiver
pt,h0545,0.19535610211014384,scr2006,avaConv,runOfRiver
pt,h0546,0.19535610211014384,scr2006,avaConv,runOfRiver
pt,h0547,0.19090677046678334,scr2006,avaConv,runOfRiver
pt,h0548,0.18645341718699396,scr2006,avaConv,runOfRiver
pt,h0549,0.18199594532719277,scr2006,avaConv,runOfRiver
pt,h0550,0.18199594532719277,scr2006,avaConv,runOfRiver
pt,h0551,0.18199594532719277,scr2006,avaConv,runOfRiver
pt,h0552,0.18199594532719277,scr2006,avaConv,runOfRiver
ro,h0481,0.33617609496070566,scr2006,avaConv,runOfRiver
ro,h0482,0.3271782495021024,scr2006,avaConv,runOfRiver
ro,h0483,0.31818793138884593,scr2006,avaConv,runOfRiver
ro,h0484,0.31818793138884593,scr2006,avaConv,runOfRiver
ro,h0485,0.31818793138884593,scr2006,avaConv,runOfRiver
ro,h0486,0.31818793138884593,scr2006,avaConv,runOfRiver
ro,h0487,0.31764300987310967,scr2006,avaConv,runOfRiver
ro,h0488,0.3170981168483148,scr2006,avaConv,runOfRiver
ro,h0489,0.3165532523625446,scr2006,avaConv,runOfRiver
ro,h0490,0.3165532523625446,scr2006,avaConv,runOfRiver
ro,h0491,0.3165532523625446,scr2006,avaConv,runOfRiver
ro,h0492,0.3165532523625446,scr2006,avaConv,runOfRiver
ro,h0493,0.3333330857602743,scr2006,avaConv,runOfRiver
ro,h0494,0.3501386630584362,scr2006,avaConv,runOfRiver
ro,h0495,0.36696877281159224,scr2006,avaConv,runOfRiver
ro,h0496,0.36696877281159224,scr2006,avaConv,runOfRiver
ro,h0497,0.36696877281159224,scr2006,avaConv,runOfRiver
ro,h0498,0.36696877281159224,scr2006,avaConv,runOfRiver
ro,h0499,0.3642474917003077,scr2006,avaConv,runOfRiver
ro,h0500,0.361526826715726,scr2006,avaConv,runOfRiver
ro,h0501,0.35880678238693187,scr2006,avaConv,runOfRiver
ro,h0502,0.35880678238693187,scr2006,avaConv,runOfRiver
ro,h0503,0.35880678238693187,scr2006,avaConv,runOfRiver
ro,h0504,0.35880678238693187,scr2006,avaConv,runOfRiver
ro,h0505,0.34654210391371665,scr2006,avaConv,runOfRiver
ro,h0506,0.3342905966876363,scr2006,avaConv,runOfRiver
ro,h0507,0.3220527334643877,scr2006,avaConv,runOfRiver
ro,h0508,0.3220527334643877,scr2006,avaConv,runOfRiver
ro,h0509,0.3220527334643877,scr2006,avaConv,runOfRiver
ro,h0510,0.3220527334643877,scr2006,avaConv,runOfRiver
ro,h0511,0.31291825440724463,scr2006,avaConv,runOfRiver
ro,h0512,0.3037919017383768,scr2006,avaConv,runOfRiver
ro,h0513,0.29467391554528855,scr2006,avaConv,runOfRiver
ro,h0514,0.29467391554528855,scr2006,avaConv,runOfRiver
ro,h0515,0.29467391554528855,scr2006,avaConv,runOfRiver
ro,h0516,0.29467391554528855,scr2006,avaConv,runOfRiver
ro,h0517,0.29310237218544255,scr2006,avaConv,runOfRiver
ro,h0518,0.29153108653721505,scr2006,avaConv,runOfRiver
ro,h0519,0.2899600599698374,scr2006,avaConv,runOfRiver
ro,h0520,0.2899600599698374,scr2006,avaConv,runOfRiver
ro,h0521,0.2899600599698374,scr2006,avaConv,runOfRiver
ro,h0522,0.2899600599698374,scr2006,avaConv,runOfRiver
ro,h0523,0.29540047042627593,scr2006,avaConv,runOfRiver
ro,h0524,0.30084394661298464,scr2006,avaConv,runOfRiver
ro,h0525,0.30629043388299004,scr2006,avaConv,runOfRiver
ro,h0526,0.30629043388299004,scr2006,avaConv,runOfRiver
ro,h0527,0.30629043388299004,scr2006,avaConv,runOfRiver
ro,h0528,0.30629043388299004,scr2006,avaConv,runOfRiver
ro,h0529,0.30698815520542433,scr2006,avaConv,runOfRiver
ro,h0530,0.30768592493654157,scr2006,avaConv,runOfRiver
ro,h0531,0.30838374296836646,scr2006,avaConv,runOfRiver
ro,h0532,0.30838374296836646,scr2006,avaConv,runOfRiver
ro,h0533,0.30838374296836646,scr2006,avaConv,runOfRiver
ro,h0534,0.30838374296836646,scr2006,avaConv,runOfRiver
ro,h0535,0.3037028566968759,scr2006,avaConv,runOfRiver
ro,h0536,0.29902417274824455,scr2006,avaConv,runOfRiver
ro,h0537,0.29434772504240203,scr2006,avaConv,runOfRiver
ro,h0538,0.29434772504240203,scr2006,avaConv,runOfRiver
ro,h0539,0.29434772504240203,scr2006,avaConv,runOfRiver
ro,h0540,0.29434772504240203,scr2006,avaConv,runOfRiver
ro,h0541,0.28791021286693685,scr2006,avaConv,runOfRiver
ro,h0542,0.28147710478476495,scr2006,avaConv,runOfRiver
ro,h0543,0.2750485001486519,scr2006,avaConv,runOfRiver
ro,h0544,0.2750485001486519,scr2006,avaConv,runOfRiver
ro,h0545,0.2750485001486519,scr2006,avaConv,runOfRiver
ro,h0546,0.2750485001486519,scr2006,avaConv,runOfRiver
ro,h0547,0.2719369878437893,scr2006,avaConv,runOfRiver
ro,h0548,0.2688265682069352,scr2006,avaConv,runOfRiver
ro,h0549,0.2657172537485195,scr2006,avaConv,runOfRiver
ro,h0550,0.2657172537485195,scr2006,avaConv,runOfRiver
ro,h0551,0.2657172537485195,scr2006,avaConv,runOfRiver
ro,h0552,0.2657172537485195,scr2006,avaConv,runOfRiver
rs,h0481,0.37194095426716944,scr2006,avaConv,runOfRiver
rs,h0482,0.37113784403014505,scr2006,avaConv,runOfRiver
rs,h0483,0.3703359320462706,scr2006,avaConv,runOfRiver
rs,h0484,0.3703359320462706,scr2006,avaConv,runOfRiver
rs,h0485,0.3703359320462706,scr2006,avaConv,runOfRiver
rs,h0486,0.3703359320462706,scr2006,avaConv,runOfRiver
rs,h0487,0.36971384541077534,scr2006,avaConv,runOfRiver
rs,h0488,0.3690924821898099,scr2006,avaConv,runOfRiver
rs,h0489,0.36847184255579707,scr2006,avaConv,runOfRiver
rs,h0490,0.36847184255579707,scr2006,avaConv,runOfRiver
rs,h0491,0.36847184255579707,scr2006,avaConv,runOfRiver
rs,h0492,0.36847184255579707,scr2006,avaConv,runOfRiver
rs,h0493,0.36845045409702665,scr2006,avaConv,runOfRiver
rs,h0494,0.3684290664988573,scr2006,avaConv,runOfRiver
rs,h0495,0.3684076797612964,scr2006,avaConv,runOfRiver
rs,h0496,0.3684076797612964,scr2006,avaConv,runOfRiver
rs,h0497,0.3684076797612964,scr2006,avaConv,runOfRiver
rs,h0498,0.3684076797612964,scr2006,avaConv,runOfRiver
rs,h0499,0.366422475869272,scr2006,avaConv,runOfRiver
rs,h0500,0.36444472115868143,scr2006,avaConv,runOfRiver
rs,h0501,0.3624744213765706,scr2006,avaConv,runOfRiver
rs,h0502,0.3624744213765706,scr2006,avaConv,runOfRiver
rs,h0503,0.3624744213765706,scr2006,avaConv,runOfRiver
rs,h0504,0.3624744213765706,scr2006,avaConv,runOfRiver
rs,h0505,0.34973617451151895,scr2006,avaConv,runOfRiver
rs,h0506,0.33732057355130385,scr2006,avaConv,runOfRiver
rs,h0507,0.3252293441954336,scr2006,avaConv,runOfRiver
rs,h0508,0.3252293441954336,scr2006,avaConv,runOfRiver
rs,h0509,0.3252293441954336,scr2006,avaConv,runOfRiver
rs,h0510,0.3252293441954336,scr2006,avaConv,runOfRiver
rs,h0511,0.3192287845179598,scr2006,avaConv,runOfRiver
rs,h0512,0.3133121568707884,scr2006,avaConv,runOfRiver
rs,h0513,0.307479705674104,scr2006,avaConv,runOfRiver
rs,h0514,0.307479705674104,scr2006,avaConv,runOfRiver
rs,h0515,0.307479705674104,scr2006,avaConv,runOfRiver
rs,h0516,0.307479705674104,scr2006,avaConv,runOfRiver
rs,h0517,0.3370126593250462,scr2006,avaConv,runOfRiver
rs,h0518,0.36856453582168763,scr2006,avaConv,runOfRiver
rs,h0519,0.40210920024962193,scr2006,avaConv,runOfRiver
rs,h0520,0.40210920024962193,scr2006,avaConv,runOfRiver
rs,h0521,0.40210920024962193,scr2006,avaConv,runOfRiver
rs,h0522,0.40210920024962193,scr2006,avaConv,runOfRiver
rs,h0523,0.40215459021550126,scr2006,avaConv,runOfRiver
rs,h0524,0.40219998358222186,scr2006,avaConv,runOfRiver
rs,h0525,0.40224538034973173,scr2006,avaConv,runOfRiver
rs,h0526,0.40224538034973173,scr2006,avaConv,runOfRiver
rs,h0527,0.40224538034973173,scr2006,avaConv,runOfRiver
rs,h0528,0.40224538034973173,scr2006,avaConv,runOfRiver
rs,h0529,0.3783653626455184,scr2006,avaConv,runOfRiver
rs,h0530,0.35547374935385606,scr2006,avaConv,runOfRiver
rs,h0531,0.33357935894895985,scr2006,avaConv,runOfRiver
rs,h0532,0.33357935894895985,scr2006,avaConv,runOfRiver
rs,h0533,0.33357935894895985,scr2006,avaConv,runOfRiver
rs,h0534,0.33357935894895985,scr2006,avaConv,runOfRiver
rs,h0535,0.3268946712047006,scr2006,avaConv,runOfRiver
rs,h0536,0.3203100445016796,scr2006,avaConv,runOfRiver
rs,h0537,0.3138257910516594,scr2006,avaConv,runOfRiver
rs,h0538,0.3138257910516594,scr2006,avaConv,runOfRiver
rs,h0539,0.3138257910516594,scr2006,avaConv,runOfRiver
rs,h0540,0.3138257910516594,scr2006,avaConv,runOfRiver
rs,h0541,0.30869959330064534,scr2006,avaConv,runOfRiver
rs,h0542,0.3036382925241302,scr2006,avaConv,runOfRiver
rs,h0543,0.2986420594936705,scr2006,avaConv,runOfRiver
rs,h0544,0.2986420594936705,scr2006,avaConv,runOfRiver
rs,h0545,0.2986420594936705,scr2006,avaConv,runOfRiver
rs,h0546,0.2986420594936705,scr2006,avaConv,runOfRiver
rs,h0547,0.29423561623665184,scr2006,avaConv,runOfRiver
rs,h0548,0.28988132457484783,scr2006,avaConv,runOfRiver
rs,h0549,0.285579312672835,scr2006,avaConv,runOfRiver
rs,h0550,0.285579312672835,scr2006,avaConv,runOfRiver
rs,h0551,0.285579312672835,scr2006,avaConv,runOfRiver
rs,h0552,0.285579312672835,scr2006,avaConv,runOfRiver
si,h0481,0.3457144532335185,scr2006,avaConv,runOfRiver
si,h0482,0.44482623571849106,scr2006,avaConv,runOfRiver
si,h0483,0.5418305753109325,scr2006,avaConv,runOfRiver
si,h0484,0.5418305753109325,scr2006,avaConv,runOfRiver
si,h0485,0.5418305753109325,scr2006,avaConv,runOfRiver
si,h0486,0.5418305753109325,scr2006,avaConv,runOfRiver
si,h0487,0.4826030944400595,scr2006,avaConv,runOfRiver
si,h0488,0.4226546074704489,scr2006,avaConv,runOfRiver
si,h0489,0.3618747300538268,scr2006,avaConv,runOfRiver
si,h0490,0.3618747300538268,scr2006,avaConv,runOfRiver
si,h0491,0.3618747300538268,scr2006,avaConv,runOfRiver
si,h0492,0.3618747300538268,scr2006,avaConv,runOfRiver
si,h0493,0.3311423441157418,scr2006,avaConv,runOfRiver
si,h0494,0.3001428783508495,scr2006,avaConv,runOfRiver
si,h0495,0.2688483026553287,scr2006,avaConv,runOfRiver
si,h0496,0.2688483026553287,scr2006,avaConv,runOfRiver
si,h0497,0.2688483026553287,scr2006,avaConv,runOfRiver
si,h0498,0.2688483026553287,scr2006,avaConv,runOfRiver
si,h0499,0.2580627441120391,scr2006,avaConv,runOfRiver
si,h0500,0.24723709202181338,scr2006,avaConv,runOfRiver
si,h0501,0.23636964161590907,scr2006,avaConv,runOfRiver
si,h0502,0.23636964161590907,scr2006,avaConv,runOfRiver
si,h0503,0.23636964161590907,scr2006,avaConv,runOfRiver
si,h0504,0.23636964161590907,scr2006,avaConv,runOfRiver
si,h0505,0.23548660994234688,scr2006,avaConv,runOfRiver
si,h0506,0.23460329038538513,scr2006,avaConv,runOfRiver
si,h0507,0.23371968190829562,scr2006,avaConv,runOfRiver
si,h0508,0.23371968190829562,scr2006,avaConv,runOfRiver
si,h0509,0.23371968190829562,scr2006,avaConv,runOfRiver
si,h0510,0.23371968190829562,scr2006,avaConv,runOfRiver
si,h0511,0.35185703379009203,scr2006,avaConv,runOfRiver
si,h0512,0.46633869280723067,scr2006,avaConv,runOfRiver
si,h0513,0.5781241729064772,scr2006,avaConv,runOfRiver
si,h0514,0.5781241729064772,scr2006,avaConv,runOfRiver
si,h0515,0.5781241729064772,scr2006,avaConv,runOfRiver
si,h0516,0.5781241729064772,scr2006,avaConv,runOfRiver
si,h0517,0.5190380548985791,scr2006,avaConv,runOfRiver
si,h0518,0.45927984416929085,scr2006,avaConv,runOfRiver
si,h0519,0.39875430515234356,scr2006,avaConv,runOfRiver
si,h0520,0.39875430515234356,scr2006,avaConv,runOfRiver
si,h0521,0.39875430515234356,scr2006,avaConv,runOfRiver
si,h0522,0.39875430515234356,scr2006,avaConv,runOfRiver
si,h0523,0.3535465053184504,scr2006,avaConv,runOfRiver
si,h0524,0.30778919625237805,scr2006,avaConv,runOfRiver
si,h0525,0.26139839440232077,scr2006,avaConv,runOfRiver
si,h0526,0.26139839440232077,scr2006,avaConv,runOfRiver
si,h0527,0.26139839440232077,scr2006,avaConv,runOfRiver
si,h0528,0.26139839440232077,scr2006,avaConv,runOfRiver
si,h0529,0.25669959003719767,scr2006,avaConv,runOfRiver
si,h0530,0.2519931611088306,scr2006,avaConv,runOfRiver
si,h0531,0.24727896914548347,scr2006,avaConv,runOfRiver
si,h0532,0.24727896914548347,scr2006,avaConv,runOfRiver
si,h0533,0.24727896914548347,scr2006,avaConv,runOfRiver
si,h0534,0.24727896914548347,scr2006,avaConv,runOfRiver
si,h0535,0.24672055624665484,scr2006,avaConv,runOfRiver
si,h0536,0.24616203238162887,scr2006,avaConv,runOfRiver
si,h0537,0.2456033973071413,scr2006,avaConv,runOfRiver
si,h0538,0.2456033973071413,scr2006,avaConv,runOfRiver
si,h0539,0.2456033973071413,scr2006,avaConv,runOfRiver
si,h0540,0.2456033973071413,scr2006,avaConv,runOfRiver
si,h0541,0.2417597510106323,scr2006,avaConv,runOfRiver
si,h0542,0.23791075587772192,scr2006,avaConv,runOfRiver
si,h0543,0.23405632879542249,scr2006,avaConv,runOfRiver
si,h0544,0.23405632879542249,scr2006,avaConv,runOfRiver
si,h0545,0.23405632879542249,scr2006,avaConv,runOfRiver
si,h0546,0.23405632879542249,scr2006,avaConv,runOfRiver
si,h0547,0.230589651520697,scr2006,avaConv,runOfRiver
si,h0548,0.22711845926435403,scr2006,avaConv,runOfRiver
si,h0549,0.22364268642736734,scr2006,avaConv,runOfRiver
si,h0550,0.22364268642736734,scr2006,avaConv,runOfRiver
si,h0551,0.22364268642736734,scr2006,avaConv,runOfRiver
si,h0552,0.22364268642736734,scr2006,avaConv,runOfRiver
sk,h0481,0.25985151964115105,scr2006,avaConv,runOfRiver
sk,h0482,0.25985151964115105,scr2006,avaConv,runOfRiver
sk,h0483,0.25985151964115105,scr2006,avaConv,runOfRiver
sk,h0484,0.25985151964115105,scr2006,avaConv,runOfRiver
sk,h0485,0.25985151964115105,scr2006,avaConv,runOfRiver
sk,h0486,0.25985151964115105,scr2006,avaConv,runOfRiver
sk,h0487,0.2661205638033467,scr2006,avaConv,runOfRiver
sk,h0488,0.2723964589758937,scr2006,avaConv,runOfRiver
sk,h0489,0.2786790662241748,scr2006,avaConv,runOfRiver
sk,h0490,0.2786790662241748,scr2006,avaConv,runOfRiver
sk,h0491,0.2786790662241748,scr2006,avaConv,runOfRiver
sk,h0492,0.2786790662241748,scr2006,avaConv,runOfRiver
sk,h0493,0.2742605667802127,scr2006,avaConv,runOfRiver
sk,h0494,0.26984536624560485,scr2006,avaConv,runOfRiver
sk,h0495,0.265433512027503,scr2006,avaConv,runOfRiver
sk,h0496,0.265433512027503,scr2006,avaConv,runOfRiver
sk,h0497,0.265433512027503,scr2006,avaConv,runOfRiver
sk,h0498,0.265433512027503,scr2006,avaConv,runOfRiver
sk,h0499,0.2582244787703465,scr2006,avaConv,runOfRiver
sk,h0500,0.25102475195360474,scr2006,avaConv,runOfRiver
sk,h0501,0.24383456541767715,scr2006,avaConv,runOfRiver
sk,h0502,0.24383456541767715,scr2006,avaConv,runOfRiver
sk,h0503,0.24383456541767715,scr2006,avaConv,runOfRiver
sk,h0504,0.24383456541767715,scr2006,avaConv,runOfRiver
sk,h0505,0.24099872348191176,scr2006,avaConv,runOfRiver
sk,h0506,0.23816442232901713,scr2006,avaConv,runOfRiver
sk,h0507,0.23533167800568494,scr2006,avaConv,runOfRiver
sk,h0508,0.23533167800568494,scr2006,avaConv,runOfRiver
sk,h0509,0.23533167800568494,scr2006,avaConv,runOfRiver
sk,h0510,0.23533167800568494,scr2006,avaConv,runOfRiver
sk,h0511,0.24023761128543888,scr2006,avaConv,runOfRiver
sk,h0512,0.24514817705350575,scr2006,avaConv,runOfRiver
sk,h0513,0.250063293902581,scr2006,avaConv,runOfRiver
sk,h0514,0.250063293902581,scr2006,avaConv,runOfRiver
sk,h0515,0.250063293902581,scr2006,avaConv,runOfRiver
sk,h0516,0.250063293902581,scr2006,avaConv,runOfRiver
sk,h0517,0.25704046833733585,scr2006,avaConv,runOfRiver
sk,h0518,0.2640264214642849,scr2006,avaConv,runOfRiver
sk,h0519,0.2710209489719898,scr2006,avaConv,runOfRiver
sk,h0520,0.2710209489719898,scr2006,avaConv,runOfRiver
sk,h0521,0.2710209489719898,scr2006,avaConv,runOfRiver
sk,h0522,0.2710209489719898,scr2006,avaConv,runOfRiver
sk,h0523,0.2681489533624556,scr2006,avaConv,runOfRiver
sk,h0524,0.26527838269942106,scr2006,avaConv,runOfRiver
sk,h0525,0.26240925052178343,scr2006,avaConv,runOfRiver
sk,h0526,0.26240925052178343,scr2006,avaConv,runOfRiver
sk,h0527,0.26240925052178343,scr2006,avaConv,runOfRiver
sk,h0528,0.26240925052178343,scr2006,avaConv,runOfRiver
sk,h0529,0.25501606408420896,scr2006,avaConv,runOfRiver
sk,h0530,0.24763278467197938,scr2006,avaConv,runOfRiver
sk,h0531,0.24025967094273903,scr2006,avaConv,runOfRiver
sk,h0532,0.24025967094273903,scr2006,avaConv,runOfRiver
sk,h0533,0.24025967094273903,scr2006,avaConv,runOfRiver
sk,h0534,0.24025967094273903,scr2006,avaConv,runOfRiver
sk,h0535,0.23763523074030724,scr2006,avaConv,runOfRiver
sk,h0536,0.2350121282832211,scr2006,avaConv,runOfRiver
sk,h0537,0.23239037663317247,scr2006,avaConv,runOfRiver
sk,h0538,0.23239037663317247,scr2006,avaConv,runOfRiver
sk,h0539,0.23239037663317247,scr2006,avaConv,runOfRiver
sk,h0540,0.23239037663317247,scr2006,avaConv,runOfRiver
sk,h0541,0.23003416764222537,scr2006,avaConv,runOfRiver
sk,h0542,0.22767907140883578,scr2006,avaConv,runOfRiver
sk,h0543,0.22532509799183356,scr2006,avaConv,runOfRiver
sk,h0544,0.22532509799183356,scr2006,avaConv,runOfRiver
sk,h0545,0.22532509799183356,scr2006,avaConv,runOfRiver
sk,h0546,0.22532509799183356,scr2006,avaConv,runOfRiver
sk,h0547,0.22391765477075173,scr2006,avaConv,runOfRiver
sk,h0548,0.22251061913712958,scr2006,avaConv,runOfRiver
sk,h0549,0.2211039933419442,scr2006,avaConv,runOfRiver
sk,h0550,0.2211039933419442,scr2006,avaConv,runOfRiver
sk,h0551,0.2211039933419442,scr2006,avaConv,runOfRiver
sk,h0552,0.2211039933419442,scr2006,avaConv,runOfRiver
uk,h0481,0.21169266817881216,scr2006,avaConv,runOfRiver
uk,h0482,0.2143467301687387,scr2006,avaConv,runOfRiver
uk,h0483,0.21700112327382529,scr2006,avaConv,runOfRiver
uk,h0484,0.21700112327382529,scr2006,avaConv,runOfRiver
uk,h0485,0.21700112327382529,scr2006,avaConv,runOfRiver
uk,h0486,0.21700112327382529,scr2006,avaConv,runOfRiver
uk,h0487,0.292382820369245,scr2006,avaConv,runOfRiver
uk,h0488,0.3679626551479644,scr2006,avaConv,runOfRiver
uk,h0489,0.44369983079566966,scr2006,avaConv,runOfRiver
uk,h0490,0.44369983079566966,scr2006,avaConv,runOfRiver
uk,h0491,0.44369983079566966,scr2006,avaConv,runOfRiver
uk,h0492,0.44369983079566966,scr2006,avaConv,runOfRiver
uk,h0493,0.41637654751182634,scr2006,avaConv,runOfRiver
uk,h0494,0.3890712624985273,scr2006,avaConv,runOfRiver
uk,h0495,0.3617852198220618,scr2006,avaConv,runOfRiver
uk,h0496,0.3617852198220618,scr2006,avaConv,runOfRiver
uk,h0497,0.3617852198220618,scr2006,avaConv,runOfRiver
uk,h0498,0.3617852198220618,scr2006,avaConv,runOfRiver
uk,h0499,0.3460478595376425,scr2006,avaConv,runOfRiver
uk,h0500,0.330317687884629,scr2006,avaConv,runOfRiver
uk,h0501,0.3145950420676086,scr2006,avaConv,runOfRiver
uk,h0502,0.3145950420676086,scr2006,avaConv,runOfRiver
uk,h0503,0.3145950420676086,scr2006,avaConv,runOfRiver
uk,h0504,0.3145950420676086,scr2006,avaConv,runOfRiver
uk,h0505,0.28316010240299894,scr2006,avaConv,runOfRiver
uk,h0506,0.25176028762821034,scr2006,avaConv,runOfRiver
uk,h0507,0.22039993421429102,scr2006,avaConv,runOfRiver
uk,h0508,0.22039993421429102,scr2006,avaConv,runOfRiver
uk,h0509,0.22039993421429102,scr2006,avaConv,runOfRiver
uk,h0510,0.22039993421429102,scr2006,avaConv,runOfRiver
uk,h0511,0.2156648751483671,scr2006,avaConv,runOfRiver
uk,h0512,0.21093086320808374,scr2006,avaConv,runOfRiver
uk,h0513,0.20619792159906636,scr2006,avaConv,runOfRiver
uk,h0514,0.20619792159906636,scr2006,avaConv,runOfRiver
uk,h0515,0.20619792159906636,scr2006,avaConv,runOfRiver
uk,h0516,0.20619792159906636,scr2006,avaConv,runOfRiver
uk,h0517,0.224910644605215,scr2006,avaConv,runOfRiver
uk,h0518,0.2436390779617242,scr2006,avaConv,runOfRiver
uk,h0519,0.2623820269774506,scr2006,avaConv,runOfRiver
uk,h0520,0.2623820269774506,scr2006,avaConv,runOfRiver
uk,h0521,0.2623820269774506,scr2006,avaConv,runOfRiver
uk,h0522,0.2623820269774506,scr2006,avaConv,runOfRiver
uk,h0523,0.28360041019823273,scr2006,avaConv,runOfRiver
uk,h0524,0.3048347839115935,scr2006,avaConv,runOfRiver
uk,h0525,0.3260840481508628,scr2006,avaConv,runOfRiver
uk,h0526,0.3260840481508628,scr2006,avaConv,runOfRiver
uk,h0527,0.3260840481508628,scr2006,avaConv,runOfRiver
uk,h0528,0.3260840481508628,scr2006,avaConv,runOfRiver
uk,h0529,0.32122316813686475,scr2006,avaConv,runOfRiver
uk,h0530,0.31636302721295173,scr2006,avaConv,runOfRiver
uk,h0531,0.3115036365620256,scr2006,avaConv,runOfRiver
uk,h0532,0.3115036365620256,scr2006,avaConv,runOfRiver
uk,h0533,0.3115036365620256,scr2006,avaConv,runOfRiver
uk,h0534,0.3115036365620256,scr2006,avaConv,runOfRiver
uk,h0535,0.300069497958586,scr2006,avaConv,runOfRiver
uk,h0536,0.28863973861273357,scr2006,avaConv,runOfRiver
uk,h0537,0.2772145294353252,scr2006,avaConv,runOfRiver
uk,h0538,0.2772145294353252,scr2006,avaConv,runOfRiver
uk,h0539,0.2772145294353252,scr2006,avaConv,runOfRiver
uk,h0540,0.2772145294353252,scr2006,avaConv,runOfRiver
uk,h0541,0.26148573760318555,scr2006,avaConv,runOfRiver
uk,h0542,0.24576646412158018,scr2006,avaConv,runOfRiver
uk,h0543,0.23005730992524323,scr2006,avaConv,runOfRiver
uk,h0544,0.23005730992524323,scr2006,avaConv,runOfRiver
uk,h0545,0.23005730992524323,scr2006,avaConv,runOfRiver
uk,h0546,0.23005730992524323,scr2006,avaConv,runOfRiver
uk,h0547,0.20587820649565938,scr2006,avaConv,runOfRiver
uk,h0548,0.18172775144420292,scr2006,avaConv,runOfRiver
uk,h0549,0.1576097249598122,scr2006,avaConv,runOfRiver
uk,h0550,0.1576097249598122,scr2006,avaConv,runOfRiver
uk,h0551,0.1576097249598122,scr2006,avaConv,runOfRiver
uk,h0552,0.1576097249598122,scr2006,avaConv,runOfRiver
